{"agent_id": "agent-red-1186", "type": "red", "trips": [{"trip_id": 0, "transport_method": "bicycle", "start_time": 0, "path": [[1.520672, 42.5029982], [1.5203273, 42.5028016], [1.5199961, 42.5029873], [1.5196622, 42.503211], [1.5193283, 42.5034348], [1.5189705, 42.5035976], [1.5185692, 42.5036202], [1.5181678, 42.5036404], [1.5177664, 42.5036606], [1.517365, 42.5036808], [1.5169635, 42.5036964], [1.5165634, 42.5036677], [1.516191, 42.5035206], [1.5158563, 42.5032986], [1.5155325, 42.5030609], [1.5151925, 42.5028466], [1.5148516, 42.5026337], [1.5144963, 42.5024658], [1.5140998, 42.5023998], [1.5137494, 42.5022136], [1.5134816, 42.5019156], [1.5132206, 42.5016169], [1.5128449, 42.5016328], [1.5126035, 42.5013115], [1.5123621, 42.5009902], [1.5121207, 42.5006688], [1.5118793, 42.5003475], [1.5116362, 42.5000275], [1.5113867, 42.4997124], [1.5111371, 42.4993974], [1.5108876, 42.4990823], [1.510638, 42.4987673], [1.510385, 42.4984553], [1.5100745, 42.4982032], [1.5097172, 42.4980195], [1.5093587, 42.4978378], [1.5089975, 42.4976616], [1.5086353, 42.4974874], [1.5082731, 42.4973132], [1.5079092, 42.4971431], [1.5075336, 42.497], [1.5071567, 42.4968605], [1.506778, 42.4967259], [1.5063993, 42.4965914], [1.5060205, 42.4964571], [1.505638, 42.4963337], [1.5052555, 42.4962103], [1.5048813, 42.4960648], [1.5045281, 42.495873], [1.504175, 42.4956811], [1.5038041, 42.4955308], [1.5034212, 42.4954089], [1.5030429, 42.4952744], [1.5026789, 42.4951045], [1.502318, 42.4949276], [1.5019554, 42.4947544], [1.5015913, 42.4945843], [1.5012256, 42.4944178], [1.5008623, 42.4942458], [1.5005868, 42.4940028], [1.5003579, 42.493682], [1.5000465, 42.4934283], [1.4997319, 42.4931783], [1.4994086, 42.4929404], [1.4990623, 42.4927368], [1.4987047, 42.4925534], [1.4983488, 42.4923667], [1.4979936, 42.4921787], [1.4976449, 42.4919789], [1.4973043, 42.4917656], [1.4969706, 42.4915418], [1.4966352, 42.4913203], [1.4963856, 42.4910614], [1.4966239, 42.4911635], [1.4966973, 42.4909488], [1.4967886, 42.4905631], [1.496834, 42.4901699], [1.496813, 42.4897931], [1.496681, 42.4894136], [1.4964575, 42.4890913]], "mood_vectors": [[0.6676, 0.0627, 0.0362, 0.0993, 0.0858, 0.03, 0.0183], [0.7093, 0.0746, 0.0746, 0.0374, 0.0196, 0.0347, 0.0498], [0.7551, 0.0148, 0.0361, 0.0393, 0.0329, 0.0447, 0.077], [0.6886, 0.0573, 0.0234, 0.0363, 0.0801, 0.0494, 0.0648], [0.7567, 0.0813, 0.0457, 0.0366, 0.022, 0.0345, 0.0232], [0.6132, 0.0424, 0.0294, 0.0783, 0.0899, 0.096, 0.0508], [0.6026, 0.0635, 0.046, 0.09, 0.0723, 0.0579, 0.0676], [0.6058, 0.0704, 0.046, 0.0378, 0.0717, 0.0772, 0.091], [0.6777, 0.0659, 0.074, 0.0447, 0.0565, 0.0618, 0.0194], [0.771, 0.0365, 0.0355, 0.0733, 0.0285, 0.034, 0.0212], [0.6145, 0.0598, 0.0656, 0.0242, 0.0829, 0.0681, 0.085], [0.6689, 0.0685, 0.0448, 0.0704, 0.0318, 0.0532, 0.0623], [0.7321, 0.0173, 0.0217, 0.0534, 0.0307, 0.0728, 0.072], [0.6962, 0.046, 0.0297, 0.0527, 0.0708, 0.0405, 0.064], [0.6594, 0.0533, 0.0765, 0.0589, 0.0409, 0.0452, 0.0658], [0.6649, 0.0591, 0.0536, 0.029, 0.0743, 0.0898, 0.0294], [0.69, 0.0378, 0.0564, 0.0921, 0.0453, 0.0269, 0.0515], [0.7356, 0.0731, 0.0491, 0.0119, 0.0352, 0.0543, 0.0407], [0.6881, 0.0408, 0.0708, 0.075, 0.0463, 0.0398, 0.0392], [0.7553, 0.0567, 0.028, 0.0352, 0.0532, 0.0418, 0.0298], [0.6874, 0.071, 0.0134, 0.0451, 0.067, 0.0375, 0.0785], [0.7342, 0.0401, 0.0721, 0.0599, 0.0248, 0.0209, 0.048], [0.7368, 0.0145, 0.0728, 0.0215, 0.0721, 0.0154, 0.0669], [0.7057, 0.0272, 0.069, 0.0402, 0.0836, 0.0281, 0.0463], [0.7113, 0.0432, 0.0239, 0.0226, 0.0701, 0.078, 0.051], [0.7005, 0.056, 0.0338, 0.0792, 0.0627, 0.0128, 0.0549], [0.6995, 0.0489, 0.0272, 0.0329, 0.0603, 0.0716, 0.0597], [0.7943, 0.0294, 0.0181, 0.0232, 0.0573, 0.0604, 0.0172], [0.6789, 0.0458, 0.0412, 0.0642, 0.0639, 0.0666, 0.0393], [0.7408, 0.0616, 0.0729, 0.035, 0.0181, 0.0162, 0.0554], [0.755, 0.0768, 0.0234, 0.0567, 0.0551, 0.0165, 0.0164], [0.6415, 0.094, 0.0637, 0.0381, 0.0748, 0.0326, 0.0553], [0.754, 0.0626, 0.062, 0.0299, 0.0364, 0.0197, 0.0354], [0.6979, 0.0577, 0.0482, 0.0647, 0.019, 0.0739, 0.0385], [0.6404, 0.0855, 0.0744, 0.0815, 0.0767, 0.0291, 0.0124], [0.6888, 0.0472, 0.0578, 0.0763, 0.0618, 0.0417, 0.0265], [0.7352, 0.0648, 0.0723, 0.0815, 0.0163, 0.0165, 0.0134], [0.7455, 0.0631, 0.0228, 0.0344, 0.05, 0.0248, 0.0594], [0.64, 0.092, 0.0269, 0.0692, 0.0867, 0.0309, 0.0544], [0.66, 0.0645, 0.071, 0.0158, 0.0655, 0.0333, 0.09], [0.7294, 0.0519, 0.0512, 0.03, 0.0492, 0.0166, 0.0716], [0.7223, 0.0621, 0.0442, 0.0729, 0.0162, 0.039, 0.0432], [0.7611, 0.0369, 0.0373, 0.018, 0.0423, 0.0897, 0.0146], [0.7245, 0.0678, 0.062, 0.0264, 0.0156, 0.0226, 0.0811], [0.7368, 0.0449, 0.0352, 0.0532, 0.0729, 0.0341, 0.0229], [0.6991, 0.0842, 0.0205, 0.057, 0.0646, 0.0193, 0.0554], [0.7088, 0.0803, 0.018, 0.0551, 0.0203, 0.0763, 0.0412], [0.7536, 0.0727, 0.0178, 0.066, 0.0143, 0.0578, 0.0176], [0.7066, 0.0637, 0.0449, 0.0322, 0.0811, 0.0232, 0.0484], [0.7514, 0.0392, 0.0198, 0.0845, 0.013, 0.0652, 0.0268], [0.6854, 0.0471, 0.0646, 0.0202, 0.0591, 0.0729, 0.0507], [0.7176, 0.0283, 0.0695, 0.06, 0.0433, 0.0518, 0.0294], [0.7167, 0.0501, 0.0816, 0.0463, 0.0502, 0.0166, 0.0386], [0.7158, 0.0496, 0.0793, 0.0209, 0.0643, 0.0227, 0.0474], [0.6831, 0.0328, 0.0704, 0.0275, 0.0598, 0.0621, 0.0642], [0.6049, 0.083, 0.0474, 0.0863, 0.0495, 0.0549, 0.074], [0.6835, 0.0189, 0.0871, 0.0701, 0.0335, 0.0463, 0.0606], [0.7108, 0.068, 0.0411, 0.087, 0.0245, 0.0424, 0.0262], [0.6878, 0.0227, 0.0772, 0.0666, 0.0434, 0.0184, 0.0839], [0.7038, 0.0768, 0.0387, 0.0259, 0.0638, 0.0635, 0.0275], [0.7173, 0.0223, 0.078, 0.0564, 0.0446, 0.0435, 0.0378], [0.7083, 0.041, 0.0755, 0.0429, 0.0126, 0.051, 0.0687], [0.7072, 0.0364, 0.049, 0.0511, 0.0436, 0.0728, 0.0399], [0.7549, 0.0327, 0.0575, 0.0685, 0.025, 0.037, 0.0244], [0.6838, 0.0542, 0.0736, 0.0747, 0.0217, 0.0524, 0.0396], [0.6048, 0.0586, 0.0834, 0.0672, 0.0717, 0.0334, 0.081], [0.7347, 0.0146, 0.0455, 0.0878, 0.0438, 0.0513, 0.0222], [0.6854, 0.0736, 0.0215, 0.048, 0.0532, 0.0607, 0.0576], [0.6059, 0.093, 0.0935, 0.0794, 0.0414, 0.0416, 0.0453], [0.6824, 0.0694, 0.0187, 0.0732, 0.0778, 0.0153, 0.0633], [0.6156, 0.0725, 0.0302, 0.0783, 0.0792, 0.0695, 0.0547], [0.6869, 0.0791, 0.0438, 0.063, 0.05, 0.0366, 0.0406], [0.6913, 0.076, 0.0215, 0.0676, 0.0764, 0.0304, 0.0368], [0.7307, 0.0511, 0.0745, 0.0719, 0.0126, 0.0421, 0.0173], [0.7194, 0.037, 0.0587, 0.0635, 0.0231, 0.0437, 0.0547], [0.7562, 0.0408, 0.0757, 0.0129, 0.0153, 0.0584, 0.0408], [0.6764, 0.038, 0.0486, 0.0347, 0.0881, 0.023, 0.0913], [0.8044, 0.065, 0.0316, 0.0281, 0.0288, 0.015, 0.0271], [0.6856, 0.0332, 0.0729, 0.0643, 0.0715, 0.0464, 0.0262], [0.7163, 0.0178, 0.0647, 0.0573, 0.0485, 0.0269, 0.0686]], "emotions": ["red", "red", "red", "red", "red", "red", "red", "red", "red", "red", "red", "red", "red", "red", "red", "red", "red", "red", "red", "red", "red", "red", "red", "red", "red", "red", "red", "red", "red", "red", "red", "red", "red", "red", "red", "red", "red", "red", "red", "red", "red", "red", "red", "red", "red", "red", "red", "red", "red", "red", "red", "red", "red", "red", "red", "red", "red", "red", "red", "red", "red", "red", "red", "red", "red", "red", "red", "red", "red", "red", "red", "red", "red", "red", "red", "red", "red", "red", "red", "red"], "timestamps": [0, 40, 80, 120, 160, 200, 240, 280, 320, 360, 400, 440, 480, 520, 560, 600, 640, 680, 720, 760, 800, 840, 880, 920, 960, 1000, 1040, 1080, 1120, 1160, 1200, 1240, 1280, 1320, 1360, 1400, 1440, 1480, 1520, 1560, 1600, 1640, 1680, 1720, 1760, 1800, 1840, 1880, 1920, 1960, 2000, 2040, 2080, 2120, 2160, 2200, 2240, 2280, 2320, 2360, 2400, 2440, 2480, 2520, 2560, 2600, 2640, 2680, 2720, 2760, 2800, 2840, 2880, 2920, 2960, 3000, 3040, 3080, 3120, 3160]}], "conversation": [], "conversation_timestamps": []}