{"agent_id": "agent-blue-1345", "type": "blue", "trips": [{"trip_id": 0, "transport_method": "bus", "start_time": 0, "path": [[1.4966224, 42.461135], [1.4976205, 42.4614991], [1.4987011, 42.4617692], [1.4998399, 42.4618545], [1.5008635, 42.4622749], [1.50192, 42.4626209], [1.5029823, 42.4629135], [1.5032832, 42.4635982], [1.5026621, 42.4642088], [1.5016777, 42.4647818], [1.5006364, 42.4651807], [1.4995801, 42.4649074], [1.4986398, 42.4645324], [1.4975678, 42.4645351], [1.4966738, 42.4647775], [1.4956722, 42.4642486], [1.4955421, 42.4644125], [1.4948576, 42.4653278], [1.4939782, 42.4659797], [1.4928661, 42.466201], [1.4920066, 42.4669382], [1.4915692, 42.4678344], [1.4918861, 42.4689296], [1.492029, 42.4700478], [1.4916299, 42.4711115], [1.4910907, 42.4721192], [1.4905905, 42.4731444], [1.4906226, 42.4742585], [1.4908343, 42.4753633], [1.4906726, 42.4764571], [1.4904595, 42.4775652], [1.4902805, 42.478694], [1.4901016, 42.4798228], [1.4899227, 42.4809517], [1.4897015, 42.4818196], [1.4894571, 42.4807149], [1.4894046, 42.4795812], [1.4898955, 42.4785597], [1.4904567, 42.477565], [1.490629, 42.4764929], [1.4905402, 42.4776239], [1.4904499, 42.4787632], [1.4903596, 42.4799025], [1.4902694, 42.4810419], [1.4901791, 42.4821812], [1.4905096, 42.4832271], [1.491023, 42.484236], [1.4919661, 42.4847589], [1.4925449, 42.485703], [1.492975, 42.4867611], [1.4935166, 42.4877671], [1.4940746, 42.4887646], [1.4946336, 42.4897614], [1.4950863, 42.490795], [1.4959264, 42.4915566], [1.4967807, 42.4923158], [1.497646, 42.493051], [1.4984078, 42.4938503], [1.4988433, 42.4947146], [1.4990866, 42.4955707], [1.5000967, 42.4961051], [1.5010414, 42.4966876], [1.5021061, 42.4970616], [1.5031181, 42.4975874], [1.5041505, 42.4980768], [1.5051985, 42.4985328], [1.5062179, 42.4990484], [1.5072507, 42.4995378], [1.5082592, 42.5000619], [1.5092899, 42.5005555], [1.5091729, 42.5004996], [1.5099886, 42.5008751], [1.5110259, 42.5013548], [1.5104781, 42.5011312], [1.5108226, 42.5013463], [1.5117798, 42.5017719], [1.5122797, 42.5021446], [1.5131861, 42.5028354], [1.513938, 42.5036786], [1.5147989, 42.5044291]], "mood_vectors": [[0.0779, 0.0734, 0.037, 0.678, 0.0382, 0.0463, 0.0493], [0.0565, 0.0581, 0.0767, 0.693, 0.0539, 0.0303, 0.0315], [0.0784, 0.0355, 0.0512, 0.7164, 0.016, 0.0475, 0.055], [0.0667, 0.0258, 0.0428, 0.7416, 0.0247, 0.0368, 0.0617], [0.0349, 0.0181, 0.0332, 0.8328, 0.0241, 0.0406, 0.0162], [0.0549, 0.0233, 0.0429, 0.7331, 0.0239, 0.0828, 0.0391], [0.0659, 0.0707, 0.0799, 0.6778, 0.0598, 0.0246, 0.0214], [0.042, 0.0439, 0.0562, 0.7077, 0.0299, 0.0276, 0.0927], [0.0327, 0.0444, 0.0244, 0.7439, 0.0752, 0.0522, 0.0271], [0.1093, 0.0502, 0.0178, 0.6547, 0.0589, 0.0777, 0.0315], [0.0208, 0.0294, 0.0674, 0.6971, 0.0606, 0.0739, 0.051], [0.0799, 0.0328, 0.049, 0.6714, 0.0437, 0.0917, 0.0316], [0.0186, 0.0747, 0.0643, 0.7145, 0.0511, 0.0312, 0.0456], [0.0411, 0.0827, 0.0478, 0.6963, 0.0689, 0.0228, 0.0405], [0.0368, 0.0605, 0.0495, 0.7075, 0.0311, 0.0425, 0.0721], [0.0513, 0.0394, 0.0466, 0.688, 0.0509, 0.0526, 0.0712], [0.0691, 0.0701, 0.0537, 0.6686, 0.0603, 0.0246, 0.0536], [0.0291, 0.0165, 0.0419, 0.7584, 0.058, 0.067, 0.0291], [0.0578, 0.0631, 0.0823, 0.6424, 0.0892, 0.0206, 0.0447], [0.0446, 0.0384, 0.042, 0.7368, 0.0696, 0.029, 0.0396], [0.0498, 0.0533, 0.0525, 0.6916, 0.0323, 0.0539, 0.0666], [0.0143, 0.0775, 0.0675, 0.6732, 0.0345, 0.0735, 0.0596], [0.0569, 0.0453, 0.0739, 0.7005, 0.0152, 0.0748, 0.0335], [0.059, 0.0382, 0.0684, 0.6979, 0.0516, 0.0706, 0.0143], [0.0259, 0.057, 0.0659, 0.6846, 0.0511, 0.0733, 0.042], [0.0548, 0.0234, 0.0363, 0.7449, 0.0368, 0.0387, 0.0651], [0.0816, 0.0369, 0.0944, 0.6992, 0.0224, 0.0249, 0.0408], [0.0304, 0.0957, 0.0866, 0.6659, 0.0295, 0.0208, 0.071], [0.0217, 0.0795, 0.0162, 0.7755, 0.0726, 0.0155, 0.019], [0.0332, 0.0902, 0.0685, 0.6109, 0.0848, 0.0426, 0.0699], [0.0682, 0.0256, 0.0745, 0.678, 0.0379, 0.0678, 0.048], [0.0979, 0.0454, 0.0619, 0.6939, 0.0177, 0.0521, 0.0311], [0.0149, 0.0118, 0.0775, 0.7425, 0.0614, 0.0386, 0.0534], [0.0625, 0.0112, 0.0624, 0.7398, 0.0583, 0.0355, 0.0302], [0.0162, 0.0673, 0.0633, 0.7597, 0.0173, 0.0394, 0.0369], [0.0552, 0.0569, 0.0311, 0.6919, 0.0641, 0.0241, 0.0768], [0.0469, 0.0296, 0.0689, 0.6864, 0.0692, 0.0281, 0.0708], [0.0631, 0.026, 0.0386, 0.7135, 0.0402, 0.0626, 0.0559], [0.0201, 0.0395, 0.0763, 0.7032, 0.0458, 0.0377, 0.0775], [0.0803, 0.0683, 0.0323, 0.6808, 0.0202, 0.0797, 0.0384], [0.0164, 0.0487, 0.0261, 0.7558, 0.0641, 0.0156, 0.0734], [0.0508, 0.0131, 0.0575, 0.7653, 0.0165, 0.0575, 0.0392], [0.0419, 0.0714, 0.0395, 0.6326, 0.0968, 0.0385, 0.0792], [0.0761, 0.0597, 0.083, 0.6535, 0.0167, 0.0775, 0.0335], [0.0192, 0.0658, 0.0897, 0.7015, 0.0607, 0.0272, 0.036], [0.0671, 0.0599, 0.045, 0.7085, 0.02, 0.0682, 0.0312], [0.0298, 0.0416, 0.061, 0.6863, 0.0897, 0.0214, 0.0702], [0.0386, 0.0476, 0.0823, 0.7069, 0.0234, 0.0639, 0.0373], [0.0206, 0.0229, 0.0174, 0.8428, 0.0308, 0.0454, 0.0201], [0.0639, 0.0242, 0.0805, 0.7144, 0.0699, 0.0186, 0.0286], [0.0902, 0.0163, 0.0216, 0.6879, 0.0806, 0.0378, 0.0656], [0.0136, 0.0348, 0.0371, 0.7689, 0.0298, 0.0675, 0.0483], [0.0691, 0.0332, 0.0816, 0.6905, 0.0683, 0.0361, 0.0211], [0.0422, 0.0551, 0.0701, 0.6602, 0.067, 0.0643, 0.0411], [0.0394, 0.0761, 0.0572, 0.6562, 0.0811, 0.0266, 0.0634], [0.0478, 0.0229, 0.0802, 0.6528, 0.0508, 0.0835, 0.062], [0.0484, 0.0582, 0.045, 0.7587, 0.0228, 0.0453, 0.0217], [0.0846, 0.0606, 0.0542, 0.6599, 0.0656, 0.0201, 0.055], [0.0628, 0.0692, 0.0643, 0.6311, 0.0395, 0.0835, 0.0496], [0.0595, 0.0308, 0.0271, 0.7318, 0.0305, 0.047, 0.0733], [0.0435, 0.0114, 0.0711, 0.7002, 0.0627, 0.0542, 0.0569], [0.0279, 0.0472, 0.0537, 0.7072, 0.059, 0.0675, 0.0374], [0.0549, 0.0286, 0.0608, 0.6596, 0.0613, 0.0789, 0.0558], [0.0724, 0.0142, 0.0627, 0.7143, 0.0233, 0.0741, 0.039], [0.0429, 0.0317, 0.0254, 0.7493, 0.0631, 0.0459, 0.0418], [0.014, 0.0528, 0.0703, 0.7306, 0.0496, 0.067, 0.0157], [0.0451, 0.0387, 0.025, 0.7453, 0.0342, 0.0703, 0.0414], [0.0165, 0.0415, 0.0725, 0.7447, 0.0396, 0.0302, 0.055], [0.0119, 0.0588, 0.0334, 0.7489, 0.0685, 0.0128, 0.0657], [0.0799, 0.0403, 0.0305, 0.6925, 0.0188, 0.0505, 0.0876], [0.0837, 0.0441, 0.0168, 0.7416, 0.0291, 0.0166, 0.068], [0.0887, 0.0701, 0.0774, 0.6538, 0.0298, 0.0249, 0.0553], [0.0453, 0.0652, 0.062, 0.6768, 0.0567, 0.0676, 0.0265], [0.0144, 0.0638, 0.0279, 0.7209, 0.0743, 0.0674, 0.0313], [0.0302, 0.0821, 0.018, 0.7877, 0.0247, 0.0188, 0.0385], [0.0684, 0.0359, 0.0294, 0.7563, 0.0132, 0.0536, 0.0432], [0.0995, 0.0684, 0.0238, 0.686, 0.0365, 0.0241, 0.0617], [0.0498, 0.0683, 0.0443, 0.7155, 0.028, 0.0527, 0.0414], [0.0588, 0.0244, 0.0331, 0.7661, 0.0691, 0.0182, 0.0303], [0.0788, 0.0835, 0.0557, 0.6224, 0.0626, 0.0808, 0.0161]], "emotions": ["green", "green", "green", "green", "green", "green", "green", "green", "green", "green", "green", "green", "green", "green", "green", "green", "green", "green", "green", "green", "green", "green", "green", "green", "green", "green", "green", "green", "green", "green", "green", "green", "green", "green", "green", "green", "green", "green", "green", "green", "green", "green", "green", "green", "green", "green", "green", "green", "green", "green", "green", "green", "green", "green", "green", "green", "green", "green", "green", "green", "green", "green", "green", "green", "green", "green", "green", "green", "green", "green", "green", "green", "green", "green", "green", "green", "green", "green", "green", "green"], "timestamps": [0, 40, 80, 120, 160, 200, 240, 280, 320, 360, 400, 440, 480, 520, 560, 600, 640, 680, 720, 760, 800, 840, 880, 920, 960, 1000, 1040, 1080, 1120, 1160, 1200, 1240, 1280, 1320, 1360, 1400, 1440, 1480, 1520, 1560, 1600, 1640, 1680, 1720, 1760, 1800, 1840, 1880, 1920, 1960, 2000, 2040, 2080, 2120, 2160, 2200, 2240, 2280, 2320, 2360, 2400, 2440, 2480, 2520, 2560, 2600, 2640, 2680, 2720, 2760, 2800, 2840, 2880, 2920, 2960, 3000, 3040, 3080, 3120, 3160]}], "conversation": [], "conversation_timestamps": []}