{"agent_id": "agent-red-166", "type": "red", "trips": [{"trip_id": 0, "transport_method": "bus", "start_time": 0, "path": [[1.645179, 42.5794947], [1.6442093, 42.5796294], [1.6417617, 42.5794954], [1.6393972, 42.5789927], [1.6369965, 42.5788046], [1.6350028, 42.5782939], [1.6370442, 42.5788192], [1.6346527, 42.5782704], [1.6322266, 42.578278], [1.6298407, 42.5783039], [1.6275214, 42.5777553], [1.6254314, 42.5767174], [1.6268154, 42.5776317], [1.6247551, 42.5763034], [1.6224086, 42.5756155], [1.6203653, 42.5743596], [1.6181254, 42.5735192], [1.6159613, 42.5727697], [1.6136084, 42.5720771], [1.611266, 42.571569], [1.6088502, 42.571447], [1.6069266, 42.5708055], [1.6050613, 42.5700784], [1.6036914, 42.5683321], [1.6014806, 42.5673375], [1.6005819, 42.566235], [1.6006471, 42.5666658], [1.5988711, 42.5650826], [1.5967023, 42.5645579], [1.5943936, 42.5637587], [1.593655, 42.5618291], [1.5937548, 42.5596209], [1.5925963, 42.5577523], [1.5916545, 42.5560217], [1.5905655, 42.5541703], [1.5915293, 42.5521984], [1.5920402, 42.5498326], [1.5921246, 42.5475981], [1.5914843, 42.5453425], [1.5915777, 42.5430281], [1.592389, 42.5408373], [1.591782, 42.5385388], [1.5898521, 42.5371669], [1.5883376, 42.5354003], [1.5880178, 42.5352595], [1.5859508, 42.5339561], [1.5848954, 42.533167], [1.5828995, 42.5317834], [1.5804553, 42.5317419], [1.5780033, 42.5317854], [1.5755728, 42.5314692], [1.5735968, 42.5301234], [1.5742548, 42.5309913], [1.5735057, 42.5300478], [1.5713484, 42.5293869], [1.5695463, 42.5280307], [1.571188, 42.5292838], [1.5691458, 42.5279235], [1.5678815, 42.5270905], [1.5682624, 42.5272474], [1.5662385, 42.5258617], [1.5639744, 42.5250024], [1.5619811, 42.5237032], [1.5599995, 42.5222957], [1.5581154, 42.5207724], [1.5569308, 42.5194815], [1.5566197, 42.5192503], [1.5552115, 42.5179986], [1.5538757, 42.5169456], [1.5539845, 42.5170261], [1.5527838, 42.5149276], [1.5516252, 42.5130827], [1.5495864, 42.5117994], [1.5472088, 42.5111959], [1.5463296, 42.5101162], [1.5443713, 42.5093028], [1.5419858, 42.5088879], [1.5397721, 42.5095248], [1.5373279, 42.5093506], [1.5353469, 42.5087477]], "mood_vectors": [[0.7228, 0.0457, 0.0227, 0.0676, 0.0367, 0.0793, 0.0252], [0.7355, 0.0518, 0.0172, 0.1041, 0.0248, 0.0489, 0.0177], [0.6743, 0.0829, 0.0526, 0.0292, 0.0872, 0.0166, 0.0573], [0.6963, 0.0642, 0.0211, 0.0651, 0.084, 0.0127, 0.0566], [0.6916, 0.051, 0.0341, 0.0673, 0.0527, 0.0705, 0.0326], [0.5878, 0.0838, 0.0877, 0.0625, 0.0818, 0.0619, 0.0345], [0.7157, 0.0619, 0.0394, 0.0499, 0.0514, 0.0368, 0.0447], [0.6794, 0.1026, 0.0174, 0.0977, 0.0433, 0.0402, 0.0194], [0.8065, 0.0249, 0.023, 0.0376, 0.0402, 0.0304, 0.0373], [0.7141, 0.0399, 0.0817, 0.0262, 0.0624, 0.0435, 0.0322], [0.771, 0.0342, 0.0227, 0.0287, 0.0327, 0.062, 0.0487], [0.69, 0.0238, 0.0775, 0.0708, 0.0227, 0.0764, 0.0388], [0.7009, 0.0532, 0.0641, 0.0617, 0.066, 0.0293, 0.0247], [0.7218, 0.0337, 0.0599, 0.0433, 0.0817, 0.028, 0.0316], [0.7398, 0.0416, 0.0288, 0.0766, 0.0486, 0.0117, 0.0529], [0.7521, 0.039, 0.0124, 0.0649, 0.0548, 0.0158, 0.0609], [0.7629, 0.0543, 0.0416, 0.0472, 0.0302, 0.0362, 0.0276], [0.6856, 0.0382, 0.0521, 0.0473, 0.0466, 0.0667, 0.0635], [0.764, 0.0711, 0.0196, 0.0401, 0.0386, 0.0226, 0.0439], [0.6537, 0.0509, 0.0513, 0.0733, 0.0821, 0.0542, 0.0345], [0.7208, 0.0195, 0.0515, 0.044, 0.07, 0.0621, 0.0321], [0.6344, 0.0974, 0.0563, 0.0474, 0.0277, 0.0904, 0.0463], [0.7273, 0.0937, 0.0266, 0.0215, 0.02, 0.0171, 0.0938], [0.6893, 0.04, 0.0204, 0.0595, 0.0769, 0.0839, 0.0301], [0.7062, 0.046, 0.0321, 0.0178, 0.0493, 0.0828, 0.0658], [0.7504, 0.0491, 0.0523, 0.0544, 0.0221, 0.0385, 0.0332], [0.7569, 0.0158, 0.0251, 0.0712, 0.0176, 0.0299, 0.0834], [0.7828, 0.0276, 0.0413, 0.037, 0.0444, 0.0431, 0.0237], [0.6974, 0.0173, 0.0431, 0.0664, 0.0708, 0.0597, 0.0452], [0.6, 0.0632, 0.0842, 0.0512, 0.0914, 0.0517, 0.0584], [0.6574, 0.0716, 0.0227, 0.0654, 0.0609, 0.0538, 0.0684], [0.7181, 0.0542, 0.0563, 0.0629, 0.0265, 0.064, 0.0181], [0.7017, 0.0642, 0.0145, 0.0672, 0.0433, 0.0299, 0.0792], [0.7054, 0.0517, 0.0694, 0.0533, 0.0309, 0.0147, 0.0747], [0.6552, 0.0188, 0.0698, 0.0807, 0.0721, 0.0526, 0.0508], [0.6998, 0.0826, 0.0415, 0.0231, 0.0309, 0.0851, 0.0369], [0.648, 0.0369, 0.0654, 0.0899, 0.0886, 0.0241, 0.0471], [0.6528, 0.0638, 0.0761, 0.0743, 0.0618, 0.0574, 0.0138], [0.7178, 0.0611, 0.0199, 0.0757, 0.0793, 0.0223, 0.0239], [0.6571, 0.0862, 0.087, 0.0259, 0.06, 0.0225, 0.0614], [0.6753, 0.0592, 0.0498, 0.0664, 0.0483, 0.0437, 0.0573], [0.7204, 0.0698, 0.0508, 0.0521, 0.0423, 0.0357, 0.0289], [0.6685, 0.0357, 0.0222, 0.0688, 0.0543, 0.0918, 0.0587], [0.6249, 0.031, 0.0658, 0.0409, 0.0678, 0.0829, 0.0867], [0.7473, 0.0306, 0.0492, 0.0569, 0.0601, 0.0283, 0.0276], [0.7682, 0.0709, 0.0295, 0.0173, 0.0389, 0.0446, 0.0306], [0.7277, 0.0504, 0.049, 0.0179, 0.0518, 0.0506, 0.0526], [0.7226, 0.0692, 0.0751, 0.026, 0.0491, 0.0253, 0.0327], [0.6085, 0.0555, 0.0418, 0.0748, 0.0889, 0.0514, 0.079], [0.6787, 0.0659, 0.031, 0.0645, 0.0417, 0.0751, 0.0432], [0.7568, 0.0576, 0.0309, 0.0152, 0.0502, 0.0687, 0.0206], [0.7489, 0.0619, 0.0335, 0.0285, 0.0175, 0.0406, 0.069], [0.7045, 0.0582, 0.0581, 0.0609, 0.0674, 0.0197, 0.0311], [0.7555, 0.0719, 0.0612, 0.0214, 0.0177, 0.0408, 0.0314], [0.6966, 0.0767, 0.0493, 0.0401, 0.0473, 0.0322, 0.0578], [0.7137, 0.0472, 0.05, 0.0271, 0.047, 0.0361, 0.0789], [0.7498, 0.0192, 0.0573, 0.019, 0.035, 0.0866, 0.0332], [0.7865, 0.0398, 0.0484, 0.0546, 0.0219, 0.0147, 0.0342], [0.7344, 0.0293, 0.0943, 0.0278, 0.0177, 0.0608, 0.0358], [0.7339, 0.0231, 0.0596, 0.0533, 0.0213, 0.0525, 0.0563], [0.6369, 0.0793, 0.0552, 0.038, 0.0633, 0.051, 0.0763], [0.6943, 0.0819, 0.0443, 0.0469, 0.0783, 0.0266, 0.0278], [0.6611, 0.0618, 0.0755, 0.0603, 0.0303, 0.048, 0.063], [0.6201, 0.079, 0.0653, 0.0612, 0.0539, 0.0352, 0.0852], [0.67, 0.0148, 0.0563, 0.0772, 0.0683, 0.0348, 0.0786], [0.7107, 0.0677, 0.0651, 0.0716, 0.0233, 0.047, 0.0145], [0.7128, 0.0712, 0.0722, 0.0645, 0.0107, 0.0136, 0.0551], [0.6588, 0.0427, 0.0494, 0.0725, 0.052, 0.0588, 0.0658], [0.7659, 0.0661, 0.0268, 0.0285, 0.0584, 0.0274, 0.0269], [0.6818, 0.0545, 0.0254, 0.0618, 0.0714, 0.0469, 0.0581], [0.652, 0.1052, 0.042, 0.0194, 0.0551, 0.0647, 0.0616], [0.7349, 0.0249, 0.0311, 0.0571, 0.0659, 0.067, 0.019], [0.6703, 0.025, 0.0347, 0.083, 0.0197, 0.0848, 0.0825], [0.6814, 0.0523, 0.0662, 0.0472, 0.0551, 0.0612, 0.0365], [0.7889, 0.0698, 0.0278, 0.0144, 0.0565, 0.0214, 0.0211], [0.7277, 0.0727, 0.072, 0.0226, 0.0419, 0.0232, 0.0398], [0.7475, 0.0355, 0.0211, 0.1123, 0.0302, 0.0221, 0.0312], [0.7554, 0.0156, 0.0627, 0.0177, 0.0591, 0.0155, 0.074], [0.6838, 0.0639, 0.0357, 0.0167, 0.0449, 0.0581, 0.0968], [0.6993, 0.0847, 0.0295, 0.0826, 0.029, 0.0541, 0.0207]], "emotions": ["red", "red", "red", "red", "red", "red", "red", "red", "red", "red", "red", "red", "red", "red", "red", "red", "red", "red", "red", "red", "red", "red", "red", "red", "red", "red", "red", "red", "red", "red", "red", "red", "red", "red", "red", "red", "red", "red", "red", "red", "red", "red", "red", "red", "red", "red", "red", "red", "red", "red", "red", "red", "red", "red", "red", "red", "red", "red", "red", "red", "red", "red", "red", "red", "red", "red", "red", "red", "red", "red", "red", "red", "red", "red", "red", "red", "red", "red", "red", "red"], "timestamps": [0, 40, 80, 120, 160, 200, 240, 280, 320, 360, 400, 440, 480, 520, 560, 600, 640, 680, 720, 760, 800, 840, 880, 920, 960, 1000, 1040, 1080, 1120, 1160, 1200, 1240, 1280, 1320, 1360, 1400, 1440, 1480, 1520, 1560, 1600, 1640, 1680, 1720, 1760, 1800, 1840, 1880, 1920, 1960, 2000, 2040, 2080, 2120, 2160, 2200, 2240, 2280, 2320, 2360, 2400, 2440, 2480, 2520, 2560, 2600, 2640, 2680, 2720, 2760, 2800, 2840, 2880, 2920, 2960, 3000, 3040, 3080, 3120, 3160]}], "conversation": [], "conversation_timestamps": []}