{"agent_id": "agent-red-356", "type": "red", "trips": [{"trip_id": 0, "transport_method": "foot", "start_time": 0, "path": [[1.5831312, 42.535909], [1.5828773, 42.5363562], [1.5819587, 42.5355468], [1.5810773, 42.5346974], [1.5802708, 42.5337579], [1.5796742, 42.5334046], [1.5784271, 42.5329995], [1.5771198, 42.5328308], [1.5766227, 42.5327437], [1.5778855, 42.5329502], [1.57659, 42.5327031], [1.5752945, 42.5324559], [1.5750429, 42.5324437], [1.5759011, 42.5325174], [1.5747146, 42.5319415], [1.5735281, 42.5313656], [1.5733892, 42.531593], [1.5740696, 42.5321515], [1.5731372, 42.5312187], [1.5722731, 42.5302304], [1.5713048, 42.5293582], [1.57025, 42.5285665], [1.5697451, 42.5281614], [1.570847, 42.528886], [1.5708368, 42.5290499], [1.5697391, 42.5283187], [1.5686415, 42.5275876], [1.5675438, 42.5268564], [1.5685958, 42.5274269], [1.5685488, 42.5274396], [1.5674536, 42.5267048], [1.5663711, 42.5259521], [1.5651868, 42.5253804], [1.5639552, 42.5249895], [1.5627364, 42.5245082], [1.5618334, 42.5235585], [1.5607904, 42.5227546], [1.5597384, 42.5220169], [1.5586656, 42.5212727], [1.557703, 42.5203715], [1.5568108, 42.5194382], [1.556418, 42.5189217], [1.5565662, 42.5190833], [1.5559007, 42.5186399], [1.5553908, 42.5180665], [1.5548719, 42.5178215], [1.5538815, 42.5169506], [1.5543813, 42.5175811], [1.5538712, 42.5168909], [1.5533135, 42.5157223], [1.5527001, 42.5145803], [1.5523163, 42.5134303], [1.5511905, 42.5127594], [1.5501374, 42.5120104], [1.5488832, 42.5116111], [1.5476012, 42.5113019], [1.5464545, 42.5107436], [1.5464124, 42.5099446], [1.5456985, 42.5094993], [1.5444097, 42.5093044], [1.5431464, 42.5089742], [1.5418577, 42.5089309], [1.5407037, 42.5094492], [1.5395553, 42.5100585], [1.5387283, 42.5108537], [1.5377955, 42.511675], [1.5366614, 42.5122994], [1.5354455, 42.5127543], [1.5346888, 42.5121547], [1.5347053, 42.5125066], [1.5336976, 42.5117071], [1.5328145, 42.510877], [1.5315606, 42.5104687], [1.530301, 42.5102337], [1.5295414, 42.5105017], [1.5283206, 42.5100246], [1.5270803, 42.5097225], [1.5258463, 42.5093656], [1.5258629, 42.5089852], [1.5270885, 42.5094371]], "mood_vectors": [[0.6262, 0.0751, 0.0895, 0.0137, 0.0587, 0.0541, 0.0826], [0.647, 0.048, 0.0586, 0.0764, 0.0404, 0.034, 0.0956], [0.6823, 0.0931, 0.0828, 0.0247, 0.0159, 0.015, 0.0862], [0.7684, 0.0274, 0.0407, 0.0398, 0.032, 0.0741, 0.0176], [0.7873, 0.0611, 0.0244, 0.0539, 0.038, 0.0164, 0.0188], [0.7603, 0.0539, 0.0419, 0.016, 0.0806, 0.0239, 0.0234], [0.653, 0.0768, 0.0292, 0.026, 0.0779, 0.0582, 0.0789], [0.7654, 0.0421, 0.0152, 0.0605, 0.0178, 0.0386, 0.0605], [0.6686, 0.0602, 0.0698, 0.0383, 0.0603, 0.065, 0.0378], [0.6986, 0.0582, 0.0202, 0.091, 0.0399, 0.058, 0.0341], [0.7435, 0.0397, 0.0164, 0.0216, 0.0893, 0.0639, 0.0256], [0.6048, 0.051, 0.0731, 0.076, 0.0829, 0.0435, 0.0686], [0.6513, 0.0709, 0.0604, 0.079, 0.0283, 0.0379, 0.0722], [0.6758, 0.0266, 0.0923, 0.0658, 0.0143, 0.0839, 0.0414], [0.6888, 0.0161, 0.084, 0.0614, 0.0179, 0.0684, 0.0634], [0.6993, 0.0767, 0.0598, 0.0476, 0.0446, 0.0305, 0.0415], [0.6706, 0.0378, 0.0884, 0.0522, 0.0484, 0.0855, 0.0172], [0.6931, 0.0608, 0.0202, 0.0637, 0.0644, 0.0254, 0.0724], [0.6676, 0.0763, 0.0927, 0.0587, 0.022, 0.05, 0.0327], [0.698, 0.0654, 0.0416, 0.0612, 0.0725, 0.0323, 0.029], [0.6787, 0.0808, 0.0141, 0.0535, 0.0618, 0.019, 0.0921], [0.6314, 0.0248, 0.0609, 0.0778, 0.0561, 0.0595, 0.0895], [0.652, 0.0567, 0.0831, 0.0209, 0.0707, 0.0511, 0.0655], [0.6799, 0.0265, 0.0449, 0.0734, 0.076, 0.0428, 0.0564], [0.6949, 0.0472, 0.0543, 0.0626, 0.0288, 0.0495, 0.0629], [0.6509, 0.0853, 0.0988, 0.017, 0.0695, 0.0188, 0.0598], [0.7778, 0.0211, 0.0357, 0.0751, 0.0176, 0.0201, 0.0525], [0.6359, 0.0992, 0.0211, 0.0527, 0.048, 0.065, 0.0781], [0.7177, 0.04, 0.0646, 0.0266, 0.0686, 0.0325, 0.0502], [0.7576, 0.0167, 0.0188, 0.075, 0.0511, 0.062, 0.0188], [0.7676, 0.0197, 0.0323, 0.0354, 0.061, 0.0185, 0.0655], [0.699, 0.0728, 0.0246, 0.0365, 0.0492, 0.0493, 0.0687], [0.686, 0.0488, 0.0357, 0.0697, 0.0197, 0.0401, 0.1], [0.6738, 0.097, 0.0202, 0.0188, 0.0967, 0.0705, 0.0231], [0.7267, 0.0164, 0.0769, 0.0244, 0.0293, 0.0744, 0.052], [0.6942, 0.0282, 0.0503, 0.0465, 0.0932, 0.0431, 0.0444], [0.6501, 0.08, 0.0249, 0.0461, 0.0928, 0.071, 0.035], [0.7305, 0.0427, 0.0156, 0.086, 0.0439, 0.0499, 0.0313], [0.7055, 0.0473, 0.0482, 0.063, 0.0675, 0.0416, 0.0268], [0.7616, 0.0174, 0.0198, 0.0477, 0.0156, 0.0743, 0.0636], [0.7797, 0.0238, 0.0321, 0.0399, 0.0532, 0.0498, 0.0215], [0.7568, 0.056, 0.049, 0.0509, 0.0369, 0.0175, 0.0328], [0.6307, 0.0571, 0.0658, 0.0679, 0.0689, 0.0439, 0.0657], [0.7007, 0.0909, 0.0628, 0.0286, 0.0163, 0.0249, 0.076], [0.7398, 0.0424, 0.0662, 0.0684, 0.0143, 0.0542, 0.0148], [0.6993, 0.0353, 0.0325, 0.0639, 0.0785, 0.0392, 0.0513], [0.7532, 0.021, 0.0308, 0.0606, 0.0404, 0.0362, 0.0579], [0.6944, 0.0348, 0.0554, 0.0348, 0.0777, 0.0506, 0.0523], [0.7018, 0.0403, 0.0533, 0.0815, 0.0431, 0.0659, 0.0141], [0.6542, 0.0328, 0.0713, 0.0845, 0.08, 0.0442, 0.033], [0.6873, 0.0839, 0.0166, 0.0451, 0.0683, 0.0266, 0.0721], [0.6846, 0.051, 0.0471, 0.0565, 0.0535, 0.0599, 0.0474], [0.7319, 0.0336, 0.032, 0.0536, 0.0162, 0.0762, 0.0565], [0.6951, 0.048, 0.0575, 0.0733, 0.0248, 0.0209, 0.0805], [0.7799, 0.0179, 0.0324, 0.0819, 0.0588, 0.0163, 0.0126], [0.7455, 0.041, 0.0852, 0.0296, 0.0469, 0.0371, 0.0147], [0.6022, 0.0772, 0.0574, 0.0729, 0.0749, 0.0383, 0.0772], [0.6264, 0.0901, 0.0495, 0.0927, 0.0212, 0.0507, 0.0693], [0.6804, 0.054, 0.0246, 0.0295, 0.0612, 0.0691, 0.0812], [0.6918, 0.0145, 0.054, 0.0561, 0.0154, 0.0699, 0.0983], [0.7758, 0.0517, 0.024, 0.0207, 0.0214, 0.0791, 0.0273], [0.7088, 0.0284, 0.0674, 0.0589, 0.0791, 0.0246, 0.0328], [0.7868, 0.0273, 0.0244, 0.054, 0.0179, 0.0437, 0.0458], [0.705, 0.0444, 0.0296, 0.0738, 0.0422, 0.0177, 0.0872], [0.7039, 0.0792, 0.0396, 0.0222, 0.0863, 0.0238, 0.045], [0.672, 0.0256, 0.0618, 0.0329, 0.0763, 0.0375, 0.094], [0.6564, 0.0412, 0.0794, 0.0428, 0.0825, 0.0259, 0.0718], [0.7065, 0.0367, 0.0367, 0.0637, 0.0405, 0.0563, 0.0597], [0.6964, 0.0433, 0.0713, 0.0585, 0.0477, 0.0107, 0.0721], [0.7644, 0.0447, 0.0348, 0.0648, 0.0235, 0.0533, 0.0145], [0.6177, 0.0826, 0.0798, 0.0761, 0.0576, 0.0245, 0.0617], [0.7422, 0.0204, 0.0584, 0.038, 0.0742, 0.0418, 0.0249], [0.713, 0.0142, 0.0232, 0.0898, 0.0703, 0.0223, 0.0673], [0.7202, 0.0479, 0.0467, 0.0529, 0.0374, 0.0597, 0.0352], [0.6843, 0.0825, 0.0839, 0.0365, 0.0137, 0.0155, 0.0835], [0.6754, 0.0357, 0.0746, 0.0619, 0.0286, 0.0801, 0.0436], [0.7619, 0.0487, 0.028, 0.0728, 0.0574, 0.0125, 0.0186], [0.6652, 0.0555, 0.0497, 0.0597, 0.0636, 0.0632, 0.0431], [0.7127, 0.0681, 0.0152, 0.0373, 0.0489, 0.0869, 0.031], [0.7621, 0.0187, 0.0258, 0.0387, 0.0913, 0.0355, 0.0279]], "emotions": ["red", "red", "red", "red", "red", "red", "red", "red", "red", "red", "red", "red", "red", "red", "red", "red", "red", "red", "red", "red", "red", "red", "red", "red", "red", "red", "red", "red", "red", "red", "red", "red", "red", "red", "red", "red", "red", "red", "red", "red", "red", "red", "red", "red", "red", "red", "red", "red", "red", "red", "red", "red", "red", "red", "red", "red", "red", "red", "red", "red", "red", "red", "red", "red", "red", "red", "red", "red", "red", "red", "red", "red", "red", "red", "red", "red", "red", "red", "red", "red"], "timestamps": [0, 40, 80, 120, 160, 200, 240, 280, 320, 360, 400, 440, 480, 520, 560, 600, 640, 680, 720, 760, 800, 840, 880, 920, 960, 1000, 1040, 1080, 1120, 1160, 1200, 1240, 1280, 1320, 1360, 1400, 1440, 1480, 1520, 1560, 1600, 1640, 1680, 1720, 1760, 1800, 1840, 1880, 1920, 1960, 2000, 2040, 2080, 2120, 2160, 2200, 2240, 2280, 2320, 2360, 2400, 2440, 2480, 2520, 2560, 2600, 2640, 2680, 2720, 2760, 2800, 2840, 2880, 2920, 2960, 3000, 3040, 3080, 3120, 3160]}], "conversation": [], "conversation_timestamps": []}