{"agent_id": "agent-green-1467", "type": "green", "trips": [{"trip_id": 0, "transport_method": "foot", "start_time": 0, "path": [[1.5130102, 42.5484786], [1.5133759, 42.5478048], [1.5133967, 42.5477234], [1.5136717, 42.5469771], [1.5138216, 42.5467565], [1.5140816, 42.5464636], [1.5147012, 42.5459803], [1.5149978, 42.5455107], [1.5150035, 42.5454087], [1.5154493, 42.5447284], [1.5159951, 42.5441263], [1.5165829, 42.5435573], [1.5171124, 42.5429545], [1.5175192, 42.5422475], [1.5180929, 42.5417016], [1.5188482, 42.5413822], [1.5193899, 42.5408417], [1.519395, 42.5400784], [1.5194676, 42.5392616], [1.5193493, 42.539487], [1.5194028, 42.540011], [1.5194858, 42.5391952], [1.5195689, 42.5383794], [1.519868, 42.5376173], [1.5202122, 42.536876], [1.5207334, 42.5362533], [1.5213019, 42.5357334], [1.5206906, 42.5351905], [1.5200937, 42.5346288], [1.5195378, 42.5340294], [1.5196707, 42.5332581], [1.5196899, 42.5324519], [1.5196046, 42.5316595], [1.5197674, 42.5308558], [1.5197326, 42.5312113], [1.5195824, 42.5317146], [1.5196785, 42.5309003], [1.5196845, 42.5301256], [1.5203454, 42.5296855], [1.5206604, 42.5289454], [1.5204389, 42.5281693], [1.519973, 42.527499], [1.5202163, 42.5267587], [1.5205804, 42.5260397], [1.5206153, 42.5252207], [1.5207568, 42.5244233], [1.5212167, 42.5237469], [1.5217084, 42.5230952], [1.5220032, 42.5223342], [1.5226042, 42.5217878], [1.5232352, 42.5212729], [1.5236451, 42.5205635], [1.5239409, 42.5198067], [1.5243276, 42.5191351], [1.5249833, 42.5186429], [1.5256222, 42.5181296], [1.5262563, 42.5176143], [1.5270136, 42.5173002], [1.5277585, 42.5169574], [1.528452, 42.5165832], [1.5292123, 42.5165759], [1.5299003, 42.5161304], [1.530611, 42.5157488], [1.5312704, 42.5152672], [1.5318835, 42.5147253], [1.5324936, 42.5141939], [1.5332366, 42.5138664], [1.5339861, 42.5135827], [1.5340104, 42.5135828], [1.5346165, 42.5130462], [1.5353828, 42.5127644], [1.5361448, 42.5125216], [1.536862, 42.5121424], [1.5375723, 42.5117641], [1.5383164, 42.5114278], [1.5388963, 42.5108607], [1.539224, 42.5101931], [1.5399647, 42.5098619], [1.5406689, 42.5094736], [1.5408815, 42.508693]], "mood_vectors": [[0.0687, 0.0514, 0.0635, 0.0497, 0.0165, 0.0507, 0.6995], [0.0311, 0.0165, 0.0802, 0.0219, 0.0757, 0.0488, 0.7257], [0.0406, 0.0528, 0.0465, 0.0248, 0.0535, 0.0364, 0.7453], [0.0284, 0.0438, 0.0554, 0.0424, 0.0624, 0.0466, 0.7211], [0.0383, 0.0462, 0.073, 0.0871, 0.0129, 0.0381, 0.7044], [0.0511, 0.0299, 0.0311, 0.0715, 0.0319, 0.0962, 0.6884], [0.0384, 0.0359, 0.0323, 0.0771, 0.08, 0.0322, 0.7042], [0.0643, 0.0657, 0.0162, 0.0178, 0.0709, 0.0585, 0.7066], [0.0463, 0.0674, 0.017, 0.0542, 0.0482, 0.0675, 0.6995], [0.0199, 0.0326, 0.0726, 0.0297, 0.0507, 0.0663, 0.7282], [0.0269, 0.0677, 0.0551, 0.0374, 0.0319, 0.0815, 0.6995], [0.0354, 0.0452, 0.0641, 0.0185, 0.0339, 0.0522, 0.7508], [0.0549, 0.0563, 0.0594, 0.0235, 0.0522, 0.0615, 0.6921], [0.0372, 0.0747, 0.0587, 0.0381, 0.0192, 0.0382, 0.7339], [0.052, 0.051, 0.0325, 0.0322, 0.0683, 0.0158, 0.7481], [0.0204, 0.0274, 0.0792, 0.0702, 0.0163, 0.0263, 0.7601], [0.0483, 0.07, 0.0317, 0.0355, 0.0841, 0.0289, 0.7014], [0.0869, 0.0176, 0.0927, 0.0662, 0.0813, 0.0726, 0.5828], [0.0537, 0.028, 0.0118, 0.0617, 0.0266, 0.074, 0.7443], [0.0648, 0.0473, 0.033, 0.011, 0.0394, 0.06, 0.7446], [0.0683, 0.048, 0.0409, 0.0472, 0.0707, 0.0205, 0.7045], [0.0484, 0.0731, 0.043, 0.0594, 0.0742, 0.0234, 0.6785], [0.063, 0.0303, 0.059, 0.048, 0.0282, 0.0552, 0.7163], [0.054, 0.0414, 0.0754, 0.0567, 0.0603, 0.0247, 0.6875], [0.0731, 0.0619, 0.0411, 0.0695, 0.0382, 0.0539, 0.6624], [0.0747, 0.085, 0.0495, 0.0491, 0.0533, 0.0757, 0.6127], [0.0456, 0.0668, 0.0848, 0.0134, 0.0171, 0.0901, 0.6822], [0.0626, 0.0802, 0.0519, 0.028, 0.0199, 0.0221, 0.7353], [0.0516, 0.0449, 0.014, 0.079, 0.078, 0.0161, 0.7164], [0.0378, 0.0521, 0.0222, 0.0666, 0.0891, 0.0585, 0.6737], [0.0743, 0.072, 0.0362, 0.0409, 0.0487, 0.0711, 0.6569], [0.0297, 0.0846, 0.0204, 0.0305, 0.0596, 0.0226, 0.7526], [0.0421, 0.0642, 0.0285, 0.0424, 0.0486, 0.0719, 0.7023], [0.0793, 0.0654, 0.0372, 0.0171, 0.0253, 0.0199, 0.7559], [0.0439, 0.0832, 0.0881, 0.04, 0.0564, 0.0408, 0.6478], [0.0665, 0.0413, 0.0182, 0.0767, 0.0263, 0.0286, 0.7423], [0.0313, 0.0518, 0.0204, 0.0492, 0.057, 0.0646, 0.7257], [0.0399, 0.0464, 0.0776, 0.0445, 0.0546, 0.0732, 0.6638], [0.0419, 0.0437, 0.031, 0.0322, 0.0787, 0.0386, 0.7339], [0.0147, 0.0277, 0.0423, 0.0166, 0.0952, 0.0831, 0.7204], [0.0873, 0.0335, 0.0301, 0.0245, 0.0375, 0.0464, 0.7408], [0.0526, 0.0402, 0.0609, 0.0568, 0.0567, 0.038, 0.6947], [0.0668, 0.0767, 0.0163, 0.0248, 0.0327, 0.047, 0.7356], [0.0369, 0.0841, 0.0362, 0.078, 0.0258, 0.0247, 0.7143], [0.0865, 0.0146, 0.0824, 0.0828, 0.0328, 0.0358, 0.665], [0.0747, 0.0553, 0.0242, 0.0586, 0.057, 0.0433, 0.6868], [0.0618, 0.0533, 0.0778, 0.035, 0.0749, 0.0464, 0.6509], [0.0439, 0.0349, 0.0643, 0.0462, 0.0606, 0.0606, 0.6895], [0.0219, 0.075, 0.0632, 0.0888, 0.0527, 0.0667, 0.6316], [0.051, 0.0151, 0.0462, 0.0251, 0.0444, 0.0698, 0.7483], [0.0166, 0.0174, 0.0249, 0.0851, 0.0872, 0.0231, 0.7457], [0.0414, 0.0397, 0.0189, 0.0416, 0.0206, 0.0408, 0.797], [0.0581, 0.0791, 0.0497, 0.0466, 0.0165, 0.0491, 0.701], [0.0657, 0.0888, 0.0354, 0.0178, 0.0194, 0.0965, 0.6765], [0.0563, 0.0542, 0.0356, 0.0531, 0.0341, 0.0563, 0.7104], [0.0767, 0.0754, 0.0233, 0.0424, 0.0639, 0.0221, 0.6962], [0.0415, 0.0239, 0.0723, 0.0382, 0.0288, 0.0286, 0.7668], [0.0413, 0.0499, 0.0355, 0.0684, 0.0328, 0.0393, 0.7329], [0.0847, 0.019, 0.0286, 0.039, 0.0302, 0.0466, 0.752], [0.0769, 0.0598, 0.0992, 0.0551, 0.0768, 0.025, 0.6072], [0.0171, 0.0544, 0.0578, 0.0578, 0.0714, 0.0229, 0.7186], [0.0828, 0.0285, 0.0203, 0.052, 0.0205, 0.0722, 0.7236], [0.071, 0.0356, 0.0528, 0.0688, 0.0593, 0.071, 0.6414], [0.0461, 0.0534, 0.0238, 0.0864, 0.0306, 0.0353, 0.7245], [0.0847, 0.0655, 0.0362, 0.0256, 0.0475, 0.0412, 0.6994], [0.0233, 0.0587, 0.0643, 0.0624, 0.0734, 0.0389, 0.6789], [0.0854, 0.0844, 0.027, 0.0729, 0.0371, 0.0604, 0.6329], [0.0579, 0.0267, 0.0691, 0.0636, 0.0414, 0.0637, 0.6776], [0.0157, 0.0834, 0.0137, 0.087, 0.059, 0.0808, 0.6604], [0.0303, 0.0602, 0.0455, 0.0318, 0.061, 0.0498, 0.7214], [0.0498, 0.0222, 0.0568, 0.064, 0.0753, 0.0124, 0.7195], [0.0701, 0.041, 0.0707, 0.0674, 0.0274, 0.017, 0.7064], [0.0654, 0.0436, 0.0387, 0.0146, 0.0727, 0.0154, 0.7498], [0.0693, 0.0471, 0.068, 0.0727, 0.0377, 0.0306, 0.6747], [0.0521, 0.0426, 0.0701, 0.0587, 0.0426, 0.0169, 0.7169], [0.0488, 0.052, 0.047, 0.0521, 0.0604, 0.0517, 0.6881], [0.0514, 0.0536, 0.0213, 0.0641, 0.0568, 0.026, 0.7268], [0.0307, 0.0638, 0.0625, 0.0462, 0.0626, 0.0777, 0.6565], [0.0739, 0.0174, 0.0455, 0.0377, 0.0346, 0.0552, 0.7356], [0.0401, 0.0272, 0.0652, 0.0422, 0.0564, 0.0407, 0.7282]], "emotions": ["purple", "purple", "purple", "purple", "purple", "purple", "purple", "purple", "purple", "purple", "purple", "purple", "purple", "purple", "purple", "purple", "purple", "purple", "purple", "purple", "purple", "purple", "purple", "purple", "purple", "purple", "purple", "purple", "purple", "purple", "purple", "purple", "purple", "purple", "purple", "purple", "purple", "purple", "purple", "purple", "purple", "purple", "purple", "purple", "purple", "purple", "purple", "purple", "purple", "purple", "purple", "purple", "purple", "purple", "purple", "purple", "purple", "purple", "purple", "purple", "purple", "purple", "purple", "purple", "purple", "purple", "purple", "purple", "purple", "purple", "purple", "purple", "purple", "purple", "purple", "purple", "purple", "purple", "purple", "purple"], "timestamps": [0, 40, 80, 120, 160, 200, 240, 280, 320, 360, 400, 440, 480, 520, 560, 600, 640, 680, 720, 760, 800, 840, 880, 920, 960, 1000, 1040, 1080, 1120, 1160, 1200, 1240, 1280, 1320, 1360, 1400, 1440, 1480, 1520, 1560, 1600, 1640, 1680, 1720, 1760, 1800, 1840, 1880, 1920, 1960, 2000, 2040, 2080, 2120, 2160, 2200, 2240, 2280, 2320, 2360, 2400, 2440, 2480, 2520, 2560, 2600, 2640, 2680, 2720, 2760, 2800, 2840, 2880, 2920, 2960, 3000, 3040, 3080, 3120, 3160]}], "conversation": [], "conversation_timestamps": []}