{"agent_id": "agent-red-1226", "type": "red", "trips": [{"trip_id": 0, "transport_method": "foot", "start_time": 0, "path": [[1.5195424, 42.5078198], [1.5197775, 42.5077981], [1.519816, 42.5075628], [1.5199333, 42.5074233], [1.5201848, 42.5074038], [1.5204325, 42.507411], [1.5206685, 42.5074951], [1.5209207, 42.507503], [1.5211729, 42.5075109], [1.5214251, 42.5075188], [1.5216769, 42.507515], [1.5218769, 42.5076345], [1.5220686, 42.5077222], [1.5223137, 42.5077189], [1.522565, 42.5077407], [1.5228164, 42.5077626], [1.5230678, 42.5077845], [1.5232993, 42.5078212], [1.5235506, 42.5077996], [1.5238024, 42.5077821], [1.5240544, 42.5077727], [1.5243062, 42.5077845], [1.5245542, 42.5078309], [1.5247982, 42.5078941], [1.5250407, 42.507964], [1.5252831, 42.5080339], [1.5255257, 42.5081035], [1.5257592, 42.5081983], [1.5260093, 42.5082316], [1.5262555, 42.5082861], [1.5265041, 42.5083294], [1.5267553, 42.5083518], [1.5270075, 42.5083589], [1.5272598, 42.5083615], [1.5275108, 42.5083796], [1.5277466, 42.5084682], [1.5279786, 42.5085674], [1.52821, 42.5086679], [1.5284366, 42.508779], [1.5286802, 42.5088423], [1.5289263, 42.5088978], [1.5291735, 42.5089487], [1.5289739, 42.508888], [1.5289525, 42.5089078], [1.5291975, 42.5089682], [1.5294425, 42.5090286], [1.5296875, 42.5090889], [1.52993, 42.5091582], [1.5301683, 42.509241], [1.5304068, 42.5093234], [1.5306458, 42.5093527], [1.5308836, 42.5094073], [1.53112, 42.5094955], [1.5313554, 42.5095862], [1.5315912, 42.5096763], [1.5318293, 42.5097596], [1.5320684, 42.5098401], [1.5323075, 42.5098775], [1.5325449, 42.5099541], [1.5327963, 42.5099748], [1.5330476, 42.5099967], [1.5332987, 42.5100212], [1.5335325, 42.5101129], [1.5337611, 42.5102194], [1.5339848, 42.5103361], [1.5342085, 42.5104528], [1.5344323, 42.5105695], [1.534656, 42.5106861], [1.5348797, 42.5108028], [1.5350564, 42.5109763], [1.5352508, 42.5111355], [1.5354596, 42.5112739], [1.5356867, 42.5113839], [1.5359225, 42.5114703], [1.5361382, 42.5115885], [1.5363064, 42.5117757], [1.5364673, 42.5119698], [1.5366768, 42.5120801], [1.5369235, 42.5120463], [1.5371355, 42.511911]], "mood_vectors": [[0.6797, 0.071, 0.0108, 0.0706, 0.0255, 0.0714, 0.071], [0.7136, 0.0425, 0.0705, 0.0776, 0.039, 0.0371, 0.0197], [0.6738, 0.0491, 0.035, 0.0647, 0.0785, 0.0254, 0.0734], [0.6689, 0.0154, 0.0424, 0.0354, 0.084, 0.0833, 0.0706], [0.7484, 0.0608, 0.0621, 0.0528, 0.0412, 0.0171, 0.0177], [0.6956, 0.0165, 0.0455, 0.0493, 0.0637, 0.0567, 0.0727], [0.7668, 0.0519, 0.0121, 0.0212, 0.0593, 0.0428, 0.0459], [0.6708, 0.0235, 0.085, 0.0349, 0.0732, 0.0577, 0.0548], [0.6782, 0.0829, 0.0683, 0.0951, 0.0346, 0.0166, 0.0243], [0.6583, 0.037, 0.0711, 0.0383, 0.0564, 0.0998, 0.0391], [0.6797, 0.0299, 0.0767, 0.0726, 0.0282, 0.0511, 0.0618], [0.7322, 0.0495, 0.0556, 0.0416, 0.0269, 0.0657, 0.0285], [0.6972, 0.0753, 0.0477, 0.0538, 0.0472, 0.0517, 0.0271], [0.6859, 0.0646, 0.077, 0.0223, 0.0162, 0.0919, 0.042], [0.7566, 0.0409, 0.0165, 0.0583, 0.0578, 0.021, 0.0488], [0.7245, 0.0351, 0.034, 0.0829, 0.0239, 0.0172, 0.0825], [0.7008, 0.0805, 0.0174, 0.0373, 0.0644, 0.0186, 0.0809], [0.6924, 0.0673, 0.0204, 0.0346, 0.0512, 0.0764, 0.0577], [0.7037, 0.0362, 0.0298, 0.023, 0.0778, 0.0742, 0.0553], [0.675, 0.043, 0.0553, 0.0601, 0.0548, 0.0742, 0.0376], [0.7021, 0.0252, 0.0577, 0.0611, 0.0746, 0.0386, 0.0407], [0.6262, 0.0402, 0.0538, 0.0898, 0.0784, 0.0302, 0.0813], [0.7871, 0.0389, 0.0286, 0.0209, 0.023, 0.0728, 0.0287], [0.7235, 0.0662, 0.0692, 0.0261, 0.0697, 0.0236, 0.0217], [0.6888, 0.0303, 0.074, 0.0302, 0.072, 0.0472, 0.0575], [0.6766, 0.0746, 0.0724, 0.0475, 0.0271, 0.0406, 0.0611], [0.5799, 0.0925, 0.0447, 0.0673, 0.0706, 0.0738, 0.0714], [0.673, 0.0471, 0.0378, 0.0759, 0.0613, 0.0536, 0.0514], [0.7493, 0.0487, 0.0345, 0.0299, 0.0339, 0.0322, 0.0716], [0.796, 0.0157, 0.0276, 0.0449, 0.0807, 0.0185, 0.0166], [0.6988, 0.0543, 0.0517, 0.0417, 0.0306, 0.0682, 0.0547], [0.6952, 0.0214, 0.0541, 0.0701, 0.073, 0.0437, 0.0425], [0.7274, 0.0487, 0.0854, 0.043, 0.0634, 0.0177, 0.0144], [0.6519, 0.0413, 0.0714, 0.0438, 0.0731, 0.0356, 0.0829], [0.687, 0.0699, 0.0729, 0.0555, 0.0265, 0.0211, 0.067], [0.6175, 0.0785, 0.0691, 0.0748, 0.0567, 0.0271, 0.0763], [0.7775, 0.0266, 0.0426, 0.0817, 0.0283, 0.0187, 0.0245], [0.6967, 0.02, 0.014, 0.078, 0.0751, 0.0497, 0.0664], [0.7072, 0.0309, 0.0568, 0.0544, 0.0285, 0.057, 0.0653], [0.6688, 0.0223, 0.0622, 0.0661, 0.0489, 0.0754, 0.0563], [0.695, 0.0716, 0.0523, 0.0411, 0.0638, 0.0559, 0.0203], [0.684, 0.0626, 0.0166, 0.0712, 0.0708, 0.0507, 0.0442], [0.6593, 0.0776, 0.0605, 0.0539, 0.0596, 0.0403, 0.0488], [0.7295, 0.0541, 0.0396, 0.0109, 0.0709, 0.0228, 0.0723], [0.6319, 0.0597, 0.0816, 0.0824, 0.0349, 0.0772, 0.0324], [0.6368, 0.079, 0.0776, 0.0444, 0.0801, 0.016, 0.066], [0.6941, 0.0341, 0.0285, 0.063, 0.1056, 0.0264, 0.0484], [0.6722, 0.0164, 0.0274, 0.0642, 0.0482, 0.0892, 0.0824], [0.6863, 0.0505, 0.0241, 0.05, 0.0517, 0.0658, 0.0715], [0.673, 0.0827, 0.0235, 0.0511, 0.0848, 0.0696, 0.0153], [0.7406, 0.0715, 0.037, 0.0331, 0.0301, 0.0142, 0.0734], [0.7637, 0.0354, 0.0246, 0.0503, 0.0329, 0.0599, 0.0333], [0.67, 0.0617, 0.0867, 0.0459, 0.0715, 0.0174, 0.0468], [0.6977, 0.0246, 0.0155, 0.0729, 0.0406, 0.05, 0.0986], [0.656, 0.0631, 0.0481, 0.0678, 0.0593, 0.0357, 0.0701], [0.684, 0.0514, 0.0793, 0.0273, 0.0797, 0.0123, 0.0659], [0.7019, 0.0187, 0.0643, 0.0604, 0.0494, 0.0546, 0.0506], [0.7659, 0.0264, 0.0657, 0.0451, 0.0516, 0.0167, 0.0287], [0.6895, 0.0837, 0.0659, 0.0204, 0.0347, 0.0591, 0.0467], [0.6915, 0.0436, 0.0597, 0.066, 0.0226, 0.0531, 0.0636], [0.6836, 0.0226, 0.0533, 0.0869, 0.0382, 0.0676, 0.0478], [0.7544, 0.0169, 0.0237, 0.0812, 0.0256, 0.0652, 0.033], [0.7304, 0.0263, 0.0486, 0.0343, 0.0689, 0.0341, 0.0574], [0.6861, 0.0542, 0.0733, 0.0316, 0.0436, 0.042, 0.0692], [0.7409, 0.0129, 0.048, 0.069, 0.0288, 0.0629, 0.0376], [0.7221, 0.053, 0.0528, 0.0609, 0.0143, 0.0527, 0.0442], [0.7225, 0.0203, 0.065, 0.0246, 0.0384, 0.064, 0.0653], [0.7125, 0.086, 0.0184, 0.0437, 0.0416, 0.0536, 0.0441], [0.7406, 0.0392, 0.055, 0.0747, 0.0467, 0.0266, 0.0173], [0.7686, 0.0148, 0.0637, 0.0331, 0.0544, 0.0344, 0.031], [0.7145, 0.0313, 0.0479, 0.0606, 0.0174, 0.0542, 0.074], [0.6595, 0.0534, 0.0788, 0.0175, 0.0726, 0.0692, 0.049], [0.8325, 0.0217, 0.0297, 0.027, 0.0179, 0.0356, 0.0355], [0.7501, 0.0146, 0.0282, 0.0731, 0.0656, 0.0126, 0.0558], [0.6996, 0.0286, 0.0614, 0.0276, 0.0594, 0.0621, 0.0612], [0.7232, 0.0696, 0.0274, 0.0273, 0.0657, 0.0603, 0.0266], [0.7106, 0.039, 0.0718, 0.0297, 0.0696, 0.0134, 0.066], [0.6608, 0.0856, 0.0752, 0.0442, 0.0222, 0.054, 0.0579], [0.6627, 0.0755, 0.0587, 0.0382, 0.0577, 0.0606, 0.0467], [0.6833, 0.085, 0.0632, 0.041, 0.031, 0.0364, 0.0602]], "emotions": ["red", "red", "red", "red", "red", "red", "red", "red", "red", "red", "red", "red", "red", "red", "red", "red", "red", "red", "red", "red", "red", "red", "red", "red", "red", "red", "red", "red", "red", "red", "red", "red", "red", "red", "red", "red", "red", "red", "red", "red", "red", "red", "red", "red", "red", "red", "red", "red", "red", "red", "red", "red", "red", "red", "red", "red", "red", "red", "red", "red", "red", "red", "red", "red", "red", "red", "red", "red", "red", "red", "red", "red", "red", "red", "red", "red", "red", "red", "red", "red"], "timestamps": [0, 40, 80, 120, 160, 200, 240, 280, 320, 360, 400, 440, 480, 520, 560, 600, 640, 680, 720, 760, 800, 840, 880, 920, 960, 1000, 1040, 1080, 1120, 1160, 1200, 1240, 1280, 1320, 1360, 1400, 1440, 1480, 1520, 1560, 1600, 1640, 1680, 1720, 1760, 1800, 1840, 1880, 1920, 1960, 2000, 2040, 2080, 2120, 2160, 2200, 2240, 2280, 2320, 2360, 2400, 2440, 2480, 2520, 2560, 2600, 2640, 2680, 2720, 2760, 2800, 2840, 2880, 2920, 2960, 3000, 3040, 3080, 3120, 3160]}], "conversation": [], "conversation_timestamps": []}