{"agent_id": "agent-orange-648", "type": "orange", "trips": [{"trip_id": 0, "transport_method": "car", "start_time": 0, "path": [[1.7332768, 42.5437104], [1.7337892, 42.5433424], [1.7338064, 42.5423695], [1.7333585, 42.5417723], [1.7326442, 42.5412122], [1.7318425, 42.5411906], [1.7315868, 42.5404585], [1.730927, 42.5408548], [1.7307873, 42.5418166], [1.7307285, 42.5426547], [1.7303641, 42.542629], [1.7294438, 42.5428704], [1.7286025, 42.5432541], [1.7279147, 42.5434237], [1.7276424, 42.5429505], [1.7272094, 42.5420791], [1.7265617, 42.5413736], [1.7261227, 42.5405287], [1.7255491, 42.5397925], [1.7247031, 42.5393117], [1.7239408, 42.538776], [1.7232156, 42.5381477], [1.7223089, 42.5377991], [1.7214531, 42.537366], [1.7204841, 42.5374025], [1.7196002, 42.5376006], [1.7191247, 42.5383497], [1.7197602, 42.5390485], [1.720563, 42.5395979], [1.7212439, 42.5400886], [1.7203076, 42.5398992], [1.7193997, 42.5401584], [1.7187866, 42.5409091], [1.7181013, 42.5415806], [1.7180312, 42.5407306], [1.7171921, 42.54029], [1.7162715, 42.5399765], [1.7153178, 42.5399971], [1.7144418, 42.5396702], [1.7137596, 42.5390395], [1.7127875, 42.5390562], [1.7119501, 42.5386295], [1.7115095, 42.5377806], [1.711651, 42.5370285], [1.7116356, 42.536072], [1.7112365, 42.535192], [1.7105958, 42.5344693], [1.7104199, 42.5335858], [1.710882, 42.5327693], [1.7115475, 42.5320752], [1.7121989, 42.5313542], [1.7124452, 42.5305352], [1.7116765, 42.5300019], [1.7110438, 42.529336], [1.71171, 42.5287483], [1.7124195, 42.5280848], [1.7128668, 42.5272344], [1.7131378, 42.5267721], [1.7121859, 42.5268881], [1.7112179, 42.526894], [1.7102509, 42.5269998], [1.7092866, 42.5271242], [1.7083151, 42.5271778], [1.7073614, 42.5273625], [1.7071774, 42.5270194], [1.7067566, 42.5266191], [1.7057902, 42.5266776], [1.7048569, 42.5269428], [1.7039994, 42.527351], [1.703039, 42.5274264], [1.7021948, 42.5270086], [1.7013121, 42.5268549], [1.7003946, 42.5265367], [1.699495, 42.5261747], [1.6986367, 42.5257164], [1.6978467, 42.5257587], [1.6971987, 42.5258743], [1.6964712, 42.5252601], [1.6966326, 42.524407], [1.6967306, 42.5234947]], "mood_vectors": [[0.0551, 0.0625, 0.0233, 0.0344, 0.7241, 0.0441, 0.0564], [0.0422, 0.0668, 0.042, 0.0449, 0.6947, 0.0625, 0.0469], [0.0406, 0.0688, 0.0709, 0.0279, 0.6329, 0.0846, 0.0743], [0.0765, 0.0568, 0.0625, 0.031, 0.7105, 0.0168, 0.0459], [0.0334, 0.0796, 0.0249, 0.0804, 0.664, 0.0416, 0.0761], [0.0705, 0.0546, 0.0346, 0.0331, 0.6753, 0.0887, 0.043], [0.0403, 0.0388, 0.0912, 0.0769, 0.6406, 0.0327, 0.0795], [0.0442, 0.0159, 0.0556, 0.0711, 0.7278, 0.0704, 0.015], [0.0721, 0.0474, 0.0677, 0.0172, 0.6653, 0.0614, 0.069], [0.0654, 0.0796, 0.0219, 0.044, 0.6801, 0.0395, 0.0695], [0.068, 0.0388, 0.0891, 0.0174, 0.6724, 0.0738, 0.0405], [0.0288, 0.0346, 0.0273, 0.0462, 0.75, 0.0602, 0.053], [0.0672, 0.0353, 0.039, 0.0312, 0.706, 0.0504, 0.0709], [0.0273, 0.0408, 0.0515, 0.0484, 0.7309, 0.065, 0.0361], [0.0573, 0.0319, 0.05, 0.0699, 0.6725, 0.049, 0.0694], [0.0404, 0.0541, 0.0402, 0.083, 0.6501, 0.0572, 0.0749], [0.0204, 0.0504, 0.0512, 0.0595, 0.7243, 0.0802, 0.014], [0.0716, 0.0142, 0.046, 0.0319, 0.6915, 0.0929, 0.0518], [0.0244, 0.0318, 0.0616, 0.0437, 0.7369, 0.029, 0.0725], [0.0208, 0.0556, 0.0774, 0.0598, 0.6988, 0.0306, 0.057], [0.0345, 0.0791, 0.0674, 0.0658, 0.6132, 0.0622, 0.0778], [0.0812, 0.0707, 0.0599, 0.0263, 0.6528, 0.0483, 0.0607], [0.0185, 0.0598, 0.0588, 0.0689, 0.7451, 0.0141, 0.0347], [0.012, 0.0261, 0.0352, 0.0552, 0.7281, 0.0754, 0.0679], [0.0493, 0.0691, 0.0558, 0.026, 0.7522, 0.0228, 0.0249], [0.0404, 0.0474, 0.0558, 0.0279, 0.7153, 0.0509, 0.0623], [0.0459, 0.087, 0.0346, 0.0193, 0.708, 0.0289, 0.0764], [0.0144, 0.0781, 0.0474, 0.0471, 0.706, 0.0696, 0.0373], [0.0716, 0.0721, 0.0281, 0.0703, 0.621, 0.0566, 0.0802], [0.0862, 0.0516, 0.0852, 0.0222, 0.6153, 0.077, 0.0625], [0.0616, 0.0571, 0.0781, 0.0817, 0.6507, 0.0367, 0.0342], [0.0656, 0.063, 0.0221, 0.0301, 0.7229, 0.0369, 0.0593], [0.0561, 0.0621, 0.0189, 0.0291, 0.6767, 0.0786, 0.0786], [0.026, 0.0266, 0.0752, 0.0567, 0.7225, 0.072, 0.0209], [0.0423, 0.0725, 0.0119, 0.0246, 0.7603, 0.0455, 0.0429], [0.069, 0.081, 0.0831, 0.0224, 0.6687, 0.0177, 0.058], [0.0434, 0.0245, 0.0506, 0.0822, 0.7126, 0.0319, 0.0549], [0.0808, 0.0827, 0.0423, 0.0825, 0.6745, 0.0121, 0.0252], [0.0167, 0.0679, 0.0592, 0.056, 0.6907, 0.0841, 0.0255], [0.0167, 0.0326, 0.0645, 0.0465, 0.7701, 0.0344, 0.0353], [0.0612, 0.0474, 0.0741, 0.0268, 0.7176, 0.0138, 0.059], [0.0681, 0.0227, 0.0198, 0.0145, 0.8259, 0.0221, 0.0268], [0.0487, 0.07, 0.0603, 0.0216, 0.6428, 0.0682, 0.0884], [0.0249, 0.0449, 0.0608, 0.0461, 0.7183, 0.0407, 0.0642], [0.0787, 0.0231, 0.059, 0.0496, 0.7266, 0.0496, 0.0135], [0.0423, 0.0425, 0.0177, 0.0494, 0.7289, 0.0624, 0.0567], [0.0312, 0.0231, 0.0911, 0.0471, 0.6949, 0.0849, 0.0277], [0.0468, 0.0893, 0.0704, 0.051, 0.6481, 0.0585, 0.036], [0.0367, 0.0184, 0.0488, 0.0235, 0.7763, 0.0617, 0.0346], [0.0608, 0.0662, 0.0861, 0.0213, 0.6296, 0.0711, 0.065], [0.0841, 0.0307, 0.056, 0.0584, 0.6171, 0.0946, 0.0591], [0.0287, 0.0708, 0.0659, 0.0286, 0.7233, 0.0302, 0.0525], [0.0335, 0.0546, 0.0656, 0.0819, 0.6904, 0.0244, 0.0496], [0.0402, 0.0427, 0.0328, 0.047, 0.7365, 0.0452, 0.0555], [0.0253, 0.0426, 0.0807, 0.0266, 0.6994, 0.04, 0.0854], [0.0722, 0.0871, 0.047, 0.0532, 0.634, 0.0323, 0.0743], [0.0279, 0.0769, 0.0303, 0.0603, 0.7547, 0.0229, 0.027], [0.0345, 0.0432, 0.0859, 0.0541, 0.7258, 0.0151, 0.0414], [0.0334, 0.0554, 0.0323, 0.027, 0.7108, 0.0574, 0.0837], [0.0846, 0.0608, 0.0218, 0.0544, 0.6969, 0.057, 0.0246], [0.0438, 0.069, 0.0606, 0.0406, 0.7008, 0.026, 0.0592], [0.0778, 0.0454, 0.0659, 0.068, 0.676, 0.0494, 0.0176], [0.0433, 0.0317, 0.0732, 0.0504, 0.6846, 0.0502, 0.0667], [0.0425, 0.0184, 0.0779, 0.0585, 0.7006, 0.0252, 0.0769], [0.0362, 0.0334, 0.0187, 0.0491, 0.7191, 0.0557, 0.0876], [0.0667, 0.0276, 0.0864, 0.0801, 0.6404, 0.0524, 0.0464], [0.0689, 0.0257, 0.0197, 0.0665, 0.6761, 0.0797, 0.0634], [0.0168, 0.0381, 0.0382, 0.0288, 0.7579, 0.0596, 0.0606], [0.0792, 0.0773, 0.0438, 0.0311, 0.6674, 0.062, 0.0392], [0.0626, 0.0814, 0.0448, 0.0498, 0.6088, 0.0781, 0.0745], [0.0398, 0.0164, 0.0162, 0.0185, 0.8483, 0.022, 0.0387], [0.0556, 0.0484, 0.0527, 0.0489, 0.7166, 0.042, 0.0357], [0.0168, 0.0441, 0.0689, 0.0839, 0.7033, 0.0146, 0.0685], [0.0351, 0.028, 0.0759, 0.0468, 0.7403, 0.0144, 0.0595], [0.0298, 0.0313, 0.1098, 0.0244, 0.7211, 0.0655, 0.0181], [0.0345, 0.0585, 0.0192, 0.0167, 0.752, 0.038, 0.0812], [0.0239, 0.025, 0.0633, 0.0379, 0.7268, 0.056, 0.0671], [0.0473, 0.0193, 0.0299, 0.085, 0.7126, 0.0785, 0.0273], [0.0778, 0.0465, 0.0506, 0.0447, 0.6086, 0.0837, 0.0881], [0.0766, 0.0602, 0.054, 0.076, 0.6791, 0.0158, 0.0382]], "emotions": ["red", "red", "red", "red", "red", "red", "red", "red", "red", "red", "red", "red", "red", "red", "red", "red", "red", "red", "red", "red", "red", "red", "red", "red", "red", "red", "red", "red", "red", "red", "red", "red", "red", "red", "red", "red", "red", "red", "red", "red", "red", "red", "red", "red", "red", "red", "red", "red", "red", "red", "red", "red", "red", "red", "red", "red", "red", "red", "red", "red", "red", "red", "red", "red", "red", "red", "red", "red", "red", "red", "red", "red", "red", "red", "red", "red", "red", "red", "red", "red"], "timestamps": [0, 40, 80, 120, 160, 200, 240, 280, 320, 360, 400, 440, 480, 520, 560, 600, 640, 680, 720, 760, 800, 840, 880, 920, 960, 1000, 1040, 1080, 1120, 1160, 1200, 1240, 1280, 1320, 1360, 1400, 1440, 1480, 1520, 1560, 1600, 1640, 1680, 1720, 1760, 1800, 1840, 1880, 1920, 1960, 2000, 2040, 2080, 2120, 2160, 2200, 2240, 2280, 2320, 2360, 2400, 2440, 2480, 2520, 2560, 2600, 2640, 2680, 2720, 2760, 2800, 2840, 2880, 2920, 2960, 3000, 3040, 3080, 3120, 3160]}], "conversation": [], "conversation_timestamps": []}