{"agent_id": "agent-purple-729", "type": "purple", "trips": [{"trip_id": 0, "transport_method": "car", "start_time": 0, "path": [[1.4932011, 42.4701559], [1.4930127, 42.4697561], [1.4933875, 42.472051], [1.4920459, 42.4737592], [1.4908506, 42.4756336], [1.4903904, 42.478001], [1.4900059, 42.4804267], [1.4894895, 42.4810747], [1.4897925, 42.4787206], [1.4906235, 42.476513], [1.4904381, 42.4789122], [1.4902441, 42.4813605], [1.4907432, 42.4836505], [1.4923464, 42.4852633], [1.4933634, 42.4874947], [1.4945656, 42.4896364], [1.4959475, 42.4915749], [1.4978077, 42.4931654], [1.4987732, 42.4950665], [1.5005712, 42.4963594], [1.5027221, 42.4974097], [1.5049566, 42.4984275], [1.5071659, 42.4994982], [1.5093591, 42.5005885], [1.5102126, 42.5009787], [1.5101604, 42.5010491], [1.511821, 42.5018311], [1.5136719, 42.5034061], [1.5153239, 42.5051546], [1.517548, 42.5060226], [1.5194948, 42.5072466], [1.5218383, 42.507598], [1.5241864, 42.5077742], [1.5264749, 42.5084858], [1.5286057, 42.5094656], [1.5297858, 42.5112333], [1.5305777, 42.5128649], [1.5296486, 42.514865], [1.5278055, 42.5164121], [1.5268913, 42.517027], [1.5288952, 42.5157842], [1.5268358, 42.5171224], [1.5247764, 42.5184607], [1.5261486, 42.517405], [1.5241581, 42.5188419], [1.5233602, 42.5210764], [1.5217897, 42.5228727], [1.5206225, 42.5249796], [1.519957, 42.5272582], [1.5204818, 42.5294771], [1.5196196, 42.5314102], [1.5194822, 42.5337654], [1.5211089, 42.5355349], [1.5199818, 42.5373593], [1.5193423, 42.5397051], [1.5184345, 42.5415436], [1.5186206, 42.5414666], [1.516957, 42.5431396], [1.5152894, 42.5449083], [1.5138515, 42.5467067], [1.5127451, 42.5487726], [1.5110632, 42.5504376], [1.5090936, 42.5518762], [1.5084931, 42.552371], [1.5066952, 42.5540426], [1.5058093, 42.5562464], [1.5048104, 42.5583357], [1.5029218, 42.5596055], [1.5009702, 42.5610846], [1.4989153, 42.5616255], [1.4964954, 42.5615345], [1.4947236, 42.5631937], [1.4924868, 42.5641409], [1.4908033, 42.5659211], [1.4891345, 42.5677093], [1.4888932, 42.5679949], [1.4874943, 42.5699905], [1.4872303, 42.5702643], [1.4855588, 42.5714359], [1.4837904, 42.5726725]], "mood_vectors": [[0.0566, 0.0396, 0.0687, 0.0254, 0.0589, 0.714, 0.0367], [0.0525, 0.0635, 0.0764, 0.0157, 0.0605, 0.701, 0.0303], [0.074, 0.0435, 0.0788, 0.0882, 0.0841, 0.6024, 0.029], [0.0498, 0.0555, 0.074, 0.0169, 0.0539, 0.7272, 0.0226], [0.0575, 0.0413, 0.0405, 0.0151, 0.0472, 0.7426, 0.0558], [0.0173, 0.0696, 0.0688, 0.0691, 0.022, 0.733, 0.0203], [0.0338, 0.073, 0.0407, 0.0498, 0.0154, 0.7316, 0.0557], [0.0409, 0.0996, 0.0568, 0.0527, 0.0256, 0.6967, 0.0277], [0.0174, 0.0599, 0.0726, 0.0263, 0.0526, 0.7506, 0.0206], [0.1086, 0.0308, 0.0285, 0.0515, 0.0469, 0.7018, 0.032], [0.0161, 0.0316, 0.0721, 0.0456, 0.0404, 0.7532, 0.041], [0.0433, 0.0447, 0.0382, 0.0411, 0.0641, 0.7177, 0.0508], [0.0655, 0.0171, 0.0609, 0.0525, 0.0629, 0.7241, 0.017], [0.0505, 0.0667, 0.0694, 0.0431, 0.0388, 0.6932, 0.0384], [0.0447, 0.0904, 0.0159, 0.0845, 0.0632, 0.6726, 0.0288], [0.0327, 0.0263, 0.0545, 0.0808, 0.0509, 0.7294, 0.0254], [0.047, 0.0572, 0.0672, 0.0332, 0.0465, 0.6565, 0.0923], [0.0749, 0.0437, 0.059, 0.0346, 0.0809, 0.685, 0.0218], [0.0431, 0.0324, 0.0404, 0.0146, 0.0352, 0.814, 0.0203], [0.0213, 0.0601, 0.0591, 0.0846, 0.0154, 0.694, 0.0655], [0.0725, 0.0665, 0.0159, 0.0839, 0.0368, 0.6641, 0.0602], [0.0642, 0.0317, 0.0972, 0.0322, 0.0345, 0.6809, 0.0594], [0.0745, 0.0593, 0.0406, 0.0504, 0.0836, 0.6475, 0.0441], [0.031, 0.0691, 0.0191, 0.0289, 0.035, 0.7952, 0.0218], [0.0238, 0.0714, 0.019, 0.0446, 0.0678, 0.7351, 0.0383], [0.0262, 0.0281, 0.0209, 0.0715, 0.0684, 0.7108, 0.0741], [0.0287, 0.0197, 0.0672, 0.0451, 0.0717, 0.7041, 0.0636], [0.0721, 0.0746, 0.0247, 0.0452, 0.062, 0.6454, 0.076], [0.0356, 0.0917, 0.0358, 0.0174, 0.0728, 0.7001, 0.0466], [0.0802, 0.0663, 0.041, 0.0656, 0.0496, 0.6584, 0.0388], [0.0545, 0.0266, 0.0776, 0.0131, 0.0904, 0.7155, 0.0223], [0.052, 0.0632, 0.059, 0.0794, 0.0544, 0.6676, 0.0244], [0.0559, 0.065, 0.0264, 0.0636, 0.0202, 0.7378, 0.031], [0.0667, 0.0735, 0.0239, 0.0654, 0.0198, 0.676, 0.0747], [0.0407, 0.05, 0.065, 0.0445, 0.0602, 0.7016, 0.0379], [0.076, 0.0299, 0.0452, 0.0238, 0.0165, 0.7786, 0.0298], [0.041, 0.081, 0.0728, 0.0192, 0.0464, 0.6971, 0.0423], [0.0488, 0.0499, 0.062, 0.0492, 0.0318, 0.7074, 0.0509], [0.0143, 0.0736, 0.0663, 0.0698, 0.0691, 0.6521, 0.0548], [0.0239, 0.0195, 0.0751, 0.0464, 0.0708, 0.7028, 0.0614], [0.0341, 0.0638, 0.0204, 0.0598, 0.0383, 0.7253, 0.0583], [0.0457, 0.0299, 0.0782, 0.0508, 0.039, 0.7138, 0.0425], [0.0863, 0.0559, 0.0552, 0.0751, 0.0337, 0.6685, 0.0252], [0.0302, 0.0865, 0.0173, 0.0596, 0.0762, 0.6652, 0.065], [0.053, 0.0201, 0.034, 0.0867, 0.0363, 0.7247, 0.0451], [0.0508, 0.0184, 0.0481, 0.0302, 0.0531, 0.7292, 0.0704], [0.0667, 0.0888, 0.0292, 0.0215, 0.0757, 0.697, 0.0211], [0.0734, 0.0385, 0.0468, 0.0461, 0.0196, 0.6924, 0.0832], [0.0615, 0.0606, 0.0357, 0.0149, 0.0518, 0.711, 0.0645], [0.0277, 0.0755, 0.0195, 0.0636, 0.0795, 0.6837, 0.0504], [0.0426, 0.0513, 0.0149, 0.0437, 0.0663, 0.7009, 0.0804], [0.0336, 0.0697, 0.0182, 0.0458, 0.0607, 0.7444, 0.0276], [0.0128, 0.0703, 0.0213, 0.0448, 0.0406, 0.7353, 0.075], [0.0627, 0.0791, 0.0305, 0.0242, 0.0305, 0.7144, 0.0586], [0.0242, 0.0802, 0.0518, 0.0699, 0.0881, 0.6327, 0.0531], [0.0881, 0.0465, 0.0566, 0.0226, 0.0655, 0.6571, 0.0635], [0.0898, 0.0417, 0.0877, 0.0342, 0.03, 0.6831, 0.0335], [0.0221, 0.0699, 0.0181, 0.0598, 0.0132, 0.7425, 0.0744], [0.0424, 0.0302, 0.062, 0.0655, 0.0815, 0.6859, 0.0326], [0.0586, 0.0286, 0.0283, 0.0242, 0.0282, 0.7598, 0.0723], [0.0467, 0.0198, 0.0718, 0.0277, 0.0509, 0.7638, 0.0193], [0.0532, 0.0586, 0.0128, 0.0627, 0.051, 0.7134, 0.0484], [0.0732, 0.0404, 0.0192, 0.071, 0.0215, 0.6959, 0.0788], [0.0441, 0.0677, 0.0284, 0.0189, 0.0553, 0.7644, 0.0212], [0.0688, 0.0819, 0.0268, 0.0127, 0.0402, 0.7398, 0.0298], [0.0814, 0.0457, 0.0469, 0.0601, 0.0258, 0.7073, 0.0328], [0.0492, 0.0709, 0.0343, 0.0713, 0.0739, 0.6265, 0.0739], [0.0178, 0.0178, 0.0751, 0.0581, 0.0635, 0.7035, 0.0643], [0.0443, 0.0652, 0.0691, 0.0713, 0.0849, 0.6002, 0.065], [0.0244, 0.0932, 0.0917, 0.0901, 0.0214, 0.639, 0.0402], [0.0526, 0.0275, 0.0628, 0.0482, 0.0457, 0.6785, 0.0848], [0.0129, 0.0742, 0.0627, 0.0457, 0.0397, 0.7336, 0.0313], [0.0635, 0.0269, 0.0244, 0.05, 0.091, 0.7107, 0.0335], [0.0591, 0.0471, 0.0216, 0.0569, 0.0672, 0.7231, 0.025], [0.0424, 0.0181, 0.0459, 0.0674, 0.0924, 0.6996, 0.0342], [0.0453, 0.0565, 0.0454, 0.0528, 0.0493, 0.7213, 0.0294], [0.0341, 0.0627, 0.0327, 0.0439, 0.0745, 0.6908, 0.0613], [0.0203, 0.0399, 0.0249, 0.026, 0.0917, 0.7424, 0.0548], [0.0694, 0.021, 0.0825, 0.0845, 0.0808, 0.6182, 0.0436], [0.0443, 0.0271, 0.0858, 0.0852, 0.0507, 0.6599, 0.0469]], "emotions": ["purple", "purple", "purple", "purple", "purple", "purple", "purple", "purple", "purple", "purple", "purple", "purple", "purple", "purple", "purple", "purple", "purple", "purple", "purple", "purple", "purple", "purple", "purple", "purple", "purple", "purple", "purple", "purple", "purple", "purple", "purple", "purple", "purple", "purple", "purple", "purple", "purple", "purple", "purple", "purple", "purple", "purple", "purple", "purple", "purple", "purple", "purple", "purple", "purple", "purple", "purple", "purple", "purple", "purple", "purple", "purple", "purple", "purple", "purple", "purple", "purple", "purple", "purple", "purple", "purple", "purple", "purple", "purple", "purple", "purple", "purple", "purple", "purple", "purple", "purple", "purple", "purple", "purple", "purple", "purple"], "timestamps": [0, 40, 80, 120, 160, 200, 240, 280, 320, 360, 400, 440, 480, 520, 560, 600, 640, 680, 720, 760, 800, 840, 880, 920, 960, 1000, 1040, 1080, 1120, 1160, 1200, 1240, 1280, 1320, 1360, 1400, 1440, 1480, 1520, 1560, 1600, 1640, 1680, 1720, 1760, 1800, 1840, 1880, 1920, 1960, 2000, 2040, 2080, 2120, 2160, 2200, 2240, 2280, 2320, 2360, 2400, 2440, 2480, 2520, 2560, 2600, 2640, 2680, 2720, 2760, 2800, 2840, 2880, 2920, 2960, 3000, 3040, 3080, 3120, 3160]}], "conversation": [], "conversation_timestamps": []}