{"agent_id": "agent-purple-604", "type": "purple", "trips": [{"trip_id": 0, "transport_method": "bicycle", "start_time": 0, "path": [[1.5306845, 42.5082686], [1.5299764, 42.5084725], [1.5294087, 42.508381], [1.5289044, 42.5079551], [1.5284021, 42.5075003], [1.5277171, 42.5072622], [1.5269787, 42.5072244], [1.5262403, 42.5071998], [1.5255064, 42.5071061], [1.5248077, 42.5068907], [1.5240828, 42.5068588], [1.5233669, 42.5066711], [1.5226427, 42.5065234], [1.5219347, 42.5063078], [1.521237, 42.5060617], [1.5210128, 42.5059745], [1.5217055, 42.5062351], [1.5210875, 42.5060302], [1.5203835, 42.5058029], [1.5196635, 42.5056317], [1.5189389, 42.5054838], [1.5182021, 42.5054148], [1.5182118, 42.5054174], [1.5174739, 42.5053602], [1.517188, 42.5053838], [1.5173779, 42.5053199], [1.5166532, 42.5051901], [1.5159887, 42.5048774], [1.5154284, 42.5043943], [1.5148778, 42.5038997], [1.5143273, 42.5034051], [1.5137767, 42.5029106], [1.5132754, 42.5024925], [1.5127018, 42.5020336], [1.5120327, 42.5017529], [1.5113431, 42.5015136], [1.5106805, 42.5011887], [1.50999, 42.5009414], [1.5093456, 42.5005821], [1.5086799, 42.5002586], [1.5080128, 42.4999396], [1.507366, 42.4995915], [1.5066952, 42.4992788], [1.5060294, 42.4989558], [1.5053753, 42.4986097], [1.5046966, 42.4983144], [1.5040214, 42.4980119], [1.5033593, 42.4976813], [1.5026808, 42.4973864], [1.5020393, 42.4970204], [1.5013593, 42.4967499], [1.5009432, 42.4966441], [1.5005291, 42.4963409], [1.4998792, 42.4959881], [1.4992227, 42.4956463], [1.4986909, 42.4952374], [1.4988274, 42.4945338], [1.4983469, 42.4940892], [1.4976717, 42.4938746], [1.497082, 42.4934335], [1.4963951, 42.4934082], [1.4956788, 42.4935854], [1.4949865, 42.4933856], [1.4944911, 42.4929031], [1.4938415, 42.4925587], [1.4932036, 42.4922313], [1.4930076, 42.491627], [1.492582, 42.4910963], [1.4919568, 42.4907113], [1.4914188, 42.4902067], [1.4908314, 42.4897909], [1.4903187, 42.4894066], [1.4904326, 42.4886807], [1.4905425, 42.4880451], [1.490477, 42.4879591], [1.4901688, 42.4873059], [1.4897465, 42.4867028], [1.4893519, 42.486151], [1.4899019, 42.4866438], [1.4901698, 42.4872886]], "mood_vectors": [[0.0545, 0.0267, 0.0353, 0.0725, 0.0659, 0.705, 0.04], [0.0769, 0.0629, 0.0699, 0.0215, 0.0702, 0.6763, 0.0224], [0.0325, 0.0536, 0.0932, 0.057, 0.0624, 0.649, 0.0522], [0.0524, 0.0556, 0.0795, 0.051, 0.0251, 0.6547, 0.0817], [0.0172, 0.0294, 0.0499, 0.0748, 0.0276, 0.7663, 0.0348], [0.0274, 0.0622, 0.0756, 0.0677, 0.033, 0.6785, 0.0557], [0.0216, 0.0156, 0.0171, 0.0727, 0.016, 0.7877, 0.0693], [0.0624, 0.0491, 0.0377, 0.0586, 0.0898, 0.6863, 0.0161], [0.0622, 0.0415, 0.0554, 0.0903, 0.0785, 0.655, 0.0171], [0.0723, 0.0323, 0.0712, 0.0796, 0.0274, 0.6486, 0.0687], [0.0678, 0.0361, 0.0684, 0.0592, 0.06, 0.6714, 0.037], [0.0433, 0.0807, 0.0172, 0.0125, 0.0335, 0.7949, 0.0179], [0.0425, 0.0844, 0.0214, 0.0284, 0.0402, 0.6889, 0.0941], [0.0724, 0.0781, 0.0444, 0.077, 0.0176, 0.6624, 0.0482], [0.0632, 0.0431, 0.0479, 0.025, 0.0289, 0.7249, 0.0669], [0.0353, 0.0588, 0.078, 0.0612, 0.0648, 0.6221, 0.0799], [0.0653, 0.0171, 0.0437, 0.053, 0.0636, 0.7329, 0.0244], [0.0691, 0.0119, 0.0256, 0.0637, 0.0543, 0.7291, 0.0463], [0.0392, 0.0288, 0.0753, 0.0498, 0.0622, 0.7264, 0.0184], [0.0147, 0.0711, 0.0547, 0.0564, 0.046, 0.6741, 0.0829], [0.0789, 0.0565, 0.0178, 0.094, 0.0201, 0.718, 0.0146], [0.0709, 0.069, 0.0458, 0.0526, 0.0602, 0.6327, 0.0688], [0.0447, 0.09, 0.0639, 0.0605, 0.0253, 0.6581, 0.0574], [0.0757, 0.064, 0.069, 0.0697, 0.0481, 0.6248, 0.0487], [0.0688, 0.0644, 0.0737, 0.0298, 0.0315, 0.6687, 0.0631], [0.0621, 0.0536, 0.0321, 0.0463, 0.0166, 0.7672, 0.0221], [0.0519, 0.0228, 0.0594, 0.0257, 0.0565, 0.7514, 0.0323], [0.0284, 0.0459, 0.0516, 0.018, 0.0167, 0.7588, 0.0806], [0.0665, 0.0282, 0.0729, 0.0511, 0.0393, 0.6655, 0.0764], [0.0316, 0.0157, 0.0787, 0.0659, 0.0684, 0.7166, 0.023], [0.0731, 0.0486, 0.0503, 0.0566, 0.0536, 0.6825, 0.0353], [0.0335, 0.0723, 0.0502, 0.0445, 0.0801, 0.6626, 0.0568], [0.0734, 0.0565, 0.0258, 0.047, 0.076, 0.6858, 0.0354], [0.0453, 0.0341, 0.0917, 0.0339, 0.0853, 0.6699, 0.04], [0.074, 0.0226, 0.0422, 0.0559, 0.0584, 0.6971, 0.0498], [0.06, 0.06, 0.0488, 0.0196, 0.0546, 0.6947, 0.0624], [0.0238, 0.0656, 0.0506, 0.0734, 0.0155, 0.7292, 0.0419], [0.0794, 0.0288, 0.0418, 0.018, 0.0309, 0.7498, 0.0513], [0.0558, 0.0682, 0.0908, 0.0688, 0.0505, 0.6119, 0.054], [0.0689, 0.0218, 0.0598, 0.0796, 0.0249, 0.6976, 0.0474], [0.0393, 0.0442, 0.0573, 0.0686, 0.0293, 0.7131, 0.0482], [0.0294, 0.0291, 0.0576, 0.0414, 0.0494, 0.7319, 0.0611], [0.087, 0.0491, 0.0378, 0.056, 0.0929, 0.6443, 0.0329], [0.0872, 0.0199, 0.0933, 0.0671, 0.0586, 0.6588, 0.015], [0.0382, 0.0728, 0.0315, 0.0397, 0.0425, 0.7028, 0.0726], [0.0564, 0.0169, 0.0606, 0.0577, 0.0654, 0.7248, 0.0182], [0.0338, 0.0694, 0.0462, 0.0223, 0.0457, 0.7421, 0.0406], [0.0175, 0.0543, 0.0707, 0.0339, 0.081, 0.68, 0.0626], [0.0359, 0.02, 0.0524, 0.0138, 0.0602, 0.7693, 0.0484], [0.0462, 0.0293, 0.0552, 0.0293, 0.073, 0.7039, 0.0631], [0.0167, 0.0182, 0.0291, 0.0242, 0.0763, 0.7591, 0.0764], [0.0372, 0.0379, 0.0327, 0.0618, 0.0853, 0.6588, 0.0863], [0.0609, 0.0584, 0.0536, 0.0444, 0.0412, 0.6724, 0.0691], [0.0128, 0.0634, 0.0304, 0.0695, 0.0546, 0.6911, 0.0783], [0.026, 0.0414, 0.0664, 0.0166, 0.0454, 0.7473, 0.0568], [0.0501, 0.0718, 0.0185, 0.0177, 0.0632, 0.7639, 0.0149], [0.0306, 0.0643, 0.0649, 0.0802, 0.0712, 0.6276, 0.0611], [0.0495, 0.0147, 0.0532, 0.0365, 0.0624, 0.7068, 0.0769], [0.0596, 0.0719, 0.0416, 0.0597, 0.0676, 0.6312, 0.0683], [0.0224, 0.0443, 0.0862, 0.0506, 0.0318, 0.6683, 0.0964], [0.0612, 0.0242, 0.0579, 0.0654, 0.0644, 0.6678, 0.0591], [0.0492, 0.0242, 0.0623, 0.0177, 0.0794, 0.7249, 0.0424], [0.0588, 0.0363, 0.0508, 0.0674, 0.0391, 0.7101, 0.0376], [0.0396, 0.0364, 0.0321, 0.1072, 0.0344, 0.7111, 0.0392], [0.0681, 0.0848, 0.0706, 0.0737, 0.016, 0.6533, 0.0334], [0.0388, 0.0275, 0.0194, 0.0575, 0.0478, 0.7731, 0.0359], [0.0742, 0.0757, 0.0216, 0.0558, 0.0246, 0.6672, 0.0809], [0.0481, 0.0211, 0.0226, 0.0253, 0.0324, 0.8248, 0.0258], [0.0722, 0.0277, 0.079, 0.089, 0.0213, 0.6634, 0.0474], [0.0667, 0.0464, 0.0645, 0.0598, 0.0244, 0.6801, 0.0581], [0.0233, 0.0468, 0.0835, 0.0586, 0.0777, 0.6293, 0.0808], [0.0255, 0.0587, 0.0648, 0.0538, 0.0158, 0.7311, 0.0503], [0.0846, 0.058, 0.0259, 0.0301, 0.065, 0.6625, 0.0738], [0.0567, 0.045, 0.0174, 0.0434, 0.0401, 0.7407, 0.0566], [0.057, 0.0284, 0.0494, 0.0548, 0.0453, 0.6978, 0.0673], [0.0497, 0.0431, 0.0579, 0.021, 0.0757, 0.7323, 0.0203], [0.0317, 0.0385, 0.0782, 0.0675, 0.0297, 0.7408, 0.0137], [0.0671, 0.0559, 0.0302, 0.0273, 0.0781, 0.6675, 0.0741], [0.0773, 0.0227, 0.0433, 0.0784, 0.074, 0.6208, 0.0836], [0.0416, 0.0379, 0.0273, 0.0361, 0.0749, 0.7536, 0.0287]], "emotions": ["purple", "purple", "purple", "purple", "purple", "purple", "purple", "purple", "purple", "purple", "purple", "purple", "purple", "purple", "purple", "purple", "purple", "purple", "purple", "purple", "purple", "purple", "purple", "purple", "purple", "purple", "purple", "purple", "purple", "purple", "purple", "purple", "purple", "purple", "purple", "purple", "purple", "purple", "purple", "purple", "purple", "purple", "purple", "purple", "purple", "purple", "purple", "purple", "purple", "purple", "purple", "purple", "purple", "purple", "purple", "purple", "purple", "purple", "purple", "purple", "purple", "purple", "purple", "purple", "purple", "purple", "purple", "purple", "purple", "purple", "purple", "purple", "purple", "purple", "purple", "purple", "purple", "purple", "purple", "purple"], "timestamps": [0, 40, 80, 120, 160, 200, 240, 280, 320, 360, 400, 440, 480, 520, 560, 600, 640, 680, 720, 760, 800, 840, 880, 920, 960, 1000, 1040, 1080, 1120, 1160, 1200, 1240, 1280, 1320, 1360, 1400, 1440, 1480, 1520, 1560, 1600, 1640, 1680, 1720, 1760, 1800, 1840, 1880, 1920, 1960, 2000, 2040, 2080, 2120, 2160, 2200, 2240, 2280, 2320, 2360, 2400, 2440, 2480, 2520, 2560, 2600, 2640, 2680, 2720, 2760, 2800, 2840, 2880, 2920, 2960, 3000, 3040, 3080, 3120, 3160]}], "conversation": [], "conversation_timestamps": []}