{
  "agent_id": "agent-type-red-31",
  "type": "red",
  "trips": [
    {
      "trip_id": 0,
      "transport_method": "bicycle",
      "start_time": 0,
      "path": [
        [
          1.5214328,
          42.506931599999994
        ],
        [
          1.5220193841506335,
          42.50716027258076
        ],
        [
          1.5215854552013393,
          42.50733376119394
        ],
        [
          1.5211598925418948,
          42.50684703687434
        ],
        [
          1.5216705636593448,
          42.50659557769662
        ],
        [
          1.521169723889524,
          42.506902745672825
        ],
        [
          1.5216425851968916,
          42.50739331361332
        ],
        [
          1.522281763608403,
          42.50756317979697
        ],
        [
          1.5222805114324935,
          42.507078604281595
        ],
        [
          1.521808807753281,
          42.506586916985526
        ],
        [
          1.5217583810484658,
          42.506064360700634
        ],
        [
          1.5219201324382372,
          42.50540463684276
        ],
        [
          1.5219965460381575,
          42.504748507304825
        ],
        [
          1.5220174223901555,
          42.504583723197044
        ],
        [
          1.5226630828869792,
          42.50459368825124
        ],
        [
          1.523286268131067,
          42.504614862635506
        ],
        [
          1.523954343740206,
          42.50474878701183
        ],
        [
          1.5246281336779846,
          42.50484754850139
        ],
        [
          1.5252369678003328,
          42.50481980313453
        ],
        [
          1.5258084602473505,
          42.50477018980811
        ],
        [
          1.5264725284266947,
          42.5049192129326
        ],
        [
          1.5269462074239317,
          42.505145818524774
        ],
        [
          1.5276247551235806,
          42.50519672380509
        ],
        [
          1.5281601701463654,
          42.50538252636098
        ],
        [
          1.5279856875830116,
          42.50558774932213
        ],
        [
          1.5273300913011802,
          42.50540400463536
        ],
        [
          1.5266568683016213,
          42.50529897344493
        ],
        [
          1.5261285422005482,
          42.50528020413465
        ],
        [
          1.5258583465141053,
          42.50586472840836
        ],
        [
          1.5253966000000003,
          42.5058225
        ]
      ],
      "emotions": [
        "red",
        "red",
        "red",
        "red",
        "red",
        "red",
        "red",
        "red",
        "red",
        "red",
        "green",
        "green",
        "green",
        "green",
        "green",
        "purple",
        "purple",
        "purple",
        "purple",
        "purple",
        "purple",
        "purple",
        "purple",
        "purple",
        "purple",
        "purple",
        "purple",
        "purple",
        "purple",
        "purple"
      ],
      "mood_vectors": [
        [
          0.19412934584250077,
          0.15696406354515835,
          0.16238094797088257,
          0.06394836295000864,
          0.01546159291401597,
          0.20680495607672664,
          0.20031073070070704
        ],
        [
          0.08490958532721432,
          0.18444884890480376,
          0.18670018791906864,
          0.09618195230679555,
          0.13575337605284163,
          0.138235795124937,
          0.17377025436433918
        ],
        [
          0.2462427171548913,
          0.1614153676805411,
          0.21438549775736407,
          0.16058823971117553,
          0.05975692462804983,
          0.03547526839515099,
          0.12213598467282728
        ],
        [
          0.1149528420853276,
          0.24459534349922776,
          0.1159170094314094,
          0.15041874823763168,
          0.024378930961874393,
          0.037808891538543554,
          0.31192823424598565
        ],
        [
          0.11394663547628042,
          0.20666195894467432,
          0.005535814644780965,
          0.11608063706527148,
          0.18437737288146472,
          0.1763489518639404,
          0.19704862912358775
        ],
        [
          0.1981489706910989,
          0.1760498917038698,
          0.1274881553981095,
          0.16966256913188368,
          0.007049689383961383,
          0.11394804137616381,
          0.20765268231491288
        ],
        [
          0.033431638627235034,
          0.13328420959845852,
          0.15075649083896941,
          0.1992058811538514,
          0.36220080984192826,
          0.11923983438778973,
          0.0018811355517676306
        ],
        [
          0.01506002811991006,
          0.147849449288953,
          0.09810187611528592,
          0.15363467174980192,
          0.23260429768819696,
          0.3012578387434723,
          0.05149183829437985
        ],
        [
          0.1803158648321398,
          0.05051298962515663,
          0.19915465570726532,
          0.15827208950077065,
          0.09539801639651485,
          0.1719768040425136,
          0.1443695798956392
        ],
        [
          0.10368350237771395,
          0.3938412480280182,
          0.03580951360295709,
          0.1026322055677536,
          0.009510524691518377,
          0.30477502846510596,
          0.049747977266932884
        ],
        [
          0.20284569959594406,
          0.061412409379331026,
          0.0978444370890537,
          0.17147265048385663,
          0.10731485055169555,
          0.007593991547734841,
          0.35151596135238417
        ],
        [
          0.23379652867956688,
          0.08829978410346719,
          0.22486653440647586,
          0.18104826340751948,
          0.09221958626678979,
          0.08198822702461718,
          0.09778107611156367
        ],
        [
          0.396405116065257,
          0.16398172562330263,
          0.03206638007573887,
          0.04662477001569184,
          0.16022861072367311,
          0.12920277464386573,
          0.07149062285247071
        ],
        [
          0.17751850629681712,
          0.03245958047059568,
          0.11183227454016788,
          0.15127456726222602,
          0.10549100946969395,
          0.22758242920918054,
          0.19384163275131883
        ],
        [
          0.3008023518774375,
          0.006023240547907014,
          0.02875086558756786,
          0.22450674526110292,
          0.26947101994190625,
          0.08017714934799927,
          0.09026862743607908
        ],
        [
          0.409747553665378,
          0.0014076429603774331,
          0.26376906591935523,
          0.04298488385598271,
          0.16242019020668136,
          0.05441241418731756,
          0.06525824920490764
        ],
        [
          0.24442536565209644,
          0.08750520690558594,
          0.10244298106716679,
          0.07050912024191497,
          0.28260456520067884,
          0.08578133914595935,
          0.12673142178659763
        ],
        [
          0.40525437670525183,
          0.18618554652877153,
          0.016047559521983147,
          0.07885230555560396,
          0.0038310046735020526,
          0.007753901443980445,
          0.302075305570907
        ],
        [
          0.20012452226947747,
          0.07622837668279475,
          0.28251322114378963,
          0.174503850826877,
          0.03154945589383487,
          0.03002047881147878,
          0.2050600943717474
        ],
        [
          0.06556666134434667,
          0.2684407884260132,
          0.02952383449111179,
          0.2131285227693722,
          0.1200100993167679,
          0.15154267139579,
          0.15178742225659825
        ],
        [
          0.08923028280046867,
          0.3083213290878496,
          0.12240570785101558,
          0.03315356843552926,
          0.2565736238196303,
          0.10955827482878507,
          0.08075721317672148
        ],
        [
          0.021200818771509842,
          0.18357860235499573,
          0.03828600042540556,
          0.29949959641617596,
          0.24011002302382695,
          0.11339318350718106,
          0.10393177550090485
        ],
        [
          0.18593643260655698,
          0.11761455632755749,
          0.03754897100528122,
          0.17634723676489678,
          0.19932684248660726,
          0.06932426793616978,
          0.2139016928729305
        ],
        [
          0.30561098850390045,
          0.2649536884673135,
          0.08901331051251735,
          0.12470661233668381,
          0.05376713688532906,
          0.015458699182260383,
          0.14648956411199537
        ],
        [
          0.09527931833257407,
          0.12962623346129667,
          0.020705800540374474,
          0.24061329759455852,
          0.21570321458437988,
          0.21382024931712745,
          0.08425188616968896
        ],
        [
          0.05648333650439474,
          0.08269985756106801,
          0.20834936473268625,
          0.01666719420558038,
          0.09331072710077336,
          0.20469610734606952,
          0.33779341254942774
        ],
        [
          0.09204427876806992,
          0.2052140339792804,
          0.08238847472605092,
          0.32306983371145964,
          0.1579312784247952,
          0.052574525467138984,
          0.08677757492320497
        ],
        [
          0.12452165715609784,
          0.12091306269619925,
          0.18719272046411367,
          0.21066496030601162,
          0.06248874175503708,
          0.12881572870997038,
          0.16540312891257017
        ],
        [
          0.2670653905418999,
          0.047385978333970354,
          0.04989985200864593,
          0.05958559626875083,
          0.18778320521292016,
          0.31153702966000113,
          0.07674294797381156
        ],
        [
          0.0023855921921687676,
          0.0511372604900763,
          0.014960089117028659,
          0.3508386272786302,
          0.18141731650584325,
          0.1517373025984812,
          0.24752381181777164
        ]
      ],
      "timestamps": [
        0,
        1,
        2,
        3,
        4,
        5,
        6,
        7,
        8,
        9,
        10,
        11,
        12,
        13,
        14,
        15,
        16,
        17,
        18,
        19,
        20,
        21,
        22,
        23,
        24,
        25,
        26,
        27,
        28,
        29
      ],
      "distance": 826
    },
    {
      "trip_id": 1,
      "transport_method": "car",
      "start_time": 30,
      "path": [
        [
          1.5253966000000003,
          42.5058225
        ],
        [
          1.5259838452733197,
          42.50569829465447
        ],
        [
          1.526401607169112,
          42.505259149522345
        ],
        [
          1.5272838111021962,
          42.50539678434669
        ],
        [
          1.5281436813783986,
          42.505634158414516
        ],
        [
          1.5279299022999493,
          42.50519456374941
        ],
        [
          1.527039078538173,
          42.5051581032179
        ],
        [
          1.526153760985638,
          42.505042178843624
        ],
        [
          1.525268277940513,
          42.504927518906335
        ],
        [
          1.5243822897627364,
          42.50481684014527
        ],
        [
          1.523542558962585,
          42.50472548062725
        ],
        [
          1.5226600330364695,
          42.50459331365289
        ],
        [
          1.5219568083445862,
          42.504765733480816
        ],
        [
          1.5211669403326296,
          42.504743433943915
        ],
        [
          1.520804374108735,
          42.50457965198588
        ],
        [
          1.519985827661532,
          42.50422772167746
        ],
        [
          1.5191331038786304,
          42.5040005657942
        ],
        [
          1.5187634813763522,
          42.50456330188707
        ],
        [
          1.5182643656051467,
          42.50527268466
        ],
        [
          1.5175271904420684,
          42.50532572630611
        ],
        [
          1.5171151102003535,
          42.504763333212686
        ],
        [
          1.5171494339257536,
          42.50401439380083
        ],
        [
          1.51757538325974,
          42.504024261848194
        ],
        [
          1.5170417158510858,
          42.50420900236723
        ],
        [
          1.5171589113563582,
          42.50509415339275
        ],
        [
          1.5177743489214315,
          42.50536628337832
        ],
        [
          1.5185348317123952,
          42.504912222606
        ],
        [
          1.5182902558596998,
          42.50480245099729
        ],
        [
          1.518165965773451,
          42.50514659016464
        ],
        [
          1.5175237000000004,
          42.5052188
        ]
      ],
      "emotions": [
        "purple",
        "purple",
        "purple",
        "purple",
        "purple",
        "green",
        "green",
        "green",
        "green",
        "green",
        "green",
        "green",
        "green",
        "green",
        "green",
        "green",
        "green",
        "green",
        "green",
        "green",
        "purple",
        "purple",
        "purple",
        "purple",
        "purple",
        "green",
        "green",
        "green",
        "green",
        "green"
      ],
      "mood_vectors": [
        [
          0.20303199916504924,
          0.0637393840161574,
          0.18126153103317022,
          0.2060734691658987,
          0.10082097920462287,
          0.038017283240195494,
          0.20705535417490603
        ],
        [
          0.035125468287251875,
          0.0635394826203485,
          0.12104635383540537,
          0.3258591344257718,
          0.04876642831621655,
          0.12642618764581506,
          0.2792369448691908
        ],
        [
          0.10784206520945841,
          0.08080783209463913,
          0.1777923082397261,
          0.21082608823825674,
          0.07981061768413789,
          0.17494388471624378,
          0.16797720381753795
        ],
        [
          0.08267781164604289,
          0.1372330949710753,
          0.24546790951605574,
          0.17255189239765054,
          0.019247716395681583,
          0.19358603339708724,
          0.14923554167640674
        ],
        [
          0.04719045048317057,
          0.0005612052616077414,
          0.09347241277349395,
          0.11043103341850741,
          0.2893739288869497,
          0.16340044476568868,
          0.295570524410582
        ],
        [
          0.1717957912116674,
          0.12562217744181414,
          0.15911571792352297,
          0.23237467690069225,
          0.011175599557140942,
          0.15109089974531303,
          0.14882513721984922
        ],
        [
          0.2382553543766698,
          0.2563130697343015,
          0.16877471595955756,
          0.04210461059853567,
          0.2404215534716196,
          0.040787854144050915,
          0.013342841715265008
        ],
        [
          0.1915707625532816,
          0.13722333105464957,
          0.07589429968821687,
          0.027348068937622386,
          0.2698837626154004,
          0.2768908972380137,
          0.02118887791281538
        ],
        [
          0.13355643236652434,
          0.10191576773969083,
          0.18769110792810378,
          0.2545724023698261,
          0.12982269921875872,
          0.07774457269860921,
          0.11469701767848706
        ],
        [
          0.131664086404811,
          0.2988703923706663,
          0.11109764265420342,
          0.18354471707930964,
          0.10774099147762697,
          0.030883517975000982,
          0.13619865203838163
        ],
        [
          0.16076951402831544,
          0.06691100566180766,
          0.18165651410962563,
          0.12950132205891451,
          0.13975132143704067,
          0.21947129506188964,
          0.10193902764240648
        ],
        [
          0.03641979988037562,
          0.002601070457330737,
          0.1346575425659246,
          0.17808860019203337,
          0.22216371949858393,
          0.2998885454164694,
          0.12618072198928224
        ],
        [
          0.06271451970302061,
          0.12129944553712184,
          0.05062206221542556,
          0.2388433807916108,
          0.43371766021224945,
          0.053668888275549144,
          0.03913404326502263
        ],
        [
          0.087414775754127,
          0.05642360224150723,
          0.28031728046009846,
          0.048247451748738256,
          0.30502936175786466,
          0.20223953449551746,
          0.020327993542147038
        ],
        [
          0.15307328408438342,
          0.17836386529986706,
          0.24215020588503322,
          0.0515221184841114,
          0.006816757432949571,
          0.12937601451528202,
          0.23869775429837328
        ],
        [
          0.18686954631895034,
          0.12604211998270365,
          0.05143057299722613,
          0.1662912421876787,
          0.10981482495834387,
          0.16745244708613594,
          0.19209924646896137
        ],
        [
          0.11522720394585588,
          0.22838390348892165,
          0.1495780692034963,
          0.19947392783637585,
          0.008702966774527436,
          0.08577131544190085,
          0.2128626133089221
        ],
        [
          0.1003793990216301,
          0.0373594700120499,
          0.1299989244113112,
          0.23680213566728087,
          0.17416508041785578,
          0.15259604501034607,
          0.16869894545952605
        ],
        [
          0.00265719711311108,
          0.2179884804689296,
          0.02772950726541155,
          0.28243369663540496,
          0.14414333122298356,
          0.12284222057657639,
          0.2022055667175829
        ],
        [
          0.20670223902716495,
          0.1533968629460206,
          0.07964531648404102,
          0.14303790898798557,
          0.15902301602673302,
          0.2254195514446475,
          0.032775105083407384
        ],
        [
          0.09842539174216247,
          0.1906240372645019,
          0.22080397704075608,
          0.1808152549654554,
          0.04688914617364386,
          0.08468885937944001,
          0.17775333343404034
        ],
        [
          0.18979531804609198,
          0.17045053863038062,
          0.02611440464905852,
          0.19447435556831708,
          0.15687893837539515,
          0.06533758205787481,
          0.19694886267288184
        ],
        [
          0.23090910802878897,
          0.05565392051811274,
          0.22823535343312337,
          0.01891507092332637,
          0.07855261979781247,
          0.162902945841435,
          0.22483098145740107
        ],
        [
          0.025220891631821063,
          0.1253311754395323,
          0.1870785525009835,
          0.18407627238579655,
          0.17091589578118946,
          0.11735169514036876,
          0.19002551712030835
        ],
        [
          0.06897204968703118,
          0.17771163809235557,
          0.14724356412441883,
          0.1877753565601496,
          0.06580407517709426,
          0.16220009201869148,
          0.19029322434025908
        ],
        [
          0.016991237676249712,
          0.2799597858299677,
          0.15644090240101657,
          0.19172023700760502,
          0.004838896796078091,
          0.2548184919723554,
          0.0952304483167275
        ],
        [
          0.02102632902771624,
          0.04219987113650341,
          0.18558570249413525,
          0.2512085001484978,
          0.19327865202564753,
          0.06319005864911865,
          0.2435108865183811
        ],
        [
          0.23326905904732412,
          0.004105868370695991,
          0.014061355743717079,
          0.2730187081818212,
          0.23456560366845078,
          0.036998245280438415,
          0.2039811597075524
        ],
        [
          0.04576621451636814,
          0.06138763125415943,
          0.1385404209698658,
          0.1843673810210687,
          0.07846263268093241,
          0.32642281549321017,
          0.1650529040643954
        ],
        [
          0.15046051221185858,
          0.09883420619671665,
          0.0495953071527286,
          0.18759025655815315,
          0.21567153024423907,
          0.10762406913096033,
          0.1902241185053436
        ]
      ],
      "timestamps": [
        30,
        31,
        32,
        33,
        34,
        35,
        36,
        37,
        38,
        39,
        40,
        41,
        42,
        43,
        44,
        45,
        46,
        47,
        48,
        49,
        50,
        51,
        52,
        53,
        54,
        55,
        56,
        57,
        58,
        59
      ],
      "distance": 924.9
    },
    {
      "trip_id": 2,
      "transport_method": "bicycle",
      "start_time": 60,
      "path": [
        [
          1.5175237000000004,
          42.5052188
        ],
        [
          1.5176835165450573,
          42.50543066538789
        ],
        [
          1.517997950206532,
          42.50547098100786
        ],
        [
          1.518312059410909,
          42.50558221589756
        ],
        [
          1.5184443621478425,
          42.505902838104326
        ],
        [
          1.51864857069172,
          42.50618298499456
        ],
        [
          1.5187833908577664,
          42.50648700520319
        ],
        [
          1.5188004289903125,
          42.50683451211491
        ],
        [
          1.5185383889087256,
          42.506614943236784
        ],
        [
          1.5182779854364568,
          42.50638420229269
        ],
        [
          1.5180175819641881,
          42.50615346134861
        ],
        [
          1.5176869136325999,
          42.50604836116951
        ],
        [
          1.5173996696237335,
          42.506005870582946
        ],
        [
          1.5177350992929204,
          42.506098273443705
        ],
        [
          1.517939564483126,
          42.50625115844481
        ],
        [
          1.517972792607364,
          42.506179970017655
        ],
        [
          1.5182296515088782,
          42.506383985129716
        ],
        [
          1.5184917493901176,
          42.50661279957921
        ],
        [
          1.5187608875056564,
          42.506807631621975
        ],
        [
          1.5187860100745627,
          42.506540426312434
        ],
        [
          1.5189321583655842,
          42.50635656876927
        ],
        [
          1.5192641620670595,
          42.50627596818159
        ],
        [
          1.5195224750954948,
          42.506367218990015
        ],
        [
          1.5198672370533295,
          42.50641402223859
        ],
        [
          1.5198408344266383,
          42.506494843580214
        ],
        [
          1.519548867907748,
          42.5066583175107
        ],
        [
          1.5194393,
          42.5069237
        ]
      ],
      "emotions": [
        "purple",
        "purple",
        "purple",
        "purple",
        "purple",
        "red",
        "red",
        "red",
        "red",
        "red",
        "purple",
        "purple",
        "purple",
        "purple",
        "purple",
        "red",
        "red",
        "red",
        "red",
        "red",
        "red",
        "red",
        "red",
        "red",
        "red",
        "green",
        "green"
      ],
      "mood_vectors": [
        [
          0.1123814293168957,
          0.1931970151555385,
          0.15119939983327998,
          0.16178451703630645,
          0.19722542362064713,
          0.14131376081993904,
          0.042898454217393266
        ],
        [
          0.05429476027195421,
          0.10456295834355668,
          0.23322363266206664,
          0.07079312633993685,
          0.21969779454010996,
          0.14427778228025864,
          0.17314994556211696
        ],
        [
          0.17939526455036636,
          0.052103844315003055,
          0.16092197793854768,
          0.1388921517939677,
          0.16305045332589704,
          0.2055244185957865,
          0.1001118894804317
        ],
        [
          0.1653700013141106,
          0.08988664128324508,
          0.2354657364599838,
          0.2058443485666607,
          0.04559138429419019,
          0.22300616400818526,
          0.03483572407362442
        ],
        [
          0.1157701042053401,
          0.0710246866779652,
          0.1623512495389818,
          0.34922401961320787,
          0.17199823595925745,
          0.09951025795289127,
          0.030121446052356293
        ],
        [
          0.22526935030868267,
          0.12032583024181237,
          0.18657769283739828,
          0.23216666589907614,
          0.050105995970762145,
          0.019237015520809562,
          0.16631744922145877
        ],
        [
          0.12916303908430873,
          0.012086439966970211,
          0.05922884714545261,
          0.05250957070064606,
          0.31522951391158044,
          0.177835622764631,
          0.25394696642641096
        ],
        [
          0.014130351532937499,
          0.17686046873129932,
          0.1350110845462702,
          0.29443243070171815,
          0.15548382352642268,
          0.1207415762208087,
          0.1033402647405434
        ],
        [
          0.06914357709819571,
          0.24782734017324026,
          0.24933984720436128,
          0.18200085227025287,
          0.2191829538069935,
          0.027824157281027974,
          0.00468127216592836
        ],
        [
          0.02144064978798688,
          0.04144983609465238,
          0.051732737695581496,
          0.3075762835572915,
          0.1149057227612005,
          0.12609654152124286,
          0.3367982285820444
        ],
        [
          0.16545409686576104,
          0.15172014099432213,
          0.18368740278817736,
          0.1480876642962836,
          0.08655462864697736,
          0.15424588329151717,
          0.1102501831169613
        ],
        [
          0.047033628711622553,
          0.14863728868658627,
          0.16746000701793273,
          0.06241015952959038,
          0.046254645676958174,
          0.2928116560898784,
          0.23539261428743147
        ],
        [
          0.029043018605628246,
          0.32833757667553354,
          0.023702343374322372,
          0.12072568819692696,
          0.25866610532398593,
          0.20386823858292255,
          0.03565702924068046
        ],
        [
          0.05895483312608079,
          0.03411939340055694,
          0.22276321556694395,
          0.08805784461804418,
          0.030039392690134243,
          0.28196986232208715,
          0.2840954582761527
        ],
        [
          0.10192797148414483,
          0.15402112691061332,
          0.21369662487333543,
          0.11917532843206098,
          0.13321834062329702,
          0.21609711223176953,
          0.06186349544477882
        ],
        [
          0.2534304022493666,
          0.1276362346153017,
          0.13284507403336712,
          0.15822301937596808,
          0.20412494036991513,
          0.10362144773026752,
          0.02011888162581379
        ],
        [
          0.34447245641126234,
          0.02840727701721008,
          0.3018266722383086,
          0.0833550313651294,
          0.03736806585531889,
          0.02821305955673932,
          0.17635743755603137
        ],
        [
          0.19526346587741258,
          0.17733002601709458,
          0.0004324451504815326,
          0.22532427335928762,
          0.06800966192504873,
          0.14421830511799033,
          0.18942182255268458
        ],
        [
          0.0940249834063127,
          0.17345858778555412,
          0.2571280560323676,
          0.09602673382261376,
          0.24564138711141126,
          0.10226452237273057,
          0.03145572946901002
        ],
        [
          0.09030478509125618,
          0.1667393815139169,
          0.01686348706538256,
          0.23499391529581937,
          0.30948048342718426,
          0.1679022944279549,
          0.013715653178485792
        ],
        [
          0.16482094939217956,
          0.21800396698952373,
          0.23313697988238993,
          0.12534485304803156,
          0.062044417722011615,
          0.14393002370905258,
          0.05271880925681101
        ],
        [
          0.1723830399076974,
          0.18698740075461676,
          0.22161007305786007,
          0.14190285485679868,
          0.059297685094320964,
          0.20602544573794915,
          0.011793500590756904
        ],
        [
          0.022558425257963994,
          0.10332133720977396,
          0.22156472080257236,
          0.23341348684367288,
          0.17240480458541804,
          0.2135474554686719,
          0.033189769831926806
        ],
        [
          0.08485849654971127,
          0.15867010133271495,
          0.16760328379504372,
          0.19159761073999856,
          0.16048135312934772,
          0.05904364101806887,
          0.1777455134351149
        ],
        [
          0.08774861233387153,
          0.014567900018564554,
          0.21741567186862126,
          0.24498157562668751,
          0.16842890843416905,
          0.04214394549946485,
          0.22471338621862122
        ],
        [
          0.33832410768969073,
          0.06331470354290941,
          0.1294290080716197,
          0.18940860606855073,
          0.1668824491101293,
          0.005448441974281143,
          0.10719268354281902
        ],
        [
          0.18479397699565533,
          0.09197078219252552,
          0.2298059925039963,
          0.20474872296664973,
          0.07309983360941792,
          0.15337685379400923,
          0.06220383793774596
        ]
      ],
      "timestamps": [
        60,
        61,
        62,
        63,
        64,
        65,
        66,
        67,
        68,
        69,
        70,
        71,
        72,
        73,
        74,
        75,
        76,
        77,
        78,
        79,
        80,
        81,
        82,
        83,
        84,
        85,
        86
      ],
      "distance": 409.3
    },
    {
      "trip_id": 3,
      "transport_method": "car",
      "start_time": 87,
      "path": [
        [
          1.5196738000000007,
          42.5072991
        ],
        [
          1.5197742544104966,
          42.50759922778464
        ],
        [
          1.5198492217962103,
          42.507617100308515
        ],
        [
          1.519639256060379,
          42.508365465906685
        ],
        [
          1.5195914446119587,
          42.50779481902253
        ],
        [
          1.5205354681559389,
          42.50764728198579
        ],
        [
          1.5214465466957234,
          42.508132030651495
        ],
        [
          1.5211438623128384,
          42.508281032577486
        ],
        [
          1.5219412657854905,
          42.50833798886804
        ],
        [
          1.5220203532296601,
          42.508414665440064
        ],
        [
          1.5224237943986836,
          42.5085067262073
        ],
        [
          1.5233491007132978,
          42.50844808356015
        ],
        [
          1.5237259000000005,
          42.508950799999994
        ]
      ],
      "emotions": [
        "green",
        "green",
        "green",
        "green",
        "green",
        "green",
        "green",
        "green",
        "green",
        "green",
        "green",
        "green",
        "green"
      ],
      "mood_vectors": [
        [
          0.12536666312817046,
          0.12316268772007773,
          0.21273298562345272,
          0.18492056498163117,
          0.15862057728550388,
          0.15414525456181555,
          0.04105126669934841
        ],
        [
          0.028501221790420368,
          0.13082153447044936,
          0.23229058922295087,
          0.17683187211745247,
          0.23334029971497736,
          0.08541992141798749,
          0.11279456126576208
        ],
        [
          0.16225226571713014,
          0.20411399017266346,
          0.0872004578034312,
          0.05723695792173616,
          0.14288400918544758,
          0.2408912285432019,
          0.10542109065638963
        ],
        [
          0.19921273929625918,
          0.04452867503276492,
          0.0920271132793007,
          0.09790929436947622,
          0.1389712217667282,
          0.19700951233240893,
          0.23034144392306188
        ],
        [
          0.03579202002424523,
          0.1148629291735284,
          0.17630482887445,
          0.1286755106024825,
          0.17589872945455312,
          0.19085802887308423,
          0.1776079529976566
        ],
        [
          0.18650867537192112,
          0.13520793298133604,
          0.171681487783938,
          0.11253926448233173,
          0.08811192649783253,
          0.18356826571970727,
          0.12238244716293338
        ],
        [
          0.2478207902591294,
          0.028373210634356733,
          0.21436274255709026,
          0.1968506251237792,
          0.04828254061858231,
          0.05547797548495623,
          0.20883211532210585
        ],
        [
          0.229165186903516,
          0.27290107839195854,
          0.2596448104859556,
          0.10002692639862744,
          0.07024862132016811,
          0.04425107751565394,
          0.02376229898412036
        ],
        [
          0.038399081560525905,
          0.20090338139821082,
          0.2447508595377925,
          0.0042188315418727924,
          0.2428587880928685,
          0.12051258794646137,
          0.1483564699222681
        ],
        [
          0.049074722847764735,
          0.1988679887774951,
          0.21523748896732237,
          0.17797589994315774,
          0.04952849515551406,
          0.07512945104026032,
          0.23418595326848562
        ],
        [
          0.1538656818216363,
          0.16449439536789534,
          0.1992555989583242,
          0.19518495918135798,
          0.19511979804691362,
          0.06641378225692127,
          0.025665784366951373
        ],
        [
          0.05617616702290686,
          0.04131256657694162,
          0.2511167718744641,
          0.146549663459574,
          0.023655147166731352,
          0.3720476934823722,
          0.10914199041700992
        ],
        [
          0.015024884070664976,
          0.20770990881190277,
          0.08965660259654616,
          0.04761540873746413,
          0.20935031988298858,
          0.2034749578420692,
          0.22716791805836414
        ]
      ],
      "timestamps": [
        87,
        88,
        89,
        90,
        91,
        92,
        93,
        94,
        95,
        96,
        97,
        98,
        99
      ],
      "distance": 1036.2
    }
  ],
  "conversation": [
    "You can feel the layers of stories here.",
    "I should grab a milk tea while I'm here.",
    "I wish I had more time to explore.I should be coding, but this walk is worth it."
  ],
  "conversation_timestamps": [
    4,
    54,
    84
  ]
}
