{"agent_id": "agent-orange-1078", "type": "orange", "trips": [{"trip_id": 0, "transport_method": "foot", "start_time": 0, "path": [[1.5220979, 42.5048366], [1.5245525, 42.5050229], [1.5270213, 42.5053026], [1.5286916, 42.505334], [1.5309686, 42.5061727], [1.5321009, 42.5067437], [1.5344316, 42.5072372], [1.536831, 42.5077752], [1.5392421, 42.5082435], [1.5415072, 42.5087773], [1.5432232, 42.5089857], [1.5456461, 42.5094706], [1.5463735, 42.5098598], [1.5476717, 42.511321], [1.5495551, 42.5117897], [1.5508515, 42.5124285], [1.5514349, 42.5128849], [1.5527232, 42.5140352], [1.5534975, 42.5163286], [1.5551719, 42.5180796], [1.5569981, 42.5195825], [1.558738, 42.5213376], [1.5597642, 42.5221529], [1.5618216, 42.5235474], [1.5638279, 42.5249041], [1.5661235, 42.5258021], [1.5681682, 42.5272274], [1.5702917, 42.5285208], [1.5724082, 42.5293474], [1.5740262, 42.5308441], [1.5763775, 42.5316195], [1.5786089, 42.5318041], [1.5786404, 42.5317466], [1.5811406, 42.5317222], [1.5835597, 42.5320918], [1.5855278, 42.5335892], [1.5876468, 42.5348916], [1.5891311, 42.5367946], [1.591343, 42.5379034], [1.5919893, 42.5402255], [1.5916205, 42.5423355], [1.5917503, 42.544752], [1.5917185, 42.5468056], [1.5923204, 42.548532], [1.5917398, 42.5508968], [1.5912118, 42.552623], [1.5909041, 42.5529696], [1.5913166, 42.5547542], [1.5916528, 42.5571045], [1.5933758, 42.5585504], [1.5937022, 42.5606572], [1.5936793, 42.5618052], [1.5951929, 42.5634072], [1.5958953, 42.5642964], [1.5937769, 42.5631154], [1.594437, 42.5627132], [1.5964487, 42.5641986], [1.5986561, 42.5648445], [1.6005644, 42.5662253], [1.6023459, 42.5678664], [1.6045871, 42.5688059], [1.6059877, 42.5705947], [1.608386, 42.57126], [1.6108356, 42.5714282], [1.6132046, 42.5720296], [1.6156109, 42.572678], [1.6178445, 42.5733785], [1.6201021, 42.5743077], [1.6222304, 42.575486], [1.6245935, 42.5762383], [1.6264976, 42.5777601], [1.628952, 42.577878], [1.6313076, 42.5784691], [1.6337814, 42.5781445], [1.6360232, 42.577912], [1.638496, 42.5782068], [1.6409302, 42.5784047], [1.643345, 42.5781716], [1.645214, 42.5786379], [1.6475371, 42.5792152]], "mood_vectors": [[0.0568, 0.0369, 0.0624, 0.0437, 0.6624, 0.0665, 0.0713], [0.0761, 0.0366, 0.0384, 0.0259, 0.7086, 0.0247, 0.0897], [0.0501, 0.0663, 0.0198, 0.0708, 0.695, 0.0371, 0.0609], [0.0726, 0.0856, 0.0896, 0.064, 0.5849, 0.0211, 0.0822], [0.0244, 0.013, 0.0678, 0.0761, 0.6917, 0.0602, 0.0669], [0.0791, 0.0471, 0.0475, 0.0477, 0.719, 0.0253, 0.0344], [0.0222, 0.0473, 0.0315, 0.0229, 0.748, 0.0842, 0.0438], [0.0531, 0.0709, 0.0431, 0.0439, 0.7326, 0.0407, 0.0158], [0.0585, 0.0358, 0.0461, 0.053, 0.7144, 0.0468, 0.0454], [0.0864, 0.0698, 0.0245, 0.085, 0.6125, 0.0685, 0.0533], [0.0143, 0.0363, 0.0619, 0.0288, 0.8096, 0.0301, 0.019], [0.0599, 0.0856, 0.0428, 0.0238, 0.7314, 0.0316, 0.0248], [0.0223, 0.0318, 0.0304, 0.048, 0.7627, 0.0681, 0.0368], [0.0867, 0.0165, 0.0371, 0.0757, 0.6744, 0.0494, 0.0603], [0.0462, 0.0453, 0.0788, 0.0694, 0.6306, 0.0669, 0.0628], [0.0659, 0.0597, 0.0367, 0.0677, 0.6878, 0.0174, 0.0648], [0.0282, 0.0581, 0.0473, 0.0886, 0.7133, 0.0458, 0.0187], [0.0395, 0.0511, 0.03, 0.0626, 0.7424, 0.0557, 0.0187], [0.0418, 0.0198, 0.0554, 0.0662, 0.6799, 0.0779, 0.059], [0.0563, 0.0793, 0.0614, 0.0462, 0.721, 0.0176, 0.0182], [0.0347, 0.0488, 0.0628, 0.0665, 0.6846, 0.0256, 0.0771], [0.0609, 0.094, 0.0232, 0.0817, 0.6259, 0.0745, 0.0396], [0.0577, 0.0499, 0.0194, 0.0219, 0.7088, 0.0541, 0.0882], [0.0183, 0.0676, 0.0136, 0.0761, 0.7571, 0.0291, 0.0382], [0.0633, 0.0562, 0.0542, 0.0546, 0.6239, 0.0783, 0.0696], [0.0418, 0.015, 0.0624, 0.0432, 0.7043, 0.0783, 0.0551], [0.0408, 0.0488, 0.0329, 0.0147, 0.7552, 0.0367, 0.0709], [0.0532, 0.0712, 0.0296, 0.0152, 0.7237, 0.0925, 0.0147], [0.0751, 0.0308, 0.046, 0.0579, 0.7289, 0.037, 0.0242], [0.0463, 0.0485, 0.0357, 0.0372, 0.7268, 0.0621, 0.0435], [0.0401, 0.0378, 0.0522, 0.0501, 0.7116, 0.0713, 0.037], [0.0275, 0.0742, 0.0731, 0.0372, 0.7012, 0.0259, 0.0609], [0.0259, 0.0468, 0.064, 0.0302, 0.7865, 0.0139, 0.0327], [0.0512, 0.0662, 0.0361, 0.0716, 0.6763, 0.0275, 0.0711], [0.0725, 0.0557, 0.0541, 0.032, 0.7079, 0.0134, 0.0644], [0.04, 0.0381, 0.023, 0.0779, 0.6957, 0.0804, 0.0449], [0.027, 0.0524, 0.0692, 0.0706, 0.7273, 0.0178, 0.0356], [0.0374, 0.0783, 0.0698, 0.0544, 0.6949, 0.042, 0.0231], [0.0954, 0.0857, 0.0201, 0.0515, 0.6781, 0.0251, 0.044], [0.0317, 0.0334, 0.0307, 0.0684, 0.7167, 0.0493, 0.0699], [0.0179, 0.046, 0.0167, 0.0419, 0.6811, 0.0997, 0.0968], [0.0628, 0.0292, 0.0587, 0.0713, 0.6905, 0.0618, 0.0257], [0.0129, 0.0644, 0.0739, 0.0434, 0.6526, 0.0793, 0.0735], [0.0439, 0.0673, 0.0771, 0.0187, 0.6739, 0.0539, 0.0652], [0.0487, 0.0858, 0.0621, 0.0713, 0.6117, 0.0422, 0.0781], [0.0565, 0.0741, 0.0469, 0.0279, 0.6851, 0.0485, 0.061], [0.0173, 0.0125, 0.0707, 0.0584, 0.7727, 0.0521, 0.0163], [0.0452, 0.0711, 0.0773, 0.0917, 0.5992, 0.038, 0.0775], [0.0434, 0.0299, 0.1045, 0.0236, 0.6884, 0.0224, 0.0878], [0.0458, 0.0338, 0.0804, 0.0539, 0.7305, 0.0316, 0.0239], [0.0429, 0.0789, 0.0164, 0.0342, 0.6858, 0.0828, 0.0591], [0.0482, 0.0264, 0.0138, 0.0149, 0.8015, 0.0802, 0.015], [0.0171, 0.0135, 0.0867, 0.0549, 0.7443, 0.0292, 0.0543], [0.0483, 0.0588, 0.0367, 0.026, 0.7493, 0.0389, 0.0421], [0.0371, 0.0783, 0.0166, 0.0377, 0.7711, 0.0381, 0.0211], [0.0626, 0.0412, 0.037, 0.0193, 0.7307, 0.0524, 0.0568], [0.0309, 0.0487, 0.0335, 0.0615, 0.7796, 0.0256, 0.0202], [0.0154, 0.0638, 0.0707, 0.0249, 0.6685, 0.0823, 0.0745], [0.0792, 0.0771, 0.0386, 0.0278, 0.6748, 0.0284, 0.074], [0.0576, 0.0214, 0.0723, 0.0494, 0.659, 0.0711, 0.0691], [0.0255, 0.081, 0.0642, 0.075, 0.6423, 0.0391, 0.0729], [0.0667, 0.0222, 0.0504, 0.0678, 0.6713, 0.0401, 0.0815], [0.0866, 0.0342, 0.0697, 0.0367, 0.6795, 0.0612, 0.0322], [0.0348, 0.0715, 0.0129, 0.0477, 0.7464, 0.0745, 0.0121], [0.0418, 0.0237, 0.068, 0.0204, 0.7787, 0.0248, 0.0427], [0.0705, 0.0483, 0.0378, 0.0366, 0.7186, 0.0392, 0.0491], [0.0534, 0.0581, 0.0744, 0.0404, 0.6293, 0.0801, 0.0644], [0.0638, 0.0814, 0.02, 0.0454, 0.6833, 0.0765, 0.0295], [0.0892, 0.0528, 0.0493, 0.06, 0.6278, 0.0758, 0.045], [0.0164, 0.0712, 0.0811, 0.038, 0.671, 0.0587, 0.0636], [0.076, 0.0758, 0.075, 0.0601, 0.6204, 0.0302, 0.0626], [0.0504, 0.0844, 0.0416, 0.0225, 0.7348, 0.0152, 0.0511], [0.0467, 0.0505, 0.0476, 0.0716, 0.6764, 0.0685, 0.0387], [0.0334, 0.0215, 0.091, 0.0465, 0.743, 0.0281, 0.0365], [0.0348, 0.0189, 0.0878, 0.0608, 0.7098, 0.0362, 0.0516], [0.0427, 0.0609, 0.0636, 0.0364, 0.7508, 0.0112, 0.0344], [0.0451, 0.0532, 0.07, 0.0708, 0.6715, 0.0337, 0.0558], [0.0134, 0.0673, 0.063, 0.0595, 0.7247, 0.0589, 0.0133], [0.039, 0.0743, 0.0717, 0.0596, 0.6948, 0.0335, 0.0272], [0.029, 0.0451, 0.0687, 0.0321, 0.7537, 0.0332, 0.0381]], "emotions": ["red", "red", "red", "red", "red", "red", "red", "red", "red", "red", "red", "red", "red", "red", "red", "red", "red", "red", "red", "red", "red", "red", "red", "red", "red", "red", "red", "red", "red", "red", "red", "red", "red", "red", "red", "red", "red", "red", "red", "red", "red", "red", "red", "red", "red", "red", "red", "red", "red", "red", "red", "red", "red", "red", "red", "red", "red", "red", "red", "red", "red", "red", "red", "red", "red", "red", "red", "red", "red", "red", "red", "red", "red", "red", "red", "red", "red", "red", "red", "red"], "timestamps": [0, 40, 80, 120, 160, 200, 240, 280, 320, 360, 400, 440, 480, 520, 560, 600, 640, 680, 720, 760, 800, 840, 880, 920, 960, 1000, 1040, 1080, 1120, 1160, 1200, 1240, 1280, 1320, 1360, 1400, 1440, 1480, 1520, 1560, 1600, 1640, 1680, 1720, 1760, 1800, 1840, 1880, 1920, 1960, 2000, 2040, 2080, 2120, 2160, 2200, 2240, 2280, 2320, 2360, 2400, 2440, 2480, 2520, 2560, 2600, 2640, 2680, 2720, 2760, 2800, 2840, 2880, 2920, 2960, 3000, 3040, 3080, 3120, 3160]}], "conversation": [], "conversation_timestamps": []}