{"agent_id": "agent-green-102", "type": "green", "trips": [{"trip_id": 0, "transport_method": "car", "start_time": 0, "path": [[1.4899735, 42.4611432], [1.4905986, 42.4618925], [1.4908187, 42.4637557], [1.4916214, 42.4656219], [1.4915687, 42.4672982], [1.492019, 42.4693584], [1.4914919, 42.4713694], [1.4905567, 42.4732758], [1.490834, 42.4753424], [1.4904873, 42.4773898], [1.4901539, 42.4794926], [1.4898206, 42.4815955], [1.4893956, 42.4802235], [1.4900732, 42.4782717], [1.4906161, 42.4766657], [1.4904479, 42.4787881], [1.4902798, 42.4809106], [1.4903841, 42.4829698], [1.4915522, 42.4846236], [1.4934456, 42.4854086], [1.4947382, 42.4870091], [1.4953177, 42.4889163], [1.4962903, 42.4907124], [1.4977984, 42.4920669], [1.4996491, 42.4931129], [1.5012384, 42.4944238], [1.5031671, 42.4953243], [1.5051142, 42.4961644], [1.5071294, 42.4968507], [1.5090792, 42.4977008], [1.5107685, 42.4989321], [1.5120774, 42.5006112], [1.5135605, 42.5020875], [1.5128841, 42.5016774], [1.5148007, 42.5026045], [1.5155008, 42.5030406], [1.5165239, 42.5036563], [1.5186346, 42.5035918], [1.5205979, 42.5041063], [1.5225161, 42.5047124], [1.524617, 42.5050356], [1.526717, 42.5052994], [1.5280193, 42.5053057], [1.5301215, 42.5055846], [1.5319182, 42.5066822], [1.5328092, 42.5067272], [1.5347232, 42.507405], [1.5367964, 42.5077731], [1.5388373, 42.5082246], [1.5407359, 42.5086776], [1.5420791, 42.5088905], [1.5441511, 42.5092795], [1.5460896, 42.5096541], [1.5464025, 42.5100839], [1.5475413, 42.5112858], [1.549605, 42.5118063], [1.5500878, 42.5120089], [1.5514166, 42.5129564], [1.552175, 42.5133498], [1.5526994, 42.5145409], [1.553542, 42.5164571], [1.5549952, 42.5179265], [1.5566101, 42.5191448], [1.5580167, 42.5206764], [1.5596727, 42.5219975], [1.5604342, 42.5225377], [1.562093, 42.5238493], [1.5638576, 42.524924], [1.5658253, 42.5256476], [1.5675598, 42.5268714], [1.5693835, 42.52794], [1.5711219, 42.5291543], [1.5725735, 42.5306754], [1.5740969, 42.5321399], [1.5760933, 42.5326199], [1.5781769, 42.5329776], [1.5801639, 42.5336657], [1.5814641, 42.5352713], [1.5828647, 42.5362756], [1.5847554, 42.5367682]], "mood_vectors": [[0.07, 0.0288, 0.0749, 0.0219, 0.018, 0.0189, 0.7674], [0.0455, 0.0156, 0.0809, 0.0806, 0.0397, 0.0571, 0.6807], [0.0622, 0.0743, 0.0572, 0.0561, 0.0374, 0.0394, 0.6733], [0.0821, 0.0525, 0.0286, 0.0253, 0.044, 0.0329, 0.7346], [0.0241, 0.0566, 0.061, 0.0374, 0.072, 0.0635, 0.6855], [0.0248, 0.0805, 0.0733, 0.0573, 0.0215, 0.0521, 0.6907], [0.0317, 0.0699, 0.0511, 0.0692, 0.0377, 0.0335, 0.7069], [0.0291, 0.0329, 0.0646, 0.0503, 0.0269, 0.0322, 0.764], [0.0562, 0.0829, 0.0273, 0.0312, 0.0411, 0.0694, 0.6919], [0.0665, 0.0302, 0.0297, 0.024, 0.0266, 0.0685, 0.7544], [0.0364, 0.0746, 0.0778, 0.0562, 0.0128, 0.0551, 0.6872], [0.0844, 0.0581, 0.0935, 0.0391, 0.0746, 0.0462, 0.6042], [0.0505, 0.0365, 0.0663, 0.07, 0.048, 0.0223, 0.7064], [0.0179, 0.11, 0.0464, 0.0193, 0.0562, 0.0608, 0.6894], [0.0805, 0.0648, 0.0731, 0.0163, 0.0137, 0.0468, 0.7048], [0.0418, 0.0393, 0.0435, 0.0482, 0.06, 0.0326, 0.7344], [0.0476, 0.0774, 0.0757, 0.0413, 0.0253, 0.0426, 0.6902], [0.0517, 0.0377, 0.0657, 0.0366, 0.0214, 0.069, 0.7179], [0.0849, 0.0487, 0.0693, 0.0478, 0.0655, 0.0838, 0.6], [0.0341, 0.0645, 0.0373, 0.0736, 0.0536, 0.0221, 0.7148], [0.0511, 0.0552, 0.0193, 0.034, 0.0358, 0.0338, 0.7709], [0.075, 0.0294, 0.08, 0.0279, 0.0341, 0.0297, 0.7239], [0.0568, 0.039, 0.0414, 0.0504, 0.0695, 0.047, 0.6958], [0.0185, 0.0664, 0.0529, 0.0464, 0.0694, 0.0271, 0.7193], [0.0613, 0.02, 0.0786, 0.0287, 0.0662, 0.0146, 0.7306], [0.048, 0.0705, 0.0172, 0.0685, 0.0239, 0.0702, 0.7017], [0.0131, 0.0454, 0.0449, 0.0716, 0.0489, 0.0235, 0.7527], [0.0586, 0.0345, 0.0828, 0.0422, 0.0204, 0.0369, 0.7246], [0.0765, 0.0591, 0.0328, 0.0954, 0.0162, 0.0629, 0.6572], [0.0783, 0.0199, 0.0333, 0.0643, 0.0498, 0.0687, 0.6859], [0.0706, 0.0577, 0.0411, 0.0861, 0.0337, 0.0272, 0.6837], [0.0331, 0.019, 0.0541, 0.0711, 0.0418, 0.0506, 0.7303], [0.0528, 0.0518, 0.0674, 0.0343, 0.0618, 0.0357, 0.6962], [0.023, 0.0664, 0.0372, 0.0682, 0.051, 0.0499, 0.7042], [0.0171, 0.0594, 0.0651, 0.0381, 0.0818, 0.0183, 0.7202], [0.0481, 0.0773, 0.0393, 0.0852, 0.0439, 0.0803, 0.626], [0.0322, 0.0442, 0.013, 0.0703, 0.0719, 0.0591, 0.7093], [0.0598, 0.0343, 0.0255, 0.111, 0.0274, 0.0347, 0.7074], [0.0133, 0.0278, 0.0205, 0.0274, 0.0697, 0.0638, 0.7775], [0.0758, 0.0125, 0.0647, 0.0328, 0.0704, 0.0449, 0.6989], [0.0722, 0.0624, 0.0163, 0.0726, 0.0198, 0.0459, 0.7108], [0.0332, 0.0469, 0.0431, 0.0152, 0.0408, 0.0578, 0.763], [0.0169, 0.052, 0.0541, 0.0475, 0.0639, 0.0774, 0.6882], [0.0314, 0.0389, 0.0231, 0.0342, 0.0611, 0.0196, 0.7917], [0.0319, 0.0564, 0.0595, 0.0275, 0.0544, 0.0624, 0.708], [0.0456, 0.0597, 0.0494, 0.0707, 0.0417, 0.0248, 0.7083], [0.0554, 0.039, 0.0488, 0.0142, 0.0788, 0.0347, 0.7291], [0.0446, 0.04, 0.0221, 0.0425, 0.0825, 0.0895, 0.6787], [0.0539, 0.097, 0.0457, 0.0365, 0.0866, 0.0873, 0.5929], [0.0826, 0.0617, 0.0508, 0.073, 0.0231, 0.0688, 0.6401], [0.0718, 0.0256, 0.0774, 0.0172, 0.0555, 0.0387, 0.7138], [0.0447, 0.0501, 0.0131, 0.0487, 0.0357, 0.0378, 0.77], [0.0281, 0.0742, 0.0738, 0.0237, 0.0384, 0.0678, 0.694], [0.0145, 0.0223, 0.0832, 0.0784, 0.0177, 0.0598, 0.7241], [0.0732, 0.0803, 0.0184, 0.0789, 0.0498, 0.0785, 0.6209], [0.0567, 0.0213, 0.051, 0.0695, 0.038, 0.0326, 0.7309], [0.0457, 0.0758, 0.0394, 0.0353, 0.0294, 0.0778, 0.6966], [0.0919, 0.051, 0.0227, 0.0204, 0.0267, 0.0803, 0.707], [0.0225, 0.0366, 0.0732, 0.0428, 0.0546, 0.0518, 0.7184], [0.0767, 0.0484, 0.0545, 0.027, 0.076, 0.0707, 0.6467], [0.0493, 0.0287, 0.032, 0.0526, 0.0291, 0.0214, 0.7869], [0.0192, 0.02, 0.0561, 0.0725, 0.057, 0.0718, 0.7035], [0.0558, 0.0762, 0.0453, 0.022, 0.0406, 0.0273, 0.7328], [0.0201, 0.0252, 0.0836, 0.0155, 0.0282, 0.0312, 0.7962], [0.073, 0.0621, 0.0759, 0.0138, 0.0714, 0.0846, 0.6192], [0.0388, 0.0536, 0.0353, 0.0883, 0.0477, 0.028, 0.7083], [0.0192, 0.0563, 0.0379, 0.0594, 0.062, 0.0792, 0.686], [0.0183, 0.0699, 0.077, 0.0239, 0.0692, 0.0624, 0.6794], [0.0362, 0.0794, 0.0661, 0.0387, 0.0618, 0.0275, 0.6903], [0.0289, 0.0735, 0.065, 0.0842, 0.0557, 0.0785, 0.6142], [0.0459, 0.0377, 0.0324, 0.0145, 0.0206, 0.0694, 0.7794], [0.0355, 0.0276, 0.0806, 0.0251, 0.0212, 0.0587, 0.7512], [0.0149, 0.0282, 0.0575, 0.0556, 0.0678, 0.058, 0.718], [0.0319, 0.0661, 0.0146, 0.0664, 0.0537, 0.0594, 0.7078], [0.0837, 0.0561, 0.0177, 0.0789, 0.0279, 0.0435, 0.6923], [0.0832, 0.0474, 0.0484, 0.0268, 0.0723, 0.0568, 0.6651], [0.0462, 0.0276, 0.0375, 0.0164, 0.0479, 0.0569, 0.7674], [0.0453, 0.0729, 0.076, 0.0564, 0.0499, 0.0389, 0.6606], [0.0193, 0.053, 0.086, 0.0404, 0.1009, 0.0233, 0.677], [0.0595, 0.0503, 0.0677, 0.0177, 0.0701, 0.0498, 0.6849]], "emotions": ["purple", "purple", "purple", "purple", "purple", "purple", "purple", "purple", "purple", "purple", "purple", "purple", "purple", "purple", "purple", "purple", "purple", "purple", "purple", "purple", "purple", "purple", "purple", "purple", "purple", "purple", "purple", "purple", "purple", "purple", "purple", "purple", "purple", "purple", "purple", "purple", "purple", "purple", "purple", "purple", "purple", "purple", "purple", "purple", "purple", "purple", "purple", "purple", "purple", "purple", "purple", "purple", "purple", "purple", "purple", "purple", "purple", "purple", "purple", "purple", "purple", "purple", "purple", "purple", "purple", "purple", "purple", "purple", "purple", "purple", "purple", "purple", "purple", "purple", "purple", "purple", "purple", "purple", "purple", "purple"], "timestamps": [0, 40, 80, 120, 160, 200, 240, 280, 320, 360, 400, 440, 480, 520, 560, 600, 640, 680, 720, 760, 800, 840, 880, 920, 960, 1000, 1040, 1080, 1120, 1160, 1200, 1240, 1280, 1320, 1360, 1400, 1440, 1480, 1520, 1560, 1600, 1640, 1680, 1720, 1760, 1800, 1840, 1880, 1920, 1960, 2000, 2040, 2080, 2120, 2160, 2200, 2240, 2280, 2320, 2360, 2400, 2440, 2480, 2520, 2560, 2600, 2640, 2680, 2720, 2760, 2800, 2840, 2880, 2920, 2960, 3000, 3040, 3080, 3120, 3160]}], "conversation": [], "conversation_timestamps": []}