{"agent_id": "agent-blue-1010", "type": "blue", "trips": [{"trip_id": 0, "transport_method": "car", "start_time": 0, "path": [[1.5241752, 42.5474188], [1.5247296, 42.5465689], [1.5243493, 42.5456535], [1.5237019, 42.5444027], [1.5233651, 42.5437689], [1.5229292, 42.5424381], [1.523234, 42.5411417], [1.5234134, 42.540519], [1.5231552, 42.5391605], [1.5235678, 42.5379735], [1.5248873, 42.537609], [1.5249317, 42.536812], [1.5235524, 42.5364955], [1.5225836, 42.5355895], [1.521546, 42.534727], [1.5207369, 42.5346395], [1.5218423, 42.5347798], [1.5204557, 42.5344584], [1.5198522, 42.5334165], [1.5196642, 42.5323474], [1.5199013, 42.5310264], [1.5197531, 42.5313526], [1.5203233, 42.5307567], [1.5207792, 42.5300436], [1.5218746, 42.5291712], [1.5230156, 42.5283222], [1.5242081, 42.5275457], [1.5254504, 42.5268521], [1.526727, 42.5262238], [1.5280303, 42.525652], [1.529365, 42.5251579], [1.5307273, 42.5247509], [1.5321043, 42.5243908], [1.5334903, 42.5240684], [1.5348825, 42.5237724], [1.5362812, 42.5235102], [1.5376828, 42.5232623], [1.5390854, 42.5230208], [1.5404897, 42.5227894], [1.5418929, 42.5225511], [1.5432837, 42.5222488], [1.5446724, 42.521937], [1.5460567, 42.5216065], [1.5474336, 42.5212467], [1.5487945, 42.5208299], [1.5501452, 42.5203819], [1.5514733, 42.5198713], [1.5527795, 42.5193065], [1.5540361, 42.5186402], [1.5552835, 42.5181456], [1.5564023, 42.5188751], [1.55728, 42.5199335], [1.55829, 42.5209358], [1.5593788, 42.5218498], [1.5595603, 42.5219984], [1.5607654, 42.522737], [1.5618872, 42.523609], [1.5628939, 42.5245916], [1.5641899, 42.5251469], [1.5655461, 42.5255237], [1.5667631, 42.5262483], [1.5679013, 42.5271008], [1.5691159, 42.5278183], [1.5703337, 42.5285485], [1.5714385, 42.5293524], [1.572786, 42.5294612], [1.5735386, 42.5303733], [1.5746752, 42.5312007], [1.5760474, 42.5315612], [1.5774576, 42.531747], [1.5785982, 42.531804], [1.5775736, 42.5317437], [1.5789969, 42.5317476], [1.58042, 42.5317427], [1.5818425, 42.5316946], [1.5832353, 42.5319045], [1.5843891, 42.5327271], [1.5855024, 42.533575], [1.5866753, 42.5343646], [1.5867197, 42.5339195]], "mood_vectors": [[0.0779, 0.0777, 0.0323, 0.6319, 0.0459, 0.0676, 0.0667], [0.0654, 0.0541, 0.0499, 0.6433, 0.0547, 0.0596, 0.0729], [0.0363, 0.0404, 0.0234, 0.7013, 0.0467, 0.0593, 0.0927], [0.0151, 0.0696, 0.0308, 0.7525, 0.0705, 0.0149, 0.0466], [0.0294, 0.017, 0.0513, 0.7349, 0.0754, 0.0171, 0.0749], [0.0378, 0.072, 0.0612, 0.7164, 0.0544, 0.0164, 0.0417], [0.0915, 0.0578, 0.0275, 0.7318, 0.0142, 0.0596, 0.0176], [0.0152, 0.0402, 0.0809, 0.6682, 0.0844, 0.0696, 0.0415], [0.063, 0.0628, 0.063, 0.6415, 0.0398, 0.0601, 0.0698], [0.0603, 0.0149, 0.0318, 0.7059, 0.0492, 0.0628, 0.075], [0.0434, 0.0581, 0.0714, 0.7126, 0.0462, 0.0403, 0.0279], [0.0285, 0.0705, 0.0354, 0.7275, 0.0456, 0.0195, 0.073], [0.0286, 0.0418, 0.0714, 0.6931, 0.0645, 0.0439, 0.0567], [0.0778, 0.048, 0.0495, 0.6216, 0.0511, 0.071, 0.081], [0.0288, 0.0622, 0.093, 0.6609, 0.0314, 0.0335, 0.0903], [0.0198, 0.077, 0.0861, 0.6636, 0.0455, 0.0792, 0.0289], [0.0258, 0.075, 0.0263, 0.718, 0.0608, 0.0269, 0.0673], [0.0172, 0.0774, 0.0388, 0.7456, 0.0172, 0.065, 0.0387], [0.0248, 0.0247, 0.038, 0.775, 0.0219, 0.0442, 0.0713], [0.0507, 0.0292, 0.0609, 0.6489, 0.0699, 0.0769, 0.0635], [0.089, 0.0508, 0.035, 0.6763, 0.0782, 0.0447, 0.026], [0.0301, 0.0157, 0.0588, 0.66, 0.0687, 0.0852, 0.0815], [0.0366, 0.0276, 0.0414, 0.7383, 0.0297, 0.0484, 0.0781], [0.03, 0.0755, 0.0541, 0.6473, 0.0794, 0.0522, 0.0615], [0.065, 0.0391, 0.0758, 0.6262, 0.0663, 0.0689, 0.0587], [0.0167, 0.0687, 0.0801, 0.7053, 0.0421, 0.0669, 0.0202], [0.0516, 0.0144, 0.048, 0.6821, 0.0831, 0.0803, 0.0405], [0.0342, 0.0275, 0.0312, 0.7054, 0.0583, 0.0671, 0.0763], [0.0709, 0.0164, 0.0539, 0.7537, 0.0171, 0.0288, 0.0592], [0.0662, 0.0612, 0.0456, 0.7098, 0.0333, 0.0313, 0.0526], [0.0337, 0.06, 0.0159, 0.6647, 0.0771, 0.0834, 0.0652], [0.0754, 0.0947, 0.0415, 0.5823, 0.0906, 0.0768, 0.0388], [0.077, 0.0327, 0.0232, 0.7961, 0.0264, 0.0294, 0.0153], [0.0462, 0.012, 0.0649, 0.7041, 0.0699, 0.0699, 0.033], [0.0578, 0.0384, 0.067, 0.656, 0.0566, 0.048, 0.0763], [0.0268, 0.0772, 0.0462, 0.6903, 0.0442, 0.0535, 0.0618], [0.0296, 0.0889, 0.0149, 0.7294, 0.0432, 0.0239, 0.0702], [0.0547, 0.0115, 0.0614, 0.7377, 0.0222, 0.0444, 0.0681], [0.0383, 0.081, 0.0573, 0.6841, 0.0169, 0.0307, 0.0917], [0.0605, 0.083, 0.036, 0.7552, 0.0133, 0.0258, 0.0262], [0.0212, 0.0497, 0.0342, 0.7133, 0.0759, 0.0702, 0.0355], [0.0299, 0.0841, 0.0595, 0.683, 0.0176, 0.102, 0.0239], [0.0679, 0.0301, 0.0625, 0.7459, 0.021, 0.0507, 0.022], [0.061, 0.0781, 0.0495, 0.7058, 0.0146, 0.0479, 0.0432], [0.0695, 0.0564, 0.0688, 0.7166, 0.033, 0.0294, 0.0264], [0.0155, 0.0633, 0.0678, 0.6997, 0.0632, 0.0551, 0.0355], [0.0178, 0.0399, 0.0178, 0.7651, 0.0256, 0.0627, 0.0712], [0.0716, 0.0184, 0.0703, 0.5938, 0.0626, 0.0915, 0.0918], [0.0586, 0.0944, 0.0717, 0.63, 0.0619, 0.0395, 0.044], [0.029, 0.0668, 0.0297, 0.7437, 0.0597, 0.0552, 0.0158], [0.0259, 0.044, 0.0887, 0.6954, 0.0441, 0.0624, 0.0395], [0.0998, 0.0922, 0.0451, 0.6547, 0.0552, 0.0381, 0.0148], [0.0368, 0.0344, 0.0675, 0.7695, 0.027, 0.041, 0.0238], [0.049, 0.0444, 0.0684, 0.71, 0.0665, 0.0155, 0.0463], [0.023, 0.0145, 0.0356, 0.7206, 0.0503, 0.0729, 0.0829], [0.0556, 0.0327, 0.0659, 0.7274, 0.0578, 0.0408, 0.0197], [0.0774, 0.0699, 0.064, 0.5918, 0.046, 0.0743, 0.0767], [0.0973, 0.0244, 0.0319, 0.6529, 0.0953, 0.0436, 0.0546], [0.0188, 0.0324, 0.039, 0.7593, 0.0327, 0.039, 0.0789], [0.0532, 0.0519, 0.0765, 0.6602, 0.0439, 0.0602, 0.0541], [0.0533, 0.0856, 0.0312, 0.662, 0.0672, 0.0862, 0.0144], [0.0611, 0.0629, 0.048, 0.7284, 0.0278, 0.0279, 0.0439], [0.033, 0.0716, 0.0678, 0.6695, 0.042, 0.0474, 0.0688], [0.0419, 0.0446, 0.0664, 0.7045, 0.0373, 0.0394, 0.066], [0.0515, 0.0557, 0.0924, 0.7268, 0.0309, 0.0153, 0.0274], [0.0566, 0.0626, 0.0243, 0.6426, 0.0767, 0.0911, 0.0462], [0.0383, 0.0495, 0.0172, 0.768, 0.0234, 0.0615, 0.0422], [0.0163, 0.0282, 0.0845, 0.6668, 0.0284, 0.0873, 0.0885], [0.0131, 0.0796, 0.053, 0.7093, 0.0257, 0.079, 0.0404], [0.0645, 0.0707, 0.0746, 0.5932, 0.0585, 0.0715, 0.0671], [0.0557, 0.051, 0.0627, 0.679, 0.0387, 0.0513, 0.0616], [0.0339, 0.0359, 0.0901, 0.6527, 0.0549, 0.0251, 0.1074], [0.0488, 0.0841, 0.0701, 0.6804, 0.0185, 0.0633, 0.0348], [0.0248, 0.0729, 0.0519, 0.7282, 0.0449, 0.032, 0.0453], [0.0473, 0.0378, 0.0396, 0.6659, 0.0972, 0.0624, 0.0498], [0.0479, 0.0527, 0.0587, 0.7346, 0.0248, 0.0559, 0.0254], [0.0795, 0.0542, 0.0427, 0.6549, 0.0813, 0.0625, 0.0248], [0.0426, 0.0512, 0.0358, 0.761, 0.0766, 0.0162, 0.0167], [0.038, 0.0342, 0.0361, 0.7243, 0.0771, 0.0745, 0.0158], [0.0941, 0.0675, 0.0489, 0.6521, 0.0384, 0.073, 0.026]], "emotions": ["green", "green", "green", "green", "green", "green", "green", "green", "green", "green", "green", "green", "green", "green", "green", "green", "green", "green", "green", "green", "green", "green", "green", "green", "green", "green", "green", "green", "green", "green", "green", "green", "green", "green", "green", "green", "green", "green", "green", "green", "green", "green", "green", "green", "green", "green", "green", "green", "green", "green", "green", "green", "green", "green", "green", "green", "green", "green", "green", "green", "green", "green", "green", "green", "green", "green", "green", "green", "green", "green", "green", "green", "green", "green", "green", "green", "green", "green", "green", "green"], "timestamps": [0, 40, 80, 120, 160, 200, 240, 280, 320, 360, 400, 440, 480, 520, 560, 600, 640, 680, 720, 760, 800, 840, 880, 920, 960, 1000, 1040, 1080, 1120, 1160, 1200, 1240, 1280, 1320, 1360, 1400, 1440, 1480, 1520, 1560, 1600, 1640, 1680, 1720, 1760, 1800, 1840, 1880, 1920, 1960, 2000, 2040, 2080, 2120, 2160, 2200, 2240, 2280, 2320, 2360, 2400, 2440, 2480, 2520, 2560, 2600, 2640, 2680, 2720, 2760, 2800, 2840, 2880, 2920, 2960, 3000, 3040, 3080, 3120, 3160]}], "conversation": [], "conversation_timestamps": []}