{"agent_id": "agent-orange-1398", "type": "orange", "trips": [{"trip_id": 0, "transport_method": "foot", "start_time": 0, "path": [[1.5209845, 42.5060803], [1.5210134, 42.5059565], [1.5210424, 42.5058327], [1.5210713, 42.5057089], [1.5210814, 42.5055825], [1.5210871, 42.5054555], [1.5211288, 42.5053424], [1.5211857, 42.5052304], [1.5212194, 42.5051078], [1.5212501, 42.5049844], [1.5213148, 42.5048908], [1.5212, 42.5048362], [1.5210836, 42.5047853], [1.520968, 42.5047323], [1.5208525, 42.5046793], [1.5207369, 42.5046263], [1.5206214, 42.5045733], [1.5205058, 42.5045202], [1.5203861, 42.5044792], [1.5202687, 42.5044304], [1.5201513, 42.5043816], [1.5200801, 42.5043418], [1.5201618, 42.5043245], [1.5200639, 42.5042434], [1.519966, 42.5041623], [1.519868, 42.5040812], [1.5197701, 42.5040002], [1.5196722, 42.5039191], [1.5195688, 42.5038495], [1.5194441, 42.5038247], [1.5193195, 42.5037999], [1.5192041, 42.5037504], [1.5191112, 42.5036639], [1.51902, 42.5035753], [1.5189179, 42.5035006], [1.5188104, 42.5034328], [1.5187028, 42.503365], [1.5185936, 42.503302], [1.5184674, 42.5032863], [1.5183412, 42.5032707], [1.5182149, 42.5032565], [1.5180882, 42.5032465], [1.5179615, 42.5032366], [1.5178345, 42.50323], [1.5177075, 42.5032244], [1.5175805, 42.5032182], [1.5174537, 42.5032097], [1.5173268, 42.5032013], [1.5172002, 42.5031905], [1.5170741, 42.5031742], [1.5169484, 42.5031559], [1.5168228, 42.5031374], [1.5167012, 42.5031734], [1.5165783, 42.5032053], [1.5164532, 42.5031827], [1.5163287, 42.503157], [1.5162045, 42.5031297], [1.5160834, 42.5030933], [1.5159674, 42.5030412], [1.5158529, 42.502986], [1.5157405, 42.5029266], [1.5156447, 42.5028474], [1.5155479, 42.5027692], [1.5154355, 42.5027098], [1.5153282, 42.5026428], [1.5152306, 42.5025613], [1.5151385, 42.5024739], [1.5150496, 42.5023832], [1.5150025, 42.5022651], [1.5151011, 42.5021879], [1.5152012, 42.5021096], [1.5152986, 42.502028], [1.515356, 42.5019209], [1.5153471, 42.5018041], [1.5153847, 42.5016827], [1.5154157, 42.5016292], [1.5155084, 42.5017117], [1.5156086, 42.5017899], [1.5157088, 42.5018681], [1.515809, 42.5019463]], "mood_vectors": [[0.0628, 0.0367, 0.0671, 0.0679, 0.7265, 0.0174, 0.0216], [0.0324, 0.0144, 0.0748, 0.0615, 0.7637, 0.0257, 0.0276], [0.083, 0.0473, 0.0475, 0.0563, 0.6407, 0.0639, 0.0613], [0.0386, 0.0307, 0.0662, 0.0379, 0.7131, 0.07, 0.0435], [0.0528, 0.0162, 0.0604, 0.0714, 0.6936, 0.0704, 0.0353], [0.0377, 0.0206, 0.064, 0.0674, 0.7105, 0.0626, 0.0372], [0.0159, 0.0975, 0.0596, 0.0172, 0.73, 0.0414, 0.0385], [0.0355, 0.0251, 0.0237, 0.0753, 0.7352, 0.0339, 0.0713], [0.0263, 0.0588, 0.0794, 0.0342, 0.7276, 0.0615, 0.0122], [0.0663, 0.0308, 0.0239, 0.0749, 0.7144, 0.0551, 0.0347], [0.0747, 0.077, 0.0836, 0.0791, 0.6158, 0.0208, 0.049], [0.0256, 0.0766, 0.0485, 0.0149, 0.7699, 0.024, 0.0405], [0.0261, 0.0191, 0.0771, 0.0155, 0.67, 0.0929, 0.0993], [0.0559, 0.0674, 0.0592, 0.0244, 0.6821, 0.0593, 0.0517], [0.0535, 0.0459, 0.0362, 0.0332, 0.7215, 0.0681, 0.0416], [0.0281, 0.0404, 0.0596, 0.018, 0.7912, 0.0273, 0.0354], [0.0668, 0.049, 0.039, 0.04, 0.6889, 0.061, 0.0553], [0.0528, 0.0584, 0.0702, 0.0566, 0.7248, 0.0233, 0.0139], [0.0637, 0.045, 0.0676, 0.0376, 0.6967, 0.0325, 0.0568], [0.0443, 0.0796, 0.0652, 0.0831, 0.6649, 0.0153, 0.0476], [0.0541, 0.0123, 0.0561, 0.048, 0.7632, 0.0327, 0.0335], [0.0482, 0.0445, 0.0585, 0.0289, 0.7086, 0.0386, 0.0727], [0.0549, 0.0542, 0.0744, 0.0319, 0.6988, 0.0487, 0.0372], [0.0709, 0.0526, 0.0118, 0.0372, 0.7354, 0.028, 0.0642], [0.0212, 0.07, 0.0626, 0.0733, 0.6741, 0.0636, 0.0351], [0.0779, 0.0445, 0.0344, 0.0731, 0.6044, 0.0814, 0.0844], [0.03, 0.0573, 0.0494, 0.0238, 0.7346, 0.073, 0.0318], [0.0648, 0.051, 0.0183, 0.0692, 0.7309, 0.0311, 0.0348], [0.0598, 0.0678, 0.0641, 0.0797, 0.593, 0.0773, 0.0583], [0.0659, 0.0694, 0.0264, 0.0742, 0.6569, 0.0449, 0.0623], [0.0401, 0.055, 0.0285, 0.0508, 0.7565, 0.0136, 0.0553], [0.0433, 0.0689, 0.0643, 0.0196, 0.6962, 0.037, 0.0706], [0.0303, 0.0697, 0.0365, 0.0473, 0.7319, 0.0668, 0.0174], [0.0696, 0.0658, 0.0413, 0.0443, 0.6726, 0.0724, 0.034], [0.029, 0.0552, 0.0396, 0.0318, 0.707, 0.0714, 0.066], [0.0479, 0.0137, 0.0453, 0.0334, 0.6951, 0.0798, 0.0849], [0.0558, 0.0592, 0.0539, 0.0132, 0.752, 0.0192, 0.0467], [0.0516, 0.049, 0.0167, 0.0519, 0.7731, 0.0321, 0.0257], [0.037, 0.0591, 0.0345, 0.0493, 0.6923, 0.0525, 0.0753], [0.0429, 0.0623, 0.0157, 0.0701, 0.695, 0.0682, 0.0458], [0.0472, 0.0462, 0.034, 0.0601, 0.728, 0.0463, 0.0383], [0.0551, 0.082, 0.0225, 0.0871, 0.6456, 0.0348, 0.073], [0.0218, 0.0575, 0.056, 0.039, 0.7592, 0.0327, 0.0337], [0.0643, 0.0492, 0.0373, 0.0417, 0.7358, 0.0437, 0.0279], [0.0637, 0.0567, 0.085, 0.0187, 0.6575, 0.0474, 0.0709], [0.0466, 0.0413, 0.0637, 0.0703, 0.6886, 0.0456, 0.0439], [0.0143, 0.0296, 0.0796, 0.0782, 0.7068, 0.0714, 0.0199], [0.0149, 0.0942, 0.0537, 0.026, 0.6954, 0.0964, 0.0193], [0.0604, 0.0295, 0.0479, 0.0451, 0.7294, 0.0657, 0.022], [0.0541, 0.012, 0.0654, 0.054, 0.692, 0.0681, 0.0544], [0.0697, 0.0646, 0.0454, 0.0333, 0.6851, 0.0308, 0.071], [0.0279, 0.0675, 0.0623, 0.0702, 0.676, 0.0454, 0.0507], [0.0621, 0.022, 0.0242, 0.0477, 0.7962, 0.0252, 0.0226], [0.0149, 0.0547, 0.025, 0.0712, 0.6984, 0.0705, 0.0653], [0.0307, 0.04, 0.0403, 0.0161, 0.7639, 0.0614, 0.0475], [0.0303, 0.0625, 0.0188, 0.0258, 0.7401, 0.059, 0.0635], [0.0684, 0.0706, 0.0139, 0.0243, 0.7579, 0.0237, 0.0412], [0.0238, 0.0259, 0.0954, 0.0702, 0.7016, 0.0248, 0.0583], [0.0454, 0.0861, 0.0495, 0.0798, 0.618, 0.0828, 0.0384], [0.0832, 0.0421, 0.048, 0.0283, 0.7141, 0.0576, 0.0267], [0.0528, 0.0476, 0.0176, 0.0738, 0.7003, 0.0369, 0.071], [0.0529, 0.0303, 0.0197, 0.0529, 0.793, 0.0373, 0.0139], [0.0467, 0.0531, 0.0453, 0.033, 0.7513, 0.0456, 0.025], [0.026, 0.0489, 0.0708, 0.0808, 0.6346, 0.0982, 0.0407], [0.0745, 0.0199, 0.0582, 0.0581, 0.6791, 0.0718, 0.0384], [0.0876, 0.0656, 0.0406, 0.0459, 0.6495, 0.0278, 0.0829], [0.0884, 0.0186, 0.0482, 0.0624, 0.6429, 0.0729, 0.0667], [0.0774, 0.0774, 0.047, 0.0884, 0.6313, 0.0601, 0.0184], [0.0473, 0.0593, 0.0511, 0.0192, 0.7349, 0.0124, 0.0758], [0.0521, 0.0468, 0.0158, 0.0851, 0.6868, 0.071, 0.0424], [0.0122, 0.0367, 0.0315, 0.0595, 0.739, 0.0672, 0.0538], [0.0339, 0.0616, 0.0631, 0.0695, 0.6502, 0.0416, 0.08], [0.06, 0.0562, 0.0825, 0.0691, 0.6072, 0.0871, 0.0378], [0.0191, 0.0174, 0.0664, 0.0302, 0.7929, 0.0358, 0.0382], [0.0844, 0.0166, 0.0282, 0.0189, 0.7463, 0.0882, 0.0175], [0.0963, 0.022, 0.0812, 0.0485, 0.6603, 0.0246, 0.0671], [0.0424, 0.0806, 0.0541, 0.0713, 0.6844, 0.0353, 0.0319], [0.0444, 0.0178, 0.0627, 0.0519, 0.7406, 0.0371, 0.0456], [0.0822, 0.0255, 0.0749, 0.0299, 0.6912, 0.0535, 0.0429], [0.0163, 0.0289, 0.0463, 0.0416, 0.7366, 0.0574, 0.0729]], "emotions": ["red", "red", "red", "red", "red", "red", "red", "red", "red", "red", "red", "red", "red", "red", "red", "red", "red", "red", "red", "red", "red", "red", "red", "red", "red", "red", "red", "red", "red", "red", "red", "red", "red", "red", "red", "red", "red", "red", "red", "red", "red", "red", "red", "red", "red", "red", "red", "red", "red", "red", "red", "red", "red", "red", "red", "red", "red", "red", "red", "red", "red", "red", "red", "red", "red", "red", "red", "red", "red", "red", "red", "red", "red", "red", "red", "red", "red", "red", "red", "red"], "timestamps": [0, 40, 80, 120, 160, 200, 240, 280, 320, 360, 400, 440, 480, 520, 560, 600, 640, 680, 720, 760, 800, 840, 880, 920, 960, 1000, 1040, 1080, 1120, 1160, 1200, 1240, 1280, 1320, 1360, 1400, 1440, 1480, 1520, 1560, 1600, 1640, 1680, 1720, 1760, 1800, 1840, 1880, 1920, 1960, 2000, 2040, 2080, 2120, 2160, 2200, 2240, 2280, 2320, 2360, 2400, 2440, 2480, 2520, 2560, 2600, 2640, 2680, 2720, 2760, 2800, 2840, 2880, 2920, 2960, 3000, 3040, 3080, 3120, 3160]}], "conversation": [], "conversation_timestamps": []}