{"agent_id": "agent-orange-528", "type": "orange", "trips": [{"trip_id": 0, "transport_method": "foot", "start_time": 0, "path": [[1.578812, 42.5356393], [1.5798605, 42.5343022], [1.5799577, 42.533546], [1.5778936, 42.5329521], [1.5766917, 42.5327529], [1.5769794, 42.5327773], [1.5748461, 42.5323703], [1.5759096, 42.5325216], [1.5739558, 42.5315732], [1.5736641, 42.531851], [1.5731998, 42.5312813], [1.5717663, 42.5296631], [1.5700113, 42.5283873], [1.5707071, 42.528794], [1.5702664, 42.5286699], [1.5684589, 42.527466], [1.5683743, 42.5273187], [1.5680453, 42.5271018], [1.5662568, 42.5258711], [1.5642259, 42.5251702], [1.5623468, 42.5241587], [1.5607403, 42.5227192], [1.5589749, 42.5215335], [1.5573915, 42.5200491], [1.55643, 42.5189348], [1.5562694, 42.5189529], [1.5550024, 42.5182552], [1.5539858, 42.5186682], [1.5520444, 42.5196373], [1.5500212, 42.5204253], [1.5479533, 42.5210875], [1.5458581, 42.5216572], [1.5437428, 42.522149], [1.5416183, 42.5225986], [1.5394762, 42.5229568], [1.5373357, 42.5233237], [1.5351979, 42.5237063], [1.533074, 42.5241598], [1.5309678, 42.524688], [1.5288958, 42.5253303], [1.5268871, 42.5261535], [1.5249456, 42.5271247], [1.5230993, 42.5282656], [1.521388, 42.5295976], [1.52008, 42.5307447], [1.519726, 42.5327197], [1.5200809, 42.5346162], [1.5209912, 42.5360887], [1.5197777, 42.537824], [1.5193806, 42.539924], [1.5184897, 42.5415183], [1.5189324, 42.5413189], [1.517304, 42.5426293], [1.5158828, 42.5442267], [1.5147298, 42.5459724], [1.5134255, 42.5475537], [1.51232, 42.5492061], [1.510717, 42.5506487], [1.5089982, 42.5519512], [1.5086191, 42.5522678], [1.507013, 42.5537281], [1.5062159, 42.5556389], [1.504882, 42.5573353], [1.5041162, 42.5591771], [1.5022716, 42.5601853], [1.5004116, 42.5612475], [1.4986155, 42.5615785], [1.4964809, 42.561547], [1.4949317, 42.5630297], [1.4929552, 42.5638559], [1.4913805, 42.5653243], [1.4899373, 42.5669321], [1.4886009, 42.568607], [1.488485, 42.5686327], [1.4871242, 42.570301], [1.487373, 42.5701225], [1.4856389, 42.5714238], [1.4838701, 42.572315], [1.4826431, 42.5739218], [1.4824373, 42.5746254]], "mood_vectors": [[0.0552, 0.0179, 0.0661, 0.0516, 0.718, 0.0555, 0.0356], [0.0257, 0.0159, 0.055, 0.0564, 0.6964, 0.0729, 0.0777], [0.0373, 0.0189, 0.0542, 0.0856, 0.6597, 0.0497, 0.0945], [0.0481, 0.0573, 0.0294, 0.0426, 0.7112, 0.0171, 0.0943], [0.068, 0.0243, 0.0589, 0.0273, 0.7011, 0.0388, 0.0816], [0.0592, 0.0265, 0.0153, 0.0857, 0.697, 0.0776, 0.0388], [0.0257, 0.0232, 0.068, 0.0218, 0.7341, 0.0563, 0.071], [0.0212, 0.0171, 0.0728, 0.0543, 0.7041, 0.0548, 0.0757], [0.0213, 0.0338, 0.042, 0.0738, 0.6889, 0.0722, 0.0679], [0.0758, 0.061, 0.028, 0.0218, 0.7594, 0.0407, 0.0132], [0.0728, 0.0364, 0.0406, 0.0375, 0.7254, 0.0401, 0.0473], [0.0269, 0.0587, 0.0272, 0.0344, 0.7346, 0.1011, 0.0171], [0.0185, 0.0129, 0.0401, 0.0472, 0.7768, 0.0568, 0.0477], [0.073, 0.0413, 0.0605, 0.0209, 0.6876, 0.0531, 0.0635], [0.0371, 0.0249, 0.063, 0.0642, 0.718, 0.0201, 0.0727], [0.045, 0.0736, 0.0831, 0.02, 0.669, 0.0656, 0.0437], [0.0717, 0.0283, 0.033, 0.0383, 0.6888, 0.0712, 0.0688], [0.0461, 0.0317, 0.0191, 0.048, 0.7467, 0.0743, 0.0341], [0.0192, 0.0476, 0.0201, 0.0709, 0.7505, 0.0556, 0.0362], [0.0493, 0.0905, 0.1034, 0.0244, 0.6935, 0.0168, 0.0222], [0.0399, 0.0315, 0.0644, 0.0195, 0.7621, 0.0311, 0.0515], [0.0866, 0.0772, 0.0129, 0.0606, 0.6483, 0.0577, 0.0567], [0.0278, 0.0509, 0.0336, 0.0153, 0.7931, 0.0397, 0.0395], [0.0233, 0.0623, 0.0304, 0.0858, 0.7045, 0.0419, 0.0518], [0.0649, 0.0791, 0.0477, 0.0239, 0.692, 0.0204, 0.072], [0.0785, 0.0405, 0.0532, 0.0243, 0.7064, 0.0457, 0.0513], [0.0323, 0.0361, 0.0388, 0.0691, 0.7763, 0.0168, 0.0306], [0.0538, 0.0848, 0.0647, 0.0687, 0.6415, 0.0601, 0.0264], [0.0295, 0.0357, 0.0614, 0.0248, 0.7579, 0.0201, 0.0707], [0.0325, 0.0266, 0.0169, 0.0662, 0.7422, 0.0622, 0.0534], [0.0204, 0.0667, 0.0493, 0.053, 0.6841, 0.078, 0.0485], [0.0701, 0.0577, 0.0296, 0.0266, 0.7118, 0.0581, 0.0461], [0.0621, 0.0119, 0.057, 0.0244, 0.7337, 0.0552, 0.0556], [0.0812, 0.0664, 0.0515, 0.0129, 0.7461, 0.0284, 0.0134], [0.06, 0.0607, 0.0223, 0.0267, 0.718, 0.0339, 0.0783], [0.0291, 0.0611, 0.0156, 0.0433, 0.7332, 0.0706, 0.0471], [0.0342, 0.0746, 0.0335, 0.0158, 0.7342, 0.0304, 0.0773], [0.0282, 0.0216, 0.0261, 0.0765, 0.7729, 0.0246, 0.0502], [0.0393, 0.0855, 0.057, 0.0261, 0.6623, 0.0439, 0.086], [0.0168, 0.0831, 0.0511, 0.0512, 0.717, 0.053, 0.0278], [0.0356, 0.0352, 0.0579, 0.0686, 0.6868, 0.0438, 0.072], [0.0794, 0.0773, 0.0511, 0.0542, 0.6629, 0.0256, 0.0495], [0.0329, 0.0436, 0.062, 0.0146, 0.7857, 0.0129, 0.0482], [0.0797, 0.0611, 0.0733, 0.0451, 0.6182, 0.0826, 0.0401], [0.0301, 0.0498, 0.0542, 0.0658, 0.7239, 0.0134, 0.0628], [0.0369, 0.0678, 0.0368, 0.0645, 0.7036, 0.0397, 0.0507], [0.0194, 0.0659, 0.0134, 0.0721, 0.753, 0.0218, 0.0544], [0.0514, 0.0497, 0.0467, 0.0212, 0.7858, 0.016, 0.0293], [0.0338, 0.0485, 0.0362, 0.0311, 0.7495, 0.0276, 0.0733], [0.0474, 0.0527, 0.0815, 0.0192, 0.7019, 0.058, 0.0395], [0.0797, 0.0442, 0.066, 0.0701, 0.6514, 0.0379, 0.0506], [0.0497, 0.0597, 0.0503, 0.0734, 0.6701, 0.0786, 0.0182], [0.0324, 0.0368, 0.0278, 0.0672, 0.7718, 0.0376, 0.0263], [0.0623, 0.0467, 0.0848, 0.0252, 0.7257, 0.0165, 0.0387], [0.0231, 0.0611, 0.0461, 0.015, 0.7609, 0.0202, 0.0736], [0.0258, 0.0869, 0.0464, 0.0371, 0.6777, 0.0431, 0.0829], [0.0849, 0.0531, 0.0456, 0.0852, 0.627, 0.0768, 0.0273], [0.0678, 0.0686, 0.0136, 0.0494, 0.7151, 0.0653, 0.0202], [0.0502, 0.0555, 0.079, 0.0276, 0.7153, 0.0355, 0.0368], [0.0493, 0.0743, 0.0663, 0.0792, 0.6833, 0.0315, 0.016], [0.0888, 0.0394, 0.0724, 0.0164, 0.6573, 0.0872, 0.0385], [0.0442, 0.0206, 0.0415, 0.0319, 0.726, 0.0682, 0.0678], [0.0501, 0.0366, 0.0229, 0.0452, 0.7668, 0.0292, 0.0492], [0.064, 0.0602, 0.048, 0.0183, 0.7143, 0.0639, 0.0311], [0.0427, 0.0507, 0.0538, 0.0719, 0.7132, 0.0507, 0.017], [0.0912, 0.0246, 0.0411, 0.0431, 0.7429, 0.0338, 0.0233], [0.0179, 0.0566, 0.0769, 0.057, 0.6806, 0.0903, 0.0207], [0.0767, 0.0756, 0.0637, 0.0449, 0.6906, 0.0166, 0.0319], [0.0522, 0.0695, 0.0654, 0.0506, 0.7216, 0.0179, 0.0228], [0.0674, 0.037, 0.0532, 0.0688, 0.6665, 0.0663, 0.0408], [0.0271, 0.0714, 0.0674, 0.0175, 0.7079, 0.0677, 0.041], [0.0705, 0.0684, 0.0226, 0.0272, 0.7046, 0.0263, 0.0804], [0.0475, 0.0357, 0.0293, 0.0233, 0.7928, 0.055, 0.0165], [0.0339, 0.0403, 0.0271, 0.0331, 0.7448, 0.0763, 0.0445], [0.0774, 0.0547, 0.03, 0.0206, 0.7322, 0.0234, 0.0617], [0.0245, 0.0719, 0.0243, 0.0677, 0.7242, 0.0206, 0.0668], [0.0312, 0.0756, 0.0343, 0.0172, 0.73, 0.0856, 0.0261], [0.0149, 0.0917, 0.0768, 0.0613, 0.6336, 0.0641, 0.0575], [0.0623, 0.0206, 0.0286, 0.0598, 0.7326, 0.0817, 0.0144], [0.0759, 0.0337, 0.0442, 0.0515, 0.6236, 0.09, 0.0813]], "emotions": ["red", "red", "red", "red", "red", "red", "red", "red", "red", "red", "red", "red", "red", "red", "red", "red", "red", "red", "red", "red", "red", "red", "red", "red", "red", "red", "red", "red", "red", "red", "red", "red", "red", "red", "red", "red", "red", "red", "red", "red", "red", "red", "red", "red", "red", "red", "red", "red", "red", "red", "red", "red", "red", "red", "red", "red", "red", "red", "red", "red", "red", "red", "red", "red", "red", "red", "red", "red", "red", "red", "red", "red", "red", "red", "red", "red", "red", "red", "red", "red"], "timestamps": [0, 40, 80, 120, 160, 200, 240, 280, 320, 360, 400, 440, 480, 520, 560, 600, 640, 680, 720, 760, 800, 840, 880, 920, 960, 1000, 1040, 1080, 1120, 1160, 1200, 1240, 1280, 1320, 1360, 1400, 1440, 1480, 1520, 1560, 1600, 1640, 1680, 1720, 1760, 1800, 1840, 1880, 1920, 1960, 2000, 2040, 2080, 2120, 2160, 2200, 2240, 2280, 2320, 2360, 2400, 2440, 2480, 2520, 2560, 2600, 2640, 2680, 2720, 2760, 2800, 2840, 2880, 2920, 2960, 3000, 3040, 3080, 3120, 3160]}], "conversation": [], "conversation_timestamps": []}