{
  "agent_id": "agent-type-blue-12",
  "type": "blue",
  "trips": [
    {
      "trip_id": 0,
      "transport_method": "foot",
      "start_time": 0,
      "path": [
        [
          1.5175130000000006,
          42.5052838
        ],
        [
          1.5178382405060808,
          42.50546024972036
        ],
        [
          1.5182824671610384,
          42.50555748446852
        ],
        [
          1.518486586701728,
          42.50597357371722
        ],
        [
          1.5187739473990605,
          42.50634507074412
        ],
        [
          1.518799387611172,
          42.50681327231952
        ],
        [
          1.5184631874880887,
          42.506548308000916
        ],
        [
          1.518111666605363,
          42.50623682881963
        ],
        [
          1.5176907071585097,
          42.5060495129029
        ],
        [
          1.5175132172096049,
          42.506037150230306
        ],
        [
          1.5179660165996347,
          42.5061618856453
        ],
        [
          1.517978433287432,
          42.50616788534085
        ],
        [
          1.5183324346296547,
          42.50643244918485
        ],
        [
          1.5186839555123806,
          42.506743928366134
        ],
        [
          1.518784942815843,
          42.506518658681465
        ],
        [
          1.5187912571055495,
          42.50664744388193
        ],
        [
          1.518821766170525,
          42.50685236470185
        ],
        [
          1.5192341288240214,
          42.507075864745346
        ],
        [
          1.5196529076861838,
          42.50728849229758
        ],
        [
          1.5200922678146778,
          42.507452856206974
        ],
        [
          1.5198892218708462,
          42.50764314554206
        ],
        [
          1.5194699588515106,
          42.50785478355799
        ],
        [
          1.5190470276716121,
          42.50805902710975
        ],
        [
          1.5186240964917137,
          42.50826327066151
        ],
        [
          1.5182930937038983,
          42.507996717092574
        ],
        [
          1.5183578686435864,
          42.507556696635476
        ],
        [
          1.5184793,
          42.507102999999994
        ]
      ],
      "emotions": [
        "purple",
        "purple",
        "purple",
        "purple",
        "purple",
        "red",
        "red",
        "red",
        "red",
        "red",
        "red",
        "red",
        "red",
        "red",
        "red",
        "red",
        "red",
        "red",
        "red",
        "red",
        "purple",
        "purple",
        "purple",
        "purple",
        "purple",
        "red",
        "red"
      ],
      "mood_vectors": [
        [
          0.1950256605415495,
          0.014632135711142741,
          0.1331657139191968,
          0.11981324692001973,
          0.3160754600960481,
          0.043657708415168715,
          0.17763007439687442
        ],
        [
          0.22403594752015688,
          0.26858823573008356,
          0.13388095911164982,
          0.13873682651279112,
          0.1439438551275602,
          0.07802603300614748,
          0.012788142991610985
        ],
        [
          0.14253977644419494,
          0.2561842868423115,
          0.13630390425441097,
          0.03244035843862639,
          0.07270288544945143,
          0.15538609400956244,
          0.2044426945614424
        ],
        [
          0.006952543160657514,
          0.19835573801078693,
          0.22317370244943097,
          0.18125195897804644,
          0.01055504352772882,
          0.12485801027462584,
          0.2548530035987235
        ],
        [
          0.17895562414116853,
          0.19065315380019837,
          0.1964577502138191,
          0.15997591756871965,
          0.0646927909887617,
          0.16059446263755614,
          0.04867030064977655
        ],
        [
          0.16942507385629135,
          0.21013289281860695,
          0.21397931541720455,
          0.10103580169658495,
          0.00231179830395308,
          0.1810131699779834,
          0.12210194792937575
        ],
        [
          0.3238177273965962,
          0.05583488007309976,
          0.033337697999339486,
          0.037581262752356764,
          0.2966085976976803,
          0.11231413424720006,
          0.1405056998337275
        ],
        [
          0.10293929934446246,
          0.0350623566741336,
          0.21341909633598324,
          0.009643819583501504,
          0.18202849220634718,
          0.33873755182439824,
          0.11816938403117383
        ],
        [
          0.22011920219742775,
          0.006484355779101142,
          0.12622860047455425,
          0.15080218115370897,
          0.27826779416937225,
          0.14668596380091523,
          0.07141190242492033
        ],
        [
          0.20177295355243824,
          0.07530097805690911,
          0.25094960317884546,
          0.26396878316272365,
          0.1663315061801764,
          0.02257175438655305,
          0.019104421482354115
        ],
        [
          0.15637685020034073,
          0.11949882591526288,
          0.15531899750359626,
          0.13122061669092994,
          0.18666627799936913,
          0.12751625251617035,
          0.12340217917433076
        ],
        [
          0.20756097833019857,
          0.07309169293817731,
          0.24587431804079143,
          0.20571718485213109,
          0.14096962145264014,
          0.11363179095473579,
          0.013154413431325621
        ],
        [
          0.1801024534416095,
          0.042144599956080026,
          0.2356062872406052,
          0.08077008842358094,
          0.1714643619391132,
          0.1651669265437122,
          0.12474528245529894
        ],
        [
          0.0045764269068507965,
          0.3475142580896815,
          0.034155507235944585,
          0.28863496830195473,
          0.06962570810424566,
          0.18356657221120734,
          0.07192655915011534
        ],
        [
          0.19533259066227077,
          0.23680490945564786,
          0.03347324384859871,
          0.11011804429248949,
          0.03205632243988514,
          0.27318602846388906,
          0.11902886083721902
        ],
        [
          0.18566843749662387,
          0.12021835859997398,
          0.08035650695524181,
          0.2125057699688869,
          0.06421538567160973,
          0.19223627387444295,
          0.14479926743322083
        ],
        [
          0.24540580661045547,
          0.17038922073453,
          0.015514373190341034,
          0.14053792514158836,
          0.08034648014381757,
          0.21634199222488734,
          0.13146420195438024
        ],
        [
          0.2161889521695368,
          0.22429144656616343,
          0.15862164801410952,
          0.12504482353949098,
          0.19657503950623492,
          0.05787317493863299,
          0.02140491526583138
        ],
        [
          0.028399386685241633,
          0.09737725134710963,
          0.276090293329646,
          0.1314474239401365,
          0.17826235960903847,
          0.1503285679193937,
          0.13809471716943403
        ],
        [
          0.23952810042835657,
          0.007357305878966895,
          0.021509132226372563,
          0.2622114550984535,
          0.1074890459496239,
          0.2228484265607414,
          0.1390565338574852
        ],
        [
          0.0455055959674473,
          0.17447710810270853,
          0.13022700724248787,
          0.1666986242279888,
          0.10178584196432879,
          0.22871974030452735,
          0.15258608219051134
        ],
        [
          0.3373475672737186,
          0.009262290758373546,
          0.3937992609062091,
          0.0432643070543081,
          0.05305315941263828,
          0.05702695147608628,
          0.10624646311866603
        ],
        [
          0.16587412439401575,
          0.1748057331083346,
          0.16138477279243832,
          0.23421519613081823,
          0.05139858090388981,
          0.1430598418788646,
          0.06926175079163868
        ],
        [
          0.09263683462405657,
          0.26382329193443066,
          0.042262638420660914,
          0.22252829357752196,
          0.014075521674752338,
          0.22751656917638435,
          0.1371568505921932
        ],
        [
          0.06597468259317783,
          0.3047885784828093,
          0.04435746524909881,
          0.2586569017990943,
          0.05705569665096139,
          0.2523493284247586,
          0.016817346800099785
        ],
        [
          0.18410171494894093,
          0.026716768100783037,
          0.13472427094305825,
          0.118887076428381,
          0.17099865615990825,
          0.17829290336046372,
          0.18627861005846486
        ],
        [
          0.003302529879682844,
          0.006272961018428259,
          0.26680609228044183,
          0.2169037111294638,
          0.11604929823777269,
          0.19200826356538955,
          0.19865714388882097
        ]
      ],
      "timestamps": [
        0,
        1,
        2,
        3,
        4,
        5,
        6,
        7,
        8,
        9,
        10,
        11,
        12,
        13,
        14,
        15,
        16,
        17,
        18,
        19,
        20,
        21,
        22,
        23,
        24,
        25,
        26
      ],
      "distance": 323.1
    },
    {
      "trip_id": 1,
      "transport_method": "bicycle",
      "start_time": 27,
      "path": [
        [
          1.5184793,
          42.507102999999994
        ],
        [
          1.518369256292962,
          42.50751414964959
        ],
        [
          1.518259212585924,
          42.507925299299174
        ],
        [
          1.5185194968926954,
          42.508247056215005
        ],
        [
          1.5188883802800663,
          42.50813564171815
        ],
        [
          1.5192716496120784,
          42.50795055181849
        ],
        [
          1.5195642378120409,
          42.50794282946723
        ],
        [
          1.51963862318511,
          42.508361900425534
        ],
        [
          1.5198727280455633,
          42.50864932640288
        ],
        [
          1.5196466663290986,
          42.50840721374346
        ],
        [
          1.5195722809560293,
          42.50798814278516
        ],
        [
          1.5197693083340125,
          42.507704223757216
        ],
        [
          1.520167538913414,
          42.507559496746964
        ],
        [
          1.5205521002490023,
          42.5076561312612
        ],
        [
          1.5209278470643484,
          42.507856051201614
        ],
        [
          1.5213035938796946,
          42.50805597114202
        ],
        [
          1.5216793406950408,
          42.508255891082435
        ],
        [
          1.5214312333882885,
          42.50846773483217
        ],
        [
          1.521129876700791,
          42.50827194625835
        ],
        [
          1.5214854709272656,
          42.50846388628935
        ],
        [
          1.521846638050411,
          42.50831312056595
        ],
        [
          1.5222582818480148,
          42.50842130113588
        ],
        [
          1.5226679147839812,
          42.50841558158883
        ],
        [
          1.5230754834746814,
          42.50829293814555
        ],
        [
          1.5234416971870395,
          42.508495203139056
        ],
        [
          1.5238248104743015,
          42.50868061581645
        ],
        [
          1.5237343897057802,
          42.50887457923491
        ],
        [
          1.5239774000000006,
          42.5089669
        ]
      ],
      "emotions": [
        "red",
        "red",
        "red",
        "green",
        "green",
        "green",
        "green",
        "green",
        "red",
        "red",
        "red",
        "red",
        "red",
        "purple",
        "purple",
        "purple",
        "purple",
        "purple",
        "red",
        "red",
        "red",
        "red",
        "red",
        "green",
        "green",
        "green",
        "green",
        "green"
      ],
      "mood_vectors": [
        [
          0.09146443036831677,
          0.21318140730561724,
          0.2373657692813049,
          0.15312559423898808,
          0.03768390798153966,
          0.1604967958292969,
          0.10668209499493644
        ],
        [
          0.19889721098166133,
          0.2491585456447933,
          0.20915438515247176,
          0.09170250775446934,
          0.09131706803415507,
          0.13038470400138233,
          0.029385578431066886
        ],
        [
          0.06230222308434745,
          0.24955021983811854,
          0.00041057914335965005,
          0.05387706870916791,
          0.28821266740904167,
          0.052951006416796495,
          0.29269623539916834
        ],
        [
          0.21311836053259808,
          0.0417041862225976,
          0.11384475545919241,
          0.21818770322303332,
          0.14383611312023972,
          0.02837970059968269,
          0.24092918084265613
        ],
        [
          0.2507187396297043,
          0.23001627621091383,
          0.18698928057588685,
          0.09671083853924303,
          0.05081172000134545,
          0.01157479982139345,
          0.17317834522151312
        ],
        [
          0.24516930508703808,
          0.2133899179914224,
          0.10427393692713613,
          0.1474729848591221,
          0.20107035354859298,
          0.032980015574125686,
          0.055643486012562596
        ],
        [
          0.1661401490431868,
          0.14617876128141571,
          0.24230084957728903,
          0.12614394825178976,
          0.09905524573551407,
          0.19117840086956556,
          0.029002645241239078
        ],
        [
          0.17796548893908784,
          0.12426106837489398,
          0.0003931837521026327,
          0.20453099602382585,
          0.4017914909469075,
          0.033477561708603575,
          0.05758021025457859
        ],
        [
          0.1898425714849102,
          0.09040904290929648,
          0.14560370840672068,
          0.05791277197700174,
          0.17508726535878286,
          0.08115891149848678,
          0.2599857283648012
        ],
        [
          0.19065978562678143,
          0.09352686681605273,
          0.17696112216731968,
          0.09697389256932928,
          0.09967793125824156,
          0.16165618473080726,
          0.18054421683146799
        ],
        [
          0.10122722021491948,
          0.032012591596189625,
          0.015382092786786608,
          0.12177084401105168,
          0.16677536457647751,
          0.04270232753061295,
          0.5201295592839622
        ],
        [
          0.11303409644698946,
          0.2081033971681606,
          0.13717415112777076,
          0.2201420813651738,
          0.11044217923543322,
          0.09317667223602491,
          0.11792742242044726
        ],
        [
          0.18203790080314236,
          0.10780128565233309,
          0.1253676865576801,
          0.10737228150455115,
          0.193481057773407,
          0.09910947442465769,
          0.18483031328422866
        ],
        [
          0.018850413673845257,
          0.16756766304568613,
          0.22482917308811734,
          0.09484880497853282,
          0.12316835423012393,
          0.25802535119989845,
          0.11271023978379603
        ],
        [
          0.07725785971326846,
          0.01671703601775589,
          0.14890516033327608,
          0.20857036276169366,
          0.2087422233820701,
          0.216582342136379,
          0.12322501565555682
        ],
        [
          0.08281731860488548,
          0.28324183668032665,
          0.020394398056072877,
          0.1437558791207,
          0.08187777613997523,
          0.11542907812267737,
          0.2724837132753623
        ],
        [
          0.15232822441288826,
          0.12497057986163586,
          0.05177775933514826,
          0.029949868990752342,
          0.17744524310188917,
          0.11631343117739563,
          0.34721489312029047
        ],
        [
          0.1331477569594342,
          0.14308816216092757,
          0.21117556989050082,
          0.28863076060474074,
          0.0873801372926242,
          0.03649611026245946,
          0.10008150282931304
        ],
        [
          0.2312876862237995,
          0.06320916383493207,
          0.02855071310134202,
          0.1209602567066969,
          0.20685211874226317,
          0.2479387657391273,
          0.10120129565183912
        ],
        [
          0.05945866130391519,
          0.19096107415376262,
          0.09727758234338868,
          0.15283410954260046,
          0.1673013827311334,
          0.19576091336179868,
          0.13640627656340099
        ],
        [
          0.1777273217360282,
          0.10440859809164207,
          0.23893224307835045,
          0.0936262205173343,
          0.16727932585039262,
          0.0013399365960403437,
          0.21668635413021203
        ],
        [
          0.07444870669920117,
          0.13006794315000145,
          0.2406605492309343,
          0.052783472635236764,
          0.2534483717538038,
          0.03142985125969023,
          0.21716110527113233
        ],
        [
          0.31015182984865797,
          0.1135129012575101,
          0.1315584369609674,
          0.23237078393758176,
          0.18430788999577769,
          0.013884319268030819,
          0.014213838731474247
        ],
        [
          0.11055591006058704,
          0.27118337056979575,
          0.2752917693883032,
          0.027152881478294852,
          0.22535791846324715,
          0.04078729187978202,
          0.04967085815998994
        ],
        [
          0.18765291485606184,
          0.003177554296512125,
          0.2735178356309187,
          0.11305191204784633,
          0.18677685892694537,
          0.16374367094571168,
          0.07207925329600409
        ],
        [
          0.19182542603828875,
          0.1367898565544259,
          0.08443807313144595,
          0.07341483659945627,
          0.058821932286748556,
          0.2049660190898312,
          0.2497438562998034
        ],
        [
          0.105992118972872,
          0.17146208308186595,
          0.06163246015957638,
          0.04563925019635625,
          0.11491861710725662,
          0.27309014470108184,
          0.2272653257809909
        ],
        [
          0.27382091077825765,
          0.17710695860897263,
          0.014539691040508111,
          0.059996942881894035,
          0.21674855286006775,
          0.1514303695164986,
          0.10635657431380122
        ]
      ],
      "timestamps": [
        27,
        28,
        29,
        30,
        31,
        32,
        33,
        34,
        35,
        36,
        37,
        38,
        39,
        40,
        41,
        42,
        43,
        44,
        45,
        46,
        47,
        48,
        49,
        50,
        51,
        52,
        53,
        54
      ],
      "distance": 724.1
    },
    {
      "trip_id": 2,
      "transport_method": "car",
      "start_time": 55,
      "path": [
        [
          1.5239774000000006,
          42.5089669
        ],
        [
          1.5239121086781242,
          42.508928927941746
        ],
        [
          1.5238468173562476,
          42.508890955883494
        ],
        [
          1.5238602115227484,
          42.5088415654915
        ],
        [
          1.5239120165124311,
          42.50878660116703
        ],
        [
          1.5239683557206534,
          42.50874573996028
        ],
        [
          1.5240424859583948,
          42.508760215518045
        ],
        [
          1.5241166161961361,
          42.50877469107581
        ],
        [
          1.5241907464338778,
          42.50878916663357
        ],
        [
          1.5242648766716191,
          42.50880364219133
        ],
        [
          1.5243390069093605,
          42.508818117749094
        ],
        [
          1.524413137147102,
          42.508832593306856
        ],
        [
          1.5244872673848435,
          42.50884706886462
        ],
        [
          1.524561397622585,
          42.50886154442238
        ],
        [
          1.5246355278603263,
          42.50887601998014
        ],
        [
          1.524709658098068,
          42.508890495537905
        ],
        [
          1.5247837883358093,
          42.50890497109567
        ],
        [
          1.5248579185735507,
          42.50891944665343
        ],
        [
          1.5249320488112923,
          42.50893392221119
        ],
        [
          1.5250061790490337,
          42.508948397768954
        ],
        [
          1.525080309286775,
          42.508962873326716
        ],
        [
          1.5251544395245165,
          42.50897734888448
        ],
        [
          1.525228569762258,
          42.50899182444224
        ],
        [
          1.5253026999999995,
          42.5090063
        ]
      ],
      "emotions": [
        "purple",
        "purple",
        "purple",
        "purple",
        "purple",
        "purple",
        "purple",
        "purple",
        "purple",
        "purple",
        "green",
        "green",
        "green",
        "green",
        "green",
        "green",
        "green",
        "green",
        "green",
        "green",
        "green",
        "green",
        "green",
        "green"
      ],
      "mood_vectors": [
        [
          0.22715753106079123,
          0.1393404817042971,
          0.13738949330770295,
          0.19326748815292102,
          0.10769635606749073,
          0.13988401549251853,
          0.05526463421427848
        ],
        [
          0.02685238016188318,
          0.22677431650993643,
          0.23734328631759535,
          0.20707764700436587,
          0.016199342390101932,
          0.21976591145411098,
          0.06598711616200632
        ],
        [
          0.11468951103495731,
          0.10434527162616805,
          0.0798777405478215,
          0.17022337611044913,
          0.2562072038498397,
          0.1199922306943884,
          0.1546646661363759
        ],
        [
          0.12866303519817124,
          0.09385134923721095,
          0.2363521550407648,
          0.00482067182578567,
          0.09537924227758603,
          0.2138231415416966,
          0.22711040487878467
        ],
        [
          0.22683054372096464,
          0.24967881569710798,
          0.06183578610592905,
          0.0070115551432803685,
          0.1975029817616977,
          0.146745760108769,
          0.11039455746225134
        ],
        [
          0.2924687785555566,
          0.1160160458269124,
          0.13397110524729194,
          0.14115526531447936,
          0.08786869864970764,
          0.18095167105638557,
          0.04756843534966656
        ],
        [
          0.20706429988467515,
          0.18980494800746672,
          0.14699110531395188,
          0.0931695056238278,
          0.09512820368299381,
          0.20807711945064847,
          0.05976481803643613
        ],
        [
          0.06253930331740616,
          0.060408851361923595,
          0.20661145381700816,
          0.09433889989340301,
          0.1914574170323182,
          0.07434532806065296,
          0.3102987465172879
        ],
        [
          0.2006846819660803,
          0.19288167630349962,
          0.09751161888030212,
          0.1273301300324993,
          0.1550502043833481,
          0.15668533490601966,
          0.0698563535282509
        ],
        [
          0.11025467861813482,
          0.0897937960172398,
          0.2189720157893414,
          0.08506705688115575,
          0.09150712861666,
          0.276126734608103,
          0.12827858946936535
        ],
        [
          0.019197114834032667,
          0.14297900749323458,
          0.06444346687136183,
          0.2104308748290248,
          0.24112171053145556,
          0.23055193022107587,
          0.09127589521981476
        ],
        [
          0.06007090012641813,
          0.13545261721615257,
          0.23877947593888235,
          0.22312052410319186,
          0.045244095611064836,
          0.2629287093974754,
          0.03440367760681493
        ],
        [
          0.09532797664693614,
          0.2644108168470063,
          0.1099127246840514,
          0.09171613871462442,
          0.2146169888004166,
          0.1579385956425739,
          0.06607675866439122
        ],
        [
          0.04498888313649352,
          0.03337529398941609,
          0.11997842651438688,
          0.32270622416494016,
          0.3992728156322094,
          0.03310917390521081,
          0.04656918265734318
        ],
        [
          0.14988696308440067,
          0.18482688596591587,
          0.13615705394161703,
          0.02388299132897322,
          0.14865532215462074,
          0.18195674954142635,
          0.17463403398304606
        ],
        [
          0.347404920022624,
          0.05049554676729017,
          0.024988105796181076,
          0.11273624197322983,
          0.04184902001898951,
          0.3186349417062488,
          0.10389122371543652
        ],
        [
          0.18362841172504746,
          0.22021676322950046,
          0.01573136331874208,
          0.07168270914290431,
          0.2031263738992723,
          0.14088560670680159,
          0.16472877197773186
        ],
        [
          0.12164937761164592,
          0.026628545686610616,
          0.11258219499475494,
          0.07212715725675589,
          0.32461990522173884,
          0.1036179945660722,
          0.23877482466242164
        ],
        [
          0.07415706010808958,
          0.0386224612883495,
          0.1582407679063572,
          0.1558881069477739,
          0.11317508297050548,
          0.1533342462202659,
          0.3065822745586584
        ],
        [
          0.12565633558632627,
          0.1870605747595787,
          0.17583956604437426,
          0.21976651686609172,
          0.08022460611844093,
          0.061767244698394175,
          0.14968515592679396
        ],
        [
          0.24927450559535064,
          0.1324436306699997,
          0.046166746501710806,
          0.10797612579147305,
          0.15128014488412284,
          0.26186191177008145,
          0.050996934787261604
        ],
        [
          0.08950940809501866,
          0.1154931618782995,
          0.09770714004102124,
          0.07247322358130708,
          0.18472516739426778,
          0.15375724109105535,
          0.2863346579190304
        ],
        [
          0.3319321168855554,
          0.1591348690558703,
          0.01706294617163327,
          0.1356039190539759,
          0.1680106024615953,
          0.10824675049077277,
          0.08000879588059703
        ],
        [
          0.00036240670348143745,
          0.25470760181834423,
          0.14280055747638082,
          0.06521971236280215,
          0.2691052793974154,
          0.1850867558665026,
          0.08271768637507325
        ]
      ],
      "timestamps": [
        55,
        56,
        57,
        58,
        59,
        60,
        61,
        62,
        63,
        64,
        65,
        66,
        67,
        68,
        69,
        70,
        71,
        72,
        73,
        74,
        75,
        76,
        77,
        78
      ],
      "distance": 38.5
    },
    {
      "trip_id": 3,
      "transport_method": "bicycle",
      "start_time": 79,
      "path": [
        [
          1.5253026999999995,
          42.5090063
        ],
        [
          1.5241668543384463,
          42.50878450117696
        ],
        [
          1.5238633822484793,
          42.5088382013986
        ],
        [
          1.5230446379263316,
          42.50830222002698
        ],
        [
          1.5224393016824367,
          42.50804776810484
        ],
        [
          1.5225268152821847,
          42.5082760146272
        ],
        [
          1.5218658996724472,
          42.508379420863974
        ],
        [
          1.5219733130752686,
          42.508346410940945
        ],
        [
          1.5209302876996817,
          42.50785734976663
        ],
        [
          1.5208077984003623,
          42.50764467284753
        ],
        [
          1.52125736515249,
          42.5079015714641
        ],
        [
          1.5217280188515099,
          42.507513645825846
        ],
        [
          1.5205709795116278,
          42.507493080328636
        ],
        [
          1.5216151219671603,
          42.50747449108573
        ],
        [
          1.521542539602781,
          42.506966124616284
        ],
        [
          1.521834860843763,
          42.50747042153382
        ],
        [
          1.5212830381767384,
          42.50675216202726
        ],
        [
          1.5211348416351227,
          42.506866950575464
        ],
        [
          1.5220297788303212,
          42.507521456595875
        ],
        [
          1.522127850240936,
          42.5069194756341
        ],
        [
          1.5217541000000003,
          42.506049899999994
        ]
      ],
      "emotions": [
        "green",
        "red",
        "red",
        "red",
        "red",
        "red",
        "green",
        "green",
        "green",
        "green",
        "green",
        "green",
        "green",
        "green",
        "green",
        "green",
        "red",
        "red",
        "red",
        "red",
        "red"
      ],
      "mood_vectors": [
        [
          0.02762376733829091,
          0.2324452486364983,
          0.04641372310470258,
          0.026751204451280108,
          0.025125358378919865,
          0.3693134252057123,
          0.272327272884596
        ],
        [
          0.17339945538219528,
          0.02229692546375423,
          0.11682027095259459,
          0.16743649441452194,
          0.1239195348601317,
          0.1760038234960134,
          0.22012349543078882
        ],
        [
          0.0008155623316762308,
          0.26211859073023974,
          0.05389657217028249,
          0.19802682394284477,
          0.20174184210752816,
          0.20863516036300453,
          0.07476544835442411
        ],
        [
          0.2086143291952699,
          0.15811229456137282,
          0.024307323275908062,
          0.11414510303412913,
          0.07864594075670715,
          0.20795775566914027,
          0.20821725350747264
        ],
        [
          0.07565180740890402,
          0.1541152202509581,
          0.19630136979912557,
          0.08128051487288647,
          0.1672647646873125,
          0.22260211467709362,
          0.10278420830371969
        ],
        [
          0.10347244948510145,
          0.14541945725746286,
          0.43909335633001495,
          0.1533713414531904,
          0.009470736766135709,
          0.023802040450291162,
          0.12537061825780355
        ],
        [
          0.17885311358041006,
          0.22817833858489844,
          0.18939654312154844,
          0.2252381328284697,
          0.07869280990486716,
          0.09032614470439933,
          0.009314917275406858
        ],
        [
          0.16410476975097105,
          0.07006481856070274,
          0.22280112539918073,
          0.17334923991035592,
          0.17343695812645005,
          0.14881958781942894,
          0.047423500432910576
        ],
        [
          0.15579865049319452,
          0.09334182578052627,
          0.096228429706219,
          0.12234042699693005,
          0.17132914510207634,
          0.17265023610528663,
          0.1883112858157671
        ],
        [
          0.10407508239348769,
          0.1277078572699203,
          0.16437099842280606,
          0.15279046889895914,
          0.1558863147108183,
          0.12864349671075,
          0.16652578159325856
        ],
        [
          0.24595121684459045,
          0.23002248189462512,
          0.1769944557024286,
          0.15828617542312926,
          0.04441754755519268,
          0.05200620029782398,
          0.09232192228220987
        ],
        [
          0.13586806281842648,
          0.16662478994516966,
          0.10155463881879194,
          0.19145233739202236,
          0.19616842365823317,
          0.15462245455687387,
          0.05370929281048254
        ],
        [
          0.2732999488914768,
          0.06468496524599009,
          0.20116485858219144,
          0.03629953620239658,
          0.07360791002436522,
          0.2639988627671483,
          0.08694391828643167
        ],
        [
          0.12410692876555533,
          0.026055828738901905,
          0.20755703398108458,
          0.09834935581932801,
          0.1826364057167231,
          0.1545618648925359,
          0.20673258208587117
        ],
        [
          0.15904643218655062,
          0.2358919413081051,
          0.12528991641909287,
          0.12798456638888253,
          0.045146418490195524,
          0.03393558019593704,
          0.27270514501123627
        ],
        [
          0.2150234672919758,
          0.05629620501241349,
          0.12425645481834205,
          0.004451484644308161,
          0.13353206171897478,
          0.2128134855629768,
          0.25362684095100885
        ],
        [
          0.23990147190792524,
          0.05003328462327504,
          0.02941666605139959,
          0.11717746880178835,
          0.01751706685443348,
          0.3045123572595916,
          0.2414416845015867
        ],
        [
          0.21789775833095948,
          0.1851293324590632,
          0.21180481746988203,
          0.0328382382282974,
          0.018291147849571917,
          0.13314061688532167,
          0.20089808877690432
        ],
        [
          0.16308558573637616,
          0.12842085656034058,
          0.11245724417632766,
          0.1724921154288444,
          0.12144964143372174,
          0.05025905682835064,
          0.25183549983603876
        ],
        [
          0.1631155029139044,
          0.15078243487982407,
          0.20273191522865655,
          0.2440360982331716,
          0.17992744142521958,
          0.008578594520132763,
          0.05082801279909105
        ],
        [
          0.23031721461169186,
          0.14417014914340995,
          0.20577761974587963,
          0.07147533399880013,
          0.05055679327378321,
          0.15491834120753661,
          0.14278454801889864
        ]
      ],
      "timestamps": [
        79,
        80,
        81,
        82,
        83,
        84,
        85,
        86,
        87,
        88,
        89,
        90,
        91,
        92,
        93,
        94,
        95,
        96,
        97,
        98,
        99
      ],
      "distance": 674.1
    }
  ],
  "conversation": [
    "Maybe I'll cut through the park.",
    "No idea where this path goes, but I'm following it.",
    "Why are the best dumplings always cash only?"
  ],
  "conversation_timestamps": [
    2,
    81,
    86
  ]
}
