{"agent_id": "agent-red-1331", "type": "red", "trips": [{"trip_id": 0, "transport_method": "foot", "start_time": 0, "path": [[1.5367738, 42.5537563], [1.5367824, 42.5529322], [1.5362648, 42.5519258], [1.5352486, 42.5510436], [1.5340107, 42.5505927], [1.5327771, 42.5500722], [1.5315961, 42.5494103], [1.5303213, 42.5489715], [1.5297831, 42.5489439], [1.5310746, 42.5490971], [1.5305254, 42.5488609], [1.5292975, 42.5482814], [1.5279634, 42.5480704], [1.5267582, 42.5479441], [1.5264286, 42.547221], [1.5252061, 42.5467275], [1.5245667, 42.546036], [1.5238835, 42.5448697], [1.523418, 42.5437849], [1.5230395, 42.5430514], [1.522866, 42.5417306], [1.5234929, 42.5406281], [1.5232223, 42.5399831], [1.5231243, 42.5386359], [1.5239836, 42.5377766], [1.5251976, 42.5374583], [1.5246064, 42.536745], [1.5233174, 42.536369], [1.5224665, 42.5354251], [1.5214411, 42.5346017], [1.5207039, 42.5335346], [1.5213142, 42.5324657], [1.5210196, 42.5312509], [1.5213457, 42.5301405], [1.5217899, 42.5291926], [1.5210409, 42.5281708], [1.5206639, 42.5269527], [1.5207742, 42.525599], [1.5206306, 42.5268388], [1.5206676, 42.5267342], [1.5207517, 42.5253786], [1.520939, 42.5241108], [1.521739, 42.5230212], [1.5224353, 42.5218977], [1.5233918, 42.5209781], [1.5238379, 42.5196953], [1.5234738, 42.5208261], [1.5237401, 42.5201179], [1.524242, 42.5188559], [1.5253007, 42.5180805], [1.5263241, 42.5172472], [1.5274837, 42.5166125], [1.5286942, 42.5160309], [1.5295548, 42.5149878], [1.5303668, 42.514036], [1.5306351, 42.5127815], [1.5305932, 42.5117157], [1.5295197, 42.5110044], [1.5291302, 42.5099537], [1.5287838, 42.5096558], [1.5290171, 42.5098496], [1.5280307, 42.508916], [1.5267746, 42.5085163], [1.5255423, 42.5081087], [1.5242279, 42.5077765], [1.5228879, 42.5076814], [1.5221402, 42.5067556], [1.52227, 42.5067524], [1.5211531, 42.5060306], [1.521675, 42.5062236], [1.5205322, 42.5058446], [1.5192122, 42.5055259], [1.5182045, 42.5053956], [1.5172551, 42.5053432], [1.5172813, 42.5053068], [1.5160078, 42.5048928], [1.5149869, 42.5039977], [1.5139765, 42.50309], [1.5130288, 42.502245], [1.5118925, 42.5015087]], "mood_vectors": [[0.7186, 0.0543, 0.0302, 0.0647, 0.0559, 0.0294, 0.047], [0.6837, 0.096, 0.0283, 0.0787, 0.0186, 0.0594, 0.0353], [0.6283, 0.0524, 0.0679, 0.0439, 0.0891, 0.0578, 0.0606], [0.7124, 0.0611, 0.0316, 0.0628, 0.0631, 0.036, 0.0331], [0.6367, 0.0604, 0.0796, 0.0374, 0.077, 0.0259, 0.083], [0.7068, 0.0529, 0.0379, 0.0286, 0.0292, 0.0903, 0.0543], [0.6591, 0.0202, 0.0815, 0.0143, 0.0686, 0.0728, 0.0836], [0.6059, 0.0352, 0.0366, 0.0975, 0.0601, 0.0856, 0.0792], [0.6376, 0.0214, 0.076, 0.0556, 0.0903, 0.0864, 0.0328], [0.7429, 0.0216, 0.0685, 0.0271, 0.0707, 0.0493, 0.0198], [0.6857, 0.0273, 0.0621, 0.0771, 0.0515, 0.0758, 0.0206], [0.709, 0.0348, 0.0268, 0.0534, 0.0658, 0.0756, 0.0347], [0.7406, 0.0349, 0.016, 0.048, 0.0405, 0.055, 0.065], [0.7088, 0.0606, 0.0466, 0.0409, 0.0672, 0.0348, 0.0412], [0.647, 0.0391, 0.0812, 0.0649, 0.0919, 0.0157, 0.0602], [0.8142, 0.0391, 0.0205, 0.0186, 0.0247, 0.0598, 0.023], [0.6775, 0.0218, 0.0568, 0.0823, 0.0834, 0.0391, 0.0391], [0.6393, 0.0164, 0.047, 0.0902, 0.076, 0.0675, 0.0636], [0.7309, 0.0223, 0.0869, 0.028, 0.0477, 0.0628, 0.0215], [0.7557, 0.0208, 0.0738, 0.0629, 0.0426, 0.0262, 0.0179], [0.8085, 0.0139, 0.0196, 0.0138, 0.0697, 0.0315, 0.043], [0.6371, 0.0428, 0.0715, 0.0755, 0.0749, 0.07, 0.0282], [0.7559, 0.0268, 0.0555, 0.0209, 0.0452, 0.07, 0.0258], [0.6951, 0.0629, 0.0344, 0.0357, 0.0684, 0.04, 0.0635], [0.7316, 0.0376, 0.0388, 0.0175, 0.071, 0.0622, 0.0413], [0.7307, 0.0554, 0.0668, 0.0418, 0.0316, 0.0363, 0.0374], [0.684, 0.0715, 0.034, 0.0436, 0.0663, 0.0759, 0.0247], [0.7269, 0.0245, 0.0778, 0.0722, 0.0216, 0.0281, 0.0489], [0.6753, 0.0152, 0.0923, 0.0738, 0.0478, 0.0668, 0.0288], [0.7331, 0.0136, 0.0409, 0.0462, 0.048, 0.0511, 0.0672], [0.6832, 0.0244, 0.0713, 0.0533, 0.0591, 0.074, 0.0348], [0.6606, 0.0988, 0.0327, 0.0974, 0.0218, 0.0341, 0.0546], [0.6363, 0.0593, 0.0842, 0.0882, 0.0401, 0.0312, 0.0607], [0.7181, 0.0446, 0.0149, 0.0429, 0.0723, 0.0303, 0.077], [0.8267, 0.0346, 0.0206, 0.0372, 0.0454, 0.0174, 0.0181], [0.6705, 0.0692, 0.0639, 0.0705, 0.0574, 0.0167, 0.0517], [0.7625, 0.0714, 0.0432, 0.0187, 0.0134, 0.0605, 0.0304], [0.7176, 0.0457, 0.0159, 0.0685, 0.0575, 0.0777, 0.017], [0.6856, 0.0416, 0.0615, 0.0618, 0.0327, 0.0491, 0.0676], [0.6773, 0.0162, 0.064, 0.0903, 0.02, 0.0481, 0.0841], [0.6984, 0.0314, 0.0444, 0.0238, 0.091, 0.0677, 0.0434], [0.685, 0.0643, 0.032, 0.0737, 0.0848, 0.0364, 0.0238], [0.7265, 0.0152, 0.0221, 0.0567, 0.0811, 0.0835, 0.0149], [0.6837, 0.0178, 0.0567, 0.0581, 0.0602, 0.0546, 0.0687], [0.759, 0.0273, 0.0214, 0.0501, 0.0669, 0.0255, 0.0498], [0.6919, 0.0478, 0.0236, 0.0913, 0.0227, 0.0472, 0.0756], [0.6633, 0.0609, 0.0583, 0.0427, 0.0371, 0.0563, 0.0814], [0.7097, 0.0754, 0.0406, 0.0522, 0.0329, 0.0553, 0.0338], [0.7595, 0.0434, 0.0711, 0.0148, 0.0145, 0.0638, 0.033], [0.7672, 0.046, 0.0337, 0.056, 0.0317, 0.0203, 0.0452], [0.7972, 0.0513, 0.0302, 0.0246, 0.0123, 0.0147, 0.0696], [0.7635, 0.0316, 0.0384, 0.0363, 0.012, 0.0501, 0.0682], [0.6399, 0.0495, 0.0888, 0.0583, 0.05, 0.0841, 0.0294], [0.6409, 0.0718, 0.0499, 0.0246, 0.0482, 0.0854, 0.0792], [0.6761, 0.0196, 0.0396, 0.1082, 0.0486, 0.0892, 0.0186], [0.6856, 0.0372, 0.0389, 0.0714, 0.0411, 0.0745, 0.0512], [0.724, 0.0541, 0.0566, 0.0227, 0.0669, 0.0255, 0.0502], [0.6835, 0.0789, 0.0451, 0.0632, 0.0695, 0.0393, 0.0205], [0.6782, 0.0708, 0.0416, 0.0673, 0.0627, 0.031, 0.0485], [0.7311, 0.0337, 0.0224, 0.05, 0.0691, 0.0748, 0.019], [0.7419, 0.0325, 0.0191, 0.044, 0.073, 0.0651, 0.0244], [0.6447, 0.0718, 0.0935, 0.0307, 0.044, 0.0236, 0.0916], [0.6976, 0.0397, 0.0404, 0.0521, 0.0604, 0.0303, 0.0795], [0.6763, 0.0745, 0.0805, 0.0512, 0.0256, 0.017, 0.075], [0.6462, 0.0472, 0.0174, 0.0779, 0.0933, 0.0333, 0.0847], [0.7723, 0.0412, 0.0825, 0.0177, 0.0451, 0.0195, 0.0216], [0.613, 0.0719, 0.0626, 0.0514, 0.0791, 0.0515, 0.0706], [0.7068, 0.0591, 0.0223, 0.0451, 0.0768, 0.0315, 0.0583], [0.7596, 0.0425, 0.0431, 0.0504, 0.0477, 0.0145, 0.0423], [0.7063, 0.0259, 0.0169, 0.0928, 0.0717, 0.0311, 0.0553], [0.708, 0.0509, 0.0719, 0.0608, 0.0308, 0.0552, 0.0223], [0.74, 0.0557, 0.0727, 0.0445, 0.0221, 0.0312, 0.0337], [0.7298, 0.0361, 0.0792, 0.0209, 0.0511, 0.0151, 0.0678], [0.6064, 0.0693, 0.0401, 0.0641, 0.0517, 0.0735, 0.0949], [0.7047, 0.0587, 0.0815, 0.05, 0.022, 0.0179, 0.0652], [0.6689, 0.0653, 0.0753, 0.0274, 0.026, 0.0632, 0.0739], [0.7657, 0.0149, 0.0347, 0.0728, 0.0533, 0.0189, 0.0397], [0.6346, 0.0352, 0.0434, 0.0478, 0.0886, 0.0695, 0.0809], [0.6507, 0.0252, 0.0687, 0.0714, 0.0698, 0.0696, 0.0446], [0.6844, 0.0918, 0.0578, 0.0144, 0.0615, 0.0214, 0.0686]], "emotions": ["red", "red", "red", "red", "red", "red", "red", "red", "red", "red", "red", "red", "red", "red", "red", "red", "red", "red", "red", "red", "red", "red", "red", "red", "red", "red", "red", "red", "red", "red", "red", "red", "red", "red", "red", "red", "red", "red", "red", "red", "red", "red", "red", "red", "red", "red", "red", "red", "red", "red", "red", "red", "red", "red", "red", "red", "red", "red", "red", "red", "red", "red", "red", "red", "red", "red", "red", "red", "red", "red", "red", "red", "red", "red", "red", "red", "red", "red", "red", "red"], "timestamps": [0, 40, 80, 120, 160, 200, 240, 280, 320, 360, 400, 440, 480, 520, 560, 600, 640, 680, 720, 760, 800, 840, 880, 920, 960, 1000, 1040, 1080, 1120, 1160, 1200, 1240, 1280, 1320, 1360, 1400, 1440, 1480, 1520, 1560, 1600, 1640, 1680, 1720, 1760, 1800, 1840, 1880, 1920, 1960, 2000, 2040, 2080, 2120, 2160, 2200, 2240, 2280, 2320, 2360, 2400, 2440, 2480, 2520, 2560, 2600, 2640, 2680, 2720, 2760, 2800, 2840, 2880, 2920, 2960, 3000, 3040, 3080, 3120, 3160]}], "conversation": [], "conversation_timestamps": []}