{"agent_id": "agent-purple-1804", "type": "purple", "trips": [{"trip_id": 0, "transport_method": "car", "start_time": 0, "path": [[1.5294285, 42.5090061], [1.5282418, 42.5083356], [1.5272954, 42.5072814], [1.5258003, 42.5071478], [1.5243509, 42.5068903], [1.5228851, 42.5065858], [1.5214505, 42.5061408], [1.5215139, 42.506163], [1.5205579, 42.5058532], [1.5190958, 42.5055068], [1.518347, 42.5054279], [1.517079, 42.5053555], [1.5167349, 42.5052268], [1.5154779, 42.5044387], [1.5143596, 42.5034342], [1.5133374, 42.5023429], [1.5124635, 42.5011251], [1.5115563, 42.4999266], [1.5106229, 42.4987483], [1.5094301, 42.497874], [1.5080772, 42.497219], [1.5066715, 42.4966881], [1.5052473, 42.4962077], [1.5038954, 42.4955598], [1.5024976, 42.4950159], [1.5011375, 42.4943761], [1.500052, 42.4934327], [1.4988039, 42.4926042], [1.4974872, 42.4918801], [1.4963261, 42.4909718], [1.4958973, 42.48959], [1.4949229, 42.4884455], [1.4947396, 42.4870205], [1.4939559, 42.4857896], [1.492718, 42.4849564], [1.491342, 42.4845087], [1.4905312, 42.4833221], [1.4898064, 42.4820135], [1.4894402, 42.4805761], [1.4895605, 42.4791069], [1.4903273, 42.4778159], [1.4906891, 42.4764449], [1.4908445, 42.4749828], [1.4905112, 42.4735376], [1.4910711, 42.4721558], [1.491779, 42.4708297], [1.4920225, 42.4693725], [1.4915853, 42.4679365], [1.4918516, 42.4666415], [1.4914452, 42.4654646], [1.4908511, 42.4641407], [1.491156, 42.4627137], [1.4904643, 42.4620302], [1.489684, 42.4607959], [1.4888718, 42.459533], [1.487913, 42.458385], [1.4877044, 42.4581293], [1.4868323, 42.4569124], [1.4866345, 42.4554444], [1.4870006, 42.4539956], [1.4866803, 42.4526317], [1.4866937, 42.4513194], [1.4865892, 42.4501392], [1.4858617, 42.4489163], [1.4865307, 42.4479127], [1.4862718, 42.4470446], [1.4861473, 42.4457511], [1.486851, 42.4444446], [1.4875339, 42.4431839], [1.4880759, 42.4434093], [1.4882902, 42.4448972], [1.4881077, 42.4447622], [1.4881962, 42.4433018], [1.488071, 42.4433013], [1.4883085, 42.4447857], [1.4886404, 42.4446637], [1.48925, 42.4433593], [1.4897962, 42.4421541], [1.4894595, 42.4407987], [1.4899318, 42.4394066]], "mood_vectors": [[0.0538, 0.0206, 0.104, 0.0176, 0.0428, 0.708, 0.0532], [0.0282, 0.0457, 0.0619, 0.032, 0.0234, 0.7158, 0.093], [0.0565, 0.0269, 0.1004, 0.0423, 0.0683, 0.6849, 0.0207], [0.0284, 0.0616, 0.0965, 0.0316, 0.0421, 0.7134, 0.0264], [0.0577, 0.0734, 0.0631, 0.0464, 0.056, 0.6308, 0.0725], [0.0345, 0.0573, 0.0771, 0.0797, 0.062, 0.5985, 0.0909], [0.0383, 0.0912, 0.0178, 0.032, 0.0374, 0.7485, 0.0349], [0.0265, 0.0422, 0.015, 0.014, 0.0714, 0.7963, 0.0346], [0.0624, 0.0723, 0.0577, 0.011, 0.058, 0.7168, 0.0217], [0.0583, 0.0769, 0.0599, 0.0365, 0.0545, 0.6855, 0.0284], [0.0376, 0.0158, 0.0356, 0.0547, 0.0422, 0.7352, 0.079], [0.0456, 0.048, 0.0784, 0.0343, 0.0439, 0.6795, 0.0703], [0.0391, 0.0558, 0.0669, 0.0385, 0.0423, 0.6931, 0.0643], [0.0447, 0.0612, 0.0272, 0.0146, 0.033, 0.7425, 0.0769], [0.0502, 0.0543, 0.0189, 0.0744, 0.063, 0.6995, 0.0397], [0.0184, 0.0186, 0.0883, 0.0939, 0.0312, 0.7102, 0.0394], [0.0477, 0.0368, 0.0254, 0.0308, 0.0345, 0.7989, 0.0259], [0.0298, 0.0552, 0.0791, 0.0135, 0.0689, 0.7157, 0.0379], [0.063, 0.0798, 0.056, 0.0127, 0.0291, 0.7003, 0.0592], [0.084, 0.0169, 0.0767, 0.0687, 0.0327, 0.647, 0.0741], [0.1011, 0.0507, 0.034, 0.0366, 0.0845, 0.663, 0.0301], [0.0598, 0.0657, 0.0118, 0.04, 0.0707, 0.6996, 0.0526], [0.0155, 0.0891, 0.0317, 0.0515, 0.0222, 0.7173, 0.0727], [0.021, 0.0369, 0.094, 0.0206, 0.0953, 0.6742, 0.0579], [0.0552, 0.0441, 0.0659, 0.0246, 0.0293, 0.7326, 0.0482], [0.0297, 0.0661, 0.0705, 0.0171, 0.0487, 0.7228, 0.0451], [0.06, 0.0358, 0.0595, 0.0559, 0.0413, 0.7187, 0.0287], [0.0311, 0.0441, 0.028, 0.0733, 0.0161, 0.7637, 0.0437], [0.074, 0.0342, 0.0493, 0.0456, 0.0622, 0.6939, 0.0408], [0.032, 0.041, 0.0158, 0.0144, 0.0132, 0.8401, 0.0434], [0.0473, 0.0802, 0.0756, 0.0816, 0.0542, 0.58, 0.0811], [0.0264, 0.0486, 0.0315, 0.0255, 0.0479, 0.7272, 0.0929], [0.0418, 0.0174, 0.0726, 0.0152, 0.0235, 0.7675, 0.0619], [0.0163, 0.0904, 0.0944, 0.094, 0.0413, 0.6297, 0.0339], [0.0618, 0.0201, 0.0252, 0.0735, 0.0184, 0.7697, 0.0312], [0.0528, 0.0755, 0.0767, 0.0665, 0.0664, 0.589, 0.0731], [0.0349, 0.0321, 0.0312, 0.0549, 0.0455, 0.7716, 0.0298], [0.032, 0.0253, 0.0137, 0.0356, 0.074, 0.7712, 0.0481], [0.0356, 0.0121, 0.0518, 0.0667, 0.0665, 0.7158, 0.0515], [0.03, 0.0255, 0.0435, 0.0591, 0.04, 0.7174, 0.0845], [0.0609, 0.0594, 0.0548, 0.0721, 0.0383, 0.6496, 0.065], [0.0751, 0.0361, 0.0646, 0.0881, 0.066, 0.6456, 0.0245], [0.0359, 0.0358, 0.0813, 0.0855, 0.0306, 0.6953, 0.0357], [0.046, 0.0615, 0.0538, 0.0682, 0.014, 0.6964, 0.0601], [0.0498, 0.0617, 0.0611, 0.0722, 0.0211, 0.6839, 0.0503], [0.0477, 0.0834, 0.0447, 0.0387, 0.0637, 0.6899, 0.032], [0.0612, 0.0417, 0.0146, 0.0405, 0.0386, 0.7655, 0.0379], [0.0506, 0.04, 0.0706, 0.048, 0.0404, 0.709, 0.0414], [0.0215, 0.0704, 0.042, 0.0787, 0.0268, 0.7422, 0.0184], [0.0283, 0.0635, 0.0771, 0.0193, 0.0495, 0.7159, 0.0464], [0.0322, 0.0553, 0.0795, 0.0238, 0.0475, 0.7192, 0.0425], [0.0653, 0.0354, 0.0688, 0.0507, 0.0839, 0.6759, 0.02], [0.0624, 0.0653, 0.0369, 0.0559, 0.0207, 0.7151, 0.0438], [0.0468, 0.0308, 0.0602, 0.0585, 0.0661, 0.6926, 0.0451], [0.042, 0.059, 0.0835, 0.0828, 0.0534, 0.6346, 0.0447], [0.0371, 0.0291, 0.0362, 0.071, 0.0526, 0.7451, 0.0288], [0.0873, 0.0646, 0.0346, 0.092, 0.0315, 0.6654, 0.0246], [0.0795, 0.0586, 0.0361, 0.0444, 0.0258, 0.7302, 0.0253], [0.044, 0.0248, 0.0798, 0.0834, 0.0205, 0.7082, 0.0393], [0.0261, 0.0305, 0.0788, 0.0213, 0.0683, 0.7148, 0.0602], [0.0679, 0.0201, 0.0634, 0.0602, 0.0636, 0.6673, 0.0576], [0.0803, 0.0704, 0.0807, 0.0544, 0.0223, 0.6133, 0.0785], [0.0202, 0.0611, 0.0445, 0.0709, 0.0806, 0.7014, 0.0213], [0.018, 0.0156, 0.0144, 0.0725, 0.0641, 0.7798, 0.0356], [0.0625, 0.0503, 0.0789, 0.0141, 0.0795, 0.6413, 0.0735], [0.0253, 0.0622, 0.0536, 0.0638, 0.0179, 0.7537, 0.0234], [0.0778, 0.045, 0.0575, 0.0695, 0.0813, 0.6256, 0.0433], [0.0445, 0.0182, 0.0841, 0.0702, 0.0571, 0.7001, 0.0257], [0.0207, 0.0454, 0.0847, 0.0838, 0.0814, 0.6589, 0.0251], [0.0194, 0.0447, 0.0551, 0.0607, 0.0261, 0.7786, 0.0154], [0.0596, 0.0174, 0.0243, 0.0174, 0.0831, 0.7136, 0.0847], [0.036, 0.0327, 0.0832, 0.0596, 0.0657, 0.677, 0.0457], [0.067, 0.0212, 0.046, 0.0711, 0.0782, 0.6402, 0.0763], [0.0701, 0.0441, 0.0256, 0.0693, 0.0709, 0.6642, 0.0558], [0.023, 0.0314, 0.0441, 0.019, 0.0426, 0.7614, 0.0785], [0.0567, 0.0404, 0.0679, 0.0741, 0.0568, 0.6846, 0.0196], [0.0376, 0.0584, 0.0287, 0.0283, 0.058, 0.7307, 0.0583], [0.0911, 0.0449, 0.0521, 0.0468, 0.0155, 0.675, 0.0747], [0.0324, 0.0672, 0.0744, 0.0413, 0.08, 0.6671, 0.0376], [0.0144, 0.0594, 0.0292, 0.0786, 0.0616, 0.7163, 0.0407]], "emotions": ["purple", "purple", "purple", "purple", "purple", "purple", "purple", "purple", "purple", "purple", "purple", "purple", "purple", "purple", "purple", "purple", "purple", "purple", "purple", "purple", "purple", "purple", "purple", "purple", "purple", "purple", "purple", "purple", "purple", "purple", "purple", "purple", "purple", "purple", "purple", "purple", "purple", "purple", "purple", "purple", "purple", "purple", "purple", "purple", "purple", "purple", "purple", "purple", "purple", "purple", "purple", "purple", "purple", "purple", "purple", "purple", "purple", "purple", "purple", "purple", "purple", "purple", "purple", "purple", "purple", "purple", "purple", "purple", "purple", "purple", "purple", "purple", "purple", "purple", "purple", "purple", "purple", "purple", "purple", "purple"], "timestamps": [0, 40, 80, 120, 160, 200, 240, 280, 320, 360, 400, 440, 480, 520, 560, 600, 640, 680, 720, 760, 800, 840, 880, 920, 960, 1000, 1040, 1080, 1120, 1160, 1200, 1240, 1280, 1320, 1360, 1400, 1440, 1480, 1520, 1560, 1600, 1640, 1680, 1720, 1760, 1800, 1840, 1880, 1920, 1960, 2000, 2040, 2080, 2120, 2160, 2200, 2240, 2280, 2320, 2360, 2400, 2440, 2480, 2520, 2560, 2600, 2640, 2680, 2720, 2760, 2800, 2840, 2880, 2920, 2960, 3000, 3040, 3080, 3120, 3160]}], "conversation": [], "conversation_timestamps": []}