{"agent_id": "agent-red-1701", "type": "red", "trips": [{"trip_id": 0, "transport_method": "foot", "start_time": 0, "path": [[1.525917, 42.5057988], [1.5271168, 42.5066509], [1.5277093, 42.5073092], [1.5283253, 42.5084104], [1.5282471, 42.509101], [1.5292934, 42.5101407], [1.5297962, 42.5112484], [1.5309658, 42.5120525], [1.5303365, 42.5133485], [1.5299939, 42.5146397], [1.5289773, 42.5156972], [1.5277061, 42.5164695], [1.5264132, 42.5172161], [1.5274115, 42.5166595], [1.5287289, 42.5159969], [1.5279105, 42.5164241], [1.5266586, 42.5172376], [1.5254068, 42.518051], [1.5250872, 42.5182464], [1.5262327, 42.5173276], [1.5251148, 42.5181442], [1.5239379, 42.5190295], [1.5236326, 42.5204804], [1.5227878, 42.5216745], [1.5218209, 42.5227512], [1.5210238, 42.5239897], [1.5206103, 42.5253837], [1.5202059, 42.5267709], [1.5203595, 42.5280651], [1.5204978, 42.5294529], [1.5197521, 42.5304742], [1.5195675, 42.5318863], [1.5196337, 42.5333329], [1.5200485, 42.5345841], [1.5211611, 42.5355778], [1.5204049, 42.536575], [1.5197442, 42.5379071], [1.519376, 42.5393426], [1.5194088, 42.5407742], [1.5182853, 42.5416119], [1.5189574, 42.5413332], [1.5179936, 42.5417635], [1.517129, 42.5429411], [1.5161145, 42.5440078], [1.5151915, 42.5451497], [1.5142943, 42.5461784], [1.5134252, 42.54737], [1.5128608, 42.5486443], [1.5119052, 42.5496785], [1.5107586, 42.5506237], [1.5095969, 42.5515396], [1.5086645, 42.5522117], [1.5085521, 42.5523227], [1.5074398, 42.5533177], [1.506653, 42.5544846], [1.5060875, 42.5558197], [1.5051236, 42.5569481], [1.5048111, 42.5583559], [1.5038354, 42.559397], [1.5025216, 42.559983], [1.5013263, 42.5608753], [1.4999568, 42.5613642], [1.4987999, 42.5616078], [1.497317, 42.5614946], [1.496, 42.5619363], [1.4949708, 42.5629962], [1.4936483, 42.563628], [1.4923383, 42.5642938], [1.4913215, 42.5653838], [1.4902851, 42.5664508], [1.4892987, 42.5675628], [1.4885067, 42.5688046], [1.4887324, 42.568245], [1.4879292, 42.5695035], [1.4888914, 42.5694654], [1.4900792, 42.5694618], [1.4910011, 42.5687168], [1.4915685, 42.5684909], [1.4918678, 42.5698213], [1.490732, 42.5701787]], "mood_vectors": [[0.6509, 0.0269, 0.0355, 0.0685, 0.0665, 0.0851, 0.0666], [0.7165, 0.064, 0.0291, 0.0702, 0.0728, 0.0226, 0.0247], [0.727, 0.0378, 0.0479, 0.0238, 0.0666, 0.0269, 0.0701], [0.7089, 0.0437, 0.0774, 0.0203, 0.0228, 0.0362, 0.0907], [0.716, 0.045, 0.0523, 0.0151, 0.0567, 0.0511, 0.0637], [0.6492, 0.048, 0.0652, 0.0488, 0.0792, 0.054, 0.0555], [0.7228, 0.0492, 0.0216, 0.0375, 0.0181, 0.1111, 0.0397], [0.7028, 0.0404, 0.067, 0.0231, 0.0254, 0.0761, 0.0651], [0.6741, 0.0226, 0.0464, 0.0721, 0.0731, 0.0468, 0.0648], [0.6961, 0.0447, 0.0661, 0.0937, 0.0283, 0.0204, 0.0507], [0.6627, 0.0807, 0.0827, 0.0395, 0.0369, 0.0572, 0.0402], [0.6044, 0.0509, 0.0672, 0.0776, 0.0728, 0.0609, 0.0662], [0.6284, 0.0498, 0.0676, 0.0593, 0.0837, 0.082, 0.0291], [0.7783, 0.0721, 0.027, 0.018, 0.029, 0.057, 0.0187], [0.6284, 0.0504, 0.0765, 0.0903, 0.039, 0.0813, 0.0341], [0.6961, 0.0672, 0.0441, 0.0639, 0.0174, 0.0243, 0.0869], [0.6864, 0.0396, 0.0424, 0.0264, 0.086, 0.0598, 0.0593], [0.7093, 0.0365, 0.0162, 0.0612, 0.0721, 0.0283, 0.0764], [0.6126, 0.0855, 0.0697, 0.0783, 0.0209, 0.0482, 0.0848], [0.6904, 0.0347, 0.0307, 0.0763, 0.0834, 0.0422, 0.0423], [0.789, 0.0702, 0.0634, 0.0151, 0.021, 0.0151, 0.0261], [0.6809, 0.0653, 0.0461, 0.0395, 0.0164, 0.0726, 0.0791], [0.731, 0.0159, 0.0841, 0.0287, 0.041, 0.0665, 0.0329], [0.7123, 0.0447, 0.0562, 0.0761, 0.0436, 0.0511, 0.0161], [0.7735, 0.0325, 0.0412, 0.061, 0.023, 0.0532, 0.0157], [0.6156, 0.071, 0.074, 0.0799, 0.0286, 0.0624, 0.0685], [0.6749, 0.0887, 0.0699, 0.0364, 0.0737, 0.0283, 0.0281], [0.6688, 0.055, 0.0749, 0.048, 0.0746, 0.0561, 0.0227], [0.7011, 0.0352, 0.0482, 0.0821, 0.0242, 0.0783, 0.0309], [0.6976, 0.0576, 0.0317, 0.0528, 0.0532, 0.0543, 0.0529], [0.7191, 0.0268, 0.0722, 0.0398, 0.0573, 0.0574, 0.0274], [0.6674, 0.0304, 0.0602, 0.0755, 0.052, 0.0605, 0.054], [0.6152, 0.0806, 0.0911, 0.0818, 0.0487, 0.0559, 0.0268], [0.6822, 0.1063, 0.0504, 0.0444, 0.0298, 0.0506, 0.0363], [0.7209, 0.0554, 0.0198, 0.0489, 0.0618, 0.0679, 0.0253], [0.7328, 0.0372, 0.0496, 0.0802, 0.0267, 0.043, 0.0305], [0.6363, 0.0602, 0.0554, 0.0538, 0.0766, 0.053, 0.0646], [0.6949, 0.0764, 0.0384, 0.0186, 0.0625, 0.0548, 0.0544], [0.7133, 0.0316, 0.0727, 0.0417, 0.0317, 0.0775, 0.0316], [0.7406, 0.016, 0.0594, 0.0313, 0.0268, 0.0709, 0.055], [0.6288, 0.0806, 0.0761, 0.0872, 0.0585, 0.0472, 0.0215], [0.6858, 0.0286, 0.0344, 0.0596, 0.0805, 0.0439, 0.0673], [0.7302, 0.0726, 0.0253, 0.0216, 0.0796, 0.0517, 0.019], [0.6488, 0.0376, 0.0875, 0.0511, 0.1023, 0.0532, 0.0196], [0.6818, 0.0576, 0.0643, 0.0281, 0.0375, 0.0604, 0.0703], [0.7086, 0.0265, 0.0124, 0.045, 0.0584, 0.0708, 0.0782], [0.6445, 0.0588, 0.0488, 0.0549, 0.0631, 0.0879, 0.0419], [0.6656, 0.0749, 0.0323, 0.0128, 0.0678, 0.0641, 0.0825], [0.6888, 0.0356, 0.0711, 0.0548, 0.0689, 0.0523, 0.0287], [0.7467, 0.0822, 0.0392, 0.035, 0.0425, 0.0154, 0.0389], [0.6584, 0.0516, 0.0655, 0.047, 0.0293, 0.075, 0.0732], [0.6279, 0.0858, 0.0348, 0.062, 0.0576, 0.0405, 0.0914], [0.7091, 0.0119, 0.0645, 0.0276, 0.07, 0.068, 0.0489], [0.7092, 0.069, 0.0454, 0.0563, 0.0535, 0.035, 0.0316], [0.7322, 0.066, 0.0352, 0.038, 0.0373, 0.0497, 0.0416], [0.7491, 0.0702, 0.0472, 0.0772, 0.0152, 0.0157, 0.0254], [0.7424, 0.0507, 0.0746, 0.0301, 0.0245, 0.025, 0.0528], [0.7916, 0.0731, 0.0316, 0.0372, 0.0157, 0.02, 0.0307], [0.7146, 0.054, 0.0369, 0.054, 0.0393, 0.0491, 0.0521], [0.6998, 0.0405, 0.0748, 0.0513, 0.0287, 0.0384, 0.0666], [0.7571, 0.0781, 0.0302, 0.0147, 0.04, 0.0219, 0.0579], [0.6123, 0.0662, 0.049, 0.0323, 0.0889, 0.0793, 0.0719], [0.6059, 0.041, 0.0748, 0.0489, 0.0445, 0.0932, 0.0917], [0.6513, 0.0394, 0.0706, 0.0685, 0.0581, 0.0537, 0.0583], [0.7307, 0.0474, 0.0499, 0.0365, 0.0346, 0.0402, 0.0608], [0.6778, 0.0722, 0.0594, 0.0344, 0.05, 0.0753, 0.0308], [0.6286, 0.0465, 0.0884, 0.0549, 0.0579, 0.0734, 0.0503], [0.7883, 0.014, 0.0331, 0.0606, 0.0184, 0.0199, 0.0657], [0.664, 0.0596, 0.0791, 0.0402, 0.0326, 0.0628, 0.0618], [0.6785, 0.0512, 0.0617, 0.0181, 0.0294, 0.0955, 0.0654], [0.7218, 0.0158, 0.0975, 0.0374, 0.0313, 0.0707, 0.0255], [0.6166, 0.0579, 0.0763, 0.033, 0.0863, 0.0514, 0.0785], [0.7596, 0.0391, 0.018, 0.0121, 0.0661, 0.0499, 0.0552], [0.7251, 0.0427, 0.0457, 0.0205, 0.0699, 0.0289, 0.0671], [0.6621, 0.0954, 0.0162, 0.0622, 0.044, 0.0286, 0.0916], [0.7492, 0.0552, 0.0269, 0.0544, 0.0416, 0.059, 0.0137], [0.7693, 0.0249, 0.0503, 0.0161, 0.0784, 0.0439, 0.017], [0.7392, 0.0536, 0.0351, 0.0241, 0.026, 0.048, 0.0739], [0.6526, 0.1021, 0.0361, 0.08, 0.0354, 0.0743, 0.0195], [0.6564, 0.0682, 0.0828, 0.0261, 0.0636, 0.0456, 0.0571]], "emotions": ["red", "red", "red", "red", "red", "red", "red", "red", "red", "red", "red", "red", "red", "red", "red", "red", "red", "red", "red", "red", "red", "red", "red", "red", "red", "red", "red", "red", "red", "red", "red", "red", "red", "red", "red", "red", "red", "red", "red", "red", "red", "red", "red", "red", "red", "red", "red", "red", "red", "red", "red", "red", "red", "red", "red", "red", "red", "red", "red", "red", "red", "red", "red", "red", "red", "red", "red", "red", "red", "red", "red", "red", "red", "red", "red", "red", "red", "red", "red", "red"], "timestamps": [0, 40, 80, 120, 160, 200, 240, 280, 320, 360, 400, 440, 480, 520, 560, 600, 640, 680, 720, 760, 800, 840, 880, 920, 960, 1000, 1040, 1080, 1120, 1160, 1200, 1240, 1280, 1320, 1360, 1400, 1440, 1480, 1520, 1560, 1600, 1640, 1680, 1720, 1760, 1800, 1840, 1880, 1920, 1960, 2000, 2040, 2080, 2120, 2160, 2200, 2240, 2280, 2320, 2360, 2400, 2440, 2480, 2520, 2560, 2600, 2640, 2680, 2720, 2760, 2800, 2840, 2880, 2920, 2960, 3000, 3040, 3080, 3120, 3160]}], "conversation": [], "conversation_timestamps": []}