{"agent_id": "agent-blue-915", "type": "blue", "trips": [{"trip_id": 0, "transport_method": "car", "start_time": 0, "path": [[1.5820004, 42.5352272], [1.5812924, 42.5353015], [1.580551, 42.535452], [1.5793894, 42.5348812], [1.5797296, 42.5355954], [1.5796134, 42.5366269], [1.5790435, 42.5376365], [1.5780552, 42.5376751], [1.577175, 42.5377009], [1.5764098, 42.5382284], [1.5761583, 42.5387637], [1.5757265, 42.5391164], [1.575043, 42.5395192], [1.5748443, 42.5403474], [1.575115, 42.5411638], [1.5757932, 42.5418961], [1.5762719, 42.5425398], [1.5772793, 42.543246], [1.5784705, 42.5438071], [1.5782105, 42.5446896], [1.579078, 42.5453737], [1.5789593, 42.5459305], [1.5794609, 42.547034], [1.5799866, 42.5481489], [1.5802601, 42.5493865], [1.5798765, 42.5506227], [1.5794494, 42.5518672], [1.5785817, 42.5528346], [1.5774215, 42.553448], [1.5761831, 42.5539127], [1.5751998, 42.5547511], [1.57391, 42.5550219], [1.5741841, 42.555061], [1.5747139, 42.5548868], [1.5734171, 42.55515], [1.5721203, 42.5554132], [1.5713182, 42.5561315], [1.5700244, 42.5558988], [1.5687158, 42.555716], [1.56743, 42.555419], [1.5661648, 42.5550342], [1.5648874, 42.5547378], [1.5636873, 42.5551394], [1.5627956, 42.5559223], [1.5637821, 42.5551074], [1.5633413, 42.5553354], [1.5622635, 42.556103], [1.5614263, 42.556741], [1.5626739, 42.5571731], [1.5630082, 42.5575399], [1.5617277, 42.5578321], [1.5604203, 42.5580023], [1.5591114, 42.5580958], [1.557795, 42.5579919], [1.5564777, 42.5580391], [1.5551588, 42.5581107], [1.5538421, 42.5581312], [1.554856, 42.5584961], [1.5561739, 42.5586125], [1.5559504, 42.5589333], [1.5546388, 42.5589981], [1.5535562, 42.559104], [1.5522909, 42.5587609], [1.5509998, 42.5586917], [1.5497158, 42.5584661], [1.5484165, 42.5582613], [1.5471025, 42.5582839], [1.5459976, 42.5578701], [1.5452907, 42.5572682], [1.5441205, 42.5574389], [1.5428654, 42.5578313], [1.5418115, 42.5579122], [1.5410964, 42.5580892], [1.5398587, 42.5579149], [1.5386273, 42.5574373], [1.5374659, 42.5571374], [1.5371106, 42.5565849], [1.5362585, 42.5561147], [1.5360782, 42.5561566], [1.5361606, 42.5566754]], "mood_vectors": [[0.0763, 0.0706, 0.059, 0.6304, 0.0629, 0.0698, 0.031], [0.0459, 0.0687, 0.017, 0.7304, 0.0583, 0.0458, 0.0339], [0.0792, 0.0447, 0.0428, 0.6534, 0.0277, 0.0753, 0.0769], [0.0249, 0.0798, 0.0621, 0.7575, 0.025, 0.0367, 0.014], [0.0801, 0.0256, 0.0125, 0.7415, 0.0489, 0.0223, 0.069], [0.0317, 0.039, 0.051, 0.7805, 0.0156, 0.0469, 0.0353], [0.0617, 0.0663, 0.0393, 0.6612, 0.0718, 0.0298, 0.0699], [0.026, 0.0252, 0.0498, 0.7861, 0.0361, 0.0258, 0.0509], [0.0268, 0.0193, 0.0746, 0.7379, 0.0377, 0.0283, 0.0754], [0.0744, 0.0502, 0.0127, 0.7421, 0.0332, 0.0373, 0.0501], [0.0665, 0.0488, 0.0554, 0.693, 0.0477, 0.0697, 0.019], [0.0376, 0.054, 0.0638, 0.6454, 0.0841, 0.0484, 0.0667], [0.0614, 0.0945, 0.0886, 0.6413, 0.0181, 0.0272, 0.0688], [0.0235, 0.0116, 0.0701, 0.7413, 0.0502, 0.0384, 0.0649], [0.0689, 0.0481, 0.081, 0.6838, 0.0582, 0.0161, 0.0439], [0.0289, 0.0849, 0.0401, 0.6427, 0.0864, 0.083, 0.034], [0.0205, 0.0714, 0.065, 0.7314, 0.0213, 0.0412, 0.0493], [0.065, 0.0249, 0.086, 0.681, 0.0286, 0.0637, 0.0508], [0.028, 0.0641, 0.073, 0.7194, 0.0221, 0.0654, 0.028], [0.0249, 0.06, 0.0442, 0.6874, 0.0635, 0.0565, 0.0636], [0.0901, 0.0288, 0.0233, 0.6585, 0.0723, 0.0918, 0.0352], [0.019, 0.0598, 0.0648, 0.7216, 0.0399, 0.0607, 0.0342], [0.072, 0.0474, 0.0721, 0.5627, 0.0823, 0.0843, 0.0792], [0.02, 0.0736, 0.0754, 0.7179, 0.0295, 0.0548, 0.0288], [0.0778, 0.0268, 0.0207, 0.6741, 0.0722, 0.0709, 0.0575], [0.0635, 0.0534, 0.0601, 0.6336, 0.0636, 0.0688, 0.057], [0.0674, 0.0287, 0.0577, 0.7477, 0.0213, 0.0436, 0.0336], [0.0646, 0.0591, 0.0704, 0.665, 0.0369, 0.0586, 0.0455], [0.0318, 0.0661, 0.0954, 0.6711, 0.0569, 0.0463, 0.0323], [0.019, 0.0292, 0.0223, 0.8232, 0.0152, 0.0609, 0.0303], [0.0701, 0.0322, 0.025, 0.6973, 0.0602, 0.0375, 0.0776], [0.0269, 0.0379, 0.0279, 0.7621, 0.0282, 0.0448, 0.0721], [0.0176, 0.0742, 0.0507, 0.7574, 0.0351, 0.018, 0.047], [0.022, 0.0437, 0.0512, 0.7231, 0.0278, 0.0861, 0.0461], [0.0669, 0.0257, 0.0676, 0.6952, 0.0655, 0.0371, 0.042], [0.018, 0.0204, 0.1027, 0.7072, 0.0542, 0.0174, 0.0801], [0.0725, 0.0252, 0.0563, 0.6972, 0.0757, 0.0256, 0.0475], [0.0202, 0.0262, 0.0864, 0.6413, 0.0596, 0.0851, 0.0812], [0.0597, 0.0906, 0.055, 0.6426, 0.0353, 0.0771, 0.0397], [0.0243, 0.0582, 0.0818, 0.6637, 0.0769, 0.0734, 0.0217], [0.0419, 0.08, 0.0643, 0.7077, 0.0218, 0.0615, 0.0229], [0.0652, 0.0161, 0.0661, 0.7524, 0.0305, 0.0193, 0.0504], [0.0274, 0.0566, 0.0131, 0.7132, 0.0245, 0.084, 0.0813], [0.0625, 0.071, 0.0506, 0.7095, 0.0286, 0.0246, 0.0532], [0.0504, 0.0408, 0.07, 0.7427, 0.034, 0.0385, 0.0236], [0.0495, 0.0569, 0.0263, 0.7679, 0.0154, 0.0629, 0.021], [0.0388, 0.0156, 0.0753, 0.7327, 0.0688, 0.0134, 0.0554], [0.0491, 0.0732, 0.0193, 0.6783, 0.0561, 0.0613, 0.0627], [0.0479, 0.0329, 0.0726, 0.6774, 0.0528, 0.0412, 0.0753], [0.0919, 0.0952, 0.0371, 0.6458, 0.0444, 0.0388, 0.0467], [0.0234, 0.0901, 0.0858, 0.635, 0.0808, 0.0301, 0.0548], [0.0665, 0.0365, 0.0766, 0.6791, 0.0544, 0.0547, 0.032], [0.0417, 0.0251, 0.0527, 0.7548, 0.0193, 0.0422, 0.0642], [0.0777, 0.0259, 0.0342, 0.6994, 0.076, 0.0323, 0.0546], [0.0405, 0.06, 0.0906, 0.6456, 0.0358, 0.071, 0.0564], [0.0928, 0.0504, 0.0902, 0.6635, 0.0583, 0.0254, 0.0193], [0.04, 0.0629, 0.0745, 0.7085, 0.0356, 0.0336, 0.0449], [0.0469, 0.0829, 0.0738, 0.6448, 0.0347, 0.0747, 0.0421], [0.0746, 0.0612, 0.0644, 0.6214, 0.048, 0.0654, 0.065], [0.0898, 0.0763, 0.048, 0.6118, 0.0682, 0.0168, 0.0891], [0.0768, 0.0186, 0.014, 0.7635, 0.0459, 0.0465, 0.0347], [0.0276, 0.0269, 0.074, 0.7512, 0.0144, 0.0601, 0.0458], [0.0321, 0.0516, 0.0594, 0.7304, 0.0292, 0.0154, 0.082], [0.0169, 0.0449, 0.0586, 0.6985, 0.0534, 0.0625, 0.0653], [0.029, 0.0527, 0.0398, 0.7146, 0.0471, 0.0777, 0.0391], [0.062, 0.0291, 0.05, 0.6948, 0.0672, 0.0426, 0.0544], [0.046, 0.0209, 0.0687, 0.654, 0.0728, 0.0599, 0.0776], [0.0322, 0.0673, 0.0555, 0.6696, 0.0636, 0.0387, 0.0731], [0.0567, 0.0819, 0.048, 0.6973, 0.0249, 0.0332, 0.0581], [0.0649, 0.018, 0.023, 0.7172, 0.0465, 0.0559, 0.0745], [0.042, 0.0786, 0.031, 0.6764, 0.0252, 0.0934, 0.0533], [0.0838, 0.0674, 0.0591, 0.6533, 0.0575, 0.0217, 0.0571], [0.0408, 0.022, 0.0841, 0.7428, 0.0159, 0.0346, 0.0598], [0.046, 0.0636, 0.0697, 0.7162, 0.0152, 0.0155, 0.0737], [0.0312, 0.03, 0.0294, 0.758, 0.0169, 0.0586, 0.0759], [0.0692, 0.0595, 0.0473, 0.6985, 0.045, 0.0219, 0.0586], [0.0769, 0.0821, 0.0839, 0.684, 0.0289, 0.0203, 0.024], [0.0206, 0.0543, 0.0447, 0.7263, 0.0461, 0.064, 0.044], [0.0606, 0.0411, 0.0492, 0.6465, 0.0554, 0.071, 0.0762], [0.0709, 0.0635, 0.014, 0.6848, 0.0544, 0.0233, 0.0891]], "emotions": ["green", "green", "green", "green", "green", "green", "green", "green", "green", "green", "green", "green", "green", "green", "green", "green", "green", "green", "green", "green", "green", "green", "green", "green", "green", "green", "green", "green", "green", "green", "green", "green", "green", "green", "green", "green", "green", "green", "green", "green", "green", "green", "green", "green", "green", "green", "green", "green", "green", "green", "green", "green", "green", "green", "green", "green", "green", "green", "green", "green", "green", "green", "green", "green", "green", "green", "green", "green", "green", "green", "green", "green", "green", "green", "green", "green", "green", "green", "green", "green"], "timestamps": [0, 40, 80, 120, 160, 200, 240, 280, 320, 360, 400, 440, 480, 520, 560, 600, 640, 680, 720, 760, 800, 840, 880, 920, 960, 1000, 1040, 1080, 1120, 1160, 1200, 1240, 1280, 1320, 1360, 1400, 1440, 1480, 1520, 1560, 1600, 1640, 1680, 1720, 1760, 1800, 1840, 1880, 1920, 1960, 2000, 2040, 2080, 2120, 2160, 2200, 2240, 2280, 2320, 2360, 2400, 2440, 2480, 2520, 2560, 2600, 2640, 2680, 2720, 2760, 2800, 2840, 2880, 2920, 2960, 3000, 3040, 3080, 3120, 3160]}], "conversation": [], "conversation_timestamps": []}