{"agent_id": "agent-orange-958", "type": "orange", "trips": [{"trip_id": 0, "transport_method": "car", "start_time": 0, "path": [[1.6623364, 42.5785917], [1.6627664, 42.5783773], [1.6610951, 42.5777151], [1.6591593, 42.5775692], [1.6583508, 42.5781881], [1.6574887, 42.5785204], [1.655636, 42.5776633], [1.6536074, 42.5778585], [1.6526679, 42.5781409], [1.6532927, 42.5779269], [1.6512974, 42.5784475], [1.6495413, 42.5793525], [1.6494417, 42.5794398], [1.6476368, 42.5801396], [1.6456345, 42.5798393], [1.6435917, 42.579563], [1.6415319, 42.579491], [1.6395454, 42.5790574], [1.6375435, 42.5788541], [1.6355317, 42.5784432], [1.6360825, 42.5785722], [1.6363373, 42.578657], [1.6343267, 42.578203], [1.6322839, 42.5782686], [1.6302605, 42.5784642], [1.6283565, 42.577698], [1.6264355, 42.5773812], [1.6259234, 42.5773787], [1.6264523, 42.5773878], [1.6247138, 42.5762839], [1.6227247, 42.5757552], [1.6210704, 42.574571], [1.6190621, 42.5741258], [1.6172616, 42.5731794], [1.6154442, 42.57261], [1.6134612, 42.5720512], [1.6114722, 42.571694], [1.6094774, 42.5715124], [1.6074885, 42.5710365], [1.606291, 42.5706533], [1.6048483, 42.56949], [1.6034495, 42.5682947], [1.6015987, 42.5674097], [1.6001012, 42.5660169], [1.6013618, 42.567248], [1.5997627, 42.5659465], [1.5983332, 42.5645698], [1.5963607, 42.5644585], [1.5944223, 42.5637781], [1.5933432, 42.5620976], [1.5937853, 42.5603727], [1.5933773, 42.558539], [1.5918244, 42.5574255], [1.5914958, 42.5555945], [1.5905049, 42.5541373], [1.5913462, 42.5524261], [1.5918535, 42.5505147], [1.5923385, 42.548567], [1.5917097, 42.5467808], [1.5917152, 42.5448278], [1.5915801, 42.5428553], [1.5923833, 42.5410517], [1.5918281, 42.5391475], [1.5907605, 42.5375901], [1.5889931, 42.5366182], [1.5877736, 42.5350691], [1.587792, 42.5351124], [1.5860421, 42.5340258], [1.5853064, 42.5334635], [1.583701, 42.5321788], [1.5817446, 42.5316983], [1.5796843, 42.5317769], [1.5776238, 42.5317611], [1.5755839, 42.5314714], [1.5738923, 42.5303974], [1.573637, 42.5304972], [1.5743784, 42.5308514], [1.5728387, 42.5294859], [1.5709271, 42.5296253], [1.5713448, 42.5293883]], "mood_vectors": [[0.0421, 0.015, 0.0296, 0.0418, 0.7571, 0.0617, 0.0528], [0.0486, 0.0626, 0.0728, 0.0544, 0.6294, 0.0596, 0.0726], [0.0302, 0.0193, 0.0341, 0.0808, 0.7159, 0.0613, 0.0585], [0.0822, 0.0909, 0.052, 0.0524, 0.6219, 0.0276, 0.073], [0.0289, 0.0458, 0.0385, 0.0217, 0.7206, 0.0645, 0.0801], [0.051, 0.0727, 0.0137, 0.036, 0.7312, 0.0164, 0.079], [0.0169, 0.0553, 0.0752, 0.046, 0.7288, 0.0322, 0.0456], [0.0263, 0.0742, 0.0172, 0.0644, 0.7618, 0.0179, 0.0384], [0.0227, 0.0473, 0.0586, 0.0707, 0.7278, 0.0497, 0.0231], [0.0843, 0.0479, 0.0382, 0.0429, 0.7246, 0.0456, 0.0166], [0.0734, 0.0742, 0.0677, 0.0181, 0.691, 0.0597, 0.0159], [0.0365, 0.0593, 0.0634, 0.0709, 0.6427, 0.0531, 0.0741], [0.0796, 0.0388, 0.0169, 0.0729, 0.7516, 0.0172, 0.0229], [0.0528, 0.0751, 0.0331, 0.0805, 0.6784, 0.0539, 0.0262], [0.0464, 0.0625, 0.0815, 0.019, 0.6621, 0.054, 0.0745], [0.0769, 0.0135, 0.0724, 0.0549, 0.7154, 0.0319, 0.035], [0.0523, 0.0178, 0.0235, 0.0453, 0.8224, 0.0173, 0.0215], [0.0709, 0.0677, 0.0327, 0.033, 0.7064, 0.0458, 0.0436], [0.0253, 0.0516, 0.0611, 0.0344, 0.7275, 0.0427, 0.0574], [0.0633, 0.0281, 0.0315, 0.0419, 0.787, 0.0274, 0.0206], [0.0427, 0.0231, 0.0729, 0.0845, 0.6488, 0.0477, 0.0801], [0.0656, 0.0933, 0.0392, 0.027, 0.6818, 0.0466, 0.0466], [0.0291, 0.017, 0.0766, 0.0737, 0.7013, 0.0243, 0.0778], [0.0287, 0.0468, 0.0217, 0.0473, 0.7752, 0.0454, 0.0349], [0.0647, 0.0151, 0.0699, 0.0677, 0.6696, 0.0551, 0.0579], [0.0587, 0.065, 0.0412, 0.0371, 0.7322, 0.0538, 0.012], [0.0564, 0.0768, 0.036, 0.0952, 0.6538, 0.0151, 0.0667], [0.0576, 0.0179, 0.0472, 0.0531, 0.7656, 0.0315, 0.0273], [0.0283, 0.0222, 0.0445, 0.0582, 0.7698, 0.0583, 0.0187], [0.0788, 0.0366, 0.0556, 0.0703, 0.6718, 0.0157, 0.0712], [0.0456, 0.0378, 0.084, 0.032, 0.7226, 0.052, 0.026], [0.0969, 0.0298, 0.0361, 0.0284, 0.6554, 0.0672, 0.0862], [0.0757, 0.0345, 0.0925, 0.0895, 0.6141, 0.0413, 0.0524], [0.07, 0.0299, 0.0525, 0.0179, 0.725, 0.0336, 0.0711], [0.0268, 0.0408, 0.0152, 0.0824, 0.7492, 0.0292, 0.0565], [0.0699, 0.0705, 0.0654, 0.0247, 0.67, 0.025, 0.0746], [0.0203, 0.0795, 0.0599, 0.062, 0.6711, 0.0487, 0.0586], [0.0451, 0.0696, 0.0487, 0.0571, 0.6658, 0.0795, 0.0343], [0.0972, 0.03, 0.0549, 0.0771, 0.5962, 0.0606, 0.0839], [0.0657, 0.0704, 0.0463, 0.0709, 0.6649, 0.0603, 0.0216], [0.0273, 0.0754, 0.0521, 0.0271, 0.7138, 0.0609, 0.0435], [0.0835, 0.0367, 0.0397, 0.0304, 0.7316, 0.0614, 0.0168], [0.059, 0.0809, 0.0699, 0.0544, 0.6651, 0.0277, 0.043], [0.0155, 0.0563, 0.0435, 0.0616, 0.7338, 0.0596, 0.0297], [0.0116, 0.0193, 0.0519, 0.0643, 0.7027, 0.0783, 0.0718], [0.0567, 0.0708, 0.0144, 0.0289, 0.7451, 0.0682, 0.0159], [0.0735, 0.0769, 0.0548, 0.0286, 0.6605, 0.0568, 0.0489], [0.0642, 0.0574, 0.0756, 0.0447, 0.6444, 0.0317, 0.0819], [0.0306, 0.0718, 0.0303, 0.043, 0.7689, 0.0238, 0.0316], [0.0513, 0.0645, 0.023, 0.0288, 0.733, 0.0378, 0.0615], [0.0337, 0.0211, 0.0717, 0.0374, 0.7705, 0.0207, 0.0449], [0.0765, 0.0636, 0.036, 0.0838, 0.6081, 0.0699, 0.0621], [0.0326, 0.035, 0.038, 0.0761, 0.7065, 0.0167, 0.0951], [0.0238, 0.0692, 0.089, 0.0441, 0.6601, 0.0622, 0.0515], [0.0422, 0.0713, 0.052, 0.0414, 0.6819, 0.055, 0.0562], [0.0357, 0.0404, 0.067, 0.0552, 0.6945, 0.0448, 0.0624], [0.0174, 0.0288, 0.1084, 0.0726, 0.7116, 0.0455, 0.0157], [0.0298, 0.0377, 0.0375, 0.036, 0.7408, 0.0494, 0.0687], [0.0406, 0.0751, 0.0307, 0.0378, 0.6961, 0.0431, 0.0767], [0.0505, 0.0825, 0.0891, 0.0742, 0.6446, 0.017, 0.0421], [0.0815, 0.0139, 0.0474, 0.0384, 0.7301, 0.0468, 0.0418], [0.0291, 0.0217, 0.0692, 0.0184, 0.7093, 0.0809, 0.0714], [0.0711, 0.0778, 0.0678, 0.0427, 0.6222, 0.0542, 0.0642], [0.0386, 0.0357, 0.0168, 0.0991, 0.6505, 0.0737, 0.0856], [0.0296, 0.066, 0.0716, 0.0542, 0.6874, 0.0531, 0.0381], [0.0417, 0.0865, 0.0465, 0.0567, 0.6382, 0.0726, 0.0578], [0.0714, 0.0541, 0.0536, 0.0424, 0.6903, 0.0253, 0.0627], [0.0763, 0.0157, 0.0672, 0.0646, 0.7357, 0.016, 0.0244], [0.0693, 0.0728, 0.0726, 0.0523, 0.6316, 0.0483, 0.0532], [0.0588, 0.0486, 0.0399, 0.0493, 0.7155, 0.0376, 0.0504], [0.0807, 0.0834, 0.0761, 0.0285, 0.6116, 0.0667, 0.0532], [0.0849, 0.0689, 0.0347, 0.0425, 0.7177, 0.0146, 0.0367], [0.0691, 0.0368, 0.0319, 0.058, 0.7022, 0.0673, 0.0349], [0.0583, 0.0631, 0.045, 0.0525, 0.6893, 0.0408, 0.051], [0.0482, 0.0553, 0.0757, 0.0612, 0.6173, 0.0891, 0.0532], [0.0514, 0.0127, 0.0401, 0.0632, 0.7895, 0.0227, 0.0203], [0.0642, 0.0748, 0.0429, 0.0601, 0.6572, 0.0548, 0.0461], [0.0741, 0.0428, 0.0435, 0.0485, 0.7189, 0.0604, 0.0119], [0.0454, 0.0672, 0.0484, 0.0324, 0.7002, 0.0596, 0.0468], [0.0599, 0.0693, 0.0261, 0.0252, 0.7406, 0.0269, 0.052]], "emotions": ["red", "red", "red", "red", "red", "red", "red", "red", "red", "red", "red", "red", "red", "red", "red", "red", "red", "red", "red", "red", "red", "red", "red", "red", "red", "red", "red", "red", "red", "red", "red", "red", "red", "red", "red", "red", "red", "red", "red", "red", "red", "red", "red", "red", "red", "red", "red", "red", "red", "red", "red", "red", "red", "red", "red", "red", "red", "red", "red", "red", "red", "red", "red", "red", "red", "red", "red", "red", "red", "red", "red", "red", "red", "red", "red", "red", "red", "red", "red", "red"], "timestamps": [0, 40, 80, 120, 160, 200, 240, 280, 320, 360, 400, 440, 480, 520, 560, 600, 640, 680, 720, 760, 800, 840, 880, 920, 960, 1000, 1040, 1080, 1120, 1160, 1200, 1240, 1280, 1320, 1360, 1400, 1440, 1480, 1520, 1560, 1600, 1640, 1680, 1720, 1760, 1800, 1840, 1880, 1920, 1960, 2000, 2040, 2080, 2120, 2160, 2200, 2240, 2280, 2320, 2360, 2400, 2440, 2480, 2520, 2560, 2600, 2640, 2680, 2720, 2760, 2800, 2840, 2880, 2920, 2960, 3000, 3040, 3080, 3120, 3160]}], "conversation": [], "conversation_timestamps": []}