{"agent_id": "agent-green-1662", "type": "green", "trips": [{"trip_id": 0, "transport_method": "bus", "start_time": 0, "path": [[1.5146399, 42.5430297], [1.5152266, 42.5428732], [1.5155474, 42.5430497], [1.515025, 42.5427521], [1.5156851, 42.5431606], [1.5163482, 42.5435593], [1.5169241, 42.5432098], [1.517336, 42.5425675], [1.5177547, 42.5419164], [1.5184277, 42.5415602], [1.5191281, 42.5412344], [1.5194251, 42.5405709], [1.5194155, 42.5398471], [1.5194842, 42.5390738], [1.5193394, 42.5396312], [1.5194131, 42.5399104], [1.5194917, 42.5391381], [1.5195703, 42.5383658], [1.5198554, 42.5376444], [1.5201738, 42.5369388], [1.5206395, 42.5363235], [1.5211786, 42.5358235], [1.5208477, 42.5353219], [1.520272, 42.5348018], [1.5197183, 42.5342577], [1.5195247, 42.5335604], [1.5197414, 42.5328279], [1.5195698, 42.5320789], [1.5196747, 42.5313135], [1.5198238, 42.5307144], [1.5196005, 42.5314414], [1.5196084, 42.5314942], [1.5196994, 42.5307233], [1.5198159, 42.5301], [1.5203947, 42.5296092], [1.5206604, 42.5288982], [1.5204369, 42.5281666], [1.5199882, 42.5275363], [1.5201619, 42.5268227], [1.520558, 42.5261651], [1.52061, 42.525392], [1.5206751, 42.5246215], [1.5210538, 42.523948], [1.5215532, 42.523354], [1.5218516, 42.5226445], [1.5222867, 42.5220129], [1.5229234, 42.521571], [1.5233939, 42.5209722], [1.5236488, 42.520239], [1.5238477, 42.5197396], [1.5236329, 42.5204797], [1.5233842, 42.5210128], [1.5236711, 42.5202915], [1.5239579, 42.5195701], [1.5242448, 42.5188488], [1.5248578, 42.5184456], [1.5254531, 42.5179486], [1.5260053, 42.5174164], [1.5266674, 42.5170734], [1.5273353, 42.5167232], [1.5280329, 42.5164108], [1.5287006, 42.5160247], [1.529185, 42.5154216], [1.5296893, 42.5148472], [1.5302932, 42.5143669], [1.5302954, 42.5136566], [1.5305307, 42.5129331], [1.5309709, 42.5122937], [1.5305841, 42.5117109], [1.5299051, 42.5114061], [1.5294399, 42.5108601], [1.5294027, 42.5102146], [1.5288424, 42.5096772], [1.5286586, 42.5095227], [1.5291982, 42.5100576], [1.5290341, 42.5098165], [1.528508, 42.5092456], [1.5287228, 42.5089021], [1.529436, 42.5086033], [1.5292984, 42.5081831]], "mood_vectors": [[0.0254, 0.0122, 0.0669, 0.0677, 0.0334, 0.0372, 0.7572], [0.0765, 0.0727, 0.0751, 0.0659, 0.0587, 0.0381, 0.6129], [0.0661, 0.0405, 0.0583, 0.0409, 0.0144, 0.0696, 0.7101], [0.0597, 0.0619, 0.0791, 0.0217, 0.0729, 0.0232, 0.6817], [0.0231, 0.0517, 0.0528, 0.052, 0.0563, 0.0484, 0.7158], [0.0578, 0.0207, 0.0544, 0.0421, 0.0185, 0.0524, 0.754], [0.0675, 0.0413, 0.0743, 0.0169, 0.0437, 0.0674, 0.689], [0.0557, 0.0406, 0.0138, 0.0223, 0.0368, 0.0585, 0.7723], [0.0721, 0.0658, 0.0354, 0.0618, 0.0809, 0.0419, 0.6421], [0.0692, 0.0252, 0.0487, 0.0423, 0.0145, 0.051, 0.749], [0.0529, 0.0741, 0.0332, 0.028, 0.0235, 0.0461, 0.7423], [0.0656, 0.0519, 0.0333, 0.0654, 0.0622, 0.0378, 0.6838], [0.0354, 0.0682, 0.0762, 0.0372, 0.0468, 0.05, 0.6862], [0.0267, 0.0748, 0.046, 0.0739, 0.0374, 0.0661, 0.675], [0.0498, 0.0612, 0.0178, 0.0715, 0.0177, 0.0374, 0.7448], [0.0234, 0.021, 0.0415, 0.036, 0.0268, 0.0282, 0.8232], [0.0758, 0.0124, 0.0459, 0.0802, 0.0545, 0.0188, 0.7122], [0.0314, 0.0141, 0.0735, 0.0435, 0.0515, 0.0707, 0.7152], [0.0721, 0.062, 0.0535, 0.0255, 0.0309, 0.0599, 0.6962], [0.0669, 0.031, 0.077, 0.042, 0.0471, 0.0466, 0.6894], [0.0396, 0.0218, 0.0755, 0.0219, 0.0334, 0.0511, 0.7568], [0.0892, 0.084, 0.0394, 0.0682, 0.043, 0.0453, 0.6308], [0.0197, 0.062, 0.0291, 0.058, 0.0754, 0.0701, 0.6857], [0.0424, 0.0799, 0.0447, 0.0218, 0.0455, 0.0502, 0.7155], [0.0256, 0.0259, 0.0359, 0.0465, 0.0379, 0.0736, 0.7545], [0.0412, 0.0477, 0.0342, 0.0601, 0.0319, 0.039, 0.746], [0.0488, 0.059, 0.0706, 0.0531, 0.0812, 0.0572, 0.6301], [0.0579, 0.0846, 0.079, 0.0335, 0.0621, 0.0507, 0.6322], [0.0564, 0.0591, 0.0584, 0.0792, 0.045, 0.0602, 0.6417], [0.0144, 0.0166, 0.0149, 0.0748, 0.0197, 0.0683, 0.7914], [0.0777, 0.0355, 0.0204, 0.0762, 0.0183, 0.0396, 0.7324], [0.0421, 0.0505, 0.0805, 0.0503, 0.038, 0.0175, 0.7211], [0.015, 0.069, 0.0776, 0.0527, 0.0745, 0.0557, 0.6556], [0.0571, 0.0782, 0.0817, 0.0662, 0.0642, 0.0664, 0.5862], [0.0114, 0.0294, 0.0537, 0.0649, 0.0458, 0.0442, 0.7506], [0.0552, 0.0357, 0.034, 0.0572, 0.0304, 0.061, 0.7265], [0.0704, 0.0703, 0.0144, 0.0757, 0.0871, 0.0334, 0.6487], [0.0406, 0.0285, 0.0589, 0.0494, 0.0552, 0.06, 0.7074], [0.0481, 0.0438, 0.0578, 0.0328, 0.0571, 0.0674, 0.6931], [0.0787, 0.0159, 0.0211, 0.0669, 0.0647, 0.0361, 0.7165], [0.0322, 0.0703, 0.0554, 0.0157, 0.0759, 0.0524, 0.6981], [0.0686, 0.0405, 0.0363, 0.0476, 0.0651, 0.0219, 0.7201], [0.0692, 0.0728, 0.0557, 0.0631, 0.0751, 0.0374, 0.6268], [0.0659, 0.0734, 0.013, 0.0694, 0.0215, 0.0244, 0.7323], [0.0427, 0.0144, 0.0936, 0.0833, 0.0675, 0.0855, 0.613], [0.0761, 0.0456, 0.0289, 0.0172, 0.0322, 0.0604, 0.7397], [0.0112, 0.0276, 0.0501, 0.0434, 0.0748, 0.0505, 0.7424], [0.0691, 0.0387, 0.066, 0.0633, 0.0171, 0.0455, 0.7004], [0.0411, 0.0441, 0.0236, 0.0454, 0.0412, 0.0904, 0.7142], [0.0206, 0.0224, 0.0289, 0.0876, 0.0391, 0.0372, 0.7642], [0.0562, 0.0608, 0.0557, 0.0172, 0.0473, 0.0378, 0.725], [0.0485, 0.0811, 0.0744, 0.0288, 0.0314, 0.0516, 0.6842], [0.0837, 0.0199, 0.0608, 0.0658, 0.0177, 0.0325, 0.7195], [0.0282, 0.058, 0.0156, 0.0784, 0.0287, 0.0254, 0.7657], [0.0438, 0.0518, 0.0219, 0.0801, 0.0495, 0.0803, 0.6726], [0.0977, 0.0954, 0.0838, 0.0262, 0.0345, 0.0219, 0.6404], [0.0248, 0.0599, 0.0433, 0.0671, 0.0796, 0.0496, 0.6757], [0.0249, 0.0506, 0.05, 0.0324, 0.067, 0.0255, 0.7495], [0.0885, 0.0261, 0.0408, 0.0185, 0.0867, 0.0467, 0.6928], [0.0691, 0.0167, 0.0432, 0.0435, 0.0563, 0.0313, 0.7398], [0.0336, 0.0667, 0.0622, 0.0645, 0.0464, 0.0376, 0.6891], [0.0129, 0.0753, 0.0497, 0.0502, 0.0503, 0.0362, 0.7254], [0.0352, 0.0809, 0.0154, 0.063, 0.0365, 0.0837, 0.6853], [0.0616, 0.0144, 0.0801, 0.0356, 0.0469, 0.0313, 0.7302], [0.0586, 0.084, 0.0592, 0.0587, 0.0893, 0.0452, 0.6051], [0.0583, 0.0168, 0.058, 0.0759, 0.0249, 0.0793, 0.6868], [0.076, 0.0174, 0.0769, 0.0705, 0.0289, 0.0583, 0.672], [0.0635, 0.0701, 0.0138, 0.0474, 0.0943, 0.0188, 0.692], [0.0944, 0.0985, 0.0333, 0.0858, 0.0688, 0.0176, 0.6016], [0.026, 0.0211, 0.0384, 0.0348, 0.0409, 0.025, 0.8138], [0.0543, 0.073, 0.053, 0.0726, 0.0694, 0.0222, 0.6555], [0.0731, 0.0264, 0.0652, 0.0606, 0.0641, 0.0716, 0.639], [0.0279, 0.0843, 0.0776, 0.0155, 0.0871, 0.041, 0.6666], [0.0249, 0.0266, 0.0216, 0.0746, 0.0458, 0.0642, 0.7423], [0.0588, 0.032, 0.0306, 0.0431, 0.0323, 0.0225, 0.7806], [0.0785, 0.0317, 0.0761, 0.0849, 0.0424, 0.0602, 0.6261], [0.0742, 0.0355, 0.0247, 0.0684, 0.0269, 0.0911, 0.6792], [0.0167, 0.0447, 0.063, 0.0725, 0.0225, 0.0629, 0.7179], [0.0428, 0.0175, 0.0626, 0.0365, 0.0254, 0.02, 0.7952], [0.0736, 0.0814, 0.0812, 0.0189, 0.0589, 0.0128, 0.6731]], "emotions": ["purple", "purple", "purple", "purple", "purple", "purple", "purple", "purple", "purple", "purple", "purple", "purple", "purple", "purple", "purple", "purple", "purple", "purple", "purple", "purple", "purple", "purple", "purple", "purple", "purple", "purple", "purple", "purple", "purple", "purple", "purple", "purple", "purple", "purple", "purple", "purple", "purple", "purple", "purple", "purple", "purple", "purple", "purple", "purple", "purple", "purple", "purple", "purple", "purple", "purple", "purple", "purple", "purple", "purple", "purple", "purple", "purple", "purple", "purple", "purple", "purple", "purple", "purple", "purple", "purple", "purple", "purple", "purple", "purple", "purple", "purple", "purple", "purple", "purple", "purple", "purple", "purple", "purple", "purple", "purple"], "timestamps": [0, 40, 80, 120, 160, 200, 240, 280, 320, 360, 400, 440, 480, 520, 560, 600, 640, 680, 720, 760, 800, 840, 880, 920, 960, 1000, 1040, 1080, 1120, 1160, 1200, 1240, 1280, 1320, 1360, 1400, 1440, 1480, 1520, 1560, 1600, 1640, 1680, 1720, 1760, 1800, 1840, 1880, 1920, 1960, 2000, 2040, 2080, 2120, 2160, 2200, 2240, 2280, 2320, 2360, 2400, 2440, 2480, 2520, 2560, 2600, 2640, 2680, 2720, 2760, 2800, 2840, 2880, 2920, 2960, 3000, 3040, 3080, 3120, 3160]}], "conversation": [], "conversation_timestamps": []}