{"agent_id": "agent-blue-485", "type": "blue", "trips": [{"trip_id": 0, "transport_method": "bus", "start_time": 0, "path": [[1.7332768, 42.5437104], [1.7344028, 42.545956], [1.7341979, 42.5474503], [1.7305109, 42.5453179], [1.7259781, 42.5439259], [1.7212189, 42.5437836], [1.7164547, 42.5439453], [1.7116893, 42.5440645], [1.7069323, 42.5443707], [1.7022177, 42.5449962], [1.6983543, 42.5476158], [1.6952981, 42.551199], [1.6916526, 42.5542382], [1.688429, 42.5577363], [1.6870953, 42.5558753], [1.6828352, 42.5540943], [1.6828194, 42.554033], [1.6846972, 42.5547189], [1.680277, 42.5529567], [1.6795808, 42.5518771], [1.6817985, 42.549087], [1.6840285, 42.5457912], [1.6837768, 42.5434489], [1.6807799, 42.5408087], [1.6765714, 42.5386228], [1.673882, 42.539399], [1.6693062, 42.5392816], [1.6646251, 42.539191], [1.6623294, 42.5383448], [1.6583897, 42.5406072], [1.6538826, 42.5420232], [1.6496752, 42.542218], [1.6450959, 42.5412878], [1.6404198, 42.5403612], [1.6357632, 42.539437], [1.6402108, 42.54065], [1.6445749, 42.5416103], [1.6441007, 42.5410894], [1.639425, 42.5401607], [1.6347466, 42.5392622], [1.630846, 42.5390777], [1.6261797, 42.5383274], [1.6216705, 42.5372312], [1.6172512, 42.5354441], [1.6213506, 42.5355758], [1.6258295, 42.5359042], [1.6237769, 42.5380837], [1.6193553, 42.5363024], [1.6168646, 42.5356885], [1.6175037, 42.5370702], [1.6128436, 42.5366196], [1.6081652, 42.5361202], [1.6034151, 42.5365201], [1.602328, 42.5368663], [1.6066452, 42.5363408], [1.6050271, 42.536349], [1.6002728, 42.5366962], [1.5958769, 42.536625], [1.59143, 42.5358367], [1.590871, 42.5356942], [1.5947705, 42.5363868], [1.5900584, 42.5356658], [1.5877219, 42.5350664], [1.5847172, 42.5330385], [1.5803761, 42.5317436], [1.5756329, 42.5314809], [1.5740831, 42.5308853], [1.5716682, 42.5292646], [1.5711416, 42.5291751], [1.5676224, 42.5269088], [1.5668592, 42.5263059], [1.5625652, 42.5243918], [1.5588948, 42.5214681], [1.5560741, 42.5185464], [1.5548716, 42.5178212], [1.5534644, 42.5162064], [1.5509789, 42.5125437], [1.5465775, 42.5109081], [1.543828, 42.5091661], [1.5395339, 42.5080908]], "mood_vectors": [[0.058, 0.0631, 0.0366, 0.6593, 0.0535, 0.0919, 0.0375], [0.0496, 0.045, 0.0809, 0.7041, 0.0228, 0.0205, 0.0772], [0.0497, 0.0649, 0.0144, 0.7143, 0.0794, 0.0338, 0.0436], [0.0527, 0.0633, 0.0532, 0.6758, 0.0494, 0.0492, 0.0565], [0.0147, 0.0589, 0.0162, 0.7429, 0.0414, 0.0774, 0.0486], [0.0847, 0.0287, 0.0274, 0.7287, 0.0231, 0.0373, 0.07], [0.0339, 0.0779, 0.0658, 0.7213, 0.0338, 0.0425, 0.0248], [0.0403, 0.0138, 0.0786, 0.763, 0.0405, 0.0485, 0.0153], [0.0351, 0.0577, 0.0296, 0.7682, 0.0306, 0.058, 0.0207], [0.0306, 0.0231, 0.0286, 0.7981, 0.0138, 0.029, 0.0769], [0.0192, 0.0346, 0.0765, 0.6749, 0.0572, 0.0714, 0.0661], [0.0585, 0.064, 0.0645, 0.6318, 0.0554, 0.0625, 0.0634], [0.0897, 0.0858, 0.0207, 0.6524, 0.0538, 0.0595, 0.038], [0.0761, 0.0344, 0.039, 0.6763, 0.0381, 0.0706, 0.0655], [0.0196, 0.0166, 0.0537, 0.783, 0.0464, 0.0519, 0.0289], [0.0437, 0.029, 0.0634, 0.7094, 0.0653, 0.0607, 0.0285], [0.0227, 0.0731, 0.0562, 0.668, 0.0768, 0.0772, 0.0261], [0.0236, 0.0534, 0.0811, 0.6385, 0.0471, 0.09, 0.0663], [0.0866, 0.0773, 0.0343, 0.7222, 0.0263, 0.0264, 0.0269], [0.0546, 0.0173, 0.0351, 0.711, 0.0551, 0.0555, 0.0713], [0.0353, 0.0201, 0.0255, 0.7467, 0.0676, 0.0531, 0.0517], [0.0145, 0.0227, 0.0558, 0.7201, 0.0646, 0.059, 0.0633], [0.0762, 0.0379, 0.0289, 0.6486, 0.0703, 0.0661, 0.072], [0.0739, 0.0412, 0.04, 0.6876, 0.0698, 0.0673, 0.0201], [0.0195, 0.069, 0.0331, 0.665, 0.0811, 0.0458, 0.0865], [0.0627, 0.0655, 0.0704, 0.6775, 0.0245, 0.0512, 0.0481], [0.0531, 0.0305, 0.0727, 0.734, 0.0609, 0.0204, 0.0283], [0.0623, 0.0182, 0.0707, 0.6199, 0.0808, 0.0899, 0.0583], [0.0629, 0.0565, 0.0582, 0.7239, 0.0554, 0.0286, 0.0146], [0.0565, 0.0819, 0.0747, 0.5795, 0.0514, 0.087, 0.0689], [0.0293, 0.0202, 0.0384, 0.6969, 0.0285, 0.0839, 0.1028], [0.0423, 0.0583, 0.0404, 0.7757, 0.0148, 0.0363, 0.0323], [0.0445, 0.0333, 0.049, 0.7403, 0.0483, 0.0423, 0.0422], [0.0327, 0.0332, 0.0595, 0.7552, 0.0237, 0.0333, 0.0624], [0.0314, 0.0598, 0.0354, 0.7392, 0.04, 0.0525, 0.0417], [0.0304, 0.0345, 0.0685, 0.6966, 0.0681, 0.0655, 0.0364], [0.0318, 0.043, 0.0377, 0.7507, 0.0137, 0.0657, 0.0574], [0.0774, 0.04, 0.0312, 0.7082, 0.034, 0.0647, 0.0445], [0.027, 0.0705, 0.0498, 0.6983, 0.0668, 0.0222, 0.0655], [0.0532, 0.055, 0.0525, 0.7007, 0.0195, 0.0465, 0.0724], [0.0727, 0.0488, 0.0276, 0.7712, 0.0477, 0.0203, 0.0117], [0.0148, 0.08, 0.0379, 0.7791, 0.0345, 0.0385, 0.0152], [0.0606, 0.0671, 0.0178, 0.7007, 0.0582, 0.0314, 0.0641], [0.026, 0.0686, 0.0669, 0.6576, 0.1102, 0.0232, 0.0475], [0.0198, 0.0331, 0.0483, 0.8074, 0.021, 0.0331, 0.0373], [0.0531, 0.0627, 0.0884, 0.6793, 0.0158, 0.0861, 0.0146], [0.067, 0.0833, 0.0959, 0.6054, 0.0706, 0.0376, 0.0402], [0.0183, 0.0686, 0.0569, 0.73, 0.075, 0.0139, 0.0374], [0.0396, 0.0567, 0.0389, 0.7258, 0.0177, 0.105, 0.0163], [0.0767, 0.0628, 0.0245, 0.727, 0.0245, 0.0275, 0.057], [0.0322, 0.073, 0.0549, 0.6814, 0.0741, 0.057, 0.0273], [0.0468, 0.0695, 0.033, 0.7092, 0.0339, 0.0217, 0.0858], [0.0492, 0.0549, 0.0769, 0.6221, 0.0735, 0.0456, 0.0777], [0.0494, 0.058, 0.0474, 0.7617, 0.0542, 0.0138, 0.0155], [0.0125, 0.0175, 0.0245, 0.7644, 0.0769, 0.0509, 0.0533], [0.0133, 0.0124, 0.0276, 0.7476, 0.071, 0.0641, 0.0639], [0.046, 0.045, 0.031, 0.7581, 0.0453, 0.0514, 0.0231], [0.0441, 0.0255, 0.0168, 0.7611, 0.0743, 0.052, 0.0261], [0.0533, 0.0569, 0.0745, 0.6144, 0.0738, 0.0686, 0.0586], [0.0487, 0.0623, 0.0844, 0.6498, 0.0434, 0.0857, 0.0258], [0.0722, 0.03, 0.0769, 0.6865, 0.0665, 0.0427, 0.0252], [0.0494, 0.0771, 0.0807, 0.6173, 0.0782, 0.0677, 0.0296], [0.0401, 0.0314, 0.0226, 0.7042, 0.0697, 0.0399, 0.092], [0.0886, 0.0455, 0.0861, 0.6239, 0.0438, 0.0726, 0.0394], [0.0597, 0.0578, 0.0742, 0.667, 0.0368, 0.0498, 0.0548], [0.0925, 0.0954, 0.0711, 0.5714, 0.0596, 0.0918, 0.0182], [0.0557, 0.0527, 0.0569, 0.7118, 0.0528, 0.0246, 0.0456], [0.04, 0.0195, 0.023, 0.7473, 0.0522, 0.0502, 0.0678], [0.0355, 0.0187, 0.0677, 0.6724, 0.0686, 0.0494, 0.0877], [0.0234, 0.0162, 0.0206, 0.7246, 0.0755, 0.0624, 0.0772], [0.019, 0.0174, 0.0482, 0.7279, 0.0683, 0.0758, 0.0434], [0.0747, 0.0199, 0.0455, 0.6598, 0.0608, 0.0659, 0.0733], [0.0257, 0.0184, 0.0302, 0.7092, 0.0745, 0.0799, 0.0621], [0.0336, 0.0679, 0.0589, 0.7385, 0.0126, 0.0521, 0.0365], [0.0241, 0.0915, 0.0837, 0.6794, 0.0186, 0.0493, 0.0533], [0.0382, 0.0332, 0.0509, 0.7627, 0.0204, 0.0271, 0.0676], [0.0591, 0.0676, 0.017, 0.6863, 0.0586, 0.0632, 0.0482], [0.0753, 0.0632, 0.061, 0.6563, 0.086, 0.0201, 0.038], [0.0439, 0.0843, 0.0223, 0.7176, 0.0382, 0.0197, 0.074], [0.0742, 0.0483, 0.0781, 0.6405, 0.0638, 0.0293, 0.0658]], "emotions": ["green", "green", "green", "green", "green", "green", "green", "green", "green", "green", "green", "green", "green", "green", "green", "green", "green", "green", "green", "green", "green", "green", "green", "green", "green", "green", "green", "green", "green", "green", "green", "green", "green", "green", "green", "green", "green", "green", "green", "green", "green", "green", "green", "green", "green", "green", "green", "green", "green", "green", "green", "green", "green", "green", "green", "green", "green", "green", "green", "green", "green", "green", "green", "green", "green", "green", "green", "green", "green", "green", "green", "green", "green", "green", "green", "green", "green", "green", "green", "green"], "timestamps": [0, 40, 80, 120, 160, 200, 240, 280, 320, 360, 400, 440, 480, 520, 560, 600, 640, 680, 720, 760, 800, 840, 880, 920, 960, 1000, 1040, 1080, 1120, 1160, 1200, 1240, 1280, 1320, 1360, 1400, 1440, 1480, 1520, 1560, 1600, 1640, 1680, 1720, 1760, 1800, 1840, 1880, 1920, 1960, 2000, 2040, 2080, 2120, 2160, 2200, 2240, 2280, 2320, 2360, 2400, 2440, 2480, 2520, 2560, 2600, 2640, 2680, 2720, 2760, 2800, 2840, 2880, 2920, 2960, 3000, 3040, 3080, 3120, 3160]}], "conversation": [], "conversation_timestamps": []}