{"agent_id": "agent-red-501", "type": "red", "trips": [{"trip_id": 0, "transport_method": "bicycle", "start_time": 0, "path": [[1.4661648, 42.4484219], [1.4660016, 42.4469413], [1.4643858, 42.4472248], [1.4623473, 42.4472712], [1.4608178, 42.4479289], [1.4607714, 42.4498979], [1.4614362, 42.4518699], [1.4620612, 42.4537996], [1.4601588, 42.4531291], [1.4607434, 42.4517091], [1.4607712, 42.4498562], [1.4617593, 42.4516878], [1.4627475, 42.4535193], [1.4638488, 42.4539673], [1.465458, 42.4546021], [1.4671046, 42.4554199], [1.4690811, 42.4558662], [1.4710243, 42.4562849], [1.472856, 42.457235], [1.4734201, 42.4571918], [1.4734407, 42.4572091], [1.4753097, 42.4575257], [1.4773023, 42.4569771], [1.4793534, 42.4567061], [1.4792525, 42.457801], [1.4802017, 42.4592658], [1.4807937, 42.4610422], [1.4820878, 42.4623912], [1.4824688, 42.4643222], [1.4843124, 42.4647602], [1.4859506, 42.4651243], [1.4868787, 42.4667231], [1.488129, 42.4681254], [1.4887533, 42.4699867], [1.4892728, 42.4718308], [1.4880838, 42.4734787], [1.487386, 42.4745379], [1.4878362, 42.4756088], [1.4881994, 42.4757817], [1.4901264, 42.4764618], [1.4900108, 42.4778568], [1.4898861, 42.4799341], [1.489734, 42.4818823], [1.4893632, 42.4798531], [1.4902333, 42.4779896], [1.4905942, 42.4769412], [1.4904299, 42.4790158], [1.4902655, 42.4810904], [1.4904497, 42.4830848], [1.4916237, 42.4846681], [1.4934755, 42.4854293], [1.4947367, 42.4869976], [1.4952788, 42.4888711], [1.4962874, 42.4906048], [1.4976633, 42.4919895], [1.4994877, 42.492989], [1.5010109, 42.4943162], [1.5028912, 42.4952075], [1.5047984, 42.4960198], [1.5067566, 42.4967183], [1.5086793, 42.4975085], [1.5104631, 42.4985467], [1.5117532, 42.5001796], [1.5129951, 42.5018493], [1.5133054, 42.5022925], [1.5145291, 42.5035078], [1.5160499, 42.5049266], [1.5179084, 42.5053858], [1.5199503, 42.5056999], [1.5219104, 42.5063005], [1.5239237, 42.506817], [1.5259411, 42.5071474], [1.5253802, 42.5070882], [1.5269843, 42.5072059], [1.5288582, 42.5079077], [1.529713, 42.5085051], [1.53144, 42.5092592], [1.5334351, 42.5098014], [1.5355003, 42.5099132], [1.537419, 42.51053]], "mood_vectors": [[0.7915, 0.018, 0.0201, 0.0185, 0.032, 0.0838, 0.0361], [0.7474, 0.0589, 0.0638, 0.0405, 0.0462, 0.0247, 0.0185], [0.7322, 0.0178, 0.0372, 0.0714, 0.07, 0.0537, 0.0178], [0.6855, 0.0839, 0.0529, 0.0479, 0.0557, 0.0532, 0.0209], [0.713, 0.023, 0.0274, 0.0492, 0.0613, 0.0679, 0.0583], [0.6887, 0.0786, 0.0679, 0.0497, 0.0648, 0.0298, 0.0205], [0.7186, 0.0673, 0.0182, 0.035, 0.0975, 0.0452, 0.0182], [0.7423, 0.0455, 0.0597, 0.0351, 0.0659, 0.0371, 0.0145], [0.6841, 0.0603, 0.0729, 0.0379, 0.0719, 0.02, 0.0528], [0.6913, 0.1022, 0.0161, 0.0797, 0.0408, 0.0447, 0.0252], [0.7434, 0.0751, 0.0306, 0.0475, 0.05, 0.021, 0.0325], [0.6738, 0.0569, 0.0542, 0.0442, 0.0847, 0.0722, 0.0141], [0.6494, 0.0683, 0.0692, 0.063, 0.0607, 0.0379, 0.0515], [0.6968, 0.0619, 0.0617, 0.0247, 0.0425, 0.0544, 0.0579], [0.7614, 0.0265, 0.0351, 0.0542, 0.0202, 0.0439, 0.0587], [0.7328, 0.0143, 0.0236, 0.0149, 0.0776, 0.0467, 0.0901], [0.693, 0.0378, 0.0767, 0.0248, 0.078, 0.0174, 0.0724], [0.7211, 0.0418, 0.022, 0.0213, 0.0733, 0.0725, 0.0479], [0.7751, 0.0251, 0.0327, 0.0578, 0.0154, 0.059, 0.0348], [0.6964, 0.0484, 0.0587, 0.0352, 0.0419, 0.0576, 0.0618], [0.6544, 0.0688, 0.0602, 0.0894, 0.0181, 0.0457, 0.0634], [0.6193, 0.0355, 0.0776, 0.0613, 0.093, 0.0875, 0.0258], [0.6366, 0.0728, 0.0532, 0.0507, 0.062, 0.0802, 0.0445], [0.7535, 0.069, 0.0706, 0.025, 0.0173, 0.0419, 0.0227], [0.6691, 0.0207, 0.0718, 0.0581, 0.0351, 0.0638, 0.0814], [0.6286, 0.0559, 0.0927, 0.0784, 0.0161, 0.0768, 0.0516], [0.7236, 0.0693, 0.0528, 0.0435, 0.0265, 0.0122, 0.072], [0.6285, 0.0919, 0.084, 0.0434, 0.0495, 0.0868, 0.016], [0.7461, 0.0262, 0.0652, 0.041, 0.0219, 0.0792, 0.0205], [0.7615, 0.0315, 0.0847, 0.0491, 0.0136, 0.0339, 0.0257], [0.6667, 0.037, 0.0434, 0.0569, 0.0329, 0.0825, 0.0806], [0.589, 0.0695, 0.0562, 0.0795, 0.0394, 0.0822, 0.0842], [0.7096, 0.0531, 0.0574, 0.0626, 0.0472, 0.0351, 0.035], [0.6765, 0.0521, 0.075, 0.0491, 0.069, 0.0292, 0.0492], [0.7293, 0.0943, 0.0715, 0.0172, 0.0322, 0.0296, 0.0259], [0.6321, 0.0831, 0.0882, 0.0419, 0.0209, 0.0757, 0.0581], [0.7634, 0.029, 0.0434, 0.0284, 0.0824, 0.0164, 0.037], [0.6573, 0.0204, 0.0641, 0.0799, 0.0693, 0.0362, 0.073], [0.7227, 0.0196, 0.0696, 0.088, 0.0294, 0.0536, 0.0171], [0.8305, 0.0136, 0.0442, 0.02, 0.0143, 0.019, 0.0584], [0.7661, 0.0223, 0.0347, 0.0711, 0.0594, 0.0175, 0.0289], [0.7137, 0.0685, 0.0407, 0.0823, 0.0226, 0.0284, 0.0439], [0.6929, 0.0533, 0.067, 0.0488, 0.0725, 0.0242, 0.0413], [0.695, 0.0671, 0.0501, 0.025, 0.0412, 0.0194, 0.1021], [0.7073, 0.0318, 0.0285, 0.0431, 0.0593, 0.056, 0.074], [0.6904, 0.0388, 0.0687, 0.0401, 0.0534, 0.0322, 0.0764], [0.7638, 0.0133, 0.0777, 0.0371, 0.0233, 0.0307, 0.0542], [0.7345, 0.0258, 0.0774, 0.0584, 0.0389, 0.0161, 0.049], [0.7166, 0.0713, 0.0203, 0.0637, 0.0504, 0.0274, 0.0503], [0.7371, 0.0776, 0.0534, 0.0196, 0.0635, 0.0186, 0.0303], [0.6204, 0.0561, 0.0234, 0.0951, 0.0607, 0.0598, 0.0845], [0.7337, 0.029, 0.0652, 0.0527, 0.0113, 0.0408, 0.0672], [0.6751, 0.0466, 0.0445, 0.0611, 0.0691, 0.0595, 0.0441], [0.6963, 0.0476, 0.054, 0.0731, 0.0686, 0.0391, 0.0212], [0.718, 0.0172, 0.052, 0.0442, 0.0618, 0.0626, 0.0442], [0.7132, 0.0662, 0.0308, 0.0611, 0.0139, 0.0642, 0.0507], [0.7227, 0.0287, 0.0645, 0.0412, 0.0306, 0.0357, 0.0767], [0.6362, 0.074, 0.0599, 0.0297, 0.0494, 0.0759, 0.0748], [0.7371, 0.086, 0.0514, 0.0147, 0.0512, 0.0424, 0.0173], [0.6785, 0.0533, 0.0425, 0.0134, 0.0418, 0.0823, 0.0883], [0.7407, 0.061, 0.0194, 0.0678, 0.065, 0.0316, 0.0145], [0.7319, 0.0518, 0.0502, 0.0334, 0.0279, 0.0652, 0.0397], [0.7494, 0.0146, 0.0356, 0.0582, 0.0249, 0.0785, 0.0388], [0.7319, 0.068, 0.0118, 0.0629, 0.0292, 0.0385, 0.0577], [0.7653, 0.0453, 0.0541, 0.0439, 0.0174, 0.0569, 0.0172], [0.6918, 0.0749, 0.0148, 0.0659, 0.0281, 0.0769, 0.0478], [0.6785, 0.0281, 0.0592, 0.0272, 0.0524, 0.0773, 0.0773], [0.7156, 0.0616, 0.0698, 0.0561, 0.03, 0.0383, 0.0286], [0.7328, 0.0684, 0.0341, 0.057, 0.0252, 0.0119, 0.0706], [0.6607, 0.052, 0.0609, 0.0481, 0.043, 0.0925, 0.0427], [0.6347, 0.0448, 0.0931, 0.0701, 0.0448, 0.0518, 0.0607], [0.7703, 0.0483, 0.0513, 0.0285, 0.0155, 0.0251, 0.0608], [0.6938, 0.0492, 0.0647, 0.0178, 0.0732, 0.0715, 0.0298], [0.6794, 0.0628, 0.0267, 0.0448, 0.0681, 0.0654, 0.0528], [0.673, 0.0194, 0.0703, 0.0293, 0.0787, 0.0549, 0.0745], [0.6138, 0.0521, 0.0898, 0.0737, 0.0586, 0.079, 0.033], [0.7509, 0.0378, 0.0759, 0.067, 0.0137, 0.0146, 0.0401], [0.7075, 0.0649, 0.0662, 0.0636, 0.0232, 0.0175, 0.057], [0.7109, 0.0735, 0.0585, 0.0794, 0.0204, 0.0435, 0.0138], [0.6868, 0.033, 0.0681, 0.0383, 0.0385, 0.0678, 0.0674]], "emotions": ["red", "red", "red", "red", "red", "red", "red", "red", "red", "red", "red", "red", "red", "red", "red", "red", "red", "red", "red", "red", "red", "red", "red", "red", "red", "red", "red", "red", "red", "red", "red", "red", "red", "red", "red", "red", "red", "red", "red", "red", "red", "red", "red", "red", "red", "red", "red", "red", "red", "red", "red", "red", "red", "red", "red", "red", "red", "red", "red", "red", "red", "red", "red", "red", "red", "red", "red", "red", "red", "red", "red", "red", "red", "red", "red", "red", "red", "red", "red", "red"], "timestamps": [0, 40, 80, 120, 160, 200, 240, 280, 320, 360, 400, 440, 480, 520, 560, 600, 640, 680, 720, 760, 800, 840, 880, 920, 960, 1000, 1040, 1080, 1120, 1160, 1200, 1240, 1280, 1320, 1360, 1400, 1440, 1480, 1520, 1560, 1600, 1640, 1680, 1720, 1760, 1800, 1840, 1880, 1920, 1960, 2000, 2040, 2080, 2120, 2160, 2200, 2240, 2280, 2320, 2360, 2400, 2440, 2480, 2520, 2560, 2600, 2640, 2680, 2720, 2760, 2800, 2840, 2880, 2920, 2960, 3000, 3040, 3080, 3120, 3160]}], "conversation": [], "conversation_timestamps": []}