{"agent_id": "agent-orange-1023", "type": "orange", "trips": [{"trip_id": 0, "transport_method": "foot", "start_time": 0, "path": [[1.5322948, 42.509272], [1.531787, 42.5092584], [1.5312932, 42.5092015], [1.5307872, 42.5089984], [1.5304289, 42.5089126], [1.5299386, 42.5086675], [1.5295255, 42.5084479], [1.529187, 42.5081187], [1.5287467, 42.5078178], [1.5283761, 42.5074858], [1.5278782, 42.5072795], [1.5273324, 42.5072308], [1.5267845, 42.5072277], [1.526238, 42.5071996], [1.5256941, 42.5071328], [1.5251513, 42.5070557], [1.5246492, 42.5068638], [1.5241072, 42.5068651], [1.5235769, 42.5067261], [1.5230409, 42.5066133], [1.5225094, 42.5064828], [1.521985, 42.5063232], [1.5214662, 42.5061467], [1.5209522, 42.5059562], [1.5211174, 42.5060139], [1.5216305, 42.5062069], [1.5213454, 42.5061164], [1.5208255, 42.5059426], [1.5203014, 42.5057834], [1.519768, 42.5056566], [1.5192345, 42.5055308], [1.5186913, 42.50546], [1.5181454, 42.5054098], [1.5183464, 42.5054279], [1.5177998, 42.5053855], [1.5172532, 42.5053431], [1.5172167, 42.5053903], [1.5175388, 42.5053418], [1.5169956, 42.505268], [1.5164762, 42.5051109], [1.5159872, 42.5048762], [1.5155697, 42.5045212], [1.5151618, 42.5041548], [1.514754, 42.5037885], [1.5143462, 42.5034222], [1.5139384, 42.5030558], [1.5135614, 42.5027852], [1.5131783, 42.5023931], [1.5127481, 42.5020591], [1.5122718, 42.5018056], [1.5117364, 42.5016876], [1.5112481, 42.5014554], [1.5107561, 42.5012157], [1.5102302, 42.5010618], [1.5097629, 42.5007847], [1.5092697, 42.5005458], [1.5087767, 42.5003062], [1.5082812, 42.5000719], [1.5078116, 42.4997992], [1.5073147, 42.4995676], [1.5068178, 42.499336], [1.506323, 42.4991001], [1.5058336, 42.4988532], [1.5053486, 42.498598], [1.5048459, 42.4983793], [1.5043432, 42.4981606], [1.5038491, 42.4979237], [1.5033578, 42.4976806], [1.5029752, 42.4978834], [1.5027342, 42.4983237], [1.5022168, 42.4982599], [1.501746, 42.4982657], [1.5012525, 42.4985036], [1.5008889, 42.4980966], [1.5004377, 42.4978553], [1.4999149, 42.4977014], [1.4994004, 42.4975136], [1.4988844, 42.4973316], [1.4983854, 42.4971325], [1.4978598, 42.4971767]], "mood_vectors": [[0.0517, 0.0735, 0.0575, 0.0811, 0.5928, 0.0624, 0.0809], [0.0404, 0.0701, 0.0751, 0.0491, 0.6543, 0.0746, 0.0365], [0.0193, 0.06, 0.0806, 0.0608, 0.6938, 0.0267, 0.0587], [0.0376, 0.0359, 0.0798, 0.031, 0.7135, 0.0699, 0.0323], [0.0307, 0.0354, 0.0185, 0.0718, 0.7316, 0.0674, 0.0446], [0.0664, 0.0553, 0.0846, 0.0478, 0.6413, 0.0847, 0.0198], [0.0657, 0.0819, 0.0413, 0.0848, 0.6211, 0.0767, 0.0285], [0.0265, 0.0943, 0.0576, 0.0364, 0.6697, 0.0328, 0.0827], [0.0891, 0.036, 0.0407, 0.0795, 0.6598, 0.0175, 0.0774], [0.0162, 0.0352, 0.0584, 0.0306, 0.7775, 0.0455, 0.0366], [0.0153, 0.0524, 0.0611, 0.0598, 0.7216, 0.0295, 0.0603], [0.0429, 0.0741, 0.0764, 0.0251, 0.7168, 0.0296, 0.0351], [0.0327, 0.0955, 0.0628, 0.0367, 0.7234, 0.0162, 0.0329], [0.0544, 0.0361, 0.0679, 0.0604, 0.7086, 0.0161, 0.0565], [0.022, 0.0249, 0.0409, 0.0821, 0.7636, 0.0478, 0.0187], [0.084, 0.0174, 0.0236, 0.0645, 0.7005, 0.0425, 0.0673], [0.0197, 0.0863, 0.0918, 0.0269, 0.7071, 0.0361, 0.0322], [0.0332, 0.0829, 0.0174, 0.0253, 0.7726, 0.0356, 0.0331], [0.0394, 0.0449, 0.035, 0.0137, 0.7331, 0.071, 0.0628], [0.0645, 0.0642, 0.0485, 0.0314, 0.6843, 0.0635, 0.0437], [0.0153, 0.0606, 0.0703, 0.0562, 0.6697, 0.0521, 0.0757], [0.0295, 0.0142, 0.0688, 0.0598, 0.7394, 0.0541, 0.0344], [0.0443, 0.0571, 0.0663, 0.0399, 0.7191, 0.0461, 0.027], [0.0133, 0.0416, 0.0406, 0.0465, 0.7907, 0.0469, 0.0204], [0.0311, 0.0657, 0.0255, 0.0468, 0.788, 0.028, 0.0149], [0.0193, 0.0638, 0.0738, 0.0122, 0.7381, 0.056, 0.0368], [0.0643, 0.0872, 0.0192, 0.0387, 0.6949, 0.0382, 0.0575], [0.0771, 0.0144, 0.0383, 0.0364, 0.6973, 0.0583, 0.0784], [0.0429, 0.0366, 0.0599, 0.018, 0.7274, 0.0727, 0.0425], [0.0479, 0.0579, 0.0146, 0.0846, 0.654, 0.0792, 0.0619], [0.0185, 0.0438, 0.0733, 0.0654, 0.6749, 0.0699, 0.0543], [0.0161, 0.0753, 0.0534, 0.0603, 0.6995, 0.0475, 0.0479], [0.0654, 0.0187, 0.0394, 0.0714, 0.6953, 0.073, 0.0368], [0.0329, 0.0749, 0.0348, 0.0236, 0.7467, 0.0311, 0.0559], [0.0262, 0.059, 0.0697, 0.0805, 0.6568, 0.0506, 0.0573], [0.0752, 0.0583, 0.0457, 0.0126, 0.6634, 0.0784, 0.0665], [0.0176, 0.0692, 0.0383, 0.0615, 0.7083, 0.0508, 0.0542], [0.0543, 0.0346, 0.0211, 0.0694, 0.7353, 0.0661, 0.0192], [0.0685, 0.0576, 0.0192, 0.0521, 0.7604, 0.0259, 0.0163], [0.0211, 0.0763, 0.0471, 0.0725, 0.679, 0.0701, 0.034], [0.0683, 0.0178, 0.0577, 0.0425, 0.7121, 0.0684, 0.0332], [0.0581, 0.0431, 0.0324, 0.0594, 0.7385, 0.02, 0.0485], [0.0605, 0.045, 0.0534, 0.0613, 0.701, 0.0578, 0.0211], [0.0571, 0.0533, 0.0126, 0.0332, 0.7341, 0.0602, 0.0495], [0.0681, 0.0436, 0.033, 0.0447, 0.7395, 0.0326, 0.0385], [0.0558, 0.0529, 0.0742, 0.0666, 0.6298, 0.055, 0.0657], [0.0162, 0.0329, 0.0232, 0.0326, 0.8094, 0.0582, 0.0274], [0.0565, 0.0839, 0.0836, 0.0536, 0.65, 0.0193, 0.053], [0.0165, 0.0666, 0.0877, 0.0582, 0.6292, 0.0766, 0.0651], [0.0166, 0.0509, 0.0567, 0.0268, 0.7986, 0.0379, 0.0127], [0.0186, 0.0161, 0.0223, 0.0753, 0.7326, 0.0585, 0.0765], [0.0419, 0.0729, 0.0249, 0.0531, 0.695, 0.0718, 0.0403], [0.0338, 0.0776, 0.0336, 0.0296, 0.7221, 0.0392, 0.0641], [0.0749, 0.0582, 0.0701, 0.0319, 0.664, 0.0531, 0.0478], [0.0189, 0.0747, 0.0693, 0.0568, 0.6832, 0.0452, 0.052], [0.0304, 0.0426, 0.0784, 0.0917, 0.5953, 0.0725, 0.0892], [0.0735, 0.0489, 0.0131, 0.0464, 0.7477, 0.0207, 0.0496], [0.023, 0.0159, 0.0307, 0.0568, 0.7531, 0.0553, 0.0652], [0.0575, 0.0484, 0.0751, 0.0964, 0.6104, 0.0464, 0.0657], [0.0408, 0.0633, 0.0708, 0.08, 0.6742, 0.0429, 0.028], [0.0247, 0.0168, 0.0509, 0.0326, 0.7023, 0.0873, 0.0853], [0.0249, 0.0749, 0.0632, 0.0704, 0.6739, 0.0344, 0.0582], [0.0553, 0.069, 0.0138, 0.0698, 0.6794, 0.0518, 0.061], [0.0625, 0.0217, 0.0185, 0.083, 0.6795, 0.0461, 0.0886], [0.0974, 0.0349, 0.0883, 0.0747, 0.6635, 0.0223, 0.0189], [0.0531, 0.0341, 0.0584, 0.0581, 0.6953, 0.0329, 0.0681], [0.0425, 0.0306, 0.0513, 0.0372, 0.6712, 0.091, 0.0762], [0.0129, 0.0162, 0.0688, 0.0216, 0.7859, 0.0344, 0.0601], [0.0383, 0.0861, 0.0267, 0.0174, 0.7437, 0.0331, 0.0547], [0.0402, 0.0781, 0.0415, 0.0601, 0.6446, 0.0741, 0.0614], [0.0443, 0.0509, 0.0439, 0.0578, 0.683, 0.0661, 0.054], [0.0615, 0.0369, 0.0726, 0.0526, 0.6696, 0.0716, 0.0353], [0.0525, 0.0654, 0.0592, 0.0557, 0.718, 0.0348, 0.0143], [0.0445, 0.0541, 0.017, 0.0354, 0.7264, 0.0524, 0.0701], [0.0369, 0.0426, 0.0778, 0.0565, 0.6785, 0.0396, 0.0681], [0.0756, 0.0246, 0.0432, 0.088, 0.6505, 0.0784, 0.0397], [0.0502, 0.0239, 0.0254, 0.06, 0.7243, 0.0535, 0.0627], [0.0574, 0.0222, 0.0561, 0.0694, 0.6336, 0.0765, 0.0848], [0.0825, 0.0212, 0.048, 0.0469, 0.7133, 0.0682, 0.0199], [0.0398, 0.0787, 0.013, 0.0275, 0.7592, 0.0263, 0.0555]], "emotions": ["red", "red", "red", "red", "red", "red", "red", "red", "red", "red", "red", "red", "red", "red", "red", "red", "red", "red", "red", "red", "red", "red", "red", "red", "red", "red", "red", "red", "red", "red", "red", "red", "red", "red", "red", "red", "red", "red", "red", "red", "red", "red", "red", "red", "red", "red", "red", "red", "red", "red", "red", "red", "red", "red", "red", "red", "red", "red", "red", "red", "red", "red", "red", "red", "red", "red", "red", "red", "red", "red", "red", "red", "red", "red", "red", "red", "red", "red", "red", "red"], "timestamps": [0, 40, 80, 120, 160, 200, 240, 280, 320, 360, 400, 440, 480, 520, 560, 600, 640, 680, 720, 760, 800, 840, 880, 920, 960, 1000, 1040, 1080, 1120, 1160, 1200, 1240, 1280, 1320, 1360, 1400, 1440, 1480, 1520, 1560, 1600, 1640, 1680, 1720, 1760, 1800, 1840, 1880, 1920, 1960, 2000, 2040, 2080, 2120, 2160, 2200, 2240, 2280, 2320, 2360, 2400, 2440, 2480, 2520, 2560, 2600, 2640, 2680, 2720, 2760, 2800, 2840, 2880, 2920, 2960, 3000, 3040, 3080, 3120, 3160]}], "conversation": [], "conversation_timestamps": []}