{"agent_id": "agent-blue-1980", "type": "blue", "trips": [{"trip_id": 0, "transport_method": "bus", "start_time": 0, "path": [[1.5255533, 42.5093375], [1.5258087, 42.5093512], [1.5260385, 42.5094691], [1.5262729, 42.5095779], [1.5265106, 42.5096796], [1.5267578, 42.5097527], [1.5270147, 42.5097329], [1.5272701, 42.5096926], [1.5275269, 42.5096745], [1.5277618, 42.5097811], [1.5279974, 42.5098876], [1.5282355, 42.5099885], [1.5284735, 42.5100894], [1.5287115, 42.5101903], [1.5289494, 42.5102918], [1.5291863, 42.5103952], [1.5294233, 42.5104986], [1.5295632, 42.5104023], [1.5293956, 42.5102083], [1.5296438, 42.5101663], [1.5299019, 42.510176], [1.5301578, 42.5102125], [1.530414, 42.5102473], [1.5306687, 42.5102096], [1.5309249, 42.5102094], [1.5311638, 42.5103049], [1.5314017, 42.5104058], [1.531643, 42.5104986], [1.5318879, 42.5105816], [1.5321334, 42.5106626], [1.53238, 42.5107403], [1.5326266, 42.5108179], [1.5328727, 42.5108971], [1.5331126, 42.5109923], [1.5332905, 42.5111653], [1.5333614, 42.5114139], [1.5335492, 42.5115718], [1.5337725, 42.5117021], [1.5339958, 42.5118324], [1.5342191, 42.5119627], [1.5341085, 42.5119317], [1.5338708, 42.5118304], [1.5336665, 42.5116744], [1.5334903, 42.5115071], [1.5335027, 42.5115368], [1.533732, 42.5116562], [1.5339613, 42.5117756], [1.5341907, 42.511895], [1.53442, 42.5120145], [1.5346493, 42.5121339], [1.534857, 42.5122823], [1.5349652, 42.5125147], [1.535017, 42.5127676], [1.5351447, 42.512824], [1.5353948, 42.5127625], [1.53565, 42.5127213], [1.5359002, 42.5126691], [1.5361143, 42.512532], [1.5363535, 42.5124342], [1.5365903, 42.5123304], [1.5368053, 42.5121936], [1.5370051, 42.5120308], [1.5372127, 42.511885], [1.5374577, 42.5118026], [1.5377028, 42.5117202], [1.5379281, 42.511595], [1.5381627, 42.5114882], [1.5383702, 42.5113617], [1.53856, 42.5111863], [1.5387458, 42.5110064], [1.5389315, 42.5108266], [1.53912, 42.510651], [1.5393629, 42.5105626], [1.539617, 42.5105436], [1.5398754, 42.5105519], [1.5401338, 42.5105602], [1.5403923, 42.5105605], [1.540646, 42.5105161], [1.5408969, 42.5104541], [1.5409847, 42.5102661]], "mood_vectors": [[0.0525, 0.0521, 0.069, 0.727, 0.0153, 0.0268, 0.0574], [0.0718, 0.0615, 0.0716, 0.6749, 0.07, 0.0289, 0.0212], [0.0241, 0.0566, 0.0458, 0.6795, 0.093, 0.0354, 0.0656], [0.0685, 0.0626, 0.0691, 0.6522, 0.0224, 0.0584, 0.0669], [0.054, 0.0198, 0.0269, 0.7687, 0.0234, 0.0184, 0.0888], [0.0168, 0.0744, 0.0524, 0.6666, 0.0534, 0.074, 0.0623], [0.0548, 0.0598, 0.0528, 0.7265, 0.0167, 0.041, 0.0483], [0.0769, 0.0734, 0.0467, 0.6138, 0.0417, 0.0766, 0.0709], [0.0519, 0.0429, 0.0748, 0.7033, 0.0323, 0.044, 0.0508], [0.0536, 0.0604, 0.0756, 0.6922, 0.058, 0.0466, 0.0137], [0.0656, 0.0117, 0.0453, 0.6848, 0.0769, 0.0441, 0.0715], [0.042, 0.0181, 0.0739, 0.648, 0.0916, 0.038, 0.0882], [0.0739, 0.0342, 0.034, 0.6947, 0.0618, 0.0361, 0.0654], [0.0723, 0.0298, 0.0692, 0.6523, 0.0766, 0.0741, 0.0256], [0.0358, 0.0652, 0.0464, 0.756, 0.0227, 0.0254, 0.0484], [0.0598, 0.068, 0.0416, 0.6559, 0.0576, 0.0407, 0.0763], [0.0121, 0.0703, 0.0391, 0.7246, 0.0536, 0.0216, 0.0787], [0.052, 0.045, 0.07, 0.7091, 0.0706, 0.0341, 0.0192], [0.0898, 0.0452, 0.071, 0.6371, 0.0192, 0.0627, 0.075], [0.0335, 0.055, 0.0361, 0.753, 0.0678, 0.0116, 0.0429], [0.066, 0.044, 0.0741, 0.691, 0.042, 0.0225, 0.0604], [0.072, 0.0742, 0.0438, 0.6399, 0.0552, 0.0497, 0.065], [0.0629, 0.0625, 0.0609, 0.6648, 0.042, 0.0888, 0.0181], [0.0621, 0.0241, 0.0675, 0.7051, 0.014, 0.0708, 0.0563], [0.0524, 0.0527, 0.0307, 0.7198, 0.0497, 0.0428, 0.052], [0.0763, 0.0352, 0.043, 0.7267, 0.0538, 0.0401, 0.0248], [0.0223, 0.0508, 0.0303, 0.7079, 0.0784, 0.0658, 0.0445], [0.0266, 0.0185, 0.0493, 0.7432, 0.0549, 0.0448, 0.0627], [0.077, 0.0866, 0.0725, 0.6599, 0.016, 0.029, 0.0589], [0.0598, 0.0485, 0.0672, 0.6917, 0.0524, 0.0561, 0.0243], [0.0865, 0.0621, 0.0299, 0.6774, 0.0394, 0.0642, 0.0404], [0.0792, 0.0242, 0.0559, 0.7048, 0.0626, 0.0455, 0.0279], [0.0824, 0.0529, 0.0164, 0.6688, 0.0608, 0.0438, 0.0748], [0.0798, 0.0663, 0.0666, 0.6119, 0.0783, 0.015, 0.0821], [0.0817, 0.0926, 0.023, 0.6157, 0.0903, 0.0555, 0.0412], [0.0643, 0.0547, 0.0412, 0.6675, 0.0748, 0.0781, 0.0195], [0.0691, 0.0684, 0.0462, 0.6832, 0.0284, 0.061, 0.0437], [0.055, 0.0157, 0.047, 0.7104, 0.0722, 0.0183, 0.0813], [0.0594, 0.0436, 0.0343, 0.691, 0.0548, 0.0389, 0.078], [0.0558, 0.0211, 0.0359, 0.7581, 0.0388, 0.0163, 0.074], [0.061, 0.0447, 0.02, 0.7147, 0.0563, 0.0783, 0.025], [0.058, 0.0483, 0.0547, 0.6954, 0.0534, 0.027, 0.0632], [0.0701, 0.0513, 0.0396, 0.7244, 0.0443, 0.0376, 0.0325], [0.0663, 0.0538, 0.0561, 0.6541, 0.0523, 0.0621, 0.0553], [0.0458, 0.0554, 0.0273, 0.633, 0.0792, 0.0723, 0.087], [0.0195, 0.0794, 0.0547, 0.695, 0.075, 0.0449, 0.0315], [0.0477, 0.0183, 0.0449, 0.7269, 0.0667, 0.0291, 0.0665], [0.0365, 0.0512, 0.08, 0.6768, 0.0845, 0.0465, 0.0246], [0.0138, 0.0816, 0.0615, 0.715, 0.07, 0.0342, 0.0239], [0.0472, 0.0721, 0.0892, 0.6543, 0.048, 0.03, 0.0593], [0.0175, 0.0387, 0.0358, 0.8074, 0.0197, 0.0514, 0.0295], [0.0402, 0.0586, 0.0319, 0.7747, 0.0458, 0.024, 0.0248], [0.0439, 0.0128, 0.0814, 0.7084, 0.0561, 0.028, 0.0695], [0.0592, 0.0775, 0.0306, 0.6911, 0.0154, 0.0693, 0.0568], [0.0193, 0.0188, 0.03, 0.7704, 0.0621, 0.0567, 0.0426], [0.0544, 0.0441, 0.0177, 0.7705, 0.0224, 0.0624, 0.0284], [0.087, 0.0502, 0.0659, 0.6525, 0.0425, 0.0599, 0.0421], [0.0768, 0.0734, 0.0656, 0.6533, 0.0625, 0.031, 0.0375], [0.0537, 0.0237, 0.0397, 0.6889, 0.0404, 0.0779, 0.0757], [0.0293, 0.0766, 0.0819, 0.6558, 0.0175, 0.0726, 0.0664], [0.0415, 0.0687, 0.0686, 0.6997, 0.0367, 0.069, 0.0158], [0.0189, 0.0802, 0.0232, 0.6921, 0.0344, 0.0732, 0.078], [0.0274, 0.0146, 0.0375, 0.7116, 0.0764, 0.0749, 0.0576], [0.0739, 0.0668, 0.0277, 0.6893, 0.014, 0.0511, 0.0772], [0.0306, 0.0481, 0.0911, 0.6691, 0.0613, 0.047, 0.0529], [0.0671, 0.0787, 0.0496, 0.6601, 0.0229, 0.0885, 0.0331], [0.0708, 0.0617, 0.0788, 0.6403, 0.0174, 0.0895, 0.0417], [0.0593, 0.0518, 0.0698, 0.7242, 0.0267, 0.0233, 0.0448], [0.041, 0.0253, 0.044, 0.6928, 0.0681, 0.0505, 0.0783], [0.0557, 0.0681, 0.0164, 0.722, 0.052, 0.0543, 0.0314], [0.0811, 0.0791, 0.07, 0.6317, 0.056, 0.0575, 0.0245], [0.0868, 0.0419, 0.0638, 0.6586, 0.0688, 0.0444, 0.0358], [0.0599, 0.03, 0.05, 0.7635, 0.0181, 0.023, 0.0555], [0.0689, 0.0692, 0.0453, 0.5846, 0.0836, 0.0681, 0.0803], [0.0629, 0.0488, 0.0874, 0.7022, 0.0186, 0.0158, 0.0644], [0.0558, 0.0706, 0.0814, 0.6066, 0.0401, 0.0775, 0.068], [0.0573, 0.0294, 0.0347, 0.7393, 0.0569, 0.0292, 0.053], [0.0221, 0.0621, 0.0568, 0.7188, 0.0575, 0.0145, 0.0683], [0.0153, 0.036, 0.0128, 0.7744, 0.0699, 0.0292, 0.0625], [0.0778, 0.0441, 0.0509, 0.7323, 0.021, 0.0313, 0.0426]], "emotions": ["green", "green", "green", "green", "green", "green", "green", "green", "green", "green", "green", "green", "green", "green", "green", "green", "green", "green", "green", "green", "green", "green", "green", "green", "green", "green", "green", "green", "green", "green", "green", "green", "green", "green", "green", "green", "green", "green", "green", "green", "green", "green", "green", "green", "green", "green", "green", "green", "green", "green", "green", "green", "green", "green", "green", "green", "green", "green", "green", "green", "green", "green", "green", "green", "green", "green", "green", "green", "green", "green", "green", "green", "green", "green", "green", "green", "green", "green", "green", "green"], "timestamps": [0, 40, 80, 120, 160, 200, 240, 280, 320, 360, 400, 440, 480, 520, 560, 600, 640, 680, 720, 760, 800, 840, 880, 920, 960, 1000, 1040, 1080, 1120, 1160, 1200, 1240, 1280, 1320, 1360, 1400, 1440, 1480, 1520, 1560, 1600, 1640, 1680, 1720, 1760, 1800, 1840, 1880, 1920, 1960, 2000, 2040, 2080, 2120, 2160, 2200, 2240, 2280, 2320, 2360, 2400, 2440, 2480, 2520, 2560, 2600, 2640, 2680, 2720, 2760, 2800, 2840, 2880, 2920, 2960, 3000, 3040, 3080, 3120, 3160]}], "conversation": [], "conversation_timestamps": []}