{"agent_id": "agent-green-987", "type": "green", "trips": [{"trip_id": 0, "transport_method": "bus", "start_time": 0, "path": [[1.5272728, 42.5070243], [1.5268083, 42.5069552], [1.5263437, 42.5068861], [1.5258809, 42.5069241], [1.5254188, 42.5070077], [1.5249726, 42.5069708], [1.5245301, 42.5068744], [1.5240675, 42.5068548], [1.5236132, 42.5067357], [1.5231553, 42.5066335], [1.5226957, 42.5065396], [1.5222465, 42.5064028], [1.5217972, 42.506266], [1.5213559, 42.5061058], [1.5209155, 42.5059426], [1.5210805, 42.506], [1.52152, 42.5061653], [1.5215319, 42.5061788], [1.5210866, 42.5060299], [1.5206412, 42.505881], [1.5201888, 42.5057566], [1.5197319, 42.505648], [1.5192749, 42.5055401], [1.5188107, 42.5054715], [1.5183432, 42.505427], [1.5181911, 42.5053931], [1.5181545, 42.505413], [1.5176863, 42.5053767], [1.5172181, 42.5053404], [1.5171746, 42.5053803], [1.5176223, 42.5053668], [1.5171943, 42.505295], [1.5167309, 42.505225], [1.5162977, 42.5050444], [1.5158999, 42.504806], [1.5155449, 42.5044989], [1.5151955, 42.5041851], [1.5148461, 42.5038713], [1.5144968, 42.5035574], [1.5141474, 42.5032436], [1.5137981, 42.5029298], [1.5134845, 42.5027065], [1.5131563, 42.5023706], [1.5127897, 42.5020815], [1.5123929, 42.5018392], [1.511936, 42.5017316], [1.5114875, 42.501606], [1.5110838, 42.5013667], [1.5106538, 42.5011811], [1.5102018, 42.5010538], [1.5098033, 42.5008126], [1.5093849, 42.5006008], [1.5089617, 42.5003973], [1.5085404, 42.5001899], [1.5081127, 42.499996], [1.5077153, 42.4997544], [1.5072897, 42.499556], [1.5068641, 42.4993575], [1.5064393, 42.4991572], [1.5060178, 42.4989501], [1.5056029, 42.4987302], [1.5051809, 42.4985251], [1.5047503, 42.4983377], [1.5043196, 42.4981504], [1.5038962, 42.4979478], [1.5034759, 42.4977383], [1.5030503, 42.4975402], [1.5026168, 42.4973597], [1.5022105, 42.4971261], [1.50181, 42.496881], [1.5013613, 42.4967503], [1.5009021, 42.4967248], [1.500446, 42.4968366], [1.5006853, 42.4967845], [1.500952, 42.4967092], [1.5004924, 42.4968054], [1.5000361, 42.4968258], [1.499578, 42.4967253], [1.49911, 42.4966886], [1.4986562, 42.4966132]], "mood_vectors": [[0.0168, 0.0671, 0.0703, 0.0298, 0.0207, 0.0884, 0.7069], [0.0579, 0.0289, 0.0693, 0.0263, 0.0663, 0.0556, 0.6957], [0.0257, 0.0218, 0.0524, 0.0641, 0.0696, 0.0153, 0.7511], [0.0851, 0.0497, 0.0283, 0.0284, 0.0161, 0.0989, 0.6935], [0.0369, 0.0321, 0.0688, 0.0708, 0.0199, 0.0718, 0.6997], [0.0608, 0.0327, 0.0308, 0.0352, 0.0138, 0.0819, 0.7448], [0.0379, 0.0729, 0.0622, 0.0873, 0.0251, 0.0446, 0.6699], [0.0312, 0.0774, 0.0813, 0.0878, 0.0811, 0.0693, 0.572], [0.0592, 0.0546, 0.0148, 0.0681, 0.0413, 0.06, 0.7019], [0.061, 0.0656, 0.0276, 0.0453, 0.0511, 0.0266, 0.7228], [0.0802, 0.0376, 0.0229, 0.0689, 0.0417, 0.017, 0.7317], [0.0461, 0.0428, 0.0242, 0.0971, 0.0503, 0.0169, 0.7226], [0.0438, 0.0612, 0.0467, 0.0305, 0.0592, 0.0275, 0.7312], [0.0463, 0.0592, 0.011, 0.0623, 0.0168, 0.0293, 0.7751], [0.0663, 0.0443, 0.0328, 0.0262, 0.0167, 0.0818, 0.7319], [0.0455, 0.0846, 0.0193, 0.0723, 0.0163, 0.0521, 0.7099], [0.0195, 0.0272, 0.081, 0.0624, 0.0601, 0.0648, 0.685], [0.0231, 0.0269, 0.0661, 0.034, 0.0496, 0.0608, 0.7396], [0.0498, 0.0616, 0.0509, 0.0766, 0.0212, 0.0781, 0.6618], [0.0171, 0.0655, 0.0369, 0.0504, 0.056, 0.0744, 0.6998], [0.0809, 0.096, 0.0426, 0.0463, 0.0831, 0.024, 0.6272], [0.0395, 0.0522, 0.0845, 0.0858, 0.085, 0.049, 0.6039], [0.0682, 0.0629, 0.0144, 0.0647, 0.0699, 0.0637, 0.6563], [0.0573, 0.0247, 0.0644, 0.087, 0.0888, 0.0348, 0.6431], [0.0604, 0.052, 0.07, 0.0322, 0.0641, 0.0397, 0.6816], [0.0419, 0.0499, 0.024, 0.0264, 0.0456, 0.0223, 0.7901], [0.0426, 0.0247, 0.0151, 0.0407, 0.0666, 0.0538, 0.7565], [0.0851, 0.0569, 0.0793, 0.0346, 0.0488, 0.0704, 0.6249], [0.0174, 0.0681, 0.0719, 0.0399, 0.074, 0.0517, 0.6771], [0.0689, 0.0799, 0.0584, 0.0559, 0.0662, 0.0539, 0.6168], [0.0596, 0.0218, 0.0277, 0.0343, 0.0187, 0.0676, 0.7703], [0.065, 0.0757, 0.0744, 0.0425, 0.03, 0.0381, 0.6743], [0.0716, 0.0468, 0.0589, 0.019, 0.0348, 0.0783, 0.6906], [0.0304, 0.0262, 0.0201, 0.0438, 0.0546, 0.0719, 0.7529], [0.0332, 0.038, 0.0442, 0.0679, 0.0668, 0.0253, 0.7245], [0.0397, 0.061, 0.0734, 0.0477, 0.0141, 0.047, 0.717], [0.0208, 0.047, 0.0408, 0.0535, 0.0518, 0.0484, 0.7377], [0.0319, 0.0394, 0.0402, 0.0638, 0.0411, 0.0346, 0.7489], [0.0661, 0.039, 0.0547, 0.029, 0.054, 0.0509, 0.7062], [0.047, 0.0355, 0.0545, 0.0647, 0.0518, 0.0758, 0.6707], [0.084, 0.0433, 0.0625, 0.0883, 0.0194, 0.0642, 0.6381], [0.0422, 0.0482, 0.054, 0.0621, 0.0325, 0.0625, 0.6984], [0.0433, 0.0893, 0.0205, 0.0615, 0.0636, 0.032, 0.6898], [0.0804, 0.0221, 0.0237, 0.0828, 0.0682, 0.0521, 0.6708], [0.0646, 0.0343, 0.039, 0.0405, 0.0864, 0.0449, 0.6903], [0.0465, 0.0745, 0.0395, 0.0786, 0.0305, 0.0198, 0.7106], [0.0699, 0.0553, 0.0485, 0.0295, 0.0405, 0.0421, 0.7141], [0.0284, 0.0418, 0.0394, 0.0544, 0.0176, 0.0847, 0.7337], [0.0681, 0.032, 0.0403, 0.065, 0.0486, 0.0805, 0.6655], [0.0678, 0.029, 0.052, 0.0691, 0.0217, 0.0731, 0.6873], [0.0207, 0.014, 0.0568, 0.0573, 0.0928, 0.0248, 0.7336], [0.0267, 0.0353, 0.0281, 0.0564, 0.063, 0.0535, 0.737], [0.0832, 0.03, 0.0148, 0.0469, 0.0762, 0.0797, 0.6692], [0.0908, 0.034, 0.0148, 0.085, 0.0408, 0.051, 0.6837], [0.0829, 0.0443, 0.0833, 0.0398, 0.0244, 0.0232, 0.7021], [0.0561, 0.0605, 0.0744, 0.0222, 0.0706, 0.0147, 0.7014], [0.0289, 0.0238, 0.073, 0.0628, 0.02, 0.0511, 0.7403], [0.0426, 0.0746, 0.0813, 0.059, 0.0297, 0.0417, 0.6711], [0.0765, 0.0357, 0.0737, 0.0438, 0.0693, 0.0159, 0.6852], [0.0362, 0.0714, 0.0703, 0.0396, 0.0497, 0.0152, 0.7177], [0.0201, 0.0586, 0.0441, 0.0249, 0.0738, 0.0296, 0.7489], [0.0313, 0.0829, 0.041, 0.0741, 0.0406, 0.0441, 0.686], [0.0985, 0.0893, 0.0394, 0.0265, 0.0194, 0.0171, 0.7096], [0.0572, 0.0555, 0.0343, 0.0227, 0.0348, 0.0472, 0.7484], [0.0627, 0.0687, 0.0515, 0.0578, 0.0429, 0.0206, 0.6957], [0.0337, 0.0716, 0.0542, 0.0395, 0.0472, 0.066, 0.6877], [0.0678, 0.0735, 0.0607, 0.0732, 0.0496, 0.0737, 0.6015], [0.0715, 0.0291, 0.0225, 0.0794, 0.0797, 0.0204, 0.6975], [0.0198, 0.0172, 0.0273, 0.0174, 0.029, 0.025, 0.8643], [0.0703, 0.0389, 0.0265, 0.0403, 0.0304, 0.0324, 0.7613], [0.0323, 0.0352, 0.0517, 0.0522, 0.0463, 0.0668, 0.7156], [0.0306, 0.0563, 0.0185, 0.0519, 0.0327, 0.0821, 0.728], [0.0164, 0.0644, 0.024, 0.0475, 0.0592, 0.0809, 0.7076], [0.0583, 0.0452, 0.0566, 0.0444, 0.0499, 0.0518, 0.6938], [0.0944, 0.0627, 0.0288, 0.0158, 0.0196, 0.0778, 0.7008], [0.0678, 0.0224, 0.0311, 0.07, 0.0339, 0.0681, 0.7067], [0.0445, 0.0323, 0.0755, 0.0702, 0.0246, 0.0407, 0.7122], [0.0294, 0.0408, 0.0503, 0.0259, 0.0643, 0.0681, 0.7212], [0.0521, 0.0601, 0.068, 0.0638, 0.0692, 0.0106, 0.676], [0.017, 0.0266, 0.0741, 0.0544, 0.0477, 0.0441, 0.7362]], "emotions": ["purple", "purple", "purple", "purple", "purple", "purple", "purple", "purple", "purple", "purple", "purple", "purple", "purple", "purple", "purple", "purple", "purple", "purple", "purple", "purple", "purple", "purple", "purple", "purple", "purple", "purple", "purple", "purple", "purple", "purple", "purple", "purple", "purple", "purple", "purple", "purple", "purple", "purple", "purple", "purple", "purple", "purple", "purple", "purple", "purple", "purple", "purple", "purple", "purple", "purple", "purple", "purple", "purple", "purple", "purple", "purple", "purple", "purple", "purple", "purple", "purple", "purple", "purple", "purple", "purple", "purple", "purple", "purple", "purple", "purple", "purple", "purple", "purple", "purple", "purple", "purple", "purple", "purple", "purple", "purple"], "timestamps": [0, 40, 80, 120, 160, 200, 240, 280, 320, 360, 400, 440, 480, 520, 560, 600, 640, 680, 720, 760, 800, 840, 880, 920, 960, 1000, 1040, 1080, 1120, 1160, 1200, 1240, 1280, 1320, 1360, 1400, 1440, 1480, 1520, 1560, 1600, 1640, 1680, 1720, 1760, 1800, 1840, 1880, 1920, 1960, 2000, 2040, 2080, 2120, 2160, 2200, 2240, 2280, 2320, 2360, 2400, 2440, 2480, 2520, 2560, 2600, 2640, 2680, 2720, 2760, 2800, 2840, 2880, 2920, 2960, 3000, 3040, 3080, 3120, 3160]}], "conversation": [], "conversation_timestamps": []}