{"agent_id": "agent-purple-1754", "type": "purple", "trips": [{"trip_id": 0, "transport_method": "car", "start_time": 0, "path": [[1.5355395, 42.5071258], [1.5355735, 42.507197], [1.5356014, 42.5072708], [1.5356112, 42.5073489], [1.5356077, 42.5074277], [1.5356238, 42.5075048], [1.5356411, 42.5075818], [1.5356584, 42.5076589], [1.5357007, 42.5077065], [1.5357795, 42.5077113], [1.5358583, 42.5077161], [1.5359371, 42.5077209], [1.5360159, 42.5077257], [1.5360947, 42.5077305], [1.5361736, 42.5077353], [1.5362524, 42.5077401], [1.5363312, 42.5077448], [1.53641, 42.5077496], [1.5364888, 42.5077544], [1.5365676, 42.5077592], [1.5366464, 42.507764], [1.5367252, 42.5077688], [1.536804, 42.5077736], [1.5368828, 42.5077784], [1.5369616, 42.5077831], [1.5370404, 42.5077879], [1.5371192, 42.5077927], [1.5371878, 42.50783], [1.5372552, 42.5078712], [1.5373241, 42.5079093], [1.5373971, 42.5079395], [1.5374691, 42.5079718], [1.5375404, 42.5080055], [1.5376136, 42.5080351], [1.5376868, 42.5080647], [1.5377615, 42.5080902], [1.5378378, 42.5081103], [1.5379157, 42.5081225], [1.5379942, 42.5081299], [1.5380731, 42.5081336], [1.538152, 42.5081372], [1.5382308, 42.5081409], [1.5383097, 42.5081445], [1.5383862, 42.5081604], [1.5384604, 42.5081871], [1.5385347, 42.5082139], [1.5385875, 42.508259], [1.5386021, 42.5083365], [1.5386167, 42.5084141], [1.5386314, 42.5084917], [1.538646, 42.5085693], [1.5386606, 42.5086469], [1.5386753, 42.5087245], [1.5386899, 42.508802], [1.5387045, 42.5088796], [1.5387192, 42.5089572], [1.5387338, 42.5090348], [1.5387484, 42.5091124], [1.538763, 42.50919], [1.5387762, 42.5092677], [1.538773, 42.5093465], [1.5387699, 42.5094254], [1.5387667, 42.5095043], [1.5387649, 42.5095832], [1.538763, 42.5096622], [1.5387612, 42.5097411], [1.5387594, 42.50982], [1.5387575, 42.509899], [1.5387557, 42.5099779], [1.5387538, 42.5100568], [1.5388132, 42.510103], [1.5388799, 42.5101451], [1.5389467, 42.5101873], [1.5390134, 42.5102294], [1.5390802, 42.5102716], [1.5391016, 42.5103394], [1.5391033, 42.5104184], [1.5391051, 42.5104973], [1.5391068, 42.5105762], [1.5391086, 42.5106552]], "mood_vectors": [[0.062, 0.0658, 0.0546, 0.022, 0.0458, 0.6893, 0.0606], [0.0499, 0.0621, 0.0422, 0.0183, 0.0386, 0.7402, 0.0487], [0.0328, 0.0413, 0.0547, 0.0819, 0.0411, 0.6964, 0.0517], [0.0142, 0.0407, 0.0237, 0.0447, 0.0515, 0.8032, 0.022], [0.094, 0.0824, 0.0459, 0.025, 0.0553, 0.6313, 0.0661], [0.0369, 0.0392, 0.0829, 0.0276, 0.0512, 0.7034, 0.0589], [0.0514, 0.0428, 0.0279, 0.0148, 0.0627, 0.7292, 0.0714], [0.0233, 0.0817, 0.0809, 0.0168, 0.0628, 0.6654, 0.0691], [0.0674, 0.0178, 0.0178, 0.0238, 0.0341, 0.7954, 0.0437], [0.0148, 0.0369, 0.0858, 0.0581, 0.0666, 0.6616, 0.0762], [0.0729, 0.0492, 0.0313, 0.0588, 0.0236, 0.7421, 0.0221], [0.0502, 0.0437, 0.0235, 0.072, 0.0349, 0.6995, 0.0762], [0.0282, 0.0205, 0.0639, 0.0209, 0.049, 0.7421, 0.0754], [0.0573, 0.0338, 0.0871, 0.0437, 0.0142, 0.6931, 0.0707], [0.0322, 0.0842, 0.0413, 0.0429, 0.03, 0.7532, 0.0162], [0.0456, 0.0488, 0.0669, 0.041, 0.0429, 0.7001, 0.0545], [0.0343, 0.0468, 0.0732, 0.0788, 0.068, 0.6228, 0.0762], [0.0645, 0.0479, 0.0538, 0.0709, 0.0173, 0.7262, 0.0194], [0.0563, 0.0369, 0.0859, 0.0748, 0.0737, 0.612, 0.0604], [0.0491, 0.0583, 0.0513, 0.0216, 0.0613, 0.6963, 0.0621], [0.0265, 0.032, 0.0586, 0.0431, 0.0512, 0.7228, 0.0658], [0.0269, 0.0444, 0.084, 0.0872, 0.0243, 0.7007, 0.0326], [0.0728, 0.0146, 0.0701, 0.0736, 0.023, 0.6972, 0.0487], [0.028, 0.0446, 0.0342, 0.0424, 0.0866, 0.7152, 0.049], [0.0632, 0.026, 0.0683, 0.0459, 0.0599, 0.7004, 0.0363], [0.0574, 0.0481, 0.0746, 0.0458, 0.035, 0.6806, 0.0585], [0.0634, 0.0746, 0.0163, 0.0919, 0.0136, 0.6777, 0.0626], [0.0613, 0.0635, 0.0574, 0.0394, 0.0514, 0.7078, 0.0192], [0.0701, 0.0806, 0.0534, 0.049, 0.0746, 0.646, 0.0262], [0.03, 0.0527, 0.0849, 0.0369, 0.0428, 0.6737, 0.079], [0.0343, 0.0746, 0.0308, 0.0358, 0.0133, 0.7554, 0.0558], [0.0742, 0.0501, 0.0163, 0.0777, 0.0389, 0.7085, 0.0344], [0.0263, 0.0856, 0.0554, 0.0429, 0.024, 0.7094, 0.0565], [0.0336, 0.0234, 0.0582, 0.0699, 0.044, 0.7102, 0.0607], [0.0659, 0.065, 0.0195, 0.0629, 0.0582, 0.694, 0.0345], [0.0514, 0.0453, 0.0436, 0.0215, 0.0337, 0.7416, 0.0629], [0.0591, 0.0701, 0.0671, 0.0462, 0.043, 0.6862, 0.0282], [0.0829, 0.0837, 0.0494, 0.0664, 0.0255, 0.6317, 0.0604], [0.0802, 0.0266, 0.0562, 0.0679, 0.0199, 0.6877, 0.0614], [0.0645, 0.0189, 0.065, 0.0701, 0.0116, 0.7233, 0.0466], [0.0308, 0.0617, 0.0558, 0.0571, 0.0779, 0.6756, 0.0411], [0.0547, 0.0778, 0.0171, 0.0601, 0.0704, 0.648, 0.0719], [0.0692, 0.0353, 0.0807, 0.0512, 0.0944, 0.653, 0.0161], [0.0659, 0.071, 0.0444, 0.0418, 0.0132, 0.703, 0.0608], [0.0343, 0.0147, 0.0229, 0.0253, 0.022, 0.8288, 0.0521], [0.0279, 0.0568, 0.0468, 0.0163, 0.0225, 0.7752, 0.0545], [0.0836, 0.0622, 0.0775, 0.0334, 0.0396, 0.6873, 0.0163], [0.0925, 0.0306, 0.0326, 0.0298, 0.0392, 0.7342, 0.0412], [0.0126, 0.0246, 0.0613, 0.035, 0.0673, 0.7636, 0.0357], [0.0641, 0.0162, 0.0167, 0.0229, 0.0269, 0.8233, 0.03], [0.0606, 0.0506, 0.0164, 0.0512, 0.0688, 0.6897, 0.0627], [0.0363, 0.0554, 0.0712, 0.0387, 0.0516, 0.6914, 0.0553], [0.0761, 0.0712, 0.0346, 0.0348, 0.0765, 0.6312, 0.0756], [0.0526, 0.0631, 0.0813, 0.0136, 0.0381, 0.7183, 0.033], [0.0511, 0.0295, 0.0604, 0.0246, 0.0145, 0.7756, 0.0442], [0.0314, 0.049, 0.0406, 0.066, 0.0622, 0.7169, 0.034], [0.0774, 0.0701, 0.062, 0.0731, 0.0454, 0.6254, 0.0467], [0.0724, 0.0495, 0.0279, 0.0677, 0.0398, 0.6814, 0.0612], [0.0394, 0.073, 0.0786, 0.0783, 0.0312, 0.6846, 0.0148], [0.0395, 0.0372, 0.0584, 0.0405, 0.0778, 0.6836, 0.0629], [0.02, 0.0453, 0.0518, 0.0228, 0.072, 0.7238, 0.0643], [0.0193, 0.0638, 0.0471, 0.0261, 0.0596, 0.7447, 0.0394], [0.0868, 0.0256, 0.0171, 0.0477, 0.0447, 0.7053, 0.0728], [0.0705, 0.0627, 0.0251, 0.1054, 0.0454, 0.6692, 0.0217], [0.0395, 0.0401, 0.0237, 0.0812, 0.0703, 0.6854, 0.0597], [0.0194, 0.0329, 0.0673, 0.0748, 0.0821, 0.6478, 0.0757], [0.0531, 0.0808, 0.0731, 0.0185, 0.0711, 0.6911, 0.0122], [0.0439, 0.0406, 0.0368, 0.0433, 0.0651, 0.7193, 0.051], [0.0732, 0.0912, 0.0407, 0.056, 0.0242, 0.69, 0.0247], [0.0673, 0.068, 0.0563, 0.0737, 0.0703, 0.6297, 0.0346], [0.0647, 0.0169, 0.0761, 0.0526, 0.0684, 0.647, 0.0744], [0.0649, 0.0746, 0.025, 0.0354, 0.0438, 0.7203, 0.0362], [0.0425, 0.0291, 0.0446, 0.0512, 0.08, 0.6996, 0.053], [0.0876, 0.0742, 0.0499, 0.0229, 0.024, 0.6793, 0.0622], [0.0595, 0.0436, 0.0982, 0.0339, 0.0465, 0.6492, 0.0691], [0.032, 0.0548, 0.0122, 0.0814, 0.0632, 0.6863, 0.07], [0.0563, 0.0732, 0.0222, 0.0613, 0.0396, 0.6623, 0.0853], [0.0356, 0.068, 0.0243, 0.0721, 0.056, 0.7092, 0.0348], [0.0326, 0.0538, 0.0764, 0.0209, 0.0148, 0.7365, 0.065], [0.0295, 0.0739, 0.0224, 0.0375, 0.0571, 0.7065, 0.0732]], "emotions": ["purple", "purple", "purple", "purple", "purple", "purple", "purple", "purple", "purple", "purple", "purple", "purple", "purple", "purple", "purple", "purple", "purple", "purple", "purple", "purple", "purple", "purple", "purple", "purple", "purple", "purple", "purple", "purple", "purple", "purple", "purple", "purple", "purple", "purple", "purple", "purple", "purple", "purple", "purple", "purple", "purple", "purple", "purple", "purple", "purple", "purple", "purple", "purple", "purple", "purple", "purple", "purple", "purple", "purple", "purple", "purple", "purple", "purple", "purple", "purple", "purple", "purple", "purple", "purple", "purple", "purple", "purple", "purple", "purple", "purple", "purple", "purple", "purple", "purple", "purple", "purple", "purple", "purple", "purple", "purple"], "timestamps": [0, 40, 80, 120, 160, 200, 240, 280, 320, 360, 400, 440, 480, 520, 560, 600, 640, 680, 720, 760, 800, 840, 880, 920, 960, 1000, 1040, 1080, 1120, 1160, 1200, 1240, 1280, 1320, 1360, 1400, 1440, 1480, 1520, 1560, 1600, 1640, 1680, 1720, 1760, 1800, 1840, 1880, 1920, 1960, 2000, 2040, 2080, 2120, 2160, 2200, 2240, 2280, 2320, 2360, 2400, 2440, 2480, 2520, 2560, 2600, 2640, 2680, 2720, 2760, 2800, 2840, 2880, 2920, 2960, 3000, 3040, 3080, 3120, 3160]}], "conversation": [], "conversation_timestamps": []}