{"agent_id": "agent-orange-53", "type": "orange", "trips": [{"trip_id": 0, "transport_method": "car", "start_time": 0, "path": [[1.4735647, 42.5435824], [1.4749061, 42.5443568], [1.4754886, 42.5443197], [1.4763139, 42.5435704], [1.4777796, 42.5430874], [1.4792013, 42.5424771], [1.4804029, 42.5415263], [1.480685, 42.5408763], [1.4817109, 42.5402312], [1.4824312, 42.5400243], [1.4826388, 42.5397062], [1.4828779, 42.5381758], [1.4825589, 42.5395172], [1.4825139, 42.5384794], [1.4824642, 42.5377965], [1.481018, 42.5373149], [1.4816302, 42.5370623], [1.4830823, 42.53738], [1.4844802, 42.5380324], [1.4844512, 42.5376888], [1.4859774, 42.537717], [1.4874786, 42.5373737], [1.4889466, 42.5369539], [1.4904573, 42.5366423], [1.4918175, 42.5370776], [1.4921789, 42.5371884], [1.493638, 42.5374293], [1.4948993, 42.5374534], [1.4964015, 42.5375881], [1.4977502, 42.5380466], [1.4992455, 42.5380673], [1.5007616, 42.537828], [1.5022497, 42.5373985], [1.5036809, 42.5375398], [1.5050128, 42.5367616], [1.5063331, 42.5362138], [1.5076673, 42.5360174], [1.5091287, 42.5357177], [1.5102053, 42.5349892], [1.5088133, 42.5343584], [1.5092882, 42.5336451], [1.5106552, 42.5334997], [1.5121872, 42.5334827], [1.5124667, 42.53278], [1.5124582, 42.5321417], [1.5139318, 42.5320999], [1.5145968, 42.5313048], [1.5157847, 42.5303626], [1.517057, 42.5294793], [1.516311, 42.5292578], [1.5148067, 42.5292226], [1.5133602, 42.52966], [1.5118848, 42.5299338], [1.513047, 42.5306752], [1.5140908, 42.5310069], [1.5154316, 42.5306584], [1.5167417, 42.529832], [1.5180892, 42.5292593], [1.5194228, 42.5296507], [1.5201051, 42.5299235], [1.5206173, 42.5285634], [1.5199655, 42.5272101], [1.5205944, 42.5258373], [1.5208098, 42.5243245], [1.5217167, 42.523076], [1.5225443, 42.5218241], [1.5235673, 42.5207046], [1.5241261, 42.5192866], [1.5253605, 42.5183511], [1.5266134, 42.5174684], [1.5280275, 42.5168372], [1.5293845, 42.516467], [1.530697, 42.5156759], [1.5318975, 42.5147088], [1.5331683, 42.5138786], [1.5339942, 42.5135756], [1.5351401, 42.5128259], [1.5365835, 42.5123334], [1.5379197, 42.5116], [1.5391086, 42.5106552]], "mood_vectors": [[0.0125, 0.0639, 0.0379, 0.0291, 0.7356, 0.0764, 0.0446], [0.0378, 0.0275, 0.0243, 0.0605, 0.7256, 0.0582, 0.0661], [0.058, 0.0607, 0.0798, 0.0443, 0.676, 0.0287, 0.0525], [0.0585, 0.0844, 0.0288, 0.0674, 0.6209, 0.08, 0.06], [0.0779, 0.0143, 0.0716, 0.0298, 0.7192, 0.0607, 0.0264], [0.0587, 0.0787, 0.0382, 0.0382, 0.6701, 0.0525, 0.0635], [0.0709, 0.0446, 0.0673, 0.0237, 0.7023, 0.0195, 0.0717], [0.05, 0.0268, 0.0916, 0.0515, 0.656, 0.0924, 0.0316], [0.0424, 0.015, 0.0494, 0.0288, 0.7811, 0.0512, 0.032], [0.0154, 0.0291, 0.071, 0.0176, 0.7709, 0.0247, 0.0713], [0.0292, 0.0883, 0.0321, 0.0287, 0.7307, 0.0614, 0.0296], [0.0396, 0.0148, 0.033, 0.0396, 0.7718, 0.0212, 0.0801], [0.0392, 0.0363, 0.0379, 0.026, 0.7721, 0.0526, 0.0358], [0.0332, 0.053, 0.0465, 0.0329, 0.7645, 0.0179, 0.052], [0.0337, 0.0771, 0.0454, 0.0393, 0.7206, 0.0519, 0.0319], [0.0941, 0.0472, 0.0755, 0.0664, 0.6368, 0.0344, 0.0455], [0.0548, 0.048, 0.0437, 0.0302, 0.7293, 0.0352, 0.0588], [0.0556, 0.053, 0.0746, 0.059, 0.7117, 0.0326, 0.0135], [0.0629, 0.0276, 0.074, 0.0527, 0.7292, 0.0249, 0.0287], [0.0283, 0.0703, 0.033, 0.0417, 0.712, 0.0869, 0.0278], [0.0301, 0.0202, 0.0739, 0.0214, 0.6704, 0.0951, 0.0889], [0.0461, 0.0577, 0.0709, 0.0394, 0.744, 0.0266, 0.0153], [0.0225, 0.0412, 0.0551, 0.0561, 0.7269, 0.0716, 0.0266], [0.0727, 0.0568, 0.0432, 0.0683, 0.6231, 0.0577, 0.0781], [0.0782, 0.0176, 0.0823, 0.0583, 0.7096, 0.0155, 0.0385], [0.0883, 0.0376, 0.0217, 0.065, 0.6526, 0.0927, 0.0421], [0.0928, 0.0199, 0.0169, 0.0863, 0.6637, 0.0284, 0.0921], [0.0798, 0.0574, 0.0424, 0.0846, 0.5948, 0.0822, 0.0587], [0.0301, 0.064, 0.0937, 0.0383, 0.683, 0.0635, 0.0273], [0.0489, 0.0436, 0.0425, 0.0599, 0.6649, 0.0879, 0.0522], [0.0164, 0.0188, 0.0193, 0.0207, 0.8535, 0.025, 0.0461], [0.0278, 0.0467, 0.0295, 0.0721, 0.7253, 0.0167, 0.0818], [0.0251, 0.065, 0.0753, 0.0676, 0.6633, 0.0572, 0.0465], [0.0491, 0.0465, 0.0819, 0.082, 0.6547, 0.0598, 0.026], [0.0375, 0.0493, 0.0549, 0.0612, 0.6711, 0.052, 0.074], [0.0455, 0.0481, 0.0671, 0.0202, 0.7569, 0.0291, 0.0332], [0.0189, 0.0119, 0.0312, 0.0708, 0.752, 0.0797, 0.0354], [0.0617, 0.0707, 0.0473, 0.0634, 0.6269, 0.0533, 0.0767], [0.0146, 0.0632, 0.0305, 0.0382, 0.7514, 0.0873, 0.0148], [0.0805, 0.0766, 0.0202, 0.0203, 0.6922, 0.0442, 0.066], [0.0818, 0.0368, 0.022, 0.0155, 0.7192, 0.0831, 0.0416], [0.0552, 0.0949, 0.0638, 0.0331, 0.6927, 0.0336, 0.0268], [0.029, 0.0663, 0.0656, 0.0784, 0.6281, 0.0698, 0.0627], [0.0571, 0.0356, 0.0634, 0.0421, 0.7033, 0.0702, 0.0282], [0.0687, 0.037, 0.0774, 0.0229, 0.7346, 0.024, 0.0354], [0.0584, 0.0372, 0.0508, 0.0618, 0.718, 0.0203, 0.0536], [0.023, 0.0221, 0.0441, 0.0627, 0.7446, 0.0538, 0.0498], [0.0743, 0.0317, 0.0211, 0.0612, 0.7179, 0.027, 0.0667], [0.0716, 0.0215, 0.0222, 0.0383, 0.7444, 0.0427, 0.0592], [0.039, 0.0233, 0.067, 0.0226, 0.7536, 0.0282, 0.0664], [0.0683, 0.0251, 0.0557, 0.0328, 0.7225, 0.0238, 0.0717], [0.0529, 0.0405, 0.032, 0.0441, 0.7427, 0.0291, 0.0587], [0.0423, 0.0654, 0.0297, 0.0545, 0.7112, 0.0415, 0.0554], [0.0602, 0.0544, 0.028, 0.0244, 0.7492, 0.0432, 0.0406], [0.0865, 0.0716, 0.0744, 0.018, 0.6321, 0.0972, 0.0202], [0.0737, 0.0387, 0.0813, 0.0259, 0.6846, 0.068, 0.0279], [0.0393, 0.0326, 0.0506, 0.0341, 0.7293, 0.0707, 0.0434], [0.071, 0.0671, 0.0913, 0.0214, 0.6705, 0.0606, 0.0181], [0.0707, 0.013, 0.0268, 0.0383, 0.7545, 0.0585, 0.0381], [0.072, 0.0471, 0.0773, 0.0385, 0.6843, 0.0412, 0.0397], [0.065, 0.0186, 0.0345, 0.0936, 0.6619, 0.0412, 0.0852], [0.0409, 0.0706, 0.0216, 0.0833, 0.6642, 0.0616, 0.0577], [0.0282, 0.0152, 0.0551, 0.0644, 0.7503, 0.0292, 0.0575], [0.0314, 0.0714, 0.0971, 0.0403, 0.6421, 0.0406, 0.0771], [0.015, 0.043, 0.0146, 0.0242, 0.8409, 0.0143, 0.048], [0.0313, 0.0751, 0.0588, 0.0299, 0.7426, 0.0415, 0.0209], [0.0741, 0.0406, 0.0313, 0.0796, 0.7244, 0.0292, 0.0209], [0.0788, 0.0587, 0.0327, 0.0268, 0.7166, 0.0475, 0.0389], [0.029, 0.0289, 0.0173, 0.0342, 0.7348, 0.0973, 0.0583], [0.0434, 0.0192, 0.0373, 0.024, 0.7465, 0.0795, 0.0501], [0.0525, 0.0732, 0.0613, 0.0776, 0.6047, 0.0533, 0.0774], [0.0619, 0.0549, 0.0162, 0.0606, 0.7047, 0.0333, 0.0682], [0.0453, 0.0458, 0.0412, 0.0481, 0.7263, 0.074, 0.0194], [0.0415, 0.0363, 0.025, 0.0806, 0.7119, 0.0536, 0.0512], [0.028, 0.07, 0.0632, 0.0443, 0.6946, 0.0434, 0.0566], [0.0211, 0.0615, 0.0392, 0.0799, 0.6753, 0.0566, 0.0665], [0.0239, 0.0622, 0.0393, 0.0163, 0.7918, 0.0516, 0.015], [0.0327, 0.0167, 0.0447, 0.0603, 0.7701, 0.0455, 0.03], [0.0192, 0.038, 0.0531, 0.0355, 0.7015, 0.0836, 0.069], [0.0636, 0.019, 0.0786, 0.0386, 0.7362, 0.0257, 0.0382]], "emotions": ["red", "red", "red", "red", "red", "red", "red", "red", "red", "red", "red", "red", "red", "red", "red", "red", "red", "red", "red", "red", "red", "red", "red", "red", "red", "red", "red", "red", "red", "red", "red", "red", "red", "red", "red", "red", "red", "red", "red", "red", "red", "red", "red", "red", "red", "red", "red", "red", "red", "red", "red", "red", "red", "red", "red", "red", "red", "red", "red", "red", "red", "red", "red", "red", "red", "red", "red", "red", "red", "red", "red", "red", "red", "red", "red", "red", "red", "red", "red", "red"], "timestamps": [0, 40, 80, 120, 160, 200, 240, 280, 320, 360, 400, 440, 480, 520, 560, 600, 640, 680, 720, 760, 800, 840, 880, 920, 960, 1000, 1040, 1080, 1120, 1160, 1200, 1240, 1280, 1320, 1360, 1400, 1440, 1480, 1520, 1560, 1600, 1640, 1680, 1720, 1760, 1800, 1840, 1880, 1920, 1960, 2000, 2040, 2080, 2120, 2160, 2200, 2240, 2280, 2320, 2360, 2400, 2440, 2480, 2520, 2560, 2600, 2640, 2680, 2720, 2760, 2800, 2840, 2880, 2920, 2960, 3000, 3040, 3080, 3120, 3160]}], "conversation": [], "conversation_timestamps": []}