{
  "agent_id": "agent-type-orange-67",
  "type": "orange",
  "trips": [
    {
      "trip_id": 0,
      "transport_method": "foot",
      "start_time": 0,
      "path": [
        [
          1.5197458000000004,
          42.50516729999999
        ],
        [
          1.5197425683731465,
          42.504806273220716
        ],
        [
          1.5199162234865902,
          42.5044531537763
        ],
        [
          1.5202257799438104,
          42.50442160089321
        ],
        [
          1.5206384618266773,
          42.50455925681116
        ],
        [
          1.5210598800777204,
          42.50473209796483
        ],
        [
          1.5214932362421885,
          42.50486425490257
        ],
        [
          1.5219001257315483,
          42.504838133844565
        ],
        [
          1.5221341358896758,
          42.50453419532253
        ],
        [
          1.5225867303195917,
          42.50458431023564
        ],
        [
          1.523038800862362,
          42.50463998437888
        ],
        [
          1.5234878309637785,
          42.50471481535551
        ],
        [
          1.523934906596423,
          42.50480194046906
        ],
        [
          1.5243449186905376,
          42.50481217212575
        ],
        [
          1.5247968922803832,
          42.50486862813337
        ],
        [
          1.5252171312490657,
          42.50487196985895
        ],
        [
          1.5255315898854442,
          42.50471829485729
        ],
        [
          1.525979279651736,
          42.50480220719173
        ],
        [
          1.5264225508043998,
          42.50490454060312
        ],
        [
          1.5265765892394172,
          42.50510224634688
        ],
        [
          1.5269640580070258,
          42.50518868368252
        ],
        [
          1.5273896938245413,
          42.50519076842826
        ],
        [
          1.5278449182660527,
          42.5051936328676
        ],
        [
          1.528154643972502,
          42.5053812088891
        ],
        [
          1.5282078628585383,
          42.50565301108043
        ],
        [
          1.527770840744067,
          42.50552464021856
        ],
        [
          1.5273628913835093,
          42.50547991779921
        ],
        [
          1.5269673380162014,
          42.505493198210694
        ],
        [
          1.5273970471702347,
          42.50543307342034
        ],
        [
          1.5278281299830314,
          42.50554146835778
        ],
        [
          1.5282650853928463,
          42.50567006425742
        ],
        [
          1.5287014703472408,
          42.50580058467074
        ],
        [
          1.5291328163915343,
          42.50593554329434
        ],
        [
          1.5287832342436338,
          42.50622747745677
        ],
        [
          1.528491998372624,
          42.50651198130611
        ],
        [
          1.528636535320333,
          42.50694392629967
        ],
        [
          1.5282904237355943,
          42.50723453211816
        ],
        [
          1.527866400685213,
          42.50722311068635
        ],
        [
          1.5274123901205685,
          42.50718647990824
        ],
        [
          1.526958379555924,
          42.50714984913013
        ],
        [
          1.5265043689912794,
          42.50711321835202
        ],
        [
          1.5260504847020377,
          42.50707513856785
        ],
        [
          1.525596981748233,
          42.50703268297217
        ],
        [
          1.5252513429573464,
          42.50693233362241
        ],
        [
          1.5255774325291638,
          42.50672622522935
        ],
        [
          1.5252129405333212,
          42.50698546238563
        ],
        [
          1.5247724785696866,
          42.50691370614834
        ],
        [
          1.524327318833887,
          42.506817268519086
        ],
        [
          1.523884754515955,
          42.5067645354081
        ],
        [
          1.5234414017463134,
          42.506660105614486
        ],
        [
          1.522998307556554,
          42.506554583638014
        ],
        [
          1.5225552332188454,
          42.50644897806062
        ],
        [
          1.5221121588811366,
          42.50634337248322
        ],
        [
          1.5217142778868087,
          42.50615724942559
        ],
        [
          1.5212751759028693,
          42.50608366484474
        ],
        [
          1.520849806008997,
          42.505920791089636
        ],
        [
          1.5204332479596443,
          42.50585656926
        ],
        [
          1.5199894985481628,
          42.50575383724686
        ],
        [
          1.5195457491366813,
          42.50565110523372
        ],
        [
          1.5191019997252,
          42.50554837322058
        ],
        [
          1.5186582898604286,
          42.50550912913105
        ],
        [
          1.5183587492836486,
          42.505687724192846
        ],
        [
          1.5185727251952061,
          42.506084932697505
        ],
        [
          1.5188987061164505,
          42.50635483361039
        ],
        [
          1.5193302661923611,
          42.50624256503482
        ],
        [
          1.5193132945752155,
          42.50644939585734
        ],
        [
          1.5190984784561432,
          42.50664852822111
        ],
        [
          1.518873033792699,
          42.50689124718395
        ],
        [
          1.5184353019469081,
          42.50680507808901
        ],
        [
          1.518006296663124,
          42.506652036025514
        ],
        [
          1.5175558821800113,
          42.506594310966506
        ],
        [
          1.517101821453341,
          42.50655830731101
        ],
        [
          1.5166477607266706,
          42.50652230365551
        ],
        [
          1.5161937000000003,
          42.506486300000006
        ]
      ],
      "emotions": [
        "red",
        "red",
        "red",
        "red",
        "red",
        "purple",
        "purple",
        "purple",
        "purple",
        "purple",
        "green",
        "green",
        "green",
        "green",
        "green",
        "green",
        "green",
        "green",
        "green",
        "green",
        "red",
        "red",
        "red",
        "red",
        "red",
        "red",
        "red",
        "red",
        "red",
        "red",
        "green",
        "green",
        "green",
        "green",
        "green",
        "green",
        "green",
        "green",
        "green",
        "green",
        "purple",
        "purple",
        "purple",
        "purple",
        "purple",
        "red",
        "red",
        "red",
        "red",
        "red",
        "red",
        "red",
        "red",
        "red",
        "red",
        "green",
        "green",
        "green",
        "green",
        "green",
        "green",
        "green",
        "green",
        "green",
        "green",
        "green",
        "green",
        "green",
        "green",
        "green",
        "red",
        "red",
        "red",
        "red"
      ],
      "mood_vectors": [
        [
          0.10561393257230299,
          0.1760999716092256,
          0.17843078396548878,
          0.12340993178726384,
          0.12250137214518712,
          0.1508118468564122,
          0.1431321610641194
        ],
        [
          0.2967730973142552,
          0.3316707955472009,
          0.039008437922198325,
          0.07658427618214193,
          0.09251554520377667,
          0.0026160978200245335,
          0.1608317500104023
        ],
        [
          0.1548894414761245,
          0.17732224927457513,
          0.021564077250725143,
          0.06833255060695011,
          0.06628500269640906,
          0.05010971329199085,
          0.4614969654032253
        ],
        [
          0.27116748683028846,
          0.16629214762625555,
          0.04545722464852814,
          0.14762812784796625,
          0.08326074928527502,
          0.10432453449377747,
          0.18186972926790915
        ],
        [
          0.1561873674862109,
          0.16759736536518846,
          0.19789662607477346,
          0.1468423871650152,
          0.18905140270988455,
          0.0021553780358924144,
          0.14026947316303512
        ],
        [
          0.07436739344977175,
          0.04953301065425262,
          0.05196608873998642,
          0.19577497921791587,
          0.07871206832835628,
          0.29978920893504923,
          0.24985725067466782
        ],
        [
          0.003944000682727224,
          0.2770612875817565,
          0.1751421476621509,
          0.1413957460377779,
          0.13021162393335534,
          0.18646817175365546,
          0.08577702234857663
        ],
        [
          0.19859105642599795,
          0.18883545481209169,
          0.1382167561588698,
          0.21715917253423897,
          0.22276979868121016,
          0.02829520912548194,
          0.0061325522621095115
        ],
        [
          0.2462112098374265,
          0.04411892834222646,
          0.081889800339142,
          0.22008975542130707,
          0.1816537981584661,
          0.11306932817669298,
          0.1129671797247389
        ],
        [
          0.2503660525762551,
          0.07512252845211105,
          0.11518965466262146,
          0.011631213996296245,
          0.26100314929746554,
          0.27473764160649594,
          0.011949759408754597
        ],
        [
          0.14445837257235095,
          0.13670558498171514,
          0.1455692824228075,
          0.17201554523699716,
          0.17568269698659073,
          0.17167075415416969,
          0.05389776364536881
        ],
        [
          0.20559976087306286,
          0.06597050502487653,
          0.13827179890971533,
          0.21868728160064324,
          0.20903645300906562,
          0.05730250311222199,
          0.10513169747041445
        ],
        [
          0.06945847439466613,
          0.09471204088522192,
          0.1794000477821428,
          0.17533538542024157,
          0.10765604733875477,
          0.18160384120364004,
          0.19183416297533268
        ],
        [
          0.15823815585106157,
          0.051882403197508795,
          0.030750865731044335,
          0.20444588829924223,
          0.21710928074806587,
          0.2182696620411688,
          0.1193037441319083
        ],
        [
          0.18851711719008024,
          0.17441252830032636,
          0.06880355190410947,
          0.13915739372051758,
          0.05724422251526221,
          0.16857819741455743,
          0.20328698895514677
        ],
        [
          0.19919896346315055,
          0.2281094113288787,
          0.010574840165640701,
          0.24584817221874855,
          0.09665633460197837,
          0.14620304243632495,
          0.07340923578527818
        ],
        [
          0.18462704370372007,
          0.16098516172799507,
          0.07409630031087379,
          0.2727998763827562,
          0.19802232159897148,
          0.021139398492342656,
          0.08832989778334074
        ],
        [
          0.1835549114647106,
          0.08331738794533686,
          0.17393350640142896,
          0.15473798572571112,
          0.22959954503825705,
          0.029867597578428325,
          0.1449890658461271
        ],
        [
          0.03294673409748822,
          0.15178545883647607,
          0.1911949193860965,
          0.1644467644002432,
          0.11102645447673626,
          0.16550297582180984,
          0.18309669298114997
        ],
        [
          0.027836186882989087,
          0.2556415939415637,
          0.09561508767755912,
          0.02989971858269083,
          0.26642866243934693,
          0.1143404463122901,
          0.21023830416356024
        ],
        [
          0.11751441783472669,
          0.14311371779429582,
          0.19294389355081265,
          0.17724068900672663,
          0.1433819622910511,
          0.09906372569044429,
          0.12674159383194286
        ],
        [
          0.17627847274979436,
          0.16980776397357547,
          0.1668828669352033,
          0.08530629860142515,
          0.18725270739295943,
          0.16662477097528264,
          0.04784711937175966
        ],
        [
          0.18548595202840562,
          0.026749908536442848,
          0.2342955949931459,
          0.2060875815466648,
          0.02587303602948984,
          0.25170658995788464,
          0.06980133690796636
        ],
        [
          0.22478292763581703,
          0.270176520901458,
          0.07439442787966186,
          0.22188666456165848,
          0.0037361470794048377,
          0.018504737904020522,
          0.18651857403797933
        ],
        [
          0.07041083829829475,
          0.14449746739736896,
          0.17914085046907752,
          0.228884666689621,
          0.056853512327726924,
          0.1880489376258963,
          0.13216372719201452
        ],
        [
          0.2299617994127511,
          0.04287627265079311,
          0.012127813793640585,
          0.1531667211499702,
          0.20484199095823424,
          0.10569180634784407,
          0.2513335956867667
        ],
        [
          0.038120408415601895,
          0.1991367824003496,
          0.14160268259297346,
          0.1098238819108283,
          0.18790106086786285,
          0.19713841687422518,
          0.1262767669381588
        ],
        [
          0.22049490528565305,
          0.15064724739946292,
          0.08974679367383041,
          0.1364189416722803,
          0.055131463141029034,
          0.16419223010390682,
          0.1833684187238374
        ],
        [
          0.12589996271660858,
          0.13615636777726028,
          0.14719492479791108,
          0.1595738582828893,
          0.1018494004223803,
          0.16170535380502407,
          0.16762013219792635
        ],
        [
          0.02482307664358136,
          0.02239497975613818,
          0.058761603272947674,
          0.13913009531205076,
          0.37713949666082913,
          0.1807581577523709,
          0.1969925906020821
        ],
        [
          0.14231485766024798,
          0.22549492468492965,
          0.1317548213846786,
          0.07426722102700359,
          0.19135681320293593,
          0.21448278742538934,
          0.02032857461481501
        ],
        [
          0.07273447998043925,
          0.058656437253076225,
          0.3049194629717054,
          0.17299283071157304,
          0.048625260114718745,
          0.20552430105684721,
          0.13654722791164012
        ],
        [
          0.15846673831622812,
          0.1813979187477833,
          0.12795963842301922,
          0.06315145601193146,
          0.23462289239524606,
          0.03397387736133614,
          0.2004274787444557
        ],
        [
          0.14603258048219372,
          0.17991424627215635,
          0.199928932220318,
          0.14345194024641697,
          0.1877893749327974,
          0.025568929247908212,
          0.11731399659820935
        ],
        [
          0.08653473110513552,
          0.1114268034308095,
          0.2099273015230539,
          0.25658623232502453,
          0.022074843982670376,
          0.1564287938105271,
          0.157021293822779
        ],
        [
          0.13715898297192997,
          0.22862889889088522,
          0.04640248514972058,
          0.3409963326646086,
          0.02305745403842422,
          0.09393144779877786,
          0.12982439848565355
        ],
        [
          0.2007826476537518,
          0.22320148045571378,
          0.10835277059495756,
          0.2208294279610204,
          0.14996780399715237,
          0.07828424046026215,
          0.018581628877141904
        ],
        [
          0.11738614042893517,
          0.018957292219102726,
          0.09289338275613826,
          0.20478556217400395,
          0.24306185524506102,
          0.1548767777700122,
          0.1680389894067467
        ],
        [
          0.2392428647416209,
          0.05610859417574303,
          0.19783706396760825,
          0.0011896760503317082,
          0.2248252060460728,
          0.16745139336492723,
          0.11334520165369605
        ],
        [
          0.3347532684395448,
          0.0770286377672906,
          0.1442765450196509,
          0.04785793378453595,
          0.07838595683692796,
          0.265814231455699,
          0.05188342669635074
        ],
        [
          0.22491134289061446,
          0.007694577201109901,
          0.1950698018776063,
          0.0775540638321504,
          0.20464602445363936,
          0.2064271909323456,
          0.08369699881253403
        ],
        [
          0.1126577281355462,
          0.08695300072996674,
          0.2166096332447222,
          0.07060773046852006,
          0.1473661479433097,
          0.14235162909931015,
          0.22345413037862483
        ],
        [
          0.5255156547314086,
          0.08455252155188679,
          0.06170723671947166,
          0.11507240821746667,
          0.06864391860114148,
          0.1282545026452591,
          0.0162537575333657
        ],
        [
          0.10321925938399204,
          0.24851053941091475,
          0.2067433692990624,
          0.02774909491988388,
          0.05279790180934093,
          0.24610455220857452,
          0.1148752829682315
        ],
        [
          0.19269076880135935,
          0.022260647087401757,
          0.22532515173094075,
          0.04876706848525316,
          0.22426221434731133,
          0.22557766562836118,
          0.06111648391937242
        ],
        [
          0.053284826027819705,
          0.1758353857149261,
          0.12982110495396101,
          0.25258837695278796,
          0.2762966723168717,
          0.051749045313981584,
          0.06042458871965189
        ],
        [
          0.2934877993394138,
          0.2579956264286332,
          0.14330931784012046,
          0.18156099114747515,
          0.0493736394826742,
          0.0639112032860675,
          0.010361422475615695
        ],
        [
          0.23589728526186912,
          0.060441787435241416,
          0.040431640715932554,
          0.09030101304776804,
          0.14230286852614238,
          0.16900286495330358,
          0.261622540059743
        ],
        [
          0.13191390872493383,
          0.1879865067690728,
          0.24110468298580465,
          0.1506572157361441,
          0.011723483264941813,
          0.14819880440375394,
          0.1284153981153489
        ],
        [
          0.2895017251297685,
          0.13247075848166906,
          0.029228989390934865,
          0.06237634827826484,
          0.24564212330922178,
          0.07422164722812476,
          0.16655840818201614
        ],
        [
          0.19153950371997674,
          0.10164279502349502,
          0.05828506785652829,
          0.11246660085789072,
          0.026545407302774864,
          0.27733765947652766,
          0.23218296576280667
        ],
        [
          0.14035416674522494,
          0.21031582272736948,
          0.019183944457834962,
          0.18201818004886894,
          0.046919393132332475,
          0.2934169465027009,
          0.10779154638566842
        ],
        [
          0.2530554949727916,
          0.047940648673758635,
          0.015276080764242026,
          0.18287270850071424,
          0.2381782334188114,
          0.07322870159420959,
          0.18944813207547243
        ],
        [
          0.06152517656318102,
          0.2986942129393293,
          0.09767322958241845,
          0.14158154769865766,
          0.031063985086249777,
          0.30419357312001233,
          0.06526827501015148
        ],
        [
          0.07770463716574368,
          0.058839453584545925,
          0.2487022094512914,
          0.09856734753026558,
          0.19085617176138914,
          0.15188551499867078,
          0.17344466550809348
        ],
        [
          0.08775389455073548,
          0.12083289570964051,
          0.17695514128420523,
          0.19581530796852925,
          0.003306284763595841,
          0.2116990922984312,
          0.2036373834248625
        ],
        [
          0.10259398176720215,
          0.03690816071307155,
          0.1672976318186767,
          0.13651444985171907,
          0.16393688336364604,
          0.24946355000267212,
          0.14328534248301245
        ],
        [
          0.09377065971068502,
          0.13263395250579324,
          0.15483437646421097,
          0.20438438878458326,
          0.07775020945683536,
          0.25231552767076854,
          0.08431088540712361
        ],
        [
          0.12822630643836294,
          0.06061197698601828,
          0.09407841741783049,
          0.1310675570348221,
          0.20640766898062307,
          0.18492403935771584,
          0.19468403378462718
        ],
        [
          0.24163553008922078,
          0.12669201504911523,
          0.09668875311865818,
          0.27526459405203185,
          0.04418621086732437,
          0.13636421678046973,
          0.07916868004317983
        ],
        [
          0.030616107892712675,
          0.32603762341751036,
          0.046523392131059764,
          0.0756896505559672,
          0.33164722742184155,
          0.12888316760797708,
          0.06060283097293143
        ],
        [
          0.08509354375986423,
          0.2473862875107414,
          0.22978136202392385,
          0.14822631163256697,
          0.1207443426502792,
          0.11052714823389176,
          0.0582410041887326
        ],
        [
          0.30665120627109876,
          0.08342733697266702,
          0.16523742461197477,
          0.11522478421318182,
          0.032001385201214295,
          0.0927769165915778,
          0.20468094613828547
        ],
        [
          0.23059175818169528,
          0.052906497635448656,
          0.22517459062425452,
          0.017847374854262767,
          0.09851868399077027,
          0.12409039412673348,
          0.2508707005868351
        ],
        [
          0.09169684539258302,
          0.016741091730050263,
          0.24305772780675486,
          0.23512374439655978,
          0.15363709365221456,
          0.17759103941988125,
          0.08215245760195626
        ],
        [
          0.03900867671583789,
          0.18547457268303763,
          0.08001794807253797,
          0.06888395393760238,
          0.2501055146583212,
          0.2362688116518039,
          0.14024052228085895
        ],
        [
          0.1526911280670653,
          0.07715296072033402,
          0.16656414355542398,
          0.15394784566774053,
          0.15838847477094312,
          0.10917752581922928,
          0.18207792139926368
        ],
        [
          0.08703671388019545,
          0.22276842767486113,
          0.05841942445143447,
          0.10659094664261504,
          0.127119358827977,
          0.1396896866051197,
          0.25837544191779716
        ],
        [
          0.14438987196667252,
          0.08181004105026797,
          0.14980524572602769,
          0.16173678807090258,
          0.18480786668082225,
          0.10304358911483685,
          0.17440659739047024
        ],
        [
          0.04480090888199746,
          0.12994602593133628,
          0.07597993479864142,
          0.18359516373140888,
          0.16380479342029533,
          0.25429000813288916,
          0.14758316510343147
        ],
        [
          0.06435174369410454,
          0.2192361875370248,
          0.06720528027108882,
          0.11238832530343515,
          0.22067550079227916,
          0.07192044189909567,
          0.2442225205029718
        ],
        [
          0.18555155603979803,
          0.07162833726897277,
          0.07607386084587683,
          0.024965613653522265,
          0.2589356885644088,
          0.21172886361755028,
          0.17111608000987097
        ],
        [
          0.06904437430248805,
          0.23073976595490053,
          0.06474270911959591,
          0.46395670260179883,
          0.0032263969782318097,
          0.1154775930445207,
          0.05281245799846424
        ],
        [
          0.2057790916066591,
          0.17250722301903804,
          0.13168963962600208,
          0.07316724999060589,
          0.1701215996211965,
          0.13251807433130217,
          0.11421712180519625
        ]
      ],
      "timestamps": [
        0,
        1,
        2,
        3,
        4,
        5,
        6,
        7,
        8,
        9,
        10,
        11,
        12,
        13,
        14,
        15,
        16,
        17,
        18,
        19,
        20,
        21,
        22,
        23,
        24,
        25,
        26,
        27,
        28,
        29,
        30,
        31,
        32,
        33,
        34,
        35,
        36,
        37,
        38,
        39,
        40,
        41,
        42,
        43,
        44,
        45,
        46,
        47,
        48,
        49,
        50,
        51,
        52,
        53,
        54,
        55,
        56,
        57,
        58,
        59,
        60,
        61,
        62,
        63,
        64,
        65,
        66,
        67,
        68,
        69,
        70,
        71,
        72,
        73
      ],
      "distance": 804.2
    },
    {
      "trip_id": 1,
      "transport_method": "bicycle",
      "start_time": 74,
      "path": [
        [
          1.5161937000000003,
          42.506486300000006
        ],
        [
          1.5161497696497162,
          42.50645529692477
        ],
        [
          1.5161046250134989,
          42.50642649164434
        ],
        [
          1.5160549959437655,
          42.50640580295691
        ],
        [
          1.516005366874032,
          42.50638511426948
        ],
        [
          1.5159557378042987,
          42.50636442558205
        ],
        [
          1.5159069231427458,
          42.50634392534211
        ],
        [
          1.515960595608917,
          42.50634713979779
        ],
        [
          1.5160142680750883,
          42.50635035425346
        ],
        [
          1.5160679405412596,
          42.506353568709144
        ],
        [
          1.5161216130074309,
          42.506356783164826
        ],
        [
          1.5161752854736021,
          42.5063599976205
        ],
        [
          1.5162289579397734,
          42.50636321207618
        ],
        [
          1.516282630405945,
          42.506366426531855
        ],
        [
          1.5163363028721162,
          42.506369640987536
        ],
        [
          1.5163899753382875,
          42.50637285544322
        ],
        [
          1.5164436478044587,
          42.50637606989889
        ],
        [
          1.51649732027063,
          42.50637928435457
        ],
        [
          1.5165509927368013,
          42.506382498810254
        ],
        [
          1.5166046652029725,
          42.50638571326593
        ],
        [
          1.5166583376691438,
          42.50638892772161
        ],
        [
          1.5167120101353153,
          42.50639214217728
        ],
        [
          1.5167656826014866,
          42.506395356632964
        ],
        [
          1.5168193550676579,
          42.506398571088646
        ],
        [
          1.5168730275338291,
          42.50640178554432
        ],
        [
          1.5169267000000004,
          42.506405
        ]
      ],
      "emotions": [
        "red",
        "green",
        "green",
        "green",
        "green",
        "green",
        "red",
        "red",
        "red",
        "red",
        "red",
        "green",
        "green",
        "green",
        "green",
        "green",
        "red",
        "red",
        "red",
        "red",
        "red",
        "red",
        "red",
        "red",
        "red",
        "red"
      ],
      "mood_vectors": [
        [
          0.27108363204584024,
          0.0690343639736871,
          0.0014305527524893786,
          0.25777854909303993,
          0.31776113059982,
          0.07512694178826128,
          0.007784829746862179
        ],
        [
          0.059470234281865375,
          0.2382005949743246,
          0.01178114658238293,
          0.032609206624558885,
          0.14304704581766606,
          0.290609425747955,
          0.2242823459712471
        ],
        [
          0.28302132371574484,
          0.08196570986578934,
          0.15739773995878048,
          0.1330795979462465,
          0.25416851955153746,
          0.08398946481678743,
          0.006377644145114008
        ],
        [
          0.03955471831965102,
          0.2766685603694652,
          0.19866678041846667,
          0.0320688491705661,
          0.05626997048945015,
          0.16033563432995834,
          0.23643548690244254
        ],
        [
          0.08209314578060635,
          0.2772014559009602,
          0.03928932781653768,
          0.051874101132939214,
          0.21715775873580476,
          0.06825440257438445,
          0.26412980805876746
        ],
        [
          0.12319830346840782,
          0.13961865652194486,
          0.17101430128529366,
          0.04024985860724082,
          0.2893515658238122,
          0.1528009170876371,
          0.08376639720566358
        ],
        [
          0.11431647666318265,
          0.19794363805036885,
          0.14258966643099177,
          0.0558558523284465,
          0.21142627085576657,
          0.21668826813498376,
          0.06117982753625996
        ],
        [
          0.31002132010083744,
          0.04735970645064006,
          0.08367061457056253,
          0.001808332975166651,
          0.2518789906915479,
          0.03174038849533811,
          0.27352064671590737
        ],
        [
          0.14674391360689537,
          0.16993962272292762,
          0.2175677718747347,
          0.07320248964274954,
          0.06714809303779475,
          0.08700185251276064,
          0.23839625660213737
        ],
        [
          0.09711032943877101,
          0.2922745420708765,
          0.0762039207251426,
          0.05391947232293475,
          0.3215900270398801,
          0.11952211278213876,
          0.039379595620256266
        ],
        [
          0.06773006963781898,
          0.0789014044450846,
          0.13442107164842526,
          0.20864544818031766,
          0.0071100622810193305,
          0.23336837109968367,
          0.26982357270765056
        ],
        [
          0.15299896201518703,
          0.1402880989031157,
          0.24642108606158222,
          0.05991075525948941,
          0.15844027848806505,
          0.09800533370696321,
          0.14393548556559738
        ],
        [
          0.1534310922918068,
          0.018617154900423715,
          0.2473404334578619,
          0.03772818018108711,
          0.15546832964980736,
          0.28594873298900597,
          0.10146607653000705
        ],
        [
          0.16833218410454198,
          0.20604405205318987,
          0.1231988146577147,
          0.075104240190948,
          0.20946025915056463,
          0.08351891350377974,
          0.1343415363392611
        ],
        [
          0.05456729003893209,
          0.21641783052854405,
          0.19929751454455757,
          0.15784040312156958,
          0.1766299625778972,
          0.13830571178614806,
          0.05694128740235147
        ],
        [
          0.20516091061765543,
          0.03373820866736797,
          0.05302520895612721,
          0.09922444374102189,
          0.2725381368796845,
          0.28405790872634257,
          0.05225518241180049
        ],
        [
          0.16639622978865437,
          0.011831196027147708,
          0.1866299930022656,
          0.17163388969010568,
          0.23111747721778325,
          0.022535831634500535,
          0.20985538263954295
        ],
        [
          0.08134692331713042,
          0.2120835042899483,
          0.11070917708224083,
          0.02281485348280121,
          0.20118568841855256,
          0.11312252405680333,
          0.25873732935252336
        ],
        [
          0.19205851862047518,
          0.24237029768457197,
          0.07446159142903629,
          0.07039073741588046,
          0.18253734327891383,
          0.2148519033610619,
          0.023329608210060315
        ],
        [
          0.19114943513076993,
          0.1999452685031852,
          0.1132652509167298,
          0.20435148748972784,
          0.08731336778923231,
          0.1058048928922353,
          0.09817029727811957
        ],
        [
          0.3049512708422089,
          0.03234797006712474,
          0.08925270150652986,
          0.24807836074143488,
          0.2839668246401518,
          0.03447805129084345,
          0.006924820911706316
        ],
        [
          0.03520703915032945,
          0.2615308641698294,
          0.014484135389634377,
          0.32232178902677977,
          0.001650823149402685,
          0.03322211838549525,
          0.331583230728529
        ],
        [
          0.018591513799476225,
          0.016414622672670888,
          0.20062150427531486,
          0.26562555096966173,
          0.17692246474115744,
          0.07681755064625932,
          0.2450067928954596
        ],
        [
          0.19700604912265407,
          0.16973287220109978,
          0.22725324099217098,
          0.0685773003740494,
          0.12830732610118217,
          0.06943539766042095,
          0.13968781354842266
        ],
        [
          0.15691369142530223,
          0.023242817221373852,
          0.016564320190494246,
          0.30544242521795906,
          0.32424190815029263,
          0.006605592659265488,
          0.16698924513531255
        ],
        [
          0.013649851343228271,
          0.23094963925256684,
          0.22232018708698748,
          0.0742788012292433,
          0.01320064162019663,
          0.12169961395708427,
          0.3239012655106933
        ]
      ],
      "timestamps": [
        74,
        75,
        76,
        77,
        78,
        79,
        80,
        81,
        82,
        83,
        84,
        85,
        86,
        87,
        88,
        89,
        90,
        91,
        92,
        93,
        94,
        95,
        96,
        97,
        98,
        99
      ],
      "distance": 385.8
    }
  ],
  "conversation": [
    "No idea where this path goes, but I'm following it.",
    "This street smells like garlic and incense. I love it.",
    "Everyone looks like they're on their own quest."
  ],
  "conversation_timestamps": [
    26,
    39,
    62
  ]
}
