{"agent_id": "agent-green-1127", "type": "green", "trips": [{"trip_id": 0, "transport_method": "car", "start_time": 0, "path": [[1.5383388, 42.5573386], [1.5378053, 42.5573611], [1.5374231, 42.5570865], [1.5374482, 42.5572295], [1.5369142, 42.5571351], [1.5364093, 42.5569622], [1.5358939, 42.5568682], [1.5353519, 42.5568494], [1.5348714, 42.5566381], [1.5344299, 42.5563417], [1.533931, 42.5561424], [1.5334661, 42.5558674], [1.533004, 42.5556047], [1.5329994, 42.5556084], [1.5324583, 42.5556438], [1.5319174, 42.5556827], [1.5313847, 42.5556655], [1.5308757, 42.5554822], [1.5303839, 42.5552538], [1.5298894, 42.5550313], [1.5294369, 42.5547389], [1.5290836, 42.5543287], [1.5287651, 42.5538898], [1.528415, 42.5534863], [1.5280094, 42.5531263], [1.5276037, 42.5527664], [1.5271981, 42.5524064], [1.5267925, 42.5520465], [1.5265955, 42.5519152], [1.5270062, 42.5522672], [1.5274398, 42.5525929], [1.5278752, 42.5529162], [1.5282759, 42.5532813], [1.5286383, 42.5536829], [1.5282801, 42.5532945], [1.5279127, 42.5528956], [1.5275453, 42.5524967], [1.5271779, 42.5520977], [1.5268106, 42.5516988], [1.5264453, 42.5512984], [1.5261759, 42.5508295], [1.5258483, 42.5503979], [1.5254555, 42.5500372], [1.5249733, 42.549789], [1.5245485, 42.5494555], [1.5240731, 42.5492224], [1.5235425, 42.5491113], [1.5230607, 42.5488752], [1.5226467, 42.5485269], [1.5222594, 42.5481474], [1.5218946, 42.5477482], [1.5216113, 42.5473092], [1.5213417, 42.5468483], [1.5210841, 42.5463897], [1.5206494, 42.546067], [1.5202009, 42.5457665], [1.5197091, 42.5455383], [1.5191716, 42.5455166], [1.5186304, 42.5455182], [1.5180896, 42.5455584], [1.5175557, 42.5456405], [1.5170587, 42.5458261], [1.516597, 42.5461106], [1.5161352, 42.546395], [1.5157701, 42.5466219], [1.5162448, 42.5463596], [1.5167198, 42.5460981], [1.5171414, 42.5457644], [1.5169897, 42.5458617], [1.5165235, 42.5461387], [1.5160572, 42.5464157], [1.5155909, 42.5466926], [1.5151247, 42.5469696], [1.5146227, 42.5471632], [1.5141463, 42.5472655], [1.5137625, 42.5476476], [1.5133764, 42.5478099], [1.5132095, 42.5482943], [1.5128296, 42.5486789], [1.5123947, 42.5489468]], "mood_vectors": [[0.0736, 0.0336, 0.0184, 0.044, 0.0213, 0.0373, 0.7718], [0.0322, 0.0767, 0.0615, 0.0741, 0.016, 0.0711, 0.6684], [0.035, 0.0319, 0.0383, 0.0373, 0.034, 0.0509, 0.7727], [0.0893, 0.0664, 0.0329, 0.0258, 0.0455, 0.0635, 0.6767], [0.0448, 0.0502, 0.0328, 0.0139, 0.0386, 0.0646, 0.7551], [0.0134, 0.0521, 0.0164, 0.0589, 0.0475, 0.016, 0.7957], [0.087, 0.0393, 0.0235, 0.0456, 0.0453, 0.0526, 0.7067], [0.0276, 0.0308, 0.0473, 0.0371, 0.0736, 0.0747, 0.709], [0.0686, 0.0753, 0.0993, 0.0367, 0.0364, 0.018, 0.6656], [0.0278, 0.0554, 0.0494, 0.0754, 0.0597, 0.0453, 0.6869], [0.0492, 0.0662, 0.0722, 0.0133, 0.0509, 0.0603, 0.6879], [0.0336, 0.0744, 0.0565, 0.0836, 0.0646, 0.0206, 0.6667], [0.046, 0.0435, 0.0602, 0.0539, 0.0541, 0.0831, 0.6592], [0.0223, 0.049, 0.0586, 0.0514, 0.0422, 0.063, 0.7135], [0.0122, 0.0162, 0.0514, 0.0304, 0.0555, 0.082, 0.7523], [0.0586, 0.0175, 0.0634, 0.0793, 0.0486, 0.0967, 0.6359], [0.0212, 0.0652, 0.0649, 0.0216, 0.0725, 0.0645, 0.6902], [0.0545, 0.0667, 0.0652, 0.034, 0.055, 0.0626, 0.6621], [0.0707, 0.0348, 0.0608, 0.0123, 0.0548, 0.0415, 0.7251], [0.0779, 0.0314, 0.0473, 0.0389, 0.0327, 0.0187, 0.753], [0.0404, 0.0689, 0.0594, 0.0148, 0.0269, 0.0713, 0.7182], [0.0777, 0.0418, 0.0904, 0.0762, 0.092, 0.0263, 0.5956], [0.0244, 0.0585, 0.0166, 0.0412, 0.0495, 0.0415, 0.7683], [0.0719, 0.0264, 0.0419, 0.0748, 0.0174, 0.0285, 0.7392], [0.0749, 0.0489, 0.0164, 0.0395, 0.0827, 0.0814, 0.6562], [0.0846, 0.0721, 0.0833, 0.0416, 0.0151, 0.0742, 0.6292], [0.0377, 0.0234, 0.0689, 0.0551, 0.0425, 0.0216, 0.7508], [0.0149, 0.0518, 0.0531, 0.0868, 0.0856, 0.0161, 0.6917], [0.0194, 0.0561, 0.0175, 0.0321, 0.0397, 0.0341, 0.801], [0.0476, 0.048, 0.0169, 0.0825, 0.016, 0.0218, 0.7671], [0.0616, 0.0209, 0.0671, 0.0373, 0.0218, 0.0342, 0.7572], [0.0337, 0.0755, 0.0842, 0.0443, 0.0541, 0.0299, 0.6783], [0.0165, 0.0761, 0.04, 0.0882, 0.0582, 0.0558, 0.6653], [0.0803, 0.0654, 0.0874, 0.0273, 0.0189, 0.0622, 0.6585], [0.0314, 0.0684, 0.0642, 0.0435, 0.0753, 0.0691, 0.648], [0.0155, 0.0362, 0.0818, 0.0659, 0.0299, 0.0357, 0.735], [0.0371, 0.0496, 0.0853, 0.0401, 0.0338, 0.0445, 0.7096], [0.0436, 0.0204, 0.067, 0.0889, 0.0146, 0.0467, 0.7188], [0.069, 0.0574, 0.0405, 0.0451, 0.0691, 0.0582, 0.6607], [0.0589, 0.0162, 0.0208, 0.0538, 0.0733, 0.042, 0.735], [0.043, 0.0674, 0.0279, 0.0356, 0.0238, 0.0254, 0.7769], [0.0398, 0.0693, 0.0275, 0.0312, 0.0604, 0.0127, 0.7591], [0.0397, 0.046, 0.0375, 0.055, 0.0136, 0.0762, 0.732], [0.0655, 0.0752, 0.0267, 0.0517, 0.0877, 0.0469, 0.6464], [0.0175, 0.0326, 0.0897, 0.027, 0.0832, 0.0507, 0.6993], [0.0773, 0.0696, 0.0661, 0.0327, 0.0211, 0.0459, 0.6872], [0.0415, 0.0424, 0.0906, 0.0915, 0.0887, 0.0625, 0.5828], [0.0643, 0.0881, 0.0342, 0.0652, 0.0575, 0.0793, 0.6113], [0.0663, 0.056, 0.0745, 0.038, 0.0241, 0.0641, 0.677], [0.0802, 0.0839, 0.0505, 0.023, 0.0514, 0.0551, 0.6559], [0.013, 0.078, 0.0536, 0.0578, 0.057, 0.0582, 0.6825], [0.0248, 0.0746, 0.0363, 0.0352, 0.0914, 0.092, 0.6457], [0.0198, 0.0196, 0.058, 0.0949, 0.0837, 0.0284, 0.6956], [0.0197, 0.0923, 0.0452, 0.0476, 0.0394, 0.1011, 0.6547], [0.0219, 0.0678, 0.0232, 0.0355, 0.0146, 0.0165, 0.8205], [0.0425, 0.0565, 0.0487, 0.0763, 0.0332, 0.0646, 0.6782], [0.0227, 0.0314, 0.049, 0.0559, 0.0301, 0.0341, 0.7769], [0.0463, 0.0831, 0.0479, 0.0739, 0.0189, 0.029, 0.7009], [0.0439, 0.0773, 0.0613, 0.0257, 0.0192, 0.0658, 0.7067], [0.0712, 0.0817, 0.0149, 0.068, 0.0403, 0.0533, 0.6705], [0.0249, 0.064, 0.0482, 0.0643, 0.0703, 0.0128, 0.7154], [0.0171, 0.0364, 0.0707, 0.0702, 0.02, 0.0651, 0.7204], [0.0696, 0.0794, 0.0791, 0.033, 0.0369, 0.0197, 0.6823], [0.054, 0.0844, 0.0177, 0.0612, 0.0253, 0.0624, 0.695], [0.0244, 0.0482, 0.052, 0.0281, 0.0524, 0.0449, 0.75], [0.0714, 0.0712, 0.0546, 0.0547, 0.0676, 0.0627, 0.618], [0.0625, 0.0698, 0.0617, 0.0177, 0.0222, 0.0756, 0.6906], [0.0485, 0.0746, 0.0452, 0.0933, 0.0381, 0.0565, 0.6439], [0.0258, 0.0739, 0.0149, 0.029, 0.0609, 0.076, 0.7195], [0.0751, 0.0209, 0.0599, 0.0651, 0.0628, 0.0357, 0.6804], [0.0158, 0.0187, 0.0839, 0.0551, 0.0792, 0.0909, 0.6563], [0.0632, 0.056, 0.0285, 0.0378, 0.0388, 0.0843, 0.6913], [0.0578, 0.0627, 0.0371, 0.044, 0.0541, 0.0637, 0.6806], [0.0441, 0.0381, 0.0742, 0.0231, 0.0519, 0.0858, 0.6828], [0.0764, 0.0393, 0.0384, 0.0472, 0.0357, 0.0862, 0.6768], [0.0269, 0.0172, 0.055, 0.0787, 0.0256, 0.0336, 0.763], [0.0506, 0.0486, 0.0856, 0.0195, 0.0901, 0.0301, 0.6756], [0.0554, 0.0378, 0.0349, 0.0362, 0.0278, 0.0552, 0.7528], [0.0228, 0.0628, 0.0614, 0.0511, 0.0338, 0.0916, 0.6765], [0.0716, 0.0316, 0.0298, 0.0436, 0.0878, 0.038, 0.6976]], "emotions": ["purple", "purple", "purple", "purple", "purple", "purple", "purple", "purple", "purple", "purple", "purple", "purple", "purple", "purple", "purple", "purple", "purple", "purple", "purple", "purple", "purple", "purple", "purple", "purple", "purple", "purple", "purple", "purple", "purple", "purple", "purple", "purple", "purple", "purple", "purple", "purple", "purple", "purple", "purple", "purple", "purple", "purple", "purple", "purple", "purple", "purple", "purple", "purple", "purple", "purple", "purple", "purple", "purple", "purple", "purple", "purple", "purple", "purple", "purple", "purple", "purple", "purple", "purple", "purple", "purple", "purple", "purple", "purple", "purple", "purple", "purple", "purple", "purple", "purple", "purple", "purple", "purple", "purple", "purple", "purple"], "timestamps": [0, 40, 80, 120, 160, 200, 240, 280, 320, 360, 400, 440, 480, 520, 560, 600, 640, 680, 720, 760, 800, 840, 880, 920, 960, 1000, 1040, 1080, 1120, 1160, 1200, 1240, 1280, 1320, 1360, 1400, 1440, 1480, 1520, 1560, 1600, 1640, 1680, 1720, 1760, 1800, 1840, 1880, 1920, 1960, 2000, 2040, 2080, 2120, 2160, 2200, 2240, 2280, 2320, 2360, 2400, 2440, 2480, 2520, 2560, 2600, 2640, 2680, 2720, 2760, 2800, 2840, 2880, 2920, 2960, 3000, 3040, 3080, 3120, 3160]}], "conversation": [], "conversation_timestamps": []}