{"agent_id": "agent-orange-1708", "type": "orange", "trips": [{"trip_id": 0, "transport_method": "bus", "start_time": 0, "path": [[1.5187091, 42.5760282], [1.5181013, 42.5748836], [1.5184793, 42.5737119], [1.5189655, 42.5726388], [1.519287, 42.5723208], [1.5203632, 42.5715025], [1.5209968, 42.5703398], [1.5212033, 42.5690062], [1.5221405, 42.5680371], [1.5232376, 42.5672848], [1.5238297, 42.5660783], [1.5246027, 42.5649703], [1.5256478, 42.5641105], [1.5267628, 42.563426], [1.5276595, 42.5627636], [1.5283966, 42.5617317], [1.5294139, 42.5608889], [1.5303989, 42.55996], [1.5313839, 42.5590311], [1.531157, 42.5593326], [1.5304325, 42.5604741], [1.5292637, 42.5610569], [1.5301766, 42.5601754], [1.5311646, 42.5592498], [1.5319122, 42.5582194], [1.5313151, 42.5573241], [1.530137, 42.5566916], [1.5293004, 42.5557674], [1.5283236, 42.5548959], [1.5276052, 42.5538271], [1.526718, 42.5528208], [1.5264523, 42.5518861], [1.5266585, 42.5510198], [1.5258902, 42.5499063], [1.5253449, 42.5486744], [1.524681, 42.5475352], [1.5246543, 42.5462426], [1.5241828, 42.5453875], [1.5235733, 42.5441949], [1.5232927, 42.5436093], [1.5229188, 42.5423331], [1.5232617, 42.5411179], [1.523422, 42.5405507], [1.5231458, 42.5392623], [1.5234161, 42.5380502], [1.5246492, 42.5375738], [1.5249829, 42.536934], [1.5239075, 42.5366198], [1.5228723, 42.5359327], [1.5220266, 42.5348807], [1.5210231, 42.5340876], [1.5211304, 42.533043], [1.5209753, 42.5318654], [1.5213265, 42.5306929], [1.5218179, 42.5296644], [1.5213841, 42.528697], [1.5207507, 42.5275817], [1.5207182, 42.5262863], [1.5207612, 42.5261872], [1.5206244, 42.527431], [1.5207082, 42.5260797], [1.5206427, 42.5247469], [1.5213406, 42.523604], [1.5219551, 42.5224184], [1.5229633, 42.5215399], [1.5237179, 42.5204313], [1.5242191, 42.5192158], [1.5252987, 42.5183989], [1.5263601, 42.5175706], [1.5276012, 42.5170306], [1.5287841, 42.5167234], [1.5299559, 42.516081], [1.5310927, 42.5153812], [1.5320955, 42.514483], [1.533272, 42.5138596], [1.534041, 42.5134992], [1.5348756, 42.51293], [1.5361428, 42.5125223], [1.5372991, 42.5118559], [1.5384837, 42.5112602]], "mood_vectors": [[0.0595, 0.0349, 0.0433, 0.0771, 0.6563, 0.0535, 0.0754], [0.0501, 0.0241, 0.019, 0.0336, 0.7489, 0.0504, 0.0739], [0.0707, 0.0719, 0.0751, 0.0164, 0.6458, 0.0569, 0.0632], [0.0697, 0.0247, 0.0462, 0.0858, 0.6817, 0.0523, 0.0396], [0.0517, 0.0493, 0.0463, 0.0612, 0.6866, 0.0625, 0.0424], [0.0629, 0.0449, 0.085, 0.0207, 0.6304, 0.0708, 0.0854], [0.0499, 0.0617, 0.0445, 0.0202, 0.7835, 0.017, 0.0233], [0.0617, 0.057, 0.0614, 0.0673, 0.6888, 0.0285, 0.0353], [0.0666, 0.0237, 0.0602, 0.0507, 0.6796, 0.0498, 0.0694], [0.0324, 0.0707, 0.0505, 0.0724, 0.6791, 0.0491, 0.0459], [0.0654, 0.0259, 0.0706, 0.0393, 0.6994, 0.0378, 0.0616], [0.0167, 0.0488, 0.0679, 0.0532, 0.7695, 0.0134, 0.0305], [0.0801, 0.0591, 0.0795, 0.022, 0.684, 0.0172, 0.058], [0.0128, 0.0748, 0.0466, 0.0202, 0.7605, 0.0606, 0.0245], [0.0591, 0.0802, 0.0438, 0.0167, 0.6917, 0.073, 0.0354], [0.0188, 0.0438, 0.0637, 0.0604, 0.7475, 0.0495, 0.0163], [0.0128, 0.055, 0.0585, 0.0766, 0.7013, 0.0404, 0.0556], [0.0659, 0.0336, 0.037, 0.0635, 0.6962, 0.0646, 0.0392], [0.0647, 0.0585, 0.0536, 0.0693, 0.6577, 0.0517, 0.0446], [0.0604, 0.0761, 0.0736, 0.0529, 0.6228, 0.058, 0.0562], [0.033, 0.0497, 0.0772, 0.075, 0.6289, 0.0395, 0.0968], [0.1036, 0.0159, 0.073, 0.0391, 0.7068, 0.0222, 0.0394], [0.0841, 0.0812, 0.0153, 0.0541, 0.7327, 0.0132, 0.0193], [0.0635, 0.0637, 0.0507, 0.0609, 0.7219, 0.0178, 0.0214], [0.0715, 0.0695, 0.0447, 0.0167, 0.7074, 0.0286, 0.0616], [0.0127, 0.0821, 0.0724, 0.018, 0.723, 0.0606, 0.0312], [0.0279, 0.0436, 0.0335, 0.0535, 0.7714, 0.0362, 0.0339], [0.0116, 0.0626, 0.0658, 0.0421, 0.7303, 0.0264, 0.0611], [0.07, 0.0307, 0.0729, 0.0576, 0.6488, 0.0466, 0.0734], [0.0714, 0.0624, 0.0354, 0.0658, 0.6587, 0.0445, 0.0618], [0.0804, 0.033, 0.0758, 0.016, 0.7182, 0.0339, 0.0427], [0.0777, 0.0589, 0.0755, 0.0284, 0.6909, 0.0198, 0.0488], [0.077, 0.0716, 0.0302, 0.0189, 0.7097, 0.0236, 0.069], [0.0134, 0.0606, 0.0696, 0.0514, 0.7235, 0.0161, 0.0655], [0.0443, 0.029, 0.0519, 0.0335, 0.7181, 0.074, 0.0491], [0.0766, 0.0723, 0.0616, 0.0535, 0.6258, 0.0831, 0.027], [0.0678, 0.0691, 0.0269, 0.0726, 0.6562, 0.0332, 0.0743], [0.054, 0.038, 0.0742, 0.0296, 0.6882, 0.0913, 0.0247], [0.09, 0.0633, 0.0713, 0.0414, 0.6773, 0.0247, 0.0321], [0.0166, 0.0139, 0.0182, 0.0685, 0.7859, 0.0551, 0.0416], [0.0266, 0.0835, 0.0188, 0.0304, 0.7802, 0.0312, 0.0293], [0.0812, 0.0571, 0.0148, 0.0556, 0.7206, 0.0447, 0.0259], [0.0142, 0.0362, 0.0545, 0.0256, 0.7687, 0.0631, 0.0377], [0.0557, 0.0614, 0.0427, 0.0716, 0.7094, 0.0258, 0.0335], [0.0256, 0.0838, 0.0182, 0.0479, 0.7186, 0.0631, 0.0427], [0.0279, 0.0402, 0.0519, 0.0491, 0.7571, 0.0601, 0.0137], [0.0468, 0.0208, 0.0555, 0.0613, 0.7552, 0.0224, 0.038], [0.0209, 0.0564, 0.019, 0.0426, 0.6767, 0.0892, 0.0952], [0.017, 0.0488, 0.0705, 0.0298, 0.7564, 0.0428, 0.0346], [0.0577, 0.0594, 0.0306, 0.0323, 0.6721, 0.0684, 0.0795], [0.035, 0.0726, 0.0125, 0.0635, 0.7217, 0.021, 0.0738], [0.0537, 0.0422, 0.0325, 0.0564, 0.7536, 0.0314, 0.0303], [0.0414, 0.074, 0.0477, 0.0484, 0.7493, 0.0259, 0.0133], [0.067, 0.0641, 0.0509, 0.0548, 0.6754, 0.0321, 0.0557], [0.0717, 0.0225, 0.0865, 0.0745, 0.5752, 0.0849, 0.0847], [0.055, 0.0345, 0.0627, 0.0641, 0.7157, 0.0545, 0.0135], [0.0251, 0.0827, 0.0424, 0.061, 0.7152, 0.0226, 0.0509], [0.0238, 0.0261, 0.0146, 0.0395, 0.8231, 0.0526, 0.0202], [0.0596, 0.0545, 0.0771, 0.0441, 0.6791, 0.0448, 0.041], [0.0529, 0.0476, 0.0729, 0.0842, 0.7005, 0.0226, 0.0193], [0.0168, 0.0198, 0.0403, 0.0377, 0.747, 0.0628, 0.0757], [0.0323, 0.0614, 0.0386, 0.0851, 0.6555, 0.0806, 0.0464], [0.0666, 0.0513, 0.0491, 0.0387, 0.7439, 0.0363, 0.014], [0.0426, 0.0426, 0.0244, 0.0816, 0.7524, 0.026, 0.0305], [0.0786, 0.0393, 0.0598, 0.0557, 0.7037, 0.0204, 0.0425], [0.0826, 0.0207, 0.0301, 0.0907, 0.6139, 0.0697, 0.0923], [0.0777, 0.0253, 0.0615, 0.0151, 0.7032, 0.0674, 0.0497], [0.0663, 0.0696, 0.0774, 0.0366, 0.6115, 0.0576, 0.081], [0.0491, 0.0337, 0.0195, 0.052, 0.8043, 0.0181, 0.0233], [0.0629, 0.0619, 0.0567, 0.0461, 0.6665, 0.0342, 0.0716], [0.0296, 0.0698, 0.0684, 0.0303, 0.7034, 0.0689, 0.0297], [0.088, 0.0469, 0.0247, 0.0863, 0.6837, 0.056, 0.0144], [0.0578, 0.0841, 0.0378, 0.0989, 0.6026, 0.0606, 0.0583], [0.0307, 0.044, 0.0269, 0.0599, 0.7368, 0.0614, 0.0402], [0.0234, 0.0601, 0.0391, 0.031, 0.7097, 0.0645, 0.0721], [0.0381, 0.0257, 0.0555, 0.0327, 0.7269, 0.0338, 0.0874], [0.0683, 0.0519, 0.0643, 0.0644, 0.6674, 0.0507, 0.0329], [0.0281, 0.0346, 0.0662, 0.073, 0.7376, 0.0485, 0.012], [0.0602, 0.0405, 0.0376, 0.0237, 0.7056, 0.0815, 0.0508], [0.0223, 0.013, 0.0461, 0.0479, 0.7536, 0.0465, 0.0706]], "emotions": ["red", "red", "red", "red", "red", "red", "red", "red", "red", "red", "red", "red", "red", "red", "red", "red", "red", "red", "red", "red", "red", "red", "red", "red", "red", "red", "red", "red", "red", "red", "red", "red", "red", "red", "red", "red", "red", "red", "red", "red", "red", "red", "red", "red", "red", "red", "red", "red", "red", "red", "red", "red", "red", "red", "red", "red", "red", "red", "red", "red", "red", "red", "red", "red", "red", "red", "red", "red", "red", "red", "red", "red", "red", "red", "red", "red", "red", "red", "red", "red"], "timestamps": [0, 40, 80, 120, 160, 200, 240, 280, 320, 360, 400, 440, 480, 520, 560, 600, 640, 680, 720, 760, 800, 840, 880, 920, 960, 1000, 1040, 1080, 1120, 1160, 1200, 1240, 1280, 1320, 1360, 1400, 1440, 1480, 1520, 1560, 1600, 1640, 1680, 1720, 1760, 1800, 1840, 1880, 1920, 1960, 2000, 2040, 2080, 2120, 2160, 2200, 2240, 2280, 2320, 2360, 2400, 2440, 2480, 2520, 2560, 2600, 2640, 2680, 2720, 2760, 2800, 2840, 2880, 2920, 2960, 3000, 3040, 3080, 3120, 3160]}], "conversation": [], "conversation_timestamps": []}