{"agent_id": "agent-blue-1750", "type": "blue", "trips": [{"trip_id": 0, "transport_method": "car", "start_time": 0, "path": [[1.5337368, 42.506344], [1.5327389, 42.5062106], [1.5318184, 42.5058649], [1.5308251, 42.5057475], [1.5298415, 42.5055352], [1.5288497, 42.5053616], [1.5278514, 42.5052945], [1.5268512, 42.5052975], [1.5258501, 42.5052776], [1.5248621, 42.5050837], [1.5238711, 42.5049062], [1.5228783, 42.5047585], [1.5219122, 42.5047513], [1.5209973, 42.5043311], [1.5200823, 42.5039109], [1.5205472, 42.5040854], [1.5214822, 42.5044581], [1.5218475, 42.5047437], [1.5209036, 42.5043934], [1.5199596, 42.5040432], [1.5190623, 42.5036164], [1.5180915, 42.5036619], [1.5170902, 42.5037434], [1.5161294, 42.5034844], [1.5153005, 42.5029143], [1.5144217, 42.5024534], [1.5135583, 42.5020121], [1.512797, 42.501569], [1.5121922, 42.500764], [1.5115841, 42.4999616], [1.5109589, 42.4991724], [1.5103234, 42.4983923], [1.5094575, 42.4978879], [1.5085521, 42.4974474], [1.5076332, 42.4970379], [1.5066871, 42.4966936], [1.5057354, 42.4963651], [1.5047929, 42.4960168], [1.5038977, 42.4955606], [1.5029462, 42.4952342], [1.5020409, 42.4947936], [1.501127, 42.4943711], [1.5004171, 42.4937496], [1.499643, 42.4931081], [1.498781, 42.4925925], [1.4978918, 42.4921204], [1.4970387, 42.4915865], [1.4963158, 42.4909333], [1.4961827, 42.4899453], [1.4955384, 42.4891729], [1.4948892, 42.4884034], [1.4946833, 42.4874569], [1.4945779, 42.4864832], [1.4939052, 42.4857443], [1.4930755, 42.4851803], [1.4921988, 42.4848149], [1.4912635, 42.4844847], [1.4907537, 42.4836696], [1.4902806, 42.4827909], [1.4897587, 42.48193], [1.4894804, 42.4809742], [1.4893673, 42.4799739], [1.4896086, 42.4790083], [1.4901436, 42.4781555], [1.4905846, 42.4772521], [1.4907422, 42.4763456], [1.4908342, 42.4753544], [1.4906708, 42.4743763], [1.4905307, 42.4734005], [1.4909023, 42.4724713], [1.4913773, 42.4715836], [1.4918411, 42.4706903], [1.4920543, 42.4697136], [1.4918207, 42.4687413], [1.4915614, 42.4677717], [1.4919385, 42.466964], [1.4927069, 42.4663343], [1.4934408, 42.4659181], [1.4927486, 42.4653756], [1.4923242, 42.4644632]], "mood_vectors": [[0.0249, 0.0397, 0.0595, 0.6691, 0.0666, 0.0718, 0.0683], [0.0366, 0.0554, 0.0852, 0.635, 0.0881, 0.0516, 0.0481], [0.0509, 0.0255, 0.0639, 0.7287, 0.0789, 0.0158, 0.0363], [0.055, 0.0805, 0.0431, 0.7187, 0.0209, 0.0477, 0.0341], [0.0752, 0.0733, 0.0702, 0.7068, 0.0163, 0.0406, 0.0176], [0.0156, 0.0512, 0.0429, 0.7757, 0.0826, 0.0165, 0.0154], [0.0368, 0.084, 0.0626, 0.6513, 0.0773, 0.0748, 0.0131], [0.0546, 0.0446, 0.0925, 0.6327, 0.0579, 0.0646, 0.0532], [0.0386, 0.0348, 0.0435, 0.682, 0.0887, 0.086, 0.0265], [0.0397, 0.0362, 0.0391, 0.7809, 0.0469, 0.0174, 0.0398], [0.0574, 0.0343, 0.0241, 0.6794, 0.0467, 0.0672, 0.0908], [0.0657, 0.0172, 0.0345, 0.7122, 0.075, 0.0718, 0.0236], [0.0557, 0.0803, 0.0374, 0.6719, 0.0626, 0.0151, 0.0769], [0.0579, 0.0481, 0.0548, 0.7207, 0.0718, 0.0356, 0.0112], [0.0611, 0.0685, 0.084, 0.6234, 0.0595, 0.071, 0.0325], [0.058, 0.0695, 0.0489, 0.6668, 0.066, 0.0607, 0.03], [0.0707, 0.0319, 0.0369, 0.6546, 0.0726, 0.0853, 0.048], [0.0475, 0.0273, 0.0627, 0.7054, 0.0276, 0.0613, 0.0683], [0.0737, 0.088, 0.0655, 0.5664, 0.0477, 0.0773, 0.0813], [0.0566, 0.068, 0.0541, 0.7355, 0.0441, 0.0257, 0.0161], [0.0828, 0.0317, 0.0608, 0.6594, 0.0205, 0.0692, 0.0757], [0.0587, 0.0211, 0.0815, 0.7017, 0.043, 0.0193, 0.0748], [0.0677, 0.0601, 0.029, 0.6686, 0.0714, 0.0521, 0.0511], [0.0684, 0.0222, 0.0528, 0.7038, 0.0384, 0.0646, 0.0498], [0.055, 0.0168, 0.0368, 0.779, 0.0207, 0.0198, 0.0718], [0.0495, 0.0262, 0.0674, 0.6849, 0.0539, 0.0332, 0.0849], [0.0225, 0.0684, 0.023, 0.7414, 0.0467, 0.022, 0.0761], [0.0326, 0.066, 0.0484, 0.719, 0.079, 0.0273, 0.0277], [0.0189, 0.0709, 0.0744, 0.6881, 0.0132, 0.0668, 0.0676], [0.0783, 0.0383, 0.0243, 0.6976, 0.0462, 0.076, 0.0393], [0.0357, 0.0635, 0.0472, 0.6923, 0.0462, 0.0559, 0.0593], [0.0658, 0.0478, 0.0551, 0.7177, 0.0302, 0.0139, 0.0696], [0.0483, 0.0467, 0.0614, 0.7212, 0.0516, 0.0237, 0.047], [0.0537, 0.0588, 0.0421, 0.7146, 0.0639, 0.0293, 0.0377], [0.0348, 0.0322, 0.0262, 0.7458, 0.0373, 0.0814, 0.0423], [0.0359, 0.0309, 0.0258, 0.7491, 0.0731, 0.0384, 0.0468], [0.0217, 0.0743, 0.0184, 0.7395, 0.0298, 0.046, 0.0702], [0.0235, 0.0374, 0.0644, 0.7153, 0.0763, 0.0494, 0.0337], [0.0172, 0.0215, 0.0277, 0.7585, 0.0369, 0.0823, 0.0558], [0.0364, 0.0362, 0.0776, 0.685, 0.0602, 0.0494, 0.0551], [0.0348, 0.0807, 0.0262, 0.6663, 0.0632, 0.0912, 0.0376], [0.0584, 0.0144, 0.0513, 0.7221, 0.0354, 0.041, 0.0774], [0.0178, 0.0241, 0.0622, 0.6949, 0.0829, 0.0623, 0.0557], [0.0685, 0.0437, 0.0711, 0.7486, 0.0131, 0.0215, 0.0335], [0.0797, 0.0661, 0.0157, 0.6333, 0.0758, 0.0833, 0.0462], [0.036, 0.0245, 0.0468, 0.7902, 0.0255, 0.0479, 0.029], [0.0204, 0.0415, 0.0627, 0.7388, 0.0692, 0.0492, 0.018], [0.0615, 0.0598, 0.0204, 0.7069, 0.0609, 0.0454, 0.0451], [0.0169, 0.0692, 0.0208, 0.7373, 0.0525, 0.0482, 0.0552], [0.0836, 0.0573, 0.0858, 0.5809, 0.0389, 0.0735, 0.0799], [0.0821, 0.0366, 0.0922, 0.6122, 0.0303, 0.09, 0.0566], [0.054, 0.0639, 0.0469, 0.6944, 0.0492, 0.064, 0.0277], [0.0546, 0.0531, 0.0835, 0.6595, 0.06, 0.07, 0.0193], [0.0631, 0.0218, 0.0377, 0.7505, 0.0225, 0.0606, 0.0437], [0.0381, 0.0391, 0.0269, 0.8165, 0.0128, 0.039, 0.0275], [0.0498, 0.0577, 0.0748, 0.6503, 0.0625, 0.0428, 0.062], [0.0697, 0.0299, 0.0657, 0.681, 0.0696, 0.0518, 0.0322], [0.0607, 0.0724, 0.0269, 0.7157, 0.0753, 0.031, 0.0179], [0.0292, 0.0775, 0.0597, 0.711, 0.0362, 0.0649, 0.0214], [0.0811, 0.0336, 0.0361, 0.6903, 0.074, 0.0364, 0.0486], [0.0186, 0.0671, 0.0411, 0.6674, 0.0895, 0.0723, 0.044], [0.0573, 0.0686, 0.0538, 0.6951, 0.0231, 0.0418, 0.0603], [0.0435, 0.0713, 0.0602, 0.6583, 0.0639, 0.037, 0.0658], [0.0592, 0.0564, 0.0207, 0.7198, 0.0284, 0.0568, 0.0588], [0.0304, 0.0419, 0.0969, 0.7133, 0.0331, 0.0424, 0.042], [0.0528, 0.0433, 0.0149, 0.7685, 0.0185, 0.0401, 0.0619], [0.0567, 0.0745, 0.0672, 0.6492, 0.0474, 0.086, 0.019], [0.0125, 0.0277, 0.054, 0.7175, 0.0685, 0.0776, 0.0422], [0.025, 0.0783, 0.0659, 0.7102, 0.0485, 0.0146, 0.0575], [0.0601, 0.0395, 0.0663, 0.665, 0.0653, 0.048, 0.0558], [0.0648, 0.0583, 0.0233, 0.675, 0.0598, 0.0554, 0.0633], [0.0439, 0.0612, 0.064, 0.6929, 0.0174, 0.0562, 0.0643], [0.0654, 0.0674, 0.0938, 0.6038, 0.0561, 0.0815, 0.0321], [0.0748, 0.0255, 0.0313, 0.7149, 0.0617, 0.0173, 0.0746], [0.037, 0.0627, 0.0661, 0.6457, 0.0651, 0.0645, 0.0589], [0.0849, 0.0791, 0.0318, 0.6168, 0.0175, 0.095, 0.075], [0.0178, 0.0192, 0.0409, 0.7274, 0.1008, 0.0613, 0.0324], [0.0725, 0.0196, 0.0791, 0.6717, 0.0496, 0.0586, 0.0489], [0.0523, 0.0352, 0.0235, 0.7388, 0.0313, 0.0367, 0.0823], [0.0849, 0.0634, 0.0348, 0.606, 0.0466, 0.0893, 0.0751]], "emotions": ["green", "green", "green", "green", "green", "green", "green", "green", "green", "green", "green", "green", "green", "green", "green", "green", "green", "green", "green", "green", "green", "green", "green", "green", "green", "green", "green", "green", "green", "green", "green", "green", "green", "green", "green", "green", "green", "green", "green", "green", "green", "green", "green", "green", "green", "green", "green", "green", "green", "green", "green", "green", "green", "green", "green", "green", "green", "green", "green", "green", "green", "green", "green", "green", "green", "green", "green", "green", "green", "green", "green", "green", "green", "green", "green", "green", "green", "green", "green", "green"], "timestamps": [0, 40, 80, 120, 160, 200, 240, 280, 320, 360, 400, 440, 480, 520, 560, 600, 640, 680, 720, 760, 800, 840, 880, 920, 960, 1000, 1040, 1080, 1120, 1160, 1200, 1240, 1280, 1320, 1360, 1400, 1440, 1480, 1520, 1560, 1600, 1640, 1680, 1720, 1760, 1800, 1840, 1880, 1920, 1960, 2000, 2040, 2080, 2120, 2160, 2200, 2240, 2280, 2320, 2360, 2400, 2440, 2480, 2520, 2560, 2600, 2640, 2680, 2720, 2760, 2800, 2840, 2880, 2920, 2960, 3000, 3040, 3080, 3120, 3160]}], "conversation": [], "conversation_timestamps": []}