{"agent_id": "agent-purple-1344", "type": "purple", "trips": [{"trip_id": 0, "transport_method": "car", "start_time": 0, "path": [[1.5464251, 42.509191], [1.5461085, 42.5093297], [1.5461214, 42.509604], [1.5459018, 42.5095863], [1.545584, 42.5094503], [1.5452569, 42.5093525], [1.5449122, 42.509327], [1.5445669, 42.509311], [1.5442216, 42.5092965], [1.5438941, 42.5091893], [1.5435778, 42.5090551], [1.543239, 42.508988], [1.5428972, 42.5089369], [1.54256, 42.5088786], [1.5422149, 42.5088952], [1.5418808, 42.5089117], [1.5416097, 42.5091201], [1.5412674, 42.5091677], [1.5409339, 42.5092572], [1.5406788, 42.5094699], [1.5403545, 42.5095895], [1.5400653, 42.5097671], [1.5397814, 42.5099563], [1.5394637, 42.5100915], [1.5391615, 42.5102393], [1.5388724, 42.5101403], [1.5385485, 42.5100598], [1.538203, 42.5100505], [1.5378574, 42.5100412], [1.5375119, 42.5100322], [1.5371666, 42.5100277], [1.5368212, 42.5100388], [1.5364818, 42.5100006], [1.5361419, 42.5099499], [1.5357968, 42.5099302], [1.5354517, 42.5099105], [1.5351071, 42.5098984], [1.5347618, 42.5099132], [1.5344164, 42.5099157], [1.5340718, 42.5099263], [1.5337286, 42.5098861], [1.5334441, 42.5099773], [1.5331083, 42.5100026], [1.532764, 42.5099732], [1.5324219, 42.5099306], [1.5321002, 42.5098502], [1.531773, 42.509739], [1.531448, 42.5096216], [1.5311254, 42.5094975], [1.5308011, 42.5093779], [1.5304746, 42.509346], [1.5301477, 42.5092338], [1.5298201, 42.5091239], [1.529489, 42.5090247], [1.5291591, 42.5089305], [1.5288277, 42.5088772], [1.5284913, 42.5087976], [1.5281783, 42.5086529], [1.5278605, 42.5085169], [1.5275402, 42.508388], [1.527197, 42.5083608], [1.5268515, 42.5083552], [1.5265069, 42.5083299], [1.5261668, 42.5082687], [1.5258272, 42.5082073], [1.5255019, 42.5080968], [1.5251727, 42.5079913], [1.5248395, 42.5079], [1.5245031, 42.5078211], [1.5241614, 42.5077735], [1.523816, 42.5077811], [1.5234712, 42.5078051], [1.5231468, 42.5077913], [1.5228025, 42.5077614], [1.5224581, 42.5077314], [1.5221138, 42.5077015], [1.5218467, 42.507606], [1.5215425, 42.5075217], [1.521197, 42.5075117], [1.5210548, 42.507781]], "mood_vectors": [[0.0738, 0.0675, 0.0699, 0.0491, 0.0632, 0.6169, 0.0595], [0.0318, 0.0211, 0.0229, 0.0677, 0.0503, 0.766, 0.0402], [0.0191, 0.0481, 0.0143, 0.0819, 0.0192, 0.7548, 0.0627], [0.0152, 0.0321, 0.0635, 0.0154, 0.0613, 0.7798, 0.0327], [0.0183, 0.084, 0.06, 0.0359, 0.0336, 0.75, 0.0182], [0.0556, 0.0601, 0.0355, 0.0591, 0.0601, 0.6768, 0.0529], [0.0367, 0.0414, 0.0529, 0.0534, 0.055, 0.7078, 0.0528], [0.0517, 0.0445, 0.0763, 0.0581, 0.0743, 0.6304, 0.0647], [0.0657, 0.057, 0.0301, 0.039, 0.0544, 0.7089, 0.0449], [0.0401, 0.0413, 0.0533, 0.0531, 0.0277, 0.6985, 0.0861], [0.0282, 0.062, 0.0807, 0.054, 0.0808, 0.6613, 0.0331], [0.0704, 0.0163, 0.0459, 0.0373, 0.0337, 0.7322, 0.0643], [0.0406, 0.0391, 0.0915, 0.0182, 0.0794, 0.7093, 0.0218], [0.0661, 0.0254, 0.0358, 0.074, 0.0467, 0.6726, 0.0795], [0.0327, 0.0464, 0.0176, 0.0729, 0.0818, 0.6923, 0.0563], [0.0586, 0.0193, 0.054, 0.018, 0.0841, 0.7003, 0.0657], [0.0427, 0.0763, 0.0688, 0.0517, 0.0682, 0.6483, 0.0441], [0.0314, 0.0232, 0.0171, 0.0453, 0.0907, 0.691, 0.1014], [0.047, 0.0407, 0.0403, 0.0707, 0.0588, 0.7287, 0.0138], [0.0156, 0.0326, 0.0729, 0.0344, 0.0539, 0.7329, 0.0578], [0.0545, 0.0264, 0.0526, 0.041, 0.0556, 0.7102, 0.0597], [0.0598, 0.0115, 0.0601, 0.0226, 0.0523, 0.7479, 0.0458], [0.0134, 0.0548, 0.0603, 0.0647, 0.0691, 0.7171, 0.0206], [0.0592, 0.0233, 0.0537, 0.065, 0.0501, 0.7249, 0.0238], [0.0354, 0.0263, 0.0358, 0.0418, 0.0647, 0.7273, 0.0687], [0.0206, 0.0364, 0.0248, 0.0681, 0.0151, 0.7671, 0.0679], [0.0851, 0.067, 0.0247, 0.0743, 0.0591, 0.637, 0.0529], [0.0606, 0.0176, 0.0297, 0.0356, 0.0706, 0.7214, 0.0644], [0.0548, 0.0364, 0.0578, 0.0661, 0.0831, 0.6696, 0.0322], [0.0527, 0.0537, 0.0452, 0.0161, 0.0899, 0.6966, 0.0458], [0.0523, 0.0434, 0.0322, 0.06, 0.0658, 0.7123, 0.034], [0.0556, 0.0235, 0.0666, 0.0541, 0.0383, 0.6976, 0.0644], [0.0126, 0.0331, 0.0276, 0.0625, 0.0722, 0.7382, 0.0538], [0.0727, 0.0191, 0.0176, 0.0806, 0.0812, 0.6574, 0.0715], [0.0496, 0.0706, 0.0343, 0.0668, 0.0403, 0.7256, 0.0128], [0.064, 0.0462, 0.0712, 0.0758, 0.064, 0.5991, 0.0797], [0.0766, 0.0374, 0.0154, 0.0506, 0.0268, 0.7461, 0.0471], [0.0681, 0.0579, 0.0375, 0.0338, 0.0197, 0.7469, 0.036], [0.0307, 0.0673, 0.0501, 0.0451, 0.0565, 0.7054, 0.0449], [0.0494, 0.0162, 0.049, 0.0567, 0.0707, 0.6957, 0.0623], [0.0694, 0.0235, 0.0141, 0.0738, 0.048, 0.7096, 0.0616], [0.0256, 0.0722, 0.0454, 0.03, 0.0385, 0.7705, 0.0177], [0.0381, 0.089, 0.0718, 0.039, 0.0383, 0.6655, 0.0584], [0.0636, 0.0355, 0.0361, 0.018, 0.0724, 0.7378, 0.0366], [0.0163, 0.0231, 0.0352, 0.0524, 0.0284, 0.7667, 0.078], [0.0867, 0.0786, 0.0344, 0.0176, 0.0531, 0.7017, 0.028], [0.0137, 0.0653, 0.0212, 0.046, 0.0632, 0.7589, 0.0316], [0.0702, 0.0488, 0.0318, 0.0657, 0.0245, 0.7429, 0.0161], [0.0317, 0.0876, 0.0747, 0.0161, 0.0319, 0.6888, 0.0693], [0.0162, 0.0733, 0.05, 0.0683, 0.06, 0.7048, 0.0273], [0.0711, 0.0565, 0.0352, 0.0338, 0.065, 0.6783, 0.0601], [0.0632, 0.0215, 0.0538, 0.0975, 0.0619, 0.6699, 0.0324], [0.0276, 0.0648, 0.0318, 0.0431, 0.0275, 0.7713, 0.034], [0.036, 0.0494, 0.049, 0.0236, 0.0434, 0.7802, 0.0183], [0.0561, 0.0848, 0.0178, 0.0207, 0.0744, 0.6867, 0.0595], [0.0484, 0.0475, 0.0504, 0.0243, 0.0206, 0.7692, 0.0396], [0.0265, 0.0167, 0.0162, 0.0394, 0.0148, 0.8369, 0.0496], [0.0602, 0.0891, 0.0304, 0.0766, 0.0631, 0.6105, 0.0701], [0.0225, 0.0638, 0.0621, 0.0539, 0.0644, 0.6943, 0.0389], [0.0691, 0.0565, 0.0483, 0.065, 0.0101, 0.6804, 0.0706], [0.0731, 0.0656, 0.0625, 0.0314, 0.0252, 0.6826, 0.0596], [0.0381, 0.0389, 0.0435, 0.0696, 0.0758, 0.704, 0.0301], [0.0227, 0.0707, 0.0517, 0.0371, 0.0522, 0.704, 0.0615], [0.0273, 0.0698, 0.0618, 0.0607, 0.0287, 0.6925, 0.0592], [0.0317, 0.0721, 0.0588, 0.0143, 0.0238, 0.7511, 0.0482], [0.0882, 0.0607, 0.0189, 0.0344, 0.0445, 0.6935, 0.0597], [0.0677, 0.0829, 0.0134, 0.05, 0.0248, 0.7133, 0.048], [0.0611, 0.0387, 0.0614, 0.0752, 0.0606, 0.6747, 0.0283], [0.0208, 0.0791, 0.0316, 0.0478, 0.0855, 0.6828, 0.0525], [0.0179, 0.0787, 0.0723, 0.0352, 0.0531, 0.6996, 0.043], [0.0682, 0.0595, 0.0478, 0.0152, 0.0481, 0.6911, 0.0699], [0.021, 0.0236, 0.0805, 0.035, 0.038, 0.7305, 0.0714], [0.0373, 0.0669, 0.022, 0.04, 0.0195, 0.7425, 0.0717], [0.0659, 0.0481, 0.0399, 0.0233, 0.0357, 0.7523, 0.0348], [0.0784, 0.0577, 0.0123, 0.0723, 0.0298, 0.6978, 0.0517], [0.0727, 0.0546, 0.0569, 0.0215, 0.0206, 0.7236, 0.0501], [0.0145, 0.0492, 0.0328, 0.0457, 0.0336, 0.7978, 0.0264], [0.0634, 0.0306, 0.0839, 0.0248, 0.0454, 0.7077, 0.0442], [0.0408, 0.018, 0.0438, 0.0985, 0.039, 0.7437, 0.0161], [0.018, 0.0762, 0.0572, 0.0417, 0.0362, 0.7574, 0.0133]], "emotions": ["purple", "purple", "purple", "purple", "purple", "purple", "purple", "purple", "purple", "purple", "purple", "purple", "purple", "purple", "purple", "purple", "purple", "purple", "purple", "purple", "purple", "purple", "purple", "purple", "purple", "purple", "purple", "purple", "purple", "purple", "purple", "purple", "purple", "purple", "purple", "purple", "purple", "purple", "purple", "purple", "purple", "purple", "purple", "purple", "purple", "purple", "purple", "purple", "purple", "purple", "purple", "purple", "purple", "purple", "purple", "purple", "purple", "purple", "purple", "purple", "purple", "purple", "purple", "purple", "purple", "purple", "purple", "purple", "purple", "purple", "purple", "purple", "purple", "purple", "purple", "purple", "purple", "purple", "purple", "purple"], "timestamps": [0, 40, 80, 120, 160, 200, 240, 280, 320, 360, 400, 440, 480, 520, 560, 600, 640, 680, 720, 760, 800, 840, 880, 920, 960, 1000, 1040, 1080, 1120, 1160, 1200, 1240, 1280, 1320, 1360, 1400, 1440, 1480, 1520, 1560, 1600, 1640, 1680, 1720, 1760, 1800, 1840, 1880, 1920, 1960, 2000, 2040, 2080, 2120, 2160, 2200, 2240, 2280, 2320, 2360, 2400, 2440, 2480, 2520, 2560, 2600, 2640, 2680, 2720, 2760, 2800, 2840, 2880, 2920, 2960, 3000, 3040, 3080, 3120, 3160]}], "conversation": [], "conversation_timestamps": []}