{
  "agent_id": "agent-type-orange-26",
  "type": "orange",
  "trips": [
    {
      "trip_id": 0,
      "transport_method": "car",
      "start_time": 0,
      "path": [
        [
          1.5205306999999997,
          42.5072763
        ],
        [
          1.520448133204102,
          42.50741510907882
        ],
        [
          1.52052419294665,
          42.50745696676187
        ],
        [
          1.5204283355816162,
          42.50751613322552
        ],
        [
          1.520511064545423,
          42.507634297794944
        ],
        [
          1.5206536480050354,
          42.507710160784555
        ],
        [
          1.520796231464648,
          42.507786023774166
        ],
        [
          1.5209388149242602,
          42.50786188676378
        ],
        [
          1.5210813983838727,
          42.50793774975339
        ],
        [
          1.5212239818434852,
          42.508013612743
        ],
        [
          1.5213665653030974,
          42.50808947573262
        ],
        [
          1.52150914876271,
          42.50816533872223
        ],
        [
          1.5216517322223222,
          42.50824120171184
        ],
        [
          1.5216689833418162,
          42.50832667505207
        ],
        [
          1.5215396329474482,
          42.50842338964055
        ],
        [
          1.5214080612583722,
          42.508452680119746
        ],
        [
          1.5212726257119003,
          42.508364688933256
        ],
        [
          1.521137190165428,
          42.508276697746766
        ],
        [
          1.5212024453810438,
          42.508319093439745
        ],
        [
          1.5213378809275158,
          42.508407084626235
        ],
        [
          1.5214726058359578,
          42.508473505448364
        ],
        [
          1.5216019562303256,
          42.508376790859884
        ],
        [
          1.5217318685542562,
          42.50828295898067
        ],
        [
          1.5218880737285736,
          42.50832400992054
        ],
        [
          1.522044278902891,
          42.50836506086042
        ],
        [
          1.5222004840772083,
          42.50840611180029
        ],
        [
          1.5223566892515257,
          42.50844716274017
        ],
        [
          1.5224804927227114,
          42.508430449735116
        ],
        [
          1.5225268947355104,
          42.5082757497372
        ],
        [
          1.5225732967483094,
          42.50812104973928
        ],
        [
          1.522460151020642,
          42.508053706956034
        ],
        [
          1.5223069690370625,
          42.50803289557323
        ],
        [
          1.522216833770854,
          42.5081438345999
        ],
        [
          1.5222103433448968,
          42.50819153104948
        ],
        [
          1.522263844339098,
          42.508054281020534
        ],
        [
          1.5224138564768064,
          42.50804052013905
        ],
        [
          1.5225691870585567,
          42.508084765438475
        ],
        [
          1.5227298364791941,
          42.50807914769733
        ],
        [
          1.5228910050493167,
          42.5080686630346
        ],
        [
          1.5230233893296754,
          42.5081019436675
        ],
        [
          1.523077600655206,
          42.508254082973174
        ],
        [
          1.523203736572943,
          42.50833919455463
        ],
        [
          1.523333001185163,
          42.50843602376601
        ],
        [
          1.5232533342026162,
          42.50837634702262
        ],
        [
          1.523113252856989,
          42.50829840243379
        ],
        [
          1.5230441897111688,
          42.50816031810434
        ],
        [
          1.523052536848772,
          42.508025908397904
        ],
        [
          1.5231785107690174,
          42.5079248351197
        ],
        [
          1.5233135796068,
          42.507839418042145
        ],
        [
          1.5234664111612946,
          42.50779253529382
        ],
        [
          1.5236278000000003,
          42.507786299999985
        ]
      ],
      "emotions": [
        "red",
        "red",
        "red",
        "red",
        "red",
        "green",
        "green",
        "green",
        "green",
        "green",
        "red",
        "red",
        "red",
        "red",
        "red",
        "green",
        "green",
        "green",
        "green",
        "green",
        "red",
        "red",
        "red",
        "red",
        "red",
        "purple",
        "purple",
        "purple",
        "purple",
        "purple",
        "green",
        "green",
        "green",
        "green",
        "green",
        "red",
        "red",
        "red",
        "red",
        "red",
        "red",
        "red",
        "red",
        "red",
        "red",
        "green",
        "green",
        "green",
        "green",
        "green",
        "red"
      ],
      "mood_vectors": [
        [
          0.10434427693842513,
          0.028572602841344535,
          0.21657671039344958,
          0.23625150698639524,
          0.1801254784532487,
          0.17037505302467576,
          0.063754371362461
        ],
        [
          0.15722360092607002,
          0.08558664895350207,
          0.0985212817743274,
          0.2281585391563326,
          0.09930306795039422,
          0.03039473626645759,
          0.30081212497291615
        ],
        [
          0.19596898372139127,
          0.08032620587458618,
          0.16663202189053555,
          0.133429823816397,
          0.19861834582524163,
          0.07865768312178703,
          0.14636693575006127
        ],
        [
          0.0972494009155186,
          0.26718466898160126,
          0.12818742637414746,
          0.009942950983153011,
          0.2857719785551942,
          0.13453772479853762,
          0.07712584939184783
        ],
        [
          0.11688712214762338,
          0.10098316690563867,
          0.04093570349305545,
          0.09380178977983507,
          0.34751011276757143,
          0.019250367636365895,
          0.28063173726991003
        ],
        [
          0.14848151653122665,
          0.18890209320540918,
          0.19996133984533365,
          0.11714951389049769,
          0.16887310526164462,
          0.11970612383100264,
          0.05692630743488558
        ],
        [
          0.2647563860194489,
          0.003885550256100751,
          0.1918009251865472,
          0.17542181524394163,
          0.00980583829483566,
          0.10270657812134973,
          0.2516229068777761
        ],
        [
          0.3488772996057448,
          0.00017061600012893184,
          0.19272011883931342,
          0.06581569710483232,
          0.09853125893241309,
          0.028014232683256035,
          0.26587077683431143
        ],
        [
          0.3142621507197506,
          0.2367042730792758,
          0.0174260058106033,
          0.07428457668032593,
          0.0675790968831433,
          0.133230721352369,
          0.15651317547453214
        ],
        [
          0.19020284681807334,
          0.07254939204592376,
          0.30371567366575297,
          0.006577800421543517,
          0.13006470739133813,
          0.08089176662866623,
          0.215997813028702
        ],
        [
          0.18646799961287647,
          0.18705933241578568,
          0.16640791105214156,
          0.14097646037461997,
          0.15171331326114793,
          0.11717276573518835,
          0.05020221754824009
        ],
        [
          0.22134612698615608,
          0.047405548090044915,
          0.201352053574524,
          0.13330127471325104,
          0.04078900666771608,
          0.18550148566868485,
          0.1703045042996231
        ],
        [
          0.13879462324701466,
          0.15260922150373654,
          0.2479396481326008,
          0.18956897873856474,
          0.06703759926166196,
          0.19807287808221263,
          0.0059770510342086625
        ],
        [
          0.18184476410872533,
          0.041677869502248714,
          0.17994552525675,
          0.1884035176390388,
          0.01680979483300728,
          0.193257940132865,
          0.19806058852736488
        ],
        [
          0.004442592993013101,
          0.2040005301355214,
          0.1252820744866197,
          0.18985896753833287,
          0.3454992222494507,
          0.0013578581358130296,
          0.12955875446124923
        ],
        [
          0.20757561349031395,
          0.04709391337144303,
          0.1541667892413782,
          0.11250682263978722,
          0.16118377861646513,
          0.16050843385933306,
          0.15696464878127947
        ],
        [
          0.15874426029155425,
          0.1278784443207626,
          0.17970375114798784,
          0.19511270779714113,
          0.19320550755594776,
          0.13804826871116532,
          0.0073070601754410425
        ],
        [
          0.14594655414373456,
          0.157561690093735,
          0.17194845499122974,
          0.1282777306247852,
          0.09889483381380063,
          0.17361549231876203,
          0.12375524401395281
        ],
        [
          0.04075669116788,
          0.17717020563694044,
          0.2730540270481014,
          0.1562948682591446,
          0.1011746678782437,
          0.12577914637541415,
          0.12577039363427572
        ],
        [
          0.16909125889074442,
          0.10151515934269867,
          0.1632511932680972,
          0.06887318150157168,
          0.24991801998524593,
          0.24114360252760922,
          0.006207584484032913
        ],
        [
          0.022819552966694367,
          0.21346542478526467,
          0.25654004935617375,
          0.2690893677836032,
          0.13284267673588054,
          0.019336071440742054,
          0.08590685693164145
        ],
        [
          0.21133265367842635,
          0.22546720422324357,
          0.03262211773471282,
          0.0619034637740438,
          0.17254422816396867,
          0.25716162117716174,
          0.03896871124844301
        ],
        [
          0.1107405995602795,
          0.1706703018334801,
          0.15816138216983747,
          0.19936844692559103,
          0.061531154084936125,
          0.12425055223388429,
          0.17527756319199156
        ],
        [
          0.25184979205941904,
          0.024358610003064194,
          0.196479819994172,
          0.2477661655882033,
          0.0009429529901385317,
          0.15397916714375426,
          0.12462349222124872
        ],
        [
          0.1893287204974294,
          0.24138994330893873,
          0.2380566431865223,
          0.1321163020894649,
          0.10622560470370472,
          0.05291339552725409,
          0.03996939068668586
        ],
        [
          0.10226140372046745,
          0.05034595531572998,
          0.0771760846412177,
          0.2091615284459304,
          0.182404186251003,
          0.2990466004543015,
          0.07960424117135007
        ],
        [
          0.00941231304426192,
          0.04969708547782008,
          0.3104008012156458,
          0.31243504636478486,
          0.15487069773030535,
          0.039345604497229715,
          0.12383845166995228
        ],
        [
          0.09320340127161328,
          0.10668031443808233,
          0.22966748661103278,
          0.11510956847045886,
          0.15269540407294943,
          0.09617888989518895,
          0.20646493524067439
        ],
        [
          0.11257666262678866,
          0.04422812067916574,
          0.14120637360935936,
          0.16783166922658213,
          0.24743528605978976,
          0.1658903785057171,
          0.12083150929259732
        ],
        [
          0.06795823610902559,
          0.23357935224156662,
          0.2571388136787847,
          0.26584521461730815,
          0.03395596645580418,
          0.05209779214974039,
          0.08942462474777038
        ],
        [
          0.21703126783803472,
          0.10026335234271591,
          0.09727009951374795,
          0.20293496137207817,
          0.21384068937884756,
          0.10443375524845562,
          0.06422587430611999
        ],
        [
          0.10399806369372241,
          0.16072921513170743,
          0.17431789495504366,
          0.18247023480693772,
          0.14894736550548016,
          0.1455205336702924,
          0.08401669223681617
        ],
        [
          0.11644828401105449,
          0.21821957340218448,
          0.21346850184781774,
          0.0027373201868381336,
          0.15071446055086993,
          0.14479130057313996,
          0.15362055942809522
        ],
        [
          0.04008012788901072,
          0.0779205200252552,
          0.18280843362764215,
          0.08847302756192299,
          0.07224095680065727,
          0.28306299685850517,
          0.2554139372370065
        ],
        [
          0.04399142892368283,
          0.24172348388554518,
          0.15125784570762033,
          0.2433581430175483,
          0.1381647479630695,
          0.1492538150557811,
          0.03225053544675283
        ],
        [
          0.130276525148799,
          0.27979767506706427,
          0.25575184515000327,
          0.06269949167556231,
          0.2296917450969294,
          0.0007815142572682564,
          0.04100120360437342
        ],
        [
          0.10486363194355425,
          0.15553146211754515,
          0.08845545275570962,
          0.17532180071055403,
          0.17955186343646115,
          0.12340229199613036,
          0.1728734970400454
        ],
        [
          0.0073678485512615275,
          0.16284569958971382,
          0.23013972374583924,
          0.25862994341331275,
          0.10666886034401273,
          0.14920501244645026,
          0.08514291190940972
        ],
        [
          0.23552810447282324,
          0.0731763808594097,
          0.08829985666333309,
          0.10427716824800895,
          0.18389520304215068,
          0.1306167044365785,
          0.18420658227769587
        ],
        [
          0.23989495461178315,
          0.016544650948308825,
          0.18855649977588937,
          0.24863137279390088,
          0.036130643136533386,
          0.08426319468352218,
          0.18597868405006218
        ],
        [
          0.0823046879910008,
          0.25287565912479215,
          0.12939268897310802,
          0.19003026727087655,
          0.07920479890047125,
          0.11363304090649878,
          0.15255885683325235
        ],
        [
          0.06453510864172288,
          0.12092454921157486,
          0.11296679413445272,
          0.17807146296854934,
          0.23570887356308912,
          0.05972277139587531,
          0.2280704400847358
        ],
        [
          0.13698379636178107,
          0.2197868812797652,
          0.20276703363080703,
          0.13064418669320513,
          0.21883795119343438,
          0.08290993508822415,
          0.008070215752783057
        ],
        [
          0.06104707545511625,
          0.24671565539356297,
          0.09127164032597247,
          0.09727123386756938,
          0.14120285926824142,
          0.14014350852449536,
          0.22234802716504215
        ],
        [
          0.1626986981615457,
          0.12276399237398684,
          0.2313278082243839,
          0.041713302877263346,
          0.038213648054804,
          0.31698398511505793,
          0.08629856519295835
        ],
        [
          0.22867775474172278,
          0.0721448183254312,
          0.051889494562674075,
          0.2467743236168432,
          0.1902121674555897,
          0.07996021340321383,
          0.13034122789452518
        ],
        [
          0.04482000949481127,
          0.09956335992746591,
          0.2739552223604171,
          0.07046366132410783,
          0.14511571643594176,
          0.29179111825188275,
          0.0742909122053734
        ],
        [
          0.022780286261808752,
          0.25478953671187715,
          0.17522461650019353,
          0.08552814710144542,
          0.2551224267840008,
          0.09460727108197721,
          0.1119477155586971
        ],
        [
          0.2226276712011315,
          0.15470670306661974,
          0.014061613028547968,
          0.3812216254026156,
          0.09991486696896697,
          0.09385003350546922,
          0.033617486826649015
        ],
        [
          0.17703168625832919,
          0.13191241795774986,
          0.12858940066788344,
          0.14687502899414617,
          0.26152165346223316,
          0.022955098361044958,
          0.1311147142986132
        ],
        [
          0.16245340187057827,
          0.18522074852326448,
          0.13638630730086237,
          0.08492624426932377,
          0.07042769073238518,
          0.1711578123646286,
          0.18942779493895742
        ]
      ],
      "timestamps": [
        0,
        1,
        2,
        3,
        4,
        5,
        6,
        7,
        8,
        9,
        10,
        11,
        12,
        13,
        14,
        15,
        16,
        17,
        18,
        19,
        20,
        21,
        22,
        23,
        24,
        25,
        26,
        27,
        28,
        29,
        30,
        31,
        32,
        33,
        34,
        35,
        36,
        37,
        38,
        39,
        40,
        41,
        42,
        43,
        44,
        45,
        46,
        47,
        48,
        49,
        50
      ],
      "distance": 123.4
    },
    {
      "trip_id": 1,
      "transport_method": "stopped",
      "start_time": 51,
      "path": [
        [
          1.5236278000000003,
          42.507786299999985
        ],
        [
          1.5236278000000003,
          42.507786299999985
        ],
        [
          1.5236278000000003,
          42.507786299999985
        ],
        [
          1.5236278000000003,
          42.507786299999985
        ],
        [
          1.5236278000000003,
          42.507786299999985
        ]
      ],
      "emotions": [
        "red",
        "red",
        "red",
        "red",
        "green"
      ],
      "mood_vectors": [
        [
          0.1659548876294189,
          0.20315402035675825,
          0.2952293517452192,
          0.021666225156127962,
          0.24306154828495996,
          0.06100221676344306,
          0.009931750064072662
        ],
        [
          0.13367774017728962,
          0.1212877827428093,
          0.21028680691095206,
          0.18266237186269532,
          0.20593424724995735,
          0.11020577887427893,
          0.03594527218201737
        ],
        [
          0.18264238795470383,
          0.13350517487465924,
          0.1585122682470371,
          0.18695972637685757,
          0.11261744099481456,
          0.03768635464860755,
          0.18807664690332018
        ],
        [
          0.07837247784367328,
          0.1100680100619617,
          0.06445438640754125,
          0.16927336220323674,
          0.10248707388456561,
          0.21088621345556158,
          0.26445847614345985
        ],
        [
          0.024876099818975927,
          0.03018539565824215,
          0.16706045204547432,
          0.13959893989171399,
          0.18935816558913135,
          0.25264120973908283,
          0.19627973725737946
        ]
      ],
      "timestamps": [
        51,
        52,
        53,
        54,
        55
      ]
    },
    {
      "trip_id": 2,
      "transport_method": "bicycle",
      "start_time": 56,
      "path": [
        [
          1.5236278000000003,
          42.507786299999985
        ],
        [
          1.523176119075751,
          42.507926754058786
        ],
        [
          1.5231189076014915,
          42.50830077603025
        ],
        [
          1.5235393493571634,
          42.508542463181755
        ],
        [
          1.523928354161544,
          42.508730727135784
        ],
        [
          1.5234894576802511,
          42.508518317453316
        ],
        [
          1.5230669486580162,
          42.508295506398035
        ],
        [
          1.5226000359452994,
          42.508436007334694
        ],
        [
          1.5225669124604437,
          42.508142334361644
        ],
        [
          1.5222194165546439,
          42.50812485439466
        ],
        [
          1.5223983831901593,
          42.50803611263479
        ],
        [
          1.522498063698615,
          42.50837186973456
        ],
        [
          1.522127455369408,
          42.508439104951734
        ],
        [
          1.5217859193516887,
          42.50836117024838
        ],
        [
          1.5222612940727847,
          42.5084696454485
        ],
        [
          1.5222287849559448,
          42.50841354931109
        ],
        [
          1.5217572037805556,
          42.50828961711384
        ],
        [
          1.5213572761586505,
          42.50841968552345
        ],
        [
          1.5212558018088937,
          42.50835375860348
        ],
        [
          1.5216553711386,
          42.5083368528226
        ],
        [
          1.521378863053707,
          42.50809601887674
        ],
        [
          1.5209484056391627,
          42.507866989601844
        ],
        [
          1.5205179482246183,
          42.50763796032694
        ],
        [
          1.520070673784202,
          42.50758686710366
        ],
        [
          1.5196243934422677,
          42.507778036465695
        ],
        [
          1.519611534558373,
          42.50820928901421
        ],
        [
          1.5196556491894497,
          42.50845782121829
        ],
        [
          1.5195704329372726,
          42.50797773145079
        ],
        [
          1.5192477639714181,
          42.507962086763925
        ],
        [
          1.518808688724486,
          42.50817412667062
        ],
        [
          1.5184185674640818,
          42.50813545626484
        ],
        [
          1.5183141393226658,
          42.50772007985344
        ],
        [
          1.518440205939025,
          42.50724906477647
        ],
        [
          1.5183923274446158,
          42.507427950300496
        ],
        [
          1.5182662608282567,
          42.50789896537747
        ],
        [
          1.518542780154812,
          42.50827280104412
        ],
        [
          1.518975443908075,
          42.50809359661611
        ],
        [
          1.519414519155007,
          42.507881556709414
        ],
        [
          1.5198503375017984,
          42.50766295137818
        ],
        [
          1.5201167072940611,
          42.50746083799651
        ],
        [
          1.5196598463823379,
          42.50729201529769
        ],
        [
          1.519225081954806,
          42.50707127135769
        ],
        [
          1.5188004778710222,
          42.50683550907771
        ],
        [
          1.5187765999999998,
          42.5063485
        ]
      ],
      "emotions": [
        "purple",
        "purple",
        "purple",
        "purple",
        "red",
        "red",
        "red",
        "red",
        "red",
        "green",
        "green",
        "green",
        "green",
        "green",
        "green",
        "green",
        "green",
        "green",
        "green",
        "red",
        "red",
        "red",
        "red",
        "red",
        "red",
        "red",
        "red",
        "red",
        "red",
        "green",
        "green",
        "green",
        "green",
        "green",
        "green",
        "green",
        "green",
        "green",
        "green",
        "green",
        "green",
        "green",
        "green",
        "green"
      ],
      "mood_vectors": [
        [
          0.08110228426159125,
          0.22270407751194166,
          0.294514346063209,
          0.16044084572818235,
          0.15252017678119079,
          0.05710757572655175,
          0.03161069392733319
        ],
        [
          0.09371320954677557,
          0.26981775907757033,
          0.08401327694946731,
          0.2945238010525569,
          0.18722986701548136,
          0.026794776946593008,
          0.04390730941155557
        ],
        [
          0.09681549539155755,
          0.06236558829068063,
          0.19698972866555134,
          0.08907854854638317,
          0.195389729335055,
          0.16147054728459553,
          0.19789036248617675
        ],
        [
          0.06055124038306401,
          0.24580496488986844,
          0.006876102654900573,
          0.2526721430852656,
          0.030288232807030916,
          0.22916708322591023,
          0.1746402329539602
        ],
        [
          0.08469446246173494,
          0.08783066547888425,
          0.06631321539518904,
          0.13303933610026272,
          0.1643820982196226,
          0.24295863304980128,
          0.22078158929450512
        ],
        [
          0.17543679028791928,
          0.2013957062622165,
          0.21838834738797605,
          0.05656435720097095,
          0.06596422229463336,
          0.22267057554308786,
          0.05958000102319593
        ],
        [
          0.109315842562018,
          0.18426191406090567,
          0.14371247886767394,
          0.20784961149600711,
          0.17347919155423697,
          0.047277127633067996,
          0.13410383382609037
        ],
        [
          0.11905685907786408,
          0.19705635658880266,
          0.2070926808900106,
          0.151140577234165,
          0.016474263516303645,
          0.2684984446030861,
          0.04068081808976791
        ],
        [
          0.141894407062793,
          0.3552486534018359,
          0.048590708739670065,
          0.06260321192898666,
          0.13797879432445403,
          0.11865621401669192,
          0.13502801052556834
        ],
        [
          0.04273530048405025,
          0.12206617867717075,
          0.23074536132845447,
          0.09758317738084166,
          0.20558893541415446,
          0.2255858030447199,
          0.07569524367060848
        ],
        [
          0.24914599418230898,
          0.3322148585548902,
          0.03633817039182564,
          0.02267194068160166,
          0.21122493828996303,
          0.016067036683672868,
          0.1323370612157376
        ],
        [
          0.32835941968246374,
          0.05628249183925576,
          0.12010624151523518,
          0.05192560580410712,
          0.18505402530267298,
          0.17197410241218564,
          0.08629811344407967
        ],
        [
          0.08465877452754664,
          0.09014543834365446,
          0.26364942462597624,
          0.17731219352557032,
          0.0389207984708756,
          0.23794328547489685,
          0.10737008503147993
        ],
        [
          0.25085752858791516,
          0.08810334584195628,
          0.09899274624764166,
          0.04224763555855252,
          0.12880639987194595,
          0.1301631070326161,
          0.2608292368593723
        ],
        [
          0.17956715302684093,
          0.2299498680801215,
          0.2071795294387097,
          0.15895674151028094,
          0.08800439900065302,
          0.056753252917723936,
          0.07958905602566997
        ],
        [
          0.1318436359718997,
          0.03507961313724019,
          0.19625423303160902,
          0.09704392419852437,
          0.1680646508887202,
          0.17788419887175305,
          0.19382974390025345
        ],
        [
          0.0553777221588112,
          0.19767006259025285,
          0.0301120267420241,
          0.19158276393559814,
          0.20615165880376304,
          0.12833134228012122,
          0.19077442348942944
        ],
        [
          0.01604147059220399,
          0.24905810273524123,
          0.22778684620752204,
          0.12108043902387917,
          0.18802179477915382,
          0.1667582804410509,
          0.0312530662209489
        ],
        [
          0.0878555914638227,
          0.12070218043511699,
          0.14735721597639856,
          0.13695266784257992,
          0.18331804769182505,
          0.22183318038520444,
          0.10198111620505237
        ],
        [
          0.060952983753364935,
          0.04354991512451754,
          0.01321835842082527,
          0.40224173173017025,
          0.1570075352937571,
          0.2516978339215887,
          0.0713316417557763
        ],
        [
          0.006683131007878295,
          0.1415020908830604,
          0.23961801155404705,
          0.2531394883978023,
          0.05525207006091723,
          0.0864459419256851,
          0.2173592661706096
        ],
        [
          0.011310921595228882,
          0.12121320870497969,
          0.28664630268535307,
          0.03190226885478618,
          0.035106061717177846,
          0.15023919617947157,
          0.3635820402630028
        ],
        [
          0.1131185287953227,
          0.019543970302770483,
          0.14023750462121454,
          0.11357358250568582,
          0.32706650787620006,
          0.1816644900023386,
          0.10479541589646775
        ],
        [
          0.09710583920346856,
          0.03341652322748196,
          0.17393092817474484,
          0.1941571195778767,
          0.12215270274996791,
          0.19498757243700568,
          0.1842493146294543
        ],
        [
          0.17438924198706907,
          0.0012508588904390468,
          0.18613239854223054,
          0.16304695391048354,
          0.20302352691318226,
          0.034740881331619164,
          0.2374161384249763
        ],
        [
          0.019479907017335568,
          0.24663056914860326,
          0.06280576803606656,
          0.0823292799909467,
          0.19805947778573574,
          0.208940514446441,
          0.18175448357487117
        ],
        [
          0.17853476101622884,
          0.2478995570407624,
          0.013654412097445095,
          0.014264831349353552,
          0.1484632233433894,
          0.23152727478848734,
          0.1656559403643334
        ],
        [
          0.21513254946125737,
          0.06814004505364428,
          0.017617972617507752,
          0.20914834841870542,
          0.21698181915819026,
          0.23531573372260375,
          0.03766353156809124
        ],
        [
          0.09745326617101435,
          0.15301900571357788,
          0.1615169676391686,
          0.16571240201153684,
          0.16262852459262908,
          0.1591922672441811,
          0.10047756662789217
        ],
        [
          0.17348528113731876,
          0.1989095092736682,
          0.06020884943071393,
          0.16947503791461138,
          0.019512353723588144,
          0.19580970551424864,
          0.182599263005851
        ],
        [
          0.0883024646594749,
          0.25259178245186326,
          0.22936139690017648,
          0.07730153970730405,
          0.1205161701214232,
          0.03972503794590871,
          0.19220160821384938
        ],
        [
          0.39606692749607453,
          0.09491307117872862,
          0.2985150296094817,
          0.0293099652298808,
          0.00798442249546948,
          0.03691907504709121,
          0.13629150894327358
        ],
        [
          0.2095778584389507,
          0.1326907166289429,
          0.12063008798445088,
          0.21984541820482842,
          0.16680943053481653,
          0.13863334698024563,
          0.011813141227764872
        ],
        [
          0.1832555069285129,
          0.10648070205083414,
          0.19028695920500904,
          0.12608453485859014,
          0.19515547220262353,
          0.0932054984438099,
          0.10553132631062041
        ],
        [
          0.09297837073167475,
          0.1194475258897494,
          0.20828586656254078,
          0.002769529098817636,
          0.18211349990777698,
          0.1937585539298069,
          0.20064665387963357
        ],
        [
          0.1758472095806382,
          0.15143889037762523,
          0.06062622078841765,
          0.2103738182011805,
          0.12497337975014647,
          0.18191717431658053,
          0.0948233069854114
        ],
        [
          0.09621095689292862,
          0.032819346765808464,
          0.020462505639145298,
          0.42448674334264613,
          0.15339093715688132,
          0.0701957845512007,
          0.2024337256513894
        ],
        [
          0.07377771882147739,
          0.1282399633484132,
          0.259359090796831,
          0.1333245076993277,
          0.0016426192279217421,
          0.1368348570418224,
          0.26682124306420657
        ],
        [
          0.10172108341163609,
          0.25322331386387265,
          0.22973097223166977,
          0.2695242228519673,
          0.04401207464086502,
          0.08276656777927477,
          0.019021765220714273
        ],
        [
          0.1875603719252887,
          0.19799559761256674,
          0.16525360193488284,
          0.06740939807168748,
          0.0387946036769287,
          0.20652310817505692,
          0.13646331860358862
        ],
        [
          0.10074208421685896,
          0.0174088639957644,
          0.3383295659962344,
          0.08440430712679883,
          0.1723460932429162,
          0.08619186492836405,
          0.2005772204930632
        ],
        [
          0.1816360786880586,
          0.08419792011062129,
          0.018994705405948994,
          0.23432239078089293,
          0.14018969592983402,
          0.09423356388439671,
          0.24642564520024746
        ],
        [
          0.020050195836658943,
          0.2179381966775265,
          0.05065362483000718,
          0.06329722717377115,
          0.2830522410071116,
          0.16552153333006664,
          0.19948698114485794
        ],
        [
          0.19437962034747966,
          0.12639172293013587,
          0.13760537413521734,
          0.17012140687363517,
          0.06254934160560782,
          0.06183588499214963,
          0.24711664911577455
        ]
      ],
      "timestamps": [
        56,
        57,
        58,
        59,
        60,
        61,
        62,
        63,
        64,
        65,
        66,
        67,
        68,
        69,
        70,
        71,
        72,
        73,
        74,
        75,
        76,
        77,
        78,
        79,
        80,
        81,
        82,
        83,
        84,
        85,
        86,
        87,
        88,
        89,
        90,
        91,
        92,
        93,
        94,
        95,
        96,
        97,
        98,
        99
      ],
      "distance": 213.2
    }
  ],
  "conversation": [
    "Is that a new mural?",
    "I could get used to this fog.",
    "This reminds me of..."
  ],
  "conversation_timestamps": [
    27,
    49,
    81
  ]
}
