{"agent_id": "agent-red-671", "type": "red", "trips": [{"trip_id": 0, "transport_method": "bus", "start_time": 0, "path": [[1.5247363, 42.5068561], [1.5248062, 42.50689], [1.524876, 42.5069239], [1.5249459, 42.5069578], [1.5250158, 42.5069918], [1.5250857, 42.5070257], [1.5251566, 42.5070562], [1.5252338, 42.5070651], [1.5253109, 42.5070741], [1.5253881, 42.5070831], [1.5254653, 42.507092], [1.5255424, 42.507101], [1.5256196, 42.50711], [1.5256968, 42.507119], [1.5257739, 42.5071279], [1.5258511, 42.5071369], [1.5259283, 42.5071459], [1.5260054, 42.5071548], [1.5260826, 42.5071638], [1.5261598, 42.5071728], [1.5262369, 42.5071817], [1.5263141, 42.5071907], [1.5263913, 42.5071997], [1.5264684, 42.5072087], [1.5265456, 42.5072176], [1.5266228, 42.5072266], [1.5266884, 42.5072345], [1.526611, 42.5072285], [1.5265335, 42.5072225], [1.5264561, 42.5072165], [1.5263786, 42.5072105], [1.5263012, 42.5072045], [1.5262237, 42.5071985], [1.5261462, 42.5071925], [1.5260689, 42.507186], [1.5259919, 42.507175], [1.525915, 42.5071641], [1.5258381, 42.5071532], [1.5257612, 42.5071423], [1.5256843, 42.5071314], [1.5256074, 42.5071204], [1.5255304, 42.5071095], [1.5254535, 42.5070986], [1.5253766, 42.5070877], [1.5252997, 42.5070768], [1.5252228, 42.5070658], [1.525146, 42.507055], [1.5252137, 42.5070931], [1.5252814, 42.5071312], [1.5253491, 42.5071693], [1.5254168, 42.5072075], [1.5254845, 42.5072456], [1.5255522, 42.5072837], [1.5256199, 42.5073218], [1.5256876, 42.50736], [1.5257553, 42.5073981], [1.5258229, 42.5074362], [1.5258906, 42.5074743], [1.5259583, 42.5075125], [1.526026, 42.5075506], [1.5260937, 42.5075887], [1.5261614, 42.5076268], [1.5262291, 42.507665], [1.5262968, 42.5077031], [1.5263645, 42.5077412], [1.5264036, 42.5077751], [1.5263278, 42.5077921], [1.526252, 42.5078091], [1.5261762, 42.5078261], [1.5261004, 42.5078431], [1.5260246, 42.50786], [1.5259508, 42.5078593], [1.5258878, 42.5078142], [1.5258259, 42.5077672], [1.525764, 42.5077203], [1.5257021, 42.5076734], [1.5256402, 42.5076264], [1.5255783, 42.5075795], [1.5255164, 42.5075325], [1.5254545, 42.5074856]], "mood_vectors": [[0.6896, 0.0683, 0.0416, 0.0721, 0.0425, 0.0458, 0.0401], [0.6572, 0.0674, 0.0549, 0.0792, 0.0537, 0.0178, 0.0698], [0.6401, 0.0689, 0.0977, 0.0528, 0.0197, 0.0745, 0.0463], [0.7855, 0.0133, 0.0127, 0.0709, 0.0384, 0.0302, 0.049], [0.6892, 0.0482, 0.0561, 0.0428, 0.0611, 0.0579, 0.0447], [0.7404, 0.0513, 0.0695, 0.0633, 0.0209, 0.0168, 0.0377], [0.7667, 0.0271, 0.0688, 0.0137, 0.027, 0.061, 0.0356], [0.7572, 0.0202, 0.0655, 0.0709, 0.0218, 0.0175, 0.0469], [0.6705, 0.0908, 0.029, 0.0784, 0.0294, 0.0511, 0.0508], [0.7894, 0.0352, 0.0201, 0.0221, 0.0205, 0.0376, 0.0751], [0.7887, 0.0151, 0.0782, 0.016, 0.0579, 0.0269, 0.0173], [0.7077, 0.015, 0.0159, 0.0549, 0.0688, 0.0688, 0.0689], [0.7907, 0.0212, 0.0714, 0.0203, 0.0224, 0.0302, 0.0438], [0.7098, 0.0398, 0.0273, 0.0723, 0.0666, 0.0672, 0.017], [0.7378, 0.069, 0.0449, 0.0175, 0.0601, 0.0433, 0.0274], [0.6661, 0.0544, 0.0274, 0.0236, 0.0856, 0.0844, 0.0586], [0.8182, 0.0198, 0.05, 0.0235, 0.0257, 0.0175, 0.0453], [0.7361, 0.0719, 0.056, 0.0183, 0.0365, 0.0363, 0.045], [0.6049, 0.0559, 0.0432, 0.0524, 0.0866, 0.0856, 0.0712], [0.7495, 0.0276, 0.0789, 0.02, 0.0334, 0.0471, 0.0435], [0.6497, 0.0805, 0.0669, 0.0583, 0.0839, 0.0147, 0.046], [0.6527, 0.063, 0.0907, 0.0566, 0.0222, 0.0516, 0.0634], [0.6527, 0.0667, 0.0333, 0.0717, 0.0495, 0.0577, 0.0684], [0.6591, 0.0701, 0.0529, 0.0798, 0.0345, 0.0685, 0.0351], [0.6926, 0.0291, 0.0415, 0.0646, 0.0529, 0.0651, 0.0542], [0.7582, 0.0743, 0.0227, 0.0557, 0.0228, 0.0553, 0.011], [0.7384, 0.0436, 0.0556, 0.02, 0.0788, 0.0222, 0.0415], [0.7526, 0.0192, 0.0273, 0.0754, 0.0352, 0.0454, 0.0449], [0.663, 0.0174, 0.085, 0.0321, 0.074, 0.0606, 0.0679], [0.7218, 0.0465, 0.0898, 0.0347, 0.0387, 0.0231, 0.0454], [0.6244, 0.0534, 0.0887, 0.0518, 0.0442, 0.0445, 0.0931], [0.7646, 0.0338, 0.035, 0.0322, 0.0606, 0.041, 0.0329], [0.7457, 0.0441, 0.035, 0.0385, 0.0253, 0.0215, 0.0898], [0.6734, 0.0719, 0.069, 0.0723, 0.0418, 0.0191, 0.0525], [0.7706, 0.0274, 0.0746, 0.0447, 0.0215, 0.0327, 0.0286], [0.6784, 0.0682, 0.0394, 0.0278, 0.0555, 0.0611, 0.0697], [0.6994, 0.0173, 0.0397, 0.0753, 0.0432, 0.0509, 0.0743], [0.6845, 0.0538, 0.0419, 0.0608, 0.0319, 0.069, 0.0582], [0.7192, 0.0601, 0.0551, 0.0434, 0.0421, 0.0553, 0.0248], [0.7399, 0.05, 0.0384, 0.019, 0.0715, 0.015, 0.0661], [0.7018, 0.0644, 0.0842, 0.078, 0.0179, 0.0399, 0.0139], [0.6709, 0.0334, 0.0263, 0.0675, 0.0462, 0.0825, 0.0732], [0.6881, 0.0525, 0.0379, 0.0496, 0.0743, 0.0727, 0.025], [0.6709, 0.0519, 0.0676, 0.0247, 0.0672, 0.0508, 0.0669], [0.7384, 0.0241, 0.0337, 0.0598, 0.0777, 0.0404, 0.0259], [0.7194, 0.0654, 0.0719, 0.0345, 0.0536, 0.0138, 0.0416], [0.6521, 0.0319, 0.08, 0.0593, 0.0235, 0.0621, 0.091], [0.6986, 0.0916, 0.0239, 0.0451, 0.0755, 0.0355, 0.0298], [0.7638, 0.0288, 0.0149, 0.0308, 0.0648, 0.0734, 0.0235], [0.682, 0.043, 0.0587, 0.0305, 0.077, 0.0318, 0.0769], [0.6933, 0.0399, 0.0671, 0.0629, 0.0556, 0.0283, 0.053], [0.7477, 0.0294, 0.1035, 0.0267, 0.0244, 0.0489, 0.0194], [0.6316, 0.0465, 0.0774, 0.0748, 0.0138, 0.0778, 0.078], [0.7119, 0.0263, 0.0862, 0.015, 0.0277, 0.0578, 0.0751], [0.7647, 0.0369, 0.0223, 0.0681, 0.0412, 0.0153, 0.0514], [0.712, 0.0237, 0.0471, 0.0616, 0.0431, 0.0718, 0.0407], [0.6571, 0.034, 0.049, 0.0531, 0.0492, 0.0723, 0.0853], [0.6519, 0.0707, 0.0113, 0.0706, 0.0609, 0.0669, 0.0677], [0.6891, 0.0793, 0.0786, 0.0368, 0.0186, 0.0275, 0.0701], [0.6245, 0.0761, 0.0694, 0.0593, 0.0456, 0.077, 0.0481], [0.6417, 0.0813, 0.0278, 0.014, 0.0836, 0.0677, 0.0838], [0.7082, 0.0751, 0.0146, 0.0184, 0.0613, 0.0504, 0.072], [0.7275, 0.0654, 0.0454, 0.0666, 0.0165, 0.0535, 0.0251], [0.8017, 0.0226, 0.0158, 0.0147, 0.0339, 0.0319, 0.0794], [0.7296, 0.0244, 0.0331, 0.0791, 0.0632, 0.0182, 0.0525], [0.7032, 0.0482, 0.052, 0.0452, 0.0384, 0.0443, 0.0688], [0.7218, 0.0559, 0.0142, 0.0468, 0.0582, 0.0395, 0.0636], [0.6158, 0.017, 0.0841, 0.0395, 0.0816, 0.0873, 0.0747], [0.7072, 0.0403, 0.0613, 0.038, 0.0477, 0.0703, 0.0352], [0.6716, 0.0408, 0.083, 0.0645, 0.0331, 0.0564, 0.0506], [0.6807, 0.0398, 0.0849, 0.0797, 0.0128, 0.0247, 0.0775], [0.7212, 0.0627, 0.0258, 0.0237, 0.0618, 0.0442, 0.0607], [0.6789, 0.017, 0.052, 0.0661, 0.0719, 0.0489, 0.0652], [0.69, 0.0302, 0.0518, 0.0658, 0.0672, 0.0693, 0.0258], [0.659, 0.0258, 0.0704, 0.0623, 0.0793, 0.0574, 0.0457], [0.6212, 0.0913, 0.0805, 0.0544, 0.0369, 0.0738, 0.0418], [0.6249, 0.0846, 0.078, 0.0893, 0.056, 0.0181, 0.0492], [0.6942, 0.0435, 0.0657, 0.0503, 0.052, 0.0619, 0.0324], [0.7836, 0.016, 0.0342, 0.0315, 0.0182, 0.0458, 0.0706], [0.7394, 0.049, 0.0445, 0.0434, 0.025, 0.0767, 0.0219]], "emotions": ["red", "red", "red", "red", "red", "red", "red", "red", "red", "red", "red", "red", "red", "red", "red", "red", "red", "red", "red", "red", "red", "red", "red", "red", "red", "red", "red", "red", "red", "red", "red", "red", "red", "red", "red", "red", "red", "red", "red", "red", "red", "red", "red", "red", "red", "red", "red", "red", "red", "red", "red", "red", "red", "red", "red", "red", "red", "red", "red", "red", "red", "red", "red", "red", "red", "red", "red", "red", "red", "red", "red", "red", "red", "red", "red", "red", "red", "red", "red", "red"], "timestamps": [0, 40, 80, 120, 160, 200, 240, 280, 320, 360, 400, 440, 480, 520, 560, 600, 640, 680, 720, 760, 800, 840, 880, 920, 960, 1000, 1040, 1080, 1120, 1160, 1200, 1240, 1280, 1320, 1360, 1400, 1440, 1480, 1520, 1560, 1600, 1640, 1680, 1720, 1760, 1800, 1840, 1880, 1920, 1960, 2000, 2040, 2080, 2120, 2160, 2200, 2240, 2280, 2320, 2360, 2400, 2440, 2480, 2520, 2560, 2600, 2640, 2680, 2720, 2760, 2800, 2840, 2880, 2920, 2960, 3000, 3040, 3080, 3120, 3160]}], "conversation": [], "conversation_timestamps": []}