{"agent_id": "agent-purple-1074", "type": "purple", "trips": [{"trip_id": 0, "transport_method": "car", "start_time": 0, "path": [[1.4902937, 42.4635921], [1.490011, 42.4637624], [1.4897989, 42.4649681], [1.4907827, 42.4657304], [1.4918299, 42.4664204], [1.4915632, 42.4674726], [1.4918054, 42.4686972], [1.4920441, 42.4699191], [1.491636, 42.4711], [1.4910419, 42.4722104], [1.4905373, 42.4733576], [1.4907499, 42.4745699], [1.4908575, 42.4758153], [1.4905493, 42.4769987], [1.4903521, 42.4782426], [1.4901549, 42.4794864], [1.4899577, 42.4807303], [1.4897511, 42.4819152], [1.4894563, 42.4807061], [1.4894354, 42.4794602], [1.4900229, 42.4783542], [1.4905909, 42.4772332], [1.4905929, 42.4769578], [1.4904935, 42.4782132], [1.490394, 42.4794687], [1.4902946, 42.4807241], [1.4901951, 42.4819796], [1.4904845, 42.4831458], [1.4910281, 42.4842663], [1.4921097, 42.4847904], [1.4932203, 42.4852488], [1.4942117, 42.4860206], [1.4947366, 42.4871208], [1.4948358, 42.4883322], [1.495645, 42.4892967], [1.4962812, 42.4903447], [1.496756, 42.4914007], [1.4978173, 42.4920778], [1.4989294, 42.4926686], [1.4999718, 42.4933683], [1.5008242, 42.4942278], [1.5019659, 42.4947593], [1.5031035, 42.4952987], [1.5042795, 42.4957379], [1.5054198, 42.4962633], [1.5066125, 42.4966671], [1.5077952, 42.4970997], [1.508936, 42.497632], [1.5100624, 42.498195], [1.5109119, 42.499113], [1.5116931, 42.5001007], [1.51245, 42.5011073], [1.5131857, 42.502129], [1.5130298, 42.5018957], [1.5135884, 42.5026034], [1.5144962, 42.5034763], [1.5154041, 42.5043491], [1.5164055, 42.5050846], [1.5175022, 42.5054254], [1.5187236, 42.5054631], [1.5199582, 42.5057018], [1.5211454, 42.5060244], [1.5223369, 42.5064303], [1.5235601, 42.5067217], [1.5247887, 42.5068815], [1.5260024, 42.5071545], [1.5261329, 42.5071915], [1.5254073, 42.5070837], [1.5266591, 42.5072216], [1.5277123, 42.5077054], [1.5285406, 42.5085628], [1.5288578, 42.5088845], [1.5300741, 42.5092083], [1.5312603, 42.5095494], [1.5324425, 42.5099362], [1.5336664, 42.5101707], [1.5347833, 42.5107525], [1.535923, 42.510585], [1.5371676, 42.5107409], [1.5381967, 42.5109852]], "mood_vectors": [[0.0822, 0.054, 0.0763, 0.0807, 0.0295, 0.6312, 0.0461], [0.0577, 0.0765, 0.0181, 0.0362, 0.0506, 0.7113, 0.0497], [0.0308, 0.0138, 0.0435, 0.0724, 0.0504, 0.7293, 0.0598], [0.0419, 0.0751, 0.0775, 0.0579, 0.0717, 0.6015, 0.0744], [0.0541, 0.0581, 0.068, 0.064, 0.0169, 0.7259, 0.013], [0.0508, 0.0298, 0.0388, 0.0524, 0.0605, 0.7198, 0.0479], [0.0707, 0.0397, 0.0632, 0.0503, 0.0619, 0.6889, 0.0254], [0.029, 0.05, 0.017, 0.0944, 0.0956, 0.6989, 0.0152], [0.017, 0.0314, 0.0518, 0.0688, 0.0642, 0.7401, 0.0268], [0.0264, 0.0585, 0.0313, 0.0701, 0.0138, 0.7346, 0.0653], [0.0636, 0.0792, 0.0765, 0.0137, 0.0339, 0.6694, 0.0636], [0.0937, 0.0185, 0.0733, 0.0439, 0.0168, 0.6968, 0.057], [0.0735, 0.05, 0.0755, 0.0605, 0.0495, 0.6439, 0.0471], [0.0485, 0.0476, 0.0342, 0.043, 0.0618, 0.724, 0.0409], [0.0344, 0.0804, 0.0348, 0.0471, 0.0434, 0.6935, 0.0664], [0.0653, 0.0159, 0.0614, 0.0667, 0.0598, 0.6747, 0.0562], [0.0359, 0.031, 0.065, 0.0272, 0.0705, 0.6809, 0.0895], [0.0563, 0.0529, 0.0691, 0.0375, 0.0711, 0.6796, 0.0335], [0.0689, 0.0387, 0.0547, 0.0391, 0.0149, 0.7185, 0.0651], [0.0346, 0.02, 0.0907, 0.045, 0.033, 0.7263, 0.0506], [0.0758, 0.033, 0.021, 0.0462, 0.0305, 0.7526, 0.0409], [0.0662, 0.0365, 0.0553, 0.06, 0.049, 0.7133, 0.0197], [0.0702, 0.0722, 0.0616, 0.0304, 0.0923, 0.6067, 0.0665], [0.0922, 0.0533, 0.0448, 0.0573, 0.0257, 0.6949, 0.0317], [0.0702, 0.0559, 0.0579, 0.0682, 0.0295, 0.7052, 0.0131], [0.0178, 0.0493, 0.0446, 0.0581, 0.0198, 0.783, 0.0274], [0.0281, 0.0531, 0.0297, 0.0593, 0.0435, 0.7258, 0.0605], [0.0805, 0.0715, 0.033, 0.0462, 0.072, 0.6782, 0.0186], [0.0643, 0.0184, 0.0614, 0.0185, 0.0379, 0.7551, 0.0444], [0.054, 0.0677, 0.0364, 0.0215, 0.0353, 0.7174, 0.0677], [0.0348, 0.0806, 0.093, 0.0523, 0.0499, 0.6566, 0.0329], [0.0663, 0.0499, 0.0419, 0.0382, 0.0529, 0.7344, 0.0163], [0.0703, 0.0247, 0.08, 0.0611, 0.0647, 0.6376, 0.0616], [0.0661, 0.0256, 0.0468, 0.0424, 0.0561, 0.7023, 0.0606], [0.0519, 0.0379, 0.0679, 0.0853, 0.043, 0.674, 0.04], [0.0301, 0.0757, 0.0541, 0.0337, 0.0753, 0.6551, 0.0759], [0.0564, 0.0398, 0.0758, 0.0728, 0.0576, 0.6712, 0.0265], [0.0308, 0.1004, 0.0721, 0.0741, 0.0161, 0.6471, 0.0593], [0.0775, 0.0535, 0.0677, 0.0299, 0.0667, 0.6607, 0.044], [0.0734, 0.0676, 0.0499, 0.0358, 0.0498, 0.6818, 0.0416], [0.0664, 0.0612, 0.0149, 0.074, 0.0692, 0.6867, 0.0276], [0.0575, 0.0725, 0.0494, 0.0493, 0.0786, 0.629, 0.0637], [0.0252, 0.0673, 0.0622, 0.0691, 0.0361, 0.6991, 0.0411], [0.0339, 0.0484, 0.0367, 0.0433, 0.0398, 0.724, 0.074], [0.0679, 0.0627, 0.0679, 0.04, 0.0612, 0.6224, 0.078], [0.0279, 0.0541, 0.0583, 0.0714, 0.0708, 0.6937, 0.0238], [0.091, 0.0507, 0.0312, 0.0175, 0.0779, 0.6665, 0.0653], [0.0382, 0.0652, 0.0867, 0.0759, 0.0193, 0.6548, 0.0599], [0.0625, 0.0367, 0.0656, 0.0622, 0.0357, 0.7219, 0.0154], [0.0373, 0.0195, 0.0641, 0.0593, 0.0221, 0.7414, 0.0563], [0.0615, 0.051, 0.0275, 0.0796, 0.013, 0.7292, 0.0381], [0.0686, 0.0366, 0.0507, 0.0683, 0.069, 0.6514, 0.0554], [0.0252, 0.0838, 0.0302, 0.0559, 0.0243, 0.7205, 0.0602], [0.0529, 0.0402, 0.0206, 0.0438, 0.0961, 0.693, 0.0534], [0.0587, 0.0406, 0.0867, 0.0543, 0.0831, 0.5993, 0.0773], [0.0509, 0.0271, 0.0223, 0.0343, 0.021, 0.8212, 0.0232], [0.0668, 0.0807, 0.0557, 0.0369, 0.0793, 0.6642, 0.0165], [0.0273, 0.0423, 0.0558, 0.0751, 0.034, 0.7213, 0.0442], [0.0656, 0.0618, 0.0728, 0.0696, 0.0518, 0.6498, 0.0286], [0.0612, 0.0545, 0.066, 0.0221, 0.0462, 0.6773, 0.0727], [0.0565, 0.0709, 0.0721, 0.0575, 0.0305, 0.6408, 0.0716], [0.031, 0.0633, 0.095, 0.0168, 0.0447, 0.6497, 0.0995], [0.0191, 0.016, 0.0514, 0.0707, 0.0283, 0.7413, 0.0732], [0.0377, 0.0332, 0.0468, 0.0469, 0.0734, 0.7042, 0.0578], [0.0222, 0.0327, 0.027, 0.0413, 0.0501, 0.7809, 0.0459], [0.0224, 0.0684, 0.025, 0.0226, 0.0671, 0.7254, 0.0692], [0.0435, 0.0213, 0.0843, 0.0762, 0.0834, 0.6553, 0.0359], [0.0664, 0.0421, 0.0921, 0.0596, 0.0596, 0.647, 0.0332], [0.0145, 0.0731, 0.0866, 0.0325, 0.0159, 0.7505, 0.0269], [0.0935, 0.0215, 0.069, 0.0307, 0.07, 0.6322, 0.083], [0.0585, 0.0474, 0.0145, 0.0383, 0.0262, 0.7406, 0.0746], [0.0707, 0.0246, 0.0533, 0.086, 0.0165, 0.6661, 0.0827], [0.0171, 0.0666, 0.0172, 0.0742, 0.0472, 0.7323, 0.0454], [0.0724, 0.0441, 0.0506, 0.0723, 0.0154, 0.7057, 0.0394], [0.0387, 0.0532, 0.0624, 0.0646, 0.0623, 0.702, 0.0167], [0.0306, 0.036, 0.0764, 0.0628, 0.0535, 0.6755, 0.0651], [0.0217, 0.0249, 0.0887, 0.0275, 0.0804, 0.6926, 0.0641], [0.0605, 0.0366, 0.0255, 0.0487, 0.0382, 0.7505, 0.0401], [0.0318, 0.054, 0.0144, 0.0632, 0.0826, 0.6659, 0.088], [0.0538, 0.034, 0.0419, 0.0469, 0.0337, 0.7293, 0.0603]], "emotions": ["purple", "purple", "purple", "purple", "purple", "purple", "purple", "purple", "purple", "purple", "purple", "purple", "purple", "purple", "purple", "purple", "purple", "purple", "purple", "purple", "purple", "purple", "purple", "purple", "purple", "purple", "purple", "purple", "purple", "purple", "purple", "purple", "purple", "purple", "purple", "purple", "purple", "purple", "purple", "purple", "purple", "purple", "purple", "purple", "purple", "purple", "purple", "purple", "purple", "purple", "purple", "purple", "purple", "purple", "purple", "purple", "purple", "purple", "purple", "purple", "purple", "purple", "purple", "purple", "purple", "purple", "purple", "purple", "purple", "purple", "purple", "purple", "purple", "purple", "purple", "purple", "purple", "purple", "purple", "purple"], "timestamps": [0, 40, 80, 120, 160, 200, 240, 280, 320, 360, 400, 440, 480, 520, 560, 600, 640, 680, 720, 760, 800, 840, 880, 920, 960, 1000, 1040, 1080, 1120, 1160, 1200, 1240, 1280, 1320, 1360, 1400, 1440, 1480, 1520, 1560, 1600, 1640, 1680, 1720, 1760, 1800, 1840, 1880, 1920, 1960, 2000, 2040, 2080, 2120, 2160, 2200, 2240, 2280, 2320, 2360, 2400, 2440, 2480, 2520, 2560, 2600, 2640, 2680, 2720, 2760, 2800, 2840, 2880, 2920, 2960, 3000, 3040, 3080, 3120, 3160]}], "conversation": [], "conversation_timestamps": []}