{"agent_id": "agent-purple-1134", "type": "purple", "trips": [{"trip_id": 0, "transport_method": "foot", "start_time": 0, "path": [[1.5251566, 42.5053382], [1.5249062, 42.5052744], [1.5258172, 42.5053151], [1.5265633, 42.5056883], [1.527346, 42.5061539], [1.527415, 42.506207], [1.5277629, 42.5070296], [1.5275946, 42.5074405], [1.5280242, 42.5081731], [1.5287677, 42.508694], [1.5282366, 42.5090646], [1.5288492, 42.5097097], [1.5295045, 42.5103153], [1.5295861, 42.5110389], [1.5302398, 42.5116036], [1.5309721, 42.5120773], [1.5305818, 42.5128589], [1.530294, 42.513702], [1.5301639, 42.5144929], [1.5294848, 42.5150767], [1.528907, 42.5157759], [1.5281174, 42.5162319], [1.5273277, 42.516688], [1.5265381, 42.517144], [1.5268165, 42.5170568], [1.5275726, 42.5165659], [1.5284142, 42.5162316], [1.5287285, 42.5158925], [1.5279639, 42.5163894], [1.5271993, 42.5168862], [1.5264347, 42.5173831], [1.5256701, 42.5178799], [1.5249055, 42.5183768], [1.5250999, 42.5182355], [1.5257595, 42.5176107], [1.5260465, 42.517478], [1.5253048, 42.5180084], [1.524563, 42.5185388], [1.5239258, 42.5191259], [1.5238045, 42.5200296], [1.5234541, 42.5208694], [1.5229096, 42.5215818], [1.5221743, 42.5221167], [1.5217759, 42.522923], [1.521277, 42.5236758], [1.5207575, 42.524422], [1.5206125, 42.5253111], [1.5205421, 42.5262174], [1.5200489, 42.526975], [1.5201637, 42.5278083], [1.5206225, 42.5285858], [1.5204935, 42.5294594], [1.5198481, 42.5300703], [1.5198253, 42.5308005], [1.5195411, 42.5316455], [1.5197001, 42.5325312], [1.5195945, 42.5334121], [1.5196984, 42.5342374], [1.5203489, 42.5348763], [1.521036, 42.5354749], [1.5209705, 42.5361033], [1.5203108, 42.5367149], [1.5199089, 42.5375293], [1.5195672, 42.538374], [1.5194006, 42.5392649], [1.5193819, 42.5401625], [1.5192979, 42.5409932], [1.518587, 42.5414738], [1.5181176, 42.5416911], [1.5189564, 42.5413337], [1.5185197, 42.5415144], [1.5177259, 42.5419478], [1.5172542, 42.5427258], [1.5167299, 42.5434522], [1.5160593, 42.5440649], [1.5154471, 42.5447304], [1.5150017, 42.545507], [1.5144261, 42.5460708], [1.5140034, 42.5468083], [1.5141751, 42.5474723]], "mood_vectors": [[0.0646, 0.0338, 0.027, 0.0404, 0.0572, 0.7006, 0.0765], [0.079, 0.0302, 0.0339, 0.0452, 0.0836, 0.6604, 0.0677], [0.0778, 0.058, 0.0603, 0.0143, 0.0473, 0.6633, 0.0791], [0.0371, 0.0337, 0.0164, 0.074, 0.041, 0.749, 0.0487], [0.0789, 0.0826, 0.0236, 0.0592, 0.0197, 0.6889, 0.047], [0.0729, 0.0152, 0.064, 0.0809, 0.0582, 0.6726, 0.0363], [0.025, 0.0746, 0.0458, 0.013, 0.049, 0.7177, 0.075], [0.0168, 0.0459, 0.0716, 0.0528, 0.0484, 0.6829, 0.0816], [0.0283, 0.069, 0.0662, 0.0656, 0.0133, 0.6965, 0.0611], [0.0804, 0.0211, 0.0178, 0.0626, 0.0161, 0.7773, 0.0247], [0.0259, 0.0254, 0.0436, 0.0524, 0.0639, 0.7675, 0.0213], [0.074, 0.0663, 0.0321, 0.0544, 0.0418, 0.6757, 0.0558], [0.0738, 0.0565, 0.0666, 0.0442, 0.0497, 0.6904, 0.0189], [0.0315, 0.0513, 0.0718, 0.055, 0.0459, 0.7234, 0.0211], [0.0179, 0.0459, 0.0114, 0.0622, 0.0153, 0.7908, 0.0565], [0.0654, 0.0466, 0.0365, 0.0715, 0.0715, 0.6662, 0.0423], [0.044, 0.0571, 0.0157, 0.0803, 0.0769, 0.6609, 0.0649], [0.0516, 0.0506, 0.055, 0.0708, 0.0164, 0.6833, 0.0724], [0.036, 0.0169, 0.0482, 0.0562, 0.0705, 0.7157, 0.0566], [0.0733, 0.0518, 0.05, 0.0436, 0.0478, 0.6965, 0.037], [0.0708, 0.0276, 0.054, 0.0515, 0.0196, 0.6968, 0.0797], [0.0266, 0.0819, 0.0297, 0.0619, 0.0556, 0.6978, 0.0465], [0.0197, 0.0396, 0.0785, 0.0445, 0.0237, 0.7443, 0.0496], [0.0614, 0.0144, 0.0148, 0.0948, 0.0626, 0.6716, 0.0804], [0.0524, 0.0212, 0.0671, 0.0133, 0.0517, 0.7299, 0.0643], [0.0667, 0.0388, 0.0713, 0.0532, 0.0613, 0.6539, 0.0548], [0.0944, 0.0811, 0.0211, 0.0623, 0.0812, 0.6173, 0.0427], [0.0302, 0.082, 0.0272, 0.0802, 0.0445, 0.6515, 0.0845], [0.0652, 0.08, 0.0678, 0.0207, 0.0723, 0.6791, 0.0149], [0.0352, 0.0185, 0.0781, 0.032, 0.051, 0.7513, 0.0339], [0.0663, 0.063, 0.0222, 0.0384, 0.0443, 0.7122, 0.0535], [0.1041, 0.0419, 0.0424, 0.0324, 0.0457, 0.7047, 0.0288], [0.0449, 0.0417, 0.0541, 0.0837, 0.0366, 0.7222, 0.0169], [0.0349, 0.0713, 0.0398, 0.0307, 0.0644, 0.686, 0.0729], [0.042, 0.0509, 0.067, 0.0141, 0.0733, 0.6705, 0.0823], [0.0163, 0.0601, 0.0718, 0.0424, 0.0605, 0.6925, 0.0564], [0.0854, 0.0734, 0.0206, 0.0419, 0.08, 0.6518, 0.0469], [0.0328, 0.0428, 0.0855, 0.0515, 0.0845, 0.6824, 0.0204], [0.0602, 0.0476, 0.0995, 0.0284, 0.0343, 0.6398, 0.0903], [0.0677, 0.0678, 0.0477, 0.0487, 0.0521, 0.6545, 0.0615], [0.0246, 0.063, 0.0374, 0.0503, 0.0786, 0.6823, 0.0637], [0.0328, 0.039, 0.0694, 0.0615, 0.0123, 0.7148, 0.0703], [0.0965, 0.0381, 0.0432, 0.0248, 0.0232, 0.7073, 0.0669], [0.0405, 0.038, 0.0296, 0.0364, 0.0835, 0.692, 0.0801], [0.0737, 0.0555, 0.0657, 0.019, 0.0547, 0.6716, 0.06], [0.0585, 0.0395, 0.0249, 0.0578, 0.0552, 0.7055, 0.0585], [0.0607, 0.0234, 0.0536, 0.0796, 0.0728, 0.6729, 0.037], [0.0672, 0.0627, 0.047, 0.0178, 0.0746, 0.7105, 0.0202], [0.0802, 0.0147, 0.0461, 0.0166, 0.0568, 0.7124, 0.0733], [0.0177, 0.0641, 0.0522, 0.0607, 0.0672, 0.678, 0.0602], [0.0312, 0.0815, 0.0177, 0.0938, 0.018, 0.7252, 0.0324], [0.0518, 0.0127, 0.0711, 0.0758, 0.0654, 0.6807, 0.0425], [0.067, 0.0555, 0.0368, 0.0497, 0.0873, 0.6806, 0.023], [0.0521, 0.0588, 0.0452, 0.0637, 0.0401, 0.6627, 0.0774], [0.0568, 0.0773, 0.0344, 0.087, 0.0897, 0.566, 0.0888], [0.0728, 0.059, 0.0153, 0.0739, 0.0252, 0.7033, 0.0504], [0.0453, 0.0275, 0.0261, 0.067, 0.0966, 0.703, 0.0347], [0.0244, 0.0514, 0.057, 0.0358, 0.0459, 0.7184, 0.0672], [0.0952, 0.0463, 0.0285, 0.0364, 0.0741, 0.6768, 0.0427], [0.0591, 0.0738, 0.0369, 0.0298, 0.0329, 0.6965, 0.071], [0.0904, 0.0277, 0.0263, 0.0837, 0.0538, 0.654, 0.064], [0.0454, 0.0325, 0.0877, 0.0602, 0.0356, 0.652, 0.0865], [0.0588, 0.0308, 0.051, 0.0687, 0.0755, 0.6943, 0.0209], [0.0648, 0.0539, 0.0471, 0.0378, 0.0675, 0.6643, 0.0646], [0.03, 0.0151, 0.0387, 0.0183, 0.0189, 0.8328, 0.0463], [0.0435, 0.0309, 0.041, 0.0731, 0.0423, 0.7204, 0.0489], [0.054, 0.047, 0.0505, 0.0536, 0.0569, 0.6771, 0.061], [0.0438, 0.0557, 0.0248, 0.0543, 0.024, 0.7412, 0.0562], [0.0453, 0.0926, 0.0395, 0.0396, 0.0894, 0.6271, 0.0666], [0.061, 0.0554, 0.057, 0.0129, 0.0585, 0.7083, 0.0469], [0.0227, 0.0192, 0.0207, 0.072, 0.0282, 0.7676, 0.0695], [0.0443, 0.0684, 0.0776, 0.0575, 0.0405, 0.6594, 0.0524], [0.0192, 0.0379, 0.0739, 0.0824, 0.0489, 0.7067, 0.031], [0.0534, 0.0404, 0.0619, 0.0466, 0.0673, 0.6986, 0.0318], [0.044, 0.0344, 0.0373, 0.0675, 0.052, 0.6967, 0.0681], [0.0584, 0.0332, 0.0245, 0.064, 0.0964, 0.7074, 0.0161], [0.0598, 0.0664, 0.0701, 0.06, 0.0432, 0.6372, 0.0633], [0.0424, 0.0178, 0.0197, 0.0608, 0.0258, 0.7582, 0.0752], [0.0271, 0.0594, 0.0593, 0.0855, 0.0326, 0.723, 0.0131], [0.0175, 0.0374, 0.0204, 0.0515, 0.0669, 0.7869, 0.0194]], "emotions": ["purple", "purple", "purple", "purple", "purple", "purple", "purple", "purple", "purple", "purple", "purple", "purple", "purple", "purple", "purple", "purple", "purple", "purple", "purple", "purple", "purple", "purple", "purple", "purple", "purple", "purple", "purple", "purple", "purple", "purple", "purple", "purple", "purple", "purple", "purple", "purple", "purple", "purple", "purple", "purple", "purple", "purple", "purple", "purple", "purple", "purple", "purple", "purple", "purple", "purple", "purple", "purple", "purple", "purple", "purple", "purple", "purple", "purple", "purple", "purple", "purple", "purple", "purple", "purple", "purple", "purple", "purple", "purple", "purple", "purple", "purple", "purple", "purple", "purple", "purple", "purple", "purple", "purple", "purple", "purple"], "timestamps": [0, 40, 80, 120, 160, 200, 240, 280, 320, 360, 400, 440, 480, 520, 560, 600, 640, 680, 720, 760, 800, 840, 880, 920, 960, 1000, 1040, 1080, 1120, 1160, 1200, 1240, 1280, 1320, 1360, 1400, 1440, 1480, 1520, 1560, 1600, 1640, 1680, 1720, 1760, 1800, 1840, 1880, 1920, 1960, 2000, 2040, 2080, 2120, 2160, 2200, 2240, 2280, 2320, 2360, 2400, 2440, 2480, 2520, 2560, 2600, 2640, 2680, 2720, 2760, 2800, 2840, 2880, 2920, 2960, 3000, 3040, 3080, 3120, 3160]}], "conversation": [], "conversation_timestamps": []}