{"agent_id": "agent-orange-788", "type": "orange", "trips": [{"trip_id": 0, "transport_method": "bicycle", "start_time": 0, "path": [[1.5387668, 42.5095006], [1.538765, 42.5095789], [1.5387632, 42.5096572], [1.5387613, 42.5097355], [1.5387595, 42.5098137], [1.5387577, 42.509892], [1.5387559, 42.5099703], [1.538754, 42.5100486], [1.5388056, 42.5100982], [1.5388718, 42.51014], [1.538938, 42.5101818], [1.5390042, 42.5102236], [1.5390704, 42.5102654], [1.5391013, 42.5103272], [1.5391031, 42.5104055], [1.5391048, 42.5104838], [1.5391065, 42.510562], [1.5391082, 42.5106403], [1.5390523, 42.5106845], [1.5389829, 42.5107208], [1.5389135, 42.510757], [1.5388441, 42.5107932], [1.5387747, 42.5108295], [1.5387053, 42.5108657], [1.5386359, 42.5109019], [1.5386034, 42.510972], [1.5385734, 42.5110443], [1.5385433, 42.5111166], [1.5385133, 42.5111889], [1.5384829, 42.5112609], [1.5384245, 42.5113131], [1.5383661, 42.5113653], [1.5383254, 42.5114243], [1.5382525, 42.5114529], [1.5381797, 42.5114815], [1.5381068, 42.5115101], [1.5380339, 42.5115387], [1.537964, 42.5115733], [1.5378969, 42.5116138], [1.5378299, 42.5116542], [1.5377629, 42.5116947], [1.5376908, 42.5117242], [1.5376166, 42.5117492], [1.5375424, 42.5117741], [1.5374682, 42.5117991], [1.5373939, 42.511824], [1.5373197, 42.511849], [1.5372455, 42.511874], [1.5371713, 42.5118989], [1.5371057, 42.5119383], [1.537048, 42.5119913], [1.5369903, 42.5120443], [1.5369318, 42.5120961], [1.5368666, 42.5121394], [1.5368079, 42.5121911], [1.5367509, 42.5122447], [1.5366871, 42.5122881], [1.5366154, 42.5123195], [1.5365436, 42.5123508], [1.5364719, 42.5123822], [1.5364002, 42.5124136], [1.5363285, 42.5124452], [1.5362569, 42.5124767], [1.536185, 42.5125078], [1.5361109, 42.5125331], [1.5360362, 42.5125563], [1.535976, 42.5126063], [1.5359157, 42.5126563], [1.5358478, 42.5126895], [1.5357705, 42.5127019], [1.5356932, 42.5127144], [1.5356159, 42.5127268], [1.5355386, 42.5127393], [1.5354613, 42.5127517], [1.535384, 42.5127642], [1.5353071, 42.5127787], [1.5352302, 42.5127935], [1.5351565, 42.5128192], [1.5350828, 42.5128454], [1.5350085, 42.5128699]], "mood_vectors": [[0.0876, 0.0589, 0.0749, 0.0228, 0.66, 0.051, 0.045], [0.0126, 0.0544, 0.0489, 0.025, 0.7664, 0.0353, 0.0575], [0.0652, 0.0745, 0.0427, 0.0816, 0.6229, 0.0951, 0.018], [0.0428, 0.0473, 0.0671, 0.0593, 0.6508, 0.075, 0.0579], [0.0303, 0.0479, 0.0565, 0.0587, 0.7551, 0.0326, 0.019], [0.0477, 0.0514, 0.0894, 0.0394, 0.6639, 0.0782, 0.03], [0.0507, 0.0305, 0.0552, 0.0291, 0.7101, 0.0728, 0.0516], [0.0499, 0.0414, 0.0786, 0.0412, 0.7277, 0.0425, 0.0187], [0.0316, 0.066, 0.0548, 0.0616, 0.7133, 0.0366, 0.0362], [0.0265, 0.064, 0.0289, 0.0585, 0.7104, 0.0439, 0.0678], [0.0593, 0.0791, 0.0253, 0.0849, 0.6447, 0.0808, 0.0259], [0.0191, 0.0571, 0.0369, 0.0191, 0.7398, 0.0747, 0.0533], [0.0442, 0.0543, 0.0566, 0.0507, 0.6766, 0.0562, 0.0614], [0.0429, 0.0934, 0.0727, 0.0512, 0.6509, 0.0552, 0.0337], [0.0726, 0.0268, 0.0534, 0.0604, 0.7033, 0.0456, 0.0379], [0.0293, 0.0333, 0.054, 0.0487, 0.7682, 0.054, 0.0126], [0.0313, 0.0705, 0.0237, 0.0521, 0.7168, 0.0256, 0.0799], [0.0421, 0.0634, 0.0251, 0.0793, 0.7303, 0.0271, 0.0327], [0.0469, 0.0839, 0.0673, 0.0603, 0.6331, 0.0403, 0.0682], [0.0526, 0.0654, 0.0132, 0.0417, 0.7264, 0.03, 0.0706], [0.0837, 0.0235, 0.034, 0.0766, 0.7027, 0.021, 0.0585], [0.0738, 0.0476, 0.0301, 0.0631, 0.7127, 0.0178, 0.055], [0.0395, 0.0736, 0.0201, 0.0512, 0.7571, 0.0118, 0.0467], [0.07, 0.0918, 0.0541, 0.0564, 0.6697, 0.0437, 0.0142], [0.0699, 0.0298, 0.0847, 0.0796, 0.6256, 0.0284, 0.0819], [0.0289, 0.0583, 0.0231, 0.0278, 0.7389, 0.0598, 0.0632], [0.0276, 0.029, 0.0666, 0.0658, 0.7071, 0.0715, 0.0324], [0.0703, 0.0452, 0.0492, 0.0462, 0.69, 0.0499, 0.0491], [0.0744, 0.076, 0.0477, 0.0176, 0.6963, 0.0514, 0.0366], [0.0736, 0.0443, 0.0176, 0.0962, 0.6624, 0.0513, 0.0546], [0.0847, 0.0415, 0.0199, 0.0672, 0.6883, 0.034, 0.0644], [0.0231, 0.0244, 0.048, 0.0837, 0.7287, 0.0652, 0.027], [0.0739, 0.0703, 0.0524, 0.0247, 0.6721, 0.0325, 0.0742], [0.0636, 0.0814, 0.0694, 0.0853, 0.6547, 0.0231, 0.0224], [0.0761, 0.0439, 0.0688, 0.0117, 0.708, 0.025, 0.0664], [0.0205, 0.0828, 0.0302, 0.0494, 0.6736, 0.0794, 0.0641], [0.0206, 0.0161, 0.0997, 0.0605, 0.6697, 0.0388, 0.0947], [0.0709, 0.0487, 0.0547, 0.0284, 0.647, 0.0764, 0.0739], [0.0615, 0.0453, 0.0434, 0.0615, 0.6927, 0.042, 0.0535], [0.0643, 0.0391, 0.0733, 0.0575, 0.6517, 0.0263, 0.0878], [0.0287, 0.0321, 0.0463, 0.0724, 0.7398, 0.0564, 0.0244], [0.0233, 0.0144, 0.0425, 0.0842, 0.6828, 0.0596, 0.0932], [0.0602, 0.0706, 0.0289, 0.0457, 0.7491, 0.0137, 0.0318], [0.0436, 0.0677, 0.036, 0.0547, 0.6358, 0.0896, 0.0726], [0.0556, 0.0124, 0.0711, 0.0782, 0.6533, 0.0724, 0.0571], [0.0543, 0.0164, 0.0748, 0.0483, 0.6753, 0.0657, 0.0652], [0.0242, 0.0737, 0.0592, 0.0446, 0.704, 0.0561, 0.0381], [0.0699, 0.0142, 0.0457, 0.0222, 0.6932, 0.0913, 0.0635], [0.0553, 0.0685, 0.0621, 0.0155, 0.7387, 0.0395, 0.0204], [0.0436, 0.0528, 0.0494, 0.05, 0.7219, 0.0355, 0.0468], [0.0664, 0.0436, 0.0241, 0.079, 0.6714, 0.0343, 0.0812], [0.0584, 0.0209, 0.0851, 0.0618, 0.6616, 0.0913, 0.0208], [0.0384, 0.0228, 0.036, 0.0176, 0.8374, 0.0143, 0.0335], [0.0193, 0.0381, 0.026, 0.0354, 0.7375, 0.0676, 0.0761], [0.0886, 0.0217, 0.0239, 0.0637, 0.7044, 0.0231, 0.0747], [0.0348, 0.0497, 0.0237, 0.0402, 0.6943, 0.087, 0.0703], [0.0432, 0.016, 0.0731, 0.0417, 0.7554, 0.0592, 0.0115], [0.0256, 0.0736, 0.0223, 0.0156, 0.6894, 0.0871, 0.0864], [0.0244, 0.0591, 0.0536, 0.0485, 0.7339, 0.0681, 0.0125], [0.0249, 0.081, 0.0584, 0.0625, 0.6565, 0.0401, 0.0767], [0.0746, 0.0304, 0.0632, 0.0708, 0.6439, 0.09, 0.0271], [0.0236, 0.0364, 0.0734, 0.0699, 0.6805, 0.0609, 0.0553], [0.0523, 0.0151, 0.048, 0.0723, 0.7074, 0.0211, 0.0838], [0.0777, 0.0637, 0.0697, 0.047, 0.5884, 0.0811, 0.0724], [0.0298, 0.0949, 0.0791, 0.0184, 0.6482, 0.0961, 0.0336], [0.0217, 0.0318, 0.0661, 0.0779, 0.6902, 0.0469, 0.0654], [0.0404, 0.0645, 0.0713, 0.0117, 0.7254, 0.0431, 0.0436], [0.0738, 0.0258, 0.038, 0.0209, 0.7177, 0.0237, 0.1002], [0.0691, 0.0744, 0.0209, 0.0543, 0.6713, 0.0652, 0.0447], [0.0611, 0.068, 0.0595, 0.0392, 0.7225, 0.023, 0.0267], [0.0847, 0.03, 0.08, 0.0624, 0.643, 0.0525, 0.0473], [0.0499, 0.0216, 0.0653, 0.0477, 0.6983, 0.054, 0.0633], [0.055, 0.0269, 0.0569, 0.0535, 0.7269, 0.0399, 0.0409], [0.0726, 0.0253, 0.0428, 0.0443, 0.7632, 0.037, 0.0148], [0.0401, 0.0213, 0.0968, 0.032, 0.6542, 0.0558, 0.0998], [0.0357, 0.0483, 0.0365, 0.0685, 0.6827, 0.0862, 0.042], [0.0478, 0.0412, 0.0556, 0.0804, 0.676, 0.0656, 0.0333], [0.0652, 0.0137, 0.0777, 0.0457, 0.6771, 0.0588, 0.0618], [0.0615, 0.0247, 0.0153, 0.0678, 0.7827, 0.0315, 0.0164], [0.0616, 0.0548, 0.0374, 0.0519, 0.7384, 0.0439, 0.012]], "emotions": ["red", "red", "red", "red", "red", "red", "red", "red", "red", "red", "red", "red", "red", "red", "red", "red", "red", "red", "red", "red", "red", "red", "red", "red", "red", "red", "red", "red", "red", "red", "red", "red", "red", "red", "red", "red", "red", "red", "red", "red", "red", "red", "red", "red", "red", "red", "red", "red", "red", "red", "red", "red", "red", "red", "red", "red", "red", "red", "red", "red", "red", "red", "red", "red", "red", "red", "red", "red", "red", "red", "red", "red", "red", "red", "red", "red", "red", "red", "red", "red"], "timestamps": [0, 40, 80, 120, 160, 200, 240, 280, 320, 360, 400, 440, 480, 520, 560, 600, 640, 680, 720, 760, 800, 840, 880, 920, 960, 1000, 1040, 1080, 1120, 1160, 1200, 1240, 1280, 1320, 1360, 1400, 1440, 1480, 1520, 1560, 1600, 1640, 1680, 1720, 1760, 1800, 1840, 1880, 1920, 1960, 2000, 2040, 2080, 2120, 2160, 2200, 2240, 2280, 2320, 2360, 2400, 2440, 2480, 2520, 2560, 2600, 2640, 2680, 2720, 2760, 2800, 2840, 2880, 2920, 2960, 3000, 3040, 3080, 3120, 3160]}], "conversation": [], "conversation_timestamps": []}