{"agent_id": "agent-green-1677", "type": "green", "trips": [{"trip_id": 0, "transport_method": "bicycle", "start_time": 0, "path": [[1.5393284, 42.5091743], [1.5391501, 42.5091139], [1.5389718, 42.5090535], [1.5387935, 42.5089931], [1.5387242, 42.5088222], [1.5386197, 42.5087047], [1.5384315, 42.5087079], [1.5382433, 42.5087111], [1.538055, 42.5087144], [1.5378713, 42.5087397], [1.5376976, 42.508812], [1.5375266, 42.5088909], [1.5373557, 42.5089698], [1.5371848, 42.5090487], [1.5370099, 42.5091172], [1.5368787, 42.50923], [1.5367012, 42.5092927], [1.5365173, 42.5093051], [1.5363297, 42.509289], [1.5361422, 42.5092728], [1.5359546, 42.5092566], [1.5357671, 42.5092404], [1.5355795, 42.5092243], [1.5353919, 42.5092081], [1.5352058, 42.5092256], [1.5350203, 42.5092576], [1.5348347, 42.5092896], [1.5346492, 42.5093216], [1.5344637, 42.5093535], [1.5342782, 42.5093855], [1.5340927, 42.5094175], [1.5339071, 42.5094495], [1.5338173, 42.5095945], [1.5337158, 42.509736], [1.5335345, 42.5097829], [1.533352, 42.5097438], [1.5331695, 42.5096982], [1.5329844, 42.5096637], [1.5327968, 42.5096484], [1.5326099, 42.5096267], [1.5324244, 42.5095949], [1.5322435, 42.5095438], [1.5320658, 42.5094818], [1.5318901, 42.5094141], [1.5317144, 42.5093465], [1.5315352, 42.5092891], [1.5313577, 42.5092269], [1.5311825, 42.5091581], [1.5310073, 42.5090893], [1.530832, 42.5090204], [1.5307971, 42.5088633], [1.5306479, 42.5088641], [1.5304642, 42.508905], [1.5302918, 42.5088467], [1.5301229, 42.5087636], [1.529956, 42.5086766], [1.5297771, 42.5086288], [1.529592, 42.5086263], [1.5294136, 42.5086864], [1.5292352, 42.5087464], [1.5290567, 42.5088065], [1.5288783, 42.5088665], [1.5286949, 42.5089075], [1.52851, 42.508943], [1.528341, 42.508972], [1.5281992, 42.5090571], [1.5280552, 42.5089358], [1.5279046, 42.5088228], [1.5277259, 42.5087929], [1.5275377, 42.5087915], [1.5273494, 42.5087926], [1.5271612, 42.5087965], [1.526973, 42.5087998], [1.5267854, 42.5087867], [1.5265989, 42.5087611], [1.5264129, 42.5087321], [1.526226, 42.5087114], [1.5260383, 42.5086977], [1.5258505, 42.508684], [1.5256627, 42.5086703]], "mood_vectors": [[0.0408, 0.0531, 0.0602, 0.075, 0.0365, 0.0565, 0.6779], [0.0246, 0.0604, 0.0506, 0.0746, 0.0223, 0.0198, 0.7477], [0.0457, 0.0315, 0.0305, 0.0453, 0.0434, 0.0779, 0.7257], [0.0538, 0.0363, 0.0169, 0.1008, 0.0405, 0.0412, 0.7106], [0.0991, 0.0344, 0.0229, 0.0806, 0.0346, 0.0358, 0.6926], [0.0307, 0.0287, 0.0409, 0.055, 0.0367, 0.0705, 0.7374], [0.0713, 0.0692, 0.015, 0.0221, 0.0259, 0.027, 0.7695], [0.0638, 0.027, 0.0268, 0.0503, 0.0391, 0.0408, 0.7521], [0.0433, 0.0365, 0.0179, 0.0676, 0.0544, 0.0791, 0.7012], [0.0359, 0.074, 0.0466, 0.0311, 0.0422, 0.0449, 0.7252], [0.0613, 0.0492, 0.0304, 0.0569, 0.0525, 0.0726, 0.6771], [0.0685, 0.0656, 0.0241, 0.0653, 0.0237, 0.028, 0.7247], [0.0413, 0.0712, 0.0424, 0.0736, 0.0142, 0.0397, 0.7176], [0.0638, 0.0705, 0.0721, 0.0732, 0.0538, 0.0842, 0.5823], [0.0302, 0.02, 0.0215, 0.0727, 0.0392, 0.0351, 0.7813], [0.0859, 0.0561, 0.0708, 0.0779, 0.0602, 0.0562, 0.5929], [0.0465, 0.0542, 0.011, 0.0687, 0.0287, 0.0659, 0.725], [0.0487, 0.0582, 0.0454, 0.047, 0.0279, 0.0781, 0.6947], [0.055, 0.0525, 0.0817, 0.0347, 0.0335, 0.0548, 0.6878], [0.0738, 0.0705, 0.0794, 0.0674, 0.0331, 0.0447, 0.6311], [0.0613, 0.0327, 0.0205, 0.0737, 0.0242, 0.024, 0.7635], [0.0202, 0.0998, 0.0374, 0.0464, 0.0208, 0.0451, 0.7304], [0.0633, 0.0765, 0.0376, 0.0784, 0.0458, 0.0731, 0.6253], [0.0541, 0.0309, 0.0516, 0.0436, 0.0831, 0.0305, 0.7063], [0.045, 0.0345, 0.0724, 0.0176, 0.0705, 0.0468, 0.7131], [0.0749, 0.0785, 0.0295, 0.0466, 0.0686, 0.0612, 0.6408], [0.0455, 0.0592, 0.0507, 0.0802, 0.0768, 0.015, 0.6726], [0.07, 0.0189, 0.05, 0.0143, 0.0462, 0.0268, 0.7738], [0.0753, 0.0748, 0.047, 0.0691, 0.0166, 0.0703, 0.6468], [0.038, 0.0425, 0.0637, 0.0603, 0.0679, 0.0709, 0.6568], [0.0698, 0.0676, 0.0328, 0.0651, 0.043, 0.0578, 0.664], [0.0353, 0.0934, 0.0244, 0.0495, 0.0443, 0.0452, 0.7079], [0.0493, 0.0168, 0.0643, 0.0349, 0.0657, 0.0764, 0.6925], [0.0768, 0.0596, 0.0227, 0.0177, 0.0447, 0.0191, 0.7594], [0.0171, 0.0587, 0.0288, 0.0536, 0.0455, 0.0526, 0.7437], [0.0577, 0.0585, 0.0153, 0.0329, 0.0368, 0.023, 0.7758], [0.031, 0.0604, 0.0388, 0.0642, 0.056, 0.0839, 0.6658], [0.0361, 0.0873, 0.0336, 0.0245, 0.0809, 0.0749, 0.6627], [0.0306, 0.026, 0.0575, 0.0417, 0.0592, 0.0335, 0.7515], [0.0467, 0.0717, 0.0835, 0.0412, 0.043, 0.0692, 0.6447], [0.0147, 0.0713, 0.0447, 0.0669, 0.0519, 0.0404, 0.7101], [0.0256, 0.0837, 0.0625, 0.0493, 0.079, 0.0411, 0.6588], [0.0394, 0.02, 0.0299, 0.0744, 0.0542, 0.0439, 0.7381], [0.0417, 0.0583, 0.0365, 0.0536, 0.0754, 0.023, 0.7115], [0.048, 0.056, 0.0723, 0.0274, 0.0767, 0.0162, 0.7034], [0.0614, 0.038, 0.0194, 0.026, 0.0405, 0.0204, 0.7943], [0.0366, 0.0427, 0.0444, 0.0508, 0.0168, 0.0887, 0.7201], [0.0154, 0.0833, 0.0796, 0.0516, 0.0641, 0.0158, 0.6901], [0.077, 0.0461, 0.0347, 0.0466, 0.0173, 0.0772, 0.7011], [0.0904, 0.0551, 0.0596, 0.0282, 0.0454, 0.0197, 0.7017], [0.0716, 0.0507, 0.0167, 0.0359, 0.0237, 0.0293, 0.7722], [0.0348, 0.0177, 0.0932, 0.0164, 0.0891, 0.029, 0.7198], [0.0724, 0.0648, 0.07, 0.0704, 0.0151, 0.0615, 0.6458], [0.0413, 0.056, 0.0402, 0.023, 0.0298, 0.0566, 0.7533], [0.0453, 0.0414, 0.0495, 0.0514, 0.0241, 0.0404, 0.748], [0.0928, 0.0372, 0.0207, 0.0346, 0.0838, 0.0226, 0.7083], [0.0673, 0.0793, 0.0329, 0.0929, 0.082, 0.0551, 0.5906], [0.0525, 0.0797, 0.0297, 0.0264, 0.0463, 0.0191, 0.7463], [0.0873, 0.0769, 0.0139, 0.0772, 0.0483, 0.0498, 0.6467], [0.0835, 0.0384, 0.0173, 0.016, 0.0791, 0.0276, 0.7382], [0.0653, 0.0357, 0.0595, 0.0256, 0.0659, 0.0366, 0.7115], [0.0364, 0.0131, 0.0782, 0.017, 0.0286, 0.0266, 0.8002], [0.0549, 0.0462, 0.0135, 0.053, 0.066, 0.066, 0.7003], [0.039, 0.0463, 0.0481, 0.0726, 0.0534, 0.0651, 0.6755], [0.0149, 0.0483, 0.0446, 0.088, 0.0478, 0.0391, 0.7171], [0.0263, 0.0217, 0.0217, 0.0514, 0.0426, 0.0335, 0.8028], [0.0669, 0.098, 0.0769, 0.0536, 0.0174, 0.0611, 0.6261], [0.0414, 0.0271, 0.0507, 0.0727, 0.0734, 0.0651, 0.6695], [0.0775, 0.0502, 0.0557, 0.0441, 0.0671, 0.0628, 0.6426], [0.0376, 0.0359, 0.0372, 0.0816, 0.0314, 0.0662, 0.7101], [0.0769, 0.0498, 0.0429, 0.0487, 0.0456, 0.0379, 0.6983], [0.0719, 0.0345, 0.0817, 0.0284, 0.0647, 0.0242, 0.6945], [0.0461, 0.057, 0.0675, 0.0427, 0.0277, 0.0332, 0.7257], [0.0385, 0.0264, 0.0489, 0.0767, 0.0741, 0.0469, 0.6886], [0.0214, 0.0446, 0.0159, 0.0444, 0.0325, 0.0923, 0.749], [0.0285, 0.0469, 0.0673, 0.0222, 0.03, 0.0156, 0.7894], [0.0231, 0.0491, 0.0754, 0.0352, 0.0208, 0.0252, 0.7712], [0.0789, 0.0407, 0.0689, 0.0174, 0.0878, 0.0466, 0.6596], [0.0838, 0.0487, 0.0426, 0.0802, 0.0736, 0.0584, 0.6128], [0.0303, 0.0287, 0.0321, 0.0254, 0.0847, 0.0178, 0.7811]], "emotions": ["purple", "purple", "purple", "purple", "purple", "purple", "purple", "purple", "purple", "purple", "purple", "purple", "purple", "purple", "purple", "purple", "purple", "purple", "purple", "purple", "purple", "purple", "purple", "purple", "purple", "purple", "purple", "purple", "purple", "purple", "purple", "purple", "purple", "purple", "purple", "purple", "purple", "purple", "purple", "purple", "purple", "purple", "purple", "purple", "purple", "purple", "purple", "purple", "purple", "purple", "purple", "purple", "purple", "purple", "purple", "purple", "purple", "purple", "purple", "purple", "purple", "purple", "purple", "purple", "purple", "purple", "purple", "purple", "purple", "purple", "purple", "purple", "purple", "purple", "purple", "purple", "purple", "purple", "purple", "purple"], "timestamps": [0, 40, 80, 120, 160, 200, 240, 280, 320, 360, 400, 440, 480, 520, 560, 600, 640, 680, 720, 760, 800, 840, 880, 920, 960, 1000, 1040, 1080, 1120, 1160, 1200, 1240, 1280, 1320, 1360, 1400, 1440, 1480, 1520, 1560, 1600, 1640, 1680, 1720, 1760, 1800, 1840, 1880, 1920, 1960, 2000, 2040, 2080, 2120, 2160, 2200, 2240, 2280, 2320, 2360, 2400, 2440, 2480, 2520, 2560, 2600, 2640, 2680, 2720, 2760, 2800, 2840, 2880, 2920, 2960, 3000, 3040, 3080, 3120, 3160]}], "conversation": [], "conversation_timestamps": []}