{"agent_id": "agent-orange-683", "type": "orange", "trips": [{"trip_id": 0, "transport_method": "foot", "start_time": 0, "path": [[1.5215321, 42.5080651], [1.5214533, 42.5080076], [1.5213746, 42.5079501], [1.5212958, 42.5078926], [1.5212168, 42.5078356], [1.5211244, 42.5078045], [1.5210683, 42.5077611], [1.5210987, 42.5076695], [1.5211221, 42.5075749], [1.5211679, 42.5075108], [1.5212654, 42.5075138], [1.5213629, 42.5075169], [1.5214603, 42.5075199], [1.5215578, 42.5075216], [1.5216552, 42.5075185], [1.5217491, 42.5075124], [1.5218192, 42.50758], [1.5218901, 42.507647], [1.5219612, 42.5077137], [1.5220357, 42.5077435], [1.5221204, 42.507702], [1.5222175, 42.5077105], [1.5223147, 42.5077189], [1.5224118, 42.5077274], [1.522509, 42.5077358], [1.5226061, 42.5077443], [1.5227032, 42.5077527], [1.5228004, 42.5077612], [1.5228975, 42.5077696], [1.5229947, 42.5077781], [1.5230918, 42.5077865], [1.523189, 42.507795], [1.5232664, 42.5078251], [1.5233632, 42.5078136], [1.5234604, 42.5078059], [1.5235577, 42.5077991], [1.5236549, 42.5077923], [1.5237522, 42.5077856], [1.5238495, 42.5077788], [1.5239469, 42.507775], [1.5240444, 42.5077729], [1.5241419, 42.507773], [1.5242392, 42.5077777], [1.524336, 42.5077889], [1.5244318, 42.5078073], [1.5245275, 42.5078258], [1.5246233, 42.5078442], [1.5247153, 42.5078144], [1.5248072, 42.5077816], [1.524899, 42.5077488], [1.5249908, 42.5077159], [1.5250826, 42.5076831], [1.5251745, 42.5076503], [1.5252663, 42.5076175], [1.5253356, 42.5075756], [1.5254329, 42.5075811], [1.5255206, 42.507621], [1.5256064, 42.5076673], [1.5256922, 42.5077136], [1.5257719, 42.5077697], [1.5258511, 42.5078265], [1.5259348, 42.5078759], [1.5260272, 42.5078744], [1.5261215, 42.5078497], [1.5262158, 42.507825], [1.5263102, 42.5078002], [1.5264045, 42.5077755], [1.5265013, 42.5077656], [1.5265985, 42.5077584], [1.5266958, 42.5077512], [1.526793, 42.507744], [1.5268903, 42.5077368], [1.5269875, 42.5077296], [1.5270847, 42.5077223], [1.527182, 42.5077151], [1.5272792, 42.5077079], [1.5273765, 42.5077007], [1.5274737, 42.5076935], [1.527571, 42.5076863], [1.5276682, 42.5076791]], "mood_vectors": [[0.0579, 0.054, 0.02, 0.0383, 0.746, 0.018, 0.0658], [0.0549, 0.0168, 0.0243, 0.0274, 0.7961, 0.0454, 0.0351], [0.0381, 0.0617, 0.0235, 0.0467, 0.7587, 0.0438, 0.0277], [0.0349, 0.0725, 0.0692, 0.0225, 0.7133, 0.0184, 0.0691], [0.0771, 0.0831, 0.0807, 0.0353, 0.5796, 0.0646, 0.0796], [0.0643, 0.0398, 0.0539, 0.0652, 0.7189, 0.0215, 0.0364], [0.0223, 0.0225, 0.0307, 0.05, 0.7937, 0.0659, 0.0149], [0.0547, 0.056, 0.0322, 0.0724, 0.7, 0.0386, 0.046], [0.0462, 0.0362, 0.0387, 0.0254, 0.7706, 0.021, 0.0618], [0.0483, 0.0311, 0.06, 0.0686, 0.7006, 0.0216, 0.0697], [0.0923, 0.0452, 0.0425, 0.0544, 0.6843, 0.0407, 0.0407], [0.0754, 0.0306, 0.0498, 0.054, 0.7164, 0.0329, 0.041], [0.0335, 0.0383, 0.041, 0.0751, 0.7392, 0.0265, 0.0464], [0.0287, 0.0457, 0.0636, 0.0483, 0.6617, 0.0647, 0.0873], [0.0784, 0.0153, 0.0137, 0.0192, 0.752, 0.0803, 0.0411], [0.0394, 0.0704, 0.0386, 0.0635, 0.6813, 0.0539, 0.0529], [0.0486, 0.0491, 0.0564, 0.07, 0.6979, 0.0138, 0.0643], [0.0793, 0.0173, 0.0597, 0.0423, 0.6975, 0.0197, 0.0842], [0.055, 0.0453, 0.0549, 0.048, 0.7465, 0.0176, 0.0328], [0.0411, 0.0825, 0.0892, 0.0194, 0.6512, 0.0347, 0.0819], [0.0317, 0.0209, 0.0835, 0.0498, 0.7284, 0.0278, 0.0579], [0.0681, 0.0339, 0.0156, 0.0837, 0.6623, 0.0684, 0.0679], [0.0276, 0.0684, 0.0917, 0.0447, 0.6528, 0.0885, 0.0262], [0.0768, 0.026, 0.0879, 0.0327, 0.7172, 0.0153, 0.0439], [0.0495, 0.0167, 0.0226, 0.0524, 0.7322, 0.0668, 0.0598], [0.0497, 0.0411, 0.041, 0.0455, 0.7098, 0.0754, 0.0374], [0.0726, 0.0279, 0.0748, 0.0547, 0.6923, 0.0451, 0.0326], [0.0845, 0.0433, 0.0742, 0.0554, 0.644, 0.0449, 0.0537], [0.0241, 0.0668, 0.0349, 0.0614, 0.6886, 0.0756, 0.0486], [0.0246, 0.0478, 0.0241, 0.0129, 0.8037, 0.0465, 0.0405], [0.0653, 0.0194, 0.0506, 0.0108, 0.7423, 0.0496, 0.0621], [0.0176, 0.0199, 0.0251, 0.0593, 0.8121, 0.0221, 0.0439], [0.0309, 0.0774, 0.0518, 0.0642, 0.6771, 0.0216, 0.0769], [0.0663, 0.0577, 0.0222, 0.0225, 0.7357, 0.0757, 0.0199], [0.0716, 0.0732, 0.0709, 0.0419, 0.6148, 0.0698, 0.0578], [0.0222, 0.0702, 0.0465, 0.0391, 0.7253, 0.0475, 0.0492], [0.0431, 0.0519, 0.0627, 0.0717, 0.6834, 0.0215, 0.0656], [0.0407, 0.071, 0.0224, 0.0249, 0.72, 0.0693, 0.0517], [0.0457, 0.0601, 0.0285, 0.0684, 0.744, 0.0395, 0.0137], [0.0317, 0.0379, 0.035, 0.0607, 0.6976, 0.0655, 0.0716], [0.0478, 0.0572, 0.0851, 0.0481, 0.7192, 0.0227, 0.0199], [0.0741, 0.0489, 0.0717, 0.0404, 0.6784, 0.022, 0.0644], [0.0357, 0.0395, 0.0172, 0.0417, 0.7657, 0.0536, 0.0467], [0.0314, 0.044, 0.0413, 0.0609, 0.6951, 0.0418, 0.0855], [0.044, 0.0496, 0.0689, 0.0281, 0.7116, 0.0444, 0.0534], [0.0676, 0.0632, 0.0727, 0.0389, 0.6551, 0.0786, 0.0239], [0.0601, 0.0139, 0.0134, 0.0691, 0.7672, 0.0408, 0.0355], [0.0312, 0.0231, 0.0625, 0.0844, 0.706, 0.0512, 0.0417], [0.0558, 0.0662, 0.0619, 0.0673, 0.6493, 0.0507, 0.0488], [0.0307, 0.0507, 0.0898, 0.0444, 0.6609, 0.0528, 0.0706], [0.0638, 0.0492, 0.0669, 0.0557, 0.638, 0.0647, 0.0618], [0.0784, 0.0322, 0.0599, 0.0854, 0.6649, 0.0598, 0.0194], [0.0189, 0.0622, 0.03, 0.0606, 0.7107, 0.0553, 0.0624], [0.0757, 0.0592, 0.0372, 0.048, 0.7268, 0.0287, 0.0243], [0.0621, 0.0169, 0.0858, 0.0665, 0.6763, 0.0199, 0.0726], [0.0595, 0.0359, 0.0606, 0.0527, 0.7012, 0.0501, 0.0399], [0.0627, 0.0773, 0.0739, 0.0862, 0.598, 0.0485, 0.0534], [0.0526, 0.0516, 0.0353, 0.0538, 0.7191, 0.044, 0.0437], [0.0361, 0.031, 0.0607, 0.0218, 0.7736, 0.0403, 0.0366], [0.0651, 0.031, 0.014, 0.0669, 0.6893, 0.0604, 0.0734], [0.0429, 0.014, 0.0852, 0.0298, 0.7651, 0.0233, 0.0397], [0.0801, 0.0629, 0.0713, 0.0256, 0.656, 0.0168, 0.0874], [0.0427, 0.0746, 0.0928, 0.0646, 0.6279, 0.0822, 0.015], [0.0238, 0.0398, 0.0348, 0.0208, 0.7873, 0.058, 0.0355], [0.0575, 0.0184, 0.0399, 0.0251, 0.7309, 0.053, 0.0752], [0.0321, 0.067, 0.0739, 0.0556, 0.6723, 0.0725, 0.0266], [0.0248, 0.0338, 0.064, 0.0995, 0.5978, 0.0842, 0.0959], [0.0298, 0.0557, 0.0585, 0.0776, 0.7019, 0.0489, 0.0276], [0.063, 0.0485, 0.031, 0.035, 0.7406, 0.0146, 0.0673], [0.0269, 0.0785, 0.0789, 0.0588, 0.6904, 0.0199, 0.0465], [0.0764, 0.0162, 0.0532, 0.0372, 0.6432, 0.0881, 0.0856], [0.0364, 0.0383, 0.0668, 0.0588, 0.687, 0.0686, 0.0441], [0.0893, 0.0818, 0.0187, 0.0188, 0.7271, 0.0398, 0.0245], [0.0745, 0.0579, 0.0553, 0.0607, 0.6277, 0.0683, 0.0557], [0.0688, 0.0352, 0.0588, 0.0699, 0.6496, 0.0491, 0.0688], [0.019, 0.0748, 0.0593, 0.0452, 0.7193, 0.0279, 0.0545], [0.0704, 0.0512, 0.0229, 0.0416, 0.7456, 0.0418, 0.0264], [0.0262, 0.0183, 0.0811, 0.054, 0.7421, 0.0487, 0.0296], [0.016, 0.0688, 0.0152, 0.0855, 0.6492, 0.0871, 0.0782], [0.026, 0.0136, 0.0855, 0.0483, 0.7369, 0.0489, 0.0407]], "emotions": ["red", "red", "red", "red", "red", "red", "red", "red", "red", "red", "red", "red", "red", "red", "red", "red", "red", "red", "red", "red", "red", "red", "red", "red", "red", "red", "red", "red", "red", "red", "red", "red", "red", "red", "red", "red", "red", "red", "red", "red", "red", "red", "red", "red", "red", "red", "red", "red", "red", "red", "red", "red", "red", "red", "red", "red", "red", "red", "red", "red", "red", "red", "red", "red", "red", "red", "red", "red", "red", "red", "red", "red", "red", "red", "red", "red", "red", "red", "red", "red"], "timestamps": [0, 40, 80, 120, 160, 200, 240, 280, 320, 360, 400, 440, 480, 520, 560, 600, 640, 680, 720, 760, 800, 840, 880, 920, 960, 1000, 1040, 1080, 1120, 1160, 1200, 1240, 1280, 1320, 1360, 1400, 1440, 1480, 1520, 1560, 1600, 1640, 1680, 1720, 1760, 1800, 1840, 1880, 1920, 1960, 2000, 2040, 2080, 2120, 2160, 2200, 2240, 2280, 2320, 2360, 2400, 2440, 2480, 2520, 2560, 2600, 2640, 2680, 2720, 2760, 2800, 2840, 2880, 2920, 2960, 3000, 3040, 3080, 3120, 3160]}], "conversation": [], "conversation_timestamps": []}