{"agent_id": "agent-orange-348", "type": "orange", "trips": [{"trip_id": 0, "transport_method": "foot", "start_time": 0, "path": [[1.5232236, 42.5045559], [1.5236641, 42.5046906], [1.5241196, 42.504794], [1.5245856, 42.5048448], [1.5241657, 42.504799], [1.5243886, 42.5048366], [1.5248524, 42.5049052], [1.5253161, 42.5049737], [1.5257799, 42.5050423], [1.5262447, 42.5050877], [1.5267079, 42.5051043], [1.5271542, 42.5052473], [1.5276055, 42.5053211], [1.5275803, 42.5053189], [1.5277214, 42.5053236], [1.5281894, 42.5052955], [1.5286539, 42.5053274], [1.5291157, 42.5054081], [1.5295775, 42.5054887], [1.5300392, 42.5055701], [1.5304969, 42.5056702], [1.5309546, 42.5057706], [1.531416, 42.5058531], [1.5318806, 42.5058624], [1.5322921, 42.5060745], [1.5327198, 42.5062564], [1.5331789, 42.5063513], [1.533638, 42.5064462], [1.5340976, 42.5065314], [1.5345624, 42.5065455], [1.53502, 42.5066462], [1.5354792, 42.5067405], [1.5359384, 42.5068349], [1.5363947, 42.5069391], [1.5368442, 42.5069948], [1.5372277, 42.5071776], [1.537691, 42.5072491], [1.5381543, 42.5073206], [1.5386176, 42.5073922], [1.5390809, 42.5074637], [1.5395442, 42.5075353], [1.5400075, 42.5076068], [1.5397688, 42.5075769], [1.539309, 42.5074857], [1.5388491, 42.5073949], [1.5383883, 42.5073087], [1.5379269, 42.5072258], [1.5374652, 42.5071443], [1.5370008, 42.507125], [1.5373177, 42.5071905], [1.5377812, 42.507261], [1.5382447, 42.5073314], [1.5387081, 42.5074019], [1.5391716, 42.5074723], [1.5396351, 42.5075428], [1.5400985, 42.5076133], [1.540562, 42.5076837], [1.5410254, 42.5077545], [1.541484, 42.5078512], [1.5419413, 42.5079544], [1.5424008, 42.5080471], [1.5428633, 42.5081232], [1.5433259, 42.5081991], [1.5437706, 42.5083452], [1.5442112, 42.5084989], [1.5446758, 42.5084854], [1.5451258, 42.5083568], [1.5455865, 42.5083318], [1.5460388, 42.5082087], [1.546501, 42.508139], [1.5469642, 42.508203], [1.5473781, 42.5082245], [1.5477846, 42.5079944], [1.548156, 42.5077086], [1.5484593, 42.5073612], [1.548787, 42.5074003], [1.5485799, 42.5078209], [1.5484005, 42.50817], [1.5485678, 42.5077332], [1.5488179, 42.5073376]], "mood_vectors": [[0.055, 0.0815, 0.0759, 0.0309, 0.6519, 0.0462, 0.0587], [0.0248, 0.0154, 0.0555, 0.0859, 0.7553, 0.0401, 0.023], [0.0418, 0.0386, 0.0153, 0.0388, 0.7782, 0.0687, 0.0185], [0.0287, 0.0218, 0.0342, 0.058, 0.7079, 0.0778, 0.0717], [0.0579, 0.0611, 0.034, 0.0372, 0.7112, 0.0478, 0.0508], [0.0889, 0.0385, 0.0282, 0.0315, 0.7273, 0.0596, 0.0259], [0.057, 0.0532, 0.0518, 0.0613, 0.6846, 0.0448, 0.0474], [0.0545, 0.0714, 0.0721, 0.0185, 0.6856, 0.0668, 0.0311], [0.067, 0.0634, 0.0223, 0.0674, 0.7067, 0.0597, 0.0135], [0.0165, 0.0252, 0.077, 0.0652, 0.76, 0.0365, 0.0195], [0.0571, 0.0408, 0.0425, 0.0321, 0.7244, 0.0778, 0.0253], [0.0519, 0.0734, 0.0306, 0.0799, 0.6578, 0.0302, 0.0762], [0.0295, 0.0522, 0.0255, 0.0278, 0.7597, 0.0734, 0.032], [0.0256, 0.0724, 0.0701, 0.065, 0.6999, 0.0346, 0.0324], [0.0792, 0.0175, 0.0848, 0.0788, 0.7048, 0.0214, 0.0134], [0.0317, 0.0544, 0.0507, 0.0386, 0.6587, 0.0771, 0.0889], [0.0464, 0.0581, 0.0169, 0.0735, 0.7217, 0.0602, 0.0232], [0.0219, 0.0413, 0.053, 0.0186, 0.8004, 0.0294, 0.0355], [0.0419, 0.0368, 0.0696, 0.0465, 0.6494, 0.093, 0.0628], [0.0611, 0.0665, 0.0326, 0.0197, 0.7264, 0.0369, 0.0567], [0.0521, 0.0268, 0.0411, 0.0649, 0.7201, 0.0473, 0.0478], [0.0228, 0.0214, 0.0436, 0.0672, 0.7391, 0.0686, 0.0373], [0.0256, 0.0721, 0.0453, 0.043, 0.6639, 0.0762, 0.0739], [0.0671, 0.0373, 0.0496, 0.0221, 0.7768, 0.0329, 0.0141], [0.0883, 0.025, 0.0498, 0.0327, 0.7049, 0.062, 0.0373], [0.0594, 0.0198, 0.0293, 0.0722, 0.7151, 0.053, 0.0513], [0.0245, 0.054, 0.0444, 0.0697, 0.6901, 0.051, 0.0663], [0.0389, 0.0607, 0.0311, 0.0538, 0.7063, 0.041, 0.0683], [0.03, 0.0734, 0.0753, 0.07, 0.6078, 0.0743, 0.0691], [0.0238, 0.0802, 0.0273, 0.0762, 0.6762, 0.0457, 0.0706], [0.0435, 0.0765, 0.0202, 0.0675, 0.7457, 0.0164, 0.0303], [0.0229, 0.0606, 0.0746, 0.0695, 0.7151, 0.041, 0.0163], [0.0518, 0.0796, 0.075, 0.021, 0.6788, 0.0403, 0.0535], [0.0881, 0.0231, 0.0223, 0.0823, 0.653, 0.0612, 0.0701], [0.0661, 0.0794, 0.06, 0.0216, 0.6333, 0.0516, 0.0879], [0.0359, 0.0703, 0.0389, 0.0175, 0.7344, 0.0663, 0.0367], [0.0665, 0.0223, 0.0122, 0.0216, 0.7788, 0.0753, 0.0233], [0.0893, 0.0826, 0.017, 0.052, 0.6956, 0.0398, 0.0237], [0.072, 0.0647, 0.0123, 0.0326, 0.7658, 0.0212, 0.0313], [0.0239, 0.072, 0.0305, 0.0659, 0.7174, 0.0526, 0.0376], [0.0907, 0.0336, 0.0509, 0.0412, 0.6851, 0.0616, 0.0368], [0.0193, 0.0819, 0.0267, 0.0844, 0.7055, 0.0395, 0.0426], [0.0818, 0.0683, 0.0799, 0.0616, 0.6045, 0.0636, 0.0403], [0.0671, 0.0701, 0.066, 0.0611, 0.6403, 0.0529, 0.0425], [0.0522, 0.0212, 0.0737, 0.0628, 0.6672, 0.0644, 0.0584], [0.057, 0.0905, 0.0691, 0.0474, 0.6915, 0.0198, 0.0248], [0.0703, 0.033, 0.0388, 0.0351, 0.6925, 0.0603, 0.07], [0.0327, 0.0299, 0.0143, 0.0782, 0.7525, 0.0527, 0.0398], [0.0247, 0.038, 0.0557, 0.016, 0.7163, 0.0701, 0.0791], [0.0512, 0.0727, 0.0336, 0.0641, 0.712, 0.0208, 0.0455], [0.0659, 0.0265, 0.0693, 0.0329, 0.7078, 0.0601, 0.0375], [0.0454, 0.0303, 0.0377, 0.0691, 0.763, 0.0368, 0.0176], [0.0526, 0.0623, 0.0301, 0.0151, 0.7337, 0.0786, 0.0275], [0.0665, 0.0697, 0.0485, 0.0461, 0.6431, 0.0687, 0.0573], [0.0399, 0.031, 0.0317, 0.0727, 0.7275, 0.0555, 0.0416], [0.045, 0.0194, 0.0949, 0.0977, 0.6534, 0.0747, 0.0149], [0.0726, 0.063, 0.0394, 0.0451, 0.6972, 0.067, 0.0156], [0.0358, 0.0489, 0.0336, 0.0527, 0.7104, 0.0492, 0.0694], [0.0541, 0.0705, 0.0552, 0.0606, 0.6551, 0.0609, 0.0436], [0.025, 0.0543, 0.0259, 0.0735, 0.6781, 0.0618, 0.0815], [0.0411, 0.034, 0.0187, 0.0249, 0.806, 0.0241, 0.0512], [0.0489, 0.0354, 0.031, 0.067, 0.757, 0.041, 0.0196], [0.0233, 0.0779, 0.074, 0.076, 0.6589, 0.0483, 0.0415], [0.0517, 0.038, 0.0198, 0.0354, 0.7506, 0.0854, 0.0191], [0.0465, 0.0419, 0.0805, 0.0841, 0.6479, 0.0462, 0.0528], [0.043, 0.0227, 0.0201, 0.0199, 0.8046, 0.0436, 0.046], [0.0351, 0.0203, 0.0558, 0.0925, 0.6945, 0.0752, 0.0266], [0.0414, 0.0612, 0.0362, 0.0925, 0.6897, 0.0305, 0.0484], [0.0161, 0.0445, 0.0254, 0.074, 0.7067, 0.0872, 0.046], [0.0265, 0.053, 0.0659, 0.0659, 0.6607, 0.061, 0.0671], [0.0296, 0.0643, 0.0858, 0.0261, 0.7077, 0.0643, 0.0222], [0.0352, 0.0295, 0.0944, 0.0808, 0.6663, 0.0448, 0.049], [0.0133, 0.0238, 0.0667, 0.0323, 0.7416, 0.0852, 0.0372], [0.0158, 0.055, 0.029, 0.016, 0.7492, 0.0776, 0.0574], [0.0722, 0.0771, 0.0741, 0.0154, 0.6703, 0.0222, 0.0687], [0.0652, 0.0554, 0.0689, 0.0223, 0.7353, 0.0162, 0.0366], [0.0823, 0.0171, 0.0644, 0.0727, 0.6671, 0.0214, 0.075], [0.0835, 0.0413, 0.0857, 0.024, 0.7048, 0.0176, 0.0431], [0.047, 0.0666, 0.0361, 0.0197, 0.7308, 0.0803, 0.0195], [0.0774, 0.0151, 0.0429, 0.0556, 0.7045, 0.082, 0.0223]], "emotions": ["red", "red", "red", "red", "red", "red", "red", "red", "red", "red", "red", "red", "red", "red", "red", "red", "red", "red", "red", "red", "red", "red", "red", "red", "red", "red", "red", "red", "red", "red", "red", "red", "red", "red", "red", "red", "red", "red", "red", "red", "red", "red", "red", "red", "red", "red", "red", "red", "red", "red", "red", "red", "red", "red", "red", "red", "red", "red", "red", "red", "red", "red", "red", "red", "red", "red", "red", "red", "red", "red", "red", "red", "red", "red", "red", "red", "red", "red", "red", "red"], "timestamps": [0, 40, 80, 120, 160, 200, 240, 280, 320, 360, 400, 440, 480, 520, 560, 600, 640, 680, 720, 760, 800, 840, 880, 920, 960, 1000, 1040, 1080, 1120, 1160, 1200, 1240, 1280, 1320, 1360, 1400, 1440, 1480, 1520, 1560, 1600, 1640, 1680, 1720, 1760, 1800, 1840, 1880, 1920, 1960, 2000, 2040, 2080, 2120, 2160, 2200, 2240, 2280, 2320, 2360, 2400, 2440, 2480, 2520, 2560, 2600, 2640, 2680, 2720, 2760, 2800, 2840, 2880, 2920, 2960, 3000, 3040, 3080, 3120, 3160]}], "conversation": [], "conversation_timestamps": []}