{"agent_id": "agent-red-1106", "type": "red", "trips": [{"trip_id": 0, "transport_method": "car", "start_time": 0, "path": [[1.5793951, 42.5354513], [1.5802555, 42.534108], [1.5829878, 42.5351725], [1.5861417, 42.5353611], [1.5890515, 42.5354553], [1.5922248, 42.5361068], [1.5953717, 42.5367142], [1.5982347, 42.5364733], [1.6015198, 42.5368953], [1.6048298, 42.5371807], [1.6077106, 42.5361187], [1.6110057, 42.5363037], [1.6142803, 42.5365378], [1.6175266, 42.5370731], [1.6180402, 42.5364306], [1.6167281, 42.5352321], [1.6199488, 42.5357295], [1.6232413, 42.5352241], [1.626313, 42.5360199], [1.6245017, 42.5378633], [1.6269236, 42.5385183], [1.6255872, 42.5381877], [1.6275729, 42.5386469], [1.6308693, 42.539079], [1.6341536, 42.5390951], [1.6373828, 42.5396773], [1.6404391, 42.5406974], [1.6434995, 42.5415161], [1.6464554, 42.5416427], [1.6496175, 42.5422386], [1.6525147, 42.5423671], [1.6555653, 42.5413102], [1.6587765, 42.5404317], [1.6579645, 42.5407029], [1.6569793, 42.5409426], [1.6601749, 42.5399807], [1.6633309, 42.5392801], [1.666668, 42.539248], [1.670005, 42.5392159], [1.6701887, 42.5394291], [1.6668757, 42.5391926], [1.6638491, 42.5385443], [1.6624728, 42.5379527], [1.6632908, 42.5392582], [1.6666271, 42.539182], [1.6699634, 42.5391057], [1.6732806, 42.5390086], [1.6745183, 42.5380395], [1.6775842, 42.5392349], [1.6806111, 42.5406298], [1.6834958, 42.5421818], [1.6839001, 42.5450835], [1.683226, 42.5475241], [1.6813112, 42.5497584], [1.6796118, 42.55149], [1.6811708, 42.5533271], [1.6840678, 42.5543422], [1.6868702, 42.5556928], [1.6869282, 42.5567993], [1.6881518, 42.5579201], [1.6888127, 42.5574295], [1.6905552, 42.5554359], [1.6929685, 42.5531475], [1.6954766, 42.5509797], [1.6975371, 42.5483578], [1.7000293, 42.54622], [1.702958, 42.544822], [1.7062647, 42.5444188], [1.7095938, 42.5441864], [1.7129271, 42.5440357], [1.7162632, 42.5439518], [1.7195985, 42.5438386], [1.7229342, 42.5437561], [1.7262614, 42.5439653], [1.7294687, 42.5448506], [1.7324386, 42.5463622], [1.7344627, 42.5467381], [1.7348969, 42.5457043], [1.7345606, 42.5443961], [1.7338105, 42.5419344]], "mood_vectors": [[0.6935, 0.0315, 0.068, 0.0351, 0.063, 0.0409, 0.068], [0.7418, 0.0662, 0.0377, 0.0403, 0.0325, 0.0529, 0.0287], [0.7999, 0.0523, 0.0553, 0.0151, 0.0489, 0.0148, 0.0138], [0.6317, 0.0768, 0.0201, 0.0828, 0.09, 0.0502, 0.0485], [0.6404, 0.0428, 0.0423, 0.051, 0.0739, 0.0524, 0.0973], [0.6803, 0.0609, 0.0429, 0.0591, 0.0632, 0.0403, 0.0532], [0.6911, 0.0454, 0.0461, 0.0797, 0.031, 0.0652, 0.0414], [0.6857, 0.0367, 0.0265, 0.0834, 0.0465, 0.0843, 0.0368], [0.7615, 0.0473, 0.0193, 0.0385, 0.0572, 0.0588, 0.0174], [0.6895, 0.0708, 0.0584, 0.0282, 0.0404, 0.0492, 0.0635], [0.7749, 0.0173, 0.0255, 0.0795, 0.0146, 0.0365, 0.0517], [0.7824, 0.0553, 0.0334, 0.0197, 0.0459, 0.0397, 0.0236], [0.7025, 0.0539, 0.0281, 0.0483, 0.0372, 0.0456, 0.0845], [0.6988, 0.0405, 0.0579, 0.0542, 0.0266, 0.0532, 0.0688], [0.7135, 0.072, 0.0365, 0.0339, 0.0618, 0.0212, 0.061], [0.7108, 0.0539, 0.0545, 0.0491, 0.0397, 0.029, 0.0631], [0.6652, 0.0743, 0.0659, 0.037, 0.0194, 0.0529, 0.0853], [0.6248, 0.0922, 0.0963, 0.0767, 0.0273, 0.0607, 0.0218], [0.6371, 0.0884, 0.0826, 0.0614, 0.0541, 0.0403, 0.036], [0.7454, 0.0583, 0.0199, 0.0775, 0.0626, 0.0228, 0.0136], [0.7167, 0.0531, 0.0635, 0.0182, 0.0543, 0.059, 0.0351], [0.74, 0.0694, 0.0529, 0.0224, 0.0187, 0.0344, 0.0622], [0.662, 0.0601, 0.0584, 0.0657, 0.057, 0.0261, 0.0708], [0.8107, 0.0198, 0.0185, 0.0159, 0.0387, 0.0784, 0.0179], [0.7377, 0.02, 0.0293, 0.0772, 0.0426, 0.0283, 0.0648], [0.7706, 0.0474, 0.0348, 0.0162, 0.0195, 0.0278, 0.0836], [0.704, 0.0502, 0.0641, 0.038, 0.0344, 0.0551, 0.0543], [0.7295, 0.0565, 0.0383, 0.0261, 0.0577, 0.0343, 0.0577], [0.7552, 0.0324, 0.0198, 0.0886, 0.0344, 0.0425, 0.0272], [0.7104, 0.0321, 0.0708, 0.0683, 0.0514, 0.0165, 0.0504], [0.6325, 0.0719, 0.0514, 0.0165, 0.057, 0.0831, 0.0875], [0.6546, 0.0955, 0.0147, 0.094, 0.0509, 0.0502, 0.0401], [0.7031, 0.0383, 0.0341, 0.0541, 0.0765, 0.0575, 0.0364], [0.7708, 0.0311, 0.0135, 0.0494, 0.0511, 0.071, 0.0129], [0.6276, 0.0549, 0.0645, 0.0624, 0.0452, 0.0719, 0.0736], [0.7098, 0.0413, 0.066, 0.0201, 0.0185, 0.079, 0.0653], [0.6622, 0.0779, 0.0796, 0.0502, 0.0305, 0.0577, 0.0419], [0.7171, 0.0315, 0.0728, 0.0613, 0.0237, 0.0646, 0.0291], [0.6678, 0.0779, 0.0649, 0.0617, 0.0163, 0.067, 0.0445], [0.6797, 0.0487, 0.0527, 0.0291, 0.0569, 0.0736, 0.0593], [0.768, 0.0211, 0.0815, 0.0247, 0.0764, 0.0124, 0.0159], [0.6456, 0.0525, 0.0805, 0.0738, 0.0249, 0.0481, 0.0747], [0.736, 0.0364, 0.0657, 0.0573, 0.0186, 0.033, 0.0529], [0.6995, 0.078, 0.049, 0.0451, 0.0794, 0.0358, 0.0132], [0.7072, 0.0419, 0.0497, 0.0374, 0.0598, 0.0498, 0.0542], [0.6627, 0.0538, 0.0527, 0.0464, 0.084, 0.0351, 0.0654], [0.7217, 0.0558, 0.0371, 0.0541, 0.0294, 0.0537, 0.0482], [0.6724, 0.0722, 0.0531, 0.0164, 0.0736, 0.0446, 0.0677], [0.7117, 0.0704, 0.0505, 0.0694, 0.0448, 0.0114, 0.0417], [0.7183, 0.0218, 0.0482, 0.0625, 0.0624, 0.0135, 0.0733], [0.6583, 0.0536, 0.0956, 0.0226, 0.0544, 0.0397, 0.0757], [0.6596, 0.0686, 0.0513, 0.0514, 0.0772, 0.079, 0.0129], [0.7186, 0.0268, 0.0669, 0.0304, 0.0383, 0.0614, 0.0577], [0.6631, 0.0356, 0.061, 0.0382, 0.0809, 0.0305, 0.0908], [0.7215, 0.0234, 0.0571, 0.0298, 0.0787, 0.0445, 0.045], [0.655, 0.0756, 0.0565, 0.028, 0.0567, 0.0566, 0.0716], [0.7718, 0.033, 0.0297, 0.0366, 0.0236, 0.0469, 0.0584], [0.6375, 0.0809, 0.0857, 0.0687, 0.0523, 0.0418, 0.0332], [0.6778, 0.0168, 0.086, 0.0867, 0.0196, 0.0458, 0.0672], [0.6932, 0.0757, 0.0535, 0.0528, 0.0284, 0.0491, 0.0473], [0.6574, 0.0859, 0.0289, 0.0807, 0.0456, 0.0307, 0.0708], [0.7021, 0.0576, 0.0342, 0.0224, 0.0669, 0.0502, 0.0666], [0.7089, 0.0765, 0.0384, 0.0382, 0.0502, 0.0322, 0.0556], [0.7112, 0.0359, 0.0399, 0.0231, 0.0731, 0.0449, 0.0719], [0.6856, 0.0713, 0.062, 0.0452, 0.038, 0.0368, 0.0612], [0.6863, 0.0322, 0.0526, 0.0922, 0.0205, 0.0362, 0.0799], [0.6673, 0.066, 0.0236, 0.0585, 0.0784, 0.0264, 0.0799], [0.6734, 0.0486, 0.0307, 0.0621, 0.056, 0.0546, 0.0745], [0.6627, 0.0617, 0.02, 0.0652, 0.0599, 0.0497, 0.0809], [0.6869, 0.0342, 0.0701, 0.0518, 0.0809, 0.0334, 0.0426], [0.7548, 0.0415, 0.073, 0.0479, 0.0157, 0.0347, 0.0325], [0.6708, 0.0612, 0.0578, 0.0441, 0.0682, 0.0357, 0.0623], [0.6619, 0.0485, 0.0475, 0.0461, 0.0851, 0.072, 0.0391], [0.7702, 0.0482, 0.0425, 0.0792, 0.012, 0.0222, 0.0257], [0.6983, 0.0145, 0.0646, 0.072, 0.0518, 0.0314, 0.0673], [0.7688, 0.0342, 0.0164, 0.0371, 0.0717, 0.051, 0.0207], [0.7111, 0.063, 0.0731, 0.0268, 0.031, 0.0593, 0.0358], [0.7173, 0.0481, 0.0162, 0.0799, 0.0818, 0.0162, 0.0406], [0.7027, 0.0522, 0.0582, 0.0761, 0.0649, 0.0283, 0.0176], [0.6643, 0.0205, 0.0928, 0.0882, 0.022, 0.0462, 0.066]], "emotions": ["red", "red", "red", "red", "red", "red", "red", "red", "red", "red", "red", "red", "red", "red", "red", "red", "red", "red", "red", "red", "red", "red", "red", "red", "red", "red", "red", "red", "red", "red", "red", "red", "red", "red", "red", "red", "red", "red", "red", "red", "red", "red", "red", "red", "red", "red", "red", "red", "red", "red", "red", "red", "red", "red", "red", "red", "red", "red", "red", "red", "red", "red", "red", "red", "red", "red", "red", "red", "red", "red", "red", "red", "red", "red", "red", "red", "red", "red", "red", "red"], "timestamps": [0, 40, 80, 120, 160, 200, 240, 280, 320, 360, 400, 440, 480, 520, 560, 600, 640, 680, 720, 760, 800, 840, 880, 920, 960, 1000, 1040, 1080, 1120, 1160, 1200, 1240, 1280, 1320, 1360, 1400, 1440, 1480, 1520, 1560, 1600, 1640, 1680, 1720, 1760, 1800, 1840, 1880, 1920, 1960, 2000, 2040, 2080, 2120, 2160, 2200, 2240, 2280, 2320, 2360, 2400, 2440, 2480, 2520, 2560, 2600, 2640, 2680, 2720, 2760, 2800, 2840, 2880, 2920, 2960, 3000, 3040, 3080, 3120, 3160]}], "conversation": [], "conversation_timestamps": []}