{"agent_id": "agent-orange-368", "type": "orange", "trips": [{"trip_id": 0, "transport_method": "bus", "start_time": 0, "path": [[1.5136615, 42.5049289], [1.5140187, 42.5051839], [1.5139571, 42.504917], [1.513631, 42.5046162], [1.5132921, 42.5043297], [1.5129483, 42.5040598], [1.5125437, 42.5038779], [1.51214, 42.5036942], [1.5123302, 42.5037279], [1.5127556, 42.5038539], [1.5131811, 42.5039799], [1.5135481, 42.5041632], [1.5138613, 42.5044774], [1.5142298, 42.5047247], [1.5145222, 42.5050315], [1.5146677, 42.5054507], [1.5149111, 42.5058207], [1.5152005, 42.5061501], [1.5156214, 42.5062779], [1.5160415, 42.5064062], [1.5164772, 42.5064788], [1.5169191, 42.5065198], [1.5173609, 42.5065608], [1.5178015, 42.5066124], [1.5182179, 42.5067541], [1.518636, 42.5068961], [1.5189682, 42.5069327], [1.5193391, 42.5071622], [1.5197237, 42.507383], [1.5201522, 42.5074061], [1.5205795, 42.507471], [1.5210185, 42.5075061], [1.521462, 42.50752], [1.5218595, 42.5076181], [1.5222291, 42.5077115], [1.5226712, 42.50775], [1.5231133, 42.5077884], [1.5235354, 42.5078006], [1.5239783, 42.5077743], [1.5244196, 42.507805], [1.5248505, 42.5079092], [1.5252769, 42.5080321], [1.5256967, 42.5081737], [1.5261296, 42.5082614], [1.5265668, 42.5083363], [1.5270097, 42.508359], [1.5274532, 42.5083704], [1.5278686, 42.5085204], [1.5282745, 42.5086995], [1.5286909, 42.5088448], [1.5291246, 42.5089386], [1.5288449, 42.5088813], [1.5292758, 42.5089875], [1.5297066, 42.5090937], [1.5301294, 42.5092275], [1.5305493, 42.5093709], [1.5309673, 42.5094385], [1.531382, 42.5095964], [1.5317988, 42.5097484], [1.5322213, 42.5098604], [1.5326424, 42.5099647], [1.5330846, 42.5100003], [1.5335088, 42.5099462], [1.5339, 42.5099034], [1.5343413, 42.5099186], [1.5347846, 42.5099122], [1.535228, 42.5098933], [1.5356705, 42.509923], [1.5361135, 42.5099483], [1.5365487, 42.5100197], [1.5369888, 42.5100334], [1.5374322, 42.5100279], [1.5378757, 42.5100417], [1.5383193, 42.5100536], [1.5387615, 42.5100703], [1.5391349, 42.5102589], [1.5395252, 42.5100703], [1.5399278, 42.5098843], [1.5402753, 42.5096187], [1.5406917, 42.5094652]], "mood_vectors": [[0.0347, 0.0366, 0.0702, 0.0239, 0.6821, 0.0752, 0.0774], [0.0593, 0.0849, 0.0334, 0.0208, 0.6982, 0.0265, 0.077], [0.0665, 0.0167, 0.0726, 0.0436, 0.6877, 0.0733, 0.0396], [0.0555, 0.0732, 0.0241, 0.0604, 0.7002, 0.0196, 0.067], [0.0657, 0.0415, 0.038, 0.0181, 0.7835, 0.0312, 0.022], [0.059, 0.0532, 0.0607, 0.0569, 0.7204, 0.015, 0.0348], [0.0359, 0.0207, 0.03, 0.036, 0.7553, 0.0292, 0.093], [0.0772, 0.0831, 0.0591, 0.0707, 0.6183, 0.0457, 0.0459], [0.0728, 0.0185, 0.0252, 0.0263, 0.7915, 0.0238, 0.0418], [0.0191, 0.0461, 0.0301, 0.0829, 0.7248, 0.0341, 0.0629], [0.0865, 0.0224, 0.0596, 0.0234, 0.7192, 0.0625, 0.0264], [0.0169, 0.0554, 0.0608, 0.0352, 0.772, 0.0145, 0.0452], [0.078, 0.0763, 0.0147, 0.0215, 0.7056, 0.0552, 0.0487], [0.072, 0.0565, 0.0605, 0.0164, 0.6751, 0.0667, 0.0528], [0.0415, 0.0217, 0.0603, 0.0208, 0.7447, 0.067, 0.0439], [0.0215, 0.0789, 0.0433, 0.0574, 0.7009, 0.0833, 0.0148], [0.0439, 0.0802, 0.0597, 0.023, 0.6902, 0.0634, 0.0397], [0.0291, 0.0138, 0.0196, 0.0436, 0.821, 0.0268, 0.0461], [0.0189, 0.0208, 0.055, 0.0599, 0.7563, 0.0518, 0.0372], [0.0746, 0.0622, 0.0589, 0.0506, 0.6148, 0.0717, 0.0671], [0.0423, 0.0394, 0.0756, 0.074, 0.6814, 0.0602, 0.027], [0.0481, 0.055, 0.0305, 0.0458, 0.7095, 0.0507, 0.0605], [0.0337, 0.0497, 0.0607, 0.0155, 0.7611, 0.0643, 0.0149], [0.0739, 0.0613, 0.0543, 0.062, 0.6427, 0.0612, 0.0446], [0.0454, 0.0707, 0.0544, 0.0168, 0.6751, 0.0606, 0.0769], [0.0815, 0.026, 0.079, 0.0382, 0.7332, 0.028, 0.014], [0.0252, 0.0179, 0.0441, 0.0327, 0.6956, 0.0969, 0.0876], [0.0236, 0.0343, 0.0752, 0.069, 0.6593, 0.0723, 0.0664], [0.023, 0.0672, 0.0134, 0.0667, 0.7501, 0.0379, 0.0417], [0.0361, 0.067, 0.0882, 0.0486, 0.6395, 0.0659, 0.0547], [0.0236, 0.0489, 0.0723, 0.0446, 0.6751, 0.0709, 0.0647], [0.0563, 0.0422, 0.038, 0.068, 0.6786, 0.0544, 0.0625], [0.0541, 0.0307, 0.0603, 0.0198, 0.7498, 0.038, 0.0472], [0.0558, 0.0741, 0.0607, 0.0489, 0.6442, 0.0517, 0.0645], [0.0547, 0.0561, 0.0628, 0.0303, 0.7056, 0.0291, 0.0613], [0.0757, 0.0253, 0.0133, 0.0727, 0.7252, 0.0415, 0.0463], [0.0187, 0.073, 0.0284, 0.0529, 0.7862, 0.0131, 0.0277], [0.0872, 0.0877, 0.0386, 0.0374, 0.6482, 0.0712, 0.0298], [0.0865, 0.0722, 0.042, 0.0293, 0.7176, 0.0364, 0.0161], [0.0562, 0.0251, 0.0563, 0.0332, 0.7072, 0.0599, 0.0621], [0.0234, 0.0285, 0.053, 0.0747, 0.7291, 0.0186, 0.0727], [0.0145, 0.0455, 0.0544, 0.0199, 0.743, 0.0846, 0.0381], [0.0352, 0.0245, 0.0547, 0.0811, 0.6535, 0.0703, 0.0809], [0.0698, 0.0852, 0.0243, 0.0594, 0.7132, 0.03, 0.0181], [0.015, 0.0735, 0.0721, 0.0296, 0.7152, 0.0278, 0.0667], [0.1, 0.051, 0.0222, 0.0593, 0.6738, 0.0208, 0.0729], [0.0825, 0.0462, 0.0336, 0.0698, 0.6687, 0.0252, 0.0739], [0.0178, 0.0851, 0.032, 0.0778, 0.6716, 0.0702, 0.0454], [0.0316, 0.056, 0.0747, 0.0762, 0.6695, 0.0198, 0.0722], [0.0297, 0.0724, 0.0601, 0.0509, 0.691, 0.0597, 0.0361], [0.0354, 0.0668, 0.0483, 0.029, 0.6896, 0.0789, 0.052], [0.0566, 0.0449, 0.0307, 0.0337, 0.7495, 0.0276, 0.0569], [0.0332, 0.0621, 0.0315, 0.0629, 0.7342, 0.0576, 0.0186], [0.0728, 0.053, 0.0711, 0.0373, 0.6738, 0.0675, 0.0244], [0.014, 0.0383, 0.0202, 0.0576, 0.7697, 0.0457, 0.0546], [0.0725, 0.0391, 0.0499, 0.0185, 0.7274, 0.075, 0.0176], [0.0304, 0.0676, 0.0621, 0.0354, 0.7541, 0.0302, 0.0203], [0.0701, 0.0552, 0.0294, 0.0782, 0.6048, 0.0961, 0.0662], [0.016, 0.0401, 0.0632, 0.0411, 0.7268, 0.0658, 0.0469], [0.0477, 0.0284, 0.0357, 0.0461, 0.7094, 0.0736, 0.0593], [0.0174, 0.0416, 0.0351, 0.0774, 0.7597, 0.0361, 0.0328], [0.0185, 0.0692, 0.0386, 0.0344, 0.7887, 0.0303, 0.0202], [0.0533, 0.0712, 0.024, 0.0178, 0.7091, 0.0648, 0.0599], [0.0343, 0.0387, 0.0639, 0.054, 0.7106, 0.0702, 0.0282], [0.0755, 0.0646, 0.0664, 0.082, 0.6086, 0.0623, 0.0406], [0.0457, 0.0626, 0.0695, 0.0358, 0.6513, 0.065, 0.0701], [0.0184, 0.0291, 0.0736, 0.0564, 0.6874, 0.0672, 0.068], [0.0173, 0.0525, 0.0872, 0.0415, 0.6665, 0.0581, 0.0769], [0.0403, 0.0743, 0.0208, 0.0479, 0.7131, 0.0533, 0.0502], [0.0274, 0.0672, 0.0646, 0.0522, 0.7137, 0.0185, 0.0564], [0.0396, 0.0583, 0.0452, 0.0981, 0.6855, 0.0191, 0.0541], [0.0731, 0.0588, 0.0663, 0.0891, 0.5732, 0.0689, 0.0707], [0.0198, 0.046, 0.0506, 0.0491, 0.7099, 0.0662, 0.0584], [0.0717, 0.0825, 0.0777, 0.0429, 0.5638, 0.0741, 0.0874], [0.0934, 0.0471, 0.0597, 0.0273, 0.6364, 0.0836, 0.0526], [0.0413, 0.0669, 0.1036, 0.0718, 0.6469, 0.0217, 0.0479], [0.024, 0.066, 0.0328, 0.0781, 0.7393, 0.0431, 0.0167], [0.064, 0.057, 0.0622, 0.0385, 0.6475, 0.0718, 0.0591], [0.0345, 0.0726, 0.0144, 0.0605, 0.7014, 0.046, 0.0706], [0.0714, 0.0738, 0.0305, 0.0153, 0.7489, 0.0217, 0.0384]], "emotions": ["red", "red", "red", "red", "red", "red", "red", "red", "red", "red", "red", "red", "red", "red", "red", "red", "red", "red", "red", "red", "red", "red", "red", "red", "red", "red", "red", "red", "red", "red", "red", "red", "red", "red", "red", "red", "red", "red", "red", "red", "red", "red", "red", "red", "red", "red", "red", "red", "red", "red", "red", "red", "red", "red", "red", "red", "red", "red", "red", "red", "red", "red", "red", "red", "red", "red", "red", "red", "red", "red", "red", "red", "red", "red", "red", "red", "red", "red", "red", "red"], "timestamps": [0, 40, 80, 120, 160, 200, 240, 280, 320, 360, 400, 440, 480, 520, 560, 600, 640, 680, 720, 760, 800, 840, 880, 920, 960, 1000, 1040, 1080, 1120, 1160, 1200, 1240, 1280, 1320, 1360, 1400, 1440, 1480, 1520, 1560, 1600, 1640, 1680, 1720, 1760, 1800, 1840, 1880, 1920, 1960, 2000, 2040, 2080, 2120, 2160, 2200, 2240, 2280, 2320, 2360, 2400, 2440, 2480, 2520, 2560, 2600, 2640, 2680, 2720, 2760, 2800, 2840, 2880, 2920, 2960, 3000, 3040, 3080, 3120, 3160]}], "conversation": [], "conversation_timestamps": []}