{"agent_id": "agent-orange-183", "type": "orange", "trips": [{"trip_id": 0, "transport_method": "bus", "start_time": 0, "path": [[1.5366233, 42.5070141], [1.5355907, 42.5067635], [1.5345504, 42.5065409], [1.5335013, 42.506418], [1.5324677, 42.5061753], [1.5314906, 42.5058665], [1.5304475, 42.5056579], [1.5294025, 42.5054581], [1.5283535, 42.5052801], [1.5272947, 42.5053296], [1.5262338, 42.5053222], [1.5251872, 42.5051475], [1.5241415, 42.50495], [1.523093, 42.5047861], [1.5220567, 42.5048177], [1.5210895, 42.5043735], [1.5201223, 42.5039293], [1.5205596, 42.5040905], [1.5215502, 42.5044781], [1.5217272, 42.504699], [1.5207294, 42.5043288], [1.5197316, 42.5039585], [1.5187918, 42.5035715], [1.5177363, 42.5037078], [1.5166785, 42.5036929], [1.5157441, 42.5032107], [1.5148507, 42.5026331], [1.5138632, 42.5022954], [1.5131025, 42.5016306], [1.5123748, 42.5010071], [1.5117355, 42.5001562], [1.5110763, 42.4993206], [1.5104153, 42.4984864], [1.5095236, 42.4979214], [1.5085672, 42.4974546], [1.5075951, 42.4970234], [1.5065945, 42.4966608], [1.5055873, 42.4963173], [1.5046056, 42.495915], [1.5036399, 42.4954785], [1.5026511, 42.495091], [1.5016914, 42.4946309], [1.5007267, 42.4941816], [1.5000398, 42.4934229], [1.4991793, 42.4927995], [1.4982359, 42.492307], [1.4973159, 42.4917729], [1.4964462, 42.4911627], [1.4962507, 42.4901513], [1.4956439, 42.4892954], [1.4949545, 42.4884847], [1.4946709, 42.487502], [1.4945738, 42.4864733], [1.4938512, 42.4857028], [1.492962, 42.4851265], [1.492022, 42.4847678], [1.4910754, 42.4843573], [1.4905899, 42.483421], [1.4900954, 42.4824876], [1.4895859, 42.4815563], [1.4894314, 42.4805065], [1.4894374, 42.4794545], [1.4899239, 42.4785153], [1.4904463, 42.4775887], [1.4906016, 42.4765938], [1.4908489, 42.4756031], [1.4907434, 42.4745538], [1.4905118, 42.4735335], [1.490866, 42.4725391], [1.4913681, 42.4716007], [1.4918566, 42.4706556], [1.4920549, 42.4696183], [1.4917705, 42.4685968], [1.4915605, 42.4675614], [1.4918587, 42.4667029], [1.4911819, 42.4659952], [1.4902912, 42.4654137], [1.4897632, 42.4645877], [1.4900936, 42.4635856], [1.4902937, 42.4635921]], "mood_vectors": [[0.0391, 0.0144, 0.0492, 0.0816, 0.647, 0.0882, 0.0805], [0.08, 0.0312, 0.0799, 0.0434, 0.5979, 0.0887, 0.0789], [0.0261, 0.0408, 0.0607, 0.0239, 0.7794, 0.0271, 0.042], [0.0597, 0.074, 0.014, 0.0746, 0.7414, 0.0169, 0.0194], [0.0723, 0.058, 0.0488, 0.0273, 0.7295, 0.0507, 0.0135], [0.0177, 0.0357, 0.0736, 0.0439, 0.7457, 0.0647, 0.0186], [0.053, 0.0212, 0.0885, 0.0522, 0.7152, 0.0153, 0.0546], [0.0337, 0.0539, 0.0265, 0.0713, 0.7697, 0.0236, 0.0211], [0.0205, 0.0427, 0.0225, 0.0742, 0.7245, 0.0358, 0.0799], [0.017, 0.0523, 0.0452, 0.0128, 0.7469, 0.0586, 0.0672], [0.0203, 0.0482, 0.058, 0.0259, 0.6634, 0.0857, 0.0984], [0.0676, 0.074, 0.0741, 0.0734, 0.6603, 0.0151, 0.0356], [0.05, 0.0272, 0.0578, 0.0691, 0.7046, 0.0412, 0.0502], [0.0422, 0.0595, 0.0186, 0.061, 0.7072, 0.0442, 0.0674], [0.0238, 0.088, 0.0592, 0.0556, 0.6792, 0.0777, 0.0165], [0.0491, 0.0688, 0.0601, 0.0358, 0.6974, 0.0257, 0.0631], [0.0654, 0.0353, 0.0172, 0.0627, 0.7652, 0.0251, 0.0291], [0.0153, 0.0689, 0.0697, 0.0157, 0.7554, 0.0212, 0.0538], [0.0553, 0.0554, 0.0682, 0.0393, 0.6783, 0.0586, 0.0449], [0.0537, 0.0583, 0.0447, 0.0117, 0.7553, 0.0603, 0.0159], [0.0744, 0.0218, 0.0324, 0.0225, 0.6983, 0.0628, 0.0879], [0.0275, 0.0596, 0.0488, 0.0524, 0.6577, 0.0608, 0.0932], [0.0793, 0.0317, 0.0508, 0.08, 0.6963, 0.0268, 0.0351], [0.02, 0.0676, 0.0199, 0.0629, 0.7518, 0.0417, 0.0364], [0.0605, 0.0596, 0.0114, 0.0291, 0.7011, 0.0657, 0.0725], [0.0475, 0.0898, 0.0397, 0.0321, 0.6717, 0.0898, 0.0294], [0.0405, 0.0754, 0.0257, 0.0341, 0.7505, 0.033, 0.0407], [0.0143, 0.0324, 0.0614, 0.0241, 0.7675, 0.0661, 0.0343], [0.0575, 0.0583, 0.0632, 0.0167, 0.6674, 0.0687, 0.0683], [0.0328, 0.0876, 0.0336, 0.0188, 0.7293, 0.0233, 0.0746], [0.0178, 0.0335, 0.0185, 0.0154, 0.8691, 0.026, 0.0198], [0.0336, 0.0235, 0.0155, 0.053, 0.7302, 0.0774, 0.0669], [0.0266, 0.0911, 0.0937, 0.0247, 0.6306, 0.0793, 0.0539], [0.0579, 0.0163, 0.0921, 0.0861, 0.6487, 0.0806, 0.0182], [0.0857, 0.0427, 0.0262, 0.0232, 0.7124, 0.0356, 0.0743], [0.0653, 0.0496, 0.0368, 0.044, 0.7129, 0.073, 0.0186], [0.0313, 0.0702, 0.0388, 0.0218, 0.7647, 0.035, 0.0383], [0.0769, 0.0865, 0.0136, 0.0512, 0.7129, 0.0276, 0.0313], [0.0272, 0.0598, 0.0704, 0.0456, 0.7184, 0.0624, 0.0162], [0.071, 0.0203, 0.052, 0.0664, 0.6499, 0.0817, 0.0588], [0.0649, 0.0304, 0.0851, 0.0248, 0.712, 0.0503, 0.0324], [0.067, 0.026, 0.0271, 0.0219, 0.6719, 0.0889, 0.0971], [0.0694, 0.0526, 0.0748, 0.0347, 0.6721, 0.0746, 0.0217], [0.0852, 0.0475, 0.0822, 0.0247, 0.6289, 0.0351, 0.0964], [0.0551, 0.0127, 0.0203, 0.0258, 0.7923, 0.0538, 0.0399], [0.0161, 0.0598, 0.0529, 0.0879, 0.6763, 0.0698, 0.0372], [0.0618, 0.0695, 0.063, 0.0792, 0.6503, 0.0516, 0.0247], [0.0663, 0.0683, 0.0519, 0.0618, 0.6827, 0.0442, 0.0247], [0.0716, 0.0602, 0.0159, 0.0743, 0.636, 0.069, 0.073], [0.039, 0.0358, 0.0274, 0.0803, 0.7174, 0.0805, 0.0196], [0.018, 0.0451, 0.0478, 0.0618, 0.7751, 0.0395, 0.0126], [0.0416, 0.0291, 0.0756, 0.0309, 0.6946, 0.0728, 0.0554], [0.0358, 0.0193, 0.098, 0.0524, 0.6756, 0.058, 0.0609], [0.0606, 0.0243, 0.0413, 0.0198, 0.7234, 0.0694, 0.0612], [0.0917, 0.0688, 0.0337, 0.034, 0.6722, 0.032, 0.0676], [0.0676, 0.0636, 0.0782, 0.0278, 0.648, 0.0593, 0.0554], [0.0735, 0.0554, 0.0446, 0.0351, 0.7386, 0.0149, 0.038], [0.088, 0.0374, 0.0864, 0.0866, 0.6252, 0.0208, 0.0557], [0.0219, 0.0281, 0.0808, 0.0306, 0.7074, 0.0862, 0.0451], [0.0273, 0.0227, 0.0344, 0.0342, 0.8165, 0.0154, 0.0494], [0.0527, 0.0546, 0.0573, 0.0384, 0.6575, 0.0843, 0.0553], [0.042, 0.0353, 0.0757, 0.0143, 0.7399, 0.0197, 0.0731], [0.0415, 0.0195, 0.0437, 0.0689, 0.6903, 0.0618, 0.0744], [0.0232, 0.0702, 0.0676, 0.0516, 0.6761, 0.0527, 0.0586], [0.0322, 0.0595, 0.0657, 0.0636, 0.6902, 0.0562, 0.0326], [0.0209, 0.0764, 0.0812, 0.0518, 0.7303, 0.0244, 0.015], [0.0344, 0.0634, 0.0589, 0.0394, 0.7403, 0.0458, 0.0177], [0.0632, 0.0583, 0.0716, 0.0448, 0.7008, 0.0311, 0.0302], [0.019, 0.0674, 0.0188, 0.0932, 0.7004, 0.0637, 0.0376], [0.0419, 0.021, 0.0212, 0.0548, 0.7632, 0.0744, 0.0235], [0.0709, 0.0482, 0.0676, 0.0456, 0.66, 0.0508, 0.0569], [0.046, 0.022, 0.0514, 0.0694, 0.7154, 0.0573, 0.0384], [0.0506, 0.0717, 0.0291, 0.0338, 0.726, 0.0679, 0.021], [0.0215, 0.0396, 0.0363, 0.0569, 0.7368, 0.0369, 0.072], [0.064, 0.074, 0.0242, 0.0739, 0.6811, 0.0269, 0.0559], [0.0264, 0.0266, 0.069, 0.0655, 0.7398, 0.0578, 0.0149], [0.0443, 0.0351, 0.0505, 0.0415, 0.7235, 0.0226, 0.0823], [0.0904, 0.023, 0.0492, 0.0242, 0.7605, 0.0287, 0.024], [0.069, 0.0504, 0.0775, 0.0434, 0.6272, 0.0871, 0.0454], [0.0239, 0.0641, 0.0379, 0.0703, 0.6764, 0.0638, 0.0636]], "emotions": ["red", "red", "red", "red", "red", "red", "red", "red", "red", "red", "red", "red", "red", "red", "red", "red", "red", "red", "red", "red", "red", "red", "red", "red", "red", "red", "red", "red", "red", "red", "red", "red", "red", "red", "red", "red", "red", "red", "red", "red", "red", "red", "red", "red", "red", "red", "red", "red", "red", "red", "red", "red", "red", "red", "red", "red", "red", "red", "red", "red", "red", "red", "red", "red", "red", "red", "red", "red", "red", "red", "red", "red", "red", "red", "red", "red", "red", "red", "red", "red"], "timestamps": [0, 40, 80, 120, 160, 200, 240, 280, 320, 360, 400, 440, 480, 520, 560, 600, 640, 680, 720, 760, 800, 840, 880, 920, 960, 1000, 1040, 1080, 1120, 1160, 1200, 1240, 1280, 1320, 1360, 1400, 1440, 1480, 1520, 1560, 1600, 1640, 1680, 1720, 1760, 1800, 1840, 1880, 1920, 1960, 2000, 2040, 2080, 2120, 2160, 2200, 2240, 2280, 2320, 2360, 2400, 2440, 2480, 2520, 2560, 2600, 2640, 2680, 2720, 2760, 2800, 2840, 2880, 2920, 2960, 3000, 3040, 3080, 3120, 3160]}], "conversation": [], "conversation_timestamps": []}