{
  "agent_id": "agent-type-red-52",
  "type": "red",
  "trips": [
    {
      "trip_id": 0,
      "transport_method": "foot",
      "start_time": 0,
      "path": [
        [
          1.5291141000000001,
          42.505923999999986
        ],
        [
          1.5289726772797605,
          42.506111920413176
        ],
        [
          1.5287279052461962,
          42.50631348439217
        ],
        [
          1.528590896598917,
          42.50638123492971
        ],
        [
          1.528838572463866,
          42.5061832392895
        ],
        [
          1.528667461326697,
          42.50627476786831
        ],
        [
          1.5285348652435997,
          42.50638005322282
        ],
        [
          1.528783191813897,
          42.50618287431394
        ],
        [
          1.5287231452323624,
          42.50627551347457
        ],
        [
          1.5285355184444487,
          42.50647195180947
        ],
        [
          1.5285731136056129,
          42.50675439211765
        ],
        [
          1.5285445587413315,
          42.50688852450562
        ],
        [
          1.528280981669432,
          42.506712346899675
        ],
        [
          1.5282339708150292,
          42.506678094929505
        ],
        [
          1.528000812774372,
          42.506850827712384
        ],
        [
          1.527713966678049,
          42.50694675284612
        ],
        [
          1.5276201382316201,
          42.50682961147568
        ],
        [
          1.5278108158263024,
          42.50708275690215
        ],
        [
          1.527796330827145,
          42.50721745726411
        ],
        [
          1.5274802686181383,
          42.507191956525695
        ],
        [
          1.527164206409132,
          42.50716645578728
        ],
        [
          1.5268481442001254,
          42.50714095504886
        ],
        [
          1.5265320819911188,
          42.507115454310444
        ],
        [
          1.5262160197821124,
          42.50708995357203
        ],
        [
          1.5262013234603888,
          42.5068242833748
        ],
        [
          1.5261733504974526,
          42.50701344594299
        ],
        [
          1.5261976966931947,
          42.50684401139415
        ],
        [
          1.5261761140324532,
          42.506993578606426
        ],
        [
          1.5259401945936741,
          42.507064813536424
        ],
        [
          1.5256244857610335,
          42.50703525781592
        ],
        [
          1.5253087769283928,
          42.50700570209542
        ],
        [
          1.524995748510503,
          42.506956623380034
        ],
        [
          1.5247735571524306,
          42.506810233088025
        ],
        [
          1.5245395320157282,
          42.5066975831751
        ],
        [
          1.5242893230998231,
          42.50679452982559
        ],
        [
          1.5239831767457004,
          42.50678764323595
        ],
        [
          1.5236744814348275,
          42.506715166945575
        ],
        [
          1.5233659021175263,
          42.50664219881352
        ],
        [
          1.52305745322925,
          42.506568680850116
        ],
        [
          1.5227490043409735,
          42.506495162886715
        ],
        [
          1.5224405554526972,
          42.506421644923314
        ],
        [
          1.5221321065644209,
          42.506348126959914
        ],
        [
          1.5218456048927753,
          42.50622936744793
        ],
        [
          1.5215594201289158,
          42.50615913992077
        ],
        [
          1.5212566948039261,
          42.506076588448344
        ],
        [
          1.5209605709716374,
          42.50596320289559
        ],
        [
          1.5206836294565076,
          42.50591453484724
        ],
        [
          1.5203747106115288,
          42.50584301733303
        ],
        [
          1.5200657917665499,
          42.50577149981882
        ],
        [
          1.5197568729215711,
          42.50569998230461
        ],
        [
          1.5194479540765924,
          42.5056284647904
        ],
        [
          1.5191390352316134,
          42.50555694727619
        ],
        [
          1.5188301163866347,
          42.50548542976198
        ],
        [
          1.5185212767227259,
          42.505541028806725
        ],
        [
          1.5183595927419156,
          42.50568984349593
        ],
        [
          1.5184894441351837,
          42.505977267778526
        ],
        [
          1.5186834521802866,
          42.50622807943307
        ],
        [
          1.5186757397746105,
          42.50621810891238
        ],
        [
          1.5184817317295076,
          42.50596729725783
        ],
        [
          1.5183549315831293,
          42.505678131703455
        ],
        [
          1.518099720787076,
          42.50556922998863
        ],
        [
          1.5177837980626598,
          42.50554205573943
        ],
        [
          1.5174678753382438,
          42.50551488149024
        ],
        [
          1.5171519526138275,
          42.505487707241045
        ],
        [
          1.516852,
          42.50556709999999
        ]
      ],
      "emotions": [
        "red",
        "red",
        "red",
        "red",
        "red",
        "green",
        "green",
        "green",
        "green",
        "green",
        "green",
        "green",
        "green",
        "green",
        "green",
        "purple",
        "purple",
        "purple",
        "purple",
        "purple",
        "green",
        "green",
        "green",
        "green",
        "green",
        "purple",
        "purple",
        "purple",
        "purple",
        "purple",
        "purple",
        "purple",
        "purple",
        "purple",
        "purple",
        "purple",
        "purple",
        "purple",
        "purple",
        "purple",
        "green",
        "green",
        "green",
        "green",
        "green",
        "green",
        "green",
        "green",
        "green",
        "green",
        "green",
        "green",
        "green",
        "green",
        "green",
        "red",
        "red",
        "red",
        "red",
        "red",
        "green",
        "green",
        "green",
        "green",
        "green"
      ],
      "mood_vectors": [
        [
          0.12022510670525596,
          0.10581756567789055,
          0.014743921546718606,
          0.12829745959596167,
          0.3200271320585758,
          0.19160280714287767,
          0.11928600727271971
        ],
        [
          0.19524184186770954,
          0.1046443654188327,
          0.0017355997086405076,
          0.22261235601513762,
          0.1048292654297763,
          0.071693838771832,
          0.2992427327880713
        ],
        [
          0.25604157353101836,
          0.08897389573284044,
          0.0022936016591794802,
          0.05924183268627582,
          0.19157905843072268,
          0.2533063677592135,
          0.14856367020074976
        ],
        [
          0.14267632426996543,
          0.009813357633632756,
          0.2992303481701096,
          0.003034808878769106,
          0.2373114168027563,
          0.05583749349949955,
          0.25209625074526726
        ],
        [
          0.0745840476783128,
          0.39556845266271645,
          0.03237883741837622,
          0.04137882354636867,
          0.012615588324978562,
          0.35788561372296523,
          0.08558863664628201
        ],
        [
          0.06895302418307045,
          0.15839294922631325,
          0.15820981708772372,
          0.025728681371077523,
          0.10941324532090205,
          0.29253147545962865,
          0.1867708073512844
        ],
        [
          0.05816083424471205,
          0.14362641646850022,
          0.03796416609497475,
          0.3554620804333072,
          0.0755182274101852,
          0.05071414241737103,
          0.27855413293094955
        ],
        [
          0.15935398137568982,
          0.029154580138033036,
          0.19523249537194218,
          0.1440924768357119,
          0.06612550484853541,
          0.21890852765147,
          0.18713243377861763
        ],
        [
          0.005235214759244697,
          0.19574219928635653,
          0.2380523061037014,
          0.2609109643931202,
          0.14184368996588145,
          0.09166540855012414,
          0.06655021694157166
        ],
        [
          0.08177363012366796,
          0.3194686812351212,
          0.10823248348400406,
          0.1745081834797662,
          0.09477741945505004,
          0.1175839940954921,
          0.10365560812689847
        ],
        [
          0.1506432807922244,
          0.01808553860848619,
          0.08171541189841125,
          0.18491326272993927,
          0.212489141939134,
          0.21708121208056616,
          0.13507215195123864
        ],
        [
          0.13721006044393572,
          0.16755337980687782,
          0.1386292161033111,
          0.06355951856994849,
          0.14765553015539398,
          0.19234559310272828,
          0.1530467018178047
        ],
        [
          0.14773809109975947,
          0.15807546176128284,
          0.3057172537790795,
          0.037839524633356256,
          0.27664176842868343,
          0.03635338674089509,
          0.037634513556943396
        ],
        [
          0.19221243529267718,
          0.11866251448380644,
          0.23998622013777832,
          0.2274717613758844,
          0.17878624309218716,
          0.012688830230757531,
          0.030191995386908966
        ],
        [
          0.2756600701149975,
          0.1253049706371469,
          0.011731683226007717,
          0.20314599531976213,
          0.06795295907234349,
          0.31500033305954545,
          0.0012039885701967926
        ],
        [
          0.2840307214042272,
          0.29723616168037037,
          0.028329458004238802,
          0.007245970900969971,
          0.059266106170744286,
          0.06537316476083789,
          0.2585184170786115
        ],
        [
          0.037777867993761725,
          0.1819862496881747,
          0.025694491523399907,
          0.21852015743857148,
          0.26359218752573205,
          0.01633108323238266,
          0.2560979625979775
        ],
        [
          0.28654458055282483,
          0.11067805135269732,
          0.07007030261721604,
          0.06971428833646187,
          0.21229292869292948,
          0.17313754994774794,
          0.07756229850012245
        ],
        [
          0.15898527778950364,
          0.07230921678153257,
          0.2507691446309347,
          0.2662023777284002,
          0.07508248477663057,
          0.0725858185719394,
          0.10406567972105896
        ],
        [
          0.05998637330654507,
          0.04757160793948031,
          0.13800026675648094,
          0.29037182260619576,
          0.2454046675202489,
          0.1618306103978556,
          0.05683465147319329
        ],
        [
          0.011934872034659292,
          0.28675240173682914,
          0.047162936360405444,
          0.06453733726689058,
          0.14303833775896285,
          0.15604666269360656,
          0.29052745214864606
        ],
        [
          0.032309705601520466,
          0.1430664018750236,
          0.0661047385226823,
          0.21784279174667037,
          0.20125224655317095,
          0.2876992671019406,
          0.051724848598991804
        ],
        [
          0.20629867243664654,
          0.1126759072916181,
          0.24879970611100802,
          0.0501550685522274,
          0.1462154419120143,
          0.026570779908706963,
          0.20928442378777865
        ],
        [
          0.021897329063654637,
          0.19061795454199112,
          0.16783358152596037,
          0.007726620147180506,
          0.2092428213885106,
          0.17881159685197692,
          0.22387009648072578
        ],
        [
          0.19915126284622528,
          0.2408509379321552,
          0.09500253648905813,
          0.11693020193460216,
          0.28940730957757405,
          0.01362713446379042,
          0.045030616756594706
        ],
        [
          0.21406767756790296,
          0.21314532134181852,
          0.1313381379111021,
          0.0952001034817117,
          0.08173369459688651,
          0.0652359940467074,
          0.19927907105387074
        ],
        [
          0.04283372489862411,
          0.08996158814436472,
          0.2353910398606026,
          0.205127040358233,
          0.19355161822140932,
          0.194715536836366,
          0.038419451680400195
        ],
        [
          0.15728613118924725,
          0.0803797128512905,
          0.17795624059255052,
          0.1224155365873049,
          0.09388678346318714,
          0.05675714975776356,
          0.311318445558656
        ],
        [
          0.1778733422916136,
          0.24646042592618234,
          0.00632799797917997,
          0.19107588504169631,
          0.16393473596924144,
          0.059607427765917514,
          0.1547201850261688
        ],
        [
          0.21016168312584443,
          0.2832156628731018,
          0.16118528534691157,
          0.12497922644597574,
          0.005020339926542795,
          0.05789983954983661,
          0.15753796273178697
        ],
        [
          0.1065360576752037,
          0.08039078378996851,
          0.301727622562408,
          0.013908987387682864,
          0.03940664428026303,
          0.047831775123314255,
          0.41019812918115967
        ],
        [
          0.21813841491662514,
          0.1329920472456791,
          0.35623609395929523,
          0.11839256803203688,
          0.05537017116671782,
          0.0290790650872427,
          0.08979163959240317
        ],
        [
          0.05429538308199418,
          0.20709747531041262,
          0.21941012716844413,
          0.1938135692979375,
          0.1402055682725301,
          0.06966291742704148,
          0.11551495944163992
        ],
        [
          0.10107150436596987,
          0.21274244829130395,
          0.19673165128452888,
          0.0360182204408673,
          0.04904576223836886,
          0.1750760402998227,
          0.2293143730791384
        ],
        [
          0.07421687056491866,
          0.1556451256889704,
          0.06296262316062708,
          0.04541280182824959,
          0.17216060828168336,
          0.2597823151763914,
          0.22981965529915954
        ],
        [
          0.15393476845662604,
          0.19180027973372543,
          0.1356982392891525,
          0.0524696410121135,
          0.04943408988736599,
          0.18329078873988122,
          0.23337219288113542
        ],
        [
          0.031110645713451783,
          0.3625330979414216,
          0.21133198673136727,
          0.0635487634463953,
          0.07241223798293432,
          0.08542822102850252,
          0.17363504715592729
        ],
        [
          0.13526836300354347,
          0.17733337074133512,
          0.2200674471750068,
          0.1835418071275545,
          0.22060326726276308,
          0.0006984597885701107,
          0.062487284901226924
        ],
        [
          0.1599435856821453,
          0.0853996434189866,
          0.1341135861648092,
          0.20110686171451694,
          0.09342036826577142,
          0.0960082481505216,
          0.2300077066032489
        ],
        [
          0.0964264612543541,
          0.22346093456665733,
          0.0883821593778965,
          0.12938358257400065,
          0.008824195900862346,
          0.10929227133016967,
          0.34423039499605934
        ],
        [
          0.1427074353111506,
          0.06796495215167322,
          0.2589032350214101,
          0.17030717088853145,
          0.15301250857723248,
          0.05330433549733243,
          0.15380036255266968
        ],
        [
          0.004827082733887217,
          0.2551336719738965,
          0.18355384879228306,
          0.21290163719903363,
          0.033830324600056895,
          0.24598147095056094,
          0.06377196375028168
        ],
        [
          0.06287478568092532,
          0.16097761209616843,
          0.2355240177477998,
          0.042545156402913405,
          0.16919726014407008,
          0.2250498010793173,
          0.10383136684880563
        ],
        [
          0.11123891050161462,
          0.18767051160118686,
          0.0022478269483380314,
          0.1423723470558606,
          0.209018925301534,
          0.1328720128491887,
          0.2145794657422772
        ],
        [
          0.06317891124421124,
          0.0979166785206874,
          0.06259519121691064,
          0.2516387524770625,
          0.08245997043580562,
          0.15904864101659602,
          0.28316185508872654
        ],
        [
          0.0014524535734925167,
          0.18675910539552446,
          0.016550952965729022,
          0.3306169691646809,
          0.31955600996491595,
          0.080260084706643,
          0.06480442422901417
        ],
        [
          0.0043428207012809455,
          0.07366451883917377,
          0.08755912777261315,
          0.22523616131444774,
          0.24265595623525485,
          0.15369189135595362,
          0.21284952378127586
        ],
        [
          0.0968489111860399,
          0.1612338831451254,
          0.2019218313636384,
          0.021015493897855553,
          0.2357095841144306,
          0.2284950686013714,
          0.05477522769153863
        ],
        [
          0.205476264397771,
          0.17387623557984574,
          0.08890827436495556,
          0.05104360975474771,
          0.18592451582735178,
          0.05376493259730381,
          0.24100616747802445
        ],
        [
          0.25607347880465703,
          0.013935154088041938,
          0.0639695720944832,
          0.3193000050264877,
          0.1369490118596723,
          0.10148062691109612,
          0.1082921512155618
        ],
        [
          0.009961077372151444,
          0.05066506391798596,
          0.29909442514179957,
          0.013085649591378921,
          0.25072919972490565,
          0.22243626695403795,
          0.1540283172977405
        ],
        [
          0.418316582422128,
          0.1671788393832873,
          0.305486749700881,
          0.006891051867840387,
          0.03007787236426803,
          0.008398133149451117,
          0.06365077111214419
        ],
        [
          0.19783756088129606,
          0.29248409941272935,
          0.23179365417361686,
          0.02629741863923107,
          0.16163158963466207,
          0.0023630606342227244,
          0.08759261662424192
        ],
        [
          0.0604076658023996,
          0.1683130287275726,
          0.1964485166806253,
          0.04556020203368096,
          0.09784553054891927,
          0.20431630722922992,
          0.22710874897757233
        ],
        [
          0.27798623740975603,
          0.15378029471118465,
          0.0786492582122733,
          0.34171103544862647,
          0.12369526785672919,
          0.0031050149461076294,
          0.02107289141532276
        ],
        [
          0.2375044815419929,
          0.2364294476756891,
          0.01792115582230296,
          0.15333685730704452,
          0.26820307216053013,
          0.053095076553109855,
          0.03350990893933044
        ],
        [
          0.21489571873568045,
          0.17316849671917814,
          0.17933345584787325,
          0.20030028501479902,
          0.12517080705740613,
          0.060750718214832404,
          0.046380518410230574
        ],
        [
          0.11904766061688417,
          0.08219106888832282,
          0.22568875127096677,
          0.23289757714006656,
          0.2774885587363438,
          0.06140450895588305,
          0.001281874391532821
        ],
        [
          0.13064895835482118,
          0.04705504494902793,
          0.20992401396983523,
          0.2513483247778487,
          0.18623553613151714,
          0.1536905326140575,
          0.021097589202892272
        ],
        [
          0.1136527311869097,
          0.137378589695874,
          0.19681451845889217,
          0.16662539910171204,
          0.04986954502641585,
          0.1373881392488007,
          0.1982710772813955
        ],
        [
          0.23548174180860224,
          0.11395668712635287,
          0.15668476745565998,
          0.24730285437390784,
          0.17853307047908698,
          0.06261306170032499,
          0.005427817056065054
        ],
        [
          0.09826358848567394,
          0.144352261253142,
          0.15813371302858287,
          0.10821705338442779,
          0.19542041725369003,
          0.19910047886689358,
          0.09651248772758977
        ],
        [
          0.2397603700339598,
          0.045676538741191056,
          0.08360455405868795,
          0.22748403765342812,
          0.12801398396565183,
          0.051200973312639585,
          0.22425954223444164
        ],
        [
          0.18711680578042972,
          0.1958935497225424,
          0.08188902012865647,
          0.017198817183694527,
          0.14616434079113885,
          0.15892941372887082,
          0.2128080526646673
        ],
        [
          0.2418691148858388,
          0.07627488641455936,
          0.22088951390914227,
          0.13332119666153086,
          0.20282918786744294,
          0.0442375174608429,
          0.08057858280064285
        ]
      ],
      "timestamps": [
        0,
        1,
        2,
        3,
        4,
        5,
        6,
        7,
        8,
        9,
        10,
        11,
        12,
        13,
        14,
        15,
        16,
        17,
        18,
        19,
        20,
        21,
        22,
        23,
        24,
        25,
        26,
        27,
        28,
        29,
        30,
        31,
        32,
        33,
        34,
        35,
        36,
        37,
        38,
        39,
        40,
        41,
        42,
        43,
        44,
        45,
        46,
        47,
        48,
        49,
        50,
        51,
        52,
        53,
        54,
        55,
        56,
        57,
        58,
        59,
        60,
        61,
        62,
        63,
        64
      ],
      "distance": 462.3
    },
    {
      "trip_id": 1,
      "transport_method": "bicycle",
      "start_time": 65,
      "path": [
        [
          1.516852,
          42.50556709999999
        ],
        [
          1.5176212964045883,
          42.505528078079045
        ],
        [
          1.5183515613724097,
          42.50566966359277
        ],
        [
          1.518764379214402,
          42.50633270109097
        ],
        [
          1.5186960014003725,
          42.50689807923333
        ],
        [
          1.5179526331916615,
          42.50663725731369
        ],
        [
          1.5171698272063006,
          42.506550089798104
        ],
        [
          1.5163866468479759,
          42.50646157784978
        ],
        [
          1.5158147446211778,
          42.506664847614594
        ],
        [
          1.5151017535832327,
          42.507000778587376
        ],
        [
          1.5158610155419536,
          42.5071836505744
        ],
        [
          1.5166278606317036,
          42.507365734200754
        ],
        [
          1.517333150634395,
          42.50768965588072
        ],
        [
          1.517983654586066,
          42.5081346569571
        ],
        [
          1.5186678244409313,
          42.50824215339212
        ],
        [
          1.5193775628156319,
          42.507899403806945
        ],
        [
          1.5196481550785919,
          42.50841560103321
        ],
        [
          1.519566498043758,
          42.50795556311946
        ],
        [
          1.5201386808870763,
          42.50756765091432
        ],
        [
          1.5208456876849823,
          42.50781233746258
        ],
        [
          1.5215414958588918,
          42.50818254932596
        ],
        [
          1.5212581516412436,
          42.50835528526721
        ],
        [
          1.5216002587384445,
          42.508378060065354
        ],
        [
          1.5223358956940376,
          42.50844169816396
        ],
        [
          1.5230918523239378,
          42.50828941949399
        ],
        [
          1.5230376846908704,
          42.50814206233837
        ],
        [
          1.5236278000000003,
          42.507786299999985
        ]
      ],
      "emotions": [
        "red",
        "red",
        "red",
        "red",
        "red",
        "green",
        "green",
        "green",
        "green",
        "green",
        "red",
        "red",
        "red",
        "red",
        "red",
        "purple",
        "purple",
        "purple",
        "purple",
        "purple",
        "purple",
        "purple",
        "purple",
        "purple",
        "purple",
        "red",
        "red"
      ],
      "mood_vectors": [
        [
          0.06710969672615819,
          0.13395605551397088,
          0.04859284791503361,
          0.17227033403486525,
          0.0941849064486089,
          0.3273138375998924,
          0.15657232176147076
        ],
        [
          0.10012112550045324,
          0.12788540614941377,
          0.21505010903909297,
          0.019984785379038802,
          0.21737030048389586,
          0.2001718465241761,
          0.11941642692392929
        ],
        [
          0.03265457396697424,
          0.18122954105939285,
          0.17308866885708277,
          0.04489581992675014,
          0.14192473466316224,
          0.3433458063086001,
          0.08286085521803764
        ],
        [
          0.20087426345853432,
          0.21174044621619556,
          0.1511663036786174,
          0.012474904498814233,
          0.21663954576616368,
          0.13952058048127738,
          0.0675839559003975
        ],
        [
          0.15421222308429383,
          0.10828409520567261,
          0.06044659017116501,
          0.1994605924025576,
          0.24521647915831007,
          0.21131756995979323,
          0.02106245001820762
        ],
        [
          0.11585977763906458,
          0.08303054802965334,
          0.04141560955542671,
          0.28363059648993033,
          0.19109218411125226,
          0.2770843391652173,
          0.00788694500945552
        ],
        [
          0.2296563858716218,
          0.06737269567221116,
          0.2784018122987415,
          0.23708023516726856,
          0.0817610319326432,
          0.07379814682902576,
          0.031929692228488064
        ],
        [
          0.24879701236342722,
          0.20811401872954546,
          0.033701209454190764,
          0.13085246351576124,
          0.17699443804153914,
          0.1407895943207618,
          0.06075126357477434
        ],
        [
          0.17290943979712028,
          0.010469344807561166,
          0.21722333478553926,
          0.16142399291772258,
          0.12690549222882735,
          0.1416877335481683,
          0.169380661915061
        ],
        [
          0.15680417091037502,
          0.05499815359156061,
          0.1484692383467182,
          0.2194000673981672,
          0.16281108820993245,
          0.21065799596034016,
          0.046859285582906335
        ],
        [
          0.22821957179477637,
          0.0738035464035534,
          0.08167285030286721,
          0.11728925446703863,
          0.06477965866031189,
          0.1460261771041049,
          0.2882089412673476
        ],
        [
          0.14794013204772838,
          0.10527842864562888,
          0.010401391037063137,
          0.11731707190210545,
          0.2005508480580908,
          0.19127257823897756,
          0.22723955007040583
        ],
        [
          0.14319543107829022,
          0.14132848122848357,
          0.11794886770632372,
          0.061843837087313155,
          0.10265764283685973,
          0.22849036844667334,
          0.2045353716160564
        ],
        [
          0.0026066900421580362,
          0.0350000530854373,
          0.036373833099402654,
          0.18663930255583383,
          0.2471309365201414,
          0.2500348795374548,
          0.242214305159572
        ],
        [
          0.225989854016003,
          0.08685368332688355,
          0.19898443687624262,
          0.11357968839900816,
          0.22072832178604776,
          0.11020137302496037,
          0.04366264257085459
        ],
        [
          0.07713455557766558,
          0.16611570376853346,
          0.16590975749706702,
          0.09681953196379828,
          0.22567051278173664,
          0.049473787605342295,
          0.21887615080585682
        ],
        [
          0.17425595486337056,
          0.2336396408469394,
          0.1402450050963944,
          0.04985300818671991,
          0.18805593748082955,
          0.16874569893305022,
          0.045204754592695885
        ],
        [
          0.030238987903656315,
          0.132791922032878,
          0.11435418655748643,
          0.1337011263267189,
          0.20439270630324072,
          0.18457790395521284,
          0.1999431669208067
        ],
        [
          0.21038808382954033,
          0.20977815770540456,
          0.15610027367795137,
          0.22437579416078954,
          0.013967659403366245,
          0.14088799483091738,
          0.04450203639203057
        ],
        [
          0.02958629951276782,
          0.22108035924602384,
          0.23845766099658813,
          0.09565669090226318,
          0.24684966073236375,
          0.054961062741755454,
          0.1134082658682379
        ],
        [
          0.08285153118124851,
          0.0668596980776188,
          0.15017611275455195,
          0.10128072812811159,
          0.33009792294857887,
          0.2396812667702671,
          0.029052740139623178
        ],
        [
          0.11498896749723805,
          0.23553619796105157,
          0.017030928050814218,
          0.0168778471985073,
          0.01976276995712732,
          0.2568569965006632,
          0.33894629283459843
        ],
        [
          0.08462013133195631,
          0.2448357249850448,
          0.15620744546876955,
          0.17462501546756354,
          0.014186044250135296,
          0.09470137450404838,
          0.2308242639924821
        ],
        [
          0.08733108431685711,
          0.2742556643293251,
          0.04925222070830588,
          0.18804518277607196,
          0.12990617467635363,
          0.15902488053313812,
          0.11218479265994824
        ],
        [
          0.2048072172899857,
          0.1237931202124934,
          0.06730978076636733,
          0.18896393257406852,
          0.12871869153721643,
          0.14973289300427536,
          0.13667436461559324
        ],
        [
          0.24529498896754423,
          0.0713947623655655,
          0.0647439592513069,
          0.23319802838319792,
          0.19684095379307376,
          0.12203682452318658,
          0.06649048271612505
        ],
        [
          0.04777053698683153,
          0.23341698319682888,
          0.1302330874948951,
          0.16429911166758207,
          0.14126662253922911,
          0.15856096892175325,
          0.12445268919288001
        ]
      ],
      "timestamps": [
        65,
        66,
        67,
        68,
        69,
        70,
        71,
        72,
        73,
        74,
        75,
        76,
        77,
        78,
        79,
        80,
        81,
        82,
        83,
        84,
        85,
        86,
        87,
        88,
        89,
        90,
        91
      ],
      "distance": 1017.8
    },
    {
      "trip_id": 2,
      "transport_method": "foot",
      "start_time": 92,
      "path": [
        [
          1.5236271,
          42.5077559
        ],
        [
          1.5232892200520756,
          42.50776856104499
        ],
        [
          1.5224883933151343,
          42.50729546079492
        ],
        [
          1.5233140697454453,
          42.507247569382635
        ],
        [
          1.5223234838263477,
          42.50712339719094
        ],
        [
          1.5217242172430216,
          42.50635943616405
        ],
        [
          1.5227530390713921,
          42.50649612455386
        ],
        [
          1.5236299000000002,
          42.50670470000001
        ]
      ],
      "emotions": [
        "red",
        "red",
        "red",
        "red",
        "red",
        "red",
        "red",
        "red"
      ],
      "mood_vectors": [
        [
          0.1542669164233491,
          0.17420741836342413,
          0.05257473907787314,
          0.277474207806887,
          0.23206514623213623,
          0.10697943466540022,
          0.0024321374309302685
        ],
        [
          0.19438659002985564,
          0.20299862329678584,
          0.05777855619746546,
          0.07992269732838353,
          0.1145188404898951,
          0.22217013284973136,
          0.12822455980788303
        ],
        [
          0.09353421375943718,
          0.23808554799136813,
          0.05732719150229072,
          0.34947148992863786,
          0.0007881450723436418,
          0.06213485312933059,
          0.19865855861659182
        ],
        [
          0.09696240908787968,
          0.23501094790786214,
          0.06466409867355188,
          0.044434518044208476,
          0.18545502852616452,
          0.20247971235951662,
          0.17099328540081662
        ],
        [
          0.2225343398817995,
          0.039744783880008336,
          0.2343650520607183,
          0.257433000467709,
          0.06612291979958385,
          0.08661443490540074,
          0.09318546900478034
        ],
        [
          0.20913444329771405,
          0.01636005948096855,
          0.1337768741871393,
          0.2107676580518954,
          0.21401918328385183,
          0.1281100468391241,
          0.08783173485930683
        ],
        [
          0.24137963126028691,
          0.24714720488661904,
          0.07085797164269067,
          0.04741610782722451,
          0.15279842897462506,
          0.18295910338975543,
          0.057441552018798366
        ],
        [
          0.2097618650085089,
          0.09716117554849751,
          0.19096289922242315,
          0.10908526637806415,
          0.14347156364733263,
          0.07751633936710799,
          0.1720408908280656
        ]
      ],
      "timestamps": [
        92,
        93,
        94,
        95,
        96,
        97,
        98,
        99
      ],
      "distance": 590
    }
  ],
  "conversation": [
    "It's never just one quick stop in Avinguda Meritxell.",
    "The old town feels like its own little city.",
    "Why do I always crave noodles here?"
  ],
  "conversation_timestamps": [
    38,
    72,
    92
  ]
}
