{
  "agent_id": "agent-type-purple-52",
  "type": "purple",
  "trips": [
    {
      "trip_id": 0,
      "transport_method": "foot",
      "start_time": 0,
      "path": [
        [
          1.5211020999999998,
          42.508253900000014
        ],
        [
          1.5213018475823887,
          42.5083836741046
        ],
        [
          1.5214996139582797,
          42.50845331162175
        ],
        [
          1.52169038683312,
          42.50831067177768
        ],
        [
          1.5219128330353313,
          42.50833051670124
        ],
        [
          1.5221432127749144,
          42.50839106082137
        ],
        [
          1.5223735925144974,
          42.508451604941484
        ],
        [
          1.52235846337238,
          42.508491818397026
        ],
        [
          1.5221262303864893,
          42.50843882542432
        ],
        [
          1.521893997400599,
          42.508385832451616
        ],
        [
          1.5217762355852922,
          42.50835896052108
        ],
        [
          1.5220084685711828,
          42.508411953493784
        ],
        [
          1.5222407015570734,
          42.50846494646649
        ],
        [
          1.5224615361234008,
          42.50849994226459
        ],
        [
          1.5225282212670777,
          42.50827132720425
        ],
        [
          1.5225372817804617,
          42.508075677346696
        ],
        [
          1.52236101029758,
          42.508003150442754
        ],
        [
          1.5225639442577847,
          42.50787841783801
        ],
        [
          1.52246812178201,
          42.507937314766764
        ],
        [
          1.5224163648417484,
          42.50804123463684
        ],
        [
          1.522647801999975,
          42.508084484369654
        ],
        [
          1.5228855020209637,
          42.508069021028696
        ],
        [
          1.5230982198769518,
          42.50798925530806
        ],
        [
          1.5232457700395925,
          42.50782927936164
        ],
        [
          1.5230631058213668,
          42.50772209794575
        ],
        [
          1.5228302529106836,
          42.50767189897287
        ],
        [
          1.5225974000000002,
          42.507621699999994
        ]
      ],
      "emotions": [
        "green",
        "green",
        "green",
        "green",
        "green",
        "red",
        "red",
        "red",
        "red",
        "red",
        "red",
        "red",
        "red",
        "red",
        "red",
        "purple",
        "purple",
        "purple",
        "purple",
        "purple",
        "green",
        "green",
        "green",
        "green",
        "green",
        "green",
        "green"
      ],
      "mood_vectors": [
        [
          0.148022313664813,
          0.18974252963081206,
          0.17048117481098085,
          0.13991655600910816,
          0.08188650154938523,
          0.11734808708400897,
          0.15260283725089174
        ],
        [
          0.23945160935780244,
          0.2289396554289085,
          0.018616420855963108,
          0.10735350632994176,
          0.06253092638912257,
          0.25452449265401317,
          0.08858338898424842
        ],
        [
          0.033982077165542336,
          0.34846109362312694,
          0.15676030248636005,
          0.025525987682675028,
          0.33185735689291823,
          0.09573395589178356,
          0.007679226257593826
        ],
        [
          0.22941057168046147,
          0.050947659065036816,
          0.13253375996119265,
          0.25659069834030895,
          0.09791174218799056,
          0.1222375755021761,
          0.11036799326283343
        ],
        [
          0.23263229964098803,
          0.15396026750580566,
          0.17452606815260915,
          0.2036351865018851,
          0.12227337916789423,
          0.0997341878558247,
          0.013238611174993156
        ],
        [
          0.1766862987589325,
          0.007931366780188054,
          0.21570968152748835,
          0.15797358129699185,
          0.028216298180747557,
          0.1678587184955957,
          0.24562405496005596
        ],
        [
          0.1276662784496592,
          0.12170403280171695,
          0.16579721080458623,
          0.2435501085573607,
          0.07961122583714784,
          0.22881927541749933,
          0.03285186813202974
        ],
        [
          0.19351712099091575,
          0.22132111704779536,
          0.206314245718597,
          0.06420656384628724,
          0.16720538796298556,
          0.049430693707877595,
          0.0980048707255416
        ],
        [
          0.007113772603679645,
          0.17542958546802231,
          0.14016631317361133,
          0.09884810810122215,
          0.011799895457166136,
          0.12549827930284949,
          0.44114404589344897
        ],
        [
          0.09304228205175194,
          0.009136591386323131,
          0.08046951429781332,
          0.24168092019299037,
          0.2327520337255722,
          0.06873060308864881,
          0.2741880552569002
        ],
        [
          0.03121277440090685,
          0.2047574331408082,
          0.14525927814710432,
          0.2644536745840827,
          0.055640033911685996,
          0.027488850007311397,
          0.2711879558081006
        ],
        [
          0.16030257050460406,
          0.023965341152722988,
          0.14212681837473737,
          0.21594225918582227,
          0.19258727526388295,
          0.23954930577280473,
          0.02552642974542556
        ],
        [
          0.036849889505191975,
          0.12406575608808347,
          0.10980582482468262,
          0.2524674694700404,
          0.1951704461014066,
          0.07720949288790865,
          0.20443112112268627
        ],
        [
          0.11106281797646492,
          0.20799146044120145,
          0.17934575974131314,
          0.11440074862497675,
          0.05923901637042556,
          0.110742984188117,
          0.21721721265750113
        ],
        [
          0.23251074238207772,
          0.08087431451035407,
          0.2303534026484459,
          0.11751536053081708,
          0.0630917763122254,
          0.18700583255135195,
          0.08864857106472794
        ],
        [
          0.18808385903309202,
          0.18090226474940213,
          0.11468087692420625,
          0.0732952014725887,
          0.001961595710685161,
          0.23620063601514635,
          0.20487556609487947
        ],
        [
          0.1509182827880731,
          0.2866691549868352,
          0.12310406320846207,
          0.1781261981186609,
          0.05150828042625314,
          0.13544166811966235,
          0.0742323523520533
        ],
        [
          0.21614045477657487,
          0.08984032117699874,
          0.07056472346780067,
          0.23110881509925793,
          0.24067073684969145,
          0.028906270041069753,
          0.12276867858860659
        ],
        [
          0.10450608329204614,
          0.19372153429633152,
          0.15703984056332607,
          0.2783348148132523,
          0.03289239709198219,
          0.12745388983724304,
          0.1060514401058188
        ],
        [
          0.08978404061118378,
          0.18193086814559478,
          0.22052363663200092,
          0.025989011344828113,
          0.1280595465186396,
          0.1718674308870691,
          0.18184546586068365
        ],
        [
          0.0706859396637389,
          0.2425716228868748,
          0.18036097690988534,
          0.001598000021387885,
          0.1615972696322751,
          0.17289497900872497,
          0.170291211877113
        ],
        [
          0.15125618167956945,
          0.26424738962068295,
          0.11367046073663128,
          0.30905601299541374,
          0.06453425942074091,
          0.019034251864966528,
          0.07820144368199515
        ],
        [
          0.012802662259990197,
          0.19875188083825662,
          0.19754007923013286,
          0.11003696727874278,
          0.11345253286593816,
          0.16216579882110205,
          0.20525007870583728
        ],
        [
          0.22820952341663914,
          0.23021310699972936,
          0.10589966761760403,
          0.20567341503190845,
          0.06836979073173431,
          0.12070742081297828,
          0.040927075389406424
        ],
        [
          0.20422442234348784,
          0.17526550940079888,
          0.15899606448342446,
          0.13097745285808968,
          0.00815662611966265,
          0.20147985355752293,
          0.12090007123701366
        ],
        [
          0.2619292569894304,
          0.06188310860914684,
          0.10521365655955126,
          0.0039028071338600783,
          0.2947520071712948,
          0.029936543862460318,
          0.2423826196742562
        ],
        [
          0.057460514422115375,
          0.15387527404588447,
          0.03864922831375227,
          0.1751179004039794,
          0.11750156512866201,
          0.15935114271882533,
          0.29804437496678116
        ]
      ],
      "timestamps": [
        0,
        1,
        2,
        3,
        4,
        5,
        6,
        7,
        8,
        9,
        10,
        11,
        12,
        13,
        14,
        15,
        16,
        17,
        18,
        19,
        20,
        21,
        22,
        23,
        24,
        25,
        26
      ],
      "distance": 281.5
    },
    {
      "trip_id": 1,
      "transport_method": "car",
      "start_time": 27,
      "path": [
        [
          1.5226174999999997,
          42.50784550000001
        ],
        [
          1.5224072395527959,
          42.507974735802776
        ],
        [
          1.5224933648870933,
          42.508063167794006
        ],
        [
          1.5225388698529463,
          42.508235825808676
        ],
        [
          1.5224679629462268,
          42.508472222845356
        ],
        [
          1.5226992579695826,
          42.508406149961
        ],
        [
          1.5229355920614338,
          42.508335033539524
        ],
        [
          1.5231688834039137,
          42.50832175352756
        ],
        [
          1.5233713930172654,
          42.50846117851818
        ],
        [
          1.5235935463202235,
          42.50856869250964
        ],
        [
          1.5238156996231813,
          42.5086762065011
        ],
        [
          1.5238888719387855,
          42.508811157215845
        ],
        [
          1.5237279845481493,
          42.5089320848809
        ],
        [
          1.5238630404119546,
          42.508838564082076
        ],
        [
          1.523849599932131,
          42.508692612998225
        ],
        [
          1.523627446629173,
          42.508585099006766
        ],
        [
          1.5234052933262152,
          42.50847758501531
        ],
        [
          1.5231965892994395,
          42.50856259243172
        ],
        [
          1.522991542383314,
          42.50869995003276
        ],
        [
          1.5227864954671886,
          42.5088373076338
        ],
        [
          1.522581448551063,
          42.50897466523483
        ],
        [
          1.5223893210412,
          42.50912095980764
        ],
        [
          1.5224251761527967,
          42.50931061595945
        ],
        [
          1.5226582649089353,
          42.50939173919987
        ],
        [
          1.5228913536650739,
          42.50947286244029
        ],
        [
          1.5231305322813333,
          42.50953290451834
        ],
        [
          1.5233713000000002,
          42.5095871
        ]
      ],
      "emotions": [
        "green",
        "green",
        "green",
        "green",
        "green",
        "green",
        "green",
        "green",
        "red",
        "red",
        "red",
        "red",
        "red",
        "green",
        "green",
        "green",
        "green",
        "green",
        "red",
        "red",
        "red",
        "red",
        "red",
        "purple",
        "purple",
        "purple",
        "purple"
      ],
      "mood_vectors": [
        [
          0.20758545744614698,
          0.13827837200622384,
          0.27409755669156916,
          0.00421190389121378,
          0.17678127524510084,
          0.08472165940991483,
          0.11432377530983062
        ],
        [
          0.16585427361479427,
          0.05776292435614913,
          0.19409645536157782,
          0.07079812101921786,
          0.19648454681114924,
          0.17253437538352456,
          0.14246930345358713
        ],
        [
          0.2416483244441794,
          0.08682657232528486,
          0.2348336883937149,
          0.09282868912721817,
          0.04918805417462084,
          0.09191954225814229,
          0.20275512927683959
        ],
        [
          0.216158571093095,
          0.11434662372555289,
          0.12381600048014411,
          0.10060339024394388,
          0.0990536568223214,
          0.20287022787924375,
          0.14315152975569903
        ],
        [
          0.1921326610074708,
          0.21343161117031106,
          0.1429642799030097,
          0.2082420497092128,
          0.1614687052915255,
          0.014112751625420819,
          0.06764794129304924
        ],
        [
          0.17183176599574568,
          0.18432842824712573,
          0.16477337015207527,
          0.002828364338950566,
          0.1575931810806516,
          0.1277468623595535,
          0.1908980278258976
        ],
        [
          0.2094543862741331,
          0.1449365608871522,
          0.0434336604326649,
          0.13654342725865712,
          0.11583947098179753,
          0.13569988245720424,
          0.21409261170839086
        ],
        [
          0.14293226510116389,
          0.1993916595159132,
          0.21475408363952903,
          0.21337811957162328,
          0.02626672680365846,
          0.0031061213040771093,
          0.20017102406403497
        ],
        [
          0.06843166276738329,
          0.22391238454299303,
          0.23423635331196052,
          0.12954092371096806,
          0.15139888507150792,
          0.08383140472212643,
          0.10864838587306078
        ],
        [
          0.005420471103436965,
          0.1887069973422759,
          0.2560235596142439,
          0.0006265989857354511,
          0.25287687852970203,
          0.22792478152613588,
          0.0684207128984699
        ],
        [
          0.11428701121398553,
          0.16215114339298997,
          0.1531744130091416,
          0.07293660556187427,
          0.17523569570069514,
          0.06425694058313429,
          0.25795819053817926
        ],
        [
          0.2231773814057158,
          0.23981471124838036,
          0.1798923428783399,
          0.07138578542554933,
          0.13523712008171263,
          0.04929370025023682,
          0.10119895871006516
        ],
        [
          0.05826286797950325,
          0.0634787450595634,
          0.14140971124636656,
          0.19689217845222848,
          0.25743309902368056,
          0.2451950386211937,
          0.037328359617464064
        ],
        [
          0.046253736669739844,
          0.2873249538598459,
          0.14142660986630043,
          0.2264305365152979,
          0.18027758916047984,
          0.11224747884031147,
          0.006039095088024564
        ],
        [
          0.3154022155538168,
          0.06663000046627045,
          0.10698143712742185,
          0.21047681038614105,
          0.040734130519823934,
          0.14570943799393613,
          0.1140659679525897
        ],
        [
          0.20807456248027276,
          0.031285007839810294,
          0.15692729108825512,
          0.22509616647516342,
          0.13023181072054607,
          0.024185981745033853,
          0.2241991796509184
        ],
        [
          0.1366642535187792,
          0.24411704118298408,
          0.02680790649152431,
          0.17033941725539964,
          0.11967687984204485,
          0.2387671207282208,
          0.06362738098104717
        ],
        [
          0.006425803969180576,
          0.09945036927764964,
          0.19452632783174253,
          0.09739659487009933,
          0.22511983913817438,
          0.22284843638132887,
          0.15423262853182476
        ],
        [
          0.2174842629494306,
          0.1851963106678375,
          0.0008556766385663974,
          0.09989591964974377,
          0.07266913796170144,
          0.20771958549706718,
          0.216179106635653
        ],
        [
          0.0912928971205976,
          0.058697201289526324,
          0.23343877211113614,
          0.17548714171832971,
          0.17183244062598366,
          0.13654369944319172,
          0.1327078476912348
        ],
        [
          0.03333243926631111,
          0.028772064690563766,
          0.24868939193226708,
          0.18243457820614634,
          0.29473885889878276,
          0.12900413678439476,
          0.08302853022153417
        ],
        [
          0.19727986111888915,
          0.1458166812949343,
          0.0958562578877405,
          0.11221581636948952,
          0.08946587681868438,
          0.1703974672755253,
          0.18896803923473696
        ],
        [
          0.2155074809116285,
          0.15176445195927463,
          0.03373193736371396,
          0.18396541073205394,
          0.05034713123169782,
          0.236508017543159,
          0.12817557025847215
        ],
        [
          0.08539353844893736,
          0.004814023965451225,
          0.2567135088766829,
          0.16472739990529162,
          0.19236921294466147,
          0.17224800390156206,
          0.12373431195741337
        ],
        [
          0.19732248593522975,
          0.06960236063132584,
          0.25996116381253503,
          0.059980386003480664,
          0.07334795078677012,
          0.10129211060616405,
          0.23849354222449456
        ],
        [
          0.11699916781992509,
          0.16416000501555356,
          0.11797501768090884,
          0.252029299319797,
          0.014455914958525664,
          0.06176269799082236,
          0.27261789721446744
        ],
        [
          0.07711862375994262,
          0.13848450838762608,
          0.05405845703841825,
          0.08128371556589853,
          0.14687508466725524,
          0.2524659457273412,
          0.249713664853518
        ]
      ],
      "timestamps": [
        27,
        28,
        29,
        30,
        31,
        32,
        33,
        34,
        35,
        36,
        37,
        38,
        39,
        40,
        41,
        42,
        43,
        44,
        45,
        46,
        47,
        48,
        49,
        50,
        51,
        52,
        53
      ],
      "distance": 298.2
    },
    {
      "trip_id": 2,
      "transport_method": "bicycle",
      "start_time": 54,
      "path": [
        [
          1.5233713000000002,
          42.5095871
        ],
        [
          1.5227226702710153,
          42.50941415457399
        ],
        [
          1.5224681344547915,
          42.50905057250874
        ],
        [
          1.5230266181550323,
          42.508676453342595
        ],
        [
          1.5236040648981586,
          42.508573783112766
        ],
        [
          1.5237342400025244,
          42.50887592327403
        ],
        [
          1.5237396955682243,
          42.508639423346374
        ],
        [
          1.5231539068022146,
          42.508315467052775
        ],
        [
          1.522512672408063,
          42.50846229631436
        ],
        [
          1.5218880766805454,
          42.50838448140945
        ],
        [
          1.5222052894900424,
          42.50845686582844
        ],
        [
          1.5221057875188504,
          42.50838122541135
        ],
        [
          1.5215025765725902,
          42.50845109649109
        ],
        [
          1.5212631945545017,
          42.50835856159999
        ],
        [
          1.5216385531744152,
          42.508234189664456
        ],
        [
          1.521045111380286,
          42.50791844288159
        ],
        [
          1.520451669586157,
          42.507602696098715
        ],
        [
          1.5198274679684471,
          42.507674600023655
        ],
        [
          1.5196039702457906,
          42.50816667332793
        ],
        [
          1.5198705908594083,
          42.50864850289996
        ],
        [
          1.5195951265367662,
          42.508116849801304
        ],
        [
          1.5192087499551032,
          42.50798092756271
        ],
        [
          1.5186034273529296,
          42.50827325228149
        ],
        [
          1.5180203142635644,
          42.508159777795946
        ],
        [
          1.5174658000000008,
          42.507779799999994
        ]
      ],
      "emotions": [
        "purple",
        "green",
        "green",
        "green",
        "green",
        "green",
        "red",
        "red",
        "red",
        "red",
        "red",
        "green",
        "green",
        "green",
        "green",
        "green",
        "red",
        "red",
        "red",
        "red",
        "red",
        "green",
        "green",
        "green",
        "green"
      ],
      "mood_vectors": [
        [
          0.131652514522548,
          0.21522037732181568,
          0.09802655014368238,
          0.08074551975744088,
          0.09629146031068378,
          0.23971198850809258,
          0.13835158943573672
        ],
        [
          0.09729890496607108,
          0.1559152829561826,
          0.12320763461989719,
          0.25380625824766534,
          0.1610302680288127,
          0.07686291793288903,
          0.13187873324848204
        ],
        [
          0.11755588912434575,
          0.2963564969123855,
          0.08927713352278698,
          0.022666709728139764,
          0.1087369519645274,
          0.011069314542119445,
          0.35433750420569515
        ],
        [
          0.041811133281990286,
          0.12421724042560571,
          0.001957953316778996,
          0.2101797813011368,
          0.20978018917976513,
          0.1992262571426824,
          0.21282744535204062
        ],
        [
          0.1278078441936609,
          0.13612278833558636,
          0.20418361161857343,
          0.10483706214749171,
          0.13206297651350324,
          0.10756623396361094,
          0.18741948322757337
        ],
        [
          0.15848446349976011,
          0.18484115431240222,
          0.13037764508465988,
          0.11046913737324818,
          0.13465988419159947,
          0.22288251615684473,
          0.0582851993814855
        ],
        [
          0.09077040448619784,
          0.10152900721798568,
          0.05949374167126318,
          0.1945860251146176,
          0.15022001777715432,
          0.19954470596199153,
          0.2038560977707899
        ],
        [
          0.18981010912744045,
          0.1538967709291431,
          0.14824467750065523,
          0.10249315743114625,
          0.10869035370618789,
          0.21969536194614958,
          0.07716956935927755
        ],
        [
          0.0028109910730818263,
          0.0834236578221224,
          0.37413727100526506,
          0.20127852083395228,
          0.0698765069869235,
          0.17769931414721926,
          0.09077373813143566
        ],
        [
          0.12310294793046846,
          0.16615741458020017,
          0.09883505286639403,
          0.18771262843793157,
          0.1846714097528408,
          0.14109168103705,
          0.09842886539511489
        ],
        [
          0.017467807297787435,
          0.1887072131086022,
          0.097081128801044,
          0.242354569812236,
          0.072080397266651,
          0.1238445120680189,
          0.25846437164566044
        ],
        [
          0.09179352544083713,
          0.2195394653555841,
          0.07954650317586619,
          0.043509183823401326,
          0.22389836657200535,
          0.2565838803180977,
          0.08512907531420823
        ],
        [
          0.20404317036171551,
          0.16688103548400007,
          0.05128491715155548,
          0.23139208806400827,
          0.10522545942345213,
          0.20247174832294648,
          0.038701581192322046
        ],
        [
          0.11113839022974563,
          0.09887101073805189,
          0.1796977598936702,
          0.13451167386597818,
          0.1740431180566866,
          0.17219529967435135,
          0.12954274754151618
        ],
        [
          0.11449126673732106,
          0.27211340827767383,
          0.1778960614062055,
          0.140443489633544,
          0.10359483948622036,
          0.09359269861052386,
          0.0978682358485114
        ],
        [
          0.11037955023421867,
          0.11462570900930445,
          0.12276983219233555,
          0.1474289303518024,
          0.24357424330409536,
          0.2603847260375635,
          0.0008370088706800864
        ],
        [
          0.1478937168142611,
          0.19424566965172904,
          0.07192117780084298,
          0.1015029995116812,
          0.2802414415217312,
          0.18271293121707405,
          0.02148206348268047
        ],
        [
          0.22917632290318574,
          0.03255414866036562,
          0.1095743549219156,
          0.19679733409002823,
          0.10357659576757107,
          0.11185401870624831,
          0.21646722495068546
        ],
        [
          0.2700836054051061,
          0.15820366066049976,
          0.020789857267125015,
          0.059027498952341356,
          0.24874970993909823,
          0.21737580861459638,
          0.025769859161233144
        ],
        [
          0.31237513210111745,
          0.18603786774113615,
          0.20787672858957923,
          0.11520632184220216,
          0.05105169151650596,
          0.0482753683841283,
          0.07917688982533085
        ],
        [
          0.2348886504528079,
          0.28016438391921056,
          0.030244968832457385,
          0.044532395705346214,
          0.10186530050016103,
          0.1213800534440328,
          0.18692424714598407
        ],
        [
          0.2015661873979515,
          0.09341230995188371,
          0.16246561457787564,
          0.11423781982706453,
          0.13871182028984086,
          0.19809039473908133,
          0.09151585321630241
        ],
        [
          0.13901791918435527,
          0.026435223531167652,
          0.19001344295506103,
          0.054979962719388265,
          0.23017024273413184,
          0.11272059017564356,
          0.2466626187002524
        ],
        [
          0.1281328404073327,
          0.088221911050799,
          0.21360919131480613,
          0.21011722818585196,
          0.20548598274652605,
          0.047293011263990575,
          0.10713983503069364
        ],
        [
          0.20356743406462818,
          0.07117837801663698,
          0.24403776338588098,
          0.009705571022338636,
          0.22278618202113012,
          0.19847566817130702,
          0.0502490033180781
        ]
      ],
      "timestamps": [
        54,
        55,
        56,
        57,
        58,
        59,
        60,
        61,
        62,
        63,
        64,
        65,
        66,
        67,
        68,
        69,
        70,
        71,
        72,
        73,
        74,
        75,
        76,
        77,
        78
      ],
      "distance": 714.6
    },
    {
      "trip_id": 3,
      "transport_method": "stopped",
      "start_time": 79,
      "path": [
        [
          1.5174658000000008,
          42.507779799999994
        ],
        [
          1.5174658000000008,
          42.507779799999994
        ],
        [
          1.5174658000000008,
          42.507779799999994
        ]
      ],
      "emotions": [
        "green",
        "purple",
        "purple"
      ],
      "mood_vectors": [
        [
          0.18321380458257236,
          0.08822912398973637,
          0.062029997510979894,
          0.28060533327318077,
          0.2304919186068102,
          0.08301915883286153,
          0.07241066320385887
        ],
        [
          0.19727307767424485,
          0.20892711161022032,
          0.08025659010869848,
          0.18925259424588517,
          0.06183104149499115,
          0.21873543066863857,
          0.0437241541973215
        ],
        [
          0.033303331200908726,
          0.18820694699995177,
          0.07551231647690093,
          0.352435410875261,
          0.0827486866114669,
          0.1433238938487013,
          0.12446941398680941
        ]
      ],
      "timestamps": [
        79,
        80,
        81
      ]
    },
    {
      "trip_id": 4,
      "transport_method": "foot",
      "start_time": 82,
      "path": [
        [
          1.5174127999999998,
          42.507742499999985
        ],
        [
          1.5173865117647056,
          42.50772505882352
        ],
        [
          1.5173602235294115,
          42.50770761764705
        ],
        [
          1.5173339352941175,
          42.507690176470575
        ],
        [
          1.5173076470588234,
          42.50767273529411
        ],
        [
          1.5172813588235292,
          42.50765529411764
        ],
        [
          1.517255070588235,
          42.50763785294117
        ],
        [
          1.5172287823529411,
          42.5076204117647
        ],
        [
          1.517202494117647,
          42.50760297058823
        ],
        [
          1.5171762058823528,
          42.50758552941176
        ],
        [
          1.5171499176470586,
          42.507568088235296
        ],
        [
          1.5171236294117647,
          42.50755064705882
        ],
        [
          1.5170973411764705,
          42.50753320588235
        ],
        [
          1.5170710529411764,
          42.507515764705886
        ],
        [
          1.5170447647058822,
          42.50749832352942
        ],
        [
          1.5170184764705883,
          42.507480882352944
        ],
        [
          1.5169921882352941,
          42.507463441176476
        ],
        [
          1.5169659,
          42.50744600000001
        ]
      ],
      "emotions": [
        "red",
        "red",
        "red",
        "red",
        "red",
        "red",
        "red",
        "red",
        "green",
        "green",
        "green",
        "green",
        "green",
        "purple",
        "purple",
        "purple",
        "purple",
        "purple"
      ],
      "mood_vectors": [
        [
          0.13013003051305297,
          0.08964951466429666,
          0.28798093509594974,
          0.12343985367758692,
          0.010383221999005453,
          0.06679743730413948,
          0.2916190067459688
        ],
        [
          0.2835221822263768,
          0.059036032955994196,
          0.11948510114540496,
          0.18579004128726284,
          0.28914525294037274,
          0.0614227587603027,
          0.0015986306842857877
        ],
        [
          0.025844305524963498,
          0.1801185522527591,
          0.08343203117542529,
          0.14651019749404304,
          0.25723778165452743,
          0.11769707665188932,
          0.18916005524639237
        ],
        [
          0.04020266328677147,
          0.20676824468747249,
          0.2742646298301795,
          0.1137856616752193,
          0.18080276930208755,
          0.03350713111379799,
          0.15066890010447162
        ],
        [
          0.2332904610029034,
          0.07730155371485163,
          0.13018872294216738,
          0.19130596166920893,
          0.11148605512588244,
          0.09240555936684623,
          0.16402168617813995
        ],
        [
          0.1627326526064626,
          0.14266700625901974,
          0.05866178494687615,
          0.2627982239105166,
          0.06464582917640468,
          0.2128145785895174,
          0.09567992451120282
        ],
        [
          0.10505528587493117,
          0.1352132485951177,
          0.18655549915196248,
          0.17543275179397516,
          0.17653513970521395,
          0.07854163636064608,
          0.1426664385181535
        ],
        [
          0.06635505244920097,
          0.15813492566317866,
          0.20776080563769503,
          0.21371830299355007,
          0.13553478412354128,
          0.17267008583608548,
          0.04582604329674854
        ],
        [
          0.20680116768837847,
          0.33371630693963844,
          0.031227211643043616,
          0.177464310435954,
          0.1391484995810689,
          0.01085618476690736,
          0.10078631894500922
        ],
        [
          0.16199091776782443,
          0.15843594586544685,
          0.17483014546869838,
          0.08343864508259934,
          0.10315539862550785,
          0.14427155949082734,
          0.1738773876990959
        ],
        [
          0.1841268180789695,
          0.07642271784560563,
          0.05795733471162789,
          0.2060709341271228,
          0.21464621722006294,
          0.10513989078422466,
          0.1556360872323866
        ],
        [
          0.05160663205887437,
          0.2764021340638264,
          0.22260367528909636,
          0.12672760005039144,
          0.08929913604694852,
          0.018882128385816786,
          0.21447869410504616
        ],
        [
          0.08788253650583208,
          0.1366998462459563,
          0.3637144803686597,
          0.04395580415533062,
          0.17892274486058127,
          0.1262901963169784,
          0.06253439154666167
        ],
        [
          0.11632848023404666,
          0.15553689425025172,
          0.03467590871937591,
          0.20050660547022486,
          0.05922728991490044,
          0.17766320760840418,
          0.25606161380279624
        ],
        [
          0.02522006072969178,
          0.015279121205032256,
          0.16402647303289486,
          0.11556858064328042,
          0.20171717738552364,
          0.21339988884465952,
          0.26478869815891753
        ],
        [
          0.1991799410846648,
          0.2152365119977752,
          0.23024504001109783,
          0.08098262255584014,
          0.21765564082596586,
          0.02361773584227265,
          0.03308250768238356
        ],
        [
          0.1186104945313782,
          0.13000495657053193,
          0.27087485329798106,
          0.10477252220173616,
          0.06572583433610264,
          0.2690810311982152,
          0.04093030786405487
        ],
        [
          0.2676879480966629,
          0.10508205807288953,
          0.2842460916553349,
          0.22216767240816765,
          0.025498337577753823,
          0.06384868147232625,
          0.03146921071686491
        ]
      ],
      "timestamps": [
        82,
        83,
        84,
        85,
        86,
        87,
        88,
        89,
        90,
        91,
        92,
        93,
        94,
        95,
        96,
        97,
        98,
        99
      ],
      "distance": 193.8
    }
  ],
  "conversation": [
    "Let's loop around the park before heading back.",
    "Parking's a nightmare, as usual.",
    "Every other block feels like a different country."
  ],
  "conversation_timestamps": [
    7,
    61,
    86
  ]
}
