{"agent_id": "agent-blue-1960", "type": "blue", "trips": [{"trip_id": 0, "transport_method": "bicycle", "start_time": 0, "path": [[1.5276682, 42.5076791], [1.5284994, 42.5085361], [1.5282354, 42.5090895], [1.5291349, 42.5099554], [1.5294319, 42.5109587], [1.5304092, 42.5116516], [1.5308007, 42.512541], [1.5302952, 42.5136659], [1.5299217, 42.5146918], [1.5290686, 42.5155882], [1.5280294, 42.5162827], [1.5269368, 42.5169137], [1.526707, 42.517071], [1.5278022, 42.5165038], [1.5288589, 42.5158532], [1.5279412, 42.5164041], [1.5268833, 42.5170916], [1.5258253, 42.517779], [1.5247674, 42.5184665], [1.5254926, 42.5179051], [1.5260851, 42.5174504], [1.5250588, 42.5181843], [1.5240339, 42.5189174], [1.5237819, 42.5201169], [1.5232477, 42.5212564], [1.5222633, 42.5220333], [1.5216894, 42.5231335], [1.5209239, 42.5241324], [1.5207499, 42.525309], [1.5206168, 42.5265248], [1.5208365, 42.5276729], [1.5213943, 42.5287291], [1.5218572, 42.529621], [1.5211885, 42.5306322], [1.520878, 42.5316446], [1.5213366, 42.5327811], [1.5208042, 42.5337353], [1.5215657, 42.5346552], [1.5224889, 42.5354574], [1.5232636, 42.5363527], [1.5244561, 42.5367135], [1.5252083, 42.5372758], [1.524282, 42.537602], [1.5232053, 42.5382056], [1.523152, 42.5394504], [1.5234713, 42.5406314], [1.5231731, 42.5411976], [1.5229223, 42.5423599], [1.5232913, 42.5435366], [1.5238366, 42.5446632], [1.5244039, 42.5457736], [1.5247043, 42.5469244], [1.5250383, 42.5480511], [1.5255518, 42.5491821], [1.5262049, 42.5502616], [1.5265115, 42.5508122], [1.5258129, 42.5497638], [1.5255077, 42.549266], [1.525886, 42.5504697], [1.5262809, 42.5516619], [1.5267149, 42.5528045], [1.5275307, 42.5537478], [1.5282102, 42.5547299], [1.5291346, 42.5555335], [1.5297709, 42.5565715], [1.530893, 42.557105], [1.531917, 42.5578231], [1.5316338, 42.558781], [1.5309035, 42.5597813], [1.5301285, 42.5607564], [1.5289791, 42.561224], [1.5282335, 42.56216], [1.5273471, 42.562956], [1.5265028, 42.5635093], [1.5255042, 42.5642233], [1.5245438, 42.5650385], [1.5238309, 42.566077], [1.5232881, 42.5672058], [1.5222974, 42.5679368], [1.5217942, 42.5682026]], "mood_vectors": [[0.0589, 0.0316, 0.0138, 0.755, 0.0569, 0.0432, 0.0407], [0.0706, 0.017, 0.0705, 0.6449, 0.0724, 0.0521, 0.0725], [0.0844, 0.0354, 0.0755, 0.6853, 0.0298, 0.0753, 0.0142], [0.0644, 0.036, 0.0614, 0.6901, 0.052, 0.0559, 0.0403], [0.0781, 0.0181, 0.0184, 0.7399, 0.0293, 0.0395, 0.0766], [0.0176, 0.0582, 0.0319, 0.7127, 0.0453, 0.0797, 0.0546], [0.0596, 0.0621, 0.0172, 0.7458, 0.0211, 0.0555, 0.0386], [0.0546, 0.0549, 0.0122, 0.7723, 0.0213, 0.0578, 0.0269], [0.0446, 0.061, 0.0671, 0.6809, 0.0825, 0.0427, 0.0212], [0.0154, 0.1034, 0.0661, 0.6572, 0.0797, 0.0268, 0.0515], [0.0489, 0.0615, 0.0586, 0.7054, 0.0346, 0.0479, 0.0431], [0.0493, 0.0145, 0.0161, 0.7916, 0.0454, 0.0237, 0.0595], [0.0163, 0.0679, 0.0745, 0.7318, 0.0215, 0.0588, 0.0293], [0.0259, 0.0791, 0.0291, 0.7172, 0.0745, 0.035, 0.0392], [0.0131, 0.0737, 0.0647, 0.769, 0.0186, 0.0129, 0.048], [0.065, 0.0726, 0.0219, 0.6251, 0.0753, 0.0774, 0.0626], [0.0646, 0.0923, 0.0422, 0.7269, 0.0302, 0.0176, 0.0262], [0.0461, 0.064, 0.0702, 0.6614, 0.06, 0.0639, 0.0344], [0.075, 0.0508, 0.065, 0.6567, 0.0547, 0.0334, 0.0644], [0.0488, 0.0769, 0.0165, 0.6327, 0.0898, 0.0678, 0.0675], [0.0479, 0.0526, 0.0194, 0.7768, 0.0209, 0.0377, 0.0447], [0.0462, 0.0268, 0.0642, 0.7422, 0.0413, 0.0593, 0.0201], [0.0498, 0.0533, 0.0324, 0.6918, 0.0589, 0.0583, 0.0555], [0.0227, 0.0572, 0.0326, 0.7373, 0.0546, 0.0783, 0.0174], [0.0251, 0.0652, 0.025, 0.7305, 0.0643, 0.0698, 0.0201], [0.0245, 0.0732, 0.0209, 0.6771, 0.077, 0.0648, 0.0625], [0.0429, 0.0654, 0.0701, 0.6864, 0.0251, 0.0382, 0.072], [0.0289, 0.083, 0.0277, 0.7276, 0.0364, 0.07, 0.0263], [0.0156, 0.0274, 0.0415, 0.7187, 0.0779, 0.0259, 0.093], [0.0679, 0.0683, 0.0137, 0.704, 0.0516, 0.0497, 0.0447], [0.016, 0.0618, 0.0566, 0.6863, 0.0533, 0.0633, 0.0626], [0.016, 0.0714, 0.0326, 0.7099, 0.0839, 0.0398, 0.0465], [0.0448, 0.0549, 0.0857, 0.6777, 0.0187, 0.0353, 0.0829], [0.0762, 0.049, 0.0667, 0.6197, 0.0414, 0.0905, 0.0565], [0.0251, 0.0729, 0.0827, 0.6104, 0.09, 0.0862, 0.0328], [0.0491, 0.0158, 0.0207, 0.6996, 0.0836, 0.0523, 0.0788], [0.0146, 0.0245, 0.0502, 0.7174, 0.0759, 0.1001, 0.0172], [0.0214, 0.0476, 0.0928, 0.6822, 0.0863, 0.026, 0.0437], [0.1008, 0.0328, 0.034, 0.7308, 0.0355, 0.0311, 0.035], [0.0805, 0.0374, 0.0526, 0.702, 0.0314, 0.0621, 0.034], [0.0206, 0.0787, 0.0256, 0.673, 0.0656, 0.0866, 0.0499], [0.0492, 0.0302, 0.0913, 0.6587, 0.0799, 0.0455, 0.045], [0.0889, 0.029, 0.0818, 0.6577, 0.0329, 0.0323, 0.0773], [0.0602, 0.0224, 0.0951, 0.6707, 0.0743, 0.055, 0.0223], [0.0399, 0.0771, 0.0141, 0.67, 0.0774, 0.0582, 0.0634], [0.0436, 0.0548, 0.0406, 0.781, 0.024, 0.0243, 0.0317], [0.0335, 0.0546, 0.0842, 0.6836, 0.0699, 0.0603, 0.0139], [0.0411, 0.0328, 0.0462, 0.6904, 0.0633, 0.0594, 0.0668], [0.0525, 0.0739, 0.0163, 0.6473, 0.0705, 0.0715, 0.0681], [0.0878, 0.0188, 0.077, 0.631, 0.0936, 0.0284, 0.0635], [0.0695, 0.0417, 0.0486, 0.6424, 0.0821, 0.0765, 0.0391], [0.0314, 0.0669, 0.052, 0.7167, 0.0202, 0.0572, 0.0557], [0.0362, 0.0313, 0.0715, 0.7244, 0.0632, 0.0138, 0.0596], [0.0304, 0.0466, 0.0872, 0.6848, 0.0314, 0.0697, 0.0499], [0.0519, 0.0897, 0.0328, 0.6606, 0.0516, 0.0688, 0.0447], [0.0806, 0.0839, 0.0358, 0.6641, 0.037, 0.0206, 0.078], [0.0687, 0.0731, 0.0289, 0.7065, 0.0185, 0.0277, 0.0766], [0.0652, 0.0159, 0.0712, 0.7129, 0.0211, 0.064, 0.0497], [0.0496, 0.0354, 0.0564, 0.7055, 0.0599, 0.0597, 0.0334], [0.0333, 0.0261, 0.0411, 0.726, 0.081, 0.0489, 0.0437], [0.0708, 0.0845, 0.0698, 0.5925, 0.0279, 0.0802, 0.0743], [0.0449, 0.0654, 0.052, 0.7177, 0.0395, 0.0627, 0.0177], [0.0494, 0.0649, 0.0568, 0.6993, 0.0162, 0.0731, 0.0404], [0.0146, 0.0266, 0.0534, 0.7329, 0.0489, 0.0843, 0.0392], [0.0707, 0.0683, 0.0203, 0.6823, 0.0563, 0.031, 0.0712], [0.0649, 0.0302, 0.0639, 0.725, 0.0312, 0.0541, 0.0307], [0.0391, 0.0487, 0.058, 0.7006, 0.0445, 0.0277, 0.0815], [0.0795, 0.0703, 0.0712, 0.6341, 0.045, 0.0274, 0.0725], [0.0645, 0.0703, 0.0385, 0.642, 0.0609, 0.0475, 0.0764], [0.0766, 0.0759, 0.0789, 0.6384, 0.0177, 0.0775, 0.035], [0.1031, 0.0187, 0.0234, 0.6641, 0.0885, 0.0223, 0.0798], [0.0507, 0.0796, 0.0658, 0.6883, 0.0203, 0.0591, 0.0362], [0.08, 0.0902, 0.0629, 0.608, 0.0686, 0.0744, 0.016], [0.0182, 0.0755, 0.0654, 0.7517, 0.034, 0.0193, 0.0358], [0.017, 0.0805, 0.021, 0.6669, 0.0663, 0.079, 0.0692], [0.0312, 0.062, 0.0822, 0.7087, 0.0193, 0.0417, 0.055], [0.0287, 0.0943, 0.0217, 0.6271, 0.0764, 0.0614, 0.0904], [0.0439, 0.0276, 0.0257, 0.7533, 0.0285, 0.0735, 0.0477], [0.0503, 0.0267, 0.0875, 0.741, 0.0394, 0.0241, 0.031], [0.0163, 0.0483, 0.0654, 0.7756, 0.0608, 0.0139, 0.0198]], "emotions": ["green", "green", "green", "green", "green", "green", "green", "green", "green", "green", "green", "green", "green", "green", "green", "green", "green", "green", "green", "green", "green", "green", "green", "green", "green", "green", "green", "green", "green", "green", "green", "green", "green", "green", "green", "green", "green", "green", "green", "green", "green", "green", "green", "green", "green", "green", "green", "green", "green", "green", "green", "green", "green", "green", "green", "green", "green", "green", "green", "green", "green", "green", "green", "green", "green", "green", "green", "green", "green", "green", "green", "green", "green", "green", "green", "green", "green", "green", "green", "green"], "timestamps": [0, 40, 80, 120, 160, 200, 240, 280, 320, 360, 400, 440, 480, 520, 560, 600, 640, 680, 720, 760, 800, 840, 880, 920, 960, 1000, 1040, 1080, 1120, 1160, 1200, 1240, 1280, 1320, 1360, 1400, 1440, 1480, 1520, 1560, 1600, 1640, 1680, 1720, 1760, 1800, 1840, 1880, 1920, 1960, 2000, 2040, 2080, 2120, 2160, 2200, 2240, 2280, 2320, 2360, 2400, 2440, 2480, 2520, 2560, 2600, 2640, 2680, 2720, 2760, 2800, 2840, 2880, 2920, 2960, 3000, 3040, 3080, 3120, 3160]}], "conversation": [], "conversation_timestamps": []}