{"agent_id": "agent-orange-123", "type": "orange", "trips": [{"trip_id": 0, "transport_method": "bus", "start_time": 0, "path": [[1.5354502, 42.5087527], [1.5354251, 42.5088513], [1.5354, 42.5089499], [1.5353749, 42.5090485], [1.5353498, 42.5091471], [1.5353792, 42.509207], [1.5354806, 42.5092157], [1.535582, 42.5092245], [1.5356834, 42.5092332], [1.5357847, 42.509242], [1.5358861, 42.5092507], [1.5359875, 42.5092594], [1.5360888, 42.5092682], [1.5361902, 42.5092769], [1.5362916, 42.5092857], [1.5363929, 42.5092944], [1.5364943, 42.5093031], [1.5365957, 42.5093119], [1.5366972, 42.509318], [1.5367989, 42.5093222], [1.5369005, 42.5093265], [1.5370022, 42.5093308], [1.5371038, 42.5093364], [1.5372053, 42.5093428], [1.5373069, 42.5093493], [1.5374084, 42.5093557], [1.5375099, 42.5093622], [1.5376115, 42.5093692], [1.5377129, 42.5093764], [1.5378144, 42.5093836], [1.5379159, 42.5093915], [1.5380168, 42.5094044], [1.5381177, 42.5094174], [1.5382186, 42.5094303], [1.5383195, 42.5094432], [1.5384205, 42.5094562], [1.5385214, 42.5094691], [1.5386223, 42.5094821], [1.5387232, 42.509495], [1.5388246, 42.5094996], [1.5389263, 42.5094977], [1.539028, 42.5094958], [1.5391298, 42.509494], [1.5392315, 42.5094921], [1.5393332, 42.5094902], [1.539435, 42.5094884], [1.5395367, 42.5094865], [1.5396382, 42.5094863], [1.539736, 42.5095144], [1.5398338, 42.5095425], [1.5399316, 42.5095706], [1.5400294, 42.5095987], [1.5401272, 42.5096268], [1.5402039, 42.5096745], [1.5402252, 42.509774], [1.5402614, 42.5098534], [1.5403628, 42.5098446], [1.5404641, 42.5098358], [1.5405655, 42.509827], [1.5406613, 42.5098409], [1.5407402, 42.509901], [1.5407749, 42.5099965], [1.5408147, 42.5100902], [1.5408846, 42.5101637], [1.5409557, 42.5102365], [1.5409669, 42.5102086], [1.5409214, 42.5101176], [1.5408763, 42.5100264], [1.540838, 42.5099322], [1.5408219, 42.5098321], [1.5408192, 42.5097304], [1.5408955, 42.5097046], [1.5409972, 42.5097035], [1.5410989, 42.5097022], [1.5411859, 42.5096667], [1.5412565, 42.5095934], [1.5412472, 42.5095092], [1.5411979, 42.5094202], [1.5411486, 42.5093312], [1.5410993, 42.5092422]], "mood_vectors": [[0.0845, 0.0842, 0.02, 0.0544, 0.636, 0.0618, 0.0591], [0.0844, 0.0508, 0.0456, 0.0383, 0.6556, 0.0401, 0.0852], [0.0695, 0.0613, 0.0392, 0.0454, 0.7457, 0.0183, 0.0206], [0.0515, 0.0293, 0.0369, 0.0293, 0.7857, 0.0407, 0.0266], [0.048, 0.0204, 0.0662, 0.065, 0.7267, 0.0208, 0.0529], [0.0269, 0.0386, 0.048, 0.0433, 0.7019, 0.0834, 0.0579], [0.0245, 0.0773, 0.0157, 0.0819, 0.6953, 0.0301, 0.0751], [0.048, 0.0732, 0.0271, 0.0203, 0.7632, 0.038, 0.0302], [0.0248, 0.0576, 0.0986, 0.0304, 0.6943, 0.0726, 0.0217], [0.054, 0.0719, 0.03, 0.0771, 0.6872, 0.0626, 0.0173], [0.0549, 0.0358, 0.0259, 0.0343, 0.7505, 0.0317, 0.0669], [0.0355, 0.0293, 0.0383, 0.0726, 0.7377, 0.0255, 0.061], [0.0657, 0.0478, 0.0303, 0.0773, 0.6903, 0.0555, 0.0331], [0.0237, 0.0697, 0.0591, 0.0476, 0.7183, 0.0667, 0.0149], [0.0546, 0.0136, 0.0542, 0.0341, 0.7031, 0.0788, 0.0614], [0.0534, 0.0496, 0.0296, 0.0353, 0.7295, 0.0387, 0.0639], [0.0625, 0.0566, 0.0261, 0.0751, 0.6134, 0.0798, 0.0865], [0.0452, 0.0569, 0.0551, 0.07, 0.7304, 0.017, 0.0253], [0.087, 0.0706, 0.0416, 0.0492, 0.6114, 0.0547, 0.0854], [0.0146, 0.0597, 0.0168, 0.0663, 0.7037, 0.0629, 0.076], [0.0523, 0.0635, 0.0801, 0.0131, 0.6719, 0.0501, 0.069], [0.0236, 0.0629, 0.0167, 0.0637, 0.7359, 0.0313, 0.0659], [0.0271, 0.0752, 0.0807, 0.0943, 0.6678, 0.0209, 0.0341], [0.0363, 0.0654, 0.0567, 0.0826, 0.649, 0.0855, 0.0245], [0.0277, 0.0668, 0.0211, 0.0571, 0.7112, 0.0984, 0.0178], [0.0229, 0.0265, 0.0208, 0.0229, 0.8339, 0.0592, 0.0137], [0.0322, 0.0683, 0.0382, 0.0843, 0.6213, 0.0867, 0.069], [0.0744, 0.0657, 0.0824, 0.0219, 0.7038, 0.0335, 0.0183], [0.0741, 0.0595, 0.0707, 0.0454, 0.6833, 0.0161, 0.0509], [0.075, 0.0779, 0.0623, 0.0185, 0.6666, 0.0632, 0.0366], [0.0388, 0.0268, 0.0176, 0.0139, 0.7916, 0.0571, 0.0542], [0.0569, 0.0686, 0.0621, 0.0497, 0.6782, 0.0588, 0.0257], [0.05, 0.0405, 0.031, 0.0764, 0.7506, 0.0145, 0.0371], [0.0318, 0.0715, 0.0716, 0.0257, 0.6844, 0.0439, 0.0711], [0.0642, 0.0584, 0.0721, 0.0191, 0.7154, 0.0387, 0.032], [0.0584, 0.0621, 0.0881, 0.0174, 0.6808, 0.0541, 0.039], [0.0573, 0.0448, 0.0554, 0.0317, 0.7427, 0.0207, 0.0474], [0.0636, 0.0688, 0.0716, 0.0766, 0.6619, 0.0366, 0.0208], [0.0434, 0.0369, 0.077, 0.0545, 0.6667, 0.0578, 0.0636], [0.0642, 0.0242, 0.0217, 0.0483, 0.7243, 0.0531, 0.0643], [0.052, 0.0589, 0.0235, 0.0126, 0.7826, 0.056, 0.0145], [0.0576, 0.0422, 0.0598, 0.0693, 0.7038, 0.046, 0.0214], [0.032, 0.0502, 0.0452, 0.0528, 0.7211, 0.0537, 0.0451], [0.0489, 0.0345, 0.0504, 0.0582, 0.7088, 0.0506, 0.0486], [0.0373, 0.072, 0.0215, 0.0411, 0.6864, 0.0755, 0.0663], [0.0733, 0.0593, 0.0325, 0.0283, 0.7286, 0.0628, 0.0151], [0.0353, 0.0429, 0.0162, 0.0248, 0.7528, 0.0741, 0.0538], [0.0251, 0.0523, 0.0182, 0.0419, 0.82, 0.0284, 0.0142], [0.0245, 0.0824, 0.0203, 0.0797, 0.6756, 0.065, 0.0524], [0.0749, 0.0403, 0.0682, 0.0397, 0.647, 0.0596, 0.0702], [0.0618, 0.0365, 0.0837, 0.0315, 0.66, 0.0858, 0.0406], [0.0453, 0.0843, 0.0326, 0.0733, 0.7, 0.0425, 0.022], [0.0709, 0.0226, 0.0242, 0.0786, 0.6892, 0.0572, 0.0572], [0.0192, 0.0452, 0.0361, 0.0735, 0.7071, 0.0444, 0.0745], [0.0594, 0.0678, 0.0551, 0.0776, 0.6347, 0.0469, 0.0585], [0.0201, 0.0345, 0.0439, 0.0758, 0.722, 0.0622, 0.0415], [0.0788, 0.0741, 0.0299, 0.0607, 0.6093, 0.0631, 0.0842], [0.0791, 0.0513, 0.0893, 0.0588, 0.6168, 0.0863, 0.0184], [0.0207, 0.0659, 0.013, 0.0188, 0.7601, 0.0599, 0.0616], [0.0299, 0.0575, 0.0642, 0.05, 0.659, 0.0694, 0.0701], [0.0326, 0.0144, 0.0654, 0.0509, 0.7391, 0.0555, 0.0423], [0.0337, 0.0534, 0.0193, 0.0781, 0.7522, 0.0223, 0.041], [0.0281, 0.0337, 0.0908, 0.0914, 0.6536, 0.0414, 0.061], [0.0199, 0.0941, 0.0462, 0.0384, 0.663, 0.0967, 0.0417], [0.0766, 0.0295, 0.0276, 0.0434, 0.6562, 0.0736, 0.0931], [0.063, 0.0541, 0.0325, 0.0248, 0.7526, 0.0479, 0.0251], [0.0546, 0.0987, 0.0675, 0.0192, 0.6721, 0.07, 0.0179], [0.0717, 0.0518, 0.0192, 0.0624, 0.7078, 0.0488, 0.0384], [0.0343, 0.0651, 0.0331, 0.0608, 0.7023, 0.0512, 0.0532], [0.0644, 0.0649, 0.0366, 0.0782, 0.6872, 0.0336, 0.035], [0.037, 0.0574, 0.0411, 0.0208, 0.8078, 0.02, 0.0159], [0.0577, 0.0684, 0.0249, 0.0866, 0.6185, 0.0653, 0.0786], [0.0781, 0.0461, 0.0519, 0.051, 0.6997, 0.037, 0.0361], [0.0724, 0.0355, 0.0256, 0.0186, 0.7862, 0.041, 0.0206], [0.0159, 0.0519, 0.068, 0.0552, 0.7188, 0.0739, 0.0163], [0.08, 0.0177, 0.0312, 0.0739, 0.7598, 0.0205, 0.0168], [0.0342, 0.0813, 0.0698, 0.0268, 0.7132, 0.0175, 0.0572], [0.0536, 0.0176, 0.0242, 0.0316, 0.7613, 0.0844, 0.0273], [0.0633, 0.0429, 0.02, 0.0495, 0.6994, 0.0763, 0.0487], [0.0244, 0.0306, 0.094, 0.0154, 0.717, 0.0323, 0.0864]], "emotions": ["red", "red", "red", "red", "red", "red", "red", "red", "red", "red", "red", "red", "red", "red", "red", "red", "red", "red", "red", "red", "red", "red", "red", "red", "red", "red", "red", "red", "red", "red", "red", "red", "red", "red", "red", "red", "red", "red", "red", "red", "red", "red", "red", "red", "red", "red", "red", "red", "red", "red", "red", "red", "red", "red", "red", "red", "red", "red", "red", "red", "red", "red", "red", "red", "red", "red", "red", "red", "red", "red", "red", "red", "red", "red", "red", "red", "red", "red", "red", "red"], "timestamps": [0, 40, 80, 120, 160, 200, 240, 280, 320, 360, 400, 440, 480, 520, 560, 600, 640, 680, 720, 760, 800, 840, 880, 920, 960, 1000, 1040, 1080, 1120, 1160, 1200, 1240, 1280, 1320, 1360, 1400, 1440, 1480, 1520, 1560, 1600, 1640, 1680, 1720, 1760, 1800, 1840, 1880, 1920, 1960, 2000, 2040, 2080, 2120, 2160, 2200, 2240, 2280, 2320, 2360, 2400, 2440, 2480, 2520, 2560, 2600, 2640, 2680, 2720, 2760, 2800, 2840, 2880, 2920, 2960, 3000, 3040, 3080, 3120, 3160]}], "conversation": [], "conversation_timestamps": []}