{"agent_id": "agent-blue-1225", "type": "blue", "trips": [{"trip_id": 0, "transport_method": "car", "start_time": 0, "path": [[1.5195847, 42.5000277], [1.5195546, 42.5011847], [1.5202949, 42.5027669], [1.5215127, 42.504043], [1.5220664, 42.5054519], [1.5221462, 42.506848], [1.5233796, 42.5078104], [1.5252124, 42.5080135], [1.5269371, 42.5085187], [1.5285189, 42.5093717], [1.529534, 42.5107504], [1.530723, 42.5117861], [1.5303356, 42.5133529], [1.5296847, 42.5148492], [1.5283522, 42.5160963], [1.5267379, 42.5170286], [1.5274087, 42.5166619], [1.5288541, 42.5158109], [1.527291, 42.5168266], [1.5257279, 42.5178424], [1.5250783, 42.5182541], [1.5260368, 42.517485], [1.5245204, 42.5185692], [1.5237813, 42.5201194], [1.5228045, 42.5216638], [1.5217131, 42.5230848], [1.5206757, 42.5246192], [1.5206593, 42.5264225], [1.5210375, 42.5281155], [1.5219697, 42.5294966], [1.5212212, 42.5309035], [1.5213563, 42.5325606], [1.5210222, 42.5340382], [1.5223296, 42.5352256], [1.5235497, 42.5364942], [1.5250628, 42.5370239], [1.5240552, 42.5377361], [1.5231622, 42.5390575], [1.5235185, 42.5408335], [1.5228327, 42.5419176], [1.5233729, 42.5436635], [1.5241479, 42.5453354], [1.5246942, 42.5470179], [1.5253431, 42.5486649], [1.5262242, 42.5502934], [1.5261406, 42.5502911], [1.5255018, 42.5492474], [1.5260608, 42.5510258], [1.5267009, 42.5527295], [1.527885, 42.5541367], [1.5290206, 42.5554695], [1.5302174, 42.5567157], [1.531779, 42.5576952], [1.5313129, 42.5590395], [1.530322, 42.5606119], [1.5286662, 42.5613932], [1.5276032, 42.5627932], [1.5262461, 42.5636121], [1.5248011, 42.5647875], [1.5236824, 42.5662669], [1.5226787, 42.5677687], [1.5212505, 42.5689263], [1.5209034, 42.5707443], [1.5196321, 42.5720704], [1.5184598, 42.5734107], [1.5180976, 42.5749576], [1.5183979, 42.5764668], [1.517607, 42.5776757], [1.5188977, 42.5789661], [1.5193318, 42.580729], [1.5191818, 42.5825364], [1.5199056, 42.5842075], [1.5210701, 42.585633], [1.5214409, 42.5873767], [1.52293, 42.5884837], [1.5241944, 42.5898464], [1.5250408, 42.5915003], [1.525535, 42.5932642], [1.5268978, 42.5943674], [1.5265989, 42.5961204]], "mood_vectors": [[0.0811, 0.0405, 0.0414, 0.6657, 0.084, 0.0263, 0.061], [0.0169, 0.0227, 0.0853, 0.6345, 0.0552, 0.0885, 0.0968], [0.0598, 0.0641, 0.0747, 0.6215, 0.0782, 0.0513, 0.0504], [0.0806, 0.053, 0.0313, 0.6344, 0.0644, 0.0539, 0.0824], [0.0551, 0.0381, 0.0439, 0.6432, 0.084, 0.0849, 0.0508], [0.0155, 0.0316, 0.0158, 0.776, 0.0779, 0.0529, 0.0303], [0.0716, 0.0318, 0.015, 0.7684, 0.0451, 0.0345, 0.0336], [0.0302, 0.0292, 0.0845, 0.6485, 0.0662, 0.0662, 0.0751], [0.0497, 0.0374, 0.0713, 0.6385, 0.0649, 0.0499, 0.0883], [0.0418, 0.0652, 0.0552, 0.7046, 0.0431, 0.0383, 0.0519], [0.0294, 0.0343, 0.0181, 0.7164, 0.0742, 0.0303, 0.0972], [0.0772, 0.0457, 0.0172, 0.7138, 0.0454, 0.0703, 0.0303], [0.0279, 0.0886, 0.0604, 0.709, 0.0176, 0.0527, 0.0438], [0.0356, 0.0508, 0.014, 0.7625, 0.0699, 0.04, 0.0273], [0.03, 0.0677, 0.0742, 0.7102, 0.0445, 0.0184, 0.0548], [0.0274, 0.0475, 0.0617, 0.7265, 0.0815, 0.0283, 0.0271], [0.0243, 0.0159, 0.0267, 0.8302, 0.0441, 0.024, 0.0348], [0.0574, 0.0345, 0.0611, 0.6508, 0.0744, 0.0988, 0.0231], [0.0834, 0.0323, 0.0893, 0.6788, 0.0343, 0.0249, 0.057], [0.083, 0.0685, 0.0616, 0.6272, 0.0547, 0.0151, 0.0899], [0.0845, 0.0262, 0.0245, 0.7038, 0.0696, 0.0438, 0.0476], [0.0583, 0.0805, 0.0361, 0.6935, 0.0585, 0.013, 0.0601], [0.0678, 0.0276, 0.0398, 0.6621, 0.0778, 0.0452, 0.0797], [0.0652, 0.0323, 0.046, 0.7063, 0.0831, 0.0246, 0.0425], [0.0207, 0.0542, 0.0507, 0.7436, 0.0518, 0.0644, 0.0146], [0.045, 0.0214, 0.0178, 0.8025, 0.0259, 0.063, 0.0243], [0.0552, 0.0682, 0.0149, 0.7299, 0.038, 0.0457, 0.0481], [0.0662, 0.0686, 0.0155, 0.7335, 0.0191, 0.0286, 0.0685], [0.0284, 0.0834, 0.0377, 0.7427, 0.0184, 0.0697, 0.0198], [0.0243, 0.076, 0.0472, 0.6758, 0.0909, 0.047, 0.0387], [0.0603, 0.0422, 0.0397, 0.7082, 0.0303, 0.044, 0.0754], [0.0368, 0.0376, 0.0845, 0.7582, 0.0394, 0.0163, 0.0274], [0.0536, 0.0619, 0.034, 0.7381, 0.0447, 0.0147, 0.053], [0.0233, 0.0678, 0.0295, 0.7905, 0.0261, 0.0308, 0.032], [0.0618, 0.0694, 0.0623, 0.656, 0.0649, 0.0176, 0.0679], [0.0391, 0.0548, 0.0147, 0.6881, 0.0684, 0.0574, 0.0774], [0.0691, 0.0321, 0.0639, 0.6996, 0.0287, 0.0359, 0.0706], [0.0723, 0.0258, 0.0583, 0.7145, 0.0147, 0.0482, 0.0662], [0.0327, 0.0537, 0.0743, 0.6697, 0.0516, 0.0463, 0.0715], [0.0679, 0.0442, 0.0247, 0.7366, 0.0538, 0.0279, 0.0449], [0.0504, 0.0443, 0.0686, 0.6519, 0.0586, 0.0614, 0.0647], [0.0394, 0.03, 0.0637, 0.7868, 0.0241, 0.0194, 0.0366], [0.0729, 0.0709, 0.0722, 0.6533, 0.0242, 0.0434, 0.0632], [0.0889, 0.0577, 0.0729, 0.6278, 0.0408, 0.0434, 0.0685], [0.0337, 0.0483, 0.0558, 0.7566, 0.0304, 0.0186, 0.0566], [0.0268, 0.0486, 0.059, 0.6865, 0.078, 0.0623, 0.0389], [0.0154, 0.0504, 0.0609, 0.7058, 0.04, 0.0692, 0.0583], [0.0749, 0.0468, 0.0511, 0.628, 0.0804, 0.0436, 0.0753], [0.07, 0.0646, 0.0761, 0.665, 0.0638, 0.0447, 0.0158], [0.0132, 0.02, 0.056, 0.8103, 0.0644, 0.0217, 0.0144], [0.0454, 0.0356, 0.0778, 0.7435, 0.0414, 0.0226, 0.0338], [0.0164, 0.0336, 0.0258, 0.7184, 0.0476, 0.0855, 0.0727], [0.0563, 0.063, 0.0624, 0.6843, 0.0813, 0.0286, 0.0241], [0.0472, 0.078, 0.0809, 0.6342, 0.0781, 0.0324, 0.0491], [0.0695, 0.02, 0.0796, 0.6143, 0.0779, 0.0754, 0.0632], [0.0153, 0.0555, 0.0611, 0.7374, 0.0427, 0.0688, 0.0192], [0.0784, 0.0698, 0.0327, 0.6645, 0.0826, 0.0422, 0.0298], [0.0403, 0.0623, 0.0182, 0.6908, 0.0712, 0.0688, 0.0484], [0.0388, 0.0294, 0.0273, 0.7661, 0.0556, 0.0469, 0.0359], [0.0179, 0.0222, 0.0695, 0.7379, 0.0473, 0.0319, 0.0733], [0.0518, 0.0556, 0.0644, 0.7285, 0.0257, 0.023, 0.051], [0.0535, 0.0554, 0.012, 0.7371, 0.064, 0.0115, 0.0665], [0.0292, 0.0516, 0.0951, 0.7144, 0.017, 0.0164, 0.0762], [0.0787, 0.0405, 0.0199, 0.6638, 0.079, 0.0432, 0.075], [0.0921, 0.0293, 0.027, 0.6883, 0.0553, 0.0226, 0.0855], [0.0643, 0.0815, 0.0292, 0.6583, 0.0309, 0.0392, 0.0966], [0.0165, 0.0819, 0.0744, 0.6717, 0.026, 0.0537, 0.0758], [0.0715, 0.0117, 0.0385, 0.725, 0.0704, 0.0641, 0.0187], [0.0656, 0.0394, 0.0416, 0.7234, 0.0289, 0.0335, 0.0677], [0.0818, 0.0593, 0.0648, 0.5984, 0.0845, 0.0905, 0.0208], [0.0579, 0.0398, 0.069, 0.7266, 0.0568, 0.035, 0.0149], [0.0642, 0.0188, 0.0731, 0.6629, 0.0528, 0.0541, 0.0742], [0.0437, 0.0688, 0.0611, 0.6257, 0.0891, 0.0604, 0.0512], [0.0698, 0.0481, 0.0155, 0.6841, 0.0508, 0.0813, 0.0503], [0.0675, 0.0473, 0.0438, 0.7147, 0.0201, 0.0472, 0.0595], [0.0222, 0.0304, 0.0588, 0.7681, 0.0466, 0.0208, 0.0531], [0.0443, 0.0568, 0.043, 0.7391, 0.0219, 0.0595, 0.0354], [0.067, 0.0663, 0.0186, 0.674, 0.0558, 0.0727, 0.0456], [0.0723, 0.0766, 0.0382, 0.6286, 0.0536, 0.0589, 0.0718], [0.0334, 0.0498, 0.0476, 0.7485, 0.0244, 0.0613, 0.0349]], "emotions": ["green", "green", "green", "green", "green", "green", "green", "green", "green", "green", "green", "green", "green", "green", "green", "green", "green", "green", "green", "green", "green", "green", "green", "green", "green", "green", "green", "green", "green", "green", "green", "green", "green", "green", "green", "green", "green", "green", "green", "green", "green", "green", "green", "green", "green", "green", "green", "green", "green", "green", "green", "green", "green", "green", "green", "green", "green", "green", "green", "green", "green", "green", "green", "green", "green", "green", "green", "green", "green", "green", "green", "green", "green", "green", "green", "green", "green", "green", "green", "green"], "timestamps": [0, 40, 80, 120, 160, 200, 240, 280, 320, 360, 400, 440, 480, 520, 560, 600, 640, 680, 720, 760, 800, 840, 880, 920, 960, 1000, 1040, 1080, 1120, 1160, 1200, 1240, 1280, 1320, 1360, 1400, 1440, 1480, 1520, 1560, 1600, 1640, 1680, 1720, 1760, 1800, 1840, 1880, 1920, 1960, 2000, 2040, 2080, 2120, 2160, 2200, 2240, 2280, 2320, 2360, 2400, 2440, 2480, 2520, 2560, 2600, 2640, 2680, 2720, 2760, 2800, 2840, 2880, 2920, 2960, 3000, 3040, 3080, 3120, 3160]}], "conversation": [], "conversation_timestamps": []}