{"agent_id": "agent-blue-945", "type": "blue", "trips": [{"trip_id": 0, "transport_method": "foot", "start_time": 0, "path": [[1.5217286, 42.5082821], [1.5229911, 42.5083416], [1.5237763, 42.5088603], [1.5250003, 42.5089504], [1.5257073, 42.5097045], [1.5267369, 42.510452], [1.5265455, 42.5100495], [1.5267455, 42.5100955], [1.5279439, 42.5106356], [1.5291423, 42.5111758], [1.5292443, 42.5113539], [1.5279663, 42.5110866], [1.5273745, 42.5108318], [1.5286439, 42.511173], [1.5299133, 42.5115142], [1.530984, 42.5121404], [1.5303536, 42.5132616], [1.5301958, 42.5144651], [1.529236, 42.5153363], [1.5282463, 42.5161575], [1.527108, 42.5168149], [1.5265639, 42.5170902], [1.5277114, 42.5165188], [1.5288367, 42.5158854], [1.5279298, 42.5164115], [1.5268275, 42.5171278], [1.5257253, 42.517844], [1.5246336, 42.5185553], [1.5256434, 42.5177382], [1.5258592, 42.517612], [1.5247899, 42.5183765], [1.5239105, 42.5192487], [1.5236144, 42.5205188], [1.522896, 42.5215924], [1.5219325, 42.5224583], [1.5213362, 42.5236089], [1.5206483, 42.5247145], [1.5207918, 42.525997], [1.5205852, 42.5272587], [1.5210733, 42.5284226], [1.5219868, 42.5292797], [1.5212969, 42.5303042], [1.5209555, 42.5313617], [1.5213504, 42.5325417], [1.520708, 42.5335747], [1.5214385, 42.5346001], [1.5224399, 42.5353867], [1.5232308, 42.5363474], [1.5244751, 42.536718], [1.5251475, 42.5373151], [1.5241703, 42.5376581], [1.5231707, 42.5383794], [1.5231891, 42.5396778], [1.5235114, 42.5407711], [1.5229925, 42.5414796], [1.5229352, 42.5427441], [1.5234601, 42.5439393], [1.524004, 42.5451209], [1.524662, 42.5462567], [1.5256677, 42.5470807], [1.5269568, 42.5473235], [1.5271931, 42.5481793], [1.5284128, 42.5481097], [1.5296783, 42.5484196], [1.5308599, 42.5489957], [1.5305637, 42.5490405], [1.5294342, 42.5486544], [1.5303513, 42.5487976], [1.5315054, 42.5494269], [1.532679, 42.5500175], [1.5338556, 42.5505758], [1.5350374, 42.5509927], [1.5359387, 42.5519496], [1.5365219, 42.5521394], [1.5355561, 42.5512627], [1.5350358, 42.5509985], [1.5359235, 42.5519679], [1.5367949, 42.5529505], [1.5361017, 42.5539136], [1.5363987, 42.5550751]], "mood_vectors": [[0.098, 0.0867, 0.0209, 0.6616, 0.0737, 0.0299, 0.0293], [0.0225, 0.0732, 0.0146, 0.7249, 0.0714, 0.0499, 0.0436], [0.0608, 0.0124, 0.0499, 0.7279, 0.0328, 0.0773, 0.0388], [0.0246, 0.0555, 0.0149, 0.7074, 0.0792, 0.0412, 0.0772], [0.0742, 0.0662, 0.0381, 0.7261, 0.0392, 0.0362, 0.0202], [0.0218, 0.0671, 0.0142, 0.7845, 0.038, 0.0338, 0.0406], [0.0853, 0.0614, 0.0785, 0.6491, 0.0444, 0.0536, 0.0277], [0.094, 0.0152, 0.0219, 0.6806, 0.0813, 0.063, 0.0439], [0.0425, 0.0877, 0.076, 0.6295, 0.086, 0.0335, 0.0448], [0.0595, 0.0749, 0.0422, 0.6898, 0.0441, 0.0452, 0.0442], [0.0183, 0.018, 0.0511, 0.7556, 0.0204, 0.0947, 0.042], [0.0737, 0.0647, 0.0486, 0.688, 0.0117, 0.0734, 0.04], [0.0523, 0.0767, 0.0283, 0.742, 0.0135, 0.07, 0.0172], [0.0429, 0.0191, 0.0718, 0.652, 0.063, 0.0494, 0.1018], [0.0188, 0.069, 0.0832, 0.6979, 0.0312, 0.056, 0.044], [0.0791, 0.0163, 0.0531, 0.7133, 0.0262, 0.0895, 0.0224], [0.0438, 0.0598, 0.0475, 0.6963, 0.0329, 0.0689, 0.0508], [0.0292, 0.0116, 0.0518, 0.7716, 0.037, 0.0437, 0.055], [0.0329, 0.0658, 0.0569, 0.7, 0.034, 0.073, 0.0374], [0.0777, 0.0195, 0.052, 0.7816, 0.0252, 0.0153, 0.0287], [0.0506, 0.0854, 0.0384, 0.6464, 0.0701, 0.0733, 0.0359], [0.0573, 0.0167, 0.0606, 0.7397, 0.017, 0.0772, 0.0315], [0.013, 0.056, 0.0796, 0.7697, 0.0308, 0.0241, 0.0267], [0.0335, 0.0445, 0.0612, 0.7526, 0.0123, 0.0296, 0.0664], [0.0351, 0.0779, 0.0476, 0.6612, 0.0644, 0.0725, 0.0413], [0.0785, 0.0381, 0.0533, 0.6387, 0.0374, 0.0792, 0.0748], [0.0546, 0.0279, 0.0353, 0.7541, 0.0193, 0.062, 0.0468], [0.0437, 0.0515, 0.0621, 0.6451, 0.0677, 0.0493, 0.0806], [0.0616, 0.0529, 0.0596, 0.6698, 0.0563, 0.0853, 0.0146], [0.0442, 0.0309, 0.0686, 0.689, 0.0653, 0.0799, 0.0221], [0.0209, 0.0736, 0.0309, 0.7748, 0.0178, 0.0364, 0.0457], [0.0834, 0.0829, 0.0299, 0.6242, 0.0652, 0.0766, 0.0379], [0.0317, 0.0718, 0.0427, 0.7272, 0.0299, 0.0804, 0.0164], [0.063, 0.0524, 0.0144, 0.7102, 0.0569, 0.0672, 0.036], [0.0305, 0.0683, 0.0219, 0.7189, 0.017, 0.0498, 0.0936], [0.0245, 0.0319, 0.0857, 0.6328, 0.0662, 0.0794, 0.0795], [0.0165, 0.0367, 0.047, 0.7915, 0.0397, 0.0284, 0.0403], [0.054, 0.0709, 0.0666, 0.7233, 0.0234, 0.0388, 0.023], [0.0375, 0.064, 0.0437, 0.7598, 0.0271, 0.0194, 0.0486], [0.0543, 0.0241, 0.0426, 0.6959, 0.062, 0.0695, 0.0516], [0.0497, 0.0561, 0.0626, 0.7119, 0.0533, 0.041, 0.0256], [0.0165, 0.0711, 0.0561, 0.6615, 0.0717, 0.079, 0.0442], [0.026, 0.015, 0.0443, 0.727, 0.0473, 0.0617, 0.0788], [0.0736, 0.0831, 0.0473, 0.6445, 0.0447, 0.0475, 0.0594], [0.0187, 0.0418, 0.0271, 0.7885, 0.0448, 0.0448, 0.0342], [0.0152, 0.0178, 0.0263, 0.7888, 0.0261, 0.0494, 0.0762], [0.0854, 0.0339, 0.087, 0.6356, 0.0793, 0.0387, 0.04], [0.0279, 0.0544, 0.0339, 0.7478, 0.0207, 0.0615, 0.0538], [0.0394, 0.0841, 0.0766, 0.6168, 0.051, 0.0562, 0.0758], [0.0182, 0.0735, 0.0266, 0.7172, 0.0714, 0.0352, 0.058], [0.0609, 0.0717, 0.0796, 0.6461, 0.0535, 0.0403, 0.0479], [0.0123, 0.0741, 0.0232, 0.7443, 0.075, 0.0346, 0.0364], [0.0726, 0.0443, 0.0601, 0.6879, 0.0436, 0.05, 0.0415], [0.0468, 0.0547, 0.0647, 0.7142, 0.0312, 0.0526, 0.0358], [0.0467, 0.036, 0.0685, 0.7317, 0.0602, 0.0389, 0.018], [0.0225, 0.08, 0.0424, 0.7441, 0.0366, 0.0269, 0.0475], [0.0354, 0.0336, 0.0657, 0.7365, 0.0406, 0.0205, 0.0677], [0.0673, 0.048, 0.0438, 0.6562, 0.0541, 0.0911, 0.0394], [0.0346, 0.0422, 0.0904, 0.756, 0.0249, 0.0301, 0.0218], [0.0656, 0.0519, 0.0393, 0.6934, 0.0558, 0.048, 0.0459], [0.0636, 0.0793, 0.0596, 0.6536, 0.0345, 0.0402, 0.0691], [0.0235, 0.0511, 0.0542, 0.7635, 0.0223, 0.0448, 0.0407], [0.0471, 0.0212, 0.0664, 0.722, 0.071, 0.0399, 0.0324], [0.0169, 0.0237, 0.0933, 0.7487, 0.0247, 0.0462, 0.0466], [0.0546, 0.0411, 0.0524, 0.6955, 0.0882, 0.0442, 0.024], [0.0428, 0.053, 0.073, 0.6704, 0.0779, 0.0334, 0.0496], [0.0625, 0.0668, 0.0835, 0.5679, 0.0814, 0.0523, 0.0856], [0.0171, 0.0223, 0.069, 0.7645, 0.0424, 0.0258, 0.0589], [0.0328, 0.0505, 0.0631, 0.7064, 0.0254, 0.06, 0.0618], [0.0761, 0.0583, 0.0562, 0.6352, 0.0768, 0.0672, 0.0301], [0.0141, 0.0798, 0.0335, 0.6924, 0.0634, 0.0711, 0.0458], [0.0693, 0.0473, 0.0644, 0.7211, 0.0193, 0.0352, 0.0434], [0.0264, 0.0622, 0.0228, 0.7152, 0.0339, 0.0833, 0.0562], [0.0784, 0.0281, 0.0357, 0.6927, 0.0517, 0.076, 0.0374], [0.0646, 0.0533, 0.0566, 0.6574, 0.0652, 0.0541, 0.0489], [0.0672, 0.0557, 0.0434, 0.6624, 0.0791, 0.0538, 0.0385], [0.0718, 0.0736, 0.0251, 0.636, 0.054, 0.0646, 0.0749], [0.0578, 0.0564, 0.0681, 0.6975, 0.0494, 0.0455, 0.0252], [0.0192, 0.0328, 0.0275, 0.6795, 0.0922, 0.0642, 0.0847], [0.0515, 0.067, 0.0724, 0.6784, 0.0142, 0.0577, 0.0587]], "emotions": ["green", "green", "green", "green", "green", "green", "green", "green", "green", "green", "green", "green", "green", "green", "green", "green", "green", "green", "green", "green", "green", "green", "green", "green", "green", "green", "green", "green", "green", "green", "green", "green", "green", "green", "green", "green", "green", "green", "green", "green", "green", "green", "green", "green", "green", "green", "green", "green", "green", "green", "green", "green", "green", "green", "green", "green", "green", "green", "green", "green", "green", "green", "green", "green", "green", "green", "green", "green", "green", "green", "green", "green", "green", "green", "green", "green", "green", "green", "green", "green"], "timestamps": [0, 40, 80, 120, 160, 200, 240, 280, 320, 360, 400, 440, 480, 520, 560, 600, 640, 680, 720, 760, 800, 840, 880, 920, 960, 1000, 1040, 1080, 1120, 1160, 1200, 1240, 1280, 1320, 1360, 1400, 1440, 1480, 1520, 1560, 1600, 1640, 1680, 1720, 1760, 1800, 1840, 1880, 1920, 1960, 2000, 2040, 2080, 2120, 2160, 2200, 2240, 2280, 2320, 2360, 2400, 2440, 2480, 2520, 2560, 2600, 2640, 2680, 2720, 2760, 2800, 2840, 2880, 2920, 2960, 3000, 3040, 3080, 3120, 3160]}], "conversation": [], "conversation_timestamps": []}