{"agent_id": "agent-purple-1519", "type": "purple", "trips": [{"trip_id": 0, "transport_method": "foot", "start_time": 0, "path": [[1.5914485, 42.5523656], [1.5917255, 42.5510912], [1.5920419, 42.5498119], [1.5923371, 42.5485642], [1.592007, 42.5474035], [1.5914938, 42.54622], [1.5916603, 42.5449464], [1.5917903, 42.5436803], [1.591614, 42.5423896], [1.59226, 42.5412816], [1.5919387, 42.5401338], [1.5918058, 42.5388145], [1.5911193, 42.5377626], [1.589917, 42.5371936], [1.5888973, 42.5364436], [1.5882287, 42.5353283], [1.587251, 42.5346507], [1.5877366, 42.535076], [1.5866244, 42.5343464], [1.5855056, 42.5336377], [1.5853612, 42.533503], [1.5843267, 42.5326725], [1.5832446, 42.5319086], [1.5819457, 42.5316909], [1.5806165, 42.5317385], [1.5792875, 42.531789], [1.577958, 42.5317832], [1.5766343, 42.531658], [1.5753264, 42.5314174], [1.574236, 42.5307162], [1.5732608, 42.5298117], [1.5737256, 42.5305914], [1.5748217, 42.5312595], [1.5738432, 42.5303586], [1.5728427, 42.5294878], [1.571584, 42.5292968], [1.5704858, 42.5287435], [1.5695081, 42.5280055], [1.5706195, 42.5287364], [1.5710541, 42.5291946], [1.5699471, 42.5284573], [1.56884, 42.5277199], [1.567733, 42.5269825], [1.5684017, 42.5273321], [1.5687189, 42.5275538], [1.5676144, 42.5268126], [1.5665169, 42.5260615], [1.5653471, 42.5254399], [1.564088, 42.5250785], [1.5628677, 42.5245778], [1.5619335, 42.5236525], [1.5608933, 42.5228274], [1.5598365, 42.5220767], [1.5587427, 42.5213418], [1.5577692, 42.5204358], [1.5568774, 42.5194845], [1.5564652, 42.5189732], [1.5565323, 42.5190356], [1.5559368, 42.5186705], [1.5554245, 42.5180792], [1.5548905, 42.5178379], [1.5538916, 42.5169596], [1.5543794, 42.5175797], [1.5538655, 42.516884], [1.5533037, 42.5157046], [1.5526995, 42.5145488], [1.5522801, 42.5134077], [1.5511528, 42.5127208], [1.5500776, 42.5119845], [1.5489361, 42.5118905], [1.5476424, 42.5115847], [1.546376, 42.5112066], [1.5454944, 42.510294], [1.5442749, 42.5098631], [1.5431854, 42.509468], [1.5422159, 42.5100233], [1.542102, 42.5112055], [1.5426346, 42.5120134], [1.5416653, 42.5126467], [1.5420254, 42.5132415]], "mood_vectors": [[0.0821, 0.0545, 0.0582, 0.061, 0.0495, 0.6703, 0.0245], [0.0225, 0.075, 0.0537, 0.0634, 0.0516, 0.6809, 0.0529], [0.0307, 0.05, 0.0164, 0.0522, 0.0446, 0.7364, 0.0698], [0.0526, 0.073, 0.0279, 0.0619, 0.0673, 0.7029, 0.0144], [0.0619, 0.0627, 0.0119, 0.0319, 0.0529, 0.7102, 0.0686], [0.0188, 0.0487, 0.0657, 0.0694, 0.0604, 0.6739, 0.063], [0.0162, 0.0486, 0.0758, 0.0799, 0.089, 0.6502, 0.0402], [0.0123, 0.0646, 0.0199, 0.0319, 0.0618, 0.7404, 0.0691], [0.0438, 0.023, 0.0598, 0.0824, 0.0342, 0.7158, 0.0409], [0.0436, 0.0378, 0.0496, 0.0905, 0.0244, 0.6899, 0.0642], [0.0621, 0.0175, 0.0233, 0.033, 0.0339, 0.7559, 0.0744], [0.0407, 0.0711, 0.0889, 0.0148, 0.0698, 0.6398, 0.075], [0.0624, 0.0275, 0.0291, 0.0348, 0.0313, 0.7938, 0.0213], [0.0301, 0.0399, 0.0602, 0.051, 0.0491, 0.748, 0.0218], [0.0482, 0.0149, 0.0272, 0.0541, 0.0395, 0.7643, 0.0518], [0.0487, 0.0711, 0.0551, 0.0565, 0.0389, 0.6885, 0.0412], [0.0702, 0.0198, 0.0245, 0.0828, 0.0637, 0.7079, 0.0311], [0.06, 0.0724, 0.0813, 0.0929, 0.0371, 0.6144, 0.042], [0.0301, 0.0557, 0.0117, 0.0233, 0.0733, 0.7696, 0.0363], [0.0343, 0.0808, 0.0636, 0.0485, 0.0697, 0.6089, 0.0942], [0.024, 0.0723, 0.0729, 0.0815, 0.016, 0.7156, 0.0177], [0.037, 0.0373, 0.0296, 0.0643, 0.0751, 0.7284, 0.0283], [0.0542, 0.0625, 0.0366, 0.0349, 0.0133, 0.7632, 0.0353], [0.0242, 0.0293, 0.034, 0.051, 0.0632, 0.7396, 0.0587], [0.0512, 0.075, 0.046, 0.0337, 0.0764, 0.7015, 0.0164], [0.0359, 0.0645, 0.0832, 0.016, 0.062, 0.6959, 0.0425], [0.0172, 0.0249, 0.0404, 0.0233, 0.0898, 0.7752, 0.0292], [0.0611, 0.0407, 0.0807, 0.0527, 0.048, 0.6937, 0.0231], [0.0332, 0.0601, 0.0816, 0.06, 0.0254, 0.6769, 0.0628], [0.0712, 0.0165, 0.0508, 0.0756, 0.0836, 0.6249, 0.0774], [0.023, 0.0574, 0.0693, 0.0831, 0.0506, 0.6626, 0.0541], [0.0573, 0.0436, 0.0753, 0.0443, 0.0668, 0.6338, 0.0788], [0.0289, 0.0412, 0.0563, 0.0452, 0.0532, 0.6929, 0.0823], [0.0639, 0.0491, 0.0485, 0.0637, 0.0507, 0.6852, 0.039], [0.0508, 0.013, 0.013, 0.0452, 0.0529, 0.7924, 0.0327], [0.0251, 0.0871, 0.0832, 0.057, 0.0727, 0.6175, 0.0575], [0.0918, 0.0487, 0.0526, 0.0249, 0.0509, 0.6866, 0.0444], [0.0346, 0.0693, 0.0518, 0.0578, 0.0157, 0.7244, 0.0463], [0.0826, 0.0768, 0.0778, 0.0541, 0.0596, 0.6306, 0.0185], [0.0806, 0.0339, 0.0429, 0.0961, 0.0546, 0.6691, 0.0228], [0.0612, 0.0323, 0.0547, 0.0482, 0.0263, 0.7074, 0.0698], [0.0572, 0.0509, 0.0422, 0.0772, 0.0935, 0.6467, 0.0324], [0.0237, 0.0756, 0.0245, 0.0443, 0.0766, 0.6786, 0.0767], [0.0721, 0.0403, 0.0306, 0.0469, 0.0636, 0.7088, 0.0376], [0.0238, 0.044, 0.0709, 0.0415, 0.0266, 0.7686, 0.0245], [0.017, 0.029, 0.0914, 0.0626, 0.0593, 0.7143, 0.0266], [0.0394, 0.0369, 0.0601, 0.0785, 0.0129, 0.7184, 0.0538], [0.079, 0.0584, 0.0589, 0.0713, 0.0688, 0.6453, 0.0184], [0.0142, 0.082, 0.0169, 0.0294, 0.0759, 0.7332, 0.0484], [0.0554, 0.0672, 0.0711, 0.03, 0.0222, 0.7379, 0.0161], [0.056, 0.0141, 0.0662, 0.0173, 0.0767, 0.7056, 0.0641], [0.0205, 0.0382, 0.0427, 0.0598, 0.0634, 0.7226, 0.0527], [0.073, 0.0209, 0.0407, 0.0592, 0.0252, 0.6938, 0.0873], [0.0671, 0.0554, 0.0568, 0.0287, 0.0442, 0.6942, 0.0537], [0.0364, 0.0799, 0.0477, 0.0819, 0.0565, 0.6622, 0.0355], [0.0473, 0.0419, 0.0128, 0.0512, 0.0845, 0.6997, 0.0626], [0.0762, 0.0762, 0.0271, 0.0564, 0.07, 0.6275, 0.0665], [0.0542, 0.0789, 0.0634, 0.0564, 0.0639, 0.623, 0.0602], [0.0621, 0.0518, 0.0532, 0.0488, 0.0178, 0.7302, 0.0361], [0.0328, 0.0299, 0.0637, 0.05, 0.0217, 0.7276, 0.0742], [0.0433, 0.0517, 0.0293, 0.0726, 0.0731, 0.6976, 0.0324], [0.0404, 0.0426, 0.0227, 0.0533, 0.0597, 0.7596, 0.0216], [0.0225, 0.0493, 0.0414, 0.0594, 0.0122, 0.7726, 0.0427], [0.032, 0.0211, 0.0746, 0.0175, 0.0201, 0.7731, 0.0616], [0.0297, 0.0492, 0.0748, 0.0804, 0.0419, 0.67, 0.054], [0.0647, 0.0325, 0.0421, 0.0411, 0.0665, 0.7088, 0.0443], [0.0681, 0.0408, 0.0633, 0.0276, 0.0498, 0.7129, 0.0375], [0.0754, 0.0409, 0.0161, 0.0566, 0.0487, 0.7167, 0.0455], [0.072, 0.0606, 0.039, 0.0193, 0.0152, 0.7592, 0.0346], [0.0363, 0.0222, 0.0579, 0.0171, 0.0346, 0.7465, 0.0854], [0.0134, 0.0465, 0.066, 0.0678, 0.0724, 0.7156, 0.0182], [0.0421, 0.0752, 0.0165, 0.0673, 0.015, 0.7604, 0.0234], [0.0457, 0.0462, 0.0348, 0.0786, 0.043, 0.6856, 0.066], [0.0394, 0.061, 0.0689, 0.0668, 0.0372, 0.6495, 0.0771], [0.0519, 0.0638, 0.0252, 0.0702, 0.0816, 0.6875, 0.0198], [0.0806, 0.0884, 0.0155, 0.0664, 0.0312, 0.6604, 0.0575], [0.0445, 0.0818, 0.0457, 0.0667, 0.0704, 0.6259, 0.065], [0.0506, 0.0627, 0.0376, 0.0604, 0.0174, 0.7247, 0.0465], [0.0433, 0.03, 0.0173, 0.0477, 0.0546, 0.7705, 0.0365], [0.0757, 0.0937, 0.0509, 0.036, 0.0411, 0.6718, 0.031]], "emotions": ["purple", "purple", "purple", "purple", "purple", "purple", "purple", "purple", "purple", "purple", "purple", "purple", "purple", "purple", "purple", "purple", "purple", "purple", "purple", "purple", "purple", "purple", "purple", "purple", "purple", "purple", "purple", "purple", "purple", "purple", "purple", "purple", "purple", "purple", "purple", "purple", "purple", "purple", "purple", "purple", "purple", "purple", "purple", "purple", "purple", "purple", "purple", "purple", "purple", "purple", "purple", "purple", "purple", "purple", "purple", "purple", "purple", "purple", "purple", "purple", "purple", "purple", "purple", "purple", "purple", "purple", "purple", "purple", "purple", "purple", "purple", "purple", "purple", "purple", "purple", "purple", "purple", "purple", "purple", "purple"], "timestamps": [0, 40, 80, 120, 160, 200, 240, 280, 320, 360, 400, 440, 480, 520, 560, 600, 640, 680, 720, 760, 800, 840, 880, 920, 960, 1000, 1040, 1080, 1120, 1160, 1200, 1240, 1280, 1320, 1360, 1400, 1440, 1480, 1520, 1560, 1600, 1640, 1680, 1720, 1760, 1800, 1840, 1880, 1920, 1960, 2000, 2040, 2080, 2120, 2160, 2200, 2240, 2280, 2320, 2360, 2400, 2440, 2480, 2520, 2560, 2600, 2640, 2680, 2720, 2760, 2800, 2840, 2880, 2920, 2960, 3000, 3040, 3080, 3120, 3160]}], "conversation": [], "conversation_timestamps": []}