{"agent_id": "agent-purple-899", "type": "purple", "trips": [{"trip_id": 0, "transport_method": "foot", "start_time": 0, "path": [[1.5228164, 42.5045773], [1.523091, 42.5045803], [1.5233476, 42.5046272], [1.5236248, 42.5046827], [1.5239019, 42.5047383], [1.5241758, 42.5048001], [1.5244568, 42.5048307], [1.5244796, 42.5048332], [1.5241986, 42.5048026], [1.5241718, 42.5048046], [1.5244514, 42.5048459], [1.524731, 42.5048872], [1.5250107, 42.5049286], [1.5252903, 42.5049699], [1.5255699, 42.5050112], [1.5258496, 42.5050525], [1.5261292, 42.5050938], [1.5264115, 42.505079], [1.5266896, 42.5050988], [1.5269603, 42.5051803], [1.5272271, 42.5052735], [1.5274974, 42.505333], [1.5277784, 42.505302], [1.5275924, 42.5053172], [1.5275235, 42.5053354], [1.5278056, 42.5053185], [1.5280878, 42.5053016], [1.5283699, 42.5052846], [1.5286488, 42.5053265], [1.5289272, 42.5053751], [1.5292057, 42.5054238], [1.5294841, 42.5054724], [1.5297625, 42.5055213], [1.5300409, 42.5055704], [1.5302877, 42.5056737], [1.5304993, 42.5058577], [1.5307296, 42.5060216], [1.5309685, 42.5061726], [1.5312077, 42.5063233], [1.5314495, 42.506469], [1.5317068, 42.5065861], [1.5319641, 42.5067031], [1.5322346, 42.5067109], [1.5325123, 42.5066584], [1.5325099, 42.5066335], [1.5322321, 42.5066639], [1.5321441, 42.5067427], [1.5324267, 42.5067361], [1.5327093, 42.5067295], [1.5329918, 42.5067216], [1.5332663, 42.506778], [1.5335391, 42.506852], [1.5338119, 42.5069259], [1.5340841, 42.5069828], [1.5342924, 42.5071038], [1.5345047, 42.5072836], [1.5347523, 42.5074191], [1.5350105, 42.507534], [1.5352763, 42.5076285], [1.5355529, 42.5076774], [1.5358321, 42.5077145], [1.5361142, 42.5077317], [1.5363964, 42.5077488], [1.5366785, 42.507766], [1.5369607, 42.5077831], [1.5372261, 42.5078534], [1.5374797, 42.5079769], [1.5377412, 42.5080836], [1.5380186, 42.5081311], [1.538301, 42.5081441], [1.5385696, 42.5082264], [1.5388514, 42.5082242], [1.5391335, 42.5082304], [1.5394129, 42.5082722], [1.5396911, 42.5083222], [1.5399592, 42.5083814], [1.5400396, 42.5085912], [1.5403201, 42.508626], [1.5406007, 42.5086608], [1.5408815, 42.508693]], "mood_vectors": [[0.0747, 0.0381, 0.0171, 0.0223, 0.0975, 0.686, 0.0644], [0.0477, 0.0414, 0.0771, 0.0577, 0.0473, 0.7094, 0.0195], [0.0321, 0.0599, 0.0535, 0.0619, 0.0754, 0.7003, 0.0168], [0.0592, 0.0492, 0.0693, 0.0779, 0.0568, 0.6696, 0.018], [0.0553, 0.0771, 0.0314, 0.0648, 0.0146, 0.7263, 0.0305], [0.0874, 0.0655, 0.0467, 0.0457, 0.0829, 0.6384, 0.0334], [0.0675, 0.0601, 0.0121, 0.0501, 0.0586, 0.6716, 0.0799], [0.0523, 0.0642, 0.0635, 0.0638, 0.0587, 0.648, 0.0496], [0.0196, 0.0517, 0.049, 0.0715, 0.039, 0.7316, 0.0376], [0.0763, 0.0211, 0.0428, 0.0277, 0.0467, 0.7276, 0.0576], [0.0783, 0.0705, 0.035, 0.0839, 0.0245, 0.6204, 0.0873], [0.0605, 0.0871, 0.0301, 0.0153, 0.0846, 0.7007, 0.0216], [0.0492, 0.0614, 0.0902, 0.0354, 0.083, 0.6184, 0.0624], [0.0646, 0.0299, 0.0207, 0.0395, 0.0706, 0.7433, 0.0315], [0.0784, 0.0367, 0.0856, 0.0613, 0.0152, 0.6643, 0.0585], [0.0331, 0.034, 0.0586, 0.0722, 0.0586, 0.6723, 0.0713], [0.0658, 0.0301, 0.0216, 0.0695, 0.0145, 0.7259, 0.0726], [0.0338, 0.0161, 0.0902, 0.0482, 0.0751, 0.644, 0.0926], [0.05, 0.0251, 0.0435, 0.0558, 0.0924, 0.6729, 0.0604], [0.0215, 0.0201, 0.0361, 0.0576, 0.0637, 0.7343, 0.0666], [0.0732, 0.0739, 0.0323, 0.0357, 0.0829, 0.6287, 0.0734], [0.0254, 0.0479, 0.0387, 0.0794, 0.0428, 0.7055, 0.0603], [0.0242, 0.0552, 0.0297, 0.0524, 0.0223, 0.7552, 0.061], [0.046, 0.0267, 0.0717, 0.061, 0.0512, 0.7289, 0.0144], [0.0357, 0.0505, 0.0655, 0.0272, 0.0946, 0.6383, 0.0881], [0.0556, 0.0283, 0.073, 0.0568, 0.0382, 0.6632, 0.0849], [0.0757, 0.0782, 0.0139, 0.038, 0.0311, 0.7074, 0.0557], [0.045, 0.0639, 0.0847, 0.0573, 0.0615, 0.6443, 0.0433], [0.0153, 0.0384, 0.0509, 0.0521, 0.0663, 0.725, 0.052], [0.0619, 0.0764, 0.0198, 0.0521, 0.0232, 0.7518, 0.0148], [0.0312, 0.0923, 0.0397, 0.0949, 0.0849, 0.6417, 0.0152], [0.0695, 0.0854, 0.031, 0.0274, 0.0517, 0.7115, 0.0233], [0.0258, 0.045, 0.0615, 0.0504, 0.0444, 0.7034, 0.0695], [0.0593, 0.036, 0.0729, 0.061, 0.0604, 0.6346, 0.0757], [0.075, 0.064, 0.0705, 0.0385, 0.0562, 0.675, 0.0208], [0.0775, 0.0278, 0.0384, 0.0733, 0.052, 0.7091, 0.0219], [0.0519, 0.0335, 0.0615, 0.0706, 0.0707, 0.693, 0.0189], [0.0648, 0.0234, 0.0232, 0.0429, 0.0197, 0.7893, 0.0367], [0.0633, 0.0756, 0.0869, 0.0314, 0.0299, 0.692, 0.021], [0.0392, 0.0248, 0.0483, 0.0413, 0.045, 0.7632, 0.0382], [0.0606, 0.0289, 0.0871, 0.0233, 0.0479, 0.6773, 0.0749], [0.0659, 0.0256, 0.0699, 0.0704, 0.0306, 0.6659, 0.0717], [0.0546, 0.0523, 0.0734, 0.0218, 0.0562, 0.7053, 0.0364], [0.0324, 0.0231, 0.0574, 0.0193, 0.0165, 0.7664, 0.085], [0.0491, 0.0171, 0.0246, 0.0495, 0.0631, 0.7379, 0.0588], [0.0454, 0.0702, 0.0334, 0.0628, 0.0717, 0.6855, 0.0309], [0.0741, 0.0796, 0.0419, 0.0868, 0.0462, 0.6159, 0.0555], [0.0448, 0.0515, 0.0501, 0.0439, 0.0493, 0.7086, 0.0517], [0.0874, 0.0633, 0.0746, 0.0357, 0.0818, 0.5856, 0.0715], [0.0824, 0.0694, 0.0676, 0.0432, 0.0499, 0.6484, 0.0391], [0.0185, 0.0397, 0.0429, 0.0139, 0.0744, 0.7734, 0.0371], [0.0515, 0.0314, 0.0723, 0.0593, 0.0353, 0.6982, 0.0521], [0.0638, 0.0532, 0.0736, 0.0448, 0.0486, 0.6499, 0.066], [0.0527, 0.0735, 0.0212, 0.0382, 0.0192, 0.7408, 0.0544], [0.069, 0.0476, 0.0207, 0.0175, 0.0985, 0.683, 0.0636], [0.0377, 0.0573, 0.0681, 0.0187, 0.0163, 0.7322, 0.0697], [0.0687, 0.0757, 0.0545, 0.0795, 0.0165, 0.6749, 0.0302], [0.0553, 0.0333, 0.0261, 0.0442, 0.0517, 0.6929, 0.0966], [0.0178, 0.0614, 0.0195, 0.0181, 0.051, 0.7899, 0.0423], [0.0567, 0.0714, 0.042, 0.0677, 0.0741, 0.6039, 0.0842], [0.057, 0.0246, 0.0306, 0.0313, 0.0611, 0.7258, 0.0695], [0.0727, 0.0436, 0.042, 0.024, 0.079, 0.6972, 0.0415], [0.0442, 0.057, 0.0188, 0.0168, 0.0546, 0.7659, 0.0427], [0.0551, 0.0666, 0.0314, 0.0261, 0.0393, 0.7317, 0.0497], [0.0607, 0.0715, 0.0336, 0.0768, 0.0831, 0.6145, 0.0598], [0.0326, 0.078, 0.0515, 0.0213, 0.0188, 0.7548, 0.0429], [0.0567, 0.083, 0.0708, 0.0834, 0.0427, 0.5774, 0.086], [0.0472, 0.0455, 0.0554, 0.0654, 0.0811, 0.6854, 0.0199], [0.0445, 0.0837, 0.0724, 0.0491, 0.0747, 0.6338, 0.0416], [0.0668, 0.0759, 0.0168, 0.0312, 0.023, 0.7557, 0.0306], [0.0585, 0.048, 0.0693, 0.0195, 0.0546, 0.7153, 0.0348], [0.0216, 0.075, 0.0624, 0.0623, 0.0862, 0.6312, 0.0614], [0.0712, 0.0369, 0.0367, 0.04, 0.0492, 0.7014, 0.0647], [0.0513, 0.0242, 0.072, 0.061, 0.0689, 0.6944, 0.0282], [0.0683, 0.0631, 0.057, 0.0364, 0.0297, 0.6781, 0.0672], [0.028, 0.0783, 0.07, 0.0161, 0.0334, 0.7557, 0.0186], [0.0525, 0.0515, 0.0277, 0.06, 0.0656, 0.6828, 0.0599], [0.0712, 0.0491, 0.0215, 0.0538, 0.0161, 0.7235, 0.0647], [0.0422, 0.0592, 0.0595, 0.0817, 0.0516, 0.6234, 0.0825], [0.0663, 0.0144, 0.0401, 0.0118, 0.0574, 0.7531, 0.0569]], "emotions": ["purple", "purple", "purple", "purple", "purple", "purple", "purple", "purple", "purple", "purple", "purple", "purple", "purple", "purple", "purple", "purple", "purple", "purple", "purple", "purple", "purple", "purple", "purple", "purple", "purple", "purple", "purple", "purple", "purple", "purple", "purple", "purple", "purple", "purple", "purple", "purple", "purple", "purple", "purple", "purple", "purple", "purple", "purple", "purple", "purple", "purple", "purple", "purple", "purple", "purple", "purple", "purple", "purple", "purple", "purple", "purple", "purple", "purple", "purple", "purple", "purple", "purple", "purple", "purple", "purple", "purple", "purple", "purple", "purple", "purple", "purple", "purple", "purple", "purple", "purple", "purple", "purple", "purple", "purple", "purple"], "timestamps": [0, 40, 80, 120, 160, 200, 240, 280, 320, 360, 400, 440, 480, 520, 560, 600, 640, 680, 720, 760, 800, 840, 880, 920, 960, 1000, 1040, 1080, 1120, 1160, 1200, 1240, 1280, 1320, 1360, 1400, 1440, 1480, 1520, 1560, 1600, 1640, 1680, 1720, 1760, 1800, 1840, 1880, 1920, 1960, 2000, 2040, 2080, 2120, 2160, 2200, 2240, 2280, 2320, 2360, 2400, 2440, 2480, 2520, 2560, 2600, 2640, 2680, 2720, 2760, 2800, 2840, 2880, 2920, 2960, 3000, 3040, 3080, 3120, 3160]}], "conversation": [], "conversation_timestamps": []}