{"agent_id": "agent-purple-764", "type": "purple", "trips": [{"trip_id": 0, "transport_method": "foot", "start_time": 0, "path": [[1.5216827, 42.5341048], [1.5219079, 42.5335571], [1.521889, 42.5329775], [1.5213561, 42.5330451], [1.5213606, 42.5325999], [1.5210961, 42.5320625], [1.5209048, 42.5315232], [1.5211724, 42.530987], [1.5212189, 42.5305719], [1.5214298, 42.5300191], [1.5218665, 42.5296108], [1.5217919, 42.5291935], [1.5214075, 42.5287703], [1.5210425, 42.5283265], [1.5208877, 42.5277592], [1.5206388, 42.5272609], [1.5206877, 42.5266606], [1.5207366, 42.5260603], [1.5207873, 42.5256663], [1.5207286, 42.5262576], [1.5206311, 42.5268251], [1.5206075, 42.527418], [1.5206573, 42.5269015], [1.5206945, 42.5263003], [1.5207318, 42.5256992], [1.5207128, 42.5251013], [1.5207072, 42.5245244], [1.5210122, 42.5240063], [1.5213954, 42.5235421], [1.5217292, 42.5230452], [1.521923, 42.5224767], [1.5222933, 42.5220072], [1.5227924, 42.5216716], [1.5232373, 42.5212702], [1.5234803, 42.5207238], [1.5236781, 42.5201549], [1.5238592, 42.5196555], [1.5237379, 42.5202431], [1.5234894, 42.5207916], [1.5234199, 42.5208463], [1.5235809, 42.5202659], [1.523742, 42.5196856], [1.523903, 42.5191052], [1.5240275, 42.5185172], [1.5241127, 42.5179209], [1.5242266, 42.5173311], [1.5244299, 42.5167647], [1.5246835, 42.5162194], [1.5250071, 42.5157143], [1.5254066, 42.5152646], [1.5258535, 42.514862], [1.5263528, 42.5145271], [1.5268853, 42.5142462], [1.527426, 42.5139808], [1.5279753, 42.5137339], [1.5285249, 42.5134875], [1.5290747, 42.5132416], [1.5296284, 42.5130046], [1.530182, 42.5127673], [1.5307285, 42.512514], [1.531275, 42.5122607], [1.5318081, 42.5119807], [1.5322986, 42.511632], [1.5327295, 42.5112117], [1.533097, 42.510735], [1.5334847, 42.5102922], [1.5339375, 42.5099025], [1.5340411, 42.5093092], [1.533915, 42.5098364], [1.5344087, 42.5096696], [1.5349468, 42.5093988], [1.5353899, 42.5090452], [1.5355134, 42.508473], [1.5355656, 42.5078765], [1.5355941, 42.5073142], [1.5356565, 42.5076502], [1.5355377, 42.5071739], [1.5358587, 42.5069138], [1.536448, 42.5070379], [1.5369273, 42.5071312]], "mood_vectors": [[0.079, 0.0605, 0.0703, 0.039, 0.0375, 0.6672, 0.0465], [0.0684, 0.0775, 0.0136, 0.0629, 0.012, 0.7324, 0.0332], [0.0691, 0.0241, 0.0371, 0.0215, 0.0319, 0.7829, 0.0335], [0.063, 0.0599, 0.0517, 0.0235, 0.0783, 0.6775, 0.0461], [0.0597, 0.0145, 0.0335, 0.0917, 0.0774, 0.6763, 0.047], [0.0428, 0.0504, 0.0556, 0.0255, 0.0779, 0.7138, 0.034], [0.0498, 0.0698, 0.0766, 0.0225, 0.0526, 0.6466, 0.082], [0.0591, 0.0739, 0.0523, 0.0274, 0.0786, 0.6433, 0.0655], [0.0567, 0.0179, 0.0559, 0.0119, 0.0474, 0.78, 0.0301], [0.0437, 0.0374, 0.0796, 0.0527, 0.0451, 0.6844, 0.0571], [0.0534, 0.038, 0.0154, 0.0342, 0.105, 0.7197, 0.0343], [0.0402, 0.0587, 0.0471, 0.0633, 0.0169, 0.713, 0.0607], [0.047, 0.0482, 0.0356, 0.0626, 0.0148, 0.7434, 0.0486], [0.0769, 0.0765, 0.0614, 0.0707, 0.0621, 0.5761, 0.0763], [0.0647, 0.0455, 0.0548, 0.0674, 0.0393, 0.6792, 0.0492], [0.0907, 0.0448, 0.0281, 0.0315, 0.0886, 0.6459, 0.0704], [0.0705, 0.0299, 0.0419, 0.025, 0.0708, 0.6925, 0.0694], [0.0873, 0.0423, 0.0798, 0.074, 0.0168, 0.6646, 0.0353], [0.0495, 0.0702, 0.0368, 0.0648, 0.0713, 0.671, 0.0365], [0.0723, 0.051, 0.0574, 0.0538, 0.0558, 0.6557, 0.0538], [0.0789, 0.0613, 0.0896, 0.0741, 0.0254, 0.5999, 0.0709], [0.0351, 0.0776, 0.0781, 0.0253, 0.0414, 0.7239, 0.0186], [0.0749, 0.0522, 0.0618, 0.0618, 0.048, 0.6733, 0.028], [0.0568, 0.0248, 0.0389, 0.0325, 0.0653, 0.7421, 0.0396], [0.0551, 0.0245, 0.0942, 0.0343, 0.0541, 0.6927, 0.045], [0.0149, 0.0484, 0.0411, 0.0668, 0.0787, 0.7193, 0.0308], [0.0398, 0.0547, 0.0275, 0.076, 0.054, 0.6715, 0.0765], [0.0618, 0.0378, 0.0404, 0.0144, 0.0161, 0.7656, 0.064], [0.023, 0.0437, 0.0524, 0.0323, 0.0659, 0.7035, 0.0793], [0.0443, 0.0456, 0.0141, 0.0494, 0.0144, 0.7559, 0.0763], [0.0875, 0.0336, 0.0783, 0.0443, 0.0307, 0.6668, 0.0587], [0.0395, 0.0601, 0.0212, 0.0716, 0.0717, 0.7072, 0.0288], [0.0573, 0.0598, 0.0282, 0.0587, 0.0409, 0.6921, 0.063], [0.0922, 0.0456, 0.0914, 0.0265, 0.0312, 0.6576, 0.0555], [0.0626, 0.0426, 0.0188, 0.0412, 0.0743, 0.7389, 0.0216], [0.0466, 0.0709, 0.0207, 0.0543, 0.0561, 0.7021, 0.0492], [0.0806, 0.0236, 0.0402, 0.0572, 0.085, 0.6272, 0.0862], [0.0263, 0.0858, 0.05, 0.074, 0.0366, 0.671, 0.0562], [0.0616, 0.0806, 0.0226, 0.0796, 0.0322, 0.6735, 0.0498], [0.0261, 0.0613, 0.0183, 0.0177, 0.0338, 0.7854, 0.0575], [0.0322, 0.0898, 0.0742, 0.0443, 0.0869, 0.5941, 0.0785], [0.0553, 0.0301, 0.0778, 0.034, 0.0409, 0.7455, 0.0163], [0.0409, 0.0539, 0.0275, 0.0383, 0.0668, 0.7352, 0.0375], [0.072, 0.0357, 0.0703, 0.0338, 0.0221, 0.7258, 0.0403], [0.029, 0.0271, 0.0797, 0.0709, 0.0516, 0.6918, 0.05], [0.0379, 0.0358, 0.0867, 0.0441, 0.038, 0.6966, 0.0608], [0.0539, 0.0366, 0.0451, 0.0127, 0.0277, 0.8019, 0.022], [0.0163, 0.0214, 0.0803, 0.0221, 0.0165, 0.815, 0.0284], [0.022, 0.0853, 0.0337, 0.0693, 0.0417, 0.6624, 0.0857], [0.0702, 0.0566, 0.0447, 0.0484, 0.026, 0.6818, 0.0723], [0.0386, 0.0925, 0.0814, 0.0894, 0.08, 0.5755, 0.0426], [0.0299, 0.0881, 0.0313, 0.0531, 0.0356, 0.682, 0.08], [0.0142, 0.0646, 0.0403, 0.0219, 0.0554, 0.7089, 0.0947], [0.057, 0.0363, 0.0186, 0.0837, 0.0383, 0.745, 0.0211], [0.073, 0.0617, 0.0367, 0.02, 0.0787, 0.7049, 0.025], [0.0841, 0.018, 0.055, 0.0495, 0.0295, 0.716, 0.0478], [0.0244, 0.0434, 0.0141, 0.0459, 0.0272, 0.7882, 0.0569], [0.0304, 0.0528, 0.0179, 0.0556, 0.0352, 0.7428, 0.0652], [0.0881, 0.0566, 0.0939, 0.0341, 0.0742, 0.6025, 0.0505], [0.0731, 0.0603, 0.0467, 0.0774, 0.0472, 0.6538, 0.0416], [0.0377, 0.0652, 0.0218, 0.0186, 0.0448, 0.779, 0.033], [0.0384, 0.063, 0.0398, 0.0629, 0.0804, 0.6908, 0.0246], [0.0444, 0.0558, 0.0957, 0.0284, 0.0666, 0.6729, 0.0362], [0.0762, 0.0162, 0.0429, 0.0174, 0.0352, 0.7611, 0.051], [0.0595, 0.0199, 0.0635, 0.0319, 0.017, 0.7883, 0.0199], [0.0208, 0.0259, 0.068, 0.0857, 0.0702, 0.6536, 0.0758], [0.0813, 0.0248, 0.0326, 0.0519, 0.0319, 0.7609, 0.0167], [0.0429, 0.0663, 0.0609, 0.0606, 0.0135, 0.7173, 0.0385], [0.0601, 0.062, 0.065, 0.0267, 0.0321, 0.6727, 0.0814], [0.0246, 0.0166, 0.0262, 0.019, 0.0837, 0.7855, 0.0444], [0.07, 0.0159, 0.084, 0.0367, 0.0701, 0.662, 0.0613], [0.0699, 0.0422, 0.0196, 0.0336, 0.0425, 0.7343, 0.058], [0.0182, 0.03, 0.0956, 0.0555, 0.0393, 0.742, 0.0195], [0.0788, 0.0724, 0.0494, 0.0598, 0.0421, 0.6146, 0.0831], [0.0602, 0.0417, 0.043, 0.0246, 0.0739, 0.7053, 0.0513], [0.0685, 0.0143, 0.0632, 0.0556, 0.0348, 0.6988, 0.0646], [0.043, 0.0818, 0.0362, 0.0574, 0.0832, 0.6707, 0.0278], [0.0414, 0.071, 0.0341, 0.0437, 0.0463, 0.7068, 0.0566], [0.0396, 0.0679, 0.0515, 0.053, 0.0482, 0.6894, 0.0505], [0.0631, 0.0421, 0.0547, 0.0565, 0.0591, 0.6604, 0.0641]], "emotions": ["purple", "purple", "purple", "purple", "purple", "purple", "purple", "purple", "purple", "purple", "purple", "purple", "purple", "purple", "purple", "purple", "purple", "purple", "purple", "purple", "purple", "purple", "purple", "purple", "purple", "purple", "purple", "purple", "purple", "purple", "purple", "purple", "purple", "purple", "purple", "purple", "purple", "purple", "purple", "purple", "purple", "purple", "purple", "purple", "purple", "purple", "purple", "purple", "purple", "purple", "purple", "purple", "purple", "purple", "purple", "purple", "purple", "purple", "purple", "purple", "purple", "purple", "purple", "purple", "purple", "purple", "purple", "purple", "purple", "purple", "purple", "purple", "purple", "purple", "purple", "purple", "purple", "purple", "purple", "purple"], "timestamps": [0, 40, 80, 120, 160, 200, 240, 280, 320, 360, 400, 440, 480, 520, 560, 600, 640, 680, 720, 760, 800, 840, 880, 920, 960, 1000, 1040, 1080, 1120, 1160, 1200, 1240, 1280, 1320, 1360, 1400, 1440, 1480, 1520, 1560, 1600, 1640, 1680, 1720, 1760, 1800, 1840, 1880, 1920, 1960, 2000, 2040, 2080, 2120, 2160, 2200, 2240, 2280, 2320, 2360, 2400, 2440, 2480, 2520, 2560, 2600, 2640, 2680, 2720, 2760, 2800, 2840, 2880, 2920, 2960, 3000, 3040, 3080, 3120, 3160]}], "conversation": [], "conversation_timestamps": []}