{"agent_id": "agent-red-1706", "type": "red", "trips": [{"trip_id": 0, "transport_method": "foot", "start_time": 0, "path": [[1.6644929, 42.5765428], [1.6634098, 42.5762268], [1.660717, 42.5762101], [1.6581805, 42.5758654], [1.6576507, 42.5757351], [1.6550351, 42.5751326], [1.6524507, 42.5748032], [1.6499902, 42.57579], [1.6477088, 42.5770287], [1.6450888, 42.5774871], [1.6424376, 42.578005], [1.6397499, 42.578188], [1.6370615, 42.5780602], [1.6350587, 42.5778317], [1.6328077, 42.5782007], [1.6301445, 42.5784261], [1.6275897, 42.577746], [1.6255674, 42.5768497], [1.6264431, 42.5773817], [1.6240852, 42.5760818], [1.621705, 42.5749591], [1.61916, 42.5741458], [1.6167426, 42.5730224], [1.6142973, 42.5722551], [1.6116534, 42.5718022], [1.6090402, 42.5714896], [1.6069866, 42.5708277], [1.604933, 42.5697882], [1.6031351, 42.5682008], [1.6008701, 42.5667619], [1.6013445, 42.5670074], [1.5995513, 42.5658986], [1.5975302, 42.5644834], [1.5949149, 42.5640004], [1.5934088, 42.5620218], [1.5937514, 42.5596826], [1.5924066, 42.5577008], [1.5914968, 42.5555996], [1.5905453, 42.5535279], [1.5917265, 42.5512627], [1.5923499, 42.5486786], [1.5915197, 42.546282], [1.5917961, 42.5436942], [1.5922851, 42.5412545], [1.5917981, 42.5387256], [1.5897864, 42.5371398], [1.5880443, 42.5352698], [1.5875312, 42.5349413], [1.5852485, 42.5334875], [1.5840633, 42.5324421], [1.581544, 42.5317062], [1.5788335, 42.5318027], [1.5761343, 42.531578], [1.5738265, 42.5303365], [1.5742078, 42.5309632], [1.5733556, 42.5299096], [1.5709778, 42.5291128], [1.570149, 42.528427], [1.5703723, 42.5287405], [1.5681149, 42.5272368], [1.5690566, 42.5277803], [1.5668042, 42.526269], [1.5643596, 42.5251981], [1.5620908, 42.5238465], [1.5599507, 42.5222346], [1.5578738, 42.5205375], [1.5565285, 42.5190423], [1.5559685, 42.5186974], [1.5548826, 42.517831], [1.5544299, 42.5176169], [1.5532479, 42.5156043], [1.5521329, 42.5133292], [1.5498715, 42.5119107], [1.5472546, 42.5112083], [1.5462062, 42.510071], [1.5439182, 42.5091978], [1.5413449, 42.5091558], [1.5389747, 42.5103427], [1.5364669, 42.5113428], [1.5354891, 42.5121322]], "mood_vectors": [[0.7342, 0.0251, 0.0428, 0.0331, 0.0438, 0.0758, 0.0452], [0.7176, 0.0332, 0.0353, 0.0221, 0.0489, 0.0685, 0.0743], [0.7089, 0.0724, 0.0158, 0.074, 0.0469, 0.0625, 0.0196], [0.6258, 0.0393, 0.0467, 0.0755, 0.0548, 0.0787, 0.0793], [0.6766, 0.0327, 0.0871, 0.0745, 0.0542, 0.0372, 0.0378], [0.712, 0.0205, 0.0518, 0.0981, 0.0232, 0.0678, 0.0267], [0.714, 0.0354, 0.0283, 0.0478, 0.0801, 0.0169, 0.0776], [0.6848, 0.0799, 0.0508, 0.0137, 0.0503, 0.0797, 0.0408], [0.6985, 0.0345, 0.0281, 0.0788, 0.0618, 0.0492, 0.0492], [0.7229, 0.0157, 0.0829, 0.0871, 0.0197, 0.034, 0.0378], [0.7167, 0.0683, 0.0195, 0.0699, 0.0345, 0.0177, 0.0733], [0.6779, 0.0317, 0.0687, 0.0773, 0.0553, 0.0431, 0.0461], [0.6462, 0.035, 0.0478, 0.0681, 0.0415, 0.0884, 0.073], [0.6996, 0.0781, 0.0518, 0.0136, 0.0326, 0.0557, 0.0686], [0.6913, 0.0694, 0.0747, 0.0233, 0.0688, 0.0305, 0.0421], [0.6652, 0.0305, 0.043, 0.0428, 0.075, 0.0583, 0.0851], [0.8121, 0.024, 0.0223, 0.0271, 0.0664, 0.0272, 0.021], [0.8004, 0.0523, 0.0191, 0.0392, 0.0138, 0.0267, 0.0485], [0.6556, 0.0813, 0.0563, 0.0582, 0.044, 0.0833, 0.0213], [0.6524, 0.0312, 0.0405, 0.083, 0.0832, 0.0665, 0.0433], [0.7312, 0.0469, 0.0922, 0.0602, 0.023, 0.0226, 0.0239], [0.7514, 0.0626, 0.0416, 0.0152, 0.0447, 0.0249, 0.0597], [0.6523, 0.0717, 0.0652, 0.0671, 0.0546, 0.0311, 0.058], [0.6483, 0.0239, 0.0835, 0.082, 0.0366, 0.08, 0.0457], [0.7402, 0.0678, 0.0115, 0.0354, 0.0647, 0.0188, 0.0616], [0.681, 0.0256, 0.0673, 0.0514, 0.0682, 0.0513, 0.0552], [0.6667, 0.0907, 0.0574, 0.0799, 0.0133, 0.0674, 0.0247], [0.6848, 0.0625, 0.0336, 0.0646, 0.0625, 0.0405, 0.0515], [0.8106, 0.0624, 0.0236, 0.0215, 0.0382, 0.023, 0.0209], [0.6835, 0.0208, 0.0726, 0.048, 0.0628, 0.0243, 0.088], [0.7412, 0.0408, 0.0662, 0.0174, 0.0458, 0.0358, 0.0529], [0.6329, 0.0731, 0.084, 0.0404, 0.0862, 0.0436, 0.0398], [0.7865, 0.0323, 0.0201, 0.0248, 0.0337, 0.054, 0.0486], [0.7105, 0.0507, 0.0648, 0.0701, 0.0215, 0.0422, 0.0402], [0.7732, 0.0607, 0.0683, 0.0177, 0.0324, 0.0268, 0.0209], [0.7481, 0.0202, 0.085, 0.0567, 0.0303, 0.0384, 0.0213], [0.6679, 0.0464, 0.0528, 0.0276, 0.0677, 0.0697, 0.0679], [0.7025, 0.0423, 0.0506, 0.0779, 0.033, 0.0198, 0.0739], [0.6758, 0.0355, 0.0322, 0.032, 0.085, 0.0833, 0.0562], [0.7257, 0.0184, 0.0323, 0.0323, 0.0934, 0.0242, 0.0737], [0.7081, 0.066, 0.0633, 0.0432, 0.0141, 0.0407, 0.0646], [0.6574, 0.0778, 0.0265, 0.0288, 0.0337, 0.0814, 0.0944], [0.6324, 0.0759, 0.0483, 0.0806, 0.0332, 0.0561, 0.0736], [0.609, 0.0469, 0.0826, 0.0701, 0.0675, 0.0526, 0.0713], [0.7221, 0.0326, 0.0403, 0.0757, 0.0277, 0.0629, 0.0387], [0.8106, 0.0144, 0.0628, 0.0421, 0.0266, 0.0257, 0.0179], [0.6398, 0.0777, 0.0742, 0.0612, 0.0177, 0.0633, 0.0659], [0.792, 0.0557, 0.0214, 0.0415, 0.0374, 0.0177, 0.0342], [0.7078, 0.0537, 0.0526, 0.0692, 0.0319, 0.0296, 0.055], [0.7387, 0.0789, 0.0128, 0.0419, 0.0165, 0.0644, 0.0468], [0.6515, 0.0514, 0.0748, 0.0567, 0.0344, 0.0789, 0.0524], [0.6645, 0.059, 0.0341, 0.0656, 0.0644, 0.0609, 0.0516], [0.7176, 0.0633, 0.0205, 0.05, 0.0614, 0.0471, 0.04], [0.7408, 0.0624, 0.0271, 0.0648, 0.0666, 0.0157, 0.0226], [0.7109, 0.037, 0.0176, 0.0715, 0.0534, 0.0664, 0.0431], [0.69, 0.0251, 0.0333, 0.0971, 0.0473, 0.0805, 0.0267], [0.6803, 0.0607, 0.0892, 0.085, 0.0427, 0.0214, 0.0207], [0.6812, 0.0361, 0.061, 0.0625, 0.0219, 0.0783, 0.059], [0.7592, 0.0276, 0.0423, 0.0148, 0.0218, 0.0507, 0.0835], [0.7062, 0.0842, 0.059, 0.0349, 0.0534, 0.0493, 0.013], [0.7206, 0.0354, 0.065, 0.0383, 0.0669, 0.0359, 0.0378], [0.7139, 0.0546, 0.0561, 0.0684, 0.0274, 0.0484, 0.0311], [0.7171, 0.0187, 0.0372, 0.0706, 0.0917, 0.0255, 0.0391], [0.7487, 0.0215, 0.0399, 0.0237, 0.0616, 0.076, 0.0288], [0.7724, 0.0159, 0.0507, 0.0436, 0.0348, 0.0573, 0.0253], [0.6876, 0.0187, 0.0347, 0.0422, 0.1029, 0.0495, 0.0644], [0.7304, 0.0543, 0.0157, 0.023, 0.0759, 0.02, 0.0808], [0.6998, 0.0712, 0.0698, 0.0513, 0.0649, 0.025, 0.018], [0.6993, 0.0182, 0.0384, 0.0663, 0.0412, 0.055, 0.0817], [0.7107, 0.0543, 0.0177, 0.0575, 0.0786, 0.0284, 0.0528], [0.685, 0.0802, 0.0542, 0.0542, 0.0362, 0.0525, 0.0377], [0.7061, 0.0625, 0.0756, 0.0307, 0.0868, 0.0154, 0.0229], [0.6769, 0.0318, 0.0222, 0.0714, 0.0825, 0.0454, 0.0699], [0.6733, 0.0649, 0.0675, 0.0387, 0.0153, 0.088, 0.0524], [0.6801, 0.0376, 0.0721, 0.0279, 0.0512, 0.0702, 0.0609], [0.6154, 0.0679, 0.0626, 0.0577, 0.0819, 0.0655, 0.0489], [0.7449, 0.0444, 0.042, 0.0431, 0.0605, 0.0401, 0.0249], [0.7184, 0.0403, 0.0884, 0.0339, 0.0443, 0.0134, 0.0614], [0.6651, 0.067, 0.0746, 0.0625, 0.0667, 0.0497, 0.0145], [0.6328, 0.0637, 0.0727, 0.0613, 0.0602, 0.035, 0.0742]], "emotions": ["red", "red", "red", "red", "red", "red", "red", "red", "red", "red", "red", "red", "red", "red", "red", "red", "red", "red", "red", "red", "red", "red", "red", "red", "red", "red", "red", "red", "red", "red", "red", "red", "red", "red", "red", "red", "red", "red", "red", "red", "red", "red", "red", "red", "red", "red", "red", "red", "red", "red", "red", "red", "red", "red", "red", "red", "red", "red", "red", "red", "red", "red", "red", "red", "red", "red", "red", "red", "red", "red", "red", "red", "red", "red", "red", "red", "red", "red", "red", "red"], "timestamps": [0, 40, 80, 120, 160, 200, 240, 280, 320, 360, 400, 440, 480, 520, 560, 600, 640, 680, 720, 760, 800, 840, 880, 920, 960, 1000, 1040, 1080, 1120, 1160, 1200, 1240, 1280, 1320, 1360, 1400, 1440, 1480, 1520, 1560, 1600, 1640, 1680, 1720, 1760, 1800, 1840, 1880, 1920, 1960, 2000, 2040, 2080, 2120, 2160, 2200, 2240, 2280, 2320, 2360, 2400, 2440, 2480, 2520, 2560, 2600, 2640, 2680, 2720, 2760, 2800, 2840, 2880, 2920, 2960, 3000, 3040, 3080, 3120, 3160]}], "conversation": [], "conversation_timestamps": []}