{"agent_id": "agent-green-667", "type": "green", "trips": [{"trip_id": 0, "transport_method": "foot", "start_time": 0, "path": [[1.5414609, 42.5078947], [1.5449065, 42.5093266], [1.5463256, 42.5104239], [1.5496707, 42.5118303], [1.5513784, 42.5129276], [1.5527089, 42.5143523], [1.5546105, 42.5177433], [1.5575455, 42.5202099], [1.5596675, 42.5220796], [1.562793, 42.5245382], [1.566474, 42.5260292], [1.5698228, 42.5282125], [1.5730799, 42.5296747], [1.576357, 42.531616], [1.5776393, 42.5317439], [1.5816597, 42.5317016], [1.5851092, 42.5334084], [1.5884223, 42.5355559], [1.5920744, 42.5360651], [1.5958291, 42.536711], [1.5994348, 42.5366415], [1.6034002, 42.5370118], [1.6069657, 42.536227], [1.6109325, 42.5363081], [1.6148874, 42.5364832], [1.6188012, 42.5370877], [1.6164283, 42.5353191], [1.6192773, 42.5357947], [1.6232505, 42.5352236], [1.626631, 42.5365457], [1.6250066, 42.5381106], [1.6268184, 42.5385178], [1.6269934, 42.5385258], [1.6309611, 42.5390841], [1.6348855, 42.5392973], [1.6386202, 42.5403557], [1.6423441, 42.5415475], [1.6459901, 42.5418472], [1.6497735, 42.5421628], [1.6533667, 42.5423022], [1.6570533, 42.5409326], [1.6590365, 42.5404375], [1.6565708, 42.5410655], [1.6604213, 42.5399065], [1.6642722, 42.5392711], [1.6682932, 42.5392324], [1.6712027, 42.5392966], [1.6672195, 42.5391845], [1.6637477, 42.538252], [1.6620064, 42.5388304], [1.6649983, 42.5392192], [1.6690184, 42.5391273], [1.6730305, 42.5389668], [1.6749368, 42.5380983], [1.6785639, 42.5397466], [1.6821268, 42.5415489], [1.6837352, 42.5442376], [1.683258, 42.5473916], [1.6815622, 42.5501901], [1.6798878, 42.552382], [1.6827803, 42.5540317], [1.6863061, 42.5553301], [1.6870115, 42.5567659], [1.6886201, 42.5575682], [1.6891673, 42.5569651], [1.6918822, 42.5539994], [1.6950258, 42.5515111], [1.6975294, 42.5483685], [1.700485, 42.5457307], [1.7042901, 42.5445938], [1.7082982, 42.5442724], [1.7123127, 42.54405], [1.7163326, 42.5439494], [1.7203515, 42.543813], [1.7243706, 42.5437913], [1.7283236, 42.5444418], [1.7319801, 42.546093], [1.7343166, 42.5466962], [1.7345335, 42.5459071], [1.7338354, 42.5437436]], "mood_vectors": [[0.0131, 0.0255, 0.083, 0.0344, 0.088, 0.0571, 0.6988], [0.1003, 0.0449, 0.0187, 0.0171, 0.0713, 0.0711, 0.6766], [0.0448, 0.0342, 0.0688, 0.0473, 0.0651, 0.0307, 0.7091], [0.0444, 0.0679, 0.0177, 0.022, 0.0952, 0.0692, 0.6837], [0.035, 0.0148, 0.0685, 0.0782, 0.0166, 0.0805, 0.7063], [0.0356, 0.0212, 0.0531, 0.0644, 0.0682, 0.0615, 0.6959], [0.046, 0.0412, 0.0596, 0.0631, 0.0466, 0.0537, 0.6898], [0.0883, 0.0671, 0.0254, 0.0546, 0.0811, 0.0449, 0.6386], [0.0373, 0.0356, 0.0631, 0.0176, 0.0944, 0.0868, 0.6653], [0.0514, 0.0275, 0.0742, 0.0901, 0.0725, 0.0399, 0.6443], [0.028, 0.0615, 0.0581, 0.0721, 0.0479, 0.0348, 0.6976], [0.0745, 0.0182, 0.0375, 0.0686, 0.0346, 0.0763, 0.6903], [0.0374, 0.0466, 0.0628, 0.045, 0.0279, 0.045, 0.7353], [0.062, 0.094, 0.0181, 0.0784, 0.0383, 0.0502, 0.6589], [0.0271, 0.0713, 0.0353, 0.0706, 0.0275, 0.0353, 0.7328], [0.0816, 0.0609, 0.0147, 0.0294, 0.0594, 0.0223, 0.7318], [0.0756, 0.0324, 0.0136, 0.0303, 0.0204, 0.0851, 0.7425], [0.0602, 0.0491, 0.0422, 0.02, 0.0701, 0.0453, 0.713], [0.0851, 0.0868, 0.0822, 0.0669, 0.0842, 0.0366, 0.5582], [0.0657, 0.0511, 0.0414, 0.0894, 0.0733, 0.0323, 0.6469], [0.0461, 0.0539, 0.0734, 0.0171, 0.0348, 0.0281, 0.7466], [0.0367, 0.0327, 0.0585, 0.0438, 0.0355, 0.0494, 0.7434], [0.0817, 0.0536, 0.0675, 0.0305, 0.0635, 0.056, 0.6472], [0.0588, 0.0771, 0.0863, 0.0878, 0.0723, 0.0345, 0.5832], [0.0579, 0.0447, 0.059, 0.0791, 0.0775, 0.0196, 0.6623], [0.0908, 0.0473, 0.0872, 0.0367, 0.0681, 0.0446, 0.6253], [0.0546, 0.0243, 0.0504, 0.0658, 0.0716, 0.0387, 0.6945], [0.0541, 0.0417, 0.0396, 0.0256, 0.0384, 0.0701, 0.7305], [0.0478, 0.0692, 0.0357, 0.0775, 0.0217, 0.052, 0.6961], [0.0641, 0.0299, 0.0789, 0.0805, 0.0209, 0.0778, 0.6477], [0.0139, 0.0619, 0.071, 0.0593, 0.0153, 0.0648, 0.714], [0.0334, 0.0503, 0.0655, 0.05, 0.059, 0.0572, 0.6845], [0.0605, 0.0576, 0.0255, 0.0241, 0.047, 0.0669, 0.7184], [0.069, 0.0232, 0.0633, 0.0389, 0.0467, 0.0345, 0.7243], [0.0567, 0.0135, 0.063, 0.0215, 0.0552, 0.0263, 0.7637], [0.0348, 0.0195, 0.0138, 0.0658, 0.0273, 0.0552, 0.7836], [0.0327, 0.0475, 0.0724, 0.0629, 0.0502, 0.0671, 0.6672], [0.0235, 0.0596, 0.0132, 0.0121, 0.0726, 0.0416, 0.7774], [0.0558, 0.0772, 0.0371, 0.0456, 0.0798, 0.0325, 0.672], [0.0744, 0.0653, 0.0517, 0.0296, 0.0417, 0.06, 0.6772], [0.0641, 0.0816, 0.063, 0.0691, 0.0471, 0.0389, 0.6363], [0.0209, 0.0314, 0.0483, 0.0663, 0.0765, 0.0758, 0.6807], [0.0898, 0.0349, 0.0309, 0.0753, 0.0257, 0.054, 0.6894], [0.0488, 0.0293, 0.0427, 0.0438, 0.0575, 0.0225, 0.7555], [0.0339, 0.0507, 0.0617, 0.052, 0.0186, 0.048, 0.7352], [0.0435, 0.0959, 0.0297, 0.0683, 0.0364, 0.0401, 0.6861], [0.0302, 0.0539, 0.0202, 0.0572, 0.0483, 0.0834, 0.7068], [0.0393, 0.0468, 0.0509, 0.0251, 0.054, 0.0847, 0.6991], [0.0343, 0.0644, 0.0713, 0.0526, 0.037, 0.0429, 0.6975], [0.0461, 0.0164, 0.0432, 0.0193, 0.0477, 0.0185, 0.8088], [0.0172, 0.0644, 0.087, 0.0938, 0.0731, 0.0496, 0.615], [0.0318, 0.0289, 0.0559, 0.0391, 0.03, 0.0703, 0.744], [0.0779, 0.0764, 0.0687, 0.0833, 0.0262, 0.0381, 0.6296], [0.0287, 0.037, 0.08, 0.073, 0.0468, 0.0668, 0.6677], [0.0625, 0.1027, 0.0525, 0.0477, 0.0257, 0.0219, 0.687], [0.047, 0.0944, 0.0449, 0.0598, 0.0451, 0.0264, 0.6823], [0.0819, 0.0475, 0.0772, 0.0485, 0.0797, 0.0197, 0.6453], [0.0913, 0.0891, 0.0508, 0.0205, 0.0356, 0.0194, 0.6933], [0.0793, 0.0225, 0.0139, 0.0532, 0.0694, 0.0166, 0.7451], [0.0712, 0.0326, 0.0613, 0.0202, 0.042, 0.0433, 0.7295], [0.0497, 0.0382, 0.0306, 0.0127, 0.0694, 0.0491, 0.7504], [0.0225, 0.0305, 0.041, 0.0517, 0.0577, 0.0803, 0.7162], [0.0361, 0.0419, 0.0693, 0.0615, 0.0712, 0.0553, 0.6648], [0.0466, 0.0388, 0.0451, 0.0556, 0.0717, 0.0261, 0.7161], [0.0555, 0.0551, 0.0681, 0.0135, 0.0772, 0.0173, 0.7133], [0.0599, 0.0311, 0.044, 0.0913, 0.0769, 0.0547, 0.6419], [0.081, 0.0291, 0.0272, 0.018, 0.0494, 0.0664, 0.7288], [0.0528, 0.065, 0.0756, 0.0399, 0.0271, 0.0721, 0.6676], [0.0139, 0.0625, 0.0468, 0.0563, 0.0566, 0.077, 0.6869], [0.0228, 0.0694, 0.0619, 0.0693, 0.0614, 0.0703, 0.6448], [0.0222, 0.0695, 0.0739, 0.0811, 0.0833, 0.0607, 0.6093], [0.0131, 0.0432, 0.0823, 0.0602, 0.0245, 0.0283, 0.7485], [0.0665, 0.0347, 0.0889, 0.0794, 0.0893, 0.0353, 0.6059], [0.0369, 0.083, 0.0869, 0.0373, 0.0714, 0.0428, 0.6417], [0.0576, 0.0798, 0.0409, 0.0243, 0.0863, 0.064, 0.6472], [0.0251, 0.0669, 0.0738, 0.0344, 0.0431, 0.0468, 0.7099], [0.0187, 0.0701, 0.0742, 0.0294, 0.0899, 0.0373, 0.6804], [0.0615, 0.0443, 0.0701, 0.0619, 0.0134, 0.0116, 0.7372], [0.0225, 0.0584, 0.081, 0.0467, 0.0678, 0.0352, 0.6884], [0.072, 0.0558, 0.0643, 0.0718, 0.0648, 0.0802, 0.5911]], "emotions": ["purple", "purple", "purple", "purple", "purple", "purple", "purple", "purple", "purple", "purple", "purple", "purple", "purple", "purple", "purple", "purple", "purple", "purple", "purple", "purple", "purple", "purple", "purple", "purple", "purple", "purple", "purple", "purple", "purple", "purple", "purple", "purple", "purple", "purple", "purple", "purple", "purple", "purple", "purple", "purple", "purple", "purple", "purple", "purple", "purple", "purple", "purple", "purple", "purple", "purple", "purple", "purple", "purple", "purple", "purple", "purple", "purple", "purple", "purple", "purple", "purple", "purple", "purple", "purple", "purple", "purple", "purple", "purple", "purple", "purple", "purple", "purple", "purple", "purple", "purple", "purple", "purple", "purple", "purple", "purple"], "timestamps": [0, 40, 80, 120, 160, 200, 240, 280, 320, 360, 400, 440, 480, 520, 560, 600, 640, 680, 720, 760, 800, 840, 880, 920, 960, 1000, 1040, 1080, 1120, 1160, 1200, 1240, 1280, 1320, 1360, 1400, 1440, 1480, 1520, 1560, 1600, 1640, 1680, 1720, 1760, 1800, 1840, 1880, 1920, 1960, 2000, 2040, 2080, 2120, 2160, 2200, 2240, 2280, 2320, 2360, 2400, 2440, 2480, 2520, 2560, 2600, 2640, 2680, 2720, 2760, 2800, 2840, 2880, 2920, 2960, 3000, 3040, 3080, 3120, 3160]}], "conversation": [], "conversation_timestamps": []}