{"agent_id": "agent-blue-1060", "type": "blue", "trips": [{"trip_id": 0, "transport_method": "foot", "start_time": 0, "path": [[1.5373938, 42.513121], [1.537299, 42.5130875], [1.5372344, 42.5130106], [1.5371714, 42.5129388], [1.5370781, 42.5128958], [1.5369953, 42.5128337], [1.5369094, 42.512776], [1.5368457, 42.5126975], [1.5367925, 42.5126088], [1.5367366, 42.5125221], [1.5366396, 42.512486], [1.5365426, 42.51245], [1.5364456, 42.5124139], [1.5364823, 42.5123586], [1.5365652, 42.5122967], [1.5365862, 42.5122021], [1.5365767, 42.512099], [1.5365176, 42.5120197], [1.5364451, 42.511946], [1.536378, 42.5118672], [1.5363142, 42.5117858], [1.5362504, 42.5117043], [1.5361816, 42.5116271], [1.5361039, 42.5115587], [1.5360227, 42.5114945], [1.5359224, 42.5114703], [1.5358221, 42.5114453], [1.5357278, 42.5114026], [1.5356336, 42.5113598], [1.5355404, 42.5113147], [1.5354484, 42.5112674], [1.5353588, 42.5112156], [1.5352736, 42.5111583], [1.5351941, 42.5110925], [1.5351117, 42.5110299], [1.5350404, 42.5109559], [1.5349763, 42.5108747], [1.5349166, 42.5107906], [1.5348316, 42.5107315], [1.5347466, 42.5106725], [1.5346616, 42.5106134], [1.5345766, 42.5105543], [1.5344936, 42.5104925], [1.5344106, 42.5104306], [1.5343276, 42.5103688], [1.5342446, 42.5103069], [1.5341618, 42.5102448], [1.534079, 42.5101827], [1.5339957, 42.5101213], [1.533911, 42.5100618], [1.5338238, 42.5100062], [1.533735, 42.5099531], [1.5336393, 42.5099139], [1.5335425, 42.5098772], [1.5334446, 42.5098435], [1.5333456, 42.5098135], [1.533246, 42.5097857], [1.5331448, 42.5097637], [1.533043, 42.5097455], [1.5329405, 42.5097309], [1.5328375, 42.509721], [1.5327343, 42.509713], [1.5326313, 42.5097031], [1.5325287, 42.5096895], [1.5324261, 42.5096759], [1.5323255, 42.509652], [1.5322255, 42.5096255], [1.5321271, 42.5095933], [1.5320365, 42.5095437], [1.531947, 42.5094917], [1.5318575, 42.5094397], [1.531768, 42.5093877], [1.5316785, 42.5093358], [1.5317252, 42.509269], [1.531816, 42.5092684], [1.5319139, 42.509302], [1.5320118, 42.5093356], [1.5321094, 42.5093641], [1.5322021, 42.509318], [1.5322948, 42.509272]], "mood_vectors": [[0.0302, 0.0659, 0.0379, 0.7878, 0.0372, 0.0264, 0.0146], [0.0434, 0.0714, 0.0767, 0.6247, 0.0745, 0.0657, 0.0435], [0.0402, 0.0614, 0.0716, 0.6533, 0.0264, 0.0728, 0.0742], [0.0693, 0.0564, 0.0276, 0.7049, 0.0666, 0.031, 0.0443], [0.018, 0.0344, 0.0328, 0.7209, 0.0767, 0.0873, 0.0299], [0.0339, 0.062, 0.013, 0.7173, 0.063, 0.0531, 0.0578], [0.0919, 0.017, 0.0693, 0.6673, 0.0276, 0.0934, 0.0334], [0.0406, 0.0366, 0.0756, 0.6941, 0.0181, 0.0543, 0.0806], [0.0441, 0.067, 0.0314, 0.6771, 0.0709, 0.0441, 0.0653], [0.0679, 0.0123, 0.0176, 0.7621, 0.0689, 0.0348, 0.0365], [0.0486, 0.0294, 0.0284, 0.7291, 0.039, 0.0785, 0.0469], [0.0335, 0.0186, 0.0504, 0.7191, 0.0636, 0.0506, 0.0643], [0.0517, 0.0538, 0.0268, 0.7372, 0.0281, 0.0523, 0.0501], [0.0184, 0.0171, 0.0522, 0.7658, 0.0586, 0.0389, 0.049], [0.0227, 0.0211, 0.0449, 0.7625, 0.0208, 0.0786, 0.0494], [0.067, 0.0453, 0.0126, 0.706, 0.0635, 0.0599, 0.0457], [0.0461, 0.0672, 0.0925, 0.6105, 0.0747, 0.0182, 0.0908], [0.0724, 0.0547, 0.0778, 0.6936, 0.041, 0.0348, 0.0256], [0.0785, 0.0449, 0.0344, 0.6694, 0.077, 0.0233, 0.0726], [0.0506, 0.0612, 0.0239, 0.6927, 0.0387, 0.0696, 0.0633], [0.0862, 0.0453, 0.0686, 0.6873, 0.0346, 0.0277, 0.0503], [0.0514, 0.0592, 0.0636, 0.7146, 0.0376, 0.0557, 0.0179], [0.0726, 0.056, 0.0735, 0.6811, 0.0525, 0.0118, 0.0526], [0.0483, 0.0641, 0.0449, 0.6801, 0.0909, 0.041, 0.0307], [0.0468, 0.0698, 0.0784, 0.6173, 0.0717, 0.0823, 0.0336], [0.0317, 0.0871, 0.0329, 0.6609, 0.0688, 0.062, 0.0567], [0.0815, 0.0826, 0.0398, 0.6246, 0.0209, 0.0748, 0.0758], [0.032, 0.0264, 0.0508, 0.7342, 0.0722, 0.0458, 0.0386], [0.0306, 0.048, 0.0507, 0.7701, 0.0119, 0.0352, 0.0535], [0.0646, 0.0382, 0.0134, 0.7127, 0.0391, 0.0691, 0.0629], [0.0701, 0.0211, 0.0485, 0.7259, 0.0345, 0.0592, 0.0407], [0.0737, 0.0367, 0.0314, 0.6972, 0.0223, 0.0675, 0.0712], [0.0575, 0.0235, 0.0198, 0.7656, 0.0705, 0.0433, 0.0198], [0.08, 0.0357, 0.0637, 0.6977, 0.0256, 0.0743, 0.023], [0.0301, 0.076, 0.0459, 0.7175, 0.0456, 0.0432, 0.0416], [0.0472, 0.0401, 0.0441, 0.7447, 0.0646, 0.038, 0.0212], [0.078, 0.0681, 0.0515, 0.5772, 0.0776, 0.0825, 0.0652], [0.0834, 0.0778, 0.0328, 0.7215, 0.0381, 0.0242, 0.0222], [0.0158, 0.0704, 0.055, 0.7177, 0.0478, 0.051, 0.0423], [0.08, 0.085, 0.0977, 0.6365, 0.0221, 0.0152, 0.0635], [0.032, 0.0172, 0.0564, 0.7312, 0.0684, 0.0576, 0.0372], [0.059, 0.0182, 0.056, 0.7603, 0.0149, 0.0461, 0.0454], [0.0617, 0.0748, 0.0215, 0.7487, 0.023, 0.0261, 0.0442], [0.0654, 0.0573, 0.0745, 0.687, 0.0312, 0.0486, 0.0361], [0.0555, 0.0491, 0.0539, 0.6625, 0.0529, 0.0594, 0.0667], [0.0614, 0.0409, 0.0655, 0.6062, 0.0752, 0.0868, 0.064], [0.0365, 0.089, 0.0386, 0.6711, 0.0727, 0.0703, 0.0219], [0.0679, 0.079, 0.0329, 0.7041, 0.0504, 0.0528, 0.0129], [0.0678, 0.0532, 0.0655, 0.6322, 0.0517, 0.0815, 0.0481], [0.0728, 0.0466, 0.0337, 0.6758, 0.0736, 0.0785, 0.019], [0.0852, 0.0311, 0.0536, 0.6651, 0.0856, 0.0626, 0.0168], [0.088, 0.0207, 0.0192, 0.7222, 0.0482, 0.0744, 0.0273], [0.0433, 0.0249, 0.0649, 0.7691, 0.0327, 0.0422, 0.0228], [0.0236, 0.062, 0.074, 0.7052, 0.0761, 0.0248, 0.0342], [0.0821, 0.0145, 0.0265, 0.7463, 0.0607, 0.056, 0.0139], [0.0622, 0.0541, 0.0767, 0.5956, 0.0875, 0.0482, 0.0756], [0.0545, 0.0718, 0.0305, 0.7173, 0.0663, 0.0225, 0.0371], [0.0215, 0.0405, 0.0759, 0.6937, 0.06, 0.0466, 0.062], [0.0391, 0.0698, 0.066, 0.7092, 0.0563, 0.0241, 0.0356], [0.0634, 0.043, 0.0568, 0.6729, 0.0691, 0.0724, 0.0224], [0.0216, 0.0783, 0.0763, 0.7166, 0.0352, 0.0327, 0.0394], [0.0692, 0.0671, 0.0219, 0.7096, 0.0758, 0.0402, 0.0162], [0.0337, 0.0613, 0.0865, 0.651, 0.0652, 0.0416, 0.0608], [0.0808, 0.0738, 0.0688, 0.6016, 0.074, 0.0602, 0.0407], [0.0163, 0.017, 0.0624, 0.7699, 0.0582, 0.0562, 0.0199], [0.0384, 0.0485, 0.0711, 0.6684, 0.0668, 0.0546, 0.0521], [0.0376, 0.0543, 0.081, 0.6451, 0.0753, 0.0538, 0.0529], [0.0545, 0.0217, 0.0528, 0.7093, 0.0476, 0.0562, 0.058], [0.0952, 0.0891, 0.0543, 0.6003, 0.0258, 0.0712, 0.064], [0.0469, 0.0549, 0.0177, 0.7297, 0.0446, 0.0653, 0.0409], [0.02, 0.0192, 0.0661, 0.7216, 0.0618, 0.0599, 0.0515], [0.0173, 0.0217, 0.0705, 0.753, 0.026, 0.0608, 0.0507], [0.0584, 0.0442, 0.0319, 0.7739, 0.0254, 0.05, 0.0162], [0.066, 0.0316, 0.0542, 0.6875, 0.0497, 0.0629, 0.048], [0.014, 0.0546, 0.0494, 0.6693, 0.0861, 0.0654, 0.0612], [0.0715, 0.0207, 0.0347, 0.7282, 0.0802, 0.0192, 0.0454], [0.0691, 0.0205, 0.0528, 0.7088, 0.053, 0.0438, 0.052], [0.0649, 0.0801, 0.0833, 0.6719, 0.0305, 0.0473, 0.0219], [0.028, 0.0767, 0.0284, 0.7667, 0.0309, 0.0383, 0.0309], [0.0882, 0.0736, 0.0215, 0.6615, 0.0361, 0.0568, 0.0623]], "emotions": ["green", "green", "green", "green", "green", "green", "green", "green", "green", "green", "green", "green", "green", "green", "green", "green", "green", "green", "green", "green", "green", "green", "green", "green", "green", "green", "green", "green", "green", "green", "green", "green", "green", "green", "green", "green", "green", "green", "green", "green", "green", "green", "green", "green", "green", "green", "green", "green", "green", "green", "green", "green", "green", "green", "green", "green", "green", "green", "green", "green", "green", "green", "green", "green", "green", "green", "green", "green", "green", "green", "green", "green", "green", "green", "green", "green", "green", "green", "green", "green"], "timestamps": [0, 40, 80, 120, 160, 200, 240, 280, 320, 360, 400, 440, 480, 520, 560, 600, 640, 680, 720, 760, 800, 840, 880, 920, 960, 1000, 1040, 1080, 1120, 1160, 1200, 1240, 1280, 1320, 1360, 1400, 1440, 1480, 1520, 1560, 1600, 1640, 1680, 1720, 1760, 1800, 1840, 1880, 1920, 1960, 2000, 2040, 2080, 2120, 2160, 2200, 2240, 2280, 2320, 2360, 2400, 2440, 2480, 2520, 2560, 2600, 2640, 2680, 2720, 2760, 2800, 2840, 2880, 2920, 2960, 3000, 3040, 3080, 3120, 3160]}], "conversation": [], "conversation_timestamps": []}