{"agent_id": "agent-orange-618", "type": "orange", "trips": [{"trip_id": 0, "transport_method": "foot", "start_time": 0, "path": [[1.5357949, 42.5103319], [1.5357252, 42.5102291], [1.535185, 42.5106331], [1.534492, 42.5106006], [1.5337582, 42.5102179], [1.5331465, 42.5106563], [1.5326366, 42.5113057], [1.5320098, 42.5118429], [1.5312926, 42.5122525], [1.5305418, 42.5126005], [1.5297859, 42.5129372], [1.5290253, 42.5132633], [1.5282701, 42.5136018], [1.5275149, 42.5139402], [1.5267708, 42.5143023], [1.5260536, 42.5147128], [1.5254242, 42.5152478], [1.5248783, 42.5158686], [1.5244967, 42.5166017], [1.5242117, 42.5173779], [1.5240739, 42.5181926], [1.5239405, 42.5190086], [1.5238353, 42.5198294], [1.5235726, 42.5206082], [1.5231871, 42.521337], [1.5225293, 42.5218332], [1.521956, 42.5224169], [1.5216628, 42.5231873], [1.5211468, 42.5238323], [1.5207055, 42.5245293], [1.5206115, 42.5253462], [1.5205564, 42.5261703], [1.5201251, 42.5268658], [1.5200336, 42.5276337], [1.5205192, 42.5283028], [1.5206446, 42.5291065], [1.5202426, 42.5298219], [1.5197273, 42.5302639], [1.5197865, 42.5310696], [1.5195653, 42.5318323], [1.5197138, 42.5326343], [1.5195859, 42.5334299], [1.519655, 42.5341897], [1.520242, 42.5347728], [1.5208551, 42.5353279], [1.5213649, 42.5357513], [1.5214291, 42.5360039], [1.5208905, 42.536626], [1.5204506, 42.5372909], [1.5202362, 42.5380839], [1.5200325, 42.5388861], [1.5199285, 42.5396988], [1.5201171, 42.5404984], [1.5197459, 42.5411666], [1.5190447, 42.541605], [1.5183638, 42.5420753], [1.5178438, 42.5427173], [1.5174385, 42.5434353], [1.5170221, 42.5441329], [1.5173549, 42.5445071], [1.5181734, 42.5445271], [1.518583, 42.5450947], [1.5193736, 42.5453307], [1.520046, 42.5457009], [1.5207406, 42.5461405], [1.5213051, 42.5467133], [1.5216622, 42.5474448], [1.5220796, 42.5481432], [1.5227048, 42.5486853], [1.5230825, 42.5493283], [1.5234541, 42.5500427], [1.5238869, 42.5507439], [1.5243454, 42.5514328], [1.5247874, 42.5521322], [1.5247856, 42.5529468], [1.5253909, 42.5534839], [1.5260586, 42.5539729], [1.5264733, 42.5545913], [1.5263239, 42.5552491], [1.5255386, 42.5554849]], "mood_vectors": [[0.0445, 0.0304, 0.0429, 0.0678, 0.7584, 0.0139, 0.0421], [0.0604, 0.0695, 0.0665, 0.0168, 0.6933, 0.0487, 0.0447], [0.0272, 0.0212, 0.0756, 0.0378, 0.7414, 0.0729, 0.024], [0.0132, 0.0256, 0.0566, 0.0389, 0.7611, 0.0442, 0.0604], [0.0551, 0.0533, 0.0119, 0.0549, 0.7348, 0.0466, 0.0434], [0.0496, 0.0423, 0.0406, 0.0665, 0.683, 0.056, 0.0619], [0.0719, 0.054, 0.0134, 0.0803, 0.7065, 0.0521, 0.0219], [0.0329, 0.0178, 0.0411, 0.0326, 0.7101, 0.0908, 0.0747], [0.0261, 0.0615, 0.0904, 0.0145, 0.6998, 0.0829, 0.0248], [0.0227, 0.0563, 0.0199, 0.0702, 0.698, 0.0686, 0.0643], [0.0171, 0.0868, 0.0856, 0.0561, 0.7166, 0.0214, 0.0163], [0.0875, 0.0231, 0.029, 0.0529, 0.7668, 0.021, 0.0197], [0.0498, 0.0389, 0.093, 0.0907, 0.6238, 0.0618, 0.042], [0.0699, 0.0155, 0.0277, 0.055, 0.7388, 0.0453, 0.0478], [0.0893, 0.0914, 0.039, 0.0237, 0.6393, 0.0791, 0.0381], [0.0324, 0.0627, 0.0411, 0.0811, 0.711, 0.0567, 0.0151], [0.062, 0.0668, 0.0236, 0.0707, 0.7193, 0.0307, 0.0268], [0.0872, 0.061, 0.0163, 0.0511, 0.6296, 0.0633, 0.0914], [0.0378, 0.0591, 0.0269, 0.0719, 0.7214, 0.0211, 0.0618], [0.0606, 0.0201, 0.0232, 0.077, 0.7286, 0.0296, 0.061], [0.0902, 0.0318, 0.0245, 0.0535, 0.6964, 0.0414, 0.0623], [0.0138, 0.0261, 0.0739, 0.0634, 0.691, 0.0632, 0.0687], [0.0298, 0.0828, 0.0845, 0.0493, 0.6555, 0.0143, 0.0837], [0.0234, 0.0619, 0.0541, 0.0301, 0.7646, 0.0192, 0.0467], [0.0173, 0.0153, 0.0166, 0.0656, 0.8148, 0.0422, 0.0282], [0.0253, 0.0348, 0.0254, 0.0642, 0.7533, 0.0612, 0.0359], [0.0189, 0.0278, 0.0439, 0.0605, 0.7706, 0.0429, 0.0355], [0.0567, 0.0331, 0.0509, 0.0407, 0.7276, 0.0668, 0.0243], [0.0635, 0.0574, 0.0164, 0.0254, 0.793, 0.0282, 0.0161], [0.0786, 0.0765, 0.034, 0.0768, 0.6489, 0.0418, 0.0433], [0.0118, 0.0167, 0.0198, 0.0397, 0.7662, 0.0712, 0.0747], [0.0142, 0.0767, 0.0378, 0.0548, 0.7559, 0.0289, 0.0318], [0.0474, 0.0833, 0.05, 0.0592, 0.6674, 0.0338, 0.0589], [0.0687, 0.0595, 0.0545, 0.0156, 0.724, 0.0296, 0.048], [0.072, 0.0234, 0.0275, 0.0713, 0.6777, 0.0511, 0.0769], [0.0476, 0.0629, 0.0423, 0.0416, 0.6812, 0.0706, 0.0538], [0.0301, 0.0158, 0.0586, 0.0255, 0.7497, 0.0759, 0.0444], [0.0463, 0.0275, 0.0281, 0.0147, 0.7674, 0.0721, 0.0441], [0.0162, 0.0821, 0.0239, 0.0352, 0.7157, 0.0327, 0.0941], [0.0591, 0.0524, 0.0173, 0.0706, 0.6986, 0.0552, 0.0469], [0.0752, 0.071, 0.0545, 0.0538, 0.6642, 0.0162, 0.0651], [0.0509, 0.0375, 0.0801, 0.031, 0.6222, 0.0923, 0.086], [0.0866, 0.0311, 0.0469, 0.0431, 0.7296, 0.0255, 0.0373], [0.0814, 0.0154, 0.0556, 0.0351, 0.7533, 0.0185, 0.0407], [0.0358, 0.0303, 0.0127, 0.0499, 0.7775, 0.0631, 0.0307], [0.0598, 0.0154, 0.0359, 0.022, 0.8113, 0.0384, 0.0173], [0.0259, 0.077, 0.0826, 0.0359, 0.6576, 0.0418, 0.0792], [0.0619, 0.062, 0.0266, 0.0313, 0.7082, 0.0304, 0.0797], [0.0453, 0.0625, 0.0292, 0.0505, 0.7256, 0.0381, 0.0487], [0.0693, 0.0209, 0.0448, 0.0534, 0.7513, 0.0266, 0.0337], [0.0175, 0.0493, 0.0596, 0.0261, 0.7493, 0.049, 0.0492], [0.0756, 0.0609, 0.0744, 0.0392, 0.7078, 0.0256, 0.0164], [0.0726, 0.0737, 0.0729, 0.0576, 0.588, 0.0743, 0.0609], [0.0234, 0.0732, 0.0449, 0.0872, 0.6942, 0.0153, 0.0618], [0.0182, 0.028, 0.0483, 0.0622, 0.7928, 0.0168, 0.0338], [0.0439, 0.0672, 0.0539, 0.0617, 0.6772, 0.0538, 0.0423], [0.0135, 0.0357, 0.0385, 0.043, 0.7636, 0.0521, 0.0538], [0.0813, 0.0705, 0.0433, 0.018, 0.6877, 0.0595, 0.0397], [0.0359, 0.054, 0.033, 0.0165, 0.7656, 0.0313, 0.0638], [0.0677, 0.0316, 0.0547, 0.0546, 0.7131, 0.028, 0.0504], [0.0271, 0.0718, 0.0382, 0.0487, 0.724, 0.0324, 0.0578], [0.0622, 0.0582, 0.0207, 0.0467, 0.7784, 0.0166, 0.0172], [0.0276, 0.0731, 0.0391, 0.0599, 0.7408, 0.0433, 0.0163], [0.0263, 0.0337, 0.0212, 0.0857, 0.7232, 0.0808, 0.0291], [0.0374, 0.0507, 0.0614, 0.0238, 0.7616, 0.0242, 0.0408], [0.0762, 0.0174, 0.0154, 0.0684, 0.7206, 0.016, 0.086], [0.0509, 0.026, 0.0284, 0.0324, 0.7548, 0.0294, 0.078], [0.0234, 0.073, 0.0418, 0.0635, 0.6851, 0.0388, 0.0743], [0.013, 0.0353, 0.0519, 0.0639, 0.7617, 0.051, 0.0233], [0.064, 0.0674, 0.0493, 0.0385, 0.6713, 0.0342, 0.0754], [0.0279, 0.0188, 0.0411, 0.0463, 0.728, 0.0645, 0.0734], [0.0542, 0.082, 0.0439, 0.0496, 0.6367, 0.0574, 0.0763], [0.0464, 0.0245, 0.0465, 0.0252, 0.7607, 0.0456, 0.0512], [0.0163, 0.053, 0.0215, 0.0555, 0.7188, 0.0667, 0.0683], [0.0147, 0.0601, 0.0286, 0.0522, 0.7864, 0.0312, 0.0269], [0.0227, 0.0487, 0.0242, 0.0563, 0.7781, 0.0457, 0.0244], [0.0188, 0.0193, 0.0208, 0.0542, 0.7765, 0.0335, 0.077], [0.0206, 0.0356, 0.0312, 0.042, 0.7737, 0.0603, 0.0367], [0.0441, 0.0326, 0.0763, 0.0205, 0.7439, 0.0506, 0.032], [0.0448, 0.048, 0.024, 0.0386, 0.726, 0.0212, 0.0974]], "emotions": ["red", "red", "red", "red", "red", "red", "red", "red", "red", "red", "red", "red", "red", "red", "red", "red", "red", "red", "red", "red", "red", "red", "red", "red", "red", "red", "red", "red", "red", "red", "red", "red", "red", "red", "red", "red", "red", "red", "red", "red", "red", "red", "red", "red", "red", "red", "red", "red", "red", "red", "red", "red", "red", "red", "red", "red", "red", "red", "red", "red", "red", "red", "red", "red", "red", "red", "red", "red", "red", "red", "red", "red", "red", "red", "red", "red", "red", "red", "red", "red"], "timestamps": [0, 40, 80, 120, 160, 200, 240, 280, 320, 360, 400, 440, 480, 520, 560, 600, 640, 680, 720, 760, 800, 840, 880, 920, 960, 1000, 1040, 1080, 1120, 1160, 1200, 1240, 1280, 1320, 1360, 1400, 1440, 1480, 1520, 1560, 1600, 1640, 1680, 1720, 1760, 1800, 1840, 1880, 1920, 1960, 2000, 2040, 2080, 2120, 2160, 2200, 2240, 2280, 2320, 2360, 2400, 2440, 2480, 2520, 2560, 2600, 2640, 2680, 2720, 2760, 2800, 2840, 2880, 2920, 2960, 3000, 3040, 3080, 3120, 3160]}], "conversation": [], "conversation_timestamps": []}