{"agent_id": "agent-green-1417", "type": "green", "trips": [{"trip_id": 0, "transport_method": "foot", "start_time": 0, "path": [[1.5358824, 42.5126839], [1.535194, 42.5128039], [1.53455, 42.5130749], [1.5340754, 42.5134432], [1.5335123, 42.5137921], [1.5328448, 42.5139892], [1.5322656, 42.5143765], [1.5317678, 42.5148517], [1.5312299, 42.5152981], [1.5310185, 42.5154533], [1.5304496, 42.5158576], [1.5298393, 42.5161745], [1.5292511, 42.5165526], [1.5286049, 42.5166478], [1.5280199, 42.5168399], [1.5273849, 42.5171325], [1.5267457, 42.5174159], [1.5261103, 42.5177035], [1.5255851, 42.5181637], [1.525039, 42.5185998], [1.5244808, 42.5190211], [1.5239933, 42.5194995], [1.5238484, 42.5201822], [1.5235163, 42.5207972], [1.5231424, 42.5213852], [1.5225825, 42.5218009], [1.5220607, 42.5222582], [1.5217841, 42.5228932], [1.5214385, 42.5234935], [1.5209938, 42.5240325], [1.5206677, 42.5246471], [1.5206116, 42.5253417], [1.5205803, 42.52604], [1.5202929, 42.5266659], [1.5199563, 42.5272622], [1.5202196, 42.5278815], [1.5205889, 42.5284702], [1.5206298, 42.5291577], [1.5202904, 42.5297641], [1.5197088, 42.5301213], [1.5198246, 42.5307417], [1.5196265, 42.531399], [1.5195697, 42.5320715], [1.5197295, 42.5327443], [1.5195934, 42.5334144], [1.5195667, 42.5340747], [1.520046, 42.5345817], [1.520548, 42.5350685], [1.5210855, 42.5355157], [1.521083, 42.5360075], [1.5205278, 42.5364276], [1.5201353, 42.537004], [1.5198559, 42.5376432], [1.5195941, 42.5382914], [1.5194916, 42.5389796], [1.5193405, 42.5396576], [1.5193489, 42.5403145], [1.519315, 42.5409744], [1.5188034, 42.5413747], [1.5181676, 42.5416658], [1.5183467, 42.5415944], [1.5189894, 42.5413188], [1.5186791, 42.5414389], [1.5180471, 42.5417381], [1.517549, 42.5422023], [1.5172093, 42.5428125], [1.5168137, 42.5433741], [1.5162866, 42.5438292], [1.5157842, 42.5443148], [1.515332, 42.5448404], [1.5150402, 42.5454701], [1.5146733, 42.5459865], [1.5141028, 42.5463579], [1.5137084, 42.5469226], [1.5134254, 42.5475381], [1.5134776, 42.5481243], [1.5141287, 42.5479379], [1.5148188, 42.5479294], [1.5149461, 42.5480269], [1.5152278, 42.5479104]], "mood_vectors": [[0.0232, 0.0183, 0.0572, 0.0688, 0.059, 0.0899, 0.6836], [0.0579, 0.0806, 0.0532, 0.0693, 0.0759, 0.0744, 0.5887], [0.061, 0.0565, 0.0486, 0.0659, 0.0547, 0.0733, 0.6399], [0.0851, 0.0808, 0.0623, 0.0756, 0.0505, 0.0701, 0.5756], [0.0195, 0.0695, 0.0711, 0.0203, 0.0552, 0.0705, 0.6938], [0.0509, 0.0581, 0.0244, 0.0933, 0.0247, 0.0938, 0.6548], [0.0655, 0.0462, 0.0383, 0.0556, 0.0434, 0.0293, 0.7217], [0.0628, 0.0353, 0.0677, 0.0773, 0.0152, 0.02, 0.7217], [0.0182, 0.0828, 0.0581, 0.0312, 0.0602, 0.0393, 0.7101], [0.0808, 0.0657, 0.0267, 0.0124, 0.0145, 0.0204, 0.7794], [0.0696, 0.0358, 0.0452, 0.0487, 0.0469, 0.0184, 0.7355], [0.061, 0.0634, 0.078, 0.0341, 0.0806, 0.085, 0.5979], [0.0443, 0.0717, 0.0489, 0.0342, 0.0317, 0.0464, 0.7227], [0.0684, 0.0377, 0.0159, 0.0692, 0.07, 0.069, 0.6699], [0.0552, 0.0723, 0.0384, 0.06, 0.0461, 0.0848, 0.6432], [0.0441, 0.0225, 0.0675, 0.0725, 0.0719, 0.0722, 0.6493], [0.0362, 0.0554, 0.0457, 0.0472, 0.0936, 0.0572, 0.6646], [0.0433, 0.0187, 0.085, 0.0428, 0.0547, 0.0373, 0.7182], [0.0204, 0.0245, 0.0383, 0.0838, 0.0565, 0.0837, 0.6928], [0.0341, 0.0698, 0.0366, 0.023, 0.0667, 0.0591, 0.7108], [0.0677, 0.0185, 0.067, 0.0692, 0.0898, 0.0419, 0.6459], [0.0665, 0.0352, 0.0397, 0.0157, 0.0745, 0.0234, 0.745], [0.0512, 0.0282, 0.0397, 0.0234, 0.053, 0.0717, 0.7329], [0.0234, 0.098, 0.0633, 0.0561, 0.029, 0.0918, 0.6385], [0.0295, 0.0602, 0.0964, 0.0582, 0.0679, 0.0644, 0.6235], [0.0341, 0.0786, 0.0304, 0.0236, 0.0707, 0.0815, 0.681], [0.0542, 0.0491, 0.063, 0.0232, 0.066, 0.0182, 0.7264], [0.0413, 0.056, 0.061, 0.0248, 0.0339, 0.0727, 0.7103], [0.0635, 0.0719, 0.0453, 0.0561, 0.0602, 0.028, 0.675], [0.034, 0.0492, 0.0198, 0.0349, 0.0266, 0.0125, 0.8231], [0.019, 0.0413, 0.0812, 0.0601, 0.045, 0.0751, 0.6783], [0.0771, 0.0607, 0.0598, 0.0778, 0.0739, 0.0744, 0.5764], [0.0455, 0.0523, 0.0488, 0.0951, 0.0155, 0.0828, 0.66], [0.0426, 0.0738, 0.0833, 0.0833, 0.0668, 0.0621, 0.588], [0.0814, 0.0794, 0.0865, 0.0248, 0.0658, 0.0857, 0.5762], [0.0485, 0.017, 0.0472, 0.0467, 0.0663, 0.037, 0.7373], [0.0426, 0.0146, 0.077, 0.0588, 0.0175, 0.0807, 0.7088], [0.0615, 0.0174, 0.06, 0.081, 0.0408, 0.0169, 0.7226], [0.066, 0.0562, 0.0148, 0.0136, 0.028, 0.0726, 0.7488], [0.0888, 0.0578, 0.032, 0.0177, 0.0527, 0.0567, 0.6943], [0.0264, 0.0683, 0.021, 0.0287, 0.0335, 0.0634, 0.7587], [0.012, 0.0442, 0.0477, 0.015, 0.0583, 0.0646, 0.7583], [0.059, 0.0658, 0.0592, 0.0669, 0.023, 0.0482, 0.6779], [0.0233, 0.0157, 0.0712, 0.0151, 0.0319, 0.0497, 0.7932], [0.0386, 0.0593, 0.0428, 0.0468, 0.0605, 0.0263, 0.7257], [0.0495, 0.0315, 0.044, 0.0387, 0.0298, 0.0759, 0.7306], [0.0783, 0.0276, 0.0522, 0.0565, 0.0282, 0.0764, 0.6808], [0.0212, 0.0737, 0.0271, 0.0501, 0.0851, 0.0522, 0.6907], [0.05, 0.0916, 0.0411, 0.0855, 0.0548, 0.0348, 0.6422], [0.0633, 0.0121, 0.033, 0.0192, 0.0179, 0.0757, 0.7789], [0.0723, 0.0585, 0.0706, 0.0455, 0.0708, 0.0573, 0.6251], [0.0734, 0.0452, 0.0534, 0.0614, 0.0617, 0.083, 0.6217], [0.0984, 0.0213, 0.1026, 0.027, 0.0254, 0.0357, 0.6897], [0.0364, 0.0376, 0.0444, 0.0587, 0.0585, 0.0775, 0.6868], [0.0417, 0.041, 0.0803, 0.0907, 0.0166, 0.0525, 0.6772], [0.0504, 0.0166, 0.0243, 0.0581, 0.0182, 0.0852, 0.7472], [0.0158, 0.0738, 0.0506, 0.0558, 0.0482, 0.0135, 0.7422], [0.0721, 0.0156, 0.0426, 0.0779, 0.0499, 0.0479, 0.6941], [0.0428, 0.0255, 0.0668, 0.048, 0.0249, 0.0542, 0.7378], [0.0196, 0.0585, 0.0672, 0.0624, 0.0205, 0.0633, 0.7085], [0.0192, 0.0466, 0.1045, 0.0235, 0.049, 0.0414, 0.7159], [0.0259, 0.0679, 0.0418, 0.0555, 0.0792, 0.0632, 0.6665], [0.0421, 0.0591, 0.0768, 0.0855, 0.0241, 0.0409, 0.6716], [0.0304, 0.0133, 0.0147, 0.0707, 0.034, 0.0821, 0.7548], [0.084, 0.0464, 0.0783, 0.0659, 0.086, 0.0249, 0.6146], [0.0553, 0.069, 0.0295, 0.0199, 0.0684, 0.0583, 0.6997], [0.0788, 0.0782, 0.0507, 0.0751, 0.0652, 0.0793, 0.5727], [0.0672, 0.0747, 0.0616, 0.0555, 0.0562, 0.0331, 0.6517], [0.0743, 0.0617, 0.0215, 0.0222, 0.0473, 0.0308, 0.7423], [0.0287, 0.0343, 0.0277, 0.0544, 0.0479, 0.0387, 0.7684], [0.0652, 0.0379, 0.091, 0.0146, 0.0285, 0.0598, 0.7029], [0.0431, 0.0969, 0.0582, 0.0389, 0.038, 0.0352, 0.6898], [0.0386, 0.0457, 0.025, 0.0139, 0.0769, 0.0522, 0.7476], [0.0218, 0.0639, 0.0383, 0.0226, 0.0376, 0.066, 0.7497], [0.0326, 0.087, 0.0506, 0.0177, 0.0323, 0.0567, 0.7232], [0.0553, 0.0802, 0.0728, 0.025, 0.0761, 0.0801, 0.6105], [0.0658, 0.0175, 0.0527, 0.0512, 0.0606, 0.0772, 0.675], [0.0647, 0.0486, 0.0841, 0.0634, 0.058, 0.0333, 0.6479], [0.0748, 0.0476, 0.0463, 0.074, 0.0604, 0.0414, 0.6555], [0.0412, 0.0879, 0.0271, 0.0765, 0.0736, 0.0291, 0.6647]], "emotions": ["purple", "purple", "purple", "purple", "purple", "purple", "purple", "purple", "purple", "purple", "purple", "purple", "purple", "purple", "purple", "purple", "purple", "purple", "purple", "purple", "purple", "purple", "purple", "purple", "purple", "purple", "purple", "purple", "purple", "purple", "purple", "purple", "purple", "purple", "purple", "purple", "purple", "purple", "purple", "purple", "purple", "purple", "purple", "purple", "purple", "purple", "purple", "purple", "purple", "purple", "purple", "purple", "purple", "purple", "purple", "purple", "purple", "purple", "purple", "purple", "purple", "purple", "purple", "purple", "purple", "purple", "purple", "purple", "purple", "purple", "purple", "purple", "purple", "purple", "purple", "purple", "purple", "purple", "purple", "purple"], "timestamps": [0, 40, 80, 120, 160, 200, 240, 280, 320, 360, 400, 440, 480, 520, 560, 600, 640, 680, 720, 760, 800, 840, 880, 920, 960, 1000, 1040, 1080, 1120, 1160, 1200, 1240, 1280, 1320, 1360, 1400, 1440, 1480, 1520, 1560, 1600, 1640, 1680, 1720, 1760, 1800, 1840, 1880, 1920, 1960, 2000, 2040, 2080, 2120, 2160, 2200, 2240, 2280, 2320, 2360, 2400, 2440, 2480, 2520, 2560, 2600, 2640, 2680, 2720, 2760, 2800, 2840, 2880, 2920, 2960, 3000, 3040, 3080, 3120, 3160]}], "conversation": [], "conversation_timestamps": []}