{"agent_id": "agent-purple-504", "type": "purple", "trips": [{"trip_id": 0, "transport_method": "car", "start_time": 0, "path": [[1.5209845, 42.5060803], [1.5227803, 42.5047459], [1.5255293, 42.5052146], [1.5274843, 42.5053378], [1.530241, 42.5056171], [1.5326175, 42.5066324], [1.534213, 42.5069863], [1.536785, 42.5077724], [1.5394844, 42.5082843], [1.5420303, 42.5088862], [1.5440092, 42.5092297], [1.5456137, 42.509463], [1.5466477, 42.5109759], [1.5493279, 42.5117248], [1.5504274, 42.5121662], [1.5512662, 42.5127561], [1.552728, 42.5141143], [1.5536329, 42.5166741], [1.5557733, 42.5182475], [1.557612, 42.5202793], [1.5597589, 42.5220408], [1.5610685, 42.5229513], [1.5631883, 42.5247092], [1.5657876, 42.5256281], [1.5680888, 42.527193], [1.5704632, 42.5286336], [1.5728772, 42.5295045], [1.574718, 42.5312198], [1.5774504, 42.5317466], [1.5775123, 42.5317436], [1.5803047, 42.5317451], [1.5830791, 42.5318391], [1.5852964, 42.5334937], [1.5876794, 42.5349132], [1.5893885, 42.5369684], [1.5917279, 42.5383819], [1.5923925, 42.5410066], [1.5917142, 42.5435191], [1.5914771, 42.5461772], [1.592322, 42.5478612], [1.5918601, 42.5504963], [1.5911269, 42.5527173], [1.5908235, 42.5531134], [1.5914525, 42.5551897], [1.5920864, 42.5576079], [1.5936577, 42.5594554], [1.5937364, 42.560681], [1.5945142, 42.5628523], [1.5964472, 42.5644898], [1.5939557, 42.5633472], [1.594436, 42.5627125], [1.5966825, 42.5643712], [1.5989994, 42.5653088], [1.6012139, 42.5668009], [1.60343, 42.5682889], [1.6050894, 42.5701367], [1.6076612, 42.5710686], [1.610378, 42.5714175], [1.6130373, 42.5720279], [1.6157308, 42.5727114], [1.6182109, 42.5735733], [1.6207899, 42.5744721], [1.6231388, 42.5758791], [1.6256467, 42.5769551], [1.6280673, 42.5776809], [1.6306906, 42.5785475], [1.6334484, 42.5781593], [1.6359818, 42.5779072], [1.6387447, 42.5781802], [1.6415177, 42.5781459], [1.6442642, 42.5776756], [1.6470072, 42.5773031], [1.6493576, 42.5760007], [1.6518874, 42.5750327], [1.6545056, 42.575097], [1.6572395, 42.5755506], [1.6596904, 42.5763293], [1.6624517, 42.5762511], [1.6652347, 42.5760697], [1.6663851, 42.5771822]], "mood_vectors": [[0.0729, 0.0608, 0.056, 0.0161, 0.0849, 0.6304, 0.079], [0.0271, 0.0391, 0.0733, 0.0176, 0.0698, 0.6869, 0.0863], [0.0629, 0.0432, 0.0422, 0.0572, 0.0155, 0.7052, 0.0738], [0.0117, 0.061, 0.0445, 0.0535, 0.0746, 0.7293, 0.0254], [0.051, 0.0443, 0.0821, 0.0415, 0.0318, 0.7032, 0.0462], [0.0188, 0.074, 0.0298, 0.0188, 0.0524, 0.7332, 0.0731], [0.0526, 0.0429, 0.0948, 0.0762, 0.0214, 0.6352, 0.0768], [0.0678, 0.0665, 0.0492, 0.0311, 0.0215, 0.7119, 0.052], [0.1003, 0.0807, 0.0161, 0.0631, 0.0304, 0.6874, 0.022], [0.0558, 0.0107, 0.072, 0.064, 0.0572, 0.6822, 0.0581], [0.029, 0.0762, 0.0397, 0.0256, 0.0301, 0.7558, 0.0436], [0.0549, 0.0757, 0.0137, 0.0736, 0.0121, 0.7563, 0.0138], [0.0806, 0.0695, 0.0247, 0.0432, 0.0808, 0.6559, 0.0453], [0.0384, 0.0922, 0.0569, 0.0835, 0.0247, 0.6614, 0.0429], [0.0667, 0.0293, 0.0772, 0.0271, 0.0639, 0.6955, 0.0403], [0.0478, 0.0909, 0.0737, 0.0314, 0.0883, 0.6034, 0.0645], [0.0732, 0.0721, 0.0702, 0.0414, 0.0211, 0.6812, 0.0408], [0.0132, 0.0653, 0.0503, 0.0484, 0.0745, 0.6698, 0.0784], [0.0331, 0.0206, 0.0458, 0.0331, 0.0332, 0.7588, 0.0753], [0.0127, 0.0369, 0.0533, 0.045, 0.0662, 0.7248, 0.0611], [0.0251, 0.0554, 0.0246, 0.0342, 0.0172, 0.7381, 0.1054], [0.0571, 0.0622, 0.0296, 0.0624, 0.0118, 0.757, 0.0199], [0.0834, 0.0465, 0.0315, 0.087, 0.0674, 0.5995, 0.0847], [0.0285, 0.0958, 0.0378, 0.0362, 0.0845, 0.6957, 0.0215], [0.0564, 0.0328, 0.0262, 0.0555, 0.0395, 0.7109, 0.0787], [0.0166, 0.0691, 0.0308, 0.0233, 0.0313, 0.7628, 0.066], [0.0371, 0.0371, 0.0314, 0.0643, 0.0918, 0.6857, 0.0525], [0.0571, 0.0187, 0.0193, 0.0635, 0.0333, 0.7399, 0.0682], [0.058, 0.0226, 0.0729, 0.0636, 0.0462, 0.6743, 0.0624], [0.0362, 0.0825, 0.0135, 0.0151, 0.0717, 0.7605, 0.0205], [0.029, 0.0696, 0.0456, 0.0656, 0.0822, 0.6597, 0.0482], [0.0889, 0.0816, 0.0886, 0.0171, 0.0568, 0.6197, 0.0473], [0.027, 0.0675, 0.0803, 0.0774, 0.0419, 0.6706, 0.0353], [0.0535, 0.0434, 0.0126, 0.0527, 0.0217, 0.7428, 0.0732], [0.072, 0.0413, 0.0496, 0.0924, 0.0593, 0.6446, 0.0409], [0.0537, 0.0152, 0.06, 0.0809, 0.0681, 0.687, 0.0351], [0.0787, 0.0357, 0.0197, 0.045, 0.0715, 0.7219, 0.0275], [0.0808, 0.0841, 0.0863, 0.0391, 0.079, 0.5829, 0.0478], [0.02, 0.041, 0.0498, 0.0735, 0.0598, 0.6696, 0.0863], [0.0531, 0.0441, 0.039, 0.0628, 0.052, 0.6745, 0.0745], [0.0525, 0.0325, 0.0905, 0.0955, 0.0263, 0.6582, 0.0446], [0.0762, 0.0523, 0.012, 0.0515, 0.057, 0.6761, 0.0748], [0.0406, 0.0363, 0.0294, 0.0115, 0.0389, 0.7889, 0.0544], [0.0212, 0.0711, 0.0764, 0.0536, 0.0688, 0.6933, 0.0156], [0.0138, 0.0336, 0.0225, 0.0439, 0.0711, 0.7425, 0.0725], [0.0619, 0.0576, 0.0132, 0.0653, 0.0652, 0.6953, 0.0415], [0.0168, 0.0427, 0.0253, 0.0281, 0.0658, 0.8002, 0.0212], [0.0738, 0.018, 0.0582, 0.0237, 0.0665, 0.7273, 0.0325], [0.0237, 0.0445, 0.0304, 0.0773, 0.0411, 0.7351, 0.0479], [0.0786, 0.0314, 0.067, 0.0639, 0.0147, 0.6998, 0.0445], [0.0299, 0.022, 0.0155, 0.0765, 0.0263, 0.75, 0.0799], [0.0596, 0.0129, 0.0189, 0.0465, 0.0519, 0.7321, 0.0781], [0.0395, 0.0582, 0.0234, 0.0173, 0.0436, 0.7223, 0.0956], [0.0772, 0.0243, 0.0473, 0.045, 0.0447, 0.7042, 0.0574], [0.0256, 0.0233, 0.0128, 0.0663, 0.0187, 0.7994, 0.0539], [0.0471, 0.0306, 0.0276, 0.0514, 0.0674, 0.7058, 0.0701], [0.0689, 0.0157, 0.0564, 0.0748, 0.0702, 0.6609, 0.0531], [0.081, 0.0133, 0.0258, 0.0657, 0.018, 0.7811, 0.0151], [0.0318, 0.0666, 0.0248, 0.0731, 0.04, 0.704, 0.0597], [0.0389, 0.0363, 0.0497, 0.0789, 0.0212, 0.7483, 0.0269], [0.0593, 0.0183, 0.043, 0.0352, 0.0782, 0.7356, 0.0305], [0.0161, 0.0391, 0.0425, 0.0905, 0.0424, 0.7384, 0.031], [0.0763, 0.0513, 0.0218, 0.0861, 0.0325, 0.6772, 0.0549], [0.0629, 0.0595, 0.0774, 0.0712, 0.0272, 0.6288, 0.073], [0.0314, 0.0643, 0.0718, 0.0642, 0.0275, 0.6862, 0.0546], [0.0534, 0.0138, 0.0266, 0.0246, 0.0717, 0.7653, 0.0445], [0.0551, 0.0494, 0.0182, 0.0735, 0.0579, 0.6834, 0.0625], [0.0703, 0.0286, 0.0591, 0.0743, 0.0867, 0.6052, 0.0758], [0.0145, 0.0197, 0.0887, 0.0252, 0.0306, 0.7925, 0.0289], [0.0185, 0.0691, 0.0595, 0.0493, 0.0715, 0.6795, 0.0526], [0.0946, 0.0261, 0.0147, 0.0505, 0.0442, 0.7426, 0.0273], [0.0616, 0.0147, 0.0785, 0.0244, 0.0726, 0.7219, 0.0262], [0.0838, 0.0636, 0.0407, 0.0661, 0.0879, 0.6419, 0.0161], [0.0303, 0.0245, 0.0714, 0.048, 0.0185, 0.7908, 0.0164], [0.0494, 0.0537, 0.0141, 0.0591, 0.0589, 0.698, 0.0667], [0.0442, 0.0618, 0.0281, 0.0542, 0.043, 0.7323, 0.0365], [0.0838, 0.058, 0.026, 0.0858, 0.0772, 0.6561, 0.0131], [0.037, 0.0676, 0.0563, 0.0292, 0.0186, 0.7628, 0.0285], [0.0511, 0.0492, 0.0395, 0.0565, 0.0477, 0.6811, 0.0749], [0.0789, 0.078, 0.0674, 0.0677, 0.0813, 0.5575, 0.0692]], "emotions": ["purple", "purple", "purple", "purple", "purple", "purple", "purple", "purple", "purple", "purple", "purple", "purple", "purple", "purple", "purple", "purple", "purple", "purple", "purple", "purple", "purple", "purple", "purple", "purple", "purple", "purple", "purple", "purple", "purple", "purple", "purple", "purple", "purple", "purple", "purple", "purple", "purple", "purple", "purple", "purple", "purple", "purple", "purple", "purple", "purple", "purple", "purple", "purple", "purple", "purple", "purple", "purple", "purple", "purple", "purple", "purple", "purple", "purple", "purple", "purple", "purple", "purple", "purple", "purple", "purple", "purple", "purple", "purple", "purple", "purple", "purple", "purple", "purple", "purple", "purple", "purple", "purple", "purple", "purple", "purple"], "timestamps": [0, 40, 80, 120, 160, 200, 240, 280, 320, 360, 400, 440, 480, 520, 560, 600, 640, 680, 720, 760, 800, 840, 880, 920, 960, 1000, 1040, 1080, 1120, 1160, 1200, 1240, 1280, 1320, 1360, 1400, 1440, 1480, 1520, 1560, 1600, 1640, 1680, 1720, 1760, 1800, 1840, 1880, 1920, 1960, 2000, 2040, 2080, 2120, 2160, 2200, 2240, 2280, 2320, 2360, 2400, 2440, 2480, 2520, 2560, 2600, 2640, 2680, 2720, 2760, 2800, 2840, 2880, 2920, 2960, 3000, 3040, 3080, 3120, 3160]}], "conversation": [], "conversation_timestamps": []}