{"agent_id": "agent-blue-1405", "type": "blue", "trips": [{"trip_id": 0, "transport_method": "bus", "start_time": 0, "path": [[1.5231013, 42.5081989], [1.52395, 42.5077749], [1.5250284, 42.5079605], [1.526086, 42.5082504], [1.5271782, 42.5083607], [1.5282191, 42.5086723], [1.5291241, 42.5088971], [1.5296305, 42.5090749], [1.530677, 42.5093417], [1.5317095, 42.5097157], [1.5327605, 42.509973], [1.5337889, 42.5098922], [1.5348863, 42.5099079], [1.5359853, 42.509941], [1.5370739, 42.5100307], [1.5381743, 42.5100497], [1.53919, 42.5102182], [1.5401392, 42.5097004], [1.5410909, 42.5092113], [1.5420981, 42.508888], [1.5424338, 42.5089066], [1.5435245, 42.5090418], [1.5445761, 42.5093114], [1.5456536, 42.5094736], [1.5456248, 42.5094678], [1.5461318, 42.5097055], [1.5463294, 42.5104759], [1.547103, 42.5111673], [1.5481691, 42.5114419], [1.5492389, 42.511702], [1.5497528, 42.5118698], [1.5500823, 42.5119861], [1.5507873, 42.5123724], [1.5516172, 42.5130785], [1.5511298, 42.512652], [1.5520293, 42.5132787], [1.5524189, 42.5135058], [1.5526979, 42.5144517], [1.5531289, 42.5154296], [1.5535359, 42.5164421], [1.5541258, 42.5173629], [1.5550421, 42.5179578], [1.555958, 42.5184292], [1.5566699, 42.5192599], [1.5573829, 42.5200401], [1.5581621, 42.5208178], [1.5589886, 42.5215447], [1.5598143, 42.5220632], [1.5597853, 42.522169], [1.5607329, 42.522714], [1.561623, 42.5233615], [1.562361, 42.5241744], [1.5632835, 42.524738], [1.5642763, 42.5251807], [1.5653362, 42.5254353], [1.5663242, 42.5259169], [1.5671964, 42.5265887], [1.5681069, 42.5272009], [1.5690442, 42.5277589], [1.5699864, 42.52832], [1.5709049, 42.5289267], [1.5717484, 42.5293367], [1.5728231, 42.5294783], [1.5734115, 42.5301225], [1.57414, 42.5309227], [1.575141, 42.5313729], [1.5762196, 42.5315928], [1.5773109, 42.5317363], [1.5784105, 42.5317906], [1.577967, 42.5317836], [1.577883, 42.5317446], [1.578984, 42.5317476], [1.580085, 42.5317506], [1.5811856, 42.5317204], [1.582286, 42.5316902], [1.583343, 42.5319603], [1.584238, 42.5325949], [1.585041, 42.5333476], [1.5859423, 42.5339489], [1.5869067, 42.5344735]], "mood_vectors": [[0.0799, 0.0259, 0.027, 0.7354, 0.0636, 0.0248, 0.0434], [0.0455, 0.043, 0.0368, 0.7244, 0.0273, 0.0642, 0.0587], [0.0458, 0.034, 0.0216, 0.7674, 0.0345, 0.0501, 0.0467], [0.0473, 0.046, 0.0418, 0.7422, 0.0595, 0.0295, 0.0337], [0.0415, 0.0694, 0.033, 0.7045, 0.0481, 0.0615, 0.0421], [0.0834, 0.0455, 0.0124, 0.7617, 0.028, 0.0339, 0.0352], [0.0757, 0.0474, 0.0502, 0.6406, 0.0596, 0.0846, 0.042], [0.0477, 0.0363, 0.052, 0.7271, 0.0516, 0.0706, 0.0146], [0.0831, 0.0293, 0.0428, 0.6876, 0.1001, 0.0324, 0.0247], [0.0455, 0.037, 0.036, 0.7732, 0.067, 0.0266, 0.0148], [0.0378, 0.092, 0.0523, 0.64, 0.0331, 0.0644, 0.0804], [0.059, 0.0813, 0.0387, 0.6312, 0.0333, 0.0825, 0.0741], [0.07, 0.0241, 0.0722, 0.6294, 0.0854, 0.0761, 0.0429], [0.0192, 0.0709, 0.0717, 0.6637, 0.0369, 0.0561, 0.0815], [0.0427, 0.0424, 0.0565, 0.7169, 0.0642, 0.0493, 0.0281], [0.0479, 0.0676, 0.0319, 0.6712, 0.0207, 0.0805, 0.0802], [0.0479, 0.0583, 0.0386, 0.7841, 0.0176, 0.0265, 0.0269], [0.0315, 0.073, 0.0429, 0.707, 0.0454, 0.0507, 0.0495], [0.0389, 0.0749, 0.0835, 0.6521, 0.0644, 0.072, 0.0142], [0.029, 0.0289, 0.0654, 0.7254, 0.027, 0.0734, 0.051], [0.0721, 0.036, 0.0152, 0.7007, 0.0491, 0.0525, 0.0745], [0.0771, 0.0242, 0.044, 0.7095, 0.0599, 0.0703, 0.015], [0.0668, 0.0109, 0.0699, 0.6987, 0.0699, 0.0172, 0.0665], [0.0692, 0.0175, 0.0431, 0.757, 0.0293, 0.0383, 0.0458], [0.0491, 0.0224, 0.0718, 0.6872, 0.079, 0.0517, 0.0388], [0.0601, 0.0262, 0.0255, 0.6601, 0.0824, 0.0536, 0.0922], [0.0351, 0.0377, 0.0126, 0.7456, 0.0411, 0.0654, 0.0625], [0.0334, 0.0455, 0.027, 0.7854, 0.0546, 0.0262, 0.028], [0.0732, 0.0365, 0.0435, 0.7339, 0.0435, 0.045, 0.0243], [0.0558, 0.1005, 0.0573, 0.6714, 0.0165, 0.0356, 0.0629], [0.0251, 0.0282, 0.0683, 0.7448, 0.0561, 0.0526, 0.0249], [0.0632, 0.0682, 0.0428, 0.7003, 0.0579, 0.0166, 0.051], [0.0369, 0.0715, 0.0511, 0.7232, 0.043, 0.0427, 0.0318], [0.0582, 0.0401, 0.0158, 0.7677, 0.0179, 0.0657, 0.0348], [0.0706, 0.0746, 0.0117, 0.6615, 0.0615, 0.0489, 0.0711], [0.018, 0.04, 0.0442, 0.8067, 0.0227, 0.0399, 0.0284], [0.0671, 0.0688, 0.0842, 0.658, 0.0491, 0.0293, 0.0436], [0.026, 0.0482, 0.0654, 0.6718, 0.0338, 0.0979, 0.0568], [0.0814, 0.0732, 0.0892, 0.5878, 0.0329, 0.0797, 0.0559], [0.0502, 0.0545, 0.0436, 0.7086, 0.0315, 0.0763, 0.0351], [0.0409, 0.0714, 0.073, 0.6559, 0.0585, 0.0589, 0.0413], [0.0406, 0.0223, 0.0482, 0.7631, 0.033, 0.0294, 0.0633], [0.016, 0.0819, 0.0655, 0.6737, 0.0191, 0.0747, 0.0691], [0.0629, 0.0275, 0.042, 0.6339, 0.0745, 0.08, 0.0792], [0.0335, 0.0532, 0.079, 0.6942, 0.08, 0.0281, 0.0322], [0.0777, 0.0593, 0.0325, 0.6657, 0.059, 0.0291, 0.0767], [0.0389, 0.0668, 0.045, 0.678, 0.0774, 0.0603, 0.0336], [0.0673, 0.0174, 0.0598, 0.7137, 0.0444, 0.0456, 0.0518], [0.081, 0.0878, 0.0399, 0.6129, 0.0169, 0.0721, 0.0893], [0.0166, 0.0606, 0.0433, 0.7401, 0.0192, 0.054, 0.0663], [0.0435, 0.0218, 0.0325, 0.722, 0.0683, 0.0977, 0.0142], [0.0248, 0.0926, 0.0725, 0.685, 0.0199, 0.0385, 0.0667], [0.0564, 0.0821, 0.0379, 0.7027, 0.052, 0.0212, 0.0476], [0.0195, 0.0419, 0.0365, 0.8065, 0.0124, 0.0201, 0.0631], [0.086, 0.0484, 0.0566, 0.6853, 0.0219, 0.0373, 0.0646], [0.0299, 0.0294, 0.0343, 0.8107, 0.0205, 0.0596, 0.0157], [0.0622, 0.0234, 0.0258, 0.6849, 0.0759, 0.0454, 0.0824], [0.0297, 0.0274, 0.0173, 0.6844, 0.0851, 0.0858, 0.0703], [0.0526, 0.0593, 0.0797, 0.6674, 0.0618, 0.0494, 0.0298], [0.0458, 0.0244, 0.0333, 0.6987, 0.0859, 0.0235, 0.0884], [0.0123, 0.0384, 0.0615, 0.6555, 0.0818, 0.0803, 0.0702], [0.013, 0.0503, 0.064, 0.7032, 0.0499, 0.0492, 0.0704], [0.0259, 0.0813, 0.0795, 0.7274, 0.0437, 0.0292, 0.013], [0.0401, 0.0323, 0.0827, 0.6592, 0.0852, 0.0706, 0.0299], [0.0377, 0.016, 0.0546, 0.7408, 0.0575, 0.0579, 0.0354], [0.0758, 0.0306, 0.0547, 0.6526, 0.0499, 0.0706, 0.0659], [0.0781, 0.015, 0.0476, 0.795, 0.0168, 0.0293, 0.0183], [0.0554, 0.0193, 0.0371, 0.7517, 0.037, 0.0791, 0.0203], [0.0612, 0.0384, 0.0509, 0.7079, 0.0841, 0.0422, 0.0153], [0.0652, 0.0314, 0.0476, 0.6967, 0.0489, 0.0801, 0.0301], [0.0282, 0.0812, 0.0574, 0.6841, 0.0211, 0.0644, 0.0635], [0.0565, 0.0806, 0.0777, 0.643, 0.0337, 0.0818, 0.0267], [0.0943, 0.0879, 0.0476, 0.6133, 0.0705, 0.022, 0.0644], [0.035, 0.0635, 0.0322, 0.7483, 0.0157, 0.0457, 0.0596], [0.0397, 0.0231, 0.0398, 0.7319, 0.0822, 0.0566, 0.0268], [0.0176, 0.0306, 0.0552, 0.7333, 0.0321, 0.0606, 0.0706], [0.0523, 0.0561, 0.0815, 0.638, 0.0886, 0.0458, 0.0378], [0.0344, 0.0433, 0.0629, 0.7213, 0.0642, 0.0383, 0.0357], [0.0668, 0.0376, 0.0432, 0.7256, 0.0402, 0.0534, 0.0331], [0.0629, 0.0483, 0.089, 0.703, 0.0371, 0.0405, 0.0192]], "emotions": ["green", "green", "green", "green", "green", "green", "green", "green", "green", "green", "green", "green", "green", "green", "green", "green", "green", "green", "green", "green", "green", "green", "green", "green", "green", "green", "green", "green", "green", "green", "green", "green", "green", "green", "green", "green", "green", "green", "green", "green", "green", "green", "green", "green", "green", "green", "green", "green", "green", "green", "green", "green", "green", "green", "green", "green", "green", "green", "green", "green", "green", "green", "green", "green", "green", "green", "green", "green", "green", "green", "green", "green", "green", "green", "green", "green", "green", "green", "green", "green"], "timestamps": [0, 40, 80, 120, 160, 200, 240, 280, 320, 360, 400, 440, 480, 520, 560, 600, 640, 680, 720, 760, 800, 840, 880, 920, 960, 1000, 1040, 1080, 1120, 1160, 1200, 1240, 1280, 1320, 1360, 1400, 1440, 1480, 1520, 1560, 1600, 1640, 1680, 1720, 1760, 1800, 1840, 1880, 1920, 1960, 2000, 2040, 2080, 2120, 2160, 2200, 2240, 2280, 2320, 2360, 2400, 2440, 2480, 2520, 2560, 2600, 2640, 2680, 2720, 2760, 2800, 2840, 2880, 2920, 2960, 3000, 3040, 3080, 3120, 3160]}], "conversation": [], "conversation_timestamps": []}