{"agent_id": "agent-red-1946", "type": "red", "trips": [{"trip_id": 0, "transport_method": "foot", "start_time": 0, "path": [[1.5387835, 42.5089897], [1.538774, 42.5089629], [1.5387645, 42.5089361], [1.538755, 42.5089094], [1.5387456, 42.5088826], [1.5387361, 42.5088559], [1.5387266, 42.5088291], [1.5387171, 42.5088023], [1.5387077, 42.5087756], [1.5386982, 42.5087488], [1.5386887, 42.508722], [1.5386734, 42.5087038], [1.538645, 42.5087042], [1.5386166, 42.5087047], [1.5385882, 42.5087052], [1.5385598, 42.5087057], [1.5385315, 42.5087062], [1.5385031, 42.5087067], [1.5384747, 42.5087072], [1.5384463, 42.5087077], [1.5384179, 42.5087081], [1.5383895, 42.5087086], [1.5383611, 42.5087091], [1.5383328, 42.5087096], [1.5383044, 42.5087101], [1.538276, 42.5087106], [1.5382476, 42.5087111], [1.5382192, 42.5087116], [1.5381908, 42.508712], [1.5381625, 42.5087125], [1.5381341, 42.508713], [1.5381057, 42.5087135], [1.5380773, 42.508714], [1.5380489, 42.5087145], [1.5380205, 42.508715], [1.5379921, 42.5087155], [1.5379638, 42.5087159], [1.5379354, 42.5087164], [1.5379086, 42.5087245], [1.5378823, 42.5087352], [1.537856, 42.5087459], [1.5378297, 42.5087566], [1.5378034, 42.5087673], [1.5377771, 42.508778], [1.5377508, 42.5087887], [1.5377241, 42.508797], [1.5376958, 42.5087947], [1.5376675, 42.5087923], [1.5376392, 42.5087899], [1.5376109, 42.5087876], [1.5375827, 42.5087852], [1.5375544, 42.5087828], [1.5375261, 42.5087804], [1.5374978, 42.5087781], [1.5374695, 42.5087757], [1.5374412, 42.5087733], [1.5374129, 42.508771], [1.5373846, 42.5087686], [1.5373563, 42.5087662], [1.537328, 42.5087639], [1.5372998, 42.5087615], [1.5372715, 42.5087591], [1.5372432, 42.5087567], [1.5372149, 42.5087544], [1.5371866, 42.508752], [1.5371583, 42.5087496], [1.53713, 42.5087473], [1.5371017, 42.5087449], [1.5370734, 42.5087425], [1.5370451, 42.5087402], [1.5370169, 42.5087378], [1.5369886, 42.5087354], [1.5369603, 42.508733], [1.536932, 42.5087307], [1.5369037, 42.5087283], [1.5368754, 42.5087259], [1.5368471, 42.5087236], [1.5368188, 42.5087212], [1.5367905, 42.5087188], [1.5367622, 42.5087165]], "mood_vectors": [[0.7167, 0.085, 0.025, 0.0194, 0.0153, 0.0805, 0.0581], [0.6579, 0.0592, 0.0263, 0.0475, 0.0715, 0.0678, 0.0697], [0.6674, 0.0478, 0.0262, 0.0585, 0.0506, 0.0771, 0.0724], [0.693, 0.0711, 0.0808, 0.0347, 0.0175, 0.0435, 0.0594], [0.7336, 0.044, 0.0842, 0.0146, 0.0491, 0.0426, 0.0319], [0.7114, 0.0328, 0.0471, 0.0355, 0.068, 0.0709, 0.0343], [0.7312, 0.0293, 0.0462, 0.03, 0.0529, 0.0491, 0.0613], [0.7207, 0.0293, 0.0608, 0.027, 0.0167, 0.0772, 0.0683], [0.698, 0.0439, 0.0386, 0.051, 0.0519, 0.0704, 0.0462], [0.7033, 0.023, 0.0522, 0.0789, 0.0652, 0.065, 0.0123], [0.6898, 0.0543, 0.0713, 0.0238, 0.0642, 0.0674, 0.0291], [0.6454, 0.0401, 0.0854, 0.0678, 0.0485, 0.0519, 0.0608], [0.805, 0.0619, 0.0207, 0.0295, 0.0328, 0.0121, 0.0381], [0.7192, 0.0124, 0.0511, 0.0541, 0.0524, 0.0537, 0.0572], [0.7165, 0.0708, 0.0422, 0.0144, 0.0722, 0.0176, 0.0664], [0.6419, 0.0624, 0.0668, 0.0573, 0.0652, 0.071, 0.0354], [0.6927, 0.036, 0.0439, 0.0615, 0.0466, 0.0566, 0.0627], [0.6781, 0.0266, 0.0115, 0.0752, 0.071, 0.0784, 0.0592], [0.7249, 0.0143, 0.0184, 0.0735, 0.0537, 0.0528, 0.0624], [0.7021, 0.047, 0.0587, 0.048, 0.0253, 0.0641, 0.0548], [0.7024, 0.0286, 0.0874, 0.0533, 0.0232, 0.0669, 0.0382], [0.6354, 0.0748, 0.081, 0.0133, 0.0831, 0.0235, 0.0889], [0.6971, 0.0358, 0.0678, 0.0524, 0.0554, 0.0234, 0.0681], [0.7411, 0.0219, 0.0384, 0.0644, 0.034, 0.058, 0.0422], [0.7279, 0.0521, 0.0374, 0.0725, 0.0679, 0.0295, 0.0128], [0.7028, 0.0133, 0.0767, 0.0765, 0.0211, 0.0698, 0.0398], [0.6601, 0.0589, 0.0561, 0.0873, 0.0668, 0.0471, 0.0236], [0.7486, 0.049, 0.0252, 0.0346, 0.0501, 0.0352, 0.0573], [0.6226, 0.0483, 0.016, 0.0836, 0.0535, 0.0822, 0.0938], [0.6738, 0.0859, 0.0254, 0.0342, 0.0605, 0.0345, 0.0858], [0.7284, 0.0609, 0.0371, 0.045, 0.0576, 0.0151, 0.0558], [0.7284, 0.0287, 0.0534, 0.0763, 0.0282, 0.0566, 0.0285], [0.6925, 0.0296, 0.0353, 0.0155, 0.0677, 0.076, 0.0834], [0.7266, 0.0493, 0.0795, 0.0388, 0.0457, 0.0142, 0.0459], [0.7503, 0.0425, 0.0806, 0.0181, 0.0276, 0.0396, 0.0414], [0.7129, 0.0616, 0.078, 0.0209, 0.0477, 0.0412, 0.0377], [0.6924, 0.0344, 0.0778, 0.028, 0.0638, 0.0189, 0.0849], [0.7001, 0.0647, 0.0338, 0.0583, 0.0188, 0.0637, 0.0606], [0.6758, 0.0322, 0.0765, 0.0522, 0.0645, 0.0312, 0.0675], [0.6871, 0.0767, 0.0334, 0.0265, 0.0617, 0.089, 0.0257], [0.7064, 0.0306, 0.0167, 0.0873, 0.0622, 0.0448, 0.052], [0.6175, 0.0665, 0.0809, 0.0544, 0.0576, 0.0551, 0.0681], [0.7819, 0.0344, 0.0271, 0.0427, 0.0239, 0.0551, 0.0349], [0.7285, 0.0149, 0.0732, 0.0516, 0.0353, 0.0498, 0.0467], [0.636, 0.0964, 0.0292, 0.0647, 0.0202, 0.0862, 0.0672], [0.7426, 0.0785, 0.0151, 0.042, 0.0224, 0.0238, 0.0757], [0.7047, 0.0295, 0.0474, 0.0835, 0.0442, 0.059, 0.0317], [0.73, 0.0295, 0.0347, 0.0758, 0.0539, 0.0478, 0.0283], [0.6882, 0.032, 0.066, 0.0176, 0.0658, 0.0885, 0.0419], [0.6618, 0.0813, 0.0822, 0.0136, 0.0694, 0.0381, 0.0536], [0.7063, 0.0181, 0.0333, 0.0295, 0.0452, 0.0868, 0.0808], [0.6622, 0.0266, 0.0559, 0.042, 0.0687, 0.0732, 0.0715], [0.6878, 0.0175, 0.0598, 0.061, 0.0502, 0.0645, 0.0593], [0.7221, 0.0428, 0.0432, 0.0162, 0.0698, 0.0521, 0.0538], [0.7324, 0.0409, 0.0388, 0.0246, 0.0577, 0.0595, 0.0462], [0.5898, 0.0223, 0.0851, 0.0761, 0.0783, 0.0927, 0.0557], [0.7336, 0.0276, 0.0316, 0.0376, 0.0674, 0.0653, 0.037], [0.6545, 0.0496, 0.0691, 0.0484, 0.0447, 0.075, 0.0588], [0.6396, 0.0377, 0.054, 0.0701, 0.0907, 0.0774, 0.0305], [0.6859, 0.0557, 0.0722, 0.0398, 0.0303, 0.0503, 0.0658], [0.8251, 0.0279, 0.0251, 0.0393, 0.0128, 0.0137, 0.056], [0.648, 0.0484, 0.0514, 0.0508, 0.0731, 0.0429, 0.0854], [0.8239, 0.0213, 0.049, 0.0269, 0.0324, 0.0185, 0.0279], [0.7086, 0.0476, 0.0447, 0.0309, 0.0761, 0.0604, 0.0317], [0.6732, 0.0613, 0.0278, 0.0879, 0.0473, 0.0169, 0.0856], [0.6396, 0.0208, 0.0939, 0.0769, 0.0961, 0.0564, 0.0163], [0.7194, 0.0469, 0.0242, 0.0717, 0.0218, 0.0397, 0.0762], [0.6967, 0.0116, 0.0538, 0.0434, 0.0719, 0.0526, 0.07], [0.6713, 0.074, 0.0529, 0.0652, 0.0669, 0.0516, 0.0179], [0.6515, 0.0879, 0.0176, 0.0556, 0.0292, 0.064, 0.0943], [0.6997, 0.0232, 0.0991, 0.0653, 0.0669, 0.0174, 0.0283], [0.6503, 0.0532, 0.0768, 0.0711, 0.0725, 0.0225, 0.0535], [0.6684, 0.0162, 0.091, 0.0855, 0.0209, 0.0653, 0.0527], [0.6369, 0.0664, 0.061, 0.0676, 0.0681, 0.0281, 0.0719], [0.6306, 0.0714, 0.0181, 0.083, 0.055, 0.0592, 0.0826], [0.7116, 0.0227, 0.0809, 0.0388, 0.0491, 0.0157, 0.0811], [0.6785, 0.0252, 0.0596, 0.0254, 0.0842, 0.0449, 0.0821], [0.6309, 0.054, 0.0766, 0.0663, 0.0256, 0.0684, 0.0782], [0.7797, 0.0332, 0.0283, 0.0519, 0.0332, 0.0399, 0.0338], [0.7241, 0.0525, 0.0172, 0.0808, 0.0156, 0.0848, 0.0251]], "emotions": ["red", "red", "red", "red", "red", "red", "red", "red", "red", "red", "red", "red", "red", "red", "red", "red", "red", "red", "red", "red", "red", "red", "red", "red", "red", "red", "red", "red", "red", "red", "red", "red", "red", "red", "red", "red", "red", "red", "red", "red", "red", "red", "red", "red", "red", "red", "red", "red", "red", "red", "red", "red", "red", "red", "red", "red", "red", "red", "red", "red", "red", "red", "red", "red", "red", "red", "red", "red", "red", "red", "red", "red", "red", "red", "red", "red", "red", "red", "red", "red"], "timestamps": [0, 40, 80, 120, 160, 200, 240, 280, 320, 360, 400, 440, 480, 520, 560, 600, 640, 680, 720, 760, 800, 840, 880, 920, 960, 1000, 1040, 1080, 1120, 1160, 1200, 1240, 1280, 1320, 1360, 1400, 1440, 1480, 1520, 1560, 1600, 1640, 1680, 1720, 1760, 1800, 1840, 1880, 1920, 1960, 2000, 2040, 2080, 2120, 2160, 2200, 2240, 2280, 2320, 2360, 2400, 2440, 2480, 2520, 2560, 2600, 2640, 2680, 2720, 2760, 2800, 2840, 2880, 2920, 2960, 3000, 3040, 3080, 3120, 3160]}], "conversation": [], "conversation_timestamps": []}