{
  "agent_id": "agent-type-blue-6",
  "type": "blue",
  "trips": [
    {
      "trip_id": 0,
      "transport_method": "stopped",
      "start_time": 0,
      "path": [
        [
          1.5211020999999998,
          42.508253900000014
        ],
        [
          1.5211020999999998,
          42.508253900000014
        ],
        [
          1.5211020999999998,
          42.508253900000014
        ]
      ],
      "emotions": [
        "purple",
        "purple",
        "purple"
      ],
      "mood_vectors": [
        [
          0.19285598382413752,
          0.2150411613432828,
          0.20054725141069404,
          0.028689663295812566,
          0.08639281660570423,
          0.2346934821492998,
          0.04177964137106901
        ],
        [
          0.13009101126972075,
          0.18698526825509904,
          0.09903376270803557,
          0.21328498175880403,
          0.19663575957129764,
          0.08259120381825578,
          0.09137801261878711
        ],
        [
          0.21937063780123225,
          0.034779111826318966,
          0.10643057326647469,
          0.05899393076244135,
          0.155596246675099,
          0.17656343446068887,
          0.24826606520774483
        ]
      ],
      "timestamps": [
        0,
        1,
        2
      ]
    },
    {
      "trip_id": 1,
      "transport_method": "bicycle",
      "start_time": 3,
      "path": [
        [
          1.5204404000000005,
          42.50759670000001
        ],
        [
          1.5209385068293801,
          42.50716357290896
        ],
        [
          1.520818231683526,
          42.506653747771615
        ],
        [
          1.5215993146231415,
          42.5073482082824
        ],
        [
          1.5224856430798106,
          42.5073616137767
        ],
        [
          1.521801505919389,
          42.50657930581114
        ],
        [
          1.522300694500102,
          42.506330216792975
        ],
        [
          1.5233244468279896,
          42.506587793201255
        ],
        [
          1.5243562316915638,
          42.50682353208523
        ],
        [
          1.525198181935959,
          42.50669451423512
        ],
        [
          1.52541441119318,
          42.50701559126063
        ],
        [
          1.5262089562426355,
          42.50678276439445
        ],
        [
          1.5268717498628481,
          42.50714285961642
        ],
        [
          1.5279268973504834,
          42.50722799171797
        ],
        [
          1.5273921687768575,
          42.50633277563975
        ],
        [
          1.5268484165360108,
          42.50596633735972
        ],
        [
          1.5269521238533375,
          42.50648575001149
        ],
        [
          1.5269319070568446,
          42.50587560526023
        ],
        [
          1.5274856707669857,
          42.506570760875846
        ],
        [
          1.5272918258391475,
          42.506200218943725
        ],
        [
          1.526420276167871,
          42.5056335581405
        ],
        [
          1.5265646002254354,
          42.50528457847344
        ],
        [
          1.5274940545587037,
          42.50555178110541
        ],
        [
          1.5273718581965616,
          42.505482877735936
        ],
        [
          1.5282203887954475,
          42.505562926077
        ],
        [
          1.5282402686782919,
          42.50558086952731
        ],
        [
          1.529120344664007,
          42.50589103493629
        ],
        [
          1.528248013952159,
          42.50550873958949
        ],
        [
          1.528463313612924,
          42.50524153782603
        ],
        [
          1.5295010000000004,
          42.5054508
        ]
      ],
      "emotions": [
        "purple",
        "purple",
        "red",
        "red",
        "red",
        "red",
        "red",
        "green",
        "green",
        "green",
        "green",
        "green",
        "red",
        "red",
        "red",
        "red",
        "red",
        "red",
        "red",
        "red",
        "red",
        "red",
        "green",
        "green",
        "green",
        "green",
        "green",
        "green",
        "green",
        "green"
      ],
      "mood_vectors": [
        [
          0.17571639533412892,
          0.17306267261157154,
          0.11945248684318782,
          0.1973638633267949,
          0.07842962242244146,
          0.0765133793436563,
          0.1794615801182191
        ],
        [
          0.1963943851930383,
          0.2506914622161685,
          0.025547696990039066,
          0.08687883812099045,
          0.10100391942744136,
          0.30404003984687983,
          0.03544365820544241
        ],
        [
          0.048647703909333165,
          0.23683973812027756,
          0.23802855663072242,
          0.15146561209198647,
          0.2083035266557294,
          0.039795081545411184,
          0.07691978104653976
        ],
        [
          0.1687166992912742,
          0.05615512119466328,
          0.17863987781273172,
          0.14421402401156427,
          0.15017264944956216,
          0.12832022669969742,
          0.17378140154050703
        ],
        [
          0.13320546476557815,
          0.09277024225128559,
          0.11020775051455019,
          0.10078627361511998,
          0.0005459808987504205,
          0.4130231538220659,
          0.14946113413264972
        ],
        [
          0.14460165741078793,
          0.06227410451737194,
          0.12716679539172568,
          0.17515818368637587,
          0.34897270602598607,
          0.01719280351828141,
          0.12463374944947114
        ],
        [
          0.18421622954616085,
          0.2452309717230912,
          0.05422837391703886,
          0.15634379222513808,
          0.21299253608976404,
          0.1284306363624551,
          0.01855746013635179
        ],
        [
          0.15060673787271806,
          0.19009718887071922,
          0.014759923535582295,
          0.21495853472415297,
          0.05917363025763305,
          0.3101640543894199,
          0.060239930349774505
        ],
        [
          0.24058900062568514,
          0.03928171747978742,
          0.18415765283841454,
          0.27171232207104673,
          0.04546972139647333,
          0.01671549633154372,
          0.20207408925704914
        ],
        [
          0.2654241383127128,
          0.10233939049195973,
          0.2519262423246496,
          0.058241135305385466,
          0.10573773666697399,
          0.09583972739727036,
          0.12049162950104811
        ],
        [
          0.5056013897990798,
          0.0713654645775503,
          0.25399327682002804,
          0.011007152683555715,
          0.05585588082072687,
          0.014803402890347718,
          0.0873734324087116
        ],
        [
          0.09115545798494824,
          0.20818051184194436,
          0.1642458415273777,
          0.1087203341502668,
          0.09014108565632797,
          0.1024399413817226,
          0.2351168274574124
        ],
        [
          0.17584730852221822,
          0.1847595287370712,
          0.14339062774013014,
          0.037308197417073904,
          0.12553427973470893,
          0.1444947641419362,
          0.1886652937068613
        ],
        [
          0.29015190832310406,
          0.031011021966585083,
          0.06419342637008699,
          0.12627908500317095,
          0.01448045305431879,
          0.20893487920967665,
          0.26494922607305743
        ],
        [
          0.19029132470790697,
          0.09187071482480998,
          0.23407420618886607,
          0.08568926031061243,
          0.25252376503530755,
          0.049776322068594205,
          0.09577440686390279
        ],
        [
          0.22535101734149796,
          0.003945221927723731,
          0.1139263787034255,
          0.1332273420017884,
          0.20307259202719302,
          0.10470857932313386,
          0.21576886867523756
        ],
        [
          0.049209937821908516,
          0.13191117006367045,
          0.21268243243899138,
          0.16738036399686348,
          0.19604907771071658,
          0.09239536695797215,
          0.1503716510098774
        ],
        [
          0.0921226768551791,
          0.032950484848975156,
          0.0743669192478651,
          0.25089945514681494,
          0.21579635521478593,
          0.055207046335055854,
          0.278657062351324
        ],
        [
          0.11897840099967091,
          0.15792967144539527,
          0.20593577950753955,
          0.09100018977034834,
          0.20702378275273575,
          0.07272862095067072,
          0.14640355457363943
        ],
        [
          0.10311191804197403,
          0.005626644888811705,
          0.10560583349266249,
          0.14919685363474408,
          0.24897325828464784,
          0.21078634635086982,
          0.17669914530629002
        ],
        [
          0.13046360583194005,
          0.023280428200694273,
          0.11862373158540997,
          0.3002604647349938,
          0.02341455854854086,
          0.2530261648141809,
          0.15093104628424014
        ],
        [
          0.2074415764159256,
          0.1723543077092425,
          0.019198475977910943,
          0.10705320785822531,
          0.06656431042623337,
          0.21649092579717885,
          0.21089719581528343
        ],
        [
          0.17553193503548173,
          0.11221531926060144,
          0.17195201786085973,
          0.1837007556367529,
          0.0642290853220037,
          0.08545615488551316,
          0.2069147319987873
        ],
        [
          0.06131554344994943,
          0.129799751917815,
          0.1276855494837237,
          0.20842264100308022,
          0.1761256825140169,
          0.24666238456234102,
          0.049988447069073745
        ],
        [
          0.08415874355379471,
          0.2525693716631254,
          0.0021105829008133017,
          0.12491395469866494,
          0.1323104026402377,
          0.21580934007437486,
          0.18812760446898913
        ],
        [
          0.0573530313480735,
          0.08916133829301752,
          0.1650118871469134,
          0.16129945406534935,
          0.14800688751529803,
          0.16964819965841407,
          0.20951920197293417
        ],
        [
          0.20191049489139476,
          0.008506317125927514,
          0.2244643798603768,
          0.1399218458599546,
          0.16274801230215813,
          0.14481005218292586,
          0.11763889777726233
        ],
        [
          0.07748601356753079,
          0.2992243123793733,
          0.06680564849582288,
          0.06254419184311977,
          0.1646810784226711,
          0.09512418713478449,
          0.23413456815669764
        ],
        [
          0.07523446947071348,
          0.14517331816602022,
          0.26200547659341494,
          0.197256896490155,
          0.05040902778835345,
          0.03237196836349423,
          0.23754884312784874
        ],
        [
          0.23440038023024012,
          0.05431057642644185,
          0.15720668158655368,
          0.031877256171964186,
          0.2476271091498125,
          0.178784647946717,
          0.0957933484882706
        ]
      ],
      "timestamps": [
        3,
        4,
        5,
        6,
        7,
        8,
        9,
        10,
        11,
        12,
        13,
        14,
        15,
        16,
        17,
        18,
        19,
        20,
        21,
        22,
        23,
        24,
        25,
        26,
        27,
        28,
        29,
        30,
        31,
        32
      ],
      "distance": 1086.6
    },
    {
      "trip_id": 2,
      "transport_method": "foot",
      "start_time": 33,
      "path": [
        [
          1.5295010000000004,
          42.5054508
        ],
        [
          1.5292202086525195,
          42.505394174984445
        ],
        [
          1.5289394173050388,
          42.5053375499689
        ],
        [
          1.5286586259575579,
          42.50528092495335
        ],
        [
          1.528379173977675,
          42.50524031563367
        ],
        [
          1.5280990409247273,
          42.50524535470276
        ],
        [
          1.5280100235694616,
          42.505346730546634
        ],
        [
          1.5282885406734157,
          42.50541364330122
        ],
        [
          1.5282794866441891,
          42.50561767407159
        ],
        [
          1.5285518968496195,
          42.50570623395632
        ],
        [
          1.5288243070550498,
          42.50579479384105
        ],
        [
          1.5290967172604801,
          42.50588335372578
        ],
        [
          1.5289738687124033,
          42.505882057569494
        ],
        [
          1.528699436819918,
          42.50579997645356
        ],
        [
          1.5284250049274328,
          42.505717895337625
        ],
        [
          1.528251567629307,
          42.505592164741394
        ],
        [
          1.5282374971779173,
          42.50540097210013
        ],
        [
          1.5279604917538088,
          42.505333324228076
        ],
        [
          1.528151565628129,
          42.50524802933606
        ],
        [
          1.528383914077596,
          42.50523849965306
        ],
        [
          1.528104110411261,
          42.50524561284829
        ],
        [
          1.5280478522565388,
          42.50530316059145
        ],
        [
          1.5283141024363773,
          42.50533910538101
        ],
        [
          1.5281181303932208,
          42.50537250384013
        ],
        [
          1.527960563556992,
          42.505210716265616
        ],
        [
          1.5282302214944945,
          42.505207202811675
        ],
        [
          1.5281597635412485,
          42.50504724478444
        ],
        [
          1.5279283,
          42.5048785
        ]
      ],
      "emotions": [
        "green",
        "green",
        "red",
        "red",
        "red",
        "red",
        "red",
        "red",
        "red",
        "red",
        "red",
        "red",
        "green",
        "green",
        "green",
        "green",
        "green",
        "green",
        "green",
        "green",
        "green",
        "green",
        "red",
        "red",
        "red",
        "red",
        "red",
        "purple"
      ],
      "mood_vectors": [
        [
          0.17538206001658038,
          0.09502356824141667,
          0.17806832601914474,
          0.22100538506717235,
          0.09538691415890056,
          0.12471838852801617,
          0.11041535796876908
        ],
        [
          0.09339629223548256,
          0.015984522235837805,
          0.03754052786941884,
          0.2715488241094503,
          0.2918622248197398,
          0.0023486041810255893,
          0.28731900454904513
        ],
        [
          0.11471922566932166,
          0.2063024746678265,
          0.16272615886371272,
          0.14028795832363142,
          0.1064884173428639,
          0.19956559769743878,
          0.06991016743520495
        ],
        [
          0.06987198510514618,
          0.284350244155961,
          0.11848930645949765,
          0.18101316892209315,
          0.11253484475217733,
          0.1868196902411244,
          0.046920760364000204
        ],
        [
          0.15588089111949197,
          0.039420693030875864,
          0.1382365117032754,
          0.15130941293231698,
          0.1744632778674198,
          0.13503989974416328,
          0.2056493136024568
        ],
        [
          0.14336330399439573,
          0.029444538439784833,
          0.17581805163378295,
          0.2784456782618588,
          0.09029373300333408,
          0.24989634034704533,
          0.03273835431979827
        ],
        [
          0.029952440496266497,
          0.22695244061950812,
          0.33017252176420075,
          0.06235671903282838,
          0.060022907263172325,
          0.08783063804466372,
          0.20271233277936024
        ],
        [
          0.1768387083605232,
          0.054970891621634016,
          0.03166328875036029,
          0.15358552943607168,
          0.20917127948572964,
          0.07420177968332155,
          0.2995685226623595
        ],
        [
          0.20735741708068675,
          0.17971049237166284,
          0.00649823764813789,
          0.26721525516127076,
          0.007138665792546648,
          0.267079171065175,
          0.06500076088052013
        ],
        [
          0.17957383046436937,
          0.07152464373896669,
          0.1539894106738801,
          0.11656014172973489,
          0.19680299734155593,
          0.10373994994245901,
          0.17780902610903393
        ],
        [
          0.23615490758345467,
          0.02460221679412159,
          0.2086031150900982,
          0.24029913260297694,
          0.07989086554777018,
          0.02968804033555821,
          0.18076172204602028
        ],
        [
          0.33143990028670156,
          0.0243931291369469,
          0.028029864496120063,
          0.1607622195044748,
          0.23433412754535252,
          0.08825501419885189,
          0.13278574483155217
        ],
        [
          0.1748061550418874,
          0.0102414514067448,
          0.14673021459275432,
          0.111225491312609,
          0.18151126415170388,
          0.16467876680955318,
          0.21080665668474732
        ],
        [
          0.1226854831476783,
          0.26845551927083305,
          0.03767234148084975,
          0.09518299173409818,
          0.14313205521325228,
          0.033159962753351244,
          0.2997116463999372
        ],
        [
          0.2422545283001711,
          0.08222462696812545,
          0.009583467627802078,
          0.05473832869465437,
          0.042343107648153556,
          0.29797164411624144,
          0.270884296644852
        ],
        [
          0.11559171414532214,
          0.10059084081043634,
          0.09482430261515745,
          0.20271785534682826,
          0.19036923712075668,
          0.12183895258527794,
          0.17406709737622114
        ],
        [
          0.11898248506468632,
          0.35537294417632503,
          0.049533437212019193,
          0.11485835226903347,
          0.14679590525953673,
          0.1670518967479513,
          0.04740497927044787
        ],
        [
          0.17269248532368897,
          0.27047214629203303,
          0.08657744905466018,
          0.027606718448566412,
          0.045304758168966196,
          0.09778283564567967,
          0.2995636070664056
        ],
        [
          0.14381828359665091,
          0.18167083262057418,
          0.05277557881638622,
          0.15179365524710003,
          0.2805041877027318,
          0.1407398453402614,
          0.04869761667629546
        ],
        [
          0.02370400998364132,
          0.08120324375725442,
          0.0019516301433392105,
          0.19670671846997884,
          0.1157542660130192,
          0.25632033080597455,
          0.3243598008267925
        ],
        [
          0.11602483838125792,
          0.0756946563846849,
          0.18274827838686922,
          0.1453654978060096,
          0.15164016355604681,
          0.04582640416080786,
          0.28270016132432363
        ],
        [
          0.15843135322980156,
          0.0867706104407978,
          0.15340881408430124,
          0.050009309816002066,
          0.1961999273385916,
          0.11855333252385845,
          0.2366266525666473
        ],
        [
          0.12132153380134439,
          0.02701922175293616,
          0.12290019158858012,
          0.18448283553928868,
          0.14773519555404674,
          0.19591543174329154,
          0.2006255900205124
        ],
        [
          0.06574577247736774,
          0.18350656815353097,
          0.08002472029026797,
          0.22477020565353023,
          0.06888159046755048,
          0.17834001396295024,
          0.1987311289948024
        ],
        [
          0.03321692942511478,
          0.0378761609584975,
          0.16259170934908163,
          0.24527927869407393,
          0.14146323029870306,
          0.14584308353015904,
          0.23372960774437013
        ],
        [
          0.02343689423921727,
          0.11527201663610012,
          0.1797449038858806,
          0.19006875146185165,
          0.14356409980852167,
          0.14118310139673895,
          0.2067302325716897
        ],
        [
          0.0494662578158752,
          0.22390913806972626,
          0.1732632887267628,
          0.1139291392225282,
          0.1300530739438346,
          0.2294677557250648,
          0.07991134649620812
        ],
        [
          0.24009329919958183,
          0.017745994189910522,
          0.21484047442759038,
          0.10775048864850473,
          0.23969525211859571,
          0.11811304307927792,
          0.061761448336538884
        ]
      ],
      "timestamps": [
        33,
        34,
        35,
        36,
        37,
        38,
        39,
        40,
        41,
        42,
        43,
        44,
        45,
        46,
        47,
        48,
        49,
        50,
        51,
        52,
        53,
        54,
        55,
        56,
        57,
        58,
        59,
        60
      ],
      "distance": 199
    },
    {
      "trip_id": 3,
      "transport_method": "bicycle",
      "start_time": 61,
      "path": [
        [
          1.5279283,
          42.5048785
        ],
        [
          1.5281686920262252,
          42.5050537539533
        ],
        [
          1.5282082738192626,
          42.50520462443149
        ],
        [
          1.5279116387169518,
          42.50519436369728
        ],
        [
          1.5276141881479102,
          42.50519692993307
        ],
        [
          1.5276487174759934,
          42.50501450114447
        ],
        [
          1.527821871923526,
          42.50477556406378
        ],
        [
          1.5280480517615442,
          42.50458231563482
        ],
        [
          1.5282742315995628,
          42.504389067205864
        ],
        [
          1.528500411437581,
          42.50419581877691
        ],
        [
          1.5283576087243997,
          42.50431782965204
        ],
        [
          1.5281314288863814,
          42.504511078080995
        ],
        [
          1.527905249048363,
          42.50470432650995
        ],
        [
          1.5277068467151773,
          42.504921509071835
        ],
        [
          1.527549157637646,
          42.50517377169143
        ],
        [
          1.5278019801853768,
          42.50519326670967
        ],
        [
          1.5280993572779868,
          42.505191829078505
        ],
        [
          1.5282573082183493,
          42.50511835816767
        ],
        [
          1.528016916192124,
          42.50494310421437
        ],
        [
          1.528080075834101,
          42.504989149738925
        ],
        [
          1.5282946577736733,
          42.505169095086025
        ],
        [
          1.5280212747376511,
          42.50519310325378
        ],
        [
          1.5279057388279407,
          42.50529959845822
        ],
        [
          1.527609050339154,
          42.505321466586665
        ],
        [
          1.5278858381496339,
          42.5053010652849
        ],
        [
          1.5281363255797662,
          42.50537684167808
        ],
        [
          1.5282349119226106,
          42.505534439098376
        ],
        [
          1.528092085399063,
          42.5056190026132
        ],
        [
          1.5278066514076067,
          42.50553515924172
        ],
        [
          1.5275212174161505,
          42.50545131587024
        ],
        [
          1.5272310690546864,
          42.50538855592901
        ],
        [
          1.5269371314354332,
          42.505342697991765
        ],
        [
          1.5266431938161797,
          42.50529684005453
        ],
        [
          1.5263492561969265,
          42.50525098211729
        ],
        [
          1.526198374878293,
          42.50517669937088
        ],
        [
          1.5264928311587198,
          42.505219099528155
        ],
        [
          1.5267872874391464,
          42.50526149968544
        ],
        [
          1.5270817437195732,
          42.505303899842716
        ],
        [
          1.5273762,
          42.5053463
        ]
      ],
      "emotions": [
        "purple",
        "purple",
        "purple",
        "purple",
        "green",
        "green",
        "green",
        "green",
        "green",
        "purple",
        "purple",
        "purple",
        "purple",
        "purple",
        "red",
        "red",
        "red",
        "red",
        "red",
        "purple",
        "purple",
        "purple",
        "purple",
        "purple",
        "red",
        "red",
        "red",
        "red",
        "red",
        "green",
        "green",
        "green",
        "green",
        "green",
        "red",
        "red",
        "red",
        "red",
        "red"
      ],
      "mood_vectors": [
        [
          0.17873495450745783,
          0.11135093634795533,
          0.32269884815228433,
          0.10488746189163048,
          0.060568926712393965,
          0.08463045541281614,
          0.13712841697546202
        ],
        [
          0.1755637632236996,
          0.025021304244201785,
          0.0886189795076047,
          0.2527649795749658,
          0.1805961367283115,
          0.09550630072758162,
          0.18192853599363495
        ],
        [
          0.04351761441459057,
          0.0650071163699351,
          0.1408147355625277,
          0.18014568446172724,
          0.19636007337159414,
          0.1964444480724299,
          0.1777103277471953
        ],
        [
          0.24725900893759928,
          0.1146513411280972,
          0.07967534283926461,
          0.07012135350009693,
          0.19313752790976046,
          0.22803882673432954,
          0.06711659895085202
        ],
        [
          0.2750114983813844,
          0.07979665070241544,
          0.10039520123223168,
          0.11573607750661126,
          0.10971151290668478,
          0.032261133065290784,
          0.28708792620538165
        ],
        [
          0.21359111486949095,
          0.059772512063135136,
          0.0950667795456318,
          0.21725048532029798,
          0.20497503547880025,
          0.08714748592034913,
          0.12219658680229481
        ],
        [
          0.23313330339465674,
          0.14753435926488584,
          0.12931278372891428,
          0.07842500058999767,
          0.21557989241629438,
          0.1546596981918494,
          0.04135496241340166
        ],
        [
          0.05088640422246759,
          0.23559191890500392,
          0.005840106401745346,
          0.21096546935698,
          0.11267878531268803,
          0.12563963593571376,
          0.25839767986540146
        ],
        [
          0.058515894697105796,
          0.20044016024708744,
          0.09089052620217394,
          0.1079300802374432,
          0.18879650436295223,
          0.2553208492756656,
          0.09810598497757181
        ],
        [
          0.22630165074889338,
          0.09110620543114069,
          0.12115654399819925,
          0.06544419620094975,
          0.21640833389331568,
          0.020701051977862973,
          0.25888201774963826
        ],
        [
          0.006155160471887399,
          0.09522156221008618,
          0.1721389623604207,
          0.24207618509023507,
          0.2146852995709636,
          0.23114343717858482,
          0.03857939311782218
        ],
        [
          0.1618829921336222,
          0.08030081887247727,
          0.06301951536902187,
          0.1836990387909978,
          0.23660833382863944,
          0.08263203930387841,
          0.19185726170136302
        ],
        [
          0.2083994262437505,
          0.11554985371382441,
          0.06285876924911035,
          0.13986366869675843,
          0.22142644502864978,
          0.027168129812627204,
          0.2247337072552793
        ],
        [
          0.1053216621726644,
          0.004710397185660733,
          0.21618415683186795,
          0.06203295718091826,
          0.07385304686984097,
          0.2717314934061894,
          0.2661662863528582
        ],
        [
          0.11008544029162344,
          0.16979686122285284,
          0.09819684224156135,
          0.025580963437228765,
          0.1630630297267085,
          0.24774556029720138,
          0.18553130278282368
        ],
        [
          0.2933330030955239,
          0.12306148803181503,
          0.18029392471352398,
          0.14197492295143918,
          0.1256631367910673,
          0.04056203915630754,
          0.09511148526032313
        ],
        [
          0.24146079578912324,
          0.2281529239824393,
          0.029723015617196574,
          0.21114483750226593,
          0.17419416274541383,
          0.031585238819992985,
          0.08373902554356813
        ],
        [
          0.13255491350624843,
          0.19413523388305448,
          0.1316114961588071,
          0.10031850083476036,
          0.09139330633182609,
          0.23250934895935368,
          0.11747720032594984
        ],
        [
          0.120572070809881,
          0.07904499487700119,
          0.09000767931716515,
          0.37358119138392626,
          0.07778151746070162,
          0.11388715038316947,
          0.14512539576815525
        ],
        [
          0.1593660442841168,
          0.12659444783560256,
          0.1391638787517907,
          0.12972989747147107,
          0.06394443781961832,
          0.16421520028417444,
          0.21698609355322607
        ],
        [
          0.030013702066149586,
          0.11422531458337135,
          0.14906969121323754,
          0.0471413161496055,
          0.2137637405680229,
          0.2108538743805899,
          0.2349323610390233
        ],
        [
          0.09950612842263895,
          0.08557576085301662,
          0.2004896909129727,
          0.19603780403463247,
          0.03513883685161605,
          0.24550865776106667,
          0.13774312116405654
        ],
        [
          0.1418849589338911,
          0.18056479730497893,
          0.21589182670548393,
          0.17851751626186269,
          0.025119457737545012,
          0.06747529344383635,
          0.19054614961240202
        ],
        [
          0.1138684257340668,
          0.10474534910430496,
          0.20294934282155794,
          0.22665038554833958,
          0.06438619977356365,
          0.23001408554005343,
          0.05738621147811375
        ],
        [
          0.06317099169526007,
          0.2115085800068895,
          0.1572105739765571,
          0.20059686724453896,
          0.10050978028639368,
          0.26633008670387404,
          0.0006731200864866561
        ],
        [
          0.3074675696122945,
          0.034425809300737686,
          0.03660686470287475,
          0.39171679849656066,
          0.015838161033409844,
          0.16109014177518424,
          0.05285465507893834
        ],
        [
          0.2480062697392053,
          0.15309074293883787,
          0.05348635253383923,
          0.01908613483815631,
          0.033479008281664405,
          0.252600160995281,
          0.24025133067301596
        ],
        [
          0.07221164037865646,
          0.026273318128059546,
          0.006114531929145055,
          0.277662379729365,
          0.1680512553879356,
          0.15831033165768624,
          0.291376542789152
        ],
        [
          0.07548921731639864,
          0.06214494882318307,
          0.2566211583381323,
          0.009036104061871738,
          0.2702040905830661,
          0.29659588115129915,
          0.029908599726048937
        ],
        [
          0.03015691413808469,
          0.09545785241690846,
          0.08341624463071227,
          0.14624816983742006,
          0.2850604320534738,
          0.16045424118475862,
          0.19920614573864207
        ],
        [
          0.3162408019705441,
          0.13204124923680607,
          0.26493634064435095,
          0.006623151360809095,
          0.08552369366728485,
          0.035355019957404886,
          0.1592797431628
        ],
        [
          0.24893949058787418,
          0.15668214328919863,
          0.17881115352932964,
          0.03550220300465751,
          0.0974332839386612,
          0.12618308177909088,
          0.15644864387118793
        ],
        [
          0.14669662584977686,
          0.17676395271051165,
          0.17607290476354787,
          0.11278296282536804,
          0.07448765654928935,
          0.16869050159277227,
          0.14450539570873397
        ],
        [
          0.17803163218504,
          0.04097406176156873,
          0.09460567377267642,
          0.17284064191844883,
          0.17448600296062367,
          0.2172210002864232,
          0.12184098711521911
        ],
        [
          0.013098226149591151,
          0.17702319602169592,
          0.23181309514506046,
          0.16889884606412767,
          0.06900348185778231,
          0.0972547402945918,
          0.24290841446715075
        ],
        [
          0.2075536641012211,
          0.17746097516369108,
          0.11221814392528422,
          0.1348480972338316,
          0.17280356004597897,
          0.018871239219625708,
          0.17624432031036744
        ],
        [
          0.17052227660318228,
          0.12249137000016823,
          0.1698614466359343,
          0.13291433720108586,
          0.1689796624384231,
          0.18612542906442336,
          0.04910547805678292
        ],
        [
          0.08906968851613509,
          0.14599871865421066,
          0.20079609476188542,
          0.06975907957644771,
          0.17835626103938473,
          0.19703237417984362,
          0.11898778327209278
        ],
        [
          0.04629692457174043,
          0.27252736488064583,
          0.2581363643815981,
          0.0038658473643063324,
          0.11874032268174763,
          0.14121612810618586,
          0.15921704801377576
        ]
      ],
      "timestamps": [
        61,
        62,
        63,
        64,
        65,
        66,
        67,
        68,
        69,
        70,
        71,
        72,
        73,
        74,
        75,
        76,
        77,
        78,
        79,
        80,
        81,
        82,
        83,
        84,
        85,
        86,
        87,
        88,
        89,
        90,
        91,
        92,
        93,
        94,
        95,
        96,
        97,
        98,
        99
      ],
      "distance": 79.9
    }
  ],
  "conversation": [
    "Maybe I'll cut through the park.",
    "Smells like someone's making pho.",
    "I always forget how much I like walking here."
  ],
  "conversation_timestamps": [
    7,
    61,
    96
  ]
}
