{"agent_id": "agent-purple-284", "type": "purple", "trips": [{"trip_id": 0, "transport_method": "car", "start_time": 0, "path": [[1.5345772, 42.5120844], [1.5349748, 42.5128851], [1.5341393, 42.513308], [1.5333548, 42.5138437], [1.5324343, 42.5142388], [1.5316947, 42.5149164], [1.5312478, 42.5152822], [1.5304231, 42.5158704], [1.5295482, 42.5163597], [1.5286406, 42.5166628], [1.5277674, 42.5169533], [1.5268438, 42.5173735], [1.5259483, 42.5178339], [1.5251774, 42.5184927], [1.5243681, 42.5191049], [1.5239157, 42.5199488], [1.5234815, 42.5208605], [1.5228444, 42.5216328], [1.5220584, 42.5222615], [1.5216624, 42.523188], [1.5210306, 42.52398], [1.5206397, 42.5248918], [1.5207876, 42.5258787], [1.5206285, 42.5268471], [1.5208821, 42.5277484], [1.5212905, 42.5286204], [1.5219844, 42.5292787], [1.5214155, 42.5300341], [1.521258, 42.5308413], [1.5209166, 42.5317523], [1.5213618, 42.5326534], [1.5207986, 42.5334309], [1.521078, 42.5342839], [1.5219286, 42.5347972], [1.522572, 42.5355736], [1.5231608, 42.5363363], [1.5241125, 42.5366456], [1.5250675, 42.5368476], [1.5251073, 42.5375791], [1.5241333, 42.5376836], [1.5232357, 42.5381405], [1.5231595, 42.5391283], [1.523231, 42.5401344], [1.5234915, 42.5406116], [1.5230561, 42.541356], [1.5229159, 42.542311], [1.5231478, 42.5432782], [1.5235704, 42.5441906], [1.523991, 42.5451016], [1.5245097, 42.5459719], [1.5247063, 42.5469025], [1.5248386, 42.5478719], [1.5253523, 42.5487134], [1.5258101, 42.5496091], [1.5263355, 42.5504773], [1.5265084, 42.5508079], [1.5259282, 42.549976], [1.5254671, 42.5490721], [1.5256655, 42.5497682], [1.5259698, 42.5507363], [1.5263065, 42.5516822], [1.5266755, 42.552594], [1.5271946, 42.5534327], [1.5279033, 42.5541573], [1.5283833, 42.5549833], [1.5291799, 42.5555728], [1.5296123, 42.5564758], [1.530549, 42.5568506], [1.5313967, 42.5573877], [1.5317551, 42.5580438], [1.5315666, 42.5588368], [1.5309855, 42.5596444], [1.5304228, 42.5604882], [1.5295634, 42.5609412], [1.5286612, 42.561396], [1.5282124, 42.5622727], [1.5274586, 42.562885], [1.5276001, 42.5637391], [1.5279665, 42.5644941], [1.5282781, 42.5638513]], "mood_vectors": [[0.0511, 0.0195, 0.0228, 0.0292, 0.0454, 0.7602, 0.0718], [0.0698, 0.0471, 0.0748, 0.0278, 0.052, 0.6932, 0.0353], [0.042, 0.0532, 0.0343, 0.0642, 0.0512, 0.6839, 0.0712], [0.0153, 0.0691, 0.0166, 0.0154, 0.0595, 0.7739, 0.0502], [0.02, 0.0457, 0.0776, 0.0651, 0.0332, 0.7055, 0.0529], [0.058, 0.0428, 0.0785, 0.016, 0.0287, 0.7598, 0.0161], [0.0439, 0.0504, 0.0228, 0.0574, 0.0406, 0.7324, 0.0524], [0.0548, 0.0224, 0.0454, 0.0483, 0.0176, 0.7863, 0.0251], [0.0649, 0.0573, 0.0252, 0.0542, 0.0176, 0.6917, 0.0891], [0.0373, 0.0741, 0.0498, 0.0803, 0.0202, 0.7092, 0.0291], [0.0641, 0.0309, 0.0481, 0.0254, 0.0473, 0.7497, 0.0345], [0.0708, 0.03, 0.0365, 0.0367, 0.0546, 0.7251, 0.0463], [0.0542, 0.0627, 0.0415, 0.0702, 0.0764, 0.6412, 0.0537], [0.0734, 0.0822, 0.0711, 0.0385, 0.0277, 0.6213, 0.0858], [0.1077, 0.0392, 0.0199, 0.0427, 0.0969, 0.6762, 0.0174], [0.08, 0.0798, 0.0766, 0.0283, 0.0289, 0.6262, 0.0802], [0.0343, 0.0542, 0.0114, 0.0583, 0.0733, 0.748, 0.0204], [0.0162, 0.0404, 0.0386, 0.0445, 0.0579, 0.7424, 0.06], [0.0166, 0.0534, 0.0204, 0.0687, 0.0538, 0.7531, 0.0339], [0.0794, 0.0215, 0.0595, 0.0325, 0.0175, 0.7237, 0.0658], [0.0728, 0.0496, 0.0536, 0.0214, 0.0136, 0.7391, 0.0501], [0.0408, 0.0766, 0.0492, 0.059, 0.016, 0.6838, 0.0747], [0.0454, 0.0468, 0.0343, 0.0185, 0.0423, 0.7886, 0.0241], [0.0254, 0.07, 0.0716, 0.0862, 0.0365, 0.6789, 0.0314], [0.0602, 0.0376, 0.0688, 0.0373, 0.0274, 0.6845, 0.0842], [0.0229, 0.0176, 0.0682, 0.0745, 0.0137, 0.7196, 0.0835], [0.0394, 0.0604, 0.0587, 0.0535, 0.0729, 0.6756, 0.0395], [0.048, 0.0526, 0.0779, 0.072, 0.0804, 0.6017, 0.0674], [0.0142, 0.0591, 0.0703, 0.0279, 0.0622, 0.7002, 0.0661], [0.0181, 0.0245, 0.0694, 0.068, 0.0394, 0.7353, 0.0452], [0.0592, 0.0281, 0.0613, 0.0507, 0.0337, 0.6919, 0.075], [0.0133, 0.0687, 0.0625, 0.0291, 0.0311, 0.7692, 0.0261], [0.0693, 0.045, 0.0156, 0.0703, 0.0294, 0.7428, 0.0278], [0.048, 0.0332, 0.0412, 0.0345, 0.0689, 0.7058, 0.0684], [0.0656, 0.044, 0.022, 0.0163, 0.0214, 0.7387, 0.0918], [0.0642, 0.0629, 0.011, 0.049, 0.071, 0.6859, 0.0561], [0.0365, 0.0246, 0.0232, 0.0431, 0.0299, 0.7965, 0.0462], [0.0632, 0.0356, 0.0634, 0.028, 0.0772, 0.6557, 0.077], [0.0538, 0.0315, 0.0723, 0.0577, 0.0301, 0.6871, 0.0676], [0.0619, 0.0231, 0.0639, 0.0231, 0.0767, 0.7151, 0.0362], [0.0474, 0.0193, 0.0702, 0.0143, 0.0493, 0.7516, 0.0477], [0.0491, 0.024, 0.0327, 0.0569, 0.094, 0.717, 0.0264], [0.04, 0.0243, 0.0804, 0.0769, 0.063, 0.6242, 0.0912], [0.0811, 0.0833, 0.0794, 0.0616, 0.0205, 0.6359, 0.0383], [0.0759, 0.0153, 0.0847, 0.046, 0.0554, 0.6587, 0.064], [0.0695, 0.031, 0.0367, 0.0723, 0.0432, 0.7319, 0.0154], [0.0656, 0.0502, 0.047, 0.0666, 0.0184, 0.7176, 0.0347], [0.0628, 0.0766, 0.0569, 0.0114, 0.0227, 0.7471, 0.0225], [0.0923, 0.0179, 0.0209, 0.0259, 0.0378, 0.755, 0.0502], [0.0411, 0.0679, 0.0772, 0.0359, 0.0232, 0.7184, 0.0363], [0.042, 0.0495, 0.0679, 0.0276, 0.0757, 0.6705, 0.0667], [0.0432, 0.0397, 0.0151, 0.0371, 0.0714, 0.7211, 0.0724], [0.0819, 0.074, 0.0848, 0.0353, 0.0486, 0.6185, 0.057], [0.0878, 0.0823, 0.0499, 0.0704, 0.042, 0.6458, 0.0219], [0.0787, 0.0329, 0.0522, 0.0213, 0.0475, 0.6828, 0.0846], [0.0664, 0.0321, 0.068, 0.0204, 0.0173, 0.7471, 0.0488], [0.0346, 0.0654, 0.0599, 0.0311, 0.0871, 0.7078, 0.0141], [0.0663, 0.0785, 0.0431, 0.0458, 0.0176, 0.7064, 0.0422], [0.0745, 0.0723, 0.055, 0.0701, 0.0364, 0.6707, 0.021], [0.0654, 0.0227, 0.0789, 0.0175, 0.0703, 0.6702, 0.075], [0.0406, 0.0341, 0.0513, 0.0183, 0.0255, 0.7688, 0.0614], [0.0231, 0.0333, 0.056, 0.0462, 0.031, 0.7487, 0.0616], [0.0676, 0.0726, 0.0692, 0.0414, 0.045, 0.6857, 0.0185], [0.0667, 0.0722, 0.0511, 0.05, 0.0128, 0.7199, 0.0273], [0.0617, 0.07, 0.046, 0.0506, 0.0568, 0.6751, 0.0397], [0.0201, 0.11, 0.0304, 0.0361, 0.0492, 0.7321, 0.0221], [0.0282, 0.0718, 0.0779, 0.0688, 0.0298, 0.702, 0.0215], [0.0584, 0.0726, 0.0512, 0.095, 0.0175, 0.6909, 0.0144], [0.0393, 0.0206, 0.0247, 0.0377, 0.0312, 0.8047, 0.0418], [0.0699, 0.0175, 0.0506, 0.0461, 0.0543, 0.7248, 0.0368], [0.0326, 0.0372, 0.0661, 0.0121, 0.0602, 0.7494, 0.0423], [0.0568, 0.0557, 0.0454, 0.0411, 0.024, 0.7358, 0.0414], [0.0737, 0.0615, 0.0489, 0.0743, 0.0466, 0.6298, 0.0653], [0.017, 0.0188, 0.0857, 0.0928, 0.0483, 0.7177, 0.0198], [0.0267, 0.0267, 0.0674, 0.0285, 0.0311, 0.8049, 0.0147], [0.0243, 0.0266, 0.0695, 0.0268, 0.0804, 0.7107, 0.0618], [0.0854, 0.0744, 0.019, 0.0398, 0.0416, 0.7194, 0.0204], [0.0567, 0.0812, 0.0413, 0.0791, 0.0805, 0.5983, 0.0629], [0.0766, 0.0777, 0.0564, 0.0327, 0.079, 0.6156, 0.062], [0.086, 0.0735, 0.0825, 0.052, 0.0238, 0.6548, 0.0275]], "emotions": ["purple", "purple", "purple", "purple", "purple", "purple", "purple", "purple", "purple", "purple", "purple", "purple", "purple", "purple", "purple", "purple", "purple", "purple", "purple", "purple", "purple", "purple", "purple", "purple", "purple", "purple", "purple", "purple", "purple", "purple", "purple", "purple", "purple", "purple", "purple", "purple", "purple", "purple", "purple", "purple", "purple", "purple", "purple", "purple", "purple", "purple", "purple", "purple", "purple", "purple", "purple", "purple", "purple", "purple", "purple", "purple", "purple", "purple", "purple", "purple", "purple", "purple", "purple", "purple", "purple", "purple", "purple", "purple", "purple", "purple", "purple", "purple", "purple", "purple", "purple", "purple", "purple", "purple", "purple", "purple"], "timestamps": [0, 40, 80, 120, 160, 200, 240, 280, 320, 360, 400, 440, 480, 520, 560, 600, 640, 680, 720, 760, 800, 840, 880, 920, 960, 1000, 1040, 1080, 1120, 1160, 1200, 1240, 1280, 1320, 1360, 1400, 1440, 1480, 1520, 1560, 1600, 1640, 1680, 1720, 1760, 1800, 1840, 1880, 1920, 1960, 2000, 2040, 2080, 2120, 2160, 2200, 2240, 2280, 2320, 2360, 2400, 2440, 2480, 2520, 2560, 2600, 2640, 2680, 2720, 2760, 2800, 2840, 2880, 2920, 2960, 3000, 3040, 3080, 3120, 3160]}], "conversation": [], "conversation_timestamps": []}