{"agent_id": "agent-green-1037", "type": "green", "trips": [{"trip_id": 0, "transport_method": "bicycle", "start_time": 0, "path": [[1.60776, 42.570946], [1.6066805, 42.5707528], [1.6050284, 42.5699954], [1.6040957, 42.5684708], [1.6023344, 42.5678594], [1.600821, 42.5667147], [1.6008749, 42.5664483], [1.6007881, 42.5667807], [1.5992441, 42.565706], [1.5979516, 42.5643879], [1.5960974, 42.5643632], [1.5943174, 42.5637071], [1.5933323, 42.5621218], [1.5937295, 42.5605434], [1.5932902, 42.5588564], [1.5922421, 42.5576617], [1.5916701, 42.5562], [1.5911709, 42.5543782], [1.5908062, 42.5531418], [1.5917331, 42.5515945], [1.5920562, 42.5497394], [1.5923414, 42.5479533], [1.591532, 42.5463111], [1.5918562, 42.5445089], [1.5915832, 42.5426594], [1.5923918, 42.54101], [1.5918337, 42.539258], [1.5909986, 42.5377041], [1.5892585, 42.5369224], [1.5882656, 42.53534], [1.5877094, 42.5349356], [1.5868012, 42.5344624], [1.5853066, 42.5334954], [1.584602, 42.5329404], [1.5830652, 42.5318344], [1.5811734, 42.5317209], [1.5792661, 42.5317896], [1.5773594, 42.5317415], [1.5754742, 42.5314502], [1.5739228, 42.5304257], [1.5735189, 42.5303429], [1.5746346, 42.5310872], [1.5732303, 42.5297943], [1.5715078, 42.5293259], [1.5699578, 42.5283471], [1.5705432, 42.5286862], [1.5706485, 42.5289245], [1.5690599, 42.5278663], [1.5675176, 42.5268405], [1.5690817, 42.5277972], [1.5674967, 42.5267337], [1.5659037, 42.5256882], [1.5641138, 42.5250959], [1.5624329, 42.5242539], [1.5610598, 42.5229452], [1.5595153, 42.5218837], [1.5580394, 42.5206985], [1.5567947, 42.5194469], [1.5561669, 42.5186266], [1.5559147, 42.5186517], [1.5548562, 42.5178641], [1.5539997, 42.5170546], [1.5544406, 42.5175703], [1.5534103, 42.5160018], [1.552716, 42.5142879], [1.5515298, 42.5130303], [1.5499926, 42.5119575], [1.548159, 42.5114396], [1.5464467, 42.5107305], [1.5461822, 42.5099011], [1.5445334, 42.5093096], [1.5426894, 42.5088876], [1.5408049, 42.5086851], [1.5392225, 42.5082402], [1.5373664, 42.507925], [1.5366543, 42.5078896], [1.5356359, 42.5075588], [1.5345387, 42.5066411], [1.5326814, 42.5062484], [1.5309286, 42.5055147]], "mood_vectors": [[0.0242, 0.0698, 0.0643, 0.0573, 0.0171, 0.0193, 0.7479], [0.0377, 0.0297, 0.0146, 0.0214, 0.0754, 0.0462, 0.7749], [0.0168, 0.0165, 0.0808, 0.0785, 0.05, 0.0373, 0.7201], [0.0218, 0.0602, 0.0586, 0.0422, 0.0512, 0.0287, 0.7373], [0.0363, 0.063, 0.0173, 0.0659, 0.0541, 0.0497, 0.7137], [0.045, 0.0418, 0.075, 0.0681, 0.0639, 0.0527, 0.6534], [0.0514, 0.028, 0.0569, 0.0599, 0.0274, 0.0257, 0.7507], [0.0543, 0.054, 0.034, 0.0635, 0.0182, 0.048, 0.7279], [0.0448, 0.0269, 0.0739, 0.0738, 0.0291, 0.0623, 0.6892], [0.0284, 0.0867, 0.0279, 0.0842, 0.0228, 0.029, 0.721], [0.0685, 0.0382, 0.0707, 0.0712, 0.0267, 0.0383, 0.6866], [0.0407, 0.0831, 0.0185, 0.0482, 0.0857, 0.0334, 0.6905], [0.0228, 0.038, 0.077, 0.0346, 0.0224, 0.0595, 0.7458], [0.0392, 0.0848, 0.0849, 0.0165, 0.0562, 0.0553, 0.6632], [0.0489, 0.0599, 0.0814, 0.0398, 0.0331, 0.0346, 0.7022], [0.0228, 0.028, 0.0586, 0.0447, 0.0634, 0.086, 0.6966], [0.0425, 0.0333, 0.0775, 0.0664, 0.0416, 0.0248, 0.7139], [0.0266, 0.0791, 0.0172, 0.0861, 0.0287, 0.036, 0.7263], [0.0552, 0.0932, 0.0586, 0.021, 0.0274, 0.0361, 0.7086], [0.0767, 0.0327, 0.0344, 0.0455, 0.0182, 0.0192, 0.7733], [0.089, 0.0371, 0.0574, 0.0145, 0.0872, 0.0134, 0.7014], [0.0525, 0.0271, 0.0595, 0.0472, 0.0249, 0.0595, 0.7293], [0.0849, 0.0406, 0.0909, 0.0269, 0.0408, 0.0565, 0.6594], [0.0626, 0.0336, 0.047, 0.0552, 0.0517, 0.0685, 0.6814], [0.0831, 0.0814, 0.0569, 0.0471, 0.0635, 0.0429, 0.6251], [0.0364, 0.0687, 0.036, 0.0737, 0.0313, 0.0614, 0.6925], [0.0862, 0.033, 0.0338, 0.0815, 0.0567, 0.0299, 0.6789], [0.0532, 0.0418, 0.0428, 0.0569, 0.0481, 0.0178, 0.7394], [0.038, 0.0477, 0.021, 0.0667, 0.0499, 0.0249, 0.7517], [0.0621, 0.0417, 0.0575, 0.0205, 0.0325, 0.0225, 0.7632], [0.0671, 0.045, 0.0196, 0.0306, 0.0501, 0.0432, 0.7444], [0.055, 0.0485, 0.0539, 0.0566, 0.0271, 0.0703, 0.6885], [0.0576, 0.0713, 0.042, 0.0604, 0.0659, 0.0605, 0.6422], [0.0612, 0.0214, 0.0709, 0.0475, 0.0258, 0.0238, 0.7493], [0.034, 0.0405, 0.0298, 0.0783, 0.0493, 0.0848, 0.6833], [0.0972, 0.0173, 0.0442, 0.0296, 0.047, 0.039, 0.7258], [0.035, 0.0247, 0.0185, 0.0684, 0.0354, 0.0707, 0.7474], [0.0224, 0.0921, 0.0866, 0.0317, 0.0241, 0.039, 0.7041], [0.0766, 0.0486, 0.0924, 0.0195, 0.0403, 0.0961, 0.6267], [0.0147, 0.0525, 0.0388, 0.0665, 0.0628, 0.0527, 0.712], [0.0689, 0.066, 0.0553, 0.0678, 0.0354, 0.0196, 0.687], [0.0209, 0.036, 0.0831, 0.0792, 0.0652, 0.0468, 0.6688], [0.0183, 0.0715, 0.0434, 0.046, 0.0212, 0.0436, 0.7561], [0.0163, 0.0532, 0.0862, 0.0853, 0.0446, 0.0715, 0.6428], [0.0385, 0.0126, 0.0238, 0.072, 0.0711, 0.0323, 0.7497], [0.0262, 0.0186, 0.0595, 0.0477, 0.0771, 0.0274, 0.7435], [0.0413, 0.0758, 0.0138, 0.0337, 0.0469, 0.071, 0.7175], [0.03, 0.0189, 0.0539, 0.0164, 0.0308, 0.0177, 0.8323], [0.0195, 0.0254, 0.049, 0.0641, 0.0273, 0.0626, 0.7521], [0.0473, 0.0828, 0.079, 0.0705, 0.0193, 0.0533, 0.6478], [0.0378, 0.0433, 0.091, 0.0231, 0.0203, 0.0548, 0.7297], [0.0298, 0.0556, 0.0195, 0.0577, 0.0562, 0.0567, 0.7246], [0.0253, 0.0389, 0.0408, 0.0653, 0.0675, 0.0612, 0.701], [0.0155, 0.0267, 0.0752, 0.0769, 0.0518, 0.0747, 0.6793], [0.0327, 0.0694, 0.0896, 0.06, 0.0699, 0.0855, 0.5928], [0.0845, 0.0514, 0.035, 0.0223, 0.0878, 0.0425, 0.6765], [0.0468, 0.0427, 0.0154, 0.0136, 0.0734, 0.0304, 0.7777], [0.0594, 0.0514, 0.0327, 0.1051, 0.0424, 0.0247, 0.6844], [0.0205, 0.0473, 0.0382, 0.0456, 0.072, 0.0205, 0.756], [0.0425, 0.0511, 0.0748, 0.0244, 0.0514, 0.0199, 0.7359], [0.0197, 0.0679, 0.065, 0.0132, 0.0666, 0.0443, 0.7232], [0.0346, 0.0689, 0.0245, 0.033, 0.0684, 0.0702, 0.7005], [0.0428, 0.0647, 0.0156, 0.0336, 0.0502, 0.0685, 0.7247], [0.0716, 0.0579, 0.0337, 0.0202, 0.0334, 0.0648, 0.7183], [0.0748, 0.0386, 0.0379, 0.0275, 0.0503, 0.075, 0.6959], [0.0609, 0.0499, 0.0347, 0.0745, 0.0497, 0.0489, 0.6815], [0.0434, 0.0501, 0.0125, 0.0752, 0.0548, 0.0591, 0.7048], [0.0709, 0.0161, 0.0418, 0.0493, 0.0476, 0.0625, 0.7118], [0.0448, 0.0628, 0.0213, 0.0268, 0.035, 0.0748, 0.7346], [0.0762, 0.0397, 0.0112, 0.03, 0.0702, 0.0704, 0.7023], [0.0415, 0.064, 0.0777, 0.0829, 0.0749, 0.0326, 0.6264], [0.0274, 0.0393, 0.0795, 0.0346, 0.0662, 0.0496, 0.7034], [0.0371, 0.0224, 0.041, 0.0492, 0.0779, 0.0216, 0.7508], [0.0597, 0.0616, 0.0642, 0.033, 0.0431, 0.0312, 0.7073], [0.069, 0.0472, 0.0665, 0.0422, 0.0215, 0.0316, 0.722], [0.0318, 0.0167, 0.0635, 0.074, 0.0602, 0.0726, 0.6811], [0.0664, 0.0611, 0.0611, 0.0533, 0.0608, 0.0304, 0.6668], [0.0556, 0.0454, 0.0156, 0.0356, 0.0698, 0.069, 0.709], [0.0692, 0.0802, 0.0907, 0.0306, 0.0379, 0.0746, 0.6168], [0.052, 0.0702, 0.0702, 0.0436, 0.0676, 0.0705, 0.6259]], "emotions": ["purple", "purple", "purple", "purple", "purple", "purple", "purple", "purple", "purple", "purple", "purple", "purple", "purple", "purple", "purple", "purple", "purple", "purple", "purple", "purple", "purple", "purple", "purple", "purple", "purple", "purple", "purple", "purple", "purple", "purple", "purple", "purple", "purple", "purple", "purple", "purple", "purple", "purple", "purple", "purple", "purple", "purple", "purple", "purple", "purple", "purple", "purple", "purple", "purple", "purple", "purple", "purple", "purple", "purple", "purple", "purple", "purple", "purple", "purple", "purple", "purple", "purple", "purple", "purple", "purple", "purple", "purple", "purple", "purple", "purple", "purple", "purple", "purple", "purple", "purple", "purple", "purple", "purple", "purple", "purple"], "timestamps": [0, 40, 80, 120, 160, 200, 240, 280, 320, 360, 400, 440, 480, 520, 560, 600, 640, 680, 720, 760, 800, 840, 880, 920, 960, 1000, 1040, 1080, 1120, 1160, 1200, 1240, 1280, 1320, 1360, 1400, 1440, 1480, 1520, 1560, 1600, 1640, 1680, 1720, 1760, 1800, 1840, 1880, 1920, 1960, 2000, 2040, 2080, 2120, 2160, 2200, 2240, 2280, 2320, 2360, 2400, 2440, 2480, 2520, 2560, 2600, 2640, 2680, 2720, 2760, 2800, 2840, 2880, 2920, 2960, 3000, 3040, 3080, 3120, 3160]}], "conversation": [], "conversation_timestamps": []}