{"agent_id": "agent-purple-884", "type": "purple", "trips": [{"trip_id": 0, "transport_method": "foot", "start_time": 0, "path": [[1.5227948, 42.5067252], [1.5240038, 42.5071311], [1.5252382, 42.508021], [1.5270418, 42.5083593], [1.5287926, 42.5088689], [1.5298774, 42.50914], [1.5316152, 42.5096845], [1.5333997, 42.5099948], [1.5351784, 42.5098954], [1.5370116, 42.5100327], [1.538842, 42.5101212], [1.5404326, 42.5095607], [1.5420728, 42.5088873], [1.5431508, 42.5089748], [1.5449421, 42.5093292], [1.545614, 42.5094631], [1.5462421, 42.510182], [1.5474925, 42.5112726], [1.5492862, 42.5117141], [1.5503564, 42.5121192], [1.5511216, 42.5126593], [1.5511981, 42.5127041], [1.5526074, 42.5136958], [1.5527789, 42.5149174], [1.5535824, 42.5165559], [1.5548358, 42.5178545], [1.5563288, 42.5187855], [1.5574935, 42.5201556], [1.5588378, 42.5214216], [1.5593476, 42.5218371], [1.5608937, 42.5228277], [1.5622553, 42.5240575], [1.563843, 42.5249142], [1.5655519, 42.5255262], [1.5671016, 42.5265143], [1.568674, 42.5274651], [1.5702129, 42.528469], [1.5716923, 42.5292817], [1.5731875, 42.5297482], [1.5744082, 42.5310742], [1.5761738, 42.531585], [1.5780098, 42.5317722], [1.5776225, 42.5317611], [1.5789746, 42.5317475], [1.5808218, 42.531734], [1.5826658, 42.5317305], [1.5842588, 42.5326131], [1.5856934, 42.5337368], [1.5872782, 42.5346672], [1.5885749, 42.5358776], [1.5897846, 42.5371391], [1.5914264, 42.5379743], [1.5918578, 42.5397042], [1.5922056, 42.5413382], [1.5915782, 42.5429835], [1.5917515, 42.5447493], [1.5916096, 42.5464968], [1.591999, 42.5473902], [1.5921972, 42.5490041], [1.5917668, 42.5507846], [1.5913067, 42.5525151], [1.5910035, 42.5529103], [1.5906961, 42.5533408], [1.5912324, 42.5545426], [1.5916801, 42.5563138], [1.5922934, 42.5576745], [1.5932902, 42.5588479], [1.5937389, 42.5604958], [1.5937111, 42.5608542], [1.593918, 42.562365], [1.5953484, 42.5635342], [1.5963228, 42.5644448], [1.5945667, 42.5638758], [1.5934131, 42.5624736], [1.594508, 42.5627657], [1.5959942, 42.563863], [1.5976029, 42.5644635], [1.5990238, 42.5653487], [1.5997913, 42.5665711], [1.6000046, 42.5661213]], "mood_vectors": [[0.043, 0.0726, 0.0296, 0.0705, 0.0264, 0.741, 0.0169], [0.0345, 0.0499, 0.0763, 0.0941, 0.0308, 0.6876, 0.0268], [0.0343, 0.0382, 0.0822, 0.029, 0.0363, 0.744, 0.0361], [0.0558, 0.0199, 0.021, 0.0368, 0.0904, 0.7009, 0.0752], [0.0441, 0.0574, 0.0374, 0.0448, 0.032, 0.7043, 0.08], [0.0353, 0.0369, 0.0411, 0.028, 0.0802, 0.7377, 0.0408], [0.0534, 0.0232, 0.0692, 0.0555, 0.057, 0.704, 0.0378], [0.0173, 0.0742, 0.0204, 0.0695, 0.0367, 0.7295, 0.0525], [0.0762, 0.0461, 0.0229, 0.0453, 0.0564, 0.7196, 0.0334], [0.0163, 0.0843, 0.0432, 0.0476, 0.0213, 0.7481, 0.0392], [0.0155, 0.0444, 0.0732, 0.0932, 0.0572, 0.6339, 0.0826], [0.0343, 0.0479, 0.0183, 0.0706, 0.0193, 0.7768, 0.033], [0.0616, 0.0639, 0.0662, 0.0504, 0.0495, 0.6964, 0.0121], [0.0709, 0.052, 0.0502, 0.0181, 0.0572, 0.7179, 0.0336], [0.0711, 0.0135, 0.0482, 0.0762, 0.0204, 0.7394, 0.0312], [0.0404, 0.048, 0.0574, 0.0509, 0.0825, 0.6635, 0.0573], [0.0362, 0.031, 0.0557, 0.0228, 0.0446, 0.7818, 0.0278], [0.0405, 0.0311, 0.0126, 0.0706, 0.0772, 0.7205, 0.0475], [0.0304, 0.086, 0.0429, 0.0553, 0.0147, 0.7094, 0.0615], [0.0514, 0.019, 0.0487, 0.029, 0.0468, 0.7636, 0.0414], [0.0454, 0.0675, 0.0371, 0.0596, 0.0463, 0.7153, 0.0288], [0.0471, 0.0589, 0.09, 0.0619, 0.0267, 0.6333, 0.0821], [0.0676, 0.081, 0.0443, 0.0257, 0.0342, 0.6902, 0.057], [0.0682, 0.0684, 0.0426, 0.0663, 0.0453, 0.6783, 0.031], [0.0773, 0.0548, 0.0836, 0.0684, 0.024, 0.6754, 0.0164], [0.0709, 0.0349, 0.042, 0.0465, 0.0684, 0.6941, 0.0432], [0.0674, 0.0539, 0.0168, 0.0712, 0.0277, 0.7003, 0.0626], [0.0326, 0.0776, 0.0776, 0.0576, 0.0726, 0.6568, 0.0253], [0.0704, 0.0782, 0.0202, 0.0265, 0.0562, 0.6803, 0.0682], [0.0243, 0.0276, 0.0412, 0.0581, 0.0135, 0.8198, 0.0155], [0.0533, 0.034, 0.0735, 0.0686, 0.0892, 0.6588, 0.0226], [0.0472, 0.0605, 0.0505, 0.0732, 0.054, 0.6897, 0.0249], [0.0805, 0.0702, 0.0343, 0.0325, 0.0152, 0.7258, 0.0414], [0.0478, 0.0306, 0.0323, 0.0379, 0.0526, 0.74, 0.0589], [0.0287, 0.016, 0.0696, 0.0607, 0.0589, 0.7205, 0.0456], [0.0671, 0.0642, 0.0699, 0.0876, 0.0155, 0.6433, 0.0523], [0.0326, 0.0144, 0.0546, 0.0795, 0.059, 0.7214, 0.0385], [0.0239, 0.033, 0.043, 0.0424, 0.0491, 0.7244, 0.0842], [0.0288, 0.036, 0.0284, 0.0868, 0.0623, 0.7244, 0.0333], [0.0427, 0.0537, 0.0473, 0.045, 0.065, 0.679, 0.0673], [0.0791, 0.0197, 0.041, 0.0704, 0.0322, 0.7395, 0.0181], [0.0221, 0.0517, 0.0558, 0.0767, 0.0525, 0.7146, 0.0267], [0.0266, 0.0437, 0.0558, 0.09, 0.038, 0.6632, 0.0828], [0.0528, 0.0366, 0.0743, 0.0521, 0.0496, 0.6916, 0.043], [0.0324, 0.0865, 0.016, 0.0214, 0.043, 0.7109, 0.0899], [0.0778, 0.0496, 0.0217, 0.0441, 0.0421, 0.7359, 0.0287], [0.0427, 0.0154, 0.059, 0.0651, 0.0406, 0.7204, 0.0568], [0.0225, 0.07, 0.028, 0.0385, 0.0819, 0.6788, 0.0803], [0.0675, 0.0515, 0.0189, 0.0612, 0.0517, 0.7339, 0.0152], [0.0768, 0.0436, 0.041, 0.0278, 0.065, 0.7049, 0.0409], [0.0436, 0.0522, 0.0825, 0.0566, 0.0213, 0.6746, 0.0691], [0.0416, 0.0852, 0.0609, 0.0844, 0.0353, 0.6423, 0.0503], [0.049, 0.0482, 0.0564, 0.0767, 0.0196, 0.699, 0.0512], [0.0876, 0.0635, 0.0732, 0.0582, 0.0394, 0.6374, 0.0407], [0.0645, 0.0544, 0.0654, 0.0619, 0.0204, 0.6687, 0.0647], [0.0817, 0.0399, 0.014, 0.0428, 0.0354, 0.757, 0.0291], [0.0408, 0.0501, 0.0394, 0.0187, 0.0272, 0.7552, 0.0686], [0.0167, 0.0505, 0.0669, 0.0443, 0.0472, 0.7298, 0.0445], [0.0249, 0.0177, 0.054, 0.0851, 0.0633, 0.7132, 0.0418], [0.0573, 0.0837, 0.0571, 0.0384, 0.0683, 0.6211, 0.074], [0.0611, 0.0392, 0.0573, 0.0192, 0.0633, 0.717, 0.0428], [0.0703, 0.0727, 0.0577, 0.0787, 0.0416, 0.6344, 0.0446], [0.0593, 0.0794, 0.0424, 0.0243, 0.0391, 0.6646, 0.0909], [0.0641, 0.0681, 0.0443, 0.0482, 0.0132, 0.7447, 0.0174], [0.0356, 0.0716, 0.0362, 0.0919, 0.0277, 0.6847, 0.0523], [0.0808, 0.0456, 0.0328, 0.0626, 0.031, 0.6941, 0.0531], [0.0583, 0.0135, 0.0631, 0.0769, 0.0713, 0.6565, 0.0604], [0.0597, 0.0601, 0.0676, 0.0683, 0.0187, 0.6554, 0.0701], [0.0488, 0.031, 0.0608, 0.0756, 0.0374, 0.6857, 0.0607], [0.0603, 0.0412, 0.0157, 0.045, 0.0774, 0.6889, 0.0714], [0.0451, 0.0191, 0.0156, 0.0618, 0.0362, 0.7873, 0.035], [0.063, 0.0619, 0.0311, 0.0777, 0.0733, 0.648, 0.0449], [0.0924, 0.019, 0.0476, 0.0285, 0.0414, 0.6913, 0.0797], [0.0876, 0.0449, 0.0178, 0.0255, 0.0723, 0.7254, 0.0264], [0.0305, 0.0688, 0.0215, 0.0613, 0.0188, 0.7491, 0.05], [0.0226, 0.0381, 0.0151, 0.0686, 0.0539, 0.7323, 0.0694], [0.0788, 0.0549, 0.0495, 0.0182, 0.0472, 0.7285, 0.0228], [0.0176, 0.0366, 0.0935, 0.063, 0.033, 0.6825, 0.0737], [0.032, 0.0786, 0.0738, 0.0189, 0.0448, 0.7017, 0.0502], [0.0489, 0.0428, 0.0509, 0.0308, 0.0762, 0.7289, 0.0215]], "emotions": ["purple", "purple", "purple", "purple", "purple", "purple", "purple", "purple", "purple", "purple", "purple", "purple", "purple", "purple", "purple", "purple", "purple", "purple", "purple", "purple", "purple", "purple", "purple", "purple", "purple", "purple", "purple", "purple", "purple", "purple", "purple", "purple", "purple", "purple", "purple", "purple", "purple", "purple", "purple", "purple", "purple", "purple", "purple", "purple", "purple", "purple", "purple", "purple", "purple", "purple", "purple", "purple", "purple", "purple", "purple", "purple", "purple", "purple", "purple", "purple", "purple", "purple", "purple", "purple", "purple", "purple", "purple", "purple", "purple", "purple", "purple", "purple", "purple", "purple", "purple", "purple", "purple", "purple", "purple", "purple"], "timestamps": [0, 40, 80, 120, 160, 200, 240, 280, 320, 360, 400, 440, 480, 520, 560, 600, 640, 680, 720, 760, 800, 840, 880, 920, 960, 1000, 1040, 1080, 1120, 1160, 1200, 1240, 1280, 1320, 1360, 1400, 1440, 1480, 1520, 1560, 1600, 1640, 1680, 1720, 1760, 1800, 1840, 1880, 1920, 1960, 2000, 2040, 2080, 2120, 2160, 2200, 2240, 2280, 2320, 2360, 2400, 2440, 2480, 2520, 2560, 2600, 2640, 2680, 2720, 2760, 2800, 2840, 2880, 2920, 2960, 3000, 3040, 3080, 3120, 3160]}], "conversation": [], "conversation_timestamps": []}