{"agent_id": "agent-red-1146", "type": "red", "trips": [{"trip_id": 0, "transport_method": "bus", "start_time": 0, "path": [[1.4939707, 42.467503], [1.4937849, 42.4682869], [1.4932897, 42.4689484], [1.4932351, 42.469871], [1.4932439, 42.4707937], [1.4934498, 42.4716858], [1.4933911, 42.4725162], [1.4929919, 42.4732957], [1.4921577, 42.4736936], [1.4913631, 42.4741449], [1.4908669, 42.4749091], [1.490857, 42.4758349], [1.4905978, 42.4766921], [1.4904523, 42.47761], [1.4903068, 42.478528], [1.4901613, 42.4794459], [1.4900158, 42.4803638], [1.4898703, 42.4812817], [1.489646, 42.4817125], [1.4894654, 42.4808073], [1.4893614, 42.4798841], [1.4896154, 42.4789977], [1.4901103, 42.4782111], [1.4905355, 42.4773856], [1.4906244, 42.4765099], [1.4905584, 42.4773935], [1.490485, 42.47832], [1.4904116, 42.4792465], [1.4903382, 42.4801729], [1.4902648, 42.4810994], [1.4901914, 42.4820259], [1.490344, 42.4828995], [1.490777, 42.4837119], [1.4912353, 42.4844777], [1.492096, 42.4847866], [1.4929092, 42.4851015], [1.4936974, 42.4855855], [1.4943898, 42.4862026], [1.4947427, 42.4870463], [1.4946901, 42.4879638], [1.4951662, 42.4887394], [1.4957719, 42.4894443], [1.496265, 42.490211], [1.4963897, 42.4911158], [1.4971424, 42.4916574], [1.4979336, 42.4921443], [1.4987549, 42.4925791], [1.4995593, 42.493042], [1.5002863, 42.4936209], [1.5008905, 42.4942592], [1.5017333, 42.4946509], [1.5025715, 42.4950522], [1.503427, 42.4954107], [1.5042907, 42.495744], [1.5051178, 42.4961659], [1.5060023, 42.4964512], [1.5068784, 42.4967615], [1.5077505, 42.4970826], [1.5085954, 42.4974682], [1.5094312, 42.4978746], [1.5102455, 42.4983197], [1.5108445, 42.4990279], [1.5114215, 42.4997564], [1.5119884, 42.5004928], [1.5125467, 42.5012359], [1.5130905, 42.5019892], [1.5129774, 42.5018755], [1.5132752, 42.502249], [1.5136606, 42.5026729], [1.5143306, 42.503317], [1.5150006, 42.5039611], [1.5156705, 42.5046052], [1.5164426, 42.5050984], [1.5172142, 42.5053899], [1.5181096, 42.5053782], [1.5190307, 42.5054961], [1.5199378, 42.505697], [1.5208154, 42.5059048], [1.5216867, 42.506228], [1.5225981, 42.5064053]], "mood_vectors": [[0.6988, 0.0597, 0.0528, 0.0368, 0.0653, 0.0368, 0.0499], [0.683, 0.0735, 0.0194, 0.0663, 0.0264, 0.0595, 0.0719], [0.6107, 0.0867, 0.0298, 0.0738, 0.0756, 0.0815, 0.0418], [0.7329, 0.0691, 0.0369, 0.0614, 0.039, 0.0218, 0.0389], [0.6517, 0.064, 0.0266, 0.0776, 0.0822, 0.0699, 0.028], [0.7794, 0.0397, 0.0242, 0.0255, 0.0688, 0.0169, 0.0455], [0.7661, 0.0487, 0.0164, 0.0346, 0.0545, 0.0317, 0.048], [0.7219, 0.0551, 0.0709, 0.0317, 0.0393, 0.0489, 0.0323], [0.6829, 0.0591, 0.0654, 0.0694, 0.0116, 0.0495, 0.0621], [0.7145, 0.0837, 0.0191, 0.0233, 0.023, 0.0483, 0.0882], [0.6722, 0.0537, 0.0342, 0.0563, 0.0701, 0.0534, 0.0601], [0.8053, 0.0222, 0.0306, 0.0567, 0.0221, 0.0177, 0.0454], [0.7035, 0.0728, 0.0775, 0.0291, 0.0139, 0.0431, 0.0601], [0.7534, 0.0642, 0.0305, 0.0135, 0.0575, 0.0377, 0.0433], [0.7387, 0.0335, 0.0748, 0.0484, 0.0193, 0.0581, 0.0271], [0.6618, 0.077, 0.0202, 0.0516, 0.0345, 0.0779, 0.0769], [0.7566, 0.0152, 0.0155, 0.0651, 0.0522, 0.0697, 0.0258], [0.693, 0.0694, 0.0274, 0.0273, 0.0194, 0.0833, 0.0802], [0.7404, 0.0494, 0.0306, 0.0438, 0.0636, 0.0525, 0.0196], [0.7869, 0.0187, 0.0485, 0.0246, 0.0296, 0.0154, 0.0763], [0.6731, 0.0153, 0.0725, 0.0341, 0.0618, 0.0664, 0.0767], [0.6752, 0.0467, 0.0331, 0.0594, 0.0421, 0.0782, 0.0654], [0.6915, 0.0437, 0.0268, 0.0568, 0.0335, 0.0739, 0.0738], [0.7361, 0.015, 0.0758, 0.0608, 0.0216, 0.0556, 0.035], [0.6385, 0.0676, 0.0726, 0.082, 0.0322, 0.0832, 0.0239], [0.7904, 0.0319, 0.0446, 0.0433, 0.0596, 0.0132, 0.0171], [0.6332, 0.0711, 0.0719, 0.068, 0.0654, 0.0321, 0.0581], [0.7215, 0.1019, 0.0509, 0.0319, 0.0243, 0.05, 0.0195], [0.6844, 0.0328, 0.0969, 0.087, 0.0436, 0.0262, 0.0292], [0.6948, 0.0712, 0.0117, 0.0704, 0.0356, 0.0483, 0.068], [0.701, 0.0823, 0.0376, 0.0461, 0.0161, 0.0786, 0.0383], [0.6972, 0.0231, 0.0463, 0.0745, 0.053, 0.0691, 0.0369], [0.6928, 0.0612, 0.0588, 0.0465, 0.0531, 0.0632, 0.0244], [0.7052, 0.0498, 0.0555, 0.0282, 0.0644, 0.052, 0.0451], [0.6999, 0.0235, 0.036, 0.0348, 0.0794, 0.0648, 0.0617], [0.7601, 0.0475, 0.0375, 0.0725, 0.0318, 0.0303, 0.0203], [0.7315, 0.0301, 0.0764, 0.0262, 0.0288, 0.042, 0.0651], [0.6778, 0.0564, 0.0177, 0.0596, 0.0706, 0.0574, 0.0605], [0.6861, 0.0468, 0.0583, 0.046, 0.0333, 0.0595, 0.07], [0.6969, 0.0215, 0.0596, 0.0743, 0.0608, 0.059, 0.028], [0.7315, 0.0643, 0.0666, 0.043, 0.033, 0.0155, 0.0461], [0.6823, 0.0841, 0.0632, 0.0739, 0.0322, 0.0222, 0.0419], [0.6814, 0.023, 0.0511, 0.0752, 0.0438, 0.0563, 0.0694], [0.8344, 0.0141, 0.0502, 0.0273, 0.0183, 0.0202, 0.0357], [0.6761, 0.059, 0.0398, 0.0613, 0.0447, 0.0798, 0.0393], [0.6745, 0.0919, 0.0418, 0.059, 0.045, 0.0138, 0.074], [0.7389, 0.0569, 0.0475, 0.0407, 0.0601, 0.0236, 0.0322], [0.725, 0.0845, 0.0131, 0.0429, 0.0385, 0.072, 0.024], [0.7913, 0.0349, 0.0377, 0.0363, 0.04, 0.0233, 0.0366], [0.7321, 0.0319, 0.057, 0.0311, 0.0387, 0.0315, 0.0777], [0.7065, 0.0422, 0.0766, 0.0137, 0.0297, 0.0761, 0.0552], [0.711, 0.0274, 0.0665, 0.0834, 0.051, 0.0273, 0.0333], [0.7055, 0.0354, 0.0621, 0.0444, 0.0505, 0.0684, 0.0337], [0.7074, 0.0761, 0.0553, 0.0541, 0.0363, 0.0312, 0.0396], [0.6762, 0.0736, 0.0623, 0.0562, 0.0472, 0.0287, 0.0559], [0.7782, 0.0451, 0.0325, 0.0503, 0.0364, 0.0415, 0.0161], [0.6682, 0.0255, 0.0138, 0.0717, 0.0761, 0.0809, 0.0637], [0.6769, 0.0868, 0.0617, 0.043, 0.0947, 0.0168, 0.02], [0.6891, 0.0455, 0.0315, 0.0771, 0.079, 0.0194, 0.0584], [0.6172, 0.0505, 0.0779, 0.0666, 0.0928, 0.0615, 0.0335], [0.6833, 0.0401, 0.0434, 0.0343, 0.075, 0.0469, 0.0769], [0.6384, 0.0348, 0.0427, 0.0594, 0.0868, 0.0805, 0.0574], [0.6173, 0.0669, 0.069, 0.0771, 0.0788, 0.0403, 0.0505], [0.7019, 0.0752, 0.0239, 0.0655, 0.0223, 0.0543, 0.0569], [0.7321, 0.0571, 0.0208, 0.0639, 0.0484, 0.0415, 0.0362], [0.733, 0.016, 0.047, 0.0158, 0.0535, 0.0681, 0.0666], [0.697, 0.032, 0.0276, 0.0278, 0.0562, 0.0831, 0.0763], [0.6153, 0.0721, 0.0584, 0.0796, 0.0393, 0.0656, 0.0697], [0.6739, 0.0686, 0.0345, 0.0516, 0.0646, 0.0153, 0.0915], [0.7565, 0.034, 0.0141, 0.0679, 0.0232, 0.0344, 0.0699], [0.6888, 0.0831, 0.0261, 0.0334, 0.0534, 0.0554, 0.0597], [0.7102, 0.0226, 0.0153, 0.0604, 0.0573, 0.0616, 0.0726], [0.6517, 0.0375, 0.085, 0.0694, 0.0669, 0.0361, 0.0533], [0.6963, 0.0669, 0.024, 0.0414, 0.0822, 0.0601, 0.029], [0.7211, 0.0777, 0.0769, 0.02, 0.067, 0.0146, 0.0228], [0.7353, 0.0772, 0.0802, 0.0257, 0.0145, 0.0392, 0.0279], [0.745, 0.0571, 0.0753, 0.0197, 0.0504, 0.026, 0.0264], [0.6933, 0.0138, 0.0703, 0.0718, 0.0701, 0.067, 0.0136], [0.7071, 0.0203, 0.0597, 0.0147, 0.0944, 0.0149, 0.0889], [0.6548, 0.0402, 0.0349, 0.0669, 0.0725, 0.0794, 0.0513]], "emotions": ["red", "red", "red", "red", "red", "red", "red", "red", "red", "red", "red", "red", "red", "red", "red", "red", "red", "red", "red", "red", "red", "red", "red", "red", "red", "red", "red", "red", "red", "red", "red", "red", "red", "red", "red", "red", "red", "red", "red", "red", "red", "red", "red", "red", "red", "red", "red", "red", "red", "red", "red", "red", "red", "red", "red", "red", "red", "red", "red", "red", "red", "red", "red", "red", "red", "red", "red", "red", "red", "red", "red", "red", "red", "red", "red", "red", "red", "red", "red", "red"], "timestamps": [0, 40, 80, 120, 160, 200, 240, 280, 320, 360, 400, 440, 480, 520, 560, 600, 640, 680, 720, 760, 800, 840, 880, 920, 960, 1000, 1040, 1080, 1120, 1160, 1200, 1240, 1280, 1320, 1360, 1400, 1440, 1480, 1520, 1560, 1600, 1640, 1680, 1720, 1760, 1800, 1840, 1880, 1920, 1960, 2000, 2040, 2080, 2120, 2160, 2200, 2240, 2280, 2320, 2360, 2400, 2440, 2480, 2520, 2560, 2600, 2640, 2680, 2720, 2760, 2800, 2840, 2880, 2920, 2960, 3000, 3040, 3080, 3120, 3160]}], "conversation": [], "conversation_timestamps": []}