{"agent_id": "agent-blue-1280", "type": "blue", "trips": [{"trip_id": 0, "transport_method": "bicycle", "start_time": 0, "path": [[1.5387668, 42.5095006], [1.5387661, 42.5095296], [1.5387655, 42.5095586], [1.5387648, 42.5095876], [1.5387641, 42.5096166], [1.5387634, 42.5096456], [1.5387627, 42.5096746], [1.5387621, 42.5097035], [1.5387614, 42.5097325], [1.5387607, 42.5097615], [1.53876, 42.5097905], [1.5387594, 42.5098195], [1.5387587, 42.5098485], [1.538758, 42.5098775], [1.5387573, 42.5099064], [1.5387567, 42.5099354], [1.538756, 42.5099644], [1.5387553, 42.5099934], [1.5387546, 42.5100224], [1.538754, 42.5100514], [1.5387663, 42.5100734], [1.5387909, 42.5100888], [1.5388154, 42.5101043], [1.5388399, 42.5101198], [1.5388644, 42.5101353], [1.5388889, 42.5101508], [1.5389134, 42.5101663], [1.5389379, 42.5101818], [1.5389625, 42.5101972], [1.538987, 42.5102127], [1.5390115, 42.5102282], [1.539036, 42.5102437], [1.5390605, 42.5102592], [1.539085, 42.5102747], [1.5391006, 42.5102952], [1.5391013, 42.5103242], [1.5391019, 42.5103532], [1.5391025, 42.5103821], [1.5391032, 42.5104111], [1.5391038, 42.5104401], [1.5391045, 42.5104691], [1.5391051, 42.5104981], [1.5391057, 42.5105271], [1.5391064, 42.5105561], [1.539107, 42.5105851], [1.5391077, 42.510614], [1.5391083, 42.510643], [1.5391232, 42.5106636], [1.5391482, 42.5106782], [1.5391733, 42.5106928], [1.5391984, 42.5107073], [1.5392234, 42.5107219], [1.5392485, 42.5107364], [1.5392736, 42.510751], [1.5392986, 42.5107656], [1.5393237, 42.5107801], [1.5393488, 42.5107947], [1.5393739, 42.5108093], [1.5393989, 42.5108238], [1.539424, 42.5108384], [1.5394491, 42.510853], [1.5394741, 42.5108675], [1.5394992, 42.5108821], [1.5395243, 42.5108966], [1.5395506, 42.510908], [1.5395789, 42.5109143], [1.5396072, 42.5109206], [1.5396355, 42.5109269], [1.5396638, 42.5109333], [1.5396921, 42.5109396], [1.5397204, 42.5109459], [1.5397487, 42.5109522], [1.539777, 42.5109585], [1.5398053, 42.5109648], [1.5398336, 42.5109711], [1.5398619, 42.5109774], [1.5398902, 42.5109837], [1.5399185, 42.51099], [1.5399468, 42.5109963], [1.5399751, 42.5110026]], "mood_vectors": [[0.0783, 0.0643, 0.0151, 0.725, 0.0508, 0.0324, 0.0341], [0.0651, 0.0723, 0.0668, 0.6497, 0.0452, 0.0488, 0.0522], [0.017, 0.0496, 0.0903, 0.6552, 0.0651, 0.0767, 0.0461], [0.0311, 0.0563, 0.0128, 0.7587, 0.0204, 0.0756, 0.0451], [0.0405, 0.0654, 0.0826, 0.7052, 0.0407, 0.0319, 0.0336], [0.0899, 0.0222, 0.0806, 0.6696, 0.058, 0.0624, 0.0174], [0.0503, 0.0505, 0.0333, 0.6763, 0.0838, 0.0815, 0.0244], [0.0219, 0.0477, 0.0762, 0.6538, 0.0638, 0.0725, 0.0641], [0.0913, 0.0389, 0.0731, 0.6585, 0.0494, 0.0365, 0.0523], [0.0205, 0.0501, 0.0515, 0.6562, 0.0683, 0.0592, 0.0942], [0.0236, 0.0698, 0.0513, 0.6846, 0.0833, 0.0636, 0.0239], [0.0917, 0.0577, 0.077, 0.6483, 0.0367, 0.0429, 0.0458], [0.0285, 0.0713, 0.0478, 0.6626, 0.0533, 0.0641, 0.0724], [0.0675, 0.065, 0.0399, 0.6804, 0.025, 0.0659, 0.0562], [0.0779, 0.0186, 0.0689, 0.6952, 0.0571, 0.0229, 0.0593], [0.0458, 0.0847, 0.0816, 0.6438, 0.0206, 0.0428, 0.0806], [0.0736, 0.0802, 0.0166, 0.6676, 0.0584, 0.0751, 0.0285], [0.082, 0.0426, 0.0363, 0.7242, 0.0456, 0.0449, 0.0245], [0.0606, 0.0535, 0.0668, 0.5979, 0.076, 0.0716, 0.0736], [0.0776, 0.0506, 0.0444, 0.699, 0.0559, 0.0332, 0.0394], [0.0391, 0.02, 0.0705, 0.7319, 0.0645, 0.02, 0.054], [0.0901, 0.0448, 0.039, 0.7191, 0.0601, 0.0208, 0.026], [0.0181, 0.0645, 0.0346, 0.7236, 0.0668, 0.056, 0.0365], [0.0551, 0.061, 0.08, 0.5923, 0.0657, 0.064, 0.082], [0.0527, 0.0843, 0.0251, 0.6926, 0.0346, 0.0612, 0.0495], [0.0762, 0.033, 0.0268, 0.6971, 0.0471, 0.0715, 0.0483], [0.0643, 0.0292, 0.062, 0.7386, 0.0493, 0.016, 0.0407], [0.0569, 0.0493, 0.0738, 0.6824, 0.0304, 0.0494, 0.0578], [0.0527, 0.0471, 0.0404, 0.6982, 0.0873, 0.0389, 0.0355], [0.0525, 0.0263, 0.0333, 0.6529, 0.0852, 0.0637, 0.0861], [0.0438, 0.0409, 0.0151, 0.6767, 0.0693, 0.0825, 0.0718], [0.0708, 0.0215, 0.0502, 0.718, 0.0747, 0.0146, 0.0502], [0.0223, 0.062, 0.0274, 0.7466, 0.0186, 0.0662, 0.0569], [0.0384, 0.0126, 0.0575, 0.7616, 0.0545, 0.0562, 0.0192], [0.0488, 0.0446, 0.0793, 0.6762, 0.0262, 0.0833, 0.0416], [0.0757, 0.0645, 0.0309, 0.7296, 0.0689, 0.0115, 0.0189], [0.0201, 0.0649, 0.0706, 0.7726, 0.0186, 0.0355, 0.0178], [0.0722, 0.0556, 0.0184, 0.6525, 0.0388, 0.0772, 0.0854], [0.0682, 0.0156, 0.0219, 0.7116, 0.0866, 0.0264, 0.0697], [0.0813, 0.0318, 0.0297, 0.729, 0.0277, 0.0414, 0.0591], [0.0901, 0.0221, 0.0369, 0.6634, 0.073, 0.0418, 0.0726], [0.0406, 0.0473, 0.055, 0.7256, 0.0475, 0.0409, 0.0431], [0.0793, 0.0689, 0.066, 0.609, 0.0552, 0.0447, 0.077], [0.0438, 0.0487, 0.0368, 0.6611, 0.0207, 0.084, 0.1049], [0.069, 0.06, 0.0326, 0.6911, 0.0456, 0.0494, 0.0522], [0.0523, 0.0355, 0.0575, 0.7341, 0.0253, 0.074, 0.0212], [0.0592, 0.0634, 0.0797, 0.619, 0.0478, 0.0816, 0.0493], [0.0581, 0.041, 0.0545, 0.6478, 0.0724, 0.0795, 0.0466], [0.0686, 0.0336, 0.0715, 0.6945, 0.0259, 0.0432, 0.0627], [0.075, 0.053, 0.0345, 0.69, 0.059, 0.0314, 0.0571], [0.0672, 0.0668, 0.0705, 0.648, 0.0727, 0.0518, 0.0229], [0.056, 0.0714, 0.0562, 0.6489, 0.0338, 0.0697, 0.064], [0.0607, 0.0148, 0.0627, 0.7968, 0.0227, 0.0231, 0.0192], [0.0368, 0.067, 0.0254, 0.7824, 0.047, 0.0214, 0.0199], [0.0555, 0.0209, 0.0613, 0.7154, 0.0684, 0.0574, 0.021], [0.0343, 0.0238, 0.0526, 0.7796, 0.0238, 0.045, 0.0408], [0.0615, 0.0797, 0.0181, 0.689, 0.0624, 0.07, 0.0193], [0.0756, 0.0594, 0.057, 0.6537, 0.0171, 0.0906, 0.0466], [0.0694, 0.0326, 0.0481, 0.7322, 0.0576, 0.019, 0.0412], [0.0462, 0.0902, 0.0238, 0.6607, 0.0351, 0.0836, 0.0604], [0.0565, 0.0954, 0.0809, 0.6409, 0.0607, 0.0231, 0.0426], [0.0237, 0.0579, 0.024, 0.7921, 0.0147, 0.0638, 0.0237], [0.0689, 0.0368, 0.0329, 0.773, 0.014, 0.0606, 0.0138], [0.0661, 0.0208, 0.0701, 0.668, 0.081, 0.0385, 0.0555], [0.0496, 0.0476, 0.0957, 0.6672, 0.0793, 0.0176, 0.043], [0.079, 0.0857, 0.0377, 0.6281, 0.0359, 0.0728, 0.0608], [0.0261, 0.0601, 0.0817, 0.6851, 0.0656, 0.06, 0.0214], [0.0579, 0.0373, 0.0361, 0.7181, 0.058, 0.06, 0.0327], [0.0688, 0.0318, 0.0638, 0.6786, 0.0616, 0.0405, 0.055], [0.0214, 0.0117, 0.0482, 0.756, 0.0388, 0.0518, 0.0721], [0.0169, 0.0637, 0.0737, 0.734, 0.0718, 0.0114, 0.0285], [0.0198, 0.0614, 0.05, 0.7265, 0.0644, 0.0429, 0.0351], [0.0831, 0.0441, 0.084, 0.7074, 0.0226, 0.0234, 0.0355], [0.0425, 0.0688, 0.0122, 0.7158, 0.045, 0.0392, 0.0765], [0.0308, 0.0675, 0.0702, 0.6795, 0.0706, 0.0145, 0.067], [0.059, 0.0553, 0.0331, 0.7219, 0.075, 0.0205, 0.0353], [0.0621, 0.0408, 0.0265, 0.7175, 0.0449, 0.0661, 0.0421], [0.0411, 0.0235, 0.0159, 0.7722, 0.0385, 0.0894, 0.0195], [0.0564, 0.0859, 0.046, 0.6723, 0.0151, 0.056, 0.0682], [0.0531, 0.0292, 0.0464, 0.7672, 0.0199, 0.0676, 0.0166]], "emotions": ["green", "green", "green", "green", "green", "green", "green", "green", "green", "green", "green", "green", "green", "green", "green", "green", "green", "green", "green", "green", "green", "green", "green", "green", "green", "green", "green", "green", "green", "green", "green", "green", "green", "green", "green", "green", "green", "green", "green", "green", "green", "green", "green", "green", "green", "green", "green", "green", "green", "green", "green", "green", "green", "green", "green", "green", "green", "green", "green", "green", "green", "green", "green", "green", "green", "green", "green", "green", "green", "green", "green", "green", "green", "green", "green", "green", "green", "green", "green", "green"], "timestamps": [0, 40, 80, 120, 160, 200, 240, 280, 320, 360, 400, 440, 480, 520, 560, 600, 640, 680, 720, 760, 800, 840, 880, 920, 960, 1000, 1040, 1080, 1120, 1160, 1200, 1240, 1280, 1320, 1360, 1400, 1440, 1480, 1520, 1560, 1600, 1640, 1680, 1720, 1760, 1800, 1840, 1880, 1920, 1960, 2000, 2040, 2080, 2120, 2160, 2200, 2240, 2280, 2320, 2360, 2400, 2440, 2480, 2520, 2560, 2600, 2640, 2680, 2720, 2760, 2800, 2840, 2880, 2920, 2960, 3000, 3040, 3080, 3120, 3160]}], "conversation": [], "conversation_timestamps": []}