{"agent_id": "agent-orange-663", "type": "orange", "trips": [{"trip_id": 0, "transport_method": "bus", "start_time": 0, "path": [[1.5217286, 42.5082821], [1.522436, 42.5084726], [1.5230941, 42.5082347], [1.5236705, 42.5085836], [1.5240548, 42.5088216], [1.5247621, 42.5089601], [1.5253651, 42.5091803], [1.525644, 42.5096987], [1.5262765, 42.5100007], [1.5268057, 42.5105194], [1.526953, 42.5102977], [1.5263184, 42.5099152], [1.5264631, 42.5099682], [1.5271386, 42.5102727], [1.5278142, 42.5105772], [1.5284897, 42.5108817], [1.5291652, 42.5111861], [1.5297794, 42.5114673], [1.5290524, 42.5113374], [1.5283254, 42.5112132], [1.5276284, 42.5109622], [1.5271684, 42.5107764], [1.527884, 42.5109687], [1.5285996, 42.5111611], [1.5293151, 42.5113534], [1.5300307, 42.5115458], [1.5307267, 42.5117889], [1.5308986, 42.5123988], [1.5304785, 42.5130091], [1.5302937, 42.5137134], [1.5302792, 42.5143833], [1.5297018, 42.5148418], [1.5292101, 42.5153795], [1.5286993, 42.5158959], [1.5280576, 42.5162664], [1.527416, 42.516637], [1.5267743, 42.5170076], [1.526398, 42.5171752], [1.5270648, 42.5168986], [1.5276911, 42.5165226], [1.528374, 42.5162504], [1.528909, 42.5157753], [1.5282876, 42.516179], [1.5276663, 42.5165828], [1.527045, 42.5169865], [1.5264237, 42.5173902], [1.5258023, 42.517794], [1.525181, 42.5181977], [1.5247056, 42.5185323], [1.5252908, 42.5180877], [1.525808, 42.5175593], [1.526128, 42.5174198], [1.5255253, 42.5178507], [1.5249225, 42.5182817], [1.5243298, 42.5187257], [1.5239099, 42.5192531], [1.5238115, 42.5199875], [1.5235423, 42.5206749], [1.5231951, 42.5213263], [1.5226147, 42.5217814], [1.5220584, 42.5222616], [1.521772, 42.5229374], [1.5213804, 42.523559], [1.5209197, 42.5241384], [1.5206324, 42.5248141], [1.5207944, 42.5255322], [1.52073, 42.5262546], [1.5206005, 42.5269564], [1.520789, 42.5276185], [1.5210421, 42.528292], [1.5214408, 42.528869], [1.5219984, 42.5293018], [1.5216054, 42.5298861], [1.5212421, 42.5304934], [1.5211439, 42.5310358], [1.5208945, 42.5317095], [1.5212532, 42.5323571], [1.5212368, 42.5329942], [1.5218973, 42.5329807], [1.5215731, 42.5335813]], "mood_vectors": [[0.0838, 0.0434, 0.0561, 0.0226, 0.7302, 0.0169, 0.047], [0.0748, 0.0352, 0.0444, 0.0558, 0.6894, 0.0367, 0.0637], [0.0201, 0.0343, 0.0575, 0.0282, 0.7375, 0.0884, 0.0339], [0.0254, 0.0552, 0.0247, 0.0675, 0.714, 0.0547, 0.0585], [0.0186, 0.0539, 0.0498, 0.0748, 0.6425, 0.0908, 0.0696], [0.0252, 0.0247, 0.0534, 0.0583, 0.7479, 0.016, 0.0745], [0.0806, 0.0749, 0.0745, 0.0642, 0.6089, 0.0279, 0.069], [0.0288, 0.0208, 0.0843, 0.0439, 0.736, 0.0129, 0.0731], [0.0276, 0.0669, 0.0462, 0.0673, 0.6595, 0.057, 0.0755], [0.0424, 0.0369, 0.0151, 0.0802, 0.6941, 0.0412, 0.0903], [0.0798, 0.0624, 0.0269, 0.0302, 0.7158, 0.0301, 0.0547], [0.0964, 0.0299, 0.0542, 0.0632, 0.6639, 0.0675, 0.025], [0.0193, 0.0558, 0.0304, 0.0417, 0.774, 0.0533, 0.0255], [0.0576, 0.0336, 0.0443, 0.0323, 0.7262, 0.0189, 0.0872], [0.0153, 0.1005, 0.0177, 0.0242, 0.7317, 0.0356, 0.075], [0.0254, 0.0805, 0.0355, 0.0224, 0.7585, 0.0606, 0.0172], [0.0637, 0.0545, 0.068, 0.0213, 0.6854, 0.0665, 0.0405], [0.0341, 0.0775, 0.0489, 0.0576, 0.6498, 0.0673, 0.0648], [0.0168, 0.0282, 0.0155, 0.0443, 0.7581, 0.0554, 0.0816], [0.0268, 0.0366, 0.0143, 0.0477, 0.7863, 0.0729, 0.0154], [0.0216, 0.0621, 0.0288, 0.0437, 0.7908, 0.0226, 0.0303], [0.0427, 0.0505, 0.0266, 0.0694, 0.7127, 0.0679, 0.0303], [0.034, 0.0173, 0.0393, 0.0456, 0.7473, 0.0461, 0.0705], [0.067, 0.0701, 0.014, 0.0351, 0.6678, 0.0815, 0.0646], [0.0521, 0.0564, 0.0328, 0.0649, 0.7175, 0.0421, 0.0341], [0.0647, 0.0544, 0.0673, 0.0599, 0.6514, 0.0519, 0.0504], [0.0756, 0.0145, 0.064, 0.0605, 0.7186, 0.0202, 0.0466], [0.0379, 0.0755, 0.0185, 0.049, 0.6669, 0.069, 0.0832], [0.0781, 0.0226, 0.0613, 0.0295, 0.7554, 0.0306, 0.0226], [0.0735, 0.0423, 0.0663, 0.0251, 0.7061, 0.0588, 0.0279], [0.0781, 0.0326, 0.0654, 0.0859, 0.647, 0.0395, 0.0516], [0.0122, 0.0378, 0.049, 0.0501, 0.7576, 0.0786, 0.0147], [0.0448, 0.0443, 0.047, 0.0144, 0.773, 0.034, 0.0425], [0.0547, 0.0687, 0.0558, 0.0729, 0.6358, 0.0388, 0.0733], [0.0344, 0.0148, 0.0479, 0.0673, 0.7193, 0.0951, 0.0213], [0.0162, 0.0307, 0.0781, 0.0349, 0.6859, 0.0691, 0.085], [0.0487, 0.046, 0.0526, 0.0167, 0.7466, 0.0767, 0.0126], [0.0676, 0.0426, 0.0267, 0.0727, 0.7334, 0.0178, 0.0392], [0.0541, 0.0634, 0.0914, 0.0488, 0.5812, 0.0879, 0.0732], [0.0183, 0.0116, 0.0772, 0.0452, 0.748, 0.0549, 0.0448], [0.0286, 0.0166, 0.0443, 0.0502, 0.7581, 0.0283, 0.074], [0.0446, 0.0235, 0.0798, 0.0269, 0.6599, 0.0775, 0.0877], [0.0831, 0.0695, 0.0177, 0.0721, 0.6829, 0.0216, 0.053], [0.0437, 0.0335, 0.0178, 0.0163, 0.781, 0.0813, 0.0264], [0.0197, 0.0468, 0.0706, 0.0368, 0.7382, 0.057, 0.0307], [0.0342, 0.0341, 0.0705, 0.0557, 0.7331, 0.0412, 0.0313], [0.0567, 0.0732, 0.0374, 0.0231, 0.7003, 0.0743, 0.0351], [0.073, 0.0184, 0.0344, 0.0685, 0.682, 0.0708, 0.0528], [0.0401, 0.0266, 0.0191, 0.0456, 0.7654, 0.0814, 0.0218], [0.0568, 0.0526, 0.0362, 0.0469, 0.7633, 0.0251, 0.0189], [0.0354, 0.019, 0.0593, 0.0512, 0.7302, 0.0288, 0.076], [0.0813, 0.0217, 0.0748, 0.0542, 0.723, 0.0144, 0.0305], [0.0161, 0.0403, 0.0572, 0.0465, 0.6614, 0.0865, 0.092], [0.0285, 0.0628, 0.0722, 0.0599, 0.7092, 0.0402, 0.0273], [0.044, 0.0773, 0.0242, 0.0268, 0.7516, 0.0138, 0.0622], [0.07, 0.0513, 0.0742, 0.0594, 0.6504, 0.0808, 0.014], [0.0319, 0.0812, 0.0214, 0.0301, 0.7388, 0.0666, 0.03], [0.0781, 0.0383, 0.0716, 0.0796, 0.6057, 0.0735, 0.0532], [0.0381, 0.0647, 0.0704, 0.0569, 0.6665, 0.0573, 0.0461], [0.0498, 0.0697, 0.0308, 0.0523, 0.6994, 0.0498, 0.0482], [0.0591, 0.0617, 0.0704, 0.0431, 0.6916, 0.0531, 0.021], [0.0236, 0.0378, 0.0472, 0.0768, 0.7256, 0.0701, 0.0189], [0.0195, 0.0156, 0.0526, 0.0531, 0.7991, 0.0424, 0.0177], [0.0359, 0.0569, 0.0804, 0.0626, 0.6406, 0.047, 0.0766], [0.0508, 0.0356, 0.0836, 0.0632, 0.645, 0.093, 0.0288], [0.0751, 0.0412, 0.0627, 0.0534, 0.6188, 0.0774, 0.0713], [0.0354, 0.0561, 0.0236, 0.0258, 0.7408, 0.0659, 0.0524], [0.0417, 0.073, 0.0169, 0.0195, 0.7252, 0.0773, 0.0464], [0.0148, 0.0175, 0.0161, 0.0327, 0.8556, 0.0318, 0.0316], [0.0383, 0.0127, 0.0689, 0.0111, 0.7536, 0.071, 0.0443], [0.0441, 0.0179, 0.0513, 0.0549, 0.7768, 0.0402, 0.0148], [0.0606, 0.0545, 0.0657, 0.0462, 0.735, 0.0163, 0.0216], [0.0534, 0.037, 0.0743, 0.0547, 0.6812, 0.0264, 0.073], [0.1045, 0.0658, 0.0445, 0.0517, 0.6406, 0.0602, 0.0328], [0.0834, 0.0468, 0.0746, 0.0393, 0.7026, 0.0143, 0.0389], [0.0281, 0.0584, 0.074, 0.0773, 0.623, 0.0657, 0.0736], [0.0718, 0.0601, 0.0454, 0.0933, 0.6059, 0.0906, 0.0329], [0.033, 0.0577, 0.0162, 0.0512, 0.7291, 0.0472, 0.0657], [0.0673, 0.0413, 0.0722, 0.0621, 0.6702, 0.0268, 0.06], [0.0328, 0.0734, 0.029, 0.0315, 0.7335, 0.0553, 0.0445]], "emotions": ["red", "red", "red", "red", "red", "red", "red", "red", "red", "red", "red", "red", "red", "red", "red", "red", "red", "red", "red", "red", "red", "red", "red", "red", "red", "red", "red", "red", "red", "red", "red", "red", "red", "red", "red", "red", "red", "red", "red", "red", "red", "red", "red", "red", "red", "red", "red", "red", "red", "red", "red", "red", "red", "red", "red", "red", "red", "red", "red", "red", "red", "red", "red", "red", "red", "red", "red", "red", "red", "red", "red", "red", "red", "red", "red", "red", "red", "red", "red", "red"], "timestamps": [0, 40, 80, 120, 160, 200, 240, 280, 320, 360, 400, 440, 480, 520, 560, 600, 640, 680, 720, 760, 800, 840, 880, 920, 960, 1000, 1040, 1080, 1120, 1160, 1200, 1240, 1280, 1320, 1360, 1400, 1440, 1480, 1520, 1560, 1600, 1640, 1680, 1720, 1760, 1800, 1840, 1880, 1920, 1960, 2000, 2040, 2080, 2120, 2160, 2200, 2240, 2280, 2320, 2360, 2400, 2440, 2480, 2520, 2560, 2600, 2640, 2680, 2720, 2760, 2800, 2840, 2880, 2920, 2960, 3000, 3040, 3080, 3120, 3160]}], "conversation": [], "conversation_timestamps": []}