{"agent_id": "agent-green-122", "type": "green", "trips": [{"trip_id": 0, "transport_method": "car", "start_time": 0, "path": [[1.4856459, 42.4605403], [1.485431, 42.4602248], [1.4868605, 42.4606108], [1.4873201, 42.4608903], [1.4864838, 42.4602757], [1.4877208, 42.4611245], [1.4892062, 42.4614276], [1.489468, 42.4626406], [1.4893152, 42.4630913], [1.4895514, 42.4614492], [1.4894555, 42.4629174], [1.4898012, 42.4642856], [1.4905457, 42.4655731], [1.4918422, 42.4665455], [1.4915965, 42.4680055], [1.492054, 42.4696063], [1.4915904, 42.4711853], [1.4908027, 42.4726574], [1.4906204, 42.4742531], [1.4908558, 42.4758832], [1.4904744, 42.4774709], [1.490213, 42.4791198], [1.4899516, 42.4807688], [1.4895697, 42.4815059], [1.4893632, 42.4798525], [1.4900281, 42.4783456], [1.4905896, 42.4768319], [1.4905273, 42.4777856], [1.4903955, 42.47945], [1.4902637, 42.4811143], [1.4902555, 42.4827494], [1.4910202, 42.4842193], [1.492462, 42.48481], [1.4938465, 42.4856992], [1.4947427, 42.4870446], [1.4950424, 42.488594], [1.4961294, 42.4898611], [1.496668, 42.4913426], [1.4980834, 42.4922263], [1.4995448, 42.4930306], [1.5007029, 42.4941703], [1.5022154, 42.494877], [1.5037541, 42.4955149], [1.5052645, 42.4962132], [1.5068453, 42.4967498], [1.5083932, 42.497371], [1.5098913, 42.4981078], [1.5110473, 42.4992839], [1.512071, 42.5006027], [1.5131581, 42.5018442], [1.5135854, 42.5020452], [1.5135501, 42.5019995], [1.5146798, 42.5025151], [1.5156496, 42.5031406], [1.5159572, 42.5033703], [1.5175453, 42.5037324], [1.5191426, 42.5036944], [1.520701, 42.5041489], [1.5221832, 42.5048099], [1.5238218, 42.5048957], [1.5254629, 42.5052016], [1.5271175, 42.5053121], [1.5279624, 42.5053091], [1.5296127, 42.5054949], [1.5310566, 42.5062281], [1.5325886, 42.5066439], [1.5330428, 42.5067175], [1.5345255, 42.5072969], [1.5361125, 42.5077316], [1.5377143, 42.5080749], [1.539359, 42.5082632], [1.5408007, 42.5086847], [1.5421445, 42.5088986], [1.5433476, 42.5090043], [1.5449632, 42.5093308], [1.545758, 42.5095248], [1.5464555, 42.5099329], [1.5471864, 42.5111525], [1.5488054, 42.5115582], [1.5503907, 42.5120722]], "mood_vectors": [[0.0181, 0.0258, 0.0443, 0.0499, 0.0717, 0.056, 0.7342], [0.0522, 0.0437, 0.0547, 0.0532, 0.0606, 0.0744, 0.6613], [0.0533, 0.0385, 0.0651, 0.0695, 0.0306, 0.0735, 0.6694], [0.06, 0.0356, 0.0645, 0.0273, 0.0423, 0.0122, 0.7581], [0.0724, 0.0928, 0.052, 0.0315, 0.0434, 0.0498, 0.6581], [0.0766, 0.0125, 0.0355, 0.0325, 0.0173, 0.0384, 0.7872], [0.0155, 0.067, 0.0772, 0.0457, 0.0688, 0.0726, 0.6532], [0.0397, 0.0264, 0.035, 0.0714, 0.0592, 0.0476, 0.7207], [0.0466, 0.0504, 0.0664, 0.0629, 0.0313, 0.0262, 0.7161], [0.02, 0.0572, 0.0288, 0.054, 0.0226, 0.0721, 0.7453], [0.0605, 0.0238, 0.0573, 0.0644, 0.018, 0.0691, 0.7069], [0.0881, 0.0881, 0.0188, 0.0343, 0.0358, 0.0872, 0.6478], [0.0477, 0.0389, 0.0488, 0.0513, 0.0632, 0.032, 0.7182], [0.0921, 0.068, 0.0473, 0.0448, 0.0286, 0.0897, 0.6296], [0.0512, 0.0445, 0.0481, 0.0554, 0.0325, 0.0304, 0.7378], [0.045, 0.0213, 0.0256, 0.0453, 0.0399, 0.0505, 0.7724], [0.026, 0.0253, 0.0625, 0.0642, 0.0669, 0.0303, 0.7249], [0.0715, 0.0585, 0.0503, 0.0658, 0.0435, 0.059, 0.6516], [0.0397, 0.0313, 0.0482, 0.0452, 0.0607, 0.0136, 0.7613], [0.0713, 0.0719, 0.0609, 0.0409, 0.0754, 0.0214, 0.6581], [0.0406, 0.0179, 0.0343, 0.0249, 0.0833, 0.0803, 0.7189], [0.0232, 0.0736, 0.0653, 0.0238, 0.0781, 0.0665, 0.6695], [0.1094, 0.029, 0.0225, 0.0302, 0.0444, 0.0302, 0.7343], [0.0157, 0.0691, 0.0836, 0.0347, 0.0851, 0.0178, 0.6941], [0.0269, 0.0188, 0.0649, 0.0573, 0.0343, 0.077, 0.7208], [0.0119, 0.0387, 0.0576, 0.0295, 0.0541, 0.0408, 0.7673], [0.0454, 0.0731, 0.0434, 0.0536, 0.0208, 0.0745, 0.6893], [0.0501, 0.0385, 0.0853, 0.0549, 0.0782, 0.0516, 0.6414], [0.0671, 0.0607, 0.0469, 0.0819, 0.0421, 0.0203, 0.6812], [0.0312, 0.0119, 0.0505, 0.0656, 0.0128, 0.0573, 0.7708], [0.0276, 0.0662, 0.089, 0.0153, 0.0578, 0.0644, 0.6797], [0.062, 0.0921, 0.0137, 0.021, 0.0907, 0.0615, 0.6591], [0.0642, 0.0305, 0.0317, 0.0482, 0.0671, 0.0485, 0.7098], [0.0707, 0.072, 0.084, 0.0183, 0.0291, 0.0864, 0.6395], [0.047, 0.0208, 0.0619, 0.0333, 0.0597, 0.0799, 0.6973], [0.0422, 0.0563, 0.0631, 0.0644, 0.0234, 0.0286, 0.7219], [0.0852, 0.0665, 0.0444, 0.0176, 0.0135, 0.0351, 0.7377], [0.0469, 0.0277, 0.042, 0.0852, 0.0723, 0.0198, 0.7061], [0.091, 0.0802, 0.0848, 0.0752, 0.0401, 0.0177, 0.6111], [0.0316, 0.0475, 0.0498, 0.068, 0.0144, 0.0651, 0.7237], [0.048, 0.0571, 0.1016, 0.0242, 0.0296, 0.0604, 0.679], [0.0738, 0.0732, 0.0396, 0.0628, 0.0777, 0.0391, 0.6338], [0.0716, 0.037, 0.0521, 0.0522, 0.0594, 0.0773, 0.6504], [0.0493, 0.0748, 0.0232, 0.0627, 0.028, 0.0214, 0.7406], [0.0783, 0.0441, 0.0654, 0.0582, 0.0229, 0.0498, 0.6813], [0.1013, 0.0345, 0.0485, 0.0496, 0.0276, 0.0763, 0.6622], [0.0694, 0.0765, 0.0783, 0.022, 0.0682, 0.0177, 0.668], [0.024, 0.0692, 0.0589, 0.0271, 0.0676, 0.0681, 0.6851], [0.0658, 0.0206, 0.0209, 0.0324, 0.0317, 0.0496, 0.7789], [0.0888, 0.08, 0.0541, 0.0322, 0.0409, 0.0706, 0.6334], [0.0545, 0.0724, 0.0493, 0.0135, 0.0324, 0.0802, 0.6977], [0.059, 0.0626, 0.0293, 0.0391, 0.0503, 0.0339, 0.7258], [0.0181, 0.0587, 0.0314, 0.0149, 0.0777, 0.0178, 0.7814], [0.0271, 0.0493, 0.0261, 0.054, 0.0169, 0.0711, 0.7554], [0.0627, 0.0647, 0.0647, 0.0157, 0.06, 0.024, 0.7083], [0.0429, 0.0526, 0.0283, 0.0685, 0.067, 0.0203, 0.7205], [0.0679, 0.0278, 0.0142, 0.0803, 0.0653, 0.0817, 0.6628], [0.023, 0.0413, 0.0733, 0.0516, 0.0767, 0.0778, 0.6562], [0.0889, 0.0558, 0.0441, 0.0697, 0.047, 0.0237, 0.6709], [0.0424, 0.0486, 0.0681, 0.0792, 0.0877, 0.0581, 0.616], [0.0481, 0.0777, 0.0451, 0.0348, 0.057, 0.083, 0.6543], [0.0613, 0.0301, 0.0505, 0.0451, 0.0626, 0.0699, 0.6805], [0.0696, 0.0636, 0.072, 0.0189, 0.048, 0.0724, 0.6555], [0.065, 0.0523, 0.0461, 0.0333, 0.064, 0.0416, 0.6975], [0.0359, 0.0533, 0.0325, 0.0345, 0.0686, 0.0232, 0.752], [0.0685, 0.0706, 0.0448, 0.0312, 0.0607, 0.067, 0.6573], [0.0462, 0.0717, 0.0189, 0.0416, 0.0748, 0.0909, 0.6559], [0.0447, 0.0432, 0.0572, 0.0634, 0.0573, 0.04, 0.6942], [0.0511, 0.0187, 0.0293, 0.0379, 0.0313, 0.0712, 0.7604], [0.0483, 0.0851, 0.0434, 0.0642, 0.0209, 0.0827, 0.6554], [0.0283, 0.0539, 0.0378, 0.06, 0.0612, 0.0604, 0.6983], [0.0656, 0.0352, 0.0505, 0.056, 0.062, 0.0421, 0.6887], [0.0342, 0.0592, 0.0649, 0.0229, 0.0573, 0.0715, 0.69], [0.0793, 0.0808, 0.0572, 0.0232, 0.055, 0.0433, 0.6613], [0.0508, 0.052, 0.0414, 0.0293, 0.0734, 0.0697, 0.6834], [0.0614, 0.0673, 0.0471, 0.0235, 0.0434, 0.0516, 0.7057], [0.0218, 0.0694, 0.0461, 0.0245, 0.0124, 0.0627, 0.7631], [0.0177, 0.0786, 0.0243, 0.0247, 0.0553, 0.0759, 0.7234], [0.0827, 0.0534, 0.0542, 0.0625, 0.078, 0.0163, 0.6529], [0.064, 0.0712, 0.0229, 0.0463, 0.0442, 0.0139, 0.7375]], "emotions": ["purple", "purple", "purple", "purple", "purple", "purple", "purple", "purple", "purple", "purple", "purple", "purple", "purple", "purple", "purple", "purple", "purple", "purple", "purple", "purple", "purple", "purple", "purple", "purple", "purple", "purple", "purple", "purple", "purple", "purple", "purple", "purple", "purple", "purple", "purple", "purple", "purple", "purple", "purple", "purple", "purple", "purple", "purple", "purple", "purple", "purple", "purple", "purple", "purple", "purple", "purple", "purple", "purple", "purple", "purple", "purple", "purple", "purple", "purple", "purple", "purple", "purple", "purple", "purple", "purple", "purple", "purple", "purple", "purple", "purple", "purple", "purple", "purple", "purple", "purple", "purple", "purple", "purple", "purple", "purple"], "timestamps": [0, 40, 80, 120, 160, 200, 240, 280, 320, 360, 400, 440, 480, 520, 560, 600, 640, 680, 720, 760, 800, 840, 880, 920, 960, 1000, 1040, 1080, 1120, 1160, 1200, 1240, 1280, 1320, 1360, 1400, 1440, 1480, 1520, 1560, 1600, 1640, 1680, 1720, 1760, 1800, 1840, 1880, 1920, 1960, 2000, 2040, 2080, 2120, 2160, 2200, 2240, 2280, 2320, 2360, 2400, 2440, 2480, 2520, 2560, 2600, 2640, 2680, 2720, 2760, 2800, 2840, 2880, 2920, 2960, 3000, 3040, 3080, 3120, 3160]}], "conversation": [], "conversation_timestamps": []}