{"agent_id": "agent-green-47", "type": "green", "trips": [{"trip_id": 0, "transport_method": "car", "start_time": 0, "path": [[1.523383, 42.5078112], [1.5232691, 42.5078248], [1.5231747, 42.5077937], [1.5230605, 42.5077838], [1.5229463, 42.5077739], [1.522832, 42.5077639], [1.5227178, 42.507754], [1.5226036, 42.5077441], [1.5224894, 42.5077341], [1.5223752, 42.5077242], [1.522261, 42.5077143], [1.5221468, 42.5077043], [1.5220436, 42.5077384], [1.5219555, 42.5077084], [1.521872, 42.5076299], [1.5217892, 42.5075506], [1.5216917, 42.5075081], [1.5215791, 42.5075214], [1.5214645, 42.5075201], [1.5213499, 42.5075165], [1.5212353, 42.5075129], [1.5211207, 42.5075093], [1.5210062, 42.5075057], [1.5208916, 42.5075021], [1.520777, 42.5074985], [1.5206624, 42.5074949], [1.5205543, 42.5074607], [1.5204482, 42.5074174], [1.520339, 42.507393], [1.5202247, 42.507401], [1.5201103, 42.5074091], [1.519996, 42.5074177], [1.5198819, 42.5074279], [1.5197735, 42.5074126], [1.519675, 42.5073539], [1.5195765, 42.5072952], [1.5194781, 42.5072366], [1.5193778, 42.5071811], [1.5192748, 42.5071309], [1.5191706, 42.507083], [1.5190693, 42.5070299], [1.5189847, 42.5069557], [1.5189181, 42.5068624], [1.5188491, 42.5067797], [1.5187485, 42.5068346], [1.5186479, 42.5068896], [1.518538, 42.5068742], [1.5184281, 42.5068416], [1.5183212, 42.5068006], [1.5182167, 42.5067536], [1.5181142, 42.5067022], [1.5180106, 42.5066541], [1.5178982, 42.5066317], [1.5177858, 42.5066093], [1.5176721, 42.5065949], [1.5175582, 42.5065821], [1.5174443, 42.5065692], [1.5173302, 42.5065579], [1.517216, 42.5065473], [1.5171019, 42.5065367], [1.5169878, 42.5065261], [1.5168736, 42.5065155], [1.5167595, 42.506505], [1.5166453, 42.5064944], [1.5165312, 42.5064838], [1.516417, 42.5064732], [1.5163029, 42.5064623], [1.5161895, 42.5064465], [1.5160776, 42.5064217], [1.5159836, 42.5063569], [1.5159639, 42.5062889], [1.5160757, 42.5062685], [1.5161902, 42.506265], [1.5163048, 42.5062628], [1.5164193, 42.5062679], [1.5165332, 42.5062807], [1.5166467, 42.5062965], [1.5167602, 42.5063124], [1.5168734, 42.5063307], [1.5169267, 42.506405]], "mood_vectors": [[0.0226, 0.0187, 0.0475, 0.0797, 0.0744, 0.0769, 0.6802], [0.0599, 0.0823, 0.0709, 0.0536, 0.0232, 0.0349, 0.6752], [0.0477, 0.0712, 0.0698, 0.0456, 0.0291, 0.0378, 0.6987], [0.0301, 0.0745, 0.0344, 0.0197, 0.0255, 0.0583, 0.7575], [0.0253, 0.0745, 0.0943, 0.0806, 0.0257, 0.0389, 0.6606], [0.047, 0.0475, 0.0225, 0.0609, 0.0667, 0.0697, 0.6857], [0.0189, 0.037, 0.0447, 0.0353, 0.0803, 0.0314, 0.7523], [0.0892, 0.047, 0.0494, 0.0422, 0.0422, 0.0163, 0.7138], [0.0525, 0.0387, 0.0684, 0.0529, 0.0195, 0.0659, 0.7022], [0.0294, 0.0667, 0.0775, 0.0693, 0.0437, 0.0413, 0.6722], [0.0611, 0.0202, 0.0197, 0.0548, 0.0134, 0.0672, 0.7637], [0.0287, 0.076, 0.0262, 0.0544, 0.0196, 0.0659, 0.7292], [0.0343, 0.0497, 0.0679, 0.036, 0.031, 0.0574, 0.7237], [0.0303, 0.0608, 0.0621, 0.0515, 0.078, 0.0678, 0.6495], [0.035, 0.0379, 0.0639, 0.0528, 0.0674, 0.0862, 0.6568], [0.0615, 0.0613, 0.0644, 0.0315, 0.031, 0.0515, 0.6989], [0.0496, 0.0366, 0.0502, 0.0406, 0.0165, 0.0488, 0.7577], [0.0446, 0.0395, 0.0773, 0.0806, 0.0676, 0.0206, 0.6698], [0.0486, 0.0308, 0.0455, 0.0835, 0.0282, 0.0215, 0.742], [0.0164, 0.0844, 0.0296, 0.0254, 0.0274, 0.0806, 0.7361], [0.0775, 0.0428, 0.0323, 0.0264, 0.0201, 0.0339, 0.7671], [0.0929, 0.0334, 0.0489, 0.0547, 0.0544, 0.0772, 0.6385], [0.0124, 0.0383, 0.0389, 0.0784, 0.0625, 0.0383, 0.7312], [0.0356, 0.0577, 0.0215, 0.0757, 0.0666, 0.0187, 0.7241], [0.0557, 0.0201, 0.0513, 0.0751, 0.0703, 0.046, 0.6815], [0.0519, 0.0767, 0.0745, 0.0241, 0.0343, 0.0767, 0.6618], [0.0124, 0.0325, 0.066, 0.0566, 0.0813, 0.0417, 0.7095], [0.0908, 0.0483, 0.0965, 0.017, 0.0374, 0.0442, 0.6658], [0.0302, 0.078, 0.0269, 0.0366, 0.0706, 0.032, 0.7257], [0.0235, 0.0578, 0.04, 0.0864, 0.0504, 0.0223, 0.7196], [0.016, 0.0454, 0.0328, 0.0592, 0.0208, 0.0755, 0.7503], [0.073, 0.0321, 0.0444, 0.0649, 0.0569, 0.0204, 0.7082], [0.0406, 0.0416, 0.0906, 0.0566, 0.0623, 0.0424, 0.6658], [0.0535, 0.0451, 0.0624, 0.0737, 0.0254, 0.0691, 0.6707], [0.0425, 0.056, 0.0553, 0.053, 0.0579, 0.0542, 0.6811], [0.0712, 0.0441, 0.028, 0.0703, 0.0191, 0.0316, 0.7357], [0.0253, 0.0641, 0.0472, 0.0737, 0.0536, 0.0632, 0.6729], [0.0686, 0.0241, 0.052, 0.0121, 0.0657, 0.0683, 0.7092], [0.0188, 0.0228, 0.0368, 0.0257, 0.0447, 0.1068, 0.7445], [0.0313, 0.0974, 0.057, 0.0276, 0.0206, 0.0992, 0.667], [0.0649, 0.0435, 0.0353, 0.0609, 0.0347, 0.0621, 0.6986], [0.0552, 0.0117, 0.0637, 0.0727, 0.0523, 0.0467, 0.6977], [0.0508, 0.0546, 0.0853, 0.043, 0.0611, 0.0579, 0.6473], [0.0542, 0.1002, 0.0658, 0.0491, 0.0185, 0.0305, 0.6816], [0.0314, 0.0559, 0.0149, 0.0449, 0.0368, 0.0487, 0.7674], [0.075, 0.0547, 0.0442, 0.0578, 0.0639, 0.0369, 0.6675], [0.0335, 0.0864, 0.0606, 0.0161, 0.0261, 0.0464, 0.731], [0.0703, 0.0523, 0.0231, 0.0606, 0.0557, 0.0632, 0.6748], [0.0491, 0.0421, 0.0561, 0.071, 0.086, 0.0709, 0.6247], [0.0737, 0.0465, 0.0566, 0.0431, 0.0746, 0.0449, 0.6606], [0.064, 0.0698, 0.0487, 0.064, 0.0716, 0.0695, 0.6124], [0.0299, 0.0453, 0.0229, 0.0251, 0.0448, 0.0687, 0.7633], [0.065, 0.0361, 0.0391, 0.0724, 0.03, 0.035, 0.7226], [0.043, 0.0332, 0.0585, 0.0337, 0.0475, 0.0191, 0.7649], [0.0781, 0.0381, 0.0526, 0.0362, 0.042, 0.0175, 0.7356], [0.065, 0.0282, 0.0457, 0.053, 0.0119, 0.0616, 0.7345], [0.0563, 0.0349, 0.0285, 0.0573, 0.0362, 0.014, 0.7728], [0.0365, 0.0844, 0.0163, 0.0927, 0.0565, 0.0442, 0.6694], [0.0548, 0.0854, 0.0585, 0.0276, 0.0606, 0.0324, 0.6806], [0.0611, 0.0141, 0.0732, 0.0659, 0.0132, 0.0262, 0.7463], [0.0699, 0.017, 0.0113, 0.0702, 0.0258, 0.0656, 0.7402], [0.0375, 0.0166, 0.0705, 0.024, 0.0411, 0.031, 0.7793], [0.0407, 0.0251, 0.0311, 0.0382, 0.0304, 0.0404, 0.7942], [0.087, 0.0435, 0.0464, 0.0158, 0.0299, 0.0794, 0.6979], [0.0657, 0.049, 0.0426, 0.0185, 0.0506, 0.063, 0.7107], [0.0343, 0.0748, 0.0167, 0.0194, 0.0263, 0.0499, 0.7785], [0.0203, 0.0763, 0.0363, 0.0409, 0.0838, 0.0315, 0.7109], [0.0695, 0.032, 0.0315, 0.035, 0.0869, 0.0515, 0.6936], [0.0403, 0.085, 0.0444, 0.0721, 0.0528, 0.0625, 0.6429], [0.0849, 0.0445, 0.0805, 0.0704, 0.0305, 0.0173, 0.6719], [0.0414, 0.0505, 0.0364, 0.0671, 0.0165, 0.0183, 0.7698], [0.0752, 0.0254, 0.029, 0.031, 0.0932, 0.0502, 0.696], [0.0209, 0.0268, 0.0475, 0.0401, 0.0614, 0.052, 0.7512], [0.0563, 0.0736, 0.0699, 0.027, 0.0375, 0.0433, 0.6925], [0.0487, 0.0831, 0.0475, 0.0169, 0.0153, 0.0703, 0.7183], [0.0251, 0.0173, 0.0522, 0.0182, 0.0178, 0.0546, 0.8149], [0.0575, 0.043, 0.0635, 0.048, 0.0257, 0.0125, 0.7497], [0.0342, 0.0251, 0.0724, 0.0327, 0.0298, 0.0558, 0.75], [0.0522, 0.0428, 0.0451, 0.0518, 0.0236, 0.0685, 0.716], [0.0277, 0.0559, 0.0375, 0.0777, 0.0278, 0.0751, 0.6983]], "emotions": ["purple", "purple", "purple", "purple", "purple", "purple", "purple", "purple", "purple", "purple", "purple", "purple", "purple", "purple", "purple", "purple", "purple", "purple", "purple", "purple", "purple", "purple", "purple", "purple", "purple", "purple", "purple", "purple", "purple", "purple", "purple", "purple", "purple", "purple", "purple", "purple", "purple", "purple", "purple", "purple", "purple", "purple", "purple", "purple", "purple", "purple", "purple", "purple", "purple", "purple", "purple", "purple", "purple", "purple", "purple", "purple", "purple", "purple", "purple", "purple", "purple", "purple", "purple", "purple", "purple", "purple", "purple", "purple", "purple", "purple", "purple", "purple", "purple", "purple", "purple", "purple", "purple", "purple", "purple", "purple"], "timestamps": [0, 40, 80, 120, 160, 200, 240, 280, 320, 360, 400, 440, 480, 520, 560, 600, 640, 680, 720, 760, 800, 840, 880, 920, 960, 1000, 1040, 1080, 1120, 1160, 1200, 1240, 1280, 1320, 1360, 1400, 1440, 1480, 1520, 1560, 1600, 1640, 1680, 1720, 1760, 1800, 1840, 1880, 1920, 1960, 2000, 2040, 2080, 2120, 2160, 2200, 2240, 2280, 2320, 2360, 2400, 2440, 2480, 2520, 2560, 2600, 2640, 2680, 2720, 2760, 2800, 2840, 2880, 2920, 2960, 3000, 3040, 3080, 3120, 3160]}], "conversation": [], "conversation_timestamps": []}