{"agent_id": "agent-purple-1304", "type": "purple", "trips": [{"trip_id": 0, "transport_method": "car", "start_time": 0, "path": [[1.5138995, 42.502291], [1.5134075, 42.5019023], [1.5128876, 42.5016717], [1.5124935, 42.5011651], [1.5121043, 42.5006471], [1.5117149, 42.5001293], [1.5113139, 42.4996205], [1.5109116, 42.4991126], [1.5105092, 42.4986048], [1.5100298, 42.498178], [1.5094519, 42.4978851], [1.50887, 42.4976003], [1.5082862, 42.4973195], [1.5076929, 42.4970607], [1.5070856, 42.496835], [1.506475, 42.4966183], [1.5058629, 42.4964062], [1.5052463, 42.4962074], [1.5046567, 42.4959428], [1.5040874, 42.4956335], [1.5034747, 42.4954259], [1.5028697, 42.4951971], [1.5022876, 42.4949127], [1.5017019, 42.494636], [1.5011136, 42.4943648], [1.5005942, 42.494034], [1.5001931, 42.493546], [1.4996863, 42.4931423], [1.4991494, 42.4927815], [1.4985732, 42.4924855], [1.4980005, 42.4921824], [1.4974431, 42.4918525], [1.4969019, 42.4914966], [1.4963836, 42.4911108], [1.4962845, 42.4904829], [1.4961326, 42.4898661], [1.4957115, 42.489374], [1.4952889, 42.4888828], [1.4948744, 42.488385], [1.4946615, 42.487789], [1.4947342, 42.4871499], [1.4945955, 42.4865262], [1.4942063, 42.4860157], [1.4937126, 42.485597], [1.4931808, 42.4852301], [1.4926474, 42.4848813], [1.4920325, 42.4847694], [1.4914363, 42.4845534], [1.4910087, 42.4841515], [1.4907016, 42.4835816], [1.4904088, 42.4830131], [1.4900763, 42.4824572], [1.4897439, 42.4819013], [1.4895164, 42.4812986], [1.4894501, 42.4806544], [1.4893703, 42.4800115], [1.4894639, 42.4793765], [1.4897439, 42.4787967], [1.4900879, 42.4782478], [1.4904005, 42.4776804], [1.4906346, 42.4770784], [1.4906462, 42.4764768], [1.4908556, 42.4758904], [1.4908327, 42.4752434], [1.4907622, 42.4746066], [1.4905285, 42.474003], [1.4905367, 42.4733599], [1.4907523, 42.4727517], [1.4910579, 42.4721804], [1.4913636, 42.4716092], [1.4916692, 42.4710379], [1.4919307, 42.4704467], [1.4920505, 42.4698126], [1.491969, 42.4691747], [1.4917584, 42.468562], [1.4915857, 42.467939], [1.4915688, 42.4672932], [1.4918644, 42.4668463], [1.4919659, 42.4662547], [1.4917649, 42.4657312]], "mood_vectors": [[0.0482, 0.052, 0.0469, 0.0877, 0.072, 0.6327, 0.0604], [0.0452, 0.0267, 0.061, 0.0475, 0.0476, 0.7405, 0.0315], [0.0456, 0.0748, 0.0647, 0.084, 0.0343, 0.6308, 0.0659], [0.0334, 0.0517, 0.026, 0.0748, 0.077, 0.6647, 0.0723], [0.0869, 0.0622, 0.0578, 0.0612, 0.016, 0.6294, 0.0866], [0.0757, 0.0326, 0.0383, 0.0635, 0.0233, 0.7393, 0.0273], [0.0208, 0.0425, 0.0854, 0.0136, 0.0604, 0.7165, 0.0609], [0.0555, 0.024, 0.0439, 0.0609, 0.0584, 0.699, 0.0583], [0.0617, 0.0356, 0.0355, 0.0891, 0.0713, 0.6732, 0.0337], [0.0298, 0.0566, 0.0571, 0.0357, 0.0585, 0.7109, 0.0514], [0.0511, 0.0163, 0.0655, 0.0174, 0.0398, 0.7785, 0.0315], [0.0478, 0.0553, 0.0404, 0.0395, 0.092, 0.6473, 0.0777], [0.091, 0.0527, 0.0565, 0.0276, 0.0389, 0.6747, 0.0585], [0.0586, 0.061, 0.016, 0.0397, 0.0428, 0.7068, 0.0751], [0.0363, 0.0834, 0.0641, 0.0849, 0.0632, 0.6091, 0.0589], [0.0153, 0.0668, 0.0229, 0.0225, 0.0583, 0.7728, 0.0415], [0.0225, 0.0157, 0.0558, 0.0397, 0.0585, 0.7471, 0.0607], [0.0882, 0.0622, 0.0802, 0.0834, 0.0656, 0.5962, 0.0242], [0.0392, 0.0616, 0.0188, 0.0684, 0.0482, 0.721, 0.0428], [0.0212, 0.0707, 0.0171, 0.0655, 0.0502, 0.7003, 0.0749], [0.0557, 0.0427, 0.0306, 0.0163, 0.0289, 0.7693, 0.0565], [0.0692, 0.077, 0.0258, 0.0266, 0.0549, 0.7226, 0.0239], [0.0323, 0.052, 0.0598, 0.0463, 0.0431, 0.7105, 0.056], [0.0168, 0.039, 0.0292, 0.067, 0.0275, 0.7935, 0.0271], [0.0449, 0.0699, 0.0454, 0.027, 0.0278, 0.7477, 0.0374], [0.0586, 0.0668, 0.0345, 0.0261, 0.0936, 0.644, 0.0764], [0.0647, 0.0476, 0.0644, 0.0736, 0.0713, 0.6507, 0.0276], [0.0124, 0.0579, 0.0577, 0.0735, 0.07, 0.6751, 0.0534], [0.0668, 0.0744, 0.0508, 0.0364, 0.0503, 0.685, 0.0363], [0.0824, 0.0375, 0.0806, 0.0786, 0.0388, 0.6152, 0.0669], [0.0376, 0.0222, 0.0603, 0.0152, 0.0739, 0.7509, 0.04], [0.0387, 0.0493, 0.0211, 0.094, 0.0446, 0.6908, 0.0616], [0.0479, 0.0171, 0.0319, 0.029, 0.0758, 0.722, 0.0763], [0.0806, 0.0665, 0.0525, 0.0185, 0.0393, 0.6827, 0.0598], [0.0302, 0.057, 0.04, 0.0514, 0.0208, 0.7821, 0.0184], [0.0654, 0.0638, 0.0448, 0.0176, 0.057, 0.703, 0.0484], [0.055, 0.0854, 0.0541, 0.0649, 0.0228, 0.6524, 0.0654], [0.0223, 0.0575, 0.0585, 0.0683, 0.0414, 0.7162, 0.0358], [0.0178, 0.0699, 0.0124, 0.0716, 0.0753, 0.6879, 0.0652], [0.0329, 0.0179, 0.0378, 0.062, 0.0309, 0.7611, 0.0575], [0.0145, 0.0527, 0.0652, 0.0625, 0.0152, 0.741, 0.0489], [0.0289, 0.0185, 0.0685, 0.0598, 0.0335, 0.7638, 0.0271], [0.0641, 0.0345, 0.0219, 0.0382, 0.0922, 0.7273, 0.0217], [0.0804, 0.0658, 0.0459, 0.0427, 0.0358, 0.6597, 0.0698], [0.088, 0.0793, 0.0638, 0.0334, 0.0222, 0.6974, 0.016], [0.0229, 0.0694, 0.0544, 0.0587, 0.1029, 0.6721, 0.0196], [0.0402, 0.0312, 0.0576, 0.0397, 0.0691, 0.7133, 0.0489], [0.0232, 0.017, 0.0568, 0.0441, 0.0459, 0.7546, 0.0584], [0.0666, 0.0619, 0.0234, 0.0632, 0.0351, 0.7149, 0.0349], [0.0705, 0.0598, 0.0643, 0.0674, 0.0624, 0.6337, 0.0419], [0.0758, 0.032, 0.0873, 0.0307, 0.0182, 0.7172, 0.0387], [0.0601, 0.036, 0.0171, 0.0623, 0.0742, 0.6567, 0.0935], [0.0278, 0.0996, 0.02, 0.0161, 0.0307, 0.744, 0.0617], [0.0377, 0.0497, 0.0304, 0.0292, 0.0614, 0.7344, 0.0572], [0.076, 0.0484, 0.0563, 0.0521, 0.0532, 0.6514, 0.0625], [0.0617, 0.0342, 0.0691, 0.0878, 0.0804, 0.5939, 0.0728], [0.0409, 0.0556, 0.0716, 0.051, 0.0656, 0.6538, 0.0615], [0.0306, 0.0191, 0.0442, 0.0796, 0.0146, 0.7824, 0.0296], [0.0881, 0.0174, 0.0883, 0.0233, 0.0702, 0.6458, 0.0668], [0.0538, 0.0242, 0.0269, 0.0336, 0.0645, 0.7826, 0.0144], [0.0303, 0.0251, 0.0547, 0.0443, 0.0645, 0.7536, 0.0275], [0.0519, 0.0516, 0.0725, 0.0354, 0.0788, 0.6893, 0.0205], [0.0129, 0.0315, 0.0142, 0.049, 0.0124, 0.8218, 0.0581], [0.0974, 0.03, 0.0616, 0.0221, 0.0765, 0.6912, 0.0212], [0.0457, 0.0412, 0.0459, 0.0375, 0.0518, 0.7032, 0.0747], [0.019, 0.0568, 0.0354, 0.0229, 0.0201, 0.7795, 0.0664], [0.0654, 0.0486, 0.0682, 0.0288, 0.0279, 0.7, 0.0611], [0.0699, 0.013, 0.0688, 0.0218, 0.0593, 0.7048, 0.0623], [0.0529, 0.0881, 0.0179, 0.0283, 0.0166, 0.76, 0.0362], [0.0595, 0.0718, 0.0629, 0.025, 0.0482, 0.6598, 0.0729], [0.0315, 0.0752, 0.0629, 0.0743, 0.0776, 0.6343, 0.0442], [0.0506, 0.0341, 0.0414, 0.0652, 0.033, 0.7473, 0.0284], [0.0241, 0.0147, 0.0403, 0.0333, 0.0952, 0.7169, 0.0755], [0.0469, 0.0736, 0.0671, 0.0203, 0.0445, 0.6984, 0.0494], [0.0508, 0.0848, 0.0397, 0.0239, 0.0361, 0.6801, 0.0846], [0.0172, 0.0846, 0.0688, 0.0859, 0.0366, 0.6293, 0.0775], [0.0585, 0.0331, 0.0824, 0.0244, 0.0244, 0.6969, 0.0803], [0.0861, 0.0673, 0.066, 0.0598, 0.0191, 0.6671, 0.0346], [0.0802, 0.0324, 0.0455, 0.0414, 0.0568, 0.7101, 0.0337], [0.0677, 0.0938, 0.0302, 0.0514, 0.0197, 0.6834, 0.0538]], "emotions": ["purple", "purple", "purple", "purple", "purple", "purple", "purple", "purple", "purple", "purple", "purple", "purple", "purple", "purple", "purple", "purple", "purple", "purple", "purple", "purple", "purple", "purple", "purple", "purple", "purple", "purple", "purple", "purple", "purple", "purple", "purple", "purple", "purple", "purple", "purple", "purple", "purple", "purple", "purple", "purple", "purple", "purple", "purple", "purple", "purple", "purple", "purple", "purple", "purple", "purple", "purple", "purple", "purple", "purple", "purple", "purple", "purple", "purple", "purple", "purple", "purple", "purple", "purple", "purple", "purple", "purple", "purple", "purple", "purple", "purple", "purple", "purple", "purple", "purple", "purple", "purple", "purple", "purple", "purple", "purple"], "timestamps": [0, 40, 80, 120, 160, 200, 240, 280, 320, 360, 400, 440, 480, 520, 560, 600, 640, 680, 720, 760, 800, 840, 880, 920, 960, 1000, 1040, 1080, 1120, 1160, 1200, 1240, 1280, 1320, 1360, 1400, 1440, 1480, 1520, 1560, 1600, 1640, 1680, 1720, 1760, 1800, 1840, 1880, 1920, 1960, 2000, 2040, 2080, 2120, 2160, 2200, 2240, 2280, 2320, 2360, 2400, 2440, 2480, 2520, 2560, 2600, 2640, 2680, 2720, 2760, 2800, 2840, 2880, 2920, 2960, 3000, 3040, 3080, 3120, 3160]}], "conversation": [], "conversation_timestamps": []}