{"agent_id": "agent-blue-1105", "type": "blue", "trips": [{"trip_id": 0, "transport_method": "bicycle", "start_time": 0, "path": [[1.5868326, 42.5378033], [1.5859226, 42.537177], [1.5848988, 42.5367853], [1.5838539, 42.5365218], [1.5827922, 42.5363556], [1.5820393, 42.5356304], [1.5812352, 42.5349912], [1.5806219, 42.5340784], [1.5803461, 42.5337665], [1.5793489, 42.5333031], [1.5783003, 42.5329884], [1.5772054, 42.5328442], [1.5763249, 42.5327038], [1.5774201, 42.5328506], [1.5773054, 42.5328395], [1.5762199, 42.5326324], [1.5751345, 42.5324253], [1.5749935, 42.5324309], [1.5760713, 42.532624], [1.5751453, 42.5321506], [1.5741512, 42.531668], [1.5731571, 42.5311855], [1.5735306, 42.531732], [1.5740804, 42.5321623], [1.5732992, 42.5313808], [1.572518, 42.5305992], [1.571843, 42.529731], [1.5709464, 42.5290892], [1.5700626, 42.5284258], [1.5697621, 42.5281726], [1.5706854, 42.5287797], [1.5711758, 42.5292757], [1.5702562, 42.5286631], [1.5693365, 42.5280505], [1.5684168, 42.5274379], [1.5674971, 42.5268254], [1.568454, 42.5273577], [1.5688574, 42.5276467], [1.5679399, 42.527031], [1.5670223, 42.5264153], [1.56611, 42.5257951], [1.5651006, 42.525349], [1.5640567, 42.5250575], [1.5630398, 42.5246512], [1.5621895, 42.5239754], [1.5614139, 42.5231957], [1.560506, 42.5225678], [1.5596297, 42.5219506], [1.5587299, 42.5213304], [1.5579183, 42.5205808], [1.5571433, 42.5197933], [1.5569098, 42.5194585], [1.5561633, 42.5186437], [1.5566507, 42.5192223], [1.5559394, 42.5186727], [1.5556383, 42.5181602], [1.5550778, 42.5179935], [1.5544014, 42.5174078], [1.5537801, 42.5169114], [1.5545399, 42.5177008], [1.5538809, 42.5169025], [1.553393, 42.5159365], [1.5528192, 42.5150021], [1.5527049, 42.5139216], [1.5519154, 42.5132311], [1.5510263, 42.512592], [1.5501186, 42.5120021], [1.5490705, 42.511659], [1.5479959, 42.5114015], [1.5469287, 42.511116], [1.5463413, 42.5102921], [1.5462855, 42.5101343], [1.5456467, 42.5094771], [1.5445671, 42.5093111], [1.543512, 42.5090386], [1.5424243, 42.5088862], [1.5414074, 42.5091465], [1.5406435, 42.5097469], [1.5410222, 42.5106496], [1.5399751, 42.5110026]], "mood_vectors": [[0.0818, 0.0673, 0.0306, 0.6963, 0.0317, 0.0237, 0.0685], [0.0472, 0.0836, 0.0596, 0.6349, 0.0654, 0.048, 0.0614], [0.0242, 0.0762, 0.0463, 0.7057, 0.0255, 0.0761, 0.0461], [0.0441, 0.031, 0.0593, 0.6713, 0.0379, 0.0931, 0.0634], [0.0152, 0.0402, 0.0571, 0.7471, 0.0387, 0.0665, 0.0352], [0.0497, 0.0467, 0.0582, 0.7384, 0.0432, 0.0517, 0.012], [0.0467, 0.0707, 0.0558, 0.7094, 0.0403, 0.0309, 0.0461], [0.0293, 0.0327, 0.0455, 0.7021, 0.0642, 0.0747, 0.0515], [0.0544, 0.0677, 0.0805, 0.6496, 0.0836, 0.0299, 0.0342], [0.0151, 0.0494, 0.0697, 0.6874, 0.0319, 0.0752, 0.0714], [0.0443, 0.0437, 0.0301, 0.7837, 0.0168, 0.0354, 0.0459], [0.0603, 0.0193, 0.0881, 0.7035, 0.0818, 0.0132, 0.0339], [0.0631, 0.0509, 0.0314, 0.7699, 0.042, 0.013, 0.0298], [0.0618, 0.0506, 0.0378, 0.71, 0.0832, 0.0167, 0.0399], [0.0414, 0.0844, 0.038, 0.668, 0.0164, 0.0635, 0.0883], [0.036, 0.063, 0.049, 0.6776, 0.0452, 0.069, 0.0601], [0.0728, 0.0742, 0.0149, 0.6695, 0.0752, 0.0613, 0.0321], [0.033, 0.0399, 0.0862, 0.7263, 0.0161, 0.0425, 0.056], [0.048, 0.0342, 0.0592, 0.7252, 0.0499, 0.0138, 0.0697], [0.0777, 0.0276, 0.0322, 0.7561, 0.0442, 0.0121, 0.05], [0.0306, 0.0131, 0.0334, 0.7662, 0.0756, 0.0548, 0.0264], [0.0742, 0.0464, 0.0624, 0.66, 0.0653, 0.0749, 0.0168], [0.0558, 0.0358, 0.0351, 0.7269, 0.0432, 0.0619, 0.0412], [0.0328, 0.0321, 0.0395, 0.7325, 0.0361, 0.0682, 0.0588], [0.0195, 0.0894, 0.063, 0.6525, 0.0877, 0.0478, 0.04], [0.0765, 0.0603, 0.0535, 0.7169, 0.0141, 0.0417, 0.037], [0.0913, 0.0616, 0.0415, 0.6853, 0.061, 0.0304, 0.0289], [0.0173, 0.0167, 0.082, 0.7567, 0.0416, 0.0241, 0.0616], [0.05, 0.0606, 0.0369, 0.6753, 0.0648, 0.057, 0.0554], [0.0598, 0.0487, 0.0598, 0.7424, 0.0261, 0.0371, 0.0261], [0.0731, 0.0344, 0.0122, 0.7776, 0.0206, 0.0482, 0.0338], [0.0747, 0.0142, 0.0906, 0.668, 0.0432, 0.0761, 0.0333], [0.07, 0.0939, 0.0385, 0.6693, 0.0454, 0.0585, 0.0244], [0.0557, 0.0583, 0.0224, 0.7243, 0.0363, 0.0548, 0.0482], [0.0301, 0.0442, 0.0463, 0.7214, 0.0892, 0.0492, 0.0196], [0.0293, 0.0552, 0.031, 0.7504, 0.0777, 0.0237, 0.0327], [0.0676, 0.0335, 0.0203, 0.6559, 0.0771, 0.078, 0.0676], [0.0539, 0.041, 0.0539, 0.7698, 0.0227, 0.0445, 0.0143], [0.0379, 0.0779, 0.0401, 0.6828, 0.0405, 0.089, 0.0318], [0.0385, 0.0337, 0.0633, 0.7413, 0.0362, 0.0293, 0.0577], [0.0807, 0.0775, 0.0143, 0.6413, 0.034, 0.0847, 0.0676], [0.0718, 0.0298, 0.0818, 0.7003, 0.0566, 0.0213, 0.0384], [0.0343, 0.0444, 0.0721, 0.6791, 0.0617, 0.0298, 0.0786], [0.0291, 0.0331, 0.0386, 0.7252, 0.0717, 0.0652, 0.0372], [0.0771, 0.0451, 0.0583, 0.6491, 0.0748, 0.0345, 0.061], [0.0235, 0.0213, 0.036, 0.8111, 0.0229, 0.0595, 0.0258], [0.0547, 0.0393, 0.0573, 0.7009, 0.0652, 0.036, 0.0466], [0.0475, 0.062, 0.0142, 0.7384, 0.0526, 0.0347, 0.0506], [0.0492, 0.0243, 0.0418, 0.674, 0.0802, 0.0598, 0.0706], [0.0641, 0.0802, 0.0216, 0.6468, 0.0636, 0.0519, 0.0717], [0.0962, 0.0213, 0.0638, 0.7014, 0.0486, 0.0317, 0.0369], [0.068, 0.0472, 0.0418, 0.6893, 0.0747, 0.0384, 0.0406], [0.0668, 0.057, 0.0501, 0.6912, 0.0633, 0.0571, 0.0145], [0.0836, 0.0562, 0.0246, 0.6712, 0.0215, 0.0814, 0.0616], [0.0677, 0.054, 0.0749, 0.6643, 0.0651, 0.0258, 0.0482], [0.053, 0.0486, 0.0554, 0.6577, 0.0353, 0.0702, 0.0798], [0.0673, 0.0304, 0.045, 0.7067, 0.0719, 0.0608, 0.0178], [0.0452, 0.0163, 0.0321, 0.7766, 0.0309, 0.0334, 0.0654], [0.0229, 0.0486, 0.026, 0.7487, 0.0828, 0.0252, 0.0459], [0.0228, 0.0813, 0.0193, 0.6756, 0.0368, 0.083, 0.0812], [0.0742, 0.0588, 0.0557, 0.7109, 0.0343, 0.0296, 0.0364], [0.028, 0.0633, 0.063, 0.6934, 0.0137, 0.0642, 0.0745], [0.0272, 0.0486, 0.0535, 0.7198, 0.0595, 0.0544, 0.037], [0.0631, 0.0172, 0.0297, 0.7165, 0.0365, 0.0737, 0.0633], [0.0792, 0.0421, 0.0435, 0.6553, 0.0569, 0.0662, 0.0568], [0.0325, 0.0769, 0.0847, 0.7026, 0.0226, 0.052, 0.0287], [0.0558, 0.0803, 0.0659, 0.6147, 0.0528, 0.0407, 0.0898], [0.0627, 0.0917, 0.0562, 0.6349, 0.0465, 0.0249, 0.0832], [0.0422, 0.0673, 0.0807, 0.6605, 0.0495, 0.0419, 0.0578], [0.0411, 0.0736, 0.0851, 0.6274, 0.0676, 0.0524, 0.0528], [0.0791, 0.0974, 0.0288, 0.7175, 0.0371, 0.019, 0.021], [0.0433, 0.0194, 0.0348, 0.771, 0.0795, 0.0212, 0.0307], [0.064, 0.0196, 0.0921, 0.6882, 0.0393, 0.0696, 0.0273], [0.0571, 0.0193, 0.0488, 0.7062, 0.0562, 0.0554, 0.057], [0.0554, 0.0323, 0.0259, 0.7461, 0.0186, 0.0689, 0.0528], [0.0429, 0.0794, 0.0604, 0.7077, 0.0518, 0.023, 0.0347], [0.0354, 0.0623, 0.0508, 0.6799, 0.0492, 0.0756, 0.0468], [0.0181, 0.0294, 0.0293, 0.7712, 0.0656, 0.0337, 0.0527], [0.069, 0.0624, 0.0738, 0.6089, 0.0369, 0.0633, 0.0857], [0.0647, 0.0545, 0.0537, 0.6486, 0.0438, 0.0618, 0.0728]], "emotions": ["green", "green", "green", "green", "green", "green", "green", "green", "green", "green", "green", "green", "green", "green", "green", "green", "green", "green", "green", "green", "green", "green", "green", "green", "green", "green", "green", "green", "green", "green", "green", "green", "green", "green", "green", "green", "green", "green", "green", "green", "green", "green", "green", "green", "green", "green", "green", "green", "green", "green", "green", "green", "green", "green", "green", "green", "green", "green", "green", "green", "green", "green", "green", "green", "green", "green", "green", "green", "green", "green", "green", "green", "green", "green", "green", "green", "green", "green", "green", "green"], "timestamps": [0, 40, 80, 120, 160, 200, 240, 280, 320, 360, 400, 440, 480, 520, 560, 600, 640, 680, 720, 760, 800, 840, 880, 920, 960, 1000, 1040, 1080, 1120, 1160, 1200, 1240, 1280, 1320, 1360, 1400, 1440, 1480, 1520, 1560, 1600, 1640, 1680, 1720, 1760, 1800, 1840, 1880, 1920, 1960, 2000, 2040, 2080, 2120, 2160, 2200, 2240, 2280, 2320, 2360, 2400, 2440, 2480, 2520, 2560, 2600, 2640, 2680, 2720, 2760, 2800, 2840, 2880, 2920, 2960, 3000, 3040, 3080, 3120, 3160]}], "conversation": [], "conversation_timestamps": []}