{"agent_id": "agent-orange-1878", "type": "orange", "trips": [{"trip_id": 0, "transport_method": "foot", "start_time": 0, "path": [[1.542547, 42.5120895], [1.5423592, 42.5121312], [1.5421703, 42.5121399], [1.54199, 42.5121226], [1.5418169, 42.5122055], [1.5416402, 42.5122783], [1.5414605, 42.5123447], [1.5412909, 42.5122747], [1.5411176, 42.5122059], [1.5410146, 42.5120826], [1.5408228, 42.5120723], [1.540938, 42.5119601], [1.5408672, 42.5118694], [1.5406815, 42.511821], [1.5404943, 42.5117766], [1.5403079, 42.511729], [1.540131, 42.5117832], [1.5399685, 42.5118546], [1.5397951, 42.5117833], [1.5396143, 42.5118263], [1.5394693, 42.5119306], [1.5392971, 42.511845], [1.539119, 42.5117813], [1.5390914, 42.511671], [1.5391899, 42.5115632], [1.5392737, 42.51144], [1.5392453, 42.5112497], [1.5390986, 42.5112088], [1.5389069, 42.5112248], [1.5387152, 42.5112409], [1.5385234, 42.5112569], [1.5383736, 42.5111547], [1.5382347, 42.5110215], [1.538119, 42.5108689], [1.5380121, 42.5107089], [1.537887, 42.5107376], [1.5377097, 42.5107309], [1.5375175, 42.5107329], [1.5373251, 42.5107373], [1.5371328, 42.5107417], [1.5370245, 42.5106289], [1.5369746, 42.5104436], [1.5368802, 42.510287], [1.5367438, 42.5101513], [1.536597, 42.5100334], [1.5364119, 42.5099808], [1.5362224, 42.5099545], [1.5360303, 42.5099436], [1.5358382, 42.5099326], [1.5356462, 42.5099216], [1.5354541, 42.5099106], [1.5352625, 42.5098931], [1.5350703, 42.5099], [1.5348781, 42.5099082], [1.5346859, 42.5099164], [1.5344936, 42.509919], [1.5343014, 42.5099205], [1.5341095, 42.5099317], [1.5339192, 42.5099039], [1.5337299, 42.5098695], [1.5335406, 42.5098352], [1.5333575, 42.5097761], [1.5331717, 42.5097267], [1.5329818, 42.5096977], [1.5327905, 42.5096777], [1.5325996, 42.5096539], [1.532409, 42.5096275], [1.5322305, 42.5095558], [1.5320521, 42.5094838], [1.5318737, 42.5094117], [1.5316953, 42.5093397], [1.5315118, 42.5092822], [1.5313311, 42.5092165], [1.5311521, 42.5091461], [1.530973, 42.5090758], [1.5307939, 42.5090054], [1.5307977, 42.5088184], [1.530736, 42.5086499], [1.5307102, 42.5084592], [1.5306845, 42.5082686]], "mood_vectors": [[0.0428, 0.0178, 0.0329, 0.0794, 0.6563, 0.0758, 0.0952], [0.0766, 0.033, 0.0303, 0.0299, 0.7638, 0.0316, 0.0347], [0.0748, 0.0143, 0.0781, 0.0298, 0.6862, 0.0628, 0.0541], [0.0558, 0.0717, 0.0186, 0.0286, 0.7508, 0.0181, 0.0564], [0.0323, 0.0576, 0.0509, 0.0395, 0.7316, 0.0564, 0.0316], [0.0658, 0.0445, 0.0326, 0.0211, 0.7055, 0.0635, 0.0671], [0.0819, 0.0359, 0.0288, 0.0545, 0.72, 0.0287, 0.0502], [0.0481, 0.096, 0.0354, 0.0541, 0.6809, 0.0403, 0.0453], [0.077, 0.0505, 0.0474, 0.0467, 0.6928, 0.016, 0.0697], [0.0556, 0.0569, 0.0961, 0.0539, 0.6385, 0.055, 0.0441], [0.0776, 0.0916, 0.0602, 0.0329, 0.6323, 0.0659, 0.0395], [0.0736, 0.0671, 0.0341, 0.0712, 0.6398, 0.0778, 0.0363], [0.0666, 0.0146, 0.05, 0.0569, 0.6962, 0.0447, 0.0708], [0.0153, 0.0557, 0.0685, 0.0122, 0.7357, 0.0759, 0.0367], [0.0812, 0.0466, 0.0426, 0.0479, 0.6899, 0.0536, 0.0383], [0.0665, 0.0311, 0.0559, 0.0486, 0.7207, 0.062, 0.0152], [0.0434, 0.0532, 0.063, 0.038, 0.7074, 0.0688, 0.0261], [0.0569, 0.0149, 0.032, 0.0866, 0.7398, 0.0369, 0.033], [0.0544, 0.0641, 0.0736, 0.0687, 0.6825, 0.0409, 0.0157], [0.0744, 0.0576, 0.0499, 0.0528, 0.6634, 0.0314, 0.0706], [0.0605, 0.0596, 0.0607, 0.0756, 0.6638, 0.0232, 0.0566], [0.0201, 0.0422, 0.0995, 0.0646, 0.7136, 0.0447, 0.0154], [0.0386, 0.0821, 0.0408, 0.0151, 0.7092, 0.051, 0.0631], [0.0453, 0.0185, 0.0625, 0.064, 0.6849, 0.0607, 0.0642], [0.0796, 0.039, 0.0783, 0.0411, 0.7034, 0.0157, 0.0429], [0.0898, 0.0194, 0.0757, 0.0436, 0.67, 0.0755, 0.026], [0.0873, 0.0807, 0.0651, 0.0619, 0.5973, 0.0491, 0.0586], [0.0392, 0.0139, 0.0459, 0.0802, 0.7272, 0.0799, 0.0137], [0.0465, 0.0516, 0.0403, 0.0416, 0.6563, 0.073, 0.0907], [0.0719, 0.0263, 0.0386, 0.0604, 0.6539, 0.0751, 0.0739], [0.0472, 0.0495, 0.0605, 0.0388, 0.6735, 0.0625, 0.0679], [0.0154, 0.0297, 0.0807, 0.0687, 0.6844, 0.0676, 0.0535], [0.0746, 0.0941, 0.0577, 0.0237, 0.6875, 0.0443, 0.0182], [0.0486, 0.0522, 0.0427, 0.0161, 0.6837, 0.0772, 0.0795], [0.0496, 0.0838, 0.0397, 0.0459, 0.6825, 0.0474, 0.0509], [0.0361, 0.0614, 0.0819, 0.0615, 0.631, 0.0867, 0.0414], [0.0803, 0.0209, 0.0816, 0.0481, 0.6332, 0.0802, 0.0557], [0.0499, 0.062, 0.0816, 0.0188, 0.7054, 0.0258, 0.0565], [0.0822, 0.022, 0.036, 0.041, 0.7549, 0.0271, 0.0367], [0.0596, 0.069, 0.0239, 0.0303, 0.7371, 0.0647, 0.0155], [0.0741, 0.0404, 0.0736, 0.0755, 0.6618, 0.0372, 0.0373], [0.0418, 0.053, 0.0601, 0.034, 0.6975, 0.0605, 0.053], [0.0613, 0.0461, 0.0534, 0.0679, 0.6923, 0.0615, 0.0175], [0.0263, 0.0399, 0.0244, 0.0815, 0.7594, 0.049, 0.0196], [0.063, 0.0581, 0.017, 0.0723, 0.6582, 0.0765, 0.055], [0.0393, 0.0385, 0.0883, 0.0586, 0.6741, 0.0654, 0.0358], [0.0432, 0.0837, 0.0446, 0.0558, 0.7321, 0.0218, 0.0188], [0.0176, 0.0695, 0.0649, 0.052, 0.6856, 0.0477, 0.0627], [0.0146, 0.0483, 0.0708, 0.0555, 0.7107, 0.0376, 0.0624], [0.0458, 0.0512, 0.0497, 0.0861, 0.6676, 0.0766, 0.023], [0.0719, 0.0479, 0.0347, 0.0267, 0.7169, 0.0651, 0.0368], [0.0419, 0.0277, 0.0305, 0.0658, 0.7575, 0.0329, 0.0438], [0.0377, 0.036, 0.079, 0.0826, 0.6638, 0.0618, 0.0392], [0.0715, 0.0712, 0.0653, 0.0212, 0.6553, 0.0644, 0.0511], [0.0755, 0.0281, 0.0667, 0.0691, 0.6552, 0.0632, 0.0422], [0.0339, 0.0759, 0.0422, 0.0351, 0.6685, 0.089, 0.0554], [0.0187, 0.0463, 0.0162, 0.0157, 0.8078, 0.0734, 0.0218], [0.0746, 0.0242, 0.0921, 0.0442, 0.6897, 0.0352, 0.0399], [0.0516, 0.0251, 0.0633, 0.0221, 0.7797, 0.0133, 0.0449], [0.0447, 0.076, 0.0858, 0.0189, 0.6551, 0.0558, 0.0637], [0.048, 0.0417, 0.0471, 0.0947, 0.6378, 0.0626, 0.068], [0.067, 0.0172, 0.0354, 0.0543, 0.7288, 0.0275, 0.0698], [0.0268, 0.0654, 0.0469, 0.0686, 0.7241, 0.0474, 0.0208], [0.0136, 0.0419, 0.0247, 0.0769, 0.7399, 0.0385, 0.0645], [0.0758, 0.0212, 0.0387, 0.0693, 0.6939, 0.0691, 0.032], [0.0392, 0.0189, 0.0856, 0.039, 0.6924, 0.0356, 0.0893], [0.0693, 0.0325, 0.0152, 0.022, 0.7378, 0.0746, 0.0486], [0.0715, 0.0719, 0.0315, 0.0349, 0.696, 0.0803, 0.014], [0.052, 0.0806, 0.0283, 0.0844, 0.6634, 0.0595, 0.0318], [0.059, 0.0189, 0.066, 0.0347, 0.7332, 0.0663, 0.0221], [0.0394, 0.0696, 0.0144, 0.0752, 0.7225, 0.0193, 0.0596], [0.0856, 0.088, 0.0444, 0.0331, 0.6984, 0.033, 0.0175], [0.0155, 0.0894, 0.0336, 0.0599, 0.7054, 0.0823, 0.0139], [0.0726, 0.0519, 0.0541, 0.072, 0.6324, 0.059, 0.0581], [0.0285, 0.0256, 0.0325, 0.0168, 0.8236, 0.0525, 0.0204], [0.0937, 0.0757, 0.0657, 0.0393, 0.6686, 0.0344, 0.0226], [0.0628, 0.0632, 0.0242, 0.0201, 0.6782, 0.0719, 0.0797], [0.0655, 0.0289, 0.0668, 0.0206, 0.6766, 0.0517, 0.0899], [0.0274, 0.0402, 0.0648, 0.0726, 0.6907, 0.0706, 0.0337], [0.047, 0.0774, 0.0576, 0.0874, 0.6388, 0.0635, 0.0283]], "emotions": ["red", "red", "red", "red", "red", "red", "red", "red", "red", "red", "red", "red", "red", "red", "red", "red", "red", "red", "red", "red", "red", "red", "red", "red", "red", "red", "red", "red", "red", "red", "red", "red", "red", "red", "red", "red", "red", "red", "red", "red", "red", "red", "red", "red", "red", "red", "red", "red", "red", "red", "red", "red", "red", "red", "red", "red", "red", "red", "red", "red", "red", "red", "red", "red", "red", "red", "red", "red", "red", "red", "red", "red", "red", "red", "red", "red", "red", "red", "red", "red"], "timestamps": [0, 40, 80, 120, 160, 200, 240, 280, 320, 360, 400, 440, 480, 520, 560, 600, 640, 680, 720, 760, 800, 840, 880, 920, 960, 1000, 1040, 1080, 1120, 1160, 1200, 1240, 1280, 1320, 1360, 1400, 1440, 1480, 1520, 1560, 1600, 1640, 1680, 1720, 1760, 1800, 1840, 1880, 1920, 1960, 2000, 2040, 2080, 2120, 2160, 2200, 2240, 2280, 2320, 2360, 2400, 2440, 2480, 2520, 2560, 2600, 2640, 2680, 2720, 2760, 2800, 2840, 2880, 2920, 2960, 3000, 3040, 3080, 3120, 3160]}], "conversation": [], "conversation_timestamps": []}