{
  "agent_id": "agent-type-orange-53",
  "type": "orange",
  "trips": [
    {
      "trip_id": 0,
      "transport_method": "car",
      "start_time": 0,
      "path": [
        [
          1.5261581000000004,
          42.50517090000001
        ],
        [
          1.527319635021868,
          42.50540237332528
        ],
        [
          1.528290779069177,
          42.50541420032136
        ],
        [
          1.527202187111762,
          42.505179678696884
        ],
        [
          1.5261839442808982,
          42.50484056832505
        ],
        [
          1.5251300738624158,
          42.50491020742847
        ],
        [
          1.5239425797925505,
          42.5048034358046
        ],
        [
          1.5227210756645595,
          42.504600811222886
        ],
        [
          1.521986367031191,
          42.50515492840769
        ],
        [
          1.5219599641165191,
          42.50628259366389
        ],
        [
          1.5231681394436407,
          42.5065391605234
        ],
        [
          1.5238174413839343,
          42.50571213426308
        ],
        [
          1.5235422721169867,
          42.50631549182349
        ],
        [
          1.52429599322781,
          42.506791543617666
        ],
        [
          1.5244372181988795,
          42.50660382681326
        ],
        [
          1.5233305988307353,
          42.50663378437001
        ],
        [
          1.5221254379210216,
          42.50634653750668
        ],
        [
          1.5221528821756218,
          42.50694556804089
        ],
        [
          1.5229846161805485,
          42.507705176966155
        ],
        [
          1.5240427153748355,
          42.507623251184285
        ],
        [
          1.523032339646611,
          42.50812706194289
        ],
        [
          1.5226642078347687,
          42.50846380064546
        ],
        [
          1.5219808055908175,
          42.508405641110734
        ],
        [
          1.5217803829179215,
          42.50829570862379
        ],
        [
          1.521456860468734,
          42.508484384502616
        ],
        [
          1.5209343652712353,
          42.50785951928032
        ],
        [
          1.5198096982979366,
          42.507683651043145
        ],
        [
          1.5186968858273562,
          42.508228118955635
        ],
        [
          1.5176391860535625,
          42.50781765654297
        ],
        [
          1.5183414,
          42.50837979999999
        ]
      ],
      "emotions": [
        "green",
        "green",
        "green",
        "green",
        "green",
        "green",
        "green",
        "green",
        "green",
        "green",
        "green",
        "green",
        "green",
        "green",
        "green",
        "purple",
        "purple",
        "purple",
        "purple",
        "purple",
        "red",
        "red",
        "red",
        "red",
        "red",
        "red",
        "red",
        "red",
        "red",
        "red"
      ],
      "mood_vectors": [
        [
          0.09182883763374673,
          0.2549496169216186,
          0.0425623337903321,
          0.2143950709890313,
          0.06372762732586008,
          0.12053824238531002,
          0.21199827095410126
        ],
        [
          0.10446978400789361,
          0.24387844534868616,
          0.1673843999655219,
          0.11797960026841554,
          0.09100989280937205,
          0.15339912667949665,
          0.12187875092061412
        ],
        [
          0.22959139702307,
          0.22058343736680133,
          0.15971910994023297,
          0.15364932715229682,
          0.03265837953372646,
          0.14773346420600503,
          0.056064884777867405
        ],
        [
          0.013557745150361804,
          0.17210888525661042,
          0.2122395678370489,
          0.15463475021466916,
          0.2427244886115804,
          0.19723588264686082,
          0.007498680282868515
        ],
        [
          0.08341382296673308,
          0.15078051644065443,
          0.16682404944534582,
          0.19368190710840597,
          0.014974595345794635,
          0.20629133264808971,
          0.18403377604497628
        ],
        [
          0.09565087122649683,
          0.07125831050861542,
          0.2703471608209073,
          0.13260183595147862,
          0.27402519086446064,
          0.09324813260844483,
          0.06286849801959633
        ],
        [
          0.25952720190937295,
          0.16111559900670208,
          0.06137219940945025,
          0.2834166990452216,
          0.036238727547057974,
          0.006642784327233792,
          0.1916867887549614
        ],
        [
          0.019806856798301905,
          0.09005906265686565,
          0.1091014226923424,
          0.151598203838419,
          0.04588218939302539,
          0.3794001771968416,
          0.20415208742420415
        ],
        [
          0.21737701582211294,
          0.16249085890061474,
          0.004997748541720732,
          0.11533563303949451,
          0.2182861423131357,
          0.1517436250142084,
          0.12976897636871293
        ],
        [
          0.12648629307684153,
          0.1872783382014108,
          0.23898218412883926,
          0.10828200485650594,
          0.00039122666164095735,
          0.15805994873736284,
          0.18052000433739865
        ],
        [
          0.031513462673076476,
          0.20098008765925274,
          0.28871051088827693,
          0.14269969470792052,
          0.14971905703449095,
          0.11675907701664633,
          0.06961811002033612
        ],
        [
          0.005023672592269579,
          0.20998041922043867,
          0.11702591383632156,
          0.26626912303959105,
          0.22887817750486406,
          0.07470912932108495,
          0.09811356448543009
        ],
        [
          0.20283967727038874,
          0.14337866611091496,
          0.17410495407310056,
          0.14785872471635456,
          0.05502226803540323,
          0.12019955981768098,
          0.15659614997615706
        ],
        [
          0.11805344920020389,
          0.01251255780595499,
          0.2599458545419369,
          0.1444996038072348,
          0.1428583721076276,
          0.10737621635384666,
          0.21475394618319502
        ],
        [
          0.13961248103394308,
          0.03985243394419554,
          0.02938561044632241,
          0.27837752441706803,
          0.0981790718792521,
          0.11254603782183538,
          0.3020468404573835
        ],
        [
          0.17590863881341334,
          0.0261895024755301,
          0.2003996375886234,
          0.21593535564349536,
          0.12599113554676467,
          0.18392934808498498,
          0.07164638184718804
        ],
        [
          0.29338661118892323,
          0.1931348451387512,
          0.1415169231426847,
          0.10129421200241216,
          0.037748525828942524,
          0.2030236852830471,
          0.02989519741523915
        ],
        [
          0.22006582166641664,
          0.07735342440772364,
          0.11306105364849112,
          0.010962937066799823,
          0.19341947527980155,
          0.15855714234245166,
          0.22658014558831563
        ],
        [
          0.04355581505571356,
          0.21926887834086725,
          0.19931775919630942,
          0.18732304756844553,
          0.002600451047974383,
          0.20040538027843427,
          0.14752866851225557
        ],
        [
          0.18619680326222657,
          0.2025548650951438,
          0.007389300829125119,
          0.08343764328765732,
          0.0859006128364989,
          0.17922074886922018,
          0.2553000258201281
        ],
        [
          0.04494586763868505,
          0.019275435309305613,
          0.2328521707511503,
          0.21152569000419458,
          0.1680262083359293,
          0.25150694876944646,
          0.0718676791912887
        ],
        [
          0.4576714673653922,
          0.033716560260812246,
          0.020215416797745148,
          0.08500302945817056,
          0.03977865756936551,
          0.2021773160845246,
          0.16143755246398964
        ],
        [
          0.3636174469497771,
          0.14867117563329882,
          0.07135624723442098,
          0.1503267188365034,
          0.05368647455246151,
          0.10296344915209271,
          0.10937848764144542
        ],
        [
          0.014532840071723384,
          0.1866235479860358,
          0.07140610560427281,
          0.14079302166444277,
          0.11842865315949198,
          0.18838126254940943,
          0.27983456896462383
        ],
        [
          0.2211896633840636,
          0.1615654485132084,
          0.11302195602726192,
          0.2081821387563245,
          0.18974936849594967,
          0.0964731255861519,
          0.009818299237040012
        ],
        [
          0.11405248235977905,
          0.04063594463161655,
          0.01686561245040219,
          0.05728265200775392,
          0.3465399693911212,
          0.10379294815614314,
          0.32083039100318395
        ],
        [
          0.120899412241284,
          0.06461755991530409,
          0.029093036905293263,
          0.19511284283887487,
          0.19756994765644562,
          0.14530733294625467,
          0.24739986749654344
        ],
        [
          0.002465168573314872,
          0.08633489851872084,
          0.2953484029201248,
          0.14803712496105775,
          0.10261605633010575,
          0.20586511917261294,
          0.15933322952406295
        ],
        [
          0.23252373550225167,
          0.1007223395302296,
          0.01692689236462534,
          0.19960140695138942,
          0.07186846958747774,
          0.09887646747073868,
          0.27948068859328756
        ],
        [
          0.20693025523147718,
          0.0857026649320258,
          0.06281309819044842,
          0.2383757782225821,
          0.1600685393158313,
          0.02156606791335735,
          0.2245435961942779
        ]
      ],
      "timestamps": [
        0,
        1,
        2,
        3,
        4,
        5,
        6,
        7,
        8,
        9,
        10,
        11,
        12,
        13,
        14,
        15,
        16,
        17,
        18,
        19,
        20,
        21,
        22,
        23,
        24,
        25,
        26,
        27,
        28,
        29
      ],
      "distance": 1241.3
    },
    {
      "trip_id": 1,
      "transport_method": "foot",
      "start_time": 30,
      "path": [
        [
          1.5174658000000008,
          42.507779799999994
        ],
        [
          1.5179841763530522,
          42.508135014495004
        ],
        [
          1.5185278553341466,
          42.50843810235749
        ],
        [
          1.51867803818962,
          42.508237220929324
        ],
        [
          1.5192439116820668,
          42.50796394712631
        ],
        [
          1.5195942944363614,
          42.50811216192921
        ],
        [
          1.5198252694762042,
          42.50863103961469
        ],
        [
          1.5196201150075497,
          42.50825762939231
        ],
        [
          1.5197061167275683,
          42.507736410536424
        ],
        [
          1.5202855519390075,
          42.507533552395515
        ],
        [
          1.5206350515651181,
          42.50724745485192
        ],
        [
          1.5207051670984744,
          42.50704546146841
        ],
        [
          1.5201245449936407,
          42.50715615151393
        ],
        [
          1.519902849634092,
          42.50684530431842
        ],
        [
          1.5196451937537478,
          42.50655918309165
        ],
        [
          1.5202529509153768,
          42.50641745934836
        ],
        [
          1.5199229310925573,
          42.50642158299726
        ],
        [
          1.5193745223295347,
          42.50622020191846
        ],
        [
          1.5187759500793203,
          42.506347659789064
        ],
        [
          1.5184176312101965,
          42.50583567300468
        ],
        [
          1.5186716159222724,
          42.50550602653039
        ],
        [
          1.5192837920052369,
          42.50559045978209
        ],
        [
          1.519896003780026,
          42.50573219236013
        ],
        [
          1.5205082155548153,
          42.505873924938165
        ],
        [
          1.521103937864737,
          42.50606999435563
        ],
        [
          1.521058039024707,
          42.506381203576936
        ],
        [
          1.5215114940993244,
          42.506433061565104
        ],
        [
          1.5211687652743977,
          42.50609452657177
        ],
        [
          1.520814778624663,
          42.50590737913524
        ],
        [
          1.5214016333920872,
          42.506132085305204
        ],
        [
          1.5216964822369374,
          42.5061082283624
        ],
        [
          1.5218894000000005,
          42.5055205
        ]
      ],
      "emotions": [
        "red",
        "red",
        "red",
        "red",
        "red",
        "purple",
        "purple",
        "purple",
        "purple",
        "purple",
        "purple",
        "purple",
        "purple",
        "purple",
        "purple",
        "purple",
        "purple",
        "purple",
        "purple",
        "purple",
        "green",
        "green",
        "green",
        "green",
        "green",
        "red",
        "red",
        "red",
        "red",
        "red",
        "red",
        "red"
      ],
      "mood_vectors": [
        [
          0.17863858269716879,
          0.25555541678335153,
          0.24593452364409926,
          0.036216239945465176,
          0.007661668966545905,
          0.05020938647278283,
          0.22578418149058646
        ],
        [
          0.151969672143008,
          0.027846590442642278,
          0.2041142769031052,
          0.2710298423189419,
          0.06599297537819475,
          0.08415963665935994,
          0.19488700615474794
        ],
        [
          0.2210080955655409,
          0.1151416996114811,
          0.13313439018713252,
          0.133084642679362,
          0.1500591048276202,
          0.1949618479239326,
          0.05261021920493064
        ],
        [
          0.1519913198002899,
          0.22194485964213567,
          0.22289596741473558,
          0.08302711702259136,
          0.0780727489481739,
          0.19972517908706325,
          0.042342808085010376
        ],
        [
          0.1518577591198082,
          0.20993251319619363,
          0.09219922535836984,
          0.2621507431250432,
          0.13760944970267247,
          0.1375822796486686,
          0.008668029849244049
        ],
        [
          0.10775694729129502,
          0.180148075113624,
          0.11580489873142444,
          0.052371173828192556,
          0.23329682464475127,
          0.14329226892681549,
          0.16732981146389728
        ],
        [
          0.0667399065973848,
          0.1530585512246192,
          0.01238180735494237,
          0.12300915180662207,
          0.26772361218345375,
          0.21316519411237564,
          0.16392177672060215
        ],
        [
          0.23460394700865037,
          0.10263875103467857,
          0.2717462234605952,
          0.2559682665826349,
          0.06076472220712568,
          0.04286577497857455,
          0.031412314727740726
        ],
        [
          0.10791861763872734,
          0.1898442489260457,
          0.19274281245329253,
          0.21530039548053131,
          0.19166075255684595,
          0.039500817887506194,
          0.06303235505705101
        ],
        [
          0.14488986011133115,
          0.1784032391174582,
          0.11870961994568137,
          0.21860812121497133,
          0.05110752963515601,
          0.06685473716548702,
          0.22142689280991493
        ],
        [
          0.14387529010957475,
          0.1274550417586792,
          0.24914447936760623,
          0.15578635644153635,
          0.10378337328693149,
          0.17825942383893698,
          0.041696035196735
        ],
        [
          0.3134078783403978,
          0.1273725189139509,
          0.05395139775009842,
          0.0074371001183184205,
          0.15093470944866796,
          0.285873134970965,
          0.06102326045760146
        ],
        [
          0.07635664873617078,
          0.02012847820274558,
          0.1485646693627713,
          0.23590829154970977,
          0.18164085707511687,
          0.18265410682665548,
          0.15474694824683025
        ],
        [
          0.2060624233973665,
          0.03972522628288469,
          0.23616459518851085,
          0.005342100779465686,
          0.02131306112480649,
          0.04838321307961534,
          0.44300938014735036
        ],
        [
          0.031157341961524327,
          0.11272314543269417,
          0.043166164028408546,
          0.31554249769424664,
          0.1376686585898152,
          0.2564397875430707,
          0.1033024047502404
        ],
        [
          0.05007062917378428,
          0.05734360381829525,
          0.24781619277376418,
          0.15747626359551484,
          0.03193160867441435,
          0.3662858736051591,
          0.08907582835906802
        ],
        [
          0.1870166879995509,
          0.04276064413033382,
          0.27385436029064686,
          0.17897613276727592,
          0.10361940775545495,
          0.13499629846055097,
          0.07877646859618655
        ],
        [
          0.20989408780150706,
          0.14928322355830223,
          0.10583728084613563,
          0.01964817712040739,
          0.2043012421681434,
          0.1399864359152654,
          0.17104955259023885
        ],
        [
          0.10962590503033547,
          0.1374069686762869,
          0.14311387113345034,
          0.2136527202792755,
          0.08144742990822895,
          0.11057265135208297,
          0.20418045362033985
        ],
        [
          0.11961287783281045,
          0.06589149794480537,
          0.27217993160781856,
          0.1113255958613087,
          0.23444825763307914,
          0.07730232462990207,
          0.11923951449027564
        ],
        [
          0.04539943006868654,
          0.12186683644433635,
          0.3092227320663693,
          0.28914028399756214,
          0.0709410968383461,
          0.10051589607661233,
          0.06291372450808716
        ],
        [
          0.05228776757932114,
          0.10291529695122936,
          0.016929404000602846,
          0.36572397112738403,
          0.017014927470346122,
          0.26570971227272,
          0.17941892059839643
        ],
        [
          0.016218769046771067,
          0.010380315742214912,
          0.2731063255121481,
          0.23428105443980368,
          0.11057623149770311,
          0.07969196231647552,
          0.2757453414448836
        ],
        [
          0.14059116927765195,
          0.2860419145924886,
          0.11256823978964306,
          0.03652373372992426,
          0.3012983153978769,
          0.06513368054082554,
          0.057842946671589734
        ],
        [
          0.1961494211388455,
          0.20766948605829577,
          0.03453383261401793,
          0.14066717357501518,
          0.07380481450332839,
          0.22229662288827354,
          0.12487864922222375
        ],
        [
          0.2400797615734386,
          0.10364143346485935,
          0.016702007061263225,
          0.14684578230584006,
          0.16369516710939053,
          0.17846068522777597,
          0.15057516325743217
        ],
        [
          0.19570947903487504,
          0.14326292202260962,
          0.023992877076416116,
          0.06782923056363079,
          0.14036861925421626,
          0.2881627348632896,
          0.14067413718496255
        ],
        [
          0.0037404022771741568,
          0.26061428974623135,
          0.20089126008832875,
          0.021813415108866425,
          0.1575779151377903,
          0.11803522821314104,
          0.23732748942846799
        ],
        [
          0.06982127864011796,
          0.06288629128591959,
          0.11896879616881909,
          0.16871687926570367,
          0.3570713951799423,
          0.10607397647695967,
          0.11646138298253778
        ],
        [
          0.028927326435716074,
          0.2088464568491962,
          0.12731600407891053,
          0.160168229945431,
          0.1737805533257811,
          0.15274435983726628,
          0.1482170695276988
        ],
        [
          0.15716109954881183,
          0.26334118720710314,
          0.06648778538452371,
          0.08939766887456894,
          0.254155053540737,
          0.07660994881325989,
          0.09284725663099555
        ],
        [
          0.0796365095677233,
          0.040338691632269046,
          0.23778747062478184,
          0.14994931460060562,
          0.09383202096151456,
          0.15222097750158686,
          0.24623501511151874
        ]
      ],
      "timestamps": [
        30,
        31,
        32,
        33,
        34,
        35,
        36,
        37,
        38,
        39,
        40,
        41,
        42,
        43,
        44,
        45,
        46,
        47,
        48,
        49,
        50,
        51,
        52,
        53,
        54,
        55,
        56,
        57,
        58,
        59,
        60,
        61
      ],
      "distance": 752.5
    },
    {
      "trip_id": 2,
      "transport_method": "stopped",
      "start_time": 62,
      "path": [
        [
          1.5218894000000005,
          42.5055205
        ],
        [
          1.5218894000000005,
          42.5055205
        ],
        [
          1.5218894000000005,
          42.5055205
        ],
        [
          1.5218894000000005,
          42.5055205
        ],
        [
          1.5218894000000005,
          42.5055205
        ],
        [
          1.5218894000000005,
          42.5055205
        ],
        [
          1.5218894000000005,
          42.5055205
        ],
        [
          1.5218894000000005,
          42.5055205
        ],
        [
          1.5218894000000005,
          42.5055205
        ],
        [
          1.5218894000000005,
          42.5055205
        ]
      ],
      "emotions": [
        "red",
        "red",
        "red",
        "red",
        "purple",
        "purple",
        "purple",
        "purple",
        "purple",
        "purple"
      ],
      "mood_vectors": [
        [
          0.1210988261339161,
          0.1407074588812751,
          0.12679246147195378,
          0.04035596589950645,
          0.1812318376302373,
          0.08842220935018245,
          0.3013912406329288
        ],
        [
          0.05469689730351217,
          0.21147012829936165,
          0.2469943980108318,
          0.0030937722941107876,
          0.0037214023301995708,
          0.21964436903938211,
          0.26037903272260193
        ],
        [
          0.11300843332575726,
          0.1774656165350703,
          0.06490290483990761,
          0.18745625313864708,
          0.11117791115934664,
          0.12526062604819163,
          0.22072825495307954
        ],
        [
          0.16723798092302675,
          0.2507700033087096,
          0.05190955501107203,
          0.20693030074424673,
          0.07075860081724046,
          0.09762802264685969,
          0.15476553654884478
        ],
        [
          0.11325595529571443,
          0.1566364969916091,
          0.20014007129292102,
          0.14597212124533168,
          0.1032634791801125,
          0.18899102808808846,
          0.0917408479062228
        ],
        [
          0.18729699186736448,
          0.09760454876567158,
          0.2323519651717029,
          0.2216213518827021,
          0.054482574370000605,
          0.1762289967540842,
          0.030413571188474115
        ],
        [
          0.015987701975069723,
          0.22940387034839513,
          0.1435686557128376,
          0.215016901302242,
          0.208814014800488,
          0.11738172886869934,
          0.06982712699226823
        ],
        [
          0.11968884809272584,
          0.014664637775379092,
          0.2602892287391436,
          0.32719092215304035,
          0.10536677781781865,
          0.07727696200441936,
          0.09552262341747318
        ],
        [
          0.040352929746477376,
          0.3210037537739127,
          0.20496645500162167,
          9.835918011554998e-05,
          0.03469637525346414,
          0.27671662852430046,
          0.12216549852010805
        ],
        [
          0.0663968778146601,
          0.23348719987240377,
          0.1109605220586769,
          0.14286556710648315,
          0.12797795713380927,
          0.12258761745557283,
          0.19572425855839407
        ]
      ],
      "timestamps": [
        62,
        63,
        64,
        65,
        66,
        67,
        68,
        69,
        70,
        71
      ]
    },
    {
      "trip_id": 3,
      "transport_method": "foot",
      "start_time": 72,
      "path": [
        [
          1.5218894000000005,
          42.5055205
        ],
        [
          1.5218541334054558,
          42.50565849065153
        ],
        [
          1.5218188668109112,
          42.50579648130306
        ],
        [
          1.5217836002163665,
          42.50593447195458
        ],
        [
          1.5217607106807456,
          42.50607222982785
        ],
        [
          1.5218162174080754,
          42.50620066546102
        ],
        [
          1.5217791362603181,
          42.506323425925984
        ],
        [
          1.5216679989478654,
          42.506410495741825
        ],
        [
          1.5217430324835768,
          42.50634234745234
        ],
        [
          1.5218788641296643,
          42.50630830706863
        ],
        [
          1.521915184197895,
          42.50635301535498
        ],
        [
          1.5220089288619776,
          42.50628943735763
        ],
        [
          1.5221499837248276,
          42.50630915228258
        ],
        [
          1.5222910385876773,
          42.506328867207536
        ],
        [
          1.5224320934505273,
          42.506348582132496
        ],
        [
          1.522573148313377,
          42.50636829705745
        ],
        [
          1.522712180082077,
          42.506397901620524
        ],
        [
          1.5228483372408432,
          42.50643965890631
        ],
        [
          1.5229843327123165,
          42.506481971839776
        ],
        [
          1.5231203281837897,
          42.506524284773235
        ],
        [
          1.523256323655263,
          42.5065665977067
        ],
        [
          1.523392469442965,
          42.5066083801774
        ],
        [
          1.5234771828751759,
          42.506668570613094
        ],
        [
          1.5236157829944295,
          42.50670136023862
        ],
        [
          1.5237544330025845,
          42.506733938183224
        ],
        [
          1.5238930886683895,
          42.506766492122146
        ],
        [
          1.5240317443341946,
          42.506799046061076
        ],
        [
          1.5241703999999998,
          42.506831600000005
        ]
      ],
      "emotions": [
        "red",
        "red",
        "red",
        "green",
        "green",
        "green",
        "green",
        "green",
        "purple",
        "purple",
        "purple",
        "purple",
        "purple",
        "green",
        "green",
        "green",
        "green",
        "green",
        "red",
        "red",
        "red",
        "red",
        "red",
        "purple",
        "purple",
        "purple",
        "purple",
        "purple"
      ],
      "mood_vectors": [
        [
          0.03304784999442279,
          0.20192726172832065,
          0.2708006819154007,
          0.007535799963851465,
          0.19821716971818396,
          0.10743961091146166,
          0.18103162576835882
        ],
        [
          0.2543143954162865,
          0.012801213768483519,
          0.07478958769444209,
          0.08496924962234893,
          0.2687173532671812,
          0.1529008818708057,
          0.1515073183604521
        ],
        [
          0.08833649406170817,
          0.08502450617569421,
          7.086784711494412e-05,
          0.23815118883571507,
          0.2512673165120585,
          0.10660297098882864,
          0.23054665557888043
        ],
        [
          0.0922081050484493,
          0.13090643664364468,
          0.17874925931114946,
          0.23099074427252306,
          0.2608022204281168,
          0.018587361823906436,
          0.0877558724722103
        ],
        [
          0.2073185276161976,
          0.12395513354614288,
          0.1261537960148776,
          0.05656098521889501,
          0.053813559741550304,
          0.22094838921808177,
          0.2112496086442549
        ],
        [
          0.06775952821685045,
          0.1725190307448106,
          0.02289379780912234,
          0.13591392886633546,
          0.18728364377834428,
          0.19322977427227153,
          0.2204002963122654
        ],
        [
          0.024564256588923986,
          0.249176186334046,
          0.12202287434883928,
          0.2982828511064717,
          0.02916374486385331,
          0.10095371126431432,
          0.1758363754935514
        ],
        [
          0.05203448118352311,
          0.2688598706181331,
          0.24602791287324668,
          0.040663991191149836,
          0.08058720019168465,
          0.30550102324865397,
          0.006325520693608645
        ],
        [
          0.26227887522453247,
          0.26444404150117995,
          0.17270257780817952,
          0.059664298664052054,
          0.1543606191531744,
          0.054760254866068024,
          0.03178933278281359
        ],
        [
          0.15064224513651422,
          0.031390316574992014,
          0.3286135531192104,
          0.1323425538495142,
          0.03484759238589986,
          0.13128851338854722,
          0.19087522554532205
        ],
        [
          0.0017040561836020633,
          0.047225154322242904,
          0.21891091823091258,
          0.05972562137448318,
          0.20280319414992548,
          0.272104407510701,
          0.19752664822813282
        ],
        [
          0.01619934884491492,
          0.019413164688656837,
          0.019691741009227146,
          0.27625790645798187,
          0.31447167227328754,
          0.2582239991075536,
          0.09574216761837802
        ],
        [
          0.2927248567696522,
          0.00811961110271295,
          0.026864187791086555,
          0.2676218343675996,
          0.05677283844914132,
          0.29949903430334296,
          0.04839763721646435
        ],
        [
          0.009175380648283629,
          0.1123681341210185,
          0.09629282134997356,
          0.1804539513207999,
          0.24965228043012558,
          0.25463229608047044,
          0.09742513604932848
        ],
        [
          0.05999502699087745,
          0.2640043930237538,
          0.04035274199504449,
          0.06044326734501148,
          0.18496558712184785,
          0.1651114405319273,
          0.2251275429915376
        ],
        [
          0.01623456627875268,
          0.18325356862993966,
          0.063617292643861,
          0.1332123618076314,
          0.14518662382455266,
          0.17291418744752013,
          0.28558139936774246
        ],
        [
          0.037877092585011145,
          0.15089874396583722,
          0.14067459545797828,
          0.26908203659295826,
          0.07769082861321622,
          0.25062270481872284,
          0.07315399796627603
        ],
        [
          0.16276375202549187,
          0.22958006727405092,
          0.14937024696404788,
          0.09450755377010805,
          0.21950082347286629,
          0.07508557371619702,
          0.06919198277723791
        ],
        [
          0.21564939573297012,
          0.13573966966141926,
          0.1907638017662295,
          0.1611798531779301,
          0.11991205443333143,
          0.1256166789034559,
          0.0511385463246636
        ],
        [
          0.27086000913630137,
          0.07985669235470665,
          0.08073459726834192,
          0.04460728250522016,
          0.13487564332724272,
          0.20280154868163797,
          0.1862642267265493
        ],
        [
          0.2715245318681685,
          0.03234484827034992,
          0.05137838625461698,
          0.08565412687047451,
          0.06988174314534548,
          0.18288949717781597,
          0.30632686641322865
        ],
        [
          0.007381799436738098,
          0.2556243962172219,
          0.3841516019198928,
          0.19099964770586378,
          0.004128685163691921,
          0.03340664334847625,
          0.12430722620811523
        ],
        [
          0.18540715667278537,
          0.19679558509451514,
          0.22919666772992242,
          0.017938177779054744,
          0.08859023431762413,
          0.09200867631156898,
          0.1900635020945292
        ],
        [
          0.28065347649524847,
          0.12110600669551778,
          0.2656675658873934,
          0.0287158918965871,
          0.11923633044121534,
          0.17241397466909597,
          0.012206753914942005
        ],
        [
          0.16278099945024657,
          0.09706602633935477,
          0.22120808232180067,
          0.06792793297405335,
          0.040381935759043815,
          0.04408454841014604,
          0.36655047474535474
        ],
        [
          0.07828511102661534,
          0.349869789993394,
          0.1709549518360942,
          0.21767659970626801,
          0.046896620852103624,
          0.012723238844606726,
          0.12359368774091804
        ],
        [
          0.2859415628102719,
          0.07548602943425668,
          0.045918793334108234,
          0.11795488472137358,
          0.22246659146441117,
          0.07297287571030857,
          0.1792592625252698
        ],
        [
          0.18971762982332857,
          0.21359784853368613,
          0.09808506130580266,
          0.010615422981099465,
          0.22304754772256197,
          0.1324278719516991,
          0.132508617681822
        ]
      ],
      "timestamps": [
        72,
        73,
        74,
        75,
        76,
        77,
        78,
        79,
        80,
        81,
        82,
        83,
        84,
        85,
        86,
        87,
        88,
        89,
        90,
        91,
        92,
        93,
        94,
        95,
        96,
        97,
        98,
        99
      ],
      "distance": 391.8
    }
  ],
  "conversation": [
    "This fog is like a soft filter on reality.",
    "No idea where this path goes, but I'm following it.",
    "Should've brought a jacket... again."
  ],
  "conversation_timestamps": [
    28,
    44,
    74
  ]
}
