{"agent_id": "agent-blue-955", "type": "blue", "trips": [{"trip_id": 0, "transport_method": "car", "start_time": 0, "path": [[1.5404924, 42.5072442], [1.5397077, 42.5070751], [1.5389595, 42.5067822], [1.5382451, 42.5064165], [1.5375273, 42.5060582], [1.5368209, 42.5059845], [1.5362916, 42.5063026], [1.5355769, 42.5064832], [1.5348862, 42.5063248], [1.5342519, 42.5066568], [1.5342114, 42.5074484], [1.5341371, 42.5082482], [1.5340825, 42.5086937], [1.5339973, 42.509492], [1.5336769, 42.5101709], [1.5331101, 42.5107142], [1.5326038, 42.5113378], [1.5319909, 42.5118567], [1.5312917, 42.512253], [1.5305613, 42.5125915], [1.5298263, 42.5129199], [1.5290861, 42.5132367], [1.5283512, 42.5135654], [1.5276165, 42.5138947], [1.5268909, 42.5142434], [1.5261818, 42.5146241], [1.5255535, 42.5151245], [1.5250072, 42.5157142], [1.5245855, 42.5163967], [1.5242863, 42.5171435], [1.5241119, 42.5179268], [1.5239979, 42.5187238], [1.5238767, 42.5195188], [1.5237128, 42.5203031], [1.5233787, 42.5210355], [1.5228499, 42.5216284], [1.5221958, 42.5220943], [1.5218113, 42.5227899], [1.5214391, 42.5234928], [1.5209337, 42.5241184], [1.5206263, 42.5248534], [1.5207879, 42.5256283], [1.5206643, 42.5264093], [1.5205822, 42.5271856], [1.5209508, 42.5278648], [1.521228, 42.5285799], [1.5217246, 42.5291637], [1.5217785, 42.5297052], [1.5212937, 42.5303126], [1.5212065, 42.5309287], [1.5208795, 42.5316518], [1.5212552, 42.5323608], [1.5212997, 42.5330209], [1.5219493, 42.5328612], [1.5225252, 42.5325058], [1.5225922, 42.5332107], [1.5229268, 42.5332494], [1.5231621, 42.5325823], [1.5237806, 42.5322941], [1.5240723, 42.5328887], [1.5245576, 42.5331792], [1.5250152, 42.5337963], [1.5247636, 42.5344095], [1.5249486, 42.5345665], [1.5257248, 42.5347219], [1.5263788, 42.5351871], [1.5270256, 42.5356666], [1.5269705, 42.5356485], [1.5263248, 42.535168], [1.5264634, 42.5352437], [1.5271152, 42.5357164], [1.5277689, 42.5361861], [1.5284982, 42.536522], [1.5291537, 42.5369669], [1.5296819, 42.537569], [1.5302889, 42.5380929], [1.5302147, 42.538139], [1.5294096, 42.5381402], [1.528608, 42.5380961], [1.5278151, 42.5382122]], "mood_vectors": [[0.0246, 0.074, 0.0298, 0.7774, 0.0611, 0.0154, 0.0178], [0.0623, 0.0309, 0.0815, 0.6941, 0.0321, 0.0189, 0.0802], [0.028, 0.0608, 0.0507, 0.6831, 0.0388, 0.0845, 0.0542], [0.0282, 0.0348, 0.0882, 0.7021, 0.0508, 0.0176, 0.0783], [0.0585, 0.0795, 0.0166, 0.6868, 0.025, 0.0821, 0.0515], [0.0194, 0.0598, 0.0301, 0.7392, 0.0504, 0.0382, 0.0628], [0.0493, 0.0646, 0.0362, 0.7513, 0.0349, 0.0433, 0.0204], [0.0429, 0.0595, 0.0419, 0.6828, 0.0681, 0.0456, 0.0593], [0.014, 0.0667, 0.0541, 0.7071, 0.0802, 0.0493, 0.0287], [0.0596, 0.0142, 0.0303, 0.7622, 0.0169, 0.0318, 0.085], [0.0754, 0.0761, 0.0307, 0.6414, 0.0697, 0.0798, 0.027], [0.0311, 0.0322, 0.0784, 0.7584, 0.0204, 0.0334, 0.0462], [0.0582, 0.0904, 0.0292, 0.6497, 0.0607, 0.0651, 0.0466], [0.0659, 0.0594, 0.0599, 0.6854, 0.0595, 0.0482, 0.0217], [0.0821, 0.0407, 0.0218, 0.7093, 0.0262, 0.0406, 0.0794], [0.0693, 0.0433, 0.0282, 0.76, 0.0122, 0.0393, 0.0477], [0.0736, 0.0219, 0.0708, 0.6901, 0.0235, 0.067, 0.0529], [0.0883, 0.0497, 0.0454, 0.7441, 0.0167, 0.0188, 0.037], [0.0231, 0.09, 0.0514, 0.6844, 0.0209, 0.072, 0.0583], [0.0562, 0.0284, 0.0371, 0.7642, 0.0684, 0.0327, 0.0131], [0.0153, 0.0297, 0.0386, 0.7584, 0.0313, 0.0651, 0.0615], [0.0396, 0.0173, 0.0499, 0.8386, 0.0156, 0.0174, 0.0215], [0.0749, 0.066, 0.0338, 0.7248, 0.0295, 0.0492, 0.0218], [0.0547, 0.0647, 0.061, 0.6244, 0.0438, 0.0777, 0.0736], [0.0432, 0.0235, 0.0611, 0.6989, 0.0441, 0.0518, 0.0775], [0.0408, 0.0722, 0.0329, 0.6923, 0.049, 0.0215, 0.0913], [0.0216, 0.0784, 0.0584, 0.691, 0.0663, 0.0219, 0.0623], [0.0636, 0.0167, 0.0401, 0.8036, 0.0281, 0.033, 0.0149], [0.0273, 0.062, 0.0682, 0.7044, 0.0399, 0.0446, 0.0536], [0.0208, 0.0836, 0.045, 0.7815, 0.0141, 0.0217, 0.0334], [0.0432, 0.0853, 0.0509, 0.6561, 0.05, 0.0609, 0.0536], [0.0636, 0.0689, 0.0622, 0.6137, 0.0768, 0.0623, 0.0525], [0.015, 0.0654, 0.0703, 0.7513, 0.0206, 0.0554, 0.0219], [0.0754, 0.0486, 0.045, 0.7395, 0.0173, 0.0517, 0.0224], [0.0652, 0.0349, 0.0118, 0.7898, 0.0367, 0.0356, 0.026], [0.0167, 0.0429, 0.0367, 0.7189, 0.0644, 0.0526, 0.0678], [0.0429, 0.0468, 0.0647, 0.6945, 0.0326, 0.058, 0.0604], [0.0429, 0.0831, 0.0664, 0.6772, 0.0627, 0.0238, 0.0438], [0.0494, 0.0999, 0.0171, 0.6978, 0.0286, 0.0668, 0.0404], [0.0755, 0.0902, 0.0597, 0.6563, 0.0172, 0.0237, 0.0773], [0.0201, 0.0182, 0.0856, 0.764, 0.0266, 0.0638, 0.0217], [0.0271, 0.0178, 0.082, 0.7428, 0.0675, 0.02, 0.0427], [0.041, 0.0415, 0.0314, 0.76, 0.0317, 0.0682, 0.0263], [0.0299, 0.0634, 0.0327, 0.7485, 0.0439, 0.0417, 0.0399], [0.0408, 0.0477, 0.0535, 0.7825, 0.0277, 0.0336, 0.0142], [0.0513, 0.0645, 0.042, 0.7114, 0.014, 0.0577, 0.0592], [0.0906, 0.0818, 0.0376, 0.6493, 0.0602, 0.0362, 0.0444], [0.0537, 0.032, 0.0346, 0.7152, 0.0467, 0.0701, 0.0477], [0.0177, 0.0948, 0.0866, 0.6664, 0.0251, 0.016, 0.0934], [0.0122, 0.0503, 0.0642, 0.7793, 0.0331, 0.0436, 0.0174], [0.0647, 0.0337, 0.0258, 0.7462, 0.0468, 0.0684, 0.0145], [0.0459, 0.0716, 0.054, 0.7172, 0.057, 0.037, 0.0172], [0.0331, 0.0334, 0.0983, 0.6871, 0.0771, 0.0371, 0.0339], [0.0222, 0.0524, 0.0735, 0.6991, 0.0181, 0.0524, 0.0823], [0.0433, 0.0636, 0.0476, 0.741, 0.034, 0.0207, 0.0497], [0.0293, 0.0305, 0.0495, 0.77, 0.0579, 0.0198, 0.043], [0.078, 0.0328, 0.0721, 0.7387, 0.025, 0.0387, 0.0146], [0.0589, 0.0495, 0.0617, 0.6792, 0.0617, 0.0292, 0.0597], [0.0494, 0.0437, 0.0505, 0.7084, 0.0427, 0.0161, 0.0893], [0.037, 0.0233, 0.0617, 0.7084, 0.0314, 0.0572, 0.081], [0.0681, 0.0281, 0.0389, 0.7157, 0.0439, 0.024, 0.0813], [0.061, 0.074, 0.0641, 0.6012, 0.0714, 0.0802, 0.0481], [0.0715, 0.0632, 0.0445, 0.7316, 0.0666, 0.0112, 0.0114], [0.0158, 0.0857, 0.0208, 0.6817, 0.0787, 0.0661, 0.0512], [0.0582, 0.0298, 0.0228, 0.7161, 0.0724, 0.0347, 0.0661], [0.0406, 0.03, 0.098, 0.6668, 0.0586, 0.0422, 0.0638], [0.0701, 0.0627, 0.0517, 0.6454, 0.0738, 0.0699, 0.0264], [0.0276, 0.0705, 0.0159, 0.6827, 0.0683, 0.071, 0.0639], [0.0231, 0.0757, 0.0361, 0.7573, 0.0431, 0.0517, 0.013], [0.0544, 0.0162, 0.051, 0.7288, 0.0576, 0.0465, 0.0456], [0.0789, 0.0487, 0.0248, 0.692, 0.0558, 0.0769, 0.023], [0.0284, 0.0702, 0.0709, 0.6129, 0.0718, 0.0799, 0.0659], [0.0414, 0.0519, 0.0562, 0.7494, 0.0254, 0.0278, 0.0478], [0.027, 0.0381, 0.0715, 0.7369, 0.079, 0.0292, 0.0183], [0.0122, 0.0404, 0.0463, 0.7383, 0.0425, 0.0426, 0.0777], [0.0679, 0.0754, 0.0254, 0.6698, 0.0576, 0.0663, 0.0376], [0.0325, 0.0557, 0.0495, 0.6629, 0.0735, 0.08, 0.046], [0.0356, 0.025, 0.0299, 0.7516, 0.0641, 0.0343, 0.0595], [0.068, 0.0249, 0.0189, 0.685, 0.0531, 0.0725, 0.0776], [0.0864, 0.0265, 0.0733, 0.615, 0.0772, 0.0603, 0.0613]], "emotions": ["green", "green", "green", "green", "green", "green", "green", "green", "green", "green", "green", "green", "green", "green", "green", "green", "green", "green", "green", "green", "green", "green", "green", "green", "green", "green", "green", "green", "green", "green", "green", "green", "green", "green", "green", "green", "green", "green", "green", "green", "green", "green", "green", "green", "green", "green", "green", "green", "green", "green", "green", "green", "green", "green", "green", "green", "green", "green", "green", "green", "green", "green", "green", "green", "green", "green", "green", "green", "green", "green", "green", "green", "green", "green", "green", "green", "green", "green", "green", "green"], "timestamps": [0, 40, 80, 120, 160, 200, 240, 280, 320, 360, 400, 440, 480, 520, 560, 600, 640, 680, 720, 760, 800, 840, 880, 920, 960, 1000, 1040, 1080, 1120, 1160, 1200, 1240, 1280, 1320, 1360, 1400, 1440, 1480, 1520, 1560, 1600, 1640, 1680, 1720, 1760, 1800, 1840, 1880, 1920, 1960, 2000, 2040, 2080, 2120, 2160, 2200, 2240, 2280, 2320, 2360, 2400, 2440, 2480, 2520, 2560, 2600, 2640, 2680, 2720, 2760, 2800, 2840, 2880, 2920, 2960, 3000, 3040, 3080, 3120, 3160]}], "conversation": [], "conversation_timestamps": []}