{"agent_id": "agent-green-1347", "type": "green", "trips": [{"trip_id": 0, "transport_method": "bus", "start_time": 0, "path": [[1.5197673, 42.5086547], [1.5196073, 42.5079387], [1.519937, 42.507423], [1.5208218, 42.5074999], [1.5217252, 42.5075073], [1.5225131, 42.5077362], [1.5233962, 42.5078103], [1.524301, 42.507784], [1.5251794, 42.508004], [1.5260498, 42.5082409], [1.5269464, 42.5083583], [1.5278279, 42.508503], [1.5286663, 42.508839], [1.5288389, 42.5088798], [1.5297191, 42.5090967], [1.5305796, 42.5093759], [1.5314297, 42.5096146], [1.5322869, 42.5098665], [1.5331733, 42.5100089], [1.5340073, 42.5099171], [1.5349118, 42.5099068], [1.5358165, 42.5099313], [1.5367106, 42.5100424], [1.5376165, 42.5100355], [1.5385227, 42.5100591], [1.539314, 42.5101267], [1.5401092, 42.5097275], [1.5408657, 42.5092777], [1.541726, 42.5090408], [1.5420192, 42.5088902], [1.5427163, 42.5089194], [1.5436101, 42.5090631], [1.5444699, 42.509307], [1.5453748, 42.5093612], [1.5461774, 42.5089401], [1.5469799, 42.5085184], [1.546835, 42.5088847], [1.5460134, 42.5092419], [1.5455726, 42.5092492], [1.5463602, 42.5088001], [1.5471477, 42.5083511], [1.5479231, 42.5078864], [1.5485717, 42.5072789], [1.5491661, 42.5067863], [1.5494324, 42.5069742], [1.5492635, 42.5078567], [1.5498565, 42.5073647], [1.5503327, 42.5065937], [1.5505986, 42.5066807], [1.550659, 42.5075852], [1.5507193, 42.5084898], [1.5504894, 42.5087875], [1.5502283, 42.508], [1.550444, 42.5071349], [1.5505936, 42.5062535], [1.5506464, 42.5070775], [1.5507289, 42.5079803], [1.5508114, 42.5088831], [1.551274, 42.5096098], [1.5518389, 42.5101636], [1.5527031, 42.5103145], [1.5533659, 42.5105593], [1.5536802, 42.5113863], [1.5540215, 42.5119682], [1.5546209, 42.5122152], [1.5550472, 42.5115253], [1.5557794, 42.5112443], [1.5566304, 42.511501], [1.55741, 42.511561], [1.5575299, 42.5122474], [1.5582482, 42.5125689], [1.5590595, 42.5129369], [1.5597657, 42.5135047], [1.5603555, 42.5140823], [1.5610899, 42.5141172], [1.5614773, 42.513677], [1.5610039, 42.5129379], [1.5609126, 42.512183], [1.5603972, 42.5114995], [1.5603489, 42.5107843]], "mood_vectors": [[0.0409, 0.034, 0.074, 0.0589, 0.0731, 0.0758, 0.6433], [0.0686, 0.0669, 0.0176, 0.0368, 0.0278, 0.0743, 0.708], [0.0481, 0.0219, 0.0623, 0.0457, 0.0163, 0.0643, 0.7414], [0.0268, 0.0354, 0.0316, 0.0807, 0.0791, 0.0362, 0.7102], [0.0428, 0.0943, 0.0665, 0.0498, 0.0367, 0.0832, 0.6268], [0.0656, 0.0236, 0.024, 0.0342, 0.0314, 0.0614, 0.7599], [0.0185, 0.0725, 0.0663, 0.0475, 0.0296, 0.0415, 0.7241], [0.0726, 0.0524, 0.0366, 0.0267, 0.0269, 0.0333, 0.7515], [0.0192, 0.0698, 0.0272, 0.0785, 0.0434, 0.0173, 0.7446], [0.0407, 0.0332, 0.0599, 0.0507, 0.0471, 0.0732, 0.6952], [0.0147, 0.0614, 0.0944, 0.047, 0.0756, 0.0948, 0.612], [0.054, 0.0747, 0.0598, 0.0215, 0.0792, 0.071, 0.6398], [0.0688, 0.047, 0.0662, 0.0339, 0.0241, 0.0602, 0.6998], [0.0704, 0.0504, 0.0485, 0.0435, 0.0657, 0.0403, 0.6811], [0.0709, 0.0599, 0.0797, 0.0287, 0.0757, 0.0786, 0.6065], [0.0228, 0.0317, 0.0223, 0.0291, 0.0635, 0.022, 0.8085], [0.0385, 0.049, 0.0568, 0.0663, 0.0577, 0.0111, 0.7205], [0.0751, 0.0311, 0.0583, 0.0681, 0.0181, 0.0498, 0.6996], [0.0397, 0.0441, 0.0456, 0.0467, 0.0685, 0.0207, 0.7347], [0.0813, 0.0426, 0.0267, 0.0915, 0.0865, 0.0138, 0.6575], [0.0349, 0.0531, 0.045, 0.0403, 0.0581, 0.0224, 0.7461], [0.0706, 0.0293, 0.0575, 0.0758, 0.0413, 0.059, 0.6664], [0.0276, 0.0368, 0.0825, 0.0865, 0.027, 0.0718, 0.6676], [0.0265, 0.0231, 0.0893, 0.0621, 0.0529, 0.0244, 0.7218], [0.0769, 0.0262, 0.0819, 0.0625, 0.0303, 0.0266, 0.6955], [0.0575, 0.0865, 0.0734, 0.0672, 0.0245, 0.0753, 0.6156], [0.0755, 0.0383, 0.0393, 0.0478, 0.0461, 0.0788, 0.6742], [0.0253, 0.0543, 0.0325, 0.0454, 0.0646, 0.0381, 0.7398], [0.0275, 0.026, 0.0533, 0.0668, 0.046, 0.0727, 0.7077], [0.0198, 0.0303, 0.0205, 0.0356, 0.0832, 0.0434, 0.7671], [0.0642, 0.0307, 0.0342, 0.0672, 0.0397, 0.0668, 0.6972], [0.0629, 0.0218, 0.0168, 0.0708, 0.056, 0.0136, 0.758], [0.0299, 0.0248, 0.0336, 0.0557, 0.0613, 0.0742, 0.7205], [0.0773, 0.0903, 0.0411, 0.0246, 0.0702, 0.0303, 0.6662], [0.0286, 0.0375, 0.0693, 0.0726, 0.0168, 0.0777, 0.6975], [0.0251, 0.02, 0.0187, 0.0502, 0.059, 0.0464, 0.7806], [0.0318, 0.0325, 0.0155, 0.0376, 0.0295, 0.0418, 0.8114], [0.0485, 0.027, 0.0143, 0.0519, 0.0156, 0.0397, 0.803], [0.0645, 0.0655, 0.0577, 0.0687, 0.043, 0.0202, 0.6805], [0.0623, 0.0701, 0.0457, 0.0621, 0.0631, 0.0755, 0.6211], [0.0211, 0.0409, 0.0563, 0.0265, 0.0669, 0.0215, 0.7668], [0.083, 0.0844, 0.0429, 0.0505, 0.0158, 0.0638, 0.6596], [0.054, 0.101, 0.0423, 0.0221, 0.0525, 0.0194, 0.7086], [0.0712, 0.0576, 0.0486, 0.0755, 0.0313, 0.0293, 0.6865], [0.0515, 0.0826, 0.0493, 0.0497, 0.0428, 0.087, 0.6371], [0.0496, 0.018, 0.0206, 0.0509, 0.0592, 0.0543, 0.7474], [0.0769, 0.0689, 0.0168, 0.0525, 0.0593, 0.0139, 0.7117], [0.0821, 0.0602, 0.0188, 0.0264, 0.0707, 0.0874, 0.6545], [0.0812, 0.0618, 0.0963, 0.0861, 0.0322, 0.0317, 0.6108], [0.02, 0.0461, 0.0503, 0.0541, 0.0452, 0.0576, 0.7268], [0.0618, 0.0152, 0.0552, 0.0794, 0.066, 0.0239, 0.6986], [0.0888, 0.0252, 0.0938, 0.0205, 0.0158, 0.0184, 0.7374], [0.0297, 0.0496, 0.0593, 0.0453, 0.0221, 0.057, 0.737], [0.0592, 0.0201, 0.0946, 0.0765, 0.0389, 0.0579, 0.6528], [0.0713, 0.054, 0.0394, 0.0255, 0.0783, 0.0466, 0.6848], [0.0748, 0.0312, 0.0576, 0.0159, 0.0431, 0.0233, 0.7541], [0.0425, 0.0775, 0.0763, 0.0438, 0.0574, 0.0292, 0.6734], [0.0722, 0.0202, 0.047, 0.0847, 0.0687, 0.0308, 0.6765], [0.0617, 0.0313, 0.0668, 0.0354, 0.0527, 0.0616, 0.6906], [0.0743, 0.0194, 0.0321, 0.0194, 0.0709, 0.0707, 0.7132], [0.0631, 0.0234, 0.0811, 0.0206, 0.0655, 0.0337, 0.7126], [0.0308, 0.0474, 0.0666, 0.063, 0.0809, 0.0135, 0.6978], [0.0911, 0.0761, 0.0395, 0.0706, 0.0727, 0.0797, 0.5703], [0.028, 0.073, 0.0524, 0.0793, 0.0829, 0.0416, 0.6427], [0.0331, 0.0736, 0.0707, 0.0256, 0.0544, 0.037, 0.7056], [0.0727, 0.0399, 0.0281, 0.0553, 0.0789, 0.0245, 0.7006], [0.0739, 0.0331, 0.0734, 0.0273, 0.0599, 0.0666, 0.6657], [0.0516, 0.027, 0.0214, 0.0965, 0.0304, 0.0732, 0.7], [0.0198, 0.0159, 0.0157, 0.0788, 0.0433, 0.0646, 0.762], [0.0934, 0.0152, 0.0623, 0.0731, 0.0885, 0.0735, 0.5939], [0.0123, 0.0301, 0.0709, 0.0403, 0.0147, 0.0416, 0.7902], [0.0471, 0.0181, 0.0271, 0.0303, 0.0249, 0.029, 0.8236], [0.098, 0.0218, 0.085, 0.0161, 0.0346, 0.0653, 0.6792], [0.0216, 0.0693, 0.029, 0.0881, 0.0538, 0.0241, 0.7142], [0.079, 0.0431, 0.0247, 0.0172, 0.0768, 0.0495, 0.7097], [0.0228, 0.052, 0.0646, 0.0363, 0.0637, 0.0689, 0.6918], [0.0224, 0.0371, 0.0813, 0.0164, 0.0793, 0.0239, 0.7396], [0.0454, 0.0557, 0.0705, 0.0162, 0.0319, 0.0227, 0.7576], [0.0672, 0.0298, 0.029, 0.0572, 0.0381, 0.0511, 0.7275], [0.0375, 0.021, 0.0594, 0.0533, 0.0706, 0.0431, 0.7151]], "emotions": ["purple", "purple", "purple", "purple", "purple", "purple", "purple", "purple", "purple", "purple", "purple", "purple", "purple", "purple", "purple", "purple", "purple", "purple", "purple", "purple", "purple", "purple", "purple", "purple", "purple", "purple", "purple", "purple", "purple", "purple", "purple", "purple", "purple", "purple", "purple", "purple", "purple", "purple", "purple", "purple", "purple", "purple", "purple", "purple", "purple", "purple", "purple", "purple", "purple", "purple", "purple", "purple", "purple", "purple", "purple", "purple", "purple", "purple", "purple", "purple", "purple", "purple", "purple", "purple", "purple", "purple", "purple", "purple", "purple", "purple", "purple", "purple", "purple", "purple", "purple", "purple", "purple", "purple", "purple", "purple"], "timestamps": [0, 40, 80, 120, 160, 200, 240, 280, 320, 360, 400, 440, 480, 520, 560, 600, 640, 680, 720, 760, 800, 840, 880, 920, 960, 1000, 1040, 1080, 1120, 1160, 1200, 1240, 1280, 1320, 1360, 1400, 1440, 1480, 1520, 1560, 1600, 1640, 1680, 1720, 1760, 1800, 1840, 1880, 1920, 1960, 2000, 2040, 2080, 2120, 2160, 2200, 2240, 2280, 2320, 2360, 2400, 2440, 2480, 2520, 2560, 2600, 2640, 2680, 2720, 2760, 2800, 2840, 2880, 2920, 2960, 3000, 3040, 3080, 3120, 3160]}], "conversation": [], "conversation_timestamps": []}