{"agent_id": "agent-green-507", "type": "green", "trips": [{"trip_id": 0, "transport_method": "bus", "start_time": 0, "path": [[1.5398518, 42.5129998], [1.5393931, 42.5125674], [1.5413329, 42.5116436], [1.5433082, 42.5095235], [1.5466268, 42.5113391], [1.5499574, 42.5119527], [1.5510958, 42.512626], [1.552941, 42.5151881], [1.5554876, 42.5182079], [1.5583597, 42.5209983], [1.5607363, 42.5227164], [1.5640531, 42.5250551], [1.5676549, 42.5269411], [1.5711221, 42.5291546], [1.5741841, 42.530949], [1.5781985, 42.5317809], [1.5796093, 42.5317493], [1.5836518, 42.5321488], [1.5869948, 42.5345172], [1.5905026, 42.5356177], [1.5944801, 42.5363727], [1.5979964, 42.536432], [1.6020797, 42.5368609], [1.6058753, 42.5367008], [1.6098604, 42.5361983], [1.6139205, 42.536556], [1.617954, 42.5371404], [1.6169837, 42.5358028], [1.6186612, 42.5358187], [1.6227553, 42.5352722], [1.6265753, 42.5361836], [1.6247492, 42.5381056], [1.6269541, 42.5385502], [1.6269738, 42.5385217], [1.6310605, 42.5390841], [1.6351011, 42.5393334], [1.6389367, 42.5404522], [1.642789, 42.5416509], [1.6465138, 42.5416084], [1.6501461, 42.5421434], [1.6540254, 42.5419096], [1.6579519, 42.5406714], [1.6580177, 42.5406873], [1.6576956, 42.540727], [1.6615473, 42.5393121], [1.6656858, 42.5392575], [1.6698263, 42.5392176], [1.669572, 42.5393312], [1.6654698, 42.5393979], [1.663001, 42.5370152], [1.6629887, 42.5392651], [1.6671283, 42.5391705], [1.6712678, 42.5390759], [1.6740667, 42.5384824], [1.6772146, 42.539024], [1.6808796, 42.5408949], [1.6838151, 42.5429562], [1.6842978, 42.5469056], [1.6813045, 42.5493043], [1.6795457, 42.5517358], [1.6820112, 42.553873], [1.6856584, 42.5551896], [1.6871007, 42.556267], [1.6882613, 42.557848], [1.6889401, 42.5572146], [1.6917307, 42.554156], [1.6949592, 42.5515838], [1.6975416, 42.5483515], [1.7005899, 42.5456374], [1.7045489, 42.5445699], [1.7086766, 42.5442451], [1.7128114, 42.5440384], [1.7169506, 42.5439284], [1.7210889, 42.543788], [1.7252259, 42.5438497], [1.7292435, 42.5447702], [1.7329181, 42.5466598], [1.7335215, 42.5462617], [1.735465, 42.5449727], [1.7324565, 42.5440273]], "mood_vectors": [[0.0546, 0.0495, 0.0413, 0.0762, 0.0534, 0.0182, 0.7069], [0.0592, 0.0657, 0.0678, 0.0743, 0.0507, 0.0343, 0.6479], [0.0826, 0.0367, 0.0184, 0.04, 0.0333, 0.0476, 0.7414], [0.0393, 0.0511, 0.0711, 0.0777, 0.0515, 0.0801, 0.6293], [0.0492, 0.0674, 0.0768, 0.03, 0.0381, 0.0224, 0.7161], [0.0157, 0.0615, 0.0418, 0.0519, 0.0615, 0.0511, 0.7165], [0.0285, 0.0889, 0.0235, 0.0404, 0.0743, 0.072, 0.6723], [0.0515, 0.0745, 0.0341, 0.046, 0.0846, 0.0271, 0.6822], [0.0282, 0.0687, 0.0558, 0.0358, 0.0691, 0.0788, 0.6636], [0.0742, 0.0187, 0.0157, 0.0585, 0.1078, 0.0267, 0.6984], [0.0438, 0.0672, 0.0117, 0.0673, 0.0596, 0.0525, 0.6978], [0.0172, 0.0325, 0.0874, 0.0172, 0.0512, 0.0569, 0.7375], [0.0465, 0.0414, 0.0612, 0.0689, 0.0317, 0.0544, 0.6959], [0.0567, 0.0611, 0.068, 0.0336, 0.0432, 0.0597, 0.6777], [0.0646, 0.0517, 0.0508, 0.0475, 0.0624, 0.05, 0.673], [0.068, 0.0417, 0.0317, 0.0837, 0.0275, 0.0324, 0.715], [0.0531, 0.03, 0.0603, 0.0669, 0.0329, 0.0638, 0.6931], [0.0368, 0.0252, 0.031, 0.054, 0.0626, 0.0871, 0.7033], [0.0737, 0.043, 0.0716, 0.0853, 0.0427, 0.0244, 0.6592], [0.0287, 0.0664, 0.0231, 0.0314, 0.064, 0.0646, 0.7219], [0.0186, 0.0398, 0.0259, 0.0805, 0.0375, 0.0155, 0.7823], [0.0293, 0.0187, 0.0798, 0.0788, 0.0616, 0.0576, 0.6743], [0.0642, 0.0566, 0.0872, 0.0598, 0.0783, 0.0921, 0.5619], [0.0427, 0.0324, 0.0672, 0.0822, 0.0384, 0.034, 0.7031], [0.0201, 0.0741, 0.0728, 0.0311, 0.0322, 0.018, 0.7517], [0.0148, 0.0269, 0.0396, 0.0227, 0.0514, 0.0902, 0.7544], [0.0672, 0.0634, 0.0737, 0.0325, 0.039, 0.0343, 0.6899], [0.0402, 0.0711, 0.0566, 0.0124, 0.064, 0.0732, 0.6826], [0.0538, 0.0569, 0.0804, 0.0415, 0.058, 0.0202, 0.6892], [0.0164, 0.0945, 0.0973, 0.0208, 0.0165, 0.0204, 0.7341], [0.057, 0.0733, 0.0687, 0.0298, 0.0572, 0.0656, 0.6484], [0.0556, 0.0513, 0.0222, 0.086, 0.0703, 0.0811, 0.6336], [0.096, 0.048, 0.0812, 0.0508, 0.0299, 0.0788, 0.6153], [0.0282, 0.0865, 0.0179, 0.083, 0.0628, 0.0477, 0.6738], [0.0517, 0.0297, 0.0617, 0.0264, 0.0679, 0.0424, 0.7202], [0.0889, 0.0324, 0.0578, 0.0823, 0.0827, 0.0294, 0.6265], [0.0603, 0.0672, 0.0739, 0.072, 0.0198, 0.0512, 0.6556], [0.0541, 0.0856, 0.0495, 0.0232, 0.0621, 0.0375, 0.688], [0.0186, 0.0804, 0.0764, 0.0741, 0.0331, 0.084, 0.6334], [0.0722, 0.0802, 0.0535, 0.0159, 0.0669, 0.0242, 0.6872], [0.0589, 0.0173, 0.0771, 0.0251, 0.076, 0.0616, 0.6841], [0.0171, 0.0762, 0.0446, 0.0689, 0.0353, 0.0463, 0.7116], [0.0751, 0.0653, 0.0493, 0.058, 0.0371, 0.0555, 0.6598], [0.0168, 0.0171, 0.0414, 0.0499, 0.0619, 0.0437, 0.7692], [0.0827, 0.0325, 0.0121, 0.0166, 0.0518, 0.0523, 0.752], [0.0557, 0.0335, 0.0315, 0.0519, 0.0571, 0.091, 0.6792], [0.0358, 0.0279, 0.0732, 0.0697, 0.0268, 0.0445, 0.722], [0.0756, 0.0819, 0.077, 0.0444, 0.0409, 0.0654, 0.6147], [0.0835, 0.0984, 0.0208, 0.0701, 0.0555, 0.0623, 0.6094], [0.0498, 0.0411, 0.0356, 0.0509, 0.0407, 0.044, 0.7378], [0.0712, 0.0146, 0.0464, 0.0521, 0.0573, 0.0586, 0.6998], [0.0616, 0.0404, 0.0645, 0.0187, 0.0392, 0.0409, 0.7347], [0.0707, 0.0374, 0.02, 0.0621, 0.041, 0.0823, 0.6864], [0.0722, 0.0595, 0.0216, 0.0449, 0.042, 0.0255, 0.7343], [0.0465, 0.0454, 0.0708, 0.0134, 0.051, 0.0755, 0.6975], [0.0429, 0.0389, 0.0628, 0.0623, 0.0445, 0.0773, 0.6713], [0.0689, 0.0334, 0.0515, 0.0215, 0.0381, 0.0151, 0.7714], [0.0652, 0.0335, 0.0143, 0.076, 0.0882, 0.0358, 0.6871], [0.0763, 0.0512, 0.0663, 0.0153, 0.0284, 0.0257, 0.7369], [0.0582, 0.0865, 0.0771, 0.0167, 0.062, 0.0389, 0.6607], [0.037, 0.0773, 0.0906, 0.0589, 0.0791, 0.0589, 0.5983], [0.0572, 0.0467, 0.0746, 0.0268, 0.0756, 0.0279, 0.6912], [0.0649, 0.0768, 0.045, 0.0593, 0.0318, 0.0289, 0.6933], [0.074, 0.0627, 0.0311, 0.0339, 0.0603, 0.0244, 0.7136], [0.0565, 0.0162, 0.0558, 0.0539, 0.0125, 0.0474, 0.7578], [0.0699, 0.0396, 0.0414, 0.0691, 0.0248, 0.0131, 0.7422], [0.0571, 0.0474, 0.0527, 0.0449, 0.0435, 0.0742, 0.6801], [0.0514, 0.0443, 0.0741, 0.0468, 0.0615, 0.0551, 0.6668], [0.0698, 0.0231, 0.0329, 0.0198, 0.0785, 0.0236, 0.7524], [0.0445, 0.0424, 0.0698, 0.0814, 0.0571, 0.0497, 0.6551], [0.0303, 0.0182, 0.0474, 0.0861, 0.0598, 0.0301, 0.728], [0.0391, 0.0369, 0.0793, 0.028, 0.0367, 0.0521, 0.7279], [0.038, 0.0674, 0.0239, 0.0626, 0.0374, 0.0501, 0.7206], [0.0839, 0.0572, 0.052, 0.0661, 0.0365, 0.0514, 0.6528], [0.0838, 0.0135, 0.045, 0.0127, 0.0617, 0.0473, 0.736], [0.0771, 0.0621, 0.068, 0.0332, 0.0766, 0.0548, 0.6283], [0.0456, 0.079, 0.026, 0.0403, 0.0194, 0.0483, 0.7414], [0.0244, 0.044, 0.0544, 0.0774, 0.0185, 0.0744, 0.7069], [0.0334, 0.0461, 0.0341, 0.0443, 0.0722, 0.0162, 0.7537], [0.039, 0.0397, 0.0237, 0.0261, 0.0581, 0.0474, 0.7661]], "emotions": ["purple", "purple", "purple", "purple", "purple", "purple", "purple", "purple", "purple", "purple", "purple", "purple", "purple", "purple", "purple", "purple", "purple", "purple", "purple", "purple", "purple", "purple", "purple", "purple", "purple", "purple", "purple", "purple", "purple", "purple", "purple", "purple", "purple", "purple", "purple", "purple", "purple", "purple", "purple", "purple", "purple", "purple", "purple", "purple", "purple", "purple", "purple", "purple", "purple", "purple", "purple", "purple", "purple", "purple", "purple", "purple", "purple", "purple", "purple", "purple", "purple", "purple", "purple", "purple", "purple", "purple", "purple", "purple", "purple", "purple", "purple", "purple", "purple", "purple", "purple", "purple", "purple", "purple", "purple", "purple"], "timestamps": [0, 40, 80, 120, 160, 200, 240, 280, 320, 360, 400, 440, 480, 520, 560, 600, 640, 680, 720, 760, 800, 840, 880, 920, 960, 1000, 1040, 1080, 1120, 1160, 1200, 1240, 1280, 1320, 1360, 1400, 1440, 1480, 1520, 1560, 1600, 1640, 1680, 1720, 1760, 1800, 1840, 1880, 1920, 1960, 2000, 2040, 2080, 2120, 2160, 2200, 2240, 2280, 2320, 2360, 2400, 2440, 2480, 2520, 2560, 2600, 2640, 2680, 2720, 2760, 2800, 2840, 2880, 2920, 2960, 3000, 3040, 3080, 3120, 3160]}], "conversation": [], "conversation_timestamps": []}