{
  "agent_id": "agent-type-orange-30",
  "type": "orange",
  "trips": [
    {
      "trip_id": 0,
      "transport_method": "car",
      "start_time": 0,
      "path": [
        [
          1.5216587000000004,
          42.50746370000001
        ],
        [
          1.5210771670824483,
          42.507460343016014
        ],
        [
          1.5205333238224519,
          42.507491968606985
        ],
        [
          1.5211146131505604,
          42.50750913020846
        ],
        [
          1.521696134029174,
          42.50751343824237
        ],
        [
          1.5212257356881178,
          42.50751037575317
        ],
        [
          1.5212349384062271,
          42.50788822254599
        ],
        [
          1.5213295428829443,
          42.50794453331875
        ],
        [
          1.5208255818627525,
          42.50765448804222
        ],
        [
          1.5204343051559237,
          42.50755599833395
        ],
        [
          1.5209174641305783,
          42.507850526855385
        ],
        [
          1.5214308610999379,
          42.508123684969654
        ],
        [
          1.5219648609688325,
          42.508344189715466
        ],
        [
          1.5224357470273693,
          42.50850945366362
        ],
        [
          1.5218687781870737,
          42.50838007770886
        ],
        [
          1.5221361906532225,
          42.5084410982459
        ],
        [
          1.5225276295240742,
          42.50827330002042
        ],
        [
          1.5222251850296387,
          42.508082463374635
        ],
        [
          1.5224475925819678,
          42.50805012973465
        ],
        [
          1.5225015577368737,
          42.50846564088321
        ],
        [
          1.523058434128277,
          42.50829806854589
        ],
        [
          1.5235660196240657,
          42.508555370605634
        ],
        [
          1.52384953160264,
          42.50885289672808
        ],
        [
          1.5239667452055166,
          42.508745425471815
        ],
        [
          1.5245375077021388,
          42.508856879390486
        ],
        [
          1.5251082701987613,
          42.508968333309156
        ],
        [
          1.5256754479006553,
          42.509096220369365
        ],
        [
          1.526240773542032,
          42.50923259750359
        ],
        [
          1.526806099183409,
          42.509368974637816
        ],
        [
          1.526805575175215,
          42.50936884822796
        ],
        [
          1.5262402495338383,
          42.509232471093725
        ],
        [
          1.5256749238924614,
          42.5090960939595
        ],
        [
          1.5251077411510707,
          42.508968230000974
        ],
        [
          1.5245369786544483,
          42.5088567760823
        ],
        [
          1.523966216157826,
          42.50874532216363
        ],
        [
          1.5234416837089462,
          42.50849519661615
        ],
        [
          1.5230325060188232,
          42.50812752885184
        ],
        [
          1.5234367475933,
          42.507793681352396
        ],
        [
          1.5240173764408078,
          42.50781082539336
        ],
        [
          1.524588046410273,
          42.50782885598288
        ],
        [
          1.5251293467885376,
          42.507923993652334
        ],
        [
          1.5255462234168393,
          42.507592436306595
        ],
        [
          1.5260606306264322,
          42.507863687161446
        ],
        [
          1.5266025350962789,
          42.50805838120034
        ],
        [
          1.5267085164213587,
          42.5080803500395
        ],
        [
          1.5264100207870457,
          42.507841538132915
        ],
        [
          1.5267042015443808,
          42.50733989231965
        ],
        [
          1.5272007279641555,
          42.507224149537315
        ],
        [
          1.5277795396742744,
          42.50728044170167
        ],
        [
          1.5276416918104232,
          42.507204980577555
        ],
        [
          1.527062032843469,
          42.507158212152646
        ],
        [
          1.526482373876515,
          42.507111443727744
        ],
        [
          1.5262293508580025,
          42.506864312238804
        ],
        [
          1.5268088736507814,
          42.506912738845
        ],
        [
          1.52717860355644,
          42.50694363454879
        ],
        [
          1.5265990807636614,
          42.50689520794259
        ],
        [
          1.5261703137174847,
          42.50703527766564
        ],
        [
          1.526692216060011,
          42.507128374352405
        ],
        [
          1.527271875026965,
          42.50717514277731
        ],
        [
          1.527851533993919,
          42.507221911202215
        ],
        [
          1.527618565190818,
          42.50682735993828
        ],
        [
          1.5273750223719118,
          42.506309510832175
        ],
        [
          1.52697625141689,
          42.50589453880721
        ],
        [
          1.5267914740187938,
          42.50607361797546
        ],
        [
          1.5269872505759405,
          42.50652973718492
        ],
        [
          1.5268036597347767,
          42.506299836938865
        ],
        [
          1.526765652987929,
          42.50582847129024
        ],
        [
          1.5271939600779074,
          42.50608667341774
        ],
        [
          1.5274866731715853,
          42.506577090108195
        ],
        [
          1.5277948085360002,
          42.507062746014626
        ],
        [
          1.5275582766199187,
          42.50719825041845
        ],
        [
          1.5269786176529647,
          42.507151481993546
        ],
        [
          1.5263989586860107,
          42.507104713568644
        ],
        [
          1.5262094455299384,
          42.506780102886594
        ],
        [
          1.5258920624174404,
          42.50706030754546
        ],
        [
          1.5253130515437205,
          42.50700610227217
        ],
        [
          1.5256866457550944,
          42.50709935454477
        ],
        [
          1.5262661036200822,
          42.507148551965855
        ],
        [
          1.5267625995703256,
          42.50724007713542
        ],
        [
          1.5264301000000002,
          42.50752020000001
        ]
      ],
      "emotions": [
        "red",
        "red",
        "red",
        "red",
        "red",
        "purple",
        "purple",
        "purple",
        "purple",
        "purple",
        "red",
        "red",
        "red",
        "red",
        "red",
        "purple",
        "purple",
        "purple",
        "purple",
        "purple",
        "green",
        "green",
        "green",
        "green",
        "green",
        "red",
        "red",
        "red",
        "red",
        "red",
        "purple",
        "purple",
        "purple",
        "purple",
        "purple",
        "green",
        "green",
        "green",
        "green",
        "green",
        "green",
        "green",
        "green",
        "green",
        "green",
        "red",
        "red",
        "red",
        "red",
        "red",
        "red",
        "red",
        "red",
        "red",
        "red",
        "green",
        "green",
        "green",
        "green",
        "green",
        "red",
        "red",
        "red",
        "red",
        "red",
        "purple",
        "purple",
        "purple",
        "purple",
        "purple",
        "green",
        "green",
        "green",
        "green",
        "green",
        "red",
        "red",
        "red",
        "red",
        "red"
      ],
      "mood_vectors": [
        [
          0.030639810135563023,
          0.20905276096935443,
          0.10830206492680032,
          0.3093459575982266,
          0.004172349797028487,
          0.0890887153427186,
          0.24939834123030846
        ],
        [
          0.10866490359670089,
          0.12437341419738773,
          0.2009923102761191,
          0.019825860639027734,
          0.17143130549583518,
          0.1484176375664811,
          0.22629456822844815
        ],
        [
          0.049339832311723245,
          0.12313826571292631,
          0.16795457922631535,
          0.1950601186767701,
          0.11672373216870555,
          0.09452223869731478,
          0.25326123320624466
        ],
        [
          0.1987142573400578,
          0.18306753610784732,
          0.1559558164905524,
          0.1768936588396623,
          0.032507840644764106,
          0.05333898881215716,
          0.19952190176495893
        ],
        [
          0.08425678910372394,
          0.08710413293763274,
          0.03159002058907512,
          0.24850924724360485,
          0.0659800560358129,
          0.2847098786654004,
          0.19784987542475008
        ],
        [
          0.18778716424176933,
          0.17576862844401708,
          0.24206585922857113,
          0.007093570599764324,
          0.1823454023294269,
          0.16395273155574044,
          0.040986643600710776
        ],
        [
          0.2573985304937195,
          0.08027627175989054,
          0.06762886425074793,
          0.03812992333688713,
          0.19826992274283076,
          0.19571629825834816,
          0.16258018915757594
        ],
        [
          0.0634219572652367,
          0.0028580887860711053,
          0.33062018251534686,
          0.1007828609088006,
          0.17908524643147708,
          0.07235398697572225,
          0.2508776771173454
        ],
        [
          0.21600600540155077,
          0.013311460256159886,
          0.07025580828136711,
          0.22836070832950914,
          0.17499054774809666,
          0.09306141974845615,
          0.2040140502348604
        ],
        [
          0.21715056914870798,
          0.17223400838007794,
          0.14081664783580913,
          0.018351597480088706,
          0.0932499124053234,
          0.20220903855577796,
          0.15598822619421487
        ],
        [
          0.2069384599075662,
          0.20375224343781403,
          0.06600995586736101,
          0.010054883216779024,
          0.18862379286936792,
          0.06674412268737524,
          0.2578765420137366
        ],
        [
          0.052937949252224434,
          0.19764342178049774,
          0.17546916444139102,
          0.1579051939593822,
          0.10970660235468502,
          0.1598494671795205,
          0.14648820103229912
        ],
        [
          0.05208581322495791,
          0.0792402057796894,
          0.07825020833042738,
          0.292093761088504,
          0.2659955210634258,
          0.1411717536793321,
          0.09116273683366352
        ],
        [
          0.005554292703799677,
          0.018849421602724587,
          0.486613208498517,
          0.0022876071140998963,
          0.302208615595117,
          0.044162534262534796,
          0.14032432022320704
        ],
        [
          0.2276044222623286,
          0.09461023593541468,
          0.05059220001256754,
          0.2254661128572373,
          0.06254483958488603,
          0.22408603501134597,
          0.11509615433621988
        ],
        [
          0.21884715353838066,
          0.17525579323549548,
          0.21589874024445774,
          0.08550425607097724,
          0.11827822955718022,
          0.010231572294851832,
          0.1759842550586568
        ],
        [
          0.03301674641940836,
          0.21417693817069913,
          0.1551909477515591,
          0.13768058631019123,
          0.19980080465616143,
          0.23278621209037406,
          0.02734776460160669
        ],
        [
          0.21154374795807518,
          0.031232532291253636,
          0.04598309968706462,
          0.14899867111893364,
          0.11481442079959789,
          0.225761012012791,
          0.2216665161322841
        ],
        [
          0.13088371622728365,
          0.18579485788728553,
          0.08885386125851513,
          0.11541924281150506,
          0.17488335753239082,
          0.16453133658564714,
          0.13963362769737261
        ],
        [
          0.136217194686781,
          0.23064144688369287,
          0.23985757567153532,
          0.00076168172200713,
          0.016525099028617866,
          0.17425936036400227,
          0.20173764164336347
        ],
        [
          0.20535960249877866,
          0.02701990962731286,
          0.25510771226427004,
          0.23809181155702958,
          0.10211575472222167,
          0.09904927954699637,
          0.07325592978339085
        ],
        [
          0.027672390324829214,
          0.20348120763044344,
          0.13057483994689859,
          0.11664496510064268,
          0.14120739610177685,
          0.21534713825766566,
          0.16507206263774363
        ],
        [
          0.059229282404340604,
          0.22926483249998197,
          0.17098943964580973,
          0.12726608898466807,
          0.23221544931337645,
          0.12670910853906184,
          0.054325798612761274
        ],
        [
          0.4070047894790507,
          0.26685101863676697,
          0.20140744925770904,
          0.004501182146452294,
          0.0731027397666187,
          0.02769749491183785,
          0.019435325801564377
        ],
        [
          0.0818993495920457,
          0.09571135559420953,
          0.19822485921272676,
          0.12245097158379423,
          0.13093571970353182,
          0.16643812798985644,
          0.20433961632383546
        ],
        [
          0.15843264675853122,
          0.06641657074585973,
          0.07017096495578921,
          0.060766749100869835,
          0.23450594277824036,
          0.2713373778128501,
          0.1383697478478596
        ],
        [
          0.28135657175438006,
          0.2203172081996527,
          0.0884228168848234,
          0.02830294006338515,
          0.06629703520216639,
          0.19495722888313521,
          0.12034619901245708
        ],
        [
          0.11446215719053943,
          0.07462317950848188,
          0.14212298922763486,
          0.17824731849067865,
          0.11211496174082579,
          0.18461623777163966,
          0.1938131560701997
        ],
        [
          0.20814425509816303,
          0.05410263888575107,
          0.1557257630328097,
          0.03753859736490422,
          0.08496683256151291,
          0.35085427561347776,
          0.10866763744338127
        ],
        [
          0.1446242533253625,
          0.19057083203957081,
          0.0670683453451792,
          0.10773212641314847,
          0.1357649367896234,
          0.16550943436233792,
          0.18873007172477768
        ],
        [
          0.08753390498658414,
          0.10720279226339574,
          0.1829005388743059,
          0.17078447260836188,
          0.1835892574196602,
          0.10484227764789134,
          0.16314675619980074
        ],
        [
          0.2390088387522612,
          0.23808164138267313,
          0.001103263200553301,
          0.10444235271438858,
          0.04945378178696427,
          0.3601708700559203,
          0.007739252107239304
        ],
        [
          0.1917386068448762,
          0.20211283776989195,
          0.09404029477022147,
          0.07644482951798777,
          0.1526543793427754,
          0.09393185643594512,
          0.18907719531830205
        ],
        [
          0.054646682085649434,
          0.14261073584344072,
          0.18269492080809488,
          0.10117669629131744,
          0.14654601985214535,
          0.16798428237404633,
          0.20434066274530585
        ],
        [
          0.116705417380134,
          0.009396566623051666,
          0.14520390046531156,
          0.21585667526289734,
          0.21602759013582343,
          0.23979885125717604,
          0.05701099887560597
        ],
        [
          0.09274076490431904,
          0.2286012608969697,
          0.188743153342094,
          0.03594154314010149,
          0.23340193397529854,
          0.012435042700659656,
          0.20813630104055755
        ],
        [
          0.20638633572465218,
          0.11660426252643934,
          0.21356419085404865,
          0.02284224053363548,
          0.19687032346641847,
          0.07709923204452118,
          0.16663341485028463
        ],
        [
          0.13021112646147964,
          0.24071044436524208,
          0.002433232068693462,
          0.06381276213885406,
          0.12221428977715165,
          0.2084861920466461,
          0.23213195314193297
        ],
        [
          0.21968113468591524,
          0.0956386611445601,
          0.057871454569694315,
          0.251457751882219,
          0.1582324700819424,
          0.05452274992202124,
          0.16259577771364775
        ],
        [
          0.21898785132066226,
          0.21099340800356642,
          0.08901403896180414,
          0.10665471920909939,
          0.004335764926406606,
          0.1809809789893145,
          0.18903323858914672
        ],
        [
          0.1750262053606409,
          0.2194807256225019,
          0.12012028720655692,
          0.055785915066065714,
          0.21595888699369403,
          0.03077232671432013,
          0.18285565303622053
        ],
        [
          0.06502819349054684,
          0.1851234821391911,
          0.28879435205238235,
          0.17312742086628938,
          0.021508188013738827,
          0.1005728433920291,
          0.16584552004582243
        ],
        [
          0.2234531710117375,
          0.11337807683488083,
          0.1516160754170014,
          0.09922963043189705,
          0.21319712726334436,
          0.07739622502607403,
          0.12172969401506491
        ],
        [
          0.16695060274552143,
          0.125548807726758,
          0.2185186112117928,
          0.132432529179365,
          0.10471188572951473,
          0.22585246070591655,
          0.02598510270113142
        ],
        [
          0.28513178866370914,
          0.06368275363348729,
          0.018237189772955225,
          0.04825365696671313,
          0.2396320056582035,
          0.11715355313615992,
          0.22790905216877186
        ],
        [
          0.07832654860246234,
          0.18792935090661533,
          0.017693707333134197,
          0.20904370638691233,
          0.2104172655148289,
          0.08238175795667262,
          0.21420766329937424
        ],
        [
          0.4087253889686802,
          0.07910104261356657,
          0.2009538460710144,
          0.004164074847854782,
          0.022742796571020463,
          0.1435535590522229,
          0.1407592918756406
        ],
        [
          0.27647255880988686,
          0.061937159990577216,
          0.16581257043342845,
          0.03276810073136206,
          0.21983510233048278,
          0.0555000836128528,
          0.18767442409140989
        ],
        [
          0.16521046621654906,
          0.19946087201646412,
          0.19871273652224727,
          0.25395865618967034,
          0.13463420678651497,
          0.024482706653363797,
          0.02354035561519043
        ],
        [
          0.21223586317936155,
          0.010823187435599546,
          0.20377596924888386,
          0.11451962128474126,
          0.10355928214530158,
          0.17689436610638823,
          0.17819171059972394
        ],
        [
          0.23014139574935266,
          0.09784827476850788,
          0.029595920556946643,
          0.2888483624447131,
          0.18127983442942228,
          0.024199872554156683,
          0.14808633949690078
        ],
        [
          0.0259295853152735,
          0.24572603087858472,
          0.035887711918012766,
          0.23885363880348726,
          0.14054260734541035,
          0.11206842374066164,
          0.20099200199856976
        ],
        [
          0.207221098225877,
          0.0032314531430964314,
          0.01310412716459632,
          0.10931642597021175,
          0.24733628037285285,
          0.026736833258644458,
          0.3930537818647211
        ],
        [
          0.2387897459045214,
          0.13197375509558934,
          0.04864656706037629,
          0.24670736206306443,
          0.039711070977652564,
          0.19425132178306503,
          0.09992017711573087
        ],
        [
          0.20971374140757887,
          0.23073528578286315,
          0.09599889771698529,
          0.1173640926713732,
          0.1839706273526568,
          0.022422720716742034,
          0.1397946343518007
        ],
        [
          0.12425651696834054,
          0.0247362070194156,
          0.026094841587537047,
          0.09241965430881875,
          0.07126100637101788,
          0.23705026461025158,
          0.4241815091346185
        ],
        [
          0.20775605906307015,
          0.015753190722243952,
          0.1839428764640505,
          0.1837871181082115,
          0.05973346704045183,
          0.15624683421153157,
          0.19278045439044048
        ],
        [
          0.2750988084921512,
          0.1793836707995238,
          0.0073672407288013836,
          0.22784956413895582,
          0.10237973089229653,
          0.039183793888148376,
          0.16873719106012286
        ],
        [
          0.012773709420168006,
          0.22495659111874386,
          0.11147021341139607,
          0.25688241557326663,
          0.2710512154826952,
          0.05857508250826281,
          0.06429077248546751
        ],
        [
          0.14843427613264326,
          0.21519285339865968,
          0.06344196100447698,
          0.19743700818855145,
          0.11334727291014447,
          0.129027646409677,
          0.133118981955847
        ],
        [
          0.16177118155884637,
          0.17486137780920838,
          0.16330200043527762,
          0.16857776001024755,
          0.13108607094201227,
          0.09110401282542613,
          0.10929759641898174
        ],
        [
          0.12667542482068805,
          0.09741998222031764,
          0.16074852354192862,
          0.19035090117242356,
          0.11564520839826495,
          0.014184123554050772,
          0.2949758362923265
        ],
        [
          0.09186602447492011,
          0.2599628631181893,
          0.06051662380153924,
          0.16200994563059096,
          0.16038123256028708,
          0.14285094405651824,
          0.12241236635795504
        ],
        [
          0.2771605098205031,
          0.050324877981885424,
          0.1023196040585383,
          0.019476656652627482,
          0.22321728656377002,
          0.280730955328117,
          0.046770109594558726
        ],
        [
          0.1009696123934474,
          0.24771999300798844,
          0.03367741927500573,
          0.21648989524173387,
          0.09444613701799058,
          0.08140982747764756,
          0.22528711558618633
        ],
        [
          0.10520727905387343,
          0.2707502827126852,
          0.014675743767154635,
          0.09106544058379822,
          0.4362020392150774,
          0.040303706638076774,
          0.04179550802933427
        ],
        [
          0.05315711948531808,
          0.12856772777959483,
          0.19179500047620693,
          0.007950750804072154,
          0.21815295283291883,
          0.14313811390880432,
          0.2572383347130848
        ],
        [
          0.22702469286017912,
          0.15423997909613418,
          0.11246537827426596,
          0.08597993281628186,
          0.1893542186099145,
          0.12233655407939134,
          0.1085992442638331
        ],
        [
          0.07487184960749864,
          0.1966729116352865,
          0.22656219711003692,
          0.18904556046483512,
          0.282759651164297,
          0.02916716165337493,
          0.0009206683646709213
        ],
        [
          0.285136942273672,
          0.08519384391667213,
          0.015053985055249516,
          0.24079795972960902,
          0.026592829959637652,
          0.04091048614742952,
          0.30631395291773034
        ],
        [
          0.20082858650417246,
          0.16111253484410848,
          0.2017868029197808,
          0.12375127404842455,
          0.11510522128904925,
          0.15125881295486107,
          0.04615676743960332
        ],
        [
          0.013945419188851062,
          0.04603459793939207,
          0.1125490748701043,
          0.217266156944482,
          0.23411287687614246,
          0.36482096124358515,
          0.011270912937443004
        ],
        [
          0.12757111087500345,
          0.20664128987457642,
          0.20348015255582194,
          0.10016751128908387,
          0.23879351428536158,
          0.0883298468249152,
          0.035016574295237524
        ],
        [
          0.06488270582607465,
          0.047218167354800056,
          0.1665629046384048,
          0.20615998579704956,
          0.17654722681971366,
          0.19776860257352954,
          0.14086040699042773
        ],
        [
          0.07377652940477362,
          0.13307355997750892,
          0.032311868532280276,
          0.1731241435313189,
          0.24518478575400451,
          0.21809289805842444,
          0.12443621474168928
        ],
        [
          0.20739157989183715,
          0.10321135145874576,
          0.11762616658716037,
          0.14477990131163276,
          0.16538283995710398,
          0.010543570230715862,
          0.251064590562804
        ],
        [
          0.0012248889205549636,
          0.2516932226105028,
          0.1976501120498272,
          0.12394000093401754,
          0.25345946186368895,
          0.05759259803009256,
          0.11443971559131598
        ],
        [
          0.14930088035780956,
          0.013944979259931387,
          0.02800752510842293,
          0.17421598908555336,
          0.3511475891144957,
          0.24411269565279858,
          0.03927034142098858
        ],
        [
          0.03923991157183353,
          0.18329646056093205,
          0.19549690072924997,
          0.05018698825251746,
          0.24263203916427964,
          0.2320784961864896,
          0.05706920353469771
        ],
        [
          0.1798466946716987,
          0.19707242267077113,
          0.09904735705225041,
          0.013338467795993725,
          0.24441300810218075,
          0.21242649914461725,
          0.053855550562487954
        ]
      ],
      "timestamps": [
        0,
        1,
        2,
        3,
        4,
        5,
        6,
        7,
        8,
        9,
        10,
        11,
        12,
        13,
        14,
        15,
        16,
        17,
        18,
        19,
        20,
        21,
        22,
        23,
        24,
        25,
        26,
        27,
        28,
        29,
        30,
        31,
        32,
        33,
        34,
        35,
        36,
        37,
        38,
        39,
        40,
        41,
        42,
        43,
        44,
        45,
        46,
        47,
        48,
        49,
        50,
        51,
        52,
        53,
        54,
        55,
        56,
        57,
        58,
        59,
        60,
        61,
        62,
        63,
        64,
        65,
        66,
        67,
        68,
        69,
        70,
        71,
        72,
        73,
        74,
        75,
        76,
        77,
        78,
        79
      ],
      "distance": 207.7
    },
    {
      "trip_id": 1,
      "transport_method": "stopped",
      "start_time": 80,
      "path": [
        [
          1.5264301000000002,
          42.50752020000001
        ],
        [
          1.5264301000000002,
          42.50752020000001
        ],
        [
          1.5264301000000002,
          42.50752020000001
        ],
        [
          1.5264301000000002,
          42.50752020000001
        ],
        [
          1.5264301000000002,
          42.50752020000001
        ]
      ],
      "emotions": [
        "red",
        "red",
        "red",
        "red",
        "red"
      ],
      "mood_vectors": [
        [
          0.16425374516331112,
          0.1393179097718665,
          0.054099427471855956,
          0.16356970897958037,
          0.11794408805837041,
          0.16405628177930845,
          0.19675883877570716
        ],
        [
          0.04108339409520862,
          0.07443437856917258,
          0.18527748071677794,
          0.3436537650800341,
          0.056079464510990905,
          0.12202916647112247,
          0.1774423505566934
        ],
        [
          0.1676295894290647,
          0.07974837678941643,
          0.19621915544696517,
          0.19256904184562484,
          0.3046352099867933,
          0.05628453251604796,
          0.002914093986087717
        ],
        [
          0.09034070134158866,
          0.08127984144458486,
          0.147456376472868,
          0.21022332882312464,
          0.19737608874874854,
          0.09539871527754087,
          0.17792494789154453
        ],
        [
          0.031143634534770388,
          0.31076230534036503,
          0.012506024913147716,
          0.13380535275437527,
          0.242287892845002,
          0.22844950665065206,
          0.04104528296168748
        ]
      ],
      "timestamps": [
        80,
        81,
        82,
        83,
        84
      ]
    },
    {
      "trip_id": 2,
      "transport_method": "car",
      "start_time": 85,
      "path": [
        [
          1.5261633000000003,
          42.5070857
        ],
        [
          1.526154627518967,
          42.50708488810815
        ],
        [
          1.5254945660786237,
          42.50702309512225
        ],
        [
          1.52551366236046,
          42.506766531844875
        ],
        [
          1.5251588200979187,
          42.506986667958365
        ],
        [
          1.5248500013345367,
          42.50665235406554
        ],
        [
          1.524288729814924,
          42.506794795438495
        ],
        [
          1.5236458411646727,
          42.50670844270824
        ],
        [
          1.523060781393142,
          42.50650575769021
        ],
        [
          1.5224190401051818,
          42.506346757695404
        ],
        [
          1.5219193175568482,
          42.506287688797315
        ],
        [
          1.5213176075319315,
          42.506099911877875
        ],
        [
          1.5207142146023778,
          42.50591065147236
        ],
        [
          1.52131464391325,
          42.50615512198395
        ],
        [
          1.5213217000000006,
          42.506449
        ]
      ],
      "emotions": [
        "red",
        "red",
        "red",
        "red",
        "red",
        "red",
        "red",
        "red",
        "red",
        "red",
        "red",
        "red",
        "red",
        "red",
        "red"
      ],
      "mood_vectors": [
        [
          0.2172753975534968,
          0.012585394645679704,
          0.16669817331680722,
          0.027286212078744446,
          0.22249510515136875,
          0.07642120475568294,
          0.2772385124982202
        ],
        [
          0.10156253395888806,
          0.14063674640713658,
          0.22470467338382707,
          0.1540140898751435,
          0.09480810695964854,
          0.16591020986103522,
          0.11836363955432096
        ],
        [
          0.10168563130795734,
          0.19108304645701057,
          0.13046519898314796,
          0.12133753870744031,
          0.249183369393717,
          0.20190181796394352,
          0.004343397186783337
        ],
        [
          0.037393999696251394,
          0.06695899953853356,
          0.2230677450992446,
          0.17329564106453058,
          0.18445493350967487,
          0.24366596657217943,
          0.07116271451958553
        ],
        [
          0.24326614508066927,
          0.11933517675488174,
          0.14581323011494646,
          0.18274103105067518,
          0.2550597372666356,
          0.0058488686847074055,
          0.047935811047484206
        ],
        [
          0.08297871976651444,
          0.19858184350792743,
          0.14113693449991274,
          0.254213548869125,
          0.02109429319813592,
          0.25158096042280276,
          0.05041369973558172
        ],
        [
          0.15042239441435618,
          0.11870393795477617,
          0.17743909932251445,
          0.16063114739049605,
          0.15929485795977105,
          0.0819552937794768,
          0.15155326917860926
        ],
        [
          0.2176184185294224,
          0.15396032383674577,
          0.24109273013829402,
          0.08624281841374806,
          0.026085105823738255,
          0.22542942556497306,
          0.04957117769307838
        ],
        [
          0.17674841647606507,
          0.2093416614734612,
          0.0652678310153876,
          0.07071720562725631,
          0.09639838626784068,
          0.21190021224925956,
          0.16962628689072962
        ],
        [
          0.1978299217657197,
          0.04678387255072228,
          0.19359921637480915,
          0.2233771706681614,
          0.1911064302020875,
          0.05744870073511047,
          0.08985468770338954
        ],
        [
          0.17292518860109754,
          0.14144480757707076,
          0.17278335511667883,
          0.13304511615544043,
          0.1880466049986763,
          0.08825386445503959,
          0.10350106309599662
        ],
        [
          0.1719094755125263,
          0.15387076390725532,
          0.08696859595264515,
          0.1979709884283442,
          0.05842284676574673,
          0.14096306575110165,
          0.18989426368238058
        ],
        [
          0.1295023194512224,
          0.06809039606525201,
          0.16565823852911649,
          0.23540989049801803,
          0.21384031236115034,
          0.12165276496564456,
          0.06584607812959611
        ],
        [
          0.23655602079885518,
          0.03834297688386175,
          0.21093845361641128,
          0.09121789182238726,
          0.02878918969028046,
          0.1553158207493684,
          0.23883964643883565
        ],
        [
          0.11744479497845353,
          0.19246095796564602,
          0.16060739136482083,
          0.09883126398002375,
          0.1385096754599618,
          0.1932293598739846,
          0.09891655637710947
        ]
      ],
      "timestamps": [
        85,
        86,
        87,
        88,
        89,
        90,
        91,
        92,
        93,
        94,
        95,
        96,
        97,
        98,
        99
      ],
      "distance": 810.3
    }
  ],
  "conversation": [
    "My algorithm would not predict this route.",
    "What if I just never go back to the office?",
    "That cat's always in the same window."
  ],
  "conversation_timestamps": [
    8,
    97,
    98
  ]
}
