{"agent_id": "agent-purple-389", "type": "purple", "trips": [{"trip_id": 0, "transport_method": "bicycle", "start_time": 0, "path": [[1.5366368, 42.5100447], [1.5364778, 42.5099995], [1.5363179, 42.50996], [1.5361529, 42.5099506], [1.5359878, 42.5099411], [1.5358228, 42.5099317], [1.5356578, 42.5099223], [1.5354928, 42.5099128], [1.5353281, 42.5098998], [1.5351633, 42.5098961], [1.5349982, 42.5099031], [1.534833, 42.5099101], [1.5346679, 42.5099172], [1.5345028, 42.5099194], [1.5343377, 42.5099188], [1.5341726, 42.5099271], [1.5340087, 42.5099173], [1.5338456, 42.5098905], [1.533683, 42.509861], [1.5335209, 42.5098294], [1.5333638, 42.509778], [1.5332047, 42.509734], [1.5330424, 42.509704], [1.532878, 42.5096869], [1.5327136, 42.5096697], [1.5325499, 42.509647], [1.5323876, 42.5096192], [1.5322343, 42.5095573], [1.532081, 42.5094954], [1.5319278, 42.5094336], [1.5317745, 42.5093717], [1.5316198, 42.509314], [1.5314613, 42.5092673], [1.5313073, 42.5092071], [1.5311535, 42.5091467], [1.5309997, 42.5090863], [1.5308458, 42.5090258], [1.5307943, 42.508901], [1.5307073, 42.5088509], [1.5305459, 42.5088868], [1.5303881, 42.508893], [1.5302391, 42.5088213], [1.5300914, 42.5087472], [1.5299449, 42.5086708], [1.5297874, 42.5086299], [1.5296342, 42.5086021], [1.5295782, 42.5084754], [1.5294335, 42.5083958], [1.5292917, 42.5083109], [1.5292838, 42.5081747], [1.5291407, 42.5080919], [1.5289977, 42.5080091], [1.5288634, 42.5079235], [1.5287458, 42.5078171], [1.5286396, 42.5077051], [1.528565, 42.5075917], [1.5284209, 42.5075109], [1.5282767, 42.50743], [1.5281326, 42.5073492], [1.5279813, 42.5072905], [1.527817, 42.5072729], [1.5276526, 42.5072553], [1.5274881, 42.50724], [1.5273231, 42.5072302], [1.5271581, 42.5072214], [1.5269929, 42.5072242], [1.5268276, 42.507227], [1.5266628, 42.5072325], [1.526498, 42.5072197], [1.5263332, 42.507207], [1.5261684, 42.5071942], [1.5260042, 42.5071768], [1.5258405, 42.5071535], [1.5256769, 42.5071303], [1.5255132, 42.5071071], [1.5253496, 42.5070838], [1.525186, 42.5070606], [1.5250336, 42.5070004], [1.5248849, 42.5069282], [1.5247363, 42.5068561]], "mood_vectors": [[0.0753, 0.0346, 0.02, 0.0376, 0.0718, 0.6902, 0.0705], [0.0628, 0.0408, 0.0469, 0.0737, 0.0238, 0.7102, 0.0418], [0.033, 0.0556, 0.0688, 0.0246, 0.071, 0.7124, 0.0346], [0.02, 0.09, 0.0638, 0.0524, 0.0486, 0.7048, 0.0205], [0.016, 0.0459, 0.0842, 0.0525, 0.0539, 0.7315, 0.0159], [0.0402, 0.0297, 0.0539, 0.0784, 0.0144, 0.7194, 0.0641], [0.0339, 0.0556, 0.072, 0.0701, 0.0541, 0.6435, 0.0707], [0.064, 0.0257, 0.0549, 0.0354, 0.0433, 0.7148, 0.0619], [0.051, 0.074, 0.0367, 0.055, 0.0518, 0.643, 0.0885], [0.0795, 0.0553, 0.0809, 0.0331, 0.026, 0.6806, 0.0445], [0.0578, 0.0835, 0.0263, 0.0874, 0.0607, 0.6607, 0.0236], [0.0642, 0.0127, 0.0119, 0.0391, 0.067, 0.7516, 0.0534], [0.0666, 0.0355, 0.102, 0.0435, 0.0152, 0.6495, 0.0877], [0.0534, 0.0564, 0.0675, 0.0391, 0.0621, 0.6812, 0.0403], [0.0576, 0.0715, 0.0649, 0.0754, 0.0315, 0.6266, 0.0724], [0.0487, 0.0289, 0.0728, 0.0274, 0.0273, 0.7371, 0.0577], [0.0351, 0.0545, 0.0582, 0.0208, 0.0484, 0.7366, 0.0464], [0.0551, 0.0659, 0.0285, 0.0731, 0.0723, 0.6597, 0.0453], [0.0265, 0.0753, 0.0179, 0.0408, 0.0918, 0.6645, 0.0832], [0.0853, 0.043, 0.0253, 0.0597, 0.0322, 0.7233, 0.0311], [0.0607, 0.042, 0.0245, 0.0691, 0.0347, 0.6877, 0.0812], [0.0319, 0.0765, 0.0793, 0.0548, 0.0425, 0.6628, 0.0521], [0.0736, 0.0502, 0.072, 0.0281, 0.0235, 0.6954, 0.0573], [0.0697, 0.0477, 0.0739, 0.06, 0.0233, 0.6349, 0.0905], [0.0699, 0.032, 0.0636, 0.0572, 0.0351, 0.6997, 0.0426], [0.0271, 0.0476, 0.0753, 0.0436, 0.0856, 0.7007, 0.0201], [0.0307, 0.0409, 0.0276, 0.0795, 0.0961, 0.6996, 0.0255], [0.0744, 0.022, 0.0795, 0.0379, 0.0262, 0.6808, 0.0791], [0.0814, 0.0355, 0.0479, 0.0744, 0.0303, 0.6781, 0.0524], [0.0603, 0.0171, 0.0903, 0.02, 0.0295, 0.7039, 0.079], [0.0624, 0.0373, 0.074, 0.0317, 0.0123, 0.7145, 0.0677], [0.0557, 0.0488, 0.0792, 0.0148, 0.0593, 0.6741, 0.0681], [0.0596, 0.0433, 0.0546, 0.0539, 0.0546, 0.6926, 0.0414], [0.0638, 0.0201, 0.0919, 0.0508, 0.0505, 0.6757, 0.0472], [0.0298, 0.0348, 0.0472, 0.0899, 0.0918, 0.6848, 0.0217], [0.0721, 0.0555, 0.0295, 0.0795, 0.0538, 0.6187, 0.0908], [0.0682, 0.021, 0.0581, 0.0537, 0.0371, 0.7395, 0.0223], [0.0549, 0.0318, 0.0605, 0.0392, 0.0729, 0.7214, 0.0192], [0.0632, 0.0405, 0.0483, 0.0477, 0.034, 0.7021, 0.0641], [0.0541, 0.0311, 0.0502, 0.0874, 0.0296, 0.6761, 0.0715], [0.0691, 0.0492, 0.0503, 0.0222, 0.0521, 0.7231, 0.034], [0.0713, 0.0592, 0.0503, 0.0138, 0.0335, 0.7306, 0.0413], [0.0718, 0.0246, 0.0472, 0.0647, 0.0443, 0.6742, 0.0731], [0.0482, 0.0604, 0.0721, 0.0201, 0.0438, 0.6865, 0.0689], [0.0175, 0.0694, 0.0498, 0.0805, 0.08, 0.683, 0.0197], [0.0395, 0.0605, 0.0232, 0.0166, 0.0495, 0.7373, 0.0734], [0.055, 0.056, 0.0454, 0.0212, 0.0139, 0.7613, 0.0471], [0.0745, 0.0395, 0.0565, 0.0344, 0.0583, 0.7184, 0.0183], [0.0595, 0.0664, 0.0624, 0.0657, 0.0253, 0.6764, 0.0444], [0.0871, 0.0417, 0.0907, 0.0513, 0.0234, 0.6343, 0.0714], [0.0508, 0.0653, 0.0499, 0.0371, 0.0647, 0.696, 0.0362], [0.0699, 0.0335, 0.0784, 0.0559, 0.0249, 0.6611, 0.0763], [0.0245, 0.0942, 0.0469, 0.0344, 0.0489, 0.6643, 0.0869], [0.0148, 0.063, 0.0664, 0.0671, 0.0393, 0.6719, 0.0775], [0.0635, 0.0417, 0.0123, 0.0127, 0.0537, 0.7879, 0.0282], [0.041, 0.0598, 0.0335, 0.0547, 0.0235, 0.6995, 0.088], [0.084, 0.0734, 0.0568, 0.0448, 0.0139, 0.7108, 0.0163], [0.0384, 0.0738, 0.0157, 0.0733, 0.0438, 0.677, 0.078], [0.0713, 0.0377, 0.0499, 0.0608, 0.0601, 0.6557, 0.0645], [0.0329, 0.0423, 0.0209, 0.0294, 0.0392, 0.7651, 0.0702], [0.0596, 0.0781, 0.0538, 0.0414, 0.0738, 0.642, 0.0514], [0.0641, 0.0668, 0.0191, 0.0669, 0.0718, 0.7003, 0.0111], [0.0697, 0.0914, 0.0616, 0.026, 0.083, 0.6499, 0.0185], [0.0614, 0.031, 0.0218, 0.037, 0.0404, 0.7546, 0.0538], [0.0648, 0.0819, 0.0825, 0.0847, 0.0875, 0.5758, 0.0228], [0.0571, 0.0821, 0.0831, 0.0306, 0.0761, 0.6472, 0.0237], [0.0317, 0.0134, 0.0551, 0.056, 0.0798, 0.6974, 0.0667], [0.0547, 0.0775, 0.0779, 0.0221, 0.0383, 0.7085, 0.021], [0.0561, 0.06, 0.0389, 0.0452, 0.0615, 0.7025, 0.0358], [0.0657, 0.0302, 0.0663, 0.0713, 0.039, 0.6448, 0.0827], [0.0149, 0.0622, 0.0238, 0.0662, 0.0854, 0.7139, 0.0336], [0.0334, 0.0596, 0.0449, 0.0686, 0.0773, 0.6809, 0.0353], [0.0768, 0.0831, 0.0268, 0.0589, 0.0366, 0.6654, 0.0523], [0.027, 0.0438, 0.0555, 0.0582, 0.0752, 0.6711, 0.0694], [0.0658, 0.06, 0.0279, 0.05, 0.0273, 0.7266, 0.0424], [0.0763, 0.0689, 0.0761, 0.079, 0.0322, 0.6124, 0.055], [0.0619, 0.0666, 0.029, 0.0489, 0.0237, 0.713, 0.057], [0.0246, 0.0634, 0.06, 0.0585, 0.0609, 0.6954, 0.0372], [0.0613, 0.0257, 0.0187, 0.0786, 0.0367, 0.7432, 0.0358], [0.0352, 0.0519, 0.0532, 0.0377, 0.0516, 0.7073, 0.0631]], "emotions": ["purple", "purple", "purple", "purple", "purple", "purple", "purple", "purple", "purple", "purple", "purple", "purple", "purple", "purple", "purple", "purple", "purple", "purple", "purple", "purple", "purple", "purple", "purple", "purple", "purple", "purple", "purple", "purple", "purple", "purple", "purple", "purple", "purple", "purple", "purple", "purple", "purple", "purple", "purple", "purple", "purple", "purple", "purple", "purple", "purple", "purple", "purple", "purple", "purple", "purple", "purple", "purple", "purple", "purple", "purple", "purple", "purple", "purple", "purple", "purple", "purple", "purple", "purple", "purple", "purple", "purple", "purple", "purple", "purple", "purple", "purple", "purple", "purple", "purple", "purple", "purple", "purple", "purple", "purple", "purple"], "timestamps": [0, 40, 80, 120, 160, 200, 240, 280, 320, 360, 400, 440, 480, 520, 560, 600, 640, 680, 720, 760, 800, 840, 880, 920, 960, 1000, 1040, 1080, 1120, 1160, 1200, 1240, 1280, 1320, 1360, 1400, 1440, 1480, 1520, 1560, 1600, 1640, 1680, 1720, 1760, 1800, 1840, 1880, 1920, 1960, 2000, 2040, 2080, 2120, 2160, 2200, 2240, 2280, 2320, 2360, 2400, 2440, 2480, 2520, 2560, 2600, 2640, 2680, 2720, 2760, 2800, 2840, 2880, 2920, 2960, 3000, 3040, 3080, 3120, 3160]}], "conversation": [], "conversation_timestamps": []}