{
  "agent_id": "agent-type-blue-30",
  "type": "blue",
  "trips": [
    {
      "trip_id": 0,
      "transport_method": "bicycle",
      "start_time": 0,
      "path": [
        [
          1.5270885000000003,
          42.5094371
        ],
        [
          1.5266415335835701,
          42.50932927542155
        ],
        [
          1.5261945671671397,
          42.5092214508431
        ],
        [
          1.5257476007507096,
          42.50911362626465
        ],
        [
          1.525300614468339,
          42.50900589275412
        ],
        [
          1.52484934948215,
          42.50891777335005
        ],
        [
          1.5243980844959613,
          42.50882965394597
        ],
        [
          1.52394877119044,
          42.50874760499968
        ],
        [
          1.5238874298437073,
          42.508914575251204
        ],
        [
          1.5239354946113377,
          42.50873418284969
        ],
        [
          1.5235216270236889,
          42.508533886227085
        ],
        [
          1.5231263922268354,
          42.50830391772484
        ],
        [
          1.5226875119090004,
          42.508409684524246
        ],
        [
          1.5222450303381345,
          42.50841781862042
        ],
        [
          1.5218003419622697,
          42.508300953888764
        ],
        [
          1.5213881760023131,
          42.5081009739264
        ],
        [
          1.52098226622783,
          42.50788500547474
        ],
        [
          1.5205763564533468,
          42.507669037023085
        ],
        [
          1.5201611002270108,
          42.507561316071886
        ],
        [
          1.5197329015543348,
          42.50772276762792
        ],
        [
          1.5193208802346576,
          42.50792677717692
        ],
        [
          1.5189068440758149,
          42.508126725110905
        ],
        [
          1.518510332604294,
          42.50823692305421
        ],
        [
          1.5181789729769546,
          42.507935511851656
        ],
        [
          1.5177297672320031,
          42.507837433740754
        ],
        [
          1.5173088125125767,
          42.50767350852534
        ],
        [
          1.5169189380851895,
          42.50743484912239
        ],
        [
          1.516471587897141,
          42.507328628002135
        ],
        [
          1.516024237709093,
          42.50722240688189
        ],
        [
          1.5155768875210445,
          42.50711618576163
        ],
        [
          1.5151295373329963,
          42.50700996464138
        ],
        [
          1.515484804097323,
          42.506820301519674
        ],
        [
          1.5159007377443723,
          42.50662433132198
        ],
        [
          1.5161548046788453,
          42.50643537596425
        ],
        [
          1.5166116842823731,
          42.50648701069108
        ],
        [
          1.5170685638859012,
          42.506538645417905
        ],
        [
          1.517525443489429,
          42.506590280144735
        ],
        [
          1.5179814439331825,
          42.50664317013687
        ],
        [
          1.5184145013186965,
          42.506797657735035
        ],
        [
          1.5188553128775024,
          42.50689272392688
        ],
        [
          1.51926569287892,
          42.50709189083533
        ],
        [
          1.5196757230332607,
          42.50729991998497
        ],
        [
          1.5201159145360865,
          42.507423592180515
        ],
        [
          1.5205738030471294,
          42.50745785659819
        ],
        [
          1.5210335325153557,
          42.507465200519405
        ],
        [
          1.5214932619835821,
          42.507472544440624
        ],
        [
          1.5219506851770148,
          42.50750836040638
        ],
        [
          1.5223847832592443,
          42.50750273761405
        ],
        [
          1.5223479244374807,
          42.50714887322289
        ],
        [
          1.522029617559296,
          42.50681708134771
        ],
        [
          1.5217113106811113,
          42.50648528947253
        ],
        [
          1.5219164621815697,
          42.506349989540695
        ],
        [
          1.5223409074520153,
          42.50646491988277
        ],
        [
          1.5227890548131293,
          42.50656772581577
        ],
        [
          1.5232372021742433,
          42.506670531748775
        ],
        [
          1.5236524746800428,
          42.50671000014228
        ],
        [
          1.5241000913260172,
          42.506815092746116
        ],
        [
          1.5245477011398534,
          42.50686501126266
        ],
        [
          1.524998137303115,
          42.50695707492973
        ],
        [
          1.5254532750523397,
          42.50701922957936
        ],
        [
          1.5259110614967517,
          42.50706208618267
        ],
        [
          1.5261917427703549,
          42.5068812220067
        ],
        [
          1.526632747841838,
          42.506898021261335
        ],
        [
          1.5270909390275362,
          42.506936309046374
        ],
        [
          1.527017869786766,
          42.50693020316859
        ],
        [
          1.5265596786010678,
          42.50689191538355
        ],
        [
          1.5261816407193534,
          42.50695384668746
        ],
        [
          1.5258380568013927,
          42.50705525170055
        ],
        [
          1.5253802703569808,
          42.50701239509724
        ],
        [
          1.5254980570360113,
          42.50708334289114
        ],
        [
          1.5259561968875048,
          42.50712224010965
        ],
        [
          1.5264143367389986,
          42.50716113732816
        ],
        [
          1.5267490521486542,
          42.5072636425139
        ],
        [
          1.5265159830949413,
          42.50765998059176
        ],
        [
          1.5263834553044968,
          42.50801296821172
        ],
        [
          1.5268336724621216,
          42.5081062936001
        ],
        [
          1.527292884570619,
          42.50812131070679
        ],
        [
          1.5277525861039882,
          42.50813023356242
        ],
        [
          1.528148245930502,
          42.508333717067906
        ],
        [
          1.5285233708582082,
          42.50859958621946
        ],
        [
          1.5288760289197476,
          42.50885858390316
        ],
        [
          1.5284762151051354,
          42.50890625216302
        ],
        [
          1.52810089026222,
          42.50898036684624
        ],
        [
          1.5277061109352732,
          42.508788661813625
        ],
        [
          1.5272465621348261,
          42.508773828838805
        ],
        [
          1.5267870133343788,
          42.508758995863985
        ],
        [
          1.526330459725169,
          42.50871594009967
        ],
        [
          1.5258780340298552,
          42.508633988239694
        ],
        [
          1.5254278381499464,
          42.50854181144052
        ],
        [
          1.5249823702737733,
          42.50842795412441
        ],
        [
          1.5245951432147646,
          42.50828063750789
        ],
        [
          1.5246673762412937,
          42.50786926863377
        ],
        [
          1.5242112581089688,
          42.507823031018965
        ],
        [
          1.5237523784050797,
          42.5077941427083
        ],
        [
          1.523302471076314,
          42.50784380827866
        ],
        [
          1.5230398950082682,
          42.50814826539928
        ],
        [
          1.52335255782333,
          42.508450673203455
        ],
        [
          1.5237657719190976,
          42.50865204333684
        ],
        [
          1.523881569463625,
          42.508911166977526
        ],
        [
          1.5237259000000005,
          42.508950799999994
        ]
      ],
      "emotions": [
        "purple",
        "purple",
        "purple",
        "purple",
        "purple",
        "green",
        "green",
        "green",
        "green",
        "green",
        "green",
        "green",
        "green",
        "green",
        "green",
        "red",
        "red",
        "red",
        "red",
        "red",
        "purple",
        "purple",
        "purple",
        "purple",
        "purple",
        "purple",
        "purple",
        "purple",
        "purple",
        "purple",
        "purple",
        "purple",
        "purple",
        "purple",
        "purple",
        "purple",
        "purple",
        "purple",
        "purple",
        "purple",
        "green",
        "green",
        "green",
        "green",
        "green",
        "purple",
        "purple",
        "purple",
        "purple",
        "purple",
        "purple",
        "purple",
        "purple",
        "purple",
        "purple",
        "green",
        "green",
        "green",
        "green",
        "green",
        "red",
        "red",
        "red",
        "red",
        "red",
        "purple",
        "purple",
        "purple",
        "purple",
        "purple",
        "green",
        "green",
        "green",
        "green",
        "green",
        "purple",
        "purple",
        "purple",
        "purple",
        "purple",
        "purple",
        "purple",
        "purple",
        "purple",
        "purple",
        "purple",
        "purple",
        "purple",
        "purple",
        "purple",
        "purple",
        "purple",
        "purple",
        "purple",
        "purple",
        "red",
        "red",
        "red",
        "red",
        "red"
      ],
      "mood_vectors": [
        [
          0.26932438009781823,
          0.12004790900527246,
          0.2889167439459869,
          0.006631855225413709,
          0.12778418794647556,
          0.05754620018579638,
          0.1297487235932369
        ],
        [
          0.2664134277590649,
          0.08801319358958344,
          0.16180627601967654,
          0.09649235027466349,
          0.10518465776676825,
          0.28005059635566126,
          0.002039498234582058
        ],
        [
          0.14625713267005092,
          0.12082014648551975,
          0.1921014171094899,
          0.0059996962088265235,
          0.18529720641826386,
          0.1783490557396455,
          0.17117534536820347
        ],
        [
          0.21755756469328533,
          0.218800116205876,
          0.08813793619988862,
          0.03153144311328605,
          0.14852522096948578,
          0.16643163572753317,
          0.1290160830906451
        ],
        [
          0.14275492635456916,
          0.1223822887154716,
          0.10674756480718108,
          0.12286416984599774,
          0.14422883448922005,
          0.23112298564527153,
          0.12989923014228877
        ],
        [
          0.16853416287224351,
          0.19158987395032548,
          0.1425204543831945,
          0.07583612462200792,
          0.06628316408670658,
          0.16567578769791727,
          0.18956043238760478
        ],
        [
          0.1803983919374017,
          0.14640868171632263,
          0.20548775216995444,
          0.18631045201860783,
          0.065986917475674,
          0.181461455631762,
          0.03394634905027735
        ],
        [
          0.32480005333153905,
          0.04695505161250782,
          0.10433266455552997,
          0.214294153156032,
          0.14117982368229814,
          0.036177006044294364,
          0.1322612476177986
        ],
        [
          0.2333282569995919,
          0.046588072897082625,
          0.15596778402503064,
          0.21716191915659405,
          0.07304700051390244,
          0.02556898319276465,
          0.24833798321503367
        ],
        [
          0.14043193779946886,
          0.021325378369577864,
          0.154329961997736,
          0.23635843655779196,
          0.0324718650864533,
          0.2229712184785517,
          0.1921112017104203
        ],
        [
          0.03984592670304759,
          0.14973743819499985,
          0.309396471871501,
          0.10663561556434971,
          0.13241043242128012,
          0.10040080936006789,
          0.16157330588475388
        ],
        [
          0.07395954491176984,
          0.19936675062662054,
          0.3513329573216543,
          0.04087595861931198,
          0.03248856322580803,
          0.1597116712874337,
          0.14226455400740157
        ],
        [
          0.16533087004431932,
          0.08769959899392626,
          0.13836316511913954,
          0.21767947251656544,
          0.2262537067352125,
          0.014804441391567384,
          0.1498687451992695
        ],
        [
          0.07569140922192559,
          0.09074550195105519,
          0.12098390902711414,
          0.15168545289767701,
          0.21190815489508846,
          0.17764861208000157,
          0.171336959927138
        ],
        [
          0.04634944095505265,
          0.07388008718510329,
          0.2625710070143125,
          0.10880021958084869,
          0.060496556912401224,
          0.15705814381529196,
          0.29084454453698966
        ],
        [
          0.1784949992988239,
          0.1460263116739675,
          0.10986899025763,
          0.004455807696758421,
          0.15088682451061394,
          0.1983054735439439,
          0.21196159301826234
        ],
        [
          0.3327678744168177,
          0.12030798306984077,
          0.025965852292166292,
          0.046659209169234134,
          0.10104482391532243,
          0.33590369538590514,
          0.03735056175071346
        ],
        [
          0.2681330209247964,
          0.29236741797143084,
          0.09902489935865724,
          0.025806290034831002,
          0.10404815847636016,
          0.15597450038841942,
          0.054645712845504964
        ],
        [
          8.463775465272061e-05,
          0.14811910256128322,
          0.18149016112750546,
          0.15379124184259865,
          0.21637387552844672,
          0.20151699718909066,
          0.09862398399642247
        ],
        [
          0.23763331433312684,
          0.21431658607886162,
          0.17451480323605376,
          0.06702866488194414,
          0.014130979743230005,
          0.1544090067039053,
          0.13796664502287836
        ],
        [
          0.07394775607638482,
          0.1307928863725233,
          0.20725752143109033,
          0.09940137187712543,
          0.20241703857593749,
          0.16588045857578454,
          0.12030296709115408
        ],
        [
          0.23277318528447638,
          0.08807040996268535,
          0.05588030760208925,
          0.28424649508235694,
          0.1221456007985552,
          0.0850433458325227,
          0.1318406554373141
        ],
        [
          0.21595583741234137,
          0.07063438339736886,
          0.18517618002473948,
          0.1441882190755693,
          0.2856723646656833,
          0.013697168953810469,
          0.08467584647048713
        ],
        [
          0.045134580583436945,
          0.1486693305971356,
          0.12318586849029704,
          0.07650562309042504,
          0.16493880860873084,
          0.21934688174561437,
          0.22221890688436022
        ],
        [
          0.30081888200940127,
          0.08666834375305613,
          0.06211826047199365,
          0.24346290476034507,
          0.030582356634300135,
          0.12584406655937858,
          0.15050518581152517
        ],
        [
          0.25483405793408254,
          0.09262352964796298,
          0.028806299722981876,
          0.10691289494826453,
          0.23874085457538996,
          0.234944166534368,
          0.04313819663695015
        ],
        [
          0.22319028206088934,
          0.03731092804696021,
          0.10545046741332612,
          0.05550932951422909,
          0.32376040535001827,
          0.11881283034641076,
          0.13596575726816623
        ],
        [
          0.16179888538500195,
          0.15940833802959273,
          0.18805102835327747,
          0.1639652631666143,
          0.10286925409168883,
          0.16517191897058897,
          0.05873531200323578
        ],
        [
          0.18910178502115146,
          0.09804923774923098,
          0.1542360160413938,
          0.1374591767026147,
          0.20185979661597078,
          0.19820139071041884,
          0.021092597159219465
        ],
        [
          0.14009150835397222,
          0.06172349429122988,
          0.20665912450258866,
          0.1922104490456961,
          0.12440290414012843,
          0.06235722756648336,
          0.21255529209990148
        ],
        [
          0.1678804253740536,
          0.08835334912107069,
          0.30727319295004935,
          0.010854454564890714,
          0.028089928028737682,
          0.31323007425632216,
          0.08431857570487573
        ],
        [
          0.09867575890804481,
          0.1589236634925221,
          0.24842271220187956,
          0.005320217350162152,
          0.27387989662540735,
          0.03903266126767034,
          0.17574509015431367
        ],
        [
          0.22894731139361588,
          0.08476656228133975,
          0.15735790865031415,
          0.13633912967887526,
          0.047714743621947615,
          0.11122300335336296,
          0.23365134102054438
        ],
        [
          0.13209224227474833,
          0.04705373440366308,
          0.14201357917026253,
          0.27586420285990254,
          0.14580728484766098,
          0.2120785972021259,
          0.045090359241636645
        ],
        [
          0.08665935379469607,
          0.18167615499286766,
          0.07488720275753427,
          0.14709977763617102,
          0.14870351530545528,
          0.29736678933106325,
          0.06360720618221236
        ],
        [
          0.21910526995896953,
          0.13381382366698286,
          0.19507935745404037,
          0.03497688466168407,
          0.20081529437307416,
          0.11195135486699216,
          0.10425801501825682
        ],
        [
          0.20077631713067665,
          0.17263215311459665,
          0.1966987313937359,
          0.12581497621154514,
          0.07301728976183196,
          0.1102355766592218,
          0.12082495572839187
        ],
        [
          0.2981712192008199,
          0.007635490812457261,
          0.2396556089987795,
          0.22678087529170213,
          0.002810535736319279,
          0.14777635245033857,
          0.07716991750958337
        ],
        [
          0.04364796055245944,
          0.17138899730783014,
          0.05914878361435858,
          0.2010003669072827,
          0.16672158310277344,
          0.13820923936316654,
          0.21988306915212918
        ],
        [
          0.14406343024015483,
          0.06922310943120871,
          0.13163574667656855,
          0.1578383030199451,
          0.09363051126541098,
          0.1933549984798448,
          0.21025390088686693
        ],
        [
          0.06812046780984123,
          0.17004654010119227,
          0.09911212326115497,
          0.2532891217845516,
          0.14633876027311873,
          0.15254625054371865,
          0.1105467362264225
        ],
        [
          0.1291453122200197,
          0.048423287387921995,
          0.18601940809180442,
          0.09603191815887852,
          0.25032910471394454,
          0.13603237095641024,
          0.1540185984710206
        ],
        [
          0.20765262678419225,
          0.11932259799748371,
          0.021826315280413913,
          0.14874780989343517,
          0.2951051579143786,
          0.08507380973531761,
          0.12227168239477867
        ],
        [
          0.07613233413065823,
          0.10994803046826557,
          0.019748962177777003,
          0.16627594066701384,
          0.2276944615355352,
          0.28348635064185845,
          0.1167139203788917
        ],
        [
          0.1898310677523534,
          0.13448293757822968,
          0.11864265809857825,
          0.1943189122019579,
          0.003216254929880694,
          0.1635631069323212,
          0.19594506250667884
        ],
        [
          0.18546871241858914,
          0.19799363463454653,
          0.08236058807935603,
          0.23043824538701382,
          0.1586408327200186,
          0.0633637185293031,
          0.08173426823117266
        ],
        [
          0.18393006490928723,
          0.10074642604161829,
          0.12370739067517858,
          0.21083308027005807,
          0.026258210539066486,
          0.12177653894751296,
          0.23274828861727834
        ],
        [
          0.23929679384975344,
          0.14108840928102465,
          0.15959677905737069,
          0.10769762250119623,
          0.17047846943633696,
          0.10818925881990059,
          0.07365266705441748
        ],
        [
          0.08325415252631528,
          0.1394341291784699,
          0.04196410715979881,
          0.2148869398868204,
          0.20014723627489853,
          0.18817697575473838,
          0.1321364592189587
        ],
        [
          0.13260993918152317,
          0.20859591717484494,
          0.09514234646510167,
          0.04827143887836703,
          0.2605454620975483,
          0.09591671828656824,
          0.15891817791604662
        ],
        [
          0.39016438618755767,
          0.1911492763677661,
          0.18219512127103427,
          0.02093415730914059,
          0.15704887127613287,
          0.019437814733431993,
          0.03907037285493649
        ],
        [
          0.2075330634650181,
          0.08206470360403073,
          0.07035201172522851,
          0.13775764291492812,
          0.22598650024916422,
          0.22555130689112257,
          0.05075477115050774
        ],
        [
          0.3795315368509435,
          0.1114181650555354,
          0.12811749875460435,
          0.021207745173184155,
          0.02632614362424127,
          0.14173153150917758,
          0.19166737903231382
        ],
        [
          0.25470899792465124,
          0.06808493832578992,
          0.20856133842403435,
          0.13993348831418032,
          0.10092303727527929,
          0.04080901426070574,
          0.18697918547535922
        ],
        [
          0.19820061676763484,
          0.12213950978303732,
          0.15413189599847157,
          0.11539862651769146,
          0.20196785346506216,
          0.08329625847532485,
          0.12486523899277778
        ],
        [
          0.07678520072572176,
          0.007076503248070962,
          0.10902264732199267,
          0.1660267624388719,
          0.18380793122960565,
          0.24872446505806814,
          0.20855648997766887
        ],
        [
          0.12074704779008885,
          0.11950638432896027,
          0.21586085086022047,
          0.021481062963371836,
          0.2092658318811151,
          0.2041299526968276,
          0.10900886947941592
        ],
        [
          0.10284543794700174,
          0.18670396308650275,
          0.013397464506171845,
          0.14007773747982927,
          0.27063241843696323,
          0.2211780545790286,
          0.06516492396450259
        ],
        [
          0.035157648527861934,
          0.2730209344935134,
          0.29390615833240585,
          0.22443290580490893,
          0.018437616574930288,
          0.005822761907402749,
          0.1492219743589768
        ],
        [
          0.11993486114243448,
          0.04740337075122751,
          0.20199908156443513,
          0.1156578325825423,
          0.1743998450624689,
          0.20666860769257386,
          0.13393640120431777
        ],
        [
          0.1609441863240415,
          0.22337967695346733,
          0.05327788570776118,
          0.21468008999292082,
          0.12828603611210995,
          0.04169329411282751,
          0.17773883079687167
        ],
        [
          0.20685798797821825,
          0.12854983047378946,
          0.14043494334089054,
          0.15735571790050465,
          0.08917434685073415,
          0.11423197335736977,
          0.16339520009849318
        ],
        [
          0.21380038135032162,
          0.17805634376496965,
          0.0009675946592053382,
          0.23983405896370333,
          0.061272387283380234,
          0.08722514568972065,
          0.21884408828869908
        ],
        [
          0.3086989289480531,
          0.33994846425735875,
          0.017855911582320094,
          0.17208666559114102,
          0.05652127713025671,
          0.03711697235903315,
          0.06777178013183714
        ],
        [
          0.12299166042607007,
          0.07678153202261946,
          0.011155030117741284,
          0.14762511074097295,
          0.1305299833705667,
          0.25540524543200366,
          0.2555114378900259
        ],
        [
          0.13025038020521393,
          0.22594519633007326,
          0.006259256324487861,
          0.06891990228703031,
          0.1822066953584699,
          0.2828758765708401,
          0.10354269292388463
        ],
        [
          0.2277705077028178,
          0.16126976111991456,
          0.01570826198539368,
          0.15771547977293535,
          0.06689773687041553,
          0.032429899199539765,
          0.3382083533489833
        ],
        [
          0.10463800908137201,
          0.187309060308583,
          0.012276833168426163,
          0.19868782665478193,
          0.11774138639613546,
          0.1744812792679257,
          0.20486560512277574
        ],
        [
          0.1263638921546988,
          0.02668552004900341,
          0.3034629625046538,
          0.1484309073488682,
          0.06099621020129304,
          0.2727987414685432,
          0.061261766272939555
        ],
        [
          0.22370493100743155,
          0.23460778381600264,
          0.11307515550143045,
          0.10307093083663911,
          0.09555739037960734,
          0.1633402101593332,
          0.06664359829955567
        ],
        [
          0.13702257401036777,
          0.20929146983630736,
          0.07830672535024794,
          0.24472333910401695,
          0.05731046390545115,
          0.08763196686839099,
          0.18571346092521787
        ],
        [
          0.052426161784788976,
          0.13658743530242576,
          0.19215350402339318,
          0.19459056816319226,
          0.13432835349845187,
          0.1263574565236189,
          0.16355652070412896
        ],
        [
          2.8085361838910298e-05,
          0.047210890782124926,
          0.30097558175035605,
          0.04980182971504242,
          0.2736485417850488,
          0.00676809132292563,
          0.32156697928266326
        ],
        [
          0.1060628502821663,
          0.24738635220570188,
          0.12471824654945436,
          0.0746972909437046,
          0.16085898769524082,
          0.24298806779269214,
          0.04328820453103988
        ],
        [
          0.16474263708759784,
          0.18597190089356444,
          0.09024560805662517,
          0.10909691858993832,
          0.17872053685525965,
          0.026749049027501724,
          0.24447334948951285
        ],
        [
          0.2279471520652059,
          0.20059204383342324,
          0.1409367218700289,
          0.09534003703284775,
          0.048531633157433855,
          0.13757416242264625,
          0.14907824961841407
        ],
        [
          0.3459903521213192,
          0.0704816437903096,
          0.08996625730431956,
          0.011681810897401479,
          0.32282100725576707,
          0.07467346086261027,
          0.08438546776827292
        ],
        [
          0.22484455452881497,
          0.09637047496724808,
          0.0714080963093453,
          0.0615886359851708,
          0.12568248436559967,
          0.17230343627626613,
          0.24780231756755502
        ],
        [
          0.16160963735893008,
          0.0653229279019245,
          0.07192449378896408,
          0.21209959824009386,
          0.22240270574157214,
          0.13914545793027006,
          0.1274951790382453
        ],
        [
          0.29478653618159584,
          0.013296891844268667,
          0.20740048420753657,
          0.13025020411197363,
          0.08428840281871632,
          0.24632117049237334,
          0.023656310343535648
        ],
        [
          0.1058115958831613,
          0.18994330278607624,
          0.20666855274737636,
          0.1425295095747796,
          0.17817420709217124,
          0.05770344730364728,
          0.11916938461278791
        ],
        [
          0.04322195880809298,
          0.2522986025930358,
          0.2799894818578763,
          0.08843769724829713,
          0.10220354830973695,
          0.05629867232063054,
          0.17755003886233026
        ],
        [
          0.30133766234516907,
          0.0284040984728486,
          0.0860172689070774,
          0.04214311940999035,
          0.21848277221209386,
          0.21912070694195593,
          0.10449437171086476
        ],
        [
          0.15236640016805045,
          0.22690106410531563,
          0.03352923003329304,
          0.18618708656443825,
          0.14149863675708022,
          0.022350801781110947,
          0.2371667805907115
        ],
        [
          0.08243194752288154,
          0.10846014696644439,
          0.17491340424580504,
          0.013439323094037042,
          0.16743557067060988,
          0.2462013773761222,
          0.2071182301240999
        ],
        [
          0.31028855068216143,
          0.05669347004607587,
          0.23925747391312535,
          0.04948825431093016,
          0.11293795379938663,
          0.21267867804665416,
          0.018655619201666307
        ],
        [
          0.006251755914994081,
          0.14522942573244293,
          0.2045322947934532,
          0.05708318010782851,
          0.2164966484321673,
          0.1967102416842124,
          0.17369645333490155
        ],
        [
          0.1367342496689877,
          0.12977892468444213,
          0.22133948257957026,
          0.12102937146172354,
          0.06213291430158173,
          0.15959699443058323,
          0.1693880628731114
        ],
        [
          0.27023693688932343,
          0.012571051315849903,
          0.04960835439461809,
          0.40555240311195284,
          0.07401416024642332,
          0.0071116139975941454,
          0.18090548004423826
        ],
        [
          0.21881100841549614,
          0.11139788571055564,
          0.16533097389699428,
          0.1520760116503046,
          0.15368674408575034,
          0.13980662318723908,
          0.058890753053659865
        ],
        [
          0.09433078173554427,
          0.1914535194551774,
          0.13315352765493,
          0.18641782688530653,
          0.161923167083598,
          0.13773727181770715,
          0.09498390536773663
        ],
        [
          0.20479476049261885,
          0.01331671224951077,
          0.05872038828817996,
          0.03184536474096617,
          0.051551141532435264,
          0.3927240797682771,
          0.24704755292801178
        ],
        [
          0.13664707276979962,
          0.037377181517301364,
          0.26458657236591604,
          0.10158915318205902,
          0.19871777784950515,
          0.2196683349159498,
          0.04141390739946898
        ],
        [
          0.08802839247385998,
          0.24957159545983287,
          0.20188660583932516,
          0.049087079050621596,
          0.14039909440587028,
          0.07729786837006415,
          0.1937293644004259
        ],
        [
          0.23399535470082658,
          0.010648250927201746,
          0.02978942726313299,
          0.17392108318642735,
          0.19715809308256813,
          0.09099522087371259,
          0.26349256996613063
        ],
        [
          0.023497184418811386,
          0.06752130766461932,
          0.20828531843840017,
          0.1672843158040036,
          0.19571555966713178,
          0.20916722883136862,
          0.12852908517566508
        ],
        [
          0.22727654115266163,
          0.1835480102623396,
          0.09980492367626798,
          0.043445612724456906,
          0.2785852297743532,
          0.034997042019295224,
          0.13234264039062546
        ],
        [
          0.1490960114545325,
          0.17234645200153742,
          0.15778884764352505,
          0.1318165960666303,
          0.11303029771265463,
          0.23701799570692125,
          0.03890379941419887
        ],
        [
          0.08144902516602182,
          0.006110376532281669,
          0.2990371324163339,
          0.16786934796506,
          0.12853093421658757,
          0.15975897602145683,
          0.1572442076822582
        ],
        [
          0.22370200575785856,
          0.06925699275420799,
          0.10013838977440898,
          0.3074279072417463,
          0.049140611829567984,
          0.21656512476747344,
          0.03376896787473669
        ]
      ],
      "timestamps": [
        0,
        1,
        2,
        3,
        4,
        5,
        6,
        7,
        8,
        9,
        10,
        11,
        12,
        13,
        14,
        15,
        16,
        17,
        18,
        19,
        20,
        21,
        22,
        23,
        24,
        25,
        26,
        27,
        28,
        29,
        30,
        31,
        32,
        33,
        34,
        35,
        36,
        37,
        38,
        39,
        40,
        41,
        42,
        43,
        44,
        45,
        46,
        47,
        48,
        49,
        50,
        51,
        52,
        53,
        54,
        55,
        56,
        57,
        58,
        59,
        60,
        61,
        62,
        63,
        64,
        65,
        66,
        67,
        68,
        69,
        70,
        71,
        72,
        73,
        74,
        75,
        76,
        77,
        78,
        79,
        80,
        81,
        82,
        83,
        84,
        85,
        86,
        87,
        88,
        89,
        90,
        91,
        92,
        93,
        94,
        95,
        96,
        97,
        98,
        99
      ],
      "distance": 523.9
    }
  ],
  "conversation": [
    "Hmm, where should I go next?",
    "Oh nice, free books again.",
    "Should I check out that bookstore or that bakery?"
  ],
  "conversation_timestamps": [
    48,
    75,
    80
  ]
}
