{"agent_id": "agent-blue-1985", "type": "blue", "trips": [{"trip_id": 0, "transport_method": "car", "start_time": 0, "path": [[1.5274134, 42.5061989], [1.527543, 42.506197], [1.5276726, 42.506195], [1.5278023, 42.5061931], [1.5279319, 42.5061911], [1.5280135, 42.5062899], [1.5280936, 42.5063918], [1.5281737, 42.5064938], [1.5282537, 42.5065958], [1.5283338, 42.5066977], [1.5284139, 42.5067997], [1.5284978, 42.5068892], [1.5286212, 42.5068493], [1.5287445, 42.5068094], [1.5288679, 42.5067695], [1.5289887, 42.5067248], [1.5290915, 42.5066458], [1.5291943, 42.5065668], [1.5292972, 42.5064878], [1.5294, 42.5064088], [1.5295176, 42.5063967], [1.5296442, 42.5064247], [1.5297708, 42.5064528], [1.5298974, 42.5064809], [1.5300239, 42.5065089], [1.5301423, 42.5065564], [1.5302505, 42.5066278], [1.5303578, 42.5067006], [1.5304651, 42.5067734], [1.5305726, 42.5068453], [1.5306918, 42.5068962], [1.5308111, 42.5069471], [1.5309303, 42.506998], [1.5310495, 42.5070489], [1.5311735, 42.5070852], [1.5313, 42.5071135], [1.5314266, 42.5071417], [1.5315531, 42.50717], [1.5316796, 42.5071983], [1.5317611, 42.5072609], [1.5318362, 42.5073508], [1.5319128, 42.5074534], [1.5319783, 42.5075653], [1.5320589, 42.507666], [1.5321468, 42.5077613], [1.5322347, 42.5078566], [1.5323069, 42.5079636], [1.532373, 42.5080752], [1.5324391, 42.5081867], [1.5324578, 42.5083091], [1.5325865, 42.5083246], [1.5327152, 42.50834], [1.532844, 42.5083555], [1.5329725, 42.5083722], [1.5331009, 42.5083901], [1.5332294, 42.508408], [1.5333578, 42.5084258], [1.5334862, 42.5084437], [1.5336146, 42.5084616], [1.533743, 42.5084795], [1.5338714, 42.5084973], [1.5339998, 42.5085152], [1.5341274, 42.5085192], [1.5342541, 42.5084991], [1.5343833, 42.5085088], [1.5345126, 42.5085184], [1.5346419, 42.508528], [1.5347712, 42.5085375], [1.5349005, 42.5085471], [1.5350298, 42.5085567], [1.5351591, 42.5085662], [1.5352884, 42.5085758], [1.5354178, 42.5085849], [1.5355471, 42.5085934], [1.5356765, 42.5086025], [1.5358058, 42.5086117], [1.5359351, 42.5086209], [1.5360644, 42.5086301], [1.5361938, 42.5086392], [1.5363231, 42.5086484]], "mood_vectors": [[0.0709, 0.03, 0.051, 0.7432, 0.0189, 0.0556, 0.0304], [0.0796, 0.0559, 0.0641, 0.6863, 0.0439, 0.0132, 0.0569], [0.092, 0.0254, 0.0169, 0.7378, 0.0216, 0.0214, 0.0849], [0.0217, 0.0599, 0.0748, 0.7503, 0.0437, 0.0261, 0.0237], [0.044, 0.0588, 0.0378, 0.7317, 0.043, 0.0319, 0.0529], [0.0198, 0.0654, 0.0856, 0.6528, 0.0464, 0.0405, 0.0895], [0.0859, 0.0484, 0.0232, 0.7406, 0.0283, 0.0315, 0.042], [0.0539, 0.0394, 0.0284, 0.6752, 0.057, 0.0774, 0.0687], [0.0333, 0.034, 0.0552, 0.7586, 0.0288, 0.0678, 0.0223], [0.075, 0.0815, 0.0241, 0.6664, 0.0658, 0.0252, 0.062], [0.0599, 0.0739, 0.0856, 0.6384, 0.0206, 0.0768, 0.0448], [0.062, 0.0293, 0.0148, 0.821, 0.0163, 0.015, 0.0416], [0.0817, 0.0362, 0.0207, 0.7276, 0.0467, 0.0636, 0.0235], [0.023, 0.0679, 0.0223, 0.7341, 0.0746, 0.0633, 0.0148], [0.0415, 0.0561, 0.0392, 0.6833, 0.0428, 0.091, 0.0462], [0.014, 0.0159, 0.055, 0.7494, 0.0513, 0.0747, 0.0396], [0.0756, 0.0374, 0.0462, 0.7407, 0.0319, 0.0177, 0.0504], [0.0727, 0.0272, 0.0629, 0.6981, 0.0258, 0.0492, 0.0641], [0.0307, 0.0791, 0.0725, 0.6981, 0.0119, 0.0281, 0.0797], [0.0325, 0.0659, 0.0133, 0.6983, 0.0638, 0.0692, 0.057], [0.0347, 0.0392, 0.0249, 0.7992, 0.0559, 0.0299, 0.0162], [0.0249, 0.0422, 0.0168, 0.7489, 0.0529, 0.0726, 0.0417], [0.0747, 0.0529, 0.0717, 0.597, 0.0759, 0.0467, 0.0811], [0.0242, 0.0326, 0.0243, 0.7585, 0.0813, 0.0572, 0.022], [0.0498, 0.0854, 0.0685, 0.6795, 0.0143, 0.0846, 0.0179], [0.0523, 0.0724, 0.0293, 0.7207, 0.0588, 0.0299, 0.0366], [0.0593, 0.0758, 0.0475, 0.6839, 0.0477, 0.0257, 0.0601], [0.0538, 0.0296, 0.0225, 0.7844, 0.0145, 0.0533, 0.0419], [0.0193, 0.0617, 0.0396, 0.7208, 0.072, 0.0129, 0.0737], [0.0884, 0.0138, 0.0405, 0.7216, 0.0435, 0.0501, 0.0421], [0.0503, 0.0443, 0.0317, 0.7795, 0.029, 0.0152, 0.0499], [0.075, 0.0223, 0.0625, 0.7231, 0.0515, 0.0295, 0.0362], [0.0639, 0.064, 0.0125, 0.645, 0.08, 0.0602, 0.0744], [0.069, 0.0189, 0.0552, 0.7012, 0.0715, 0.0466, 0.0377], [0.042, 0.0228, 0.0351, 0.7197, 0.0616, 0.0567, 0.0622], [0.0142, 0.0511, 0.045, 0.7172, 0.0753, 0.0686, 0.0286], [0.0192, 0.014, 0.0552, 0.7472, 0.0684, 0.031, 0.0651], [0.0559, 0.0447, 0.049, 0.7741, 0.0176, 0.0441, 0.0147], [0.0377, 0.0204, 0.0735, 0.6964, 0.0449, 0.0523, 0.0749], [0.0591, 0.0732, 0.0614, 0.622, 0.0591, 0.0715, 0.0537], [0.062, 0.0781, 0.0368, 0.7109, 0.0374, 0.06, 0.0148], [0.0657, 0.0214, 0.0752, 0.6368, 0.0845, 0.0654, 0.0509], [0.0219, 0.0712, 0.0151, 0.7078, 0.0855, 0.0204, 0.0782], [0.0384, 0.0349, 0.0153, 0.7679, 0.0141, 0.0572, 0.0723], [0.0747, 0.0656, 0.0272, 0.7256, 0.0165, 0.0678, 0.0225], [0.0685, 0.0808, 0.0844, 0.6224, 0.068, 0.0253, 0.0506], [0.0312, 0.07, 0.0972, 0.6636, 0.073, 0.039, 0.0259], [0.0679, 0.0199, 0.0315, 0.7002, 0.055, 0.0531, 0.0725], [0.0326, 0.0205, 0.0967, 0.6975, 0.0723, 0.0197, 0.0607], [0.0703, 0.0345, 0.038, 0.7225, 0.0364, 0.0253, 0.073], [0.0627, 0.0209, 0.0678, 0.6847, 0.0621, 0.0241, 0.0777], [0.0627, 0.0251, 0.0584, 0.6712, 0.0762, 0.0516, 0.0548], [0.0378, 0.0719, 0.0367, 0.704, 0.0354, 0.0227, 0.0915], [0.0142, 0.0132, 0.0456, 0.7676, 0.0273, 0.0501, 0.0821], [0.0162, 0.0777, 0.0477, 0.6549, 0.0866, 0.0572, 0.0597], [0.033, 0.0608, 0.0632, 0.6578, 0.0714, 0.0534, 0.0604], [0.0613, 0.052, 0.0366, 0.7317, 0.058, 0.0394, 0.021], [0.0612, 0.0474, 0.0729, 0.703, 0.0374, 0.0433, 0.0347], [0.0357, 0.0683, 0.0382, 0.6493, 0.0786, 0.0694, 0.0606], [0.0726, 0.0155, 0.0388, 0.7302, 0.0619, 0.0556, 0.0255], [0.083, 0.0239, 0.0631, 0.6728, 0.0848, 0.0175, 0.055], [0.0709, 0.0466, 0.0568, 0.6556, 0.0581, 0.0685, 0.0434], [0.0521, 0.0814, 0.0376, 0.689, 0.0634, 0.034, 0.0425], [0.0338, 0.0591, 0.0212, 0.7968, 0.0509, 0.0171, 0.0211], [0.0802, 0.013, 0.082, 0.6497, 0.0657, 0.0594, 0.0501], [0.0812, 0.0172, 0.0213, 0.6618, 0.0615, 0.1066, 0.0503], [0.0552, 0.031, 0.0261, 0.7404, 0.0312, 0.0708, 0.0452], [0.0257, 0.055, 0.0166, 0.7723, 0.0374, 0.0449, 0.0481], [0.0756, 0.0554, 0.0613, 0.6755, 0.045, 0.0609, 0.0263], [0.0629, 0.0626, 0.0706, 0.6761, 0.0274, 0.0666, 0.0337], [0.0775, 0.0196, 0.0837, 0.6951, 0.0226, 0.0529, 0.0485], [0.0613, 0.019, 0.049, 0.7645, 0.0125, 0.0146, 0.0791], [0.0328, 0.0263, 0.0722, 0.7212, 0.0559, 0.0411, 0.0506], [0.0764, 0.0705, 0.0242, 0.6412, 0.0355, 0.0793, 0.0729], [0.0548, 0.0563, 0.0563, 0.6967, 0.0593, 0.0218, 0.0548], [0.0566, 0.0579, 0.0597, 0.6677, 0.0481, 0.0535, 0.0565], [0.0169, 0.0859, 0.0651, 0.7294, 0.0249, 0.0472, 0.0306], [0.0704, 0.023, 0.0143, 0.7691, 0.0515, 0.0218, 0.05], [0.0571, 0.0857, 0.039, 0.6447, 0.0344, 0.0714, 0.0677], [0.0705, 0.0192, 0.0453, 0.6406, 0.0664, 0.0686, 0.0895]], "emotions": ["green", "green", "green", "green", "green", "green", "green", "green", "green", "green", "green", "green", "green", "green", "green", "green", "green", "green", "green", "green", "green", "green", "green", "green", "green", "green", "green", "green", "green", "green", "green", "green", "green", "green", "green", "green", "green", "green", "green", "green", "green", "green", "green", "green", "green", "green", "green", "green", "green", "green", "green", "green", "green", "green", "green", "green", "green", "green", "green", "green", "green", "green", "green", "green", "green", "green", "green", "green", "green", "green", "green", "green", "green", "green", "green", "green", "green", "green", "green", "green"], "timestamps": [0, 40, 80, 120, 160, 200, 240, 280, 320, 360, 400, 440, 480, 520, 560, 600, 640, 680, 720, 760, 800, 840, 880, 920, 960, 1000, 1040, 1080, 1120, 1160, 1200, 1240, 1280, 1320, 1360, 1400, 1440, 1480, 1520, 1560, 1600, 1640, 1680, 1720, 1760, 1800, 1840, 1880, 1920, 1960, 2000, 2040, 2080, 2120, 2160, 2200, 2240, 2280, 2320, 2360, 2400, 2440, 2480, 2520, 2560, 2600, 2640, 2680, 2720, 2760, 2800, 2840, 2880, 2920, 2960, 3000, 3040, 3080, 3120, 3160]}], "conversation": [], "conversation_timestamps": []}