{"agent_id": "agent-blue-410", "type": "blue", "trips": [{"trip_id": 0, "transport_method": "foot", "start_time": 0, "path": [[1.5295798, 42.510502], [1.5304374, 42.510248], [1.5317837, 42.5105463], [1.5331257, 42.5109996], [1.5341168, 42.511903], [1.5335085, 42.5115398], [1.5347658, 42.5121951], [1.5356481, 42.5127216], [1.5369008, 42.5121167], [1.538153, 42.511492], [1.5391058, 42.5105284], [1.5401104, 42.5097264], [1.5413623, 42.5091532], [1.5419281, 42.5088837], [1.5433391, 42.509003], [1.5447032, 42.5093168], [1.5460652, 42.5096403], [1.5458222, 42.5095645], [1.5463277, 42.5104525], [1.5473861, 42.5112438], [1.5487632, 42.5115805], [1.5495914, 42.5118044], [1.5499464, 42.5119427], [1.551136, 42.5126714], [1.5510219, 42.5125875], [1.5520217, 42.5132756], [1.5525753, 42.5137057], [1.5528424, 42.5150508], [1.5534868, 42.5162911], [1.5542412, 42.5174705], [1.5554311, 42.5182116], [1.5565042, 42.5189995], [1.5573878, 42.5200453], [1.5584015, 42.5210358], [1.5595078, 42.5219146], [1.5596709, 42.5220822], [1.5608743, 42.522814], [1.5619778, 42.5236989], [1.5630069, 42.5246383], [1.5642983, 42.5251853], [1.5656488, 42.525567], [1.5668464, 42.5263138], [1.5679904, 42.5271472], [1.5692024, 42.5278576], [1.5704085, 42.5285976], [1.571517, 42.5293224], [1.5728571, 42.5294947], [1.5735806, 42.5304329], [1.5747369, 42.5312283], [1.5761084, 42.531573], [1.5775142, 42.5317496], [1.5785471, 42.5318034], [1.5776192, 42.5317439], [1.579037, 42.5317477], [1.5804547, 42.5317419], [1.5818717, 42.5316935], [1.583257, 42.5319141], [1.584402, 42.53274], [1.5855135, 42.5335812], [1.5866819, 42.5343677], [1.5878767, 42.5351102], [1.5887083, 42.5361689], [1.5896837, 42.5370975], [1.5909711, 42.5376908], [1.5917992, 42.5387377], [1.5919421, 42.5401438], [1.5921919, 42.5413525], [1.5915917, 42.5425742], [1.5918798, 42.5439382], [1.5915086, 42.5452742], [1.5916577, 42.5466376], [1.5918839, 42.5471512], [1.5922656, 42.5483703], [1.5920665, 42.5496935], [1.591726, 42.5510577], [1.5914112, 42.5524049], [1.5913714, 42.55246], [1.5907141, 42.5532371], [1.5904974, 42.5536957], [1.589974, 42.5541555]], "mood_vectors": [[0.0777, 0.0195, 0.069, 0.7284, 0.0335, 0.0201, 0.0519], [0.0728, 0.0763, 0.0517, 0.6483, 0.0448, 0.0693, 0.0369], [0.0726, 0.0522, 0.0667, 0.6666, 0.0217, 0.059, 0.0611], [0.0267, 0.046, 0.0847, 0.7262, 0.0274, 0.048, 0.041], [0.0796, 0.0271, 0.0894, 0.6002, 0.0758, 0.0569, 0.0709], [0.0777, 0.0123, 0.0526, 0.6898, 0.0503, 0.0833, 0.034], [0.0613, 0.0677, 0.082, 0.6377, 0.033, 0.0368, 0.0816], [0.0519, 0.0211, 0.0345, 0.6744, 0.0679, 0.0865, 0.0636], [0.0452, 0.0355, 0.0214, 0.729, 0.0438, 0.0631, 0.062], [0.0336, 0.0264, 0.05, 0.7713, 0.0564, 0.032, 0.0305], [0.0202, 0.0878, 0.028, 0.7458, 0.0375, 0.021, 0.0597], [0.0168, 0.0293, 0.0296, 0.7003, 0.0558, 0.0742, 0.094], [0.07, 0.0629, 0.0163, 0.653, 0.0863, 0.0491, 0.0625], [0.0226, 0.0535, 0.0201, 0.6888, 0.045, 0.0976, 0.0724], [0.0301, 0.0623, 0.0499, 0.7103, 0.018, 0.0765, 0.0529], [0.0896, 0.0604, 0.0526, 0.6458, 0.0373, 0.0677, 0.0467], [0.0619, 0.021, 0.0796, 0.7633, 0.0179, 0.0357, 0.0205], [0.0386, 0.0614, 0.0346, 0.6761, 0.0509, 0.0546, 0.0838], [0.0746, 0.0417, 0.0813, 0.704, 0.0655, 0.0158, 0.017], [0.0261, 0.052, 0.0699, 0.67, 0.0363, 0.0696, 0.0761], [0.039, 0.0703, 0.0362, 0.7319, 0.015, 0.0613, 0.0463], [0.0962, 0.0231, 0.0303, 0.7198, 0.0245, 0.0641, 0.0421], [0.0308, 0.0137, 0.0689, 0.7919, 0.0346, 0.0344, 0.0256], [0.0501, 0.0606, 0.0776, 0.7005, 0.0238, 0.0277, 0.0597], [0.0581, 0.0354, 0.0729, 0.7277, 0.0506, 0.0287, 0.0266], [0.0583, 0.0419, 0.0699, 0.7205, 0.0528, 0.035, 0.0216], [0.0249, 0.0824, 0.0292, 0.7135, 0.0829, 0.0425, 0.0246], [0.0528, 0.0443, 0.0707, 0.6469, 0.0616, 0.0482, 0.0755], [0.0318, 0.0661, 0.0223, 0.6929, 0.0551, 0.0667, 0.0651], [0.0515, 0.0673, 0.0666, 0.6663, 0.0267, 0.0635, 0.058], [0.0721, 0.0283, 0.0711, 0.7405, 0.0186, 0.0472, 0.0222], [0.0615, 0.0815, 0.0753, 0.595, 0.0748, 0.073, 0.039], [0.0153, 0.025, 0.0834, 0.7508, 0.0663, 0.0449, 0.0142], [0.0315, 0.0587, 0.0178, 0.6817, 0.0586, 0.0765, 0.0751], [0.062, 0.0652, 0.0688, 0.6979, 0.0255, 0.0226, 0.058], [0.0165, 0.0759, 0.0851, 0.6592, 0.021, 0.0757, 0.0665], [0.0709, 0.0726, 0.0697, 0.7203, 0.0187, 0.0121, 0.0357], [0.0349, 0.0339, 0.0517, 0.7183, 0.08, 0.0661, 0.0153], [0.0188, 0.0596, 0.0429, 0.7163, 0.0512, 0.0923, 0.0189], [0.0282, 0.0309, 0.0299, 0.7717, 0.0195, 0.0658, 0.0539], [0.0273, 0.0375, 0.0875, 0.6685, 0.0644, 0.0186, 0.0963], [0.059, 0.0142, 0.029, 0.7556, 0.0447, 0.0815, 0.0159], [0.0617, 0.0421, 0.0514, 0.7259, 0.0309, 0.0523, 0.0357], [0.0657, 0.0584, 0.0583, 0.747, 0.025, 0.0282, 0.0174], [0.0618, 0.0279, 0.0656, 0.6571, 0.0403, 0.0665, 0.0808], [0.0289, 0.0461, 0.0683, 0.7418, 0.014, 0.0537, 0.0471], [0.0149, 0.0807, 0.0391, 0.7755, 0.0412, 0.0233, 0.0253], [0.0525, 0.0354, 0.0747, 0.67, 0.0159, 0.0838, 0.0677], [0.0559, 0.0407, 0.0812, 0.6718, 0.0361, 0.0453, 0.0689], [0.0187, 0.0869, 0.0712, 0.5742, 0.0731, 0.0866, 0.0893], [0.0314, 0.0562, 0.0575, 0.7341, 0.0211, 0.0607, 0.039], [0.0532, 0.0169, 0.0203, 0.7898, 0.0232, 0.0375, 0.0591], [0.0395, 0.0809, 0.0623, 0.6781, 0.033, 0.0674, 0.0389], [0.0152, 0.0889, 0.0377, 0.7046, 0.0493, 0.0537, 0.0506], [0.0234, 0.0784, 0.0277, 0.7422, 0.0271, 0.0816, 0.0197], [0.028, 0.0353, 0.0313, 0.7636, 0.081, 0.0238, 0.0371], [0.0238, 0.061, 0.0401, 0.747, 0.0459, 0.0562, 0.026], [0.0241, 0.0495, 0.0319, 0.7903, 0.022, 0.0215, 0.0607], [0.0707, 0.0509, 0.0546, 0.6932, 0.0395, 0.0603, 0.0308], [0.0655, 0.0535, 0.0448, 0.6618, 0.0779, 0.0164, 0.0802], [0.0496, 0.0753, 0.0169, 0.7252, 0.0671, 0.0151, 0.0508], [0.0708, 0.0381, 0.0391, 0.686, 0.062, 0.0626, 0.0414], [0.0692, 0.0709, 0.0212, 0.7758, 0.0217, 0.024, 0.0173], [0.0436, 0.0536, 0.0288, 0.7639, 0.0428, 0.028, 0.0392], [0.0583, 0.0334, 0.048, 0.7414, 0.0672, 0.0215, 0.0302], [0.0642, 0.0568, 0.0272, 0.7101, 0.027, 0.04, 0.0748], [0.0684, 0.0429, 0.0598, 0.6739, 0.0566, 0.052, 0.0464], [0.0737, 0.0167, 0.066, 0.7204, 0.0575, 0.0242, 0.0414], [0.0599, 0.0147, 0.041, 0.7745, 0.0184, 0.0132, 0.0783], [0.0448, 0.0584, 0.0429, 0.7077, 0.0621, 0.0217, 0.0625], [0.0659, 0.048, 0.0629, 0.7026, 0.0146, 0.0383, 0.0678], [0.0466, 0.0243, 0.0344, 0.6952, 0.083, 0.0673, 0.0491], [0.0438, 0.0714, 0.0514, 0.7142, 0.0149, 0.0627, 0.0416], [0.0217, 0.021, 0.0426, 0.7793, 0.0779, 0.0406, 0.0169], [0.0622, 0.033, 0.0595, 0.6933, 0.0299, 0.0552, 0.0669], [0.0691, 0.0413, 0.0637, 0.7003, 0.0179, 0.0445, 0.0633], [0.06, 0.0684, 0.0361, 0.6791, 0.0238, 0.0869, 0.0457], [0.0336, 0.052, 0.0349, 0.7755, 0.0509, 0.0141, 0.0392], [0.0773, 0.0585, 0.034, 0.6943, 0.0676, 0.0399, 0.0283], [0.0244, 0.0694, 0.0655, 0.6623, 0.0784, 0.0471, 0.0528]], "emotions": ["green", "green", "green", "green", "green", "green", "green", "green", "green", "green", "green", "green", "green", "green", "green", "green", "green", "green", "green", "green", "green", "green", "green", "green", "green", "green", "green", "green", "green", "green", "green", "green", "green", "green", "green", "green", "green", "green", "green", "green", "green", "green", "green", "green", "green", "green", "green", "green", "green", "green", "green", "green", "green", "green", "green", "green", "green", "green", "green", "green", "green", "green", "green", "green", "green", "green", "green", "green", "green", "green", "green", "green", "green", "green", "green", "green", "green", "green", "green", "green"], "timestamps": [0, 40, 80, 120, 160, 200, 240, 280, 320, 360, 400, 440, 480, 520, 560, 600, 640, 680, 720, 760, 800, 840, 880, 920, 960, 1000, 1040, 1080, 1120, 1160, 1200, 1240, 1280, 1320, 1360, 1400, 1440, 1480, 1520, 1560, 1600, 1640, 1680, 1720, 1760, 1800, 1840, 1880, 1920, 1960, 2000, 2040, 2080, 2120, 2160, 2200, 2240, 2280, 2320, 2360, 2400, 2440, 2480, 2520, 2560, 2600, 2640, 2680, 2720, 2760, 2800, 2840, 2880, 2920, 2960, 3000, 3040, 3080, 3120, 3160]}], "conversation": [], "conversation_timestamps": []}