{
  "agent_id": "agent-type-red-65",
  "type": "red",
  "trips": [
    {
      "trip_id": 0,
      "transport_method": "car",
      "start_time": 0,
      "path": [
        [
          1.5289353000000003,
          42.50742249999999
        ],
        [
          1.5292836017540112,
          42.50715617000394
        ],
        [
          1.529265863850661,
          42.506938917112194
        ],
        [
          1.5289100474301744,
          42.50678614622055
        ],
        [
          1.5285587838892,
          42.506897731954844
        ],
        [
          1.5281939612818425,
          42.50672693714556
        ],
        [
          1.5278219168733402,
          42.50695240590513
        ],
        [
          1.5275233705053604,
          42.50668292020751
        ],
        [
          1.527357249499913,
          42.50628539601344
        ],
        [
          1.5270692390707,
          42.50595544931767
        ],
        [
          1.5267852107187951,
          42.50586105021593
        ],
        [
          1.526738085020434,
          42.50621772149745
        ],
        [
          1.5270116884243132,
          42.50656033929621
        ],
        [
          1.5268685081718092,
          42.506381042905
        ],
        [
          1.526820176640944,
          42.50603614245883
        ],
        [
          1.5268880728089214,
          42.50585688951393
        ],
        [
          1.5272261305538395,
          42.506122778137716
        ],
        [
          1.527470682026507,
          42.506483913479805
        ],
        [
          1.5276508724751332,
          42.5068736022601
        ],
        [
          1.5279201520026986,
          42.507219439244174
        ],
        [
          1.527500889001348,
          42.507193620232975
        ],
        [
          1.52706385077422,
          42.50715835882813
        ],
        [
          1.526626812547092,
          42.50712309742329
        ],
        [
          1.5261897743199642,
          42.50708783601844
        ],
        [
          1.5257531951277268,
          42.50704730720344
        ],
        [
          1.525316645535355,
          42.50700643873096
        ],
        [
          1.5248842567995315,
          42.50693554827803
        ],
        [
          1.52461948296994,
          42.506716911063684
        ],
        [
          1.5242528627224061,
          42.50680841532108
        ],
        [
          1.5238269408087997,
          42.50675096175512
        ],
        [
          1.5234326648502083,
          42.506715371291556
        ],
        [
          1.5230053071811362,
          42.50661733455697
        ],
        [
          1.522577949512064,
          42.506519297822386
        ],
        [
          1.5221505918429916,
          42.5064212610878
        ],
        [
          1.5220339032290535,
          42.50651150882498
        ],
        [
          1.5223185623731728,
          42.506844997880734
        ],
        [
          1.5223109784827074,
          42.5068361130635
        ],
        [
          1.5220263193385881,
          42.50650262400774
        ],
        [
          1.5217525901270177,
          42.506335439504554
        ],
        [
          1.521863698222545,
          42.50664413287678
        ],
        [
          1.5221672387480825,
          42.506960532826206
        ],
        [
          1.5224707792736196,
          42.50727693277564
        ],
        [
          1.5226510146185313,
          42.50763325836434
        ],
        [
          1.5230796261227624,
          42.507725659430804
        ],
        [
          1.5231146358605119,
          42.50797608419082
        ],
        [
          1.5227066707677936,
          42.50808065471989
        ],
        [
          1.5223855350546642,
          42.50798807639192
        ],
        [
          1.522475925144232,
          42.507932518459164
        ],
        [
          1.5225778765559879,
          42.508105781086144
        ],
        [
          1.522446198602854,
          42.50851183859638
        ],
        [
          1.5220187281919302,
          42.508414294624615
        ],
        [
          1.5218467422189943,
          42.50837504934714
        ],
        [
          1.5222742126299182,
          42.508472593318906
        ],
        [
          1.5222634915185946,
          42.508422670244656
        ],
        [
          1.5218394323713962,
          42.50831122690335
        ],
        [
          1.5214692231441842,
          42.50847603466866
        ],
        [
          1.5211020999999998,
          42.508253900000014
        ]
      ],
      "emotions": [
        "red",
        "red",
        "red",
        "red",
        "red",
        "purple",
        "purple",
        "purple",
        "purple",
        "purple",
        "purple",
        "purple",
        "purple",
        "purple",
        "purple",
        "red",
        "red",
        "red",
        "red",
        "red",
        "red",
        "red",
        "red",
        "red",
        "red",
        "red",
        "red",
        "red",
        "red",
        "red",
        "green",
        "green",
        "green",
        "green",
        "green",
        "red",
        "red",
        "red",
        "red",
        "red",
        "red",
        "red",
        "red",
        "red",
        "red",
        "green",
        "green",
        "green",
        "green",
        "green",
        "purple",
        "purple",
        "purple",
        "purple",
        "purple",
        "purple",
        "purple"
      ],
      "mood_vectors": [
        [
          0.2800757033615744,
          0.07770680109044716,
          0.12474871255839404,
          0.012832691985923832,
          0.08876750617320443,
          0.10261100435040225,
          0.313257580480054
        ],
        [
          0.13070186151754773,
          0.10400767974629027,
          0.12313623819193507,
          0.15113247344125413,
          0.026866782665481512,
          0.037202761680928884,
          0.4269522027565624
        ],
        [
          0.057928295657138855,
          0.10259395207657968,
          0.14437637563824843,
          0.19443258332607768,
          0.13401052233290597,
          0.1724306518838488,
          0.19422761908520061
        ],
        [
          0.03582871503799201,
          0.16850069451519484,
          0.10449255298316865,
          0.013661819247134287,
          0.32687393327519654,
          0.017441308342266777,
          0.33320097659904696
        ],
        [
          0.08119992714409285,
          0.12742840543002806,
          0.03196777966262043,
          0.18952031779763315,
          0.19125144913870384,
          0.15568428899380354,
          0.22294783183311806
        ],
        [
          0.257930486822295,
          0.03352712501563699,
          0.23542007791931252,
          0.02513471848641771,
          0.16734668690275778,
          0.14212788952707475,
          0.13851301532650523
        ],
        [
          0.2145344970359785,
          0.0550871610066722,
          0.15107986152182903,
          0.0026014697997145684,
          0.002314305015392039,
          0.28921203750204255,
          0.28517066811837116
        ],
        [
          0.02811300944683893,
          0.13202624019753195,
          0.2513679718431129,
          0.22516085781310155,
          0.02529226389889357,
          0.10400605945265727,
          0.23403359734786383
        ],
        [
          0.024643569590659584,
          0.1610170901850516,
          0.24097502277352942,
          0.049557475397313734,
          0.2579341089814649,
          0.028373494397778434,
          0.2374992386742023
        ],
        [
          0.14995425586703817,
          0.09708589577849949,
          0.18871357568099628,
          0.13359476091933692,
          0.17684793994947112,
          0.13958563800075374,
          0.1142179338039042
        ],
        [
          0.05159540060539554,
          0.24765546756113796,
          0.22124003756864055,
          0.06228848180994763,
          0.025572173625153623,
          0.2195125543023842,
          0.17213588452734055
        ],
        [
          0.1521367455529729,
          0.11582448099934543,
          0.19804165497081477,
          0.012568088007447242,
          0.3284576193336907,
          0.09526231490432592,
          0.09770909623140311
        ],
        [
          0.13976450278317243,
          0.1263852952627405,
          0.12892143985112267,
          0.19987939489962928,
          0.05200148759992345,
          0.17203035527753152,
          0.1810175243258802
        ],
        [
          0.20169034556996765,
          0.30237078579262716,
          0.09592739376450402,
          0.11136781658778722,
          0.21635981952471806,
          0.0026125978323216373,
          0.06967124092807421
        ],
        [
          0.05200687145840295,
          0.12973314694486252,
          0.19042139051922077,
          0.19646581731740978,
          0.08670684198029957,
          0.19174656520057048,
          0.15291936657923394
        ],
        [
          0.1934487058110762,
          0.11377030837723899,
          0.06782365509029818,
          0.17665156822038464,
          0.10442179763129517,
          0.17969490462969287,
          0.16418906024001398
        ],
        [
          0.23261295239734,
          0.009610664227370554,
          0.23747983424448882,
          0.014395015706894658,
          0.19682292194189577,
          0.0814308319340062,
          0.22764777954800408
        ],
        [
          0.2162879924164991,
          0.3734307764367766,
          0.16973790028710067,
          0.13428579375012686,
          0.011372812891082386,
          0.02580649383697316,
          0.0690782303814412
        ],
        [
          0.13562061180111248,
          0.21692797761242533,
          0.11917365676089134,
          0.1352873846650724,
          0.05367268927232198,
          0.22764318974201453,
          0.11167449014616203
        ],
        [
          0.15842066191504386,
          0.08326847642108588,
          0.22298238300792628,
          0.20267410419785864,
          0.06428522965255047,
          0.19485041495060562,
          0.07351872985492915
        ],
        [
          0.062206397019120535,
          0.1555383796886347,
          0.1090022856612669,
          0.0581013226854128,
          0.17432210270268525,
          0.2294515976022024,
          0.2113779146406774
        ],
        [
          0.2277727391561319,
          0.03608546374262364,
          0.23649022145521284,
          0.21235291305477713,
          0.024911281991957315,
          0.24081948103302145,
          0.021567899566275812
        ],
        [
          0.07960680801840028,
          0.2550227112464182,
          0.19142841578659858,
          0.03704861085595769,
          0.10351588618148158,
          0.06000727672664301,
          0.2733702911845007
        ],
        [
          0.1823232971498376,
          0.05907973937033936,
          0.2187511413812229,
          0.22629991565706745,
          0.04819147019219873,
          0.030145353122031694,
          0.2352090831273023
        ],
        [
          0.18712868364868537,
          0.20723109682936305,
          0.11612886682376163,
          0.19842568102428582,
          0.01701086043969228,
          0.1786926864364662,
          0.09538212479774559
        ],
        [
          0.12382452164213612,
          0.28661779639028295,
          0.10419323324530559,
          0.25113956626909106,
          0.1698343507661403,
          0.06406668453888885,
          0.00032384714815508184
        ],
        [
          0.2297017292821279,
          0.11454346200490306,
          0.10306236101022212,
          0.13256120198268642,
          0.14246875493398403,
          0.1642235254848468,
          0.11343896530122966
        ],
        [
          0.18441399121602822,
          0.1229474575937629,
          0.18032778779425646,
          0.09812027166723974,
          0.055372900880283814,
          0.14680445131026407,
          0.21201313953816478
        ],
        [
          0.184286804895795,
          0.14977262961436466,
          0.17957369541161985,
          0.018457508084251936,
          0.3684416228571944,
          0.06469635393446428,
          0.03477138520230985
        ],
        [
          0.0035125653340709094,
          0.06240857389310009,
          0.43405516752315004,
          0.13427169311885734,
          0.03130094195595761,
          0.05851981172744199,
          0.27593124644742206
        ],
        [
          0.1632530647494305,
          0.1586537424741415,
          0.013365108340085122,
          0.17617887205518926,
          0.06372337550266483,
          0.19771019880270435,
          0.2271156380757845
        ],
        [
          0.05132962888650698,
          0.2085869749056774,
          0.07587826584169786,
          0.24842903091189047,
          0.2248046074269672,
          0.012864667884404954,
          0.17810682414285514
        ],
        [
          0.19663716900794223,
          0.05748228821248332,
          0.3317971992581503,
          0.058988654927204225,
          0.1315415297031274,
          0.021513314212982016,
          0.20203984467811054
        ],
        [
          0.21103064105874883,
          0.06550062929529826,
          0.024936750565595914,
          0.2423140716288584,
          0.05948770654598549,
          0.21633768867193862,
          0.18039251223357447
        ],
        [
          0.07433127205742535,
          0.04293003159719419,
          0.23370638658141563,
          0.20862694697558606,
          0.1782098538991738,
          0.22148481400401687,
          0.040710694885188095
        ],
        [
          0.04019204104590649,
          0.2297412184267536,
          0.2716027457057882,
          0.06780171101857142,
          0.08463630006844362,
          0.2781689190779316,
          0.027857064656605035
        ],
        [
          0.25714085388831964,
          0.1042194116423256,
          0.24534158200592443,
          0.0777313571159022,
          0.0898349760331303,
          0.1325872990152239,
          0.09314452029917386
        ],
        [
          0.21413784710540093,
          0.11347049018471266,
          0.21277646453828,
          0.19636201998109082,
          0.059886296428507256,
          0.023621446809655597,
          0.17974543495235276
        ],
        [
          0.1451882893557408,
          0.32961934455188324,
          0.2987534755585036,
          0.004019873863328367,
          0.029881723230293443,
          0.0465708417582758,
          0.1459664516819747
        ],
        [
          0.21927856511496535,
          0.17328435503946923,
          0.0713492673592144,
          0.2971720375735293,
          0.04947101570518389,
          0.013937608988275925,
          0.17550715021936183
        ],
        [
          0.042532938137629435,
          0.006388254758779559,
          0.24340025749993163,
          0.24523906073062485,
          0.2317770370212737,
          0.020011526167021523,
          0.2106509256847394
        ],
        [
          0.04075218165313926,
          0.24091611968949725,
          0.22161500121995648,
          0.11539096412303583,
          0.010889191094703706,
          0.1642648530588467,
          0.20617168916082082
        ],
        [
          0.07930428312852432,
          0.10469627756826896,
          0.09437391736349056,
          0.05057889180316093,
          0.07319743488254553,
          0.3266028472647651,
          0.2712463479892447
        ],
        [
          0.1162111519421849,
          0.1264317032609659,
          0.06437070003361568,
          0.18430967336133097,
          0.1820619412276683,
          0.11415238304968536,
          0.21246244712454887
        ],
        [
          0.21518914186347182,
          0.030090363973185538,
          0.2399772552382622,
          0.03532014689376042,
          0.1367591320991319,
          0.2444317662962848,
          0.09823219363590326
        ],
        [
          0.1797252488863593,
          0.1716115186376313,
          0.04394844036582444,
          0.16697488050318834,
          0.1355618714122891,
          0.08845457528094185,
          0.21372346491376573
        ],
        [
          0.33898103192452717,
          0.019970830018209023,
          0.07843100206179222,
          0.2528729584854059,
          0.1445320768270647,
          0.04853770893424041,
          0.11667439174876044
        ],
        [
          0.18190713997905705,
          0.13707171114264058,
          0.1010876836168622,
          0.04607148625472812,
          0.08294519567445378,
          0.2303334506046678,
          0.22058333272759043
        ],
        [
          0.2076455808364867,
          0.10368430329207698,
          0.15912775148676098,
          0.08669565000659923,
          0.16175442710320595,
          0.18399666581658422,
          0.09709562145828592
        ],
        [
          0.1915598500922477,
          0.09543793890831152,
          0.21554971087371944,
          0.09845932863122005,
          0.12727518133818105,
          0.20756679110740597,
          0.0641511990489142
        ],
        [
          0.006703078718863948,
          0.20612379562426708,
          0.3423830723601171,
          0.10150409752485752,
          0.18430389608843456,
          0.1458878856365026,
          0.013094174046957112
        ],
        [
          0.16999990709783935,
          0.01770301086185084,
          0.2380684502305102,
          0.027712152000353405,
          0.11750652768244338,
          0.27253060278815455,
          0.1564793493388483
        ],
        [
          0.06080587025679281,
          0.05491528956688602,
          0.3669501201098588,
          0.08324164742401761,
          0.04582575577829608,
          0.027365152136876115,
          0.3608961647272726
        ],
        [
          0.004798068522712265,
          0.22628486702636577,
          0.2367791597601406,
          0.09515239916679852,
          0.1271900241344826,
          0.20240595125967056,
          0.10738953012982957
        ],
        [
          0.023783837498436572,
          0.006908459548619177,
          0.2244193284475658,
          0.17966280414235414,
          0.249483636609353,
          0.07399869124910131,
          0.24174324250457005
        ],
        [
          0.19919017293807895,
          0.32568596646144954,
          0.15465389751385392,
          0.0472661290591418,
          0.04729423872380443,
          0.15592944160249836,
          0.069980153701173
        ],
        [
          0.1974439180506361,
          0.09273125624146325,
          0.153680587254592,
          0.25979635870482254,
          0.07608209977717637,
          0.11548656514765203,
          0.10477921482365771
        ]
      ],
      "timestamps": [
        0,
        1,
        2,
        3,
        4,
        5,
        6,
        7,
        8,
        9,
        10,
        11,
        12,
        13,
        14,
        15,
        16,
        17,
        18,
        19,
        20,
        21,
        22,
        23,
        24,
        25,
        26,
        27,
        28,
        29,
        30,
        31,
        32,
        33,
        34,
        35,
        36,
        37,
        38,
        39,
        40,
        41,
        42,
        43,
        44,
        45,
        46,
        47,
        48,
        49,
        50,
        51,
        52,
        53,
        54,
        55,
        56
      ],
      "distance": 776
    },
    {
      "trip_id": 1,
      "transport_method": "stopped",
      "start_time": 57,
      "path": [
        [
          1.5211020999999998,
          42.508253900000014
        ],
        [
          1.5211020999999998,
          42.508253900000014
        ],
        [
          1.5211020999999998,
          42.508253900000014
        ],
        [
          1.5211020999999998,
          42.508253900000014
        ]
      ],
      "emotions": [
        "purple",
        "purple",
        "purple",
        "purple"
      ],
      "mood_vectors": [
        [
          0.13310970380747922,
          0.10583931282115643,
          0.06984622629367605,
          0.21859382786463083,
          0.16777591162925992,
          0.170678168437554,
          0.13415684914624348
        ],
        [
          0.13561791915132776,
          0.10497145154960173,
          0.2757758566198136,
          0.0550698851438482,
          0.15172790214354817,
          0.02105441110787214,
          0.2557825742839883
        ],
        [
          0.33992152060512754,
          0.10309185026168927,
          0.03832734705564876,
          0.0019385976403506404,
          0.262962809827067,
          0.1312611087228396,
          0.12249676588727719
        ],
        [
          0.1923527541851506,
          0.24434907926463575,
          0.22314226989454172,
          0.05798340576826074,
          0.21384090621712193,
          0.045042446008724285,
          0.02328913866156501
        ]
      ],
      "timestamps": [
        57,
        58,
        59,
        60
      ]
    },
    {
      "trip_id": 2,
      "transport_method": "car",
      "start_time": 61,
      "path": [
        [
          1.5211020999999998,
          42.508253900000014
        ],
        [
          1.5213864931508374,
          42.508438667525404
        ],
        [
          1.5216612988031457,
          42.50833242073996
        ],
        [
          1.5215033837459047,
          42.508162271386006
        ],
        [
          1.5212039811120115,
          42.50800297114903
        ],
        [
          1.5209045784781183,
          42.50784367091206
        ],
        [
          1.5206051758442252,
          42.507684370675086
        ],
        [
          1.520299193763093,
          42.50753911558117
        ],
        [
          1.5199822482843013,
          42.507611852746
        ],
        [
          1.5196747946196951,
          42.50775236451872
        ],
        [
          1.5195757046907326,
          42.508007431359296
        ],
        [
          1.5196349764548847,
          42.508341355543294
        ],
        [
          1.519772562948961,
          42.50861073067759
        ],
        [
          1.5196993735832474,
          42.50858252927061
        ],
        [
          1.5196212685130066,
          42.508264127990316
        ],
        [
          1.5195619967488545,
          42.507930203806325
        ],
        [
          1.5193379751785174,
          42.50791852162089
        ],
        [
          1.5190325784517638,
          42.50806600498257
        ],
        [
          1.51872718172501,
          42.50821348834424
        ],
        [
          1.518661773229848,
          42.508411897602116
        ],
        [
          1.51859944403534,
          42.50833830241442
        ],
        [
          1.5183050888705425,
          42.508354918001736
        ],
        [
          1.518025325913695,
          42.50816321200116
        ],
        [
          1.517745562956848,
          42.50797150600057
        ],
        [
          1.5174658000000008,
          42.507779799999994
        ]
      ],
      "emotions": [
        "purple",
        "purple",
        "purple",
        "purple",
        "red",
        "red",
        "red",
        "red",
        "red",
        "red",
        "red",
        "red",
        "red",
        "red",
        "purple",
        "purple",
        "purple",
        "purple",
        "purple",
        "red",
        "red",
        "red",
        "red",
        "red",
        "red"
      ],
      "mood_vectors": [
        [
          0.1695509778839431,
          0.19702732948378998,
          0.05732929053174439,
          0.10639074825228709,
          0.020880450938634235,
          0.22136674044989485,
          0.2274544624597064
        ],
        [
          0.019588523665212326,
          0.13353069809049317,
          0.18078273218004484,
          0.11572040302093262,
          0.07319400822170878,
          0.2763905390061664,
          0.20079309581544186
        ],
        [
          0.21931226341922766,
          0.19775798975253087,
          0.18759755617581256,
          0.046647228203211696,
          0.07150546630105996,
          0.2012298944150081,
          0.07594960173314921
        ],
        [
          0.2294283647038555,
          0.24527286099815251,
          0.1655156992715462,
          0.06518056495515887,
          0.05811464058287415,
          0.06650095539517524,
          0.16998691409323755
        ],
        [
          0.10513511668054756,
          0.07607714064207134,
          0.2927206308542225,
          0.001693062078206938,
          0.19721711101254846,
          0.23810749047771837,
          0.08904944825468485
        ],
        [
          0.03727277261949212,
          0.2049432226389399,
          0.14938389854774084,
          0.16533084521458186,
          0.1131182443060173,
          0.10737533419903471,
          0.22257568247419318
        ],
        [
          0.271855600714695,
          0.1799559381204938,
          0.2601864917291942,
          0.0710391274164886,
          0.04738911760962983,
          0.10995494782340254,
          0.059618776586096045
        ],
        [
          0.21545568897006137,
          0.02703934118439114,
          0.07966028299434227,
          0.2196461730726613,
          0.18640799136343345,
          0.01725584724639113,
          0.25453467516871936
        ],
        [
          0.20373342067713282,
          0.301468806548587,
          0.05056201011622915,
          0.10788555429931887,
          0.15391901750687342,
          0.035572310581857176,
          0.14685888027000157
        ],
        [
          0.0021230801553516416,
          0.19169026482428958,
          0.2508705730495684,
          0.010690347243010533,
          0.09466058521886266,
          0.17921441102359603,
          0.2707507384853212
        ],
        [
          0.10604053106422046,
          0.13241886464220276,
          0.18968088257345497,
          0.16615290939040436,
          0.20722234950390117,
          0.017236115006421502,
          0.18124834781939464
        ],
        [
          0.006317732479875357,
          0.13035406508300423,
          0.10085649113401927,
          0.05296037360723387,
          0.2574016935048563,
          0.16342792332705522,
          0.28868172086395566
        ],
        [
          0.09144139836256081,
          0.07804710822735786,
          0.08155863082075697,
          0.34983698354031534,
          0.07556990312793546,
          0.26403676849000074,
          0.059509207431072894
        ],
        [
          0.31138478652106394,
          0.014486164445377451,
          0.19377190925047266,
          0.2694367836016803,
          0.1133020773850491,
          0.07959639645046065,
          0.018021882345895874
        ],
        [
          0.2133318142171432,
          0.12069660316628307,
          0.2482718934226012,
          0.04852322999192109,
          0.05331655657313214,
          0.15855000361971175,
          0.15730989900920758
        ],
        [
          0.047638056053109626,
          0.18356714398763463,
          0.08863303725327133,
          0.04602719045346167,
          0.26881482958967523,
          0.34935359087134416,
          0.015966151791503347
        ],
        [
          0.14015311519567877,
          0.09515966154145156,
          0.022010892379288903,
          0.18209453396467776,
          0.21346741568790728,
          0.11415660195077551,
          0.23295777928022013
        ],
        [
          0.1353426525237432,
          0.1503225278304074,
          0.13443681952366146,
          0.23408678021989549,
          0.18551159925138083,
          0.007141271012470469,
          0.15315834963844127
        ],
        [
          0.2303839672593257,
          0.05268334786008642,
          0.08064556193263932,
          0.10006849042132554,
          0.1703939118993603,
          0.19451815607837014,
          0.17130656454889256
        ],
        [
          0.16225828099750045,
          0.20432852616409636,
          0.002294176809345674,
          0.07969405147888099,
          0.2553159422025677,
          0.27454047033040424,
          0.02156855201720454
        ],
        [
          0.0038249245972687127,
          0.2235887402406993,
          0.06001153429531447,
          0.09005048999610847,
          0.18288728617930006,
          0.2653529107155929,
          0.17428411397571614
        ],
        [
          0.05364674221078883,
          0.16541333008489623,
          0.1461438577715945,
          0.03092788224398594,
          0.10268851226313647,
          0.492432622112033,
          0.008747053313565041
        ],
        [
          0.19827780863766586,
          0.18696769900595414,
          0.17271136226715114,
          0.10714354828545523,
          0.023076493275055163,
          0.06361646603171754,
          0.24820662249700093
        ],
        [
          0.1029679175356154,
          0.13008465186097354,
          0.16537999331715483,
          0.3000608827956134,
          0.08566353952920895,
          0.16385931714626,
          0.05198369781517392
        ],
        [
          0.05646194858680775,
          0.05597978796793036,
          0.24848893762704494,
          0.08583498333809755,
          0.1539369249133914,
          0.17946300729969772,
          0.2198344102670303
        ]
      ],
      "timestamps": [
        61,
        62,
        63,
        64,
        65,
        66,
        67,
        68,
        69,
        70,
        71,
        72,
        73,
        74,
        75,
        76,
        77,
        78,
        79,
        80,
        81,
        82,
        83,
        84,
        85
      ],
      "distance": 260.4
    },
    {
      "trip_id": 3,
      "transport_method": "bicycle",
      "start_time": 86,
      "path": [
        [
          1.5183414,
          42.50837979999999
        ],
        [
          1.519670917997597,
          42.50854384235119
        ],
        [
          1.520799520284162,
          42.507787773624266
        ],
        [
          1.5213593621024704,
          42.50842104074131
        ],
        [
          1.5204560010670771,
          42.50740188183899
        ],
        [
          1.521774304596712,
          42.50748194962907
        ],
        [
          1.5216442034881363,
          42.50640686310359
        ],
        [
          1.5214296997383576,
          42.5061428318843
        ],
        [
          1.5216927386574182,
          42.50490089140621
        ],
        [
          1.5217411459039833,
          42.5049020875362
        ],
        [
          1.5212302578330321,
          42.50476362709268
        ],
        [
          1.5219007296424305,
          42.50547778656047
        ],
        [
          1.5219034100797806,
          42.50546768114899
        ],
        [
          1.5232236,
          42.5046023
        ]
      ],
      "emotions": [
        "red",
        "red",
        "red",
        "red",
        "green",
        "green",
        "green",
        "green",
        "green",
        "green",
        "green",
        "green",
        "green",
        "green"
      ],
      "mood_vectors": [
        [
          0.27914017566017774,
          0.05717049145414609,
          0.32590437611779177,
          0.16038516788508347,
          0.08186715052515112,
          0.03307503737487812,
          0.062457600982771644
        ],
        [
          0.022221314848598968,
          0.12320497957444013,
          0.26432477984080277,
          0.14435608571098638,
          0.24294571365664963,
          0.08406969397512558,
          0.11887743239339649
        ],
        [
          0.20113662313883432,
          0.009540708543191759,
          0.2723112281053316,
          0.1293265777856155,
          0.1208638872155174,
          0.12411111505947253,
          0.14270986015203688
        ],
        [
          0.0904151785828724,
          0.13869757868493668,
          0.17094397102442477,
          0.07260159628805117,
          0.014205805786582015,
          0.21740327450517022,
          0.29573259512796274
        ],
        [
          0.06955002360860789,
          0.24024169300346893,
          0.14460532600390955,
          0.16532246879479442,
          0.04740009110162833,
          0.13504167543141501,
          0.19783872205617586
        ],
        [
          0.16712583502216652,
          0.17250583879843998,
          0.17581047188189106,
          0.028178330237279788,
          0.1652416649302663,
          0.17584207754199926,
          0.11529578158795707
        ],
        [
          0.4145347080407853,
          0.36947672726087555,
          0.0700454720424719,
          0.037844554421066844,
          0.010183791852060876,
          0.03731026089351026,
          0.06060448548922922
        ],
        [
          0.2686091015657124,
          0.15589655219415544,
          0.19074962723348216,
          0.068143206102612,
          0.09053803481393675,
          0.11624733467058508,
          0.10981614341951614
        ],
        [
          0.13399964980746576,
          0.009806924963361963,
          0.20065676361391666,
          0.16013949725522791,
          0.16088913052115333,
          0.15961707918024323,
          0.1748909546586312
        ],
        [
          0.16188690292184574,
          0.0915193118230222,
          0.16677894501122692,
          0.11167612330412452,
          0.24019559977628643,
          0.22697951521454485,
          0.0009636019489493987
        ],
        [
          0.1316158333677467,
          0.20222586081723928,
          0.07200804121880328,
          0.1483695469339166,
          0.03331875177415426,
          0.20948385303868008,
          0.2029781128494597
        ],
        [
          0.05217956280501647,
          0.2583576215495489,
          0.18681561021756654,
          0.07087667059993885,
          0.1180660346153736,
          0.04978185932001498,
          0.2639226408925407
        ],
        [
          0.16202007420952783,
          0.04012763387617058,
          0.0945315151604689,
          0.24838657426551036,
          0.0679145879628256,
          0.22800311259908185,
          0.15901650192641487
        ],
        [
          0.133552013584895,
          0.09322189623230484,
          0.19564925219333468,
          0.12471367587348779,
          0.16691839631812241,
          0.08787709516701629,
          0.198067670630839
        ]
      ],
      "timestamps": [
        86,
        87,
        88,
        89,
        90,
        91,
        92,
        93,
        94,
        95,
        96,
        97,
        98,
        99
      ],
      "distance": 1193.1
    }
  ],
  "conversation": [
    "I always get turned around near the old town lanes.",
    "Someone's blasting jazz from their window again.",
    "I could really go for some Hokkaido milk soft serve."
  ],
  "conversation_timestamps": [
    7,
    20,
    26
  ]
}
