{"agent_id": "agent-purple-509", "type": "purple", "trips": [{"trip_id": 0, "transport_method": "foot", "start_time": 0, "path": [[1.4890963, 42.4837303], [1.4887457, 42.482996], [1.4885322, 42.4822603], [1.4885563, 42.4815217], [1.4880555, 42.4808903], [1.4877034, 42.480175], [1.4877738, 42.4794592], [1.4878421, 42.4788493], [1.4879409, 42.4783121], [1.4874854, 42.4779024], [1.4868434, 42.4774474], [1.4874917, 42.4775657], [1.4882308, 42.4779053], [1.4887901, 42.4783113], [1.4888408, 42.4791239], [1.4888914, 42.4799364], [1.488942, 42.480749], [1.4889927, 42.4815616], [1.4890433, 42.4823741], [1.4890939, 42.4831867], [1.4892766, 42.4839284], [1.4900673, 42.4839824], [1.4905833, 42.4840789], [1.4912607, 42.484484], [1.4920096, 42.4847658], [1.4924323, 42.4854416], [1.4927398, 42.4861952], [1.4930631, 42.4869412], [1.4934541, 42.4876552], [1.493851, 42.4883661], [1.4942504, 42.4890755], [1.4946472, 42.4897864], [1.4950299, 42.4905044], [1.4954351, 42.4911657], [1.4960659, 42.4916782], [1.4966738, 42.4922198], [1.4972669, 42.4927694], [1.4979249, 42.4932483], [1.4984075, 42.4938631], [1.4988083, 42.4944064], [1.4987187, 42.4951839], [1.4992344, 42.4956536], [1.4999548, 42.4960329], [1.5006708, 42.4964194], [1.501361, 42.4967503], [1.5021038, 42.4970603], [1.5028157, 42.4974517], [1.5035586, 42.4977849], [1.5042917, 42.4981382], [1.5050383, 42.498463], [1.5057697, 42.4988191], [1.5064967, 42.4991854], [1.5072342, 42.4995301], [1.5079606, 42.4998911], [1.5086824, 42.5002598], [1.5094148, 42.5006152], [1.5093447, 42.5005816], [1.5095174, 42.5006573], [1.5102564, 42.5009989], [1.5109953, 42.5013406], [1.510823, 42.5012415], [1.5101919, 42.5010632], [1.5109347, 42.5013966], [1.5116774, 42.50173], [1.5118383, 42.5018429], [1.5125105, 42.5023023], [1.5131539, 42.5027981], [1.5136766, 42.5034117], [1.5142662, 42.5039659], [1.5148515, 42.5045227], [1.5153239, 42.5051483], [1.5160549, 42.505454], [1.5167879, 42.5058071], [1.5175284, 42.5060193], [1.5180946, 42.5064125], [1.518824, 42.5067655], [1.519466, 42.5072294], [1.5202224, 42.5074012], [1.5208155, 42.5076986], [1.5215321, 42.5080651]], "mood_vectors": [[0.0335, 0.066, 0.0713, 0.0714, 0.0261, 0.6791, 0.0526], [0.0296, 0.0461, 0.0672, 0.0636, 0.0422, 0.7249, 0.0264], [0.0542, 0.0551, 0.014, 0.0416, 0.0701, 0.693, 0.072], [0.0271, 0.0792, 0.0822, 0.045, 0.0279, 0.7153, 0.0233], [0.063, 0.0303, 0.0176, 0.0649, 0.0405, 0.7391, 0.0446], [0.0646, 0.0265, 0.0721, 0.0114, 0.03, 0.73, 0.0654], [0.0489, 0.0206, 0.043, 0.0718, 0.0338, 0.7091, 0.0728], [0.0442, 0.0353, 0.0284, 0.0383, 0.027, 0.7472, 0.0795], [0.0373, 0.0416, 0.0842, 0.0851, 0.049, 0.6232, 0.0797], [0.051, 0.0202, 0.0687, 0.0508, 0.013, 0.744, 0.0523], [0.0547, 0.0611, 0.0852, 0.0679, 0.0366, 0.634, 0.0605], [0.0703, 0.0855, 0.0737, 0.0626, 0.0659, 0.6023, 0.0397], [0.058, 0.0627, 0.0394, 0.0807, 0.0627, 0.6822, 0.0143], [0.0306, 0.0999, 0.065, 0.0628, 0.0548, 0.6634, 0.0234], [0.0729, 0.0197, 0.0737, 0.0675, 0.0815, 0.6714, 0.0132], [0.078, 0.056, 0.0703, 0.02, 0.0334, 0.6954, 0.0468], [0.072, 0.068, 0.0208, 0.0477, 0.0149, 0.7458, 0.0309], [0.0627, 0.0741, 0.0352, 0.0615, 0.0347, 0.6561, 0.0757], [0.0572, 0.0107, 0.0396, 0.0723, 0.0681, 0.7391, 0.0129], [0.07, 0.0222, 0.0319, 0.0235, 0.0741, 0.6994, 0.079], [0.0711, 0.0659, 0.015, 0.0484, 0.0668, 0.7007, 0.0322], [0.0746, 0.0332, 0.0163, 0.0195, 0.0135, 0.8086, 0.0344], [0.041, 0.036, 0.0225, 0.0725, 0.0563, 0.7168, 0.0549], [0.0282, 0.0649, 0.0473, 0.0734, 0.0247, 0.6846, 0.0769], [0.0873, 0.0614, 0.0395, 0.0578, 0.0621, 0.6324, 0.0595], [0.0556, 0.0331, 0.0462, 0.0573, 0.0594, 0.6986, 0.0497], [0.0698, 0.0391, 0.0439, 0.0375, 0.0727, 0.7186, 0.0184], [0.0149, 0.0535, 0.0429, 0.0418, 0.0591, 0.7391, 0.0486], [0.0468, 0.041, 0.0499, 0.023, 0.0585, 0.7526, 0.0281], [0.044, 0.0763, 0.0458, 0.0343, 0.0161, 0.7567, 0.0268], [0.0694, 0.0836, 0.0158, 0.0777, 0.0775, 0.6526, 0.0235], [0.0653, 0.0344, 0.0637, 0.014, 0.0141, 0.7453, 0.0633], [0.0231, 0.0347, 0.0276, 0.0587, 0.0491, 0.7532, 0.0535], [0.0178, 0.0469, 0.0331, 0.037, 0.0899, 0.7476, 0.0276], [0.0578, 0.0402, 0.0477, 0.0158, 0.041, 0.7274, 0.0702], [0.0729, 0.0417, 0.0451, 0.0845, 0.0168, 0.6986, 0.0405], [0.0151, 0.0557, 0.037, 0.0294, 0.052, 0.7844, 0.0264], [0.0133, 0.0802, 0.0435, 0.0817, 0.0295, 0.7118, 0.04], [0.0311, 0.0781, 0.0455, 0.0563, 0.0426, 0.722, 0.0244], [0.0543, 0.0364, 0.0863, 0.0748, 0.0268, 0.643, 0.0783], [0.0749, 0.0391, 0.0616, 0.0461, 0.0701, 0.6648, 0.0434], [0.0204, 0.0857, 0.084, 0.0499, 0.0235, 0.6498, 0.0867], [0.0424, 0.0639, 0.0495, 0.0518, 0.0602, 0.6922, 0.04], [0.0528, 0.0362, 0.0922, 0.0895, 0.0428, 0.6598, 0.0268], [0.0557, 0.0535, 0.0532, 0.0236, 0.0698, 0.7184, 0.0259], [0.0802, 0.039, 0.0324, 0.0757, 0.0434, 0.6771, 0.0522], [0.0189, 0.0727, 0.068, 0.0676, 0.0384, 0.6748, 0.0596], [0.0788, 0.0648, 0.0605, 0.0471, 0.0741, 0.5888, 0.0859], [0.0172, 0.0571, 0.0451, 0.0223, 0.0234, 0.8006, 0.0344], [0.0657, 0.0655, 0.0705, 0.0619, 0.0473, 0.6683, 0.0207], [0.0648, 0.0132, 0.0661, 0.0409, 0.0183, 0.7484, 0.0481], [0.0169, 0.0454, 0.066, 0.0912, 0.0647, 0.6781, 0.0377], [0.0323, 0.0346, 0.0599, 0.077, 0.0671, 0.6673, 0.0618], [0.0535, 0.0316, 0.0669, 0.0697, 0.0759, 0.6255, 0.0769], [0.0501, 0.0776, 0.0899, 0.0592, 0.0404, 0.6532, 0.0296], [0.0745, 0.0709, 0.0666, 0.0539, 0.0294, 0.6519, 0.0528], [0.0854, 0.0614, 0.0169, 0.0513, 0.0296, 0.7155, 0.04], [0.0445, 0.0542, 0.0296, 0.0485, 0.0775, 0.6781, 0.0676], [0.0582, 0.0559, 0.0779, 0.0355, 0.035, 0.6985, 0.0389], [0.0483, 0.0823, 0.021, 0.0868, 0.0474, 0.6842, 0.0301], [0.0453, 0.0192, 0.0722, 0.0388, 0.0612, 0.733, 0.0303], [0.0704, 0.0768, 0.0706, 0.0122, 0.0255, 0.7205, 0.024], [0.0583, 0.0589, 0.0663, 0.0217, 0.085, 0.6466, 0.0633], [0.0488, 0.0561, 0.0548, 0.0789, 0.0188, 0.6927, 0.0498], [0.0765, 0.0222, 0.0231, 0.0462, 0.0628, 0.7372, 0.032], [0.0538, 0.079, 0.0848, 0.027, 0.0483, 0.6768, 0.0303], [0.0525, 0.0248, 0.0669, 0.0659, 0.0596, 0.687, 0.0433], [0.0847, 0.0447, 0.0169, 0.0483, 0.0279, 0.7415, 0.0361], [0.0343, 0.0263, 0.0507, 0.0327, 0.0706, 0.7311, 0.0544], [0.0372, 0.0364, 0.0605, 0.0578, 0.0377, 0.7045, 0.0658], [0.0658, 0.0642, 0.0455, 0.0203, 0.0528, 0.6825, 0.0689], [0.0238, 0.0839, 0.0324, 0.045, 0.0463, 0.7331, 0.0356], [0.0355, 0.0725, 0.0195, 0.0665, 0.0417, 0.7429, 0.0214], [0.0802, 0.0704, 0.0609, 0.0485, 0.0745, 0.6196, 0.0459], [0.0741, 0.0586, 0.0245, 0.0233, 0.0533, 0.7371, 0.029], [0.0439, 0.0249, 0.088, 0.0159, 0.0344, 0.7288, 0.0641], [0.0521, 0.0393, 0.0747, 0.0322, 0.0203, 0.76, 0.0213], [0.0151, 0.0238, 0.042, 0.0789, 0.0604, 0.7232, 0.0567], [0.0311, 0.0695, 0.0721, 0.0238, 0.0207, 0.712, 0.0708], [0.0192, 0.044, 0.0762, 0.0556, 0.0435, 0.7205, 0.041]], "emotions": ["purple", "purple", "purple", "purple", "purple", "purple", "purple", "purple", "purple", "purple", "purple", "purple", "purple", "purple", "purple", "purple", "purple", "purple", "purple", "purple", "purple", "purple", "purple", "purple", "purple", "purple", "purple", "purple", "purple", "purple", "purple", "purple", "purple", "purple", "purple", "purple", "purple", "purple", "purple", "purple", "purple", "purple", "purple", "purple", "purple", "purple", "purple", "purple", "purple", "purple", "purple", "purple", "purple", "purple", "purple", "purple", "purple", "purple", "purple", "purple", "purple", "purple", "purple", "purple", "purple", "purple", "purple", "purple", "purple", "purple", "purple", "purple", "purple", "purple", "purple", "purple", "purple", "purple", "purple", "purple"], "timestamps": [0, 40, 80, 120, 160, 200, 240, 280, 320, 360, 400, 440, 480, 520, 560, 600, 640, 680, 720, 760, 800, 840, 880, 920, 960, 1000, 1040, 1080, 1120, 1160, 1200, 1240, 1280, 1320, 1360, 1400, 1440, 1480, 1520, 1560, 1600, 1640, 1680, 1720, 1760, 1800, 1840, 1880, 1920, 1960, 2000, 2040, 2080, 2120, 2160, 2200, 2240, 2280, 2320, 2360, 2400, 2440, 2480, 2520, 2560, 2600, 2640, 2680, 2720, 2760, 2800, 2840, 2880, 2920, 2960, 3000, 3040, 3080, 3120, 3160]}], "conversation": [], "conversation_timestamps": []}