{"agent_id": "agent-blue-1725", "type": "blue", "trips": [{"trip_id": 0, "transport_method": "bicycle", "start_time": 0, "path": [[1.5327602, 42.5071727], [1.5328578, 42.507242], [1.5329554, 42.5073113], [1.5330531, 42.5073806], [1.5331507, 42.5074499], [1.5332495, 42.5075174], [1.5333495, 42.5075832], [1.5334495, 42.507649], [1.5335495, 42.5077148], [1.5336608, 42.5077511], [1.5337792, 42.5077692], [1.5338975, 42.5077872], [1.5340159, 42.5078053], [1.5341342, 42.5078234], [1.5341948, 42.5078836], [1.5341761, 42.5080019], [1.5341574, 42.5081201], [1.5341387, 42.5082384], [1.53412, 42.5083566], [1.5341013, 42.5084748], [1.5340986, 42.5085936], [1.5341086, 42.5086955], [1.5341076, 42.5085767], [1.5340885, 42.508597], [1.5340811, 42.5087165], [1.5340736, 42.508836], [1.5340662, 42.5089555], [1.5340587, 42.5090749], [1.5340512, 42.5091944], [1.5340393, 42.5093133], [1.5340145, 42.5094304], [1.5339821, 42.5095456], [1.5339431, 42.5096588], [1.533908, 42.5097731], [1.5339309, 42.509888], [1.5339807, 42.5099966], [1.5340395, 42.5100996], [1.5341316, 42.510176], [1.5342246, 42.5102514], [1.5343175, 42.5103268], [1.5344105, 42.5104023], [1.5345034, 42.5104777], [1.5345964, 42.5105532], [1.5346893, 42.5106286], [1.5347823, 42.5107041], [1.5348752, 42.5107795], [1.534964, 42.5108591], [1.5350381, 42.5109531], [1.5351217, 42.5110375], [1.535217, 42.5111098], [1.5353081, 42.5111862], [1.5354117, 42.5112462], [1.535517, 42.5113031], [1.5356245, 42.5113557], [1.5357335, 42.5114052], [1.5358434, 42.5114522], [1.5359601, 42.5114789], [1.5360658, 42.5115285], [1.5361576, 42.5116053], [1.5362404, 42.5116915], [1.5363142, 42.5117857], [1.536388, 42.51188], [1.5364672, 42.5119697], [1.5365526, 42.5120535], [1.5365826, 42.5121635], [1.5365807, 42.5122815], [1.5364873, 42.5123549], [1.5364549, 42.5124174], [1.5365671, 42.5124591], [1.5366793, 42.5125008], [1.5367686, 42.5125707], [1.5368314, 42.5126726], [1.536899, 42.5127689], [1.5369983, 42.5128358], [1.5370937, 42.512908], [1.5372096, 42.5128811], [1.5373251, 42.5128495], [1.5374404, 42.5128175], [1.5375558, 42.5127854], [1.5376711, 42.5127534]], "mood_vectors": [[0.0316, 0.0586, 0.0763, 0.6329, 0.0753, 0.0816, 0.0436], [0.0698, 0.0336, 0.0315, 0.6453, 0.0926, 0.0951, 0.0322], [0.062, 0.0265, 0.0611, 0.7323, 0.0278, 0.0659, 0.0245], [0.0143, 0.0465, 0.064, 0.7134, 0.0465, 0.0567, 0.0585], [0.0304, 0.0157, 0.0532, 0.7206, 0.057, 0.0776, 0.0456], [0.0687, 0.0358, 0.0666, 0.642, 0.0673, 0.0744, 0.0452], [0.0293, 0.0583, 0.0415, 0.6815, 0.0753, 0.0583, 0.0557], [0.0407, 0.0602, 0.0845, 0.6498, 0.0336, 0.0711, 0.06], [0.0649, 0.0678, 0.0149, 0.7204, 0.0404, 0.0281, 0.0634], [0.0214, 0.0248, 0.0887, 0.7459, 0.0232, 0.063, 0.0329], [0.0922, 0.03, 0.0348, 0.7167, 0.0437, 0.0511, 0.0316], [0.0741, 0.0629, 0.0185, 0.7432, 0.02, 0.0572, 0.0241], [0.0294, 0.0824, 0.0248, 0.7182, 0.0626, 0.0585, 0.0241], [0.0586, 0.0327, 0.051, 0.7127, 0.0206, 0.0712, 0.0532], [0.0418, 0.0216, 0.0179, 0.773, 0.0749, 0.0295, 0.0413], [0.0531, 0.0692, 0.0508, 0.6498, 0.0706, 0.0207, 0.0858], [0.0561, 0.0567, 0.0813, 0.6281, 0.038, 0.0843, 0.0554], [0.0724, 0.0624, 0.014, 0.7198, 0.0372, 0.0789, 0.0151], [0.0651, 0.0633, 0.0519, 0.6748, 0.0673, 0.0619, 0.0157], [0.0403, 0.068, 0.081, 0.6183, 0.0503, 0.0682, 0.074], [0.0288, 0.0627, 0.0627, 0.6786, 0.0835, 0.0578, 0.0259], [0.0191, 0.0567, 0.0276, 0.693, 0.086, 0.07, 0.0476], [0.0269, 0.0299, 0.086, 0.7268, 0.0714, 0.0214, 0.0375], [0.0865, 0.0802, 0.027, 0.5925, 0.0758, 0.0582, 0.0798], [0.0595, 0.035, 0.0233, 0.7187, 0.0187, 0.1003, 0.0444], [0.047, 0.0469, 0.0802, 0.6367, 0.0427, 0.0865, 0.0599], [0.0593, 0.0787, 0.083, 0.6189, 0.0527, 0.0911, 0.0162], [0.0581, 0.0481, 0.059, 0.6758, 0.0539, 0.0445, 0.0607], [0.0443, 0.0303, 0.0561, 0.6998, 0.0781, 0.0445, 0.0469], [0.0145, 0.058, 0.0618, 0.6857, 0.0486, 0.0725, 0.0588], [0.0794, 0.0774, 0.0697, 0.5878, 0.0469, 0.0671, 0.0717], [0.0503, 0.0583, 0.046, 0.6782, 0.0529, 0.0508, 0.0636], [0.06, 0.0865, 0.0503, 0.6578, 0.0766, 0.0459, 0.0228], [0.0272, 0.0596, 0.0738, 0.6783, 0.0721, 0.0202, 0.0688], [0.0392, 0.0875, 0.0168, 0.7024, 0.09, 0.031, 0.0331], [0.0662, 0.0688, 0.0746, 0.6857, 0.043, 0.0154, 0.0462], [0.0388, 0.0548, 0.0581, 0.7257, 0.0237, 0.0364, 0.0626], [0.0472, 0.0416, 0.0829, 0.715, 0.0683, 0.0203, 0.0248], [0.0533, 0.0184, 0.062, 0.6676, 0.0421, 0.0818, 0.0749], [0.032, 0.0543, 0.0649, 0.737, 0.0416, 0.048, 0.0222], [0.0824, 0.0985, 0.0347, 0.6387, 0.094, 0.0172, 0.0344], [0.035, 0.0783, 0.0371, 0.7356, 0.0402, 0.0606, 0.0132], [0.0362, 0.0439, 0.092, 0.6824, 0.0288, 0.0789, 0.0379], [0.0793, 0.0752, 0.0223, 0.7124, 0.0127, 0.0294, 0.0686], [0.0402, 0.0321, 0.0935, 0.6592, 0.0268, 0.0488, 0.0994], [0.0737, 0.0638, 0.0483, 0.6654, 0.0437, 0.038, 0.0671], [0.0516, 0.015, 0.048, 0.7095, 0.0582, 0.0518, 0.0659], [0.0769, 0.0818, 0.0691, 0.6558, 0.056, 0.0307, 0.0297], [0.0759, 0.0138, 0.0238, 0.7269, 0.0211, 0.0753, 0.0632], [0.0917, 0.0354, 0.0489, 0.6256, 0.0725, 0.0364, 0.0894], [0.0442, 0.0179, 0.0218, 0.7969, 0.0692, 0.0207, 0.0293], [0.0637, 0.0699, 0.0325, 0.6611, 0.0742, 0.0216, 0.0769], [0.0688, 0.0242, 0.0226, 0.6859, 0.071, 0.081, 0.0465], [0.0494, 0.0297, 0.0752, 0.6499, 0.0383, 0.0849, 0.0726], [0.0679, 0.0603, 0.0657, 0.6421, 0.0408, 0.048, 0.0751], [0.0537, 0.0804, 0.0695, 0.6536, 0.0258, 0.0416, 0.0754], [0.0544, 0.0518, 0.0493, 0.7541, 0.049, 0.0236, 0.0178], [0.0143, 0.0358, 0.0755, 0.6823, 0.0561, 0.0764, 0.0596], [0.0198, 0.0451, 0.0615, 0.7308, 0.0546, 0.0613, 0.0268], [0.0697, 0.0486, 0.0635, 0.6221, 0.0587, 0.073, 0.0644], [0.1034, 0.0496, 0.0729, 0.6422, 0.0348, 0.0176, 0.0795], [0.0696, 0.0347, 0.055, 0.6606, 0.0895, 0.0563, 0.0344], [0.0637, 0.0218, 0.0366, 0.6978, 0.0432, 0.0626, 0.0742], [0.0365, 0.0798, 0.0652, 0.6675, 0.0864, 0.0327, 0.0319], [0.0344, 0.0676, 0.0278, 0.6934, 0.0438, 0.065, 0.0679], [0.0621, 0.0299, 0.0192, 0.7229, 0.0629, 0.0295, 0.0734], [0.0739, 0.0436, 0.0829, 0.6196, 0.0818, 0.0702, 0.0279], [0.0116, 0.0766, 0.0682, 0.7347, 0.0529, 0.0349, 0.0211], [0.0396, 0.062, 0.0484, 0.663, 0.0603, 0.0499, 0.0768], [0.0205, 0.0804, 0.061, 0.6889, 0.0708, 0.0421, 0.0363], [0.0395, 0.0323, 0.0178, 0.7605, 0.0233, 0.042, 0.0846], [0.0966, 0.0287, 0.0354, 0.702, 0.0654, 0.0473, 0.0245], [0.0819, 0.0229, 0.0206, 0.6967, 0.077, 0.0539, 0.0471], [0.0663, 0.0591, 0.0476, 0.7062, 0.0349, 0.0636, 0.0222], [0.0312, 0.0317, 0.0386, 0.799, 0.0596, 0.012, 0.0279], [0.0622, 0.0514, 0.0594, 0.7087, 0.0375, 0.0609, 0.0199], [0.0379, 0.0338, 0.085, 0.7178, 0.0198, 0.0772, 0.0284], [0.0405, 0.0205, 0.0725, 0.7113, 0.0573, 0.056, 0.0419], [0.0739, 0.0387, 0.036, 0.684, 0.0675, 0.0383, 0.0616], [0.0158, 0.0837, 0.0447, 0.6845, 0.0835, 0.0723, 0.0156]], "emotions": ["green", "green", "green", "green", "green", "green", "green", "green", "green", "green", "green", "green", "green", "green", "green", "green", "green", "green", "green", "green", "green", "green", "green", "green", "green", "green", "green", "green", "green", "green", "green", "green", "green", "green", "green", "green", "green", "green", "green", "green", "green", "green", "green", "green", "green", "green", "green", "green", "green", "green", "green", "green", "green", "green", "green", "green", "green", "green", "green", "green", "green", "green", "green", "green", "green", "green", "green", "green", "green", "green", "green", "green", "green", "green", "green", "green", "green", "green", "green", "green"], "timestamps": [0, 40, 80, 120, 160, 200, 240, 280, 320, 360, 400, 440, 480, 520, 560, 600, 640, 680, 720, 760, 800, 840, 880, 920, 960, 1000, 1040, 1080, 1120, 1160, 1200, 1240, 1280, 1320, 1360, 1400, 1440, 1480, 1520, 1560, 1600, 1640, 1680, 1720, 1760, 1800, 1840, 1880, 1920, 1960, 2000, 2040, 2080, 2120, 2160, 2200, 2240, 2280, 2320, 2360, 2400, 2440, 2480, 2520, 2560, 2600, 2640, 2680, 2720, 2760, 2800, 2840, 2880, 2920, 2960, 3000, 3040, 3080, 3120, 3160]}], "conversation": [], "conversation_timestamps": []}