{"agent_id": "agent-orange-1743", "type": "orange", "trips": [{"trip_id": 0, "transport_method": "bicycle", "start_time": 0, "path": [[1.5836781, 42.5325044], [1.5827268, 42.5328326], [1.5820236, 42.5320151], [1.5825356, 42.5326668], [1.5821641, 42.5322769], [1.581235, 42.5319304], [1.5801589, 42.5319865], [1.5791851, 42.5317921], [1.5781072, 42.5317903], [1.5770325, 42.5317062], [1.5759667, 42.5315455], [1.5749173, 42.5313025], [1.5741088, 42.5305983], [1.5733182, 42.529865], [1.5735163, 42.5303375], [1.5743261, 42.5310332], [1.5744566, 42.5309234], [1.5736634, 42.530193], [1.5728493, 42.529491], [1.5717965, 42.529356], [1.5708945, 42.5290503], [1.5700321, 42.5284029], [1.5697717, 42.5281789], [1.5706726, 42.5287713], [1.5712108, 42.529299], [1.5703133, 42.5287012], [1.5694159, 42.5281034], [1.5685185, 42.5275056], [1.567621, 42.5269079], [1.5682954, 42.5272825], [1.5690254, 42.5277594], [1.56813, 42.5271586], [1.5672346, 42.5265578], [1.5663525, 42.5259381], [1.5653898, 42.5254579], [1.5643554, 42.5251972], [1.5633833, 42.5247658], [1.5624457, 42.5242681], [1.5617319, 42.5234632], [1.5608731, 42.5228132], [1.5599688, 42.5222573], [1.5591126, 42.5216459], [1.5582965, 42.5209416], [1.557525, 42.5201885], [1.5567988, 42.5194298], [1.5565706, 42.5190883], [1.5562715, 42.5187223], [1.5564397, 42.5190975], [1.5556177, 42.5183996], [1.5552686, 42.5180202], [1.5549545, 42.5178941], [1.5541447, 42.5171821], [1.5539604, 42.5171699], [1.5544054, 42.5175283], [1.5537128, 42.5167019], [1.5533105, 42.515717], [1.5527381, 42.5148112], [1.5526613, 42.5137521], [1.5517776, 42.5131607], [1.5509354, 42.5125018], [1.5500234, 42.5119673], [1.548998, 42.5116404], [1.5479491, 42.5113906], [1.5469084, 42.5111092], [1.5463403, 42.5102973], [1.5463151, 42.5101221], [1.5457008, 42.5095003], [1.5446526, 42.5093146], [1.5436208, 42.5090658], [1.542563, 42.5088785], [1.5415008, 42.5087764], [1.5406891, 42.5086837], [1.539613, 42.5086547], [1.5387732, 42.5089607], [1.5378805, 42.5087359], [1.5368174, 42.5087211], [1.5357445, 42.5086134], [1.5346695, 42.50853], [1.5338367, 42.5081031], [1.5340928, 42.5085282]], "mood_vectors": [[0.0623, 0.0517, 0.0377, 0.0669, 0.6846, 0.0582, 0.0386], [0.0606, 0.0176, 0.0276, 0.0176, 0.8282, 0.0172, 0.0313], [0.0418, 0.0282, 0.018, 0.0673, 0.745, 0.0216, 0.0781], [0.031, 0.0359, 0.047, 0.0723, 0.7144, 0.0736, 0.0257], [0.0431, 0.0548, 0.0288, 0.0766, 0.6951, 0.0418, 0.0598], [0.0148, 0.0413, 0.0549, 0.0652, 0.7606, 0.0269, 0.0363], [0.0615, 0.0532, 0.0666, 0.0181, 0.6969, 0.0878, 0.016], [0.0343, 0.0815, 0.075, 0.0247, 0.6371, 0.0562, 0.0912], [0.0231, 0.0861, 0.0365, 0.0867, 0.6397, 0.0414, 0.0864], [0.0755, 0.0367, 0.0453, 0.0499, 0.6474, 0.082, 0.0632], [0.017, 0.051, 0.077, 0.0448, 0.7199, 0.0272, 0.063], [0.0959, 0.0223, 0.0252, 0.0582, 0.7084, 0.0555, 0.0346], [0.0817, 0.0855, 0.0168, 0.0489, 0.7224, 0.031, 0.0137], [0.0341, 0.0195, 0.025, 0.0915, 0.778, 0.0204, 0.0314], [0.0661, 0.084, 0.0244, 0.0826, 0.6341, 0.0453, 0.0634], [0.0619, 0.0274, 0.0424, 0.0598, 0.7116, 0.0419, 0.0549], [0.0323, 0.0533, 0.0634, 0.0631, 0.7125, 0.0303, 0.045], [0.0555, 0.0776, 0.0524, 0.0414, 0.6283, 0.069, 0.0757], [0.0261, 0.0849, 0.0364, 0.0469, 0.7637, 0.0174, 0.0245], [0.0752, 0.0297, 0.0455, 0.0275, 0.7063, 0.0462, 0.0696], [0.036, 0.041, 0.0827, 0.0408, 0.6838, 0.0625, 0.0532], [0.0329, 0.0671, 0.085, 0.0176, 0.6756, 0.0576, 0.0642], [0.0469, 0.0849, 0.0126, 0.0444, 0.7016, 0.0382, 0.0714], [0.072, 0.0548, 0.0889, 0.0307, 0.6468, 0.0296, 0.0771], [0.0188, 0.0792, 0.0592, 0.0262, 0.6603, 0.0882, 0.068], [0.026, 0.0182, 0.0699, 0.0657, 0.7145, 0.0513, 0.0543], [0.0563, 0.0224, 0.0275, 0.0689, 0.7192, 0.0338, 0.0718], [0.0593, 0.0581, 0.019, 0.0143, 0.7904, 0.0359, 0.0229], [0.036, 0.0756, 0.0441, 0.0624, 0.7011, 0.0507, 0.0301], [0.0626, 0.0193, 0.0648, 0.0768, 0.6728, 0.0708, 0.0329], [0.0161, 0.0636, 0.0699, 0.0115, 0.7195, 0.0672, 0.0521], [0.0859, 0.0788, 0.0532, 0.0613, 0.661, 0.0363, 0.0235], [0.0657, 0.064, 0.0441, 0.0391, 0.6695, 0.0571, 0.0605], [0.0564, 0.034, 0.0127, 0.0858, 0.7183, 0.0475, 0.0452], [0.0193, 0.0761, 0.0363, 0.0601, 0.6785, 0.0462, 0.0836], [0.065, 0.0322, 0.036, 0.0137, 0.741, 0.0518, 0.0603], [0.0224, 0.0195, 0.0295, 0.0586, 0.7418, 0.024, 0.1041], [0.0286, 0.0737, 0.0206, 0.0438, 0.7634, 0.0371, 0.0329], [0.062, 0.0784, 0.0604, 0.0535, 0.6747, 0.0388, 0.0321], [0.0275, 0.0941, 0.0878, 0.0463, 0.6384, 0.0609, 0.0449], [0.0347, 0.0808, 0.0337, 0.0234, 0.7379, 0.0751, 0.0143], [0.0774, 0.0274, 0.049, 0.0766, 0.6638, 0.0429, 0.0628], [0.0778, 0.043, 0.0713, 0.069, 0.7104, 0.0114, 0.0171], [0.0619, 0.0486, 0.0725, 0.0465, 0.6821, 0.034, 0.0545], [0.0915, 0.069, 0.0688, 0.0355, 0.6278, 0.0509, 0.0565], [0.0174, 0.0146, 0.08, 0.041, 0.7899, 0.0251, 0.0319], [0.0485, 0.0603, 0.0282, 0.0393, 0.706, 0.0734, 0.0444], [0.0733, 0.0691, 0.0272, 0.028, 0.7147, 0.0635, 0.0242], [0.057, 0.083, 0.0606, 0.0869, 0.63, 0.0693, 0.0133], [0.088, 0.0645, 0.0438, 0.0823, 0.6248, 0.0546, 0.0421], [0.0604, 0.0521, 0.0383, 0.0593, 0.6992, 0.0173, 0.0733], [0.0515, 0.0305, 0.0541, 0.0616, 0.7246, 0.0452, 0.0326], [0.0271, 0.0541, 0.0205, 0.0821, 0.6791, 0.0634, 0.0737], [0.0716, 0.053, 0.0314, 0.0897, 0.6175, 0.0613, 0.0754], [0.0857, 0.0539, 0.0573, 0.0476, 0.6407, 0.046, 0.0689], [0.0434, 0.0585, 0.0842, 0.0291, 0.6415, 0.0614, 0.082], [0.0656, 0.0485, 0.0705, 0.0156, 0.6624, 0.0697, 0.0678], [0.0826, 0.0636, 0.0718, 0.0392, 0.6055, 0.058, 0.0793], [0.0613, 0.051, 0.0366, 0.0439, 0.7259, 0.02, 0.0612], [0.0783, 0.0891, 0.034, 0.0214, 0.6859, 0.0697, 0.0216], [0.0797, 0.0545, 0.0532, 0.0722, 0.6864, 0.016, 0.038], [0.0677, 0.0771, 0.0806, 0.0505, 0.6229, 0.0757, 0.0254], [0.0821, 0.0618, 0.0474, 0.041, 0.654, 0.0463, 0.0674], [0.0722, 0.0175, 0.0534, 0.017, 0.7527, 0.042, 0.0452], [0.0693, 0.038, 0.0588, 0.0343, 0.6835, 0.0496, 0.0665], [0.0166, 0.0516, 0.0386, 0.0512, 0.7511, 0.0519, 0.039], [0.017, 0.047, 0.0509, 0.0374, 0.7354, 0.0451, 0.0672], [0.0753, 0.0611, 0.0693, 0.0319, 0.6791, 0.0661, 0.0172], [0.0416, 0.0219, 0.0655, 0.0312, 0.756, 0.0306, 0.0532], [0.0136, 0.0467, 0.0143, 0.0395, 0.7605, 0.057, 0.0682], [0.0586, 0.0427, 0.0669, 0.026, 0.7351, 0.0565, 0.0141], [0.048, 0.0601, 0.0235, 0.0349, 0.7098, 0.0468, 0.0768], [0.0344, 0.04, 0.0186, 0.0828, 0.7462, 0.0258, 0.0521], [0.0427, 0.0762, 0.0615, 0.0185, 0.6656, 0.0569, 0.0786], [0.08, 0.0376, 0.0392, 0.0813, 0.6381, 0.046, 0.0778], [0.0574, 0.0913, 0.0837, 0.0291, 0.6622, 0.0293, 0.0469], [0.0552, 0.0404, 0.0388, 0.0189, 0.7499, 0.0398, 0.057], [0.0395, 0.0238, 0.0829, 0.0446, 0.7434, 0.0228, 0.0431], [0.0855, 0.0682, 0.0591, 0.0373, 0.5824, 0.0797, 0.0877], [0.0513, 0.0341, 0.0244, 0.0219, 0.7278, 0.0749, 0.0656]], "emotions": ["red", "red", "red", "red", "red", "red", "red", "red", "red", "red", "red", "red", "red", "red", "red", "red", "red", "red", "red", "red", "red", "red", "red", "red", "red", "red", "red", "red", "red", "red", "red", "red", "red", "red", "red", "red", "red", "red", "red", "red", "red", "red", "red", "red", "red", "red", "red", "red", "red", "red", "red", "red", "red", "red", "red", "red", "red", "red", "red", "red", "red", "red", "red", "red", "red", "red", "red", "red", "red", "red", "red", "red", "red", "red", "red", "red", "red", "red", "red", "red"], "timestamps": [0, 40, 80, 120, 160, 200, 240, 280, 320, 360, 400, 440, 480, 520, 560, 600, 640, 680, 720, 760, 800, 840, 880, 920, 960, 1000, 1040, 1080, 1120, 1160, 1200, 1240, 1280, 1320, 1360, 1400, 1440, 1480, 1520, 1560, 1600, 1640, 1680, 1720, 1760, 1800, 1840, 1880, 1920, 1960, 2000, 2040, 2080, 2120, 2160, 2200, 2240, 2280, 2320, 2360, 2400, 2440, 2480, 2520, 2560, 2600, 2640, 2680, 2720, 2760, 2800, 2840, 2880, 2920, 2960, 3000, 3040, 3080, 3120, 3160]}], "conversation": [], "conversation_timestamps": []}