{"agent_id": "agent-orange-1628", "type": "orange", "trips": [{"trip_id": 0, "transport_method": "foot", "start_time": 0, "path": [[1.5965824, 42.5658913], [1.5948462, 42.5649462], [1.5945942, 42.5651176], [1.5957971, 42.5653755], [1.5939147, 42.5646972], [1.5920423, 42.5640692], [1.5906093, 42.5630011], [1.5902421, 42.5610708], [1.5892818, 42.5593883], [1.5887186, 42.5575062], [1.5885433, 42.5555555], [1.5887032, 42.5535813], [1.5899082, 42.5521004], [1.5908773, 42.5505045], [1.5906497, 42.5485166], [1.5904221, 42.5465287], [1.5901945, 42.5445409], [1.5899669, 42.542553], [1.5897393, 42.5405651], [1.5895117, 42.5385772], [1.5896748, 42.5371716], [1.5914456, 42.5380845], [1.5918004, 42.5400105], [1.5917678, 42.5416608], [1.5916536, 42.5435837], [1.5913744, 42.5454657], [1.5917925, 42.5473893], [1.5914416, 42.5493462], [1.5908904, 42.5506494], [1.59064, 42.5486643], [1.5903895, 42.5466792], [1.590139, 42.5446941], [1.5898886, 42.5427089], [1.5896381, 42.5407238], [1.5893877, 42.5387387], [1.5891065, 42.5367677], [1.5879697, 42.5352226], [1.5879946, 42.535235], [1.5863622, 42.5342137], [1.5856574, 42.5337167], [1.5840968, 42.5324714], [1.5822995, 42.5316909], [1.5802998, 42.5317453], [1.5783004, 42.5317977], [1.57631, 42.5316081], [1.574479, 42.5309415], [1.5731979, 42.5297614], [1.5745608, 42.5311497], [1.5735852, 42.530121], [1.5718456, 42.5293574], [1.5701963, 42.5285262], [1.570371, 42.528573], [1.5707434, 42.5289877], [1.5690782, 42.5278785], [1.5675742, 42.5268819], [1.5689471, 42.5277069], [1.5672856, 42.526592], [1.56559, 42.5255422], [1.5637418, 42.5248686], [1.562092, 42.5238481], [1.5605511, 42.5225866], [1.5589282, 42.5214954], [1.5574681, 42.5201291], [1.5566203, 42.5191425], [1.5566145, 42.5192459], [1.5556287, 42.5181565], [1.5545508, 42.5175392], [1.5542183, 42.5174501], [1.5535704, 42.5165269], [1.5527249, 42.5147422], [1.5518526, 42.5132016], [1.5502417, 42.5120674], [1.5483357, 42.5114808], [1.5464923, 42.5108074], [1.5461819, 42.5098985], [1.5444387, 42.5093057], [1.5425048, 42.5088817], [1.5406941, 42.509462], [1.5391043, 42.5104633], [1.5377432, 42.5117066]], "mood_vectors": [[0.0424, 0.055, 0.0206, 0.0181, 0.7399, 0.06, 0.064], [0.0767, 0.0573, 0.0156, 0.0506, 0.7135, 0.0322, 0.054], [0.0446, 0.0322, 0.062, 0.0486, 0.7228, 0.0584, 0.0315], [0.0233, 0.0478, 0.0395, 0.018, 0.788, 0.0336, 0.0498], [0.061, 0.0848, 0.0584, 0.046, 0.5857, 0.086, 0.0781], [0.0757, 0.0765, 0.0264, 0.0675, 0.6692, 0.0433, 0.0414], [0.0332, 0.0578, 0.074, 0.0395, 0.6732, 0.058, 0.0643], [0.0391, 0.077, 0.0147, 0.069, 0.7117, 0.0238, 0.0647], [0.0617, 0.0541, 0.0234, 0.0491, 0.7204, 0.0406, 0.0506], [0.0237, 0.0275, 0.0612, 0.0595, 0.6969, 0.082, 0.0493], [0.0438, 0.0156, 0.0664, 0.0395, 0.7484, 0.0273, 0.0591], [0.0698, 0.0307, 0.0191, 0.0238, 0.721, 0.0918, 0.0438], [0.0586, 0.0456, 0.0513, 0.0471, 0.6731, 0.0497, 0.0746], [0.0163, 0.062, 0.0826, 0.0767, 0.6453, 0.0698, 0.0473], [0.0795, 0.0773, 0.0621, 0.0622, 0.5938, 0.0466, 0.0785], [0.0815, 0.0188, 0.0501, 0.0662, 0.6284, 0.08, 0.0751], [0.0661, 0.0426, 0.0611, 0.0243, 0.7576, 0.0293, 0.019], [0.0766, 0.0165, 0.019, 0.0352, 0.7928, 0.0441, 0.0158], [0.0202, 0.0373, 0.0502, 0.0197, 0.7714, 0.0786, 0.0227], [0.0423, 0.0649, 0.0367, 0.0366, 0.656, 0.0742, 0.0895], [0.0538, 0.0816, 0.0901, 0.0787, 0.607, 0.0551, 0.0337], [0.0908, 0.0178, 0.0231, 0.0706, 0.688, 0.0902, 0.0194], [0.0808, 0.0835, 0.0607, 0.065, 0.669, 0.013, 0.0278], [0.0767, 0.0117, 0.0534, 0.0395, 0.7663, 0.0352, 0.0173], [0.0396, 0.0474, 0.0576, 0.0624, 0.7115, 0.0377, 0.0437], [0.036, 0.0417, 0.0821, 0.0126, 0.7633, 0.0435, 0.0207], [0.027, 0.0172, 0.0578, 0.0661, 0.6928, 0.0728, 0.0663], [0.0305, 0.0467, 0.0867, 0.0162, 0.7199, 0.083, 0.0169], [0.0474, 0.0754, 0.0233, 0.0434, 0.7054, 0.0617, 0.0435], [0.0744, 0.0307, 0.0419, 0.0311, 0.6442, 0.0865, 0.0913], [0.052, 0.04, 0.0484, 0.0455, 0.7086, 0.0373, 0.0682], [0.0683, 0.0547, 0.0557, 0.0309, 0.693, 0.0699, 0.0275], [0.0384, 0.0704, 0.0905, 0.07, 0.6757, 0.035, 0.0199], [0.0557, 0.0319, 0.0391, 0.0838, 0.7088, 0.0393, 0.0415], [0.0694, 0.0736, 0.0756, 0.0184, 0.6873, 0.0152, 0.0605], [0.0901, 0.0555, 0.0192, 0.0919, 0.6929, 0.0151, 0.0353], [0.0726, 0.0568, 0.0401, 0.0298, 0.7513, 0.0277, 0.0216], [0.0532, 0.0599, 0.0221, 0.0578, 0.6804, 0.062, 0.0644], [0.0344, 0.0441, 0.0673, 0.0693, 0.6531, 0.0653, 0.0665], [0.0774, 0.0176, 0.0253, 0.0984, 0.671, 0.0835, 0.0268], [0.0168, 0.0226, 0.0537, 0.0964, 0.6774, 0.0354, 0.0977], [0.0441, 0.0673, 0.0466, 0.0482, 0.6425, 0.0714, 0.08], [0.0202, 0.0765, 0.0396, 0.0578, 0.7493, 0.0173, 0.0393], [0.0391, 0.0568, 0.0805, 0.0417, 0.6911, 0.0375, 0.0534], [0.0573, 0.012, 0.0741, 0.0215, 0.7524, 0.0495, 0.0331], [0.0532, 0.0293, 0.0537, 0.0711, 0.6969, 0.0232, 0.0726], [0.0618, 0.0614, 0.0566, 0.0617, 0.7099, 0.0137, 0.0349], [0.0438, 0.0286, 0.0215, 0.0553, 0.7576, 0.0498, 0.0433], [0.0538, 0.0587, 0.0119, 0.0469, 0.7409, 0.0273, 0.0604], [0.0507, 0.0372, 0.0815, 0.0791, 0.6428, 0.0379, 0.0708], [0.0686, 0.0303, 0.0737, 0.0869, 0.6415, 0.0195, 0.0794], [0.0321, 0.0516, 0.0587, 0.0553, 0.7282, 0.0265, 0.0477], [0.0735, 0.0568, 0.053, 0.0579, 0.6892, 0.0457, 0.0238], [0.0662, 0.0374, 0.0426, 0.0755, 0.6658, 0.0676, 0.045], [0.0603, 0.0174, 0.0379, 0.0359, 0.7673, 0.0667, 0.0145], [0.0341, 0.0319, 0.0308, 0.0871, 0.7445, 0.05, 0.0215], [0.0759, 0.0406, 0.0413, 0.024, 0.6544, 0.0766, 0.0872], [0.0714, 0.0647, 0.022, 0.0339, 0.684, 0.0534, 0.0706], [0.0551, 0.0738, 0.0756, 0.0476, 0.6391, 0.0194, 0.0894], [0.0852, 0.0731, 0.0306, 0.0504, 0.6553, 0.0692, 0.0361], [0.0638, 0.0598, 0.0458, 0.0667, 0.6867, 0.0477, 0.0294], [0.0295, 0.0536, 0.0329, 0.0931, 0.7128, 0.0248, 0.0533], [0.0456, 0.0438, 0.0523, 0.0649, 0.7127, 0.0377, 0.043], [0.0527, 0.0309, 0.027, 0.0692, 0.7233, 0.0256, 0.0712], [0.0548, 0.0225, 0.0539, 0.0743, 0.696, 0.0299, 0.0687], [0.0555, 0.029, 0.0825, 0.0615, 0.6858, 0.0673, 0.0184], [0.0607, 0.0755, 0.0598, 0.047, 0.645, 0.0289, 0.0831], [0.0538, 0.0397, 0.0242, 0.0749, 0.7047, 0.0233, 0.0793], [0.0614, 0.0546, 0.0774, 0.0588, 0.7058, 0.0207, 0.0213], [0.0696, 0.057, 0.057, 0.0635, 0.6581, 0.0528, 0.042], [0.0649, 0.0545, 0.0382, 0.0343, 0.6952, 0.0777, 0.0352], [0.0371, 0.0915, 0.0922, 0.0551, 0.6092, 0.0365, 0.0784], [0.0514, 0.0403, 0.0251, 0.0442, 0.7725, 0.0471, 0.0194], [0.0877, 0.0546, 0.0489, 0.0399, 0.6764, 0.0426, 0.0498], [0.0231, 0.023, 0.0523, 0.0464, 0.7401, 0.0664, 0.0487], [0.0455, 0.0226, 0.0814, 0.0662, 0.6704, 0.0773, 0.0367], [0.0317, 0.0769, 0.0573, 0.0267, 0.7061, 0.0817, 0.0196], [0.0675, 0.0553, 0.056, 0.0261, 0.7037, 0.0466, 0.0449], [0.0788, 0.0605, 0.0148, 0.0164, 0.7477, 0.0177, 0.0641], [0.0164, 0.0445, 0.0126, 0.0599, 0.792, 0.0482, 0.0263]], "emotions": ["red", "red", "red", "red", "red", "red", "red", "red", "red", "red", "red", "red", "red", "red", "red", "red", "red", "red", "red", "red", "red", "red", "red", "red", "red", "red", "red", "red", "red", "red", "red", "red", "red", "red", "red", "red", "red", "red", "red", "red", "red", "red", "red", "red", "red", "red", "red", "red", "red", "red", "red", "red", "red", "red", "red", "red", "red", "red", "red", "red", "red", "red", "red", "red", "red", "red", "red", "red", "red", "red", "red", "red", "red", "red", "red", "red", "red", "red", "red", "red"], "timestamps": [0, 40, 80, 120, 160, 200, 240, 280, 320, 360, 400, 440, 480, 520, 560, 600, 640, 680, 720, 760, 800, 840, 880, 920, 960, 1000, 1040, 1080, 1120, 1160, 1200, 1240, 1280, 1320, 1360, 1400, 1440, 1480, 1520, 1560, 1600, 1640, 1680, 1720, 1760, 1800, 1840, 1880, 1920, 1960, 2000, 2040, 2080, 2120, 2160, 2200, 2240, 2280, 2320, 2360, 2400, 2440, 2480, 2520, 2560, 2600, 2640, 2680, 2720, 2760, 2800, 2840, 2880, 2920, 2960, 3000, 3040, 3080, 3120, 3160]}], "conversation": [], "conversation_timestamps": []}