{"agent_id": "agent-green-787", "type": "green", "trips": [{"trip_id": 0, "transport_method": "car", "start_time": 0, "path": [[1.526254, 42.5516405], [1.5266202, 42.5509657], [1.5261246, 42.5502689], [1.5256964, 42.5495309], [1.5253592, 42.5487493], [1.5249849, 42.5480021], [1.5246684, 42.5472565], [1.5247614, 42.5464098], [1.5245487, 42.5460044], [1.5241063, 42.5452734], [1.5237555, 42.5445064], [1.5234069, 42.543734], [1.5232948, 42.543614], [1.5229619, 42.5428275], [1.5228479, 42.5419894], [1.5231538, 42.5412186], [1.5234972, 42.5406574], [1.5233119, 42.5403812], [1.5231674, 42.5395506], [1.5231337, 42.5387003], [1.5234782, 42.5380281], [1.5242283, 42.5376276], [1.5250637, 42.537602], [1.5250201, 42.5369966], [1.5244734, 42.5367176], [1.5236424, 42.5365396], [1.5230246, 42.5360903], [1.5224752, 42.5354377], [1.521922, 42.5347946], [1.5211693, 42.5344059], [1.5207708, 42.5336794], [1.5211265, 42.533047], [1.5212233, 42.532304], [1.5208978, 42.5315422], [1.5213024, 42.5307959], [1.5213555, 42.5301075], [1.5219575, 42.5295101], [1.5214921, 42.5289655], [1.5210421, 42.5282875], [1.5207034, 42.5275364], [1.520683, 42.5267182], [1.5207525, 42.5258659], [1.5207787, 42.5261127], [1.5206097, 42.5269203], [1.5206417, 42.5271523], [1.5206946, 42.5262989], [1.5207475, 42.5254455], [1.520677, 42.5246148], [1.5211075, 42.5238811], [1.5216458, 42.5232181], [1.5219522, 42.5224235], [1.5225462, 42.5218229], [1.5232156, 42.5212991], [1.5235514, 42.5205192], [1.5238322, 42.5197115], [1.5236917, 42.5203537], [1.5233619, 42.5210688], [1.5236779, 42.5202743], [1.5239939, 42.5194798], [1.5243465, 42.5187119], [1.5250501, 42.5182783], [1.5256769, 42.5177011], [1.5263473, 42.5172244], [1.5270977, 42.5168707], [1.5278463, 42.5164959], [1.5286022, 42.5161054], [1.52916, 42.5154634], [1.5297168, 42.5148352], [1.5303607, 42.5142819], [1.530316, 42.5134701], [1.5306818, 42.5127137], [1.5309236, 42.5119694], [1.5301788, 42.5115889], [1.5293548, 42.5113681], [1.5285076, 42.5112671], [1.5276996, 42.5109884], [1.5269959, 42.5106138], [1.5265464, 42.5100501], [1.5257724, 42.5097134], [1.5249431, 42.5097364]], "mood_vectors": [[0.0356, 0.0827, 0.0131, 0.0419, 0.0418, 0.0745, 0.7103], [0.0726, 0.0308, 0.012, 0.0305, 0.0279, 0.0338, 0.7923], [0.0701, 0.0736, 0.0908, 0.0214, 0.0509, 0.064, 0.6293], [0.0704, 0.0402, 0.0437, 0.0407, 0.0801, 0.0209, 0.7041], [0.0416, 0.054, 0.0274, 0.0819, 0.0399, 0.088, 0.6672], [0.0481, 0.0485, 0.0132, 0.0676, 0.0697, 0.0704, 0.6824], [0.0275, 0.0439, 0.0216, 0.0553, 0.0164, 0.0572, 0.7782], [0.0609, 0.0893, 0.0692, 0.031, 0.0423, 0.0528, 0.6545], [0.0286, 0.0292, 0.0834, 0.0682, 0.0309, 0.0264, 0.7333], [0.0139, 0.0233, 0.0435, 0.035, 0.0692, 0.0288, 0.7863], [0.0128, 0.0261, 0.078, 0.0801, 0.0397, 0.0312, 0.7321], [0.0646, 0.0474, 0.0567, 0.0303, 0.0788, 0.0568, 0.6654], [0.0274, 0.0269, 0.0566, 0.0318, 0.0515, 0.0666, 0.7392], [0.0357, 0.0372, 0.0396, 0.0396, 0.0687, 0.0559, 0.7233], [0.0472, 0.0719, 0.0333, 0.0311, 0.0761, 0.0563, 0.6841], [0.0615, 0.0488, 0.0214, 0.0784, 0.0614, 0.0426, 0.6858], [0.0499, 0.0544, 0.0174, 0.0721, 0.0743, 0.0561, 0.6757], [0.0694, 0.0226, 0.0288, 0.0972, 0.0602, 0.0373, 0.6844], [0.0732, 0.0459, 0.0503, 0.03, 0.0488, 0.0421, 0.7097], [0.0381, 0.041, 0.0464, 0.0442, 0.0258, 0.0284, 0.7761], [0.0774, 0.0561, 0.0602, 0.0439, 0.0833, 0.013, 0.666], [0.0583, 0.0485, 0.0484, 0.0485, 0.0364, 0.0732, 0.6866], [0.0329, 0.0306, 0.1022, 0.0556, 0.0566, 0.0307, 0.6915], [0.0615, 0.0818, 0.084, 0.0152, 0.085, 0.0462, 0.6263], [0.0525, 0.0442, 0.0591, 0.0529, 0.0296, 0.0242, 0.7376], [0.0564, 0.048, 0.035, 0.0217, 0.0672, 0.079, 0.6927], [0.0213, 0.0555, 0.0256, 0.0285, 0.0174, 0.0185, 0.8332], [0.015, 0.072, 0.0335, 0.0134, 0.0171, 0.0632, 0.7858], [0.0566, 0.0386, 0.0705, 0.0754, 0.019, 0.0152, 0.7248], [0.0276, 0.0699, 0.0332, 0.041, 0.0509, 0.0396, 0.7378], [0.03, 0.0797, 0.0448, 0.023, 0.0846, 0.0428, 0.6951], [0.0142, 0.0412, 0.0628, 0.0658, 0.0896, 0.0748, 0.6516], [0.0483, 0.0227, 0.0356, 0.0522, 0.0816, 0.0399, 0.7197], [0.0446, 0.069, 0.0162, 0.0621, 0.0369, 0.0282, 0.743], [0.0752, 0.0231, 0.0174, 0.0763, 0.042, 0.061, 0.7051], [0.0276, 0.0378, 0.0721, 0.0139, 0.0259, 0.0673, 0.7555], [0.0385, 0.0567, 0.0876, 0.083, 0.079, 0.0434, 0.6118], [0.0242, 0.0746, 0.0437, 0.0568, 0.0361, 0.0522, 0.7124], [0.0299, 0.0816, 0.0672, 0.039, 0.0476, 0.083, 0.6517], [0.0537, 0.0641, 0.0856, 0.0251, 0.1032, 0.0327, 0.6355], [0.0901, 0.017, 0.0813, 0.0393, 0.0827, 0.0716, 0.6181], [0.0588, 0.0177, 0.0614, 0.0625, 0.0156, 0.0319, 0.7521], [0.038, 0.0158, 0.0251, 0.0215, 0.0232, 0.0465, 0.8298], [0.0543, 0.0442, 0.0373, 0.0808, 0.0225, 0.044, 0.7169], [0.0541, 0.0813, 0.0635, 0.0418, 0.0375, 0.0363, 0.6855], [0.0734, 0.0294, 0.0189, 0.0209, 0.0624, 0.0559, 0.7391], [0.0701, 0.0569, 0.0726, 0.0203, 0.0272, 0.0368, 0.7161], [0.0657, 0.0511, 0.0533, 0.0299, 0.0574, 0.0508, 0.6917], [0.0122, 0.0364, 0.0592, 0.0691, 0.0502, 0.0707, 0.7022], [0.0567, 0.0696, 0.0805, 0.0776, 0.0729, 0.0688, 0.5738], [0.0887, 0.0598, 0.0806, 0.0405, 0.046, 0.0269, 0.6577], [0.0314, 0.0215, 0.0573, 0.0405, 0.0758, 0.057, 0.7165], [0.029, 0.0581, 0.0258, 0.049, 0.03, 0.0584, 0.7498], [0.0765, 0.0295, 0.0699, 0.031, 0.0648, 0.0265, 0.7018], [0.0494, 0.0886, 0.0251, 0.0861, 0.0464, 0.078, 0.6264], [0.0609, 0.0534, 0.021, 0.0545, 0.0375, 0.0838, 0.6889], [0.0743, 0.0335, 0.0589, 0.0145, 0.0272, 0.0354, 0.7563], [0.0244, 0.024, 0.0238, 0.0297, 0.063, 0.0402, 0.795], [0.0452, 0.0377, 0.0624, 0.0629, 0.0516, 0.0255, 0.7147], [0.067, 0.0212, 0.0559, 0.0717, 0.021, 0.0674, 0.6958], [0.0337, 0.0371, 0.0156, 0.0553, 0.0153, 0.0677, 0.7751], [0.0581, 0.0727, 0.045, 0.0353, 0.0472, 0.0268, 0.7148], [0.023, 0.0616, 0.0412, 0.0445, 0.0653, 0.0391, 0.7252], [0.0663, 0.0437, 0.0304, 0.0646, 0.022, 0.0366, 0.7363], [0.0816, 0.0371, 0.0814, 0.088, 0.0596, 0.0404, 0.612], [0.0562, 0.0682, 0.0664, 0.0484, 0.0107, 0.0472, 0.7028], [0.0439, 0.0841, 0.0377, 0.0193, 0.0273, 0.1073, 0.6805], [0.0464, 0.0575, 0.0313, 0.0707, 0.0529, 0.0188, 0.7223], [0.0191, 0.0491, 0.0465, 0.0579, 0.0535, 0.0291, 0.7447], [0.0597, 0.0222, 0.0274, 0.064, 0.069, 0.0796, 0.678], [0.0281, 0.081, 0.0464, 0.0707, 0.0155, 0.0605, 0.6978], [0.0449, 0.0304, 0.0303, 0.0409, 0.0337, 0.0554, 0.7645], [0.0426, 0.0705, 0.0748, 0.0736, 0.0389, 0.0655, 0.634], [0.0479, 0.041, 0.0854, 0.0851, 0.0724, 0.0831, 0.5851], [0.0542, 0.0436, 0.0547, 0.0809, 0.0677, 0.0338, 0.6651], [0.0255, 0.0423, 0.0431, 0.0502, 0.0895, 0.0164, 0.7329], [0.0367, 0.0539, 0.0695, 0.0571, 0.0148, 0.0671, 0.7009], [0.0321, 0.0752, 0.02, 0.0584, 0.0577, 0.0719, 0.6847], [0.0218, 0.0703, 0.0474, 0.0673, 0.0563, 0.0359, 0.701], [0.059, 0.0703, 0.0762, 0.05, 0.062, 0.0624, 0.6201]], "emotions": ["purple", "purple", "purple", "purple", "purple", "purple", "purple", "purple", "purple", "purple", "purple", "purple", "purple", "purple", "purple", "purple", "purple", "purple", "purple", "purple", "purple", "purple", "purple", "purple", "purple", "purple", "purple", "purple", "purple", "purple", "purple", "purple", "purple", "purple", "purple", "purple", "purple", "purple", "purple", "purple", "purple", "purple", "purple", "purple", "purple", "purple", "purple", "purple", "purple", "purple", "purple", "purple", "purple", "purple", "purple", "purple", "purple", "purple", "purple", "purple", "purple", "purple", "purple", "purple", "purple", "purple", "purple", "purple", "purple", "purple", "purple", "purple", "purple", "purple", "purple", "purple", "purple", "purple", "purple", "purple"], "timestamps": [0, 40, 80, 120, 160, 200, 240, 280, 320, 360, 400, 440, 480, 520, 560, 600, 640, 680, 720, 760, 800, 840, 880, 920, 960, 1000, 1040, 1080, 1120, 1160, 1200, 1240, 1280, 1320, 1360, 1400, 1440, 1480, 1520, 1560, 1600, 1640, 1680, 1720, 1760, 1800, 1840, 1880, 1920, 1960, 2000, 2040, 2080, 2120, 2160, 2200, 2240, 2280, 2320, 2360, 2400, 2440, 2480, 2520, 2560, 2600, 2640, 2680, 2720, 2760, 2800, 2840, 2880, 2920, 2960, 3000, 3040, 3080, 3120, 3160]}], "conversation": [], "conversation_timestamps": []}