{"agent_id": "agent-blue-1000", "type": "blue", "trips": [{"trip_id": 0, "transport_method": "bus", "start_time": 0, "path": [[1.539921, 42.5046118], [1.5407768, 42.5054012], [1.5419414, 42.5055941], [1.5430904, 42.505845], [1.5442265, 42.5061499], [1.5454048, 42.5061571], [1.5465546, 42.5059268], [1.546904, 42.505581], [1.5457355, 42.5054104], [1.5445671, 42.5052398], [1.5433986, 42.5050692], [1.5422301, 42.5048986], [1.5410616, 42.504728], [1.5398931, 42.5045574], [1.5391323, 42.504318], [1.5386546, 42.5051663], [1.5378733, 42.5055466], [1.5378811, 42.5056324], [1.5376203, 42.5056486], [1.5367817, 42.5061636], [1.5356885, 42.5064001], [1.5346691, 42.5063918], [1.5342142, 42.5072553], [1.5341086, 42.5084286], [1.5340477, 42.509251], [1.533568, 42.5102401], [1.5328054, 42.5111161], [1.5319299, 42.5119012], [1.5308823, 42.5124427], [1.5298061, 42.5129285], [1.5287229, 42.5133988], [1.5276453, 42.5138817], [1.5265829, 42.5143967], [1.5256151, 42.5150657], [1.5248343, 42.5159464], [1.5243289, 42.5170114], [1.5240783, 42.5181614], [1.5239006, 42.5193279], [1.5236374, 42.5204702], [1.5230437, 42.521477], [1.5221104, 42.522192], [1.5216212, 42.5232554], [1.5208919, 42.5241822], [1.5207461, 42.5252877], [1.5206563, 42.5264305], [1.5207093, 42.5275421], [1.5212021, 42.5285631], [1.5219983, 42.5293302], [1.5213243, 42.5302338], [1.5210602, 42.5311806], [1.5211879, 42.5322402], [1.5210416, 42.5332736], [1.5210246, 42.5341731], [1.5219629, 42.5348207], [1.5226967, 42.5357404], [1.5235041, 42.5364718], [1.5246416, 42.5367523], [1.525131, 42.5373383], [1.5242565, 42.5376133], [1.5232169, 42.5381552], [1.5231411, 42.5393173], [1.5233766, 42.5404443], [1.5233299, 42.5409615], [1.5228484, 42.5419914], [1.523079, 42.543133], [1.5235735, 42.5441951], [1.5240866, 42.545244], [1.5246691, 42.5462695], [1.5246678, 42.5474037], [1.5252585, 42.5483829], [1.5257174, 42.5494559], [1.5263288, 42.5504662], [1.5264201, 42.5506829], [1.5257782, 42.5496944], [1.5255067, 42.549263], [1.5258608, 42.5503896], [1.5262149, 42.5515161], [1.5266698, 42.5525631], [1.5272953, 42.5535222], [1.5279715, 42.5544416]], "mood_vectors": [[0.0596, 0.0716, 0.0159, 0.6847, 0.0576, 0.0466, 0.0639], [0.069, 0.0236, 0.0307, 0.716, 0.0564, 0.0812, 0.0232], [0.048, 0.0801, 0.0236, 0.7661, 0.0317, 0.0268, 0.0238], [0.0433, 0.0601, 0.0657, 0.6594, 0.0404, 0.0567, 0.0744], [0.0805, 0.0596, 0.0856, 0.5972, 0.0757, 0.0232, 0.0782], [0.0385, 0.0682, 0.0746, 0.6705, 0.0339, 0.0831, 0.0312], [0.0285, 0.0477, 0.0225, 0.6898, 0.0646, 0.0733, 0.0737], [0.0715, 0.0414, 0.0678, 0.6775, 0.0323, 0.0552, 0.0543], [0.0428, 0.0306, 0.023, 0.8023, 0.0387, 0.0256, 0.0371], [0.066, 0.0436, 0.048, 0.6052, 0.0712, 0.0888, 0.0773], [0.0277, 0.0412, 0.0248, 0.7901, 0.0202, 0.0357, 0.0604], [0.0221, 0.0282, 0.0737, 0.7318, 0.0566, 0.0269, 0.0606], [0.0535, 0.0768, 0.0516, 0.662, 0.0696, 0.0311, 0.0554], [0.0535, 0.0392, 0.0184, 0.7219, 0.0248, 0.0448, 0.0974], [0.0354, 0.0588, 0.0265, 0.7191, 0.0516, 0.0639, 0.0448], [0.07, 0.0574, 0.0541, 0.7209, 0.0291, 0.0214, 0.0471], [0.0999, 0.0659, 0.0273, 0.7095, 0.0216, 0.0324, 0.0433], [0.0188, 0.0428, 0.0261, 0.7262, 0.0746, 0.0342, 0.0774], [0.0126, 0.0828, 0.0652, 0.6701, 0.0461, 0.0545, 0.0687], [0.0213, 0.0693, 0.0504, 0.7116, 0.0843, 0.0425, 0.0206], [0.0361, 0.0454, 0.0729, 0.7168, 0.0201, 0.0581, 0.0505], [0.039, 0.0275, 0.034, 0.7481, 0.0535, 0.0291, 0.0687], [0.029, 0.0274, 0.0725, 0.7602, 0.0426, 0.0531, 0.0152], [0.0544, 0.0834, 0.0158, 0.7332, 0.0389, 0.0193, 0.055], [0.0308, 0.0351, 0.0784, 0.7201, 0.0513, 0.0405, 0.0438], [0.0318, 0.0156, 0.0428, 0.6981, 0.0617, 0.0766, 0.0733], [0.0792, 0.0535, 0.0209, 0.7704, 0.0422, 0.0204, 0.0134], [0.074, 0.0729, 0.0329, 0.6701, 0.0698, 0.0252, 0.0551], [0.06, 0.0569, 0.0133, 0.7693, 0.0313, 0.0498, 0.0194], [0.0507, 0.0305, 0.0834, 0.6976, 0.0293, 0.0176, 0.091], [0.0658, 0.0531, 0.0353, 0.6768, 0.0541, 0.065, 0.0499], [0.038, 0.0551, 0.0972, 0.6368, 0.0158, 0.0905, 0.0665], [0.0688, 0.0238, 0.0715, 0.7097, 0.0203, 0.0556, 0.0502], [0.056, 0.0436, 0.0281, 0.7619, 0.0241, 0.054, 0.0323], [0.0334, 0.0275, 0.0171, 0.7361, 0.0578, 0.0825, 0.0456], [0.0526, 0.0244, 0.0242, 0.7892, 0.0136, 0.0752, 0.0206], [0.0482, 0.0157, 0.0256, 0.767, 0.0728, 0.0208, 0.0499], [0.0317, 0.0137, 0.0789, 0.7315, 0.0306, 0.0725, 0.0412], [0.0516, 0.0902, 0.0843, 0.6457, 0.0158, 0.055, 0.0574], [0.0216, 0.0556, 0.0152, 0.8105, 0.0535, 0.0198, 0.0238], [0.0204, 0.0303, 0.0683, 0.7789, 0.0577, 0.0191, 0.0252], [0.031, 0.0646, 0.0653, 0.7194, 0.0723, 0.0265, 0.021], [0.0164, 0.0569, 0.0531, 0.6873, 0.0854, 0.0614, 0.0396], [0.0659, 0.0783, 0.0452, 0.6252, 0.0745, 0.0228, 0.0881], [0.0614, 0.0959, 0.0831, 0.6233, 0.0314, 0.0506, 0.0543], [0.0524, 0.0834, 0.0183, 0.7101, 0.0429, 0.0339, 0.059], [0.0497, 0.0866, 0.0876, 0.6562, 0.0248, 0.0674, 0.0278], [0.0423, 0.048, 0.0499, 0.6443, 0.076, 0.0617, 0.0778], [0.0609, 0.0249, 0.0516, 0.686, 0.0275, 0.0754, 0.0738], [0.0506, 0.0635, 0.0643, 0.6913, 0.0485, 0.0357, 0.0461], [0.0842, 0.076, 0.0485, 0.6922, 0.0605, 0.0166, 0.022], [0.0579, 0.0598, 0.0794, 0.6334, 0.0524, 0.0745, 0.0427], [0.0496, 0.0227, 0.0303, 0.6953, 0.098, 0.0331, 0.071], [0.0632, 0.0183, 0.0432, 0.6654, 0.0424, 0.0913, 0.0761], [0.0928, 0.0535, 0.0474, 0.6393, 0.0213, 0.0838, 0.0619], [0.0527, 0.0304, 0.0651, 0.7438, 0.0275, 0.0634, 0.0171], [0.0239, 0.0745, 0.031, 0.695, 0.0406, 0.0729, 0.0621], [0.0807, 0.0586, 0.0759, 0.6558, 0.0224, 0.0704, 0.0363], [0.0758, 0.0843, 0.0856, 0.6302, 0.0392, 0.0299, 0.055], [0.0611, 0.0767, 0.0804, 0.6337, 0.0389, 0.0768, 0.0323], [0.0266, 0.0622, 0.0252, 0.7409, 0.0529, 0.0287, 0.0634], [0.0934, 0.0518, 0.0609, 0.6793, 0.0358, 0.0308, 0.048], [0.0429, 0.0368, 0.0704, 0.7206, 0.0369, 0.0717, 0.0206], [0.0729, 0.0678, 0.0576, 0.656, 0.0463, 0.033, 0.0664], [0.0598, 0.0609, 0.0345, 0.7584, 0.037, 0.0238, 0.0256], [0.0292, 0.0737, 0.0188, 0.7158, 0.0501, 0.0257, 0.0867], [0.0332, 0.0597, 0.0228, 0.7576, 0.0794, 0.0254, 0.0219], [0.0241, 0.0832, 0.0802, 0.6837, 0.0793, 0.0269, 0.0226], [0.0566, 0.0595, 0.0292, 0.6745, 0.0766, 0.0718, 0.0318], [0.0165, 0.0522, 0.0499, 0.7611, 0.0192, 0.0289, 0.0722], [0.0205, 0.0669, 0.0503, 0.7013, 0.0511, 0.0638, 0.0463], [0.0562, 0.0507, 0.0525, 0.6667, 0.0701, 0.0375, 0.0663], [0.0896, 0.0182, 0.0513, 0.694, 0.0173, 0.083, 0.0465], [0.0461, 0.074, 0.0707, 0.6631, 0.0338, 0.0502, 0.0622], [0.0295, 0.0246, 0.092, 0.689, 0.0815, 0.0306, 0.0528], [0.0281, 0.0811, 0.0758, 0.6531, 0.0703, 0.0162, 0.0755], [0.0309, 0.0581, 0.0709, 0.7196, 0.0307, 0.0156, 0.0742], [0.0748, 0.0709, 0.0607, 0.715, 0.0476, 0.0138, 0.0172], [0.063, 0.0243, 0.0299, 0.7653, 0.0632, 0.0146, 0.0397], [0.024, 0.0388, 0.0555, 0.7166, 0.0492, 0.0546, 0.0614]], "emotions": ["green", "green", "green", "green", "green", "green", "green", "green", "green", "green", "green", "green", "green", "green", "green", "green", "green", "green", "green", "green", "green", "green", "green", "green", "green", "green", "green", "green", "green", "green", "green", "green", "green", "green", "green", "green", "green", "green", "green", "green", "green", "green", "green", "green", "green", "green", "green", "green", "green", "green", "green", "green", "green", "green", "green", "green", "green", "green", "green", "green", "green", "green", "green", "green", "green", "green", "green", "green", "green", "green", "green", "green", "green", "green", "green", "green", "green", "green", "green", "green"], "timestamps": [0, 40, 80, 120, 160, 200, 240, 280, 320, 360, 400, 440, 480, 520, 560, 600, 640, 680, 720, 760, 800, 840, 880, 920, 960, 1000, 1040, 1080, 1120, 1160, 1200, 1240, 1280, 1320, 1360, 1400, 1440, 1480, 1520, 1560, 1600, 1640, 1680, 1720, 1760, 1800, 1840, 1880, 1920, 1960, 2000, 2040, 2080, 2120, 2160, 2200, 2240, 2280, 2320, 2360, 2400, 2440, 2480, 2520, 2560, 2600, 2640, 2680, 2720, 2760, 2800, 2840, 2880, 2920, 2960, 3000, 3040, 3080, 3120, 3160]}], "conversation": [], "conversation_timestamps": []}