{"agent_id": "agent-blue-725", "type": "blue", "trips": [{"trip_id": 0, "transport_method": "foot", "start_time": 0, "path": [[1.7338354, 42.5437436], [1.7335634, 42.5461995], [1.7336149, 42.5470844], [1.7291279, 42.5447289], [1.7241665, 42.5437773], [1.719089, 42.5438559], [1.7140116, 42.5440105], [1.7089372, 42.5442263], [1.703874, 42.5446324], [1.6994627, 42.54679], [1.6959676, 42.5503624], [1.6922142, 42.5537302], [1.6887776, 42.5574582], [1.6871519, 42.5559956], [1.6826658, 42.5540344], [1.6832736, 42.5539151], [1.6839453, 42.5544304], [1.6797469, 42.5523368], [1.6801548, 42.5505664], [1.6830769, 42.5479227], [1.6841376, 42.5461044], [1.6828221, 42.5420354], [1.6783755, 42.5396642], [1.6738734, 42.538148], [1.6707458, 42.5393774], [1.6657111, 42.5393349], [1.6626624, 42.5375862], [1.6588959, 42.5404962], [1.6540479, 42.5419016], [1.6495753, 42.5422502], [1.6446859, 42.5412066], [1.639703, 42.5402192], [1.6367663, 42.5396217], [1.641435, 42.5411542], [1.6460254, 42.5418349], [1.6421566, 42.5407033], [1.6371741, 42.5397136], [1.6329622, 42.5390853], [1.6279536, 42.5387847], [1.6230922, 42.5378062], [1.6183829, 42.5359018], [1.620448, 42.5356739], [1.6253313, 42.5356022], [1.6240388, 42.5381892], [1.619327, 42.536291], [1.6171124, 42.5359262], [1.6168624, 42.5369401], [1.6118947, 42.5364561], [1.6068879, 42.5362277], [1.601826, 42.5366539], [1.6042175, 42.5370848], [1.607567, 42.5361635], [1.6025007, 42.5365335], [1.5974561, 42.5363405], [1.5930171, 42.5360962], [1.5896161, 42.5356125], [1.5945215, 42.5363761], [1.5907204, 42.5357671], [1.5880201, 42.535262], [1.5847529, 42.5330642], [1.5801073, 42.5317504], [1.575066, 42.5313521], [1.5748013, 42.5312407], [1.5706561, 42.5288713], [1.5703247, 42.5287088], [1.5689371, 42.5276647], [1.5649751, 42.525308], [1.5607674, 42.5227384], [1.5569484, 42.519534], [1.5556949, 42.5181902], [1.5542304, 42.5173195], [1.5518119, 42.5131797], [1.5472457, 42.5112059], [1.5442373, 42.5092972], [1.5395677, 42.5082996], [1.535758, 42.5077214], [1.5338461, 42.5069352], [1.5291997, 42.5054227], [1.5241769, 42.5049557], [1.5204597, 42.5044991]], "mood_vectors": [[0.0159, 0.0653, 0.0767, 0.6906, 0.0757, 0.0363, 0.0394], [0.0641, 0.0648, 0.0124, 0.7162, 0.0147, 0.0609, 0.067], [0.0409, 0.0437, 0.0602, 0.6855, 0.067, 0.046, 0.0566], [0.0285, 0.065, 0.0276, 0.7237, 0.0263, 0.0567, 0.0721], [0.0757, 0.0351, 0.0364, 0.7169, 0.0709, 0.0292, 0.0359], [0.0858, 0.0263, 0.032, 0.7581, 0.0255, 0.0307, 0.0417], [0.0222, 0.0174, 0.0498, 0.7803, 0.0592, 0.0477, 0.0233], [0.0602, 0.0584, 0.0399, 0.6969, 0.0412, 0.0645, 0.0388], [0.0279, 0.0915, 0.0713, 0.6423, 0.0302, 0.0698, 0.0671], [0.0864, 0.0711, 0.0406, 0.5948, 0.0943, 0.025, 0.0877], [0.0411, 0.0841, 0.0316, 0.6259, 0.054, 0.0802, 0.0832], [0.0536, 0.0376, 0.0177, 0.7453, 0.0634, 0.0343, 0.0481], [0.0871, 0.0627, 0.0728, 0.6365, 0.0663, 0.0256, 0.049], [0.0718, 0.0867, 0.0255, 0.6476, 0.0674, 0.0597, 0.0413], [0.0195, 0.0621, 0.0909, 0.6781, 0.0205, 0.047, 0.0818], [0.1002, 0.0754, 0.02, 0.7023, 0.058, 0.0189, 0.0252], [0.0591, 0.0411, 0.0597, 0.7308, 0.0346, 0.0151, 0.0595], [0.031, 0.0644, 0.0298, 0.6856, 0.0832, 0.0258, 0.0801], [0.042, 0.0347, 0.0319, 0.7559, 0.0419, 0.0387, 0.055], [0.0751, 0.0289, 0.0558, 0.7245, 0.0484, 0.0447, 0.0227], [0.0439, 0.0298, 0.0519, 0.7598, 0.0226, 0.0772, 0.0147], [0.0226, 0.0552, 0.0702, 0.6818, 0.042, 0.0903, 0.0379], [0.0259, 0.0342, 0.0612, 0.6904, 0.0872, 0.0567, 0.0444], [0.0636, 0.0465, 0.0627, 0.7178, 0.0335, 0.0411, 0.0349], [0.0394, 0.0768, 0.0437, 0.6871, 0.0386, 0.0562, 0.0583], [0.0355, 0.0631, 0.0433, 0.7151, 0.0116, 0.0606, 0.0708], [0.0586, 0.0743, 0.0381, 0.7038, 0.0396, 0.0386, 0.047], [0.0277, 0.0534, 0.0649, 0.7801, 0.0231, 0.0198, 0.031], [0.0184, 0.0234, 0.0573, 0.7466, 0.0776, 0.021, 0.0556], [0.0814, 0.0448, 0.0791, 0.7217, 0.015, 0.027, 0.0309], [0.0752, 0.0228, 0.046, 0.6918, 0.0617, 0.0368, 0.0657], [0.0397, 0.0537, 0.0375, 0.6847, 0.08, 0.0826, 0.0219], [0.0529, 0.0499, 0.0424, 0.7516, 0.0258, 0.0663, 0.0111], [0.0787, 0.0712, 0.0288, 0.6922, 0.0192, 0.0701, 0.0397], [0.0179, 0.0205, 0.0872, 0.6498, 0.0777, 0.0577, 0.0891], [0.0946, 0.0173, 0.0339, 0.7332, 0.0245, 0.0589, 0.0376], [0.0539, 0.0616, 0.0788, 0.6871, 0.0274, 0.0116, 0.0795], [0.0438, 0.0574, 0.0559, 0.6461, 0.0872, 0.0693, 0.0403], [0.0625, 0.0795, 0.0535, 0.6881, 0.0217, 0.052, 0.0426], [0.0735, 0.0779, 0.0226, 0.7012, 0.0779, 0.0301, 0.0168], [0.0307, 0.067, 0.0719, 0.7689, 0.0239, 0.0215, 0.0162], [0.0175, 0.0506, 0.0587, 0.7583, 0.017, 0.069, 0.0288], [0.0644, 0.0139, 0.0221, 0.7259, 0.0438, 0.0555, 0.0745], [0.069, 0.0172, 0.0879, 0.6754, 0.0269, 0.0872, 0.0363], [0.066, 0.0685, 0.0695, 0.657, 0.0224, 0.0599, 0.0566], [0.0606, 0.0854, 0.048, 0.7092, 0.0272, 0.0422, 0.0273], [0.0368, 0.0331, 0.0659, 0.7084, 0.0452, 0.0796, 0.031], [0.0623, 0.0681, 0.0683, 0.6997, 0.0514, 0.0302, 0.0199], [0.0418, 0.0266, 0.0795, 0.6443, 0.0741, 0.0825, 0.0511], [0.0381, 0.0229, 0.0339, 0.7848, 0.0418, 0.0401, 0.0384], [0.0601, 0.0119, 0.0539, 0.7481, 0.0271, 0.0329, 0.0661], [0.0163, 0.0788, 0.0368, 0.7564, 0.0134, 0.0407, 0.0577], [0.1018, 0.0708, 0.0356, 0.6925, 0.0234, 0.0363, 0.0397], [0.0175, 0.0655, 0.0697, 0.7308, 0.0448, 0.0412, 0.0304], [0.0231, 0.0248, 0.0198, 0.8145, 0.0468, 0.0515, 0.0194], [0.0693, 0.0642, 0.0127, 0.7311, 0.0157, 0.0606, 0.0464], [0.0678, 0.0694, 0.0398, 0.7196, 0.0371, 0.0459, 0.0204], [0.0807, 0.0809, 0.0696, 0.6252, 0.0257, 0.0484, 0.0696], [0.0279, 0.0191, 0.0986, 0.6957, 0.041, 0.0503, 0.0674], [0.0739, 0.0857, 0.0948, 0.6574, 0.0457, 0.0155, 0.0271], [0.0331, 0.0433, 0.0379, 0.6939, 0.0528, 0.0755, 0.0636], [0.0484, 0.0676, 0.0294, 0.724, 0.0463, 0.0288, 0.0556], [0.0659, 0.0158, 0.0845, 0.6635, 0.0498, 0.0383, 0.0823], [0.0597, 0.063, 0.0303, 0.6942, 0.0551, 0.0384, 0.0593], [0.019, 0.0303, 0.0617, 0.7311, 0.0833, 0.0248, 0.0499], [0.06, 0.0724, 0.0665, 0.6608, 0.0753, 0.0169, 0.0481], [0.0688, 0.0758, 0.061, 0.6381, 0.06, 0.0533, 0.043], [0.0332, 0.0695, 0.0497, 0.7405, 0.0516, 0.0432, 0.0123], [0.0284, 0.0931, 0.017, 0.7238, 0.0321, 0.0863, 0.0192], [0.0425, 0.0872, 0.0213, 0.717, 0.0565, 0.0333, 0.0422], [0.0341, 0.056, 0.025, 0.7749, 0.0784, 0.0136, 0.018], [0.0608, 0.0315, 0.0708, 0.6977, 0.0391, 0.0612, 0.0389], [0.0355, 0.0421, 0.0137, 0.7301, 0.0323, 0.0872, 0.0592], [0.0546, 0.0299, 0.061, 0.7317, 0.0369, 0.0615, 0.0245], [0.0626, 0.0317, 0.0296, 0.7025, 0.025, 0.0812, 0.0674], [0.0216, 0.042, 0.0565, 0.755, 0.0142, 0.0464, 0.0642], [0.0885, 0.0844, 0.0202, 0.6999, 0.0633, 0.0229, 0.0207], [0.0369, 0.0585, 0.0194, 0.7473, 0.0656, 0.0251, 0.0473], [0.0383, 0.0915, 0.085, 0.6482, 0.0386, 0.0193, 0.0791], [0.0491, 0.0858, 0.066, 0.6714, 0.0359, 0.0453, 0.0465]], "emotions": ["green", "green", "green", "green", "green", "green", "green", "green", "green", "green", "green", "green", "green", "green", "green", "green", "green", "green", "green", "green", "green", "green", "green", "green", "green", "green", "green", "green", "green", "green", "green", "green", "green", "green", "green", "green", "green", "green", "green", "green", "green", "green", "green", "green", "green", "green", "green", "green", "green", "green", "green", "green", "green", "green", "green", "green", "green", "green", "green", "green", "green", "green", "green", "green", "green", "green", "green", "green", "green", "green", "green", "green", "green", "green", "green", "green", "green", "green", "green", "green"], "timestamps": [0, 40, 80, 120, 160, 200, 240, 280, 320, 360, 400, 440, 480, 520, 560, 600, 640, 680, 720, 760, 800, 840, 880, 920, 960, 1000, 1040, 1080, 1120, 1160, 1200, 1240, 1280, 1320, 1360, 1400, 1440, 1480, 1520, 1560, 1600, 1640, 1680, 1720, 1760, 1800, 1840, 1880, 1920, 1960, 2000, 2040, 2080, 2120, 2160, 2200, 2240, 2280, 2320, 2360, 2400, 2440, 2480, 2520, 2560, 2600, 2640, 2680, 2720, 2760, 2800, 2840, 2880, 2920, 2960, 3000, 3040, 3080, 3120, 3160]}], "conversation": [], "conversation_timestamps": []}