{
  "agent_id": "agent-type-purple-68",
  "type": "purple",
  "trips": [
    {
      "trip_id": 0,
      "transport_method": "car",
      "start_time": 0,
      "path": [
        [
          1.5193098,
          42.5074885
        ],
        [
          1.5201172410622168,
          42.5075737089835
        ],
        [
          1.5197695014578874,
          42.50717686496181
        ],
        [
          1.5193286312940317,
          42.50672455724038
        ],
        [
          1.5193145610603738,
          42.506250501011976
        ],
        [
          1.5186100558131645,
          42.506133193345924
        ],
        [
          1.5185223032474677,
          42.50554078980916
        ],
        [
          1.5193331387471143,
          42.50560188400036
        ],
        [
          1.5201440531308836,
          42.50578961803442
        ],
        [
          1.5209245467316195,
          42.50594940924604
        ],
        [
          1.52171568367679,
          42.5061574658642
        ],
        [
          1.522385888914149,
          42.50647523872336
        ],
        [
          1.5231971772812851,
          42.506661349955415
        ],
        [
          1.5234361866467399,
          42.50654810308577
        ],
        [
          1.5237815728400457,
          42.505790782425265
        ],
        [
          1.5237468409666493,
          42.50586693823523
        ],
        [
          1.5233940537968123,
          42.50660878577198
        ],
        [
          1.5225967482667002,
          42.50637159557052
        ],
        [
          1.5218339012018223,
          42.506145986311374
        ],
        [
          1.5219306884205914,
          42.505364840148665
        ],
        [
          1.5222639567057226,
          42.50466140987778
        ],
        [
          1.5229281429279684,
          42.5046263215668
        ],
        [
          1.5237483086379333,
          42.50476557667033
        ],
        [
          1.5245302462315324,
          42.50483532138337
        ],
        [
          1.5252555731486181,
          42.50477087426259
        ],
        [
          1.5260083216812543,
          42.50480765065878
        ],
        [
          1.526622001476693,
          42.50510293360189
        ],
        [
          1.5274488596403113,
          42.505193944991674
        ],
        [
          1.5281358127821894,
          42.50537671942416
        ],
        [
          1.5278648383621085,
          42.50555225107587
        ],
        [
          1.5270564514787184,
          42.505361313407754
        ],
        [
          1.526234038208412,
          42.505233006673045
        ],
        [
          1.5266806651218572,
          42.505302686045894
        ],
        [
          1.5274999235204965,
          42.505445061002014
        ],
        [
          1.5282521524730377,
          42.50558444360092
        ],
        [
          1.527829016508286,
          42.50519345868598
        ],
        [
          1.5269990493118835,
          42.505152808280236
        ],
        [
          1.5263787916248164,
          42.5048916938715
        ],
        [
          1.5255640289979995,
          42.50472437505359
        ],
        [
          1.5249076456021589,
          42.504882462327494
        ],
        [
          1.5240824885705015,
          42.50477444876768
        ],
        [
          1.5233046254282618,
          42.504679112664704
        ],
        [
          1.5224794942047821,
          42.504571138943675
        ],
        [
          1.5220281987257573,
          42.5049972203805
        ],
        [
          1.521817347667317,
          42.50580242538745
        ],
        [
          1.5221842464338675,
          42.50636055435764
        ],
        [
          1.522993927177618,
          42.50655353958647
        ],
        [
          1.523456028067473,
          42.506663565868315
        ],
        [
          1.5226463216529884,
          42.506470688744045
        ],
        [
          1.5218345138746445,
          42.50631343252299
        ],
        [
          1.5220769575838868,
          42.506866426921455
        ],
        [
          1.5225357659528878,
          42.5075186001149
        ],
        [
          1.5232449841545235,
          42.50782705022919
        ],
        [
          1.523292310254162,
          42.50840554310551
        ],
        [
          1.522734243814346,
          42.508872310167945
        ],
        [
          1.5225714192773707,
          42.50936151380777
        ],
        [
          1.5233713000000002,
          42.5095871
        ]
      ],
      "emotions": [
        "purple",
        "purple",
        "purple",
        "purple",
        "purple",
        "purple",
        "purple",
        "purple",
        "purple",
        "purple",
        "red",
        "red",
        "red",
        "red",
        "red",
        "green",
        "green",
        "green",
        "green",
        "green",
        "green",
        "green",
        "green",
        "green",
        "green",
        "purple",
        "purple",
        "purple",
        "purple",
        "purple",
        "purple",
        "purple",
        "purple",
        "purple",
        "purple",
        "red",
        "red",
        "red",
        "red",
        "red",
        "purple",
        "purple",
        "purple",
        "purple",
        "purple",
        "purple",
        "purple",
        "purple",
        "purple",
        "purple",
        "purple",
        "purple",
        "purple",
        "purple",
        "purple",
        "red",
        "red"
      ],
      "mood_vectors": [
        [
          0.09843168909996741,
          0.2214547929432685,
          0.36952616396051624,
          0.13470275781343974,
          0.021626400360596553,
          0.014129571433338085,
          0.14012862438887347
        ],
        [
          0.16253221795990053,
          0.24181391271797884,
          0.05809895181483129,
          0.23888788778376993,
          0.1307056287462283,
          0.10323579478416324,
          0.06472560619312778
        ],
        [
          0.1732942641624304,
          0.19816356823799064,
          0.06492295619938725,
          0.03307188761591799,
          0.22137029370275027,
          0.09930029393470843,
          0.209876736146815
        ],
        [
          0.17402253325320288,
          0.010053260214846054,
          0.2513928787440009,
          0.12714973912023386,
          0.2748448615203423,
          0.08699819333137043,
          0.07553853381600348
        ],
        [
          0.2587823147072507,
          0.15136532529829674,
          0.23792033031018878,
          0.04626910164531748,
          0.05833129839854016,
          0.01639583733024349,
          0.23093579231016262
        ],
        [
          0.10483889385810785,
          0.12323399970194462,
          0.15999022076908648,
          0.020068582671150064,
          0.2068429788097659,
          0.2734346550584659,
          0.11159066913147916
        ],
        [
          0.17523797887649642,
          0.025990557910130017,
          0.18532491405763865,
          0.02218904208167631,
          0.10594299331327206,
          0.23664642004450392,
          0.24866809371628268
        ],
        [
          0.15019234775229043,
          0.1779772791435867,
          0.06401885277785319,
          0.18390568102263194,
          0.19913298318826428,
          0.024599260127719944,
          0.2001735959876536
        ],
        [
          0.15787544745875673,
          0.06103449562955762,
          0.17866371973144773,
          0.18519956574199833,
          0.156866145252022,
          0.23327177587218417,
          0.027088850314033366
        ],
        [
          0.18385623438891663,
          0.1610396515106242,
          0.06618984795194047,
          0.01997533908993367,
          0.13833844506338722,
          0.23946251618992573,
          0.191137965805272
        ],
        [
          0.015422505502472683,
          0.25535617004855315,
          0.03347875920058898,
          0.2412345650314099,
          0.17277878603273328,
          0.047664556777969415,
          0.2340646574062726
        ],
        [
          0.012539423443709402,
          0.08137505582267755,
          0.10756974356431619,
          0.20789083221240154,
          0.307579349261288,
          0.14096815877706056,
          0.14207743691854682
        ],
        [
          0.14657893003244088,
          0.2336238215916314,
          0.09864723307539279,
          0.051396225790019644,
          0.11525647930873104,
          0.08164574829629113,
          0.27285156190549315
        ],
        [
          0.010988592840325592,
          0.15552743733471577,
          0.17039622744316216,
          0.20341380341814885,
          0.20354724288982334,
          0.16536215419871417,
          0.09076454187511013
        ],
        [
          0.12319196515726039,
          0.1386072150819249,
          0.15139194573503575,
          0.10487283680042239,
          0.029780739728722534,
          0.24500082217400515,
          0.20715447532262893
        ],
        [
          0.09730429100604737,
          0.10847910632463846,
          0.1795895357028284,
          0.13057327787492323,
          0.22096016521099146,
          0.115000344904451,
          0.14809327897612
        ],
        [
          0.2405713219643592,
          0.046181710547599744,
          0.016526129179274533,
          0.10001990948040496,
          0.12711393256869966,
          0.020251639270871365,
          0.44933535698879057
        ],
        [
          0.1716673101954228,
          0.10243601937773136,
          0.14858589588716817,
          0.21428362864274575,
          0.17048322986247924,
          0.03728717985538891,
          0.1552567361790638
        ],
        [
          0.22855027226522484,
          0.1108225864344871,
          0.05040427504449136,
          0.03845122993906991,
          0.19768319747926566,
          0.13464310567305673,
          0.23944533316440436
        ],
        [
          0.14815368193896367,
          0.11626770904611955,
          0.15725505565439607,
          0.10531936222618127,
          0.1334034950104085,
          0.12856297795846242,
          0.2110377181654686
        ],
        [
          0.19801662930547723,
          0.0926204111507817,
          0.20022088063585464,
          0.15699895810400064,
          0.20995073623320176,
          0.04466747947974973,
          0.09752490509093426
        ],
        [
          0.09623394056211015,
          0.17390997489871077,
          0.17431414337802106,
          0.17259453773467473,
          0.04242282099599528,
          0.1775311046250992,
          0.16299347780538875
        ],
        [
          0.19722996875442522,
          0.1344502367330002,
          0.012323400803404482,
          0.15115667829934246,
          0.11196951224316146,
          0.2059674540475064,
          0.18690274911915977
        ],
        [
          0.1281983839410295,
          0.1711712011037796,
          0.27382855424412833,
          0.07071875319847078,
          0.0505072506663134,
          0.22018975665168233,
          0.08538610019459601
        ],
        [
          0.1694675707491213,
          0.06065493511286267,
          0.17433377522665244,
          0.10770729123509996,
          0.21469556741480333,
          0.23937562350579844,
          0.0337652367556619
        ],
        [
          0.18853383951583488,
          0.17144366242055448,
          0.041978576608251904,
          0.055713593253209015,
          0.22297163208872955,
          0.04517959212093354,
          0.2741791039924867
        ],
        [
          0.20124101076994716,
          0.01355578408341694,
          0.13960315817310404,
          0.11283853892975644,
          0.21792641132191395,
          0.012437233408618268,
          0.3023978633132432
        ],
        [
          0.20296087798716628,
          0.27023933015556095,
          0.03584585128071694,
          0.26441444638268946,
          0.035790535475402806,
          0.0005064251069838294,
          0.19024253361147966
        ],
        [
          0.15690991560179385,
          0.12263279479183453,
          0.10203654858493126,
          0.20489892952365857,
          0.21041918526728437,
          0.022097525765923463,
          0.18100510046457388
        ],
        [
          0.2502154832954879,
          0.051742040524543495,
          0.08829334374363475,
          0.05657600987010685,
          0.37639346909822347,
          0.10630311006878614,
          0.07047654339921745
        ],
        [
          0.05383433032556174,
          0.24544568417824708,
          0.1618093216171815,
          0.16893499328151976,
          0.048061046789524844,
          0.17341768679484565,
          0.14849693701311947
        ],
        [
          0.1291077196388783,
          0.16710175661916127,
          0.17449738983937754,
          0.1346571768296359,
          0.08819179898006763,
          0.1728343741316174,
          0.13360978396126189
        ],
        [
          0.0018462573528523353,
          0.28200029489052647,
          0.011732678065149858,
          0.2545123899586474,
          0.17243248496225033,
          0.1308185834367337,
          0.14665731133384
        ],
        [
          0.2166953638044785,
          0.14555029773896933,
          0.17189484910579128,
          0.03827683251373939,
          0.17883302192276893,
          0.10627351518492026,
          0.1424761197293323
        ],
        [
          0.10776262985834258,
          0.16206496265366718,
          0.18283720848361731,
          0.2189235609844396,
          0.016977122907803448,
          0.23386496223315087,
          0.07756955287897903
        ],
        [
          0.19341134749094543,
          0.2980097706925802,
          0.022891445408408026,
          0.05299904652607243,
          0.1450340298335546,
          0.2146517269200736,
          0.07300263312836577
        ],
        [
          0.06614558041395742,
          0.2146175854859562,
          0.1873070621805251,
          0.17404836138366878,
          0.19491836161368425,
          0.1058625944650017,
          0.057100454457206545
        ],
        [
          0.2627949252276965,
          0.04328611576757271,
          0.1210785431033982,
          0.05827147787174476,
          0.29853300030158075,
          0.16205298803526952,
          0.05398294969273755
        ],
        [
          0.027435097146013127,
          0.21962966957524757,
          0.22354767537253747,
          0.20972770989540473,
          0.04254398671055992,
          0.11752936370805422,
          0.15958649759218305
        ],
        [
          0.18129269665563405,
          0.2579924293006793,
          0.23296852552683392,
          0.10121973070009632,
          0.025780701987853597,
          0.0914716925344787,
          0.10927422329442411
        ],
        [
          0.016984454516920336,
          0.21382050499826635,
          0.16085124367336873,
          0.07817711542088852,
          0.22254893514428575,
          0.14764137300571314,
          0.1599763732405571
        ],
        [
          0.045878817947575916,
          0.004426956075027536,
          0.23188512377912568,
          0.28616560271093866,
          0.11091547447168847,
          0.1619589370515967,
          0.15876908796404696
        ],
        [
          0.16052383538094236,
          0.20302700335246857,
          0.024899388746883168,
          0.040195345630356455,
          0.2586619262223194,
          0.15898048103164308,
          0.15371201963538694
        ],
        [
          0.2042070395773,
          0.180658173985469,
          0.145091382314844,
          0.006618087896648363,
          0.19975683334070354,
          0.1393258734594945,
          0.12434260942554064
        ],
        [
          0.12777204798209157,
          0.24918512802947126,
          0.046114044307748514,
          0.24131792764579396,
          0.09759452259306713,
          0.0020840669769704423,
          0.23593226246485707
        ],
        [
          0.005632813270208857,
          0.02130348105660523,
          0.1980632295300608,
          0.22683770797302688,
          0.20795359497322077,
          0.23096411717784027,
          0.10924505601903708
        ],
        [
          0.17615528513519413,
          0.08778078720896354,
          0.18805820951425148,
          0.19462898348340785,
          0.054268066389420215,
          0.1824488149917786,
          0.11665985327698429
        ],
        [
          0.14538138081068214,
          0.12998883272140274,
          0.20119116900030923,
          0.015465902961313298,
          0.0002707923734045415,
          0.2816749890581099,
          0.2260269330747781
        ],
        [
          0.17470341331135167,
          0.001915719551407165,
          0.14981825388309605,
          0.03895160646959988,
          0.25182775680963077,
          0.15089251775306062,
          0.2318907322218538
        ],
        [
          0.1941042698527442,
          0.14624349878925383,
          0.16585988419360936,
          0.04435086727744173,
          0.2454395164778324,
          0.14478764763761934,
          0.059214315771499125
        ],
        [
          0.2053939426691201,
          0.013513405145685064,
          0.24804617796578124,
          0.12020845830915504,
          0.25444165506014,
          0.04141853519133098,
          0.11697782565878762
        ],
        [
          0.06595946686062443,
          0.24116490700842025,
          0.09862939917021137,
          0.15902949504906605,
          0.18783900363908157,
          0.15597214542798685,
          0.0914055828446095
        ],
        [
          0.25826535598527556,
          0.2579453319790447,
          0.01392214163413976,
          0.06890042557072754,
          0.12130473470425329,
          0.11228763216280231,
          0.16737437796375684
        ],
        [
          0.028060209523526614,
          0.31452654648606354,
          0.048947419175893306,
          0.20801168364621972,
          0.19146628945261035,
          0.10666444131539154,
          0.10232341040029487
        ],
        [
          0.10349046310584496,
          0.2089176982127418,
          0.16886513859588692,
          0.08635805516095077,
          0.21078358498440652,
          0.07400886368340891,
          0.1475761962567601
        ],
        [
          0.12608194276192095,
          0.23696766146899137,
          0.18139722705465802,
          0.09479767583006035,
          0.174933076892425,
          0.038445829397697986,
          0.14737658659424635
        ],
        [
          0.00380438092667389,
          0.1893009171939313,
          0.02122092593267814,
          0.05727496778600084,
          0.24729570692940997,
          0.26344181324144356,
          0.21766128798986223
        ]
      ],
      "timestamps": [
        0,
        1,
        2,
        3,
        4,
        5,
        6,
        7,
        8,
        9,
        10,
        11,
        12,
        13,
        14,
        15,
        16,
        17,
        18,
        19,
        20,
        21,
        22,
        23,
        24,
        25,
        26,
        27,
        28,
        29,
        30,
        31,
        32,
        33,
        34,
        35,
        36,
        37,
        38,
        39,
        40,
        41,
        42,
        43,
        44,
        45,
        46,
        47,
        48,
        49,
        50,
        51,
        52,
        53,
        54,
        55,
        56
      ],
      "distance": 969.4
    },
    {
      "trip_id": 1,
      "transport_method": "stopped",
      "start_time": 57,
      "path": [
        [
          1.5233713000000002,
          42.5095871
        ],
        [
          1.5233713000000002,
          42.5095871
        ],
        [
          1.5233713000000002,
          42.5095871
        ],
        [
          1.5233713000000002,
          42.5095871
        ],
        [
          1.5233713000000002,
          42.5095871
        ],
        [
          1.5233713000000002,
          42.5095871
        ],
        [
          1.5233713000000002,
          42.5095871
        ],
        [
          1.5233713000000002,
          42.5095871
        ],
        [
          1.5233713000000002,
          42.5095871
        ]
      ],
      "emotions": [
        "red",
        "red",
        "red",
        "red",
        "red",
        "red",
        "red",
        "red",
        "purple"
      ],
      "mood_vectors": [
        [
          0.06081601020784969,
          0.165454349187028,
          0.025001434369358175,
          0.22203605657863076,
          0.24843648233051102,
          0.10345618793193675,
          0.17479947939468557
        ],
        [
          0.11974250611949531,
          0.1612971989743078,
          0.22897565771611758,
          0.11884266174455876,
          0.2148745281141441,
          0.12659949755412786,
          0.029667949777248688
        ],
        [
          0.031027027916609398,
          0.03376488012108185,
          0.2150358845427302,
          0.4959622768642101,
          0.03750150511855596,
          0.08733578242693987,
          0.09937264300987259
        ],
        [
          0.08733756806093869,
          0.20244602832187727,
          0.31133646150996397,
          0.23253424277553433,
          0.1185706179864748,
          0.034649344083580495,
          0.013125737261630434
        ],
        [
          0.13592095595838707,
          0.08551660009487821,
          0.2942983671353299,
          0.10533876553941646,
          0.2047407924222679,
          0.04861493721359886,
          0.12556958163612167
        ],
        [
          0.32012962165369485,
          0.05886588921044102,
          0.09295002758745292,
          0.26976014462731934,
          0.026269490568899597,
          0.07287809209259796,
          0.1591467342595944
        ],
        [
          0.254218041328706,
          0.07295358421424575,
          0.051303044909432126,
          0.11300290578305407,
          0.22301954764520093,
          0.09472611483847573,
          0.1907767612808854
        ],
        [
          0.09781929675711754,
          0.24124972877470413,
          0.01796361143251083,
          0.025503221423271438,
          0.2021157641445853,
          0.2491756769561845,
          0.16617270051162628
        ],
        [
          0.11128150946985428,
          0.20260241791267514,
          0.11004715610357443,
          0.06459803412921002,
          0.22795823437255305,
          0.07516856410189371,
          0.20834408391023934
        ]
      ],
      "timestamps": [
        57,
        58,
        59,
        60,
        61,
        62,
        63,
        64,
        65
      ]
    },
    {
      "trip_id": 2,
      "transport_method": "car",
      "start_time": 66,
      "path": [
        [
          1.5237259000000005,
          42.508950799999994
        ],
        [
          1.523553791130306,
          42.508549452466426
        ],
        [
          1.523029616650732,
          42.508044298073706
        ],
        [
          1.5234999142240675,
          42.50779124089551
        ],
        [
          1.5227116901643036,
          42.507646338939836
        ],
        [
          1.5222611012207836,
          42.50705837176078
        ],
        [
          1.5217049125240887,
          42.506478620259074
        ],
        [
          1.5223312398816589,
          42.5063955898508
        ],
        [
          1.5231127516833884,
          42.50658186108802
        ],
        [
          1.523894569604204,
          42.50676683982012
        ],
        [
          1.524502041697518,
          42.50647531230199
        ],
        [
          1.524458622183172,
          42.506561392778714
        ],
        [
          1.5237984512174039,
          42.50669953396162
        ],
        [
          1.52357393610009,
          42.506246062908666
        ],
        [
          1.5239073062441946,
          42.50551508957326
        ],
        [
          1.5236331236117013,
          42.50611628376215
        ],
        [
          1.5231598520889045,
          42.50653658203836
        ],
        [
          1.522382692388551,
          42.50634167745576
        ],
        [
          1.5217695202153525,
          42.50598956399107
        ],
        [
          1.5219712533071175,
          42.505211908064666
        ],
        [
          1.522230297198651,
          42.50454053128384
        ],
        [
          1.5230276914868195,
          42.50463861271664
        ],
        [
          1.5238183377243708,
          42.50477922378429
        ],
        [
          1.5245723078029385,
          42.504840575293
        ],
        [
          1.5252603466446413,
          42.50475832078753
        ],
        [
          1.525993059845408,
          42.50480479007011
        ],
        [
          1.5265779000000002,
          42.5050971
        ]
      ],
      "emotions": [
        "red",
        "red",
        "red",
        "red",
        "red",
        "red",
        "red",
        "red",
        "red",
        "green",
        "green",
        "green",
        "green",
        "green",
        "red",
        "red",
        "red",
        "red",
        "red",
        "purple",
        "purple",
        "purple",
        "purple",
        "purple",
        "purple",
        "purple",
        "purple"
      ],
      "mood_vectors": [
        [
          0.19750740397139188,
          0.18337764040993323,
          0.12853908789040883,
          0.0634330952105773,
          0.17736358633636082,
          0.20502763044838246,
          0.0447515557329455
        ],
        [
          0.21287267678633526,
          0.06054350648622176,
          0.06327171370243145,
          0.012323406647710209,
          0.2745962930284686,
          0.07189279153475749,
          0.3044996118140752
        ],
        [
          0.23364227343374006,
          0.10734321520404419,
          0.1954363888544485,
          0.23340035388653402,
          0.11213728378993697,
          0.09257880821065145,
          0.025461676620644833
        ],
        [
          0.15232335667495564,
          0.0583969778213343,
          0.22600617548168048,
          0.12262868118252912,
          0.14954473815293343,
          0.14988089900809679,
          0.14121917167847028
        ],
        [
          0.14536727342805167,
          0.1669921549260905,
          0.01906473965477543,
          0.09073804366560399,
          0.11972587796401585,
          0.225919466473683,
          0.23219244388777954
        ],
        [
          0.16903098779076414,
          0.0950358145466183,
          0.04501015488707349,
          0.1451627976595164,
          0.19726050710663792,
          0.18840634499044456,
          0.16009339301894518
        ],
        [
          0.16745840679362903,
          0.04831299156847552,
          0.11000265267304445,
          0.1674857796220373,
          0.12405042079648601,
          0.14910494063698718,
          0.23358480790934044
        ],
        [
          0.22713492988233677,
          0.2270043169032624,
          0.02500677299117983,
          0.1439519484687945,
          0.12685116222603313,
          0.1092891479679668,
          0.14076172156042654
        ],
        [
          0.06862292641049567,
          0.27341954444530886,
          0.18495640436931823,
          0.19140083734358715,
          0.10257610894919528,
          0.17888236122231752,
          0.0001418172597773432
        ],
        [
          0.2114578164127907,
          0.18271416938193658,
          0.23315402008503602,
          0.13680849577831455,
          0.032812063491545605,
          0.16821466784876435,
          0.034838767001612175
        ],
        [
          0.3263282276070472,
          0.03799325647640363,
          0.18992878641703748,
          0.0037633769007643014,
          0.08071846232644622,
          0.3254357402609968,
          0.03583215001130431
        ],
        [
          0.17238454702448636,
          0.06092857981674537,
          0.01290272524242398,
          0.19692082981450001,
          0.07325560917945974,
          0.3216008345514913,
          0.16200687437089328
        ],
        [
          0.04554816693841823,
          0.14434664008835088,
          0.1915435016843098,
          0.16113391168807328,
          0.18987513992846028,
          0.10748017484365173,
          0.16007246482873577
        ],
        [
          0.018031970912689817,
          0.18920044828617247,
          0.13627235422724626,
          0.23842216049783482,
          0.10189961042343683,
          0.09209208182779077,
          0.22408137382482907
        ],
        [
          0.05158577254181342,
          0.19205852175999047,
          0.2309359234852432,
          0.2349728351401719,
          0.09579568725634441,
          0.07379635102099563,
          0.12085490879544103
        ],
        [
          0.2374139509872469,
          0.19958915491205703,
          0.03409736425321173,
          0.1741465366797938,
          0.2517031534062349,
          0.08459079608595901,
          0.018459043675496573
        ],
        [
          0.14115066067798918,
          0.22827571873514085,
          0.03255710209769059,
          0.14549306297958334,
          0.22954800383346488,
          0.1972773226042745,
          0.025698129071856778
        ],
        [
          0.061990027893219606,
          0.1304851829389156,
          0.19039151167492985,
          0.12391102993745606,
          0.10464274785236936,
          0.09614406890810351,
          0.29243543079500595
        ],
        [
          0.23468124332521903,
          0.1250150252240687,
          0.2423317221512341,
          0.1818303710605038,
          0.09088665831567112,
          0.06634748541496166,
          0.05890749450834159
        ],
        [
          0.12583504803098625,
          0.27555123880072885,
          0.12443363969615728,
          0.056601777816109124,
          0.06808468453205675,
          0.27195422738225145,
          0.07753938374171028
        ],
        [
          0.02132273382607359,
          0.16066952426520392,
          0.09344871360896875,
          0.11420880990829767,
          0.17247753091339207,
          0.18826694981175046,
          0.2496057376663136
        ],
        [
          0.12417467196890418,
          0.0734324068483795,
          0.04183885289821442,
          0.23989441574208184,
          0.05032800183216846,
          0.2451318243681291,
          0.22519982634212246
        ],
        [
          0.14264045393300812,
          0.2716709104613145,
          0.10520694911852153,
          0.037623086040684456,
          0.11455734636117733,
          0.10651250558462017,
          0.22178874850067395
        ],
        [
          0.09284514531948677,
          0.12723892311999857,
          0.1867044676415076,
          0.1377268445478579,
          0.1224496502908252,
          0.18433764198741748,
          0.14869732709290645
        ],
        [
          0.12022010740100587,
          0.12921950782121855,
          0.08762927977239111,
          0.19038505416337856,
          0.17056702550137148,
          0.1856425045645029,
          0.11633652077613155
        ],
        [
          0.04232583167803073,
          0.05844862969535133,
          0.370174699014195,
          0.10812629940584809,
          0.0005291558766741423,
          0.35540259947450226,
          0.0649927848553986
        ],
        [
          0.22203368482634822,
          0.009808124469064127,
          0.15363994539222064,
          0.17598218069764304,
          0.15464993292855375,
          0.10938543669432825,
          0.17450069499184195
        ]
      ],
      "timestamps": [
        66,
        67,
        68,
        69,
        70,
        71,
        72,
        73,
        74,
        75,
        76,
        77,
        78,
        79,
        80,
        81,
        82,
        83,
        84,
        85,
        86,
        87,
        88,
        89,
        90,
        91,
        92
      ],
      "distance": 772
    },
    {
      "trip_id": 3,
      "transport_method": "bicycle",
      "start_time": 93,
      "path": [
        [
          1.5265657000000006,
          42.505144999999985
        ],
        [
          1.52726309299599,
          42.50518397133511
        ],
        [
          1.5279605274402543,
          42.505226390929735
        ],
        [
          1.528081527732505,
          42.5055591889291
        ],
        [
          1.5276067230820458,
          42.50542525180971
        ],
        [
          1.5282432099735939,
          42.50546426764809
        ],
        [
          1.5282955999999999,
          42.5054154
        ]
      ],
      "emotions": [
        "purple",
        "purple",
        "purple",
        "purple",
        "purple",
        "purple",
        "purple"
      ],
      "mood_vectors": [
        [
          0.02441634318670548,
          0.06550067608915712,
          0.23670126067169697,
          0.1334700255180032,
          0.03846771614207313,
          0.23983584124377633,
          0.26160813714858777
        ],
        [
          0.07529242695980813,
          0.10145050601230686,
          0.16940701483736967,
          0.1108042411435978,
          0.31917376219180016,
          0.21153706475958026,
          0.012334984095537167
        ],
        [
          0.3384966536695123,
          0.08329810794850309,
          0.04601083953462991,
          0.0639722410507284,
          0.08181029562325692,
          0.01760894461736013,
          0.3688029175560092
        ],
        [
          0.20923494118821345,
          0.17222686143549878,
          0.12607744029573417,
          0.15611142360933095,
          0.12984581161886755,
          0.10643550964697492,
          0.10006801220538027
        ],
        [
          0.141516620523665,
          0.13575787232698783,
          0.08068276740042393,
          0.24322760984240074,
          0.08247693859305251,
          0.0692650540960352,
          0.24707313721743482
        ],
        [
          0.20256353282346157,
          0.23558582024861197,
          0.05531759713346104,
          0.11357001772303282,
          0.1968937288716709,
          0.18513904998805447,
          0.010930253211707281
        ],
        [
          0.04770842421656212,
          0.08568096450649748,
          0.194997304368947,
          0.09181805963980895,
          0.1458874360920228,
          0.2527906332108666,
          0.18111717796529497
        ]
      ],
      "timestamps": [
        93,
        94,
        95,
        96,
        97,
        98,
        99
      ],
      "distance": 659.7
    }
  ],
  "conversation": [
    "So many dogs around here!",
    "Everyone looks like they're on their own quest.",
    "Feeling pretty good."
  ],
  "conversation_timestamps": [
    57,
    64,
    87
  ]
}
