{"agent_id": "agent-blue-1895", "type": "blue", "trips": [{"trip_id": 0, "transport_method": "car", "start_time": 0, "path": [[1.5256627, 42.5086703], [1.5267715, 42.5087847], [1.527882, 42.5088061], [1.5288383, 42.5088799], [1.5292134, 42.5089721], [1.5302841, 42.5092812], [1.5313334, 42.5095777], [1.5323804, 42.5099163], [1.5334762, 42.5099647], [1.5345293, 42.5099205], [1.535643, 42.5099214], [1.5367456, 42.5100412], [1.5378604, 42.5100413], [1.5389413, 42.5101839], [1.5399252, 42.5098858], [1.5408336, 42.5092935], [1.5418589, 42.5089299], [1.5421924, 42.5088957], [1.5433018, 42.5089974], [1.5443635, 42.5093025], [1.5454698, 42.5093992], [1.5457938, 42.5095401], [1.5459777, 42.5096353], [1.5463356, 42.5103224], [1.5469679, 42.5111291], [1.5480464, 42.5114133], [1.5491308, 42.5116744], [1.5496629, 42.5118334], [1.5501579, 42.5120194], [1.5507368, 42.5123266], [1.5515855, 42.5130504], [1.5510986, 42.5126281], [1.5520064, 42.5132692], [1.5524267, 42.5135126], [1.5526979, 42.5144558], [1.5531393, 42.515445], [1.5535484, 42.5164727], [1.55416, 42.5173958], [1.5550858, 42.5180016], [1.5560125, 42.5184828], [1.5567144, 42.5193389], [1.5574557, 42.5201162], [1.5582496, 42.5208995], [1.5590926, 42.5216296], [1.5596873, 42.5219857], [1.5599154, 42.5222675], [1.5608779, 42.5228165], [1.5617633, 42.5234927], [1.5624995, 42.5243275], [1.5634964, 42.5247972], [1.5645068, 42.5252288], [1.5655665, 42.5255323], [1.5665357, 42.5260755], [1.5674157, 42.526761], [1.5683752, 42.5273191], [1.569311, 42.527907], [1.5702556, 42.5284971], [1.5711372, 42.5291704], [1.5719888, 42.5298788], [1.572649, 42.5307738], [1.5733966, 42.5316012], [1.5742335, 42.5322997], [1.5753236, 42.5324962], [1.5763981, 42.5327136], [1.5775037, 42.5328618], [1.578603, 42.5330226], [1.5796514, 42.5333949], [1.5805789, 42.5339582], [1.5811973, 42.5348797], [1.5819736, 42.5355474], [1.5820321, 42.5364133], [1.5826149, 42.5372259], [1.5834653, 42.537906], [1.5841945, 42.5383304], [1.5852708, 42.5385766], [1.586223, 42.5387621], [1.5862897, 42.5387963], [1.5870604, 42.5391662], [1.5873249, 42.5399159], [1.5876732, 42.5404839]], "mood_vectors": [[0.0253, 0.0415, 0.0215, 0.6945, 0.1114, 0.0801, 0.0258], [0.0723, 0.0774, 0.0621, 0.6419, 0.0649, 0.0176, 0.0636], [0.0412, 0.0548, 0.0457, 0.7107, 0.0171, 0.0753, 0.0553], [0.0546, 0.026, 0.0546, 0.6898, 0.0729, 0.0844, 0.0177], [0.0827, 0.0437, 0.0349, 0.7443, 0.0327, 0.0149, 0.047], [0.0822, 0.0679, 0.0772, 0.6974, 0.0242, 0.0131, 0.038], [0.0355, 0.032, 0.0401, 0.7817, 0.0302, 0.0493, 0.0313], [0.0544, 0.0993, 0.0425, 0.6678, 0.0176, 0.0288, 0.0895], [0.0283, 0.0299, 0.0612, 0.7569, 0.0462, 0.0234, 0.0541], [0.0738, 0.0723, 0.0912, 0.6636, 0.0567, 0.0228, 0.0196], [0.0885, 0.035, 0.0159, 0.6651, 0.0406, 0.0832, 0.0717], [0.0573, 0.063, 0.0659, 0.6687, 0.0468, 0.0438, 0.0544], [0.03, 0.0264, 0.0565, 0.7492, 0.0497, 0.0195, 0.0687], [0.0788, 0.031, 0.0314, 0.7249, 0.0341, 0.0509, 0.0489], [0.0791, 0.062, 0.0296, 0.707, 0.0212, 0.0211, 0.0799], [0.0533, 0.0752, 0.0325, 0.6985, 0.0434, 0.0131, 0.084], [0.0746, 0.0233, 0.0262, 0.7568, 0.0494, 0.0336, 0.0361], [0.0277, 0.023, 0.058, 0.7481, 0.0554, 0.0623, 0.0256], [0.0461, 0.0734, 0.0464, 0.6711, 0.0481, 0.0546, 0.0603], [0.0835, 0.0223, 0.0216, 0.7369, 0.0353, 0.0449, 0.0554], [0.0816, 0.0457, 0.0622, 0.6821, 0.0995, 0.0146, 0.0144], [0.0477, 0.0265, 0.0737, 0.6435, 0.0873, 0.0402, 0.0811], [0.0753, 0.0461, 0.0648, 0.7231, 0.0405, 0.036, 0.0141], [0.0394, 0.0576, 0.0509, 0.7375, 0.0175, 0.0529, 0.0442], [0.0143, 0.0729, 0.0145, 0.7895, 0.0775, 0.0147, 0.0166], [0.0438, 0.0548, 0.0585, 0.7625, 0.0498, 0.018, 0.0126], [0.055, 0.0588, 0.0503, 0.7194, 0.0294, 0.0326, 0.0546], [0.0699, 0.013, 0.0237, 0.6729, 0.0735, 0.0638, 0.0832], [0.021, 0.0747, 0.0144, 0.6668, 0.08, 0.0937, 0.0495], [0.0198, 0.0994, 0.0334, 0.7178, 0.0634, 0.0383, 0.028], [0.0783, 0.0676, 0.0144, 0.7377, 0.0459, 0.0341, 0.0219], [0.0761, 0.0409, 0.0579, 0.6596, 0.0846, 0.0169, 0.064], [0.0586, 0.0391, 0.0692, 0.6795, 0.0604, 0.0425, 0.0507], [0.0553, 0.0679, 0.0513, 0.7115, 0.0384, 0.0194, 0.0561], [0.048, 0.0482, 0.049, 0.7319, 0.0488, 0.0573, 0.0168], [0.0148, 0.0303, 0.0252, 0.7781, 0.0166, 0.0708, 0.0641], [0.0548, 0.0367, 0.0505, 0.718, 0.0162, 0.0872, 0.0366], [0.0525, 0.0689, 0.0308, 0.7826, 0.0214, 0.0233, 0.0204], [0.0175, 0.0132, 0.0625, 0.7483, 0.0556, 0.0821, 0.0208], [0.0138, 0.0564, 0.0329, 0.7485, 0.0626, 0.0293, 0.0564], [0.0537, 0.0124, 0.0633, 0.7245, 0.0398, 0.0627, 0.0435], [0.0469, 0.0347, 0.0479, 0.6823, 0.0468, 0.0606, 0.0806], [0.0607, 0.0446, 0.0522, 0.7544, 0.0382, 0.035, 0.015], [0.0703, 0.0426, 0.0587, 0.6728, 0.0527, 0.0715, 0.0314], [0.0409, 0.0346, 0.0711, 0.6884, 0.062, 0.0337, 0.0692], [0.0185, 0.0495, 0.0622, 0.7282, 0.0242, 0.0736, 0.0438], [0.0941, 0.0295, 0.0579, 0.6974, 0.0387, 0.0217, 0.0607], [0.0251, 0.0536, 0.0362, 0.7354, 0.0376, 0.0373, 0.0747], [0.0443, 0.0374, 0.0722, 0.7525, 0.0161, 0.064, 0.0135], [0.017, 0.0355, 0.0146, 0.8188, 0.0245, 0.0361, 0.0534], [0.046, 0.0847, 0.0772, 0.6021, 0.0845, 0.0555, 0.05], [0.0422, 0.0229, 0.0653, 0.7191, 0.0123, 0.0651, 0.0731], [0.071, 0.0379, 0.0758, 0.69, 0.0372, 0.0474, 0.0406], [0.0485, 0.0193, 0.0304, 0.8015, 0.0355, 0.0116, 0.0532], [0.046, 0.0694, 0.0701, 0.7301, 0.0243, 0.0242, 0.0358], [0.0209, 0.0612, 0.0804, 0.6886, 0.062, 0.0641, 0.0229], [0.0332, 0.0486, 0.0585, 0.6801, 0.0567, 0.0629, 0.06], [0.0603, 0.0154, 0.0245, 0.7402, 0.0344, 0.0669, 0.0583], [0.0443, 0.0612, 0.0331, 0.6531, 0.0931, 0.0252, 0.09], [0.0412, 0.061, 0.0545, 0.7258, 0.0161, 0.0719, 0.0294], [0.0763, 0.0274, 0.0613, 0.7205, 0.0296, 0.0306, 0.0544], [0.0397, 0.0688, 0.0626, 0.6406, 0.0718, 0.0808, 0.0356], [0.0446, 0.0645, 0.0339, 0.7116, 0.0787, 0.0456, 0.0209], [0.0907, 0.0598, 0.0251, 0.6482, 0.1011, 0.0148, 0.0604], [0.0615, 0.0363, 0.034, 0.7299, 0.0385, 0.0483, 0.0514], [0.0223, 0.0591, 0.0898, 0.6673, 0.071, 0.0267, 0.0638], [0.0237, 0.0549, 0.0327, 0.7364, 0.0686, 0.031, 0.0527], [0.0565, 0.0436, 0.0288, 0.6836, 0.0705, 0.0362, 0.0808], [0.0785, 0.0513, 0.0743, 0.6917, 0.0269, 0.042, 0.0354], [0.0233, 0.0571, 0.0752, 0.7525, 0.0198, 0.0528, 0.0193], [0.0226, 0.0808, 0.0662, 0.6329, 0.0464, 0.0956, 0.0555], [0.0216, 0.0482, 0.0747, 0.7011, 0.0805, 0.0435, 0.0304], [0.0556, 0.0221, 0.019, 0.7798, 0.0349, 0.0251, 0.0635], [0.0632, 0.0368, 0.0434, 0.6992, 0.0429, 0.0421, 0.0722], [0.0808, 0.0434, 0.0622, 0.7046, 0.0317, 0.0351, 0.0422], [0.0278, 0.0304, 0.0515, 0.7394, 0.0787, 0.0421, 0.0302], [0.0859, 0.0422, 0.0445, 0.6526, 0.078, 0.081, 0.0158], [0.0215, 0.0627, 0.0245, 0.7592, 0.0302, 0.029, 0.0729], [0.0203, 0.0574, 0.0769, 0.6498, 0.0542, 0.0418, 0.0997], [0.046, 0.0586, 0.0153, 0.7263, 0.0482, 0.0894, 0.0162]], "emotions": ["green", "green", "green", "green", "green", "green", "green", "green", "green", "green", "green", "green", "green", "green", "green", "green", "green", "green", "green", "green", "green", "green", "green", "green", "green", "green", "green", "green", "green", "green", "green", "green", "green", "green", "green", "green", "green", "green", "green", "green", "green", "green", "green", "green", "green", "green", "green", "green", "green", "green", "green", "green", "green", "green", "green", "green", "green", "green", "green", "green", "green", "green", "green", "green", "green", "green", "green", "green", "green", "green", "green", "green", "green", "green", "green", "green", "green", "green", "green", "green"], "timestamps": [0, 40, 80, 120, 160, 200, 240, 280, 320, 360, 400, 440, 480, 520, 560, 600, 640, 680, 720, 760, 800, 840, 880, 920, 960, 1000, 1040, 1080, 1120, 1160, 1200, 1240, 1280, 1320, 1360, 1400, 1440, 1480, 1520, 1560, 1600, 1640, 1680, 1720, 1760, 1800, 1840, 1880, 1920, 1960, 2000, 2040, 2080, 2120, 2160, 2200, 2240, 2280, 2320, 2360, 2400, 2440, 2480, 2520, 2560, 2600, 2640, 2680, 2720, 2760, 2800, 2840, 2880, 2920, 2960, 3000, 3040, 3080, 3120, 3160]}], "conversation": [], "conversation_timestamps": []}