{
  "agent_id": "agent-type-purple-71",
  "type": "purple",
  "trips": [
    {
      "trip_id": 0,
      "transport_method": "foot",
      "start_time": 0,
      "path": [
        [
          1.5198646,
          42.507055400000006
        ],
        [
          1.519440752724176,
          42.50692414985604
        ],
        [
          1.51986272498202,
          42.5070577948736
        ],
        [
          1.5198028391749512,
          42.50735412254539
        ],
        [
          1.5201832040239716,
          42.507537533898045
        ],
        [
          1.519772541531894,
          42.50759881942755
        ],
        [
          1.5193379750597413,
          42.50749521704666
        ],
        [
          1.5197161914124113,
          42.507585385334224
        ],
        [
          1.51969194660259,
          42.507743628119734
        ],
        [
          1.5195911460195464,
          42.508094424435974
        ],
        [
          1.5196692231978515,
          42.50853429421929
        ],
        [
          1.5197325812739213,
          42.50859532489454
        ],
        [
          1.5196086827058854,
          42.508193222299674
        ],
        [
          1.5196025347970665,
          42.507789170213144
        ],
        [
          1.5200077577215974,
          42.507604644761
        ],
        [
          1.5204233746949314,
          42.50758975701846
        ],
        [
          1.5208185634107863,
          42.50779790571477
        ],
        [
          1.5212129588394685,
          42.50800774784085
        ],
        [
          1.521607354268151,
          42.50821758996693
        ],
        [
          1.5214808011241494,
          42.50846737787582
        ],
        [
          1.5211072734801125,
          42.50825726116084
        ],
        [
          1.5214709190553681,
          42.508474766645065
        ],
        [
          1.5218494952347443,
          42.50831387143802
        ],
        [
          1.5222815692414682,
          42.50842742109569
        ],
        [
          1.5222479101506678,
          42.508466591387005
        ],
        [
          1.5218123604061946,
          42.5083672038016
        ],
        [
          1.5220611893382792,
          42.5084239837838
        ],
        [
          1.5224668000000008,
          42.50847609999999
        ]
      ],
      "emotions": [
        "green",
        "green",
        "green",
        "green",
        "green",
        "purple",
        "purple",
        "purple",
        "purple",
        "purple",
        "green",
        "green",
        "green",
        "green",
        "green",
        "red",
        "red",
        "red",
        "red",
        "red",
        "green",
        "green",
        "green",
        "green",
        "green",
        "green",
        "green",
        "green"
      ],
      "mood_vectors": [
        [
          0.023596682063517845,
          0.20847829331308798,
          0.12289014404307652,
          0.13370267462427118,
          0.23785446488527548,
          0.14052509688700396,
          0.132952644183767
        ],
        [
          0.006218679533870645,
          0.02446770091903219,
          0.13373208320945948,
          0.15101126310507101,
          0.3285168390467724,
          0.14143953113171961,
          0.21461390305407457
        ],
        [
          0.1448465970132062,
          0.07324260021149753,
          0.16429476094053125,
          0.08534828062362071,
          0.09854872423152108,
          0.23144990153842762,
          0.20226913544119565
        ],
        [
          0.13977606168975534,
          0.10042804376146827,
          0.24030662045443962,
          0.06394108496082349,
          0.1588019820658142,
          0.26486653679599215,
          0.031879670271706975
        ],
        [
          0.04344335382167869,
          0.23648387675280866,
          0.14317356103331896,
          0.1751955041048816,
          0.03288867945868865,
          0.25853342899401544,
          0.11028159583460799
        ],
        [
          0.14471229276152797,
          0.10238913682139929,
          0.20324998678767645,
          0.2587972610168985,
          0.08715369908135102,
          0.15437416105086665,
          0.0493234624802801
        ],
        [
          0.05414584677693912,
          0.23295490035716934,
          0.052107045075242255,
          0.05958134048269891,
          0.10986699483775253,
          0.18441975608420763,
          0.30692411638599026
        ],
        [
          0.2170742488250177,
          0.006395540387091599,
          0.0418150473882936,
          0.29806900253998675,
          0.200698787561406,
          0.2306756211526374,
          0.005271752145566924
        ],
        [
          0.11948558609421152,
          0.029683176170252346,
          0.01344730571352534,
          0.254585194863569,
          0.13073005693602266,
          0.15380361221504546,
          0.2982650680073737
        ],
        [
          0.08434928931234267,
          0.11804518379724518,
          0.24729240827013158,
          0.010198465702629923,
          0.2553668439048887,
          0.021445154386348652,
          0.2633026546264133
        ],
        [
          0.05898368313080518,
          0.11837025131571197,
          0.02437509745889189,
          0.1498189607208467,
          0.02662010509052935,
          0.3625366413042272,
          0.2592952609789878
        ],
        [
          0.22033418168431698,
          0.07534143695831423,
          0.1485474224789301,
          0.16998495200217428,
          0.1762568231103227,
          0.13487992706911056,
          0.07465525669683111
        ],
        [
          0.2344594642128403,
          0.15622845710113448,
          0.06215905918826497,
          0.21994786005808037,
          0.06996285105404781,
          0.024526730074676234,
          0.2327155783109558
        ],
        [
          0.4472475335450025,
          0.035697843003221395,
          0.007745305955090908,
          0.11063739482366797,
          0.13378357358455523,
          0.25515851805345396,
          0.00972983103500798
        ],
        [
          0.119693676980189,
          0.05233066344903017,
          0.11618395444554522,
          0.2550292549072664,
          0.24940423445517107,
          0.15587021186403724,
          0.05148800389876087
        ],
        [
          0.09462576909366642,
          0.05907146601376532,
          0.030070391918856226,
          0.12853557867041362,
          0.2723613282673687,
          0.19000834317672557,
          0.22532712285920425
        ],
        [
          0.10796278564169813,
          0.25483335863677586,
          0.0914071516715879,
          0.1344690955343126,
          0.17089151514922135,
          0.17088467663471005,
          0.06955141673169417
        ],
        [
          0.22994420478510336,
          0.20402503243075024,
          0.23533072339419878,
          0.18152190840662963,
          0.037027459377077715,
          0.007335832117757564,
          0.10481483948848279
        ],
        [
          0.02632037431847326,
          0.08273095916983732,
          0.2093283801809244,
          0.20105048623660626,
          0.05489042245068224,
          0.23724094254540998,
          0.1884384350980665
        ],
        [
          0.11107124280114114,
          0.21709500532955964,
          0.17354653670108489,
          0.16980387899102434,
          0.06457371519964465,
          0.08476250586809991,
          0.17914711510944548
        ],
        [
          0.12947699331390045,
          0.1516193940856599,
          0.051101158632760366,
          0.10560670290677944,
          0.20971649124375635,
          0.20064785666579646,
          0.15183140315134716
        ],
        [
          0.08870176196629172,
          0.05634207022681485,
          0.08563242728425444,
          0.2296776191977296,
          0.29059741207548545,
          0.2131105833791355,
          0.035938125870288364
        ],
        [
          0.2125751519056313,
          0.18514678045540786,
          0.17475354246590666,
          0.042531139836068294,
          0.1395641198408964,
          0.057892244332494756,
          0.18753702116359472
        ],
        [
          0.18570083571113352,
          0.11378917226927082,
          0.1167258247118763,
          0.18849066979480458,
          0.19501298031022696,
          0.08372746930244464,
          0.11655304790024316
        ],
        [
          0.08883066397632337,
          0.11959901196903795,
          0.2030240677441247,
          0.014960818779211035,
          0.19770994476022788,
          0.18409627470849044,
          0.19177921806258466
        ],
        [
          0.08298792510398159,
          0.11004236812627761,
          0.17813822697276488,
          0.10790947689853517,
          0.2162773817835307,
          0.004246721472182307,
          0.3003978996427278
        ],
        [
          0.16338766191243312,
          0.2687720831742193,
          0.0915690343568922,
          0.08753035711719412,
          0.22030020566421746,
          0.11273366996361091,
          0.05570698781143294
        ],
        [
          0.14217174236233615,
          0.18871294084654044,
          0.1589000362964132,
          0.03613467212273042,
          0.18204051435882537,
          0.16603337530093784,
          0.12600671871221653
        ]
      ],
      "timestamps": [
        0,
        1,
        2,
        3,
        4,
        5,
        6,
        7,
        8,
        9,
        10,
        11,
        12,
        13,
        14,
        15,
        16,
        17,
        18,
        19,
        20,
        21,
        22,
        23,
        24,
        25,
        26,
        27
      ],
      "distance": 468.2
    },
    {
      "trip_id": 1,
      "transport_method": "bicycle",
      "start_time": 28,
      "path": [
        [
          1.5224668000000008,
          42.50847609999999
        ],
        [
          1.5228141916067683,
          42.508371564730744
        ],
        [
          1.5231589241341548,
          42.50831757309334
        ],
        [
          1.5232615359185226,
          42.508382490743394
        ],
        [
          1.5230342835925186,
          42.5081325174557
        ],
        [
          1.5232325425089364,
          42.5078814835667
        ],
        [
          1.523575363585931,
          42.507788325892555
        ],
        [
          1.523893743826848,
          42.507670797306524
        ],
        [
          1.5241166048549777,
          42.50745957899193
        ],
        [
          1.524124594133492,
          42.507390029813756
        ],
        [
          1.5239604359488033,
          42.50764951168638
        ],
        [
          1.5236273964323308,
          42.50776877363264
        ],
        [
          1.5232850734774253,
          42.507767803688836
        ],
        [
          1.5229300321281627,
          42.507693409609
        ],
        [
          1.5225858524474085,
          42.50760238354422
        ],
        [
          1.5224696219051748,
          42.507275726375546
        ],
        [
          1.5222184735551447,
          42.50701393818398
        ],
        [
          1.5219673252051145,
          42.50675214999241
        ],
        [
          1.5217161768550842,
          42.506490361800836
        ],
        [
          1.521885730866806,
          42.50630751349602
        ],
        [
          1.522239687429581,
          42.506373768569944
        ],
        [
          1.5225925809721859,
          42.50645787979724
        ],
        [
          1.5229454745147906,
          42.50654199102453
        ],
        [
          1.5232983680573955,
          42.50662610225182
        ],
        [
          1.5236513735826906,
          42.50670974162377
        ],
        [
          1.524004549055127,
          42.506792661082514
        ],
        [
          1.5239830754724364,
          42.50678761945875
        ],
        [
          1.5236299000000002,
          42.50670470000001
        ]
      ],
      "emotions": [
        "green",
        "green",
        "green",
        "green",
        "green",
        "green",
        "green",
        "red",
        "red",
        "red",
        "red",
        "red",
        "red",
        "red",
        "red",
        "red",
        "red",
        "purple",
        "purple",
        "purple",
        "purple",
        "purple",
        "red",
        "red",
        "red",
        "red",
        "red",
        "green"
      ],
      "mood_vectors": [
        [
          0.08281980237285501,
          0.16483717364991607,
          0.12142515101960098,
          0.010472298525009223,
          0.2791937644894715,
          0.05573775802740579,
          0.2855140519157415
        ],
        [
          0.18118204104133476,
          0.03708977090477004,
          0.07330666004957867,
          0.22386242234020937,
          0.21018990217499992,
          0.27348404982803404,
          0.0008851536610731816
        ],
        [
          0.07559220844649227,
          0.2570130740242297,
          0.17505162831834198,
          0.1688486770806534,
          0.03346271809623636,
          0.04656195769242266,
          0.24346973634162372
        ],
        [
          0.1944892897456509,
          0.20975810044181198,
          0.13279041094432745,
          0.10324283772028911,
          0.10752239195991466,
          0.08546009678636797,
          0.16673687240163795
        ],
        [
          0.193385380593284,
          0.10970647561495474,
          0.15013019886229467,
          0.2650148640004022,
          0.06200390619685032,
          0.1552263022507574,
          0.06453287248145664
        ],
        [
          0.09264015717172824,
          0.04839573576262995,
          0.16617424317363086,
          0.29440503843997085,
          0.2764658782195503,
          0.08919585311716764,
          0.032723094115322204
        ],
        [
          0.1514937165451396,
          0.03844692209151282,
          0.12261428148135847,
          0.09447643826507025,
          0.20353072851301926,
          0.12623686473110732,
          0.26320104837279223
        ],
        [
          0.12736814760886908,
          0.18646058927420311,
          0.08096874824810407,
          0.21274641013021217,
          0.16508877371810876,
          0.17751820845019817,
          0.049849122570304535
        ],
        [
          0.13253489780755232,
          0.20763636994474902,
          0.07495064685909648,
          0.1455426264044997,
          0.1919164268322075,
          0.007211610795998747,
          0.24020742135589615
        ],
        [
          0.22388392982200742,
          0.15454503899183827,
          0.2447889215189583,
          0.144433016753716,
          0.011967364469490704,
          0.14427806081174332,
          0.07610366763224598
        ],
        [
          0.24420554046814894,
          0.0808412877411475,
          0.25385619429427725,
          0.11928325650741003,
          0.17346335293151885,
          0.03276546493959085,
          0.09558490311790656
        ],
        [
          0.2040430246895428,
          0.12646700449113943,
          0.1719533802722379,
          0.057192252739914476,
          0.14047300329411197,
          0.23084585885619213,
          0.06902547565686136
        ],
        [
          0.11133598967875484,
          0.1855239776005275,
          0.02819364151379092,
          0.03633066475547754,
          0.3340891718182233,
          0.1545022949247582,
          0.15002425970846767
        ],
        [
          0.17737306572331912,
          0.1939794062046331,
          0.028999669824051506,
          0.03911036926523507,
          0.2501604560921682,
          0.1903591375076557,
          0.12001789538293732
        ],
        [
          0.1403963238006438,
          0.2129608643674817,
          0.17937604295122483,
          0.10847772058602814,
          0.08134669455538411,
          0.1914918408428044,
          0.08595051289643298
        ],
        [
          0.2278543273580757,
          0.10002548638504612,
          0.20039027149064623,
          0.03378610643281934,
          0.2116592327411128,
          0.19619313979851732,
          0.030091435793782543
        ],
        [
          0.24994810491605213,
          0.007192216606028202,
          0.15898329721853272,
          0.2576479985736277,
          0.14112052561906005,
          0.14288529979287803,
          0.042222557273821085
        ],
        [
          0.006670574354981424,
          0.03162903978490044,
          0.34165794640255776,
          0.060572999006465275,
          0.07959686815869105,
          0.1871779720605139,
          0.29269460023189015
        ],
        [
          0.05775711166443649,
          0.22424887200914867,
          0.11122315192831338,
          0.23213175773028077,
          0.24745815440464997,
          0.12290540331223597,
          0.00427554895093467
        ],
        [
          0.2667441410409675,
          0.1966144334518337,
          0.06284780969079273,
          0.04076912754485721,
          0.22389994570897367,
          0.0328169577406702,
          0.17630758482190503
        ],
        [
          0.05200256439139825,
          0.24338010689311418,
          0.08468934622991693,
          0.057349737869918774,
          0.2641224852169354,
          0.1132021543084259,
          0.18525360509029062
        ],
        [
          0.2082881425503547,
          0.16505886642654602,
          0.203749790330845,
          0.07185738360819642,
          0.010933028369895355,
          0.20445097686731184,
          0.1356618118468507
        ],
        [
          0.0328809122844972,
          0.07358960128312299,
          0.39018199738680875,
          0.10192542028919184,
          0.19527725541038232,
          0.034595616540179244,
          0.1715491968058176
        ],
        [
          0.0005520978583765533,
          0.27946211641669805,
          0.13905096126458757,
          0.15925234619769377,
          0.1216673753207406,
          0.07532130451842772,
          0.2246937984234758
        ],
        [
          0.3338531833866518,
          0.04256545622852201,
          0.046420927613492736,
          0.2260633733400578,
          0.13507839435633043,
          0.13938205473674037,
          0.07663661033820476
        ],
        [
          0.3047032413714264,
          0.18776801892921013,
          0.06246235763181151,
          0.2822400943298676,
          0.0008892311823909126,
          0.03522412441762154,
          0.12671293213767193
        ],
        [
          0.0800029883847026,
          0.05391283300078926,
          0.22798629045123958,
          0.05642785790985606,
          0.20927110966878765,
          0.15284963941294902,
          0.21954928117167588
        ],
        [
          0.07857921160918357,
          0.06767053287701523,
          0.23146073443813991,
          0.2714627423042734,
          0.256369237701676,
          0.05425890346936331,
          0.04019863760034854
        ]
      ],
      "timestamps": [
        28,
        29,
        30,
        31,
        32,
        33,
        34,
        35,
        36,
        37,
        38,
        39,
        40,
        41,
        42,
        43,
        44,
        45,
        46,
        47,
        48,
        49,
        50,
        51,
        52,
        53,
        54,
        55
      ],
      "distance": 320.4
    },
    {
      "trip_id": 2,
      "transport_method": "foot",
      "start_time": 56,
      "path": [
        [
          1.5236299000000002,
          42.50670470000001
        ],
        [
          1.5235895219532165,
          42.50669514747552
        ],
        [
          1.523549143906433,
          42.50668559495102
        ],
        [
          1.5235087658596493,
          42.506676042426534
        ],
        [
          1.5234683878128656,
          42.50666648990204
        ],
        [
          1.523428009766082,
          42.50665693737755
        ],
        [
          1.52339306463385,
          42.50664464582288
        ],
        [
          1.52340110134456,
          42.5066105899442
        ],
        [
          1.5233612078539418,
          42.50659923083832
        ],
        [
          1.5233215886130704,
          42.50658690391093
        ],
        [
          1.523281969372199,
          42.50657457698353
        ],
        [
          1.5232423501313277,
          42.506562250056135
        ],
        [
          1.5232027308904563,
          42.506549923128745
        ],
        [
          1.523163111649585,
          42.50653759620135
        ],
        [
          1.5231234924087136,
          42.50652526927395
        ],
        [
          1.5230838731678422,
          42.50651294234655
        ],
        [
          1.5230442539269708,
          42.506500615419164
        ],
        [
          1.5230046346860995,
          42.50648828849177
        ],
        [
          1.522965015445228,
          42.50647596156437
        ],
        [
          1.5229253962043567,
          42.50646363463698
        ],
        [
          1.5228857769634854,
          42.50645130770958
        ],
        [
          1.522846157722614,
          42.506438980782185
        ],
        [
          1.5228065384817426,
          42.50642665385479
        ],
        [
          1.5227669192408713,
          42.5064143269274
        ],
        [
          1.5227273,
          42.506402
        ]
      ],
      "emotions": [
        "green",
        "green",
        "green",
        "green",
        "red",
        "red",
        "red",
        "red",
        "red",
        "red",
        "red",
        "red",
        "red",
        "red",
        "green",
        "green",
        "green",
        "green",
        "green",
        "green",
        "green",
        "green",
        "green",
        "green",
        "purple"
      ],
      "mood_vectors": [
        [
          0.029376193647770776,
          0.3548742719221711,
          0.025300987570161134,
          0.15374576196026074,
          0.028237810551861912,
          0.18752546132561798,
          0.22093951302215625
        ],
        [
          0.09252167064340433,
          0.11351528147338115,
          0.1093896374161339,
          0.21330944408420013,
          0.1681616097131897,
          0.26906163196660465,
          0.03404072470308618
        ],
        [
          0.2505071390708027,
          0.27638562773005293,
          0.01947287853543208,
          0.01923275335865241,
          0.23315724089910733,
          0.08896618593574089,
          0.11227817447021166
        ],
        [
          0.21129746100327126,
          0.16406096056532965,
          0.14535702652725427,
          0.12501966195778408,
          0.15927738729138965,
          0.011418825135246124,
          0.18356867751972505
        ],
        [
          0.27979531777971145,
          0.04483847085927666,
          0.16757494622336586,
          0.04485482197079122,
          0.1948592229540024,
          0.04424386069260527,
          0.22383335952024705
        ],
        [
          0.19840145759920091,
          0.16552256913214564,
          0.02836682873510646,
          0.09435215523764144,
          0.15552267052505164,
          0.20757002617050826,
          0.15026429260034566
        ],
        [
          0.07839341930957516,
          0.2408465027651739,
          0.1679314726616563,
          0.08870054074169512,
          0.18621638384090955,
          0.06724839897187879,
          0.17066328170911113
        ],
        [
          0.23632537209567786,
          0.04635682407808396,
          0.14796994376063616,
          0.20346690577413903,
          0.06992182485429539,
          0.03769056794455009,
          0.2582685614926175
        ],
        [
          0.1867528673738838,
          0.15396625758040572,
          0.18110660172124424,
          0.17768986777849768,
          0.06141323943522711,
          0.1776935299564185,
          0.061377636154322956
        ],
        [
          0.14247068812496222,
          0.18521202800110603,
          0.026429358967218767,
          0.25313689609281265,
          0.04478520488362196,
          0.2273984586065545,
          0.1205673653237238
        ],
        [
          0.039418233811227894,
          0.025974877124990175,
          0.24726997667649583,
          0.22472687039788222,
          0.1415592440870471,
          0.13368935642019003,
          0.18736144148216685
        ],
        [
          0.2692319025583594,
          0.2282460515859895,
          0.08789565168563797,
          0.1019995875215846,
          0.12186675181519407,
          0.1616597048961792,
          0.029100349937055264
        ],
        [
          0.235972088014547,
          0.1447536241345382,
          0.13458544064107478,
          0.043406883497181116,
          0.09252415339354032,
          0.28599843198246466,
          0.06275937833665393
        ],
        [
          0.009172579983197756,
          0.30688263338553207,
          0.09843987361374708,
          0.3031818775588993,
          0.04319391549933314,
          0.08157986083313334,
          0.15754925912615728
        ],
        [
          0.06540580058789032,
          0.08584085108015548,
          0.2472092068522007,
          0.30209307984838674,
          0.08469964892904688,
          0.07774477461671453,
          0.13700663808560526
        ],
        [
          0.13412821737398153,
          0.0855261415862053,
          0.17923736279521157,
          0.07957371058906525,
          0.20128288741046238,
          0.05176016678009258,
          0.2684915134649814
        ],
        [
          0.13699270365193952,
          0.01586336395979674,
          0.2942854231053654,
          0.03315207523957918,
          0.30024843549324043,
          0.07639885854233847,
          0.14305914000774034
        ],
        [
          0.4213194466190849,
          0.0061044447922661005,
          0.12155605003765702,
          0.1561552725532573,
          0.03535087619621827,
          0.11364450346716828,
          0.1458694063343481
        ],
        [
          0.19942004281248368,
          0.00775109742374304,
          0.15173727812696544,
          0.1872114480544302,
          0.14677984981475475,
          0.25551195429090745,
          0.051588329476715385
        ],
        [
          0.1920531437271556,
          0.012059182774270984,
          0.008871718272579586,
          0.33472286332923595,
          0.08827416814321898,
          0.19984822354605378,
          0.16417070020748503
        ],
        [
          0.2275462293650955,
          0.0009268264704338961,
          0.23104838533091387,
          0.22316995591434083,
          0.11304824374331067,
          0.20090912885889273,
          0.0033512303170124586
        ],
        [
          0.2515977372937888,
          0.17541864561479148,
          0.03808084527554985,
          0.13822815941520578,
          0.14669882258678263,
          0.2437257946956306,
          0.006249995118250847
        ],
        [
          0.14146300752770244,
          0.07207499563617249,
          0.17555864231645468,
          0.20692003099191092,
          0.09601164128037841,
          0.20595562808783754,
          0.10201605415954351
        ],
        [
          0.1358796662608048,
          0.07416792556484482,
          0.05249310898123105,
          0.22522041148261543,
          0.04096396802887695,
          0.1662925540511515,
          0.3049823656304754
        ],
        [
          0.27409019505198834,
          0.09938385731789831,
          0.09172589353769268,
          0.20145991612607742,
          0.0941293347440934,
          0.008911629535608895,
          0.2302991736866409
        ]
      ],
      "timestamps": [
        56,
        57,
        58,
        59,
        60,
        61,
        62,
        63,
        64,
        65,
        66,
        67,
        68,
        69,
        70,
        71,
        72,
        73,
        74,
        75,
        76,
        77,
        78,
        79,
        80
      ],
      "distance": 106.9
    },
    {
      "trip_id": 3,
      "transport_method": "car",
      "start_time": 81,
      "path": [
        [
          1.5224570999999998,
          42.5070073
        ],
        [
          1.5219290551453108,
          42.50632017384713
        ],
        [
          1.5220335580333002,
          42.506821188758984
        ],
        [
          1.5225346630398302,
          42.507516755189656
        ],
        [
          1.5232403128048557,
          42.50787524918676
        ],
        [
          1.522420096794719,
          42.50804229766883
        ],
        [
          1.5224759339552543,
          42.50805820266229
        ],
        [
          1.5221290644658816,
          42.508439472129574
        ],
        [
          1.5221794611082549,
          42.50845097208029
        ],
        [
          1.5219179673807204,
          42.508331866014444
        ],
        [
          1.5211567879856358,
          42.50828943026417
        ],
        [
          1.521670894742941,
          42.50825139732714
        ],
        [
          1.5208826235722035,
          42.507831989579564
        ],
        [
          1.5200781532948222,
          42.50758475368188
        ],
        [
          1.519595795163063,
          42.50812061669594
        ],
        [
          1.5197083078930476,
          42.5085859718487
        ],
        [
          1.519458734738558,
          42.50786020394978
        ],
        [
          1.518654682241734,
          42.50824850007349
        ],
        [
          1.5183414,
          42.50837979999999
        ]
      ],
      "emotions": [
        "purple",
        "purple",
        "purple",
        "purple",
        "red",
        "red",
        "red",
        "red",
        "red",
        "red",
        "red",
        "red",
        "red",
        "red",
        "purple",
        "purple",
        "purple",
        "purple",
        "purple"
      ],
      "mood_vectors": [
        [
          0.003724659607724056,
          0.1824174577909284,
          0.34733534753692197,
          0.013675359821698286,
          0.34759238016322763,
          0.06855648994077174,
          0.03669830513872788
        ],
        [
          0.16706090439358812,
          0.27181737951658425,
          0.151062454849746,
          0.21132102763117738,
          0.03018987792960409,
          0.11967651244568336,
          0.04887184323361683
        ],
        [
          0.08122648983095487,
          0.293283659148355,
          0.12842660629324565,
          0.039803585226172306,
          0.1554665264517627,
          0.20831392664523146,
          0.09347920640427806
        ],
        [
          0.08460970598648368,
          0.30069729164854314,
          0.01561339934348167,
          0.27578573118113725,
          0.1277927055749969,
          0.0071016056380005,
          0.18839956062735694
        ],
        [
          0.10406282261068739,
          0.11266080328444404,
          0.22198477047080084,
          0.18764385288266633,
          0.022538498706044376,
          0.20601102590327203,
          0.14509822614208498
        ],
        [
          0.1625137135329193,
          0.2626844091008437,
          0.21352951201057108,
          0.20089659930380532,
          0.11219581628301069,
          0.007697965556386081,
          0.04048198421246386
        ],
        [
          0.2356111967235633,
          0.22080300626703778,
          0.29683506936493315,
          0.11200678307181339,
          0.06295683383812435,
          0.028322440941378563,
          0.0434646697931495
        ],
        [
          0.15148514400590277,
          0.08643445157564919,
          0.16668718597824378,
          0.22863164387146842,
          0.0865434483803755,
          0.1347987550996467,
          0.14541937108871372
        ],
        [
          0.20099434178912365,
          0.2199158433662573,
          0.10311250712875082,
          0.22241388979244425,
          0.030498376697748002,
          0.08193416809512827,
          0.14113087313054776
        ],
        [
          0.10139152961747656,
          0.16884196786055447,
          0.059949550871393704,
          0.34006597355473583,
          0.15947498537140783,
          0.16675811579942165,
          0.0035178769250099225
        ],
        [
          0.19438277604712614,
          0.09318539863359224,
          0.12376928961158108,
          0.22797572009018252,
          0.18815400884887368,
          0.029798828357404838,
          0.14273397841123944
        ],
        [
          0.1987261580207158,
          0.1756909039725501,
          0.08462381523513693,
          0.18818488200478023,
          0.1520447655778769,
          0.12472467600707189,
          0.07600479918186809
        ],
        [
          0.11661082121598026,
          0.26081993002658266,
          0.03762836142350282,
          0.039700329587442226,
          0.1163658422804521,
          0.24271039673394873,
          0.18616431873209127
        ],
        [
          0.09536144521282176,
          0.18647336527466724,
          0.14677438660782918,
          0.15437419966573973,
          0.0030994845839180957,
          0.17067173475510056,
          0.2432453838999234
        ],
        [
          0.22654141974975672,
          0.0026522687126837173,
          0.08794873254923499,
          0.02766430069997868,
          0.24617967698850418,
          0.13679034528468997,
          0.2722232560151517
        ],
        [
          0.22134057124455706,
          0.18865722253604225,
          0.05572002953826687,
          0.17975039820632535,
          0.041765047303485396,
          0.17770092901058698,
          0.13506580216073608
        ],
        [
          0.12401046180876554,
          0.18962797750789276,
          0.058674254526470106,
          0.25718106966908283,
          0.10964891460791723,
          0.10854521258886965,
          0.15231210929100183
        ],
        [
          0.09786427573220567,
          0.007865219223924816,
          0.08833609790415639,
          0.22411374810289422,
          0.27276594043177566,
          0.2410824700559697,
          0.06797224854907348
        ],
        [
          0.12838644645467323,
          0.23391932408918617,
          0.02970801815046105,
          0.15257682321542548,
          0.22864325425691115,
          0.09871209240922862,
          0.1280540414241143
        ]
      ],
      "timestamps": [
        81,
        82,
        83,
        84,
        85,
        86,
        87,
        88,
        89,
        90,
        91,
        92,
        93,
        94,
        95,
        96,
        97,
        98,
        99
      ],
      "distance": 737
    }
  ],
  "conversation": [
    "Is that line for dumplings or donuts?",
    "I should grab a milk tea while I'm here.",
    "Should I check out that bookstore or that bakery?"
  ],
  "conversation_timestamps": [
    22,
    36,
    73
  ]
}
