{
  "agent_id": "agent-type-red-11",
  "type": "red",
  "trips": [
    {
      "trip_id": 0,
      "transport_method": "car",
      "start_time": 0,
      "path": [
        [
          1.5207340000000007,
          42.504893299999985
        ],
        [
          1.5209006036239785,
          42.50474369040434
        ],
        [
          1.5212136358453714,
          42.505071274630964
        ],
        [
          1.5220198682245363,
          42.50480998231688
        ],
        [
          1.5217886815890005,
          42.505914589628844
        ],
        [
          1.5208435265290303,
          42.505918386682325
        ],
        [
          1.5199425202779497,
          42.50574296135125
        ],
        [
          1.5188341798156826,
          42.50548637048266
        ],
        [
          1.5186009310366704,
          42.5061213969264
        ],
        [
          1.5195941769517638,
          42.50618449820337
        ],
        [
          1.5201412854393905,
          42.506181169664195
        ],
        [
          1.519040016064138,
          42.5063571400867
        ],
        [
          1.5183274666234072,
          42.505609122273974
        ],
        [
          1.5194052597890233,
          42.50561858067563
        ],
        [
          1.5205136002512907,
          42.50587517154423
        ],
        [
          1.5215370473887777,
          42.50623506191519
        ],
        [
          1.5225089267184602,
          42.50635932094774
        ],
        [
          1.5236053657356576,
          42.50665640667564
        ],
        [
          1.5247162920422221,
          42.50690153412318
        ],
        [
          1.525493348033589,
          42.50677937173191
        ],
        [
          1.525991133576206,
          42.50706958229224
        ],
        [
          1.526472792259104,
          42.507110670657404
        ],
        [
          1.5276067617159028,
          42.50720216232476
        ],
        [
          1.527483042212849,
          42.506554164054684
        ],
        [
          1.5267645108527883,
          42.50582656874152
        ],
        [
          1.5270045044477853,
          42.50655134321579
        ],
        [
          1.5269274341894676,
          42.50587369549663
        ],
        [
          1.5275736000000006,
          42.506763
        ]
      ],
      "emotions": [
        "green",
        "green",
        "green",
        "green",
        "green",
        "green",
        "green",
        "green",
        "green",
        "green",
        "red",
        "red",
        "red",
        "red",
        "red",
        "red",
        "red",
        "red",
        "red",
        "red",
        "green",
        "green",
        "green",
        "green",
        "green",
        "green",
        "green",
        "green"
      ],
      "mood_vectors": [
        [
          0.019952192984836255,
          0.1401758376532763,
          0.08766553849066062,
          0.2219224375737677,
          0.21560786489493963,
          0.20817487833892348,
          0.10650125006359605
        ],
        [
          0.20469314876404288,
          0.15916479818924859,
          0.06742732166183187,
          0.03525921108745216,
          0.15006973354893124,
          0.22841468502021633,
          0.15497110172827688
        ],
        [
          0.15506555638697764,
          0.009101605256031669,
          0.2167268855402015,
          0.13872971442373233,
          0.26828588478337156,
          0.19021017137693655,
          0.021880182232748718
        ],
        [
          0.14955056828234703,
          0.21852081021691136,
          0.20347851154431917,
          0.029138081646954427,
          0.07042122124013918,
          0.10671382254850062,
          0.2221769845208283
        ],
        [
          0.17702923512607166,
          0.07557591449788222,
          0.09410544358784623,
          0.2942623060493809,
          0.1035374092065118,
          0.20919568958625365,
          0.04629400194605355
        ],
        [
          0.12505554267866445,
          0.06674266313282219,
          0.09060493259647748,
          0.12765604548802506,
          0.22487494308645664,
          0.20479489604194223,
          0.16027097697561202
        ],
        [
          0.24122956117363298,
          0.17641141325655232,
          0.10014571078397463,
          0.03937777143081392,
          0.25857759389256907,
          0.07161948093128863,
          0.11263846853116846
        ],
        [
          0.028739787949069787,
          0.13161475586046956,
          0.10322794047152012,
          0.009622252107131928,
          0.15984027895617547,
          0.15698082949425163,
          0.4099741551613815
        ],
        [
          0.15818608573524623,
          0.12438770591705575,
          0.22027531576976658,
          0.260247379699763,
          0.08557923810640267,
          0.007640027897591483,
          0.14368424687417417
        ],
        [
          0.1415631792129315,
          0.15683070867678028,
          0.06704517721807304,
          0.37898679354292425,
          0.05526029614539357,
          0.03565964843516993,
          0.16465419676872745
        ],
        [
          0.06173484922173191,
          0.1562461479384306,
          0.0446175355692045,
          0.1868988052615265,
          0.27719807374199357,
          0.1127996298265076,
          0.1605049584406054
        ],
        [
          0.241803625363256,
          0.03341909615413684,
          0.05779749579101943,
          0.10716457079130902,
          0.12347548125281256,
          0.24730259804235627,
          0.18903713260510993
        ],
        [
          0.23724750099085773,
          0.11572810652983231,
          0.1553258899628865,
          0.012774705668080125,
          0.1212114052193312,
          0.17980048159032452,
          0.1779119100386876
        ],
        [
          0.026155790759197745,
          0.11347466362243504,
          0.1707657833973906,
          0.24298626621575156,
          0.06327765415514694,
          0.18566626433305972,
          0.19767357751701845
        ],
        [
          0.15138972739881748,
          0.12408963434059722,
          0.1367018852722281,
          0.21212803869477834,
          0.13288938909742862,
          0.12715586512882138,
          0.11564546006732886
        ],
        [
          0.11481332973857261,
          0.26083837137809573,
          0.013833042004975985,
          0.12005205328316484,
          0.18797386948622152,
          0.0022602486045788417,
          0.30022908550439054
        ],
        [
          0.047820260580976645,
          0.1349271155084523,
          0.1846964495481695,
          0.18590368416013817,
          0.17579352263238607,
          0.15417386821255077,
          0.11668509935732656
        ],
        [
          0.2703236186192049,
          0.25467866992381266,
          0.046217244996436105,
          0.04258923499689074,
          0.20953022475157362,
          0.0550518781049443,
          0.12160912860713757
        ],
        [
          0.0007187966209020054,
          0.22664984432460503,
          0.0030026122955684885,
          0.28334456307867023,
          0.16632751813481797,
          0.02784330894291617,
          0.2921133566025202
        ],
        [
          0.22609430166740865,
          0.17219297937798667,
          0.09870620266737797,
          0.13220609310308978,
          0.22164483775481775,
          0.1179496520540899,
          0.031205933375229273
        ],
        [
          0.20494049441139772,
          0.3365859815361355,
          0.1856338286473911,
          0.02404142632612669,
          0.06693013582831547,
          0.01502860444419152,
          0.1668395288064419
        ],
        [
          0.14131303953742735,
          0.09668099262845559,
          0.17134792295502263,
          0.17385791495413788,
          0.18600694829643766,
          0.16028995409931804,
          0.07050322752920091
        ],
        [
          0.21829684169287303,
          0.20474239865009974,
          0.06675170509951203,
          0.006710112710204627,
          0.23382922220276262,
          0.18444553784260312,
          0.08522418180194477
        ],
        [
          0.17266795247171712,
          0.18958011406286762,
          0.03969813931537619,
          0.19977456970194624,
          0.15959789538305502,
          0.2354154468102917,
          0.0032658822547462197
        ],
        [
          0.15121109881670314,
          0.030046956410426373,
          0.0957852277876462,
          0.14914493353956615,
          0.23918910240954253,
          0.06478956313014993,
          0.2698331179059657
        ],
        [
          0.21309966420047272,
          0.08400543699736297,
          0.08316779479255118,
          0.142795998329532,
          0.2380814173008217,
          0.08337951990808888,
          0.15547016847117054
        ],
        [
          0.12327613452490245,
          0.13588221382970214,
          0.2292289443487,
          0.08824964717868095,
          0.08659805685532655,
          0.21166033925109334,
          0.1251046640115945
        ],
        [
          0.1375926546003969,
          0.13361485397782927,
          0.1152145736221347,
          0.14391186169983491,
          0.115358777647265,
          0.17610131720766026,
          0.178205961244879
        ]
      ],
      "timestamps": [
        0,
        1,
        2,
        3,
        4,
        5,
        6,
        7,
        8,
        9,
        10,
        11,
        12,
        13,
        14,
        15,
        16,
        17,
        18,
        19,
        20,
        21,
        22,
        23,
        24,
        25,
        26,
        27
      ],
      "distance": 774.1
    },
    {
      "trip_id": 1,
      "transport_method": "stopped",
      "start_time": 28,
      "path": [
        [
          1.5275736000000006,
          42.506763
        ],
        [
          1.5275736000000006,
          42.506763
        ],
        [
          1.5275736000000006,
          42.506763
        ],
        [
          1.5275736000000006,
          42.506763
        ],
        [
          1.5275736000000006,
          42.506763
        ],
        [
          1.5275736000000006,
          42.506763
        ],
        [
          1.5275736000000006,
          42.506763
        ],
        [
          1.5275736000000006,
          42.506763
        ]
      ],
      "emotions": [
        "green",
        "green",
        "purple",
        "purple",
        "purple",
        "purple",
        "purple",
        "green"
      ],
      "mood_vectors": [
        [
          0.11820699071784961,
          0.24982578857840396,
          0.20072533594757128,
          0.12886920024008158,
          0.1558252546478348,
          0.1319347953236933,
          0.014612634544565435
        ],
        [
          0.12428216009346953,
          0.1242637975934515,
          0.18264398873473536,
          0.09611105475494855,
          0.14559607838647606,
          0.21656877896847462,
          0.1105341414684444
        ],
        [
          0.0008217873165801632,
          0.1688436360538499,
          0.13962836373505275,
          0.2462995866765063,
          0.037744434952584796,
          0.19084119546764663,
          0.21582099579777947
        ],
        [
          0.023940586747418984,
          0.3542246257717902,
          0.021196404041644256,
          0.34550269676319156,
          0.04525800562636605,
          0.06519449272602694,
          0.144683188323562
        ],
        [
          0.15320985884939295,
          0.21683801720834933,
          0.2040787361537753,
          0.17362718292289486,
          0.16720733521295003,
          0.08489591855034966,
          0.0001429511022878162
        ],
        [
          0.18277828052624454,
          0.16900365189141503,
          0.17393024961906642,
          0.19633926640222282,
          0.03149838075321233,
          0.09756479194119232,
          0.14888537886664663
        ],
        [
          0.18452639164319604,
          0.06093909437524449,
          0.21934233770920417,
          0.11807185078920077,
          0.19749558819138338,
          0.07678989886460497,
          0.14283483842716627
        ],
        [
          0.038089924574277075,
          0.008097089845404932,
          0.20393076896618453,
          0.04704318671422807,
          0.18220732739126613,
          0.26180166536822663,
          0.2588300371404126
        ]
      ],
      "timestamps": [
        28,
        29,
        30,
        31,
        32,
        33,
        34,
        35
      ]
    },
    {
      "trip_id": 2,
      "transport_method": "foot",
      "start_time": 36,
      "path": [
        [
          1.5270769000000008,
          42.506641999999985
        ],
        [
          1.52684082314851,
          42.505836715501616
        ],
        [
          1.527535164046713,
          42.50670172239437
        ],
        [
          1.5274258107430456,
          42.5071875627197
        ],
        [
          1.526270071115672,
          42.507094314577174
        ],
        [
          1.5257668932568533,
          42.50704858958149
        ],
        [
          1.5255116094511134,
          42.506767829408126
        ],
        [
          1.5247384684981329,
          42.50664748873524
        ],
        [
          1.5236988720632212,
          42.506720893440935
        ],
        [
          1.5226377080440974,
          42.50637771535537
        ],
        [
          1.5215765043231768,
          42.50616010018122
        ],
        [
          1.5209103377132562,
          42.505996731506045
        ],
        [
          1.5213814355767772,
          42.50643581799003
        ],
        [
          1.5207959113705705,
          42.50595342988738
        ],
        [
          1.5196699507369256,
          42.505679859030565
        ],
        [
          1.518540405782132,
          42.50553657514045
        ],
        [
          1.5188128959812754,
          42.50635038266248
        ],
        [
          1.5188659981147188,
          42.50688238329637
        ],
        [
          1.5179847920495948,
          42.50616219544809
        ],
        [
          1.5170982946367766,
          42.50654200546985
        ],
        [
          1.5159581567835874,
          42.50636543397303
        ],
        [
          1.5168453439870804,
          42.506400127570686
        ],
        [
          1.5161086109559578,
          42.50642815324949
        ],
        [
          1.517260267087521,
          42.50656031095599
        ],
        [
          1.5183891223578028,
          42.50678860412033
        ],
        [
          1.5187365356934515,
          42.506296705266394
        ],
        [
          1.5179912594657128,
          42.5055599006345
        ],
        [
          1.516852,
          42.50556709999999
        ]
      ],
      "emotions": [
        "purple",
        "purple",
        "purple",
        "purple",
        "green",
        "green",
        "green",
        "green",
        "green",
        "red",
        "red",
        "red",
        "red",
        "red",
        "red",
        "red",
        "red",
        "red",
        "red",
        "purple",
        "purple",
        "purple",
        "purple",
        "purple",
        "red",
        "red",
        "red",
        "red"
      ],
      "mood_vectors": [
        [
          0.19078955846380652,
          0.1934286687572819,
          0.08955316715119647,
          0.08704681370107592,
          0.11684471709749156,
          0.2736780660907684,
          0.04865900873837927
        ],
        [
          0.04474879381835987,
          0.08360285541746373,
          0.2372130146457765,
          0.1541376182511983,
          0.029180949671452638,
          0.2384489677108667,
          0.21266780048488226
        ],
        [
          0.0331098534177745,
          0.10755394053317353,
          0.22421048744784206,
          0.11592391066458677,
          0.13961377109805329,
          0.1722964149814215,
          0.20729162185714828
        ],
        [
          0.16401213908562584,
          0.19050956147554793,
          0.16925643106071295,
          0.002478460130726711,
          0.16715748144274906,
          0.1466557421815079,
          0.1599301846231296
        ],
        [
          0.230501830445039,
          0.20367887064804394,
          0.054229105876656844,
          0.11297893135084316,
          0.13597577347349576,
          0.20920062017434923,
          0.05343486803157206
        ],
        [
          0.03874692655084545,
          0.1512567207344335,
          0.2197073768307615,
          0.2799767479001084,
          0.21165556713505632,
          0.09788303921730082,
          0.0007736216314941133
        ],
        [
          0.16110080167242352,
          0.08872405005654373,
          0.17189151738452635,
          0.17220993765283382,
          0.15811464150542934,
          0.14480926165376395,
          0.10314979007447937
        ],
        [
          0.1965612297048336,
          0.16769233917236565,
          0.15691078000379588,
          0.005776077470110346,
          0.05415306552250044,
          0.31849457332177533,
          0.10041193480461877
        ],
        [
          0.1587179291087698,
          0.1654867171121126,
          0.0619032423549815,
          0.054640348465223455,
          0.24665258355046335,
          0.298981589325706,
          0.013617590082743361
        ],
        [
          0.004778338211810283,
          0.14143763245502078,
          0.2024251228708389,
          0.21336984123432254,
          0.11610939537797059,
          0.18663915765161607,
          0.13524051219842081
        ],
        [
          0.0582038921082144,
          0.007727419314849874,
          0.25609333693507474,
          0.20116662889998924,
          0.015798238294909107,
          0.16458228831712704,
          0.2964281961298356
        ],
        [
          0.1474490777472206,
          0.11658801389615786,
          0.11911721420610866,
          0.29285531658122466,
          0.07761944337139025,
          0.10391009678812665,
          0.1424608374097712
        ],
        [
          0.13453471983821821,
          0.17927878911647468,
          0.09057118902835909,
          0.19752442045757032,
          0.12473504962418855,
          0.11479764633236375,
          0.1585581856028253
        ],
        [
          0.049545573498864966,
          0.12499118153727042,
          0.19954098537739853,
          0.23754704904222,
          0.1758952339553121,
          0.05882908755507883,
          0.15365088903385518
        ],
        [
          0.08238152101437253,
          0.3878567977040549,
          0.04521612175894748,
          0.17328535008589768,
          0.038337788028633565,
          0.26330692843853876,
          0.009615492969554969
        ],
        [
          0.04937917948881013,
          0.09718453251746394,
          0.16338052218976704,
          0.24169923411683844,
          0.04932749289946638,
          0.1074676895983374,
          0.29156134918931664
        ],
        [
          0.18158256688199903,
          0.11119001544553196,
          0.18522313407402596,
          0.015439835350865475,
          0.18928110705814222,
          0.2072572385501121,
          0.11002610263932329
        ],
        [
          0.21276521214004002,
          0.06871712720372154,
          0.197824809038057,
          0.18656023894008242,
          0.20935099193444928,
          0.1056050723312588,
          0.019176548412390877
        ],
        [
          0.13122811106186635,
          0.18596123941100576,
          0.1738630149918958,
          0.0223673011647065,
          0.20537130579508364,
          0.07162503035191087,
          0.20958399722353116
        ],
        [
          0.2028310127971894,
          0.06665499605040383,
          0.1866118661979097,
          0.13980908292757435,
          0.19796067646474405,
          0.060278033918142765,
          0.1458543316440358
        ],
        [
          0.06401349887922997,
          0.14414002642014392,
          0.22753328830307964,
          0.14878775137078665,
          0.17583034150406482,
          0.11780093543211462,
          0.12189415809058045
        ],
        [
          0.2428670416246797,
          0.026309954509550967,
          0.19488997496534952,
          0.157602696191957,
          0.11367784690921975,
          0.10743594896627034,
          0.15721653683297282
        ],
        [
          0.059285796744308186,
          0.16006053236368742,
          0.20478268310235323,
          0.09563500030678168,
          0.2768040172392959,
          0.08034308265676872,
          0.1230888875868049
        ],
        [
          0.14945226366693906,
          0.0885416578123828,
          0.18301159166435796,
          0.15402944300892454,
          0.19405176429334772,
          0.07037367845918868,
          0.16053960109485932
        ],
        [
          0.03640015980830179,
          0.03469135692107625,
          0.2158596096324458,
          0.2913556588018946,
          0.04390321716893888,
          0.2847388440969505,
          0.09305115357039218
        ],
        [
          0.10259533279267757,
          0.0023867196206042913,
          0.031229338201782565,
          0.23847583031964747,
          0.24857507635800305,
          0.13936021021682762,
          0.23737749249045742
        ],
        [
          0.10666481890599508,
          0.17536109541748107,
          0.116210166859606,
          0.2535865293613875,
          0.13239686101207895,
          0.0347338240031758,
          0.18104670444027562
        ],
        [
          0.06135387716795955,
          0.24230362239146433,
          0.16316763309641896,
          0.12601362926768256,
          0.03905290980328598,
          0.08692215939666259,
          0.28118616887652603
        ]
      ],
      "timestamps": [
        36,
        37,
        38,
        39,
        40,
        41,
        42,
        43,
        44,
        45,
        46,
        47,
        48,
        49,
        50,
        51,
        52,
        53,
        54,
        55,
        56,
        57,
        58,
        59,
        60,
        61,
        62,
        63
      ],
      "distance": 1048.9
    },
    {
      "trip_id": 3,
      "transport_method": "stopped",
      "start_time": 64,
      "path": [
        [
          1.516852,
          42.50556709999999
        ],
        [
          1.516852,
          42.50556709999999
        ],
        [
          1.516852,
          42.50556709999999
        ],
        [
          1.516852,
          42.50556709999999
        ],
        [
          1.516852,
          42.50556709999999
        ],
        [
          1.516852,
          42.50556709999999
        ],
        [
          1.516852,
          42.50556709999999
        ]
      ],
      "emotions": [
        "red",
        "red",
        "red",
        "red",
        "red",
        "red",
        "red"
      ],
      "mood_vectors": [
        [
          0.14383203748553924,
          0.03139425576829224,
          0.07282027041879294,
          0.18341599574451836,
          0.20617993946764354,
          0.21808765492185034,
          0.14426984619336333
        ],
        [
          0.07828187354173594,
          0.18812244245094228,
          0.06290935247065196,
          0.16207750011058913,
          0.1954179887211421,
          0.08934205266976704,
          0.22384879003517152
        ],
        [
          0.2862665137076406,
          0.023764092027779956,
          0.37835270502679746,
          0.13434980100633612,
          0.06527557821495568,
          0.060435335066308035,
          0.05155597495018209
        ],
        [
          0.22036329474992022,
          0.20259334337795804,
          0.20072622124076916,
          0.16538555950172942,
          0.025194368940360284,
          0.021139921187852236,
          0.16459729100141057
        ],
        [
          0.2558951777390685,
          0.04716100134075985,
          0.27561982612013136,
          0.1791088981293978,
          0.02516192898405363,
          0.05376914074047831,
          0.16328402694611058
        ],
        [
          0.1094506004795555,
          0.2081445329865007,
          0.18667500506826704,
          0.2431609651742523,
          0.2061645814538772,
          0.02433542830760484,
          0.02206888652994245
        ],
        [
          0.016708017466990424,
          0.050173492569596,
          0.12186215556723078,
          0.11217701978640031,
          0.22627868060969972,
          0.24725767450484656,
          0.22554295949523626
        ]
      ],
      "timestamps": [
        64,
        65,
        66,
        67,
        68,
        69,
        70
      ]
    },
    {
      "trip_id": 4,
      "transport_method": "bicycle",
      "start_time": 71,
      "path": [
        [
          1.516852,
          42.50556709999999
        ],
        [
          1.5169388109920279,
          42.505375692023506
        ],
        [
          1.5163879084959788,
          42.50517348625701
        ],
        [
          1.5161755526171297,
          42.50487934978025
        ],
        [
          1.5166854695556784,
          42.50516996517683
        ],
        [
          1.5172320761854254,
          42.50536196928446
        ],
        [
          1.5174127124856323,
          42.505281943969514
        ],
        [
          1.5171362937125998,
          42.50492332746798
        ],
        [
          1.517059257085534,
          42.5043414873258
        ],
        [
          1.5170487795415317,
          42.50426235281636
        ],
        [
          1.5171258161685977,
          42.50484419295854
        ],
        [
          1.5173329012286707,
          42.50528045655297
        ],
        [
          1.5177756328110663,
          42.50546607369199
        ],
        [
          1.5183110645075046,
          42.50524076137002
        ],
        [
          1.518664977902562,
          42.50479241457025
        ],
        [
          1.5188644602069306,
          42.50433782433411
        ],
        [
          1.519256760371083,
          42.50401086816258
        ],
        [
          1.5198184521441687,
          42.5041568730877
        ],
        [
          1.5203526634534053,
          42.504398793019256
        ],
        [
          1.5209017734691297,
          42.504597861952405
        ],
        [
          1.520974371469961,
          42.504668212351675
        ],
        [
          1.521532809858649,
          42.504846010835095
        ],
        [
          1.521960876372356,
          42.504705569381905
        ],
        [
          1.5224298937254601,
          42.50456504675733
        ],
        [
          1.5230124179879951,
          42.50463672691473
        ],
        [
          1.5235387720158997,
          42.50466548029739
        ],
        [
          1.524114248164949,
          42.50478080501054
        ],
        [
          1.5246962339527386,
          42.50485605490467
        ],
        [
          1.5251201000000005,
          42.504908999999984
        ]
      ],
      "emotions": [
        "green",
        "green",
        "green",
        "green",
        "green",
        "green",
        "green",
        "green",
        "green",
        "green",
        "green",
        "green",
        "green",
        "green",
        "red",
        "red",
        "red",
        "red",
        "red",
        "purple",
        "purple",
        "purple",
        "purple",
        "purple",
        "purple",
        "purple",
        "purple",
        "purple",
        "purple"
      ],
      "mood_vectors": [
        [
          0.1560736419839277,
          0.1101860561872307,
          0.04884355780436503,
          0.18631431813475374,
          0.1178387866559229,
          0.17104379812773976,
          0.20969984110606021
        ],
        [
          0.15376618202234396,
          0.1822786145746013,
          0.30976885217105055,
          0.042524757916860285,
          0.10836560480789142,
          0.0129339307331994,
          0.19036205777405316
        ],
        [
          0.09508095808950319,
          0.11357474076056456,
          0.19772985032797594,
          0.24850088799005848,
          0.04241772741298818,
          0.1929967821700551,
          0.10969905324885454
        ],
        [
          0.05792003859082735,
          0.1556863110757683,
          0.001305939617607781,
          0.2558683950247598,
          0.37555028642749494,
          0.1111828384620073,
          0.04248619080153451
        ],
        [
          0.02694507943648478,
          0.020665595289630474,
          0.09583276369710188,
          0.24312194447368093,
          0.18514229920833736,
          0.19190530208253237,
          0.2363870158122322
        ],
        [
          0.23851220625390976,
          0.08940040401464124,
          0.12652563134047762,
          0.08816606338814059,
          0.25391958551687577,
          0.11919222695526828,
          0.08428388253068679
        ],
        [
          0.25779568213968246,
          0.2094948160529394,
          0.04637086999328644,
          0.15980220127612313,
          0.17571952902747826,
          0.14239452665577682,
          0.0084223748547135
        ],
        [
          0.2084405229979973,
          0.04124122990331481,
          0.1969315879568108,
          0.10084545971519854,
          0.16357650190178602,
          0.0383537103459572,
          0.2506109871789354
        ],
        [
          0.17493463454042682,
          0.1392321882427041,
          0.11094458597278584,
          0.061472095245683256,
          0.2080854192197525,
          0.11038010539608108,
          0.1949509713825664
        ],
        [
          0.026513009568980193,
          0.06441190000979206,
          0.2670793811626233,
          0.13966152094942272,
          0.056024895683459246,
          0.2828918029925603,
          0.1634174896331622
        ],
        [
          0.2084715013877225,
          0.1721294317398775,
          0.07399320855741827,
          0.05489159762625841,
          0.14860502691134253,
          0.18280610544310796,
          0.15910312833427293
        ],
        [
          0.21690672645593695,
          0.06498006082978101,
          0.15375935954668396,
          0.20050024814029874,
          0.02655298913913912,
          0.20536095491470935,
          0.1319396609734509
        ],
        [
          0.029789245346936125,
          0.26401408813804306,
          0.2793148980861975,
          0.07751467795837362,
          0.02447263826041227,
          0.0002749456479500687,
          0.32461950656208727
        ],
        [
          0.1942994534826006,
          0.17293821426251882,
          0.15584375595916283,
          0.04492330359541441,
          0.1594639318421253,
          0.0020668578933604126,
          0.27046448296481757
        ],
        [
          0.07998959718591547,
          0.08441523701420948,
          0.20532592844705766,
          0.24012013232144075,
          0.20176710404630258,
          0.03404500061231661,
          0.1543370003727575
        ],
        [
          0.24183000971689356,
          0.03030078787655237,
          0.03404757437132494,
          0.13386995170154423,
          0.2060722967421555,
          0.1449942983411228,
          0.20888508125040656
        ],
        [
          0.16000044868469787,
          0.2223442885649148,
          0.20294625847394232,
          0.07203983246850361,
          0.1156964237515415,
          0.16015191408515525,
          0.0668208339712447
        ],
        [
          0.014336983383892579,
          0.3066792114175966,
          0.12821679187867882,
          0.16606635496519645,
          0.1410710205429522,
          0.06393698302000193,
          0.17969265479168142
        ],
        [
          0.1411546739831469,
          0.12280837284660633,
          0.028675168663826633,
          0.2289917854825509,
          0.27304122243603857,
          0.11932303058812675,
          0.08600574599970386
        ],
        [
          0.18520948288598277,
          0.07956312948493631,
          0.22195870867399267,
          0.11534458284515874,
          0.301254092095662,
          0.08997029698404183,
          0.006699707030225715
        ],
        [
          0.10326920105311159,
          0.28317652823340866,
          0.2877424007740609,
          0.15642623570964856,
          0.008014070488153618,
          0.026689096538498863,
          0.13468246720311786
        ],
        [
          0.36707881672054044,
          0.2157507005593643,
          0.02312219424210244,
          0.013442657319482066,
          0.00987066991866158,
          0.011132250188553624,
          0.3596027110512956
        ],
        [
          0.025835691524014,
          0.08701912498319607,
          0.07435253908849176,
          0.41021851464815606,
          0.24985491044055183,
          0.09526846674180914,
          0.05745075257378111
        ],
        [
          0.14883359588352482,
          0.13251929909245025,
          0.039686726735147636,
          0.2058052976778415,
          0.16362088882148323,
          0.05639351634131647,
          0.2531406754482361
        ],
        [
          0.10604341777685775,
          0.012991808850445881,
          0.08936222696118397,
          0.09376510340808963,
          0.1390835475501341,
          0.2639980719686203,
          0.2947558234846684
        ],
        [
          0.12944978408810287,
          0.007028920652831626,
          0.14756819042907723,
          0.22368873238405873,
          0.0860644208059758,
          0.13576765492604875,
          0.2704322967139049
        ],
        [
          0.16788929786672127,
          0.19755848309911198,
          0.12408235700397535,
          0.1583234902955174,
          0.17566768514155798,
          0.06402591977853313,
          0.11245276681458295
        ],
        [
          0.09299323858684681,
          0.2196437856603263,
          0.2008438313247321,
          0.21436735455323924,
          0.05715037045075605,
          0.02795781584120844,
          0.1870436035828911
        ],
        [
          0.19138893822434255,
          0.24192678569972073,
          0.10870226581856661,
          0.12526566618485543,
          0.26658598737259753,
          0.026915158895571972,
          0.03921519780434516
        ]
      ],
      "timestamps": [
        71,
        72,
        73,
        74,
        75,
        76,
        77,
        78,
        79,
        80,
        81,
        82,
        83,
        84,
        85,
        86,
        87,
        88,
        89,
        90,
        91,
        92,
        93,
        94,
        95,
        96,
        97,
        98,
        99
      ],
      "distance": 940.1
    }
  ],
  "conversation": [
    "Oh nice, free books again.",
    "I wonder what that shop sells — never seen it open.",
    "I always get turned around near the old town lanes."
  ],
  "conversation_timestamps": [
    1,
    25,
    73
  ]
}
