{"agent_id": "agent-green-677", "type": "green", "trips": [{"trip_id": 0, "transport_method": "foot", "start_time": 0, "path": [[1.5417833, 42.510798], [1.5411923, 42.5110388], [1.5406857, 42.5114721], [1.5403025, 42.5119788], [1.5396856, 42.5122193], [1.5390351, 42.5123346], [1.5384498, 42.5126348], [1.5377903, 42.5127395], [1.5371427, 42.5128975], [1.5365064, 42.5130968], [1.5358907, 42.5133545], [1.5352284, 42.5134315], [1.5345691, 42.5135374], [1.5339125, 42.513656], [1.5332771, 42.5138587], [1.5326565, 42.5140895], [1.5321121, 42.5144662], [1.5316552, 42.5149513], [1.5312519, 42.5152813], [1.5309485, 42.5155055], [1.5303994, 42.5158819], [1.5298186, 42.5161872], [1.5292574, 42.5165488], [1.5286407, 42.5166629], [1.5280861, 42.5168161], [1.5274769, 42.5170889], [1.5268682, 42.517363], [1.526251, 42.5176175], [1.5257303, 42.5180314], [1.5252193, 42.5184603], [1.5246891, 42.5188662], [1.5241532, 42.5192646], [1.5239296, 42.5198707], [1.5236872, 42.520487], [1.523365, 42.5210718], [1.5229277, 42.5215677], [1.5223745, 42.5219403], [1.5219419, 42.5224416], [1.5217196, 42.5230689], [1.5213351, 42.5236102], [1.5209225, 42.5241344], [1.5206442, 42.5247369], [1.5206096, 42.525403], [1.5205762, 42.5260695], [1.5202939, 42.5266645], [1.5199621, 42.5272295], [1.5201803, 42.52783], [1.5205538, 42.5283806], [1.5206604, 42.5290342], [1.5203799, 42.5296322], [1.5198755, 42.5300449], [1.5197759, 42.5305261], [1.5197476, 42.5311762], [1.5195594, 42.5317865], [1.5196864, 42.5324303], [1.5197147, 42.5330919], [1.5194873, 42.5337134], [1.5197532, 42.5342923], [1.5202293, 42.5347605], [1.5207186, 42.5352144], [1.5212289, 42.5356439], [1.5209598, 42.5361109], [1.5204425, 42.5365254], [1.5200882, 42.53709], [1.5198277, 42.5377039], [1.5195824, 42.5383248], [1.5194905, 42.5389832], [1.5193394, 42.5396299], [1.5193238, 42.5402608], [1.5193623, 42.5408978], [1.5189146, 42.5413238], [1.5183075, 42.5416017], [1.5181759, 42.5416665], [1.518791, 42.5414064], [1.5189037, 42.5413325], [1.5183002, 42.5416183], [1.5177267, 42.5419469], [1.5173669, 42.5425078], [1.5172832, 42.5430008], [1.5171307, 42.542662]], "mood_vectors": [[0.0595, 0.0615, 0.0274, 0.0588, 0.0452, 0.0463, 0.7011], [0.049, 0.0445, 0.0749, 0.0133, 0.0442, 0.0665, 0.7076], [0.0633, 0.043, 0.0163, 0.0601, 0.0259, 0.0621, 0.7293], [0.0306, 0.0449, 0.0132, 0.0793, 0.0418, 0.0719, 0.7183], [0.0549, 0.0457, 0.0209, 0.0583, 0.0563, 0.0654, 0.6986], [0.0841, 0.035, 0.0311, 0.0537, 0.0149, 0.0326, 0.7487], [0.047, 0.0447, 0.0602, 0.0401, 0.0917, 0.0143, 0.7021], [0.0379, 0.0609, 0.0303, 0.0899, 0.0466, 0.0252, 0.7092], [0.0356, 0.0771, 0.0199, 0.0817, 0.0201, 0.0546, 0.7111], [0.076, 0.0453, 0.0748, 0.0209, 0.0359, 0.0217, 0.7254], [0.0345, 0.0853, 0.0474, 0.0172, 0.0388, 0.0849, 0.6919], [0.0544, 0.0639, 0.0743, 0.0185, 0.0189, 0.0656, 0.7044], [0.0605, 0.0211, 0.0547, 0.0313, 0.0379, 0.0851, 0.7095], [0.0512, 0.0769, 0.0828, 0.0601, 0.064, 0.0667, 0.5983], [0.0765, 0.0237, 0.0831, 0.0189, 0.0672, 0.0908, 0.6399], [0.0167, 0.0575, 0.0719, 0.0641, 0.0358, 0.0439, 0.7101], [0.0866, 0.0288, 0.0808, 0.0492, 0.0213, 0.0345, 0.6988], [0.0393, 0.0754, 0.0153, 0.0914, 0.0836, 0.0548, 0.6402], [0.0576, 0.0351, 0.0627, 0.0204, 0.0834, 0.0456, 0.6951], [0.0139, 0.0223, 0.0826, 0.0285, 0.0644, 0.0387, 0.7496], [0.03, 0.032, 0.0289, 0.0866, 0.0661, 0.0923, 0.664], [0.0169, 0.065, 0.0336, 0.0251, 0.0683, 0.0734, 0.7177], [0.0354, 0.0718, 0.0794, 0.0253, 0.0593, 0.0161, 0.7127], [0.0563, 0.0333, 0.0592, 0.0348, 0.0714, 0.0671, 0.678], [0.0136, 0.0528, 0.0795, 0.0443, 0.023, 0.0364, 0.7505], [0.0513, 0.0139, 0.0423, 0.0321, 0.0796, 0.0569, 0.7239], [0.0193, 0.0376, 0.0255, 0.0382, 0.0727, 0.0663, 0.7404], [0.0438, 0.0457, 0.0602, 0.055, 0.0519, 0.0642, 0.6791], [0.0906, 0.0642, 0.0479, 0.0134, 0.0721, 0.0172, 0.6946], [0.0298, 0.0765, 0.035, 0.0352, 0.0332, 0.0634, 0.7269], [0.0663, 0.047, 0.0822, 0.0321, 0.0735, 0.0583, 0.6406], [0.0173, 0.0379, 0.0737, 0.0252, 0.0718, 0.0222, 0.7519], [0.0727, 0.0258, 0.0229, 0.0325, 0.0868, 0.0365, 0.7228], [0.0519, 0.0569, 0.0249, 0.0653, 0.0627, 0.0307, 0.7076], [0.0578, 0.0739, 0.0798, 0.014, 0.0647, 0.0196, 0.6903], [0.0259, 0.0693, 0.0652, 0.0567, 0.0391, 0.0213, 0.7225], [0.0441, 0.0931, 0.0425, 0.0158, 0.0286, 0.0184, 0.7574], [0.0491, 0.0809, 0.0376, 0.037, 0.0615, 0.0534, 0.6805], [0.0803, 0.0561, 0.0411, 0.062, 0.0162, 0.0863, 0.6582], [0.0473, 0.0479, 0.0353, 0.0236, 0.0685, 0.0657, 0.7117], [0.0462, 0.0539, 0.0714, 0.0658, 0.0511, 0.0337, 0.6779], [0.0686, 0.0963, 0.0218, 0.0146, 0.0516, 0.0426, 0.7046], [0.0555, 0.0388, 0.0417, 0.0418, 0.05, 0.064, 0.7082], [0.0136, 0.0446, 0.0307, 0.0785, 0.065, 0.0159, 0.7517], [0.0364, 0.0754, 0.097, 0.0378, 0.069, 0.0404, 0.6441], [0.0493, 0.0172, 0.0442, 0.0635, 0.0437, 0.0306, 0.7515], [0.0811, 0.0584, 0.0248, 0.0479, 0.0475, 0.0395, 0.7008], [0.0528, 0.0674, 0.0797, 0.037, 0.0241, 0.0676, 0.6714], [0.0805, 0.0646, 0.0833, 0.0781, 0.0755, 0.0258, 0.5923], [0.0156, 0.0495, 0.024, 0.0625, 0.0626, 0.0596, 0.7261], [0.0622, 0.0301, 0.0305, 0.0232, 0.0769, 0.0644, 0.7126], [0.0839, 0.0797, 0.0375, 0.044, 0.0538, 0.0703, 0.6308], [0.072, 0.0533, 0.0644, 0.0387, 0.0557, 0.0364, 0.6795], [0.0635, 0.012, 0.0583, 0.0396, 0.0525, 0.0483, 0.7259], [0.0476, 0.0361, 0.0367, 0.0174, 0.0773, 0.0703, 0.7146], [0.0397, 0.0585, 0.0195, 0.0304, 0.0414, 0.0613, 0.7493], [0.0572, 0.0135, 0.0339, 0.0205, 0.0412, 0.0652, 0.7684], [0.0251, 0.0254, 0.0323, 0.035, 0.0673, 0.0449, 0.77], [0.0324, 0.073, 0.0734, 0.0447, 0.0782, 0.0182, 0.68], [0.0711, 0.0404, 0.0147, 0.0137, 0.0494, 0.0517, 0.7591], [0.0693, 0.0527, 0.0659, 0.0517, 0.0342, 0.0122, 0.714], [0.075, 0.0634, 0.0217, 0.0348, 0.0414, 0.081, 0.6828], [0.0287, 0.0693, 0.0243, 0.0386, 0.0266, 0.0829, 0.7297], [0.041, 0.0852, 0.089, 0.0656, 0.025, 0.0805, 0.6138], [0.0282, 0.0561, 0.0221, 0.0441, 0.0607, 0.0155, 0.7732], [0.0846, 0.0577, 0.0871, 0.0181, 0.0548, 0.0595, 0.6381], [0.0701, 0.042, 0.0337, 0.0351, 0.0322, 0.053, 0.7339], [0.0136, 0.0701, 0.0184, 0.0385, 0.0558, 0.058, 0.7457], [0.023, 0.0183, 0.0573, 0.0404, 0.0726, 0.0585, 0.7299], [0.0742, 0.087, 0.0247, 0.0639, 0.0502, 0.0351, 0.665], [0.0308, 0.029, 0.0852, 0.0676, 0.0384, 0.062, 0.6871], [0.0758, 0.0161, 0.0572, 0.0295, 0.0133, 0.0493, 0.7587], [0.0408, 0.0469, 0.0642, 0.0515, 0.0147, 0.0526, 0.7293], [0.0735, 0.03, 0.0626, 0.0449, 0.0264, 0.0404, 0.7222], [0.0347, 0.0662, 0.0757, 0.0452, 0.051, 0.0719, 0.6553], [0.0991, 0.0365, 0.0944, 0.0474, 0.0361, 0.015, 0.6714], [0.0544, 0.0813, 0.0617, 0.0805, 0.0657, 0.0606, 0.5958], [0.0309, 0.0649, 0.0616, 0.0147, 0.0504, 0.0148, 0.7628], [0.0339, 0.0501, 0.0562, 0.0174, 0.0632, 0.0423, 0.7369], [0.0495, 0.0795, 0.0235, 0.0365, 0.0501, 0.0796, 0.6812]], "emotions": ["purple", "purple", "purple", "purple", "purple", "purple", "purple", "purple", "purple", "purple", "purple", "purple", "purple", "purple", "purple", "purple", "purple", "purple", "purple", "purple", "purple", "purple", "purple", "purple", "purple", "purple", "purple", "purple", "purple", "purple", "purple", "purple", "purple", "purple", "purple", "purple", "purple", "purple", "purple", "purple", "purple", "purple", "purple", "purple", "purple", "purple", "purple", "purple", "purple", "purple", "purple", "purple", "purple", "purple", "purple", "purple", "purple", "purple", "purple", "purple", "purple", "purple", "purple", "purple", "purple", "purple", "purple", "purple", "purple", "purple", "purple", "purple", "purple", "purple", "purple", "purple", "purple", "purple", "purple", "purple"], "timestamps": [0, 40, 80, 120, 160, 200, 240, 280, 320, 360, 400, 440, 480, 520, 560, 600, 640, 680, 720, 760, 800, 840, 880, 920, 960, 1000, 1040, 1080, 1120, 1160, 1200, 1240, 1280, 1320, 1360, 1400, 1440, 1480, 1520, 1560, 1600, 1640, 1680, 1720, 1760, 1800, 1840, 1880, 1920, 1960, 2000, 2040, 2080, 2120, 2160, 2200, 2240, 2280, 2320, 2360, 2400, 2440, 2480, 2520, 2560, 2600, 2640, 2680, 2720, 2760, 2800, 2840, 2880, 2920, 2960, 3000, 3040, 3080, 3120, 3160]}], "conversation": [], "conversation_timestamps": []}