{"agent_id": "agent-green-262", "type": "green", "trips": [{"trip_id": 0, "transport_method": "bus", "start_time": 0, "path": [[1.5201816, 42.5043408], [1.5204979, 42.5044546], [1.5208142, 42.5045685], [1.5211235, 42.5046951], [1.5214292, 42.5048243], [1.5217571, 42.5048693], [1.5220917, 42.5048372], [1.5224203, 42.5049068], [1.5227523, 42.5049589], [1.523085, 42.5050067], [1.5233798, 42.5051576], [1.5236895, 42.5052854], [1.5239915, 42.5054222], [1.5242598, 42.5055988], [1.5244646, 42.5058653], [1.5246983, 42.5061056], [1.5249615, 42.5063142], [1.5252654, 42.5062989], [1.5255914, 42.5063244], [1.5259202, 42.5063945], [1.526249, 42.5064646], [1.5265778, 42.5065347], [1.5269065, 42.5066048], [1.5267966, 42.5066163], [1.5264607, 42.5066025], [1.5261265, 42.5065696], [1.5257982, 42.5064994], [1.5254828, 42.506386], [1.5254967, 42.5063043], [1.5258255, 42.5063747], [1.5261542, 42.506445], [1.5264829, 42.5065154], [1.5268116, 42.5065857], [1.5271396, 42.5066587], [1.5274439, 42.5067964], [1.5276636, 42.5070491], [1.5279186, 42.5072477], [1.528206, 42.5074175], [1.5284784, 42.5076145], [1.5287463, 42.5078174], [1.529003, 42.5080122], [1.529294, 42.5081806], [1.5295386, 42.5084109], [1.5294692, 42.5084172], [1.5292927, 42.5082015], [1.5295487, 42.5083775], [1.5298142, 42.5085837], [1.5301032, 42.5087533], [1.5304051, 42.5089011], [1.5307312, 42.5088456], [1.5308739, 42.5090369], [1.5311867, 42.5091597], [1.5315009, 42.509279], [1.531818, 42.5093893], [1.5321297, 42.5095151], [1.5324438, 42.5096323], [1.532777, 42.5096763], [1.533111, 42.5097133], [1.533435, 42.5098014], [1.5337623, 42.5098754], [1.534094, 42.5099295], [1.5344293, 42.5099162], [1.5347652, 42.509913], [1.535101, 42.5098987], [1.5354362, 42.5099096], [1.5357718, 42.5099288], [1.5361074, 42.509948], [1.5364394, 42.5099886], [1.5367296, 42.5101372], [1.5369654, 42.5103755], [1.5370469, 42.5107005], [1.5373515, 42.5107367], [1.5376876, 42.5107291], [1.5379726, 42.5106513], [1.5381595, 42.5109295], [1.5383911, 42.5111715], [1.5386909, 42.5112429], [1.5390259, 42.5112149], [1.5393125, 42.5112956], [1.5395163, 42.511563]], "mood_vectors": [[0.0341, 0.0415, 0.0588, 0.0345, 0.0797, 0.0514, 0.7001], [0.0869, 0.0613, 0.061, 0.0718, 0.0455, 0.059, 0.6145], [0.0314, 0.0488, 0.0134, 0.0313, 0.0777, 0.0855, 0.7119], [0.0863, 0.0211, 0.0641, 0.0811, 0.0752, 0.0845, 0.5877], [0.0845, 0.0249, 0.0842, 0.0769, 0.0138, 0.0778, 0.6379], [0.059, 0.0381, 0.0358, 0.0318, 0.0675, 0.0654, 0.7025], [0.0308, 0.0607, 0.0248, 0.0376, 0.0761, 0.0462, 0.7238], [0.0487, 0.0661, 0.0618, 0.0267, 0.0539, 0.0598, 0.683], [0.0503, 0.0706, 0.0691, 0.0606, 0.0429, 0.0503, 0.6562], [0.032, 0.0615, 0.0636, 0.0478, 0.046, 0.049, 0.7001], [0.0243, 0.0164, 0.0258, 0.0647, 0.0226, 0.0944, 0.7517], [0.0387, 0.089, 0.0358, 0.0676, 0.0679, 0.0809, 0.6202], [0.0653, 0.0251, 0.0435, 0.0598, 0.0224, 0.0753, 0.7085], [0.0489, 0.0272, 0.0163, 0.0226, 0.0769, 0.0343, 0.7737], [0.0572, 0.0517, 0.0118, 0.0467, 0.0604, 0.0681, 0.704], [0.0326, 0.07, 0.0545, 0.0387, 0.0317, 0.0541, 0.7184], [0.0364, 0.0695, 0.0504, 0.0633, 0.0336, 0.0856, 0.6611], [0.0807, 0.0195, 0.0279, 0.0816, 0.0344, 0.0478, 0.7081], [0.0524, 0.0234, 0.093, 0.0499, 0.0275, 0.0358, 0.7181], [0.0548, 0.0613, 0.043, 0.0703, 0.035, 0.0696, 0.6659], [0.0862, 0.0655, 0.0284, 0.033, 0.0805, 0.0836, 0.6227], [0.0242, 0.0549, 0.0256, 0.0803, 0.0526, 0.0564, 0.706], [0.0384, 0.0309, 0.0536, 0.0468, 0.0436, 0.0411, 0.7456], [0.0279, 0.0579, 0.055, 0.0497, 0.0457, 0.0623, 0.7015], [0.0752, 0.0428, 0.0699, 0.0456, 0.0206, 0.0389, 0.7069], [0.0295, 0.0947, 0.0269, 0.0676, 0.0197, 0.0425, 0.7191], [0.0313, 0.0672, 0.0585, 0.017, 0.0198, 0.072, 0.7342], [0.0759, 0.0688, 0.0228, 0.0592, 0.0132, 0.062, 0.6982], [0.0582, 0.0503, 0.0668, 0.0196, 0.0533, 0.065, 0.6868], [0.0531, 0.072, 0.0482, 0.0511, 0.0579, 0.078, 0.6398], [0.0427, 0.0731, 0.0594, 0.0228, 0.0732, 0.0438, 0.685], [0.0399, 0.0812, 0.0389, 0.0436, 0.0816, 0.0221, 0.6926], [0.06, 0.0724, 0.0228, 0.0421, 0.0283, 0.0588, 0.7156], [0.0765, 0.0403, 0.092, 0.0294, 0.0383, 0.0262, 0.6973], [0.044, 0.0207, 0.0846, 0.0197, 0.0202, 0.0721, 0.7387], [0.067, 0.0222, 0.0841, 0.015, 0.0233, 0.025, 0.7634], [0.0728, 0.0666, 0.0316, 0.0335, 0.0541, 0.0463, 0.695], [0.019, 0.0682, 0.0536, 0.0457, 0.0451, 0.0307, 0.7377], [0.0145, 0.0686, 0.0823, 0.0374, 0.0529, 0.0474, 0.6969], [0.0289, 0.0703, 0.0824, 0.0431, 0.0435, 0.0876, 0.6442], [0.0566, 0.0705, 0.0368, 0.0518, 0.0562, 0.0376, 0.6905], [0.0946, 0.0368, 0.0445, 0.0846, 0.0664, 0.0366, 0.6364], [0.0595, 0.0868, 0.0744, 0.0316, 0.0297, 0.0746, 0.6433], [0.0362, 0.0713, 0.0885, 0.0299, 0.0301, 0.0245, 0.7194], [0.0746, 0.021, 0.0512, 0.0619, 0.0161, 0.0146, 0.7607], [0.0766, 0.0596, 0.0785, 0.0311, 0.0774, 0.0419, 0.6349], [0.0316, 0.0552, 0.0632, 0.0614, 0.0267, 0.072, 0.69], [0.0366, 0.0851, 0.0654, 0.0412, 0.0123, 0.0185, 0.741], [0.0347, 0.0392, 0.0147, 0.0455, 0.0721, 0.0327, 0.7612], [0.0697, 0.0249, 0.0191, 0.0447, 0.0423, 0.0868, 0.7126], [0.0524, 0.0312, 0.0567, 0.0546, 0.0588, 0.0184, 0.7279], [0.0328, 0.0682, 0.0779, 0.0765, 0.0734, 0.0141, 0.657], [0.0207, 0.0331, 0.0691, 0.0499, 0.0919, 0.033, 0.7023], [0.017, 0.0561, 0.0125, 0.0321, 0.0451, 0.0565, 0.7807], [0.0526, 0.0395, 0.0924, 0.0666, 0.0623, 0.0293, 0.6573], [0.0493, 0.0617, 0.0226, 0.0636, 0.0202, 0.0466, 0.736], [0.0437, 0.03, 0.0509, 0.0381, 0.0163, 0.0513, 0.7697], [0.0174, 0.0254, 0.0232, 0.045, 0.0498, 0.0441, 0.7952], [0.045, 0.0656, 0.033, 0.0515, 0.012, 0.0447, 0.7481], [0.0617, 0.0339, 0.031, 0.0445, 0.0682, 0.0299, 0.7307], [0.0162, 0.0261, 0.0509, 0.0476, 0.0266, 0.0731, 0.7595], [0.0516, 0.0966, 0.0391, 0.031, 0.0384, 0.0299, 0.7134], [0.0853, 0.0247, 0.0521, 0.0473, 0.0184, 0.0255, 0.7467], [0.0565, 0.0268, 0.0614, 0.0595, 0.0485, 0.0425, 0.7048], [0.0553, 0.071, 0.0494, 0.0279, 0.0723, 0.0773, 0.6467], [0.0539, 0.0166, 0.0516, 0.0277, 0.0802, 0.0807, 0.6893], [0.0787, 0.0766, 0.034, 0.0534, 0.0464, 0.0394, 0.6715], [0.0229, 0.0603, 0.0715, 0.0506, 0.0522, 0.0337, 0.7087], [0.0988, 0.0779, 0.0458, 0.0525, 0.0181, 0.0256, 0.6813], [0.0725, 0.064, 0.0399, 0.078, 0.0449, 0.04, 0.6607], [0.0336, 0.0561, 0.0387, 0.0816, 0.0511, 0.0783, 0.6607], [0.0643, 0.0778, 0.0121, 0.0485, 0.0401, 0.0787, 0.6785], [0.0838, 0.0375, 0.0253, 0.0666, 0.0673, 0.0457, 0.6737], [0.0626, 0.0338, 0.0536, 0.0346, 0.0614, 0.0595, 0.6945], [0.0566, 0.0202, 0.0331, 0.0904, 0.0897, 0.0805, 0.6296], [0.0613, 0.0652, 0.0668, 0.0502, 0.0853, 0.0877, 0.5834], [0.0434, 0.0702, 0.0426, 0.0533, 0.0564, 0.041, 0.6932], [0.0708, 0.0631, 0.0548, 0.0285, 0.0276, 0.0536, 0.7016], [0.0669, 0.0799, 0.0291, 0.0323, 0.0151, 0.0533, 0.7234], [0.0442, 0.0178, 0.0726, 0.0824, 0.0222, 0.0419, 0.7189]], "emotions": ["purple", "purple", "purple", "purple", "purple", "purple", "purple", "purple", "purple", "purple", "purple", "purple", "purple", "purple", "purple", "purple", "purple", "purple", "purple", "purple", "purple", "purple", "purple", "purple", "purple", "purple", "purple", "purple", "purple", "purple", "purple", "purple", "purple", "purple", "purple", "purple", "purple", "purple", "purple", "purple", "purple", "purple", "purple", "purple", "purple", "purple", "purple", "purple", "purple", "purple", "purple", "purple", "purple", "purple", "purple", "purple", "purple", "purple", "purple", "purple", "purple", "purple", "purple", "purple", "purple", "purple", "purple", "purple", "purple", "purple", "purple", "purple", "purple", "purple", "purple", "purple", "purple", "purple", "purple", "purple"], "timestamps": [0, 40, 80, 120, 160, 200, 240, 280, 320, 360, 400, 440, 480, 520, 560, 600, 640, 680, 720, 760, 800, 840, 880, 920, 960, 1000, 1040, 1080, 1120, 1160, 1200, 1240, 1280, 1320, 1360, 1400, 1440, 1480, 1520, 1560, 1600, 1640, 1680, 1720, 1760, 1800, 1840, 1880, 1920, 1960, 2000, 2040, 2080, 2120, 2160, 2200, 2240, 2280, 2320, 2360, 2400, 2440, 2480, 2520, 2560, 2600, 2640, 2680, 2720, 2760, 2800, 2840, 2880, 2920, 2960, 3000, 3040, 3080, 3120, 3160]}], "conversation": [], "conversation_timestamps": []}