{"agent_id": "agent-blue-95", "type": "blue", "trips": [{"trip_id": 0, "transport_method": "bus", "start_time": 0, "path": [[1.5867641, 42.5737501], [1.58604, 42.5728361], [1.5865063, 42.5710959], [1.5873415, 42.5694777], [1.5860767, 42.5685161], [1.5847861, 42.5672469], [1.5830245, 42.5668059], [1.5812146, 42.5665652], [1.5793831, 42.5665208], [1.5775783, 42.5663285], [1.576147, 42.5652003], [1.5747867, 42.5639727], [1.5760525, 42.564668], [1.5765767, 42.565605], [1.5751765, 42.5644231], [1.5743754, 42.5630283], [1.5748786, 42.561328], [1.5752952, 42.5596615], [1.575826, 42.5579333], [1.5744656, 42.5568745], [1.5728993, 42.5559392], [1.5717249, 42.5548445], [1.5709151, 42.5532593], [1.5705773, 42.5515894], [1.5710486, 42.5504402], [1.5706698, 42.5491828], [1.5690245, 42.5489326], [1.5681751, 42.5484807], [1.5664915, 42.5480912], [1.5650259, 42.5476805], [1.5632936, 42.5471822], [1.5616242, 42.5464267], [1.5599549, 42.5456713], [1.5602546, 42.5459917], [1.5617165, 42.5466451], [1.5633871, 42.5473618], [1.5623384, 42.5467333], [1.5606767, 42.5459611], [1.559453, 42.5449861], [1.559107, 42.5432658], [1.5583481, 42.5418173], [1.5571535, 42.5404441], [1.5559421, 42.5390868], [1.5549901, 42.5375503], [1.5538492, 42.5361234], [1.5522898, 42.5352419], [1.5508189, 42.5341899], [1.5494567, 42.5329851], [1.5480555, 42.5318326], [1.5474114, 42.5302748], [1.5473892, 42.5286078], [1.5485278, 42.5272525], [1.5479706, 42.5259479], [1.5467867, 42.5245647], [1.5456734, 42.5233561], [1.5465007, 42.5219152], [1.5466155, 42.5203122], [1.5474968, 42.5198297], [1.5485429, 42.5184292], [1.5486471, 42.5169527], [1.5469578, 42.5164074], [1.5453623, 42.5156384], [1.545696, 42.5151048], [1.5450072, 42.5139687], [1.5431962, 42.513888], [1.5416457, 42.5130937], [1.5408604, 42.5124257], [1.5393538, 42.5123398], [1.5385689, 42.5126122], [1.5367768, 42.5129794], [1.5355105, 42.5121622], [1.5352382, 42.5121564], [1.5338258, 42.5110521], [1.5323871, 42.509948], [1.5306829, 42.5093396], [1.5289433, 42.5088861], [1.527748, 42.5077279], [1.5261306, 42.5071913], [1.524355, 42.5068899], [1.5225981, 42.5064053]], "mood_vectors": [[0.0152, 0.0878, 0.0716, 0.6781, 0.0605, 0.0376, 0.0493], [0.0465, 0.0392, 0.0588, 0.7671, 0.0279, 0.0473, 0.0132], [0.0506, 0.0957, 0.0199, 0.7288, 0.0511, 0.0322, 0.0216], [0.074, 0.0576, 0.0245, 0.6534, 0.0815, 0.026, 0.083], [0.0816, 0.0212, 0.079, 0.7614, 0.0131, 0.0198, 0.0239], [0.0618, 0.071, 0.0724, 0.6185, 0.0776, 0.0787, 0.02], [0.0295, 0.036, 0.027, 0.74, 0.104, 0.0358, 0.0277], [0.0545, 0.0609, 0.0373, 0.6802, 0.0538, 0.0412, 0.0721], [0.021, 0.0545, 0.028, 0.7504, 0.0649, 0.0539, 0.0273], [0.0269, 0.0388, 0.0504, 0.7041, 0.0313, 0.0808, 0.0677], [0.0802, 0.076, 0.0515, 0.6759, 0.0368, 0.0581, 0.0215], [0.0565, 0.0718, 0.0306, 0.7348, 0.0531, 0.0294, 0.0239], [0.0547, 0.0265, 0.0236, 0.7573, 0.0422, 0.032, 0.0637], [0.0474, 0.04, 0.036, 0.7175, 0.0144, 0.0811, 0.0635], [0.0383, 0.0258, 0.0846, 0.7188, 0.0434, 0.0738, 0.0153], [0.0677, 0.0228, 0.0568, 0.7238, 0.0785, 0.0312, 0.0191], [0.0687, 0.0425, 0.0478, 0.6804, 0.0391, 0.0611, 0.0604], [0.0816, 0.0126, 0.0754, 0.6756, 0.0692, 0.0355, 0.0501], [0.0491, 0.0398, 0.0469, 0.718, 0.0247, 0.0417, 0.0798], [0.0346, 0.0418, 0.0286, 0.7397, 0.0755, 0.0603, 0.0194], [0.0422, 0.0588, 0.0854, 0.6044, 0.0817, 0.0824, 0.0452], [0.0737, 0.016, 0.0186, 0.7483, 0.0363, 0.0689, 0.0382], [0.0584, 0.014, 0.0492, 0.7619, 0.0432, 0.0476, 0.0258], [0.068, 0.0498, 0.0861, 0.6714, 0.0157, 0.029, 0.0801], [0.0589, 0.0795, 0.0575, 0.5955, 0.0798, 0.0852, 0.0435], [0.0512, 0.0157, 0.0805, 0.681, 0.0696, 0.0373, 0.0647], [0.0581, 0.0657, 0.054, 0.64, 0.0344, 0.0672, 0.0805], [0.019, 0.0529, 0.0543, 0.7391, 0.016, 0.0774, 0.0413], [0.0232, 0.081, 0.0749, 0.6661, 0.0583, 0.0146, 0.0818], [0.0494, 0.0206, 0.0836, 0.7114, 0.0312, 0.024, 0.0798], [0.0942, 0.0347, 0.0587, 0.6704, 0.0387, 0.0603, 0.043], [0.0721, 0.0672, 0.0402, 0.6783, 0.0371, 0.0876, 0.0175], [0.067, 0.0629, 0.0555, 0.6524, 0.0515, 0.0406, 0.0702], [0.0149, 0.0674, 0.0372, 0.6662, 0.0872, 0.0634, 0.0637], [0.0428, 0.0628, 0.069, 0.6843, 0.0309, 0.0652, 0.0449], [0.0542, 0.0752, 0.0609, 0.6816, 0.0166, 0.0461, 0.0654], [0.0455, 0.0508, 0.0705, 0.7287, 0.0343, 0.0512, 0.019], [0.0913, 0.0186, 0.0924, 0.7089, 0.0299, 0.0172, 0.0418], [0.0462, 0.0468, 0.0266, 0.7142, 0.032, 0.0745, 0.0597], [0.0199, 0.0823, 0.0279, 0.6547, 0.0668, 0.0873, 0.0611], [0.0619, 0.0576, 0.0232, 0.7289, 0.0515, 0.0554, 0.0216], [0.0515, 0.0282, 0.0364, 0.7616, 0.0233, 0.0646, 0.0342], [0.0212, 0.0801, 0.053, 0.6941, 0.0684, 0.0296, 0.0535], [0.0372, 0.054, 0.0254, 0.7082, 0.0457, 0.0359, 0.0936], [0.0199, 0.0218, 0.0236, 0.6984, 0.0977, 0.1004, 0.0381], [0.0312, 0.057, 0.0815, 0.6648, 0.0187, 0.0815, 0.0654], [0.0187, 0.0489, 0.0563, 0.7125, 0.0591, 0.0359, 0.0685], [0.0221, 0.0206, 0.0516, 0.7545, 0.0422, 0.0909, 0.0181], [0.0205, 0.071, 0.0698, 0.6592, 0.0747, 0.059, 0.0459], [0.0764, 0.0625, 0.0197, 0.6001, 0.079, 0.0802, 0.0822], [0.0712, 0.0225, 0.0815, 0.6774, 0.0419, 0.0826, 0.023], [0.053, 0.0747, 0.087, 0.6097, 0.0544, 0.0445, 0.0766], [0.0167, 0.0492, 0.0547, 0.7037, 0.0571, 0.034, 0.0846], [0.0879, 0.0227, 0.0216, 0.7754, 0.023, 0.024, 0.0454], [0.0663, 0.0198, 0.0457, 0.7519, 0.0159, 0.0506, 0.0499], [0.029, 0.0558, 0.0317, 0.7167, 0.0616, 0.0398, 0.0654], [0.0749, 0.0384, 0.0849, 0.6903, 0.0644, 0.0183, 0.0287], [0.0238, 0.0595, 0.0588, 0.7188, 0.0119, 0.0623, 0.0649], [0.0675, 0.0457, 0.0333, 0.6857, 0.0691, 0.0346, 0.0642], [0.0855, 0.0818, 0.062, 0.6607, 0.0369, 0.0534, 0.0198], [0.0456, 0.0186, 0.0849, 0.6718, 0.0457, 0.0473, 0.0861], [0.0263, 0.0948, 0.0209, 0.7395, 0.0771, 0.0238, 0.0176], [0.0761, 0.0342, 0.0524, 0.685, 0.0738, 0.0329, 0.0457], [0.0465, 0.0341, 0.0695, 0.6984, 0.0131, 0.0619, 0.0765], [0.0566, 0.0822, 0.0844, 0.6492, 0.013, 0.0769, 0.0377], [0.0512, 0.039, 0.0739, 0.6571, 0.056, 0.0344, 0.0885], [0.0527, 0.0311, 0.0635, 0.7463, 0.0393, 0.0404, 0.0267], [0.0208, 0.0895, 0.0545, 0.6894, 0.0313, 0.0828, 0.0316], [0.0562, 0.0507, 0.0305, 0.6754, 0.0701, 0.0692, 0.048], [0.0517, 0.0415, 0.0421, 0.7607, 0.0169, 0.0354, 0.0517], [0.0586, 0.0204, 0.0703, 0.7839, 0.0178, 0.0195, 0.0295], [0.069, 0.0537, 0.0422, 0.6751, 0.0619, 0.0453, 0.0528], [0.0584, 0.0485, 0.0711, 0.7188, 0.0716, 0.0158, 0.0157], [0.0765, 0.021, 0.0333, 0.7318, 0.0672, 0.0149, 0.0553], [0.0919, 0.0662, 0.0159, 0.6488, 0.0363, 0.0721, 0.0689], [0.0644, 0.0633, 0.0358, 0.6433, 0.0677, 0.0653, 0.0602], [0.0733, 0.0837, 0.056, 0.6262, 0.0506, 0.051, 0.0591], [0.0591, 0.0308, 0.0202, 0.6942, 0.0836, 0.0708, 0.0413], [0.0892, 0.053, 0.0933, 0.573, 0.0532, 0.064, 0.0743], [0.0784, 0.0384, 0.0303, 0.7006, 0.0718, 0.0219, 0.0587]], "emotions": ["green", "green", "green", "green", "green", "green", "green", "green", "green", "green", "green", "green", "green", "green", "green", "green", "green", "green", "green", "green", "green", "green", "green", "green", "green", "green", "green", "green", "green", "green", "green", "green", "green", "green", "green", "green", "green", "green", "green", "green", "green", "green", "green", "green", "green", "green", "green", "green", "green", "green", "green", "green", "green", "green", "green", "green", "green", "green", "green", "green", "green", "green", "green", "green", "green", "green", "green", "green", "green", "green", "green", "green", "green", "green", "green", "green", "green", "green", "green", "green"], "timestamps": [0, 40, 80, 120, 160, 200, 240, 280, 320, 360, 400, 440, 480, 520, 560, 600, 640, 680, 720, 760, 800, 840, 880, 920, 960, 1000, 1040, 1080, 1120, 1160, 1200, 1240, 1280, 1320, 1360, 1400, 1440, 1480, 1520, 1560, 1600, 1640, 1680, 1720, 1760, 1800, 1840, 1880, 1920, 1960, 2000, 2040, 2080, 2120, 2160, 2200, 2240, 2280, 2320, 2360, 2400, 2440, 2480, 2520, 2560, 2600, 2640, 2680, 2720, 2760, 2800, 2840, 2880, 2920, 2960, 3000, 3040, 3080, 3120, 3160]}], "conversation": [], "conversation_timestamps": []}