{"agent_id": "agent-purple-1439", "type": "purple", "trips": [{"trip_id": 0, "transport_method": "foot", "start_time": 0, "path": [[1.5329419, 42.5058815], [1.5331556, 42.5059491], [1.5333672, 42.5060227], [1.5335779, 42.5060989], [1.5337147, 42.5062459], [1.5336271, 42.5063294], [1.5334049, 42.5062996], [1.5331828, 42.5062699], [1.5329607, 42.5062402], [1.5327386, 42.5062105], [1.5325165, 42.5061808], [1.5322946, 42.5061494], [1.5320728, 42.5061174], [1.5318509, 42.5061172], [1.5316377, 42.5061199], [1.5314444, 42.5060065], [1.5315841, 42.5060314], [1.5316252, 42.5061634], [1.5314071, 42.5062148], [1.531189, 42.5062662], [1.5309708, 42.5063175], [1.5307527, 42.5063689], [1.5305346, 42.5064203], [1.5303165, 42.5064716], [1.5300983, 42.506523], [1.5298796, 42.5064769], [1.5296608, 42.5064284], [1.529442, 42.5063799], [1.5292637, 42.5065136], [1.529086, 42.5066501], [1.5288947, 42.5067608], [1.5286815, 42.5068298], [1.5284724, 42.5069058], [1.528306, 42.5070559], [1.5281396, 42.507206], [1.5279508, 42.5072873], [1.527728, 42.5072634], [1.5275051, 42.507241], [1.5272814, 42.5072278], [1.5270575, 42.5072231], [1.5268334, 42.5072269], [1.5266099, 42.5072284], [1.5263865, 42.5072111], [1.5261631, 42.5071938], [1.5259406, 42.5071678], [1.5257187, 42.5071363], [1.5254969, 42.5071047], [1.525275, 42.5070732], [1.5250616, 42.507014], [1.52486, 42.5069161], [1.5246501, 42.5068637], [1.5244269, 42.5068835], [1.5242047, 42.5068907], [1.5239879, 42.5068339], [1.5237712, 42.5067771], [1.5235544, 42.5067202], [1.5233372, 42.5066656], [1.5231165, 42.5066266], [1.5228958, 42.5065877], [1.5226786, 42.5065344], [1.5224642, 42.5064691], [1.5222498, 42.5064038], [1.5220354, 42.5063385], [1.5218211, 42.5062732], [1.5217044, 42.5063912], [1.5216363, 42.506602], [1.5214146, 42.5066212], [1.5212545, 42.5067747], [1.5210913, 42.5069283], [1.5209251, 42.5069366], [1.5207556, 42.50679], [1.5205862, 42.5066434], [1.5205132, 42.5064332], [1.5203655, 42.5062879], [1.5203006, 42.5061799], [1.5201533, 42.5061414], [1.5203672, 42.5061968], [1.5203177, 42.5063332], [1.5202231, 42.5064934], [1.5204007, 42.5064041]], "mood_vectors": [[0.0141, 0.047, 0.07, 0.0787, 0.0618, 0.6674, 0.061], [0.0451, 0.034, 0.0564, 0.0205, 0.0572, 0.7711, 0.0157], [0.032, 0.0928, 0.0414, 0.0466, 0.0746, 0.6833, 0.0293], [0.0547, 0.0298, 0.0713, 0.0738, 0.0789, 0.6165, 0.075], [0.0812, 0.0272, 0.0853, 0.0227, 0.0271, 0.6838, 0.0728], [0.0198, 0.0346, 0.0579, 0.0577, 0.0549, 0.7112, 0.0639], [0.071, 0.0421, 0.0303, 0.0164, 0.0274, 0.7125, 0.1003], [0.0562, 0.0499, 0.0297, 0.0207, 0.0219, 0.7316, 0.09], [0.0408, 0.054, 0.0415, 0.0132, 0.0553, 0.7606, 0.0346], [0.0505, 0.0675, 0.0562, 0.0713, 0.041, 0.6641, 0.0493], [0.0224, 0.0508, 0.0219, 0.0596, 0.0364, 0.7763, 0.0327], [0.0648, 0.0494, 0.0552, 0.0779, 0.0611, 0.6505, 0.0409], [0.0654, 0.0441, 0.0627, 0.0868, 0.0303, 0.6281, 0.0825], [0.0301, 0.0313, 0.088, 0.0406, 0.088, 0.6978, 0.0242], [0.0526, 0.048, 0.0764, 0.0212, 0.0843, 0.6759, 0.0415], [0.0519, 0.0498, 0.0383, 0.0368, 0.0704, 0.7114, 0.0414], [0.0649, 0.025, 0.0494, 0.058, 0.084, 0.6694, 0.0492], [0.0408, 0.0608, 0.055, 0.0464, 0.0277, 0.7356, 0.0336], [0.0505, 0.0156, 0.0633, 0.0157, 0.0956, 0.6989, 0.0604], [0.0653, 0.0712, 0.0335, 0.03, 0.0475, 0.6712, 0.0814], [0.0794, 0.0343, 0.0199, 0.0614, 0.0665, 0.7212, 0.0173], [0.0161, 0.0285, 0.0794, 0.041, 0.0729, 0.7278, 0.0342], [0.0237, 0.0366, 0.0683, 0.0373, 0.041, 0.7167, 0.0765], [0.0489, 0.07, 0.0542, 0.0172, 0.0578, 0.6742, 0.0777], [0.0758, 0.0697, 0.0674, 0.0422, 0.0706, 0.6455, 0.0287], [0.0383, 0.0516, 0.0319, 0.0654, 0.0416, 0.7397, 0.0316], [0.0459, 0.0367, 0.0235, 0.0785, 0.0314, 0.7597, 0.0243], [0.0497, 0.0608, 0.059, 0.0744, 0.0753, 0.64, 0.0408], [0.0625, 0.0379, 0.0523, 0.0928, 0.0555, 0.6717, 0.0272], [0.0723, 0.0645, 0.0145, 0.0201, 0.0597, 0.7541, 0.0148], [0.0664, 0.0734, 0.0694, 0.0342, 0.0208, 0.6623, 0.0735], [0.0356, 0.0431, 0.0775, 0.0215, 0.0189, 0.7546, 0.0487], [0.0573, 0.0705, 0.048, 0.0431, 0.0238, 0.729, 0.0282], [0.0199, 0.0238, 0.059, 0.0789, 0.0668, 0.6756, 0.076], [0.0334, 0.056, 0.0364, 0.0449, 0.0423, 0.7658, 0.0211], [0.0368, 0.0922, 0.0694, 0.0294, 0.0789, 0.6421, 0.0511], [0.0945, 0.0768, 0.088, 0.0902, 0.0288, 0.6032, 0.0184], [0.0551, 0.0384, 0.0516, 0.0545, 0.0303, 0.7517, 0.0185], [0.0813, 0.0414, 0.0425, 0.0508, 0.018, 0.7387, 0.0273], [0.0222, 0.0221, 0.0336, 0.045, 0.0886, 0.7614, 0.0271], [0.0717, 0.0119, 0.0386, 0.0581, 0.0709, 0.678, 0.0709], [0.0348, 0.0259, 0.0634, 0.0843, 0.0518, 0.6806, 0.0593], [0.0201, 0.0417, 0.0635, 0.0415, 0.0333, 0.7569, 0.043], [0.0716, 0.0127, 0.042, 0.0546, 0.0272, 0.7594, 0.0324], [0.0211, 0.0479, 0.0476, 0.0304, 0.0534, 0.7609, 0.0387], [0.0543, 0.039, 0.0715, 0.0795, 0.0599, 0.6403, 0.0554], [0.0334, 0.0582, 0.0168, 0.0316, 0.0774, 0.7216, 0.0609], [0.0774, 0.0252, 0.0327, 0.0853, 0.0163, 0.7393, 0.0237], [0.0566, 0.0403, 0.0833, 0.0241, 0.023, 0.7168, 0.0559], [0.0582, 0.0285, 0.0895, 0.0647, 0.0834, 0.6219, 0.0538], [0.0264, 0.0369, 0.0865, 0.0462, 0.0779, 0.689, 0.0371], [0.0481, 0.0395, 0.066, 0.0298, 0.0381, 0.7164, 0.0622], [0.1013, 0.0255, 0.0187, 0.0994, 0.0256, 0.6679, 0.0616], [0.0595, 0.0548, 0.0201, 0.0609, 0.0706, 0.6957, 0.0385], [0.0286, 0.0585, 0.0842, 0.0611, 0.0371, 0.6455, 0.0851], [0.0553, 0.0241, 0.0481, 0.0422, 0.0223, 0.7608, 0.0472], [0.0651, 0.0765, 0.0327, 0.041, 0.074, 0.676, 0.0347], [0.0154, 0.0201, 0.0887, 0.0761, 0.039, 0.7097, 0.0511], [0.0517, 0.0355, 0.0182, 0.0678, 0.0308, 0.7499, 0.0462], [0.052, 0.0593, 0.0234, 0.0718, 0.072, 0.6969, 0.0246], [0.016, 0.056, 0.0473, 0.0257, 0.052, 0.7793, 0.0237], [0.0872, 0.0471, 0.0184, 0.0163, 0.1091, 0.6641, 0.0578], [0.0561, 0.0227, 0.0567, 0.0558, 0.0554, 0.7089, 0.0446], [0.0419, 0.0577, 0.0189, 0.0744, 0.0259, 0.752, 0.0292], [0.0323, 0.051, 0.044, 0.0266, 0.0389, 0.7281, 0.079], [0.0304, 0.0473, 0.0509, 0.0806, 0.0573, 0.6848, 0.0487], [0.051, 0.0699, 0.0888, 0.0683, 0.0288, 0.6182, 0.0751], [0.0632, 0.0573, 0.0851, 0.0602, 0.0551, 0.6593, 0.0198], [0.0693, 0.0471, 0.0343, 0.0472, 0.041, 0.6889, 0.0721], [0.0391, 0.0483, 0.0336, 0.0448, 0.0744, 0.7139, 0.0458], [0.0634, 0.0479, 0.0247, 0.0588, 0.0452, 0.6837, 0.0764], [0.0624, 0.0507, 0.0618, 0.0687, 0.05, 0.6917, 0.0147], [0.0274, 0.0435, 0.082, 0.0709, 0.0512, 0.6447, 0.0802], [0.0496, 0.0785, 0.0847, 0.055, 0.0806, 0.6069, 0.0447], [0.0842, 0.0511, 0.0303, 0.0787, 0.0426, 0.6911, 0.0221], [0.0725, 0.0485, 0.0429, 0.0247, 0.0392, 0.7364, 0.0358], [0.0266, 0.0538, 0.0361, 0.0489, 0.0795, 0.732, 0.0232], [0.0717, 0.0676, 0.0336, 0.0184, 0.0444, 0.7344, 0.0299], [0.064, 0.0452, 0.0508, 0.0444, 0.0344, 0.7173, 0.0439], [0.028, 0.0163, 0.0537, 0.0964, 0.0354, 0.684, 0.0862]], "emotions": ["purple", "purple", "purple", "purple", "purple", "purple", "purple", "purple", "purple", "purple", "purple", "purple", "purple", "purple", "purple", "purple", "purple", "purple", "purple", "purple", "purple", "purple", "purple", "purple", "purple", "purple", "purple", "purple", "purple", "purple", "purple", "purple", "purple", "purple", "purple", "purple", "purple", "purple", "purple", "purple", "purple", "purple", "purple", "purple", "purple", "purple", "purple", "purple", "purple", "purple", "purple", "purple", "purple", "purple", "purple", "purple", "purple", "purple", "purple", "purple", "purple", "purple", "purple", "purple", "purple", "purple", "purple", "purple", "purple", "purple", "purple", "purple", "purple", "purple", "purple", "purple", "purple", "purple", "purple", "purple"], "timestamps": [0, 40, 80, 120, 160, 200, 240, 280, 320, 360, 400, 440, 480, 520, 560, 600, 640, 680, 720, 760, 800, 840, 880, 920, 960, 1000, 1040, 1080, 1120, 1160, 1200, 1240, 1280, 1320, 1360, 1400, 1440, 1480, 1520, 1560, 1600, 1640, 1680, 1720, 1760, 1800, 1840, 1880, 1920, 1960, 2000, 2040, 2080, 2120, 2160, 2200, 2240, 2280, 2320, 2360, 2400, 2440, 2480, 2520, 2560, 2600, 2640, 2680, 2720, 2760, 2800, 2840, 2880, 2920, 2960, 3000, 3040, 3080, 3120, 3160]}], "conversation": [], "conversation_timestamps": []}