{"agent_id": "agent-orange-563", "type": "orange", "trips": [{"trip_id": 0, "transport_method": "foot", "start_time": 0, "path": [[1.5276081, 42.5393036], [1.5268221, 42.5394815], [1.5260256, 42.539575], [1.525255, 42.5397533], [1.5244757, 42.5398992], [1.523899, 42.5404293], [1.5235043, 42.5407385], [1.523432, 42.540587], [1.5232146, 42.5398407], [1.5231611, 42.5390433], [1.5231981, 42.5382517], [1.5238405, 42.5378381], [1.5245796, 42.5375692], [1.5251539, 42.5373752], [1.5250538, 42.5368188], [1.5242641, 42.5366659], [1.5234929, 42.5364664], [1.522944, 42.5360052], [1.5224364, 42.5353817], [1.5219043, 42.5347878], [1.5211914, 42.5344265], [1.5208107, 42.5337471], [1.5210671, 42.5331537], [1.5213104, 42.5324589], [1.5209183, 42.5317555], [1.5211505, 42.5310245], [1.5212624, 42.530418], [1.5216954, 42.5297763], [1.5218238, 42.5292076], [1.5213185, 42.5286385], [1.5209932, 42.5279623], [1.5206367, 42.5272873], [1.5207021, 42.526484], [1.5207675, 42.5256808], [1.5207362, 42.5262413], [1.5205881, 42.5270051], [1.5206441, 42.5271141], [1.5206939, 42.5263098], [1.5207438, 42.5255054], [1.5206468, 42.5247198], [1.5210116, 42.5240071], [1.5215266, 42.5233877], [1.5218477, 42.5226573], [1.522299, 42.5220022], [1.5229596, 42.5215428], [1.5234187, 42.5209009], [1.5236834, 42.5201397], [1.523829, 42.519873], [1.5235634, 42.5206286], [1.5234558, 42.5208326], [1.5237537, 42.5200837], [1.5240515, 42.5193348], [1.5244288, 42.5186438], [1.5250938, 42.5182408], [1.5256825, 42.5176948], [1.5263184, 42.517253], [1.5270306, 42.5169298], [1.5277093, 42.5165191], [1.5284496, 42.516215], [1.5290158, 42.5156512], [1.5295224, 42.5150298], [1.5301294, 42.5145231], [1.5302893, 42.5138537], [1.5304367, 42.5130718], [1.5308927, 42.5124074], [1.5306801, 42.5117612], [1.5299499, 42.5114709], [1.5294311, 42.5109084], [1.5294172, 42.5102275], [1.5288351, 42.5096702], [1.5286856, 42.5095519], [1.5292467, 42.5101065], [1.5289368, 42.5097734], [1.528352, 42.5092189], [1.5277303, 42.5087106], [1.5269626, 42.508519], [1.5261664, 42.5084157], [1.5254792, 42.5080904], [1.5247058, 42.5078653], [1.5241083, 42.5075245]], "mood_vectors": [[0.0447, 0.0618, 0.0349, 0.0239, 0.7212, 0.0733, 0.0401], [0.0648, 0.0604, 0.0817, 0.0663, 0.571, 0.0833, 0.0725], [0.0601, 0.015, 0.0351, 0.0697, 0.6952, 0.0552, 0.0697], [0.0489, 0.0342, 0.0595, 0.0258, 0.7225, 0.0389, 0.0703], [0.0601, 0.0734, 0.0183, 0.0306, 0.762, 0.0366, 0.019], [0.0231, 0.0483, 0.0374, 0.0701, 0.7172, 0.0324, 0.0715], [0.0385, 0.0868, 0.0881, 0.0358, 0.6586, 0.037, 0.0553], [0.0584, 0.0377, 0.0128, 0.0485, 0.7217, 0.0479, 0.0729], [0.0788, 0.0503, 0.0775, 0.0672, 0.5919, 0.0485, 0.0858], [0.0711, 0.0182, 0.0646, 0.0455, 0.6445, 0.0805, 0.0757], [0.0313, 0.059, 0.0239, 0.0827, 0.6945, 0.0687, 0.0399], [0.0257, 0.0214, 0.0563, 0.0137, 0.7777, 0.0754, 0.0298], [0.0757, 0.0759, 0.0164, 0.0423, 0.692, 0.0756, 0.0221], [0.0154, 0.0721, 0.0836, 0.0795, 0.7139, 0.019, 0.0166], [0.0614, 0.0644, 0.0483, 0.0654, 0.7058, 0.035, 0.0197], [0.0474, 0.0749, 0.0431, 0.0713, 0.6355, 0.0543, 0.0734], [0.0162, 0.0431, 0.0192, 0.0282, 0.7228, 0.0599, 0.1106], [0.0525, 0.056, 0.0532, 0.0759, 0.6341, 0.058, 0.0702], [0.031, 0.0759, 0.0883, 0.0452, 0.649, 0.022, 0.0885], [0.085, 0.0433, 0.0397, 0.0198, 0.7232, 0.0266, 0.0624], [0.0758, 0.0229, 0.0531, 0.0402, 0.7189, 0.0558, 0.0334], [0.071, 0.0178, 0.0437, 0.0235, 0.8061, 0.0226, 0.0154], [0.0601, 0.0132, 0.0131, 0.0488, 0.7365, 0.0554, 0.0729], [0.0535, 0.0748, 0.0466, 0.0376, 0.6514, 0.0552, 0.0808], [0.0754, 0.0716, 0.0395, 0.0743, 0.6771, 0.0282, 0.0338], [0.1042, 0.0648, 0.0206, 0.0195, 0.687, 0.0268, 0.077], [0.0544, 0.0244, 0.0734, 0.079, 0.6704, 0.0569, 0.0415], [0.0618, 0.0589, 0.0192, 0.0474, 0.6599, 0.0811, 0.0718], [0.0126, 0.0819, 0.033, 0.0387, 0.7275, 0.0598, 0.0465], [0.0492, 0.014, 0.0282, 0.0692, 0.7606, 0.0482, 0.0305], [0.0503, 0.0762, 0.0885, 0.0262, 0.6646, 0.0349, 0.0592], [0.0215, 0.0646, 0.0473, 0.0349, 0.6982, 0.0564, 0.0771], [0.0621, 0.0235, 0.0641, 0.0307, 0.6968, 0.0751, 0.0476], [0.0487, 0.0377, 0.0688, 0.0497, 0.7238, 0.0536, 0.0176], [0.0583, 0.0294, 0.0423, 0.0402, 0.7001, 0.0426, 0.0871], [0.0425, 0.0423, 0.0771, 0.0554, 0.7331, 0.0199, 0.0296], [0.0617, 0.0678, 0.0506, 0.0405, 0.6787, 0.0475, 0.0532], [0.056, 0.0253, 0.0554, 0.0329, 0.7457, 0.0377, 0.0471], [0.0636, 0.0437, 0.0846, 0.0466, 0.6558, 0.0744, 0.0315], [0.0301, 0.0271, 0.0559, 0.0792, 0.6508, 0.086, 0.0709], [0.0902, 0.0714, 0.052, 0.082, 0.6006, 0.0569, 0.0469], [0.0291, 0.0976, 0.0557, 0.041, 0.7301, 0.0295, 0.0171], [0.0419, 0.015, 0.0213, 0.0187, 0.8153, 0.0737, 0.0142], [0.0368, 0.0351, 0.0662, 0.0289, 0.7386, 0.0364, 0.0579], [0.0409, 0.0275, 0.0702, 0.032, 0.7542, 0.0227, 0.0524], [0.0884, 0.0645, 0.0522, 0.0156, 0.6784, 0.0659, 0.035], [0.0692, 0.0546, 0.0614, 0.0155, 0.6597, 0.0882, 0.0513], [0.0726, 0.0309, 0.0733, 0.0462, 0.7014, 0.0503, 0.0253], [0.0567, 0.0256, 0.0444, 0.0243, 0.7127, 0.0568, 0.0795], [0.0825, 0.0493, 0.0347, 0.0222, 0.7526, 0.0255, 0.0332], [0.0133, 0.0741, 0.0739, 0.069, 0.6422, 0.0761, 0.0513], [0.0563, 0.0627, 0.0569, 0.0722, 0.6514, 0.0539, 0.0467], [0.0228, 0.0682, 0.0381, 0.0483, 0.7619, 0.0377, 0.0231], [0.0766, 0.0227, 0.0591, 0.0449, 0.6955, 0.0773, 0.024], [0.0925, 0.0735, 0.0375, 0.0415, 0.6548, 0.0315, 0.0687], [0.0842, 0.0297, 0.0462, 0.0272, 0.689, 0.0746, 0.0491], [0.0723, 0.0681, 0.0139, 0.0723, 0.7257, 0.024, 0.0237], [0.0696, 0.0411, 0.0443, 0.0539, 0.7071, 0.0298, 0.0542], [0.0713, 0.0382, 0.0871, 0.0284, 0.6622, 0.0477, 0.0651], [0.0879, 0.061, 0.0913, 0.0475, 0.6259, 0.0377, 0.0487], [0.0457, 0.0582, 0.061, 0.0242, 0.7553, 0.0286, 0.0271], [0.0721, 0.0176, 0.0178, 0.0663, 0.7197, 0.0565, 0.0499], [0.0634, 0.082, 0.0669, 0.0735, 0.6064, 0.0749, 0.0328], [0.0778, 0.0204, 0.0762, 0.0571, 0.6848, 0.0472, 0.0365], [0.059, 0.0379, 0.0406, 0.0417, 0.7413, 0.0182, 0.0613], [0.0722, 0.0529, 0.0221, 0.0562, 0.694, 0.0645, 0.0381], [0.0485, 0.0544, 0.0217, 0.0872, 0.7399, 0.0314, 0.0169], [0.059, 0.0217, 0.0586, 0.0254, 0.719, 0.0381, 0.0782], [0.0513, 0.0629, 0.0573, 0.0175, 0.7332, 0.0357, 0.042], [0.0597, 0.0654, 0.0588, 0.0566, 0.6923, 0.0119, 0.0553], [0.0242, 0.0314, 0.0642, 0.0271, 0.7061, 0.0812, 0.0658], [0.0249, 0.0328, 0.077, 0.0373, 0.7482, 0.0454, 0.0344], [0.035, 0.0656, 0.044, 0.0269, 0.7254, 0.0767, 0.0264], [0.0714, 0.0251, 0.0616, 0.0753, 0.7048, 0.0166, 0.0452], [0.0408, 0.0816, 0.0259, 0.031, 0.7716, 0.0186, 0.0306], [0.0644, 0.071, 0.045, 0.0646, 0.6234, 0.0713, 0.0603], [0.0333, 0.054, 0.0252, 0.0751, 0.6799, 0.0635, 0.0691], [0.0655, 0.0513, 0.035, 0.044, 0.7427, 0.0209, 0.0405], [0.0311, 0.1028, 0.0229, 0.0324, 0.6891, 0.0196, 0.1021], [0.0683, 0.0708, 0.0361, 0.034, 0.6889, 0.0652, 0.0367]], "emotions": ["red", "red", "red", "red", "red", "red", "red", "red", "red", "red", "red", "red", "red", "red", "red", "red", "red", "red", "red", "red", "red", "red", "red", "red", "red", "red", "red", "red", "red", "red", "red", "red", "red", "red", "red", "red", "red", "red", "red", "red", "red", "red", "red", "red", "red", "red", "red", "red", "red", "red", "red", "red", "red", "red", "red", "red", "red", "red", "red", "red", "red", "red", "red", "red", "red", "red", "red", "red", "red", "red", "red", "red", "red", "red", "red", "red", "red", "red", "red", "red"], "timestamps": [0, 40, 80, 120, 160, 200, 240, 280, 320, 360, 400, 440, 480, 520, 560, 600, 640, 680, 720, 760, 800, 840, 880, 920, 960, 1000, 1040, 1080, 1120, 1160, 1200, 1240, 1280, 1320, 1360, 1400, 1440, 1480, 1520, 1560, 1600, 1640, 1680, 1720, 1760, 1800, 1840, 1880, 1920, 1960, 2000, 2040, 2080, 2120, 2160, 2200, 2240, 2280, 2320, 2360, 2400, 2440, 2480, 2520, 2560, 2600, 2640, 2680, 2720, 2760, 2800, 2840, 2880, 2920, 2960, 3000, 3040, 3080, 3120, 3160]}], "conversation": [], "conversation_timestamps": []}