{"agent_id": "agent-purple-99", "type": "purple", "trips": [{"trip_id": 0, "transport_method": "bus", "start_time": 0, "path": [[1.4980404, 42.49333], [1.4984068, 42.4938383], [1.4986213, 42.4943657], [1.4988555, 42.4948545], [1.4987839, 42.4953857], [1.4993432, 42.4957117], [1.4999164, 42.4960133], [1.5004913, 42.4963113], [1.5009949, 42.4966695], [1.5016265, 42.4968079], [1.5021933, 42.4971155], [1.5027599, 42.4974267], [1.5033508, 42.4976918], [1.5039363, 42.4979683], [1.5045242, 42.4982394], [1.5051181, 42.4984978], [1.5056996, 42.4987818], [1.506276, 42.499077], [1.5068606, 42.4993559], [1.5074476, 42.4996296], [1.5080108, 42.4999383], [1.5085949, 42.5002167], [1.5091766, 42.5005014], [1.5097331, 42.5007671], [1.5091486, 42.500488], [1.5095635, 42.5006786], [1.5101514, 42.5009504], [1.5107393, 42.5012222], [1.5112234, 42.5014421], [1.5106352, 42.5011757], [1.510225, 42.5010686], [1.5108346, 42.5012874], [1.5114442, 42.5015062], [1.5120538, 42.501725], [1.5119005, 42.5017238], [1.5118412, 42.5016525], [1.5124888, 42.5016653], [1.5130987, 42.5018082], [1.5136529, 42.5021434], [1.5139204, 42.5023315], [1.5134583, 42.5018857], [1.5129419, 42.5016605], [1.5133969, 42.5019254], [1.5139799, 42.5022074], [1.514563, 42.5024895], [1.5147658, 42.5025723], [1.5153049, 42.5029313], [1.515844, 42.5032903], [1.5153338, 42.5029351], [1.5154236, 42.503008], [1.5159594, 42.5033718], [1.516535, 42.5036595], [1.5171748, 42.5037458], [1.5178192, 42.5036971], [1.5184615, 42.5036141], [1.5190723, 42.5036261], [1.5196522, 42.5038432], [1.5202646, 42.5039687], [1.5208633, 42.5042159], [1.5214657, 42.5044532], [1.522021, 42.504759], [1.5226165, 42.5047243], [1.5232595, 42.5047975], [1.5238953, 42.5049101], [1.5245336, 42.5050192], [1.5251692, 42.505144], [1.5258047, 42.5052687], [1.5264463, 42.5053122], [1.5270918, 42.5053096], [1.5277213, 42.5054435], [1.5275787, 42.5054169], [1.5278679, 42.5054746], [1.5284891, 42.5056577], [1.5291104, 42.5058409], [1.5296453, 42.5062042], [1.5301745, 42.5065774], [1.5307266, 42.5069111], [1.5313364, 42.5071216], [1.5318639, 42.5073748], [1.5322592, 42.5078832]], "mood_vectors": [[0.0142, 0.0683, 0.0437, 0.0715, 0.0627, 0.666, 0.0736], [0.0597, 0.0875, 0.0191, 0.0268, 0.0792, 0.6452, 0.0827], [0.0373, 0.0356, 0.0685, 0.0437, 0.0836, 0.6791, 0.0522], [0.0355, 0.0218, 0.0653, 0.0586, 0.0485, 0.7509, 0.0195], [0.0622, 0.0758, 0.0406, 0.0803, 0.0469, 0.6502, 0.044], [0.0438, 0.0335, 0.0761, 0.0282, 0.038, 0.7208, 0.0595], [0.0892, 0.0776, 0.0201, 0.0395, 0.0318, 0.6618, 0.0801], [0.0789, 0.0595, 0.0684, 0.0147, 0.0546, 0.7024, 0.0215], [0.0867, 0.0818, 0.0448, 0.0794, 0.0598, 0.6246, 0.0229], [0.0328, 0.0652, 0.0673, 0.0779, 0.0703, 0.6694, 0.0171], [0.0615, 0.0152, 0.0566, 0.0812, 0.0384, 0.6673, 0.0797], [0.0339, 0.0567, 0.0599, 0.0824, 0.0787, 0.6146, 0.0738], [0.0617, 0.0513, 0.0668, 0.047, 0.084, 0.6644, 0.0248], [0.0541, 0.0162, 0.0379, 0.0432, 0.0583, 0.74, 0.0503], [0.0177, 0.0814, 0.0168, 0.0156, 0.0168, 0.8282, 0.0236], [0.0814, 0.0774, 0.0426, 0.0762, 0.0704, 0.6211, 0.0308], [0.0308, 0.0201, 0.02, 0.028, 0.0699, 0.7547, 0.0764], [0.0381, 0.0848, 0.029, 0.0229, 0.0873, 0.6596, 0.0783], [0.0585, 0.0761, 0.0144, 0.0493, 0.0334, 0.7056, 0.0627], [0.0697, 0.0635, 0.0118, 0.022, 0.0494, 0.7673, 0.0163], [0.0641, 0.0584, 0.0142, 0.0382, 0.0234, 0.783, 0.0187], [0.0354, 0.0635, 0.0586, 0.0417, 0.0723, 0.6588, 0.0697], [0.0191, 0.0181, 0.0897, 0.0251, 0.0569, 0.7533, 0.0378], [0.0834, 0.0142, 0.084, 0.0591, 0.0658, 0.634, 0.0595], [0.0342, 0.0314, 0.0653, 0.0711, 0.0568, 0.6787, 0.0624], [0.0433, 0.091, 0.0811, 0.0512, 0.077, 0.635, 0.0214], [0.0202, 0.0355, 0.058, 0.0922, 0.0482, 0.7175, 0.0283], [0.0265, 0.0433, 0.0561, 0.0687, 0.053, 0.6955, 0.057], [0.0385, 0.0619, 0.069, 0.0641, 0.0322, 0.6933, 0.0411], [0.0353, 0.0211, 0.0596, 0.031, 0.0774, 0.7091, 0.0665], [0.0148, 0.0814, 0.0525, 0.0647, 0.0439, 0.6863, 0.0565], [0.0585, 0.0309, 0.0667, 0.067, 0.0787, 0.6788, 0.0193], [0.0351, 0.0192, 0.0764, 0.0124, 0.0473, 0.737, 0.0727], [0.0284, 0.0309, 0.0171, 0.0572, 0.0762, 0.7363, 0.0539], [0.0674, 0.0483, 0.0649, 0.0469, 0.0198, 0.6718, 0.0808], [0.0802, 0.0245, 0.0587, 0.0458, 0.0328, 0.6774, 0.0805], [0.0564, 0.0625, 0.0389, 0.0601, 0.0491, 0.6606, 0.0725], [0.0489, 0.0188, 0.0585, 0.0714, 0.0128, 0.7381, 0.0515], [0.0454, 0.016, 0.033, 0.0255, 0.0871, 0.7124, 0.0806], [0.079, 0.0826, 0.0203, 0.0242, 0.0935, 0.6421, 0.0582], [0.0298, 0.0769, 0.0249, 0.0437, 0.0827, 0.682, 0.0599], [0.0529, 0.0702, 0.0395, 0.0111, 0.0714, 0.7114, 0.0435], [0.062, 0.0876, 0.0137, 0.0646, 0.0836, 0.6413, 0.0472], [0.035, 0.0898, 0.0393, 0.0219, 0.0786, 0.6495, 0.0859], [0.0856, 0.0712, 0.0192, 0.0722, 0.018, 0.7041, 0.0297], [0.0352, 0.0455, 0.0547, 0.0346, 0.0484, 0.7035, 0.0781], [0.0383, 0.0612, 0.0361, 0.0639, 0.0364, 0.7161, 0.0481], [0.0591, 0.041, 0.0595, 0.0836, 0.0697, 0.6411, 0.0461], [0.0834, 0.062, 0.0819, 0.0302, 0.087, 0.6381, 0.0174], [0.0434, 0.0362, 0.0222, 0.047, 0.0917, 0.6759, 0.0837], [0.0322, 0.0921, 0.0418, 0.0186, 0.0728, 0.6987, 0.0438], [0.0237, 0.0788, 0.0559, 0.0481, 0.039, 0.6654, 0.089], [0.0664, 0.0171, 0.0627, 0.0672, 0.0888, 0.6116, 0.0862], [0.0452, 0.0201, 0.0366, 0.0253, 0.0781, 0.7329, 0.0617], [0.0765, 0.0655, 0.0186, 0.0205, 0.0641, 0.7035, 0.0513], [0.0622, 0.0576, 0.0664, 0.037, 0.047, 0.6898, 0.0402], [0.0566, 0.0381, 0.0287, 0.0137, 0.0293, 0.7829, 0.0507], [0.0533, 0.0727, 0.028, 0.0591, 0.0207, 0.7009, 0.0651], [0.0415, 0.0734, 0.0372, 0.033, 0.0885, 0.665, 0.0614], [0.0314, 0.0519, 0.0365, 0.0917, 0.0228, 0.7302, 0.0355], [0.063, 0.0778, 0.0312, 0.02, 0.0239, 0.7522, 0.032], [0.0202, 0.0276, 0.0798, 0.0244, 0.0382, 0.7808, 0.0291], [0.0294, 0.0291, 0.0231, 0.0759, 0.1096, 0.688, 0.045], [0.0173, 0.0536, 0.0351, 0.0494, 0.0533, 0.7274, 0.0639], [0.0495, 0.0649, 0.0302, 0.0423, 0.0569, 0.7004, 0.0558], [0.0451, 0.0732, 0.077, 0.0648, 0.0799, 0.587, 0.073], [0.0666, 0.067, 0.035, 0.0526, 0.0804, 0.6417, 0.0568], [0.0387, 0.0183, 0.0744, 0.0588, 0.0762, 0.6519, 0.0817], [0.0825, 0.0196, 0.0415, 0.0732, 0.0357, 0.6513, 0.0962], [0.0268, 0.0805, 0.0378, 0.092, 0.0315, 0.6939, 0.0376], [0.0611, 0.0601, 0.0745, 0.0749, 0.0278, 0.6747, 0.0269], [0.0561, 0.077, 0.0514, 0.0239, 0.0729, 0.6854, 0.0332], [0.0553, 0.0399, 0.0299, 0.0696, 0.0798, 0.6863, 0.0392], [0.0796, 0.0248, 0.0452, 0.0389, 0.0722, 0.7215, 0.0178], [0.0466, 0.0369, 0.0363, 0.0493, 0.0352, 0.7772, 0.0184], [0.0619, 0.0565, 0.0833, 0.0298, 0.0335, 0.6502, 0.0848], [0.064, 0.0421, 0.0843, 0.0589, 0.0309, 0.6431, 0.0767], [0.059, 0.0618, 0.0152, 0.0669, 0.0624, 0.7146, 0.02], [0.016, 0.0228, 0.0659, 0.0604, 0.0173, 0.7579, 0.0598], [0.0875, 0.0485, 0.0433, 0.0213, 0.0792, 0.6371, 0.0832]], "emotions": ["purple", "purple", "purple", "purple", "purple", "purple", "purple", "purple", "purple", "purple", "purple", "purple", "purple", "purple", "purple", "purple", "purple", "purple", "purple", "purple", "purple", "purple", "purple", "purple", "purple", "purple", "purple", "purple", "purple", "purple", "purple", "purple", "purple", "purple", "purple", "purple", "purple", "purple", "purple", "purple", "purple", "purple", "purple", "purple", "purple", "purple", "purple", "purple", "purple", "purple", "purple", "purple", "purple", "purple", "purple", "purple", "purple", "purple", "purple", "purple", "purple", "purple", "purple", "purple", "purple", "purple", "purple", "purple", "purple", "purple", "purple", "purple", "purple", "purple", "purple", "purple", "purple", "purple", "purple", "purple"], "timestamps": [0, 40, 80, 120, 160, 200, 240, 280, 320, 360, 400, 440, 480, 520, 560, 600, 640, 680, 720, 760, 800, 840, 880, 920, 960, 1000, 1040, 1080, 1120, 1160, 1200, 1240, 1280, 1320, 1360, 1400, 1440, 1480, 1520, 1560, 1600, 1640, 1680, 1720, 1760, 1800, 1840, 1880, 1920, 1960, 2000, 2040, 2080, 2120, 2160, 2200, 2240, 2280, 2320, 2360, 2400, 2440, 2480, 2520, 2560, 2600, 2640, 2680, 2720, 2760, 2800, 2840, 2880, 2920, 2960, 3000, 3040, 3080, 3120, 3160]}], "conversation": [], "conversation_timestamps": []}