{"agent_id": "agent-orange-878", "type": "orange", "trips": [{"trip_id": 0, "transport_method": "foot", "start_time": 0, "path": [[1.5144691, 42.5048853], [1.5145759, 42.5051794], [1.5146773, 42.5054752], [1.5148537, 42.5057336], [1.5150273, 42.5059938], [1.5152693, 42.5061859], [1.5155687, 42.5062716], [1.5158749, 42.5063283], [1.5161651, 42.5064411], [1.5164753, 42.5064786], [1.5167869, 42.5065075], [1.5170985, 42.5065364], [1.51741, 42.5065654], [1.517721, 42.5066004], [1.518028, 42.506659], [1.5183093, 42.5067957], [1.5186068, 42.5068908], [1.5188746, 42.5068015], [1.5190767, 42.5070345], [1.5193579, 42.5071713], [1.5196293, 42.5073267], [1.5199121, 42.5074252], [1.5202241, 42.5074011], [1.5205251, 42.5074488], [1.520829, 42.5075001], [1.5211418, 42.5075099], [1.5214545, 42.5075198], [1.52176, 42.5075219], [1.5219868, 42.5077375], [1.5222726, 42.5077153], [1.5225844, 42.5077424], [1.5228961, 42.5077695], [1.5232048, 42.5078051], [1.5234996, 42.5078031], [1.5238117, 42.5077814], [1.5241244, 42.5077725], [1.5244346, 42.5078079], [1.5247395, 42.5078772], [1.5250401, 42.5079639], [1.5253408, 42.5080506], [1.5256373, 42.5081487], [1.5259388, 42.5082222], [1.5262451, 42.5082841], [1.5265537, 42.5083351], [1.5268658, 42.5083557], [1.5271786, 42.5083607], [1.527491, 42.5083739], [1.5277833, 42.5084839], [1.528071, 42.508607], [1.5283547, 42.5087388], [1.5286505, 42.5088352], [1.5289552, 42.5088534], [1.5292603, 42.5087841], [1.5295655, 42.5087149], [1.5298706, 42.5086456], [1.5301497, 42.5087776], [1.5304316, 42.5089123], [1.530737, 42.5088443], [1.5310403, 42.5088932], [1.5313431, 42.5089722], [1.5316399, 42.5090434], [1.5316406, 42.5087305], [1.5316413, 42.5084176], [1.531787, 42.5082608], [1.5320991, 42.5082832], [1.5324112, 42.5083056], [1.5327221, 42.5083409], [1.5330324, 42.5083806], [1.5333423, 42.5084237], [1.5336523, 42.5084668], [1.5339622, 42.50851], [1.5342696, 42.5085002], [1.5345816, 42.5085235], [1.5348937, 42.5085466], [1.5352057, 42.5085697], [1.5355179, 42.5085914], [1.53583, 42.5086134], [1.5361421, 42.5086356], [1.536453, 42.5086685], [1.5367622, 42.5087165]], "mood_vectors": [[0.0752, 0.015, 0.04, 0.048, 0.7542, 0.0364, 0.0312], [0.0189, 0.0604, 0.0451, 0.0395, 0.7289, 0.0593, 0.0479], [0.0884, 0.07, 0.0731, 0.0435, 0.6106, 0.0367, 0.0777], [0.0299, 0.0436, 0.0281, 0.0577, 0.7612, 0.017, 0.0625], [0.0537, 0.0414, 0.0795, 0.0645, 0.6634, 0.0209, 0.0766], [0.0458, 0.0769, 0.0523, 0.0393, 0.6285, 0.0721, 0.0849], [0.074, 0.072, 0.0777, 0.0559, 0.597, 0.0563, 0.0671], [0.0558, 0.0392, 0.0477, 0.0283, 0.7149, 0.0272, 0.087], [0.0825, 0.0576, 0.0354, 0.0309, 0.6922, 0.0312, 0.0702], [0.0345, 0.034, 0.0344, 0.0701, 0.6822, 0.0741, 0.0706], [0.0528, 0.0575, 0.0411, 0.0566, 0.7045, 0.0651, 0.0225], [0.0818, 0.0381, 0.055, 0.068, 0.6821, 0.0261, 0.0488], [0.0814, 0.06, 0.0455, 0.0853, 0.5676, 0.0843, 0.076], [0.024, 0.0763, 0.0864, 0.0234, 0.702, 0.0159, 0.072], [0.0578, 0.0785, 0.0748, 0.0259, 0.6357, 0.0434, 0.0839], [0.08, 0.0233, 0.0733, 0.0194, 0.6982, 0.0448, 0.0611], [0.0835, 0.0323, 0.077, 0.0462, 0.6708, 0.064, 0.0262], [0.0215, 0.0722, 0.0192, 0.0873, 0.6636, 0.0776, 0.0586], [0.0694, 0.0356, 0.0766, 0.0307, 0.7253, 0.0265, 0.036], [0.063, 0.0344, 0.0136, 0.0402, 0.769, 0.0573, 0.0225], [0.0242, 0.0524, 0.0767, 0.0149, 0.703, 0.0716, 0.0572], [0.0604, 0.0615, 0.0392, 0.0672, 0.7153, 0.0266, 0.0298], [0.0402, 0.0637, 0.0156, 0.0847, 0.6639, 0.0812, 0.0506], [0.0279, 0.0379, 0.0459, 0.0749, 0.7127, 0.0792, 0.0215], [0.0123, 0.0198, 0.0336, 0.0444, 0.7464, 0.0797, 0.0638], [0.0713, 0.0752, 0.0841, 0.013, 0.6424, 0.0631, 0.0509], [0.0716, 0.0246, 0.075, 0.016, 0.7587, 0.0274, 0.0267], [0.0181, 0.0609, 0.0653, 0.0667, 0.6731, 0.086, 0.0299], [0.0871, 0.0609, 0.0557, 0.0949, 0.6039, 0.0459, 0.0516], [0.0738, 0.0782, 0.0407, 0.0559, 0.7023, 0.0266, 0.0226], [0.0513, 0.0911, 0.0575, 0.0208, 0.7423, 0.0139, 0.0231], [0.0141, 0.0405, 0.0434, 0.0824, 0.7081, 0.0589, 0.0527], [0.0178, 0.0124, 0.0509, 0.0576, 0.7472, 0.047, 0.0672], [0.0181, 0.0387, 0.0315, 0.0616, 0.782, 0.0309, 0.0371], [0.0489, 0.0133, 0.0656, 0.0727, 0.7104, 0.0726, 0.0165], [0.0517, 0.0668, 0.0684, 0.0786, 0.661, 0.0554, 0.018], [0.0661, 0.0372, 0.0602, 0.0738, 0.6823, 0.0457, 0.0347], [0.0407, 0.0446, 0.052, 0.0428, 0.7595, 0.0274, 0.0329], [0.0665, 0.0512, 0.0449, 0.0127, 0.712, 0.0718, 0.0408], [0.0458, 0.0376, 0.0136, 0.0397, 0.7294, 0.0718, 0.0621], [0.0291, 0.0447, 0.025, 0.069, 0.763, 0.0224, 0.047], [0.0396, 0.0646, 0.0582, 0.019, 0.6258, 0.098, 0.0948], [0.0565, 0.0713, 0.0202, 0.0595, 0.6895, 0.0873, 0.0157], [0.0915, 0.0854, 0.0789, 0.0498, 0.5901, 0.0859, 0.0185], [0.0688, 0.0763, 0.0298, 0.0312, 0.75, 0.0315, 0.0124], [0.0813, 0.064, 0.0208, 0.0857, 0.6779, 0.0467, 0.0235], [0.053, 0.0339, 0.0761, 0.0551, 0.6575, 0.0893, 0.0351], [0.0561, 0.0532, 0.0796, 0.0516, 0.6469, 0.0343, 0.0784], [0.0273, 0.0416, 0.0222, 0.0141, 0.7577, 0.0741, 0.0629], [0.0977, 0.0716, 0.0275, 0.0451, 0.6066, 0.0599, 0.0917], [0.0655, 0.0567, 0.0141, 0.0253, 0.7767, 0.0231, 0.0386], [0.0421, 0.0622, 0.0221, 0.0442, 0.7073, 0.0698, 0.0523], [0.0443, 0.0218, 0.0614, 0.0718, 0.6757, 0.0391, 0.0859], [0.0448, 0.0742, 0.0738, 0.0591, 0.6917, 0.019, 0.0375], [0.0586, 0.0578, 0.0407, 0.035, 0.7053, 0.0145, 0.0881], [0.0516, 0.0339, 0.0548, 0.0505, 0.7299, 0.0333, 0.046], [0.0482, 0.05, 0.0476, 0.0397, 0.6923, 0.0756, 0.0466], [0.0494, 0.0765, 0.0794, 0.0682, 0.6398, 0.0578, 0.0289], [0.0499, 0.0634, 0.0516, 0.0225, 0.6976, 0.0585, 0.0566], [0.0712, 0.0618, 0.0438, 0.064, 0.6617, 0.0375, 0.0599], [0.0333, 0.0633, 0.0154, 0.0499, 0.7248, 0.0331, 0.0802], [0.0207, 0.0335, 0.0475, 0.0653, 0.728, 0.0372, 0.0678], [0.0789, 0.0347, 0.0796, 0.016, 0.6869, 0.0618, 0.0422], [0.0183, 0.0186, 0.035, 0.0171, 0.7838, 0.0812, 0.0459], [0.0808, 0.0687, 0.0481, 0.0789, 0.6671, 0.0422, 0.0143], [0.0261, 0.0254, 0.0549, 0.032, 0.7407, 0.0483, 0.0726], [0.0172, 0.022, 0.0421, 0.0489, 0.7578, 0.0541, 0.0579], [0.0452, 0.0634, 0.0144, 0.0765, 0.7606, 0.0255, 0.0144], [0.0612, 0.0204, 0.0144, 0.0706, 0.727, 0.0799, 0.0266], [0.0427, 0.0229, 0.0741, 0.0764, 0.6571, 0.0775, 0.0492], [0.0796, 0.032, 0.0257, 0.0158, 0.6953, 0.074, 0.0776], [0.025, 0.0526, 0.0519, 0.0395, 0.7589, 0.0388, 0.0333], [0.0656, 0.0222, 0.0648, 0.0793, 0.6718, 0.0737, 0.0226], [0.0339, 0.0552, 0.0609, 0.0802, 0.6538, 0.0723, 0.0436], [0.0525, 0.063, 0.0657, 0.0331, 0.719, 0.0125, 0.0542], [0.0138, 0.0707, 0.0166, 0.0691, 0.7174, 0.0285, 0.0839], [0.0541, 0.0725, 0.0629, 0.0464, 0.7213, 0.0142, 0.0286], [0.0151, 0.026, 0.064, 0.0286, 0.7574, 0.0444, 0.0645], [0.0483, 0.0403, 0.0554, 0.0409, 0.7071, 0.0158, 0.0923], [0.0434, 0.0585, 0.0674, 0.0695, 0.7176, 0.0223, 0.0213]], "emotions": ["red", "red", "red", "red", "red", "red", "red", "red", "red", "red", "red", "red", "red", "red", "red", "red", "red", "red", "red", "red", "red", "red", "red", "red", "red", "red", "red", "red", "red", "red", "red", "red", "red", "red", "red", "red", "red", "red", "red", "red", "red", "red", "red", "red", "red", "red", "red", "red", "red", "red", "red", "red", "red", "red", "red", "red", "red", "red", "red", "red", "red", "red", "red", "red", "red", "red", "red", "red", "red", "red", "red", "red", "red", "red", "red", "red", "red", "red", "red", "red"], "timestamps": [0, 40, 80, 120, 160, 200, 240, 280, 320, 360, 400, 440, 480, 520, 560, 600, 640, 680, 720, 760, 800, 840, 880, 920, 960, 1000, 1040, 1080, 1120, 1160, 1200, 1240, 1280, 1320, 1360, 1400, 1440, 1480, 1520, 1560, 1600, 1640, 1680, 1720, 1760, 1800, 1840, 1880, 1920, 1960, 2000, 2040, 2080, 2120, 2160, 2200, 2240, 2280, 2320, 2360, 2400, 2440, 2480, 2520, 2560, 2600, 2640, 2680, 2720, 2760, 2800, 2840, 2880, 2920, 2960, 3000, 3040, 3080, 3120, 3160]}], "conversation": [], "conversation_timestamps": []}