{"agent_id": "agent-blue-290", "type": "blue", "trips": [{"trip_id": 0, "transport_method": "foot", "start_time": 0, "path": [[1.5977464, 42.5675602], [1.596855, 42.5660942], [1.59568, 42.565302], [1.5939848, 42.5647435], [1.5956762, 42.5654567], [1.5946906, 42.5649768], [1.5927828, 42.5643544], [1.5909428, 42.5636944], [1.5903399, 42.5618055], [1.5896791, 42.5599323], [1.5889061, 42.5581657], [1.5887638, 42.5561761], [1.5886215, 42.5541995], [1.5894055, 42.5524399], [1.5908562, 42.5510593], [1.5907126, 42.5490652], [1.5904819, 42.5470503], [1.5902512, 42.5450353], [1.5900205, 42.5430204], [1.5897898, 42.5410055], [1.5895591, 42.5389905], [1.5893344, 42.5369857], [1.5911589, 42.5378667], [1.5917666, 42.5396786], [1.5919777, 42.5414387], [1.591551, 42.5433245], [1.5914599, 42.5452282], [1.5917566, 42.5471675], [1.5915017, 42.5491576], [1.5909118, 42.5508188], [1.5906579, 42.5488066], [1.590404, 42.5467944], [1.5901502, 42.5447823], [1.5898963, 42.5427701], [1.5896424, 42.540758], [1.5893886, 42.5387458], [1.589093, 42.5367529], [1.5879324, 42.5351934], [1.587989, 42.5352417], [1.5862727, 42.5341652], [1.5855527, 42.5336412], [1.5839791, 42.5323684], [1.582116, 42.531688], [1.580089, 42.5317512], [1.5780625, 42.5317882], [1.5760488, 42.5315614], [1.5742644, 42.5307426], [1.573367, 42.5300312], [1.5748018, 42.5312412], [1.5733098, 42.5298675], [1.5714972, 42.52933], [1.5698533, 42.5282687], [1.5707521, 42.5288236], [1.5703411, 42.5287197], [1.5686532, 42.5275954], [1.5680289, 42.5271671], [1.5684778, 42.527392], [1.5667937, 42.5262619], [1.5650122, 42.5253193], [1.5631224, 42.5246834], [1.5616258, 42.5233638], [1.5599583, 42.5222441], [1.5583796, 42.5210162], [1.5569959, 42.519567], [1.5560912, 42.518565], [1.5559967, 42.5187214], [1.5548586, 42.5178654], [1.5539012, 42.516968], [1.5542798, 42.5173784], [1.5532779, 42.5156583], [1.552686, 42.5138029], [1.5510696, 42.512636], [1.5493065, 42.5117193], [1.5473383, 42.5112309], [1.5462493, 42.5098534], [1.5453549, 42.5093597], [1.5433813, 42.5090105], [1.5414551, 42.5091396], [1.5396823, 42.5100041], [1.5381967, 42.5109852]], "mood_vectors": [[0.0233, 0.0703, 0.0139, 0.7141, 0.0511, 0.0529, 0.0744], [0.0444, 0.0659, 0.0582, 0.7235, 0.0351, 0.023, 0.0499], [0.0817, 0.0511, 0.0676, 0.6074, 0.0629, 0.0857, 0.0436], [0.0838, 0.0732, 0.0281, 0.6018, 0.0579, 0.0696, 0.0856], [0.0736, 0.0243, 0.0398, 0.7405, 0.0569, 0.0354, 0.0296], [0.0445, 0.0482, 0.0771, 0.6658, 0.0372, 0.0777, 0.0495], [0.0231, 0.0114, 0.0747, 0.7785, 0.0223, 0.0151, 0.0748], [0.0495, 0.0476, 0.045, 0.7528, 0.0485, 0.0219, 0.0348], [0.0868, 0.0734, 0.0313, 0.7175, 0.0144, 0.0405, 0.0361], [0.0313, 0.0833, 0.0367, 0.64, 0.0544, 0.0761, 0.0782], [0.0277, 0.0585, 0.0525, 0.7155, 0.0197, 0.0531, 0.073], [0.0237, 0.0392, 0.0926, 0.6968, 0.0281, 0.0915, 0.028], [0.0711, 0.082, 0.061, 0.6575, 0.0303, 0.0417, 0.0564], [0.0501, 0.0702, 0.0824, 0.6297, 0.0372, 0.0754, 0.0551], [0.0855, 0.0513, 0.0698, 0.6405, 0.0346, 0.026, 0.0924], [0.0728, 0.0488, 0.0199, 0.6757, 0.0367, 0.0713, 0.0748], [0.0292, 0.0718, 0.0715, 0.7594, 0.0191, 0.0238, 0.0254], [0.0446, 0.0565, 0.0481, 0.7198, 0.0144, 0.0591, 0.0575], [0.0845, 0.0528, 0.0454, 0.6741, 0.0561, 0.0696, 0.0176], [0.0683, 0.0684, 0.0708, 0.7151, 0.0194, 0.025, 0.033], [0.0514, 0.0417, 0.0335, 0.7607, 0.0761, 0.0191, 0.0175], [0.024, 0.0363, 0.0465, 0.7781, 0.0348, 0.034, 0.0462], [0.0224, 0.0486, 0.0442, 0.7504, 0.0524, 0.0351, 0.0469], [0.0787, 0.0679, 0.0678, 0.658, 0.0291, 0.0405, 0.0581], [0.019, 0.0574, 0.0435, 0.7554, 0.0286, 0.0515, 0.0446], [0.088, 0.0193, 0.0381, 0.6986, 0.0585, 0.0172, 0.0803], [0.043, 0.0233, 0.013, 0.7533, 0.0701, 0.0493, 0.0482], [0.065, 0.0406, 0.0221, 0.7667, 0.0332, 0.0184, 0.054], [0.0349, 0.0501, 0.0537, 0.7349, 0.0155, 0.082, 0.0287], [0.0415, 0.0194, 0.0561, 0.7515, 0.0564, 0.0446, 0.0304], [0.063, 0.0309, 0.0653, 0.6584, 0.0614, 0.0596, 0.0614], [0.0246, 0.0726, 0.0753, 0.6188, 0.0715, 0.0722, 0.065], [0.0426, 0.0728, 0.0628, 0.6788, 0.0299, 0.0547, 0.0584], [0.0556, 0.0468, 0.0287, 0.7078, 0.0511, 0.0502, 0.0598], [0.0222, 0.0369, 0.0594, 0.6813, 0.0767, 0.0526, 0.0709], [0.0628, 0.0728, 0.0413, 0.6847, 0.0295, 0.0694, 0.0395], [0.0483, 0.0803, 0.0219, 0.7187, 0.015, 0.0387, 0.0771], [0.0437, 0.0737, 0.0437, 0.722, 0.0257, 0.0422, 0.0489], [0.0222, 0.0521, 0.0132, 0.7736, 0.0769, 0.014, 0.0479], [0.0324, 0.0671, 0.0325, 0.7522, 0.0722, 0.0214, 0.0224], [0.0656, 0.0663, 0.0327, 0.6891, 0.0236, 0.0629, 0.0597], [0.0816, 0.0568, 0.0445, 0.6767, 0.0738, 0.0199, 0.0468], [0.0965, 0.077, 0.0255, 0.6605, 0.0264, 0.095, 0.0191], [0.0462, 0.0423, 0.0283, 0.7607, 0.0622, 0.0304, 0.0299], [0.0746, 0.0555, 0.0406, 0.6762, 0.0581, 0.048, 0.047], [0.0265, 0.0748, 0.0621, 0.6569, 0.1007, 0.0315, 0.0475], [0.0636, 0.0506, 0.0386, 0.7122, 0.0499, 0.0466, 0.0385], [0.0518, 0.0421, 0.0606, 0.6553, 0.0353, 0.0776, 0.0772], [0.0175, 0.0267, 0.0296, 0.7292, 0.0785, 0.0595, 0.0589], [0.058, 0.02, 0.0687, 0.7069, 0.0293, 0.0748, 0.0423], [0.0465, 0.0457, 0.0688, 0.7072, 0.0363, 0.0438, 0.0518], [0.0363, 0.0396, 0.0379, 0.6878, 0.0834, 0.0439, 0.0709], [0.0178, 0.0405, 0.0279, 0.6902, 0.0802, 0.0861, 0.0573], [0.0245, 0.0487, 0.0615, 0.8006, 0.025, 0.0213, 0.0184], [0.0425, 0.0443, 0.0271, 0.701, 0.046, 0.0774, 0.0617], [0.0438, 0.028, 0.014, 0.7867, 0.0343, 0.0376, 0.0555], [0.0709, 0.0626, 0.0133, 0.7015, 0.0713, 0.059, 0.0214], [0.0679, 0.0156, 0.0449, 0.7813, 0.0273, 0.0489, 0.0142], [0.0728, 0.0336, 0.0689, 0.6525, 0.0534, 0.0411, 0.0777], [0.0589, 0.041, 0.0237, 0.7078, 0.0639, 0.0678, 0.0369], [0.0759, 0.0396, 0.0704, 0.6759, 0.0597, 0.0171, 0.0613], [0.0557, 0.053, 0.0396, 0.6977, 0.0839, 0.0335, 0.0365], [0.0254, 0.0596, 0.0319, 0.6913, 0.0272, 0.0763, 0.0883], [0.0541, 0.0256, 0.0678, 0.7392, 0.0211, 0.0627, 0.0294], [0.0216, 0.0569, 0.0745, 0.6414, 0.0629, 0.0719, 0.0708], [0.0672, 0.0375, 0.0283, 0.7493, 0.0276, 0.0599, 0.0302], [0.0648, 0.0674, 0.0635, 0.6489, 0.0782, 0.0534, 0.0238], [0.072, 0.0767, 0.0836, 0.6378, 0.0636, 0.0185, 0.0478], [0.0442, 0.0894, 0.0727, 0.6229, 0.0614, 0.06, 0.0494], [0.0594, 0.0858, 0.0366, 0.6891, 0.0453, 0.0251, 0.0587], [0.0505, 0.067, 0.0715, 0.7397, 0.0122, 0.0379, 0.0211], [0.0479, 0.0725, 0.0377, 0.7044, 0.0548, 0.0458, 0.0368], [0.0753, 0.0222, 0.0602, 0.7319, 0.0792, 0.0135, 0.0177], [0.0183, 0.0398, 0.0687, 0.7491, 0.0651, 0.0336, 0.0256], [0.0757, 0.0787, 0.0349, 0.6982, 0.0319, 0.0258, 0.0549], [0.026, 0.0296, 0.0408, 0.7931, 0.0176, 0.0521, 0.0407], [0.0467, 0.0348, 0.0296, 0.7057, 0.0511, 0.0509, 0.0813], [0.0425, 0.0296, 0.0963, 0.684, 0.0156, 0.0716, 0.0603], [0.0348, 0.0625, 0.0759, 0.6435, 0.0781, 0.0502, 0.055], [0.0439, 0.0575, 0.0831, 0.64, 0.0361, 0.0489, 0.0906]], "emotions": ["green", "green", "green", "green", "green", "green", "green", "green", "green", "green", "green", "green", "green", "green", "green", "green", "green", "green", "green", "green", "green", "green", "green", "green", "green", "green", "green", "green", "green", "green", "green", "green", "green", "green", "green", "green", "green", "green", "green", "green", "green", "green", "green", "green", "green", "green", "green", "green", "green", "green", "green", "green", "green", "green", "green", "green", "green", "green", "green", "green", "green", "green", "green", "green", "green", "green", "green", "green", "green", "green", "green", "green", "green", "green", "green", "green", "green", "green", "green", "green"], "timestamps": [0, 40, 80, 120, 160, 200, 240, 280, 320, 360, 400, 440, 480, 520, 560, 600, 640, 680, 720, 760, 800, 840, 880, 920, 960, 1000, 1040, 1080, 1120, 1160, 1200, 1240, 1280, 1320, 1360, 1400, 1440, 1480, 1520, 1560, 1600, 1640, 1680, 1720, 1760, 1800, 1840, 1880, 1920, 1960, 2000, 2040, 2080, 2120, 2160, 2200, 2240, 2280, 2320, 2360, 2400, 2440, 2480, 2520, 2560, 2600, 2640, 2680, 2720, 2760, 2800, 2840, 2880, 2920, 2960, 3000, 3040, 3080, 3120, 3160]}], "conversation": [], "conversation_timestamps": []}