{
  "agent_id": "agent-type-orange-19",
  "type": "orange",
  "trips": [
    {
      "trip_id": 0,
      "transport_method": "car",
      "start_time": 0,
      "path": [
        [
          1.5241413000000006,
          42.5072446
        ],
        [
          1.5239720899948133,
          42.50764579215266
        ],
        [
          1.5235234890891074,
          42.50779033007533
        ],
        [
          1.5230343419318206,
          42.50771589695944
        ],
        [
          1.522571769178606,
          42.50757882540609
        ],
        [
          1.5223577479771138,
          42.5071591129345
        ],
        [
          1.5220137268221945,
          42.50680051740322
        ],
        [
          1.521669705667275,
          42.50644192187195
        ],
        [
          1.5220825889030223,
          42.50633632455842
        ],
        [
          1.5225659798712525,
          42.50645153949633
        ],
        [
          1.5230493708394826,
          42.506566754434246
        ],
        [
          1.5235328180272407,
          42.50668173262054
        ],
        [
          1.5240165562734824,
          42.50679548016856
        ],
        [
          1.5238404665728862,
          42.50675413736929
        ],
        [
          1.523356812674465,
          42.5066400323692
        ],
        [
          1.5228734217062347,
          42.50652481743129
        ],
        [
          1.5223900307380045,
          42.50640960249338
        ],
        [
          1.521905997787526,
          42.5063051712958
        ],
        [
          1.5217949256817256,
          42.50657244680323
        ],
        [
          1.5221389468366449,
          42.506931042334514
        ],
        [
          1.5224829679915644,
          42.50728963786579
        ],
        [
          1.5221752048028192,
          42.50754553597535
        ],
        [
          1.5216836704640448,
          42.50747558610964
        ],
        [
          1.5211868019593122,
          42.50746764891308
        ],
        [
          1.5206899334545796,
          42.507459711716514
        ],
        [
          1.5205061794568766,
          42.507270618535806
        ],
        [
          1.5200336311127487,
          42.50712091440084
        ],
        [
          1.5199350537568794,
          42.506856108485884
        ],
        [
          1.5195344400552155,
          42.50667682196638
        ],
        [
          1.5199600939969586,
          42.50645562319533
        ],
        [
          1.5197246474870547,
          42.506533053482165
        ],
        [
          1.519413820348817,
          42.506851453211276
        ],
        [
          1.5190191480453932,
          42.50691168443942
        ],
        [
          1.518539046139328,
          42.506842087482326
        ],
        [
          1.5180710044094081,
          42.506675119673645
        ],
        [
          1.5175830690284795,
          42.50659622134283
        ],
        [
          1.5170892334053816,
          42.506540981405294
        ],
        [
          1.5165954449903738,
          42.50648517539049
        ],
        [
          1.5161026196831933,
          42.50642565568969
        ],
        [
          1.5161904450673176,
          42.50636090553187
        ],
        [
          1.5166864881473168,
          42.506390613659875
        ],
        [
          1.516670868772685,
          42.50638967821212
        ],
        [
          1.516174825692686,
          42.50635997008412
        ],
        [
          1.5161172049552425,
          42.50643112659211
        ],
        [
          1.51661099337025,
          42.506486932606926
        ],
        [
          1.5171047817852577,
          42.50654273862173
        ],
        [
          1.5175986936942656,
          42.506597063806744
        ],
        [
          1.5180857420792147,
          42.50668037714595
        ],
        [
          1.5185537838091345,
          42.506847344954636
        ],
        [
          1.518797278236127,
          42.50677024985767
        ],
        [
          1.5187309105569284,
          42.50628943314633
        ],
        [
          1.5184390261625014,
          42.505889430718774
        ],
        [
          1.5181471216314362,
          42.505573307195675
        ],
        [
          1.517652017912649,
          42.50553072060474
        ],
        [
          1.5171569141938617,
          42.5054881340138
        ],
        [
          1.5170141732525781,
          42.50550170269303
        ],
        [
          1.516858537139002,
          42.50534828322268
        ],
        [
          1.5163926980491664,
          42.505175265152914
        ],
        [
          1.516101833535986,
          42.50488738614401
        ],
        [
          1.5165246701668766,
          42.50507832127444
        ],
        [
          1.516962188896323,
          42.50530883924863
        ],
        [
          1.5174497628992873,
          42.50540482311039
        ],
        [
          1.517280857075955,
          42.5052794634624
        ],
        [
          1.5171307950261026,
          42.50488179713812
        ],
        [
          1.5170655696192945,
          42.50438916445914
        ],
        [
          1.5171309301349316,
          42.5040139249265
        ],
        [
          1.5170205509548529,
          42.50404914871447
        ],
        [
          1.5170857763616612,
          42.50454178139344
        ],
        [
          1.5171510017684693,
          42.50503441407241
        ],
        [
          1.5174347787880218,
          42.50528235235265
        ],
        [
          1.5177874908362798,
          42.505464970619876
        ],
        [
          1.5182466088065774,
          42.505284823177206
        ],
        [
          1.5185956416134367,
          42.5049452525645
        ],
        [
          1.5187948736751653,
          42.504490285438656
        ],
        [
          1.5191289714281488,
          42.50448892369464
        ],
        [
          1.5196088633671587,
          42.50461793934082
        ],
        [
          1.5196940219631567,
          42.50496594236318
        ],
        [
          1.5197355161864037,
          42.50500148208783
        ],
        [
          1.5198205,
          42.5045691
        ]
      ],
      "emotions": [
        "purple",
        "purple",
        "purple",
        "purple",
        "purple",
        "green",
        "green",
        "green",
        "green",
        "green",
        "purple",
        "purple",
        "purple",
        "purple",
        "purple",
        "green",
        "green",
        "green",
        "green",
        "green",
        "green",
        "green",
        "green",
        "green",
        "green",
        "green",
        "green",
        "green",
        "green",
        "green",
        "red",
        "red",
        "red",
        "red",
        "red",
        "red",
        "red",
        "red",
        "red",
        "red",
        "red",
        "red",
        "red",
        "red",
        "red",
        "red",
        "red",
        "red",
        "red",
        "red",
        "green",
        "green",
        "green",
        "green",
        "green",
        "purple",
        "purple",
        "purple",
        "purple",
        "purple",
        "green",
        "green",
        "green",
        "green",
        "green",
        "red",
        "red",
        "red",
        "red",
        "red",
        "purple",
        "purple",
        "purple",
        "purple",
        "purple",
        "green",
        "green",
        "green",
        "green"
      ],
      "mood_vectors": [
        [
          0.20968239182341877,
          0.032428438547359294,
          0.2911810118487432,
          0.15898615540288014,
          0.24403497564106882,
          0.003945002588626956,
          0.05974202414790279
        ],
        [
          0.1518682128100725,
          0.16173907342956942,
          0.03147249675995924,
          0.14901444000483635,
          0.17087249549781852,
          0.19890739519420347,
          0.13612588630354047
        ],
        [
          0.330476391858786,
          0.009329252884553151,
          0.07823771613240567,
          0.22797830040842657,
          0.13215175420985173,
          0.11105632790988086,
          0.11077025659609596
        ],
        [
          0.15782202794089414,
          0.25598884881104317,
          0.16555531399628168,
          0.053145301183743804,
          0.09886182357660349,
          0.07578706500547103,
          0.19283961948596262
        ],
        [
          0.20179777751819686,
          0.027644020542649146,
          0.2061802848833474,
          0.04913992486335315,
          0.13952243370842482,
          0.14156812498750584,
          0.23414743349652278
        ],
        [
          0.07076127708097167,
          0.07399635484191289,
          0.06737794651241075,
          0.07807039880537303,
          0.28314062698530745,
          0.18117086420646783,
          0.24548253156755642
        ],
        [
          0.1639956147188515,
          0.14708503876330092,
          0.18865481818878205,
          0.05550271651365859,
          0.17977046192732,
          0.030416868443353264,
          0.2345744814447337
        ],
        [
          0.1526900773538178,
          0.2277328208063049,
          0.13989630195739616,
          0.13638585222330754,
          0.002580705789810588,
          0.18353751769416912,
          0.1571767241751938
        ],
        [
          0.06888753629082012,
          0.12209553367698298,
          0.18664837941566564,
          0.014578233513428457,
          0.1870242923043903,
          0.2491026706775719,
          0.17166335412114056
        ],
        [
          0.04218148662989681,
          0.12948447768315408,
          0.10688960245949473,
          0.3164378552706666,
          0.19534220918469958,
          0.15468506293570247,
          0.05497930583638577
        ],
        [
          0.1375596724320289,
          0.2510741921834983,
          0.2359975278203903,
          0.11986641739093992,
          0.17154809288483575,
          0.0193260635608435,
          0.06462803372746326
        ],
        [
          0.05342141920198834,
          0.221302779514157,
          0.19549131727426702,
          0.018634784325633667,
          0.19319131068996906,
          0.11331748208112462,
          0.2046409069128603
        ],
        [
          0.1537476406446942,
          0.21245935806864752,
          0.07684805956950144,
          0.2005844400313974,
          0.1130189221471507,
          0.03937154051543497,
          0.20397003902317373
        ],
        [
          0.20641770074068586,
          0.0809290596894634,
          0.29253812383726685,
          0.3123189299261336,
          0.03179381283291152,
          0.06261012326885058,
          0.013392249704688238
        ],
        [
          0.09778606980511483,
          0.24208648329594354,
          0.20350705844404016,
          0.11126041127447722,
          0.2597066734676815,
          0.03564716549052722,
          0.05000613822221556
        ],
        [
          0.11860533248198259,
          0.06255122800404563,
          0.15549883697806244,
          0.07058531346881436,
          0.20606280754437833,
          0.2716890676906806,
          0.11500741383203612
        ],
        [
          0.33571431058395934,
          0.2139520852197148,
          0.20249238202109257,
          0.03959707134331317,
          0.07234933907570411,
          0.04187326559556914,
          0.09402154616064684
        ],
        [
          0.1325340068909347,
          0.1552833195800109,
          0.12389404712145148,
          0.18049573604196376,
          0.004412886979946653,
          0.2606271249860555,
          0.14275287839963696
        ],
        [
          0.14564402345278057,
          0.09701106598951077,
          0.1622452706039147,
          0.20799739568382566,
          0.16593703558773126,
          0.11120944335192262,
          0.10995576533031444
        ],
        [
          0.20675844119606304,
          0.05492754946832821,
          0.11479134772793131,
          0.11790314691681776,
          0.21638834528537232,
          0.0954023656612398,
          0.19382880374424757
        ],
        [
          0.21452209796250293,
          0.09079236336601224,
          0.24642636872427587,
          0.06752492058175191,
          0.161056022695639,
          0.11329161236676374,
          0.10638661430305434
        ],
        [
          0.2601096616372023,
          0.21260601877666105,
          0.031222843240240206,
          0.2580892415113493,
          0.024870912873867456,
          0.11423550243480457,
          0.09886581952587513
        ],
        [
          0.018119669761299622,
          0.13874610666138162,
          0.1970246131804484,
          0.18946301455334943,
          0.016768988254868812,
          0.21491455355378203,
          0.22496305403487005
        ],
        [
          0.07112186790811191,
          0.1553949065662103,
          0.09994566051720455,
          0.20117448398293894,
          0.23408998340755865,
          0.17037127011385111,
          0.06790182750412457
        ],
        [
          0.04181564583358419,
          0.12921624003514692,
          0.3514515662324498,
          0.006118943554871939,
          0.23921049758861052,
          0.14852733194761675,
          0.08365977480772005
        ],
        [
          0.20879288268842072,
          0.19858779399176715,
          0.09159276989597087,
          0.1451478623803691,
          0.22636573684812406,
          0.0862946314206619,
          0.04321832277468622
        ],
        [
          0.29300587734882794,
          0.19492424945024245,
          0.1646030273717894,
          0.022042361165146126,
          0.21996586843564658,
          0.007564677182929722,
          0.09789393904541778
        ],
        [
          0.20658967598896952,
          0.029547818171520027,
          0.12557131512995764,
          0.0298546754630667,
          0.2090006569620233,
          0.18515213062867703,
          0.21428372765578577
        ],
        [
          0.057625461909802035,
          0.21818845137994802,
          0.021114848859816834,
          0.10656344518237558,
          0.2536786059673466,
          0.237182982060996,
          0.10564620463971504
        ],
        [
          0.20352978426253152,
          0.0236858001986096,
          0.3820751615754062,
          0.08560508675007039,
          0.059834456822934694,
          0.1508473831983887,
          0.0944223271920589
        ],
        [
          0.015222636632833861,
          0.3064966316444619,
          0.02195419430689286,
          0.044007244087101875,
          0.23989162722007057,
          0.22832760945024136,
          0.14410005665839754
        ],
        [
          0.1585056435943423,
          0.2999122333458071,
          0.05590606307375624,
          0.27488625085491697,
          0.041123552759923486,
          0.05975469139683346,
          0.10991156497442044
        ],
        [
          0.15880486079483905,
          0.23350577871611805,
          0.01486764006125654,
          0.07773899474821185,
          0.2591154969698821,
          0.04156095248737405,
          0.2144062762223183
        ],
        [
          0.16660498041498073,
          0.14948247193121117,
          0.06876952541103959,
          0.00484281959305575,
          0.001979819084304138,
          0.13438147507733725,
          0.47393890848807124
        ],
        [
          0.23626562752360197,
          0.08213766079069969,
          0.09877456662781746,
          0.3425737772819204,
          0.11061531396611234,
          0.013874441698982703,
          0.11575861211086542
        ],
        [
          0.227049271401653,
          0.06765945192995283,
          0.23076595867719182,
          0.19468850707985974,
          0.09060803774475215,
          0.13117893437862954,
          0.05804983878796095
        ],
        [
          0.16368413131375534,
          0.11024564248654041,
          0.17144942780755287,
          0.1455855788526613,
          0.17592339498047044,
          0.12672760950011622,
          0.10638421505890347
        ],
        [
          0.030962252072922334,
          0.20773035883498947,
          0.26742753632182087,
          0.20279099800545078,
          0.0819397811283381,
          0.2039194201510435,
          0.0052296534854349135
        ],
        [
          0.08439099474147095,
          0.14408985867481963,
          0.07955283491200056,
          0.055433965558987636,
          0.3259166768909277,
          0.11754712552019392,
          0.19306854370159957
        ],
        [
          0.21962988365646055,
          0.05401513419549953,
          0.14468371779955588,
          0.08567114116179989,
          0.23049013408418065,
          0.008739623609035288,
          0.25677036549346827
        ],
        [
          0.1842269906157865,
          0.19746107288719564,
          0.12354765640633895,
          0.033426844620143475,
          0.1377862885765291,
          0.2770381504029321,
          0.046512996491074196
        ],
        [
          0.12003025840246839,
          0.045256614841100884,
          0.16406170705015047,
          0.1829350771651425,
          0.10111063784163675,
          0.16235992616794725,
          0.22424577853155372
        ],
        [
          0.051771998580111514,
          0.058516860584156345,
          0.40681068959081657,
          0.16911362296568147,
          0.17303818438336285,
          0.12338713975446997,
          0.017361504141401314
        ],
        [
          0.03804541793711745,
          0.27939542809609297,
          0.12369442091890485,
          0.24873937237996957,
          0.2683072632896925,
          0.02637897837146361,
          0.015439119006759112
        ],
        [
          0.17690748654752755,
          0.10749690412511795,
          0.04426321389788062,
          0.16858282987441478,
          0.15855744411827527,
          0.1884112342275713,
          0.15578088720921254
        ],
        [
          0.27085810530662185,
          0.06956025320759195,
          0.029186032230405345,
          0.14886667877482065,
          0.21344850876554172,
          0.12864841814307304,
          0.13943200357194538
        ],
        [
          0.13968975863889815,
          0.13037197351390692,
          0.20141660580455842,
          0.08420357835279937,
          0.17506028562689757,
          0.05909967239814612,
          0.2101581256647935
        ],
        [
          0.045034204304758046,
          0.09050850714629581,
          0.1254757076488459,
          0.1502641082779656,
          0.14543550828080687,
          0.23767810009012738,
          0.20560386425120047
        ],
        [
          0.17313190348956464,
          0.05768820126259893,
          0.1752086411567512,
          0.09967835328811084,
          0.1781569295964332,
          0.1813593920253127,
          0.13477657918122848
        ],
        [
          0.300441881880868,
          0.22626567465059036,
          0.06672006643943046,
          0.013326185513730814,
          0.33631969389290167,
          0.02141898321443448,
          0.03550751440804418
        ],
        [
          0.24939991264674838,
          0.2899673965888149,
          0.09202081114886865,
          0.06380963065652794,
          0.1863935342194477,
          0.10132043553485744,
          0.01708827920473509
        ],
        [
          0.2456869805943552,
          0.1355939412662765,
          0.25957392947556474,
          0.038702296406996704,
          0.01661819669104971,
          0.26909468169706224,
          0.03472997386869491
        ],
        [
          0.0970201918514653,
          0.026598311904759156,
          0.19772369467015477,
          0.026570649574455502,
          0.2409087602826054,
          0.14616152955747,
          0.2650168621590898
        ],
        [
          0.184921027032704,
          0.1376755191073045,
          0.06825452426334086,
          0.128477569037275,
          0.19498091383325122,
          0.1838597426521753,
          0.10183070407394919
        ],
        [
          0.18870901215648772,
          0.009652161311299864,
          0.17474600338751836,
          0.25488220797082345,
          0.11508573222813258,
          0.05411102025217982,
          0.20281386269355822
        ],
        [
          0.16729664067663388,
          0.18271250544237988,
          0.0830134507575444,
          0.26238338527786265,
          0.002083033104380445,
          0.2615502427504251,
          0.04096074199077368
        ],
        [
          0.18589954942568662,
          0.16151029562375638,
          0.26464266170775597,
          0.07196839057965657,
          0.1298867052730978,
          0.05460237349928828,
          0.1314900238907584
        ],
        [
          0.021350782805177083,
          0.0982588301042186,
          0.3180705559078555,
          0.04402088287870305,
          0.21417691532523037,
          0.21309793721062809,
          0.09102409576818724
        ],
        [
          0.243786804990848,
          0.12964199318062694,
          0.040718448606768126,
          0.04811683726101247,
          0.16736944529995473,
          0.15915546711257172,
          0.21121100354821798
        ],
        [
          0.16454008406752538,
          0.05094334169973492,
          0.20848402835789379,
          0.056642151373034556,
          0.1899447791313896,
          0.09126193830350053,
          0.23818367706692128
        ],
        [
          0.13405415267038215,
          0.24577745781995658,
          0.2568808833180092,
          0.10718664081708283,
          0.12533024507901688,
          0.07782986505666166,
          0.052940755238890705
        ],
        [
          0.21403129635827056,
          0.1729666205399972,
          0.05757383587032599,
          0.09936680231183298,
          0.10168901921485796,
          0.2564003594866608,
          0.09797206621805449
        ],
        [
          0.02022789128013862,
          0.17027916532794007,
          0.10026675140748807,
          0.1922622737746311,
          0.05291223863463717,
          0.2310629665312718,
          0.23298871304389315
        ],
        [
          0.24965644335061485,
          0.25505741985542646,
          0.10022534567899799,
          0.20997788409471027,
          0.11932162221399362,
          0.05754020017487389,
          0.008221084631382944
        ],
        [
          0.0821974235992125,
          0.2288921820683818,
          0.12387433345857675,
          0.043821850456394015,
          0.23457210904102122,
          0.08891541027621182,
          0.19772669110020183
        ],
        [
          0.06868844533078101,
          0.12967994718695186,
          0.025991615895890118,
          0.055276531126401775,
          0.21026849789017862,
          0.29740883749969865,
          0.212686125070098
        ],
        [
          0.09040237006446919,
          0.2598118746465919,
          0.23392158807538144,
          0.032787668362159184,
          0.17918755238636777,
          0.16268341588538274,
          0.0412055305796478
        ],
        [
          0.13482276871520138,
          0.22559514486398205,
          0.2094249005035933,
          0.15696216606935887,
          0.1142545034104385,
          0.044258631524007594,
          0.11468188491341832
        ],
        [
          0.05901683038819477,
          0.1303499526114424,
          0.1443532054088772,
          0.19859652519562226,
          0.08499386746732251,
          0.2851336235572809,
          0.09755599537126
        ],
        [
          0.1793825237330235,
          0.11669041757553791,
          0.18594991771324376,
          0.16645195523955156,
          0.1044845794779098,
          0.21921818736533852,
          0.02782241889539503
        ],
        [
          0.17186496023126152,
          0.1845554275111001,
          0.16077441046133126,
          0.16983375309133497,
          0.08411043584231143,
          0.16535160263315754,
          0.0635094102295032
        ],
        [
          0.20916366102495748,
          0.06911008361843195,
          0.1545952725426227,
          0.2167540128963639,
          0.11365750544549406,
          0.1557138484663594,
          0.0810056160057705
        ],
        [
          0.21655967212533112,
          0.13402839695980315,
          0.08050074384115206,
          0.206790050859405,
          0.22530853579283802,
          0.030263631376794744,
          0.10654896904467595
        ],
        [
          0.21755117053239684,
          0.10267954418089799,
          0.19690719657898867,
          0.21529627666288578,
          0.02481112434065024,
          0.008657325046164127,
          0.23409736265801637
        ],
        [
          0.26134418814370813,
          0.10340318143643802,
          0.17581512663710513,
          0.0653499810741452,
          0.06288119207567994,
          0.2520044556516331,
          0.07920187498129037
        ],
        [
          0.03165359917916623,
          0.21520276863300972,
          0.24307850807366502,
          0.007161090536455495,
          0.11421783136332736,
          0.0666427956028314,
          0.3220434066115447
        ],
        [
          0.20064992684344024,
          0.1857566429252484,
          0.1476278771639273,
          0.07918415647259142,
          0.17515759952598264,
          0.19893716627629834,
          0.012686630792511575
        ],
        [
          0.22579163217695278,
          0.01453595355678513,
          0.3388719149089034,
          0.25389436947298,
          0.043908704410774956,
          0.10140127133979071,
          0.02159615413381295
        ],
        [
          0.19469920745243988,
          0.15682109453376117,
          0.015323807508747046,
          0.13219706137525136,
          0.10363975097405712,
          0.18916094986637555,
          0.20815812828936792
        ]
      ],
      "timestamps": [
        0,
        1,
        2,
        3,
        4,
        5,
        6,
        7,
        8,
        9,
        10,
        11,
        12,
        13,
        14,
        15,
        16,
        17,
        18,
        19,
        20,
        21,
        22,
        23,
        24,
        25,
        26,
        27,
        28,
        29,
        30,
        31,
        32,
        33,
        34,
        35,
        36,
        37,
        38,
        39,
        40,
        41,
        42,
        43,
        44,
        45,
        46,
        47,
        48,
        49,
        50,
        51,
        52,
        53,
        54,
        55,
        56,
        57,
        58,
        59,
        60,
        61,
        62,
        63,
        64,
        65,
        66,
        67,
        68,
        69,
        70,
        71,
        72,
        73,
        74,
        75,
        76,
        77,
        78
      ],
      "distance": 895.9
    },
    {
      "trip_id": 1,
      "transport_method": "bicycle",
      "start_time": 79,
      "path": [
        [
          1.5200339,
          42.5043474
        ],
        [
          1.5202503845536897,
          42.50435424487666
        ],
        [
          1.5210515258376547,
          42.504700143774954
        ],
        [
          1.521975276507686,
          42.504513777262545
        ],
        [
          1.5225269646381254,
          42.50457696950681
        ],
        [
          1.523825920213781,
          42.50472304285885
        ],
        [
          1.5228684640990604,
          42.504618953088176
        ],
        [
          1.5219911164504252,
          42.505137022808945
        ],
        [
          1.5220703424249808,
          42.506298020994954
        ],
        [
          1.5233989090723918,
          42.50661002872253
        ],
        [
          1.5240141252593828,
          42.505418404912746
        ],
        [
          1.5234491037860383,
          42.506519779960364
        ],
        [
          1.523753854679465,
          42.50673380240301
        ],
        [
          1.5224220657082133,
          42.506417237942415
        ],
        [
          1.522031758336323,
          42.50681931281826
        ],
        [
          1.5229406414102844,
          42.50769569678275
        ],
        [
          1.524116449669364,
          42.507460929931426
        ],
        [
          1.5233706351483924,
          42.50781686894602
        ],
        [
          1.523690375107973,
          42.50861555406569
        ],
        [
          1.5239591790372529,
          42.50874394801121
        ],
        [
          1.5253026999999995,
          42.5090063
        ]
      ],
      "emotions": [
        "green",
        "red",
        "red",
        "red",
        "red",
        "red",
        "red",
        "red",
        "red",
        "red",
        "red",
        "purple",
        "purple",
        "purple",
        "purple",
        "purple",
        "purple",
        "purple",
        "purple",
        "purple",
        "purple"
      ],
      "mood_vectors": [
        [
          0.2113816078906444,
          0.20269121040700638,
          0.03534992042172406,
          0.12524025134060343,
          0.03790200854487866,
          0.1630282283935067,
          0.2244067730016363
        ],
        [
          0.19080844225025798,
          0.1971883475316112,
          0.09217426914336087,
          0.09006216601002662,
          0.11095843233505873,
          0.14651686906050135,
          0.1722914736691832
        ],
        [
          0.1810572737490687,
          0.18694812251501194,
          0.1546934727760969,
          0.1836691964968526,
          0.15037410770691317,
          0.03377577756052931,
          0.10948204919552731
        ],
        [
          0.0115548190646047,
          0.12366731565802758,
          0.18901692138230075,
          0.24701437150565544,
          0.15640012159461036,
          0.10069946477210369,
          0.17164698602269754
        ],
        [
          0.17618160540748817,
          0.12964924949296286,
          0.09822112157853741,
          0.1284891747423307,
          0.1141466532634183,
          0.1821510062281713,
          0.17116118928709134
        ],
        [
          0.22423111796401646,
          0.06955596260792961,
          0.2110973841668546,
          0.1465450964783457,
          0.008126858242246276,
          0.14567989016303481,
          0.1947636903775725
        ],
        [
          0.07540783212100341,
          0.12353768157140738,
          0.18760590998344628,
          0.14651406205057999,
          0.1629664202879304,
          0.2111596724852798,
          0.09280842150035272
        ],
        [
          0.2152929766075238,
          0.12632282506213613,
          0.015001061297483551,
          0.21128382929784403,
          0.13740667551390087,
          0.22477647196107153,
          0.06991616026004006
        ],
        [
          0.15761201948952347,
          0.21898672511610967,
          0.21274731428004343,
          0.20117663102210892,
          0.016992151295964642,
          0.06849413804817266,
          0.12399102074807718
        ],
        [
          0.2871081112852821,
          0.16576078422311025,
          0.12170686084380258,
          0.1364254932620893,
          0.22916153809974968,
          0.030047843840864077,
          0.029789368445102077
        ],
        [
          0.22331200695787945,
          0.027583794821341885,
          0.15210426359437162,
          0.16648956628634068,
          0.15146114986141637,
          0.16720614935885436,
          0.11184306911979564
        ],
        [
          0.008533723383136137,
          0.0558651897255645,
          0.20528623128534979,
          0.13555682026683694,
          0.02837511965165093,
          0.32316521084336336,
          0.24321770484409838
        ],
        [
          0.18572991277001916,
          0.13387005433523905,
          0.20095943452030166,
          0.1281516750899906,
          0.04008326849897247,
          0.11569857884394738,
          0.1955070759415296
        ],
        [
          0.14548990320846322,
          0.014973078485740832,
          0.16745921031691524,
          0.12574869581000978,
          0.16023905066630195,
          0.30047972089655667,
          0.08561034061601236
        ],
        [
          0.08720924698855533,
          0.16278962755045068,
          0.1285858611240767,
          0.2755461315067278,
          0.014948712207559996,
          0.08609216371378269,
          0.24482825690884683
        ],
        [
          0.0798718897012213,
          0.18255071598247255,
          0.08888671523246913,
          0.17030469922058944,
          0.17752470468817602,
          0.08228009704328405,
          0.2185811781317875
        ],
        [
          0.1968792986726079,
          0.16881068807526248,
          0.22925841544498443,
          0.09798291950963253,
          0.11501626797941875,
          0.1095868521311298,
          0.0824655581869641
        ],
        [
          0.008857056909998676,
          0.08365687879888252,
          0.08175759320947901,
          0.22476656246223053,
          0.20346292079481526,
          0.1576042970788344,
          0.23989469074575956
        ],
        [
          0.04838681353944457,
          0.19411620203343496,
          0.1783632253134208,
          0.08417550051657041,
          0.15854275815024965,
          0.2575423572661358,
          0.07887314318074375
        ],
        [
          0.07348769179514379,
          0.1541923527585269,
          0.11750423300702124,
          0.28115324612227266,
          0.03569757361749896,
          0.1517336260596602,
          0.18623127663987618
        ],
        [
          0.20405103054860538,
          0.08107690524920319,
          0.11829379835638268,
          0.23227313354291088,
          0.05807257321409581,
          0.16086550850709605,
          0.14536705058170604
        ]
      ],
      "timestamps": [
        79,
        80,
        81,
        82,
        83,
        84,
        85,
        86,
        87,
        88,
        89,
        90,
        91,
        92,
        93,
        94,
        95,
        96,
        97,
        98,
        99
      ],
      "distance": 1233.3
    }
  ],
  "conversation": [
    "I should call them back.",
    "The city feels like it's thinking too.",
    "Should've brought a jacket... again."
  ],
  "conversation_timestamps": [
    4,
    62,
    66
  ]
}
