{"agent_id": "agent-purple-959", "type": "purple", "trips": [{"trip_id": 0, "transport_method": "car", "start_time": 0, "path": [[1.5330188, 42.5566586], [1.5330688, 42.5556126], [1.5324023, 42.5556475], [1.5312071, 42.5556179], [1.5300992, 42.5551272], [1.5291466, 42.5544101], [1.5283965, 42.5534698], [1.5274896, 42.5526651], [1.5265828, 42.5518604], [1.5273322, 42.5525126], [1.5282715, 42.5532765], [1.528198, 42.5532054], [1.5273767, 42.5523136], [1.5265554, 42.5514217], [1.5262804, 42.5504853], [1.5256559, 42.5494498], [1.5252286, 42.5483237], [1.5246631, 42.547306], [1.5247018, 42.5463169], [1.5242123, 42.5454314], [1.5236788, 42.5443581], [1.5234315, 42.5439152], [1.5229538, 42.5428022], [1.5229171, 42.5416243], [1.5234958, 42.5406558], [1.5232318, 42.5401563], [1.5231537, 42.5389535], [1.5235655, 42.5379752], [1.5246765, 42.5375756], [1.5250517, 42.5370168], [1.5241612, 42.5366509], [1.523145, 42.5362215], [1.5223734, 42.5352901], [1.5214256, 42.5345923], [1.5207439, 42.5336539], [1.5213534, 42.5327284], [1.5208768, 42.5316387], [1.5212281, 42.5306496], [1.5217951, 42.5296896], [1.521439, 42.5288638], [1.5209335, 42.5278376], [1.520681, 42.5267434], [1.5207826, 42.5255915], [1.5206211, 42.5267582], [1.5206536, 42.5269612], [1.5207286, 42.5257512], [1.5206929, 42.5245664], [1.5213712, 42.5235695], [1.5219099, 42.5225023], [1.5227746, 42.521683], [1.5234759, 42.5207364], [1.52386, 42.51965], [1.5234885, 42.5207936], [1.523673, 42.5202864], [1.5241211, 42.5191599], [1.5249342, 42.518379], [1.5258153, 42.5175516], [1.5268608, 42.5170416], [1.5279068, 42.5164775], [1.5288923, 42.5158047], [1.529646, 42.5148661], [1.5303618, 42.5140269], [1.5305583, 42.512893], [1.5308292, 42.5118668], [1.529823, 42.5112871], [1.529535, 42.5103571], [1.5286689, 42.5095107], [1.5291454, 42.5099732], [1.5287645, 42.5096101], [1.5278681, 42.5087959], [1.5267183, 42.5085131], [1.5256247, 42.5081434], [1.5244601, 42.5078128], [1.5232564, 42.507778], [1.5224523, 42.5070999], [1.52174, 42.5067195], [1.5218805, 42.5063787], [1.5220754, 42.5052945], [1.5214502, 42.5052223], [1.5220979, 42.5048366]], "mood_vectors": [[0.0654, 0.0568, 0.0415, 0.0206, 0.0504, 0.747, 0.0183], [0.0375, 0.0722, 0.0437, 0.0152, 0.026, 0.7601, 0.0452], [0.0125, 0.0435, 0.0557, 0.0758, 0.0384, 0.7078, 0.0663], [0.0507, 0.0482, 0.0721, 0.0177, 0.0431, 0.739, 0.0292], [0.0359, 0.0233, 0.03, 0.0622, 0.0279, 0.8042, 0.0166], [0.0326, 0.0548, 0.0233, 0.0976, 0.0285, 0.6636, 0.0996], [0.0688, 0.0565, 0.0393, 0.0367, 0.0984, 0.6534, 0.0469], [0.0374, 0.0454, 0.0418, 0.0478, 0.0538, 0.7066, 0.0673], [0.074, 0.0118, 0.0774, 0.0646, 0.037, 0.6595, 0.0758], [0.0643, 0.0394, 0.077, 0.0265, 0.061, 0.654, 0.0778], [0.0238, 0.063, 0.0755, 0.0177, 0.0285, 0.7394, 0.0521], [0.0268, 0.0301, 0.0629, 0.0161, 0.0521, 0.7813, 0.0306], [0.071, 0.0395, 0.0281, 0.0222, 0.0823, 0.7198, 0.0371], [0.056, 0.05, 0.0853, 0.0372, 0.0517, 0.6822, 0.0376], [0.014, 0.0613, 0.0549, 0.0666, 0.0153, 0.7335, 0.0544], [0.0494, 0.049, 0.024, 0.0316, 0.0208, 0.8097, 0.0156], [0.0143, 0.0575, 0.0305, 0.0363, 0.0446, 0.7535, 0.0633], [0.0539, 0.0524, 0.0377, 0.0384, 0.0603, 0.6948, 0.0624], [0.0278, 0.0848, 0.0816, 0.0207, 0.0615, 0.6555, 0.068], [0.0443, 0.0307, 0.0718, 0.0144, 0.0583, 0.7134, 0.0672], [0.0121, 0.0683, 0.0585, 0.0685, 0.0128, 0.7466, 0.0331], [0.0285, 0.0478, 0.0828, 0.0155, 0.0123, 0.7567, 0.0564], [0.0322, 0.0656, 0.0673, 0.0717, 0.0257, 0.693, 0.0445], [0.0357, 0.058, 0.0635, 0.0843, 0.0752, 0.6186, 0.0646], [0.0169, 0.0229, 0.0777, 0.0242, 0.0648, 0.7178, 0.0758], [0.0272, 0.0729, 0.0715, 0.0568, 0.0698, 0.6534, 0.0483], [0.0422, 0.0375, 0.0626, 0.0334, 0.062, 0.7195, 0.0428], [0.0326, 0.0561, 0.0769, 0.0209, 0.0751, 0.6793, 0.0592], [0.0319, 0.0485, 0.0177, 0.0614, 0.0726, 0.7289, 0.0392], [0.0717, 0.0263, 0.0487, 0.0562, 0.0311, 0.705, 0.061], [0.0435, 0.026, 0.0675, 0.0397, 0.0312, 0.7176, 0.0746], [0.0664, 0.0633, 0.0699, 0.0616, 0.0194, 0.6425, 0.0769], [0.0475, 0.0872, 0.0368, 0.0725, 0.0787, 0.6357, 0.0416], [0.0792, 0.0698, 0.0357, 0.0256, 0.0535, 0.6641, 0.0721], [0.0796, 0.03, 0.059, 0.0642, 0.0576, 0.6281, 0.0816], [0.0354, 0.0502, 0.0764, 0.0846, 0.0861, 0.6391, 0.0282], [0.043, 0.0292, 0.0234, 0.0229, 0.0237, 0.7513, 0.1065], [0.0385, 0.0329, 0.0186, 0.0705, 0.0524, 0.7111, 0.076], [0.0386, 0.0402, 0.0606, 0.0784, 0.0444, 0.6575, 0.0803], [0.0605, 0.0681, 0.0223, 0.0373, 0.0574, 0.7115, 0.043], [0.07, 0.0245, 0.0303, 0.0174, 0.0791, 0.7497, 0.029], [0.0623, 0.0537, 0.0505, 0.0656, 0.0652, 0.6308, 0.0719], [0.0544, 0.031, 0.0476, 0.0736, 0.0649, 0.6478, 0.0807], [0.0805, 0.0558, 0.0314, 0.0593, 0.0739, 0.6732, 0.0259], [0.0749, 0.0732, 0.0673, 0.0515, 0.0659, 0.622, 0.0453], [0.0494, 0.0718, 0.0694, 0.0644, 0.0326, 0.6403, 0.0722], [0.054, 0.0709, 0.0719, 0.0526, 0.0778, 0.5912, 0.0815], [0.0542, 0.0493, 0.0762, 0.0219, 0.06, 0.6532, 0.0852], [0.0389, 0.0184, 0.087, 0.019, 0.0163, 0.7427, 0.0776], [0.0403, 0.0535, 0.0499, 0.0232, 0.0685, 0.7047, 0.0599], [0.0708, 0.0412, 0.0157, 0.0211, 0.0188, 0.7838, 0.0488], [0.0274, 0.0772, 0.0656, 0.0866, 0.0783, 0.6227, 0.0423], [0.0647, 0.0856, 0.0194, 0.0167, 0.0317, 0.7636, 0.0184], [0.0369, 0.0605, 0.0717, 0.0264, 0.0634, 0.7022, 0.0389], [0.0735, 0.0666, 0.0181, 0.0285, 0.066, 0.7331, 0.0141], [0.0599, 0.073, 0.034, 0.0799, 0.0209, 0.6647, 0.0675], [0.0336, 0.0399, 0.0186, 0.0562, 0.0386, 0.7253, 0.0878], [0.024, 0.071, 0.0845, 0.0833, 0.0141, 0.655, 0.0682], [0.0669, 0.0753, 0.0303, 0.0403, 0.0517, 0.6583, 0.0772], [0.0467, 0.0862, 0.0678, 0.0204, 0.026, 0.6753, 0.0775], [0.0313, 0.0232, 0.077, 0.0477, 0.0288, 0.7252, 0.0668], [0.0435, 0.0146, 0.0632, 0.0754, 0.0783, 0.673, 0.0521], [0.0449, 0.0719, 0.0379, 0.0734, 0.076, 0.6222, 0.0738], [0.0934, 0.0183, 0.0274, 0.0619, 0.0276, 0.7488, 0.0226], [0.0636, 0.0326, 0.0197, 0.0987, 0.0254, 0.6531, 0.1069], [0.0364, 0.0541, 0.0158, 0.0517, 0.0628, 0.718, 0.0612], [0.0714, 0.0332, 0.0719, 0.073, 0.0287, 0.6535, 0.0683], [0.0232, 0.0313, 0.0778, 0.055, 0.0808, 0.6788, 0.053], [0.054, 0.0762, 0.0153, 0.0345, 0.0446, 0.6976, 0.0778], [0.0569, 0.0327, 0.0433, 0.0786, 0.0184, 0.7107, 0.0594], [0.0674, 0.0309, 0.0561, 0.0498, 0.0157, 0.7182, 0.062], [0.0392, 0.0188, 0.0426, 0.0153, 0.0195, 0.7877, 0.0769], [0.0492, 0.0182, 0.0532, 0.0562, 0.0575, 0.7111, 0.0546], [0.0439, 0.0136, 0.0352, 0.0398, 0.0685, 0.7353, 0.0637], [0.0595, 0.0574, 0.0501, 0.0317, 0.018, 0.7131, 0.0703], [0.068, 0.0157, 0.078, 0.0414, 0.0668, 0.701, 0.0293], [0.0273, 0.0646, 0.0631, 0.0775, 0.0292, 0.7064, 0.0319], [0.0196, 0.0336, 0.0572, 0.0887, 0.0626, 0.6868, 0.0515], [0.0758, 0.0132, 0.0533, 0.0194, 0.0757, 0.7343, 0.0282], [0.0224, 0.0827, 0.07, 0.0375, 0.0514, 0.6684, 0.0677]], "emotions": ["purple", "purple", "purple", "purple", "purple", "purple", "purple", "purple", "purple", "purple", "purple", "purple", "purple", "purple", "purple", "purple", "purple", "purple", "purple", "purple", "purple", "purple", "purple", "purple", "purple", "purple", "purple", "purple", "purple", "purple", "purple", "purple", "purple", "purple", "purple", "purple", "purple", "purple", "purple", "purple", "purple", "purple", "purple", "purple", "purple", "purple", "purple", "purple", "purple", "purple", "purple", "purple", "purple", "purple", "purple", "purple", "purple", "purple", "purple", "purple", "purple", "purple", "purple", "purple", "purple", "purple", "purple", "purple", "purple", "purple", "purple", "purple", "purple", "purple", "purple", "purple", "purple", "purple", "purple", "purple"], "timestamps": [0, 40, 80, 120, 160, 200, 240, 280, 320, 360, 400, 440, 480, 520, 560, 600, 640, 680, 720, 760, 800, 840, 880, 920, 960, 1000, 1040, 1080, 1120, 1160, 1200, 1240, 1280, 1320, 1360, 1400, 1440, 1480, 1520, 1560, 1600, 1640, 1680, 1720, 1760, 1800, 1840, 1880, 1920, 1960, 2000, 2040, 2080, 2120, 2160, 2200, 2240, 2280, 2320, 2360, 2400, 2440, 2480, 2520, 2560, 2600, 2640, 2680, 2720, 2760, 2800, 2840, 2880, 2920, 2960, 3000, 3040, 3080, 3120, 3160]}], "conversation": [], "conversation_timestamps": []}