{"agent_id": "agent-purple-1994", "type": "purple", "trips": [{"trip_id": 0, "transport_method": "foot", "start_time": 0, "path": [[1.5322592, 42.5078832], [1.5328049, 42.5083508], [1.5336293, 42.5084636], [1.5344522, 42.5085139], [1.535282, 42.5085753], [1.5361121, 42.5086334], [1.5369378, 42.5087312], [1.5377643, 42.5087831], [1.5385833, 42.5087053], [1.53905, 42.5087504], [1.5398234, 42.5086169], [1.5406455, 42.5086664], [1.5414707, 42.5087722], [1.542288, 42.5088931], [1.542355, 42.508903], [1.5431824, 42.5089796], [1.5439729, 42.509217], [1.5447911, 42.5093205], [1.5456038, 42.5094535], [1.5459214, 42.5095947], [1.5455935, 42.5094603], [1.54634, 42.5098234], [1.5463274, 42.5104476], [1.5468193, 42.5110788], [1.5476192, 42.5113068], [1.5484279, 42.5115023], [1.5492358, 42.5117012], [1.5495176, 42.5117742], [1.5502719, 42.5120801], [1.5500724, 42.5120017], [1.550804, 42.5123869], [1.5514379, 42.5129259], [1.5511556, 42.5127237], [1.5513813, 42.5128439], [1.5520719, 42.5132995], [1.552578, 42.5136588], [1.5527118, 42.5139642], [1.5527341, 42.5147902], [1.5531699, 42.5154897], [1.5534773, 42.516255], [1.5538399, 42.5169972], [1.5544058, 42.5175991], [1.5551113, 42.5180271], [1.5558361, 42.5183094], [1.5564217, 42.5188987], [1.5569166, 42.5195584], [1.5574681, 42.5201291], [1.5580576, 42.5207162], [1.5586714, 42.5212779], [1.559312, 42.5218088], [1.5596875, 42.5219858], [1.5596894, 42.5220963], [1.5603968, 42.5225221], [1.5610944, 42.5229696], [1.56175, 42.5234802], [1.5622972, 42.5241039], [1.5629419, 42.524613], [1.5637337, 42.5248662], [1.5644712, 42.5252214], [1.5652708, 42.525411], [1.5660286, 42.5257529], [1.5667186, 42.5262133], [1.5673729, 42.5267274], [1.568066, 42.5271832], [1.5688088, 42.5275519], [1.5694998, 42.528], [1.570195, 42.5284572], [1.5708902, 42.5289144], [1.5714877, 42.5294898], [1.5721238, 42.5300165], [1.5725937, 42.5307021], [1.5731501, 42.5313199], [1.5737339, 42.5319105], [1.5744082, 42.5323053], [1.5752175, 42.5324726], [1.5760302, 42.5326318], [1.5768342, 42.532772], [1.5776588, 42.5328832], [1.5784788, 42.5330041], [1.5783454, 42.533682]], "mood_vectors": [[0.0731, 0.0249, 0.0562, 0.0319, 0.0795, 0.6691, 0.0653], [0.0432, 0.0502, 0.0709, 0.0447, 0.0682, 0.6792, 0.0436], [0.0252, 0.0406, 0.0168, 0.0315, 0.0578, 0.7376, 0.0904], [0.0133, 0.0717, 0.0174, 0.0625, 0.0239, 0.7613, 0.0498], [0.058, 0.0449, 0.0407, 0.0761, 0.0419, 0.6573, 0.0811], [0.0651, 0.0754, 0.0333, 0.0405, 0.0296, 0.6937, 0.0625], [0.0925, 0.0654, 0.0244, 0.0364, 0.0881, 0.6525, 0.0406], [0.0263, 0.0148, 0.0371, 0.0733, 0.0395, 0.7757, 0.0333], [0.0605, 0.0985, 0.0371, 0.0658, 0.0487, 0.6412, 0.0482], [0.0413, 0.0736, 0.08, 0.0794, 0.0174, 0.6805, 0.0278], [0.0574, 0.0791, 0.0227, 0.0722, 0.0756, 0.6227, 0.0704], [0.0501, 0.0426, 0.0278, 0.0481, 0.0592, 0.7567, 0.0155], [0.0136, 0.027, 0.0511, 0.0587, 0.0294, 0.7924, 0.0278], [0.047, 0.0855, 0.0689, 0.0846, 0.0312, 0.6349, 0.0479], [0.059, 0.0153, 0.0649, 0.0729, 0.0152, 0.752, 0.0207], [0.017, 0.0857, 0.0668, 0.0749, 0.0428, 0.6459, 0.067], [0.0606, 0.0695, 0.0332, 0.028, 0.0309, 0.7551, 0.0226], [0.0148, 0.0417, 0.0721, 0.0267, 0.0538, 0.7415, 0.0495], [0.0647, 0.0891, 0.0396, 0.0287, 0.0596, 0.6883, 0.03], [0.0246, 0.0386, 0.0312, 0.0373, 0.0391, 0.7578, 0.0714], [0.0596, 0.0994, 0.0268, 0.0171, 0.0159, 0.6899, 0.0913], [0.0276, 0.0575, 0.029, 0.0349, 0.0788, 0.693, 0.0792], [0.0356, 0.0482, 0.0571, 0.0334, 0.0662, 0.7375, 0.022], [0.0766, 0.0741, 0.033, 0.0658, 0.0537, 0.6601, 0.0367], [0.055, 0.0661, 0.0495, 0.0774, 0.02, 0.7035, 0.0284], [0.0399, 0.0405, 0.0252, 0.0692, 0.0628, 0.7012, 0.0612], [0.0814, 0.0342, 0.0185, 0.0762, 0.0367, 0.6552, 0.0978], [0.065, 0.0742, 0.03, 0.0311, 0.076, 0.7033, 0.0203], [0.0258, 0.0256, 0.0617, 0.0832, 0.0618, 0.6502, 0.0917], [0.0619, 0.0685, 0.0285, 0.0263, 0.0325, 0.7546, 0.0277], [0.0529, 0.0613, 0.0148, 0.0814, 0.0338, 0.7411, 0.0147], [0.0494, 0.0539, 0.0488, 0.0266, 0.0239, 0.7785, 0.019], [0.0679, 0.0326, 0.0554, 0.0648, 0.0281, 0.7122, 0.0389], [0.0524, 0.0341, 0.0351, 0.0595, 0.0439, 0.7271, 0.0479], [0.0214, 0.0183, 0.0285, 0.0786, 0.0592, 0.7272, 0.0668], [0.0708, 0.0553, 0.0566, 0.0657, 0.0352, 0.6924, 0.0241], [0.0732, 0.0294, 0.0216, 0.0173, 0.0286, 0.7405, 0.0894], [0.071, 0.0633, 0.0533, 0.0525, 0.0477, 0.6376, 0.0747], [0.0534, 0.065, 0.0691, 0.0628, 0.0111, 0.6741, 0.0645], [0.0446, 0.0545, 0.0309, 0.0335, 0.0471, 0.7146, 0.0748], [0.0581, 0.0213, 0.0587, 0.0164, 0.0158, 0.8047, 0.0251], [0.0763, 0.0284, 0.0574, 0.076, 0.025, 0.6997, 0.0371], [0.0856, 0.018, 0.0621, 0.0386, 0.0341, 0.7446, 0.017], [0.05, 0.0706, 0.0853, 0.0146, 0.0502, 0.715, 0.0142], [0.0457, 0.0343, 0.0629, 0.0954, 0.0493, 0.6713, 0.0411], [0.0645, 0.0831, 0.0519, 0.0398, 0.0267, 0.6637, 0.0702], [0.0801, 0.0205, 0.0439, 0.0251, 0.0841, 0.682, 0.0641], [0.0421, 0.0487, 0.0451, 0.0479, 0.0433, 0.7389, 0.034], [0.0598, 0.049, 0.0862, 0.0406, 0.0214, 0.6634, 0.0796], [0.0227, 0.0679, 0.0242, 0.0371, 0.0128, 0.8169, 0.0185], [0.0392, 0.0299, 0.0834, 0.0768, 0.057, 0.6667, 0.0468], [0.0209, 0.0381, 0.0191, 0.0738, 0.0393, 0.7428, 0.066], [0.0533, 0.0564, 0.0344, 0.0905, 0.0458, 0.6563, 0.0634], [0.044, 0.06, 0.0316, 0.0808, 0.0786, 0.6671, 0.0379], [0.0516, 0.0785, 0.0649, 0.0595, 0.0618, 0.6185, 0.0651], [0.0494, 0.0768, 0.016, 0.0754, 0.06, 0.6995, 0.023], [0.0696, 0.0659, 0.0592, 0.0129, 0.0687, 0.7024, 0.0214], [0.0333, 0.0568, 0.0736, 0.0604, 0.0807, 0.6696, 0.0256], [0.0723, 0.0879, 0.0885, 0.0727, 0.0507, 0.5708, 0.0571], [0.0165, 0.0664, 0.0171, 0.0724, 0.0758, 0.7235, 0.0282], [0.0631, 0.0251, 0.0292, 0.0122, 0.0716, 0.7612, 0.0376], [0.0733, 0.0477, 0.0289, 0.0465, 0.0346, 0.7342, 0.0349], [0.0245, 0.0665, 0.0309, 0.0592, 0.0437, 0.7282, 0.0471], [0.0608, 0.0178, 0.0692, 0.0508, 0.052, 0.7209, 0.0285], [0.0722, 0.0499, 0.0357, 0.0384, 0.0638, 0.7245, 0.0155], [0.0646, 0.0392, 0.0523, 0.0327, 0.0618, 0.6901, 0.0593], [0.0648, 0.0825, 0.0319, 0.0834, 0.0469, 0.629, 0.0616], [0.0199, 0.0405, 0.0765, 0.0365, 0.069, 0.6858, 0.0718], [0.0324, 0.0582, 0.0539, 0.0658, 0.0773, 0.6617, 0.0507], [0.0319, 0.0706, 0.0618, 0.0668, 0.0877, 0.6467, 0.0345], [0.0431, 0.049, 0.0534, 0.0738, 0.0169, 0.7149, 0.0488], [0.0663, 0.0613, 0.0155, 0.0256, 0.0562, 0.7564, 0.0187], [0.0684, 0.0721, 0.0424, 0.0231, 0.0251, 0.6934, 0.0755], [0.0865, 0.0697, 0.0199, 0.0478, 0.023, 0.6939, 0.0592], [0.0283, 0.0129, 0.0696, 0.066, 0.0352, 0.7534, 0.0346], [0.0142, 0.0473, 0.0293, 0.0737, 0.0181, 0.7956, 0.0219], [0.0176, 0.0422, 0.0265, 0.0764, 0.068, 0.7517, 0.0175], [0.0703, 0.0609, 0.0527, 0.0552, 0.0394, 0.6466, 0.0749], [0.1051, 0.0476, 0.0346, 0.018, 0.0348, 0.7311, 0.0288], [0.0352, 0.082, 0.0782, 0.0147, 0.0188, 0.7407, 0.0304]], "emotions": ["purple", "purple", "purple", "purple", "purple", "purple", "purple", "purple", "purple", "purple", "purple", "purple", "purple", "purple", "purple", "purple", "purple", "purple", "purple", "purple", "purple", "purple", "purple", "purple", "purple", "purple", "purple", "purple", "purple", "purple", "purple", "purple", "purple", "purple", "purple", "purple", "purple", "purple", "purple", "purple", "purple", "purple", "purple", "purple", "purple", "purple", "purple", "purple", "purple", "purple", "purple", "purple", "purple", "purple", "purple", "purple", "purple", "purple", "purple", "purple", "purple", "purple", "purple", "purple", "purple", "purple", "purple", "purple", "purple", "purple", "purple", "purple", "purple", "purple", "purple", "purple", "purple", "purple", "purple", "purple"], "timestamps": [0, 40, 80, 120, 160, 200, 240, 280, 320, 360, 400, 440, 480, 520, 560, 600, 640, 680, 720, 760, 800, 840, 880, 920, 960, 1000, 1040, 1080, 1120, 1160, 1200, 1240, 1280, 1320, 1360, 1400, 1440, 1480, 1520, 1560, 1600, 1640, 1680, 1720, 1760, 1800, 1840, 1880, 1920, 1960, 2000, 2040, 2080, 2120, 2160, 2200, 2240, 2280, 2320, 2360, 2400, 2440, 2480, 2520, 2560, 2600, 2640, 2680, 2720, 2760, 2800, 2840, 2880, 2920, 2960, 3000, 3040, 3080, 3120, 3160]}], "conversation": [], "conversation_timestamps": []}