{"agent_id": "agent-red-851", "type": "red", "trips": [{"trip_id": 0, "transport_method": "car", "start_time": 0, "path": [[1.5393553, 42.5122517], [1.5391709, 42.5123614], [1.5391532, 42.5125321], [1.5393347, 42.5125793], [1.5392621, 42.512355], [1.539101, 42.512303], [1.5388973, 42.5124203], [1.5387064, 42.5125583], [1.5384833, 42.5126293], [1.5382507, 42.5126676], [1.538018, 42.5127048], [1.5377849, 42.5127403], [1.5375544, 42.5127858], [1.5373273, 42.5128489], [1.5370992, 42.5129082], [1.5368681, 42.5129533], [1.5366417, 42.5130186], [1.5364178, 42.5130917], [1.536188, 42.5130867], [1.5360638, 42.512936], [1.5359838, 42.5127211], [1.5358083, 42.5125799], [1.5356715, 42.512388], [1.5355346, 42.5121961], [1.5355299, 42.5122841], [1.5354922, 42.5125123], [1.5355664, 42.5126734], [1.5357933, 42.512642], [1.5357762, 42.512597], [1.5355939, 42.5124476], [1.5354115, 42.5122983], [1.5352291, 42.512149], [1.5350467, 42.5119997], [1.5348643, 42.5118504], [1.5346819, 42.5117011], [1.5344996, 42.5115517], [1.5343171, 42.5114026], [1.534101, 42.5113475], [1.5339288, 42.511188], [1.5337893, 42.5109982], [1.53364, 42.5108164], [1.5334605, 42.510664], [1.5332672, 42.5105308], [1.5330598, 42.5104189], [1.5328572, 42.5103024], [1.532669, 42.5101605], [1.5324808, 42.5100186], [1.5322925, 42.5098767], [1.5320717, 42.5098412], [1.5318482, 42.5097665], [1.531626, 42.509688], [1.5314053, 42.5096053], [1.5311854, 42.5095203], [1.5309647, 42.5094376], [1.5307431, 42.5093573], [1.5305205, 42.5093613], [1.5302972, 42.5092857], [1.5300746, 42.5092084], [1.5298515, 42.5091326], [1.5296252, 42.5090665], [1.5293993, 42.5089995], [1.5291726, 42.5089402], [1.5289538, 42.5088868], [1.5287215, 42.5088521], [1.5284922, 42.5087978], [1.5282779, 42.5087012], [1.5280634, 42.5086037], [1.5278467, 42.508511], [1.52763, 42.5084184], [1.5274018, 42.5083666], [1.5271662, 42.5083605], [1.5269305, 42.5083581], [1.526695, 42.5083489], [1.5264609, 42.5083225], [1.5262289, 42.5082809], [1.5259989, 42.5082302], [1.5257653, 42.5081991], [1.5255472, 42.5081107], [1.5253225, 42.5080397], [1.5250982, 42.5079672]], "mood_vectors": [[0.7282, 0.0761, 0.0135, 0.0324, 0.0652, 0.0576, 0.027], [0.68, 0.074, 0.0745, 0.0341, 0.0375, 0.026, 0.0739], [0.6714, 0.0551, 0.0466, 0.0767, 0.0233, 0.0709, 0.0561], [0.7712, 0.0131, 0.0311, 0.0471, 0.0121, 0.0608, 0.0646], [0.6555, 0.0329, 0.0578, 0.0842, 0.0865, 0.0593, 0.0237], [0.7136, 0.052, 0.0521, 0.0732, 0.0528, 0.0443, 0.012], [0.6588, 0.0599, 0.0708, 0.0279, 0.0586, 0.0718, 0.0522], [0.7365, 0.0349, 0.0451, 0.0707, 0.0504, 0.0266, 0.0359], [0.7026, 0.0554, 0.0391, 0.0354, 0.0762, 0.0247, 0.0665], [0.687, 0.0573, 0.0643, 0.0391, 0.0433, 0.03, 0.079], [0.6671, 0.0222, 0.0339, 0.0834, 0.0914, 0.0221, 0.0799], [0.6469, 0.0181, 0.0743, 0.0736, 0.0681, 0.0455, 0.0735], [0.6458, 0.0329, 0.0579, 0.0921, 0.0953, 0.018, 0.0579], [0.654, 0.0511, 0.0644, 0.0542, 0.0803, 0.0368, 0.0592], [0.5991, 0.0454, 0.0836, 0.0761, 0.0656, 0.0577, 0.0724], [0.6776, 0.0601, 0.0516, 0.0739, 0.0452, 0.0588, 0.0329], [0.7821, 0.0187, 0.029, 0.0532, 0.0602, 0.0359, 0.0209], [0.6333, 0.0473, 0.0755, 0.0746, 0.0516, 0.0392, 0.0784], [0.6615, 0.0751, 0.045, 0.0561, 0.0793, 0.0617, 0.0213], [0.7086, 0.0195, 0.0608, 0.0524, 0.0194, 0.0807, 0.0585], [0.7287, 0.0294, 0.0906, 0.0584, 0.0492, 0.0219, 0.0218], [0.6474, 0.0728, 0.0648, 0.0357, 0.0768, 0.0637, 0.0389], [0.7161, 0.0488, 0.0499, 0.025, 0.09, 0.0422, 0.0281], [0.7623, 0.0514, 0.0481, 0.0531, 0.0195, 0.0424, 0.0232], [0.7737, 0.0271, 0.0202, 0.0775, 0.0413, 0.0171, 0.0431], [0.6327, 0.0768, 0.071, 0.0626, 0.0512, 0.0437, 0.0621], [0.6691, 0.0161, 0.079, 0.0916, 0.0656, 0.0144, 0.0641], [0.6638, 0.075, 0.0396, 0.0831, 0.0536, 0.0385, 0.0464], [0.6966, 0.0179, 0.055, 0.0748, 0.0179, 0.0923, 0.0455], [0.776, 0.0286, 0.0528, 0.0283, 0.0526, 0.0135, 0.0481], [0.7952, 0.0343, 0.02, 0.0294, 0.0672, 0.0371, 0.0169], [0.7497, 0.0382, 0.0137, 0.0566, 0.042, 0.0502, 0.0495], [0.7405, 0.0515, 0.023, 0.0743, 0.019, 0.0562, 0.0355], [0.6953, 0.0425, 0.0163, 0.0157, 0.0912, 0.066, 0.073], [0.735, 0.0134, 0.0825, 0.021, 0.039, 0.083, 0.0262], [0.683, 0.0477, 0.0774, 0.0804, 0.0601, 0.0317, 0.0196], [0.6741, 0.082, 0.0521, 0.065, 0.0555, 0.0512, 0.0201], [0.6664, 0.0634, 0.0545, 0.0452, 0.0727, 0.0151, 0.0827], [0.7028, 0.0755, 0.0558, 0.0158, 0.0742, 0.0571, 0.0188], [0.626, 0.0437, 0.0867, 0.0677, 0.051, 0.064, 0.0609], [0.7471, 0.0217, 0.0691, 0.0715, 0.0638, 0.0129, 0.0137], [0.6753, 0.0562, 0.0687, 0.0192, 0.039, 0.1022, 0.0394], [0.6782, 0.0641, 0.0245, 0.0332, 0.0403, 0.0632, 0.0964], [0.6161, 0.0684, 0.0655, 0.0729, 0.0337, 0.074, 0.0695], [0.72, 0.0655, 0.0288, 0.027, 0.0802, 0.0456, 0.0328], [0.7349, 0.0571, 0.0684, 0.0263, 0.0442, 0.0292, 0.0398], [0.7088, 0.0564, 0.0565, 0.0673, 0.0549, 0.0142, 0.042], [0.725, 0.0645, 0.0828, 0.0418, 0.0249, 0.0136, 0.0473], [0.7016, 0.0468, 0.0823, 0.0185, 0.0662, 0.0462, 0.0385], [0.7062, 0.0311, 0.0534, 0.0549, 0.0691, 0.0623, 0.0231], [0.6605, 0.0867, 0.0579, 0.0919, 0.0169, 0.0199, 0.0662], [0.645, 0.0916, 0.0668, 0.0473, 0.0395, 0.0423, 0.0674], [0.7589, 0.0751, 0.0608, 0.0439, 0.0133, 0.0128, 0.0352], [0.7886, 0.017, 0.0449, 0.0177, 0.0142, 0.0768, 0.0407], [0.7287, 0.0295, 0.0708, 0.0339, 0.07, 0.051, 0.0161], [0.6081, 0.0381, 0.0802, 0.0808, 0.0642, 0.0604, 0.0682], [0.6093, 0.0567, 0.074, 0.026, 0.0852, 0.0903, 0.0585], [0.7716, 0.0639, 0.0631, 0.0149, 0.0161, 0.0156, 0.0547], [0.6995, 0.0194, 0.0195, 0.1068, 0.095, 0.0196, 0.0403], [0.7128, 0.0199, 0.0924, 0.0321, 0.0811, 0.0371, 0.0246], [0.6724, 0.0732, 0.0675, 0.0291, 0.0162, 0.0738, 0.0677], [0.7318, 0.0344, 0.0295, 0.07, 0.0537, 0.0325, 0.048], [0.7281, 0.0777, 0.0199, 0.0177, 0.0569, 0.0226, 0.0771], [0.6443, 0.0487, 0.0843, 0.0286, 0.0683, 0.0555, 0.0704], [0.7245, 0.0566, 0.0731, 0.0165, 0.0493, 0.0369, 0.043], [0.6834, 0.0698, 0.0308, 0.081, 0.0197, 0.069, 0.0462], [0.6489, 0.0717, 0.0731, 0.0484, 0.0566, 0.0391, 0.062], [0.7519, 0.0703, 0.0151, 0.0538, 0.0251, 0.0384, 0.0454], [0.5809, 0.0826, 0.0583, 0.0386, 0.0695, 0.085, 0.0851], [0.76, 0.0519, 0.0203, 0.0675, 0.0233, 0.0461, 0.0309], [0.7124, 0.0714, 0.0591, 0.0755, 0.0287, 0.0358, 0.0172], [0.6852, 0.0801, 0.0324, 0.047, 0.0482, 0.0544, 0.0527], [0.7354, 0.0313, 0.0532, 0.0274, 0.0514, 0.0251, 0.0762], [0.6832, 0.0866, 0.0691, 0.0481, 0.0311, 0.0343, 0.0475], [0.7044, 0.0224, 0.014, 0.0811, 0.061, 0.0474, 0.0698], [0.7777, 0.0412, 0.0451, 0.0488, 0.0549, 0.0142, 0.0181], [0.6246, 0.0797, 0.0644, 0.0778, 0.0426, 0.0217, 0.0891], [0.6862, 0.0763, 0.0275, 0.0778, 0.0761, 0.0242, 0.032], [0.7045, 0.075, 0.02, 0.0803, 0.0638, 0.0251, 0.0313], [0.7642, 0.0499, 0.0281, 0.0251, 0.0469, 0.0316, 0.0542]], "emotions": ["red", "red", "red", "red", "red", "red", "red", "red", "red", "red", "red", "red", "red", "red", "red", "red", "red", "red", "red", "red", "red", "red", "red", "red", "red", "red", "red", "red", "red", "red", "red", "red", "red", "red", "red", "red", "red", "red", "red", "red", "red", "red", "red", "red", "red", "red", "red", "red", "red", "red", "red", "red", "red", "red", "red", "red", "red", "red", "red", "red", "red", "red", "red", "red", "red", "red", "red", "red", "red", "red", "red", "red", "red", "red", "red", "red", "red", "red", "red", "red"], "timestamps": [0, 40, 80, 120, 160, 200, 240, 280, 320, 360, 400, 440, 480, 520, 560, 600, 640, 680, 720, 760, 800, 840, 880, 920, 960, 1000, 1040, 1080, 1120, 1160, 1200, 1240, 1280, 1320, 1360, 1400, 1440, 1480, 1520, 1560, 1600, 1640, 1680, 1720, 1760, 1800, 1840, 1880, 1920, 1960, 2000, 2040, 2080, 2120, 2160, 2200, 2240, 2280, 2320, 2360, 2400, 2440, 2480, 2520, 2560, 2600, 2640, 2680, 2720, 2760, 2800, 2840, 2880, 2920, 2960, 3000, 3040, 3080, 3120, 3160]}], "conversation": [], "conversation_timestamps": []}