{
  "agent_id": "agent-type-blue-42",
  "type": "blue",
  "trips": [
    {
      "trip_id": 0,
      "transport_method": "foot",
      "start_time": 0,
      "path": [
        [
          1.5217541000000003,
          42.506049899999994
        ],
        [
          1.5217599906717005,
          42.50633209035295
        ],
        [
          1.521930578469855,
          42.506316567152254
        ],
        [
          1.5222148525584527,
          42.50631610440013
        ],
        [
          1.522536838885162,
          42.50638041456518
        ],
        [
          1.522856480673816,
          42.506442192612276
        ],
        [
          1.5231707740752374,
          42.506539980249165
        ],
        [
          1.5234331074648748,
          42.50665814337676
        ],
        [
          1.5237534698610458,
          42.50673371205434
        ],
        [
          1.5240739111254509,
          42.50680894609033
        ],
        [
          1.5239464476101434,
          42.50677901987369
        ],
        [
          1.5236260079055668,
          42.50670377921928
        ],
        [
          1.5233057291476326,
          42.5066278567479
        ],
        [
          1.522985543682281,
          42.50655154140289
        ],
        [
          1.5226653582169296,
          42.506475226057894
        ],
        [
          1.522345172751578,
          42.50639891071289
        ],
        [
          1.5220249872862266,
          42.50632259536789
        ],
        [
          1.5217150866234208,
          42.50636772893743
        ],
        [
          1.5218224197384431,
          42.506601105639284
        ],
        [
          1.522050290304544,
          42.50683862988901
        ],
        [
          1.5222781608706448,
          42.507076154138744
        ],
        [
          1.5224873420993879,
          42.50732074628796
        ],
        [
          1.5225955854474111,
          42.507618664662026
        ],
        [
          1.5229157055143845,
          42.50769032104423
        ],
        [
          1.5232375791148216,
          42.50775912902338
        ],
        [
          1.5235634746345263,
          42.50778878522485
        ],
        [
          1.5238503769205005,
          42.50768463839402
        ],
        [
          1.52410757251512,
          42.507538208346624
        ],
        [
          1.5241374637424407,
          42.507277995826676
        ],
        [
          1.5240999000000004,
          42.507604999999984
        ]
      ],
      "emotions": [
        "red",
        "red",
        "red",
        "red",
        "red",
        "green",
        "green",
        "green",
        "green",
        "green",
        "purple",
        "purple",
        "purple",
        "purple",
        "purple",
        "green",
        "green",
        "green",
        "green",
        "green",
        "purple",
        "purple",
        "purple",
        "purple",
        "purple",
        "green",
        "green",
        "green",
        "green",
        "green"
      ],
      "mood_vectors": [
        [
          0.1414445440041842,
          0.21505242199466842,
          0.20944762554520296,
          0.22885443948762332,
          0.11210400585831644,
          0.05528036883677623,
          0.03781659427322841
        ],
        [
          0.005454008432060083,
          0.1391409434743831,
          0.09483134115366335,
          0.19689551206582304,
          0.17779852592981069,
          0.291499989792794,
          0.09437967915146568
        ],
        [
          0.2867285632921556,
          0.07353686527270885,
          0.00859578432817632,
          0.20886192543380463,
          0.20727449859727257,
          0.03663979540993545,
          0.17836256766594658
        ],
        [
          0.06553978745104069,
          0.26108844466096964,
          0.18931431078398964,
          0.10409258907247239,
          0.01745160593483247,
          0.20096320305029503,
          0.16155005904640007
        ],
        [
          0.26875004325529006,
          0.03742025613959764,
          0.4257705148265443,
          0.06658642721415461,
          0.08452760615517763,
          0.026262006832755577,
          0.0906831455764802
        ],
        [
          0.08611780562400925,
          0.0540272568317483,
          0.23068128451763004,
          0.015729129188256155,
          0.2158039677248608,
          0.16893189857326774,
          0.22870865754022782
        ],
        [
          0.10258222957569682,
          0.05570297251471679,
          0.051960192867108894,
          0.19299319757150307,
          0.258766952568833,
          0.24896632379558775,
          0.0890281311065537
        ],
        [
          0.18790186362962366,
          0.012235699477843823,
          0.15212596183879773,
          0.18223440552424744,
          0.15292149494210205,
          0.2202352000584897,
          0.09234537452889553
        ],
        [
          0.16509776064234516,
          0.15364992605764163,
          0.011002774165230428,
          0.1753467773249517,
          0.2112640898289935,
          0.09208373599257914,
          0.19155493598825835
        ],
        [
          0.15050798456345138,
          0.17719485396312784,
          0.06562537501719465,
          0.2122872247631566,
          0.1221619806582699,
          0.17878902982996728,
          0.0934335512048324
        ],
        [
          0.2186942562207291,
          0.10231916232637178,
          0.043566263975867985,
          0.23729300513618662,
          0.25836480754473634,
          0.10346739324622638,
          0.036295111549881826
        ],
        [
          0.03823313147856975,
          0.24953349069481923,
          0.07161224324957746,
          0.2472361219574983,
          0.19195358307410484,
          0.07462197637180192,
          0.12680945317362846
        ],
        [
          0.22467814568355404,
          0.032154531298143586,
          0.21613197856201077,
          0.004627602643076646,
          0.2007597899557931,
          0.2225104174334835,
          0.0991375344239384
        ],
        [
          0.18190001178431298,
          0.21063280119893593,
          0.1423421002270114,
          0.2144813197321539,
          0.0414469363400307,
          0.12573234188264742,
          0.0834644888349076
        ],
        [
          0.1704243201303448,
          0.18716167745693854,
          0.0900229697197065,
          0.23663697515139534,
          0.07323706866057186,
          0.08179765654731837,
          0.16071933233372457
        ],
        [
          0.20192783459593538,
          0.06215269029444413,
          0.3095772670981268,
          0.012402083397586028,
          0.22015510704184715,
          0.09693158664660281,
          0.09685343092545773
        ],
        [
          0.14592924653060185,
          0.33135538213207394,
          0.05052394101701789,
          0.16344643691128163,
          0.2708573035544923,
          0.008575805678035741,
          0.029311884176496623
        ],
        [
          0.21653671264490304,
          0.010507461919129508,
          0.18992037188533611,
          0.03992679244861522,
          0.24581940827999765,
          0.13313473954938904,
          0.16415451327262948
        ],
        [
          0.13540303982475,
          0.20993116377655652,
          0.1214870904875204,
          0.2174531075206939,
          0.1952066381372624,
          0.021400789935750487,
          0.09911817031746631
        ],
        [
          0.004903973239366126,
          0.1436877625924264,
          0.1313803451684663,
          0.26245632089408305,
          0.21134892853991988,
          0.0954185120399381,
          0.15080415752580012
        ],
        [
          0.20419897576645307,
          0.05533452741324238,
          0.1635973492687898,
          0.13320299972424127,
          0.10509223409905756,
          0.21813109764037245,
          0.12044281608784346
        ],
        [
          0.43431671816859957,
          0.04522264103387619,
          0.14071423951371723,
          0.1516205613324133,
          0.008996473297756246,
          0.14030165461147442,
          0.07882771204216305
        ],
        [
          0.15480514957536096,
          0.14518279645194376,
          0.04636001560836045,
          0.17751483823146375,
          0.33194937472710434,
          0.10237816004062576,
          0.041809665365140955
        ],
        [
          0.34447968907394305,
          0.15761191307631547,
          0.052033279184178355,
          0.22955423556869448,
          0.1122870446891223,
          0.1014582042335081,
          0.0025756341742382673
        ],
        [
          0.24629605071599167,
          0.002269089300223264,
          0.24116719404754186,
          0.04922917540968195,
          0.1373389993624256,
          0.13331658903912533,
          0.19038290212501033
        ],
        [
          0.21624786859018932,
          0.0324417925746236,
          0.09574065389838181,
          0.1640055957506435,
          0.16487552645938433,
          0.18532284474185529,
          0.14136571798492212
        ],
        [
          0.2602573031516978,
          0.06839866954698406,
          0.2133862503064544,
          0.05567075103933051,
          0.08044963601830592,
          0.245563746399016,
          0.07627364353821132
        ],
        [
          0.1720116119907321,
          0.06556336398476337,
          0.13841186511022582,
          0.034491359867003475,
          0.10075911650388802,
          0.22796296533723462,
          0.2607997172061527
        ],
        [
          0.09040529725232957,
          0.07521431033720015,
          0.04366188254061693,
          0.29463126177574966,
          0.05365267906745814,
          0.2478337984529732,
          0.19460077057367237
        ],
        [
          0.03818555088859009,
          0.020841028445583363,
          0.25741967801193205,
          0.12482855254469037,
          0.23759583002388712,
          0.24099094605941404,
          0.08013841402590297
        ]
      ],
      "timestamps": [
        0,
        1,
        2,
        3,
        4,
        5,
        6,
        7,
        8,
        9,
        10,
        11,
        12,
        13,
        14,
        15,
        16,
        17,
        18,
        19,
        20,
        21,
        22,
        23,
        24,
        25,
        26,
        27,
        28,
        29
      ],
      "distance": 353.3
    },
    {
      "trip_id": 1,
      "transport_method": "bicycle",
      "start_time": 30,
      "path": [
        [
          1.5241413000000006,
          42.5072446
        ],
        [
          1.5240231381746208,
          42.50762949949121
        ],
        [
          1.523627735968093,
          42.50778351918572
        ],
        [
          1.5231914871103978,
          42.507749774683084
        ],
        [
          1.522758097045702,
          42.50765634344342
        ],
        [
          1.5224851101335448,
          42.507374433037775
        ],
        [
          1.5222363056826314,
          42.5070325257654
        ],
        [
          1.5219293810044514,
          42.50671259829449
        ],
        [
          1.5216852459763877,
          42.506394831339485
        ],
        [
          1.522096854894566,
          42.506339724819156
        ],
        [
          1.5225281208653865,
          42.50644251590405
        ],
        [
          1.5229593868362072,
          42.50654530698894
        ],
        [
          1.5233906528070278,
          42.50664809807383
        ],
        [
          1.5238221671000962,
          42.50674984097133
        ],
        [
          1.5240870223868122,
          42.50681202438648
        ],
        [
          1.5236554118737209,
          42.506710689744274
        ],
        [
          1.5232798543940123,
          42.50657391894006
        ],
        [
          1.5228565245943984,
          42.5064422062775
        ],
        [
          1.5224246711955762,
          42.5063475447404
        ],
        [
          1.5219855924073051,
          42.50628617567318
        ],
        [
          1.5217136945891279,
          42.50636899323552
        ],
        [
          1.5219027756894283,
          42.506684865851476
        ],
        [
          1.5222097003676083,
          42.50700479332239
        ],
        [
          1.5224867064741883,
          42.507336035344096
        ],
        [
          1.5221801062469669,
          42.507546347547944
        ],
        [
          1.5217420979602205,
          42.50747840250438
        ],
        [
          1.5214291088740053,
          42.50717078547577
        ],
        [
          1.5211149968814581,
          42.506862757922235
        ],
        [
          1.5208768631571417,
          42.50669886426891
        ],
        [
          1.5209212684425466,
          42.50685553273467
        ],
        [
          1.5205634918083455,
          42.5071055612804
        ],
        [
          1.520153600331981,
          42.507167413009235
        ],
        [
          1.5199529974490018,
          42.50695549519077
        ],
        [
          1.5196875165903418,
          42.506773062193346
        ],
        [
          1.519685159215381,
          42.506546039821195
        ],
        [
          1.5200450782971942,
          42.506454023716934
        ],
        [
          1.519612375102911,
          42.50637942338873
        ],
        [
          1.5192599691938455,
          42.506278086886866
        ],
        [
          1.5188321725967526,
          42.50635138253518
        ],
        [
          1.5185393897928559,
          42.506041837023744
        ],
        [
          1.5183430911154365,
          42.50564838092543
        ],
        [
          1.5186877085665913,
          42.50550227980841
        ],
        [
          1.5191196005831658,
          42.50555244797882
        ],
        [
          1.519551523636379,
          42.50565244208277
        ],
        [
          1.5199834466895923,
          42.50575243618672
        ],
        [
          1.5204153697428056,
          42.50585243029066
        ],
        [
          1.5208213317583643,
          42.505909888324325
        ],
        [
          1.52123536512619,
          42.50606842133366
        ],
        [
          1.5216601471864917,
          42.50614891534041
        ],
        [
          1.5220470743947878,
          42.50632785977085
        ],
        [
          1.5224783403656084,
          42.50643065085574
        ],
        [
          1.5229096063364291,
          42.50653344194063
        ],
        [
          1.5233408723072497,
          42.506636233025525
        ],
        [
          1.5237504589131605,
          42.506688814471936
        ],
        [
          1.524183143909139,
          42.50678545834901
        ],
        [
          1.524616318631147,
          42.506879876282234
        ],
        [
          1.5250509695063457,
          42.50696706171765
        ],
        [
          1.5254904389971893,
          42.50702270875718
        ],
        [
          1.5259318556512298,
          42.50706403286947
        ],
        [
          1.526192354993331,
          42.506876820672936
        ],
        [
          1.5261633000000003,
          42.5070857
        ]
      ],
      "emotions": [
        "purple",
        "purple",
        "purple",
        "purple",
        "purple",
        "green",
        "green",
        "green",
        "green",
        "green",
        "red",
        "red",
        "red",
        "red",
        "red",
        "red",
        "red",
        "red",
        "red",
        "red",
        "purple",
        "purple",
        "purple",
        "purple",
        "purple",
        "green",
        "green",
        "green",
        "green",
        "green",
        "red",
        "red",
        "red",
        "red",
        "red",
        "red",
        "red",
        "red",
        "red",
        "red",
        "red",
        "red",
        "red",
        "red",
        "red",
        "green",
        "green",
        "green",
        "green",
        "green",
        "purple",
        "purple",
        "purple",
        "purple",
        "purple",
        "red",
        "red",
        "red",
        "red",
        "red",
        "green"
      ],
      "mood_vectors": [
        [
          0.018034899136118474,
          0.22718336201952855,
          0.13029063785435982,
          0.2438904053291482,
          0.13298129374230025,
          0.24240972090081,
          0.005209681017734665
        ],
        [
          0.24107296421719326,
          0.06925988173957846,
          0.13742584311680936,
          0.15932457604433745,
          0.15759505773674193,
          0.013106678516986816,
          0.22221499862835276
        ],
        [
          0.05202568357219423,
          0.20972500474920436,
          0.10947525746849285,
          0.1562062799448976,
          0.13189599605466273,
          0.19496801355228716,
          0.145703764658261
        ],
        [
          0.14033333646789722,
          0.12173626360993381,
          0.20999067969766752,
          0.19527986195748298,
          0.030764967386534676,
          0.20858728468715704,
          0.09330760619332672
        ],
        [
          0.2056008525126194,
          0.09503469018004544,
          0.17467540119493227,
          0.12099730491328978,
          0.13175092589935786,
          0.1157717356206799,
          0.15616908967907542
        ],
        [
          0.15680561563595424,
          0.17319834330532352,
          0.17709218399375717,
          0.12625209549732674,
          0.16951810702658315,
          0.12496318938197094,
          0.07217046515908421
        ],
        [
          0.08624643577878484,
          0.17779088734126397,
          0.029211462036451686,
          0.15646796304425958,
          0.1865183163180409,
          0.16164471091699747,
          0.2021202245642015
        ],
        [
          0.16070791825533037,
          0.09654485526131408,
          0.1755579055524705,
          0.08660428393147108,
          0.18184794248744043,
          0.1851913598261678,
          0.1135457346858057
        ],
        [
          0.18820044521637067,
          0.12180893607211249,
          0.1752649045559919,
          0.3385178575860839,
          0.01409130785686395,
          0.13366200996818178,
          0.028454538744395293
        ],
        [
          0.028008416735692664,
          0.1891921238166868,
          0.15887804117057805,
          0.15176271961342014,
          0.17599495309728835,
          0.1823727334672035,
          0.11379101209913053
        ],
        [
          0.14252915601674127,
          0.14054196974895758,
          0.15575489528860179,
          0.15450448730871263,
          0.18311092112222394,
          0.06489593785095557,
          0.15866263266380723
        ],
        [
          0.23069661299795582,
          0.0013915125697398871,
          0.09126921468810319,
          0.17292740007405047,
          0.12559252085094194,
          0.17049063900818598,
          0.20763209981102274
        ],
        [
          0.07152108509181539,
          0.12118603143597627,
          0.19515251986946838,
          0.00809449355630089,
          0.22430984123475434,
          0.2030721782855808,
          0.1766638505261039
        ],
        [
          0.16447550481117307,
          0.1290803386264462,
          0.10155144658621129,
          0.08578084082286701,
          0.1746223615871734,
          0.14657984517072162,
          0.19790966239540753
        ],
        [
          0.2677234065304439,
          0.1680247405057254,
          0.1919890777062856,
          0.13611576923900157,
          0.04400172943596202,
          0.08457805777725726,
          0.10756721880532433
        ],
        [
          0.1762229618285572,
          0.23032734968347865,
          0.17980168108951225,
          0.11504368438070399,
          0.05963544424411877,
          0.159736767464315,
          0.0792321113093141
        ],
        [
          0.05591613085224683,
          0.0682365042907831,
          0.34138202143456137,
          0.011617111822967721,
          0.2393294586601221,
          0.003948928338841123,
          0.27956984460047773
        ],
        [
          0.04322024798949514,
          0.087692358480979,
          0.2813992833135943,
          0.16660227256981927,
          0.1494065989829609,
          0.04773365341732857,
          0.2239455852458227
        ],
        [
          0.2253248511045065,
          0.14718291833908012,
          0.22485990697729136,
          0.17476792573913968,
          0.02622497522675238,
          0.1405159090004214,
          0.06112351361280853
        ],
        [
          0.03282155394028592,
          0.195798687031619,
          0.1584928422535975,
          0.033649965128339517,
          0.24785093619752532,
          0.15073686912113043,
          0.1806491463275022
        ],
        [
          0.11275700969353167,
          0.11439563472398041,
          0.20861448881481828,
          0.16256020120773768,
          0.15808286858931614,
          0.13160109662535893,
          0.11198870034525696
        ],
        [
          0.21097387770157777,
          0.15666266351923597,
          0.1722182687509279,
          0.07248801056033548,
          0.17325122456027015,
          0.15652515154756852,
          0.05788080336008429
        ],
        [
          0.21163772250361754,
          0.2096113776050904,
          0.02389283170828982,
          0.15318873368345204,
          0.1736765911137626,
          0.13020416218474218,
          0.09778858120104543
        ],
        [
          0.1683342631977047,
          0.04851072910461563,
          0.11864546907155873,
          0.22166790390763372,
          0.18849524417714036,
          0.19763494627932626,
          0.05671144426202071
        ],
        [
          0.16022233810001546,
          0.11469055567007745,
          0.22289002941432545,
          0.08331436076489714,
          0.12304007815982845,
          0.12772660854134474,
          0.16811602934951125
        ],
        [
          0.28416883393947195,
          0.04554596040545548,
          0.28696917573017494,
          0.15430642680291637,
          0.030338062139409483,
          0.18473297053799287,
          0.013938570444578895
        ],
        [
          0.1365129560239644,
          0.3261701579118231,
          0.15025560674251556,
          0.10459917795281838,
          0.09204138037586297,
          0.15673561878908437,
          0.03368510220393127
        ],
        [
          0.11178773877780843,
          0.07815353952410127,
          0.007946680102159468,
          0.24978950585488144,
          0.21572027770324373,
          0.20460857971314322,
          0.13199367832466247
        ],
        [
          0.00813189649228171,
          0.14179348856690915,
          0.0739751547466651,
          0.36454071676888683,
          0.08925169595160569,
          0.19039766989009235,
          0.13190937758355917
        ],
        [
          0.13783302482507914,
          0.1370178487806575,
          0.19252551061104473,
          0.10965934577363622,
          0.17591528308464532,
          0.17220782910749896,
          0.07484115781743804
        ],
        [
          0.11666122524906682,
          0.06053161260547504,
          0.1290970257051097,
          0.3588949760852828,
          0.08011364915915604,
          0.16507305872606312,
          0.08962845246984646
        ],
        [
          0.3314130049298027,
          0.00466094507176622,
          0.09459988545127192,
          0.07597808400743047,
          0.25566413837784974,
          0.06487047963775606,
          0.17281346252412294
        ],
        [
          0.08804859048818683,
          0.19066022736484803,
          0.20331770007073638,
          0.07398823313547356,
          0.2209547005063362,
          0.11298398817914815,
          0.11004656025527088
        ],
        [
          0.12232738368756522,
          0.15508361764573322,
          0.009668933713664864,
          0.0935995147375609,
          0.24825367727676795,
          0.07275944138045412,
          0.2983074315582536
        ],
        [
          0.1967123584691208,
          0.08107622303816776,
          0.20452937920775666,
          0.1260075164032663,
          0.13252096392661256,
          0.1550117917212084,
          0.10414176723386756
        ],
        [
          0.1129201775181275,
          0.12450792124184044,
          0.016043664879187444,
          0.22919215024584322,
          0.145807317273306,
          0.1091632519584613,
          0.2623655168832341
        ],
        [
          0.15513171917056728,
          0.06089809456693379,
          0.21939337259888514,
          0.21517418316425482,
          0.023415066143994457,
          0.22002100755473977,
          0.10596655680062467
        ],
        [
          0.29830714495060523,
          0.08962246629044092,
          0.23605956532402922,
          0.04517511247542589,
          0.0462180777783494,
          0.05026388316208152,
          0.23435375001906783
        ],
        [
          0.0938142301226724,
          0.20105253022399427,
          0.12152055524606373,
          0.1072755440061049,
          0.04222821164889249,
          0.16969510880783936,
          0.26441381994443286
        ],
        [
          0.09724361052379726,
          0.41982170069158414,
          0.239603729593797,
          0.06419836968976234,
          0.017836129449323442,
          0.10290722163155588,
          0.058389238420179825
        ],
        [
          0.13227690659671376,
          0.03237071107629749,
          0.10856870392440605,
          0.2911119971245071,
          0.07062807265426214,
          0.23461979020339208,
          0.13042381842042136
        ],
        [
          0.04307715161807974,
          0.01605586720666234,
          0.13952014817252661,
          0.15566804127172218,
          0.20167042163000265,
          0.08682049032642264,
          0.3571878797745838
        ],
        [
          0.025820015736384632,
          0.0964575603055535,
          0.1948079568676854,
          0.16277832785165489,
          0.1396822785149986,
          0.1539391173314678,
          0.22651474339225516
        ],
        [
          0.21018398301188237,
          0.2078895917647243,
          0.1681012133383119,
          0.09499578967615355,
          0.031265018515683266,
          0.05314567475443661,
          0.23441872893880794
        ],
        [
          0.012964440112309966,
          0.2608924732377859,
          0.03286377914818634,
          0.043659530713674614,
          0.18579261452753854,
          0.22060011594442608,
          0.24322704631607855
        ],
        [
          0.20425709729185418,
          0.13016785425193525,
          0.13325201877699552,
          0.03498530330290865,
          0.17669254401088136,
          0.13615710412822396,
          0.18448807823720112
        ],
        [
          0.192553083883285,
          0.1773335576786252,
          0.12109572380080491,
          0.17688156486550272,
          0.10086313084848321,
          0.06875203980981853,
          0.1625208991134804
        ],
        [
          0.09752823047935065,
          0.04506569822370386,
          0.16655677173358577,
          0.1769811699467587,
          0.1527196555345357,
          0.1835957741136534,
          0.17755269996841197
        ],
        [
          0.06995765715545438,
          0.1600498083812346,
          0.02727856508341402,
          0.177715725684648,
          0.24881418206987851,
          0.12553151264620793,
          0.19065254897916253
        ],
        [
          0.2909072350105645,
          0.11466173377359852,
          0.012261507552861994,
          0.09841257562958101,
          0.29688987742833983,
          0.009022649636348183,
          0.17784442096870604
        ],
        [
          0.09211873309020105,
          0.07902007105556502,
          0.3864539112491856,
          0.2044001835985714,
          0.10758210578521502,
          0.0957136076302975,
          0.03471138759096451
        ],
        [
          0.223732617557981,
          0.03607627109327958,
          0.2355575646547224,
          0.211382608707341,
          0.03611701536194545,
          0.03494112806845536,
          0.2221927945562753
        ],
        [
          0.07140955047316512,
          0.09664593129758396,
          0.1211581157314664,
          0.22188728467767208,
          0.2125935759226486,
          0.08064784816949859,
          0.1956576937279653
        ],
        [
          0.09503154237329756,
          0.23829232529599545,
          0.12195431959796259,
          0.0035539450614300834,
          0.07159387121306035,
          0.22897871326677885,
          0.24059528319147502
        ],
        [
          0.054608172863718434,
          0.2569643454097854,
          0.11940359186174673,
          0.221142857779263,
          0.08779020226359807,
          0.08962976191648245,
          0.1704610679054058
        ],
        [
          0.1631246471938922,
          0.1664489356134068,
          0.02111016296425547,
          0.19239085405481118,
          0.06944643668684251,
          0.17168196968957194,
          0.21579699379722
        ],
        [
          0.23616883889585497,
          0.25317391331994155,
          0.036832490515922287,
          0.07750568067860103,
          0.04582333572161585,
          0.22114037269620862,
          0.1293553681718557
        ],
        [
          0.14040167646525872,
          0.057451901499910064,
          0.08174804577238458,
          0.0006790848504351102,
          0.2410183826368403,
          0.216591052815809,
          0.26210985595936215
        ],
        [
          0.1492106068435658,
          0.13156299008857866,
          0.20666327249016345,
          0.14166555753051935,
          0.058070684969103024,
          0.19169069015137655,
          0.12113619792669315
        ],
        [
          0.12348308980052157,
          0.05588673552716428,
          0.23159960242106303,
          0.20788013949341624,
          0.286240598052419,
          0.04236612428521641,
          0.0525437104201994
        ],
        [
          0.2160021737408249,
          0.14535740384368256,
          0.2364443241081338,
          0.02094527621805014,
          0.18135265499858763,
          0.005611468100949558,
          0.1942866989897714
        ]
      ],
      "timestamps": [
        30,
        31,
        32,
        33,
        34,
        35,
        36,
        37,
        38,
        39,
        40,
        41,
        42,
        43,
        44,
        45,
        46,
        47,
        48,
        49,
        50,
        51,
        52,
        53,
        54,
        55,
        56,
        57,
        58,
        59,
        60,
        61,
        62,
        63,
        64,
        65,
        66,
        67,
        68,
        69,
        70,
        71,
        72,
        73,
        74,
        75,
        76,
        77,
        78,
        79,
        80,
        81,
        82,
        83,
        84,
        85,
        86,
        87,
        88,
        89,
        90
      ],
      "distance": 447.8
    },
    {
      "trip_id": 2,
      "transport_method": "car",
      "start_time": 91,
      "path": [
        [
          1.5261633000000003,
          42.5070857
        ],
        [
          1.526168933511359,
          42.50704520010904
        ],
        [
          1.526174567022718,
          42.50700470021808
        ],
        [
          1.5261802005340768,
          42.506964200327126
        ],
        [
          1.5261858340454355,
          42.50692370043617
        ],
        [
          1.5261914675567945,
          42.50688320054521
        ],
        [
          1.5261979135513553,
          42.50684283178108
        ],
        [
          1.5262053067756778,
          42.506802615890535
        ],
        [
          1.5262127000000003,
          42.5067624
        ]
      ],
      "emotions": [
        "green",
        "green",
        "green",
        "green",
        "red",
        "red",
        "red",
        "red",
        "red"
      ],
      "mood_vectors": [
        [
          0.04245658293034026,
          0.030441886522939755,
          0.29280326160483505,
          0.2656659875763989,
          0.04283903945794495,
          0.2888034074874067,
          0.036989834420134454
        ],
        [
          0.09882020159804283,
          0.12293079906858924,
          0.15602821375221937,
          0.08846042654909192,
          0.02010397376862998,
          0.2523119925288269,
          0.26134439273459975
        ],
        [
          0.0855571578622415,
          0.01670745713494197,
          0.3382879353262358,
          0.10666654350607373,
          0.042865115354554666,
          0.18710180991914632,
          0.22281398089680607
        ],
        [
          0.049196022420314775,
          0.1967047984630546,
          0.1875179043862138,
          0.048356216206257206,
          0.15578704535260798,
          0.12564911960062086,
          0.23678889357093078
        ],
        [
          0.2758780536355788,
          0.10456270083775927,
          0.03205855516210426,
          0.21129339966570063,
          0.20173608668829032,
          0.10647057612973308,
          0.06800062788083361
        ],
        [
          0.12091382168425092,
          0.10641521272227517,
          0.10475677475384863,
          0.1775974230221296,
          0.09634643753486509,
          0.18442891211966297,
          0.20954141816296765
        ],
        [
          0.23123609088726543,
          0.23482781855617124,
          0.03863176703725016,
          0.22347514371337288,
          0.20310009654153813,
          0.022663485747407022,
          0.046065597516995176
        ],
        [
          0.1903846538196793,
          0.18380258777900108,
          0.04965255873041441,
          0.12105688985071218,
          0.212414023892089,
          0.05887675131841655,
          0.1838125346096874
        ],
        [
          0.25017616211214044,
          0.18139626523313832,
          0.06183732894398893,
          0.21551851632086458,
          0.2481906970035614,
          0.02479036554928157,
          0.01809066483702471
        ]
      ],
      "timestamps": [
        91,
        92,
        93,
        94,
        95,
        96,
        97,
        98,
        99
      ],
      "distance": 400.4
    }
  ],
  "conversation": [
    "Should I walk up to the old town or take the bus?",
    "Oh, look at that!",
    "Those sunset colors over the valley... unreal."
  ],
  "conversation_timestamps": [
    23,
    37,
    85
  ]
}
