{"agent_id": "agent-blue-480", "type": "blue", "trips": [{"trip_id": 0, "transport_method": "foot", "start_time": 0, "path": [[1.5420911, 42.5094882], [1.5419533, 42.5098484], [1.5418155, 42.5102085], [1.5417919, 42.5105872], [1.5419195, 42.5106581], [1.5419649, 42.5102752], [1.5420102, 42.5098923], [1.5420556, 42.5095094], [1.5420246, 42.5091435], [1.5418162, 42.5088536], [1.5414414, 42.5087682], [1.5410594, 42.5087155], [1.5408273, 42.5086874], [1.5405688, 42.508584], [1.5402048, 42.508457], [1.5398358, 42.5083487], [1.5394564, 42.5082796], [1.539075, 42.5082242], [1.5386898, 42.5082283], [1.5383191, 42.5081449], [1.5379341, 42.5081245], [1.5375701, 42.508003], [1.5373968, 42.5079394], [1.5377525, 42.5080873], [1.5376078, 42.5080685], [1.5372288, 42.5079974], [1.5368499, 42.5079263], [1.5364709, 42.5078552], [1.536092, 42.507784], [1.535713, 42.5077129], [1.535356, 42.5075699], [1.5350019, 42.5074173], [1.5346477, 42.5072648], [1.5343033, 42.5071208], [1.5346087, 42.5073494], [1.5349584, 42.5075117], [1.535321, 42.5076402], [1.535641, 42.5076926], [1.5352874, 42.5075389], [1.5349337, 42.5073852], [1.5345801, 42.5072315], [1.5342265, 42.5070779], [1.5338669, 42.5069408], [1.5334947, 42.50684], [1.5331226, 42.5067391], [1.5327614, 42.5066458], [1.5323767, 42.5066367], [1.5320173, 42.5067274], [1.5316664, 42.5065677], [1.5313234, 42.5063936], [1.5310015, 42.5061814], [1.5306796, 42.5059691], [1.5303577, 42.5057568], [1.5300467, 42.5055714], [1.529667, 42.5055045], [1.5292872, 42.505438], [1.5289074, 42.5053717], [1.5285275, 42.5053053], [1.5281444, 42.5052687], [1.5277601, 42.5052994], [1.5273779, 42.5053379], [1.5269944, 42.5052988], [1.5266102, 42.5053045], [1.526225, 42.5053226], [1.5258446, 42.5052765], [1.5254662, 42.5052023], [1.5250878, 42.505128], [1.5247095, 42.5050537], [1.5243309, 42.5049807], [1.5239503, 42.504919], [1.5235726, 42.5048418], [1.5231918, 42.5047969], [1.5228092, 42.5047496], [1.5224293, 42.5047329], [1.522065, 42.5048562], [1.5217337, 42.5050535], [1.5214024, 42.5052508], [1.5214341, 42.5049584], [1.5218059, 42.5050222], [1.5220979, 42.5048366]], "mood_vectors": [[0.0381, 0.0143, 0.0743, 0.6594, 0.0863, 0.0467, 0.081], [0.047, 0.0663, 0.0394, 0.7336, 0.0497, 0.0438, 0.0201], [0.0539, 0.0355, 0.0463, 0.7133, 0.0489, 0.0506, 0.0515], [0.0888, 0.045, 0.0628, 0.6449, 0.0806, 0.0547, 0.0232], [0.0173, 0.0317, 0.0827, 0.6737, 0.103, 0.0327, 0.059], [0.0729, 0.0364, 0.0299, 0.7224, 0.0586, 0.0651, 0.0148], [0.0333, 0.0169, 0.024, 0.7481, 0.0459, 0.055, 0.0767], [0.0542, 0.0227, 0.0531, 0.7182, 0.0939, 0.0341, 0.0239], [0.0405, 0.0754, 0.0539, 0.679, 0.0667, 0.0553, 0.0291], [0.0348, 0.0722, 0.0982, 0.6917, 0.0308, 0.0316, 0.0406], [0.0741, 0.0447, 0.0475, 0.7298, 0.0165, 0.0669, 0.0205], [0.0116, 0.0567, 0.0569, 0.7115, 0.067, 0.0322, 0.064], [0.0426, 0.0774, 0.0644, 0.6556, 0.0591, 0.0588, 0.0421], [0.0831, 0.0261, 0.0924, 0.6795, 0.0161, 0.0461, 0.0567], [0.0706, 0.0516, 0.0162, 0.7241, 0.0443, 0.0279, 0.0653], [0.0421, 0.032, 0.098, 0.6772, 0.084, 0.0312, 0.0355], [0.0208, 0.0568, 0.0997, 0.6488, 0.0703, 0.0697, 0.0339], [0.0272, 0.088, 0.0348, 0.6493, 0.0496, 0.0572, 0.094], [0.0167, 0.0704, 0.0607, 0.674, 0.0353, 0.0689, 0.074], [0.0731, 0.0938, 0.0327, 0.7009, 0.0349, 0.0219, 0.0428], [0.0381, 0.0494, 0.0476, 0.7072, 0.0661, 0.0202, 0.0714], [0.0429, 0.0356, 0.0601, 0.7537, 0.0138, 0.0156, 0.0784], [0.086, 0.0332, 0.0837, 0.6578, 0.0237, 0.0887, 0.0269], [0.0266, 0.0728, 0.0444, 0.7136, 0.0217, 0.0817, 0.0392], [0.0549, 0.0823, 0.0679, 0.608, 0.0437, 0.058, 0.0852], [0.0536, 0.0434, 0.0608, 0.6704, 0.0213, 0.0901, 0.0604], [0.0882, 0.025, 0.0196, 0.6686, 0.0864, 0.0282, 0.0839], [0.0189, 0.043, 0.0204, 0.8316, 0.0468, 0.0198, 0.0196], [0.0863, 0.0587, 0.073, 0.5902, 0.0408, 0.0663, 0.0848], [0.0644, 0.0266, 0.0447, 0.7794, 0.0149, 0.0522, 0.0178], [0.0426, 0.0827, 0.0697, 0.6406, 0.0634, 0.0247, 0.0763], [0.0859, 0.0164, 0.0604, 0.6951, 0.0227, 0.0794, 0.04], [0.0525, 0.0506, 0.0713, 0.7035, 0.0253, 0.0553, 0.0416], [0.0375, 0.0757, 0.0305, 0.7576, 0.0397, 0.0298, 0.0292], [0.0741, 0.0656, 0.0388, 0.6389, 0.0204, 0.0763, 0.0858], [0.0747, 0.0662, 0.0565, 0.6468, 0.0825, 0.0607, 0.0125], [0.0217, 0.0202, 0.0449, 0.733, 0.0499, 0.0584, 0.072], [0.0317, 0.0502, 0.0632, 0.6576, 0.0644, 0.0642, 0.0687], [0.0358, 0.0505, 0.0466, 0.7252, 0.0587, 0.0619, 0.0213], [0.0668, 0.0506, 0.0295, 0.6763, 0.0468, 0.0563, 0.0738], [0.0676, 0.0656, 0.0602, 0.6293, 0.0634, 0.0729, 0.0409], [0.0577, 0.065, 0.0578, 0.7018, 0.0258, 0.0437, 0.0483], [0.0359, 0.0226, 0.0668, 0.7384, 0.0812, 0.0324, 0.0227], [0.0806, 0.0263, 0.0801, 0.6168, 0.0413, 0.0799, 0.0751], [0.0635, 0.0421, 0.0781, 0.6523, 0.0249, 0.0904, 0.0489], [0.0329, 0.0697, 0.0598, 0.7116, 0.0719, 0.0132, 0.0409], [0.044, 0.0706, 0.0443, 0.6637, 0.0376, 0.0682, 0.0715], [0.0253, 0.0454, 0.015, 0.7409, 0.037, 0.0597, 0.0768], [0.0603, 0.0713, 0.0653, 0.6402, 0.0151, 0.0621, 0.0857], [0.014, 0.07, 0.0571, 0.6987, 0.0617, 0.0437, 0.0548], [0.0746, 0.0439, 0.0548, 0.6565, 0.0641, 0.0549, 0.0512], [0.0837, 0.0433, 0.0424, 0.639, 0.0819, 0.0239, 0.0859], [0.0471, 0.0533, 0.0523, 0.7191, 0.0144, 0.0564, 0.0576], [0.087, 0.0311, 0.0886, 0.6209, 0.0293, 0.08, 0.0631], [0.0339, 0.0142, 0.0266, 0.7707, 0.0756, 0.0555, 0.0235], [0.0165, 0.0213, 0.0228, 0.7634, 0.0383, 0.0894, 0.0482], [0.0729, 0.0749, 0.024, 0.6562, 0.0606, 0.0858, 0.0257], [0.0452, 0.0578, 0.0708, 0.7197, 0.0454, 0.0193, 0.0417], [0.0417, 0.0753, 0.0769, 0.6485, 0.0723, 0.0194, 0.0659], [0.0566, 0.026, 0.0374, 0.6864, 0.0652, 0.0894, 0.039], [0.0639, 0.0164, 0.0182, 0.7332, 0.0638, 0.0557, 0.0487], [0.0636, 0.036, 0.0334, 0.7563, 0.0244, 0.0534, 0.0327], [0.0299, 0.0681, 0.0418, 0.6758, 0.0476, 0.0713, 0.0655], [0.0341, 0.0258, 0.0504, 0.7776, 0.032, 0.061, 0.0191], [0.0393, 0.0563, 0.0705, 0.7155, 0.0152, 0.0392, 0.0639], [0.0313, 0.0317, 0.0782, 0.6935, 0.0577, 0.0312, 0.0764], [0.0644, 0.0178, 0.0707, 0.724, 0.018, 0.0743, 0.0307], [0.0481, 0.0676, 0.0187, 0.7275, 0.0603, 0.0481, 0.0298], [0.0567, 0.0172, 0.0581, 0.7157, 0.0427, 0.0895, 0.0201], [0.0746, 0.0391, 0.0488, 0.6822, 0.0656, 0.072, 0.0176], [0.0787, 0.0466, 0.038, 0.7223, 0.0165, 0.0674, 0.0304], [0.0157, 0.0671, 0.0606, 0.7275, 0.0129, 0.0495, 0.0667], [0.042, 0.0601, 0.0424, 0.6847, 0.0764, 0.0782, 0.0162], [0.0568, 0.0776, 0.0447, 0.7033, 0.0264, 0.0343, 0.057], [0.0288, 0.0598, 0.0906, 0.6351, 0.0611, 0.0657, 0.0589], [0.0478, 0.0479, 0.0355, 0.7191, 0.0598, 0.029, 0.0609], [0.0227, 0.0264, 0.0482, 0.7703, 0.0399, 0.0685, 0.024], [0.065, 0.0342, 0.0619, 0.7343, 0.018, 0.0673, 0.0192], [0.044, 0.0231, 0.0801, 0.7329, 0.0728, 0.0308, 0.0163], [0.0457, 0.0434, 0.0247, 0.729, 0.0708, 0.0478, 0.0385]], "emotions": ["green", "green", "green", "green", "green", "green", "green", "green", "green", "green", "green", "green", "green", "green", "green", "green", "green", "green", "green", "green", "green", "green", "green", "green", "green", "green", "green", "green", "green", "green", "green", "green", "green", "green", "green", "green", "green", "green", "green", "green", "green", "green", "green", "green", "green", "green", "green", "green", "green", "green", "green", "green", "green", "green", "green", "green", "green", "green", "green", "green", "green", "green", "green", "green", "green", "green", "green", "green", "green", "green", "green", "green", "green", "green", "green", "green", "green", "green", "green", "green"], "timestamps": [0, 40, 80, 120, 160, 200, 240, 280, 320, 360, 400, 440, 480, 520, 560, 600, 640, 680, 720, 760, 800, 840, 880, 920, 960, 1000, 1040, 1080, 1120, 1160, 1200, 1240, 1280, 1320, 1360, 1400, 1440, 1480, 1520, 1560, 1600, 1640, 1680, 1720, 1760, 1800, 1840, 1880, 1920, 1960, 2000, 2040, 2080, 2120, 2160, 2200, 2240, 2280, 2320, 2360, 2400, 2440, 2480, 2520, 2560, 2600, 2640, 2680, 2720, 2760, 2800, 2840, 2880, 2920, 2960, 3000, 3040, 3080, 3120, 3160]}], "conversation": [], "conversation_timestamps": []}