{"agent_id": "agent-purple-854", "type": "purple", "trips": [{"trip_id": 0, "transport_method": "bus", "start_time": 0, "path": [[1.4908797, 42.5658635], [1.4920271, 42.564793], [1.4933126, 42.5638785], [1.494598, 42.5629641], [1.495246, 42.5626712], [1.4939807, 42.5635486], [1.4925232, 42.5641162], [1.4918724, 42.5649002], [1.4931501, 42.5639749], [1.4944277, 42.5630496], [1.4957054, 42.5621244], [1.497053, 42.5615119], [1.4982249, 42.5615201], [1.4983851, 42.5615668], [1.4999277, 42.5616926], [1.5010158, 42.5607236], [1.5023759, 42.5599244], [1.5022247, 42.560222], [1.5009246, 42.5611114], [1.5004695, 42.5610893], [1.5018805, 42.5603839], [1.5032915, 42.5596784], [1.5045963, 42.5588069], [1.5048884, 42.5573242], [1.5058895, 42.5561199], [1.5066381, 42.5547591], [1.5073008, 42.5534479], [1.5084623, 42.5523806], [1.5097309, 42.5514482], [1.5109702, 42.5504966], [1.5121096, 42.5494178], [1.5128221, 42.5486872], [1.5133698, 42.5480658], [1.5138774, 42.5466179], [1.5143029, 42.5461903], [1.5147979, 42.545691], [1.5155757, 42.544543], [1.5167165, 42.5434617], [1.5175752, 42.5421625], [1.5188842, 42.5413663], [1.5193929, 42.5401014], [1.5193627, 42.5394026], [1.5194709, 42.5393425], [1.5197834, 42.5378099], [1.5205259, 42.5364297], [1.5209491, 42.5354042], [1.5197934, 42.534332], [1.5197384, 42.5329079], [1.5196636, 42.5313682], [1.5196166, 42.5314151], [1.5196987, 42.5307292], [1.520405, 42.5295932], [1.5204102, 42.5281316], [1.5202065, 42.5267702], [1.5206129, 42.5252982], [1.5211282, 42.5238554], [1.5219054, 42.5225114], [1.5230563, 42.5214672], [1.5237124, 42.5200562], [1.523541, 42.5206779], [1.523761, 42.5200652], [1.5244177, 42.518653], [1.5256499, 42.517731], [1.5269641, 42.5169796], [1.5283433, 42.5162647], [1.5294276, 42.5151482], [1.5303597, 42.5140233], [1.5307678, 42.5125888], [1.5301603, 42.5115845], [1.5295742, 42.5104601], [1.5284869, 42.5093359], [1.5291962, 42.5100194], [1.5280514, 42.508934], [1.5265834, 42.5085016], [1.5251505, 42.5079841], [1.5235982, 42.5077963], [1.5220553, 42.5077308], [1.5205926, 42.5074763], [1.5191289, 42.5070638], [1.5177675, 42.5066056]], "mood_vectors": [[0.0161, 0.052, 0.0802, 0.0848, 0.0684, 0.6288, 0.0698], [0.065, 0.0238, 0.0266, 0.0691, 0.088, 0.6762, 0.0512], [0.036, 0.0693, 0.0411, 0.0213, 0.0467, 0.758, 0.0275], [0.0344, 0.0573, 0.0578, 0.0564, 0.0259, 0.7055, 0.0626], [0.0502, 0.0192, 0.0336, 0.0226, 0.0695, 0.7564, 0.0486], [0.0795, 0.0874, 0.0831, 0.0254, 0.076, 0.6209, 0.0277], [0.0909, 0.0754, 0.0356, 0.0673, 0.0245, 0.6847, 0.0217], [0.0566, 0.0655, 0.0863, 0.052, 0.0265, 0.641, 0.0721], [0.07, 0.0466, 0.0462, 0.0378, 0.0266, 0.7331, 0.0398], [0.0333, 0.0234, 0.0414, 0.0457, 0.0177, 0.7478, 0.0907], [0.0263, 0.0519, 0.0852, 0.0213, 0.0332, 0.752, 0.0301], [0.0515, 0.0178, 0.0517, 0.0802, 0.0492, 0.7269, 0.0227], [0.0723, 0.024, 0.0501, 0.0379, 0.0522, 0.7493, 0.0143], [0.0187, 0.0659, 0.0394, 0.0288, 0.0758, 0.6934, 0.0779], [0.0706, 0.0664, 0.0163, 0.0935, 0.0899, 0.6374, 0.0258], [0.0299, 0.0439, 0.0672, 0.0125, 0.0637, 0.7459, 0.0369], [0.068, 0.0161, 0.0686, 0.0623, 0.0485, 0.6688, 0.0677], [0.0526, 0.0818, 0.0268, 0.0593, 0.0351, 0.7173, 0.0272], [0.0756, 0.0388, 0.0603, 0.072, 0.0867, 0.6148, 0.0518], [0.0805, 0.0184, 0.0531, 0.0649, 0.0803, 0.6675, 0.0352], [0.0247, 0.0854, 0.0707, 0.0403, 0.0205, 0.7329, 0.0256], [0.0453, 0.0806, 0.0712, 0.0699, 0.0268, 0.666, 0.0403], [0.0595, 0.0382, 0.0697, 0.0255, 0.0686, 0.6538, 0.0846], [0.086, 0.0404, 0.0518, 0.0581, 0.0428, 0.6345, 0.0864], [0.0525, 0.0192, 0.0153, 0.0126, 0.0844, 0.7941, 0.0219], [0.0223, 0.0218, 0.0196, 0.034, 0.0907, 0.7847, 0.0269], [0.0816, 0.0444, 0.0467, 0.0504, 0.0578, 0.6349, 0.0842], [0.051, 0.0784, 0.077, 0.0456, 0.0661, 0.6439, 0.0379], [0.022, 0.0396, 0.0561, 0.0562, 0.0176, 0.7442, 0.0642], [0.0441, 0.02, 0.0855, 0.0621, 0.0717, 0.687, 0.0297], [0.0427, 0.0644, 0.0612, 0.0815, 0.0597, 0.6632, 0.0273], [0.0444, 0.07, 0.0644, 0.0674, 0.0773, 0.6458, 0.0307], [0.0649, 0.0449, 0.0885, 0.0209, 0.0187, 0.688, 0.0742], [0.031, 0.0701, 0.0249, 0.0674, 0.0451, 0.7351, 0.0265], [0.0655, 0.0507, 0.0359, 0.0369, 0.0307, 0.7629, 0.0174], [0.0625, 0.0545, 0.0534, 0.0663, 0.0393, 0.6663, 0.0578], [0.0649, 0.0601, 0.0378, 0.0556, 0.0728, 0.6827, 0.0261], [0.0388, 0.0714, 0.0782, 0.0914, 0.037, 0.5979, 0.0854], [0.0556, 0.0722, 0.0482, 0.0453, 0.0799, 0.6331, 0.0658], [0.0483, 0.0496, 0.0153, 0.0118, 0.0572, 0.7484, 0.0694], [0.0703, 0.0275, 0.0293, 0.0298, 0.0195, 0.7464, 0.0772], [0.0568, 0.0441, 0.0218, 0.0847, 0.0645, 0.707, 0.0212], [0.0896, 0.0608, 0.0434, 0.0531, 0.0366, 0.6946, 0.022], [0.0684, 0.0471, 0.0761, 0.0276, 0.0632, 0.6687, 0.0488], [0.0607, 0.0274, 0.0749, 0.043, 0.0333, 0.6921, 0.0686], [0.0678, 0.0579, 0.0501, 0.0549, 0.0188, 0.687, 0.0635], [0.0416, 0.035, 0.0674, 0.0452, 0.0246, 0.7317, 0.0546], [0.0383, 0.0411, 0.0774, 0.038, 0.052, 0.6895, 0.0636], [0.0596, 0.0268, 0.0357, 0.0499, 0.0399, 0.7022, 0.0859], [0.0117, 0.0642, 0.0485, 0.0691, 0.0543, 0.7407, 0.0115], [0.0372, 0.0128, 0.0786, 0.0699, 0.0203, 0.733, 0.0481], [0.0495, 0.0759, 0.0309, 0.017, 0.0655, 0.7328, 0.0284], [0.0758, 0.0266, 0.0222, 0.0762, 0.0162, 0.77, 0.0131], [0.0739, 0.0589, 0.0722, 0.0366, 0.0532, 0.625, 0.0803], [0.0369, 0.078, 0.0369, 0.0251, 0.0426, 0.7324, 0.0479], [0.0726, 0.028, 0.0792, 0.0448, 0.0562, 0.6777, 0.0415], [0.0701, 0.0254, 0.0214, 0.0274, 0.0721, 0.7665, 0.0171], [0.0183, 0.0686, 0.0499, 0.0609, 0.0378, 0.7001, 0.0644], [0.0162, 0.0186, 0.0836, 0.0809, 0.0718, 0.7032, 0.0258], [0.0441, 0.0307, 0.0356, 0.0888, 0.0485, 0.7266, 0.0257], [0.042, 0.0408, 0.0757, 0.0505, 0.0305, 0.7376, 0.0229], [0.0757, 0.0481, 0.0877, 0.0603, 0.0563, 0.6345, 0.0374], [0.0631, 0.0132, 0.0257, 0.0326, 0.0166, 0.8136, 0.0352], [0.071, 0.0451, 0.0381, 0.0238, 0.0501, 0.7554, 0.0165], [0.0798, 0.0801, 0.0194, 0.0227, 0.0425, 0.7109, 0.0447], [0.053, 0.0602, 0.0836, 0.0328, 0.0819, 0.645, 0.0434], [0.0788, 0.0676, 0.0734, 0.042, 0.0477, 0.623, 0.0675], [0.0658, 0.0334, 0.0766, 0.08, 0.0203, 0.7107, 0.0133], [0.0569, 0.0365, 0.0594, 0.0177, 0.0702, 0.7122, 0.047], [0.0817, 0.0559, 0.0401, 0.0835, 0.0862, 0.6043, 0.0483], [0.0247, 0.0311, 0.0688, 0.0501, 0.048, 0.7262, 0.051], [0.0289, 0.0764, 0.0531, 0.0294, 0.0999, 0.6716, 0.0408], [0.0488, 0.0705, 0.0308, 0.0554, 0.0726, 0.6485, 0.0733], [0.0293, 0.0572, 0.0757, 0.0724, 0.0919, 0.5954, 0.0781], [0.0505, 0.0787, 0.0549, 0.0358, 0.0292, 0.734, 0.0169], [0.0663, 0.0576, 0.0562, 0.0665, 0.0273, 0.6906, 0.0356], [0.0666, 0.0399, 0.0139, 0.0597, 0.0675, 0.7, 0.0524], [0.0343, 0.068, 0.0164, 0.0431, 0.0579, 0.7455, 0.0348], [0.0789, 0.0525, 0.0651, 0.0573, 0.067, 0.6485, 0.0307], [0.0625, 0.038, 0.0821, 0.0398, 0.0482, 0.6861, 0.0432]], "emotions": ["purple", "purple", "purple", "purple", "purple", "purple", "purple", "purple", "purple", "purple", "purple", "purple", "purple", "purple", "purple", "purple", "purple", "purple", "purple", "purple", "purple", "purple", "purple", "purple", "purple", "purple", "purple", "purple", "purple", "purple", "purple", "purple", "purple", "purple", "purple", "purple", "purple", "purple", "purple", "purple", "purple", "purple", "purple", "purple", "purple", "purple", "purple", "purple", "purple", "purple", "purple", "purple", "purple", "purple", "purple", "purple", "purple", "purple", "purple", "purple", "purple", "purple", "purple", "purple", "purple", "purple", "purple", "purple", "purple", "purple", "purple", "purple", "purple", "purple", "purple", "purple", "purple", "purple", "purple", "purple"], "timestamps": [0, 40, 80, 120, 160, 200, 240, 280, 320, 360, 400, 440, 480, 520, 560, 600, 640, 680, 720, 760, 800, 840, 880, 920, 960, 1000, 1040, 1080, 1120, 1160, 1200, 1240, 1280, 1320, 1360, 1400, 1440, 1480, 1520, 1560, 1600, 1640, 1680, 1720, 1760, 1800, 1840, 1880, 1920, 1960, 2000, 2040, 2080, 2120, 2160, 2200, 2240, 2280, 2320, 2360, 2400, 2440, 2480, 2520, 2560, 2600, 2640, 2680, 2720, 2760, 2800, 2840, 2880, 2920, 2960, 3000, 3040, 3080, 3120, 3160]}], "conversation": [], "conversation_timestamps": []}