{"agent_id": "agent-blue-1530", "type": "blue", "trips": [{"trip_id": 0, "transport_method": "foot", "start_time": 0, "path": [[1.5270885, 42.5094371], [1.5268054, 42.5093843], [1.5265318, 42.5092973], [1.5262845, 42.5091503], [1.5260229, 42.5090307], [1.5257434, 42.5089622], [1.525457, 42.508945], [1.5253188, 42.50912], [1.5255263, 42.509317], [1.5258047, 42.5093496], [1.5260607, 42.5094812], [1.526323, 42.5096], [1.5265886, 42.5097117], [1.5268717, 42.5097519], [1.5271566, 42.5097105], [1.5274416, 42.5096717], [1.5277113, 42.5097575], [1.5279733, 42.5098773], [1.5282385, 42.5099898], [1.5285038, 42.5101023], [1.5287691, 42.5102147], [1.5290338, 42.5103286], [1.5292979, 42.5104438], [1.529574, 42.5105019], [1.5294537, 42.5102598], [1.5292437, 42.5100626], [1.5290359, 42.5098631], [1.5288281, 42.5096635], [1.5286202, 42.5094639], [1.5285363, 42.5093905], [1.528732, 42.509602], [1.5289614, 42.5097711], [1.5291493, 42.5099799], [1.529351, 42.5101785], [1.529232, 42.5100312], [1.5290367, 42.5098194], [1.5288415, 42.5096075], [1.5286462, 42.5093956], [1.528451, 42.5091837], [1.5283417, 42.5089713], [1.528609, 42.508924], [1.5288916, 42.5088678], [1.5291726, 42.5088041], [1.5294536, 42.5087403], [1.5297346, 42.5086765], [1.5300041, 42.5087016], [1.530261, 42.5088319], [1.5305283, 42.5088908], [1.5307987, 42.5088407], [1.5309039, 42.5090486], [1.5311721, 42.509154], [1.5314402, 42.5092593], [1.5317146, 42.5093466], [1.5319835, 42.5094501], [1.5322546, 42.5095475], [1.5325343, 42.5096142], [1.5328199, 42.5096503], [1.5331055, 42.5096861], [1.5333855, 42.509753], [1.5336636, 42.5097482], [1.5338325, 42.5095509], [1.5339947, 42.5093197], [1.5342489, 42.5092359], [1.5345369, 42.5092272], [1.534825, 42.5092186], [1.535113, 42.5092099], [1.5354007, 42.5092088], [1.5356878, 42.5092336], [1.5359749, 42.5092584], [1.536262, 42.5092831], [1.536549, 42.5093079], [1.5368254, 42.5092488], [1.5370513, 42.5091045], [1.5373148, 42.5089887], [1.5375764, 42.5088679], [1.5378402, 42.5087523], [1.5381213, 42.5087132], [1.5384094, 42.5087083], [1.5386873, 42.508718], [1.5387835, 42.5089897]], "mood_vectors": [[0.0515, 0.0442, 0.0422, 0.7912, 0.0151, 0.0431, 0.0127], [0.0327, 0.0854, 0.053, 0.6467, 0.0372, 0.0762, 0.0689], [0.0174, 0.0375, 0.0658, 0.7101, 0.0716, 0.065, 0.0326], [0.0488, 0.0392, 0.0312, 0.7614, 0.0706, 0.0243, 0.0245], [0.0168, 0.0717, 0.0255, 0.6826, 0.0653, 0.0972, 0.0409], [0.0322, 0.0137, 0.0239, 0.7697, 0.0393, 0.0696, 0.0517], [0.0323, 0.0735, 0.0742, 0.6963, 0.0461, 0.0381, 0.0394], [0.0476, 0.0726, 0.0536, 0.6735, 0.0563, 0.0339, 0.0626], [0.0224, 0.0633, 0.0194, 0.7365, 0.0209, 0.0749, 0.0627], [0.0703, 0.0328, 0.0476, 0.7011, 0.0717, 0.0413, 0.0353], [0.0661, 0.0607, 0.0512, 0.7426, 0.0194, 0.0198, 0.0402], [0.0593, 0.0573, 0.052, 0.6953, 0.0437, 0.0685, 0.024], [0.0426, 0.0798, 0.0281, 0.745, 0.023, 0.0567, 0.0248], [0.0199, 0.0299, 0.0769, 0.7115, 0.0758, 0.0287, 0.0572], [0.0511, 0.0318, 0.0309, 0.7391, 0.08, 0.0219, 0.0452], [0.0623, 0.0341, 0.0146, 0.7714, 0.0412, 0.0295, 0.0468], [0.0223, 0.0628, 0.0782, 0.648, 0.0685, 0.0393, 0.081], [0.0604, 0.0135, 0.0769, 0.6768, 0.0368, 0.0681, 0.0675], [0.0513, 0.0151, 0.0757, 0.6803, 0.0655, 0.0313, 0.0809], [0.0341, 0.0474, 0.0297, 0.8224, 0.0281, 0.0221, 0.0161], [0.0256, 0.0899, 0.0241, 0.7562, 0.0315, 0.0346, 0.0382], [0.0705, 0.0569, 0.0319, 0.6853, 0.025, 0.0691, 0.0613], [0.0805, 0.0747, 0.0346, 0.6114, 0.0406, 0.0746, 0.0835], [0.0482, 0.0733, 0.0763, 0.6591, 0.0521, 0.0304, 0.0607], [0.0612, 0.0579, 0.0235, 0.678, 0.0703, 0.0641, 0.045], [0.0194, 0.1006, 0.0335, 0.7156, 0.0353, 0.0384, 0.0571], [0.0389, 0.0693, 0.0151, 0.7507, 0.0642, 0.0485, 0.0134], [0.0656, 0.0188, 0.0824, 0.6189, 0.0834, 0.0945, 0.0364], [0.0793, 0.0401, 0.0895, 0.5937, 0.0657, 0.0394, 0.0922], [0.0578, 0.0855, 0.0259, 0.6409, 0.047, 0.0603, 0.0825], [0.0213, 0.0502, 0.0833, 0.6744, 0.0459, 0.0511, 0.0738], [0.0912, 0.0484, 0.085, 0.6549, 0.0484, 0.0353, 0.0368], [0.0503, 0.0785, 0.068, 0.7143, 0.0536, 0.0187, 0.0165], [0.0624, 0.0246, 0.0151, 0.7506, 0.0525, 0.0407, 0.0541], [0.0521, 0.0357, 0.0394, 0.6838, 0.0745, 0.0582, 0.0562], [0.0781, 0.0849, 0.0418, 0.689, 0.0487, 0.033, 0.0246], [0.095, 0.0867, 0.0179, 0.6382, 0.0835, 0.0184, 0.0603], [0.0931, 0.0202, 0.0656, 0.6827, 0.0419, 0.0602, 0.0363], [0.0702, 0.0137, 0.0724, 0.7045, 0.0608, 0.0175, 0.0609], [0.0244, 0.0312, 0.0555, 0.6994, 0.0306, 0.0744, 0.0846], [0.0181, 0.0761, 0.02, 0.6709, 0.0558, 0.0558, 0.1032], [0.0822, 0.0606, 0.044, 0.6701, 0.0519, 0.0466, 0.0445], [0.0403, 0.054, 0.0183, 0.7044, 0.063, 0.0545, 0.0653], [0.0552, 0.0613, 0.0664, 0.6248, 0.0752, 0.0317, 0.0855], [0.0398, 0.0662, 0.0215, 0.6621, 0.0574, 0.0768, 0.0761], [0.0807, 0.0287, 0.0294, 0.741, 0.0763, 0.0286, 0.0152], [0.0581, 0.0473, 0.0732, 0.7144, 0.0301, 0.0321, 0.0449], [0.0624, 0.0915, 0.0449, 0.5978, 0.0643, 0.0555, 0.0836], [0.0484, 0.0295, 0.0278, 0.8213, 0.0183, 0.0358, 0.0189], [0.072, 0.0748, 0.0685, 0.6627, 0.0277, 0.0454, 0.0488], [0.0724, 0.0364, 0.027, 0.6586, 0.046, 0.0731, 0.0865], [0.0293, 0.0493, 0.0767, 0.6432, 0.083, 0.0324, 0.086], [0.0876, 0.0724, 0.0943, 0.6034, 0.0549, 0.0492, 0.0381], [0.0234, 0.0583, 0.0556, 0.6778, 0.0743, 0.0443, 0.0663], [0.0183, 0.0627, 0.0724, 0.7168, 0.0379, 0.053, 0.0388], [0.048, 0.0302, 0.0431, 0.7826, 0.0219, 0.0267, 0.0476], [0.0508, 0.0227, 0.0379, 0.7494, 0.0404, 0.0721, 0.0267], [0.0483, 0.0193, 0.0597, 0.6891, 0.0696, 0.0606, 0.0534], [0.0792, 0.0807, 0.0157, 0.6824, 0.0451, 0.059, 0.0379], [0.0818, 0.0164, 0.0679, 0.6767, 0.0711, 0.0661, 0.0199], [0.0594, 0.0353, 0.0358, 0.7669, 0.0385, 0.0362, 0.028], [0.0152, 0.0661, 0.0481, 0.7144, 0.0672, 0.0447, 0.0443], [0.0709, 0.0134, 0.0641, 0.7349, 0.0469, 0.0309, 0.0388], [0.0214, 0.0736, 0.0245, 0.7086, 0.0784, 0.0659, 0.0276], [0.0683, 0.0627, 0.0582, 0.6994, 0.0325, 0.0621, 0.0169], [0.0712, 0.0268, 0.0445, 0.7138, 0.0593, 0.0631, 0.0212], [0.0139, 0.0199, 0.0173, 0.8253, 0.0656, 0.0298, 0.0281], [0.0297, 0.0183, 0.062, 0.7658, 0.0292, 0.0736, 0.0214], [0.0415, 0.0216, 0.0706, 0.7361, 0.0515, 0.0218, 0.0569], [0.0627, 0.0902, 0.0545, 0.6729, 0.0295, 0.0182, 0.072], [0.0525, 0.0198, 0.0351, 0.749, 0.0518, 0.0514, 0.0403], [0.0548, 0.0551, 0.018, 0.6999, 0.0545, 0.0412, 0.0765], [0.0433, 0.0241, 0.0932, 0.7119, 0.021, 0.0718, 0.0348], [0.0367, 0.0759, 0.0391, 0.7403, 0.0485, 0.026, 0.0334], [0.077, 0.0563, 0.0171, 0.6182, 0.0658, 0.0839, 0.0819], [0.0197, 0.0955, 0.0399, 0.6915, 0.0313, 0.0283, 0.0938], [0.0342, 0.0207, 0.0579, 0.7357, 0.0311, 0.0388, 0.0816], [0.0635, 0.0438, 0.0463, 0.6415, 0.0937, 0.0783, 0.0329], [0.0441, 0.084, 0.0261, 0.72, 0.0176, 0.078, 0.0302], [0.0863, 0.0951, 0.021, 0.682, 0.0429, 0.0166, 0.0561]], "emotions": ["green", "green", "green", "green", "green", "green", "green", "green", "green", "green", "green", "green", "green", "green", "green", "green", "green", "green", "green", "green", "green", "green", "green", "green", "green", "green", "green", "green", "green", "green", "green", "green", "green", "green", "green", "green", "green", "green", "green", "green", "green", "green", "green", "green", "green", "green", "green", "green", "green", "green", "green", "green", "green", "green", "green", "green", "green", "green", "green", "green", "green", "green", "green", "green", "green", "green", "green", "green", "green", "green", "green", "green", "green", "green", "green", "green", "green", "green", "green", "green"], "timestamps": [0, 40, 80, 120, 160, 200, 240, 280, 320, 360, 400, 440, 480, 520, 560, 600, 640, 680, 720, 760, 800, 840, 880, 920, 960, 1000, 1040, 1080, 1120, 1160, 1200, 1240, 1280, 1320, 1360, 1400, 1440, 1480, 1520, 1560, 1600, 1640, 1680, 1720, 1760, 1800, 1840, 1880, 1920, 1960, 2000, 2040, 2080, 2120, 2160, 2200, 2240, 2280, 2320, 2360, 2400, 2440, 2480, 2520, 2560, 2600, 2640, 2680, 2720, 2760, 2800, 2840, 2880, 2920, 2960, 3000, 3040, 3080, 3120, 3160]}], "conversation": [], "conversation_timestamps": []}