{"agent_id": "agent-blue-125", "type": "blue", "trips": [{"trip_id": 0, "transport_method": "car", "start_time": 0, "path": [[1.5149866, 42.5050593], [1.515184, 42.5052272], [1.5154302, 42.5053049], [1.5156782, 42.5053799], [1.515925, 42.5054595], [1.5161666, 42.5055523], [1.5163991, 42.5056672], [1.5166317, 42.5057819], [1.5168659, 42.5058936], [1.5171164, 42.5059524], [1.5173726, 42.5059932], [1.5176284, 42.5060361], [1.517854, 42.5061109], [1.5179261, 42.5063165], [1.5181515, 42.5064449], [1.5183768, 42.5065732], [1.5186048, 42.5066957], [1.518852, 42.5067744], [1.5190043, 42.5069832], [1.5192287, 42.5071097], [1.5194603, 42.507226], [1.5196831, 42.5073588], [1.5199212, 42.5074244], [1.5201798, 42.5074042], [1.520426, 42.507354], [1.5206441, 42.5072269], [1.5208708, 42.5071334], [1.5210667, 42.5069639], [1.5212761, 42.5068108], [1.5214854, 42.5066577], [1.5213945, 42.5066303], [1.5212124, 42.5068144], [1.5210235, 42.5069922], [1.5211727, 42.5068382], [1.521354, 42.5066528], [1.5215354, 42.5064673], [1.5217167, 42.5062819], [1.5219536, 42.5063136], [1.5222017, 42.5063892], [1.5224499, 42.5064647], [1.522698, 42.5065403], [1.5229506, 42.5065973], [1.523206, 42.5066425], [1.5234597, 42.5066954], [1.5237106, 42.5067612], [1.5239615, 42.506827], [1.5242124, 42.5068927], [1.5244699, 42.5068797], [1.5247283, 42.5068568], [1.5249624, 42.5069658], [1.5252009, 42.5070613], [1.5254586, 42.5070913], [1.5257162, 42.5071212], [1.5259739, 42.5071512], [1.5262315, 42.5071811], [1.5264891, 42.5072111], [1.5266414, 42.5072308], [1.5263828, 42.5072108], [1.5261242, 42.5071908], [1.5258671, 42.5071573], [1.5256103, 42.5071209], [1.5253535, 42.5070844], [1.5251956, 42.507059], [1.5254541, 42.5070802], [1.5257126, 42.5071015], [1.5259711, 42.5071227], [1.5262296, 42.5071439], [1.5264881, 42.5071652], [1.5267466, 42.5071864], [1.5270051, 42.5072076], [1.5272638, 42.5072267], [1.5275227, 42.5072421], [1.5277807, 42.507269], [1.5280386, 42.5072967], [1.5282488, 42.5074485], [1.528459, 42.5076005], [1.5286678, 42.5077542], [1.5288659, 42.5079179], [1.5290739, 42.5080532], [1.5292984, 42.5081831]], "mood_vectors": [[0.0481, 0.0746, 0.0156, 0.7589, 0.0239, 0.0177, 0.0611], [0.0177, 0.0677, 0.0797, 0.6718, 0.0764, 0.0245, 0.0623], [0.0177, 0.0456, 0.0672, 0.7054, 0.0543, 0.0231, 0.0867], [0.0171, 0.0423, 0.0504, 0.7166, 0.0561, 0.035, 0.0825], [0.0813, 0.0264, 0.0296, 0.6912, 0.0758, 0.0828, 0.0129], [0.0639, 0.0257, 0.0811, 0.7113, 0.0505, 0.0284, 0.039], [0.0853, 0.0739, 0.0848, 0.6066, 0.0348, 0.0427, 0.0719], [0.0538, 0.0313, 0.0356, 0.7757, 0.0464, 0.0216, 0.0356], [0.0368, 0.0483, 0.0424, 0.6919, 0.0481, 0.0794, 0.0531], [0.0384, 0.0306, 0.0208, 0.7605, 0.0362, 0.0688, 0.0448], [0.0169, 0.0709, 0.0765, 0.6806, 0.0314, 0.0262, 0.0975], [0.0583, 0.0224, 0.0183, 0.7489, 0.0397, 0.0545, 0.058], [0.0549, 0.0796, 0.0854, 0.645, 0.0155, 0.088, 0.0316], [0.0586, 0.0822, 0.0292, 0.6811, 0.0651, 0.0272, 0.0565], [0.0476, 0.0452, 0.0535, 0.7006, 0.038, 0.0566, 0.0586], [0.0474, 0.0671, 0.0423, 0.6916, 0.0536, 0.0445, 0.0536], [0.0667, 0.0257, 0.0164, 0.7475, 0.0307, 0.0378, 0.0753], [0.0857, 0.0157, 0.0768, 0.7411, 0.0205, 0.023, 0.0372], [0.0165, 0.0466, 0.0724, 0.6935, 0.0222, 0.0518, 0.0972], [0.0285, 0.0495, 0.0713, 0.7511, 0.0185, 0.0253, 0.0558], [0.0429, 0.0691, 0.0704, 0.7417, 0.0216, 0.015, 0.0391], [0.0877, 0.0469, 0.0839, 0.5732, 0.0805, 0.0664, 0.0615], [0.0295, 0.0214, 0.0558, 0.6679, 0.0798, 0.0703, 0.0752], [0.0689, 0.0566, 0.0641, 0.6805, 0.0219, 0.0427, 0.0652], [0.0347, 0.0592, 0.0206, 0.6903, 0.0629, 0.0658, 0.0664], [0.0551, 0.0743, 0.0142, 0.739, 0.0414, 0.0474, 0.0286], [0.0595, 0.0557, 0.017, 0.7323, 0.0319, 0.0531, 0.0506], [0.0161, 0.0668, 0.0297, 0.7183, 0.0502, 0.0761, 0.0429], [0.021, 0.0519, 0.0657, 0.6926, 0.054, 0.0664, 0.0483], [0.0235, 0.0258, 0.0329, 0.7811, 0.0479, 0.019, 0.0698], [0.0257, 0.0831, 0.0448, 0.6912, 0.0486, 0.0528, 0.0539], [0.0856, 0.0402, 0.0371, 0.6476, 0.041, 0.0924, 0.0561], [0.034, 0.0749, 0.0223, 0.6773, 0.0448, 0.0747, 0.072], [0.0385, 0.0369, 0.0459, 0.7553, 0.0897, 0.0159, 0.0177], [0.0574, 0.0423, 0.0371, 0.7486, 0.0551, 0.0163, 0.0432], [0.0517, 0.0211, 0.0511, 0.7343, 0.0423, 0.0577, 0.0418], [0.0207, 0.0657, 0.0692, 0.6706, 0.064, 0.0682, 0.0416], [0.0752, 0.0232, 0.0861, 0.5704, 0.0794, 0.0937, 0.072], [0.0412, 0.0177, 0.0278, 0.7807, 0.0215, 0.0498, 0.0612], [0.0579, 0.0644, 0.0264, 0.7288, 0.0454, 0.0222, 0.0549], [0.0663, 0.0665, 0.0324, 0.7187, 0.0295, 0.0725, 0.0141], [0.061, 0.0219, 0.0787, 0.593, 0.0868, 0.0921, 0.0665], [0.0723, 0.0706, 0.0719, 0.6863, 0.0509, 0.0199, 0.0281], [0.0644, 0.0158, 0.0412, 0.7147, 0.0198, 0.069, 0.0751], [0.0328, 0.0548, 0.0219, 0.7827, 0.0131, 0.0229, 0.0718], [0.0719, 0.0625, 0.0326, 0.7245, 0.0503, 0.0323, 0.0259], [0.0842, 0.0313, 0.0824, 0.641, 0.0268, 0.083, 0.0514], [0.0537, 0.071, 0.0526, 0.672, 0.0671, 0.0447, 0.0389], [0.0567, 0.0457, 0.0247, 0.7162, 0.0763, 0.045, 0.0354], [0.045, 0.0755, 0.0575, 0.6954, 0.0323, 0.0185, 0.0758], [0.0355, 0.0745, 0.0629, 0.6677, 0.0525, 0.0663, 0.0406], [0.0401, 0.044, 0.0855, 0.6555, 0.0697, 0.0234, 0.0819], [0.0401, 0.072, 0.0181, 0.7321, 0.0605, 0.0252, 0.0519], [0.0422, 0.0664, 0.0623, 0.7199, 0.0416, 0.0544, 0.0133], [0.0384, 0.096, 0.0381, 0.7444, 0.0431, 0.018, 0.0221], [0.0547, 0.072, 0.0283, 0.7098, 0.0466, 0.0588, 0.0297], [0.0808, 0.0592, 0.0432, 0.7405, 0.018, 0.0158, 0.0424], [0.0255, 0.0388, 0.0713, 0.7707, 0.0129, 0.0391, 0.0418], [0.0786, 0.0541, 0.0682, 0.6787, 0.0255, 0.0595, 0.0356], [0.027, 0.0757, 0.0858, 0.6529, 0.063, 0.0808, 0.0148], [0.0199, 0.0853, 0.0706, 0.7019, 0.015, 0.0187, 0.0886], [0.066, 0.0268, 0.0655, 0.6677, 0.0653, 0.0384, 0.0703], [0.0145, 0.0809, 0.0905, 0.7128, 0.0164, 0.0422, 0.0427], [0.0529, 0.0675, 0.0434, 0.7762, 0.013, 0.0272, 0.0198], [0.0716, 0.0414, 0.0663, 0.6821, 0.0486, 0.0429, 0.047], [0.0343, 0.0233, 0.0707, 0.746, 0.0262, 0.0551, 0.0444], [0.0496, 0.0773, 0.0461, 0.6897, 0.0256, 0.0477, 0.0641], [0.0817, 0.091, 0.0819, 0.6404, 0.0292, 0.0412, 0.0345], [0.03, 0.064, 0.0512, 0.6948, 0.0707, 0.0214, 0.0678], [0.0624, 0.0159, 0.0698, 0.6974, 0.017, 0.0658, 0.0719], [0.0531, 0.0448, 0.0585, 0.6527, 0.0487, 0.0774, 0.0649], [0.0345, 0.061, 0.0109, 0.713, 0.0746, 0.034, 0.0719], [0.0585, 0.0586, 0.0225, 0.6855, 0.0164, 0.0812, 0.0772], [0.0231, 0.019, 0.0839, 0.707, 0.0814, 0.0522, 0.0333], [0.0495, 0.0834, 0.0444, 0.6436, 0.0536, 0.0836, 0.0419], [0.089, 0.0573, 0.0149, 0.6483, 0.0638, 0.0558, 0.0709], [0.0259, 0.0308, 0.0414, 0.7194, 0.0257, 0.0873, 0.0696], [0.0524, 0.0239, 0.0873, 0.6458, 0.0386, 0.0871, 0.0649], [0.0331, 0.0524, 0.075, 0.6738, 0.0296, 0.0609, 0.0753], [0.0496, 0.0213, 0.0645, 0.6467, 0.0471, 0.091, 0.0798]], "emotions": ["green", "green", "green", "green", "green", "green", "green", "green", "green", "green", "green", "green", "green", "green", "green", "green", "green", "green", "green", "green", "green", "green", "green", "green", "green", "green", "green", "green", "green", "green", "green", "green", "green", "green", "green", "green", "green", "green", "green", "green", "green", "green", "green", "green", "green", "green", "green", "green", "green", "green", "green", "green", "green", "green", "green", "green", "green", "green", "green", "green", "green", "green", "green", "green", "green", "green", "green", "green", "green", "green", "green", "green", "green", "green", "green", "green", "green", "green", "green", "green"], "timestamps": [0, 40, 80, 120, 160, 200, 240, 280, 320, 360, 400, 440, 480, 520, 560, 600, 640, 680, 720, 760, 800, 840, 880, 920, 960, 1000, 1040, 1080, 1120, 1160, 1200, 1240, 1280, 1320, 1360, 1400, 1440, 1480, 1520, 1560, 1600, 1640, 1680, 1720, 1760, 1800, 1840, 1880, 1920, 1960, 2000, 2040, 2080, 2120, 2160, 2200, 2240, 2280, 2320, 2360, 2400, 2440, 2480, 2520, 2560, 2600, 2640, 2680, 2720, 2760, 2800, 2840, 2880, 2920, 2960, 3000, 3040, 3080, 3120, 3160]}], "conversation": [], "conversation_timestamps": []}