{
  "agent_id": "agent-type-blue-4",
  "type": "blue",
  "trips": [
    {
      "trip_id": 0,
      "transport_method": "car",
      "start_time": 0,
      "path": [
        [
          1.5191887000000002,
          42.50631409999999
        ],
        [
          1.5186707216846507,
          42.50621162157602
        ],
        [
          1.5183674246905325,
          42.50570952232711
        ],
        [
          1.5187685846021786,
          42.50548345008632
        ],
        [
          1.5193455095592912,
          42.50560474795557
        ],
        [
          1.5199224421576956,
          42.50573831308433
        ],
        [
          1.5204993747561,
          42.505871878213085
        ],
        [
          1.5210615823004028,
          42.50605396601414
        ],
        [
          1.5210832524934699,
          42.50632134959516
        ],
        [
          1.5211120381480587,
          42.5060730596933
        ],
        [
          1.5208376034413114,
          42.50591611873729
        ],
        [
          1.5213906402494854,
          42.50612787604065
        ],
        [
          1.5219251580012767,
          42.5062923097482
        ],
        [
          1.5224983901548483,
          42.50643542966911
        ],
        [
          1.5230744450685603,
          42.506572730809346
        ],
        [
          1.5236506113564994,
          42.506709562666316
        ],
        [
          1.5242264940973964,
          42.506815828950984
        ],
        [
          1.5247139583075784,
          42.50664455518894
        ],
        [
          1.524420602883759,
          42.50664047082736
        ],
        [
          1.5239208849585753,
          42.506773018207674
        ],
        [
          1.5233445029189858,
          42.506637098372074
        ],
        [
          1.522768448005274,
          42.50649979723184
        ],
        [
          1.522192393091562,
          42.506362496091604
        ],
        [
          1.5216575072469487,
          42.50642920666837
        ],
        [
          1.5220674757605055,
          42.506856543402826
        ],
        [
          1.5224774442740625,
          42.50728388013728
        ],
        [
          1.5228107064943268,
          42.5076676851109
        ],
        [
          1.5233906721932036,
          42.507787090894354
        ],
        [
          1.5239356472396208,
          42.5076574233112
        ],
        [
          1.5241347943893133,
          42.507301233383856
        ],
        [
          1.5238270334316095,
          42.507692088758816
        ],
        [
          1.5239913211252356,
          42.50763965429822
        ],
        [
          1.5241281250232008,
          42.507359292310106
        ],
        [
          1.5237713595459945,
          42.5077098577718
        ],
        [
          1.523221026275814,
          42.507756105710016
        ],
        [
          1.5226421270657018,
          42.507631342365
        ],
        [
          1.5223580571650968,
          42.50715943522116
        ],
        [
          1.5219480886515397,
          42.50673209848671
        ],
        [
          1.5217815913751271,
          42.50632231485213
        ],
        [
          1.5223601462932819,
          42.506402479616305
        ],
        [
          1.5229362012069938,
          42.50653978075654
        ],
        [
          1.5235123041793581,
          42.506676879512234
        ],
        [
          1.52408877217984,
          42.50681243520744
        ],
        [
          1.5236755126909858,
          42.50671540906659
        ],
        [
          1.5241608024381883,
          42.50682934665941
        ],
        [
          1.5245589990694008,
          42.50670228927333
        ],
        [
          1.5249741714704805,
          42.506952544706245
        ],
        [
          1.525251968113192,
          42.50653860721932
        ],
        [
          1.5251153896186715,
          42.50697904367386
        ],
        [
          1.5256030538378886,
          42.506710031007806
        ],
        [
          1.5253097675071663,
          42.50700579483045
        ],
        [
          1.5258993809934107,
          42.50706099268874
        ],
        [
          1.5262127000000003,
          42.5067624
        ]
      ],
      "emotions": [
        "purple",
        "purple",
        "purple",
        "purple",
        "purple",
        "red",
        "red",
        "red",
        "red",
        "red",
        "red",
        "red",
        "red",
        "red",
        "red",
        "purple",
        "purple",
        "purple",
        "purple",
        "purple",
        "purple",
        "purple",
        "purple",
        "purple",
        "purple",
        "red",
        "red",
        "red",
        "red",
        "red",
        "red",
        "red",
        "red",
        "red",
        "red",
        "purple",
        "purple",
        "purple",
        "purple",
        "purple",
        "red",
        "red",
        "red",
        "red",
        "red",
        "purple",
        "purple",
        "purple",
        "purple",
        "purple",
        "green",
        "green",
        "green"
      ],
      "mood_vectors": [
        [
          0.14739361312999816,
          0.2957614882500909,
          0.1752554735277043,
          0.017514071924342834,
          0.1015447549070578,
          0.22166249393638146,
          0.040868104324424476
        ],
        [
          0.008706662031199842,
          0.1648921598310925,
          0.07431526210689522,
          0.06692610664030094,
          0.12201891704264564,
          0.22388241410566098,
          0.3392584782422049
        ],
        [
          0.12559431609702965,
          0.03963513829679727,
          0.13253582982537174,
          0.1917004152354008,
          0.1847964597600631,
          0.201862378201098,
          0.12387546258423941
        ],
        [
          0.13760406413658632,
          0.017466290190338612,
          0.023234205335192933,
          0.1690266613167962,
          0.2976187882418706,
          0.03855035479085911,
          0.3164996359883561
        ],
        [
          0.18512060848599526,
          0.0742812739963466,
          0.3073083083277193,
          0.0313613486182434,
          0.13055317706039965,
          0.21802268797985247,
          0.053352595531443246
        ],
        [
          0.21264231610698375,
          0.06012020518662374,
          0.06351356908624223,
          0.21643697510693802,
          0.21268823664912118,
          0.06147820086136155,
          0.17312049700272955
        ],
        [
          0.008584040513940268,
          0.244757380867156,
          0.08571358041039898,
          0.2139839786435511,
          0.21789294229833142,
          0.015910945027937745,
          0.2131571322386845
        ],
        [
          0.25408942925693184,
          0.18023739776022205,
          0.2010876926856159,
          0.10354301709097925,
          0.14065439517298425,
          0.10176040633141126,
          0.018627661701855456
        ],
        [
          0.0623177283366141,
          0.246157003555847,
          0.18320021615219395,
          0.21940781147837546,
          0.01414353644914804,
          0.012118833633202349,
          0.262654870394619
        ],
        [
          0.20795447333873027,
          0.1690865069802768,
          0.15119802070468602,
          0.14225634287854638,
          0.0614946229875169,
          0.20525658724506152,
          0.06275344586518221
        ],
        [
          0.1030608376653297,
          0.2612762669180462,
          0.1458422180595221,
          0.21488812413369537,
          0.1401484845647124,
          0.12894882429570753,
          0.005835244362986636
        ],
        [
          0.14540967570854824,
          0.005521108696287514,
          0.15191655576640162,
          0.008502853471555938,
          0.3539173724989764,
          0.28248518831517816,
          0.05224724554305219
        ],
        [
          0.14367982758330125,
          0.21707837268149152,
          0.04513765388778485,
          0.06548731046120584,
          0.21904639707400675,
          0.16606911289766155,
          0.14350132541454816
        ],
        [
          0.2531998836066792,
          0.25049294242180375,
          0.05916971229658446,
          0.07715407224985542,
          0.027760241047838446,
          0.1217792984710172,
          0.21044384990622153
        ],
        [
          0.1389504248053624,
          0.24750752422342137,
          0.12113431362968288,
          0.06166473593384986,
          0.33189606588217974,
          0.03404130021331862,
          0.06480563531218511
        ],
        [
          0.08309668564722406,
          0.28914638299219414,
          0.2010359700399068,
          0.17306699595794348,
          0.12342458868084595,
          0.06328691760381172,
          0.06694245907807381
        ],
        [
          0.07671930303706256,
          0.2604688021623216,
          0.10232728102704229,
          0.022559019481264223,
          0.029341982486333643,
          0.32998210268373157,
          0.1786015091222441
        ],
        [
          0.23652243028173436,
          0.061602784077697474,
          0.14031334089774372,
          0.15135283040698752,
          0.11010529761728309,
          0.12001954415070237,
          0.1800837725678514
        ],
        [
          0.030567681467596,
          0.07358007996041806,
          0.21310022421394645,
          0.11951394375545775,
          0.25884700439009645,
          0.1886673221794892,
          0.1157237440329961
        ],
        [
          0.06831049240437395,
          0.04057022966985809,
          0.3534708446738093,
          0.3188662399858844,
          0.1066136105631254,
          0.03543943119489215,
          0.07672915150805672
        ],
        [
          0.10129210773070463,
          0.2820660620243876,
          0.0694823274669883,
          0.04424268049679604,
          0.008992693476964008,
          0.29389263647289104,
          0.20003149233126846
        ],
        [
          0.1878205232674771,
          0.03176169056217684,
          0.12628508764410473,
          0.08709063805238142,
          0.16471486751134495,
          0.24441776861839318,
          0.15790942434412175
        ],
        [
          0.27965380961703684,
          0.12025567435823935,
          0.034635801908454396,
          0.1141765819682903,
          0.2984105595181305,
          0.10751003647664499,
          0.04535753615320368
        ],
        [
          0.07901593570345682,
          0.1999481499397284,
          0.02673008555999201,
          0.37176996945143337,
          0.11524327328479839,
          0.043592741525178835,
          0.1636998445354122
        ],
        [
          0.17018707060270574,
          0.03126458993139357,
          0.19390270017720293,
          0.146828087923304,
          0.09323065926144948,
          0.1940651151411351,
          0.1705217769628091
        ],
        [
          0.0726176065305095,
          0.1974215997043163,
          0.04460532423217934,
          0.04254162697884234,
          0.07275694094292062,
          0.288999450121462,
          0.28105745148976996
        ],
        [
          0.1994180518221514,
          0.05433652165920555,
          0.18400197203888954,
          0.18859637559160947,
          0.10543512141770435,
          0.017210839581672816,
          0.2510011178887668
        ],
        [
          0.1897023269870774,
          0.04190322192618061,
          0.02531651461198623,
          0.14863260008755697,
          0.18438282479506315,
          0.24391718179020874,
          0.1661453298019268
        ],
        [
          0.20250825226394883,
          0.012225085899734709,
          0.11317490027832594,
          0.15575003623473455,
          0.24900406869588565,
          0.0718517237952886,
          0.1954859328320817
        ],
        [
          0.09063628005858237,
          0.225213401940729,
          0.21797688723305628,
          0.1409045621178611,
          0.15424057276538264,
          0.1409171246185075,
          0.030111171265881212
        ],
        [
          0.10416189910698422,
          0.14532506702076275,
          0.31810627003027286,
          0.20165487572821758,
          0.11794936674541928,
          0.08992138116904765,
          0.02288114019929564
        ],
        [
          0.24122424264541525,
          0.18748236165941357,
          0.22094734334198318,
          0.03202025594723481,
          0.12253532222539545,
          0.07298193000597243,
          0.12280854417458525
        ],
        [
          0.2099936011954909,
          0.23762422973508057,
          0.18495348482472262,
          0.046044935759762345,
          0.12297332404315471,
          0.16396860746468614,
          0.03444181697710274
        ],
        [
          0.1002454057955742,
          0.19523485215385128,
          0.11291415197232073,
          0.11315274268665042,
          0.14440455896742452,
          0.09823259967967657,
          0.2358156887445023
        ],
        [
          0.11849595918591284,
          0.17425298260275404,
          0.14125665720712813,
          0.15900474915834184,
          0.178672994428057,
          0.13002586979030695,
          0.09829078762749914
        ],
        [
          0.05753276196259359,
          0.1946912859348561,
          0.1373906944986383,
          0.1155083425546537,
          0.15072868087532773,
          0.194150966227237,
          0.1499972679466936
        ],
        [
          0.03521972823176752,
          0.10407483745840235,
          0.09802879945264645,
          0.16524880686751078,
          0.13363590539236908,
          0.3033661667067573,
          0.1604257558905465
        ],
        [
          0.20659927476796897,
          0.22838786130533692,
          0.16452093608269316,
          0.06439498616209961,
          0.09140750424383573,
          0.139606114943949,
          0.1050833224941166
        ],
        [
          0.25290401929458295,
          0.2260496303042096,
          0.025035525801929255,
          0.05737944750765772,
          0.16277177717359345,
          0.2123893319373272,
          0.0634702679806998
        ],
        [
          0.18388228131974657,
          0.12939128895458424,
          0.21529287689887094,
          0.26133487178465103,
          0.06481562027238807,
          0.07853907379726024,
          0.06674398697249885
        ],
        [
          0.18981012568790348,
          0.08859172222090803,
          0.17484518638059898,
          0.13245071885790496,
          0.12797831576398436,
          0.10798663916736968,
          0.1783372919213305
        ],
        [
          0.12498896582681637,
          0.10261038092526628,
          0.13817046970071303,
          0.10962774881369418,
          0.07175676559503864,
          0.21563357321935914,
          0.23721209591911235
        ],
        [
          0.05150419380471214,
          0.20417099078040643,
          0.21849240982844262,
          0.03912731680121594,
          0.16665864935229271,
          0.2225504616403832,
          0.09749597779254698
        ],
        [
          0.14698885784607765,
          0.1577375029316652,
          0.15254988708271494,
          0.03016481138529476,
          0.048604867215902785,
          0.2213029307738469,
          0.2426511427644977
        ],
        [
          0.04931470240941399,
          0.06978270833801895,
          0.15223729374601516,
          0.12924854533874475,
          0.1641724923141393,
          0.197263791261186,
          0.23798046659248182
        ],
        [
          0.24849150191031907,
          0.012286205136336959,
          0.08199821965426313,
          0.024307240678277654,
          0.2984872567815673,
          0.2751624194495813,
          0.059267156389654525
        ],
        [
          0.013329870331176967,
          0.32574364317414684,
          0.25339637927169945,
          0.024671745622493257,
          0.08467253542840554,
          0.29766230841461294,
          0.0005235177574649633
        ],
        [
          0.18041572787219626,
          0.05873405726672093,
          0.23790932885546223,
          0.07460341197224107,
          0.017084134755605763,
          0.19570076627520527,
          0.2355525730025684
        ],
        [
          0.23754860785885815,
          0.08376855060882407,
          0.08437714854514161,
          0.042581055959630555,
          0.22519237739978065,
          0.06970020836530767,
          0.25683205126245734
        ],
        [
          0.07348012273589205,
          0.15734588040648412,
          0.10977095780235291,
          0.19674135735055817,
          0.20386625766681943,
          0.16153889777812824,
          0.09725652625976505
        ],
        [
          0.1388022017192519,
          0.030752646201914775,
          0.10739228481799434,
          0.31465362129524127,
          0.009286831120593503,
          0.2768316278559501,
          0.12228078698905406
        ],
        [
          0.08242849739125323,
          0.015481468705707322,
          0.008930794162248486,
          0.2753130501946321,
          0.2716460553312482,
          0.2818602717226032,
          0.06433986249230762
        ],
        [
          0.032109009909852174,
          0.3543908952074653,
          0.20383577674615813,
          0.06254831170679959,
          0.01668879064648855,
          0.27631794317925684,
          0.054109272603979484
        ]
      ],
      "timestamps": [
        0,
        1,
        2,
        3,
        4,
        5,
        6,
        7,
        8,
        9,
        10,
        11,
        12,
        13,
        14,
        15,
        16,
        17,
        18,
        19,
        20,
        21,
        22,
        23,
        24,
        25,
        26,
        27,
        28,
        29,
        30,
        31,
        32,
        33,
        34,
        35,
        36,
        37,
        38,
        39,
        40,
        41,
        42,
        43,
        44,
        45,
        46,
        47,
        48,
        49,
        50,
        51,
        52
      ],
      "distance": 848.3
    },
    {
      "trip_id": 1,
      "transport_method": "bicycle",
      "start_time": 53,
      "path": [
        [
          1.5262127000000003,
          42.5067624
        ],
        [
          1.5265800779046022,
          42.50711932674821
        ],
        [
          1.5273229148422691,
          42.50717926080516
        ],
        [
          1.5278400454884629,
          42.50711929722039
        ],
        [
          1.5274721973236578,
          42.50648698622732
        ],
        [
          1.5270123140865588,
          42.505909936351564
        ],
        [
          1.5267157742652153,
          42.50617245519525
        ],
        [
          1.5265378039464046,
          42.506277546138584
        ],
        [
          1.5266734228133687,
          42.50575996064906
        ],
        [
          1.5261005509078813,
          42.505384764880795
        ],
        [
          1.526711794851106,
          42.505307542672185
        ],
        [
          1.5273747905156516,
          42.50546410161588
        ],
        [
          1.5272356411783352,
          42.505484190130645
        ],
        [
          1.5279266989064262,
          42.505570421990164
        ],
        [
          1.5281578325500071,
          42.50538196906446
        ],
        [
          1.527558480617677,
          42.505198016609214
        ],
        [
          1.5268440116150515,
          42.50517551947247
        ],
        [
          1.5263708300577474,
          42.50488935653071
        ],
        [
          1.5256414934367208,
          42.50473889453198
        ],
        [
          1.525072290541553,
          42.50490302812196
        ],
        [
          1.524332786434088,
          42.50481065668597
        ],
        [
          1.523638491214403,
          42.50474417569297
        ],
        [
          1.5229035573261052,
          42.50462328600989
        ],
        [
          1.5222460466410535,
          42.50460169938679
        ],
        [
          1.5219690046238954,
          42.505220385736884
        ],
        [
          1.5217817479005253,
          42.505941719670815
        ],
        [
          1.5222761924940813,
          42.506326792202
        ],
        [
          1.5230016447785986,
          42.50648735822728
        ],
        [
          1.5235402414038035,
          42.50631994452334
        ],
        [
          1.5238494811378775,
          42.50564188140385
        ],
        [
          1.5238299566840263,
          42.50568469224161
        ],
        [
          1.523520716949952,
          42.5063627553611
        ],
        [
          1.522956716334182,
          42.50647337942153
        ],
        [
          1.522229592592654,
          42.50632027903726
        ],
        [
          1.521793398826954,
          42.50589613208433
        ],
        [
          1.5219810681297092,
          42.50517490558786
        ],
        [
          1.522232528234361,
          42.504556630275324
        ],
        [
          1.5229502555902854,
          42.50462905179263
        ],
        [
          1.5236846752772168,
          42.504753175941296
        ],
        [
          1.5235548344894698,
          42.504727872854865
        ],
        [
          1.5228189691889138,
          42.50461284200667
        ],
        [
          1.5220784706647534,
          42.504530619065065
        ],
        [
          1.5213585661045663,
          42.50434866225439
        ],
        [
          1.520668052048589,
          42.50406843826203
        ],
        [
          1.5199792882243863,
          42.50378382764801
        ],
        [
          1.5192942783654246,
          42.50383980473552
        ],
        [
          1.5188922000000002,
          42.5043781
        ]
      ],
      "emotions": [
        "green",
        "green",
        "purple",
        "purple",
        "purple",
        "purple",
        "purple",
        "red",
        "red",
        "red",
        "red",
        "red",
        "purple",
        "purple",
        "purple",
        "purple",
        "purple",
        "purple",
        "purple",
        "purple",
        "purple",
        "purple",
        "green",
        "green",
        "green",
        "green",
        "green",
        "purple",
        "purple",
        "purple",
        "purple",
        "purple",
        "green",
        "green",
        "green",
        "green",
        "green",
        "green",
        "green",
        "green",
        "green",
        "green",
        "green",
        "green",
        "green",
        "green",
        "green"
      ],
      "mood_vectors": [
        [
          0.2502715970703676,
          0.10371412396729787,
          0.07641645996547583,
          0.012126120652879921,
          0.19475564503096804,
          0.11822031803695286,
          0.24449573527605792
        ],
        [
          0.22415163297712817,
          0.12949394342085813,
          0.26075392025003136,
          0.12102809580474448,
          0.03505176524651404,
          0.06056075919675481,
          0.16895988310396892
        ],
        [
          0.18549967887022784,
          0.07459436215158294,
          0.11998393980061918,
          0.018315737537852213,
          0.1864222200754067,
          0.19708232706318998,
          0.21810173450112105
        ],
        [
          0.281483735908372,
          0.08636189479587729,
          0.29827429964548097,
          0.005880651647287445,
          0.12615612721761246,
          0.16432869632226818,
          0.037514594463101715
        ],
        [
          0.04412449362627819,
          0.3150389636589312,
          0.36623685752285684,
          0.019116096635014054,
          0.19122426546663374,
          0.017926080649609526,
          0.046333242440676534
        ],
        [
          0.040709680589454164,
          0.16880334756175067,
          0.12789434977665434,
          0.20589689962784707,
          0.19570295482656555,
          0.11280555079383019,
          0.14818721682389796
        ],
        [
          0.21336701552555531,
          0.1911568033581684,
          0.12050545091869341,
          0.23524618694493424,
          0.03425560928808416,
          0.20298180888229767,
          0.002487125082266864
        ],
        [
          0.09618894078295895,
          0.056353056639660094,
          0.09240873795924866,
          0.04787368778028873,
          0.22932148578285802,
          0.3319034847063212,
          0.14595060634866433
        ],
        [
          0.06142150203817285,
          0.21084081218933523,
          0.0507455835401257,
          0.3377893034273716,
          0.13161512600087943,
          0.08047837919726329,
          0.12710929360685186
        ],
        [
          0.1208438726494003,
          0.2543417269593766,
          0.0023946380478673656,
          0.05400885451272298,
          0.23175739760332145,
          0.24525240713114524,
          0.09140110309616604
        ],
        [
          0.043406509615257875,
          0.33478043143184216,
          0.2650981644329576,
          0.16481691731415665,
          0.11618223808746712,
          0.06979552743032516,
          0.005920211687993451
        ],
        [
          0.1553877710432987,
          0.23872016991483935,
          0.012497416943470044,
          0.20820024123751713,
          0.17292367783131804,
          0.02301665156984784,
          0.189254071459709
        ],
        [
          0.2254452823166364,
          0.17991464066855217,
          0.18230651887972044,
          0.07513540662365381,
          0.22227727411437861,
          0.03671697621019398,
          0.07820390118686465
        ],
        [
          0.3191435074012266,
          0.033158077663180054,
          0.17887675303044237,
          0.0372034509350567,
          0.01189022985980634,
          0.15883285030892136,
          0.2608951308013666
        ],
        [
          0.057906735626044654,
          0.07908707160257247,
          0.13695812607865032,
          0.18120124643545366,
          0.08050079624438153,
          0.20982235882587646,
          0.2545236651870209
        ],
        [
          0.0964442360615596,
          0.023952371499920508,
          0.3873440368231082,
          0.09662384547943836,
          0.10326539057178687,
          0.03350055503072956,
          0.25886956453345694
        ],
        [
          0.09752185097452318,
          0.2607199426086141,
          0.0914737812657159,
          0.10075990629354077,
          0.08526046213015395,
          0.11852292729274762,
          0.2457411294347045
        ],
        [
          0.004298272549016968,
          0.2821283795642459,
          0.23485812703611686,
          0.005655214984403764,
          0.08882067725481188,
          0.12203146761323438,
          0.26220786099817023
        ],
        [
          0.13738306233375305,
          0.0747874178379801,
          0.11664970703577998,
          0.12225978912715053,
          0.1185664127569966,
          0.21774267171316816,
          0.21261093919517152
        ],
        [
          0.19571869871724643,
          0.09793023853193418,
          0.15554559669703177,
          0.1975537691395112,
          0.01922856124898746,
          0.05739496864273794,
          0.2766281670225511
        ],
        [
          0.0278985215836708,
          0.18813423697901688,
          0.16864570075108404,
          0.03670224641479226,
          0.1241898456156068,
          0.27079004295838777,
          0.18363940569744155
        ],
        [
          0.24994054968707569,
          0.22736470432925235,
          0.09627272300141808,
          0.026562245295431462,
          0.15835744837491336,
          0.13279447448645135,
          0.10870785482545768
        ],
        [
          0.030795840604149246,
          0.17592113966504175,
          0.212896571209505,
          0.16428807124606562,
          0.0011117157668520151,
          0.19857706942578024,
          0.2164095920826062
        ],
        [
          0.0400966209101148,
          0.005888252434081085,
          0.16448680602020632,
          0.2558055961556383,
          0.06130564057698527,
          0.1966653431749056,
          0.2757517407280687
        ],
        [
          0.1951392307254791,
          0.11191083020433563,
          0.13495056287748136,
          0.1518720434038727,
          0.1390546978228134,
          0.08175313536266786,
          0.18531949960334998
        ],
        [
          0.11783303342891963,
          0.15869611963531835,
          0.07123321154514842,
          0.06455529425259726,
          0.21287986736695585,
          0.20158606700907225,
          0.17321640676198824
        ],
        [
          0.13327995506509716,
          0.23123885836434327,
          0.13671928010506376,
          0.1900219207668851,
          0.13049680315160558,
          0.11530171940222918,
          0.06294146314477601
        ],
        [
          0.027295687667047982,
          0.2138689359174072,
          0.2117599349826046,
          0.28934272789305054,
          0.17165326974149653,
          0.02945264692029335,
          0.056626796878099725
        ],
        [
          0.11690221421613398,
          0.02071940777040773,
          0.20240552889996596,
          0.23224540195141558,
          0.23082350662291382,
          0.15857233533845402,
          0.03833160520070889
        ],
        [
          0.12782519450712712,
          0.22033447694549405,
          0.05140407701289706,
          0.24337080077939258,
          0.10713775141035235,
          0.16178520091466173,
          0.08814249843007513
        ],
        [
          0.10314576321980114,
          0.2716111829092252,
          0.03582796542800693,
          0.1228960850482368,
          0.20533762618052423,
          0.13839602845018237,
          0.12278534876402343
        ],
        [
          0.17399494012844674,
          0.04069058138324286,
          0.3366698784142004,
          0.005189666916930264,
          0.41643119298809705,
          0.002885071694348691,
          0.024138668474734056
        ],
        [
          0.1966564903785105,
          0.11728578381642384,
          0.02195309359211234,
          0.2375360486256744,
          0.14465399264812578,
          0.18805807107784533,
          0.09385651986130775
        ],
        [
          0.16507167798484862,
          0.1115333259481803,
          0.0029456817977544813,
          0.11156377647854837,
          0.19549444036032987,
          0.18072029510192492,
          0.23267080232841342
        ],
        [
          0.11841790428255228,
          0.20449709334343488,
          0.18482372417507845,
          0.19818325704657688,
          0.06612472556116522,
          0.10986907459453328,
          0.11808422099665894
        ],
        [
          0.20615262803313944,
          0.027171401038241928,
          0.2364481672103108,
          0.10502054813751314,
          0.04486949204994541,
          0.1469902769782901,
          0.23334748655255916
        ],
        [
          0.05242831493536333,
          0.17173196505740587,
          0.24932695802952576,
          0.023986799767600663,
          0.21316764225581053,
          0.18329726480925804,
          0.10606105514503583
        ],
        [
          0.08902821166349313,
          0.15952837052787427,
          0.0045484370489578575,
          0.13195806856628228,
          0.27904052297166926,
          0.015922466218368084,
          0.31997392300335503
        ],
        [
          0.11616465811106583,
          0.13654264307794617,
          0.12398804461204338,
          0.18492410679846502,
          0.07779792781524668,
          0.20573949532113361,
          0.15484312426409927
        ],
        [
          0.1928910575003047,
          0.04295603835385853,
          0.25519052913387746,
          0.2874524282915648,
          0.11120538118679907,
          0.0036178237229160075,
          0.10668674181067948
        ],
        [
          0.019912513373645104,
          0.15981489890261,
          0.12406866376420995,
          0.14108971313963223,
          0.22180175480029757,
          0.15771252235440408,
          0.17559993366520096
        ],
        [
          0.1286899211104317,
          0.18237244692439541,
          0.13781489641398698,
          0.060415912785057396,
          0.013358401162624262,
          0.26094098443984487,
          0.21640743716365943
        ],
        [
          0.18736081199237367,
          0.14480413165640094,
          0.14185657617468803,
          0.035880235148740655,
          0.08853165501390554,
          0.22699075495694845,
          0.1745758350569427
        ],
        [
          0.11489314174383469,
          0.11931396517117267,
          0.1395007061039073,
          0.19227624622968106,
          0.29578269876697333,
          0.0762958279110257,
          0.061937414073405174
        ],
        [
          0.19406131788381034,
          0.2522201404808912,
          0.003993320278484038,
          0.13235532937816927,
          0.19413396535025862,
          0.07785188507649818,
          0.1453840415518883
        ],
        [
          0.10195593092000538,
          0.10577708759937575,
          0.18620522612963836,
          0.14180339616558005,
          0.14884382186776654,
          0.03248666294561231,
          0.28292787437202166
        ],
        [
          0.22481909873418188,
          0.22209913601107245,
          0.22386002253555962,
          0.11788701254418679,
          0.019078387676729813,
          0.15273123818601766,
          0.03952510431225179
        ]
      ],
      "timestamps": [
        53,
        54,
        55,
        56,
        57,
        58,
        59,
        60,
        61,
        62,
        63,
        64,
        65,
        66,
        67,
        68,
        69,
        70,
        71,
        72,
        73,
        74,
        75,
        76,
        77,
        78,
        79,
        80,
        81,
        82,
        83,
        84,
        85,
        86,
        87,
        88,
        89,
        90,
        91,
        92,
        93,
        94,
        95,
        96,
        97,
        98,
        99
      ],
      "distance": 538.4
    }
  ],
  "conversation": [
    "Let's loop around the park before heading back.",
    "Why are the best dumplings always cash only?",
    "Hope the traffic isn't too bad."
  ],
  "conversation_timestamps": [
    0,
    71,
    99
  ]
}
