{"agent_id": "agent-orange-258", "type": "orange", "trips": [{"trip_id": 0, "transport_method": "car", "start_time": 0, "path": [[1.5153073, 42.5448641], [1.5157589, 42.5443374], [1.5162634, 42.5438532], [1.5167908, 42.5433978], [1.5171943, 42.5428414], [1.5175314, 42.5422291], [1.5180031, 42.5417411], [1.518647, 42.5414674], [1.5191764, 42.5410966], [1.5194132, 42.5404867], [1.5194163, 42.5398387], [1.5194782, 42.5391417], [1.5193493, 42.5394871], [1.5193907, 42.5401305], [1.5194615, 42.5394344], [1.5195324, 42.5387383], [1.5196824, 42.5380609], [1.5199584, 42.5374182], [1.5202636, 42.536792], [1.5207156, 42.536266], [1.5211937, 42.5358122], [1.5208925, 42.5353582], [1.5203684, 42.5348952], [1.5198682, 42.5344059], [1.5194826, 42.5338422], [1.5197022, 42.5331888], [1.5196968, 42.5324952], [1.519572, 42.5318203], [1.5197109, 42.5311345], [1.5198236, 42.5308202], [1.519586, 42.531467], [1.5196029, 42.5315411], [1.5196849, 42.5308462], [1.5196768, 42.5301644], [1.520233, 42.5298335], [1.5206047, 42.5292438], [1.5206149, 42.5285556], [1.5202734, 42.5279521], [1.5199496, 42.5273497], [1.5202373, 42.5267339], [1.5205682, 42.5261267], [1.5206087, 42.5254287], [1.5206452, 42.5247307], [1.5209444, 42.5241031], [1.5213816, 42.5235576], [1.521758, 42.5229742], [1.5220097, 42.5223259], [1.5225105, 42.5218449], [1.5230819, 42.5214435], [1.5234356, 42.5208523], [1.5236654, 42.5201914], [1.5238512, 42.5197136], [1.523677, 42.5203868], [1.5233846, 42.5210225], [1.5235137, 42.5205082], [1.5237008, 42.5198339], [1.5238879, 42.5191597], [1.5240332, 42.5184767], [1.5241327, 42.5177841], [1.5242981, 42.5171066], [1.5245561, 42.5164565], [1.5248969, 42.5158463], [1.5253527, 42.515316], [1.5258718, 42.5148483], [1.5264575, 42.5144678], [1.5270807, 42.5141503], [1.5277132, 42.5138513], [1.5283517, 42.5135652], [1.5289903, 42.513279], [1.529633, 42.5130026], [1.530275, 42.5127242], [1.5309098, 42.51243], [1.5315393, 42.5121252], [1.5321308, 42.5117545], [1.5326523, 42.5112903], [1.5330901, 42.5107459], [1.5335563, 42.5102474], [1.5341714, 42.5104334], [1.5347918, 42.510757], [1.535374, 42.5105509]], "mood_vectors": [[0.0464, 0.0587, 0.0168, 0.065, 0.7257, 0.0276, 0.06], [0.0792, 0.0212, 0.0653, 0.0689, 0.6469, 0.0632, 0.0552], [0.0894, 0.0205, 0.0608, 0.0145, 0.6564, 0.0734, 0.0849], [0.041, 0.0575, 0.0767, 0.0698, 0.6088, 0.0875, 0.0587], [0.081, 0.0738, 0.0177, 0.0424, 0.7158, 0.0275, 0.0418], [0.0355, 0.0812, 0.0193, 0.0271, 0.7157, 0.0742, 0.0469], [0.0435, 0.0271, 0.0715, 0.0333, 0.716, 0.0504, 0.0581], [0.0873, 0.0451, 0.0532, 0.0605, 0.6594, 0.0503, 0.0442], [0.0882, 0.0455, 0.0488, 0.085, 0.6233, 0.0676, 0.0416], [0.0745, 0.0438, 0.0283, 0.0576, 0.7025, 0.0264, 0.067], [0.0798, 0.014, 0.0268, 0.061, 0.6726, 0.0652, 0.0807], [0.0548, 0.0612, 0.0654, 0.0459, 0.668, 0.0688, 0.0359], [0.0481, 0.0365, 0.0183, 0.0446, 0.7095, 0.0466, 0.0964], [0.0653, 0.0647, 0.0722, 0.013, 0.7193, 0.0449, 0.0207], [0.0844, 0.0313, 0.0236, 0.0196, 0.7561, 0.0174, 0.0677], [0.0295, 0.0906, 0.072, 0.0318, 0.695, 0.045, 0.0361], [0.0135, 0.0746, 0.0649, 0.0847, 0.6928, 0.0311, 0.0385], [0.0921, 0.0587, 0.0154, 0.0787, 0.6131, 0.0807, 0.0612], [0.0637, 0.0391, 0.0593, 0.0212, 0.757, 0.045, 0.0147], [0.0703, 0.0167, 0.0765, 0.0441, 0.6948, 0.0157, 0.0818], [0.0553, 0.0701, 0.0544, 0.0702, 0.6274, 0.0667, 0.0559], [0.0582, 0.0528, 0.0645, 0.0329, 0.7166, 0.0618, 0.0133], [0.0257, 0.0522, 0.0791, 0.0744, 0.662, 0.083, 0.0237], [0.0353, 0.0635, 0.0771, 0.0518, 0.6715, 0.0682, 0.0327], [0.0432, 0.0654, 0.078, 0.0388, 0.677, 0.028, 0.0698], [0.0457, 0.0421, 0.0394, 0.0734, 0.7266, 0.0523, 0.0205], [0.0487, 0.0598, 0.0507, 0.0257, 0.7422, 0.0236, 0.0492], [0.0481, 0.0575, 0.0504, 0.0374, 0.7316, 0.0316, 0.0434], [0.0783, 0.0442, 0.0439, 0.1001, 0.6572, 0.0294, 0.0469], [0.081, 0.0858, 0.0677, 0.0525, 0.6049, 0.0784, 0.0297], [0.0419, 0.0179, 0.033, 0.0672, 0.7239, 0.0474, 0.0687], [0.0627, 0.0567, 0.0539, 0.0533, 0.6708, 0.0623, 0.0403], [0.0238, 0.0817, 0.0174, 0.058, 0.75, 0.0191, 0.0501], [0.0442, 0.0559, 0.021, 0.0421, 0.7402, 0.0383, 0.0584], [0.0282, 0.0672, 0.054, 0.0684, 0.712, 0.0148, 0.0554], [0.0217, 0.053, 0.084, 0.074, 0.6444, 0.0837, 0.0393], [0.0399, 0.04, 0.0448, 0.073, 0.7018, 0.0364, 0.0641], [0.0655, 0.0197, 0.0676, 0.0287, 0.7617, 0.0366, 0.0202], [0.0658, 0.0461, 0.0728, 0.0298, 0.7185, 0.0462, 0.0207], [0.03, 0.0619, 0.0125, 0.0709, 0.7304, 0.0204, 0.0738], [0.0525, 0.0477, 0.0631, 0.0144, 0.7784, 0.0278, 0.016], [0.0626, 0.0232, 0.0392, 0.0548, 0.7086, 0.0566, 0.0549], [0.0703, 0.0564, 0.0734, 0.0335, 0.6224, 0.0656, 0.0785], [0.0331, 0.0338, 0.0686, 0.0695, 0.6684, 0.0467, 0.08], [0.0442, 0.0515, 0.0288, 0.0813, 0.6779, 0.0467, 0.0696], [0.0182, 0.0537, 0.0715, 0.0616, 0.6935, 0.0226, 0.0788], [0.0517, 0.0631, 0.0403, 0.068, 0.7078, 0.0561, 0.013], [0.0614, 0.0132, 0.0392, 0.0349, 0.7288, 0.0707, 0.0519], [0.0484, 0.0736, 0.0507, 0.0467, 0.6557, 0.0711, 0.0538], [0.0533, 0.0642, 0.0496, 0.0286, 0.686, 0.0844, 0.0339], [0.0487, 0.07, 0.025, 0.0733, 0.7189, 0.0369, 0.0272], [0.0592, 0.0484, 0.0322, 0.0228, 0.7336, 0.0347, 0.0692], [0.0264, 0.0713, 0.0207, 0.0234, 0.7553, 0.0711, 0.0319], [0.0557, 0.0362, 0.0521, 0.058, 0.7256, 0.0312, 0.0413], [0.0382, 0.0894, 0.0405, 0.0168, 0.7169, 0.0417, 0.0566], [0.072, 0.0677, 0.0213, 0.0482, 0.6876, 0.0443, 0.0589], [0.0742, 0.0641, 0.0254, 0.0818, 0.7054, 0.0146, 0.0345], [0.0457, 0.0536, 0.0297, 0.061, 0.7064, 0.0367, 0.067], [0.087, 0.0501, 0.0743, 0.0253, 0.6783, 0.0434, 0.0417], [0.0719, 0.0593, 0.053, 0.0273, 0.6898, 0.0528, 0.0459], [0.0234, 0.0493, 0.0271, 0.0441, 0.7806, 0.0374, 0.0382], [0.0413, 0.0308, 0.0665, 0.0183, 0.7561, 0.0416, 0.0455], [0.0129, 0.0735, 0.0316, 0.0594, 0.7389, 0.0508, 0.0328], [0.034, 0.0627, 0.0605, 0.0619, 0.6692, 0.0535, 0.0582], [0.0686, 0.0186, 0.0561, 0.0535, 0.6878, 0.0692, 0.0463], [0.0645, 0.0847, 0.0732, 0.0547, 0.6526, 0.0218, 0.0485], [0.0615, 0.0617, 0.0821, 0.0353, 0.6704, 0.0429, 0.0461], [0.0395, 0.0699, 0.0128, 0.0761, 0.7196, 0.0502, 0.032], [0.0633, 0.0769, 0.043, 0.0619, 0.6719, 0.0603, 0.0227], [0.0519, 0.0381, 0.0443, 0.0426, 0.7232, 0.0665, 0.0335], [0.0509, 0.0716, 0.0477, 0.0589, 0.6748, 0.0522, 0.0438], [0.0502, 0.0469, 0.0401, 0.0567, 0.6934, 0.0426, 0.0702], [0.0575, 0.0454, 0.0729, 0.0677, 0.6342, 0.0576, 0.0647], [0.0801, 0.0635, 0.029, 0.0913, 0.5992, 0.0925, 0.0444], [0.0683, 0.044, 0.0674, 0.0542, 0.6671, 0.0363, 0.0627], [0.0626, 0.0621, 0.0263, 0.0608, 0.69, 0.0569, 0.0413], [0.0786, 0.0632, 0.032, 0.0224, 0.7553, 0.0133, 0.035], [0.08, 0.0613, 0.0763, 0.0817, 0.5769, 0.0395, 0.0843], [0.0493, 0.0833, 0.0256, 0.0763, 0.6348, 0.0627, 0.0679], [0.0651, 0.0837, 0.015, 0.0775, 0.6633, 0.0397, 0.0557]], "emotions": ["red", "red", "red", "red", "red", "red", "red", "red", "red", "red", "red", "red", "red", "red", "red", "red", "red", "red", "red", "red", "red", "red", "red", "red", "red", "red", "red", "red", "red", "red", "red", "red", "red", "red", "red", "red", "red", "red", "red", "red", "red", "red", "red", "red", "red", "red", "red", "red", "red", "red", "red", "red", "red", "red", "red", "red", "red", "red", "red", "red", "red", "red", "red", "red", "red", "red", "red", "red", "red", "red", "red", "red", "red", "red", "red", "red", "red", "red", "red", "red"], "timestamps": [0, 40, 80, 120, 160, 200, 240, 280, 320, 360, 400, 440, 480, 520, 560, 600, 640, 680, 720, 760, 800, 840, 880, 920, 960, 1000, 1040, 1080, 1120, 1160, 1200, 1240, 1280, 1320, 1360, 1400, 1440, 1480, 1520, 1560, 1600, 1640, 1680, 1720, 1760, 1800, 1840, 1880, 1920, 1960, 2000, 2040, 2080, 2120, 2160, 2200, 2240, 2280, 2320, 2360, 2400, 2440, 2480, 2520, 2560, 2600, 2640, 2680, 2720, 2760, 2800, 2840, 2880, 2920, 2960, 3000, 3040, 3080, 3120, 3160]}], "conversation": [], "conversation_timestamps": []}