{"agent_id": "agent-red-271", "type": "red", "trips": [{"trip_id": 0, "transport_method": "foot", "start_time": 0, "path": [[1.733257, 42.5423079], [1.7342999, 42.5459815], [1.7334383, 42.5469877], [1.7280163, 42.5443447], [1.7220152, 42.5437565], [1.7159637, 42.5439619], [1.7099129, 42.5441673], [1.7038762, 42.5446321], [1.6986661, 42.5473475], [1.6947046, 42.5518427], [1.6901981, 42.555841], [1.6867469, 42.556854], [1.6828599, 42.5541031], [1.6839199, 42.5542757], [1.6823165, 42.5538054], [1.6795901, 42.5515713], [1.6820653, 42.5488477], [1.6842389, 42.5465012], [1.6823726, 42.5416975], [1.6770327, 42.5389105], [1.673264, 42.5389966], [1.6672852, 42.5391829], [1.6629285, 42.5370387], [1.6585473, 42.5405896], [1.6528699, 42.5423046], [1.6473922, 42.5416891], [1.6414608, 42.5405675], [1.635983, 42.5394802], [1.6415485, 42.54126], [1.6460271, 42.5414721], [1.6400881, 42.5402924], [1.634172, 42.539085], [1.6289731, 42.5387821], [1.6231341, 42.5378231], [1.6175207, 42.5355531], [1.6223219, 42.5353518], [1.6259256, 42.5373361], [1.6204624, 42.5367484], [1.6169328, 42.535754], [1.6161687, 42.5367416], [1.6102382, 42.5362304], [1.6042205, 42.5364523], [1.6028007, 42.5369372], [1.6080183, 42.5361305], [1.6019794, 42.5365716], [1.5960825, 42.5362553], [1.5905763, 42.5356971], [1.5929182, 42.5361528], [1.5913689, 42.5358663], [1.5877535, 42.5350871], [1.5837737, 42.5322232], [1.5778397, 42.5317767], [1.5734519, 42.5302055], [1.5713437, 42.5293875], [1.5702286, 42.5286448], [1.5683899, 42.527333], [1.5630511, 42.5246556], [1.5583444, 42.5209846], [1.555983, 42.5187097], [1.554287, 42.517387], [1.551098, 42.512665], [1.5462425, 42.509923], [1.5414828, 42.5087739], [1.5370033, 42.5079551], [1.5341207, 42.5070319], [1.5285265, 42.5053052], [1.5225392, 42.5047138], [1.5215137, 42.5046198], [1.5158251, 42.5032742], [1.5113456, 42.4996606], [1.506312, 42.4965605], [1.5007547, 42.4941949], [1.4962851, 42.4905096], [1.4935518, 42.4854825], [1.4895733, 42.4815173], [1.4908556, 42.4758926], [1.4919913, 42.4702334], [1.4910253, 42.464936], [1.4892995, 42.4601896], [1.4866326, 42.4561808]], "mood_vectors": [[0.6817, 0.0399, 0.071, 0.069, 0.0362, 0.0294, 0.0729], [0.6654, 0.0503, 0.0757, 0.0257, 0.0659, 0.0468, 0.0701], [0.6635, 0.0631, 0.0565, 0.0471, 0.0187, 0.0749, 0.0762], [0.6896, 0.0661, 0.0428, 0.0754, 0.035, 0.026, 0.0652], [0.6954, 0.0344, 0.0549, 0.0488, 0.0652, 0.0606, 0.0407], [0.7288, 0.0213, 0.0541, 0.066, 0.0211, 0.0297, 0.0789], [0.723, 0.065, 0.0644, 0.0201, 0.0427, 0.0334, 0.0514], [0.691, 0.026, 0.0443, 0.0494, 0.0825, 0.0205, 0.0864], [0.6195, 0.0511, 0.0631, 0.0274, 0.0837, 0.0792, 0.076], [0.6954, 0.0153, 0.0523, 0.0746, 0.041, 0.0475, 0.0739], [0.6806, 0.0616, 0.0595, 0.0601, 0.0324, 0.0704, 0.0353], [0.6429, 0.0387, 0.0275, 0.0886, 0.0625, 0.0615, 0.0782], [0.7573, 0.0688, 0.0155, 0.0173, 0.0651, 0.0575, 0.0186], [0.6239, 0.0197, 0.0455, 0.0765, 0.0901, 0.0887, 0.0556], [0.7173, 0.0367, 0.0224, 0.0582, 0.0675, 0.062, 0.0358], [0.7567, 0.0226, 0.0137, 0.0751, 0.0813, 0.023, 0.0276], [0.7503, 0.0185, 0.0499, 0.0379, 0.0668, 0.0468, 0.0298], [0.7108, 0.0444, 0.0145, 0.0285, 0.0703, 0.0804, 0.0512], [0.6953, 0.0188, 0.0695, 0.0489, 0.0584, 0.0413, 0.0677], [0.7275, 0.0773, 0.0125, 0.041, 0.03, 0.0582, 0.0534], [0.7671, 0.0263, 0.0917, 0.0324, 0.0285, 0.0224, 0.0316], [0.612, 0.0782, 0.0736, 0.043, 0.0732, 0.0693, 0.0508], [0.6964, 0.0702, 0.0621, 0.0375, 0.0256, 0.0514, 0.0568], [0.6292, 0.0657, 0.0457, 0.0883, 0.054, 0.0249, 0.0923], [0.6462, 0.0759, 0.0203, 0.0723, 0.0747, 0.0548, 0.0557], [0.6793, 0.0632, 0.0266, 0.0221, 0.0712, 0.0823, 0.0554], [0.6043, 0.0184, 0.0979, 0.0761, 0.023, 0.0957, 0.0845], [0.7168, 0.0143, 0.0472, 0.0763, 0.049, 0.0671, 0.0293], [0.7623, 0.0274, 0.0476, 0.0499, 0.0164, 0.0603, 0.0362], [0.7065, 0.0455, 0.0626, 0.0727, 0.0262, 0.0704, 0.0162], [0.6977, 0.0956, 0.0155, 0.0189, 0.0331, 0.1052, 0.0339], [0.5707, 0.0752, 0.0582, 0.0698, 0.0723, 0.0846, 0.0693], [0.7113, 0.0293, 0.0541, 0.047, 0.0531, 0.0639, 0.0414], [0.6601, 0.0516, 0.0479, 0.0968, 0.0404, 0.0377, 0.0654], [0.6877, 0.0154, 0.0574, 0.0592, 0.0474, 0.0438, 0.0891], [0.7244, 0.0739, 0.0509, 0.0496, 0.0227, 0.0368, 0.0416], [0.7972, 0.0405, 0.0311, 0.0358, 0.0289, 0.0189, 0.0477], [0.6704, 0.064, 0.0654, 0.0642, 0.0372, 0.0415, 0.0573], [0.7274, 0.0737, 0.0501, 0.0502, 0.0482, 0.0389, 0.0114], [0.6515, 0.0559, 0.0398, 0.0634, 0.0573, 0.0735, 0.0586], [0.7096, 0.0217, 0.0834, 0.06, 0.0587, 0.0499, 0.0166], [0.7516, 0.0781, 0.0562, 0.0181, 0.0658, 0.0144, 0.0159], [0.6794, 0.0786, 0.061, 0.0639, 0.015, 0.031, 0.071], [0.6974, 0.0544, 0.0569, 0.0306, 0.0464, 0.0407, 0.0737], [0.6745, 0.0492, 0.0834, 0.0275, 0.0611, 0.05, 0.0543], [0.6574, 0.0789, 0.0244, 0.0775, 0.0858, 0.0375, 0.0385], [0.6227, 0.0443, 0.0567, 0.0653, 0.0726, 0.0667, 0.0717], [0.6757, 0.0677, 0.064, 0.0415, 0.0681, 0.0273, 0.0556], [0.7178, 0.0306, 0.0242, 0.044, 0.0651, 0.0565, 0.0618], [0.6682, 0.0371, 0.0748, 0.0519, 0.0637, 0.0483, 0.056], [0.7089, 0.0523, 0.0427, 0.0203, 0.0692, 0.0467, 0.0599], [0.7153, 0.0197, 0.0255, 0.0566, 0.0826, 0.0343, 0.066], [0.6658, 0.0846, 0.0166, 0.0771, 0.0695, 0.0619, 0.0245], [0.7245, 0.0109, 0.0527, 0.0628, 0.0609, 0.0593, 0.0289], [0.6436, 0.0535, 0.0878, 0.0283, 0.0466, 0.0707, 0.0695], [0.7942, 0.0362, 0.0181, 0.0259, 0.0307, 0.0742, 0.0207], [0.6968, 0.0416, 0.053, 0.0718, 0.0245, 0.0735, 0.0387], [0.6533, 0.0558, 0.095, 0.0217, 0.0518, 0.0341, 0.0884], [0.6358, 0.045, 0.0899, 0.0519, 0.0776, 0.0589, 0.0409], [0.7039, 0.0676, 0.0386, 0.0494, 0.0383, 0.0619, 0.0403], [0.6981, 0.058, 0.0342, 0.0444, 0.078, 0.0555, 0.0318], [0.7589, 0.0361, 0.0374, 0.0727, 0.0359, 0.0149, 0.0442], [0.7032, 0.0194, 0.0646, 0.0249, 0.0632, 0.0732, 0.0516], [0.7089, 0.0408, 0.0788, 0.0461, 0.0376, 0.0222, 0.0656], [0.7071, 0.0153, 0.0482, 0.0633, 0.0581, 0.077, 0.031], [0.7042, 0.0444, 0.0557, 0.082, 0.0279, 0.0468, 0.0391], [0.651, 0.0713, 0.0606, 0.0904, 0.0347, 0.0745, 0.0176], [0.6469, 0.067, 0.0316, 0.0896, 0.0679, 0.0763, 0.0207], [0.7072, 0.0381, 0.0274, 0.0791, 0.046, 0.0494, 0.0527], [0.6716, 0.0626, 0.055, 0.0813, 0.0797, 0.0242, 0.0256], [0.7014, 0.0326, 0.0337, 0.0471, 0.0476, 0.0611, 0.0765], [0.6802, 0.0721, 0.0335, 0.0263, 0.0661, 0.0737, 0.0481], [0.7253, 0.0363, 0.0524, 0.0217, 0.0467, 0.0421, 0.0755], [0.6997, 0.0324, 0.0689, 0.0194, 0.0705, 0.0595, 0.0497], [0.7849, 0.0332, 0.0277, 0.0297, 0.0455, 0.05, 0.0289], [0.7106, 0.0425, 0.0789, 0.0375, 0.0398, 0.0161, 0.0747], [0.5943, 0.068, 0.0807, 0.0593, 0.0846, 0.0728, 0.0404], [0.6871, 0.0741, 0.0372, 0.0329, 0.0454, 0.0509, 0.0725], [0.6826, 0.0266, 0.0968, 0.0312, 0.0404, 0.044, 0.0784], [0.6365, 0.0741, 0.0616, 0.0597, 0.0991, 0.0266, 0.0425]], "emotions": ["red", "red", "red", "red", "red", "red", "red", "red", "red", "red", "red", "red", "red", "red", "red", "red", "red", "red", "red", "red", "red", "red", "red", "red", "red", "red", "red", "red", "red", "red", "red", "red", "red", "red", "red", "red", "red", "red", "red", "red", "red", "red", "red", "red", "red", "red", "red", "red", "red", "red", "red", "red", "red", "red", "red", "red", "red", "red", "red", "red", "red", "red", "red", "red", "red", "red", "red", "red", "red", "red", "red", "red", "red", "red", "red", "red", "red", "red", "red", "red"], "timestamps": [0, 40, 80, 120, 160, 200, 240, 280, 320, 360, 400, 440, 480, 520, 560, 600, 640, 680, 720, 760, 800, 840, 880, 920, 960, 1000, 1040, 1080, 1120, 1160, 1200, 1240, 1280, 1320, 1360, 1400, 1440, 1480, 1520, 1560, 1600, 1640, 1680, 1720, 1760, 1800, 1840, 1880, 1920, 1960, 2000, 2040, 2080, 2120, 2160, 2200, 2240, 2280, 2320, 2360, 2400, 2440, 2480, 2520, 2560, 2600, 2640, 2680, 2720, 2760, 2800, 2840, 2880, 2920, 2960, 3000, 3040, 3080, 3120, 3160]}], "conversation": [], "conversation_timestamps": []}