{"agent_id": "agent-blue-390", "type": "blue", "trips": [{"trip_id": 0, "transport_method": "bicycle", "start_time": 0, "path": [[1.5276682, 42.5076791], [1.5283719, 42.5084461], [1.5284562, 42.5089534], [1.5287873, 42.5096589], [1.5295669, 42.5104099], [1.5297974, 42.5112502], [1.5307079, 42.5117757], [1.5307049, 42.5126801], [1.5302948, 42.5136786], [1.5300358, 42.514605], [1.5292341, 42.5153394], [1.528424, 42.5160548], [1.5274667, 42.5166077], [1.5265093, 42.5171606], [1.5270114, 42.5169442], [1.5279737, 42.5164474], [1.5288733, 42.5158323], [1.5280509, 42.5163328], [1.5271239, 42.5169352], [1.5261968, 42.5175376], [1.5252698, 42.51814], [1.524918, 42.5183932], [1.5257274, 42.5176451], [1.5259272, 42.5175633], [1.5250279, 42.5182064], [1.5241349, 42.5188561], [1.5238328, 42.5198477], [1.5234501, 42.5208782], [1.5227455, 42.5217017], [1.5219436, 42.5224385], [1.5214892, 42.5234349], [1.5208177, 42.5243098], [1.5207593, 42.5253588], [1.5206573, 42.5264276], [1.5206528, 42.5274878], [1.521097, 42.5284523], [1.5218305, 42.5292106], [1.5214719, 42.5299813], [1.521251, 42.5308524], [1.5209645, 42.5318446], [1.5213073, 42.5328373], [1.5207496, 42.5336643], [1.5213444, 42.5345431], [1.52226, 42.5351232], [1.5229347, 42.5359958], [1.5237503, 42.5365918], [1.5248362, 42.5367923], [1.5251976, 42.5374403], [1.5242137, 42.537635], [1.5232384, 42.5381384], [1.5231499, 42.5392151], [1.5232664, 42.5403074], [1.5233993, 42.5407179], [1.5228916, 42.5416757], [1.5229387, 42.5427551], [1.5234094, 42.5437486], [1.5238564, 42.5447496], [1.5243721, 42.5457141], [1.5247204, 42.5467015], [1.5247693, 42.5477856], [1.5253486, 42.5486937], [1.5258467, 42.5496696], [1.526419, 42.5506155], [1.5263631, 42.5506018], [1.5257676, 42.5496731], [1.5254913, 42.5492138], [1.5258227, 42.5502685], [1.5261542, 42.5513232], [1.5268351, 42.5521357], [1.5277184, 42.5528006], [1.5285217, 42.5535554], [1.5281684, 42.5528945], [1.5280503, 42.5527316], [1.5287712, 42.5535557], [1.528572, 42.5527973], [1.5279724, 42.5523612], [1.5289365, 42.5528795], [1.5300387, 42.5528518], [1.5311199, 42.553057], [1.5317015, 42.5536191]], "mood_vectors": [[0.0776, 0.0454, 0.0245, 0.74, 0.0514, 0.0309, 0.0302], [0.0472, 0.0189, 0.033, 0.7757, 0.0368, 0.0576, 0.0309], [0.0768, 0.0463, 0.0424, 0.7061, 0.0244, 0.0499, 0.0541], [0.0474, 0.063, 0.068, 0.715, 0.0269, 0.021, 0.0586], [0.066, 0.0784, 0.0559, 0.6805, 0.0481, 0.0183, 0.0529], [0.0558, 0.0431, 0.0608, 0.7268, 0.0175, 0.0592, 0.0367], [0.044, 0.0126, 0.0632, 0.7806, 0.0143, 0.0155, 0.0698], [0.0674, 0.0684, 0.0531, 0.6424, 0.036, 0.0764, 0.0562], [0.0497, 0.0294, 0.0656, 0.7103, 0.05, 0.0799, 0.0151], [0.0584, 0.0199, 0.0637, 0.7168, 0.069, 0.0405, 0.0317], [0.039, 0.0191, 0.0313, 0.7246, 0.0742, 0.028, 0.0839], [0.0744, 0.0684, 0.03, 0.6875, 0.0674, 0.0598, 0.0124], [0.0816, 0.0457, 0.0523, 0.7345, 0.0305, 0.0174, 0.038], [0.0579, 0.0247, 0.078, 0.6949, 0.0125, 0.0729, 0.0593], [0.0797, 0.0325, 0.0395, 0.7077, 0.0499, 0.0443, 0.0463], [0.0471, 0.0772, 0.0637, 0.642, 0.0641, 0.0407, 0.065], [0.0514, 0.0791, 0.0595, 0.6865, 0.0325, 0.0307, 0.0603], [0.0154, 0.0469, 0.0157, 0.749, 0.0158, 0.0754, 0.0818], [0.0696, 0.0586, 0.0634, 0.7051, 0.0604, 0.023, 0.02], [0.0353, 0.0923, 0.0715, 0.6065, 0.0921, 0.0525, 0.0497], [0.0646, 0.0847, 0.0382, 0.6612, 0.0685, 0.0495, 0.0332], [0.023, 0.063, 0.0561, 0.7328, 0.0367, 0.0432, 0.0452], [0.0775, 0.0328, 0.0162, 0.6994, 0.0651, 0.0675, 0.0414], [0.0633, 0.0397, 0.0888, 0.6976, 0.0224, 0.0571, 0.0311], [0.0314, 0.0153, 0.0481, 0.7248, 0.0689, 0.0375, 0.0739], [0.0655, 0.054, 0.051, 0.7082, 0.0836, 0.025, 0.0127], [0.0573, 0.0302, 0.0542, 0.667, 0.0706, 0.0478, 0.0728], [0.0887, 0.0174, 0.0504, 0.6472, 0.0753, 0.0302, 0.0908], [0.0875, 0.0197, 0.0215, 0.7721, 0.0215, 0.0508, 0.0269], [0.0752, 0.0669, 0.031, 0.6829, 0.0411, 0.0427, 0.0602], [0.0544, 0.0744, 0.0138, 0.6615, 0.0445, 0.0644, 0.087], [0.0201, 0.0877, 0.0802, 0.6509, 0.0629, 0.0443, 0.0539], [0.0207, 0.0635, 0.0225, 0.6707, 0.0725, 0.0784, 0.0717], [0.0191, 0.0666, 0.0719, 0.7364, 0.0353, 0.0116, 0.0592], [0.0841, 0.0516, 0.0141, 0.7403, 0.0656, 0.0196, 0.0246], [0.0681, 0.0598, 0.0372, 0.6972, 0.0164, 0.0706, 0.0507], [0.0761, 0.0747, 0.0767, 0.5491, 0.0622, 0.0775, 0.0838], [0.0367, 0.0651, 0.0169, 0.7451, 0.0461, 0.0216, 0.0684], [0.0505, 0.0582, 0.0372, 0.7565, 0.0137, 0.0434, 0.0405], [0.0652, 0.0653, 0.0536, 0.7097, 0.0216, 0.0341, 0.0506], [0.0949, 0.0758, 0.041, 0.6424, 0.0507, 0.0288, 0.0663], [0.0261, 0.082, 0.0824, 0.6236, 0.0518, 0.0897, 0.0444], [0.0444, 0.028, 0.0363, 0.7785, 0.0569, 0.0288, 0.0272], [0.0445, 0.0477, 0.0191, 0.7075, 0.0714, 0.0623, 0.0474], [0.0188, 0.0377, 0.0206, 0.8112, 0.0453, 0.0274, 0.039], [0.032, 0.0244, 0.0225, 0.7416, 0.0541, 0.0928, 0.0326], [0.0728, 0.0347, 0.018, 0.6807, 0.0577, 0.0687, 0.0673], [0.0452, 0.0588, 0.0685, 0.7122, 0.0326, 0.0313, 0.0514], [0.0588, 0.0479, 0.0612, 0.6652, 0.0642, 0.0412, 0.0614], [0.0697, 0.0725, 0.0186, 0.7246, 0.0449, 0.0226, 0.0471], [0.066, 0.0507, 0.0411, 0.7304, 0.0388, 0.0432, 0.0298], [0.0303, 0.0586, 0.0388, 0.7055, 0.0695, 0.0447, 0.0528], [0.0573, 0.0115, 0.0409, 0.7287, 0.0746, 0.0693, 0.0178], [0.0148, 0.0764, 0.0247, 0.7558, 0.0314, 0.0753, 0.0217], [0.0527, 0.0741, 0.0552, 0.7168, 0.0501, 0.0345, 0.0165], [0.0751, 0.0612, 0.0444, 0.6817, 0.0498, 0.0388, 0.0491], [0.0609, 0.0405, 0.0233, 0.6251, 0.0908, 0.0781, 0.0813], [0.0697, 0.0413, 0.074, 0.7003, 0.0556, 0.0383, 0.0208], [0.0748, 0.0934, 0.0494, 0.6056, 0.0798, 0.0347, 0.0622], [0.016, 0.0256, 0.0716, 0.7521, 0.0358, 0.0733, 0.0257], [0.0531, 0.0783, 0.0167, 0.6768, 0.0819, 0.0578, 0.0354], [0.0475, 0.0277, 0.0831, 0.6465, 0.0518, 0.0682, 0.0751], [0.0338, 0.0576, 0.0497, 0.7873, 0.0201, 0.0203, 0.0312], [0.0508, 0.0635, 0.0211, 0.6818, 0.0467, 0.0731, 0.063], [0.0143, 0.0144, 0.0618, 0.6949, 0.0542, 0.0841, 0.0763], [0.039, 0.068, 0.0301, 0.6941, 0.0459, 0.0548, 0.0682], [0.016, 0.0194, 0.0651, 0.7697, 0.026, 0.0371, 0.0667], [0.0196, 0.0411, 0.0459, 0.7565, 0.0529, 0.027, 0.057], [0.0486, 0.0165, 0.0392, 0.7423, 0.0699, 0.0706, 0.013], [0.0338, 0.0368, 0.0468, 0.6933, 0.018, 0.0808, 0.0904], [0.0911, 0.0215, 0.0171, 0.6544, 0.0358, 0.0917, 0.0885], [0.0638, 0.0152, 0.0507, 0.7081, 0.0847, 0.0231, 0.0542], [0.0139, 0.0751, 0.059, 0.7381, 0.0619, 0.0294, 0.0226], [0.0729, 0.0265, 0.0716, 0.6381, 0.0746, 0.0793, 0.037], [0.0618, 0.023, 0.0617, 0.7056, 0.0147, 0.0844, 0.0489], [0.0207, 0.0888, 0.0752, 0.691, 0.0909, 0.0164, 0.017], [0.0618, 0.0159, 0.02, 0.7549, 0.0505, 0.032, 0.0648], [0.0658, 0.0458, 0.0555, 0.6645, 0.0595, 0.0756, 0.0332], [0.0197, 0.0161, 0.0765, 0.7078, 0.0347, 0.0543, 0.0909], [0.0295, 0.0685, 0.0299, 0.7309, 0.0265, 0.0244, 0.0903]], "emotions": ["green", "green", "green", "green", "green", "green", "green", "green", "green", "green", "green", "green", "green", "green", "green", "green", "green", "green", "green", "green", "green", "green", "green", "green", "green", "green", "green", "green", "green", "green", "green", "green", "green", "green", "green", "green", "green", "green", "green", "green", "green", "green", "green", "green", "green", "green", "green", "green", "green", "green", "green", "green", "green", "green", "green", "green", "green", "green", "green", "green", "green", "green", "green", "green", "green", "green", "green", "green", "green", "green", "green", "green", "green", "green", "green", "green", "green", "green", "green", "green"], "timestamps": [0, 40, 80, 120, 160, 200, 240, 280, 320, 360, 400, 440, 480, 520, 560, 600, 640, 680, 720, 760, 800, 840, 880, 920, 960, 1000, 1040, 1080, 1120, 1160, 1200, 1240, 1280, 1320, 1360, 1400, 1440, 1480, 1520, 1560, 1600, 1640, 1680, 1720, 1760, 1800, 1840, 1880, 1920, 1960, 2000, 2040, 2080, 2120, 2160, 2200, 2240, 2280, 2320, 2360, 2400, 2440, 2480, 2520, 2560, 2600, 2640, 2680, 2720, 2760, 2800, 2840, 2880, 2920, 2960, 3000, 3040, 3080, 3120, 3160]}], "conversation": [], "conversation_timestamps": []}