{
  "agent_id": "agent-type-orange-46",
  "type": "orange",
  "trips": [
    {
      "trip_id": 0,
      "transport_method": "car",
      "start_time": 0,
      "path": [
        [
          1.5239369000000003,
          42.5054502
        ],
        [
          1.5237476087479338,
          42.505865254738204
        ],
        [
          1.5234434399398897,
          42.50653219895044
        ],
        [
          1.5227905602379512,
          42.50642168246597
        ],
        [
          1.5220693580596405,
          42.5062978834124
        ],
        [
          1.5218304347310596,
          42.50575121850242
        ],
        [
          1.522016282383732,
          42.50504214571311
        ],
        [
          1.5223347712589919,
          42.504553363326046
        ],
        [
          1.523062314118899,
          42.504642887534516
        ],
        [
          1.5237835049058135,
          42.504772435641414
        ],
        [
          1.5244672624103839,
          42.50482745407615
        ],
        [
          1.525194674881211,
          42.50491802798058
        ],
        [
          1.5257506718754905,
          42.504759358295864
        ],
        [
          1.5264656858500167,
          42.504917204102746
        ],
        [
          1.5269301337255217,
          42.50518496356765
        ],
        [
          1.5276328841887017,
          42.50519656523297
        ],
        [
          1.5282183340112816,
          42.50539639296356
        ],
        [
          1.5278787483564826,
          42.50555633699717
        ],
        [
          1.5271689202898695,
          42.50537885994602
        ],
        [
          1.5264446514308445,
          42.50526586496441
        ],
        [
          1.5265339018881232,
          42.5052250134974
        ],
        [
          1.527259448739864,
          42.50532948843196
        ],
        [
          1.5267674044083948,
          42.50525863663348
        ],
        [
          1.5262115602065758,
          42.50522949982421
        ],
        [
          1.526935829065601,
          42.50534249480582
        ],
        [
          1.5276524004712222,
          42.50548984957662
        ],
        [
          1.5281619974745797,
          42.505581888549756
        ],
        [
          1.527529700252018,
          42.505403524524674
        ],
        [
          1.5282055777396686,
          42.50553081085663
        ],
        [
          1.5280922999999997,
          42.505191
        ]
      ],
      "emotions": [
        "red",
        "red",
        "red",
        "red",
        "red",
        "purple",
        "purple",
        "purple",
        "purple",
        "purple",
        "purple",
        "purple",
        "purple",
        "purple",
        "purple",
        "green",
        "green",
        "green",
        "green",
        "green",
        "green",
        "green",
        "green",
        "green",
        "green",
        "green",
        "green",
        "green",
        "green",
        "green"
      ],
      "mood_vectors": [
        [
          0.0833472162233921,
          0.07887027505783131,
          0.2452559197627292,
          0.27366737441336686,
          0.049418544577563894,
          0.002596266771490823,
          0.26684440319362573
        ],
        [
          0.07189758562335995,
          0.22572606961132421,
          0.2351296713258904,
          0.048444498268869346,
          0.3076407272372951,
          0.051811892165522455,
          0.05934955576773864
        ],
        [
          0.2221119111115844,
          0.17335738358794617,
          0.14634890649397322,
          0.05368811419579954,
          0.163791788720814,
          0.11113290527263948,
          0.1295689906172432
        ],
        [
          0.2804302813053574,
          0.16161147681308283,
          0.14702798774205977,
          0.11458646588708646,
          0.0658808369698628,
          0.1395850549265877,
          0.09087789635596301
        ],
        [
          0.11563876324631084,
          0.11944450799082329,
          0.20492807085922585,
          0.04305038948886375,
          0.19693838236575933,
          0.05164475631518059,
          0.26835512973383635
        ],
        [
          0.13414019159438778,
          0.20011421531867796,
          0.19305268848754378,
          0.0682630445191728,
          0.1336311538167625,
          0.08589914014099236,
          0.1848995661224628
        ],
        [
          0.07853376872369143,
          0.08597938691015157,
          0.11611569246850852,
          0.02544992160988759,
          0.29584521365825545,
          0.013797841196393263,
          0.3842781754331122
        ],
        [
          0.12447122420453409,
          0.18379644859907018,
          0.16661034551023227,
          0.1076410494005917,
          0.13235744415814132,
          0.17388719184927187,
          0.11123629627815859
        ],
        [
          0.27898669175640434,
          0.0841984589786152,
          0.08256027518302843,
          0.1733601232125893,
          0.14810669937872362,
          0.059010318757495316,
          0.17377743273314375
        ],
        [
          0.1976367374576805,
          0.04393016357780455,
          0.12075999840324518,
          0.13665577507740762,
          0.2004650958388749,
          0.13204913449879635,
          0.1685030951461909
        ],
        [
          0.026730244699565368,
          0.19958804589488105,
          0.1309599285393364,
          0.011920299043097961,
          0.2408885855713556,
          0.23619170851308507,
          0.1537211877386785
        ],
        [
          0.122531155432715,
          0.11374614938838666,
          0.08570119818856407,
          0.17322809115736668,
          0.1855991483089625,
          0.18940693703302053,
          0.12978732049098454
        ],
        [
          0.014523106042815186,
          0.020537964592826582,
          0.17448420163478534,
          0.31741725378882,
          0.02822733350184864,
          0.3459896055405175,
          0.09882053489838674
        ],
        [
          0.2684754739798738,
          0.006574230261102165,
          0.12730530303026982,
          0.29099693993689646,
          0.13191125578891807,
          0.05976265475228302,
          0.11497414225065668
        ],
        [
          0.21890410969965296,
          0.10639939247036352,
          0.29722228676047907,
          0.12440837059567358,
          0.07511542689663271,
          0.020050940951520258,
          0.15789947262567797
        ],
        [
          0.08664571835839585,
          0.06272621081121772,
          0.21106436447668683,
          0.10487538344409957,
          0.25901268890392226,
          0.21016757996856922,
          0.06550805403710863
        ],
        [
          0.18012660044253662,
          0.2728971144395719,
          0.23667273360248617,
          0.12608574304824338,
          0.11478839937697247,
          0.0331588880700422,
          0.03627052102014723
        ],
        [
          0.2142885958709963,
          0.13597252892094827,
          0.00945006124527619,
          0.18352179535114493,
          0.07551855253918573,
          0.17167846817916763,
          0.20956999789328085
        ],
        [
          0.13507608567492663,
          0.18119866020839287,
          0.08353349285890828,
          0.1484988967925372,
          0.20841824601110973,
          0.08658827035095004,
          0.1566863481031753
        ],
        [
          0.10724288897035526,
          0.14984297151328657,
          0.1786314675559609,
          0.2742065798925639,
          0.19298202194256697,
          0.038805207447438234,
          0.058288862677828096
        ],
        [
          0.13426436374273665,
          0.17632397335775588,
          0.18444729147708686,
          0.0980177434007852,
          0.1350674596991273,
          0.08485297509591314,
          0.18702619322659486
        ],
        [
          0.010060825583034552,
          0.16608561113595408,
          0.09791858795615435,
          0.37313483478117226,
          0.2802674133267417,
          0.04793473192393167,
          0.02459799529301142
        ],
        [
          0.017033614782022345,
          0.07259507627890852,
          0.23585992547006143,
          0.18124736858674012,
          0.13228321349370628,
          0.30255104554622436,
          0.058429755842336936
        ],
        [
          0.2301885661836148,
          0.2433853029528249,
          0.05449950805186524,
          0.06136643145639546,
          0.22593219367108824,
          0.035401888723643395,
          0.1492261089605679
        ],
        [
          0.31120500025454906,
          0.07594346077469356,
          0.08534262381271712,
          0.11417158289772245,
          0.2691676307217385,
          0.07749483220463757,
          0.0666748693339417
        ],
        [
          0.30681056875007034,
          0.1256392340614987,
          0.17928636526788005,
          0.07556610065897301,
          0.0972390218272433,
          0.19669568258931133,
          0.01876302684502328
        ],
        [
          0.04212656716639412,
          0.07890539793487766,
          0.03329978881547919,
          0.18996012969717538,
          0.31084079224500755,
          0.12509148142049775,
          0.21977584272056833
        ],
        [
          0.10655174780496646,
          0.27625422541815736,
          0.007545821879048154,
          0.11863227337035026,
          0.23275601952768646,
          0.21817067061484827,
          0.0400892413849431
        ],
        [
          0.19178078358056896,
          0.15878436968440157,
          0.20409033522466097,
          0.019722569999358647,
          0.12761964310085078,
          0.2665223298147147,
          0.031479968595444434
        ],
        [
          0.17145466813253293,
          0.10167754266556621,
          0.13903918688335562,
          0.09713025892233453,
          0.2987465081392279,
          0.10217665451501341,
          0.08977518074196943
        ]
      ],
      "timestamps": [
        0,
        1,
        2,
        3,
        4,
        5,
        6,
        7,
        8,
        9,
        10,
        11,
        12,
        13,
        14,
        15,
        16,
        17,
        18,
        19,
        20,
        21,
        22,
        23,
        24,
        25,
        26,
        27,
        28,
        29
      ],
      "distance": 500.1
    },
    {
      "trip_id": 1,
      "transport_method": "foot",
      "start_time": 30,
      "path": [
        [
          1.5280922999999997,
          42.505191
        ],
        [
          1.5282781253602686,
          42.50544967634302
        ],
        [
          1.5278402858453093,
          42.50554503902037
        ],
        [
          1.5274802649397703,
          42.5055440054958
        ],
        [
          1.5277371240883624,
          42.50568884172913
        ],
        [
          1.527238993776819,
          42.50538979228457
        ],
        [
          1.5265917495138177,
          42.505288814101284
        ],
        [
          1.5260924514977827,
          42.505415020016684
        ],
        [
          1.5266207657543158,
          42.50573366765061
        ],
        [
          1.5272361749083572,
          42.50591781331975
        ],
        [
          1.5274351916825237,
          42.50615226096133
        ],
        [
          1.5274891944519682,
          42.50659300959755
        ],
        [
          1.5271550177658983,
          42.50604448591306
        ],
        [
          1.5268330496898264,
          42.50594073953637
        ],
        [
          1.526931255116234,
          42.50645961729286
        ],
        [
          1.5268137708099367,
          42.50631249845647
        ],
        [
          1.5267647212989564,
          42.50580422257709
        ],
        [
          1.5272794945750143,
          42.50618568299904
        ],
        [
          1.5275712458812534,
          42.506759246879604
        ],
        [
          1.5278609142016717,
          42.50722266802229
        ],
        [
          1.5272079621769896,
          42.50716998611883
        ],
        [
          1.5265550101523073,
          42.507117304215384
        ],
        [
          1.5262009424282643,
          42.50682635602207
        ],
        [
          1.5259015171854549,
          42.50706119267268
        ],
        [
          1.5252492952000087,
          42.50700013359319
        ],
        [
          1.5252655092910046,
          42.50649935615647
        ],
        [
          1.5249838580579231,
          42.50695437574657
        ],
        [
          1.5245074595814379,
          42.50668982976623
        ],
        [
          1.5240463203894028,
          42.50675489765117
        ],
        [
          1.5234070000000004,
          42.50661209999999
        ]
      ],
      "emotions": [
        "red",
        "red",
        "red",
        "red",
        "red",
        "green",
        "green",
        "green",
        "green",
        "green",
        "red",
        "red",
        "red",
        "red",
        "red",
        "purple",
        "purple",
        "purple",
        "purple",
        "purple",
        "green",
        "green",
        "green",
        "green",
        "green",
        "green",
        "green",
        "green",
        "green",
        "green"
      ],
      "mood_vectors": [
        [
          0.08798598608037381,
          0.17643011460218977,
          0.08132686669308085,
          0.15156538556396618,
          0.16309495542593228,
          0.17126316123063803,
          0.1683335304038191
        ],
        [
          0.08532056943036694,
          0.3775520683242499,
          0.01638229563059806,
          0.3154607708247979,
          0.14513554225955305,
          0.057321231001383095,
          0.0028275225290509257
        ],
        [
          0.18531361982554104,
          0.2012926509015448,
          0.07653712391939319,
          0.20392782682368232,
          0.0543502441408988,
          0.08997962854873956,
          0.18859890584020034
        ],
        [
          0.03365344651546096,
          0.2139401702956543,
          0.2768336398803286,
          0.06794543790696456,
          0.18817269933670183,
          0.08106474555260511,
          0.13838986051228472
        ],
        [
          0.0881253034469007,
          0.25478011480739526,
          0.1606612488105702,
          0.08326192309849874,
          0.14929411385718308,
          0.026371954828018056,
          0.23750534115143396
        ],
        [
          0.009381608380078114,
          0.25649200060073074,
          0.1814041341921925,
          0.19421673205035808,
          0.016017381412380117,
          0.15691629396393947,
          0.18557184940032098
        ],
        [
          0.004374454742908541,
          0.07856658445708252,
          0.1335933039652256,
          0.2748248153807862,
          0.19602755593268353,
          0.020559350200496207,
          0.2920539353208174
        ],
        [
          0.018582597225015804,
          0.015117452495160002,
          0.27083659695550427,
          0.2415367047852577,
          0.1154096902327186,
          0.246413091336256,
          0.09210386697008752
        ],
        [
          0.1462927932485502,
          0.13513972224368345,
          0.21727254925791586,
          0.12510814233159703,
          0.17035746613638436,
          0.012396721809534815,
          0.19343260497233433
        ],
        [
          0.10640515789733086,
          0.1675902652820727,
          0.05981543639848843,
          0.16302220894272892,
          0.23021135142178195,
          0.18979274346530106,
          0.0831628365922961
        ],
        [
          0.03716767487248814,
          0.16198529319769203,
          0.02892835998882017,
          0.1774990227516861,
          0.2589906677519632,
          0.06632622698364449,
          0.2691027544537059
        ],
        [
          0.13665879793776892,
          0.1210182300193745,
          0.20738059172299958,
          0.1693703969761869,
          0.06540441407172584,
          0.1819110233242671,
          0.11825654594767716
        ],
        [
          0.04523733070718461,
          0.21633910521077215,
          0.10639094197362457,
          0.10199437389169277,
          0.018729199130202136,
          0.27439378116989527,
          0.23691526791662848
        ],
        [
          0.16804120311073617,
          0.10925267303604567,
          0.24351219612067307,
          0.17034605924201904,
          0.20140332851500267,
          0.05311243346090877,
          0.05433210651461456
        ],
        [
          0.1016840761381556,
          0.1669783041899315,
          0.13619622132304474,
          0.12857487466217818,
          0.16524063318728432,
          0.14730659669336785,
          0.1540192938060378
        ],
        [
          0.15099909128137542,
          0.13219798324792364,
          0.1315775907721548,
          0.13194332987604424,
          0.15765191668359227,
          0.1800941904076357,
          0.11553589773127386
        ],
        [
          0.10826020491872362,
          0.15242296123613866,
          0.10838525815867091,
          0.13619279218533742,
          0.24869982448900982,
          0.19808286429510344,
          0.04795609471701607
        ],
        [
          0.05666846363161081,
          0.11466368078450664,
          0.2312218854590046,
          0.14888343739813809,
          0.06529272828065039,
          0.3349560153326057,
          0.04831378911348371
        ],
        [
          0.13092872372617312,
          0.19215185134458226,
          0.18838736671464162,
          0.2111329550252594,
          0.09029883874660069,
          0.12547961270009886,
          0.061620651742644014
        ],
        [
          0.07671999590981385,
          0.1289022863263175,
          0.1641704419490007,
          0.17347713977355633,
          0.22415973521522042,
          0.015848384532497522,
          0.2167220162935937
        ],
        [
          0.11546513303307174,
          0.14905967528369035,
          0.044332721896524235,
          0.009661063609277126,
          0.3061697541353399,
          0.14068828393305563,
          0.23462336810904097
        ],
        [
          0.016721042094557936,
          0.1141334041796304,
          0.22617437155672576,
          0.10876031752619952,
          0.1562231718828156,
          0.25641783069154916,
          0.12156986206852158
        ],
        [
          0.19437132952083966,
          0.22557038520556738,
          0.20537600423304114,
          0.10127433565727875,
          0.0474026862339458,
          0.11285926107955684,
          0.11314599806977048
        ],
        [
          0.14871852511679254,
          0.22312862563679128,
          0.13668015414434542,
          0.008205678820735541,
          0.04428565204695176,
          0.0522311697568172,
          0.3867501944775662
        ],
        [
          0.12010587757658896,
          0.10230083587829641,
          0.29713858574900653,
          0.0087427768606708,
          0.09390582560875982,
          0.3704118497445522,
          0.0073942485821252716
        ],
        [
          0.16856937517785742,
          0.2175895755779745,
          0.08175356215917716,
          0.15950900430310386,
          0.038005570225931755,
          0.13499964362673922,
          0.199573268929216
        ],
        [
          0.08078651135073611,
          0.21469402755487682,
          0.008227827439642283,
          0.27706266615956293,
          0.15293966880221063,
          0.02143998792830664,
          0.24484931076466462
        ],
        [
          0.25148004153440034,
          0.1401553044790515,
          0.24496982151914354,
          0.10855188168051585,
          0.10511981348165018,
          0.04488465920690525,
          0.10483847809833337
        ],
        [
          0.17958528604371427,
          0.14102210616316027,
          0.2010867105694962,
          0.25139140589341924,
          0.03823631174496622,
          0.17234998845815705,
          0.016328191127086788
        ],
        [
          0.1900800994955179,
          0.05018902970220365,
          0.16594110748649035,
          0.2564920607144263,
          0.1227096344427027,
          0.13320793917119642,
          0.08138012898746255
        ]
      ],
      "timestamps": [
        30,
        31,
        32,
        33,
        34,
        35,
        36,
        37,
        38,
        39,
        40,
        41,
        42,
        43,
        44,
        45,
        46,
        47,
        48,
        49,
        50,
        51,
        52,
        53,
        54,
        55,
        56,
        57,
        58,
        59
      ],
      "distance": 559.9
    },
    {
      "trip_id": 2,
      "transport_method": "bicycle",
      "start_time": 60,
      "path": [
        [
          1.5234070000000004,
          42.50661209999999
        ],
        [
          1.5238134975640256,
          42.50674780551504
        ],
        [
          1.5242724992180363,
          42.50680206185635
        ],
        [
          1.524528711166625,
          42.50642243928741
        ],
        [
          1.5245723227876669,
          42.50631937955962
        ],
        [
          1.5243671114016575,
          42.50674084204883
        ],
        [
          1.5239240963666887,
          42.50672759787527
        ],
        [
          1.5234625206637498,
          42.50662450101286
        ],
        [
          1.523579643178155,
          42.50623354912493
        ],
        [
          1.5237758921804412,
          42.505803238281835
        ],
        [
          1.5240154335542822,
          42.5054178662632
        ],
        [
          1.523820287370964,
          42.50570589393032
        ],
        [
          1.5236240383686777,
          42.50613620477341
        ],
        [
          1.5234277893663914,
          42.506566515616505
        ],
        [
          1.5230028843881929,
          42.506487743913056
        ],
        [
          1.5225471583356163,
          42.50636466449597
        ],
        [
          1.522078761922,
          42.50629919776936
        ],
        [
          1.5217636840401867,
          42.50601239969789
        ],
        [
          1.5218807927032374,
          42.50555417851372
        ],
        [
          1.522001743586671,
          42.50509695786036
        ],
        [
          1.5222800514338015,
          42.50473728641424
        ],
        [
          1.5224897674607203,
          42.50457240075789
        ],
        [
          1.5229591774199063,
          42.504630153361006
        ],
        [
          1.5234262252680244,
          42.50470280977336
        ],
        [
          1.5238904419020867,
          42.50479327528746
        ],
        [
          1.523687323671726,
          42.50469525939362
        ],
        [
          1.5232236,
          42.5046023
        ]
      ],
      "emotions": [
        "red",
        "red",
        "red",
        "red",
        "red",
        "red",
        "red",
        "red",
        "red",
        "red",
        "green",
        "green",
        "green",
        "green",
        "green",
        "green",
        "green",
        "green",
        "green",
        "green",
        "purple",
        "purple",
        "purple",
        "purple",
        "purple",
        "purple",
        "purple"
      ],
      "mood_vectors": [
        [
          0.008270321653958931,
          0.3215552650123681,
          0.39606803565608284,
          0.11935894842462304,
          0.021880281418614363,
          0.0819194324780438,
          0.05094771535630895
        ],
        [
          0.18928481029406086,
          0.18225118208184854,
          0.0600949443167127,
          0.1392915989488137,
          0.13706868478459394,
          0.17083351912669797,
          0.12117526044727232
        ],
        [
          0.2405771943753897,
          0.0007615399034415506,
          0.18432419359433666,
          0.15036298847957164,
          0.1075623251816119,
          0.09005191273894025,
          0.22635984572670828
        ],
        [
          0.14598957182473288,
          0.20097139938354325,
          0.05435739051889429,
          0.1038034486276957,
          0.2261766874536828,
          0.17839596390690407,
          0.09030553828454708
        ],
        [
          0.06851937142583425,
          0.14820748816300092,
          0.16263313574760746,
          0.10844134826195685,
          0.12276152928844464,
          0.19890766077119265,
          0.1905294663419633
        ],
        [
          0.21507784820980289,
          0.23061448834571133,
          0.24836373016139074,
          0.0791851623896658,
          0.041763095348837646,
          0.0820231787331259,
          0.10297249681146575
        ],
        [
          0.005319289462754681,
          0.16482169006180628,
          0.06997554283693339,
          0.15055591975024998,
          0.231213467584193,
          0.1264863379065276,
          0.25162775239753504
        ],
        [
          0.05100482085259564,
          0.00924013331464603,
          0.38278738974880416,
          0.046516522993318654,
          0.20013121690121743,
          0.164364746340338,
          0.14595516984908014
        ],
        [
          0.20631131933674926,
          0.05079464334861283,
          0.022996217283724595,
          0.1698468541508226,
          0.2684847203689339,
          0.0021580486704036966,
          0.27940819684075313
        ],
        [
          0.1657050232563453,
          0.1441172687150093,
          0.03598781546395275,
          0.11743546844446168,
          0.15616187387242172,
          0.12535482939506803,
          0.25523772085274116
        ],
        [
          0.2263826454447698,
          0.18548055422479762,
          0.007079223579162261,
          0.073231973300835,
          0.18659727170322102,
          0.12918148413243158,
          0.1920468476147827
        ],
        [
          0.1989147504133646,
          0.06276818212378997,
          0.3526607878862164,
          0.19859529712541094,
          0.012596465631626242,
          0.10823843007867215,
          0.06622608674091965
        ],
        [
          0.1318766671314058,
          0.03423811458526892,
          0.2195137475359468,
          0.015448989840588834,
          0.2943450288893346,
          0.03330679328051597,
          0.271270658736939
        ],
        [
          0.1553176675582235,
          0.12402800904434358,
          0.1674756206623746,
          0.0536108170696408,
          0.18339366856040243,
          0.2137401339785422,
          0.10243408312647308
        ],
        [
          0.06644830695016743,
          0.06992318809172701,
          0.2760943064168404,
          0.017255399005521782,
          0.2331016704206955,
          0.22541466866374602,
          0.11176246045130188
        ],
        [
          0.1257806881380027,
          0.19224677229615011,
          0.13164323252164128,
          0.11461226977309937,
          0.20964788402543238,
          0.050325689515322194,
          0.17574346373035196
        ],
        [
          0.12426997184000343,
          0.26446635557442366,
          0.13543755652483527,
          0.16120263162431211,
          0.12894847230683404,
          0.10473485071829426,
          0.08094016141129713
        ],
        [
          0.17739270506146773,
          0.23367653674973654,
          0.0554146823826028,
          0.12043332589564967,
          0.05789853479752623,
          0.06714242657295,
          0.28804178854006696
        ],
        [
          0.18647225348557575,
          0.05941869467138906,
          0.18365230942674293,
          0.14822599737659523,
          0.18736618920884845,
          0.14552505953406122,
          0.0893394962967874
        ],
        [
          0.27436741695137906,
          0.10338082912503288,
          0.1998742918612447,
          0.015048509524538699,
          0.06396041404302556,
          0.21425813190964982,
          0.1291104065851293
        ],
        [
          0.03544186835150862,
          0.10407220013588411,
          0.015678138282298776,
          0.2827099052276743,
          0.20628289302120958,
          0.040479475210173914,
          0.3153355197712507
        ],
        [
          0.13425310674980082,
          0.13259313205315257,
          0.04292995905236544,
          0.04884325890752513,
          0.21778666602777924,
          0.19121172477503456,
          0.2323821524343423
        ],
        [
          0.2558933040887792,
          0.04519416359271187,
          0.058540723418711194,
          0.15427675605120453,
          0.1366689868571013,
          0.2779011708121195,
          0.07152489517937233
        ],
        [
          0.0823019534224478,
          0.03236871599850229,
          0.16132608021256908,
          0.19179920148156882,
          0.13861185020135058,
          0.15692269854268234,
          0.2366695001408791
        ],
        [
          0.21752807668276292,
          0.13130445594963847,
          0.2668154032577327,
          0.10938839734329321,
          0.19415033728147388,
          0.023363347636152058,
          0.0574499818489468
        ],
        [
          0.07151852411598826,
          0.20111907897086992,
          0.19723328770248802,
          0.053117033452196115,
          0.19223567834457592,
          0.20726679036558773,
          0.07750960704829406
        ],
        [
          0.20820951783297637,
          0.13585599887285,
          0.20856199956172677,
          0.08983460652344655,
          0.22932371726101125,
          0.07582930363749037,
          0.05238485631049864
        ]
      ],
      "timestamps": [
        60,
        61,
        62,
        63,
        64,
        65,
        66,
        67,
        68,
        69,
        70,
        71,
        72,
        73,
        74,
        75,
        76,
        77,
        78,
        79,
        80,
        81,
        82,
        83,
        84,
        85,
        86
      ],
      "distance": 285.4
    },
    {
      "trip_id": 3,
      "transport_method": "foot",
      "start_time": 87,
      "path": [
        [
          1.5240013000000001,
          42.5047582
        ],
        [
          1.5245449826158601,
          42.5048371621047
        ],
        [
          1.5250904231199103,
          42.504905293061775
        ],
        [
          1.5254672298928742,
          42.50470623159914
        ],
        [
          1.5260075006902625,
          42.50480749677707
        ],
        [
          1.5265404795395594,
          42.504939161883165
        ],
        [
          1.5268253610110882,
          42.50517347425926
        ],
        [
          1.5273444238427076,
          42.5051883379206
        ],
        [
          1.527893773405232,
          42.505194168007655
        ],
        [
          1.5282936652189005,
          42.50541491853373
        ],
        [
          1.5279802353427363,
          42.50558614778125
        ],
        [
          1.5274528382386716,
          42.50543123017284
        ],
        [
          1.5269375000000003,
          42.5054942
        ]
      ],
      "emotions": [
        "purple",
        "purple",
        "purple",
        "purple",
        "purple",
        "purple",
        "purple",
        "purple",
        "purple",
        "purple",
        "purple",
        "purple",
        "purple"
      ],
      "mood_vectors": [
        [
          0.18446926645542852,
          0.12348700174033395,
          0.1557384730252309,
          0.2678445080137646,
          0.11956851206337846,
          0.10135992728393381,
          0.04753231141792982
        ],
        [
          0.08340564220846264,
          0.07681939239388035,
          0.19128202918876083,
          0.11942533626603558,
          0.16158600657028968,
          0.15312749754589877,
          0.2143540958266722
        ],
        [
          0.31365863160685414,
          0.09201435453938285,
          0.013757942220936993,
          0.15908907182314044,
          0.22579211929087392,
          0.18799092065926742,
          0.00769695985954422
        ],
        [
          0.10063315293781616,
          0.1253905825671981,
          0.15917262546502378,
          0.13923089818274703,
          0.10114908238376356,
          0.23202122219971685,
          0.14240243626373453
        ],
        [
          0.01062293107029312,
          0.17026764100158934,
          0.20818194002540136,
          0.1823582196893602,
          0.0900740238107758,
          0.1598222706320162,
          0.178672973770564
        ],
        [
          0.07588745362428369,
          0.1862781745350837,
          0.11615918869483687,
          0.16107618630490808,
          0.18116744562458695,
          0.052936308860591065,
          0.22649524235570961
        ],
        [
          0.020513164115251125,
          0.19926443898525487,
          0.264285261253917,
          0.23930418934226375,
          0.01604647004593432,
          0.03804438999179013,
          0.2225420862655888
        ],
        [
          0.15776619297688357,
          0.03272227433329143,
          0.23866961174898516,
          0.03616440203295994,
          0.07897635248126653,
          0.25296490038290753,
          0.20273626604370582
        ],
        [
          0.1767007491505318,
          0.003381571930643485,
          0.16916130348163813,
          0.24626012629131475,
          0.25250399356972697,
          0.10148246108171566,
          0.05050979449442928
        ],
        [
          0.2329463935686649,
          0.17059495416574563,
          0.15521771933483314,
          0.22917638871732054,
          0.08011945133819874,
          0.06547520709119432,
          0.06646988578404271
        ],
        [
          0.22483407681288392,
          0.1772411059900246,
          0.19318873450702917,
          0.2188890811056725,
          0.08477259718449932,
          0.057365546655833904,
          0.04370885774405657
        ],
        [
          0.11064198350907578,
          0.1620248579217393,
          0.19192557983711794,
          0.21047010133747926,
          0.08375386451123495,
          0.08439630186956962,
          0.15678731101378315
        ],
        [
          0.24542179266316588,
          0.13787420618655216,
          0.13142567413310932,
          0.16473448169686603,
          0.04651745733773898,
          0.19724931676552449,
          0.0767770712170431
        ]
      ],
      "timestamps": [
        87,
        88,
        89,
        90,
        91,
        92,
        93,
        94,
        95,
        96,
        97,
        98,
        99
      ],
      "distance": 918
    }
  ],
  "conversation": [
    "The fog makes everything feel like a dream.",
    "Should I check out that bookstore or that bakery?",
    "Is that a new mural?"
  ],
  "conversation_timestamps": [
    62,
    83,
    94
  ]
}
