{"agent_id": "agent-blue-1645", "type": "blue", "trips": [{"trip_id": 0, "transport_method": "car", "start_time": 0, "path": [[1.5448652, 42.5093236], [1.5447365, 42.5093182], [1.5446078, 42.5093128], [1.5444792, 42.5093074], [1.5443505, 42.509302], [1.5442218, 42.5092966], [1.5440988, 42.5092612], [1.5439773, 42.5092185], [1.5438558, 42.5091758], [1.5437373, 42.5091264], [1.5436239, 42.5090665], [1.5434989, 42.5090354], [1.5433729, 42.5090089], [1.5432457, 42.508989], [1.5431183, 42.50897], [1.5429909, 42.5089509], [1.5428635, 42.5089319], [1.5427384, 42.5089026], [1.542614, 42.5088756], [1.5424854, 42.5088828], [1.5423568, 42.50889], [1.542228, 42.5088935], [1.5421001, 42.5088956], [1.5419716, 42.5088869], [1.5418596, 42.5089293], [1.5417608, 42.5090118], [1.5416619, 42.5090943], [1.541542, 42.5091287], [1.5414143, 42.5091455], [1.5412869, 42.5091643], [1.541161, 42.5091907], [1.5410374, 42.5092269], [1.5409138, 42.5092631], [1.5408012, 42.5093196], [1.5407238, 42.5094225], [1.5406209, 42.5094913], [1.5405, 42.5095358], [1.5403792, 42.5095804], [1.5402583, 42.5096249], [1.5401502, 42.5096904], [1.5400548, 42.5097769], [1.5399615, 42.5098643], [1.5398478, 42.5099244], [1.5397317, 42.5099803], [1.5396143, 42.5100332], [1.5394947, 42.5100808], [1.5393704, 42.510113], [1.5392588, 42.5101675], [1.5391551, 42.5102439], [1.539049, 42.5102519], [1.5389401, 42.5101831], [1.5388312, 42.5101143], [1.5387166, 42.5100643], [1.5385879, 42.5100609], [1.5384591, 42.5100574], [1.5383304, 42.5100539], [1.5382016, 42.5100504], [1.5380728, 42.5100469], [1.5379441, 42.5100435], [1.5378153, 42.5100402], [1.5376866, 42.5100372], [1.5375578, 42.5100341], [1.5374292, 42.5100277], [1.5373005, 42.5100234], [1.5371718, 42.5100275], [1.5370431, 42.5100317], [1.5369143, 42.5100358], [1.5367856, 42.5100399], [1.5366569, 42.5100441], [1.5365322, 42.510015], [1.5364083, 42.5099797], [1.5362822, 42.5099579], [1.5361536, 42.5099506], [1.536025, 42.5099432], [1.5358964, 42.5099359], [1.5357678, 42.5099285], [1.5356392, 42.5099212], [1.5355106, 42.5099138], [1.5353821, 42.5099054], [1.535254, 42.5098922]], "mood_vectors": [[0.0181, 0.1003, 0.033, 0.7186, 0.0488, 0.0454, 0.0358], [0.0688, 0.0459, 0.0628, 0.7128, 0.0319, 0.0196, 0.0581], [0.0507, 0.0247, 0.0647, 0.7403, 0.0668, 0.0334, 0.0193], [0.0751, 0.0701, 0.0812, 0.6669, 0.0281, 0.0355, 0.0432], [0.0335, 0.0605, 0.0616, 0.7014, 0.079, 0.0176, 0.0464], [0.0359, 0.0369, 0.0435, 0.7563, 0.0223, 0.0835, 0.0216], [0.0589, 0.0212, 0.08, 0.6938, 0.0694, 0.0233, 0.0533], [0.0715, 0.0716, 0.0587, 0.6865, 0.0358, 0.0615, 0.0144], [0.051, 0.0679, 0.0675, 0.6659, 0.0234, 0.0585, 0.0658], [0.055, 0.0639, 0.0805, 0.6066, 0.0674, 0.0349, 0.0917], [0.0312, 0.0708, 0.0474, 0.6773, 0.0741, 0.0797, 0.0195], [0.0372, 0.0539, 0.073, 0.6766, 0.025, 0.0737, 0.0607], [0.0735, 0.0951, 0.0435, 0.6358, 0.0758, 0.0518, 0.0244], [0.0154, 0.0827, 0.0136, 0.7949, 0.0275, 0.0471, 0.0187], [0.0287, 0.0632, 0.0876, 0.6913, 0.0472, 0.0496, 0.0326], [0.0621, 0.0154, 0.0632, 0.6665, 0.0709, 0.0537, 0.0682], [0.068, 0.0521, 0.0405, 0.6574, 0.063, 0.0804, 0.0387], [0.0214, 0.0671, 0.0577, 0.7275, 0.0487, 0.0326, 0.045], [0.0391, 0.0789, 0.0371, 0.6595, 0.0569, 0.0453, 0.0831], [0.0457, 0.0148, 0.075, 0.715, 0.0707, 0.0261, 0.0526], [0.0354, 0.023, 0.0615, 0.7358, 0.0584, 0.0524, 0.0336], [0.0839, 0.0605, 0.021, 0.6259, 0.087, 0.0768, 0.0449], [0.0339, 0.0142, 0.087, 0.7324, 0.0368, 0.0277, 0.0681], [0.0508, 0.0731, 0.0743, 0.691, 0.0376, 0.0124, 0.0607], [0.0393, 0.0713, 0.0394, 0.7117, 0.0712, 0.0198, 0.0473], [0.0135, 0.0756, 0.0583, 0.749, 0.0175, 0.0412, 0.0449], [0.0633, 0.089, 0.0692, 0.6015, 0.0269, 0.088, 0.0621], [0.077, 0.0792, 0.0429, 0.594, 0.0655, 0.0847, 0.0568], [0.0194, 0.0141, 0.0589, 0.6887, 0.0834, 0.0569, 0.0786], [0.034, 0.0192, 0.0177, 0.7507, 0.0382, 0.0525, 0.0876], [0.0202, 0.0141, 0.0321, 0.8171, 0.0236, 0.0416, 0.0512], [0.065, 0.0756, 0.068, 0.6713, 0.0692, 0.0204, 0.0305], [0.0235, 0.0338, 0.0837, 0.6447, 0.0284, 0.0922, 0.0938], [0.0252, 0.03, 0.0838, 0.7655, 0.0474, 0.0306, 0.0174], [0.0878, 0.0289, 0.0845, 0.6723, 0.0479, 0.0507, 0.028], [0.0693, 0.0736, 0.0121, 0.6819, 0.0368, 0.0448, 0.0815], [0.069, 0.0436, 0.0269, 0.6949, 0.0247, 0.0545, 0.0863], [0.0643, 0.0237, 0.0166, 0.7449, 0.047, 0.0222, 0.0813], [0.0197, 0.0295, 0.0806, 0.7276, 0.0544, 0.062, 0.0262], [0.0293, 0.0533, 0.057, 0.7229, 0.0413, 0.0532, 0.0431], [0.0212, 0.0346, 0.0432, 0.8012, 0.0122, 0.0581, 0.0297], [0.0541, 0.0841, 0.0149, 0.7598, 0.0372, 0.0329, 0.0169], [0.0138, 0.0904, 0.0351, 0.7537, 0.0653, 0.0143, 0.0275], [0.036, 0.0131, 0.023, 0.7646, 0.0653, 0.0438, 0.0542], [0.0227, 0.0732, 0.0266, 0.6597, 0.0673, 0.0708, 0.0796], [0.0302, 0.04, 0.0586, 0.7633, 0.0365, 0.0478, 0.0237], [0.0364, 0.0318, 0.0444, 0.7529, 0.0609, 0.0351, 0.0384], [0.0414, 0.0856, 0.0783, 0.6553, 0.0408, 0.0248, 0.0738], [0.0719, 0.0539, 0.043, 0.7248, 0.0288, 0.035, 0.0425], [0.0613, 0.0435, 0.0274, 0.7094, 0.0366, 0.0573, 0.0646], [0.0452, 0.0541, 0.0194, 0.7839, 0.0533, 0.019, 0.025], [0.0847, 0.0497, 0.0277, 0.7064, 0.0315, 0.0181, 0.0819], [0.0184, 0.034, 0.0128, 0.7399, 0.0767, 0.0502, 0.068], [0.0567, 0.0175, 0.0432, 0.717, 0.0675, 0.0322, 0.0659], [0.0701, 0.0215, 0.0616, 0.6728, 0.0703, 0.0723, 0.0313], [0.0538, 0.0749, 0.0855, 0.6024, 0.0629, 0.0634, 0.0571], [0.0287, 0.0699, 0.07, 0.6587, 0.0235, 0.0835, 0.0656], [0.0411, 0.0373, 0.0833, 0.7096, 0.0167, 0.0269, 0.0851], [0.0221, 0.0566, 0.0622, 0.6757, 0.0942, 0.0198, 0.0695], [0.0721, 0.0568, 0.0233, 0.6773, 0.064, 0.0545, 0.0519], [0.0234, 0.0464, 0.0524, 0.7061, 0.0515, 0.0728, 0.0473], [0.0377, 0.0275, 0.0405, 0.7608, 0.0387, 0.0305, 0.0644], [0.0503, 0.0796, 0.0312, 0.7401, 0.022, 0.0534, 0.0235], [0.0607, 0.0196, 0.0368, 0.7082, 0.0511, 0.0663, 0.0574], [0.0744, 0.0849, 0.0299, 0.6402, 0.0843, 0.0243, 0.0621], [0.0147, 0.0326, 0.0247, 0.7854, 0.0519, 0.0652, 0.0255], [0.0509, 0.0419, 0.0193, 0.695, 0.0632, 0.0674, 0.0622], [0.0354, 0.0462, 0.0416, 0.698, 0.0697, 0.0414, 0.0676], [0.0228, 0.0395, 0.0512, 0.7305, 0.0494, 0.0613, 0.0453], [0.0741, 0.0224, 0.0594, 0.7154, 0.0471, 0.0329, 0.0486], [0.0722, 0.0283, 0.0242, 0.6918, 0.061, 0.0682, 0.0544], [0.042, 0.0674, 0.056, 0.7249, 0.0365, 0.0186, 0.0547], [0.0383, 0.0621, 0.0615, 0.6858, 0.0371, 0.0527, 0.0624], [0.0387, 0.0168, 0.073, 0.6842, 0.0737, 0.0711, 0.0425], [0.0753, 0.0684, 0.0821, 0.6311, 0.0361, 0.0622, 0.0448], [0.0664, 0.0351, 0.0296, 0.7383, 0.0467, 0.042, 0.042], [0.0483, 0.0461, 0.0652, 0.645, 0.0711, 0.074, 0.0504], [0.0561, 0.0389, 0.0515, 0.6843, 0.0426, 0.0655, 0.061], [0.0433, 0.0803, 0.0388, 0.7131, 0.0797, 0.0246, 0.0201], [0.0313, 0.0455, 0.0487, 0.7342, 0.0605, 0.0644, 0.0154]], "emotions": ["green", "green", "green", "green", "green", "green", "green", "green", "green", "green", "green", "green", "green", "green", "green", "green", "green", "green", "green", "green", "green", "green", "green", "green", "green", "green", "green", "green", "green", "green", "green", "green", "green", "green", "green", "green", "green", "green", "green", "green", "green", "green", "green", "green", "green", "green", "green", "green", "green", "green", "green", "green", "green", "green", "green", "green", "green", "green", "green", "green", "green", "green", "green", "green", "green", "green", "green", "green", "green", "green", "green", "green", "green", "green", "green", "green", "green", "green", "green", "green"], "timestamps": [0, 40, 80, 120, 160, 200, 240, 280, 320, 360, 400, 440, 480, 520, 560, 600, 640, 680, 720, 760, 800, 840, 880, 920, 960, 1000, 1040, 1080, 1120, 1160, 1200, 1240, 1280, 1320, 1360, 1400, 1440, 1480, 1520, 1560, 1600, 1640, 1680, 1720, 1760, 1800, 1840, 1880, 1920, 1960, 2000, 2040, 2080, 2120, 2160, 2200, 2240, 2280, 2320, 2360, 2400, 2440, 2480, 2520, 2560, 2600, 2640, 2680, 2720, 2760, 2800, 2840, 2880, 2920, 2960, 3000, 3040, 3080, 3120, 3160]}], "conversation": [], "conversation_timestamps": []}