{"agent_id": "agent-orange-313", "type": "orange", "trips": [{"trip_id": 0, "transport_method": "car", "start_time": 0, "path": [[1.5249505, 42.5337456], [1.5245727, 42.5331856], [1.5240444, 42.5330002], [1.5237996, 42.5324762], [1.5234151, 42.532413], [1.5231713, 42.5329663], [1.5226555, 42.5333669], [1.5226317, 42.5330198], [1.5224519, 42.5324456], [1.5219494, 42.532861], [1.52139, 42.533061], [1.5213476, 42.532535], [1.521006, 42.5319175], [1.5210084, 42.5312701], [1.5213277, 42.5306934], [1.521355, 42.5301093], [1.5218566, 42.5296216], [1.52171, 42.5291573], [1.5212975, 42.5286249], [1.5210207, 42.5280313], [1.5206238, 42.52746], [1.5206799, 42.5267563], [1.5207373, 42.5260522], [1.5207858, 42.5257786], [1.5206459, 42.5264576], [1.5205803, 42.5271388], [1.5206463, 42.5270786], [1.52069, 42.5263735], [1.5207337, 42.5256683], [1.5206685, 42.5249736], [1.5208167, 42.5243118], [1.5212249, 42.5237368], [1.5216638, 42.5231853], [1.5219008, 42.522522], [1.5223339, 42.521972], [1.5229176, 42.5215756], [1.5233685, 42.5210452], [1.5236006, 42.5203778], [1.5238326, 42.5197105], [1.5237486, 42.5202176], [1.5234578, 42.5208613], [1.5235135, 42.5206875], [1.5237746, 42.520031], [1.5240357, 42.5193745], [1.5243193, 42.5187344], [1.5249113, 42.518399], [1.5254539, 42.5179478], [1.5259413, 42.5174415], [1.5265319, 42.5170993], [1.5271672, 42.5168387], [1.5277756, 42.5165081], [1.5284205, 42.5162287], [1.5289313, 42.5157521], [1.5293726, 42.5152052], [1.5298715, 42.5147292], [1.5303797, 42.5142463], [1.5303036, 42.5135776], [1.5305361, 42.5129252], [1.5309368, 42.5123433], [1.5306992, 42.5117712], [1.5300305, 42.5115532], [1.5295773, 42.5110344], [1.5295783, 42.5104908], [1.5291375, 42.5099607], [1.5286279, 42.5094713], [1.5288176, 42.5096852], [1.5293189, 42.5101574], [1.5289448, 42.5097811], [1.5284322, 42.509295], [1.5279066, 42.5088243], [1.5272715, 42.5085299], [1.5265663, 42.5084991], [1.5258791, 42.5083381], [1.5252906, 42.5080294], [1.5246098, 42.5078416], [1.5239093, 42.5077758], [1.5232099, 42.5077658], [1.5225508, 42.5075305], [1.5218818, 42.5074538], [1.5223067, 42.5075415]], "mood_vectors": [[0.0564, 0.0338, 0.0303, 0.055, 0.74, 0.0723, 0.0122], [0.0249, 0.0701, 0.0227, 0.0741, 0.6945, 0.062, 0.0517], [0.0571, 0.0385, 0.0137, 0.0501, 0.7236, 0.0462, 0.0707], [0.0176, 0.0342, 0.0367, 0.0719, 0.7763, 0.0368, 0.0266], [0.0645, 0.0665, 0.0664, 0.0525, 0.637, 0.0572, 0.0559], [0.0763, 0.0353, 0.0287, 0.084, 0.6651, 0.0321, 0.0785], [0.0306, 0.0735, 0.0182, 0.0519, 0.7455, 0.0512, 0.0291], [0.0266, 0.0272, 0.0301, 0.0393, 0.7584, 0.0366, 0.0819], [0.0709, 0.0491, 0.0744, 0.0157, 0.7182, 0.0173, 0.0543], [0.0832, 0.0851, 0.0372, 0.0622, 0.6139, 0.0457, 0.0727], [0.0226, 0.0184, 0.0402, 0.0407, 0.7731, 0.0771, 0.0279], [0.0597, 0.0293, 0.069, 0.0326, 0.7074, 0.0717, 0.0302], [0.0713, 0.0781, 0.0316, 0.0744, 0.6352, 0.0614, 0.0481], [0.0806, 0.0505, 0.0191, 0.0807, 0.6494, 0.0649, 0.0548], [0.0581, 0.0613, 0.0306, 0.0844, 0.6889, 0.0393, 0.0373], [0.0518, 0.0851, 0.08, 0.0356, 0.6496, 0.0797, 0.0183], [0.0769, 0.0444, 0.0621, 0.0283, 0.6863, 0.0335, 0.0685], [0.0616, 0.027, 0.0337, 0.0831, 0.6866, 0.0364, 0.0716], [0.0375, 0.0381, 0.0546, 0.0591, 0.6849, 0.0697, 0.0561], [0.0338, 0.0913, 0.066, 0.0607, 0.6041, 0.0844, 0.0597], [0.0306, 0.0561, 0.0246, 0.0268, 0.7322, 0.0636, 0.0661], [0.0559, 0.0944, 0.0419, 0.0779, 0.6738, 0.0243, 0.0318], [0.0874, 0.0271, 0.0275, 0.0281, 0.7833, 0.0243, 0.0223], [0.0425, 0.0457, 0.0162, 0.066, 0.7581, 0.039, 0.0325], [0.0625, 0.0523, 0.0354, 0.0607, 0.6659, 0.0796, 0.0436], [0.0698, 0.0617, 0.0656, 0.0545, 0.6385, 0.0513, 0.0585], [0.0859, 0.0813, 0.0777, 0.0276, 0.6606, 0.037, 0.0299], [0.0216, 0.0328, 0.0151, 0.0802, 0.7983, 0.0368, 0.0153], [0.0547, 0.0664, 0.0887, 0.0568, 0.6515, 0.0539, 0.0279], [0.091, 0.0409, 0.0823, 0.0406, 0.6579, 0.0687, 0.0185], [0.0377, 0.0554, 0.035, 0.0206, 0.7827, 0.0187, 0.05], [0.0589, 0.0485, 0.0219, 0.0378, 0.7269, 0.0827, 0.0232], [0.0809, 0.027, 0.0875, 0.083, 0.6268, 0.0131, 0.0818], [0.0705, 0.0341, 0.0504, 0.0597, 0.7125, 0.0171, 0.0557], [0.0367, 0.0642, 0.0665, 0.0744, 0.6222, 0.0599, 0.0761], [0.0355, 0.0333, 0.0697, 0.0628, 0.6509, 0.0732, 0.0747], [0.0644, 0.0662, 0.0829, 0.0324, 0.659, 0.0671, 0.0281], [0.0755, 0.0182, 0.0129, 0.0829, 0.6951, 0.0748, 0.0405], [0.0681, 0.0365, 0.0753, 0.018, 0.6953, 0.034, 0.0728], [0.0435, 0.0437, 0.0626, 0.0596, 0.6777, 0.0737, 0.0392], [0.0302, 0.0194, 0.04, 0.0836, 0.7597, 0.0433, 0.0237], [0.0431, 0.0168, 0.0514, 0.0337, 0.7321, 0.0819, 0.0411], [0.0555, 0.0658, 0.0525, 0.0152, 0.6874, 0.0452, 0.0785], [0.0377, 0.0696, 0.0538, 0.071, 0.6677, 0.0597, 0.0405], [0.0596, 0.0541, 0.0107, 0.0458, 0.7166, 0.0524, 0.0607], [0.0397, 0.0741, 0.0287, 0.0869, 0.6771, 0.0212, 0.0723], [0.0594, 0.0748, 0.0718, 0.0604, 0.6683, 0.0228, 0.0425], [0.0423, 0.0385, 0.0536, 0.0729, 0.6499, 0.0582, 0.0846], [0.0619, 0.0781, 0.0656, 0.0441, 0.6999, 0.0203, 0.0301], [0.0543, 0.0475, 0.0564, 0.0512, 0.6805, 0.0558, 0.0543], [0.0415, 0.0879, 0.06, 0.0325, 0.7216, 0.0175, 0.0389], [0.0584, 0.0568, 0.0242, 0.0708, 0.719, 0.0261, 0.0447], [0.0712, 0.0274, 0.0246, 0.0135, 0.7976, 0.0385, 0.0272], [0.0907, 0.0662, 0.0463, 0.0457, 0.5935, 0.0898, 0.0678], [0.0174, 0.0734, 0.0136, 0.0458, 0.6974, 0.0723, 0.08], [0.0207, 0.0256, 0.0406, 0.0364, 0.7506, 0.0886, 0.0374], [0.0294, 0.0718, 0.0524, 0.0993, 0.6841, 0.0315, 0.0314], [0.0772, 0.0578, 0.0214, 0.0497, 0.7411, 0.0394, 0.0134], [0.0204, 0.0473, 0.0772, 0.0476, 0.6992, 0.0811, 0.0271], [0.0197, 0.0556, 0.0129, 0.039, 0.7691, 0.0804, 0.0233], [0.0133, 0.0151, 0.0175, 0.0208, 0.8428, 0.0499, 0.0406], [0.0525, 0.0257, 0.0943, 0.1007, 0.6794, 0.0165, 0.0308], [0.0211, 0.0407, 0.0672, 0.084, 0.7525, 0.0197, 0.0147], [0.0225, 0.0862, 0.0508, 0.0248, 0.7174, 0.0604, 0.0379], [0.044, 0.0836, 0.087, 0.0139, 0.6192, 0.0903, 0.0621], [0.0114, 0.0737, 0.0774, 0.0499, 0.6727, 0.0722, 0.0428], [0.0168, 0.0405, 0.0305, 0.073, 0.7392, 0.0373, 0.0627], [0.0143, 0.0623, 0.0645, 0.0575, 0.7117, 0.0123, 0.0774], [0.018, 0.0518, 0.0467, 0.0736, 0.743, 0.0311, 0.0358], [0.0254, 0.0794, 0.077, 0.0129, 0.7051, 0.0683, 0.032], [0.0795, 0.0915, 0.064, 0.038, 0.6779, 0.0216, 0.0275], [0.0194, 0.0257, 0.0651, 0.068, 0.6931, 0.0637, 0.0649], [0.0344, 0.018, 0.0877, 0.0755, 0.6811, 0.0451, 0.0582], [0.0663, 0.0672, 0.0681, 0.0485, 0.692, 0.0168, 0.0411], [0.0221, 0.0771, 0.0767, 0.0448, 0.6506, 0.0536, 0.0751], [0.0415, 0.0651, 0.0613, 0.0109, 0.7089, 0.0676, 0.0447], [0.0728, 0.0792, 0.0793, 0.02, 0.6931, 0.0247, 0.0309], [0.0694, 0.0697, 0.0312, 0.0278, 0.6908, 0.0852, 0.0259], [0.0839, 0.0238, 0.0613, 0.0657, 0.6661, 0.0224, 0.0767], [0.022, 0.0298, 0.0842, 0.0825, 0.693, 0.0581, 0.0305]], "emotions": ["red", "red", "red", "red", "red", "red", "red", "red", "red", "red", "red", "red", "red", "red", "red", "red", "red", "red", "red", "red", "red", "red", "red", "red", "red", "red", "red", "red", "red", "red", "red", "red", "red", "red", "red", "red", "red", "red", "red", "red", "red", "red", "red", "red", "red", "red", "red", "red", "red", "red", "red", "red", "red", "red", "red", "red", "red", "red", "red", "red", "red", "red", "red", "red", "red", "red", "red", "red", "red", "red", "red", "red", "red", "red", "red", "red", "red", "red", "red", "red"], "timestamps": [0, 40, 80, 120, 160, 200, 240, 280, 320, 360, 400, 440, 480, 520, 560, 600, 640, 680, 720, 760, 800, 840, 880, 920, 960, 1000, 1040, 1080, 1120, 1160, 1200, 1240, 1280, 1320, 1360, 1400, 1440, 1480, 1520, 1560, 1600, 1640, 1680, 1720, 1760, 1800, 1840, 1880, 1920, 1960, 2000, 2040, 2080, 2120, 2160, 2200, 2240, 2280, 2320, 2360, 2400, 2440, 2480, 2520, 2560, 2600, 2640, 2680, 2720, 2760, 2800, 2840, 2880, 2920, 2960, 3000, 3040, 3080, 3120, 3160]}], "conversation": [], "conversation_timestamps": []}