{"agent_id": "agent-orange-1028", "type": "orange", "trips": [{"trip_id": 0, "transport_method": "bicycle", "start_time": 0, "path": [[1.526593, 42.5061247], [1.5263557, 42.5060103], [1.5261184, 42.5058959], [1.5258863, 42.5058241], [1.5256832, 42.5059918], [1.52548, 42.5061595], [1.5253155, 42.506354], [1.5252425, 42.5066066], [1.525187, 42.5068641], [1.5250846, 42.5070251], [1.5248476, 42.5069101], [1.5245971, 42.5068684], [1.5243348, 42.5068917], [1.5240772, 42.5068573], [1.5238224, 42.5067905], [1.5235676, 42.5067237], [1.5233119, 42.5066612], [1.5230525, 42.5066153], [1.5227931, 42.5065692], [1.5225411, 42.5064925], [1.5222891, 42.5064158], [1.5220371, 42.506339], [1.5217852, 42.5062623], [1.521682, 42.5064647], [1.5215202, 42.5066037], [1.521304, 42.5067272], [1.5211126, 42.5069083], [1.52092, 42.5070879], [1.520707, 42.5072236], [1.5204719, 42.5073171], [1.5202345, 42.5074003], [1.5199718, 42.5074199], [1.5197233, 42.5073827], [1.519497, 42.5072479], [1.5192638, 42.5071258], [1.5190301, 42.5070053], [1.5188714, 42.506797], [1.518648, 42.5068895], [1.5183958, 42.5068311], [1.5181558, 42.506723], [1.5179103, 42.5066341], [1.5176504, 42.5065924], [1.5173886, 42.5065633], [1.5171263, 42.506539], [1.516864, 42.5065147], [1.5166017, 42.5064903], [1.5163394, 42.506466], [1.5160801, 42.5064222], [1.5158314, 42.5063357], [1.5155829, 42.5062483], [1.5153345, 42.5061608], [1.5151149, 42.5060894], [1.5153435, 42.5062172], [1.5155995, 42.5062753], [1.5158582, 42.5063205], [1.5160461, 42.5064102], [1.5158013, 42.506313], [1.5155565, 42.5062158], [1.5153117, 42.5061186], [1.5150668, 42.5060214], [1.5149085, 42.5058168], [1.5147603, 42.5055991], [1.5146403, 42.5053673], [1.5145538, 42.5051185], [1.5144564, 42.5048768], [1.5142377, 42.50473], [1.5140189, 42.5045832], [1.5138092, 42.5044254], [1.5136233, 42.5042388], [1.5134375, 42.5040522], [1.5132682, 42.5040026], [1.513246, 42.5042156], [1.5134459, 42.5043871], [1.5136459, 42.5045586], [1.5138458, 42.5047301], [1.5140466, 42.5049006], [1.5142088, 42.5051014], [1.5140329, 42.5052352], [1.513799, 42.5051251], [1.5135881, 42.5049673]], "mood_vectors": [[0.021, 0.0407, 0.046, 0.0772, 0.6881, 0.0618, 0.0652], [0.0629, 0.0282, 0.0334, 0.0609, 0.7483, 0.0533, 0.013], [0.0489, 0.019, 0.018, 0.0385, 0.7959, 0.0191, 0.0606], [0.0687, 0.0852, 0.0436, 0.0652, 0.6254, 0.0305, 0.0815], [0.0368, 0.061, 0.0595, 0.0703, 0.6584, 0.0441, 0.0699], [0.0416, 0.0589, 0.0175, 0.0818, 0.6513, 0.0809, 0.068], [0.0482, 0.0463, 0.0406, 0.0136, 0.7498, 0.0685, 0.0331], [0.06, 0.0899, 0.0449, 0.0561, 0.6588, 0.0577, 0.0326], [0.042, 0.0543, 0.0516, 0.0506, 0.692, 0.046, 0.0636], [0.0683, 0.0517, 0.0387, 0.0647, 0.6957, 0.0214, 0.0594], [0.0664, 0.1023, 0.0746, 0.0438, 0.6491, 0.0336, 0.0301], [0.0741, 0.0775, 0.0125, 0.0141, 0.7165, 0.0746, 0.0307], [0.0427, 0.0212, 0.0473, 0.0767, 0.6839, 0.0481, 0.0801], [0.0428, 0.0172, 0.0722, 0.0412, 0.7643, 0.0397, 0.0225], [0.0323, 0.0491, 0.0197, 0.0817, 0.6994, 0.0353, 0.0825], [0.0158, 0.0452, 0.0893, 0.0794, 0.6853, 0.0399, 0.0451], [0.035, 0.026, 0.0182, 0.0751, 0.7123, 0.0843, 0.049], [0.0386, 0.0391, 0.0376, 0.0591, 0.6866, 0.0648, 0.0743], [0.0755, 0.0356, 0.0595, 0.0655, 0.7093, 0.0293, 0.0253], [0.0352, 0.0886, 0.0233, 0.0514, 0.6504, 0.0682, 0.083], [0.0696, 0.0384, 0.0571, 0.0133, 0.7052, 0.0497, 0.0666], [0.0621, 0.0516, 0.0763, 0.0435, 0.6643, 0.0464, 0.0558], [0.0605, 0.0774, 0.0607, 0.0353, 0.6559, 0.044, 0.0663], [0.0295, 0.058, 0.0685, 0.0434, 0.6961, 0.0703, 0.0342], [0.0713, 0.0609, 0.0142, 0.0622, 0.7457, 0.0181, 0.0277], [0.0621, 0.0471, 0.031, 0.0301, 0.7191, 0.0693, 0.0412], [0.0249, 0.07, 0.0612, 0.0312, 0.7296, 0.0702, 0.0128], [0.0458, 0.0655, 0.0338, 0.0822, 0.6706, 0.0799, 0.0222], [0.0688, 0.0448, 0.067, 0.0234, 0.7042, 0.0322, 0.0597], [0.0883, 0.031, 0.0635, 0.0291, 0.6694, 0.035, 0.0837], [0.0277, 0.0811, 0.0571, 0.0568, 0.6724, 0.0629, 0.0419], [0.0742, 0.0407, 0.0365, 0.0459, 0.7075, 0.0537, 0.0416], [0.0764, 0.0334, 0.0516, 0.0761, 0.6698, 0.0345, 0.0582], [0.0723, 0.036, 0.0226, 0.0427, 0.7486, 0.0131, 0.0646], [0.0734, 0.021, 0.0749, 0.0697, 0.6292, 0.0708, 0.0609], [0.0569, 0.0735, 0.0948, 0.0413, 0.6485, 0.0655, 0.0194], [0.0485, 0.0685, 0.099, 0.019, 0.6512, 0.0875, 0.0264], [0.0165, 0.067, 0.0255, 0.081, 0.6831, 0.0809, 0.0459], [0.0298, 0.0971, 0.0234, 0.0848, 0.6742, 0.0545, 0.0363], [0.0636, 0.0394, 0.0723, 0.0658, 0.6792, 0.0469, 0.0328], [0.0133, 0.0622, 0.0623, 0.0507, 0.74, 0.0472, 0.0244], [0.0972, 0.0398, 0.0148, 0.023, 0.7117, 0.0375, 0.076], [0.0646, 0.0599, 0.0332, 0.0731, 0.6847, 0.066, 0.0185], [0.0308, 0.0419, 0.0651, 0.0876, 0.6598, 0.0333, 0.0816], [0.0714, 0.0771, 0.0478, 0.0206, 0.6259, 0.07, 0.0871], [0.0695, 0.0151, 0.052, 0.0849, 0.6839, 0.0389, 0.0557], [0.0146, 0.0674, 0.0698, 0.0649, 0.7079, 0.0241, 0.0515], [0.0163, 0.0809, 0.0305, 0.0372, 0.781, 0.0134, 0.0407], [0.0666, 0.0532, 0.0251, 0.021, 0.7132, 0.0785, 0.0425], [0.0676, 0.0139, 0.0277, 0.0379, 0.7441, 0.0726, 0.0361], [0.0582, 0.0243, 0.0439, 0.0768, 0.6526, 0.0826, 0.0616], [0.0874, 0.0533, 0.0306, 0.0471, 0.6758, 0.0696, 0.0361], [0.0754, 0.0719, 0.0313, 0.0331, 0.6919, 0.0203, 0.0762], [0.0669, 0.0326, 0.0507, 0.0202, 0.7474, 0.0464, 0.0358], [0.0303, 0.0175, 0.0865, 0.0367, 0.7303, 0.0256, 0.0732], [0.0224, 0.0678, 0.0363, 0.0577, 0.6803, 0.0547, 0.0807], [0.0753, 0.0216, 0.0846, 0.0138, 0.6824, 0.0719, 0.0505], [0.0643, 0.0507, 0.0183, 0.0712, 0.6872, 0.0466, 0.0617], [0.0139, 0.0208, 0.069, 0.0467, 0.7243, 0.0573, 0.068], [0.0538, 0.0286, 0.0427, 0.0189, 0.7272, 0.0526, 0.0762], [0.0557, 0.0386, 0.023, 0.0424, 0.737, 0.0177, 0.0855], [0.0662, 0.0619, 0.037, 0.0302, 0.7543, 0.016, 0.0344], [0.0241, 0.0316, 0.058, 0.0477, 0.7003, 0.0454, 0.093], [0.0179, 0.0565, 0.0302, 0.0879, 0.6681, 0.0803, 0.0591], [0.0621, 0.0709, 0.0426, 0.0328, 0.698, 0.0798, 0.0138], [0.0234, 0.0198, 0.0787, 0.0719, 0.6622, 0.059, 0.085], [0.0503, 0.0585, 0.0362, 0.0788, 0.6788, 0.0592, 0.0383], [0.0387, 0.0622, 0.0488, 0.0477, 0.6658, 0.0659, 0.0708], [0.0178, 0.0369, 0.0549, 0.0946, 0.679, 0.0887, 0.028], [0.016, 0.0211, 0.025, 0.0202, 0.8204, 0.0584, 0.039], [0.048, 0.05, 0.0484, 0.0675, 0.7191, 0.0523, 0.0147], [0.0558, 0.0543, 0.0481, 0.0586, 0.6866, 0.0228, 0.0738], [0.0407, 0.0689, 0.0494, 0.0299, 0.7106, 0.0559, 0.0447], [0.0455, 0.0173, 0.0666, 0.0388, 0.7362, 0.0243, 0.0714], [0.0987, 0.0157, 0.0262, 0.0635, 0.696, 0.0855, 0.0144], [0.0199, 0.0895, 0.0814, 0.0384, 0.6703, 0.0364, 0.0641], [0.0272, 0.0231, 0.0256, 0.0434, 0.7742, 0.0902, 0.0164], [0.0772, 0.0185, 0.025, 0.0437, 0.7568, 0.0517, 0.0271], [0.0483, 0.0693, 0.0181, 0.0419, 0.7346, 0.0484, 0.0395], [0.0645, 0.0769, 0.0621, 0.0401, 0.6032, 0.0846, 0.0686]], "emotions": ["red", "red", "red", "red", "red", "red", "red", "red", "red", "red", "red", "red", "red", "red", "red", "red", "red", "red", "red", "red", "red", "red", "red", "red", "red", "red", "red", "red", "red", "red", "red", "red", "red", "red", "red", "red", "red", "red", "red", "red", "red", "red", "red", "red", "red", "red", "red", "red", "red", "red", "red", "red", "red", "red", "red", "red", "red", "red", "red", "red", "red", "red", "red", "red", "red", "red", "red", "red", "red", "red", "red", "red", "red", "red", "red", "red", "red", "red", "red", "red"], "timestamps": [0, 40, 80, 120, 160, 200, 240, 280, 320, 360, 400, 440, 480, 520, 560, 600, 640, 680, 720, 760, 800, 840, 880, 920, 960, 1000, 1040, 1080, 1120, 1160, 1200, 1240, 1280, 1320, 1360, 1400, 1440, 1480, 1520, 1560, 1600, 1640, 1680, 1720, 1760, 1800, 1840, 1880, 1920, 1960, 2000, 2040, 2080, 2120, 2160, 2200, 2240, 2280, 2320, 2360, 2400, 2440, 2480, 2520, 2560, 2600, 2640, 2680, 2720, 2760, 2800, 2840, 2880, 2920, 2960, 3000, 3040, 3080, 3120, 3160]}], "conversation": [], "conversation_timestamps": []}