{"agent_id": "agent-orange-1108", "type": "orange", "trips": [{"trip_id": 0, "transport_method": "foot", "start_time": 0, "path": [[1.4894907, 42.4643353], [1.4900796, 42.4653443], [1.4911584, 42.4659797], [1.4918715, 42.4668614], [1.4915822, 42.4679175], [1.4919499, 42.4691176], [1.4919618, 42.470353], [1.4914283, 42.4714882], [1.4908351, 42.4725968], [1.4905013, 42.4737912], [1.4908451, 42.4749911], [1.4907666, 42.4762354], [1.490482, 42.4774232], [1.4902851, 42.478665], [1.4900883, 42.4799068], [1.4898914, 42.4811486], [1.4895782, 42.4815323], [1.489404, 42.48029], [1.4895752, 42.4790671], [1.4902305, 42.4779949], [1.4905943, 42.4768374], [1.4905605, 42.4773674], [1.4904612, 42.4786207], [1.4903619, 42.4798741], [1.4902626, 42.4811275], [1.4901633, 42.4823808], [1.4906475, 42.4835038], [1.4913146, 42.4844999], [1.4924952, 42.4848154], [1.4935414, 42.4854752], [1.4944747, 42.4863096], [1.4946705, 42.4875034], [1.4950775, 42.4886352], [1.4958966, 42.4895891], [1.4962915, 42.4907281], [1.4970747, 42.4916102], [1.4981494, 42.4922612], [1.4992603, 42.4928492], [1.5002644, 42.4936032], [1.5011614, 42.4943874], [1.5023006, 42.4949191], [1.5034518, 42.4954187], [1.5046018, 42.495913], [1.5057668, 42.4963752], [1.5069542, 42.4967884], [1.5081258, 42.4972424], [1.5092589, 42.4977873], [1.5103429, 42.4984122], [1.5111317, 42.4993905], [1.511905, 42.5003818], [1.5126602, 42.501387], [1.5132277, 42.5022033], [1.513227, 42.5021796], [1.5138361, 42.5028416], [1.5147424, 42.5037129], [1.5156488, 42.5045843], [1.5167151, 42.5052179], [1.5178146, 42.5053753], [1.5190545, 42.5055], [1.5202802, 42.5057783], [1.5214532, 42.5061402], [1.5226495, 42.5065255], [1.5238741, 42.5068041], [1.5250789, 42.5070224], [1.5263207, 42.5071915], [1.5258173, 42.5071502], [1.5257232, 42.5071023], [1.5269762, 42.5072053], [1.5281932, 42.5074083], [1.5292047, 42.5081289], [1.5293983, 42.5082607], [1.53046, 42.508906], [1.531473, 42.5092708], [1.5326614, 42.5096624], [1.5338925, 42.509899], [1.5351461, 42.5098968], [1.5363987, 42.509977], [1.5376459, 42.5100362], [1.5388797, 42.510145], [1.5397131, 42.5105467]], "mood_vectors": [[0.0138, 0.0182, 0.0297, 0.0405, 0.7934, 0.0207, 0.0837], [0.0511, 0.0878, 0.0553, 0.0621, 0.5845, 0.0853, 0.074], [0.0796, 0.0423, 0.0819, 0.0375, 0.6819, 0.0336, 0.0432], [0.0809, 0.0259, 0.0229, 0.0503, 0.7089, 0.0342, 0.077], [0.0272, 0.0738, 0.077, 0.0714, 0.692, 0.0256, 0.033], [0.039, 0.0741, 0.0286, 0.0718, 0.7242, 0.0351, 0.0272], [0.0769, 0.0158, 0.0682, 0.0152, 0.7851, 0.0194, 0.0195], [0.0573, 0.0779, 0.0782, 0.062, 0.6183, 0.0272, 0.0792], [0.0766, 0.0515, 0.0547, 0.0589, 0.6919, 0.0486, 0.0177], [0.015, 0.0402, 0.0425, 0.0562, 0.7305, 0.0662, 0.0495], [0.0719, 0.0684, 0.0312, 0.0759, 0.7002, 0.0349, 0.0176], [0.0449, 0.0558, 0.0532, 0.0566, 0.6495, 0.0767, 0.0633], [0.0497, 0.0216, 0.0404, 0.0155, 0.7688, 0.0539, 0.05], [0.0328, 0.0713, 0.0106, 0.06, 0.719, 0.0361, 0.0703], [0.0449, 0.0536, 0.0425, 0.0169, 0.7448, 0.03, 0.0673], [0.0424, 0.0588, 0.0283, 0.0698, 0.6813, 0.0667, 0.0527], [0.0391, 0.0419, 0.0663, 0.0521, 0.7151, 0.0281, 0.0574], [0.0361, 0.0697, 0.0299, 0.0295, 0.7373, 0.0524, 0.045], [0.0405, 0.0587, 0.0253, 0.0292, 0.7672, 0.0342, 0.045], [0.0513, 0.06, 0.0323, 0.024, 0.75, 0.0375, 0.045], [0.0289, 0.0394, 0.0564, 0.027, 0.8174, 0.0173, 0.0137], [0.0352, 0.0495, 0.0418, 0.0681, 0.7073, 0.0718, 0.0263], [0.0645, 0.0505, 0.0246, 0.0559, 0.6613, 0.0585, 0.0846], [0.0254, 0.0284, 0.0537, 0.0427, 0.7323, 0.0464, 0.0711], [0.0154, 0.0392, 0.0576, 0.072, 0.6895, 0.0749, 0.0514], [0.0674, 0.0218, 0.0781, 0.035, 0.7136, 0.0623, 0.0218], [0.0508, 0.0877, 0.0207, 0.0308, 0.7141, 0.0555, 0.0405], [0.0639, 0.0715, 0.0346, 0.0181, 0.7367, 0.0353, 0.0399], [0.0766, 0.0296, 0.0799, 0.0585, 0.709, 0.0317, 0.0147], [0.0719, 0.0562, 0.0659, 0.0794, 0.6242, 0.0268, 0.0756], [0.0462, 0.0236, 0.0417, 0.0621, 0.7046, 0.045, 0.0768], [0.029, 0.0253, 0.0312, 0.0144, 0.7714, 0.083, 0.0458], [0.0443, 0.0488, 0.0365, 0.0355, 0.7656, 0.022, 0.0474], [0.0544, 0.0764, 0.0305, 0.042, 0.7499, 0.0252, 0.0217], [0.0202, 0.0851, 0.0722, 0.0321, 0.6941, 0.0144, 0.0818], [0.0532, 0.0361, 0.0436, 0.0574, 0.7347, 0.0554, 0.0196], [0.0226, 0.0488, 0.012, 0.0512, 0.7176, 0.0779, 0.07], [0.0366, 0.0278, 0.0489, 0.0594, 0.7116, 0.0454, 0.0703], [0.0377, 0.0492, 0.0173, 0.0608, 0.758, 0.0542, 0.0227], [0.0707, 0.0514, 0.0374, 0.0139, 0.7306, 0.0411, 0.0548], [0.0481, 0.0699, 0.052, 0.0243, 0.6892, 0.0594, 0.0571], [0.057, 0.0273, 0.0588, 0.0353, 0.728, 0.0321, 0.0616], [0.0355, 0.0254, 0.0561, 0.0561, 0.6648, 0.0702, 0.0919], [0.0184, 0.0376, 0.0342, 0.0783, 0.7456, 0.0338, 0.0521], [0.0572, 0.0237, 0.0276, 0.0711, 0.7144, 0.037, 0.069], [0.0244, 0.0395, 0.0681, 0.0537, 0.6817, 0.0749, 0.0578], [0.0222, 0.0348, 0.0348, 0.0612, 0.8087, 0.0238, 0.0145], [0.052, 0.0293, 0.0605, 0.075, 0.7023, 0.0504, 0.0306], [0.039, 0.0353, 0.0674, 0.0152, 0.7036, 0.0563, 0.0832], [0.0202, 0.019, 0.056, 0.0302, 0.7664, 0.0363, 0.072], [0.0407, 0.0377, 0.0223, 0.0548, 0.7313, 0.0725, 0.0408], [0.0359, 0.0368, 0.0293, 0.0809, 0.7109, 0.0705, 0.0357], [0.0398, 0.0213, 0.0507, 0.0681, 0.6859, 0.0683, 0.0659], [0.0814, 0.0855, 0.0637, 0.0987, 0.6336, 0.0204, 0.0168], [0.0957, 0.0253, 0.0636, 0.0165, 0.6987, 0.0714, 0.0287], [0.0578, 0.0631, 0.03, 0.0765, 0.6694, 0.0307, 0.0724], [0.0264, 0.0663, 0.0771, 0.0455, 0.704, 0.0676, 0.0131], [0.0523, 0.047, 0.0491, 0.0311, 0.7103, 0.0395, 0.0706], [0.0185, 0.0129, 0.0724, 0.0435, 0.7743, 0.0451, 0.0333], [0.0668, 0.0273, 0.0215, 0.0573, 0.7382, 0.0518, 0.0372], [0.0417, 0.0145, 0.0925, 0.0932, 0.6231, 0.055, 0.08], [0.0602, 0.0457, 0.032, 0.0277, 0.7242, 0.0686, 0.0416], [0.0335, 0.0446, 0.0592, 0.0548, 0.7307, 0.0552, 0.022], [0.0511, 0.0363, 0.0128, 0.0363, 0.7482, 0.0433, 0.072], [0.0427, 0.0326, 0.0338, 0.0821, 0.7093, 0.0551, 0.0444], [0.0344, 0.0354, 0.0435, 0.0567, 0.7468, 0.0411, 0.042], [0.0627, 0.0256, 0.0757, 0.0304, 0.7533, 0.0229, 0.0294], [0.0429, 0.0678, 0.0795, 0.0826, 0.5946, 0.073, 0.0595], [0.0196, 0.0384, 0.076, 0.0442, 0.7769, 0.0303, 0.0145], [0.0805, 0.0251, 0.0758, 0.0164, 0.7676, 0.0199, 0.0147], [0.0697, 0.0452, 0.0383, 0.0268, 0.7431, 0.0143, 0.0626], [0.0321, 0.0457, 0.0676, 0.0245, 0.6876, 0.0582, 0.0843], [0.0413, 0.0353, 0.0393, 0.0723, 0.7296, 0.0464, 0.0358], [0.0133, 0.0276, 0.0581, 0.0679, 0.6983, 0.0647, 0.0702], [0.0497, 0.0716, 0.0583, 0.0737, 0.6838, 0.0345, 0.0284], [0.0808, 0.023, 0.0852, 0.015, 0.7487, 0.0327, 0.0145], [0.0884, 0.0177, 0.0753, 0.0725, 0.6674, 0.0336, 0.045], [0.0676, 0.0534, 0.043, 0.0825, 0.5942, 0.0849, 0.0744], [0.0348, 0.0394, 0.0729, 0.0942, 0.6458, 0.0208, 0.0922], [0.0595, 0.0428, 0.0704, 0.0365, 0.675, 0.0749, 0.0409]], "emotions": ["red", "red", "red", "red", "red", "red", "red", "red", "red", "red", "red", "red", "red", "red", "red", "red", "red", "red", "red", "red", "red", "red", "red", "red", "red", "red", "red", "red", "red", "red", "red", "red", "red", "red", "red", "red", "red", "red", "red", "red", "red", "red", "red", "red", "red", "red", "red", "red", "red", "red", "red", "red", "red", "red", "red", "red", "red", "red", "red", "red", "red", "red", "red", "red", "red", "red", "red", "red", "red", "red", "red", "red", "red", "red", "red", "red", "red", "red", "red", "red"], "timestamps": [0, 40, 80, 120, 160, 200, 240, 280, 320, 360, 400, 440, 480, 520, 560, 600, 640, 680, 720, 760, 800, 840, 880, 920, 960, 1000, 1040, 1080, 1120, 1160, 1200, 1240, 1280, 1320, 1360, 1400, 1440, 1480, 1520, 1560, 1600, 1640, 1680, 1720, 1760, 1800, 1840, 1880, 1920, 1960, 2000, 2040, 2080, 2120, 2160, 2200, 2240, 2280, 2320, 2360, 2400, 2440, 2480, 2520, 2560, 2600, 2640, 2680, 2720, 2760, 2800, 2840, 2880, 2920, 2960, 3000, 3040, 3080, 3120, 3160]}], "conversation": [], "conversation_timestamps": []}