{
  "agent_id": "agent-type-purple-4",
  "type": "purple",
  "trips": [
    {
      "trip_id": 0,
      "transport_method": "foot",
      "start_time": 0,
      "path": [
        [
          1.5253966000000003,
          42.5058225
        ],
        [
          1.5259910198314597,
          42.505671153071525
        ],
        [
          1.526555838706915,
          42.5052832115672
        ],
        [
          1.5274637050695639,
          42.5054344221954
        ],
        [
          1.528220617205895,
          42.505562478052035
        ],
        [
          1.527689613069519,
          42.50519545863353
        ],
        [
          1.5267730036655895,
          42.50512290768713
        ],
        [
          1.5260709606264717,
          42.504819391333946
        ],
        [
          1.5252467380041643,
          42.50479410917574
        ],
        [
          1.5244176752456111,
          42.50482126014488
        ],
        [
          1.523550005517546,
          42.50472693179547
        ],
        [
          1.5226396986544861,
          42.50459081607936
        ],
        [
          1.5220620339692383,
          42.50493519418697
        ],
        [
          1.521813443499951,
          42.505817701560424
        ],
        [
          1.5223234278001962,
          42.50633339417585
        ],
        [
          1.523214951851692,
          42.50655372549594
        ],
        [
          1.523705843485426,
          42.50595683250478
        ],
        [
          1.5239006886337054,
          42.50552959986129
        ],
        [
          1.5235185431968588,
          42.50636752170139
        ],
        [
          1.5240434537790475,
          42.506754257369344
        ],
        [
          1.5245252352050827,
          42.506234175927254
        ],
        [
          1.5242030749994202,
          42.506822413311184
        ],
        [
          1.5233070361082466,
          42.506628168258445
        ],
        [
          1.5224111815329224,
          42.50641464372849
        ],
        [
          1.52172939521949,
          42.50650414015818
        ],
        [
          1.522366959729169,
          42.50716871494029
        ],
        [
          1.5229760726021466,
          42.50770333512162
        ],
        [
          1.523513058950018,
          42.50755660945937
        ],
        [
          1.5232239047542138,
          42.50788841393915
        ],
        [
          1.523288818086215,
          42.50840292720111
        ],
        [
          1.5224780274574177,
          42.50843866870048
        ],
        [
          1.5222027,
          42.5082477
        ]
      ],
      "emotions": [
        "red",
        "red",
        "red",
        "red",
        "red",
        "green",
        "green",
        "green",
        "green",
        "green",
        "purple",
        "purple",
        "purple",
        "purple",
        "purple",
        "purple",
        "purple",
        "purple",
        "purple",
        "purple",
        "green",
        "green",
        "green",
        "green",
        "green",
        "green",
        "green",
        "green",
        "green",
        "green",
        "purple",
        "purple"
      ],
      "mood_vectors": [
        [
          0.19165200384149156,
          0.005474677145911034,
          0.10435919367926941,
          0.17785146238464333,
          0.08994324404481305,
          0.2143036732459444,
          0.21641574565792732
        ],
        [
          0.2017429553705984,
          0.2114450844122533,
          0.08710918060228119,
          0.04929130023792569,
          0.20527265655399382,
          0.08727846568189498,
          0.15786035714105268
        ],
        [
          0.2434711298959281,
          0.07077976288411225,
          0.03655649789569191,
          0.11462393303812705,
          0.21237886209331563,
          0.14015883510217522,
          0.18203097909064986
        ],
        [
          0.11913240363222889,
          0.19155445067710625,
          0.06816217096089162,
          0.11787781887054415,
          0.16478667954196885,
          0.14022907134141427,
          0.198257404975846
        ],
        [
          0.09924799089020842,
          0.1616980413588058,
          0.011439805249943175,
          0.16470521030216384,
          0.10020646717790357,
          0.2977509373657774,
          0.16495154765519776
        ],
        [
          0.07510319820272483,
          0.20476598715259095,
          0.27778827820717816,
          0.06423518459107692,
          0.24294163163733729,
          0.04950473301484149,
          0.08566098719425036
        ],
        [
          0.13829875164065944,
          0.029689867159234645,
          0.02481139903007535,
          0.17617048068589575,
          0.34597914009550457,
          0.24201237179657725,
          0.043037989592052996
        ],
        [
          0.15028200260464106,
          0.2173613610559721,
          0.01798727223811472,
          0.1759211159919853,
          0.015525375026890338,
          0.2039510579566812,
          0.21897181512571526
        ],
        [
          0.1617494988649835,
          0.16116585326163335,
          0.09303724844938242,
          0.23213853923071276,
          0.23039552384973297,
          0.08767987071510679,
          0.033833465628448196
        ],
        [
          0.23462815300248874,
          0.1394363562117431,
          0.106268327640266,
          0.12785424141313126,
          0.15746079916927153,
          0.23047592381667012,
          0.003876198746429121
        ],
        [
          0.2324544919922672,
          0.004969369171546107,
          0.13900619493802915,
          0.0982093627260114,
          0.1568147454256305,
          0.16701975421288573,
          0.2015260815336299
        ],
        [
          0.09645012855535827,
          0.08106791649531758,
          0.016061610225409494,
          0.24646908432074216,
          0.23417479351924847,
          0.1953005148180244,
          0.13047595206589957
        ],
        [
          0.24671865647160438,
          0.0574359169986369,
          0.14149441807493077,
          0.07002444633332042,
          0.1319659407757221,
          0.11800733966454877,
          0.2343532816812366
        ],
        [
          0.034480373508320165,
          0.011182484580372857,
          0.38659636153211185,
          0.05662721234004254,
          0.1586368034736174,
          0.0052318577190390075,
          0.3472449068464962
        ],
        [
          0.020311220880475787,
          0.25196335967563727,
          0.21963256908210443,
          0.05829079063208399,
          0.1999256025573376,
          0.12323942305787502,
          0.12663703411448585
        ],
        [
          0.19389083791187897,
          0.13502047663837807,
          0.12525961943806352,
          0.18180760292458137,
          0.11472692720115725,
          0.09630398457790719,
          0.15299055130803368
        ],
        [
          0.03473962934057953,
          0.11120444583905718,
          0.2320358469788783,
          0.06151654047865905,
          0.2506789348416889,
          0.11542411516365841,
          0.19440048735747867
        ],
        [
          0.26052564233953246,
          0.267193928467116,
          0.043967922302574514,
          0.018371654099516504,
          0.1263653607138924,
          0.2826790814970785,
          0.0008964105802895171
        ],
        [
          0.18695767119693238,
          0.19633319770411065,
          0.17992298794900857,
          0.0104709693745084,
          0.15248847128909762,
          0.11794139087558941,
          0.155885311610753
        ],
        [
          0.10098078622737532,
          0.26279736343334287,
          0.008342666103141829,
          0.10031740810017081,
          0.10418626286812885,
          0.2842070767687066,
          0.13916843649913374
        ],
        [
          0.06573248504203018,
          0.20129655109711153,
          0.033229437391340724,
          0.10594928136627559,
          0.29179131821002335,
          0.0498954165602084,
          0.2521055103330103
        ],
        [
          0.19951843540457942,
          0.19097933322530128,
          0.15899346238588222,
          0.1436168123006227,
          0.18438741104006273,
          0.07012619708358116,
          0.05237834855997039
        ],
        [
          0.1354612036510183,
          0.213429320505748,
          0.14860723671646162,
          0.11663809384110524,
          0.12389123044161346,
          0.22620655695986042,
          0.03576635788419301
        ],
        [
          0.15780913040609315,
          0.22974203741584268,
          0.19486523382246282,
          0.11723878512879926,
          0.2470953393048185,
          0.03647431594373271,
          0.016775157978250826
        ],
        [
          0.23470646688405697,
          0.050725841872756354,
          0.17186103421706303,
          0.042308079008822094,
          0.16112497564571557,
          0.16786721688811593,
          0.17140638548346998
        ],
        [
          0.02152463637558681,
          0.04128377879179796,
          0.20290392250934688,
          0.2324281819670767,
          0.07534218186039283,
          0.15948653749783395,
          0.26703076099796474
        ],
        [
          0.20012230170560785,
          0.1273028881946593,
          0.1804494292863453,
          0.23053961843766,
          0.03320175873195299,
          0.139140636258753,
          0.08924336738502163
        ],
        [
          0.03590477645459176,
          0.09148808898234802,
          0.2250229065737953,
          0.25309475090859945,
          0.236589234964394,
          0.14322232943978155,
          0.014677912676489968
        ],
        [
          0.26494794800715005,
          0.062120536338674114,
          0.1532516938810549,
          0.020255387720696783,
          0.16497101454641233,
          0.18304428435094833,
          0.15140913515506346
        ],
        [
          0.20632636311383673,
          0.1677147979496512,
          0.09621507226892993,
          0.11149536788790852,
          0.14886567083243163,
          0.08874796210241981,
          0.18063476584482221
        ],
        [
          0.1936658636587445,
          0.07950907949286336,
          0.1438270757737978,
          0.1802227877249225,
          0.028897435242922695,
          0.22740574572694805,
          0.1464720123798011
        ],
        [
          0.042474960695936564,
          0.2341767762030651,
          0.08395073709817186,
          0.13871591875266087,
          0.052943533418695,
          0.21913817077057313,
          0.22859990306089756
        ]
      ],
      "timestamps": [
        0,
        1,
        2,
        3,
        4,
        5,
        6,
        7,
        8,
        9,
        10,
        11,
        12,
        13,
        14,
        15,
        16,
        17,
        18,
        19,
        20,
        21,
        22,
        23,
        24,
        25,
        26,
        27,
        28,
        29,
        30,
        31
      ],
      "distance": 868.6
    },
    {
      "trip_id": 1,
      "transport_method": "car",
      "start_time": 32,
      "path": [
        [
          1.5224668000000008,
          42.50847609999999
        ],
        [
          1.5229521646126698,
          42.5083300466139
        ],
        [
          1.5233989057665906,
          42.50847449367243
        ],
        [
          1.5238551469757984,
          42.50869529756243
        ],
        [
          1.5237301344598129,
          42.50891278292673
        ],
        [
          1.5241354083799683,
          42.50877836066261
        ],
        [
          1.524632875901263,
          42.50887550212686
        ],
        [
          1.525130343422558,
          42.508972643591115
        ],
        [
          1.5255025720287319,
          42.50927045648809
        ],
        [
          1.5259697307176388,
          42.5094105591688
        ],
        [
          1.526468969045335,
          42.50949814621681
        ],
        [
          1.5269682073730313,
          42.50958573326482
        ],
        [
          1.527467135098329,
          42.509674402287764
        ],
        [
          1.52793681310033,
          42.509864961919526
        ],
        [
          1.528406491102331,
          42.51005552155129
        ],
        [
          1.528876169104332,
          42.51024608118304
        ],
        [
          1.5293458471063328,
          42.5104366408148
        ],
        [
          1.529433511787828,
          42.51026259244997
        ],
        [
          1.529078296728387,
          42.5099024197594
        ],
        [
          1.5287135035336041,
          42.509550515903406
        ],
        [
          1.5283487103388214,
          42.50919861204742
        ],
        [
          1.5284961163952868,
          42.508893010323625
        ],
        [
          1.5289206327193876,
          42.50884205345388
        ],
        [
          1.5285651397761473,
          42.508507886803194
        ],
        [
          1.5281604488172862,
          42.50820270550194
        ],
        [
          1.5278237555480396,
          42.50782978316423
        ],
        [
          1.5278285712112374,
          42.50744698246332
        ],
        [
          1.5282512242473953,
          42.50731929025749
        ],
        [
          1.5286422460596856,
          42.50699678081401
        ],
        [
          1.5289087660903975,
          42.506687188722694
        ],
        [
          1.5285758591877714,
          42.50639325605194
        ],
        [
          1.5289695316821474,
          42.506074049390236
        ],
        [
          1.528931894368011,
          42.505829770210674
        ],
        [
          1.5284498639283526,
          42.50567306330571
        ],
        [
          1.5282484922239732,
          42.50540369887155
        ],
        [
          1.527890044019091,
          42.505194127157424
        ],
        [
          1.5273834538793172,
          42.50519043341079
        ],
        [
          1.5269486206598755,
          42.505146137739885
        ],
        [
          1.52644608705822,
          42.50508003173007
        ],
        [
          1.5259434204245232,
          42.5050149421442
        ],
        [
          1.5254407537908263,
          42.50494985255833
        ],
        [
          1.5249379003644237,
          42.50488624144894
        ],
        [
          1.5244349455601909,
          42.504823417379356
        ],
        [
          1.5239345516431149,
          42.50474481943058
        ],
        [
          1.5234375755817653,
          42.504645194166386
        ],
        [
          1.5229894373565442,
          42.50463388952173
        ],
        [
          1.5224863687762848,
          42.50457198331396
        ],
        [
          1.5219831606053318,
          42.50451538182768
        ],
        [
          1.5214907844596657,
          42.50439955372257
        ],
        [
          1.5210193068235365,
          42.5042135835697
        ],
        [
          1.5205508617251693,
          42.504020012940124
        ],
        [
          1.5200824166268019,
          42.50382644231055
        ],
        [
          1.5196313881957926,
          42.50378995155697
        ],
        [
          1.5191653270671772,
          42.503929168592805
        ],
        [
          1.5188689088202767,
          42.50433040727872
        ],
        [
          1.518736555148384,
          42.50462593054472
        ],
        [
          1.5185944728321847,
          42.50478494542099
        ],
        [
          1.5180884466238187,
          42.50481406371878
        ],
        [
          1.5185549795845479,
          42.504787217983406
        ],
        [
          1.5182713643254406,
          42.50508746261054
        ],
        [
          1.5178293097816735,
          42.50533545087469
        ],
        [
          1.5175237000000004,
          42.5052188
        ]
      ],
      "emotions": [
        "purple",
        "purple",
        "purple",
        "green",
        "green",
        "green",
        "green",
        "green",
        "purple",
        "purple",
        "purple",
        "purple",
        "purple",
        "green",
        "green",
        "green",
        "green",
        "green",
        "green",
        "green",
        "green",
        "green",
        "green",
        "purple",
        "purple",
        "purple",
        "purple",
        "purple",
        "red",
        "red",
        "red",
        "red",
        "red",
        "red",
        "red",
        "red",
        "red",
        "red",
        "green",
        "green",
        "green",
        "green",
        "green",
        "red",
        "red",
        "red",
        "red",
        "red",
        "purple",
        "purple",
        "purple",
        "purple",
        "purple",
        "green",
        "green",
        "green",
        "green",
        "green",
        "green",
        "green",
        "green",
        "green"
      ],
      "mood_vectors": [
        [
          0.04402460516022388,
          0.22051437951072603,
          0.2324826426044125,
          0.24609827343818927,
          0.06310847217265254,
          0.10921238249916201,
          0.08455924461463377
        ],
        [
          0.08411100776200166,
          0.2593039818567758,
          0.31152099899824093,
          0.005357395487649776,
          0.3022270927991797,
          0.02086658506849534,
          0.01661293802765676
        ],
        [
          0.14691833653842554,
          0.2557312790591713,
          0.1203585261019816,
          0.16193235086134233,
          0.17828851946242943,
          0.09232225802608023,
          0.04444872995056952
        ],
        [
          0.15448201811197268,
          0.01288730105929317,
          0.26243843001422423,
          0.20286193906363936,
          0.04850152315542481,
          0.06829400814150786,
          0.2505347804539379
        ],
        [
          0.13645701768821533,
          0.2723434774042465,
          0.06601035337397428,
          0.08018214149573123,
          0.1719014678323787,
          0.0871578926294377,
          0.18594764957601626
        ],
        [
          0.20274968746760816,
          0.10821787058053511,
          0.13482692947878241,
          0.11355445140126846,
          0.12312806346631752,
          0.2268047261616831,
          0.09071827144380527
        ],
        [
          0.1185643122256257,
          0.12963124770134088,
          0.15055763659754845,
          0.1421229643749053,
          0.0017194710091139878,
          0.17160979294689319,
          0.2857945751445725
        ],
        [
          0.28043616702345286,
          0.09961012125659105,
          0.06625887728291673,
          0.2733073301745908,
          0.044145733050482666,
          0.04038324834519513,
          0.19585852286677077
        ],
        [
          0.09284366574003637,
          0.08702084766957408,
          0.3240708187238816,
          0.007493309817502436,
          0.23242943494140056,
          0.08833738774008702,
          0.167804535367518
        ],
        [
          0.15707726597832558,
          0.11820524665205188,
          0.06843006703199295,
          0.2519049330846706,
          0.1913008739114248,
          0.07579179686189257,
          0.13728981647964164
        ],
        [
          0.11349237907571327,
          0.18095393587314923,
          0.18659407355537108,
          0.20208147576806307,
          0.039844845389893614,
          0.07388020099536778,
          0.20315308934244194
        ],
        [
          0.21693158555818964,
          0.02895268107700396,
          0.0676209825531781,
          0.18415734788169033,
          0.1275535762440386,
          0.1836230715407627,
          0.19116075514513667
        ],
        [
          0.24708959909656628,
          0.14044976896991146,
          0.10002669704669705,
          0.1263246992055827,
          0.26037855673729693,
          0.10954056556187441,
          0.016190113382071186
        ],
        [
          0.15339255199416377,
          0.12816077009396235,
          0.17217202913307816,
          0.2204227547081359,
          0.09653713349295999,
          0.1671403358409532,
          0.0621744247367466
        ],
        [
          0.14768227656300253,
          0.15544909547911426,
          0.12373484707509756,
          0.23456659253470605,
          0.02781868076302852,
          0.18148288847620345,
          0.12926561910884754
        ],
        [
          0.14165593768658793,
          0.15053049763742635,
          0.006701539879984697,
          0.2793759467306426,
          0.08738007599579976,
          0.1063085997871726,
          0.22804740228238607
        ],
        [
          0.18830961499035478,
          0.1430258094320665,
          0.14698490446458196,
          0.201835685766099,
          0.10124742716391388,
          0.18873973860880008,
          0.029856819574183863
        ],
        [
          0.15740994606877445,
          0.1580312568919392,
          0.13929744241326006,
          0.18355237549000836,
          0.0432197182949554,
          0.2558985875343955,
          0.06259067330666705
        ],
        [
          0.2144586419471205,
          0.09715398772125836,
          0.24477825819588,
          0.032664815653093586,
          0.0689098797739459,
          0.11938810567574354,
          0.22264631103295804
        ],
        [
          0.17897987838794333,
          0.09648186919681725,
          0.1448348128054058,
          0.02564881023284393,
          0.21909054319114848,
          0.15437942331536397,
          0.18058466287047717
        ],
        [
          0.08327381644365857,
          0.2081547705121122,
          0.10191533099786068,
          0.16693240236290097,
          0.20224141652494487,
          0.05548431079924676,
          0.181997952359276
        ],
        [
          0.2119271029587957,
          0.11867275917844447,
          0.14910124457164303,
          0.25459446173865274,
          0.028715853378304144,
          0.1403877546323103,
          0.0966008235418496
        ],
        [
          0.1740262699633596,
          0.27899280524773495,
          0.22386314722539458,
          0.12078309494500096,
          0.08582807491345593,
          0.037150076312464,
          0.07935653139259005
        ],
        [
          0.23414851028801592,
          0.17747490234927812,
          0.11638463100312134,
          0.10377669973229538,
          0.02589254428225974,
          0.18034815012296074,
          0.1619745622220687
        ],
        [
          0.05788388032436699,
          0.056395520535194074,
          0.0735333093363679,
          0.06927527601796128,
          0.18489993899640983,
          0.28949735013804617,
          0.26851472465165377
        ],
        [
          0.09391197989926185,
          0.2386952546648635,
          0.22877637681942012,
          0.06612030846289393,
          0.1043285947305905,
          0.2040206398124112,
          0.0641468456105588
        ],
        [
          0.23345326998174393,
          0.049982549477794104,
          0.16722372204041,
          0.09798607304043688,
          0.2628980514090396,
          0.12861238788944887,
          0.05984394616112658
        ],
        [
          0.05256887653092681,
          0.1979559404665072,
          0.15806332141946836,
          0.04731749718252336,
          0.09107770101782983,
          0.17019640469355687,
          0.2828202586891876
        ],
        [
          0.027605229408477584,
          0.3050848395325298,
          0.11522798373801056,
          0.05481710483788459,
          0.16688831114320715,
          0.1546689152114173,
          0.175707616128473
        ],
        [
          0.1889119306856972,
          0.17711965393351203,
          0.20473068879579637,
          0.14962560412007345,
          0.07554098528161904,
          0.20158807899848574,
          0.002483058184816209
        ],
        [
          0.02844677965979651,
          0.13142033044530663,
          0.15526860050113436,
          0.13474646457063902,
          0.21675644424178733,
          0.12867827250131772,
          0.20468310808001836
        ],
        [
          0.021589980389116456,
          0.15909166321086365,
          0.21392934160720123,
          0.1612172859256019,
          0.10909151916158631,
          0.1273178493131092,
          0.2077623603925213
        ],
        [
          0.09013041249316114,
          0.18507664357508058,
          0.2764494556404929,
          0.07323546591133602,
          0.025028946891045244,
          0.21239152323914637,
          0.13768755224973775
        ],
        [
          0.13381520925800322,
          0.27422256675460127,
          0.07772203463459072,
          0.2657106977833872,
          0.1797309033661634,
          0.01661145232430358,
          0.05218713587895067
        ],
        [
          0.15098143497017813,
          0.06500103367194873,
          0.1308122182462228,
          0.1806533071717401,
          0.29819683421274157,
          0.15697087720642358,
          0.017384294520745025
        ],
        [
          0.11634626097400118,
          0.1629890826340652,
          0.013039016585075069,
          0.173068511693612,
          0.24345481256198911,
          0.15061562538965195,
          0.1404866901616055
        ],
        [
          0.0353133030772114,
          0.04554459801377627,
          0.3470124386988348,
          0.2867641116412071,
          0.09379996247898792,
          0.0042322803696901385,
          0.1873333057202924
        ],
        [
          0.0015905702776278763,
          0.47276857940501155,
          0.11623123964537589,
          0.11127155377537971,
          0.029070120618223217,
          0.12838447436441042,
          0.14068346191397144
        ],
        [
          0.20614055785445673,
          0.04734430407485541,
          0.15022236960342522,
          0.03666373639909488,
          0.16325373044705155,
          0.2071134023229262,
          0.1892618992981901
        ],
        [
          0.14574876167120188,
          0.19858832872935656,
          0.19121417950777794,
          0.17721242394126788,
          0.02594970594908059,
          0.13654862370627516,
          0.12473797649504005
        ],
        [
          0.21408124631554637,
          0.047594190985005905,
          0.24106541408437404,
          0.18591090440142966,
          0.09421064315373988,
          0.12372818731429311,
          0.09340941374561108
        ],
        [
          0.08453140078702912,
          0.10948084136794099,
          0.284266216126539,
          0.06548312877481759,
          0.08641000228950428,
          0.2818738286589482,
          0.08795458199522085
        ],
        [
          0.11496628056831032,
          0.12208328151622201,
          0.19475579688353317,
          0.02609309766402002,
          0.20174140951139152,
          0.16170073113294556,
          0.17865940272357733
        ],
        [
          0.19577669330193126,
          0.11310411267924465,
          0.1615351572223027,
          0.05703190459183965,
          0.19903575636684787,
          0.17679055310949654,
          0.09672582272833738
        ],
        [
          0.1508672271437264,
          0.020288054904983966,
          0.08662912225154111,
          0.1120799340888093,
          0.006673315159503323,
          0.23901059533106928,
          0.3844517511203666
        ],
        [
          0.03413486266242916,
          0.04751823642936257,
          0.27157030721672715,
          0.4782613827432011,
          0.13706817527412818,
          0.012371529284969639,
          0.01907550638918208
        ],
        [
          0.06279312981364636,
          0.24363448557568115,
          0.13980008310226952,
          0.23285088337401177,
          0.019908084371389585,
          0.1273888542545306,
          0.17362447950847104
        ],
        [
          0.00827341796088521,
          0.21694407328380486,
          0.24058238588639264,
          0.08873348640417815,
          0.20879778340761626,
          0.15100994579925175,
          0.08565890725787115
        ],
        [
          0.09419648107526267,
          0.09652579887163656,
          0.05911619363625692,
          0.2935260721637598,
          0.20873564904770345,
          0.1307442212931043,
          0.11715558391227632
        ],
        [
          0.04391859110517864,
          0.1921281819822286,
          0.08599938355159704,
          0.2639646028891838,
          0.162475481800609,
          0.05496056430306019,
          0.19655319436814275
        ],
        [
          0.20063465367329347,
          0.040824888314877995,
          0.018823337252410675,
          0.23819777865477892,
          0.1693436305980859,
          0.10460285311907778,
          0.22757285838747524
        ],
        [
          0.14491990847709593,
          0.07093778252954483,
          0.2309413438584515,
          0.15643087407772385,
          0.030237601165651464,
          0.18790158273127192,
          0.1786309071602605
        ],
        [
          0.06915126392326551,
          0.10414714881965023,
          0.05170010187303072,
          0.11845750118892263,
          0.2859522729440354,
          0.08705413237705788,
          0.28353757887403763
        ],
        [
          0.18336378928637165,
          0.013863553548467987,
          0.08532022093423937,
          0.21594364508843775,
          0.19517643133059323,
          0.1032692528092524,
          0.2030631070026376
        ],
        [
          0.16788856094791327,
          0.1516674454570323,
          0.04005112224431425,
          0.18988400101475153,
          0.2244207448129594,
          0.08576815125533323,
          0.14031997426769596
        ],
        [
          0.10444347466690979,
          0.10699140746005383,
          0.15863874145454007,
          0.24462640982718337,
          0.07025654611183485,
          0.13300808360858635,
          0.18203533687089177
        ],
        [
          0.26341836594983215,
          0.0678615409412949,
          0.11198658668066237,
          0.029736393080507968,
          0.22932098563930342,
          0.034464223153961075,
          0.2632119045544381
        ],
        [
          0.09968846484184207,
          0.21777343410255773,
          0.24892502526337285,
          0.09257983710584129,
          0.07471515774201416,
          0.15287791201170184,
          0.11344016893267002
        ],
        [
          0.07861346665306758,
          0.020529200114776776,
          0.27767277063220364,
          0.004031482633807622,
          0.2952519853308627,
          0.13864305690179365,
          0.185258037733488
        ],
        [
          0.0809275376558426,
          0.24752055750220783,
          0.27018819648833864,
          0.008378279789143177,
          0.28754499772322256,
          0.10072290501099654,
          0.004717525830248561
        ],
        [
          0.1899151806704994,
          0.21409869955927333,
          0.1046729351901473,
          0.06722948412477735,
          0.17123577397371906,
          0.06758208993403593,
          0.1852658365475477
        ],
        [
          0.06696831143867851,
          0.25048382080393683,
          0.24095082793344727,
          0.01985543381100315,
          0.1893961894530689,
          0.06875604643661709,
          0.16358937012324826
        ]
      ],
      "timestamps": [
        32,
        33,
        34,
        35,
        36,
        37,
        38,
        39,
        40,
        41,
        42,
        43,
        44,
        45,
        46,
        47,
        48,
        49,
        50,
        51,
        52,
        53,
        54,
        55,
        56,
        57,
        58,
        59,
        60,
        61,
        62,
        63,
        64,
        65,
        66,
        67,
        68,
        69,
        70,
        71,
        72,
        73,
        74,
        75,
        76,
        77,
        78,
        79,
        80,
        81,
        82,
        83,
        84,
        85,
        86,
        87,
        88,
        89,
        90,
        91,
        92,
        93
      ],
      "distance": 713.4
    },
    {
      "trip_id": 2,
      "transport_method": "bicycle",
      "start_time": 94,
      "path": [
        [
          1.5177956,
          42.50523789999999
        ],
        [
          1.5177956,
          42.50523789999999
        ],
        [
          1.5177956,
          42.50523789999999
        ],
        [
          1.5177956,
          42.50523789999999
        ],
        [
          1.5177956,
          42.50523789999999
        ],
        [
          1.5177956,
          42.50523789999999
        ]
      ],
      "emotions": [
        "green",
        "green",
        "green",
        "green",
        "green",
        "green"
      ],
      "mood_vectors": [
        [
          0.11734316220979624,
          0.20579038359483054,
          0.19497747459934747,
          0.1450123533856387,
          0.12137798590685821,
          0.18299865522896447,
          0.03249998507456432
        ],
        [
          0.2426888541590567,
          0.08651555595207863,
          0.2362020409911089,
          0.002762818110695389,
          0.17263032355230562,
          0.016032139058942057,
          0.24316826817581277
        ],
        [
          0.11905678553342647,
          0.21670745324870194,
          0.021066302789873613,
          0.10538365919384433,
          0.05856711806643717,
          0.264925018058355,
          0.21429366310936152
        ],
        [
          0.09955379845486775,
          0.3411021337622586,
          0.1725964919399746,
          0.00918133396057779,
          0.20441024556173654,
          0.03779963232117617,
          0.1353563639994085
        ],
        [
          0.20645407473774427,
          0.17372076086082844,
          0.07312188125837132,
          0.10139524619978266,
          0.08382915059976445,
          0.2199703796495007,
          0.1415085066940082
        ],
        [
          0.2252330758391114,
          0.18321337274198785,
          0.20209996682073897,
          0.1520064016063385,
          0.026691056420341232,
          0.15339820457663175,
          0.05735792199485039
        ]
      ],
      "timestamps": [
        94,
        95,
        96,
        97,
        98,
        99
      ],
      "distance": 268.6
    }
  ],
  "conversation": [
    "What if I just never go back to the office?",
    "Hearing four languages in two blocks — I love this city.",
    "This isn't what I pictured Andorra la Vella to look like."
  ],
  "conversation_timestamps": [
    42,
    45,
    57
  ]
}
