{"agent_id": "agent-orange-523", "type": "orange", "trips": [{"trip_id": 0, "transport_method": "bicycle", "start_time": 0, "path": [[1.5865749, 42.5360146], [1.585845, 42.5356399], [1.5856058, 42.5357715], [1.5844772, 42.5351241], [1.5832149, 42.5351653], [1.5822192, 42.5345453], [1.5810789, 42.5338996], [1.5804433, 42.5338216], [1.5792469, 42.5332733], [1.5779774, 42.5329602], [1.5766698, 42.5327603], [1.5770782, 42.5328048], [1.57743, 42.5328633], [1.5761305, 42.5326154], [1.5748309, 42.5323674], [1.5755065, 42.5325367], [1.5754691, 42.5323078], [1.5742789, 42.53173], [1.5730888, 42.5311523], [1.5737522, 42.5319249], [1.5737185, 42.5318003], [1.5727832, 42.5308646], [1.5719535, 42.5298427], [1.5708977, 42.5290527], [1.5698396, 42.5282585], [1.5701772, 42.5284455], [1.5712156, 42.5292527], [1.5703995, 42.5287586], [1.5692985, 42.5280252], [1.5681974, 42.5272918], [1.5678892, 42.5270945], [1.5690289, 42.5277454], [1.5680955, 42.5271354], [1.5669969, 42.5263983], [1.5658893, 42.5256808], [1.5646525, 42.5252235], [1.5634392, 42.5247813], [1.5623205, 42.5241296], [1.5614013, 42.5231867], [1.5602907, 42.5224777], [1.5592347, 42.5217456], [1.5582316, 42.5208834], [1.5572953, 42.5199491], [1.5569096, 42.5194583], [1.5560818, 42.5185487], [1.5564492, 42.5191055], [1.5554406, 42.5182493], [1.5548809, 42.517875], [1.5544125, 42.5174176], [1.5538963, 42.517078], [1.5543202, 42.5174266], [1.5535154, 42.516386], [1.5529558, 42.5152077], [1.5527097, 42.5139511], [1.5517485, 42.5131447], [1.5507272, 42.5123178], [1.5495356, 42.5117808], [1.548252, 42.5114613], [1.5469714, 42.5111303], [1.5462302, 42.5101715], [1.5461744, 42.5098458], [1.5450625, 42.5093381], [1.5437669, 42.5091433], [1.5424844, 42.5088828], [1.5411805, 42.508732], [1.5401632, 42.5084425], [1.538865, 42.5082239], [1.5375785, 42.5080062], [1.5374532, 42.5080395], [1.5361529, 42.5077955], [1.5349061, 42.5073761], [1.5348525, 42.5074665], [1.5352405, 42.5075185], [1.5340271, 42.5069912], [1.5327633, 42.5066461], [1.5315168, 42.5064996], [1.5304036, 42.5057871], [1.5291776, 42.5054189], [1.5278679, 42.5052931], [1.5265924, 42.5050695]], "mood_vectors": [[0.0488, 0.091, 0.0548, 0.0585, 0.6533, 0.0518, 0.0419], [0.0781, 0.0133, 0.0751, 0.0638, 0.6499, 0.0555, 0.0643], [0.0546, 0.0331, 0.0299, 0.0825, 0.7419, 0.0434, 0.0145], [0.0648, 0.0598, 0.0257, 0.0148, 0.7221, 0.0532, 0.0596], [0.0789, 0.0659, 0.043, 0.0274, 0.6687, 0.0694, 0.0467], [0.04, 0.0709, 0.0141, 0.0581, 0.7826, 0.0171, 0.0173], [0.044, 0.0759, 0.051, 0.063, 0.6255, 0.0771, 0.0635], [0.036, 0.0665, 0.0251, 0.0458, 0.7242, 0.0821, 0.0203], [0.067, 0.0499, 0.0716, 0.0311, 0.6826, 0.0186, 0.0791], [0.0803, 0.0732, 0.032, 0.0751, 0.6497, 0.0207, 0.069], [0.05, 0.059, 0.0353, 0.0895, 0.6973, 0.0367, 0.0322], [0.0735, 0.0495, 0.0474, 0.0507, 0.6786, 0.0147, 0.0856], [0.0652, 0.032, 0.0631, 0.0644, 0.7001, 0.0199, 0.0552], [0.0438, 0.0184, 0.0626, 0.0408, 0.7286, 0.0747, 0.031], [0.0391, 0.0555, 0.0128, 0.0445, 0.7324, 0.0339, 0.0817], [0.014, 0.0529, 0.0627, 0.0275, 0.728, 0.0384, 0.0765], [0.0709, 0.0456, 0.045, 0.0241, 0.7036, 0.0363, 0.0744], [0.0181, 0.0973, 0.0349, 0.0299, 0.692, 0.0458, 0.0819], [0.0534, 0.0549, 0.0368, 0.0538, 0.6767, 0.0301, 0.0944], [0.0349, 0.0176, 0.0279, 0.0961, 0.7336, 0.0289, 0.061], [0.051, 0.0166, 0.0563, 0.0632, 0.7235, 0.0741, 0.0153], [0.0595, 0.0365, 0.0459, 0.0757, 0.6383, 0.0777, 0.0663], [0.0694, 0.0672, 0.0613, 0.0412, 0.7009, 0.0306, 0.0296], [0.0828, 0.0859, 0.0625, 0.0186, 0.6445, 0.0701, 0.0356], [0.0441, 0.0139, 0.016, 0.0883, 0.7308, 0.0231, 0.0838], [0.0757, 0.0623, 0.0223, 0.076, 0.6017, 0.0913, 0.0706], [0.0759, 0.0732, 0.0394, 0.0522, 0.6074, 0.0798, 0.0721], [0.0214, 0.0536, 0.0513, 0.0159, 0.708, 0.0802, 0.0696], [0.0338, 0.0703, 0.0538, 0.0605, 0.6765, 0.0227, 0.0825], [0.0747, 0.0805, 0.0647, 0.0142, 0.6969, 0.0318, 0.0372], [0.0748, 0.0812, 0.0224, 0.0123, 0.7098, 0.0559, 0.0436], [0.0463, 0.0688, 0.0624, 0.029, 0.6999, 0.0652, 0.0284], [0.0449, 0.0822, 0.0309, 0.0932, 0.6666, 0.037, 0.0452], [0.0813, 0.0558, 0.0844, 0.025, 0.6894, 0.0505, 0.0136], [0.0152, 0.0688, 0.0795, 0.0539, 0.7361, 0.026, 0.0205], [0.0428, 0.0531, 0.0728, 0.0748, 0.7186, 0.0166, 0.0212], [0.0723, 0.0893, 0.0173, 0.027, 0.7606, 0.0194, 0.0142], [0.0348, 0.0636, 0.0409, 0.0796, 0.7008, 0.0565, 0.0238], [0.0986, 0.0201, 0.0881, 0.0636, 0.6731, 0.018, 0.0386], [0.0754, 0.0232, 0.066, 0.0343, 0.6763, 0.0614, 0.0635], [0.04, 0.0812, 0.0721, 0.0347, 0.708, 0.0426, 0.0213], [0.0161, 0.0469, 0.0292, 0.0137, 0.7818, 0.0744, 0.0377], [0.0501, 0.0337, 0.0149, 0.0867, 0.6727, 0.057, 0.0849], [0.0316, 0.028, 0.0979, 0.0321, 0.6911, 0.0838, 0.0356], [0.076, 0.0379, 0.0583, 0.0561, 0.7065, 0.0195, 0.0456], [0.074, 0.0796, 0.0176, 0.0215, 0.6966, 0.0747, 0.036], [0.0904, 0.0507, 0.0657, 0.0177, 0.7029, 0.0355, 0.0371], [0.0134, 0.0358, 0.0609, 0.0219, 0.7929, 0.0328, 0.0422], [0.0254, 0.0194, 0.0755, 0.0248, 0.7116, 0.0776, 0.0657], [0.0459, 0.0517, 0.0199, 0.0209, 0.7588, 0.0837, 0.019], [0.019, 0.0359, 0.0866, 0.043, 0.7418, 0.0318, 0.0418], [0.0254, 0.0636, 0.0644, 0.0599, 0.6532, 0.0598, 0.0738], [0.0143, 0.029, 0.0654, 0.0477, 0.7613, 0.0642, 0.0181], [0.0418, 0.0645, 0.0731, 0.0753, 0.6075, 0.0642, 0.0735], [0.046, 0.031, 0.0637, 0.0662, 0.678, 0.0426, 0.0724], [0.0463, 0.0418, 0.0587, 0.0474, 0.7233, 0.054, 0.0286], [0.0385, 0.0433, 0.0784, 0.0637, 0.7267, 0.0225, 0.0269], [0.0454, 0.0992, 0.0544, 0.0436, 0.651, 0.0298, 0.0767], [0.0638, 0.0633, 0.0653, 0.0138, 0.6799, 0.0619, 0.0521], [0.0523, 0.0916, 0.0304, 0.0363, 0.6698, 0.0495, 0.0702], [0.0201, 0.0852, 0.0844, 0.0166, 0.7509, 0.0128, 0.0299], [0.0178, 0.0439, 0.0797, 0.0765, 0.6613, 0.065, 0.0557], [0.0821, 0.0532, 0.0908, 0.0514, 0.6537, 0.0339, 0.0349], [0.0291, 0.0471, 0.0655, 0.0238, 0.7148, 0.0537, 0.0659], [0.0815, 0.0819, 0.0663, 0.0182, 0.6867, 0.0238, 0.0417], [0.0467, 0.0619, 0.0247, 0.0285, 0.7999, 0.0232, 0.0152], [0.0328, 0.0585, 0.068, 0.0697, 0.6311, 0.0805, 0.0594], [0.0139, 0.085, 0.0185, 0.0627, 0.7161, 0.0249, 0.0789], [0.0403, 0.0639, 0.0254, 0.0622, 0.7247, 0.0523, 0.0312], [0.0382, 0.038, 0.0372, 0.0271, 0.776, 0.037, 0.0466], [0.0538, 0.0417, 0.017, 0.0719, 0.7186, 0.0491, 0.0479], [0.0474, 0.0807, 0.0555, 0.0645, 0.6063, 0.0651, 0.0806], [0.0565, 0.026, 0.0689, 0.039, 0.6581, 0.0518, 0.0998], [0.0451, 0.08, 0.0538, 0.0438, 0.6923, 0.0602, 0.0248], [0.0685, 0.0414, 0.0496, 0.0409, 0.7176, 0.014, 0.068], [0.0778, 0.0436, 0.0962, 0.0944, 0.607, 0.0512, 0.0298], [0.0366, 0.0372, 0.0724, 0.0728, 0.7277, 0.033, 0.0202], [0.0827, 0.0929, 0.0662, 0.0402, 0.6513, 0.0202, 0.0464], [0.0144, 0.0456, 0.0807, 0.0723, 0.6909, 0.0415, 0.0546], [0.014, 0.0346, 0.0379, 0.0318, 0.7454, 0.0695, 0.067]], "emotions": ["red", "red", "red", "red", "red", "red", "red", "red", "red", "red", "red", "red", "red", "red", "red", "red", "red", "red", "red", "red", "red", "red", "red", "red", "red", "red", "red", "red", "red", "red", "red", "red", "red", "red", "red", "red", "red", "red", "red", "red", "red", "red", "red", "red", "red", "red", "red", "red", "red", "red", "red", "red", "red", "red", "red", "red", "red", "red", "red", "red", "red", "red", "red", "red", "red", "red", "red", "red", "red", "red", "red", "red", "red", "red", "red", "red", "red", "red", "red", "red"], "timestamps": [0, 40, 80, 120, 160, 200, 240, 280, 320, 360, 400, 440, 480, 520, 560, 600, 640, 680, 720, 760, 800, 840, 880, 920, 960, 1000, 1040, 1080, 1120, 1160, 1200, 1240, 1280, 1320, 1360, 1400, 1440, 1480, 1520, 1560, 1600, 1640, 1680, 1720, 1760, 1800, 1840, 1880, 1920, 1960, 2000, 2040, 2080, 2120, 2160, 2200, 2240, 2280, 2320, 2360, 2400, 2440, 2480, 2520, 2560, 2600, 2640, 2680, 2720, 2760, 2800, 2840, 2880, 2920, 2960, 3000, 3040, 3080, 3120, 3160]}], "conversation": [], "conversation_timestamps": []}