{"agent_id": "agent-purple-14", "type": "purple", "trips": [{"trip_id": 0, "transport_method": "foot", "start_time": 0, "path": [[1.6974057, 42.5489576], [1.7005946, 42.5460586], [1.7046341, 42.5447595], [1.7089495, 42.5444291], [1.713271, 42.5442036], [1.7175981, 42.5441088], [1.7219254, 42.5440231], [1.7262395, 42.5442021], [1.7303429, 42.5455273], [1.7339343, 42.5478326], [1.7296084, 42.5479722], [1.7252826, 42.5481118], [1.7209567, 42.5482513], [1.7166309, 42.5483909], [1.712305, 42.5485305], [1.7079792, 42.54867], [1.7036533, 42.5488096], [1.6993275, 42.5489492], [1.6958307, 42.5507735], [1.6926844, 42.5533487], [1.6896722, 42.5564427], [1.6863412, 42.5591551], [1.6827531, 42.5615553], [1.6800428, 42.5648137], [1.6785132, 42.5688625], [1.6794454, 42.5658327], [1.6798021, 42.5654707], [1.6782877, 42.5695252], [1.6754079, 42.5726709], [1.6721063, 42.5752215], [1.6690642, 42.5762769], [1.6655638, 42.5759959], [1.6612586, 42.5763208], [1.6586737, 42.5760107], [1.6550712, 42.5751356], [1.6509866, 42.5753156], [1.6472887, 42.5772451], [1.6430377, 42.5778794], [1.6387544, 42.5781794], [1.6349661, 42.5778535], [1.6313121, 42.5784681], [1.6271698, 42.5778033], [1.6270018, 42.5777568], [1.6231634, 42.5758852], [1.6193123, 42.574169], [1.6154922, 42.5726248], [1.6113465, 42.5716053], [1.6071604, 42.5708968], [1.6047007, 42.5689529], [1.600903, 42.5670945], [1.5983287, 42.5661338], [1.5954431, 42.5652009], [1.5961005, 42.5654848], [1.5920385, 42.5640685], [1.5901554, 42.5607545], [1.5865945, 42.5591481], [1.5854601, 42.5583324], [1.5835084, 42.5563246], [1.5811516, 42.5552559], [1.5769488, 42.5550519], [1.5745596, 42.5549056], [1.5737125, 42.55509], [1.5699685, 42.5558876], [1.5657705, 42.5549037], [1.5634586, 42.5555425], [1.5613372, 42.5565952], [1.5615634, 42.5578617], [1.5572704, 42.5579693], [1.5544178, 42.5584931], [1.5547164, 42.5590173], [1.5507303, 42.5586257], [1.5464707, 42.5582913], [1.5431766, 42.5577395], [1.5398331, 42.557898], [1.5363936, 42.5569517], [1.5329909, 42.555609], [1.5290847, 42.5543302], [1.5269964, 42.5522597], [1.5271934, 42.5521145], [1.5256835, 42.5502226]], "mood_vectors": [[0.0348, 0.0163, 0.0989, 0.0326, 0.0339, 0.7461, 0.0374], [0.051, 0.0146, 0.0798, 0.045, 0.0149, 0.7619, 0.0329], [0.0654, 0.0801, 0.0475, 0.0343, 0.0397, 0.712, 0.0211], [0.0365, 0.0779, 0.0491, 0.049, 0.069, 0.648, 0.0705], [0.0848, 0.0167, 0.0269, 0.0696, 0.0201, 0.6902, 0.0917], [0.0262, 0.058, 0.021, 0.0606, 0.0794, 0.6755, 0.0793], [0.0588, 0.0798, 0.0524, 0.0254, 0.039, 0.6502, 0.0944], [0.0525, 0.0507, 0.0242, 0.0695, 0.0462, 0.7129, 0.0438], [0.0193, 0.0133, 0.0683, 0.0349, 0.0757, 0.7108, 0.0777], [0.0486, 0.0263, 0.0362, 0.0184, 0.0581, 0.7938, 0.0186], [0.0361, 0.0663, 0.0659, 0.0535, 0.035, 0.6794, 0.0637], [0.0494, 0.04, 0.0342, 0.0434, 0.0593, 0.7279, 0.0458], [0.0673, 0.0408, 0.0213, 0.0493, 0.0524, 0.6705, 0.0984], [0.0898, 0.0176, 0.0751, 0.068, 0.0571, 0.6712, 0.0213], [0.0524, 0.0725, 0.0277, 0.074, 0.0594, 0.6689, 0.0451], [0.0787, 0.022, 0.0277, 0.022, 0.09, 0.7116, 0.0479], [0.0183, 0.0403, 0.061, 0.03, 0.0718, 0.7294, 0.0492], [0.0748, 0.0209, 0.0255, 0.0493, 0.0775, 0.7366, 0.0154], [0.0779, 0.0933, 0.0309, 0.0308, 0.0154, 0.7037, 0.048], [0.0308, 0.0277, 0.0395, 0.0223, 0.0934, 0.7338, 0.0526], [0.0856, 0.0283, 0.0178, 0.0858, 0.0481, 0.6969, 0.0375], [0.0726, 0.0425, 0.046, 0.0623, 0.0742, 0.6318, 0.0707], [0.0681, 0.0501, 0.073, 0.0251, 0.0612, 0.7009, 0.0214], [0.0666, 0.0606, 0.0667, 0.0605, 0.0122, 0.6595, 0.074], [0.03, 0.0595, 0.0522, 0.0267, 0.0552, 0.7075, 0.0689], [0.0549, 0.0553, 0.0511, 0.0139, 0.0626, 0.703, 0.0592], [0.0611, 0.0304, 0.0299, 0.0285, 0.0673, 0.7401, 0.0427], [0.0367, 0.0371, 0.0772, 0.0228, 0.0522, 0.7285, 0.0455], [0.0688, 0.041, 0.0789, 0.0348, 0.0756, 0.6636, 0.0373], [0.0215, 0.0394, 0.0295, 0.054, 0.0554, 0.7434, 0.0568], [0.0955, 0.0237, 0.0226, 0.0894, 0.0228, 0.6482, 0.0978], [0.0576, 0.0497, 0.0447, 0.0503, 0.0421, 0.7032, 0.0524], [0.0253, 0.0631, 0.048, 0.0188, 0.0684, 0.7417, 0.0346], [0.0424, 0.0723, 0.0546, 0.064, 0.0378, 0.6651, 0.0638], [0.0283, 0.0538, 0.0309, 0.0697, 0.0701, 0.7361, 0.0111], [0.0169, 0.0163, 0.081, 0.0853, 0.058, 0.7014, 0.041], [0.0502, 0.0405, 0.0491, 0.0379, 0.0532, 0.7544, 0.0148], [0.049, 0.0909, 0.0458, 0.0736, 0.0468, 0.6671, 0.0267], [0.0587, 0.0196, 0.0191, 0.0498, 0.0374, 0.7427, 0.0726], [0.0273, 0.0409, 0.0218, 0.0161, 0.0149, 0.8522, 0.0268], [0.0457, 0.0733, 0.0475, 0.0124, 0.058, 0.7116, 0.0516], [0.0271, 0.0628, 0.0298, 0.0277, 0.0772, 0.7007, 0.0747], [0.0399, 0.0204, 0.0233, 0.029, 0.0177, 0.7732, 0.0965], [0.0771, 0.0204, 0.0217, 0.0302, 0.0245, 0.7549, 0.0713], [0.0302, 0.0215, 0.0774, 0.0467, 0.0526, 0.7412, 0.0303], [0.0731, 0.0553, 0.0427, 0.0227, 0.0322, 0.7169, 0.0571], [0.077, 0.0214, 0.0384, 0.0387, 0.0875, 0.724, 0.0129], [0.0341, 0.0233, 0.0625, 0.0568, 0.0554, 0.737, 0.031], [0.0977, 0.018, 0.028, 0.0229, 0.0787, 0.7143, 0.0404], [0.0164, 0.0554, 0.0519, 0.0401, 0.0618, 0.7039, 0.0705], [0.0295, 0.0258, 0.0716, 0.0625, 0.0798, 0.6632, 0.0678], [0.0277, 0.031, 0.074, 0.05, 0.0511, 0.7297, 0.0365], [0.0186, 0.0373, 0.0248, 0.0352, 0.0722, 0.7701, 0.0418], [0.0799, 0.0298, 0.041, 0.0547, 0.0742, 0.6709, 0.0495], [0.026, 0.0903, 0.0551, 0.0326, 0.0381, 0.708, 0.0498], [0.0414, 0.0152, 0.0735, 0.0759, 0.0327, 0.7194, 0.042], [0.0164, 0.0317, 0.0267, 0.0271, 0.0512, 0.7686, 0.0784], [0.0695, 0.0614, 0.0674, 0.0704, 0.0499, 0.6512, 0.0302], [0.058, 0.0187, 0.0387, 0.0251, 0.0543, 0.7387, 0.0665], [0.0136, 0.0133, 0.0686, 0.0536, 0.0124, 0.8171, 0.0215], [0.0165, 0.0569, 0.0564, 0.0409, 0.0149, 0.7335, 0.0809], [0.0409, 0.0423, 0.0448, 0.0215, 0.0823, 0.7494, 0.0187], [0.0841, 0.0482, 0.0591, 0.0787, 0.0738, 0.6363, 0.0197], [0.0675, 0.0208, 0.0789, 0.0699, 0.0606, 0.6851, 0.0173], [0.0829, 0.0832, 0.0596, 0.0145, 0.0724, 0.5984, 0.0889], [0.0144, 0.0317, 0.029, 0.0575, 0.0645, 0.7447, 0.0582], [0.0536, 0.0205, 0.0347, 0.0225, 0.0537, 0.739, 0.0759], [0.0628, 0.0518, 0.0306, 0.0485, 0.0494, 0.6863, 0.0706], [0.0172, 0.062, 0.0584, 0.0345, 0.0666, 0.7072, 0.0541], [0.067, 0.0188, 0.0514, 0.0295, 0.0651, 0.7254, 0.0429], [0.0339, 0.0656, 0.0621, 0.0455, 0.0321, 0.7024, 0.0585], [0.0836, 0.0224, 0.0244, 0.0893, 0.0455, 0.6699, 0.0648], [0.0437, 0.0182, 0.0455, 0.0658, 0.0863, 0.7198, 0.0207], [0.0243, 0.0246, 0.0163, 0.0557, 0.0385, 0.7788, 0.0619], [0.0236, 0.0594, 0.0432, 0.0314, 0.0467, 0.7543, 0.0415], [0.0476, 0.0191, 0.0487, 0.0971, 0.032, 0.725, 0.0305], [0.0581, 0.0514, 0.0207, 0.0163, 0.0312, 0.8012, 0.0212], [0.0567, 0.031, 0.0534, 0.0338, 0.0802, 0.7011, 0.0437], [0.0276, 0.0707, 0.0612, 0.0472, 0.0241, 0.7119, 0.0573], [0.0318, 0.0119, 0.0246, 0.0751, 0.0552, 0.7301, 0.0713]], "emotions": ["purple", "purple", "purple", "purple", "purple", "purple", "purple", "purple", "purple", "purple", "purple", "purple", "purple", "purple", "purple", "purple", "purple", "purple", "purple", "purple", "purple", "purple", "purple", "purple", "purple", "purple", "purple", "purple", "purple", "purple", "purple", "purple", "purple", "purple", "purple", "purple", "purple", "purple", "purple", "purple", "purple", "purple", "purple", "purple", "purple", "purple", "purple", "purple", "purple", "purple", "purple", "purple", "purple", "purple", "purple", "purple", "purple", "purple", "purple", "purple", "purple", "purple", "purple", "purple", "purple", "purple", "purple", "purple", "purple", "purple", "purple", "purple", "purple", "purple", "purple", "purple", "purple", "purple", "purple", "purple"], "timestamps": [0, 40, 80, 120, 160, 200, 240, 280, 320, 360, 400, 440, 480, 520, 560, 600, 640, 680, 720, 760, 800, 840, 880, 920, 960, 1000, 1040, 1080, 1120, 1160, 1200, 1240, 1280, 1320, 1360, 1400, 1440, 1480, 1520, 1560, 1600, 1640, 1680, 1720, 1760, 1800, 1840, 1880, 1920, 1960, 2000, 2040, 2080, 2120, 2160, 2200, 2240, 2280, 2320, 2360, 2400, 2440, 2480, 2520, 2560, 2600, 2640, 2680, 2720, 2760, 2800, 2840, 2880, 2920, 2960, 3000, 3040, 3080, 3120, 3160]}], "conversation": [], "conversation_timestamps": []}