{"agent_id": "agent-orange-1018", "type": "orange", "trips": [{"trip_id": 0, "transport_method": "car", "start_time": 0, "path": [[1.5140693, 42.5053393], [1.5179894, 42.5066499], [1.5219879, 42.5077385], [1.5262871, 42.5082923], [1.5298467, 42.5091312], [1.5340284, 42.5099202], [1.5384332, 42.5100567], [1.5422186, 42.5088945], [1.5459268, 42.5095842], [1.5474047, 42.5112488], [1.5501081, 42.5120182], [1.5523354, 42.5134437], [1.5536863, 42.5167754], [1.5569086, 42.519556], [1.559466, 42.5218654], [1.5626634, 42.5244619], [1.5666741, 42.5261794], [1.5703667, 42.5285702], [1.5736587, 42.5305221], [1.577801, 42.5317627], [1.5794927, 42.531749], [1.5837923, 42.5322346], [1.587385, 42.5347323], [1.5911842, 42.5357414], [1.5953361, 42.5367056], [1.5992727, 42.5366183], [1.603637, 42.5370225], [1.6075911, 42.536119], [1.6119408, 42.5364756], [1.6162767, 42.5367904], [1.6182361, 42.5364814], [1.6175253, 42.535607], [1.6218938, 42.535455], [1.626036, 42.5359522], [1.6244379, 42.5381428], [1.6269907, 42.5385575], [1.6272126, 42.5385716], [1.6315481, 42.5390976], [1.6358907, 42.5394441], [1.6400032, 42.5405872], [1.644094, 42.5413989], [1.6480968, 42.5418966], [1.651987, 42.5424413], [1.656101, 42.5412094], [1.6595736, 42.5401926], [1.6563888, 42.5411203], [1.6606231, 42.5398458], [1.6648838, 42.5392652], [1.6693055, 42.5392227], [1.6698079, 42.5393722], [1.6654293, 42.5394085], [1.6627987, 42.5372462], [1.6635931, 42.5392513], [1.6680139, 42.5391502], [1.6724348, 42.5390492], [1.6747359, 42.5380689], [1.678745, 42.5398259], [1.6826104, 42.5418942], [1.6839209, 42.5452186], [1.6825708, 42.5484261], [1.6800532, 42.5505792], [1.6812232, 42.5533398], [1.6849929, 42.5549517], [1.6869097, 42.5558695], [1.6881276, 42.5579361], [1.6890217, 42.557125], [1.6920255, 42.5538832], [1.695406, 42.5510665], [1.6982263, 42.5477336], [1.7017125, 42.5451151], [1.7060705, 42.5444328], [1.7104823, 42.5441332], [1.7149014, 42.5439898], [1.719321, 42.543848], [1.7237413, 42.5437622], [1.7281063, 42.5443689], [1.73213, 42.5461761], [1.7337549, 42.5465944], [1.7352645, 42.5452649], [1.7340687, 42.5429619]], "mood_vectors": [[0.0339, 0.0243, 0.0806, 0.0244, 0.7175, 0.039, 0.0803], [0.0424, 0.0558, 0.0694, 0.0577, 0.6755, 0.0593, 0.0399], [0.0164, 0.0582, 0.062, 0.0329, 0.7097, 0.084, 0.0367], [0.051, 0.0557, 0.0165, 0.0218, 0.7374, 0.0381, 0.0796], [0.0606, 0.0517, 0.0545, 0.0881, 0.655, 0.0487, 0.0415], [0.0372, 0.0568, 0.0694, 0.0199, 0.6963, 0.0701, 0.0502], [0.0172, 0.0697, 0.0679, 0.0681, 0.6299, 0.0778, 0.0695], [0.0362, 0.0301, 0.0459, 0.0652, 0.7475, 0.0307, 0.0444], [0.0288, 0.0528, 0.014, 0.0516, 0.7313, 0.0792, 0.0422], [0.0146, 0.0239, 0.0788, 0.075, 0.7096, 0.0765, 0.0215], [0.0222, 0.044, 0.0225, 0.0897, 0.6884, 0.0998, 0.0335], [0.0511, 0.0667, 0.049, 0.0404, 0.7531, 0.0158, 0.0239], [0.0338, 0.0321, 0.0296, 0.047, 0.7689, 0.0445, 0.0441], [0.0178, 0.0688, 0.0231, 0.073, 0.7143, 0.0529, 0.0501], [0.046, 0.0361, 0.024, 0.0154, 0.7551, 0.0589, 0.0644], [0.0463, 0.04, 0.0229, 0.055, 0.749, 0.0272, 0.0597], [0.0593, 0.094, 0.0573, 0.0437, 0.6789, 0.039, 0.0279], [0.0442, 0.0788, 0.0448, 0.0334, 0.7333, 0.0378, 0.0276], [0.0773, 0.0379, 0.0623, 0.0503, 0.6947, 0.0385, 0.0389], [0.0733, 0.0697, 0.0322, 0.0322, 0.6702, 0.0555, 0.067], [0.0768, 0.0381, 0.0338, 0.0237, 0.7915, 0.0199, 0.0162], [0.0442, 0.0264, 0.0397, 0.0551, 0.7262, 0.0743, 0.034], [0.0586, 0.0522, 0.0625, 0.061, 0.6814, 0.0178, 0.0665], [0.0173, 0.0236, 0.0275, 0.0582, 0.7744, 0.0474, 0.0517], [0.0477, 0.0676, 0.0678, 0.0695, 0.6899, 0.0424, 0.0151], [0.0473, 0.0334, 0.0732, 0.0368, 0.7338, 0.0503, 0.0251], [0.0862, 0.0397, 0.0327, 0.0371, 0.6608, 0.0498, 0.0936], [0.0419, 0.0148, 0.0371, 0.0508, 0.7944, 0.0365, 0.0246], [0.0186, 0.0491, 0.0409, 0.0325, 0.8186, 0.0158, 0.0245], [0.0785, 0.0956, 0.0224, 0.0514, 0.6812, 0.0508, 0.0201], [0.0799, 0.0741, 0.0376, 0.02, 0.68, 0.0307, 0.0776], [0.0345, 0.0592, 0.0357, 0.0289, 0.7736, 0.0355, 0.0326], [0.0686, 0.0456, 0.0459, 0.0554, 0.6505, 0.0641, 0.0699], [0.0725, 0.0478, 0.0403, 0.0703, 0.6777, 0.0472, 0.0443], [0.0727, 0.0554, 0.0331, 0.0703, 0.6657, 0.0357, 0.0672], [0.0207, 0.0814, 0.0139, 0.0816, 0.7543, 0.0143, 0.0338], [0.0514, 0.0211, 0.0352, 0.0524, 0.7181, 0.0877, 0.0341], [0.0416, 0.0638, 0.0215, 0.0319, 0.7185, 0.0519, 0.0708], [0.0675, 0.0316, 0.0728, 0.0757, 0.6052, 0.0847, 0.0625], [0.0395, 0.0728, 0.0723, 0.0629, 0.6325, 0.0541, 0.0658], [0.0459, 0.0257, 0.0475, 0.0325, 0.7963, 0.0359, 0.016], [0.0671, 0.0786, 0.0663, 0.0481, 0.6283, 0.0642, 0.0475], [0.032, 0.0768, 0.0493, 0.0429, 0.6835, 0.0407, 0.0749], [0.0232, 0.0764, 0.0597, 0.0256, 0.718, 0.0154, 0.0816], [0.0567, 0.0787, 0.0239, 0.0495, 0.7142, 0.0642, 0.0128], [0.0196, 0.0392, 0.0326, 0.0656, 0.7966, 0.0225, 0.0238], [0.018, 0.0642, 0.0659, 0.0687, 0.6649, 0.0727, 0.0456], [0.0413, 0.0451, 0.0702, 0.0712, 0.6917, 0.0532, 0.0272], [0.0431, 0.0138, 0.0333, 0.0324, 0.7516, 0.0551, 0.0708], [0.0494, 0.0302, 0.0608, 0.0689, 0.7511, 0.0123, 0.0272], [0.0577, 0.0627, 0.0538, 0.0682, 0.6416, 0.0294, 0.0867], [0.0221, 0.0184, 0.0811, 0.0674, 0.6876, 0.0854, 0.038], [0.0736, 0.0182, 0.0535, 0.0256, 0.7375, 0.0316, 0.06], [0.0232, 0.0265, 0.0542, 0.0453, 0.7936, 0.0436, 0.0136], [0.0842, 0.0886, 0.0309, 0.0599, 0.622, 0.0827, 0.0316], [0.0415, 0.052, 0.0749, 0.0241, 0.7324, 0.0385, 0.0366], [0.0489, 0.0611, 0.0224, 0.0547, 0.7404, 0.0281, 0.0444], [0.0724, 0.0236, 0.0659, 0.0608, 0.703, 0.0635, 0.0107], [0.0835, 0.0662, 0.0202, 0.0708, 0.714, 0.0237, 0.0215], [0.0247, 0.0299, 0.0576, 0.0401, 0.7585, 0.0758, 0.0134], [0.0608, 0.0843, 0.0771, 0.0159, 0.6924, 0.0137, 0.0557], [0.083, 0.0576, 0.0658, 0.0375, 0.6944, 0.021, 0.0407], [0.0516, 0.0516, 0.0379, 0.0281, 0.7623, 0.0524, 0.0161], [0.0694, 0.0196, 0.0155, 0.0848, 0.7189, 0.0454, 0.0465], [0.0775, 0.0362, 0.0198, 0.0546, 0.7359, 0.0321, 0.0438], [0.0327, 0.0754, 0.0226, 0.0681, 0.6857, 0.0589, 0.0565], [0.0468, 0.0748, 0.0162, 0.0816, 0.7173, 0.0486, 0.0145], [0.0601, 0.0602, 0.0461, 0.0504, 0.6708, 0.0517, 0.0606], [0.0774, 0.0651, 0.0254, 0.0247, 0.7281, 0.0625, 0.0168], [0.0567, 0.0758, 0.0778, 0.079, 0.6102, 0.0788, 0.0217], [0.0641, 0.017, 0.0702, 0.0219, 0.7571, 0.0519, 0.0178], [0.0529, 0.0196, 0.05, 0.0811, 0.672, 0.0578, 0.0665], [0.0733, 0.035, 0.0303, 0.0387, 0.7494, 0.0479, 0.0253], [0.0144, 0.0482, 0.0543, 0.0249, 0.7429, 0.0822, 0.0331], [0.042, 0.026, 0.0555, 0.0508, 0.7663, 0.0347, 0.0247], [0.0785, 0.0789, 0.0743, 0.0298, 0.6418, 0.053, 0.0437], [0.0195, 0.0698, 0.0193, 0.0349, 0.7545, 0.029, 0.0729], [0.0185, 0.02, 0.0447, 0.0778, 0.7447, 0.0482, 0.0461], [0.068, 0.0694, 0.0504, 0.0611, 0.6294, 0.052, 0.0695], [0.0599, 0.0434, 0.0718, 0.0494, 0.6746, 0.0812, 0.0197]], "emotions": ["red", "red", "red", "red", "red", "red", "red", "red", "red", "red", "red", "red", "red", "red", "red", "red", "red", "red", "red", "red", "red", "red", "red", "red", "red", "red", "red", "red", "red", "red", "red", "red", "red", "red", "red", "red", "red", "red", "red", "red", "red", "red", "red", "red", "red", "red", "red", "red", "red", "red", "red", "red", "red", "red", "red", "red", "red", "red", "red", "red", "red", "red", "red", "red", "red", "red", "red", "red", "red", "red", "red", "red", "red", "red", "red", "red", "red", "red", "red", "red"], "timestamps": [0, 40, 80, 120, 160, 200, 240, 280, 320, 360, 400, 440, 480, 520, 560, 600, 640, 680, 720, 760, 800, 840, 880, 920, 960, 1000, 1040, 1080, 1120, 1160, 1200, 1240, 1280, 1320, 1360, 1400, 1440, 1480, 1520, 1560, 1600, 1640, 1680, 1720, 1760, 1800, 1840, 1880, 1920, 1960, 2000, 2040, 2080, 2120, 2160, 2200, 2240, 2280, 2320, 2360, 2400, 2440, 2480, 2520, 2560, 2600, 2640, 2680, 2720, 2760, 2800, 2840, 2880, 2920, 2960, 3000, 3040, 3080, 3120, 3160]}], "conversation": [], "conversation_timestamps": []}