{"agent_id": "agent-red-1071", "type": "red", "trips": [{"trip_id": 0, "transport_method": "foot", "start_time": 0, "path": [[1.523383, 42.5078112], [1.5244407, 42.5078091], [1.525465, 42.5080864], [1.5264936, 42.5083278], [1.5275511, 42.5083912], [1.5285266, 42.5088059], [1.5288502, 42.5088826], [1.52988, 42.5091409], [1.5308832, 42.5094072], [1.5318782, 42.5097775], [1.5329005, 42.5099823], [1.5338895, 42.5099023], [1.5349482, 42.5099052], [1.5360079, 42.5099423], [1.5370573, 42.5100312], [1.5381185, 42.5100482], [1.5391135, 42.5102747], [1.540042, 42.5097928], [1.5409243, 42.50926], [1.5418922, 42.5089021], [1.542182, 42.5088952], [1.5432384, 42.5089879], [1.5442458, 42.5092976], [1.5453058, 42.5093561], [1.5460025, 42.5096245], [1.5457238, 42.5095197], [1.5463244, 42.5101183], [1.5466258, 42.5109581], [1.5476194, 42.5113069], [1.5486518, 42.5115546], [1.5496758, 42.5118322], [1.5501396, 42.5120265], [1.5501513, 42.5120383], [1.5510438, 42.5125937], [1.5513657, 42.512917], [1.5513367, 42.5128099], [1.5522269, 42.5133775], [1.5524953, 42.5136073], [1.5527003, 42.5145942], [1.5531872, 42.5155149], [1.5535601, 42.5165014], [1.5541437, 42.5173801], [1.5550319, 42.5179476], [1.5559197, 42.5183916], [1.5566276, 42.5191772], [1.5572912, 42.5199449], [1.5580392, 42.5206983], [1.5588255, 42.5214115], [1.5596958, 42.5220091], [1.5595549, 42.5219943], [1.560453, 42.5225456], [1.5613317, 42.5231374], [1.562102, 42.5238611], [1.5628679, 42.5245779], [1.5638653, 42.5249292], [1.5648397, 42.5252666], [1.5658287, 42.5256493], [1.5667222, 42.5262162], [1.5675584, 42.5268704], [1.5684886, 42.5273745], [1.5693769, 42.527937], [1.5702713, 42.5285074], [1.5711131, 42.5291451], [1.5719268, 42.5298155], [1.5725624, 42.5306609], [1.573266, 42.531455], [1.5740758, 42.5321291], [1.5750287, 42.53244], [1.5760646, 42.5326253], [1.5770965, 42.5328072], [1.5781423, 42.5329746], [1.5791551, 42.5332464], [1.580133, 42.5336398], [1.580841, 42.5343659], [1.581434, 42.5352368], [1.5822031, 42.5358513], [1.5828148, 42.5362638], [1.5838443, 42.5365189], [1.5848466, 42.5367755], [1.5858437, 42.5371212]], "mood_vectors": [[0.7814, 0.0182, 0.0632, 0.0158, 0.0555, 0.046, 0.0199], [0.7297, 0.0137, 0.0532, 0.0346, 0.0399, 0.0588, 0.07], [0.6506, 0.0393, 0.0558, 0.0673, 0.0567, 0.0627, 0.0677], [0.7267, 0.0307, 0.0272, 0.0612, 0.0412, 0.0634, 0.0496], [0.662, 0.0729, 0.0637, 0.0375, 0.0604, 0.0344, 0.0691], [0.7098, 0.0162, 0.0298, 0.0762, 0.0741, 0.0359, 0.0579], [0.7222, 0.0637, 0.0597, 0.019, 0.017, 0.0558, 0.0626], [0.7507, 0.0638, 0.0202, 0.0162, 0.0509, 0.0627, 0.0355], [0.7349, 0.0304, 0.0492, 0.0252, 0.0186, 0.0748, 0.067], [0.6808, 0.0668, 0.06, 0.0638, 0.0577, 0.0117, 0.0591], [0.6945, 0.0684, 0.06, 0.0161, 0.0458, 0.0913, 0.0238], [0.6893, 0.0575, 0.0454, 0.0647, 0.0701, 0.0363, 0.0366], [0.6819, 0.0142, 0.0674, 0.0366, 0.0703, 0.0925, 0.0371], [0.72, 0.044, 0.0789, 0.0342, 0.0245, 0.0413, 0.0571], [0.7604, 0.0146, 0.0636, 0.0377, 0.0653, 0.0211, 0.0374], [0.6485, 0.051, 0.0807, 0.0321, 0.04, 0.0666, 0.0811], [0.7026, 0.017, 0.0364, 0.0689, 0.0535, 0.0645, 0.057], [0.7079, 0.0179, 0.0567, 0.069, 0.0257, 0.0494, 0.0734], [0.7794, 0.0226, 0.0216, 0.0417, 0.0358, 0.057, 0.0419], [0.7429, 0.0291, 0.0231, 0.0375, 0.1005, 0.03, 0.037], [0.7507, 0.0161, 0.0448, 0.0667, 0.0418, 0.0447, 0.0353], [0.7061, 0.0681, 0.0228, 0.0283, 0.0606, 0.0486, 0.0655], [0.6513, 0.038, 0.049, 0.0696, 0.0628, 0.0671, 0.0622], [0.7441, 0.0399, 0.0553, 0.0332, 0.0506, 0.0301, 0.0469], [0.7493, 0.0238, 0.0759, 0.0277, 0.0647, 0.0456, 0.0131], [0.7278, 0.0443, 0.0618, 0.0594, 0.021, 0.0354, 0.0502], [0.6376, 0.0618, 0.0799, 0.0237, 0.0605, 0.0831, 0.0533], [0.652, 0.0406, 0.0654, 0.0568, 0.0386, 0.0743, 0.0723], [0.7164, 0.0463, 0.0574, 0.0601, 0.0236, 0.0711, 0.0251], [0.7129, 0.0753, 0.0213, 0.013, 0.033, 0.0762, 0.0683], [0.8115, 0.0283, 0.0488, 0.0168, 0.0304, 0.0303, 0.0338], [0.7196, 0.0259, 0.0401, 0.0188, 0.0722, 0.0799, 0.0435], [0.8194, 0.0133, 0.0226, 0.0296, 0.0344, 0.0288, 0.0519], [0.6874, 0.0237, 0.0641, 0.0796, 0.0589, 0.0447, 0.0416], [0.6189, 0.0685, 0.0875, 0.0718, 0.0692, 0.0483, 0.0359], [0.7557, 0.0577, 0.0412, 0.042, 0.0516, 0.0375, 0.0143], [0.7295, 0.0162, 0.0672, 0.0443, 0.0593, 0.0544, 0.0291], [0.6101, 0.0598, 0.0562, 0.0825, 0.0711, 0.0323, 0.0879], [0.6782, 0.0522, 0.0139, 0.0604, 0.0851, 0.0709, 0.0393], [0.7806, 0.029, 0.0187, 0.0663, 0.0122, 0.0412, 0.052], [0.7543, 0.0281, 0.0173, 0.0411, 0.0874, 0.0495, 0.0224], [0.7213, 0.0459, 0.0698, 0.0396, 0.0141, 0.0835, 0.0258], [0.7143, 0.0145, 0.0279, 0.0372, 0.0734, 0.0699, 0.0628], [0.724, 0.0739, 0.0417, 0.0314, 0.0165, 0.0502, 0.0622], [0.6432, 0.0914, 0.0338, 0.0848, 0.0343, 0.0744, 0.0382], [0.6801, 0.0465, 0.0476, 0.0421, 0.0741, 0.0373, 0.0724], [0.71, 0.0177, 0.0509, 0.0301, 0.0619, 0.0582, 0.0713], [0.703, 0.0574, 0.0342, 0.072, 0.0339, 0.0681, 0.0315], [0.6186, 0.0875, 0.085, 0.087, 0.0309, 0.0513, 0.0397], [0.7284, 0.0403, 0.0483, 0.0675, 0.0351, 0.0632, 0.0173], [0.7733, 0.0524, 0.0229, 0.0123, 0.016, 0.0692, 0.054], [0.7377, 0.0644, 0.0446, 0.0484, 0.0207, 0.0227, 0.0615], [0.6863, 0.0514, 0.0355, 0.0659, 0.062, 0.023, 0.0759], [0.6885, 0.0205, 0.0815, 0.0326, 0.0854, 0.0344, 0.0571], [0.7513, 0.0269, 0.0581, 0.0682, 0.0163, 0.0592, 0.0201], [0.6995, 0.0174, 0.0861, 0.0402, 0.0319, 0.0844, 0.0406], [0.835, 0.019, 0.0215, 0.0189, 0.0239, 0.0288, 0.053], [0.6643, 0.0821, 0.0301, 0.0511, 0.0327, 0.0538, 0.0859], [0.7363, 0.0717, 0.0314, 0.0428, 0.0672, 0.0298, 0.0208], [0.82, 0.0276, 0.0181, 0.0462, 0.0138, 0.0263, 0.048], [0.6299, 0.0571, 0.0822, 0.0812, 0.0309, 0.0396, 0.0791], [0.7268, 0.0145, 0.0628, 0.0637, 0.0676, 0.0126, 0.052], [0.6932, 0.0566, 0.0315, 0.0534, 0.0858, 0.0338, 0.0457], [0.7106, 0.057, 0.0695, 0.0374, 0.0398, 0.0673, 0.0185], [0.6624, 0.0716, 0.0388, 0.0472, 0.0454, 0.077, 0.0576], [0.7173, 0.0715, 0.034, 0.0587, 0.0569, 0.0157, 0.0459], [0.7239, 0.0486, 0.0544, 0.03, 0.0317, 0.0353, 0.076], [0.7038, 0.1004, 0.0568, 0.0154, 0.0786, 0.02, 0.025], [0.7436, 0.0751, 0.0179, 0.0589, 0.0637, 0.0137, 0.0271], [0.7221, 0.0253, 0.0594, 0.0323, 0.0362, 0.0717, 0.0529], [0.6427, 0.0656, 0.0688, 0.0907, 0.0205, 0.0298, 0.0819], [0.7311, 0.064, 0.0681, 0.0285, 0.0601, 0.0287, 0.0194], [0.6078, 0.0255, 0.0942, 0.0397, 0.0699, 0.0708, 0.0922], [0.6504, 0.018, 0.0598, 0.0891, 0.0669, 0.0339, 0.0819], [0.6509, 0.0711, 0.0469, 0.0354, 0.0632, 0.0663, 0.0662], [0.7311, 0.0719, 0.0117, 0.0353, 0.0163, 0.0707, 0.063], [0.7051, 0.0561, 0.0615, 0.0491, 0.0346, 0.0399, 0.0537], [0.8036, 0.0267, 0.0241, 0.0143, 0.0391, 0.0148, 0.0775], [0.7443, 0.0225, 0.0533, 0.0756, 0.0265, 0.0162, 0.0615], [0.6224, 0.078, 0.0396, 0.0659, 0.0793, 0.0379, 0.0768]], "emotions": ["red", "red", "red", "red", "red", "red", "red", "red", "red", "red", "red", "red", "red", "red", "red", "red", "red", "red", "red", "red", "red", "red", "red", "red", "red", "red", "red", "red", "red", "red", "red", "red", "red", "red", "red", "red", "red", "red", "red", "red", "red", "red", "red", "red", "red", "red", "red", "red", "red", "red", "red", "red", "red", "red", "red", "red", "red", "red", "red", "red", "red", "red", "red", "red", "red", "red", "red", "red", "red", "red", "red", "red", "red", "red", "red", "red", "red", "red", "red", "red"], "timestamps": [0, 40, 80, 120, 160, 200, 240, 280, 320, 360, 400, 440, 480, 520, 560, 600, 640, 680, 720, 760, 800, 840, 880, 920, 960, 1000, 1040, 1080, 1120, 1160, 1200, 1240, 1280, 1320, 1360, 1400, 1440, 1480, 1520, 1560, 1600, 1640, 1680, 1720, 1760, 1800, 1840, 1880, 1920, 1960, 2000, 2040, 2080, 2120, 2160, 2200, 2240, 2280, 2320, 2360, 2400, 2440, 2480, 2520, 2560, 2600, 2640, 2680, 2720, 2760, 2800, 2840, 2880, 2920, 2960, 3000, 3040, 3080, 3120, 3160]}], "conversation": [], "conversation_timestamps": []}