{"agent_id": "agent-purple-594", "type": "purple", "trips": [{"trip_id": 0, "transport_method": "foot", "start_time": 0, "path": [[1.5247363, 42.5068561], [1.5258329, 42.5071348], [1.5264152, 42.5072133], [1.5252773, 42.5070736], [1.5261541, 42.507166], [1.5272949, 42.5072813], [1.5279518, 42.5081317], [1.5288597, 42.5087854], [1.5284838, 42.5093338], [1.5292819, 42.5101326], [1.5295374, 42.5110136], [1.5304131, 42.5116528], [1.5308634, 42.5124499], [1.5303192, 42.5134419], [1.5301838, 42.5144756], [1.5293452, 42.5152313], [1.5285227, 42.5159979], [1.5275295, 42.5165715], [1.5265362, 42.517145], [1.5270196, 42.5169381], [1.5280177, 42.5164205], [1.5288999, 42.5157811], [1.5279382, 42.5164061], [1.5269765, 42.517031], [1.5260147, 42.517656], [1.525053, 42.5182809], [1.5251448, 42.518197], [1.5259812, 42.5174259], [1.5256159, 42.5177859], [1.5246829, 42.518453], [1.5239149, 42.5192129], [1.5236999, 42.5203341], [1.5231768, 42.5213506], [1.5222609, 42.5220354], [1.5217347, 42.5230316], [1.5210543, 42.5239474], [1.5206702, 42.5249784], [1.5207806, 42.5261015], [1.5205827, 42.5271967], [1.5210412, 42.5282002], [1.5216236, 42.5291191], [1.521619, 42.5298706], [1.5213446, 42.5307448], [1.5209175, 42.5317539], [1.5213354, 42.5327834], [1.5207403, 42.5336473], [1.5213632, 42.5345545], [1.5222956, 42.5351757], [1.5230072, 42.5360714], [1.5238942, 42.5366174], [1.5250216, 42.5368172], [1.5250683, 42.5375995], [1.5239838, 42.5377764], [1.5231523, 42.5384297], [1.5231704, 42.5395656], [1.5234718, 42.5406334], [1.5232566, 42.5411222], [1.5228813, 42.5421364], [1.5231281, 42.5432367], [1.5236183, 42.5442623], [1.5241127, 42.5452829], [1.5246753, 42.5462808], [1.5246667, 42.5473827], [1.5252341, 42.5483336], [1.5256714, 42.5493798], [1.5262651, 42.5503611], [1.5265106, 42.5508109], [1.5258667, 42.5498633], [1.5254393, 42.5490487], [1.5257832, 42.5501428], [1.5261272, 42.551237], [1.5266097, 42.5522422], [1.5270304, 42.5532783], [1.527841, 42.5540875], [1.528405, 42.5550151], [1.5292743, 42.5557104], [1.5298804, 42.5566092], [1.5308941, 42.5571054], [1.5318394, 42.5577417], [1.5318114, 42.5586375]], "mood_vectors": [[0.0383, 0.0423, 0.0489, 0.0342, 0.0909, 0.6517, 0.0938], [0.0405, 0.0675, 0.0705, 0.0632, 0.066, 0.6374, 0.055], [0.0813, 0.0641, 0.0532, 0.0175, 0.0677, 0.688, 0.0282], [0.0183, 0.0439, 0.0592, 0.0179, 0.0674, 0.6876, 0.1057], [0.0471, 0.088, 0.0196, 0.027, 0.0867, 0.6579, 0.0736], [0.0657, 0.078, 0.0219, 0.0363, 0.0672, 0.6492, 0.0818], [0.0635, 0.0938, 0.0433, 0.0517, 0.0945, 0.6349, 0.0183], [0.0729, 0.019, 0.0416, 0.0609, 0.0307, 0.7189, 0.0559], [0.0151, 0.0225, 0.0456, 0.0999, 0.0899, 0.707, 0.02], [0.0303, 0.0739, 0.0697, 0.0677, 0.0281, 0.6772, 0.053], [0.06, 0.0951, 0.0303, 0.0387, 0.0898, 0.6665, 0.0197], [0.048, 0.0746, 0.0858, 0.0434, 0.0684, 0.6576, 0.0223], [0.0313, 0.0355, 0.0598, 0.0592, 0.0359, 0.7604, 0.018], [0.0489, 0.0855, 0.0281, 0.0642, 0.0339, 0.7041, 0.0353], [0.0647, 0.0479, 0.0849, 0.0309, 0.0179, 0.6947, 0.0589], [0.0697, 0.0361, 0.0484, 0.0239, 0.0381, 0.7603, 0.0236], [0.075, 0.0579, 0.0232, 0.0747, 0.013, 0.7343, 0.022], [0.0691, 0.0539, 0.0569, 0.0126, 0.0386, 0.7184, 0.0505], [0.0276, 0.0459, 0.0251, 0.066, 0.0247, 0.7665, 0.0441], [0.023, 0.0578, 0.0145, 0.0583, 0.0278, 0.7776, 0.0409], [0.0344, 0.0818, 0.0871, 0.0565, 0.0161, 0.7085, 0.0156], [0.0709, 0.0146, 0.0151, 0.0308, 0.0295, 0.8063, 0.0329], [0.0407, 0.0801, 0.0306, 0.0292, 0.027, 0.7385, 0.0539], [0.0599, 0.0416, 0.0736, 0.0285, 0.0526, 0.6616, 0.0821], [0.0551, 0.0642, 0.0163, 0.0659, 0.0679, 0.6847, 0.046], [0.0519, 0.0323, 0.0477, 0.0257, 0.0599, 0.7244, 0.0581], [0.0183, 0.0819, 0.018, 0.0242, 0.0373, 0.734, 0.0863], [0.0316, 0.0225, 0.0377, 0.0544, 0.0748, 0.7351, 0.0439], [0.0569, 0.0153, 0.0569, 0.0123, 0.0196, 0.7662, 0.0728], [0.0569, 0.0522, 0.0484, 0.0443, 0.0303, 0.693, 0.0749], [0.056, 0.0524, 0.0462, 0.0554, 0.0511, 0.6993, 0.0396], [0.0334, 0.0662, 0.0393, 0.0482, 0.0482, 0.7434, 0.0213], [0.0537, 0.0641, 0.0948, 0.0414, 0.07, 0.6341, 0.042], [0.0382, 0.0818, 0.0243, 0.077, 0.0705, 0.62, 0.0882], [0.0747, 0.054, 0.0562, 0.0553, 0.0465, 0.6917, 0.0217], [0.0234, 0.036, 0.0484, 0.0349, 0.0832, 0.6878, 0.0864], [0.0563, 0.0736, 0.0481, 0.0605, 0.0505, 0.634, 0.077], [0.0295, 0.0675, 0.0237, 0.062, 0.0383, 0.7222, 0.0569], [0.0803, 0.049, 0.0444, 0.0502, 0.0969, 0.6538, 0.0255], [0.068, 0.0247, 0.0508, 0.0351, 0.0353, 0.7237, 0.0624], [0.0275, 0.0531, 0.0443, 0.0301, 0.0699, 0.6996, 0.0755], [0.0326, 0.0736, 0.051, 0.0672, 0.0683, 0.6375, 0.0699], [0.0427, 0.0499, 0.0798, 0.0259, 0.0253, 0.7359, 0.0405], [0.0604, 0.0668, 0.021, 0.0222, 0.0316, 0.7227, 0.0751], [0.0247, 0.0151, 0.0823, 0.0694, 0.0581, 0.725, 0.0253], [0.0528, 0.0534, 0.047, 0.04, 0.041, 0.7521, 0.0137], [0.0734, 0.0392, 0.0575, 0.0348, 0.0648, 0.7145, 0.0159], [0.0337, 0.0251, 0.0334, 0.0485, 0.0237, 0.7776, 0.0579], [0.0707, 0.0676, 0.0561, 0.026, 0.0527, 0.6952, 0.0317], [0.041, 0.0452, 0.0162, 0.0614, 0.0695, 0.7058, 0.061], [0.0558, 0.039, 0.0434, 0.0199, 0.0809, 0.6878, 0.0731], [0.0326, 0.0844, 0.0314, 0.0324, 0.0766, 0.6528, 0.0897], [0.0571, 0.0962, 0.0646, 0.0204, 0.097, 0.6466, 0.0182], [0.0457, 0.0428, 0.0685, 0.0472, 0.0611, 0.6885, 0.0462], [0.0248, 0.0725, 0.0468, 0.0574, 0.0332, 0.7221, 0.0433], [0.063, 0.0749, 0.0247, 0.0476, 0.0241, 0.6944, 0.0714], [0.0168, 0.0603, 0.0346, 0.0573, 0.0173, 0.7409, 0.0728], [0.0787, 0.0378, 0.0198, 0.0537, 0.0633, 0.6869, 0.0598], [0.0812, 0.0779, 0.0913, 0.0826, 0.0212, 0.5592, 0.0865], [0.0256, 0.0345, 0.0321, 0.0254, 0.0599, 0.7561, 0.0664], [0.0503, 0.0808, 0.0298, 0.078, 0.0149, 0.6739, 0.0723], [0.0592, 0.0172, 0.0484, 0.039, 0.0691, 0.7319, 0.0352], [0.0146, 0.0811, 0.073, 0.016, 0.0472, 0.6822, 0.086], [0.0158, 0.0153, 0.0359, 0.0755, 0.0848, 0.7257, 0.047], [0.0797, 0.0813, 0.0296, 0.0602, 0.0288, 0.7057, 0.0147], [0.0214, 0.0214, 0.0226, 0.0851, 0.0453, 0.7535, 0.0507], [0.0566, 0.0734, 0.0325, 0.084, 0.046, 0.6551, 0.0525], [0.0251, 0.047, 0.0146, 0.0551, 0.0823, 0.7188, 0.0571], [0.0555, 0.0437, 0.0477, 0.0635, 0.0499, 0.7155, 0.0242], [0.0694, 0.047, 0.055, 0.0301, 0.0716, 0.7028, 0.0242], [0.0322, 0.0458, 0.075, 0.0788, 0.0386, 0.7078, 0.0218], [0.0382, 0.029, 0.0856, 0.0328, 0.0677, 0.6823, 0.0645], [0.0279, 0.0631, 0.0213, 0.0847, 0.0514, 0.6842, 0.0675], [0.0378, 0.0291, 0.0343, 0.0521, 0.0819, 0.6993, 0.0655], [0.0279, 0.0497, 0.0766, 0.077, 0.0273, 0.7248, 0.0167], [0.0607, 0.0264, 0.0772, 0.0601, 0.0413, 0.697, 0.0373], [0.0692, 0.0817, 0.0191, 0.0635, 0.0631, 0.6825, 0.0208], [0.021, 0.0686, 0.0516, 0.0155, 0.0935, 0.7132, 0.0368], [0.0789, 0.0521, 0.0576, 0.0797, 0.0617, 0.6138, 0.0563], [0.0595, 0.0341, 0.0503, 0.0709, 0.0679, 0.681, 0.0363]], "emotions": ["purple", "purple", "purple", "purple", "purple", "purple", "purple", "purple", "purple", "purple", "purple", "purple", "purple", "purple", "purple", "purple", "purple", "purple", "purple", "purple", "purple", "purple", "purple", "purple", "purple", "purple", "purple", "purple", "purple", "purple", "purple", "purple", "purple", "purple", "purple", "purple", "purple", "purple", "purple", "purple", "purple", "purple", "purple", "purple", "purple", "purple", "purple", "purple", "purple", "purple", "purple", "purple", "purple", "purple", "purple", "purple", "purple", "purple", "purple", "purple", "purple", "purple", "purple", "purple", "purple", "purple", "purple", "purple", "purple", "purple", "purple", "purple", "purple", "purple", "purple", "purple", "purple", "purple", "purple", "purple"], "timestamps": [0, 40, 80, 120, 160, 200, 240, 280, 320, 360, 400, 440, 480, 520, 560, 600, 640, 680, 720, 760, 800, 840, 880, 920, 960, 1000, 1040, 1080, 1120, 1160, 1200, 1240, 1280, 1320, 1360, 1400, 1440, 1480, 1520, 1560, 1600, 1640, 1680, 1720, 1760, 1800, 1840, 1880, 1920, 1960, 2000, 2040, 2080, 2120, 2160, 2200, 2240, 2280, 2320, 2360, 2400, 2440, 2480, 2520, 2560, 2600, 2640, 2680, 2720, 2760, 2800, 2840, 2880, 2920, 2960, 3000, 3040, 3080, 3120, 3160]}], "conversation": [], "conversation_timestamps": []}