{
  "agent_id": "agent-type-orange-21",
  "type": "orange",
  "trips": [
    {
      "trip_id": 0,
      "transport_method": "foot",
      "start_time": 0,
      "path": [
        [
          1.5187402000000005,
          42.5085045
        ],
        [
          1.51835277179328,
          42.50838335582402
        ],
        [
          1.5186633526779592,
          42.50841376253525
        ],
        [
          1.518570969281073,
          42.50828892705837
        ],
        [
          1.5189365036315443,
          42.5081124018042
        ],
        [
          1.519302037982016,
          42.50793587655002
        ],
        [
          1.5195666935968843,
          42.5079566648231
        ],
        [
          1.5196376369433993,
          42.50835634415497
        ],
        [
          1.5196438197100857,
          42.50839117651318
        ],
        [
          1.5195728763635707,
          42.50799149718131
        ],
        [
          1.5197487232436928,
          42.50771470881677
        ],
        [
          1.5201263551172715,
          42.507571133702385
        ],
        [
          1.5204969319562767,
          42.50762677840618
        ],
        [
          1.520855291878706,
          42.50781744747219
        ],
        [
          1.5212136518011352,
          42.5080081165382
        ],
        [
          1.5215720117235645,
          42.50819878560421
        ],
        [
          1.5215455546309755,
          42.508418962029886
        ],
        [
          1.5212093022416737,
          42.508323548276884
        ],
        [
          1.5213352925843446,
          42.508405403004296
        ],
        [
          1.5216658841968507,
          42.50832899226595
        ],
        [
          1.5220454594492887,
          42.508365371109676
        ],
        [
          1.5224380552966863,
          42.508468545851464
        ],
        [
          1.5221299610068544,
          42.5084396767102
        ],
        [
          1.5217342069963047,
          42.50834937006665
        ],
        [
          1.5220995470142455,
          42.5084327365769
        ],
        [
          1.5224664820035305,
          42.50847754033694
        ],
        [
          1.5225829999999998,
          42.508088699999995
        ]
      ],
      "emotions": [
        "purple",
        "purple",
        "purple",
        "purple",
        "purple",
        "purple",
        "purple",
        "purple",
        "purple",
        "purple",
        "green",
        "green",
        "green",
        "green",
        "green",
        "red",
        "red",
        "red",
        "red",
        "red",
        "red",
        "red",
        "red",
        "red",
        "red",
        "green",
        "green"
      ],
      "mood_vectors": [
        [
          0.1353512896192366,
          0.22643775041342865,
          0.07959357085530751,
          0.035720159755034474,
          0.057074350770747496,
          0.1613240768586646,
          0.30449880172758076
        ],
        [
          0.11936924223251195,
          0.1972178960413433,
          0.10411629872547044,
          0.04202572766343143,
          0.13684426371876857,
          0.1403141234397731,
          0.2601124481787013
        ],
        [
          0.262580127597892,
          0.02167833873840681,
          0.017688317614381215,
          0.02306064306320418,
          0.31070935460182797,
          0.05800881909233622,
          0.30627439929195155
        ],
        [
          0.171532890995666,
          0.11035502928305453,
          0.20373498437458107,
          0.08424801357138086,
          0.22866537077391896,
          0.19611072377471944,
          0.005352987226679059
        ],
        [
          0.16663163195918423,
          0.1556517691277247,
          0.15123785112538654,
          0.1957330674181042,
          0.12438394358046216,
          0.16531170154941272,
          0.04105003523972552
        ],
        [
          0.039905936413710354,
          0.18686972015669165,
          0.211481481984217,
          0.14884886590731825,
          0.16246185422048165,
          0.041759731412161064,
          0.20867240990542013
        ],
        [
          0.12795763183135406,
          0.18622093731818612,
          0.0925745822258837,
          0.11689268538397916,
          0.24844708653397607,
          0.16640653943593908,
          0.06150053727068176
        ],
        [
          0.15758708074832117,
          0.18599873758208213,
          0.162912984979234,
          0.1174560717684056,
          0.14704927196358575,
          0.11451234872178638,
          0.11448350423658502
        ],
        [
          0.17577347435751473,
          0.06518067787872112,
          0.21941113678752194,
          0.03776193447580932,
          0.26940905698995427,
          0.2185080641176196,
          0.013955655392858965
        ],
        [
          0.18270401329375405,
          0.010044488863005395,
          0.19959666643277033,
          0.1469986601099501,
          0.13856369148203032,
          0.10070685067244842,
          0.22138562914604137
        ],
        [
          0.13384048343276128,
          0.2374063748924908,
          0.05759918865746016,
          0.028171864605550944,
          0.23494318349226953,
          0.22755391558872862,
          0.08048498933073876
        ],
        [
          0.09526591013519005,
          0.22012760779631732,
          0.19327089882190968,
          0.19696089967312114,
          0.1609607414657193,
          0.11816740189240632,
          0.015246540215336215
        ],
        [
          0.20171375938185604,
          0.052985779115317606,
          0.16388055393417458,
          0.09211633366731013,
          0.02326011780172446,
          0.272580103332988,
          0.1934633527666292
        ],
        [
          0.163515064423629,
          0.17413220848802918,
          0.08951970474722377,
          0.024054355116180304,
          0.15432941798076313,
          0.21555690597448451,
          0.1788923432696901
        ],
        [
          0.043927459918696725,
          0.14313071592133733,
          0.21769660128840318,
          0.21609944480320975,
          0.17817546468346043,
          0.12575208094037543,
          0.07521823244451706
        ],
        [
          0.24167029660266404,
          0.2812072177438087,
          0.022773668004912918,
          0.14684258656519575,
          0.19836625382151712,
          0.0022818893962270217,
          0.10685808786567451
        ],
        [
          0.3215761747266158,
          0.11561975760098543,
          0.000774584273061742,
          0.26238584262308495,
          0.08778751712631175,
          0.1833215644792994,
          0.028534559170640864
        ],
        [
          0.06472730245675783,
          0.18397671571292007,
          0.09107591324284435,
          0.1404796681724678,
          0.21488851979002385,
          0.19532535443654397,
          0.10952652618844215
        ],
        [
          0.16302882715246558,
          0.22156401647913096,
          0.02939167389149653,
          0.09232108998191994,
          0.30081368720240204,
          0.12865817875007624,
          0.06422252654250872
        ],
        [
          0.052981025136299605,
          0.08389451499029754,
          0.2535636526496572,
          0.06200600168250955,
          0.1314195791704516,
          0.1623180508595499,
          0.2538171755112346
        ],
        [
          0.22307491466302293,
          0.13504327134202995,
          0.04254329466210555,
          0.08697513341948898,
          0.15277449966753126,
          0.17043820222579661,
          0.18915068402002466
        ],
        [
          0.12996413527378423,
          0.2826245115123336,
          0.13117627073211038,
          0.028649004553534252,
          0.17540602748024312,
          0.17873149701837462,
          0.0734485534296199
        ],
        [
          0.22479734744920385,
          0.24092230846398283,
          0.11818956163449851,
          0.1652163157425962,
          0.16432340068775111,
          0.07782801095290073,
          0.008723055069066739
        ],
        [
          0.1614763543905618,
          0.30249199100797186,
          0.07918022663172669,
          0.15158624803014165,
          0.0610449020095956,
          0.1533343030114875,
          0.09088597491851486
        ],
        [
          0.07901182332101486,
          0.21143491388722507,
          0.06859802015342863,
          0.2255124388160859,
          0.0854003978545904,
          0.22000253373062012,
          0.11003987223703499
        ],
        [
          0.14500865429478807,
          0.3251622253647525,
          0.13273130270230812,
          0.059811561587428126,
          0.19190913986015976,
          0.104770041263021,
          0.040607074927542494
        ],
        [
          0.04354798815266773,
          0.14830975282318282,
          0.28085781299838963,
          0.2270082680990741,
          0.013229597633585673,
          0.12812364959834371,
          0.15892293069475633
        ]
      ],
      "timestamps": [
        0,
        1,
        2,
        3,
        4,
        5,
        6,
        7,
        8,
        9,
        10,
        11,
        12,
        13,
        14,
        15,
        16,
        17,
        18,
        19,
        20,
        21,
        22,
        23,
        24,
        25,
        26
      ],
      "distance": 531.4
    },
    {
      "trip_id": 1,
      "transport_method": "bicycle",
      "start_time": 27,
      "path": [
        [
          1.5226174999999997,
          42.50784550000001
        ],
        [
          1.5229868063907475,
          42.508062430772604
        ],
        [
          1.5226932272801155,
          42.50764235866826
        ],
        [
          1.5221178329379779,
          42.50690903395043
        ],
        [
          1.5219339118346604,
          42.50630194533522
        ],
        [
          1.522408153327182,
          42.506949957103984
        ],
        [
          1.5220595089923334,
          42.50628166766803
        ],
        [
          1.5219913248995363,
          42.50626655254356
        ],
        [
          1.521240723712387,
          42.50607047313156
        ],
        [
          1.5210817469407298,
          42.506061596788186
        ],
        [
          1.5213963192334483,
          42.50643253357359
        ],
        [
          1.5209388102447408,
          42.506007506181454
        ],
        [
          1.5199825030021927,
          42.50575221771452
        ],
        [
          1.5190165850356232,
          42.50552859894531
        ],
        [
          1.5184209339003698,
          42.505843971460855
        ],
        [
          1.5191423890648517,
          42.50632750579701
        ],
        [
          1.520027227065153,
          42.50643906193043
        ],
        [
          1.5192396196091291,
          42.50653923762689
        ],
        [
          1.518656498417156,
          42.506867754040215
        ],
        [
          1.517913493261312,
          42.50630701381787
        ],
        [
          1.5175778796696435,
          42.5060152579144
        ],
        [
          1.5184139545494626,
          42.5065046831804
        ],
        [
          1.5187770559993985,
          42.506357800487734
        ],
        [
          1.5182529365489754,
          42.50553280455266
        ],
        [
          1.517519680871493,
          42.50524321526664
        ],
        [
          1.5182735292201144,
          42.50508624812586
        ],
        [
          1.5180687000000004,
          42.504815199999996
        ]
      ],
      "emotions": [
        "green",
        "green",
        "green",
        "green",
        "green",
        "green",
        "green",
        "green",
        "purple",
        "purple",
        "purple",
        "purple",
        "purple",
        "red",
        "red",
        "red",
        "red",
        "red",
        "red",
        "red",
        "red",
        "red",
        "red",
        "green",
        "green",
        "green",
        "green"
      ],
      "mood_vectors": [
        [
          0.0700461600742574,
          0.2626414660986009,
          0.20272626223785914,
          0.08490290938116551,
          0.009310344559418671,
          0.09588619732811006,
          0.2744866603205883
        ],
        [
          0.17310728612972623,
          0.3181447298520462,
          0.20422582405479056,
          0.13803342681202357,
          0.11770208461531402,
          0.026827783925836336,
          0.02195886461026297
        ],
        [
          0.10120527961308431,
          0.055776170824979175,
          0.1592311920230406,
          0.19567216291837608,
          0.1711976397898562,
          0.19771236363624867,
          0.11920519119441488
        ],
        [
          0.18418039951217605,
          0.05247717312966978,
          0.14117275933801313,
          0.13033545976235783,
          0.1527434061129174,
          0.12853881546048448,
          0.21055198668438135
        ],
        [
          0.08511960269829377,
          0.08020549239003591,
          0.06436208237556576,
          0.195895921375648,
          0.2399441282637943,
          0.2311194180345109,
          0.1033533548621514
        ],
        [
          0.05254018040566849,
          0.19122453063449835,
          0.2198620008380525,
          0.18598454173371842,
          0.2159545502931003,
          0.07035457849298232,
          0.06407961760197962
        ],
        [
          0.360364150511333,
          0.1556157399588961,
          0.08476923279787772,
          0.10060709229668165,
          0.018451381102258687,
          0.06892751618909418,
          0.21126488714385872
        ],
        [
          0.11592744813482697,
          0.17250223983008642,
          0.11843234534987898,
          0.12407883556442982,
          0.18088669359806006,
          0.13657175204928546,
          0.15160068547343236
        ],
        [
          0.013713619248123175,
          0.16635778895361655,
          0.1375287805202726,
          0.2145342746946169,
          0.1274726292999828,
          0.18606741933547627,
          0.15432548794791168
        ],
        [
          0.07683872201556595,
          0.025163566296998334,
          0.024461339191581385,
          0.1953592565171866,
          0.23027004200161125,
          0.2502204608614802,
          0.19768661311557628
        ],
        [
          0.026265955789794578,
          0.3191781380619962,
          0.3849021821175598,
          0.0967232471149621,
          0.052088523147657356,
          0.10421440121189128,
          0.016627552556138667
        ],
        [
          0.1301223678377383,
          0.008203389741548078,
          0.06212311534280583,
          0.062119816666382714,
          0.32142936947987444,
          0.1923052154621693,
          0.22369672546948124
        ],
        [
          0.1366085212124582,
          0.1636937518199076,
          0.18279372373276193,
          0.14098115472645578,
          0.022535192497675202,
          0.1609330383335545,
          0.19245461767718672
        ],
        [
          0.16992088970502214,
          0.04262646361172974,
          0.08859527205824429,
          0.26928279628068086,
          0.06537768394978408,
          0.24887870186868574,
          0.11531819252585311
        ],
        [
          0.23953337224765398,
          0.16668552945163512,
          0.0401564875487707,
          0.10515479153357886,
          0.11071844804854457,
          0.041109466240172136,
          0.29664190492964465
        ],
        [
          0.2558472240173623,
          0.17631977605786003,
          0.07115145928031814,
          0.19546610425656744,
          0.03127482496618813,
          0.014134136152534645,
          0.25580647526916933
        ],
        [
          0.21402418282254543,
          0.037168444107000466,
          0.12077194311588868,
          0.06708372107666492,
          0.12245870027864067,
          0.2372922010706459,
          0.2012008075286139
        ],
        [
          0.005641111554590688,
          0.11031618757797383,
          0.03270107747734612,
          0.1756988254581789,
          0.15577929163597976,
          0.268022451445286,
          0.25184105485064473
        ],
        [
          0.19311717084575417,
          0.2081495152025862,
          0.23583042181960018,
          0.011547505196085174,
          0.2069757625340263,
          0.05401982460834516,
          0.09035979979360283
        ],
        [
          0.20252183465045095,
          0.04139132009678047,
          0.10996890829568244,
          0.07540544045324488,
          0.194411488790587,
          0.07149996385663737,
          0.3048010438566168
        ],
        [
          0.16279603178074428,
          0.17791749420687275,
          0.14344612953442812,
          0.11089377525260838,
          0.20008759065402393,
          0.012461093943994356,
          0.1923978846273282
        ],
        [
          0.2777571925152805,
          0.007268684440829298,
          0.10892814808109684,
          0.23078777691369343,
          0.07585115256891205,
          0.18406466608454297,
          0.11534237939564489
        ],
        [
          0.10746534976228289,
          0.10830130749371225,
          0.1380819030625691,
          0.212499393918256,
          0.05387262831755369,
          0.2244923791912966,
          0.15528703825432952
        ],
        [
          0.035648331839143274,
          0.1290742790750325,
          0.012400983442508104,
          0.1808084398053956,
          0.16939669796480517,
          0.24074340531945201,
          0.23192786255366338
        ],
        [
          0.024956611222731948,
          0.055489792408108383,
          0.2882747463147796,
          0.1691135663807083,
          0.11266220723843136,
          0.08002024281476748,
          0.269482833620473
        ],
        [
          0.013073061655024264,
          0.34378278014770625,
          0.08422036446746876,
          0.05173298953072631,
          0.023378566559122564,
          0.22069218118034192,
          0.26312005645960995
        ],
        [
          0.10917204442798459,
          0.2727372832083923,
          0.15703191652934959,
          0.043929621603232126,
          0.046689844125640034,
          0.10296882115544444,
          0.26747046894995696
        ]
      ],
      "timestamps": [
        27,
        28,
        29,
        30,
        31,
        32,
        33,
        34,
        35,
        36,
        37,
        38,
        39,
        40,
        41,
        42,
        43,
        44,
        45,
        46,
        47,
        48,
        49,
        50,
        51,
        52,
        53
      ],
      "distance": 815.1
    },
    {
      "trip_id": 2,
      "transport_method": "car",
      "start_time": 54,
      "path": [
        [
          1.5175237000000004,
          42.5052188
        ],
        [
          1.5181750944179353,
          42.50548618902123
        ],
        [
          1.5186532618572162,
          42.506189049686256
        ],
        [
          1.5186599827733689,
          42.50672268635894
        ],
        [
          1.5180051593295067,
          42.50614498215077
        ],
        [
          1.5176792063439977,
          42.50604602119824
        ],
        [
          1.5177544181851366,
          42.506603599286265
        ],
        [
          1.5178817641012383,
          42.506912187035795
        ],
        [
          1.5178715498618844,
          42.506941982116814
        ],
        [
          1.5174230880865975,
          42.5065837813776
        ],
        [
          1.5165521771230839,
          42.50651472458308
        ],
        [
          1.5157286869852546,
          42.506705394302855
        ],
        [
          1.5152698943251837,
          42.5070432917246
        ],
        [
          1.516119905496818,
          42.50724512273147
        ],
        [
          1.516969340075455,
          42.50744828235036
        ],
        [
          1.5176940112483088,
          42.50793618048079
        ],
        [
          1.5184241139558698,
          42.50834736831262
        ],
        [
          1.5187173450760303,
          42.508218238696585
        ],
        [
          1.519504056180394,
          42.50783831714481
        ],
        [
          1.5197373018627884,
          42.508597143837044
        ],
        [
          1.5195937303997296,
          42.508108984269924
        ],
        [
          1.5200709903491991,
          42.50758677765458
        ],
        [
          1.5208590513639124,
          42.50781944774479
        ],
        [
          1.5216303215057483,
          42.50822980992086
        ],
        [
          1.5211020999999998,
          42.508253900000014
        ]
      ],
      "emotions": [
        "green",
        "purple",
        "purple",
        "purple",
        "purple",
        "purple",
        "red",
        "red",
        "red",
        "red",
        "red",
        "purple",
        "purple",
        "purple",
        "purple",
        "purple",
        "red",
        "red",
        "red",
        "red",
        "red",
        "green",
        "green",
        "green",
        "green"
      ],
      "mood_vectors": [
        [
          0.1489018799660882,
          0.19634112400780235,
          0.04185216221962033,
          0.20278848401838176,
          0.1554959266160573,
          0.11677327534434043,
          0.1378471478277097
        ],
        [
          0.00019595852422454028,
          0.013046024080422058,
          0.23872747416410264,
          0.057424329316854095,
          0.21829542793709855,
          0.15717357925206057,
          0.31513720672523765
        ],
        [
          0.01197599023672387,
          0.11158182043826716,
          0.08456383265233017,
          0.10672926614310031,
          0.24192195870862648,
          0.1496729764065769,
          0.2935541554143751
        ],
        [
          0.018315900483788516,
          0.3420736411976557,
          0.0014111487279266993,
          0.1601694357656838,
          0.08963792155569052,
          0.08178367621369277,
          0.30660827605556196
        ],
        [
          0.1273506002431528,
          0.0039510930374800635,
          0.14652958841047845,
          0.33613634025834765,
          0.3102410165399064,
          0.026383925129408885,
          0.04940743638122567
        ],
        [
          0.15504652434309013,
          0.15379598715755924,
          0.22377994770587514,
          0.07550960335743812,
          0.10021198691522877,
          0.07893424341389173,
          0.21272170710691682
        ],
        [
          0.14810454927281375,
          0.18972370989872847,
          0.2080225439975308,
          0.2133077787151964,
          0.16306555101052836,
          0.010995083697308238,
          0.06678078340789403
        ],
        [
          0.08690153947924197,
          0.19935189086408409,
          0.1722432077184921,
          0.14221988399641658,
          0.07288657944055181,
          0.19000050747112837,
          0.13639639103008513
        ],
        [
          0.1850448026120333,
          0.2051307014235396,
          0.03399758504456792,
          0.1603592876797965,
          0.15705847351016447,
          0.20223620127287023,
          0.05617294845702802
        ],
        [
          0.1979347602595242,
          0.05314503286604742,
          0.10369146697103308,
          0.17421369077882318,
          0.19990675458651821,
          0.13280435894292705,
          0.13830393559512685
        ],
        [
          0.1587479867658385,
          0.22413499904108874,
          0.1100238883259774,
          0.0243211395749415,
          0.07656706194177511,
          0.26641813871250497,
          0.13978678563787375
        ],
        [
          0.11652719157202786,
          0.009907280295495135,
          0.1243082438966781,
          0.015339299430249346,
          0.3293168666022822,
          0.38355829536557334,
          0.021042822837694073
        ],
        [
          0.08745831146017796,
          0.29430354013887977,
          0.248492414552651,
          0.08076705965188559,
          0.018624474459600714,
          0.007938942529041761,
          0.2624152572077631
        ],
        [
          0.3396834385571901,
          0.10344097827629851,
          0.0684875281486942,
          0.32992257558550947,
          0.011791264452765703,
          0.08584960804858978,
          0.06082460693095226
        ],
        [
          0.38178587647856044,
          0.08822019015146891,
          0.06944713268450949,
          0.07271453272119145,
          0.025413791362209275,
          0.10707378732291675,
          0.2553446892791437
        ],
        [
          0.01618070141760285,
          0.23681375825871068,
          0.17243383492240125,
          0.22627094542488146,
          0.10486013652562579,
          0.029546275680550422,
          0.21389434777022753
        ],
        [
          0.11767822124836662,
          0.14301905455483147,
          0.11640533559837767,
          0.09030272606619552,
          0.15634343076771198,
          0.26760724600801805,
          0.10864398575649858
        ],
        [
          0.1871132712495385,
          0.09361890406415196,
          0.2404557676654846,
          0.024165975789108358,
          0.2621181513739287,
          0.07302784236154379,
          0.11950008749624408
        ],
        [
          0.10549413952897724,
          0.17956516804072278,
          0.027743359231465238,
          0.22388304486536903,
          0.14845592274702285,
          0.16644428082686963,
          0.14841408475957327
        ],
        [
          0.050846981942014965,
          0.02698237572510137,
          0.2359448333577642,
          0.14349571148402857,
          0.08693177977301678,
          0.33433678156420754,
          0.12146153615386662
        ],
        [
          0.10396709531417656,
          0.06645383277776915,
          0.24253785561606922,
          0.05892252451956191,
          0.11801635301657472,
          0.2561106196787788,
          0.15399171907706963
        ],
        [
          0.18257382472592618,
          0.1378828513052652,
          0.15893933664579626,
          0.06944078712486983,
          0.19705427162099504,
          0.12546241717154077,
          0.12864651140560662
        ],
        [
          0.04880269219542673,
          0.25941133653252296,
          0.17685375979332366,
          0.08203647056013441,
          0.010995454731049174,
          0.19215702699196124,
          0.2297432591955819
        ],
        [
          0.2045436281455705,
          0.14489095055271914,
          0.05854585238685885,
          0.22500098629781384,
          0.18527074470700028,
          0.10256010949179042,
          0.07918772841824703
        ],
        [
          0.05824677314736101,
          0.013608863865490185,
          0.3570662158730572,
          0.1432900700501246,
          0.2822950899353578,
          0.037005941980033534,
          0.10848704514857557
        ]
      ],
      "timestamps": [
        54,
        55,
        56,
        57,
        58,
        59,
        60,
        61,
        62,
        63,
        64,
        65,
        66,
        67,
        68,
        69,
        70,
        71,
        72,
        73,
        74,
        75,
        76,
        77,
        78
      ],
      "distance": 677.1
    },
    {
      "trip_id": 3,
      "transport_method": "foot",
      "start_time": 79,
      "path": [
        [
          1.5211020999999998,
          42.508253900000014
        ],
        [
          1.5215581134587595,
          42.50819139089011
        ],
        [
          1.520714635269935,
          42.5077426096833
        ],
        [
          1.5205396881606004,
          42.507273815467805
        ],
        [
          1.5204951857280364,
          42.507134537276
        ],
        [
          1.5196006270384559,
          42.50697365713841
        ],
        [
          1.5194900338087634,
          42.50636843621576
        ],
        [
          1.5201371952593496,
          42.5061807171366
        ],
        [
          1.5197786342232789,
          42.50615812996416
        ],
        [
          1.5188579247264817,
          42.506352718291005
        ],
        [
          1.5183272065831699,
          42.50560846888767
        ],
        [
          1.5192284228087518,
          42.50557764131096
        ],
        [
          1.5201592411793627,
          42.50579313420538
        ],
        [
          1.521054043432326,
          42.50599899341789
        ],
        [
          1.5217993795170695,
          42.50587273092138
        ],
        [
          1.522036126819144,
          42.5049480414087
        ],
        [
          1.521355825338908,
          42.50483902084688
        ],
        [
          1.5204680629908829,
          42.50448936916086
        ],
        [
          1.5205105307787201,
          42.504842704963416
        ],
        [
          1.5199789140196773,
          42.50422406286434
        ],
        [
          1.5206439000000003,
          42.504524399999994
        ]
      ],
      "emotions": [
        "green",
        "purple",
        "purple",
        "purple",
        "purple",
        "purple",
        "red",
        "red",
        "red",
        "red",
        "red",
        "red",
        "red",
        "red",
        "red",
        "red",
        "purple",
        "purple",
        "purple",
        "purple",
        "purple"
      ],
      "mood_vectors": [
        [
          0.11133479662105919,
          0.16871345565891482,
          0.15142494284077704,
          0.3335871737500873,
          0.024884709439297586,
          0.06402548663553932,
          0.1460294350543247
        ],
        [
          0.2708908756183235,
          0.010941919771606488,
          0.08182255873114813,
          0.35248128929546146,
          0.03162313881559604,
          0.05999528525022307,
          0.19224493251764127
        ],
        [
          0.17257561402490368,
          0.19582381755575926,
          0.09112886072517642,
          0.25016058074193215,
          0.22430184390683552,
          0.056762208368967684,
          0.009247074676425314
        ],
        [
          0.09407353380631495,
          0.16325506261777603,
          0.156107169209877,
          0.2657263514421939,
          0.12679452314176753,
          0.05685488311776575,
          0.13718847666430484
        ],
        [
          0.3210174654078328,
          0.0919912598845332,
          0.007103303078509987,
          0.12787353924477718,
          0.14503389832467553,
          0.2818914907967643,
          0.02508904326290694
        ],
        [
          0.10336981611492982,
          0.08647944175191503,
          0.24976728350656419,
          0.18852331726797367,
          0.11357750406543281,
          0.19038518726767975,
          0.06789745002550475
        ],
        [
          0.06203768077725426,
          0.17113236132323698,
          0.24167290403135744,
          0.13222205118513425,
          0.02184190406539761,
          0.19397764222093547,
          0.1771154563966839
        ],
        [
          0.18123687529029792,
          0.24892535628469817,
          0.06135196051675791,
          0.09226871426723936,
          0.017417318314949953,
          0.12144023882370338,
          0.27735953650235334
        ],
        [
          0.031068204981179074,
          0.16433085153075735,
          0.12733826058921816,
          0.22124155625828404,
          0.16447578092583173,
          0.2237639897408287,
          0.06778135597390092
        ],
        [
          0.11391963416995685,
          0.02704679212654993,
          0.19085631471834377,
          0.18489562914677055,
          0.23595328486499767,
          0.20788505955154254,
          0.039443285421838635
        ],
        [
          0.21147744890509418,
          0.16279470838001875,
          0.012739757911710513,
          0.2498284049818053,
          0.0578918376687028,
          0.07298907796084622,
          0.23227876419182217
        ],
        [
          0.13164466645100897,
          0.2095557000462655,
          0.027406332079113725,
          0.20181974986138287,
          0.20629448266841827,
          0.19327304433862055,
          0.030006024555190053
        ],
        [
          0.13502507715578652,
          0.18664814014150016,
          0.12573923193875944,
          0.18145036330760062,
          0.1965702041281376,
          0.08127226580273847,
          0.09329471752547713
        ],
        [
          0.1956050259055778,
          0.06758637532853484,
          0.14932042393080452,
          0.1708889666752793,
          0.12292159621088798,
          0.15177791759659967,
          0.1418996943523159
        ],
        [
          0.12367649532470673,
          0.120629253525109,
          0.18145109937619555,
          0.2148565230614153,
          0.039873441667252284,
          0.17939662721379496,
          0.1401165598315261
        ],
        [
          0.046351032769247916,
          0.0435862777669927,
          0.19864718802482612,
          0.36528093942763484,
          0.24345486388316523,
          0.04960936812330419,
          0.05307033000482891
        ],
        [
          0.056092044543210914,
          0.2515799594744563,
          0.1610635987034638,
          0.12640019885195192,
          0.03182196027833731,
          0.2265550909944612,
          0.14648714715411848
        ],
        [
          0.1829192107320898,
          0.16836068024256193,
          0.15196094809795305,
          0.03463473457202779,
          0.13942748309878172,
          0.048284740096968586,
          0.2744122031596172
        ],
        [
          0.11603490298427253,
          0.01920874061375048,
          0.08522434279788701,
          0.20027245558614576,
          0.19158051223138545,
          0.2575747367321555,
          0.13010430905440323
        ],
        [
          0.19409303936679578,
          0.035805381055804504,
          0.2146593471502803,
          0.010723436971598523,
          0.2055832848715815,
          0.0374385843318124,
          0.30169692625212696
        ],
        [
          0.16480399029495693,
          0.11814894923283019,
          0.20239786059094217,
          0.09727335013640279,
          0.17940760934309136,
          0.15436683533176532,
          0.08360140507001118
        ]
      ],
      "timestamps": [
        79,
        80,
        81,
        82,
        83,
        84,
        85,
        86,
        87,
        88,
        89,
        90,
        91,
        92,
        93,
        94,
        95,
        96,
        97,
        98,
        99
      ],
      "distance": 594
    }
  ],
  "conversation": [
    "Wonder what's new around here.",
    "Wait, is this Parc Central or the old quarter?",
    "The hills here are no joke."
  ],
  "conversation_timestamps": [
    3,
    7,
    63
  ]
}
