{
  "agent_id": "agent-type-red-10",
  "type": "red",
  "trips": [
    {
      "trip_id": 0,
      "transport_method": "car",
      "start_time": 0,
      "path": [
        [
          1.5286441000000006,
          42.5077229
        ],
        [
          1.5282582451386515,
          42.507325180901475
        ],
        [
          1.528674138591368,
          42.50697060232803
        ],
        [
          1.528832105537253,
          42.50663332420318
        ],
        [
          1.5286899943014907,
          42.50630201480437
        ],
        [
          1.529072634813107,
          42.50595631845448
        ],
        [
          1.528628628181112,
          42.5057787979672
        ],
        [
          1.5282200839477196,
          42.50556352403298
        ],
        [
          1.5279623638648694,
          42.50528667576547
        ],
        [
          1.5274932374303296,
          42.50519632759829
        ],
        [
          1.5269639437089437,
          42.505188671148666
        ],
        [
          1.5266207526374467,
          42.50499662325941
        ],
        [
          1.5261256281212554,
          42.50482963788737
        ],
        [
          1.5255759074213946,
          42.50472660147535
        ],
        [
          1.5251906331259333,
          42.50491753868864
        ],
        [
          1.524635619398444,
          42.5048484835425
        ],
        [
          1.5240814374862002,
          42.50477423840772
        ],
        [
          1.5235330488022025,
          42.50466433300535
        ],
        [
          1.523034040977808,
          42.504639396681235
        ],
        [
          1.5224789366209825,
          42.50457107045836
        ],
        [
          1.521986139027956,
          42.50463893302906
        ],
        [
          1.521633872841621,
          42.50487321341869
        ],
        [
          1.5210966012478286,
          42.50471879886921
        ],
        [
          1.521047832698162,
          42.50465198028394
        ],
        [
          1.5205218383849617,
          42.50447190593568
        ],
        [
          1.5200123871380735,
          42.50424177738981
        ],
        [
          1.5194954799583775,
          42.50403075694545
        ],
        [
          1.5190018817178736,
          42.50410870508304
        ],
        [
          1.5188179566557605,
          42.504436595924815
        ],
        [
          1.518588885302309,
          42.50491024976365
        ],
        [
          1.518482600000001,
          42.505123499999996
        ]
      ],
      "emotions": [
        "purple",
        "purple",
        "purple",
        "purple",
        "purple",
        "green",
        "green",
        "green",
        "green",
        "green",
        "red",
        "red",
        "red",
        "red",
        "red",
        "purple",
        "purple",
        "purple",
        "purple",
        "purple",
        "red",
        "red",
        "red",
        "red",
        "red",
        "red",
        "red",
        "red",
        "red",
        "red",
        "red"
      ],
      "mood_vectors": [
        [
          0.2013985615912045,
          0.07268833322770922,
          0.1120731826874612,
          0.2948721969765563,
          0.00248338181445978,
          0.2994567845245118,
          0.017027559178097146
        ],
        [
          0.13169846976545524,
          0.2433477825932309,
          0.09150558033909996,
          0.07621573342562998,
          0.11589001784411393,
          0.23482763469005835,
          0.10651478134241162
        ],
        [
          0.2165791898037383,
          0.22311835076679465,
          0.14158347005093538,
          0.13313205467386646,
          0.17891970831163254,
          0.10527383724467834,
          0.0013933891483543883
        ],
        [
          0.2182380093640885,
          0.21531358446463367,
          0.11801196060078804,
          0.1852119216347535,
          0.11671853539174325,
          0.128026968638633,
          0.018479019905360137
        ],
        [
          0.02968742103774669,
          0.24182130821513234,
          0.02927321248841508,
          0.21105802974427115,
          0.1956745731949431,
          0.20888147292263418,
          0.0836039823968575
        ],
        [
          0.279413592225777,
          0.3800496457985849,
          0.07204329771472036,
          0.0407621262573951,
          0.0867320777646461,
          0.032614382511751513,
          0.10838487772712516
        ],
        [
          0.08928951622838975,
          0.15979577994739066,
          0.08360772751530676,
          0.22489915255078127,
          0.15381452977298754,
          0.12154341735215848,
          0.1670498766329856
        ],
        [
          0.0480921733125407,
          0.03319344777016491,
          0.2734589485771051,
          0.03040030789618089,
          0.2845043959246354,
          0.1565973946945866,
          0.17375333182478642
        ],
        [
          0.006312872146921225,
          0.1457077058521188,
          0.21887547556460946,
          0.2628003208376098,
          0.22064087816650102,
          0.010581556448634373,
          0.13508119098360535
        ],
        [
          0.11898507660249558,
          0.16808677584299644,
          0.30154539488586746,
          0.22966265637162772,
          0.0834337483253101,
          0.046936675684828705,
          0.051349672286873996
        ],
        [
          0.13888979561855155,
          0.13958206662407474,
          0.003921416614364445,
          0.04635714954997877,
          0.20617466448110228,
          0.2298333177281482,
          0.23524158938378006
        ],
        [
          0.1686676521683987,
          0.1053792741953286,
          0.2763203400472447,
          0.0017489575545676346,
          0.2086363903228411,
          0.21838445968856804,
          0.02086292602305123
        ],
        [
          0.17839940293725984,
          0.21615135120584708,
          0.17428286830300652,
          0.05525734546285732,
          0.2186239253912584,
          0.0786669439092124,
          0.0786181627905584
        ],
        [
          0.12477433224449996,
          0.09937746651155498,
          0.10476149608956013,
          0.11392484907081463,
          0.17693150717691453,
          0.25574782593484796,
          0.12448252297180787
        ],
        [
          0.19002706576360284,
          0.13734509938040326,
          0.010310589674712049,
          0.1457539102772108,
          0.15540741832856964,
          0.17004306094986682,
          0.19111285562563454
        ],
        [
          0.16427658353102914,
          0.2028245995376468,
          0.09284667449509859,
          0.12327590726872825,
          0.21557992555243327,
          0.18583125585117488,
          0.015365053763889025
        ],
        [
          0.2943390878750338,
          0.03909895697774748,
          0.022873666406879253,
          0.20371107547029615,
          0.2226982820871822,
          0.17274067570135496,
          0.04453825548150612
        ],
        [
          0.05332088770838091,
          0.150762426944037,
          0.18337452761390705,
          0.2128125533169443,
          0.1939055534720819,
          0.10004886545376612,
          0.10577518549088277
        ],
        [
          0.00973246277012275,
          0.051991865197027476,
          0.17295906734141003,
          0.3219958950222656,
          0.15004360516259635,
          0.07378368371647319,
          0.21949342079010453
        ],
        [
          0.16693824740856056,
          0.09185093088047758,
          0.06281469457446645,
          0.18478713125964627,
          0.18567707964699004,
          0.18757807675170188,
          0.1203538394781572
        ],
        [
          0.22195962027079072,
          0.02380660128857068,
          0.13427825176692534,
          0.11123372973119341,
          0.22209689322017936,
          0.058565212289264,
          0.22805969143307647
        ],
        [
          0.20803794057693742,
          0.1584950892294308,
          0.021838334448154903,
          0.14065625637819265,
          0.12066946752450634,
          0.10625931089298156,
          0.24404360094979632
        ],
        [
          0.12495208179293037,
          0.1370022148603699,
          0.07738446146491348,
          0.05740528798369668,
          0.09494477634618351,
          0.23233592546384407,
          0.275975252088062
        ],
        [
          0.05376481535510381,
          0.17833561898270678,
          0.20225532657398443,
          0.1325970948320926,
          0.23480157674702842,
          0.03221344366406459,
          0.16603212384501934
        ],
        [
          0.021991626586564162,
          0.022837580597869105,
          0.09317106036166967,
          0.14473688093295978,
          0.15153182440130217,
          0.3436642047558469,
          0.22206682236378822
        ],
        [
          0.25350585620286137,
          0.18607154278974997,
          0.3139513887943631,
          0.018112386865484692,
          0.005966753817738286,
          0.18775641096331996,
          0.03463566056648278
        ],
        [
          0.08029918849575533,
          0.08520085721753705,
          0.21604869874072086,
          0.15572698414259364,
          0.1357859415773093,
          0.14295277935275336,
          0.18398555047333037
        ],
        [
          0.1802212690375416,
          0.16071311898897725,
          0.05660876126889095,
          0.11075294196597107,
          0.1561311898920352,
          0.22273187521071014,
          0.11284084363587384
        ],
        [
          0.18948295146206443,
          0.07483310801268649,
          0.06961792017368369,
          0.3044990189549855,
          0.0750400712348718,
          0.01521044852969693,
          0.2713164816320111
        ],
        [
          0.12816740817443215,
          0.19792431416440331,
          0.03951112885325326,
          0.18330103347257926,
          0.0928074892804108,
          0.18494563262682387,
          0.1733429934280973
        ],
        [
          0.06314737140614206,
          0.23499008699355567,
          0.11175113697872975,
          0.02267072360093358,
          0.2566327584028558,
          0.22130633141995257,
          0.08950159119783058
        ]
      ],
      "timestamps": [
        0,
        1,
        2,
        3,
        4,
        5,
        6,
        7,
        8,
        9,
        10,
        11,
        12,
        13,
        14,
        15,
        16,
        17,
        18,
        19,
        20,
        21,
        22,
        23,
        24,
        25,
        26,
        27,
        28,
        29,
        30
      ],
      "distance": 1349.9
    },
    {
      "trip_id": 1,
      "transport_method": "bicycle",
      "start_time": 31,
      "path": [
        [
          1.5186769000000009,
          42.505414599999995
        ],
        [
          1.5187271953702295,
          42.505420046258294
        ],
        [
          1.5186467511316943,
          42.50561354261655
        ],
        [
          1.5183234756667106,
          42.50559909445498
        ],
        [
          1.518665069824269,
          42.50620431490761
        ],
        [
          1.5192782889587948,
          42.506268829706706
        ],
        [
          1.5198888246308242,
          42.50641695286574
        ],
        [
          1.5202141261983857,
          42.50642096984673
        ],
        [
          1.5195175602629805,
          42.50636655177566
        ],
        [
          1.5189212555559064,
          42.50635600324355
        ],
        [
          1.5184444438279296,
          42.5059030433366
        ],
        [
          1.5186724852352533,
          42.505505824135184
        ],
        [
          1.5193561726235054,
          42.50560721655164
        ],
        [
          1.5200398954521124,
          42.505765504587174
        ],
        [
          1.5207229976860452,
          42.505925837634685
        ],
        [
          1.5212388384268551,
          42.50618385240322
        ],
        [
          1.5212611407400956,
          42.506420587478594
        ],
        [
          1.5213337416596373,
          42.50617564534646
        ],
        [
          1.5207200518247939,
          42.50590153609968
        ],
        [
          1.521364005452277,
          42.50611767760042
        ],
        [
          1.5219111734946937,
          42.50636251128462
        ],
        [
          1.522545213892764,
          42.50636439272551
        ],
        [
          1.5232195337703862,
          42.506555151090616
        ],
        [
          1.5238455288969064,
          42.50675532591493
        ],
        [
          1.5244336,
          42.506611
        ]
      ],
      "emotions": [
        "red",
        "red",
        "red",
        "red",
        "purple",
        "purple",
        "purple",
        "purple",
        "purple",
        "red",
        "red",
        "red",
        "red",
        "red",
        "green",
        "green",
        "green",
        "green",
        "green",
        "purple",
        "purple",
        "purple",
        "purple",
        "purple",
        "green"
      ],
      "mood_vectors": [
        [
          0.2285879734694367,
          0.12170962709632317,
          0.2144262847423891,
          0.03366882123323224,
          0.0739862444785735,
          0.17447257598283816,
          0.15314847299720702
        ],
        [
          0.1859684649159494,
          0.05085725213370654,
          0.2760332914046863,
          0.08377965125671712,
          0.052508645194055896,
          0.27894053530075685,
          0.0719121597941279
        ],
        [
          0.20570583566944292,
          0.19967850618683775,
          0.15534470427587205,
          0.054315369481644456,
          0.19267696362623582,
          0.1586528500580715,
          0.0336257707018955
        ],
        [
          0.01930603607102373,
          0.14883098699680555,
          0.13657023865160878,
          0.2092636243532581,
          0.1948215911182427,
          0.2097239742571957,
          0.08148354855186543
        ],
        [
          0.21672937983134524,
          0.1447921332518584,
          0.02098270676645607,
          0.09502140834522041,
          0.10334476750079374,
          0.21460295771851293,
          0.20452664658581315
        ],
        [
          0.19923953209364803,
          0.0763694424956025,
          0.2830806750905443,
          0.11134703539172806,
          0.19057586031857854,
          0.025007045738080998,
          0.11438040887181761
        ],
        [
          0.1828981131038415,
          0.15889189013332117,
          0.015197095677581719,
          0.056501905436112436,
          0.1938829773093402,
          0.23603013081422025,
          0.1565978875255827
        ],
        [
          0.057067397702027615,
          0.14341349195752914,
          0.21272031449329493,
          0.15069110268711883,
          0.20089276821518162,
          0.16917972228545203,
          0.06603520265939589
        ],
        [
          0.27058983155207367,
          0.28050724853727815,
          0.04580779152356851,
          0.04611041635131349,
          0.15527543983103406,
          0.1419313374176993,
          0.05977793478703282
        ],
        [
          0.23093778580670965,
          0.14958997481818748,
          0.026198171683479873,
          0.21389922395532215,
          0.08936134711451264,
          0.030223565939580605,
          0.2597899306822076
        ],
        [
          0.2109608924422574,
          0.0563956909224011,
          0.10171123014603876,
          0.15857563060020566,
          0.257837066328701,
          0.14228132391052117,
          0.07223816564987486
        ],
        [
          0.19732174665310262,
          0.13064461194385057,
          0.21610021885476513,
          0.19897863657974924,
          0.13197506685121885,
          0.016790214286852678,
          0.10818950483046094
        ],
        [
          0.22608658603712722,
          0.1220284891476419,
          0.2513398029319367,
          0.1892582899469239,
          0.024695409884389556,
          0.15423668167500068,
          0.032354740376979996
        ],
        [
          0.2774794088791218,
          0.054621082799743884,
          0.03244778653567752,
          0.2686621037869922,
          0.05869564318673357,
          0.12821055765004277,
          0.1798834171616882
        ],
        [
          0.22984170145547478,
          0.04093933297898357,
          0.24374423103782294,
          0.12514068831216235,
          0.03711232470340387,
          0.17266577179405923,
          0.15055594971809325
        ],
        [
          0.19650115980208263,
          0.06329368505238801,
          0.09896052378996083,
          0.24502406651751227,
          0.1919458739398386,
          0.15357256586424245,
          0.05070212503397525
        ],
        [
          0.15117343680075712,
          0.05816587820802752,
          0.08754188438217576,
          0.23878196153104217,
          0.006629124855331933,
          0.28057609117349125,
          0.17713162304917415
        ],
        [
          0.0667909059035269,
          0.2661313771574665,
          0.12650037621292762,
          0.07549205957587257,
          0.1644955421496543,
          0.02534477299413462,
          0.27524496600641757
        ],
        [
          0.1273264649028222,
          0.25380234889620334,
          0.03404714098629142,
          0.049971211637736226,
          0.07780065977133288,
          0.26183865487946134,
          0.1952135189261526
        ],
        [
          0.30037285574896966,
          0.2787669704121696,
          0.03663160269920945,
          0.01782999354431488,
          0.07621093944411376,
          0.27463319048091955,
          0.015554447670303118
        ],
        [
          0.1471461084025936,
          0.06044434878356501,
          0.16380976466931144,
          0.22692897203478554,
          0.1096531920067289,
          0.19499494971640743,
          0.09702266438660809
        ],
        [
          0.04579733377589928,
          0.14119066241748668,
          0.08957116575061867,
          0.25872555320594165,
          0.24178233473120667,
          0.15382791440059715,
          0.06910503571824995
        ],
        [
          0.26401396711688113,
          0.21233879836195682,
          0.09950537233595248,
          0.02251480681944914,
          0.05081815062470684,
          0.2698049019873767,
          0.08100400275367682
        ],
        [
          0.06283476560498805,
          0.13586571632594946,
          0.23317211571185056,
          0.02401717681153842,
          0.08588348983750882,
          0.202438016215539,
          0.25578871949262566
        ],
        [
          0.17933316212618716,
          0.19522243598389402,
          0.114453677658996,
          0.17759292594022413,
          0.13022529760546836,
          0.16057380693587842,
          0.04259869374935189
        ]
      ],
      "timestamps": [
        31,
        32,
        33,
        34,
        35,
        36,
        37,
        38,
        39,
        40,
        41,
        42,
        43,
        44,
        45,
        46,
        47,
        48,
        49,
        50,
        51,
        52,
        53,
        54,
        55
      ],
      "distance": 648.3
    },
    {
      "trip_id": 2,
      "transport_method": "car",
      "start_time": 56,
      "path": [
        [
          1.5244336,
          42.506611
        ],
        [
          1.524417133642994,
          42.5066483372951
        ],
        [
          1.5236292607741564,
          42.50670454877376
        ],
        [
          1.5228342601126834,
          42.506435279020856
        ],
        [
          1.5219726227598376,
          42.50626240663272
        ],
        [
          1.5219959055872239,
          42.50678194117577
        ],
        [
          1.5224531411860676,
          42.50745200962145
        ],
        [
          1.5216478082189628,
          42.50739875810177
        ],
        [
          1.521248386980168,
          42.50677885827987
        ],
        [
          1.5213859358259059,
          42.506672886795606
        ],
        [
          1.521527603567155,
          42.507273456537035
        ],
        [
          1.5223137046037982,
          42.50755548464244
        ],
        [
          1.522116112472509,
          42.50690724059784
        ],
        [
          1.52154371218297,
          42.506241886713674
        ],
        [
          1.5207480473798654,
          42.50588182780079
        ],
        [
          1.521150120976899,
          42.50623214976951
        ],
        [
          1.5212079498908657,
          42.506109354952024
        ],
        [
          1.5210135534364888,
          42.50598348983439
        ],
        [
          1.5217015381874754,
          42.506475102969475
        ],
        [
          1.5223129332297636,
          42.50711239962078
        ],
        [
          1.522036488990734,
          42.50752256765256
        ],
        [
          1.5213307864668852,
          42.507068294005805
        ],
        [
          1.5205447499877773,
          42.50676416204871
        ],
        [
          1.520760103527543,
          42.507047827886915
        ],
        [
          1.5204257804832582,
          42.507454026422614
        ],
        [
          1.5208422711255096,
          42.50781051964713
        ],
        [
          1.5216219313865469,
          42.508225345872034
        ],
        [
          1.5211020999999998,
          42.508253900000014
        ]
      ],
      "emotions": [
        "green",
        "green",
        "green",
        "green",
        "purple",
        "purple",
        "purple",
        "purple",
        "purple",
        "red",
        "red",
        "red",
        "red",
        "red",
        "purple",
        "purple",
        "purple",
        "purple",
        "purple",
        "purple",
        "purple",
        "purple",
        "purple",
        "purple",
        "purple",
        "purple",
        "purple",
        "purple"
      ],
      "mood_vectors": [
        [
          0.08363385976859901,
          0.18031785829084107,
          0.008670102443311,
          0.06979999174581723,
          0.38092646256521995,
          0.24497058279661132,
          0.031681142389600465
        ],
        [
          0.14858517949377129,
          0.26867120569461606,
          0.28879645695894834,
          0.16782353147625387,
          0.0640047072000487,
          0.04680280073185456,
          0.015316118444507242
        ],
        [
          0.14500426629268964,
          0.2300111429669095,
          0.16149628979388037,
          0.14665674477647098,
          0.027246208745521278,
          0.03416022098759446,
          0.2554251264369338
        ],
        [
          0.13971282727926645,
          0.14153752929091423,
          0.05956055638323656,
          0.10064495513051386,
          0.21248174429848696,
          0.15905684547632623,
          0.18700554214125564
        ],
        [
          0.07816489701119832,
          0.1204683432270612,
          0.07742820004389313,
          0.12534429521987525,
          0.22638748488945248,
          0.25606963892183515,
          0.11613714068668447
        ],
        [
          0.027556030193202838,
          0.18860126098303084,
          0.13787417456632678,
          0.10369215087757323,
          0.18805152030882152,
          0.19765571680778501,
          0.15656914626325982
        ],
        [
          0.17425570083820432,
          0.1265276091769015,
          0.1721759349480657,
          0.11776944833730417,
          0.16988263682193686,
          0.16468336485984567,
          0.07470530501774182
        ],
        [
          0.1186435050122975,
          0.016169359960063218,
          0.029430672145197227,
          0.22180432101959016,
          0.07842720763033545,
          0.3279043618576264,
          0.20762057237489012
        ],
        [
          0.1983484681098462,
          0.18216018564500208,
          0.03881674984237263,
          0.10664678608720046,
          0.09591028135667384,
          0.13514086297210806,
          0.24297666598679674
        ],
        [
          0.11738430664789926,
          0.18555283309085574,
          0.12588097149972352,
          0.23874361937909067,
          0.09786789087078308,
          0.17612814256941997,
          0.058442235942227756
        ],
        [
          0.1763016125048388,
          0.2399409728683348,
          0.023383607783146788,
          0.22278622853427676,
          0.11160044606303912,
          0.008167176313056166,
          0.2178199559333076
        ],
        [
          0.17753693824994804,
          0.12999079640838143,
          0.15774395322639592,
          0.1316046461640582,
          0.08336899713889308,
          0.12817719094648558,
          0.19157747786583773
        ],
        [
          0.2038896160258623,
          0.178017243759901,
          0.04900814963017173,
          0.2062216199136078,
          0.006004883778213072,
          0.22357090851704658,
          0.1332875783751975
        ],
        [
          0.005024211312981648,
          0.12208960758501834,
          0.12937941088064578,
          0.1584033329417549,
          0.22640981058511736,
          0.2666544457352483,
          0.0920391809592336
        ],
        [
          0.20229376334517626,
          0.1438556515823675,
          0.227038355521928,
          0.08179265137002881,
          0.0475909609105653,
          0.23987882757542967,
          0.05754978969450446
        ],
        [
          0.1201028912069845,
          0.2372113593242187,
          0.21524548942658442,
          0.05730671850601621,
          0.10908225403855683,
          0.16650459649202626,
          0.09454669100561311
        ],
        [
          0.17842896493340343,
          0.08728608461784629,
          0.006990718104365922,
          0.3154076763194556,
          0.24345546616833627,
          0.0265130980213195,
          0.14191799183527307
        ],
        [
          0.15249720437601616,
          0.05805785223354612,
          0.11654663389185364,
          0.2824219276695723,
          0.16126794854757778,
          0.022664209263227403,
          0.20654422401820657
        ],
        [
          0.0019159372874845923,
          0.1806071433991488,
          0.22370725459719637,
          0.09959551105534929,
          0.17091438505156237,
          0.06866023633263399,
          0.2545995322766247
        ],
        [
          0.05445356194457861,
          0.13298593058683209,
          0.08030315124488784,
          0.28059910479749983,
          0.11150837842273507,
          0.23877061681075523,
          0.10137925619271138
        ],
        [
          0.18632529120697416,
          0.18648235122253054,
          0.04172442189675126,
          0.1862061342232595,
          0.1539177175555179,
          0.19817700945888753,
          0.047167074436079065
        ],
        [
          0.04014495590947867,
          0.06937962119264031,
          0.199230174722205,
          0.1849500697464217,
          0.15901521698749174,
          0.22426095702860507,
          0.12301900441315754
        ],
        [
          0.06733782828469452,
          0.1980694632538189,
          0.1934268640940104,
          0.16140622074096522,
          0.15389181687799394,
          0.1835119393297373,
          0.0423558674187797
        ],
        [
          0.035004082788122386,
          0.16981722548950526,
          0.2532669721018961,
          0.11441667435768484,
          0.047760988453823566,
          0.12652089580777112,
          0.2532131610011968
        ],
        [
          0.12911851125742685,
          0.22149864989697537,
          0.16987180003839367,
          0.15802015674360526,
          0.12337234642308902,
          0.07200997847704689,
          0.12610855716346303
        ],
        [
          0.17093281002284957,
          0.13843420891980154,
          0.15111088767531528,
          0.14889626269549036,
          0.15949576986654926,
          0.09138915597065185,
          0.13974090484934218
        ],
        [
          0.00555738466158295,
          0.24874170545864996,
          0.03503137204764115,
          0.2783838390389332,
          0.14955468263779015,
          0.060801760800591714,
          0.2219292553548108
        ],
        [
          0.054484494550742765,
          0.13623385967647017,
          0.20104288621964286,
          0.2097574130540495,
          0.2139115609865554,
          0.03572102209740798,
          0.14884876341513145
        ]
      ],
      "timestamps": [
        56,
        57,
        58,
        59,
        60,
        61,
        62,
        63,
        64,
        65,
        66,
        67,
        68,
        69,
        70,
        71,
        72,
        73,
        74,
        75,
        76,
        77,
        78,
        79,
        80,
        81,
        82,
        83
      ],
      "distance": 620.8
    },
    {
      "trip_id": 3,
      "transport_method": "bicycle",
      "start_time": 84,
      "path": [
        [
          1.5211020999999998,
          42.508253900000014
        ],
        [
          1.5214072907337042,
          42.5084521795172
        ],
        [
          1.5217010250879472,
          42.50830271761223
        ],
        [
          1.5220472932419995,
          42.508365853032984
        ],
        [
          1.5223992862969995,
          42.508458357303724
        ],
        [
          1.5222099712903305,
          42.50845793416296
        ],
        [
          1.521855146693674,
          42.50837696715436
        ],
        [
          1.5219376779029832,
          42.50839579985423
        ],
        [
          1.5222925024996397,
          42.50847676686283
        ],
        [
          1.522614707439724,
          42.508431592465165
        ],
        [
          1.522963215906017,
          42.50832672111638
        ],
        [
          1.5232892011598456,
          42.50840321415294
        ],
        [
          1.5236082464625507,
          42.508575806835445
        ],
        [
          1.5239358433246424,
          42.50873435161405
        ],
        [
          1.5237275622363617,
          42.50893587640541
        ],
        [
          1.5239774000000006,
          42.5089669
        ]
      ],
      "emotions": [
        "purple",
        "purple",
        "purple",
        "purple",
        "purple",
        "purple",
        "red",
        "red",
        "red",
        "red",
        "red",
        "red",
        "red",
        "red",
        "red",
        "red"
      ],
      "mood_vectors": [
        [
          0.11018946646705428,
          0.18685414302904374,
          0.1854721913996377,
          0.21782990662916765,
          0.003750148559802672,
          0.2442829655176323,
          0.05162117839766166
        ],
        [
          0.19866061376886612,
          0.17017934874591134,
          0.13488021178059023,
          0.027979679009001123,
          0.10631643580303049,
          0.1554036684097271,
          0.2065800424828735
        ],
        [
          0.12125548644135677,
          0.13326349506101698,
          0.058332793153202084,
          0.1856397518609151,
          0.12133087581702721,
          0.14332380520444563,
          0.2368537924620362
        ],
        [
          0.3191825608291695,
          0.004751629761939572,
          0.1057244242687706,
          0.06703726719443516,
          0.31387404073790753,
          0.08596776838965087,
          0.10346230881812675
        ],
        [
          0.03211039230903215,
          0.22637868797954297,
          0.06833997443429018,
          0.2218745377882054,
          0.17074257935242457,
          0.23127507236641806,
          0.04927875577008662
        ],
        [
          0.12314381859728965,
          0.1830508874651475,
          0.15904511838927662,
          0.1355274422999356,
          0.19915135743107326,
          0.16067426895611406,
          0.03940710686116322
        ],
        [
          0.028020366776214403,
          0.18763852091995728,
          0.033740907582555484,
          0.22738188427686448,
          0.15491970338908323,
          0.1861708749698675,
          0.1821277420854575
        ],
        [
          0.017371566598816293,
          0.19512270012705626,
          0.2636509644644865,
          0.1301677619464301,
          0.22379490060685403,
          0.07510862714608921,
          0.09478347911026758
        ],
        [
          0.21458793001440837,
          0.04347137396151301,
          0.15855409405372625,
          0.16871172146835536,
          0.13927983073884204,
          0.1126555968829324,
          0.1627394528802226
        ],
        [
          0.12151449396553683,
          0.03595647884344505,
          0.07429362368262622,
          0.37004997138257445,
          0.12691435217847277,
          0.2590025388815539,
          0.012268541065790832
        ],
        [
          0.013461927312007488,
          0.044085185395261094,
          0.3054099680660907,
          0.25948909050966135,
          0.13776879227864783,
          0.051059231090830354,
          0.1887258053475011
        ],
        [
          0.255482344489245,
          0.17870999353929953,
          0.048450240542327765,
          0.06064480983484753,
          0.0010335413693357666,
          0.19908521357410974,
          0.2565938566508347
        ],
        [
          0.2503426958101551,
          0.1203888963819337,
          0.11857739189599073,
          0.03089367586891913,
          0.14901701887577207,
          0.09690113024705442,
          0.2338791909201749
        ],
        [
          0.146416695205265,
          0.0932136212471452,
          0.0914629266549054,
          0.2077270293600437,
          0.14548822873483983,
          0.10325537305177508,
          0.21243612574602586
        ],
        [
          0.07244261907546848,
          0.19034085625808272,
          0.20227289483279365,
          0.12261573222304002,
          0.20566731608322153,
          0.19675894663180085,
          0.009901634895592685
        ],
        [
          0.1708738715549208,
          0.26726662006589835,
          0.13282126501998429,
          0.04949662850902312,
          0.08034367075370345,
          0.0931444499168492,
          0.20605349417962077
        ]
      ],
      "timestamps": [
        84,
        85,
        86,
        87,
        88,
        89,
        90,
        91,
        92,
        93,
        94,
        95,
        96,
        97,
        98,
        99
      ],
      "distance": 911.7
    }
  ],
  "conversation": [
    "Is that line for dumplings or donuts?",
    "Ugh, stepped in eucalyptus again.",
    "I wish I had more time to explore.I should be coding, but this walk is worth it."
  ],
  "conversation_timestamps": [
    10,
    32,
    71
  ]
}
