{"agent_id": "agent-blue-1555", "type": "blue", "trips": [{"trip_id": 0, "transport_method": "foot", "start_time": 0, "path": [[1.5884551, 42.5356162], [1.5876405, 42.534965], [1.5876385, 42.5348866], [1.587564, 42.5349628], [1.5866585, 42.5343688], [1.5857513, 42.5337873], [1.5856662, 42.5337126], [1.5849171, 42.5331826], [1.5841006, 42.5324747], [1.583196, 42.5318872], [1.5821398, 42.5316877], [1.5810576, 42.5317255], [1.5799753, 42.5317588], [1.5788934, 42.5318009], [1.5778112, 42.5317747], [1.5767333, 42.5316726], [1.5756666, 42.5314874], [1.574672, 42.5311206], [1.573878, 42.5303842], [1.5731293, 42.5296911], [1.5737212, 42.530587], [1.5746216, 42.5311768], [1.5742115, 42.5306977], [1.5734149, 42.5299642], [1.5725287, 42.5293732], [1.571502, 42.5293282], [1.5706133, 42.5288392], [1.5697472, 42.5281891], [1.5700731, 42.5283771], [1.570964, 42.5289887], [1.5709029, 42.5290939], [1.5700016, 42.5284936], [1.5691003, 42.5278932], [1.5681991, 42.5272929], [1.5676862, 42.526963], [1.5686494, 42.5274531], [1.5686953, 42.5275379], [1.5677961, 42.5269345], [1.5668968, 42.5263311], [1.5659955, 42.5257358], [1.5649992, 42.5253153], [1.5639863, 42.5250103], [1.5629815, 42.5246284], [1.5621648, 42.5239432], [1.5613989, 42.523185], [1.5605095, 42.5225692], [1.5596517, 42.521964], [1.5587656, 42.5213624], [1.5579686, 42.5206297], [1.5572077, 42.5198593], [1.556987, 42.5195428], [1.5562555, 42.5187443], [1.5565689, 42.519087], [1.5560771, 42.5187897], [1.5555913, 42.518199], [1.5548882, 42.5178781], [1.5545869, 42.5175709], [1.5537737, 42.5168559], [1.5543068, 42.5175262], [1.5540822, 42.5171426], [1.5534788, 42.5162609], [1.5530249, 42.5152928], [1.5527148, 42.5142987], [1.5522768, 42.5134058], [1.55133, 42.5128874], [1.5504963, 42.5122211], [1.5495236, 42.5117764], [1.5484733, 42.5115129], [1.5474221, 42.5112536], [1.5464802, 42.510787], [1.5462543, 42.5098028], [1.5461555, 42.5097118], [1.5451669, 42.5093459], [1.5440917, 42.5092586], [1.5430588, 42.5089611], [1.5419877, 42.508888], [1.5410025, 42.5092371], [1.5400507, 42.5096048], [1.5389856, 42.5094493], [1.5379044, 42.50939]], "mood_vectors": [[0.0394, 0.0622, 0.0254, 0.7445, 0.057, 0.0412, 0.0304], [0.0341, 0.0691, 0.0664, 0.6812, 0.0307, 0.0409, 0.0777], [0.0262, 0.069, 0.0454, 0.6397, 0.0862, 0.0494, 0.0841], [0.0459, 0.0714, 0.0181, 0.6879, 0.0318, 0.0721, 0.0728], [0.0458, 0.0843, 0.0713, 0.6474, 0.061, 0.0648, 0.0254], [0.0272, 0.0428, 0.041, 0.7367, 0.0167, 0.061, 0.0747], [0.0397, 0.0901, 0.0784, 0.5943, 0.0875, 0.0644, 0.0457], [0.0491, 0.0281, 0.028, 0.7567, 0.0448, 0.0695, 0.0238], [0.0878, 0.0609, 0.0551, 0.7207, 0.0157, 0.042, 0.0178], [0.072, 0.0593, 0.0505, 0.6723, 0.014, 0.0543, 0.0776], [0.083, 0.0537, 0.0531, 0.6481, 0.0837, 0.0489, 0.0295], [0.0181, 0.0653, 0.051, 0.7708, 0.0407, 0.023, 0.0311], [0.073, 0.0457, 0.0661, 0.661, 0.0401, 0.0297, 0.0844], [0.0266, 0.0693, 0.0689, 0.7141, 0.0135, 0.0625, 0.0451], [0.0586, 0.0297, 0.0247, 0.7092, 0.0675, 0.0452, 0.065], [0.0513, 0.0369, 0.0657, 0.7405, 0.0157, 0.0563, 0.0336], [0.0334, 0.0419, 0.0173, 0.7397, 0.0741, 0.0472, 0.0464], [0.0477, 0.062, 0.0203, 0.7562, 0.0647, 0.0202, 0.0289], [0.0746, 0.0778, 0.0758, 0.5851, 0.0697, 0.0583, 0.0586], [0.0369, 0.0709, 0.0238, 0.7102, 0.066, 0.0229, 0.0692], [0.0383, 0.0601, 0.0664, 0.7154, 0.0446, 0.0156, 0.0596], [0.0473, 0.0446, 0.0838, 0.6852, 0.0413, 0.0419, 0.0558], [0.0325, 0.017, 0.0572, 0.7365, 0.0547, 0.0551, 0.0469], [0.0641, 0.0574, 0.0746, 0.6805, 0.0197, 0.0198, 0.0839], [0.0285, 0.0413, 0.0704, 0.7619, 0.0238, 0.0387, 0.0354], [0.0634, 0.0571, 0.0374, 0.6592, 0.0284, 0.0733, 0.0811], [0.0242, 0.0467, 0.0254, 0.6681, 0.0541, 0.0855, 0.096], [0.0429, 0.0493, 0.0726, 0.7069, 0.0317, 0.0603, 0.0363], [0.0794, 0.0254, 0.0424, 0.7332, 0.029, 0.0411, 0.0494], [0.0298, 0.0538, 0.0476, 0.7156, 0.0706, 0.0523, 0.0303], [0.0582, 0.0425, 0.0551, 0.6585, 0.0635, 0.0579, 0.0642], [0.0459, 0.0308, 0.0773, 0.777, 0.0172, 0.0353, 0.0166], [0.0742, 0.0653, 0.0145, 0.7234, 0.0486, 0.018, 0.0561], [0.0602, 0.0458, 0.0611, 0.6329, 0.051, 0.0726, 0.0763], [0.0244, 0.0296, 0.0612, 0.7128, 0.0341, 0.0714, 0.0665], [0.0672, 0.0277, 0.0574, 0.7373, 0.0292, 0.0188, 0.0625], [0.0562, 0.0331, 0.037, 0.7729, 0.0359, 0.0531, 0.0119], [0.0279, 0.0547, 0.047, 0.7657, 0.0684, 0.0182, 0.0182], [0.0734, 0.0409, 0.0146, 0.7164, 0.0718, 0.036, 0.0468], [0.0249, 0.0191, 0.0182, 0.7804, 0.0825, 0.0573, 0.0177], [0.0215, 0.0832, 0.0562, 0.6766, 0.0576, 0.0461, 0.0588], [0.0369, 0.04, 0.0746, 0.6742, 0.0499, 0.0615, 0.063], [0.0366, 0.0519, 0.0244, 0.7187, 0.0473, 0.0772, 0.044], [0.0551, 0.0731, 0.0796, 0.6205, 0.0742, 0.0706, 0.0268], [0.0279, 0.0604, 0.075, 0.6869, 0.0572, 0.0507, 0.0418], [0.0354, 0.0277, 0.0652, 0.7927, 0.0246, 0.0195, 0.0349], [0.0506, 0.0304, 0.0531, 0.7047, 0.027, 0.0657, 0.0686], [0.0772, 0.019, 0.0777, 0.672, 0.0495, 0.0302, 0.0745], [0.0345, 0.0726, 0.0631, 0.678, 0.0402, 0.0653, 0.0462], [0.0713, 0.0287, 0.0648, 0.6704, 0.0433, 0.0613, 0.0602], [0.0553, 0.0336, 0.0281, 0.737, 0.0417, 0.0902, 0.0141], [0.0549, 0.0927, 0.0183, 0.6382, 0.0822, 0.0199, 0.0938], [0.0845, 0.0269, 0.0252, 0.7463, 0.0169, 0.0179, 0.0823], [0.0608, 0.0123, 0.0757, 0.6886, 0.0613, 0.038, 0.0633], [0.023, 0.0829, 0.069, 0.6934, 0.0177, 0.043, 0.071], [0.0581, 0.0583, 0.0159, 0.6825, 0.0156, 0.0703, 0.0994], [0.0192, 0.0858, 0.079, 0.6668, 0.0557, 0.0442, 0.0494], [0.0306, 0.0162, 0.0116, 0.7991, 0.0472, 0.0331, 0.0622], [0.06, 0.0646, 0.056, 0.6142, 0.0802, 0.0728, 0.0522], [0.0473, 0.0857, 0.0598, 0.6112, 0.0845, 0.0628, 0.0487], [0.0437, 0.0444, 0.0788, 0.6888, 0.0615, 0.0615, 0.0213], [0.041, 0.035, 0.0391, 0.711, 0.0669, 0.0361, 0.0709], [0.0806, 0.0544, 0.0162, 0.6614, 0.0467, 0.0753, 0.0655], [0.0537, 0.0743, 0.0738, 0.6455, 0.0446, 0.067, 0.0413], [0.0366, 0.084, 0.0351, 0.6354, 0.0447, 0.0837, 0.0804], [0.0441, 0.0611, 0.0609, 0.6672, 0.0506, 0.0349, 0.0811], [0.0364, 0.06, 0.0355, 0.7683, 0.0539, 0.0152, 0.0307], [0.0127, 0.0478, 0.0814, 0.7259, 0.0624, 0.0252, 0.0446], [0.0799, 0.0571, 0.0574, 0.6338, 0.069, 0.0789, 0.0239], [0.0302, 0.0857, 0.0225, 0.7136, 0.0447, 0.0201, 0.0833], [0.0419, 0.0892, 0.0867, 0.6784, 0.0333, 0.0422, 0.0283], [0.0271, 0.0642, 0.0598, 0.7459, 0.0214, 0.0471, 0.0345], [0.0422, 0.0171, 0.043, 0.8211, 0.0291, 0.0143, 0.0331], [0.0517, 0.0371, 0.0314, 0.7659, 0.0309, 0.0189, 0.0641], [0.0511, 0.0588, 0.0282, 0.7414, 0.0396, 0.0316, 0.0492], [0.0761, 0.0484, 0.0699, 0.7164, 0.0426, 0.016, 0.0306], [0.0296, 0.0762, 0.0194, 0.6559, 0.0672, 0.0899, 0.0618], [0.0606, 0.0825, 0.0443, 0.6524, 0.0791, 0.0562, 0.025], [0.0829, 0.0236, 0.0364, 0.7739, 0.0311, 0.0272, 0.0249], [0.0677, 0.0215, 0.0654, 0.6864, 0.0414, 0.0919, 0.0257]], "emotions": ["green", "green", "green", "green", "green", "green", "green", "green", "green", "green", "green", "green", "green", "green", "green", "green", "green", "green", "green", "green", "green", "green", "green", "green", "green", "green", "green", "green", "green", "green", "green", "green", "green", "green", "green", "green", "green", "green", "green", "green", "green", "green", "green", "green", "green", "green", "green", "green", "green", "green", "green", "green", "green", "green", "green", "green", "green", "green", "green", "green", "green", "green", "green", "green", "green", "green", "green", "green", "green", "green", "green", "green", "green", "green", "green", "green", "green", "green", "green", "green"], "timestamps": [0, 40, 80, 120, 160, 200, 240, 280, 320, 360, 400, 440, 480, 520, 560, 600, 640, 680, 720, 760, 800, 840, 880, 920, 960, 1000, 1040, 1080, 1120, 1160, 1200, 1240, 1280, 1320, 1360, 1400, 1440, 1480, 1520, 1560, 1600, 1640, 1680, 1720, 1760, 1800, 1840, 1880, 1920, 1960, 2000, 2040, 2080, 2120, 2160, 2200, 2240, 2280, 2320, 2360, 2400, 2440, 2480, 2520, 2560, 2600, 2640, 2680, 2720, 2760, 2800, 2840, 2880, 2920, 2960, 3000, 3040, 3080, 3120, 3160]}], "conversation": [], "conversation_timestamps": []}