{"agent_id": "agent-orange-1593", "type": "orange", "trips": [{"trip_id": 0, "transport_method": "bicycle", "start_time": 0, "path": [[1.5185178, 42.5059425], [1.5184623, 42.5058742], [1.5184289, 42.5057943], [1.5183877, 42.5057165], [1.5183641, 42.5056363], [1.5183816, 42.50555], [1.5183991, 42.5054638], [1.5184003, 42.5053766], [1.5183999, 42.5052896], [1.5184337, 42.5052084], [1.5184681, 42.5051273], [1.5185026, 42.5050463], [1.5185371, 42.5049653], [1.518601, 42.5049475], [1.5186836, 42.5049774], [1.5187689, 42.5049991], [1.5188551, 42.5050172], [1.5189414, 42.5050345], [1.5190278, 42.5050518], [1.5191141, 42.505069], [1.5192004, 42.5050863], [1.5192868, 42.5051035], [1.5193731, 42.5051208], [1.5194594, 42.5051108], [1.5195456, 42.505093], [1.5196319, 42.5050752], [1.5197181, 42.5050574], [1.5198011, 42.505064], [1.5198725, 42.5051138], [1.5199433, 42.5051592], [1.5200306, 42.5051707], [1.5201179, 42.5051823], [1.5202052, 42.5051938], [1.5202925, 42.5052054], [1.5203798, 42.5052169], [1.520467, 42.5052288], [1.5205543, 42.5052408], [1.5206415, 42.5052527], [1.5207287, 42.5052647], [1.520816, 42.5052766], [1.5209032, 42.5052886], [1.5209905, 42.5053005], [1.5210734, 42.5052934], [1.521122, 42.5052212], [1.521167, 42.5051455], [1.521212, 42.5050699], [1.521257, 42.5049942], [1.521302, 42.5049185], [1.5213749, 42.5048964], [1.5214628, 42.5049029], [1.5215496, 42.5049163], [1.5216359, 42.5049338], [1.5217222, 42.5049513], [1.5218095, 42.5049623], [1.5218966, 42.5049577], [1.521972, 42.5049124], [1.5220475, 42.504867], [1.5220729, 42.5048515], [1.5219972, 42.5048966], [1.5219216, 42.5049416], [1.5218459, 42.5049867], [1.5217703, 42.5050317], [1.5216946, 42.5050767], [1.521619, 42.5051218], [1.5215433, 42.5051668], [1.5214676, 42.5052119], [1.521392, 42.5052569], [1.5213541, 42.5052324], [1.5213787, 42.5051479], [1.5214034, 42.5050634], [1.5214281, 42.5049789], [1.5214942, 42.5049551], [1.5215803, 42.5049736], [1.5216664, 42.5049922], [1.5217524, 42.5050107], [1.5218385, 42.5050292], [1.5219193, 42.5050312], [1.5219789, 42.5049663], [1.5220384, 42.5049015], [1.5220979, 42.5048366]], "mood_vectors": [[0.0791, 0.0178, 0.0728, 0.0715, 0.6676, 0.0583, 0.0329], [0.0347, 0.08, 0.036, 0.0141, 0.7493, 0.0605, 0.0254], [0.0475, 0.0571, 0.0443, 0.0877, 0.6169, 0.0722, 0.0742], [0.038, 0.0392, 0.04, 0.0393, 0.7968, 0.0247, 0.0221], [0.0778, 0.0746, 0.0392, 0.0137, 0.7014, 0.056, 0.0372], [0.0251, 0.0527, 0.0123, 0.0652, 0.7387, 0.0266, 0.0794], [0.0497, 0.0593, 0.0457, 0.0931, 0.6547, 0.054, 0.0436], [0.0495, 0.0613, 0.0438, 0.0601, 0.6559, 0.0632, 0.0662], [0.0578, 0.052, 0.0302, 0.0792, 0.7334, 0.032, 0.0153], [0.0533, 0.0364, 0.0596, 0.0589, 0.7271, 0.0422, 0.0226], [0.0516, 0.0303, 0.0542, 0.0522, 0.7241, 0.0358, 0.0519], [0.0239, 0.066, 0.0448, 0.0418, 0.7673, 0.0284, 0.0279], [0.0801, 0.0411, 0.0313, 0.0237, 0.75, 0.0461, 0.0276], [0.054, 0.0714, 0.0242, 0.0374, 0.714, 0.0437, 0.0555], [0.0587, 0.0343, 0.0429, 0.0581, 0.7352, 0.0167, 0.0541], [0.0642, 0.0851, 0.0273, 0.0368, 0.6673, 0.0978, 0.0216], [0.0664, 0.0658, 0.0823, 0.0303, 0.6582, 0.074, 0.023], [0.035, 0.0435, 0.0472, 0.078, 0.6775, 0.0445, 0.0743], [0.0669, 0.0772, 0.0763, 0.021, 0.6609, 0.035, 0.0627], [0.0399, 0.0836, 0.0276, 0.0859, 0.6762, 0.0713, 0.0155], [0.0503, 0.0435, 0.0649, 0.0379, 0.6642, 0.085, 0.0543], [0.0697, 0.0294, 0.072, 0.0259, 0.6457, 0.0807, 0.0767], [0.0575, 0.0537, 0.0378, 0.0814, 0.6098, 0.0709, 0.089], [0.0504, 0.0656, 0.0601, 0.0327, 0.6991, 0.0399, 0.0521], [0.0558, 0.0274, 0.0963, 0.0454, 0.7009, 0.0336, 0.0406], [0.0658, 0.0567, 0.0718, 0.0122, 0.7115, 0.0235, 0.0585], [0.0338, 0.036, 0.0601, 0.0685, 0.712, 0.0646, 0.0249], [0.0718, 0.0708, 0.0365, 0.0667, 0.6795, 0.0397, 0.035], [0.0977, 0.0501, 0.0856, 0.0563, 0.6323, 0.037, 0.0411], [0.0191, 0.023, 0.0295, 0.0765, 0.7489, 0.0205, 0.0826], [0.0377, 0.0698, 0.0828, 0.0569, 0.628, 0.0691, 0.0557], [0.0775, 0.0757, 0.0183, 0.0331, 0.7163, 0.0368, 0.0422], [0.0612, 0.0543, 0.0427, 0.0418, 0.6709, 0.053, 0.0761], [0.0344, 0.0723, 0.0203, 0.0498, 0.6991, 0.048, 0.0762], [0.0794, 0.0648, 0.0693, 0.0608, 0.6562, 0.0222, 0.0472], [0.0536, 0.0809, 0.039, 0.0779, 0.631, 0.0523, 0.0654], [0.0708, 0.0563, 0.0502, 0.0112, 0.6849, 0.0657, 0.061], [0.0827, 0.0134, 0.0125, 0.0771, 0.6933, 0.0538, 0.0672], [0.0555, 0.0369, 0.0784, 0.0765, 0.6461, 0.0662, 0.0404], [0.0777, 0.0246, 0.0546, 0.051, 0.6703, 0.0864, 0.0355], [0.0251, 0.0252, 0.0306, 0.0832, 0.7397, 0.0346, 0.0616], [0.0427, 0.0785, 0.0212, 0.0633, 0.6669, 0.0634, 0.0639], [0.0729, 0.0119, 0.0228, 0.0649, 0.6821, 0.0678, 0.0776], [0.0654, 0.061, 0.0419, 0.0278, 0.6815, 0.0681, 0.0542], [0.0689, 0.0854, 0.0182, 0.0577, 0.6396, 0.0878, 0.0423], [0.0373, 0.0185, 0.0996, 0.0334, 0.712, 0.0422, 0.057], [0.0356, 0.062, 0.0415, 0.0312, 0.6969, 0.0682, 0.0646], [0.0682, 0.0296, 0.0635, 0.0648, 0.6901, 0.0706, 0.0133], [0.0587, 0.0405, 0.023, 0.076, 0.7405, 0.025, 0.0363], [0.0584, 0.0261, 0.0411, 0.0312, 0.793, 0.0324, 0.0178], [0.0555, 0.0309, 0.091, 0.0641, 0.6576, 0.076, 0.025], [0.0359, 0.0596, 0.0451, 0.0633, 0.7058, 0.0272, 0.0631], [0.0657, 0.052, 0.0772, 0.0401, 0.6617, 0.0263, 0.077], [0.0522, 0.0808, 0.056, 0.0374, 0.7234, 0.0285, 0.0217], [0.0719, 0.0612, 0.0493, 0.017, 0.6723, 0.0618, 0.0665], [0.0447, 0.0638, 0.0372, 0.0332, 0.6978, 0.0687, 0.0547], [0.0657, 0.036, 0.0618, 0.0478, 0.7141, 0.0611, 0.0135], [0.0472, 0.0563, 0.0486, 0.0674, 0.6942, 0.0225, 0.0637], [0.0724, 0.0537, 0.0635, 0.0264, 0.6446, 0.0735, 0.0659], [0.0584, 0.0189, 0.0297, 0.0226, 0.7801, 0.0598, 0.0305], [0.0293, 0.0323, 0.035, 0.0327, 0.7559, 0.0721, 0.0427], [0.0847, 0.0284, 0.0764, 0.0287, 0.6116, 0.0786, 0.0916], [0.0445, 0.0429, 0.0469, 0.049, 0.7437, 0.0287, 0.0443], [0.0421, 0.0591, 0.0239, 0.0383, 0.7285, 0.074, 0.0341], [0.0534, 0.0747, 0.0536, 0.058, 0.6609, 0.0786, 0.021], [0.0776, 0.0216, 0.0756, 0.0519, 0.7239, 0.0188, 0.0306], [0.0258, 0.0346, 0.0361, 0.0283, 0.7463, 0.0518, 0.0771], [0.015, 0.0252, 0.0241, 0.0711, 0.6975, 0.0976, 0.0696], [0.0842, 0.0235, 0.0648, 0.0664, 0.651, 0.0339, 0.0761], [0.0123, 0.0165, 0.0181, 0.0132, 0.8034, 0.0565, 0.08], [0.0246, 0.0611, 0.0359, 0.052, 0.696, 0.0575, 0.0729], [0.0401, 0.0292, 0.0704, 0.015, 0.7462, 0.0715, 0.0275], [0.0896, 0.0554, 0.0208, 0.0136, 0.7196, 0.0366, 0.0644], [0.0179, 0.026, 0.0193, 0.0285, 0.7662, 0.0668, 0.0752], [0.0435, 0.0432, 0.1027, 0.016, 0.7298, 0.0392, 0.0258], [0.0668, 0.0473, 0.04, 0.0272, 0.6793, 0.0756, 0.0639], [0.0666, 0.0424, 0.0344, 0.0292, 0.662, 0.0792, 0.0862], [0.0117, 0.0688, 0.0758, 0.0601, 0.6754, 0.0649, 0.0432], [0.0566, 0.0108, 0.0497, 0.0607, 0.713, 0.0455, 0.0638], [0.0896, 0.0671, 0.0711, 0.0441, 0.6079, 0.102, 0.0183]], "emotions": ["red", "red", "red", "red", "red", "red", "red", "red", "red", "red", "red", "red", "red", "red", "red", "red", "red", "red", "red", "red", "red", "red", "red", "red", "red", "red", "red", "red", "red", "red", "red", "red", "red", "red", "red", "red", "red", "red", "red", "red", "red", "red", "red", "red", "red", "red", "red", "red", "red", "red", "red", "red", "red", "red", "red", "red", "red", "red", "red", "red", "red", "red", "red", "red", "red", "red", "red", "red", "red", "red", "red", "red", "red", "red", "red", "red", "red", "red", "red", "red"], "timestamps": [0, 40, 80, 120, 160, 200, 240, 280, 320, 360, 400, 440, 480, 520, 560, 600, 640, 680, 720, 760, 800, 840, 880, 920, 960, 1000, 1040, 1080, 1120, 1160, 1200, 1240, 1280, 1320, 1360, 1400, 1440, 1480, 1520, 1560, 1600, 1640, 1680, 1720, 1760, 1800, 1840, 1880, 1920, 1960, 2000, 2040, 2080, 2120, 2160, 2200, 2240, 2280, 2320, 2360, 2400, 2440, 2480, 2520, 2560, 2600, 2640, 2680, 2720, 2760, 2800, 2840, 2880, 2920, 2960, 3000, 3040, 3080, 3120, 3160]}], "conversation": [], "conversation_timestamps": []}