{"agent_id": "agent-orange-1098", "type": "orange", "trips": [{"trip_id": 0, "transport_method": "foot", "start_time": 0, "path": [[1.5420254, 42.5132415], [1.5424027, 42.5122907], [1.541926, 42.5107016], [1.5428085, 42.5095773], [1.5447564, 42.5099854], [1.5464746, 42.5112638], [1.5486778, 42.5118162], [1.5501828, 42.512044], [1.5511971, 42.5127229], [1.5516183, 42.5130249], [1.5527244, 42.5140425], [1.5534416, 42.5161201], [1.55481, 42.5178418], [1.5565779, 42.5190997], [1.5580833, 42.5207412], [1.5598438, 42.5220812], [1.5607661, 42.5227375], [1.5624388, 42.5242604], [1.5644636, 42.5252198], [1.5665375, 42.5260769], [1.5684189, 42.5273405], [1.570335, 42.5285493], [1.5722367, 42.5293504], [1.5737246, 42.5305903], [1.5757698, 42.5315074], [1.5780284, 42.5317731], [1.5775758, 42.5317437], [1.5798531, 42.5317499], [1.5821295, 42.5316878], [1.5841768, 42.5325414], [1.5859377, 42.5339451], [1.5878774, 42.535111], [1.5891782, 42.5368779], [1.5912369, 42.5378336], [1.59188, 42.5398965], [1.591777, 42.5417886], [1.591887, 42.5439831], [1.5914725, 42.54616], [1.5920331, 42.5474467], [1.5921139, 42.5494875], [1.5917044, 42.5517009], [1.5913144, 42.5525298], [1.5907262, 42.5532872], [1.5913635, 42.554887], [1.5916599, 42.5570225], [1.593297, 42.5583179], [1.5937757, 42.5603105], [1.593707, 42.5610912], [1.5944375, 42.5627897], [1.5962008, 42.5642311], [1.5948642, 42.5639827], [1.5933821, 42.5623644], [1.5949453, 42.5630885], [1.5967774, 42.5644412], [1.5987858, 42.5649767], [1.6005311, 42.566207], [1.6021229, 42.5677301], [1.6042032, 42.5685255], [1.6053195, 42.5703775], [1.607484, 42.5710356], [1.6096878, 42.5715006], [1.6118414, 42.571905], [1.6140865, 42.5721915], [1.6161048, 42.5728743], [1.6182419, 42.5735929], [1.6203275, 42.5743521], [1.6222352, 42.5754902], [1.6243892, 42.5761657], [1.6261056, 42.5775659], [1.6283198, 42.5776948], [1.6304321, 42.5785116], [1.6326744, 42.578218], [1.63476, 42.5779286], [1.6369571, 42.5780436], [1.6392121, 42.5781374], [1.6413745, 42.5784821], [1.6436176, 42.5782003], [1.6458733, 42.5782086], [1.6480355, 42.5783175], [1.6478713, 42.5783735]], "mood_vectors": [[0.0187, 0.0351, 0.0724, 0.0766, 0.6659, 0.076, 0.0553], [0.0152, 0.054, 0.0791, 0.0634, 0.7432, 0.0178, 0.0273], [0.0463, 0.0651, 0.0801, 0.0304, 0.7177, 0.0375, 0.0229], [0.0553, 0.0307, 0.0505, 0.0531, 0.7308, 0.0281, 0.0515], [0.0517, 0.0715, 0.0557, 0.0871, 0.6175, 0.032, 0.0845], [0.0623, 0.0245, 0.0213, 0.0593, 0.7351, 0.0654, 0.0322], [0.0617, 0.0596, 0.0677, 0.0561, 0.6597, 0.0239, 0.0713], [0.0273, 0.0542, 0.0482, 0.0463, 0.779, 0.0242, 0.0209], [0.0285, 0.0328, 0.0711, 0.0799, 0.6802, 0.0508, 0.0566], [0.0383, 0.0856, 0.0284, 0.0698, 0.6875, 0.0502, 0.0403], [0.0145, 0.0755, 0.0853, 0.0688, 0.608, 0.0638, 0.0841], [0.0667, 0.0392, 0.036, 0.0513, 0.6986, 0.0502, 0.058], [0.0222, 0.0978, 0.0545, 0.0293, 0.6482, 0.1017, 0.0462], [0.0311, 0.0886, 0.0424, 0.0337, 0.6979, 0.0738, 0.0325], [0.0523, 0.0457, 0.0983, 0.0988, 0.6316, 0.0531, 0.0203], [0.0345, 0.0893, 0.0543, 0.091, 0.6054, 0.0436, 0.0819], [0.0323, 0.0843, 0.097, 0.0463, 0.6377, 0.0469, 0.0555], [0.043, 0.059, 0.0385, 0.0722, 0.7083, 0.0193, 0.0597], [0.0255, 0.0191, 0.0622, 0.0529, 0.7247, 0.0411, 0.0745], [0.0695, 0.0742, 0.0386, 0.0766, 0.6522, 0.0115, 0.0773], [0.0468, 0.0365, 0.0261, 0.0205, 0.7423, 0.0782, 0.0497], [0.0217, 0.0517, 0.0883, 0.0158, 0.7421, 0.0495, 0.0308], [0.061, 0.0759, 0.0586, 0.0821, 0.6413, 0.0219, 0.0592], [0.0562, 0.0394, 0.0461, 0.038, 0.7638, 0.0417, 0.0148], [0.0251, 0.0617, 0.0232, 0.0311, 0.7789, 0.0386, 0.0415], [0.0533, 0.0602, 0.0522, 0.0317, 0.6818, 0.0697, 0.0511], [0.0455, 0.0177, 0.0431, 0.0234, 0.7676, 0.0275, 0.0751], [0.0216, 0.0307, 0.0765, 0.0311, 0.7436, 0.0557, 0.0408], [0.0652, 0.0319, 0.0203, 0.0351, 0.6895, 0.1032, 0.0548], [0.057, 0.0559, 0.0417, 0.0405, 0.7539, 0.019, 0.032], [0.0607, 0.0235, 0.0443, 0.0334, 0.6959, 0.0766, 0.0657], [0.0326, 0.056, 0.0211, 0.0221, 0.7298, 0.07, 0.0684], [0.102, 0.0434, 0.0292, 0.0362, 0.6521, 0.1018, 0.0353], [0.0639, 0.0359, 0.0558, 0.0774, 0.6497, 0.0409, 0.0765], [0.0304, 0.0946, 0.0399, 0.0199, 0.6697, 0.0604, 0.0849], [0.0626, 0.052, 0.0693, 0.0652, 0.6806, 0.0478, 0.0226], [0.053, 0.0731, 0.0157, 0.0591, 0.6961, 0.0633, 0.0396], [0.0702, 0.0758, 0.087, 0.0668, 0.6426, 0.029, 0.0286], [0.0839, 0.062, 0.0309, 0.0399, 0.7229, 0.0356, 0.0247], [0.0947, 0.0479, 0.089, 0.0636, 0.5862, 0.0272, 0.0914], [0.053, 0.0733, 0.0534, 0.0434, 0.7064, 0.0232, 0.0472], [0.0887, 0.0226, 0.0299, 0.0685, 0.6754, 0.0646, 0.0503], [0.043, 0.0366, 0.0464, 0.0767, 0.6708, 0.0542, 0.0722], [0.0366, 0.0335, 0.0416, 0.0698, 0.7308, 0.0478, 0.04], [0.0513, 0.0692, 0.0794, 0.0225, 0.6962, 0.0157, 0.0657], [0.0309, 0.0647, 0.0966, 0.0432, 0.7098, 0.0352, 0.0195], [0.0386, 0.0819, 0.0624, 0.0638, 0.6466, 0.0843, 0.0223], [0.0673, 0.0685, 0.0471, 0.0621, 0.6473, 0.0463, 0.0614], [0.0937, 0.0329, 0.0383, 0.0341, 0.6965, 0.0309, 0.0735], [0.0527, 0.0581, 0.0512, 0.0487, 0.6869, 0.0471, 0.0554], [0.0641, 0.0525, 0.0481, 0.066, 0.7194, 0.0338, 0.0161], [0.0327, 0.0405, 0.0607, 0.056, 0.7097, 0.0829, 0.0175], [0.0337, 0.0189, 0.0446, 0.0465, 0.7737, 0.0661, 0.0166], [0.0746, 0.0624, 0.0796, 0.0655, 0.6027, 0.043, 0.0722], [0.0649, 0.0169, 0.0711, 0.0795, 0.6651, 0.0543, 0.0481], [0.0178, 0.0609, 0.0355, 0.016, 0.7508, 0.0374, 0.0816], [0.0718, 0.0327, 0.054, 0.0449, 0.693, 0.0426, 0.061], [0.0554, 0.0579, 0.0245, 0.0939, 0.689, 0.0144, 0.0649], [0.044, 0.04, 0.0167, 0.0501, 0.7414, 0.0485, 0.0593], [0.0136, 0.0485, 0.0265, 0.0714, 0.7285, 0.0611, 0.0504], [0.0741, 0.0775, 0.0515, 0.0281, 0.6448, 0.0774, 0.0467], [0.0224, 0.0669, 0.0938, 0.085, 0.6224, 0.0168, 0.0927], [0.0745, 0.0251, 0.0745, 0.0386, 0.7072, 0.0468, 0.0333], [0.0618, 0.0304, 0.0317, 0.0588, 0.7287, 0.0474, 0.0412], [0.0609, 0.0428, 0.0597, 0.0293, 0.7259, 0.0337, 0.0478], [0.0412, 0.0824, 0.0235, 0.0671, 0.6782, 0.0357, 0.072], [0.065, 0.0605, 0.0673, 0.0589, 0.6113, 0.0465, 0.0906], [0.0886, 0.0791, 0.0682, 0.0235, 0.6541, 0.0453, 0.0412], [0.0335, 0.0703, 0.0509, 0.0288, 0.7502, 0.0423, 0.024], [0.0143, 0.082, 0.0771, 0.0236, 0.6963, 0.0772, 0.0294], [0.0593, 0.0491, 0.0498, 0.0538, 0.7265, 0.0202, 0.0413], [0.0378, 0.0402, 0.0355, 0.0763, 0.696, 0.0489, 0.0654], [0.0654, 0.0631, 0.0109, 0.0553, 0.7031, 0.0676, 0.0346], [0.0364, 0.0144, 0.0602, 0.0486, 0.7405, 0.0358, 0.0642], [0.0443, 0.0245, 0.0208, 0.0562, 0.7926, 0.0476, 0.014], [0.0837, 0.038, 0.0413, 0.0851, 0.6793, 0.0309, 0.0417], [0.0251, 0.0389, 0.0314, 0.0426, 0.8089, 0.0326, 0.0205], [0.0465, 0.035, 0.0854, 0.0177, 0.7222, 0.0371, 0.0561], [0.0717, 0.047, 0.0383, 0.0461, 0.701, 0.0342, 0.0617], [0.0462, 0.0272, 0.0579, 0.0693, 0.6828, 0.0645, 0.0521]], "emotions": ["red", "red", "red", "red", "red", "red", "red", "red", "red", "red", "red", "red", "red", "red", "red", "red", "red", "red", "red", "red", "red", "red", "red", "red", "red", "red", "red", "red", "red", "red", "red", "red", "red", "red", "red", "red", "red", "red", "red", "red", "red", "red", "red", "red", "red", "red", "red", "red", "red", "red", "red", "red", "red", "red", "red", "red", "red", "red", "red", "red", "red", "red", "red", "red", "red", "red", "red", "red", "red", "red", "red", "red", "red", "red", "red", "red", "red", "red", "red", "red"], "timestamps": [0, 40, 80, 120, 160, 200, 240, 280, 320, 360, 400, 440, 480, 520, 560, 600, 640, 680, 720, 760, 800, 840, 880, 920, 960, 1000, 1040, 1080, 1120, 1160, 1200, 1240, 1280, 1320, 1360, 1400, 1440, 1480, 1520, 1560, 1600, 1640, 1680, 1720, 1760, 1800, 1840, 1880, 1920, 1960, 2000, 2040, 2080, 2120, 2160, 2200, 2240, 2280, 2320, 2360, 2400, 2440, 2480, 2520, 2560, 2600, 2640, 2680, 2720, 2760, 2800, 2840, 2880, 2920, 2960, 3000, 3040, 3080, 3120, 3160]}], "conversation": [], "conversation_timestamps": []}