{"agent_id": "agent-blue-535", "type": "blue", "trips": [{"trip_id": 0, "transport_method": "car", "start_time": 0, "path": [[1.5210737, 42.5027129], [1.5214087, 42.5030339], [1.5214569, 42.5032844], [1.5213386, 42.5035415], [1.5215082, 42.5039748], [1.5215216, 42.5043992], [1.5219703, 42.5045233], [1.5221872, 42.5048561], [1.522648, 42.5049435], [1.5231096, 42.5050196], [1.5235306, 42.5052113], [1.5239499, 42.505415], [1.5243179, 42.5056688], [1.5246147, 42.506031], [1.5249785, 42.5063265], [1.5254134, 42.5062864], [1.5258723, 42.5063843], [1.5263313, 42.5064821], [1.5267902, 42.50658], [1.5267824, 42.5066156], [1.5263138, 42.5065938], [1.5258523, 42.5065128], [1.5254225, 42.5063379], [1.5257026, 42.5063484], [1.5261614, 42.5064466], [1.5266203, 42.5065448], [1.5270792, 42.506643], [1.5274955, 42.5068445], [1.5277959, 42.5071977], [1.5282066, 42.5074179], [1.5285868, 42.5076929], [1.5289431, 42.5079775], [1.529341, 42.5082236], [1.529592, 42.5084826], [1.5292909, 42.5082073], [1.5296491, 42.5084554], [1.5300358, 42.5087182], [1.5304444, 42.5089486], [1.5305442, 42.5092651], [1.5309043, 42.5094151], [1.531343, 42.5095815], [1.5317836, 42.5097428], [1.5322304, 42.5098585], [1.5326106, 42.5101164], [1.5329901, 42.5103905], [1.5334003, 42.5106153], [1.5337427, 42.5109338], [1.5340353, 42.5112989], [1.5344421, 42.5114887], [1.5348287, 42.5117548], [1.5352356, 42.5119883], [1.5355309, 42.5123045], [1.5355848, 42.5126732], [1.5360023, 42.5127592], [1.5362308, 42.5130926], [1.5366811, 42.5130072], [1.537137, 42.512899], [1.5375898, 42.512776], [1.5380489, 42.5126797], [1.5385095, 42.5125898], [1.5384896, 42.5126282], [1.5380264, 42.5127036], [1.5377768, 42.5127214], [1.5382259, 42.5125853], [1.538675, 42.5124492], [1.5391173, 42.512297], [1.5391806, 42.512358], [1.5393514, 42.5125983], [1.539807, 42.5124855], [1.5399671, 42.512463], [1.539521, 42.5125721], [1.5396258, 42.5125564], [1.5400894, 42.5124841], [1.5405531, 42.5124119], [1.5410168, 42.5123396], [1.5414788, 42.5123949], [1.5419466, 42.5123968], [1.542415, 42.5123682], [1.5428793, 42.5123006], [1.5432966, 42.5124404]], "mood_vectors": [[0.044, 0.0352, 0.0732, 0.7827, 0.027, 0.0207, 0.0171], [0.0185, 0.0805, 0.0657, 0.6439, 0.082, 0.0649, 0.0446], [0.024, 0.044, 0.0232, 0.7324, 0.0818, 0.0723, 0.0225], [0.0965, 0.0267, 0.0974, 0.651, 0.078, 0.0205, 0.0299], [0.043, 0.0575, 0.0765, 0.7512, 0.0126, 0.0384, 0.0207], [0.0538, 0.057, 0.0541, 0.729, 0.0336, 0.0159, 0.0567], [0.0333, 0.0867, 0.0971, 0.6973, 0.0411, 0.0281, 0.0164], [0.0708, 0.0465, 0.0589, 0.7085, 0.0204, 0.0401, 0.0548], [0.0117, 0.078, 0.0591, 0.7277, 0.0407, 0.065, 0.0178], [0.06, 0.0238, 0.0332, 0.6936, 0.0694, 0.0669, 0.0532], [0.0523, 0.0606, 0.0633, 0.6118, 0.0645, 0.0861, 0.0614], [0.0337, 0.0702, 0.0686, 0.7147, 0.0373, 0.0255, 0.05], [0.0806, 0.103, 0.0252, 0.6315, 0.0629, 0.0476, 0.0493], [0.0713, 0.0326, 0.0198, 0.6973, 0.073, 0.0429, 0.0632], [0.0621, 0.0326, 0.0766, 0.637, 0.0765, 0.0416, 0.0736], [0.0559, 0.0188, 0.07, 0.7232, 0.0153, 0.0506, 0.0662], [0.072, 0.082, 0.0874, 0.6192, 0.0906, 0.0325, 0.0163], [0.0684, 0.0386, 0.0343, 0.7213, 0.0215, 0.0692, 0.0468], [0.0561, 0.0529, 0.0676, 0.7228, 0.0121, 0.0312, 0.0573], [0.0446, 0.0367, 0.0263, 0.7137, 0.018, 0.074, 0.0867], [0.0299, 0.0269, 0.0783, 0.6424, 0.0592, 0.0806, 0.0827], [0.015, 0.0715, 0.0707, 0.6582, 0.0747, 0.0546, 0.0553], [0.0333, 0.0696, 0.0566, 0.7012, 0.0667, 0.0307, 0.042], [0.0485, 0.0627, 0.062, 0.6843, 0.0716, 0.0384, 0.0325], [0.0472, 0.0793, 0.0572, 0.6731, 0.0586, 0.0525, 0.032], [0.0375, 0.0413, 0.0658, 0.7259, 0.0198, 0.0415, 0.0683], [0.0362, 0.039, 0.0747, 0.7324, 0.0342, 0.0492, 0.0343], [0.0527, 0.0286, 0.0263, 0.7804, 0.0235, 0.0385, 0.05], [0.0713, 0.0367, 0.0283, 0.7288, 0.0409, 0.0514, 0.0425], [0.0846, 0.0748, 0.0617, 0.6327, 0.0527, 0.0195, 0.074], [0.0565, 0.0257, 0.0232, 0.7623, 0.0165, 0.0618, 0.0541], [0.0486, 0.05, 0.0454, 0.7048, 0.0297, 0.0527, 0.0688], [0.0197, 0.0771, 0.0762, 0.7568, 0.0151, 0.0305, 0.0245], [0.0741, 0.0191, 0.0671, 0.6743, 0.0416, 0.0526, 0.0713], [0.0614, 0.0719, 0.0619, 0.7063, 0.0161, 0.0416, 0.0408], [0.0644, 0.0657, 0.0749, 0.6932, 0.0348, 0.0193, 0.0477], [0.0395, 0.0563, 0.0333, 0.7095, 0.0678, 0.0316, 0.0619], [0.0621, 0.0653, 0.0673, 0.6672, 0.0407, 0.0641, 0.0332], [0.0524, 0.0158, 0.0179, 0.7233, 0.0687, 0.0716, 0.0502], [0.0768, 0.0427, 0.0185, 0.697, 0.0504, 0.0328, 0.0817], [0.0399, 0.0797, 0.0903, 0.6189, 0.0581, 0.0293, 0.0838], [0.0509, 0.0649, 0.0704, 0.6236, 0.0615, 0.0729, 0.0558], [0.0461, 0.0152, 0.0778, 0.6837, 0.0515, 0.0649, 0.0609], [0.0666, 0.0599, 0.0113, 0.6877, 0.0649, 0.0605, 0.0492], [0.0553, 0.0656, 0.0735, 0.6271, 0.0259, 0.0858, 0.0668], [0.0831, 0.0224, 0.0402, 0.6732, 0.0935, 0.0348, 0.0528], [0.0404, 0.0963, 0.0703, 0.6677, 0.0332, 0.0485, 0.0435], [0.0451, 0.0347, 0.0533, 0.7272, 0.0175, 0.0596, 0.0626], [0.0918, 0.0616, 0.0407, 0.6959, 0.0549, 0.0393, 0.0158], [0.0436, 0.0367, 0.0192, 0.7158, 0.0773, 0.0672, 0.0402], [0.0683, 0.0232, 0.0955, 0.6377, 0.0751, 0.0586, 0.0417], [0.045, 0.0593, 0.0485, 0.6075, 0.0781, 0.0961, 0.0655], [0.0291, 0.0802, 0.0352, 0.6967, 0.0464, 0.0572, 0.0552], [0.0492, 0.069, 0.0188, 0.7599, 0.0194, 0.0478, 0.0358], [0.0434, 0.0517, 0.0653, 0.6704, 0.046, 0.0591, 0.0643], [0.0153, 0.0686, 0.0655, 0.6728, 0.07, 0.0528, 0.055], [0.0611, 0.06, 0.0553, 0.6486, 0.0432, 0.07, 0.0618], [0.0583, 0.0246, 0.0759, 0.7258, 0.0156, 0.0694, 0.0304], [0.0129, 0.0222, 0.0657, 0.742, 0.0694, 0.0319, 0.0559], [0.0693, 0.0184, 0.0267, 0.7064, 0.0285, 0.0731, 0.0776], [0.0757, 0.0267, 0.0697, 0.6895, 0.0612, 0.055, 0.022], [0.0254, 0.0256, 0.0729, 0.6615, 0.0704, 0.0794, 0.0648], [0.0519, 0.0321, 0.0533, 0.7093, 0.04, 0.079, 0.0344], [0.0118, 0.0115, 0.0423, 0.7722, 0.0278, 0.0581, 0.0763], [0.0553, 0.0275, 0.0508, 0.7286, 0.0362, 0.0549, 0.0468], [0.0659, 0.0654, 0.0615, 0.68, 0.0175, 0.0613, 0.0484], [0.0607, 0.0664, 0.0866, 0.6166, 0.0275, 0.0559, 0.0863], [0.0699, 0.0526, 0.059, 0.6687, 0.0735, 0.0606, 0.0157], [0.0523, 0.0674, 0.0583, 0.6888, 0.0606, 0.062, 0.0106], [0.0581, 0.0628, 0.0557, 0.7404, 0.0308, 0.0352, 0.0171], [0.0408, 0.0418, 0.0353, 0.6999, 0.0698, 0.0675, 0.0449], [0.049, 0.0521, 0.0228, 0.7543, 0.0788, 0.026, 0.0169], [0.093, 0.0583, 0.0901, 0.6064, 0.0586, 0.0434, 0.0502], [0.0244, 0.0245, 0.0658, 0.7588, 0.0469, 0.0227, 0.0568], [0.0608, 0.0654, 0.0272, 0.7164, 0.0606, 0.0164, 0.0533], [0.0723, 0.0197, 0.0244, 0.6872, 0.0484, 0.0689, 0.0792], [0.0528, 0.0731, 0.0403, 0.678, 0.0843, 0.0527, 0.0189], [0.074, 0.0503, 0.0649, 0.67, 0.0526, 0.0597, 0.0285], [0.0693, 0.0233, 0.0201, 0.7534, 0.0407, 0.0353, 0.058], [0.0379, 0.0407, 0.043, 0.7503, 0.0754, 0.0286, 0.0242]], "emotions": ["green", "green", "green", "green", "green", "green", "green", "green", "green", "green", "green", "green", "green", "green", "green", "green", "green", "green", "green", "green", "green", "green", "green", "green", "green", "green", "green", "green", "green", "green", "green", "green", "green", "green", "green", "green", "green", "green", "green", "green", "green", "green", "green", "green", "green", "green", "green", "green", "green", "green", "green", "green", "green", "green", "green", "green", "green", "green", "green", "green", "green", "green", "green", "green", "green", "green", "green", "green", "green", "green", "green", "green", "green", "green", "green", "green", "green", "green", "green", "green"], "timestamps": [0, 40, 80, 120, 160, 200, 240, 280, 320, 360, 400, 440, 480, 520, 560, 600, 640, 680, 720, 760, 800, 840, 880, 920, 960, 1000, 1040, 1080, 1120, 1160, 1200, 1240, 1280, 1320, 1360, 1400, 1440, 1480, 1520, 1560, 1600, 1640, 1680, 1720, 1760, 1800, 1840, 1880, 1920, 1960, 2000, 2040, 2080, 2120, 2160, 2200, 2240, 2280, 2320, 2360, 2400, 2440, 2480, 2520, 2560, 2600, 2640, 2680, 2720, 2760, 2800, 2840, 2880, 2920, 2960, 3000, 3040, 3080, 3120, 3160]}], "conversation": [], "conversation_timestamps": []}