{"agent_id": "agent-orange-153", "type": "orange", "trips": [{"trip_id": 0, "transport_method": "foot", "start_time": 0, "path": [[1.5375547, 42.5075396], [1.5377757, 42.5077717], [1.5378918, 42.5075667], [1.5377407, 42.5072997], [1.5374079, 42.5072431], [1.5370695, 42.5072345], [1.5368496, 42.5070041], [1.5365348, 42.5069685], [1.5362571, 42.5067861], [1.5359343, 42.5067086], [1.5356172, 42.5065981], [1.5352853, 42.5065543], [1.5349792, 42.5064253], [1.5347317, 42.5062229], [1.534435, 42.5060598], [1.5341243, 42.5059268], [1.5338086, 42.5058043], [1.533493, 42.5056818], [1.5332156, 42.5054991], [1.5329419, 42.5053012], [1.5326206, 42.5052005], [1.5322934, 42.5051137], [1.5319661, 42.5050269], [1.5316388, 42.5049402], [1.5318802, 42.5050133], [1.5322042, 42.5050146], [1.5325262, 42.5051172], [1.5328382, 42.5052488], [1.5326298, 42.5052155], [1.532299, 42.5051434], [1.5319682, 42.5050714], [1.5316374, 42.5049993], [1.5313065, 42.5049272], [1.5309936, 42.5048023], [1.5306711, 42.5047198], [1.5303733, 42.5045588], [1.5300462, 42.5044748], [1.5297166, 42.5043972], [1.5293852, 42.5043293], [1.529051, 42.5042773], [1.528721, 42.5042014], [1.528387, 42.5041521], [1.5280528, 42.504102], [1.5277203, 42.5040386], [1.5273882, 42.5039733], [1.5270538, 42.5039222], [1.5267163, 42.503927], [1.5263778, 42.5039244], [1.5260413, 42.5038901], [1.525703, 42.5038834], [1.5253652, 42.5039026], [1.5250272, 42.5039224], [1.5246938, 42.5039072], [1.5243674, 42.5038523], [1.5240434, 42.5038048], [1.5237837, 42.5035947], [1.5235557, 42.5033451], [1.5233361, 42.503088], [1.5231033, 42.5028421], [1.5228501, 42.5026231], [1.5225517, 42.5024631], [1.5222403, 42.5023334], [1.5219188, 42.5022272], [1.5216647, 42.5020274], [1.5215051, 42.50173], [1.5212934, 42.5014658], [1.5210741, 42.5012078], [1.5208324, 42.5009726], [1.5206606, 42.50069], [1.5203681, 42.500522], [1.5200481, 42.500412], [1.5197172, 42.500351], [1.5195783, 42.5001906], [1.5195179, 42.4998747], [1.5193794, 42.4998583], [1.5190943, 42.4999916], [1.5187559, 42.4999831], [1.5184174, 42.4999745], [1.5180796, 42.4999814], [1.5178143, 42.5001916]], "mood_vectors": [[0.0502, 0.066, 0.0736, 0.0298, 0.6708, 0.0627, 0.047], [0.0681, 0.02, 0.0136, 0.0277, 0.7409, 0.0764, 0.0533], [0.0502, 0.0388, 0.0715, 0.0711, 0.6459, 0.0716, 0.0508], [0.0491, 0.0159, 0.0215, 0.0825, 0.7658, 0.0167, 0.0485], [0.0144, 0.0314, 0.0354, 0.0278, 0.7795, 0.0801, 0.0316], [0.0626, 0.029, 0.0688, 0.0408, 0.6914, 0.0591, 0.0483], [0.0606, 0.0339, 0.0335, 0.0155, 0.7582, 0.0584, 0.0399], [0.0386, 0.0801, 0.0349, 0.0123, 0.7393, 0.0794, 0.0154], [0.0302, 0.1011, 0.0228, 0.0367, 0.727, 0.0619, 0.0203], [0.0834, 0.076, 0.0241, 0.028, 0.6911, 0.0357, 0.0617], [0.0551, 0.0185, 0.0387, 0.049, 0.6842, 0.0776, 0.0769], [0.013, 0.0739, 0.0502, 0.0171, 0.7133, 0.0694, 0.0631], [0.0599, 0.0402, 0.0647, 0.0677, 0.6594, 0.0651, 0.0429], [0.0432, 0.0509, 0.0275, 0.0515, 0.7079, 0.0625, 0.0564], [0.0741, 0.0325, 0.0854, 0.0398, 0.7236, 0.0192, 0.0254], [0.0564, 0.0477, 0.0335, 0.0408, 0.7133, 0.047, 0.0614], [0.0203, 0.0388, 0.0729, 0.0229, 0.7492, 0.0583, 0.0377], [0.0757, 0.0338, 0.0595, 0.0549, 0.6624, 0.0734, 0.0404], [0.0519, 0.0727, 0.0513, 0.0595, 0.6876, 0.0389, 0.0381], [0.0839, 0.0365, 0.0581, 0.0705, 0.666, 0.0275, 0.0574], [0.0436, 0.0457, 0.0763, 0.0301, 0.6774, 0.0685, 0.0584], [0.0768, 0.0401, 0.0613, 0.0711, 0.5913, 0.0793, 0.0801], [0.0562, 0.1019, 0.0265, 0.03, 0.7296, 0.0197, 0.0362], [0.0208, 0.0117, 0.066, 0.0697, 0.7209, 0.0691, 0.0417], [0.0444, 0.0522, 0.0337, 0.0712, 0.6848, 0.0232, 0.0905], [0.0706, 0.034, 0.0302, 0.0562, 0.6736, 0.0949, 0.0405], [0.0166, 0.0697, 0.0448, 0.0697, 0.6663, 0.0679, 0.065], [0.0519, 0.0306, 0.0659, 0.0677, 0.6702, 0.0503, 0.0635], [0.0643, 0.0477, 0.0449, 0.0217, 0.6918, 0.0965, 0.033], [0.0788, 0.0221, 0.0466, 0.0928, 0.651, 0.0429, 0.0658], [0.0673, 0.0709, 0.0655, 0.0582, 0.6474, 0.0491, 0.0417], [0.077, 0.0263, 0.0799, 0.0746, 0.6634, 0.0496, 0.0292], [0.0269, 0.0584, 0.052, 0.0209, 0.7616, 0.0446, 0.0356], [0.0284, 0.054, 0.0727, 0.0633, 0.6028, 0.0815, 0.0973], [0.0716, 0.0236, 0.0472, 0.058, 0.7012, 0.0422, 0.0562], [0.0447, 0.0728, 0.0685, 0.0196, 0.6827, 0.0403, 0.0715], [0.0563, 0.0669, 0.0332, 0.036, 0.7277, 0.0349, 0.045], [0.0423, 0.0612, 0.0657, 0.0317, 0.6352, 0.0865, 0.0775], [0.073, 0.0469, 0.0827, 0.0442, 0.6379, 0.0763, 0.0389], [0.0581, 0.0238, 0.0441, 0.0733, 0.7532, 0.0173, 0.0303], [0.0546, 0.0453, 0.0662, 0.0422, 0.7396, 0.0164, 0.0358], [0.0387, 0.0467, 0.02, 0.0732, 0.7407, 0.0585, 0.0221], [0.0585, 0.0625, 0.0368, 0.0393, 0.7293, 0.0237, 0.0498], [0.0918, 0.0136, 0.036, 0.0492, 0.7332, 0.0363, 0.0397], [0.0842, 0.0144, 0.0607, 0.043, 0.7055, 0.0526, 0.0397], [0.0327, 0.0158, 0.0121, 0.074, 0.751, 0.0455, 0.0688], [0.0766, 0.024, 0.0885, 0.0484, 0.6653, 0.0511, 0.0461], [0.0406, 0.0772, 0.0504, 0.0578, 0.6596, 0.037, 0.0774], [0.0559, 0.06, 0.0476, 0.081, 0.6884, 0.0412, 0.0259], [0.0376, 0.0165, 0.075, 0.0698, 0.6615, 0.0694, 0.0702], [0.0743, 0.0653, 0.0412, 0.0493, 0.6934, 0.0546, 0.0219], [0.0793, 0.0357, 0.0225, 0.0589, 0.71, 0.0669, 0.0268], [0.0442, 0.0538, 0.0345, 0.0479, 0.7096, 0.0638, 0.0462], [0.0543, 0.0332, 0.0171, 0.0457, 0.7401, 0.0542, 0.0554], [0.0425, 0.0395, 0.0232, 0.0174, 0.7745, 0.0334, 0.0695], [0.0551, 0.0737, 0.0356, 0.0859, 0.6502, 0.0489, 0.0507], [0.085, 0.0437, 0.0312, 0.0802, 0.5827, 0.0807, 0.0965], [0.0806, 0.0196, 0.0566, 0.0248, 0.6969, 0.1004, 0.0211], [0.0711, 0.0597, 0.0386, 0.0711, 0.6805, 0.0546, 0.0245], [0.0261, 0.0196, 0.0278, 0.0531, 0.7533, 0.0482, 0.0718], [0.0335, 0.0257, 0.0466, 0.0149, 0.8114, 0.0441, 0.0237], [0.0882, 0.0472, 0.0206, 0.0891, 0.6638, 0.0654, 0.0257], [0.0548, 0.0347, 0.0612, 0.0182, 0.7352, 0.0388, 0.057], [0.0482, 0.0573, 0.0655, 0.0615, 0.6962, 0.0314, 0.0399], [0.0411, 0.0523, 0.0681, 0.0425, 0.718, 0.0659, 0.0123], [0.0227, 0.0627, 0.081, 0.0337, 0.6928, 0.0411, 0.0661], [0.0326, 0.0336, 0.0424, 0.0499, 0.7258, 0.079, 0.0366], [0.0722, 0.0447, 0.0158, 0.0598, 0.6771, 0.0728, 0.0575], [0.0539, 0.048, 0.082, 0.0513, 0.6716, 0.0229, 0.0704], [0.0208, 0.0674, 0.0412, 0.0279, 0.7539, 0.0229, 0.0659], [0.0827, 0.0411, 0.0748, 0.0655, 0.6617, 0.0185, 0.0556], [0.0729, 0.0422, 0.0391, 0.0136, 0.7524, 0.0474, 0.0324], [0.0703, 0.0434, 0.0559, 0.0188, 0.6788, 0.0736, 0.0591], [0.0649, 0.0811, 0.0244, 0.0232, 0.7076, 0.0802, 0.0186], [0.0668, 0.0385, 0.0479, 0.0481, 0.7219, 0.0608, 0.0159], [0.055, 0.0814, 0.0227, 0.0167, 0.6818, 0.0643, 0.078], [0.0334, 0.0183, 0.0442, 0.0193, 0.7487, 0.0866, 0.0495], [0.0536, 0.0253, 0.0196, 0.0338, 0.7623, 0.0754, 0.03], [0.0394, 0.0686, 0.0179, 0.0594, 0.7334, 0.0411, 0.0403], [0.0384, 0.0413, 0.0175, 0.0337, 0.7552, 0.041, 0.073]], "emotions": ["red", "red", "red", "red", "red", "red", "red", "red", "red", "red", "red", "red", "red", "red", "red", "red", "red", "red", "red", "red", "red", "red", "red", "red", "red", "red", "red", "red", "red", "red", "red", "red", "red", "red", "red", "red", "red", "red", "red", "red", "red", "red", "red", "red", "red", "red", "red", "red", "red", "red", "red", "red", "red", "red", "red", "red", "red", "red", "red", "red", "red", "red", "red", "red", "red", "red", "red", "red", "red", "red", "red", "red", "red", "red", "red", "red", "red", "red", "red", "red"], "timestamps": [0, 40, 80, 120, 160, 200, 240, 280, 320, 360, 400, 440, 480, 520, 560, 600, 640, 680, 720, 760, 800, 840, 880, 920, 960, 1000, 1040, 1080, 1120, 1160, 1200, 1240, 1280, 1320, 1360, 1400, 1440, 1480, 1520, 1560, 1600, 1640, 1680, 1720, 1760, 1800, 1840, 1880, 1920, 1960, 2000, 2040, 2080, 2120, 2160, 2200, 2240, 2280, 2320, 2360, 2400, 2440, 2480, 2520, 2560, 2600, 2640, 2680, 2720, 2760, 2800, 2840, 2880, 2920, 2960, 3000, 3040, 3080, 3120, 3160]}], "conversation": [], "conversation_timestamps": []}