{"agent_id": "agent-red-971", "type": "red", "trips": [{"trip_id": 0, "transport_method": "foot", "start_time": 0, "path": [[1.519535, 42.5003394], [1.5197624, 42.5003571], [1.519986, 42.5003948], [1.5202032, 42.5004637], [1.5204165, 42.5005441], [1.5206136, 42.5006578], [1.5207211, 42.5008502], [1.520876, 42.501015], [1.5210422, 42.5011702], [1.52119, 42.5013441], [1.5213375, 42.5015184], [1.5214792, 42.5016973], [1.5215975, 42.5018911], [1.5216984, 42.5020959], [1.5218866, 42.5022163], [1.5217682, 42.5023074], [1.5215602, 42.5024015], [1.5216327, 42.5025443], [1.521821, 42.5026715], [1.5220272, 42.5027693], [1.5222369, 42.5028595], [1.5224297, 42.5029765], [1.5225812, 42.5031472], [1.5227328, 42.503318], [1.5228144, 42.5034999], [1.5227005, 42.5036684], [1.5228498, 42.5038408], [1.5230006, 42.5040121], [1.523151, 42.5041838], [1.523219, 42.5043941], [1.5232764, 42.5045961], [1.5234933, 42.5046564], [1.5237172, 42.5047013], [1.5239408, 42.5047466], [1.5241613, 42.5047985], [1.5243882, 42.5048233], [1.5246022, 42.5048466], [1.5243753, 42.5048219], [1.5241484, 42.5047971], [1.524168, 42.504804], [1.5243938, 42.5048374], [1.5246196, 42.5048708], [1.5248454, 42.5049042], [1.5250713, 42.5049375], [1.5252971, 42.5049709], [1.5255229, 42.5050043], [1.5257487, 42.5050376], [1.5259746, 42.505071], [1.5262011, 42.50509], [1.526429, 42.5050781], [1.5266543, 42.5050882], [1.5268729, 42.505154], [1.52709, 42.5052243], [1.5273049, 42.5053014], [1.5275205, 42.5053763], [1.527737, 42.5054488], [1.5279535, 42.5055213], [1.5277466, 42.5054647], [1.527529, 42.5053971], [1.5275171, 42.5053711], [1.5277361, 42.5054357], [1.5279551, 42.5055003], [1.528174, 42.5055648], [1.528393, 42.5056294], [1.5286119, 42.5056939], [1.5288309, 42.5057585], [1.5290499, 42.505823], [1.5292491, 42.5059288], [1.5294365, 42.5060591], [1.529624, 42.5061894], [1.5298099, 42.5063218], [1.5299956, 42.5064546], [1.5301839, 42.5065836], [1.5303732, 42.5067111], [1.5305612, 42.5068404], [1.5307711, 42.5069301], [1.5309811, 42.5070197], [1.5310399, 42.5071619], [1.5309302, 42.5073622], [1.5307958, 42.507546]], "mood_vectors": [[0.6273, 0.0527, 0.0468, 0.0606, 0.0734, 0.0865, 0.0527], [0.7257, 0.0683, 0.055, 0.0425, 0.0222, 0.0245, 0.0619], [0.6475, 0.0541, 0.0726, 0.0723, 0.0383, 0.0828, 0.0324], [0.687, 0.0491, 0.0439, 0.0482, 0.0733, 0.0345, 0.0639], [0.7789, 0.0263, 0.0312, 0.0331, 0.0305, 0.0784, 0.0215], [0.7164, 0.047, 0.0538, 0.0482, 0.0198, 0.0734, 0.0414], [0.6891, 0.0533, 0.0692, 0.0383, 0.0597, 0.0354, 0.0549], [0.6954, 0.0257, 0.043, 0.0996, 0.0566, 0.0481, 0.0317], [0.6974, 0.0192, 0.0255, 0.0726, 0.0471, 0.0666, 0.0716], [0.7497, 0.0275, 0.037, 0.0244, 0.0413, 0.0674, 0.0528], [0.7321, 0.034, 0.0721, 0.0385, 0.026, 0.0607, 0.0367], [0.656, 0.0711, 0.0948, 0.0244, 0.0195, 0.0676, 0.0666], [0.7327, 0.0264, 0.0669, 0.053, 0.0121, 0.0643, 0.0448], [0.7546, 0.0254, 0.0306, 0.0365, 0.0707, 0.0133, 0.069], [0.6279, 0.0959, 0.0335, 0.0974, 0.0496, 0.0658, 0.0299], [0.6298, 0.0737, 0.0774, 0.0278, 0.0729, 0.0666, 0.0517], [0.697, 0.0673, 0.0685, 0.0357, 0.0574, 0.0316, 0.0425], [0.6613, 0.0486, 0.0354, 0.069, 0.0426, 0.0672, 0.076], [0.7167, 0.0141, 0.043, 0.0743, 0.0594, 0.0795, 0.0131], [0.7496, 0.0498, 0.0627, 0.0314, 0.0371, 0.0483, 0.0211], [0.7796, 0.0147, 0.0168, 0.0213, 0.0227, 0.0768, 0.0681], [0.6397, 0.0825, 0.0372, 0.062, 0.0859, 0.032, 0.0606], [0.7326, 0.0484, 0.0471, 0.0188, 0.0206, 0.0519, 0.0806], [0.6873, 0.0726, 0.0502, 0.0182, 0.0768, 0.0324, 0.0625], [0.7774, 0.0172, 0.0631, 0.0142, 0.0536, 0.0571, 0.0175], [0.7249, 0.0352, 0.0587, 0.0246, 0.0214, 0.0801, 0.0551], [0.7429, 0.0745, 0.0524, 0.0413, 0.0447, 0.0209, 0.0233], [0.6517, 0.0386, 0.0838, 0.0705, 0.0529, 0.0727, 0.0299], [0.722, 0.0173, 0.013, 0.0707, 0.0762, 0.0471, 0.0537], [0.6957, 0.0236, 0.0356, 0.1022, 0.0461, 0.0191, 0.0779], [0.6777, 0.0244, 0.032, 0.0869, 0.0518, 0.0403, 0.087], [0.676, 0.0685, 0.0651, 0.0722, 0.0555, 0.0514, 0.0113], [0.8311, 0.0265, 0.0125, 0.0172, 0.0134, 0.0478, 0.0516], [0.7708, 0.0196, 0.024, 0.0463, 0.0549, 0.0613, 0.0231], [0.7358, 0.0391, 0.0437, 0.0265, 0.0317, 0.0497, 0.0734], [0.7511, 0.085, 0.0166, 0.0226, 0.0178, 0.0227, 0.0843], [0.7845, 0.0532, 0.024, 0.0325, 0.046, 0.0265, 0.0332], [0.7071, 0.0276, 0.021, 0.0507, 0.0373, 0.0871, 0.0691], [0.7583, 0.06, 0.0242, 0.0351, 0.0716, 0.0351, 0.0157], [0.6367, 0.0392, 0.0324, 0.0779, 0.0446, 0.0851, 0.0842], [0.6775, 0.0731, 0.0641, 0.0431, 0.022, 0.0961, 0.0241], [0.7306, 0.0745, 0.0433, 0.0143, 0.0404, 0.0539, 0.0428], [0.7382, 0.0796, 0.0597, 0.0354, 0.0257, 0.0163, 0.0451], [0.7013, 0.0312, 0.0735, 0.0613, 0.0498, 0.0657, 0.0172], [0.7035, 0.0149, 0.0459, 0.0908, 0.0335, 0.073, 0.0384], [0.7226, 0.0574, 0.0528, 0.071, 0.0268, 0.0128, 0.0567], [0.6855, 0.0148, 0.063, 0.0611, 0.0584, 0.0491, 0.0681], [0.8257, 0.0396, 0.0237, 0.0205, 0.0301, 0.0211, 0.0393], [0.7377, 0.014, 0.0313, 0.0552, 0.0677, 0.0139, 0.0803], [0.6564, 0.0616, 0.0729, 0.0248, 0.0597, 0.0561, 0.0686], [0.6966, 0.0688, 0.0534, 0.0697, 0.0285, 0.0163, 0.0666], [0.696, 0.0607, 0.0522, 0.0552, 0.0276, 0.0445, 0.0638], [0.6471, 0.0765, 0.0455, 0.077, 0.066, 0.0566, 0.0313], [0.674, 0.0326, 0.0521, 0.0943, 0.0143, 0.0707, 0.0621], [0.6514, 0.0742, 0.071, 0.0276, 0.076, 0.0701, 0.0296], [0.7102, 0.0535, 0.0892, 0.0403, 0.035, 0.0513, 0.0206], [0.6681, 0.0526, 0.0693, 0.0467, 0.0316, 0.0698, 0.0619], [0.6919, 0.0294, 0.0238, 0.0335, 0.0942, 0.0259, 0.1013], [0.807, 0.0569, 0.0261, 0.034, 0.0265, 0.0243, 0.0251], [0.6595, 0.0505, 0.0509, 0.0176, 0.0393, 0.1047, 0.0776], [0.6904, 0.0561, 0.0396, 0.0641, 0.0376, 0.0484, 0.0637], [0.6699, 0.0671, 0.0467, 0.0722, 0.0356, 0.0435, 0.065], [0.6794, 0.068, 0.0221, 0.0634, 0.0689, 0.0574, 0.0409], [0.7426, 0.0251, 0.0589, 0.0645, 0.0608, 0.0246, 0.0235], [0.7417, 0.0525, 0.06, 0.043, 0.0338, 0.0224, 0.0466], [0.6702, 0.036, 0.0863, 0.07, 0.0868, 0.0338, 0.017], [0.6968, 0.0764, 0.0515, 0.0829, 0.018, 0.026, 0.0485], [0.7356, 0.019, 0.0298, 0.084, 0.0405, 0.0491, 0.042], [0.6837, 0.0822, 0.037, 0.0228, 0.0278, 0.0848, 0.0617], [0.7052, 0.076, 0.0157, 0.0571, 0.0524, 0.0781, 0.0156], [0.7846, 0.0437, 0.0447, 0.0186, 0.0251, 0.0361, 0.0472], [0.7981, 0.0198, 0.0222, 0.0243, 0.056, 0.0371, 0.0425], [0.618, 0.0697, 0.0652, 0.0304, 0.0703, 0.0807, 0.0657], [0.6369, 0.0461, 0.0678, 0.0493, 0.076, 0.0732, 0.0507], [0.7641, 0.0142, 0.0457, 0.0398, 0.0471, 0.0425, 0.0467], [0.6802, 0.0824, 0.0743, 0.0301, 0.0823, 0.0204, 0.0303], [0.7785, 0.0513, 0.0475, 0.0444, 0.023, 0.0424, 0.0129], [0.6775, 0.0321, 0.0463, 0.0219, 0.0578, 0.0854, 0.0789], [0.6701, 0.0692, 0.09, 0.0396, 0.0398, 0.0206, 0.0707], [0.746, 0.0231, 0.0623, 0.0129, 0.0456, 0.0384, 0.0716]], "emotions": ["red", "red", "red", "red", "red", "red", "red", "red", "red", "red", "red", "red", "red", "red", "red", "red", "red", "red", "red", "red", "red", "red", "red", "red", "red", "red", "red", "red", "red", "red", "red", "red", "red", "red", "red", "red", "red", "red", "red", "red", "red", "red", "red", "red", "red", "red", "red", "red", "red", "red", "red", "red", "red", "red", "red", "red", "red", "red", "red", "red", "red", "red", "red", "red", "red", "red", "red", "red", "red", "red", "red", "red", "red", "red", "red", "red", "red", "red", "red", "red"], "timestamps": [0, 40, 80, 120, 160, 200, 240, 280, 320, 360, 400, 440, 480, 520, 560, 600, 640, 680, 720, 760, 800, 840, 880, 920, 960, 1000, 1040, 1080, 1120, 1160, 1200, 1240, 1280, 1320, 1360, 1400, 1440, 1480, 1520, 1560, 1600, 1640, 1680, 1720, 1760, 1800, 1840, 1880, 1920, 1960, 2000, 2040, 2080, 2120, 2160, 2200, 2240, 2280, 2320, 2360, 2400, 2440, 2480, 2520, 2560, 2600, 2640, 2680, 2720, 2760, 2800, 2840, 2880, 2920, 2960, 3000, 3040, 3080, 3120, 3160]}], "conversation": [], "conversation_timestamps": []}