{
  "agent_id": "agent-type-red-27",
  "type": "red",
  "trips": [
    {
      "trip_id": 0,
      "transport_method": "car",
      "start_time": 0,
      "path": [
        [
          1.5241482,
          42.50478759999999
        ],
        [
          1.5238307148759402,
          42.5047816358163
        ],
        [
          1.5234740344079785,
          42.50471212671314
        ],
        [
          1.5231162523002713,
          42.50464954722178
        ],
        [
          1.5227555965447364,
          42.5046050512552
        ],
        [
          1.5223949167246362,
          42.50456075070193
        ],
        [
          1.5222835711778013,
          42.50472680270465
        ],
        [
          1.522033420782429,
          42.50497753290993
        ],
        [
          1.5219402540786622,
          42.50532877703722
        ],
        [
          1.5218485344929322,
          42.50568039800031
        ],
        [
          1.521758554148252,
          42.50603247186929
        ],
        [
          1.521990775399234,
          42.506286900088455
        ],
        [
          1.522350667397369,
          42.506337201393855
        ],
        [
          1.5227086290235803,
          42.50639693907659
        ],
        [
          1.5230558119859199,
          42.50650421153434
        ],
        [
          1.5234030982070768,
          42.506611101141004
        ],
        [
          1.5235561165103007,
          42.506285135528735
        ],
        [
          1.523706904269369,
          42.505954506547305
        ],
        [
          1.5238576920284372,
          42.505623877565874
        ],
        [
          1.523865320212495,
          42.50560715141555
        ],
        [
          1.5237145324534267,
          42.505937780396984
        ],
        [
          1.5235637446943584,
          42.506268409378414
        ],
        [
          1.52341295693529,
          42.506599038359845
        ],
        [
          1.5230733654829882,
          42.50650967303938
        ],
        [
          1.5227263722608317,
          42.50640174852859
        ],
        [
          1.522368873930974,
          42.506339746080634
        ],
        [
          1.522008981932839,
          42.50628944477523
        ],
        [
          1.5217128879485284,
          42.50615703542754
        ],
        [
          1.5213598690062284,
          42.5061160937589
        ],
        [
          1.5210205055479569,
          42.50598615179171
        ],
        [
          1.5207010457675663,
          42.5059185668812
        ],
        [
          1.5203470189850985,
          42.505836606470375
        ],
        [
          1.5199929922026307,
          42.50575464605955
        ],
        [
          1.5196389654201627,
          42.505672685648726
        ],
        [
          1.519284938637695,
          42.5055907252379
        ],
        [
          1.518930911855227,
          42.50550876482708
        ],
        [
          1.5185769481495242,
          42.50552806727261
        ],
        [
          1.5183555771612434,
          42.505679753805865
        ],
        [
          1.5185111287187067,
          42.50600530139058
        ],
        [
          1.5187334655722105,
          42.506292736244454
        ],
        [
          1.5190151835896282,
          42.50640407371248
        ],
        [
          1.5189351008711878,
          42.506758491504584
        ],
        [
          1.5187007514571798,
          42.506899773754405
        ],
        [
          1.5183584876561467,
          42.50677767558837
        ],
        [
          1.5180162238551136,
          42.50665557742233
        ],
        [
          1.51765833942497,
          42.50660027983558
        ],
        [
          1.517801901647859,
          42.506520143268084
        ],
        [
          1.5180475430341334,
          42.50647860562188
        ],
        [
          1.518353749282922,
          42.50667428445274
        ],
        [
          1.5186599555317108,
          42.50686996328361
        ],
        [
          1.518798628521832,
          42.506797790059856
        ],
        [
          1.5187808330118657,
          42.50643483580451
        ],
        [
          1.5186071503377518,
          42.506129437176455
        ],
        [
          1.5184136098986394,
          42.50582556891499
        ],
        [
          1.5183520678919165,
          42.50548663100626
        ],
        [
          1.5184716333270836,
          42.50515001481774
        ],
        [
          1.5185519481750427,
          42.50501414969985
        ],
        [
          1.518393200974439,
          42.50533964567035
        ],
        [
          1.5187394909406078,
          42.505421377690034
        ],
        [
          1.5186079161543007,
          42.50564923246022
        ],
        [
          1.5186742455622166,
          42.505588274881305
        ],
        [
          1.5186008067540213,
          42.505522512464076
        ],
        [
          1.5183465187920073,
          42.50565699342685
        ],
        [
          1.5184961406392365,
          42.50598592495179
        ],
        [
          1.5187184774927402,
          42.50627335980566
        ],
        [
          1.5190438962645587,
          42.50635601687079
        ],
        [
          1.5193784875548644,
          42.50621819824618
        ],
        [
          1.519664728626139,
          42.50638653065479
        ],
        [
          1.520024836769544,
          42.50643505770552
        ],
        [
          1.5203869138504764,
          42.50640534653208
        ],
        [
          1.520052517015981,
          42.50643455670559
        ],
        [
          1.5197058171664402,
          42.50653924612917
        ],
        [
          1.519591095328156,
          42.506740713805186
        ],
        [
          1.5199356140136642,
          42.50685629644654
        ],
        [
          1.5199096660317408,
          42.507072867045096
        ],
        [
          1.5202484961397758,
          42.507204193468695
        ],
        [
          1.5204940313215756,
          42.50733794639694
        ],
        [
          1.5206532943725537,
          42.50745912642767
        ],
        [
          1.5210166382630066,
          42.50746493064317
        ],
        [
          1.5213799821534595,
          42.50747073485867
        ],
        [
          1.5217432011588305,
          42.507478524006764
        ],
        [
          1.5221023187164946,
          42.50753346762401
        ],
        [
          1.5224307974626115,
          42.50746859075974
        ],
        [
          1.5223749913704472,
          42.50717708684019
        ],
        [
          1.5221234198104954,
          42.50691485750951
        ],
        [
          1.5218718482505436,
          42.50665262817882
        ],
        [
          1.5216875766239035,
          42.50639271455743
        ],
        [
          1.5220099338963449,
          42.50628957782905
        ],
        [
          1.52236982589448,
          42.50633987913446
        ],
        [
          1.5227273,
          42.506402
        ]
      ],
      "emotions": [
        "purple",
        "purple",
        "purple",
        "purple",
        "purple",
        "purple",
        "purple",
        "purple",
        "purple",
        "purple",
        "green",
        "green",
        "green",
        "green",
        "green",
        "purple",
        "purple",
        "purple",
        "purple",
        "purple",
        "red",
        "red",
        "red",
        "red",
        "red",
        "purple",
        "purple",
        "purple",
        "purple",
        "purple",
        "purple",
        "purple",
        "purple",
        "purple",
        "purple",
        "red",
        "red",
        "red",
        "red",
        "red",
        "green",
        "green",
        "green",
        "green",
        "green",
        "red",
        "red",
        "red",
        "red",
        "red",
        "red",
        "red",
        "red",
        "red",
        "red",
        "red",
        "red",
        "red",
        "red",
        "red",
        "purple",
        "purple",
        "purple",
        "purple",
        "purple",
        "purple",
        "purple",
        "purple",
        "purple",
        "purple",
        "red",
        "red",
        "red",
        "red",
        "red",
        "green",
        "green",
        "green",
        "green",
        "green",
        "green",
        "green",
        "green",
        "green",
        "green",
        "green",
        "green",
        "green",
        "green",
        "green"
      ],
      "mood_vectors": [
        [
          0.06134679428954119,
          0.08107492529522481,
          0.04317739703597361,
          0.21730252750713536,
          0.2749330813847681,
          0.1471875833572159,
          0.17497769113014108
        ],
        [
          0.2178745656180929,
          0.007744296226026341,
          0.1572817351932475,
          0.06640320510196032,
          0.3055501429365956,
          0.16009832018331827,
          0.08504773474075897
        ],
        [
          0.12283737074224191,
          0.15315664628205322,
          0.03436279675014985,
          0.08325139647906575,
          0.17863039886392865,
          0.14317433396218418,
          0.2845870569203765
        ],
        [
          0.1315373711582261,
          0.015527108535656713,
          0.1228398953803342,
          0.38999757890400943,
          0.10015146810505797,
          0.0015949683605438558,
          0.23835160955617166
        ],
        [
          0.07824043532358543,
          0.21134688597576545,
          0.050310418257884466,
          0.2336985417399239,
          0.0708846523166491,
          0.23369525185043533,
          0.12182381453575633
        ],
        [
          0.14696728775499449,
          0.024022867445372315,
          0.050068814934225464,
          0.15061187773666335,
          0.18492310626461553,
          0.21216105504303762,
          0.23124499082109112
        ],
        [
          0.029754275279942562,
          0.29169497431671343,
          0.16946196369259678,
          0.20697827574427585,
          0.11797661290512786,
          0.08841251534677276,
          0.0957213827145708
        ],
        [
          0.3838897151783764,
          0.05915359912647743,
          0.09103994334178164,
          0.05681961812114441,
          0.12357055954281164,
          0.16326736263773106,
          0.12225920205167734
        ],
        [
          0.0917722446657871,
          0.1620734095257598,
          0.2898881764542511,
          0.008531128329074194,
          0.11487472933770287,
          0.16022642124682332,
          0.17263389044060165
        ],
        [
          0.10862075868977723,
          0.13044548856460927,
          0.13597686958940822,
          0.044449055422980305,
          0.2483436938286458,
          0.15629419015722015,
          0.17586994374735906
        ],
        [
          0.0994641005203667,
          0.21876579339845548,
          0.03776848731527585,
          0.0731027982166404,
          0.1276827116959241,
          0.22689040033414437,
          0.21632570851919308
        ],
        [
          0.15457878057001725,
          0.06807791692801377,
          0.4351611460367304,
          0.10303259978855135,
          0.1018086445914161,
          0.11287880224890183,
          0.024462109836369355
        ],
        [
          0.012690930084824475,
          0.20461736193768185,
          0.26219470463254213,
          0.16933312110700344,
          0.18861852841239019,
          0.08203453866878323,
          0.08051081515677468
        ],
        [
          0.17420692583263153,
          0.1022879665504773,
          0.13129850697002807,
          0.17713752958758042,
          0.15240690658082937,
          0.20270837774555464,
          0.05995378673289866
        ],
        [
          0.16578585761398257,
          0.303576082711742,
          0.11541678800018783,
          0.11183627742559278,
          0.04528028131829919,
          0.23867289374998066,
          0.01943181918021497
        ],
        [
          0.15115824675227138,
          0.08453679002471695,
          0.13177584647582266,
          0.06270254857463924,
          0.17461961240868096,
          0.2163916929475619,
          0.178815262816307
        ],
        [
          0.15607094792575205,
          0.04608180206001765,
          0.11867302468332339,
          0.07880382258941289,
          0.2703856810566056,
          0.2993404586893225,
          0.03064426299556594
        ],
        [
          0.15342204962605396,
          0.14524579808962135,
          0.1755217944308319,
          0.17952251508417014,
          0.03380860577577063,
          0.1759157645972096,
          0.1365634723963424
        ],
        [
          0.16485837363108616,
          0.12150015705603205,
          0.14763781465007236,
          0.04675869389271995,
          0.1199517851231494,
          0.2192505521349321,
          0.18004262351200792
        ],
        [
          0.018795444315696307,
          0.15580012207563537,
          0.1234844302842831,
          0.16196523885508438,
          0.20339068237320548,
          0.17476941124716203,
          0.16179467084893334
        ],
        [
          0.05940134183074372,
          0.06299290922270244,
          0.261315667283425,
          0.19774874419598476,
          0.24548067868088475,
          0.0016698557306479372,
          0.17139080305561144
        ],
        [
          0.05276481447360819,
          0.14709380980872153,
          0.17548645446052466,
          0.12814326762369982,
          0.21377645363508668,
          0.12980691896412178,
          0.15292828103423742
        ],
        [
          0.25924646404303714,
          0.06275454334442257,
          0.17421559854372332,
          0.12528504420430298,
          0.09233688421399858,
          0.16323739779079188,
          0.12292406785972357
        ],
        [
          0.03822111301544028,
          0.009693057248799047,
          0.05624064467013222,
          0.13754045448090735,
          0.23269386397110542,
          0.2528297559200592,
          0.27278111069355643
        ],
        [
          0.20933875915923617,
          0.17032505791238928,
          0.1223124618647599,
          0.044683854741371126,
          0.19858012941074066,
          0.1081140580009563,
          0.1466456789105465
        ],
        [
          0.17477427896016584,
          0.22781675126532536,
          0.06191350475928273,
          0.09398105804221374,
          0.07872473495471667,
          0.18381951850655834,
          0.17897015351173742
        ],
        [
          0.17320987839445803,
          0.06714946564373982,
          0.011656788192681046,
          0.16903274547237923,
          0.18823461210186837,
          0.10952008284923354,
          0.28119642734564
        ],
        [
          0.12649980444930983,
          0.039523968425962876,
          0.040283766460861355,
          0.040798746435144015,
          0.21795005753777283,
          0.2653728082282621,
          0.2695708484626869
        ],
        [
          0.13204609808663645,
          0.07247184321051868,
          0.09447665868850123,
          0.15527994308946041,
          0.1479050323530679,
          0.20652950352398658,
          0.1912909210478287
        ],
        [
          0.09651597037137687,
          0.0001538318756486542,
          0.18630416819595583,
          0.15641310526855864,
          0.12581855742823314,
          0.10511141300747527,
          0.3296829538527516
        ],
        [
          0.22210786224865356,
          0.14755875363802382,
          0.09334642243155165,
          0.20640461482745215,
          0.09194800944932416,
          0.11989339904494903,
          0.11874093836004568
        ],
        [
          0.34364216835663364,
          0.07978767985613419,
          0.1230394913003208,
          0.2151211379743758,
          0.11706271996881139,
          0.0032725777306327835,
          0.11807422481309149
        ],
        [
          0.14295407404420216,
          0.02055956268112099,
          0.16495145325462138,
          0.21663322621504733,
          0.09992244531866522,
          0.11035668061535332,
          0.2446225578709896
        ],
        [
          0.1509959356163069,
          0.07447224729465293,
          0.23669848684460057,
          0.16079670733771226,
          0.06685561831407502,
          0.20035567565984055,
          0.10982532893281173
        ],
        [
          0.20549185499892336,
          0.20512246655815852,
          0.15631312852439613,
          0.20098730530462178,
          0.141591592333908,
          0.046792369554617345,
          0.043701282725374914
        ],
        [
          0.18119854958582163,
          0.18509428880482764,
          0.20770607968637925,
          0.06866498123952473,
          0.08923714660625241,
          0.1431832356840197,
          0.12491571839317459
        ],
        [
          0.07572147060009589,
          0.17260524033464528,
          0.07987863238468748,
          0.2513299220766499,
          0.1176322146975842,
          0.005902310580343082,
          0.2969302093259941
        ],
        [
          0.3693995274079414,
          0.1300148592903654,
          0.127729493641832,
          0.042142527234300134,
          0.17637293374794494,
          0.09077225854232952,
          0.06356840013528657
        ],
        [
          0.010491913723446898,
          0.06728911754311863,
          0.15165717331179907,
          0.09026425736272851,
          0.2980146304431968,
          0.2393686129665322,
          0.14291429464917788
        ],
        [
          0.1046331425688012,
          0.17244949291228173,
          0.1408969499569243,
          0.0870754211714279,
          0.24967645862900947,
          0.04604470347580662,
          0.19922383128574875
        ],
        [
          0.047031307791004964,
          0.06667046610610955,
          0.22059943517614214,
          0.1587750040820241,
          0.2940178965134734,
          0.1310632167317799,
          0.08184267359946595
        ],
        [
          0.1706272469644612,
          0.21457736390267756,
          0.020555522052109216,
          0.13801000893013243,
          0.2002179885459473,
          0.08180128616424828,
          0.17421058344042412
        ],
        [
          0.04487412206233804,
          0.04209564871553852,
          0.24694574343014952,
          0.23678625512280035,
          0.08259513355059794,
          0.10664471877384506,
          0.2400583783447306
        ],
        [
          0.10298336864124473,
          0.1104883456816337,
          0.17814070668871937,
          0.09344265396427562,
          0.1826384988386707,
          0.16098590634552548,
          0.17132051983993046
        ],
        [
          0.15434365801341463,
          0.19468890469364744,
          0.20744452693364354,
          0.06944006785848082,
          0.09152197944266716,
          0.12374200224016935,
          0.15881886081797708
        ],
        [
          0.10654602317818825,
          0.10457512639157798,
          0.09802906419327224,
          0.16152460193286375,
          0.029128573911690887,
          0.23918820978184166,
          0.26100840061056524
        ],
        [
          0.15594050199031773,
          0.14170567142713264,
          0.16754636749703988,
          0.10690248114718601,
          0.10780708553675622,
          0.14386420372569275,
          0.1762336886758748
        ],
        [
          0.09317380439585607,
          0.0103971360674056,
          0.10205403561914388,
          0.2208677704274237,
          0.23543339568020993,
          0.2686472237281542,
          0.06942663408180669
        ],
        [
          0.24076578114867903,
          0.11808282639390308,
          0.06552704755113577,
          0.1270799207126737,
          0.0026074800644080645,
          0.28972587633673264,
          0.15621106779246774
        ],
        [
          0.24180229758155672,
          0.17182367704885607,
          0.21800781432283517,
          0.1579126765928458,
          0.061061968637748744,
          0.13702224516772524,
          0.012369320648432247
        ],
        [
          0.3144905676611365,
          0.30725205196628735,
          0.02066181386566195,
          0.25601590665737645,
          0.06752949566518596,
          0.005436936676254439,
          0.028613227508097333
        ],
        [
          0.13993751287986914,
          0.31650842247636435,
          0.04940580503525824,
          0.25103261305618296,
          0.0033242596611772956,
          0.06683993501065698,
          0.17295145188049107
        ],
        [
          0.20279794490587663,
          0.1715577010391692,
          0.03310289253942081,
          0.16957569409835133,
          0.1279172654392946,
          0.16976112107614383,
          0.12528738090174357
        ],
        [
          0.3110257162338753,
          0.04351820862030262,
          0.0341932687884117,
          0.18969025305341009,
          0.07381158981722936,
          0.030694661849519224,
          0.31706630163725164
        ],
        [
          0.006476106576606872,
          0.030800242552890118,
          0.13863689744908048,
          0.2256208869208817,
          0.23289924706284887,
          0.03438527168977211,
          0.3311813477479199
        ],
        [
          0.1565951888688279,
          0.11091584814592528,
          0.16361652443328978,
          0.04392883205366031,
          0.2023453706674111,
          0.12721884929324914,
          0.19537938653763645
        ],
        [
          0.11022153052322109,
          0.14311789906717592,
          0.21204926168585353,
          0.08000983008265794,
          0.22355312408030087,
          0.18127232796803136,
          0.04977602659275935
        ],
        [
          0.11417039256174116,
          0.04154345407979694,
          0.16348167066960478,
          0.07084864889331645,
          0.18175169416012885,
          0.19986886421110883,
          0.22833527542430293
        ],
        [
          0.1191246632460782,
          0.1964087652547733,
          0.29872909996500435,
          0.043380358618158955,
          0.13329393011340726,
          0.05553242606083684,
          0.15353075674174105
        ],
        [
          0.14567623024327772,
          0.11348372079651733,
          0.10528217270297899,
          0.17485617469645381,
          0.08250748140902894,
          0.2190496868059808,
          0.15914453334576234
        ],
        [
          0.2439558531926242,
          0.23623655590469844,
          0.23779320299719228,
          0.07982007545215061,
          0.07628369175613345,
          0.07971770449760994,
          0.04619291619959103
        ],
        [
          0.14559629348073594,
          0.30792248906797404,
          0.18651986356895864,
          0.1472773858974936,
          0.011129102697674583,
          0.038044133996603294,
          0.1635107312905599
        ],
        [
          0.1009816962092151,
          0.2077379531854027,
          0.0883959648199655,
          0.16337940129433778,
          0.1694295339879636,
          0.14916728403636048,
          0.12090816646675491
        ],
        [
          0.2088389758151584,
          0.15146429914296997,
          0.06585830800435424,
          0.002903804810404516,
          0.09857734788200154,
          0.2082547351539835,
          0.26410252919112787
        ],
        [
          0.18039020356516586,
          0.18014557224360284,
          0.19947385364015868,
          0.05068451286765505,
          0.0917225106669045,
          0.06611029178553696,
          0.23147305523097608
        ],
        [
          0.12204522005054162,
          0.20199299277389737,
          0.20126546983727275,
          0.0999207297776083,
          0.10938147280991299,
          0.23471171795644577,
          0.030682396794321252
        ],
        [
          0.1885218481656251,
          0.21417214504626916,
          0.15717152460103806,
          0.016879539180311647,
          0.0701484194887795,
          0.17603533761808066,
          0.17707118589989584
        ],
        [
          0.18688352555830023,
          0.09464405848444707,
          0.13261219607182384,
          0.1800376110310212,
          0.1583443340921675,
          0.1256330066583914,
          0.12184526810384877
        ],
        [
          0.25431374623047986,
          0.14496595771673346,
          0.15739269130673697,
          0.12014528296984356,
          0.10938610682466629,
          0.2084106863905605,
          0.005385528560979292
        ],
        [
          0.2606596975626561,
          0.0924269319234445,
          0.034546297837331534,
          0.1336041674597819,
          0.06167607280355556,
          0.17720415966018055,
          0.23988267275304984
        ],
        [
          0.1160060008173276,
          0.21382820211390477,
          0.19783152433614554,
          0.03395523339580587,
          0.27646344970877984,
          0.11806533158614704,
          0.04385025804188932
        ],
        [
          0.23449114199614035,
          0.08044463339144635,
          0.12852213187487657,
          0.20326815403657808,
          0.14733410535415478,
          0.1732396503003538,
          0.03270018304645014
        ],
        [
          0.1854763776003244,
          0.06762802092652845,
          0.21969456473327365,
          0.13081974591850384,
          0.1286441012075218,
          0.14768547314590583,
          0.12005171646794206
        ],
        [
          0.11906769857958785,
          0.17663686893938113,
          0.01725506812323286,
          0.1769704505285629,
          0.13176622290876575,
          0.18521221977965008,
          0.1930914711408194
        ],
        [
          0.1293239184930427,
          0.05591418817759709,
          0.03962357311697463,
          0.23793570536351225,
          0.14531642184832946,
          0.23977453008186458,
          0.15211166291867928
        ],
        [
          0.21442102992596557,
          0.14854669388352143,
          0.10965248674216987,
          0.04700304585406152,
          0.1606417334356675,
          0.23138704387492354,
          0.0883479662836906
        ],
        [
          0.22897242058848527,
          0.279352063197411,
          0.10058179138558282,
          0.11024359268258667,
          0.022816355153425474,
          0.00232934757953272,
          0.2557044294129761
        ],
        [
          0.2270236283367291,
          0.09899945028729977,
          0.2254845159017468,
          0.032648583558489874,
          0.0915870035910292,
          0.25581950068776566,
          0.06843731763693951
        ],
        [
          0.25022201391196985,
          0.19007039441004808,
          0.05821949277042985,
          0.13806195904358431,
          0.2315475758854212,
          0.05534737716487662,
          0.0765311868136701
        ],
        [
          0.24831004682511315,
          0.29370001238261606,
          0.006560071778357268,
          0.11372704940537355,
          0.015769171488176383,
          0.1379440607193378,
          0.1839895874010258
        ],
        [
          0.08679310174876816,
          0.21155774201097463,
          0.22777423338855327,
          0.005936374710586522,
          0.1357313876398768,
          0.26036998439705794,
          0.07183717610418264
        ],
        [
          0.03322128611430633,
          0.2351470219010152,
          0.04124128744763049,
          0.15700514369179666,
          0.21175455787966335,
          0.14263259998772213,
          0.17899810297786584
        ],
        [
          0.28005158924604723,
          0.06555668684795113,
          0.018486437101913653,
          0.10729117421945768,
          0.20844411454387043,
          0.2983723593181557,
          0.02179763872260414
        ],
        [
          0.30667372859792447,
          0.20728681632092952,
          0.015555796820415822,
          0.10749365205901766,
          0.152541118499129,
          0.06987986716832535,
          0.14056902053425815
        ],
        [
          0.2616211660430058,
          0.11119753845683573,
          0.0027130733169153346,
          0.135067108464168,
          0.18744707144877934,
          0.036638773011787445,
          0.2653152692585084
        ],
        [
          0.09560612718516316,
          0.22567917556433215,
          0.08423536724980309,
          0.07249442720624788,
          0.011602010568565408,
          0.2899377086224127,
          0.22044518360347565
        ],
        [
          0.21991813471348154,
          0.22976113687214325,
          0.11571539260305076,
          0.088851103251331,
          0.04196928253104794,
          0.1809419240878495,
          0.122843025941096
        ],
        [
          0.09534498471025368,
          0.14453851457682504,
          0.1670479958073862,
          0.1807615222747349,
          0.2560306623214873,
          0.07370364151113863,
          0.08257267879817427
        ],
        [
          0.006785331577399289,
          0.23632177332404714,
          0.16403039447154016,
          0.25916685024856145,
          0.029967854083177436,
          0.21790748454993336,
          0.0858203117453412
        ],
        [
          0.20167880719330022,
          0.04274328333394132,
          0.28613166339275975,
          0.16740629013107422,
          0.203812456542271,
          0.0759630848480433,
          0.02226441455861024
        ]
      ],
      "timestamps": [
        0,
        1,
        2,
        3,
        4,
        5,
        6,
        7,
        8,
        9,
        10,
        11,
        12,
        13,
        14,
        15,
        16,
        17,
        18,
        19,
        20,
        21,
        22,
        23,
        24,
        25,
        26,
        27,
        28,
        29,
        30,
        31,
        32,
        33,
        34,
        35,
        36,
        37,
        38,
        39,
        40,
        41,
        42,
        43,
        44,
        45,
        46,
        47,
        48,
        49,
        50,
        51,
        52,
        53,
        54,
        55,
        56,
        57,
        58,
        59,
        60,
        61,
        62,
        63,
        64,
        65,
        66,
        67,
        68,
        69,
        70,
        71,
        72,
        73,
        74,
        75,
        76,
        77,
        78,
        79,
        80,
        81,
        82,
        83,
        84,
        85,
        86,
        87,
        88,
        89
      ],
      "distance": 838.5
    },
    {
      "trip_id": 1,
      "transport_method": "bicycle",
      "start_time": 90,
      "path": [
        [
          1.5226347,
          42.50637690000001
        ],
        [
          1.5226140145009135,
          42.50574382904263
        ],
        [
          1.522641410164343,
          42.506362686714766
        ],
        [
          1.5228728489867773,
          42.50587245937737
        ],
        [
          1.5231485878922135,
          42.5050568801568
        ],
        [
          1.5219548914567353,
          42.506216830811965
        ],
        [
          1.5227668080707641,
          42.50478819300355
        ],
        [
          1.5249071191645502,
          42.505029726922565
        ],
        [
          1.5253083236629792,
          42.50510008018027
        ],
        [
          1.5231759000000005,
          42.50479669999999
        ]
      ],
      "emotions": [
        "red",
        "red",
        "red",
        "red",
        "red",
        "green",
        "green",
        "green",
        "green",
        "green"
      ],
      "mood_vectors": [
        [
          0.16217098335938135,
          0.19253429681830092,
          0.18154689053375503,
          0.03702819407558187,
          0.25826308599127207,
          0.01570290366413453,
          0.1527536455575742
        ],
        [
          0.1421839095378892,
          0.1281883772385934,
          0.11277257894153227,
          0.1588677905946587,
          0.1820465359434935,
          0.13571752732203546,
          0.14022328042179752
        ],
        [
          0.07353151127907152,
          0.09595579902082994,
          0.20501674052866622,
          0.18629853678285363,
          0.1487634341736858,
          0.06139667697742466,
          0.22903730123746818
        ],
        [
          0.10982471150924987,
          0.18014698446546742,
          0.10224380339792878,
          0.045453981300120225,
          0.1678178774816955,
          0.21033303335104409,
          0.18417960849449405
        ],
        [
          0.21020393139695598,
          0.10242558978044586,
          0.19674479684568277,
          0.10812305331961522,
          0.15345648068055723,
          0.11289653769979986,
          0.11614961027694316
        ],
        [
          0.09646245139564492,
          0.20438518825564697,
          0.14843675925955943,
          0.213095990044382,
          0.12154244165908289,
          0.10470894702608982,
          0.11136822235959389
        ],
        [
          0.0446112210944641,
          0.15937660078852128,
          0.18091638784832267,
          0.16668650180037836,
          0.19249322803369157,
          0.13900521182675551,
          0.11691084860786646
        ],
        [
          0.19123412545743906,
          0.4272020027154854,
          0.09292306380989926,
          0.09412225225489829,
          0.13085623687672843,
          0.0565370519762768,
          0.007125266909272694
        ],
        [
          0.16922821225170223,
          0.1868489649983455,
          0.14403877599516043,
          0.1725659517337411,
          0.1390216550977915,
          0.1507710911651912,
          0.03752534875806807
        ],
        [
          0.17201203119770572,
          0.20015201198832122,
          0.1983975832241513,
          0.07554961694672485,
          0.20863460802115757,
          0.021179791243322418,
          0.124074357378617
        ]
      ],
      "timestamps": [
        90,
        91,
        92,
        93,
        94,
        95,
        96,
        97,
        98,
        99
      ],
      "distance": 509.5
    }
  ],
  "conversation": [
    "So many dogs around here!",
    "How did I end up walking 10k steps already?",
    "Parking's a nightmare, as usual."
  ],
  "conversation_timestamps": [
    26,
    71,
    95
  ]
}
