{"agent_id": "agent-orange-1093", "type": "orange", "trips": [{"trip_id": 0, "transport_method": "foot", "start_time": 0, "path": [[1.4932728, 42.4625724], [1.4939432, 42.4622169], [1.494989, 42.4625521], [1.4961017, 42.4627623], [1.4952014, 42.4627118], [1.4940471, 42.4626661], [1.493472, 42.4630055], [1.4938697, 42.4640395], [1.4946981, 42.4644623], [1.4948709, 42.4652716], [1.4940203, 42.4659709], [1.4928921, 42.4661846], [1.4920238, 42.4669316], [1.4915683, 42.4678283], [1.4918882, 42.4689354], [1.4920268, 42.4700662], [1.4916153, 42.4711387], [1.4910703, 42.4721573], [1.4905752, 42.4731976], [1.4906483, 42.4743213], [1.4908372, 42.4754433], [1.4906239, 42.4765277], [1.490443, 42.4776687], [1.4902622, 42.4788097], [1.4900813, 42.4799506], [1.4899005, 42.4810916], [1.4896307, 42.4816828], [1.4894368, 42.4805498], [1.4894526, 42.4794096], [1.4899964, 42.4783976], [1.4905385, 42.4773789], [1.4906134, 42.4766995], [1.4905222, 42.4778511], [1.4904309, 42.4790027], [1.4903397, 42.4801543], [1.4902485, 42.4813059], [1.4901572, 42.4824576], [1.4906332, 42.4834832], [1.491192, 42.4844664], [1.4921439, 42.4849877], [1.4926643, 42.4860069], [1.4931277, 42.4870634], [1.4936878, 42.4880737], [1.4942535, 42.4890809], [1.4948132, 42.4900914], [1.4953355, 42.4910905], [1.4962275, 42.4918205], [1.4970838, 42.4925952], [1.497993, 42.4932964], [1.4984583, 42.4942704], [1.4987413, 42.4951409], [1.4994924, 42.4957913], [1.5005161, 42.4963263], [1.5015179, 42.4967843], [1.5025306, 42.4973238], [1.5035846, 42.4977966], [1.5046306, 42.4982857], [1.5056784, 42.4987704], [1.5067117, 42.4992865], [1.5077587, 42.4997746], [1.5087772, 42.5003064], [1.5096762, 42.50074], [1.5094935, 42.5006462], [1.5105421, 42.501131], [1.510968, 42.5013042], [1.5103587, 42.5011381], [1.5114126, 42.5016112], [1.5118803, 42.5018716], [1.5128309, 42.5025278], [1.5136257, 42.5033485], [1.5144574, 42.5041419], [1.5151878, 42.5049974], [1.5161739, 42.5055009], [1.5172379, 42.5059334], [1.5180911, 42.5064105], [1.5190417, 42.5070126], [1.5200867, 42.5074107], [1.5211236, 42.5078242], [1.5220951, 42.5084027], [1.521719, 42.5083459]], "mood_vectors": [[0.0367, 0.067, 0.0561, 0.0234, 0.6763, 0.0626, 0.0779], [0.0776, 0.0367, 0.072, 0.026, 0.6926, 0.027, 0.0681], [0.0486, 0.0228, 0.0711, 0.0229, 0.7135, 0.0657, 0.0553], [0.0126, 0.0253, 0.0633, 0.0631, 0.721, 0.0448, 0.07], [0.067, 0.0119, 0.0304, 0.0773, 0.7158, 0.0781, 0.0195], [0.0403, 0.018, 0.0964, 0.033, 0.6782, 0.0499, 0.0843], [0.0427, 0.0277, 0.0124, 0.0602, 0.7502, 0.0742, 0.0327], [0.0253, 0.0617, 0.0145, 0.0693, 0.6941, 0.0683, 0.0668], [0.0633, 0.0256, 0.0499, 0.0551, 0.7092, 0.0816, 0.0152], [0.0817, 0.0494, 0.0656, 0.0589, 0.6685, 0.0287, 0.0472], [0.0641, 0.0121, 0.0623, 0.0646, 0.7316, 0.046, 0.0192], [0.038, 0.0657, 0.0543, 0.012, 0.7565, 0.0292, 0.0442], [0.0793, 0.0501, 0.0464, 0.0774, 0.6762, 0.033, 0.0377], [0.0586, 0.0568, 0.0223, 0.0254, 0.7228, 0.0519, 0.0622], [0.0767, 0.0633, 0.0627, 0.0789, 0.5956, 0.0637, 0.059], [0.0308, 0.0596, 0.0501, 0.063, 0.6659, 0.0574, 0.0731], [0.0439, 0.0726, 0.0208, 0.0343, 0.6758, 0.08, 0.0726], [0.0539, 0.0188, 0.0682, 0.0292, 0.7, 0.053, 0.077], [0.0405, 0.0534, 0.0636, 0.0462, 0.6957, 0.0377, 0.063], [0.021, 0.0607, 0.0598, 0.0676, 0.7193, 0.024, 0.0477], [0.0331, 0.016, 0.0496, 0.0785, 0.7512, 0.0248, 0.0468], [0.016, 0.0357, 0.0539, 0.0277, 0.7207, 0.0731, 0.073], [0.0435, 0.015, 0.0754, 0.0149, 0.7448, 0.0245, 0.0818], [0.0679, 0.054, 0.0668, 0.0447, 0.6373, 0.0631, 0.0661], [0.0781, 0.0667, 0.0233, 0.0392, 0.6949, 0.0294, 0.0684], [0.0146, 0.0136, 0.0606, 0.0763, 0.7235, 0.0658, 0.0456], [0.0704, 0.0793, 0.0918, 0.0499, 0.6155, 0.0583, 0.0349], [0.0159, 0.0882, 0.0557, 0.0348, 0.7335, 0.0481, 0.0237], [0.0556, 0.068, 0.0373, 0.0708, 0.6771, 0.0592, 0.032], [0.0625, 0.0734, 0.0364, 0.0151, 0.7329, 0.0461, 0.0336], [0.0742, 0.0717, 0.0233, 0.0526, 0.663, 0.0605, 0.0548], [0.0509, 0.0667, 0.0699, 0.0675, 0.6304, 0.0552, 0.0594], [0.0144, 0.0694, 0.0371, 0.0722, 0.6942, 0.0242, 0.0885], [0.0364, 0.0426, 0.0388, 0.0157, 0.7778, 0.0488, 0.0398], [0.0761, 0.0571, 0.0425, 0.0549, 0.6898, 0.0214, 0.0583], [0.0226, 0.022, 0.0291, 0.0443, 0.7846, 0.0285, 0.0688], [0.0826, 0.0223, 0.0561, 0.0705, 0.6551, 0.0593, 0.0541], [0.055, 0.0135, 0.0196, 0.0355, 0.765, 0.0307, 0.0807], [0.0399, 0.0448, 0.0377, 0.0805, 0.7183, 0.0189, 0.0599], [0.0586, 0.0412, 0.0374, 0.0243, 0.7634, 0.017, 0.058], [0.0599, 0.082, 0.0797, 0.0602, 0.6474, 0.0358, 0.035], [0.0381, 0.0499, 0.0582, 0.0324, 0.6987, 0.0622, 0.0605], [0.0241, 0.0277, 0.0886, 0.0218, 0.7091, 0.064, 0.0647], [0.0397, 0.0703, 0.0242, 0.095, 0.6582, 0.0519, 0.0608], [0.0172, 0.0932, 0.0529, 0.0474, 0.6922, 0.0803, 0.0168], [0.0589, 0.0918, 0.0769, 0.016, 0.6651, 0.0358, 0.0555], [0.0692, 0.0634, 0.0617, 0.0832, 0.6336, 0.0211, 0.0679], [0.0161, 0.0864, 0.0305, 0.0633, 0.7064, 0.0803, 0.0171], [0.0466, 0.0182, 0.0418, 0.0368, 0.7579, 0.0565, 0.0421], [0.0683, 0.0744, 0.0135, 0.0124, 0.7415, 0.0742, 0.0156], [0.0975, 0.0758, 0.0246, 0.0738, 0.6688, 0.0182, 0.0414], [0.0539, 0.0339, 0.0617, 0.0716, 0.6113, 0.09, 0.0776], [0.0322, 0.0494, 0.0634, 0.043, 0.6865, 0.0475, 0.078], [0.0818, 0.077, 0.0227, 0.0546, 0.727, 0.0218, 0.0151], [0.0374, 0.0666, 0.0815, 0.0356, 0.6553, 0.0799, 0.0437], [0.0551, 0.0889, 0.0505, 0.0716, 0.5818, 0.0636, 0.0886], [0.0694, 0.0484, 0.0439, 0.0242, 0.6895, 0.0508, 0.0737], [0.06, 0.0643, 0.0823, 0.0371, 0.6467, 0.0763, 0.0331], [0.0458, 0.0605, 0.0216, 0.0533, 0.7656, 0.0196, 0.0336], [0.0629, 0.0701, 0.0135, 0.0693, 0.6924, 0.0402, 0.0516], [0.0515, 0.0518, 0.07, 0.0124, 0.6964, 0.0666, 0.0513], [0.0382, 0.0135, 0.0389, 0.0778, 0.8046, 0.0141, 0.0129], [0.0141, 0.0429, 0.0558, 0.0411, 0.6746, 0.0882, 0.0834], [0.0758, 0.0191, 0.054, 0.0733, 0.7041, 0.0597, 0.014], [0.0399, 0.054, 0.0429, 0.0597, 0.7212, 0.0583, 0.024], [0.0656, 0.0478, 0.0592, 0.0534, 0.661, 0.0445, 0.0686], [0.042, 0.0266, 0.0294, 0.0512, 0.7458, 0.0533, 0.0516], [0.0785, 0.022, 0.0217, 0.0679, 0.6827, 0.0741, 0.0531], [0.059, 0.041, 0.0648, 0.0589, 0.6762, 0.0461, 0.0539], [0.0772, 0.0348, 0.0803, 0.0656, 0.7022, 0.0177, 0.0222], [0.0357, 0.0768, 0.05, 0.0169, 0.7596, 0.0451, 0.016], [0.061, 0.03, 0.0464, 0.0646, 0.7165, 0.0518, 0.0297], [0.0628, 0.039, 0.0327, 0.0415, 0.7056, 0.0727, 0.0457], [0.0473, 0.0644, 0.0458, 0.0192, 0.7144, 0.0815, 0.0274], [0.0366, 0.0191, 0.0484, 0.0478, 0.7385, 0.0953, 0.0143], [0.0938, 0.0597, 0.0173, 0.0159, 0.7561, 0.0286, 0.0287], [0.0436, 0.0775, 0.0357, 0.0498, 0.735, 0.0252, 0.0332], [0.0873, 0.0481, 0.056, 0.0775, 0.5652, 0.0818, 0.0842], [0.0202, 0.0255, 0.0771, 0.0641, 0.7614, 0.0227, 0.0289], [0.072, 0.0462, 0.0601, 0.0364, 0.6872, 0.0317, 0.0664]], "emotions": ["red", "red", "red", "red", "red", "red", "red", "red", "red", "red", "red", "red", "red", "red", "red", "red", "red", "red", "red", "red", "red", "red", "red", "red", "red", "red", "red", "red", "red", "red", "red", "red", "red", "red", "red", "red", "red", "red", "red", "red", "red", "red", "red", "red", "red", "red", "red", "red", "red", "red", "red", "red", "red", "red", "red", "red", "red", "red", "red", "red", "red", "red", "red", "red", "red", "red", "red", "red", "red", "red", "red", "red", "red", "red", "red", "red", "red", "red", "red", "red"], "timestamps": [0, 40, 80, 120, 160, 200, 240, 280, 320, 360, 400, 440, 480, 520, 560, 600, 640, 680, 720, 760, 800, 840, 880, 920, 960, 1000, 1040, 1080, 1120, 1160, 1200, 1240, 1280, 1320, 1360, 1400, 1440, 1480, 1520, 1560, 1600, 1640, 1680, 1720, 1760, 1800, 1840, 1880, 1920, 1960, 2000, 2040, 2080, 2120, 2160, 2200, 2240, 2280, 2320, 2360, 2400, 2440, 2480, 2520, 2560, 2600, 2640, 2680, 2720, 2760, 2800, 2840, 2880, 2920, 2960, 3000, 3040, 3080, 3120, 3160]}], "conversation": [], "conversation_timestamps": []}