{"agent_id": "agent-green-607", "type": "green", "trips": [{"trip_id": 0, "transport_method": "bus", "start_time": 0, "path": [[1.5344127, 42.556745], [1.5345346, 42.5563958], [1.5335397, 42.5559238], [1.5330667, 42.555604], [1.5319596, 42.5556787], [1.5308914, 42.555489], [1.529882, 42.5550278], [1.5290637, 42.5543019], [1.5283712, 42.5534473], [1.527541, 42.5527107], [1.5267108, 42.551974], [1.5271134, 42.5523482], [1.5279957, 42.553021], [1.5285222, 42.5535574], [1.5277703, 42.552741], [1.5270185, 42.5519246], [1.5266445, 42.5511188], [1.5260912, 42.5502225], [1.525557, 42.5492518], [1.5251716, 42.5482196], [1.5246648, 42.5472899], [1.5246554, 42.5462448], [1.5243136, 42.5455905], [1.5238126, 42.5446167], [1.5234216, 42.5438003], [1.5231355, 42.5432631], [1.5228945, 42.5421991], [1.5231809, 42.5411892], [1.5235149, 42.5408901], [1.5232153, 42.5398509], [1.523141, 42.5387505], [1.5236488, 42.5379178], [1.5246752, 42.5375755], [1.525113, 42.5370965], [1.5243633, 42.5366905], [1.5233166, 42.5363686], [1.5226105, 42.5356262], [1.5219007, 42.5347864], [1.5210246, 42.5341719], [1.5209842, 42.533313], [1.5212566, 42.5323632], [1.5209545, 42.5313641], [1.5212395, 42.5305032], [1.5218512, 42.5296276], [1.5214465, 42.5288811], [1.5209866, 42.5279457], [1.5206628, 42.5269666], [1.5207529, 42.5258604], [1.5206868, 42.5263548], [1.5206113, 42.5274284], [1.5206893, 42.5263838], [1.5207441, 42.5252769], [1.5208615, 42.5242339], [1.5215463, 42.5233628], [1.5219913, 42.5223548], [1.5228286, 42.5216451], [1.5235177, 42.5207947], [1.5239455, 42.5197813], [1.5245809, 42.5189466], [1.5254624, 42.5182723], [1.5263259, 42.5175849], [1.5273469, 42.5171504], [1.5283243, 42.516648], [1.5293188, 42.5165101], [1.5302561, 42.5159342], [1.5311775, 42.5153347], [1.5319968, 42.5145921], [1.5328963, 42.5139629], [1.5339558, 42.5136417], [1.5350516, 42.5134664], [1.5361354, 42.5132581], [1.5371792, 42.5128886], [1.5382597, 42.5126386], [1.5381086, 42.512691], [1.5383103, 42.5125597], [1.5393704, 42.5122474], [1.540162, 42.5120502], [1.5395979, 42.5121407], [1.540591, 42.5116706], [1.5413309, 42.5108851]], "mood_vectors": [[0.0529, 0.0134, 0.0626, 0.0573, 0.0562, 0.0325, 0.7251], [0.0781, 0.0682, 0.0134, 0.0393, 0.0647, 0.0612, 0.6751], [0.0752, 0.0434, 0.0691, 0.023, 0.0454, 0.044, 0.6999], [0.0531, 0.0635, 0.0603, 0.0281, 0.0641, 0.0441, 0.6867], [0.0386, 0.0302, 0.0292, 0.0282, 0.0644, 0.0438, 0.7656], [0.0281, 0.0448, 0.0756, 0.0573, 0.0621, 0.0143, 0.7176], [0.0338, 0.0514, 0.0779, 0.0905, 0.0858, 0.0265, 0.6341], [0.0648, 0.0198, 0.0449, 0.0542, 0.0629, 0.0688, 0.6846], [0.0546, 0.0158, 0.0619, 0.0604, 0.0156, 0.0178, 0.7739], [0.0497, 0.0153, 0.0152, 0.0725, 0.0561, 0.0527, 0.7386], [0.0678, 0.0572, 0.0693, 0.0211, 0.0434, 0.013, 0.7283], [0.044, 0.029, 0.0277, 0.0504, 0.0282, 0.0179, 0.8028], [0.0246, 0.0882, 0.0812, 0.0911, 0.0551, 0.0461, 0.6136], [0.0392, 0.0241, 0.0283, 0.0714, 0.0723, 0.0707, 0.694], [0.0575, 0.0596, 0.0512, 0.0274, 0.0206, 0.0474, 0.7364], [0.0678, 0.0586, 0.0156, 0.0298, 0.0247, 0.0487, 0.7548], [0.0314, 0.0148, 0.06, 0.0777, 0.0455, 0.0516, 0.7189], [0.0276, 0.0444, 0.0426, 0.0781, 0.0698, 0.0556, 0.6819], [0.0641, 0.0593, 0.0826, 0.0363, 0.0698, 0.0181, 0.6697], [0.0354, 0.0333, 0.0424, 0.042, 0.0556, 0.0402, 0.751], [0.0767, 0.034, 0.0356, 0.0568, 0.0804, 0.0737, 0.6427], [0.0357, 0.0195, 0.0304, 0.0335, 0.0825, 0.0711, 0.7274], [0.059, 0.0138, 0.0259, 0.0583, 0.0787, 0.0606, 0.7036], [0.0243, 0.0522, 0.0761, 0.0611, 0.0128, 0.0787, 0.6948], [0.0673, 0.0808, 0.0539, 0.0844, 0.0391, 0.0238, 0.6507], [0.083, 0.0336, 0.0398, 0.0621, 0.0418, 0.0703, 0.6693], [0.0546, 0.0716, 0.0654, 0.05, 0.05, 0.0268, 0.6816], [0.0226, 0.0609, 0.0514, 0.0205, 0.0714, 0.0471, 0.726], [0.068, 0.0757, 0.0169, 0.0956, 0.0601, 0.071, 0.6126], [0.0685, 0.0176, 0.0279, 0.0817, 0.0244, 0.0175, 0.7624], [0.0685, 0.0829, 0.0737, 0.0178, 0.0524, 0.0826, 0.6222], [0.0197, 0.0503, 0.0309, 0.0594, 0.0718, 0.0645, 0.7034], [0.0915, 0.0726, 0.0635, 0.0739, 0.0373, 0.0405, 0.6206], [0.0519, 0.0254, 0.0512, 0.0677, 0.072, 0.022, 0.7098], [0.0284, 0.0995, 0.0335, 0.0848, 0.0421, 0.1001, 0.6116], [0.0262, 0.0675, 0.0331, 0.0751, 0.0253, 0.088, 0.6847], [0.0367, 0.0418, 0.0298, 0.0744, 0.0424, 0.0294, 0.7455], [0.0415, 0.0383, 0.0238, 0.0672, 0.0912, 0.0544, 0.6836], [0.0534, 0.0602, 0.0612, 0.0231, 0.0826, 0.0667, 0.6528], [0.0456, 0.0207, 0.083, 0.074, 0.0379, 0.0317, 0.7071], [0.0758, 0.057, 0.0587, 0.0217, 0.0143, 0.0209, 0.7517], [0.0663, 0.0584, 0.0697, 0.0421, 0.0556, 0.0481, 0.6599], [0.0461, 0.0766, 0.0679, 0.0179, 0.0836, 0.0351, 0.6728], [0.0598, 0.048, 0.0213, 0.0912, 0.0871, 0.0366, 0.656], [0.0362, 0.0723, 0.0709, 0.0622, 0.0859, 0.0174, 0.6551], [0.0313, 0.0616, 0.0425, 0.0698, 0.0248, 0.0418, 0.7282], [0.0791, 0.0373, 0.0937, 0.0344, 0.0554, 0.0532, 0.6469], [0.087, 0.0151, 0.0876, 0.0639, 0.0235, 0.0188, 0.7041], [0.0447, 0.0421, 0.0331, 0.0682, 0.0664, 0.0336, 0.7119], [0.0179, 0.0409, 0.0481, 0.0605, 0.0204, 0.0723, 0.7398], [0.0622, 0.0727, 0.052, 0.0334, 0.0647, 0.0225, 0.6924], [0.0344, 0.0583, 0.0677, 0.0359, 0.0325, 0.0718, 0.6994], [0.069, 0.0813, 0.0194, 0.0345, 0.0497, 0.0515, 0.6946], [0.0841, 0.0395, 0.0365, 0.0974, 0.0798, 0.0313, 0.6314], [0.0526, 0.0526, 0.0382, 0.0517, 0.0569, 0.0396, 0.7083], [0.0872, 0.0627, 0.0484, 0.0158, 0.1046, 0.0171, 0.6642], [0.0626, 0.0425, 0.0729, 0.0558, 0.0432, 0.0455, 0.6774], [0.0178, 0.0572, 0.071, 0.0311, 0.0355, 0.0382, 0.7491], [0.0708, 0.0362, 0.027, 0.0425, 0.0855, 0.0243, 0.7137], [0.0285, 0.0124, 0.0588, 0.0674, 0.0664, 0.0303, 0.7361], [0.0281, 0.1006, 0.0237, 0.0389, 0.0617, 0.0411, 0.7059], [0.0137, 0.0863, 0.0517, 0.072, 0.079, 0.0364, 0.661], [0.0664, 0.0189, 0.0481, 0.0585, 0.0685, 0.0346, 0.7049], [0.076, 0.0356, 0.0567, 0.0459, 0.052, 0.0223, 0.7115], [0.0541, 0.0675, 0.0167, 0.0696, 0.0297, 0.033, 0.7294], [0.0672, 0.0623, 0.0179, 0.0709, 0.0316, 0.06, 0.6901], [0.0501, 0.0692, 0.07, 0.0297, 0.0452, 0.0132, 0.7226], [0.081, 0.043, 0.0472, 0.0429, 0.0174, 0.0206, 0.7479], [0.0343, 0.0389, 0.0283, 0.0173, 0.0229, 0.0755, 0.7829], [0.0737, 0.0351, 0.0222, 0.052, 0.0407, 0.0888, 0.6875], [0.0288, 0.0593, 0.0354, 0.0396, 0.1024, 0.0887, 0.6458], [0.0343, 0.0641, 0.0887, 0.0631, 0.0444, 0.068, 0.6373], [0.0538, 0.021, 0.0595, 0.0132, 0.0804, 0.0495, 0.7226], [0.0414, 0.0756, 0.0443, 0.0753, 0.0232, 0.03, 0.7102], [0.0345, 0.0699, 0.042, 0.0238, 0.0822, 0.0448, 0.7029], [0.0746, 0.1006, 0.0366, 0.0274, 0.0192, 0.0483, 0.6932], [0.0646, 0.0404, 0.0218, 0.055, 0.0407, 0.0297, 0.7478], [0.0179, 0.0729, 0.0796, 0.0245, 0.0186, 0.0916, 0.695], [0.0702, 0.0294, 0.0485, 0.0242, 0.0437, 0.0653, 0.7187], [0.013, 0.0626, 0.0341, 0.0145, 0.0437, 0.0854, 0.7467]], "emotions": ["purple", "purple", "purple", "purple", "purple", "purple", "purple", "purple", "purple", "purple", "purple", "purple", "purple", "purple", "purple", "purple", "purple", "purple", "purple", "purple", "purple", "purple", "purple", "purple", "purple", "purple", "purple", "purple", "purple", "purple", "purple", "purple", "purple", "purple", "purple", "purple", "purple", "purple", "purple", "purple", "purple", "purple", "purple", "purple", "purple", "purple", "purple", "purple", "purple", "purple", "purple", "purple", "purple", "purple", "purple", "purple", "purple", "purple", "purple", "purple", "purple", "purple", "purple", "purple", "purple", "purple", "purple", "purple", "purple", "purple", "purple", "purple", "purple", "purple", "purple", "purple", "purple", "purple", "purple", "purple"], "timestamps": [0, 40, 80, 120, 160, 200, 240, 280, 320, 360, 400, 440, 480, 520, 560, 600, 640, 680, 720, 760, 800, 840, 880, 920, 960, 1000, 1040, 1080, 1120, 1160, 1200, 1240, 1280, 1320, 1360, 1400, 1440, 1480, 1520, 1560, 1600, 1640, 1680, 1720, 1760, 1800, 1840, 1880, 1920, 1960, 2000, 2040, 2080, 2120, 2160, 2200, 2240, 2280, 2320, 2360, 2400, 2440, 2480, 2520, 2560, 2600, 2640, 2680, 2720, 2760, 2800, 2840, 2880, 2920, 2960, 3000, 3040, 3080, 3120, 3160]}], "conversation": [], "conversation_timestamps": []}