{"agent_id": "agent-blue-55", "type": "blue", "trips": [{"trip_id": 0, "transport_method": "car", "start_time": 0, "path": [[1.5322592, 42.5078832], [1.5329553, 42.5083698], [1.5339296, 42.5085054], [1.534064, 42.5089903], [1.533908, 42.5099363], [1.5331905, 42.5105867], [1.5325838, 42.5113572], [1.5318211, 42.5119737], [1.5309424, 42.5124149], [1.5300483, 42.5128248], [1.5291439, 42.513212], [1.5282456, 42.5136127], [1.5273495, 42.5140184], [1.5264709, 42.5144602], [1.5256647, 42.5150184], [1.5249912, 42.5157333], [1.5245043, 42.5165831], [1.5241732, 42.5175082], [1.5240325, 42.5184818], [1.5238849, 42.5194535], [1.5236677, 42.5204064], [1.5232274, 42.5212834], [1.5224557, 42.5218834], [1.5218532, 42.522639], [1.5214245, 42.5235092], [1.5208288, 42.5242893], [1.5206149, 42.5252323], [1.5205441, 42.5262107], [1.5200152, 42.5270304], [1.5202466, 42.527917], [1.5206502, 42.5287925], [1.5203397, 42.5296939], [1.5196869, 42.5300163], [1.5193836, 42.5295755], [1.5185653, 42.5292496], [1.5176035, 42.529221], [1.5166329, 42.5292823], [1.515661, 42.5292131], [1.5147169, 42.5292493], [1.5138065, 42.5295167], [1.5128552, 42.5297044], [1.5119221, 42.5298975], [1.512546, 42.5303595], [1.5129911, 42.5308954], [1.513893, 42.5309928], [1.5145886, 42.5313352], [1.5144075, 42.5322229], [1.5134987, 42.5319808], [1.5125384, 42.5320916], [1.5126071, 42.5324352], [1.5126797, 42.5328781], [1.5124378, 42.5334057], [1.5114777, 42.5335808], [1.5104997, 42.5334831], [1.509526, 42.5334628], [1.5089016, 42.5340033], [1.5088228, 42.5343592], [1.5097233, 42.5347145], [1.5101318, 42.5352327], [1.5092599, 42.5356773], [1.508362, 42.536026], [1.5073938, 42.5359527], [1.5065938, 42.5361426], [1.5058369, 42.5365996], [1.5048998, 42.5368343], [1.5040713, 42.5373592], [1.5031472, 42.5375493], [1.5022617, 42.5373951], [1.5013165, 42.5376676], [1.5003734, 42.5379463], [1.4994003, 42.5380378], [1.4984374, 42.5378421], [1.4975286, 42.537485], [1.4966921, 42.5369883], [1.4957114, 42.5370165], [1.4947296, 42.5370409], [1.4937723, 42.5368348], [1.4929121, 42.5363663], [1.4920653, 42.535899], [1.4912797, 42.535399]], "mood_vectors": [[0.0869, 0.0322, 0.0451, 0.5977, 0.0864, 0.0899, 0.0617], [0.0597, 0.0359, 0.0814, 0.6332, 0.0648, 0.0645, 0.0605], [0.0223, 0.0984, 0.0303, 0.6908, 0.0661, 0.0294, 0.0628], [0.0606, 0.0567, 0.0221, 0.7361, 0.0251, 0.0437, 0.0557], [0.0689, 0.0756, 0.0261, 0.6783, 0.0552, 0.0765, 0.0194], [0.0312, 0.0378, 0.0163, 0.7923, 0.0234, 0.0498, 0.0492], [0.0294, 0.031, 0.0123, 0.835, 0.0372, 0.0283, 0.0268], [0.0483, 0.043, 0.0257, 0.713, 0.0746, 0.0126, 0.0827], [0.0624, 0.0757, 0.0357, 0.6539, 0.0674, 0.0454, 0.0596], [0.0182, 0.0221, 0.0638, 0.7734, 0.0487, 0.0239, 0.0498], [0.0329, 0.0314, 0.0542, 0.7378, 0.0379, 0.0584, 0.0473], [0.0502, 0.0269, 0.0529, 0.7404, 0.0506, 0.0245, 0.0545], [0.0324, 0.045, 0.074, 0.7527, 0.0267, 0.04, 0.0292], [0.0376, 0.017, 0.0519, 0.6985, 0.0926, 0.026, 0.0764], [0.028, 0.0791, 0.0358, 0.6705, 0.0742, 0.0337, 0.0788], [0.0468, 0.0507, 0.0381, 0.761, 0.0267, 0.052, 0.0247], [0.0156, 0.086, 0.0177, 0.7429, 0.0205, 0.0449, 0.0725], [0.082, 0.081, 0.0492, 0.6709, 0.0345, 0.017, 0.0653], [0.0327, 0.0513, 0.0717, 0.7197, 0.0209, 0.0697, 0.034], [0.0203, 0.0126, 0.0359, 0.778, 0.0152, 0.0673, 0.0706], [0.0838, 0.0885, 0.0323, 0.7081, 0.016, 0.0542, 0.017], [0.0272, 0.0525, 0.0232, 0.7223, 0.0502, 0.0683, 0.0562], [0.027, 0.043, 0.0215, 0.7356, 0.0499, 0.0591, 0.0639], [0.0416, 0.0715, 0.0662, 0.7032, 0.0158, 0.0337, 0.068], [0.0357, 0.0862, 0.0762, 0.6046, 0.0416, 0.0736, 0.0821], [0.0202, 0.0195, 0.0907, 0.683, 0.0766, 0.065, 0.045], [0.0705, 0.0164, 0.0436, 0.7503, 0.0168, 0.0504, 0.052], [0.0344, 0.0744, 0.0559, 0.7312, 0.0452, 0.0168, 0.0422], [0.0368, 0.0635, 0.0164, 0.7413, 0.068, 0.0506, 0.0234], [0.0505, 0.0219, 0.0668, 0.6963, 0.0761, 0.0722, 0.0162], [0.0245, 0.0476, 0.0723, 0.6897, 0.0215, 0.0712, 0.0732], [0.0272, 0.093, 0.0553, 0.7103, 0.0474, 0.0201, 0.0468], [0.0702, 0.0896, 0.0235, 0.6665, 0.0596, 0.031, 0.0596], [0.0319, 0.0871, 0.0707, 0.6823, 0.07, 0.0258, 0.0322], [0.0209, 0.0749, 0.0478, 0.7419, 0.0295, 0.0141, 0.0709], [0.0901, 0.0798, 0.0514, 0.6243, 0.0336, 0.0605, 0.0602], [0.0761, 0.0783, 0.0766, 0.6705, 0.0332, 0.0164, 0.0489], [0.0239, 0.0657, 0.0746, 0.7035, 0.0688, 0.0194, 0.0441], [0.0915, 0.0738, 0.0352, 0.611, 0.0819, 0.0663, 0.0402], [0.0422, 0.0634, 0.0944, 0.7316, 0.0295, 0.0198, 0.0191], [0.0309, 0.054, 0.0291, 0.7666, 0.0174, 0.0213, 0.0808], [0.0125, 0.026, 0.03, 0.7925, 0.06, 0.0476, 0.0315], [0.0464, 0.0694, 0.0539, 0.7106, 0.038, 0.0367, 0.045], [0.0136, 0.0239, 0.0445, 0.6869, 0.0741, 0.0807, 0.0763], [0.026, 0.0598, 0.0586, 0.7017, 0.0564, 0.0311, 0.0665], [0.0677, 0.0632, 0.0558, 0.703, 0.0296, 0.0312, 0.0494], [0.0207, 0.0135, 0.0411, 0.7657, 0.0362, 0.0833, 0.0395], [0.0434, 0.0529, 0.0809, 0.6858, 0.0279, 0.0659, 0.0432], [0.0554, 0.0503, 0.0254, 0.7447, 0.0578, 0.0333, 0.033], [0.0313, 0.0559, 0.0753, 0.7162, 0.0664, 0.0279, 0.0271], [0.0806, 0.0287, 0.0376, 0.6911, 0.0739, 0.0397, 0.0485], [0.0412, 0.028, 0.0783, 0.6485, 0.0842, 0.0368, 0.083], [0.0338, 0.0784, 0.0526, 0.6738, 0.0499, 0.0398, 0.0718], [0.0773, 0.046, 0.047, 0.6597, 0.0563, 0.0584, 0.0554], [0.0508, 0.0558, 0.0385, 0.6888, 0.0829, 0.0365, 0.0468], [0.0628, 0.0211, 0.0887, 0.6762, 0.0761, 0.0338, 0.0413], [0.0754, 0.0502, 0.072, 0.612, 0.0772, 0.0486, 0.0647], [0.0213, 0.0648, 0.0872, 0.7022, 0.0609, 0.0342, 0.0294], [0.06, 0.0224, 0.0185, 0.7404, 0.0564, 0.0459, 0.0565], [0.0638, 0.0447, 0.0824, 0.6901, 0.0419, 0.0509, 0.0263], [0.0372, 0.0185, 0.0156, 0.7138, 0.039, 0.0911, 0.0848], [0.0838, 0.0211, 0.0238, 0.7213, 0.0491, 0.0249, 0.0761], [0.0227, 0.0685, 0.0736, 0.6747, 0.0481, 0.0533, 0.0591], [0.0372, 0.0569, 0.0296, 0.7289, 0.0523, 0.0552, 0.0398], [0.0306, 0.059, 0.0343, 0.7198, 0.063, 0.0694, 0.024], [0.0181, 0.0764, 0.0303, 0.748, 0.0294, 0.0553, 0.0425], [0.044, 0.0439, 0.0193, 0.7398, 0.0666, 0.0281, 0.0583], [0.0406, 0.0438, 0.0159, 0.7209, 0.0407, 0.0883, 0.0498], [0.0262, 0.0666, 0.0188, 0.7569, 0.031, 0.061, 0.0396], [0.044, 0.0506, 0.0465, 0.6814, 0.0606, 0.0451, 0.0717], [0.0327, 0.043, 0.0258, 0.7058, 0.0805, 0.0608, 0.0514], [0.0241, 0.0785, 0.0215, 0.7163, 0.0828, 0.0493, 0.0276], [0.0482, 0.0631, 0.07, 0.6505, 0.0669, 0.0408, 0.0606], [0.0521, 0.0664, 0.068, 0.6343, 0.05, 0.0646, 0.0646], [0.0328, 0.0763, 0.061, 0.6603, 0.0545, 0.0507, 0.0644], [0.0458, 0.0198, 0.0339, 0.789, 0.0117, 0.0554, 0.0444], [0.0746, 0.0364, 0.0971, 0.6443, 0.0467, 0.0825, 0.0183], [0.0779, 0.0421, 0.0412, 0.6685, 0.0379, 0.0473, 0.0852], [0.0757, 0.0685, 0.0485, 0.6948, 0.0559, 0.0176, 0.039], [0.0346, 0.0406, 0.0677, 0.6793, 0.082, 0.044, 0.0518]], "emotions": ["green", "green", "green", "green", "green", "green", "green", "green", "green", "green", "green", "green", "green", "green", "green", "green", "green", "green", "green", "green", "green", "green", "green", "green", "green", "green", "green", "green", "green", "green", "green", "green", "green", "green", "green", "green", "green", "green", "green", "green", "green", "green", "green", "green", "green", "green", "green", "green", "green", "green", "green", "green", "green", "green", "green", "green", "green", "green", "green", "green", "green", "green", "green", "green", "green", "green", "green", "green", "green", "green", "green", "green", "green", "green", "green", "green", "green", "green", "green", "green"], "timestamps": [0, 40, 80, 120, 160, 200, 240, 280, 320, 360, 400, 440, 480, 520, 560, 600, 640, 680, 720, 760, 800, 840, 880, 920, 960, 1000, 1040, 1080, 1120, 1160, 1200, 1240, 1280, 1320, 1360, 1400, 1440, 1480, 1520, 1560, 1600, 1640, 1680, 1720, 1760, 1800, 1840, 1880, 1920, 1960, 2000, 2040, 2080, 2120, 2160, 2200, 2240, 2280, 2320, 2360, 2400, 2440, 2480, 2520, 2560, 2600, 2640, 2680, 2720, 2760, 2800, 2840, 2880, 2920, 2960, 3000, 3040, 3080, 3120, 3160]}], "conversation": [], "conversation_timestamps": []}