{"agent_id": "agent-purple-394", "type": "purple", "trips": [{"trip_id": 0, "transport_method": "car", "start_time": 0, "path": [[1.5241404, 42.5072225], [1.524671, 42.5078574], [1.5257035, 42.5081766], [1.5266734, 42.50851], [1.5277184, 42.5087041], [1.5285429, 42.5093977], [1.5293, 42.510145], [1.529499, 42.5109937], [1.5303094, 42.5116211], [1.5309618, 42.512307], [1.5303677, 42.5132085], [1.5303797, 42.5142462], [1.5295792, 42.5149475], [1.5288987, 42.5157807], [1.5279619, 42.5163217], [1.5270252, 42.5168627], [1.5264396, 42.5171465], [1.5273839, 42.5166826], [1.5283665, 42.5162539], [1.5286302, 42.5159564], [1.5277231, 42.5165458], [1.526816, 42.5171353], [1.525909, 42.5177247], [1.5250019, 42.5183141], [1.5251416, 42.5181997], [1.5259166, 42.5174512], [1.5257254, 42.5177077], [1.5248454, 42.5183369], [1.5239635, 42.5189603], [1.5238061, 42.5200225], [1.5233869, 42.5210175], [1.5226353, 42.521769], [1.5218963, 42.5225325], [1.5214358, 42.5234965], [1.5207904, 42.5243607], [1.5207661, 42.5253921], [1.5206537, 42.5264372], [1.520643, 42.5274784], [1.5210737, 42.5284231], [1.5217746, 42.5291859], [1.521541, 42.529932], [1.5213248, 42.530773], [1.5209035, 42.5317269], [1.5213602, 42.5326917], [1.5207182, 42.5334984], [1.5211837, 42.5344193], [1.5221047, 42.5349574], [1.5227596, 42.5358154], [1.523503, 42.5364713], [1.5245433, 42.536732], [1.5251844, 42.5372089], [1.5245468, 42.537567], [1.523566, 42.5379748], [1.5231477, 42.5388224], [1.5232187, 42.539895], [1.5235129, 42.5407833], [1.5231145, 42.5412675], [1.52291, 42.5422723], [1.5231597, 42.5433034], [1.5236231, 42.5442694], [1.5240812, 42.5452359], [1.5246174, 42.5461737], [1.5246749, 42.5471965], [1.5251037, 42.5481182], [1.5255072, 42.5491084], [1.5260672, 42.5500339], [1.5266272, 42.5509595], [1.5261429, 42.5502942], [1.5256091, 42.549356], [1.5255904, 42.5495293], [1.5259148, 42.5505613], [1.5262391, 42.5515933], [1.5270408, 42.5522937], [1.527906, 42.5529429], [1.5286617, 42.5537126], [1.5292918, 42.5545877], [1.5301895, 42.5551674], [1.5311768, 42.5556086], [1.5322399, 42.5556535], [1.5326879, 42.5561342]], "mood_vectors": [[0.045, 0.031, 0.0285, 0.0684, 0.0426, 0.7442, 0.0402], [0.0364, 0.0544, 0.0856, 0.0407, 0.0547, 0.6628, 0.0654], [0.0396, 0.0826, 0.0139, 0.023, 0.0473, 0.7544, 0.0392], [0.0236, 0.0387, 0.0732, 0.0724, 0.0689, 0.6708, 0.0526], [0.0755, 0.0333, 0.0347, 0.0188, 0.0399, 0.7418, 0.056], [0.0815, 0.0565, 0.0764, 0.0265, 0.0261, 0.7083, 0.0247], [0.0565, 0.0225, 0.0579, 0.0281, 0.0786, 0.6726, 0.0839], [0.0384, 0.0663, 0.0594, 0.0755, 0.0735, 0.6607, 0.0263], [0.0494, 0.0401, 0.0813, 0.0599, 0.0559, 0.6647, 0.0488], [0.0839, 0.0439, 0.0562, 0.0352, 0.0699, 0.6875, 0.0234], [0.0733, 0.0361, 0.0233, 0.0422, 0.0535, 0.7004, 0.0713], [0.0435, 0.0361, 0.0355, 0.0119, 0.0732, 0.7311, 0.0687], [0.015, 0.0459, 0.0218, 0.0552, 0.0741, 0.7437, 0.0443], [0.0774, 0.0186, 0.0844, 0.0893, 0.0655, 0.6071, 0.0576], [0.0594, 0.0704, 0.0435, 0.0378, 0.0482, 0.6681, 0.0727], [0.0519, 0.0162, 0.0509, 0.0549, 0.067, 0.7404, 0.0187], [0.0543, 0.0395, 0.0144, 0.058, 0.0343, 0.7603, 0.0391], [0.0956, 0.0164, 0.0458, 0.0894, 0.0261, 0.6799, 0.0468], [0.0524, 0.0383, 0.0345, 0.0231, 0.0377, 0.7916, 0.0223], [0.0525, 0.0649, 0.0459, 0.0782, 0.0292, 0.6569, 0.0724], [0.0683, 0.0453, 0.0798, 0.0833, 0.0842, 0.5889, 0.0502], [0.0316, 0.0355, 0.0821, 0.0494, 0.0494, 0.7151, 0.0369], [0.0424, 0.0739, 0.0537, 0.0304, 0.0735, 0.695, 0.0311], [0.0782, 0.0704, 0.0491, 0.0579, 0.0248, 0.6437, 0.0758], [0.0514, 0.0796, 0.0761, 0.0331, 0.0181, 0.6705, 0.0713], [0.0273, 0.0412, 0.0387, 0.0508, 0.04, 0.7824, 0.0195], [0.0617, 0.0758, 0.0661, 0.031, 0.0348, 0.6445, 0.086], [0.0204, 0.0676, 0.0767, 0.0505, 0.0122, 0.743, 0.0295], [0.0487, 0.0676, 0.0382, 0.0459, 0.0603, 0.6847, 0.0546], [0.0234, 0.0137, 0.0596, 0.0318, 0.0536, 0.7574, 0.0605], [0.0642, 0.0864, 0.0812, 0.0223, 0.0441, 0.6631, 0.0387], [0.0466, 0.0855, 0.039, 0.0732, 0.0687, 0.6317, 0.0552], [0.039, 0.0728, 0.0253, 0.0706, 0.0715, 0.6929, 0.0278], [0.0353, 0.0755, 0.0473, 0.0448, 0.0801, 0.6814, 0.0356], [0.0441, 0.0629, 0.0545, 0.0733, 0.0705, 0.6172, 0.0775], [0.05, 0.0723, 0.0408, 0.0767, 0.0469, 0.7007, 0.0127], [0.0613, 0.0717, 0.0624, 0.0375, 0.0601, 0.6812, 0.0257], [0.0477, 0.054, 0.0786, 0.0375, 0.0634, 0.6624, 0.0564], [0.0352, 0.0218, 0.0764, 0.0452, 0.0457, 0.7166, 0.0591], [0.0523, 0.0629, 0.0327, 0.0378, 0.0705, 0.6925, 0.0513], [0.0937, 0.0337, 0.0883, 0.0694, 0.0529, 0.6188, 0.0432], [0.0251, 0.083, 0.0651, 0.0884, 0.0868, 0.6359, 0.0157], [0.0729, 0.0456, 0.0201, 0.0278, 0.0568, 0.746, 0.0308], [0.0587, 0.0131, 0.0131, 0.0223, 0.0673, 0.7481, 0.0774], [0.048, 0.0506, 0.0349, 0.0784, 0.0314, 0.6786, 0.0781], [0.0151, 0.0585, 0.055, 0.0598, 0.0641, 0.6919, 0.0556], [0.0593, 0.0284, 0.045, 0.0798, 0.0465, 0.701, 0.04], [0.0755, 0.0485, 0.062, 0.0402, 0.0276, 0.6694, 0.0768], [0.0591, 0.0712, 0.0309, 0.0596, 0.0594, 0.6361, 0.0837], [0.049, 0.0704, 0.0525, 0.0426, 0.0707, 0.6395, 0.0753], [0.0803, 0.0214, 0.0205, 0.1054, 0.038, 0.6865, 0.0479], [0.0436, 0.0615, 0.0458, 0.0619, 0.0311, 0.6832, 0.0729], [0.0798, 0.0543, 0.0263, 0.0816, 0.0404, 0.6635, 0.054], [0.0715, 0.0555, 0.059, 0.0532, 0.046, 0.6468, 0.0681], [0.0338, 0.0683, 0.032, 0.0666, 0.0631, 0.6591, 0.0771], [0.0939, 0.0984, 0.0283, 0.0836, 0.0478, 0.6249, 0.0231], [0.0771, 0.0388, 0.0297, 0.0349, 0.0206, 0.7146, 0.0843], [0.0324, 0.0436, 0.0256, 0.0744, 0.0587, 0.7432, 0.0221], [0.049, 0.0872, 0.0397, 0.0355, 0.0786, 0.661, 0.0491], [0.0766, 0.0738, 0.0155, 0.0467, 0.0505, 0.6849, 0.0518], [0.032, 0.0192, 0.0441, 0.073, 0.0309, 0.7285, 0.0723], [0.0661, 0.0676, 0.0637, 0.0198, 0.0753, 0.6422, 0.0653], [0.0848, 0.0923, 0.0727, 0.0359, 0.0367, 0.6053, 0.0722], [0.0189, 0.0343, 0.0533, 0.0548, 0.025, 0.7743, 0.0394], [0.0476, 0.0737, 0.0322, 0.087, 0.0708, 0.6455, 0.0432], [0.0264, 0.0451, 0.0578, 0.0478, 0.0192, 0.7647, 0.039], [0.03, 0.0557, 0.0422, 0.0547, 0.04, 0.7148, 0.0626], [0.0173, 0.0742, 0.0881, 0.0145, 0.07, 0.6496, 0.0863], [0.0248, 0.0381, 0.0441, 0.0461, 0.0616, 0.718, 0.0673], [0.0373, 0.0306, 0.0751, 0.0357, 0.0425, 0.7168, 0.062], [0.0423, 0.0207, 0.0399, 0.0541, 0.0586, 0.7496, 0.0348], [0.0435, 0.0466, 0.0463, 0.0347, 0.0652, 0.6776, 0.0861], [0.0521, 0.0812, 0.0555, 0.0603, 0.0347, 0.6457, 0.0704], [0.0761, 0.0588, 0.0146, 0.0256, 0.0293, 0.7367, 0.059], [0.0853, 0.0239, 0.0585, 0.0573, 0.0285, 0.6905, 0.0561], [0.0316, 0.0542, 0.0761, 0.0253, 0.035, 0.7231, 0.0546], [0.061, 0.0541, 0.0267, 0.094, 0.0662, 0.626, 0.0721], [0.0358, 0.0405, 0.021, 0.0729, 0.0771, 0.7001, 0.0526], [0.0616, 0.0432, 0.025, 0.0548, 0.0269, 0.7324, 0.056], [0.0677, 0.0305, 0.0366, 0.0569, 0.0808, 0.6795, 0.0479]], "emotions": ["purple", "purple", "purple", "purple", "purple", "purple", "purple", "purple", "purple", "purple", "purple", "purple", "purple", "purple", "purple", "purple", "purple", "purple", "purple", "purple", "purple", "purple", "purple", "purple", "purple", "purple", "purple", "purple", "purple", "purple", "purple", "purple", "purple", "purple", "purple", "purple", "purple", "purple", "purple", "purple", "purple", "purple", "purple", "purple", "purple", "purple", "purple", "purple", "purple", "purple", "purple", "purple", "purple", "purple", "purple", "purple", "purple", "purple", "purple", "purple", "purple", "purple", "purple", "purple", "purple", "purple", "purple", "purple", "purple", "purple", "purple", "purple", "purple", "purple", "purple", "purple", "purple", "purple", "purple", "purple"], "timestamps": [0, 40, 80, 120, 160, 200, 240, 280, 320, 360, 400, 440, 480, 520, 560, 600, 640, 680, 720, 760, 800, 840, 880, 920, 960, 1000, 1040, 1080, 1120, 1160, 1200, 1240, 1280, 1320, 1360, 1400, 1440, 1480, 1520, 1560, 1600, 1640, 1680, 1720, 1760, 1800, 1840, 1880, 1920, 1960, 2000, 2040, 2080, 2120, 2160, 2200, 2240, 2280, 2320, 2360, 2400, 2440, 2480, 2520, 2560, 2600, 2640, 2680, 2720, 2760, 2800, 2840, 2880, 2920, 2960, 3000, 3040, 3080, 3120, 3160]}], "conversation": [], "conversation_timestamps": []}