{"agent_id": "agent-purple-1879", "type": "purple", "trips": [{"trip_id": 0, "transport_method": "car", "start_time": 0, "path": [[1.7328299, 42.5426276], [1.7351481, 42.5454845], [1.7338029, 42.5471661], [1.7308992, 42.545508], [1.7261708, 42.5439527], [1.7211758, 42.543785], [1.7161739, 42.5439548], [1.7111713, 42.544092], [1.7061777, 42.544425], [1.7012682, 42.545274], [1.6974875, 42.5484269], [1.6942469, 42.5522198], [1.6905001, 42.5554979], [1.6874465, 42.5577742], [1.6852708, 42.5549567], [1.6807537, 42.5533862], [1.6850859, 42.5549486], [1.681993, 42.5536813], [1.6798253, 42.5509213], [1.6814641, 42.5500176], [1.6843056, 42.5468964], [1.6837631, 42.544355], [1.6813455, 42.5411843], [1.676948, 42.5388577], [1.6740853, 42.5393867], [1.6692751, 42.5392754], [1.6644132, 42.5390246], [1.6620852, 42.53877], [1.6576701, 42.5407917], [1.6530166, 42.5422974], [1.6485118, 42.5420893], [1.6436654, 42.5410044], [1.6387561, 42.5400315], [1.6376433, 42.5397449], [1.6421465, 42.5414891], [1.6464131, 42.5415488], [1.6415043, 42.5405737], [1.6365954, 42.5395986], [1.6324478, 42.5391048], [1.6275441, 42.538661], [1.622754, 42.5376694], [1.6181142, 42.5357931], [1.6206616, 42.5356518], [1.6254271, 42.5357032], [1.6239788, 42.538165], [1.6193366, 42.5362949], [1.6170507, 42.5358671], [1.6170209, 42.5369641], [1.6121178, 42.5365279], [1.6071975, 42.5362017], [1.6022104, 42.5366216], [1.6037607, 42.5370281], [1.6081014, 42.5361245], [1.60311, 42.536489], [1.5981323, 42.5364556], [1.5937681, 42.536219], [1.588829, 42.5354113], [1.593638, 42.5361701], [1.5916951, 42.5359162], [1.5872004, 42.5346207], [1.5856744, 42.533729], [1.5813181, 42.5317152], [1.5763256, 42.5316107], [1.5737231, 42.5305889], [1.5718562, 42.5293572], [1.5711476, 42.5291813], [1.5675698, 42.5268788], [1.5664662, 42.5260234], [1.5620921, 42.5238482], [1.5581766, 42.5208319], [1.5566107, 42.5192426], [1.5537938, 42.5168735], [1.552723, 42.5147322], [1.5492948, 42.5117163], [1.5461797, 42.5098832], [1.5415732, 42.5091247], [1.5377237, 42.5117132], [1.5331122, 42.5129546], [1.5292301, 42.5113526], [1.5249431, 42.5097364]], "mood_vectors": [[0.0457, 0.0184, 0.0792, 0.0919, 0.07, 0.6773, 0.0176], [0.0264, 0.0394, 0.0835, 0.0326, 0.0549, 0.7012, 0.0619], [0.0688, 0.0606, 0.0606, 0.032, 0.015, 0.709, 0.0541], [0.0625, 0.0134, 0.0464, 0.0811, 0.0458, 0.7262, 0.0246], [0.0507, 0.058, 0.0432, 0.0602, 0.0872, 0.6648, 0.0359], [0.0785, 0.0483, 0.0653, 0.0244, 0.0511, 0.6589, 0.0735], [0.0782, 0.051, 0.0834, 0.0149, 0.0409, 0.679, 0.0526], [0.068, 0.0122, 0.0602, 0.0693, 0.059, 0.6665, 0.0648], [0.0684, 0.0527, 0.021, 0.0591, 0.0633, 0.7141, 0.0214], [0.0497, 0.0414, 0.0625, 0.0162, 0.0634, 0.7059, 0.0609], [0.051, 0.042, 0.0735, 0.0663, 0.0608, 0.6728, 0.0337], [0.0258, 0.0167, 0.0156, 0.0536, 0.0458, 0.7591, 0.0835], [0.0704, 0.0342, 0.0829, 0.0854, 0.0716, 0.6239, 0.0316], [0.0357, 0.0705, 0.0348, 0.0417, 0.0313, 0.7471, 0.039], [0.0456, 0.0558, 0.0607, 0.0201, 0.0377, 0.7575, 0.0226], [0.0733, 0.0736, 0.0296, 0.041, 0.051, 0.7012, 0.0303], [0.0709, 0.0859, 0.0799, 0.0725, 0.0649, 0.5764, 0.0494], [0.0824, 0.0839, 0.0568, 0.0244, 0.0679, 0.596, 0.0886], [0.0447, 0.0738, 0.0162, 0.0712, 0.0464, 0.6763, 0.0714], [0.0864, 0.0328, 0.0506, 0.0554, 0.0862, 0.6355, 0.0531], [0.0266, 0.0243, 0.024, 0.0815, 0.083, 0.6849, 0.0757], [0.0635, 0.0662, 0.0446, 0.065, 0.0453, 0.6847, 0.0307], [0.0681, 0.0388, 0.0545, 0.0151, 0.0737, 0.6812, 0.0686], [0.018, 0.0398, 0.0879, 0.06, 0.0306, 0.6662, 0.0973], [0.0575, 0.077, 0.0153, 0.046, 0.0239, 0.7039, 0.0765], [0.0656, 0.0299, 0.0616, 0.057, 0.0581, 0.6627, 0.0651], [0.0625, 0.0261, 0.0161, 0.0755, 0.0614, 0.6848, 0.0735], [0.0888, 0.08, 0.0566, 0.0423, 0.0482, 0.6579, 0.0262], [0.0279, 0.0181, 0.0675, 0.0224, 0.0214, 0.7889, 0.0537], [0.0727, 0.0308, 0.0659, 0.0582, 0.0852, 0.6216, 0.0656], [0.0601, 0.0543, 0.0133, 0.0166, 0.0723, 0.7324, 0.051], [0.0459, 0.0168, 0.0652, 0.031, 0.0337, 0.7904, 0.0171], [0.0283, 0.0524, 0.0722, 0.0396, 0.0568, 0.728, 0.0226], [0.0585, 0.0994, 0.0568, 0.0803, 0.0604, 0.6197, 0.0249], [0.0176, 0.0276, 0.0468, 0.0331, 0.029, 0.8323, 0.0136], [0.0274, 0.0815, 0.077, 0.0396, 0.0913, 0.6621, 0.0211], [0.0467, 0.0793, 0.0239, 0.0749, 0.0825, 0.641, 0.0518], [0.0538, 0.0627, 0.0373, 0.0135, 0.028, 0.7692, 0.0353], [0.0595, 0.0146, 0.0578, 0.0458, 0.0677, 0.7124, 0.0423], [0.0313, 0.0264, 0.0605, 0.049, 0.0724, 0.6924, 0.0681], [0.0453, 0.0494, 0.0579, 0.0308, 0.0749, 0.6861, 0.0556], [0.0632, 0.0286, 0.057, 0.0773, 0.0294, 0.71, 0.0345], [0.0776, 0.0774, 0.0517, 0.0286, 0.0734, 0.642, 0.0493], [0.0326, 0.0234, 0.0455, 0.0342, 0.074, 0.757, 0.0333], [0.0342, 0.082, 0.0483, 0.0815, 0.0558, 0.6589, 0.0394], [0.0458, 0.0601, 0.051, 0.08, 0.0629, 0.6865, 0.0137], [0.0792, 0.0486, 0.0244, 0.066, 0.0426, 0.6653, 0.0739], [0.0293, 0.0153, 0.0392, 0.0325, 0.0787, 0.7508, 0.0542], [0.0533, 0.0521, 0.0712, 0.0536, 0.05, 0.6586, 0.0613], [0.0531, 0.037, 0.0478, 0.0305, 0.0684, 0.7371, 0.0261], [0.0567, 0.0503, 0.0558, 0.0436, 0.0668, 0.6867, 0.0401], [0.0369, 0.0167, 0.0931, 0.0263, 0.0217, 0.7403, 0.065], [0.0359, 0.0646, 0.0296, 0.0189, 0.0462, 0.7376, 0.0673], [0.0827, 0.0435, 0.0606, 0.0205, 0.0424, 0.6757, 0.0747], [0.0602, 0.0186, 0.057, 0.0457, 0.0424, 0.7141, 0.062], [0.0574, 0.0526, 0.0637, 0.0214, 0.0583, 0.7051, 0.0416], [0.0218, 0.0332, 0.0212, 0.0391, 0.0678, 0.7456, 0.0713], [0.0341, 0.048, 0.058, 0.0616, 0.0215, 0.7143, 0.0625], [0.0523, 0.0337, 0.0554, 0.0191, 0.039, 0.7675, 0.0331], [0.0392, 0.0631, 0.0737, 0.0431, 0.0339, 0.7136, 0.0333], [0.0676, 0.0839, 0.021, 0.0482, 0.0537, 0.6761, 0.0495], [0.0184, 0.0605, 0.0654, 0.0705, 0.0694, 0.6861, 0.0297], [0.0287, 0.0319, 0.0194, 0.1055, 0.0629, 0.7011, 0.0505], [0.0284, 0.0782, 0.078, 0.0525, 0.0575, 0.6915, 0.0138], [0.0735, 0.0534, 0.0713, 0.0407, 0.0463, 0.635, 0.0798], [0.0277, 0.0366, 0.0612, 0.0565, 0.0585, 0.7199, 0.0396], [0.0785, 0.0191, 0.0234, 0.0617, 0.0715, 0.7073, 0.0386], [0.0916, 0.0409, 0.0303, 0.0632, 0.0704, 0.6894, 0.0142], [0.0531, 0.0382, 0.0792, 0.0758, 0.0465, 0.6917, 0.0155], [0.0432, 0.0209, 0.0627, 0.0286, 0.0504, 0.7326, 0.0616], [0.0266, 0.0316, 0.0392, 0.0752, 0.0442, 0.7597, 0.0234], [0.0436, 0.039, 0.0735, 0.0492, 0.0525, 0.7246, 0.0177], [0.0308, 0.0391, 0.0785, 0.0198, 0.0437, 0.7341, 0.054], [0.0206, 0.0281, 0.0417, 0.0909, 0.0792, 0.6926, 0.0468], [0.0595, 0.0586, 0.0551, 0.0591, 0.0489, 0.6696, 0.0493], [0.0152, 0.0261, 0.0508, 0.0325, 0.0152, 0.7899, 0.0704], [0.0315, 0.0223, 0.0786, 0.045, 0.0648, 0.6974, 0.0604], [0.0561, 0.0211, 0.0466, 0.0292, 0.0324, 0.7548, 0.0598], [0.0347, 0.0365, 0.0322, 0.0449, 0.0786, 0.759, 0.014], [0.033, 0.0253, 0.0583, 0.0435, 0.063, 0.7437, 0.0333]], "emotions": ["purple", "purple", "purple", "purple", "purple", "purple", "purple", "purple", "purple", "purple", "purple", "purple", "purple", "purple", "purple", "purple", "purple", "purple", "purple", "purple", "purple", "purple", "purple", "purple", "purple", "purple", "purple", "purple", "purple", "purple", "purple", "purple", "purple", "purple", "purple", "purple", "purple", "purple", "purple", "purple", "purple", "purple", "purple", "purple", "purple", "purple", "purple", "purple", "purple", "purple", "purple", "purple", "purple", "purple", "purple", "purple", "purple", "purple", "purple", "purple", "purple", "purple", "purple", "purple", "purple", "purple", "purple", "purple", "purple", "purple", "purple", "purple", "purple", "purple", "purple", "purple", "purple", "purple", "purple", "purple"], "timestamps": [0, 40, 80, 120, 160, 200, 240, 280, 320, 360, 400, 440, 480, 520, 560, 600, 640, 680, 720, 760, 800, 840, 880, 920, 960, 1000, 1040, 1080, 1120, 1160, 1200, 1240, 1280, 1320, 1360, 1400, 1440, 1480, 1520, 1560, 1600, 1640, 1680, 1720, 1760, 1800, 1840, 1880, 1920, 1960, 2000, 2040, 2080, 2120, 2160, 2200, 2240, 2280, 2320, 2360, 2400, 2440, 2480, 2520, 2560, 2600, 2640, 2680, 2720, 2760, 2800, 2840, 2880, 2920, 2960, 3000, 3040, 3080, 3120, 3160]}], "conversation": [], "conversation_timestamps": []}