{"agent_id": "agent-blue-385", "type": "blue", "trips": [{"trip_id": 0, "transport_method": "car", "start_time": 0, "path": [[1.4947326, 42.4900999], [1.4950698, 42.4906117], [1.4953644, 42.4911163], [1.4959313, 42.4913499], [1.4963228, 42.4917386], [1.4967711, 42.4921559], [1.4972144, 42.4925676], [1.4977634, 42.492816], [1.498374, 42.4928754], [1.4989753, 42.4929808], [1.4994837, 42.4933192], [1.4999585, 42.493708], [1.5004731, 42.4939564], [1.500887, 42.4942575], [1.5014426, 42.4945182], [1.5019999, 42.4947748], [1.502552, 42.4950427], [1.5031085, 42.4953008], [1.5036903, 42.4954946], [1.5042561, 42.4957252], [1.5047953, 42.4960181], [1.5053639, 42.4962453], [1.505948, 42.4964337], [1.5065271, 42.4966368], [1.5071054, 42.4968421], [1.5076805, 42.497056], [1.5082435, 42.497299], [1.5087965, 42.4975649], [1.5093487, 42.4978327], [1.5098961, 42.4981102], [1.5103922, 42.4984628], [1.510776, 42.4989415], [1.511157, 42.4994225], [1.5115381, 42.4999035], [1.5119115, 42.5003904], [1.5122801, 42.5008811], [1.5126487, 42.5013717], [1.5130778, 42.5017956], [1.5136029, 42.5021131], [1.5140016, 42.5023746], [1.5135362, 42.5019853], [1.5130996, 42.5016311], [1.5132218, 42.5018407], [1.5137742, 42.5021079], [1.5143267, 42.5023752], [1.5147638, 42.5025749], [1.5150298, 42.5027481], [1.5155406, 42.5030882], [1.5156673, 42.5031531], [1.5151515, 42.5028209], [1.5155735, 42.5031097], [1.5160811, 42.5034545], [1.516645, 42.5036857], [1.5172539, 42.5037466], [1.5178639, 42.5036913], [1.5184725, 42.5036127], [1.5190559, 42.5036101], [1.5195963, 42.5038541], [1.5201806, 42.503934], [1.5207478, 42.5041682], [1.5213156, 42.5044008], [1.5218832, 42.5046241], [1.5223951, 42.5047436], [1.5229999, 42.5047741], [1.5236066, 42.5048493], [1.5242099, 42.5049611], [1.524813, 42.505074], [1.5254152, 42.5051922], [1.5260173, 42.5053104], [1.5266287, 42.5053036], [1.5272397, 42.5053242], [1.5278016, 42.5052978], [1.5276436, 42.5053282], [1.5282561, 42.5052915], [1.5288625, 42.5053638], [1.5294671, 42.5054694], [1.5300715, 42.5055758], [1.5305639, 42.5059037], [1.5311376, 42.5060018], [1.5316871, 42.5061489]], "mood_vectors": [[0.0614, 0.0459, 0.021, 0.716, 0.0718, 0.0442, 0.0396], [0.0732, 0.0345, 0.0808, 0.7147, 0.0336, 0.0228, 0.0405], [0.0339, 0.0716, 0.0666, 0.6922, 0.0817, 0.0261, 0.0279], [0.0229, 0.0285, 0.0194, 0.6909, 0.1042, 0.084, 0.0502], [0.0745, 0.0146, 0.0723, 0.6491, 0.0652, 0.0584, 0.0659], [0.0553, 0.0655, 0.0665, 0.691, 0.0621, 0.0257, 0.0339], [0.066, 0.0583, 0.0763, 0.6077, 0.0884, 0.0374, 0.0658], [0.0926, 0.0617, 0.0832, 0.6465, 0.0465, 0.0342, 0.0353], [0.053, 0.0447, 0.0507, 0.7148, 0.0504, 0.0392, 0.0473], [0.0542, 0.0167, 0.0689, 0.6464, 0.077, 0.0806, 0.0561], [0.065, 0.0213, 0.0679, 0.7072, 0.0497, 0.0182, 0.0707], [0.0511, 0.0744, 0.0299, 0.6941, 0.0124, 0.0737, 0.0643], [0.069, 0.021, 0.0678, 0.6533, 0.0581, 0.0643, 0.0665], [0.0765, 0.0499, 0.0567, 0.6237, 0.0589, 0.0558, 0.0786], [0.0511, 0.0275, 0.0463, 0.7254, 0.037, 0.0832, 0.0294], [0.0458, 0.0175, 0.053, 0.7139, 0.0516, 0.0609, 0.0574], [0.0483, 0.0721, 0.0159, 0.7353, 0.0131, 0.0629, 0.0523], [0.0509, 0.067, 0.0744, 0.6611, 0.058, 0.0378, 0.0509], [0.0483, 0.0492, 0.0373, 0.7326, 0.0404, 0.0221, 0.0701], [0.0792, 0.0462, 0.0387, 0.6484, 0.0787, 0.0396, 0.0692], [0.0198, 0.064, 0.059, 0.7426, 0.0586, 0.0158, 0.0402], [0.073, 0.0219, 0.0199, 0.732, 0.0733, 0.0662, 0.0137], [0.0574, 0.0438, 0.0515, 0.7418, 0.0379, 0.0249, 0.0427], [0.0887, 0.0559, 0.0591, 0.7011, 0.0421, 0.0362, 0.0168], [0.0359, 0.0411, 0.0423, 0.6631, 0.0765, 0.0866, 0.0545], [0.0557, 0.0207, 0.0316, 0.7664, 0.0316, 0.052, 0.042], [0.0477, 0.0618, 0.0206, 0.7119, 0.0486, 0.0745, 0.0349], [0.0519, 0.0624, 0.0343, 0.6871, 0.0566, 0.0631, 0.0445], [0.0743, 0.0593, 0.0223, 0.6958, 0.0481, 0.0292, 0.071], [0.0594, 0.0534, 0.0663, 0.7237, 0.0121, 0.0412, 0.0439], [0.0198, 0.0339, 0.0516, 0.8063, 0.0157, 0.0471, 0.0256], [0.074, 0.0681, 0.0433, 0.6556, 0.0395, 0.0686, 0.0508], [0.0723, 0.0202, 0.0139, 0.7309, 0.0431, 0.0753, 0.0443], [0.0424, 0.0524, 0.0677, 0.7283, 0.0347, 0.062, 0.0126], [0.019, 0.0686, 0.0595, 0.6382, 0.0704, 0.0841, 0.0602], [0.0933, 0.0465, 0.0603, 0.7401, 0.0203, 0.0225, 0.0169], [0.0464, 0.0486, 0.0565, 0.7368, 0.0588, 0.0334, 0.0197], [0.0402, 0.0576, 0.0451, 0.7685, 0.0422, 0.0291, 0.0173], [0.0723, 0.0405, 0.0123, 0.6744, 0.0705, 0.0656, 0.0643], [0.0461, 0.0367, 0.0358, 0.7486, 0.069, 0.039, 0.0249], [0.0411, 0.0738, 0.0807, 0.6312, 0.0727, 0.017, 0.0834], [0.0395, 0.0873, 0.0419, 0.6458, 0.0456, 0.0726, 0.0673], [0.0603, 0.0387, 0.0554, 0.7115, 0.0323, 0.0386, 0.0632], [0.0321, 0.0717, 0.0533, 0.6661, 0.0348, 0.0644, 0.0775], [0.0165, 0.0896, 0.0249, 0.7565, 0.0236, 0.0231, 0.0657], [0.046, 0.0556, 0.0571, 0.7192, 0.0674, 0.0215, 0.0333], [0.0442, 0.029, 0.0408, 0.6556, 0.0656, 0.0893, 0.0754], [0.1023, 0.0266, 0.0383, 0.698, 0.0213, 0.0778, 0.0359], [0.0821, 0.0825, 0.0266, 0.6032, 0.0698, 0.0648, 0.071], [0.0799, 0.0292, 0.0568, 0.6332, 0.0825, 0.0553, 0.063], [0.0732, 0.0312, 0.0244, 0.7078, 0.057, 0.0436, 0.0628], [0.0369, 0.0316, 0.0793, 0.6609, 0.0598, 0.0491, 0.0824], [0.0552, 0.0255, 0.0744, 0.6738, 0.063, 0.034, 0.074], [0.0857, 0.0183, 0.0587, 0.719, 0.0685, 0.0281, 0.0217], [0.0929, 0.0214, 0.0907, 0.6425, 0.0848, 0.0248, 0.0429], [0.0622, 0.0507, 0.0786, 0.6492, 0.0516, 0.0648, 0.0429], [0.0268, 0.0149, 0.053, 0.7717, 0.0692, 0.0166, 0.0478], [0.0384, 0.0359, 0.0598, 0.7213, 0.0735, 0.0471, 0.024], [0.0568, 0.0534, 0.0304, 0.6962, 0.069, 0.0239, 0.0702], [0.021, 0.0684, 0.0827, 0.6679, 0.0518, 0.0233, 0.0849], [0.0237, 0.0164, 0.0574, 0.769, 0.0683, 0.0508, 0.0144], [0.0427, 0.0548, 0.0788, 0.7028, 0.0366, 0.0583, 0.0259], [0.0188, 0.0346, 0.0762, 0.7526, 0.0473, 0.0289, 0.0416], [0.0533, 0.0722, 0.0256, 0.7196, 0.0581, 0.0128, 0.0585], [0.0925, 0.0914, 0.0515, 0.6402, 0.0314, 0.0776, 0.0154], [0.0625, 0.0728, 0.0557, 0.6745, 0.0391, 0.0252, 0.0702], [0.0127, 0.07, 0.0777, 0.6646, 0.0757, 0.0313, 0.068], [0.042, 0.0485, 0.0641, 0.7475, 0.0223, 0.0388, 0.0368], [0.09, 0.0557, 0.0737, 0.6359, 0.0471, 0.0467, 0.051], [0.0633, 0.011, 0.0548, 0.6871, 0.0592, 0.0735, 0.051], [0.0255, 0.0531, 0.0852, 0.6826, 0.0177, 0.076, 0.0598], [0.0697, 0.05, 0.0708, 0.6923, 0.0349, 0.0562, 0.0262], [0.0679, 0.0394, 0.0527, 0.6744, 0.0883, 0.048, 0.0293], [0.0136, 0.0218, 0.0793, 0.6939, 0.0528, 0.0809, 0.0577], [0.0733, 0.0258, 0.0582, 0.6984, 0.0302, 0.0327, 0.0814], [0.0526, 0.041, 0.0332, 0.6463, 0.0754, 0.0728, 0.0786], [0.081, 0.045, 0.0698, 0.6285, 0.0231, 0.0841, 0.0685], [0.0219, 0.0688, 0.0561, 0.7293, 0.0243, 0.051, 0.0485], [0.0651, 0.0667, 0.042, 0.6909, 0.0478, 0.053, 0.0345], [0.054, 0.0825, 0.0618, 0.6977, 0.0163, 0.0698, 0.018]], "emotions": ["green", "green", "green", "green", "green", "green", "green", "green", "green", "green", "green", "green", "green", "green", "green", "green", "green", "green", "green", "green", "green", "green", "green", "green", "green", "green", "green", "green", "green", "green", "green", "green", "green", "green", "green", "green", "green", "green", "green", "green", "green", "green", "green", "green", "green", "green", "green", "green", "green", "green", "green", "green", "green", "green", "green", "green", "green", "green", "green", "green", "green", "green", "green", "green", "green", "green", "green", "green", "green", "green", "green", "green", "green", "green", "green", "green", "green", "green", "green", "green"], "timestamps": [0, 40, 80, 120, 160, 200, 240, 280, 320, 360, 400, 440, 480, 520, 560, 600, 640, 680, 720, 760, 800, 840, 880, 920, 960, 1000, 1040, 1080, 1120, 1160, 1200, 1240, 1280, 1320, 1360, 1400, 1440, 1480, 1520, 1560, 1600, 1640, 1680, 1720, 1760, 1800, 1840, 1880, 1920, 1960, 2000, 2040, 2080, 2120, 2160, 2200, 2240, 2280, 2320, 2360, 2400, 2440, 2480, 2520, 2560, 2600, 2640, 2680, 2720, 2760, 2800, 2840, 2880, 2920, 2960, 3000, 3040, 3080, 3120, 3160]}], "conversation": [], "conversation_timestamps": []}