{"agent_id": "agent-red-1101", "type": "red", "trips": [{"trip_id": 0, "transport_method": "foot", "start_time": 0, "path": [[1.540108, 42.5105593], [1.5401766, 42.5105617], [1.5402452, 42.5105632], [1.5403138, 42.5105619], [1.5403824, 42.5105606], [1.540451, 42.5105594], [1.540518, 42.510545], [1.540585, 42.5105299], [1.5406519, 42.5105148], [1.5407188, 42.5104997], [1.5407858, 42.5104845], [1.5408524, 42.5104682], [1.5409178, 42.5104475], [1.5409832, 42.5104267], [1.5409899, 42.5103653], [1.5409863, 42.5102968], [1.5409582, 42.510239], [1.5409102, 42.51019], [1.5408623, 42.5101409], [1.5408151, 42.5100913], [1.5407883, 42.5100281], [1.5407615, 42.5099649], [1.5407398, 42.5098999], [1.5406882, 42.5098582], [1.5406309, 42.5098209], [1.5406424, 42.5097533], [1.540654, 42.5096856], [1.5406656, 42.509618], [1.5406771, 42.5095504], [1.5406887, 42.5094827], [1.5407222, 42.5094246], [1.5407635, 42.5093697], [1.5408047, 42.5093149], [1.5408621, 42.5092795], [1.5409275, 42.5092591], [1.5409934, 42.5092398], [1.5410592, 42.5092205], [1.5411251, 42.5092013], [1.5411909, 42.509182], [1.5412584, 42.5091694], [1.5413261, 42.5091585], [1.541394, 42.5091485], [1.5414619, 42.5091388], [1.54153, 42.5091302], [1.5415981, 42.5091216], [1.5416591, 42.5090967], [1.5417118, 42.5090527], [1.5417645, 42.5090087], [1.5418171, 42.5089648], [1.5418698, 42.5089208], [1.5419188, 42.5088921], [1.5419454, 42.5089554], [1.541972, 42.5090186], [1.5419986, 42.5090819], [1.5420252, 42.5091451], [1.5420519, 42.5092084], [1.5420785, 42.5092716], [1.5420934, 42.5093368], [1.5420852, 42.5094048], [1.5420649, 42.5094701], [1.5420861, 42.5095039], [1.5420656, 42.5095694], [1.542045, 42.5096349], [1.5420244, 42.5097003], [1.5420038, 42.5097658], [1.5419832, 42.5098312], [1.5419626, 42.5098967], [1.541942, 42.5099622], [1.5419212, 42.5100276], [1.541898, 42.5100921], [1.5418748, 42.5101567], [1.5418516, 42.5102213], [1.5418301, 42.5102864], [1.5418165, 42.5103535], [1.5418142, 42.510422], [1.5418188, 42.5104904], [1.5418272, 42.5105585], [1.5418416, 42.5106256], [1.5418602, 42.5106916], [1.5419055, 42.5107367]], "mood_vectors": [[0.6609, 0.0594, 0.0554, 0.0455, 0.0655, 0.0593, 0.054], [0.6546, 0.0289, 0.05, 0.0693, 0.0578, 0.0869, 0.0524], [0.7686, 0.0557, 0.0349, 0.0382, 0.0229, 0.0338, 0.0459], [0.642, 0.062, 0.0346, 0.07, 0.079, 0.0377, 0.0748], [0.7039, 0.0244, 0.0836, 0.0176, 0.0328, 0.0739, 0.0639], [0.7652, 0.034, 0.0261, 0.0438, 0.0642, 0.0341, 0.0326], [0.6854, 0.0738, 0.0225, 0.0272, 0.0731, 0.0473, 0.0707], [0.636, 0.0598, 0.088, 0.0923, 0.0674, 0.0369, 0.0196], [0.6726, 0.0335, 0.0485, 0.0531, 0.0459, 0.0854, 0.061], [0.7099, 0.0309, 0.0474, 0.0778, 0.0338, 0.045, 0.0551], [0.7152, 0.0374, 0.0819, 0.0215, 0.0709, 0.0404, 0.0327], [0.7049, 0.0519, 0.0685, 0.0458, 0.0161, 0.0649, 0.048], [0.7039, 0.0444, 0.0729, 0.0621, 0.0296, 0.0392, 0.048], [0.7326, 0.0228, 0.0659, 0.0451, 0.0431, 0.0549, 0.0355], [0.6884, 0.0399, 0.0746, 0.0533, 0.0353, 0.0164, 0.0921], [0.6789, 0.0593, 0.0349, 0.0196, 0.0961, 0.0395, 0.0717], [0.6762, 0.0724, 0.0346, 0.0508, 0.0607, 0.0676, 0.0377], [0.6555, 0.0781, 0.0766, 0.0281, 0.0642, 0.0549, 0.0426], [0.679, 0.069, 0.0642, 0.0591, 0.0746, 0.0201, 0.0339], [0.7013, 0.0442, 0.0256, 0.0539, 0.075, 0.049, 0.051], [0.6692, 0.0553, 0.0659, 0.0209, 0.081, 0.0887, 0.019], [0.6853, 0.0292, 0.1018, 0.07, 0.0653, 0.0223, 0.026], [0.7042, 0.058, 0.0347, 0.035, 0.0473, 0.0851, 0.0357], [0.6289, 0.0642, 0.0732, 0.0743, 0.0545, 0.0743, 0.0307], [0.646, 0.0333, 0.0356, 0.0395, 0.0848, 0.0806, 0.0802], [0.7019, 0.0638, 0.051, 0.0554, 0.0435, 0.0509, 0.0334], [0.6968, 0.0726, 0.0311, 0.0725, 0.0134, 0.0756, 0.0381], [0.6846, 0.0652, 0.045, 0.0668, 0.0134, 0.0893, 0.0358], [0.6978, 0.0584, 0.0436, 0.0787, 0.0877, 0.0189, 0.0147], [0.6775, 0.0218, 0.0541, 0.0754, 0.0649, 0.0439, 0.0623], [0.7791, 0.0427, 0.0495, 0.025, 0.034, 0.0362, 0.0335], [0.6819, 0.0763, 0.0614, 0.0671, 0.0464, 0.0231, 0.0438], [0.7241, 0.0664, 0.0665, 0.0514, 0.03, 0.0161, 0.0455], [0.751, 0.0674, 0.0241, 0.0245, 0.0494, 0.072, 0.0116], [0.7202, 0.0314, 0.0593, 0.0431, 0.0154, 0.0659, 0.0648], [0.7046, 0.0659, 0.0717, 0.0304, 0.0401, 0.0446, 0.0425], [0.6862, 0.0684, 0.0643, 0.0411, 0.0452, 0.0815, 0.0134], [0.8003, 0.0233, 0.017, 0.0439, 0.0133, 0.071, 0.0312], [0.6875, 0.042, 0.0234, 0.0558, 0.0396, 0.0585, 0.0933], [0.7277, 0.0453, 0.0518, 0.051, 0.027, 0.0317, 0.0655], [0.7043, 0.0374, 0.0488, 0.0431, 0.0701, 0.03, 0.0663], [0.7492, 0.0689, 0.0496, 0.0572, 0.0125, 0.0269, 0.0357], [0.6583, 0.0273, 0.0781, 0.0641, 0.0206, 0.0812, 0.0704], [0.7885, 0.0494, 0.0538, 0.0352, 0.0289, 0.0201, 0.0241], [0.669, 0.0727, 0.0546, 0.0385, 0.0226, 0.0788, 0.0638], [0.6617, 0.0449, 0.0352, 0.0251, 0.0851, 0.0901, 0.0579], [0.7879, 0.0259, 0.0254, 0.0218, 0.068, 0.0121, 0.0589], [0.7288, 0.0534, 0.0296, 0.0667, 0.0142, 0.0498, 0.0574], [0.6334, 0.0897, 0.0566, 0.062, 0.0278, 0.0486, 0.0818], [0.6752, 0.0181, 0.0521, 0.043, 0.1008, 0.0404, 0.0704], [0.7041, 0.0833, 0.0281, 0.0166, 0.0185, 0.0631, 0.0864], [0.6306, 0.0547, 0.0535, 0.0734, 0.0727, 0.0422, 0.0729], [0.6867, 0.0598, 0.0545, 0.0344, 0.0584, 0.0241, 0.082], [0.6803, 0.0534, 0.0598, 0.0718, 0.0565, 0.0633, 0.015], [0.7853, 0.0597, 0.0487, 0.0154, 0.0176, 0.0359, 0.0374], [0.6012, 0.0336, 0.0709, 0.0639, 0.077, 0.0777, 0.0757], [0.6709, 0.047, 0.0915, 0.0365, 0.0255, 0.0772, 0.0514], [0.7638, 0.0259, 0.0535, 0.0364, 0.0395, 0.0143, 0.0665], [0.6593, 0.08, 0.0453, 0.0393, 0.0667, 0.0402, 0.0692], [0.7003, 0.0671, 0.0669, 0.0128, 0.0384, 0.0805, 0.0341], [0.6647, 0.068, 0.1027, 0.066, 0.0193, 0.0162, 0.0632], [0.6251, 0.0818, 0.0652, 0.0579, 0.0389, 0.0501, 0.0811], [0.6953, 0.0732, 0.0744, 0.0573, 0.0364, 0.051, 0.0124], [0.7601, 0.0389, 0.0485, 0.0465, 0.0561, 0.0212, 0.0286], [0.7384, 0.024, 0.0409, 0.0521, 0.0511, 0.0414, 0.0522], [0.7445, 0.0351, 0.0516, 0.0287, 0.0357, 0.039, 0.0654], [0.736, 0.0379, 0.0392, 0.0401, 0.0507, 0.0236, 0.0725], [0.675, 0.0557, 0.0294, 0.0306, 0.061, 0.0734, 0.0748], [0.6737, 0.0626, 0.0712, 0.034, 0.0605, 0.0445, 0.0534], [0.7586, 0.0892, 0.0144, 0.0379, 0.0478, 0.0262, 0.0259], [0.7, 0.0519, 0.0678, 0.038, 0.0353, 0.0526, 0.0543], [0.7412, 0.036, 0.0649, 0.0158, 0.0642, 0.06, 0.0178], [0.7094, 0.0399, 0.0402, 0.015, 0.031, 0.1005, 0.064], [0.7074, 0.0721, 0.056, 0.0406, 0.0473, 0.0457, 0.0309], [0.6955, 0.0712, 0.0339, 0.0658, 0.0768, 0.0401, 0.0166], [0.7325, 0.0321, 0.0394, 0.0589, 0.0192, 0.0378, 0.0801], [0.7097, 0.0767, 0.0582, 0.0136, 0.0669, 0.0342, 0.0406], [0.7008, 0.0395, 0.0648, 0.059, 0.0248, 0.053, 0.0582], [0.6992, 0.0664, 0.0207, 0.0717, 0.0558, 0.0502, 0.0361], [0.725, 0.0198, 0.064, 0.0778, 0.0502, 0.0144, 0.0487]], "emotions": ["red", "red", "red", "red", "red", "red", "red", "red", "red", "red", "red", "red", "red", "red", "red", "red", "red", "red", "red", "red", "red", "red", "red", "red", "red", "red", "red", "red", "red", "red", "red", "red", "red", "red", "red", "red", "red", "red", "red", "red", "red", "red", "red", "red", "red", "red", "red", "red", "red", "red", "red", "red", "red", "red", "red", "red", "red", "red", "red", "red", "red", "red", "red", "red", "red", "red", "red", "red", "red", "red", "red", "red", "red", "red", "red", "red", "red", "red", "red", "red"], "timestamps": [0, 40, 80, 120, 160, 200, 240, 280, 320, 360, 400, 440, 480, 520, 560, 600, 640, 680, 720, 760, 800, 840, 880, 920, 960, 1000, 1040, 1080, 1120, 1160, 1200, 1240, 1280, 1320, 1360, 1400, 1440, 1480, 1520, 1560, 1600, 1640, 1680, 1720, 1760, 1800, 1840, 1880, 1920, 1960, 2000, 2040, 2080, 2120, 2160, 2200, 2240, 2280, 2320, 2360, 2400, 2440, 2480, 2520, 2560, 2600, 2640, 2680, 2720, 2760, 2800, 2840, 2880, 2920, 2960, 3000, 3040, 3080, 3120, 3160]}], "conversation": [], "conversation_timestamps": []}