{"agent_id": "agent-green-37", "type": "green", "trips": [{"trip_id": 0, "transport_method": "foot", "start_time": 0, "path": [[1.5229934, 42.5437236], [1.5228237, 42.5438314], [1.5227926, 42.5439663], [1.5227536, 42.5441165], [1.5228086, 42.5439387], [1.5228718, 42.5437479], [1.5227656, 42.5436212], [1.5226099, 42.5434943], [1.5224335, 42.543503], [1.5222725, 42.5436233], [1.5220954, 42.5437154], [1.5219087, 42.5437901], [1.5217232, 42.5438677], [1.521541, 42.5439511], [1.5214326, 42.5441146], [1.5213418, 42.5442712], [1.5211466, 42.5443193], [1.5209514, 42.5443674], [1.5207562, 42.5444155], [1.5205609, 42.5444636], [1.5203657, 42.5445117], [1.5201705, 42.5445598], [1.5199753, 42.5446079], [1.51978, 42.5446559], [1.5199437, 42.5446033], [1.5201383, 42.5445526], [1.5203381, 42.5445307], [1.520538, 42.5445089], [1.5207351, 42.5444765], [1.5208126, 42.5443336], [1.5210121, 42.5443565], [1.5212125, 42.5443499], [1.5213855, 42.5442703], [1.5212119, 42.5443181], [1.521021, 42.544381], [1.52083, 42.5444439], [1.520639, 42.5445068], [1.5204481, 42.5445697], [1.5202571, 42.5446326], [1.5200661, 42.5446955], [1.5198752, 42.5447584], [1.5197284, 42.5448286], [1.5198938, 42.5449422], [1.5200826, 42.5450086], [1.5202661, 42.5450885], [1.5204445, 42.5451764], [1.5206347, 42.5452384], [1.520619, 42.5453911], [1.5205003, 42.5455533], [1.5203944, 42.5457], [1.5201992, 42.5456518], [1.520004, 42.5456037], [1.5198613, 42.5455718], [1.5200495, 42.5456423], [1.5202447, 42.5456847], [1.5204007, 42.5457035], [1.5202021, 42.5456721], [1.5200036, 42.5456407], [1.519805, 42.5456093], [1.5196064, 42.5455779], [1.5194078, 42.5455465], [1.5192084, 42.5455207], [1.5190082, 42.5455051], [1.5188072, 42.545505], [1.5186067, 42.5455199], [1.5184062, 42.5455348], [1.5182057, 42.5455498], [1.5180052, 42.5455647], [1.5178053, 42.5455854], [1.5176086, 42.5456234], [1.5174125, 42.5456636], [1.5173846, 42.5457023], [1.517565, 42.5457764], [1.5177657, 42.5457655], [1.5179664, 42.5457526], [1.518167, 42.5457396], [1.5183676, 42.5457267], [1.5185683, 42.5457137], [1.5187688, 42.5457042], [1.5189691, 42.5457153]], "mood_vectors": [[0.0767, 0.0459, 0.0574, 0.0663, 0.0556, 0.0801, 0.618], [0.0544, 0.0465, 0.0349, 0.078, 0.0629, 0.0318, 0.6914], [0.0288, 0.0426, 0.0116, 0.035, 0.0603, 0.0164, 0.8053], [0.016, 0.0407, 0.0565, 0.0299, 0.0747, 0.0325, 0.7498], [0.0727, 0.0512, 0.0521, 0.0303, 0.0203, 0.0481, 0.7253], [0.0222, 0.0427, 0.029, 0.0846, 0.0653, 0.0379, 0.7182], [0.046, 0.0524, 0.0519, 0.083, 0.0543, 0.0518, 0.6606], [0.0519, 0.0728, 0.0285, 0.0814, 0.0446, 0.0516, 0.6692], [0.0209, 0.0676, 0.086, 0.0781, 0.027, 0.0897, 0.6307], [0.0439, 0.0446, 0.0505, 0.0636, 0.0132, 0.0642, 0.72], [0.0178, 0.0397, 0.0696, 0.0237, 0.0507, 0.0571, 0.7414], [0.0907, 0.0134, 0.0366, 0.06, 0.078, 0.0586, 0.6627], [0.0603, 0.0494, 0.0244, 0.0374, 0.0588, 0.0506, 0.7192], [0.022, 0.0448, 0.0697, 0.0433, 0.03, 0.0675, 0.7227], [0.0332, 0.0682, 0.02, 0.0808, 0.0402, 0.0471, 0.7106], [0.0784, 0.0214, 0.0787, 0.0721, 0.0724, 0.0363, 0.6406], [0.0225, 0.0256, 0.1041, 0.063, 0.0188, 0.0946, 0.6714], [0.0586, 0.0232, 0.0289, 0.0576, 0.023, 0.0738, 0.7348], [0.0527, 0.0643, 0.0221, 0.0408, 0.0187, 0.0314, 0.77], [0.0752, 0.0265, 0.067, 0.0193, 0.0564, 0.084, 0.6715], [0.0477, 0.0734, 0.0367, 0.0524, 0.0331, 0.0751, 0.6815], [0.04, 0.0262, 0.0199, 0.0506, 0.0383, 0.0732, 0.7518], [0.075, 0.0174, 0.0282, 0.0399, 0.0316, 0.0514, 0.7565], [0.0569, 0.0485, 0.0347, 0.0417, 0.0628, 0.0525, 0.7029], [0.0298, 0.0635, 0.0518, 0.0588, 0.0561, 0.0285, 0.7116], [0.0368, 0.0396, 0.0651, 0.0457, 0.0149, 0.0377, 0.7601], [0.0432, 0.0385, 0.0905, 0.0315, 0.0407, 0.019, 0.7365], [0.0549, 0.054, 0.0759, 0.04, 0.0799, 0.028, 0.6674], [0.0282, 0.0358, 0.0703, 0.0306, 0.0856, 0.0402, 0.7093], [0.0297, 0.0531, 0.0602, 0.0547, 0.0508, 0.0425, 0.709], [0.0813, 0.0774, 0.0506, 0.0547, 0.0135, 0.0534, 0.6691], [0.0726, 0.0631, 0.0724, 0.06, 0.0297, 0.0769, 0.6254], [0.0755, 0.0395, 0.0505, 0.0333, 0.0464, 0.0346, 0.7201], [0.0368, 0.0171, 0.088, 0.015, 0.0259, 0.033, 0.7841], [0.0121, 0.0431, 0.0309, 0.0749, 0.0638, 0.0639, 0.7114], [0.0394, 0.0694, 0.0421, 0.0198, 0.073, 0.0309, 0.7255], [0.0557, 0.076, 0.0115, 0.0487, 0.0131, 0.0393, 0.7557], [0.0261, 0.0193, 0.0282, 0.0815, 0.0162, 0.1093, 0.7194], [0.0534, 0.035, 0.0374, 0.077, 0.0224, 0.0462, 0.7286], [0.0575, 0.0274, 0.0268, 0.0451, 0.0703, 0.0634, 0.7094], [0.0694, 0.0208, 0.024, 0.0641, 0.0578, 0.0344, 0.7295], [0.0261, 0.0465, 0.032, 0.0533, 0.0747, 0.0406, 0.7269], [0.0251, 0.0197, 0.0479, 0.0353, 0.0325, 0.0797, 0.7598], [0.0725, 0.0276, 0.0597, 0.0739, 0.0624, 0.064, 0.6399], [0.0402, 0.0201, 0.0682, 0.0893, 0.0419, 0.043, 0.6973], [0.054, 0.0172, 0.081, 0.0263, 0.0307, 0.088, 0.7028], [0.0414, 0.0376, 0.0792, 0.0209, 0.0173, 0.033, 0.7706], [0.0735, 0.0771, 0.0758, 0.077, 0.0352, 0.0222, 0.6393], [0.0382, 0.0257, 0.1028, 0.0739, 0.0503, 0.0163, 0.6929], [0.0585, 0.0199, 0.0793, 0.0323, 0.0759, 0.0319, 0.7023], [0.018, 0.0683, 0.083, 0.0358, 0.0149, 0.0372, 0.7427], [0.0196, 0.0624, 0.0684, 0.0551, 0.037, 0.0249, 0.7326], [0.0803, 0.0274, 0.068, 0.0713, 0.05, 0.0518, 0.6511], [0.0383, 0.0827, 0.0618, 0.0613, 0.0168, 0.0402, 0.6989], [0.0429, 0.0825, 0.0251, 0.0275, 0.0715, 0.022, 0.7284], [0.0827, 0.0539, 0.0561, 0.0685, 0.0204, 0.0784, 0.6401], [0.03, 0.0282, 0.0704, 0.0456, 0.058, 0.054, 0.7138], [0.0413, 0.0829, 0.0192, 0.0157, 0.0628, 0.0248, 0.7532], [0.0224, 0.0635, 0.0382, 0.0451, 0.0667, 0.0221, 0.742], [0.0237, 0.0864, 0.091, 0.0788, 0.0869, 0.0307, 0.6025], [0.0536, 0.0768, 0.0226, 0.0199, 0.0604, 0.0357, 0.7311], [0.0561, 0.0305, 0.0541, 0.0179, 0.0361, 0.0284, 0.7771], [0.0251, 0.0173, 0.0272, 0.061, 0.0553, 0.015, 0.799], [0.0695, 0.0717, 0.0817, 0.0493, 0.0331, 0.0384, 0.6564], [0.082, 0.0123, 0.067, 0.0386, 0.0691, 0.0292, 0.7018], [0.0801, 0.0693, 0.0362, 0.039, 0.0169, 0.0578, 0.7008], [0.0442, 0.0317, 0.0742, 0.0344, 0.0605, 0.0695, 0.6855], [0.0636, 0.0628, 0.0345, 0.0175, 0.0651, 0.0232, 0.7333], [0.0214, 0.0197, 0.0334, 0.0583, 0.0243, 0.0276, 0.8152], [0.0233, 0.0359, 0.0474, 0.0234, 0.0417, 0.0276, 0.8008], [0.0504, 0.0373, 0.0284, 0.014, 0.0506, 0.0257, 0.7936], [0.0597, 0.0491, 0.0634, 0.0572, 0.0277, 0.0717, 0.6711], [0.0606, 0.0184, 0.0803, 0.0469, 0.0299, 0.0397, 0.7242], [0.0692, 0.0431, 0.0595, 0.0591, 0.0194, 0.0173, 0.7323], [0.0636, 0.0682, 0.0816, 0.0777, 0.0449, 0.0432, 0.6208], [0.0682, 0.0682, 0.0594, 0.0713, 0.0346, 0.0246, 0.6737], [0.02, 0.0224, 0.0766, 0.0744, 0.0638, 0.0781, 0.6647], [0.0408, 0.0594, 0.0237, 0.0433, 0.0389, 0.0762, 0.7177], [0.052, 0.0315, 0.0479, 0.0665, 0.0221, 0.072, 0.7081], [0.0211, 0.0406, 0.0515, 0.0389, 0.0206, 0.0389, 0.7884]], "emotions": ["purple", "purple", "purple", "purple", "purple", "purple", "purple", "purple", "purple", "purple", "purple", "purple", "purple", "purple", "purple", "purple", "purple", "purple", "purple", "purple", "purple", "purple", "purple", "purple", "purple", "purple", "purple", "purple", "purple", "purple", "purple", "purple", "purple", "purple", "purple", "purple", "purple", "purple", "purple", "purple", "purple", "purple", "purple", "purple", "purple", "purple", "purple", "purple", "purple", "purple", "purple", "purple", "purple", "purple", "purple", "purple", "purple", "purple", "purple", "purple", "purple", "purple", "purple", "purple", "purple", "purple", "purple", "purple", "purple", "purple", "purple", "purple", "purple", "purple", "purple", "purple", "purple", "purple", "purple", "purple"], "timestamps": [0, 40, 80, 120, 160, 200, 240, 280, 320, 360, 400, 440, 480, 520, 560, 600, 640, 680, 720, 760, 800, 840, 880, 920, 960, 1000, 1040, 1080, 1120, 1160, 1200, 1240, 1280, 1320, 1360, 1400, 1440, 1480, 1520, 1560, 1600, 1640, 1680, 1720, 1760, 1800, 1840, 1880, 1920, 1960, 2000, 2040, 2080, 2120, 2160, 2200, 2240, 2280, 2320, 2360, 2400, 2440, 2480, 2520, 2560, 2600, 2640, 2680, 2720, 2760, 2800, 2840, 2880, 2920, 2960, 3000, 3040, 3080, 3120, 3160]}], "conversation": [], "conversation_timestamps": []}