{
  "agent_id": "agent-type-red-69",
  "type": "red",
  "trips": [
    {
      "trip_id": 0,
      "transport_method": "car",
      "start_time": 0,
      "path": [
        [
          1.5253026999999995,
          42.5090063
        ],
        [
          1.5248646859397184,
          42.50892076813037
        ],
        [
          1.5244266718794375,
          42.50883523626074
        ],
        [
          1.5239886578191564,
          42.50874970439111
        ],
        [
          1.5239359505162822,
          42.50894279385289
        ],
        [
          1.5238345508964664,
          42.508685329820935
        ],
        [
          1.5234328360991014,
          42.50849091469985
        ],
        [
          1.523074605967277,
          42.50824567864552
        ],
        [
          1.5232039776627102,
          42.50790440214099
        ],
        [
          1.523622214072803,
          42.50778651581353
        ],
        [
          1.5232510042867593,
          42.50776158108019
        ],
        [
          1.5228145445449461,
          42.5076685125268
        ],
        [
          1.5224828336793466,
          42.507429189891425
        ],
        [
          1.5222722106188513,
          42.50706995180591
        ],
        [
          1.5219632504903322,
          42.50674790265328
        ],
        [
          1.5216542903618133,
          42.506425853500645
        ],
        [
          1.5220433734413934,
          42.5062942516
        ],
        [
          1.5224853640941447,
          42.50635602765206
        ],
        [
          1.5229178479657728,
          42.50646128611674
        ],
        [
          1.5233439851863775,
          42.506593872265874
        ],
        [
          1.522993877593018,
          42.506484941585
        ],
        [
          1.5225642222246945,
          42.50636704947785
        ],
        [
          1.5221222315719432,
          42.5063052734258
        ],
        [
          1.521710148876614,
          42.506372213585465
        ],
        [
          1.5219081271115962,
          42.5066904439854
        ],
        [
          1.522217087240115,
          42.507012493138035
        ],
        [
          1.5224861411271176,
          42.50734963396024
        ],
        [
          1.5221637780305095,
          42.50754364395028
        ],
        [
          1.521722724406908,
          42.507476268769956
        ],
        [
          1.5214135804886693,
          42.50715459865645
        ],
        [
          1.5211703446890807,
          42.506838984247324
        ],
        [
          1.5215315898435082,
          42.50658750711454
        ],
        [
          1.5214565115250847,
          42.506618513299735
        ],
        [
          1.521162271200392,
          42.506895097952295
        ],
        [
          1.5214724521900234,
          42.507215966633375
        ],
        [
          1.5218072538920193,
          42.50748557854756
        ],
        [
          1.522036998242325,
          42.507121683724996
        ],
        [
          1.5216112822060215,
          42.5069877513758
        ],
        [
          1.5216800338302816,
          42.50700938097338
        ],
        [
          1.5220070615674464,
          42.50718098452409
        ],
        [
          1.5217356133344262,
          42.50747768831071
        ],
        [
          1.521289463320107,
          42.50746928887092
        ],
        [
          1.5208432333284798,
          42.50746216059629
        ],
        [
          1.5206319283816772,
          42.507494879742744
        ],
        [
          1.5210780209338501,
          42.50750804988407
        ],
        [
          1.5215242738269839,
          42.50751231936084
        ],
        [
          1.5215328487076736,
          42.50751237518689
        ],
        [
          1.5210865922615746,
          42.50750830293828
        ],
        [
          1.5206404997094016,
          42.507495132796954
        ],
        [
          1.5204849941403575,
          42.50762042676899
        ],
        [
          1.520878984797445,
          42.5078300535322
        ],
        [
          1.5212729754545329,
          42.50803968029541
        ],
        [
          1.5216669661116204,
          42.50824930705862
        ],
        [
          1.522092708481676,
          42.50837778822195
        ],
        [
          1.5224387371738166,
          42.50851013598163
        ],
        [
          1.5220036344379846,
          42.5084108503986
        ],
        [
          1.521869468297848,
          42.508380235184426
        ],
        [
          1.52230457103368,
          42.50847952076746
        ],
        [
          1.5227054102764295,
          42.50840429864093
        ],
        [
          1.5231311776957377,
          42.50830592644018
        ],
        [
          1.523514145852206,
          42.50853026561647
        ],
        [
          1.523915860649571,
          42.50872468073755
        ],
        [
          1.5237308953759108,
          42.50890595140528
        ],
        [
          1.5240827012667055,
          42.50876806844063
        ],
        [
          1.5245207153269866,
          42.50885360031026
        ],
        [
          1.5249587293872675,
          42.5089391321799
        ],
        [
          1.5253605161240211,
          42.50908271141371
        ],
        [
          1.5254768011572728,
          42.5092363969804
        ],
        [
          1.5251478780998526,
          42.50897606762214
        ],
        [
          1.5247098640395715,
          42.508890535752506
        ],
        [
          1.5242718499792904,
          42.50880500388288
        ],
        [
          1.523843736190435,
          42.50868977516387
        ],
        [
          1.5234420213930697,
          42.508495360042794
        ],
        [
          1.523078031136494,
          42.50825529108096
        ],
        [
          1.5231960184034679,
          42.507910788132804
        ],
        [
          1.523612017235207,
          42.50778690977063
        ],
        [
          1.5240574418457986,
          42.50781334767067
        ],
        [
          1.5245028470255326,
          42.50784138770621
        ],
        [
          1.524644787980291,
          42.50810645083451
        ],
        [
          1.5247938075495655,
          42.508379759300844
        ],
        [
          1.5252261947259236,
          42.50849027331556
        ],
        [
          1.5256348648020444,
          42.50864246019302
        ],
        [
          1.5255548637553427,
          42.5085742779668
        ],
        [
          1.5251224765789846,
          42.508463763952086
        ],
        [
          1.5246900894026265,
          42.50835324993738
        ],
        [
          1.5246741303764901,
          42.50800349830107
        ],
        [
          1.5243960062069215,
          42.50783466164983
        ],
        [
          1.5239506010271875,
          42.50780662161429
        ],
        [
          1.5235050447180127,
          42.507791042677724
        ],
        [
          1.523112519770864,
          42.507977782003486
        ],
        [
          1.5231560045487282,
          42.50831634758835
        ],
        [
          1.5235383820546686,
          42.50854199504308
        ],
        [
          1.5239400968520336,
          42.50873641016417
        ],
        [
          1.52437691786555,
          42.5088255206963
        ],
        [
          1.524814931925831,
          42.50891105256593
        ],
        [
          1.525252945986112,
          42.50899658443556
        ],
        [
          1.5249144399536059,
          42.50893048369481
        ],
        [
          1.5244764258933248,
          42.50884495182518
        ],
        [
          1.524038411833044,
          42.508759419955545
        ],
        [
          1.5237259000000005,
          42.508950799999994
        ]
      ],
      "emotions": [
        "green",
        "green",
        "green",
        "green",
        "green",
        "red",
        "red",
        "red",
        "red",
        "red",
        "green",
        "green",
        "green",
        "green",
        "green",
        "green",
        "green",
        "green",
        "green",
        "green",
        "green",
        "green",
        "green",
        "green",
        "green",
        "purple",
        "purple",
        "purple",
        "purple",
        "purple",
        "red",
        "red",
        "red",
        "red",
        "red",
        "green",
        "green",
        "green",
        "green",
        "green",
        "red",
        "red",
        "red",
        "red",
        "red",
        "green",
        "green",
        "green",
        "green",
        "green",
        "red",
        "red",
        "red",
        "red",
        "red",
        "red",
        "red",
        "red",
        "red",
        "red",
        "red",
        "red",
        "red",
        "red",
        "red",
        "purple",
        "purple",
        "purple",
        "purple",
        "purple",
        "green",
        "green",
        "green",
        "green",
        "green",
        "red",
        "red",
        "red",
        "red",
        "red",
        "red",
        "red",
        "red",
        "red",
        "red",
        "red",
        "red",
        "red",
        "red",
        "red",
        "purple",
        "purple",
        "purple",
        "purple",
        "purple",
        "red",
        "red",
        "red",
        "red",
        "red"
      ],
      "mood_vectors": [
        [
          0.058976657083572234,
          0.07884900541110239,
          0.29220323363080103,
          0.2536195178063505,
          0.050235040546002384,
          0.1437369330686888,
          0.12237961245348267
        ],
        [
          0.15916560383682393,
          0.07394013645971048,
          0.040791395701869786,
          0.24827212981814123,
          0.07127275797337301,
          0.2456209880253956,
          0.160936988184686
        ],
        [
          0.23164634345842938,
          0.015847995388393845,
          0.1581018877297404,
          0.015669163547506238,
          0.24543216161550824,
          0.24121067397250076,
          0.09209177428792109
        ],
        [
          0.18159373333487097,
          0.10921988831711851,
          0.02432953495045153,
          0.13706204983440542,
          0.15724070668453227,
          0.21219679550973353,
          0.17835729136888784
        ],
        [
          0.22498075831152106,
          0.042094279825087955,
          0.08519943842432952,
          0.07684454403681178,
          0.23511916130868893,
          0.17214633650237168,
          0.16361548159118894
        ],
        [
          0.01593945086049682,
          0.23472167004617203,
          0.008555610079118283,
          0.2207843341795504,
          0.09392782476703562,
          0.3067276519974469,
          0.11934345807017997
        ],
        [
          0.1117044595865992,
          0.08953642872981102,
          0.17446612670732542,
          0.19715261379511947,
          0.16699333144778092,
          0.19610263038990453,
          0.0640444093434594
        ],
        [
          0.05746638712242536,
          0.3074039084019229,
          0.021318245391583085,
          0.05920890828143208,
          0.18107386972400585,
          0.2122260786766333,
          0.16130260240199734
        ],
        [
          0.22415137543859767,
          0.1440101096501848,
          0.12717994498038743,
          0.08924482747164782,
          0.09386123016462249,
          0.23462083724661378,
          0.086931675047946
        ],
        [
          0.24470054347043807,
          0.17849928570241516,
          0.2022490527419009,
          0.04990330655194557,
          0.1983589702878487,
          0.044624899418264266,
          0.08166394182718731
        ],
        [
          0.18341427682472017,
          0.019965464637159536,
          0.12179473646484337,
          0.21833550179808434,
          0.11603243984595156,
          0.1277773156418973,
          0.21268026478734375
        ],
        [
          0.1835475708539689,
          0.037932431774080566,
          0.055778368325369684,
          0.14650082951576793,
          0.13310613570538882,
          0.21828630319837972,
          0.2248483606270444
        ],
        [
          0.18480241268586434,
          0.17505433207945229,
          0.08370015824999472,
          0.24353326469573347,
          0.00913300908681867,
          0.23452352818465821,
          0.06925329501747829
        ],
        [
          0.13945058815268194,
          0.12814221187058428,
          0.10386046112236398,
          0.04801095767257521,
          0.08297705234118281,
          0.23503094504424876,
          0.26252778379636305
        ],
        [
          0.13650181100548167,
          0.04344247514618298,
          0.2320133486421577,
          0.0883897613608854,
          0.10384375254258402,
          0.22207082025352406,
          0.1737380310491842
        ],
        [
          0.15116974292668237,
          0.12848629801567216,
          0.23907527633193798,
          0.08120365459140251,
          0.03781488738935071,
          0.2116001864568011,
          0.15064995428815317
        ],
        [
          0.009913462001331601,
          0.23719616500030605,
          0.03789527173158157,
          0.1386718320042736,
          0.15846373980876355,
          0.26781260650872585,
          0.15004692294501776
        ],
        [
          0.032726593609809625,
          0.3017143469596753,
          0.15614028455422352,
          0.0135223554783771,
          0.255372114516063,
          0.2334072714835727,
          0.0071170333982787095
        ],
        [
          0.0009273989018524593,
          0.2763842212312327,
          0.03618843895135856,
          0.26396632236790185,
          0.15806493347906028,
          0.0018395979841494324,
          0.26262908708444466
        ],
        [
          0.2805805628784513,
          0.08544507956052902,
          0.069380447864939,
          0.22675852721694056,
          0.11227477631734438,
          0.1593899123934749,
          0.06617069376832084
        ],
        [
          0.17797764598456603,
          0.051509863611562255,
          0.22971009134927814,
          0.22516251048317695,
          0.1650551378245915,
          0.0779266975867871,
          0.07265805316003797
        ],
        [
          0.11215626244242421,
          0.17915616994891584,
          0.013274313315195638,
          0.12578225212542765,
          0.16594728876443388,
          0.17827108682249884,
          0.22541262658110392
        ],
        [
          0.011904301698298543,
          0.027711702786024705,
          0.06099761652801733,
          0.12569484572660164,
          0.20926690741299941,
          0.2181945039695668,
          0.3462301218784916
        ],
        [
          0.12381498258115163,
          0.28619063704249126,
          0.059395417439999834,
          0.08087860239493856,
          0.2258259614249863,
          0.0008109789557881719,
          0.22308342016064425
        ],
        [
          0.15755327566263683,
          0.1414452576161762,
          0.05840604257060949,
          0.24303443506529476,
          0.18716073685481802,
          0.10859595700643335,
          0.10380429522403134
        ],
        [
          0.1308220043342164,
          0.2432161043263977,
          0.01171759817708449,
          0.13283022630793015,
          0.2316366670390592,
          0.06894042702784163,
          0.1808369727874704
        ],
        [
          0.13827366372469932,
          0.19486679700838686,
          0.10314031398001663,
          0.2235866844972495,
          0.0731205529100079,
          0.25961591781838583,
          0.007396070061253976
        ],
        [
          0.21597485055127588,
          0.1589869313587621,
          0.24967451333830798,
          0.0857564389737799,
          0.038317906769439095,
          0.19232890904395814,
          0.05896044996447698
        ],
        [
          0.11915831138638061,
          0.20485859417023394,
          0.21086465147110262,
          0.20514557828442634,
          0.046466138823649895,
          0.1998433801898848,
          0.013663345674321817
        ],
        [
          0.11147402441289224,
          0.033104206297283396,
          0.2228405656987909,
          0.1172544528216488,
          0.183369593746739,
          0.21750567406428908,
          0.11445148295835662
        ],
        [
          0.16584734080691996,
          0.10612764531584094,
          0.06743925370641791,
          0.22014486785058635,
          0.17814733556366583,
          0.04596921530942075,
          0.21632434144714838
        ],
        [
          0.28329004434613875,
          0.2604377519657118,
          0.16598823425873707,
          0.031124692557776498,
          0.06338338204058892,
          0.18068687210113782,
          0.015089022729909163
        ],
        [
          0.22415626674085692,
          0.015374548669994083,
          0.24135694205996422,
          0.13674969057166617,
          0.221864940765327,
          0.044423126026107373,
          0.11607448516608426
        ],
        [
          0.2194247820083976,
          0.15580364445528744,
          0.08898821242314058,
          0.03704052475954938,
          0.1814538539894489,
          0.07923073352853001,
          0.23805824883564605
        ],
        [
          0.14600839359896958,
          0.01685200324625311,
          0.11195216913462348,
          0.3995013965662721,
          0.11655280211832923,
          0.05291502703947043,
          0.15621820829608205
        ],
        [
          0.18716661259384756,
          0.21310832667632829,
          0.09576082018507079,
          0.1904292176262981,
          0.09771562990499752,
          0.18664843452564722,
          0.029170958487810497
        ],
        [
          0.23205303939505953,
          0.23002095291517918,
          0.012874420186603352,
          0.0845664285534457,
          0.1552792999717963,
          0.23214006403415458,
          0.05306579494376138
        ],
        [
          0.102257630363881,
          0.21694468605458636,
          0.2690433479052752,
          0.18068381156409757,
          0.08211634945851345,
          0.1122747794052095,
          0.036679395248436865
        ],
        [
          0.09702142055323534,
          0.04673384760785912,
          0.24750230586968447,
          0.025325075070753805,
          0.241371602795214,
          0.019911780689059043,
          0.32213396741419426
        ],
        [
          0.22837448694417903,
          0.2015453470758648,
          0.11694300153028864,
          0.056054501906275526,
          0.027330134813391596,
          0.1226210246921893,
          0.24713150303781112
        ],
        [
          0.1873541839622061,
          0.2177726916418784,
          0.1876365075156232,
          0.15129282141002123,
          0.16039912071311543,
          0.0060915693537238426,
          0.0894531054034319
        ],
        [
          0.05821309561138346,
          0.28813705593649364,
          0.013653538517250178,
          0.06607198337416505,
          0.22935494440532808,
          0.15029711418156638,
          0.19427226797381325
        ],
        [
          0.22403409036638208,
          0.04551521966165446,
          0.1308960847122115,
          0.2064052949287746,
          0.1521162194898775,
          0.00376180605327627,
          0.23727128478782353
        ],
        [
          0.23043643096263788,
          0.01041135828933992,
          0.010640407456979955,
          0.29403146524005264,
          0.010897427220318837,
          0.23547407551202681,
          0.20810883531864394
        ],
        [
          0.07947643328946333,
          0.26803460348548375,
          0.20481108271136686,
          0.15252751774940623,
          0.1387120421065408,
          0.0016494230634013106,
          0.15478889759433764
        ],
        [
          0.30263779499118526,
          0.09114749510802377,
          0.32506105889720854,
          0.16092194990626166,
          0.11386771037288175,
          0.003064375042202468,
          0.0032996156822365026
        ],
        [
          0.12163221148866833,
          0.10042092487685783,
          0.18903885899727182,
          0.23641990365528087,
          0.1508144317653733,
          0.023145258968010077,
          0.17852841024853777
        ],
        [
          0.1805249505205228,
          0.12113386974154554,
          0.047552346496650674,
          0.1914799580699724,
          0.19141719608852864,
          0.15171410739714095,
          0.11617757168563898
        ],
        [
          0.07622962155563616,
          0.16147697291244203,
          0.2298842546732484,
          0.06866030717021103,
          0.06748525177538703,
          0.25678031768249954,
          0.13948327423057585
        ],
        [
          0.16487872187844485,
          0.21203654284838538,
          0.16738104876952056,
          0.3638340259380167,
          0.05598939434492992,
          4.40841660057891e-05,
          0.03583618205469681
        ],
        [
          0.32309678424060234,
          0.12936576905173697,
          0.028941710102827003,
          0.26074967755908623,
          0.12925337211335228,
          0.06864811417338958,
          0.059944572759005665
        ],
        [
          0.11700388671056494,
          0.07089019739685724,
          0.09055495832021546,
          0.01211257464701817,
          0.3917094987783826,
          0.23238165190270635,
          0.08534723224425522
        ],
        [
          0.20286390235435306,
          0.2807461299984711,
          0.20531135494837593,
          0.09560081785582768,
          0.04012881212998718,
          0.04275556482689661,
          0.1325934178860885
        ],
        [
          0.19266626116643767,
          0.02113572079309968,
          0.23149973297569806,
          0.01961568637683386,
          0.11141982652037924,
          0.254795719881302,
          0.1688670522862495
        ],
        [
          0.06045086101005693,
          0.23211790643969896,
          0.16960663903096176,
          0.09490040370650189,
          0.018701673146418518,
          0.22307605139425987,
          0.20114646527210203
        ],
        [
          0.16264536734402132,
          0.21473538959840716,
          0.0887865069552983,
          0.21046707990009925,
          0.14761948715744827,
          0.07986489722826702,
          0.09588127181645863
        ],
        [
          0.12499990766579343,
          0.05271378570359105,
          0.12569783729811249,
          0.1616066295927182,
          0.20190613375411107,
          0.16159709258723362,
          0.17147861339844006
        ],
        [
          0.19500445093870686,
          0.19970780235537097,
          0.05731721888081604,
          0.2368515149620154,
          0.20428082166606473,
          0.0960901448799451,
          0.010748046317080885
        ],
        [
          0.1632790790098813,
          0.26684295478260806,
          0.04264547148553336,
          0.24304897476059767,
          0.0072758328912559825,
          0.14500539054812328,
          0.13190229652200036
        ],
        [
          0.20398606970411745,
          0.04794504179411916,
          0.15112258906255313,
          0.11296589989118612,
          0.09622298502424119,
          0.14164999749195356,
          0.2461074170318293
        ],
        [
          0.004609349077960814,
          0.17661813390889355,
          0.17341374373362528,
          0.019620843916165753,
          0.22222487917392358,
          0.2440332569035947,
          0.15947979328583634
        ],
        [
          0.23629433560375362,
          0.001907774266583153,
          0.060725983810162594,
          0.14437796217962684,
          0.24272373566551567,
          0.14952077508064168,
          0.16444943339371637
        ],
        [
          0.013400765245328494,
          0.034582270847863555,
          0.15675448954402557,
          0.1838317781779252,
          0.12934680450267896,
          0.2592254008076864,
          0.22285849087449178
        ],
        [
          0.0540569698574993,
          0.011020058332676056,
          0.006827196841092627,
          0.3282484045764262,
          0.03728960003295346,
          0.30543817052240485,
          0.2571195998369476
        ],
        [
          0.14740562981101027,
          0.274476519034587,
          0.09236323415454674,
          0.060588524434964354,
          0.20926454580242332,
          0.11757068580272399,
          0.09833086095974437
        ],
        [
          0.20933461474439724,
          0.1500441772507329,
          0.005217904689262502,
          0.1031956225682726,
          0.20731994257987704,
          0.23342371479947396,
          0.09146402336798383
        ],
        [
          0.17804845718003764,
          0.11527592745824959,
          0.013285553380111137,
          0.19323286805428969,
          0.2064411698836069,
          0.1392486195214166,
          0.1544674045222885
        ],
        [
          0.18059492821306825,
          0.1924864161391121,
          0.16096810812882245,
          0.13617767464695293,
          0.02042702809271493,
          0.053362422808720875,
          0.2559834219706084
        ],
        [
          0.1942152853976376,
          0.12211361226457391,
          0.1844405004426808,
          0.28211565667932464,
          0.011349598938797773,
          0.13852976759592872,
          0.06723557868105652
        ],
        [
          0.2443824164762894,
          0.01685494122086605,
          0.12179916056466857,
          0.10083892418597362,
          0.08698889404570735,
          0.27671613491820324,
          0.15241952858829177
        ],
        [
          0.13249721000311748,
          0.16032678041350323,
          0.06935655690588485,
          0.14102370347615786,
          0.16933709894197593,
          0.1700454265100875,
          0.1574132237492732
        ],
        [
          0.18309377506535712,
          0.16373393776372439,
          0.19918466456029907,
          0.16636079384137378,
          0.05486440136102583,
          0.2169543385626201,
          0.0158080888455997
        ],
        [
          0.190524324005048,
          0.05179182876343932,
          0.11929939666050128,
          0.12986607329369204,
          0.2633122769250177,
          0.19566551998361248,
          0.04954058036868916
        ],
        [
          0.01416623871478528,
          0.09117927118103253,
          0.1642039940531193,
          0.10874880910250108,
          0.18082462348272124,
          0.3174539868634587,
          0.12342307660238193
        ],
        [
          0.18058963474718023,
          0.1366511747959337,
          0.10627713697201857,
          0.2063795092098928,
          0.21043726151239894,
          0.015805430742605438,
          0.14385985201997023
        ],
        [
          0.09841015262008342,
          0.04719953378401711,
          0.1956412856545335,
          0.16006318808745076,
          0.12491468902972123,
          0.1889404960423955,
          0.18483065478179853
        ],
        [
          0.06906237803188942,
          0.04330555108839272,
          0.18426525214285222,
          0.45202169760011873,
          0.13306718532987302,
          0.052771950799672805,
          0.06550598500720108
        ],
        [
          0.11089514150686894,
          0.1272144401209533,
          0.0933766855100676,
          0.1383460120064246,
          0.21036269356662812,
          0.20393884397838327,
          0.11586618331067415
        ],
        [
          0.14610241113149036,
          0.26113918317284557,
          0.1994070984186565,
          0.09482932241275016,
          0.07320184276131188,
          0.11479357205957719,
          0.11052657004336837
        ],
        [
          0.2434536687351705,
          0.19373725678974382,
          0.023265101936913796,
          0.17244229576516112,
          0.048705008901514454,
          0.2076766560213071,
          0.11072001185018912
        ],
        [
          0.05460770670888638,
          0.11494602873887698,
          0.11661758869388608,
          0.32038750505555824,
          0.048548748901902423,
          0.3274114398251774,
          0.01748098207571255
        ],
        [
          0.31851097023006797,
          0.020952347933262876,
          0.27700759143964004,
          0.17012987519662856,
          0.03024376732911583,
          0.07402662055076481,
          0.10912882732051991
        ],
        [
          0.17566716876763164,
          0.16639527503510024,
          0.15326818348858068,
          0.1651574619303915,
          0.1058810758799336,
          0.06132858664524662,
          0.17230224825311583
        ],
        [
          0.01983224960307386,
          0.18744171006472868,
          0.11831799883903045,
          0.17440693013760197,
          0.11261268079914055,
          0.2316872057950344,
          0.15570122476139012
        ],
        [
          0.2192308050781485,
          0.0833094446303311,
          0.20129460326128462,
          0.10017996465501892,
          0.20400004834475388,
          0.1626054349136067,
          0.029379699116856332
        ],
        [
          0.23501278884219476,
          0.250522780509373,
          0.1248007248426049,
          0.13837173719454782,
          0.11317430037855558,
          0.12180320559188983,
          0.016314462640834124
        ],
        [
          0.28133792365529436,
          0.09148257410947001,
          0.04348274757354046,
          0.16805863945378957,
          0.06225063271759383,
          0.19981690645159852,
          0.15357057603871327
        ],
        [
          0.1786239138299796,
          0.2431756279264435,
          0.22323572601705968,
          0.2249937745670752,
          0.027285455631476597,
          0.05622462902339815,
          0.046460873004567256
        ],
        [
          0.20952262669242336,
          0.20562832201437647,
          0.03511854386673526,
          0.23701653189847524,
          0.12781388436491872,
          0.06653474822429656,
          0.11836534293877443
        ],
        [
          0.10847478345671044,
          0.10582274340910326,
          0.22813503817927241,
          0.12530336978720513,
          0.10828872943949394,
          0.26217134589259283,
          0.06180398983562199
        ],
        [
          0.02762727068412554,
          0.12420890175587555,
          0.12572835110847058,
          0.09297712518614046,
          0.31164096395756713,
          0.09150044306291755,
          0.22631694424490323
        ],
        [
          0.11029843217416345,
          0.22071698497679973,
          0.13406267162264723,
          0.1639762969183087,
          0.12519561581378547,
          0.17764554258584334,
          0.06810445590845204
        ],
        [
          0.012922301448715276,
          0.11393063448908353,
          0.03704840347063674,
          0.11502667962484975,
          0.32504718619700923,
          0.08847311173118166,
          0.30755168303852387
        ],
        [
          0.210675803106436,
          0.23264307352172367,
          0.01168146252241945,
          0.25024286674994517,
          0.12775040139673408,
          0.02013948822537565,
          0.14686690447736594
        ],
        [
          0.14288087591055804,
          0.19604041352096174,
          0.054303399965244574,
          0.197402444441916,
          0.2465139877328372,
          0.013933390782706452,
          0.148925487645776
        ],
        [
          0.08528919630687382,
          0.14107488751054653,
          0.1469952545192883,
          0.17047027855551206,
          0.1478397635841034,
          0.1838449877317463,
          0.12448563179192962
        ],
        [
          0.20915763480290286,
          0.07806761255517489,
          0.10172652163141976,
          0.32704629235812316,
          0.15446102594472472,
          0.1229678814428116,
          0.0065730312648429445
        ],
        [
          0.22719106617273313,
          0.20050641055455953,
          0.21627284035253505,
          0.01562114390073621,
          0.01446620800463716,
          0.20227303058093365,
          0.12366930043386525
        ],
        [
          0.18161995040051973,
          0.1680560544581142,
          0.08316254025608029,
          0.22539051390774567,
          0.09693239104412953,
          0.15538757106119366,
          0.08945097887221701
        ],
        [
          0.10424861236382928,
          0.14042452714824621,
          0.19739459155344447,
          0.20303425707670797,
          0.19039894512423525,
          0.08751057714353415,
          0.0769884895900027
        ]
      ],
      "timestamps": [
        0,
        1,
        2,
        3,
        4,
        5,
        6,
        7,
        8,
        9,
        10,
        11,
        12,
        13,
        14,
        15,
        16,
        17,
        18,
        19,
        20,
        21,
        22,
        23,
        24,
        25,
        26,
        27,
        28,
        29,
        30,
        31,
        32,
        33,
        34,
        35,
        36,
        37,
        38,
        39,
        40,
        41,
        42,
        43,
        44,
        45,
        46,
        47,
        48,
        49,
        50,
        51,
        52,
        53,
        54,
        55,
        56,
        57,
        58,
        59,
        60,
        61,
        62,
        63,
        64,
        65,
        66,
        67,
        68,
        69,
        70,
        71,
        72,
        73,
        74,
        75,
        76,
        77,
        78,
        79,
        80,
        81,
        82,
        83,
        84,
        85,
        86,
        87,
        88,
        89,
        90,
        91,
        92,
        93,
        94,
        95,
        96,
        97,
        98,
        99
      ],
      "distance": 675.2
    }
  ],
  "conversation": [
    "You can feel the layers of stories here.",
    "I wish I had more time to explore.I should be coding, but this walk is worth it.",
    "These houses have such character."
  ],
  "conversation_timestamps": [
    13,
    56,
    57
  ]
}
