{"agent_id": "agent-red-281", "type": "red", "trips": [{"trip_id": 0, "transport_method": "car", "start_time": 0, "path": [[1.5348505, 42.5117698], [1.5351852, 42.5119769], [1.5354564, 42.5122498], [1.5353656, 42.5126126], [1.5350477, 42.5128437], [1.5348611, 42.5125565], [1.5346936, 42.5122003], [1.5345261, 42.511844], [1.5343586, 42.5114878], [1.5340506, 42.5113102], [1.5337978, 42.5110107], [1.5335327, 42.5107225], [1.5332101, 42.5104997], [1.5328674, 42.51031], [1.5325531, 42.5100731], [1.5322339, 42.5098577], [1.531858, 42.5097701], [1.5314877, 42.5096368], [1.5311203, 42.5094956], [1.5307508, 42.5093601], [1.5306103, 42.5092202], [1.5304343, 42.5089427], [1.5300925, 42.5087477], [1.5297259, 42.5086229], [1.529468, 42.5084165], [1.5292641, 42.5081633], [1.5289234, 42.5079661], [1.5286366, 42.5077212], [1.5283802, 42.507488], [1.5280367, 42.5072958], [1.5277047, 42.5071059], [1.5274531, 42.506805], [1.5270965, 42.5066465], [1.5267054, 42.5066115], [1.5263123, 42.5065936], [1.5259243, 42.5065306], [1.5255482, 42.5064171], [1.5252107, 42.5063178], [1.5248678, 42.506247], [1.5245728, 42.5059871], [1.5243274, 42.5056804], [1.5240385, 42.5054337], [1.5236813, 42.5052815], [1.5233153, 42.5051414], [1.5229623, 42.5049896], [1.5225728, 42.5049324], [1.5221869, 42.504856], [1.5218741, 42.504633], [1.5218278, 42.504501], [1.52207, 42.5047109], [1.5218866, 42.504677], [1.5215725, 42.5044397], [1.5215174, 42.5041151], [1.5214392, 42.5037327], [1.5212364, 42.5033966], [1.5209236, 42.5031715], [1.520594, 42.5029576], [1.5202774, 42.5027404], [1.5200614, 42.5024113], [1.5199195, 42.5020481], [1.5198592, 42.5016723], [1.5197641, 42.5013297], [1.5194338, 42.5011228], [1.5190636, 42.5009895], [1.5186749, 42.5009666], [1.5182816, 42.5009836], [1.5178884, 42.5010006], [1.5177762, 42.500653], [1.5178086, 42.5002607], [1.5180337, 42.4999528], [1.5182999, 42.4996629], [1.5185662, 42.499373], [1.5188325, 42.4990831], [1.5190987, 42.4987932], [1.5188328, 42.4987804], [1.5184635, 42.4989148], [1.5181494, 42.499145], [1.5179149, 42.4994601], [1.517751, 42.499817], [1.5178143, 42.5001916]], "mood_vectors": [[0.6686, 0.0849, 0.0437, 0.0564, 0.0213, 0.0609, 0.0643], [0.7196, 0.0295, 0.0492, 0.0467, 0.0165, 0.0694, 0.0692], [0.6586, 0.0835, 0.0553, 0.0776, 0.0134, 0.0755, 0.0361], [0.6426, 0.0253, 0.0944, 0.0156, 0.0863, 0.0963, 0.0395], [0.7069, 0.0804, 0.0659, 0.0248, 0.03, 0.0651, 0.0269], [0.6902, 0.0404, 0.0634, 0.042, 0.0518, 0.0404, 0.0718], [0.659, 0.0638, 0.0272, 0.0195, 0.051, 0.0819, 0.0976], [0.7897, 0.0381, 0.0134, 0.0435, 0.0574, 0.0121, 0.0458], [0.7192, 0.0456, 0.057, 0.0718, 0.0478, 0.0218, 0.0369], [0.7867, 0.0235, 0.0136, 0.0373, 0.0396, 0.0666, 0.0327], [0.6963, 0.0318, 0.0554, 0.0662, 0.0579, 0.0732, 0.0193], [0.6717, 0.07, 0.0301, 0.0814, 0.0601, 0.0646, 0.022], [0.7425, 0.0644, 0.0149, 0.0601, 0.0188, 0.0217, 0.0776], [0.6874, 0.018, 0.0731, 0.0162, 0.0494, 0.0769, 0.079], [0.6356, 0.037, 0.0742, 0.0499, 0.0861, 0.0531, 0.064], [0.6841, 0.0438, 0.0405, 0.0517, 0.0475, 0.0546, 0.0778], [0.6312, 0.0827, 0.0816, 0.0301, 0.0806, 0.0314, 0.0624], [0.6422, 0.0388, 0.0696, 0.0478, 0.0518, 0.0549, 0.095], [0.7103, 0.0729, 0.0643, 0.0134, 0.0546, 0.0431, 0.0414], [0.692, 0.0487, 0.0341, 0.0236, 0.1022, 0.043, 0.0564], [0.6981, 0.057, 0.0633, 0.0291, 0.0578, 0.0461, 0.0487], [0.7376, 0.0446, 0.0306, 0.027, 0.065, 0.0633, 0.0318], [0.6311, 0.0488, 0.0579, 0.073, 0.0636, 0.0564, 0.0692], [0.6629, 0.0887, 0.0359, 0.0472, 0.0826, 0.0507, 0.0322], [0.8045, 0.0222, 0.0343, 0.0289, 0.0398, 0.0559, 0.0143], [0.7022, 0.0381, 0.0362, 0.0689, 0.0253, 0.049, 0.0803], [0.7052, 0.0475, 0.0674, 0.0313, 0.0196, 0.0728, 0.0562], [0.7805, 0.052, 0.0652, 0.0268, 0.0173, 0.0368, 0.0214], [0.7507, 0.0268, 0.0398, 0.0548, 0.0384, 0.0314, 0.058], [0.6925, 0.0624, 0.0698, 0.0614, 0.0574, 0.0234, 0.0331], [0.6718, 0.0291, 0.0306, 0.0689, 0.0712, 0.0683, 0.0602], [0.6161, 0.0836, 0.0692, 0.0237, 0.0971, 0.0647, 0.0456], [0.7441, 0.0426, 0.0261, 0.0933, 0.0285, 0.0165, 0.049], [0.6959, 0.0202, 0.0574, 0.0512, 0.0656, 0.0463, 0.0634], [0.7221, 0.05, 0.0371, 0.0773, 0.0747, 0.0188, 0.0199], [0.7195, 0.0353, 0.0333, 0.0363, 0.0398, 0.0591, 0.0766], [0.6647, 0.0556, 0.0179, 0.0697, 0.0593, 0.0698, 0.063], [0.7028, 0.0618, 0.0359, 0.0254, 0.0607, 0.0459, 0.0676], [0.7332, 0.0332, 0.0502, 0.0224, 0.0735, 0.0334, 0.0541], [0.6993, 0.0755, 0.0314, 0.0538, 0.0528, 0.0708, 0.0165], [0.7419, 0.0885, 0.039, 0.0233, 0.0498, 0.0234, 0.034], [0.7861, 0.016, 0.0432, 0.0205, 0.0276, 0.0763, 0.0302], [0.7467, 0.0638, 0.0545, 0.035, 0.0606, 0.015, 0.0243], [0.6894, 0.0422, 0.0514, 0.0633, 0.0627, 0.072, 0.0189], [0.6154, 0.0801, 0.084, 0.0675, 0.0341, 0.0726, 0.0462], [0.704, 0.068, 0.0138, 0.0687, 0.0669, 0.0279, 0.0508], [0.6669, 0.0844, 0.0168, 0.0372, 0.0866, 0.0227, 0.0854], [0.6671, 0.073, 0.0772, 0.0539, 0.0132, 0.0551, 0.0606], [0.6681, 0.0288, 0.0658, 0.0497, 0.0837, 0.0891, 0.0147], [0.7181, 0.0127, 0.0554, 0.034, 0.0546, 0.0595, 0.0657], [0.782, 0.0214, 0.0241, 0.0463, 0.0572, 0.0334, 0.0356], [0.695, 0.0194, 0.0666, 0.0614, 0.0446, 0.0475, 0.0656], [0.6035, 0.0785, 0.0673, 0.0866, 0.0781, 0.0383, 0.0477], [0.6837, 0.0358, 0.0513, 0.0586, 0.0566, 0.0556, 0.0584], [0.725, 0.046, 0.0783, 0.0502, 0.0622, 0.0232, 0.0151], [0.6616, 0.0833, 0.0805, 0.0183, 0.0375, 0.0708, 0.048], [0.5882, 0.0827, 0.0393, 0.0742, 0.0613, 0.0696, 0.0846], [0.6914, 0.0779, 0.0515, 0.0675, 0.0259, 0.055, 0.0309], [0.7439, 0.0234, 0.0423, 0.043, 0.056, 0.0218, 0.0697], [0.6335, 0.0668, 0.0684, 0.0636, 0.0776, 0.0735, 0.0166], [0.7015, 0.0749, 0.0735, 0.0161, 0.0457, 0.0137, 0.0746], [0.6348, 0.0889, 0.0591, 0.0607, 0.0705, 0.0668, 0.0192], [0.7441, 0.0418, 0.0538, 0.0235, 0.0463, 0.0667, 0.0238], [0.6735, 0.023, 0.0563, 0.075, 0.0522, 0.0796, 0.0405], [0.7105, 0.0279, 0.0626, 0.0216, 0.0602, 0.0663, 0.0509], [0.7028, 0.0306, 0.0172, 0.0848, 0.0717, 0.0505, 0.0423], [0.7675, 0.0182, 0.0391, 0.0467, 0.0267, 0.0266, 0.0751], [0.7225, 0.0536, 0.037, 0.0415, 0.0548, 0.0616, 0.0291], [0.7274, 0.0838, 0.0245, 0.085, 0.0381, 0.0271, 0.0141], [0.648, 0.0227, 0.0752, 0.0754, 0.0556, 0.0891, 0.034], [0.6993, 0.0913, 0.0163, 0.0227, 0.102, 0.0289, 0.0395], [0.6237, 0.0659, 0.0307, 0.0543, 0.0844, 0.07, 0.071], [0.6832, 0.0446, 0.0607, 0.0333, 0.037, 0.0597, 0.0815], [0.6807, 0.0445, 0.0719, 0.0352, 0.0722, 0.0302, 0.0652], [0.6338, 0.0733, 0.024, 0.0543, 0.026, 0.0963, 0.0924], [0.6737, 0.0821, 0.0454, 0.0914, 0.0465, 0.0407, 0.0203], [0.7376, 0.0152, 0.0631, 0.0207, 0.0524, 0.0709, 0.04], [0.7112, 0.0511, 0.0709, 0.033, 0.0328, 0.0639, 0.037], [0.626, 0.0305, 0.0796, 0.0613, 0.0806, 0.0614, 0.0606], [0.695, 0.0568, 0.0571, 0.0192, 0.0774, 0.0174, 0.0771]], "emotions": ["red", "red", "red", "red", "red", "red", "red", "red", "red", "red", "red", "red", "red", "red", "red", "red", "red", "red", "red", "red", "red", "red", "red", "red", "red", "red", "red", "red", "red", "red", "red", "red", "red", "red", "red", "red", "red", "red", "red", "red", "red", "red", "red", "red", "red", "red", "red", "red", "red", "red", "red", "red", "red", "red", "red", "red", "red", "red", "red", "red", "red", "red", "red", "red", "red", "red", "red", "red", "red", "red", "red", "red", "red", "red", "red", "red", "red", "red", "red", "red"], "timestamps": [0, 40, 80, 120, 160, 200, 240, 280, 320, 360, 400, 440, 480, 520, 560, 600, 640, 680, 720, 760, 800, 840, 880, 920, 960, 1000, 1040, 1080, 1120, 1160, 1200, 1240, 1280, 1320, 1360, 1400, 1440, 1480, 1520, 1560, 1600, 1640, 1680, 1720, 1760, 1800, 1840, 1880, 1920, 1960, 2000, 2040, 2080, 2120, 2160, 2200, 2240, 2280, 2320, 2360, 2400, 2440, 2480, 2520, 2560, 2600, 2640, 2680, 2720, 2760, 2800, 2840, 2880, 2920, 2960, 3000, 3040, 3080, 3120, 3160]}], "conversation": [], "conversation_timestamps": []}