{
  "agent_id": "agent-type-purple-59",
  "type": "purple",
  "trips": [
    {
      "trip_id": 0,
      "transport_method": "bicycle",
      "start_time": 0,
      "path": [
        [
          1.5250480000000002,
          42.507359400000006
        ],
        [
          1.5255899210915047,
          42.50761547842456
        ],
        [
          1.526120230863292,
          42.507895114822055
        ],
        [
          1.526507403534154,
          42.507674657666485
        ],
        [
          1.5266218204197173,
          42.50722856099382
        ],
        [
          1.5260244836544918,
          42.507177436070705
        ],
        [
          1.5254271468892666,
          42.50712631114759
        ],
        [
          1.5250866802945182,
          42.507210266077585
        ],
        [
          1.5247852471295666,
          42.506891888972085
        ],
        [
          1.5245182691771975,
          42.50662113378295
        ],
        [
          1.524028122939085,
          42.50679819582049
        ],
        [
          1.5234445470707432,
          42.50666084972647
        ],
        [
          1.5229238396389484,
          42.5064631503352
        ],
        [
          1.5223411198483865,
          42.50634409547144
        ],
        [
          1.5217814168217048,
          42.50632239384711
        ],
        [
          1.5219532951129304,
          42.50673752551862
        ],
        [
          1.522368337447678,
          42.50717015102553
        ],
        [
          1.5222373515327654,
          42.50755582612276
        ],
        [
          1.521668081396902,
          42.507419890902206
        ],
        [
          1.5212525495168057,
          42.5069877387859
        ],
        [
          1.5208508288569207,
          42.50667883106212
        ],
        [
          1.520831759188122,
          42.50694036727632
        ],
        [
          1.5203061880088236,
          42.50721471164784
        ],
        [
          1.5197445031906751,
          42.50701821036965
        ],
        [
          1.51929595876247,
          42.506690567931734
        ],
        [
          1.5194497649151022,
          42.50629818232338
        ],
        [
          1.5198758609973089,
          42.506151803748246
        ],
        [
          1.5203934543088056,
          42.50620906901575
        ],
        [
          1.519797764456048,
          42.506155395289895
        ],
        [
          1.5192221986636676,
          42.50629717275417
        ],
        [
          1.5186892014145121,
          42.50623551198541
        ],
        [
          1.5183758831903962,
          42.505730775453124
        ],
        [
          1.518753444102656,
          42.50548697512802
        ],
        [
          1.519337504869434,
          42.50560289479728
        ],
        [
          1.5199215776572592,
          42.505738112944634
        ],
        [
          1.5205056504450842,
          42.505873331092
        ],
        [
          1.521053721045073,
          42.505998869976096
        ],
        [
          1.5216240809900494,
          42.50616066962872
        ],
        [
          1.5218596137220568,
          42.505637047343264
        ],
        [
          1.5220122652091503,
          42.50505729070508
        ],
        [
          1.5218166927670027,
          42.504923654264395
        ],
        [
          1.5212741296174581,
          42.5048908907119
        ],
        [
          1.5211648580413317,
          42.50521406178298
        ],
        [
          1.5210148008111424,
          42.50480346854609
        ],
        [
          1.5204836511769724,
          42.50452543071598
        ],
        [
          1.520667250446641,
          42.504903404875066
        ],
        [
          1.5205278830941416,
          42.50492450298909
        ],
        [
          1.5203335230139194,
          42.50441668723331
        ],
        [
          1.520117703813681,
          42.50429697562216
        ],
        [
          1.5206680338640473,
          42.50453479971339
        ],
        [
          1.5207299048216654,
          42.504511056010735
        ],
        [
          1.5206392,
          42.504464399999996
        ]
      ],
      "emotions": [
        "purple",
        "purple",
        "purple",
        "purple",
        "purple",
        "green",
        "green",
        "green",
        "green",
        "green",
        "green",
        "green",
        "green",
        "green",
        "green",
        "green",
        "green",
        "green",
        "green",
        "green",
        "green",
        "green",
        "green",
        "green",
        "green",
        "purple",
        "purple",
        "purple",
        "purple",
        "purple",
        "purple",
        "purple",
        "purple",
        "purple",
        "purple",
        "purple",
        "purple",
        "purple",
        "purple",
        "purple",
        "purple",
        "purple",
        "purple",
        "purple",
        "purple",
        "purple",
        "purple",
        "purple",
        "purple",
        "purple",
        "purple",
        "purple"
      ],
      "mood_vectors": [
        [
          0.19488012629494456,
          0.13178595793302775,
          0.017587458946713076,
          0.12957836471570194,
          0.23132376759867446,
          4.8095759923756374e-05,
          0.29479622875101447
        ],
        [
          0.0319567897286058,
          0.2601265413672332,
          0.37320780841037016,
          0.08668419729655508,
          0.12711045008463848,
          0.09365164369974177,
          0.027262569412855413
        ],
        [
          0.1334323980517842,
          0.11668751315252315,
          0.01574535112729185,
          0.23859474760618665,
          0.0004965985391734411,
          0.25072517888463985,
          0.2443182126384009
        ],
        [
          0.0347471991923338,
          0.12003044472235691,
          0.26219954172751253,
          0.1633990783049419,
          0.26499729598602695,
          0.13575785942141497,
          0.018868580645412875
        ],
        [
          0.11845422203027076,
          0.03446958182147986,
          0.24109343750622353,
          0.10363790240661264,
          0.22074388678660484,
          0.012583317191640377,
          0.26901765225716806
        ],
        [
          0.18863901599071617,
          0.2225075840118083,
          0.058518700740547616,
          0.18719376884178054,
          0.028559483560053937,
          0.25868591572618094,
          0.05589553112891247
        ],
        [
          0.21283034768121162,
          0.2435381265257735,
          0.07990439925993668,
          0.202628943994425,
          0.009673079958948278,
          0.20334767323171285,
          0.048077429347992
        ],
        [
          0.1897014748299405,
          0.036123846991835025,
          0.2317104782112908,
          0.012244240309568145,
          0.2242698047514815,
          0.024804482366293096,
          0.28114567253959094
        ],
        [
          0.284292130237432,
          0.04471403945789351,
          0.19033272557165717,
          0.20741841478891998,
          0.03488957332030646,
          0.11609800859480483,
          0.122255108028986
        ],
        [
          0.09850540574903231,
          0.14325622309986213,
          0.21208683858390107,
          0.14173548691875812,
          0.18728065030458343,
          0.15533959140737386,
          0.06179580393648904
        ],
        [
          0.2053198869706626,
          0.21092248467246888,
          0.16248256364366426,
          0.10716945446740521,
          0.05264097511977516,
          0.17184190936065927,
          0.08962272576536455
        ],
        [
          0.0035784476672827865,
          0.14546175370126896,
          0.2376329657411895,
          0.27605606653605863,
          0.2183037433220148,
          0.03346055916628055,
          0.08550646386590478
        ],
        [
          8.640544194369363e-05,
          0.09778620513646699,
          0.024937680016770082,
          0.20153933381744163,
          0.16849217669385838,
          0.15863927968253877,
          0.3485189192109804
        ],
        [
          0.010804730037577483,
          0.2610671659256674,
          0.16873639258895162,
          0.18482121354826256,
          0.04327369026278628,
          0.2961620153085668,
          0.03513479232818791
        ],
        [
          0.2108466329847343,
          0.2589139331057518,
          0.02228985030259633,
          0.2342070453446844,
          0.010621953808219793,
          0.22404679058245408,
          0.039073793871559306
        ],
        [
          0.2023272199836722,
          0.17058109281701256,
          0.03806563355901439,
          0.15878315253251266,
          0.15057292208576487,
          0.11914359260408523,
          0.16052638641793812
        ],
        [
          0.0209281845935942,
          0.18727192419826236,
          0.20314352647075287,
          0.1097735683057795,
          0.11868540929692356,
          0.21370982059425644,
          0.1464875665404311
        ],
        [
          0.059363419119667776,
          0.11809377947936406,
          0.16716787568773625,
          0.24330803467725484,
          0.22170867166431968,
          0.02863687721412647,
          0.16172134215753092
        ],
        [
          0.09742985917687447,
          0.16563415121944502,
          0.19010984314697735,
          0.20301199627332076,
          0.03289598905396064,
          0.052592666926137836,
          0.2583254942032839
        ],
        [
          0.3748907321097956,
          0.2198196660884592,
          0.05654818237450689,
          0.11026342551563895,
          0.01081622125136429,
          0.03514471250425176,
          0.19251706015598324
        ],
        [
          0.15484618493617677,
          0.06809658485029352,
          0.19643449492480944,
          0.15845738379018218,
          0.1322622143401287,
          0.08568024947819458,
          0.20422288768021474
        ],
        [
          0.08549027541037112,
          0.026509203077436014,
          0.21026531209664368,
          0.0008010417355538091,
          0.24005478667364935,
          0.19953609233583133,
          0.23734328867051477
        ],
        [
          0.04932733272850562,
          0.0007438727345509846,
          0.2132621049475447,
          0.27525308431748197,
          0.3253621053204695,
          0.06947928300759859,
          0.06657221694384872
        ],
        [
          0.28972016011909646,
          0.017447628661154627,
          0.27576827582883406,
          0.0530110870360194,
          0.04203003668929177,
          0.17221764510018114,
          0.14980516656542256
        ],
        [
          0.15682798949187585,
          0.2326365578052634,
          0.0025136545850380264,
          0.2120924863462313,
          0.025524168391350317,
          0.29323052823394957,
          0.07717461514629165
        ],
        [
          0.14193654930967417,
          0.16040043928098535,
          0.050968047812828494,
          0.17434367302490078,
          0.0069494426156059596,
          0.18232470988223276,
          0.28307713807377244
        ],
        [
          0.07940148134981818,
          0.21229734316803744,
          0.013620523827288665,
          0.08159619660926591,
          0.21152541246614212,
          0.25771686635943153,
          0.1438421762200161
        ],
        [
          0.1338533317504385,
          0.19206269378564336,
          0.09689348220705339,
          0.06798889855101903,
          0.13504821177709672,
          0.25105719030464424,
          0.12309619162410476
        ],
        [
          0.25127191790496267,
          0.005079633979672629,
          0.006216280098678133,
          0.13649004106402085,
          0.25311325016345604,
          0.1366824929197855,
          0.21114638386942416
        ],
        [
          0.3143516242756968,
          0.1583676743968522,
          0.027933772167821166,
          0.24054598161838475,
          0.20770302473240437,
          0.016825693954783817,
          0.034272228854056945
        ],
        [
          0.04165410548291647,
          0.06814258944739342,
          0.11195506656378691,
          0.21458112080984176,
          0.20723949770424135,
          0.1455005688281694,
          0.21092705116365068
        ],
        [
          0.007803188476444221,
          0.025479490051185053,
          0.15142082372973872,
          0.18355299136478231,
          0.22747366761316434,
          0.1734126874650327,
          0.2308571512996527
        ],
        [
          0.018092210676848502,
          0.2367722232179327,
          0.08598740763275985,
          0.23050649715331598,
          0.013486998717109037,
          0.25392145973331937,
          0.1612332028687145
        ],
        [
          0.14575509849446802,
          0.13102780283335086,
          0.293281369676578,
          0.09922226205534544,
          0.023862914253177145,
          0.21694993466239793,
          0.08990061802468262
        ],
        [
          0.10977519386867102,
          0.23991753273860011,
          0.04231802134660428,
          0.06121212463715066,
          0.24349203429278157,
          0.1332791453470655,
          0.17000594776912678
        ],
        [
          0.05965330077319686,
          0.3438974550044636,
          0.02092082905810313,
          0.041926753217224305,
          0.26882443302571685,
          0.1795363553716357,
          0.08524087354965951
        ],
        [
          0.014889650524745472,
          0.19313104324901392,
          0.17106483730547234,
          0.1484710182800231,
          0.14881116762551416,
          0.3129169417792388,
          0.010715341235992278
        ],
        [
          0.0021340275771940275,
          0.19663003955548095,
          0.18580645941002716,
          0.21843332881875033,
          0.17911391404280086,
          0.20273452472142806,
          0.015147705874318679
        ],
        [
          0.1267939216204228,
          0.31762613882596297,
          0.22675336968216514,
          0.20167836662755986,
          0.07487795894425837,
          0.03264773198857975,
          0.01962251231105105
        ],
        [
          0.24585084336856114,
          0.04881508343651615,
          0.22561383990369338,
          0.1562448919466264,
          0.2457822003281144,
          0.0014311107074304692,
          0.07626203030905804
        ],
        [
          0.24349610364877353,
          0.19518904963855838,
          0.014027308296382794,
          0.19310547034825834,
          0.24748739609053683,
          0.05044141161452437,
          0.05625326036296579
        ],
        [
          0.15230931739569764,
          0.0711995876041485,
          0.05834330102439665,
          0.20595098009423335,
          0.16387169613014427,
          0.137529605505548,
          0.21079551224583157
        ],
        [
          0.19406373110890338,
          0.1714042282937333,
          0.05143879800190027,
          0.17402459945046225,
          0.3844486166382087,
          0.006833448430069086,
          0.01778657807672295
        ],
        [
          0.09766317064261722,
          0.047877079604862725,
          0.061775833293357826,
          0.31392789010467675,
          0.10749853610686809,
          0.021815444609034496,
          0.349442045638583
        ],
        [
          0.22530135883655122,
          0.009664985072014989,
          0.1597314315625844,
          0.05055963846324828,
          0.2706732846783242,
          0.058548170987928555,
          0.2255211303993484
        ],
        [
          0.017675270992240245,
          0.04323343963712229,
          0.25202086271940893,
          0.2905627272146113,
          0.0758965692277547,
          0.17495488774902088,
          0.14565624245984163
        ],
        [
          0.03210020976367061,
          0.3242782245156095,
          0.019850309691261014,
          0.16575094506078836,
          0.22704867102490311,
          0.08587003900251805,
          0.14510160094124933
        ],
        [
          0.021895518064515646,
          0.3154313645029269,
          0.15515101242128454,
          0.09923614452656145,
          0.18014899347371377,
          0.15996718666798262,
          0.06816978034301502
        ],
        [
          0.11214429918896453,
          0.14480717536281162,
          0.28061117550165315,
          0.20903597609865632,
          0.08678930065015135,
          0.14665408709129568,
          0.019957986106467367
        ],
        [
          0.1876735904347765,
          0.19205619603357302,
          0.15566155202900345,
          0.17588290808130225,
          0.11227102892137913,
          0.01699343207849843,
          0.15946129242146712
        ],
        [
          0.03455776628386852,
          0.09083252612072683,
          0.20538324898128893,
          0.13529771406587793,
          0.1579832939598328,
          0.09884084977412534,
          0.2771046008142796
        ],
        [
          0.13473227375403343,
          0.16586973413126146,
          0.2757520288889813,
          0.1834442908817165,
          0.04174015521616022,
          0.05941510443901566,
          0.1390464126888315
        ]
      ],
      "timestamps": [
        0,
        1,
        2,
        3,
        4,
        5,
        6,
        7,
        8,
        9,
        10,
        11,
        12,
        13,
        14,
        15,
        16,
        17,
        18,
        19,
        20,
        21,
        22,
        23,
        24,
        25,
        26,
        27,
        28,
        29,
        30,
        31,
        32,
        33,
        34,
        35,
        36,
        37,
        38,
        39,
        40,
        41,
        42,
        43,
        44,
        45,
        46,
        47,
        48,
        49,
        50,
        51
      ],
      "distance": 628.8
    },
    {
      "trip_id": 1,
      "transport_method": "car",
      "start_time": 52,
      "path": [
        [
          1.5205266999999998,
          42.504473999999995
        ],
        [
          1.5201662401770368,
          42.50431792547023
        ],
        [
          1.5201053556805086,
          42.50429289479989
        ],
        [
          1.5204506129771609,
          42.504480214519454
        ],
        [
          1.5201355297261863,
          42.504309265760995
        ],
        [
          1.5201347218637808,
          42.504304321157335
        ],
        [
          1.520294241496391,
          42.504373289497195
        ],
        [
          1.5199594720882803,
          42.50423889500453
        ],
        [
          1.5198744738802092,
          42.50462175218674
        ],
        [
          1.5196109505064261,
          42.504569067402976
        ],
        [
          1.5192313223012321,
          42.50446820262195
        ],
        [
          1.5188744416312578,
          42.50441606304339
        ],
        [
          1.5187328640055924,
          42.50463451590315
        ],
        [
          1.5185673300601892,
          42.50498989507806
        ],
        [
          1.518288934052155,
          42.505255889711535
        ],
        [
          1.5179359861831105,
          42.50542528331097
        ],
        [
          1.5175916679676529,
          42.50542483818728
        ],
        [
          1.5173015376759873,
          42.50527985808327
        ],
        [
          1.517147178031759,
          42.50500553425776
        ],
        [
          1.517095620678898,
          42.50461613328499
        ],
        [
          1.517044063326037,
          42.50422673231221
        ],
        [
          1.5171906280569567,
          42.504015437634024
        ],
        [
          1.5175833239053567,
          42.50402444487726
        ],
        [
          1.5179046000000003,
          42.5040989
        ]
      ],
      "emotions": [
        "purple",
        "purple",
        "purple",
        "purple",
        "purple",
        "purple",
        "purple",
        "purple",
        "purple",
        "purple",
        "purple",
        "purple",
        "purple",
        "red",
        "red",
        "red",
        "red",
        "red",
        "purple",
        "purple",
        "purple",
        "purple",
        "purple",
        "red"
      ],
      "mood_vectors": [
        [
          2.781528280555626e-05,
          0.20932144937304561,
          0.15578456369035867,
          0.2458098363744377,
          0.039934086043704964,
          0.29889397321848893,
          0.05022827601715862
        ],
        [
          0.09613223155605678,
          0.13307249844657132,
          0.32069894185607967,
          0.1259099910775253,
          0.02014163725207479,
          0.24610650822913094,
          0.057938191582561124
        ],
        [
          0.02920166081835976,
          0.032788847551282994,
          0.1282288169919031,
          0.2096250084099903,
          0.18831962649095324,
          0.1821014541398369,
          0.22973458559767373
        ],
        [
          0.08633351968431532,
          0.25401410059189694,
          0.023538820743793806,
          0.2484613341470448,
          0.09325414589889433,
          0.12393472388957066,
          0.17046335504448412
        ],
        [
          0.0859110624238415,
          0.2674742234537795,
          0.008979673715670948,
          0.24659913020538946,
          0.010774257262169702,
          0.282413827258715,
          0.09784782568043392
        ],
        [
          0.16772959659404427,
          0.1920603508739245,
          0.11715671077832933,
          0.13394134116438403,
          0.12426612940007178,
          0.12518711135068844,
          0.13965875983855772
        ],
        [
          0.00870434719896357,
          0.18134843578307167,
          0.15908806391598818,
          0.1420656784016182,
          0.021351762818972476,
          0.2594646258558824,
          0.22797708602550348
        ],
        [
          0.18577657639198172,
          0.12940046195352567,
          0.13458905918930386,
          0.22814051808105373,
          0.1493428640054856,
          0.05782768399820525,
          0.11492283638044415
        ],
        [
          0.005126093425606573,
          0.21691035396779837,
          0.21287565682341458,
          0.11746974875132653,
          0.19517610425192772,
          0.109148507627411,
          0.1432935351525151
        ],
        [
          0.1990223527173755,
          0.17270780582436368,
          0.12376442797604376,
          0.1954518943375262,
          0.15752615437117082,
          0.014702867835954302,
          0.13682449693756574
        ],
        [
          0.16746637956202973,
          0.24923476491915184,
          0.2597222758285821,
          0.022266596997247555,
          0.08201858605132124,
          0.03276720036724085,
          0.18652419627442676
        ],
        [
          0.04550111768189365,
          0.31264425244233074,
          0.0649430194419197,
          0.12761907263809444,
          0.2218230440799899,
          0.12964205221411298,
          0.09782744150165862
        ],
        [
          0.00850391900877127,
          0.10339860022192247,
          0.10966210202960783,
          0.10479219780642865,
          0.34290314735255045,
          0.2785903485862527,
          0.052149684994466636
        ],
        [
          0.17406471384949018,
          0.0422331256550638,
          0.13901819347380462,
          0.2630690032864823,
          0.07406840214892921,
          0.2656856908949254,
          0.04186087069130456
        ],
        [
          0.17936378014496238,
          0.030067316572837267,
          0.18256752809208768,
          0.14565538516430535,
          0.13728090761624223,
          0.15240415761966652,
          0.17266092478989867
        ],
        [
          0.18265422230962972,
          0.05702931591751021,
          0.07292062021544128,
          0.08240081843658682,
          0.2653704131432629,
          0.04571192191691144,
          0.29391268806065773
        ],
        [
          0.03181762488031657,
          0.25999077309513513,
          0.09632603799432285,
          0.2007441285968165,
          0.2679388206008958,
          0.00792942423770094,
          0.13525319059481222
        ],
        [
          0.1276426988619739,
          0.1350843668575964,
          0.13373912716883252,
          0.1627598454979779,
          0.17808146227610336,
          0.11296527713233598,
          0.14972722220517998
        ],
        [
          0.20636153839993104,
          0.07715889939940083,
          0.118866787598877,
          0.1879946388983989,
          0.12210271320965323,
          0.11391630045488783,
          0.1735991220388512
        ],
        [
          0.12235703570861284,
          0.18931644882006676,
          0.08295837165560896,
          0.2401212198227916,
          0.16874735757866227,
          0.12485174002842238,
          0.07164782638583526
        ],
        [
          0.20016138803361663,
          0.0061562111451210965,
          0.15697964393986286,
          0.03185965051194121,
          0.3819703634169916,
          0.1759293958925485,
          0.0469433470599181
        ],
        [
          0.08782862561333447,
          0.12275080339870775,
          0.29609845624681974,
          0.24425420015058408,
          0.09172755770658712,
          0.030336661456004513,
          0.12700369542796236
        ],
        [
          0.31464046849784705,
          0.02715238453186149,
          0.11873319320089351,
          0.009071528145814361,
          0.2098610280436837,
          0.006297802976816202,
          0.3142435946030837
        ],
        [
          0.023963880131342017,
          0.24365437586653785,
          0.11878911271752586,
          0.25578709475614825,
          0.0823134160494292,
          0.21687169645683968,
          0.058620424022177146
        ]
      ],
      "timestamps": [
        52,
        53,
        54,
        55,
        56,
        57,
        58,
        59,
        60,
        61,
        62,
        63,
        64,
        65,
        66,
        67,
        68,
        69,
        70,
        71,
        72,
        73,
        74,
        75
      ],
      "distance": 215.6
    },
    {
      "trip_id": 2,
      "transport_method": "bicycle",
      "start_time": 76,
      "path": [
        [
          1.5188502,
          42.50436160000001
        ],
        [
          1.519309022750728,
          42.50448884713339
        ],
        [
          1.5198193862449279,
          42.50457242823884
        ],
        [
          1.5200259640285925,
          42.504342751646284
        ],
        [
          1.5202192587418517,
          42.50434080997993
        ],
        [
          1.5202094064063234,
          42.50434934763367
        ],
        [
          1.5202219282675586,
          42.50435614138302
        ],
        [
          1.5202061790259536,
          42.50433516435587
        ],
        [
          1.5207284336281044,
          42.50456082705133
        ],
        [
          1.5207952033742278,
          42.50458951578172
        ],
        [
          1.5211481296147529,
          42.50469788596136
        ],
        [
          1.5213446589322008,
          42.50479536725468
        ],
        [
          1.5218712743666682,
          42.504874985520935
        ],
        [
          1.5218993118693547,
          42.50449831700119
        ],
        [
          1.521811983925293,
          42.504480544089105
        ],
        [
          1.5223745841387482,
          42.504558253349
        ],
        [
          1.5227630456527366,
          42.50453772268034
        ],
        [
          1.522196279794447,
          42.50448821064207
        ],
        [
          1.5220530860638426,
          42.5044757013962
        ],
        [
          1.522619851922132,
          42.50452521343447
        ],
        [
          1.5225172511178322,
          42.504575776442216
        ],
        [
          1.5221461265287766,
          42.50453496567085
        ],
        [
          1.5227112484580043,
          42.50459960419476
        ],
        [
          1.5232236,
          42.5046023
        ]
      ],
      "emotions": [
        "red",
        "red",
        "red",
        "red",
        "purple",
        "purple",
        "purple",
        "purple",
        "purple",
        "green",
        "green",
        "green",
        "green",
        "green",
        "green",
        "green",
        "green",
        "green",
        "green",
        "red",
        "red",
        "red",
        "red",
        "red"
      ],
      "mood_vectors": [
        [
          0.2272106454595571,
          0.20562774258350547,
          0.15720941078118958,
          0.09100334856034607,
          0.20625278058600655,
          0.0583372822035772,
          0.05435878982581808
        ],
        [
          0.2021627586205729,
          0.2115302740829793,
          0.1837438112043638,
          0.13813268077792304,
          0.050957443413628484,
          0.1285710172384345,
          0.0849020146620979
        ],
        [
          0.21084218472771762,
          0.1758236145547983,
          0.12401278286177334,
          0.19623902873097482,
          0.02145312091001136,
          0.14902031615370162,
          0.12260895206102297
        ],
        [
          0.13775943409194036,
          0.1866366144371122,
          0.04609610053567763,
          0.21963902797416182,
          0.12837187326313,
          0.06697657069353927,
          0.21452037900443868
        ],
        [
          0.0710196325187077,
          0.20380341950048964,
          0.11767741465678541,
          0.04162997531454471,
          0.16146301773895408,
          0.23039519892923085,
          0.17401134134128762
        ],
        [
          0.08078014393118088,
          0.2542012557621059,
          0.05824306140135123,
          0.2027482430984997,
          0.09461205286283425,
          0.25775235097118204,
          0.05166289197284596
        ],
        [
          0.2045013454546773,
          0.07781616609821247,
          0.18607180035324308,
          0.20013400325499955,
          0.0241111135714972,
          0.058771374426156826,
          0.24859419684121353
        ],
        [
          0.02529551264351713,
          0.014049535022682646,
          0.17800541770145725,
          0.28616492790799597,
          0.07416670491729017,
          0.257786027112609,
          0.16453187469444785
        ],
        [
          0.15084404187543146,
          0.180875985626007,
          0.08654015779301845,
          0.013498904717891731,
          0.3515020097416141,
          0.10710885931725546,
          0.10963004092878177
        ],
        [
          0.20778339345742497,
          0.25557049335151966,
          0.12675747766049827,
          0.25828905546062175,
          0.0461656853119189,
          0.03473312733102618,
          0.07070076742699023
        ],
        [
          0.11729520302338492,
          0.13660809555228678,
          0.032097862577335365,
          0.37327135134329925,
          0.08532178185380335,
          0.13100491675144513,
          0.12440078889844519
        ],
        [
          0.08067033079554006,
          0.27243483912684885,
          0.37863275772295424,
          0.0033600634963216734,
          0.014540415884832304,
          0.24851608909620912,
          0.0018455038772938112
        ],
        [
          0.04433144799860846,
          0.1587728783771419,
          0.1829573816532728,
          0.19166793030687174,
          0.1925874508609144,
          0.14603051911299508,
          0.08365239169019571
        ],
        [
          0.060452167726428516,
          0.05178178036960436,
          0.19221376097635848,
          0.2068631925660431,
          0.2143264055560714,
          0.24484966561446855,
          0.02951302719102561
        ],
        [
          0.1356418088621821,
          0.21600679301181996,
          0.17941018726316335,
          0.21866954795351604,
          0.09161219311287294,
          0.0068617580849324525,
          0.15179771171151316
        ],
        [
          0.21121340163372335,
          0.09744304455854488,
          0.015059625280161925,
          0.22033820470405202,
          0.0893515080080783,
          0.1608881789957009,
          0.20570603681973856
        ],
        [
          0.03005342485327529,
          0.24192387310032054,
          0.2483251714184576,
          0.07388008751903195,
          0.06229498398921877,
          0.25028284674887447,
          0.0932396123708214
        ],
        [
          0.06338446583855045,
          0.18736224982644611,
          0.14185949157872949,
          0.16935100610709505,
          0.044541238206508495,
          0.28046153040096566,
          0.11304001804170474
        ],
        [
          0.05144665866852558,
          0.03715787474207951,
          0.00027660677434903296,
          0.2415627500976973,
          0.35993542263093253,
          0.10994128913662377,
          0.19967939794979228
        ],
        [
          0.05658428333772975,
          0.09570093211364956,
          0.1510884763072748,
          0.19001274280763927,
          0.1638165382239827,
          0.14404430567768106,
          0.1987527215320429
        ],
        [
          0.13731775005103727,
          0.14206750832225082,
          0.10706426179566,
          0.09931328101269869,
          0.09168994847681727,
          0.2228770565381078,
          0.19967019380342813
        ],
        [
          0.0006827435732909586,
          0.003454633150726241,
          0.09045702783493012,
          0.24518732137911878,
          0.09167585498251486,
          0.2728614750457984,
          0.2956809440336207
        ],
        [
          0.2024556211723507,
          0.21322732396422986,
          0.02926204059617345,
          0.10271867715568181,
          0.13098742101180033,
          0.13242871238467827,
          0.18892020371508564
        ],
        [
          0.13361505545467883,
          0.008004755877599386,
          0.16611521037497426,
          0.27561264282611087,
          0.18369247028150937,
          0.08816011555013546,
          0.1447997496349918
        ]
      ],
      "timestamps": [
        76,
        77,
        78,
        79,
        80,
        81,
        82,
        83,
        84,
        85,
        86,
        87,
        88,
        89,
        90,
        91,
        92,
        93,
        94,
        95,
        96,
        97,
        98,
        99
      ],
      "distance": 447.3
    }
  ],
  "conversation": [
    "This city is bustling.",
    "What if I just never go back to the office?",
    "My algorithm would not predict this route."
  ],
  "conversation_timestamps": [
    20,
    52,
    58
  ]
}
