{"agent_id": "agent-purple-914", "type": "purple", "trips": [{"trip_id": 0, "transport_method": "bus", "start_time": 0, "path": [[1.5700195, 42.5279578], [1.5705827, 42.5288389], [1.5698175, 42.5291053], [1.5691563, 42.5284996], [1.5687861, 42.5276171], [1.5678161, 42.5270212], [1.5681438, 42.5272168], [1.5691025, 42.5278102], [1.5681673, 42.5271836], [1.5672219, 42.5265493], [1.5662922, 42.5258929], [1.5652636, 42.5254084], [1.564173, 42.5251356], [1.5631392, 42.52469], [1.562234, 42.5240335], [1.561445, 42.5232204], [1.5605119, 42.5225702], [1.5596064, 42.5219367], [1.5586849, 42.52129], [1.5578509, 42.5205153], [1.5570554, 42.5197011], [1.5568011, 42.5193399], [1.5560641, 42.5185325], [1.5566082, 42.5192405], [1.5557403, 42.5185037], [1.5553401, 42.5182236], [1.5550919, 42.5180648], [1.5541904, 42.5185544], [1.5531955, 42.5191078], [1.552162, 42.5195844], [1.5511095, 42.520018], [1.5500437, 42.5204174], [1.5489641, 42.5207779], [1.5478756, 42.5211113], [1.5467805, 42.5214216], [1.5456774, 42.5217031], [1.5445686, 42.5219611], [1.5434579, 42.522211], [1.5423454, 42.5224528], [1.5412272, 42.5226647], [1.5401045, 42.5228539], [1.538981, 42.5230379], [1.5378591, 42.5232312], [1.5367381, 42.5234294], [1.535617, 42.5236277], [1.534501, 42.5238523], [1.5333879, 42.5240909], [1.5322784, 42.5243453], [1.5311769, 42.5246333], [1.5300755, 42.5249213], [1.529, 42.525292], [1.5279351, 42.5256938], [1.5268925, 42.5261511], [1.5258652, 42.5266407], [1.5248584, 42.527172], [1.5238789, 42.5277512], [1.5229301, 42.52838], [1.5220141, 42.5290549], [1.5211741, 42.5298211], [1.5207601, 42.5305897], [1.5198897, 42.5310652], [1.5195704, 42.5321272], [1.519684, 42.5332311], [1.5197156, 42.5342551], [1.5205295, 42.5350511], [1.5212231, 42.5357902], [1.5204281, 42.5365443], [1.5199008, 42.5375468], [1.5195156, 42.5386141], [1.5193433, 42.5397303], [1.5194013, 42.54081], [1.5185743, 42.5414796], [1.5183392, 42.5415976], [1.5189216, 42.5413241], [1.5178926, 42.5418113], [1.5172502, 42.5427333], [1.5165387, 42.543589], [1.5155931, 42.5430827], [1.5152812, 42.5425107], [1.5155143, 42.5415692]], "mood_vectors": [[0.09, 0.0663, 0.0316, 0.0585, 0.0364, 0.6926, 0.0246], [0.0577, 0.0195, 0.04, 0.0852, 0.0689, 0.7061, 0.0226], [0.0142, 0.0457, 0.0279, 0.0702, 0.0657, 0.739, 0.0374], [0.0582, 0.0734, 0.0363, 0.0356, 0.0333, 0.6925, 0.0707], [0.0827, 0.0798, 0.0171, 0.0481, 0.0239, 0.6966, 0.0518], [0.0819, 0.038, 0.0147, 0.0827, 0.0627, 0.6255, 0.0946], [0.0623, 0.0399, 0.0701, 0.0195, 0.0522, 0.7307, 0.0253], [0.0315, 0.0473, 0.015, 0.0458, 0.0388, 0.7621, 0.0595], [0.0438, 0.0809, 0.06, 0.0615, 0.0351, 0.6553, 0.0634], [0.08, 0.0411, 0.0758, 0.0257, 0.1022, 0.6525, 0.0226], [0.0704, 0.0237, 0.0848, 0.0671, 0.028, 0.7016, 0.0244], [0.0503, 0.0728, 0.0211, 0.0206, 0.046, 0.7132, 0.076], [0.0892, 0.0216, 0.0362, 0.0381, 0.0499, 0.749, 0.016], [0.094, 0.0473, 0.0655, 0.0757, 0.0792, 0.5972, 0.0411], [0.0361, 0.0202, 0.0311, 0.0165, 0.0575, 0.7511, 0.0874], [0.0143, 0.0181, 0.0252, 0.0525, 0.0399, 0.7644, 0.0857], [0.0421, 0.0708, 0.0473, 0.0519, 0.0332, 0.6909, 0.0638], [0.0646, 0.052, 0.0563, 0.0485, 0.0522, 0.6594, 0.067], [0.0562, 0.074, 0.0789, 0.0535, 0.0405, 0.6793, 0.0175], [0.0386, 0.0387, 0.0727, 0.0282, 0.0249, 0.7828, 0.014], [0.0123, 0.0827, 0.0535, 0.0607, 0.0385, 0.7384, 0.0139], [0.0135, 0.0673, 0.0275, 0.0856, 0.0199, 0.7513, 0.035], [0.0636, 0.014, 0.0536, 0.0742, 0.0265, 0.7471, 0.0209], [0.0931, 0.0902, 0.0529, 0.0327, 0.044, 0.649, 0.038], [0.0169, 0.0676, 0.0594, 0.0739, 0.0802, 0.6238, 0.0783], [0.0184, 0.0724, 0.0692, 0.0277, 0.0374, 0.7041, 0.0709], [0.0681, 0.077, 0.029, 0.0564, 0.0876, 0.5985, 0.0834], [0.0895, 0.0537, 0.0461, 0.073, 0.0526, 0.6113, 0.0737], [0.0902, 0.0213, 0.0448, 0.0855, 0.0661, 0.6432, 0.049], [0.0131, 0.0146, 0.0145, 0.0606, 0.0329, 0.8156, 0.0487], [0.0427, 0.0685, 0.0576, 0.0128, 0.0202, 0.7287, 0.0695], [0.0609, 0.0306, 0.077, 0.017, 0.0297, 0.7426, 0.0423], [0.0761, 0.0453, 0.0688, 0.027, 0.0405, 0.6798, 0.0625], [0.0918, 0.0416, 0.018, 0.0495, 0.0685, 0.7083, 0.0224], [0.0248, 0.0521, 0.0662, 0.0763, 0.0218, 0.7123, 0.0465], [0.0684, 0.0413, 0.0828, 0.039, 0.0845, 0.6314, 0.0525], [0.017, 0.0692, 0.0611, 0.0463, 0.0208, 0.7578, 0.0278], [0.0387, 0.0145, 0.0955, 0.0489, 0.0654, 0.6473, 0.0898], [0.0861, 0.066, 0.08, 0.0443, 0.0374, 0.6266, 0.0596], [0.0639, 0.0665, 0.0296, 0.0386, 0.0463, 0.6979, 0.0573], [0.0602, 0.0416, 0.0237, 0.0167, 0.0247, 0.8027, 0.0305], [0.0448, 0.0152, 0.0572, 0.0704, 0.0602, 0.7097, 0.0426], [0.0162, 0.0243, 0.024, 0.0417, 0.0214, 0.8338, 0.0386], [0.0338, 0.0394, 0.0178, 0.1016, 0.062, 0.678, 0.0673], [0.0253, 0.0852, 0.0526, 0.0227, 0.0529, 0.6725, 0.0889], [0.0428, 0.0487, 0.0323, 0.0613, 0.0959, 0.6543, 0.0647], [0.0374, 0.0337, 0.0552, 0.0498, 0.0481, 0.7059, 0.0699], [0.0418, 0.0934, 0.0729, 0.0687, 0.036, 0.6461, 0.0411], [0.0347, 0.0143, 0.0631, 0.0656, 0.0243, 0.7655, 0.0325], [0.069, 0.0422, 0.0322, 0.0276, 0.0826, 0.7082, 0.0382], [0.063, 0.096, 0.0489, 0.0363, 0.0512, 0.6761, 0.0286], [0.0669, 0.0355, 0.0294, 0.0216, 0.0489, 0.7212, 0.0765], [0.0258, 0.0503, 0.0387, 0.0783, 0.0338, 0.7362, 0.0368], [0.0244, 0.0464, 0.0413, 0.0393, 0.0347, 0.7546, 0.0594], [0.0629, 0.0255, 0.0307, 0.0342, 0.0894, 0.7273, 0.0299], [0.0415, 0.0769, 0.0482, 0.039, 0.0159, 0.719, 0.0595], [0.027, 0.057, 0.0547, 0.0432, 0.0663, 0.697, 0.0548], [0.0868, 0.0498, 0.0799, 0.04, 0.0299, 0.6638, 0.0499], [0.0945, 0.0676, 0.0373, 0.0412, 0.0926, 0.6059, 0.0609], [0.0256, 0.03, 0.0198, 0.0621, 0.032, 0.7756, 0.0549], [0.0168, 0.021, 0.0462, 0.0245, 0.0875, 0.7174, 0.0866], [0.0353, 0.0792, 0.048, 0.0571, 0.053, 0.6987, 0.0286], [0.0182, 0.0866, 0.0438, 0.0765, 0.0785, 0.6108, 0.0856], [0.0208, 0.0443, 0.0843, 0.0854, 0.047, 0.6612, 0.0568], [0.0547, 0.078, 0.0557, 0.0504, 0.0551, 0.6914, 0.0146], [0.0261, 0.0608, 0.0603, 0.0874, 0.058, 0.6891, 0.0183], [0.0566, 0.0477, 0.0156, 0.0733, 0.058, 0.7173, 0.0315], [0.0389, 0.0249, 0.055, 0.0854, 0.0174, 0.6957, 0.0826], [0.077, 0.033, 0.0712, 0.0699, 0.0453, 0.6462, 0.0573], [0.0478, 0.0559, 0.0286, 0.0662, 0.06, 0.6891, 0.0524], [0.0532, 0.0282, 0.0577, 0.0368, 0.0886, 0.7038, 0.0316], [0.0752, 0.0746, 0.0588, 0.0457, 0.0545, 0.6144, 0.0767], [0.0401, 0.0263, 0.0588, 0.0695, 0.0662, 0.6705, 0.0687], [0.0579, 0.0897, 0.0298, 0.0605, 0.0558, 0.6369, 0.0695], [0.063, 0.0564, 0.0359, 0.0596, 0.0185, 0.7391, 0.0276], [0.0609, 0.063, 0.0635, 0.0441, 0.0596, 0.657, 0.052], [0.0663, 0.0407, 0.0243, 0.016, 0.0499, 0.765, 0.0377], [0.0166, 0.0785, 0.0421, 0.0221, 0.0735, 0.7515, 0.0157], [0.0606, 0.0248, 0.03, 0.0443, 0.0663, 0.6949, 0.0791], [0.0628, 0.0506, 0.0247, 0.0948, 0.0364, 0.6912, 0.0396]], "emotions": ["purple", "purple", "purple", "purple", "purple", "purple", "purple", "purple", "purple", "purple", "purple", "purple", "purple", "purple", "purple", "purple", "purple", "purple", "purple", "purple", "purple", "purple", "purple", "purple", "purple", "purple", "purple", "purple", "purple", "purple", "purple", "purple", "purple", "purple", "purple", "purple", "purple", "purple", "purple", "purple", "purple", "purple", "purple", "purple", "purple", "purple", "purple", "purple", "purple", "purple", "purple", "purple", "purple", "purple", "purple", "purple", "purple", "purple", "purple", "purple", "purple", "purple", "purple", "purple", "purple", "purple", "purple", "purple", "purple", "purple", "purple", "purple", "purple", "purple", "purple", "purple", "purple", "purple", "purple", "purple"], "timestamps": [0, 40, 80, 120, 160, 200, 240, 280, 320, 360, 400, 440, 480, 520, 560, 600, 640, 680, 720, 760, 800, 840, 880, 920, 960, 1000, 1040, 1080, 1120, 1160, 1200, 1240, 1280, 1320, 1360, 1400, 1440, 1480, 1520, 1560, 1600, 1640, 1680, 1720, 1760, 1800, 1840, 1880, 1920, 1960, 2000, 2040, 2080, 2120, 2160, 2200, 2240, 2280, 2320, 2360, 2400, 2440, 2480, 2520, 2560, 2600, 2640, 2680, 2720, 2760, 2800, 2840, 2880, 2920, 2960, 3000, 3040, 3080, 3120, 3160]}], "conversation": [], "conversation_timestamps": []}