{"agent_id": "agent-blue-1800", "type": "blue", "trips": [{"trip_id": 0, "transport_method": "bicycle", "start_time": 0, "path": [[1.5289065, 42.5061705], [1.529013, 42.5062123], [1.5291196, 42.506254], [1.5292261, 42.5062958], [1.5293326, 42.5063376], [1.529439, 42.5063796], [1.5295128, 42.506467], [1.5295867, 42.5065544], [1.5296605, 42.5066418], [1.5297344, 42.5067292], [1.5298192, 42.5068044], [1.5299141, 42.5068682], [1.5300091, 42.5069321], [1.530104, 42.5069959], [1.530199, 42.5070598], [1.5302866, 42.5071243], [1.5302048, 42.5072043], [1.530123, 42.5072843], [1.5300412, 42.5073644], [1.52996, 42.5074449], [1.5298856, 42.5075319], [1.5298112, 42.5076188], [1.5297367, 42.5077057], [1.5296622, 42.5077925], [1.5295878, 42.5078794], [1.5295144, 42.5079672], [1.5294419, 42.5080558], [1.5293578, 42.5081328], [1.5293249, 42.5082083], [1.5294079, 42.508287], [1.529491, 42.5083657], [1.529574, 42.5084444], [1.529622, 42.5084982], [1.5295205, 42.5084453], [1.5294213, 42.5083885], [1.5293231, 42.5083297], [1.5292776, 42.5082507], [1.5293329, 42.50821], [1.5294233, 42.5082802], [1.5295137, 42.5083503], [1.5296041, 42.5084205], [1.5296945, 42.5084907], [1.5297848, 42.5085609], [1.5298752, 42.508631], [1.529975, 42.5086865], [1.5300765, 42.5087394], [1.5301777, 42.5087927], [1.5302765, 42.5088504], [1.5303753, 42.5089082], [1.5304741, 42.508966], [1.5305689, 42.5090298], [1.5306435, 42.5091142], [1.5306139, 42.5092178], [1.5305496, 42.5092872], [1.5305914, 42.5093718], [1.5306993, 42.5093418], [1.5308071, 42.5093801], [1.5309148, 42.509419], [1.531022, 42.5094589], [1.5311292, 42.5094989], [1.531236, 42.5095399], [1.5313427, 42.5095813], [1.5314496, 42.5096222], [1.5315564, 42.509663], [1.5316645, 42.5097005], [1.5317724, 42.5097387], [1.5318798, 42.5097781], [1.5319882, 42.5098146], [1.5320972, 42.5098493], [1.5322073, 42.5098633], [1.5323135, 42.5098807], [1.5324166, 42.5099292], [1.5325284, 42.5099523], [1.5326421, 42.5099647], [1.5327562, 42.5099728], [1.5328704, 42.5099794], [1.5329843, 42.5099905], [1.5330982, 42.5100016], [1.5332121, 42.5100127], [1.5333259, 42.5100238]], "mood_vectors": [[0.0479, 0.0462, 0.0292, 0.7401, 0.0457, 0.0192, 0.0717], [0.0277, 0.0537, 0.0569, 0.7456, 0.0375, 0.042, 0.0365], [0.0874, 0.0351, 0.0171, 0.7228, 0.0418, 0.0328, 0.063], [0.0402, 0.0554, 0.0481, 0.7125, 0.051, 0.0127, 0.0801], [0.0226, 0.0929, 0.0916, 0.6759, 0.0154, 0.0323, 0.0693], [0.0579, 0.0207, 0.0352, 0.7183, 0.0619, 0.0361, 0.0699], [0.0763, 0.0672, 0.0355, 0.6909, 0.0565, 0.0422, 0.0315], [0.036, 0.0378, 0.0277, 0.7448, 0.0485, 0.0286, 0.0765], [0.0286, 0.0856, 0.0199, 0.665, 0.0421, 0.0708, 0.0881], [0.0267, 0.0659, 0.042, 0.7835, 0.0148, 0.0464, 0.0207], [0.065, 0.0585, 0.0144, 0.7175, 0.0322, 0.0455, 0.067], [0.0328, 0.0547, 0.0348, 0.727, 0.0608, 0.0712, 0.0188], [0.0706, 0.0344, 0.075, 0.6519, 0.0449, 0.073, 0.0502], [0.0719, 0.0464, 0.0163, 0.7789, 0.0396, 0.0163, 0.0304], [0.0712, 0.0647, 0.0713, 0.6222, 0.0775, 0.0516, 0.0413], [0.0667, 0.0269, 0.0772, 0.6878, 0.0274, 0.0467, 0.0673], [0.0742, 0.07, 0.0681, 0.5944, 0.0707, 0.0563, 0.0664], [0.0122, 0.0123, 0.0414, 0.7634, 0.0613, 0.0498, 0.0597], [0.0796, 0.085, 0.0165, 0.6671, 0.0368, 0.0531, 0.062], [0.037, 0.0816, 0.0657, 0.6598, 0.058, 0.0471, 0.0509], [0.0553, 0.0392, 0.0379, 0.7254, 0.0845, 0.0209, 0.0368], [0.0386, 0.0611, 0.0722, 0.7106, 0.0617, 0.0271, 0.0287], [0.0299, 0.0999, 0.0697, 0.6507, 0.0512, 0.0796, 0.019], [0.0947, 0.0295, 0.0725, 0.6421, 0.0807, 0.0533, 0.0272], [0.0386, 0.0291, 0.0687, 0.7165, 0.037, 0.0736, 0.0364], [0.0286, 0.0491, 0.1029, 0.6999, 0.0393, 0.0415, 0.0386], [0.0627, 0.0446, 0.0338, 0.7269, 0.036, 0.023, 0.0731], [0.0722, 0.0837, 0.0294, 0.686, 0.0323, 0.0792, 0.0172], [0.0507, 0.0765, 0.0211, 0.751, 0.0169, 0.0188, 0.0649], [0.0768, 0.0613, 0.0194, 0.6519, 0.0827, 0.0562, 0.0516], [0.0683, 0.057, 0.0111, 0.6999, 0.0748, 0.0357, 0.0532], [0.0798, 0.0926, 0.0342, 0.6641, 0.0793, 0.0254, 0.0246], [0.0186, 0.0206, 0.0506, 0.7698, 0.0568, 0.0302, 0.0534], [0.0707, 0.0848, 0.0213, 0.6095, 0.0581, 0.0869, 0.0688], [0.0353, 0.0701, 0.0501, 0.7152, 0.0455, 0.0307, 0.0531], [0.0325, 0.072, 0.0578, 0.7505, 0.0185, 0.0535, 0.0153], [0.0193, 0.0137, 0.0485, 0.687, 0.0828, 0.07, 0.0787], [0.0483, 0.0809, 0.0375, 0.6936, 0.029, 0.0748, 0.0359], [0.0685, 0.0289, 0.0596, 0.6964, 0.0589, 0.0221, 0.0655], [0.054, 0.0697, 0.0425, 0.6969, 0.024, 0.0591, 0.0538], [0.0132, 0.0554, 0.0376, 0.6905, 0.081, 0.0403, 0.082], [0.0463, 0.0641, 0.0428, 0.7104, 0.0418, 0.0553, 0.0394], [0.0501, 0.0749, 0.0352, 0.7634, 0.0128, 0.0295, 0.034], [0.0562, 0.0167, 0.0564, 0.6917, 0.0699, 0.0632, 0.046], [0.0391, 0.0656, 0.0356, 0.7589, 0.055, 0.0324, 0.0134], [0.0827, 0.0139, 0.0884, 0.647, 0.0343, 0.0859, 0.0477], [0.0639, 0.0472, 0.0432, 0.7033, 0.0712, 0.0585, 0.0127], [0.0465, 0.084, 0.034, 0.6905, 0.0316, 0.0405, 0.0729], [0.0354, 0.1041, 0.0198, 0.6786, 0.0312, 0.1051, 0.0257], [0.086, 0.0347, 0.0631, 0.6583, 0.052, 0.0816, 0.0242], [0.0357, 0.0754, 0.0812, 0.6406, 0.0286, 0.0772, 0.0612], [0.0385, 0.0754, 0.037, 0.684, 0.0204, 0.0714, 0.0733], [0.0785, 0.0222, 0.0315, 0.6488, 0.0619, 0.0558, 0.1014], [0.0565, 0.0287, 0.0162, 0.7323, 0.0382, 0.0537, 0.0744], [0.0729, 0.0573, 0.0577, 0.708, 0.0154, 0.045, 0.0436], [0.0256, 0.0517, 0.0589, 0.6689, 0.0485, 0.0701, 0.0763], [0.0533, 0.0218, 0.0969, 0.7227, 0.0299, 0.0608, 0.0146], [0.0364, 0.0572, 0.0209, 0.7293, 0.042, 0.0254, 0.0888], [0.0251, 0.0743, 0.0694, 0.655, 0.025, 0.0727, 0.0785], [0.092, 0.0509, 0.0155, 0.6492, 0.0863, 0.0274, 0.0786], [0.0169, 0.071, 0.0621, 0.7199, 0.0444, 0.0445, 0.0411], [0.0545, 0.0763, 0.0529, 0.6433, 0.0608, 0.0471, 0.0651], [0.0124, 0.0646, 0.0347, 0.732, 0.0427, 0.0528, 0.0607], [0.0334, 0.0626, 0.0219, 0.708, 0.0513, 0.0453, 0.0774], [0.0573, 0.0321, 0.0693, 0.7248, 0.051, 0.049, 0.0165], [0.0667, 0.0764, 0.0229, 0.6555, 0.0368, 0.0795, 0.0622], [0.0161, 0.0838, 0.0499, 0.7037, 0.021, 0.057, 0.0684], [0.0482, 0.0764, 0.0159, 0.6789, 0.0273, 0.074, 0.0792], [0.0753, 0.0233, 0.0498, 0.7171, 0.0408, 0.046, 0.0477], [0.0683, 0.0361, 0.0666, 0.6534, 0.0702, 0.0612, 0.0441], [0.0902, 0.0314, 0.0922, 0.5932, 0.0303, 0.09, 0.0727], [0.0529, 0.0158, 0.0162, 0.7475, 0.0918, 0.0557, 0.0201], [0.0144, 0.0178, 0.0719, 0.7395, 0.0563, 0.0218, 0.0784], [0.0387, 0.0256, 0.0604, 0.7398, 0.0211, 0.0232, 0.0911], [0.0638, 0.0561, 0.0521, 0.6822, 0.0618, 0.0202, 0.0638], [0.0329, 0.0228, 0.0176, 0.7407, 0.0468, 0.0618, 0.0774], [0.0135, 0.048, 0.091, 0.6931, 0.0836, 0.039, 0.0318], [0.0376, 0.0613, 0.0876, 0.6338, 0.056, 0.0462, 0.0774], [0.0459, 0.0236, 0.015, 0.745, 0.0546, 0.059, 0.057], [0.0749, 0.0362, 0.0427, 0.6884, 0.0938, 0.0178, 0.0462]], "emotions": ["green", "green", "green", "green", "green", "green", "green", "green", "green", "green", "green", "green", "green", "green", "green", "green", "green", "green", "green", "green", "green", "green", "green", "green", "green", "green", "green", "green", "green", "green", "green", "green", "green", "green", "green", "green", "green", "green", "green", "green", "green", "green", "green", "green", "green", "green", "green", "green", "green", "green", "green", "green", "green", "green", "green", "green", "green", "green", "green", "green", "green", "green", "green", "green", "green", "green", "green", "green", "green", "green", "green", "green", "green", "green", "green", "green", "green", "green", "green", "green"], "timestamps": [0, 40, 80, 120, 160, 200, 240, 280, 320, 360, 400, 440, 480, 520, 560, 600, 640, 680, 720, 760, 800, 840, 880, 920, 960, 1000, 1040, 1080, 1120, 1160, 1200, 1240, 1280, 1320, 1360, 1400, 1440, 1480, 1520, 1560, 1600, 1640, 1680, 1720, 1760, 1800, 1840, 1880, 1920, 1960, 2000, 2040, 2080, 2120, 2160, 2200, 2240, 2280, 2320, 2360, 2400, 2440, 2480, 2520, 2560, 2600, 2640, 2680, 2720, 2760, 2800, 2840, 2880, 2920, 2960, 3000, 3040, 3080, 3120, 3160]}], "conversation": [], "conversation_timestamps": []}