{"agent_id": "agent-red-636", "type": "red", "trips": [{"trip_id": 0, "transport_method": "car", "start_time": 0, "path": [[1.5397131, 42.5105467], [1.5394123, 42.5105447], [1.5391283, 42.510648], [1.5391024, 42.510374], [1.5389207, 42.5101709], [1.5386491, 42.5100625], [1.538347, 42.5100543], [1.538045, 42.5100462], [1.5377429, 42.5100385], [1.5374409, 42.5100284], [1.537139, 42.5100286], [1.5368369, 42.5100383], [1.5365387, 42.5100168], [1.5362444, 42.5099558], [1.5359427, 42.5099385], [1.535641, 42.5099213], [1.5353396, 42.509901], [1.535038, 42.5099014], [1.5347361, 42.5099143], [1.5344342, 42.5099164], [1.5341325, 42.509931], [1.5338339, 42.5098884], [1.5335367, 42.509834], [1.5332484, 42.5097436], [1.5329508, 42.5096944], [1.5326505, 42.5096609], [1.5323547, 42.5096059], [1.5320745, 42.5094928], [1.5317943, 42.5093797], [1.5315089, 42.5092813], [1.5312262, 42.5091752], [1.5309449, 42.5090648], [1.5307965, 42.5088706], [1.5305439, 42.5088873], [1.5302627, 42.5088327], [1.5299933, 42.508696], [1.5297056, 42.5086206], [1.5295304, 42.5084505], [1.5292697, 42.5082977], [1.5291431, 42.5080933], [1.5288816, 42.5079419], [1.5286635, 42.5077507], [1.5284975, 42.5075538], [1.5282339, 42.507406], [1.5279661, 42.507267], [1.5277136, 42.5071182], [1.5275311, 42.5068777], [1.527284, 42.5067099], [1.5269945, 42.5066273], [1.5266927, 42.506611], [1.5263907, 42.5066], [1.5260907, 42.506565], [1.5257961, 42.5064989], [1.5255116, 42.5063997], [1.5252587, 42.5063012], [1.5249834, 42.5063299], [1.5247447, 42.506145], [1.5245245, 42.5059386], [1.524341, 42.5056988], [1.5241458, 42.5054683], [1.5238623, 42.5053782], [1.5235939, 42.5052409], [1.5233104, 42.5051402], [1.5230479, 42.5050015], [1.5227488, 42.5049583], [1.52245, 42.5049133], [1.5221547, 42.504849], [1.5218554, 42.5048642], [1.5215552, 42.5048985], [1.5217322, 42.5049533], [1.5220133, 42.5048875], [1.5218956, 42.5048577], [1.521595, 42.5048891], [1.5212945, 42.5049205], [1.5211974, 42.5051876], [1.5210204, 42.5053809], [1.5207203, 42.505346], [1.5204201, 42.5053111], [1.5201199, 42.5052762], [1.5198197, 42.5052413]], "mood_vectors": [[0.7399, 0.0277, 0.0445, 0.0684, 0.0391, 0.0269, 0.0534], [0.6803, 0.0531, 0.0552, 0.0601, 0.0373, 0.0823, 0.0317], [0.6376, 0.0426, 0.0218, 0.0815, 0.0903, 0.029, 0.0972], [0.7017, 0.0715, 0.0853, 0.046, 0.0157, 0.0657, 0.0141], [0.7637, 0.0239, 0.0145, 0.0672, 0.0522, 0.0426, 0.0359], [0.6348, 0.1004, 0.0756, 0.0904, 0.0463, 0.0377, 0.0147], [0.6574, 0.0623, 0.0147, 0.0645, 0.0499, 0.0681, 0.0832], [0.7373, 0.0186, 0.1051, 0.0459, 0.0206, 0.0169, 0.0556], [0.7819, 0.0355, 0.0346, 0.034, 0.0289, 0.0145, 0.0706], [0.735, 0.055, 0.0434, 0.0376, 0.0404, 0.0319, 0.0567], [0.6735, 0.0857, 0.0464, 0.0193, 0.0413, 0.0606, 0.0731], [0.7804, 0.0416, 0.0172, 0.0318, 0.0509, 0.0527, 0.0253], [0.717, 0.0477, 0.069, 0.0472, 0.0344, 0.0627, 0.022], [0.7149, 0.0565, 0.0623, 0.022, 0.054, 0.0496, 0.0408], [0.6858, 0.0377, 0.0452, 0.0255, 0.0316, 0.09, 0.0842], [0.6669, 0.0343, 0.0582, 0.0623, 0.0479, 0.0554, 0.075], [0.688, 0.0976, 0.036, 0.0621, 0.0153, 0.0766, 0.0244], [0.6693, 0.0737, 0.0399, 0.0618, 0.0719, 0.023, 0.0604], [0.6915, 0.0373, 0.0701, 0.056, 0.0177, 0.0574, 0.0699], [0.7486, 0.049, 0.0152, 0.0525, 0.0364, 0.0641, 0.0342], [0.7649, 0.0229, 0.0365, 0.0528, 0.071, 0.015, 0.0369], [0.6844, 0.0794, 0.0423, 0.0552, 0.0485, 0.0274, 0.0626], [0.743, 0.0427, 0.0686, 0.0218, 0.0533, 0.0479, 0.0227], [0.7481, 0.0371, 0.0447, 0.0634, 0.0362, 0.0235, 0.0471], [0.6695, 0.0858, 0.0278, 0.0607, 0.0446, 0.0388, 0.0729], [0.7174, 0.0797, 0.0765, 0.02, 0.0647, 0.0243, 0.0174], [0.724, 0.023, 0.0359, 0.0383, 0.0524, 0.0696, 0.0568], [0.6697, 0.0431, 0.0563, 0.0442, 0.081, 0.0189, 0.0868], [0.7052, 0.0349, 0.0146, 0.0386, 0.0948, 0.0169, 0.0951], [0.7006, 0.0355, 0.0757, 0.0428, 0.0493, 0.0476, 0.0485], [0.6901, 0.0348, 0.0513, 0.051, 0.0552, 0.0785, 0.0391], [0.7889, 0.0132, 0.0177, 0.0453, 0.0179, 0.0417, 0.0753], [0.6958, 0.0784, 0.0138, 0.0711, 0.0774, 0.019, 0.0446], [0.6949, 0.0416, 0.0381, 0.0761, 0.0838, 0.0332, 0.0323], [0.7907, 0.0143, 0.0617, 0.035, 0.0195, 0.0547, 0.0241], [0.64, 0.0762, 0.0257, 0.0671, 0.0661, 0.071, 0.0538], [0.7269, 0.0349, 0.0659, 0.038, 0.026, 0.0878, 0.0206], [0.6686, 0.0299, 0.0746, 0.0626, 0.0221, 0.0818, 0.0604], [0.6129, 0.0357, 0.0922, 0.0553, 0.0806, 0.0567, 0.0668], [0.7254, 0.0412, 0.0436, 0.0653, 0.0226, 0.057, 0.045], [0.7333, 0.0347, 0.0825, 0.0346, 0.0388, 0.0407, 0.0353], [0.6178, 0.072, 0.0727, 0.073, 0.0493, 0.056, 0.0592], [0.6976, 0.0482, 0.0533, 0.0668, 0.0378, 0.0588, 0.0376], [0.765, 0.0685, 0.0182, 0.0251, 0.0185, 0.0219, 0.0828], [0.7048, 0.0167, 0.0642, 0.041, 0.0526, 0.0706, 0.0503], [0.7155, 0.044, 0.0202, 0.0989, 0.0559, 0.0445, 0.021], [0.7183, 0.0518, 0.0505, 0.0407, 0.0745, 0.025, 0.0391], [0.7619, 0.0254, 0.0436, 0.016, 0.0659, 0.0231, 0.0641], [0.6664, 0.0246, 0.0699, 0.0374, 0.0515, 0.0785, 0.0717], [0.6763, 0.0671, 0.0198, 0.0514, 0.0211, 0.0785, 0.0858], [0.6832, 0.0281, 0.051, 0.0848, 0.0378, 0.0757, 0.0394], [0.7131, 0.0487, 0.0349, 0.0285, 0.0423, 0.0517, 0.0808], [0.6825, 0.0681, 0.0561, 0.0444, 0.0608, 0.0335, 0.0545], [0.6817, 0.0781, 0.0636, 0.0637, 0.0277, 0.0328, 0.0524], [0.6642, 0.0787, 0.063, 0.0344, 0.0367, 0.0445, 0.0786], [0.6508, 0.052, 0.0351, 0.0744, 0.0857, 0.0579, 0.0441], [0.6972, 0.0551, 0.0785, 0.0204, 0.0254, 0.0188, 0.1045], [0.6246, 0.0781, 0.0747, 0.043, 0.0821, 0.0337, 0.0639], [0.6014, 0.0871, 0.0798, 0.0572, 0.0607, 0.0365, 0.0773], [0.7003, 0.0362, 0.0857, 0.0217, 0.0334, 0.0727, 0.0501], [0.7088, 0.0631, 0.035, 0.0772, 0.042, 0.036, 0.038], [0.6779, 0.0144, 0.0656, 0.0634, 0.085, 0.049, 0.0447], [0.6947, 0.0432, 0.0396, 0.0918, 0.0206, 0.0549, 0.0552], [0.6865, 0.0628, 0.0597, 0.0615, 0.0201, 0.0634, 0.0461], [0.5848, 0.0825, 0.0649, 0.0732, 0.0441, 0.0778, 0.0727], [0.6828, 0.0493, 0.0787, 0.0146, 0.0597, 0.0864, 0.0284], [0.6728, 0.0735, 0.0693, 0.0326, 0.0187, 0.0753, 0.0578], [0.6859, 0.0205, 0.0351, 0.1066, 0.0922, 0.027, 0.0326], [0.6774, 0.0247, 0.0645, 0.0531, 0.0579, 0.068, 0.0543], [0.7658, 0.04, 0.0729, 0.0241, 0.0657, 0.0182, 0.0133], [0.6861, 0.0285, 0.0651, 0.0749, 0.0744, 0.0335, 0.0375], [0.7577, 0.062, 0.0225, 0.0705, 0.0333, 0.0193, 0.0346], [0.7456, 0.0157, 0.0687, 0.0144, 0.0144, 0.0814, 0.0598], [0.7443, 0.0175, 0.0359, 0.0486, 0.0807, 0.0454, 0.0277], [0.7005, 0.0182, 0.0286, 0.0718, 0.0554, 0.0442, 0.0813], [0.75, 0.0247, 0.0436, 0.0437, 0.0185, 0.075, 0.0445], [0.6817, 0.0322, 0.0853, 0.0798, 0.0819, 0.0196, 0.0194], [0.6267, 0.0711, 0.0544, 0.0822, 0.0655, 0.0793, 0.0207], [0.6285, 0.0278, 0.0455, 0.0525, 0.0861, 0.0873, 0.0723], [0.6398, 0.065, 0.0821, 0.0446, 0.0533, 0.0211, 0.094]], "emotions": ["red", "red", "red", "red", "red", "red", "red", "red", "red", "red", "red", "red", "red", "red", "red", "red", "red", "red", "red", "red", "red", "red", "red", "red", "red", "red", "red", "red", "red", "red", "red", "red", "red", "red", "red", "red", "red", "red", "red", "red", "red", "red", "red", "red", "red", "red", "red", "red", "red", "red", "red", "red", "red", "red", "red", "red", "red", "red", "red", "red", "red", "red", "red", "red", "red", "red", "red", "red", "red", "red", "red", "red", "red", "red", "red", "red", "red", "red", "red", "red"], "timestamps": [0, 40, 80, 120, 160, 200, 240, 280, 320, 360, 400, 440, 480, 520, 560, 600, 640, 680, 720, 760, 800, 840, 880, 920, 960, 1000, 1040, 1080, 1120, 1160, 1200, 1240, 1280, 1320, 1360, 1400, 1440, 1480, 1520, 1560, 1600, 1640, 1680, 1720, 1760, 1800, 1840, 1880, 1920, 1960, 2000, 2040, 2080, 2120, 2160, 2200, 2240, 2280, 2320, 2360, 2400, 2440, 2480, 2520, 2560, 2600, 2640, 2680, 2720, 2760, 2800, 2840, 2880, 2920, 2960, 3000, 3040, 3080, 3120, 3160]}], "conversation": [], "conversation_timestamps": []}