{"agent_id": "agent-purple-454", "type": "purple", "trips": [{"trip_id": 0, "transport_method": "foot", "start_time": 0, "path": [[1.5201127, 42.5716121], [1.5191149, 42.5723271], [1.5200081, 42.5718001], [1.5208313, 42.5709009], [1.5210719, 42.5697054], [1.5215347, 42.5686174], [1.5224803, 42.5678514], [1.5233496, 42.5670486], [1.523912, 42.5659689], [1.5246117, 42.5649621], [1.5255588, 42.5641804], [1.5265391, 42.5635087], [1.5273498, 42.5629543], [1.528228, 42.5621894], [1.5289245, 42.5612555], [1.5298606, 42.5604676], [1.5307544, 42.5596247], [1.5316482, 42.5587818], [1.5310462, 42.5595431], [1.5303641, 42.5605635], [1.5292757, 42.561053], [1.5300759, 42.5602698], [1.5309725, 42.5594298], [1.5318678, 42.5585889], [1.5317171, 42.5576442], [1.5306903, 42.5569866], [1.5296018, 42.5564625], [1.5289851, 42.5554571], [1.5281508, 42.5546061], [1.5274592, 42.5536716], [1.5267018, 42.5527344], [1.5264316, 42.5518549], [1.526622, 42.5511406], [1.5260405, 42.5501515], [1.5254649, 42.5490676], [1.524957, 42.5479787], [1.5247101, 42.5468488], [1.5245842, 42.5460668], [1.5239382, 42.5450228], [1.5234534, 42.5439077], [1.5232148, 42.5434377], [1.5229096, 42.5422706], [1.5232145, 42.5411584], [1.5234715, 42.5407316], [1.5231719, 42.5395727], [1.5231779, 42.5383598], [1.5241168, 42.5376951], [1.525197, 42.5374318], [1.5247072, 42.5367658], [1.5235214, 42.5364803], [1.5226785, 42.5357186], [1.5218971, 42.534785], [1.5210224, 42.5340493], [1.5210732, 42.5331069], [1.5210874, 42.5320455], [1.5211941, 42.5309498], [1.5214802, 42.5299754], [1.5217087, 42.5291567], [1.5210414, 42.5282116], [1.5206501, 42.5271225], [1.5207499, 42.525898], [1.5206565, 42.5264298], [1.520633, 42.5272924], [1.520709, 42.5260661], [1.5206276, 42.5248572], [1.5211863, 42.523784], [1.5218204, 42.5227532], [1.5225608, 42.5218141], [1.5234221, 42.5209683], [1.5239316, 42.5198595], [1.5246124, 42.5189232], [1.5255806, 42.5181678], [1.5265821, 42.5174808], [1.5277047, 42.5169825], [1.5287738, 42.516719], [1.5298506, 42.5161675], [1.5308752, 42.5155247], [1.5318413, 42.5147749], [1.5327884, 42.5140181], [1.5339534, 42.5136421]], "mood_vectors": [[0.0241, 0.0429, 0.0436, 0.0475, 0.0759, 0.7039, 0.0621], [0.0683, 0.0454, 0.0698, 0.023, 0.0143, 0.7342, 0.045], [0.0338, 0.0673, 0.0637, 0.0345, 0.0586, 0.7086, 0.0335], [0.0313, 0.0135, 0.0662, 0.0605, 0.0452, 0.7617, 0.0216], [0.0306, 0.0421, 0.0158, 0.0275, 0.041, 0.8095, 0.0337], [0.0446, 0.0199, 0.0166, 0.0568, 0.0739, 0.729, 0.0591], [0.0809, 0.03, 0.0576, 0.0527, 0.0756, 0.6601, 0.0431], [0.0551, 0.0695, 0.0486, 0.0327, 0.0618, 0.6942, 0.0381], [0.0328, 0.0619, 0.0456, 0.0359, 0.0757, 0.7085, 0.0395], [0.0263, 0.0168, 0.0658, 0.0503, 0.0494, 0.7761, 0.0153], [0.0434, 0.0577, 0.0887, 0.0687, 0.0254, 0.6412, 0.075], [0.0662, 0.0383, 0.0401, 0.0807, 0.0553, 0.6451, 0.0742], [0.048, 0.0584, 0.052, 0.0371, 0.0305, 0.7246, 0.0494], [0.0869, 0.025, 0.0481, 0.0136, 0.0547, 0.6776, 0.094], [0.0797, 0.0446, 0.073, 0.0783, 0.0541, 0.6126, 0.0576], [0.0807, 0.0686, 0.0323, 0.0542, 0.062, 0.6685, 0.0337], [0.0298, 0.0807, 0.0479, 0.087, 0.06, 0.6558, 0.0389], [0.0638, 0.0396, 0.0494, 0.0797, 0.054, 0.6433, 0.0703], [0.0374, 0.0239, 0.0474, 0.0149, 0.0386, 0.8174, 0.0204], [0.0239, 0.0203, 0.0522, 0.0478, 0.0561, 0.7373, 0.0623], [0.0625, 0.0256, 0.0801, 0.0311, 0.0172, 0.7335, 0.0499], [0.0798, 0.0464, 0.0647, 0.0597, 0.0402, 0.6529, 0.0563], [0.0659, 0.0888, 0.0233, 0.0654, 0.0141, 0.7122, 0.0303], [0.0835, 0.0769, 0.0696, 0.0743, 0.0497, 0.6252, 0.0208], [0.0671, 0.0746, 0.0392, 0.0385, 0.0582, 0.6424, 0.0801], [0.021, 0.0334, 0.0213, 0.0488, 0.0821, 0.7056, 0.0877], [0.0571, 0.0312, 0.062, 0.0734, 0.0646, 0.6863, 0.0253], [0.0565, 0.0497, 0.0859, 0.0436, 0.0747, 0.6645, 0.0251], [0.081, 0.0217, 0.0957, 0.0807, 0.0255, 0.6246, 0.0709], [0.0911, 0.0461, 0.0445, 0.0905, 0.062, 0.6231, 0.0427], [0.056, 0.0532, 0.0799, 0.0231, 0.0703, 0.6697, 0.0477], [0.0609, 0.0357, 0.0171, 0.0274, 0.0563, 0.7885, 0.014], [0.0287, 0.0563, 0.0462, 0.1009, 0.0277, 0.6825, 0.0576], [0.0586, 0.0383, 0.044, 0.0556, 0.0426, 0.692, 0.0688], [0.0173, 0.0503, 0.0389, 0.039, 0.0416, 0.7925, 0.0204], [0.0796, 0.0411, 0.0424, 0.05, 0.0119, 0.7131, 0.062], [0.0415, 0.0132, 0.0295, 0.0152, 0.0759, 0.7853, 0.0394], [0.0274, 0.0899, 0.0587, 0.054, 0.0393, 0.6874, 0.0434], [0.0129, 0.0264, 0.0693, 0.0193, 0.0518, 0.7478, 0.0726], [0.071, 0.0582, 0.0314, 0.0901, 0.071, 0.6587, 0.0196], [0.0189, 0.0697, 0.0735, 0.0581, 0.0332, 0.6803, 0.0663], [0.0498, 0.0819, 0.0197, 0.0344, 0.0749, 0.6608, 0.0786], [0.0476, 0.0346, 0.0361, 0.0219, 0.0188, 0.7608, 0.0803], [0.0147, 0.0759, 0.0616, 0.0339, 0.0438, 0.7474, 0.0227], [0.0612, 0.0478, 0.0601, 0.0508, 0.0229, 0.7239, 0.0333], [0.0197, 0.0722, 0.0898, 0.07, 0.073, 0.6118, 0.0635], [0.0421, 0.0231, 0.0747, 0.0512, 0.0182, 0.7339, 0.0569], [0.03, 0.0425, 0.0307, 0.0849, 0.0403, 0.7499, 0.0217], [0.0189, 0.0371, 0.083, 0.0592, 0.0845, 0.6557, 0.0616], [0.0596, 0.0539, 0.0626, 0.0632, 0.0675, 0.6673, 0.0259], [0.0393, 0.0657, 0.0289, 0.0687, 0.0431, 0.7134, 0.0409], [0.0133, 0.0247, 0.0383, 0.0521, 0.0548, 0.7555, 0.0612], [0.0433, 0.0126, 0.0404, 0.0671, 0.0449, 0.7259, 0.0659], [0.0462, 0.0687, 0.0134, 0.0646, 0.0248, 0.7521, 0.0301], [0.0534, 0.0594, 0.0264, 0.0518, 0.0375, 0.751, 0.0206], [0.0761, 0.0199, 0.0874, 0.0317, 0.0307, 0.6775, 0.0767], [0.0423, 0.0152, 0.032, 0.0523, 0.012, 0.8262, 0.0198], [0.0253, 0.0644, 0.0442, 0.0629, 0.0775, 0.6785, 0.0473], [0.0582, 0.0492, 0.022, 0.0411, 0.0277, 0.7395, 0.0622], [0.0726, 0.0694, 0.0604, 0.0484, 0.0908, 0.5854, 0.0729], [0.054, 0.1111, 0.0285, 0.0556, 0.0332, 0.6882, 0.0294], [0.0497, 0.0572, 0.0341, 0.0571, 0.058, 0.6496, 0.0944], [0.0508, 0.0506, 0.064, 0.0538, 0.0704, 0.6714, 0.0389], [0.0559, 0.0317, 0.0505, 0.0578, 0.0521, 0.6892, 0.0629], [0.0295, 0.0587, 0.026, 0.0454, 0.0648, 0.7277, 0.0479], [0.0177, 0.0349, 0.0206, 0.0749, 0.0242, 0.7635, 0.0641], [0.0218, 0.0816, 0.0389, 0.0717, 0.0929, 0.6743, 0.0188], [0.046, 0.0144, 0.0641, 0.0321, 0.0409, 0.7379, 0.0646], [0.0538, 0.0147, 0.016, 0.0276, 0.0156, 0.8011, 0.0713], [0.0653, 0.0594, 0.0461, 0.0529, 0.0714, 0.6397, 0.0651], [0.066, 0.0361, 0.0501, 0.0459, 0.0358, 0.7286, 0.0375], [0.0276, 0.0483, 0.028, 0.054, 0.0722, 0.7547, 0.0151], [0.0219, 0.0311, 0.066, 0.0671, 0.0457, 0.6894, 0.0787], [0.027, 0.0777, 0.0797, 0.0657, 0.0197, 0.7012, 0.029], [0.0391, 0.0702, 0.0275, 0.0655, 0.0271, 0.6748, 0.0959], [0.0476, 0.0525, 0.0794, 0.0751, 0.0679, 0.6554, 0.022], [0.0348, 0.0608, 0.0255, 0.0443, 0.0404, 0.7373, 0.0568], [0.083, 0.0688, 0.0447, 0.0532, 0.0556, 0.6539, 0.0408], [0.0416, 0.0137, 0.0203, 0.0261, 0.0718, 0.7436, 0.0829], [0.0577, 0.0435, 0.0276, 0.0332, 0.0719, 0.6998, 0.0663]], "emotions": ["purple", "purple", "purple", "purple", "purple", "purple", "purple", "purple", "purple", "purple", "purple", "purple", "purple", "purple", "purple", "purple", "purple", "purple", "purple", "purple", "purple", "purple", "purple", "purple", "purple", "purple", "purple", "purple", "purple", "purple", "purple", "purple", "purple", "purple", "purple", "purple", "purple", "purple", "purple", "purple", "purple", "purple", "purple", "purple", "purple", "purple", "purple", "purple", "purple", "purple", "purple", "purple", "purple", "purple", "purple", "purple", "purple", "purple", "purple", "purple", "purple", "purple", "purple", "purple", "purple", "purple", "purple", "purple", "purple", "purple", "purple", "purple", "purple", "purple", "purple", "purple", "purple", "purple", "purple", "purple"], "timestamps": [0, 40, 80, 120, 160, 200, 240, 280, 320, 360, 400, 440, 480, 520, 560, 600, 640, 680, 720, 760, 800, 840, 880, 920, 960, 1000, 1040, 1080, 1120, 1160, 1200, 1240, 1280, 1320, 1360, 1400, 1440, 1480, 1520, 1560, 1600, 1640, 1680, 1720, 1760, 1800, 1840, 1880, 1920, 1960, 2000, 2040, 2080, 2120, 2160, 2200, 2240, 2280, 2320, 2360, 2400, 2440, 2480, 2520, 2560, 2600, 2640, 2680, 2720, 2760, 2800, 2840, 2880, 2920, 2960, 3000, 3040, 3080, 3120, 3160]}], "conversation": [], "conversation_timestamps": []}