{"agent_id": "agent-blue-220", "type": "blue", "trips": [{"trip_id": 0, "transport_method": "foot", "start_time": 0, "path": [[1.5821851, 42.5344907], [1.5809048, 42.5339267], [1.5801928, 42.5336795], [1.5788685, 42.5331466], [1.5774712, 42.5328859], [1.5763851, 42.5327118], [1.5778026, 42.5329246], [1.5765977, 42.5327045], [1.5751882, 42.5324356], [1.5752606, 42.5324822], [1.5755951, 42.5323689], [1.5743043, 42.5317423], [1.5730135, 42.5311158], [1.5739079, 42.5320428], [1.5735012, 42.5315828], [1.5724916, 42.5305641], [1.5715346, 42.5295231], [1.5703835, 42.5286667], [1.5697025, 42.5281334], [1.5709008, 42.5289224], [1.5706862, 42.5289496], [1.569492, 42.5281541], [1.5682978, 42.5273587], [1.5678814, 42.5270905], [1.5691063, 42.5278135], [1.567917, 42.5270157], [1.5667255, 42.5262162], [1.56549, 42.5255001], [1.5641297, 42.5251065], [1.5628196, 42.5245523], [1.5618175, 42.5235436], [1.5606778, 42.5226751], [1.5595206, 42.5218868], [1.5583903, 42.5210258], [1.5573656, 42.5200221], [1.5569025, 42.5194505], [1.5561721, 42.5186314], [1.5562706, 42.5189539], [1.5556891, 42.5181907], [1.5550621, 42.5179888], [1.5539846, 42.5170413], [1.5543641, 42.5175684], [1.5538105, 42.5168184], [1.5532057, 42.5155416], [1.5527197, 42.5142549], [1.5519208, 42.5132333], [1.5507879, 42.5123729], [1.5495075, 42.5117707], [1.548114, 42.5114291], [1.5467361, 42.5110373], [1.5462533, 42.5098128], [1.5458644, 42.5095703], [1.5444741, 42.5093072], [1.5430955, 42.5089666], [1.5416831, 42.5088137], [1.5405391, 42.5085736], [1.5391506, 42.5082322], [1.5377414, 42.5080687], [1.5375148, 42.5080511], [1.5361045, 42.5077864], [1.5347582, 42.5073123], [1.5351036, 42.5075737], [1.5348875, 42.5073651], [1.5335498, 42.5068549], [1.5321669, 42.5066938], [1.5309066, 42.5061188], [1.5296609, 42.5055034], [1.5282455, 42.5052734], [1.5268187, 42.5052989], [1.5253981, 42.5051889], [1.5239879, 42.5049251], [1.5225712, 42.5047181], [1.5212418, 42.5044434], [1.5199379, 42.5038446], [1.5210897, 42.5043094], [1.5218353, 42.5047542], [1.5204662, 42.5043249], [1.5190949, 42.5039719], [1.5178442, 42.5037841], [1.5176921, 42.5040566]], "mood_vectors": [[0.0179, 0.0733, 0.0491, 0.7873, 0.0383, 0.0191, 0.0149], [0.0711, 0.0256, 0.0477, 0.6977, 0.0674, 0.0372, 0.0532], [0.034, 0.0281, 0.0155, 0.6832, 0.0975, 0.0984, 0.0433], [0.0655, 0.0642, 0.0521, 0.6816, 0.0463, 0.0538, 0.0364], [0.0618, 0.0703, 0.0297, 0.7018, 0.0631, 0.0146, 0.0588], [0.0301, 0.0299, 0.0567, 0.7056, 0.0647, 0.0446, 0.0684], [0.0193, 0.0683, 0.0199, 0.7572, 0.0366, 0.0798, 0.0188], [0.0353, 0.056, 0.026, 0.7485, 0.0276, 0.0621, 0.0444], [0.0745, 0.0352, 0.0183, 0.6891, 0.044, 0.0678, 0.0711], [0.0449, 0.0481, 0.087, 0.7382, 0.024, 0.0415, 0.0162], [0.0183, 0.077, 0.0927, 0.6683, 0.0414, 0.0542, 0.0481], [0.0167, 0.0408, 0.0314, 0.7638, 0.0568, 0.0165, 0.0741], [0.055, 0.0855, 0.0323, 0.5816, 0.0802, 0.0806, 0.0849], [0.0576, 0.0296, 0.0576, 0.7295, 0.0606, 0.0211, 0.0441], [0.071, 0.0734, 0.0665, 0.6498, 0.0556, 0.0502, 0.0335], [0.0413, 0.0517, 0.0374, 0.6646, 0.0726, 0.071, 0.0615], [0.0197, 0.0641, 0.0204, 0.7102, 0.0942, 0.0615, 0.0299], [0.0726, 0.047, 0.0323, 0.7614, 0.0286, 0.0253, 0.0329], [0.0463, 0.0382, 0.0485, 0.6762, 0.0354, 0.0658, 0.0896], [0.0211, 0.0606, 0.0586, 0.7376, 0.0233, 0.0386, 0.0601], [0.0474, 0.0349, 0.0136, 0.8092, 0.0342, 0.0344, 0.0262], [0.0225, 0.0155, 0.03, 0.7219, 0.079, 0.051, 0.0801], [0.0568, 0.0813, 0.0591, 0.6668, 0.075, 0.038, 0.023], [0.0695, 0.0288, 0.0505, 0.7256, 0.0301, 0.0311, 0.0644], [0.0402, 0.0439, 0.0161, 0.773, 0.0219, 0.0835, 0.0214], [0.0823, 0.0229, 0.0241, 0.6946, 0.0556, 0.0749, 0.0457], [0.0511, 0.0806, 0.0658, 0.6114, 0.0728, 0.0355, 0.0828], [0.0142, 0.0144, 0.0132, 0.8251, 0.0346, 0.0159, 0.0825], [0.0258, 0.0563, 0.0629, 0.7726, 0.0337, 0.0356, 0.0131], [0.0303, 0.0403, 0.0554, 0.6578, 0.0905, 0.0972, 0.0284], [0.0621, 0.0533, 0.0474, 0.7105, 0.0433, 0.0502, 0.0332], [0.0199, 0.0189, 0.0856, 0.716, 0.0726, 0.0596, 0.0274], [0.0383, 0.0664, 0.0509, 0.6574, 0.0745, 0.0693, 0.0432], [0.0727, 0.058, 0.0313, 0.6949, 0.0598, 0.0582, 0.0252], [0.0788, 0.1014, 0.0207, 0.6651, 0.0439, 0.0566, 0.0335], [0.0645, 0.0766, 0.0785, 0.6203, 0.0598, 0.059, 0.0412], [0.0324, 0.0705, 0.0175, 0.777, 0.0244, 0.0629, 0.0153], [0.0432, 0.0368, 0.0647, 0.7108, 0.0617, 0.0678, 0.015], [0.032, 0.0726, 0.0697, 0.7415, 0.0371, 0.0162, 0.0309], [0.0359, 0.0835, 0.0604, 0.6422, 0.0658, 0.0518, 0.0604], [0.0224, 0.0835, 0.0496, 0.7071, 0.0231, 0.0612, 0.0531], [0.0244, 0.0759, 0.0287, 0.6974, 0.0578, 0.0753, 0.0405], [0.0684, 0.0666, 0.0179, 0.6713, 0.0309, 0.0634, 0.0814], [0.0514, 0.0172, 0.027, 0.7306, 0.0663, 0.058, 0.0495], [0.0671, 0.0398, 0.0683, 0.73, 0.044, 0.0367, 0.0141], [0.0191, 0.0646, 0.0766, 0.75, 0.0457, 0.0151, 0.0288], [0.0597, 0.0296, 0.0711, 0.7371, 0.025, 0.026, 0.0515], [0.0797, 0.0242, 0.0619, 0.6741, 0.0658, 0.0432, 0.0512], [0.0361, 0.0245, 0.0866, 0.7798, 0.0201, 0.0381, 0.0148], [0.0623, 0.0484, 0.0179, 0.7706, 0.025, 0.0564, 0.0194], [0.0908, 0.0815, 0.0369, 0.5884, 0.0521, 0.0556, 0.0947], [0.033, 0.0747, 0.0717, 0.6891, 0.0473, 0.048, 0.0362], [0.0595, 0.0751, 0.0391, 0.7231, 0.0457, 0.0277, 0.0298], [0.0215, 0.021, 0.0702, 0.7507, 0.0161, 0.049, 0.0715], [0.0297, 0.0751, 0.0737, 0.6674, 0.0507, 0.0299, 0.0736], [0.041, 0.0401, 0.0513, 0.6755, 0.026, 0.079, 0.0871], [0.0288, 0.0474, 0.0758, 0.6753, 0.0634, 0.0458, 0.0635], [0.0329, 0.0696, 0.0744, 0.6797, 0.0449, 0.0243, 0.0742], [0.0471, 0.052, 0.068, 0.7049, 0.044, 0.0476, 0.0364], [0.0803, 0.031, 0.0373, 0.692, 0.0753, 0.0522, 0.032], [0.0564, 0.0179, 0.0621, 0.7511, 0.0326, 0.0588, 0.0211], [0.0814, 0.0139, 0.0736, 0.6831, 0.0394, 0.0544, 0.0542], [0.0143, 0.0264, 0.0753, 0.7618, 0.0286, 0.0328, 0.0608], [0.039, 0.0828, 0.0663, 0.6462, 0.0791, 0.0602, 0.0263], [0.0201, 0.0348, 0.0679, 0.7598, 0.0747, 0.0199, 0.0227], [0.0453, 0.0431, 0.0173, 0.7365, 0.025, 0.0762, 0.0565], [0.0548, 0.0139, 0.034, 0.7655, 0.0852, 0.0261, 0.0205], [0.0713, 0.0536, 0.0338, 0.7499, 0.0133, 0.0441, 0.0341], [0.0853, 0.0674, 0.0526, 0.6709, 0.0572, 0.0478, 0.0188], [0.0165, 0.0757, 0.0657, 0.6389, 0.0523, 0.0871, 0.0637], [0.0554, 0.07, 0.0371, 0.6929, 0.0677, 0.041, 0.0359], [0.0623, 0.0478, 0.0742, 0.6404, 0.0633, 0.0552, 0.0567], [0.0681, 0.0332, 0.0161, 0.7158, 0.064, 0.0758, 0.027], [0.094, 0.0387, 0.0844, 0.6753, 0.0245, 0.0222, 0.061], [0.0728, 0.0618, 0.0397, 0.6474, 0.0807, 0.0337, 0.0638], [0.0506, 0.0213, 0.0835, 0.7288, 0.013, 0.0481, 0.0547], [0.0231, 0.0463, 0.013, 0.7005, 0.0674, 0.0683, 0.0814], [0.0382, 0.0489, 0.071, 0.7115, 0.0235, 0.0509, 0.0562], [0.0323, 0.0269, 0.0255, 0.7912, 0.0657, 0.0136, 0.0447], [0.0451, 0.0762, 0.0664, 0.6113, 0.0697, 0.0567, 0.0746]], "emotions": ["green", "green", "green", "green", "green", "green", "green", "green", "green", "green", "green", "green", "green", "green", "green", "green", "green", "green", "green", "green", "green", "green", "green", "green", "green", "green", "green", "green", "green", "green", "green", "green", "green", "green", "green", "green", "green", "green", "green", "green", "green", "green", "green", "green", "green", "green", "green", "green", "green", "green", "green", "green", "green", "green", "green", "green", "green", "green", "green", "green", "green", "green", "green", "green", "green", "green", "green", "green", "green", "green", "green", "green", "green", "green", "green", "green", "green", "green", "green", "green"], "timestamps": [0, 40, 80, 120, 160, 200, 240, 280, 320, 360, 400, 440, 480, 520, 560, 600, 640, 680, 720, 760, 800, 840, 880, 920, 960, 1000, 1040, 1080, 1120, 1160, 1200, 1240, 1280, 1320, 1360, 1400, 1440, 1480, 1520, 1560, 1600, 1640, 1680, 1720, 1760, 1800, 1840, 1880, 1920, 1960, 2000, 2040, 2080, 2120, 2160, 2200, 2240, 2280, 2320, 2360, 2400, 2440, 2480, 2520, 2560, 2600, 2640, 2680, 2720, 2760, 2800, 2840, 2880, 2920, 2960, 3000, 3040, 3080, 3120, 3160]}], "conversation": [], "conversation_timestamps": []}