{"agent_id": "agent-green-1687", "type": "green", "trips": [{"trip_id": 0, "transport_method": "foot", "start_time": 0, "path": [[1.5378896, 42.5085108], [1.5416812, 42.5088132], [1.5449372, 42.5093289], [1.5463396, 42.5105236], [1.5495092, 42.5117711], [1.5511971, 42.5127662], [1.55271, 42.5146644], [1.5549576, 42.5179082], [1.5578674, 42.5205314], [1.5600888, 42.5223932], [1.5633467, 42.5247556], [1.5670025, 42.5264364], [1.5704393, 42.5286179], [1.5735122, 42.5303292], [1.577229, 42.5317274], [1.5785894, 42.5317465], [1.5826774, 42.5317328], [1.586005, 42.5340015], [1.5893513, 42.5355674], [1.593293, 42.5361591], [1.5967703, 42.5361377], [1.6007999, 42.5367969], [1.6048335, 42.5371812], [1.6084677, 42.5360905], [1.6124756, 42.5365807], [1.6164823, 42.5368617], [1.6183371, 42.5365262], [1.6171303, 42.5354079], [1.6211365, 42.5356008], [1.6251339, 42.5353827], [1.6250354, 42.5375492], [1.6270425, 42.5385436], [1.625164, 42.5381433], [1.6291898, 42.5387957], [1.6332114, 42.5390974], [1.637187, 42.5396567], [1.640952, 42.540883], [1.6446819, 42.5416537], [1.6484187, 42.5420299], [1.6520052, 42.5424383], [1.6557994, 42.5412712], [1.6597311, 42.5401542], [1.6562842, 42.5411845], [1.6593765, 42.540221], [1.6632519, 42.5392809], [1.6673436, 42.5392415], [1.6714353, 42.5392022], [1.6680275, 42.5391641], [1.6641416, 42.5388113], [1.6623501, 42.5382881], [1.6644024, 42.5392328], [1.6684932, 42.5391393], [1.6725835, 42.5390414], [1.6745566, 42.5380456], [1.678277, 42.5396211], [1.6819122, 42.5414362], [1.6836955, 42.5440704], [1.6833491, 42.5473481], [1.6815561, 42.5501603], [1.6799263, 42.5523943], [1.6828906, 42.5540288], [1.6864867, 42.5553227], [1.6867746, 42.556816], [1.6888411, 42.5573324], [1.6894325, 42.5566738], [1.6922431, 42.5537067], [1.6953745, 42.5511052], [1.6979481, 42.5479813], [1.7010591, 42.5453809], [1.7050344, 42.5445249], [1.7091144, 42.5442151], [1.7132014, 42.5440293], [1.7172917, 42.5439169], [1.7213812, 42.5437781], [1.7254691, 42.5438663], [1.7294272, 42.5448358], [1.7330424, 42.546737], [1.7335121, 42.5463578], [1.7354581, 42.5449248], [1.7324565, 42.5440273]], "mood_vectors": [[0.0179, 0.0334, 0.0619, 0.0651, 0.0778, 0.0777, 0.6662], [0.0371, 0.025, 0.0364, 0.0273, 0.0262, 0.0824, 0.7656], [0.0634, 0.0696, 0.067, 0.0737, 0.0221, 0.0555, 0.6487], [0.0682, 0.0571, 0.046, 0.082, 0.074, 0.0324, 0.6403], [0.0699, 0.0231, 0.0454, 0.0668, 0.0378, 0.0408, 0.7162], [0.0146, 0.0511, 0.0401, 0.0284, 0.0627, 0.0511, 0.752], [0.0315, 0.0303, 0.1002, 0.0756, 0.0527, 0.0332, 0.6765], [0.074, 0.0456, 0.0415, 0.0751, 0.0575, 0.0559, 0.6504], [0.0304, 0.0536, 0.07, 0.0718, 0.0277, 0.0368, 0.7097], [0.0544, 0.0645, 0.08, 0.0156, 0.0574, 0.0333, 0.6947], [0.071, 0.0203, 0.0139, 0.0439, 0.0675, 0.0472, 0.7363], [0.0714, 0.0487, 0.0453, 0.0294, 0.052, 0.0611, 0.6922], [0.0254, 0.0627, 0.0486, 0.0251, 0.076, 0.0168, 0.7454], [0.0646, 0.0443, 0.0209, 0.0635, 0.0163, 0.0432, 0.7473], [0.0262, 0.0664, 0.0236, 0.0332, 0.0412, 0.0691, 0.7405], [0.0469, 0.0743, 0.0501, 0.0499, 0.0722, 0.0631, 0.6435], [0.0307, 0.0558, 0.0579, 0.066, 0.0309, 0.0234, 0.7354], [0.0228, 0.0778, 0.0928, 0.0559, 0.0667, 0.0514, 0.6326], [0.091, 0.0872, 0.0371, 0.0416, 0.0325, 0.0186, 0.692], [0.0161, 0.069, 0.0563, 0.0526, 0.0253, 0.0523, 0.7284], [0.0629, 0.0405, 0.0669, 0.056, 0.0388, 0.0445, 0.6905], [0.038, 0.0859, 0.0177, 0.0559, 0.0636, 0.0366, 0.7023], [0.0597, 0.0408, 0.0534, 0.0341, 0.0586, 0.0367, 0.7167], [0.0623, 0.0566, 0.0853, 0.0259, 0.0247, 0.0573, 0.6878], [0.0477, 0.0322, 0.0831, 0.0354, 0.0748, 0.0685, 0.6584], [0.0357, 0.0564, 0.0177, 0.0656, 0.0166, 0.0523, 0.7556], [0.0538, 0.0825, 0.0365, 0.0968, 0.0342, 0.0324, 0.6639], [0.0436, 0.0696, 0.0222, 0.076, 0.0262, 0.0249, 0.7376], [0.0829, 0.0178, 0.0692, 0.086, 0.0711, 0.025, 0.648], [0.0272, 0.0688, 0.069, 0.054, 0.0539, 0.0382, 0.689], [0.0436, 0.0964, 0.0776, 0.0202, 0.0658, 0.0394, 0.6569], [0.054, 0.0154, 0.0132, 0.0586, 0.081, 0.0812, 0.6966], [0.0712, 0.0854, 0.0558, 0.0343, 0.0835, 0.0402, 0.6296], [0.0171, 0.0842, 0.028, 0.066, 0.0604, 0.0799, 0.6643], [0.0806, 0.0151, 0.0725, 0.0168, 0.0804, 0.0527, 0.6819], [0.0561, 0.0836, 0.0379, 0.0436, 0.0411, 0.052, 0.6857], [0.0377, 0.0776, 0.0707, 0.0422, 0.0787, 0.0716, 0.6216], [0.0188, 0.0396, 0.0477, 0.0597, 0.0557, 0.0581, 0.7204], [0.0817, 0.0435, 0.0689, 0.0293, 0.0619, 0.0584, 0.6563], [0.0454, 0.0172, 0.0626, 0.0651, 0.0575, 0.0634, 0.6888], [0.0649, 0.0378, 0.0606, 0.0587, 0.0379, 0.0213, 0.7188], [0.0825, 0.0342, 0.0544, 0.0667, 0.0691, 0.0171, 0.676], [0.0503, 0.0239, 0.0398, 0.0373, 0.0219, 0.0191, 0.8078], [0.0859, 0.0681, 0.0356, 0.0447, 0.0512, 0.0834, 0.631], [0.0595, 0.0205, 0.0478, 0.0588, 0.0697, 0.0213, 0.7223], [0.0205, 0.0579, 0.0751, 0.0616, 0.0771, 0.0384, 0.6694], [0.0718, 0.0703, 0.0363, 0.0645, 0.0122, 0.0609, 0.684], [0.0559, 0.0587, 0.0773, 0.0641, 0.0883, 0.0228, 0.6329], [0.0323, 0.0285, 0.0341, 0.078, 0.0368, 0.1, 0.6904], [0.0378, 0.0708, 0.0201, 0.0267, 0.0904, 0.083, 0.6712], [0.0726, 0.0665, 0.0284, 0.0297, 0.0536, 0.0155, 0.7337], [0.0604, 0.0166, 0.0397, 0.0594, 0.0689, 0.08, 0.6748], [0.0279, 0.0214, 0.0596, 0.0286, 0.0523, 0.0397, 0.7705], [0.0215, 0.0825, 0.0218, 0.0814, 0.0791, 0.0822, 0.6316], [0.0688, 0.0359, 0.0528, 0.0724, 0.0589, 0.0626, 0.6487], [0.0633, 0.0391, 0.0188, 0.0688, 0.0388, 0.075, 0.6963], [0.024, 0.0573, 0.0659, 0.0494, 0.0141, 0.0501, 0.7393], [0.0509, 0.0181, 0.0247, 0.0875, 0.0814, 0.0539, 0.6835], [0.0506, 0.0729, 0.0324, 0.0247, 0.0749, 0.0211, 0.7234], [0.0582, 0.0397, 0.0278, 0.0754, 0.0737, 0.0536, 0.6717], [0.0513, 0.0623, 0.0303, 0.0175, 0.0377, 0.0268, 0.7741], [0.0365, 0.0468, 0.0565, 0.0667, 0.0336, 0.0472, 0.7126], [0.0369, 0.0567, 0.0171, 0.0294, 0.0609, 0.0162, 0.7828], [0.0291, 0.0618, 0.0689, 0.0322, 0.0648, 0.0641, 0.6791], [0.0602, 0.0601, 0.037, 0.0467, 0.05, 0.0787, 0.6672], [0.0744, 0.0375, 0.0182, 0.0132, 0.0638, 0.0707, 0.7222], [0.0235, 0.0785, 0.0407, 0.0733, 0.0873, 0.0539, 0.6427], [0.043, 0.0715, 0.0778, 0.0236, 0.0593, 0.0686, 0.6562], [0.0521, 0.0485, 0.0697, 0.0455, 0.0557, 0.0444, 0.6841], [0.0768, 0.0764, 0.0782, 0.0838, 0.0279, 0.0562, 0.6006], [0.0372, 0.0725, 0.0447, 0.0358, 0.0289, 0.0665, 0.7144], [0.0802, 0.0442, 0.0162, 0.0471, 0.0162, 0.0778, 0.7183], [0.0275, 0.0754, 0.0214, 0.0952, 0.0801, 0.0674, 0.633], [0.0302, 0.0638, 0.0343, 0.0698, 0.0501, 0.0491, 0.7028], [0.0804, 0.0707, 0.03, 0.0452, 0.0631, 0.0192, 0.6916], [0.0743, 0.0655, 0.0638, 0.0561, 0.0527, 0.0323, 0.6553], [0.0281, 0.0464, 0.0269, 0.0531, 0.0505, 0.0604, 0.7346], [0.086, 0.0857, 0.0864, 0.0453, 0.0667, 0.0237, 0.6061], [0.0686, 0.0437, 0.0732, 0.0593, 0.0433, 0.0423, 0.6695], [0.0594, 0.0804, 0.0516, 0.074, 0.0218, 0.0879, 0.625]], "emotions": ["purple", "purple", "purple", "purple", "purple", "purple", "purple", "purple", "purple", "purple", "purple", "purple", "purple", "purple", "purple", "purple", "purple", "purple", "purple", "purple", "purple", "purple", "purple", "purple", "purple", "purple", "purple", "purple", "purple", "purple", "purple", "purple", "purple", "purple", "purple", "purple", "purple", "purple", "purple", "purple", "purple", "purple", "purple", "purple", "purple", "purple", "purple", "purple", "purple", "purple", "purple", "purple", "purple", "purple", "purple", "purple", "purple", "purple", "purple", "purple", "purple", "purple", "purple", "purple", "purple", "purple", "purple", "purple", "purple", "purple", "purple", "purple", "purple", "purple", "purple", "purple", "purple", "purple", "purple", "purple"], "timestamps": [0, 40, 80, 120, 160, 200, 240, 280, 320, 360, 400, 440, 480, 520, 560, 600, 640, 680, 720, 760, 800, 840, 880, 920, 960, 1000, 1040, 1080, 1120, 1160, 1200, 1240, 1280, 1320, 1360, 1400, 1440, 1480, 1520, 1560, 1600, 1640, 1680, 1720, 1760, 1800, 1840, 1880, 1920, 1960, 2000, 2040, 2080, 2120, 2160, 2200, 2240, 2280, 2320, 2360, 2400, 2440, 2480, 2520, 2560, 2600, 2640, 2680, 2720, 2760, 2800, 2840, 2880, 2920, 2960, 3000, 3040, 3080, 3120, 3160]}], "conversation": [], "conversation_timestamps": []}