{
  "agent_id": "agent-type-blue-23",
  "type": "blue",
  "trips": [
    {
      "trip_id": 0,
      "transport_method": "bicycle",
      "start_time": 0,
      "path": [
        [
          1.5183414,
          42.50837979999999
        ],
        [
          1.5179417334243164,
          42.50810593071561
        ],
        [
          1.5175420668486326,
          42.507832061431216
        ],
        [
          1.5178488194679005,
          42.507863427215966
        ],
        [
          1.5183002358508286,
          42.50800461432584
        ],
        [
          1.5186470403479713,
          42.508252190526214
        ],
        [
          1.5190833270722115,
          42.508041497263626
        ],
        [
          1.5195196137964517,
          42.50783080400103
        ],
        [
          1.5199547932355082,
          42.50761961048591
        ],
        [
          1.520407368246203,
          42.50758322953024
        ],
        [
          1.5208366309701895,
          42.50780751874474
        ],
        [
          1.521264354593028,
          42.50803509347778
        ],
        [
          1.5216920782158667,
          42.50826266821081
        ],
        [
          1.5213697632819787,
          42.508427798288714
        ],
        [
          1.5212407179427552,
          42.5083439587591
        ],
        [
          1.5216384849237194,
          42.5083494785539
        ],
        [
          1.521400210587947,
          42.50810737705092
        ],
        [
          1.5209724869651082,
          42.50787980231788
        ],
        [
          1.5205447633422695,
          42.50765222758485
        ],
        [
          1.520647482243464,
          42.50745903358215
        ],
        [
          1.5211319178644729,
          42.50746677217035
        ],
        [
          1.521616353485482,
          42.50747451075855
        ],
        [
          1.5219655722450995,
          42.507250720267
        ],
        [
          1.5217209888981573,
          42.50702226563824
        ],
        [
          1.5216067763894516,
          42.50698633382385
        ],
        [
          1.5220267910458054,
          42.507147822983896
        ],
        [
          1.521912750228644,
          42.50750207920365
        ],
        [
          1.522373747807585,
          42.507510926954126
        ],
        [
          1.522340331976939,
          42.50714095910952
        ],
        [
          1.5220049190855276,
          42.506791336528835
        ],
        [
          1.5216695061941163,
          42.50644171394815
        ],
        [
          1.5217571465033977,
          42.5060601906038
        ],
        [
          1.5218714107116937,
          42.505590888242644
        ],
        [
          1.521787421166373,
          42.50591952139336
        ],
        [
          1.5219804449979721,
          42.50626414067505
        ],
        [
          1.5224534592571985,
          42.50636899899479
        ],
        [
          1.522923881114076,
          42.50646316323956
        ],
        [
          1.523386569250779,
          42.5066068697282
        ],
        [
          1.5238592636319814,
          42.50671311693208
        ],
        [
          1.5243279227116755,
          42.506777248827824
        ],
        [
          1.5246262915330786,
          42.50671855701214
        ],
        [
          1.5249363774957487,
          42.5069454005709
        ],
        [
          1.5252666545185494,
          42.50711257490935
        ],
        [
          1.5257493870853187,
          42.507153891076044
        ],
        [
          1.526232119652088,
          42.50719520724273
        ],
        [
          1.5267020918061471,
          42.50724310772131
        ],
        [
          1.5265183300169853,
          42.507655965706725
        ],
        [
          1.5262411271226406,
          42.507958864344
        ],
        [
          1.5258125618438552,
          42.50773287859562
        ],
        [
          1.5253812416785704,
          42.50751248218103
        ],
        [
          1.5251550243783047,
          42.507408564094135
        ],
        [
          1.525592356631937,
          42.507616762703655
        ],
        [
          1.5260209219107226,
          42.507842748452035
        ],
        [
          1.5263928623060956,
          42.507870979806874
        ],
        [
          1.5265756642588686,
          42.50745755890692
        ],
        [
          1.5264801570746869,
          42.50721643629626
        ],
        [
          1.5259974245079175,
          42.50717512012957
        ],
        [
          1.5255146919411482,
          42.50713380396288
        ],
        [
          1.5250714247653738,
          42.50706532644464
        ],
        [
          1.5247825547814013,
          42.506785400881114
        ],
        [
          1.5245208819287237,
          42.506621446494826
        ],
        [
          1.52414266298355,
          42.506825087830926
        ],
        [
          1.5236709911355317,
          42.506714347484
        ],
        [
          1.523231656860693,
          42.50666925964236
        ],
        [
          1.5227594257765678,
          42.5065609288534
        ],
        [
          1.5222871946924426,
          42.50645259806445
        ],
        [
          1.5219728030682844,
          42.5064399276538
        ],
        [
          1.5222873519952416,
          42.506808433731365
        ],
        [
          1.5223122990778006,
          42.506837660191074
        ],
        [
          1.5219977501508433,
          42.50646915411351
        ],
        [
          1.5216852054370908,
          42.5063948681588
        ],
        [
          1.5219579071302787,
          42.50674233292302
        ],
        [
          1.5222933200216902,
          42.507091955503704
        ],
        [
          1.522517636131089,
          42.50748827300462
        ],
        [
          1.5229190566190318,
          42.50769104348317
        ],
        [
          1.523206844589417,
          42.50790210190551
        ],
        [
          1.5227786989080623,
          42.5080759690001
        ],
        [
          1.522363264197714,
          42.50800176509141
        ],
        [
          1.522458973570542,
          42.50794293768096
        ],
        [
          1.522666592881515,
          42.50808326194735
        ],
        [
          1.5231192193431513,
          42.507972406702535
        ],
        [
          1.5230288766118028,
          42.50771471873302
        ],
        [
          1.5225752807090984,
          42.50758469940605
        ],
        [
          1.5223710939918031,
          42.50717302435
        ],
        [
          1.5220356811003917,
          42.50682340176932
        ],
        [
          1.5217002682089804,
          42.50647377918863
        ],
        [
          1.5213841329760307,
          42.50612538441142
        ],
        [
          1.52093166975324,
          42.5059521366447
        ],
        [
          1.520917108399819,
          42.505999293693044
        ],
        [
          1.521247414206777,
          42.506179183788596
        ],
        [
          1.5210637166445053,
          42.50637590446512
        ],
        [
          1.5212312659030889,
          42.506118178279294
        ],
        [
          1.520778128887892,
          42.5059467005778
        ],
        [
          1.5203090326920097,
          42.505827812299025
        ],
        [
          1.5198370192944406,
          42.50571853691678
        ],
        [
          1.5193650058968715,
          42.50560926153454
        ],
        [
          1.5188929924993024,
          42.50549998615229
        ],
        [
          1.518421087265024,
          42.50556435511879
        ],
        [
          1.5184556644245504,
          42.505931236604646
        ],
        [
          1.5183586000000007,
          42.50548319999999
        ]
      ],
      "emotions": [
        "purple",
        "purple",
        "purple",
        "purple",
        "purple",
        "red",
        "red",
        "red",
        "red",
        "red",
        "green",
        "green",
        "green",
        "green",
        "green",
        "green",
        "green",
        "green",
        "green",
        "green",
        "purple",
        "purple",
        "purple",
        "purple",
        "purple",
        "purple",
        "purple",
        "purple",
        "purple",
        "purple",
        "green",
        "green",
        "green",
        "green",
        "green",
        "purple",
        "purple",
        "purple",
        "purple",
        "purple",
        "green",
        "green",
        "green",
        "green",
        "green",
        "purple",
        "purple",
        "purple",
        "purple",
        "purple",
        "green",
        "green",
        "green",
        "green",
        "green",
        "green",
        "green",
        "green",
        "green",
        "green",
        "green",
        "green",
        "green",
        "green",
        "green",
        "green",
        "green",
        "green",
        "green",
        "green",
        "red",
        "red",
        "red",
        "red",
        "red",
        "green",
        "green",
        "green",
        "green",
        "green",
        "green",
        "green",
        "green",
        "green",
        "green",
        "red",
        "red",
        "red",
        "red",
        "red",
        "red",
        "red",
        "red",
        "red",
        "red",
        "green",
        "green",
        "green",
        "green",
        "green"
      ],
      "mood_vectors": [
        [
          0.05156367031383846,
          0.1977828385517076,
          0.2013464893371204,
          0.08598238646296859,
          0.17383481839725362,
          0.09361892507864407,
          0.19587087185846722
        ],
        [
          0.07946871167482529,
          0.0624342222776827,
          0.08674968465664165,
          0.29062990709156816,
          0.07114215669947918,
          0.13924903428665136,
          0.2703262833131517
        ],
        [
          0.16617895112893302,
          0.26488458499060535,
          0.19444989926013334,
          0.2597911047269816,
          0.03520590134114117,
          0.018930021205738723,
          0.060559537346466796
        ],
        [
          0.04155930362630983,
          0.17429630866205165,
          0.00855105282910666,
          0.26362083621423876,
          0.04926101022105061,
          0.17935605220604267,
          0.2833554362411999
        ],
        [
          0.16413178843946266,
          0.07244655076096179,
          0.058692658010510664,
          0.045360177906788396,
          0.0616699981942193,
          0.3280891334044367,
          0.26960969328362056
        ],
        [
          0.024495503487776626,
          0.2062581293041205,
          0.19458527666735745,
          0.09889905418451388,
          0.2041371761341125,
          0.10652217694629353,
          0.16510268327582558
        ],
        [
          0.19881090943053217,
          0.11359716767786719,
          0.1925117884922981,
          0.13453093047435205,
          0.15800991353107163,
          0.04352109596021444,
          0.15901819443366438
        ],
        [
          0.16980441114575384,
          0.2121509691645208,
          0.06436534635451942,
          0.037536591252843275,
          0.21161156759668945,
          0.22300824709196038,
          0.08152286739371283
        ],
        [
          0.16869680740074555,
          0.15754647225469207,
          0.21738931897463137,
          0.029699996928609695,
          0.14268013380095357,
          0.0814095361665741,
          0.20257773447379368
        ],
        [
          0.039977880603005944,
          0.06632318524076217,
          0.21855301677108324,
          0.21805270351092781,
          0.07969770964215851,
          0.22250751670398147,
          0.15488798752808086
        ],
        [
          0.0970590597636912,
          0.12962553669042592,
          0.23122603130782435,
          0.17641402924441438,
          0.05317607221936484,
          0.15584595528153805,
          0.15665331549274134
        ],
        [
          0.01906986465188294,
          0.13935090224008778,
          0.2422494886455414,
          0.23326795352803578,
          0.04085308616242157,
          0.17386432066034474,
          0.1513443841116858
        ],
        [
          0.12179219863895277,
          0.2331997055384386,
          0.11636612594678833,
          0.2086768204086766,
          0.08837260002726567,
          0.22267531008512376,
          0.008917239354754228
        ],
        [
          0.20552088120952505,
          0.14936725752332028,
          0.11935108658822446,
          0.04859649282481669,
          0.18890490938429866,
          0.07809298844886486,
          0.21016638402094992
        ],
        [
          0.12753775307998363,
          0.3131999483897385,
          0.05740777728965986,
          0.060171285524386275,
          0.32795328270446483,
          0.008235440520771919,
          0.10549451249099491
        ],
        [
          0.26771742330495385,
          0.010393756034180808,
          0.06705915202500456,
          0.23357784917308577,
          0.016935693287868585,
          0.3791147513817915,
          0.025201374793115
        ],
        [
          0.007396935972667049,
          0.06229464665305005,
          0.2490003488745417,
          0.20562372547555569,
          0.07753083257898433,
          0.2967318182666014,
          0.10142169217859984
        ],
        [
          0.06893805103864621,
          0.0911807919803099,
          0.32606234232047665,
          0.20589246937176778,
          0.0922501881364338,
          0.04814896772680919,
          0.16752718942555647
        ],
        [
          0.1852458459360517,
          0.22063457238923898,
          0.21804997470562298,
          0.010715257036919914,
          0.07737790359323383,
          0.18004207069422118,
          0.10793437564471145
        ],
        [
          0.13950363323714982,
          0.09717378365852489,
          0.14099592504750585,
          0.17485488095568982,
          0.24237301353697502,
          0.1557281571272129,
          0.049370606436941786
        ],
        [
          0.22927455833093843,
          0.06651332200964472,
          0.22998139308409704,
          0.13578470922376606,
          0.0760121455240665,
          0.06598935233421804,
          0.19644451949326933
        ],
        [
          0.15103471116889775,
          0.17234117453245315,
          0.18236210143767462,
          0.1359278021442931,
          0.15943758299018687,
          0.11317598561196648,
          0.08572064211452808
        ],
        [
          0.30222540320302427,
          0.15880285119349824,
          0.09884831450951867,
          0.05043331036265603,
          0.009260629279664622,
          0.28284963615548103,
          0.09757985529615718
        ],
        [
          0.12796761166152196,
          0.1583813665815299,
          0.1733543025454321,
          0.14592284536504385,
          0.19359914656926633,
          0.06239766286568656,
          0.1383770644115193
        ],
        [
          0.10012365174046292,
          0.10906898303134999,
          0.16898341983400975,
          0.02540415411959548,
          0.23283068369625848,
          0.22640467541590514,
          0.13718443216241835
        ],
        [
          0.09662056168500482,
          0.05832004957659459,
          0.2753414602117002,
          0.27067092931045145,
          0.06743444380717901,
          0.09681815677275409,
          0.1347943986363158
        ],
        [
          0.20542323346594504,
          0.09399506024471072,
          0.0891800986614803,
          0.18976755939065484,
          0.0943131014582515,
          0.20944447253272178,
          0.11787647424623583
        ],
        [
          0.058586789046351916,
          0.11923710219751021,
          0.25557146296456257,
          0.28932398748361715,
          0.042000148743449116,
          0.17075484927200027,
          0.06452566029250872
        ],
        [
          0.04197153192361264,
          0.1055995508961644,
          0.3128732848205795,
          0.2468417534319492,
          0.014652440616584892,
          0.15205341164207425,
          0.12600802666903504
        ],
        [
          0.10967253825919299,
          0.12539210162345474,
          0.18086044223281952,
          0.14537779376656523,
          0.18507638772396062,
          0.08197156736612929,
          0.17164916902787763
        ],
        [
          0.2595226451691057,
          0.11735338166946695,
          0.01402507040568477,
          0.1713256168562361,
          0.23296706573935136,
          0.004843969201040248,
          0.1999622509591148
        ],
        [
          0.12108005590351249,
          0.09316625826575706,
          0.34844506699548405,
          0.12092751442265155,
          0.07875344028856579,
          0.22111601932208966,
          0.016511644801939306
        ],
        [
          0.13266653029775025,
          0.2808386460344627,
          0.18592261975517824,
          0.05897755315385467,
          0.018369473006545643,
          0.10471846428220372,
          0.21850671347000478
        ],
        [
          0.22235292095728923,
          0.06542358521142201,
          0.08674172964582184,
          0.2569927117997699,
          0.23836457073326464,
          0.04069858441345401,
          0.08942589723897837
        ],
        [
          0.10244807520115778,
          0.29748289273593975,
          0.20952404696782856,
          0.12650426996939468,
          0.10838827821871931,
          0.03836396495409325,
          0.11728847195286664
        ],
        [
          0.19283251689417005,
          0.08943358963579733,
          0.08605795285960133,
          0.14937688642046879,
          0.1878445412598332,
          0.1297921987253147,
          0.1646623142048146
        ],
        [
          0.0992265564032397,
          0.2819323372455133,
          0.27979557316108156,
          0.018003635248564104,
          0.04772958340303283,
          0.05122511012065627,
          0.22208720441791213
        ],
        [
          0.08330791530694762,
          0.1059164136716529,
          0.012383059500790067,
          0.16946362813549326,
          0.24654498244134038,
          0.18750871780433542,
          0.1948752831394404
        ],
        [
          0.20196035558146835,
          0.2018233299252756,
          0.07459541636443329,
          0.1794677049217359,
          0.09633800539033814,
          0.11363150633046855,
          0.13218368148628018
        ],
        [
          0.1800335722752793,
          0.13840693257296735,
          0.17951838613468848,
          0.10473260489616705,
          0.09892480485270032,
          0.20111611290890288,
          0.0972675863592947
        ],
        [
          0.17209811562366487,
          0.21465658818127875,
          0.13797787661586064,
          0.06215121796347671,
          0.19087505447711509,
          0.08090651576757063,
          0.14133463137103325
        ],
        [
          0.1371263121746656,
          0.14266699305407385,
          0.16476392361653952,
          0.24600799609630586,
          0.0021598099903853704,
          0.20727692318700935,
          0.09999804188102047
        ],
        [
          0.25268080540510585,
          0.2827433258160265,
          0.04666009152271427,
          0.14533628594401451,
          0.11331532042200539,
          0.1585450387551234,
          0.0007191321350100476
        ],
        [
          0.3950991228133766,
          0.028121187285819905,
          0.2532519940332913,
          0.02436705557780789,
          0.1324277704276386,
          0.15273944976998,
          0.013993420092085764
        ],
        [
          0.0103317113320263,
          0.18263834400069948,
          0.06572363570098105,
          0.26218692982303893,
          0.030566642742954692,
          0.20503145938929548,
          0.2435212770110041
        ],
        [
          0.06716749089936597,
          0.14092602085390896,
          0.013412597147288792,
          0.056215729516358406,
          0.2013165271046994,
          0.26821340853500564,
          0.2527482259433728
        ],
        [
          0.05560982315479422,
          0.2011518793584884,
          0.29805836444147005,
          0.06610232981820112,
          0.2091870513876124,
          0.024657459050227877,
          0.14523309278920596
        ],
        [
          0.18160127742566065,
          0.0789961757986854,
          0.12175744173161594,
          0.22115577061019662,
          0.18880748379894458,
          0.08852534426537695,
          0.11915650636951976
        ],
        [
          0.2652602313544831,
          0.14913335386813814,
          0.09250411213994619,
          0.32375118368090544,
          0.07123711551446531,
          0.06721363446498778,
          0.030900368977074013
        ],
        [
          0.09290139328249387,
          0.22909018213077487,
          0.15537398510507017,
          0.06855333080455503,
          0.18307344014515428,
          0.036672768075434514,
          0.2343349004565173
        ],
        [
          0.10355833891721639,
          0.26288682557492726,
          0.12213634044505067,
          0.14374772898550137,
          0.2869005447645214,
          0.06883881734324626,
          0.011931403969536701
        ],
        [
          0.2522996058032969,
          0.04139755569702351,
          0.2587118440558767,
          0.07107808857728944,
          0.15765431368337607,
          0.19372038512630416,
          0.0251382070568332
        ],
        [
          0.17606301240009256,
          0.09334802215260002,
          0.06755746519648276,
          0.10522819790717246,
          0.19760092951745428,
          0.20683061842475473,
          0.15337175440144307
        ],
        [
          0.02398474863675507,
          0.21577900289960963,
          0.1677058899682079,
          0.18767433797160935,
          0.17502460659599553,
          0.02969057136813828,
          0.20014084255968423
        ],
        [
          0.23651270152978796,
          0.09041849128387909,
          0.12540801410852398,
          0.10296230916723154,
          0.19771523678266276,
          0.12941318054182888,
          0.1175700665860857
        ],
        [
          0.12668572753579127,
          0.18923023455666982,
          0.0869885189675423,
          0.19891878197899893,
          0.03855443203077191,
          0.18211042087023158,
          0.1775118840599942
        ],
        [
          0.03224762489449762,
          0.20511234564599395,
          0.046978712140004,
          0.2956914431499793,
          0.1603421633558133,
          0.054026514500161535,
          0.20560119631355026
        ],
        [
          0.2057178249827282,
          0.2187036898647687,
          0.11833667458872682,
          0.12003527961661394,
          0.2048272182534589,
          0.017110823881960738,
          0.11526848881174274
        ],
        [
          0.09391887250033891,
          0.2558083657711483,
          0.20430501437186874,
          0.1691572075874427,
          0.144065000851769,
          0.06607141016699936,
          0.06667412875043296
        ],
        [
          0.19750285347231233,
          0.0910878190625298,
          0.20810051393573434,
          0.22082220111033035,
          0.05934753656412221,
          0.10847173789062532,
          0.11466733796434556
        ],
        [
          0.0637686602293083,
          0.25026193438825595,
          0.02678255946051917,
          0.10231978085794352,
          0.13537325757929514,
          0.2350107693947625,
          0.1864830380899155
        ],
        [
          0.1953588332364029,
          0.1729607601693285,
          0.14829359405914527,
          0.14985439757662958,
          0.19265282962951905,
          0.08460079318528002,
          0.05627879214369472
        ],
        [
          0.17780820358162872,
          0.2283794960987936,
          0.0468237564700427,
          0.20769743995853415,
          0.04949027653159039,
          0.17809389524031496,
          0.11170693211909552
        ],
        [
          0.1332491347728291,
          0.16271697644672828,
          0.12321417909243305,
          0.11638472167203709,
          0.1424253202285208,
          0.1613730323328931,
          0.16063663545455856
        ],
        [
          0.06828957925763818,
          0.17374674071233662,
          0.23131900309510953,
          0.12496814145589431,
          0.015411840793940592,
          0.265278406951323,
          0.12098628773375773
        ],
        [
          0.03144868374928089,
          0.0939969925356729,
          0.2328100308914757,
          0.2123155836610289,
          0.16539378118301754,
          0.12848433664213235,
          0.13555059133739178
        ],
        [
          0.005188220193275132,
          0.030996852431489186,
          0.2596652021575064,
          0.1981268780136181,
          0.09750425119597525,
          0.20625540412650833,
          0.20226319188162756
        ],
        [
          0.17663386754027371,
          0.03873659921284374,
          0.09450346523062053,
          0.1732318407971336,
          0.12885449661619883,
          0.23366221695275222,
          0.15437751365017738
        ],
        [
          0.06382094221951716,
          0.2358852577372035,
          0.01857751231469434,
          0.2506892829440033,
          0.12598446916127182,
          0.27598697884484236,
          0.029055556778467606
        ],
        [
          0.12150142748048715,
          0.21878678499936216,
          0.22532879246741228,
          0.06340926934459906,
          0.23418136384616706,
          0.011567504721604843,
          0.12522485714036746
        ],
        [
          0.07097959591614252,
          0.02744125628886178,
          0.15952101508956204,
          0.1974672130838533,
          0.17192783846597307,
          0.1809582565374555,
          0.19170482461815175
        ],
        [
          0.1729285199787149,
          0.08888204688738408,
          0.11263220880748617,
          0.1754084389070915,
          0.16942245037267142,
          0.10041799578477424,
          0.18030833926187756
        ],
        [
          0.11560583851000061,
          0.15647248370493289,
          0.20035110833686134,
          0.11422173409670647,
          0.18200616386749308,
          0.1545311056915246,
          0.07681156579248102
        ],
        [
          0.25759367302405817,
          0.043827986505158525,
          0.1250182638129867,
          0.1271178495586984,
          0.11508564245326845,
          0.07668979654073185,
          0.25466678810509796
        ],
        [
          0.12679393379560208,
          0.16999692182339496,
          0.1580793208677818,
          0.16304102031482626,
          0.0522650613253767,
          0.155442029201655,
          0.1743817126713632
        ],
        [
          0.24731116140920734,
          0.1343422202924446,
          0.04170241022457827,
          0.2573660527581589,
          0.04191194021784558,
          0.018284071811204377,
          0.259082143286561
        ],
        [
          0.20934095609678324,
          0.12313391494636501,
          0.021517592490707445,
          0.12046559923591607,
          0.20229506586059703,
          0.19169961468935273,
          0.13154725668027856
        ],
        [
          0.22284902048185287,
          0.23516065872176373,
          0.19275521085608457,
          0.1392438639819482,
          0.05158455459718966,
          0.06274041932537354,
          0.09566627203578744
        ],
        [
          0.09949819156823572,
          0.1930360542012712,
          0.020780854265001186,
          0.057357418454410655,
          0.27456859029350345,
          0.20303548066958424,
          0.15172341054799346
        ],
        [
          0.1589107124281658,
          0.14639178796271754,
          0.17764210967719835,
          0.08885371805583771,
          0.10009501118049012,
          0.19391400678392048,
          0.13419265391166998
        ],
        [
          0.19671721141320542,
          0.1460728545460306,
          0.13745024692067245,
          0.13169637972579498,
          0.1619865445025687,
          0.04451222477759914,
          0.18156453811412868
        ],
        [
          0.1709857423786585,
          0.18939624632008367,
          0.14513253568315268,
          0.0534426006804738,
          0.08444698174470093,
          0.09112129684526754,
          0.26547459634766296
        ],
        [
          0.1617352075393318,
          0.2199250820085604,
          0.05940867698099628,
          0.224873414332921,
          0.22093508632688272,
          0.09314434006388357,
          0.019978192747424208
        ],
        [
          0.24370483144758645,
          0.1185776536149488,
          0.12249843231976114,
          0.17779858646996782,
          0.06589270793015364,
          0.24980626792653227,
          0.021721520291049956
        ],
        [
          0.14097046217460787,
          0.24510365285623495,
          0.048513436333250094,
          0.060757357048240944,
          0.03733362356925488,
          0.4303273693831866,
          0.03699409863522467
        ],
        [
          0.19554276124428802,
          0.25842105983241886,
          0.017236665360761058,
          0.13348547816167697,
          0.07919112963716408,
          0.24530556175030402,
          0.070817344013387
        ],
        [
          0.35047771896948704,
          0.14290031596008754,
          0.2798470812429106,
          0.09882723409752557,
          0.02241816972601472,
          0.00876321515386886,
          0.09676626485010571
        ],
        [
          0.04958246003683857,
          0.2484918651078082,
          0.05323073177175393,
          0.19669082562877438,
          0.017532797809374376,
          0.23421206877309167,
          0.20025925087235893
        ],
        [
          0.15145021764942748,
          0.22714138448411064,
          0.2427497454057821,
          0.0022987138292331734,
          0.04469434051433773,
          0.15535000668423724,
          0.17631559143287173
        ],
        [
          0.11079992544745937,
          0.2421048859560559,
          0.0018823721270000316,
          0.13901617195944976,
          0.12479014929012629,
          0.16404103202503734,
          0.2173654631948713
        ],
        [
          0.028963990010178253,
          0.13879909722018013,
          0.02679669594235713,
          0.33090006711472886,
          0.18970074701576053,
          0.19779447884168017,
          0.0870449238551149
        ],
        [
          0.2521431454986702,
          0.2499455289723223,
          0.1538331938687416,
          0.05625808771172589,
          0.09036217261978438,
          0.13151861104072818,
          0.06593926028802745
        ],
        [
          0.07104516929174709,
          0.1265723268928151,
          0.19472579625490744,
          0.03878800335507891,
          0.18493620247126177,
          0.20125439241375861,
          0.18267810932043105
        ],
        [
          0.05768149279278591,
          0.07213670857360657,
          0.251410146888093,
          0.023949768156178698,
          0.03959452331859107,
          0.2996103892405145,
          0.2556169710302303
        ],
        [
          0.11415149004050154,
          0.21489105089691257,
          0.22523411636694954,
          0.19652282338668978,
          0.13258034638469085,
          0.040029591438570065,
          0.07659058148568564
        ],
        [
          0.025229914549940297,
          0.06093299221971191,
          0.23565260444319944,
          0.03795158998139788,
          0.07968659007651728,
          0.29051307535012694,
          0.27003323337910634
        ],
        [
          0.1602569663600406,
          0.026918793945845294,
          0.0665045776400076,
          0.24987433847232365,
          0.18954538896042866,
          0.22724861226253862,
          0.07965132235881561
        ],
        [
          0.1031797035080698,
          0.039159561146512645,
          0.02897331561974375,
          0.3072107336648597,
          0.31813746014433597,
          0.15957165657854963,
          0.04376756933792849
        ],
        [
          0.17623880709018666,
          0.12184308052940729,
          0.11958521110148958,
          0.17572091301933904,
          0.18704083361794877,
          0.13624157925859073,
          0.08332957538303792
        ],
        [
          0.12896823942577765,
          0.2659655302684821,
          0.19565722014542325,
          0.092605769827375,
          0.12939947716727956,
          0.13418135787068403,
          0.053222405294978445
        ]
      ],
      "timestamps": [
        0,
        1,
        2,
        3,
        4,
        5,
        6,
        7,
        8,
        9,
        10,
        11,
        12,
        13,
        14,
        15,
        16,
        17,
        18,
        19,
        20,
        21,
        22,
        23,
        24,
        25,
        26,
        27,
        28,
        29,
        30,
        31,
        32,
        33,
        34,
        35,
        36,
        37,
        38,
        39,
        40,
        41,
        42,
        43,
        44,
        45,
        46,
        47,
        48,
        49,
        50,
        51,
        52,
        53,
        54,
        55,
        56,
        57,
        58,
        59,
        60,
        61,
        62,
        63,
        64,
        65,
        66,
        67,
        68,
        69,
        70,
        71,
        72,
        73,
        74,
        75,
        76,
        77,
        78,
        79,
        80,
        81,
        82,
        83,
        84,
        85,
        86,
        87,
        88,
        89,
        90,
        91,
        92,
        93,
        94,
        95,
        96,
        97,
        98,
        99
      ],
      "distance": 799.7
    }
  ],
  "conversation": [
    "Need to remember to pick up groceries.",
    "I could get used to this fog.",
    "This reminds me of..."
  ],
  "conversation_timestamps": [
    87,
    95,
    96
  ]
}
