{"agent_id": "agent-purple-1394", "type": "purple", "trips": [{"trip_id": 0, "transport_method": "bus", "start_time": 0, "path": [[1.5200292, 42.4984273], [1.5206594, 42.4990408], [1.5199318, 42.4996954], [1.5194452, 42.5004223], [1.5191682, 42.5010256], [1.5198705, 42.5016075], [1.5201442, 42.5025379], [1.5209034, 42.5031563], [1.5214988, 42.5039148], [1.5219751, 42.5045236], [1.5220656, 42.505467], [1.5217036, 42.5063938], [1.5222986, 42.5068003], [1.5227086, 42.507621], [1.5236831, 42.5077904], [1.5246786, 42.5078596], [1.5256395, 42.5081496], [1.5265275, 42.5084934], [1.5275184, 42.508603], [1.5283309, 42.5091832], [1.5290703, 42.5098525], [1.5295979, 42.5106514], [1.5298784, 42.5113674], [1.5307413, 42.5118], [1.5307389, 42.5126307], [1.5303104, 42.5135183], [1.5302332, 42.5144324], [1.5294845, 42.5150771], [1.5288264, 42.5158224], [1.5279567, 42.5163247], [1.5270869, 42.516827], [1.526328, 42.5172433], [1.5272095, 42.516822], [1.5280911, 42.5163816], [1.5288924, 42.5158045], [1.5281074, 42.5162961], [1.5272652, 42.5168434], [1.5264231, 42.5173906], [1.5255809, 42.5179379], [1.5247387, 42.5184851], [1.525331, 42.5180582], [1.5260646, 42.517393], [1.5256589, 42.5177552], [1.524842, 42.5183393], [1.524026, 42.5189223], [1.5238289, 42.5198737], [1.5234811, 42.5208099], [1.5228881, 42.5215986], [1.5220971, 42.5222082], [1.5216964, 42.5231195], [1.5210834, 42.5239111], [1.5206349, 42.5247974], [1.5205957, 42.5258006], [1.5202522, 42.5267165], [1.5200221, 42.5276182], [1.5205813, 42.5284474], [1.5205214, 42.5294155], [1.5198184, 42.5300978], [1.5198141, 42.5309331], [1.5195673, 42.5318693], [1.519744, 42.5328461], [1.5194786, 42.5338018], [1.5200558, 42.5345914], [1.5207905, 42.5352755], [1.5211055, 42.5359397], [1.5203821, 42.5366049], [1.5199252, 42.5374942], [1.519555, 42.5384264], [1.519362, 42.5394059], [1.5193708, 42.5403613], [1.5191148, 42.5412321], [1.5182016, 42.5416502], [1.5185933, 42.5414902], [1.5187935, 42.5413847], [1.5178857, 42.5418146], [1.5173083, 42.5426211], [1.5167506, 42.5434374], [1.5160113, 42.5441118], [1.5153317, 42.5448408], [1.5148741, 42.5456701]], "mood_vectors": [[0.0569, 0.0223, 0.0547, 0.0687, 0.0141, 0.7374, 0.0459], [0.0457, 0.0153, 0.0571, 0.0419, 0.0736, 0.6886, 0.0777], [0.0312, 0.0792, 0.0692, 0.0167, 0.0744, 0.6486, 0.0806], [0.0855, 0.0701, 0.0803, 0.0285, 0.0362, 0.6778, 0.0217], [0.0291, 0.0589, 0.0225, 0.0655, 0.0348, 0.7442, 0.045], [0.0263, 0.0307, 0.0186, 0.0654, 0.0533, 0.7478, 0.0579], [0.0955, 0.0765, 0.0644, 0.0306, 0.0563, 0.6225, 0.0542], [0.0826, 0.0455, 0.0831, 0.0695, 0.0842, 0.5978, 0.0373], [0.0336, 0.0172, 0.0551, 0.0556, 0.0365, 0.726, 0.076], [0.0757, 0.0434, 0.044, 0.0603, 0.0156, 0.7243, 0.0367], [0.0347, 0.0222, 0.0969, 0.0235, 0.0397, 0.6907, 0.0923], [0.0387, 0.0796, 0.0207, 0.0671, 0.0127, 0.7457, 0.0354], [0.025, 0.0881, 0.0171, 0.07, 0.0865, 0.6507, 0.0625], [0.0572, 0.0712, 0.0218, 0.0189, 0.0129, 0.7839, 0.0341], [0.0241, 0.0534, 0.0144, 0.0588, 0.0781, 0.7417, 0.0294], [0.0568, 0.0712, 0.0611, 0.0682, 0.0109, 0.7013, 0.0304], [0.061, 0.0456, 0.0295, 0.0159, 0.0578, 0.7473, 0.0429], [0.048, 0.0563, 0.0797, 0.0496, 0.0379, 0.7097, 0.0189], [0.064, 0.0288, 0.0549, 0.0185, 0.0478, 0.707, 0.0791], [0.0476, 0.0792, 0.066, 0.056, 0.0574, 0.6321, 0.0616], [0.022, 0.0283, 0.0589, 0.0286, 0.0241, 0.7681, 0.0701], [0.0269, 0.0577, 0.0334, 0.0321, 0.0551, 0.7312, 0.0636], [0.0778, 0.075, 0.0369, 0.0761, 0.0273, 0.6241, 0.083], [0.0147, 0.0537, 0.0746, 0.0249, 0.071, 0.7418, 0.0193], [0.0642, 0.0798, 0.0459, 0.0486, 0.03, 0.6752, 0.0563], [0.0756, 0.0597, 0.0517, 0.0601, 0.0696, 0.6612, 0.0222], [0.0194, 0.0566, 0.0672, 0.0306, 0.0328, 0.7765, 0.017], [0.033, 0.0526, 0.0499, 0.0572, 0.0545, 0.7255, 0.0273], [0.0496, 0.0774, 0.0617, 0.0611, 0.0637, 0.6266, 0.0598], [0.0449, 0.0451, 0.0138, 0.0724, 0.0607, 0.6977, 0.0655], [0.0501, 0.0626, 0.0297, 0.0484, 0.0664, 0.7091, 0.0337], [0.0808, 0.0517, 0.0455, 0.0711, 0.0814, 0.6111, 0.0584], [0.0811, 0.079, 0.0534, 0.0792, 0.0658, 0.5648, 0.0767], [0.0721, 0.0351, 0.0193, 0.0673, 0.0702, 0.6995, 0.0365], [0.0522, 0.0503, 0.0654, 0.0788, 0.0299, 0.6992, 0.0242], [0.0347, 0.0154, 0.0752, 0.0659, 0.0622, 0.7075, 0.0391], [0.0561, 0.021, 0.0365, 0.0692, 0.0752, 0.663, 0.0792], [0.0433, 0.0732, 0.0562, 0.049, 0.0618, 0.6592, 0.0572], [0.0567, 0.0352, 0.0517, 0.0415, 0.0725, 0.6796, 0.0629], [0.0474, 0.0343, 0.0779, 0.0397, 0.0377, 0.7302, 0.0328], [0.0468, 0.0365, 0.0551, 0.062, 0.0707, 0.6392, 0.0896], [0.0426, 0.017, 0.0232, 0.0215, 0.0761, 0.7397, 0.0798], [0.0189, 0.0666, 0.065, 0.0996, 0.041, 0.6871, 0.0219], [0.0482, 0.0176, 0.0538, 0.0407, 0.079, 0.7181, 0.0426], [0.0326, 0.03, 0.0701, 0.0445, 0.0863, 0.6871, 0.0495], [0.0186, 0.0497, 0.0402, 0.0641, 0.0292, 0.7254, 0.0728], [0.0354, 0.024, 0.0208, 0.0698, 0.0396, 0.7378, 0.0727], [0.0371, 0.0168, 0.0667, 0.0768, 0.0153, 0.7259, 0.0613], [0.0481, 0.0683, 0.0324, 0.0685, 0.0546, 0.6608, 0.0673], [0.0598, 0.0498, 0.0142, 0.0558, 0.0415, 0.7157, 0.0633], [0.0434, 0.0176, 0.065, 0.0426, 0.0818, 0.6741, 0.0753], [0.0695, 0.0909, 0.0494, 0.0425, 0.0599, 0.6289, 0.059], [0.0215, 0.0711, 0.04, 0.0296, 0.0773, 0.7473, 0.0132], [0.0203, 0.031, 0.0204, 0.0196, 0.0394, 0.7965, 0.0728], [0.0454, 0.0214, 0.016, 0.0389, 0.0453, 0.7691, 0.064], [0.0521, 0.0122, 0.0189, 0.0575, 0.0494, 0.7935, 0.0165], [0.0501, 0.0851, 0.0532, 0.0566, 0.0444, 0.623, 0.0877], [0.038, 0.0745, 0.0386, 0.0738, 0.0794, 0.6682, 0.0275], [0.0701, 0.0327, 0.0333, 0.0508, 0.0895, 0.693, 0.0305], [0.0214, 0.0238, 0.0424, 0.0655, 0.0301, 0.7845, 0.0323], [0.0171, 0.077, 0.0751, 0.0879, 0.0468, 0.6325, 0.0638], [0.05, 0.0395, 0.082, 0.0658, 0.015, 0.6706, 0.0772], [0.0437, 0.0292, 0.0318, 0.033, 0.0657, 0.7398, 0.0569], [0.0495, 0.0166, 0.0437, 0.0191, 0.0627, 0.7654, 0.0431], [0.0732, 0.0442, 0.0715, 0.0452, 0.0413, 0.7105, 0.0142], [0.0748, 0.0579, 0.0892, 0.0363, 0.0581, 0.6096, 0.0741], [0.0467, 0.0646, 0.0538, 0.0427, 0.0627, 0.7111, 0.0184], [0.0445, 0.017, 0.0917, 0.0508, 0.0418, 0.7054, 0.0488], [0.0178, 0.0678, 0.0403, 0.0525, 0.0469, 0.7205, 0.0542], [0.0146, 0.0227, 0.074, 0.0269, 0.0508, 0.7549, 0.0561], [0.0811, 0.0171, 0.0701, 0.0854, 0.0696, 0.6108, 0.0657], [0.0524, 0.0431, 0.078, 0.0512, 0.0379, 0.7152, 0.0222], [0.0274, 0.0807, 0.0554, 0.073, 0.0638, 0.6519, 0.0478], [0.0534, 0.071, 0.0744, 0.0819, 0.0279, 0.6369, 0.0545], [0.066, 0.0729, 0.0589, 0.0517, 0.0385, 0.6993, 0.0128], [0.0402, 0.0284, 0.033, 0.0203, 0.0573, 0.802, 0.0188], [0.0654, 0.0774, 0.0661, 0.0648, 0.0831, 0.5764, 0.0668], [0.0413, 0.056, 0.0685, 0.044, 0.0756, 0.6634, 0.0512], [0.0337, 0.0667, 0.0625, 0.0625, 0.0137, 0.7372, 0.0237], [0.0953, 0.0778, 0.0543, 0.0483, 0.0349, 0.6458, 0.0437]], "emotions": ["purple", "purple", "purple", "purple", "purple", "purple", "purple", "purple", "purple", "purple", "purple", "purple", "purple", "purple", "purple", "purple", "purple", "purple", "purple", "purple", "purple", "purple", "purple", "purple", "purple", "purple", "purple", "purple", "purple", "purple", "purple", "purple", "purple", "purple", "purple", "purple", "purple", "purple", "purple", "purple", "purple", "purple", "purple", "purple", "purple", "purple", "purple", "purple", "purple", "purple", "purple", "purple", "purple", "purple", "purple", "purple", "purple", "purple", "purple", "purple", "purple", "purple", "purple", "purple", "purple", "purple", "purple", "purple", "purple", "purple", "purple", "purple", "purple", "purple", "purple", "purple", "purple", "purple", "purple", "purple"], "timestamps": [0, 40, 80, 120, 160, 200, 240, 280, 320, 360, 400, 440, 480, 520, 560, 600, 640, 680, 720, 760, 800, 840, 880, 920, 960, 1000, 1040, 1080, 1120, 1160, 1200, 1240, 1280, 1320, 1360, 1400, 1440, 1480, 1520, 1560, 1600, 1640, 1680, 1720, 1760, 1800, 1840, 1880, 1920, 1960, 2000, 2040, 2080, 2120, 2160, 2200, 2240, 2280, 2320, 2360, 2400, 2440, 2480, 2520, 2560, 2600, 2640, 2680, 2720, 2760, 2800, 2840, 2880, 2920, 2960, 3000, 3040, 3080, 3120, 3160]}], "conversation": [], "conversation_timestamps": []}