{"agent_id": "agent-red-1141", "type": "red", "trips": [{"trip_id": 0, "transport_method": "car", "start_time": 0, "path": [[1.5194214, 42.5067652], [1.5195999, 42.5068349], [1.5197785, 42.5069046], [1.5199516, 42.5069841], [1.5201058, 42.507098], [1.5202594, 42.5072124], [1.5203677, 42.5073705], [1.5205367, 42.5074535], [1.5207203, 42.5074967], [1.5209119, 42.5075027], [1.5211035, 42.5075087], [1.5212951, 42.5075148], [1.5214866, 42.5075208], [1.5216777, 42.5075146], [1.5218335, 42.5075935], [1.5219731, 42.5077248], [1.5221333, 42.5077032], [1.5223242, 42.5077198], [1.5225152, 42.5077364], [1.5227061, 42.507753], [1.5228971, 42.5077696], [1.523088, 42.5077862], [1.5232592, 42.507826], [1.5234499, 42.5078066], [1.5236411, 42.5077933], [1.5238323, 42.50778], [1.5240238, 42.5077734], [1.5242154, 42.5077752], [1.524405, 42.5078022], [1.5245932, 42.5078384], [1.5247781, 42.5078883], [1.5249623, 42.5079414], [1.5251465, 42.5079945], [1.5253306, 42.5080476], [1.5255149, 42.5081005], [1.5256925, 42.5081719], [1.5258779, 42.5082141], [1.5260668, 42.5082453], [1.526254, 42.5082858], [1.5264427, 42.5083196], [1.5266328, 42.5083428], [1.5268241, 42.5083542], [1.5270157, 42.508359], [1.5272073, 42.5083609], [1.5273989, 42.5083664], [1.5275863, 42.5084013], [1.527763, 42.5084753], [1.5279392, 42.5085506], [1.5281155, 42.508626], [1.5282892, 42.5087067], [1.5284615, 42.5087905], [1.5286481, 42.5088347], [1.5288346, 42.5088788], [1.5290152, 42.5088168], [1.5291957, 42.5087523], [1.5293762, 42.5086878], [1.5295567, 42.5086233], [1.5297372, 42.5085588], [1.5299177, 42.5084942], [1.5300974, 42.5084278], [1.5302772, 42.5083613], [1.5304598, 42.5083055], [1.5306489, 42.5082744], [1.5308087, 42.5081748], [1.5309616, 42.5080593], [1.5311146, 42.5079437], [1.5312675, 42.5078282], [1.5314205, 42.5077127], [1.5315864, 42.5077576], [1.5317614, 42.5077019], [1.5319381, 42.5076275], [1.532112, 42.5075472], [1.5322845, 42.5074637], [1.532457, 42.5073801], [1.5326305, 42.5073164], [1.5328105, 42.5073823], [1.5329905, 42.5074481], [1.5331618, 42.5075312], [1.5333217, 42.5076369], [1.5334816, 42.5077426]], "mood_vectors": [[0.663, 0.0233, 0.0694, 0.0524, 0.0524, 0.0695, 0.07], [0.6274, 0.0558, 0.0903, 0.0877, 0.0525, 0.0442, 0.0421], [0.7166, 0.0156, 0.0657, 0.0761, 0.0668, 0.0392, 0.02], [0.7122, 0.0478, 0.0646, 0.0196, 0.0218, 0.0725, 0.0614], [0.5978, 0.0765, 0.072, 0.0843, 0.0648, 0.0243, 0.0803], [0.6202, 0.0456, 0.0845, 0.0409, 0.0694, 0.0665, 0.0728], [0.6323, 0.0838, 0.0403, 0.0821, 0.0365, 0.0715, 0.0535], [0.7581, 0.0589, 0.0536, 0.0473, 0.0248, 0.0139, 0.0434], [0.6802, 0.0665, 0.0378, 0.0578, 0.0423, 0.0695, 0.0459], [0.6746, 0.0496, 0.0837, 0.035, 0.026, 0.0551, 0.0759], [0.7069, 0.0393, 0.0653, 0.0217, 0.0332, 0.0735, 0.0602], [0.7341, 0.0682, 0.036, 0.0358, 0.0846, 0.0181, 0.0231], [0.6869, 0.0529, 0.0753, 0.0283, 0.0473, 0.0542, 0.0553], [0.6456, 0.052, 0.0373, 0.0929, 0.0458, 0.0972, 0.0292], [0.7189, 0.0443, 0.0352, 0.0611, 0.0452, 0.0257, 0.0697], [0.7516, 0.0803, 0.0441, 0.041, 0.0245, 0.0274, 0.0311], [0.7161, 0.031, 0.0658, 0.0495, 0.0712, 0.013, 0.0534], [0.7897, 0.0603, 0.0722, 0.014, 0.0235, 0.0224, 0.0179], [0.6485, 0.0164, 0.041, 0.0833, 0.0757, 0.0576, 0.0776], [0.7147, 0.0768, 0.0616, 0.0171, 0.0197, 0.0203, 0.0898], [0.6988, 0.046, 0.0474, 0.0599, 0.0783, 0.0387, 0.0309], [0.6927, 0.0451, 0.0562, 0.0319, 0.049, 0.0665, 0.0587], [0.7991, 0.0242, 0.042, 0.0279, 0.0142, 0.047, 0.0455], [0.6372, 0.0644, 0.0266, 0.0748, 0.0832, 0.0223, 0.0915], [0.7611, 0.0684, 0.0343, 0.0126, 0.0267, 0.0487, 0.0481], [0.7023, 0.0429, 0.0718, 0.0203, 0.0609, 0.0317, 0.07], [0.6703, 0.0772, 0.0649, 0.0269, 0.0843, 0.0377, 0.0388], [0.702, 0.0392, 0.0442, 0.0769, 0.0356, 0.0585, 0.0437], [0.7213, 0.0384, 0.0252, 0.0699, 0.0775, 0.0395, 0.0284], [0.7146, 0.0314, 0.0646, 0.0305, 0.0473, 0.0751, 0.0365], [0.6042, 0.078, 0.083, 0.0322, 0.0781, 0.0383, 0.0862], [0.6929, 0.0674, 0.0696, 0.0265, 0.03, 0.0663, 0.0473], [0.7346, 0.0192, 0.0513, 0.0963, 0.0266, 0.0499, 0.0221], [0.7506, 0.0371, 0.0144, 0.0395, 0.0421, 0.0782, 0.0381], [0.6627, 0.0746, 0.0682, 0.0474, 0.0583, 0.0644, 0.0244], [0.6351, 0.0384, 0.0448, 0.0535, 0.0986, 0.0752, 0.0543], [0.7259, 0.0217, 0.0369, 0.0366, 0.0319, 0.0651, 0.082], [0.6175, 0.0709, 0.047, 0.0796, 0.0629, 0.0639, 0.0582], [0.7151, 0.0321, 0.0493, 0.0439, 0.0357, 0.0524, 0.0714], [0.7043, 0.0523, 0.033, 0.0669, 0.0368, 0.0565, 0.0503], [0.6992, 0.0154, 0.0518, 0.0403, 0.066, 0.0649, 0.0624], [0.6914, 0.0692, 0.0548, 0.069, 0.048, 0.0514, 0.0162], [0.7409, 0.0486, 0.017, 0.0636, 0.0764, 0.0252, 0.0283], [0.6804, 0.0427, 0.0451, 0.0629, 0.0522, 0.0526, 0.0641], [0.7527, 0.0569, 0.0251, 0.0616, 0.0404, 0.0182, 0.0452], [0.6806, 0.0515, 0.0204, 0.0772, 0.0558, 0.091, 0.0235], [0.7675, 0.0651, 0.0284, 0.0139, 0.0618, 0.0456, 0.0176], [0.6652, 0.0453, 0.0295, 0.0738, 0.05, 0.0883, 0.048], [0.8133, 0.017, 0.0338, 0.0355, 0.0207, 0.0316, 0.0481], [0.7808, 0.0501, 0.0542, 0.0123, 0.0329, 0.045, 0.0246], [0.619, 0.0795, 0.0585, 0.0622, 0.0515, 0.0886, 0.0407], [0.7143, 0.0463, 0.0689, 0.0171, 0.0208, 0.0853, 0.0474], [0.7246, 0.0317, 0.0734, 0.0189, 0.0695, 0.0545, 0.0274], [0.6286, 0.0511, 0.0728, 0.0598, 0.0619, 0.0723, 0.0536], [0.7665, 0.0338, 0.0496, 0.0411, 0.0295, 0.0609, 0.0186], [0.7609, 0.0268, 0.0204, 0.0292, 0.0334, 0.0525, 0.0769], [0.6841, 0.044, 0.0599, 0.0605, 0.0489, 0.0643, 0.0383], [0.633, 0.0674, 0.0641, 0.0311, 0.0753, 0.0605, 0.0687], [0.7239, 0.0258, 0.0517, 0.0638, 0.0313, 0.0305, 0.073], [0.7134, 0.056, 0.0638, 0.0505, 0.0285, 0.0342, 0.0536], [0.7977, 0.026, 0.0469, 0.0201, 0.0182, 0.048, 0.0431], [0.7073, 0.0205, 0.0162, 0.0703, 0.0639, 0.0576, 0.0642], [0.7396, 0.0507, 0.044, 0.0457, 0.0181, 0.036, 0.0659], [0.6864, 0.0686, 0.0661, 0.0482, 0.0619, 0.0497, 0.019], [0.6937, 0.0174, 0.0373, 0.0433, 0.0509, 0.0842, 0.0732], [0.6658, 0.0757, 0.0616, 0.0473, 0.0394, 0.0669, 0.0434], [0.653, 0.0425, 0.0648, 0.0241, 0.0334, 0.0877, 0.0945], [0.6901, 0.0797, 0.0475, 0.0172, 0.1034, 0.0379, 0.0241], [0.74, 0.0268, 0.063, 0.0206, 0.0525, 0.0726, 0.0245], [0.729, 0.075, 0.0394, 0.0367, 0.0765, 0.0296, 0.0138], [0.7249, 0.0235, 0.039, 0.0527, 0.063, 0.0667, 0.0301], [0.744, 0.0616, 0.0155, 0.0425, 0.0286, 0.0459, 0.0619], [0.6143, 0.0698, 0.0818, 0.0416, 0.0524, 0.0775, 0.0625], [0.7777, 0.0817, 0.0156, 0.0592, 0.0215, 0.0312, 0.013], [0.7093, 0.0329, 0.0658, 0.0522, 0.0587, 0.0508, 0.0304], [0.739, 0.085, 0.0146, 0.024, 0.0365, 0.0187, 0.0821], [0.7173, 0.0647, 0.0439, 0.0698, 0.0404, 0.0208, 0.0431], [0.6504, 0.0901, 0.0234, 0.0397, 0.0821, 0.0804, 0.0338], [0.6744, 0.0426, 0.0773, 0.0709, 0.0165, 0.0307, 0.0876], [0.6748, 0.0364, 0.0533, 0.0792, 0.0927, 0.0466, 0.0171]], "emotions": ["red", "red", "red", "red", "red", "red", "red", "red", "red", "red", "red", "red", "red", "red", "red", "red", "red", "red", "red", "red", "red", "red", "red", "red", "red", "red", "red", "red", "red", "red", "red", "red", "red", "red", "red", "red", "red", "red", "red", "red", "red", "red", "red", "red", "red", "red", "red", "red", "red", "red", "red", "red", "red", "red", "red", "red", "red", "red", "red", "red", "red", "red", "red", "red", "red", "red", "red", "red", "red", "red", "red", "red", "red", "red", "red", "red", "red", "red", "red", "red"], "timestamps": [0, 40, 80, 120, 160, 200, 240, 280, 320, 360, 400, 440, 480, 520, 560, 600, 640, 680, 720, 760, 800, 840, 880, 920, 960, 1000, 1040, 1080, 1120, 1160, 1200, 1240, 1280, 1320, 1360, 1400, 1440, 1480, 1520, 1560, 1600, 1640, 1680, 1720, 1760, 1800, 1840, 1880, 1920, 1960, 2000, 2040, 2080, 2120, 2160, 2200, 2240, 2280, 2320, 2360, 2400, 2440, 2480, 2520, 2560, 2600, 2640, 2680, 2720, 2760, 2800, 2840, 2880, 2920, 2960, 3000, 3040, 3080, 3120, 3160]}], "conversation": [], "conversation_timestamps": []}