{"agent_id": "agent-red-61", "type": "red", "trips": [{"trip_id": 0, "transport_method": "car", "start_time": 0, "path": [[1.4927847, 42.4688547], [1.492907, 42.4699709], [1.4927249, 42.4692093], [1.4929938, 42.4696811], [1.4932552, 42.470864], [1.4933806, 42.4719428], [1.4932147, 42.4731091], [1.492165, 42.4736885], [1.4911685, 42.4743379], [1.4908389, 42.4754634], [1.4906118, 42.4766042], [1.490422, 42.4778018], [1.4902321, 42.4789993], [1.4900423, 42.4801968], [1.4898525, 42.4813943], [1.4895241, 42.4813359], [1.489384, 42.4801321], [1.4896336, 42.4789691], [1.4902635, 42.4779337], [1.4905782, 42.4768186], [1.4905621, 42.4773474], [1.4904663, 42.4785561], [1.4903706, 42.4797648], [1.4902748, 42.4809735], [1.4901791, 42.4821822], [1.4905252, 42.4832959], [1.4910782, 42.4843614], [1.4921699, 42.484807], [1.4932344, 42.4852554], [1.4941886, 42.4859994], [1.4947425, 42.4870429], [1.4947684, 42.4882268], [1.4955328, 42.4891663], [1.4962455, 42.4901298], [1.4965402, 42.4912465], [1.4975483, 42.4919184], [1.4986093, 42.4925044], [1.499653, 42.493116], [1.500561, 42.4939138], [1.5015118, 42.494549], [1.5026068, 42.4950695], [1.5037342, 42.4955085], [1.5048227, 42.496033], [1.5059635, 42.4964387], [1.5071067, 42.4968425], [1.5082313, 42.4972931], [1.5093234, 42.4978199], [1.510362, 42.4984318], [1.5111209, 42.4993769], [1.5118677, 42.5003321], [1.5125959, 42.5013015], [1.5132961, 42.502291], [1.5131148, 42.5020181], [1.513662, 42.5026743], [1.5145361, 42.5035146], [1.5154101, 42.5043549], [1.5163693, 42.5050711], [1.517417, 42.505419], [1.5185919, 42.5054504], [1.5197838, 42.5056604], [1.5209331, 42.5059463], [1.5220756, 42.5063508], [1.5232485, 42.50665], [1.5244288, 42.5068834], [1.5255914, 42.5071067], [1.5265923, 42.507227], [1.5253883, 42.5070893], [1.5261104, 42.5071341], [1.5273191, 42.50723], [1.5284355, 42.5075835], [1.5294043, 42.5082835], [1.5295636, 42.5083891], [1.5306206, 42.5088702], [1.5315879, 42.5093046], [1.5327357, 42.509672], [1.5339222, 42.5099044], [1.5351314, 42.5098974], [1.5363414, 42.5099613], [1.5375416, 42.5100337], [1.5387536, 42.5100653]], "mood_vectors": [[0.6602, 0.023, 0.0879, 0.0944, 0.0701, 0.0396, 0.0248], [0.6414, 0.0139, 0.0452, 0.0575, 0.0555, 0.0942, 0.0922], [0.703, 0.0655, 0.049, 0.0753, 0.062, 0.0298, 0.0154], [0.6904, 0.052, 0.037, 0.0557, 0.0494, 0.0649, 0.0506], [0.6902, 0.0551, 0.0765, 0.031, 0.0406, 0.0726, 0.034], [0.6974, 0.0202, 0.0926, 0.0447, 0.067, 0.038, 0.0399], [0.6364, 0.0604, 0.0165, 0.088, 0.0513, 0.0464, 0.101], [0.7256, 0.0134, 0.0678, 0.0599, 0.0663, 0.0178, 0.0492], [0.6722, 0.0559, 0.0395, 0.032, 0.0602, 0.08, 0.0602], [0.6705, 0.0456, 0.0562, 0.0555, 0.079, 0.0508, 0.0425], [0.6698, 0.0755, 0.0991, 0.0463, 0.0427, 0.0471, 0.0196], [0.6695, 0.0504, 0.0205, 0.048, 0.0538, 0.0666, 0.0911], [0.6162, 0.0225, 0.0895, 0.0614, 0.0668, 0.0812, 0.0624], [0.678, 0.0696, 0.0752, 0.0204, 0.0144, 0.0669, 0.0754], [0.7635, 0.0145, 0.0308, 0.0797, 0.0163, 0.0414, 0.0537], [0.7088, 0.0617, 0.0421, 0.057, 0.0205, 0.0619, 0.0479], [0.7067, 0.0485, 0.0535, 0.0792, 0.0292, 0.0579, 0.0251], [0.7345, 0.0705, 0.0496, 0.02, 0.0531, 0.0529, 0.0194], [0.7425, 0.0741, 0.0219, 0.0487, 0.0587, 0.0351, 0.0191], [0.6752, 0.0769, 0.0576, 0.0832, 0.0436, 0.0356, 0.028], [0.7724, 0.0337, 0.0561, 0.0164, 0.0309, 0.0591, 0.0314], [0.7245, 0.0354, 0.0887, 0.057, 0.0225, 0.0157, 0.0563], [0.6839, 0.0341, 0.0643, 0.0708, 0.0811, 0.0203, 0.0455], [0.6939, 0.0503, 0.0344, 0.0996, 0.0807, 0.0257, 0.0152], [0.7252, 0.0319, 0.0304, 0.0536, 0.0624, 0.0318, 0.0648], [0.7934, 0.0359, 0.0569, 0.0644, 0.0234, 0.0134, 0.0126], [0.6729, 0.0736, 0.0796, 0.0805, 0.0437, 0.0345, 0.0152], [0.6727, 0.018, 0.0281, 0.0413, 0.0774, 0.0664, 0.0961], [0.6968, 0.032, 0.0695, 0.0399, 0.0426, 0.0617, 0.0575], [0.6854, 0.0265, 0.0758, 0.0542, 0.0146, 0.0575, 0.086], [0.6664, 0.0587, 0.0703, 0.0558, 0.0234, 0.0757, 0.0496], [0.6426, 0.0554, 0.0698, 0.0551, 0.0715, 0.0674, 0.0382], [0.6834, 0.0295, 0.0708, 0.0204, 0.0512, 0.0967, 0.0481], [0.6523, 0.0721, 0.0691, 0.0454, 0.0728, 0.0156, 0.0727], [0.6587, 0.0844, 0.0312, 0.032, 0.0792, 0.0514, 0.0633], [0.7802, 0.0177, 0.0451, 0.022, 0.0584, 0.0196, 0.057], [0.7558, 0.0587, 0.037, 0.02, 0.0221, 0.0365, 0.0699], [0.5817, 0.0782, 0.0809, 0.0327, 0.0827, 0.0886, 0.0552], [0.6743, 0.0758, 0.0725, 0.0477, 0.0245, 0.0397, 0.0656], [0.823, 0.0432, 0.0624, 0.0209, 0.0157, 0.0184, 0.0164], [0.7453, 0.0392, 0.0392, 0.0594, 0.0309, 0.0324, 0.0537], [0.6816, 0.0708, 0.0324, 0.0159, 0.0554, 0.0601, 0.0839], [0.6858, 0.0821, 0.061, 0.0378, 0.082, 0.0307, 0.0206], [0.6843, 0.0487, 0.0466, 0.0319, 0.0746, 0.0352, 0.0788], [0.78, 0.0175, 0.0527, 0.04, 0.0581, 0.0297, 0.022], [0.6728, 0.0644, 0.0428, 0.0235, 0.0499, 0.0593, 0.0873], [0.7454, 0.0195, 0.0801, 0.0228, 0.0275, 0.0683, 0.0364], [0.7616, 0.0445, 0.0147, 0.0352, 0.0134, 0.0797, 0.0509], [0.6458, 0.089, 0.0778, 0.0417, 0.0515, 0.0479, 0.0462], [0.7008, 0.0448, 0.0569, 0.0692, 0.035, 0.02, 0.0734], [0.6546, 0.0382, 0.0648, 0.0523, 0.0552, 0.0691, 0.0657], [0.7381, 0.0259, 0.0759, 0.0548, 0.0376, 0.0515, 0.0163], [0.731, 0.0201, 0.0507, 0.0449, 0.081, 0.0297, 0.0426], [0.6925, 0.0366, 0.0274, 0.0336, 0.0638, 0.0833, 0.0628], [0.7068, 0.0656, 0.0369, 0.0418, 0.0368, 0.0457, 0.0664], [0.7228, 0.0426, 0.0436, 0.0352, 0.0583, 0.0587, 0.0387], [0.6265, 0.0703, 0.0805, 0.0601, 0.0465, 0.0522, 0.0639], [0.7785, 0.016, 0.0178, 0.072, 0.0422, 0.0329, 0.0406], [0.7159, 0.0434, 0.0326, 0.0686, 0.053, 0.074, 0.0125], [0.6202, 0.039, 0.0622, 0.0777, 0.0355, 0.0829, 0.0824], [0.7032, 0.0455, 0.0486, 0.0309, 0.0402, 0.0582, 0.0734], [0.6379, 0.0633, 0.025, 0.0766, 0.0835, 0.0373, 0.0765], [0.7036, 0.047, 0.0442, 0.0695, 0.056, 0.065, 0.0146], [0.6143, 0.0234, 0.0985, 0.0459, 0.08, 0.0482, 0.0896], [0.5915, 0.0612, 0.0652, 0.044, 0.0829, 0.0795, 0.0756], [0.7537, 0.0273, 0.0525, 0.0341, 0.0727, 0.0373, 0.0223], [0.6963, 0.081, 0.032, 0.0359, 0.0559, 0.0357, 0.0632], [0.7279, 0.0625, 0.0804, 0.0169, 0.0362, 0.0267, 0.0495], [0.6701, 0.0194, 0.0918, 0.0143, 0.0533, 0.0685, 0.0824], [0.6598, 0.0726, 0.0486, 0.0602, 0.0346, 0.052, 0.0724], [0.7817, 0.077, 0.0248, 0.0299, 0.0166, 0.0358, 0.0343], [0.7503, 0.0583, 0.0649, 0.0213, 0.0255, 0.0627, 0.0171], [0.6697, 0.0295, 0.08, 0.0307, 0.0842, 0.0223, 0.0837], [0.6966, 0.066, 0.037, 0.0321, 0.072, 0.0254, 0.0708], [0.6554, 0.0458, 0.0835, 0.0512, 0.0623, 0.0345, 0.0672], [0.7463, 0.0464, 0.0451, 0.0311, 0.0583, 0.0407, 0.032], [0.6024, 0.0887, 0.0776, 0.058, 0.071, 0.0397, 0.0626], [0.6913, 0.0866, 0.0672, 0.0196, 0.0162, 0.0601, 0.059], [0.7463, 0.0553, 0.0611, 0.034, 0.0448, 0.035, 0.0236], [0.5908, 0.0496, 0.0832, 0.047, 0.0695, 0.0837, 0.0762]], "emotions": ["red", "red", "red", "red", "red", "red", "red", "red", "red", "red", "red", "red", "red", "red", "red", "red", "red", "red", "red", "red", "red", "red", "red", "red", "red", "red", "red", "red", "red", "red", "red", "red", "red", "red", "red", "red", "red", "red", "red", "red", "red", "red", "red", "red", "red", "red", "red", "red", "red", "red", "red", "red", "red", "red", "red", "red", "red", "red", "red", "red", "red", "red", "red", "red", "red", "red", "red", "red", "red", "red", "red", "red", "red", "red", "red", "red", "red", "red", "red", "red"], "timestamps": [0, 40, 80, 120, 160, 200, 240, 280, 320, 360, 400, 440, 480, 520, 560, 600, 640, 680, 720, 760, 800, 840, 880, 920, 960, 1000, 1040, 1080, 1120, 1160, 1200, 1240, 1280, 1320, 1360, 1400, 1440, 1480, 1520, 1560, 1600, 1640, 1680, 1720, 1760, 1800, 1840, 1880, 1920, 1960, 2000, 2040, 2080, 2120, 2160, 2200, 2240, 2280, 2320, 2360, 2400, 2440, 2480, 2520, 2560, 2600, 2640, 2680, 2720, 2760, 2800, 2840, 2880, 2920, 2960, 3000, 3040, 3080, 3120, 3160]}], "conversation": [], "conversation_timestamps": []}