{"agent_id": "agent-green-1902", "type": "green", "trips": [{"trip_id": 0, "transport_method": "car", "start_time": 0, "path": [[1.5768265, 42.5352415], [1.5774769, 42.5346342], [1.5774348, 42.5339118], [1.5777728, 42.5329332], [1.5765722, 42.532745], [1.5770694, 42.5328036], [1.5775446, 42.5328852], [1.5763508, 42.5326574], [1.5751571, 42.5324296], [1.5750772, 42.5324415], [1.5759616, 42.5325468], [1.5748683, 42.5320161], [1.573775, 42.5314854], [1.5731403, 42.5313085], [1.5740406, 42.532111], [1.5735509, 42.5316326], [1.5726917, 42.530773], [1.5719383, 42.5298272], [1.5709665, 42.5291043], [1.5699945, 42.5283748], [1.5699254, 42.5282799], [1.5709334, 42.5289565], [1.5708297, 42.5290451], [1.5698182, 42.5283714], [1.5688067, 42.5276977], [1.5677953, 42.527024], [1.568229, 42.5272537], [1.5689718, 42.5277234], [1.5679626, 42.5270463], [1.5669534, 42.5263691], [1.5659385, 42.5257062], [1.5648112, 42.5252579], [1.5636995, 42.5248559], [1.5625809, 42.524403], [1.5617719, 42.5235007], [1.560806, 42.5227657], [1.5598432, 42.5220808], [1.5588367, 42.5214207], [1.5579395, 42.5206015], [1.5570874, 42.5197352], [1.5567808, 42.5193177], [1.556143, 42.5186047], [1.5564681, 42.5191216], [1.5555416, 42.5183351], [1.5550472, 42.5179364], [1.5546738, 42.5176473], [1.5537611, 42.5168448], [1.5544269, 42.5176147], [1.5539014, 42.5169269], [1.5533712, 42.5158613], [1.5527418, 42.5148304], [1.5525835, 42.5136656], [1.5515523, 42.5130427], [1.5506279, 42.5122671], [1.5495302, 42.5117788], [1.5483512, 42.5114844], [1.5471733, 42.5111863], [1.5463264, 42.5104346], [1.546317, 42.5101214], [1.5455767, 42.5094472], [1.5443808, 42.5093032], [1.5432202, 42.5089852], [1.5420184, 42.5088901], [1.5408237, 42.5086871], [1.5399239, 42.5083649], [1.5387209, 42.5082275], [1.5375444, 42.5079932], [1.5375233, 42.5080527], [1.5363288, 42.5078285], [1.5351694, 42.5074895], [1.5345041, 42.5072832], [1.5356345, 42.5076966], [1.5345863, 42.5072342], [1.5334447, 42.5068264], [1.5322676, 42.5066476], [1.5311614, 42.506565], [1.5301004, 42.5065291], [1.5290134, 42.5067058], [1.5280676, 42.5063927], [1.5269993, 42.5059222]], "mood_vectors": [[0.0699, 0.0891, 0.0943, 0.032, 0.0928, 0.0234, 0.5985], [0.0626, 0.0218, 0.0498, 0.0703, 0.017, 0.0423, 0.7362], [0.0661, 0.0234, 0.0434, 0.0133, 0.032, 0.0465, 0.7753], [0.0342, 0.0671, 0.026, 0.0336, 0.0366, 0.0436, 0.7589], [0.0755, 0.058, 0.058, 0.0558, 0.0818, 0.0311, 0.6398], [0.0638, 0.0364, 0.0758, 0.0524, 0.0467, 0.0594, 0.6656], [0.0168, 0.0165, 0.0178, 0.0609, 0.0377, 0.026, 0.8243], [0.0518, 0.0539, 0.0425, 0.065, 0.0654, 0.0163, 0.7052], [0.0135, 0.0329, 0.0588, 0.0525, 0.0411, 0.0632, 0.7379], [0.0511, 0.087, 0.0761, 0.0192, 0.0661, 0.0785, 0.622], [0.0363, 0.0749, 0.0655, 0.0447, 0.0698, 0.0299, 0.6788], [0.0646, 0.0359, 0.015, 0.0665, 0.0346, 0.0273, 0.7563], [0.0953, 0.0165, 0.0656, 0.0465, 0.0833, 0.061, 0.6318], [0.0175, 0.0767, 0.0499, 0.0766, 0.0377, 0.0291, 0.7126], [0.0232, 0.0411, 0.0416, 0.0305, 0.0656, 0.0651, 0.7329], [0.0351, 0.0663, 0.0156, 0.0329, 0.0588, 0.016, 0.7752], [0.0695, 0.0438, 0.0354, 0.03, 0.0485, 0.0719, 0.7009], [0.0615, 0.0501, 0.0237, 0.092, 0.0607, 0.0181, 0.6939], [0.0612, 0.0737, 0.0541, 0.0528, 0.0723, 0.0288, 0.6571], [0.0218, 0.0155, 0.045, 0.0396, 0.0504, 0.0314, 0.7963], [0.0782, 0.0192, 0.0726, 0.0177, 0.0581, 0.0381, 0.7161], [0.0733, 0.0774, 0.0147, 0.0478, 0.0227, 0.0855, 0.6786], [0.0696, 0.0405, 0.023, 0.0347, 0.058, 0.0636, 0.7107], [0.058, 0.0725, 0.0228, 0.0676, 0.0684, 0.0317, 0.679], [0.0832, 0.0918, 0.0219, 0.0179, 0.045, 0.0363, 0.7039], [0.0492, 0.0601, 0.0344, 0.0446, 0.0227, 0.0698, 0.7191], [0.0196, 0.0588, 0.0974, 0.0168, 0.0796, 0.056, 0.6718], [0.0361, 0.046, 0.0514, 0.0673, 0.0435, 0.0517, 0.7041], [0.0437, 0.0608, 0.0704, 0.0728, 0.0533, 0.0789, 0.6202], [0.0532, 0.0283, 0.0625, 0.0353, 0.0501, 0.0626, 0.708], [0.0433, 0.0716, 0.0865, 0.037, 0.0151, 0.0981, 0.6485], [0.0882, 0.0463, 0.0148, 0.0195, 0.049, 0.0671, 0.715], [0.014, 0.0294, 0.0459, 0.0824, 0.0235, 0.0849, 0.7199], [0.0808, 0.057, 0.0574, 0.0148, 0.0679, 0.0326, 0.6894], [0.0423, 0.0831, 0.0803, 0.0451, 0.0726, 0.0241, 0.6526], [0.0284, 0.0785, 0.027, 0.0532, 0.0319, 0.0693, 0.7117], [0.0466, 0.0638, 0.0551, 0.0632, 0.0788, 0.0852, 0.6073], [0.0571, 0.0466, 0.0486, 0.0188, 0.0252, 0.0862, 0.7175], [0.0265, 0.0653, 0.0754, 0.0119, 0.0516, 0.0114, 0.7579], [0.03, 0.0189, 0.0717, 0.0467, 0.0226, 0.0527, 0.7574], [0.0457, 0.026, 0.0589, 0.0603, 0.0601, 0.0131, 0.7359], [0.0575, 0.0841, 0.0306, 0.0666, 0.0225, 0.087, 0.6517], [0.0556, 0.0339, 0.0286, 0.0297, 0.0421, 0.0514, 0.7588], [0.0523, 0.0798, 0.0185, 0.0779, 0.0788, 0.0883, 0.6044], [0.0519, 0.0784, 0.0288, 0.0474, 0.0611, 0.0224, 0.7099], [0.0157, 0.0807, 0.0859, 0.0172, 0.0729, 0.0452, 0.6823], [0.055, 0.0201, 0.0441, 0.0615, 0.0722, 0.0561, 0.6908], [0.0717, 0.0282, 0.0483, 0.0814, 0.0153, 0.0847, 0.6704], [0.0473, 0.0755, 0.0843, 0.0889, 0.0747, 0.025, 0.6043], [0.0129, 0.0248, 0.0543, 0.0694, 0.0455, 0.0694, 0.7237], [0.0678, 0.0776, 0.032, 0.0241, 0.0992, 0.0252, 0.6741], [0.0395, 0.0286, 0.0783, 0.0131, 0.0679, 0.0504, 0.7223], [0.0507, 0.0802, 0.0721, 0.0202, 0.0326, 0.0697, 0.6745], [0.0828, 0.0163, 0.0308, 0.0469, 0.084, 0.0788, 0.6603], [0.044, 0.0325, 0.0704, 0.0266, 0.06, 0.0846, 0.6819], [0.0668, 0.0721, 0.0733, 0.0533, 0.053, 0.0202, 0.6613], [0.066, 0.0319, 0.0234, 0.0705, 0.0733, 0.0613, 0.6736], [0.0371, 0.0355, 0.0751, 0.0781, 0.0624, 0.0435, 0.6683], [0.0793, 0.0744, 0.0576, 0.0429, 0.0586, 0.0235, 0.6638], [0.0385, 0.0728, 0.0563, 0.0467, 0.0434, 0.0621, 0.6802], [0.0672, 0.0287, 0.0713, 0.0286, 0.0429, 0.0864, 0.675], [0.0736, 0.0676, 0.023, 0.0145, 0.0426, 0.0228, 0.7559], [0.06, 0.0692, 0.0651, 0.0759, 0.0726, 0.0594, 0.5978], [0.0618, 0.0337, 0.0537, 0.0155, 0.0197, 0.0503, 0.7653], [0.0906, 0.029, 0.0269, 0.0519, 0.0789, 0.0453, 0.6774], [0.0413, 0.0719, 0.0297, 0.0381, 0.0539, 0.0504, 0.7147], [0.0179, 0.0901, 0.0262, 0.0198, 0.0551, 0.055, 0.7358], [0.0461, 0.0192, 0.0654, 0.0672, 0.0482, 0.0708, 0.6831], [0.0488, 0.0891, 0.0494, 0.0517, 0.0413, 0.0718, 0.6479], [0.0297, 0.0767, 0.0189, 0.0585, 0.0842, 0.0159, 0.7162], [0.0673, 0.0503, 0.0375, 0.0178, 0.0316, 0.0356, 0.7599], [0.0721, 0.0316, 0.0809, 0.0529, 0.0953, 0.041, 0.6262], [0.0808, 0.0838, 0.0621, 0.0141, 0.03, 0.0134, 0.7159], [0.0917, 0.0387, 0.0637, 0.0369, 0.0438, 0.0781, 0.6471], [0.0555, 0.075, 0.0638, 0.0473, 0.0804, 0.0499, 0.6282], [0.0661, 0.0293, 0.0149, 0.0682, 0.0636, 0.0504, 0.7075], [0.0725, 0.0631, 0.0172, 0.061, 0.0524, 0.0307, 0.703], [0.0457, 0.0534, 0.0645, 0.0631, 0.0255, 0.0661, 0.6816], [0.0626, 0.0404, 0.0382, 0.0805, 0.0413, 0.0753, 0.6617], [0.0586, 0.0615, 0.0575, 0.0393, 0.0667, 0.055, 0.6614]], "emotions": ["purple", "purple", "purple", "purple", "purple", "purple", "purple", "purple", "purple", "purple", "purple", "purple", "purple", "purple", "purple", "purple", "purple", "purple", "purple", "purple", "purple", "purple", "purple", "purple", "purple", "purple", "purple", "purple", "purple", "purple", "purple", "purple", "purple", "purple", "purple", "purple", "purple", "purple", "purple", "purple", "purple", "purple", "purple", "purple", "purple", "purple", "purple", "purple", "purple", "purple", "purple", "purple", "purple", "purple", "purple", "purple", "purple", "purple", "purple", "purple", "purple", "purple", "purple", "purple", "purple", "purple", "purple", "purple", "purple", "purple", "purple", "purple", "purple", "purple", "purple", "purple", "purple", "purple", "purple", "purple"], "timestamps": [0, 40, 80, 120, 160, 200, 240, 280, 320, 360, 400, 440, 480, 520, 560, 600, 640, 680, 720, 760, 800, 840, 880, 920, 960, 1000, 1040, 1080, 1120, 1160, 1200, 1240, 1280, 1320, 1360, 1400, 1440, 1480, 1520, 1560, 1600, 1640, 1680, 1720, 1760, 1800, 1840, 1880, 1920, 1960, 2000, 2040, 2080, 2120, 2160, 2200, 2240, 2280, 2320, 2360, 2400, 2440, 2480, 2520, 2560, 2600, 2640, 2680, 2720, 2760, 2800, 2840, 2880, 2920, 2960, 3000, 3040, 3080, 3120, 3160]}], "conversation": [], "conversation_timestamps": []}