{"agent_id": "agent-red-1176", "type": "red", "trips": [{"trip_id": 0, "transport_method": "foot", "start_time": 0, "path": [[1.5267655, 42.507228], [1.526658, 42.5072321], [1.5265504, 42.5072238], [1.5264428, 42.5072154], [1.5263352, 42.5072071], [1.5262276, 42.5071988], [1.52612, 42.5071905], [1.5260128, 42.507178], [1.5259059, 42.5071628], [1.5257991, 42.5071477], [1.5256922, 42.5071325], [1.5255854, 42.5071173], [1.5254785, 42.5071021], [1.5253717, 42.507087], [1.5252648, 42.5070718], [1.5251579, 42.5070566], [1.5252415, 42.5070628], [1.525349, 42.5070716], [1.5254566, 42.5070804], [1.5255642, 42.5070893], [1.5256717, 42.5070981], [1.5257793, 42.5071069], [1.5258869, 42.5071158], [1.5259944, 42.5071246], [1.526102, 42.5071335], [1.5262096, 42.5071423], [1.5263171, 42.5071511], [1.5264247, 42.50716], [1.5265323, 42.5071688], [1.5266398, 42.5071776], [1.5267474, 42.5071865], [1.526855, 42.5071953], [1.5269625, 42.5072041], [1.5270701, 42.507213], [1.5271777, 42.5072216], [1.5272854, 42.507228], [1.5273932, 42.5072344], [1.5275009, 42.5072408], [1.5276084, 42.5072506], [1.5277157, 42.5072621], [1.527823, 42.5072736], [1.5279303, 42.5072851], [1.5280376, 42.5072966], [1.5281324, 42.5072454], [1.528227, 42.5071934], [1.5283215, 42.5071414], [1.5284161, 42.5070894], [1.5285107, 42.5070374], [1.5286053, 42.5069854], [1.5286999, 42.5069334], [1.5287944, 42.5068814], [1.528889, 42.5068294], [1.5289363, 42.506809], [1.5288521, 42.5068766], [1.5287679, 42.5069441], [1.5286841, 42.507012], [1.5286007, 42.5070806], [1.5285174, 42.5071491], [1.528434, 42.5072177], [1.5283514, 42.507287], [1.5282783, 42.5073298], [1.5281714, 42.507315], [1.5280645, 42.5073002], [1.5281176, 42.5072728], [1.5282209, 42.5072415], [1.5283242, 42.5072102], [1.5284275, 42.5071788], [1.5285308, 42.5071475], [1.528634, 42.5071161], [1.5287373, 42.5070848], [1.5288406, 42.5070535], [1.5289439, 42.5070221], [1.5290471, 42.5069908], [1.5291504, 42.5069594], [1.5292537, 42.5069281], [1.529357, 42.5068968], [1.5294603, 42.5068654], [1.5295635, 42.5068341], [1.5296668, 42.5068027], [1.5297701, 42.5067714]], "mood_vectors": [[0.6774, 0.0677, 0.0194, 0.0394, 0.0696, 0.1062, 0.0203], [0.6851, 0.0386, 0.0689, 0.0616, 0.0782, 0.0152, 0.0524], [0.758, 0.035, 0.0178, 0.0433, 0.0525, 0.0492, 0.0443], [0.788, 0.0262, 0.0319, 0.0135, 0.079, 0.0174, 0.044], [0.7172, 0.0669, 0.0372, 0.0647, 0.0121, 0.0419, 0.0599], [0.7187, 0.0886, 0.0268, 0.0374, 0.0572, 0.0448, 0.0266], [0.7394, 0.0632, 0.0336, 0.0322, 0.0381, 0.0481, 0.0454], [0.6738, 0.0613, 0.0723, 0.0309, 0.0633, 0.073, 0.0254], [0.7445, 0.0492, 0.0548, 0.0327, 0.0614, 0.0356, 0.0217], [0.6483, 0.0692, 0.0378, 0.0842, 0.0577, 0.055, 0.0478], [0.7563, 0.0142, 0.0235, 0.0434, 0.0604, 0.0471, 0.055], [0.7153, 0.0394, 0.0459, 0.0761, 0.0193, 0.0308, 0.0731], [0.6664, 0.0658, 0.0468, 0.0567, 0.063, 0.0685, 0.0328], [0.709, 0.0237, 0.0303, 0.0729, 0.0485, 0.0511, 0.0646], [0.6325, 0.0881, 0.0448, 0.0751, 0.0607, 0.065, 0.0339], [0.6733, 0.0628, 0.0227, 0.077, 0.0916, 0.0392, 0.0335], [0.6339, 0.0799, 0.0812, 0.0771, 0.0341, 0.0635, 0.0303], [0.6712, 0.034, 0.0701, 0.0551, 0.0552, 0.0595, 0.0548], [0.7433, 0.0147, 0.0482, 0.0579, 0.063, 0.0559, 0.017], [0.6274, 0.0871, 0.0656, 0.0469, 0.0243, 0.0659, 0.0828], [0.7003, 0.0165, 0.025, 0.06, 0.0799, 0.0782, 0.0401], [0.6899, 0.063, 0.0419, 0.0633, 0.0291, 0.067, 0.0459], [0.713, 0.0445, 0.0672, 0.0475, 0.0187, 0.0559, 0.0532], [0.7014, 0.0495, 0.0627, 0.0475, 0.0361, 0.0409, 0.0618], [0.7591, 0.0219, 0.0751, 0.0543, 0.0512, 0.0137, 0.0247], [0.671, 0.0396, 0.0366, 0.0393, 0.0942, 0.0978, 0.0214], [0.7286, 0.0757, 0.0228, 0.0527, 0.025, 0.0195, 0.0757], [0.7891, 0.0449, 0.0182, 0.0191, 0.0311, 0.0438, 0.0537], [0.7044, 0.0192, 0.0671, 0.0678, 0.0156, 0.0632, 0.0628], [0.7014, 0.0425, 0.0349, 0.035, 0.0667, 0.063, 0.0566], [0.6754, 0.0769, 0.0486, 0.0347, 0.0411, 0.0469, 0.0764], [0.69, 0.0348, 0.0244, 0.0748, 0.0701, 0.0587, 0.0472], [0.6782, 0.0646, 0.0626, 0.0522, 0.0674, 0.0522, 0.0229], [0.6607, 0.0869, 0.0476, 0.024, 0.0394, 0.0892, 0.0522], [0.6118, 0.0493, 0.088, 0.0561, 0.0876, 0.0693, 0.0379], [0.6812, 0.0776, 0.0695, 0.0239, 0.043, 0.0754, 0.0294], [0.8034, 0.0395, 0.0219, 0.0376, 0.0162, 0.0395, 0.0419], [0.7464, 0.0334, 0.0709, 0.0605, 0.022, 0.0355, 0.0313], [0.717, 0.0308, 0.0541, 0.041, 0.0724, 0.0641, 0.0205], [0.6151, 0.0785, 0.0322, 0.0167, 0.0888, 0.0903, 0.0784], [0.7532, 0.0452, 0.0636, 0.0558, 0.0121, 0.0307, 0.0395], [0.6298, 0.0597, 0.046, 0.065, 0.0648, 0.0772, 0.0575], [0.6581, 0.0933, 0.0884, 0.0368, 0.0372, 0.0647, 0.0215], [0.7098, 0.0547, 0.033, 0.0436, 0.0395, 0.0795, 0.04], [0.7404, 0.0296, 0.0283, 0.0623, 0.0265, 0.0442, 0.0687], [0.706, 0.0342, 0.0543, 0.0732, 0.0416, 0.0312, 0.0595], [0.7217, 0.0457, 0.049, 0.056, 0.014, 0.047, 0.0666], [0.6675, 0.069, 0.0898, 0.0769, 0.0621, 0.019, 0.0157], [0.6705, 0.0833, 0.0588, 0.0887, 0.0364, 0.0199, 0.0423], [0.6899, 0.0606, 0.0715, 0.0778, 0.0317, 0.0517, 0.0167], [0.6496, 0.059, 0.0371, 0.0564, 0.0374, 0.0743, 0.0862], [0.7243, 0.086, 0.0175, 0.0671, 0.036, 0.034, 0.0351], [0.7, 0.0756, 0.0494, 0.0529, 0.0353, 0.0283, 0.0585], [0.7873, 0.0122, 0.0753, 0.0221, 0.0422, 0.0316, 0.0293], [0.7627, 0.0503, 0.0652, 0.0295, 0.0537, 0.0159, 0.0226], [0.7069, 0.0732, 0.0227, 0.0357, 0.0731, 0.0566, 0.0316], [0.6795, 0.016, 0.0714, 0.0753, 0.0514, 0.0335, 0.0728], [0.7415, 0.0195, 0.0385, 0.0625, 0.0668, 0.0129, 0.0584], [0.736, 0.0602, 0.0251, 0.0492, 0.0379, 0.0339, 0.0577], [0.7088, 0.0185, 0.0513, 0.066, 0.064, 0.0679, 0.0235], [0.5856, 0.0766, 0.0775, 0.0748, 0.0474, 0.0548, 0.0833], [0.7042, 0.0646, 0.0301, 0.0515, 0.0499, 0.0642, 0.0355], [0.6692, 0.0225, 0.0779, 0.0919, 0.0247, 0.0189, 0.0949], [0.7763, 0.0152, 0.0566, 0.0774, 0.0233, 0.0201, 0.0311], [0.7114, 0.0206, 0.0639, 0.07, 0.0264, 0.056, 0.0516], [0.7126, 0.049, 0.0714, 0.044, 0.0598, 0.0273, 0.0359], [0.6767, 0.0725, 0.0366, 0.0716, 0.0701, 0.0183, 0.0541], [0.6645, 0.0343, 0.0429, 0.0823, 0.0617, 0.0624, 0.0519], [0.6957, 0.0236, 0.0529, 0.0686, 0.0537, 0.0724, 0.0331], [0.7114, 0.0522, 0.0355, 0.052, 0.0357, 0.0619, 0.0513], [0.7163, 0.0803, 0.0465, 0.0509, 0.0381, 0.024, 0.044], [0.6991, 0.0171, 0.0551, 0.0176, 0.0623, 0.0815, 0.0674], [0.7156, 0.0347, 0.02, 0.0409, 0.0572, 0.0742, 0.0575], [0.7288, 0.0377, 0.0288, 0.0275, 0.0654, 0.059, 0.0527], [0.7313, 0.0937, 0.0177, 0.017, 0.0402, 0.0466, 0.0535], [0.7658, 0.0381, 0.031, 0.0475, 0.0394, 0.0631, 0.0152], [0.7476, 0.0334, 0.085, 0.0613, 0.0351, 0.0135, 0.024], [0.7824, 0.015, 0.0765, 0.0397, 0.0274, 0.0458, 0.0132], [0.7365, 0.034, 0.0272, 0.0601, 0.0444, 0.034, 0.0639], [0.7183, 0.0417, 0.0345, 0.0915, 0.0458, 0.0147, 0.0535]], "emotions": ["red", "red", "red", "red", "red", "red", "red", "red", "red", "red", "red", "red", "red", "red", "red", "red", "red", "red", "red", "red", "red", "red", "red", "red", "red", "red", "red", "red", "red", "red", "red", "red", "red", "red", "red", "red", "red", "red", "red", "red", "red", "red", "red", "red", "red", "red", "red", "red", "red", "red", "red", "red", "red", "red", "red", "red", "red", "red", "red", "red", "red", "red", "red", "red", "red", "red", "red", "red", "red", "red", "red", "red", "red", "red", "red", "red", "red", "red", "red", "red"], "timestamps": [0, 40, 80, 120, 160, 200, 240, 280, 320, 360, 400, 440, 480, 520, 560, 600, 640, 680, 720, 760, 800, 840, 880, 920, 960, 1000, 1040, 1080, 1120, 1160, 1200, 1240, 1280, 1320, 1360, 1400, 1440, 1480, 1520, 1560, 1600, 1640, 1680, 1720, 1760, 1800, 1840, 1880, 1920, 1960, 2000, 2040, 2080, 2120, 2160, 2200, 2240, 2280, 2320, 2360, 2400, 2440, 2480, 2520, 2560, 2600, 2640, 2680, 2720, 2760, 2800, 2840, 2880, 2920, 2960, 3000, 3040, 3080, 3120, 3160]}], "conversation": [], "conversation_timestamps": []}