{"agent_id": "agent-red-831", "type": "red", "trips": [{"trip_id": 0, "transport_method": "foot", "start_time": 0, "path": [[1.5371276, 42.5077932], [1.5363427, 42.5077955], [1.5357597, 42.5083238], [1.5353993, 42.5090177], [1.5347396, 42.50924], [1.5340254, 42.5093788], [1.5337671, 42.5100793], [1.533185, 42.5105953], [1.5327128, 42.5112313], [1.5321235, 42.5117598], [1.531449, 42.5121737], [1.5307319, 42.5125124], [1.53001, 42.5128412], [1.5292808, 42.5131534], [1.5285553, 42.5134739], [1.5278314, 42.5137983], [1.527113, 42.5141344], [1.5264074, 42.5144962], [1.5257508, 42.5149385], [1.5251887, 42.515497], [1.5247281, 42.5161386], [1.5243926, 42.5168559], [1.524158, 42.5176114], [1.5240447, 42.5183965], [1.5239192, 42.5191789], [1.5238149, 42.5199652], [1.5235301, 42.520702], [1.5231405, 42.521387], [1.5225006, 42.5218519], [1.521956, 42.5224168], [1.521678, 42.5231565], [1.5211903, 42.5237791], [1.52075, 42.5244365], [1.5206156, 42.5252089], [1.5205852, 42.5260014], [1.5202586, 42.5267089], [1.5199532, 42.5274103], [1.5203669, 42.5280747], [1.5206512, 42.5288003], [1.5204395, 42.529541], [1.5198634, 42.5300561], [1.5198168, 42.5306617], [1.5196194, 42.5314105], [1.5195881, 42.5321748], [1.5197338, 42.5329438], [1.51949, 42.5336897], [1.5198255, 42.5343638], [1.5203925, 42.5349185], [1.5209911, 42.5354382], [1.5211015, 42.5359863], [1.520482, 42.536475], [1.5200671, 42.5371476], [1.5197565, 42.5378766], [1.5195146, 42.5386289], [1.5193629, 42.5394019], [1.5193659, 42.5401798], [1.519353, 42.5409168], [1.5187813, 42.5413848], [1.5180601, 42.541715], [1.5185422, 42.5415118], [1.5190344, 42.5412706], [1.5183175, 42.5416101], [1.5176613, 42.5420305], [1.5172604, 42.5427137], [1.516825, 42.5433611], [1.5162334, 42.5438844], [1.515664, 42.5444358], [1.5152207, 42.5450776], [1.5147972, 42.5457016], [1.5142829, 42.5461892], [1.5137944, 42.5467963], [1.5134254, 42.5474793], [1.5132709, 42.5482222], [1.512725, 42.5487949], [1.5122236, 42.5492984], [1.5117021, 42.549894], [1.5110998, 42.5504092], [1.5104245, 42.5508245], [1.5098417, 42.551352], [1.50919, 42.5518003]], "mood_vectors": [[0.7494, 0.0306, 0.0333, 0.0266, 0.0768, 0.0193, 0.0639], [0.655, 0.0729, 0.0671, 0.0568, 0.0684, 0.0676, 0.0123], [0.6675, 0.0877, 0.014, 0.056, 0.069, 0.0249, 0.0808], [0.8264, 0.0468, 0.0384, 0.0144, 0.017, 0.0319, 0.0252], [0.6511, 0.0679, 0.0725, 0.081, 0.0341, 0.0497, 0.0437], [0.6956, 0.0147, 0.0631, 0.0631, 0.0665, 0.0438, 0.0533], [0.755, 0.0408, 0.0433, 0.0136, 0.0415, 0.087, 0.0188], [0.6933, 0.0607, 0.072, 0.0443, 0.0411, 0.0676, 0.021], [0.7262, 0.0631, 0.071, 0.0153, 0.0629, 0.0292, 0.0323], [0.7048, 0.0412, 0.0675, 0.0441, 0.0644, 0.0316, 0.0463], [0.6612, 0.0708, 0.0849, 0.0421, 0.0751, 0.0406, 0.0253], [0.64, 0.0748, 0.0248, 0.0519, 0.0523, 0.0878, 0.0684], [0.7128, 0.0678, 0.0431, 0.0355, 0.0663, 0.0408, 0.0337], [0.6788, 0.0367, 0.0593, 0.0341, 0.0505, 0.0951, 0.0454], [0.7259, 0.0494, 0.0748, 0.0335, 0.0125, 0.0399, 0.064], [0.7081, 0.0173, 0.0589, 0.0828, 0.0284, 0.0263, 0.0782], [0.626, 0.0787, 0.0581, 0.076, 0.0249, 0.0535, 0.0829], [0.7012, 0.0783, 0.0374, 0.085, 0.0181, 0.0455, 0.0345], [0.7304, 0.0238, 0.0523, 0.024, 0.0654, 0.0703, 0.0338], [0.759, 0.0703, 0.0692, 0.037, 0.0168, 0.0207, 0.0271], [0.6215, 0.0877, 0.0872, 0.0385, 0.0403, 0.0703, 0.0545], [0.7015, 0.0589, 0.0774, 0.0342, 0.0468, 0.0519, 0.0293], [0.7796, 0.0514, 0.0212, 0.0186, 0.0647, 0.0361, 0.0284], [0.7567, 0.0137, 0.04, 0.0387, 0.0791, 0.0437, 0.0281], [0.6542, 0.0865, 0.0311, 0.0698, 0.0564, 0.0352, 0.0669], [0.7712, 0.0371, 0.04, 0.0377, 0.0389, 0.0356, 0.0395], [0.7754, 0.043, 0.0168, 0.0232, 0.0585, 0.0616, 0.0216], [0.6294, 0.0893, 0.0468, 0.0824, 0.0437, 0.0801, 0.0283], [0.6416, 0.0653, 0.0445, 0.0688, 0.0702, 0.0771, 0.0325], [0.6919, 0.0295, 0.0538, 0.0474, 0.0708, 0.048, 0.0585], [0.7366, 0.0285, 0.0459, 0.0611, 0.0372, 0.0278, 0.0629], [0.7083, 0.0678, 0.0474, 0.06, 0.0135, 0.0411, 0.0619], [0.7085, 0.0193, 0.0477, 0.0502, 0.0463, 0.069, 0.0589], [0.7583, 0.0263, 0.0639, 0.0559, 0.0203, 0.0637, 0.0116], [0.5812, 0.0895, 0.0803, 0.0774, 0.0879, 0.061, 0.0226], [0.7334, 0.0552, 0.0503, 0.0355, 0.0438, 0.0474, 0.0345], [0.6721, 0.0706, 0.0679, 0.035, 0.0539, 0.0849, 0.0158], [0.6972, 0.0754, 0.0121, 0.0674, 0.0702, 0.049, 0.0286], [0.5867, 0.0717, 0.0848, 0.0547, 0.0794, 0.0417, 0.0809], [0.7347, 0.0288, 0.0484, 0.0901, 0.0211, 0.0443, 0.0327], [0.6093, 0.0977, 0.0344, 0.0786, 0.0758, 0.0843, 0.0198], [0.6032, 0.0608, 0.0749, 0.0538, 0.076, 0.0669, 0.0643], [0.6421, 0.079, 0.0805, 0.0611, 0.0347, 0.0794, 0.0233], [0.7198, 0.0418, 0.0694, 0.0607, 0.0626, 0.029, 0.0168], [0.6692, 0.062, 0.0691, 0.0564, 0.052, 0.042, 0.0493], [0.7055, 0.0525, 0.0251, 0.0777, 0.0198, 0.0672, 0.0522], [0.7523, 0.0401, 0.0674, 0.0377, 0.0519, 0.0193, 0.0312], [0.7573, 0.0211, 0.0979, 0.0203, 0.0343, 0.0334, 0.0357], [0.6296, 0.0295, 0.0855, 0.0316, 0.0883, 0.0711, 0.0645], [0.6522, 0.0337, 0.0189, 0.0962, 0.0656, 0.0887, 0.0446], [0.7254, 0.0506, 0.0427, 0.0597, 0.023, 0.0524, 0.0462], [0.6201, 0.0979, 0.032, 0.0664, 0.0415, 0.0638, 0.0783], [0.6076, 0.0804, 0.0497, 0.0808, 0.0884, 0.0676, 0.0256], [0.6385, 0.0345, 0.09, 0.0306, 0.0808, 0.0951, 0.0305], [0.7211, 0.0571, 0.0549, 0.0637, 0.0152, 0.0437, 0.0442], [0.6644, 0.0767, 0.0849, 0.0386, 0.0219, 0.073, 0.0405], [0.6529, 0.0353, 0.0667, 0.0173, 0.0747, 0.0725, 0.0806], [0.717, 0.0862, 0.0325, 0.0421, 0.0452, 0.0537, 0.0232], [0.7172, 0.0943, 0.0226, 0.0229, 0.0437, 0.0606, 0.0387], [0.6757, 0.0594, 0.0242, 0.0929, 0.0306, 0.0348, 0.0824], [0.6767, 0.0617, 0.0542, 0.0751, 0.0749, 0.035, 0.0224], [0.7188, 0.0508, 0.0723, 0.0703, 0.0137, 0.0288, 0.0453], [0.7274, 0.0218, 0.0396, 0.0313, 0.0396, 0.0892, 0.0511], [0.6716, 0.0162, 0.0812, 0.0812, 0.0664, 0.0227, 0.0607], [0.7495, 0.0124, 0.0727, 0.0408, 0.0255, 0.0494, 0.0497], [0.6766, 0.0628, 0.0446, 0.0278, 0.0694, 0.065, 0.0537], [0.643, 0.084, 0.0402, 0.0141, 0.0332, 0.0931, 0.0924], [0.7412, 0.0625, 0.0221, 0.0396, 0.0347, 0.0637, 0.0362], [0.7148, 0.033, 0.078, 0.0391, 0.0125, 0.0409, 0.0816], [0.7045, 0.0431, 0.0485, 0.042, 0.0351, 0.0461, 0.0807], [0.7136, 0.0393, 0.021, 0.0283, 0.0676, 0.0837, 0.0465], [0.7254, 0.042, 0.0685, 0.021, 0.0692, 0.0299, 0.0441], [0.7401, 0.0545, 0.0375, 0.0444, 0.0363, 0.0241, 0.0631], [0.7023, 0.0164, 0.0555, 0.088, 0.0291, 0.0821, 0.0266], [0.6729, 0.0694, 0.0344, 0.0747, 0.0709, 0.0527, 0.025], [0.7961, 0.0361, 0.0662, 0.0275, 0.0392, 0.0177, 0.0173], [0.7925, 0.052, 0.0354, 0.0234, 0.0558, 0.0193, 0.0217], [0.6891, 0.0494, 0.0194, 0.0466, 0.0241, 0.1026, 0.0688], [0.728, 0.0235, 0.0395, 0.0425, 0.0919, 0.047, 0.0276], [0.7499, 0.0157, 0.029, 0.0929, 0.0361, 0.0188, 0.0576]], "emotions": ["red", "red", "red", "red", "red", "red", "red", "red", "red", "red", "red", "red", "red", "red", "red", "red", "red", "red", "red", "red", "red", "red", "red", "red", "red", "red", "red", "red", "red", "red", "red", "red", "red", "red", "red", "red", "red", "red", "red", "red", "red", "red", "red", "red", "red", "red", "red", "red", "red", "red", "red", "red", "red", "red", "red", "red", "red", "red", "red", "red", "red", "red", "red", "red", "red", "red", "red", "red", "red", "red", "red", "red", "red", "red", "red", "red", "red", "red", "red", "red"], "timestamps": [0, 40, 80, 120, 160, 200, 240, 280, 320, 360, 400, 440, 480, 520, 560, 600, 640, 680, 720, 760, 800, 840, 880, 920, 960, 1000, 1040, 1080, 1120, 1160, 1200, 1240, 1280, 1320, 1360, 1400, 1440, 1480, 1520, 1560, 1600, 1640, 1680, 1720, 1760, 1800, 1840, 1880, 1920, 1960, 2000, 2040, 2080, 2120, 2160, 2200, 2240, 2280, 2320, 2360, 2400, 2440, 2480, 2520, 2560, 2600, 2640, 2680, 2720, 2760, 2800, 2840, 2880, 2920, 2960, 3000, 3040, 3080, 3120, 3160]}], "conversation": [], "conversation_timestamps": []}