{"agent_id": "agent-green-1462", "type": "green", "trips": [{"trip_id": 0, "transport_method": "foot", "start_time": 0, "path": [[1.4788777, 42.5781207], [1.4805715, 42.5773463], [1.4814086, 42.5755001], [1.4824752, 42.5739825], [1.483824, 42.5725497], [1.4853476, 42.5714389], [1.4870987, 42.5703731], [1.4885319, 42.5688179], [1.4897405, 42.567134], [1.490847, 42.5658557], [1.4924549, 42.5644887], [1.4941803, 42.5632612], [1.4952291, 42.5626927], [1.4934304, 42.5636859], [1.4917798, 42.5649331], [1.4932066, 42.563934], [1.4949216, 42.562692], [1.4966265, 42.5614792], [1.4981137, 42.5615049], [1.4990326, 42.5616444], [1.5006836, 42.5609187], [1.5025093, 42.559846], [1.5016724, 42.560643], [1.5001628, 42.5612426], [1.5020568, 42.5602957], [1.5039277, 42.5593147], [1.5048017, 42.5576097], [1.5060182, 42.5559178], [1.5067317, 42.554007], [1.5082692, 42.5525516], [1.5099326, 42.551253], [1.5116114, 42.5499839], [1.5126777, 42.5488472], [1.5133952, 42.5477422], [1.5138542, 42.5467444], [1.5149035, 42.5455782], [1.5158264, 42.5442771], [1.5172443, 42.5427447], [1.5187642, 42.5414178], [1.5194292, 42.5396936], [1.5194073, 42.5399673], [1.5197505, 42.5378916], [1.5208849, 42.5361582], [1.5202109, 42.5347427], [1.5197326, 42.5329532], [1.5197617, 42.5308837], [1.519635, 42.5312686], [1.5204032, 42.5295959], [1.5200857, 42.527704], [1.5205958, 42.5257987], [1.5211528, 42.5238248], [1.5222465, 42.5220479], [1.5235619, 42.520489], [1.5235072, 42.5207523], [1.5239908, 42.5194875], [1.5253645, 42.5180331], [1.5270611, 42.5169024], [1.5288571, 42.5158557], [1.530306, 42.5143518], [1.5308623, 42.5124516], [1.5296929, 42.511099], [1.5287256, 42.5095651], [1.5290445, 42.5098755], [1.5274077, 42.5085581], [1.5254249, 42.5080729], [1.5233484, 42.5078022], [1.5218639, 42.5066928], [1.521449, 42.5061403], [1.5213994, 42.5061345], [1.5193633, 42.5055605], [1.5180067, 42.5054015], [1.5172759, 42.5053061], [1.5154283, 42.5043942], [1.513853, 42.5029791], [1.5125884, 42.5012914], [1.511304, 42.499608], [1.5098605, 42.4980922], [1.5079584, 42.4971619], [1.5059679, 42.4964401], [1.5040315, 42.4956032]], "mood_vectors": [[0.0581, 0.012, 0.0273, 0.0127, 0.0167, 0.0719, 0.8013], [0.0451, 0.0305, 0.0152, 0.0538, 0.0769, 0.0677, 0.7108], [0.047, 0.0864, 0.0363, 0.062, 0.0525, 0.0302, 0.6856], [0.0582, 0.0582, 0.0523, 0.0791, 0.0231, 0.0157, 0.7134], [0.0656, 0.0615, 0.0481, 0.0567, 0.0589, 0.0291, 0.6802], [0.0411, 0.0682, 0.02, 0.0569, 0.0847, 0.0515, 0.6777], [0.0291, 0.0966, 0.0523, 0.0812, 0.0308, 0.0377, 0.6723], [0.0733, 0.0422, 0.0655, 0.0139, 0.044, 0.0785, 0.6826], [0.0788, 0.0555, 0.073, 0.0179, 0.072, 0.0314, 0.6715], [0.0389, 0.0586, 0.0341, 0.034, 0.056, 0.06, 0.7184], [0.0358, 0.081, 0.0822, 0.0261, 0.0341, 0.0414, 0.6994], [0.0969, 0.023, 0.0188, 0.0194, 0.0672, 0.047, 0.7278], [0.0652, 0.0495, 0.0439, 0.0382, 0.0531, 0.0313, 0.7189], [0.0694, 0.0507, 0.0378, 0.0464, 0.0578, 0.0223, 0.7157], [0.0839, 0.0759, 0.034, 0.0191, 0.0129, 0.0257, 0.7487], [0.0194, 0.0802, 0.0391, 0.0435, 0.0548, 0.0356, 0.7274], [0.0328, 0.0229, 0.0261, 0.0487, 0.0559, 0.0231, 0.7905], [0.0813, 0.0383, 0.0382, 0.0471, 0.0302, 0.0824, 0.6825], [0.015, 0.0577, 0.0541, 0.0663, 0.0155, 0.0286, 0.7628], [0.0453, 0.0245, 0.0206, 0.0484, 0.0633, 0.0536, 0.7443], [0.0621, 0.0529, 0.0399, 0.07, 0.0743, 0.0359, 0.6649], [0.0716, 0.0282, 0.0519, 0.0501, 0.0516, 0.0396, 0.707], [0.0175, 0.0187, 0.0668, 0.02, 0.0291, 0.0868, 0.7611], [0.0467, 0.0128, 0.0423, 0.0717, 0.0455, 0.0509, 0.7301], [0.0236, 0.0493, 0.066, 0.0131, 0.0778, 0.0285, 0.7419], [0.0473, 0.0408, 0.0277, 0.0595, 0.0313, 0.0579, 0.7356], [0.0608, 0.0221, 0.0817, 0.0479, 0.0609, 0.0631, 0.6634], [0.0183, 0.0265, 0.0638, 0.0623, 0.0498, 0.0633, 0.7159], [0.0802, 0.0658, 0.0513, 0.0326, 0.0425, 0.082, 0.6457], [0.0763, 0.051, 0.0283, 0.0402, 0.0443, 0.0544, 0.7055], [0.0518, 0.0409, 0.0352, 0.0437, 0.05, 0.0738, 0.7045], [0.0703, 0.0181, 0.0387, 0.013, 0.0413, 0.0561, 0.7625], [0.0514, 0.071, 0.0258, 0.0746, 0.0824, 0.0132, 0.6816], [0.0491, 0.0823, 0.0817, 0.0256, 0.0893, 0.0725, 0.5995], [0.0297, 0.0957, 0.0599, 0.0411, 0.0516, 0.056, 0.666], [0.0346, 0.059, 0.0183, 0.0647, 0.0735, 0.023, 0.7268], [0.021, 0.0985, 0.0187, 0.0193, 0.0965, 0.0429, 0.7032], [0.0222, 0.0496, 0.0252, 0.0768, 0.0663, 0.0462, 0.7137], [0.0468, 0.0512, 0.0181, 0.0377, 0.0866, 0.0276, 0.7318], [0.0582, 0.0736, 0.0203, 0.0279, 0.0255, 0.0426, 0.7519], [0.0692, 0.0177, 0.0832, 0.014, 0.0522, 0.0834, 0.6802], [0.0355, 0.0635, 0.0613, 0.0672, 0.0668, 0.0407, 0.6648], [0.0244, 0.0324, 0.0734, 0.0362, 0.0525, 0.0374, 0.7438], [0.0223, 0.0274, 0.0787, 0.0374, 0.0769, 0.0567, 0.7007], [0.0692, 0.0754, 0.0219, 0.0121, 0.0423, 0.0626, 0.7165], [0.0394, 0.0181, 0.0304, 0.0491, 0.0391, 0.0229, 0.8009], [0.0618, 0.0819, 0.07, 0.0538, 0.0487, 0.0423, 0.6416], [0.0601, 0.0833, 0.0261, 0.0853, 0.0345, 0.047, 0.6639], [0.0236, 0.0552, 0.0414, 0.03, 0.0529, 0.046, 0.7509], [0.0432, 0.0436, 0.0642, 0.0387, 0.0206, 0.0388, 0.7508], [0.038, 0.0326, 0.046, 0.0387, 0.0708, 0.0738, 0.7002], [0.057, 0.0338, 0.0162, 0.0392, 0.0593, 0.0349, 0.7595], [0.0311, 0.0584, 0.0163, 0.081, 0.0209, 0.1068, 0.6854], [0.0399, 0.0501, 0.0246, 0.0598, 0.0231, 0.0198, 0.7826], [0.0192, 0.0689, 0.045, 0.0741, 0.0244, 0.0785, 0.6898], [0.057, 0.0345, 0.0572, 0.0373, 0.0539, 0.0203, 0.7397], [0.0255, 0.078, 0.0284, 0.0623, 0.0273, 0.0397, 0.7389], [0.0336, 0.0728, 0.0419, 0.0669, 0.053, 0.0371, 0.6948], [0.0619, 0.066, 0.0296, 0.0549, 0.0315, 0.0131, 0.7429], [0.0982, 0.0612, 0.0231, 0.0665, 0.0402, 0.0463, 0.6646], [0.0213, 0.0738, 0.0603, 0.0815, 0.0195, 0.0831, 0.6606], [0.029, 0.0727, 0.0393, 0.0685, 0.0822, 0.0456, 0.6627], [0.0628, 0.0839, 0.0675, 0.0234, 0.0751, 0.0242, 0.6631], [0.0509, 0.0668, 0.0156, 0.029, 0.0223, 0.0556, 0.7598], [0.0277, 0.055, 0.072, 0.0769, 0.0606, 0.0566, 0.6513], [0.0529, 0.0888, 0.0202, 0.0879, 0.061, 0.063, 0.6263], [0.0696, 0.043, 0.0293, 0.0524, 0.0536, 0.0576, 0.6944], [0.0293, 0.0417, 0.0896, 0.0492, 0.0617, 0.0664, 0.6621], [0.0701, 0.0434, 0.0671, 0.0601, 0.0666, 0.0454, 0.6473], [0.0226, 0.0313, 0.049, 0.0243, 0.0647, 0.0239, 0.7841], [0.0566, 0.0168, 0.0956, 0.0393, 0.0444, 0.0159, 0.7314], [0.0498, 0.0577, 0.0132, 0.062, 0.047, 0.051, 0.7192], [0.0529, 0.0655, 0.0334, 0.0134, 0.0512, 0.0769, 0.7068], [0.0324, 0.0364, 0.0359, 0.0746, 0.0308, 0.0894, 0.7004], [0.0585, 0.0229, 0.0323, 0.034, 0.0748, 0.0705, 0.7069], [0.0425, 0.0445, 0.0605, 0.0789, 0.043, 0.0403, 0.6902], [0.0686, 0.0596, 0.0579, 0.0187, 0.0512, 0.0331, 0.711], [0.024, 0.0224, 0.0727, 0.0497, 0.0688, 0.0606, 0.7019], [0.0963, 0.0278, 0.0554, 0.0332, 0.0751, 0.0696, 0.6425], [0.0607, 0.0795, 0.0501, 0.0768, 0.0698, 0.0483, 0.6148]], "emotions": ["purple", "purple", "purple", "purple", "purple", "purple", "purple", "purple", "purple", "purple", "purple", "purple", "purple", "purple", "purple", "purple", "purple", "purple", "purple", "purple", "purple", "purple", "purple", "purple", "purple", "purple", "purple", "purple", "purple", "purple", "purple", "purple", "purple", "purple", "purple", "purple", "purple", "purple", "purple", "purple", "purple", "purple", "purple", "purple", "purple", "purple", "purple", "purple", "purple", "purple", "purple", "purple", "purple", "purple", "purple", "purple", "purple", "purple", "purple", "purple", "purple", "purple", "purple", "purple", "purple", "purple", "purple", "purple", "purple", "purple", "purple", "purple", "purple", "purple", "purple", "purple", "purple", "purple", "purple", "purple"], "timestamps": [0, 40, 80, 120, 160, 200, 240, 280, 320, 360, 400, 440, 480, 520, 560, 600, 640, 680, 720, 760, 800, 840, 880, 920, 960, 1000, 1040, 1080, 1120, 1160, 1200, 1240, 1280, 1320, 1360, 1400, 1440, 1480, 1520, 1560, 1600, 1640, 1680, 1720, 1760, 1800, 1840, 1880, 1920, 1960, 2000, 2040, 2080, 2120, 2160, 2200, 2240, 2280, 2320, 2360, 2400, 2440, 2480, 2520, 2560, 2600, 2640, 2680, 2720, 2760, 2800, 2840, 2880, 2920, 2960, 3000, 3040, 3080, 3120, 3160]}], "conversation": [], "conversation_timestamps": []}