{"agent_id": "agent-green-782", "type": "green", "trips": [{"trip_id": 0, "transport_method": "bus", "start_time": 0, "path": [[1.5177501, 42.5728332], [1.5181142, 42.5727772], [1.5189077, 42.5727355], [1.5195793, 42.5721082], [1.5208638, 42.5708373], [1.5211869, 42.5690472], [1.522519, 42.567836], [1.5235876, 42.5664533], [1.5246205, 42.5649539], [1.5260408, 42.5638042], [1.5273349, 42.5629637], [1.5284356, 42.5616477], [1.5298262, 42.5605001], [1.5311561, 42.5592459], [1.5310855, 42.5594768], [1.5299178, 42.5607677], [1.5299981, 42.5603427], [1.5313321, 42.5590929], [1.5318235, 42.5577295], [1.5303046, 42.5567459], [1.5291311, 42.5555304], [1.5279514, 42.5542791], [1.5267616, 42.5529184], [1.5265462, 42.5518849], [1.526172, 42.5503346], [1.5253523, 42.5487132], [1.524685, 42.5471027], [1.5244141, 42.5457675], [1.5235572, 42.5441708], [1.5230848, 42.5431512], [1.5230287, 42.5414093], [1.5233893, 42.5404603], [1.5231327, 42.5386936], [1.5243447, 42.5375851], [1.525071, 42.5368302], [1.5233234, 42.5363725], [1.5221962, 42.5350504], [1.5209096, 42.5338959], [1.5212925, 42.5324271], [1.5212861, 42.5308125], [1.5219978, 42.529431], [1.5210342, 42.5280754], [1.5207099, 42.526389], [1.5206151, 42.5265281], [1.5206767, 42.5265875], [1.5206374, 42.5247811], [1.5216164, 42.5232627], [1.5226013, 42.5217895], [1.5237342, 42.5204017], [1.5246266, 42.5189127], [1.526038, 42.5177535], [1.5276938, 42.5169875], [1.5293117, 42.5165147], [1.5308434, 42.5155517], [1.532238, 42.5143969], [1.5338858, 42.5136651], [1.5356905, 42.5133829], [1.5374228, 42.5128224], [1.538246, 42.5126684], [1.5388643, 42.5123919], [1.5399928, 42.51213], [1.5404657, 42.5118767], [1.5418003, 42.5110252], [1.5422359, 42.510008], [1.5435989, 42.5093344], [1.5454133, 42.5093417], [1.5470314, 42.5084913], [1.5459501, 42.5092785], [1.5464366, 42.5087566], [1.5480042, 42.5078231], [1.5492198, 42.5066815], [1.5493711, 42.5079187], [1.5504109, 42.5064687], [1.5506698, 42.5077473], [1.5503537, 42.5086734], [1.5504493, 42.506943], [1.5506979, 42.5072802], [1.5509201, 42.5090946], [1.5499273, 42.5086249], [1.5501981, 42.5094971]], "mood_vectors": [[0.0331, 0.0626, 0.0427, 0.0593, 0.0131, 0.0639, 0.7253], [0.0564, 0.0643, 0.0147, 0.0784, 0.0495, 0.0436, 0.6932], [0.0839, 0.0815, 0.0771, 0.039, 0.0642, 0.0705, 0.5839], [0.0389, 0.0139, 0.0695, 0.0685, 0.0327, 0.0809, 0.6955], [0.0357, 0.0731, 0.0656, 0.0809, 0.0581, 0.063, 0.6236], [0.044, 0.0777, 0.0209, 0.0235, 0.0666, 0.0213, 0.746], [0.0811, 0.0333, 0.022, 0.0276, 0.0469, 0.0377, 0.7515], [0.082, 0.0555, 0.0396, 0.0704, 0.016, 0.0696, 0.6669], [0.0124, 0.0821, 0.0661, 0.0376, 0.0562, 0.0694, 0.6762], [0.059, 0.0867, 0.0508, 0.0253, 0.0391, 0.0705, 0.6686], [0.0347, 0.0567, 0.0467, 0.0587, 0.0223, 0.0299, 0.7509], [0.0409, 0.0381, 0.0637, 0.0497, 0.0512, 0.0425, 0.7139], [0.0271, 0.0657, 0.0321, 0.0635, 0.0407, 0.0534, 0.7176], [0.0566, 0.0604, 0.0814, 0.029, 0.0218, 0.0586, 0.6922], [0.0303, 0.0154, 0.0743, 0.0885, 0.0559, 0.0637, 0.6719], [0.022, 0.0878, 0.0291, 0.0597, 0.0305, 0.0312, 0.7398], [0.026, 0.0514, 0.0496, 0.0272, 0.0499, 0.0825, 0.7134], [0.0911, 0.0224, 0.0769, 0.0946, 0.0284, 0.0293, 0.6574], [0.0449, 0.0778, 0.0591, 0.0649, 0.0308, 0.0131, 0.7093], [0.0506, 0.0482, 0.0857, 0.0542, 0.1014, 0.047, 0.6129], [0.0965, 0.0468, 0.039, 0.0444, 0.03, 0.0669, 0.6763], [0.0711, 0.0539, 0.0784, 0.1001, 0.0229, 0.0437, 0.6298], [0.0347, 0.0625, 0.0768, 0.0733, 0.06, 0.037, 0.6557], [0.0755, 0.0202, 0.0442, 0.0653, 0.0691, 0.0128, 0.7129], [0.0474, 0.0181, 0.0629, 0.091, 0.06, 0.046, 0.6746], [0.0466, 0.0674, 0.0209, 0.0141, 0.0141, 0.0382, 0.7987], [0.0357, 0.0398, 0.0631, 0.0757, 0.0653, 0.0778, 0.6427], [0.0208, 0.0463, 0.0518, 0.0904, 0.042, 0.0855, 0.6632], [0.0606, 0.0282, 0.083, 0.0605, 0.0543, 0.0358, 0.6776], [0.0561, 0.0283, 0.0693, 0.0412, 0.0484, 0.0545, 0.7021], [0.0786, 0.0376, 0.0189, 0.0546, 0.0954, 0.0301, 0.6848], [0.0489, 0.0194, 0.0232, 0.0412, 0.0308, 0.0651, 0.7715], [0.0448, 0.0443, 0.0865, 0.0809, 0.0697, 0.0141, 0.6597], [0.0462, 0.0523, 0.0473, 0.0692, 0.0726, 0.0411, 0.6713], [0.0539, 0.0368, 0.0531, 0.0671, 0.0336, 0.0695, 0.6859], [0.0615, 0.0703, 0.0546, 0.0697, 0.033, 0.0443, 0.6667], [0.0213, 0.0538, 0.072, 0.056, 0.0423, 0.0523, 0.7022], [0.0855, 0.0286, 0.0137, 0.0549, 0.0623, 0.018, 0.7371], [0.0739, 0.0313, 0.0704, 0.0433, 0.0149, 0.0125, 0.7536], [0.06, 0.0504, 0.0443, 0.0737, 0.0728, 0.0584, 0.6404], [0.0689, 0.0217, 0.0756, 0.0575, 0.0728, 0.0195, 0.684], [0.0709, 0.0658, 0.0245, 0.0733, 0.0857, 0.0907, 0.5891], [0.0398, 0.0221, 0.0945, 0.0216, 0.0182, 0.0833, 0.7207], [0.0221, 0.0731, 0.074, 0.0397, 0.0553, 0.051, 0.6848], [0.0764, 0.0399, 0.0123, 0.0706, 0.0419, 0.0809, 0.6781], [0.0737, 0.0172, 0.0537, 0.075, 0.0203, 0.0327, 0.7275], [0.0159, 0.0571, 0.0256, 0.087, 0.0618, 0.0765, 0.6762], [0.0775, 0.0232, 0.0137, 0.0514, 0.0145, 0.0536, 0.7661], [0.0178, 0.068, 0.0869, 0.0888, 0.0446, 0.0503, 0.6436], [0.0168, 0.0651, 0.0564, 0.0125, 0.0605, 0.0593, 0.7295], [0.0747, 0.0785, 0.041, 0.0865, 0.0244, 0.0635, 0.6314], [0.0536, 0.0134, 0.0595, 0.068, 0.0436, 0.0335, 0.7286], [0.0359, 0.0169, 0.0843, 0.0448, 0.0483, 0.032, 0.7378], [0.0355, 0.0336, 0.0364, 0.0732, 0.042, 0.0504, 0.7288], [0.0427, 0.0744, 0.0429, 0.015, 0.0315, 0.0544, 0.7392], [0.0687, 0.0243, 0.0245, 0.0714, 0.0792, 0.0256, 0.7063], [0.0386, 0.085, 0.0485, 0.0455, 0.0444, 0.0945, 0.6434], [0.0257, 0.0147, 0.0563, 0.0564, 0.0533, 0.0652, 0.7284], [0.0547, 0.0842, 0.0472, 0.0261, 0.0438, 0.0365, 0.7075], [0.0475, 0.0482, 0.0323, 0.0275, 0.0744, 0.0602, 0.7099], [0.0206, 0.0627, 0.0141, 0.0451, 0.0226, 0.0464, 0.7885], [0.033, 0.0558, 0.0918, 0.079, 0.0202, 0.0244, 0.6959], [0.0459, 0.0162, 0.0458, 0.0502, 0.0846, 0.0587, 0.6986], [0.0211, 0.0549, 0.0587, 0.0401, 0.0727, 0.0408, 0.7117], [0.0307, 0.0523, 0.0626, 0.0174, 0.0139, 0.0265, 0.7966], [0.057, 0.0357, 0.0373, 0.0708, 0.0744, 0.0653, 0.6595], [0.0259, 0.0683, 0.0698, 0.0436, 0.0188, 0.0859, 0.6877], [0.0343, 0.0637, 0.054, 0.0294, 0.0496, 0.069, 0.6999], [0.0202, 0.0262, 0.0356, 0.0653, 0.0165, 0.0565, 0.7796], [0.061, 0.0221, 0.0751, 0.0269, 0.0455, 0.0847, 0.6847], [0.0381, 0.0139, 0.0383, 0.0449, 0.0428, 0.0658, 0.7563], [0.022, 0.0535, 0.0382, 0.0348, 0.0383, 0.0357, 0.7774], [0.0598, 0.061, 0.0283, 0.0455, 0.0235, 0.0713, 0.7107], [0.0572, 0.019, 0.0383, 0.0647, 0.0334, 0.0136, 0.7738], [0.049, 0.0359, 0.0181, 0.0499, 0.0266, 0.0568, 0.7637], [0.0642, 0.0653, 0.027, 0.0157, 0.0211, 0.0457, 0.7611], [0.0333, 0.0221, 0.0446, 0.0388, 0.0837, 0.0621, 0.7154], [0.051, 0.0695, 0.0902, 0.0561, 0.0222, 0.0321, 0.6789], [0.0414, 0.0733, 0.073, 0.0946, 0.0404, 0.0682, 0.6092], [0.0799, 0.0388, 0.0237, 0.0445, 0.0729, 0.0425, 0.6976]], "emotions": ["purple", "purple", "purple", "purple", "purple", "purple", "purple", "purple", "purple", "purple", "purple", "purple", "purple", "purple", "purple", "purple", "purple", "purple", "purple", "purple", "purple", "purple", "purple", "purple", "purple", "purple", "purple", "purple", "purple", "purple", "purple", "purple", "purple", "purple", "purple", "purple", "purple", "purple", "purple", "purple", "purple", "purple", "purple", "purple", "purple", "purple", "purple", "purple", "purple", "purple", "purple", "purple", "purple", "purple", "purple", "purple", "purple", "purple", "purple", "purple", "purple", "purple", "purple", "purple", "purple", "purple", "purple", "purple", "purple", "purple", "purple", "purple", "purple", "purple", "purple", "purple", "purple", "purple", "purple", "purple"], "timestamps": [0, 40, 80, 120, 160, 200, 240, 280, 320, 360, 400, 440, 480, 520, 560, 600, 640, 680, 720, 760, 800, 840, 880, 920, 960, 1000, 1040, 1080, 1120, 1160, 1200, 1240, 1280, 1320, 1360, 1400, 1440, 1480, 1520, 1560, 1600, 1640, 1680, 1720, 1760, 1800, 1840, 1880, 1920, 1960, 2000, 2040, 2080, 2120, 2160, 2200, 2240, 2280, 2320, 2360, 2400, 2440, 2480, 2520, 2560, 2600, 2640, 2680, 2720, 2760, 2800, 2840, 2880, 2920, 2960, 3000, 3040, 3080, 3120, 3160]}], "conversation": [], "conversation_timestamps": []}