{"agent_id": "agent-blue-80", "type": "blue", "trips": [{"trip_id": 0, "transport_method": "car", "start_time": 0, "path": [[1.5256069, 42.5067076], [1.5252367, 42.5067882], [1.5250067, 42.5069873], [1.5246008, 42.5068681], [1.524168, 42.5068811], [1.5237457, 42.5067704], [1.5233226, 42.5066631], [1.5228926, 42.5065871], [1.5224722, 42.5064715], [1.5220545, 42.5063443], [1.521639, 42.5062107], [1.5212295, 42.506059], [1.5208201, 42.5059073], [1.5211448, 42.5060242], [1.5215535, 42.5061779], [1.5215293, 42.5061779], [1.5211152, 42.5060395], [1.5207012, 42.505901], [1.5202824, 42.5057789], [1.5198576, 42.5056779], [1.5194329, 42.5055768], [1.5190048, 42.5054918], [1.5185705, 42.5054483], [1.5181356, 42.505409], [1.5183636, 42.5054248], [1.5180125, 42.505402], [1.5175772, 42.5053682], [1.5171419, 42.5053344], [1.5172168, 42.5053903], [1.517631, 42.505361], [1.5172167, 42.505298], [1.5167841, 42.5052393], [1.5163807, 42.5050753], [1.5159947, 42.5048822], [1.5156599, 42.5046022], [1.5153351, 42.5043104], [1.5150102, 42.5040186], [1.5146854, 42.5037269], [1.5143606, 42.5034351], [1.5140358, 42.5031433], [1.5137389, 42.502943], [1.5134257, 42.5026464], [1.5131206, 42.5023341], [1.5127738, 42.5020729], [1.5124073, 42.5018433], [1.5119828, 42.5017419], [1.5115564, 42.5016479], [1.511184, 42.5014209], [1.5107923, 42.5012297], [1.510375, 42.5011023], [1.5099785, 42.5009335], [1.5096068, 42.5007068], [1.5092128, 42.5005187], [1.5088202, 42.5003277], [1.5084272, 42.5001376], [1.5080325, 42.4999519], [1.5076621, 42.4997296], [1.5072664, 42.4995451], [1.5068706, 42.4993606], [1.5064755, 42.499175], [1.5060836, 42.4989824], [1.5056967, 42.4987802], [1.5053086, 42.4985806], [1.5049082, 42.4984064], [1.5045078, 42.4982322], [1.5041083, 42.4980563], [1.5037196, 42.4978574], [1.5033273, 42.4976657], [1.5029281, 42.4974893], [1.5025255, 42.4973207], [1.502154, 42.4970912], [1.5017795, 42.4968674], [1.5013609, 42.4967503], [1.500957, 42.4966157], [1.5010337, 42.496681], [1.5006717, 42.496437], [1.5003009, 42.4962076], [1.4999136, 42.496006], [1.4995263, 42.4958044], [1.499139, 42.4956028]], "mood_vectors": [[0.0368, 0.0338, 0.0188, 0.7732, 0.0579, 0.0641, 0.0154], [0.0298, 0.044, 0.0293, 0.7949, 0.0251, 0.0397, 0.0371], [0.0273, 0.0611, 0.0195, 0.7183, 0.0366, 0.0743, 0.0629], [0.0629, 0.053, 0.0889, 0.689, 0.0247, 0.058, 0.0235], [0.0517, 0.0904, 0.0495, 0.6622, 0.0737, 0.0226, 0.0499], [0.0136, 0.0255, 0.0703, 0.7835, 0.0205, 0.0548, 0.0318], [0.0251, 0.0519, 0.0569, 0.7668, 0.0215, 0.0257, 0.052], [0.0788, 0.0278, 0.0337, 0.745, 0.0207, 0.015, 0.079], [0.059, 0.0164, 0.0559, 0.7026, 0.0149, 0.0583, 0.0929], [0.0143, 0.0701, 0.0369, 0.7517, 0.012, 0.0614, 0.0536], [0.0261, 0.0369, 0.0307, 0.7671, 0.0273, 0.0646, 0.0473], [0.027, 0.0918, 0.0677, 0.698, 0.023, 0.0165, 0.0761], [0.04, 0.045, 0.0597, 0.6884, 0.0621, 0.0457, 0.0592], [0.0793, 0.0308, 0.071, 0.6925, 0.0673, 0.031, 0.0281], [0.0211, 0.0362, 0.0354, 0.7365, 0.018, 0.0856, 0.0672], [0.0349, 0.082, 0.0236, 0.6599, 0.0449, 0.0928, 0.0619], [0.0376, 0.0462, 0.0727, 0.7013, 0.0517, 0.0679, 0.0226], [0.056, 0.0224, 0.0415, 0.7284, 0.0243, 0.0812, 0.0461], [0.0175, 0.0931, 0.0618, 0.6598, 0.0934, 0.0376, 0.0369], [0.0628, 0.0184, 0.0769, 0.7124, 0.0266, 0.0307, 0.0722], [0.0366, 0.0258, 0.0451, 0.7787, 0.0732, 0.0166, 0.024], [0.0465, 0.0421, 0.0431, 0.6838, 0.058, 0.0542, 0.0722], [0.0593, 0.0491, 0.0574, 0.7076, 0.0167, 0.0332, 0.0767], [0.0229, 0.0646, 0.0645, 0.6527, 0.0694, 0.0548, 0.0711], [0.0873, 0.0796, 0.0204, 0.6236, 0.0497, 0.085, 0.0544], [0.0943, 0.0628, 0.0205, 0.6868, 0.0746, 0.0175, 0.0436], [0.0627, 0.0683, 0.0505, 0.6985, 0.0703, 0.0221, 0.0276], [0.0708, 0.0195, 0.0375, 0.6791, 0.0844, 0.0625, 0.0462], [0.083, 0.0871, 0.0618, 0.6765, 0.0537, 0.0169, 0.021], [0.0234, 0.0802, 0.0212, 0.6818, 0.0648, 0.0695, 0.0591], [0.0379, 0.0785, 0.0252, 0.669, 0.0785, 0.044, 0.0669], [0.0322, 0.0485, 0.0481, 0.7795, 0.0248, 0.0337, 0.0333], [0.0367, 0.0988, 0.0777, 0.6808, 0.0626, 0.0192, 0.0242], [0.0941, 0.0367, 0.0293, 0.7268, 0.0388, 0.0288, 0.0455], [0.0757, 0.0689, 0.0335, 0.6906, 0.054, 0.0573, 0.02], [0.0567, 0.0706, 0.0872, 0.6709, 0.0524, 0.0238, 0.0384], [0.0552, 0.0791, 0.0153, 0.7176, 0.0281, 0.0395, 0.0651], [0.0681, 0.0175, 0.1039, 0.6787, 0.0193, 0.0191, 0.0935], [0.0116, 0.0505, 0.0381, 0.7662, 0.0516, 0.0582, 0.0238], [0.0724, 0.0172, 0.0434, 0.7474, 0.0228, 0.0658, 0.031], [0.0729, 0.0294, 0.0156, 0.7205, 0.0366, 0.0716, 0.0533], [0.0521, 0.0163, 0.0246, 0.7651, 0.0241, 0.0647, 0.053], [0.0212, 0.0779, 0.093, 0.6685, 0.0799, 0.0154, 0.044], [0.0539, 0.0604, 0.0421, 0.705, 0.0566, 0.0616, 0.0204], [0.071, 0.0423, 0.0633, 0.64, 0.074, 0.0796, 0.0297], [0.0476, 0.0675, 0.0658, 0.6934, 0.0503, 0.0632, 0.0122], [0.0734, 0.0692, 0.0792, 0.6218, 0.0664, 0.0639, 0.0261], [0.0534, 0.0673, 0.0326, 0.6657, 0.0799, 0.0243, 0.0767], [0.0814, 0.0244, 0.0361, 0.7159, 0.0202, 0.0585, 0.0635], [0.0204, 0.0651, 0.0453, 0.7981, 0.0381, 0.0189, 0.0141], [0.0828, 0.0385, 0.0347, 0.6746, 0.0766, 0.0777, 0.015], [0.0639, 0.0237, 0.0887, 0.6853, 0.0812, 0.0373, 0.0201], [0.0329, 0.0365, 0.0331, 0.7279, 0.0519, 0.0809, 0.0367], [0.0177, 0.057, 0.0823, 0.6126, 0.0779, 0.0888, 0.0636], [0.0736, 0.0646, 0.0161, 0.672, 0.0695, 0.0409, 0.0632], [0.0592, 0.0352, 0.0647, 0.6935, 0.0269, 0.0696, 0.0509], [0.075, 0.0609, 0.0645, 0.637, 0.0645, 0.0563, 0.0419], [0.0679, 0.0487, 0.0648, 0.6476, 0.0605, 0.026, 0.0846], [0.0712, 0.0661, 0.0459, 0.6909, 0.0125, 0.0771, 0.0364], [0.0238, 0.0263, 0.0473, 0.7295, 0.0565, 0.0634, 0.0532], [0.078, 0.0732, 0.0835, 0.6832, 0.025, 0.0283, 0.029], [0.0783, 0.0483, 0.0309, 0.6427, 0.0674, 0.0435, 0.0888], [0.0492, 0.0623, 0.0481, 0.6691, 0.0399, 0.0526, 0.0787], [0.0672, 0.0421, 0.025, 0.7712, 0.0299, 0.0212, 0.0434], [0.0143, 0.0699, 0.0962, 0.6858, 0.0246, 0.0308, 0.0785], [0.0539, 0.0152, 0.0226, 0.7685, 0.0578, 0.0142, 0.0677], [0.0434, 0.0692, 0.0141, 0.6787, 0.0546, 0.072, 0.068], [0.0272, 0.0632, 0.0345, 0.7561, 0.0459, 0.0334, 0.0396], [0.0735, 0.0481, 0.0417, 0.7263, 0.0182, 0.045, 0.0472], [0.0319, 0.0431, 0.0577, 0.6862, 0.0251, 0.0689, 0.0871], [0.0434, 0.0562, 0.075, 0.66, 0.0295, 0.0636, 0.0723], [0.0243, 0.0213, 0.075, 0.7716, 0.0769, 0.0173, 0.0138], [0.0682, 0.0165, 0.0571, 0.7314, 0.0655, 0.0331, 0.0283], [0.0529, 0.0671, 0.0702, 0.7309, 0.0168, 0.017, 0.0449], [0.0692, 0.0368, 0.0823, 0.6464, 0.0598, 0.0193, 0.0861], [0.0614, 0.0361, 0.0378, 0.7293, 0.0429, 0.0394, 0.0532], [0.0281, 0.0326, 0.0547, 0.727, 0.0578, 0.0812, 0.0186], [0.0336, 0.0717, 0.0541, 0.6954, 0.0722, 0.0385, 0.0345], [0.0832, 0.0756, 0.0289, 0.7297, 0.0182, 0.0253, 0.0391], [0.0309, 0.0875, 0.0201, 0.6703, 0.0371, 0.0897, 0.0644]], "emotions": ["green", "green", "green", "green", "green", "green", "green", "green", "green", "green", "green", "green", "green", "green", "green", "green", "green", "green", "green", "green", "green", "green", "green", "green", "green", "green", "green", "green", "green", "green", "green", "green", "green", "green", "green", "green", "green", "green", "green", "green", "green", "green", "green", "green", "green", "green", "green", "green", "green", "green", "green", "green", "green", "green", "green", "green", "green", "green", "green", "green", "green", "green", "green", "green", "green", "green", "green", "green", "green", "green", "green", "green", "green", "green", "green", "green", "green", "green", "green", "green"], "timestamps": [0, 40, 80, 120, 160, 200, 240, 280, 320, 360, 400, 440, 480, 520, 560, 600, 640, 680, 720, 760, 800, 840, 880, 920, 960, 1000, 1040, 1080, 1120, 1160, 1200, 1240, 1280, 1320, 1360, 1400, 1440, 1480, 1520, 1560, 1600, 1640, 1680, 1720, 1760, 1800, 1840, 1880, 1920, 1960, 2000, 2040, 2080, 2120, 2160, 2200, 2240, 2280, 2320, 2360, 2400, 2440, 2480, 2520, 2560, 2600, 2640, 2680, 2720, 2760, 2800, 2840, 2880, 2920, 2960, 3000, 3040, 3080, 3120, 3160]}], "conversation": [], "conversation_timestamps": []}