{"agent_id": "agent-orange-1003", "type": "orange", "trips": [{"trip_id": 0, "transport_method": "car", "start_time": 0, "path": [[1.5360866, 42.5100959], [1.5359573, 42.5101393], [1.5358279, 42.5101826], [1.5356986, 42.510226], [1.5355745, 42.5102813], [1.5354538, 42.5103446], [1.5353379, 42.510413], [1.5353507, 42.5105104], [1.5352898, 42.5105815], [1.535173, 42.5106435], [1.5350697, 42.5107326], [1.5349665, 42.5108218], [1.534872, 42.5107596], [1.53476, 42.5106818], [1.534648, 42.5106039], [1.5345369, 42.5105247], [1.5344275, 42.5104432], [1.5343182, 42.5103617], [1.5342088, 42.5102802], [1.5340997, 42.5101982], [1.53399, 42.5101172], [1.5338783, 42.5100389], [1.5337613, 42.5099688], [1.5336372, 42.5099131], [1.5335093, 42.5098658], [1.5333797, 42.5098234], [1.5332484, 42.5097862], [1.5331152, 42.5097572], [1.5329804, 42.5097365], [1.5328448, 42.5097216], [1.5327088, 42.5097111], [1.5325734, 42.5096954], [1.5324381, 42.5096775], [1.5323053, 42.509647], [1.5321744, 42.5096088], [1.5320511, 42.5095522], [1.5319332, 42.5094837], [1.5318152, 42.5094152], [1.5316972, 42.5093467], [1.5315702, 42.5092994], [1.5314399, 42.5092592], [1.5313129, 42.5092093], [1.5311859, 42.5091594], [1.531059, 42.5091096], [1.530932, 42.5090597], [1.530805, 42.5090098], [1.5307954, 42.5088861], [1.5307208, 42.5088479], [1.5305877, 42.5088775], [1.5304545, 42.5089072], [1.5303297, 42.5088649], [1.5302067, 42.5088058], [1.5300852, 42.5087439], [1.5299642, 42.5086808], [1.5298378, 42.5086357], [1.5297022, 42.5086202], [1.5296385, 42.5085454], [1.5295534, 42.5084624], [1.5294342, 42.5083963], [1.5293172, 42.5083261], [1.5292861, 42.508223], [1.5293706, 42.508122], [1.5293781, 42.5081156], [1.5293198, 42.5081595], [1.5294114, 42.5080584], [1.529503, 42.5079573], [1.5295946, 42.5078563], [1.5296862, 42.5077552], [1.5297778, 42.5076541], [1.5298683, 42.5075521], [1.529957, 42.5074484], [1.5298653, 42.5073671], [1.529754, 42.5072883], [1.5296426, 42.5072095], [1.5295313, 42.5071307], [1.52942, 42.5070518], [1.529309, 42.5069725], [1.529198, 42.5068932], [1.5290871, 42.5068138], [1.5289761, 42.5067345]], "mood_vectors": [[0.0416, 0.0478, 0.0429, 0.0584, 0.7277, 0.0208, 0.0608], [0.034, 0.0174, 0.0448, 0.0551, 0.7031, 0.0824, 0.0632], [0.0211, 0.0672, 0.0663, 0.0462, 0.6807, 0.0604, 0.058], [0.0267, 0.0657, 0.0135, 0.0218, 0.7527, 0.0831, 0.0364], [0.0667, 0.0618, 0.0691, 0.0563, 0.6802, 0.0372, 0.0285], [0.072, 0.0208, 0.0467, 0.0336, 0.7269, 0.0492, 0.0507], [0.0711, 0.0635, 0.0204, 0.0861, 0.6679, 0.062, 0.029], [0.0213, 0.0746, 0.0241, 0.0482, 0.7746, 0.0429, 0.0143], [0.0453, 0.062, 0.0117, 0.0251, 0.7714, 0.0305, 0.054], [0.0189, 0.0729, 0.031, 0.0692, 0.6924, 0.0717, 0.0439], [0.0732, 0.0722, 0.0289, 0.0925, 0.6191, 0.0461, 0.068], [0.0783, 0.0435, 0.0331, 0.0522, 0.7037, 0.0478, 0.0413], [0.0147, 0.0346, 0.0366, 0.0373, 0.7748, 0.0749, 0.027], [0.0441, 0.0243, 0.0644, 0.0151, 0.7493, 0.0731, 0.0297], [0.0274, 0.073, 0.0571, 0.0501, 0.6963, 0.022, 0.0741], [0.0576, 0.0572, 0.0157, 0.0546, 0.7071, 0.0248, 0.083], [0.0622, 0.0641, 0.019, 0.073, 0.6973, 0.0617, 0.0228], [0.0169, 0.0652, 0.0643, 0.0217, 0.8014, 0.0166, 0.0139], [0.049, 0.0494, 0.0237, 0.0487, 0.7161, 0.0589, 0.0542], [0.0265, 0.0512, 0.043, 0.0797, 0.6666, 0.0803, 0.0528], [0.0728, 0.0865, 0.0224, 0.0391, 0.6785, 0.0315, 0.0693], [0.0353, 0.015, 0.03, 0.0169, 0.8079, 0.0572, 0.0377], [0.0514, 0.0198, 0.0725, 0.0675, 0.7123, 0.0352, 0.0413], [0.0803, 0.0299, 0.0768, 0.035, 0.6946, 0.0579, 0.0254], [0.0539, 0.0869, 0.0427, 0.0319, 0.695, 0.0515, 0.0381], [0.0685, 0.0159, 0.0128, 0.0804, 0.696, 0.0589, 0.0677], [0.0587, 0.0806, 0.0222, 0.0158, 0.7356, 0.0176, 0.0694], [0.0144, 0.0378, 0.0966, 0.0698, 0.6897, 0.0542, 0.0375], [0.0291, 0.0731, 0.025, 0.0505, 0.7124, 0.0926, 0.0173], [0.0783, 0.0415, 0.038, 0.0761, 0.6593, 0.058, 0.0488], [0.061, 0.0595, 0.0154, 0.0504, 0.7256, 0.0718, 0.0164], [0.0423, 0.0341, 0.055, 0.0625, 0.6887, 0.0762, 0.0413], [0.0256, 0.0658, 0.0382, 0.0234, 0.7709, 0.031, 0.0451], [0.0848, 0.0273, 0.0291, 0.0851, 0.6539, 0.059, 0.0608], [0.0652, 0.0219, 0.0807, 0.0334, 0.6463, 0.08, 0.0724], [0.0769, 0.0364, 0.0581, 0.0432, 0.635, 0.0766, 0.0738], [0.0385, 0.0753, 0.016, 0.0527, 0.7131, 0.0273, 0.0772], [0.0913, 0.0692, 0.0212, 0.0618, 0.6245, 0.0585, 0.0735], [0.0176, 0.0174, 0.0397, 0.0693, 0.7063, 0.0446, 0.1051], [0.0478, 0.0351, 0.0698, 0.0598, 0.6993, 0.0508, 0.0376], [0.0135, 0.0225, 0.048, 0.0553, 0.7362, 0.0537, 0.0708], [0.0606, 0.0454, 0.0628, 0.0127, 0.7364, 0.0638, 0.0182], [0.0733, 0.0179, 0.0593, 0.0291, 0.7477, 0.0289, 0.0438], [0.0665, 0.074, 0.067, 0.0406, 0.6552, 0.0326, 0.064], [0.0398, 0.0674, 0.0536, 0.0505, 0.6697, 0.0569, 0.0621], [0.0546, 0.078, 0.0596, 0.0269, 0.7188, 0.0313, 0.0309], [0.0589, 0.0402, 0.0368, 0.0613, 0.701, 0.0358, 0.0659], [0.0908, 0.0663, 0.0497, 0.0749, 0.6847, 0.0142, 0.0194], [0.0775, 0.025, 0.0423, 0.0737, 0.7077, 0.0614, 0.0124], [0.0268, 0.0665, 0.0555, 0.0197, 0.7523, 0.0189, 0.0604], [0.0774, 0.0374, 0.0298, 0.0613, 0.7327, 0.0277, 0.0337], [0.0272, 0.0675, 0.0813, 0.0677, 0.6582, 0.0338, 0.0644], [0.0429, 0.02, 0.0282, 0.061, 0.722, 0.046, 0.0798], [0.041, 0.0723, 0.0318, 0.0666, 0.702, 0.0259, 0.0604], [0.0851, 0.0263, 0.0735, 0.0673, 0.6909, 0.0237, 0.0332], [0.0651, 0.0397, 0.0753, 0.0465, 0.6498, 0.0508, 0.0728], [0.0112, 0.0411, 0.0419, 0.0579, 0.7596, 0.0142, 0.0741], [0.0128, 0.04, 0.0333, 0.0229, 0.7425, 0.0653, 0.0832], [0.0901, 0.0751, 0.0407, 0.0364, 0.6377, 0.0417, 0.0783], [0.0876, 0.018, 0.0522, 0.019, 0.6949, 0.0437, 0.0846], [0.05, 0.068, 0.0367, 0.0899, 0.6371, 0.0695, 0.0487], [0.0166, 0.0515, 0.0391, 0.0648, 0.7166, 0.0448, 0.0665], [0.0356, 0.0935, 0.0603, 0.0367, 0.7113, 0.0436, 0.0189], [0.0522, 0.0309, 0.0624, 0.0893, 0.6437, 0.0617, 0.0597], [0.0555, 0.0659, 0.0239, 0.0537, 0.7283, 0.0423, 0.0303], [0.025, 0.0733, 0.0688, 0.055, 0.6649, 0.026, 0.0869], [0.0476, 0.0756, 0.0267, 0.0651, 0.6743, 0.0719, 0.0389], [0.0802, 0.032, 0.0222, 0.0781, 0.7089, 0.0638, 0.0149], [0.0334, 0.0393, 0.0148, 0.0744, 0.7664, 0.0493, 0.0225], [0.0191, 0.0294, 0.0754, 0.0165, 0.7523, 0.0406, 0.0667], [0.023, 0.0929, 0.0637, 0.088, 0.6641, 0.0267, 0.0415], [0.0232, 0.0479, 0.0366, 0.075, 0.7499, 0.0374, 0.0299], [0.0416, 0.0601, 0.0603, 0.0472, 0.6953, 0.0586, 0.037], [0.0614, 0.0272, 0.064, 0.0779, 0.6501, 0.0516, 0.0679], [0.0926, 0.0627, 0.0561, 0.0616, 0.6046, 0.0514, 0.071], [0.0397, 0.0411, 0.0326, 0.0734, 0.7195, 0.0185, 0.0751], [0.0531, 0.0454, 0.0974, 0.0235, 0.6498, 0.058, 0.0729], [0.0502, 0.022, 0.0335, 0.0683, 0.7885, 0.0126, 0.0248], [0.0444, 0.0167, 0.0812, 0.0847, 0.6441, 0.0577, 0.0713], [0.0665, 0.0869, 0.0271, 0.0162, 0.6786, 0.0694, 0.0553]], "emotions": ["red", "red", "red", "red", "red", "red", "red", "red", "red", "red", "red", "red", "red", "red", "red", "red", "red", "red", "red", "red", "red", "red", "red", "red", "red", "red", "red", "red", "red", "red", "red", "red", "red", "red", "red", "red", "red", "red", "red", "red", "red", "red", "red", "red", "red", "red", "red", "red", "red", "red", "red", "red", "red", "red", "red", "red", "red", "red", "red", "red", "red", "red", "red", "red", "red", "red", "red", "red", "red", "red", "red", "red", "red", "red", "red", "red", "red", "red", "red", "red"], "timestamps": [0, 40, 80, 120, 160, 200, 240, 280, 320, 360, 400, 440, 480, 520, 560, 600, 640, 680, 720, 760, 800, 840, 880, 920, 960, 1000, 1040, 1080, 1120, 1160, 1200, 1240, 1280, 1320, 1360, 1400, 1440, 1480, 1520, 1560, 1600, 1640, 1680, 1720, 1760, 1800, 1840, 1880, 1920, 1960, 2000, 2040, 2080, 2120, 2160, 2200, 2240, 2280, 2320, 2360, 2400, 2440, 2480, 2520, 2560, 2600, 2640, 2680, 2720, 2760, 2800, 2840, 2880, 2920, 2960, 3000, 3040, 3080, 3120, 3160]}], "conversation": [], "conversation_timestamps": []}