{"agent_id": "agent-purple-1719", "type": "purple", "trips": [{"trip_id": 0, "transport_method": "foot", "start_time": 0, "path": [[1.5160246, 42.5034198], [1.5159087, 42.5033363], [1.5157947, 42.5032503], [1.5156816, 42.5031631], [1.5155644, 42.5030814], [1.5154442, 42.5030043], [1.5153231, 42.5029284], [1.5152021, 42.5028526], [1.515081, 42.5027768], [1.5149598, 42.5027012], [1.5148386, 42.5026256], [1.5147208, 42.5025449], [1.5145958, 42.5024824], [1.5144549, 42.5024589], [1.514314, 42.5024355], [1.5141731, 42.502412], [1.5140332, 42.5023841], [1.5139055, 42.5023225], [1.5137871, 42.5022427], [1.5136786, 42.5021503], [1.513584, 42.5020434], [1.5134944, 42.5019321], [1.5134067, 42.5018194], [1.513319, 42.5017067], [1.5132151, 42.5016157], [1.5130747, 42.5016358], [1.5129343, 42.5016619], [1.5127991, 42.5017053], [1.5126677, 42.5017613], [1.5125363, 42.5018173], [1.5124029, 42.501842], [1.5122652, 42.5018042], [1.5121257, 42.5017734], [1.5119862, 42.5017426], [1.5118467, 42.5017119], [1.5117072, 42.5016811], [1.5115677, 42.5016504], [1.5116618, 42.5017072], [1.5117871, 42.5017758], [1.511731, 42.5017452], [1.5116057, 42.5016766], [1.5116162, 42.5016948], [1.5117311, 42.5017797], [1.511846, 42.5018646], [1.5119608, 42.5019495], [1.5120757, 42.5020344], [1.5121906, 42.5021193], [1.5123053, 42.5022043], [1.5124195, 42.5022902], [1.512534, 42.5023756], [1.5126495, 42.5024596], [1.5127651, 42.5025436], [1.5128806, 42.5026276], [1.5129965, 42.5027111], [1.5131092, 42.5027975], [1.5131939, 42.5029085], [1.5131199, 42.5030099], [1.5129819, 42.5030216], [1.512862, 42.5029458], [1.5127447, 42.5028643], [1.5126274, 42.5027828], [1.5125101, 42.5027013], [1.5123708, 42.5026786], [1.5122427, 42.5027035], [1.512104, 42.5027112], [1.5119893, 42.5027868], [1.5118809, 42.5028798], [1.5118894, 42.5029655], [1.5120123, 42.5030377], [1.512136, 42.503109], [1.5122529, 42.503191], [1.5123682, 42.5032752], [1.5124832, 42.50336], [1.5125982, 42.5034448], [1.5127131, 42.5035296], [1.5128281, 42.5036144], [1.5129431, 42.5036991], [1.5130631, 42.5037765], [1.5131633, 42.5038728], [1.5132356, 42.503996]], "mood_vectors": [[0.0309, 0.0479, 0.0786, 0.0127, 0.0387, 0.7361, 0.0551], [0.0544, 0.0695, 0.0573, 0.072, 0.0364, 0.6891, 0.0214], [0.0523, 0.065, 0.0799, 0.0629, 0.0554, 0.6436, 0.041], [0.0376, 0.056, 0.0583, 0.074, 0.0305, 0.7152, 0.0284], [0.0685, 0.0738, 0.0536, 0.0295, 0.0507, 0.6883, 0.0355], [0.0526, 0.0216, 0.0645, 0.0739, 0.0387, 0.7058, 0.0429], [0.0654, 0.052, 0.0622, 0.066, 0.049, 0.6129, 0.0925], [0.0218, 0.0752, 0.0502, 0.0186, 0.0759, 0.6844, 0.074], [0.0714, 0.0184, 0.0427, 0.0385, 0.0672, 0.7438, 0.018], [0.0159, 0.0479, 0.0718, 0.0592, 0.0347, 0.7333, 0.0373], [0.0474, 0.0231, 0.0571, 0.0338, 0.055, 0.7554, 0.0282], [0.0825, 0.0124, 0.0421, 0.0165, 0.0397, 0.7476, 0.0591], [0.0776, 0.0368, 0.0574, 0.0177, 0.0551, 0.6988, 0.0566], [0.0656, 0.047, 0.0902, 0.0243, 0.0358, 0.6549, 0.0821], [0.0118, 0.0758, 0.0706, 0.0137, 0.0546, 0.7499, 0.0236], [0.0323, 0.0607, 0.0561, 0.0364, 0.0258, 0.7409, 0.0479], [0.048, 0.0407, 0.0409, 0.0536, 0.0642, 0.6903, 0.0623], [0.0442, 0.0321, 0.0388, 0.0392, 0.0722, 0.7545, 0.019], [0.027, 0.041, 0.0485, 0.0207, 0.0498, 0.7862, 0.0268], [0.0668, 0.0684, 0.059, 0.0338, 0.0456, 0.6689, 0.0576], [0.057, 0.0477, 0.0629, 0.0156, 0.0511, 0.6992, 0.0664], [0.0198, 0.056, 0.0175, 0.0239, 0.0579, 0.7482, 0.0767], [0.0426, 0.0317, 0.048, 0.0515, 0.0256, 0.765, 0.0356], [0.0429, 0.09, 0.0641, 0.0295, 0.0928, 0.6202, 0.0605], [0.0324, 0.0655, 0.0255, 0.0787, 0.0203, 0.6744, 0.1033], [0.0319, 0.0529, 0.0648, 0.0681, 0.0584, 0.6934, 0.0306], [0.0599, 0.0533, 0.019, 0.0588, 0.091, 0.6558, 0.0623], [0.0342, 0.0863, 0.0386, 0.0789, 0.0322, 0.6646, 0.0652], [0.0289, 0.0776, 0.0193, 0.036, 0.0844, 0.727, 0.0269], [0.0503, 0.0154, 0.0317, 0.0416, 0.0667, 0.7563, 0.038], [0.099, 0.0694, 0.0507, 0.0219, 0.0187, 0.7017, 0.0385], [0.0483, 0.0151, 0.06, 0.0791, 0.0686, 0.6843, 0.0447], [0.0267, 0.0278, 0.0551, 0.0588, 0.0781, 0.7038, 0.0497], [0.0311, 0.0631, 0.0775, 0.0675, 0.0623, 0.687, 0.0115], [0.0592, 0.0692, 0.0158, 0.0703, 0.0645, 0.6725, 0.0485], [0.0317, 0.029, 0.0814, 0.0226, 0.0448, 0.7488, 0.0417], [0.0732, 0.0424, 0.0518, 0.0407, 0.0381, 0.6996, 0.0542], [0.0827, 0.0547, 0.025, 0.061, 0.0798, 0.6398, 0.057], [0.0312, 0.0539, 0.0589, 0.0772, 0.1009, 0.623, 0.0549], [0.0263, 0.0784, 0.0134, 0.0509, 0.0574, 0.735, 0.0386], [0.0435, 0.0181, 0.0517, 0.0242, 0.066, 0.734, 0.0625], [0.0669, 0.0286, 0.0502, 0.0174, 0.0626, 0.7422, 0.0321], [0.019, 0.0516, 0.0628, 0.0792, 0.0267, 0.7232, 0.0375], [0.0889, 0.0438, 0.0245, 0.0208, 0.0748, 0.7124, 0.0349], [0.0171, 0.0303, 0.0216, 0.0475, 0.046, 0.7969, 0.0407], [0.0688, 0.0494, 0.0356, 0.0298, 0.0657, 0.7213, 0.0294], [0.087, 0.0698, 0.0553, 0.0359, 0.0785, 0.6136, 0.0599], [0.0666, 0.048, 0.0654, 0.0621, 0.0694, 0.6209, 0.0677], [0.0786, 0.0627, 0.0738, 0.0799, 0.0185, 0.6047, 0.0818], [0.0365, 0.0472, 0.0448, 0.0629, 0.0691, 0.7036, 0.0359], [0.0444, 0.0559, 0.0228, 0.0672, 0.0604, 0.7179, 0.0315], [0.0699, 0.0544, 0.0132, 0.0354, 0.0599, 0.7298, 0.0373], [0.0658, 0.0367, 0.055, 0.0434, 0.069, 0.6435, 0.0865], [0.0239, 0.0548, 0.0528, 0.0789, 0.0467, 0.6945, 0.0484], [0.0223, 0.0809, 0.0359, 0.0544, 0.0166, 0.7344, 0.0555], [0.0729, 0.0632, 0.041, 0.0323, 0.0525, 0.6433, 0.0947], [0.0443, 0.05, 0.0811, 0.039, 0.0438, 0.6669, 0.0748], [0.0431, 0.0466, 0.0794, 0.0905, 0.0143, 0.65, 0.0761], [0.0563, 0.0405, 0.0449, 0.0716, 0.0276, 0.7457, 0.0134], [0.0729, 0.0522, 0.0377, 0.0148, 0.0771, 0.6692, 0.076], [0.0777, 0.0169, 0.0506, 0.0657, 0.0126, 0.7315, 0.0449], [0.0388, 0.0218, 0.0782, 0.0144, 0.0797, 0.7326, 0.0345], [0.0569, 0.0278, 0.0414, 0.0251, 0.0692, 0.7044, 0.0752], [0.0137, 0.0786, 0.062, 0.0377, 0.0409, 0.7271, 0.04], [0.0684, 0.0381, 0.0266, 0.0958, 0.0364, 0.7005, 0.0342], [0.0221, 0.0421, 0.0504, 0.0125, 0.0665, 0.7527, 0.0537], [0.0486, 0.0299, 0.0517, 0.043, 0.0786, 0.6814, 0.0667], [0.077, 0.0806, 0.0266, 0.0866, 0.075, 0.6227, 0.0315], [0.0743, 0.0353, 0.0666, 0.0183, 0.0713, 0.6756, 0.0584], [0.046, 0.0648, 0.0821, 0.0716, 0.0543, 0.6413, 0.0399], [0.026, 0.0241, 0.0706, 0.0158, 0.0765, 0.6984, 0.0887], [0.0518, 0.0899, 0.0164, 0.0209, 0.0479, 0.7355, 0.0376], [0.0286, 0.0295, 0.0511, 0.0602, 0.0934, 0.6639, 0.0733], [0.0498, 0.0489, 0.0518, 0.0604, 0.0209, 0.6865, 0.0817], [0.066, 0.0554, 0.0637, 0.0544, 0.0365, 0.7052, 0.0188], [0.0236, 0.0672, 0.0343, 0.04, 0.0233, 0.7411, 0.0706], [0.0326, 0.093, 0.0431, 0.0212, 0.0183, 0.757, 0.0347], [0.0303, 0.0697, 0.0241, 0.0262, 0.0748, 0.738, 0.0369], [0.02, 0.0613, 0.0286, 0.0737, 0.0729, 0.6848, 0.0587], [0.0434, 0.0585, 0.0684, 0.0297, 0.0918, 0.6244, 0.0838]], "emotions": ["purple", "purple", "purple", "purple", "purple", "purple", "purple", "purple", "purple", "purple", "purple", "purple", "purple", "purple", "purple", "purple", "purple", "purple", "purple", "purple", "purple", "purple", "purple", "purple", "purple", "purple", "purple", "purple", "purple", "purple", "purple", "purple", "purple", "purple", "purple", "purple", "purple", "purple", "purple", "purple", "purple", "purple", "purple", "purple", "purple", "purple", "purple", "purple", "purple", "purple", "purple", "purple", "purple", "purple", "purple", "purple", "purple", "purple", "purple", "purple", "purple", "purple", "purple", "purple", "purple", "purple", "purple", "purple", "purple", "purple", "purple", "purple", "purple", "purple", "purple", "purple", "purple", "purple", "purple", "purple"], "timestamps": [0, 40, 80, 120, 160, 200, 240, 280, 320, 360, 400, 440, 480, 520, 560, 600, 640, 680, 720, 760, 800, 840, 880, 920, 960, 1000, 1040, 1080, 1120, 1160, 1200, 1240, 1280, 1320, 1360, 1400, 1440, 1480, 1520, 1560, 1600, 1640, 1680, 1720, 1760, 1800, 1840, 1880, 1920, 1960, 2000, 2040, 2080, 2120, 2160, 2200, 2240, 2280, 2320, 2360, 2400, 2440, 2480, 2520, 2560, 2600, 2640, 2680, 2720, 2760, 2800, 2840, 2880, 2920, 2960, 3000, 3040, 3080, 3120, 3160]}], "conversation": [], "conversation_timestamps": []}