{"agent_id": "agent-purple-1654", "type": "purple", "trips": [{"trip_id": 0, "transport_method": "bicycle", "start_time": 0, "path": [[1.477899, 42.5773114], [1.4796062, 42.5770601], [1.4788823, 42.5782527], [1.4804782, 42.5774089], [1.4814521, 42.5758735], [1.4821266, 42.5744261], [1.48344, 42.5733021], [1.4842877, 42.571896], [1.4859481, 42.5712285], [1.4873864, 42.570108], [1.4886051, 42.5687194], [1.4896366, 42.5672367], [1.490576, 42.5661245], [1.4918976, 42.5648851], [1.493404, 42.5638135], [1.4949103, 42.5627419], [1.4947946, 42.5631407], [1.4930915, 42.5638018], [1.4917159, 42.5649954], [1.4930611, 42.5640393], [1.4945584, 42.5629551], [1.4960689, 42.5618907], [1.4977536, 42.5614938], [1.4977856, 42.5615033], [1.4996207, 42.5617224], [1.5009635, 42.5607543], [1.5025574, 42.5598178], [1.5018453, 42.5605184], [1.5001941, 42.5612574], [1.5013851, 42.5606315], [1.5030386, 42.5598048], [1.5045878, 42.5588148], [1.5050172, 42.5570989], [1.5061861, 42.5556801], [1.5067475, 42.5539916], [1.5080863, 42.5527172], [1.5095379, 42.5515798], [1.5110023, 42.5504772], [1.512327, 42.5491994], [1.5132265, 42.5482744], [1.5134987, 42.5472373], [1.5140163, 42.5465443], [1.5149135, 42.5455728], [1.5156283, 42.544475], [1.5169359, 42.5431849], [1.5180112, 42.5417374], [1.5194188, 42.5407264], [1.5194807, 42.539014], [1.5194572, 42.5394771], [1.5198365, 42.537685], [1.5208463, 42.5361814], [1.5204364, 42.534961], [1.5195528, 42.5334995], [1.5195927, 42.5317183], [1.5196615, 42.5313415], [1.5197204, 42.5305455], [1.5206193, 42.5291936], [1.5199901, 42.5275411], [1.5205931, 42.5258771], [1.5209447, 42.5241027], [1.5218907, 42.5225454], [1.5232167, 42.5212976], [1.5238582, 42.5196628], [1.5234649, 42.5208097], [1.5241481, 42.519092], [1.5254762, 42.5179232], [1.5269738, 42.5169723], [1.5285843, 42.5161187], [1.5298148, 42.5147748], [1.5303632, 42.5132201], [1.5306177, 42.5117285], [1.5295963, 42.5106678], [1.5285077, 42.5093597], [1.528955, 42.5097907], [1.5275423, 42.5086136], [1.5257551, 42.5082596], [1.5240293, 42.5077733], [1.5222066, 42.5077095], [1.5204904, 42.5074346], [1.5192066, 42.5063318]], "mood_vectors": [[0.0655, 0.0506, 0.0159, 0.0659, 0.0299, 0.7145, 0.0578], [0.0369, 0.0543, 0.0433, 0.0697, 0.0681, 0.6943, 0.0335], [0.0484, 0.063, 0.0791, 0.061, 0.0851, 0.6045, 0.0587], [0.026, 0.0358, 0.0174, 0.059, 0.0371, 0.7882, 0.0365], [0.0643, 0.0589, 0.0811, 0.0668, 0.0377, 0.6209, 0.0703], [0.05, 0.0724, 0.0717, 0.0312, 0.0365, 0.6864, 0.0518], [0.0532, 0.0502, 0.0418, 0.0376, 0.0719, 0.6786, 0.0666], [0.027, 0.0296, 0.0248, 0.0473, 0.0495, 0.7896, 0.0322], [0.0291, 0.0623, 0.0723, 0.0248, 0.0393, 0.6838, 0.0885], [0.0349, 0.0344, 0.0775, 0.013, 0.039, 0.746, 0.0551], [0.0342, 0.0912, 0.0293, 0.0613, 0.0213, 0.7374, 0.0253], [0.0661, 0.0401, 0.0182, 0.0664, 0.024, 0.7218, 0.0634], [0.0619, 0.0668, 0.0478, 0.0458, 0.0265, 0.6903, 0.0609], [0.0361, 0.076, 0.0747, 0.0532, 0.0289, 0.6757, 0.0554], [0.0647, 0.0896, 0.044, 0.0841, 0.0362, 0.6327, 0.0487], [0.0717, 0.0391, 0.0729, 0.0366, 0.0238, 0.7182, 0.0377], [0.0407, 0.0437, 0.049, 0.0811, 0.0602, 0.6389, 0.0865], [0.071, 0.0251, 0.0745, 0.0572, 0.0681, 0.6287, 0.0753], [0.061, 0.0569, 0.0323, 0.0812, 0.0253, 0.6675, 0.0759], [0.0412, 0.0168, 0.0315, 0.023, 0.0419, 0.7848, 0.0609], [0.0349, 0.0714, 0.0793, 0.0232, 0.0266, 0.7304, 0.0341], [0.0826, 0.0858, 0.0519, 0.0203, 0.0492, 0.6244, 0.0858], [0.066, 0.0434, 0.0353, 0.0846, 0.0217, 0.7312, 0.0178], [0.0624, 0.0219, 0.0846, 0.0212, 0.0304, 0.7506, 0.0288], [0.0381, 0.057, 0.0392, 0.0735, 0.046, 0.7, 0.046], [0.0905, 0.0219, 0.067, 0.0241, 0.0609, 0.7151, 0.0206], [0.0482, 0.0661, 0.0323, 0.0615, 0.0164, 0.7592, 0.0163], [0.0142, 0.0211, 0.0249, 0.0883, 0.0546, 0.7181, 0.0788], [0.0231, 0.0499, 0.024, 0.0724, 0.0909, 0.7217, 0.018], [0.0867, 0.0952, 0.0374, 0.0632, 0.0257, 0.6575, 0.0344], [0.0886, 0.0616, 0.0178, 0.0462, 0.0401, 0.6778, 0.068], [0.0538, 0.0149, 0.0143, 0.0539, 0.0667, 0.7607, 0.0357], [0.0839, 0.0522, 0.0322, 0.0188, 0.0895, 0.6644, 0.0591], [0.0255, 0.0791, 0.0614, 0.0687, 0.0798, 0.6584, 0.0271], [0.0445, 0.0271, 0.0635, 0.0801, 0.0313, 0.6969, 0.0566], [0.065, 0.047, 0.0333, 0.0664, 0.0599, 0.6681, 0.0603], [0.0525, 0.0195, 0.0175, 0.0367, 0.0196, 0.7778, 0.0763], [0.0841, 0.0332, 0.0596, 0.045, 0.0303, 0.7218, 0.026], [0.031, 0.0351, 0.0835, 0.0813, 0.0634, 0.6532, 0.0524], [0.0795, 0.0619, 0.0206, 0.0609, 0.0613, 0.6787, 0.0372], [0.0339, 0.0273, 0.0638, 0.0173, 0.0774, 0.7063, 0.074], [0.0158, 0.0622, 0.0807, 0.0676, 0.0174, 0.7188, 0.0376], [0.0492, 0.0119, 0.077, 0.0589, 0.0468, 0.7105, 0.0459], [0.0358, 0.0752, 0.0469, 0.0559, 0.0539, 0.7206, 0.0116], [0.0371, 0.0534, 0.0637, 0.0393, 0.0667, 0.6922, 0.0476], [0.0428, 0.0181, 0.0719, 0.0764, 0.077, 0.6852, 0.0285], [0.0501, 0.0559, 0.0648, 0.0755, 0.0397, 0.6336, 0.0804], [0.0867, 0.0526, 0.0284, 0.0189, 0.0223, 0.7557, 0.0355], [0.0313, 0.0156, 0.0114, 0.0507, 0.0428, 0.7761, 0.0722], [0.0165, 0.0343, 0.061, 0.0737, 0.0497, 0.711, 0.0537], [0.0531, 0.032, 0.0668, 0.0264, 0.0311, 0.7291, 0.0616], [0.0571, 0.0596, 0.0372, 0.0203, 0.0139, 0.7358, 0.0761], [0.0553, 0.0173, 0.0735, 0.072, 0.0667, 0.6663, 0.0489], [0.0618, 0.0551, 0.0707, 0.0362, 0.0296, 0.6847, 0.0618], [0.0738, 0.0681, 0.0329, 0.0712, 0.0796, 0.6441, 0.0302], [0.0373, 0.0378, 0.031, 0.0683, 0.0352, 0.717, 0.0734], [0.0406, 0.0168, 0.0701, 0.0653, 0.014, 0.7706, 0.0226], [0.0879, 0.0183, 0.0257, 0.0465, 0.0264, 0.7741, 0.021], [0.069, 0.0614, 0.0306, 0.0234, 0.0647, 0.7002, 0.0508], [0.0583, 0.0592, 0.0296, 0.071, 0.0145, 0.7451, 0.0223], [0.0805, 0.0376, 0.0639, 0.0515, 0.0548, 0.674, 0.0377], [0.0641, 0.0457, 0.0593, 0.0215, 0.0244, 0.7319, 0.0531], [0.0763, 0.0726, 0.0286, 0.0428, 0.0711, 0.6487, 0.0598], [0.0623, 0.0616, 0.068, 0.0883, 0.081, 0.6141, 0.0248], [0.0232, 0.0594, 0.0693, 0.0426, 0.075, 0.6767, 0.0537], [0.0589, 0.0192, 0.0315, 0.0426, 0.0744, 0.7383, 0.0351], [0.044, 0.0248, 0.0624, 0.0637, 0.0695, 0.6747, 0.0609], [0.0258, 0.0168, 0.0831, 0.0643, 0.087, 0.6645, 0.0586], [0.0589, 0.0322, 0.0585, 0.0436, 0.0295, 0.7238, 0.0534], [0.0725, 0.0512, 0.0463, 0.0391, 0.0758, 0.656, 0.0591], [0.0278, 0.015, 0.0404, 0.069, 0.0676, 0.7409, 0.0393], [0.0307, 0.0351, 0.0775, 0.0259, 0.0478, 0.7282, 0.0547], [0.0786, 0.0497, 0.0118, 0.0484, 0.0317, 0.7553, 0.0246], [0.0581, 0.0645, 0.065, 0.0243, 0.0682, 0.6501, 0.0698], [0.0367, 0.085, 0.0631, 0.0155, 0.0304, 0.6898, 0.0795], [0.0192, 0.0762, 0.0719, 0.0449, 0.0455, 0.7077, 0.0346], [0.082, 0.0714, 0.0216, 0.0528, 0.0259, 0.6755, 0.0707], [0.0369, 0.0667, 0.0691, 0.046, 0.0691, 0.6437, 0.0685], [0.0895, 0.0229, 0.0175, 0.0373, 0.0353, 0.7424, 0.0552], [0.0279, 0.0683, 0.0373, 0.0642, 0.0191, 0.7598, 0.0233]], "emotions": ["purple", "purple", "purple", "purple", "purple", "purple", "purple", "purple", "purple", "purple", "purple", "purple", "purple", "purple", "purple", "purple", "purple", "purple", "purple", "purple", "purple", "purple", "purple", "purple", "purple", "purple", "purple", "purple", "purple", "purple", "purple", "purple", "purple", "purple", "purple", "purple", "purple", "purple", "purple", "purple", "purple", "purple", "purple", "purple", "purple", "purple", "purple", "purple", "purple", "purple", "purple", "purple", "purple", "purple", "purple", "purple", "purple", "purple", "purple", "purple", "purple", "purple", "purple", "purple", "purple", "purple", "purple", "purple", "purple", "purple", "purple", "purple", "purple", "purple", "purple", "purple", "purple", "purple", "purple", "purple"], "timestamps": [0, 40, 80, 120, 160, 200, 240, 280, 320, 360, 400, 440, 480, 520, 560, 600, 640, 680, 720, 760, 800, 840, 880, 920, 960, 1000, 1040, 1080, 1120, 1160, 1200, 1240, 1280, 1320, 1360, 1400, 1440, 1480, 1520, 1560, 1600, 1640, 1680, 1720, 1760, 1800, 1840, 1880, 1920, 1960, 2000, 2040, 2080, 2120, 2160, 2200, 2240, 2280, 2320, 2360, 2400, 2440, 2480, 2520, 2560, 2600, 2640, 2680, 2720, 2760, 2800, 2840, 2880, 2920, 2960, 3000, 3040, 3080, 3120, 3160]}], "conversation": [], "conversation_timestamps": []}