{"agent_id": "agent-green-357", "type": "green", "trips": [{"trip_id": 0, "transport_method": "bicycle", "start_time": 0, "path": [[1.7332535, 42.5428026], [1.7338148, 42.5436433], [1.7348679, 42.5457721], [1.7346041, 42.547131], [1.7326484, 42.5464924], [1.7292667, 42.5447785], [1.7255916, 42.5438746], [1.721797, 42.5437639], [1.7180006, 42.5438928], [1.7142037, 42.544006], [1.7104079, 42.5441376], [1.7066179, 42.5443934], [1.7028535, 42.5448465], [1.6996382, 42.546631], [1.6969049, 42.5491707], [1.6944525, 42.5520592], [1.6914871, 42.5544127], [1.6889854, 42.5572684], [1.6859046, 42.5594828], [1.6827404, 42.5615658], [1.6802241, 42.5643338], [1.6788817, 42.5678873], [1.6786376, 42.5671782], [1.6802919, 42.5638811], [1.6792083, 42.5670606], [1.6776247, 42.5704677], [1.6749315, 42.5730945], [1.6720061, 42.5752638], [1.6694411, 42.5760961], [1.6664986, 42.575851], [1.6627329, 42.5762574], [1.6589669, 42.5763347], [1.6575246, 42.5756799], [1.6538191, 42.5750296], [1.6503633, 42.5756562], [1.6470938, 42.5772936], [1.6433637, 42.5778437], [1.6396076, 42.5781679], [1.635844, 42.5778911], [1.6332028, 42.5781729], [1.6295109, 42.5781539], [1.6260302, 42.5771119], [1.6263185, 42.577298], [1.6228801, 42.5758088], [1.6195455, 42.5742044], [1.6161011, 42.5728602], [1.612542, 42.5720208], [1.6088877, 42.5714554], [1.6060257, 42.5706041], [1.6035027, 42.5683106], [1.6000554, 42.5667486], [1.5979673, 42.5659981], [1.595575, 42.5652573], [1.5955402, 42.5654137], [1.5931393, 42.5645308], [1.5904027, 42.5624556], [1.5887623, 42.5595356], [1.5866929, 42.5588901], [1.5845604, 42.5579078], [1.5838333, 42.5560183], [1.5812024, 42.5552499], [1.5775122, 42.5549341], [1.5756068, 42.5550543], [1.5748631, 42.5549237], [1.5716483, 42.5555745], [1.5680502, 42.5544193], [1.5647611, 42.5526406], [1.5611253, 42.5520424], [1.5574414, 42.552549], [1.5537456, 42.5520817], [1.55101, 42.5500987], [1.5502869, 42.5470682], [1.5466743, 42.5467297], [1.543195, 42.5471969], [1.5398831, 42.5484919], [1.5368765, 42.5472864], [1.5331399, 42.5471829], [1.5293914, 42.5467782], [1.5261463, 42.5463218], [1.5241752, 42.5474188]], "mood_vectors": [[0.051, 0.0359, 0.0181, 0.0729, 0.0552, 0.0809, 0.6861], [0.0362, 0.0131, 0.0409, 0.0655, 0.0286, 0.0703, 0.7454], [0.0936, 0.0641, 0.0518, 0.0277, 0.0294, 0.0565, 0.6769], [0.0606, 0.0623, 0.0262, 0.0429, 0.0673, 0.0678, 0.673], [0.0319, 0.0585, 0.0432, 0.0489, 0.0369, 0.0539, 0.7267], [0.0298, 0.05, 0.0298, 0.0543, 0.0442, 0.069, 0.7228], [0.0597, 0.0491, 0.0772, 0.0527, 0.0769, 0.0204, 0.664], [0.0211, 0.0678, 0.0246, 0.0575, 0.0706, 0.0469, 0.7114], [0.0275, 0.0324, 0.0979, 0.0332, 0.0419, 0.0682, 0.6989], [0.0433, 0.0265, 0.058, 0.0503, 0.0598, 0.0228, 0.7393], [0.0311, 0.0322, 0.0502, 0.0626, 0.056, 0.0152, 0.7527], [0.0352, 0.0384, 0.0826, 0.0477, 0.0321, 0.0955, 0.6684], [0.0647, 0.0732, 0.0193, 0.0507, 0.0623, 0.0131, 0.7167], [0.0763, 0.0676, 0.0392, 0.0639, 0.0932, 0.032, 0.6278], [0.0567, 0.062, 0.0314, 0.0225, 0.0757, 0.0854, 0.6664], [0.0619, 0.0256, 0.0798, 0.0734, 0.0236, 0.0579, 0.6778], [0.0505, 0.0677, 0.0416, 0.0692, 0.015, 0.0295, 0.7265], [0.0427, 0.0728, 0.0392, 0.0228, 0.078, 0.0326, 0.7119], [0.0134, 0.0494, 0.0219, 0.0735, 0.0581, 0.0201, 0.7636], [0.0197, 0.021, 0.0618, 0.0548, 0.0844, 0.021, 0.7373], [0.0247, 0.0809, 0.0269, 0.0528, 0.0794, 0.0839, 0.6515], [0.029, 0.0829, 0.0475, 0.0209, 0.0286, 0.0425, 0.7487], [0.0471, 0.0199, 0.0472, 0.0458, 0.0376, 0.0791, 0.7233], [0.0784, 0.0277, 0.0352, 0.0807, 0.0381, 0.039, 0.7009], [0.0244, 0.0773, 0.0508, 0.0431, 0.015, 0.0776, 0.7119], [0.0508, 0.0651, 0.0776, 0.0563, 0.0347, 0.072, 0.6435], [0.0695, 0.0479, 0.0292, 0.0329, 0.0456, 0.0499, 0.7251], [0.0533, 0.0668, 0.0422, 0.063, 0.0218, 0.0179, 0.735], [0.0384, 0.0554, 0.0516, 0.0662, 0.0542, 0.0287, 0.7055], [0.0439, 0.0632, 0.0755, 0.0401, 0.0781, 0.0736, 0.6256], [0.0608, 0.0609, 0.0663, 0.0264, 0.0283, 0.0674, 0.69], [0.0729, 0.0173, 0.0701, 0.0694, 0.062, 0.0839, 0.6243], [0.0619, 0.0902, 0.0418, 0.0402, 0.0892, 0.0377, 0.6391], [0.0471, 0.0152, 0.0505, 0.0646, 0.0745, 0.017, 0.7311], [0.0875, 0.0233, 0.0597, 0.0269, 0.0207, 0.0653, 0.7165], [0.0599, 0.0457, 0.0703, 0.0425, 0.038, 0.0488, 0.6949], [0.0536, 0.0729, 0.0629, 0.0579, 0.0722, 0.0462, 0.6344], [0.0174, 0.0737, 0.064, 0.0803, 0.0213, 0.0674, 0.6758], [0.0482, 0.0743, 0.0153, 0.0634, 0.0181, 0.0142, 0.7665], [0.0566, 0.0676, 0.0397, 0.0366, 0.064, 0.0488, 0.6866], [0.0262, 0.0718, 0.0526, 0.0739, 0.0283, 0.0689, 0.6784], [0.0237, 0.0664, 0.0551, 0.0596, 0.0429, 0.0504, 0.7018], [0.0352, 0.0181, 0.0305, 0.0452, 0.0462, 0.0733, 0.7515], [0.0269, 0.0674, 0.0903, 0.0159, 0.0831, 0.0438, 0.6727], [0.0968, 0.0622, 0.058, 0.0219, 0.0252, 0.0862, 0.6497], [0.0371, 0.0414, 0.0512, 0.0568, 0.0322, 0.0259, 0.7555], [0.059, 0.031, 0.0605, 0.0291, 0.047, 0.0279, 0.7455], [0.0398, 0.0122, 0.0621, 0.0641, 0.0369, 0.0493, 0.7356], [0.0347, 0.0524, 0.0455, 0.07, 0.0604, 0.057, 0.68], [0.0142, 0.0612, 0.0731, 0.083, 0.0132, 0.0281, 0.7271], [0.0265, 0.0455, 0.0775, 0.0608, 0.0951, 0.0242, 0.6703], [0.0539, 0.0546, 0.0611, 0.0675, 0.0511, 0.0314, 0.6805], [0.0471, 0.056, 0.086, 0.0316, 0.0699, 0.0582, 0.6512], [0.061, 0.0422, 0.0764, 0.0745, 0.0491, 0.0627, 0.634], [0.0583, 0.061, 0.0345, 0.0183, 0.078, 0.0444, 0.7055], [0.0575, 0.0588, 0.0239, 0.0661, 0.0443, 0.0274, 0.7219], [0.0717, 0.0325, 0.0594, 0.0599, 0.0448, 0.0665, 0.6652], [0.017, 0.0727, 0.0794, 0.078, 0.0685, 0.0391, 0.6453], [0.0689, 0.0282, 0.0571, 0.0132, 0.0394, 0.0489, 0.7443], [0.0343, 0.0321, 0.0535, 0.0194, 0.0278, 0.0536, 0.7793], [0.0359, 0.0436, 0.0755, 0.0492, 0.045, 0.0677, 0.6831], [0.0179, 0.0659, 0.0616, 0.0453, 0.0704, 0.0355, 0.7034], [0.0777, 0.0169, 0.0233, 0.0785, 0.0276, 0.0615, 0.7146], [0.0468, 0.0921, 0.0514, 0.0967, 0.0153, 0.0594, 0.6383], [0.05, 0.0744, 0.0703, 0.0162, 0.0331, 0.0415, 0.7146], [0.0669, 0.038, 0.0799, 0.0233, 0.0326, 0.0187, 0.7406], [0.0441, 0.0782, 0.0489, 0.0837, 0.0563, 0.0599, 0.6289], [0.0705, 0.0304, 0.0693, 0.0425, 0.0181, 0.0728, 0.6963], [0.0462, 0.0663, 0.0571, 0.0308, 0.0483, 0.0591, 0.6922], [0.0398, 0.0283, 0.0686, 0.0673, 0.036, 0.0799, 0.6801], [0.0686, 0.0303, 0.0439, 0.0722, 0.0487, 0.0255, 0.7108], [0.05, 0.0234, 0.0585, 0.0727, 0.0407, 0.0884, 0.6664], [0.0153, 0.0375, 0.0777, 0.0921, 0.0526, 0.0349, 0.6897], [0.0643, 0.0376, 0.0701, 0.0379, 0.0705, 0.0133, 0.7062], [0.0841, 0.0879, 0.0268, 0.0207, 0.0888, 0.0823, 0.6093], [0.0624, 0.0545, 0.0602, 0.0154, 0.0258, 0.0487, 0.7331], [0.0506, 0.0284, 0.068, 0.015, 0.0679, 0.0674, 0.7027], [0.0378, 0.0381, 0.033, 0.0582, 0.0569, 0.057, 0.7191], [0.0602, 0.0685, 0.0623, 0.0217, 0.0386, 0.0563, 0.6924], [0.0241, 0.0691, 0.0671, 0.0766, 0.0266, 0.0134, 0.7231]], "emotions": ["purple", "purple", "purple", "purple", "purple", "purple", "purple", "purple", "purple", "purple", "purple", "purple", "purple", "purple", "purple", "purple", "purple", "purple", "purple", "purple", "purple", "purple", "purple", "purple", "purple", "purple", "purple", "purple", "purple", "purple", "purple", "purple", "purple", "purple", "purple", "purple", "purple", "purple", "purple", "purple", "purple", "purple", "purple", "purple", "purple", "purple", "purple", "purple", "purple", "purple", "purple", "purple", "purple", "purple", "purple", "purple", "purple", "purple", "purple", "purple", "purple", "purple", "purple", "purple", "purple", "purple", "purple", "purple", "purple", "purple", "purple", "purple", "purple", "purple", "purple", "purple", "purple", "purple", "purple", "purple"], "timestamps": [0, 40, 80, 120, 160, 200, 240, 280, 320, 360, 400, 440, 480, 520, 560, 600, 640, 680, 720, 760, 800, 840, 880, 920, 960, 1000, 1040, 1080, 1120, 1160, 1200, 1240, 1280, 1320, 1360, 1400, 1440, 1480, 1520, 1560, 1600, 1640, 1680, 1720, 1760, 1800, 1840, 1880, 1920, 1960, 2000, 2040, 2080, 2120, 2160, 2200, 2240, 2280, 2320, 2360, 2400, 2440, 2480, 2520, 2560, 2600, 2640, 2680, 2720, 2760, 2800, 2840, 2880, 2920, 2960, 3000, 3040, 3080, 3120, 3160]}], "conversation": [], "conversation_timestamps": []}