{"agent_id": "agent-blue-1665", "type": "blue", "trips": [{"trip_id": 0, "transport_method": "bus", "start_time": 0, "path": [[1.5355827, 42.5566371], [1.5345227, 42.556388], [1.5334879, 42.5558848], [1.5329517, 42.5556116], [1.5317942, 42.5556924], [1.5306945, 42.5553992], [1.5296447, 42.5549064], [1.5288756, 42.5540462], [1.5280959, 42.5532031], [1.527228, 42.5524329], [1.5266182, 42.551943], [1.5275292, 42.5526597], [1.5284041, 42.5534179], [1.5281019, 42.553101], [1.5273158, 42.5522474], [1.5265297, 42.5513939], [1.5262887, 42.5504967], [1.5256855, 42.5495089], [1.5252794, 42.5484302], [1.5246716, 42.5474758], [1.524729, 42.5463396], [1.5243557, 42.5456647], [1.5238285, 42.5446476], [1.5234252, 42.5438156], [1.5231082, 42.5432028], [1.52287, 42.542085], [1.5233075, 42.5410801], [1.5234574, 42.54068], [1.5231747, 42.5395871], [1.5231494, 42.5384376], [1.5239881, 42.537774], [1.5250846, 42.537591], [1.5249898, 42.5368156], [1.5238496, 42.5366095], [1.522967, 42.5360285], [1.5222551, 42.535116], [1.5212899, 42.5345101], [1.5207049, 42.5335554], [1.5213609, 42.5326748], [1.5208763, 42.5316361], [1.5212733, 42.5306695], [1.5217188, 42.5297563], [1.5215147, 42.5289963], [1.5210177, 42.5280237], [1.5206601, 42.5269999], [1.5207543, 42.5258434], [1.5206613, 42.5264173], [1.520628, 42.5273737], [1.5206998, 42.5262156], [1.5206999, 42.5250627], [1.5210101, 42.5240092], [1.5217113, 42.5230895], [1.5222243, 42.522068], [1.5231519, 42.521376], [1.5236188, 42.5203253], [1.5238047, 42.5200291], [1.5233516, 42.5210953], [1.5237762, 42.520027], [1.5242051, 42.5189488], [1.5250665, 42.5182642], [1.5258998, 42.517462], [1.5269242, 42.5170094], [1.5279244, 42.5164696], [1.5288737, 42.5158317], [1.5295918, 42.5149267], [1.530411, 42.5141507], [1.530452, 42.5130489], [1.5309683, 42.5120593], [1.5299893, 42.5115279], [1.5295876, 42.510688], [1.528955, 42.5097854], [1.5288179, 42.5096854], [1.5291278, 42.5099546], [1.5282858, 42.5091562], [1.5273215, 42.5085386], [1.526172, 42.508417], [1.5251474, 42.5079831], [1.5240114, 42.5077736], [1.5228695, 42.5076772], [1.5223147, 42.5067953]], "mood_vectors": [[0.0453, 0.0327, 0.0791, 0.6664, 0.0186, 0.0885, 0.0694], [0.0812, 0.0203, 0.0825, 0.6799, 0.047, 0.0474, 0.0417], [0.0221, 0.0222, 0.0786, 0.7003, 0.0178, 0.0729, 0.0861], [0.0533, 0.0569, 0.0228, 0.6973, 0.0729, 0.0793, 0.0175], [0.0668, 0.0442, 0.027, 0.7139, 0.0485, 0.0445, 0.055], [0.0697, 0.028, 0.0231, 0.7526, 0.0696, 0.0317, 0.0252], [0.0261, 0.0179, 0.0455, 0.6656, 0.0957, 0.0765, 0.0726], [0.0553, 0.054, 0.0336, 0.7204, 0.0656, 0.0318, 0.0393], [0.0563, 0.0545, 0.0547, 0.6874, 0.014, 0.068, 0.0651], [0.0742, 0.0345, 0.0538, 0.6498, 0.0975, 0.0581, 0.0322], [0.0637, 0.0143, 0.0351, 0.7877, 0.0482, 0.0115, 0.0396], [0.0739, 0.0361, 0.042, 0.7451, 0.0231, 0.0648, 0.015], [0.1023, 0.0434, 0.0448, 0.6727, 0.1027, 0.0176, 0.0164], [0.0534, 0.0649, 0.0568, 0.6956, 0.0554, 0.0474, 0.0265], [0.0336, 0.0703, 0.0747, 0.7207, 0.0593, 0.0133, 0.028], [0.0716, 0.0555, 0.0682, 0.6606, 0.0669, 0.0312, 0.046], [0.0237, 0.0734, 0.0496, 0.6486, 0.0744, 0.0468, 0.0834], [0.0432, 0.0605, 0.0601, 0.7209, 0.0317, 0.0146, 0.069], [0.0441, 0.0279, 0.0614, 0.7508, 0.0655, 0.0174, 0.0328], [0.062, 0.0364, 0.0151, 0.6762, 0.1004, 0.081, 0.029], [0.0857, 0.0332, 0.0207, 0.7161, 0.0427, 0.0594, 0.0423], [0.07, 0.0183, 0.0888, 0.6415, 0.0725, 0.0396, 0.0692], [0.0144, 0.0672, 0.0714, 0.6589, 0.0583, 0.0577, 0.0722], [0.0782, 0.0684, 0.0408, 0.6187, 0.0774, 0.0461, 0.0704], [0.0511, 0.0555, 0.0799, 0.6797, 0.0144, 0.0718, 0.0475], [0.0724, 0.0698, 0.0577, 0.6587, 0.0454, 0.0615, 0.0345], [0.0667, 0.0419, 0.084, 0.6546, 0.0343, 0.0802, 0.0384], [0.0196, 0.0704, 0.0394, 0.79, 0.0253, 0.028, 0.0273], [0.0634, 0.021, 0.0172, 0.6403, 0.0878, 0.0781, 0.0922], [0.0181, 0.0637, 0.0266, 0.7701, 0.0739, 0.0162, 0.0314], [0.0685, 0.0602, 0.0819, 0.5934, 0.0655, 0.0681, 0.0623], [0.0775, 0.028, 0.0486, 0.6916, 0.0482, 0.0335, 0.0727], [0.0708, 0.0645, 0.0595, 0.6864, 0.0346, 0.0555, 0.0286], [0.0704, 0.0487, 0.0199, 0.734, 0.0325, 0.0309, 0.0638], [0.0169, 0.0529, 0.0446, 0.7249, 0.0599, 0.0619, 0.0389], [0.067, 0.0651, 0.0205, 0.7367, 0.024, 0.0538, 0.033], [0.0414, 0.013, 0.0121, 0.7938, 0.0461, 0.0543, 0.0393], [0.0349, 0.0546, 0.0811, 0.6633, 0.0313, 0.0821, 0.0526], [0.0488, 0.0363, 0.0371, 0.6541, 0.0906, 0.0619, 0.0712], [0.0169, 0.0239, 0.0593, 0.7341, 0.0531, 0.0643, 0.0483], [0.0631, 0.0814, 0.0423, 0.717, 0.0229, 0.0297, 0.0436], [0.023, 0.0357, 0.0437, 0.7253, 0.104, 0.034, 0.0342], [0.0661, 0.0331, 0.0479, 0.7382, 0.0412, 0.0385, 0.035], [0.0828, 0.0283, 0.0278, 0.7315, 0.0278, 0.0321, 0.0697], [0.0539, 0.0301, 0.0532, 0.6733, 0.0576, 0.0692, 0.0627], [0.0382, 0.0664, 0.0844, 0.6421, 0.0288, 0.0587, 0.0813], [0.0774, 0.0355, 0.076, 0.6649, 0.0904, 0.0223, 0.0336], [0.0524, 0.0422, 0.0197, 0.6852, 0.0734, 0.0844, 0.0426], [0.012, 0.0589, 0.064, 0.7026, 0.0745, 0.0473, 0.0405], [0.0515, 0.0477, 0.0338, 0.7037, 0.028, 0.0675, 0.0678], [0.0661, 0.0731, 0.066, 0.6754, 0.0183, 0.0745, 0.0266], [0.0778, 0.038, 0.0712, 0.6926, 0.0258, 0.0782, 0.0163], [0.0496, 0.0149, 0.0351, 0.7222, 0.0766, 0.0478, 0.0537], [0.0359, 0.0557, 0.0281, 0.6839, 0.0751, 0.0626, 0.0587], [0.027, 0.0459, 0.0651, 0.7359, 0.0746, 0.0336, 0.0178], [0.0656, 0.0602, 0.0407, 0.6477, 0.0642, 0.0773, 0.0445], [0.0645, 0.0516, 0.0665, 0.6754, 0.0581, 0.0275, 0.0565], [0.0325, 0.0624, 0.0138, 0.7508, 0.0294, 0.0719, 0.0393], [0.0392, 0.0696, 0.0449, 0.7152, 0.0579, 0.0252, 0.0481], [0.0496, 0.0205, 0.0459, 0.7157, 0.0658, 0.0447, 0.0578], [0.0257, 0.0888, 0.079, 0.6633, 0.0729, 0.0175, 0.053], [0.0221, 0.0441, 0.0628, 0.6507, 0.0505, 0.0772, 0.0927], [0.0759, 0.0821, 0.0393, 0.5836, 0.0745, 0.0724, 0.0722], [0.0372, 0.0287, 0.0359, 0.6886, 0.0444, 0.0781, 0.087], [0.0668, 0.0703, 0.0458, 0.7395, 0.0211, 0.0294, 0.027], [0.0946, 0.0601, 0.0261, 0.6476, 0.0389, 0.095, 0.0376], [0.0251, 0.0259, 0.0843, 0.7409, 0.0177, 0.038, 0.0681], [0.035, 0.0455, 0.0463, 0.6958, 0.0785, 0.0787, 0.0202], [0.0716, 0.0321, 0.0334, 0.7191, 0.0751, 0.0421, 0.0266], [0.0819, 0.0721, 0.0823, 0.6326, 0.0176, 0.0893, 0.0242], [0.0175, 0.0693, 0.0252, 0.731, 0.0609, 0.0648, 0.0314], [0.0316, 0.0323, 0.0535, 0.7648, 0.0211, 0.0369, 0.0597], [0.038, 0.0706, 0.0421, 0.6852, 0.0898, 0.0579, 0.0164], [0.0628, 0.0675, 0.0329, 0.7178, 0.014, 0.0531, 0.0519], [0.0584, 0.0593, 0.0679, 0.7097, 0.013, 0.0587, 0.033], [0.0421, 0.0589, 0.0632, 0.6542, 0.0556, 0.0665, 0.0595], [0.0364, 0.0907, 0.0731, 0.6994, 0.0153, 0.0342, 0.0509], [0.0774, 0.0757, 0.0744, 0.6617, 0.0136, 0.0345, 0.0626], [0.0259, 0.0628, 0.0508, 0.7519, 0.031, 0.0496, 0.028], [0.0276, 0.0216, 0.0499, 0.7343, 0.0737, 0.0695, 0.0235]], "emotions": ["green", "green", "green", "green", "green", "green", "green", "green", "green", "green", "green", "green", "green", "green", "green", "green", "green", "green", "green", "green", "green", "green", "green", "green", "green", "green", "green", "green", "green", "green", "green", "green", "green", "green", "green", "green", "green", "green", "green", "green", "green", "green", "green", "green", "green", "green", "green", "green", "green", "green", "green", "green", "green", "green", "green", "green", "green", "green", "green", "green", "green", "green", "green", "green", "green", "green", "green", "green", "green", "green", "green", "green", "green", "green", "green", "green", "green", "green", "green", "green"], "timestamps": [0, 40, 80, 120, 160, 200, 240, 280, 320, 360, 400, 440, 480, 520, 560, 600, 640, 680, 720, 760, 800, 840, 880, 920, 960, 1000, 1040, 1080, 1120, 1160, 1200, 1240, 1280, 1320, 1360, 1400, 1440, 1480, 1520, 1560, 1600, 1640, 1680, 1720, 1760, 1800, 1840, 1880, 1920, 1960, 2000, 2040, 2080, 2120, 2160, 2200, 2240, 2280, 2320, 2360, 2400, 2440, 2480, 2520, 2560, 2600, 2640, 2680, 2720, 2760, 2800, 2840, 2880, 2920, 2960, 3000, 3040, 3080, 3120, 3160]}], "conversation": [], "conversation_timestamps": []}