{"agent_id": "agent-red-1556", "type": "red", "trips": [{"trip_id": 0, "transport_method": "foot", "start_time": 0, "path": [[1.5257532, 42.5081974], [1.5259327, 42.5082214], [1.52611, 42.5082567], [1.5262875, 42.5082924], [1.5264659, 42.5083233], [1.5266457, 42.5083441], [1.5268265, 42.5083543], [1.5270075, 42.5083589], [1.5271886, 42.5083608], [1.5273696, 42.5083643], [1.5275479, 42.5083903], [1.5277166, 42.5084554], [1.5278831, 42.5085266], [1.5280496, 42.5085978], [1.5282154, 42.5086705], [1.528378, 42.5087503], [1.5285475, 42.5088109], [1.5287237, 42.5088526], [1.5289001, 42.5088659], [1.5290767, 42.5088258], [1.5292533, 42.5087857], [1.5294299, 42.5087456], [1.5296065, 42.5087056], [1.5297831, 42.5086655], [1.5299533, 42.5086752], [1.5301139, 42.5087589], [1.5302762, 42.5088391], [1.5304402, 42.5089104], [1.530617, 42.508871], [1.5307937, 42.5088317], [1.530969, 42.5088746], [1.5311443, 42.5089203], [1.5313195, 42.508966], [1.5314947, 42.5090117], [1.53164, 42.5090185], [1.5316404, 42.5088374], [1.5316408, 42.5086563], [1.5316412, 42.5084752], [1.5316415, 42.5082941], [1.5317787, 42.5082602], [1.5319593, 42.5082732], [1.5321399, 42.5082861], [1.5323205, 42.5082991], [1.532501, 42.5083143], [1.5326808, 42.5083359], [1.5328606, 42.5083575], [1.53304, 42.5083816], [1.5332194, 42.5084066], [1.5333988, 42.5084316], [1.5335782, 42.5084565], [1.5337575, 42.5084815], [1.5339369, 42.5085065], [1.5341157, 42.5085222], [1.5342933, 42.508502], [1.5344739, 42.5085155], [1.5346545, 42.5085289], [1.5348351, 42.5085422], [1.5350157, 42.5085556], [1.5351963, 42.508569], [1.5353769, 42.5085822], [1.5355529, 42.5085835], [1.5356657, 42.5084418], [1.5357785, 42.5083001], [1.5358913, 42.5081585], [1.5360204, 42.5080336], [1.536166, 42.507926], [1.5363117, 42.5078184], [1.53648, 42.5077822], [1.536661, 42.5077862], [1.5368416, 42.5077964], [1.537021, 42.5078068], [1.5371921, 42.5078263], [1.537364, 42.5078823], [1.5375301, 42.5079544], [1.5376953, 42.5080286], [1.5378378, 42.508016], [1.5378478, 42.5078398], [1.5377993, 42.5077733], [1.5376453, 42.5076962], [1.5375547, 42.5075396]], "mood_vectors": [[0.8007, 0.0181, 0.0119, 0.0296, 0.0156, 0.0466, 0.0775], [0.6612, 0.0313, 0.0461, 0.0762, 0.0719, 0.049, 0.0643], [0.7305, 0.0608, 0.0516, 0.0692, 0.0186, 0.0279, 0.0414], [0.7013, 0.0209, 0.0154, 0.0732, 0.0753, 0.0507, 0.0631], [0.6572, 0.0754, 0.0664, 0.0414, 0.0649, 0.0322, 0.0624], [0.7124, 0.0676, 0.0439, 0.0465, 0.0417, 0.0387, 0.0491], [0.6535, 0.0635, 0.0694, 0.0404, 0.0244, 0.0815, 0.0674], [0.7282, 0.056, 0.0785, 0.0207, 0.0403, 0.0124, 0.0638], [0.6739, 0.0247, 0.0547, 0.0658, 0.071, 0.0577, 0.0522], [0.7195, 0.021, 0.0594, 0.096, 0.0429, 0.0163, 0.0449], [0.7066, 0.0695, 0.0176, 0.0646, 0.0401, 0.0485, 0.0531], [0.554, 0.0777, 0.0911, 0.0298, 0.0909, 0.0661, 0.0904], [0.6935, 0.0497, 0.0701, 0.0734, 0.0176, 0.0328, 0.0628], [0.7354, 0.0332, 0.0653, 0.0564, 0.0349, 0.0602, 0.0146], [0.7416, 0.0386, 0.0503, 0.0265, 0.0528, 0.0541, 0.0361], [0.7334, 0.0262, 0.0377, 0.0314, 0.0591, 0.0764, 0.0359], [0.6537, 0.0857, 0.0425, 0.0148, 0.0862, 0.0884, 0.0287], [0.7442, 0.0548, 0.0531, 0.0354, 0.0459, 0.0466, 0.02], [0.7516, 0.028, 0.0412, 0.0243, 0.0406, 0.0381, 0.0761], [0.6431, 0.0216, 0.092, 0.0739, 0.0945, 0.017, 0.0579], [0.6299, 0.034, 0.0763, 0.0392, 0.0697, 0.0849, 0.0659], [0.6489, 0.0626, 0.0578, 0.0648, 0.0878, 0.0627, 0.0156], [0.6555, 0.0582, 0.037, 0.0646, 0.0605, 0.0561, 0.0681], [0.6668, 0.0456, 0.0417, 0.0729, 0.0687, 0.037, 0.0672], [0.6908, 0.0372, 0.0464, 0.0384, 0.0859, 0.0406, 0.0608], [0.6159, 0.0771, 0.0916, 0.0392, 0.0572, 0.0615, 0.0575], [0.7459, 0.0597, 0.0353, 0.0254, 0.0287, 0.073, 0.0321], [0.6494, 0.0552, 0.0567, 0.0346, 0.0656, 0.0587, 0.0799], [0.7081, 0.0667, 0.0258, 0.0614, 0.0624, 0.0128, 0.0627], [0.7691, 0.0234, 0.0859, 0.0551, 0.0133, 0.036, 0.0173], [0.6349, 0.0504, 0.079, 0.0493, 0.0784, 0.0738, 0.0343], [0.6027, 0.0884, 0.0155, 0.0849, 0.087, 0.0757, 0.0458], [0.7376, 0.0639, 0.0599, 0.0221, 0.0633, 0.0202, 0.033], [0.651, 0.0533, 0.0906, 0.0847, 0.0748, 0.0295, 0.0163], [0.7246, 0.0196, 0.0694, 0.049, 0.0346, 0.045, 0.058], [0.6721, 0.0357, 0.0577, 0.0646, 0.0275, 0.065, 0.0773], [0.727, 0.0322, 0.0623, 0.0397, 0.0548, 0.0696, 0.0144], [0.6503, 0.058, 0.0664, 0.0555, 0.0461, 0.0535, 0.0702], [0.6305, 0.0374, 0.0519, 0.0932, 0.0687, 0.047, 0.0714], [0.7042, 0.047, 0.0742, 0.0672, 0.037, 0.0438, 0.0266], [0.7561, 0.0663, 0.077, 0.0267, 0.0344, 0.0226, 0.017], [0.6586, 0.0621, 0.0142, 0.0857, 0.0759, 0.0431, 0.0604], [0.7637, 0.0229, 0.0129, 0.0518, 0.0619, 0.0434, 0.0433], [0.7272, 0.0665, 0.0134, 0.0389, 0.0653, 0.0526, 0.036], [0.6828, 0.0155, 0.0789, 0.0856, 0.0676, 0.0207, 0.049], [0.7532, 0.0403, 0.0366, 0.062, 0.0286, 0.0548, 0.0244], [0.7304, 0.0361, 0.0158, 0.0465, 0.027, 0.0804, 0.0638], [0.7068, 0.0547, 0.0386, 0.0359, 0.0248, 0.0782, 0.061], [0.7193, 0.0358, 0.0675, 0.0445, 0.0193, 0.0754, 0.0382], [0.7476, 0.016, 0.0197, 0.0549, 0.0618, 0.0195, 0.0805], [0.7184, 0.0621, 0.0578, 0.0188, 0.0445, 0.0722, 0.0263], [0.8018, 0.0136, 0.0514, 0.0276, 0.016, 0.0443, 0.0454], [0.7324, 0.0701, 0.0655, 0.0232, 0.0235, 0.0266, 0.0586], [0.6703, 0.0327, 0.0819, 0.0522, 0.0702, 0.0792, 0.0135], [0.6952, 0.0273, 0.014, 0.0789, 0.0736, 0.0395, 0.0715], [0.6536, 0.0272, 0.0847, 0.083, 0.0199, 0.0942, 0.0375], [0.6407, 0.0962, 0.0377, 0.034, 0.0697, 0.0637, 0.058], [0.6534, 0.0504, 0.0756, 0.0758, 0.0337, 0.0741, 0.0371], [0.7197, 0.0603, 0.0438, 0.0871, 0.0146, 0.0201, 0.0544], [0.6636, 0.05, 0.0268, 0.0594, 0.0373, 0.0874, 0.0755], [0.7382, 0.0224, 0.0474, 0.0313, 0.0664, 0.0178, 0.0765], [0.7555, 0.026, 0.0127, 0.0717, 0.0566, 0.0243, 0.0531], [0.6822, 0.0173, 0.0325, 0.0813, 0.0539, 0.0768, 0.056], [0.7562, 0.03, 0.0219, 0.0415, 0.0671, 0.0537, 0.0295], [0.7053, 0.0298, 0.0395, 0.0171, 0.088, 0.0512, 0.0692], [0.7441, 0.0523, 0.0345, 0.0589, 0.0272, 0.0223, 0.0607], [0.7714, 0.048, 0.0377, 0.0153, 0.0588, 0.0461, 0.0227], [0.7937, 0.0268, 0.0394, 0.0157, 0.0313, 0.0339, 0.0592], [0.7256, 0.0353, 0.0148, 0.0695, 0.0156, 0.0689, 0.0704], [0.7618, 0.028, 0.0391, 0.0379, 0.0917, 0.023, 0.0184], [0.7493, 0.0382, 0.0163, 0.0788, 0.0164, 0.0482, 0.0527], [0.7172, 0.0235, 0.0778, 0.067, 0.0296, 0.0196, 0.0653], [0.7519, 0.0548, 0.0365, 0.0283, 0.0148, 0.0488, 0.065], [0.6241, 0.0622, 0.0783, 0.0617, 0.0883, 0.0264, 0.059], [0.6997, 0.0185, 0.0681, 0.0653, 0.0801, 0.0202, 0.0482], [0.7198, 0.0136, 0.0756, 0.0772, 0.0271, 0.0277, 0.059], [0.7366, 0.0152, 0.0633, 0.0342, 0.0689, 0.0512, 0.0305], [0.7294, 0.0512, 0.0517, 0.048, 0.0329, 0.0666, 0.0203], [0.6206, 0.0768, 0.0503, 0.0742, 0.0161, 0.0815, 0.0804], [0.7409, 0.0691, 0.0387, 0.0353, 0.0748, 0.0178, 0.0233]], "emotions": ["red", "red", "red", "red", "red", "red", "red", "red", "red", "red", "red", "red", "red", "red", "red", "red", "red", "red", "red", "red", "red", "red", "red", "red", "red", "red", "red", "red", "red", "red", "red", "red", "red", "red", "red", "red", "red", "red", "red", "red", "red", "red", "red", "red", "red", "red", "red", "red", "red", "red", "red", "red", "red", "red", "red", "red", "red", "red", "red", "red", "red", "red", "red", "red", "red", "red", "red", "red", "red", "red", "red", "red", "red", "red", "red", "red", "red", "red", "red", "red"], "timestamps": [0, 40, 80, 120, 160, 200, 240, 280, 320, 360, 400, 440, 480, 520, 560, 600, 640, 680, 720, 760, 800, 840, 880, 920, 960, 1000, 1040, 1080, 1120, 1160, 1200, 1240, 1280, 1320, 1360, 1400, 1440, 1480, 1520, 1560, 1600, 1640, 1680, 1720, 1760, 1800, 1840, 1880, 1920, 1960, 2000, 2040, 2080, 2120, 2160, 2200, 2240, 2280, 2320, 2360, 2400, 2440, 2480, 2520, 2560, 2600, 2640, 2680, 2720, 2760, 2800, 2840, 2880, 2920, 2960, 3000, 3040, 3080, 3120, 3160]}], "conversation": [], "conversation_timestamps": []}