{"agent_id": "agent-green-1787", "type": "green", "trips": [{"trip_id": 0, "transport_method": "car", "start_time": 0, "path": [[1.5197677, 42.5050472], [1.5196624, 42.5050689], [1.5195572, 42.5050906], [1.519452, 42.5051123], [1.5193467, 42.5051155], [1.5192413, 42.5050944], [1.5191359, 42.5050734], [1.5190306, 42.5050523], [1.5189252, 42.5050313], [1.5188198, 42.5050102], [1.5187153, 42.5049855], [1.5186137, 42.5049514], [1.5185337, 42.5049705], [1.5184828, 42.5050644], [1.5184016, 42.5051348], [1.518316, 42.5051995], [1.5182238, 42.5052543], [1.5181271, 42.505301], [1.5180283, 42.5053432], [1.5179263, 42.5053767], [1.5178221, 42.5054021], [1.517719, 42.5054075], [1.5176271, 42.5053548], [1.5175198, 42.5053493], [1.5174125, 42.5053438], [1.5173052, 42.5053383], [1.5171979, 42.5053327], [1.5170906, 42.5053272], [1.5169833, 42.5053217], [1.5170524, 42.5053473], [1.517156, 42.5053755], [1.517261, 42.5053978], [1.5173672, 42.5054141], [1.5174742, 42.5054238], [1.5175732, 42.5053994], [1.5176117, 42.5053595], [1.5175053, 42.5053749], [1.517399, 42.5053903], [1.5172927, 42.5054057], [1.5171863, 42.5054211], [1.51708, 42.5054365], [1.5169736, 42.5054519], [1.5168752, 42.5054133], [1.5167778, 42.505368], [1.5166803, 42.5053228], [1.5165835, 42.5052763], [1.5164873, 42.5052284], [1.5163886, 42.5051872], [1.5162817, 42.5051766], [1.5161747, 42.5051662], [1.5160677, 42.5051564], [1.5159607, 42.5051465], [1.5158537, 42.5051366], [1.5157484, 42.505116], [1.5156484, 42.5050807], [1.5155594, 42.5050204], [1.5154712, 42.504959], [1.5153838, 42.5048966], [1.5152964, 42.5048341], [1.515209, 42.5047716], [1.5151278, 42.5047013], [1.5150517, 42.5046259], [1.5149928, 42.5045369], [1.5149221, 42.5044716], [1.5148205, 42.5044366], [1.5148403, 42.5045029], [1.5148975, 42.5045937], [1.5149432, 42.5046905], [1.5149715, 42.5047939], [1.5149977, 42.5048981], [1.5150311, 42.505], [1.5149679, 42.505082], [1.5148726, 42.5051129], [1.5147982, 42.5050468], [1.5147563, 42.5049479], [1.5147032, 42.5048547], [1.5146471, 42.5047631], [1.5145551, 42.5047193], [1.5145189, 42.5048014], [1.5144691, 42.5048853]], "mood_vectors": [[0.0279, 0.0673, 0.0297, 0.048, 0.0861, 0.0203, 0.7206], [0.0254, 0.0407, 0.0751, 0.0436, 0.04, 0.0818, 0.6933], [0.0332, 0.0541, 0.0613, 0.0192, 0.0735, 0.0496, 0.7091], [0.0648, 0.0222, 0.0236, 0.0768, 0.0261, 0.0745, 0.712], [0.03, 0.0509, 0.0284, 0.093, 0.0152, 0.0788, 0.7036], [0.017, 0.0807, 0.0854, 0.0861, 0.0804, 0.0246, 0.6259], [0.0687, 0.0513, 0.0687, 0.0337, 0.0621, 0.0451, 0.6704], [0.0492, 0.0682, 0.0393, 0.0266, 0.0499, 0.0718, 0.695], [0.0857, 0.0352, 0.0688, 0.0466, 0.0298, 0.0171, 0.7168], [0.0667, 0.0459, 0.0527, 0.0736, 0.0338, 0.0438, 0.6835], [0.0591, 0.0791, 0.0357, 0.0862, 0.0673, 0.0374, 0.6353], [0.0487, 0.0299, 0.0169, 0.0385, 0.0317, 0.0754, 0.7588], [0.0781, 0.034, 0.0599, 0.0136, 0.0518, 0.0719, 0.6908], [0.0513, 0.0584, 0.0154, 0.0279, 0.0427, 0.0623, 0.7419], [0.0377, 0.0728, 0.0397, 0.0658, 0.0141, 0.0148, 0.7551], [0.0467, 0.0274, 0.0869, 0.0341, 0.0435, 0.0309, 0.7304], [0.0701, 0.0297, 0.0732, 0.0529, 0.0835, 0.036, 0.6546], [0.0133, 0.0262, 0.0273, 0.0303, 0.0272, 0.057, 0.8187], [0.0329, 0.0124, 0.0656, 0.0331, 0.0556, 0.034, 0.7664], [0.0929, 0.0489, 0.0314, 0.0591, 0.0398, 0.0323, 0.6956], [0.0543, 0.0414, 0.022, 0.0207, 0.072, 0.0199, 0.7697], [0.0287, 0.0522, 0.0453, 0.0777, 0.02, 0.0807, 0.6955], [0.0202, 0.0778, 0.0519, 0.0907, 0.0636, 0.0231, 0.6726], [0.0455, 0.0545, 0.0616, 0.018, 0.0626, 0.0763, 0.6816], [0.0552, 0.0673, 0.0314, 0.0183, 0.0495, 0.0469, 0.7313], [0.0723, 0.0875, 0.0865, 0.025, 0.0545, 0.0295, 0.6447], [0.0587, 0.0464, 0.0852, 0.0233, 0.0706, 0.0277, 0.6881], [0.0474, 0.0568, 0.0219, 0.0582, 0.0276, 0.0742, 0.7138], [0.0682, 0.0369, 0.0395, 0.0205, 0.0704, 0.0189, 0.7455], [0.0156, 0.0396, 0.0548, 0.0301, 0.0946, 0.0648, 0.7005], [0.0487, 0.0446, 0.0459, 0.0698, 0.0422, 0.0158, 0.7331], [0.0303, 0.0842, 0.0827, 0.0471, 0.0367, 0.0317, 0.6873], [0.0489, 0.0625, 0.0185, 0.0608, 0.0987, 0.0153, 0.6954], [0.0389, 0.0439, 0.0893, 0.0522, 0.0452, 0.0921, 0.6383], [0.0494, 0.0635, 0.045, 0.073, 0.0221, 0.0546, 0.6924], [0.0655, 0.0343, 0.0325, 0.0724, 0.0683, 0.0717, 0.6553], [0.0598, 0.052, 0.0392, 0.0556, 0.0458, 0.0418, 0.7059], [0.0404, 0.0762, 0.0411, 0.0752, 0.0735, 0.0744, 0.6192], [0.0587, 0.0184, 0.038, 0.0644, 0.0306, 0.0675, 0.7223], [0.0212, 0.0335, 0.0535, 0.0448, 0.0595, 0.0464, 0.741], [0.0786, 0.0262, 0.0627, 0.0725, 0.0412, 0.0875, 0.6312], [0.0173, 0.0147, 0.0712, 0.0868, 0.0495, 0.0642, 0.6963], [0.0797, 0.0422, 0.0702, 0.0561, 0.0689, 0.0758, 0.6072], [0.0357, 0.057, 0.0605, 0.0249, 0.0161, 0.0656, 0.7402], [0.0798, 0.0226, 0.0152, 0.0125, 0.0784, 0.0481, 0.7435], [0.043, 0.0345, 0.0225, 0.0212, 0.087, 0.0172, 0.7747], [0.0456, 0.0653, 0.0245, 0.0185, 0.0632, 0.0307, 0.7521], [0.0595, 0.0151, 0.0699, 0.0486, 0.0481, 0.0429, 0.7159], [0.0832, 0.0817, 0.0498, 0.0332, 0.0896, 0.018, 0.6444], [0.0589, 0.0618, 0.0311, 0.0641, 0.0488, 0.0887, 0.6466], [0.0628, 0.0221, 0.0603, 0.052, 0.0644, 0.0508, 0.6877], [0.0517, 0.0806, 0.0593, 0.0592, 0.0439, 0.0774, 0.6279], [0.0186, 0.0509, 0.042, 0.0545, 0.0235, 0.0603, 0.7501], [0.05, 0.0214, 0.0258, 0.0872, 0.0325, 0.0922, 0.6909], [0.0458, 0.0453, 0.0539, 0.0419, 0.0484, 0.0281, 0.7367], [0.0862, 0.0333, 0.0301, 0.0325, 0.0556, 0.0345, 0.7278], [0.0507, 0.0294, 0.0311, 0.0545, 0.0582, 0.0548, 0.7212], [0.0386, 0.0631, 0.0373, 0.0592, 0.0836, 0.0462, 0.6721], [0.0429, 0.0324, 0.0781, 0.037, 0.0631, 0.0548, 0.6917], [0.0241, 0.0558, 0.0389, 0.0325, 0.0249, 0.0209, 0.8029], [0.0913, 0.0858, 0.0188, 0.0406, 0.0927, 0.0391, 0.6318], [0.048, 0.0709, 0.0776, 0.0487, 0.0542, 0.0735, 0.6271], [0.0387, 0.0757, 0.0797, 0.066, 0.0437, 0.0296, 0.6665], [0.0353, 0.017, 0.0468, 0.0596, 0.0513, 0.0602, 0.7299], [0.0509, 0.0449, 0.023, 0.0237, 0.0672, 0.075, 0.7152], [0.0684, 0.0223, 0.0422, 0.025, 0.045, 0.0623, 0.7349], [0.0669, 0.0761, 0.0187, 0.0346, 0.0173, 0.0714, 0.7149], [0.0479, 0.0579, 0.0497, 0.0354, 0.0504, 0.0828, 0.6758], [0.0259, 0.064, 0.0583, 0.0781, 0.0394, 0.0498, 0.6845], [0.0191, 0.063, 0.0167, 0.0621, 0.0745, 0.0459, 0.7187], [0.0305, 0.0178, 0.0845, 0.07, 0.015, 0.0376, 0.7446], [0.0792, 0.0542, 0.0749, 0.0511, 0.0654, 0.0642, 0.6111], [0.0276, 0.0434, 0.0356, 0.0523, 0.0483, 0.0209, 0.7719], [0.0714, 0.0286, 0.0471, 0.0652, 0.0767, 0.0504, 0.6605], [0.0128, 0.0661, 0.0656, 0.0255, 0.0323, 0.0173, 0.7804], [0.0597, 0.0204, 0.014, 0.0422, 0.0393, 0.0482, 0.7762], [0.016, 0.0482, 0.0718, 0.0741, 0.0787, 0.0506, 0.6606], [0.0283, 0.0504, 0.0561, 0.0324, 0.0706, 0.0587, 0.7034], [0.0746, 0.0691, 0.0348, 0.034, 0.0527, 0.0484, 0.6863], [0.0736, 0.0417, 0.0632, 0.093, 0.0469, 0.0187, 0.6629]], "emotions": ["purple", "purple", "purple", "purple", "purple", "purple", "purple", "purple", "purple", "purple", "purple", "purple", "purple", "purple", "purple", "purple", "purple", "purple", "purple", "purple", "purple", "purple", "purple", "purple", "purple", "purple", "purple", "purple", "purple", "purple", "purple", "purple", "purple", "purple", "purple", "purple", "purple", "purple", "purple", "purple", "purple", "purple", "purple", "purple", "purple", "purple", "purple", "purple", "purple", "purple", "purple", "purple", "purple", "purple", "purple", "purple", "purple", "purple", "purple", "purple", "purple", "purple", "purple", "purple", "purple", "purple", "purple", "purple", "purple", "purple", "purple", "purple", "purple", "purple", "purple", "purple", "purple", "purple", "purple", "purple"], "timestamps": [0, 40, 80, 120, 160, 200, 240, 280, 320, 360, 400, 440, 480, 520, 560, 600, 640, 680, 720, 760, 800, 840, 880, 920, 960, 1000, 1040, 1080, 1120, 1160, 1200, 1240, 1280, 1320, 1360, 1400, 1440, 1480, 1520, 1560, 1600, 1640, 1680, 1720, 1760, 1800, 1840, 1880, 1920, 1960, 2000, 2040, 2080, 2120, 2160, 2200, 2240, 2280, 2320, 2360, 2400, 2440, 2480, 2520, 2560, 2600, 2640, 2680, 2720, 2760, 2800, 2840, 2880, 2920, 2960, 3000, 3040, 3080, 3120, 3160]}], "conversation": [], "conversation_timestamps": []}