{"agent_id": "agent-orange-998", "type": "orange", "trips": [{"trip_id": 0, "transport_method": "foot", "start_time": 0, "path": [[1.5360866, 42.5100959], [1.5360404, 42.5101114], [1.5359942, 42.5101269], [1.535948, 42.5101424], [1.5359018, 42.5101579], [1.5358556, 42.5101733], [1.5358094, 42.5101888], [1.5357632, 42.5102043], [1.535717, 42.5102198], [1.5356708, 42.5102353], [1.5356571, 42.5102422], [1.535705, 42.510233], [1.5357528, 42.5102237], [1.5358006, 42.5102144], [1.5358485, 42.5102052], [1.5358963, 42.5101959], [1.5359442, 42.5101866], [1.535992, 42.5101774], [1.5360399, 42.5101687], [1.5360683, 42.5101819], [1.5360567, 42.5102292], [1.5360451, 42.5102765], [1.5360335, 42.5103239], [1.5360219, 42.5103712], [1.5360222, 42.5103896], [1.5360472, 42.5103479], [1.5360723, 42.5103061], [1.5360974, 42.5102643], [1.5361225, 42.5102225], [1.5361475, 42.5101807], [1.5361852, 42.5101558], [1.5362324, 42.5101435], [1.5362795, 42.5101312], [1.5363267, 42.5101189], [1.5363716, 42.5101012], [1.5364065, 42.5100697], [1.536455, 42.5100644], [1.5365034, 42.5100592], [1.5365519, 42.5100539], [1.5366003, 42.5100487], [1.5366488, 42.5100444], [1.5366975, 42.5100428], [1.5367462, 42.5100412], [1.536795, 42.5100396], [1.5368437, 42.5100381], [1.5368924, 42.5100365], [1.5369411, 42.5100349], [1.5369898, 42.5100334], [1.5370385, 42.5100318], [1.5370872, 42.5100302], [1.5371359, 42.5100287], [1.5371846, 42.5100271], [1.5372333, 42.5100255], [1.537282, 42.510024], [1.5373307, 42.5100224], [1.5373794, 42.510025], [1.537428, 42.5100277], [1.5374767, 42.5100303], [1.5375254, 42.5100329], [1.5375741, 42.5100345], [1.5376228, 42.5100356], [1.5376715, 42.5100368], [1.5377202, 42.510038], [1.5377689, 42.5100391], [1.5378177, 42.5100403], [1.5378664, 42.5100415], [1.5378966, 42.5100234], [1.5378972, 42.5099747], [1.5378978, 42.509926], [1.5378984, 42.5098773], [1.537899, 42.5098285], [1.5378996, 42.5097798], [1.5379002, 42.5097311], [1.5379008, 42.5096823], [1.5379014, 42.5096336], [1.537902, 42.5095849], [1.5379026, 42.5095362], [1.5379032, 42.5094874], [1.5379038, 42.5094387], [1.5379044, 42.50939]], "mood_vectors": [[0.0332, 0.0818, 0.0663, 0.0685, 0.6791, 0.0317, 0.0394], [0.0549, 0.0587, 0.0474, 0.0734, 0.5956, 0.083, 0.087], [0.0347, 0.0177, 0.041, 0.0423, 0.7549, 0.0675, 0.0421], [0.0489, 0.0329, 0.0733, 0.0764, 0.6419, 0.0725, 0.0541], [0.076, 0.0641, 0.0315, 0.0338, 0.6602, 0.0811, 0.0534], [0.0202, 0.0178, 0.0495, 0.0376, 0.7161, 0.0843, 0.0746], [0.054, 0.0259, 0.0521, 0.0496, 0.7261, 0.0607, 0.0316], [0.0354, 0.0664, 0.0338, 0.0656, 0.7557, 0.0244, 0.0187], [0.0383, 0.0438, 0.0114, 0.0504, 0.7647, 0.0672, 0.0242], [0.0495, 0.0322, 0.0173, 0.0369, 0.7182, 0.0711, 0.0749], [0.0544, 0.0554, 0.0518, 0.0858, 0.6363, 0.0517, 0.0645], [0.0677, 0.0374, 0.0251, 0.0327, 0.7701, 0.0354, 0.0316], [0.0516, 0.0208, 0.0491, 0.0545, 0.7383, 0.0601, 0.0257], [0.0632, 0.0777, 0.0346, 0.0416, 0.6493, 0.0652, 0.0683], [0.0543, 0.0711, 0.0137, 0.0375, 0.7311, 0.0272, 0.0653], [0.0535, 0.0379, 0.0189, 0.0858, 0.6888, 0.0393, 0.0757], [0.0378, 0.073, 0.0501, 0.0507, 0.676, 0.0418, 0.0706], [0.0576, 0.0321, 0.068, 0.0306, 0.6896, 0.0499, 0.0722], [0.0152, 0.0668, 0.0249, 0.0658, 0.76, 0.0129, 0.0545], [0.0712, 0.093, 0.0778, 0.0495, 0.6111, 0.014, 0.0833], [0.0703, 0.0653, 0.048, 0.0589, 0.6779, 0.0657, 0.0139], [0.0645, 0.0126, 0.0622, 0.0817, 0.6673, 0.0646, 0.0471], [0.0571, 0.0517, 0.0556, 0.0231, 0.6892, 0.0272, 0.0961], [0.0742, 0.0821, 0.0586, 0.0682, 0.628, 0.0566, 0.0323], [0.0423, 0.0144, 0.0545, 0.0197, 0.8169, 0.0237, 0.0285], [0.0571, 0.018, 0.0619, 0.0666, 0.7257, 0.0179, 0.0528], [0.0488, 0.0515, 0.0521, 0.0455, 0.6513, 0.057, 0.0938], [0.0241, 0.0181, 0.0698, 0.0594, 0.707, 0.0372, 0.0844], [0.0581, 0.076, 0.0455, 0.0335, 0.7314, 0.0162, 0.0392], [0.0172, 0.0625, 0.0444, 0.0596, 0.6471, 0.0864, 0.0828], [0.0542, 0.0256, 0.0596, 0.0938, 0.6337, 0.0786, 0.0545], [0.0603, 0.0702, 0.0623, 0.0452, 0.6686, 0.0416, 0.0518], [0.0634, 0.0409, 0.0767, 0.0611, 0.6726, 0.0184, 0.0668], [0.0298, 0.0548, 0.0525, 0.0678, 0.7374, 0.032, 0.0256], [0.0481, 0.0277, 0.0176, 0.0519, 0.6953, 0.0859, 0.0735], [0.0568, 0.0778, 0.0578, 0.0599, 0.6605, 0.0658, 0.0214], [0.0188, 0.0606, 0.029, 0.0909, 0.724, 0.043, 0.0336], [0.0363, 0.0165, 0.0604, 0.0249, 0.73, 0.0565, 0.0755], [0.0488, 0.0327, 0.0233, 0.0848, 0.6828, 0.0363, 0.0913], [0.0481, 0.0352, 0.0591, 0.0173, 0.7603, 0.0683, 0.0118], [0.0786, 0.0336, 0.0305, 0.0578, 0.6854, 0.0693, 0.0448], [0.0119, 0.0706, 0.0133, 0.034, 0.7652, 0.0636, 0.0415], [0.029, 0.0833, 0.075, 0.0302, 0.7475, 0.0224, 0.0126], [0.032, 0.0543, 0.0401, 0.021, 0.723, 0.0772, 0.0524], [0.0666, 0.0605, 0.0514, 0.0204, 0.7249, 0.0448, 0.0314], [0.0662, 0.0438, 0.0572, 0.054, 0.6603, 0.0696, 0.0489], [0.0381, 0.0535, 0.0786, 0.0642, 0.6892, 0.0346, 0.0418], [0.0645, 0.0775, 0.0163, 0.0784, 0.6154, 0.0698, 0.0781], [0.0737, 0.083, 0.0187, 0.0252, 0.64, 0.0756, 0.0839], [0.0502, 0.0685, 0.0499, 0.0739, 0.6181, 0.0639, 0.0756], [0.0239, 0.045, 0.0689, 0.0713, 0.7459, 0.0329, 0.0122], [0.0557, 0.0393, 0.0433, 0.041, 0.7266, 0.0208, 0.0733], [0.0218, 0.0218, 0.0743, 0.025, 0.7391, 0.0575, 0.0606], [0.0181, 0.0525, 0.0158, 0.0344, 0.7915, 0.0431, 0.0446], [0.064, 0.015, 0.0493, 0.0432, 0.705, 0.0761, 0.0474], [0.0504, 0.0355, 0.0768, 0.0221, 0.7368, 0.0567, 0.0217], [0.0674, 0.0221, 0.0754, 0.032, 0.7244, 0.0468, 0.0319], [0.0242, 0.0743, 0.0353, 0.0175, 0.7622, 0.018, 0.0684], [0.0552, 0.0173, 0.0841, 0.06, 0.6983, 0.0559, 0.0292], [0.0366, 0.0552, 0.0791, 0.0877, 0.6671, 0.0179, 0.0563], [0.0427, 0.0244, 0.062, 0.0725, 0.705, 0.0387, 0.0548], [0.0634, 0.0594, 0.054, 0.0388, 0.6528, 0.0712, 0.0604], [0.0602, 0.085, 0.0427, 0.0697, 0.6483, 0.0238, 0.0701], [0.0362, 0.0825, 0.0578, 0.0467, 0.6226, 0.078, 0.0763], [0.0203, 0.0848, 0.0311, 0.0518, 0.7352, 0.0328, 0.044], [0.0512, 0.0532, 0.0147, 0.0205, 0.7756, 0.0141, 0.0706], [0.0336, 0.0342, 0.0247, 0.0925, 0.7238, 0.0445, 0.0468], [0.0619, 0.0261, 0.0583, 0.0728, 0.718, 0.0503, 0.0126], [0.0876, 0.0226, 0.0463, 0.0286, 0.6986, 0.0294, 0.0869], [0.0561, 0.0707, 0.0324, 0.0381, 0.6794, 0.0692, 0.0542], [0.0401, 0.0517, 0.0143, 0.044, 0.7896, 0.034, 0.0262], [0.0231, 0.0241, 0.0301, 0.0758, 0.7686, 0.0266, 0.0518], [0.0206, 0.0217, 0.0767, 0.0701, 0.7048, 0.055, 0.0512], [0.0713, 0.0249, 0.0588, 0.0643, 0.6881, 0.0307, 0.062], [0.024, 0.0795, 0.0317, 0.0713, 0.71, 0.0595, 0.0239], [0.0701, 0.0179, 0.0322, 0.0737, 0.7296, 0.0158, 0.0606], [0.0355, 0.0343, 0.0259, 0.0157, 0.7703, 0.0483, 0.0699], [0.0282, 0.0489, 0.083, 0.0283, 0.708, 0.0856, 0.0181], [0.074, 0.02, 0.0333, 0.0227, 0.713, 0.0767, 0.0603], [0.0528, 0.0336, 0.0137, 0.0512, 0.7851, 0.0182, 0.0454]], "emotions": ["red", "red", "red", "red", "red", "red", "red", "red", "red", "red", "red", "red", "red", "red", "red", "red", "red", "red", "red", "red", "red", "red", "red", "red", "red", "red", "red", "red", "red", "red", "red", "red", "red", "red", "red", "red", "red", "red", "red", "red", "red", "red", "red", "red", "red", "red", "red", "red", "red", "red", "red", "red", "red", "red", "red", "red", "red", "red", "red", "red", "red", "red", "red", "red", "red", "red", "red", "red", "red", "red", "red", "red", "red", "red", "red", "red", "red", "red", "red", "red"], "timestamps": [0, 40, 80, 120, 160, 200, 240, 280, 320, 360, 400, 440, 480, 520, 560, 600, 640, 680, 720, 760, 800, 840, 880, 920, 960, 1000, 1040, 1080, 1120, 1160, 1200, 1240, 1280, 1320, 1360, 1400, 1440, 1480, 1520, 1560, 1600, 1640, 1680, 1720, 1760, 1800, 1840, 1880, 1920, 1960, 2000, 2040, 2080, 2120, 2160, 2200, 2240, 2280, 2320, 2360, 2400, 2440, 2480, 2520, 2560, 2600, 2640, 2680, 2720, 2760, 2800, 2840, 2880, 2920, 2960, 3000, 3040, 3080, 3120, 3160]}], "conversation": [], "conversation_timestamps": []}