{"agent_id": "agent-blue-270", "type": "blue", "trips": [{"trip_id": 0, "transport_method": "car", "start_time": 0, "path": [[1.5342286, 42.5557958], [1.5330443, 42.5556043], [1.5323544, 42.5556506], [1.5311453, 42.5555989], [1.5300248, 42.5550941], [1.5290865, 42.5543326], [1.5283106, 42.5533936], [1.5273912, 42.5525778], [1.526527, 42.5518245], [1.5274644, 42.5526113], [1.5283957, 42.5534091], [1.5280636, 42.5530594], [1.5272309, 42.5521553], [1.526505, 42.5512542], [1.5261352, 42.5502836], [1.5255373, 42.5492125], [1.5250753, 42.5480884], [1.5246951, 42.5470091], [1.5246634, 42.5462063], [1.5240273, 42.5451556], [1.5234981, 42.5440604], [1.5232804, 42.5435823], [1.5229301, 42.5424275], [1.5231094, 42.5412752], [1.523513, 42.5408833], [1.5231891, 42.5397277], [1.5231304, 42.5385083], [1.5239841, 42.5377763], [1.5251414, 42.5375613], [1.5248587, 42.536797], [1.5236598, 42.5365481], [1.5227772, 42.5358363], [1.5220189, 42.5348735], [1.5210341, 42.5342002], [1.5210501, 42.533257], [1.5211569, 42.5321801], [1.5211182, 42.5310803], [1.5213723, 42.5300795], [1.5218458, 42.5292174], [1.5210441, 42.5283608], [1.520638, 42.5272709], [1.5207378, 42.5260459], [1.5207129, 42.5262931], [1.5206239, 42.5274394], [1.5207, 42.5262127], [1.5206761, 42.5249952], [1.5210946, 42.5238972], [1.5217839, 42.5228938], [1.5224403, 42.5218942], [1.5233515, 42.5210942], [1.5237551, 42.5199333], [1.5236328, 42.5204799], [1.5235516, 42.5205919], [1.5240058, 42.5194498], [1.5246913, 42.5185369], [1.5256268, 42.5177567], [1.5266034, 42.5170819], [1.527668, 42.51653], [1.5287468, 42.5159794], [1.5295209, 42.5150317], [1.5304008, 42.5142068], [1.5304578, 42.5130402], [1.5309355, 42.5119878], [1.5299053, 42.5114063], [1.5295763, 42.5104753], [1.5287493, 42.5095878], [1.5291048, 42.509888], [1.5288211, 42.5096638], [1.5279174, 42.5088323], [1.5267628, 42.5085161], [1.5256504, 42.5081542], [1.524471, 42.5078149], [1.523251, 42.5077766], [1.522443, 42.5070797], [1.5217765, 42.5067335], [1.5218403, 42.5063401], [1.5220796, 42.5052222], [1.5217269, 42.5049523], [1.5212796, 42.5049221], [1.5209467, 42.5059008]], "mood_vectors": [[0.0273, 0.0296, 0.0748, 0.7561, 0.0168, 0.0695, 0.0258], [0.0488, 0.0493, 0.0773, 0.698, 0.0185, 0.0641, 0.0441], [0.0343, 0.0328, 0.0689, 0.7643, 0.0597, 0.0217, 0.0183], [0.027, 0.0208, 0.0165, 0.7861, 0.0406, 0.0622, 0.0469], [0.0727, 0.031, 0.0613, 0.7686, 0.0181, 0.015, 0.0331], [0.0156, 0.0487, 0.0248, 0.7911, 0.0437, 0.0443, 0.0318], [0.0779, 0.0505, 0.0191, 0.768, 0.0166, 0.0174, 0.0505], [0.0654, 0.0327, 0.0446, 0.7047, 0.0635, 0.0317, 0.0575], [0.0339, 0.0287, 0.0216, 0.7488, 0.025, 0.0734, 0.0685], [0.0337, 0.0903, 0.0173, 0.6471, 0.088, 0.0753, 0.0483], [0.0589, 0.0444, 0.0442, 0.7243, 0.0224, 0.0243, 0.0814], [0.0682, 0.0474, 0.043, 0.6781, 0.0644, 0.0594, 0.0395], [0.0387, 0.0652, 0.0467, 0.6643, 0.0537, 0.0506, 0.0808], [0.0542, 0.0721, 0.0517, 0.6332, 0.0384, 0.0752, 0.0751], [0.0403, 0.027, 0.0535, 0.7158, 0.0644, 0.0735, 0.0256], [0.0175, 0.0498, 0.024, 0.757, 0.0648, 0.0339, 0.053], [0.0397, 0.046, 0.0179, 0.7351, 0.0586, 0.0568, 0.0459], [0.0635, 0.0376, 0.0494, 0.7078, 0.04, 0.0604, 0.0414], [0.0483, 0.065, 0.0931, 0.6161, 0.061, 0.0278, 0.0887], [0.015, 0.0472, 0.0659, 0.7053, 0.0829, 0.0138, 0.0699], [0.0192, 0.0596, 0.0649, 0.6917, 0.0353, 0.0556, 0.0737], [0.0487, 0.0322, 0.0129, 0.7431, 0.0824, 0.0472, 0.0335], [0.0297, 0.0634, 0.0751, 0.743, 0.0325, 0.0191, 0.0373], [0.0716, 0.0663, 0.0421, 0.6736, 0.0561, 0.0747, 0.0156], [0.056, 0.0472, 0.085, 0.6974, 0.0164, 0.0556, 0.0424], [0.0699, 0.0547, 0.0739, 0.6646, 0.0481, 0.0399, 0.049], [0.0527, 0.0733, 0.0414, 0.6831, 0.0432, 0.0239, 0.0824], [0.0536, 0.0973, 0.0789, 0.6233, 0.0472, 0.062, 0.0377], [0.0745, 0.0878, 0.0201, 0.6963, 0.0217, 0.059, 0.0405], [0.0721, 0.0677, 0.047, 0.7244, 0.0141, 0.026, 0.0486], [0.092, 0.0391, 0.0304, 0.6724, 0.0614, 0.0269, 0.0777], [0.0379, 0.0209, 0.0852, 0.6369, 0.08, 0.0659, 0.0732], [0.0218, 0.0683, 0.077, 0.6809, 0.075, 0.0151, 0.0619], [0.0753, 0.0664, 0.0164, 0.6972, 0.0437, 0.0611, 0.04], [0.083, 0.0572, 0.0346, 0.6817, 0.038, 0.0532, 0.0522], [0.0542, 0.0988, 0.0494, 0.6402, 0.053, 0.0614, 0.0429], [0.0266, 0.0431, 0.0148, 0.842, 0.0147, 0.024, 0.0348], [0.0588, 0.0372, 0.0682, 0.6547, 0.0864, 0.0354, 0.0593], [0.0161, 0.0795, 0.0219, 0.7445, 0.0735, 0.0212, 0.0435], [0.0808, 0.0141, 0.0591, 0.7071, 0.0823, 0.0344, 0.0222], [0.0541, 0.0421, 0.0366, 0.698, 0.0501, 0.0338, 0.0854], [0.0278, 0.0518, 0.0534, 0.7133, 0.0615, 0.0546, 0.0375], [0.0367, 0.0882, 0.0323, 0.6144, 0.086, 0.0685, 0.0739], [0.0631, 0.0902, 0.0342, 0.6316, 0.0188, 0.0716, 0.0905], [0.0504, 0.0473, 0.0577, 0.6971, 0.0366, 0.0595, 0.0514], [0.0378, 0.0731, 0.0368, 0.6606, 0.0812, 0.0803, 0.0302], [0.0511, 0.0741, 0.0153, 0.7383, 0.0385, 0.056, 0.0267], [0.0407, 0.0516, 0.0286, 0.7208, 0.0837, 0.044, 0.0306], [0.0866, 0.0389, 0.0239, 0.6835, 0.0687, 0.0344, 0.0639], [0.0188, 0.0402, 0.0467, 0.7763, 0.0528, 0.0207, 0.0445], [0.0427, 0.0341, 0.0645, 0.7012, 0.0539, 0.055, 0.0486], [0.0632, 0.0369, 0.0608, 0.6457, 0.0926, 0.0547, 0.0462], [0.0535, 0.053, 0.0202, 0.7285, 0.0572, 0.044, 0.0435], [0.0842, 0.0531, 0.0439, 0.7, 0.0298, 0.0404, 0.0487], [0.0147, 0.012, 0.0662, 0.7809, 0.0142, 0.0424, 0.0696], [0.0504, 0.0542, 0.0926, 0.655, 0.0485, 0.0611, 0.0381], [0.0248, 0.0718, 0.0761, 0.6759, 0.0328, 0.072, 0.0466], [0.0715, 0.0365, 0.0642, 0.6966, 0.0291, 0.0775, 0.0245], [0.0264, 0.0294, 0.0767, 0.7143, 0.0475, 0.0647, 0.0411], [0.0324, 0.016, 0.0494, 0.7428, 0.0443, 0.0631, 0.052], [0.0583, 0.064, 0.0418, 0.7221, 0.0483, 0.0311, 0.0344], [0.0425, 0.041, 0.0276, 0.7402, 0.0721, 0.0153, 0.0612], [0.0698, 0.0572, 0.0473, 0.6999, 0.0826, 0.0262, 0.0171], [0.0617, 0.0441, 0.0772, 0.6963, 0.0597, 0.0428, 0.0182], [0.0856, 0.0617, 0.041, 0.621, 0.0724, 0.0324, 0.086], [0.0489, 0.03, 0.0699, 0.7287, 0.0506, 0.0206, 0.0512], [0.0766, 0.0322, 0.0706, 0.7102, 0.0399, 0.058, 0.0125], [0.029, 0.0902, 0.0133, 0.6092, 0.0805, 0.0893, 0.0885], [0.0324, 0.0488, 0.0574, 0.6991, 0.0729, 0.0632, 0.0262], [0.0714, 0.028, 0.0409, 0.7105, 0.0629, 0.0535, 0.0328], [0.0735, 0.0565, 0.0698, 0.6817, 0.0313, 0.0649, 0.0223], [0.0443, 0.017, 0.0248, 0.7525, 0.0582, 0.0619, 0.0414], [0.0647, 0.0492, 0.0337, 0.6366, 0.0841, 0.0811, 0.0505], [0.0656, 0.0281, 0.0281, 0.7299, 0.0389, 0.0601, 0.0493], [0.0564, 0.0254, 0.0251, 0.7371, 0.0522, 0.0757, 0.0281], [0.0164, 0.0639, 0.063, 0.7077, 0.0512, 0.0449, 0.0529], [0.1105, 0.0369, 0.0184, 0.6909, 0.034, 0.0582, 0.0511], [0.0608, 0.0661, 0.0337, 0.7271, 0.0207, 0.0229, 0.0687], [0.0647, 0.0263, 0.06, 0.702, 0.0754, 0.0246, 0.047], [0.017, 0.0342, 0.0161, 0.7561, 0.0711, 0.0203, 0.0852]], "emotions": ["green", "green", "green", "green", "green", "green", "green", "green", "green", "green", "green", "green", "green", "green", "green", "green", "green", "green", "green", "green", "green", "green", "green", "green", "green", "green", "green", "green", "green", "green", "green", "green", "green", "green", "green", "green", "green", "green", "green", "green", "green", "green", "green", "green", "green", "green", "green", "green", "green", "green", "green", "green", "green", "green", "green", "green", "green", "green", "green", "green", "green", "green", "green", "green", "green", "green", "green", "green", "green", "green", "green", "green", "green", "green", "green", "green", "green", "green", "green", "green"], "timestamps": [0, 40, 80, 120, 160, 200, 240, 280, 320, 360, 400, 440, 480, 520, 560, 600, 640, 680, 720, 760, 800, 840, 880, 920, 960, 1000, 1040, 1080, 1120, 1160, 1200, 1240, 1280, 1320, 1360, 1400, 1440, 1480, 1520, 1560, 1600, 1640, 1680, 1720, 1760, 1800, 1840, 1880, 1920, 1960, 2000, 2040, 2080, 2120, 2160, 2200, 2240, 2280, 2320, 2360, 2400, 2440, 2480, 2520, 2560, 2600, 2640, 2680, 2720, 2760, 2800, 2840, 2880, 2920, 2960, 3000, 3040, 3080, 3120, 3160]}], "conversation": [], "conversation_timestamps": []}