{"agent_id": "agent-orange-848", "type": "orange", "trips": [{"trip_id": 0, "transport_method": "foot", "start_time": 0, "path": [[1.4890786, 42.4598255], [1.4893631, 42.4603012], [1.4902346, 42.4614399], [1.4904134, 42.4616621], [1.4911423, 42.4628403], [1.490868, 42.4642007], [1.4914432, 42.4654625], [1.491845, 42.4665737], [1.4915648, 42.4678048], [1.4919711, 42.4691808], [1.4918837, 42.4705878], [1.4912263, 42.4718657], [1.4905882, 42.4731516], [1.4907372, 42.4745387], [1.490843, 42.4759588], [1.4904986, 42.4773183], [1.4902735, 42.4787385], [1.4900483, 42.4801588], [1.4898232, 42.4815791], [1.4894761, 42.4809266], [1.4894216, 42.4795006], [1.4900937, 42.4782383], [1.4906335, 42.4769268], [1.490554, 42.4774493], [1.4904404, 42.4788828], [1.4903269, 42.4803164], [1.4902133, 42.4817499], [1.4904588, 42.4831008], [1.4910879, 42.4843759], [1.4924049, 42.4848098], [1.4936152, 42.4855266], [1.4946038, 42.4865465], [1.4946873, 42.4879508], [1.4954888, 42.4891152], [1.4962798, 42.4902838], [1.4968544, 42.4914654], [1.498076, 42.4922223], [1.4993435, 42.4929004], [1.5004607, 42.4937993], [1.5015788, 42.4945788], [1.5028756, 42.4952], [1.504218, 42.4957045], [1.5055232, 42.4962967], [1.5068833, 42.4967632], [1.5082209, 42.4972881], [1.5095142, 42.4979166], [1.5106409, 42.4987711], [1.5115339, 42.4998982], [1.5124026, 42.5010441], [1.5132418, 42.5022113], [1.5131885, 42.5021242], [1.5139177, 42.5029201], [1.5149543, 42.5039167], [1.5160085, 42.5048933], [1.5172376, 42.5053939], [1.518636, 42.5054547], [1.5200463, 42.5057228], [1.5213973, 42.5061192], [1.5227653, 42.5065608], [1.524166, 42.5068806], [1.5255511, 42.507102], [1.5264079, 42.5072127], [1.5253107, 42.5070731], [1.5267401, 42.5072305], [1.5278797, 42.5079012], [1.5288544, 42.5088096], [1.5294572, 42.5090322], [1.5308263, 42.5093869], [1.5321788, 42.5098692], [1.5333828, 42.5106012], [1.5344484, 42.511493], [1.5355327, 42.5123424], [1.5362983, 42.5131019], [1.5376847, 42.5127507], [1.5383629, 42.5126491], [1.5383777, 42.5125393], [1.5391125, 42.5124919], [1.5397695, 42.5125425], [1.5403389, 42.5124682], [1.541702, 42.512647]], "mood_vectors": [[0.016, 0.075, 0.0357, 0.0781, 0.6633, 0.0411, 0.0908], [0.0767, 0.0581, 0.0652, 0.0721, 0.6657, 0.0462, 0.016], [0.0891, 0.0387, 0.0589, 0.0892, 0.6364, 0.0266, 0.061], [0.0289, 0.0881, 0.0266, 0.0312, 0.7667, 0.0338, 0.0247], [0.0509, 0.0627, 0.0697, 0.0404, 0.724, 0.0178, 0.0345], [0.0757, 0.0638, 0.0599, 0.0485, 0.6384, 0.033, 0.0809], [0.087, 0.0719, 0.0702, 0.0709, 0.6158, 0.0569, 0.0274], [0.0295, 0.0875, 0.0226, 0.0839, 0.693, 0.0169, 0.0666], [0.0527, 0.0154, 0.0603, 0.0723, 0.6774, 0.0365, 0.0854], [0.0367, 0.0469, 0.0479, 0.0717, 0.7236, 0.0119, 0.0614], [0.017, 0.0622, 0.0178, 0.0334, 0.7702, 0.0229, 0.0764], [0.0343, 0.0456, 0.0396, 0.0763, 0.7245, 0.0666, 0.0131], [0.0334, 0.0609, 0.0647, 0.0402, 0.7461, 0.0189, 0.0358], [0.0264, 0.0286, 0.0467, 0.0739, 0.7544, 0.0501, 0.0199], [0.0795, 0.0349, 0.0518, 0.0656, 0.6818, 0.0465, 0.04], [0.0697, 0.041, 0.0184, 0.0551, 0.689, 0.0811, 0.0456], [0.021, 0.0625, 0.0326, 0.0666, 0.73, 0.0542, 0.0331], [0.0187, 0.0183, 0.0366, 0.0169, 0.8477, 0.0225, 0.0394], [0.0331, 0.0614, 0.0197, 0.0238, 0.7721, 0.0485, 0.0414], [0.0448, 0.0276, 0.0236, 0.0313, 0.8057, 0.0478, 0.0192], [0.0607, 0.0416, 0.0728, 0.014, 0.698, 0.0572, 0.0557], [0.0825, 0.0531, 0.0777, 0.0512, 0.6148, 0.0762, 0.0444], [0.0529, 0.0612, 0.0204, 0.0587, 0.717, 0.0167, 0.0732], [0.0661, 0.0259, 0.0212, 0.0525, 0.7156, 0.0558, 0.0628], [0.0231, 0.0402, 0.0296, 0.0259, 0.7546, 0.0659, 0.0607], [0.0761, 0.0176, 0.0381, 0.0433, 0.7554, 0.0288, 0.0407], [0.0848, 0.0496, 0.0207, 0.0137, 0.7494, 0.0472, 0.0346], [0.0692, 0.0878, 0.0387, 0.0633, 0.6397, 0.0733, 0.028], [0.0483, 0.0968, 0.0922, 0.0281, 0.6839, 0.0282, 0.0225], [0.0662, 0.0249, 0.0362, 0.0135, 0.7302, 0.0706, 0.0584], [0.0176, 0.0658, 0.0231, 0.0501, 0.7096, 0.0729, 0.0609], [0.0881, 0.0791, 0.0345, 0.0627, 0.6603, 0.038, 0.0373], [0.0269, 0.0161, 0.0525, 0.0829, 0.7252, 0.0629, 0.0334], [0.0377, 0.0643, 0.0348, 0.0269, 0.6933, 0.0556, 0.0874], [0.0693, 0.0507, 0.0659, 0.0406, 0.6418, 0.0451, 0.0865], [0.0355, 0.0431, 0.0704, 0.0341, 0.686, 0.0446, 0.0861], [0.0843, 0.0755, 0.0682, 0.0219, 0.6569, 0.0311, 0.0622], [0.0233, 0.0303, 0.0174, 0.0453, 0.8316, 0.0209, 0.0312], [0.0189, 0.0421, 0.0418, 0.029, 0.6891, 0.0874, 0.0917], [0.0341, 0.0145, 0.0354, 0.0507, 0.7407, 0.0872, 0.0373], [0.0406, 0.056, 0.0586, 0.0635, 0.6675, 0.0452, 0.0687], [0.0707, 0.0582, 0.0659, 0.0366, 0.709, 0.0131, 0.0465], [0.0703, 0.0542, 0.0516, 0.0383, 0.6861, 0.0497, 0.0498], [0.041, 0.0722, 0.0256, 0.0154, 0.7484, 0.0505, 0.0469], [0.0429, 0.0282, 0.0346, 0.0444, 0.7622, 0.0644, 0.0233], [0.0363, 0.0195, 0.0247, 0.056, 0.7179, 0.058, 0.0876], [0.0673, 0.0722, 0.042, 0.013, 0.6982, 0.0399, 0.0673], [0.0613, 0.0782, 0.0399, 0.0743, 0.6978, 0.0245, 0.0239], [0.0591, 0.0455, 0.0484, 0.0662, 0.6864, 0.0643, 0.0301], [0.0306, 0.0925, 0.0301, 0.0533, 0.7374, 0.03, 0.0261], [0.0215, 0.0698, 0.0649, 0.0156, 0.7559, 0.042, 0.0303], [0.0396, 0.0392, 0.0235, 0.0579, 0.78, 0.0325, 0.0272], [0.0164, 0.0749, 0.0121, 0.0427, 0.7364, 0.0686, 0.0489], [0.0413, 0.0346, 0.0199, 0.0783, 0.7079, 0.0521, 0.0658], [0.0259, 0.063, 0.0238, 0.075, 0.6981, 0.0403, 0.0738], [0.0609, 0.0339, 0.0706, 0.0162, 0.7573, 0.022, 0.0391], [0.0436, 0.0645, 0.0708, 0.0172, 0.7252, 0.0645, 0.0143], [0.0482, 0.0676, 0.0636, 0.0504, 0.6582, 0.0691, 0.0429], [0.048, 0.0221, 0.07, 0.0801, 0.6663, 0.0331, 0.0804], [0.068, 0.0388, 0.0155, 0.0517, 0.7257, 0.0619, 0.0384], [0.0321, 0.0422, 0.0279, 0.0192, 0.7685, 0.0726, 0.0375], [0.0372, 0.0907, 0.0297, 0.0617, 0.6733, 0.0571, 0.0503], [0.0315, 0.0389, 0.052, 0.0338, 0.7277, 0.0762, 0.0399], [0.0517, 0.0568, 0.0378, 0.0297, 0.7374, 0.0402, 0.0464], [0.0228, 0.068, 0.0329, 0.0717, 0.6671, 0.0641, 0.0734], [0.046, 0.0698, 0.0851, 0.0453, 0.6236, 0.0532, 0.077], [0.0408, 0.0665, 0.0378, 0.0471, 0.728, 0.0555, 0.0243], [0.0129, 0.0596, 0.0531, 0.0257, 0.7545, 0.0499, 0.0444], [0.0739, 0.0522, 0.0302, 0.0869, 0.6585, 0.0489, 0.0494], [0.0385, 0.0836, 0.0462, 0.0405, 0.6828, 0.049, 0.0595], [0.0294, 0.0715, 0.0419, 0.0815, 0.6272, 0.0733, 0.0752], [0.0417, 0.0236, 0.013, 0.0489, 0.7276, 0.0775, 0.0676], [0.0259, 0.0309, 0.0319, 0.0852, 0.7492, 0.0387, 0.0382], [0.0332, 0.0806, 0.0233, 0.0591, 0.7292, 0.0168, 0.0578], [0.0829, 0.0558, 0.0309, 0.0263, 0.7639, 0.0233, 0.0169], [0.0508, 0.0318, 0.0162, 0.0581, 0.7321, 0.0618, 0.0492], [0.0398, 0.0252, 0.0732, 0.0371, 0.7124, 0.078, 0.0343], [0.0279, 0.0395, 0.0278, 0.0399, 0.7962, 0.0142, 0.0545], [0.0726, 0.0431, 0.0615, 0.0126, 0.7329, 0.0361, 0.0412], [0.0294, 0.0663, 0.0207, 0.0735, 0.7368, 0.0179, 0.0555]], "emotions": ["red", "red", "red", "red", "red", "red", "red", "red", "red", "red", "red", "red", "red", "red", "red", "red", "red", "red", "red", "red", "red", "red", "red", "red", "red", "red", "red", "red", "red", "red", "red", "red", "red", "red", "red", "red", "red", "red", "red", "red", "red", "red", "red", "red", "red", "red", "red", "red", "red", "red", "red", "red", "red", "red", "red", "red", "red", "red", "red", "red", "red", "red", "red", "red", "red", "red", "red", "red", "red", "red", "red", "red", "red", "red", "red", "red", "red", "red", "red", "red"], "timestamps": [0, 40, 80, 120, 160, 200, 240, 280, 320, 360, 400, 440, 480, 520, 560, 600, 640, 680, 720, 760, 800, 840, 880, 920, 960, 1000, 1040, 1080, 1120, 1160, 1200, 1240, 1280, 1320, 1360, 1400, 1440, 1480, 1520, 1560, 1600, 1640, 1680, 1720, 1760, 1800, 1840, 1880, 1920, 1960, 2000, 2040, 2080, 2120, 2160, 2200, 2240, 2280, 2320, 2360, 2400, 2440, 2480, 2520, 2560, 2600, 2640, 2680, 2720, 2760, 2800, 2840, 2880, 2920, 2960, 3000, 3040, 3080, 3120, 3160]}], "conversation": [], "conversation_timestamps": []}