{"agent_id": "agent-purple-1969", "type": "purple", "trips": [{"trip_id": 0, "transport_method": "foot", "start_time": 0, "path": [[1.5378964, 42.5100422], [1.5393778, 42.5101125], [1.5407613, 42.5093726], [1.5422179, 42.5088912], [1.5430503, 42.5089598], [1.5445942, 42.5093122], [1.5461336, 42.5096679], [1.5460558, 42.5096709], [1.5465183, 42.5108423], [1.5479886, 42.5113998], [1.5495424, 42.5117833], [1.5503385, 42.5121133], [1.5509474, 42.5125123], [1.5510666, 42.512633], [1.552129, 42.5133273], [1.5527118, 42.5139642], [1.5531341, 42.5154372], [1.5537672, 42.516893], [1.5549632, 42.5179106], [1.5562552, 42.5187074], [1.5572478, 42.5199005], [1.5583877, 42.5210235], [1.5596546, 42.5219884], [1.5599476, 42.522292], [1.5613071, 42.52312], [1.5624294, 42.52425], [1.5638536, 42.5249213], [1.5653364, 42.5254354], [1.5667237, 42.5262174], [1.5680142, 42.5271595], [1.5693932, 42.5279444], [1.5707365, 42.5288133], [1.5720406, 42.5293539], [1.5732691, 42.5298535], [1.5743072, 42.5310226], [1.57582, 42.5315171], [1.5774035, 42.5317445], [1.5784751, 42.5318026], [1.5778742, 42.5317446], [1.5794749, 42.5317489], [1.5810752, 42.5317248], [1.5826725, 42.5317318], [1.5840782, 42.5324551], [1.5852844, 42.5334916], [1.5866226, 42.5343398], [1.5879573, 42.5351955], [1.5888806, 42.5364075], [1.5901259, 42.5372916], [1.59152, 42.53806], [1.5918504, 42.539585], [1.592388, 42.5410288], [1.591616, 42.5423726], [1.5918746, 42.5439187], [1.591458, 42.5454287], [1.5917687, 42.5469595], [1.5921271, 42.5476021], [1.5921971, 42.5490051], [1.5918407, 42.5505505], [1.5915731, 42.5521077], [1.5914156, 42.5523551], [1.5907283, 42.5532163], [1.5904597, 42.5538916], [1.5913633, 42.5548865], [1.5917129, 42.5564277], [1.5921725, 42.5576413], [1.5934061, 42.5585017], [1.5937377, 42.5599295], [1.5938385, 42.5600498], [1.5937914, 42.5615773], [1.5942962, 42.5626741], [1.5955355, 42.5636872], [1.5963275, 42.5644465], [1.5948032, 42.5639613], [1.5936322, 42.56292], [1.5939085, 42.562323], [1.5951962, 42.5632738], [1.596484, 42.5642246], [1.5979551, 42.5643878], [1.599084, 42.5654471], [1.5993131, 42.5660104]], "mood_vectors": [[0.0614, 0.0629, 0.0604, 0.0428, 0.0369, 0.6855, 0.0501], [0.0775, 0.0277, 0.0285, 0.0292, 0.068, 0.731, 0.0381], [0.0797, 0.0131, 0.0649, 0.0647, 0.0128, 0.7171, 0.0477], [0.0455, 0.0224, 0.0267, 0.0315, 0.0682, 0.7206, 0.085], [0.057, 0.0683, 0.053, 0.0664, 0.0394, 0.696, 0.0198], [0.0456, 0.0998, 0.0361, 0.0313, 0.0523, 0.6374, 0.0975], [0.0871, 0.0213, 0.0624, 0.0792, 0.0632, 0.6352, 0.0516], [0.0693, 0.0418, 0.0431, 0.0747, 0.088, 0.6255, 0.0575], [0.0462, 0.0285, 0.0608, 0.0361, 0.0167, 0.7284, 0.0834], [0.0231, 0.077, 0.0668, 0.0705, 0.017, 0.7179, 0.0277], [0.0352, 0.0905, 0.0462, 0.026, 0.048, 0.679, 0.0751], [0.0262, 0.0303, 0.0172, 0.0228, 0.064, 0.8002, 0.0393], [0.0582, 0.0583, 0.0287, 0.0819, 0.0652, 0.6873, 0.0204], [0.0447, 0.0248, 0.0538, 0.019, 0.058, 0.7802, 0.0195], [0.0414, 0.0309, 0.0512, 0.0737, 0.0394, 0.71, 0.0533], [0.022, 0.0461, 0.0506, 0.0177, 0.0473, 0.7572, 0.0593], [0.0419, 0.0408, 0.0486, 0.0644, 0.0233, 0.7637, 0.0174], [0.0499, 0.0243, 0.0641, 0.0153, 0.0318, 0.7458, 0.0688], [0.0262, 0.0149, 0.0303, 0.0497, 0.0437, 0.7489, 0.0863], [0.0629, 0.0634, 0.0524, 0.0521, 0.0363, 0.6839, 0.049], [0.0334, 0.0853, 0.0725, 0.0868, 0.0353, 0.6567, 0.0299], [0.0886, 0.067, 0.0434, 0.0895, 0.0366, 0.5908, 0.0842], [0.0593, 0.0444, 0.0658, 0.0474, 0.0136, 0.7122, 0.0573], [0.0662, 0.0674, 0.0553, 0.0566, 0.0816, 0.6593, 0.0136], [0.0248, 0.0374, 0.0386, 0.0434, 0.0227, 0.79, 0.0431], [0.0586, 0.065, 0.0734, 0.0619, 0.0444, 0.6822, 0.0146], [0.0846, 0.0201, 0.0852, 0.0209, 0.0327, 0.7073, 0.0492], [0.0664, 0.018, 0.0832, 0.0831, 0.0327, 0.6781, 0.0385], [0.0896, 0.0812, 0.0396, 0.0417, 0.0671, 0.6269, 0.0539], [0.0443, 0.0215, 0.0167, 0.0139, 0.0747, 0.7672, 0.0618], [0.0498, 0.041, 0.0683, 0.0653, 0.059, 0.6931, 0.0236], [0.06, 0.0728, 0.058, 0.0393, 0.0694, 0.6477, 0.0528], [0.0594, 0.0371, 0.0339, 0.0429, 0.0186, 0.7863, 0.0219], [0.03, 0.0685, 0.0429, 0.024, 0.024, 0.7419, 0.0687], [0.0765, 0.0609, 0.0291, 0.089, 0.0705, 0.6319, 0.0421], [0.0126, 0.0692, 0.0501, 0.064, 0.012, 0.7631, 0.029], [0.0198, 0.0568, 0.0652, 0.0188, 0.0266, 0.775, 0.0378], [0.0209, 0.0629, 0.0661, 0.0547, 0.0203, 0.7534, 0.0217], [0.0489, 0.0765, 0.07, 0.0216, 0.0329, 0.7345, 0.0156], [0.0517, 0.0327, 0.026, 0.0388, 0.0584, 0.6947, 0.0976], [0.0313, 0.0534, 0.0693, 0.0603, 0.0334, 0.7377, 0.0146], [0.0447, 0.0536, 0.0226, 0.0378, 0.0191, 0.809, 0.0133], [0.0338, 0.0594, 0.0745, 0.0316, 0.0505, 0.7012, 0.0491], [0.0727, 0.0127, 0.0557, 0.0203, 0.0419, 0.7637, 0.033], [0.0235, 0.0641, 0.0873, 0.0799, 0.0185, 0.6662, 0.0605], [0.0122, 0.047, 0.0332, 0.0283, 0.0554, 0.7984, 0.0256], [0.0171, 0.0866, 0.0631, 0.0547, 0.0475, 0.7107, 0.0203], [0.0507, 0.0422, 0.0556, 0.0698, 0.053, 0.7154, 0.0134], [0.0707, 0.0152, 0.0642, 0.0199, 0.039, 0.7461, 0.0449], [0.0461, 0.0285, 0.0588, 0.0748, 0.0364, 0.7296, 0.0257], [0.0396, 0.0819, 0.0197, 0.0336, 0.0225, 0.744, 0.0587], [0.0537, 0.0441, 0.0283, 0.0722, 0.0807, 0.6713, 0.0496], [0.0213, 0.0207, 0.0318, 0.0431, 0.0522, 0.7683, 0.0626], [0.051, 0.0348, 0.0161, 0.0608, 0.0703, 0.6993, 0.0677], [0.09, 0.0746, 0.0177, 0.0155, 0.0339, 0.6732, 0.0952], [0.0664, 0.0718, 0.0785, 0.0203, 0.0341, 0.7091, 0.0196], [0.0388, 0.07, 0.0417, 0.0541, 0.0638, 0.6818, 0.0497], [0.0261, 0.0668, 0.0231, 0.0654, 0.0811, 0.6621, 0.0754], [0.0766, 0.0518, 0.0581, 0.035, 0.0702, 0.673, 0.0352], [0.0534, 0.0507, 0.066, 0.0655, 0.0423, 0.6748, 0.0473], [0.0549, 0.0624, 0.0493, 0.0704, 0.0594, 0.6243, 0.0792], [0.0184, 0.0568, 0.0532, 0.0654, 0.0821, 0.7119, 0.0121], [0.0598, 0.0211, 0.0187, 0.0827, 0.0396, 0.6915, 0.0867], [0.0394, 0.0292, 0.0489, 0.0254, 0.0742, 0.6947, 0.0882], [0.0392, 0.0633, 0.0299, 0.0297, 0.0796, 0.6876, 0.0706], [0.0426, 0.0458, 0.0248, 0.0658, 0.0596, 0.7417, 0.0197], [0.0882, 0.0831, 0.0287, 0.083, 0.0915, 0.5921, 0.0334], [0.0753, 0.051, 0.0365, 0.0401, 0.015, 0.7133, 0.0688], [0.0547, 0.0125, 0.0654, 0.047, 0.0355, 0.7512, 0.0338], [0.024, 0.0184, 0.0916, 0.0234, 0.0611, 0.6914, 0.0901], [0.0361, 0.0523, 0.0257, 0.0118, 0.0474, 0.7857, 0.041], [0.0308, 0.0207, 0.0292, 0.0819, 0.0483, 0.7494, 0.0397], [0.0251, 0.0643, 0.068, 0.0404, 0.0663, 0.7114, 0.0245], [0.0794, 0.075, 0.0348, 0.0592, 0.0597, 0.6529, 0.039], [0.0346, 0.0397, 0.0472, 0.0695, 0.0665, 0.698, 0.0444], [0.0659, 0.0282, 0.0571, 0.092, 0.0738, 0.6402, 0.0428], [0.0435, 0.0153, 0.0704, 0.0354, 0.0619, 0.7265, 0.0471], [0.0704, 0.074, 0.0718, 0.0455, 0.0409, 0.6164, 0.0811], [0.0458, 0.0351, 0.041, 0.061, 0.0612, 0.6943, 0.0616], [0.0305, 0.0762, 0.0608, 0.043, 0.0486, 0.7083, 0.0327]], "emotions": ["purple", "purple", "purple", "purple", "purple", "purple", "purple", "purple", "purple", "purple", "purple", "purple", "purple", "purple", "purple", "purple", "purple", "purple", "purple", "purple", "purple", "purple", "purple", "purple", "purple", "purple", "purple", "purple", "purple", "purple", "purple", "purple", "purple", "purple", "purple", "purple", "purple", "purple", "purple", "purple", "purple", "purple", "purple", "purple", "purple", "purple", "purple", "purple", "purple", "purple", "purple", "purple", "purple", "purple", "purple", "purple", "purple", "purple", "purple", "purple", "purple", "purple", "purple", "purple", "purple", "purple", "purple", "purple", "purple", "purple", "purple", "purple", "purple", "purple", "purple", "purple", "purple", "purple", "purple", "purple"], "timestamps": [0, 40, 80, 120, 160, 200, 240, 280, 320, 360, 400, 440, 480, 520, 560, 600, 640, 680, 720, 760, 800, 840, 880, 920, 960, 1000, 1040, 1080, 1120, 1160, 1200, 1240, 1280, 1320, 1360, 1400, 1440, 1480, 1520, 1560, 1600, 1640, 1680, 1720, 1760, 1800, 1840, 1880, 1920, 1960, 2000, 2040, 2080, 2120, 2160, 2200, 2240, 2280, 2320, 2360, 2400, 2440, 2480, 2520, 2560, 2600, 2640, 2680, 2720, 2760, 2800, 2840, 2880, 2920, 2960, 3000, 3040, 3080, 3120, 3160]}], "conversation": [], "conversation_timestamps": []}