{"agent_id": "agent-orange-813", "type": "orange", "trips": [{"trip_id": 0, "transport_method": "foot", "start_time": 0, "path": [[1.4945255, 42.538181], [1.494144, 42.5373896], [1.4952164, 42.5375418], [1.4963767, 42.5375796], [1.4973677, 42.5379668], [1.4985271, 42.5382027], [1.4996687, 42.5380466], [1.5008215, 42.5378091], [1.5019598, 42.5374839], [1.5030499, 42.5374921], [1.5041487, 42.537322], [1.5051501, 42.536701], [1.506131, 42.5362729], [1.5070996, 42.5359119], [1.5082661, 42.5360395], [1.5093539, 42.5356348], [1.5103038, 42.5350634], [1.5092798, 42.5344887], [1.5087053, 42.5341927], [1.5094469, 42.5334668], [1.5106201, 42.5334959], [1.5117979, 42.5335697], [1.5128412, 42.5331057], [1.5126272, 42.532585], [1.5124779, 42.5321037], [1.5136326, 42.5320156], [1.5144161, 42.5319537], [1.5149293, 42.5309565], [1.5159018, 42.5302813], [1.5168744, 42.5296061], [1.5168901, 42.5292366], [1.5157241, 42.5292183], [1.5145871, 42.5292895], [1.5134907, 42.5296348], [1.5123253, 42.5297364], [1.5124306, 42.530224], [1.512981, 42.5308508], [1.5140464, 42.531005], [1.5150854, 42.5308768], [1.5160867, 42.5302452], [1.5170881, 42.5296135], [1.5181306, 42.5292756], [1.5192619, 42.5293751], [1.5197167, 42.5299971], [1.5204297, 42.5295558], [1.5205767, 42.5284363], [1.5199549, 42.5274397], [1.5204681, 42.5264149], [1.5206144, 42.5252501], [1.5209233, 42.5241333], [1.5216544, 42.5232041], [1.5221517, 42.5221428], [1.5230937, 42.5214321], [1.5236, 42.5203794], [1.5238102, 42.5199959], [1.5233558, 42.5210861], [1.5237812, 42.5200145], [1.5242188, 42.5189144], [1.5251125, 42.5182247], [1.5259759, 42.5174279], [1.5270105, 42.5169449], [1.5280393, 42.5164068], [1.5289676, 42.5157088], [1.5297319, 42.5148286], [1.5303301, 42.5139698], [1.5305792, 42.5128626], [1.5308225, 42.5118617], [1.5298343, 42.5113035], [1.529561, 42.5103977], [1.5287243, 42.5095639], [1.5290974, 42.5098805], [1.5288967, 42.5096674], [1.5285599, 42.5089335], [1.5282322, 42.5083267], [1.5275091, 42.5074706], [1.526422, 42.5072138], [1.5252474, 42.5070693], [1.5250867, 42.5063607], [1.5242416, 42.505577], [1.5232022, 42.505068]], "mood_vectors": [[0.0769, 0.07, 0.0554, 0.0616, 0.6344, 0.0533, 0.0485], [0.0619, 0.0225, 0.0488, 0.0653, 0.7294, 0.0372, 0.0348], [0.0538, 0.0526, 0.0642, 0.0458, 0.637, 0.0738, 0.0729], [0.0288, 0.0149, 0.0173, 0.0802, 0.8059, 0.0371, 0.0158], [0.0229, 0.0641, 0.0278, 0.0692, 0.7379, 0.0563, 0.0218], [0.0688, 0.0372, 0.0205, 0.0669, 0.7751, 0.0159, 0.0157], [0.063, 0.0359, 0.0229, 0.058, 0.7346, 0.0295, 0.0561], [0.078, 0.0429, 0.0184, 0.022, 0.7982, 0.0159, 0.0245], [0.0243, 0.0719, 0.0297, 0.0677, 0.6572, 0.0657, 0.0834], [0.0663, 0.0361, 0.0521, 0.0463, 0.6887, 0.0522, 0.0584], [0.0318, 0.0242, 0.07, 0.0736, 0.697, 0.0219, 0.0814], [0.0722, 0.0169, 0.0186, 0.0461, 0.7413, 0.035, 0.07], [0.0275, 0.0263, 0.059, 0.0198, 0.7571, 0.0548, 0.0554], [0.0208, 0.0736, 0.0219, 0.0169, 0.743, 0.0536, 0.0702], [0.0145, 0.0631, 0.0652, 0.024, 0.6985, 0.0559, 0.0789], [0.0716, 0.0318, 0.0808, 0.0402, 0.6728, 0.0592, 0.0436], [0.0481, 0.0396, 0.0689, 0.0947, 0.6297, 0.0803, 0.0388], [0.0196, 0.0557, 0.0318, 0.0326, 0.7343, 0.0733, 0.0527], [0.0255, 0.0575, 0.0948, 0.0281, 0.6769, 0.0868, 0.0304], [0.0422, 0.021, 0.0977, 0.0628, 0.6912, 0.0594, 0.0257], [0.068, 0.0557, 0.0357, 0.0423, 0.7187, 0.0379, 0.0417], [0.0746, 0.0205, 0.0778, 0.0399, 0.6572, 0.0598, 0.0702], [0.0239, 0.0439, 0.0582, 0.0789, 0.6714, 0.0702, 0.0535], [0.0153, 0.0384, 0.0626, 0.0813, 0.7379, 0.0429, 0.0216], [0.0529, 0.0711, 0.0499, 0.0529, 0.6891, 0.0379, 0.0463], [0.0464, 0.0219, 0.0789, 0.0417, 0.7278, 0.0503, 0.033], [0.0361, 0.0704, 0.0679, 0.0188, 0.6938, 0.0702, 0.0428], [0.055, 0.0329, 0.0708, 0.0495, 0.6764, 0.0351, 0.0802], [0.0613, 0.072, 0.0193, 0.0146, 0.6932, 0.069, 0.0707], [0.0894, 0.0337, 0.0585, 0.026, 0.6803, 0.0374, 0.0748], [0.07, 0.0666, 0.0375, 0.0236, 0.7218, 0.0426, 0.038], [0.0117, 0.0413, 0.051, 0.0722, 0.7272, 0.0461, 0.0504], [0.0763, 0.0834, 0.0297, 0.0316, 0.6681, 0.0597, 0.0513], [0.029, 0.0226, 0.0825, 0.0175, 0.7843, 0.0329, 0.0311], [0.0689, 0.0493, 0.0563, 0.0566, 0.6722, 0.0317, 0.065], [0.0887, 0.0834, 0.0321, 0.0717, 0.5926, 0.0637, 0.0677], [0.0237, 0.0527, 0.0721, 0.0365, 0.6621, 0.0765, 0.0765], [0.046, 0.0977, 0.0239, 0.0377, 0.7025, 0.0381, 0.0541], [0.0778, 0.0364, 0.078, 0.0315, 0.6654, 0.068, 0.0429], [0.0231, 0.0868, 0.0707, 0.0214, 0.6709, 0.0782, 0.0489], [0.056, 0.016, 0.0798, 0.0351, 0.7105, 0.0854, 0.0173], [0.0857, 0.0651, 0.0827, 0.074, 0.6177, 0.0512, 0.0235], [0.0212, 0.0568, 0.0767, 0.0533, 0.6906, 0.0707, 0.0307], [0.0809, 0.04, 0.0299, 0.0344, 0.7124, 0.0856, 0.0169], [0.0479, 0.0235, 0.0401, 0.0338, 0.7819, 0.0587, 0.0141], [0.0584, 0.0444, 0.0669, 0.0168, 0.7679, 0.0276, 0.018], [0.0627, 0.0523, 0.0297, 0.0718, 0.7211, 0.019, 0.0435], [0.0825, 0.0791, 0.0579, 0.0665, 0.6767, 0.0144, 0.023], [0.0684, 0.0433, 0.0754, 0.0798, 0.6761, 0.0264, 0.0307], [0.0762, 0.067, 0.0522, 0.0221, 0.7438, 0.0193, 0.0193], [0.0781, 0.0678, 0.0742, 0.0553, 0.6549, 0.0179, 0.0517], [0.0271, 0.0609, 0.0671, 0.0363, 0.6848, 0.0535, 0.0704], [0.0744, 0.0646, 0.0712, 0.0465, 0.6533, 0.0465, 0.0434], [0.0335, 0.0689, 0.0644, 0.0498, 0.7076, 0.0141, 0.0618], [0.0319, 0.0413, 0.0291, 0.0221, 0.7567, 0.0664, 0.0524], [0.0724, 0.0218, 0.1074, 0.0268, 0.7181, 0.0286, 0.0249], [0.0364, 0.0284, 0.0719, 0.0414, 0.681, 0.0681, 0.0728], [0.0534, 0.0337, 0.0203, 0.068, 0.771, 0.0111, 0.0423], [0.0449, 0.0686, 0.0515, 0.0195, 0.6903, 0.0536, 0.0716], [0.0341, 0.0841, 0.0632, 0.0545, 0.6294, 0.068, 0.0668], [0.0473, 0.0138, 0.0592, 0.0501, 0.7253, 0.0416, 0.0628], [0.0929, 0.0283, 0.0773, 0.0883, 0.6394, 0.054, 0.0199], [0.0492, 0.0768, 0.0389, 0.065, 0.6938, 0.0494, 0.0268], [0.0467, 0.0666, 0.0451, 0.0497, 0.6995, 0.0453, 0.0473], [0.047, 0.0153, 0.0597, 0.068, 0.699, 0.0354, 0.0756], [0.0555, 0.0322, 0.0867, 0.0472, 0.642, 0.0735, 0.0629], [0.0373, 0.0486, 0.0457, 0.0407, 0.7138, 0.0785, 0.0354], [0.0248, 0.0723, 0.034, 0.046, 0.6961, 0.0595, 0.0674], [0.0505, 0.0156, 0.0346, 0.0303, 0.7673, 0.0617, 0.04], [0.0522, 0.0219, 0.0293, 0.0302, 0.7999, 0.0372, 0.0294], [0.0167, 0.0625, 0.0399, 0.018, 0.7187, 0.0895, 0.0548], [0.0611, 0.0753, 0.0617, 0.0711, 0.6276, 0.0618, 0.0414], [0.0545, 0.0626, 0.0438, 0.0177, 0.6934, 0.0476, 0.0803], [0.0712, 0.024, 0.0833, 0.0252, 0.7156, 0.0513, 0.0294], [0.0324, 0.0201, 0.0818, 0.0498, 0.7364, 0.0426, 0.037], [0.0251, 0.0362, 0.0383, 0.0194, 0.766, 0.0353, 0.0797], [0.025, 0.0193, 0.078, 0.0271, 0.7457, 0.0806, 0.0244], [0.059, 0.0227, 0.0651, 0.0588, 0.7051, 0.0208, 0.0685], [0.0556, 0.0662, 0.0278, 0.0594, 0.6598, 0.0673, 0.0638], [0.0353, 0.0561, 0.0607, 0.0272, 0.6599, 0.085, 0.0757]], "emotions": ["red", "red", "red", "red", "red", "red", "red", "red", "red", "red", "red", "red", "red", "red", "red", "red", "red", "red", "red", "red", "red", "red", "red", "red", "red", "red", "red", "red", "red", "red", "red", "red", "red", "red", "red", "red", "red", "red", "red", "red", "red", "red", "red", "red", "red", "red", "red", "red", "red", "red", "red", "red", "red", "red", "red", "red", "red", "red", "red", "red", "red", "red", "red", "red", "red", "red", "red", "red", "red", "red", "red", "red", "red", "red", "red", "red", "red", "red", "red", "red"], "timestamps": [0, 40, 80, 120, 160, 200, 240, 280, 320, 360, 400, 440, 480, 520, 560, 600, 640, 680, 720, 760, 800, 840, 880, 920, 960, 1000, 1040, 1080, 1120, 1160, 1200, 1240, 1280, 1320, 1360, 1400, 1440, 1480, 1520, 1560, 1600, 1640, 1680, 1720, 1760, 1800, 1840, 1880, 1920, 1960, 2000, 2040, 2080, 2120, 2160, 2200, 2240, 2280, 2320, 2360, 2400, 2440, 2480, 2520, 2560, 2600, 2640, 2680, 2720, 2760, 2800, 2840, 2880, 2920, 2960, 3000, 3040, 3080, 3120, 3160]}], "conversation": [], "conversation_timestamps": []}