{"agent_id": "agent-purple-869", "type": "purple", "trips": [{"trip_id": 0, "transport_method": "foot", "start_time": 0, "path": [[1.5316476, 42.5121452], [1.5326026, 42.5123464], [1.5330519, 42.512847], [1.5338951, 42.513043], [1.5348384, 42.5129468], [1.5357873, 42.5126992], [1.5366742, 42.5122938], [1.5374994, 42.5117886], [1.5383675, 42.5113641], [1.5390805, 42.5106823], [1.5396083, 42.5100358], [1.5404528, 42.5095532], [1.5413212, 42.5091593], [1.5422201, 42.5088913], [1.5424415, 42.5089069], [1.5434205, 42.5090181], [1.5443552, 42.5093022], [1.5453401, 42.5093586], [1.5460411, 42.5096376], [1.5456183, 42.5094716], [1.5464186, 42.5099805], [1.5464595, 42.510752], [1.5472898, 42.5112178], [1.5482462, 42.5114599], [1.5492047, 42.5116933], [1.5496141, 42.5118137], [1.5503167, 42.512106], [1.550464, 42.5121831], [1.5512498, 42.5127673], [1.5512196, 42.5127891], [1.5514314, 42.5128822], [1.5522652, 42.5133992], [1.5524757, 42.5135831], [1.5526984, 42.5144879], [1.5530849, 42.515365], [1.5534782, 42.5162585], [1.5539304, 42.5171269], [1.5546658, 42.5177706], [1.5555214, 42.518205], [1.5562874, 42.518737], [1.5568723, 42.5195254], [1.5575365, 42.5202005], [1.5582405, 42.5208914], [1.5589834, 42.5215404], [1.5598109, 42.5220669], [1.5595976, 42.5220267], [1.5604331, 42.5225373], [1.5612527, 42.5230816], [1.5619975, 42.5237246], [1.562654, 42.5244552], [1.5635663, 42.5248166], [1.5644516, 42.5252173], [1.5653958, 42.5254605], [1.5662845, 42.5258871], [1.5670674, 42.5264874], [1.5678572, 42.5270779], [1.568748, 42.5275012], [1.5695625, 42.5280413], [1.5703869, 42.5285834], [1.5711567, 42.5291909], [1.5719947, 42.5293547], [1.5729426, 42.5295426], [1.573421, 42.5301421], [1.5740633, 42.530871], [1.5749431, 42.531312], [1.5759037, 42.5315333], [1.5768776, 42.5316895], [1.5778608, 42.5317654], [1.5786313, 42.5318044], [1.5776457, 42.5317627], [1.5780906, 42.5317451], [1.5790772, 42.5317478], [1.5800638, 42.5317505], [1.5810501, 42.5317258], [1.582036, 42.5316888], [1.5830094, 42.5318156], [1.583874, 42.5322845], [1.584606, 42.5329444], [1.5853875, 42.533516], [1.5861699, 42.5341096]], "mood_vectors": [[0.0499, 0.0292, 0.0422, 0.0399, 0.0331, 0.7166, 0.0891], [0.0635, 0.0738, 0.0472, 0.0508, 0.0485, 0.6798, 0.0364], [0.0739, 0.0817, 0.0854, 0.034, 0.026, 0.6526, 0.0463], [0.0743, 0.0672, 0.0779, 0.0496, 0.0553, 0.6564, 0.0192], [0.0236, 0.0249, 0.0309, 0.0658, 0.0508, 0.7856, 0.0185], [0.0202, 0.0843, 0.0494, 0.0393, 0.0844, 0.6913, 0.0312], [0.068, 0.1049, 0.0754, 0.0336, 0.021, 0.6584, 0.0388], [0.0357, 0.0558, 0.0319, 0.0377, 0.013, 0.7486, 0.0773], [0.0402, 0.0158, 0.044, 0.0617, 0.0209, 0.7558, 0.0616], [0.0221, 0.078, 0.0173, 0.0285, 0.0562, 0.7084, 0.0895], [0.024, 0.0481, 0.0633, 0.0166, 0.0714, 0.7039, 0.0728], [0.0494, 0.0433, 0.0188, 0.0746, 0.0574, 0.7039, 0.0525], [0.0378, 0.0559, 0.0533, 0.0406, 0.0273, 0.7229, 0.0621], [0.0266, 0.0532, 0.0609, 0.065, 0.0152, 0.7298, 0.0494], [0.0153, 0.0936, 0.0413, 0.0193, 0.022, 0.7406, 0.0679], [0.0204, 0.0825, 0.0832, 0.0748, 0.0443, 0.6213, 0.0735], [0.0667, 0.0835, 0.0796, 0.0565, 0.0616, 0.5896, 0.0624], [0.0151, 0.045, 0.0437, 0.0117, 0.0442, 0.7713, 0.069], [0.0205, 0.0636, 0.0678, 0.0493, 0.0145, 0.7541, 0.0301], [0.0171, 0.0639, 0.0812, 0.0526, 0.0691, 0.6275, 0.0886], [0.0342, 0.0471, 0.0579, 0.0409, 0.0315, 0.7502, 0.0381], [0.0622, 0.0196, 0.0526, 0.0867, 0.0243, 0.6766, 0.0779], [0.0151, 0.0136, 0.0574, 0.0318, 0.052, 0.7502, 0.0798], [0.0761, 0.0313, 0.0298, 0.0704, 0.0769, 0.6883, 0.0272], [0.0181, 0.0635, 0.0665, 0.0167, 0.0644, 0.709, 0.0618], [0.0232, 0.0522, 0.0472, 0.0208, 0.0519, 0.7578, 0.0469], [0.0151, 0.072, 0.0494, 0.0634, 0.0145, 0.7174, 0.0683], [0.0825, 0.0396, 0.0513, 0.0313, 0.0287, 0.7527, 0.0139], [0.0812, 0.0526, 0.0511, 0.0325, 0.0822, 0.6158, 0.0848], [0.0155, 0.0205, 0.0528, 0.0545, 0.0725, 0.7691, 0.0151], [0.0267, 0.084, 0.0688, 0.0811, 0.0396, 0.6746, 0.0253], [0.0363, 0.0669, 0.0687, 0.055, 0.0445, 0.6798, 0.0489], [0.0635, 0.0521, 0.0438, 0.0466, 0.0774, 0.6526, 0.064], [0.0801, 0.0723, 0.0412, 0.0678, 0.0478, 0.6274, 0.0633], [0.0416, 0.034, 0.09, 0.0864, 0.0284, 0.6761, 0.0436], [0.0507, 0.0686, 0.0152, 0.0945, 0.0949, 0.6399, 0.0362], [0.0173, 0.0795, 0.0515, 0.0625, 0.0471, 0.6957, 0.0465], [0.03, 0.062, 0.0364, 0.0667, 0.0411, 0.7301, 0.0337], [0.0471, 0.0592, 0.0701, 0.0313, 0.0448, 0.7095, 0.0379], [0.0724, 0.0539, 0.0684, 0.0385, 0.0618, 0.6881, 0.017], [0.0526, 0.0349, 0.0146, 0.0626, 0.0785, 0.7366, 0.0203], [0.0847, 0.0246, 0.0356, 0.0212, 0.0688, 0.6799, 0.0851], [0.079, 0.0694, 0.0238, 0.0835, 0.0843, 0.6366, 0.0235], [0.0547, 0.065, 0.0797, 0.0155, 0.0168, 0.728, 0.0402], [0.069, 0.0299, 0.0462, 0.0161, 0.0592, 0.7183, 0.0613], [0.0841, 0.0471, 0.0787, 0.0589, 0.0796, 0.5722, 0.0794], [0.0644, 0.0174, 0.0771, 0.0231, 0.0275, 0.7477, 0.0428], [0.0852, 0.0658, 0.082, 0.0639, 0.0469, 0.5852, 0.071], [0.0703, 0.0368, 0.0371, 0.0344, 0.0382, 0.7196, 0.0636], [0.0752, 0.0776, 0.0737, 0.0326, 0.0159, 0.6881, 0.0369], [0.0659, 0.0571, 0.0236, 0.0543, 0.0743, 0.6732, 0.0517], [0.0957, 0.0485, 0.0303, 0.0394, 0.0221, 0.7365, 0.0275], [0.0755, 0.0303, 0.0257, 0.0752, 0.0167, 0.7416, 0.0351], [0.0385, 0.0321, 0.0702, 0.0521, 0.0178, 0.7159, 0.0734], [0.033, 0.0343, 0.0447, 0.0573, 0.0524, 0.7243, 0.0538], [0.0761, 0.0154, 0.026, 0.0957, 0.0541, 0.6819, 0.0508], [0.015, 0.0313, 0.0467, 0.0545, 0.0876, 0.7464, 0.0185], [0.0211, 0.0244, 0.036, 0.0511, 0.0151, 0.7914, 0.0609], [0.0812, 0.0505, 0.0482, 0.03, 0.0556, 0.7004, 0.0342], [0.0543, 0.0447, 0.0668, 0.051, 0.0568, 0.6468, 0.0797], [0.0867, 0.0354, 0.07, 0.0315, 0.019, 0.6929, 0.0645], [0.0598, 0.0719, 0.0467, 0.0462, 0.0615, 0.6994, 0.0145], [0.1029, 0.0313, 0.0278, 0.0466, 0.1001, 0.6641, 0.0273], [0.0949, 0.0721, 0.0179, 0.0236, 0.0789, 0.6366, 0.0761], [0.0313, 0.0223, 0.0414, 0.058, 0.036, 0.7392, 0.0718], [0.0454, 0.0462, 0.0299, 0.0302, 0.0295, 0.7707, 0.0482], [0.0771, 0.0402, 0.0539, 0.0629, 0.0185, 0.6798, 0.0676], [0.0708, 0.0196, 0.0371, 0.0785, 0.0128, 0.7514, 0.0297], [0.0213, 0.0175, 0.0521, 0.0909, 0.0743, 0.7001, 0.0438], [0.0589, 0.0232, 0.0579, 0.0341, 0.0718, 0.7231, 0.0311], [0.0791, 0.0605, 0.0374, 0.0361, 0.0583, 0.6477, 0.0808], [0.0706, 0.0479, 0.0992, 0.0425, 0.0722, 0.649, 0.0186], [0.0302, 0.0583, 0.0661, 0.0176, 0.0202, 0.7525, 0.055], [0.0288, 0.0667, 0.0781, 0.035, 0.079, 0.6544, 0.058], [0.0723, 0.0635, 0.0862, 0.0466, 0.0634, 0.6307, 0.0373], [0.0676, 0.0497, 0.0701, 0.0452, 0.0416, 0.7016, 0.0242], [0.0353, 0.0213, 0.0154, 0.074, 0.0742, 0.7501, 0.0297], [0.0169, 0.02, 0.0514, 0.046, 0.0598, 0.7216, 0.0842], [0.0303, 0.0156, 0.0842, 0.0496, 0.0681, 0.7118, 0.0404], [0.0611, 0.0527, 0.0564, 0.0451, 0.0438, 0.6913, 0.0495]], "emotions": ["purple", "purple", "purple", "purple", "purple", "purple", "purple", "purple", "purple", "purple", "purple", "purple", "purple", "purple", "purple", "purple", "purple", "purple", "purple", "purple", "purple", "purple", "purple", "purple", "purple", "purple", "purple", "purple", "purple", "purple", "purple", "purple", "purple", "purple", "purple", "purple", "purple", "purple", "purple", "purple", "purple", "purple", "purple", "purple", "purple", "purple", "purple", "purple", "purple", "purple", "purple", "purple", "purple", "purple", "purple", "purple", "purple", "purple", "purple", "purple", "purple", "purple", "purple", "purple", "purple", "purple", "purple", "purple", "purple", "purple", "purple", "purple", "purple", "purple", "purple", "purple", "purple", "purple", "purple", "purple"], "timestamps": [0, 40, 80, 120, 160, 200, 240, 280, 320, 360, 400, 440, 480, 520, 560, 600, 640, 680, 720, 760, 800, 840, 880, 920, 960, 1000, 1040, 1080, 1120, 1160, 1200, 1240, 1280, 1320, 1360, 1400, 1440, 1480, 1520, 1560, 1600, 1640, 1680, 1720, 1760, 1800, 1840, 1880, 1920, 1960, 2000, 2040, 2080, 2120, 2160, 2200, 2240, 2280, 2320, 2360, 2400, 2440, 2480, 2520, 2560, 2600, 2640, 2680, 2720, 2760, 2800, 2840, 2880, 2920, 2960, 3000, 3040, 3080, 3120, 3160]}], "conversation": [], "conversation_timestamps": []}