{"agent_id": "agent-red-331", "type": "red", "trips": [{"trip_id": 0, "transport_method": "car", "start_time": 0, "path": [[1.5403999, 42.5104141], [1.5402786, 42.5104113], [1.5401573, 42.5104084], [1.5400361, 42.5104056], [1.5399148, 42.5104027], [1.5397935, 42.5103999], [1.5396722, 42.510397], [1.5395509, 42.5103942], [1.5394296, 42.5103913], [1.5393084, 42.5103884], [1.5391959, 42.5103614], [1.5391015, 42.5102853], [1.538999, 42.5102203], [1.5388965, 42.5101555], [1.5387939, 42.5100908], [1.5387554, 42.5099917], [1.5387582, 42.5098704], [1.538761, 42.5097491], [1.5387638, 42.5096278], [1.5387667, 42.5095065], [1.5386523, 42.509486], [1.538532, 42.5094705], [1.5384117, 42.5094551], [1.5382913, 42.5094396], [1.538171, 42.5094242], [1.5380507, 42.5094087], [1.5379303, 42.5093933], [1.5378774, 42.5092988], [1.537843, 42.5091824], [1.5378086, 42.5090661], [1.5377742, 42.5089497], [1.5377398, 42.5088334], [1.5376456, 42.5087905], [1.5375247, 42.5087803], [1.5374038, 42.5087702], [1.5372829, 42.5087601], [1.537162, 42.5087499], [1.5370411, 42.5087398], [1.5369202, 42.5087297], [1.5367993, 42.5087196], [1.5366786, 42.508708], [1.5365579, 42.5086958], [1.5364372, 42.5086835], [1.5363165, 42.5086713], [1.5361958, 42.5086591], [1.5360751, 42.5086469], [1.5359544, 42.5086347], [1.5358337, 42.5086224], [1.535713, 42.5086102], [1.5355923, 42.508598], [1.5354714, 42.5085884], [1.5353503, 42.5085804], [1.5352294, 42.5085714], [1.5351084, 42.5085625], [1.5349874, 42.5085535], [1.5348664, 42.5085446], [1.5347454, 42.5085356], [1.5346244, 42.5085267], [1.5345034, 42.5085177], [1.5343825, 42.5085087], [1.5342615, 42.5084996], [1.5341427, 42.5085152], [1.5340237, 42.5085189], [1.5339034, 42.5085028], [1.5337832, 42.5084867], [1.533663, 42.5084706], [1.5335427, 42.5084545], [1.5334225, 42.5084384], [1.5333022, 42.5084223], [1.533182, 42.5084062], [1.5330617, 42.5083901], [1.5329415, 42.508374], [1.5328213, 42.5083579], [1.532701, 42.5083418], [1.5325808, 42.5083257], [1.5324605, 42.5083096], [1.5324448, 42.5081963], [1.5323829, 42.5080919], [1.5323211, 42.5079875], [1.5322592, 42.5078832]], "mood_vectors": [[0.6959, 0.0661, 0.0632, 0.0188, 0.0286, 0.0674, 0.0601], [0.7146, 0.023, 0.0199, 0.0742, 0.066, 0.024, 0.0783], [0.7136, 0.0535, 0.019, 0.0433, 0.0717, 0.0798, 0.0191], [0.6851, 0.0673, 0.0525, 0.0443, 0.0136, 0.0589, 0.0783], [0.7186, 0.0341, 0.0529, 0.0695, 0.0228, 0.0607, 0.0414], [0.6958, 0.0901, 0.0425, 0.0889, 0.0259, 0.032, 0.0248], [0.7046, 0.0135, 0.0776, 0.0441, 0.0694, 0.0161, 0.0747], [0.8093, 0.0312, 0.0415, 0.0482, 0.0185, 0.0137, 0.0376], [0.6807, 0.0468, 0.0151, 0.0463, 0.0744, 0.0696, 0.0672], [0.7087, 0.0342, 0.0534, 0.0408, 0.0684, 0.0599, 0.0347], [0.6748, 0.0376, 0.0494, 0.0769, 0.0459, 0.0379, 0.0776], [0.6637, 0.0651, 0.087, 0.0476, 0.0514, 0.0698, 0.0155], [0.653, 0.0305, 0.0749, 0.0596, 0.0571, 0.0448, 0.0801], [0.6637, 0.0569, 0.0237, 0.0518, 0.0633, 0.0762, 0.0645], [0.6722, 0.0398, 0.0745, 0.0155, 0.0606, 0.0754, 0.062], [0.7343, 0.0651, 0.0141, 0.0282, 0.0392, 0.0354, 0.0837], [0.6788, 0.0181, 0.0521, 0.029, 0.0523, 0.077, 0.0927], [0.6722, 0.0936, 0.0257, 0.0306, 0.0677, 0.0512, 0.0591], [0.7176, 0.0742, 0.0355, 0.0244, 0.0463, 0.0408, 0.0613], [0.7477, 0.0397, 0.0543, 0.0494, 0.0256, 0.0359, 0.0473], [0.7403, 0.0189, 0.0252, 0.0251, 0.0687, 0.0504, 0.0714], [0.7261, 0.0322, 0.0543, 0.0688, 0.0549, 0.0496, 0.0141], [0.7513, 0.0552, 0.0424, 0.0238, 0.0721, 0.0367, 0.0185], [0.7488, 0.0834, 0.0263, 0.0162, 0.0282, 0.076, 0.0212], [0.7031, 0.0419, 0.0475, 0.0734, 0.0473, 0.022, 0.0648], [0.7082, 0.0759, 0.0168, 0.0556, 0.0418, 0.0313, 0.0704], [0.7146, 0.0389, 0.0382, 0.0485, 0.0656, 0.067, 0.0272], [0.7103, 0.0405, 0.0182, 0.0855, 0.0532, 0.0577, 0.0345], [0.7098, 0.0252, 0.0483, 0.0625, 0.0402, 0.0479, 0.0661], [0.7657, 0.0605, 0.0591, 0.0269, 0.0184, 0.0568, 0.0127], [0.7055, 0.062, 0.0266, 0.0469, 0.0355, 0.0775, 0.0461], [0.7103, 0.0275, 0.0154, 0.0648, 0.0403, 0.1064, 0.0353], [0.6606, 0.0506, 0.0844, 0.0571, 0.0316, 0.0409, 0.0748], [0.7223, 0.0158, 0.0859, 0.0519, 0.0613, 0.0318, 0.031], [0.6888, 0.0508, 0.0683, 0.0379, 0.0603, 0.0341, 0.0598], [0.6342, 0.0607, 0.071, 0.0654, 0.0361, 0.0699, 0.0627], [0.6986, 0.0626, 0.0401, 0.0226, 0.0597, 0.0609, 0.0556], [0.6485, 0.0603, 0.0684, 0.0231, 0.0622, 0.0782, 0.0593], [0.6699, 0.02, 0.0559, 0.055, 0.0309, 0.0783, 0.0901], [0.6427, 0.0407, 0.0695, 0.0734, 0.0673, 0.0697, 0.0367], [0.6469, 0.0362, 0.0329, 0.0969, 0.043, 0.0509, 0.0932], [0.7092, 0.0386, 0.0824, 0.0538, 0.0523, 0.0134, 0.0501], [0.6745, 0.0514, 0.0298, 0.0618, 0.061, 0.0643, 0.0573], [0.6727, 0.06, 0.0548, 0.0586, 0.0559, 0.0239, 0.0741], [0.708, 0.0752, 0.0405, 0.0766, 0.0189, 0.0429, 0.0377], [0.6558, 0.0751, 0.0687, 0.0432, 0.0702, 0.0157, 0.0713], [0.7314, 0.0522, 0.0117, 0.077, 0.0765, 0.0313, 0.02], [0.6201, 0.0814, 0.0744, 0.0583, 0.0396, 0.0576, 0.0685], [0.7479, 0.0548, 0.0397, 0.048, 0.0363, 0.0468, 0.0265], [0.6951, 0.0367, 0.0292, 0.0616, 0.0861, 0.0657, 0.0257], [0.6206, 0.0636, 0.09, 0.0542, 0.0783, 0.0603, 0.033], [0.6412, 0.0779, 0.0904, 0.077, 0.0415, 0.032, 0.0399], [0.7122, 0.0807, 0.0743, 0.0398, 0.0521, 0.0128, 0.0281], [0.6993, 0.0487, 0.0435, 0.0318, 0.0556, 0.0656, 0.0555], [0.6867, 0.0543, 0.0158, 0.0801, 0.0285, 0.0618, 0.0728], [0.7846, 0.0657, 0.015, 0.0322, 0.0152, 0.0708, 0.0165], [0.6873, 0.0849, 0.025, 0.0476, 0.0374, 0.0413, 0.0764], [0.697, 0.0673, 0.0573, 0.062, 0.0132, 0.0442, 0.059], [0.6571, 0.0546, 0.0934, 0.0194, 0.0176, 0.0826, 0.0754], [0.653, 0.0826, 0.0382, 0.0502, 0.0825, 0.0391, 0.0544], [0.7298, 0.0365, 0.062, 0.0367, 0.045, 0.0216, 0.0684], [0.6964, 0.0264, 0.0689, 0.0896, 0.0238, 0.0279, 0.067], [0.7381, 0.0249, 0.0248, 0.0376, 0.0859, 0.0274, 0.0614], [0.7185, 0.013, 0.0662, 0.0181, 0.0753, 0.0656, 0.0433], [0.6702, 0.0561, 0.0941, 0.0886, 0.0458, 0.017, 0.0282], [0.7127, 0.0395, 0.0454, 0.0437, 0.0414, 0.0529, 0.0644], [0.675, 0.0328, 0.0723, 0.0676, 0.0647, 0.0301, 0.0575], [0.6335, 0.0598, 0.0382, 0.0687, 0.0666, 0.0629, 0.0703], [0.6896, 0.0818, 0.0685, 0.0733, 0.0224, 0.0173, 0.0471], [0.7538, 0.0329, 0.06, 0.0454, 0.0389, 0.0284, 0.0406], [0.7115, 0.0763, 0.0491, 0.0442, 0.0333, 0.0132, 0.0723], [0.6294, 0.0604, 0.0671, 0.0511, 0.0757, 0.0827, 0.0336], [0.7518, 0.0324, 0.022, 0.0498, 0.0215, 0.0318, 0.0906], [0.6822, 0.0256, 0.0331, 0.0654, 0.0705, 0.0885, 0.0347], [0.8126, 0.0282, 0.0246, 0.0471, 0.0305, 0.0196, 0.0373], [0.6645, 0.0663, 0.0619, 0.0498, 0.0905, 0.0186, 0.0484], [0.6555, 0.058, 0.0375, 0.0718, 0.0413, 0.0711, 0.0648], [0.717, 0.0641, 0.0378, 0.0648, 0.0537, 0.0232, 0.0394], [0.6662, 0.0578, 0.0218, 0.0764, 0.0692, 0.0358, 0.0727], [0.7159, 0.0166, 0.0665, 0.0428, 0.0369, 0.0839, 0.0375]], "emotions": ["red", "red", "red", "red", "red", "red", "red", "red", "red", "red", "red", "red", "red", "red", "red", "red", "red", "red", "red", "red", "red", "red", "red", "red", "red", "red", "red", "red", "red", "red", "red", "red", "red", "red", "red", "red", "red", "red", "red", "red", "red", "red", "red", "red", "red", "red", "red", "red", "red", "red", "red", "red", "red", "red", "red", "red", "red", "red", "red", "red", "red", "red", "red", "red", "red", "red", "red", "red", "red", "red", "red", "red", "red", "red", "red", "red", "red", "red", "red", "red"], "timestamps": [0, 40, 80, 120, 160, 200, 240, 280, 320, 360, 400, 440, 480, 520, 560, 600, 640, 680, 720, 760, 800, 840, 880, 920, 960, 1000, 1040, 1080, 1120, 1160, 1200, 1240, 1280, 1320, 1360, 1400, 1440, 1480, 1520, 1560, 1600, 1640, 1680, 1720, 1760, 1800, 1840, 1880, 1920, 1960, 2000, 2040, 2080, 2120, 2160, 2200, 2240, 2280, 2320, 2360, 2400, 2440, 2480, 2520, 2560, 2600, 2640, 2680, 2720, 2760, 2800, 2840, 2880, 2920, 2960, 3000, 3040, 3080, 3120, 3160]}], "conversation": [], "conversation_timestamps": []}