{"agent_id": "agent-red-551", "type": "red", "trips": [{"trip_id": 0, "transport_method": "car", "start_time": 0, "path": [[1.5343168, 42.5130657], [1.5347129, 42.5130035], [1.5351056, 42.512838], [1.5355196, 42.5127423], [1.5359279, 42.5126461], [1.5363035, 42.5124562], [1.5366943, 42.512285], [1.537022, 42.5120152], [1.5373937, 42.5118241], [1.5377927, 42.5116767], [1.5381719, 42.5114845], [1.5385022, 42.5112423], [1.5388086, 42.5109456], [1.5391084, 42.5106461], [1.5391525, 42.5102459], [1.5395296, 42.5100687], [1.5399169, 42.5098903], [1.5402476, 42.5096289], [1.5406478, 42.5094813], [1.5409799, 42.5092438], [1.5413948, 42.5091484], [1.5417765, 42.5089987], [1.5421611, 42.5088897], [1.5420068, 42.5088893], [1.5422492, 42.5088982], [1.5426754, 42.5089175], [1.5430986, 42.508967], [1.5435186, 42.5090403], [1.5439128, 42.5091959], [1.5443223, 42.5093008], [1.5447485, 42.5093187], [1.5451742, 42.5093464], [1.5455839, 42.5094454], [1.5459793, 42.5096055], [1.5459218, 42.5095949], [1.5455296, 42.509427], [1.5456122, 42.5094689], [1.5460005, 42.5096457], [1.5463687, 42.509853], [1.5462362, 42.5101546], [1.5463341, 42.5105097], [1.5465483, 42.5108757], [1.5468986, 42.5111059], [1.5473087, 42.5112229], [1.5477205, 42.5113342], [1.5481352, 42.511434], [1.5485507, 42.511531], [1.5489651, 42.511632], [1.5493784, 42.5117377], [1.5497602, 42.5118631], [1.5496566, 42.5118308], [1.550052, 42.511991], [1.5503999, 42.5121337], [1.550011, 42.5119633], [1.5502633, 42.5120902], [1.5506504, 42.5122695], [1.5509787, 42.5125388], [1.5513048, 42.5128137], [1.5516122, 42.5130758], [1.5512648, 42.5128308], [1.5509639, 42.5125285], [1.5512764, 42.5127639], [1.5516155, 42.5130228], [1.5519708, 42.5132543], [1.5523477, 42.5134523], [1.5526337, 42.5137292], [1.5524534, 42.5135557], [1.5527009, 42.5138965], [1.5527125, 42.51432], [1.5527251, 42.5147434], [1.5528964, 42.5151289], [1.5531549, 42.5154678], [1.553362, 42.515839], [1.5534759, 42.5162498], [1.5536217, 42.51665], [1.5538489, 42.51701], [1.5541093, 42.517347], [1.5544354, 42.517621], [1.5548008, 42.5178372], [1.5551522, 42.518068]], "mood_vectors": [[0.7237, 0.0446, 0.0711, 0.0577, 0.0109, 0.0437, 0.0482], [0.6602, 0.0816, 0.038, 0.0805, 0.0432, 0.0515, 0.045], [0.7307, 0.0586, 0.0418, 0.0505, 0.069, 0.0168, 0.0324], [0.6073, 0.0208, 0.0821, 0.0832, 0.0873, 0.0437, 0.0756], [0.7408, 0.0197, 0.0517, 0.0423, 0.0662, 0.0204, 0.0589], [0.7459, 0.0405, 0.0184, 0.0642, 0.0466, 0.0207, 0.0638], [0.7902, 0.0971, 0.0262, 0.0153, 0.0378, 0.016, 0.0173], [0.6402, 0.0226, 0.0684, 0.0729, 0.044, 0.0772, 0.0747], [0.6827, 0.0451, 0.0152, 0.065, 0.0722, 0.0472, 0.0726], [0.6217, 0.0967, 0.0453, 0.0448, 0.0782, 0.0284, 0.0849], [0.7195, 0.0236, 0.0317, 0.0439, 0.052, 0.0702, 0.0591], [0.7031, 0.0804, 0.061, 0.0504, 0.0134, 0.0538, 0.0379], [0.7031, 0.0535, 0.0478, 0.0382, 0.031, 0.0605, 0.0659], [0.6995, 0.0256, 0.0779, 0.0736, 0.043, 0.0148, 0.0657], [0.6515, 0.0682, 0.0607, 0.0769, 0.0419, 0.0704, 0.0305], [0.6752, 0.0802, 0.0556, 0.0454, 0.0401, 0.0505, 0.0529], [0.655, 0.053, 0.0752, 0.0752, 0.0353, 0.0684, 0.0379], [0.6548, 0.0698, 0.0209, 0.03, 0.0965, 0.0875, 0.0404], [0.6495, 0.0739, 0.0793, 0.0574, 0.017, 0.062, 0.061], [0.7099, 0.0288, 0.0421, 0.0693, 0.0663, 0.0632, 0.0204], [0.6459, 0.0694, 0.0364, 0.0789, 0.036, 0.0813, 0.0522], [0.7343, 0.0341, 0.0152, 0.079, 0.0171, 0.0411, 0.0791], [0.7205, 0.084, 0.0588, 0.0219, 0.0185, 0.0744, 0.0219], [0.7613, 0.0216, 0.058, 0.0257, 0.0228, 0.0344, 0.0762], [0.7234, 0.0156, 0.078, 0.0303, 0.0152, 0.0548, 0.0827], [0.7111, 0.0202, 0.063, 0.0133, 0.0774, 0.0732, 0.0417], [0.7106, 0.0539, 0.0746, 0.0377, 0.0479, 0.0541, 0.0212], [0.6448, 0.0227, 0.0862, 0.0432, 0.0801, 0.0343, 0.0887], [0.8173, 0.041, 0.0201, 0.0677, 0.015, 0.025, 0.014], [0.6094, 0.0677, 0.071, 0.0673, 0.0662, 0.0269, 0.0914], [0.6784, 0.0702, 0.0612, 0.0453, 0.0318, 0.0549, 0.0582], [0.7153, 0.0758, 0.0751, 0.0157, 0.046, 0.0435, 0.0286], [0.6076, 0.0824, 0.0689, 0.0445, 0.0513, 0.0469, 0.0985], [0.6705, 0.0829, 0.0366, 0.1016, 0.0162, 0.039, 0.0532], [0.7655, 0.0444, 0.0244, 0.0241, 0.044, 0.0299, 0.0677], [0.6953, 0.0433, 0.022, 0.0155, 0.0788, 0.0802, 0.0649], [0.6493, 0.0748, 0.0708, 0.0292, 0.0398, 0.063, 0.0731], [0.7455, 0.0627, 0.0739, 0.0246, 0.0581, 0.0231, 0.0121], [0.6756, 0.034, 0.0627, 0.0647, 0.0393, 0.0657, 0.0579], [0.7576, 0.0333, 0.0362, 0.0304, 0.0769, 0.0316, 0.034], [0.5682, 0.0743, 0.0829, 0.0781, 0.0819, 0.0342, 0.0803], [0.7523, 0.0175, 0.062, 0.0176, 0.0393, 0.0546, 0.0567], [0.7823, 0.0631, 0.031, 0.0126, 0.0476, 0.0354, 0.028], [0.7804, 0.0449, 0.0221, 0.0126, 0.03, 0.0492, 0.0608], [0.6943, 0.0524, 0.0359, 0.0931, 0.0221, 0.0625, 0.0396], [0.6339, 0.0717, 0.0432, 0.0682, 0.0724, 0.0591, 0.0515], [0.6891, 0.0526, 0.0308, 0.0656, 0.0534, 0.0407, 0.0677], [0.7742, 0.023, 0.0716, 0.0272, 0.0499, 0.0125, 0.0417], [0.729, 0.0727, 0.0226, 0.0684, 0.046, 0.0153, 0.046], [0.7095, 0.0708, 0.0259, 0.0483, 0.0754, 0.0404, 0.0297], [0.6706, 0.072, 0.0671, 0.0726, 0.0463, 0.0514, 0.02], [0.6866, 0.0636, 0.0136, 0.0816, 0.0303, 0.0649, 0.0594], [0.7214, 0.0588, 0.0517, 0.0271, 0.05, 0.0496, 0.0415], [0.6255, 0.056, 0.0599, 0.0492, 0.0788, 0.0912, 0.0393], [0.7345, 0.0507, 0.0696, 0.0377, 0.0182, 0.0443, 0.0449], [0.7584, 0.0215, 0.0495, 0.0655, 0.0209, 0.0392, 0.0451], [0.7503, 0.0299, 0.0302, 0.0319, 0.0738, 0.0706, 0.0133], [0.6731, 0.0605, 0.0424, 0.0451, 0.0654, 0.0399, 0.0737], [0.7188, 0.0266, 0.0295, 0.0355, 0.0558, 0.0601, 0.0737], [0.6388, 0.086, 0.067, 0.063, 0.0426, 0.0539, 0.0488], [0.7785, 0.0537, 0.0421, 0.0238, 0.0212, 0.0246, 0.056], [0.761, 0.0192, 0.0708, 0.0476, 0.0506, 0.0323, 0.0185], [0.6421, 0.0366, 0.0776, 0.0777, 0.0626, 0.0337, 0.0698], [0.7225, 0.0341, 0.0375, 0.0564, 0.0688, 0.0253, 0.0555], [0.6587, 0.0563, 0.0459, 0.0559, 0.0912, 0.0563, 0.0356], [0.777, 0.0261, 0.0715, 0.036, 0.0559, 0.0205, 0.0129], [0.697, 0.063, 0.0186, 0.0563, 0.0323, 0.0729, 0.0599], [0.7186, 0.0124, 0.0143, 0.0313, 0.0731, 0.0713, 0.079], [0.6621, 0.0497, 0.0673, 0.0788, 0.0449, 0.0682, 0.029], [0.633, 0.0804, 0.0641, 0.0292, 0.0706, 0.0716, 0.0512], [0.6782, 0.0296, 0.028, 0.0779, 0.0755, 0.0218, 0.0889], [0.7633, 0.0523, 0.0428, 0.0197, 0.0297, 0.0272, 0.0652], [0.7014, 0.092, 0.0747, 0.0333, 0.0189, 0.0332, 0.0464], [0.6216, 0.0967, 0.0265, 0.07, 0.0349, 0.0489, 0.1015], [0.694, 0.0319, 0.0339, 0.0656, 0.0616, 0.0653, 0.0476], [0.7344, 0.0385, 0.0231, 0.0696, 0.0674, 0.0243, 0.0426], [0.8276, 0.0354, 0.0323, 0.0363, 0.0175, 0.0273, 0.0236], [0.662, 0.0912, 0.0842, 0.0236, 0.0636, 0.0291, 0.0463], [0.6186, 0.0327, 0.0849, 0.0806, 0.0687, 0.0595, 0.055], [0.7095, 0.0251, 0.0932, 0.0636, 0.0369, 0.0445, 0.0272]], "emotions": ["red", "red", "red", "red", "red", "red", "red", "red", "red", "red", "red", "red", "red", "red", "red", "red", "red", "red", "red", "red", "red", "red", "red", "red", "red", "red", "red", "red", "red", "red", "red", "red", "red", "red", "red", "red", "red", "red", "red", "red", "red", "red", "red", "red", "red", "red", "red", "red", "red", "red", "red", "red", "red", "red", "red", "red", "red", "red", "red", "red", "red", "red", "red", "red", "red", "red", "red", "red", "red", "red", "red", "red", "red", "red", "red", "red", "red", "red", "red", "red"], "timestamps": [0, 40, 80, 120, 160, 200, 240, 280, 320, 360, 400, 440, 480, 520, 560, 600, 640, 680, 720, 760, 800, 840, 880, 920, 960, 1000, 1040, 1080, 1120, 1160, 1200, 1240, 1280, 1320, 1360, 1400, 1440, 1480, 1520, 1560, 1600, 1640, 1680, 1720, 1760, 1800, 1840, 1880, 1920, 1960, 2000, 2040, 2080, 2120, 2160, 2200, 2240, 2280, 2320, 2360, 2400, 2440, 2480, 2520, 2560, 2600, 2640, 2680, 2720, 2760, 2800, 2840, 2880, 2920, 2960, 3000, 3040, 3080, 3120, 3160]}], "conversation": [], "conversation_timestamps": []}