{"agent_id": "agent-red-221", "type": "red", "trips": [{"trip_id": 0, "transport_method": "car", "start_time": 0, "path": [[1.5214435, 42.5030437], [1.5213824, 42.5036202], [1.5216534, 42.5044544], [1.5220851, 42.5051259], [1.5218356, 42.506067], [1.5219534, 42.5068015], [1.5224987, 42.5073569], [1.5232977, 42.5077889], [1.5242857, 42.5077824], [1.5252472, 42.5080236], [1.526113, 42.5084032], [1.5270943, 42.508521], [1.5279938, 42.5088887], [1.5287078, 42.5095759], [1.5294247, 42.5102341], [1.529556, 42.5110233], [1.5302854, 42.5116146], [1.5309919, 42.5122031], [1.5304641, 42.5130307], [1.5303361, 42.5139806], [1.5298767, 42.514725], [1.5291898, 42.5154135], [1.5284472, 42.5160415], [1.5275877, 42.5165378], [1.5267282, 42.5170342], [1.5266789, 42.5170727], [1.5275206, 42.5165919], [1.5284347, 42.516222], [1.5286419, 42.5159488], [1.5278096, 42.5164896], [1.5269774, 42.5170304], [1.5261451, 42.5175712], [1.5253129, 42.5181121], [1.5247941, 42.5185012], [1.5255415, 42.517851], [1.5262448, 42.5173362], [1.5254374, 42.5179136], [1.52463, 42.5184909], [1.523926, 42.5191243], [1.5237847, 42.5201061], [1.5233881, 42.5210148], [1.5227141, 42.5217212], [1.5219813, 42.5223725], [1.5216025, 42.5232838], [1.5209785, 42.5240544], [1.520623, 42.5249626], [1.520589, 42.5259545], [1.52016, 42.5268248], [1.5200997, 42.527723], [1.5206164, 42.5285606], [1.5204633, 42.5295051], [1.5197268, 42.5301181], [1.5198015, 42.5310151], [1.5195681, 42.5319406], [1.5197388, 42.532905], [1.5194835, 42.5338489], [1.5200812, 42.5346165], [1.5208091, 42.5352906], [1.5211048, 42.5359517], [1.520382, 42.5366051], [1.5199301, 42.5374837], [1.5195603, 42.5384036], [1.5193696, 42.5393715], [1.5193509, 42.5403186], [1.5191421, 42.5411913], [1.5182659, 42.5416208], [1.5185173, 42.5415224], [1.5188788, 42.5413443], [1.5179817, 42.5417691], [1.5173625, 42.5425162], [1.5168403, 42.5433437], [1.5161111, 42.5440113], [1.5154427, 42.5447347], [1.5149329, 42.5455597], [1.5142968, 42.5461761], [1.5136931, 42.5469454], [1.5133754, 42.5478438], [1.5140435, 42.5479331], [1.5138792, 42.548527], [1.5142472, 42.5485743]], "mood_vectors": [[0.6565, 0.0707, 0.0279, 0.063, 0.059, 0.0719, 0.051], [0.6745, 0.0941, 0.0306, 0.053, 0.0238, 0.0549, 0.0691], [0.6745, 0.0245, 0.0556, 0.0704, 0.0529, 0.042, 0.08], [0.7431, 0.0513, 0.0173, 0.0466, 0.0455, 0.0667, 0.0295], [0.7352, 0.0523, 0.0441, 0.0819, 0.0122, 0.0193, 0.055], [0.6506, 0.0726, 0.0743, 0.0824, 0.0545, 0.0502, 0.0155], [0.7185, 0.0307, 0.0438, 0.0401, 0.0535, 0.0378, 0.0757], [0.7288, 0.0278, 0.05, 0.0634, 0.0371, 0.0594, 0.0334], [0.6962, 0.0403, 0.0662, 0.0579, 0.0221, 0.0618, 0.0555], [0.7124, 0.0356, 0.0619, 0.0392, 0.0598, 0.0425, 0.0486], [0.6801, 0.0884, 0.058, 0.0244, 0.0158, 0.0922, 0.0411], [0.6802, 0.0662, 0.0659, 0.0238, 0.0467, 0.0691, 0.0481], [0.733, 0.0941, 0.0357, 0.0496, 0.0235, 0.049, 0.0152], [0.6718, 0.0601, 0.0296, 0.0669, 0.0799, 0.0632, 0.0285], [0.7391, 0.0282, 0.0428, 0.0333, 0.0203, 0.0619, 0.0743], [0.7474, 0.0257, 0.032, 0.0228, 0.0403, 0.0639, 0.068], [0.7589, 0.0667, 0.0432, 0.0259, 0.0674, 0.0123, 0.0256], [0.7217, 0.0739, 0.0706, 0.0428, 0.0214, 0.0238, 0.0459], [0.7574, 0.0405, 0.0274, 0.0529, 0.0402, 0.0384, 0.0432], [0.6574, 0.0707, 0.0626, 0.0131, 0.0471, 0.0735, 0.0756], [0.6849, 0.0508, 0.0508, 0.0617, 0.056, 0.052, 0.0439], [0.6622, 0.0732, 0.075, 0.0432, 0.0512, 0.0291, 0.066], [0.7127, 0.0898, 0.0248, 0.0326, 0.0906, 0.018, 0.0315], [0.6248, 0.0736, 0.0832, 0.0139, 0.084, 0.0293, 0.0913], [0.6469, 0.0727, 0.0727, 0.0147, 0.0629, 0.0533, 0.0767], [0.7249, 0.0466, 0.06, 0.0342, 0.0434, 0.0158, 0.0751], [0.7101, 0.0413, 0.0767, 0.0258, 0.0288, 0.0749, 0.0423], [0.7118, 0.0505, 0.0189, 0.0533, 0.0343, 0.0405, 0.0907], [0.6134, 0.0948, 0.0395, 0.096, 0.0351, 0.0482, 0.073], [0.7685, 0.0385, 0.0522, 0.052, 0.0303, 0.0156, 0.0429], [0.7136, 0.0545, 0.0129, 0.0679, 0.0293, 0.0569, 0.0648], [0.6489, 0.0468, 0.058, 0.0664, 0.0176, 0.0896, 0.0727], [0.6881, 0.0684, 0.06, 0.0416, 0.0405, 0.0555, 0.0459], [0.7186, 0.0242, 0.0446, 0.0508, 0.0174, 0.063, 0.0814], [0.6775, 0.0723, 0.0631, 0.0426, 0.0553, 0.0546, 0.0346], [0.6663, 0.0772, 0.0481, 0.0692, 0.0814, 0.02, 0.0378], [0.7785, 0.0727, 0.0469, 0.0338, 0.0333, 0.014, 0.0209], [0.7433, 0.0268, 0.057, 0.0477, 0.0331, 0.0769, 0.0153], [0.7051, 0.0754, 0.0435, 0.0954, 0.0289, 0.0283, 0.0233], [0.6625, 0.0263, 0.0855, 0.039, 0.0907, 0.0599, 0.0362], [0.7177, 0.0133, 0.0811, 0.0619, 0.0257, 0.0806, 0.0197], [0.709, 0.0474, 0.0522, 0.0695, 0.0245, 0.0606, 0.037], [0.667, 0.0714, 0.0659, 0.0661, 0.0468, 0.0539, 0.0289], [0.7033, 0.0162, 0.05, 0.0455, 0.0786, 0.0767, 0.0297], [0.7299, 0.0174, 0.0279, 0.0477, 0.0396, 0.075, 0.0625], [0.7262, 0.055, 0.0702, 0.0117, 0.0175, 0.0487, 0.0708], [0.726, 0.0705, 0.024, 0.0226, 0.076, 0.0398, 0.0412], [0.7089, 0.0558, 0.036, 0.0459, 0.0362, 0.062, 0.0552], [0.7765, 0.0869, 0.014, 0.0274, 0.0371, 0.0159, 0.0423], [0.6882, 0.0407, 0.0622, 0.0504, 0.062, 0.0702, 0.0262], [0.7618, 0.0313, 0.0379, 0.0606, 0.0307, 0.0367, 0.041], [0.6297, 0.0864, 0.0156, 0.0536, 0.0883, 0.0621, 0.0644], [0.6621, 0.0367, 0.0709, 0.0577, 0.0246, 0.0748, 0.0731], [0.6753, 0.0791, 0.0635, 0.0621, 0.0232, 0.0633, 0.0335], [0.7131, 0.0526, 0.0646, 0.0317, 0.0294, 0.0592, 0.0495], [0.778, 0.0661, 0.0304, 0.0229, 0.0314, 0.0346, 0.0366], [0.6594, 0.016, 0.0848, 0.0676, 0.0439, 0.0731, 0.0553], [0.6724, 0.0306, 0.0415, 0.0247, 0.0814, 0.0657, 0.0838], [0.6445, 0.0783, 0.0221, 0.062, 0.0876, 0.039, 0.0665], [0.7058, 0.0369, 0.0437, 0.0735, 0.0329, 0.0697, 0.0375], [0.741, 0.0279, 0.0774, 0.0638, 0.0416, 0.025, 0.0233], [0.7018, 0.0692, 0.0596, 0.05, 0.0509, 0.0511, 0.0174], [0.6766, 0.0421, 0.0646, 0.0376, 0.0427, 0.0661, 0.0702], [0.669, 0.0696, 0.0463, 0.0545, 0.0633, 0.0542, 0.043], [0.6995, 0.0225, 0.0539, 0.0719, 0.0175, 0.0711, 0.0637], [0.6426, 0.0385, 0.0723, 0.0523, 0.0694, 0.0566, 0.0683], [0.6664, 0.0262, 0.0587, 0.0809, 0.0463, 0.0688, 0.0526], [0.6863, 0.0245, 0.0836, 0.0483, 0.0403, 0.0645, 0.0525], [0.7156, 0.0389, 0.0241, 0.0758, 0.0472, 0.0442, 0.0542], [0.686, 0.0807, 0.0248, 0.0929, 0.0419, 0.0251, 0.0486], [0.7171, 0.0532, 0.0204, 0.0591, 0.0671, 0.0263, 0.0568], [0.7519, 0.0722, 0.0307, 0.0268, 0.0209, 0.0371, 0.0603], [0.7322, 0.0723, 0.0313, 0.0206, 0.0506, 0.0739, 0.0192], [0.6243, 0.0778, 0.0511, 0.0654, 0.0688, 0.0575, 0.0552], [0.6397, 0.0673, 0.0547, 0.0701, 0.0394, 0.0589, 0.0698], [0.6887, 0.0325, 0.049, 0.0642, 0.0429, 0.0634, 0.0595], [0.7272, 0.0302, 0.0699, 0.0304, 0.0427, 0.0346, 0.0651], [0.6673, 0.0146, 0.0628, 0.025, 0.0889, 0.0779, 0.0635], [0.7656, 0.0409, 0.0591, 0.0312, 0.0147, 0.0138, 0.0746], [0.6536, 0.0236, 0.0324, 0.0843, 0.0924, 0.0918, 0.0218]], "emotions": ["red", "red", "red", "red", "red", "red", "red", "red", "red", "red", "red", "red", "red", "red", "red", "red", "red", "red", "red", "red", "red", "red", "red", "red", "red", "red", "red", "red", "red", "red", "red", "red", "red", "red", "red", "red", "red", "red", "red", "red", "red", "red", "red", "red", "red", "red", "red", "red", "red", "red", "red", "red", "red", "red", "red", "red", "red", "red", "red", "red", "red", "red", "red", "red", "red", "red", "red", "red", "red", "red", "red", "red", "red", "red", "red", "red", "red", "red", "red", "red"], "timestamps": [0, 40, 80, 120, 160, 200, 240, 280, 320, 360, 400, 440, 480, 520, 560, 600, 640, 680, 720, 760, 800, 840, 880, 920, 960, 1000, 1040, 1080, 1120, 1160, 1200, 1240, 1280, 1320, 1360, 1400, 1440, 1480, 1520, 1560, 1600, 1640, 1680, 1720, 1760, 1800, 1840, 1880, 1920, 1960, 2000, 2040, 2080, 2120, 2160, 2200, 2240, 2280, 2320, 2360, 2400, 2440, 2480, 2520, 2560, 2600, 2640, 2680, 2720, 2760, 2800, 2840, 2880, 2920, 2960, 3000, 3040, 3080, 3120, 3160]}], "conversation": [], "conversation_timestamps": []}