{"agent_id": "agent-orange-1683", "type": "orange", "trips": [{"trip_id": 0, "transport_method": "foot", "start_time": 0, "path": [[1.5185658, 42.5450898], [1.5186907, 42.5451173], [1.5188156, 42.5451448], [1.5189405, 42.5451723], [1.5190654, 42.5451999], [1.5191911, 42.5452231], [1.5193175, 42.545242], [1.519444, 42.5452609], [1.5195687, 42.5452863], [1.5196862, 42.5453367], [1.5198038, 42.545387], [1.519923, 42.545433], [1.5200455, 42.5454696], [1.5201599, 42.545525], [1.5202705, 42.5455892], [1.5203724, 42.5456661], [1.5203641, 42.5456823], [1.5202462, 42.5456326], [1.5201284, 42.5455829], [1.5200106, 42.5455332], [1.5198927, 42.5454835], [1.5197749, 42.5454338], [1.519657, 42.5453841], [1.5195392, 42.5453344], [1.5194213, 42.5452847], [1.5193035, 42.545235], [1.5191857, 42.5451853], [1.5190678, 42.5451356], [1.51895, 42.5450859], [1.5188321, 42.5450362], [1.5187143, 42.5449865], [1.5185964, 42.5449368], [1.5184786, 42.5448871], [1.5183608, 42.5448374], [1.5182451, 42.5447835], [1.5181838, 42.5446964], [1.5182156, 42.5445725], [1.5181713, 42.5444739], [1.5181499, 42.5443645], [1.5181682, 42.544238], [1.5181801, 42.5441107], [1.518192, 42.5439833], [1.5182252, 42.54386], [1.5182779, 42.5437438], [1.5183551, 42.5436447], [1.5184508, 42.5435598], [1.5185467, 42.5434752], [1.5186413, 42.5433892], [1.5187338, 42.5433028], [1.5188059, 42.5431971], [1.5188473, 42.5430789], [1.5188685, 42.5429528], [1.5188863, 42.5428262], [1.5188844, 42.5427007], [1.5188518, 42.5426779], [1.5187919, 42.5426729], [1.5187145, 42.5427727], [1.5186444, 42.5426955], [1.5186503, 42.5425697], [1.5187052, 42.5424553], [1.5187865, 42.5423571], [1.5188806, 42.542271], [1.5189875, 42.542201], [1.5190969, 42.5421358], [1.5192121, 42.5420801], [1.5193268, 42.5420236], [1.5194411, 42.5419662], [1.519554, 42.5419061], [1.5196587, 42.5418327], [1.5197633, 42.5417591], [1.5198665, 42.5416835], [1.5199583, 42.5415947], [1.5200439, 42.5414999], [1.5201246, 42.5414009], [1.5202165, 42.5413122], [1.5203134, 42.5412286], [1.5204099, 42.5411447], [1.5205063, 42.5410607], [1.5205393, 42.5409708], [1.5204334, 42.5408992]], "mood_vectors": [[0.0164, 0.0447, 0.0688, 0.0303, 0.7418, 0.0486, 0.0494], [0.0676, 0.0179, 0.098, 0.0528, 0.6477, 0.0639, 0.0521], [0.0167, 0.0861, 0.0488, 0.0339, 0.7254, 0.0177, 0.0713], [0.0815, 0.0456, 0.0861, 0.0255, 0.6748, 0.0392, 0.0472], [0.0819, 0.0327, 0.0885, 0.0778, 0.61, 0.0382, 0.0709], [0.033, 0.0465, 0.0712, 0.0264, 0.7473, 0.0271, 0.0484], [0.0517, 0.0551, 0.0689, 0.0385, 0.6532, 0.0628, 0.0698], [0.0574, 0.0396, 0.0632, 0.0142, 0.7941, 0.0171, 0.0145], [0.0778, 0.0688, 0.0535, 0.0707, 0.6559, 0.0397, 0.0336], [0.0987, 0.0184, 0.0677, 0.0886, 0.6738, 0.0334, 0.0194], [0.0272, 0.0534, 0.038, 0.0665, 0.67, 0.081, 0.0639], [0.0797, 0.0274, 0.0169, 0.0346, 0.7904, 0.0174, 0.0336], [0.0595, 0.0597, 0.046, 0.0152, 0.7478, 0.0205, 0.0512], [0.058, 0.0746, 0.0683, 0.0291, 0.6594, 0.0346, 0.076], [0.0173, 0.0817, 0.0466, 0.0193, 0.7839, 0.0228, 0.0284], [0.071, 0.0624, 0.0194, 0.0543, 0.691, 0.0664, 0.0356], [0.0673, 0.0124, 0.0119, 0.0156, 0.784, 0.0726, 0.0362], [0.051, 0.0734, 0.0618, 0.0325, 0.6425, 0.068, 0.0708], [0.0275, 0.0645, 0.0359, 0.0283, 0.7578, 0.0302, 0.0559], [0.0583, 0.0853, 0.0355, 0.0789, 0.6868, 0.014, 0.0412], [0.0448, 0.0551, 0.0229, 0.0782, 0.6849, 0.0316, 0.0826], [0.0195, 0.0472, 0.0367, 0.0583, 0.7522, 0.0504, 0.0358], [0.0456, 0.0899, 0.0686, 0.0564, 0.6774, 0.0473, 0.0149], [0.0677, 0.0372, 0.0546, 0.0358, 0.7079, 0.0708, 0.026], [0.0503, 0.0787, 0.0194, 0.0495, 0.6313, 0.0827, 0.0882], [0.0603, 0.0119, 0.054, 0.0531, 0.749, 0.0379, 0.0339], [0.0414, 0.0394, 0.0657, 0.0364, 0.7354, 0.0682, 0.0135], [0.0784, 0.084, 0.0222, 0.0687, 0.6407, 0.0346, 0.0713], [0.0695, 0.035, 0.0195, 0.0238, 0.7966, 0.0362, 0.0193], [0.0169, 0.0424, 0.0241, 0.0766, 0.7514, 0.0339, 0.0546], [0.0215, 0.068, 0.0367, 0.082, 0.7207, 0.052, 0.0191], [0.034, 0.0731, 0.0772, 0.0607, 0.6917, 0.0439, 0.0194], [0.0398, 0.0521, 0.0182, 0.0577, 0.7734, 0.0175, 0.0413], [0.0503, 0.0153, 0.0389, 0.0329, 0.8019, 0.0443, 0.0165], [0.058, 0.0209, 0.0597, 0.0407, 0.705, 0.0977, 0.018], [0.0314, 0.0318, 0.0486, 0.0759, 0.6838, 0.0555, 0.073], [0.0923, 0.0146, 0.0329, 0.0339, 0.7172, 0.043, 0.066], [0.0223, 0.0522, 0.043, 0.1007, 0.6958, 0.0274, 0.0586], [0.0419, 0.0242, 0.0729, 0.0702, 0.6946, 0.0302, 0.0658], [0.0312, 0.0901, 0.0753, 0.0203, 0.6868, 0.0664, 0.0298], [0.0151, 0.0837, 0.0768, 0.0852, 0.6891, 0.0221, 0.0279], [0.0622, 0.0349, 0.0643, 0.0158, 0.7036, 0.0595, 0.0597], [0.0345, 0.0189, 0.029, 0.0586, 0.7221, 0.0554, 0.0814], [0.0624, 0.1024, 0.0308, 0.0306, 0.6802, 0.0605, 0.033], [0.0721, 0.0345, 0.054, 0.0192, 0.7106, 0.0625, 0.0471], [0.0483, 0.0778, 0.0281, 0.0162, 0.7527, 0.0193, 0.0575], [0.0419, 0.085, 0.0463, 0.0177, 0.7252, 0.0204, 0.0635], [0.0772, 0.0118, 0.038, 0.0489, 0.7087, 0.043, 0.0725], [0.0363, 0.0601, 0.0639, 0.0284, 0.6974, 0.0445, 0.0694], [0.0964, 0.0312, 0.0471, 0.0611, 0.6333, 0.0353, 0.0957], [0.0528, 0.0342, 0.0704, 0.069, 0.6976, 0.0646, 0.0115], [0.0229, 0.0497, 0.0728, 0.0664, 0.6837, 0.0512, 0.0533], [0.0245, 0.0682, 0.0188, 0.0296, 0.7834, 0.0258, 0.0498], [0.0809, 0.0631, 0.0759, 0.0234, 0.6653, 0.0438, 0.0477], [0.0194, 0.0476, 0.062, 0.0433, 0.6891, 0.0724, 0.0663], [0.045, 0.0335, 0.014, 0.0655, 0.7656, 0.0163, 0.0601], [0.0233, 0.0517, 0.0163, 0.0659, 0.701, 0.0699, 0.0719], [0.0755, 0.0676, 0.0189, 0.0762, 0.6373, 0.0595, 0.065], [0.0521, 0.0558, 0.0831, 0.0436, 0.6396, 0.0516, 0.0741], [0.0419, 0.0671, 0.0505, 0.0434, 0.6878, 0.0676, 0.0417], [0.0696, 0.0881, 0.0368, 0.0152, 0.7105, 0.0487, 0.0311], [0.0924, 0.0823, 0.0681, 0.0909, 0.5809, 0.0403, 0.0451], [0.0344, 0.0488, 0.0151, 0.0608, 0.721, 0.0409, 0.079], [0.0281, 0.0163, 0.0868, 0.0813, 0.7156, 0.0442, 0.0278], [0.0731, 0.0617, 0.0272, 0.0279, 0.6984, 0.0841, 0.0276], [0.0207, 0.0631, 0.0486, 0.0226, 0.7322, 0.0742, 0.0385], [0.0331, 0.0688, 0.0454, 0.0694, 0.677, 0.0433, 0.063], [0.0716, 0.0135, 0.0323, 0.0457, 0.7422, 0.0642, 0.0305], [0.0694, 0.0721, 0.0349, 0.0739, 0.6298, 0.0376, 0.0823], [0.0777, 0.0715, 0.0317, 0.0187, 0.7287, 0.0281, 0.0436], [0.055, 0.021, 0.0604, 0.0277, 0.7501, 0.0269, 0.0589], [0.0223, 0.0635, 0.0694, 0.0791, 0.6505, 0.0529, 0.0622], [0.0485, 0.0455, 0.0387, 0.0446, 0.7361, 0.056, 0.0305], [0.0514, 0.0581, 0.031, 0.029, 0.761, 0.0467, 0.0228], [0.0474, 0.0295, 0.0359, 0.0982, 0.7334, 0.0356, 0.02], [0.0744, 0.0466, 0.0906, 0.0437, 0.6375, 0.0422, 0.065], [0.039, 0.0532, 0.0781, 0.0794, 0.6228, 0.0454, 0.0821], [0.0491, 0.0557, 0.0236, 0.0857, 0.7156, 0.0515, 0.0189], [0.0578, 0.0855, 0.0844, 0.0348, 0.6517, 0.055, 0.0308], [0.0749, 0.078, 0.0829, 0.0432, 0.6573, 0.0335, 0.0302]], "emotions": ["red", "red", "red", "red", "red", "red", "red", "red", "red", "red", "red", "red", "red", "red", "red", "red", "red", "red", "red", "red", "red", "red", "red", "red", "red", "red", "red", "red", "red", "red", "red", "red", "red", "red", "red", "red", "red", "red", "red", "red", "red", "red", "red", "red", "red", "red", "red", "red", "red", "red", "red", "red", "red", "red", "red", "red", "red", "red", "red", "red", "red", "red", "red", "red", "red", "red", "red", "red", "red", "red", "red", "red", "red", "red", "red", "red", "red", "red", "red", "red"], "timestamps": [0, 40, 80, 120, 160, 200, 240, 280, 320, 360, 400, 440, 480, 520, 560, 600, 640, 680, 720, 760, 800, 840, 880, 920, 960, 1000, 1040, 1080, 1120, 1160, 1200, 1240, 1280, 1320, 1360, 1400, 1440, 1480, 1520, 1560, 1600, 1640, 1680, 1720, 1760, 1800, 1840, 1880, 1920, 1960, 2000, 2040, 2080, 2120, 2160, 2200, 2240, 2280, 2320, 2360, 2400, 2440, 2480, 2520, 2560, 2600, 2640, 2680, 2720, 2760, 2800, 2840, 2880, 2920, 2960, 3000, 3040, 3080, 3120, 3160]}], "conversation": [], "conversation_timestamps": []}