{"agent_id": "agent-orange-413", "type": "orange", "trips": [{"trip_id": 0, "transport_method": "bicycle", "start_time": 0, "path": [[1.5363231, 42.5086484], [1.5369148, 42.5087292], [1.5375101, 42.5087791], [1.538091, 42.5087138], [1.5386842, 42.5087094], [1.5389204, 42.5087523], [1.5394642, 42.5086736], [1.5400511, 42.5085926], [1.540644, 42.5086662], [1.5412368, 42.5087398], [1.5418214, 42.5088551], [1.5421795, 42.508901], [1.5422471, 42.5088981], [1.5428435, 42.5089289], [1.5434338, 42.5090206], [1.5439919, 42.5092236], [1.5445768, 42.5093115], [1.5451732, 42.5093463], [1.5457248, 42.509178], [1.5462537, 42.5089001], [1.5467825, 42.5086221], [1.5471901, 42.508493], [1.5467833, 42.508924], [1.5462437, 42.5091699], [1.5456794, 42.5092848], [1.5456114, 42.5092271], [1.5461304, 42.5089312], [1.5466494, 42.5086352], [1.5471684, 42.5083393], [1.5476908, 42.5080509], [1.5481719, 42.5076983], [1.5485747, 42.5072788], [1.5490066, 42.5070474], [1.5493248, 42.5065522], [1.5494382, 42.5069575], [1.5493322, 42.5075447], [1.5495027, 42.5078904], [1.5498351, 42.5073967], [1.5501482, 42.5068884], [1.5504652, 42.506382], [1.5505947, 42.5066215], [1.5506344, 42.5072176], [1.5506742, 42.5078137], [1.5507139, 42.5084098], [1.5507537, 42.509006], [1.55033, 42.5086535], [1.5501991, 42.5080966], [1.550417, 42.5075437], [1.5504494, 42.5069477], [1.5505864, 42.5063716], [1.5506071, 42.5066485], [1.5506615, 42.5072435], [1.5507159, 42.5078384], [1.5507703, 42.5084334], [1.5508247, 42.5090284], [1.5511889, 42.5094706], [1.5515821, 42.5098857], [1.5519589, 42.510199], [1.5525265, 42.5103636], [1.5530929, 42.5102115], [1.5534094, 42.5106541], [1.5535586, 42.5112216], [1.553993, 42.5116093], [1.5540676, 42.5120379], [1.5544342, 42.5123304], [1.5548003, 42.5118897], [1.5551071, 42.511544], [1.5555584, 42.5112008], [1.5561019, 42.5113785], [1.5566596, 42.5115311], [1.5571928, 42.5114058], [1.5576682, 42.5117646], [1.5575156, 42.512263], [1.5579868, 42.5124481], [1.5585358, 42.5126829], [1.5590598, 42.5129372], [1.559522, 42.5133154], [1.5600033, 42.5136676], [1.5599937, 42.5133548], [1.559505, 42.5130115]], "mood_vectors": [[0.0346, 0.0485, 0.08, 0.0648, 0.6204, 0.0669, 0.0848], [0.0491, 0.0394, 0.0867, 0.0635, 0.668, 0.0767, 0.0165], [0.0538, 0.0742, 0.0354, 0.0267, 0.7623, 0.0349, 0.0127], [0.0212, 0.0343, 0.0652, 0.0751, 0.7644, 0.0217, 0.0181], [0.0901, 0.0457, 0.0279, 0.0969, 0.6044, 0.0936, 0.0415], [0.0459, 0.0588, 0.0235, 0.0586, 0.7127, 0.051, 0.0496], [0.0492, 0.0652, 0.0427, 0.0209, 0.7092, 0.059, 0.0539], [0.0731, 0.0224, 0.0488, 0.0403, 0.7325, 0.0415, 0.0414], [0.0214, 0.0224, 0.0946, 0.0177, 0.7511, 0.0405, 0.0523], [0.078, 0.051, 0.0136, 0.0803, 0.7364, 0.016, 0.0247], [0.0552, 0.0182, 0.0452, 0.0595, 0.7637, 0.0421, 0.0162], [0.0257, 0.0241, 0.0474, 0.096, 0.6436, 0.0694, 0.0939], [0.0598, 0.0398, 0.051, 0.0138, 0.7386, 0.0238, 0.0732], [0.0279, 0.0746, 0.0662, 0.0432, 0.6906, 0.0396, 0.0579], [0.0798, 0.0419, 0.0637, 0.0529, 0.702, 0.0145, 0.0451], [0.0768, 0.0842, 0.0861, 0.0461, 0.5861, 0.0678, 0.0528], [0.0189, 0.0285, 0.0829, 0.0614, 0.7187, 0.0234, 0.066], [0.0756, 0.0225, 0.021, 0.0793, 0.6884, 0.0355, 0.0777], [0.0924, 0.0716, 0.0385, 0.0188, 0.7006, 0.0555, 0.0227], [0.0616, 0.0141, 0.0746, 0.0895, 0.6528, 0.0703, 0.0371], [0.0616, 0.0357, 0.0371, 0.0926, 0.6048, 0.0956, 0.0728], [0.0512, 0.0313, 0.0407, 0.0279, 0.724, 0.0492, 0.0757], [0.0472, 0.0172, 0.0398, 0.0437, 0.7531, 0.0414, 0.0577], [0.0764, 0.093, 0.0187, 0.0719, 0.6637, 0.0161, 0.0603], [0.0127, 0.072, 0.028, 0.0248, 0.7271, 0.0671, 0.0682], [0.0592, 0.0928, 0.0239, 0.0249, 0.7436, 0.0252, 0.0304], [0.0353, 0.057, 0.0758, 0.0731, 0.6465, 0.0386, 0.0737], [0.0367, 0.0347, 0.0681, 0.056, 0.7473, 0.0201, 0.0372], [0.0635, 0.0663, 0.0733, 0.0164, 0.6692, 0.0728, 0.0385], [0.0551, 0.0339, 0.0828, 0.0131, 0.7491, 0.0219, 0.0442], [0.0677, 0.0587, 0.0264, 0.0737, 0.7347, 0.0146, 0.0243], [0.1012, 0.0488, 0.0692, 0.0535, 0.6506, 0.036, 0.0406], [0.0498, 0.091, 0.0719, 0.0336, 0.6331, 0.0913, 0.0293], [0.04, 0.0317, 0.0581, 0.059, 0.6567, 0.0618, 0.0927], [0.0197, 0.0445, 0.0481, 0.0312, 0.7937, 0.0178, 0.0451], [0.0673, 0.0797, 0.0755, 0.058, 0.5971, 0.0873, 0.0352], [0.0891, 0.0375, 0.0697, 0.0799, 0.6847, 0.0215, 0.0176], [0.0754, 0.0646, 0.0256, 0.0772, 0.645, 0.0615, 0.0506], [0.0888, 0.0162, 0.0769, 0.04, 0.6158, 0.0788, 0.0834], [0.0475, 0.0565, 0.0635, 0.0787, 0.6878, 0.0144, 0.0516], [0.0307, 0.0833, 0.0311, 0.014, 0.7031, 0.0556, 0.0822], [0.0275, 0.0538, 0.0718, 0.0638, 0.6881, 0.0691, 0.0259], [0.0346, 0.0524, 0.0271, 0.0263, 0.7593, 0.0346, 0.0657], [0.0236, 0.0724, 0.0146, 0.0545, 0.7487, 0.0568, 0.0293], [0.0213, 0.0625, 0.0474, 0.0352, 0.7344, 0.0615, 0.0377], [0.0737, 0.0393, 0.0497, 0.0502, 0.7058, 0.0612, 0.0201], [0.0274, 0.022, 0.0252, 0.0321, 0.799, 0.0668, 0.0276], [0.0311, 0.0425, 0.0587, 0.0875, 0.6207, 0.0803, 0.0792], [0.0944, 0.0432, 0.0888, 0.0417, 0.6574, 0.0184, 0.0561], [0.0473, 0.081, 0.0139, 0.0625, 0.7322, 0.0297, 0.0333], [0.0582, 0.0628, 0.019, 0.0647, 0.7228, 0.044, 0.0284], [0.0466, 0.0613, 0.064, 0.071, 0.6675, 0.0624, 0.0272], [0.0677, 0.0483, 0.0478, 0.0642, 0.6917, 0.0236, 0.0568], [0.0731, 0.023, 0.0274, 0.0185, 0.7515, 0.0648, 0.0417], [0.0615, 0.0402, 0.014, 0.0719, 0.6357, 0.0906, 0.0861], [0.0139, 0.0526, 0.0725, 0.0508, 0.7187, 0.0734, 0.0181], [0.0621, 0.0416, 0.0398, 0.0639, 0.7101, 0.0611, 0.0213], [0.0688, 0.0142, 0.0183, 0.056, 0.7031, 0.0563, 0.0833], [0.0539, 0.0273, 0.0254, 0.0604, 0.7245, 0.0707, 0.0378], [0.0462, 0.0524, 0.0573, 0.081, 0.6846, 0.0356, 0.0428], [0.0669, 0.0249, 0.0693, 0.0461, 0.7213, 0.0543, 0.0172], [0.0808, 0.0261, 0.0369, 0.0218, 0.7479, 0.0278, 0.0587], [0.0159, 0.0414, 0.0293, 0.0509, 0.7454, 0.0874, 0.0297], [0.0434, 0.0676, 0.0553, 0.0528, 0.6809, 0.0584, 0.0415], [0.0473, 0.051, 0.0283, 0.0328, 0.7378, 0.0601, 0.0426], [0.0173, 0.0894, 0.0487, 0.0691, 0.6884, 0.0216, 0.0655], [0.0796, 0.0767, 0.0378, 0.0541, 0.6444, 0.0246, 0.0827], [0.0575, 0.0124, 0.0581, 0.05, 0.7258, 0.0378, 0.0583], [0.0285, 0.0242, 0.0616, 0.0438, 0.7443, 0.0594, 0.0382], [0.0652, 0.0763, 0.0422, 0.0661, 0.6609, 0.0598, 0.0293], [0.0454, 0.0639, 0.0782, 0.064, 0.6178, 0.052, 0.0786], [0.0738, 0.0734, 0.0576, 0.0495, 0.7088, 0.0246, 0.0122], [0.0445, 0.0413, 0.0482, 0.0836, 0.6362, 0.0582, 0.088], [0.0744, 0.0651, 0.0273, 0.0698, 0.663, 0.0406, 0.0599], [0.0654, 0.0496, 0.0921, 0.0325, 0.6657, 0.0547, 0.0401], [0.0798, 0.0601, 0.0187, 0.0686, 0.6426, 0.0865, 0.0438], [0.0526, 0.0585, 0.0887, 0.0332, 0.5983, 0.0853, 0.0835], [0.0678, 0.0195, 0.0208, 0.047, 0.7415, 0.049, 0.0544], [0.0637, 0.0519, 0.0243, 0.0158, 0.7043, 0.0682, 0.0719], [0.0907, 0.0289, 0.0362, 0.0308, 0.7487, 0.03, 0.0346]], "emotions": ["red", "red", "red", "red", "red", "red", "red", "red", "red", "red", "red", "red", "red", "red", "red", "red", "red", "red", "red", "red", "red", "red", "red", "red", "red", "red", "red", "red", "red", "red", "red", "red", "red", "red", "red", "red", "red", "red", "red", "red", "red", "red", "red", "red", "red", "red", "red", "red", "red", "red", "red", "red", "red", "red", "red", "red", "red", "red", "red", "red", "red", "red", "red", "red", "red", "red", "red", "red", "red", "red", "red", "red", "red", "red", "red", "red", "red", "red", "red", "red"], "timestamps": [0, 40, 80, 120, 160, 200, 240, 280, 320, 360, 400, 440, 480, 520, 560, 600, 640, 680, 720, 760, 800, 840, 880, 920, 960, 1000, 1040, 1080, 1120, 1160, 1200, 1240, 1280, 1320, 1360, 1400, 1440, 1480, 1520, 1560, 1600, 1640, 1680, 1720, 1760, 1800, 1840, 1880, 1920, 1960, 2000, 2040, 2080, 2120, 2160, 2200, 2240, 2280, 2320, 2360, 2400, 2440, 2480, 2520, 2560, 2600, 2640, 2680, 2720, 2760, 2800, 2840, 2880, 2920, 2960, 3000, 3040, 3080, 3120, 3160]}], "conversation": [], "conversation_timestamps": []}