{"agent_id": "agent-red-1836", "type": "red", "trips": [{"trip_id": 0, "transport_method": "bicycle", "start_time": 0, "path": [[1.5384001, 42.5103712], [1.5371639, 42.5100278], [1.535842, 42.5099328], [1.5345096, 42.5099197], [1.5331993, 42.5097328], [1.5319112, 42.5094269], [1.5307965, 42.5088708], [1.5296374, 42.5085596], [1.528703, 42.5077826], [1.5275857, 42.5072481], [1.5262537, 42.5072008], [1.5249508, 42.5069602], [1.5236616, 42.5067483], [1.5223654, 42.506439], [1.5211017, 42.5060116], [1.5217042, 42.5062346], [1.520525, 42.5058421], [1.5192278, 42.5055292], [1.5181655, 42.5053884], [1.5173181, 42.5053481], [1.5173673, 42.5053185], [1.5160938, 42.5049619], [1.5150865, 42.5040871], [1.5140937, 42.5031953], [1.5132209, 42.5021943], [1.5124513, 42.501109], [1.5116484, 42.5000429], [1.5108198, 42.4989967], [1.5098633, 42.4980936], [1.5086668, 42.4975026], [1.5074459, 42.4969665], [1.5061893, 42.4965169], [1.5049273, 42.4960849], [1.5037292, 42.4955069], [1.5024925, 42.4950134], [1.5012848, 42.4944458], [1.5003105, 42.4936402], [1.4992448, 42.4928397], [1.498065, 42.4922165], [1.4969304, 42.4915153], [1.4962844, 42.4904782], [1.4956831, 42.489341], [1.4948265, 42.4883181], [1.4947407, 42.4870291], [1.494088, 42.485908], [1.4930011, 42.485145], [1.4917977, 42.4847323], [1.4908835, 42.4839052], [1.4902502, 42.4827406], [1.489594, 42.4815814], [1.4894008, 42.4802646], [1.4896275, 42.4789787], [1.4903162, 42.4778363], [1.4905991, 42.476603], [1.490834, 42.4753429], [1.4905442, 42.4740617], [1.4907419, 42.472771], [1.4913716, 42.4715943], [1.4919482, 42.4703938], [1.4919391, 42.469085], [1.4915651, 42.4678072], [1.4921776, 42.4668131], [1.4932607, 42.4661035], [1.4945319, 42.4657506], [1.4952166, 42.4646342], [1.4962819, 42.4646411], [1.4973532, 42.4645485], [1.4986074, 42.4645394], [1.4997297, 42.4649598], [1.5009489, 42.465062], [1.5021447, 42.4644695], [1.5033406, 42.463877], [1.5023377, 42.4644014], [1.501163, 42.4650087], [1.5016589, 42.4644921], [1.5027174, 42.4636794], [1.5030159, 42.4629634], [1.5029222, 42.4629632], [1.5016942, 42.4626246], [1.5004641, 42.4621166]], "mood_vectors": [[0.7287, 0.0581, 0.0385, 0.0356, 0.0143, 0.0686, 0.0562], [0.6913, 0.0235, 0.0688, 0.0808, 0.0212, 0.0866, 0.0279], [0.673, 0.0278, 0.0637, 0.0743, 0.0803, 0.0322, 0.0488], [0.7768, 0.0573, 0.0361, 0.0169, 0.0721, 0.0227, 0.018], [0.6956, 0.0326, 0.0735, 0.0589, 0.064, 0.0225, 0.0528], [0.7138, 0.0246, 0.0164, 0.0849, 0.0841, 0.0546, 0.0216], [0.6461, 0.0308, 0.0761, 0.0414, 0.0558, 0.0567, 0.093], [0.5921, 0.0783, 0.0323, 0.0656, 0.0813, 0.0597, 0.0907], [0.7111, 0.0797, 0.0766, 0.0622, 0.0256, 0.0254, 0.0193], [0.7348, 0.0538, 0.0281, 0.0406, 0.0653, 0.0549, 0.0225], [0.7752, 0.0285, 0.0127, 0.0429, 0.0553, 0.0185, 0.0669], [0.6572, 0.0175, 0.0749, 0.0872, 0.0731, 0.0447, 0.0455], [0.7324, 0.0478, 0.0622, 0.0718, 0.0274, 0.0173, 0.0411], [0.6848, 0.0499, 0.0556, 0.0915, 0.0332, 0.0233, 0.0617], [0.6979, 0.064, 0.0554, 0.0515, 0.0443, 0.0362, 0.0508], [0.6766, 0.0618, 0.0545, 0.0631, 0.0744, 0.038, 0.0317], [0.7384, 0.0826, 0.0143, 0.0651, 0.0155, 0.0289, 0.055], [0.6792, 0.0524, 0.0467, 0.0678, 0.0401, 0.0388, 0.075], [0.7626, 0.0333, 0.0698, 0.0322, 0.0146, 0.0489, 0.0385], [0.7539, 0.0421, 0.0635, 0.0121, 0.0181, 0.0476, 0.0627], [0.7069, 0.043, 0.0656, 0.0398, 0.0249, 0.0416, 0.0782], [0.6417, 0.0939, 0.0224, 0.055, 0.0796, 0.0822, 0.0252], [0.7369, 0.0208, 0.0408, 0.0464, 0.0541, 0.0468, 0.0542], [0.6637, 0.0717, 0.0301, 0.083, 0.037, 0.0343, 0.0803], [0.754, 0.0144, 0.0388, 0.039, 0.0476, 0.0423, 0.064], [0.6307, 0.0519, 0.0882, 0.0199, 0.0639, 0.0585, 0.0869], [0.7832, 0.0399, 0.0335, 0.0277, 0.0169, 0.077, 0.0219], [0.7504, 0.0255, 0.0401, 0.0311, 0.0639, 0.0352, 0.0538], [0.7047, 0.0614, 0.0741, 0.065, 0.0395, 0.0361, 0.0192], [0.6604, 0.0584, 0.0176, 0.0602, 0.0604, 0.0575, 0.0855], [0.6529, 0.0663, 0.0134, 0.0818, 0.0259, 0.0689, 0.0908], [0.6518, 0.0736, 0.0811, 0.0793, 0.0314, 0.053, 0.0298], [0.6844, 0.0284, 0.0405, 0.0515, 0.0771, 0.0764, 0.0417], [0.7271, 0.0144, 0.017, 0.0471, 0.0625, 0.0659, 0.066], [0.7822, 0.0378, 0.019, 0.0663, 0.0369, 0.0347, 0.0231], [0.7276, 0.0548, 0.05, 0.0312, 0.0363, 0.0292, 0.0709], [0.6219, 0.0497, 0.0371, 0.0862, 0.0315, 0.0867, 0.0868], [0.6627, 0.0173, 0.0224, 0.0743, 0.0661, 0.0926, 0.0645], [0.6315, 0.0523, 0.0392, 0.0637, 0.0233, 0.0931, 0.0968], [0.801, 0.027, 0.0155, 0.0472, 0.0585, 0.0355, 0.0152], [0.6921, 0.071, 0.0199, 0.0194, 0.0866, 0.0705, 0.0404], [0.6742, 0.0705, 0.0749, 0.0446, 0.023, 0.0452, 0.0677], [0.6687, 0.0563, 0.0677, 0.0577, 0.0569, 0.0425, 0.0501], [0.7472, 0.0256, 0.032, 0.0438, 0.0641, 0.058, 0.0294], [0.6623, 0.0504, 0.0522, 0.0783, 0.0183, 0.0815, 0.057], [0.7222, 0.0877, 0.015, 0.0818, 0.026, 0.0478, 0.0194], [0.8183, 0.0196, 0.0219, 0.0199, 0.0258, 0.0501, 0.0444], [0.6624, 0.0313, 0.0501, 0.1004, 0.0227, 0.0851, 0.048], [0.6876, 0.0257, 0.0504, 0.0326, 0.0674, 0.0774, 0.0589], [0.7374, 0.0177, 0.0278, 0.0591, 0.055, 0.0625, 0.0405], [0.6911, 0.0861, 0.0192, 0.0301, 0.0543, 0.0842, 0.035], [0.6888, 0.0596, 0.0502, 0.0634, 0.0564, 0.0501, 0.0314], [0.7347, 0.0238, 0.0221, 0.0819, 0.0361, 0.088, 0.0134], [0.6623, 0.0585, 0.0943, 0.0145, 0.0356, 0.0626, 0.0722], [0.7558, 0.0319, 0.0375, 0.0231, 0.0166, 0.0429, 0.0923], [0.674, 0.0824, 0.0162, 0.0733, 0.0539, 0.0665, 0.0337], [0.6449, 0.0644, 0.0189, 0.0623, 0.0764, 0.059, 0.074], [0.7241, 0.0264, 0.0412, 0.0766, 0.0443, 0.0279, 0.0595], [0.7044, 0.0424, 0.039, 0.0435, 0.0611, 0.0562, 0.0533], [0.7394, 0.0274, 0.0215, 0.0336, 0.0489, 0.0594, 0.0698], [0.7885, 0.0606, 0.0412, 0.0207, 0.0427, 0.0175, 0.0287], [0.6331, 0.0655, 0.0538, 0.0588, 0.0706, 0.0683, 0.0499], [0.74, 0.0214, 0.0563, 0.0598, 0.0462, 0.0372, 0.0391], [0.7282, 0.0679, 0.0454, 0.0508, 0.0624, 0.0277, 0.0176], [0.6549, 0.0839, 0.0649, 0.0441, 0.0699, 0.044, 0.0383], [0.7038, 0.0555, 0.0173, 0.0228, 0.0719, 0.0628, 0.0659], [0.6533, 0.0589, 0.0162, 0.0358, 0.0743, 0.0716, 0.0898], [0.7152, 0.0249, 0.0831, 0.0278, 0.0289, 0.0775, 0.0427], [0.6703, 0.0425, 0.0682, 0.0628, 0.0716, 0.0287, 0.056], [0.7302, 0.0332, 0.0264, 0.0495, 0.0124, 0.0697, 0.0786], [0.682, 0.0699, 0.0752, 0.0523, 0.0425, 0.0269, 0.0512], [0.6328, 0.0719, 0.0791, 0.0574, 0.0194, 0.0622, 0.0772], [0.6854, 0.0443, 0.0642, 0.0194, 0.0416, 0.0609, 0.0842], [0.6941, 0.035, 0.0725, 0.0632, 0.0646, 0.0199, 0.0508], [0.7154, 0.066, 0.0314, 0.0511, 0.0296, 0.0806, 0.0259], [0.7832, 0.0264, 0.026, 0.0234, 0.0482, 0.0339, 0.0588], [0.6976, 0.0376, 0.0327, 0.0905, 0.0839, 0.0344, 0.0233], [0.6777, 0.0603, 0.0568, 0.0613, 0.0519, 0.0447, 0.0472], [0.7312, 0.0283, 0.0664, 0.0493, 0.0478, 0.0525, 0.0245], [0.675, 0.0777, 0.025, 0.0569, 0.0715, 0.0315, 0.0624]], "emotions": ["red", "red", "red", "red", "red", "red", "red", "red", "red", "red", "red", "red", "red", "red", "red", "red", "red", "red", "red", "red", "red", "red", "red", "red", "red", "red", "red", "red", "red", "red", "red", "red", "red", "red", "red", "red", "red", "red", "red", "red", "red", "red", "red", "red", "red", "red", "red", "red", "red", "red", "red", "red", "red", "red", "red", "red", "red", "red", "red", "red", "red", "red", "red", "red", "red", "red", "red", "red", "red", "red", "red", "red", "red", "red", "red", "red", "red", "red", "red", "red"], "timestamps": [0, 40, 80, 120, 160, 200, 240, 280, 320, 360, 400, 440, 480, 520, 560, 600, 640, 680, 720, 760, 800, 840, 880, 920, 960, 1000, 1040, 1080, 1120, 1160, 1200, 1240, 1280, 1320, 1360, 1400, 1440, 1480, 1520, 1560, 1600, 1640, 1680, 1720, 1760, 1800, 1840, 1880, 1920, 1960, 2000, 2040, 2080, 2120, 2160, 2200, 2240, 2280, 2320, 2360, 2400, 2440, 2480, 2520, 2560, 2600, 2640, 2680, 2720, 2760, 2800, 2840, 2880, 2920, 2960, 3000, 3040, 3080, 3120, 3160]}], "conversation": [], "conversation_timestamps": []}