{"agent_id": "agent-green-857", "type": "green", "trips": [{"trip_id": 0, "transport_method": "foot", "start_time": 0, "path": [[1.5381967, 42.5109852], [1.5381549, 42.5109967], [1.5381131, 42.5110082], [1.5380713, 42.5110197], [1.5380295, 42.5110312], [1.5379876, 42.5110427], [1.5379458, 42.5110542], [1.537904, 42.5110657], [1.5378622, 42.5110772], [1.5378204, 42.5110887], [1.5377786, 42.5111003], [1.5377367, 42.5111118], [1.5376949, 42.5111233], [1.5376531, 42.5111348], [1.5376113, 42.5111463], [1.5375695, 42.5111578], [1.5375277, 42.5111693], [1.5374858, 42.5111808], [1.537444, 42.5111923], [1.5374022, 42.5112038], [1.5373604, 42.5112153], [1.5373186, 42.5112268], [1.5372767, 42.5112384], [1.5372896, 42.5112338], [1.537331, 42.5112208], [1.5373724, 42.5112079], [1.5374138, 42.5111949], [1.5374551, 42.5111819], [1.5374965, 42.511169], [1.5375379, 42.511156], [1.5375793, 42.5111431], [1.5376207, 42.5111301], [1.5376621, 42.5111171], [1.5377035, 42.5111042], [1.5377449, 42.5110912], [1.5377863, 42.5110782], [1.5378277, 42.5110653], [1.537869, 42.5110523], [1.5379104, 42.5110394], [1.5379518, 42.5110264], [1.5379932, 42.5110134], [1.5380346, 42.5110005], [1.538076, 42.5109875], [1.5381174, 42.5109745], [1.5381588, 42.5109616], [1.5382002, 42.5109486], [1.538241, 42.5109345], [1.5382808, 42.5109226], [1.5383241, 42.5109203], [1.5383674, 42.510918], [1.5384108, 42.5109158], [1.5384541, 42.5109135], [1.5384974, 42.5109112], [1.5385407, 42.510909], [1.538584, 42.5109067], [1.5386273, 42.5109044], [1.5386662, 42.5108861], [1.5387047, 42.510866], [1.5387431, 42.510846], [1.5387816, 42.5108259], [1.53882, 42.5108058], [1.5388585, 42.5107857], [1.5388969, 42.5107657], [1.5389354, 42.5107456], [1.5389738, 42.5107255], [1.5390123, 42.5107054], [1.5390507, 42.5106854], [1.5390892, 42.5106653], [1.5391271, 42.5106659], [1.5391646, 42.5106877], [1.5392021, 42.5107095], [1.5392396, 42.5107313], [1.5392771, 42.5107531], [1.5393146, 42.5107749], [1.5393522, 42.5107967], [1.5393897, 42.5108184], [1.5394272, 42.5108402], [1.5394647, 42.510862], [1.5395022, 42.5108838], [1.5395397, 42.5109056]], "mood_vectors": [[0.0303, 0.064, 0.0583, 0.0147, 0.0751, 0.0511, 0.7066], [0.0527, 0.084, 0.046, 0.0705, 0.0469, 0.0725, 0.6274], [0.0557, 0.0522, 0.0664, 0.0376, 0.0402, 0.0403, 0.7077], [0.0185, 0.0287, 0.022, 0.0444, 0.0214, 0.0476, 0.8174], [0.0702, 0.0292, 0.0164, 0.0365, 0.067, 0.0652, 0.7155], [0.0425, 0.0252, 0.0995, 0.0705, 0.0335, 0.0623, 0.6665], [0.0487, 0.0372, 0.0473, 0.0187, 0.0338, 0.0746, 0.7396], [0.0242, 0.0286, 0.0753, 0.0808, 0.0343, 0.0758, 0.6811], [0.0132, 0.0586, 0.0221, 0.061, 0.047, 0.0335, 0.7646], [0.0462, 0.0519, 0.0541, 0.0308, 0.0287, 0.0573, 0.731], [0.043, 0.0274, 0.0637, 0.075, 0.0707, 0.0399, 0.6803], [0.0361, 0.0513, 0.0534, 0.0814, 0.0498, 0.0251, 0.7027], [0.0668, 0.0308, 0.0694, 0.0349, 0.0648, 0.0523, 0.681], [0.0154, 0.0173, 0.0942, 0.0872, 0.0325, 0.0473, 0.7062], [0.0839, 0.0671, 0.0193, 0.0658, 0.0851, 0.0762, 0.6028], [0.0458, 0.0453, 0.0328, 0.0354, 0.0637, 0.0185, 0.7585], [0.0536, 0.0153, 0.0681, 0.0469, 0.0311, 0.0889, 0.6961], [0.0346, 0.0679, 0.0639, 0.0309, 0.0282, 0.0724, 0.702], [0.0671, 0.0448, 0.0198, 0.0483, 0.0346, 0.0429, 0.7424], [0.0666, 0.0149, 0.0647, 0.0555, 0.0616, 0.056, 0.6807], [0.0978, 0.0565, 0.0448, 0.0283, 0.0311, 0.0493, 0.6923], [0.048, 0.0786, 0.0784, 0.083, 0.062, 0.0202, 0.6298], [0.0145, 0.0285, 0.0592, 0.0324, 0.0653, 0.0186, 0.7814], [0.0597, 0.0451, 0.0757, 0.0732, 0.0621, 0.0156, 0.6687], [0.0704, 0.0401, 0.0178, 0.0866, 0.0356, 0.0329, 0.7166], [0.0439, 0.0477, 0.0852, 0.0446, 0.0214, 0.0602, 0.697], [0.0523, 0.0564, 0.0654, 0.0249, 0.0166, 0.0165, 0.7678], [0.0744, 0.0465, 0.0452, 0.0534, 0.0791, 0.0309, 0.6703], [0.0202, 0.0224, 0.0372, 0.0722, 0.0672, 0.0193, 0.7614], [0.0629, 0.0725, 0.0275, 0.0178, 0.023, 0.0175, 0.7788], [0.0385, 0.0679, 0.0243, 0.0383, 0.0724, 0.0764, 0.6823], [0.0307, 0.0333, 0.048, 0.013, 0.0831, 0.0801, 0.7117], [0.0631, 0.0246, 0.0532, 0.0653, 0.0366, 0.047, 0.7101], [0.0735, 0.0659, 0.0654, 0.0129, 0.0713, 0.0546, 0.6564], [0.0161, 0.0791, 0.0241, 0.0845, 0.0353, 0.0245, 0.7363], [0.0629, 0.017, 0.0741, 0.0236, 0.0161, 0.0325, 0.7738], [0.0179, 0.0345, 0.0186, 0.0746, 0.0808, 0.0741, 0.6994], [0.0887, 0.0794, 0.0209, 0.0798, 0.0587, 0.025, 0.6475], [0.0245, 0.0837, 0.0603, 0.034, 0.0208, 0.0784, 0.6983], [0.0771, 0.0392, 0.0484, 0.0551, 0.0303, 0.0628, 0.687], [0.0217, 0.014, 0.0152, 0.0861, 0.0503, 0.0674, 0.7452], [0.0295, 0.0867, 0.0519, 0.028, 0.0241, 0.0192, 0.7606], [0.0525, 0.0773, 0.0125, 0.021, 0.063, 0.069, 0.7047], [0.0947, 0.021, 0.0237, 0.0475, 0.0255, 0.0166, 0.7709], [0.0694, 0.0571, 0.0529, 0.0802, 0.0457, 0.0182, 0.6765], [0.0912, 0.0226, 0.084, 0.0186, 0.0281, 0.0375, 0.718], [0.0469, 0.0539, 0.062, 0.0742, 0.039, 0.014, 0.7099], [0.0382, 0.0341, 0.0526, 0.0588, 0.0224, 0.0643, 0.7296], [0.0537, 0.0533, 0.042, 0.0256, 0.0564, 0.0587, 0.7103], [0.0629, 0.0574, 0.0609, 0.0491, 0.021, 0.0573, 0.6915], [0.0529, 0.0788, 0.0225, 0.0755, 0.031, 0.0138, 0.7255], [0.0384, 0.0575, 0.0254, 0.0241, 0.0721, 0.059, 0.7235], [0.0121, 0.0601, 0.0496, 0.0781, 0.0204, 0.0214, 0.7582], [0.0781, 0.072, 0.0655, 0.0846, 0.0265, 0.0503, 0.6229], [0.0334, 0.0534, 0.0682, 0.0663, 0.0266, 0.0601, 0.692], [0.0306, 0.076, 0.0342, 0.0226, 0.0346, 0.0683, 0.7336], [0.0777, 0.0318, 0.093, 0.0273, 0.0377, 0.0887, 0.6439], [0.0221, 0.0531, 0.0431, 0.0481, 0.055, 0.0789, 0.6997], [0.0746, 0.0476, 0.02, 0.0756, 0.0369, 0.0626, 0.6826], [0.0597, 0.0465, 0.0534, 0.0317, 0.018, 0.0449, 0.7459], [0.033, 0.051, 0.0862, 0.0578, 0.0529, 0.0943, 0.6248], [0.0185, 0.0963, 0.0681, 0.0537, 0.0741, 0.0345, 0.6548], [0.0599, 0.0313, 0.0536, 0.0145, 0.0384, 0.0606, 0.7416], [0.034, 0.0232, 0.0518, 0.0653, 0.0885, 0.0368, 0.7003], [0.0562, 0.0557, 0.0133, 0.0336, 0.0506, 0.0627, 0.728], [0.0119, 0.0368, 0.0323, 0.063, 0.0366, 0.0411, 0.7781], [0.0453, 0.0164, 0.031, 0.0205, 0.0302, 0.0495, 0.8072], [0.0875, 0.0397, 0.04, 0.0865, 0.0664, 0.0863, 0.5936], [0.0688, 0.0387, 0.0511, 0.0628, 0.0177, 0.0529, 0.7079], [0.035, 0.0765, 0.0718, 0.0545, 0.074, 0.0158, 0.6724], [0.0808, 0.0979, 0.0153, 0.0374, 0.0336, 0.0183, 0.7167], [0.0679, 0.0145, 0.0794, 0.0374, 0.0171, 0.0339, 0.7499], [0.0254, 0.0639, 0.0337, 0.0621, 0.0518, 0.0629, 0.7001], [0.0799, 0.0196, 0.0539, 0.0882, 0.0388, 0.0276, 0.692], [0.0142, 0.0284, 0.0962, 0.0616, 0.015, 0.083, 0.7016], [0.0434, 0.0677, 0.0209, 0.0234, 0.1004, 0.1012, 0.643], [0.0653, 0.0716, 0.0852, 0.0843, 0.0879, 0.0398, 0.5659], [0.0736, 0.0439, 0.0763, 0.0445, 0.0675, 0.0688, 0.6254], [0.0575, 0.0489, 0.0934, 0.0294, 0.0575, 0.0919, 0.6214], [0.0776, 0.0204, 0.0238, 0.0423, 0.0286, 0.0658, 0.7415]], "emotions": ["purple", "purple", "purple", "purple", "purple", "purple", "purple", "purple", "purple", "purple", "purple", "purple", "purple", "purple", "purple", "purple", "purple", "purple", "purple", "purple", "purple", "purple", "purple", "purple", "purple", "purple", "purple", "purple", "purple", "purple", "purple", "purple", "purple", "purple", "purple", "purple", "purple", "purple", "purple", "purple", "purple", "purple", "purple", "purple", "purple", "purple", "purple", "purple", "purple", "purple", "purple", "purple", "purple", "purple", "purple", "purple", "purple", "purple", "purple", "purple", "purple", "purple", "purple", "purple", "purple", "purple", "purple", "purple", "purple", "purple", "purple", "purple", "purple", "purple", "purple", "purple", "purple", "purple", "purple", "purple"], "timestamps": [0, 40, 80, 120, 160, 200, 240, 280, 320, 360, 400, 440, 480, 520, 560, 600, 640, 680, 720, 760, 800, 840, 880, 920, 960, 1000, 1040, 1080, 1120, 1160, 1200, 1240, 1280, 1320, 1360, 1400, 1440, 1480, 1520, 1560, 1600, 1640, 1680, 1720, 1760, 1800, 1840, 1880, 1920, 1960, 2000, 2040, 2080, 2120, 2160, 2200, 2240, 2280, 2320, 2360, 2400, 2440, 2480, 2520, 2560, 2600, 2640, 2680, 2720, 2760, 2800, 2840, 2880, 2920, 2960, 3000, 3040, 3080, 3120, 3160]}], "conversation": [], "conversation_timestamps": []}