{"agent_id": "agent-orange-178", "type": "orange", "trips": [{"trip_id": 0, "transport_method": "car", "start_time": 0, "path": [[1.5797498, 42.5343675], [1.5804511, 42.5338361], [1.5800987, 42.5336261], [1.5791103, 42.5332333], [1.5780885, 42.5329699], [1.5770307, 42.5328168], [1.5764645, 42.5327225], [1.5775242, 42.5328645], [1.5772375, 42.5328266], [1.5761873, 42.5326262], [1.5751371, 42.5324258], [1.5749562, 42.5324212], [1.5759982, 42.5326378], [1.5752445, 42.5321987], [1.5742827, 42.5317319], [1.5733209, 42.531265], [1.5733763, 42.5315785], [1.5741918, 42.5322443], [1.573504, 42.5315857], [1.5727482, 42.5308295], [1.5720965, 42.5299887], [1.5712642, 42.5293278], [1.5704092, 42.528686], [1.5695541, 42.5280442], [1.5702634, 42.5285022], [1.5711116, 42.5291436], [1.5707363, 42.5289829], [1.5698465, 42.5283902], [1.5689567, 42.5277975], [1.5680669, 42.5272048], [1.5678064, 42.5270443], [1.5687654, 42.5275137], [1.5685977, 42.5274724], [1.5677099, 42.5268767], [1.5668221, 42.526281], [1.5659279, 42.5257007], [1.5649395, 42.5252971], [1.5639459, 42.5249832], [1.562949, 42.5246157], [1.562152, 42.5239265], [1.5613929, 42.5231807], [1.5605154, 42.5225717], [1.559669, 42.5219745], [1.5587919, 42.521384], [1.5580028, 42.5206629], [1.5572506, 42.5199034], [1.5570257, 42.5195907], [1.5563157, 42.51881], [1.5565081, 42.5190041], [1.556166, 42.5188651], [1.5554614, 42.5182096], [1.55495, 42.5178996], [1.5547055, 42.5176752], [1.5539026, 42.5169692], [1.554168, 42.5174035], [1.5542102, 42.5172954], [1.5535445, 42.5164633], [1.5531597, 42.5154749], [1.5526993, 42.5145383], [1.5524794, 42.5135587], [1.5515491, 42.513041], [1.5507486, 42.5123373], [1.5498005, 42.5118799], [1.5487747, 42.5115834], [1.5477342, 42.5113379], [1.5467137, 42.5110261], [1.54622, 42.5101519], [1.5462065, 42.5100727], [1.5455311, 42.5094276], [1.5444773, 42.5093073], [1.5434595, 42.5090256], [1.5424061, 42.5088872], [1.5414249, 42.5091439], [1.5404738, 42.5095455], [1.539553, 42.5100595], [1.5385895, 42.5104918], [1.5376003, 42.5108702], [1.536616, 42.5112843], [1.5356215, 42.5116023], [1.5348505, 42.5117698]], "mood_vectors": [[0.0228, 0.0374, 0.0782, 0.034, 0.6912, 0.0532, 0.0833], [0.0608, 0.0388, 0.0594, 0.0605, 0.696, 0.027, 0.0573], [0.0545, 0.0171, 0.0601, 0.0634, 0.6602, 0.0689, 0.0758], [0.0644, 0.048, 0.0417, 0.0373, 0.7203, 0.0591, 0.0292], [0.0184, 0.0639, 0.065, 0.0622, 0.688, 0.0577, 0.0447], [0.0268, 0.0576, 0.0674, 0.0612, 0.7108, 0.0431, 0.0331], [0.0969, 0.0969, 0.0151, 0.0208, 0.7078, 0.0474, 0.0152], [0.0689, 0.022, 0.0626, 0.0234, 0.722, 0.0794, 0.0217], [0.0685, 0.0841, 0.0594, 0.0526, 0.6189, 0.0477, 0.0688], [0.055, 0.0692, 0.0331, 0.0343, 0.6804, 0.0645, 0.0635], [0.0234, 0.0499, 0.0373, 0.0226, 0.7567, 0.0785, 0.0316], [0.0637, 0.0178, 0.027, 0.0459, 0.7552, 0.016, 0.0743], [0.0578, 0.0543, 0.0405, 0.0647, 0.6856, 0.0265, 0.0705], [0.0358, 0.0341, 0.0815, 0.021, 0.6873, 0.0522, 0.088], [0.0271, 0.0488, 0.0778, 0.0322, 0.714, 0.0852, 0.0149], [0.0644, 0.0728, 0.0865, 0.0548, 0.6282, 0.0336, 0.0598], [0.0518, 0.0363, 0.0277, 0.0196, 0.7264, 0.0645, 0.0736], [0.0486, 0.0709, 0.0551, 0.0286, 0.75, 0.0203, 0.0265], [0.027, 0.0597, 0.0931, 0.0356, 0.7193, 0.0428, 0.0224], [0.0213, 0.0561, 0.0539, 0.0232, 0.7476, 0.0571, 0.0408], [0.0327, 0.033, 0.0437, 0.0159, 0.7831, 0.0397, 0.052], [0.0603, 0.0384, 0.0142, 0.0574, 0.7622, 0.0516, 0.016], [0.0537, 0.0194, 0.034, 0.0738, 0.703, 0.0571, 0.059], [0.0843, 0.0915, 0.082, 0.0435, 0.5735, 0.0484, 0.0767], [0.038, 0.0273, 0.0657, 0.0449, 0.7239, 0.0795, 0.0207], [0.0316, 0.0331, 0.0699, 0.0751, 0.6579, 0.079, 0.0534], [0.0515, 0.0564, 0.0584, 0.0784, 0.6242, 0.0361, 0.0951], [0.0542, 0.0736, 0.0402, 0.061, 0.6288, 0.0588, 0.0833], [0.0459, 0.0877, 0.0195, 0.0478, 0.653, 0.0673, 0.0787], [0.0504, 0.034, 0.0436, 0.0886, 0.6245, 0.0762, 0.0826], [0.0196, 0.0191, 0.0308, 0.0173, 0.8114, 0.0675, 0.0343], [0.0227, 0.0392, 0.0465, 0.0392, 0.7156, 0.0504, 0.0865], [0.073, 0.0495, 0.0122, 0.0656, 0.7431, 0.0375, 0.0192], [0.0497, 0.0245, 0.0787, 0.0529, 0.6408, 0.0699, 0.0834], [0.0415, 0.0349, 0.0226, 0.0179, 0.7742, 0.057, 0.0518], [0.021, 0.0343, 0.0621, 0.0664, 0.7659, 0.0275, 0.0227], [0.0778, 0.0371, 0.0593, 0.053, 0.6201, 0.0896, 0.0632], [0.0174, 0.0238, 0.0915, 0.0265, 0.7387, 0.0661, 0.036], [0.0171, 0.0323, 0.0685, 0.0692, 0.6839, 0.0694, 0.0597], [0.0679, 0.0589, 0.022, 0.0764, 0.6771, 0.0173, 0.0803], [0.0233, 0.0454, 0.0788, 0.0176, 0.7851, 0.025, 0.0247], [0.0604, 0.0401, 0.0205, 0.0784, 0.6845, 0.0406, 0.0755], [0.075, 0.0448, 0.0738, 0.0361, 0.6552, 0.0311, 0.0839], [0.0191, 0.0346, 0.0607, 0.0462, 0.7003, 0.0723, 0.0666], [0.0306, 0.0352, 0.0274, 0.0513, 0.7688, 0.059, 0.0278], [0.0587, 0.029, 0.0918, 0.0894, 0.606, 0.0363, 0.0888], [0.0405, 0.0257, 0.0675, 0.0466, 0.7257, 0.0243, 0.0698], [0.0589, 0.0384, 0.0471, 0.022, 0.6852, 0.0829, 0.0655], [0.0473, 0.0549, 0.0145, 0.0877, 0.6593, 0.0502, 0.0861], [0.0347, 0.0207, 0.018, 0.0763, 0.7624, 0.0762, 0.0117], [0.0558, 0.0581, 0.0707, 0.034, 0.7116, 0.0206, 0.0493], [0.0149, 0.048, 0.0844, 0.0834, 0.6231, 0.0848, 0.0612], [0.0481, 0.0726, 0.0335, 0.0934, 0.6682, 0.0343, 0.0499], [0.03, 0.03, 0.0777, 0.0384, 0.7311, 0.0408, 0.052], [0.0299, 0.0337, 0.0546, 0.0376, 0.7597, 0.0435, 0.0409], [0.0487, 0.0257, 0.0137, 0.0711, 0.6983, 0.075, 0.0675], [0.0623, 0.0409, 0.0718, 0.0432, 0.6354, 0.0838, 0.0627], [0.0417, 0.076, 0.0176, 0.0738, 0.6331, 0.0849, 0.0729], [0.0173, 0.0413, 0.0288, 0.0146, 0.7765, 0.081, 0.0406], [0.0549, 0.069, 0.0531, 0.0266, 0.7116, 0.0593, 0.0254], [0.0345, 0.0614, 0.0731, 0.0437, 0.7067, 0.0325, 0.0481], [0.0346, 0.0557, 0.0736, 0.019, 0.7469, 0.0576, 0.0127], [0.0419, 0.0302, 0.0116, 0.0484, 0.739, 0.0649, 0.0639], [0.0281, 0.0387, 0.0203, 0.0513, 0.7582, 0.0224, 0.0811], [0.0227, 0.0732, 0.0252, 0.0835, 0.6419, 0.0628, 0.0906], [0.0361, 0.0222, 0.0609, 0.0437, 0.7475, 0.0364, 0.0533], [0.0181, 0.0486, 0.0446, 0.026, 0.7015, 0.0751, 0.0862], [0.0749, 0.0521, 0.0464, 0.0527, 0.6923, 0.0304, 0.0511], [0.028, 0.0652, 0.0618, 0.026, 0.7114, 0.0692, 0.0385], [0.0436, 0.051, 0.0824, 0.043, 0.6907, 0.0274, 0.0618], [0.0377, 0.018, 0.0332, 0.0355, 0.8116, 0.0354, 0.0287], [0.0734, 0.0432, 0.0711, 0.0296, 0.6783, 0.0707, 0.0336], [0.0478, 0.0166, 0.0463, 0.052, 0.6639, 0.1, 0.0736], [0.0327, 0.0454, 0.0242, 0.031, 0.8072, 0.041, 0.0185], [0.0429, 0.0349, 0.041, 0.0771, 0.6666, 0.0549, 0.0826], [0.0796, 0.0792, 0.0713, 0.0421, 0.6299, 0.0716, 0.0263], [0.0136, 0.0359, 0.0548, 0.076, 0.7773, 0.019, 0.0234], [0.0539, 0.0158, 0.0621, 0.0242, 0.7348, 0.0908, 0.0183], [0.0703, 0.0527, 0.0345, 0.0413, 0.697, 0.04, 0.0642], [0.0235, 0.0531, 0.0464, 0.0791, 0.7308, 0.0394, 0.0278]], "emotions": ["red", "red", "red", "red", "red", "red", "red", "red", "red", "red", "red", "red", "red", "red", "red", "red", "red", "red", "red", "red", "red", "red", "red", "red", "red", "red", "red", "red", "red", "red", "red", "red", "red", "red", "red", "red", "red", "red", "red", "red", "red", "red", "red", "red", "red", "red", "red", "red", "red", "red", "red", "red", "red", "red", "red", "red", "red", "red", "red", "red", "red", "red", "red", "red", "red", "red", "red", "red", "red", "red", "red", "red", "red", "red", "red", "red", "red", "red", "red", "red"], "timestamps": [0, 40, 80, 120, 160, 200, 240, 280, 320, 360, 400, 440, 480, 520, 560, 600, 640, 680, 720, 760, 800, 840, 880, 920, 960, 1000, 1040, 1080, 1120, 1160, 1200, 1240, 1280, 1320, 1360, 1400, 1440, 1480, 1520, 1560, 1600, 1640, 1680, 1720, 1760, 1800, 1840, 1880, 1920, 1960, 2000, 2040, 2080, 2120, 2160, 2200, 2240, 2280, 2320, 2360, 2400, 2440, 2480, 2520, 2560, 2600, 2640, 2680, 2720, 2760, 2800, 2840, 2880, 2920, 2960, 3000, 3040, 3080, 3120, 3160]}], "conversation": [], "conversation_timestamps": []}