{"agent_id": "agent-blue-260", "type": "blue", "trips": [{"trip_id": 0, "transport_method": "bicycle", "start_time": 0, "path": [[1.7336124, 42.5465053], [1.73309, 42.5467665], [1.7283067, 42.5444358], [1.7230371, 42.5437569], [1.7177021, 42.5439029], [1.7123665, 42.5440487], [1.7070388, 42.544363], [1.7017661, 42.5451025], [1.6976026, 42.5482665], [1.6941392, 42.552302], [1.6901907, 42.5558495], [1.6868785, 42.5572721], [1.6842017, 42.5545782], [1.6819932, 42.5538564], [1.684985, 42.5548294], [1.6800329, 42.5528603], [1.679915, 42.551114], [1.6828357, 42.5481622], [1.684158, 42.5461841], [1.6826763, 42.5419375], [1.6779905, 42.5394662], [1.6742698, 42.538708], [1.6698079, 42.5393722], [1.6645772, 42.5391534], [1.6619865, 42.5388456], [1.6572341, 42.5409292], [1.652236, 42.5424032], [1.6474656, 42.541699], [1.6422372, 42.5407213], [1.6370014, 42.5396838], [1.6395144, 42.5405605], [1.6444393, 42.5415729], [1.643679, 42.5410057], [1.6384436, 42.5399658], [1.6339967, 42.5390847], [1.6287317, 42.5387675], [1.623575, 42.5380014], [1.6186266, 42.5360003], [1.620443, 42.5356744], [1.6255152, 42.5357741], [1.6235651, 42.5379983], [1.6186141, 42.5360038], [1.6180044, 42.5364214], [1.6156477, 42.5365479], [1.6103931, 42.5362676], [1.6050944, 42.5363787], [1.6012164, 42.5369221], [1.6061327, 42.5365228], [1.6050004, 42.5363509], [1.5996791, 42.5366763], [1.5949816, 42.5364175], [1.589714, 42.535556], [1.5930746, 42.5361555], [1.5919234, 42.5359512], [1.5872779, 42.5346671], [1.5853217, 42.5334746], [1.5805508, 42.5317399], [1.5752456, 42.5313989], [1.5747482, 42.5311918], [1.5703922, 42.5286732], [1.5698355, 42.5283829], [1.5685933, 42.5274695], [1.5639482, 42.5249848], [1.5596782, 42.5219802], [1.5563284, 42.5188239], [1.5547256, 42.5176929], [1.5531794, 42.5155035], [1.5498397, 42.5118969], [1.5462135, 42.510123], [1.5414125, 42.5087642], [1.5376386, 42.5080743], [1.5353715, 42.5075755], [1.5304847, 42.5058406], [1.5252965, 42.505169], [1.5202089, 42.5039691], [1.5198058, 42.5039861], [1.5149041, 42.5026664], [1.5101584, 42.5010416], [1.5054115, 42.4986281], [1.5010463, 42.4966895]], "mood_vectors": [[0.0975, 0.0923, 0.023, 0.7109, 0.0368, 0.0241, 0.0154], [0.0686, 0.0311, 0.0746, 0.6639, 0.0836, 0.0477, 0.0305], [0.0658, 0.024, 0.079, 0.6865, 0.0592, 0.0252, 0.0603], [0.0741, 0.0324, 0.0293, 0.7236, 0.0512, 0.0389, 0.0506], [0.0568, 0.1011, 0.062, 0.6527, 0.0285, 0.0633, 0.0357], [0.0724, 0.078, 0.0637, 0.6412, 0.0708, 0.012, 0.0619], [0.032, 0.0725, 0.0264, 0.7386, 0.0149, 0.0167, 0.0988], [0.0273, 0.071, 0.0586, 0.7032, 0.0394, 0.0508, 0.0498], [0.0209, 0.0141, 0.0514, 0.7605, 0.022, 0.0672, 0.0639], [0.0557, 0.021, 0.0626, 0.69, 0.0495, 0.0585, 0.0626], [0.0141, 0.0174, 0.0379, 0.7655, 0.0475, 0.0446, 0.0731], [0.0682, 0.0531, 0.0498, 0.6476, 0.07, 0.0705, 0.0409], [0.0362, 0.0595, 0.0551, 0.7492, 0.0234, 0.0351, 0.0416], [0.0429, 0.058, 0.032, 0.7452, 0.0539, 0.0527, 0.0153], [0.0726, 0.062, 0.0604, 0.6667, 0.0581, 0.0198, 0.0604], [0.0808, 0.0253, 0.0518, 0.637, 0.0691, 0.1025, 0.0335], [0.0388, 0.0273, 0.0531, 0.6962, 0.0462, 0.065, 0.0734], [0.0683, 0.0231, 0.0839, 0.6943, 0.0608, 0.0291, 0.0405], [0.014, 0.0547, 0.0158, 0.7017, 0.0775, 0.0655, 0.0709], [0.0177, 0.0197, 0.0542, 0.7898, 0.0283, 0.0625, 0.0278], [0.0524, 0.0479, 0.0629, 0.7428, 0.0267, 0.0503, 0.0171], [0.0768, 0.0217, 0.0151, 0.8051, 0.0183, 0.0215, 0.0415], [0.0489, 0.0583, 0.0242, 0.6585, 0.0639, 0.082, 0.0642], [0.0241, 0.0735, 0.0516, 0.6974, 0.0657, 0.0141, 0.0736], [0.073, 0.0769, 0.0305, 0.6403, 0.0679, 0.0273, 0.0841], [0.0467, 0.0575, 0.0594, 0.6854, 0.0302, 0.0879, 0.0329], [0.036, 0.0229, 0.0373, 0.7075, 0.0772, 0.0883, 0.0309], [0.0176, 0.0363, 0.0522, 0.7231, 0.086, 0.0247, 0.0601], [0.0468, 0.0699, 0.08, 0.6813, 0.0324, 0.0151, 0.0746], [0.062, 0.0362, 0.0486, 0.6901, 0.0715, 0.0722, 0.0195], [0.0474, 0.0431, 0.0557, 0.7612, 0.0158, 0.0513, 0.0256], [0.0902, 0.0592, 0.0274, 0.7085, 0.0259, 0.07, 0.0188], [0.0556, 0.0792, 0.0194, 0.738, 0.0214, 0.0539, 0.0324], [0.0591, 0.0551, 0.0511, 0.6723, 0.0503, 0.0601, 0.052], [0.0297, 0.0555, 0.0487, 0.7492, 0.0312, 0.0727, 0.013], [0.0529, 0.0537, 0.0792, 0.7142, 0.0651, 0.0183, 0.0164], [0.0663, 0.0438, 0.042, 0.7131, 0.0593, 0.0229, 0.0526], [0.0821, 0.0404, 0.0575, 0.6598, 0.0548, 0.0378, 0.0676], [0.0415, 0.0438, 0.0397, 0.6973, 0.0495, 0.0636, 0.0645], [0.0749, 0.0752, 0.0752, 0.6881, 0.0253, 0.0259, 0.0354], [0.0814, 0.062, 0.0358, 0.6951, 0.0502, 0.0618, 0.0136], [0.0152, 0.0375, 0.0236, 0.7926, 0.0443, 0.0509, 0.0358], [0.0652, 0.0588, 0.0619, 0.6448, 0.0293, 0.0744, 0.0656], [0.0527, 0.0848, 0.0692, 0.7292, 0.0208, 0.0243, 0.019], [0.0983, 0.0429, 0.0764, 0.6907, 0.0266, 0.0455, 0.0196], [0.0523, 0.0909, 0.0349, 0.6905, 0.0654, 0.0453, 0.0208], [0.0424, 0.0835, 0.0378, 0.6581, 0.0722, 0.0329, 0.0731], [0.0473, 0.0361, 0.036, 0.7399, 0.0582, 0.0624, 0.02], [0.082, 0.0168, 0.0875, 0.6143, 0.084, 0.0319, 0.0834], [0.081, 0.0193, 0.0766, 0.6893, 0.0662, 0.0314, 0.0361], [0.0654, 0.0724, 0.0592, 0.6215, 0.0799, 0.037, 0.0646], [0.0884, 0.0517, 0.0816, 0.5593, 0.0863, 0.0462, 0.0866], [0.0302, 0.052, 0.0663, 0.6721, 0.0722, 0.0711, 0.0361], [0.0285, 0.0214, 0.0554, 0.7306, 0.0442, 0.0751, 0.0447], [0.0618, 0.0507, 0.064, 0.6815, 0.0701, 0.0134, 0.0584], [0.0845, 0.0182, 0.0436, 0.7364, 0.0577, 0.0404, 0.0192], [0.04, 0.0128, 0.0604, 0.7322, 0.0655, 0.0231, 0.0659], [0.0602, 0.0622, 0.0374, 0.7401, 0.0277, 0.055, 0.0174], [0.0259, 0.067, 0.0525, 0.6654, 0.0552, 0.0818, 0.0521], [0.0823, 0.0833, 0.0862, 0.6801, 0.0136, 0.0154, 0.0391], [0.0939, 0.0677, 0.0224, 0.7493, 0.0176, 0.0258, 0.0232], [0.0345, 0.0307, 0.0403, 0.6762, 0.0584, 0.0753, 0.0845], [0.0427, 0.0621, 0.0129, 0.7381, 0.0611, 0.0691, 0.0139], [0.0378, 0.0215, 0.0479, 0.7596, 0.0736, 0.0458, 0.0138], [0.0705, 0.0611, 0.0187, 0.6439, 0.0619, 0.0679, 0.0759], [0.0639, 0.0186, 0.0367, 0.7073, 0.0551, 0.0679, 0.0505], [0.0353, 0.0713, 0.046, 0.7159, 0.044, 0.0157, 0.0717], [0.047, 0.0281, 0.0718, 0.7044, 0.0583, 0.0512, 0.0392], [0.0699, 0.0455, 0.07, 0.7028, 0.0471, 0.0503, 0.0144], [0.061, 0.0632, 0.0179, 0.7281, 0.0498, 0.0403, 0.0397], [0.0378, 0.0754, 0.0599, 0.6895, 0.038, 0.0809, 0.0187], [0.0311, 0.0586, 0.0635, 0.6768, 0.0516, 0.0461, 0.0724], [0.0787, 0.014, 0.0814, 0.6366, 0.0694, 0.0823, 0.0376], [0.0351, 0.0664, 0.0176, 0.7167, 0.0475, 0.0166, 0.1001], [0.0501, 0.0677, 0.0761, 0.6207, 0.073, 0.0662, 0.0461], [0.0161, 0.0518, 0.0852, 0.7106, 0.0143, 0.04, 0.0821], [0.0779, 0.0348, 0.0576, 0.6578, 0.0161, 0.0737, 0.0822], [0.058, 0.0573, 0.0638, 0.6698, 0.069, 0.0194, 0.0625], [0.0502, 0.025, 0.0752, 0.6966, 0.0711, 0.0146, 0.0674], [0.0286, 0.0635, 0.0562, 0.7078, 0.0601, 0.0212, 0.0626]], "emotions": ["green", "green", "green", "green", "green", "green", "green", "green", "green", "green", "green", "green", "green", "green", "green", "green", "green", "green", "green", "green", "green", "green", "green", "green", "green", "green", "green", "green", "green", "green", "green", "green", "green", "green", "green", "green", "green", "green", "green", "green", "green", "green", "green", "green", "green", "green", "green", "green", "green", "green", "green", "green", "green", "green", "green", "green", "green", "green", "green", "green", "green", "green", "green", "green", "green", "green", "green", "green", "green", "green", "green", "green", "green", "green", "green", "green", "green", "green", "green", "green"], "timestamps": [0, 40, 80, 120, 160, 200, 240, 280, 320, 360, 400, 440, 480, 520, 560, 600, 640, 680, 720, 760, 800, 840, 880, 920, 960, 1000, 1040, 1080, 1120, 1160, 1200, 1240, 1280, 1320, 1360, 1400, 1440, 1480, 1520, 1560, 1600, 1640, 1680, 1720, 1760, 1800, 1840, 1880, 1920, 1960, 2000, 2040, 2080, 2120, 2160, 2200, 2240, 2280, 2320, 2360, 2400, 2440, 2480, 2520, 2560, 2600, 2640, 2680, 2720, 2760, 2800, 2840, 2880, 2920, 2960, 3000, 3040, 3080, 3120, 3160]}], "conversation": [], "conversation_timestamps": []}