{"agent_id": "agent-green-132", "type": "green", "trips": [{"trip_id": 0, "transport_method": "foot", "start_time": 0, "path": [[1.5983036, 42.5618043], [1.5965738, 42.5620154], [1.5960918, 42.5614968], [1.5956722, 42.560186], [1.5951908, 42.5587661], [1.593915, 42.5580475], [1.5924771, 42.5574543], [1.591692, 42.5563882], [1.5912938, 42.5546969], [1.590536, 42.5535487], [1.591527, 42.5522031], [1.5918577, 42.5505031], [1.5922393, 42.5488113], [1.5919672, 42.5472809], [1.5914141, 42.5456724], [1.5918905, 42.544009], [1.5916237, 42.5423086], [1.5923838, 42.5408125], [1.5918312, 42.5392083], [1.5910903, 42.5377485], [1.5894953, 42.5370125], [1.5884809, 42.5356725], [1.5872364, 42.5346418], [1.5873939, 42.5348513], [1.5859081, 42.53392], [1.5854151, 42.5335419], [1.5840554, 42.5324352], [1.5824879, 42.5317051], [1.5807324, 42.531736], [1.5789767, 42.5317984], [1.5772224, 42.5317267], [1.5754879, 42.5314528], [1.5740442, 42.5305383], [1.5733798, 42.5300575], [1.574657, 42.5311926], [1.5736871, 42.5302148], [1.5722278, 42.5293506], [1.570697, 42.528902], [1.5696441, 42.528095], [1.5710749, 42.529105], [1.570208, 42.5286311], [1.5687457, 42.527657], [1.5677006, 42.5269728], [1.5690203, 42.527756], [1.5675612, 42.526777], [1.5661074, 42.5257937], [1.5644673, 42.5252205], [1.5628548, 42.5245709], [1.5616105, 42.5233516], [1.5601361, 42.522413], [1.5587686, 42.521365], [1.5574942, 42.5201563], [1.5568104, 42.51935], [1.5564799, 42.5189697], [1.5556755, 42.5184487], [1.5549957, 42.5179268], [1.5539919, 42.5170478], [1.5545314, 42.5176787], [1.5534853, 42.5162853], [1.5527225, 42.5147297], [1.5520637, 42.5132955], [1.5506555, 42.5122768], [1.5490342, 42.5116497], [1.5473287, 42.5112283], [1.5462238, 42.5101133], [1.5458458, 42.5095623], [1.5441356, 42.5092741], [1.5424418, 42.5088852], [1.5407964, 42.5086842], [1.5392753, 42.5082491], [1.5375581, 42.5079984], [1.5370051, 42.5079554], [1.5353038, 42.5075474], [1.5348535, 42.5074669], [1.5348414, 42.5073451], [1.5331903, 42.5067575], [1.5315348, 42.5065078], [1.529973, 42.5064976], [1.5284113, 42.5068096], [1.5269993, 42.5059222]], "mood_vectors": [[0.0376, 0.0156, 0.0835, 0.0305, 0.0525, 0.0145, 0.766], [0.0655, 0.0341, 0.0298, 0.0545, 0.027, 0.07, 0.719], [0.0588, 0.0293, 0.0489, 0.062, 0.0444, 0.0892, 0.6674], [0.0428, 0.05, 0.0681, 0.0844, 0.0582, 0.026, 0.6705], [0.042, 0.06, 0.0382, 0.0836, 0.0228, 0.023, 0.7305], [0.0287, 0.0837, 0.0886, 0.0178, 0.0203, 0.0753, 0.6857], [0.0726, 0.0551, 0.0448, 0.0198, 0.0235, 0.0325, 0.7517], [0.0726, 0.0416, 0.0689, 0.0537, 0.0354, 0.0321, 0.6956], [0.0499, 0.0566, 0.0567, 0.0337, 0.0615, 0.0664, 0.6751], [0.0528, 0.0943, 0.0442, 0.0301, 0.0406, 0.0354, 0.7025], [0.0833, 0.0303, 0.017, 0.0739, 0.07, 0.0796, 0.6459], [0.0366, 0.0739, 0.0709, 0.0397, 0.0567, 0.0119, 0.7104], [0.0501, 0.0794, 0.0359, 0.0548, 0.0666, 0.0551, 0.6581], [0.0196, 0.0732, 0.0511, 0.0382, 0.017, 0.0532, 0.7477], [0.0268, 0.0859, 0.0606, 0.0687, 0.0306, 0.0473, 0.68], [0.0348, 0.0179, 0.047, 0.077, 0.0376, 0.075, 0.7109], [0.0764, 0.0553, 0.0182, 0.04, 0.0477, 0.0598, 0.7026], [0.0251, 0.0708, 0.0543, 0.0172, 0.0264, 0.0382, 0.7679], [0.0419, 0.077, 0.0448, 0.0555, 0.0146, 0.0557, 0.7105], [0.0259, 0.0522, 0.0358, 0.0525, 0.058, 0.0168, 0.7589], [0.0274, 0.0466, 0.04, 0.0493, 0.05, 0.0701, 0.7167], [0.0569, 0.0294, 0.0525, 0.0312, 0.0155, 0.0164, 0.7982], [0.0438, 0.0627, 0.0583, 0.0855, 0.0638, 0.0254, 0.6604], [0.0202, 0.0563, 0.0197, 0.0599, 0.0631, 0.0256, 0.7551], [0.0188, 0.0279, 0.0725, 0.0799, 0.0359, 0.0653, 0.6997], [0.0156, 0.0451, 0.0727, 0.096, 0.0871, 0.02, 0.6633], [0.0834, 0.0815, 0.0308, 0.0715, 0.0409, 0.0741, 0.6179], [0.0649, 0.0507, 0.0318, 0.0676, 0.0632, 0.0273, 0.6945], [0.0719, 0.0327, 0.067, 0.0707, 0.0593, 0.0313, 0.667], [0.0646, 0.0669, 0.0388, 0.0434, 0.0377, 0.0387, 0.7099], [0.0175, 0.0304, 0.0802, 0.0237, 0.0768, 0.0958, 0.6755], [0.0463, 0.0881, 0.0524, 0.0339, 0.0297, 0.079, 0.6706], [0.0666, 0.0897, 0.0556, 0.077, 0.0751, 0.0534, 0.5826], [0.042, 0.0296, 0.0597, 0.0277, 0.0581, 0.0426, 0.7402], [0.0843, 0.0137, 0.0163, 0.0608, 0.0433, 0.0359, 0.7457], [0.0369, 0.0529, 0.0144, 0.054, 0.0796, 0.0202, 0.7421], [0.0327, 0.0623, 0.0439, 0.0647, 0.0224, 0.0283, 0.7458], [0.0755, 0.0641, 0.0501, 0.0374, 0.0396, 0.0517, 0.6816], [0.0506, 0.0553, 0.0413, 0.0651, 0.0356, 0.0357, 0.7164], [0.0892, 0.022, 0.0574, 0.032, 0.0237, 0.0367, 0.7389], [0.0396, 0.0481, 0.0153, 0.0687, 0.0588, 0.0427, 0.7268], [0.0676, 0.0684, 0.0407, 0.0684, 0.0334, 0.0706, 0.6509], [0.0282, 0.0418, 0.021, 0.0196, 0.0975, 0.0275, 0.7644], [0.0486, 0.0687, 0.0228, 0.0328, 0.0295, 0.0804, 0.7171], [0.0292, 0.0403, 0.0572, 0.0482, 0.0639, 0.0154, 0.7457], [0.0872, 0.0231, 0.0951, 0.0567, 0.0558, 0.0908, 0.5913], [0.0956, 0.0388, 0.0163, 0.0254, 0.0505, 0.0859, 0.6875], [0.0351, 0.0694, 0.059, 0.0259, 0.0735, 0.0327, 0.7044], [0.019, 0.0602, 0.0591, 0.0832, 0.0533, 0.0279, 0.6974], [0.0209, 0.0862, 0.0787, 0.0904, 0.0672, 0.061, 0.5957], [0.0314, 0.0404, 0.0675, 0.0683, 0.0707, 0.0424, 0.6793], [0.0684, 0.0589, 0.0494, 0.0624, 0.0827, 0.0194, 0.6588], [0.0243, 0.0828, 0.0361, 0.0777, 0.0271, 0.053, 0.699], [0.0564, 0.0285, 0.0473, 0.0419, 0.0488, 0.0548, 0.7222], [0.0557, 0.0816, 0.0729, 0.0401, 0.0798, 0.0354, 0.6346], [0.0194, 0.0206, 0.0627, 0.0448, 0.0605, 0.053, 0.739], [0.052, 0.0281, 0.0569, 0.0581, 0.0628, 0.0495, 0.6925], [0.0435, 0.0132, 0.0414, 0.0651, 0.0619, 0.0778, 0.6971], [0.031, 0.0794, 0.0172, 0.0292, 0.0152, 0.0563, 0.7718], [0.0285, 0.0481, 0.0237, 0.0474, 0.0345, 0.0432, 0.7746], [0.0459, 0.0403, 0.0914, 0.0344, 0.0437, 0.0243, 0.7199], [0.0554, 0.0575, 0.0808, 0.0822, 0.0399, 0.0571, 0.6271], [0.0238, 0.0698, 0.0616, 0.047, 0.0255, 0.0621, 0.7102], [0.074, 0.0178, 0.0557, 0.0441, 0.019, 0.0155, 0.7738], [0.0529, 0.07, 0.0649, 0.0707, 0.0686, 0.0455, 0.6274], [0.0829, 0.0142, 0.0412, 0.0711, 0.0427, 0.0266, 0.7212], [0.0671, 0.0564, 0.047, 0.0666, 0.0479, 0.0664, 0.6487], [0.0193, 0.0763, 0.045, 0.0157, 0.0484, 0.0611, 0.7341], [0.0183, 0.0805, 0.0509, 0.0134, 0.0331, 0.0167, 0.7871], [0.0874, 0.0144, 0.0531, 0.0259, 0.0638, 0.0682, 0.6873], [0.0288, 0.0377, 0.0773, 0.0581, 0.0338, 0.0133, 0.751], [0.0249, 0.0284, 0.0353, 0.0521, 0.0355, 0.0446, 0.7792], [0.0164, 0.0624, 0.0735, 0.0676, 0.0662, 0.0484, 0.6655], [0.0316, 0.0541, 0.034, 0.024, 0.0517, 0.0683, 0.7362], [0.016, 0.0533, 0.0797, 0.029, 0.0277, 0.0838, 0.7105], [0.0153, 0.0537, 0.0235, 0.075, 0.0766, 0.0388, 0.7171], [0.0396, 0.0712, 0.044, 0.0506, 0.0394, 0.0326, 0.7226], [0.0249, 0.0585, 0.0453, 0.0406, 0.0579, 0.0288, 0.7439], [0.0333, 0.0152, 0.0362, 0.049, 0.0503, 0.052, 0.7639], [0.0767, 0.0335, 0.0119, 0.0614, 0.078, 0.0151, 0.7234]], "emotions": ["purple", "purple", "purple", "purple", "purple", "purple", "purple", "purple", "purple", "purple", "purple", "purple", "purple", "purple", "purple", "purple", "purple", "purple", "purple", "purple", "purple", "purple", "purple", "purple", "purple", "purple", "purple", "purple", "purple", "purple", "purple", "purple", "purple", "purple", "purple", "purple", "purple", "purple", "purple", "purple", "purple", "purple", "purple", "purple", "purple", "purple", "purple", "purple", "purple", "purple", "purple", "purple", "purple", "purple", "purple", "purple", "purple", "purple", "purple", "purple", "purple", "purple", "purple", "purple", "purple", "purple", "purple", "purple", "purple", "purple", "purple", "purple", "purple", "purple", "purple", "purple", "purple", "purple", "purple", "purple"], "timestamps": [0, 40, 80, 120, 160, 200, 240, 280, 320, 360, 400, 440, 480, 520, 560, 600, 640, 680, 720, 760, 800, 840, 880, 920, 960, 1000, 1040, 1080, 1120, 1160, 1200, 1240, 1280, 1320, 1360, 1400, 1440, 1480, 1520, 1560, 1600, 1640, 1680, 1720, 1760, 1800, 1840, 1880, 1920, 1960, 2000, 2040, 2080, 2120, 2160, 2200, 2240, 2280, 2320, 2360, 2400, 2440, 2480, 2520, 2560, 2600, 2640, 2680, 2720, 2760, 2800, 2840, 2880, 2920, 2960, 3000, 3040, 3080, 3120, 3160]}], "conversation": [], "conversation_timestamps": []}