{"agent_id": "agent-purple-214", "type": "purple", "trips": [{"trip_id": 0, "transport_method": "car", "start_time": 0, "path": [[1.5342286, 42.5557958], [1.5328607, 42.5556175], [1.5309487, 42.5555138], [1.5292694, 42.5545616], [1.5279901, 42.5531092], [1.5265309, 42.5518144], [1.5279742, 42.5530022], [1.5279719, 42.5529599], [1.5266504, 42.5515249], [1.5259385, 42.549995], [1.5251686, 42.5482151], [1.5247441, 42.5464484], [1.5239958, 42.5451088], [1.5234669, 42.5439931], [1.5228864, 42.5421607], [1.5235052, 42.5407218], [1.5231472, 42.5392471], [1.5239645, 42.5377873], [1.525076, 42.5370355], [1.5234877, 42.5364638], [1.522242, 42.5350969], [1.5208709, 42.5338533], [1.5212041, 42.5322699], [1.521206, 42.5306399], [1.5217427, 42.5291718], [1.5207713, 42.5276016], [1.5207644, 42.52572], [1.520587, 42.5273032], [1.5207334, 42.5256724], [1.5211158, 42.5238708], [1.5220931, 42.5222131], [1.523433, 42.5208598], [1.523738, 42.5202429], [1.5237224, 42.5201623], [1.5246483, 42.5185506], [1.5261534, 42.5173581], [1.5278339, 42.5164986], [1.5292932, 42.5152808], [1.5302892, 42.5138554], [1.530977, 42.5121033], [1.5294968, 42.5109925], [1.5286842, 42.5095254], [1.5291239, 42.5099508], [1.5276591, 42.5086717], [1.5257711, 42.5082829], [1.5239557, 42.5077748], [1.5220426, 42.5077391], [1.5202216, 42.5074012], [1.5186351, 42.5067053], [1.5173955, 42.5059742], [1.515591, 42.5052934], [1.5146183, 42.5043048], [1.5132655, 42.5029216], [1.5117229, 42.5017407], [1.5099671, 42.5009256], [1.5082283, 42.500048], [1.5064882, 42.4991812], [1.5047339, 42.4983306], [1.5029672, 42.4975055], [1.5012026, 42.4967159], [1.499976, 42.4960385], [1.4988359, 42.4949073], [1.4980709, 42.4933684], [1.4980009, 42.4932992], [1.4964956, 42.4920603], [1.4950743, 42.4907493], [1.494216, 42.4890146], [1.4932602, 42.4873141], [1.4924744, 42.4855315], [1.4910834, 42.4843692], [1.4901962, 42.4826512], [1.4894714, 42.4808743], [1.4896287, 42.4789769], [1.4905764, 42.4772764], [1.4908372, 42.4754428], [1.4905095, 42.4735504], [1.4912761, 42.4717726], [1.4920357, 42.4699901], [1.4916162, 42.4681072], [1.4924216, 42.4666192]], "mood_vectors": [[0.0587, 0.0263, 0.0716, 0.0414, 0.0336, 0.7077, 0.0606], [0.0346, 0.0263, 0.0341, 0.0764, 0.0821, 0.7255, 0.0211], [0.0331, 0.0592, 0.0157, 0.0525, 0.055, 0.749, 0.0356], [0.0491, 0.0629, 0.0476, 0.0539, 0.0449, 0.6781, 0.0635], [0.0226, 0.0407, 0.0701, 0.0631, 0.0505, 0.6676, 0.0853], [0.0701, 0.0244, 0.0535, 0.0782, 0.0405, 0.6821, 0.0512], [0.0753, 0.0251, 0.0528, 0.0799, 0.044, 0.6364, 0.0864], [0.0665, 0.0534, 0.0494, 0.0772, 0.0182, 0.6595, 0.0759], [0.0383, 0.0561, 0.0763, 0.0129, 0.0223, 0.7597, 0.0344], [0.0237, 0.0383, 0.0688, 0.0185, 0.0342, 0.7611, 0.0556], [0.0558, 0.0807, 0.052, 0.0835, 0.0345, 0.6285, 0.065], [0.0684, 0.0288, 0.0697, 0.0146, 0.0201, 0.73, 0.0683], [0.0459, 0.0797, 0.0787, 0.0252, 0.0186, 0.7192, 0.0327], [0.0481, 0.0553, 0.0269, 0.0439, 0.0488, 0.7632, 0.0137], [0.0386, 0.0146, 0.0718, 0.0534, 0.0522, 0.7157, 0.0538], [0.0458, 0.0192, 0.0379, 0.0603, 0.0706, 0.6988, 0.0674], [0.026, 0.0805, 0.0156, 0.0581, 0.0294, 0.7189, 0.0716], [0.0184, 0.0241, 0.0326, 0.052, 0.0468, 0.7497, 0.0765], [0.0424, 0.052, 0.0341, 0.0398, 0.0231, 0.7775, 0.0311], [0.0358, 0.0581, 0.0404, 0.0369, 0.0464, 0.7465, 0.0358], [0.0319, 0.0636, 0.0396, 0.0614, 0.0301, 0.702, 0.0713], [0.0295, 0.0217, 0.0129, 0.0126, 0.0495, 0.8033, 0.0705], [0.0342, 0.0661, 0.0553, 0.0636, 0.0632, 0.636, 0.0816], [0.0762, 0.0518, 0.0755, 0.0426, 0.0458, 0.6674, 0.0407], [0.0447, 0.0262, 0.0895, 0.0349, 0.0562, 0.7353, 0.0133], [0.0314, 0.0624, 0.0449, 0.0603, 0.0413, 0.7082, 0.0515], [0.0602, 0.1025, 0.0531, 0.0457, 0.036, 0.6465, 0.056], [0.0766, 0.09, 0.0276, 0.0682, 0.0349, 0.6698, 0.0329], [0.0673, 0.0312, 0.0314, 0.0742, 0.0671, 0.6677, 0.0611], [0.0628, 0.0589, 0.0215, 0.0747, 0.0201, 0.7083, 0.0537], [0.048, 0.0223, 0.0349, 0.0787, 0.0943, 0.6702, 0.0516], [0.036, 0.0636, 0.0312, 0.0621, 0.0587, 0.7211, 0.0273], [0.0869, 0.0417, 0.0789, 0.0369, 0.0446, 0.6508, 0.0604], [0.0675, 0.0779, 0.0133, 0.0773, 0.0225, 0.7212, 0.0203], [0.0411, 0.0796, 0.036, 0.0435, 0.0817, 0.679, 0.0392], [0.0358, 0.0209, 0.0765, 0.0314, 0.075, 0.7056, 0.0548], [0.0365, 0.013, 0.0526, 0.0547, 0.0549, 0.7192, 0.0691], [0.0725, 0.0465, 0.0772, 0.0262, 0.0617, 0.6999, 0.0161], [0.0475, 0.0435, 0.0472, 0.0267, 0.0676, 0.7125, 0.0551], [0.0488, 0.0652, 0.0331, 0.034, 0.0571, 0.7071, 0.0546], [0.0556, 0.0349, 0.0289, 0.1016, 0.0463, 0.6943, 0.0383], [0.0227, 0.0651, 0.0738, 0.0373, 0.0197, 0.7129, 0.0685], [0.0181, 0.0347, 0.0493, 0.0711, 0.0305, 0.7488, 0.0475], [0.0201, 0.0165, 0.0221, 0.0481, 0.0475, 0.7933, 0.0523], [0.0792, 0.0409, 0.0388, 0.0397, 0.0928, 0.6584, 0.0502], [0.0343, 0.0903, 0.0261, 0.0396, 0.0675, 0.7286, 0.0135], [0.089, 0.0308, 0.0675, 0.072, 0.044, 0.6578, 0.0388], [0.0498, 0.0239, 0.0345, 0.0397, 0.0798, 0.7194, 0.0528], [0.0504, 0.0711, 0.0961, 0.0366, 0.0469, 0.6731, 0.0257], [0.052, 0.0646, 0.0457, 0.062, 0.0857, 0.6049, 0.085], [0.0316, 0.0708, 0.0568, 0.0159, 0.0256, 0.723, 0.0763], [0.0145, 0.0692, 0.0525, 0.0448, 0.0654, 0.7119, 0.0416], [0.0431, 0.0458, 0.0667, 0.066, 0.0705, 0.6266, 0.0812], [0.033, 0.0394, 0.015, 0.0978, 0.0907, 0.6897, 0.0344], [0.0624, 0.0494, 0.055, 0.0119, 0.0523, 0.7288, 0.0402], [0.0256, 0.0796, 0.0365, 0.0684, 0.0203, 0.7393, 0.0303], [0.0587, 0.0741, 0.0729, 0.0453, 0.0501, 0.6552, 0.0437], [0.035, 0.0764, 0.0611, 0.0262, 0.0778, 0.6922, 0.0312], [0.0468, 0.0317, 0.0835, 0.0173, 0.0334, 0.684, 0.1033], [0.0521, 0.0753, 0.0143, 0.0141, 0.0634, 0.7634, 0.0173], [0.0844, 0.0248, 0.0545, 0.0715, 0.0274, 0.7157, 0.0217], [0.0339, 0.0134, 0.058, 0.0638, 0.0727, 0.7223, 0.0359], [0.015, 0.0228, 0.0548, 0.0453, 0.0276, 0.8128, 0.0217], [0.05, 0.072, 0.0548, 0.0588, 0.0726, 0.6398, 0.0519], [0.0216, 0.0243, 0.0522, 0.0676, 0.0654, 0.6957, 0.0732], [0.0854, 0.0951, 0.0433, 0.0576, 0.0441, 0.6146, 0.0597], [0.0803, 0.0481, 0.0644, 0.0414, 0.027, 0.7154, 0.0235], [0.025, 0.0894, 0.0306, 0.0847, 0.0838, 0.6219, 0.0647], [0.0206, 0.0759, 0.0495, 0.0549, 0.0457, 0.6872, 0.0663], [0.073, 0.0805, 0.0221, 0.0399, 0.0222, 0.7202, 0.042], [0.0439, 0.0416, 0.0657, 0.0596, 0.0502, 0.7043, 0.0347], [0.0302, 0.0386, 0.0617, 0.0214, 0.0736, 0.732, 0.0426], [0.069, 0.0237, 0.0141, 0.0417, 0.0423, 0.7955, 0.0136], [0.0948, 0.0356, 0.0564, 0.0641, 0.0164, 0.6838, 0.049], [0.0196, 0.0438, 0.0342, 0.0608, 0.0179, 0.7633, 0.0604], [0.0578, 0.022, 0.052, 0.0288, 0.0665, 0.726, 0.047], [0.084, 0.0469, 0.0765, 0.023, 0.0233, 0.6619, 0.0843], [0.0864, 0.0745, 0.0544, 0.0184, 0.0215, 0.685, 0.0597], [0.0442, 0.0498, 0.0328, 0.0526, 0.0555, 0.7032, 0.062], [0.0289, 0.022, 0.0904, 0.057, 0.061, 0.6747, 0.066]], "emotions": ["purple", "purple", "purple", "purple", "purple", "purple", "purple", "purple", "purple", "purple", "purple", "purple", "purple", "purple", "purple", "purple", "purple", "purple", "purple", "purple", "purple", "purple", "purple", "purple", "purple", "purple", "purple", "purple", "purple", "purple", "purple", "purple", "purple", "purple", "purple", "purple", "purple", "purple", "purple", "purple", "purple", "purple", "purple", "purple", "purple", "purple", "purple", "purple", "purple", "purple", "purple", "purple", "purple", "purple", "purple", "purple", "purple", "purple", "purple", "purple", "purple", "purple", "purple", "purple", "purple", "purple", "purple", "purple", "purple", "purple", "purple", "purple", "purple", "purple", "purple", "purple", "purple", "purple", "purple", "purple"], "timestamps": [0, 40, 80, 120, 160, 200, 240, 280, 320, 360, 400, 440, 480, 520, 560, 600, 640, 680, 720, 760, 800, 840, 880, 920, 960, 1000, 1040, 1080, 1120, 1160, 1200, 1240, 1280, 1320, 1360, 1400, 1440, 1480, 1520, 1560, 1600, 1640, 1680, 1720, 1760, 1800, 1840, 1880, 1920, 1960, 2000, 2040, 2080, 2120, 2160, 2200, 2240, 2280, 2320, 2360, 2400, 2440, 2480, 2520, 2560, 2600, 2640, 2680, 2720, 2760, 2800, 2840, 2880, 2920, 2960, 3000, 3040, 3080, 3120, 3160]}], "conversation": [], "conversation_timestamps": []}