{"agent_id": "agent-green-1722", "type": "green", "trips": [{"trip_id": 0, "transport_method": "bus", "start_time": 0, "path": [[1.5325445, 42.5076832], [1.5325687, 42.507537], [1.5325929, 42.5073908], [1.5325491, 42.5073355], [1.5324157, 42.5074001], [1.5322823, 42.5074647], [1.5321489, 42.5075293], [1.5320155, 42.5075939], [1.5318707, 42.507622], [1.5317243, 42.5076451], [1.5315778, 42.5076682], [1.5314733, 42.5076977], [1.5316028, 42.5077686], [1.5314726, 42.5078395], [1.5313424, 42.5079104], [1.5312123, 42.5079812], [1.5310821, 42.5080521], [1.5309519, 42.508123], [1.5308217, 42.5081939], [1.5306915, 42.5082647], [1.5305462, 42.5082913], [1.5304, 42.5083159], [1.530261, 42.5083673], [1.530122, 42.5084187], [1.529983, 42.5084701], [1.529845, 42.5085241], [1.5297082, 42.5085812], [1.5295697, 42.5086338], [1.5294292, 42.5086811], [1.5292888, 42.5087284], [1.5291483, 42.5087757], [1.5290078, 42.5088229], [1.5288673, 42.5088702], [1.5287239, 42.5088526], [1.5285796, 42.5088185], [1.5284372, 42.5087793], [1.5283041, 42.508714], [1.5281707, 42.5086496], [1.5280344, 42.5085913], [1.5278981, 42.508533], [1.5277618, 42.5084747], [1.5276255, 42.5084165], [1.5274842, 42.5083727], [1.5273364, 42.5083622], [1.5271882, 42.5083608], [1.5270399, 42.5083593], [1.5268918, 42.5083567], [1.5267436, 42.5083513], [1.526596, 42.5083392], [1.526449, 42.5083206], [1.5263029, 42.5082954], [1.5261575, 42.5082669], [1.5260135, 42.5082321], [1.5258666, 42.5082126], [1.525722, 42.5081843], [1.5255854, 42.5081268], [1.5254452, 42.5080794], [1.5253042, 42.5080338], [1.5251631, 42.5079882], [1.5250208, 42.5079471], [1.5248773, 42.5079098], [1.5247339, 42.5078725], [1.5245898, 42.5078378], [1.5244443, 42.5078098], [1.5242985, 42.5077837], [1.5241507, 42.5077732], [1.5240025, 42.5077738], [1.5238544, 42.5077785], [1.5237065, 42.5077888], [1.5235587, 42.507799], [1.5234108, 42.5078093], [1.5232635, 42.5078254], [1.5231356, 42.5077903], [1.5229879, 42.5077775], [1.5228402, 42.5077647], [1.5226926, 42.5077518], [1.5225449, 42.507739], [1.5223973, 42.5077261], [1.5222496, 42.5077133], [1.5221019, 42.5077004]], "mood_vectors": [[0.0767, 0.0328, 0.0159, 0.0962, 0.0284, 0.0944, 0.6556], [0.0922, 0.0751, 0.053, 0.0565, 0.0495, 0.0182, 0.6555], [0.0672, 0.0347, 0.0586, 0.0896, 0.0227, 0.0349, 0.6924], [0.0606, 0.0398, 0.0388, 0.0689, 0.0526, 0.0649, 0.6744], [0.0471, 0.05, 0.0136, 0.0702, 0.0139, 0.0677, 0.7375], [0.0289, 0.035, 0.0778, 0.0804, 0.0268, 0.0338, 0.7172], [0.0345, 0.0519, 0.0422, 0.0497, 0.032, 0.0573, 0.7324], [0.0828, 0.0867, 0.0293, 0.0174, 0.0701, 0.0781, 0.6356], [0.027, 0.0283, 0.0838, 0.0667, 0.0692, 0.0864, 0.6385], [0.0306, 0.0208, 0.0729, 0.0582, 0.0443, 0.0617, 0.7115], [0.0699, 0.0149, 0.0618, 0.0657, 0.0218, 0.0568, 0.709], [0.0742, 0.0565, 0.0591, 0.0645, 0.0219, 0.0773, 0.6465], [0.0855, 0.0168, 0.0373, 0.0643, 0.0833, 0.0161, 0.6967], [0.033, 0.0739, 0.0718, 0.0295, 0.0335, 0.0503, 0.708], [0.0717, 0.0777, 0.0598, 0.0855, 0.0811, 0.0445, 0.5797], [0.0327, 0.0514, 0.0241, 0.0332, 0.0366, 0.0453, 0.7766], [0.0682, 0.0774, 0.0613, 0.0328, 0.0459, 0.019, 0.6953], [0.0755, 0.0184, 0.0615, 0.0341, 0.0719, 0.0478, 0.6908], [0.0528, 0.0894, 0.0259, 0.0201, 0.0151, 0.0867, 0.7099], [0.0258, 0.0699, 0.0482, 0.0793, 0.0666, 0.014, 0.6962], [0.0567, 0.0137, 0.0383, 0.0693, 0.0712, 0.0443, 0.7065], [0.0239, 0.0609, 0.0385, 0.0202, 0.0376, 0.0838, 0.735], [0.0191, 0.0514, 0.0843, 0.0902, 0.0203, 0.0317, 0.7031], [0.055, 0.0353, 0.0152, 0.0736, 0.04, 0.0642, 0.7168], [0.0308, 0.0728, 0.0347, 0.041, 0.0636, 0.0742, 0.6829], [0.0255, 0.092, 0.0311, 0.0606, 0.0365, 0.0421, 0.7122], [0.0318, 0.0372, 0.0664, 0.0535, 0.0221, 0.0285, 0.7605], [0.061, 0.0566, 0.0171, 0.0374, 0.0182, 0.0392, 0.7705], [0.0395, 0.0229, 0.0713, 0.0575, 0.0865, 0.0158, 0.7065], [0.0443, 0.0593, 0.0701, 0.0709, 0.0479, 0.0138, 0.6937], [0.069, 0.0491, 0.0408, 0.0844, 0.0816, 0.0322, 0.6428], [0.0483, 0.0156, 0.0207, 0.0279, 0.0787, 0.0735, 0.7354], [0.0265, 0.0511, 0.0539, 0.0736, 0.0242, 0.0333, 0.7373], [0.0612, 0.0446, 0.0641, 0.0637, 0.0755, 0.0662, 0.6247], [0.0426, 0.0172, 0.0245, 0.0348, 0.0346, 0.0371, 0.8093], [0.023, 0.0381, 0.0883, 0.0575, 0.0701, 0.0407, 0.6822], [0.0559, 0.0205, 0.0636, 0.0864, 0.0241, 0.0312, 0.7184], [0.0838, 0.0278, 0.0235, 0.0427, 0.049, 0.0494, 0.7239], [0.0786, 0.0926, 0.0226, 0.0534, 0.0278, 0.0613, 0.6638], [0.0767, 0.0127, 0.069, 0.0115, 0.035, 0.0352, 0.76], [0.0399, 0.05, 0.024, 0.0565, 0.0321, 0.0348, 0.7627], [0.0624, 0.0262, 0.0285, 0.0308, 0.0708, 0.0662, 0.7151], [0.0198, 0.0448, 0.03, 0.0284, 0.0552, 0.0643, 0.7574], [0.0423, 0.0211, 0.0192, 0.0377, 0.0845, 0.0336, 0.7616], [0.0453, 0.0302, 0.0728, 0.0555, 0.0714, 0.067, 0.6577], [0.0478, 0.0452, 0.0309, 0.051, 0.0452, 0.0551, 0.7247], [0.0507, 0.0287, 0.057, 0.0644, 0.0195, 0.0195, 0.7601], [0.0142, 0.0896, 0.0857, 0.052, 0.0456, 0.065, 0.6478], [0.062, 0.0571, 0.0419, 0.0764, 0.0345, 0.0337, 0.6944], [0.0816, 0.0357, 0.0384, 0.0584, 0.0785, 0.0908, 0.6166], [0.0367, 0.0133, 0.0774, 0.0257, 0.0739, 0.0395, 0.7334], [0.0893, 0.0548, 0.0501, 0.0571, 0.0465, 0.0254, 0.6768], [0.0821, 0.0298, 0.0865, 0.0718, 0.0321, 0.0273, 0.6703], [0.0287, 0.0348, 0.0811, 0.043, 0.0607, 0.0398, 0.7118], [0.0945, 0.0248, 0.0619, 0.0237, 0.0241, 0.0461, 0.7249], [0.0641, 0.0621, 0.018, 0.0675, 0.0398, 0.044, 0.7046], [0.0199, 0.0639, 0.0344, 0.0649, 0.0289, 0.0776, 0.7105], [0.062, 0.0564, 0.0447, 0.0552, 0.0258, 0.0814, 0.6746], [0.0768, 0.0478, 0.0405, 0.0635, 0.027, 0.0481, 0.6962], [0.0597, 0.0507, 0.0594, 0.0636, 0.0721, 0.0246, 0.6699], [0.0651, 0.0689, 0.0516, 0.0139, 0.0703, 0.0489, 0.6813], [0.0634, 0.0695, 0.0716, 0.034, 0.0291, 0.037, 0.6953], [0.0274, 0.0264, 0.0508, 0.0408, 0.0583, 0.0639, 0.7322], [0.0288, 0.019, 0.0664, 0.0454, 0.0603, 0.0543, 0.7258], [0.0436, 0.0212, 0.03, 0.0548, 0.0546, 0.023, 0.7728], [0.0646, 0.0347, 0.0536, 0.0538, 0.0369, 0.0506, 0.7058], [0.0306, 0.0912, 0.0386, 0.0278, 0.0228, 0.0495, 0.7394], [0.0719, 0.0399, 0.0232, 0.0416, 0.0176, 0.0637, 0.7422], [0.0258, 0.0332, 0.0866, 0.039, 0.0735, 0.0354, 0.7065], [0.0478, 0.0722, 0.0336, 0.0641, 0.0647, 0.0583, 0.6593], [0.0579, 0.0245, 0.0266, 0.0314, 0.0518, 0.0829, 0.7248], [0.0521, 0.0544, 0.0365, 0.0884, 0.0894, 0.0686, 0.6107], [0.0192, 0.0132, 0.0232, 0.0853, 0.04, 0.0234, 0.7956], [0.0689, 0.0517, 0.0182, 0.056, 0.0484, 0.072, 0.6848], [0.036, 0.0436, 0.0507, 0.0625, 0.075, 0.0289, 0.7034], [0.0656, 0.0237, 0.0353, 0.0169, 0.0663, 0.0428, 0.7495], [0.0835, 0.0179, 0.0416, 0.0145, 0.026, 0.0397, 0.7767], [0.0403, 0.0175, 0.0814, 0.0338, 0.069, 0.0715, 0.6865], [0.019, 0.0909, 0.0905, 0.0406, 0.0198, 0.098, 0.6413], [0.0621, 0.0605, 0.059, 0.0406, 0.0226, 0.0744, 0.6808]], "emotions": ["purple", "purple", "purple", "purple", "purple", "purple", "purple", "purple", "purple", "purple", "purple", "purple", "purple", "purple", "purple", "purple", "purple", "purple", "purple", "purple", "purple", "purple", "purple", "purple", "purple", "purple", "purple", "purple", "purple", "purple", "purple", "purple", "purple", "purple", "purple", "purple", "purple", "purple", "purple", "purple", "purple", "purple", "purple", "purple", "purple", "purple", "purple", "purple", "purple", "purple", "purple", "purple", "purple", "purple", "purple", "purple", "purple", "purple", "purple", "purple", "purple", "purple", "purple", "purple", "purple", "purple", "purple", "purple", "purple", "purple", "purple", "purple", "purple", "purple", "purple", "purple", "purple", "purple", "purple", "purple"], "timestamps": [0, 40, 80, 120, 160, 200, 240, 280, 320, 360, 400, 440, 480, 520, 560, 600, 640, 680, 720, 760, 800, 840, 880, 920, 960, 1000, 1040, 1080, 1120, 1160, 1200, 1240, 1280, 1320, 1360, 1400, 1440, 1480, 1520, 1560, 1600, 1640, 1680, 1720, 1760, 1800, 1840, 1880, 1920, 1960, 2000, 2040, 2080, 2120, 2160, 2200, 2240, 2280, 2320, 2360, 2400, 2440, 2480, 2520, 2560, 2600, 2640, 2680, 2720, 2760, 2800, 2840, 2880, 2920, 2960, 3000, 3040, 3080, 3120, 3160]}], "conversation": [], "conversation_timestamps": []}