{"agent_id": "agent-purple-379", "type": "purple", "trips": [{"trip_id": 0, "transport_method": "bicycle", "start_time": 0, "path": [[1.5379044, 42.50939], [1.5379051, 42.510111], [1.5380719, 42.5107984], [1.5384096, 42.5113265], [1.5377982, 42.5116734], [1.5371236, 42.5119219], [1.5365504, 42.5123479], [1.5359083, 42.5126624], [1.5352044, 42.5127996], [1.5345398, 42.5130793], [1.5340579, 42.5134717], [1.5334595, 42.5138101], [1.5327753, 42.5140248], [1.5321765, 42.5144183], [1.5316759, 42.514933], [1.5312727, 42.5152654], [1.5308843, 42.5155534], [1.5302743, 42.5159287], [1.5296593, 42.5162868], [1.5290457, 42.516665], [1.5283775, 42.5165967], [1.5277653, 42.5169543], [1.5271109, 42.5172582], [1.5264447, 42.5175353], [1.5258464, 42.5179262], [1.5253006, 42.5183974], [1.5247283, 42.518837], [1.5241492, 42.5192675], [1.5239193, 42.5199286], [1.5236328, 42.5205857], [1.5232781, 42.5212139], [1.5227505, 42.5216985], [1.5221696, 42.5221221], [1.5218222, 42.522746], [1.5215216, 42.5233939], [1.5210561, 42.5239451], [1.520693, 42.524566], [1.5206135, 42.525279], [1.5205854, 42.526], [1.5203036, 42.5266513], [1.5199555, 42.5272665], [1.5202357, 42.5279027], [1.5206031, 42.5285171], [1.5206099, 42.5292262], [1.5202307, 42.5298363], [1.5196891, 42.5301867], [1.5198186, 42.5308796], [1.5195482, 42.5315392], [1.519621, 42.5322428], [1.5197333, 42.5329478], [1.5195075, 42.5336244], [1.5197265, 42.5342659], [1.520241, 42.5347718], [1.5207719, 42.5352601], [1.5213057, 42.5357397], [1.5208084, 42.5362041], [1.5203104, 42.5367155], [1.5199835, 42.5373551], [1.5196996, 42.5380182], [1.5195096, 42.5387098], [1.5193609, 42.539411], [1.5193871, 42.5401263], [1.5194046, 42.5407941], [1.5189681, 42.5412993], [1.518312, 42.5415997], [1.518221, 42.5416475], [1.5188853, 42.5413658], [1.5187621, 42.5413996], [1.5181099, 42.5417084], [1.517575, 42.5421629], [1.5172207, 42.5427905], [1.5168153, 42.5433722], [1.5162728, 42.5438435], [1.5157527, 42.544343], [1.515277, 42.5448643], [1.5145588, 42.5449063], [1.5138603, 42.5449009], [1.5142582, 42.5444923], [1.5149239, 42.5442216], [1.5152746, 42.5436056]], "mood_vectors": [[0.0609, 0.0579, 0.0402, 0.0446, 0.0546, 0.6983, 0.0435], [0.0373, 0.0557, 0.0402, 0.0252, 0.0251, 0.799, 0.0174], [0.0535, 0.0133, 0.0245, 0.0642, 0.0319, 0.7321, 0.0806], [0.0618, 0.0724, 0.0458, 0.0721, 0.0673, 0.6474, 0.0333], [0.0813, 0.0173, 0.0895, 0.0884, 0.0738, 0.6122, 0.0377], [0.0507, 0.0138, 0.0785, 0.0737, 0.0566, 0.7136, 0.0132], [0.0605, 0.0527, 0.0668, 0.076, 0.0181, 0.6412, 0.0846], [0.049, 0.0676, 0.0128, 0.0735, 0.062, 0.717, 0.0181], [0.0336, 0.06, 0.083, 0.0169, 0.0742, 0.7134, 0.0188], [0.0362, 0.046, 0.0137, 0.0946, 0.04, 0.7279, 0.0417], [0.0171, 0.0429, 0.0379, 0.0998, 0.0181, 0.712, 0.0722], [0.0295, 0.0527, 0.0651, 0.0399, 0.0462, 0.7187, 0.0477], [0.0339, 0.0403, 0.0362, 0.0843, 0.0793, 0.7055, 0.0206], [0.0704, 0.0791, 0.0286, 0.0764, 0.0284, 0.681, 0.0361], [0.0693, 0.0275, 0.0537, 0.0386, 0.0584, 0.7018, 0.0507], [0.0182, 0.0912, 0.021, 0.031, 0.0591, 0.7099, 0.0696], [0.04, 0.055, 0.038, 0.0258, 0.0341, 0.7669, 0.0402], [0.018, 0.0291, 0.0311, 0.0286, 0.0885, 0.7409, 0.0638], [0.0917, 0.0255, 0.035, 0.0649, 0.079, 0.6871, 0.0167], [0.0439, 0.0465, 0.0507, 0.0708, 0.0448, 0.6692, 0.074], [0.0178, 0.0765, 0.0442, 0.0656, 0.0524, 0.7197, 0.0238], [0.0568, 0.0715, 0.0379, 0.022, 0.0274, 0.7515, 0.033], [0.0514, 0.0704, 0.0729, 0.0435, 0.0355, 0.6626, 0.0638], [0.0239, 0.0632, 0.031, 0.0391, 0.0392, 0.7301, 0.0735], [0.0473, 0.0778, 0.0835, 0.0669, 0.0275, 0.6388, 0.0581], [0.058, 0.0785, 0.0425, 0.025, 0.022, 0.7322, 0.0417], [0.0662, 0.0357, 0.0171, 0.0706, 0.0365, 0.7589, 0.0151], [0.0538, 0.0349, 0.0243, 0.0744, 0.017, 0.7316, 0.0639], [0.0238, 0.0559, 0.0135, 0.0254, 0.051, 0.7669, 0.0635], [0.049, 0.015, 0.0652, 0.0541, 0.0366, 0.7669, 0.0134], [0.0144, 0.0341, 0.0331, 0.0749, 0.0263, 0.7429, 0.0743], [0.0657, 0.0483, 0.053, 0.0296, 0.0769, 0.6764, 0.0501], [0.0558, 0.0808, 0.0532, 0.0353, 0.0747, 0.6696, 0.0305], [0.0454, 0.0351, 0.0708, 0.0611, 0.0751, 0.6437, 0.0689], [0.0464, 0.0693, 0.0435, 0.0205, 0.0335, 0.7409, 0.0459], [0.0609, 0.0192, 0.0302, 0.054, 0.026, 0.7802, 0.0296], [0.0815, 0.0402, 0.0281, 0.0471, 0.0388, 0.7128, 0.0515], [0.0498, 0.0262, 0.0641, 0.0342, 0.079, 0.7209, 0.0259], [0.0615, 0.0227, 0.0672, 0.0876, 0.033, 0.6879, 0.04], [0.0153, 0.0568, 0.0246, 0.0125, 0.0746, 0.7702, 0.0461], [0.052, 0.0371, 0.0683, 0.0609, 0.0813, 0.632, 0.0684], [0.0428, 0.0804, 0.0371, 0.0652, 0.0414, 0.6708, 0.0622], [0.0814, 0.0132, 0.0256, 0.0221, 0.0666, 0.7079, 0.0832], [0.0676, 0.0344, 0.072, 0.0669, 0.0335, 0.6914, 0.0341], [0.0651, 0.0258, 0.0811, 0.0159, 0.1011, 0.6796, 0.0314], [0.0688, 0.0735, 0.0576, 0.1003, 0.0434, 0.6309, 0.0255], [0.0679, 0.0138, 0.0424, 0.0298, 0.0403, 0.7909, 0.0149], [0.0385, 0.0796, 0.0251, 0.0251, 0.0747, 0.6925, 0.0646], [0.0226, 0.0141, 0.0676, 0.0783, 0.0301, 0.7563, 0.031], [0.0471, 0.0681, 0.0659, 0.0438, 0.0529, 0.7, 0.0224], [0.0685, 0.0745, 0.0445, 0.0251, 0.0194, 0.7408, 0.0272], [0.0192, 0.0108, 0.0694, 0.0636, 0.0676, 0.7058, 0.0636], [0.0564, 0.0621, 0.0231, 0.074, 0.0838, 0.6589, 0.0417], [0.0468, 0.076, 0.0234, 0.0324, 0.0225, 0.7706, 0.0284], [0.0208, 0.0442, 0.0196, 0.0637, 0.038, 0.7559, 0.0578], [0.0482, 0.0729, 0.0641, 0.0202, 0.0329, 0.6999, 0.0617], [0.0202, 0.0288, 0.0338, 0.0415, 0.0746, 0.7071, 0.0939], [0.0578, 0.0688, 0.0575, 0.0452, 0.0748, 0.6675, 0.0284], [0.0304, 0.0409, 0.0713, 0.0612, 0.0683, 0.7017, 0.0261], [0.0667, 0.0524, 0.0431, 0.0237, 0.085, 0.7062, 0.0228], [0.0587, 0.0165, 0.0374, 0.0445, 0.0683, 0.7606, 0.014], [0.0587, 0.0429, 0.0242, 0.0699, 0.0607, 0.6845, 0.0591], [0.0706, 0.0305, 0.0749, 0.0414, 0.073, 0.6594, 0.0502], [0.0464, 0.0746, 0.0254, 0.0556, 0.051, 0.6759, 0.0711], [0.0492, 0.0912, 0.0563, 0.0337, 0.0194, 0.7126, 0.0376], [0.0521, 0.0436, 0.0718, 0.048, 0.016, 0.7075, 0.061], [0.0339, 0.0338, 0.0152, 0.083, 0.0143, 0.7442, 0.0756], [0.0746, 0.0336, 0.0347, 0.0479, 0.073, 0.7149, 0.0213], [0.0429, 0.0822, 0.0637, 0.0307, 0.0896, 0.6156, 0.0753], [0.0496, 0.0131, 0.0707, 0.0501, 0.0323, 0.7668, 0.0174], [0.0732, 0.0554, 0.0425, 0.0175, 0.028, 0.7273, 0.0561], [0.0478, 0.0628, 0.08, 0.0446, 0.0304, 0.7161, 0.0183], [0.0837, 0.0575, 0.074, 0.0682, 0.0851, 0.6138, 0.0178], [0.0287, 0.0255, 0.0507, 0.0879, 0.031, 0.739, 0.0372], [0.0418, 0.0171, 0.0518, 0.066, 0.0753, 0.7064, 0.0416], [0.0168, 0.0373, 0.0276, 0.015, 0.0416, 0.8447, 0.0169], [0.024, 0.0695, 0.053, 0.0133, 0.0632, 0.737, 0.0399], [0.0299, 0.0295, 0.0608, 0.0259, 0.0707, 0.7579, 0.0252], [0.0911, 0.0816, 0.0162, 0.0429, 0.0915, 0.6547, 0.022], [0.0631, 0.0461, 0.0166, 0.0177, 0.0642, 0.7509, 0.0415]], "emotions": ["purple", "purple", "purple", "purple", "purple", "purple", "purple", "purple", "purple", "purple", "purple", "purple", "purple", "purple", "purple", "purple", "purple", "purple", "purple", "purple", "purple", "purple", "purple", "purple", "purple", "purple", "purple", "purple", "purple", "purple", "purple", "purple", "purple", "purple", "purple", "purple", "purple", "purple", "purple", "purple", "purple", "purple", "purple", "purple", "purple", "purple", "purple", "purple", "purple", "purple", "purple", "purple", "purple", "purple", "purple", "purple", "purple", "purple", "purple", "purple", "purple", "purple", "purple", "purple", "purple", "purple", "purple", "purple", "purple", "purple", "purple", "purple", "purple", "purple", "purple", "purple", "purple", "purple", "purple", "purple"], "timestamps": [0, 40, 80, 120, 160, 200, 240, 280, 320, 360, 400, 440, 480, 520, 560, 600, 640, 680, 720, 760, 800, 840, 880, 920, 960, 1000, 1040, 1080, 1120, 1160, 1200, 1240, 1280, 1320, 1360, 1400, 1440, 1480, 1520, 1560, 1600, 1640, 1680, 1720, 1760, 1800, 1840, 1880, 1920, 1960, 2000, 2040, 2080, 2120, 2160, 2200, 2240, 2280, 2320, 2360, 2400, 2440, 2480, 2520, 2560, 2600, 2640, 2680, 2720, 2760, 2800, 2840, 2880, 2920, 2960, 3000, 3040, 3080, 3120, 3160]}], "conversation": [], "conversation_timestamps": []}