{
  "agent_id": "agent-type-red-58",
  "type": "red",
  "trips": [
    {
      "trip_id": 0,
      "transport_method": "stopped",
      "start_time": 0,
      "path": [
        [
          1.5293513,
          42.507062
        ],
        [
          1.5293513,
          42.507062
        ],
        [
          1.5293513,
          42.507062
        ],
        [
          1.5293513,
          42.507062
        ],
        [
          1.5293513,
          42.507062
        ]
      ],
      "emotions": [
        "purple",
        "purple",
        "purple",
        "purple",
        "purple"
      ],
      "mood_vectors": [
        [
          0.11035029196263342,
          0.18371155166108064,
          0.054215585580780455,
          0.18656345597404184,
          0.13832528514796993,
          0.1704140476480882,
          0.1564197820254055
        ],
        [
          0.19532910024778272,
          0.1600443618659345,
          0.20095906331611293,
          0.06708987902641537,
          0.07851794592992414,
          0.03518100731352784,
          0.26287864230030256
        ],
        [
          0.11529269417018047,
          0.18262668054930348,
          0.19467413127266048,
          0.06063259942063645,
          0.21337844659482724,
          0.15476576183725826,
          0.07862968615513362
        ],
        [
          0.18947479793556288,
          0.22238442399025374,
          0.061243916100849824,
          0.043673270726681826,
          0.29350837561111653,
          0.011925556401385588,
          0.17778965923414955
        ],
        [
          0.2287167959045766,
          0.19394897493889646,
          0.22576535436552847,
          0.09912589114729528,
          0.058879843400834776,
          0.01939664002451502,
          0.17416650021835345
        ]
      ],
      "timestamps": [
        0,
        1,
        2,
        3,
        4
      ]
    },
    {
      "trip_id": 1,
      "transport_method": "bicycle",
      "start_time": 5,
      "path": [
        [
          1.5293513,
          42.507062
        ],
        [
          1.5290008239152266,
          42.506751941759354
        ],
        [
          1.5285145680458823,
          42.506869112559386
        ],
        [
          1.5281666305676551,
          42.50662570023914
        ],
        [
          1.5277028372695314,
          42.5063408397114
        ],
        [
          1.5272975851841701,
          42.50620700798983
        ],
        [
          1.5268362783414067,
          42.50583477502218
        ],
        [
          1.526292352139172,
          42.50556968244466
        ],
        [
          1.5262579502568179,
          42.50523673725104
        ],
        [
          1.5268559483867685,
          42.50533003242293
        ],
        [
          1.5273720195353127,
          42.5054692860307
        ],
        [
          1.5278832111429481,
          42.50577121644244
        ],
        [
          1.5273775933087692,
          42.50548611161744
        ],
        [
          1.526880423996863,
          42.505333850923584
        ],
        [
          1.5262824258669123,
          42.5052405557517
        ],
        [
          1.5265699201662954,
          42.505230199940215
        ],
        [
          1.5271689734807188,
          42.50531646047001
        ],
        [
          1.5269843732048578,
          42.505289879000195
        ],
        [
          1.5263853198904345,
          42.5052036184704
        ],
        [
          1.5264667009841606,
          42.50526930496993
        ],
        [
          1.5270646991141112,
          42.505362600141815
        ],
        [
          1.5276549245922366,
          42.50549059101185
        ],
        [
          1.5282269735551417,
          42.50564128306324
        ],
        [
          1.5279808364340441,
          42.50533977216435
        ],
        [
          1.5275165722547164,
          42.5051975804256
        ],
        [
          1.526941508267326,
          42.50518621089258
        ],
        [
          1.5265992882923092,
          42.5049564268381
        ],
        [
          1.5260131403358226,
          42.504808553839034
        ],
        [
          1.5254182675555692,
          42.50469705438685
        ],
        [
          1.5253432932182376,
          42.50498937114352
        ],
        [
          1.5259436790163179,
          42.505065808346416
        ],
        [
          1.5265440648143984,
          42.5051422455493
        ],
        [
          1.5271456456090302,
          42.505208596462026
        ],
        [
          1.527721872856324,
          42.505194829348035
        ],
        [
          1.5281805989694914,
          42.505387396710844
        ],
        [
          1.528038586154793,
          42.50560328774691
        ],
        [
          1.5274578881361156,
          42.50543271352955
        ],
        [
          1.526861792562853,
          42.50533094418734
        ],
        [
          1.5262637944329023,
          42.505237649015456
        ],
        [
          1.525849609374268,
          42.50543220958159
        ],
        [
          1.5252498704467197,
          42.50535085252102
        ],
        [
          1.5250248459255156,
          42.50546688140206
        ],
        [
          1.525573841923505,
          42.50539480058884
        ],
        [
          1.5261040517594444,
          42.50537168754079
        ],
        [
          1.5265868255525712,
          42.50528804590187
        ],
        [
          1.5271848236825218,
          42.505381341073765
        ],
        [
          1.527771573951786,
          42.50552485559097
        ],
        [
          1.528222960157358,
          42.50555788237457
        ],
        [
          1.5279605088922195,
          42.50523444077689
        ],
        [
          1.527395169413261,
          42.50519106240806
        ],
        [
          1.526820655047375,
          42.5051729582063
        ],
        [
          1.5262197439062322,
          42.50510095512715
        ],
        [
          1.5256193581081516,
          42.505024517924255
        ],
        [
          1.5252391309272126,
          42.50481411448219
        ],
        [
          1.5257396104003733,
          42.50475728499808
        ],
        [
          1.5263322643959767,
          42.504878034501566
        ],
        [
          1.5267258087318911,
          42.50511666489267
        ],
        [
          1.5272572515657035,
          42.50518365771358
        ],
        [
          1.5278620303144923,
          42.505193820306275
        ],
        [
          1.5282856921418595,
          42.50543483417143
        ],
        [
          1.5285342486148958,
          42.50575056954212
        ],
        [
          1.5291141000000001,
          42.505923999999986
        ]
      ],
      "emotions": [
        "purple",
        "purple",
        "purple",
        "purple",
        "purple",
        "red",
        "red",
        "red",
        "red",
        "red",
        "purple",
        "purple",
        "purple",
        "purple",
        "purple",
        "purple",
        "purple",
        "purple",
        "purple",
        "purple",
        "purple",
        "purple",
        "purple",
        "purple",
        "purple",
        "red",
        "red",
        "red",
        "red",
        "red",
        "green",
        "green",
        "green",
        "green",
        "green",
        "green",
        "green",
        "green",
        "green",
        "green",
        "green",
        "green",
        "green",
        "green",
        "green",
        "red",
        "red",
        "red",
        "red",
        "red",
        "green",
        "green",
        "green",
        "green",
        "green",
        "purple",
        "purple",
        "purple",
        "purple",
        "purple",
        "green",
        "green"
      ],
      "mood_vectors": [
        [
          0.24216799072284964,
          0.05986570547971323,
          0.22824893714584332,
          0.18513463387251783,
          0.10011640105366466,
          0.16253033062264471,
          0.021936001102766677
        ],
        [
          0.25804950921917136,
          0.001414634275207993,
          0.1075805356974445,
          0.09124843307769032,
          0.12329573100093048,
          0.1061144437055045,
          0.3122967130240508
        ],
        [
          0.10526400503312343,
          0.16912640537187534,
          0.1128788359654302,
          0.0998095888195623,
          0.2101446012607974,
          0.19947328394634317,
          0.10330327960286828
        ],
        [
          0.2398936439979181,
          0.13381996601787732,
          0.15705339788645173,
          0.06032627140900552,
          0.003133782143860736,
          0.1605278876634182,
          0.24524505088146842
        ],
        [
          0.1292330533877978,
          0.1716946390644912,
          0.06457292214616255,
          0.08808551535262324,
          0.30869752445136256,
          0.22385655992023193,
          0.013859785677330752
        ],
        [
          0.06951887357357248,
          0.12687395280550487,
          0.03723020755633635,
          0.18489661164160415,
          0.23031629430611467,
          0.2054716885341571,
          0.1456923715827104
        ],
        [
          0.1585495251961332,
          0.12414760139556541,
          0.21712072717233588,
          0.10572857394467255,
          0.06830450737652924,
          0.23637634901615545,
          0.08977271589860833
        ],
        [
          0.06947249044234712,
          0.17274110865687464,
          0.15379944572887777,
          0.10378945965123788,
          0.19430751820018477,
          0.18349013255749072,
          0.12239984476298714
        ],
        [
          0.21131900984186355,
          0.07886411927147884,
          0.07490522013482688,
          0.05738555557852008,
          0.25668945329865533,
          0.23281615284164006,
          0.08802048903301522
        ],
        [
          0.17126420439216955,
          0.2611094645208788,
          0.0014907807207456024,
          0.16290645832521997,
          0.10976994071567962,
          0.2800590846027404,
          0.01340006672256609
        ],
        [
          0.23429480901548316,
          0.09807629639364746,
          0.22940886877744338,
          0.005920686971960133,
          0.17560366789432555,
          0.027364954266005687,
          0.22933071668113467
        ],
        [
          0.2489478453870986,
          0.0839304864072962,
          0.07998995007767566,
          0.19346552511640558,
          0.0421846967635092,
          0.19625408657210108,
          0.15522740967591367
        ],
        [
          0.04000407847151239,
          0.22771836193491563,
          0.1945853038975022,
          0.05080775245378678,
          0.310744555936122,
          0.07992586051459147,
          0.0962140867915696
        ],
        [
          0.013163983677123358,
          0.15256036781785975,
          0.27735716446918074,
          0.27403345801702994,
          0.10763782721643105,
          0.019508117024466552,
          0.15573908177790852
        ],
        [
          0.10625146470700372,
          0.16537043436833165,
          0.19039432726969543,
          0.06634467759177397,
          0.11954724182384203,
          0.16011323291175322,
          0.19197862132759996
        ],
        [
          0.06066686995803948,
          0.041978911763572456,
          0.20432734670387792,
          0.20577619620926696,
          0.1843070583348449,
          0.18750190163395578,
          0.11544171539644249
        ],
        [
          0.18820937112603076,
          0.028212647377591712,
          0.12876870289976677,
          0.17900331070571104,
          0.08234875177305458,
          0.22982347289844363,
          0.16363374321940152
        ],
        [
          0.12278556919857865,
          0.02019276474856674,
          0.1378439103511772,
          0.17334526049507243,
          0.2884589035598088,
          0.08992360940259021,
          0.16744998224420599
        ],
        [
          0.08768531697141488,
          0.14204109446506166,
          0.2137496025206597,
          0.2389189673192766,
          0.03110175517908593,
          0.009436836893396198,
          0.27706642665110504
        ],
        [
          0.027828910184289648,
          0.013323953390240477,
          0.13538585042873827,
          0.20390873988657882,
          0.33113264147190613,
          0.19912390763124393,
          0.08929599700700272
        ],
        [
          0.060269161941259516,
          0.3541867468941453,
          0.04537326737818139,
          0.21193520577931002,
          0.015895321229848824,
          0.31171831565594493,
          0.0006219811213100567
        ],
        [
          0.039696084623102444,
          0.23153143481395522,
          0.23656102205256596,
          0.26745589200019393,
          0.025921528988745987,
          0.09740622991581152,
          0.10142780760562498
        ],
        [
          0.015655528465918132,
          0.18246532669552087,
          0.16542922567485663,
          0.15198460817943735,
          0.23101856444572488,
          0.04904876173233151,
          0.20439798480621066
        ],
        [
          0.12898385461573478,
          0.18661833787354887,
          0.18689358449795737,
          0.1393032111059191,
          0.12784277831273413,
          0.19420304630717108,
          0.03615518728693476
        ],
        [
          0.02370325463768521,
          0.0229909861112588,
          0.11724405563821387,
          0.2723377388032286,
          0.2624859962395814,
          0.22910729505911093,
          0.07213067351092119
        ],
        [
          0.17269368924974465,
          0.21837879400201737,
          0.10280792445308296,
          0.20094462851189682,
          0.111346078775156,
          0.08786176995546209,
          0.10596711505264017
        ],
        [
          0.18958624590243636,
          0.06139153561703442,
          0.021259224050585748,
          0.29342784855122017,
          0.11289769880567768,
          0.11100981514082671,
          0.21042763193221886
        ],
        [
          0.05054747355650903,
          0.20788399730661755,
          0.22107954579953598,
          0.07288743302888892,
          0.11479048705587028,
          0.23032942946039148,
          0.10248163379218679
        ],
        [
          0.009041112601029272,
          0.24800835748338904,
          0.23853087898672395,
          0.19334632477909847,
          0.17423820713635038,
          0.029848674665283095,
          0.10698644434812582
        ],
        [
          0.09928657869311591,
          0.25409109016200604,
          0.08750118737160872,
          0.05731383087418023,
          0.23047221773490922,
          0.016632540825318877,
          0.254702554338861
        ],
        [
          0.14722599652444324,
          0.22039769990131317,
          0.15007869225518167,
          0.04942054952893631,
          0.006194113269381548,
          0.22929742094077382,
          0.19738552757997024
        ],
        [
          0.30666069972438903,
          0.1763529184784267,
          0.1240602489921268,
          0.1289982742645452,
          0.027790288636732465,
          0.18022211095082544,
          0.055915458952954404
        ],
        [
          0.17353840589321431,
          0.16639245725229157,
          0.10963536231858816,
          0.1643350026896676,
          0.1421152686487654,
          0.03926452171693372,
          0.20471898148053927
        ],
        [
          0.03884080825656548,
          0.2348875061172937,
          0.12443137679913095,
          0.22991255468889676,
          0.2406023504461296,
          0.035451418594493425,
          0.09587398509749014
        ],
        [
          0.06438003706346834,
          0.29913250735234936,
          0.025675996442215722,
          0.1850647749089081,
          0.2030701869344341,
          0.0041157838537855835,
          0.21856071344483882
        ],
        [
          0.12532384768972923,
          0.1681427402591475,
          0.1856229072034529,
          0.06292919240666785,
          0.13525481892677566,
          0.20198072171620948,
          0.1207457717980174
        ],
        [
          0.1996985026685592,
          0.14078143222378797,
          0.023983032299952207,
          0.19780210132371037,
          0.02403439884782757,
          0.3322842458912787,
          0.08141628674488392
        ],
        [
          0.11082921646301333,
          0.10528268362056224,
          0.19019425587987435,
          0.06099473163357846,
          0.25666360368895674,
          0.04904397708440998,
          0.2269915316296049
        ],
        [
          0.09247873494341481,
          0.08300433169318416,
          0.19891953507695553,
          0.06811220454478832,
          0.09327338674012248,
          0.23348591423682563,
          0.23072589276470906
        ],
        [
          0.1551288246687946,
          0.0737778714011108,
          0.13781738618636294,
          0.1080211969689594,
          0.21096851760570995,
          0.1094294093061715,
          0.2048567938628908
        ],
        [
          0.1310142711993397,
          0.13974330044159433,
          0.09934875923696156,
          0.04425689344775589,
          0.18888559579412856,
          0.2315184460199003,
          0.1652327338603196
        ],
        [
          0.10301838794842162,
          0.17367699481731333,
          0.04830871500942898,
          0.2419781264185544,
          0.015126168556340957,
          0.29111837295862963,
          0.12677323429131107
        ],
        [
          0.1283370790599047,
          0.06976849616722698,
          0.14478213889730995,
          0.2561646294478346,
          0.04548061826771617,
          0.21651354138510584,
          0.1389534967749018
        ],
        [
          0.22479282025356342,
          0.13258012028893995,
          0.1682095097874698,
          0.09795625540244657,
          0.23589457391067747,
          0.0520081278038733,
          0.08855859255302947
        ],
        [
          0.09274783013059001,
          0.11919030307839945,
          0.16324786253545337,
          0.1979770961575187,
          0.11240139305650945,
          0.20194342010977326,
          0.11249209493175569
        ],
        [
          0.21215240396478383,
          0.1089642772992557,
          0.10325024076018527,
          0.020190571074740687,
          0.19583769581378543,
          0.15598549707644097,
          0.20361931401080804
        ],
        [
          0.2935664865064795,
          0.008911524766116381,
          0.16078297210466813,
          0.2651198427051936,
          0.008980349441482913,
          0.07147882985668154,
          0.1911599946193779
        ],
        [
          0.12980676805802766,
          0.20112361619415872,
          0.0840898945510422,
          0.065026008430639,
          0.09503616162914358,
          0.219328056117422,
          0.20558949501956678
        ],
        [
          0.15640397229616906,
          0.23063693615161984,
          0.1718722314854612,
          0.09047429717656542,
          0.17142015069460662,
          0.03433236356634808,
          0.14486004862922983
        ],
        [
          0.09840087379315197,
          0.28604097723149163,
          0.08957848627546665,
          0.22189870109014526,
          0.15734763236457408,
          0.06954058598691368,
          0.07719274325825667
        ],
        [
          0.2868171156282482,
          0.01240560689216309,
          0.1091772522132848,
          0.02282990800480281,
          0.1333576100002953,
          0.2346798273696072,
          0.20073267989159868
        ],
        [
          0.21391058966804416,
          0.17860482710305828,
          0.116266408742597,
          0.16184549970068615,
          0.01605020690612987,
          0.18951052724787162,
          0.123811940631613
        ],
        [
          0.043883569588584505,
          0.21789282057733958,
          0.06646844616101774,
          0.027346307271363977,
          0.2988004729449289,
          0.22055765160166893,
          0.12505073185509633
        ],
        [
          0.1993879678257933,
          0.1709801303670742,
          0.2611629609447725,
          0.01920168977178525,
          0.24453195666009656,
          0.07834049826865594,
          0.026394796161822318
        ],
        [
          0.05662140726954285,
          0.1823514150718028,
          0.019551876530815103,
          0.21643911787658254,
          0.225225693194398,
          0.20936534594551134,
          0.09044514411134738
        ],
        [
          0.20283685595734188,
          0.221005990934503,
          0.03736327729057544,
          0.013708216921686717,
          0.21530528576918928,
          0.19894143493752153,
          0.1108389381891822
        ],
        [
          0.3036558930732196,
          0.10394485428512065,
          0.039479168699176816,
          0.01874884822569893,
          0.2119458218343824,
          0.22997207574634146,
          0.09225333813606004
        ],
        [
          0.023772724759113142,
          0.1257645805847868,
          0.1908506362187104,
          0.2306256832210132,
          0.2611522387684027,
          0.05329990025374783,
          0.1145342361942258
        ],
        [
          0.15713987676457147,
          0.20027933503005785,
          0.2703703814394807,
          0.1597229500448855,
          0.10114477037846885,
          0.06914343830902855,
          0.042199248033507074
        ],
        [
          0.21303804343655122,
          0.031684905827336164,
          0.1555430376594531,
          0.09127129970393152,
          0.2353672944123088,
          0.1345645650693411,
          0.13853085389107805
        ],
        [
          0.19119645728443213,
          0.09710832982854391,
          0.022637201551975288,
          0.3148959805713657,
          0.010515235069726127,
          0.21087102097860205,
          0.1527757747153548
        ],
        [
          0.163344577880444,
          0.061084828207402506,
          0.28416924948716715,
          0.0675206173138007,
          0.1698395287460361,
          0.14554353686758487,
          0.10849766149756472
        ]
      ],
      "timestamps": [
        5,
        6,
        7,
        8,
        9,
        10,
        11,
        12,
        13,
        14,
        15,
        16,
        17,
        18,
        19,
        20,
        21,
        22,
        23,
        24,
        25,
        26,
        27,
        28,
        29,
        30,
        31,
        32,
        33,
        34,
        35,
        36,
        37,
        38,
        39,
        40,
        41,
        42,
        43,
        44,
        45,
        46,
        47,
        48,
        49,
        50,
        51,
        52,
        53,
        54,
        55,
        56,
        57,
        58,
        59,
        60,
        61,
        62,
        63,
        64,
        65,
        66
      ],
      "distance": 694.9
    },
    {
      "trip_id": 2,
      "transport_method": "car",
      "start_time": 67,
      "path": [
        [
          1.5291141000000001,
          42.505923999999986
        ],
        [
          1.5282371168685756,
          42.50553011411741
        ],
        [
          1.5274789139017932,
          42.50519555857996
        ],
        [
          1.527960544615122,
          42.505218937037135
        ],
        [
          1.5278890617489431,
          42.50555936645274
        ],
        [
          1.527036627631894,
          42.50549087186314
        ],
        [
          1.5267014132552266,
          42.50530592301366
        ],
        [
          1.5263365995286016,
          42.505591776282834
        ],
        [
          1.5265537923042523,
          42.50626882356067
        ],
        [
          1.5268061358680125,
          42.50589590696317
        ],
        [
          1.5274514395245673,
          42.50644489317939
        ],
        [
          1.5277554278840606,
          42.507214157106034
        ],
        [
          1.5266554860214703,
          42.50712541087535
        ],
        [
          1.5255562236660922,
          42.50702886732193
        ],
        [
          1.5248092435537364,
          42.50665335630605
        ],
        [
          1.5238226424682642,
          42.50674995257951
        ],
        [
          1.5227489473530955,
          42.50649514930381
        ],
        [
          1.5217207972058655,
          42.50615825315471
        ],
        [
          1.5207198692891561,
          42.50592465377574
        ],
        [
          1.5215162826175193,
          42.506433834675796
        ],
        [
          1.521091091164865,
          42.50606513286232
        ],
        [
          1.5200319635429909,
          42.50576366827828
        ],
        [
          1.5189568816127492,
          42.505514777061464
        ],
        [
          1.5185029844107114,
          42.5059947725109
        ],
        [
          1.5192412302597986,
          42.50654533411102
        ],
        [
          1.5185382513543886,
          42.50684180395312
        ],
        [
          1.5174729022631355,
          42.506587731273164
        ],
        [
          1.516372838871849,
          42.506500504386885
        ],
        [
          1.515357998191592,
          42.506880047055034
        ],
        [
          1.5158922355138773,
          42.50719106360446
        ],
        [
          1.5169659,
          42.50744600000001
        ]
      ],
      "emotions": [
        "green",
        "green",
        "green",
        "purple",
        "purple",
        "purple",
        "purple",
        "purple",
        "purple",
        "purple",
        "purple",
        "purple",
        "purple",
        "red",
        "red",
        "red",
        "red",
        "red",
        "red",
        "red",
        "red",
        "red",
        "red",
        "red",
        "red",
        "red",
        "red",
        "red",
        "purple",
        "purple",
        "purple"
      ],
      "mood_vectors": [
        [
          0.17901128400312022,
          0.32457014446880794,
          0.0005490416070566238,
          0.27932740330588607,
          0.07395074124512895,
          0.14002141874554672,
          0.002569966624453526
        ],
        [
          0.27064554769146043,
          0.12273831060047137,
          0.24292402168650593,
          0.06609325941324264,
          0.031694066174712245,
          0.1711800653787902,
          0.09472472905481721
        ],
        [
          0.08025952280632294,
          0.11773688676435581,
          0.20876058715181145,
          0.17638666277324186,
          0.1863819272526369,
          0.11214110378226712,
          0.11833330946936396
        ],
        [
          0.16557151049006238,
          0.039081079129838193,
          0.27210343420100136,
          0.03225462537468756,
          0.18806276409137848,
          0.01824213654693948,
          0.28468445016609256
        ],
        [
          0.03862796209744276,
          0.322909791098204,
          0.3038671954633465,
          0.04299834211899111,
          0.21757570381700006,
          0.05136523588856033,
          0.022655769516455135
        ],
        [
          0.08726997898686825,
          0.21813485539567382,
          0.2382329603352977,
          0.09442493933699446,
          0.009816870542767366,
          0.11940638524561804,
          0.23271401015678034
        ],
        [
          0.13367787508483608,
          0.007308917370845432,
          0.15237466543352293,
          0.26613915528574716,
          0.07064177860730651,
          0.21477225653680024,
          0.1550853516809416
        ],
        [
          0.049088803956580884,
          0.2520194281061007,
          0.2019585347822986,
          0.056679481853152025,
          0.06391363958629943,
          0.1722280316275713,
          0.20411208008799703
        ],
        [
          0.15942355164853492,
          0.16482973290839517,
          0.20647546533341188,
          0.236424805270564,
          0.06011934172200485,
          0.061959416726003365,
          0.11076768639108575
        ],
        [
          0.17613250831408891,
          0.188205603208387,
          0.23840880710721593,
          0.09496745584749854,
          0.11704708391742863,
          0.12806022402121178,
          0.057178317584169185
        ],
        [
          0.11221692979264003,
          0.15765026464867896,
          0.2737654178869105,
          0.19861456507370054,
          0.013094685266083938,
          0.1948186884971117,
          0.04983944883487429
        ],
        [
          0.09592289875710289,
          0.17934270696698118,
          0.035703707582433894,
          0.345990694431853,
          0.11443714194577896,
          0.15233436197166647,
          0.0762684883441836
        ],
        [
          0.023393479468929175,
          0.2078484392035624,
          0.23213349470365893,
          0.1296930057892912,
          0.14121165184179166,
          0.1846064333566177,
          0.08111349563614896
        ],
        [
          0.07981788645176138,
          0.19661542238326593,
          0.16101294032265542,
          0.1962254614691305,
          0.1183226931667942,
          0.09798370313067124,
          0.1500218930757213
        ],
        [
          0.1756839082924361,
          0.24769598221281777,
          0.06052714554750626,
          0.18159602433914138,
          0.0024835544664814514,
          0.15673912586686242,
          0.17527425927475462
        ],
        [
          0.1800565228916098,
          0.08527507482889499,
          0.1379758098097494,
          0.2571216312335905,
          0.03291635278478579,
          0.24358671644859342,
          0.06306789200277609
        ],
        [
          0.07917439789149941,
          0.17502495973463622,
          0.12279525268006185,
          0.08340294757161554,
          0.25150840306947986,
          0.17223241353005073,
          0.11586162552265646
        ],
        [
          0.22716972105746944,
          0.12300128249879984,
          0.10602958463753556,
          0.17048060905416443,
          0.11410273411362049,
          0.06187277407705889,
          0.1973432945613513
        ],
        [
          0.23063118594621074,
          0.2099999428815613,
          0.11307058495355506,
          0.18791699270215872,
          0.04761118709837841,
          0.1414702444796,
          0.0692998619385357
        ],
        [
          0.2106305699773451,
          0.027404692195202442,
          0.26572487776928866,
          0.07837156140990421,
          0.09951650518075761,
          0.09468568482777293,
          0.223666108639729
        ],
        [
          0.0595703280687199,
          0.23334272214029622,
          0.2602694324162529,
          0.018027415096020887,
          0.12768889232345323,
          0.19493505537283606,
          0.10616615458242074
        ],
        [
          0.10760462309828793,
          0.20652232477176474,
          0.3179232155344509,
          0.24430764144627498,
          0.021476107699426497,
          0.06537199638806096,
          0.036794091061733904
        ],
        [
          0.15650672123827622,
          0.010631157791301865,
          0.1516366201366966,
          0.18459333698741479,
          0.25764643094985096,
          0.1666289966279438,
          0.07235673626851577
        ],
        [
          0.07945968447678912,
          0.14786740866612202,
          0.02779158644678907,
          0.2763658912752589,
          0.1704197215151171,
          0.11167805651868637,
          0.18641765110123742
        ],
        [
          0.12064915086403988,
          0.006863380336870073,
          0.39684070914517333,
          0.19958205814519192,
          0.1321790320905243,
          0.1168402486929077,
          0.027045420725292785
        ],
        [
          0.25694603478972206,
          0.028538761837559372,
          0.07753288312141231,
          0.17099169720137458,
          0.1962635551254024,
          0.19438117295779658,
          0.07534589496673272
        ],
        [
          0.019062382889904875,
          0.05404077595635318,
          0.3043336450951516,
          0.14606620784061697,
          0.1665024618282147,
          0.04884519677244169,
          0.26114932961731696
        ],
        [
          0.34681530824861173,
          0.09056792465077813,
          0.11857589160521687,
          0.13777093999003967,
          0.023072519478386958,
          0.2483704430752949,
          0.03482697295167181
        ],
        [
          0.11427817478212855,
          0.12580071714704813,
          0.1944833850016465,
          0.05622048950831692,
          0.1419416766119002,
          0.16257748214296142,
          0.2046980748059983
        ],
        [
          0.23093491628433632,
          0.1785680109488258,
          0.12094578351069261,
          0.131113724199696,
          0.22363293012274177,
          0.08796118736262379,
          0.02684344757108369
        ],
        [
          0.2400114568464211,
          0.185694912556465,
          0.17643917795697006,
          0.10574753539199247,
          0.06158189135118537,
          0.18338931806241102,
          0.047135707834554987
        ]
      ],
      "timestamps": [
        67,
        68,
        69,
        70,
        71,
        72,
        73,
        74,
        75,
        76,
        77,
        78,
        79,
        80,
        81,
        82,
        83,
        84,
        85,
        86,
        87,
        88,
        89,
        90,
        91,
        92,
        93,
        94,
        95,
        96,
        97
      ],
      "distance": 1451.4
    },
    {
      "trip_id": 3,
      "transport_method": "bicycle",
      "start_time": 98,
      "path": [
        [
          1.5169659,
          42.50744600000001
        ],
        [
          1.5169659,
          42.50744600000001
        ]
      ],
      "emotions": [
        "purple",
        "purple"
      ],
      "mood_vectors": [
        [
          0.23816062825034287,
          0.04704252861822738,
          0.1631774282527806,
          0.011096986549971762,
          0.17042546140281095,
          0.1782280704074179,
          0.19186889651844857
        ],
        [
          0.2753458183467164,
          0.17436212505140686,
          0.0561802272493976,
          0.120789567928821,
          0.005410506030594576,
          0.25075196568076835,
          0.1171597897122953
        ]
      ],
      "timestamps": [
        98,
        99
      ],
      "distance": 1054.7
    }
  ],
  "conversation": [
    "I should grab a milk tea while I'm here.",
    "Where did the time go?",
    "I swear I just smelled five different cuisines."
  ],
  "conversation_timestamps": [
    74,
    85,
    99
  ]
}
