{"agent_id": "agent-blue-280", "type": "blue", "trips": [{"trip_id": 0, "transport_method": "bus", "start_time": 0, "path": [[1.522221, 42.5061351], [1.5219265, 42.505878], [1.5216371, 42.5066674], [1.5223384, 42.5069222], [1.5227071, 42.5076202], [1.523534, 42.5078007], [1.524388, 42.5077989], [1.5252164, 42.5080147], [1.5259511, 42.5083589], [1.5267906, 42.5085165], [1.527624, 42.5086524], [1.5283089, 42.5091616], [1.5289238, 42.5097519], [1.5295228, 42.5103404], [1.5295647, 42.5110278], [1.5301628, 42.5115851], [1.5309145, 42.5119577], [1.5306892, 42.5127029], [1.5303173, 42.5134587], [1.5303653, 42.5142732], [1.5297243, 42.5148319], [1.5291633, 42.5154578], [1.5285201, 42.5159993], [1.5277782, 42.5164278], [1.5270363, 42.5168562], [1.5262944, 42.5172847], [1.5270108, 42.5169446], [1.527735, 42.5165149], [1.528513, 42.516172], [1.5286774, 42.5159257], [1.5279591, 42.5163925], [1.5272407, 42.5168593], [1.5265223, 42.5173261], [1.5258039, 42.5177929], [1.5250856, 42.5182598], [1.524896, 42.5184123], [1.5255411, 42.5178514], [1.5262022, 42.5173392], [1.5256588, 42.5177552], [1.5249619, 42.5182535], [1.524278, 42.5187686], [1.5238872, 42.5194347], [1.5237256, 42.5202725], [1.5233711, 42.5210524], [1.5227939, 42.5216706], [1.5221156, 42.5221858], [1.5217651, 42.5229568], [1.5212899, 42.5236611], [1.5207928, 42.5243562], [1.5206164, 42.5251814], [1.5205807, 42.5260371], [1.5201942, 42.5267847], [1.5199997, 42.5275646], [1.5204945, 42.5282613], [1.5206499, 42.5290882], [1.5202362, 42.5298297], [1.5197229, 42.5303029], [1.5197654, 42.5311345], [1.519568, 42.5319297], [1.5197317, 42.5327597], [1.5195217, 42.5335716], [1.5197837, 42.5343224], [1.5203959, 42.5349218], [1.5210439, 42.5354814], [1.5210072, 42.5360775], [1.5203633, 42.5366297], [1.5199708, 42.5373871], [1.5196363, 42.5381755], [1.5194813, 42.5390121], [1.5193727, 42.5398453], [1.5194275, 42.5406498], [1.5189787, 42.5412944], [1.5181997, 42.5416511], [1.5184592, 42.5415469], [1.5190585, 42.5412592], [1.5182842, 42.5416259], [1.5176065, 42.5421146], [1.5171851, 42.5428593], [1.5166525, 42.5435075], [1.5160315, 42.5440938]], "mood_vectors": [[0.0427, 0.0611, 0.0368, 0.6991, 0.0988, 0.0263, 0.0351], [0.0533, 0.0283, 0.0401, 0.7597, 0.048, 0.0458, 0.0249], [0.0671, 0.0453, 0.0336, 0.6511, 0.07, 0.0724, 0.0606], [0.0261, 0.067, 0.0816, 0.7376, 0.0559, 0.0187, 0.0131], [0.0459, 0.0309, 0.0688, 0.708, 0.0606, 0.025, 0.0609], [0.0321, 0.0566, 0.0566, 0.7401, 0.0587, 0.0223, 0.0336], [0.0534, 0.0267, 0.055, 0.733, 0.08, 0.0265, 0.0255], [0.0338, 0.0335, 0.0681, 0.6917, 0.0575, 0.0664, 0.0491], [0.0463, 0.0388, 0.0762, 0.6581, 0.0555, 0.0783, 0.0467], [0.0656, 0.0691, 0.07, 0.6238, 0.0325, 0.0785, 0.0604], [0.0309, 0.0572, 0.0613, 0.6766, 0.054, 0.0489, 0.071], [0.048, 0.0135, 0.0674, 0.7059, 0.0574, 0.02, 0.0877], [0.0781, 0.039, 0.0588, 0.6624, 0.0764, 0.0701, 0.0152], [0.0203, 0.0582, 0.073, 0.7284, 0.0792, 0.0117, 0.0291], [0.0451, 0.0853, 0.0393, 0.704, 0.081, 0.015, 0.0303], [0.1016, 0.0735, 0.0796, 0.6562, 0.0304, 0.0438, 0.015], [0.0288, 0.0628, 0.0666, 0.7153, 0.0305, 0.0299, 0.0661], [0.0319, 0.0667, 0.0442, 0.6842, 0.0526, 0.0788, 0.0416], [0.0343, 0.0725, 0.0728, 0.6736, 0.0174, 0.0653, 0.0641], [0.0484, 0.0369, 0.0267, 0.7094, 0.0629, 0.0384, 0.0773], [0.036, 0.0505, 0.0395, 0.7547, 0.036, 0.0243, 0.059], [0.0346, 0.0621, 0.0539, 0.7817, 0.0305, 0.0148, 0.0223], [0.0362, 0.0674, 0.0226, 0.7307, 0.0657, 0.05, 0.0274], [0.0268, 0.0418, 0.0611, 0.6542, 0.0737, 0.0771, 0.0653], [0.0752, 0.0375, 0.0641, 0.726, 0.0382, 0.018, 0.041], [0.0645, 0.0631, 0.0605, 0.6647, 0.064, 0.0722, 0.0109], [0.0169, 0.0178, 0.0224, 0.7458, 0.0618, 0.0742, 0.061], [0.0423, 0.0342, 0.0487, 0.6738, 0.0594, 0.0825, 0.059], [0.0397, 0.0686, 0.0231, 0.7444, 0.0313, 0.0483, 0.0447], [0.0498, 0.0221, 0.0757, 0.7377, 0.0445, 0.0159, 0.0543], [0.0309, 0.0934, 0.0482, 0.7223, 0.0176, 0.0432, 0.0445], [0.0686, 0.0761, 0.041, 0.6859, 0.0358, 0.0791, 0.0135], [0.0442, 0.0435, 0.051, 0.6654, 0.0736, 0.0666, 0.0557], [0.0825, 0.0794, 0.0696, 0.6686, 0.0646, 0.0166, 0.0187], [0.0436, 0.0413, 0.0651, 0.6962, 0.0397, 0.0489, 0.0652], [0.0812, 0.0722, 0.0419, 0.6298, 0.0656, 0.0859, 0.0234], [0.0353, 0.048, 0.0799, 0.7008, 0.0272, 0.0848, 0.024], [0.085, 0.0209, 0.0591, 0.716, 0.0461, 0.0474, 0.0255], [0.0763, 0.0691, 0.0122, 0.742, 0.0188, 0.0606, 0.0208], [0.0581, 0.0614, 0.0512, 0.6041, 0.0801, 0.0616, 0.0834], [0.0193, 0.0691, 0.0416, 0.7152, 0.0834, 0.0534, 0.018], [0.0972, 0.0359, 0.0505, 0.6912, 0.0736, 0.0299, 0.0218], [0.0132, 0.0393, 0.0575, 0.769, 0.0276, 0.0464, 0.0471], [0.0637, 0.0717, 0.0632, 0.7172, 0.0319, 0.0367, 0.0155], [0.0577, 0.0815, 0.0838, 0.6637, 0.0127, 0.0755, 0.0252], [0.041, 0.0765, 0.0658, 0.7364, 0.0409, 0.0237, 0.0156], [0.0345, 0.0732, 0.0533, 0.673, 0.0647, 0.0255, 0.0757], [0.0717, 0.0792, 0.083, 0.6036, 0.0315, 0.0397, 0.0912], [0.0306, 0.0738, 0.0342, 0.6768, 0.0229, 0.0739, 0.0877], [0.0428, 0.0302, 0.0456, 0.7388, 0.0414, 0.0492, 0.052], [0.0457, 0.0555, 0.0327, 0.7562, 0.0488, 0.0351, 0.0261], [0.0505, 0.0245, 0.0816, 0.6986, 0.0764, 0.045, 0.0234], [0.0327, 0.0239, 0.0621, 0.7414, 0.0562, 0.0519, 0.0318], [0.0558, 0.0524, 0.0212, 0.7012, 0.0157, 0.0769, 0.0768], [0.0571, 0.0673, 0.0413, 0.7096, 0.0279, 0.0547, 0.042], [0.0532, 0.0341, 0.0917, 0.712, 0.0181, 0.0227, 0.0682], [0.0455, 0.0638, 0.0232, 0.7189, 0.068, 0.0629, 0.0176], [0.0259, 0.0301, 0.0571, 0.6923, 0.0448, 0.0646, 0.0852], [0.0526, 0.0634, 0.0387, 0.7134, 0.042, 0.0483, 0.0417], [0.0404, 0.0478, 0.0468, 0.7527, 0.0184, 0.0566, 0.0374], [0.0186, 0.0509, 0.0437, 0.7472, 0.0284, 0.053, 0.0581], [0.0418, 0.0809, 0.0497, 0.6581, 0.0584, 0.0504, 0.0607], [0.0475, 0.0168, 0.0628, 0.6615, 0.0458, 0.0808, 0.0848], [0.0133, 0.0684, 0.0591, 0.7247, 0.0158, 0.0705, 0.0482], [0.0187, 0.0681, 0.079, 0.6727, 0.0224, 0.0532, 0.086], [0.0656, 0.0226, 0.0314, 0.7104, 0.0472, 0.0702, 0.0527], [0.0772, 0.0685, 0.0423, 0.6978, 0.0689, 0.0124, 0.0329], [0.0732, 0.0702, 0.0677, 0.6351, 0.0298, 0.0662, 0.0579], [0.0574, 0.0575, 0.071, 0.6749, 0.015, 0.0223, 0.1019], [0.0196, 0.0544, 0.037, 0.7583, 0.0346, 0.0692, 0.0268], [0.0491, 0.0703, 0.0568, 0.6802, 0.0213, 0.0528, 0.0695], [0.0347, 0.0905, 0.0441, 0.7309, 0.0148, 0.0456, 0.0394], [0.0444, 0.0471, 0.0482, 0.6707, 0.0442, 0.0789, 0.0665], [0.0571, 0.0328, 0.0755, 0.6181, 0.0758, 0.0657, 0.0751], [0.0419, 0.08, 0.0194, 0.7491, 0.0793, 0.0126, 0.0176], [0.0436, 0.0584, 0.0391, 0.7142, 0.0704, 0.0518, 0.0226], [0.068, 0.0669, 0.0355, 0.6882, 0.0511, 0.0313, 0.0591], [0.0657, 0.0121, 0.0767, 0.691, 0.039, 0.0544, 0.0611], [0.0849, 0.084, 0.078, 0.6883, 0.015, 0.0323, 0.0174], [0.0301, 0.0488, 0.0718, 0.7023, 0.0675, 0.0196, 0.0599]], "emotions": ["green", "green", "green", "green", "green", "green", "green", "green", "green", "green", "green", "green", "green", "green", "green", "green", "green", "green", "green", "green", "green", "green", "green", "green", "green", "green", "green", "green", "green", "green", "green", "green", "green", "green", "green", "green", "green", "green", "green", "green", "green", "green", "green", "green", "green", "green", "green", "green", "green", "green", "green", "green", "green", "green", "green", "green", "green", "green", "green", "green", "green", "green", "green", "green", "green", "green", "green", "green", "green", "green", "green", "green", "green", "green", "green", "green", "green", "green", "green", "green"], "timestamps": [0, 40, 80, 120, 160, 200, 240, 280, 320, 360, 400, 440, 480, 520, 560, 600, 640, 680, 720, 760, 800, 840, 880, 920, 960, 1000, 1040, 1080, 1120, 1160, 1200, 1240, 1280, 1320, 1360, 1400, 1440, 1480, 1520, 1560, 1600, 1640, 1680, 1720, 1760, 1800, 1840, 1880, 1920, 1960, 2000, 2040, 2080, 2120, 2160, 2200, 2240, 2280, 2320, 2360, 2400, 2440, 2480, 2520, 2560, 2600, 2640, 2680, 2720, 2760, 2800, 2840, 2880, 2920, 2960, 3000, 3040, 3080, 3120, 3160]}], "conversation": [], "conversation_timestamps": []}