{"agent_id": "agent-orange-1218", "type": "orange", "trips": [{"trip_id": 0, "transport_method": "bicycle", "start_time": 0, "path": [[1.5238323, 42.5472204], [1.5234411, 42.5472537], [1.523567, 42.5474071], [1.524664, 42.5473307], [1.5251854, 42.5462642], [1.5263759, 42.5464759], [1.5268546, 42.5463596], [1.5280313, 42.5467747], [1.5293802, 42.5467748], [1.5307321, 42.547047], [1.5321137, 42.5471498], [1.5324889, 42.5471579], [1.5311088, 42.5470624], [1.5307315, 42.5470376], [1.5321148, 42.5471144], [1.5334963, 42.5472116], [1.5348661, 42.5473836], [1.5362336, 42.5474266], [1.5374586, 42.5473692], [1.538297, 42.548466], [1.5396132, 42.5486111], [1.5407636, 42.5479796], [1.5420698, 42.5477421], [1.5432412, 42.5471862], [1.5443287, 42.5464992], [1.5457062, 42.5466175], [1.5470582, 42.5468518], [1.5483142, 42.5472408], [1.5496752, 42.5471692], [1.5499726, 42.5474862], [1.5500242, 42.5487868], [1.5508352, 42.5498998], [1.5518227, 42.5508542], [1.5525366, 42.5520261], [1.5538373, 42.5520666], [1.5552144, 42.5519941], [1.5565728, 42.5522392], [1.5578862, 42.5526004], [1.5592612, 42.5526], [1.5605534, 42.552112], [1.5619299, 42.5519853], [1.5633066, 42.5519815], [1.5645735, 42.5525276], [1.5657773, 42.5531898], [1.5670855, 42.5536359], [1.5681632, 42.554499], [1.5694775, 42.554918], [1.5707868, 42.5553653], [1.5720843, 42.5554251], [1.573433, 42.555112], [1.5747983, 42.5549569], [1.5758592, 42.5541278], [1.5771212, 42.5535765], [1.5783798, 42.5530055], [1.5793888, 42.5520581], [1.5798011, 42.5507405], [1.5802627, 42.5494641], [1.5799912, 42.5481636], [1.5794464, 42.5469894], [1.5790109, 42.5458375], [1.5789211, 42.5453144], [1.5780577, 42.5445292], [1.579212, 42.5441011], [1.5804474, 42.5442239], [1.5812152, 42.5439517], [1.5825714, 42.5441579], [1.5838873, 42.5445515], [1.585125, 42.5449995], [1.5856088, 42.5445524], [1.5858497, 42.54371], [1.5855408, 42.5428633], [1.5854726, 42.5424696], [1.5861929, 42.5422948], [1.5870302, 42.5421941], [1.5866898, 42.5410763], [1.5865073, 42.5401112], [1.5870087, 42.5395291], [1.5866445, 42.5390611], [1.5861606, 42.538086], [1.5857692, 42.5379735]], "mood_vectors": [[0.0207, 0.0701, 0.0707, 0.0421, 0.7154, 0.0329, 0.0481], [0.0486, 0.0574, 0.0528, 0.0623, 0.6485, 0.0664, 0.064], [0.0257, 0.086, 0.0259, 0.0441, 0.6686, 0.0696, 0.0801], [0.0259, 0.0687, 0.0616, 0.0635, 0.7064, 0.0134, 0.0605], [0.0181, 0.0478, 0.047, 0.0558, 0.7601, 0.0295, 0.0416], [0.0749, 0.0572, 0.0224, 0.0905, 0.641, 0.0653, 0.0487], [0.0553, 0.0433, 0.0355, 0.0877, 0.6656, 0.0755, 0.037], [0.0811, 0.082, 0.0215, 0.0684, 0.5936, 0.0818, 0.0717], [0.0786, 0.0478, 0.0608, 0.0618, 0.6756, 0.0326, 0.0428], [0.0622, 0.0384, 0.0354, 0.0474, 0.7505, 0.0388, 0.0273], [0.0656, 0.0857, 0.0381, 0.0539, 0.7001, 0.0438, 0.0128], [0.0426, 0.0731, 0.0689, 0.0735, 0.6376, 0.074, 0.0303], [0.043, 0.0639, 0.0453, 0.0253, 0.6942, 0.0713, 0.0571], [0.0122, 0.0249, 0.0514, 0.0434, 0.7765, 0.0721, 0.0194], [0.0495, 0.0434, 0.0568, 0.0678, 0.6729, 0.0601, 0.0496], [0.0304, 0.0448, 0.0862, 0.08, 0.6957, 0.0197, 0.0432], [0.0416, 0.0225, 0.036, 0.0742, 0.6757, 0.0567, 0.0934], [0.0221, 0.0418, 0.0726, 0.0324, 0.7405, 0.0734, 0.0172], [0.0721, 0.0521, 0.077, 0.0685, 0.6161, 0.0708, 0.0435], [0.0294, 0.048, 0.0347, 0.032, 0.752, 0.064, 0.0399], [0.0305, 0.0264, 0.0911, 0.0678, 0.6736, 0.0237, 0.0869], [0.0162, 0.0379, 0.0781, 0.0235, 0.6749, 0.0792, 0.0901], [0.0652, 0.091, 0.0618, 0.0801, 0.6572, 0.0227, 0.022], [0.0658, 0.07, 0.0803, 0.0433, 0.6524, 0.0456, 0.0427], [0.071, 0.0274, 0.0138, 0.0598, 0.6792, 0.092, 0.0567], [0.0524, 0.0554, 0.0434, 0.0274, 0.738, 0.0464, 0.037], [0.0586, 0.0138, 0.0185, 0.0682, 0.7505, 0.0374, 0.053], [0.0652, 0.0817, 0.0296, 0.0345, 0.6126, 0.0899, 0.0866], [0.0689, 0.0473, 0.0501, 0.0657, 0.6897, 0.0365, 0.0417], [0.0417, 0.0282, 0.0808, 0.0734, 0.6974, 0.0193, 0.0591], [0.0535, 0.0227, 0.0911, 0.0882, 0.6066, 0.0651, 0.0727], [0.0282, 0.0166, 0.0318, 0.0767, 0.731, 0.0731, 0.0425], [0.0315, 0.0871, 0.03, 0.04, 0.7303, 0.0395, 0.0415], [0.0244, 0.0813, 0.02, 0.0339, 0.6616, 0.081, 0.0978], [0.0143, 0.0531, 0.0278, 0.0394, 0.75, 0.0434, 0.072], [0.0688, 0.017, 0.0331, 0.083, 0.7576, 0.0183, 0.0222], [0.0732, 0.0588, 0.0482, 0.0434, 0.6928, 0.0455, 0.038], [0.0541, 0.0712, 0.0695, 0.031, 0.6573, 0.0375, 0.0794], [0.0588, 0.0656, 0.0154, 0.0709, 0.7201, 0.0434, 0.0258], [0.0402, 0.0389, 0.073, 0.0214, 0.7435, 0.0412, 0.0418], [0.0127, 0.0708, 0.0431, 0.0741, 0.6885, 0.0632, 0.0476], [0.0598, 0.0669, 0.0557, 0.0542, 0.6603, 0.038, 0.0651], [0.0597, 0.0318, 0.074, 0.0269, 0.6951, 0.0574, 0.0551], [0.0765, 0.0535, 0.0216, 0.0371, 0.6709, 0.0542, 0.0863], [0.0864, 0.0138, 0.072, 0.0792, 0.5828, 0.0816, 0.0842], [0.0661, 0.0318, 0.0293, 0.0439, 0.7378, 0.0768, 0.0143], [0.0642, 0.0541, 0.0545, 0.0385, 0.7319, 0.0268, 0.0301], [0.0276, 0.0453, 0.0898, 0.0332, 0.6584, 0.065, 0.0806], [0.0739, 0.0608, 0.0421, 0.0835, 0.6404, 0.0196, 0.0797], [0.09, 0.0911, 0.0274, 0.069, 0.6219, 0.0549, 0.0457], [0.0225, 0.0391, 0.0506, 0.0507, 0.7027, 0.0824, 0.052], [0.0826, 0.0672, 0.0196, 0.0785, 0.5757, 0.0874, 0.0891], [0.0639, 0.0449, 0.0512, 0.0523, 0.7211, 0.0545, 0.0122], [0.0603, 0.0414, 0.0532, 0.0607, 0.6937, 0.0331, 0.0576], [0.076, 0.0768, 0.0313, 0.0408, 0.6846, 0.0516, 0.0388], [0.049, 0.0318, 0.0532, 0.0861, 0.6785, 0.0326, 0.0687], [0.022, 0.0392, 0.0786, 0.0528, 0.7481, 0.0355, 0.0238], [0.0635, 0.02, 0.0516, 0.0253, 0.7427, 0.0737, 0.0232], [0.0235, 0.0797, 0.0163, 0.0314, 0.6704, 0.0939, 0.0849], [0.032, 0.0272, 0.067, 0.0728, 0.6916, 0.0682, 0.0413], [0.046, 0.018, 0.0884, 0.0195, 0.7468, 0.0385, 0.0427], [0.0589, 0.0276, 0.0825, 0.065, 0.7011, 0.0222, 0.0427], [0.0351, 0.0139, 0.0579, 0.0422, 0.7975, 0.0298, 0.0236], [0.072, 0.0751, 0.0482, 0.0394, 0.6652, 0.0544, 0.0457], [0.0207, 0.0372, 0.0805, 0.0547, 0.7458, 0.0373, 0.0238], [0.0513, 0.0873, 0.0464, 0.0299, 0.6433, 0.0993, 0.0425], [0.0763, 0.0288, 0.0375, 0.019, 0.7122, 0.0828, 0.0434], [0.0715, 0.063, 0.0458, 0.0637, 0.6982, 0.0278, 0.03], [0.0297, 0.0493, 0.0332, 0.0636, 0.6889, 0.0644, 0.0709], [0.0747, 0.0154, 0.0646, 0.0322, 0.7145, 0.0586, 0.04], [0.0346, 0.0571, 0.04, 0.0439, 0.7403, 0.0576, 0.0264], [0.0493, 0.0665, 0.0151, 0.0198, 0.7464, 0.0373, 0.0655], [0.0331, 0.0529, 0.0356, 0.0525, 0.7115, 0.0288, 0.0855], [0.059, 0.0194, 0.0533, 0.0781, 0.7435, 0.0285, 0.0182], [0.0459, 0.0128, 0.0551, 0.0159, 0.7409, 0.0644, 0.065], [0.0224, 0.0581, 0.0209, 0.0564, 0.7447, 0.0551, 0.0424], [0.0404, 0.038, 0.0145, 0.0192, 0.7556, 0.062, 0.0703], [0.0295, 0.0208, 0.0183, 0.068, 0.7764, 0.0343, 0.0528], [0.0346, 0.0269, 0.0638, 0.0799, 0.7057, 0.0695, 0.0195], [0.05, 0.0465, 0.0355, 0.0403, 0.7391, 0.0296, 0.0588]], "emotions": ["red", "red", "red", "red", "red", "red", "red", "red", "red", "red", "red", "red", "red", "red", "red", "red", "red", "red", "red", "red", "red", "red", "red", "red", "red", "red", "red", "red", "red", "red", "red", "red", "red", "red", "red", "red", "red", "red", "red", "red", "red", "red", "red", "red", "red", "red", "red", "red", "red", "red", "red", "red", "red", "red", "red", "red", "red", "red", "red", "red", "red", "red", "red", "red", "red", "red", "red", "red", "red", "red", "red", "red", "red", "red", "red", "red", "red", "red", "red", "red"], "timestamps": [0, 40, 80, 120, 160, 200, 240, 280, 320, 360, 400, 440, 480, 520, 560, 600, 640, 680, 720, 760, 800, 840, 880, 920, 960, 1000, 1040, 1080, 1120, 1160, 1200, 1240, 1280, 1320, 1360, 1400, 1440, 1480, 1520, 1560, 1600, 1640, 1680, 1720, 1760, 1800, 1840, 1880, 1920, 1960, 2000, 2040, 2080, 2120, 2160, 2200, 2240, 2280, 2320, 2360, 2400, 2440, 2480, 2520, 2560, 2600, 2640, 2680, 2720, 2760, 2800, 2840, 2880, 2920, 2960, 3000, 3040, 3080, 3120, 3160]}], "conversation": [], "conversation_timestamps": []}