{"agent_id": "agent-orange-1283", "type": "orange", "trips": [{"trip_id": 0, "transport_method": "car", "start_time": 0, "path": [[1.5176394, 42.5053555], [1.5178138, 42.5053752], [1.5179881, 42.5053948], [1.5181552, 42.5053865], [1.5183278, 42.5054182], [1.5183093, 42.505425], [1.5181343, 42.5054114], [1.5179594, 42.5053979], [1.5177844, 42.5053843], [1.5176095, 42.5053707], [1.5174345, 42.5053571], [1.5172596, 42.5053436], [1.5170847, 42.50533], [1.5170202, 42.5053374], [1.5171893, 42.5053841], [1.5173621, 42.5054136], [1.5175361, 42.505424], [1.5175883, 42.5053485], [1.5174145, 42.5053249], [1.5172406, 42.5053013], [1.5170667, 42.5052777], [1.5168928, 42.505254], [1.5167217, 42.5052208], [1.5165616, 42.505149], [1.5163994, 42.5050823], [1.5162349, 42.5050211], [1.516077, 42.5049484], [1.5159403, 42.5048384], [1.5158035, 42.5047285], [1.5156717, 42.5046128], [1.5155411, 42.5044955], [1.5154106, 42.5043783], [1.51528, 42.504261], [1.5151495, 42.5041437], [1.515019, 42.5040265], [1.5148884, 42.5039092], [1.5147579, 42.503792], [1.5146273, 42.5036747], [1.5144968, 42.5035574], [1.5143663, 42.5034402], [1.5142357, 42.5033229], [1.5141052, 42.5032057], [1.5139746, 42.5030884], [1.5138441, 42.5029711], [1.5137423, 42.5029434], [1.5136106, 42.5028356], [1.513488, 42.5027101], [1.5133654, 42.5025846], [1.5132428, 42.5024591], [1.5131201, 42.5023336], [1.5129918, 42.5022142], [1.5128484, 42.5021136], [1.5126944, 42.5020295], [1.512544, 42.5019401], [1.5124027, 42.5018419], [1.5122331, 42.5017971], [1.5120618, 42.5017593], [1.5118904, 42.5017215], [1.511719, 42.5016837], [1.5115482, 42.5016448], [1.5114004, 42.5015502], [1.5112516, 42.5014573], [1.5110972, 42.501374], [1.5109428, 42.5012906], [1.5107802, 42.501225], [1.5106139, 42.5011696], [1.510445, 42.5011219], [1.510276, 42.5010746], [1.5101089, 42.5010234], [1.5099644, 42.5009237], [1.50982, 42.5008241], [1.5096687, 42.5007363], [1.5095103, 42.5006607], [1.509352, 42.5005851], [1.5091936, 42.5005095], [1.5090696, 42.5004177], [1.5091654, 42.5002754], [1.509283, 42.5001454], [1.5094074, 42.5000215], [1.5095319, 42.4998979]], "mood_vectors": [[0.0645, 0.036, 0.0691, 0.0336, 0.6569, 0.0765, 0.0633], [0.0755, 0.0799, 0.0567, 0.0413, 0.6836, 0.0239, 0.039], [0.0246, 0.025, 0.0429, 0.0213, 0.7768, 0.0432, 0.0662], [0.0559, 0.0194, 0.0566, 0.0636, 0.7068, 0.0324, 0.0654], [0.0655, 0.036, 0.0484, 0.038, 0.7476, 0.0453, 0.0192], [0.0788, 0.0204, 0.0845, 0.0616, 0.7024, 0.0189, 0.0333], [0.0417, 0.0888, 0.0331, 0.0678, 0.6235, 0.0967, 0.0485], [0.0802, 0.0176, 0.0305, 0.0735, 0.708, 0.0671, 0.0229], [0.0129, 0.0859, 0.0307, 0.0657, 0.7281, 0.0268, 0.05], [0.0385, 0.057, 0.0595, 0.0347, 0.6562, 0.0695, 0.0847], [0.0663, 0.0656, 0.0182, 0.0638, 0.6424, 0.0642, 0.0794], [0.0566, 0.0363, 0.032, 0.0665, 0.722, 0.0297, 0.0568], [0.0422, 0.0764, 0.0769, 0.0775, 0.6281, 0.0679, 0.0311], [0.0347, 0.0607, 0.0674, 0.0692, 0.6658, 0.0503, 0.0518], [0.0246, 0.0405, 0.0885, 0.0517, 0.674, 0.0507, 0.07], [0.0563, 0.0697, 0.0521, 0.0436, 0.7025, 0.0145, 0.0612], [0.0472, 0.0273, 0.0174, 0.0476, 0.7637, 0.0559, 0.0409], [0.0256, 0.0393, 0.0548, 0.058, 0.7642, 0.0216, 0.0364], [0.0152, 0.043, 0.0374, 0.0319, 0.7663, 0.0611, 0.045], [0.0581, 0.058, 0.0759, 0.0659, 0.6453, 0.0399, 0.0568], [0.0884, 0.0224, 0.0628, 0.0818, 0.6445, 0.0343, 0.0658], [0.0342, 0.0449, 0.0443, 0.0478, 0.7275, 0.0686, 0.0327], [0.076, 0.0389, 0.0213, 0.0817, 0.6627, 0.0803, 0.0391], [0.042, 0.0345, 0.0372, 0.0858, 0.7274, 0.028, 0.0451], [0.0646, 0.074, 0.0693, 0.0569, 0.6125, 0.0461, 0.0766], [0.0717, 0.0384, 0.0693, 0.0452, 0.723, 0.016, 0.0364], [0.0776, 0.0703, 0.0379, 0.0868, 0.6801, 0.0166, 0.0306], [0.0191, 0.0128, 0.0749, 0.0292, 0.7466, 0.0318, 0.0856], [0.0305, 0.0595, 0.0577, 0.0711, 0.7299, 0.0291, 0.0222], [0.0143, 0.0304, 0.0898, 0.0272, 0.7939, 0.0299, 0.0144], [0.0947, 0.0683, 0.0333, 0.0839, 0.6177, 0.0808, 0.0212], [0.0159, 0.0809, 0.0284, 0.0975, 0.6451, 0.0348, 0.0973], [0.0585, 0.0582, 0.0488, 0.0311, 0.7055, 0.0402, 0.0576], [0.0748, 0.0731, 0.0696, 0.0639, 0.6105, 0.0442, 0.0639], [0.0501, 0.0596, 0.0527, 0.0125, 0.7096, 0.0485, 0.067], [0.0131, 0.0344, 0.0518, 0.0599, 0.788, 0.0324, 0.0203], [0.0436, 0.0223, 0.0832, 0.0745, 0.6168, 0.0824, 0.0773], [0.0713, 0.0207, 0.0659, 0.0649, 0.6893, 0.0456, 0.0423], [0.0141, 0.0388, 0.0292, 0.0643, 0.7044, 0.0831, 0.066], [0.0398, 0.0706, 0.0146, 0.0311, 0.7616, 0.0439, 0.0385], [0.018, 0.0632, 0.0539, 0.0869, 0.6982, 0.0207, 0.0591], [0.0656, 0.0152, 0.0485, 0.0248, 0.6735, 0.0941, 0.0782], [0.0812, 0.0167, 0.0301, 0.0324, 0.7495, 0.0185, 0.0716], [0.0144, 0.0158, 0.0723, 0.0694, 0.7636, 0.0147, 0.0498], [0.0536, 0.0492, 0.0545, 0.0168, 0.7763, 0.0174, 0.0321], [0.068, 0.0142, 0.0296, 0.0682, 0.7038, 0.0593, 0.0568], [0.0467, 0.0362, 0.05, 0.0463, 0.7341, 0.0455, 0.041], [0.06, 0.0608, 0.0773, 0.082, 0.6187, 0.0404, 0.0608], [0.0394, 0.0483, 0.0676, 0.0725, 0.6521, 0.0865, 0.0336], [0.0529, 0.0689, 0.0505, 0.014, 0.6943, 0.0526, 0.0668], [0.0315, 0.0555, 0.0686, 0.04, 0.7162, 0.0356, 0.0526], [0.035, 0.0378, 0.0361, 0.0716, 0.6785, 0.0768, 0.0642], [0.0553, 0.0761, 0.0217, 0.0537, 0.6557, 0.0825, 0.0551], [0.0146, 0.0148, 0.0801, 0.022, 0.7368, 0.0575, 0.0742], [0.0557, 0.074, 0.0479, 0.0315, 0.6764, 0.042, 0.0725], [0.0315, 0.0509, 0.0425, 0.048, 0.759, 0.0289, 0.0392], [0.0688, 0.0505, 0.0411, 0.0304, 0.6562, 0.0743, 0.0786], [0.0748, 0.0499, 0.0778, 0.0431, 0.6184, 0.0538, 0.0822], [0.0194, 0.068, 0.0481, 0.0328, 0.7151, 0.0719, 0.0447], [0.0785, 0.0582, 0.0814, 0.016, 0.6174, 0.065, 0.0836], [0.0287, 0.0842, 0.0608, 0.0726, 0.6897, 0.0273, 0.0366], [0.02, 0.0501, 0.0739, 0.0601, 0.6925, 0.0621, 0.0414], [0.0478, 0.0227, 0.0423, 0.0682, 0.7308, 0.0508, 0.0374], [0.0124, 0.0491, 0.0656, 0.0647, 0.7266, 0.0242, 0.0574], [0.0204, 0.0563, 0.0483, 0.0565, 0.6592, 0.0754, 0.0838], [0.0818, 0.0866, 0.0841, 0.0603, 0.6146, 0.0377, 0.0349], [0.0492, 0.0312, 0.0246, 0.0664, 0.6947, 0.0794, 0.0544], [0.088, 0.0166, 0.0545, 0.0929, 0.7142, 0.0167, 0.0171], [0.0403, 0.0384, 0.0828, 0.0512, 0.7221, 0.0264, 0.0389], [0.0289, 0.0271, 0.0511, 0.0463, 0.7174, 0.0363, 0.0929], [0.0569, 0.0487, 0.0655, 0.0386, 0.6943, 0.041, 0.0548], [0.0886, 0.0411, 0.0626, 0.0703, 0.5865, 0.0617, 0.0891], [0.065, 0.0365, 0.0202, 0.0382, 0.6999, 0.0432, 0.0969], [0.0538, 0.0294, 0.0541, 0.0586, 0.7385, 0.0465, 0.0191], [0.0761, 0.0896, 0.0392, 0.0697, 0.6069, 0.0468, 0.0718], [0.0312, 0.0258, 0.0789, 0.0213, 0.8142, 0.0138, 0.0148], [0.026, 0.0183, 0.07, 0.0569, 0.6904, 0.0661, 0.0722], [0.023, 0.0225, 0.062, 0.0275, 0.7501, 0.0899, 0.0249], [0.0488, 0.0266, 0.0632, 0.0376, 0.7063, 0.0581, 0.0594], [0.0286, 0.0618, 0.0193, 0.0379, 0.7533, 0.0407, 0.0585]], "emotions": ["red", "red", "red", "red", "red", "red", "red", "red", "red", "red", "red", "red", "red", "red", "red", "red", "red", "red", "red", "red", "red", "red", "red", "red", "red", "red", "red", "red", "red", "red", "red", "red", "red", "red", "red", "red", "red", "red", "red", "red", "red", "red", "red", "red", "red", "red", "red", "red", "red", "red", "red", "red", "red", "red", "red", "red", "red", "red", "red", "red", "red", "red", "red", "red", "red", "red", "red", "red", "red", "red", "red", "red", "red", "red", "red", "red", "red", "red", "red", "red"], "timestamps": [0, 40, 80, 120, 160, 200, 240, 280, 320, 360, 400, 440, 480, 520, 560, 600, 640, 680, 720, 760, 800, 840, 880, 920, 960, 1000, 1040, 1080, 1120, 1160, 1200, 1240, 1280, 1320, 1360, 1400, 1440, 1480, 1520, 1560, 1600, 1640, 1680, 1720, 1760, 1800, 1840, 1880, 1920, 1960, 2000, 2040, 2080, 2120, 2160, 2200, 2240, 2280, 2320, 2360, 2400, 2440, 2480, 2520, 2560, 2600, 2640, 2680, 2720, 2760, 2800, 2840, 2880, 2920, 2960, 3000, 3040, 3080, 3120, 3160]}], "conversation": [], "conversation_timestamps": []}