{"agent_id": "agent-green-77", "type": "green", "trips": [{"trip_id": 0, "transport_method": "foot", "start_time": 0, "path": [[1.521391, 42.5442591], [1.5218714, 42.5438052], [1.5220516, 42.5435416], [1.5221503, 42.5432502], [1.522803, 42.5429803], [1.5229172, 42.542321], [1.5229127, 42.5416327], [1.523328, 42.5410648], [1.5235085, 42.5407477], [1.5233493, 42.5404153], [1.523192, 42.5397404], [1.5231602, 42.5390329], [1.5231876, 42.5383332], [1.5236777, 42.5379011], [1.524317, 42.5375926], [1.5250214, 42.5376181], [1.5251143, 42.5371425], [1.5247958, 42.536784], [1.5240971, 42.5366439], [1.5234253, 42.5364317], [1.5229555, 42.5360169], [1.5224985, 42.5354713], [1.5220593, 42.5349125], [1.5214305, 42.5345953], [1.5210226, 42.5340603], [1.5207468, 42.5334698], [1.5211999, 42.5329709], [1.5212409, 42.5323353], [1.5208957, 42.5317118], [1.5211287, 42.531062], [1.5212271, 42.5305493], [1.5215358, 42.5299357], [1.5219979, 42.5294149], [1.5215105, 42.5289905], [1.5210921, 42.5284466], [1.5208982, 42.5277794], [1.520646, 42.5271728], [1.5207039, 42.5264618], [1.5207618, 42.5257508], [1.520783, 42.5260869], [1.5206208, 42.5267562], [1.5206219, 42.5274568], [1.5206667, 42.5267493], [1.5207108, 42.5260373], [1.5207528, 42.5253254], [1.5206711, 42.5246353], [1.521009, 42.5240109], [1.5214654, 42.5234631], [1.5217986, 42.5228405], [1.5221015, 42.5222029], [1.5226534, 42.521758], [1.5232057, 42.5213122], [1.5235699, 42.5206999], [1.5238866, 42.5200631], [1.5240459, 42.5193709], [1.5246039, 42.5189295], [1.5251714, 42.5184974], [1.5257193, 42.5180414], [1.5262788, 42.5176045], [1.5269383, 42.5173327], [1.5275874, 42.517037], [1.5282305, 42.5167388], [1.5288411, 42.5167203], [1.5294746, 42.5164079], [1.5300569, 42.5160007], [1.530686, 42.5156852], [1.5312638, 42.5152722], [1.531809, 42.5148129], [1.5323187, 42.5143298], [1.5329204, 42.5139505], [1.533606, 42.5137603], [1.5341206, 42.5133387], [1.5341296, 42.5134587], [1.5346764, 42.51302], [1.5353422, 42.512772], [1.5360102, 42.5125779], [1.5366641, 42.5122981], [1.53723, 42.5118792], [1.5378904, 42.5116177], [1.5384837, 42.5112602]], "mood_vectors": [[0.0618, 0.0395, 0.0248, 0.0772, 0.0239, 0.0371, 0.7357], [0.0163, 0.0546, 0.0384, 0.0805, 0.0452, 0.0139, 0.7512], [0.0735, 0.0355, 0.0718, 0.0509, 0.0787, 0.0703, 0.6192], [0.0246, 0.0214, 0.0266, 0.0701, 0.0574, 0.0752, 0.7246], [0.074, 0.0529, 0.0656, 0.0571, 0.0648, 0.0565, 0.6292], [0.099, 0.0174, 0.0275, 0.0314, 0.0825, 0.0353, 0.7069], [0.0248, 0.0449, 0.0535, 0.0149, 0.0549, 0.0713, 0.7357], [0.0532, 0.066, 0.0452, 0.0683, 0.0503, 0.0588, 0.6581], [0.0807, 0.0388, 0.0421, 0.0488, 0.0225, 0.0389, 0.7281], [0.0284, 0.0618, 0.0447, 0.0846, 0.0825, 0.0468, 0.6512], [0.0354, 0.0561, 0.0419, 0.0363, 0.0158, 0.0473, 0.7672], [0.0165, 0.06, 0.0812, 0.0515, 0.0331, 0.0522, 0.7055], [0.0688, 0.0243, 0.0269, 0.0599, 0.0194, 0.0297, 0.771], [0.0261, 0.0526, 0.0486, 0.0754, 0.0688, 0.0482, 0.6803], [0.0221, 0.1027, 0.0551, 0.0526, 0.0965, 0.0171, 0.6539], [0.0483, 0.087, 0.0574, 0.0394, 0.0805, 0.035, 0.6525], [0.0219, 0.0837, 0.0277, 0.0603, 0.0679, 0.0144, 0.7242], [0.0677, 0.026, 0.0661, 0.0583, 0.0349, 0.0509, 0.6962], [0.0874, 0.0756, 0.0341, 0.0174, 0.0703, 0.0723, 0.6427], [0.073, 0.0565, 0.0276, 0.0281, 0.0187, 0.0453, 0.7509], [0.0487, 0.0624, 0.0182, 0.0307, 0.0434, 0.0244, 0.7721], [0.0666, 0.0251, 0.0428, 0.0457, 0.0905, 0.0608, 0.6686], [0.042, 0.0338, 0.048, 0.0814, 0.02, 0.0316, 0.7432], [0.0399, 0.0462, 0.0673, 0.0189, 0.0247, 0.0589, 0.7441], [0.0193, 0.0163, 0.0249, 0.0557, 0.0193, 0.0365, 0.8279], [0.0619, 0.0374, 0.0212, 0.0195, 0.0394, 0.0183, 0.8023], [0.0192, 0.0406, 0.022, 0.0687, 0.0396, 0.0779, 0.7321], [0.0558, 0.0326, 0.0751, 0.0261, 0.0433, 0.0213, 0.7457], [0.0357, 0.0519, 0.0854, 0.0493, 0.0858, 0.049, 0.6429], [0.0501, 0.0239, 0.0478, 0.055, 0.0497, 0.0714, 0.7021], [0.0462, 0.0189, 0.018, 0.0577, 0.0746, 0.0516, 0.733], [0.0505, 0.0176, 0.0944, 0.0148, 0.0814, 0.0751, 0.6662], [0.0165, 0.0779, 0.0194, 0.1143, 0.0325, 0.0256, 0.7138], [0.0404, 0.059, 0.0416, 0.0916, 0.0225, 0.0788, 0.6662], [0.0725, 0.0372, 0.0574, 0.0547, 0.0591, 0.0245, 0.6946], [0.0301, 0.0708, 0.0591, 0.0598, 0.0707, 0.0488, 0.6608], [0.0701, 0.0373, 0.0475, 0.0206, 0.0244, 0.0479, 0.7521], [0.0196, 0.0179, 0.0876, 0.0953, 0.022, 0.0159, 0.7416], [0.0668, 0.0446, 0.0706, 0.0801, 0.0375, 0.0672, 0.6332], [0.0521, 0.0127, 0.0494, 0.0423, 0.045, 0.0603, 0.7381], [0.058, 0.06, 0.0633, 0.0659, 0.0336, 0.0383, 0.6809], [0.0416, 0.0239, 0.0845, 0.0515, 0.0486, 0.0193, 0.7306], [0.0752, 0.0602, 0.042, 0.0142, 0.0839, 0.0178, 0.7069], [0.0314, 0.0603, 0.0329, 0.0197, 0.0644, 0.0232, 0.7681], [0.0133, 0.0412, 0.0589, 0.0379, 0.0787, 0.0472, 0.7228], [0.0228, 0.0654, 0.0727, 0.0721, 0.0562, 0.0763, 0.6346], [0.0582, 0.0602, 0.0143, 0.0637, 0.0425, 0.0621, 0.6991], [0.0184, 0.0766, 0.0235, 0.042, 0.04, 0.037, 0.7625], [0.0243, 0.0541, 0.0511, 0.0533, 0.0238, 0.0569, 0.7364], [0.0232, 0.0265, 0.0191, 0.0613, 0.0251, 0.0793, 0.7656], [0.0448, 0.0474, 0.0602, 0.0476, 0.0425, 0.0489, 0.7087], [0.0438, 0.0402, 0.079, 0.0231, 0.0477, 0.0186, 0.7476], [0.0688, 0.0709, 0.024, 0.0705, 0.0526, 0.054, 0.6593], [0.0768, 0.0446, 0.0512, 0.064, 0.0638, 0.0612, 0.6385], [0.0135, 0.0321, 0.0342, 0.0238, 0.0581, 0.0796, 0.7588], [0.0291, 0.0754, 0.0221, 0.0651, 0.0176, 0.0309, 0.7598], [0.0815, 0.0145, 0.0148, 0.0143, 0.034, 0.0902, 0.7507], [0.0313, 0.0592, 0.0696, 0.0482, 0.0656, 0.0179, 0.7082], [0.0423, 0.0637, 0.0222, 0.0366, 0.0505, 0.0144, 0.7703], [0.0183, 0.0422, 0.0192, 0.0729, 0.0539, 0.066, 0.7275], [0.0389, 0.0711, 0.0655, 0.0644, 0.0747, 0.0474, 0.638], [0.0769, 0.0512, 0.0519, 0.0402, 0.0422, 0.079, 0.6585], [0.0292, 0.0908, 0.0679, 0.052, 0.0189, 0.0878, 0.6534], [0.0494, 0.0932, 0.0631, 0.0399, 0.0719, 0.0297, 0.6529], [0.0755, 0.0646, 0.0591, 0.0465, 0.0522, 0.0662, 0.6361], [0.056, 0.0277, 0.0653, 0.0629, 0.0601, 0.0418, 0.6862], [0.0701, 0.0462, 0.0793, 0.015, 0.0431, 0.0312, 0.7151], [0.0473, 0.0745, 0.069, 0.0694, 0.0764, 0.0466, 0.6168], [0.0575, 0.0638, 0.045, 0.0161, 0.033, 0.0623, 0.7224], [0.0549, 0.0528, 0.0389, 0.077, 0.0407, 0.0293, 0.7064], [0.0551, 0.0574, 0.0491, 0.0332, 0.0501, 0.0735, 0.6815], [0.076, 0.0764, 0.0331, 0.0319, 0.0238, 0.0445, 0.7144], [0.0738, 0.0773, 0.0839, 0.027, 0.0443, 0.0252, 0.6686], [0.0477, 0.0526, 0.0292, 0.0346, 0.0331, 0.0402, 0.7626], [0.0299, 0.0668, 0.0721, 0.0823, 0.0798, 0.015, 0.6542], [0.0732, 0.036, 0.0381, 0.0425, 0.063, 0.0541, 0.693], [0.0501, 0.0116, 0.0538, 0.059, 0.0607, 0.0532, 0.7115], [0.065, 0.0668, 0.0686, 0.0671, 0.0717, 0.0382, 0.6227], [0.0669, 0.0472, 0.0227, 0.0181, 0.0773, 0.0454, 0.7224], [0.0573, 0.0498, 0.0208, 0.1011, 0.0788, 0.0672, 0.625]], "emotions": ["purple", "purple", "purple", "purple", "purple", "purple", "purple", "purple", "purple", "purple", "purple", "purple", "purple", "purple", "purple", "purple", "purple", "purple", "purple", "purple", "purple", "purple", "purple", "purple", "purple", "purple", "purple", "purple", "purple", "purple", "purple", "purple", "purple", "purple", "purple", "purple", "purple", "purple", "purple", "purple", "purple", "purple", "purple", "purple", "purple", "purple", "purple", "purple", "purple", "purple", "purple", "purple", "purple", "purple", "purple", "purple", "purple", "purple", "purple", "purple", "purple", "purple", "purple", "purple", "purple", "purple", "purple", "purple", "purple", "purple", "purple", "purple", "purple", "purple", "purple", "purple", "purple", "purple", "purple", "purple"], "timestamps": [0, 40, 80, 120, 160, 200, 240, 280, 320, 360, 400, 440, 480, 520, 560, 600, 640, 680, 720, 760, 800, 840, 880, 920, 960, 1000, 1040, 1080, 1120, 1160, 1200, 1240, 1280, 1320, 1360, 1400, 1440, 1480, 1520, 1560, 1600, 1640, 1680, 1720, 1760, 1800, 1840, 1880, 1920, 1960, 2000, 2040, 2080, 2120, 2160, 2200, 2240, 2280, 2320, 2360, 2400, 2440, 2480, 2520, 2560, 2600, 2640, 2680, 2720, 2760, 2800, 2840, 2880, 2920, 2960, 3000, 3040, 3080, 3120, 3160]}], "conversation": [], "conversation_timestamps": []}