{"agent_id": "agent-blue-1330", "type": "blue", "trips": [{"trip_id": 0, "transport_method": "bicycle", "start_time": 0, "path": [[1.5308107, 42.5065153], [1.5301242, 42.506504], [1.529456, 42.5060726], [1.5287242, 42.5057332], [1.5279352, 42.5055169], [1.5271492, 42.5053153], [1.5263337, 42.5053175], [1.5255269, 42.5052142], [1.5247241, 42.5050566], [1.5239187, 42.5049139], [1.5231133, 42.5047887], [1.5223091, 42.5047705], [1.5215556, 42.5045875], [1.5208121, 42.5042461], [1.5200687, 42.5039047], [1.5203866, 42.5040191], [1.5211428, 42.5043313], [1.5218973, 42.5046355], [1.5215973, 42.5046508], [1.5208303, 42.5043662], [1.5200633, 42.5040816], [1.5192963, 42.503797], [1.5185756, 42.5035994], [1.5177642, 42.5037042], [1.5169493, 42.5037359], [1.5161703, 42.5035084], [1.5155003, 42.5030402], [1.5148075, 42.5026053], [1.5140349, 42.5023846], [1.5134317, 42.5018516], [1.5127876, 42.5015565], [1.5122962, 42.5009024], [1.5118048, 42.5002483], [1.5113008, 42.499604], [1.5107928, 42.4989627], [1.5102684, 42.4983359], [1.5095555, 42.4979376], [1.5088213, 42.4975768], [1.508084, 42.4972223], [1.5073239, 42.4969211], [1.5065534, 42.4966461], [1.50578, 42.4963795], [1.5050053, 42.496118], [1.504281, 42.4957387], [1.5035225, 42.4954411], [1.5027617, 42.4951447], [1.5020261, 42.4947868], [1.5012829, 42.4944449], [1.5005981, 42.4940506], [1.5000737, 42.4934501], [1.4994261, 42.4929511], [1.4987103, 42.4925562], [1.4979866, 42.4921747], [1.4972853, 42.4917537], [1.4966049, 42.4912997], [1.4962873, 42.4906042], [1.496102, 42.4898281], [1.4955685, 42.4892078], [1.4950364, 42.4885865], [1.4946713, 42.4878765], [1.4947409, 42.4870682], [1.4944728, 42.4863066], [1.4938918, 42.4857338], [1.4932308, 42.4852538], [1.4925507, 42.4848268], [1.4917508, 42.4847249], [1.4910596, 42.4843338], [1.4907143, 42.4835999], [1.4903355, 42.4828846], [1.4899076, 42.4821874], [1.4895529, 42.4814536], [1.4894487, 42.4806438], [1.4893644, 42.479831], [1.4895841, 42.4790467], [1.490022, 42.4783557], [1.4904213, 42.4776419], [1.4906124, 42.4768703], [1.4903349, 42.4764032], [1.4901561, 42.4764273], [1.4893448, 42.4763222]], "mood_vectors": [[0.0238, 0.0794, 0.0338, 0.725, 0.0598, 0.0421, 0.0361], [0.0303, 0.0559, 0.0274, 0.673, 0.0914, 0.0913, 0.0307], [0.0869, 0.0286, 0.0725, 0.6616, 0.0484, 0.0796, 0.0223], [0.0375, 0.0228, 0.0731, 0.7405, 0.0334, 0.0707, 0.022], [0.0717, 0.0669, 0.0389, 0.6183, 0.0702, 0.0817, 0.0522], [0.0467, 0.0352, 0.0859, 0.6668, 0.0837, 0.0294, 0.0523], [0.0218, 0.0701, 0.0582, 0.739, 0.0136, 0.0627, 0.0347], [0.0267, 0.0193, 0.0161, 0.7646, 0.0693, 0.0887, 0.0153], [0.0647, 0.0168, 0.0219, 0.7696, 0.0384, 0.0376, 0.051], [0.0365, 0.0821, 0.0302, 0.7141, 0.0317, 0.0758, 0.0294], [0.0206, 0.0379, 0.0591, 0.7404, 0.0692, 0.0344, 0.0385], [0.0423, 0.0496, 0.0429, 0.6916, 0.0538, 0.0528, 0.067], [0.105, 0.0185, 0.088, 0.6731, 0.049, 0.0316, 0.0349], [0.0341, 0.0427, 0.0502, 0.7235, 0.0506, 0.0321, 0.0667], [0.0573, 0.0362, 0.0252, 0.6774, 0.0677, 0.071, 0.0651], [0.0508, 0.0735, 0.03, 0.6825, 0.0713, 0.0336, 0.0583], [0.0348, 0.0281, 0.0602, 0.7839, 0.03, 0.0494, 0.0137], [0.0724, 0.0532, 0.0333, 0.7005, 0.0458, 0.0729, 0.0219], [0.0496, 0.0327, 0.0869, 0.6893, 0.0878, 0.0363, 0.0174], [0.0727, 0.0275, 0.0835, 0.6461, 0.0256, 0.0787, 0.0659], [0.0903, 0.0317, 0.0526, 0.6618, 0.0509, 0.0336, 0.0791], [0.0667, 0.0198, 0.0473, 0.7439, 0.0757, 0.0152, 0.0314], [0.0162, 0.0344, 0.0389, 0.7749, 0.0414, 0.0689, 0.0253], [0.0271, 0.0567, 0.0482, 0.7556, 0.029, 0.0332, 0.0503], [0.0709, 0.0486, 0.0317, 0.675, 0.0885, 0.0156, 0.0697], [0.0436, 0.0439, 0.0851, 0.6861, 0.041, 0.0772, 0.0231], [0.0577, 0.0412, 0.0439, 0.7001, 0.0708, 0.0492, 0.0372], [0.0222, 0.0623, 0.0514, 0.6464, 0.0361, 0.0863, 0.0952], [0.0468, 0.0255, 0.055, 0.7102, 0.0797, 0.0583, 0.0244], [0.0757, 0.0637, 0.0686, 0.6803, 0.0213, 0.0426, 0.0479], [0.0362, 0.0599, 0.0332, 0.7235, 0.0455, 0.0535, 0.0482], [0.0835, 0.0237, 0.0593, 0.679, 0.0577, 0.0238, 0.073], [0.0561, 0.0643, 0.0345, 0.654, 0.0448, 0.07, 0.0763], [0.0405, 0.0462, 0.0279, 0.6836, 0.0737, 0.0496, 0.0785], [0.0629, 0.0197, 0.0901, 0.658, 0.0282, 0.0495, 0.0916], [0.0766, 0.0567, 0.0434, 0.5959, 0.0675, 0.0806, 0.0794], [0.0824, 0.0903, 0.0207, 0.6533, 0.0233, 0.0739, 0.0561], [0.0399, 0.0375, 0.0371, 0.739, 0.0807, 0.0138, 0.052], [0.0609, 0.0182, 0.0274, 0.7472, 0.0182, 0.0591, 0.0691], [0.0367, 0.0761, 0.0767, 0.7029, 0.0153, 0.0647, 0.0276], [0.0295, 0.0709, 0.067, 0.6977, 0.0399, 0.0631, 0.0318], [0.0457, 0.046, 0.059, 0.6738, 0.0598, 0.0648, 0.0508], [0.0481, 0.0304, 0.0628, 0.678, 0.0508, 0.0669, 0.063], [0.0199, 0.099, 0.015, 0.6635, 0.0566, 0.0948, 0.0513], [0.0245, 0.0507, 0.0264, 0.7438, 0.0341, 0.0883, 0.0322], [0.0705, 0.0617, 0.0499, 0.7237, 0.0364, 0.0333, 0.0246], [0.0522, 0.0606, 0.0802, 0.7055, 0.0172, 0.0683, 0.016], [0.0777, 0.0408, 0.0589, 0.6855, 0.0197, 0.0557, 0.0617], [0.0353, 0.0197, 0.0308, 0.7617, 0.081, 0.0288, 0.0426], [0.0642, 0.015, 0.073, 0.6675, 0.0252, 0.0754, 0.0796], [0.0382, 0.0766, 0.0666, 0.689, 0.0277, 0.0255, 0.0764], [0.0416, 0.0515, 0.0585, 0.7701, 0.0135, 0.0333, 0.0314], [0.0557, 0.077, 0.0188, 0.791, 0.0177, 0.0137, 0.0262], [0.0493, 0.0492, 0.0741, 0.6521, 0.0135, 0.0815, 0.0803], [0.0658, 0.0678, 0.0628, 0.664, 0.0654, 0.0163, 0.058], [0.0616, 0.0356, 0.0551, 0.6923, 0.0676, 0.064, 0.0237], [0.0231, 0.0131, 0.0355, 0.8076, 0.0414, 0.0456, 0.0337], [0.0699, 0.0761, 0.0423, 0.6381, 0.0762, 0.0439, 0.0535], [0.0918, 0.1012, 0.0397, 0.6706, 0.0239, 0.0519, 0.0208], [0.0749, 0.0757, 0.0542, 0.6243, 0.0456, 0.0589, 0.0664], [0.0182, 0.0817, 0.0797, 0.6675, 0.0392, 0.0461, 0.0675], [0.0995, 0.0157, 0.0702, 0.7356, 0.0349, 0.0255, 0.0185], [0.0323, 0.0662, 0.0597, 0.6786, 0.0321, 0.0679, 0.0633], [0.0217, 0.0531, 0.0299, 0.7241, 0.0685, 0.0303, 0.0724], [0.0628, 0.0553, 0.0168, 0.7246, 0.032, 0.0713, 0.0371], [0.0281, 0.0703, 0.0142, 0.7538, 0.0582, 0.0441, 0.0312], [0.0533, 0.0604, 0.0453, 0.6764, 0.0605, 0.0725, 0.0315], [0.081, 0.0522, 0.0882, 0.6524, 0.0312, 0.0335, 0.0616], [0.0843, 0.0782, 0.0372, 0.6954, 0.0339, 0.0129, 0.058], [0.0562, 0.0605, 0.0129, 0.6748, 0.0621, 0.0819, 0.0516], [0.0549, 0.085, 0.0781, 0.627, 0.0446, 0.0377, 0.0728], [0.0606, 0.0678, 0.0249, 0.7014, 0.0399, 0.0649, 0.0405], [0.064, 0.0146, 0.024, 0.7489, 0.0399, 0.0768, 0.0317], [0.0657, 0.0825, 0.0484, 0.6387, 0.0637, 0.0298, 0.0712], [0.0681, 0.0733, 0.0669, 0.5999, 0.0564, 0.0711, 0.0643], [0.0124, 0.0827, 0.0514, 0.6967, 0.0842, 0.0151, 0.0576], [0.074, 0.0623, 0.0166, 0.7442, 0.0177, 0.0683, 0.017], [0.0195, 0.0231, 0.0487, 0.7231, 0.0585, 0.0588, 0.0683], [0.0635, 0.046, 0.0326, 0.671, 0.0524, 0.0422, 0.0923], [0.0428, 0.0186, 0.042, 0.7052, 0.0553, 0.0562, 0.0799]], "emotions": ["green", "green", "green", "green", "green", "green", "green", "green", "green", "green", "green", "green", "green", "green", "green", "green", "green", "green", "green", "green", "green", "green", "green", "green", "green", "green", "green", "green", "green", "green", "green", "green", "green", "green", "green", "green", "green", "green", "green", "green", "green", "green", "green", "green", "green", "green", "green", "green", "green", "green", "green", "green", "green", "green", "green", "green", "green", "green", "green", "green", "green", "green", "green", "green", "green", "green", "green", "green", "green", "green", "green", "green", "green", "green", "green", "green", "green", "green", "green", "green"], "timestamps": [0, 40, 80, 120, 160, 200, 240, 280, 320, 360, 400, 440, 480, 520, 560, 600, 640, 680, 720, 760, 800, 840, 880, 920, 960, 1000, 1040, 1080, 1120, 1160, 1200, 1240, 1280, 1320, 1360, 1400, 1440, 1480, 1520, 1560, 1600, 1640, 1680, 1720, 1760, 1800, 1840, 1880, 1920, 1960, 2000, 2040, 2080, 2120, 2160, 2200, 2240, 2280, 2320, 2360, 2400, 2440, 2480, 2520, 2560, 2600, 2640, 2680, 2720, 2760, 2800, 2840, 2880, 2920, 2960, 3000, 3040, 3080, 3120, 3160]}], "conversation": [], "conversation_timestamps": []}