{"agent_id": "agent-green-557", "type": "green", "trips": [{"trip_id": 0, "transport_method": "car", "start_time": 0, "path": [[1.5393284, 42.5091743], [1.5392033, 42.5091319], [1.5390782, 42.5090895], [1.538953, 42.5090471], [1.5388279, 42.5090047], [1.538755, 42.5089094], [1.538711, 42.5087849], [1.5386363, 42.5087044], [1.5385042, 42.5087067], [1.5383721, 42.5087089], [1.53824, 42.5087112], [1.538108, 42.5087135], [1.5379759, 42.5087157], [1.53785, 42.5087483], [1.5377275, 42.5087973], [1.5375959, 42.5087863], [1.5374642, 42.5087753], [1.5373326, 42.5087642], [1.5372009, 42.5087532], [1.5370693, 42.5087422], [1.5369376, 42.5087311], [1.536806, 42.5087201], [1.5366745, 42.5087076], [1.5365431, 42.5086943], [1.5364116, 42.5086809], [1.5362802, 42.5086676], [1.5361488, 42.5086543], [1.5360173, 42.508641], [1.5358859, 42.5086277], [1.5357545, 42.5086144], [1.535623, 42.5086011], [1.5354915, 42.5085897], [1.5353596, 42.508581], [1.5352279, 42.5085713], [1.5350961, 42.5085616], [1.5349644, 42.5085518], [1.5348327, 42.5085421], [1.5347009, 42.5085323], [1.5345692, 42.5085226], [1.5344374, 42.5085128], [1.5343057, 42.5085029], [1.5341752, 42.5085068], [1.5340462, 42.5085219], [1.5339153, 42.5085044], [1.5337844, 42.5084868], [1.5336534, 42.5084693], [1.5335225, 42.5084518], [1.5333916, 42.5084342], [1.5332606, 42.5084167], [1.5331297, 42.5083992], [1.5329987, 42.5083816], [1.5328678, 42.5083641], [1.5327369, 42.5083466], [1.5326059, 42.508329], [1.532475, 42.5083115], [1.5324467, 42.5081995], [1.5323793, 42.5080859], [1.532312, 42.5079722], [1.5322398, 42.5078622], [1.5321503, 42.507765], [1.5320607, 42.5076679], [1.5319737, 42.5075687], [1.5318921, 42.5074648], [1.5318104, 42.5073609], [1.5318007, 42.5073228], [1.5318912, 42.5074164], [1.5319579, 42.5075304], [1.5319569, 42.5075765], [1.5318431, 42.5075094], [1.5317292, 42.5074424], [1.5316154, 42.5073754], [1.5315016, 42.5073083], [1.5313877, 42.5072413], [1.5312739, 42.5071743], [1.5311601, 42.5071072], [1.5310432, 42.5070462], [1.5309217, 42.5069944], [1.5308002, 42.5069425], [1.5306787, 42.5068906], [1.5305572, 42.5068388]], "mood_vectors": [[0.021, 0.0259, 0.0198, 0.0942, 0.0868, 0.0178, 0.7346], [0.0628, 0.0548, 0.0601, 0.0292, 0.0597, 0.0364, 0.697], [0.0869, 0.0775, 0.079, 0.0254, 0.0332, 0.0146, 0.6834], [0.048, 0.013, 0.0454, 0.08, 0.082, 0.0904, 0.6411], [0.0887, 0.0386, 0.0866, 0.0288, 0.0179, 0.0673, 0.6721], [0.0678, 0.052, 0.0375, 0.0749, 0.0378, 0.0633, 0.6667], [0.0202, 0.0154, 0.068, 0.0449, 0.0847, 0.0921, 0.6747], [0.0124, 0.0566, 0.0531, 0.02, 0.051, 0.071, 0.7359], [0.0584, 0.0747, 0.0254, 0.0382, 0.0711, 0.0437, 0.6884], [0.036, 0.0154, 0.0573, 0.026, 0.0657, 0.0667, 0.733], [0.0431, 0.0714, 0.095, 0.0971, 0.0402, 0.0519, 0.6014], [0.0323, 0.0489, 0.0477, 0.0517, 0.0635, 0.025, 0.7309], [0.0604, 0.0406, 0.018, 0.0139, 0.0669, 0.0845, 0.7159], [0.0741, 0.0641, 0.0324, 0.0769, 0.078, 0.0557, 0.6187], [0.0663, 0.049, 0.0195, 0.074, 0.0731, 0.0295, 0.6886], [0.0627, 0.0404, 0.0749, 0.0531, 0.0704, 0.0217, 0.6768], [0.0769, 0.0332, 0.0232, 0.0708, 0.0806, 0.0422, 0.6731], [0.0216, 0.0711, 0.0281, 0.0657, 0.0257, 0.038, 0.7498], [0.0682, 0.0342, 0.0564, 0.0457, 0.0455, 0.084, 0.666], [0.0112, 0.0636, 0.0239, 0.0599, 0.0531, 0.0373, 0.751], [0.029, 0.0452, 0.0668, 0.0683, 0.054, 0.0373, 0.6994], [0.0639, 0.0932, 0.0201, 0.0641, 0.0923, 0.0451, 0.6214], [0.0825, 0.0374, 0.0168, 0.014, 0.0783, 0.0863, 0.6846], [0.0309, 0.0309, 0.0413, 0.0732, 0.07, 0.0595, 0.6941], [0.0506, 0.0223, 0.0203, 0.0819, 0.0847, 0.091, 0.6494], [0.0798, 0.0269, 0.0328, 0.0197, 0.0491, 0.0565, 0.7353], [0.0526, 0.0438, 0.075, 0.0569, 0.0496, 0.0699, 0.6521], [0.0278, 0.0507, 0.0284, 0.0667, 0.0497, 0.0237, 0.753], [0.0758, 0.0157, 0.048, 0.0518, 0.0248, 0.0289, 0.7551], [0.0723, 0.0237, 0.0628, 0.0132, 0.0166, 0.0483, 0.7632], [0.0527, 0.0243, 0.0752, 0.0241, 0.0454, 0.0295, 0.7488], [0.0748, 0.0497, 0.0446, 0.0675, 0.0394, 0.0379, 0.6861], [0.0165, 0.0749, 0.0823, 0.0788, 0.036, 0.0139, 0.6977], [0.0837, 0.0186, 0.0679, 0.0177, 0.0704, 0.0615, 0.6802], [0.0254, 0.0498, 0.0384, 0.062, 0.0171, 0.0633, 0.744], [0.0718, 0.027, 0.0748, 0.0609, 0.0319, 0.0363, 0.6972], [0.0471, 0.0461, 0.0234, 0.0324, 0.0249, 0.0674, 0.7588], [0.0668, 0.0793, 0.0796, 0.0758, 0.0837, 0.0801, 0.5348], [0.0531, 0.0888, 0.0644, 0.0556, 0.0389, 0.0507, 0.6486], [0.0581, 0.022, 0.1002, 0.0956, 0.0512, 0.0428, 0.63], [0.0154, 0.0223, 0.0417, 0.0449, 0.0697, 0.0285, 0.7774], [0.0255, 0.0823, 0.0832, 0.0189, 0.0298, 0.0584, 0.7018], [0.0603, 0.0908, 0.0454, 0.0188, 0.0379, 0.0897, 0.6572], [0.03, 0.0589, 0.0826, 0.0395, 0.0585, 0.0845, 0.646], [0.0475, 0.0832, 0.0464, 0.061, 0.0133, 0.0451, 0.7036], [0.0735, 0.094, 0.0185, 0.0661, 0.0443, 0.0188, 0.6848], [0.0644, 0.0895, 0.0757, 0.0605, 0.0437, 0.0233, 0.6429], [0.0415, 0.029, 0.021, 0.0144, 0.042, 0.0162, 0.836], [0.0264, 0.0653, 0.0603, 0.0675, 0.0439, 0.0283, 0.7083], [0.0191, 0.0773, 0.042, 0.0578, 0.0799, 0.0354, 0.6884], [0.0397, 0.0361, 0.057, 0.033, 0.0701, 0.0238, 0.7403], [0.0706, 0.0439, 0.0715, 0.0203, 0.0663, 0.0422, 0.6852], [0.0136, 0.0483, 0.0656, 0.0758, 0.0833, 0.0376, 0.676], [0.0788, 0.0422, 0.0268, 0.0351, 0.0259, 0.0636, 0.7277], [0.0432, 0.0265, 0.0579, 0.054, 0.0588, 0.0663, 0.6933], [0.0632, 0.0877, 0.0423, 0.0159, 0.0718, 0.0276, 0.6917], [0.0706, 0.0302, 0.0694, 0.0557, 0.0551, 0.0593, 0.6598], [0.0616, 0.0616, 0.0534, 0.0639, 0.0774, 0.0521, 0.63], [0.0667, 0.0459, 0.0241, 0.0491, 0.0411, 0.0499, 0.7233], [0.0585, 0.0624, 0.0842, 0.0423, 0.0262, 0.0279, 0.6985], [0.0676, 0.0465, 0.019, 0.0559, 0.0747, 0.0313, 0.705], [0.0416, 0.0393, 0.0565, 0.0606, 0.0254, 0.0851, 0.6914], [0.0605, 0.0573, 0.0526, 0.0571, 0.0308, 0.0514, 0.6903], [0.049, 0.0341, 0.0437, 0.0697, 0.0741, 0.082, 0.6474], [0.0697, 0.0176, 0.0628, 0.0672, 0.0287, 0.0391, 0.7149], [0.0476, 0.0513, 0.0632, 0.0853, 0.015, 0.0462, 0.6915], [0.033, 0.0382, 0.0519, 0.0307, 0.0356, 0.068, 0.7426], [0.0205, 0.0482, 0.0495, 0.0223, 0.0794, 0.0653, 0.7149], [0.0832, 0.0665, 0.0512, 0.0264, 0.0455, 0.0749, 0.6523], [0.0514, 0.0525, 0.073, 0.0259, 0.02, 0.0658, 0.7114], [0.0557, 0.065, 0.0673, 0.0775, 0.0352, 0.0847, 0.6146], [0.0767, 0.0675, 0.0494, 0.0231, 0.0872, 0.0741, 0.6221], [0.0644, 0.0769, 0.0626, 0.052, 0.0314, 0.023, 0.6897], [0.0192, 0.0116, 0.0596, 0.0637, 0.0711, 0.0708, 0.7041], [0.0424, 0.0287, 0.0285, 0.0527, 0.0139, 0.0189, 0.8149], [0.0641, 0.0388, 0.0366, 0.0571, 0.0292, 0.0762, 0.6979], [0.0355, 0.0874, 0.0289, 0.0453, 0.0851, 0.0636, 0.6542], [0.0639, 0.0301, 0.0623, 0.0563, 0.0124, 0.0484, 0.7266], [0.0834, 0.0475, 0.0718, 0.079, 0.0403, 0.0415, 0.6366], [0.0494, 0.0233, 0.0391, 0.0718, 0.0134, 0.0871, 0.716]], "emotions": ["purple", "purple", "purple", "purple", "purple", "purple", "purple", "purple", "purple", "purple", "purple", "purple", "purple", "purple", "purple", "purple", "purple", "purple", "purple", "purple", "purple", "purple", "purple", "purple", "purple", "purple", "purple", "purple", "purple", "purple", "purple", "purple", "purple", "purple", "purple", "purple", "purple", "purple", "purple", "purple", "purple", "purple", "purple", "purple", "purple", "purple", "purple", "purple", "purple", "purple", "purple", "purple", "purple", "purple", "purple", "purple", "purple", "purple", "purple", "purple", "purple", "purple", "purple", "purple", "purple", "purple", "purple", "purple", "purple", "purple", "purple", "purple", "purple", "purple", "purple", "purple", "purple", "purple", "purple", "purple"], "timestamps": [0, 40, 80, 120, 160, 200, 240, 280, 320, 360, 400, 440, 480, 520, 560, 600, 640, 680, 720, 760, 800, 840, 880, 920, 960, 1000, 1040, 1080, 1120, 1160, 1200, 1240, 1280, 1320, 1360, 1400, 1440, 1480, 1520, 1560, 1600, 1640, 1680, 1720, 1760, 1800, 1840, 1880, 1920, 1960, 2000, 2040, 2080, 2120, 2160, 2200, 2240, 2280, 2320, 2360, 2400, 2440, 2480, 2520, 2560, 2600, 2640, 2680, 2720, 2760, 2800, 2840, 2880, 2920, 2960, 3000, 3040, 3080, 3120, 3160]}], "conversation": [], "conversation_timestamps": []}