{"agent_id": "agent-orange-1733", "type": "orange", "trips": [{"trip_id": 0, "transport_method": "foot", "start_time": 0, "path": [[1.5251874, 42.5057267], [1.5252112, 42.5058098], [1.5252351, 42.5058929], [1.525259, 42.505976], [1.5252829, 42.5060591], [1.5253068, 42.5061421], [1.5253307, 42.5062252], [1.5253316, 42.5063077], [1.5253032, 42.5063893], [1.5252748, 42.506471], [1.5252536, 42.5065547], [1.5252354, 42.5066392], [1.5252173, 42.5067237], [1.5251991, 42.5068082], [1.5251809, 42.5068927], [1.5251627, 42.5069772], [1.5251397, 42.5070519], [1.5250619, 42.5070141], [1.5249842, 42.5069764], [1.5249064, 42.5069386], [1.5248286, 42.5069009], [1.5247509, 42.5068631], [1.5246663, 42.5068623], [1.5245802, 42.5068699], [1.5244941, 42.5068776], [1.524408, 42.5068852], [1.5243219, 42.5068929], [1.5242359, 42.5068989], [1.5241523, 42.506877], [1.5240687, 42.5068551], [1.5239851, 42.5068331], [1.5239014, 42.5068112], [1.5238178, 42.5067893], [1.5237342, 42.5067674], [1.5236506, 42.5067455], [1.523567, 42.5067235], [1.5234833, 42.5067016], [1.5233997, 42.5066797], [1.5233152, 42.5066618], [1.5232301, 42.5066467], [1.523145, 42.5066317], [1.5230598, 42.5066166], [1.5229747, 42.5066016], [1.5228896, 42.5065866], [1.5228045, 42.5065715], [1.5227215, 42.5065474], [1.5226388, 42.5065222], [1.5225561, 42.5064971], [1.5224734, 42.5064719], [1.5223907, 42.5064467], [1.522308, 42.5064215], [1.5222253, 42.5063963], [1.5221426, 42.5063712], [1.5220599, 42.506346], [1.5219772, 42.5063208], [1.5218945, 42.5062956], [1.5218118, 42.5062704], [1.5217417, 42.5062688], [1.5217165, 42.5063515], [1.5216913, 42.5064342], [1.5216661, 42.5065169], [1.5216409, 42.5065995], [1.5215562, 42.5066042], [1.52147, 42.5066068], [1.5213905, 42.5066352], [1.5213328, 42.5066993], [1.5212707, 42.5067595], [1.5212078, 42.5068187], [1.5211448, 42.506878], [1.5210819, 42.5069372], [1.5210189, 42.5069964], [1.5209555, 42.5070552], [1.520892, 42.5071138], [1.5208284, 42.5071725], [1.5207593, 42.5072214], [1.5206729, 42.507225], [1.520587, 42.507234], [1.5205159, 42.5072818], [1.5204485, 42.5073359], [1.5203811, 42.50739]], "mood_vectors": [[0.0126, 0.0669, 0.0308, 0.0605, 0.7404, 0.0258, 0.063], [0.0398, 0.0152, 0.0694, 0.0749, 0.7101, 0.045, 0.0456], [0.0376, 0.0656, 0.0833, 0.0374, 0.6852, 0.0399, 0.051], [0.0656, 0.0775, 0.0215, 0.0387, 0.7517, 0.0231, 0.0221], [0.0297, 0.0713, 0.0234, 0.0558, 0.7298, 0.0319, 0.0582], [0.0184, 0.0527, 0.0577, 0.0887, 0.7091, 0.056, 0.0175], [0.0482, 0.0139, 0.0471, 0.0428, 0.7252, 0.0607, 0.0621], [0.0374, 0.0204, 0.0592, 0.0193, 0.7655, 0.0603, 0.038], [0.0772, 0.0601, 0.0448, 0.0744, 0.5934, 0.0612, 0.0888], [0.029, 0.0434, 0.0267, 0.0748, 0.7631, 0.0426, 0.0204], [0.0532, 0.0847, 0.0501, 0.0648, 0.6157, 0.0592, 0.0723], [0.0342, 0.0195, 0.0316, 0.0162, 0.7545, 0.0592, 0.0847], [0.0448, 0.0205, 0.0787, 0.0395, 0.7566, 0.046, 0.014], [0.0241, 0.0433, 0.0688, 0.0284, 0.7327, 0.0606, 0.0422], [0.0558, 0.0251, 0.0136, 0.0607, 0.7259, 0.0483, 0.0706], [0.0225, 0.0239, 0.0857, 0.0585, 0.7385, 0.0283, 0.0426], [0.0828, 0.0778, 0.0238, 0.0643, 0.6075, 0.0698, 0.074], [0.0549, 0.0876, 0.0652, 0.0139, 0.698, 0.0328, 0.0476], [0.0726, 0.0703, 0.0548, 0.0277, 0.7196, 0.0233, 0.0318], [0.0372, 0.0193, 0.0226, 0.0809, 0.7464, 0.0179, 0.0757], [0.0226, 0.0514, 0.0343, 0.0566, 0.7675, 0.0276, 0.04], [0.0265, 0.0737, 0.0514, 0.0169, 0.7544, 0.02, 0.0569], [0.0509, 0.0909, 0.0375, 0.0279, 0.7129, 0.0663, 0.0136], [0.0778, 0.0321, 0.0269, 0.0121, 0.7703, 0.0319, 0.0488], [0.0544, 0.0576, 0.0741, 0.0563, 0.6586, 0.047, 0.0519], [0.0365, 0.0714, 0.0252, 0.0381, 0.7307, 0.0399, 0.0583], [0.0921, 0.0286, 0.0925, 0.0497, 0.6271, 0.0648, 0.0451], [0.0854, 0.0549, 0.0372, 0.0353, 0.6526, 0.0516, 0.0831], [0.0282, 0.0782, 0.0755, 0.0774, 0.6637, 0.0237, 0.0534], [0.0411, 0.08, 0.0755, 0.0598, 0.6413, 0.062, 0.0404], [0.0415, 0.0768, 0.0433, 0.0672, 0.6687, 0.0555, 0.047], [0.0649, 0.0654, 0.019, 0.0491, 0.719, 0.0129, 0.0697], [0.0346, 0.0592, 0.043, 0.0325, 0.7085, 0.0747, 0.0474], [0.0447, 0.0607, 0.0672, 0.0588, 0.6523, 0.0706, 0.0458], [0.0259, 0.0597, 0.0422, 0.0627, 0.6948, 0.0853, 0.0295], [0.05, 0.0704, 0.0343, 0.0587, 0.7172, 0.0193, 0.0502], [0.0514, 0.0524, 0.0582, 0.0341, 0.6485, 0.0658, 0.0896], [0.0362, 0.0527, 0.0656, 0.0728, 0.6985, 0.0434, 0.0307], [0.0528, 0.0146, 0.0319, 0.0492, 0.7707, 0.0174, 0.0635], [0.0685, 0.0283, 0.0159, 0.0726, 0.7639, 0.0237, 0.0272], [0.0348, 0.0395, 0.0603, 0.0801, 0.656, 0.0808, 0.0485], [0.03, 0.0595, 0.0863, 0.0614, 0.6728, 0.0381, 0.0519], [0.0364, 0.0403, 0.0543, 0.0219, 0.7524, 0.0177, 0.0769], [0.016, 0.0932, 0.0509, 0.0597, 0.6244, 0.069, 0.0868], [0.0232, 0.0396, 0.0168, 0.0626, 0.7546, 0.0823, 0.0209], [0.0699, 0.0376, 0.0386, 0.0269, 0.7628, 0.0437, 0.0205], [0.0706, 0.0493, 0.0421, 0.067, 0.708, 0.0338, 0.0293], [0.0623, 0.0636, 0.0162, 0.0481, 0.7207, 0.0124, 0.0766], [0.0824, 0.0307, 0.0503, 0.0666, 0.6766, 0.0165, 0.0768], [0.0682, 0.0667, 0.0712, 0.0353, 0.6518, 0.0752, 0.0316], [0.0701, 0.0482, 0.0219, 0.0983, 0.7209, 0.0188, 0.0217], [0.0464, 0.0471, 0.0798, 0.0493, 0.7111, 0.0305, 0.0357], [0.0916, 0.0695, 0.0409, 0.06, 0.6084, 0.079, 0.0507], [0.0173, 0.0176, 0.0271, 0.0715, 0.7759, 0.0233, 0.0672], [0.0485, 0.0599, 0.0184, 0.0532, 0.7154, 0.0545, 0.0501], [0.0625, 0.0332, 0.0682, 0.0163, 0.6873, 0.0572, 0.0753], [0.0181, 0.0387, 0.0232, 0.0389, 0.761, 0.0617, 0.0585], [0.0511, 0.0414, 0.0664, 0.0552, 0.6695, 0.0533, 0.0631], [0.0264, 0.0736, 0.0644, 0.0458, 0.7087, 0.0538, 0.0273], [0.0587, 0.0376, 0.0508, 0.0188, 0.7005, 0.0405, 0.093], [0.0535, 0.0794, 0.0598, 0.017, 0.699, 0.0339, 0.0574], [0.0305, 0.074, 0.0705, 0.0649, 0.6936, 0.0121, 0.0545], [0.0806, 0.0384, 0.0446, 0.0212, 0.7168, 0.0659, 0.0324], [0.0424, 0.0677, 0.0507, 0.0172, 0.771, 0.0186, 0.0325], [0.0806, 0.0513, 0.07, 0.0544, 0.6483, 0.0214, 0.0739], [0.089, 0.0718, 0.0966, 0.053, 0.6233, 0.0451, 0.0212], [0.0378, 0.0204, 0.0459, 0.0357, 0.7772, 0.0435, 0.0395], [0.0756, 0.033, 0.0542, 0.0841, 0.6811, 0.0567, 0.0152], [0.0404, 0.041, 0.0558, 0.0227, 0.7637, 0.0546, 0.0218], [0.0196, 0.0463, 0.0206, 0.0711, 0.7593, 0.0676, 0.0155], [0.0439, 0.0583, 0.0624, 0.0149, 0.7118, 0.0533, 0.0555], [0.0474, 0.0341, 0.0718, 0.0446, 0.7327, 0.0298, 0.0395], [0.08, 0.052, 0.0483, 0.0582, 0.6841, 0.0155, 0.0618], [0.0695, 0.0177, 0.0758, 0.0678, 0.6468, 0.0873, 0.035], [0.0661, 0.0468, 0.0698, 0.0147, 0.7004, 0.0435, 0.0587], [0.05, 0.0568, 0.0571, 0.0201, 0.711, 0.0482, 0.0568], [0.0275, 0.056, 0.0456, 0.0648, 0.7189, 0.0288, 0.0583], [0.0304, 0.0328, 0.0368, 0.0745, 0.7182, 0.0495, 0.0578], [0.0154, 0.0763, 0.0438, 0.0122, 0.7683, 0.0288, 0.0552], [0.0556, 0.0435, 0.0658, 0.0412, 0.6617, 0.0631, 0.0691]], "emotions": ["red", "red", "red", "red", "red", "red", "red", "red", "red", "red", "red", "red", "red", "red", "red", "red", "red", "red", "red", "red", "red", "red", "red", "red", "red", "red", "red", "red", "red", "red", "red", "red", "red", "red", "red", "red", "red", "red", "red", "red", "red", "red", "red", "red", "red", "red", "red", "red", "red", "red", "red", "red", "red", "red", "red", "red", "red", "red", "red", "red", "red", "red", "red", "red", "red", "red", "red", "red", "red", "red", "red", "red", "red", "red", "red", "red", "red", "red", "red", "red"], "timestamps": [0, 40, 80, 120, 160, 200, 240, 280, 320, 360, 400, 440, 480, 520, 560, 600, 640, 680, 720, 760, 800, 840, 880, 920, 960, 1000, 1040, 1080, 1120, 1160, 1200, 1240, 1280, 1320, 1360, 1400, 1440, 1480, 1520, 1560, 1600, 1640, 1680, 1720, 1760, 1800, 1840, 1880, 1920, 1960, 2000, 2040, 2080, 2120, 2160, 2200, 2240, 2280, 2320, 2360, 2400, 2440, 2480, 2520, 2560, 2600, 2640, 2680, 2720, 2760, 2800, 2840, 2880, 2920, 2960, 3000, 3040, 3080, 3120, 3160]}], "conversation": [], "conversation_timestamps": []}