{"agent_id": "agent-blue-460", "type": "blue", "trips": [{"trip_id": 0, "transport_method": "bus", "start_time": 0, "path": [[1.5415819, 42.5130864], [1.5423546, 42.51247], [1.5423894, 42.5113199], [1.5421923, 42.5100505], [1.5428261, 42.5095641], [1.5441128, 42.5098142], [1.5455617, 42.5103522], [1.5466874, 42.5113549], [1.5482358, 42.5117088], [1.5496428, 42.5118201], [1.5502527, 42.5120737], [1.5510109, 42.5125659], [1.5510168, 42.5125823], [1.5521822, 42.5133533], [1.5527193, 42.5140109], [1.553154, 42.5154665], [1.5537807, 42.5169123], [1.5549738, 42.5179152], [1.5562549, 42.5187072], [1.5572392, 42.5198917], [1.5583697, 42.5210073], [1.5596223, 42.5219722], [1.5599093, 42.522263], [1.5612581, 42.5230854], [1.5623812, 42.5241967], [1.5637813, 42.5248804], [1.5652466, 42.5254022], [1.5666379, 42.5261523], [1.5679081, 42.5271044], [1.5692736, 42.52789], [1.5706167, 42.5287345], [1.5718853, 42.5293567], [1.5731632, 42.5297243], [1.5741534, 42.5309307], [1.5756324, 42.5314808], [1.5772015, 42.5317245], [1.57869, 42.531805], [1.5776473, 42.5317439], [1.5792361, 42.5317483], [1.5808247, 42.531734], [1.5824122, 42.5316987], [1.5838672, 42.5322804], [1.5850417, 42.5333483], [1.5863543, 42.5342094], [1.5877442, 42.5349701], [1.5886992, 42.536149], [1.5898215, 42.5371543], [1.5912517, 42.5378433], [1.5918322, 42.5392275], [1.5923306, 42.5406739], [1.591684, 42.5419976], [1.5917305, 42.5435533], [1.5916106, 42.5450537], [1.5916342, 42.5465696], [1.591943, 42.5472205], [1.5923548, 42.5486206], [1.5920051, 42.5501281], [1.5917139, 42.5516658], [1.5911198, 42.5527253], [1.590768, 42.5531987], [1.5906406, 42.5534401], [1.5911815, 42.554407], [1.5916357, 42.5559143], [1.5917162, 42.5573676], [1.593097, 42.5580959], [1.5936272, 42.5594046], [1.5937157, 42.5605895], [1.5936893, 42.5610033], [1.5938345, 42.5622967], [1.5950645, 42.5633022], [1.5962946, 42.5643078], [1.5954079, 42.5641435], [1.5940298, 42.5634256], [1.5933667, 42.5620454], [1.594659, 42.5628771], [1.5959371, 42.5638208], [1.5972792, 42.5644888], [1.5986845, 42.564874], [1.5997566, 42.5659459], [1.6004391, 42.5668993]], "mood_vectors": [[0.063, 0.0339, 0.0655, 0.699, 0.0615, 0.036, 0.0411], [0.0284, 0.04, 0.0246, 0.7018, 0.0568, 0.0809, 0.0675], [0.029, 0.0473, 0.0236, 0.7598, 0.0571, 0.0461, 0.0371], [0.0629, 0.022, 0.0157, 0.7837, 0.0818, 0.0198, 0.0141], [0.0614, 0.0685, 0.026, 0.6956, 0.0605, 0.0191, 0.0689], [0.0494, 0.033, 0.0804, 0.6996, 0.0287, 0.0532, 0.0557], [0.0681, 0.0411, 0.0136, 0.7072, 0.0692, 0.0404, 0.0604], [0.0148, 0.0376, 0.0451, 0.7346, 0.0131, 0.0815, 0.0733], [0.0526, 0.0315, 0.0536, 0.7217, 0.0389, 0.0362, 0.0656], [0.0792, 0.0527, 0.0815, 0.6455, 0.0407, 0.0662, 0.0342], [0.0238, 0.0525, 0.0775, 0.719, 0.0611, 0.0407, 0.0255], [0.0259, 0.0283, 0.0284, 0.7337, 0.084, 0.0522, 0.0475], [0.0262, 0.028, 0.069, 0.6965, 0.0729, 0.0617, 0.0457], [0.0794, 0.0678, 0.0392, 0.6807, 0.0529, 0.0293, 0.0508], [0.0825, 0.0233, 0.0694, 0.7022, 0.0154, 0.0342, 0.0729], [0.0488, 0.0689, 0.0662, 0.6837, 0.0346, 0.0459, 0.052], [0.0869, 0.0172, 0.0558, 0.6602, 0.0864, 0.0609, 0.0326], [0.0577, 0.0358, 0.0598, 0.6217, 0.0952, 0.0661, 0.0638], [0.0184, 0.0308, 0.0915, 0.6828, 0.0568, 0.0664, 0.0533], [0.0683, 0.0288, 0.0124, 0.6939, 0.0723, 0.0708, 0.0534], [0.0157, 0.0666, 0.0532, 0.6622, 0.0674, 0.0507, 0.0842], [0.0136, 0.0856, 0.0127, 0.6899, 0.0829, 0.0456, 0.0698], [0.0784, 0.0669, 0.0764, 0.6646, 0.064, 0.0175, 0.0322], [0.0525, 0.0796, 0.0347, 0.6475, 0.0773, 0.0689, 0.0396], [0.0636, 0.0291, 0.0929, 0.6278, 0.062, 0.0467, 0.078], [0.0689, 0.0533, 0.0466, 0.6679, 0.0537, 0.0649, 0.0446], [0.0462, 0.0169, 0.0187, 0.7226, 0.028, 0.0984, 0.0692], [0.0881, 0.0538, 0.0172, 0.7021, 0.0868, 0.0197, 0.0323], [0.0708, 0.0253, 0.0229, 0.7264, 0.074, 0.0211, 0.0595], [0.0851, 0.0778, 0.0172, 0.6167, 0.0823, 0.0749, 0.0459], [0.0289, 0.0399, 0.0221, 0.8342, 0.0188, 0.0162, 0.0398], [0.0752, 0.0333, 0.046, 0.7326, 0.03, 0.0454, 0.0375], [0.0773, 0.0532, 0.0408, 0.6427, 0.0503, 0.0723, 0.0633], [0.0127, 0.0253, 0.0393, 0.7804, 0.057, 0.0489, 0.0363], [0.0377, 0.0251, 0.0568, 0.7858, 0.0238, 0.023, 0.0479], [0.0154, 0.0792, 0.0491, 0.7709, 0.0165, 0.033, 0.0358], [0.0428, 0.0126, 0.0749, 0.6446, 0.0795, 0.0709, 0.0748], [0.0471, 0.0183, 0.0778, 0.6586, 0.0588, 0.0698, 0.0696], [0.0609, 0.0816, 0.0629, 0.6304, 0.0691, 0.0405, 0.0546], [0.0494, 0.0891, 0.0288, 0.6541, 0.0833, 0.0396, 0.0557], [0.0751, 0.0677, 0.0298, 0.736, 0.0128, 0.0554, 0.023], [0.028, 0.0669, 0.0652, 0.6597, 0.0403, 0.0585, 0.0814], [0.0351, 0.0425, 0.0605, 0.771, 0.0391, 0.0217, 0.03], [0.0426, 0.038, 0.0707, 0.7207, 0.0368, 0.0231, 0.0681], [0.0501, 0.0679, 0.0784, 0.649, 0.0586, 0.0197, 0.0762], [0.066, 0.0628, 0.0513, 0.6083, 0.0611, 0.0784, 0.0722], [0.0415, 0.0538, 0.0263, 0.6954, 0.0277, 0.0615, 0.0938], [0.0157, 0.0197, 0.0899, 0.6895, 0.0237, 0.0913, 0.0702], [0.0787, 0.0468, 0.0167, 0.73, 0.0398, 0.0596, 0.0285], [0.0785, 0.0291, 0.0153, 0.7537, 0.0709, 0.0394, 0.0131], [0.0815, 0.0579, 0.0411, 0.6371, 0.0865, 0.0557, 0.0401], [0.0668, 0.0284, 0.0541, 0.6992, 0.0607, 0.0221, 0.0687], [0.0482, 0.0436, 0.0434, 0.6723, 0.0637, 0.0535, 0.0752], [0.045, 0.0821, 0.0542, 0.6847, 0.0677, 0.0176, 0.0488], [0.0348, 0.1052, 0.0512, 0.7185, 0.0176, 0.0238, 0.0489], [0.0562, 0.0299, 0.0602, 0.6912, 0.0684, 0.0683, 0.0259], [0.0319, 0.0505, 0.0509, 0.7333, 0.0309, 0.0458, 0.0567], [0.074, 0.0481, 0.0282, 0.6843, 0.0432, 0.0545, 0.0678], [0.0761, 0.0675, 0.0468, 0.6669, 0.0364, 0.0543, 0.052], [0.041, 0.0375, 0.0519, 0.7557, 0.0151, 0.0459, 0.0529], [0.0393, 0.055, 0.0672, 0.7189, 0.0662, 0.0185, 0.0349], [0.0514, 0.0475, 0.0474, 0.731, 0.0518, 0.0427, 0.0283], [0.0296, 0.0422, 0.0449, 0.7392, 0.0433, 0.0305, 0.0703], [0.0432, 0.0523, 0.0756, 0.7426, 0.043, 0.0205, 0.0229], [0.0187, 0.0548, 0.0137, 0.7396, 0.0669, 0.0359, 0.0703], [0.0303, 0.0944, 0.017, 0.6728, 0.095, 0.0619, 0.0286], [0.03, 0.0458, 0.0805, 0.6999, 0.0718, 0.034, 0.0381], [0.0562, 0.0306, 0.0772, 0.6556, 0.0645, 0.0778, 0.038], [0.0624, 0.064, 0.0566, 0.6797, 0.0367, 0.038, 0.0625], [0.1074, 0.0303, 0.0284, 0.7437, 0.0262, 0.0371, 0.0268], [0.0294, 0.019, 0.0544, 0.7241, 0.0391, 0.0601, 0.0738], [0.0259, 0.0774, 0.0764, 0.6745, 0.0409, 0.0556, 0.0492], [0.051, 0.0387, 0.0758, 0.6487, 0.0296, 0.0748, 0.0814], [0.08, 0.0327, 0.0537, 0.6884, 0.0214, 0.0523, 0.0715], [0.0247, 0.0432, 0.0155, 0.7495, 0.0454, 0.0795, 0.0422], [0.0494, 0.0228, 0.0561, 0.7443, 0.0353, 0.0595, 0.0326], [0.0902, 0.0764, 0.0207, 0.7037, 0.0164, 0.0556, 0.0371], [0.071, 0.0125, 0.0265, 0.6818, 0.0521, 0.0843, 0.0717], [0.0346, 0.0275, 0.0666, 0.7008, 0.026, 0.072, 0.0726], [0.075, 0.0505, 0.0591, 0.6798, 0.0497, 0.0728, 0.0131]], "emotions": ["green", "green", "green", "green", "green", "green", "green", "green", "green", "green", "green", "green", "green", "green", "green", "green", "green", "green", "green", "green", "green", "green", "green", "green", "green", "green", "green", "green", "green", "green", "green", "green", "green", "green", "green", "green", "green", "green", "green", "green", "green", "green", "green", "green", "green", "green", "green", "green", "green", "green", "green", "green", "green", "green", "green", "green", "green", "green", "green", "green", "green", "green", "green", "green", "green", "green", "green", "green", "green", "green", "green", "green", "green", "green", "green", "green", "green", "green", "green", "green"], "timestamps": [0, 40, 80, 120, 160, 200, 240, 280, 320, 360, 400, 440, 480, 520, 560, 600, 640, 680, 720, 760, 800, 840, 880, 920, 960, 1000, 1040, 1080, 1120, 1160, 1200, 1240, 1280, 1320, 1360, 1400, 1440, 1480, 1520, 1560, 1600, 1640, 1680, 1720, 1760, 1800, 1840, 1880, 1920, 1960, 2000, 2040, 2080, 2120, 2160, 2200, 2240, 2280, 2320, 2360, 2400, 2440, 2480, 2520, 2560, 2600, 2640, 2680, 2720, 2760, 2800, 2840, 2880, 2920, 2960, 3000, 3040, 3080, 3120, 3160]}], "conversation": [], "conversation_timestamps": []}