{"agent_id": "agent-red-1291", "type": "red", "trips": [{"trip_id": 0, "transport_method": "bicycle", "start_time": 0, "path": [[1.5397131, 42.5105467], [1.5391692, 42.5106331], [1.5386686, 42.5108849], [1.5383841, 42.5113493], [1.5379065, 42.511608], [1.5373924, 42.5118246], [1.5369197, 42.5121041], [1.5364469, 42.5123932], [1.5359451, 42.5126319], [1.535409, 42.5127601], [1.5348772, 42.5129292], [1.5343605, 42.51308], [1.5340417, 42.5134981], [1.5335824, 42.5137683], [1.5330411, 42.5139097], [1.5325429, 42.5141623], [1.5320923, 42.5144862], [1.5317141, 42.5148992], [1.5312829, 42.5152576], [1.5311829, 42.5153307], [1.5307333, 42.5156661], [1.5302478, 42.5159367], [1.529772, 42.516216], [1.5293016, 42.5165214], [1.5287871, 42.5167247], [1.528301, 42.5166706], [1.5278146, 42.5169314], [1.5273068, 42.5171694], [1.5267934, 42.5173953], [1.5262739, 42.5176066], [1.5258283, 42.5179426], [1.5254084, 42.518314], [1.5249648, 42.5186572], [1.5245166, 42.5189944], [1.5240738, 42.5193373], [1.5239294, 42.5198719], [1.5237382, 42.5203945], [1.5234675, 42.5208857], [1.5231692, 42.5213594], [1.5227327, 42.5217099], [1.5222711, 42.5220265], [1.5219285, 42.522466], [1.5217493, 42.5229957], [1.5214583, 42.5234711], [1.5210943, 42.5238976], [1.5207875, 42.5243661], [1.5206407, 42.5248944], [1.5207752, 42.5254373], [1.5207915, 42.5259883], [1.5206208, 42.5265167], [1.520577, 42.5270575], [1.520734, 42.5275657], [1.5210233, 42.5280379], [1.5211812, 42.5285496], [1.5215009, 42.5289775], [1.5219631, 42.5292693], [1.5217658, 42.529716], [1.5213591, 42.5300954], [1.5211879, 42.5306268], [1.5211615, 42.5310056], [1.5209111, 42.5315044], [1.5210663, 42.532009], [1.521334, 42.5325017], [1.5212236, 42.5329886], [1.5217152, 42.5329988], [1.5220478, 42.532651], [1.522522, 42.5324969], [1.5226348, 42.5329624], [1.5224691, 42.5334476], [1.522983, 42.5332228], [1.5231341, 42.5327575], [1.5234717, 42.532378], [1.5230934, 42.5320984], [1.5227013, 42.5317083], [1.5227323, 42.5311524], [1.5228831, 42.5311479], [1.5230349, 42.5316561], [1.5235697, 42.5318069], [1.5231449, 42.5314987], [1.5231947, 42.5309433]], "mood_vectors": [[0.7043, 0.0437, 0.0758, 0.0138, 0.0342, 0.0629, 0.0653], [0.6389, 0.0695, 0.0567, 0.0501, 0.0649, 0.0514, 0.0684], [0.6586, 0.0474, 0.0645, 0.0293, 0.0737, 0.0514, 0.0751], [0.7174, 0.0717, 0.0749, 0.0345, 0.0124, 0.0178, 0.0714], [0.7518, 0.0334, 0.0681, 0.019, 0.0273, 0.0345, 0.0658], [0.7742, 0.0378, 0.0147, 0.0371, 0.0516, 0.0724, 0.0121], [0.6697, 0.0343, 0.0138, 0.0651, 0.0723, 0.0683, 0.0767], [0.7512, 0.0313, 0.0377, 0.0297, 0.0574, 0.0301, 0.0627], [0.6521, 0.0298, 0.0423, 0.0779, 0.0519, 0.0489, 0.0972], [0.6936, 0.0298, 0.0789, 0.059, 0.044, 0.0206, 0.0741], [0.7245, 0.0248, 0.0263, 0.0182, 0.0552, 0.0922, 0.0587], [0.6884, 0.0367, 0.0239, 0.0935, 0.0439, 0.0799, 0.0337], [0.748, 0.0212, 0.0723, 0.0344, 0.0511, 0.0298, 0.0433], [0.7132, 0.0414, 0.0533, 0.0485, 0.0553, 0.0314, 0.0569], [0.7637, 0.0242, 0.069, 0.0503, 0.0527, 0.022, 0.018], [0.7041, 0.0318, 0.0649, 0.0694, 0.032, 0.0515, 0.0464], [0.7628, 0.0812, 0.0288, 0.0412, 0.0279, 0.0178, 0.0404], [0.6756, 0.0539, 0.0689, 0.0635, 0.0524, 0.0598, 0.0258], [0.672, 0.0637, 0.0795, 0.0273, 0.0228, 0.0858, 0.0488], [0.6621, 0.0678, 0.0208, 0.0878, 0.0539, 0.0687, 0.0389], [0.5872, 0.0904, 0.05, 0.0796, 0.0762, 0.0489, 0.0678], [0.6959, 0.053, 0.0229, 0.0564, 0.0553, 0.0538, 0.0628], [0.7026, 0.0691, 0.0395, 0.041, 0.0375, 0.0843, 0.026], [0.6723, 0.0184, 0.0798, 0.0957, 0.041, 0.0434, 0.0493], [0.6897, 0.0495, 0.036, 0.0749, 0.0854, 0.0229, 0.0416], [0.7077, 0.0373, 0.0814, 0.0375, 0.0493, 0.0466, 0.0402], [0.7187, 0.0701, 0.0487, 0.0525, 0.0186, 0.0549, 0.0364], [0.684, 0.0698, 0.0373, 0.0447, 0.0588, 0.0804, 0.0251], [0.6687, 0.0792, 0.0323, 0.0213, 0.0747, 0.0615, 0.0623], [0.6336, 0.0657, 0.0789, 0.0205, 0.0565, 0.0675, 0.0774], [0.6348, 0.0567, 0.067, 0.0679, 0.0375, 0.0743, 0.0618], [0.7478, 0.0314, 0.0387, 0.0499, 0.0172, 0.0883, 0.0268], [0.7265, 0.0724, 0.0728, 0.0209, 0.0598, 0.0284, 0.0193], [0.7613, 0.0254, 0.0252, 0.0737, 0.0198, 0.0676, 0.0271], [0.7674, 0.0529, 0.0358, 0.0845, 0.0157, 0.023, 0.0207], [0.6694, 0.0304, 0.0626, 0.0256, 0.0978, 0.0663, 0.048], [0.6822, 0.0601, 0.0738, 0.0534, 0.0598, 0.0351, 0.0356], [0.6863, 0.035, 0.0921, 0.0403, 0.0323, 0.0762, 0.0378], [0.7066, 0.056, 0.0221, 0.0608, 0.0556, 0.0526, 0.0465], [0.6933, 0.0413, 0.0583, 0.0279, 0.0973, 0.0278, 0.0541], [0.7245, 0.0281, 0.0524, 0.0367, 0.0388, 0.0708, 0.0487], [0.7048, 0.0308, 0.0601, 0.0609, 0.0218, 0.036, 0.0855], [0.7124, 0.0357, 0.0432, 0.0863, 0.0644, 0.0281, 0.0298], [0.7641, 0.015, 0.0257, 0.0358, 0.0439, 0.0352, 0.0804], [0.6395, 0.0665, 0.0428, 0.0626, 0.0706, 0.0603, 0.0578], [0.7248, 0.0439, 0.0358, 0.018, 0.0607, 0.0598, 0.057], [0.7219, 0.0537, 0.0119, 0.0353, 0.0677, 0.067, 0.0425], [0.6829, 0.0163, 0.047, 0.0549, 0.0735, 0.0764, 0.049], [0.6639, 0.0453, 0.0644, 0.0578, 0.0801, 0.0469, 0.0416], [0.7341, 0.0614, 0.0274, 0.0352, 0.0348, 0.0501, 0.0571], [0.7507, 0.0522, 0.0351, 0.0158, 0.0327, 0.0688, 0.0449], [0.6788, 0.0431, 0.0625, 0.0131, 0.0795, 0.0482, 0.0747], [0.6884, 0.0313, 0.0766, 0.0536, 0.0572, 0.0305, 0.0624], [0.6836, 0.0583, 0.0627, 0.0568, 0.0238, 0.0662, 0.0486], [0.7032, 0.0598, 0.0436, 0.0619, 0.0565, 0.0201, 0.055], [0.7208, 0.0562, 0.0242, 0.0478, 0.045, 0.0751, 0.0309], [0.7462, 0.0477, 0.0223, 0.0416, 0.0188, 0.0404, 0.083], [0.7002, 0.0727, 0.0395, 0.0354, 0.0466, 0.033, 0.0726], [0.6867, 0.0349, 0.0651, 0.0677, 0.0387, 0.0309, 0.076], [0.6763, 0.0738, 0.0465, 0.0566, 0.051, 0.0659, 0.0298], [0.6384, 0.0333, 0.0623, 0.062, 0.0574, 0.0837, 0.0627], [0.7228, 0.0927, 0.0344, 0.0632, 0.042, 0.0205, 0.0244], [0.6864, 0.0263, 0.0168, 0.1086, 0.0191, 0.0576, 0.0852], [0.7272, 0.0713, 0.0211, 0.0422, 0.0586, 0.0497, 0.0299], [0.5684, 0.0724, 0.0644, 0.069, 0.0735, 0.0705, 0.0817], [0.7411, 0.0702, 0.0422, 0.0702, 0.026, 0.0215, 0.0288], [0.6913, 0.0597, 0.0812, 0.0503, 0.0405, 0.0329, 0.0441], [0.6285, 0.0516, 0.0548, 0.0535, 0.0671, 0.0836, 0.061], [0.6825, 0.0746, 0.05, 0.0753, 0.0437, 0.0502, 0.0236], [0.6022, 0.0648, 0.0598, 0.0585, 0.0565, 0.0891, 0.0689], [0.6992, 0.0335, 0.0718, 0.0791, 0.065, 0.0235, 0.0279], [0.7141, 0.035, 0.029, 0.0557, 0.0249, 0.0808, 0.0605], [0.7221, 0.0537, 0.0596, 0.0503, 0.0193, 0.0534, 0.0417], [0.7487, 0.0177, 0.0533, 0.0241, 0.0631, 0.069, 0.024], [0.6171, 0.0687, 0.0556, 0.0651, 0.0918, 0.0551, 0.0465], [0.7738, 0.0276, 0.0886, 0.0172, 0.0286, 0.0328, 0.0313], [0.6366, 0.0607, 0.0515, 0.0779, 0.0331, 0.0748, 0.0655], [0.7191, 0.0606, 0.0773, 0.0368, 0.0399, 0.0235, 0.0427], [0.6561, 0.0948, 0.069, 0.0562, 0.0551, 0.0254, 0.0433], [0.6828, 0.0314, 0.0477, 0.0314, 0.0615, 0.0588, 0.0865]], "emotions": ["red", "red", "red", "red", "red", "red", "red", "red", "red", "red", "red", "red", "red", "red", "red", "red", "red", "red", "red", "red", "red", "red", "red", "red", "red", "red", "red", "red", "red", "red", "red", "red", "red", "red", "red", "red", "red", "red", "red", "red", "red", "red", "red", "red", "red", "red", "red", "red", "red", "red", "red", "red", "red", "red", "red", "red", "red", "red", "red", "red", "red", "red", "red", "red", "red", "red", "red", "red", "red", "red", "red", "red", "red", "red", "red", "red", "red", "red", "red", "red"], "timestamps": [0, 40, 80, 120, 160, 200, 240, 280, 320, 360, 400, 440, 480, 520, 560, 600, 640, 680, 720, 760, 800, 840, 880, 920, 960, 1000, 1040, 1080, 1120, 1160, 1200, 1240, 1280, 1320, 1360, 1400, 1440, 1480, 1520, 1560, 1600, 1640, 1680, 1720, 1760, 1800, 1840, 1880, 1920, 1960, 2000, 2040, 2080, 2120, 2160, 2200, 2240, 2280, 2320, 2360, 2400, 2440, 2480, 2520, 2560, 2600, 2640, 2680, 2720, 2760, 2800, 2840, 2880, 2920, 2960, 3000, 3040, 3080, 3120, 3160]}], "conversation": [], "conversation_timestamps": []}