{"agent_id": "agent-red-311", "type": "red", "trips": [{"trip_id": 0, "transport_method": "car", "start_time": 0, "path": [[1.5120977, 42.5040454], [1.5119104, 42.5042006], [1.5114517, 42.5037274], [1.5123627, 42.5037375], [1.513357, 42.5039818], [1.5141305, 42.5046581], [1.5146768, 42.5054745], [1.5153553, 42.5062212], [1.5163499, 42.5064669], [1.5173781, 42.5065624], [1.5183666, 42.5068191], [1.519216, 42.5071039], [1.5201611, 42.5074055], [1.5211725, 42.5075109], [1.5220878, 42.5077096], [1.5231139, 42.5077885], [1.5241241, 42.5077725], [1.5251301, 42.5079898], [1.5260338, 42.5083828], [1.5270526, 42.5085204], [1.5279925, 42.5088878], [1.528734, 42.5096042], [1.5294834, 42.5102864], [1.5296614, 42.5110781], [1.5304375, 42.5116602], [1.5309137, 42.5123768], [1.5303574, 42.5132425], [1.5303861, 42.5142344], [1.5296115, 42.5148939], [1.5289748, 42.5157002], [1.5281012, 42.5162413], [1.527207, 42.5167577], [1.5263127, 42.5172741], [1.5271331, 42.5168518], [1.5280426, 42.5164046], [1.528878, 42.5158255], [1.5281051, 42.5162976], [1.5272392, 42.5168603], [1.5263733, 42.517423], [1.5255074, 42.5179856], [1.5246415, 42.5185483], [1.5254386, 42.5179625], [1.5262253, 42.5173304], [1.5254957, 42.5178719], [1.5246557, 42.5184725], [1.5239249, 42.5191328], [1.5237725, 42.5201533], [1.5233514, 42.5210957], [1.5226038, 42.521788], [1.5219012, 42.5225212], [1.5214765, 42.5234505], [1.5208437, 42.5242639], [1.5206143, 42.5252518], [1.5205242, 42.5262762], [1.5199808, 42.5271424], [1.5203475, 42.5280493], [1.5206604, 42.5290071], [1.5201658, 42.5298902], [1.5197872, 42.5305592], [1.5195549, 42.5315261], [1.5196996, 42.5325264], [1.5195445, 42.5335167], [1.5198664, 42.5344042], [1.5206094, 42.535121], [1.5212228, 42.5357904], [1.5204942, 42.5364624], [1.5198857, 42.5370616], [1.5204401, 42.5362216], [1.5202164, 42.5355675], [1.519731, 42.5354941], [1.5197184, 42.5363674], [1.519028, 42.5370898], [1.5180619, 42.5369074], [1.5171389, 42.5365375], [1.5164599, 42.5363443], [1.5161284, 42.5372623], [1.5163648, 42.5382012], [1.5165888, 42.5391994], [1.5163852, 42.5401995], [1.5155904, 42.5407705]], "mood_vectors": [[0.8042, 0.0256, 0.0779, 0.0308, 0.0134, 0.0235, 0.0246], [0.7279, 0.0179, 0.0215, 0.0918, 0.0449, 0.0289, 0.067], [0.7445, 0.0627, 0.0138, 0.0738, 0.0245, 0.0166, 0.064], [0.6117, 0.0782, 0.0869, 0.0711, 0.0541, 0.0233, 0.0747], [0.692, 0.0538, 0.0273, 0.0485, 0.0698, 0.0669, 0.0418], [0.6808, 0.0873, 0.0615, 0.0151, 0.0215, 0.0617, 0.0721], [0.7089, 0.0304, 0.0922, 0.0553, 0.0358, 0.0597, 0.0178], [0.7739, 0.0449, 0.0554, 0.017, 0.0385, 0.0216, 0.0487], [0.6616, 0.0337, 0.0476, 0.0288, 0.074, 0.0646, 0.0897], [0.7257, 0.0142, 0.0478, 0.0627, 0.0216, 0.077, 0.051], [0.6426, 0.0392, 0.0923, 0.0259, 0.0633, 0.0784, 0.0584], [0.6839, 0.0752, 0.0396, 0.0618, 0.0395, 0.0616, 0.0385], [0.6624, 0.0625, 0.0291, 0.0817, 0.0708, 0.0668, 0.0268], [0.6655, 0.0726, 0.0856, 0.0168, 0.0885, 0.0173, 0.0537], [0.7424, 0.0574, 0.0367, 0.0772, 0.0369, 0.0272, 0.0222], [0.7252, 0.0191, 0.0445, 0.035, 0.0487, 0.0641, 0.0632], [0.6529, 0.061, 0.0469, 0.0749, 0.0748, 0.0422, 0.0474], [0.7121, 0.0151, 0.0117, 0.0515, 0.0758, 0.0752, 0.0586], [0.7012, 0.0692, 0.0121, 0.0181, 0.0642, 0.0668, 0.0684], [0.7037, 0.0663, 0.0775, 0.0501, 0.0358, 0.0295, 0.037], [0.7506, 0.0329, 0.0277, 0.0261, 0.0297, 0.0811, 0.0519], [0.7444, 0.0544, 0.0126, 0.0402, 0.0676, 0.0485, 0.0323], [0.8019, 0.0322, 0.0174, 0.0414, 0.0486, 0.0181, 0.0403], [0.6283, 0.0457, 0.0707, 0.0219, 0.0834, 0.0709, 0.079], [0.6394, 0.0775, 0.0698, 0.0827, 0.0133, 0.0714, 0.046], [0.6335, 0.078, 0.0641, 0.0141, 0.0714, 0.0738, 0.0652], [0.7225, 0.0157, 0.0604, 0.0482, 0.0818, 0.0517, 0.0197], [0.7205, 0.0328, 0.0795, 0.0221, 0.068, 0.0428, 0.0342], [0.6447, 0.0649, 0.0537, 0.0878, 0.0482, 0.0842, 0.0164], [0.7746, 0.0171, 0.0223, 0.0191, 0.0833, 0.0286, 0.0549], [0.6569, 0.0818, 0.0229, 0.0628, 0.0695, 0.0337, 0.0723], [0.7299, 0.0642, 0.0347, 0.0587, 0.0212, 0.0441, 0.0472], [0.7483, 0.0615, 0.0517, 0.0465, 0.0156, 0.0562, 0.0202], [0.7117, 0.0287, 0.0898, 0.0343, 0.0652, 0.0342, 0.0361], [0.7005, 0.0729, 0.0218, 0.0656, 0.0219, 0.0843, 0.0329], [0.6755, 0.0344, 0.0245, 0.0694, 0.0833, 0.0331, 0.0798], [0.678, 0.0309, 0.0737, 0.0653, 0.0712, 0.0267, 0.0544], [0.6751, 0.0543, 0.0763, 0.0395, 0.0226, 0.0758, 0.0564], [0.7222, 0.0271, 0.0356, 0.0759, 0.0246, 0.0234, 0.0912], [0.7436, 0.0403, 0.0558, 0.0531, 0.0221, 0.0545, 0.0306], [0.7959, 0.0212, 0.0322, 0.0269, 0.0263, 0.0631, 0.0345], [0.6096, 0.0785, 0.0634, 0.08, 0.0788, 0.0696, 0.0202], [0.702, 0.0632, 0.0634, 0.0478, 0.0333, 0.0457, 0.0445], [0.6885, 0.0502, 0.0582, 0.0616, 0.0427, 0.0622, 0.0366], [0.703, 0.0429, 0.0635, 0.0154, 0.0684, 0.024, 0.0828], [0.7082, 0.0419, 0.0322, 0.0727, 0.0427, 0.0412, 0.0612], [0.7424, 0.0257, 0.0422, 0.0408, 0.0554, 0.0623, 0.0311], [0.742, 0.0358, 0.0619, 0.0418, 0.0689, 0.0276, 0.022], [0.7022, 0.0312, 0.0706, 0.028, 0.0357, 0.077, 0.0552], [0.7564, 0.0483, 0.0152, 0.0585, 0.0732, 0.0245, 0.024], [0.7307, 0.0419, 0.037, 0.0551, 0.036, 0.052, 0.0473], [0.7589, 0.0666, 0.0247, 0.0243, 0.032, 0.0409, 0.0525], [0.7567, 0.0778, 0.0452, 0.0271, 0.0672, 0.0117, 0.0142], [0.7908, 0.0237, 0.0638, 0.0159, 0.0394, 0.0435, 0.0229], [0.6361, 0.0186, 0.0981, 0.0175, 0.0385, 0.0967, 0.0945], [0.7313, 0.0497, 0.0385, 0.0372, 0.0395, 0.0337, 0.0701], [0.6936, 0.0718, 0.0649, 0.0431, 0.0265, 0.05, 0.0502], [0.6878, 0.0602, 0.0199, 0.0594, 0.0741, 0.0573, 0.0412], [0.7173, 0.0802, 0.0235, 0.0855, 0.0311, 0.0178, 0.0446], [0.6216, 0.0864, 0.0679, 0.0873, 0.0574, 0.0141, 0.0653], [0.7739, 0.0342, 0.0243, 0.069, 0.0207, 0.0543, 0.0236], [0.6283, 0.0314, 0.0448, 0.0434, 0.0872, 0.0787, 0.0861], [0.7123, 0.0612, 0.0198, 0.0268, 0.0837, 0.0378, 0.0584], [0.7762, 0.015, 0.0131, 0.0314, 0.0743, 0.0707, 0.0194], [0.7366, 0.0397, 0.0571, 0.0379, 0.0139, 0.0827, 0.032], [0.7191, 0.0543, 0.0716, 0.0282, 0.0477, 0.0146, 0.0645], [0.661, 0.0645, 0.0649, 0.0213, 0.0726, 0.0485, 0.0673], [0.6963, 0.0119, 0.0554, 0.0806, 0.065, 0.0232, 0.0675], [0.7134, 0.0604, 0.0363, 0.0663, 0.065, 0.0338, 0.0249], [0.6289, 0.0939, 0.0779, 0.021, 0.0802, 0.0537, 0.0444], [0.7095, 0.0723, 0.0331, 0.0489, 0.037, 0.0788, 0.0204], [0.6357, 0.0225, 0.0906, 0.0813, 0.0882, 0.051, 0.0308], [0.7249, 0.0504, 0.0521, 0.0686, 0.0654, 0.0147, 0.0239], [0.6923, 0.0622, 0.0226, 0.1042, 0.0748, 0.015, 0.0289], [0.5964, 0.0373, 0.0367, 0.0843, 0.0912, 0.0801, 0.0741], [0.7012, 0.0679, 0.0215, 0.0421, 0.0555, 0.0432, 0.0685], [0.6311, 0.0817, 0.088, 0.0177, 0.0842, 0.0766, 0.0208], [0.6623, 0.0817, 0.0172, 0.0816, 0.0482, 0.0488, 0.0603], [0.6644, 0.0414, 0.0763, 0.0433, 0.0652, 0.0711, 0.0382], [0.6272, 0.0438, 0.0737, 0.0427, 0.0755, 0.0691, 0.0682]], "emotions": ["red", "red", "red", "red", "red", "red", "red", "red", "red", "red", "red", "red", "red", "red", "red", "red", "red", "red", "red", "red", "red", "red", "red", "red", "red", "red", "red", "red", "red", "red", "red", "red", "red", "red", "red", "red", "red", "red", "red", "red", "red", "red", "red", "red", "red", "red", "red", "red", "red", "red", "red", "red", "red", "red", "red", "red", "red", "red", "red", "red", "red", "red", "red", "red", "red", "red", "red", "red", "red", "red", "red", "red", "red", "red", "red", "red", "red", "red", "red", "red"], "timestamps": [0, 40, 80, 120, 160, 200, 240, 280, 320, 360, 400, 440, 480, 520, 560, 600, 640, 680, 720, 760, 800, 840, 880, 920, 960, 1000, 1040, 1080, 1120, 1160, 1200, 1240, 1280, 1320, 1360, 1400, 1440, 1480, 1520, 1560, 1600, 1640, 1680, 1720, 1760, 1800, 1840, 1880, 1920, 1960, 2000, 2040, 2080, 2120, 2160, 2200, 2240, 2280, 2320, 2360, 2400, 2440, 2480, 2520, 2560, 2600, 2640, 2680, 2720, 2760, 2800, 2840, 2880, 2920, 2960, 3000, 3040, 3080, 3120, 3160]}], "conversation": [], "conversation_timestamps": []}