{"agent_id": "agent-orange-193", "type": "orange", "trips": [{"trip_id": 0, "transport_method": "bicycle", "start_time": 0, "path": [[1.526593, 42.5061247], [1.5264094, 42.5060361], [1.5262257, 42.5059476], [1.5260421, 42.5058591], [1.5259452, 42.5057402], [1.5260274, 42.5055539], [1.5260955, 42.5053618], [1.5259424, 42.5052957], [1.5257424, 42.5052565], [1.5255423, 42.5052172], [1.5253423, 42.5051779], [1.5251422, 42.5051387], [1.5249422, 42.5050994], [1.5247421, 42.5050601], [1.524542, 42.5050209], [1.5243418, 42.5049824], [1.5241406, 42.5049498], [1.5239394, 42.5049172], [1.5237394, 42.504878], [1.5235402, 42.5048346], [1.5233402, 42.5047983], [1.5231367, 42.5047917], [1.5229345, 42.5047657], [1.5227323, 42.5047397], [1.5225302, 42.5047133], [1.5223341, 42.5047627], [1.5221396, 42.5048236], [1.5219794, 42.5047288], [1.5218286, 42.5045916], [1.5217038, 42.5044686], [1.5219019, 42.5045159], [1.5220453, 42.5045995], [1.5220895, 42.5047985], [1.5219664, 42.5047372], [1.5218037, 42.5046144], [1.521641, 42.5044915], [1.5214831, 42.5043635], [1.5214652, 42.5041642], [1.5215088, 42.5039833], [1.5214604, 42.5037861], [1.5213733, 42.5036022], [1.5212625, 42.5034315], [1.521098, 42.5033242], [1.5209471, 42.5031892], [1.5207823, 42.5030693], [1.5206076, 42.5029645], [1.520421, 42.502885], [1.5202781, 42.5027414], [1.520166, 42.5025711], [1.5200544, 42.5024005], [1.5199629, 42.5022192], [1.5199159, 42.5020213], [1.5198497, 42.5018303], [1.5198663, 42.5016318], [1.5198691, 42.5014349], [1.5197251, 42.5012906], [1.5195535, 42.5011841], [1.5193694, 42.5010972], [1.5191774, 42.5010288], [1.518984, 42.5009659], [1.518781, 42.5009595], [1.5185772, 42.5009647], [1.5183734, 42.5009699], [1.5181696, 42.500975], [1.5179658, 42.5009802], [1.517762, 42.5009853], [1.5175582, 42.5009905], [1.5175594, 42.5010446], [1.5177447, 42.5011243], [1.517932, 42.5010558], [1.5179943, 42.5010139], [1.5177908, 42.5010025], [1.5175872, 42.5009911], [1.5173854, 42.5009716], [1.5172355, 42.5010891], [1.5171666, 42.5012648], [1.5170722, 42.5013557], [1.5169029, 42.501244], [1.5169396, 42.5013577], [1.5171126, 42.5014653]], "mood_vectors": [[0.0421, 0.0758, 0.0611, 0.0241, 0.6899, 0.0564, 0.0506], [0.0681, 0.0669, 0.0601, 0.0584, 0.6502, 0.0378, 0.0585], [0.0368, 0.0482, 0.0217, 0.0318, 0.7693, 0.0236, 0.0686], [0.0814, 0.0362, 0.0627, 0.0199, 0.6992, 0.0413, 0.0593], [0.0325, 0.0814, 0.0617, 0.0801, 0.6007, 0.0705, 0.073], [0.0702, 0.0409, 0.0507, 0.0319, 0.6753, 0.0719, 0.0591], [0.0325, 0.0592, 0.0628, 0.0369, 0.7148, 0.0727, 0.021], [0.0121, 0.0677, 0.0141, 0.0304, 0.7343, 0.0631, 0.0783], [0.0688, 0.0567, 0.0419, 0.0655, 0.6519, 0.0488, 0.0665], [0.074, 0.0484, 0.0123, 0.0242, 0.7293, 0.0297, 0.0821], [0.0129, 0.0431, 0.0712, 0.0616, 0.6921, 0.0745, 0.0447], [0.0483, 0.0597, 0.0185, 0.0348, 0.7542, 0.0683, 0.0163], [0.0848, 0.0558, 0.0851, 0.0275, 0.6961, 0.0179, 0.0329], [0.0201, 0.0452, 0.0712, 0.0323, 0.7531, 0.0264, 0.0519], [0.0471, 0.0718, 0.0696, 0.0573, 0.6376, 0.0564, 0.0601], [0.081, 0.0709, 0.0781, 0.0404, 0.6606, 0.044, 0.0252], [0.0405, 0.0197, 0.0327, 0.0182, 0.774, 0.0688, 0.0463], [0.0292, 0.0716, 0.0642, 0.0292, 0.6497, 0.0883, 0.0678], [0.0751, 0.0688, 0.0637, 0.037, 0.6856, 0.0139, 0.0558], [0.0614, 0.0566, 0.0219, 0.0437, 0.6946, 0.0544, 0.0673], [0.0388, 0.0161, 0.0586, 0.0137, 0.7955, 0.0592, 0.0181], [0.0357, 0.0576, 0.0706, 0.0292, 0.7468, 0.0436, 0.0166], [0.0564, 0.0505, 0.0716, 0.012, 0.704, 0.072, 0.0336], [0.0455, 0.036, 0.0117, 0.0446, 0.8054, 0.0137, 0.0431], [0.0252, 0.0234, 0.0312, 0.0429, 0.7812, 0.0299, 0.0662], [0.0351, 0.0264, 0.0604, 0.0629, 0.7401, 0.0349, 0.0403], [0.0748, 0.0214, 0.0461, 0.039, 0.762, 0.0185, 0.0381], [0.0769, 0.0534, 0.0415, 0.0151, 0.6884, 0.0591, 0.0656], [0.0345, 0.0558, 0.0295, 0.0258, 0.7818, 0.0128, 0.0598], [0.0592, 0.0877, 0.0416, 0.0389, 0.6936, 0.028, 0.051], [0.0428, 0.039, 0.0258, 0.0253, 0.7503, 0.0487, 0.0682], [0.0402, 0.0464, 0.0658, 0.0141, 0.7306, 0.073, 0.03], [0.0149, 0.0426, 0.041, 0.0742, 0.7151, 0.0732, 0.0391], [0.0397, 0.0222, 0.0366, 0.0475, 0.7731, 0.0585, 0.0224], [0.0155, 0.0579, 0.0518, 0.0329, 0.7983, 0.0212, 0.0223], [0.0463, 0.0567, 0.0735, 0.0438, 0.7139, 0.0194, 0.0465], [0.0903, 0.0597, 0.0353, 0.0605, 0.6884, 0.0434, 0.0224], [0.0731, 0.0179, 0.0194, 0.0262, 0.6998, 0.0615, 0.1021], [0.0819, 0.046, 0.0599, 0.0427, 0.6782, 0.0532, 0.0383], [0.0827, 0.0237, 0.0208, 0.0195, 0.6957, 0.0802, 0.0774], [0.0623, 0.0429, 0.0791, 0.0411, 0.6489, 0.0376, 0.088], [0.029, 0.0141, 0.0676, 0.0298, 0.7153, 0.0654, 0.0788], [0.0163, 0.0277, 0.0732, 0.0623, 0.6836, 0.0627, 0.0741], [0.0719, 0.0881, 0.0465, 0.021, 0.6695, 0.0625, 0.0406], [0.0371, 0.0234, 0.0167, 0.0701, 0.7014, 0.0909, 0.0605], [0.0829, 0.0831, 0.0543, 0.0368, 0.6212, 0.0491, 0.0726], [0.068, 0.0379, 0.043, 0.0585, 0.6387, 0.0882, 0.0657], [0.0672, 0.0452, 0.0518, 0.0228, 0.6943, 0.0556, 0.0632], [0.0749, 0.013, 0.0373, 0.0421, 0.7201, 0.047, 0.0656], [0.0223, 0.0488, 0.0421, 0.0304, 0.6921, 0.0743, 0.09], [0.014, 0.0813, 0.0194, 0.0598, 0.7, 0.0578, 0.0678], [0.0156, 0.0133, 0.0726, 0.0582, 0.6911, 0.0858, 0.0634], [0.0659, 0.0346, 0.0597, 0.0413, 0.6742, 0.0628, 0.0616], [0.0624, 0.0214, 0.0414, 0.0825, 0.6756, 0.0449, 0.0719], [0.0169, 0.0808, 0.0168, 0.0268, 0.782, 0.0634, 0.0134], [0.0711, 0.069, 0.0542, 0.0726, 0.6803, 0.0322, 0.0205], [0.0579, 0.0213, 0.0298, 0.0308, 0.7043, 0.0792, 0.0767], [0.0467, 0.0182, 0.0906, 0.0719, 0.6716, 0.0153, 0.0857], [0.0441, 0.0529, 0.0479, 0.061, 0.7069, 0.0312, 0.0559], [0.0166, 0.0748, 0.0801, 0.0264, 0.7449, 0.0252, 0.0318], [0.0541, 0.0388, 0.0736, 0.0204, 0.7334, 0.0182, 0.0616], [0.0521, 0.0199, 0.0958, 0.0426, 0.696, 0.0304, 0.0631], [0.02, 0.0668, 0.0186, 0.0232, 0.7792, 0.0538, 0.0384], [0.0364, 0.0198, 0.045, 0.032, 0.7534, 0.0703, 0.0431], [0.0393, 0.0159, 0.0559, 0.0367, 0.738, 0.0699, 0.0443], [0.0231, 0.0655, 0.0809, 0.0588, 0.6892, 0.0148, 0.0678], [0.0966, 0.0421, 0.0346, 0.0206, 0.7257, 0.0308, 0.0497], [0.0421, 0.036, 0.0187, 0.0184, 0.7202, 0.0782, 0.0864], [0.0649, 0.0797, 0.0755, 0.0718, 0.6389, 0.0211, 0.0481], [0.0315, 0.0693, 0.0408, 0.0279, 0.7123, 0.0661, 0.0522], [0.0569, 0.0405, 0.0352, 0.0117, 0.8037, 0.0386, 0.0135], [0.0784, 0.0645, 0.0188, 0.0928, 0.6559, 0.0339, 0.0559], [0.0514, 0.0862, 0.0597, 0.0837, 0.6339, 0.0651, 0.0199], [0.0756, 0.066, 0.0171, 0.0153, 0.7404, 0.0424, 0.0432], [0.0185, 0.0875, 0.0152, 0.0479, 0.7738, 0.0237, 0.0333], [0.0245, 0.0509, 0.0373, 0.0727, 0.688, 0.0539, 0.0726], [0.0504, 0.0595, 0.0128, 0.0452, 0.6887, 0.0768, 0.0666], [0.069, 0.0577, 0.042, 0.0562, 0.6911, 0.0418, 0.0421], [0.0748, 0.0691, 0.0736, 0.0603, 0.6572, 0.041, 0.0238], [0.0483, 0.0222, 0.0413, 0.0306, 0.7269, 0.0501, 0.0807]], "emotions": ["red", "red", "red", "red", "red", "red", "red", "red", "red", "red", "red", "red", "red", "red", "red", "red", "red", "red", "red", "red", "red", "red", "red", "red", "red", "red", "red", "red", "red", "red", "red", "red", "red", "red", "red", "red", "red", "red", "red", "red", "red", "red", "red", "red", "red", "red", "red", "red", "red", "red", "red", "red", "red", "red", "red", "red", "red", "red", "red", "red", "red", "red", "red", "red", "red", "red", "red", "red", "red", "red", "red", "red", "red", "red", "red", "red", "red", "red", "red", "red"], "timestamps": [0, 40, 80, 120, 160, 200, 240, 280, 320, 360, 400, 440, 480, 520, 560, 600, 640, 680, 720, 760, 800, 840, 880, 920, 960, 1000, 1040, 1080, 1120, 1160, 1200, 1240, 1280, 1320, 1360, 1400, 1440, 1480, 1520, 1560, 1600, 1640, 1680, 1720, 1760, 1800, 1840, 1880, 1920, 1960, 2000, 2040, 2080, 2120, 2160, 2200, 2240, 2280, 2320, 2360, 2400, 2440, 2480, 2520, 2560, 2600, 2640, 2680, 2720, 2760, 2800, 2840, 2880, 2920, 2960, 3000, 3040, 3080, 3120, 3160]}], "conversation": [], "conversation_timestamps": []}