{"agent_id": "agent-green-182", "type": "green", "trips": [{"trip_id": 0, "transport_method": "car", "start_time": 0, "path": [[1.5353825, 42.5103196], [1.5353917, 42.5102502], [1.5354009, 42.5101808], [1.5354101, 42.5101114], [1.5354418, 42.5100563], [1.5354926, 42.5101018], [1.5355428, 42.5101505], [1.535593, 42.5101993], [1.5356373, 42.5102472], [1.5355758, 42.5102806], [1.5355143, 42.510314], [1.5354523, 42.510346], [1.5353976, 42.5103893], [1.5353325, 42.5104148], [1.5353204, 42.5104577], [1.5353553, 42.5105184], [1.5353681, 42.5105188], [1.5353556, 42.51045], [1.5353431, 42.5103811], [1.5353305, 42.5103123], [1.535318, 42.5102434], [1.5353054, 42.5101746], [1.5352929, 42.5101057], [1.5352804, 42.5100368], [1.5352678, 42.509968], [1.5352553, 42.5098991], [1.5352614, 42.5098297], [1.5352696, 42.5097602], [1.5352779, 42.5096907], [1.5352861, 42.5096212], [1.5352943, 42.5095517], [1.5353025, 42.5094822], [1.5353108, 42.5094127], [1.535319, 42.5093431], [1.5353272, 42.5092736], [1.5353354, 42.5092041], [1.5352716, 42.5091772], [1.5352067, 42.5091508], [1.5351419, 42.5091245], [1.5350771, 42.5090981], [1.5350122, 42.5090718], [1.5349474, 42.5090454], [1.5348826, 42.509019], [1.5348177, 42.5089927], [1.5347529, 42.5089663], [1.534688, 42.50894], [1.5346232, 42.5089136], [1.5345584, 42.5088872], [1.5344935, 42.5088609], [1.5344287, 42.5088345], [1.5343639, 42.5088081], [1.534299, 42.5087818], [1.5342342, 42.5087554], [1.5341693, 42.5087291], [1.5341084, 42.5087002], [1.5341114, 42.5086303], [1.5341031, 42.5085618], [1.5340749, 42.5084983], [1.5340388, 42.5084384], [1.5340026, 42.5083784], [1.5339665, 42.5083185], [1.5339304, 42.5082585], [1.5338943, 42.5081986], [1.5338581, 42.5081386], [1.533822, 42.5080787], [1.5337859, 42.5080187], [1.5337498, 42.5079588], [1.5337137, 42.5078988], [1.5337619, 42.5079236], [1.5338217, 42.5079599], [1.5338815, 42.5079963], [1.5339413, 42.5080327], [1.5340011, 42.508069], [1.5340554, 42.5081127], [1.5340717, 42.5081788], [1.5340759, 42.5082487], [1.5340801, 42.5083186], [1.5340844, 42.5083884], [1.5340886, 42.5084583], [1.5340928, 42.5085282]], "mood_vectors": [[0.059, 0.042, 0.0755, 0.0777, 0.0388, 0.0437, 0.6633], [0.0661, 0.0412, 0.0675, 0.052, 0.0595, 0.0348, 0.6789], [0.0488, 0.031, 0.0482, 0.0612, 0.0722, 0.051, 0.6878], [0.0595, 0.017, 0.0211, 0.0882, 0.0831, 0.0365, 0.6946], [0.0855, 0.0612, 0.0424, 0.0249, 0.0701, 0.0622, 0.6537], [0.0545, 0.077, 0.0243, 0.0622, 0.0442, 0.0808, 0.6569], [0.062, 0.0832, 0.0326, 0.0738, 0.0695, 0.0144, 0.6645], [0.0698, 0.0272, 0.0782, 0.0377, 0.0421, 0.0808, 0.6643], [0.0194, 0.0736, 0.0404, 0.0565, 0.0714, 0.053, 0.6856], [0.0268, 0.0713, 0.0376, 0.0239, 0.0432, 0.0786, 0.7186], [0.0347, 0.0908, 0.025, 0.0511, 0.0609, 0.0419, 0.6956], [0.0717, 0.0419, 0.013, 0.0851, 0.0267, 0.0281, 0.7334], [0.0251, 0.0639, 0.0401, 0.0331, 0.0323, 0.0225, 0.783], [0.064, 0.0203, 0.0315, 0.0617, 0.0196, 0.0177, 0.7853], [0.0144, 0.0788, 0.0426, 0.0624, 0.0299, 0.0816, 0.6901], [0.0435, 0.0131, 0.0549, 0.0642, 0.0696, 0.0385, 0.7162], [0.0318, 0.0746, 0.0562, 0.0614, 0.0478, 0.0474, 0.6809], [0.0638, 0.0254, 0.0208, 0.0453, 0.059, 0.0538, 0.7319], [0.0724, 0.0171, 0.0373, 0.063, 0.0521, 0.0485, 0.7096], [0.0538, 0.0239, 0.0451, 0.0184, 0.0167, 0.0699, 0.7722], [0.0197, 0.054, 0.0602, 0.0383, 0.0179, 0.0212, 0.7888], [0.065, 0.0563, 0.0689, 0.056, 0.038, 0.0372, 0.6787], [0.0402, 0.0405, 0.0421, 0.0497, 0.0459, 0.0496, 0.732], [0.0222, 0.0598, 0.0143, 0.0421, 0.0667, 0.0622, 0.7327], [0.0683, 0.0289, 0.0467, 0.0475, 0.0273, 0.0571, 0.7241], [0.0553, 0.0287, 0.0136, 0.0272, 0.0878, 0.0399, 0.7474], [0.0756, 0.0677, 0.0262, 0.0767, 0.0162, 0.0836, 0.6539], [0.0649, 0.0657, 0.0173, 0.0548, 0.0634, 0.0714, 0.6625], [0.0882, 0.041, 0.0496, 0.025, 0.0911, 0.0403, 0.6648], [0.0864, 0.0777, 0.0155, 0.0333, 0.0811, 0.0174, 0.6885], [0.0709, 0.0492, 0.0226, 0.0221, 0.0342, 0.0252, 0.7757], [0.0191, 0.0488, 0.0756, 0.05, 0.0707, 0.0445, 0.6913], [0.0206, 0.0191, 0.0347, 0.0528, 0.0703, 0.0394, 0.7632], [0.0695, 0.0641, 0.0765, 0.052, 0.0327, 0.0397, 0.6656], [0.0583, 0.0896, 0.0823, 0.0329, 0.0152, 0.0356, 0.6863], [0.0509, 0.0322, 0.0345, 0.0377, 0.0571, 0.0198, 0.7677], [0.0691, 0.0326, 0.0688, 0.068, 0.0705, 0.0558, 0.6353], [0.0517, 0.0571, 0.0344, 0.0797, 0.0332, 0.0161, 0.7278], [0.0638, 0.0426, 0.0615, 0.0608, 0.052, 0.0552, 0.664], [0.0593, 0.0766, 0.0503, 0.0434, 0.0441, 0.0385, 0.6878], [0.0451, 0.0317, 0.0362, 0.077, 0.0545, 0.0744, 0.6811], [0.0366, 0.012, 0.0688, 0.0585, 0.0259, 0.0706, 0.7275], [0.0455, 0.0365, 0.0398, 0.0242, 0.0189, 0.029, 0.806], [0.0148, 0.0361, 0.0149, 0.0658, 0.0603, 0.0643, 0.7438], [0.059, 0.0742, 0.0608, 0.0475, 0.0355, 0.0183, 0.7046], [0.0511, 0.0508, 0.0857, 0.0618, 0.0219, 0.0519, 0.6769], [0.0702, 0.0668, 0.0313, 0.0741, 0.0423, 0.0231, 0.6923], [0.0475, 0.0698, 0.0266, 0.0454, 0.0149, 0.035, 0.7607], [0.0611, 0.0605, 0.0463, 0.0264, 0.0763, 0.0291, 0.7003], [0.0313, 0.0319, 0.038, 0.0383, 0.0185, 0.0647, 0.7773], [0.0721, 0.0534, 0.0616, 0.0635, 0.0741, 0.0527, 0.6225], [0.0289, 0.0636, 0.0214, 0.093, 0.0658, 0.043, 0.6842], [0.0282, 0.0618, 0.075, 0.0418, 0.0255, 0.0309, 0.7368], [0.0471, 0.039, 0.0464, 0.0627, 0.0468, 0.0344, 0.7236], [0.0662, 0.012, 0.0412, 0.0337, 0.0535, 0.0192, 0.7742], [0.0551, 0.0697, 0.0574, 0.0738, 0.0766, 0.0144, 0.653], [0.0281, 0.0526, 0.0486, 0.0375, 0.02, 0.065, 0.7483], [0.0395, 0.0546, 0.0363, 0.0731, 0.0458, 0.0587, 0.6919], [0.0166, 0.0607, 0.0607, 0.0332, 0.0674, 0.0494, 0.7121], [0.023, 0.022, 0.0403, 0.0301, 0.0268, 0.0353, 0.8225], [0.0253, 0.0722, 0.0349, 0.0813, 0.0632, 0.0646, 0.6585], [0.0667, 0.0651, 0.0416, 0.0817, 0.0585, 0.0464, 0.64], [0.0131, 0.047, 0.0725, 0.0681, 0.0528, 0.0702, 0.6762], [0.0615, 0.0288, 0.0246, 0.0531, 0.0555, 0.0233, 0.7532], [0.0253, 0.0744, 0.0446, 0.0495, 0.0211, 0.0596, 0.7255], [0.0874, 0.0771, 0.0519, 0.0522, 0.0757, 0.0433, 0.6124], [0.0348, 0.0742, 0.0723, 0.0894, 0.0486, 0.0262, 0.6545], [0.0727, 0.0585, 0.0722, 0.0179, 0.036, 0.0724, 0.6703], [0.0763, 0.0535, 0.0922, 0.0946, 0.0167, 0.0313, 0.6354], [0.0224, 0.0219, 0.0808, 0.0928, 0.0404, 0.0832, 0.6584], [0.0752, 0.0505, 0.0658, 0.0531, 0.058, 0.0418, 0.6556], [0.0559, 0.0208, 0.0567, 0.064, 0.0557, 0.0188, 0.7281], [0.0538, 0.0176, 0.0251, 0.0806, 0.029, 0.0862, 0.7077], [0.0857, 0.085, 0.0544, 0.0482, 0.0231, 0.0562, 0.6474], [0.0534, 0.0221, 0.0189, 0.0758, 0.068, 0.0189, 0.743], [0.0391, 0.0695, 0.029, 0.0611, 0.0742, 0.0166, 0.7105], [0.0459, 0.0733, 0.0466, 0.0583, 0.0236, 0.0739, 0.6784], [0.0128, 0.013, 0.0185, 0.0461, 0.0791, 0.0338, 0.7967], [0.0813, 0.0264, 0.0602, 0.0748, 0.0604, 0.0824, 0.6145], [0.0285, 0.0137, 0.0483, 0.0805, 0.0223, 0.054, 0.7527]], "emotions": ["purple", "purple", "purple", "purple", "purple", "purple", "purple", "purple", "purple", "purple", "purple", "purple", "purple", "purple", "purple", "purple", "purple", "purple", "purple", "purple", "purple", "purple", "purple", "purple", "purple", "purple", "purple", "purple", "purple", "purple", "purple", "purple", "purple", "purple", "purple", "purple", "purple", "purple", "purple", "purple", "purple", "purple", "purple", "purple", "purple", "purple", "purple", "purple", "purple", "purple", "purple", "purple", "purple", "purple", "purple", "purple", "purple", "purple", "purple", "purple", "purple", "purple", "purple", "purple", "purple", "purple", "purple", "purple", "purple", "purple", "purple", "purple", "purple", "purple", "purple", "purple", "purple", "purple", "purple", "purple"], "timestamps": [0, 40, 80, 120, 160, 200, 240, 280, 320, 360, 400, 440, 480, 520, 560, 600, 640, 680, 720, 760, 800, 840, 880, 920, 960, 1000, 1040, 1080, 1120, 1160, 1200, 1240, 1280, 1320, 1360, 1400, 1440, 1480, 1520, 1560, 1600, 1640, 1680, 1720, 1760, 1800, 1840, 1880, 1920, 1960, 2000, 2040, 2080, 2120, 2160, 2200, 2240, 2280, 2320, 2360, 2400, 2440, 2480, 2520, 2560, 2600, 2640, 2680, 2720, 2760, 2800, 2840, 2880, 2920, 2960, 3000, 3040, 3080, 3120, 3160]}], "conversation": [], "conversation_timestamps": []}