{"agent_id": "agent-purple-1299", "type": "purple", "trips": [{"trip_id": 0, "transport_method": "car", "start_time": 0, "path": [[1.5536276, 42.5166641], [1.5534662, 42.5162132], [1.5533272, 42.5157551], [1.5530729, 42.5153496], [1.5527987, 42.514959], [1.5526986, 42.5144957], [1.5527205, 42.5140184], [1.55253, 42.513603], [1.5521375, 42.5133315], [1.5517067, 42.5131215], [1.5513035, 42.5128654], [1.5509632, 42.5125277], [1.5505805, 42.5122506], [1.5501694, 42.5120245], [1.5497234, 42.5118496], [1.5492655, 42.5117088], [1.5488008, 42.51159], [1.5483339, 42.5114804], [1.5478668, 42.5113714], [1.5474032, 42.5112484], [1.5469411, 42.5111201], [1.5465428, 42.5108695], [1.5463275, 42.5104491], [1.546232, 42.5100294], [1.5464034, 42.5099114], [1.5462046, 42.5100596], [1.5460642, 42.5096454], [1.5456198, 42.5094656], [1.5451621, 42.5093455], [1.5446834, 42.5093159], [1.5442042, 42.5092958], [1.543753, 42.5091354], [1.5432986, 42.5089969], [1.5428243, 42.508926], [1.5423526, 42.5088902], [1.5418838, 42.5089092], [1.5414807, 42.5091364], [1.5410122, 42.5092343], [1.5406296, 42.509488], [1.5401835, 42.5096603], [1.5398042, 42.5099454], [1.5393577, 42.5101138], [1.5389594, 42.5101953], [1.5385174, 42.510059], [1.5380379, 42.510046], [1.5375584, 42.5100341], [1.5370792, 42.5100305], [1.5366012, 42.5100346], [1.5361321, 42.5099494], [1.5356533, 42.509922], [1.5351749, 42.5098956], [1.5346957, 42.509916], [1.5342165, 42.5099245], [1.5337401, 42.5098873], [1.5333302, 42.5100222], [1.5328531, 42.5099777], [1.5323798, 42.509916], [1.5319298, 42.509796], [1.5314787, 42.5096333], [1.5310306, 42.5094622], [1.5305794, 42.509376], [1.5301255, 42.5092261], [1.5296689, 42.5090799], [1.5292059, 42.5089557], [1.52875, 42.5088588], [1.5282968, 42.5087105], [1.5278585, 42.5085161], [1.5274063, 42.508367], [1.5269269, 42.508358], [1.5264491, 42.5083207], [1.525979, 42.5082275], [1.5255203, 42.508102], [1.5250628, 42.507958], [1.5245982, 42.5078394], [1.5241242, 42.5077725], [1.5236452, 42.507793], [1.5231948, 42.5078971], [1.5232324, 42.5082967], [1.5236167, 42.5085544], [1.523771, 42.5088715]], "mood_vectors": [[0.0973, 0.0434, 0.0564, 0.0974, 0.0244, 0.6508, 0.0304], [0.0346, 0.0266, 0.0773, 0.0697, 0.019, 0.696, 0.0769], [0.0686, 0.0762, 0.0771, 0.0248, 0.0701, 0.645, 0.0383], [0.0354, 0.0663, 0.0461, 0.1046, 0.0169, 0.6985, 0.0321], [0.0639, 0.0448, 0.0308, 0.0534, 0.0567, 0.6767, 0.0737], [0.0332, 0.025, 0.0234, 0.0332, 0.0147, 0.8093, 0.0613], [0.0332, 0.0645, 0.0559, 0.0861, 0.0297, 0.6765, 0.0541], [0.0306, 0.0416, 0.0202, 0.0893, 0.0543, 0.6678, 0.096], [0.0665, 0.0553, 0.0777, 0.0242, 0.0859, 0.6636, 0.0267], [0.0232, 0.0113, 0.0702, 0.0715, 0.0524, 0.7161, 0.0553], [0.0725, 0.0327, 0.0402, 0.0363, 0.035, 0.7513, 0.032], [0.0485, 0.0549, 0.0541, 0.021, 0.0655, 0.7101, 0.0458], [0.0937, 0.0592, 0.0474, 0.0567, 0.0494, 0.6572, 0.0364], [0.0823, 0.0271, 0.0326, 0.0822, 0.0348, 0.6699, 0.0711], [0.0187, 0.0226, 0.0126, 0.0795, 0.0646, 0.7706, 0.0312], [0.049, 0.044, 0.0641, 0.0211, 0.0662, 0.7065, 0.0491], [0.0127, 0.0366, 0.0619, 0.0529, 0.0752, 0.7382, 0.0225], [0.0586, 0.0554, 0.0414, 0.0544, 0.0564, 0.6948, 0.039], [0.0521, 0.0506, 0.0568, 0.06, 0.0661, 0.6791, 0.0353], [0.0847, 0.0179, 0.0433, 0.08, 0.0404, 0.6906, 0.0431], [0.0875, 0.0867, 0.0198, 0.0242, 0.0891, 0.6763, 0.0164], [0.0695, 0.0541, 0.0719, 0.0381, 0.0353, 0.6518, 0.0794], [0.0427, 0.0312, 0.044, 0.0366, 0.0775, 0.6873, 0.0806], [0.053, 0.0207, 0.0188, 0.0262, 0.0249, 0.8365, 0.0199], [0.0224, 0.0497, 0.0358, 0.0157, 0.0681, 0.7881, 0.0201], [0.0453, 0.0519, 0.0207, 0.0613, 0.0823, 0.6802, 0.0583], [0.0833, 0.0646, 0.0234, 0.0339, 0.0814, 0.6919, 0.0216], [0.0526, 0.0618, 0.0345, 0.0574, 0.0561, 0.6856, 0.0521], [0.0725, 0.0595, 0.075, 0.0672, 0.0604, 0.6024, 0.0629], [0.0822, 0.0498, 0.0439, 0.0536, 0.039, 0.6957, 0.0358], [0.0585, 0.0205, 0.0448, 0.0618, 0.0498, 0.719, 0.0456], [0.0402, 0.0666, 0.0658, 0.0382, 0.0265, 0.7064, 0.0564], [0.026, 0.0341, 0.0652, 0.0542, 0.0315, 0.7491, 0.0399], [0.063, 0.0748, 0.0318, 0.0566, 0.0143, 0.7108, 0.0485], [0.0572, 0.042, 0.0424, 0.0207, 0.0425, 0.7226, 0.0727], [0.0765, 0.0118, 0.06, 0.0646, 0.0758, 0.647, 0.0642], [0.0286, 0.0625, 0.0621, 0.0426, 0.0441, 0.7179, 0.0422], [0.0464, 0.0697, 0.0642, 0.0454, 0.0495, 0.693, 0.0318], [0.0472, 0.0185, 0.0328, 0.0179, 0.0489, 0.8081, 0.0265], [0.0487, 0.0257, 0.0174, 0.0748, 0.0827, 0.6806, 0.07], [0.0401, 0.0264, 0.0818, 0.0692, 0.0745, 0.6763, 0.0318], [0.0798, 0.0723, 0.0347, 0.0372, 0.0362, 0.6979, 0.0419], [0.0388, 0.0535, 0.0127, 0.0282, 0.0484, 0.763, 0.0553], [0.0544, 0.0495, 0.0576, 0.0882, 0.0207, 0.6929, 0.0366], [0.0667, 0.0453, 0.0305, 0.05, 0.0617, 0.687, 0.0588], [0.0407, 0.0359, 0.0496, 0.0737, 0.0836, 0.6304, 0.0861], [0.0678, 0.0243, 0.0829, 0.0551, 0.0344, 0.6439, 0.0916], [0.0316, 0.028, 0.0452, 0.0507, 0.0389, 0.72, 0.0857], [0.0755, 0.0712, 0.0362, 0.085, 0.0535, 0.6001, 0.0786], [0.0698, 0.0483, 0.0715, 0.0609, 0.0558, 0.6492, 0.0446], [0.0316, 0.0753, 0.0543, 0.0361, 0.0434, 0.7416, 0.0178], [0.0673, 0.0141, 0.0517, 0.0418, 0.0585, 0.7029, 0.0638], [0.0257, 0.0503, 0.0888, 0.0215, 0.0808, 0.6429, 0.09], [0.0631, 0.0753, 0.0346, 0.0149, 0.0794, 0.7115, 0.0212], [0.07, 0.068, 0.0624, 0.0647, 0.042, 0.6752, 0.0177], [0.0762, 0.025, 0.0639, 0.0464, 0.0521, 0.668, 0.0684], [0.03, 0.0731, 0.1022, 0.0414, 0.0179, 0.7011, 0.0343], [0.0489, 0.0277, 0.0712, 0.086, 0.0422, 0.686, 0.038], [0.0857, 0.0277, 0.0192, 0.0851, 0.0403, 0.7028, 0.0392], [0.0725, 0.0747, 0.0601, 0.0512, 0.068, 0.6303, 0.0432], [0.0209, 0.0135, 0.0751, 0.0549, 0.0176, 0.7532, 0.0647], [0.0203, 0.0197, 0.0576, 0.0286, 0.0581, 0.777, 0.0387], [0.0572, 0.015, 0.0864, 0.0663, 0.0284, 0.6899, 0.0568], [0.0269, 0.0492, 0.0604, 0.0548, 0.0738, 0.6798, 0.055], [0.0422, 0.0723, 0.0329, 0.0675, 0.0483, 0.67, 0.0668], [0.0709, 0.0684, 0.0527, 0.0172, 0.0228, 0.7326, 0.0353], [0.0417, 0.0175, 0.066, 0.0131, 0.0322, 0.7503, 0.0793], [0.0794, 0.0562, 0.0915, 0.0279, 0.0588, 0.6347, 0.0515], [0.0453, 0.0734, 0.0587, 0.062, 0.0285, 0.6953, 0.0367], [0.0248, 0.0746, 0.0184, 0.0145, 0.0579, 0.7351, 0.0747], [0.029, 0.0246, 0.0754, 0.021, 0.0351, 0.7802, 0.0347], [0.0566, 0.0639, 0.0747, 0.0382, 0.0202, 0.6988, 0.0476], [0.0489, 0.0946, 0.041, 0.0769, 0.041, 0.6719, 0.0256], [0.0379, 0.034, 0.0597, 0.04, 0.0422, 0.7042, 0.082], [0.0891, 0.0163, 0.0345, 0.0888, 0.0375, 0.6867, 0.047], [0.0586, 0.067, 0.0554, 0.0636, 0.0284, 0.696, 0.031], [0.0436, 0.0174, 0.0362, 0.0726, 0.0697, 0.7111, 0.0495], [0.0402, 0.0204, 0.0649, 0.0436, 0.0504, 0.7489, 0.0316], [0.0155, 0.0122, 0.0814, 0.0126, 0.0777, 0.7364, 0.0643], [0.0649, 0.0467, 0.0711, 0.0394, 0.0173, 0.7058, 0.0549]], "emotions": ["purple", "purple", "purple", "purple", "purple", "purple", "purple", "purple", "purple", "purple", "purple", "purple", "purple", "purple", "purple", "purple", "purple", "purple", "purple", "purple", "purple", "purple", "purple", "purple", "purple", "purple", "purple", "purple", "purple", "purple", "purple", "purple", "purple", "purple", "purple", "purple", "purple", "purple", "purple", "purple", "purple", "purple", "purple", "purple", "purple", "purple", "purple", "purple", "purple", "purple", "purple", "purple", "purple", "purple", "purple", "purple", "purple", "purple", "purple", "purple", "purple", "purple", "purple", "purple", "purple", "purple", "purple", "purple", "purple", "purple", "purple", "purple", "purple", "purple", "purple", "purple", "purple", "purple", "purple", "purple"], "timestamps": [0, 40, 80, 120, 160, 200, 240, 280, 320, 360, 400, 440, 480, 520, 560, 600, 640, 680, 720, 760, 800, 840, 880, 920, 960, 1000, 1040, 1080, 1120, 1160, 1200, 1240, 1280, 1320, 1360, 1400, 1440, 1480, 1520, 1560, 1600, 1640, 1680, 1720, 1760, 1800, 1840, 1880, 1920, 1960, 2000, 2040, 2080, 2120, 2160, 2200, 2240, 2280, 2320, 2360, 2400, 2440, 2480, 2520, 2560, 2600, 2640, 2680, 2720, 2760, 2800, 2840, 2880, 2920, 2960, 3000, 3040, 3080, 3120, 3160]}], "conversation": [], "conversation_timestamps": []}