{"agent_id": "agent-red-1251", "type": "red", "trips": [{"trip_id": 0, "transport_method": "car", "start_time": 0, "path": [[1.5377089, 42.5090866], [1.5374933, 42.5090889], [1.5372778, 42.5090911], [1.5370634, 42.5091008], [1.5368919, 42.5092069], [1.5367025, 42.5092922], [1.5364914, 42.5093029], [1.5362767, 42.5092844], [1.5360619, 42.5092659], [1.5358471, 42.5092473], [1.5356323, 42.5092288], [1.5354176, 42.5092103], [1.5352042, 42.5092259], [1.5349918, 42.5092625], [1.5347794, 42.5092991], [1.5345669, 42.5093357], [1.5343545, 42.5093724], [1.5341421, 42.509409], [1.5339296, 42.5094456], [1.5338158, 42.5095988], [1.5336849, 42.5097431], [1.5334764, 42.5097783], [1.5332687, 42.5097208], [1.5330577, 42.5096771], [1.5328438, 42.5096522], [1.5326296, 42.5096299], [1.5324171, 42.5095937], [1.5322105, 42.509533], [1.5320079, 42.5094595], [1.5318067, 42.509382], [1.5316039, 42.5093093], [1.531399, 42.5092431], [1.5311983, 42.5091643], [1.5309977, 42.5090855], [1.530797, 42.5090067], [1.5307683, 42.5088373], [1.5305579, 42.5088842], [1.5303538, 42.5088765], [1.5301596, 42.5087827], [1.5299685, 42.5086831], [1.5297639, 42.5086273], [1.5295536, 42.5086393], [1.5293493, 42.508708], [1.529145, 42.5087768], [1.5289407, 42.5088456], [1.5287336, 42.5088549], [1.5285238, 42.5088053], [1.5283252, 42.5087244], [1.5281304, 42.5086324], [1.5279322, 42.5085476], [1.527734, 42.5084628], [1.5275329, 42.508386], [1.5273196, 42.5083621], [1.527104, 42.5083599], [1.5268885, 42.5083566], [1.5266732, 42.5083468], [1.5264591, 42.5083223], [1.5262469, 42.5082845], [1.5260366, 42.5082375], [1.5258234, 42.5082068], [1.5256198, 42.5081413], [1.5254166, 42.5080702], [1.5252115, 42.5080038], [1.5250048, 42.5079429], [1.5247962, 42.5078887], [1.52459, 42.5078276], [1.5243866, 42.5077621], [1.5241719, 42.5077475], [1.5241143, 42.507561], [1.5241161, 42.5073531], [1.524091, 42.507158], [1.5238846, 42.507102], [1.5236771, 42.5070433], [1.5234697, 42.5069847], [1.5235414, 42.506889], [1.5235508, 42.5068063], [1.5233406, 42.5067586], [1.5231305, 42.5067112], [1.522967, 42.5066931], [1.5227948, 42.5067252]], "mood_vectors": [[0.7411, 0.0576, 0.0291, 0.0366, 0.0443, 0.028, 0.0633], [0.6981, 0.0551, 0.0527, 0.0522, 0.0556, 0.0704, 0.0158], [0.7714, 0.0756, 0.0575, 0.0216, 0.0398, 0.0145, 0.0196], [0.7832, 0.0146, 0.0394, 0.0365, 0.0458, 0.0306, 0.0499], [0.6932, 0.0731, 0.0437, 0.028, 0.0369, 0.0711, 0.0542], [0.7312, 0.0144, 0.0154, 0.0475, 0.0445, 0.0757, 0.0713], [0.6789, 0.0642, 0.0468, 0.0458, 0.0297, 0.0637, 0.0708], [0.6448, 0.0566, 0.0318, 0.0842, 0.059, 0.0755, 0.0482], [0.6538, 0.0706, 0.0769, 0.0897, 0.0268, 0.0182, 0.064], [0.7267, 0.0526, 0.0176, 0.0516, 0.0349, 0.0259, 0.0907], [0.7951, 0.0348, 0.0428, 0.0413, 0.0304, 0.0341, 0.0215], [0.7503, 0.0494, 0.0232, 0.0156, 0.0461, 0.0741, 0.0413], [0.6376, 0.0722, 0.0258, 0.0437, 0.0307, 0.0886, 0.1014], [0.692, 0.0733, 0.0363, 0.0301, 0.0699, 0.0543, 0.044], [0.6837, 0.0813, 0.0299, 0.0504, 0.0569, 0.0259, 0.072], [0.6944, 0.0435, 0.07, 0.056, 0.0731, 0.0219, 0.0411], [0.6208, 0.0507, 0.063, 0.0743, 0.049, 0.0705, 0.0717], [0.6422, 0.0839, 0.0838, 0.031, 0.0821, 0.0278, 0.0492], [0.6793, 0.0322, 0.0807, 0.065, 0.0685, 0.025, 0.0494], [0.7145, 0.0289, 0.0414, 0.0266, 0.088, 0.0433, 0.0573], [0.741, 0.0292, 0.0398, 0.0402, 0.054, 0.0267, 0.0691], [0.7166, 0.0207, 0.049, 0.0565, 0.0865, 0.0542, 0.0166], [0.6874, 0.0237, 0.0654, 0.0134, 0.0699, 0.0769, 0.0635], [0.7083, 0.0455, 0.0735, 0.057, 0.0496, 0.0441, 0.0219], [0.7374, 0.0647, 0.0521, 0.0423, 0.0503, 0.0348, 0.0184], [0.6827, 0.0536, 0.0717, 0.0523, 0.0335, 0.0608, 0.0454], [0.7491, 0.0282, 0.0514, 0.0156, 0.0534, 0.0852, 0.0171], [0.6027, 0.0636, 0.093, 0.0346, 0.0872, 0.039, 0.0799], [0.6931, 0.0718, 0.0486, 0.0567, 0.0466, 0.0377, 0.0455], [0.7321, 0.0294, 0.0219, 0.0427, 0.0315, 0.0985, 0.044], [0.7516, 0.0178, 0.0424, 0.0223, 0.0635, 0.0543, 0.048], [0.6896, 0.0406, 0.0506, 0.0359, 0.0551, 0.0819, 0.0463], [0.6948, 0.0584, 0.0792, 0.0385, 0.0585, 0.0169, 0.0536], [0.677, 0.0773, 0.0532, 0.0428, 0.0587, 0.0655, 0.0255], [0.7357, 0.0532, 0.0638, 0.0252, 0.0336, 0.0227, 0.0659], [0.6721, 0.03, 0.0869, 0.0168, 0.0879, 0.0801, 0.0261], [0.6846, 0.0505, 0.077, 0.0751, 0.0342, 0.059, 0.0196], [0.6849, 0.0714, 0.0229, 0.0441, 0.0525, 0.0614, 0.0629], [0.7449, 0.0237, 0.032, 0.0412, 0.0706, 0.066, 0.0214], [0.7596, 0.0174, 0.0674, 0.0475, 0.0209, 0.0145, 0.0727], [0.7616, 0.0542, 0.0311, 0.0231, 0.0428, 0.053, 0.0342], [0.7098, 0.0678, 0.033, 0.0727, 0.0419, 0.0152, 0.0596], [0.6909, 0.0503, 0.0614, 0.0591, 0.0388, 0.0312, 0.0684], [0.7343, 0.063, 0.0168, 0.0237, 0.0796, 0.0157, 0.0669], [0.6796, 0.0388, 0.0379, 0.0491, 0.0631, 0.0801, 0.0514], [0.7295, 0.0431, 0.0641, 0.0312, 0.0613, 0.0414, 0.0294], [0.6285, 0.0436, 0.0657, 0.0373, 0.0669, 0.0766, 0.0813], [0.5927, 0.0679, 0.0493, 0.0814, 0.0807, 0.0445, 0.0835], [0.5653, 0.0632, 0.0451, 0.0632, 0.0899, 0.0811, 0.0922], [0.7554, 0.0239, 0.0476, 0.0144, 0.0642, 0.0432, 0.0512], [0.7475, 0.0344, 0.0224, 0.0519, 0.0556, 0.0598, 0.0284], [0.7504, 0.0707, 0.0491, 0.0202, 0.0531, 0.0179, 0.0388], [0.727, 0.049, 0.0715, 0.0482, 0.0694, 0.0195, 0.0153], [0.6287, 0.0878, 0.0898, 0.071, 0.0716, 0.0307, 0.0205], [0.655, 0.0751, 0.0957, 0.043, 0.0806, 0.0269, 0.0237], [0.7724, 0.0302, 0.0131, 0.0413, 0.0371, 0.0713, 0.0346], [0.6317, 0.052, 0.0681, 0.026, 0.0709, 0.0549, 0.0963], [0.7104, 0.0472, 0.0789, 0.0757, 0.0144, 0.0347, 0.0388], [0.7662, 0.0371, 0.0708, 0.0156, 0.0234, 0.0469, 0.04], [0.6512, 0.0193, 0.0913, 0.0364, 0.0852, 0.1015, 0.0151], [0.7031, 0.0471, 0.061, 0.025, 0.0789, 0.0631, 0.0218], [0.75, 0.0162, 0.0426, 0.0492, 0.0564, 0.0725, 0.0131], [0.6286, 0.0844, 0.0607, 0.056, 0.0617, 0.0543, 0.0543], [0.7379, 0.0289, 0.0832, 0.0578, 0.0399, 0.0333, 0.019], [0.658, 0.0882, 0.0222, 0.071, 0.0196, 0.0636, 0.0774], [0.6983, 0.0246, 0.0574, 0.0606, 0.0581, 0.0483, 0.0527], [0.7118, 0.08, 0.0664, 0.0421, 0.0319, 0.0194, 0.0483], [0.6744, 0.0949, 0.052, 0.068, 0.0332, 0.0222, 0.0553], [0.6809, 0.0742, 0.0588, 0.046, 0.0653, 0.0339, 0.0409], [0.7358, 0.0756, 0.0568, 0.0169, 0.0429, 0.0231, 0.0489], [0.7774, 0.012, 0.0207, 0.0496, 0.0228, 0.0492, 0.0683], [0.7492, 0.0211, 0.0222, 0.055, 0.0279, 0.0788, 0.0458], [0.6401, 0.042, 0.0833, 0.0846, 0.0491, 0.0774, 0.0236], [0.6522, 0.0641, 0.0404, 0.0602, 0.0555, 0.0395, 0.088], [0.5708, 0.0494, 0.0698, 0.0783, 0.0771, 0.0829, 0.0717], [0.6629, 0.0286, 0.0774, 0.0824, 0.0271, 0.053, 0.0685], [0.7181, 0.0216, 0.0707, 0.0679, 0.0391, 0.0585, 0.0242], [0.6659, 0.0783, 0.0751, 0.0245, 0.0788, 0.0633, 0.0141], [0.7463, 0.0453, 0.0122, 0.0538, 0.0216, 0.0412, 0.0795], [0.723, 0.0696, 0.0516, 0.0535, 0.0357, 0.0487, 0.0179]], "emotions": ["red", "red", "red", "red", "red", "red", "red", "red", "red", "red", "red", "red", "red", "red", "red", "red", "red", "red", "red", "red", "red", "red", "red", "red", "red", "red", "red", "red", "red", "red", "red", "red", "red", "red", "red", "red", "red", "red", "red", "red", "red", "red", "red", "red", "red", "red", "red", "red", "red", "red", "red", "red", "red", "red", "red", "red", "red", "red", "red", "red", "red", "red", "red", "red", "red", "red", "red", "red", "red", "red", "red", "red", "red", "red", "red", "red", "red", "red", "red", "red"], "timestamps": [0, 40, 80, 120, 160, 200, 240, 280, 320, 360, 400, 440, 480, 520, 560, 600, 640, 680, 720, 760, 800, 840, 880, 920, 960, 1000, 1040, 1080, 1120, 1160, 1200, 1240, 1280, 1320, 1360, 1400, 1440, 1480, 1520, 1560, 1600, 1640, 1680, 1720, 1760, 1800, 1840, 1880, 1920, 1960, 2000, 2040, 2080, 2120, 2160, 2200, 2240, 2280, 2320, 2360, 2400, 2440, 2480, 2520, 2560, 2600, 2640, 2680, 2720, 2760, 2800, 2840, 2880, 2920, 2960, 3000, 3040, 3080, 3120, 3160]}], "conversation": [], "conversation_timestamps": []}