{"agent_id": "agent-blue-550", "type": "blue", "trips": [{"trip_id": 0, "transport_method": "foot", "start_time": 0, "path": [[1.5373938, 42.513121], [1.5372561, 42.5131708], [1.537115, 42.5132108], [1.5369736, 42.5132497], [1.5368309, 42.5132836], [1.536688, 42.5133166], [1.5365447, 42.5133478], [1.5364021, 42.513382], [1.5362598, 42.5134175], [1.5361252, 42.5134759], [1.5359896, 42.5135318], [1.5359332, 42.5135609], [1.5360727, 42.5135157], [1.5362122, 42.5134705], [1.5363518, 42.5134253], [1.5364913, 42.51338], [1.5366308, 42.5133348], [1.5367703, 42.5132896], [1.5369099, 42.5132444], [1.5370494, 42.5131991], [1.5371889, 42.5131539], [1.5373244, 42.5131079], [1.5372303, 42.5130008], [1.5371213, 42.5129193], [1.5370008, 42.5128374], [1.5368791, 42.5127555], [1.5368051, 42.5126289], [1.5367184, 42.5125153], [1.536581, 42.5124642], [1.5364435, 42.5124131], [1.5365186, 42.5123315], [1.5365879, 42.5122169], [1.5365718, 42.512072], [1.536467, 42.5119695], [1.5363712, 42.5118585], [1.5362808, 42.5117431], [1.5361857, 42.5116315], [1.5360749, 42.5115357], [1.5359451, 42.5114755], [1.535804, 42.5114371], [1.5356704, 42.5113765], [1.535538, 42.5113135], [1.5354087, 42.5112445], [1.5352834, 42.5111689], [1.5351713, 42.5110751], [1.53506, 42.5109808], [1.5349692, 42.5108656], [1.5348717, 42.5107594], [1.5347512, 42.5106757], [1.5346308, 42.510592], [1.5345119, 42.5105061], [1.5343943, 42.5104185], [1.5342767, 42.5103308], [1.5341593, 42.510243], [1.534042, 42.5101549], [1.5339225, 42.5100699], [1.5337988, 42.5099912], [1.5336683, 42.5099253], [1.5335312, 42.5098733], [1.5333921, 42.509827], [1.5332511, 42.5097868], [1.5331077, 42.5097556], [1.5329627, 42.509734], [1.5328168, 42.5097194], [1.5326706, 42.5097081], [1.5325252, 42.509689], [1.5323805, 42.5096656], [1.5322384, 42.5096297], [1.5321004, 42.5095808], [1.5319736, 42.5095071], [1.5318468, 42.5094335], [1.5317199, 42.5093598], [1.5315855, 42.5093039], [1.5314452, 42.5092613], [1.5313087, 42.5092076], [1.5311722, 42.509154], [1.5310356, 42.5091004], [1.5308991, 42.5090468], [1.5307888, 42.5089767], [1.5307995, 42.5088304]], "mood_vectors": [[0.028, 0.0261, 0.0677, 0.8119, 0.0145, 0.0391, 0.0127], [0.0729, 0.0801, 0.0838, 0.6053, 0.0912, 0.0218, 0.0449], [0.0674, 0.0589, 0.0205, 0.6265, 0.0647, 0.0777, 0.0843], [0.0249, 0.0441, 0.0738, 0.6705, 0.0774, 0.0717, 0.0376], [0.0395, 0.0586, 0.0132, 0.7853, 0.0463, 0.0299, 0.0273], [0.0741, 0.0377, 0.0219, 0.6825, 0.0741, 0.0423, 0.0674], [0.046, 0.0145, 0.0598, 0.7473, 0.0296, 0.0334, 0.0693], [0.0349, 0.0264, 0.0221, 0.7826, 0.0183, 0.0612, 0.0545], [0.0768, 0.0406, 0.0593, 0.6519, 0.0687, 0.0238, 0.0789], [0.0195, 0.092, 0.0635, 0.6545, 0.0678, 0.0801, 0.0225], [0.0562, 0.0515, 0.0263, 0.7102, 0.0535, 0.0551, 0.0472], [0.063, 0.0393, 0.0257, 0.7438, 0.0617, 0.0222, 0.0443], [0.0138, 0.0541, 0.0543, 0.6835, 0.067, 0.0616, 0.0658], [0.035, 0.0294, 0.0882, 0.716, 0.0271, 0.0255, 0.079], [0.0476, 0.0269, 0.0486, 0.6792, 0.0462, 0.0783, 0.0732], [0.0251, 0.0468, 0.0899, 0.6797, 0.0473, 0.0892, 0.022], [0.0713, 0.0449, 0.0136, 0.7128, 0.0368, 0.0686, 0.052], [0.0902, 0.069, 0.023, 0.6308, 0.0879, 0.0364, 0.0626], [0.0679, 0.0722, 0.0365, 0.748, 0.014, 0.0336, 0.0278], [0.064, 0.0599, 0.0532, 0.6604, 0.0662, 0.0506, 0.0456], [0.0321, 0.0801, 0.0174, 0.7525, 0.0548, 0.035, 0.0281], [0.0771, 0.0731, 0.0454, 0.6324, 0.0827, 0.0752, 0.0142], [0.0751, 0.0524, 0.0408, 0.6852, 0.0314, 0.0483, 0.0668], [0.0726, 0.0328, 0.0851, 0.5699, 0.093, 0.0751, 0.0715], [0.0682, 0.073, 0.0496, 0.6476, 0.0363, 0.0727, 0.0525], [0.0376, 0.0826, 0.0578, 0.6828, 0.037, 0.0156, 0.0866], [0.0322, 0.0452, 0.0651, 0.6953, 0.0711, 0.0254, 0.0656], [0.0322, 0.0234, 0.0643, 0.7899, 0.0283, 0.035, 0.027], [0.0848, 0.0684, 0.0829, 0.625, 0.0605, 0.0582, 0.0201], [0.0943, 0.0441, 0.0605, 0.6523, 0.0854, 0.019, 0.0444], [0.0304, 0.0877, 0.0329, 0.615, 0.0713, 0.0749, 0.0879], [0.0541, 0.0547, 0.046, 0.7385, 0.0191, 0.0606, 0.027], [0.0485, 0.0337, 0.0344, 0.7437, 0.0444, 0.0827, 0.0126], [0.0336, 0.0689, 0.053, 0.6938, 0.036, 0.0264, 0.0884], [0.012, 0.0642, 0.0313, 0.7371, 0.0443, 0.0443, 0.0668], [0.0748, 0.0563, 0.0492, 0.709, 0.0311, 0.0623, 0.0174], [0.0218, 0.0231, 0.0738, 0.7148, 0.0754, 0.043, 0.048], [0.057, 0.0251, 0.0876, 0.6654, 0.0465, 0.0467, 0.0716], [0.0266, 0.0782, 0.0515, 0.715, 0.0325, 0.0616, 0.0347], [0.0681, 0.0131, 0.03, 0.7706, 0.0848, 0.0171, 0.0162], [0.0512, 0.0325, 0.0353, 0.7536, 0.0772, 0.0277, 0.0225], [0.0265, 0.0983, 0.0239, 0.7199, 0.0825, 0.0306, 0.0183], [0.0328, 0.0172, 0.0362, 0.7553, 0.0855, 0.0225, 0.0504], [0.0787, 0.0661, 0.0151, 0.6452, 0.056, 0.0595, 0.0793], [0.0756, 0.0348, 0.069, 0.6574, 0.0396, 0.0991, 0.0246], [0.0524, 0.042, 0.0113, 0.7339, 0.0518, 0.066, 0.0425], [0.0224, 0.0332, 0.0327, 0.7913, 0.0441, 0.0229, 0.0532], [0.045, 0.0852, 0.0451, 0.6775, 0.0239, 0.0523, 0.0711], [0.0618, 0.0211, 0.0525, 0.6804, 0.0738, 0.0791, 0.0313], [0.0373, 0.0535, 0.0573, 0.6524, 0.0791, 0.0404, 0.08], [0.0488, 0.0697, 0.0282, 0.6271, 0.0613, 0.0787, 0.0861], [0.0645, 0.0437, 0.0566, 0.716, 0.0426, 0.0539, 0.0227], [0.074, 0.0773, 0.0596, 0.6066, 0.0757, 0.0415, 0.0653], [0.0242, 0.051, 0.0332, 0.7488, 0.0619, 0.042, 0.0389], [0.0405, 0.0752, 0.0152, 0.6726, 0.0921, 0.0781, 0.0264], [0.0381, 0.0725, 0.0895, 0.5826, 0.0734, 0.0665, 0.0773], [0.0546, 0.055, 0.0837, 0.6604, 0.0696, 0.039, 0.0376], [0.0493, 0.0264, 0.0822, 0.7603, 0.0177, 0.0199, 0.0442], [0.042, 0.0848, 0.0884, 0.6717, 0.0398, 0.059, 0.0143], [0.0499, 0.0324, 0.044, 0.7506, 0.0476, 0.0595, 0.0159], [0.0427, 0.0365, 0.0747, 0.7313, 0.0507, 0.0227, 0.0414], [0.0693, 0.0618, 0.0679, 0.6341, 0.0381, 0.0751, 0.0538], [0.0706, 0.0676, 0.0335, 0.6519, 0.0528, 0.0568, 0.0668], [0.0328, 0.0542, 0.0383, 0.7365, 0.0396, 0.0796, 0.0191], [0.0777, 0.0665, 0.0328, 0.6839, 0.0432, 0.063, 0.033], [0.0603, 0.0726, 0.0713, 0.6395, 0.0476, 0.0461, 0.0626], [0.0598, 0.0746, 0.0759, 0.6169, 0.0483, 0.0757, 0.0488], [0.0446, 0.0682, 0.0884, 0.6013, 0.0594, 0.0903, 0.0479], [0.0891, 0.0372, 0.0418, 0.6596, 0.0823, 0.0562, 0.0337], [0.0651, 0.0843, 0.0213, 0.7516, 0.0252, 0.0186, 0.0338], [0.0249, 0.0709, 0.0493, 0.7584, 0.0203, 0.0385, 0.0376], [0.0398, 0.017, 0.0717, 0.7015, 0.0671, 0.0173, 0.0857], [0.0549, 0.0635, 0.0473, 0.6503, 0.0478, 0.0728, 0.0636], [0.0288, 0.0709, 0.039, 0.7634, 0.043, 0.0142, 0.0407], [0.0174, 0.0203, 0.0635, 0.7336, 0.0289, 0.0778, 0.0584], [0.0422, 0.0407, 0.0229, 0.7159, 0.0449, 0.0627, 0.0707], [0.0581, 0.0683, 0.0382, 0.7761, 0.0155, 0.0201, 0.0237], [0.048, 0.0686, 0.0459, 0.7019, 0.0531, 0.0379, 0.0445], [0.0687, 0.0784, 0.0286, 0.6811, 0.0282, 0.067, 0.0479], [0.066, 0.0243, 0.08, 0.7568, 0.0227, 0.0269, 0.0233]], "emotions": ["green", "green", "green", "green", "green", "green", "green", "green", "green", "green", "green", "green", "green", "green", "green", "green", "green", "green", "green", "green", "green", "green", "green", "green", "green", "green", "green", "green", "green", "green", "green", "green", "green", "green", "green", "green", "green", "green", "green", "green", "green", "green", "green", "green", "green", "green", "green", "green", "green", "green", "green", "green", "green", "green", "green", "green", "green", "green", "green", "green", "green", "green", "green", "green", "green", "green", "green", "green", "green", "green", "green", "green", "green", "green", "green", "green", "green", "green", "green", "green"], "timestamps": [0, 40, 80, 120, 160, 200, 240, 280, 320, 360, 400, 440, 480, 520, 560, 600, 640, 680, 720, 760, 800, 840, 880, 920, 960, 1000, 1040, 1080, 1120, 1160, 1200, 1240, 1280, 1320, 1360, 1400, 1440, 1480, 1520, 1560, 1600, 1640, 1680, 1720, 1760, 1800, 1840, 1880, 1920, 1960, 2000, 2040, 2080, 2120, 2160, 2200, 2240, 2280, 2320, 2360, 2400, 2440, 2480, 2520, 2560, 2600, 2640, 2680, 2720, 2760, 2800, 2840, 2880, 2920, 2960, 3000, 3040, 3080, 3120, 3160]}], "conversation": [], "conversation_timestamps": []}