{"agent_id": "agent-green-1912", "type": "green", "trips": [{"trip_id": 0, "transport_method": "bus", "start_time": 0, "path": [[1.5417849, 42.5088715], [1.5415435, 42.5088219], [1.5413002, 42.5087831], [1.5410563, 42.5087472], [1.5408396, 42.5086887], [1.5408552, 42.5086839], [1.5406224, 42.5086027], [1.5403897, 42.5085215], [1.540157, 42.5084403], [1.5399228, 42.5083647], [1.5396803, 42.5083202], [1.5394378, 42.5082764], [1.5391945, 42.5082369], [1.538949, 42.5082218], [1.5387026, 42.5082279], [1.5384636, 42.5081883], [1.5382246, 42.5081406], [1.5379783, 42.5081292], [1.5377415, 42.5080687], [1.5375114, 42.5079805], [1.5373264, 42.5079103], [1.5375516, 42.5080101], [1.5377822, 42.5080969], [1.5377139, 42.5080884], [1.5374716, 42.508043], [1.5372294, 42.5079975], [1.5369871, 42.507952], [1.5367449, 42.5079066], [1.5365026, 42.5078611], [1.5362603, 42.5078156], [1.5360181, 42.5077702], [1.5357758, 42.5077247], [1.5355424, 42.5076502], [1.5353161, 42.5075527], [1.5350897, 42.5074552], [1.5348633, 42.5073576], [1.534637, 42.5072601], [1.5344106, 42.5071626], [1.5343855, 42.5072041], [1.5345917, 42.507339], [1.5348125, 42.5074483], [1.5350388, 42.507546], [1.5352711, 42.507627], [1.5355124, 42.5076679], [1.5355899, 42.5076704], [1.5353639, 42.5075721], [1.5351378, 42.5074739], [1.5349117, 42.5073757], [1.5346857, 42.5072774], [1.5344596, 42.5071792], [1.5342335, 42.5070809], [1.5340072, 42.5069835], [1.5337707, 42.5069148], [1.5335328, 42.5068503], [1.5332949, 42.5067858], [1.533057, 42.5067213], [1.5328319, 42.5066546], [1.5325869, 42.5066327], [1.5323405, 42.506639], [1.5321108, 42.5067195], [1.5318866, 42.5066679], [1.5316622, 42.5065658], [1.5314379, 42.5064637], [1.5312134, 42.5065415], [1.5309888, 42.5066432], [1.5307643, 42.5067449], [1.5305418, 42.5068274], [1.5303388, 42.5066877], [1.5301338, 42.5065508], [1.5298999, 42.5064814], [1.5296593, 42.5064281], [1.5294224, 42.5063916], [1.5292269, 42.5065418], [1.5290315, 42.5066919], [1.528808, 42.5067888], [1.5285735, 42.5068647], [1.5283823, 42.5067777], [1.5282165, 42.5065953], [1.5280707, 42.5063974], [1.5279359, 42.5061911]], "mood_vectors": [[0.0489, 0.0188, 0.0356, 0.0583, 0.0225, 0.044, 0.7719], [0.048, 0.078, 0.0321, 0.0753, 0.0726, 0.0253, 0.6686], [0.0876, 0.0532, 0.0843, 0.0348, 0.0301, 0.0691, 0.6409], [0.0242, 0.0606, 0.0487, 0.0505, 0.0721, 0.061, 0.6831], [0.0468, 0.0248, 0.0412, 0.0144, 0.0715, 0.0623, 0.7389], [0.0756, 0.0548, 0.0611, 0.0166, 0.0581, 0.0138, 0.72], [0.0211, 0.0181, 0.0648, 0.0809, 0.0721, 0.0182, 0.7247], [0.0293, 0.0221, 0.0373, 0.0855, 0.0453, 0.0598, 0.7207], [0.0124, 0.0609, 0.0575, 0.0739, 0.0352, 0.0644, 0.6957], [0.0451, 0.052, 0.0884, 0.0911, 0.0332, 0.0704, 0.6199], [0.0462, 0.0247, 0.0425, 0.0576, 0.067, 0.035, 0.727], [0.0408, 0.0609, 0.0478, 0.0179, 0.0278, 0.0502, 0.7546], [0.0229, 0.0508, 0.0415, 0.0622, 0.0543, 0.0745, 0.6939], [0.0678, 0.0332, 0.0746, 0.0816, 0.0726, 0.0343, 0.636], [0.0158, 0.0399, 0.0577, 0.0146, 0.0422, 0.0686, 0.7612], [0.0373, 0.0375, 0.0731, 0.0615, 0.0238, 0.0277, 0.7392], [0.0322, 0.022, 0.0449, 0.0438, 0.0684, 0.0532, 0.7354], [0.0231, 0.0387, 0.0573, 0.0595, 0.0733, 0.0332, 0.7148], [0.0359, 0.0705, 0.0354, 0.0417, 0.0428, 0.0236, 0.7501], [0.0534, 0.0561, 0.0716, 0.0673, 0.0672, 0.083, 0.6014], [0.0157, 0.0697, 0.0926, 0.0264, 0.0601, 0.0894, 0.646], [0.0767, 0.0482, 0.0529, 0.0487, 0.0306, 0.0739, 0.6691], [0.0509, 0.0411, 0.07, 0.0214, 0.0545, 0.0453, 0.7168], [0.0823, 0.064, 0.0699, 0.0664, 0.0647, 0.0808, 0.5718], [0.0326, 0.0405, 0.0676, 0.0261, 0.0422, 0.0428, 0.7483], [0.0596, 0.0531, 0.0249, 0.0494, 0.05, 0.082, 0.6809], [0.0214, 0.0146, 0.0193, 0.035, 0.0181, 0.0752, 0.8163], [0.036, 0.0141, 0.0844, 0.0329, 0.0484, 0.0147, 0.7695], [0.0422, 0.0547, 0.054, 0.0623, 0.0764, 0.0151, 0.6953], [0.0405, 0.0636, 0.0188, 0.0349, 0.015, 0.071, 0.756], [0.0169, 0.0758, 0.0538, 0.0529, 0.0803, 0.0379, 0.6823], [0.0131, 0.0777, 0.0177, 0.0447, 0.0321, 0.0467, 0.768], [0.0625, 0.0688, 0.0486, 0.092, 0.0216, 0.084, 0.6225], [0.0613, 0.0188, 0.0251, 0.0979, 0.0505, 0.0296, 0.7169], [0.038, 0.0454, 0.0286, 0.0186, 0.0491, 0.0553, 0.7651], [0.0201, 0.038, 0.0281, 0.0568, 0.0582, 0.0138, 0.785], [0.0476, 0.0487, 0.023, 0.0463, 0.0149, 0.0357, 0.7838], [0.0181, 0.084, 0.0379, 0.0307, 0.0319, 0.0947, 0.7028], [0.08, 0.0533, 0.0287, 0.0207, 0.0577, 0.0223, 0.7373], [0.0196, 0.0726, 0.0517, 0.0676, 0.0165, 0.043, 0.7291], [0.0544, 0.0529, 0.0219, 0.0257, 0.0138, 0.064, 0.7673], [0.0265, 0.0234, 0.0305, 0.0568, 0.0489, 0.0867, 0.7272], [0.043, 0.0432, 0.0117, 0.0641, 0.0515, 0.0641, 0.7223], [0.0681, 0.0485, 0.0133, 0.0714, 0.0286, 0.0519, 0.7182], [0.018, 0.0554, 0.0492, 0.0559, 0.0427, 0.0218, 0.757], [0.0152, 0.0653, 0.0652, 0.0461, 0.0367, 0.0742, 0.6973], [0.033, 0.0703, 0.0373, 0.0124, 0.0535, 0.0675, 0.726], [0.069, 0.0589, 0.0197, 0.0383, 0.018, 0.0277, 0.7684], [0.0313, 0.0479, 0.0827, 0.0376, 0.0232, 0.0518, 0.7255], [0.0508, 0.0734, 0.0445, 0.0662, 0.0592, 0.065, 0.6409], [0.0305, 0.0794, 0.0427, 0.079, 0.0733, 0.081, 0.6142], [0.0351, 0.0395, 0.0371, 0.0735, 0.0653, 0.0251, 0.7244], [0.0394, 0.0656, 0.0533, 0.0185, 0.0621, 0.0502, 0.7109], [0.0685, 0.0208, 0.0384, 0.0401, 0.0212, 0.0124, 0.7985], [0.0342, 0.0345, 0.0762, 0.0486, 0.08, 0.0379, 0.6886], [0.0543, 0.0773, 0.023, 0.0737, 0.0228, 0.0349, 0.714], [0.0461, 0.0176, 0.0293, 0.0184, 0.0364, 0.0616, 0.7905], [0.0255, 0.0756, 0.0679, 0.0814, 0.0138, 0.0285, 0.7073], [0.0908, 0.0348, 0.0225, 0.0784, 0.0284, 0.0504, 0.6946], [0.0724, 0.0313, 0.0214, 0.0221, 0.0642, 0.0669, 0.7216], [0.047, 0.0684, 0.0629, 0.0232, 0.0553, 0.0651, 0.6782], [0.0833, 0.0199, 0.0706, 0.0206, 0.0844, 0.0666, 0.6547], [0.024, 0.0552, 0.0177, 0.0933, 0.0285, 0.1019, 0.6794], [0.0242, 0.069, 0.0433, 0.0721, 0.082, 0.0606, 0.6486], [0.0826, 0.0758, 0.0585, 0.0636, 0.0718, 0.0812, 0.5665], [0.0849, 0.0494, 0.0304, 0.082, 0.082, 0.0839, 0.5874], [0.0124, 0.0781, 0.0807, 0.0644, 0.0681, 0.0552, 0.6411], [0.0428, 0.0449, 0.068, 0.0477, 0.038, 0.0411, 0.7175], [0.0396, 0.0542, 0.0672, 0.0456, 0.013, 0.0562, 0.7242], [0.0792, 0.0774, 0.0152, 0.0722, 0.0619, 0.0703, 0.6238], [0.0282, 0.043, 0.0713, 0.0462, 0.0704, 0.0162, 0.7247], [0.0564, 0.0774, 0.0496, 0.016, 0.0622, 0.0666, 0.6717], [0.0452, 0.0129, 0.0384, 0.0414, 0.0387, 0.0727, 0.7507], [0.0366, 0.015, 0.062, 0.0767, 0.0636, 0.014, 0.7322], [0.0627, 0.0423, 0.0319, 0.0128, 0.0431, 0.0513, 0.7558], [0.0695, 0.0571, 0.0393, 0.0224, 0.0567, 0.0447, 0.7104], [0.0371, 0.0587, 0.0189, 0.0529, 0.0483, 0.0374, 0.7466], [0.0835, 0.0194, 0.0303, 0.0999, 0.0939, 0.0164, 0.6567], [0.0489, 0.0289, 0.0722, 0.0273, 0.0494, 0.0344, 0.7387], [0.0277, 0.0342, 0.0875, 0.062, 0.0421, 0.0467, 0.6998]], "emotions": ["purple", "purple", "purple", "purple", "purple", "purple", "purple", "purple", "purple", "purple", "purple", "purple", "purple", "purple", "purple", "purple", "purple", "purple", "purple", "purple", "purple", "purple", "purple", "purple", "purple", "purple", "purple", "purple", "purple", "purple", "purple", "purple", "purple", "purple", "purple", "purple", "purple", "purple", "purple", "purple", "purple", "purple", "purple", "purple", "purple", "purple", "purple", "purple", "purple", "purple", "purple", "purple", "purple", "purple", "purple", "purple", "purple", "purple", "purple", "purple", "purple", "purple", "purple", "purple", "purple", "purple", "purple", "purple", "purple", "purple", "purple", "purple", "purple", "purple", "purple", "purple", "purple", "purple", "purple", "purple"], "timestamps": [0, 40, 80, 120, 160, 200, 240, 280, 320, 360, 400, 440, 480, 520, 560, 600, 640, 680, 720, 760, 800, 840, 880, 920, 960, 1000, 1040, 1080, 1120, 1160, 1200, 1240, 1280, 1320, 1360, 1400, 1440, 1480, 1520, 1560, 1600, 1640, 1680, 1720, 1760, 1800, 1840, 1880, 1920, 1960, 2000, 2040, 2080, 2120, 2160, 2200, 2240, 2280, 2320, 2360, 2400, 2440, 2480, 2520, 2560, 2600, 2640, 2680, 2720, 2760, 2800, 2840, 2880, 2920, 2960, 3000, 3040, 3080, 3120, 3160]}], "conversation": [], "conversation_timestamps": []}