{"agent_id": "agent-green-1992", "type": "green", "trips": [{"trip_id": 0, "transport_method": "foot", "start_time": 0, "path": [[1.5173018, 42.5006789], [1.5173947, 42.5007163], [1.5174398, 42.5008001], [1.5174507, 42.5009013], [1.5174678, 42.5009951], [1.5175573, 42.5010434], [1.5176465, 42.5010923], [1.517742, 42.5011238], [1.5178377, 42.5010982], [1.517929, 42.5010567], [1.5180267, 42.5010281], [1.5181268, 42.5010131], [1.5182283, 42.5010058], [1.5183297, 42.5009985], [1.5184312, 42.5009912], [1.5185327, 42.500984], [1.5186342, 42.5009767], [1.5187357, 42.5009694], [1.5188372, 42.5009621], [1.5189386, 42.5009585], [1.5190378, 42.5009793], [1.5191335, 42.5010138], [1.5192298, 42.5010467], [1.5193256, 42.5010808], [1.5194208, 42.5011167], [1.5195116, 42.5011626], [1.5196022, 42.501209], [1.5196916, 42.501257], [1.5197635, 42.501329], [1.5198354, 42.5014011], [1.519887, 42.5014842], [1.5198746, 42.5015843], [1.519857, 42.5016846], [1.5198395, 42.5017848], [1.5198711, 42.5018791], [1.5199099, 42.5019728], [1.5199242, 42.5020735], [1.5199484, 42.5021722], [1.5199814, 42.5022682], [1.5200276, 42.5023588], [1.5200827, 42.5024443], [1.5201386, 42.5025294], [1.5201945, 42.5026144], [1.5202504, 42.5026994], [1.5203016, 42.5027842], [1.5202401, 42.5028653], [1.5201787, 42.5029464], [1.5201172, 42.5030276], [1.5200558, 42.5031087], [1.5199944, 42.5031898], [1.5199329, 42.5032709], [1.5198715, 42.503352], [1.51981, 42.5034331], [1.5197486, 42.5035142], [1.5196871, 42.5035953], [1.5196417, 42.5036844], [1.5196144, 42.5037824], [1.519615, 42.5038717], [1.5196933, 42.5039366], [1.5197717, 42.5040015], [1.5198501, 42.5040664], [1.5199285, 42.5041313], [1.5200068, 42.5041962], [1.5200852, 42.5042611], [1.5201636, 42.504326], [1.5201031, 42.5043416], [1.5201066, 42.504363], [1.5202006, 42.5044021], [1.5202946, 42.5044411], [1.5203885, 42.5044802], [1.5204852, 42.5045108], [1.5205776, 42.5045532], [1.5206701, 42.5045956], [1.5207626, 42.5046381], [1.5208551, 42.5046805], [1.5209476, 42.5047229], [1.5210401, 42.5047654], [1.5211326, 42.5048078], [1.5212258, 42.5048484], [1.5213177, 42.5048922]], "mood_vectors": [[0.0414, 0.0503, 0.075, 0.0451, 0.0343, 0.0374, 0.7164], [0.0411, 0.0214, 0.0414, 0.0137, 0.0294, 0.0626, 0.7905], [0.0625, 0.045, 0.0829, 0.035, 0.052, 0.0389, 0.6837], [0.0546, 0.0722, 0.0321, 0.014, 0.083, 0.0847, 0.6595], [0.0835, 0.0262, 0.0715, 0.021, 0.0658, 0.019, 0.7129], [0.0867, 0.0527, 0.0435, 0.0696, 0.0599, 0.0336, 0.6541], [0.0901, 0.0375, 0.0217, 0.0182, 0.0399, 0.0872, 0.7053], [0.0215, 0.0715, 0.0555, 0.0367, 0.0256, 0.0408, 0.7484], [0.0329, 0.0737, 0.0232, 0.0557, 0.0237, 0.0145, 0.7763], [0.0848, 0.0188, 0.0657, 0.0547, 0.0898, 0.0752, 0.611], [0.0348, 0.0411, 0.0579, 0.0689, 0.0334, 0.0461, 0.7177], [0.0498, 0.0907, 0.0544, 0.0889, 0.0389, 0.0477, 0.6297], [0.0431, 0.0504, 0.0573, 0.0359, 0.0186, 0.0773, 0.7175], [0.045, 0.088, 0.0296, 0.0717, 0.0269, 0.0626, 0.6761], [0.0746, 0.0308, 0.0611, 0.0154, 0.0417, 0.0759, 0.7004], [0.0833, 0.0179, 0.0867, 0.0203, 0.0589, 0.0214, 0.7115], [0.0942, 0.0204, 0.0195, 0.0716, 0.0848, 0.0824, 0.6273], [0.0487, 0.0476, 0.0435, 0.0369, 0.0214, 0.0456, 0.7564], [0.0415, 0.0754, 0.0142, 0.0749, 0.0513, 0.0705, 0.6723], [0.0586, 0.0261, 0.0584, 0.0433, 0.0158, 0.0471, 0.7508], [0.0714, 0.0148, 0.056, 0.0486, 0.0637, 0.0757, 0.6698], [0.0598, 0.0748, 0.0723, 0.0615, 0.0264, 0.0545, 0.6507], [0.0143, 0.0676, 0.0414, 0.0469, 0.04, 0.0132, 0.7766], [0.0549, 0.0502, 0.0523, 0.0551, 0.0797, 0.0625, 0.6454], [0.0659, 0.0267, 0.0254, 0.0308, 0.0697, 0.0634, 0.7181], [0.0415, 0.0405, 0.0534, 0.0378, 0.0843, 0.0647, 0.6779], [0.0399, 0.0974, 0.0423, 0.0482, 0.0455, 0.0741, 0.6527], [0.0676, 0.0117, 0.0332, 0.0317, 0.0432, 0.0587, 0.7539], [0.0691, 0.0659, 0.0832, 0.0891, 0.0583, 0.0361, 0.5983], [0.0168, 0.0517, 0.0419, 0.0337, 0.0187, 0.0195, 0.8176], [0.0385, 0.0528, 0.0312, 0.0464, 0.0779, 0.0481, 0.7051], [0.0374, 0.0133, 0.0746, 0.0444, 0.0585, 0.0385, 0.7333], [0.0363, 0.0251, 0.0825, 0.0451, 0.0153, 0.0465, 0.7492], [0.077, 0.0294, 0.032, 0.0671, 0.0187, 0.0369, 0.7389], [0.0698, 0.065, 0.072, 0.0562, 0.0777, 0.0272, 0.632], [0.0809, 0.089, 0.0226, 0.0575, 0.0879, 0.032, 0.63], [0.0589, 0.0433, 0.0632, 0.033, 0.0556, 0.0123, 0.7337], [0.0701, 0.0284, 0.0561, 0.0298, 0.0335, 0.0812, 0.7009], [0.0383, 0.0531, 0.0294, 0.0434, 0.0683, 0.066, 0.7015], [0.0292, 0.05, 0.069, 0.0232, 0.0477, 0.0573, 0.7235], [0.0408, 0.0347, 0.0124, 0.0399, 0.0569, 0.0676, 0.7476], [0.0489, 0.0259, 0.068, 0.0434, 0.0154, 0.0475, 0.7508], [0.0821, 0.057, 0.0437, 0.072, 0.0506, 0.0442, 0.6503], [0.0407, 0.0299, 0.0644, 0.0281, 0.0551, 0.0424, 0.7394], [0.0162, 0.0675, 0.072, 0.0605, 0.0518, 0.0537, 0.6783], [0.0696, 0.0372, 0.0616, 0.0561, 0.0818, 0.0721, 0.6215], [0.0227, 0.0861, 0.0744, 0.0393, 0.0826, 0.0545, 0.6405], [0.0261, 0.0632, 0.0303, 0.0414, 0.0258, 0.0667, 0.7466], [0.0774, 0.065, 0.0432, 0.0159, 0.032, 0.0647, 0.7018], [0.0743, 0.0331, 0.0301, 0.055, 0.0807, 0.043, 0.6838], [0.0559, 0.0224, 0.0363, 0.063, 0.026, 0.048, 0.7485], [0.0725, 0.0696, 0.0189, 0.0608, 0.0583, 0.0406, 0.6792], [0.0771, 0.0734, 0.0285, 0.0767, 0.0844, 0.0394, 0.6206], [0.0159, 0.059, 0.0165, 0.0375, 0.0403, 0.0606, 0.7702], [0.0294, 0.0636, 0.0926, 0.0519, 0.0627, 0.0421, 0.6576], [0.0469, 0.0704, 0.0328, 0.0281, 0.0673, 0.0728, 0.6817], [0.0513, 0.0297, 0.0276, 0.0865, 0.0195, 0.0315, 0.7538], [0.0971, 0.0395, 0.0324, 0.0541, 0.0346, 0.0536, 0.6888], [0.0473, 0.0718, 0.0354, 0.0482, 0.0637, 0.0278, 0.7057], [0.0133, 0.0586, 0.019, 0.0614, 0.0492, 0.0364, 0.7621], [0.0815, 0.0156, 0.0315, 0.0415, 0.0625, 0.0442, 0.7232], [0.0152, 0.0535, 0.0514, 0.0454, 0.0793, 0.0515, 0.7037], [0.0829, 0.0247, 0.0436, 0.0739, 0.0215, 0.0181, 0.7352], [0.0332, 0.0491, 0.0591, 0.079, 0.0589, 0.0133, 0.7073], [0.0507, 0.0817, 0.0542, 0.0486, 0.0706, 0.0268, 0.6673], [0.0384, 0.0876, 0.0829, 0.0246, 0.0444, 0.0447, 0.6773], [0.0352, 0.0401, 0.0306, 0.0703, 0.0623, 0.0134, 0.7483], [0.0967, 0.0643, 0.0469, 0.0212, 0.0588, 0.0593, 0.6527], [0.0642, 0.0407, 0.0383, 0.0765, 0.0684, 0.0672, 0.6446], [0.0327, 0.0691, 0.0194, 0.0218, 0.0519, 0.0721, 0.7331], [0.0595, 0.0206, 0.0869, 0.0146, 0.0829, 0.0447, 0.6907], [0.0634, 0.0323, 0.0651, 0.0352, 0.0225, 0.058, 0.7236], [0.0691, 0.0389, 0.0735, 0.0463, 0.0164, 0.0912, 0.6644], [0.019, 0.0225, 0.044, 0.0888, 0.0272, 0.0809, 0.7176], [0.051, 0.0264, 0.0208, 0.0543, 0.0563, 0.0338, 0.7574], [0.0805, 0.0163, 0.031, 0.0619, 0.0354, 0.0737, 0.7013], [0.0504, 0.0731, 0.0807, 0.0443, 0.0827, 0.0709, 0.5979], [0.0434, 0.0475, 0.0133, 0.0546, 0.0419, 0.0419, 0.7573], [0.0328, 0.0342, 0.0498, 0.0524, 0.0716, 0.0417, 0.7174], [0.0583, 0.0155, 0.0573, 0.0354, 0.0713, 0.0689, 0.6933]], "emotions": ["purple", "purple", "purple", "purple", "purple", "purple", "purple", "purple", "purple", "purple", "purple", "purple", "purple", "purple", "purple", "purple", "purple", "purple", "purple", "purple", "purple", "purple", "purple", "purple", "purple", "purple", "purple", "purple", "purple", "purple", "purple", "purple", "purple", "purple", "purple", "purple", "purple", "purple", "purple", "purple", "purple", "purple", "purple", "purple", "purple", "purple", "purple", "purple", "purple", "purple", "purple", "purple", "purple", "purple", "purple", "purple", "purple", "purple", "purple", "purple", "purple", "purple", "purple", "purple", "purple", "purple", "purple", "purple", "purple", "purple", "purple", "purple", "purple", "purple", "purple", "purple", "purple", "purple", "purple", "purple"], "timestamps": [0, 40, 80, 120, 160, 200, 240, 280, 320, 360, 400, 440, 480, 520, 560, 600, 640, 680, 720, 760, 800, 840, 880, 920, 960, 1000, 1040, 1080, 1120, 1160, 1200, 1240, 1280, 1320, 1360, 1400, 1440, 1480, 1520, 1560, 1600, 1640, 1680, 1720, 1760, 1800, 1840, 1880, 1920, 1960, 2000, 2040, 2080, 2120, 2160, 2200, 2240, 2280, 2320, 2360, 2400, 2440, 2480, 2520, 2560, 2600, 2640, 2680, 2720, 2760, 2800, 2840, 2880, 2920, 2960, 3000, 3040, 3080, 3120, 3160]}], "conversation": [], "conversation_timestamps": []}