{"agent_id": "agent-red-111", "type": "red", "trips": [{"trip_id": 0, "transport_method": "bicycle", "start_time": 0, "path": [[1.5379732, 42.5106507], [1.5369345, 42.5107146], [1.5358525, 42.5105806], [1.5348677, 42.5107966], [1.5338981, 42.5102909], [1.5328663, 42.509979], [1.5318161, 42.5097547], [1.530791, 42.5093743], [1.5297551, 42.509106], [1.5288666, 42.5087481], [1.5279643, 42.5081389], [1.5273613, 42.5072947], [1.5262739, 42.5072024], [1.5251898, 42.5070611], [1.5241474, 42.5068757], [1.5230847, 42.506621], [1.5220302, 42.5063369], [1.5209992, 42.5059736], [1.521581, 42.5061882], [1.5208784, 42.5059603], [1.5198251, 42.5056702], [1.5187525, 42.5054659], [1.5184005, 42.5054316], [1.5173202, 42.5053483], [1.5176082, 42.5053512], [1.5165427, 42.5051406], [1.515626, 42.5045717], [1.5148124, 42.503841], [1.5139989, 42.5031102], [1.5132898, 42.5022846], [1.5126643, 42.5013925], [1.5120075, 42.5005181], [1.5113393, 42.4996526], [1.5106602, 42.4987954], [1.5098491, 42.4980864], [1.5088697, 42.4976001], [1.5078814, 42.4971325], [1.5068557, 42.4967534], [1.5058231, 42.4963934], [1.5047976, 42.4960194], [1.5038202, 42.4955359], [1.502795, 42.4951608], [1.5018093, 42.4946873], [1.5008183, 42.494225], [1.500096, 42.493468], [1.4992159, 42.4928219], [1.4982479, 42.4923134], [1.4973026, 42.4917645], [1.4964116, 42.491134], [1.4962333, 42.4900791], [1.4955764, 42.489217], [1.4948713, 42.4883812], [1.4947138, 42.4873457], [1.4944748, 42.4863098], [1.4936758, 42.4855689], [1.4927542, 42.4849949], [1.4917462, 42.4847241], [1.4909719, 42.4840721], [1.4904656, 42.4831127], [1.4899011, 42.4821763], [1.4894982, 42.4811711], [1.489378, 42.4800843], [1.4895955, 42.4790288], [1.4901733, 42.4781005], [1.4906293, 42.4771098], [1.4908012, 42.4761176], [1.4908438, 42.475032], [1.4905261, 42.4739939], [1.4906688, 42.4729253], [1.4911773, 42.4719574], [1.4916932, 42.4709932], [1.4920389, 42.4699635], [1.4918745, 42.468896], [1.4915713, 42.467848], [1.4919476, 42.4669605], [1.4927751, 42.4662662], [1.4938177, 42.4659996], [1.494737, 42.465501], [1.4952936, 42.4645911], [1.4962066, 42.4640351]], "mood_vectors": [[0.7723, 0.0191, 0.0238, 0.0654, 0.0146, 0.046, 0.0588], [0.7483, 0.0679, 0.0156, 0.0167, 0.0359, 0.0312, 0.0845], [0.7132, 0.0356, 0.0408, 0.0518, 0.0461, 0.0731, 0.0394], [0.6469, 0.0723, 0.0829, 0.0693, 0.0866, 0.0263, 0.0155], [0.7529, 0.0616, 0.0375, 0.0226, 0.0486, 0.0441, 0.0326], [0.7398, 0.0518, 0.0225, 0.0414, 0.0204, 0.0572, 0.0669], [0.7405, 0.0463, 0.0212, 0.037, 0.0733, 0.047, 0.0347], [0.7041, 0.042, 0.0202, 0.0616, 0.0635, 0.0484, 0.0601], [0.6458, 0.087, 0.0333, 0.062, 0.0453, 0.0702, 0.0564], [0.6928, 0.0183, 0.0583, 0.0375, 0.0797, 0.058, 0.0555], [0.7094, 0.0724, 0.0294, 0.0196, 0.0369, 0.0571, 0.0751], [0.6882, 0.0527, 0.0152, 0.0713, 0.0871, 0.0553, 0.0302], [0.7327, 0.0788, 0.0191, 0.0239, 0.0561, 0.0614, 0.028], [0.799, 0.0298, 0.04, 0.0485, 0.0203, 0.0154, 0.0469], [0.7159, 0.0596, 0.0363, 0.05, 0.0752, 0.0348, 0.0282], [0.8083, 0.0292, 0.0131, 0.0339, 0.0142, 0.0634, 0.038], [0.6783, 0.0338, 0.0569, 0.0776, 0.0117, 0.0798, 0.0618], [0.7987, 0.0239, 0.0615, 0.0227, 0.0209, 0.0371, 0.0351], [0.7327, 0.0619, 0.0681, 0.0271, 0.0136, 0.0307, 0.0659], [0.6793, 0.0563, 0.0345, 0.0797, 0.0736, 0.027, 0.0497], [0.7572, 0.0376, 0.0604, 0.0197, 0.0161, 0.0776, 0.0314], [0.7421, 0.0519, 0.0366, 0.0291, 0.0537, 0.0446, 0.042], [0.7241, 0.0339, 0.0677, 0.032, 0.0387, 0.0849, 0.0187], [0.6214, 0.0536, 0.069, 0.0391, 0.0865, 0.0926, 0.0378], [0.695, 0.0447, 0.0523, 0.0546, 0.0457, 0.0562, 0.0516], [0.6921, 0.0187, 0.0657, 0.0823, 0.0188, 0.0463, 0.0761], [0.7046, 0.0685, 0.0523, 0.0553, 0.0259, 0.0555, 0.038], [0.7612, 0.05, 0.0251, 0.0411, 0.0309, 0.0403, 0.0515], [0.66, 0.0748, 0.0679, 0.0501, 0.0192, 0.0568, 0.0712], [0.669, 0.0409, 0.0693, 0.0686, 0.0722, 0.0452, 0.0348], [0.7069, 0.0181, 0.0345, 0.0317, 0.0677, 0.0785, 0.0626], [0.7877, 0.0178, 0.0197, 0.0889, 0.0161, 0.021, 0.0488], [0.7395, 0.0414, 0.0223, 0.0676, 0.0588, 0.0328, 0.0376], [0.706, 0.0395, 0.0566, 0.0402, 0.0686, 0.0243, 0.0647], [0.7383, 0.0145, 0.0219, 0.0468, 0.0617, 0.0603, 0.0565], [0.7288, 0.0465, 0.032, 0.0395, 0.0185, 0.0721, 0.0625], [0.737, 0.0198, 0.0582, 0.0298, 0.0573, 0.0749, 0.0231], [0.6873, 0.0482, 0.0388, 0.0409, 0.0372, 0.0691, 0.0785], [0.7239, 0.0395, 0.0623, 0.0429, 0.0386, 0.0584, 0.0344], [0.6302, 0.0797, 0.0349, 0.0685, 0.0155, 0.0896, 0.0816], [0.6677, 0.0491, 0.0384, 0.0535, 0.0742, 0.0687, 0.0485], [0.712, 0.0261, 0.0526, 0.064, 0.0564, 0.0184, 0.0705], [0.8034, 0.0261, 0.0176, 0.0595, 0.0136, 0.0165, 0.0633], [0.7467, 0.0395, 0.0196, 0.0894, 0.0541, 0.035, 0.0157], [0.6473, 0.0425, 0.0729, 0.0262, 0.0667, 0.0659, 0.0786], [0.7552, 0.0412, 0.0408, 0.0323, 0.0528, 0.0544, 0.0232], [0.705, 0.0548, 0.0162, 0.0252, 0.0838, 0.0485, 0.0665], [0.6998, 0.064, 0.0252, 0.0739, 0.0507, 0.0452, 0.0411], [0.7479, 0.06, 0.0324, 0.0186, 0.0729, 0.0232, 0.045], [0.6985, 0.076, 0.0675, 0.0658, 0.0393, 0.0117, 0.0412], [0.7959, 0.0588, 0.0212, 0.0123, 0.0448, 0.0476, 0.0194], [0.7555, 0.0601, 0.0262, 0.0326, 0.0336, 0.0278, 0.064], [0.737, 0.0448, 0.0396, 0.056, 0.069, 0.0341, 0.0195], [0.7319, 0.059, 0.039, 0.022, 0.0678, 0.0314, 0.0488], [0.7027, 0.0437, 0.0678, 0.0367, 0.0686, 0.0395, 0.0411], [0.7477, 0.0299, 0.0291, 0.0347, 0.0461, 0.0552, 0.0574], [0.7108, 0.0612, 0.0153, 0.0352, 0.064, 0.0723, 0.0412], [0.7263, 0.0618, 0.0119, 0.0314, 0.0734, 0.0693, 0.0259], [0.6267, 0.0576, 0.0807, 0.065, 0.0511, 0.0576, 0.0612], [0.6413, 0.0497, 0.0697, 0.0701, 0.0822, 0.0723, 0.0147], [0.6789, 0.0657, 0.0795, 0.0552, 0.064, 0.0279, 0.0286], [0.7113, 0.0559, 0.0629, 0.0457, 0.0209, 0.0178, 0.0855], [0.7071, 0.0253, 0.0142, 0.0682, 0.0732, 0.0406, 0.0715], [0.7123, 0.0709, 0.033, 0.0344, 0.0563, 0.0467, 0.0464], [0.667, 0.0396, 0.0771, 0.048, 0.0808, 0.0627, 0.0247], [0.6281, 0.0576, 0.0658, 0.0593, 0.0786, 0.042, 0.0686], [0.7359, 0.0779, 0.0307, 0.0313, 0.044, 0.03, 0.0502], [0.7312, 0.0583, 0.014, 0.0213, 0.0738, 0.0771, 0.0243], [0.7075, 0.0158, 0.0216, 0.0252, 0.0465, 0.0952, 0.0882], [0.6512, 0.0836, 0.0706, 0.0141, 0.0787, 0.0496, 0.0521], [0.6625, 0.0556, 0.0245, 0.0526, 0.0651, 0.0713, 0.0684], [0.7676, 0.032, 0.0208, 0.0348, 0.044, 0.0575, 0.0434], [0.7217, 0.0788, 0.0619, 0.0154, 0.0369, 0.0265, 0.0587], [0.7529, 0.0415, 0.0246, 0.0117, 0.0236, 0.0726, 0.0731], [0.721, 0.0844, 0.0862, 0.0143, 0.0603, 0.0198, 0.014], [0.6839, 0.0226, 0.0539, 0.0422, 0.0425, 0.0897, 0.0651], [0.7005, 0.0399, 0.0676, 0.0391, 0.0751, 0.0148, 0.063], [0.6669, 0.0387, 0.0405, 0.0895, 0.0419, 0.0494, 0.073], [0.67, 0.0615, 0.0488, 0.0557, 0.0802, 0.0483, 0.0356], [0.6941, 0.0212, 0.0687, 0.0592, 0.077, 0.0285, 0.0513]], "emotions": ["red", "red", "red", "red", "red", "red", "red", "red", "red", "red", "red", "red", "red", "red", "red", "red", "red", "red", "red", "red", "red", "red", "red", "red", "red", "red", "red", "red", "red", "red", "red", "red", "red", "red", "red", "red", "red", "red", "red", "red", "red", "red", "red", "red", "red", "red", "red", "red", "red", "red", "red", "red", "red", "red", "red", "red", "red", "red", "red", "red", "red", "red", "red", "red", "red", "red", "red", "red", "red", "red", "red", "red", "red", "red", "red", "red", "red", "red", "red", "red"], "timestamps": [0, 40, 80, 120, 160, 200, 240, 280, 320, 360, 400, 440, 480, 520, 560, 600, 640, 680, 720, 760, 800, 840, 880, 920, 960, 1000, 1040, 1080, 1120, 1160, 1200, 1240, 1280, 1320, 1360, 1400, 1440, 1480, 1520, 1560, 1600, 1640, 1680, 1720, 1760, 1800, 1840, 1880, 1920, 1960, 2000, 2040, 2080, 2120, 2160, 2200, 2240, 2280, 2320, 2360, 2400, 2440, 2480, 2520, 2560, 2600, 2640, 2680, 2720, 2760, 2800, 2840, 2880, 2920, 2960, 3000, 3040, 3080, 3120, 3160]}], "conversation": [], "conversation_timestamps": []}