{"agent_id": "agent-blue-30", "type": "blue", "trips": [{"trip_id": 0, "transport_method": "foot", "start_time": 0, "path": [[1.5373167, 42.5073357], [1.5378597, 42.5077659], [1.5387105, 42.5077865], [1.5395581, 42.5077789], [1.5403874, 42.5079591], [1.5410912, 42.5082597], [1.5416251, 42.5082509], [1.541409, 42.508301], [1.542258, 42.5084113], [1.5428434, 42.5089289], [1.5436802, 42.5090938], [1.5444966, 42.5093081], [1.545351, 42.5093595], [1.5461464, 42.5096731], [1.5453907, 42.509368], [1.5461698, 42.5097228], [1.5463445, 42.5102749], [1.5466868, 42.5110076], [1.5474968, 42.5112737], [1.5483278, 42.511479], [1.5491595, 42.5116817], [1.5495691, 42.5117931], [1.5502433, 42.5120686], [1.5500662, 42.5119989], [1.5508169, 42.5123982], [1.5514694, 42.5129525], [1.55111, 42.5126771], [1.5514521, 42.512898], [1.5521736, 42.5133491], [1.5524823, 42.5135613], [1.5527276, 42.514124], [1.5528001, 42.5149618], [1.5532821, 42.5156659], [1.5535499, 42.5164763], [1.5539871, 42.5172081], [1.5546375, 42.5177566], [1.5553651, 42.5181939], [1.5560716, 42.5185393], [1.5566304, 42.5191827], [1.5571518, 42.5198021], [1.5577486, 42.5204158], [1.5583684, 42.5210062], [1.5590154, 42.5215665], [1.5597311, 42.5220269], [1.5594225, 42.5218939], [1.5601099, 42.522402], [1.5608601, 42.5228039], [1.5615531, 42.5233061], [1.5621462, 42.5239189], [1.5627504, 42.5245157], [1.5635505, 42.5248122], [1.5643078, 42.5251873], [1.5651364, 42.525362], [1.5659229, 42.5256981], [1.5666428, 42.526156], [1.5673171, 42.5266835], [1.5680231, 42.5271641], [1.5687915, 42.5275367], [1.5695006, 42.5280006], [1.5702159, 42.528471], [1.5709254, 42.5289482], [1.5715471, 42.529532], [1.572183, 42.5300928], [1.5726701, 42.5307957], [1.5732445, 42.53143], [1.5738668, 42.5320148], [1.5745986, 42.5323282], [1.5754294, 42.5325196], [1.5762483, 42.5326935], [1.5770968, 42.5328072], [1.5779377, 42.5329567], [1.5787717, 42.5331014], [1.5795822, 42.5333714], [1.5803185, 42.5337883], [1.5811346, 42.5339316], [1.5819032, 42.5343062], [1.5824752, 42.5349207], [1.5832025, 42.5351654], [1.5840158, 42.5350025], [1.5848356, 42.5352365]], "mood_vectors": [[0.0248, 0.0209, 0.0536, 0.7539, 0.0158, 0.0513, 0.0797], [0.0458, 0.0243, 0.0132, 0.7431, 0.0334, 0.0752, 0.065], [0.0788, 0.0957, 0.0228, 0.5771, 0.08, 0.0929, 0.0526], [0.0292, 0.0283, 0.0152, 0.7636, 0.0683, 0.0638, 0.0317], [0.084, 0.0275, 0.0244, 0.7799, 0.0143, 0.04, 0.0299], [0.0597, 0.02, 0.0582, 0.725, 0.0581, 0.0485, 0.0305], [0.0777, 0.0517, 0.028, 0.7191, 0.0302, 0.0282, 0.0651], [0.0227, 0.0947, 0.0554, 0.6096, 0.055, 0.0856, 0.0771], [0.0957, 0.0253, 0.0938, 0.6579, 0.0443, 0.0595, 0.0235], [0.0188, 0.0512, 0.0191, 0.7693, 0.0486, 0.0752, 0.0178], [0.0529, 0.0427, 0.0691, 0.6816, 0.0578, 0.0525, 0.0434], [0.0368, 0.0647, 0.071, 0.6983, 0.0182, 0.039, 0.0721], [0.0445, 0.0291, 0.0415, 0.7286, 0.0611, 0.0403, 0.0549], [0.1055, 0.0255, 0.0184, 0.6741, 0.0935, 0.0274, 0.0557], [0.0377, 0.0598, 0.0616, 0.6813, 0.0619, 0.0734, 0.0244], [0.0772, 0.0253, 0.0313, 0.7129, 0.0342, 0.0608, 0.0582], [0.0955, 0.0177, 0.0279, 0.674, 0.0973, 0.0496, 0.0379], [0.0761, 0.0152, 0.0201, 0.6577, 0.0786, 0.0568, 0.0954], [0.0159, 0.0936, 0.0147, 0.806, 0.0337, 0.0199, 0.0162], [0.0346, 0.0382, 0.0734, 0.7825, 0.0338, 0.0232, 0.0143], [0.0485, 0.0621, 0.0766, 0.7182, 0.0188, 0.0634, 0.0125], [0.0644, 0.0349, 0.0582, 0.7188, 0.0625, 0.0193, 0.0419], [0.0642, 0.0529, 0.0493, 0.6512, 0.0631, 0.064, 0.0554], [0.0459, 0.0583, 0.0302, 0.6544, 0.0724, 0.0719, 0.0669], [0.0471, 0.0309, 0.03, 0.658, 0.0793, 0.0716, 0.083], [0.0756, 0.0369, 0.0254, 0.6514, 0.089, 0.0995, 0.0221], [0.0721, 0.0333, 0.057, 0.7255, 0.0369, 0.0293, 0.0459], [0.0876, 0.0369, 0.0883, 0.6617, 0.0331, 0.0786, 0.0139], [0.0417, 0.0345, 0.0493, 0.6726, 0.0415, 0.0944, 0.0658], [0.0665, 0.0774, 0.0915, 0.6969, 0.028, 0.0196, 0.02], [0.0658, 0.0557, 0.0613, 0.7143, 0.0443, 0.0162, 0.0423], [0.0632, 0.0525, 0.0589, 0.6318, 0.0876, 0.0244, 0.0816], [0.051, 0.0488, 0.0173, 0.7962, 0.0359, 0.0221, 0.0288], [0.0649, 0.029, 0.0386, 0.7274, 0.0314, 0.0938, 0.0149], [0.0231, 0.0185, 0.0665, 0.7548, 0.0509, 0.0354, 0.0507], [0.0695, 0.05, 0.0599, 0.7245, 0.0322, 0.0116, 0.0523], [0.0297, 0.0209, 0.0666, 0.7767, 0.0234, 0.0626, 0.0201], [0.0481, 0.0455, 0.0413, 0.7236, 0.0588, 0.0602, 0.0226], [0.0239, 0.0734, 0.0889, 0.6809, 0.0421, 0.0238, 0.0669], [0.0461, 0.0357, 0.0438, 0.7235, 0.0605, 0.0258, 0.0647], [0.0858, 0.0731, 0.038, 0.648, 0.0903, 0.0375, 0.0273], [0.0457, 0.087, 0.0768, 0.642, 0.0747, 0.0145, 0.0594], [0.0148, 0.0566, 0.0774, 0.6872, 0.0316, 0.0764, 0.056], [0.0283, 0.051, 0.0414, 0.7373, 0.0406, 0.0236, 0.0779], [0.0589, 0.0188, 0.0402, 0.7281, 0.0361, 0.0742, 0.0435], [0.059, 0.0376, 0.0351, 0.7882, 0.0384, 0.0216, 0.0201], [0.0795, 0.0558, 0.0431, 0.634, 0.0721, 0.0431, 0.0724], [0.065, 0.0527, 0.082, 0.6293, 0.0613, 0.0663, 0.0435], [0.0964, 0.0233, 0.0572, 0.7023, 0.0549, 0.0395, 0.0264], [0.0838, 0.0796, 0.0386, 0.6324, 0.0477, 0.0737, 0.0443], [0.0229, 0.021, 0.0792, 0.7241, 0.0347, 0.0749, 0.0433], [0.0502, 0.0229, 0.0769, 0.723, 0.03, 0.0304, 0.0666], [0.0246, 0.0805, 0.0606, 0.6465, 0.0659, 0.0641, 0.0579], [0.0551, 0.0264, 0.0259, 0.7174, 0.0631, 0.044, 0.068], [0.0567, 0.0442, 0.0283, 0.7158, 0.0448, 0.0738, 0.0364], [0.0142, 0.0778, 0.0755, 0.7004, 0.0268, 0.0252, 0.0802], [0.0662, 0.0358, 0.0779, 0.6687, 0.0828, 0.0229, 0.0457], [0.0606, 0.0463, 0.0114, 0.7601, 0.0442, 0.0178, 0.0597], [0.0389, 0.0814, 0.0261, 0.73, 0.0611, 0.0192, 0.0433], [0.0535, 0.0731, 0.0146, 0.7284, 0.03, 0.0749, 0.0255], [0.0467, 0.0206, 0.0199, 0.7452, 0.0665, 0.055, 0.0461], [0.0369, 0.0601, 0.0172, 0.7222, 0.0352, 0.0694, 0.0588], [0.0578, 0.0533, 0.0624, 0.7073, 0.0458, 0.018, 0.0554], [0.0661, 0.0814, 0.0408, 0.7429, 0.0145, 0.0236, 0.0307], [0.0261, 0.0466, 0.0583, 0.6914, 0.0728, 0.0484, 0.0563], [0.0464, 0.0115, 0.0205, 0.7571, 0.0624, 0.0594, 0.0427], [0.0191, 0.0136, 0.0602, 0.7493, 0.0549, 0.0803, 0.0226], [0.0667, 0.0827, 0.0597, 0.6834, 0.033, 0.0519, 0.0227], [0.0352, 0.0274, 0.0428, 0.7366, 0.0717, 0.0742, 0.0121], [0.0599, 0.0705, 0.0741, 0.6093, 0.0435, 0.0867, 0.056], [0.0634, 0.0648, 0.0357, 0.6442, 0.0234, 0.0809, 0.0877], [0.0638, 0.0359, 0.0132, 0.7314, 0.0495, 0.0599, 0.0463], [0.0306, 0.0598, 0.0134, 0.7544, 0.0609, 0.0376, 0.0433], [0.031, 0.0763, 0.0812, 0.6412, 0.0687, 0.0784, 0.0232], [0.0676, 0.0753, 0.0795, 0.6413, 0.0416, 0.0128, 0.082], [0.0329, 0.071, 0.0695, 0.683, 0.0579, 0.0657, 0.02], [0.0598, 0.0593, 0.0541, 0.674, 0.0512, 0.0313, 0.0703], [0.0292, 0.0133, 0.0814, 0.6706, 0.0579, 0.0736, 0.074], [0.0314, 0.0249, 0.0425, 0.7305, 0.0511, 0.0422, 0.0774], [0.043, 0.0354, 0.0682, 0.6236, 0.0647, 0.0854, 0.0797]], "emotions": ["green", "green", "green", "green", "green", "green", "green", "green", "green", "green", "green", "green", "green", "green", "green", "green", "green", "green", "green", "green", "green", "green", "green", "green", "green", "green", "green", "green", "green", "green", "green", "green", "green", "green", "green", "green", "green", "green", "green", "green", "green", "green", "green", "green", "green", "green", "green", "green", "green", "green", "green", "green", "green", "green", "green", "green", "green", "green", "green", "green", "green", "green", "green", "green", "green", "green", "green", "green", "green", "green", "green", "green", "green", "green", "green", "green", "green", "green", "green", "green"], "timestamps": [0, 40, 80, 120, 160, 200, 240, 280, 320, 360, 400, 440, 480, 520, 560, 600, 640, 680, 720, 760, 800, 840, 880, 920, 960, 1000, 1040, 1080, 1120, 1160, 1200, 1240, 1280, 1320, 1360, 1400, 1440, 1480, 1520, 1560, 1600, 1640, 1680, 1720, 1760, 1800, 1840, 1880, 1920, 1960, 2000, 2040, 2080, 2120, 2160, 2200, 2240, 2280, 2320, 2360, 2400, 2440, 2480, 2520, 2560, 2600, 2640, 2680, 2720, 2760, 2800, 2840, 2880, 2920, 2960, 3000, 3040, 3080, 3120, 3160]}], "conversation": [], "conversation_timestamps": []}