{"agent_id": "agent-red-621", "type": "red", "trips": [{"trip_id": 0, "transport_method": "car", "start_time": 0, "path": [[1.5294386, 42.5063792], [1.5321495, 42.5067426], [1.5360743, 42.5077292], [1.5399571, 42.5085787], [1.543351, 42.5090048], [1.5457797, 42.5095452], [1.5486606, 42.5115566], [1.5510105, 42.5125656], [1.5524348, 42.5135328], [1.5540419, 42.5172722], [1.5571509, 42.5198011], [1.559353, 42.5218412], [1.5626061, 42.524421], [1.5664359, 42.5260007], [1.569928, 42.5282817], [1.5732848, 42.5298738], [1.576825, 42.5316838], [1.5782858, 42.5317457], [1.5824789, 42.5317043], [1.5859301, 42.5339386], [1.5893561, 42.5355682], [1.5934007, 42.536161], [1.5969713, 42.5362004], [1.6010914, 42.5368965], [1.6052448, 42.537245], [1.6089843, 42.5360589], [1.6130925, 42.536599], [1.6171901, 42.5370046], [1.6175704, 42.5362294], [1.6179909, 42.535749], [1.6221471, 42.5353938], [1.6260684, 42.5359594], [1.6242721, 42.5382436], [1.6274047, 42.5386358], [1.6265778, 42.5384389], [1.6307109, 42.5390634], [1.6348096, 42.5392824], [1.6387061, 42.5403983], [1.6426045, 42.5416145], [1.6463954, 42.5416711], [1.6500916, 42.5420844], [1.6540015, 42.5419198], [1.6579785, 42.5406636], [1.6579391, 42.5407104], [1.6578258, 42.5406878], [1.6617353, 42.5392955], [1.6659298, 42.5392551], [1.6701243, 42.5392148], [1.6692261, 42.5392655], [1.6650723, 42.5393886], [1.6627429, 42.5373713], [1.6635028, 42.5392534], [1.6676964, 42.5391575], [1.67189, 42.5390616], [1.6739726, 42.5379561], [1.6778492, 42.5393858], [1.6815585, 42.5412828], [1.6837315, 42.54379], [1.6835035, 42.5472555], [1.6815204, 42.5500937], [1.6799506, 42.5524021], [1.6830084, 42.5539847], [1.68668, 42.555379], [1.6867135, 42.5571065], [1.6891397, 42.5570136], [1.6897959, 42.5562749], [1.6927433, 42.5533038], [1.6958428, 42.5505256], [1.6985753, 42.5474221], [1.7019468, 42.5450599], [1.7060839, 42.5444318], [1.7102688, 42.544146], [1.7144604, 42.544], [1.718653, 42.5438707], [1.7228457, 42.5437554], [1.7270218, 42.5440773], [1.7309445, 42.5455302], [1.7345063, 42.5473996], [1.7349006, 42.5457022], [1.7337078, 42.5443753]], "mood_vectors": [[0.6674, 0.0942, 0.0226, 0.0509, 0.0372, 0.0363, 0.0914], [0.6945, 0.0606, 0.0594, 0.0624, 0.0432, 0.0498, 0.0301], [0.6405, 0.0827, 0.028, 0.049, 0.0803, 0.0352, 0.0843], [0.6967, 0.0436, 0.0707, 0.0429, 0.0421, 0.0661, 0.038], [0.6583, 0.071, 0.0649, 0.0203, 0.0611, 0.0479, 0.0765], [0.69, 0.0668, 0.0608, 0.0318, 0.0668, 0.0249, 0.0588], [0.7241, 0.0492, 0.0188, 0.0203, 0.0628, 0.0655, 0.0593], [0.6355, 0.0649, 0.0196, 0.0891, 0.0794, 0.0441, 0.0673], [0.7053, 0.0404, 0.0356, 0.0901, 0.0444, 0.059, 0.0252], [0.6966, 0.0739, 0.0382, 0.0611, 0.0404, 0.0206, 0.0692], [0.6498, 0.0622, 0.0624, 0.08, 0.0559, 0.0354, 0.0543], [0.7162, 0.0565, 0.0141, 0.0394, 0.0173, 0.0801, 0.0763], [0.7187, 0.0323, 0.0296, 0.0952, 0.0301, 0.0214, 0.0726], [0.7023, 0.0373, 0.0144, 0.0782, 0.026, 0.0767, 0.065], [0.6964, 0.0207, 0.0646, 0.0202, 0.087, 0.0328, 0.0784], [0.712, 0.0221, 0.0468, 0.056, 0.0721, 0.0448, 0.0461], [0.7603, 0.0116, 0.0256, 0.0629, 0.0158, 0.0644, 0.0595], [0.5964, 0.0664, 0.0652, 0.0759, 0.072, 0.0614, 0.0626], [0.7057, 0.0303, 0.0637, 0.0404, 0.0414, 0.0599, 0.0587], [0.7173, 0.0416, 0.0729, 0.0296, 0.0409, 0.0802, 0.0175], [0.6537, 0.0328, 0.081, 0.049, 0.0495, 0.0537, 0.0803], [0.7728, 0.071, 0.0368, 0.0466, 0.0377, 0.0133, 0.0219], [0.6677, 0.0432, 0.0722, 0.0583, 0.0435, 0.0684, 0.0466], [0.5988, 0.0656, 0.0535, 0.03, 0.0776, 0.0945, 0.0799], [0.7289, 0.0428, 0.0508, 0.04, 0.0786, 0.0212, 0.0377], [0.6568, 0.0624, 0.0795, 0.0356, 0.045, 0.0408, 0.0799], [0.642, 0.0681, 0.0531, 0.0445, 0.0693, 0.0493, 0.0737], [0.6074, 0.0845, 0.0658, 0.0443, 0.0792, 0.037, 0.0819], [0.7773, 0.0808, 0.0695, 0.0224, 0.0211, 0.0148, 0.0141], [0.7305, 0.0385, 0.0364, 0.0725, 0.0174, 0.0802, 0.0247], [0.7575, 0.0598, 0.0726, 0.0186, 0.0356, 0.014, 0.0419], [0.6917, 0.0156, 0.0467, 0.0484, 0.0566, 0.069, 0.0719], [0.7402, 0.0477, 0.0696, 0.0137, 0.0292, 0.0841, 0.0156], [0.6717, 0.0325, 0.0559, 0.0193, 0.0736, 0.0749, 0.0721], [0.7124, 0.0321, 0.0638, 0.039, 0.0393, 0.0501, 0.0632], [0.6509, 0.0924, 0.0592, 0.0166, 0.0522, 0.0459, 0.0828], [0.7365, 0.0139, 0.0908, 0.0331, 0.0448, 0.0156, 0.0653], [0.718, 0.0364, 0.0395, 0.0384, 0.0425, 0.0573, 0.068], [0.6642, 0.0291, 0.0964, 0.0754, 0.0758, 0.0409, 0.0181], [0.7207, 0.0475, 0.0757, 0.05, 0.0649, 0.0178, 0.0233], [0.7033, 0.0502, 0.0523, 0.0142, 0.0571, 0.0678, 0.0551], [0.7059, 0.0226, 0.0246, 0.0608, 0.0582, 0.0422, 0.0855], [0.746, 0.0616, 0.0123, 0.0761, 0.0207, 0.0512, 0.0321], [0.7939, 0.053, 0.0309, 0.0293, 0.0186, 0.0522, 0.0221], [0.6937, 0.0459, 0.0487, 0.0324, 0.0784, 0.0521, 0.0488], [0.7419, 0.0165, 0.0762, 0.0213, 0.0828, 0.0343, 0.027], [0.7396, 0.0212, 0.0329, 0.0676, 0.0594, 0.0191, 0.0602], [0.6254, 0.0931, 0.0326, 0.0647, 0.0896, 0.0766, 0.018], [0.7652, 0.0213, 0.0538, 0.05, 0.04, 0.0301, 0.0396], [0.7587, 0.0303, 0.0295, 0.0454, 0.0364, 0.0325, 0.0672], [0.7633, 0.0258, 0.04, 0.038, 0.0375, 0.052, 0.0434], [0.719, 0.0391, 0.0518, 0.0719, 0.0157, 0.0303, 0.0722], [0.6866, 0.0419, 0.0708, 0.0357, 0.0528, 0.0346, 0.0776], [0.7506, 0.0396, 0.0293, 0.0744, 0.0267, 0.0496, 0.0298], [0.7771, 0.0238, 0.0269, 0.0818, 0.0194, 0.0137, 0.0574], [0.6311, 0.0804, 0.0294, 0.0532, 0.048, 0.0619, 0.0959], [0.6876, 0.0426, 0.0227, 0.1013, 0.0612, 0.0183, 0.0662], [0.6978, 0.0564, 0.0415, 0.0135, 0.0737, 0.0716, 0.0455], [0.6948, 0.0618, 0.0748, 0.0477, 0.0312, 0.0413, 0.0482], [0.6389, 0.0262, 0.0736, 0.0673, 0.0653, 0.0556, 0.073], [0.6116, 0.0484, 0.0302, 0.0672, 0.0841, 0.0892, 0.0693], [0.7351, 0.0343, 0.0333, 0.0572, 0.0835, 0.0418, 0.0148], [0.8082, 0.0148, 0.0247, 0.0304, 0.0515, 0.0308, 0.0396], [0.6368, 0.098, 0.0351, 0.0386, 0.0529, 0.0819, 0.0566], [0.6556, 0.0555, 0.0508, 0.0508, 0.0531, 0.0673, 0.067], [0.6652, 0.085, 0.0482, 0.0755, 0.0435, 0.038, 0.0446], [0.723, 0.0154, 0.0321, 0.0795, 0.0386, 0.0881, 0.0232], [0.7109, 0.0637, 0.0441, 0.044, 0.0631, 0.0347, 0.0393], [0.6272, 0.0743, 0.0326, 0.0517, 0.0211, 0.099, 0.0942], [0.6616, 0.0379, 0.0531, 0.0803, 0.0419, 0.0765, 0.0487], [0.799, 0.0581, 0.0513, 0.0177, 0.0167, 0.0175, 0.0397], [0.6603, 0.0342, 0.0649, 0.0332, 0.0739, 0.0738, 0.0597], [0.7353, 0.0241, 0.0125, 0.0354, 0.0558, 0.0704, 0.0665], [0.6741, 0.0447, 0.0519, 0.0302, 0.0455, 0.0673, 0.0863], [0.6694, 0.0269, 0.0668, 0.0355, 0.0548, 0.0893, 0.0574], [0.623, 0.0153, 0.0555, 0.0904, 0.0464, 0.0868, 0.0826], [0.7006, 0.0745, 0.0158, 0.0254, 0.0784, 0.0429, 0.0625], [0.7169, 0.0305, 0.0807, 0.0144, 0.0775, 0.0275, 0.0525], [0.6395, 0.0616, 0.0722, 0.0299, 0.0263, 0.0875, 0.0829], [0.6582, 0.0742, 0.0774, 0.0279, 0.018, 0.0572, 0.0871]], "emotions": ["red", "red", "red", "red", "red", "red", "red", "red", "red", "red", "red", "red", "red", "red", "red", "red", "red", "red", "red", "red", "red", "red", "red", "red", "red", "red", "red", "red", "red", "red", "red", "red", "red", "red", "red", "red", "red", "red", "red", "red", "red", "red", "red", "red", "red", "red", "red", "red", "red", "red", "red", "red", "red", "red", "red", "red", "red", "red", "red", "red", "red", "red", "red", "red", "red", "red", "red", "red", "red", "red", "red", "red", "red", "red", "red", "red", "red", "red", "red", "red"], "timestamps": [0, 40, 80, 120, 160, 200, 240, 280, 320, 360, 400, 440, 480, 520, 560, 600, 640, 680, 720, 760, 800, 840, 880, 920, 960, 1000, 1040, 1080, 1120, 1160, 1200, 1240, 1280, 1320, 1360, 1400, 1440, 1480, 1520, 1560, 1600, 1640, 1680, 1720, 1760, 1800, 1840, 1880, 1920, 1960, 2000, 2040, 2080, 2120, 2160, 2200, 2240, 2280, 2320, 2360, 2400, 2440, 2480, 2520, 2560, 2600, 2640, 2680, 2720, 2760, 2800, 2840, 2880, 2920, 2960, 3000, 3040, 3080, 3120, 3160]}], "conversation": [], "conversation_timestamps": []}