{"agent_id": "agent-green-977", "type": "green", "trips": [{"trip_id": 0, "transport_method": "car", "start_time": 0, "path": [[1.5385826, 42.5126504], [1.5375013, 42.5128006], [1.5364559, 42.513117], [1.5354135, 42.5134025], [1.534334, 42.5135774], [1.5332803, 42.513858], [1.5323131, 42.5143348], [1.5315186, 42.5150697], [1.5309975, 42.515469], [1.5300553, 42.5160013], [1.5291519, 42.5166122], [1.5281954, 42.5167728], [1.5271993, 42.51722], [1.5261954, 42.5176515], [1.525359, 42.5183523], [1.524489, 42.519015], [1.5239283, 42.519878], [1.5234781, 42.5208666], [1.5227748, 42.5216829], [1.5219668, 42.5223979], [1.5215256, 42.5233889], [1.5208528, 42.5242486], [1.520613, 42.525295], [1.5204852, 42.5263728], [1.5199489, 42.5273043], [1.520478, 42.5282336], [1.5205885, 42.5292832], [1.5198621, 42.5300574], [1.5198107, 42.5309626], [1.5195687, 42.5319884], [1.5197198, 42.5330527], [1.5195701, 42.53408], [1.5203332, 42.5348611], [1.5211595, 42.5355765], [1.5206837, 42.5362887], [1.5200573, 42.5371711], [1.5196349, 42.538179], [1.5194081, 42.5392413], [1.5193361, 42.5402872], [1.519108, 42.5412352], [1.5181136, 42.5416905], [1.5187646, 42.5414176], [1.5185446, 42.5415026], [1.5176345, 42.5420716], [1.5170631, 42.5429942], [1.5163328, 42.5437812], [1.5155682, 42.5445587], [1.5150237, 42.5454859], [1.5143086, 42.546165], [1.5136456, 42.5470158], [1.5133684, 42.5480296], [1.5126762, 42.5488488], [1.5119841, 42.5495832], [1.5111943, 42.5503358], [1.5102696, 42.5509176], [1.5094545, 42.5516347], [1.5085758, 42.5522836], [1.5090374, 42.5519253], [1.5081922, 42.5526193], [1.5073908, 42.5533634], [1.5066654, 42.5541527], [1.5065128, 42.555225], [1.5058882, 42.556122], [1.5051469, 42.5569192], [1.504784, 42.5579204], [1.5045025, 42.5588946], [1.5035887, 42.5594556], [1.5026244, 42.559886], [1.5017748, 42.5605735], [1.5008463, 42.5611483], [1.4999386, 42.5615169], [1.4990424, 42.561646], [1.4979605, 42.5614874], [1.4968698, 42.5614979], [1.4959585, 42.5619635], [1.4951985, 42.5627315], [1.4943661, 42.5634276], [1.4933175, 42.5637242], [1.4923761, 42.5642544], [1.4916446, 42.5650651]], "mood_vectors": [[0.072, 0.0654, 0.0514, 0.0539, 0.0744, 0.0142, 0.6687], [0.0261, 0.028, 0.0703, 0.0475, 0.0369, 0.0782, 0.713], [0.0143, 0.0339, 0.0545, 0.0716, 0.0288, 0.0727, 0.7241], [0.0478, 0.0235, 0.0625, 0.0506, 0.0886, 0.0224, 0.7046], [0.0774, 0.0266, 0.0693, 0.0725, 0.0448, 0.086, 0.6233], [0.0229, 0.015, 0.0711, 0.0607, 0.0481, 0.0765, 0.7057], [0.0499, 0.0129, 0.0708, 0.062, 0.0176, 0.0644, 0.7225], [0.0686, 0.0154, 0.0497, 0.0711, 0.0388, 0.0258, 0.7306], [0.0209, 0.0428, 0.0279, 0.0639, 0.0502, 0.0601, 0.7342], [0.0431, 0.0393, 0.0632, 0.0476, 0.0312, 0.0213, 0.7544], [0.0266, 0.048, 0.0258, 0.0608, 0.0276, 0.0731, 0.738], [0.0204, 0.0708, 0.0204, 0.0507, 0.0197, 0.0765, 0.7415], [0.0334, 0.0569, 0.0206, 0.058, 0.0609, 0.0531, 0.717], [0.0941, 0.0176, 0.0553, 0.0711, 0.0276, 0.0331, 0.7013], [0.0183, 0.036, 0.0798, 0.0405, 0.0539, 0.0394, 0.7322], [0.0674, 0.0586, 0.0683, 0.0269, 0.0117, 0.0512, 0.716], [0.0793, 0.0819, 0.0941, 0.0523, 0.0137, 0.0774, 0.6013], [0.0786, 0.0626, 0.0749, 0.0379, 0.0777, 0.017, 0.6512], [0.0695, 0.0276, 0.0574, 0.0368, 0.0457, 0.0649, 0.6981], [0.0376, 0.0663, 0.0168, 0.0517, 0.0552, 0.0364, 0.736], [0.0543, 0.0415, 0.0427, 0.0645, 0.0658, 0.071, 0.6602], [0.0411, 0.0188, 0.0654, 0.0476, 0.0363, 0.0374, 0.7534], [0.0137, 0.0478, 0.0282, 0.0483, 0.0673, 0.0273, 0.7674], [0.0295, 0.0588, 0.0352, 0.0953, 0.0662, 0.0312, 0.6838], [0.0736, 0.0288, 0.0175, 0.0476, 0.0605, 0.0591, 0.7129], [0.0155, 0.0228, 0.0396, 0.031, 0.0339, 0.0855, 0.7716], [0.0582, 0.0708, 0.0676, 0.0385, 0.0457, 0.0129, 0.7062], [0.0523, 0.0663, 0.0367, 0.0739, 0.0686, 0.0596, 0.6426], [0.0797, 0.0253, 0.0494, 0.0642, 0.0426, 0.0833, 0.6554], [0.0645, 0.0669, 0.0335, 0.0657, 0.0793, 0.0705, 0.6196], [0.0207, 0.0285, 0.0639, 0.0844, 0.0338, 0.0409, 0.7278], [0.0869, 0.0457, 0.0313, 0.0735, 0.0377, 0.0657, 0.6593], [0.0652, 0.0383, 0.0318, 0.0747, 0.03, 0.0386, 0.7214], [0.0361, 0.0225, 0.0885, 0.0906, 0.0804, 0.0891, 0.5928], [0.0621, 0.0183, 0.0477, 0.0656, 0.0655, 0.0548, 0.686], [0.0804, 0.061, 0.0283, 0.043, 0.0462, 0.0437, 0.6973], [0.0168, 0.0372, 0.0362, 0.0827, 0.0222, 0.0677, 0.7372], [0.1038, 0.0335, 0.0705, 0.0356, 0.0313, 0.0661, 0.6592], [0.0559, 0.0844, 0.083, 0.0263, 0.0516, 0.0701, 0.6286], [0.0132, 0.0323, 0.0588, 0.0701, 0.0626, 0.0569, 0.706], [0.067, 0.0316, 0.0491, 0.0278, 0.0508, 0.0322, 0.7416], [0.0477, 0.0419, 0.0503, 0.0479, 0.0591, 0.0173, 0.7358], [0.0208, 0.0258, 0.0431, 0.0415, 0.0732, 0.0599, 0.7356], [0.057, 0.0773, 0.076, 0.0328, 0.0244, 0.0151, 0.7174], [0.0126, 0.039, 0.0353, 0.0746, 0.0821, 0.0521, 0.7044], [0.0595, 0.0672, 0.0716, 0.0486, 0.0415, 0.048, 0.6636], [0.0494, 0.063, 0.0621, 0.0787, 0.0128, 0.0653, 0.6687], [0.0635, 0.0584, 0.0209, 0.0438, 0.0563, 0.0703, 0.6868], [0.0173, 0.042, 0.0594, 0.0417, 0.0717, 0.0404, 0.7275], [0.0253, 0.025, 0.0511, 0.0635, 0.0782, 0.054, 0.7028], [0.06, 0.0591, 0.0815, 0.0215, 0.0604, 0.0589, 0.6587], [0.0269, 0.0322, 0.0141, 0.0149, 0.0688, 0.0287, 0.8143], [0.0649, 0.0554, 0.0173, 0.0387, 0.0154, 0.0434, 0.7649], [0.0306, 0.0546, 0.0679, 0.0453, 0.0493, 0.0239, 0.7284], [0.0713, 0.04, 0.0578, 0.0552, 0.0378, 0.0713, 0.6666], [0.0648, 0.0195, 0.0598, 0.0594, 0.0147, 0.0284, 0.7535], [0.0345, 0.0588, 0.0655, 0.0276, 0.0185, 0.0714, 0.7239], [0.0586, 0.0779, 0.0752, 0.0778, 0.0722, 0.0517, 0.5866], [0.0473, 0.0677, 0.0156, 0.0362, 0.0762, 0.0458, 0.7112], [0.064, 0.0617, 0.0317, 0.0641, 0.0431, 0.0385, 0.6969], [0.033, 0.017, 0.0397, 0.072, 0.0285, 0.0513, 0.7583], [0.0767, 0.063, 0.0383, 0.0683, 0.0492, 0.0169, 0.6876], [0.0753, 0.0464, 0.0575, 0.0244, 0.0596, 0.0303, 0.7064], [0.0476, 0.069, 0.0901, 0.0459, 0.0655, 0.0281, 0.6539], [0.0221, 0.0159, 0.0743, 0.0457, 0.0149, 0.0376, 0.7894], [0.0787, 0.0447, 0.07, 0.0322, 0.0817, 0.0714, 0.6213], [0.046, 0.0456, 0.0852, 0.0396, 0.0863, 0.0852, 0.6121], [0.029, 0.012, 0.0657, 0.0684, 0.0747, 0.0407, 0.7095], [0.0731, 0.0158, 0.0303, 0.0269, 0.0558, 0.0266, 0.7714], [0.0548, 0.0658, 0.0739, 0.0731, 0.0527, 0.0659, 0.6137], [0.0781, 0.0552, 0.0799, 0.0377, 0.0302, 0.0303, 0.6886], [0.0341, 0.0641, 0.0733, 0.0521, 0.0431, 0.0876, 0.6456], [0.0331, 0.0392, 0.0762, 0.0432, 0.0754, 0.0822, 0.6507], [0.025, 0.0572, 0.0669, 0.0588, 0.0438, 0.056, 0.6924], [0.0865, 0.0776, 0.0537, 0.0647, 0.0252, 0.0727, 0.6196], [0.0404, 0.0467, 0.017, 0.0169, 0.0396, 0.0403, 0.7991], [0.0503, 0.0661, 0.0223, 0.0271, 0.0331, 0.0309, 0.7701], [0.0455, 0.0543, 0.0172, 0.0333, 0.0938, 0.0174, 0.7385], [0.0307, 0.0614, 0.0183, 0.0779, 0.0676, 0.0515, 0.6926], [0.0673, 0.0585, 0.0311, 0.0276, 0.0648, 0.0592, 0.6914]], "emotions": ["purple", "purple", "purple", "purple", "purple", "purple", "purple", "purple", "purple", "purple", "purple", "purple", "purple", "purple", "purple", "purple", "purple", "purple", "purple", "purple", "purple", "purple", "purple", "purple", "purple", "purple", "purple", "purple", "purple", "purple", "purple", "purple", "purple", "purple", "purple", "purple", "purple", "purple", "purple", "purple", "purple", "purple", "purple", "purple", "purple", "purple", "purple", "purple", "purple", "purple", "purple", "purple", "purple", "purple", "purple", "purple", "purple", "purple", "purple", "purple", "purple", "purple", "purple", "purple", "purple", "purple", "purple", "purple", "purple", "purple", "purple", "purple", "purple", "purple", "purple", "purple", "purple", "purple", "purple", "purple"], "timestamps": [0, 40, 80, 120, 160, 200, 240, 280, 320, 360, 400, 440, 480, 520, 560, 600, 640, 680, 720, 760, 800, 840, 880, 920, 960, 1000, 1040, 1080, 1120, 1160, 1200, 1240, 1280, 1320, 1360, 1400, 1440, 1480, 1520, 1560, 1600, 1640, 1680, 1720, 1760, 1800, 1840, 1880, 1920, 1960, 2000, 2040, 2080, 2120, 2160, 2200, 2240, 2280, 2320, 2360, 2400, 2440, 2480, 2520, 2560, 2600, 2640, 2680, 2720, 2760, 2800, 2840, 2880, 2920, 2960, 3000, 3040, 3080, 3120, 3160]}], "conversation": [], "conversation_timestamps": []}