{
  "agent_id": "agent-type-purple-23",
  "type": "purple",
  "trips": [
    {
      "trip_id": 0,
      "transport_method": "bicycle",
      "start_time": 0,
      "path": [
        [
          1.5225829999999998,
          42.508088699999995
        ],
        [
          1.5223425220241744,
          42.50802020080347
        ],
        [
          1.5232013168359664,
          42.507906537015266
        ],
        [
          1.5225445824120731,
          42.50753334806626
        ],
        [
          1.5220257125912278,
          42.50681301094658
        ],
        [
          1.521912714973193,
          42.50635886160759
        ],
        [
          1.522409926294279,
          42.506952034202634
        ],
        [
          1.5220055124311482,
          42.50628895985068
        ],
        [
          1.5229109383483344,
          42.506459136293806
        ],
        [
          1.5237467869411228,
          42.50673214302097
        ],
        [
          1.524467729821273,
          42.50668022522322
        ],
        [
          1.52520776957456,
          42.50699526111098
        ],
        [
          1.5261271931318074,
          42.50708231978255
        ],
        [
          1.5270477277881962,
          42.5071570579828
        ],
        [
          1.527901115863841,
          42.507195641960166
        ],
        [
          1.5274365711865991,
          42.50641474288937
        ],
        [
          1.5267742407094966,
          42.50580828704451
        ],
        [
          1.526336236961579,
          42.50638751263714
        ],
        [
          1.5265839309439182,
          42.50625238118208
        ],
        [
          1.5269582680235754,
          42.50649344400233
        ],
        [
          1.526798686126782,
          42.505818724413686
        ],
        [
          1.5274483273034019,
          42.506438582159895
        ],
        [
          1.527985293410118,
          42.50704096019549
        ],
        [
          1.5287537887342717,
          42.50690832422351
        ],
        [
          1.529379439505327,
          42.506644093010905
        ],
        [
          1.5293591542777452,
          42.50648302219776
        ],
        [
          1.53011993575557,
          42.50700656934617
        ],
        [
          1.5295410028370595,
          42.50707146524708
        ],
        [
          1.5300936825326268,
          42.50698892119792
        ],
        [
          1.5293513,
          42.507062
        ]
      ],
      "emotions": [
        "red",
        "red",
        "red",
        "red",
        "red",
        "purple",
        "purple",
        "purple",
        "purple",
        "purple",
        "red",
        "red",
        "red",
        "red",
        "red",
        "purple",
        "purple",
        "purple",
        "purple",
        "purple",
        "red",
        "red",
        "red",
        "red",
        "red",
        "purple",
        "purple",
        "purple",
        "purple",
        "purple"
      ],
      "mood_vectors": [
        [
          0.06526892190785206,
          0.21987366730890193,
          0.12271571629579033,
          0.14639538614962233,
          0.20328764125671184,
          0.17110474513078006,
          0.07135392195034142
        ],
        [
          0.14907246706620841,
          0.009968784730895599,
          0.19646997286970708,
          0.07785442006604845,
          0.14444979229685037,
          0.22666292494417897,
          0.19552163802611108
        ],
        [
          0.1831420327122208,
          0.07546929317169188,
          0.1695257289818968,
          0.10399220961475028,
          0.1018660281539765,
          0.20531092567785839,
          0.1606937816876054
        ],
        [
          0.04451847418906051,
          0.21355055178481153,
          0.08638664028044038,
          0.09769703926125997,
          0.2526713972733155,
          0.10840434686741691,
          0.19677155034369512
        ],
        [
          0.27206025652963933,
          0.05162782704344014,
          0.1908136754876719,
          0.03806181719400596,
          0.15782043157468756,
          0.17399391884173496,
          0.11562207332882009
        ],
        [
          0.1971829201972412,
          0.15027191462993186,
          0.18687622880060384,
          0.07296293561922648,
          0.1690221018255199,
          0.14881042191146254,
          0.07487347701601402
        ],
        [
          0.0027606330597173567,
          0.29290150593318703,
          0.10221956377204128,
          0.29462468110344603,
          0.2941934769944231,
          0.0023898439646647474,
          0.010910295172520443
        ],
        [
          0.0024268248265151278,
          0.1397439204979409,
          0.12998362154783866,
          0.1865943185844824,
          0.19375316193508818,
          0.2404848400207159,
          0.10701331258741885
        ],
        [
          0.1752494524955056,
          0.07245018155981016,
          0.22113940131573373,
          0.04623629983780225,
          0.20150355409289775,
          0.25330813333231866,
          0.03011297736593181
        ],
        [
          0.0818706197527736,
          0.1626439771403837,
          0.2845715858133402,
          0.04743464073732306,
          0.02238810226251473,
          0.2600797824798079,
          0.14101129181385677
        ],
        [
          0.02173288248371848,
          0.2824639929119534,
          0.25074672692568556,
          0.2520618701411074,
          0.1708699463628731,
          0.020770302201573006,
          0.0013542789730890774
        ],
        [
          0.05671902604453934,
          0.03145922846151681,
          0.19476590403393101,
          0.005278923060323877,
          0.2345471346771113,
          0.24315487970089364,
          0.23407490402168404
        ],
        [
          0.07900027275683738,
          0.16819613990904903,
          0.19080519129675017,
          0.25423434184855737,
          0.07715711072942887,
          0.004084605769838472,
          0.22652233768953867
        ],
        [
          0.17195714526506645,
          0.07195053202377641,
          0.1575766107483615,
          0.13299502700191135,
          0.21202993759847652,
          0.22753818088597866,
          0.025952566476429108
        ],
        [
          0.05825700957639275,
          0.020338528772418357,
          0.21174675939759405,
          0.20831204570422454,
          0.2136816773609118,
          0.2730099370094106,
          0.014654042179047906
        ],
        [
          0.07559133095015172,
          0.20732864705243412,
          0.14513899985160494,
          0.15279770062507225,
          0.13045241882342273,
          0.11396405639140025,
          0.174726846305914
        ],
        [
          0.0901661923369953,
          0.16185599371138326,
          0.08968923150009471,
          0.1712402997617826,
          0.09208017909699646,
          0.21808369433035477,
          0.17688440926239293
        ],
        [
          0.1344225827317813,
          0.10761363973723076,
          0.09627428188906442,
          0.10533263418071631,
          0.2384549524661691,
          0.24602053963266787,
          0.0718813693623703
        ],
        [
          0.039117899472252506,
          0.15997802146212634,
          0.17319552247509248,
          0.15948043767805398,
          0.2035163926741057,
          0.10019342215108755,
          0.16451830408728152
        ],
        [
          0.1889932035206967,
          0.24750759721440338,
          0.08402781889101152,
          0.050452023427915056,
          0.23844082835243938,
          0.11756832795233267,
          0.07301020064120126
        ],
        [
          0.1837684982132422,
          0.13188304887938662,
          0.16625870322727399,
          0.14633134310921175,
          0.12221698982197825,
          0.13331144051256877,
          0.11622997623633832
        ],
        [
          0.1566327790891479,
          0.12568038936798465,
          0.05077683456707271,
          0.09090663214431939,
          0.20456345406017112,
          0.16270594618600023,
          0.20873396458530388
        ],
        [
          0.25189218456858375,
          0.11883496389713566,
          0.15024639394897904,
          0.031862858351212504,
          0.23186716744328698,
          0.017470895717955785,
          0.19782553607284628
        ],
        [
          0.14437977240417343,
          0.18781867185079917,
          0.013288195524903205,
          0.19612625928814606,
          0.08046646123851829,
          0.14160311278484897,
          0.23631752690861088
        ],
        [
          0.11567567447501931,
          0.07014205518294185,
          0.046332249648065475,
          0.1655729634971595,
          0.3102054573208888,
          0.08669450380689112,
          0.20537709606903398
        ],
        [
          0.16553526166852617,
          0.10875896790366489,
          0.1461199414955615,
          0.22386703273938993,
          0.009905433944237492,
          0.23018422127904933,
          0.11562914096957067
        ],
        [
          0.2028400958515048,
          0.14562761970594787,
          0.18720804071604336,
          0.20035966164947117,
          0.06605247459399263,
          0.059780827624667,
          0.13813127985837315
        ],
        [
          0.1852986880934644,
          0.0077777597190498956,
          0.16634433519447253,
          0.08586979366752082,
          0.13337845403116808,
          0.05735658410991356,
          0.3639743851844107
        ],
        [
          0.1700087074226792,
          0.3152072706316581,
          0.06553956067029619,
          0.05502955931040578,
          0.07203921289921879,
          0.0778010449414363,
          0.2443746441243056
        ],
        [
          0.14513666615241677,
          0.10919730658810954,
          0.2756974202425767,
          0.09940119684708487,
          0.14909429950196196,
          0.01394066754697565,
          0.2075324431208746
        ]
      ],
      "timestamps": [
        0,
        1,
        2,
        3,
        4,
        5,
        6,
        7,
        8,
        9,
        10,
        11,
        12,
        13,
        14,
        15,
        16,
        17,
        18,
        19,
        20,
        21,
        22,
        23,
        24,
        25,
        26,
        27,
        28,
        29
      ],
      "distance": 874.9
    },
    {
      "trip_id": 1,
      "transport_method": "car",
      "start_time": 30,
      "path": [
        [
          1.5293513,
          42.507062
        ],
        [
          1.52855783542472,
          42.50689711804639
        ],
        [
          1.5278654341278988,
          42.506982188029106
        ],
        [
          1.527215672397144,
          42.50611045018937
        ],
        [
          1.5267809686670166,
          42.506271422220415
        ],
        [
          1.5267668331385942,
          42.50610579028748
        ],
        [
          1.5273485109279232,
          42.50627353923084
        ],
        [
          1.5279002227535972,
          42.50722583954065
        ],
        [
          1.5267450526072104,
          42.50713263734536
        ],
        [
          1.526174178037842,
          42.507007496670255
        ],
        [
          1.5252984157025473,
          42.50690258079157
        ],
        [
          1.5249215435413503,
          42.506942596531935
        ],
        [
          1.5240161930529426,
          42.506795394890695
        ],
        [
          1.5229504446374553,
          42.50647142807797
        ],
        [
          1.5218481899742193,
          42.506311852008416
        ],
        [
          1.5222935025421873,
          42.50709214575664
        ],
        [
          1.5217918627430524,
          42.50748388342102
        ],
        [
          1.5213262378566212,
          42.50671887978361
        ],
        [
          1.5211740358854666,
          42.50690717051053
        ],
        [
          1.521960529973577,
          42.50725919537651
        ],
        [
          1.521778543918117,
          42.50704037272929
        ],
        [
          1.521366120199763,
          42.507470513421715
        ],
        [
          1.520858091995835,
          42.507459078372975
        ],
        [
          1.5213004033657584,
          42.50746163168018
        ],
        [
          1.5208873109216114,
          42.507502419487864
        ],
        [
          1.5214572933156623,
          42.50751188328981
        ],
        [
          1.5215321000000004,
          42.50806509999999
        ]
      ],
      "emotions": [
        "red",
        "red",
        "red",
        "red",
        "red",
        "purple",
        "purple",
        "purple",
        "purple",
        "purple",
        "purple",
        "purple",
        "purple",
        "purple",
        "purple",
        "purple",
        "purple",
        "purple",
        "purple",
        "purple",
        "green",
        "green",
        "green",
        "green",
        "green",
        "green",
        "green"
      ],
      "mood_vectors": [
        [
          0.09779604895124593,
          0.007939759295534145,
          0.007540731986202048,
          0.26246395279010815,
          0.0143382762416521,
          0.3541758512332462,
          0.25574537950201154
        ],
        [
          0.02820003824518121,
          0.25504445757232436,
          0.023981332398892215,
          0.008402100043893052,
          0.15277180561173048,
          0.2455454974723843,
          0.28605476865559437
        ],
        [
          0.08643833991392372,
          0.32780195224311176,
          0.25330378470431814,
          0.10440591186694652,
          0.12693828808091612,
          0.06568431036549652,
          0.03542741282528725
        ],
        [
          0.08377635493677665,
          0.32105165054490054,
          0.03795131527142056,
          0.05050390915431257,
          0.2445911559689428,
          0.027109558654822074,
          0.23501605546882492
        ],
        [
          0.11792294437828517,
          0.19543351500467543,
          0.03056563220699886,
          0.22682937959887348,
          0.07777121063219349,
          0.29814810154024624,
          0.0533292166387273
        ],
        [
          0.12103664701680086,
          0.18749214505904835,
          0.08255365003161094,
          0.19774494856569566,
          0.17117728683092284,
          0.10573411990835109,
          0.1342612025875702
        ],
        [
          0.11460297046646342,
          0.06533650247931898,
          0.08073613306402272,
          0.15919709785180014,
          0.12998160180336832,
          0.17815032717161855,
          0.27199536716340794
        ],
        [
          0.2225140293866902,
          0.06141329081324905,
          0.06141975621371729,
          0.2257036675334836,
          0.0903042413913284,
          0.20219389182979985,
          0.1364511228317316
        ],
        [
          0.12651962567378486,
          0.1489857349095373,
          0.27439890348681184,
          0.07559470833477118,
          0.0749875233941634,
          0.092097437985159,
          0.2074160662157725
        ],
        [
          0.22960896093311883,
          0.16489125604783617,
          0.2678040380020655,
          0.03649637455212967,
          0.04659303888411213,
          0.11969648913144872,
          0.13490984244928897
        ],
        [
          0.08231910656009715,
          0.20300188290500146,
          0.0737699600117035,
          0.25531494343914274,
          0.1979966764472211,
          0.024390463685447516,
          0.1632069669513866
        ],
        [
          0.20708609645728793,
          0.0683680657368909,
          0.23331747258488406,
          0.15717400637833512,
          0.0854711776815042,
          0.10639234885643747,
          0.14219083230466034
        ],
        [
          0.057146690048520986,
          0.1763746675949392,
          0.15976539373101423,
          0.1738796535608832,
          0.1724614850229804,
          0.13530438510324916,
          0.12506772493841287
        ],
        [
          0.03803929510520407,
          0.16391042257775035,
          0.1902646893356031,
          0.1291118146264524,
          0.19889628216903005,
          0.044064259541338406,
          0.23571323664462163
        ],
        [
          0.33101065798662277,
          0.05106324210773697,
          0.19122408686257222,
          0.03541684827734347,
          0.0207742159365433,
          0.1946474501356861,
          0.17586349869349518
        ],
        [
          0.09503781383384402,
          0.11565810995961893,
          0.16816196898488842,
          0.18260589339267383,
          0.09395055139534347,
          0.1483136537457875,
          0.1962720086878437
        ],
        [
          0.04384232139515919,
          0.13526085822337008,
          0.032287676392235,
          0.21080686783514688,
          0.24036432102881655,
          0.27290942079798053,
          0.06452853432729186
        ],
        [
          0.07341733014117156,
          0.005469424321313973,
          0.03809334029231537,
          0.23550202843577997,
          0.2441133261792404,
          0.23911022966825213,
          0.16429432096192662
        ],
        [
          0.11396246720048074,
          0.13899377611089225,
          0.14972775225538476,
          0.13732670856207127,
          0.20319903499827202,
          0.15262112269448985,
          0.10416913817840912
        ],
        [
          0.06998637058257662,
          0.044926082124420584,
          0.23253396134625712,
          0.2632937641179295,
          0.10477854539431501,
          0.2287396695788444,
          0.05574160685565684
        ],
        [
          0.17394958353919676,
          0.16212906393362023,
          0.06689067077870063,
          0.1251830745104471,
          0.21999103987944243,
          0.07929667052772531,
          0.17255989683086756
        ],
        [
          0.0694858834433322,
          0.14121732255829972,
          0.14672547603454045,
          0.12706753584142028,
          0.19467585226259937,
          0.14995497597613908,
          0.17087295388366888
        ],
        [
          0.2846963636854907,
          0.07488562186147318,
          0.13802423743416434,
          0.21455819399579895,
          0.01041812170889487,
          0.017394194998244496,
          0.26002326631593337
        ],
        [
          0.19314747765373796,
          0.06288521296594618,
          0.11286076422478857,
          0.3195566138044003,
          0.039407545714765665,
          0.19869352628724452,
          0.07344885934911684
        ],
        [
          0.15252194691115464,
          0.18026211438217926,
          0.15544481914288794,
          0.10891511910400063,
          0.015905427898799084,
          0.241338260153201,
          0.1456123124077773
        ],
        [
          0.22440350404988116,
          0.11639859634940519,
          0.025628251278341948,
          0.23435965071668566,
          0.22618891545607375,
          0.025455861221580393,
          0.14756522092803195
        ],
        [
          0.11707932732120759,
          0.23055743204654772,
          0.19402962956890094,
          0.011435278313659003,
          0.20448881361346635,
          0.003334470802012179,
          0.23907504833420626
        ]
      ],
      "timestamps": [
        30,
        31,
        32,
        33,
        34,
        35,
        36,
        37,
        38,
        39,
        40,
        41,
        42,
        43,
        44,
        45,
        46,
        47,
        48,
        49,
        50,
        51,
        52,
        53,
        54,
        55,
        56
      ],
      "distance": 843.3
    },
    {
      "trip_id": 2,
      "transport_method": "foot",
      "start_time": 57,
      "path": [
        [
          1.5215321000000004,
          42.50806509999999
        ],
        [
          1.5212627858768115,
          42.5079047980046
        ],
        [
          1.5209923153031888,
          42.50774651293269
        ],
        [
          1.5207179227951926,
          42.507595067965035
        ],
        [
          1.5204675580405553,
          42.5074554140011
        ],
        [
          1.5205526005626764,
          42.50765639745821
        ],
        [
          1.520829286329398,
          42.50780361095341
        ],
        [
          1.5211059720961195,
          42.507950824448606
        ],
        [
          1.521382657862841,
          42.5080980379438
        ],
        [
          1.5216593436295627,
          42.50824525143899
        ],
        [
          1.5219558461693186,
          42.50834182061345
        ],
        [
          1.522258965118314,
          42.508421480700285
        ],
        [
          1.5224006885207584,
          42.50850145370411
        ],
        [
          1.5220951311886222,
          42.50843172893483
        ],
        [
          1.5217895738564857,
          42.50836200416554
        ],
        [
          1.521953983475651,
          42.50839952060373
        ],
        [
          1.5222595408077875,
          42.508469245373014
        ],
        [
          1.5225339422173005,
          42.50845589591438
        ],
        [
          1.5228340604114472,
          42.50836558591374
        ],
        [
          1.5231325360965409,
          42.50830649663311
        ],
        [
          1.5233958672966956,
          42.50847302316525
        ],
        [
          1.52367797745518,
          42.50860955405976
        ],
        [
          1.523948127940219,
          42.5087482874786
        ],
        [
          1.5239416473975298,
          42.50894610703909
        ],
        [
          1.523891392584006,
          42.508808482848714
        ],
        [
          1.5241723155700115,
          42.50878556760242
        ],
        [
          1.5244799174228056,
          42.50884563362303
        ],
        [
          1.5247875192755995,
          42.50890569964364
        ],
        [
          1.5250951211283936,
          42.50896576566425
        ],
        [
          1.5253641922276464,
          42.50908756985553
        ],
        [
          1.5255532999999997,
          42.509337499999994
        ]
      ],
      "emotions": [
        "green",
        "green",
        "green",
        "red",
        "red",
        "red",
        "red",
        "red",
        "purple",
        "purple",
        "purple",
        "purple",
        "purple",
        "green",
        "green",
        "green",
        "green",
        "green",
        "red",
        "red",
        "red",
        "red",
        "red",
        "green",
        "green",
        "green",
        "green",
        "green",
        "green",
        "green",
        "green"
      ],
      "mood_vectors": [
        [
          0.25209803429152583,
          0.010857918849460402,
          0.22783398478731878,
          0.017254958018120527,
          0.17430056010876663,
          0.1859265464708724,
          0.13172799747393532
        ],
        [
          0.2102892157700473,
          0.13771065523453388,
          0.036887607791308764,
          0.2887050559149301,
          0.2461536019876106,
          0.0004964558326622772,
          0.07975740746890711
        ],
        [
          0.24038075969152592,
          0.1682519020111829,
          0.049781561456421076,
          0.1820687070597961,
          0.2748068340559689,
          0.03108912092168703,
          0.05362111480341812
        ],
        [
          0.24393317099806894,
          0.18629067942910998,
          0.06234238929603418,
          0.11781308097617386,
          0.13791843018039535,
          0.07236112261301708,
          0.17934112650720063
        ],
        [
          0.2207605973614142,
          0.05677742138755439,
          0.09189175168792077,
          0.17641125083011908,
          0.20915452975338958,
          0.17175505499621363,
          0.07324939398338834
        ],
        [
          0.14730625307367942,
          0.06386140322318341,
          0.28521523395606013,
          0.21423388033020985,
          0.1308159845264507,
          0.033781970245211505,
          0.12478527464520495
        ],
        [
          0.2699800284250156,
          0.26459752161951683,
          0.053449015968012825,
          0.1309438583496752,
          0.13084546362836394,
          0.08960018408190301,
          0.060583927927512576
        ],
        [
          0.05924557736775542,
          0.24640195672564627,
          0.03134239643895884,
          0.16046939566946547,
          0.12425757071542859,
          0.19543112296897228,
          0.18285198011377318
        ],
        [
          0.20807306292876143,
          0.0793818188022576,
          0.2369283757286016,
          0.08819343221256928,
          0.0643468907226038,
          0.2022248440477486,
          0.12085157555745757
        ],
        [
          0.18203133429692867,
          0.20806903811903393,
          0.0944206409256062,
          0.042095809592927254,
          0.2036062485468778,
          0.11997805672331646,
          0.14979887179530962
        ],
        [
          0.16615665761077508,
          0.16336390280626167,
          0.026527641424906677,
          0.1612253112345039,
          0.15204635213402,
          0.14653403279956617,
          0.18414610198996648
        ],
        [
          0.21168626816159716,
          0.12019756062451979,
          0.27737138267000466,
          0.16826959972223718,
          0.017556881174345503,
          0.09257448319680218,
          0.1123438244504935
        ],
        [
          0.1023244318208496,
          0.1077012608127623,
          0.22409647677854577,
          0.1343183985349687,
          0.22647449111094686,
          0.04650137538392516,
          0.1585835655580016
        ],
        [
          0.003315519964590415,
          0.03732194685253091,
          0.2417854821894451,
          0.07534823174395276,
          0.22271177293897848,
          0.219616726123086,
          0.19990032018741638
        ],
        [
          0.03131914203179063,
          0.10067903204602179,
          0.12523555535915903,
          0.16576708162487266,
          0.21981713960688867,
          0.15815143493481507,
          0.19903061439645214
        ],
        [
          0.2444059776997296,
          0.10027390324709047,
          0.13709686237475188,
          0.171211850196527,
          0.22959316318245113,
          0.0029488927584155394,
          0.11446935054103441
        ],
        [
          0.16181270169623585,
          0.026558852693203863,
          0.2040074110854207,
          0.14070989259242744,
          0.2671993292851794,
          0.11427514933294622,
          0.08543666331458649
        ],
        [
          0.24112200889690405,
          0.09616256417328724,
          0.006240284423803695,
          0.028255609334700275,
          0.23911329125958644,
          0.11225604000563762,
          0.27685020190608073
        ],
        [
          0.04625551631848372,
          0.2533351893388185,
          0.11784253142065135,
          0.11484588732042478,
          0.059436835115372406,
          0.13820309739159892,
          0.27008094309465036
        ],
        [
          0.1825000078714034,
          0.328436428660189,
          0.0023391780500048066,
          0.03817511417939138,
          0.29417726948914774,
          0.08494503702667287,
          0.06942696472319074
        ],
        [
          0.09549660348555314,
          0.08807029565427679,
          0.15227886851035133,
          0.1585261285689051,
          0.1832526577619344,
          0.15504717180664798,
          0.16732827421233135
        ],
        [
          0.10600044508915538,
          0.3283450180201945,
          0.007204027609429025,
          0.03691223684192117,
          0.19465356693332786,
          0.23719231660512483,
          0.08969238890084728
        ],
        [
          0.12356181677871929,
          0.30017909777650525,
          0.026127133288844414,
          0.13493344573839103,
          0.12550995030665105,
          0.08716349446139925,
          0.20252506164948977
        ],
        [
          0.0008548607476183155,
          0.21867612636178077,
          0.23210840091778562,
          0.09715247778240543,
          0.19923806750515696,
          0.009051333920030704,
          0.24291873276522225
        ],
        [
          0.2271838905337962,
          0.08757567059758503,
          0.015003899466733148,
          0.046907859751978594,
          0.024694770373156667,
          0.42406157797468963,
          0.1745723313020607
        ],
        [
          0.004646856920300603,
          0.11026103627516662,
          0.2766208722461891,
          0.07519934770900782,
          0.02205511665767296,
          0.34546364581814504,
          0.16575312437351783
        ],
        [
          0.01024350691520643,
          0.351497240130634,
          0.14260496440907666,
          0.08378152963430302,
          0.05364858458107065,
          0.1932996858789552,
          0.16492448845075408
        ],
        [
          0.17032894885678762,
          0.10584563385421088,
          0.007025606603072663,
          0.18271518545213838,
          0.17277331276398536,
          0.20088385277879864,
          0.16042745969100644
        ],
        [
          0.10759863801348046,
          0.07103717809993955,
          0.011337970814488089,
          0.2709901314581146,
          0.1518357571955597,
          0.23316688335792088,
          0.1540334410604967
        ],
        [
          0.12582059985981114,
          0.024154875690211623,
          0.16352314271232954,
          0.1422984810717797,
          0.184930252660923,
          0.199694987126035,
          0.1595776608789101
        ],
        [
          0.1581497230863542,
          0.22824555138162939,
          0.1783817718010186,
          0.034122184384955366,
          0.14104553754250745,
          0.07020750809466952,
          0.18984772370886546
        ]
      ],
      "timestamps": [
        57,
        58,
        59,
        60,
        61,
        62,
        63,
        64,
        65,
        66,
        67,
        68,
        69,
        70,
        71,
        72,
        73,
        74,
        75,
        76,
        77,
        78,
        79,
        80,
        81,
        82,
        83,
        84,
        85,
        86,
        87
      ],
      "distance": 478.4
    },
    {
      "trip_id": 3,
      "transport_method": "bicycle",
      "start_time": 88,
      "path": [
        [
          1.5255532999999997,
          42.509337499999994
        ],
        [
          1.5258427817802893,
          42.50913658739554
        ],
        [
          1.5267866055234374,
          42.50936427205706
        ],
        [
          1.5264465707334154,
          42.50928224328142
        ],
        [
          1.5255027469902673,
          42.509054558619894
        ],
        [
          1.525897827018798,
          42.50939794428654
        ],
        [
          1.5268541196983696,
          42.50956571756874
        ],
        [
          1.527789794427091,
          42.509805312917194
        ],
        [
          1.5286894642043334,
          42.51017033052655
        ],
        [
          1.5295756567603693,
          42.51046129976244
        ],
        [
          1.5289201625796642,
          42.50974987300827
        ],
        [
          1.5282214,
          42.50907579999999
        ]
      ],
      "emotions": [
        "green",
        "green",
        "purple",
        "purple",
        "purple",
        "purple",
        "purple",
        "purple",
        "purple",
        "purple",
        "purple",
        "purple"
      ],
      "mood_vectors": [
        [
          0.03945229157560475,
          0.16915145663132078,
          0.16698870407422325,
          0.20715679357489603,
          0.13008111768619365,
          0.17809247569482642,
          0.1090771607629351
        ],
        [
          0.03217419586065809,
          0.03321099218455502,
          0.11242777509878982,
          0.30890962079110734,
          0.20311963036102176,
          0.031556599456208305,
          0.27860118624765956
        ],
        [
          0.2593989275233591,
          0.08911116562008901,
          0.019354184571821306,
          0.05669642583372337,
          0.19557267200349238,
          0.29780614449049425,
          0.08206047995702055
        ],
        [
          0.20761010131797894,
          0.08950751891584298,
          0.2004831354940923,
          0.20522433379799854,
          0.08175419165126603,
          0.09302739966559113,
          0.1223933191572301
        ],
        [
          0.19055395587549492,
          0.19330892868148344,
          0.04162901854611192,
          0.12250560463999957,
          0.10268390588570493,
          0.164024532827927,
          0.18529405354327824
        ],
        [
          0.06832366188026312,
          0.07543472818274133,
          0.19270244351316257,
          0.12969632808454856,
          0.26625702529835205,
          0.14199662100130186,
          0.12558919203963043
        ],
        [
          0.12854232550928818,
          0.24648902579541054,
          0.09714893673410688,
          0.19234397754630297,
          0.23784924443346303,
          0.025797440700417607,
          0.07182904928101086
        ],
        [
          0.005409691033669528,
          0.02501410243490852,
          0.27802189258734483,
          0.2806252137129931,
          0.12765428910122922,
          0.0015316816946229657,
          0.28174312943523183
        ],
        [
          0.1052002985659074,
          0.12414505197491607,
          0.17216068453496836,
          0.20578287936230083,
          0.1387410468136684,
          0.13443583784201785,
          0.11953420090622115
        ],
        [
          0.09437080497150231,
          0.32536531745136077,
          0.05317726902379826,
          0.14435681016525548,
          0.18846282602339987,
          0.018088933123896856,
          0.17617803924078637
        ],
        [
          0.0670816362148552,
          0.1466622653642763,
          0.22129107741650103,
          0.24879146143221625,
          0.061225084141844584,
          0.1905061099586034,
          0.06444236547170325
        ],
        [
          0.22527195215896723,
          0.022737834150730378,
          0.010105699292174737,
          0.16890162963933056,
          0.055546016989329906,
          0.2287800940973777,
          0.28865677367208953
        ]
      ],
      "timestamps": [
        88,
        89,
        90,
        91,
        92,
        93,
        94,
        95,
        96,
        97,
        98,
        99
      ],
      "distance": 692.1
    }
  ],
  "conversation": [
    "Ugh, stepped in eucalyptus again.",
    "It's never just one quick stop in Avinguda Meritxell.",
    "Someone should train a model on these smells."
  ],
  "conversation_timestamps": [
    24,
    34,
    65
  ]
}
