{
  "agent_id": "agent-type-orange-66",
  "type": "orange",
  "trips": [
    {
      "trip_id": 0,
      "transport_method": "car",
      "start_time": 0,
      "path": [
        [
          1.5184793,
          42.507102999999994
        ],
        [
          1.5183255949921746,
          42.507677278728046
        ],
        [
          1.5184605508109366,
          42.50818187820026
        ],
        [
          1.5189613125257186,
          42.50810042099762
        ],
        [
          1.5194966490502855,
          42.50784189422456
        ],
        [
          1.5200361022923872,
          42.50759663567642
        ],
        [
          1.5205806047891575,
          42.50767129739365
        ],
        [
          1.5211054341387653,
          42.507950538222886
        ],
        [
          1.521630263488373,
          42.50822977905212
        ],
        [
          1.5221958378428955,
          42.508404890763366
        ],
        [
          1.5227677972347358,
          42.508385525483035
        ],
        [
          1.523310388683133,
          42.50841908524973
        ],
        [
          1.523839596936031,
          42.508687771917664
        ],
        [
          1.5237612591381786,
          42.508871830485596
        ],
        [
          1.5239477151010996,
          42.508748725494776
        ],
        [
          1.5245287805997678,
          42.508855175231986
        ],
        [
          1.5251122528985164,
          42.5089691110188
        ],
        [
          1.524909674802734,
          42.5089295531944
        ],
        [
          1.5243262025039854,
          42.50881561740759
        ],
        [
          1.5237601806230097,
          42.5086493373561
        ],
        [
          1.5232397750894895,
          42.50836619019618
        ],
        [
          1.523151521034074,
          42.50794648992717
        ],
        [
          1.5237030127048061,
          42.50779103494024
        ],
        [
          1.524296330608636,
          42.50782838667269
        ],
        [
          1.5248793784244776,
          42.50792781532468
        ],
        [
          1.525329180935994,
          42.50769713707728
        ],
        [
          1.5258250976778391,
          42.507739488836734
        ],
        [
          1.5263367766044125,
          42.50796721542046
        ],
        [
          1.526574957717565,
          42.507458757368994
        ],
        [
          1.5263719488736291,
          42.507207174961145
        ],
        [
          1.5257796219467912,
          42.50715647882061
        ],
        [
          1.525187295019953,
          42.50710578268008
        ],
        [
          1.5247727405602394,
          42.506817388650106
        ],
        [
          1.524445236638094,
          42.50661239275199
        ],
        [
          1.5239595519246725,
          42.506735517175954
        ],
        [
          1.5233795947839042,
          42.5066049516534
        ],
        [
          1.5228119434543348,
          42.50642833553024
        ],
        [
          1.5222316191604104,
          42.50631982123884
        ],
        [
          1.5216959793378932,
          42.5063850828954
        ],
        [
          1.5221177233448022,
          42.50629457268953
        ],
        [
          1.5227002606848534,
          42.50639467076879
        ],
        [
          1.523268201163722,
          42.50657029321376
        ],
        [
          1.5238456966086882,
          42.50671008662194
        ],
        [
          1.5243887808720402,
          42.506705835454156
        ],
        [
          1.5247806131351462,
          42.50678986274499
        ],
        [
          1.5251584566156977,
          42.50710331445564
        ],
        [
          1.5257507835425357,
          42.507154010596174
        ],
        [
          1.5263431104693737,
          42.50720470673671
        ],
        [
          1.526589656986245,
          42.507433823913715
        ],
        [
          1.5263513505328055,
          42.50794220849536
        ],
        [
          1.5258507001327184,
          42.50775298920695
        ],
        [
          1.5253483128502754,
          42.50767541806377
        ],
        [
          1.5248850772697844,
          42.507887283944434
        ],
        [
          1.5243221375965548,
          42.50783001132569
        ],
        [
          1.523728819692725,
          42.507792659593235
        ],
        [
          1.5231716898069352,
          42.50793030781593
        ],
        [
          1.523219079467747,
          42.50835068757177
        ],
        [
          1.5237369050766214,
          42.508638072851525
        ],
        [
          1.5243008237610423,
          42.508810661650394
        ],
        [
          1.5248842960597908,
          42.5089245974372
        ],
        [
          1.5254041808892917,
          42.50914041999415
        ],
        [
          1.525343711431791,
          42.509060501860375
        ],
        [
          1.5247859367119267,
          42.50890539061331
        ],
        [
          1.5242024644131782,
          42.5087914548265
        ],
        [
          1.5236466970009475,
          42.50859441547553
        ],
        [
          1.5231303042959792,
          42.50830555982793
        ],
        [
          1.5232498570885171,
          42.50786759147447
        ],
        [
          1.523828838771989,
          42.50779895619387
        ],
        [
          1.5244221566758185,
          42.50783630792632
        ],
        [
          1.5246263262578124,
          42.50817122676787
        ],
        [
          1.5250026548239097,
          42.50843313866085
        ],
        [
          1.5255764665604985,
          42.508584157011015
        ],
        [
          1.5254912243966332,
          42.508558012357156
        ],
        [
          1.5249152475899135,
          42.50841079821027
        ],
        [
          1.5246510542130092,
          42.508084464745544
        ],
        [
          1.5243321178474332,
          42.507830639622355
        ],
        [
          1.5237387999436034,
          42.507793287889896
        ],
        [
          1.523179489609597,
          42.507924049761705
        ],
        [
          1.5232110759185638,
          42.508344692293235
        ],
        [
          1.5237279038017337,
          42.508633716567026
        ],
        [
          1.5242910091239237,
          42.50880874512684
        ],
        [
          1.5248744814226722,
          42.50892268091365
        ],
        [
          1.52545647483657,
          42.509043396091165
        ],
        [
          1.5260343892115815,
          42.509182810086436
        ],
        [
          1.5266123035865933,
          42.5093222240817
        ],
        [
          1.5269867820383956,
          42.50941256192303
        ],
        [
          1.5264088676633838,
          42.50927314792776
        ],
        [
          1.525830953288372,
          42.50913373393249
        ],
        [
          1.5253335243122004,
          42.50904703827694
        ],
        [
          1.5257800905823433,
          42.50937728844676
        ],
        [
          1.526365639833732,
          42.509480018000055
        ],
        [
          1.5269511890851204,
          42.50958274755335
        ],
        [
          1.5275323248582526,
          42.5097008513371
        ],
        [
          1.5280832032407967,
          42.509924355911025
        ],
        [
          1.5286340816233406,
          42.510147860484956
        ],
        [
          1.5291849600058847,
          42.51037136505889
        ],
        [
          1.5294835449617206,
          42.510332534828805
        ],
        [
          1.5290771210865695,
          42.50990128565686
        ],
        [
          1.5286492605432846,
          42.50948854282842
        ],
        [
          1.5282214,
          42.50907579999999
        ]
      ],
      "emotions": [
        "green",
        "green",
        "green",
        "green",
        "green",
        "red",
        "red",
        "red",
        "red",
        "red",
        "purple",
        "purple",
        "purple",
        "purple",
        "purple",
        "purple",
        "purple",
        "purple",
        "purple",
        "purple",
        "purple",
        "purple",
        "purple",
        "purple",
        "purple",
        "purple",
        "purple",
        "purple",
        "purple",
        "purple",
        "purple",
        "purple",
        "purple",
        "purple",
        "purple",
        "purple",
        "purple",
        "purple",
        "purple",
        "purple",
        "purple",
        "purple",
        "purple",
        "purple",
        "purple",
        "green",
        "green",
        "green",
        "green",
        "green",
        "green",
        "green",
        "green",
        "green",
        "green",
        "red",
        "red",
        "red",
        "red",
        "red",
        "red",
        "red",
        "red",
        "red",
        "red",
        "green",
        "green",
        "green",
        "green",
        "green",
        "green",
        "green",
        "green",
        "green",
        "green",
        "green",
        "green",
        "green",
        "green",
        "green",
        "red",
        "red",
        "red",
        "red",
        "red",
        "red",
        "red",
        "red",
        "red",
        "red",
        "purple",
        "purple",
        "purple",
        "purple",
        "purple",
        "purple",
        "purple",
        "purple",
        "purple",
        "purple"
      ],
      "mood_vectors": [
        [
          0.0034786478279711817,
          0.07397520504304211,
          0.1641993217778681,
          0.13667382348009008,
          0.11492495355937128,
          0.2352194711604446,
          0.2715285771512126
        ],
        [
          0.20215437076491816,
          0.07750523909257893,
          0.18449542380945708,
          0.21335009809252017,
          0.09488285658251557,
          0.08354287104798803,
          0.14406914061002205
        ],
        [
          0.02273922119332361,
          0.1530188682101671,
          0.27294063861046197,
          0.21882243214901945,
          0.10505345305032286,
          0.19866488846166816,
          0.0287604983250368
        ],
        [
          0.18732014786007736,
          0.19526457422758176,
          0.23302030999598194,
          0.024070556893753467,
          0.21184027360719854,
          0.05875063314398026,
          0.08973350427142673
        ],
        [
          0.16224631619675436,
          0.20171465723059015,
          0.1996060916022444,
          0.14771783032222083,
          0.19663197758109127,
          0.07443235195586277,
          0.0176507751112362
        ],
        [
          0.1176154842794845,
          0.21214675025375418,
          0.0008691292566547764,
          0.16542689126192012,
          0.09528336853127331,
          0.18414443456300297,
          0.2245139418539102
        ],
        [
          6.175918054279999e-05,
          0.029108432037124758,
          0.14721714850898573,
          0.2681217979962759,
          0.19523406649770156,
          0.2030385504458923,
          0.15721824533347692
        ],
        [
          0.17516197757012797,
          0.32700673428371085,
          0.04061448436675361,
          0.10522346791983679,
          0.04670380539070489,
          0.19212492145026955,
          0.11316460901859628
        ],
        [
          0.0534375631509502,
          0.19709151437090036,
          0.19694326101852047,
          0.29088660567476615,
          0.11828574543054451,
          0.030018363743577553,
          0.11333694661074084
        ],
        [
          0.20962538905517952,
          0.1159309611354114,
          0.22606592023521715,
          0.16149255265734289,
          0.07612122002630768,
          0.11177415781830112,
          0.09898979907224023
        ],
        [
          0.1939698274497206,
          0.23247326329108498,
          0.06289235320458755,
          0.030268344446170374,
          0.2347724971864912,
          0.12406908069664545,
          0.1215546337252998
        ],
        [
          0.07491840131393496,
          0.19800192471002348,
          0.05901121706375314,
          0.11693668238846545,
          0.19341334414286682,
          0.23273174606325825,
          0.12498668431769784
        ],
        [
          0.06870821096172033,
          0.22451948342140385,
          0.047845320324684124,
          0.2334139728145674,
          0.03732319625758935,
          0.144404266886195,
          0.24378554933383995
        ],
        [
          0.2147847998600015,
          0.1798751346217247,
          0.1734189436466022,
          0.22994572590680565,
          0.06430746332122675,
          0.1290549735550488,
          0.008612959088590407
        ],
        [
          0.0801521373431546,
          0.19305592771194485,
          0.21595500718165472,
          0.21252693052571667,
          0.08515459719603329,
          0.09970424212891225,
          0.11345115791258364
        ],
        [
          0.2325255847671422,
          0.027871476640442514,
          0.04321308002545458,
          0.23733212254278033,
          0.0691100823650059,
          0.19175338127431996,
          0.19819427238485443
        ],
        [
          0.15368723791036168,
          0.19696250506882715,
          0.16964323765974834,
          0.05138483938385161,
          0.26677439263680924,
          0.005041944666896732,
          0.15650584267350523
        ],
        [
          0.21312637123524972,
          0.16148780394636147,
          0.06690144555781183,
          0.1999727151494893,
          0.17458940956064437,
          0.1259537453020276,
          0.057968509248415775
        ],
        [
          0.13264053720664196,
          0.27627323897774764,
          0.13548206905110477,
          0.13809751068219714,
          0.0817832534810351,
          0.09211213431355106,
          0.14361125628772234
        ],
        [
          0.05880322165378135,
          0.06752484669028024,
          0.2222673985060393,
          0.1752827510625967,
          0.24487799235590338,
          0.07705746986528826,
          0.15418631986611084
        ],
        [
          0.2521442903396378,
          0.04564866037601325,
          0.2669696882202535,
          0.19486414514375733,
          0.21367473363789055,
          0.0033671106748841455,
          0.02333137160756332
        ],
        [
          0.17375195767119986,
          0.2411706011719199,
          0.23336159850600177,
          0.03801875620355986,
          0.19248073117494674,
          0.08429847988021519,
          0.0369178753921567
        ],
        [
          0.29389637383581524,
          0.13810322513049633,
          0.07139445155182218,
          0.015642238991694514,
          0.09337997354076309,
          0.1360127233759075,
          0.25157101357350115
        ],
        [
          0.13877387434879168,
          0.10894670802728625,
          0.1507784519273641,
          0.19692100708784435,
          0.11955437300428733,
          0.2599353117074677,
          0.025090273896958584
        ],
        [
          0.22849142382258195,
          0.007364851188879709,
          0.08249950753513807,
          0.13287966739821808,
          0.1531692880604977,
          0.21636789794871866,
          0.17922736404596584
        ],
        [
          0.053384465307762786,
          0.30257565427513144,
          0.07444779169615294,
          0.2903666523153858,
          0.14986597148897066,
          0.11983957275709067,
          0.00951989215950573
        ],
        [
          0.01580279656308568,
          0.27981056254322784,
          0.196287330992001,
          0.039869190238416945,
          0.07543867983637938,
          0.24784768556897155,
          0.1449437542579176
        ],
        [
          0.21963710393470956,
          0.10945116180334051,
          0.04224944919844678,
          0.05103418055323409,
          0.19380313355086862,
          0.1530989631984771,
          0.23072600776092334
        ],
        [
          0.07604941093149183,
          0.10526076017941513,
          0.17784597462843074,
          0.07805087588985755,
          0.23410552582658584,
          0.06759326421072996,
          0.26109418833348885
        ],
        [
          0.08942036663869612,
          0.010012084588646433,
          0.24256307545103145,
          0.10958051430273553,
          0.265937199580192,
          0.18431213839059,
          0.09817462104810842
        ],
        [
          0.18938871552002182,
          0.28820084928487094,
          0.06915285283494399,
          0.15330012287677033,
          0.023865147657683324,
          0.10142738139981233,
          0.1746649304258972
        ],
        [
          0.19875257809555102,
          0.07593466401310188,
          0.1261093595638386,
          0.028614908421035836,
          0.12339490653763376,
          0.1126634557712143,
          0.3345301275976247
        ],
        [
          0.06736310320569855,
          0.07647605158643592,
          0.19242542660804038,
          0.20773160940460314,
          0.22076392810835727,
          0.1811295301048262,
          0.05411035098203861
        ],
        [
          0.14959800590253758,
          0.18525571332463692,
          0.1550384356977809,
          0.17523364575199113,
          0.04354407959956563,
          0.1907290524708655,
          0.1006010672526223
        ],
        [
          0.3071069282183459,
          0.0045007056452617605,
          0.1436100262655013,
          0.1011798127150224,
          0.23379075213979086,
          0.09997355372564011,
          0.10983822129043759
        ],
        [
          0.3026019194440821,
          0.06476549487783893,
          0.038031810819489344,
          0.26213931992703926,
          0.12854288140822492,
          0.20361980774947203,
          0.0002987657738533337
        ],
        [
          0.10101064067257243,
          0.011884226696924394,
          0.07049299062685985,
          0.2521006330489825,
          0.08897368216173582,
          0.21908447271695278,
          0.2564533540759722
        ],
        [
          0.2461229096839336,
          0.03763402258618239,
          0.21088009301655083,
          0.09070891629328759,
          0.09673088758583809,
          0.24356767095722737,
          0.07435549987698013
        ],
        [
          0.1953250210287773,
          0.12437546887199202,
          0.1292675459284303,
          0.19934720682973667,
          0.19765762029244993,
          0.14873640690988846,
          0.005290730138725271
        ],
        [
          0.19960401350473347,
          0.0935343264365744,
          0.14975757534566675,
          0.049435988988374355,
          0.16913212070871722,
          0.1691396808404351,
          0.16939629417549876
        ],
        [
          0.2653728290350774,
          0.0060816390033747725,
          0.052665626382216155,
          0.20900603191633377,
          0.2537785677893642,
          0.14153889852892446,
          0.07155640734470926
        ],
        [
          0.217944691334808,
          0.20920909327566697,
          0.0652658564641986,
          0.18525383481707916,
          0.06731487043767649,
          0.14486018753018032,
          0.11015146614039045
        ],
        [
          0.16418794404289272,
          0.0851942895636987,
          0.16021108065641315,
          0.3101187780525509,
          0.06333264781221741,
          0.1786942759846659,
          0.03826098388756114
        ],
        [
          0.18391734632328427,
          0.15013454899100775,
          0.1881161409409001,
          0.15842906656284,
          0.06465562639921203,
          0.22786967243397255,
          0.026877598348783206
        ],
        [
          0.09444890080873006,
          0.13152792929218696,
          0.09381969426622137,
          0.1984114842704687,
          0.12026273813543666,
          0.12912745496290287,
          0.2324017982640534
        ],
        [
          0.07682561975207626,
          0.1647000763031793,
          0.2102489516339303,
          0.19602351824988698,
          0.10474691626511558,
          0.16384415071430558,
          0.08361076708150608
        ],
        [
          0.26466532104620905,
          0.3066572778329997,
          0.070612976972438,
          0.24387507841399406,
          0.010466871882350081,
          0.029595947510325227,
          0.07412652634168394
        ],
        [
          0.11498120282562815,
          0.1759555200122841,
          0.15650706022915062,
          0.1541093455816579,
          0.09615689231072451,
          0.16152880059022037,
          0.1407611784503343
        ],
        [
          0.1308556748703542,
          0.13899710699334766,
          0.20356634952638514,
          0.110374551578702,
          0.02031553704582549,
          0.2861258938741985,
          0.1097648861111869
        ],
        [
          0.3935610821912196,
          0.1801604056825411,
          0.008692445942311208,
          0.12239952227863322,
          0.27258420592465443,
          0.005866547653281899,
          0.01673579032735849
        ],
        [
          0.12882576313944996,
          0.1627769680617571,
          0.06167347603763003,
          0.17187429156428072,
          0.08009201335338598,
          0.20500850118283093,
          0.18974898666066534
        ],
        [
          0.1559461713726714,
          0.12183290666341356,
          0.17760939759506417,
          0.11418300704225853,
          0.16545608966689568,
          0.16570304983827852,
          0.09926937782141813
        ],
        [
          0.25170452328904686,
          0.11369829183670989,
          0.03707725255275596,
          0.12984119486754647,
          0.2780536112305626,
          0.04877680484985096,
          0.14084832137352724
        ],
        [
          0.3032779826721176,
          0.2382186609731549,
          0.17545066629904402,
          0.14733865810466604,
          0.026792095571474894,
          0.08658773937350425,
          0.02233419700603826
        ],
        [
          0.09935011479032904,
          0.11946805208519139,
          0.19515460735712697,
          0.19438812192174476,
          0.18948457827558132,
          0.1116747355761271,
          0.09047978999389934
        ],
        [
          0.03161599753890038,
          0.08820067141575899,
          0.22409308278667145,
          0.21437762663832263,
          0.03530593535174428,
          0.19695347647830502,
          0.20945320979029722
        ],
        [
          0.13376836233588368,
          0.08686778394058912,
          0.21406525268146528,
          0.19943585920479517,
          0.08594239527525514,
          0.1828330269870505,
          0.09708731957496108
        ],
        [
          0.13223222206172164,
          0.21245928012377194,
          0.1677686878331708,
          0.10507115526418107,
          0.14350037076852318,
          0.12052024570172439,
          0.11844803824690707
        ],
        [
          0.17359016975719016,
          0.2136903972789288,
          0.21696345469604542,
          0.24229803269286004,
          0.06756148672583884,
          0.020694064709252728,
          0.06520239413988395
        ],
        [
          0.03288588157029051,
          0.17718840770366684,
          0.01610056067741137,
          0.22521854194758875,
          0.21747947477543125,
          0.05899823111030416,
          0.2721289022153071
        ],
        [
          0.1720096373103129,
          0.15844614156271863,
          0.13824730204413554,
          0.09414725963820586,
          0.16445785986370928,
          0.09584728008664013,
          0.17684451949427768
        ],
        [
          0.04142580163314435,
          0.2016013873414058,
          0.2556566495033645,
          0.09633203739568735,
          0.10391365791231476,
          0.12913670777525127,
          0.17193375843883205
        ],
        [
          0.11655532908020577,
          0.0061576296465797875,
          0.29215810783594093,
          0.021395762186728434,
          0.11937081317796314,
          0.13982817454764057,
          0.3045341835249413
        ],
        [
          0.2818548303302701,
          0.06636526580503957,
          0.22274476768260004,
          0.000768964074860414,
          0.05450861989244807,
          0.2182344988292616,
          0.15552305338552022
        ],
        [
          0.14040065428265436,
          0.1367031589816642,
          0.16895275975646834,
          0.2220869434943688,
          0.08315207451736821,
          0.07757120239431474,
          0.17113320657316133
        ],
        [
          0.06615618602164795,
          0.14080292501727004,
          0.15799408400405324,
          0.16956727125494017,
          0.0013257835913534056,
          0.18109247528023234,
          0.2830612748305028
        ],
        [
          0.19115491413499888,
          0.08894416306314896,
          0.19940127011948894,
          0.16458941734078705,
          0.018929750195718277,
          0.14092144237554638,
          0.1960590427703115
        ],
        [
          0.20521018774204086,
          0.27527946337179743,
          0.12300382466197789,
          0.046441623356587663,
          0.2989552577241117,
          0.027362484791287948,
          0.023747158352196603
        ],
        [
          0.2088073131884041,
          0.21938917758250906,
          0.15442531787345812,
          0.20683741485847065,
          0.014776410487683932,
          0.11055889176360204,
          0.08520547424587203
        ],
        [
          0.16431851459818178,
          0.29689411609731997,
          0.016428359010867862,
          0.12766261788554753,
          0.09154070461797054,
          0.28204342604637656,
          0.021112261743735827
        ],
        [
          0.015407230185121894,
          0.09439979361293593,
          0.19774465583306386,
          0.061396773192527405,
          0.30706961253438525,
          0.11042897357109278,
          0.21355296107087282
        ],
        [
          0.0071808649293116115,
          0.2607828316429551,
          0.1488076966327019,
          0.06332543526411123,
          0.23945965647805562,
          0.0845517980419531,
          0.1958917170109115
        ],
        [
          0.07552201650592132,
          0.1647921737869904,
          0.14982649569231174,
          0.010839287738770234,
          0.2547468892787682,
          0.23440076315539532,
          0.10987237384184285
        ],
        [
          0.1915604645044265,
          0.16408534565032165,
          0.2016266257280295,
          0.038773254862961216,
          0.189767829790911,
          0.10982487484675825,
          0.10436160461659187
        ],
        [
          0.09174193184862803,
          0.15317016532228214,
          0.15939316932275388,
          0.19416487029607404,
          0.1474138914555697,
          0.21813553048556295,
          0.035980441269129144
        ],
        [
          0.0799997209534968,
          0.29189326372053215,
          0.31728023673189065,
          0.038636719958547276,
          0.24284404399078538,
          0.018555287948747553,
          0.010790726696000091
        ],
        [
          0.2026293435601961,
          0.1007348224534024,
          0.15727220444378265,
          0.19684836775319772,
          0.11939867207127068,
          0.16297884015943503,
          0.06013774955871542
        ],
        [
          0.22210817105074138,
          0.16383164346048346,
          0.018111102364315727,
          0.2779408134609721,
          0.002581527866713026,
          0.09656310914328149,
          0.21886363265349276
        ],
        [
          0.12581532147182203,
          0.08919149277657906,
          0.09542946254574779,
          0.13649878237941934,
          0.21031369357982327,
          0.16894718189822466,
          0.17380406534838383
        ],
        [
          0.19026379475282146,
          0.010371964736354348,
          0.10885224175910202,
          0.22726357853646667,
          0.22832949517359682,
          0.10091031409883666,
          0.13400861094282202
        ],
        [
          0.07163403510436776,
          0.2884024047379996,
          0.14003789049105697,
          0.08989626669671866,
          0.07838775137417313,
          0.09329445253138582,
          0.2383471990642981
        ],
        [
          0.07980029530054791,
          0.024507300076124124,
          0.04256721120768068,
          0.3791824382101497,
          0.009233206176743175,
          0.09550398449045082,
          0.3692055645383036
        ],
        [
          0.11379892144384285,
          0.08987088313946091,
          0.2711871130139618,
          0.013239739289797308,
          0.36901801869926604,
          0.028478704910100492,
          0.11440661950357063
        ],
        [
          0.13370871928747094,
          0.25955495316571364,
          0.09062509705977968,
          0.29215062636688316,
          0.05253020815228882,
          0.15205794056796612,
          0.0193724553998976
        ],
        [
          0.255574692054573,
          0.2653427797220682,
          0.014388378812958335,
          0.21534348152545027,
          0.1795893808677923,
          0.05619164359473277,
          0.013569643422425101
        ],
        [
          0.028879488936734067,
          0.027180914421492695,
          0.2561333076938335,
          0.13009364853777264,
          0.19274848676122688,
          0.1128349144662118,
          0.2521292391827284
        ],
        [
          0.1956286214539768,
          0.07488422154124445,
          0.11082675960676726,
          0.3421127732747074,
          0.05935615100674676,
          0.07150319059320796,
          0.14568828252334934
        ],
        [
          0.22488192398084234,
          0.1746172910994856,
          0.055821351976600764,
          0.2558811231359461,
          0.0362079166535967,
          0.20349846957560835,
          0.04909192357792022
        ],
        [
          0.19580041207744647,
          0.03853573700787762,
          0.19100420358588108,
          0.0704835502469295,
          0.18530343871540939,
          0.06764457184080411,
          0.2512280865256518
        ],
        [
          0.23340804077038285,
          0.19418842437708092,
          0.0767363468935645,
          0.08063496186101404,
          0.0508195433376196,
          0.18516081786978314,
          0.17905186489055494
        ],
        [
          0.09137736703706642,
          0.1429722365502745,
          0.15490942383943937,
          0.2163146550269588,
          0.08095780999085705,
          0.267071823453575,
          0.04639668410182885
        ],
        [
          0.11284024087314705,
          0.041826713398575154,
          0.22966069725146981,
          0.0101902069820613,
          0.08694903744551342,
          0.24474043875567533,
          0.27379266529355795
        ],
        [
          0.22449260535061555,
          0.11144793577713064,
          0.10229148017473844,
          0.17317946647162563,
          0.21642009907031567,
          0.15567900736499746,
          0.01648940579057655
        ],
        [
          0.09647884026378148,
          0.26793794033987967,
          0.013440822254723284,
          0.27161250111621893,
          0.00833773833188693,
          0.21709610098352466,
          0.12509605670998517
        ],
        [
          0.010314321887462204,
          0.13867323165789952,
          0.32200382609912154,
          0.07626474856038801,
          0.0010995617914532677,
          0.29890037117714796,
          0.1527439388265275
        ],
        [
          0.11465109630126975,
          0.06980801077987789,
          0.25587375890453823,
          0.032595587719425834,
          0.1802497060692393,
          0.0696615805084716,
          0.2771602597171774
        ],
        [
          0.15565493646494732,
          0.21881772971286267,
          0.24120161361118178,
          0.009647599046054325,
          0.029669161528536554,
          0.06249507495865701,
          0.2825138846777604
        ],
        [
          0.1112297821806926,
          0.14371886398160424,
          0.21378839311695938,
          0.07621992272679161,
          0.19636014164380156,
          0.1959775396847785,
          0.06270535666537215
        ],
        [
          0.10378159691080524,
          0.22478803963047267,
          0.07729183201232791,
          0.2560712369722779,
          0.07186401559017709,
          0.07433239208715728,
          0.19187088679678194
        ],
        [
          0.18079200436376186,
          0.2212443558213446,
          0.0046956840585728864,
          0.1393549014955339,
          0.20421688637393773,
          0.18010386577369616,
          0.06959230211315284
        ]
      ],
      "timestamps": [
        0,
        1,
        2,
        3,
        4,
        5,
        6,
        7,
        8,
        9,
        10,
        11,
        12,
        13,
        14,
        15,
        16,
        17,
        18,
        19,
        20,
        21,
        22,
        23,
        24,
        25,
        26,
        27,
        28,
        29,
        30,
        31,
        32,
        33,
        34,
        35,
        36,
        37,
        38,
        39,
        40,
        41,
        42,
        43,
        44,
        45,
        46,
        47,
        48,
        49,
        50,
        51,
        52,
        53,
        54,
        55,
        56,
        57,
        58,
        59,
        60,
        61,
        62,
        63,
        64,
        65,
        66,
        67,
        68,
        69,
        70,
        71,
        72,
        73,
        74,
        75,
        76,
        77,
        78,
        79,
        80,
        81,
        82,
        83,
        84,
        85,
        86,
        87,
        88,
        89,
        90,
        91,
        92,
        93,
        94,
        95,
        96,
        97,
        98,
        99
      ],
      "distance": 851.4
    }
  ],
  "conversation": [
    "This isn't what I pictured Andorra la Vella to look like.",
    "Feeling pretty good.",
    "My algorithm would not predict this route."
  ],
  "conversation_timestamps": [
    9,
    19,
    29
  ]
}
