{
  "agent_id": "agent-type-blue-56",
  "type": "blue",
  "trips": [
    {
      "trip_id": 0,
      "transport_method": "bicycle",
      "start_time": 0,
      "path": [
        [
          1.5251082,
          42.507948000000006
        ],
        [
          1.5253381892645161,
          42.50768691060407
        ],
        [
          1.5253470732735168,
          42.50749678614328
        ],
        [
          1.5250651027759077,
          42.50736725655099
        ],
        [
          1.5253812788253318,
          42.507512499245244
        ],
        [
          1.5256918058873257,
          42.50766920305642
        ],
        [
          1.5259995790500553,
          42.50783149419841
        ],
        [
          1.526307352212785,
          42.507993785340396
        ],
        [
          1.5264871983886554,
          42.50770922265619
        ],
        [
          1.5266014119629285,
          42.50741388467784
        ],
        [
          1.5265657021050176,
          42.50722375793349
        ],
        [
          1.5262190288298325,
          42.507194086824036
        ],
        [
          1.5258723555546476,
          42.507164415714584
        ],
        [
          1.5255256822794625,
          42.50713474460513
        ],
        [
          1.5251790090042776,
          42.50710507349568
        ],
        [
          1.5249960108721596,
          42.50695667297384
        ],
        [
          1.5247841415140702,
          42.5067817546015
        ],
        [
          1.5244798163232074,
          42.50668314709658
        ],
        [
          1.5242016752045384,
          42.50682280686834
        ],
        [
          1.5238632977463298,
          42.50675949773176
        ],
        [
          1.5235246098976563,
          42.50667979076438
        ],
        [
          1.523242619045537,
          42.50656233372472
        ],
        [
          1.5229103877444286,
          42.50645896498173
        ],
        [
          1.5225750258009996,
          42.50636855946973
        ],
        [
          1.5222304346164208,
          42.50632039672505
        ],
        [
          1.5219222437035658,
          42.50633630093714
        ],
        [
          1.52170976197776,
          42.50637256498161
        ],
        [
          1.5218253472999246,
          42.506229070199936
        ],
        [
          1.5216480168912507,
          42.50615169366578
        ],
        [
          1.5215656000000004,
          42.5062643
        ]
      ],
      "emotions": [
        "red",
        "red",
        "red",
        "red",
        "red",
        "purple",
        "purple",
        "purple",
        "purple",
        "purple",
        "green",
        "green",
        "green",
        "green",
        "green",
        "green",
        "green",
        "green",
        "green",
        "green",
        "green",
        "green",
        "green",
        "green",
        "green",
        "green",
        "green",
        "green",
        "green",
        "green"
      ],
      "mood_vectors": [
        [
          0.13725083269868193,
          0.22952893800082172,
          0.12965984785688142,
          0.19046419654152422,
          0.0757897194798579,
          0.017155972169279655,
          0.22015049325295313
        ],
        [
          0.22997817567129145,
          0.016556338825468652,
          0.09167685613507477,
          0.2592663258318731,
          0.060916128477564405,
          0.02825026813259867,
          0.313355906926129
        ],
        [
          0.1909977267857635,
          0.21213022355407044,
          0.1507244786341383,
          0.10935342981003034,
          0.1849740411586133,
          0.061082410471606376,
          0.09073768958577777
        ],
        [
          0.004947205247562327,
          0.14087692555883283,
          0.34595793293851757,
          0.02760717840582887,
          0.023311701539131,
          0.11082096946566637,
          0.34647808684446113
        ],
        [
          0.2399394026756545,
          0.008172014652605503,
          0.18821153460895876,
          0.060799446568335636,
          0.09356695248087774,
          0.2510502805845935,
          0.15826036842897434
        ],
        [
          0.33680930602633036,
          0.11768952619080537,
          0.029340247860263284,
          0.3205111968788112,
          0.027119454299362238,
          0.0889476109628418,
          0.07958265778158569
        ],
        [
          0.16087124947319956,
          0.1963511869812506,
          0.20071999399728277,
          0.06870985768813559,
          0.18934190445534027,
          0.026869001613341825,
          0.15713680579144942
        ],
        [
          0.011861994553793491,
          0.1295570138279164,
          0.22371363466495223,
          0.12068941385762731,
          0.18017849314698328,
          0.20357782294329693,
          0.13042162700543036
        ],
        [
          0.10114088779807655,
          0.1393952731629412,
          0.2322092656189226,
          0.12349712903893728,
          0.15061940505246635,
          0.19957796465333222,
          0.05356007467532375
        ],
        [
          0.21500651300153747,
          0.15648588021085033,
          0.11407413863579564,
          0.11040029112748888,
          0.15188683353934254,
          0.130840612207321,
          0.12130573127766422
        ],
        [
          0.06470245022694152,
          0.021990274967468124,
          0.10686090012193476,
          0.08442538938224603,
          0.27911238087763945,
          0.23660448372536774,
          0.20630412069840237
        ],
        [
          0.17629440896434756,
          0.141161460739047,
          0.018610096384121002,
          0.19913648595142755,
          0.15717230751136924,
          0.14209866840979693,
          0.16552657203989074
        ],
        [
          0.050941056022534605,
          0.14737354227157615,
          0.22617925037414205,
          0.16602193621300834,
          0.14796910210420391,
          0.14893535468473512,
          0.11257975832979987
        ],
        [
          0.15559266904893912,
          0.0406647059591343,
          0.26708628389789535,
          0.10484051852633644,
          0.184869940249475,
          0.18497668668440792,
          0.06196919563381181
        ],
        [
          0.1664156296532443,
          0.1706665188391095,
          0.22105061460564873,
          0.21679485001879165,
          0.10343266900941922,
          0.01411706182134375,
          0.10752265605244282
        ],
        [
          0.15155809736409462,
          0.13479554568119986,
          0.11603466306663937,
          0.07649601091935214,
          0.19182214396306063,
          0.14197484366906318,
          0.18731869533659018
        ],
        [
          0.21357955279339164,
          0.10332682370944202,
          0.14974491323582675,
          0.03420580468997904,
          0.2677768937941496,
          0.11686977245076675,
          0.11449623932644418
        ],
        [
          0.009934092712016292,
          0.15708310203050557,
          0.32815931689661426,
          0.018901541936027253,
          0.34927249283618694,
          0.05092528900393358,
          0.08572416458471609
        ],
        [
          0.078720423245461,
          0.2609722624013954,
          0.039805850288224885,
          0.11805238127776678,
          0.11807521493006534,
          0.19759608858651925,
          0.18677777927056724
        ],
        [
          0.2289664501960661,
          0.036941196762059834,
          0.02532844092303419,
          0.24845393485225975,
          0.21162715661398043,
          0.058853172749844945,
          0.18982964790275475
        ],
        [
          0.07990343802799554,
          0.009627477061859596,
          0.2895957056614573,
          0.021043118097546373,
          0.00521118530746501,
          0.4371196437530272,
          0.1574994320906489
        ],
        [
          0.09581946007874265,
          0.2396730698657817,
          0.13575171521103496,
          0.17529795892887967,
          0.03187076980838811,
          0.16405578398864643,
          0.15753124211852645
        ],
        [
          0.15828259795343147,
          0.0794717355400477,
          0.1099331728229271,
          0.1251858252922476,
          0.1624512032637107,
          0.165083463881529,
          0.19959200124610646
        ],
        [
          0.14110169518041313,
          0.1787728088870714,
          0.15937205194658613,
          0.14907808089705268,
          0.17534125559380312,
          0.11379781724975617,
          0.08253629024531736
        ],
        [
          0.37281972451076695,
          0.28407140800386876,
          0.10728110304019693,
          0.008231700201412768,
          0.12909516581575187,
          0.06698834238135833,
          0.031512556046644484
        ],
        [
          0.033644563631278775,
          0.2535023143833021,
          0.23022107345487544,
          0.04759691651075828,
          0.18459171079233302,
          0.014904426301616442,
          0.23553899492583594
        ],
        [
          0.17475828461148188,
          0.17013148463914005,
          0.09037494976503833,
          0.30266923265261425,
          0.05851892856420911,
          0.1407140243597566,
          0.06283309540775976
        ],
        [
          0.18539348935375216,
          0.21382395288745695,
          0.13310733041266162,
          0.00743668427550754,
          0.17842551551308483,
          0.22804052299424524,
          0.05377250456329162
        ],
        [
          0.012042312520926482,
          0.18031008712471802,
          0.04478302592508377,
          0.24313737753906536,
          0.21932153933018544,
          0.18249765173805552,
          0.11790800582196538
        ],
        [
          0.16860543390962457,
          0.1523733496487598,
          0.11717200639084899,
          0.11043289771223923,
          0.17456075267635404,
          0.11483500409705448,
          0.16202055556511882
        ]
      ],
      "timestamps": [
        0,
        1,
        2,
        3,
        4,
        5,
        6,
        7,
        8,
        9,
        10,
        11,
        12,
        13,
        14,
        15,
        16,
        17,
        18,
        19,
        20,
        21,
        22,
        23,
        24,
        25,
        26,
        27,
        28,
        29
      ],
      "distance": 554.5
    },
    {
      "trip_id": 1,
      "transport_method": "stopped",
      "start_time": 30,
      "path": [
        [
          1.5215656000000004,
          42.5062643
        ],
        [
          1.5215656000000004,
          42.5062643
        ],
        [
          1.5215656000000004,
          42.5062643
        ]
      ],
      "emotions": [
        "red",
        "red",
        "red"
      ],
      "mood_vectors": [
        [
          0.1076698293266732,
          0.1571495336861038,
          0.18736436400683418,
          0.12066098135977935,
          0.06525370806434161,
          0.170183528893328,
          0.19171805466293984
        ],
        [
          0.016630127259679623,
          0.09659006790581251,
          0.1693440234482734,
          0.10019838818334026,
          0.3377848593305268,
          0.1771030640845335,
          0.1023494697878339
        ],
        [
          0.18955692556926187,
          0.038935235854420644,
          0.2494799627265783,
          0.14615458281639934,
          0.10220183825314313,
          0.2586814778300581,
          0.014989976950138558
        ]
      ],
      "timestamps": [
        30,
        31,
        32
      ]
    },
    {
      "trip_id": 2,
      "transport_method": "car",
      "start_time": 33,
      "path": [
        [
          1.5214436000000005,
          42.506422099999995
        ],
        [
          1.5214490900143742,
          42.506299604270765
        ],
        [
          1.5211834182722237,
          42.506100071610696
        ],
        [
          1.5208647195522755,
          42.505979468521275
        ],
        [
          1.5208497423090195,
          42.50592076669897
        ],
        [
          1.5211679671396798,
          42.5060426147044
        ],
        [
          1.5214881887548304,
          42.50615513618079
        ],
        [
          1.5218120914537145,
          42.50619578105917
        ],
        [
          1.5219596406299485,
          42.50628254845089
        ],
        [
          1.522297115297215,
          42.50632971653574
        ],
        [
          1.5226345899644813,
          42.506376884620586
        ],
        [
          1.5229609541852047,
          42.506474697964755
        ],
        [
          1.5232863242260375,
          42.50657593193042
        ],
        [
          1.523562159469577,
          42.506688674136264
        ],
        [
          1.5238938668942057,
          42.50676667483604
        ],
        [
          1.5242249860797685,
          42.506816252935344
        ],
        [
          1.5244468207862254,
          42.50658478939866
        ],
        [
          1.5245513717181458,
          42.506281469199244
        ],
        [
          1.5245687389293006,
          42.50634308305911
        ],
        [
          1.524417182891249,
          42.506648225625185
        ],
        [
          1.524156042970177,
          42.506779405123595
        ],
        [
          1.523823482552891,
          42.50670512492348
        ],
        [
          1.5234909221356048,
          42.50663084472336
        ],
        [
          1.5235127140018414,
          42.50638030324827
        ],
        [
          1.523654109334561,
          42.506070268832175
        ],
        [
          1.5237955046672806,
          42.50576023441609
        ],
        [
          1.5239369000000003,
          42.5054502
        ]
      ],
      "emotions": [
        "purple",
        "purple",
        "red",
        "red",
        "red",
        "red",
        "red",
        "purple",
        "purple",
        "purple",
        "purple",
        "purple",
        "red",
        "red",
        "red",
        "red",
        "red",
        "green",
        "green",
        "green",
        "green",
        "green",
        "green",
        "green",
        "green",
        "green",
        "green"
      ],
      "mood_vectors": [
        [
          0.12345602233582187,
          0.12597948042217524,
          0.2722433926997889,
          0.17884242743090428,
          0.11002136302470926,
          0.16490034283599345,
          0.024556971250607015
        ],
        [
          0.21099204580235353,
          0.24656617462686523,
          0.0009186710473158358,
          0.0833280584933261,
          0.24078917708389896,
          0.16391868327173278,
          0.05348718967450757
        ],
        [
          0.26490717073322645,
          0.23202284680790664,
          0.027868577645563036,
          0.008604438698733617,
          0.26256032083270286,
          0.05993645131743257,
          0.14410019396443485
        ],
        [
          0.026199252669357735,
          0.227477751324905,
          0.18361261734899775,
          0.19334074960589603,
          0.06881578099739102,
          0.20563843670857876,
          0.09491541134487369
        ],
        [
          0.07179476579165532,
          0.042952504468239165,
          0.23474529624291718,
          0.16481746737685804,
          0.24843416567703042,
          0.2026168945124796,
          0.034638905930820245
        ],
        [
          0.04175282793244442,
          0.2442587663983506,
          0.2169218207136817,
          0.04439140127776216,
          0.12829088599201743,
          0.0027434242060237046,
          0.32164087347972
        ],
        [
          0.23087155970897577,
          0.1697576737876508,
          0.18967658199988985,
          0.12815503742140044,
          0.047082525194483985,
          0.2029710281708015,
          0.03148559371679769
        ],
        [
          0.040313495284262146,
          0.019910345763565214,
          0.17352328714720777,
          0.24577961878142685,
          0.19511134101373012,
          0.05279609296832168,
          0.2725658190414862
        ],
        [
          0.37942334482300744,
          0.3337570571939452,
          0.18155995611624348,
          0.03017517131848065,
          0.06495581352807994,
          0.004749006283345706,
          0.005379650736897531
        ],
        [
          0.24985269527225729,
          0.10049784667193902,
          0.05382757659269545,
          0.3437036382133939,
          0.1310172468653528,
          0.0336234349674938,
          0.08747756141686772
        ],
        [
          0.2686426896683139,
          0.13434368227186572,
          0.16908785446500652,
          0.18559766989949517,
          0.11430233396423033,
          0.033669334876774405,
          0.09435643485431397
        ],
        [
          0.09828677858651887,
          0.1547537586333926,
          0.14824700948788516,
          0.24442332717871668,
          0.07508568435819842,
          0.06618409578278212,
          0.21301934597250627
        ],
        [
          0.1479166366228417,
          0.1533614678496229,
          0.021926838685328017,
          0.18535240166298156,
          0.11948607705534672,
          0.17874556152143364,
          0.19321101660244547
        ],
        [
          0.10989607329975079,
          0.29992130619408686,
          0.14811924341305838,
          0.19361307251340423,
          0.04332309873291673,
          0.0563042843181166,
          0.1488229215286665
        ],
        [
          0.08480882815275124,
          0.2368862283797635,
          0.20505710760163318,
          0.08567299570170613,
          0.13127065657870945,
          0.14570122828444657,
          0.11060295530098994
        ],
        [
          0.16681204528436255,
          0.1120433992451238,
          0.09060376247876263,
          0.17636545941237528,
          0.1880634572158355,
          0.19793107774994617,
          0.06818079861359405
        ],
        [
          0.04103938282254832,
          0.2580714773340499,
          0.25686167740920257,
          0.056657306169121395,
          0.1595051969944157,
          0.15820907863964614,
          0.06965588063101606
        ],
        [
          0.09571783332740208,
          0.17324128178218204,
          0.12335657504039799,
          0.10408237763788494,
          0.17117467149811053,
          0.1741995487285906,
          0.15822771198543176
        ],
        [
          0.20181122102182456,
          0.08811355369239418,
          0.04709367548861312,
          0.18873398828123664,
          0.13602976935941452,
          0.3103132766051089,
          0.02790451555140806
        ],
        [
          0.130126878882282,
          0.03881518752595971,
          0.16083473042417087,
          0.14102839752248078,
          0.13730692813652484,
          0.19493222517896377,
          0.19695565232961806
        ],
        [
          0.1269166883650366,
          0.20741142031837959,
          0.09963735316897956,
          0.036193278862582924,
          0.22159149560400157,
          0.20547212608766746,
          0.10277763759335234
        ],
        [
          0.03780988810027111,
          0.28957471057325523,
          0.19471548728055751,
          0.020491599844013043,
          0.183214334896451,
          0.2487495321007914,
          0.025444447204660783
        ],
        [
          0.2081141579545904,
          0.08656378881855811,
          0.16755911282106814,
          0.024219526944390668,
          0.1851388488914044,
          0.20359137291649326,
          0.12481319165349496
        ],
        [
          0.24283460759759395,
          0.044909389290031305,
          0.2935198942638745,
          0.04472813838528079,
          0.08457649997635737,
          0.25090563902184515,
          0.03852583146501695
        ],
        [
          0.19518994353874436,
          0.20333924871728823,
          0.18751161886605805,
          0.05211021256111934,
          0.08862611953283765,
          0.08015875712378899,
          0.19306409966016347
        ],
        [
          0.14974311689723227,
          0.12055481466594559,
          0.2564201065924498,
          0.030315913044506405,
          0.05908827874671306,
          0.34130952860732205,
          0.04256824144583073
        ],
        [
          0.06216810024598417,
          0.1928016530690998,
          0.10255782567235061,
          0.10785736187721237,
          0.17388180903012423,
          0.20066960318982024,
          0.16006364691540864
        ]
      ],
      "timestamps": [
        33,
        34,
        35,
        36,
        37,
        38,
        39,
        40,
        41,
        42,
        43,
        44,
        45,
        46,
        47,
        48,
        49,
        50,
        51,
        52,
        53,
        54,
        55,
        56,
        57,
        58,
        59
      ],
      "distance": 312.5
    },
    {
      "trip_id": 3,
      "transport_method": "foot",
      "start_time": 60,
      "path": [
        [
          1.5239369000000003,
          42.5054502
        ],
        [
          1.5236476449549172,
          42.50608444313433
        ],
        [
          1.5235213304489559,
          42.506637636679
        ],
        [
          1.5242016554402038,
          42.50678959305705
        ],
        [
          1.5245551087404994,
          42.50628823123419
        ],
        [
          1.5244140141318512,
          42.50665541075452
        ],
        [
          1.5238028684922524,
          42.50674530999384
        ],
        [
          1.5232320245367712,
          42.50661028945201
        ],
        [
          1.5225539307259133,
          42.506448667614926
        ],
        [
          1.5218745414385744,
          42.50630880663184
        ],
        [
          1.521955414262483,
          42.50673973444545
        ],
        [
          1.5224380021288,
          42.50724276703469
        ],
        [
          1.5231116495579557,
          42.50725927096256
        ],
        [
          1.5230582234706769,
          42.50726235943727
        ],
        [
          1.5224831531694543,
          42.5074215050133
        ],
        [
          1.5230521951559657,
          42.507719745799086
        ],
        [
          1.5235746242069497,
          42.507788354458626
        ],
        [
          1.523024976192399,
          42.50810639705783
        ],
        [
          1.523208690830554,
          42.508342905677495
        ],
        [
          1.522547875985643,
          42.50845170303753
        ],
        [
          1.5218744906601553,
          42.50832044027103
        ],
        [
          1.5212832937643745,
          42.50837161986549
        ],
        [
          1.5215033037818004,
          42.50845055276071
        ],
        [
          1.5213615415365767,
          42.508086802786195
        ],
        [
          1.5207461381462941,
          42.50775937111123
        ],
        [
          1.5201178120549623,
          42.507573547642934
        ],
        [
          1.5195543705954524,
          42.50788723972236
        ],
        [
          1.5196762,
          42.508573600000005
        ]
      ],
      "emotions": [
        "green",
        "green",
        "green",
        "green",
        "green",
        "green",
        "green",
        "green",
        "green",
        "green",
        "red",
        "red",
        "red",
        "red",
        "red",
        "green",
        "green",
        "green",
        "green",
        "green",
        "purple",
        "purple",
        "purple",
        "purple",
        "purple",
        "purple",
        "purple",
        "purple"
      ],
      "mood_vectors": [
        [
          0.10412806986289296,
          0.08272580918359053,
          0.1161142458186148,
          0.162158669404569,
          0.1916570447524661,
          0.22744152915219903,
          0.11577463182566754
        ],
        [
          0.18178650332159788,
          0.17507738146848725,
          0.09229913542725457,
          0.018126232623054364,
          0.21193830650465123,
          0.11412485686324644,
          0.2066475837917082
        ],
        [
          0.07535426601094376,
          0.09820326698081269,
          0.17557155028940188,
          0.3016333117963927,
          0.18824234135806217,
          0.085595721742466,
          0.07539954182192085
        ],
        [
          0.006823013994417013,
          0.1309324826214204,
          0.11152345778891246,
          0.251322375050811,
          0.18032408967450494,
          0.11223269106154668,
          0.20684188980838752
        ],
        [
          0.04502388752810364,
          0.042817546485851225,
          0.29674648163134726,
          0.06655529764645537,
          0.2918075237303812,
          0.17513611889576247,
          0.08191314408209886
        ],
        [
          0.14754867730633914,
          0.37227239303989945,
          0.060687729187235,
          0.09514948741562136,
          0.04669446350183739,
          0.04741363417310776,
          0.23023361537595982
        ],
        [
          0.24636928683502204,
          0.12577946078937835,
          0.2513176467883035,
          0.06502979829138215,
          0.19242349323237012,
          0.04759837996288903,
          0.07148193410065488
        ],
        [
          0.20093914715235828,
          0.1544533793330214,
          0.016041157454672106,
          0.22824277753405542,
          0.25344074737860023,
          0.02047726901058075,
          0.12640552213671186
        ],
        [
          0.14506544266095453,
          0.08968051851625466,
          0.10413566999606001,
          0.0777788313537734,
          0.25598920396332225,
          0.26454568335294404,
          0.06280465015669102
        ],
        [
          0.12441043201471953,
          0.13778572345552761,
          0.20811977504280443,
          0.03951674321221662,
          0.16319828371918513,
          0.1565175307090606,
          0.17045151184648596
        ],
        [
          0.11108997361437399,
          0.2867229159666469,
          0.11839247263278674,
          0.1576579855754757,
          0.011410944843614683,
          0.13281887155492975,
          0.18190683581217218
        ],
        [
          0.37397709059996004,
          0.020084669498032188,
          0.3201283024336063,
          0.09946465185289065,
          0.05785250275854992,
          0.07480201325821287,
          0.05369076959874805
        ],
        [
          0.06387713652378661,
          0.1842948184985786,
          0.2037173857440925,
          0.27452258716371275,
          0.07669461993200231,
          0.18831437734191964,
          0.008579074795907563
        ],
        [
          0.006405525817826186,
          0.32302428331570093,
          0.04838699366319275,
          0.16384009362992283,
          0.07594144935885018,
          0.26513103222024875,
          0.11727062199425843
        ],
        [
          0.25586769024268013,
          0.016267737424693382,
          0.3019900865801201,
          0.08710504382335237,
          0.05967674108415086,
          0.10496374381430562,
          0.17412895703069747
        ],
        [
          0.13232695883020718,
          0.10907768584756401,
          0.04175598729459995,
          0.31413104059349484,
          0.008865966927662908,
          0.09883806221862111,
          0.29500429828784996
        ],
        [
          0.17460254286475213,
          0.1071326597082163,
          0.00822028068625279,
          0.234823079203988,
          0.09812401720668304,
          0.13703826006667916,
          0.2400591602634285
        ],
        [
          0.06571443090135665,
          0.028418508538545335,
          0.1709159139147847,
          0.1076208056404055,
          0.20153048705596954,
          0.13841671938239528,
          0.28738313456654285
        ],
        [
          0.09015929928351842,
          0.17029197357512246,
          0.008306857722166624,
          0.12086100404321178,
          0.20008891027663267,
          0.2186886845230907,
          0.19160327057625742
        ],
        [
          0.0172793985009449,
          0.19554883621684277,
          0.1447705859575414,
          0.21918390533551804,
          0.18640685459000042,
          0.08058186517187425,
          0.1562285542272782
        ],
        [
          0.09411408993817665,
          0.22061685531157982,
          0.2281702206163771,
          0.06751284430515805,
          0.15375745934572818,
          0.14476222490987783,
          0.09106630557310237
        ],
        [
          0.2110728780636239,
          0.06467250288220668,
          0.03768911157505445,
          0.1163224026471042,
          0.0371099315646418,
          0.20721386102221895,
          0.3259193122451501
        ],
        [
          0.10215406627412586,
          0.18420616861437084,
          0.15635043714506033,
          0.21158124426811384,
          0.15019464483256392,
          0.057729591460930506,
          0.13778384740483463
        ],
        [
          0.11222903068249647,
          0.23748691306239256,
          0.010867495833161578,
          0.17546908301011596,
          0.2300923758985607,
          0.2044465820570896,
          0.029408519456183037
        ],
        [
          0.13781336551983353,
          0.2033349570455281,
          0.128147071817662,
          0.09841304305799013,
          0.05891860849996237,
          0.24411249658950565,
          0.12926045746951828
        ],
        [
          0.1273580383671915,
          0.11553150759338733,
          0.025702220008747792,
          0.14531080094777224,
          0.04791909577750743,
          0.18712496432242418,
          0.3510533729829696
        ],
        [
          0.03609114172161001,
          0.02155286680783988,
          0.19667710150781448,
          0.20097760691213215,
          0.12988782141173252,
          0.21280484504928557,
          0.20200861658958544
        ],
        [
          0.19640861976777602,
          0.11922262029249317,
          0.38421155983726774,
          0.049236098807576054,
          0.08045835915587636,
          0.04684568280828677,
          0.12361705933072377
        ]
      ],
      "timestamps": [
        60,
        61,
        62,
        63,
        64,
        65,
        66,
        67,
        68,
        69,
        70,
        71,
        72,
        73,
        74,
        75,
        76,
        77,
        78,
        79,
        80,
        81,
        82,
        83,
        84,
        85,
        86,
        87
      ],
      "distance": 665.5
    },
    {
      "trip_id": 4,
      "transport_method": "car",
      "start_time": 88,
      "path": [
        [
          1.5196762,
          42.508573600000005
        ],
        [
          1.5196073237744305,
          42.508185566376426
        ],
        [
          1.5199843069283412,
          42.50761127105244
        ],
        [
          1.5207686721522693,
          42.50777136055983
        ],
        [
          1.5215290851587877,
          42.50817594608589
        ],
        [
          1.5212085740753905,
          42.50832307519418
        ],
        [
          1.5217062176781446,
          42.50829883514069
        ],
        [
          1.5224283635293367,
          42.50850776883186
        ],
        [
          1.521849396940986,
          42.508375655125036
        ],
        [
          1.5225235032848439,
          42.508287056518505
        ],
        [
          1.5222160058236376,
          42.50814991896831
        ],
        [
          1.5224668000000008,
          42.50847609999999
        ]
      ],
      "emotions": [
        "purple",
        "purple",
        "green",
        "green",
        "green",
        "green",
        "green",
        "green",
        "green",
        "green",
        "green",
        "green"
      ],
      "mood_vectors": [
        [
          0.007344950829411597,
          0.2514742957808892,
          0.2508719479823361,
          0.12965004282170842,
          0.11418617022737754,
          0.04737373342571598,
          0.19909885893256124
        ],
        [
          0.24047999024958022,
          0.08677888188415854,
          0.0649107910560826,
          0.23278548130354332,
          0.13268409668530062,
          0.1860490187577556,
          0.056311740063579065
        ],
        [
          0.16571203106042315,
          0.21896772028678385,
          0.22551973691907085,
          0.08579030508784173,
          0.19049536489958682,
          0.07449598419076046,
          0.0390188575555332
        ],
        [
          0.22686810204634203,
          0.23568183583214197,
          0.10875181053195668,
          0.27074448421498504,
          0.0005647582010398606,
          0.10544523363887041,
          0.05194377553466404
        ],
        [
          0.1038597060102619,
          0.07586869661890382,
          0.20257315852030058,
          0.19721639293226093,
          0.17026985238979267,
          0.1585342407249205,
          0.09167795280355955
        ],
        [
          0.14654615151674424,
          0.16333709277653058,
          0.24433424755923272,
          0.09319895562146639,
          0.017151110152853383,
          0.05785478179718679,
          0.2775776605759859
        ],
        [
          0.21464114234916476,
          0.03196920882186408,
          0.20866559194166379,
          0.05010494948897785,
          0.13573379708254193,
          0.21714009762244912,
          0.14174521269333834
        ],
        [
          0.09541372876496254,
          0.2145895119215205,
          0.1528655047498765,
          0.12192776205149262,
          0.06709068772597844,
          0.11020116319386188,
          0.2379116415923075
        ],
        [
          0.3361156591209642,
          0.03298158658573533,
          0.08605535978297872,
          0.015027902724603158,
          0.1750522059735289,
          0.12411363343940747,
          0.2306536523727823
        ],
        [
          0.17278420302085806,
          0.22468426760272417,
          0.05696194205808952,
          0.28534395267285073,
          0.16060534104991073,
          0.05958744213338943,
          0.04003285146217734
        ],
        [
          0.08278650669373434,
          0.16048383939822142,
          0.14978100895222277,
          0.2688856320568353,
          0.09623813702739248,
          0.10698741053864096,
          0.1348374653329528
        ],
        [
          0.026391482103227563,
          0.11619521624608141,
          0.0031775184978442665,
          0.2706977724612599,
          0.29426733917583003,
          0.08342231765444591,
          0.20584835386131084
        ]
      ],
      "timestamps": [
        88,
        89,
        90,
        91,
        92,
        93,
        94,
        95,
        96,
        97,
        98,
        99
      ],
      "distance": 620.3
    }
  ],
  "conversation": [
    "I should grab a milk tea while I'm here.",
    "Feeling pretty good.",
    "Hearing four languages in two blocks — I love this city."
  ],
  "conversation_timestamps": [
    3,
    90,
    92
  ]
}
