{"agent_id": "agent-orange-718", "type": "orange", "trips": [{"trip_id": 0, "transport_method": "bicycle", "start_time": 0, "path": [[1.6613371, 42.5815034], [1.6593337, 42.579771], [1.6560994, 42.5777882], [1.6523736, 42.5782296], [1.6523294, 42.5781792], [1.6489056, 42.5796381], [1.6472299, 42.5801829], [1.6434742, 42.5795592], [1.6397047, 42.5791301], [1.635986, 42.5785553], [1.6370786, 42.5788271], [1.6333314, 42.5781648], [1.629597, 42.5781966], [1.6260829, 42.577147], [1.6263438, 42.577315], [1.6228778, 42.575808], [1.6195107, 42.5741991], [1.6161584, 42.5728306], [1.6124413, 42.5720161], [1.6087602, 42.5714168], [1.6058641, 42.5705642], [1.6033117, 42.5682535], [1.6001969, 42.5661134], [1.6001054, 42.5662246], [1.5970775, 42.5645297], [1.5937153, 42.5630322], [1.5937506, 42.5596965], [1.5916527, 42.5570821], [1.5904667, 42.5539986], [1.5918077, 42.5506426], [1.5918521, 42.5471738], [1.5917301, 42.5435525], [1.5919456, 42.5401499], [1.590077, 42.5372686], [1.5874092, 42.5347841], [1.5859089, 42.5339207], [1.5838058, 42.5322428], [1.5800989, 42.5317506], [1.5762798, 42.531603], [1.5731143, 42.5296759], [1.5738132, 42.5303309], [1.5705802, 42.5288144], [1.5712847, 42.5293482], [1.5680959, 42.5272242], [1.5681084, 42.5271441], [1.5648017, 42.525255], [1.5616293, 42.5233669], [1.5585504, 42.5211694], [1.556398, 42.5188999], [1.5554802, 42.5181003], [1.5542097, 42.5174424], [1.5527777, 42.5149147], [1.5505395, 42.5122362], [1.5469054, 42.5111082], [1.5451302, 42.5093431], [1.5413839, 42.5087602], [1.5379007, 42.5081209], [1.5353474, 42.5075662], [1.5345939, 42.5072375], [1.5310343, 42.506203], [1.5274412, 42.5053384], [1.5236586, 42.5048607], [1.5200628, 42.503902], [1.5210671, 42.5044541], [1.5174602, 42.5037434], [1.5139895, 42.502371], [1.5114322, 42.4997699], [1.5085082, 42.4974263], [1.5049239, 42.4960834], [1.501438, 42.4945162], [1.4983663, 42.492376], [1.4960177, 42.48973], [1.494541, 42.4864169], [1.4913766, 42.4845237], [1.4895142, 42.4812879], [1.4903791, 42.47772], [1.4905575, 42.4740993], [1.4918813, 42.4705953], [1.4918713, 42.4670255], [1.4908192, 42.4637419]], "mood_vectors": [[0.0431, 0.0351, 0.0293, 0.0737, 0.6981, 0.0729, 0.0478], [0.0769, 0.0274, 0.0775, 0.0547, 0.6832, 0.0349, 0.0455], [0.033, 0.0509, 0.0629, 0.032, 0.7729, 0.025, 0.0233], [0.0605, 0.0449, 0.0838, 0.0619, 0.6055, 0.0879, 0.0554], [0.0357, 0.0734, 0.045, 0.0258, 0.6245, 0.1012, 0.0944], [0.0301, 0.0836, 0.066, 0.0259, 0.657, 0.0531, 0.0843], [0.0303, 0.0611, 0.0526, 0.0329, 0.7227, 0.0533, 0.0471], [0.0736, 0.0781, 0.0614, 0.0777, 0.6097, 0.0387, 0.0607], [0.0304, 0.0432, 0.0604, 0.0628, 0.6896, 0.0621, 0.0515], [0.062, 0.0823, 0.0379, 0.0835, 0.6543, 0.0153, 0.0647], [0.0434, 0.085, 0.0579, 0.0272, 0.7038, 0.05, 0.0327], [0.0809, 0.0209, 0.048, 0.0363, 0.7177, 0.021, 0.0751], [0.0496, 0.0626, 0.0594, 0.0619, 0.6733, 0.032, 0.0612], [0.0812, 0.078, 0.08, 0.0358, 0.5878, 0.0771, 0.0601], [0.0147, 0.0313, 0.0692, 0.0789, 0.742, 0.0485, 0.0155], [0.0217, 0.0159, 0.0201, 0.0834, 0.7495, 0.047, 0.0624], [0.0604, 0.0128, 0.076, 0.0265, 0.7517, 0.0365, 0.036], [0.0957, 0.0382, 0.0328, 0.0992, 0.6907, 0.0227, 0.0208], [0.0278, 0.1028, 0.0803, 0.0439, 0.6303, 0.061, 0.0541], [0.0408, 0.0174, 0.0438, 0.0219, 0.8095, 0.0457, 0.0208], [0.028, 0.0347, 0.0318, 0.0605, 0.7523, 0.0515, 0.0412], [0.029, 0.0727, 0.0792, 0.075, 0.6583, 0.0383, 0.0475], [0.0326, 0.0431, 0.0265, 0.074, 0.7427, 0.057, 0.0242], [0.0746, 0.0365, 0.0698, 0.037, 0.7011, 0.0165, 0.0645], [0.0603, 0.0443, 0.0442, 0.0507, 0.64, 0.0831, 0.0774], [0.0618, 0.0325, 0.0255, 0.0322, 0.7394, 0.0291, 0.0795], [0.0134, 0.0348, 0.0557, 0.0182, 0.7606, 0.0802, 0.0371], [0.0191, 0.0637, 0.0971, 0.0321, 0.6649, 0.0845, 0.0385], [0.0634, 0.0322, 0.0636, 0.0137, 0.7843, 0.0267, 0.0161], [0.0242, 0.0624, 0.0318, 0.0767, 0.7278, 0.021, 0.0562], [0.0524, 0.0209, 0.0296, 0.0151, 0.7643, 0.0661, 0.0515], [0.0236, 0.0648, 0.0738, 0.0454, 0.6624, 0.0744, 0.0556], [0.0665, 0.0631, 0.018, 0.076, 0.6986, 0.0401, 0.0378], [0.0622, 0.0135, 0.0557, 0.0774, 0.6763, 0.0297, 0.0853], [0.0715, 0.0493, 0.0538, 0.0674, 0.6487, 0.0719, 0.0375], [0.062, 0.0246, 0.0187, 0.0347, 0.7693, 0.0148, 0.076], [0.0374, 0.0707, 0.0827, 0.0517, 0.6333, 0.0639, 0.0604], [0.0199, 0.0598, 0.0425, 0.0323, 0.7263, 0.0408, 0.0783], [0.0414, 0.0668, 0.0848, 0.0469, 0.6673, 0.0558, 0.037], [0.0397, 0.0525, 0.0686, 0.0625, 0.7209, 0.0175, 0.0381], [0.0558, 0.0626, 0.0568, 0.0567, 0.669, 0.034, 0.065], [0.0484, 0.0741, 0.0157, 0.0257, 0.7118, 0.0594, 0.0649], [0.0516, 0.0419, 0.0268, 0.0523, 0.7004, 0.0346, 0.0924], [0.062, 0.0607, 0.0553, 0.0215, 0.6831, 0.0605, 0.0569], [0.0289, 0.021, 0.0599, 0.0549, 0.7483, 0.0323, 0.0548], [0.0431, 0.0606, 0.0617, 0.0472, 0.7153, 0.0474, 0.0247], [0.0245, 0.0483, 0.0691, 0.0426, 0.7554, 0.0391, 0.021], [0.0481, 0.074, 0.076, 0.0279, 0.6794, 0.0714, 0.023], [0.0285, 0.0519, 0.0304, 0.0477, 0.7529, 0.0181, 0.0706], [0.0256, 0.0544, 0.075, 0.0556, 0.6885, 0.0582, 0.0428], [0.0756, 0.0687, 0.0557, 0.0334, 0.6844, 0.0338, 0.0484], [0.0255, 0.0828, 0.1061, 0.0578, 0.6804, 0.0229, 0.0245], [0.0595, 0.0621, 0.0459, 0.0503, 0.7305, 0.0381, 0.0137], [0.079, 0.0706, 0.0793, 0.075, 0.5949, 0.0507, 0.0505], [0.0795, 0.0653, 0.0301, 0.0374, 0.6652, 0.0694, 0.053], [0.0899, 0.054, 0.0219, 0.0447, 0.6387, 0.0797, 0.071], [0.0408, 0.0415, 0.0628, 0.0312, 0.7506, 0.0426, 0.0306], [0.0775, 0.0244, 0.0259, 0.0213, 0.7547, 0.0261, 0.0701], [0.0381, 0.0918, 0.0348, 0.0698, 0.6491, 0.0925, 0.0239], [0.0222, 0.0315, 0.068, 0.0173, 0.7676, 0.0243, 0.0691], [0.0669, 0.0565, 0.0595, 0.0608, 0.6758, 0.0655, 0.015], [0.0427, 0.0622, 0.0353, 0.0481, 0.682, 0.06, 0.0697], [0.0285, 0.0392, 0.025, 0.0393, 0.7395, 0.0601, 0.0684], [0.0691, 0.0826, 0.0157, 0.0354, 0.641, 0.0857, 0.0704], [0.0697, 0.0489, 0.0578, 0.057, 0.6672, 0.0327, 0.0668], [0.0161, 0.0568, 0.063, 0.0532, 0.693, 0.0786, 0.0394], [0.0595, 0.0812, 0.0727, 0.0182, 0.6924, 0.0474, 0.0286], [0.0381, 0.0367, 0.0592, 0.0363, 0.714, 0.0728, 0.0429], [0.0617, 0.0625, 0.0761, 0.0776, 0.6136, 0.077, 0.0316], [0.0622, 0.034, 0.0389, 0.0592, 0.6939, 0.0687, 0.0431], [0.0441, 0.0333, 0.0342, 0.0371, 0.727, 0.0642, 0.0601], [0.0666, 0.0125, 0.055, 0.0634, 0.7479, 0.0213, 0.0333], [0.0427, 0.0319, 0.0889, 0.0815, 0.671, 0.0526, 0.0315], [0.0264, 0.0314, 0.0369, 0.0814, 0.6959, 0.0181, 0.1099], [0.0403, 0.0758, 0.0626, 0.0449, 0.6449, 0.0741, 0.0575], [0.0652, 0.0178, 0.0497, 0.0121, 0.7442, 0.0766, 0.0345], [0.0171, 0.0524, 0.0398, 0.0649, 0.6855, 0.068, 0.0722], [0.054, 0.0459, 0.0739, 0.0577, 0.7044, 0.0426, 0.0214], [0.0849, 0.0685, 0.0707, 0.0755, 0.609, 0.0286, 0.0628], [0.0705, 0.0135, 0.0623, 0.0664, 0.6822, 0.0447, 0.0604]], "emotions": ["red", "red", "red", "red", "red", "red", "red", "red", "red", "red", "red", "red", "red", "red", "red", "red", "red", "red", "red", "red", "red", "red", "red", "red", "red", "red", "red", "red", "red", "red", "red", "red", "red", "red", "red", "red", "red", "red", "red", "red", "red", "red", "red", "red", "red", "red", "red", "red", "red", "red", "red", "red", "red", "red", "red", "red", "red", "red", "red", "red", "red", "red", "red", "red", "red", "red", "red", "red", "red", "red", "red", "red", "red", "red", "red", "red", "red", "red", "red", "red"], "timestamps": [0, 40, 80, 120, 160, 200, 240, 280, 320, 360, 400, 440, 480, 520, 560, 600, 640, 680, 720, 760, 800, 840, 880, 920, 960, 1000, 1040, 1080, 1120, 1160, 1200, 1240, 1280, 1320, 1360, 1400, 1440, 1480, 1520, 1560, 1600, 1640, 1680, 1720, 1760, 1800, 1840, 1880, 1920, 1960, 2000, 2040, 2080, 2120, 2160, 2200, 2240, 2280, 2320, 2360, 2400, 2440, 2480, 2520, 2560, 2600, 2640, 2680, 2720, 2760, 2800, 2840, 2880, 2920, 2960, 3000, 3040, 3080, 3120, 3160]}], "conversation": [], "conversation_timestamps": []}