{"agent_id": "agent-purple-944", "type": "purple", "trips": [{"trip_id": 0, "transport_method": "foot", "start_time": 0, "path": [[1.5066902, 42.4982759], [1.5067977, 42.4979247], [1.5072665, 42.4982146], [1.5070111, 42.498686], [1.506625, 42.4991008], [1.5069188, 42.4993831], [1.5074324, 42.4996225], [1.5079396, 42.4998713], [1.5084332, 42.5001403], [1.5089428, 42.500388], [1.5094535, 42.5006336], [1.5095293, 42.5006698], [1.509107, 42.5004675], [1.5096214, 42.5007053], [1.5101357, 42.5009432], [1.51065, 42.501181], [1.5111644, 42.5014188], [1.5108801, 42.5012636], [1.5103404, 42.5010926], [1.510437, 42.5011447], [1.5109703, 42.5013361], [1.5115037, 42.5015275], [1.512037, 42.501719], [1.5119971, 42.501745], [1.5116614, 42.5016489], [1.5122279, 42.5016602], [1.5127945, 42.5016714], [1.513291, 42.5019245], [1.5137759, 42.5022177], [1.5138674, 42.5022982], [1.5134696, 42.5019002], [1.5130396, 42.5016423], [1.5132344, 42.5018468], [1.5137446, 42.5020936], [1.5142547, 42.5023403], [1.5147648, 42.5025871], [1.5148849, 42.5026517], [1.5153566, 42.5029657], [1.5158283, 42.5032798], [1.5154185, 42.5029882], [1.5152739, 42.5029063], [1.5157427, 42.5032246], [1.5162164, 42.503535], [1.516753, 42.503709], [1.5173174, 42.5037472], [1.5178802, 42.5036892], [1.5184422, 42.5036166], [1.5190002, 42.5035561], [1.5194741, 42.5038306], [1.5200217, 42.503869], [1.5205457, 42.5040848], [1.5210694, 42.5043011], [1.5216016, 42.5044942], [1.5220639, 42.5048023], [1.5225966, 42.5047216], [1.5231586, 42.5047945], [1.523717, 42.5048732], [1.5242749, 42.5049716], [1.5248315, 42.5050777], [1.5253875, 42.5051868], [1.5259436, 42.5052959], [1.5265067, 42.5053093], [1.5270713, 42.5053076], [1.5276249, 42.5054113], [1.5277544, 42.5054669], [1.527615, 42.5054], [1.5281585, 42.5055602], [1.5287021, 42.5057205], [1.5292292, 42.505915], [1.5296941, 42.506239], [1.5301568, 42.5065659], [1.5306327, 42.506871], [1.5311577, 42.5070816], [1.5317107, 42.5072052], [1.5320252, 42.5076294], [1.5323721, 42.5080736], [1.5327612, 42.5083456], [1.5333228, 42.508421], [1.533884, 42.5084991], [1.5340928, 42.5085282]], "mood_vectors": [[0.0158, 0.0245, 0.019, 0.0484, 0.0528, 0.7772, 0.0624], [0.0646, 0.0273, 0.0167, 0.0554, 0.0123, 0.7482, 0.0754], [0.0444, 0.0635, 0.0675, 0.0547, 0.0198, 0.7216, 0.0285], [0.0838, 0.057, 0.0793, 0.018, 0.0323, 0.6835, 0.0461], [0.0974, 0.0403, 0.087, 0.0419, 0.0902, 0.6127, 0.0305], [0.0635, 0.0492, 0.0463, 0.0794, 0.0721, 0.6258, 0.0636], [0.0168, 0.0419, 0.0619, 0.0745, 0.0452, 0.716, 0.0437], [0.0192, 0.0243, 0.0238, 0.0214, 0.0528, 0.7887, 0.0698], [0.0451, 0.0772, 0.0343, 0.0213, 0.0197, 0.7713, 0.0312], [0.0385, 0.0259, 0.0666, 0.0731, 0.0606, 0.6902, 0.045], [0.0209, 0.0802, 0.0696, 0.0478, 0.0717, 0.6345, 0.0752], [0.0658, 0.0701, 0.0262, 0.0254, 0.0195, 0.7584, 0.0345], [0.0237, 0.0448, 0.0664, 0.0786, 0.051, 0.7105, 0.025], [0.0243, 0.0703, 0.0808, 0.072, 0.0352, 0.6439, 0.0735], [0.0709, 0.0498, 0.071, 0.0531, 0.0394, 0.682, 0.0336], [0.0591, 0.0122, 0.0248, 0.0564, 0.0647, 0.7637, 0.0191], [0.0367, 0.0666, 0.0488, 0.0221, 0.0225, 0.7404, 0.0629], [0.0594, 0.0687, 0.0289, 0.0579, 0.0517, 0.6811, 0.0525], [0.0365, 0.0786, 0.0901, 0.0863, 0.0408, 0.5798, 0.0879], [0.028, 0.0503, 0.0571, 0.0607, 0.0205, 0.7256, 0.0578], [0.0281, 0.0645, 0.0156, 0.0641, 0.0251, 0.7764, 0.0263], [0.0721, 0.0247, 0.0266, 0.0393, 0.0618, 0.6834, 0.0922], [0.0623, 0.0359, 0.0677, 0.0494, 0.058, 0.6781, 0.0486], [0.0209, 0.0541, 0.0173, 0.0872, 0.0573, 0.738, 0.0252], [0.0258, 0.0248, 0.0264, 0.0327, 0.0504, 0.7572, 0.0827], [0.058, 0.0396, 0.0201, 0.0617, 0.072, 0.7112, 0.0374], [0.0382, 0.0737, 0.0651, 0.0544, 0.0526, 0.7033, 0.0128], [0.0849, 0.0493, 0.0638, 0.0423, 0.0596, 0.6817, 0.0185], [0.0147, 0.0876, 0.0373, 0.0184, 0.0544, 0.7514, 0.0362], [0.0319, 0.0393, 0.0246, 0.067, 0.0445, 0.7376, 0.055], [0.0427, 0.0504, 0.0522, 0.0476, 0.0734, 0.6693, 0.0645], [0.0214, 0.0379, 0.0717, 0.0853, 0.064, 0.6459, 0.0738], [0.0721, 0.0133, 0.037, 0.0434, 0.0557, 0.7411, 0.0374], [0.0743, 0.045, 0.0773, 0.0255, 0.0311, 0.7026, 0.0441], [0.0598, 0.015, 0.0366, 0.0781, 0.0305, 0.6986, 0.0815], [0.0324, 0.0346, 0.0166, 0.0447, 0.0307, 0.8009, 0.0402], [0.0488, 0.0635, 0.0584, 0.0619, 0.0365, 0.7098, 0.0211], [0.0567, 0.0241, 0.0281, 0.0823, 0.0669, 0.7224, 0.0194], [0.0627, 0.0415, 0.0217, 0.0837, 0.0285, 0.7024, 0.0594], [0.0523, 0.0753, 0.0442, 0.0546, 0.0496, 0.7094, 0.0146], [0.0534, 0.0734, 0.0743, 0.0286, 0.0803, 0.6184, 0.0716], [0.0603, 0.0721, 0.0325, 0.0441, 0.0639, 0.7037, 0.0233], [0.0482, 0.0413, 0.0789, 0.0649, 0.06, 0.668, 0.0386], [0.0698, 0.0369, 0.0697, 0.0716, 0.0472, 0.6847, 0.0201], [0.0152, 0.0438, 0.0159, 0.075, 0.0756, 0.7162, 0.0583], [0.0762, 0.0329, 0.0439, 0.052, 0.0478, 0.6784, 0.0689], [0.065, 0.0152, 0.0527, 0.0506, 0.0688, 0.7136, 0.034], [0.0609, 0.0762, 0.0689, 0.0616, 0.0178, 0.6595, 0.0551], [0.0805, 0.0517, 0.0337, 0.0632, 0.0743, 0.6732, 0.0235], [0.0684, 0.0708, 0.0844, 0.0415, 0.0485, 0.6528, 0.0337], [0.0556, 0.0481, 0.0641, 0.0621, 0.0548, 0.671, 0.0444], [0.0452, 0.0688, 0.0487, 0.0738, 0.0428, 0.6407, 0.08], [0.054, 0.074, 0.0831, 0.0254, 0.0331, 0.6774, 0.053], [0.0377, 0.0398, 0.0685, 0.0853, 0.0884, 0.6402, 0.0401], [0.033, 0.0527, 0.0873, 0.0612, 0.0718, 0.6161, 0.0778], [0.0683, 0.0584, 0.0682, 0.073, 0.0376, 0.636, 0.0586], [0.0801, 0.0732, 0.0871, 0.0429, 0.0497, 0.5864, 0.0807], [0.0566, 0.0593, 0.0542, 0.0609, 0.0214, 0.6951, 0.0525], [0.0629, 0.0444, 0.0252, 0.0236, 0.0576, 0.7083, 0.0779], [0.068, 0.0287, 0.0398, 0.0478, 0.0473, 0.7132, 0.0552], [0.0199, 0.0771, 0.0688, 0.0822, 0.0586, 0.6484, 0.0451], [0.0421, 0.0289, 0.0156, 0.0547, 0.0243, 0.7805, 0.0539], [0.0868, 0.0728, 0.0472, 0.0222, 0.0753, 0.6192, 0.0764], [0.0511, 0.0402, 0.033, 0.0812, 0.0676, 0.69, 0.0369], [0.0572, 0.0508, 0.0204, 0.0464, 0.0388, 0.7407, 0.0457], [0.0519, 0.0179, 0.065, 0.0683, 0.0719, 0.6982, 0.0269], [0.0895, 0.0732, 0.0357, 0.0716, 0.056, 0.6464, 0.0277], [0.0291, 0.041, 0.0445, 0.0734, 0.0314, 0.7629, 0.0176], [0.0543, 0.0746, 0.0158, 0.0403, 0.0472, 0.7098, 0.058], [0.0615, 0.0296, 0.0372, 0.0591, 0.0418, 0.6892, 0.0816], [0.063, 0.0212, 0.0678, 0.0225, 0.0356, 0.7196, 0.0704], [0.0173, 0.0266, 0.05, 0.0866, 0.063, 0.7352, 0.0212], [0.0595, 0.0293, 0.0532, 0.0677, 0.0315, 0.6719, 0.0869], [0.0168, 0.0198, 0.0901, 0.0732, 0.0267, 0.7236, 0.0497], [0.0648, 0.0728, 0.0548, 0.0389, 0.0497, 0.6843, 0.0347], [0.0149, 0.0269, 0.0443, 0.0676, 0.0754, 0.6738, 0.0971], [0.03, 0.0338, 0.0845, 0.0698, 0.0462, 0.6406, 0.0951], [0.0354, 0.0948, 0.0378, 0.0367, 0.038, 0.6651, 0.0921], [0.02, 0.0766, 0.0852, 0.0191, 0.0161, 0.7627, 0.0202], [0.0798, 0.0431, 0.0684, 0.03, 0.0648, 0.6753, 0.0386]], "emotions": ["purple", "purple", "purple", "purple", "purple", "purple", "purple", "purple", "purple", "purple", "purple", "purple", "purple", "purple", "purple", "purple", "purple", "purple", "purple", "purple", "purple", "purple", "purple", "purple", "purple", "purple", "purple", "purple", "purple", "purple", "purple", "purple", "purple", "purple", "purple", "purple", "purple", "purple", "purple", "purple", "purple", "purple", "purple", "purple", "purple", "purple", "purple", "purple", "purple", "purple", "purple", "purple", "purple", "purple", "purple", "purple", "purple", "purple", "purple", "purple", "purple", "purple", "purple", "purple", "purple", "purple", "purple", "purple", "purple", "purple", "purple", "purple", "purple", "purple", "purple", "purple", "purple", "purple", "purple", "purple"], "timestamps": [0, 40, 80, 120, 160, 200, 240, 280, 320, 360, 400, 440, 480, 520, 560, 600, 640, 680, 720, 760, 800, 840, 880, 920, 960, 1000, 1040, 1080, 1120, 1160, 1200, 1240, 1280, 1320, 1360, 1400, 1440, 1480, 1520, 1560, 1600, 1640, 1680, 1720, 1760, 1800, 1840, 1880, 1920, 1960, 2000, 2040, 2080, 2120, 2160, 2200, 2240, 2280, 2320, 2360, 2400, 2440, 2480, 2520, 2560, 2600, 2640, 2680, 2720, 2760, 2800, 2840, 2880, 2920, 2960, 3000, 3040, 3080, 3120, 3160]}], "conversation": [], "conversation_timestamps": []}