{
  "agent_id": "agent-type-blue-7",
  "type": "blue",
  "trips": [
    {
      "trip_id": 0,
      "transport_method": "bicycle",
      "start_time": 0,
      "path": [
        [
          1.5289353000000003,
          42.50742249999999
        ],
        [
          1.5292508950920565,
          42.506928357235935
        ],
        [
          1.528528027125122,
          42.50687782415872
        ],
        [
          1.5280354146967867,
          42.50700897570693
        ],
        [
          1.5277987729110432,
          42.507217654297925
        ],
        [
          1.5269064370931238,
          42.50714565827428
        ],
        [
          1.526183922344438,
          42.50693744385072
        ],
        [
          1.5270101168487031,
          42.506929555310585
        ],
        [
          1.5266647569619713,
          42.5069006960363
        ],
        [
          1.5261639114420038,
          42.507081304280725
        ],
        [
          1.5252763805868852,
          42.507002669246425
        ],
        [
          1.524681945697988,
          42.50664072370211
        ],
        [
          1.5239007170994512,
          42.50676828314509
        ],
        [
          1.5230613160323752,
          42.506630183103475
        ],
        [
          1.5221887457822123,
          42.5064300136805
        ],
        [
          1.5223050413716137,
          42.50682915751117
        ],
        [
          1.5220279473419835,
          42.50650453127587
        ],
        [
          1.5218746440922666,
          42.50665554246573
        ],
        [
          1.5224880395749971,
          42.50730396950858
        ],
        [
          1.5231308967276784,
          42.50773671246724
        ],
        [
          1.5226360528455818,
          42.50808524869933
        ],
        [
          1.5224000294028708,
          42.50797916749464
        ],
        [
          1.5223414856287305,
          42.50848794426561
        ],
        [
          1.5219693148154665,
          42.50840301904419
        ],
        [
          1.5221241799652552,
          42.50838605897217
        ],
        [
          1.5213336251140273,
          42.50840431966469
        ],
        [
          1.52161392662364,
          42.50836784066171
        ],
        [
          1.5210646738312732,
          42.507928851283936
        ],
        [
          1.520266821786072,
          42.50752437675773
        ],
        [
          1.5195605708582511,
          42.50792217064984
        ],
        [
          1.5198942,
          42.50865760000001
        ]
      ],
      "emotions": [
        "red",
        "red",
        "red",
        "red",
        "red",
        "purple",
        "purple",
        "purple",
        "purple",
        "purple",
        "purple",
        "purple",
        "purple",
        "purple",
        "purple",
        "purple",
        "purple",
        "purple",
        "purple",
        "purple",
        "red",
        "red",
        "red",
        "red",
        "red",
        "green",
        "green",
        "green",
        "green",
        "green",
        "green"
      ],
      "mood_vectors": [
        [
          0.06905970436183526,
          0.1251114709687203,
          0.19229880288433104,
          0.19268167939107464,
          0.16288639319546075,
          0.19323271892715996,
          0.06472923027141807
        ],
        [
          0.1225164828412417,
          0.18844238480336506,
          0.15055024469347528,
          0.1501126076681765,
          0.12636923293355834,
          0.15889819646492634,
          0.10311085059525672
        ],
        [
          0.28762103654460397,
          0.06788685217635043,
          0.034756179275612684,
          0.12449795901419933,
          0.29664162529461646,
          0.03062078243515155,
          0.1579755652594656
        ],
        [
          0.3020517414842407,
          0.1504678956918771,
          0.04189807669413356,
          0.10893620863539388,
          0.08065277330707897,
          0.18955477424048103,
          0.12643852994679472
        ],
        [
          0.19026374547942806,
          0.17820754488245688,
          0.051060638651120545,
          0.1830615120468804,
          0.20925539149282912,
          0.18651688586215115,
          0.0016342815851338845
        ],
        [
          0.12584276272961387,
          0.03677608245835563,
          0.028202010584303026,
          0.20757766214812687,
          0.136514853029191,
          0.24970797673870415,
          0.21537865231170547
        ],
        [
          0.0477767678709757,
          0.026234720377016116,
          0.146905940950503,
          0.2042464573635303,
          0.20091790007076066,
          0.32864281313813876,
          0.04527540022907542
        ],
        [
          0.1305600593371464,
          0.31800116439476867,
          0.13131227596086953,
          0.08961201607255422,
          0.04283844253083957,
          0.24551784972642465,
          0.042158191977396876
        ],
        [
          0.24356845417917009,
          0.06476916009750355,
          0.23040304540576315,
          0.058949579939467305,
          0.11953161044232183,
          0.08523684487539136,
          0.1975413050603827
        ],
        [
          0.16975167563587495,
          0.3092883821202197,
          0.2786788261592089,
          0.05471032952030848,
          0.05321696224088665,
          0.044904251092096954,
          0.08944957323140444
        ],
        [
          0.021096378009126292,
          0.15949234173413346,
          0.04237868021714151,
          0.22306837243764321,
          0.09343796105560406,
          0.21127604820156023,
          0.24925021834479116
        ],
        [
          0.08241132675474962,
          0.17990238133687642,
          0.14805395247598763,
          0.11831854522885007,
          0.1471168644280221,
          0.16883061733451876,
          0.15536631244099533
        ],
        [
          0.05927160301827185,
          0.06803430822157419,
          0.03370226576549843,
          0.23571218793705165,
          0.2409428841597417,
          0.1668785218276918,
          0.19545822907017035
        ],
        [
          0.18611481905268584,
          0.038915861742666716,
          0.18298657213567976,
          0.24988785705462277,
          0.05162399285291508,
          0.26557495752561877,
          0.024895939635811087
        ],
        [
          0.017343620157984265,
          0.26472425296573604,
          0.23616782180891896,
          0.14495639675298996,
          0.06236955927052086,
          0.03522442668313882,
          0.23921392236071107
        ],
        [
          0.038372707536249225,
          0.2703475232009086,
          0.10604071973260257,
          0.17415666685109163,
          0.16707880060067684,
          0.12948934715758828,
          0.11451423492088285
        ],
        [
          0.24764472010890087,
          0.11799039170057263,
          0.1280672858567612,
          0.18110634263169664,
          0.09012640322534174,
          0.038980437001572554,
          0.19608441947515434
        ],
        [
          0.2398885863909371,
          0.049009201489444106,
          0.11848837360664372,
          0.2552497850741105,
          0.0862984526026857,
          0.17814544467052065,
          0.07292015616565829
        ],
        [
          0.28123449629056996,
          0.1091785798129327,
          0.24096363504864182,
          0.08658892625644715,
          0.1026733158760575,
          0.09933643712011846,
          0.08002460959523239
        ],
        [
          0.02189167399666695,
          0.2703889549953433,
          0.24800493270237509,
          0.06345449769148373,
          0.3440015137167193,
          0.004998658326551923,
          0.047259768570859714
        ],
        [
          0.2617683676614637,
          0.12244719182715157,
          0.09214808055377835,
          0.08409395299272511,
          0.06382256130809752,
          0.15151396477873438,
          0.22420588087804935
        ],
        [
          0.17252892833504954,
          0.07946887669674349,
          0.16355414948711383,
          0.18021742805603536,
          0.13002728374233985,
          0.13829002314623692,
          0.13591331053648098
        ],
        [
          0.2427572776548039,
          0.005184575893998664,
          0.18528239337426175,
          0.036717130789026824,
          0.08019985788135289,
          0.16165910592629634,
          0.2881996584802596
        ],
        [
          0.0889438119539794,
          0.04849938660712621,
          0.07013866969486499,
          0.2397747003305391,
          0.25206757103903243,
          0.19646514064244264,
          0.10411071973201523
        ],
        [
          0.06648988522664921,
          0.2758016876479696,
          0.31987766997479467,
          0.014669013873477065,
          0.08938129708195962,
          0.16463897085108026,
          0.06914147534406956
        ],
        [
          0.039575186731056006,
          0.008426811022458134,
          0.16883661911277864,
          0.22410371110380806,
          0.26710521876961174,
          0.26349229503975247,
          0.028460158220534965
        ],
        [
          0.2213288142299675,
          0.030436106181394203,
          0.2798923122099465,
          0.10285235581935416,
          0.0803469245876789,
          0.17175743436768418,
          0.11338605260397448
        ],
        [
          0.13917165024789732,
          0.022682538826142084,
          0.19892069411485302,
          0.13230202711188274,
          0.24067695745365933,
          0.11018319632604126,
          0.15606293591952433
        ],
        [
          0.05461920815376515,
          0.01856561354930423,
          0.09812332540037054,
          0.2829763289447695,
          0.18404534515310841,
          0.02235225721688584,
          0.33931792158179636
        ],
        [
          0.17820383910529372,
          0.12300070885132322,
          0.21132417453735802,
          0.16345722452839984,
          0.041182852448039806,
          0.22160555260061154,
          0.06122564792897389
        ],
        [
          0.12968662828537764,
          0.004031234745233486,
          0.21774348871758736,
          0.24514940457230688,
          0.14497843593173781,
          0.021392670615361667,
          0.2370181371323951
        ]
      ],
      "timestamps": [
        0,
        1,
        2,
        3,
        4,
        5,
        6,
        7,
        8,
        9,
        10,
        11,
        12,
        13,
        14,
        15,
        16,
        17,
        18,
        19,
        20,
        21,
        22,
        23,
        24,
        25,
        26,
        27,
        28,
        29,
        30
      ],
      "distance": 1046.2
    },
    {
      "trip_id": 1,
      "transport_method": "car",
      "start_time": 31,
      "path": [
        [
          1.5211020999999998,
          42.508253900000014
        ],
        [
          1.5217068441124795,
          42.50829836675914
        ],
        [
          1.522413340552433,
          42.50846205078185
        ],
        [
          1.523080104915162,
          42.50826111095796
        ],
        [
          1.5234485432952944,
          42.50779322562281
        ],
        [
          1.5241032164751287,
          42.50757612904259
        ],
        [
          1.5240630541966134,
          42.50761675979637
        ],
        [
          1.5233815964108628,
          42.50778543323708
        ],
        [
          1.5226619337946672,
          42.50763561234577
        ],
        [
          1.522273111126426,
          42.50707089046328
        ],
        [
          1.5217641695477186,
          42.50654038769275
        ],
        [
          1.5221815887936343,
          42.50635992091623
        ],
        [
          1.5228967127300141,
          42.5065303687842
        ],
        [
          1.5236119243562203,
          42.50670044737287
        ],
        [
          1.5243228305327943,
          42.50677952858992
        ],
        [
          1.5247716013869594,
          42.50682737089732
        ],
        [
          1.5254264889827602,
          42.507016721947316
        ],
        [
          1.5261584447515408,
          42.5070852454661
        ],
        [
          1.526239096305794,
          42.50709181544725
        ],
        [
          1.5269718713607106,
          42.50715093768477
        ],
        [
          1.5277046464156272,
          42.50721005992229
        ],
        [
          1.527614986404389,
          42.50682223752093
        ],
        [
          1.5272773020393076,
          42.506183098464525
        ],
        [
          1.5267791090969038,
          42.505850886241
        ],
        [
          1.5263030876431556,
          42.50586684696031
        ],
        [
          1.5260966194998982,
          42.50539945055313
        ],
        [
          1.5266867998369829,
          42.50530364313802
        ],
        [
          1.5273886348556367,
          42.50543163959675
        ],
        [
          1.5271901802612602,
          42.50548571644728
        ],
        [
          1.5278733708562642,
          42.50555475741042
        ],
        [
          1.5282217177975117,
          42.505397199677816
        ],
        [
          1.5276342364767352,
          42.50519653885415
        ],
        [
          1.5272661956652644,
          42.504917124630005
        ],
        [
          1.527611643604974,
          42.50507380995627
        ],
        [
          1.527745773139113,
          42.50485923664417
        ],
        [
          1.5272182512553145,
          42.50516558744764
        ],
        [
          1.527381428591743,
          42.505190324674786
        ],
        [
          1.5279755700034157,
          42.50533851661676
        ],
        [
          1.5281161595699841,
          42.505626074159395
        ],
        [
          1.5274108039486185,
          42.50541888302183
        ],
        [
          1.5271666581828842,
          42.50548650618365
        ],
        [
          1.5269368216936243,
          42.50534264966818
        ],
        [
          1.5262104521711526,
          42.50522932695686
        ],
        [
          1.5260693112597035,
          42.505769991187464
        ],
        [
          1.526762658466595,
          42.505983159197456
        ],
        [
          1.5271087840766548,
          42.50599439941637
        ],
        [
          1.527491058955203,
          42.506604782163436
        ],
        [
          1.5279082787898464,
          42.50720459641179
        ],
        [
          1.5272240980498306,
          42.50717128800391
        ],
        [
          1.526491322994914,
          42.50711216576639
        ],
        [
          1.5261984254020466,
          42.506840047538304
        ],
        [
          1.525678433667426,
          42.50704030825822
        ],
        [
          1.5254185969375462,
          42.50682661895972
        ],
        [
          1.5251984679710107,
          42.506993628200796
        ],
        [
          1.5244776016045152,
          42.50684982517898
        ],
        [
          1.5237598304611868,
          42.50669090768696
        ],
        [
          1.5230498786792592,
          42.50650236547574
        ],
        [
          1.5223362182254812,
          42.50633518186519
        ],
        [
          1.521656256384066,
          42.50642116078152
        ],
        [
          1.5221585091473844,
          42.506951433398
        ],
        [
          1.5223833687776873,
          42.507503787292016
        ],
        [
          1.5216901107999556,
          42.507442854395144
        ],
        [
          1.521180096080329,
          42.506913389296244
        ],
        [
          1.5217093725374446,
          42.506598617684546
        ],
        [
          1.5211768373825438,
          42.50691004532073
        ],
        [
          1.5216868784286923,
          42.507439484965
        ],
        [
          1.522379619248906,
          42.50750656979402
        ],
        [
          1.5221617415787074,
          42.50695480277053
        ],
        [
          1.5216528,
          42.5064243
        ]
      ],
      "emotions": [
        "green",
        "green",
        "green",
        "green",
        "purple",
        "purple",
        "purple",
        "purple",
        "purple",
        "red",
        "red",
        "red",
        "red",
        "red",
        "green",
        "green",
        "green",
        "green",
        "green",
        "green",
        "green",
        "green",
        "green",
        "green",
        "red",
        "red",
        "red",
        "red",
        "red",
        "green",
        "green",
        "green",
        "green",
        "green",
        "purple",
        "purple",
        "purple",
        "purple",
        "purple",
        "red",
        "red",
        "red",
        "red",
        "red",
        "purple",
        "purple",
        "purple",
        "purple",
        "purple",
        "green",
        "green",
        "green",
        "green",
        "green",
        "purple",
        "purple",
        "purple",
        "purple",
        "purple",
        "purple",
        "purple",
        "purple",
        "purple",
        "purple",
        "red",
        "red",
        "red",
        "red",
        "red"
      ],
      "mood_vectors": [
        [
          0.010993804354222753,
          0.07365219452773261,
          0.11642904432875022,
          0.17909041755874633,
          0.2965294352848752,
          0.2992692091937836,
          0.024035894751889383
        ],
        [
          0.05851330074142518,
          0.1072351835039471,
          0.2616171002152774,
          0.21253974160023578,
          0.11433601037756351,
          0.15455017016390735,
          0.09120849339764367
        ],
        [
          0.04755224884307074,
          0.18697053988681958,
          0.17821632240015445,
          0.14090319540404364,
          0.19706413311528326,
          0.044792654197576574,
          0.2045009061530518
        ],
        [
          0.1881749788348992,
          0.11047035150538255,
          0.13002524837211996,
          0.12979199713516504,
          0.152406477810779,
          0.15462246432948207,
          0.13450848201217216
        ],
        [
          0.03509355149442083,
          0.22057015047290202,
          0.2428057612695303,
          0.12391292866399199,
          0.2523562204390444,
          0.03418123534282236,
          0.09108015231728814
        ],
        [
          0.09896228799624007,
          0.003927637930845482,
          0.05240541230680442,
          0.24176833901920902,
          0.05208611676314266,
          0.22264235195861543,
          0.32820785402514285
        ],
        [
          0.13685075390197324,
          0.27945236079170704,
          0.10341431104145468,
          0.03429304708936782,
          0.24530822843810746,
          0.023939078505431793,
          0.17674222023195788
        ],
        [
          0.17621962763876015,
          0.006619620732930099,
          0.0768476714527853,
          0.21418926165558938,
          0.26391098579536515,
          0.0002985403874575788,
          0.2619142923371124
        ],
        [
          0.07536458024722098,
          0.190392492967116,
          0.15560769045102524,
          0.16526628365322563,
          0.22462452159698396,
          0.05211678605198402,
          0.1366276450324442
        ],
        [
          0.19099483318784577,
          0.1357627027343021,
          0.15359926536441657,
          0.1509567067382111,
          0.2199257633800055,
          0.1358475988889634,
          0.012913129706255648
        ],
        [
          0.026246632107252667,
          0.09412183614155753,
          0.2753696403496054,
          0.3184423090661564,
          0.21011333857396408,
          0.0579702221375978,
          0.017736021623866078
        ],
        [
          0.056659019336041734,
          0.23114091837192513,
          0.22732290139065428,
          0.09632717017403712,
          0.15563897928436088,
          0.15134311650605303,
          0.08156789493692777
        ],
        [
          0.08072786422745268,
          0.3490645730437683,
          0.15889666078232054,
          0.11319153629396378,
          0.00939511583215996,
          0.04154350097769526,
          0.2471807488426395
        ],
        [
          0.031912243191202394,
          0.1948015897928165,
          0.2562100069596344,
          0.044247261561095874,
          0.18514999156312745,
          0.024324296379987183,
          0.26335461055213616
        ],
        [
          0.22736132146845736,
          0.1792929986008724,
          0.20472649736098902,
          0.17488845797375027,
          0.01312075877484855,
          0.16160624809391144,
          0.039003717727170976
        ],
        [
          0.1825700292522052,
          0.056671528820825164,
          0.11568757144204816,
          0.08928252513809354,
          0.29306805803083313,
          0.03256307162677403,
          0.2301572156892208
        ],
        [
          0.10475294452417601,
          0.2219308407585152,
          0.08404937486684663,
          0.09252640573115349,
          0.1784184767499056,
          0.05033779772012809,
          0.26798415964927497
        ],
        [
          0.16863739462720267,
          0.023307442997054992,
          0.008493163051485942,
          0.16205716079039476,
          0.23136085575059154,
          0.2123879876045926,
          0.19375599517867753
        ],
        [
          0.13341445980271802,
          0.11547122488652228,
          0.1260006050621887,
          0.0799605447103773,
          0.15008768930518937,
          0.13900292837080439,
          0.2560625478622
        ],
        [
          0.21143587752525822,
          0.22922857895097218,
          0.04198866457669668,
          0.07140101523072018,
          0.17240497221108522,
          0.2122449472005514,
          0.06129594430471616
        ],
        [
          0.164961786000315,
          0.06330468578995756,
          0.07674215566989456,
          0.17148149448993955,
          0.19149561203173743,
          0.21071995927353268,
          0.12129430674462331
        ],
        [
          0.032836345681758194,
          0.1607729740388294,
          0.1746341672245965,
          0.037033351258571025,
          0.3339040533989622,
          0.17418390453323038,
          0.08663520386405235
        ],
        [
          0.22468418895770798,
          0.09614057744501067,
          0.17956235277779015,
          0.10040290144759564,
          0.2229724447100133,
          0.12141708774320796,
          0.0548204469186743
        ],
        [
          0.21226424784289008,
          0.17383362379771417,
          0.18168474675583612,
          0.06310332866571168,
          0.18803545102885166,
          0.0594706467117089,
          0.12160795519728736
        ],
        [
          0.23027882717896112,
          0.12339951127719963,
          0.05828155060554423,
          0.10848952206092843,
          0.1691249669156655,
          0.13129390094764223,
          0.17913172101405886
        ],
        [
          0.09206191362375012,
          0.15871134182532476,
          0.07311156479394,
          0.4771322542109363,
          0.0949574436875165,
          0.06879207291158866,
          0.035233408946943684
        ],
        [
          0.09812367167774655,
          0.17755329090579128,
          0.02336118960814159,
          0.13406539823703345,
          0.2285660759388587,
          0.20473699442960291,
          0.1335933792028255
        ],
        [
          0.09058441706510281,
          0.1950595112011635,
          0.23440159573407945,
          0.08990599196889132,
          0.0215357898309669,
          0.17133105648144742,
          0.19718163771834865
        ],
        [
          0.1550041735146515,
          0.18893517919550906,
          0.15674378994287666,
          0.10153875239425281,
          0.06720164246202498,
          0.17602501516741278,
          0.15455144732327217
        ],
        [
          0.10755564395475177,
          0.1583818300039871,
          0.14344301787247757,
          0.1482978795961998,
          0.14690157514816346,
          0.20537753973440792,
          0.09004251369001245
        ],
        [
          0.08258524832301578,
          0.2574309648116877,
          0.1416706180564945,
          0.17421651406616614,
          0.006088202981738367,
          0.3139340113299315,
          0.02407444043096603
        ],
        [
          0.05167557910627775,
          0.0099273877171259,
          0.1590808122621034,
          0.1975843803486593,
          0.2176718140981863,
          0.18403700547247648,
          0.18002302099517078
        ],
        [
          0.33971334484323734,
          0.022057270721766952,
          0.13965437774160327,
          0.15532284475238578,
          0.02612562292834849,
          0.014933862136687714,
          0.30219267687597046
        ],
        [
          0.05067483977935234,
          0.11100425477109857,
          0.004362477742259029,
          0.20457136719891897,
          0.3127528870220645,
          0.22836422127593317,
          0.08826995221037334
        ],
        [
          0.002120619518741148,
          0.20302889931923762,
          0.11092551258307139,
          0.24268484151952263,
          0.2189288510858253,
          0.09967673582410262,
          0.12263454014949926
        ],
        [
          0.41515401372142147,
          0.0055738699096607525,
          0.00748979669545822,
          0.28608666802910576,
          0.10313563284014574,
          0.05039232134349009,
          0.13216769746071794
        ],
        [
          0.24957917734826843,
          0.13410667339791726,
          0.22091379081450468,
          0.09452396293686036,
          0.07592997081623523,
          0.18797549263060806,
          0.03697093205560592
        ],
        [
          0.2253889817602042,
          0.06410643327368068,
          0.2153024747585567,
          0.0881980332779379,
          0.30259344833525137,
          0.017899396922919624,
          0.08651123167144943
        ],
        [
          0.2835612351532723,
          0.03214933474541863,
          0.13779811670785735,
          0.26021659070117864,
          0.005203367603911575,
          0.14306950859610063,
          0.13800184649226088
        ],
        [
          0.05549679701972433,
          0.08881452179606568,
          0.25084780321225214,
          0.2333618939420566,
          0.03289857582470099,
          0.18763288248216553,
          0.15094752572303471
        ],
        [
          0.17159229545935126,
          0.07297943732699926,
          0.13615499054579347,
          0.1921765391322115,
          0.11942674210210286,
          0.20361819882652987,
          0.10405179660701175
        ],
        [
          0.0624968125459874,
          0.2545825915426278,
          0.2750484727637634,
          0.2488740418182206,
          0.0005116172798310509,
          0.02898814487814528,
          0.1294983191714245
        ],
        [
          0.12143665093037614,
          0.18813662501945483,
          0.1772326651160523,
          0.30112991891890667,
          0.08360373963828885,
          0.0019926397536340268,
          0.12646776062328724
        ],
        [
          0.19167033421375124,
          0.2865398964647129,
          0.05610737473770362,
          0.15544538029818258,
          0.1346839372162512,
          0.13805953372488425,
          0.037493543344514255
        ],
        [
          0.17431318455671144,
          0.1853586566499937,
          0.03717935554538601,
          0.16970307883221433,
          0.13190924824735337,
          0.12815767065087474,
          0.17337880551746646
        ],
        [
          0.09611147414048614,
          0.15132113297946106,
          0.012060847870866963,
          0.05365981018668984,
          0.2663665753694243,
          0.22221816419303433,
          0.19826199526003738
        ],
        [
          0.07413096066087779,
          0.05451504301904831,
          0.15441920031200437,
          0.1878412449366547,
          0.23717338224545595,
          0.09037590190460909,
          0.20154426692134988
        ],
        [
          0.06124726976766676,
          0.07827393163550185,
          0.022416315420603454,
          0.10597719636177154,
          0.3009109012979811,
          0.24550693033494592,
          0.1856674551815295
        ],
        [
          0.06867857583415829,
          0.23181410959242893,
          0.18280090599265889,
          0.15195629011378625,
          0.09199712410874566,
          0.07876122052530386,
          0.19399177383291805
        ],
        [
          0.06553678374113193,
          0.22675839028481645,
          0.18020874588796837,
          0.1580989765468532,
          0.09631075594255975,
          0.13162302623025585,
          0.14146332136641435
        ],
        [
          0.03416163665557938,
          0.15494269705545266,
          0.22706453961505346,
          0.19751708803530407,
          0.21656581303591593,
          0.1286439801587234,
          0.041104245443971094
        ],
        [
          0.14106793267193957,
          0.1488169248607419,
          0.2606726072114098,
          0.1895472988616365,
          0.07763191972403387,
          0.11137376140951366,
          0.07088955526072467
        ],
        [
          0.29047007550005044,
          0.010496281697199024,
          0.09742334619653978,
          0.31054110854082473,
          0.11472176253064424,
          0.031213145856118216,
          0.1451342796786237
        ],
        [
          0.22230434180159,
          0.038371523231977706,
          0.2342323610467787,
          0.2159190931186874,
          0.024309472659169502,
          0.04277532052625548,
          0.22208788761554113
        ],
        [
          0.11478940532495459,
          0.1585758603004807,
          0.08970551524981141,
          0.09601256722671393,
          0.35084888708553424,
          0.06693161020285165,
          0.12313615460965348
        ],
        [
          0.2657286947763669,
          0.025865783076311794,
          0.05175336619466293,
          0.02068270120453723,
          0.11129735848013432,
          0.23176188843176435,
          0.29291020783622257
        ],
        [
          0.16495794353457877,
          0.09713116239088236,
          0.09611728953834112,
          0.16405296417084633,
          0.16793682801549684,
          0.16705928081606067,
          0.142744531533794
        ],
        [
          0.11757915565128557,
          0.04695265296986596,
          0.2511562112601958,
          0.12957681343334887,
          0.1470424790490366,
          0.02066237778606083,
          0.2870303098502064
        ],
        [
          0.21997589565202055,
          0.14645670246673367,
          0.21378014445477206,
          0.0891805021656948,
          0.19025567666786775,
          0.05336792690029061,
          0.08698315169262069
        ],
        [
          0.19782554390383014,
          0.16055728278490272,
          0.06838855538685243,
          0.1378183310878471,
          0.07095235753607522,
          0.20150992536505016,
          0.16294800393544218
        ],
        [
          0.0756232725126419,
          0.13907034484601224,
          0.19002113591311798,
          0.04269573607032641,
          0.30865560930360214,
          0.23565392384021333,
          0.008279977514086056
        ],
        [
          0.06859077740830409,
          0.17640741602544474,
          0.22483101166505354,
          0.16487694149620083,
          0.10718117006854505,
          0.056797344485472086,
          0.2013153388509796
        ],
        [
          0.1196809748760356,
          0.18064924905554144,
          0.06559762775996637,
          0.21929931651428322,
          0.12326116223867489,
          0.1832586929624413,
          0.10825297659305709
        ],
        [
          0.08789244552399356,
          0.055126876762545636,
          0.09693264725113696,
          0.25745045694814733,
          0.10037978111405921,
          0.24586294461063188,
          0.15635484778948544
        ],
        [
          0.21767082463686221,
          0.2474279718202022,
          0.013432108407281726,
          0.03945702220439343,
          0.24029052066073284,
          0.03925607792548132,
          0.20246547434504628
        ],
        [
          0.21902344920378744,
          0.2608642537232687,
          0.17321016277435303,
          0.05767365463623571,
          0.056377794112990355,
          0.07395526535712138,
          0.15889542019224334
        ],
        [
          0.28399669692875884,
          0.0843284803287502,
          0.07402171745271129,
          0.14864887609242355,
          0.1678492466471534,
          0.050525967015427484,
          0.19062901553477526
        ],
        [
          0.1982967817847963,
          0.2626715339690237,
          0.11354322033143546,
          0.08004661618880463,
          0.13148122485978114,
          0.18756333458097318,
          0.026397288285185564
        ],
        [
          0.1529933877933115,
          0.08005387249985964,
          0.3173621495486082,
          0.0298887329160467,
          0.2650331452366619,
          0.005568896855320002,
          0.14909981515019208
        ]
      ],
      "timestamps": [
        31,
        32,
        33,
        34,
        35,
        36,
        37,
        38,
        39,
        40,
        41,
        42,
        43,
        44,
        45,
        46,
        47,
        48,
        49,
        50,
        51,
        52,
        53,
        54,
        55,
        56,
        57,
        58,
        59,
        60,
        61,
        62,
        63,
        64,
        65,
        66,
        67,
        68,
        69,
        70,
        71,
        72,
        73,
        74,
        75,
        76,
        77,
        78,
        79,
        80,
        81,
        82,
        83,
        84,
        85,
        86,
        87,
        88,
        89,
        90,
        91,
        92,
        93,
        94,
        95,
        96,
        97,
        98,
        99
      ],
      "distance": 1021.6
    }
  ],
  "conversation": [
    "Thinking about that meeting later.",
    "Wonder what's new around here.",
    "The old town feels like its own little city."
  ],
  "conversation_timestamps": [
    50,
    80,
    84
  ]
}
