{
  "agent_id": "agent-type-purple-58",
  "type": "purple",
  "trips": [
    {
      "trip_id": 0,
      "transport_method": "foot",
      "start_time": 0,
      "path": [
        [
          1.5251082,
          42.507948000000006
        ],
        [
          1.525316026669402,
          42.50748252417613
        ],
        [
          1.5254433720335614,
          42.507541023179535
        ],
        [
          1.5260902435221857,
          42.5078793022678
        ],
        [
          1.5264941134567127,
          42.50759588846078
        ],
        [
          1.5263954958551853,
          42.507209190302724
        ],
        [
          1.5256681080548489,
          42.50714693455767
        ],
        [
          1.525091010641147,
          42.50697463063011
        ],
        [
          1.5247145959700548,
          42.50664463150872
        ],
        [
          1.524246397759424,
          42.50681023296773
        ],
        [
          1.5245171361673353,
          42.50621952095036
        ],
        [
          1.5243595245951906,
          42.50675242730735
        ],
        [
          1.5236596660273087,
          42.506668535108005
        ],
        [
          1.5236025045072494,
          42.506183421594685
        ],
        [
          1.523905435500458,
          42.50551919151164
        ],
        [
          1.5236654335063342,
          42.506045438571405
        ],
        [
          1.5233042462433182,
          42.50658150809495
        ],
        [
          1.5226051088925259,
          42.50637276411663
        ],
        [
          1.521904664076482,
          42.5062311898353
        ],
        [
          1.5218765169898851,
          42.50557090846678
        ],
        [
          1.5221054624386758,
          42.504888425066035
        ],
        [
          1.5225135670878454,
          42.504575323950675
        ],
        [
          1.5232378949684038,
          42.504666108379816
        ],
        [
          1.5239544622089096,
          42.504805751423696
        ],
        [
          1.5236650702333459,
          42.50469079840475
        ],
        [
          1.5229982075488058,
          42.50463497236761
        ],
        [
          1.522273620498768,
          42.504545852474706
        ],
        [
          1.5218093098791436,
          42.5049204348695
        ],
        [
          1.5211066982764323,
          42.50472297766691
        ],
        [
          1.5209408041456465,
          42.504653250172964
        ],
        [
          1.5202709000000005,
          42.504363099999985
        ]
      ],
      "emotions": [
        "purple",
        "purple",
        "purple",
        "purple",
        "purple",
        "green",
        "green",
        "green",
        "green",
        "green",
        "red",
        "red",
        "red",
        "red",
        "red",
        "purple",
        "purple",
        "purple",
        "purple",
        "purple",
        "red",
        "red",
        "red",
        "red",
        "red",
        "red",
        "red",
        "red",
        "red",
        "red",
        "green"
      ],
      "mood_vectors": [
        [
          0.04065834966040419,
          0.11603242346497117,
          0.05935591350878437,
          0.233392037824838,
          0.046012269645251035,
          0.32853850489651154,
          0.17601050099923962
        ],
        [
          0.06916322354512201,
          0.14632532818685845,
          0.2660282958478535,
          0.12069350728445884,
          0.0038873347935897214,
          0.1955353561320389,
          0.1983669542100786
        ],
        [
          0.15036916571031506,
          0.08336718296201971,
          0.10875355399198397,
          0.02868751052597588,
          0.26848102418944214,
          0.13169426866460518,
          0.22864729395565803
        ],
        [
          0.07786851714524408,
          0.18179686324498046,
          0.11699125158024193,
          0.12458133184193855,
          0.26845155462586695,
          0.08099854301699186,
          0.14931193854473618
        ],
        [
          0.18723179017079827,
          0.14591446254776164,
          0.17978734748062142,
          0.0326453685895366,
          0.08058945342263456,
          0.19205979906252374,
          0.18177177872612377
        ],
        [
          0.00854513389433236,
          0.34201826331937246,
          0.1306063817177384,
          0.02315213839162118,
          0.17284054807960322,
          0.23915639865629873,
          0.08368113594103369
        ],
        [
          0.09833508205415446,
          0.21749809046299534,
          0.06887038105816642,
          0.11790366527052816,
          0.14018348967343094,
          0.1932829057657418,
          0.16392638571498283
        ],
        [
          0.21464468648828386,
          0.1155367343275542,
          0.17587925865438306,
          0.07949867417654376,
          0.2553520414021413,
          0.10369502834056604,
          0.05539357661052782
        ],
        [
          0.0225291953180198,
          0.06835372428337876,
          0.2814894352296215,
          0.04569329347197683,
          0.1407861100480656,
          0.16800277465183625,
          0.27314546699710135
        ],
        [
          0.08498136207327917,
          0.2607945522893344,
          0.04741798562057721,
          0.06745035713946135,
          0.014807051708559577,
          0.2518963803560919,
          0.2726523108126963
        ],
        [
          0.14183287457199847,
          0.23630954832448847,
          0.09622727817946933,
          0.15771319552596177,
          0.12739024969175908,
          0.2046708578389836,
          0.03585599586733929
        ],
        [
          0.15258698364338733,
          0.4023891129774551,
          0.0705650934853557,
          0.02202768329785115,
          0.015992089986990792,
          0.301557069977344,
          0.03488196663161594
        ],
        [
          0.0671088542185274,
          0.15691963378089988,
          0.21607781880966898,
          0.1884775789065246,
          0.14586930561038944,
          0.018205522231313245,
          0.2073412864426765
        ],
        [
          0.1506994417462117,
          0.20061691300258402,
          0.06395159804537512,
          0.11107591319421983,
          0.13256334603954154,
          0.20259678472519624,
          0.13849600324687156
        ],
        [
          0.15323424472191938,
          0.208123146566572,
          0.1257822278498151,
          0.10535928268168106,
          0.3379345492585784,
          0.03300867021738912,
          0.036557878704045005
        ],
        [
          0.16384898531978076,
          0.04614977522285083,
          0.2188046762292732,
          0.15711222222505233,
          0.19960341073137958,
          0.0017563308162584655,
          0.2127245994554048
        ],
        [
          0.11419152988691993,
          0.2356287656396835,
          0.1390372379765744,
          0.08375097467704892,
          0.15847076930050777,
          0.06642943605546643,
          0.20249128646379902
        ],
        [
          0.2096633481343564,
          0.2152134974807206,
          0.049112906313125815,
          0.22474346429179376,
          0.15711730812605576,
          0.042020342387484845,
          0.10212913326646281
        ],
        [
          0.03975219179812602,
          0.28780286788873205,
          0.18222514827322475,
          0.2510781021000263,
          0.07176467178125365,
          0.13749760343838913,
          0.02987941472024808
        ],
        [
          0.2469298195458716,
          0.04405503710667845,
          0.11408467285138006,
          0.2000018353037511,
          0.03499525483394141,
          0.27991832848307896,
          0.08001505187529842
        ],
        [
          0.10182922663676053,
          0.013639535593694392,
          0.18619858966799077,
          0.1342262617832536,
          0.09530126487264,
          0.17754351228471188,
          0.2912616091609489
        ],
        [
          0.19447291914687664,
          0.14209322418650305,
          0.15655119564228612,
          0.11628924652130812,
          0.19243381007962704,
          0.14698602865347435,
          0.05117357576992475
        ],
        [
          0.24874766206337096,
          0.23557984214266647,
          0.06037553634368536,
          0.035373133236065654,
          0.24488401283082042,
          0.15949641964088807,
          0.015543393742503063
        ],
        [
          0.026586022588664746,
          0.13406416885603567,
          0.27876141681196387,
          0.035704107258124854,
          0.21400806439049047,
          0.14492502516891773,
          0.16595119492580268
        ],
        [
          0.15217041052152647,
          0.011868568841989922,
          0.17112502809586458,
          0.1177563391873362,
          0.2352019829369339,
          0.19828557165822497,
          0.11359209875812398
        ],
        [
          0.2202451650334381,
          0.26666315799153373,
          0.23039556229721164,
          0.12462918136295376,
          0.027166752570686268,
          0.05769094128727664,
          0.07320923945689996
        ],
        [
          0.10816129050165034,
          0.19911252055381232,
          0.14542770925237047,
          0.17693767808658042,
          0.01762778223714438,
          0.1423085025412622,
          0.21042451682717978
        ],
        [
          0.1756328489986472,
          0.17396665672672432,
          0.16259885721024395,
          0.1812884844696188,
          0.00024508271040554644,
          0.13320882623780336,
          0.17305924364655687
        ],
        [
          0.16368031765799923,
          0.13704028892763231,
          0.032706808281818434,
          0.08567849777838189,
          0.2027945435053015,
          0.23921281634677413,
          0.13888672750209255
        ],
        [
          0.23769058785946104,
          0.044699092040000304,
          0.2298824714417243,
          0.24477263671826432,
          0.19916289177762195,
          0.021241263435624092,
          0.02255105672730404
        ],
        [
          0.23357605565174916,
          0.1138619576529996,
          0.14081631134614161,
          0.06387924826712986,
          0.19163698118025832,
          0.16641954441039783,
          0.08980990149132365
        ]
      ],
      "timestamps": [
        0,
        1,
        2,
        3,
        4,
        5,
        6,
        7,
        8,
        9,
        10,
        11,
        12,
        13,
        14,
        15,
        16,
        17,
        18,
        19,
        20,
        21,
        22,
        23,
        24,
        25,
        26,
        27,
        28,
        29,
        30
      ],
      "distance": 800.7
    },
    {
      "trip_id": 1,
      "transport_method": "car",
      "start_time": 31,
      "path": [
        [
          1.5208806000000004,
          42.504565799999995
        ],
        [
          1.521333509117667,
          42.50479236611863
        ],
        [
          1.522040803208016,
          42.50454246001637
        ],
        [
          1.522694273634249,
          42.5045317148329
        ],
        [
          1.5219658349948844,
          42.50446807923936
        ],
        [
          1.5229425051501113,
          42.50456059369646
        ],
        [
          1.5239070621632975,
          42.50473930880964
        ],
        [
          1.5231710748051217,
          42.50465631609548
        ],
        [
          1.522236402415573,
          42.504569546435405
        ],
        [
          1.5219171097153636,
          42.50541603269144
        ],
        [
          1.5219408668884833,
          42.506302545497206
        ],
        [
          1.522895360754914,
          42.50653004654457
        ],
        [
          1.5234097629621846,
          42.506652620600114
        ],
        [
          1.5224552618303315,
          42.50642515014889
        ],
        [
          1.5217397566084183,
          42.50651494050494
        ],
        [
          1.5224190537071938,
          42.5072230158676
        ],
        [
          1.5231085595114304,
          42.507731896958134
        ],
        [
          1.5240323839072087,
          42.50762654860067
        ],
        [
          1.5239238303009217,
          42.50766119483415
        ],
        [
          1.5230577553501496,
          42.50802172141189
        ],
        [
          1.523681385451697,
          42.508611203404165
        ],
        [
          1.523925872662475,
          42.508771899997676
        ],
        [
          1.5248770952353758,
          42.50892319131801
        ],
        [
          1.5256835748128372,
          42.50936035558951
        ],
        [
          1.5266500452235547,
          42.50952991446663
        ],
        [
          1.5276073784744113,
          42.50973130238951
        ],
        [
          1.528516623350688,
          42.510100204846225
        ],
        [
          1.5294258682269648,
          42.51046910730294
        ],
        [
          1.5290395322435983,
          42.50986502495086
        ],
        [
          1.5283333328009083,
          42.5091837778483
        ],
        [
          1.5289212999999995,
          42.50898130000001
        ]
      ],
      "emotions": [
        "green",
        "green",
        "green",
        "green",
        "green",
        "green",
        "green",
        "green",
        "green",
        "purple",
        "purple",
        "purple",
        "purple",
        "purple",
        "green",
        "green",
        "green",
        "green",
        "green",
        "green",
        "green",
        "green",
        "green",
        "green",
        "red",
        "red",
        "red",
        "red",
        "red",
        "red",
        "red"
      ],
      "mood_vectors": [
        [
          0.17468864683383234,
          0.01494801217762691,
          0.1805764834924749,
          0.1312697478523055,
          0.17059369452013876,
          0.12617854597249192,
          0.20174486915112977
        ],
        [
          0.16987094057056648,
          0.20404221205468803,
          0.12139540067569489,
          0.0785223315630521,
          0.20625350995076855,
          0.007469697670747957,
          0.21244590751448192
        ],
        [
          0.1628432218636286,
          0.04812610555997507,
          0.19110208136794013,
          0.05132863116237019,
          0.09661145913945522,
          0.23475383807434613,
          0.21523466283228462
        ],
        [
          0.1603311336297712,
          0.1516548726786871,
          0.1337536755867255,
          0.18838674937962374,
          0.13970077681787213,
          0.06627585932165762,
          0.1598969325856628
        ],
        [
          0.1675708316544324,
          0.20038365661511592,
          0.15470486888717108,
          0.14565418844213193,
          0.18814679872114107,
          0.09594961638582036,
          0.0475900392941872
        ],
        [
          0.09199375865765248,
          0.20077510486415312,
          0.02640245490018008,
          0.2889586697986893,
          0.036903634579451,
          0.034310880228608696,
          0.32065549697126533
        ],
        [
          0.18819174449088968,
          0.2671353670080313,
          0.00016508782448094281,
          0.07037147330742406,
          0.2566515336577333,
          0.1920390116894035,
          0.025445782022037244
        ],
        [
          0.031796234326481945,
          0.15078179895827803,
          0.2632719340966786,
          0.06486422694125213,
          0.03308768635310138,
          0.23632705556346742,
          0.2198710637607405
        ],
        [
          0.13001706464896157,
          0.18800138105788372,
          0.1600224500114388,
          0.13103786627387773,
          0.143002786258318,
          0.07153914065068967,
          0.17637931109883045
        ],
        [
          0.06979899644616248,
          0.0717696902414998,
          0.0943754363939773,
          0.07801171357149368,
          0.2616761644200353,
          0.17985251506850672,
          0.2445154838583247
        ],
        [
          0.2852039614797046,
          0.14005355353774354,
          0.1595146426722656,
          0.009154949784865968,
          0.03535290496981002,
          0.36473911732826014,
          0.0059808702273501674
        ],
        [
          0.007870483693605566,
          0.17418332815892767,
          0.20874714130161284,
          0.269697007983953,
          0.0892727854406327,
          0.1750527509513301,
          0.07517650246993815
        ],
        [
          0.0974043503874699,
          0.03047873302993518,
          0.25167978552370357,
          0.0932403649279264,
          0.16133524332086885,
          0.16249495955800491,
          0.20336656325209107
        ],
        [
          0.23556218193380898,
          0.083321336318994,
          0.14942094710948403,
          0.23647060441648537,
          0.0782659426295983,
          0.0067625776027616085,
          0.21019640998886777
        ],
        [
          0.03169676948782531,
          0.26341531176901284,
          0.15206358904248113,
          0.15900794390256992,
          0.13295547578168793,
          0.02412256413655073,
          0.2367383458798722
        ],
        [
          0.03875126015256873,
          0.21995214272070676,
          0.2058070733104846,
          0.15521266719018584,
          0.12058396984254145,
          0.017929069769080687,
          0.2417638170144319
        ],
        [
          0.13771192395485599,
          0.14299986207661522,
          0.0850418437399408,
          0.195609073288602,
          0.18557012125219477,
          0.15852358197099753,
          0.09454359371679363
        ],
        [
          0.27799555606437093,
          0.026448295371952733,
          0.06452382632214607,
          0.2643989142004935,
          0.08318317117798536,
          0.27009106692446244,
          0.013359169938588962
        ],
        [
          0.0629639845125413,
          0.10694071023090863,
          0.014822288266176329,
          0.09562137595402372,
          0.26765690394602804,
          0.15689957137642643,
          0.29509516571389555
        ],
        [
          0.0682252965620942,
          0.21801176950665038,
          0.05140361748531406,
          0.018598664641965072,
          0.22231352152785153,
          0.12863215070843984,
          0.2928149795676849
        ],
        [
          0.2404141552079283,
          0.009097459326543085,
          0.2238765826487553,
          0.02607369870810238,
          0.1405478968165942,
          0.13258624200192995,
          0.22740396529014678
        ],
        [
          0.07924759817800087,
          0.18459201680582973,
          0.10140771316678701,
          0.2196520840074881,
          0.019661422621094816,
          0.230229804877955,
          0.16520936034284459
        ],
        [
          0.07029677783320236,
          0.0710156992599379,
          0.30525829712815516,
          0.04143359238772762,
          0.1756460335981631,
          0.27913752291710864,
          0.05721207687570522
        ],
        [
          0.03855682514167026,
          0.1473175202586336,
          0.3959935173160115,
          0.3045517297366453,
          0.09013758693908312,
          0.022343039622995834,
          0.0010997809849603733
        ],
        [
          0.011788807557661736,
          0.30958299464044037,
          0.24311834273646143,
          0.1095907816911094,
          0.05656614436456852,
          0.22732964357580238,
          0.04202328543395624
        ],
        [
          0.18296695413427355,
          0.1439031331644894,
          0.07408321720207868,
          0.2366425146976166,
          0.09617758362498564,
          0.16503138940967804,
          0.10119520776687804
        ],
        [
          0.22271015330848473,
          0.11687324507906705,
          0.1367759579049539,
          0.10644935018176752,
          0.24639819905925123,
          0.11008671825618689,
          0.0607063762102887
        ],
        [
          0.1898457365897532,
          0.06409877266155069,
          0.04930918259214908,
          0.11464132063551952,
          0.28938909801752594,
          0.22990464843034947,
          0.06281124107315211
        ],
        [
          0.160999829123643,
          0.1477038226237841,
          0.17207445850097283,
          0.1830069121521493,
          0.20442155193261569,
          0.062113989092609824,
          0.06967943657422519
        ],
        [
          0.1705338414893652,
          0.22179718131646403,
          0.029205310335662083,
          0.04605003036175148,
          0.2604561517985152,
          0.00892531752981133,
          0.2630321671684306
        ],
        [
          0.16917361649974813,
          0.08484496774331135,
          0.15161517090490076,
          0.18477580692893156,
          0.1280502032313692,
          0.021611394447260734,
          0.2599288402444783
        ]
      ],
      "timestamps": [
        31,
        32,
        33,
        34,
        35,
        36,
        37,
        38,
        39,
        40,
        41,
        42,
        43,
        44,
        45,
        46,
        47,
        48,
        49,
        50,
        51,
        52,
        53,
        54,
        55,
        56,
        57,
        58,
        59,
        60,
        61
      ],
      "distance": 1278.7
    },
    {
      "trip_id": 2,
      "transport_method": "bicycle",
      "start_time": 62,
      "path": [
        [
          1.5289212999999995,
          42.50898130000001
        ],
        [
          1.5283222649277441,
          42.50900868690512
        ],
        [
          1.5286412781340848,
          42.509480842463894
        ],
        [
          1.529148350522018,
          42.50996999832297
        ],
        [
          1.5295384356677013,
          42.510495421936994
        ],
        [
          1.5288892773497205,
          42.51025139951263
        ],
        [
          1.5282364122485055,
          42.50998651648054
        ],
        [
          1.5275835471472905,
          42.50972163344845
        ],
        [
          1.526897229672824,
          42.50957328084102
        ],
        [
          1.5262032749209447,
          42.50945153247997
        ],
        [
          1.525526357939983,
          42.509301892616605
        ],
        [
          1.5256272708173477,
          42.50908459830223
        ],
        [
          1.5263121772121009,
          42.509249822669375
        ],
        [
          1.5269970836068538,
          42.509415047036526
        ],
        [
          1.5264950099983936,
          42.50929392859632
        ],
        [
          1.5258101036036407,
          42.50912870422917
        ],
        [
          1.5254128748233886,
          42.50915191014168
        ],
        [
          1.5252472465121056,
          42.50899547148803
        ],
        [
          1.5245557532289251,
          42.50886044223049
        ],
        [
          1.5238910754714863,
          42.508808819300384
        ],
        [
          1.5238847640766167,
          42.50870963114506
        ],
        [
          1.5232624614256502,
          42.50838318401995
        ],
        [
          1.5226050616705298,
          42.50843449501969
        ],
        [
          1.5219250284379666,
          42.50833372167023
        ],
        [
          1.52132085212267,
          42.50839602117368
        ],
        [
          1.5214734114050459,
          42.50847290312872
        ],
        [
          1.5213879019262115,
          42.50810082810141
        ],
        [
          1.5207659084385203,
          42.507769890097634
        ],
        [
          1.5201321791895634,
          42.50756948804376
        ],
        [
          1.5195530659753351,
          42.50787988977733
        ],
        [
          1.5196762,
          42.508573600000005
        ]
      ],
      "emotions": [
        "red",
        "red",
        "red",
        "purple",
        "purple",
        "purple",
        "purple",
        "purple",
        "purple",
        "purple",
        "purple",
        "purple",
        "purple",
        "purple",
        "purple",
        "purple",
        "purple",
        "purple",
        "green",
        "green",
        "green",
        "green",
        "green",
        "green",
        "green",
        "green",
        "green",
        "green",
        "red",
        "red",
        "red"
      ],
      "mood_vectors": [
        [
          0.1316327622480475,
          0.24469951495861805,
          0.23784011224790028,
          0.10510368287733948,
          0.05457743392007787,
          0.049037374603168496,
          0.17710911914484834
        ],
        [
          0.04758589131983202,
          0.16941261012534414,
          0.12489602881322971,
          0.23562332368840988,
          0.23681993840557697,
          0.14236913219701577,
          0.04329307545059148
        ],
        [
          0.004409352450014746,
          0.11139876489991836,
          0.21808938406129053,
          0.06518183966171498,
          0.2907572969240097,
          0.07098277905052736,
          0.23918058295252437
        ],
        [
          0.30006487543510263,
          0.20942160521863074,
          0.13769250456089327,
          0.00027436429016325565,
          0.01563857541847313,
          0.029168576872089746,
          0.30773949820464713
        ],
        [
          0.16816608852590423,
          0.19833008197850488,
          0.23618562522526562,
          0.08363144900489898,
          0.04844161311045594,
          0.03900789174736531,
          0.22623725040760498
        ],
        [
          0.19513328190241272,
          0.045128770002284276,
          0.22267645064965272,
          0.1678894735525411,
          0.02947880173306085,
          0.2150565166582198,
          0.12463670550182858
        ],
        [
          0.18054215036422394,
          0.033779886269435636,
          0.08302475419590334,
          0.04285406409951952,
          0.20880858681863482,
          0.20975901726227622,
          0.2412315409900065
        ],
        [
          0.08538643411090159,
          0.03935311771464607,
          0.24504817665869705,
          0.016814044577879498,
          0.13531542942422142,
          0.23736434163509845,
          0.24071845587855584
        ],
        [
          0.23086491091041658,
          0.23451877230779533,
          0.10109510473820585,
          0.0006463295764615401,
          0.09768425131898714,
          0.10316395393963564,
          0.23202667720849793
        ],
        [
          0.10917482464519643,
          0.03370002749849526,
          0.06535109527398761,
          0.21238438918084,
          0.02590690876309529,
          0.29751757406351576,
          0.2559651805748697
        ],
        [
          0.14369378808330946,
          0.17741657511938103,
          0.21062325661863668,
          0.1662868844786934,
          0.07772558048262715,
          0.19052697807117042,
          0.033726937146181885
        ],
        [
          0.1692339649741911,
          0.2549034534153315,
          0.25610226193834856,
          0.09069616040995773,
          0.023182146645860886,
          0.14835098954562162,
          0.057531023070688574
        ],
        [
          0.1165294598052117,
          0.13240448836725469,
          0.07489916252835575,
          0.11315133305596685,
          0.21164009535514033,
          0.2381221977698357,
          0.11325326311823491
        ],
        [
          0.07923409346281764,
          0.11080370481534832,
          0.26992046584867335,
          0.15450773218010322,
          0.07764857987202294,
          0.22358254578263656,
          0.084302878038398
        ],
        [
          0.16193261804492534,
          0.19788623161747565,
          0.04946395840799753,
          0.2497649882745683,
          0.15297286166729643,
          0.04079830143900757,
          0.14718104054872921
        ],
        [
          0.0034273212780266855,
          0.1546995526759217,
          0.06294789939167672,
          0.29064053556054137,
          0.10531309607039725,
          0.10517061441069228,
          0.277800980612744
        ],
        [
          0.24585427599381093,
          0.0796344263868854,
          0.18906230228391083,
          0.1931876430654481,
          0.022543779084431427,
          0.1615388081874034,
          0.10817876499810994
        ],
        [
          0.21114635794850128,
          0.035179735631478415,
          0.20557216728935154,
          0.1316591040729005,
          0.12927965151893284,
          0.04478179911081729,
          0.24238118442801812
        ],
        [
          0.2220483850798791,
          0.1915294026315603,
          0.18431887670094438,
          0.07945001056058666,
          0.1516716251901766,
          0.018338727497403836,
          0.15264297233944907
        ],
        [
          0.16411730823767673,
          0.010652132265895153,
          0.003928923200819927,
          0.053240777016869655,
          0.12746474454251402,
          0.2989591138727441,
          0.3416370008634804
        ],
        [
          0.13429724509988394,
          0.13083104913946483,
          0.13449467245295357,
          0.2076871349054455,
          0.11809727303903421,
          0.15667726020352465,
          0.1179153651596932
        ],
        [
          0.19930640827559135,
          0.27685296709620244,
          0.005630764802304909,
          0.07936425624290672,
          0.2791120165858557,
          0.060171173547704224,
          0.09956241344943464
        ],
        [
          0.07178786354050264,
          0.024834912467533467,
          0.2648613166374829,
          0.006895543774180759,
          0.2365825268711425,
          0.26326861433896454,
          0.13176922237019312
        ],
        [
          0.1449151549325033,
          0.14963875947322242,
          0.16437892231618953,
          0.18312663429851397,
          0.0016592814996986545,
          0.16740555048648956,
          0.18887569699338258
        ],
        [
          0.17651229546892938,
          0.15103344928199858,
          0.06346369064836345,
          0.2749004176961903,
          0.012460519154040011,
          0.09888838809374491,
          0.22274123965673348
        ],
        [
          0.0009111199771748024,
          0.13434767109741372,
          0.27504304237809646,
          0.26719405512759214,
          0.033769397883169176,
          0.23219196350785593,
          0.056542750028697734
        ],
        [
          0.052454450585545764,
          0.19210045893445932,
          0.14664081215693756,
          0.16773846266214093,
          0.1982361087361467,
          0.1270073586464331,
          0.11582234827833665
        ],
        [
          0.023548976981324847,
          0.05925900747720667,
          0.2883442409606706,
          0.22211848520439204,
          0.07825548755351186,
          0.13546801892686905,
          0.193005782896025
        ],
        [
          0.3559748260480582,
          0.050982487806005575,
          0.05053191655575779,
          0.07507715744540197,
          0.19924329997268853,
          0.2609902477952444,
          0.007200064376843571
        ],
        [
          0.10015665674578522,
          0.03542333469762268,
          0.07806290159106614,
          0.22800670358793554,
          0.1758619503594422,
          0.2612082784168319,
          0.12128017460131632
        ],
        [
          0.1175666472882129,
          0.07146144531973363,
          0.28390689380616707,
          0.11567773864811523,
          0.1450055076737784,
          0.017072594459444933,
          0.2493091728045479
        ]
      ],
      "timestamps": [
        62,
        63,
        64,
        65,
        66,
        67,
        68,
        69,
        70,
        71,
        72,
        73,
        74,
        75,
        76,
        77,
        78,
        79,
        80,
        81,
        82,
        83,
        84,
        85,
        86,
        87,
        88,
        89,
        90,
        91,
        92
      ],
      "distance": 901.4
    },
    {
      "trip_id": 3,
      "transport_method": "stopped",
      "start_time": 93,
      "path": [
        [
          1.5196762,
          42.508573600000005
        ],
        [
          1.5196762,
          42.508573600000005
        ],
        [
          1.5196762,
          42.508573600000005
        ],
        [
          1.5196762,
          42.508573600000005
        ],
        [
          1.5196762,
          42.508573600000005
        ],
        [
          1.5196762,
          42.508573600000005
        ],
        [
          1.5196762,
          42.508573600000005
        ]
      ],
      "emotions": [
        "red",
        "red",
        "red",
        "red",
        "red",
        "red",
        "red"
      ],
      "mood_vectors": [
        [
          0.2221553733937763,
          0.04790786829497784,
          0.19691095178165952,
          0.1043088574395014,
          0.11783795710405788,
          0.15362920970925745,
          0.1572497822767696
        ],
        [
          0.11081359699690686,
          0.29787146057933633,
          0.28080021071499744,
          0.07988209848152276,
          0.07555302870278531,
          0.059534923734469704,
          0.09554468078998157
        ],
        [
          0.032128909254286644,
          0.1750886383249756,
          0.10958613969837099,
          0.0768577417314469,
          0.1953056379734283,
          0.24863295744157393,
          0.16239997557591765
        ],
        [
          0.018904938164945845,
          0.19809684816155346,
          0.14282456873142063,
          0.05230360001919274,
          0.1755073964164778,
          0.20336309446369683,
          0.2089995540427127
        ],
        [
          0.18907784003539166,
          0.003515205540666895,
          0.07123517240312792,
          0.28959252028452487,
          0.2272154388499898,
          0.0800730504414424,
          0.13929077244485652
        ],
        [
          0.2506486884350486,
          0.13597237057967637,
          0.1434405628951018,
          0.05273326334540777,
          0.2884252375655396,
          0.06165577819473347,
          0.06712409898449241
        ],
        [
          0.22074797577669236,
          0.058697020033045576,
          0.21913700770812838,
          0.20528728744247185,
          0.01876054090727505,
          0.16093038763695358,
          0.11643978049543317
        ]
      ],
      "timestamps": [
        93,
        94,
        95,
        96,
        97,
        98,
        99
      ]
    }
  ],
  "conversation": [
    "Feels like everyone's out today.",
    "Is that a sushi place... next to a Russian bakery?",
    "I swear I just smelled five different cuisines."
  ],
  "conversation_timestamps": [
    54,
    69,
    70
  ]
}
