{
  "agent_id": "agent-type-orange-11",
  "type": "orange",
  "trips": [
    {
      "trip_id": 0,
      "transport_method": "bicycle",
      "start_time": 0,
      "path": [
        [
          1.5264339000000005,
          42.5061227
        ],
        [
          1.5266237306604604,
          42.50620240981635
        ],
        [
          1.5264572931226,
          42.50632146946957
        ],
        [
          1.5268217807946045,
          42.50592196800799
        ],
        [
          1.527138575158926,
          42.50602667308884
        ],
        [
          1.5274781854943538,
          42.50652349849327
        ],
        [
          1.5277780274983366,
          42.50704176785712
        ],
        [
          1.527557747201884,
          42.507198207703595
        ],
        [
          1.5269507816111603,
          42.507149236107765
        ],
        [
          1.5263438160204366,
          42.50710026451194
        ],
        [
          1.5261944920457524,
          42.50686145718389
        ],
        [
          1.526544597094881,
          42.50711646406226
        ],
        [
          1.5271515626856047,
          42.50716543565809
        ],
        [
          1.5277585282763284,
          42.50721440725391
        ],
        [
          1.52765631467469,
          42.506881391832906
        ],
        [
          1.527397874136704,
          42.50634051686011
        ],
        [
          1.5269864799639694,
          42.50589890605203
        ],
        [
          1.526781578927866,
          42.50608653747956
        ],
        [
          1.5270145004694442,
          42.50656386065852
        ],
        [
          1.5267593148030179,
          42.506244306332555
        ],
        [
          1.5268025492130504,
          42.50582037382131
        ],
        [
          1.527276257312275,
          42.50618186695296
        ],
        [
          1.5275720012168068,
          42.50659267494959
        ],
        [
          1.5280644838031774,
          42.506541957171905
        ],
        [
          1.5285581893504359,
          42.50689734713034
        ],
        [
          1.5290463115787911,
          42.50678403153454
        ],
        [
          1.5293995940537863,
          42.50706749626625
        ],
        [
          1.5298818428349295,
          42.506846516648345
        ],
        [
          1.5301103821246427,
          42.507095434228496
        ],
        [
          1.5295484169977456,
          42.507071777358675
        ],
        [
          1.5301568161201342,
          42.50709738894585
        ],
        [
          1.5298432724810374,
          42.50682058858135
        ],
        [
          1.5293619532107594,
          42.50706927181621
        ],
        [
          1.5289353000000003,
          42.50742249999999
        ]
      ],
      "emotions": [
        "green",
        "green",
        "green",
        "green",
        "green",
        "red",
        "red",
        "red",
        "red",
        "red",
        "red",
        "red",
        "red",
        "red",
        "red",
        "red",
        "red",
        "red",
        "red",
        "red",
        "red",
        "red",
        "red",
        "red",
        "red",
        "red",
        "red",
        "red",
        "red",
        "red",
        "red",
        "red",
        "red",
        "red"
      ],
      "mood_vectors": [
        [
          0.10032689686327623,
          0.15310139358099065,
          0.19799105646896967,
          0.20391900196814208,
          0.16052680527575414,
          0.05084447048702685,
          0.13329037535584043
        ],
        [
          0.10897229239285741,
          0.02796545013956882,
          0.06018702763130991,
          0.1811999964349613,
          0.2749024181613887,
          0.2570426303898049,
          0.08973018485010904
        ],
        [
          0.14730990372117664,
          0.17046449077648493,
          0.20394105849674318,
          0.14786839969414217,
          0.14275155166879033,
          0.009060151551455092,
          0.17860444409120763
        ],
        [
          0.07973366279167245,
          0.14507824840313213,
          0.16805375554420313,
          0.13186039394911775,
          0.18973932560858828,
          0.10481523931570777,
          0.18071937438757843
        ],
        [
          0.22170432068424714,
          0.23570922274210854,
          0.04816352439192832,
          0.1166249333751905,
          0.14916251645660172,
          0.17316227883112434,
          0.05547320351879939
        ],
        [
          0.2524014260308014,
          0.0402234133869006,
          0.18895080324128835,
          0.15058318866305792,
          0.2003758125861918,
          0.062031554877945136,
          0.10543380121381482
        ],
        [
          0.20401474176993667,
          0.13007171137704832,
          0.22335262040918952,
          0.23815576017957893,
          0.16546358351107154,
          0.03765065959988114,
          0.0012909231532939164
        ],
        [
          0.24046058654674515,
          0.18547893983961758,
          0.015205511145016334,
          0.1714770999603072,
          0.13118602152658687,
          0.10704196170172327,
          0.1491498792800036
        ],
        [
          0.1840196928943759,
          0.2083598661657475,
          0.02791122358712202,
          0.06122755555365034,
          0.13834150300392226,
          0.22789480092325182,
          0.1522453578719302
        ],
        [
          0.15200043118886458,
          0.060699309293347506,
          0.10738745315979602,
          0.26937823714832243,
          0.06403648718814133,
          0.2847894960434715,
          0.06170858597805661
        ],
        [
          0.18628847908024943,
          0.1766490672823033,
          0.1417436069322559,
          0.21685205470200572,
          0.05501368832566013,
          0.024263656977059758,
          0.1991894467004657
        ],
        [
          0.19677981625516408,
          0.10087600524310084,
          0.18361936502741513,
          0.15104640121466875,
          0.16555294617152969,
          0.18158052737739425,
          0.020544938710727306
        ],
        [
          0.09065974462663857,
          0.20525142279098987,
          0.19511548840907308,
          0.22584039086735166,
          0.11140284254417449,
          0.03507815588369762,
          0.1366519548780748
        ],
        [
          0.2559860300836186,
          0.253587717409402,
          0.004217134756953107,
          0.12173232158171661,
          0.017868144379772733,
          0.1352548519943768,
          0.21135379979416016
        ],
        [
          0.11952239499956616,
          0.1551844200520135,
          0.1193808224426614,
          0.20576986358557364,
          0.20111613959854863,
          0.014703636108833353,
          0.18432272321280338
        ],
        [
          0.0815451653302442,
          0.26257253720515955,
          0.1323616201123246,
          0.06585368430263572,
          0.16476868714856072,
          0.2857659358065456,
          0.007132370094529616
        ],
        [
          0.2669219219900693,
          0.16402436357933545,
          0.19861057203220087,
          0.1212350509279754,
          0.04641286966999056,
          0.03558263894675542,
          0.16721258285367302
        ],
        [
          0.08955902712743805,
          0.20361067628770899,
          0.032086959843454665,
          0.241136692582971,
          0.17118312327862448,
          8.322386842415757e-06,
          0.2624151984929604
        ],
        [
          0.1693363859795726,
          0.09857077771825888,
          0.07421006349064135,
          0.1877258996815201,
          0.13086186609577724,
          0.13202475996894333,
          0.20727024706528646
        ],
        [
          0.09261766065542598,
          0.13907666836578642,
          0.21440529847396306,
          0.25666305530512773,
          0.14614988831762277,
          0.11602722437621436,
          0.035060204505859706
        ],
        [
          0.012945181883702816,
          0.1362364486153888,
          0.16688941094452808,
          0.14225681078363592,
          0.031394320922967886,
          0.27341589781701736,
          0.23686192903275913
        ],
        [
          0.22456932609622302,
          0.2697913014417178,
          0.12417990125067911,
          0.13656506761838635,
          0.10046697459716243,
          0.1359254940709612,
          0.008501934924870062
        ],
        [
          0.03396491326984856,
          0.10682526475693908,
          0.14501848215237514,
          0.24978712913770923,
          0.07000961891384481,
          0.2592657915672816,
          0.1351288002020016
        ],
        [
          0.12412545476918868,
          0.10346030063574728,
          0.028037381090909936,
          0.06241792127317838,
          0.3789625355123796,
          0.003635786033230521,
          0.2993606206853657
        ],
        [
          0.2655890039368941,
          0.19920831869308217,
          0.12710590494952148,
          0.028665282751145472,
          0.06101535980100144,
          0.25994399661200834,
          0.058472133256346946
        ],
        [
          0.06997291571860072,
          0.1427429752239296,
          0.22006406872265044,
          0.15476933434166695,
          0.1516705571221755,
          0.24233530627985259,
          0.018444842591124295
        ],
        [
          0.2536979108904735,
          0.16111419422891313,
          0.17633201704444615,
          0.037013023099972106,
          0.19539674723829248,
          0.16268748135378935,
          0.013758626144113197
        ],
        [
          0.20649714732135324,
          0.2292397869879261,
          0.0645589799487278,
          0.058298352035010804,
          0.22437214976696798,
          0.1956463359062937,
          0.02138724803372039
        ],
        [
          0.31642353134236934,
          0.06179636639556567,
          0.3019683293432015,
          0.13546367256462244,
          0.045911851710043666,
          0.09656185809712214,
          0.041874390547075216
        ],
        [
          0.14439715411128898,
          0.12726364510662683,
          0.16735288266532966,
          0.12864998546218678,
          0.20788170377941645,
          0.024137610279168577,
          0.20031701859598275
        ],
        [
          0.1785204441692865,
          0.1652974222675503,
          0.04955112187718245,
          0.008195533447845285,
          0.21275389893642915,
          0.2248032167419682,
          0.1608783625597382
        ],
        [
          0.2739764925293262,
          0.054432548495350716,
          0.20152073109402485,
          0.0493316512439987,
          0.22367178362602366,
          0.04046073793044364,
          0.15660605508083225
        ],
        [
          0.11225061731896326,
          0.0546387261682659,
          0.2269974311082934,
          0.16477635951702388,
          0.11344422168319625,
          0.1092473386321657,
          0.21864530557209166
        ],
        [
          0.2721314476848269,
          0.17478140627885516,
          0.23338160139158343,
          0.10928603384958076,
          0.030309873434525597,
          0.12401630056074338,
          0.05609333679988487
        ]
      ],
      "timestamps": [
        0,
        1,
        2,
        3,
        4,
        5,
        6,
        7,
        8,
        9,
        10,
        11,
        12,
        13,
        14,
        15,
        16,
        17,
        18,
        19,
        20,
        21,
        22,
        23,
        24,
        25,
        26,
        27,
        28,
        29,
        30,
        31,
        32,
        33
      ],
      "distance": 479.5
    },
    {
      "trip_id": 1,
      "transport_method": "foot",
      "start_time": 34,
      "path": [
        [
          1.5289353000000003,
          42.50742249999999
        ],
        [
          1.5293195974323042,
          42.507128645799
        ],
        [
          1.5291918105759885,
          42.50688667541081
        ],
        [
          1.5288029576686026,
          42.50686987924501
        ],
        [
          1.5284066243709353,
          42.50679924432916
        ],
        [
          1.5281610097614284,
          42.50662132691987
        ],
        [
          1.5277972183335367,
          42.50630266555218
        ],
        [
          1.5274072348392305,
          42.506347247434434
        ],
        [
          1.5270958755670179,
          42.505981672845046
        ],
        [
          1.5266718389832084,
          42.50575916980269
        ],
        [
          1.5262390238953178,
          42.5055430543067
        ],
        [
          1.5261968357108684,
          42.5052272026191
        ],
        [
          1.5266748250206517,
          42.505301774917214
        ],
        [
          1.5271528143304351,
          42.505376347215325
        ],
        [
          1.5276239536717056,
          42.505481493614646
        ],
        [
          1.5280881147304752,
          42.50561783626914
        ],
        [
          1.5279648280720004,
          42.50552626925077
        ],
        [
          1.5274992269803773,
          42.505394928353134
        ],
        [
          1.5279525741112447,
          42.50552281254452
        ],
        [
          1.5281003307916072,
          42.505621424614546
        ],
        [
          1.5276361697328376,
          42.505485081960046
        ],
        [
          1.5271943400757315,
          42.50548557678459
        ],
        [
          1.527164158935316,
          42.50548659009404
        ],
        [
          1.5276071957126844,
          42.5054765711323
        ],
        [
          1.5280713567714541,
          42.50561291378679
        ],
        [
          1.5282654601642862,
          42.505407906920745
        ],
        [
          1.5279306153903403,
          42.505194571560324
        ],
        [
          1.5274470279755221,
          42.50519384665112
        ],
        [
          1.5269930156023528,
          42.505191859153776
        ],
        [
          1.526579651636732,
          42.50509299293075
        ],
        [
          1.5263013668074896,
          42.504868963649905
        ],
        [
          1.5258273416035593,
          42.50477372881837
        ],
        [
          1.5253518504349401,
          42.50468460555273
        ],
        [
          1.525039339114523,
          42.504898912160186
        ],
        [
          1.5245592980981724,
          42.50483895025116
        ],
        [
          1.5240800723358463,
          42.50477396519179
        ],
        [
          1.523644360650381,
          42.50474531951571
        ],
        [
          1.523169000936068,
          42.50465606003717
        ],
        [
          1.522688865994973,
          42.504596855065365
        ],
        [
          1.5222086000334005,
          42.50453897933176
        ],
        [
          1.5219286873061613,
          42.504801652315564
        ],
        [
          1.5215168188162589,
          42.504841706611586
        ],
        [
          1.521054376613074,
          42.504701323608565
        ],
        [
          1.520610120324921,
          42.50450987358682
        ],
        [
          1.5206392,
          42.504464399999996
        ]
      ],
      "emotions": [
        "red",
        "red",
        "red",
        "red",
        "red",
        "red",
        "green",
        "green",
        "green",
        "green",
        "green",
        "purple",
        "purple",
        "purple",
        "purple",
        "purple",
        "purple",
        "purple",
        "purple",
        "purple",
        "purple",
        "red",
        "red",
        "red",
        "red",
        "red",
        "red",
        "red",
        "red",
        "red",
        "red",
        "green",
        "green",
        "green",
        "green",
        "green",
        "green",
        "green",
        "green",
        "green",
        "green",
        "purple",
        "purple",
        "purple",
        "purple"
      ],
      "mood_vectors": [
        [
          0.08810096158968948,
          0.17819543673765822,
          0.14585528129301117,
          0.21365950758026117,
          0.0014765988652046009,
          0.18852815041540186,
          0.18418406351877356
        ],
        [
          0.004668751101517424,
          0.24502547897082363,
          0.18661508873550992,
          0.09442471076579921,
          0.25674244227514836,
          0.21136938581500875,
          0.0011541423361926806
        ],
        [
          0.18422609057715383,
          0.02325766540615776,
          0.2771849749115295,
          0.06472867684169906,
          0.12358393650595242,
          0.22294115081990667,
          0.10407750493760067
        ],
        [
          0.054332086778098636,
          0.14711538919044836,
          0.031120923251833327,
          0.38915242242672893,
          0.30997690191956195,
          0.04622132358239675,
          0.022080952850932013
        ],
        [
          0.217733727698727,
          0.16989928609647664,
          0.1212599131715663,
          0.0348338993245614,
          0.21261803475235624,
          0.08761926878703168,
          0.15603587016928072
        ],
        [
          0.19262181468871378,
          0.1899882760394284,
          0.136206611151329,
          0.08402775282532618,
          0.0130244689794516,
          0.2657190888426612,
          0.11841198747308979
        ],
        [
          0.2393817060355147,
          0.21864286640321795,
          0.1685630760122326,
          0.09851560555032607,
          0.13290418689842698,
          0.020324485631544573,
          0.12166807346873712
        ],
        [
          0.2520578150589489,
          0.14488224450728227,
          0.18580791623587306,
          0.002908190870729891,
          0.12634097370741507,
          0.15209275794224417,
          0.13591010167750664
        ],
        [
          0.15229081195354416,
          0.16700996206872354,
          0.17148130972529635,
          0.25350792322598836,
          0.14900922185044163,
          0.04719859305939676,
          0.05950217811660925
        ],
        [
          0.038582116865709754,
          0.19237280592400346,
          0.18253180307565217,
          0.1749725260081951,
          0.13766759829691508,
          0.051901829701280516,
          0.2219713201282439
        ],
        [
          0.095321315283888,
          0.2830199623555616,
          0.21162163556679991,
          0.12006441770599832,
          0.09646661078093569,
          0.1114637380004291,
          0.08204232030638736
        ],
        [
          0.12693600328535806,
          0.2293241351125351,
          0.001495776564841212,
          0.021342851153127635,
          0.2545157956156067,
          0.16679325612262139,
          0.19959218214590985
        ],
        [
          0.09828149956368158,
          0.13146539070968122,
          0.031162096421567618,
          0.0591559946366709,
          0.22983506314365013,
          0.23218104204407533,
          0.21791891348067327
        ],
        [
          0.13587136452596776,
          0.054479928132184476,
          0.10458786397144454,
          0.26160262351499003,
          0.13623678245949394,
          0.20676175245010728,
          0.10045968494581191
        ],
        [
          0.10054503324617531,
          0.010700222306484129,
          0.002224135821192811,
          0.2770527945147461,
          0.3317554681043056,
          0.17910833370416593,
          0.09861401230293007
        ],
        [
          0.03376814173025532,
          0.14532209993733,
          0.3079949791160302,
          0.14360016997021863,
          0.13424274998397437,
          0.2188486894242312,
          0.016223169837960214
        ],
        [
          0.1450754463436126,
          0.2039080812467756,
          0.14881534633604765,
          0.20118813770987537,
          0.06370119971706711,
          0.15013626406372405,
          0.0871755245828976
        ],
        [
          0.208843033051308,
          0.06315214829893585,
          0.06071461801630384,
          0.22528345535298253,
          0.28250664126507735,
          0.05095040451668692,
          0.10854969949870552
        ],
        [
          0.17769360871672604,
          0.22747154943881018,
          0.22374244129229312,
          0.14291817423169426,
          0.11380911731578308,
          0.00415186209042467,
          0.11021324691426862
        ],
        [
          0.02671555010635918,
          0.12033522985820506,
          0.18327733316426284,
          0.2426974997230499,
          0.0853605583115027,
          0.24885473787920287,
          0.09275909095741737
        ],
        [
          0.19491505132963535,
          0.18399716016459752,
          0.11149295178826159,
          0.16934159009746824,
          0.18809703865170913,
          0.14193616433026895,
          0.010220043638059237
        ],
        [
          0.11083603791234221,
          0.2493238800389813,
          0.07494070754997693,
          0.10452014900220599,
          0.1853434446953182,
          0.18299189048755504,
          0.09204389031362037
        ],
        [
          0.18843908673167883,
          0.05736232888428316,
          0.17053983908887677,
          0.16267874405123367,
          0.217034194959585,
          0.19173022259428812,
          0.012215583690054358
        ],
        [
          0.17310628563560812,
          0.122184054017258,
          0.254465844103489,
          0.14722481534684478,
          0.22889677120303203,
          0.006164964387268043,
          0.06795726530649998
        ],
        [
          0.13976955644431083,
          0.12716308783812438,
          0.057077019483276765,
          0.16829326813214854,
          0.17714916573271824,
          0.17199308091178706,
          0.15855482145763414
        ],
        [
          0.18915422200023185,
          0.007871451076484924,
          0.15200831268390572,
          0.2339645447408989,
          0.114606413183206,
          0.15497568751549148,
          0.14741936879978118
        ],
        [
          0.01308422544810882,
          0.1590476299094488,
          0.13881396478926683,
          0.22763372387143874,
          0.1635744669190057,
          0.22848210198548835,
          0.06936388707724278
        ],
        [
          0.06438121192688576,
          0.004994067923632092,
          0.2725527013341917,
          0.21998865388217534,
          0.20256756682487703,
          0.13657517418873524,
          0.09894062391950288
        ],
        [
          0.021180266098358783,
          0.16204584514233647,
          0.19535561891570397,
          0.05623412026684325,
          0.1135638210550636,
          0.23371198741039728,
          0.21790834111129667
        ],
        [
          0.21523245499592714,
          0.23701017035418048,
          0.053482273442718775,
          0.13971286663293359,
          0.00010671985482728092,
          0.0770080969520592,
          0.2774474177673536
        ],
        [
          0.08428875462122125,
          0.2220179868106496,
          0.08033603714794317,
          0.280864481957761,
          0.031234756598774695,
          0.25140450323087854,
          0.049853479632771744
        ],
        [
          0.03249192487452741,
          0.17996980000402465,
          0.1974458838598761,
          0.2437741734162866,
          0.07983236944140427,
          0.09266598785812784,
          0.17381986054575307
        ],
        [
          0.1718517944990624,
          0.2235338325822996,
          0.06207357486925567,
          0.337710932038458,
          0.0554721827966649,
          0.018940281949948404,
          0.1304174012643109
        ],
        [
          0.3189061563402913,
          0.07584310651089629,
          0.052313392101448315,
          0.1833683418820241,
          0.14775154665995097,
          0.13753622134024918,
          0.0842812351651398
        ],
        [
          0.09339899502211572,
          0.2238769604181848,
          0.10891980253014286,
          0.17648343378574655,
          0.19459768338849281,
          0.03537662455572406,
          0.16734650029959322
        ],
        [
          0.17752573916440367,
          0.1677654123691885,
          0.05513060644997764,
          0.1604142915109392,
          0.13744317783561535,
          0.18134530586144001,
          0.12037546680843572
        ],
        [
          0.07755511799307585,
          0.253669983501313,
          0.07064674349688803,
          0.18847244615788245,
          0.1828257511294373,
          0.17762587671997526,
          0.04920408100142815
        ],
        [
          0.14255995540649744,
          0.2198942874092625,
          0.1915908502358699,
          0.058745662511314384,
          0.0028122514141718526,
          0.21241465862956319,
          0.17198233439332078
        ],
        [
          0.07076477529876073,
          0.1907225587690918,
          0.1630621132735177,
          0.04724020097123359,
          0.27784817227572256,
          0.07102494015914372,
          0.17933723925252992
        ],
        [
          0.08795990224638686,
          0.1441306025254672,
          0.1839669532964271,
          0.0860098867506217,
          0.06919564116437454,
          0.02826293673342346,
          0.4004740772832991
        ],
        [
          0.15773393423151066,
          0.013330375184446481,
          0.1402943722789442,
          0.1569108324910632,
          0.13406933266235577,
          0.17016681406616002,
          0.22749433908551966
        ],
        [
          0.21033297724666628,
          0.04837471615629019,
          0.05155299354260104,
          0.17132415030771705,
          0.08769813810727878,
          0.16295434351871504,
          0.26776268112073165
        ],
        [
          0.008611973714112873,
          0.06932876867992435,
          0.07801049724246978,
          0.1928257811164747,
          0.23631194571826686,
          0.2251347691767018,
          0.18977626435204958
        ],
        [
          0.3138567837767658,
          0.025315179876478924,
          0.013944522871595985,
          0.1551873602767011,
          0.19680322285568208,
          0.12556540574916109,
          0.16932752459361514
        ],
        [
          0.07166514328254973,
          0.15053004916925908,
          0.1488846890272574,
          0.160476262180544,
          0.17570206192684604,
          0.06353528428689605,
          0.2292065101266476
        ]
      ],
      "timestamps": [
        34,
        35,
        36,
        37,
        38,
        39,
        40,
        41,
        42,
        43,
        44,
        45,
        46,
        47,
        48,
        49,
        50,
        51,
        52,
        53,
        54,
        55,
        56,
        57,
        58,
        59,
        60,
        61,
        62,
        63,
        64,
        65,
        66,
        67,
        68,
        69,
        70,
        71,
        72,
        73,
        74,
        75,
        76,
        77,
        78
      ],
      "distance": 1008.2
    },
    {
      "trip_id": 2,
      "transport_method": "car",
      "start_time": 79,
      "path": [
        [
          1.5211094999999994,
          42.5046628
        ],
        [
          1.522144744688978,
          42.50453487689344
        ],
        [
          1.5219538895163573,
          42.504467035695576
        ],
        [
          1.5225343575503458,
          42.50457787754237
        ],
        [
          1.5237426153803788,
          42.504764467180856
        ],
        [
          1.5221980008021463,
          42.50478876836692
        ],
        [
          1.5221219817620721,
          42.50630523851043
        ],
        [
          1.5236199537221826,
          42.50614516108736
        ],
        [
          1.5234910431889432,
          42.506427820359995
        ],
        [
          1.5223152151870623,
          42.506391770407916
        ],
        [
          1.5224327751569717,
          42.50723731862341
        ],
        [
          1.523932994365221,
          42.50765827000906
        ],
        [
          1.5232359637369581,
          42.50787873859591
        ],
        [
          1.523946459618255,
          42.50894890572535
        ],
        [
          1.5253421149927657,
          42.50905839196171
        ],
        [
          1.5263457678825973,
          42.509257925962494
        ],
        [
          1.5260441818515689,
          42.509185172427856
        ],
        [
          1.5262036056757065,
          42.50945159050803
        ],
        [
          1.5279815765889215,
          42.509883123540604
        ],
        [
          1.529515449298801,
          42.51037713454249
        ],
        [
          1.5282214,
          42.50907579999999
        ]
      ],
      "emotions": [
        "purple",
        "purple",
        "purple",
        "purple",
        "purple",
        "purple",
        "red",
        "red",
        "red",
        "red",
        "red",
        "green",
        "green",
        "green",
        "green",
        "green",
        "purple",
        "purple",
        "purple",
        "purple",
        "purple"
      ],
      "mood_vectors": [
        [
          0.04226673448925658,
          0.2902403974411428,
          0.08262632827393215,
          0.2864399888491267,
          0.1525445319132999,
          0.002347480910293591,
          0.14353453812294842
        ],
        [
          0.1830550750480905,
          0.183286978802228,
          0.06751631786761293,
          0.1866629947909558,
          0.1383248298567484,
          0.1090884140137088,
          0.13206538962065562
        ],
        [
          0.1776481246640231,
          0.005169239722520456,
          0.09740294337132908,
          0.1892195085562541,
          0.08511977487469473,
          0.2014498879499626,
          0.2439905208612159
        ],
        [
          0.14321551972143606,
          0.08202299014845876,
          0.17641379654843561,
          0.13612180086346945,
          0.040190063458158724,
          0.21114910251768623,
          0.21088672674235517
        ],
        [
          0.30297484746421405,
          0.06945745834577487,
          0.12787917915607985,
          0.024981260159391235,
          0.10221715188567633,
          0.3111688200363248,
          0.061321282952538865
        ],
        [
          0.31633006381780704,
          0.3444450959911737,
          0.07240376029122249,
          0.04310399396606599,
          0.09962302526729319,
          0.015537438500378274,
          0.1085566221660593
        ],
        [
          0.19077914468936796,
          0.12057911677760277,
          0.15881073756508526,
          0.12852122326631865,
          0.04732004803361313,
          0.2067091476895651,
          0.14728058197844712
        ],
        [
          0.2869541343904857,
          0.017319770281202528,
          0.057308292188173966,
          0.3158299051708709,
          0.2578255071126273,
          0.042400790737827675,
          0.02236160011881185
        ],
        [
          0.11480942139419086,
          0.21013045508776046,
          0.04057718319050613,
          0.17297572818214116,
          0.08427440225541967,
          0.25498691003098606,
          0.12224589985899562
        ],
        [
          0.18708677864801382,
          0.17809424703764193,
          0.16360206155964893,
          0.05083761069862488,
          0.06436618627746178,
          0.1421357819502024,
          0.2138773338284063
        ],
        [
          0.20527609157109256,
          0.11105076760446457,
          0.07977933881334294,
          0.15643655231297063,
          0.1553674123749286,
          0.1650860729459542,
          0.12700376437724645
        ],
        [
          0.05565731084857471,
          0.12339104534012127,
          0.16433980886440988,
          0.18814733300316894,
          0.11623801266481792,
          0.1821194796890304,
          0.17010700958987698
        ],
        [
          0.030570217317508717,
          0.07756193297023274,
          0.1261036520136886,
          0.2427984123607713,
          0.30642257408702395,
          0.13969476283140306,
          0.07684844841937169
        ],
        [
          0.12944685064538833,
          0.11927025087132982,
          0.2096278932966678,
          0.1086471119768977,
          0.1002509028884044,
          0.1778971199131622,
          0.15485987040814983
        ],
        [
          0.23749889611120464,
          0.0752473323711165,
          0.07435765508390481,
          0.2373394623237719,
          0.02989720345195375,
          0.17018892054307172,
          0.17547053011497674
        ],
        [
          0.16794771331761657,
          0.05891431068143204,
          0.07918198555513327,
          0.05611053059511309,
          0.0795299210024125,
          0.32751812443971223,
          0.2307974144085803
        ],
        [
          0.11433613564400232,
          0.0372113839162278,
          0.17746526067746196,
          0.1566672898864288,
          0.16161982321060717,
          0.194009661362957,
          0.1586904453023149
        ],
        [
          0.03497702245687443,
          0.17768640428978572,
          0.14495539968346896,
          0.20005229673345368,
          0.18862651652175874,
          0.2185364539946813,
          0.03516590631997711
        ],
        [
          0.15480582486966732,
          0.29530583965708457,
          0.06008156928302188,
          0.11233101205055009,
          0.11104427026868127,
          0.1395667495327984,
          0.12686473433819653
        ],
        [
          0.18764045767813872,
          0.026359763700836984,
          1.7299800359769208e-05,
          0.029106877424202322,
          0.278869222021206,
          0.27081387171615723,
          0.20719250765909886
        ],
        [
          0.12033947072930434,
          0.13090308354086574,
          0.2094647564459834,
          0.3065009752874847,
          0.053997878410804286,
          0.0836916132173025,
          0.09510222236825495
        ]
      ],
      "timestamps": [
        79,
        80,
        81,
        82,
        83,
        84,
        85,
        86,
        87,
        88,
        89,
        90,
        91,
        92,
        93,
        94,
        95,
        96,
        97,
        98,
        99
      ],
      "distance": 1228.1
    }
  ],
  "conversation": [
    "These houses have such character.",
    "Clouds are rolling down from the mountains again.",
    "Gotta beat the lunch crowd."
  ],
  "conversation_timestamps": [
    34,
    37,
    69
  ]
}
