{"agent_id": "agent-blue-640", "type": "blue", "trips": [{"trip_id": 0, "transport_method": "bicycle", "start_time": 0, "path": [[1.5185178, 42.5059425], [1.5184732, 42.5060116], [1.5184929, 42.5060855], [1.5185654, 42.5061225], [1.5186412, 42.5061545], [1.5186929, 42.5062134], [1.5186552, 42.5062832], [1.5186201, 42.5063526], [1.5186886, 42.5063649], [1.5187654, 42.5063396], [1.5188477, 42.5063381], [1.5189299, 42.5063367], [1.5190122, 42.5063352], [1.5190945, 42.5063338], [1.5191768, 42.5063323], [1.5192129, 42.5063838], [1.5192228, 42.5064655], [1.5192202, 42.5065448], [1.5192199, 42.5066058], [1.5192886, 42.5066507], [1.5193509, 42.5067044], [1.5194132, 42.5067581], [1.519488, 42.5067912], [1.5195646, 42.5068211], [1.5196413, 42.506851], [1.5197179, 42.5068809], [1.5197946, 42.5069108], [1.5198712, 42.5069408], [1.5199437, 42.5069783], [1.5200099, 42.5070271], [1.5200761, 42.507076], [1.5201423, 42.5071249], [1.5202085, 42.5071738], [1.5202697, 42.5072275], [1.5203162, 42.5072953], [1.5203628, 42.5073632], [1.5204296, 42.5074012], [1.5205098, 42.5074197], [1.5205914, 42.5074278], [1.5206736, 42.5074311], [1.5207558, 42.5074344], [1.520838, 42.5074378], [1.5209203, 42.5074411], [1.5210025, 42.5074444], [1.5210847, 42.5074478], [1.5211669, 42.5074511], [1.5212491, 42.5074544], [1.5213313, 42.5074577], [1.5214136, 42.5074611], [1.5214938, 42.5074753], [1.5215761, 42.5074767], [1.5216513, 42.5074528], [1.5217159, 42.5074018], [1.5217804, 42.5073508], [1.5218364, 42.5074038], [1.5218917, 42.5074647], [1.521957, 42.5075075], [1.5220381, 42.5075214], [1.5221192, 42.5075353], [1.5222003, 42.5075492], [1.5222813, 42.5075596], [1.5223618, 42.5075424], [1.5224423, 42.5075252], [1.5225156, 42.5075017], [1.5225239, 42.5074198], [1.5225322, 42.507338], [1.5225849, 42.507319], [1.5226649, 42.5073384], [1.5227449, 42.5073577], [1.5228248, 42.5073771], [1.5229048, 42.5073964], [1.5229852, 42.5074138], [1.5230669, 42.5074159], [1.5231337, 42.507377], [1.5231797, 42.5073088], [1.5232257, 42.5072406], [1.5232717, 42.5071724], [1.5233178, 42.5071041], [1.5233638, 42.5070359], [1.5234098, 42.5069677]], "mood_vectors": [[0.0822, 0.0309, 0.0524, 0.6455, 0.068, 0.0591, 0.0618], [0.0279, 0.0891, 0.0188, 0.7071, 0.079, 0.0429, 0.0352], [0.0254, 0.0127, 0.0277, 0.7438, 0.057, 0.0613, 0.0721], [0.0113, 0.0223, 0.0575, 0.7475, 0.0548, 0.0383, 0.0683], [0.0486, 0.0281, 0.0467, 0.7314, 0.0834, 0.037, 0.0249], [0.0378, 0.0404, 0.0592, 0.732, 0.0507, 0.053, 0.027], [0.0605, 0.063, 0.0263, 0.7746, 0.0188, 0.0446, 0.0124], [0.0733, 0.0959, 0.0351, 0.6157, 0.0832, 0.0617, 0.0352], [0.0887, 0.0876, 0.0205, 0.6893, 0.0478, 0.0188, 0.0473], [0.0208, 0.0877, 0.0493, 0.6811, 0.0434, 0.0487, 0.069], [0.0621, 0.0801, 0.0505, 0.6467, 0.0583, 0.0757, 0.0266], [0.0728, 0.0846, 0.0833, 0.5849, 0.0848, 0.0589, 0.0308], [0.0448, 0.0765, 0.0244, 0.7067, 0.0697, 0.0159, 0.0621], [0.0305, 0.029, 0.0903, 0.6838, 0.0824, 0.0565, 0.0275], [0.0153, 0.061, 0.0277, 0.7075, 0.0792, 0.0477, 0.0617], [0.0187, 0.0217, 0.0236, 0.7661, 0.0421, 0.0865, 0.0413], [0.0838, 0.0398, 0.0446, 0.7074, 0.0281, 0.0721, 0.0241], [0.0376, 0.0678, 0.0262, 0.7028, 0.0759, 0.0614, 0.0283], [0.0557, 0.072, 0.0638, 0.683, 0.081, 0.027, 0.0174], [0.0769, 0.0756, 0.0511, 0.6786, 0.0149, 0.0773, 0.0255], [0.0412, 0.0543, 0.0821, 0.7221, 0.0304, 0.0199, 0.05], [0.0914, 0.0458, 0.0368, 0.5937, 0.0475, 0.0916, 0.0932], [0.0675, 0.0442, 0.0538, 0.688, 0.0274, 0.0602, 0.0589], [0.0371, 0.0449, 0.0645, 0.6681, 0.0697, 0.0663, 0.0494], [0.0385, 0.0854, 0.0139, 0.7498, 0.0842, 0.0146, 0.0136], [0.0508, 0.0343, 0.053, 0.7691, 0.0442, 0.0328, 0.0158], [0.0697, 0.0747, 0.0606, 0.6466, 0.0491, 0.0797, 0.0196], [0.0452, 0.0443, 0.0665, 0.7072, 0.0175, 0.0757, 0.0436], [0.0824, 0.0627, 0.0232, 0.6847, 0.02, 0.0555, 0.0716], [0.0365, 0.0791, 0.0895, 0.6628, 0.0276, 0.0629, 0.0416], [0.0388, 0.0492, 0.065, 0.6699, 0.0634, 0.039, 0.0748], [0.0876, 0.083, 0.084, 0.6537, 0.0322, 0.0452, 0.0142], [0.0572, 0.0402, 0.0182, 0.6792, 0.0522, 0.076, 0.077], [0.0847, 0.076, 0.0221, 0.6913, 0.0253, 0.0268, 0.0738], [0.0354, 0.048, 0.0699, 0.659, 0.0732, 0.0651, 0.0494], [0.0484, 0.0558, 0.0332, 0.7028, 0.0449, 0.039, 0.0759], [0.0364, 0.0337, 0.0459, 0.7952, 0.0392, 0.0235, 0.0262], [0.043, 0.0681, 0.0761, 0.6959, 0.0605, 0.0335, 0.0229], [0.0725, 0.0318, 0.034, 0.7162, 0.0319, 0.0614, 0.0522], [0.0642, 0.043, 0.0637, 0.6996, 0.0391, 0.0171, 0.0732], [0.0267, 0.025, 0.0957, 0.7222, 0.0576, 0.0339, 0.0389], [0.0779, 0.0668, 0.0627, 0.6342, 0.0304, 0.0669, 0.0611], [0.0789, 0.0426, 0.0549, 0.7154, 0.0423, 0.0313, 0.0345], [0.0265, 0.0855, 0.0257, 0.6652, 0.0692, 0.0635, 0.0645], [0.0624, 0.0258, 0.0435, 0.6816, 0.0526, 0.0525, 0.0815], [0.0417, 0.057, 0.0344, 0.6765, 0.0865, 0.0294, 0.0746], [0.0233, 0.0588, 0.0714, 0.6587, 0.0646, 0.06, 0.0632], [0.0528, 0.0321, 0.0272, 0.7443, 0.0461, 0.0449, 0.0527], [0.0355, 0.0384, 0.023, 0.7593, 0.0163, 0.0868, 0.0406], [0.0501, 0.0693, 0.0435, 0.6994, 0.0156, 0.0545, 0.0677], [0.0404, 0.0228, 0.0396, 0.773, 0.0609, 0.0155, 0.0477], [0.0572, 0.0301, 0.023, 0.7437, 0.0149, 0.0749, 0.0561], [0.0765, 0.0146, 0.0923, 0.6775, 0.0755, 0.0236, 0.0401], [0.0275, 0.0391, 0.0327, 0.7483, 0.0301, 0.0448, 0.0775], [0.0206, 0.046, 0.0613, 0.7069, 0.0219, 0.0803, 0.063], [0.0814, 0.0545, 0.0582, 0.6668, 0.0722, 0.0255, 0.0414], [0.0688, 0.0401, 0.0558, 0.7407, 0.0278, 0.0257, 0.0411], [0.0463, 0.0202, 0.0558, 0.6491, 0.0907, 0.0567, 0.0813], [0.0587, 0.057, 0.076, 0.6362, 0.0417, 0.0611, 0.0693], [0.0717, 0.0598, 0.0275, 0.667, 0.0757, 0.0351, 0.0632], [0.0923, 0.0422, 0.052, 0.6016, 0.0412, 0.089, 0.0818], [0.0336, 0.0716, 0.0206, 0.7008, 0.0757, 0.0657, 0.0319], [0.0564, 0.0282, 0.0612, 0.6585, 0.0806, 0.0526, 0.0626], [0.0429, 0.0263, 0.0225, 0.7631, 0.0787, 0.0138, 0.0527], [0.0702, 0.0329, 0.0474, 0.6616, 0.0562, 0.0849, 0.0469], [0.0501, 0.0453, 0.0259, 0.7444, 0.036, 0.0605, 0.0378], [0.0376, 0.0162, 0.0747, 0.7263, 0.0512, 0.0771, 0.0168], [0.0294, 0.0263, 0.068, 0.7394, 0.0855, 0.0148, 0.0366], [0.034, 0.0508, 0.0649, 0.6792, 0.0698, 0.0735, 0.0278], [0.0216, 0.0447, 0.0643, 0.7175, 0.0207, 0.0752, 0.0559], [0.0618, 0.0679, 0.0583, 0.6508, 0.0565, 0.0516, 0.053], [0.077, 0.0553, 0.0541, 0.6246, 0.0496, 0.0845, 0.0549], [0.0798, 0.0468, 0.077, 0.6995, 0.0282, 0.0143, 0.0543], [0.0489, 0.0336, 0.0586, 0.7617, 0.0132, 0.053, 0.031], [0.0741, 0.0193, 0.0428, 0.6656, 0.0334, 0.0771, 0.0877], [0.0444, 0.0559, 0.0833, 0.6461, 0.0734, 0.0397, 0.0573], [0.0337, 0.0679, 0.0225, 0.7614, 0.0577, 0.0264, 0.0303], [0.063, 0.0222, 0.0389, 0.6904, 0.0659, 0.0591, 0.0605], [0.0513, 0.0739, 0.0268, 0.7585, 0.0646, 0.0117, 0.0132], [0.051, 0.0394, 0.0973, 0.6584, 0.0615, 0.0739, 0.0185]], "emotions": ["green", "green", "green", "green", "green", "green", "green", "green", "green", "green", "green", "green", "green", "green", "green", "green", "green", "green", "green", "green", "green", "green", "green", "green", "green", "green", "green", "green", "green", "green", "green", "green", "green", "green", "green", "green", "green", "green", "green", "green", "green", "green", "green", "green", "green", "green", "green", "green", "green", "green", "green", "green", "green", "green", "green", "green", "green", "green", "green", "green", "green", "green", "green", "green", "green", "green", "green", "green", "green", "green", "green", "green", "green", "green", "green", "green", "green", "green", "green", "green"], "timestamps": [0, 40, 80, 120, 160, 200, 240, 280, 320, 360, 400, 440, 480, 520, 560, 600, 640, 680, 720, 760, 800, 840, 880, 920, 960, 1000, 1040, 1080, 1120, 1160, 1200, 1240, 1280, 1320, 1360, 1400, 1440, 1480, 1520, 1560, 1600, 1640, 1680, 1720, 1760, 1800, 1840, 1880, 1920, 1960, 2000, 2040, 2080, 2120, 2160, 2200, 2240, 2280, 2320, 2360, 2400, 2440, 2480, 2520, 2560, 2600, 2640, 2680, 2720, 2760, 2800, 2840, 2880, 2920, 2960, 3000, 3040, 3080, 3120, 3160]}], "conversation": [], "conversation_timestamps": []}