{"agent_id": "agent-blue-635", "type": "blue", "trips": [{"trip_id": 0, "transport_method": "car", "start_time": 0, "path": [[1.5199173, 42.5069588], [1.5192092, 42.5067353], [1.5187386, 42.5067383], [1.5182823, 42.5063797], [1.5175596, 42.5060245], [1.5168105, 42.5058176], [1.5160717, 42.5054606], [1.5153239, 42.5051595], [1.5148672, 42.5045478], [1.5146165, 42.5043025], [1.5140145, 42.5037455], [1.5134762, 42.5031357], [1.5128913, 42.5025709], [1.5122123, 42.5021097], [1.5115424, 42.5016411], [1.5108264, 42.5012429], [1.5100517, 42.5009839], [1.5093402, 42.5005795], [1.508602, 42.5002202], [1.5078848, 42.4998334], [1.5071407, 42.4994865], [1.506398, 42.4991369], [1.5056666, 42.4987642], [1.5049249, 42.4984137], [1.5041722, 42.4980862], [1.5034377, 42.4977196], [1.5026867, 42.4973888], [1.501976, 42.4969813], [1.5012076, 42.496717], [1.500947, 42.4966225], [1.5002545, 42.4961834], [1.4995263, 42.4958044], [1.4988111, 42.4954023], [1.4988432, 42.4947137], [1.4984075, 42.4941657], [1.4981395, 42.4934554], [1.4975063, 42.4929404], [1.4977387, 42.4931166], [1.4976841, 42.4930529], [1.4970378, 42.4925468], [1.4964267, 42.4919986], [1.4958108, 42.4914558], [1.4951981, 42.4909194], [1.4948681, 42.4901923], [1.4944745, 42.4894718], [1.4940704, 42.4887572], [1.4936695, 42.4880409], [1.4932665, 42.4873256], [1.4928956, 42.4865937], [1.4925939, 42.4858304], [1.4922175, 42.4851082], [1.4916223, 42.4846672], [1.4910162, 42.4841961], [1.4906286, 42.4834766], [1.4902577, 42.4827529], [1.4898292, 42.4820527], [1.4895166, 42.4812993], [1.4894285, 42.4804835], [1.489389, 42.4796687], [1.4896741, 42.4789058], [1.4901106, 42.4782106], [1.4904922, 42.4774843], [1.4905677, 42.4767185], [1.4908396, 42.4759737], [1.490837, 42.4751555], [1.4912249, 42.4744537], [1.491329, 42.4741764], [1.4908811, 42.4748487], [1.4912932, 42.474506], [1.4918448, 42.4738981], [1.4925481, 42.4734998], [1.4924835, 42.4735248], [1.4928128, 42.4733095], [1.4933762, 42.4727775], [1.4933816, 42.4719589], [1.4933201, 42.4712665], [1.4931894, 42.470456], [1.4928414, 42.4698375], [1.4927524, 42.4690367], [1.4926489, 42.4682567]], "mood_vectors": [[0.0689, 0.0483, 0.024, 0.6863, 0.0532, 0.0467, 0.0726], [0.0701, 0.0694, 0.0612, 0.6191, 0.0649, 0.07, 0.0451], [0.0514, 0.0225, 0.0673, 0.6691, 0.0305, 0.0806, 0.0786], [0.0113, 0.0672, 0.0721, 0.6792, 0.0718, 0.0325, 0.0659], [0.0232, 0.039, 0.0474, 0.7331, 0.0393, 0.056, 0.062], [0.0724, 0.0146, 0.039, 0.7493, 0.0435, 0.0385, 0.0426], [0.0482, 0.0593, 0.0713, 0.6811, 0.0443, 0.0466, 0.0491], [0.0209, 0.0225, 0.0422, 0.7067, 0.0475, 0.0668, 0.0934], [0.0479, 0.0395, 0.0989, 0.6179, 0.0201, 0.0732, 0.1025], [0.0801, 0.0554, 0.0574, 0.6704, 0.0368, 0.0285, 0.0715], [0.0547, 0.0241, 0.0319, 0.7968, 0.0402, 0.0241, 0.0282], [0.095, 0.0231, 0.0585, 0.706, 0.0665, 0.0274, 0.0236], [0.0762, 0.0414, 0.0327, 0.7339, 0.037, 0.0504, 0.0285], [0.066, 0.0727, 0.0324, 0.7219, 0.0512, 0.0432, 0.0125], [0.0389, 0.0383, 0.0303, 0.7888, 0.0337, 0.0423, 0.0278], [0.0321, 0.0723, 0.0662, 0.6961, 0.0263, 0.0185, 0.0886], [0.0163, 0.0864, 0.0608, 0.6812, 0.0669, 0.0707, 0.0178], [0.0133, 0.075, 0.0268, 0.708, 0.0735, 0.0368, 0.0667], [0.0989, 0.0182, 0.0403, 0.6982, 0.0935, 0.0315, 0.0193], [0.0285, 0.0663, 0.022, 0.7147, 0.0444, 0.062, 0.062], [0.0227, 0.022, 0.0157, 0.7401, 0.0674, 0.0443, 0.0878], [0.0553, 0.0674, 0.025, 0.6992, 0.0754, 0.0637, 0.014], [0.0146, 0.0206, 0.0621, 0.7545, 0.0649, 0.0711, 0.0122], [0.0472, 0.0336, 0.0479, 0.72, 0.034, 0.0643, 0.053], [0.0342, 0.019, 0.0759, 0.6736, 0.0297, 0.0789, 0.0888], [0.0627, 0.0569, 0.043, 0.6742, 0.0606, 0.0628, 0.0397], [0.0705, 0.0491, 0.0475, 0.7078, 0.0429, 0.0239, 0.0584], [0.0641, 0.0416, 0.0675, 0.7118, 0.0301, 0.0389, 0.0459], [0.049, 0.0136, 0.0587, 0.7331, 0.0221, 0.0846, 0.039], [0.0183, 0.0137, 0.0935, 0.6406, 0.094, 0.0844, 0.0554], [0.0303, 0.0295, 0.0177, 0.804, 0.0501, 0.0448, 0.0236], [0.0326, 0.0984, 0.0176, 0.7373, 0.0523, 0.0276, 0.0342], [0.0548, 0.0662, 0.0278, 0.6692, 0.065, 0.0628, 0.0542], [0.0845, 0.0883, 0.0175, 0.6605, 0.0885, 0.039, 0.0217], [0.0734, 0.0673, 0.0527, 0.6673, 0.0418, 0.0702, 0.0273], [0.0748, 0.0206, 0.0249, 0.7612, 0.0742, 0.0213, 0.0229], [0.0343, 0.0402, 0.0644, 0.7137, 0.0313, 0.0381, 0.078], [0.0535, 0.0618, 0.0632, 0.6937, 0.0467, 0.0197, 0.0615], [0.0688, 0.0575, 0.0556, 0.7248, 0.0118, 0.022, 0.0595], [0.059, 0.024, 0.0631, 0.7094, 0.0723, 0.0483, 0.024], [0.0236, 0.0551, 0.0668, 0.7076, 0.0686, 0.0404, 0.038], [0.0443, 0.0674, 0.0647, 0.6912, 0.0291, 0.0409, 0.0624], [0.042, 0.0554, 0.0229, 0.7585, 0.0306, 0.061, 0.0297], [0.018, 0.0753, 0.0201, 0.7401, 0.0532, 0.0201, 0.0732], [0.026, 0.0582, 0.0293, 0.7532, 0.0648, 0.0524, 0.0161], [0.0115, 0.0733, 0.0674, 0.6895, 0.0617, 0.0583, 0.0384], [0.0363, 0.0537, 0.0196, 0.7768, 0.0371, 0.0416, 0.0349], [0.0476, 0.0386, 0.0421, 0.7193, 0.0591, 0.04, 0.0532], [0.0185, 0.0736, 0.0279, 0.7299, 0.0159, 0.0489, 0.0853], [0.0637, 0.0332, 0.0544, 0.7054, 0.0265, 0.0456, 0.0712], [0.0875, 0.0247, 0.0531, 0.6918, 0.0377, 0.0604, 0.0448], [0.0129, 0.0142, 0.0273, 0.7573, 0.0741, 0.0582, 0.056], [0.02, 0.0258, 0.07, 0.787, 0.0262, 0.0321, 0.0388], [0.0624, 0.0205, 0.0467, 0.7369, 0.059, 0.0486, 0.0259], [0.054, 0.0313, 0.0529, 0.6686, 0.0159, 0.0898, 0.0876], [0.0312, 0.0299, 0.0916, 0.6913, 0.0626, 0.0466, 0.0468], [0.0884, 0.0484, 0.0844, 0.5586, 0.0671, 0.0767, 0.0764], [0.0162, 0.0263, 0.0508, 0.7018, 0.0723, 0.0691, 0.0635], [0.0906, 0.0715, 0.0157, 0.6049, 0.0652, 0.0673, 0.0849], [0.0734, 0.0289, 0.0623, 0.6441, 0.0583, 0.095, 0.038], [0.0174, 0.0328, 0.0819, 0.6911, 0.0606, 0.0369, 0.0794], [0.0697, 0.0219, 0.0634, 0.7161, 0.0202, 0.0417, 0.067], [0.0541, 0.0571, 0.042, 0.6773, 0.0565, 0.0735, 0.0395], [0.0808, 0.0248, 0.0441, 0.721, 0.0169, 0.0179, 0.0944], [0.0939, 0.0907, 0.0884, 0.5904, 0.0859, 0.0227, 0.0279], [0.0516, 0.0596, 0.0468, 0.6794, 0.1024, 0.0398, 0.0204], [0.0701, 0.0502, 0.0143, 0.756, 0.0502, 0.0298, 0.0294], [0.0683, 0.0733, 0.0336, 0.6586, 0.042, 0.057, 0.0672], [0.043, 0.0352, 0.0635, 0.6859, 0.0741, 0.0304, 0.0679], [0.0682, 0.0342, 0.0737, 0.6589, 0.0378, 0.0471, 0.08], [0.0533, 0.0576, 0.0445, 0.7351, 0.0135, 0.038, 0.0581], [0.073, 0.059, 0.0173, 0.7289, 0.0662, 0.0352, 0.0204], [0.0368, 0.0452, 0.0159, 0.7704, 0.0222, 0.071, 0.0385], [0.0177, 0.0903, 0.0651, 0.7135, 0.0224, 0.0436, 0.0473], [0.0294, 0.0683, 0.0283, 0.7086, 0.032, 0.0787, 0.0548], [0.0813, 0.0813, 0.0241, 0.6379, 0.0806, 0.0618, 0.0331], [0.0195, 0.0883, 0.0672, 0.6255, 0.0786, 0.0814, 0.0396], [0.0357, 0.0525, 0.0458, 0.6861, 0.0582, 0.0542, 0.0674], [0.0441, 0.0312, 0.0268, 0.693, 0.0979, 0.0879, 0.0191], [0.0476, 0.0184, 0.0717, 0.7628, 0.0438, 0.0231, 0.0326]], "emotions": ["green", "green", "green", "green", "green", "green", "green", "green", "green", "green", "green", "green", "green", "green", "green", "green", "green", "green", "green", "green", "green", "green", "green", "green", "green", "green", "green", "green", "green", "green", "green", "green", "green", "green", "green", "green", "green", "green", "green", "green", "green", "green", "green", "green", "green", "green", "green", "green", "green", "green", "green", "green", "green", "green", "green", "green", "green", "green", "green", "green", "green", "green", "green", "green", "green", "green", "green", "green", "green", "green", "green", "green", "green", "green", "green", "green", "green", "green", "green", "green"], "timestamps": [0, 40, 80, 120, 160, 200, 240, 280, 320, 360, 400, 440, 480, 520, 560, 600, 640, 680, 720, 760, 800, 840, 880, 920, 960, 1000, 1040, 1080, 1120, 1160, 1200, 1240, 1280, 1320, 1360, 1400, 1440, 1480, 1520, 1560, 1600, 1640, 1680, 1720, 1760, 1800, 1840, 1880, 1920, 1960, 2000, 2040, 2080, 2120, 2160, 2200, 2240, 2280, 2320, 2360, 2400, 2440, 2480, 2520, 2560, 2600, 2640, 2680, 2720, 2760, 2800, 2840, 2880, 2920, 2960, 3000, 3040, 3080, 3120, 3160]}], "conversation": [], "conversation_timestamps": []}