{"agent_id": "agent-blue-620", "type": "blue", "trips": [{"trip_id": 0, "transport_method": "bicycle", "start_time": 0, "path": [[1.5205621, 42.5405821], [1.5203045, 42.5412363], [1.519568, 42.5418962], [1.5187314, 42.5424175], [1.518878, 42.5428784], [1.5187325, 42.5431713], [1.5181927, 42.5439755], [1.5183138, 42.5448427], [1.5191754, 42.5452816], [1.5200118, 42.5456855], [1.5208402, 42.5462227], [1.5213882, 42.5469971], [1.5219455, 42.5478168], [1.5217785, 42.5475151], [1.5224058, 42.5482865], [1.5231508, 42.5489405], [1.5240933, 42.5492276], [1.5249115, 42.5497572], [1.5257589, 42.5502653], [1.526328, 42.5510773], [1.5264687, 42.5519051], [1.5267239, 42.5528489], [1.5273732, 42.5535915], [1.5279614, 42.5543599], [1.5284949, 42.5551467], [1.5292771, 42.5557165], [1.5297444, 42.5565572], [1.5306477, 42.5569436], [1.5314878, 42.5574588], [1.5318191, 42.5581141], [1.5315105, 42.5588858], [1.5309578, 42.5596907], [1.5304038, 42.5605156], [1.5295518, 42.5609465], [1.5286679, 42.5613922], [1.5282176, 42.5622449], [1.5274999, 42.5628587], [1.5269257, 42.5633658], [1.5260685, 42.5637827], [1.5252853, 42.5643952], [1.5245371, 42.5650471], [1.523974, 42.5658652], [1.5234791, 42.5667178], [1.5229921, 42.567567], [1.5221273, 42.568047], [1.5214144, 42.568738], [1.5210792, 42.5696419], [1.5209462, 42.5706265], [1.5204096, 42.5714527], [1.5196332, 42.5720696], [1.5189029, 42.5727053], [1.5183952, 42.5734615], [1.5185057, 42.5743664], [1.5181326, 42.5751974], [1.5187114, 42.57599], [1.5180691, 42.5766402], [1.5173663, 42.5772672], [1.5180082, 42.5779578], [1.5187166, 42.5786494], [1.5188909, 42.5795818], [1.5192684, 42.5804892], [1.5192121, 42.5814499], [1.5191478, 42.5824161], [1.5194145, 42.5833739], [1.5199051, 42.5842071], [1.5206258, 42.5848847], [1.5211205, 42.5857459], [1.5211531, 42.5867226], [1.5216452, 42.5875157], [1.5224655, 42.5880703], [1.5232044, 42.5887355], [1.5238944, 42.5894497], [1.5244685, 42.5902603], [1.5248991, 42.5911552], [1.5251437, 42.5921052], [1.5254291, 42.5930392], [1.526111, 42.5936846], [1.5268788, 42.5942449], [1.5265824, 42.5951705], [1.5265989, 42.5961204]], "mood_vectors": [[0.0464, 0.0738, 0.0231, 0.6925, 0.0803, 0.0479, 0.0361], [0.0716, 0.1017, 0.0907, 0.6206, 0.03, 0.0304, 0.055], [0.0251, 0.0399, 0.0417, 0.7812, 0.0219, 0.0549, 0.0353], [0.0295, 0.0158, 0.0278, 0.802, 0.0441, 0.0645, 0.0163], [0.0848, 0.0721, 0.0426, 0.6663, 0.0239, 0.028, 0.0823], [0.0379, 0.0555, 0.0737, 0.7124, 0.0417, 0.0566, 0.0222], [0.0718, 0.0285, 0.0223, 0.7539, 0.0205, 0.0769, 0.0261], [0.0715, 0.0563, 0.0723, 0.6324, 0.0637, 0.0365, 0.0674], [0.0325, 0.0516, 0.0503, 0.6681, 0.0691, 0.0602, 0.0682], [0.0468, 0.0537, 0.0649, 0.7564, 0.0354, 0.0196, 0.0232], [0.0477, 0.0353, 0.0284, 0.7088, 0.0811, 0.035, 0.0637], [0.0716, 0.0519, 0.0149, 0.6857, 0.0621, 0.0536, 0.0603], [0.068, 0.0648, 0.0857, 0.5822, 0.0665, 0.0766, 0.0561], [0.033, 0.0334, 0.0573, 0.708, 0.0316, 0.0458, 0.0908], [0.0957, 0.0401, 0.057, 0.67, 0.0366, 0.0184, 0.0822], [0.0741, 0.0348, 0.0546, 0.7129, 0.072, 0.0399, 0.0118], [0.0253, 0.0964, 0.0472, 0.6278, 0.0767, 0.081, 0.0455], [0.0626, 0.0676, 0.0745, 0.6451, 0.077, 0.0192, 0.0539], [0.0504, 0.0778, 0.0603, 0.6706, 0.0418, 0.0352, 0.0641], [0.0608, 0.0207, 0.0337, 0.735, 0.039, 0.0388, 0.072], [0.0578, 0.078, 0.0405, 0.6259, 0.0761, 0.058, 0.0637], [0.0294, 0.0784, 0.014, 0.7575, 0.0221, 0.0482, 0.0504], [0.0139, 0.0488, 0.0263, 0.7671, 0.0236, 0.0722, 0.0481], [0.0254, 0.0826, 0.0874, 0.6173, 0.0913, 0.0209, 0.0751], [0.0368, 0.0393, 0.0783, 0.7494, 0.0139, 0.021, 0.0612], [0.0399, 0.0161, 0.0792, 0.6983, 0.0501, 0.0679, 0.0485], [0.0357, 0.0841, 0.0618, 0.6037, 0.0621, 0.0602, 0.0925], [0.0203, 0.0249, 0.0384, 0.7489, 0.035, 0.0748, 0.0577], [0.0513, 0.0479, 0.044, 0.6941, 0.1038, 0.0216, 0.0373], [0.0573, 0.0593, 0.0523, 0.6852, 0.0438, 0.033, 0.0691], [0.0819, 0.0246, 0.0683, 0.6185, 0.0829, 0.0596, 0.0643], [0.0433, 0.0233, 0.0132, 0.7378, 0.0709, 0.0433, 0.0681], [0.0251, 0.0473, 0.0159, 0.7169, 0.0526, 0.0741, 0.0681], [0.0718, 0.0709, 0.0386, 0.6377, 0.0746, 0.0529, 0.0535], [0.0599, 0.0471, 0.0576, 0.7192, 0.0636, 0.0348, 0.0179], [0.0271, 0.0903, 0.0707, 0.6125, 0.053, 0.0815, 0.0649], [0.0353, 0.033, 0.0426, 0.6588, 0.0757, 0.094, 0.0606], [0.0896, 0.038, 0.0496, 0.6384, 0.0326, 0.0837, 0.068], [0.061, 0.0298, 0.0219, 0.6739, 0.0787, 0.0992, 0.0355], [0.0212, 0.0398, 0.0841, 0.728, 0.0315, 0.0275, 0.068], [0.0697, 0.0552, 0.0465, 0.6616, 0.0318, 0.0745, 0.0606], [0.0687, 0.0308, 0.0668, 0.6834, 0.0298, 0.0515, 0.069], [0.0329, 0.0227, 0.0876, 0.6561, 0.0263, 0.0815, 0.0928], [0.0677, 0.0154, 0.0656, 0.7009, 0.038, 0.0621, 0.0503], [0.0525, 0.0713, 0.0494, 0.7341, 0.0163, 0.0649, 0.0116], [0.02, 0.073, 0.0485, 0.6897, 0.0517, 0.0698, 0.0472], [0.077, 0.0579, 0.0246, 0.6525, 0.0664, 0.0329, 0.0887], [0.0604, 0.013, 0.0487, 0.7479, 0.0399, 0.0271, 0.063], [0.0754, 0.0566, 0.0304, 0.6954, 0.0162, 0.0627, 0.0632], [0.0474, 0.0263, 0.0231, 0.708, 0.0363, 0.098, 0.0609], [0.0627, 0.0742, 0.0199, 0.7054, 0.0589, 0.0527, 0.0261], [0.0532, 0.0299, 0.0635, 0.6744, 0.0242, 0.0885, 0.0664], [0.0516, 0.0371, 0.0675, 0.6713, 0.0422, 0.0619, 0.0683], [0.0154, 0.0457, 0.0698, 0.7196, 0.0658, 0.0495, 0.0343], [0.0934, 0.0147, 0.0585, 0.6344, 0.0816, 0.0868, 0.0305], [0.0559, 0.0746, 0.0718, 0.7026, 0.0499, 0.0234, 0.0219], [0.0951, 0.0579, 0.0233, 0.6172, 0.0552, 0.0777, 0.0736], [0.0693, 0.0259, 0.0557, 0.6796, 0.0403, 0.0554, 0.0738], [0.0515, 0.0143, 0.0485, 0.7246, 0.0416, 0.0602, 0.0594], [0.0474, 0.0551, 0.0484, 0.6975, 0.0584, 0.0372, 0.056], [0.0317, 0.0627, 0.0591, 0.7706, 0.0178, 0.0153, 0.0428], [0.0324, 0.0812, 0.0339, 0.7088, 0.061, 0.0539, 0.0289], [0.0571, 0.0736, 0.0695, 0.6195, 0.0725, 0.0772, 0.0306], [0.0802, 0.046, 0.0408, 0.7018, 0.0711, 0.0259, 0.0342], [0.0213, 0.0814, 0.0573, 0.6558, 0.06, 0.0816, 0.0425], [0.0696, 0.0609, 0.0168, 0.6675, 0.0687, 0.0666, 0.0499], [0.0637, 0.0915, 0.025, 0.7486, 0.0215, 0.0209, 0.0287], [0.0537, 0.0391, 0.0814, 0.6286, 0.0419, 0.0839, 0.0715], [0.0836, 0.0795, 0.0218, 0.6939, 0.0444, 0.0435, 0.0333], [0.0483, 0.02, 0.0493, 0.7095, 0.0261, 0.0642, 0.0826], [0.0362, 0.0467, 0.0711, 0.6804, 0.055, 0.0512, 0.0593], [0.0762, 0.0603, 0.0772, 0.6273, 0.0461, 0.0454, 0.0675], [0.0721, 0.0535, 0.0331, 0.6476, 0.0791, 0.0656, 0.049], [0.0585, 0.0581, 0.0529, 0.6661, 0.065, 0.0484, 0.051], [0.0626, 0.0605, 0.0295, 0.6451, 0.0748, 0.054, 0.0735], [0.0256, 0.0458, 0.0487, 0.7082, 0.0464, 0.0488, 0.0765], [0.0324, 0.0628, 0.0394, 0.7163, 0.0459, 0.0817, 0.0214], [0.0841, 0.0515, 0.0139, 0.698, 0.015, 0.0802, 0.0573], [0.0205, 0.0745, 0.03, 0.618, 0.0893, 0.0845, 0.0831], [0.017, 0.066, 0.0626, 0.7299, 0.0227, 0.0165, 0.0852]], "emotions": ["green", "green", "green", "green", "green", "green", "green", "green", "green", "green", "green", "green", "green", "green", "green", "green", "green", "green", "green", "green", "green", "green", "green", "green", "green", "green", "green", "green", "green", "green", "green", "green", "green", "green", "green", "green", "green", "green", "green", "green", "green", "green", "green", "green", "green", "green", "green", "green", "green", "green", "green", "green", "green", "green", "green", "green", "green", "green", "green", "green", "green", "green", "green", "green", "green", "green", "green", "green", "green", "green", "green", "green", "green", "green", "green", "green", "green", "green", "green", "green"], "timestamps": [0, 40, 80, 120, 160, 200, 240, 280, 320, 360, 400, 440, 480, 520, 560, 600, 640, 680, 720, 760, 800, 840, 880, 920, 960, 1000, 1040, 1080, 1120, 1160, 1200, 1240, 1280, 1320, 1360, 1400, 1440, 1480, 1520, 1560, 1600, 1640, 1680, 1720, 1760, 1800, 1840, 1880, 1920, 1960, 2000, 2040, 2080, 2120, 2160, 2200, 2240, 2280, 2320, 2360, 2400, 2440, 2480, 2520, 2560, 2600, 2640, 2680, 2720, 2760, 2800, 2840, 2880, 2920, 2960, 3000, 3040, 3080, 3120, 3160]}], "conversation": [], "conversation_timestamps": []}