{"agent_id": "agent-red-1876", "type": "red", "trips": [{"trip_id": 0, "transport_method": "car", "start_time": 0, "path": [[1.5389172, 42.5124055], [1.5387369, 42.5125388], [1.5385301, 42.5126206], [1.538309, 42.512658], [1.5380877, 42.5126942], [1.537866, 42.512728], [1.5376445, 42.5127608], [1.5374284, 42.5128208], [1.5372122, 42.5128805], [1.5369927, 42.5129256], [1.5367754, 42.5129798], [1.5365601, 42.5130423], [1.5363487, 42.5131088], [1.5361265, 42.5130783], [1.5360595, 42.5128856], [1.5359471, 42.5127076], [1.5357922, 42.5125574], [1.535662, 42.5123748], [1.5355318, 42.5121921], [1.5355283, 42.5122777], [1.5355003, 42.5124961], [1.5355376, 42.5126678], [1.5357555, 42.5126331], [1.5358168, 42.5126302], [1.5356433, 42.5124881], [1.5354698, 42.512346], [1.5352962, 42.512204], [1.5351227, 42.5120619], [1.5349492, 42.5119199], [1.5347757, 42.5117778], [1.5346021, 42.5116357], [1.5344286, 42.5114937], [1.5342513, 42.5113583], [1.5340457, 42.5113066], [1.5338927, 42.5111434], [1.5337636, 42.5109603], [1.5336156, 42.5107921], [1.5334426, 42.5106496], [1.5332571, 42.5105253], [1.5330597, 42.5104189], [1.5328663, 42.5103092], [1.5326872, 42.5101742], [1.5325081, 42.5100392], [1.5323291, 42.5099042], [1.5321262, 42.5098585], [1.5319126, 42.5097901], [1.5317021, 42.509713], [1.5314908, 42.5096379], [1.5312814, 42.5095576], [1.5310719, 42.5094776], [1.5308617, 42.5093994], [1.5306503, 42.5093511], [1.530438, 42.5093338], [1.5302259, 42.509261], [1.5300141, 42.5091874], [1.5298008, 42.5091186], [1.5295859, 42.5090544], [1.5293704, 42.5089929], [1.529158, 42.5089294], [1.528947, 42.5088864], [1.5287261, 42.5088531], [1.5285078, 42.5088015], [1.5283027, 42.5087133], [1.5280993, 42.5086191], [1.5278931, 42.5085309], [1.5276869, 42.5084427], [1.5274749, 42.508372], [1.527251, 42.5083614], [1.5270268, 42.5083591], [1.5268026, 42.5083535], [1.526579, 42.5083375], [1.5263571, 42.5083059], [1.526137, 42.5082629], [1.5259174, 42.5082193], [1.5256992, 42.5081747], [1.5254904, 42.5080936], [1.525277, 42.508025], [1.525063, 42.507958], [1.5248459, 42.5079017], [1.5246289, 42.5078453]], "mood_vectors": [[0.8132, 0.0707, 0.0313, 0.0278, 0.0211, 0.0161, 0.0198], [0.6895, 0.0581, 0.0403, 0.0122, 0.0642, 0.0621, 0.0735], [0.6277, 0.0662, 0.0408, 0.0403, 0.0867, 0.0504, 0.088], [0.7096, 0.0223, 0.0193, 0.059, 0.0699, 0.0548, 0.0652], [0.7151, 0.0618, 0.0315, 0.0367, 0.0462, 0.0324, 0.0763], [0.6828, 0.0689, 0.0807, 0.083, 0.0203, 0.0209, 0.0435], [0.6743, 0.0324, 0.0566, 0.0544, 0.027, 0.075, 0.0803], [0.636, 0.0156, 0.0478, 0.0928, 0.0625, 0.0883, 0.057], [0.7233, 0.0333, 0.0812, 0.0523, 0.0267, 0.0594, 0.0238], [0.6318, 0.0519, 0.0791, 0.0425, 0.0687, 0.0506, 0.0754], [0.6928, 0.0682, 0.0781, 0.0278, 0.0615, 0.0142, 0.0574], [0.7583, 0.0402, 0.0269, 0.0517, 0.0684, 0.0331, 0.0213], [0.6504, 0.0743, 0.0803, 0.0428, 0.0358, 0.0695, 0.0469], [0.6585, 0.0866, 0.086, 0.0208, 0.032, 0.0616, 0.0545], [0.6695, 0.0838, 0.0146, 0.0329, 0.048, 0.0783, 0.0729], [0.7658, 0.0232, 0.021, 0.0699, 0.0376, 0.0448, 0.0377], [0.7606, 0.025, 0.053, 0.0235, 0.0158, 0.0588, 0.0633], [0.6929, 0.0537, 0.0198, 0.0526, 0.073, 0.0317, 0.0763], [0.6986, 0.0656, 0.0733, 0.0184, 0.0602, 0.0513, 0.0327], [0.6374, 0.0415, 0.044, 0.0654, 0.056, 0.086, 0.0698], [0.6851, 0.0746, 0.0766, 0.0152, 0.0664, 0.0433, 0.0387], [0.7252, 0.0638, 0.0301, 0.0169, 0.0351, 0.0808, 0.0481], [0.7411, 0.0553, 0.0205, 0.0487, 0.0388, 0.0136, 0.082], [0.6691, 0.0536, 0.0399, 0.0493, 0.0166, 0.0753, 0.0961], [0.6733, 0.0171, 0.0622, 0.0859, 0.0405, 0.0573, 0.0638], [0.7676, 0.0718, 0.0112, 0.029, 0.0131, 0.0478, 0.0594], [0.6945, 0.0448, 0.0585, 0.0532, 0.017, 0.0778, 0.0542], [0.7524, 0.0571, 0.0303, 0.0465, 0.0326, 0.0539, 0.0271], [0.7417, 0.0659, 0.0172, 0.0207, 0.076, 0.062, 0.0166], [0.7278, 0.036, 0.0728, 0.0412, 0.035, 0.0225, 0.0647], [0.6411, 0.0796, 0.0262, 0.0759, 0.0498, 0.0718, 0.0556], [0.734, 0.0524, 0.0379, 0.0517, 0.0521, 0.0491, 0.0229], [0.6338, 0.0809, 0.0372, 0.0475, 0.0902, 0.0475, 0.0629], [0.7651, 0.0314, 0.0598, 0.0375, 0.0187, 0.0331, 0.0544], [0.6823, 0.0718, 0.032, 0.0312, 0.0662, 0.067, 0.0496], [0.7364, 0.0447, 0.0259, 0.0225, 0.0548, 0.0577, 0.058], [0.7633, 0.0213, 0.0556, 0.0575, 0.0467, 0.0334, 0.0221], [0.7591, 0.0434, 0.0411, 0.0669, 0.0329, 0.0351, 0.0214], [0.6905, 0.0372, 0.0135, 0.0668, 0.0683, 0.0723, 0.0514], [0.7044, 0.0404, 0.0483, 0.0812, 0.0371, 0.0278, 0.0608], [0.674, 0.0918, 0.0402, 0.0206, 0.0866, 0.0327, 0.0542], [0.7483, 0.0165, 0.078, 0.0185, 0.0339, 0.0335, 0.0713], [0.686, 0.0183, 0.0607, 0.0554, 0.0567, 0.0451, 0.0777], [0.667, 0.0522, 0.0213, 0.0629, 0.0939, 0.0653, 0.0373], [0.7584, 0.0203, 0.0531, 0.0572, 0.0444, 0.0136, 0.053], [0.7033, 0.0644, 0.0624, 0.0493, 0.0866, 0.0191, 0.0149], [0.6944, 0.0639, 0.0217, 0.0356, 0.0362, 0.0601, 0.0881], [0.7327, 0.0314, 0.0618, 0.0461, 0.0483, 0.0413, 0.0384], [0.7403, 0.0456, 0.0339, 0.0638, 0.0238, 0.0799, 0.0128], [0.6986, 0.0271, 0.0132, 0.0852, 0.0816, 0.0424, 0.0519], [0.6772, 0.0486, 0.0641, 0.0206, 0.0753, 0.0714, 0.0428], [0.7541, 0.0285, 0.0178, 0.0747, 0.0672, 0.0456, 0.0122], [0.6637, 0.0925, 0.0297, 0.0387, 0.0891, 0.0408, 0.0455], [0.6636, 0.0775, 0.0853, 0.0413, 0.0276, 0.0275, 0.0773], [0.624, 0.0396, 0.0424, 0.0781, 0.0936, 0.0283, 0.0939], [0.6368, 0.0836, 0.0164, 0.017, 0.0961, 0.0583, 0.0917], [0.6616, 0.0356, 0.0259, 0.056, 0.0732, 0.0618, 0.0858], [0.6683, 0.0173, 0.0835, 0.0293, 0.0572, 0.071, 0.0733], [0.7433, 0.0372, 0.0454, 0.0697, 0.0396, 0.0367, 0.028], [0.7378, 0.0644, 0.0417, 0.0469, 0.0299, 0.0547, 0.0246], [0.6448, 0.0534, 0.075, 0.0428, 0.0594, 0.0668, 0.0579], [0.6727, 0.0121, 0.0563, 0.0503, 0.065, 0.0757, 0.0679], [0.7031, 0.0653, 0.0323, 0.0366, 0.0761, 0.0713, 0.0152], [0.7601, 0.0441, 0.0689, 0.0215, 0.0234, 0.0247, 0.0573], [0.7155, 0.0159, 0.0892, 0.0623, 0.014, 0.0794, 0.0237], [0.7294, 0.0288, 0.0743, 0.0253, 0.0516, 0.0348, 0.0559], [0.6538, 0.0678, 0.0535, 0.0345, 0.0805, 0.0544, 0.0556], [0.6934, 0.0442, 0.0413, 0.0334, 0.0612, 0.0684, 0.0581], [0.6301, 0.0503, 0.072, 0.0567, 0.0758, 0.0712, 0.0438], [0.7336, 0.0351, 0.0595, 0.0119, 0.0596, 0.0454, 0.0549], [0.6849, 0.0474, 0.0277, 0.0782, 0.0575, 0.0634, 0.0409], [0.7587, 0.0203, 0.067, 0.0131, 0.0715, 0.0301, 0.0392], [0.7092, 0.0742, 0.0276, 0.0263, 0.0331, 0.076, 0.0535], [0.7058, 0.0465, 0.0415, 0.0648, 0.0438, 0.0757, 0.0219], [0.6722, 0.0345, 0.0319, 0.0804, 0.0517, 0.0577, 0.0715], [0.6443, 0.0413, 0.0662, 0.0716, 0.0453, 0.062, 0.0694], [0.6934, 0.059, 0.0227, 0.058, 0.0215, 0.0748, 0.0706], [0.6373, 0.0715, 0.0445, 0.0295, 0.0727, 0.0827, 0.0618], [0.707, 0.0515, 0.046, 0.0683, 0.0685, 0.0312, 0.0274], [0.7179, 0.069, 0.0469, 0.0454, 0.029, 0.024, 0.0678]], "emotions": ["red", "red", "red", "red", "red", "red", "red", "red", "red", "red", "red", "red", "red", "red", "red", "red", "red", "red", "red", "red", "red", "red", "red", "red", "red", "red", "red", "red", "red", "red", "red", "red", "red", "red", "red", "red", "red", "red", "red", "red", "red", "red", "red", "red", "red", "red", "red", "red", "red", "red", "red", "red", "red", "red", "red", "red", "red", "red", "red", "red", "red", "red", "red", "red", "red", "red", "red", "red", "red", "red", "red", "red", "red", "red", "red", "red", "red", "red", "red", "red"], "timestamps": [0, 40, 80, 120, 160, 200, 240, 280, 320, 360, 400, 440, 480, 520, 560, 600, 640, 680, 720, 760, 800, 840, 880, 920, 960, 1000, 1040, 1080, 1120, 1160, 1200, 1240, 1280, 1320, 1360, 1400, 1440, 1480, 1520, 1560, 1600, 1640, 1680, 1720, 1760, 1800, 1840, 1880, 1920, 1960, 2000, 2040, 2080, 2120, 2160, 2200, 2240, 2280, 2320, 2360, 2400, 2440, 2480, 2520, 2560, 2600, 2640, 2680, 2720, 2760, 2800, 2840, 2880, 2920, 2960, 3000, 3040, 3080, 3120, 3160]}], "conversation": [], "conversation_timestamps": []}