{"agent_id": "agent-green-922", "type": "green", "trips": [{"trip_id": 0, "transport_method": "foot", "start_time": 0, "path": [[1.5831312, 42.535909], [1.5831389, 42.5357708], [1.5831583, 42.5356339], [1.5831628, 42.5356671], [1.5831564, 42.5358053], [1.5831501, 42.5359436], [1.5831767, 42.5360324], [1.5832716, 42.5361126], [1.5833148, 42.5361965], [1.5833284, 42.5363032], [1.5834093, 42.5363819], [1.5835404, 42.5364256], [1.5836726, 42.5364663], [1.5838049, 42.5365069], [1.5839373, 42.5365472], [1.5840697, 42.5365875], [1.5842021, 42.5366278], [1.5843388, 42.5366453], [1.5844767, 42.5366416], [1.5845956, 42.5367106], [1.5847127, 42.5367672], [1.584798, 42.5366825], [1.5848596, 42.5365586], [1.5849212, 42.5364347], [1.5849828, 42.5363107], [1.5850463, 42.5361878], [1.5851133, 42.5360667], [1.5851803, 42.5359456], [1.5852473, 42.5358245], [1.5853143, 42.5357034], [1.5853812, 42.5355823], [1.5854923, 42.5355192], [1.5855454, 42.5353915], [1.5855985, 42.5352637], [1.5856517, 42.5351359], [1.5857048, 42.5350081], [1.5856603, 42.5351153], [1.5856071, 42.535243], [1.585554, 42.5353708], [1.5855008, 42.5354986], [1.585521, 42.535416], [1.5855589, 42.5352829], [1.5855967, 42.5351498], [1.5856345, 42.5350167], [1.5856724, 42.5348836], [1.5857102, 42.5347505], [1.585748, 42.5346173], [1.5857545, 42.5344802], [1.5857869, 42.5343461], [1.5858483, 42.5342239], [1.5859565, 42.5341422], [1.5860922, 42.5341438], [1.5862111, 42.5340832], [1.5863276, 42.5340086], [1.5864441, 42.5339339], [1.5865206, 42.5338199], [1.586585, 42.5336982], [1.5866305, 42.5335675], [1.586676, 42.5334368], [1.5867215, 42.5333061], [1.5868029, 42.5331948], [1.5868893, 42.5330922], [1.5870182, 42.5331426], [1.5871471, 42.533193], [1.5872776, 42.5332386], [1.5872869, 42.5331928], [1.5872747, 42.5331765], [1.5873236, 42.5332187], [1.5872857, 42.5330856], [1.5872746, 42.5329724], [1.587413, 42.5329697], [1.5875381, 42.5330177], [1.5876576, 42.5330876], [1.587777, 42.5331575], [1.5878965, 42.5332273], [1.5880159, 42.5332972], [1.5881353, 42.5333671], [1.5882662, 42.5334039], [1.5884009, 42.5333722], [1.5885356, 42.5333405]], "mood_vectors": [[0.0454, 0.0721, 0.0367, 0.0681, 0.0722, 0.0707, 0.6348], [0.0551, 0.0355, 0.0524, 0.057, 0.0495, 0.0639, 0.6866], [0.055, 0.0665, 0.0194, 0.0434, 0.0596, 0.066, 0.6901], [0.04, 0.0232, 0.0279, 0.0332, 0.0629, 0.0386, 0.7742], [0.0632, 0.0143, 0.0692, 0.0348, 0.0772, 0.0336, 0.7078], [0.0909, 0.0575, 0.0225, 0.0198, 0.0809, 0.0842, 0.6442], [0.0721, 0.0639, 0.0148, 0.0259, 0.0395, 0.0623, 0.7215], [0.0142, 0.0441, 0.0583, 0.0431, 0.0307, 0.0383, 0.7713], [0.0671, 0.0608, 0.0783, 0.0427, 0.056, 0.0448, 0.6503], [0.063, 0.0817, 0.0241, 0.0413, 0.0588, 0.0263, 0.7048], [0.0293, 0.0499, 0.0715, 0.0379, 0.0481, 0.0283, 0.735], [0.0485, 0.0669, 0.0645, 0.0551, 0.0384, 0.0383, 0.6883], [0.0669, 0.0256, 0.0498, 0.0186, 0.0294, 0.0204, 0.7893], [0.0929, 0.0297, 0.0567, 0.035, 0.0297, 0.0299, 0.7261], [0.0488, 0.0252, 0.079, 0.0691, 0.0526, 0.0346, 0.6907], [0.0246, 0.0161, 0.0189, 0.0567, 0.054, 0.0533, 0.7763], [0.0714, 0.0867, 0.047, 0.0805, 0.0164, 0.0152, 0.6829], [0.0181, 0.0793, 0.0867, 0.0254, 0.0582, 0.0779, 0.6544], [0.0704, 0.0271, 0.0448, 0.0901, 0.0845, 0.0839, 0.5992], [0.051, 0.031, 0.0323, 0.0865, 0.0602, 0.0243, 0.7148], [0.0485, 0.044, 0.0697, 0.0568, 0.0664, 0.0416, 0.6729], [0.0149, 0.0667, 0.0203, 0.0223, 0.0383, 0.0601, 0.7773], [0.0322, 0.0401, 0.0347, 0.0432, 0.0608, 0.0551, 0.7338], [0.0206, 0.0395, 0.0208, 0.0683, 0.0422, 0.063, 0.7455], [0.0742, 0.034, 0.0329, 0.0907, 0.0174, 0.0543, 0.6967], [0.0793, 0.0755, 0.0731, 0.0483, 0.0153, 0.0421, 0.6664], [0.0392, 0.0566, 0.0664, 0.0709, 0.014, 0.0243, 0.7286], [0.0785, 0.0308, 0.0326, 0.039, 0.0784, 0.0337, 0.707], [0.0555, 0.0234, 0.0205, 0.0388, 0.0313, 0.0384, 0.792], [0.0859, 0.042, 0.0279, 0.0796, 0.0873, 0.0618, 0.6155], [0.0531, 0.0205, 0.0362, 0.0711, 0.0659, 0.0561, 0.6971], [0.0586, 0.0184, 0.0531, 0.0407, 0.0733, 0.0656, 0.6903], [0.0463, 0.0401, 0.0641, 0.0546, 0.0379, 0.0191, 0.7378], [0.0862, 0.049, 0.0255, 0.0225, 0.0218, 0.0693, 0.7258], [0.0177, 0.068, 0.0502, 0.035, 0.0655, 0.0301, 0.7335], [0.0201, 0.0574, 0.0185, 0.0788, 0.0563, 0.0455, 0.7233], [0.0503, 0.0294, 0.024, 0.0443, 0.03, 0.0572, 0.7648], [0.0716, 0.0331, 0.0491, 0.0546, 0.0775, 0.0807, 0.6333], [0.0337, 0.0296, 0.042, 0.0632, 0.0495, 0.0702, 0.7119], [0.0188, 0.0584, 0.0739, 0.0378, 0.0404, 0.051, 0.7199], [0.037, 0.0581, 0.0727, 0.0399, 0.0204, 0.0614, 0.7105], [0.0334, 0.0793, 0.0785, 0.0236, 0.0291, 0.0787, 0.6773], [0.0166, 0.0703, 0.0733, 0.0343, 0.0679, 0.0306, 0.707], [0.0646, 0.0719, 0.0685, 0.0367, 0.026, 0.0208, 0.7114], [0.035, 0.0185, 0.0614, 0.0453, 0.0547, 0.0894, 0.6957], [0.0379, 0.0545, 0.0695, 0.0408, 0.0371, 0.07, 0.6901], [0.0571, 0.0606, 0.0363, 0.0396, 0.0345, 0.0836, 0.6882], [0.0153, 0.0217, 0.0467, 0.0618, 0.0265, 0.0539, 0.7742], [0.0721, 0.0523, 0.052, 0.0484, 0.0277, 0.0678, 0.6797], [0.0878, 0.0219, 0.04, 0.0407, 0.0357, 0.0964, 0.6774], [0.0463, 0.0705, 0.0553, 0.0582, 0.0516, 0.0742, 0.6438], [0.0423, 0.0552, 0.0475, 0.0706, 0.0192, 0.0644, 0.7007], [0.0371, 0.058, 0.0828, 0.0289, 0.0219, 0.0508, 0.7204], [0.0563, 0.0269, 0.0264, 0.0581, 0.0508, 0.0396, 0.742], [0.0614, 0.0645, 0.0503, 0.0593, 0.0578, 0.0363, 0.6705], [0.0709, 0.0413, 0.0382, 0.0436, 0.0244, 0.0677, 0.714], [0.0632, 0.055, 0.0209, 0.0652, 0.0586, 0.0712, 0.6659], [0.0201, 0.0531, 0.0522, 0.0683, 0.0231, 0.0413, 0.742], [0.0625, 0.0614, 0.0459, 0.0649, 0.0441, 0.0432, 0.678], [0.0777, 0.0692, 0.0228, 0.0803, 0.047, 0.0234, 0.6796], [0.0623, 0.0597, 0.0498, 0.0504, 0.0265, 0.0405, 0.7109], [0.025, 0.0162, 0.0399, 0.0303, 0.0545, 0.0569, 0.7772], [0.0546, 0.0489, 0.0218, 0.0617, 0.0497, 0.0236, 0.7397], [0.03, 0.0531, 0.0476, 0.0222, 0.0712, 0.0163, 0.7597], [0.0721, 0.0773, 0.0541, 0.0342, 0.0409, 0.0688, 0.6526], [0.0467, 0.0711, 0.0559, 0.0416, 0.0164, 0.0702, 0.6982], [0.0112, 0.0629, 0.0436, 0.0414, 0.0454, 0.0646, 0.7307], [0.0239, 0.0478, 0.0758, 0.0462, 0.0155, 0.0668, 0.724], [0.0834, 0.0544, 0.0384, 0.0278, 0.0716, 0.0122, 0.7122], [0.0853, 0.0807, 0.0838, 0.0326, 0.0395, 0.021, 0.6572], [0.0697, 0.0199, 0.07, 0.0626, 0.0328, 0.0672, 0.6778], [0.0828, 0.0615, 0.0432, 0.0433, 0.0478, 0.0194, 0.702], [0.0319, 0.0373, 0.0521, 0.0331, 0.0607, 0.0573, 0.7276], [0.0256, 0.0506, 0.0688, 0.0199, 0.033, 0.0241, 0.778], [0.0603, 0.0287, 0.0656, 0.044, 0.05, 0.0496, 0.7018], [0.0173, 0.0626, 0.0292, 0.0621, 0.0358, 0.0298, 0.7632], [0.0821, 0.0797, 0.031, 0.0679, 0.066, 0.0474, 0.6259], [0.0863, 0.0532, 0.0871, 0.0631, 0.0422, 0.0382, 0.6298], [0.0755, 0.0765, 0.0414, 0.0335, 0.0588, 0.0254, 0.6889], [0.0809, 0.0275, 0.0762, 0.0521, 0.042, 0.0541, 0.6671]], "emotions": ["purple", "purple", "purple", "purple", "purple", "purple", "purple", "purple", "purple", "purple", "purple", "purple", "purple", "purple", "purple", "purple", "purple", "purple", "purple", "purple", "purple", "purple", "purple", "purple", "purple", "purple", "purple", "purple", "purple", "purple", "purple", "purple", "purple", "purple", "purple", "purple", "purple", "purple", "purple", "purple", "purple", "purple", "purple", "purple", "purple", "purple", "purple", "purple", "purple", "purple", "purple", "purple", "purple", "purple", "purple", "purple", "purple", "purple", "purple", "purple", "purple", "purple", "purple", "purple", "purple", "purple", "purple", "purple", "purple", "purple", "purple", "purple", "purple", "purple", "purple", "purple", "purple", "purple", "purple", "purple"], "timestamps": [0, 40, 80, 120, 160, 200, 240, 280, 320, 360, 400, 440, 480, 520, 560, 600, 640, 680, 720, 760, 800, 840, 880, 920, 960, 1000, 1040, 1080, 1120, 1160, 1200, 1240, 1280, 1320, 1360, 1400, 1440, 1480, 1520, 1560, 1600, 1640, 1680, 1720, 1760, 1800, 1840, 1880, 1920, 1960, 2000, 2040, 2080, 2120, 2160, 2200, 2240, 2280, 2320, 2360, 2400, 2440, 2480, 2520, 2560, 2600, 2640, 2680, 2720, 2760, 2800, 2840, 2880, 2920, 2960, 3000, 3040, 3080, 3120, 3160]}], "conversation": [], "conversation_timestamps": []}