{
  "agent_id": "agent-type-blue-73",
  "type": "blue",
  "trips": [
    {
      "trip_id": 0,
      "transport_method": "bicycle",
      "start_time": 0,
      "path": [
        [
          1.5248521999999998,
          42.50665229999999
        ],
        [
          1.5244862116448576,
          42.506617296919465
        ],
        [
          1.5242213303016654,
          42.50681728076997
        ],
        [
          1.5238634675043103,
          42.506759537587975
        ],
        [
          1.523505080557477,
          42.50667517056813
        ],
        [
          1.52320412787578,
          42.50655035777959
        ],
        [
          1.5228525677392584,
          42.50644097516189
        ],
        [
          1.522495006819414,
          42.50635737539436
        ],
        [
          1.5221303677156015,
          42.50630641059654
        ],
        [
          1.521967509121774,
          42.50643372559334
        ],
        [
          1.5222065438764114,
          42.50671376393486
        ],
        [
          1.522445578631049,
          42.506993802276384
        ],
        [
          1.5222295866143132,
          42.5067407593821
        ],
        [
          1.5219905518596757,
          42.506460721040575
        ],
        [
          1.5217664221454503,
          42.506329179758986
        ],
        [
          1.52180453685948,
          42.506582465156306
        ],
        [
          1.5220594267393353,
          42.50684815338674
        ],
        [
          1.5223143166191908,
          42.50711384161718
        ],
        [
          1.5224835515440232,
          42.50741192268215
        ],
        [
          1.5227213011632426,
          42.507648410901375
        ],
        [
          1.523081215987218,
          42.50772600217749
        ],
        [
          1.5231681803118657,
          42.50793312360646
        ],
        [
          1.522845301175153,
          42.50807163625516
        ],
        [
          1.5224817015263996,
          42.508059845532024
        ],
        [
          1.5225209806878395,
          42.507904825236665
        ],
        [
          1.522400349449278,
          42.507978970779305
        ],
        [
          1.5225725800456722,
          42.508123439159256
        ],
        [
          1.5224668000000008,
          42.50847609999999
        ]
      ],
      "emotions": [
        "green",
        "green",
        "green",
        "green",
        "green",
        "purple",
        "purple",
        "purple",
        "purple",
        "purple",
        "green",
        "green",
        "green",
        "green",
        "green",
        "purple",
        "purple",
        "purple",
        "purple",
        "purple",
        "purple",
        "purple",
        "purple",
        "purple",
        "purple",
        "red",
        "red",
        "red"
      ],
      "mood_vectors": [
        [
          0.05019207512255344,
          0.0019692512538335683,
          0.12060739595172243,
          0.10059554407674293,
          0.41125669187367564,
          0.07332901350376544,
          0.24205002821770658
        ],
        [
          0.22203576745761888,
          0.18503478079141944,
          0.09685018277920643,
          0.2203228177668452,
          0.007062562416374131,
          0.139876241599785,
          0.12881764718875088
        ],
        [
          0.21629434132190917,
          0.05276418613802869,
          0.23066914035533667,
          0.05580604294765892,
          0.2103362327681071,
          0.21957913152802405,
          0.014550924940935487
        ],
        [
          0.2219131803698871,
          0.19870398417546256,
          0.03026779367919391,
          0.20994958698933042,
          0.03089896284769544,
          0.1603086349626644,
          0.14795785697576608
        ],
        [
          0.09899097350220665,
          0.13628287256962554,
          0.16968296291917906,
          0.134003452075036,
          0.0898407650291861,
          0.19508187216299955,
          0.17611710174176712
        ],
        [
          0.14143044451983652,
          0.3078913966353201,
          0.030487529917799717,
          0.1848824913650164,
          0.27051101065920347,
          0.05993438487518949,
          0.004862742027634309
        ],
        [
          0.20709418432890497,
          0.1663586850682095,
          0.1844016906826301,
          0.1050597359370449,
          0.06167612052394563,
          0.025189492087035352,
          0.2502200913722295
        ],
        [
          0.15909089012201488,
          0.051630163220423596,
          0.176025721116072,
          0.1633196249667944,
          0.0816134107348275,
          0.15722606283763588,
          0.21109412700223174
        ],
        [
          0.11268691316511985,
          0.034422751753286206,
          0.22247037540920467,
          0.07977777275343809,
          0.20737520751317928,
          0.09398017425070608,
          0.24928680515506585
        ],
        [
          0.20925187384948046,
          0.17847708408934493,
          0.20331719813589652,
          0.025165886620297635,
          0.19787413971679865,
          0.1106405472383532,
          0.07527327034982866
        ],
        [
          0.1003939806663046,
          0.0677692921684795,
          0.20218636394959652,
          0.27076882485649256,
          0.09339266138344944,
          0.1036384281723993,
          0.1618504488032781
        ],
        [
          0.08566633021443193,
          0.15747599355698905,
          0.12410425409621696,
          0.15127797771770482,
          0.016687304418893902,
          0.2414189425865141,
          0.22336919740924926
        ],
        [
          0.21094197116951935,
          0.06342410032798275,
          0.006426973190068253,
          0.2414601135946128,
          0.09610804761851524,
          0.17577184204100146,
          0.20586695205830008
        ],
        [
          0.19080834252699097,
          0.04086050586076435,
          0.11050632632518392,
          0.3174945332073698,
          0.0643721410617553,
          0.12217412853543912,
          0.15378402248249662
        ],
        [
          0.026116259924002794,
          0.2051366967197704,
          0.052100198071768467,
          0.12219461133470497,
          0.09994292745469871,
          0.39671176897497984,
          0.09779753752007483
        ],
        [
          0.20006148958869074,
          0.1767241921984408,
          0.07344137997010207,
          0.10661690826988561,
          0.1891898351182239,
          0.011585385466767986,
          0.242380809387889
        ],
        [
          0.1342999862871727,
          0.03689344971104458,
          0.14747416208006495,
          0.2272064927679966,
          0.030336041682115907,
          0.2112744618179282,
          0.21251540565367708
        ],
        [
          0.1746776674611827,
          0.10330644624688219,
          0.20856265712706692,
          0.13739922286443826,
          0.16740615930229652,
          0.06978279888999987,
          0.13886504810813347
        ],
        [
          0.16521798639329952,
          0.019272169660346825,
          0.05547144374369502,
          0.09235806279346888,
          0.15060831262967034,
          0.24533879419692428,
          0.27173323058259513
        ],
        [
          0.011344161845871215,
          0.10043263758652714,
          0.14065615321527059,
          0.26202260308233327,
          0.06563994351146082,
          0.23845120029802033,
          0.18145330046051653
        ],
        [
          0.026797994447068135,
          0.24367116700475816,
          0.02006552931338011,
          0.02662000530624458,
          0.2485371493613968,
          0.22848467744350234,
          0.2058234771236499
        ],
        [
          0.26824023360225224,
          0.24454294480157512,
          0.13659310353226026,
          0.0993912969788177,
          0.18731864259984618,
          0.02159625623447062,
          0.042317522250777895
        ],
        [
          0.08778096339895344,
          0.14816546721855745,
          0.16272938642561424,
          0.08920026309193635,
          0.25962763340783224,
          0.17995123599361917,
          0.07254505046348704
        ],
        [
          0.13766463909786533,
          0.24155440734734382,
          0.24576315326038714,
          0.21385996948046668,
          0.07607050292423556,
          0.03665427115507598,
          0.04843305673462551
        ],
        [
          0.010528117395088004,
          0.23016405009415492,
          0.08203687701873467,
          0.11449031290817271,
          0.08121497127668226,
          0.07380705716031086,
          0.4077586141468567
        ],
        [
          0.014251063701819692,
          0.013054590657090146,
          0.14681744339329442,
          0.13794428998364,
          0.21289002112344926,
          0.31047415338755874,
          0.16456843775314775
        ],
        [
          0.21030234356474722,
          0.2522748608256125,
          0.16294326312326793,
          0.11319840627495326,
          0.17215364597451438,
          0.056539021054775,
          0.032588459182129714
        ],
        [
          0.22510313011269573,
          0.08059232347603322,
          0.0635268712673008,
          0.07252475253775861,
          0.2121888978327226,
          0.18658171265751156,
          0.1594823121159775
        ]
      ],
      "timestamps": [
        0,
        1,
        2,
        3,
        4,
        5,
        6,
        7,
        8,
        9,
        10,
        11,
        12,
        13,
        14,
        15,
        16,
        17,
        18,
        19,
        20,
        21,
        22,
        23,
        24,
        25,
        26,
        27
      ],
      "distance": 447
    },
    {
      "trip_id": 1,
      "transport_method": "car",
      "start_time": 28,
      "path": [
        [
          1.5224668000000008,
          42.50847609999999
        ],
        [
          1.523084524885245,
          42.508290217451474
        ],
        [
          1.5230883048825898,
          42.50828412344361
        ],
        [
          1.5233406690696023,
          42.50782871193221
        ],
        [
          1.5239327005450136,
          42.50765836378543
        ],
        [
          1.5241291109374175,
          42.50735070961726
        ],
        [
          1.5237291992033435,
          42.50772331376949
        ],
        [
          1.5231260506598707,
          42.507735667740654
        ],
        [
          1.5225438872802526,
          42.50753218526722
        ],
        [
          1.5222175638911104,
          42.507012989982236
        ],
        [
          1.5217709768617196,
          42.50654748339703
        ],
        [
          1.5220844080836824,
          42.50633675815524
        ],
        [
          1.5227119164024276,
          42.50648632307626
        ],
        [
          1.523339424721173,
          42.50663588799727
        ],
        [
          1.5234328147685612,
          42.506555496528414
        ],
        [
          1.5237004915178873,
          42.505968567645525
        ],
        [
          1.523905631732787,
          42.505518761237354
        ],
        [
          1.5236379549834609,
          42.506105690120236
        ],
        [
          1.5233221392431329,
          42.50658707523114
        ],
        [
          1.5227059500448146,
          42.50639621291712
        ],
        [
          1.5220689342015266,
          42.50629782417069
        ],
        [
          1.5218087646128517,
          42.50583600904624
        ],
        [
          1.5219712976689754,
          42.50521174081777
        ],
        [
          1.522272254565201,
          42.504689074170045
        ],
        [
          1.522713607095188,
          42.50459989389473
        ],
        [
          1.5233523248085792,
          42.50468840821476
        ],
        [
          1.5239855000000007,
          42.50481179999999
        ]
      ],
      "emotions": [
        "red",
        "red",
        "purple",
        "purple",
        "purple",
        "purple",
        "purple",
        "green",
        "green",
        "green",
        "green",
        "green",
        "purple",
        "purple",
        "purple",
        "purple",
        "purple",
        "red",
        "red",
        "red",
        "red",
        "red",
        "purple",
        "purple",
        "purple",
        "purple",
        "purple"
      ],
      "mood_vectors": [
        [
          0.1203428588098504,
          0.2016144445590455,
          0.19778481878097173,
          0.018652439952079325,
          0.24088002234206415,
          0.04012370707103302,
          0.1806017084849558
        ],
        [
          0.2990254857444371,
          0.2630906988714447,
          0.10959291869262451,
          0.17982687441262687,
          0.03793496061517317,
          0.09354650671169094,
          0.016982554952002595
        ],
        [
          0.10630281109167762,
          0.18665451512917786,
          0.08597961866454971,
          0.18512692991036625,
          0.13354818357667925,
          0.2813993740060127,
          0.02098856762153665
        ],
        [
          0.11222780572247772,
          0.22681770825264294,
          0.06986332123916027,
          0.013320457590849289,
          0.21605883217998054,
          0.12754196337624252,
          0.23416991163864673
        ],
        [
          0.15919624724002207,
          0.09588566490509227,
          0.2548027370686584,
          0.2908902073432227,
          0.06736561354935819,
          0.0841014186685811,
          0.04775811122506522
        ],
        [
          0.18340175554364543,
          0.23293426474384823,
          0.021125041534880668,
          0.03345135915368115,
          0.1746604940648803,
          0.05081534153376071,
          0.30361174342530356
        ],
        [
          0.10058020674198734,
          0.24997021631147678,
          0.14434586774218977,
          0.21110129068765943,
          0.22628256357441912,
          0.014023998062121354,
          0.05369585688014629
        ],
        [
          0.0738090490569669,
          0.23466721800332155,
          0.05914543422961375,
          0.25893322226103815,
          0.0807559290999105,
          0.1751185055506714,
          0.11757064179847772
        ],
        [
          0.15531596828269154,
          0.16310973003658075,
          0.15037348950385493,
          0.20433163143461866,
          0.14114967857840488,
          0.16213972143839844,
          0.02357978072545075
        ],
        [
          0.04223716147063022,
          0.11303342790385701,
          0.26276379765185537,
          0.13637030473808393,
          0.029122649387057033,
          0.027913909406320884,
          0.3885587494421955
        ],
        [
          0.16444238539078543,
          0.01127751805254408,
          0.06794097385035666,
          0.22579811860282378,
          0.25141786703916313,
          0.13186703388664525,
          0.14725610317768173
        ],
        [
          0.1931373775662237,
          0.06472421774390935,
          0.1428569115803757,
          0.15363672473000664,
          0.1944238880309072,
          0.1881051664716196,
          0.06311571387695783
        ],
        [
          0.1942969045758001,
          0.1821400837467134,
          0.10562570184709519,
          0.0885627173688894,
          0.18127648273086433,
          0.18615695647097938,
          0.06194115325965826
        ],
        [
          0.2612143803330062,
          0.05658070196113912,
          0.021525718376472384,
          0.12755186989380699,
          0.09488849502114818,
          0.2171033338021709,
          0.22113550061225623
        ],
        [
          0.020021085497765965,
          0.25334866512713533,
          0.19187140706958342,
          0.19993552187929364,
          0.10663732707851356,
          0.12284374415953125,
          0.10534224918817679
        ],
        [
          0.014601995722939333,
          0.04289776418296495,
          0.2045570305978332,
          0.05978520892561153,
          0.29950816273926856,
          0.1440587905348718,
          0.23459104729651062
        ],
        [
          0.1410078035571776,
          0.10928330835436396,
          0.17596829687829413,
          0.2453716732970662,
          0.19363622327360278,
          0.08655770049766774,
          0.04817499414182759
        ],
        [
          0.011746595706227774,
          0.006719490676845971,
          0.23912138438278188,
          0.0834261630764284,
          0.1702200791238543,
          0.2809094260568877,
          0.207856860976974
        ],
        [
          0.20380745173577938,
          0.15921563346426731,
          0.25329138183965916,
          0.2220750329160672,
          0.10011835218272377,
          0.04306311612240103,
          0.018429031739102104
        ],
        [
          0.11124514061099582,
          0.12651980723744807,
          0.09358017666083837,
          0.32865618091004933,
          0.03276943442080672,
          0.05928145524228335,
          0.2479478049175783
        ],
        [
          0.1582495617457133,
          0.15125218759550405,
          0.2554568962545265,
          0.13087534165628673,
          0.10166849094989162,
          0.056574360242369885,
          0.14592316155570798
        ],
        [
          0.18694120975925874,
          0.18230908672975862,
          0.10379265414155882,
          0.1973707908202843,
          0.11036165373038823,
          0.1964993332452903,
          0.022725271573461027
        ],
        [
          0.14356647756488117,
          0.14705325152461218,
          0.20527388629647542,
          0.12870785629564013,
          0.12400079566275003,
          0.22929753876412565,
          0.02210019389151538
        ],
        [
          0.23693474935776712,
          0.04120282128131015,
          0.10999087234117033,
          0.19493154323694623,
          0.1956795056449437,
          0.1379969918494747,
          0.0832635162883877
        ],
        [
          0.09820704150973729,
          0.21301570189921604,
          0.23285785395736644,
          0.008931863246308151,
          0.23211904236587222,
          0.07962992541284611,
          0.13523857160865385
        ],
        [
          0.27039315468844555,
          0.026875960832758297,
          0.18257646813930056,
          0.15543455469158848,
          0.10274724970661477,
          0.08751134843028446,
          0.17446126351100785
        ],
        [
          0.02180357070750633,
          0.35815597707358693,
          0.06048224443708533,
          0.1431968759999827,
          0.16078708011484025,
          0.11400968491303659,
          0.14156456675396192
        ]
      ],
      "timestamps": [
        28,
        29,
        30,
        31,
        32,
        33,
        34,
        35,
        36,
        37,
        38,
        39,
        40,
        41,
        42,
        43,
        44,
        45,
        46,
        47,
        48,
        49,
        50,
        51,
        52,
        53,
        54
      ],
      "distance": 483.6
    },
    {
      "trip_id": 2,
      "transport_method": "foot",
      "start_time": 55,
      "path": [
        [
          1.5240648999999995,
          42.50539750000001
        ],
        [
          1.52375897652196,
          42.505840328871734
        ],
        [
          1.5235236142659305,
          42.50635640248049
        ],
        [
          1.5236862940925255,
          42.506674482713045
        ],
        [
          1.524239863779537,
          42.50679812721489
        ],
        [
          1.524555942619984,
          42.506368452122366
        ],
        [
          1.5245110929548868,
          42.50645736791544
        ],
        [
          1.524144076637032,
          42.50682541973218
        ],
        [
          1.52359189685527,
          42.50669570932315
        ],
        [
          1.5230992720007874,
          42.506517733460456
        ],
        [
          1.5225530445049509,
          42.50637983255968
        ],
        [
          1.521998270950464,
          42.506268092351746
        ],
        [
          1.521758997610756,
          42.50653499664788
        ],
        [
          1.522151671726141,
          42.506944306311
        ],
        [
          1.5224850432037904,
          42.5073760429374
        ],
        [
          1.5220184023543304,
          42.50751957289878
        ],
        [
          1.5215368118808483,
          42.507283055301286
        ],
        [
          1.521142760838547,
          42.50687507701862
        ],
        [
          1.5215952712974745,
          42.50658967987421
        ],
        [
          1.521310150224281,
          42.506731274146276
        ],
        [
          1.521375116135638,
          42.50711450333943
        ],
        [
          1.5217876927479261,
          42.50748342415255
        ],
        [
          1.5219404211069865,
          42.507091300085406
        ],
        [
          1.5214662443980091,
          42.50694212177134
        ],
        [
          1.5220073099030047,
          42.5071123436281
        ],
        [
          1.5217179689892255,
          42.5074761340094
        ],
        [
          1.5211508311903763,
          42.50746707430016
        ],
        [
          1.520583693391527,
          42.50745801459091
        ],
        [
          1.5210489016579611,
          42.507460179849716
        ],
        [
          1.5216161023636265,
          42.50746345409891
        ],
        [
          1.5211340969307086,
          42.50746067165191
        ],
        [
          1.5205668962250432,
          42.50745739740271
        ],
        [
          1.5210290547318046,
          42.50750660423832
        ],
        [
          1.5215962079980065,
          42.50751278768227
        ],
        [
          1.5213399938662344,
          42.50751111962152
        ],
        [
          1.5211244385863936,
          42.50782245049736
        ],
        [
          1.5214523585566722,
          42.50801763604849
        ],
        [
          1.5209632615296578,
          42.50773047733528
        ],
        [
          1.5204939758734486,
          42.50745613829955
        ],
        [
          1.5207533278693228,
          42.50776319647698
        ],
        [
          1.521254071876271,
          42.508029622453044
        ],
        [
          1.5217573204183379,
          42.50828964776641
        ],
        [
          1.5223059030176542,
          42.508433816046356
        ],
        [
          1.5228506476863535,
          42.50836059455754
        ],
        [
          1.5233577999999997,
          42.5084546
        ]
      ],
      "emotions": [
        "red",
        "red",
        "red",
        "red",
        "red",
        "purple",
        "purple",
        "purple",
        "purple",
        "purple",
        "green",
        "green",
        "green",
        "green",
        "green",
        "green",
        "green",
        "green",
        "green",
        "green",
        "purple",
        "purple",
        "purple",
        "purple",
        "purple",
        "purple",
        "purple",
        "purple",
        "purple",
        "purple",
        "green",
        "green",
        "green",
        "green",
        "green",
        "red",
        "red",
        "red",
        "red",
        "red",
        "red",
        "red",
        "red",
        "red",
        "red"
      ],
      "mood_vectors": [
        [
          0.021091997641858182,
          0.16176300810503866,
          0.1753636060426952,
          0.17694749458490072,
          0.20607625798979418,
          0.12473423249220933,
          0.1340234031435038
        ],
        [
          0.1395727145711413,
          0.21414139232874396,
          0.05192356958416432,
          0.1567098839435184,
          0.08614554635716017,
          0.11900695593942194,
          0.23249993727584994
        ],
        [
          0.23681515167415543,
          0.21442179739579548,
          0.09982955482660416,
          0.16687134628227657,
          0.08709790491523364,
          0.13841633644273196,
          0.056547908463202755
        ],
        [
          0.166628453665976,
          0.07511553864872722,
          0.3157025441634685,
          0.03222619462389326,
          0.12682652459221835,
          0.1066684831887509,
          0.17683226111696576
        ],
        [
          0.2985047719024632,
          0.03021356813198025,
          0.1462272551372078,
          0.015670520418909414,
          0.007290724255162724,
          0.22888804694997456,
          0.2732051132043021
        ],
        [
          0.026407516128748913,
          0.011417961278929923,
          0.09722482532606538,
          0.10109666162360881,
          0.2598167246136014,
          0.2502140032157566,
          0.253822307813289
        ],
        [
          0.26516866622888297,
          0.17733957232698302,
          0.09140273680280224,
          0.02612218576575111,
          0.25877243596380545,
          0.08016386414008773,
          0.10103053877168741
        ],
        [
          0.23312387505870663,
          0.20707673102137378,
          0.2436098617989001,
          0.157678510468207,
          0.01613523779807779,
          0.07479797743191482,
          0.06757780642281992
        ],
        [
          0.2300940368671745,
          0.10114559184463223,
          0.30500056745268,
          0.035675120386425646,
          0.1095311726307637,
          0.09649474993668782,
          0.12205876088163606
        ],
        [
          0.1779942260036684,
          0.0911536561241984,
          0.146509584687541,
          0.09146206711316239,
          0.15848678682491346,
          0.22009913200569214,
          0.11429454724082416
        ],
        [
          0.15937843632271295,
          0.1926413243308692,
          0.04484332981645569,
          0.10309975221439792,
          0.024343614874622072,
          0.2299515668989363,
          0.24574197554200589
        ],
        [
          0.16995746777438542,
          0.09795536931876059,
          0.07891164256503616,
          0.08028830813463758,
          0.2839569084889659,
          0.1442862627426961,
          0.1446440409755183
        ],
        [
          0.04445001934802327,
          0.16275491548937443,
          0.22128991487296543,
          0.02864844100612792,
          0.1735773739737475,
          0.19710282865510942,
          0.17217650665465195
        ],
        [
          0.031379695018366266,
          0.04984156537466493,
          0.3110271661838712,
          0.2064587516868265,
          0.2284676541448276,
          0.13287095183126246,
          0.039954215760181065
        ],
        [
          0.2406286645540199,
          0.1880479727921361,
          0.039257602456579055,
          0.16617731619188503,
          0.038609914088428954,
          0.25550121430253436,
          0.0717773156144166
        ],
        [
          0.20270540538916573,
          0.29823252728870214,
          0.08008528373333018,
          0.1256675994762756,
          0.05470575278186261,
          0.19790842991536156,
          0.04069500141530212
        ],
        [
          0.21373632523776112,
          0.1704669393460167,
          0.06037540000798823,
          0.24704136681778957,
          0.2096214453185604,
          0.04590764548935996,
          0.05285087778252404
        ],
        [
          0.28918619478328755,
          0.194663050977839,
          0.1267510087980177,
          0.09407310234807817,
          0.12440246577750186,
          0.12426404345948286,
          0.04666013385579273
        ],
        [
          0.06046389701518335,
          0.12691667937002057,
          0.16581830834287817,
          0.1755586301222852,
          0.25255243398475336,
          0.18873656824404367,
          0.02995348292083564
        ],
        [
          0.17571300597388462,
          0.23101626014660415,
          0.10250236428145067,
          0.15243899165997016,
          0.2531520758726073,
          0.05460925871827051,
          0.030568043347212595
        ],
        [
          0.18031069120534082,
          0.23977010090275494,
          0.07250721497448966,
          0.16968202127441787,
          0.12656650177255838,
          0.2011992648077515,
          0.009964205062686814
        ],
        [
          0.18505791668017607,
          0.1813456411620637,
          0.1422339195618949,
          0.017108920821679755,
          0.2110111272252061,
          0.12712918907848,
          0.13611328547049942
        ],
        [
          0.24704240348503598,
          0.05329004228211312,
          0.0614528923564087,
          0.22171530888814764,
          0.13876776481519484,
          0.055680178834368065,
          0.2220514093387316
        ],
        [
          0.1879480990032955,
          0.16592351120233167,
          0.19048107132236697,
          0.10309804953105667,
          0.041301185169909084,
          0.16366184759707558,
          0.14758623617396457
        ],
        [
          0.11298930892413425,
          0.2306553903850465,
          0.13541928814158086,
          0.1074090048079717,
          0.1429825212075194,
          0.2371902236230493,
          0.03335426291069797
        ],
        [
          0.12254205611196685,
          0.06679891345687307,
          0.15244112539882895,
          0.1086410685078697,
          0.19557226283851142,
          0.07143780699267024,
          0.28256676669327985
        ],
        [
          0.13466269273695883,
          0.12550199236858464,
          0.054956975403383866,
          0.09329105441864322,
          0.187026223881445,
          0.20925154606890803,
          0.19530951512207634
        ],
        [
          0.2342331734346238,
          0.18885590253641468,
          0.2255481728323246,
          0.11839757917437194,
          0.026498904842858936,
          0.07512150295769898,
          0.13134476422170707
        ],
        [
          0.39931142865411573,
          0.018713679631670307,
          0.08526191139193219,
          0.02986270849450342,
          0.1418668378604329,
          0.16770451084896768,
          0.15727892311837782
        ],
        [
          0.2828416701938041,
          0.08416855049012607,
          0.049910487032458234,
          0.15910895773576605,
          0.07501830311479793,
          0.1548325759873351,
          0.19411945544571257
        ],
        [
          0.21707158120391298,
          0.11735908996235997,
          0.24682253202550022,
          0.08813435354692474,
          0.21169065783817226,
          0.08525603748184576,
          0.03366574794128406
        ],
        [
          0.1312047273259411,
          0.07710416006617268,
          0.31951099075862266,
          0.0005937354682161521,
          0.0006605329315986828,
          0.12655552587613042,
          0.34437032757331837
        ],
        [
          0.08414556803683275,
          0.2625852834330204,
          0.06589093675497076,
          0.10290786720027026,
          0.0851817905583228,
          0.2898962142161105,
          0.10939233980047247
        ],
        [
          0.3670885238341925,
          0.009024115517686284,
          0.21845685864959277,
          0.10567838965780141,
          0.04948412247333323,
          0.138222991052628,
          0.11204499881476587
        ],
        [
          0.07455942078335677,
          0.14720118930838055,
          0.15184043934735936,
          0.10346277746569908,
          0.10724884735451616,
          0.24158611832685647,
          0.1741012074138317
        ],
        [
          0.12392228641542608,
          0.1756684471366121,
          0.024380238083271232,
          0.18904390878916538,
          0.10863212655959104,
          0.17108105548505056,
          0.20727193753088363
        ],
        [
          0.04167265650816101,
          0.05245676242883507,
          0.0110552587000794,
          0.23287028297095644,
          0.17270558734314687,
          0.3072704735259895,
          0.1819689785228317
        ],
        [
          0.11996378689723271,
          0.3351100630502811,
          0.14920362949564492,
          0.09854113446837465,
          0.24725016025052385,
          0.028261118917063347,
          0.021670106920879416
        ],
        [
          0.01735563219722211,
          0.19821626498691142,
          0.19684236422874854,
          0.1744431674365427,
          0.19144079341703096,
          0.2138268523221904,
          0.007874925411353855
        ],
        [
          6.0838286738284445e-05,
          0.11869393829657401,
          0.2558449332827437,
          0.3327847270026795,
          0.16489002616729595,
          0.07219917692503357,
          0.055526360038935005
        ],
        [
          0.14551809694585957,
          0.11532036738975353,
          0.21183159852930084,
          0.10007720456269033,
          0.12710951062829465,
          0.0976817617439303,
          0.2024614602001707
        ],
        [
          0.07273443415046943,
          0.15044624855344169,
          0.07439157747817471,
          0.32028064574906234,
          0.05642036401703777,
          0.15925103894529719,
          0.16647569110651692
        ],
        [
          0.01772896136002204,
          0.010931786253008323,
          0.24921986784385258,
          0.2312988785740191,
          0.17392463476646838,
          0.10492527918176525,
          0.21197059202086432
        ],
        [
          0.0011937202553612913,
          0.22309161033581926,
          0.2175515115076015,
          0.057703208049917645,
          0.11421114927047352,
          0.1480178560866191,
          0.2382309444942077
        ],
        [
          0.04598773581188417,
          0.027659803666305983,
          0.01382628852333897,
          0.5309046578110148,
          0.21379087194536228,
          0.145076956105182,
          0.0227536861369118
        ]
      ],
      "timestamps": [
        55,
        56,
        57,
        58,
        59,
        60,
        61,
        62,
        63,
        64,
        65,
        66,
        67,
        68,
        69,
        70,
        71,
        72,
        73,
        74,
        75,
        76,
        77,
        78,
        79,
        80,
        81,
        82,
        83,
        84,
        85,
        86,
        87,
        88,
        89,
        90,
        91,
        92,
        93,
        94,
        95,
        96,
        97,
        98,
        99
      ],
      "distance": 467.1
    }
  ],
  "conversation": [
    "This neighborhood has main character energy.",
    "Almost there.",
    "Where did the time go?"
  ],
  "conversation_timestamps": [
    8,
    47,
    84
  ]
}
