{"agent_id": "agent-green-1162", "type": "green", "trips": [{"trip_id": 0, "transport_method": "foot", "start_time": 0, "path": [[1.53944, 42.5086767], [1.539021, 42.5086647], [1.5388109, 42.5084439], [1.5386312, 42.5082302], [1.538227, 42.5081407], [1.5378127, 42.508096], [1.5374214, 42.507946], [1.5375725, 42.5080185], [1.5377643, 42.5080979], [1.5373524, 42.5080206], [1.5369404, 42.5079433], [1.5365285, 42.507866], [1.5361166, 42.5077887], [1.5357046, 42.5077113], [1.5353174, 42.5075532], [1.5349325, 42.5073874], [1.5345475, 42.5072216], [1.5344041, 42.5072186], [1.5347672, 42.5074264], [1.5351517, 42.5075928], [1.5355596, 42.507679], [1.5353871, 42.5075822], [1.5350027, 42.5074152], [1.5346183, 42.5072482], [1.5342339, 42.5070811], [1.5338423, 42.5069342], [1.5334378, 42.5068245], [1.533033, 42.5067182], [1.5326362, 42.5066323], [1.5322228, 42.5066681], [1.5318415, 42.5066474], [1.53146, 42.5064738], [1.5311061, 42.5062504], [1.5307562, 42.5060196], [1.5304063, 42.5057889], [1.5300711, 42.5055757], [1.5296583, 42.505503], [1.5292455, 42.5054307], [1.5288326, 42.5053586], [1.5284198, 42.5052865], [1.528002, 42.5052812], [1.5275852, 42.5053182], [1.5271689, 42.5053172], [1.526752, 42.5052981], [1.5263333, 42.5053175], [1.5259181, 42.5052909], [1.5255068, 42.5052102], [1.5250955, 42.5051295], [1.5246843, 42.5050488], [1.5242724, 42.5049712], [1.5238588, 42.5049036], [1.5234493, 42.5048145], [1.5230331, 42.5047784], [1.5226174, 42.5047244], [1.5222127, 42.5048007], [1.5218263, 42.5047119], [1.5214455, 42.504537], [1.5210646, 42.5043621], [1.5206837, 42.5041871], [1.5203028, 42.5040122], [1.519922, 42.5038373], [1.5201671, 42.5039284], [1.5205544, 42.5040884], [1.5209418, 42.5042484], [1.5213301, 42.504406], [1.5217273, 42.5045392], [1.5220541, 42.5047924], [1.5217574, 42.5047298], [1.5213575, 42.5046044], [1.5209576, 42.504479], [1.5205577, 42.5043535], [1.5201578, 42.5042281], [1.5197579, 42.5041027], [1.519358, 42.5039773], [1.5190248, 42.5038935], [1.5187123, 42.5037389], [1.5182934, 42.5037532], [1.5178756, 42.5037792], [1.5174585, 42.5038129], [1.5170732, 42.5039478]], "mood_vectors": [[0.0726, 0.0323, 0.0761, 0.0194, 0.0195, 0.0334, 0.7468], [0.0361, 0.053, 0.0182, 0.0757, 0.0777, 0.0629, 0.6764], [0.0182, 0.0329, 0.0747, 0.0296, 0.0193, 0.0791, 0.7462], [0.0332, 0.0764, 0.0596, 0.0323, 0.0666, 0.0165, 0.7154], [0.0714, 0.0142, 0.0503, 0.0716, 0.0136, 0.0288, 0.7501], [0.0773, 0.0737, 0.0161, 0.018, 0.0409, 0.0767, 0.6973], [0.085, 0.0417, 0.0668, 0.0251, 0.0734, 0.0143, 0.6936], [0.094, 0.0332, 0.0149, 0.0421, 0.0509, 0.0972, 0.6678], [0.0631, 0.0478, 0.0443, 0.05, 0.0396, 0.0817, 0.6734], [0.078, 0.0222, 0.0151, 0.0556, 0.0846, 0.0148, 0.7298], [0.0816, 0.0267, 0.0748, 0.0344, 0.0468, 0.0214, 0.7143], [0.0207, 0.0575, 0.0863, 0.0427, 0.0141, 0.021, 0.7578], [0.0639, 0.023, 0.0246, 0.0221, 0.0726, 0.076, 0.7178], [0.0915, 0.0185, 0.0172, 0.0501, 0.0535, 0.0366, 0.7325], [0.0711, 0.0313, 0.0225, 0.0575, 0.0535, 0.014, 0.75], [0.0178, 0.0316, 0.0207, 0.0271, 0.0368, 0.0342, 0.8317], [0.0593, 0.0256, 0.0379, 0.0618, 0.0628, 0.0459, 0.7066], [0.0405, 0.0579, 0.0589, 0.028, 0.0119, 0.0526, 0.7502], [0.043, 0.0642, 0.036, 0.0688, 0.0674, 0.0667, 0.6538], [0.0479, 0.0221, 0.0416, 0.0749, 0.0302, 0.0786, 0.7047], [0.0579, 0.0663, 0.0461, 0.0729, 0.0691, 0.0795, 0.6083], [0.024, 0.0256, 0.0685, 0.0797, 0.0502, 0.016, 0.7359], [0.0494, 0.0541, 0.0555, 0.0238, 0.0642, 0.046, 0.707], [0.0752, 0.0832, 0.0762, 0.0658, 0.0272, 0.0717, 0.6007], [0.0691, 0.0187, 0.0273, 0.0323, 0.0591, 0.0696, 0.7239], [0.0493, 0.0844, 0.0754, 0.0784, 0.0247, 0.064, 0.6239], [0.0205, 0.0485, 0.0586, 0.0916, 0.0782, 0.0197, 0.6829], [0.0901, 0.0258, 0.0184, 0.0395, 0.0157, 0.0628, 0.7478], [0.0559, 0.0513, 0.0191, 0.058, 0.0276, 0.0139, 0.7743], [0.0304, 0.086, 0.0268, 0.0178, 0.0882, 0.0564, 0.6943], [0.0441, 0.0422, 0.0659, 0.0675, 0.0645, 0.022, 0.6939], [0.071, 0.0728, 0.0325, 0.0221, 0.0646, 0.018, 0.7191], [0.0818, 0.0483, 0.0811, 0.022, 0.0344, 0.0858, 0.6467], [0.0472, 0.0429, 0.0169, 0.0699, 0.0744, 0.019, 0.7297], [0.0211, 0.0722, 0.0123, 0.0331, 0.0543, 0.0262, 0.7808], [0.0325, 0.0386, 0.0541, 0.0539, 0.0383, 0.0628, 0.7199], [0.072, 0.0461, 0.0381, 0.0628, 0.0631, 0.0491, 0.6687], [0.0215, 0.0535, 0.0412, 0.0343, 0.0796, 0.0296, 0.7404], [0.0856, 0.0401, 0.0527, 0.045, 0.0727, 0.0173, 0.6867], [0.0559, 0.058, 0.0664, 0.0338, 0.0325, 0.0285, 0.7248], [0.0145, 0.0324, 0.0795, 0.0455, 0.0519, 0.0346, 0.7416], [0.0481, 0.0534, 0.076, 0.0657, 0.0374, 0.015, 0.7043], [0.0799, 0.0611, 0.0222, 0.0765, 0.0558, 0.0766, 0.6279], [0.0235, 0.0544, 0.0728, 0.0755, 0.0354, 0.0768, 0.6617], [0.0387, 0.0866, 0.0322, 0.0729, 0.0339, 0.0261, 0.7096], [0.0589, 0.0431, 0.0241, 0.0663, 0.0482, 0.0572, 0.7022], [0.0354, 0.0646, 0.0481, 0.0687, 0.0785, 0.0174, 0.6874], [0.0306, 0.07, 0.0494, 0.0389, 0.0558, 0.0196, 0.7356], [0.0852, 0.064, 0.0192, 0.0659, 0.043, 0.0441, 0.6788], [0.0562, 0.0268, 0.0609, 0.0376, 0.089, 0.0828, 0.6467], [0.0779, 0.0221, 0.0861, 0.0222, 0.0352, 0.0308, 0.7256], [0.0803, 0.0303, 0.0462, 0.0269, 0.0225, 0.0768, 0.7169], [0.0285, 0.0735, 0.019, 0.0496, 0.033, 0.039, 0.7575], [0.0541, 0.0596, 0.0386, 0.0732, 0.0394, 0.0114, 0.7238], [0.0607, 0.0213, 0.0325, 0.0668, 0.0547, 0.0604, 0.7035], [0.0228, 0.0464, 0.0709, 0.0175, 0.0605, 0.0782, 0.7038], [0.0409, 0.042, 0.0481, 0.0917, 0.0875, 0.0628, 0.6269], [0.0469, 0.036, 0.072, 0.0896, 0.0647, 0.0369, 0.654], [0.0659, 0.0583, 0.0176, 0.0713, 0.0176, 0.0433, 0.726], [0.0144, 0.0225, 0.0791, 0.0333, 0.0722, 0.0325, 0.7459], [0.0758, 0.053, 0.0354, 0.0655, 0.0644, 0.0447, 0.6612], [0.0852, 0.0457, 0.0748, 0.0211, 0.0538, 0.0645, 0.655], [0.0795, 0.0558, 0.0368, 0.0787, 0.0508, 0.021, 0.6773], [0.0149, 0.0815, 0.0723, 0.0453, 0.0306, 0.0908, 0.6647], [0.0543, 0.057, 0.0774, 0.0729, 0.0481, 0.0116, 0.6787], [0.0433, 0.0617, 0.0118, 0.0339, 0.0617, 0.0828, 0.7048], [0.0697, 0.0262, 0.0502, 0.0255, 0.0451, 0.0511, 0.7323], [0.0572, 0.0325, 0.062, 0.0793, 0.0455, 0.0458, 0.6777], [0.0367, 0.0664, 0.0668, 0.0883, 0.018, 0.0513, 0.6725], [0.0291, 0.0346, 0.0449, 0.0339, 0.0484, 0.0653, 0.7438], [0.0249, 0.0643, 0.0775, 0.0189, 0.0204, 0.0589, 0.7351], [0.0343, 0.0817, 0.0392, 0.039, 0.0654, 0.0635, 0.6768], [0.0758, 0.0213, 0.0361, 0.0657, 0.0873, 0.0473, 0.6665], [0.0515, 0.0582, 0.0314, 0.0568, 0.0145, 0.0427, 0.7448], [0.0498, 0.0245, 0.0481, 0.0649, 0.0785, 0.0585, 0.6756], [0.0576, 0.0717, 0.061, 0.0269, 0.0721, 0.0512, 0.6596], [0.0368, 0.0205, 0.0281, 0.0359, 0.0213, 0.0278, 0.8296], [0.0431, 0.0322, 0.0377, 0.0304, 0.0627, 0.0704, 0.7235], [0.023, 0.0232, 0.0256, 0.0407, 0.0734, 0.0759, 0.7382], [0.0527, 0.0215, 0.0707, 0.068, 0.0162, 0.0827, 0.6882]], "emotions": ["purple", "purple", "purple", "purple", "purple", "purple", "purple", "purple", "purple", "purple", "purple", "purple", "purple", "purple", "purple", "purple", "purple", "purple", "purple", "purple", "purple", "purple", "purple", "purple", "purple", "purple", "purple", "purple", "purple", "purple", "purple", "purple", "purple", "purple", "purple", "purple", "purple", "purple", "purple", "purple", "purple", "purple", "purple", "purple", "purple", "purple", "purple", "purple", "purple", "purple", "purple", "purple", "purple", "purple", "purple", "purple", "purple", "purple", "purple", "purple", "purple", "purple", "purple", "purple", "purple", "purple", "purple", "purple", "purple", "purple", "purple", "purple", "purple", "purple", "purple", "purple", "purple", "purple", "purple", "purple"], "timestamps": [0, 40, 80, 120, 160, 200, 240, 280, 320, 360, 400, 440, 480, 520, 560, 600, 640, 680, 720, 760, 800, 840, 880, 920, 960, 1000, 1040, 1080, 1120, 1160, 1200, 1240, 1280, 1320, 1360, 1400, 1440, 1480, 1520, 1560, 1600, 1640, 1680, 1720, 1760, 1800, 1840, 1880, 1920, 1960, 2000, 2040, 2080, 2120, 2160, 2200, 2240, 2280, 2320, 2360, 2400, 2440, 2480, 2520, 2560, 2600, 2640, 2680, 2720, 2760, 2800, 2840, 2880, 2920, 2960, 3000, 3040, 3080, 3120, 3160]}], "conversation": [], "conversation_timestamps": []}