{"agent_id": "agent-green-1577", "type": "green", "trips": [{"trip_id": 0, "transport_method": "foot", "start_time": 0, "path": [[1.5983521, 42.5661406], [1.5980957, 42.5660463], [1.5973234, 42.5658446], [1.5954971, 42.565224], [1.5939541, 42.5649218], [1.5958384, 42.5654725], [1.5945541, 42.5649276], [1.5926702, 42.5642951], [1.5908952, 42.563596], [1.5903157, 42.5617173], [1.5896307, 42.5598769], [1.5888876, 42.5581136], [1.5887597, 42.5561387], [1.5886252, 42.55418], [1.5894072, 42.5524387], [1.5908474, 42.5510725], [1.5907164, 42.5490988], [1.5904877, 42.5471016], [1.5902591, 42.5451044], [1.5900304, 42.5431072], [1.5898017, 42.5411101], [1.5895731, 42.5391129], [1.5893444, 42.5371157], [1.5910189, 42.5377918], [1.5917596, 42.5395019], [1.5921163, 42.5413025], [1.5915076, 42.5431165], [1.5915491, 42.5450157], [1.5916937, 42.5469274], [1.5915786, 42.5489028], [1.5909351, 42.5507986], [1.5906957, 42.5491063], [1.5904441, 42.5471119], [1.5901925, 42.5451175], [1.5899408, 42.5431231], [1.5896892, 42.5411287], [1.5894376, 42.5391342], [1.5891859, 42.5371398], [1.5883157, 42.5353687], [1.58774, 42.5349657], [1.5866805, 42.5343832], [1.5855305, 42.5335916], [1.5843546, 42.5326968], [1.5826309, 42.5317236], [1.5806235, 42.5317383], [1.5786147, 42.5318042], [1.5766115, 42.5316547], [1.5746958, 42.5311426], [1.5732219, 42.5297756], [1.574313, 42.531026], [1.5737821, 42.5303023], [1.5721038, 42.5293528], [1.5703953, 42.5286756], [1.5701709, 42.5284414], [1.570935, 42.5291153], [1.5692619, 42.5280009], [1.5675889, 42.5268865], [1.5691005, 42.5278084], [1.5674456, 42.5266994], [1.565759, 42.5256133], [1.5638943, 42.5249486], [1.5621921, 42.5239788], [1.5606783, 42.5226754], [1.5590412, 42.5215876], [1.5575626, 42.5202277], [1.5567061, 42.5192362], [1.556697, 42.5193129], [1.5556956, 42.5181901], [1.5546251, 42.5176046], [1.5541528, 42.5173889], [1.5536192, 42.5165902], [1.5527382, 42.5148119], [1.5519083, 42.5132279], [1.5502871, 42.5120932], [1.5483774, 42.5114905], [1.5465114, 42.5108347], [1.5461852, 42.5099224], [1.5444534, 42.5093063], [1.5425102, 42.5088814], [1.5406917, 42.5094652]], "mood_vectors": [[0.0269, 0.0869, 0.0275, 0.0545, 0.0155, 0.0718, 0.7168], [0.0487, 0.0766, 0.0485, 0.0628, 0.0171, 0.0671, 0.6792], [0.0446, 0.0926, 0.0534, 0.0429, 0.0614, 0.0822, 0.623], [0.0226, 0.0303, 0.0181, 0.0425, 0.06, 0.07, 0.7565], [0.0381, 0.0209, 0.0478, 0.0264, 0.0395, 0.0201, 0.8072], [0.0182, 0.0665, 0.0747, 0.0815, 0.0196, 0.0261, 0.7134], [0.0385, 0.0499, 0.0425, 0.0807, 0.0803, 0.0678, 0.6403], [0.041, 0.0753, 0.0446, 0.0867, 0.0455, 0.0712, 0.6358], [0.0882, 0.0752, 0.048, 0.0569, 0.0214, 0.0252, 0.6851], [0.058, 0.073, 0.0328, 0.0654, 0.0479, 0.0438, 0.6791], [0.0666, 0.0172, 0.0554, 0.0436, 0.0641, 0.0651, 0.688], [0.0336, 0.0595, 0.0225, 0.0928, 0.0832, 0.0668, 0.6418], [0.0896, 0.0529, 0.0464, 0.0517, 0.0424, 0.0267, 0.6903], [0.0558, 0.0541, 0.0199, 0.0707, 0.0496, 0.0637, 0.6863], [0.0422, 0.0539, 0.0597, 0.0764, 0.0837, 0.06, 0.6241], [0.0291, 0.0396, 0.0499, 0.0432, 0.0873, 0.051, 0.6999], [0.0599, 0.0677, 0.0705, 0.0238, 0.0671, 0.0815, 0.6295], [0.06, 0.0617, 0.0543, 0.0448, 0.0322, 0.0622, 0.6847], [0.0875, 0.0897, 0.0168, 0.0178, 0.0784, 0.0534, 0.6564], [0.0809, 0.0898, 0.0688, 0.048, 0.0157, 0.071, 0.6257], [0.0488, 0.0818, 0.0299, 0.0462, 0.0302, 0.0602, 0.7027], [0.0402, 0.012, 0.0768, 0.075, 0.0184, 0.0436, 0.734], [0.0251, 0.0326, 0.0601, 0.0233, 0.0132, 0.0313, 0.8145], [0.0633, 0.0632, 0.0127, 0.0401, 0.0624, 0.0538, 0.7046], [0.0928, 0.0219, 0.0345, 0.0419, 0.0558, 0.0342, 0.7189], [0.0643, 0.0214, 0.0235, 0.0856, 0.0316, 0.0343, 0.7394], [0.0365, 0.0738, 0.0506, 0.037, 0.0472, 0.0219, 0.7329], [0.0393, 0.0851, 0.0634, 0.0492, 0.0829, 0.0581, 0.622], [0.0536, 0.0867, 0.0339, 0.0342, 0.0301, 0.0745, 0.687], [0.0506, 0.0372, 0.0689, 0.0566, 0.0251, 0.0189, 0.7428], [0.0632, 0.0666, 0.0505, 0.0214, 0.0738, 0.061, 0.6635], [0.0731, 0.0415, 0.0429, 0.0864, 0.0419, 0.0352, 0.679], [0.0364, 0.0611, 0.0203, 0.0753, 0.0768, 0.0534, 0.6767], [0.0642, 0.064, 0.0439, 0.0672, 0.0676, 0.0329, 0.6601], [0.0532, 0.0729, 0.0698, 0.0172, 0.012, 0.028, 0.7468], [0.0669, 0.0832, 0.069, 0.0191, 0.0301, 0.023, 0.7088], [0.0809, 0.0391, 0.0474, 0.0722, 0.0712, 0.0498, 0.6393], [0.065, 0.039, 0.0444, 0.0611, 0.0395, 0.0154, 0.7355], [0.0126, 0.0754, 0.0401, 0.0305, 0.0721, 0.0144, 0.755], [0.0814, 0.0614, 0.0654, 0.039, 0.0547, 0.0458, 0.6524], [0.0285, 0.0283, 0.0883, 0.0407, 0.0474, 0.0888, 0.6779], [0.0127, 0.0151, 0.0462, 0.0407, 0.0396, 0.0267, 0.819], [0.0286, 0.0824, 0.0761, 0.0839, 0.0806, 0.0834, 0.5649], [0.0243, 0.0313, 0.0806, 0.0635, 0.0432, 0.0345, 0.7226], [0.032, 0.0575, 0.054, 0.0518, 0.0298, 0.0691, 0.7058], [0.0209, 0.05, 0.0791, 0.0696, 0.0589, 0.0596, 0.6619], [0.0764, 0.0527, 0.0543, 0.0683, 0.0689, 0.0578, 0.6215], [0.0253, 0.0202, 0.0797, 0.0493, 0.037, 0.0831, 0.7054], [0.062, 0.0594, 0.0258, 0.0414, 0.0888, 0.0941, 0.6285], [0.0369, 0.048, 0.0284, 0.0656, 0.0507, 0.0364, 0.734], [0.0493, 0.0637, 0.0164, 0.0243, 0.0451, 0.0285, 0.7726], [0.0934, 0.0287, 0.0439, 0.0891, 0.038, 0.065, 0.6419], [0.0348, 0.064, 0.0749, 0.0334, 0.0259, 0.0409, 0.726], [0.0323, 0.0806, 0.0475, 0.0794, 0.0261, 0.065, 0.6691], [0.0312, 0.0785, 0.0662, 0.0442, 0.0927, 0.0414, 0.6457], [0.0266, 0.075, 0.0435, 0.0298, 0.0283, 0.0462, 0.7507], [0.0703, 0.0527, 0.0197, 0.0462, 0.0591, 0.0778, 0.6741], [0.0897, 0.0325, 0.0254, 0.0744, 0.0194, 0.0724, 0.6863], [0.0441, 0.0537, 0.0393, 0.0792, 0.0177, 0.0187, 0.7472], [0.066, 0.0121, 0.0504, 0.0459, 0.0709, 0.059, 0.6958], [0.0618, 0.0634, 0.0606, 0.0147, 0.0658, 0.0506, 0.6833], [0.033, 0.0357, 0.0938, 0.0238, 0.0231, 0.0421, 0.7486], [0.0692, 0.0429, 0.0552, 0.0332, 0.0455, 0.0483, 0.7057], [0.0857, 0.0249, 0.0858, 0.0233, 0.0196, 0.0164, 0.7444], [0.0299, 0.0153, 0.0671, 0.0444, 0.077, 0.0278, 0.7386], [0.0533, 0.076, 0.0278, 0.0556, 0.0745, 0.0334, 0.6794], [0.0743, 0.0691, 0.0307, 0.0538, 0.0262, 0.0542, 0.6917], [0.0512, 0.0676, 0.043, 0.0281, 0.02, 0.0569, 0.7332], [0.0182, 0.0578, 0.0647, 0.0698, 0.0688, 0.0632, 0.6574], [0.0481, 0.0623, 0.065, 0.0228, 0.075, 0.0485, 0.6782], [0.0683, 0.0436, 0.0131, 0.0551, 0.034, 0.0639, 0.7221], [0.0471, 0.0425, 0.0478, 0.0351, 0.0774, 0.0484, 0.7017], [0.0567, 0.0169, 0.0207, 0.0249, 0.0209, 0.0287, 0.8313], [0.0177, 0.0314, 0.0342, 0.0428, 0.0806, 0.0273, 0.766], [0.0574, 0.0551, 0.0134, 0.0643, 0.0375, 0.0742, 0.6982], [0.0647, 0.03, 0.0731, 0.0456, 0.066, 0.0486, 0.6719], [0.0418, 0.021, 0.0742, 0.027, 0.0816, 0.038, 0.7164], [0.0262, 0.047, 0.0244, 0.0421, 0.0424, 0.0211, 0.7969], [0.0179, 0.0445, 0.0598, 0.0411, 0.0754, 0.0275, 0.7338], [0.0589, 0.0228, 0.0296, 0.024, 0.0722, 0.0293, 0.7631]], "emotions": ["purple", "purple", "purple", "purple", "purple", "purple", "purple", "purple", "purple", "purple", "purple", "purple", "purple", "purple", "purple", "purple", "purple", "purple", "purple", "purple", "purple", "purple", "purple", "purple", "purple", "purple", "purple", "purple", "purple", "purple", "purple", "purple", "purple", "purple", "purple", "purple", "purple", "purple", "purple", "purple", "purple", "purple", "purple", "purple", "purple", "purple", "purple", "purple", "purple", "purple", "purple", "purple", "purple", "purple", "purple", "purple", "purple", "purple", "purple", "purple", "purple", "purple", "purple", "purple", "purple", "purple", "purple", "purple", "purple", "purple", "purple", "purple", "purple", "purple", "purple", "purple", "purple", "purple", "purple", "purple"], "timestamps": [0, 40, 80, 120, 160, 200, 240, 280, 320, 360, 400, 440, 480, 520, 560, 600, 640, 680, 720, 760, 800, 840, 880, 920, 960, 1000, 1040, 1080, 1120, 1160, 1200, 1240, 1280, 1320, 1360, 1400, 1440, 1480, 1520, 1560, 1600, 1640, 1680, 1720, 1760, 1800, 1840, 1880, 1920, 1960, 2000, 2040, 2080, 2120, 2160, 2200, 2240, 2280, 2320, 2360, 2400, 2440, 2480, 2520, 2560, 2600, 2640, 2680, 2720, 2760, 2800, 2840, 2880, 2920, 2960, 3000, 3040, 3080, 3120, 3160]}], "conversation": [], "conversation_timestamps": []}