{"agent_id": "agent-green-332", "type": "green", "trips": [{"trip_id": 0, "transport_method": "foot", "start_time": 0, "path": [[1.5267655, 42.507228], [1.5269708, 42.5072246], [1.527176, 42.5072215], [1.527381, 42.5072337], [1.5275858, 42.5072481], [1.5277899, 42.50727], [1.5279941, 42.5072919], [1.5281688, 42.5073906], [1.5283351, 42.5075109], [1.5285015, 42.5076312], [1.5286666, 42.5077532], [1.5288264, 42.5078821], [1.5289789, 42.5079983], [1.5291566, 42.5081011], [1.5293285, 42.5082117], [1.5294775, 42.508353], [1.5296265, 42.5084942], [1.5294775, 42.5084222], [1.5293014, 42.5083167], [1.5293343, 42.5082111], [1.5294965, 42.508337], [1.5296587, 42.5084629], [1.5298209, 42.5085888], [1.5299946, 42.5086967], [1.5301768, 42.5087914], [1.5303618, 42.5088804], [1.5305566, 42.5088845], [1.5307571, 42.5088398], [1.5307877, 42.5089918], [1.5309679, 42.5090738], [1.531159, 42.5091488], [1.5313501, 42.5092239], [1.5315437, 42.5092916], [1.5317386, 42.5093558], [1.5319302, 42.5094296], [1.5321218, 42.5095034], [1.5323169, 42.5095671], [1.5325171, 42.5096112], [1.53272, 42.5096421], [1.5329246, 42.5096589], [1.5331273, 42.5096902], [1.533327, 42.5097369], [1.5335257, 42.5097836], [1.5337239, 42.5097341], [1.5338256, 42.5095706], [1.5339236, 42.5093951], [1.5340644, 42.5092458], [1.5342677, 42.5092353], [1.5344729, 42.5092291], [1.5346782, 42.509223], [1.5348834, 42.5092168], [1.5350886, 42.5092106], [1.5352939, 42.5092045], [1.5354985, 42.5092173], [1.5357031, 42.5092349], [1.5359077, 42.5092526], [1.5361122, 42.5092702], [1.5363168, 42.5092878], [1.5365214, 42.5093055], [1.5367262, 42.5093192], [1.5369313, 42.5093278], [1.5371363, 42.5093384], [1.5373412, 42.5093514], [1.5375462, 42.5093645], [1.537751, 42.5093791], [1.5379555, 42.5093965], [1.5381591, 42.5094227], [1.5383628, 42.5094488], [1.5385664, 42.5094749], [1.5387701, 42.5095006], [1.5389754, 42.5094968], [1.5391807, 42.509493], [1.539386, 42.5094893], [1.5395912, 42.5094855], [1.5397902, 42.50953], [1.5399875, 42.5095867], [1.5401849, 42.5096433], [1.5402382, 42.5098345], [1.5404262, 42.5098391], [1.5406308, 42.5098214]], "mood_vectors": [[0.0748, 0.0296, 0.0487, 0.0485, 0.0793, 0.0666, 0.6524], [0.0765, 0.0283, 0.0588, 0.0182, 0.0755, 0.0747, 0.6679], [0.0283, 0.0321, 0.0684, 0.0661, 0.0561, 0.049, 0.7], [0.0628, 0.0458, 0.0665, 0.0578, 0.0375, 0.0471, 0.6826], [0.0386, 0.0489, 0.0297, 0.0813, 0.081, 0.0205, 0.7], [0.0418, 0.0933, 0.0578, 0.0653, 0.0644, 0.0176, 0.6598], [0.0495, 0.0128, 0.0145, 0.0603, 0.0708, 0.0229, 0.769], [0.0476, 0.0471, 0.0745, 0.0259, 0.0341, 0.0723, 0.6985], [0.0853, 0.088, 0.0456, 0.0206, 0.0568, 0.0556, 0.6481], [0.0228, 0.0785, 0.0444, 0.052, 0.0874, 0.0276, 0.6873], [0.0741, 0.0561, 0.0272, 0.0798, 0.0502, 0.057, 0.6557], [0.0439, 0.0298, 0.0159, 0.0455, 0.056, 0.0662, 0.7426], [0.0335, 0.024, 0.0725, 0.0154, 0.0283, 0.0758, 0.7505], [0.0591, 0.0468, 0.0416, 0.0109, 0.0419, 0.0507, 0.7489], [0.0703, 0.0681, 0.0526, 0.0268, 0.0659, 0.0358, 0.6805], [0.0264, 0.0796, 0.0603, 0.0527, 0.0194, 0.0709, 0.6907], [0.072, 0.085, 0.0137, 0.0373, 0.07, 0.0913, 0.6307], [0.0198, 0.0145, 0.0492, 0.0654, 0.0641, 0.0697, 0.7172], [0.0553, 0.0164, 0.0554, 0.0499, 0.0338, 0.0426, 0.7467], [0.0498, 0.0689, 0.018, 0.1053, 0.0335, 0.0304, 0.694], [0.0527, 0.065, 0.062, 0.0206, 0.0315, 0.023, 0.7452], [0.071, 0.0737, 0.0652, 0.0245, 0.0464, 0.0646, 0.6546], [0.0586, 0.0388, 0.051, 0.0611, 0.0234, 0.0786, 0.6884], [0.0235, 0.0338, 0.0824, 0.0782, 0.0772, 0.0796, 0.6253], [0.0585, 0.0143, 0.0547, 0.0408, 0.0684, 0.0628, 0.7006], [0.0784, 0.0759, 0.0651, 0.0608, 0.0603, 0.0802, 0.5793], [0.0454, 0.0127, 0.0681, 0.0543, 0.0183, 0.0727, 0.7285], [0.0861, 0.0786, 0.079, 0.0644, 0.0447, 0.0664, 0.581], [0.0367, 0.025, 0.0707, 0.0272, 0.0666, 0.0428, 0.7309], [0.0463, 0.0403, 0.0771, 0.0529, 0.0582, 0.0564, 0.6689], [0.0369, 0.07, 0.0117, 0.0366, 0.0462, 0.0592, 0.7393], [0.0739, 0.024, 0.0739, 0.039, 0.054, 0.018, 0.7173], [0.0261, 0.0888, 0.0527, 0.0698, 0.0318, 0.0201, 0.7108], [0.0179, 0.0322, 0.056, 0.0639, 0.0133, 0.0517, 0.7649], [0.0205, 0.0126, 0.0157, 0.0856, 0.0314, 0.0755, 0.7587], [0.0408, 0.0693, 0.0323, 0.0259, 0.0781, 0.0138, 0.7397], [0.0417, 0.0492, 0.0507, 0.036, 0.0667, 0.0544, 0.7013], [0.0687, 0.0451, 0.0731, 0.0606, 0.0311, 0.014, 0.7075], [0.0164, 0.0339, 0.0527, 0.0416, 0.024, 0.0647, 0.7667], [0.0735, 0.0268, 0.0354, 0.0161, 0.0382, 0.076, 0.7339], [0.0134, 0.0897, 0.0218, 0.0837, 0.0726, 0.0146, 0.7042], [0.0358, 0.0521, 0.0471, 0.071, 0.0155, 0.0417, 0.7368], [0.0235, 0.0382, 0.0833, 0.0628, 0.0602, 0.0875, 0.6445], [0.0176, 0.0262, 0.0827, 0.0653, 0.0835, 0.0157, 0.7089], [0.0254, 0.0132, 0.0852, 0.0479, 0.0307, 0.073, 0.7246], [0.0454, 0.0712, 0.0447, 0.0721, 0.0667, 0.0224, 0.6775], [0.0723, 0.0573, 0.0702, 0.0777, 0.0183, 0.0787, 0.6255], [0.0591, 0.057, 0.0895, 0.0511, 0.0415, 0.0398, 0.662], [0.0655, 0.0389, 0.018, 0.0203, 0.0712, 0.0707, 0.7153], [0.0711, 0.0253, 0.0646, 0.0568, 0.0228, 0.0652, 0.6943], [0.0386, 0.055, 0.0369, 0.0355, 0.0762, 0.0173, 0.7406], [0.0437, 0.0604, 0.0318, 0.0484, 0.0491, 0.0619, 0.7047], [0.0244, 0.0435, 0.0862, 0.0595, 0.0545, 0.0789, 0.6529], [0.0742, 0.0466, 0.0197, 0.0603, 0.0396, 0.0166, 0.743], [0.0701, 0.0621, 0.0278, 0.0603, 0.0659, 0.0769, 0.6368], [0.0714, 0.0388, 0.0334, 0.0131, 0.0492, 0.0279, 0.7662], [0.0605, 0.0259, 0.0749, 0.046, 0.0197, 0.0701, 0.7029], [0.0316, 0.0517, 0.0381, 0.0701, 0.0353, 0.0672, 0.7059], [0.0843, 0.0644, 0.0531, 0.0686, 0.025, 0.0572, 0.6475], [0.0161, 0.0329, 0.0463, 0.0594, 0.0737, 0.0544, 0.7172], [0.0503, 0.0602, 0.0564, 0.0153, 0.0593, 0.0582, 0.7003], [0.0714, 0.0203, 0.0687, 0.0858, 0.0712, 0.0195, 0.6631], [0.019, 0.0395, 0.0874, 0.0549, 0.0593, 0.083, 0.6569], [0.0204, 0.0271, 0.073, 0.015, 0.0428, 0.0575, 0.7642], [0.0507, 0.0366, 0.0167, 0.068, 0.0279, 0.0492, 0.7509], [0.0726, 0.0883, 0.0177, 0.0406, 0.0184, 0.0302, 0.7322], [0.0482, 0.0755, 0.0561, 0.016, 0.0567, 0.0553, 0.6923], [0.0594, 0.0266, 0.0511, 0.0768, 0.0389, 0.0674, 0.6797], [0.0342, 0.0436, 0.0213, 0.0769, 0.0185, 0.0327, 0.7729], [0.0709, 0.0755, 0.053, 0.0795, 0.0838, 0.0794, 0.5579], [0.0734, 0.0199, 0.0326, 0.0219, 0.0465, 0.1001, 0.7056], [0.0686, 0.0402, 0.0192, 0.0712, 0.0546, 0.0214, 0.7249], [0.0578, 0.073, 0.0195, 0.0136, 0.0123, 0.023, 0.8009], [0.0576, 0.0731, 0.0734, 0.0392, 0.0171, 0.0624, 0.6771], [0.0657, 0.0408, 0.0232, 0.0141, 0.0248, 0.0483, 0.7831], [0.0214, 0.0487, 0.0364, 0.0683, 0.0497, 0.0489, 0.7266], [0.0296, 0.0121, 0.0748, 0.0444, 0.0725, 0.0283, 0.7384], [0.0741, 0.0524, 0.0298, 0.0214, 0.0875, 0.0341, 0.7007], [0.0362, 0.0632, 0.0638, 0.0528, 0.0202, 0.0218, 0.7421], [0.0384, 0.0429, 0.0452, 0.0641, 0.0678, 0.0769, 0.6646]], "emotions": ["purple", "purple", "purple", "purple", "purple", "purple", "purple", "purple", "purple", "purple", "purple", "purple", "purple", "purple", "purple", "purple", "purple", "purple", "purple", "purple", "purple", "purple", "purple", "purple", "purple", "purple", "purple", "purple", "purple", "purple", "purple", "purple", "purple", "purple", "purple", "purple", "purple", "purple", "purple", "purple", "purple", "purple", "purple", "purple", "purple", "purple", "purple", "purple", "purple", "purple", "purple", "purple", "purple", "purple", "purple", "purple", "purple", "purple", "purple", "purple", "purple", "purple", "purple", "purple", "purple", "purple", "purple", "purple", "purple", "purple", "purple", "purple", "purple", "purple", "purple", "purple", "purple", "purple", "purple", "purple"], "timestamps": [0, 40, 80, 120, 160, 200, 240, 280, 320, 360, 400, 440, 480, 520, 560, 600, 640, 680, 720, 760, 800, 840, 880, 920, 960, 1000, 1040, 1080, 1120, 1160, 1200, 1240, 1280, 1320, 1360, 1400, 1440, 1480, 1520, 1560, 1600, 1640, 1680, 1720, 1760, 1800, 1840, 1880, 1920, 1960, 2000, 2040, 2080, 2120, 2160, 2200, 2240, 2280, 2320, 2360, 2400, 2440, 2480, 2520, 2560, 2600, 2640, 2680, 2720, 2760, 2800, 2840, 2880, 2920, 2960, 3000, 3040, 3080, 3120, 3160]}], "conversation": [], "conversation_timestamps": []}