{"agent_id": "agent-orange-1668", "type": "orange", "trips": [{"trip_id": 0, "transport_method": "foot", "start_time": 0, "path": [[1.5224862, 42.5328064], [1.5222733, 42.532478], [1.5219224, 42.5329261], [1.5214321, 42.5330804], [1.52136, 42.532696], [1.5211461, 42.5321592], [1.5208767, 42.5316382], [1.5211051, 42.5311028], [1.5212577, 42.5306626], [1.5213435, 42.5301478], [1.5217463, 42.5297328], [1.5219603, 42.529268], [1.5214821, 42.5289517], [1.5211411, 42.5285039], [1.5209901, 42.5279546], [1.5206484, 42.5274836], [1.5206677, 42.5269067], [1.5207156, 42.5263189], [1.5207635, 42.5257311], [1.5207913, 42.525984], [1.52061, 42.5265386], [1.5205792, 42.5271108], [1.5206373, 42.5272231], [1.5206738, 42.5266344], [1.5207103, 42.5260458], [1.5207468, 42.5254572], [1.5206371, 42.5248842], [1.5208063, 42.5243311], [1.5211372, 42.5238442], [1.5215201, 42.5233959], [1.5217888, 42.522876], [1.5220055, 42.5223314], [1.5224149, 42.521912], [1.5229051, 42.5215853], [1.5233099, 42.5211631], [1.5235187, 42.5206133], [1.5237124, 42.5200563], [1.5238467, 42.5197465], [1.5237073, 42.5203163], [1.5234618, 42.5208524], [1.5234343, 42.5207941], [1.523592, 42.5202258], [1.5237497, 42.5196575], [1.5239074, 42.5190893], [1.524028, 42.5185132], [1.5241115, 42.5179294], [1.5242202, 42.5173512], [1.5244172, 42.5167958], [1.5246611, 42.5162598], [1.5249694, 42.5157594], [1.525355, 42.5153138], [1.5257862, 42.5149121], [1.5262689, 42.5145747], [1.5267874, 42.5142942], [1.5273169, 42.5140344], [1.527853, 42.5137887], [1.5283911, 42.5135475], [1.5289293, 42.5133063], [1.5294706, 42.5130721], [1.5300128, 42.51284], [1.5305499, 42.5125968], [1.531085, 42.5123488], [1.5316126, 42.5120858], [1.5321092, 42.5117703], [1.5325545, 42.5113858], [1.5329426, 42.5109432], [1.5332731, 42.5104557], [1.5337402, 42.5101066], [1.53399, 42.509602], [1.5339834, 42.5095412], [1.5341208, 42.5098144], [1.5346476, 42.5095494], [1.5351745, 42.5092843], [1.5357435, 42.5092384], [1.536331, 42.5092891], [1.5368912, 42.5092091], [1.5374022, 42.5089483], [1.5378414, 42.508597], [1.5378399, 42.5080248], [1.5375547, 42.5075396]], "mood_vectors": [[0.0467, 0.0772, 0.0619, 0.0873, 0.6333, 0.0697, 0.0239], [0.0606, 0.0471, 0.0597, 0.0522, 0.7127, 0.0273, 0.0404], [0.0349, 0.0341, 0.0762, 0.032, 0.697, 0.0412, 0.0847], [0.023, 0.0539, 0.0661, 0.0505, 0.706, 0.0309, 0.0695], [0.0415, 0.0397, 0.0388, 0.0466, 0.7377, 0.0439, 0.0518], [0.0189, 0.0429, 0.0334, 0.0633, 0.7542, 0.0479, 0.0394], [0.0706, 0.0354, 0.0928, 0.0235, 0.6807, 0.0559, 0.0411], [0.0487, 0.0246, 0.0208, 0.024, 0.8064, 0.0414, 0.0342], [0.0545, 0.059, 0.03, 0.0616, 0.7186, 0.0456, 0.0307], [0.0186, 0.0597, 0.0738, 0.0635, 0.6846, 0.0771, 0.0226], [0.0791, 0.0508, 0.085, 0.0251, 0.6683, 0.0761, 0.0155], [0.0292, 0.0525, 0.0555, 0.061, 0.7366, 0.0157, 0.0495], [0.0851, 0.0172, 0.0433, 0.0533, 0.721, 0.0474, 0.0326], [0.0382, 0.0332, 0.0202, 0.0855, 0.7412, 0.0253, 0.0563], [0.036, 0.032, 0.0848, 0.0391, 0.7186, 0.0405, 0.049], [0.0845, 0.0841, 0.0181, 0.0409, 0.6538, 0.0881, 0.0305], [0.0723, 0.0209, 0.0579, 0.0318, 0.7009, 0.0604, 0.0557], [0.0914, 0.0279, 0.061, 0.0294, 0.6883, 0.0299, 0.0721], [0.0341, 0.0886, 0.0194, 0.0627, 0.6261, 0.0954, 0.0737], [0.0216, 0.0333, 0.0734, 0.0891, 0.6613, 0.0886, 0.0327], [0.0358, 0.0603, 0.0365, 0.0501, 0.725, 0.0181, 0.0741], [0.0179, 0.0753, 0.0443, 0.0615, 0.6925, 0.0699, 0.0386], [0.0392, 0.0691, 0.053, 0.0589, 0.6451, 0.0665, 0.0682], [0.0889, 0.0309, 0.0299, 0.0891, 0.6748, 0.0589, 0.0275], [0.0578, 0.0136, 0.06, 0.0624, 0.6498, 0.0725, 0.0839], [0.0205, 0.0463, 0.0841, 0.0314, 0.7097, 0.0864, 0.0216], [0.067, 0.0354, 0.0509, 0.0367, 0.7318, 0.0463, 0.0318], [0.0886, 0.0314, 0.0694, 0.0794, 0.6678, 0.0388, 0.0247], [0.0764, 0.0142, 0.0533, 0.0119, 0.7665, 0.036, 0.0417], [0.0315, 0.0476, 0.0518, 0.0161, 0.7641, 0.0654, 0.0234], [0.0955, 0.0587, 0.0255, 0.0362, 0.6478, 0.0403, 0.096], [0.0465, 0.0339, 0.0174, 0.0672, 0.6756, 0.087, 0.0724], [0.0827, 0.0595, 0.0243, 0.0376, 0.6492, 0.0766, 0.0701], [0.0315, 0.0529, 0.0537, 0.0488, 0.6714, 0.0874, 0.0542], [0.0858, 0.075, 0.0818, 0.0674, 0.5877, 0.0153, 0.0869], [0.057, 0.0768, 0.0478, 0.0606, 0.7203, 0.0147, 0.0227], [0.0781, 0.0284, 0.0821, 0.0516, 0.7284, 0.016, 0.0153], [0.0548, 0.0415, 0.0709, 0.0829, 0.6567, 0.0558, 0.0374], [0.0947, 0.0769, 0.0251, 0.0365, 0.6623, 0.0783, 0.0263], [0.0384, 0.0211, 0.0694, 0.0126, 0.7936, 0.0461, 0.0189], [0.0767, 0.0439, 0.0538, 0.0887, 0.662, 0.0431, 0.0318], [0.0224, 0.0271, 0.0764, 0.0485, 0.7688, 0.0246, 0.0322], [0.0211, 0.0786, 0.0617, 0.0619, 0.6943, 0.0327, 0.0497], [0.0458, 0.0523, 0.0324, 0.0713, 0.6858, 0.0423, 0.0701], [0.06, 0.074, 0.0255, 0.0799, 0.6932, 0.0369, 0.0306], [0.0812, 0.0617, 0.0121, 0.0769, 0.6199, 0.0676, 0.0806], [0.042, 0.0367, 0.0673, 0.0554, 0.6882, 0.0581, 0.0524], [0.0361, 0.0689, 0.0547, 0.0607, 0.6962, 0.0485, 0.0349], [0.0492, 0.0206, 0.0174, 0.0612, 0.7829, 0.0189, 0.0498], [0.0753, 0.0432, 0.0573, 0.0563, 0.6821, 0.0667, 0.0192], [0.0418, 0.0913, 0.077, 0.0224, 0.6426, 0.0702, 0.0548], [0.0874, 0.0646, 0.0253, 0.1014, 0.6853, 0.0196, 0.0165], [0.021, 0.0713, 0.0571, 0.0754, 0.7074, 0.0498, 0.0181], [0.0266, 0.0144, 0.058, 0.0482, 0.7357, 0.0724, 0.0447], [0.0614, 0.0205, 0.0243, 0.0717, 0.7302, 0.0519, 0.04], [0.0502, 0.0456, 0.0721, 0.0162, 0.6667, 0.0609, 0.0884], [0.0137, 0.0254, 0.089, 0.0791, 0.6415, 0.065, 0.0863], [0.0575, 0.0667, 0.097, 0.0368, 0.6549, 0.0404, 0.0468], [0.0247, 0.0123, 0.0383, 0.0736, 0.7762, 0.0148, 0.0601], [0.0192, 0.0654, 0.0487, 0.0161, 0.7594, 0.0462, 0.0449], [0.0683, 0.0334, 0.014, 0.0723, 0.7471, 0.0187, 0.0463], [0.037, 0.0304, 0.0519, 0.0119, 0.7156, 0.08, 0.0731], [0.081, 0.0374, 0.0518, 0.0557, 0.6143, 0.0778, 0.082], [0.0661, 0.0522, 0.0596, 0.0385, 0.654, 0.0631, 0.0665], [0.0809, 0.076, 0.0351, 0.0658, 0.7023, 0.0158, 0.024], [0.0774, 0.0878, 0.0252, 0.0898, 0.6608, 0.0203, 0.0388], [0.0186, 0.0706, 0.0416, 0.061, 0.6909, 0.0668, 0.0506], [0.0474, 0.0576, 0.054, 0.0597, 0.6682, 0.0645, 0.0487], [0.0141, 0.0356, 0.028, 0.0767, 0.7905, 0.0247, 0.0304], [0.0261, 0.0642, 0.0241, 0.0508, 0.7408, 0.0346, 0.0594], [0.0636, 0.0685, 0.0167, 0.0343, 0.7804, 0.0219, 0.0145], [0.0391, 0.0546, 0.0243, 0.0185, 0.731, 0.0526, 0.0799], [0.0738, 0.057, 0.0663, 0.0748, 0.6882, 0.0163, 0.0236], [0.0773, 0.0791, 0.0236, 0.055, 0.6984, 0.0201, 0.0465], [0.0454, 0.0945, 0.0171, 0.0154, 0.7085, 0.0694, 0.0498], [0.0145, 0.0765, 0.0787, 0.0988, 0.6706, 0.0381, 0.0228], [0.0228, 0.0767, 0.0599, 0.0132, 0.6887, 0.0808, 0.0578], [0.0152, 0.07, 0.054, 0.0623, 0.7164, 0.0422, 0.0399], [0.0599, 0.0131, 0.065, 0.0494, 0.7226, 0.0495, 0.0404], [0.0433, 0.049, 0.0656, 0.0382, 0.6972, 0.057, 0.0496]], "emotions": ["red", "red", "red", "red", "red", "red", "red", "red", "red", "red", "red", "red", "red", "red", "red", "red", "red", "red", "red", "red", "red", "red", "red", "red", "red", "red", "red", "red", "red", "red", "red", "red", "red", "red", "red", "red", "red", "red", "red", "red", "red", "red", "red", "red", "red", "red", "red", "red", "red", "red", "red", "red", "red", "red", "red", "red", "red", "red", "red", "red", "red", "red", "red", "red", "red", "red", "red", "red", "red", "red", "red", "red", "red", "red", "red", "red", "red", "red", "red", "red"], "timestamps": [0, 40, 80, 120, 160, 200, 240, 280, 320, 360, 400, 440, 480, 520, 560, 600, 640, 680, 720, 760, 800, 840, 880, 920, 960, 1000, 1040, 1080, 1120, 1160, 1200, 1240, 1280, 1320, 1360, 1400, 1440, 1480, 1520, 1560, 1600, 1640, 1680, 1720, 1760, 1800, 1840, 1880, 1920, 1960, 2000, 2040, 2080, 2120, 2160, 2200, 2240, 2280, 2320, 2360, 2400, 2440, 2480, 2520, 2560, 2600, 2640, 2680, 2720, 2760, 2800, 2840, 2880, 2920, 2960, 3000, 3040, 3080, 3120, 3160]}], "conversation": [], "conversation_timestamps": []}