{
  "agent_id": "agent-type-red-35",
  "type": "red",
  "trips": [
    {
      "trip_id": 0,
      "transport_method": "bicycle",
      "start_time": 0,
      "path": [
        [
          1.5265762000000003,
          42.50598
        ],
        [
          1.526575389734388,
          42.50625704090801
        ],
        [
          1.5264913379990226,
          42.506302896011924
        ],
        [
          1.5268437017892134,
          42.50595848361704
        ],
        [
          1.5270517557490024,
          42.50593823705522
        ],
        [
          1.527395560047803,
          42.50633737702799
        ],
        [
          1.5276074774436343,
          42.50681148973487
        ],
        [
          1.5279246328091993,
          42.50722780900877
        ],
        [
          1.5273987755740221,
          42.50718538145047
        ],
        [
          1.5268729183388448,
          42.50714295389217
        ],
        [
          1.5263470611036676,
          42.50710052633387
        ],
        [
          1.5262097909349719,
          42.50677822403504
        ],
        [
          1.5259477060161593,
          42.50706551673343
        ],
        [
          1.525422436720677,
          42.50701634258661
        ],
        [
          1.5255233930674896,
          42.50708549398354
        ],
        [
          1.5260490678662173,
          42.507130125087876
        ],
        [
          1.526574742664945,
          42.50717475619221
        ],
        [
          1.5266051282569681,
          42.50740758095938
        ],
        [
          1.5263540191376568,
          42.507676783173096
        ],
        [
          1.5263282281352362,
          42.50797790919318
        ],
        [
          1.5258745653835637,
          42.5077655735362
        ],
        [
          1.5254103850572824,
          42.507604952187606
        ],
        [
          1.5250621003794527,
          42.50797907777866
        ],
        [
          1.5246651312507848,
          42.50803507318623
        ],
        [
          1.5248006467524617,
          42.5083815073355
        ],
        [
          1.5253117815847266,
          42.5085121484957
        ],
        [
          1.5257548999999997,
          42.508762299999994
        ]
      ],
      "emotions": [
        "green",
        "green",
        "green",
        "green",
        "green",
        "purple",
        "purple",
        "purple",
        "purple",
        "purple",
        "red",
        "red",
        "red",
        "red",
        "red",
        "purple",
        "purple",
        "purple",
        "purple",
        "purple",
        "purple",
        "purple",
        "purple",
        "purple",
        "purple",
        "red",
        "red"
      ],
      "mood_vectors": [
        [
          0.297484033621197,
          0.2299423225888645,
          0.14205417243396645,
          0.0019450154337571396,
          0.005390906252359561,
          0.0838136581180562,
          0.23936989155179902
        ],
        [
          0.2417994431303349,
          0.30075639091153644,
          0.16995983249259206,
          0.05507128214693591,
          0.19209459374951046,
          0.015557347822247597,
          0.024761109746842605
        ],
        [
          0.11809387116333186,
          0.06672686499027713,
          0.1585038644119712,
          0.16388388443127555,
          0.2516561302463895,
          0.15326539178447945,
          0.08786999297227528
        ],
        [
          0.18262701670402148,
          0.32363917561563565,
          0.11731589710527729,
          0.126307220904401,
          0.00751522661823926,
          0.19936681350766053,
          0.04322864954476471
        ],
        [
          0.3047602851391234,
          0.0931954926235337,
          0.22064870339543158,
          0.04963105759696553,
          0.06309961661143665,
          0.26725561749369253,
          0.0014092271398165675
        ],
        [
          0.14785684804350127,
          0.1512298691379896,
          0.016959201621593353,
          0.13048125105570504,
          0.20426559700564945,
          0.19066573809020773,
          0.15854149504535361
        ],
        [
          0.22207067158200838,
          0.052731017923980564,
          0.17195039026074238,
          0.03774034968962621,
          0.11759616282747803,
          0.11502546229768075,
          0.2828859454184838
        ],
        [
          0.2812670944812222,
          0.21488340199454867,
          0.047231320849608745,
          0.2701065573952477,
          0.10223083749524574,
          0.019052873098374338,
          0.06522791468575262
        ],
        [
          0.15528288737364523,
          0.15173767556281534,
          0.21770723743216433,
          0.1651075159426513,
          0.041165243986621185,
          0.12601243662468742,
          0.1429870030774153
        ],
        [
          0.15566687102271595,
          0.12448851243162203,
          0.1795339611231433,
          0.058331753121487924,
          0.22097826889503214,
          0.11907217137836959,
          0.14192846202762904
        ],
        [
          0.1537447392072348,
          0.04820168268667855,
          0.12314916583335665,
          0.08480536663333012,
          0.11566868203818645,
          0.24100494641460482,
          0.23342541718660864
        ],
        [
          0.05111221666538333,
          0.10225491763049932,
          0.1399934866909088,
          0.06197610517867903,
          0.1818567513328542,
          0.2584504338153154,
          0.20435608868635996
        ],
        [
          0.05696479874305316,
          0.14882464058603673,
          0.029493448740832578,
          0.03192598237115686,
          0.04595365693169257,
          0.33563122441497634,
          0.3512062482122517
        ],
        [
          0.13563830926300627,
          0.1973164439071725,
          0.19882203857994662,
          0.011708596236092297,
          0.09018937959437201,
          0.2665445511893581,
          0.09978068123005218
        ],
        [
          0.17510259544147505,
          0.10120025440016861,
          0.11178522709912483,
          0.17396543210748036,
          0.06369095224455787,
          0.3190869344102493,
          0.05516860429694391
        ],
        [
          0.04272551875440493,
          0.03931548473075088,
          0.32959681623168186,
          0.09446214069365329,
          0.3353414165536372,
          0.06518787091863738,
          0.0933707521172344
        ],
        [
          0.18137993085192575,
          0.3308301517368536,
          0.08920896344536156,
          0.006909714226988949,
          0.2473950220101203,
          0.025507948469954245,
          0.1187682692587957
        ],
        [
          0.09138807213182396,
          0.23140388318776386,
          0.23451083288772,
          0.0714101026333674,
          0.17619965661165793,
          0.12492477035291584,
          0.07016268219475091
        ],
        [
          0.17834632208814047,
          0.20275965870518467,
          0.1343421197180016,
          0.09265533026089005,
          0.1244183844334521,
          0.0882234932991888,
          0.1792546914951424
        ],
        [
          0.13435365239563876,
          0.11081904381150175,
          0.23250640937600373,
          0.19248155523535815,
          0.24147197891396327,
          0.08726805983655164,
          0.0010993004309827622
        ],
        [
          0.22811824796812813,
          0.0031710490428941717,
          0.23669880065043147,
          0.10391212283280978,
          0.13838203296602442,
          0.11394246289505454,
          0.1757752836446575
        ],
        [
          0.11437751186104585,
          0.1743952557994833,
          0.19661538186165828,
          0.05966066862304764,
          0.18342436063280507,
          0.07141425901277364,
          0.20011256220918616
        ],
        [
          0.060476263400574985,
          0.11809000951476102,
          0.19982421611457188,
          0.1894820104755142,
          0.14127155768677876,
          0.21941708498409543,
          0.0714388578237037
        ],
        [
          0.04449673283586464,
          0.06680597935758968,
          0.1823848394123084,
          0.2031509936161809,
          0.1598167691353444,
          0.18114580597275315,
          0.1621988796699588
        ],
        [
          0.16347816075106936,
          0.2041434530364181,
          0.1575763269278665,
          0.10301049522376003,
          0.06904218251539763,
          0.23203955268712137,
          0.07070982885836706
        ],
        [
          0.19102489590528973,
          0.0066236399498716255,
          0.16748370944335306,
          0.18084755966680574,
          0.1974080893405008,
          0.13228604875814903,
          0.12432605693603006
        ],
        [
          0.24173920643049818,
          0.013491489178384553,
          0.1868084760687655,
          0.27348969174322113,
          0.12443245133639472,
          0.13731458156884832,
          0.022724103673887643
        ]
      ],
      "timestamps": [
        0,
        1,
        2,
        3,
        4,
        5,
        6,
        7,
        8,
        9,
        10,
        11,
        12,
        13,
        14,
        15,
        16,
        17,
        18,
        19,
        20,
        21,
        22,
        23,
        24,
        25,
        26
      ],
      "distance": 382.2
    },
    {
      "trip_id": 1,
      "transport_method": "car",
      "start_time": 27,
      "path": [
        [
          1.5257548999999997,
          42.508762299999994
        ],
        [
          1.5250977767231877,
          42.50845745090587
        ],
        [
          1.5246416147306785,
          42.508117584693
        ],
        [
          1.524212834884224,
          42.50782313028326
        ],
        [
          1.5234656635906725,
          42.50779256417638
        ],
        [
          1.523078816368592,
          42.50825749476561
        ],
        [
          1.5237161125982297,
          42.508628010060136
        ],
        [
          1.5244292564809983,
          42.50883574096098
        ],
        [
          1.5251638328026855,
          42.50897918312844
        ],
        [
          1.525437669353281,
          42.50918467928893
        ],
        [
          1.5258128297532805,
          42.50912936187575
        ],
        [
          1.5265404087947478,
          42.50930488043945
        ],
        [
          1.5269090121637854,
          42.50939380099684
        ],
        [
          1.526181433122318,
          42.50921828243314
        ],
        [
          1.5254538540808507,
          42.50904276386943
        ],
        [
          1.5257282643276524,
          42.50936819597848
        ],
        [
          1.5264654554782422,
          42.509497529791844
        ],
        [
          1.5272026466288318,
          42.509626863605206
        ],
        [
          1.527911556440548,
          42.50985471468681
        ],
        [
          1.5286050978765582,
          42.510136101083646
        ],
        [
          1.5292986393125683,
          42.51041748748048
        ],
        [
          1.5293058836348048,
          42.510121965274735
        ],
        [
          1.5287672184320946,
          42.50960233287854
        ],
        [
          1.5282285532293847,
          42.509082700482345
        ],
        [
          1.5288641507643814,
          42.508946586940546
        ],
        [
          1.5295650114043042,
          42.50905533123069
        ],
        [
          1.5295475984783833,
          42.50904756469982
        ],
        [
          1.5291470064762318,
          42.50881162796692
        ],
        [
          1.5296587556890275,
          42.50851386616682
        ],
        [
          1.5293228849419398,
          42.50809354715571
        ],
        [
          1.5295565000000002,
          42.507915899999986
        ]
      ],
      "emotions": [
        "red",
        "red",
        "red",
        "purple",
        "purple",
        "purple",
        "purple",
        "purple",
        "purple",
        "purple",
        "purple",
        "purple",
        "purple",
        "red",
        "red",
        "red",
        "red",
        "red",
        "red",
        "red",
        "red",
        "red",
        "red",
        "red",
        "red",
        "red",
        "red",
        "red",
        "red",
        "red",
        "red"
      ],
      "mood_vectors": [
        [
          0.17644299524637208,
          0.20401199525906363,
          0.26843870745926546,
          0.17598074495487812,
          0.03831468854758903,
          0.135394264546864,
          0.0014166039859676972
        ],
        [
          0.20744057120727974,
          0.13147656776143837,
          0.1575125155155692,
          0.24696022599230077,
          0.15007840161936686,
          0.03696886186058513,
          0.06956285604345985
        ],
        [
          0.1546545232434703,
          0.16992231760866666,
          0.16281289540573318,
          0.13785721108580248,
          0.14235882244195922,
          0.23233506272839852,
          5.916748596963467e-05
        ],
        [
          0.04831457885642461,
          0.03901736580086585,
          0.1274479840911223,
          0.22448133546558585,
          0.158984625398299,
          0.26234930348174446,
          0.13940480690595788
        ],
        [
          0.11715833621796233,
          0.21722417175591355,
          0.07852706616235522,
          0.0833608160606411,
          0.25110407744271956,
          0.2099406806769024,
          0.04268485168350584
        ],
        [
          0.021863622909281323,
          0.1036427142010299,
          0.20952294042099348,
          0.1627865138124586,
          0.14627942914554873,
          0.14514307614904187,
          0.21076170336164612
        ],
        [
          0.2215664670048649,
          0.037964827873990775,
          0.019397381043222316,
          0.2776458321794198,
          0.1421262101448193,
          0.1497238236865887,
          0.15157545806709424
        ],
        [
          0.12934033909173834,
          0.20118988404640728,
          0.1694101589420019,
          0.21291592774797496,
          0.08811299046147246,
          0.12178900432838272,
          0.07724169538202244
        ],
        [
          0.19867534041528498,
          0.23227479103779253,
          0.03410764084336167,
          0.19880482684911277,
          0.09217304398487278,
          0.059128252609379296,
          0.18483610426019606
        ],
        [
          0.008684582983458908,
          0.02667918647633033,
          0.07016767372443285,
          0.2719363022511228,
          0.2801035387044978,
          0.23782343832274766,
          0.10460527753740967
        ],
        [
          0.10438766760567648,
          0.2785625062209278,
          0.1311570625317553,
          0.106441056853735,
          0.2036235416730374,
          0.04784656785122404,
          0.127981597263644
        ],
        [
          0.020466627689887565,
          0.19501108823529914,
          0.2006295457352497,
          0.17008865276059526,
          0.17198884033647435,
          0.18490615558478726,
          0.05690908965770677
        ],
        [
          0.14456772804399332,
          0.13300689366893,
          0.07985818844307715,
          0.1998128460317574,
          0.16447240376293823,
          0.07947605993965141,
          0.19880588010965242
        ],
        [
          0.15542170723218432,
          0.14816765571791213,
          0.06407581274255582,
          0.25639203290414664,
          0.006841950007595284,
          0.16375680603939627,
          0.20534403535620951
        ],
        [
          0.02233254373128241,
          0.24494018748995922,
          0.08160827382406474,
          0.09087338975867322,
          0.11846199400200391,
          0.17418703750230435,
          0.2675965736917122
        ],
        [
          0.18886529640781224,
          0.15856302252828902,
          0.14226318157432258,
          0.20180114409450436,
          0.12646959729425267,
          0.03398703765710423,
          0.14805072044371484
        ],
        [
          0.059318245710503925,
          0.022493096985882182,
          0.13721327875719994,
          0.24172071744950915,
          0.05371091566109614,
          0.28755510872825557,
          0.19798863670755315
        ],
        [
          0.16643925456339537,
          0.029669301034721388,
          0.06332190306187402,
          0.017536021341111645,
          0.2035683071249776,
          0.3191035151905334,
          0.20036169768338652
        ],
        [
          0.03364798715747988,
          0.1602360050149547,
          0.21176719512244993,
          0.17376367887619132,
          0.18394836731532677,
          0.1009871474551049,
          0.13564961905849263
        ],
        [
          0.04888336086325363,
          0.26572096657909094,
          0.28046936509390374,
          0.028372699103200335,
          0.212932307986147,
          0.08237302460188133,
          0.08124827577252308
        ],
        [
          0.2047235290227177,
          0.0515463927417065,
          0.1483320351652274,
          0.13716767393638937,
          0.28249419150836,
          0.01204594073121597,
          0.16369023689438308
        ],
        [
          0.15590027800992143,
          0.1061640563901979,
          0.15843391584689323,
          0.13979580412688114,
          0.1862513059016984,
          0.21560907837683185,
          0.03784556134757608
        ],
        [
          0.06700674534174372,
          0.2207177238253183,
          0.21180524485170144,
          0.18553252735609282,
          0.11945961488518116,
          0.09951740845972241,
          0.09596073528024018
        ],
        [
          0.28162546957228574,
          0.00437857431315619,
          0.07674089099244454,
          0.2538468809274629,
          0.18103451957344344,
          0.0715073854517711,
          0.1308662791694361
        ],
        [
          0.020778914679430174,
          0.0811866315373548,
          0.16871145204257976,
          0.2425491117077665,
          0.15390932741613175,
          0.1636328202845483,
          0.16923174233218863
        ],
        [
          0.17434491855836876,
          0.12165820484801196,
          0.11612585913898169,
          0.20464715161321884,
          0.10211981602203431,
          0.10966463448237217,
          0.1714394153370123
        ],
        [
          0.17202934340739973,
          0.2007695851390463,
          0.14128962783942364,
          0.028526452102282666,
          0.20001651301698944,
          0.17989442332305255,
          0.07747405517180571
        ],
        [
          0.18489140783101218,
          0.17681612532784555,
          0.018022035271889607,
          0.07336285968013526,
          0.23041272965882423,
          0.27226934126077934,
          0.04422550096951377
        ],
        [
          0.03549689688023193,
          0.039209102137712636,
          0.1184275188388018,
          0.26664289720985446,
          0.18444921987561597,
          0.23229298040425023,
          0.12348138465353299
        ],
        [
          0.08508714024479386,
          0.08358756460684087,
          0.21813500434435096,
          0.07877174970393043,
          0.22324813924039835,
          0.12054767291424666,
          0.19062272894543894
        ],
        [
          0.21497759265326444,
          0.24793612989824357,
          0.13411936245184136,
          0.08647770879815266,
          0.008018005901558536,
          0.23765527492020933,
          0.07081592537673013
        ]
      ],
      "timestamps": [
        27,
        28,
        29,
        30,
        31,
        32,
        33,
        34,
        35,
        36,
        37,
        38,
        39,
        40,
        41,
        42,
        43,
        44,
        45,
        46,
        47,
        48,
        49,
        50,
        51,
        52,
        53,
        54,
        55,
        56,
        57
      ],
      "distance": 503.5
    },
    {
      "trip_id": 2,
      "transport_method": "foot",
      "start_time": 58,
      "path": [
        [
          1.5294188000000002,
          42.5071069
        ],
        [
          1.5296951140035453,
          42.506831505422845
        ],
        [
          1.5300618874799814,
          42.506967547677284
        ],
        [
          1.5300547362039096,
          42.50709309171961
        ],
        [
          1.529607442924591,
          42.507074262154624
        ],
        [
          1.5298902503547276,
          42.50708616741037
        ],
        [
          1.5301985174931008,
          42.50705939418051
        ],
        [
          1.5298269737589412,
          42.50680963212605
        ],
        [
          1.5294597344295302,
          42.50655360349731
        ],
        [
          1.5291007855785033,
          42.50663857988151
        ],
        [
          1.5287473474242568,
          42.506913360656135
        ],
        [
          1.5283777710841493,
          42.50678031946592
        ],
        [
          1.5280233145992226,
          42.50650731558114
        ],
        [
          1.527662753154952,
          42.50653515740862
        ],
        [
          1.5274298682073462,
          42.506401150464384
        ],
        [
          1.527726817016729,
          42.50623497179527
        ],
        [
          1.528057774381009,
          42.50653631156707
        ],
        [
          1.5284154614646686,
          42.50680496427616
        ],
        [
          1.5285804692766025,
          42.50677637435339
        ],
        [
          1.5285593741804113,
          42.50640643440336
        ],
        [
          1.5289083111359527,
          42.506125979659
        ],
        [
          1.529064514927526,
          42.5058728848269
        ],
        [
          1.5286387592301849,
          42.505734472701626
        ],
        [
          1.528212763926059,
          42.50559682926345
        ],
        [
          1.5277820559547746,
          42.50547471126611
        ],
        [
          1.5276350183624008,
          42.5054332335941
        ],
        [
          1.528065892679577,
          42.50555477845429
        ],
        [
          1.5280219820701013,
          42.505598410463605
        ],
        [
          1.5275924403811847,
          42.505472236901696
        ],
        [
          1.5271848505524126,
          42.50548589538831
        ],
        [
          1.527137586771057,
          42.505487482234784
        ],
        [
          1.5275470669547782,
          42.505458908912885
        ],
        [
          1.5279766086436946,
          42.50558508247479
        ],
        [
          1.528248465398494,
          42.505507854081706
        ],
        [
          1.5279611970310396,
          42.50533509001682
        ],
        [
          1.5276538774560853,
          42.505196155721315
        ],
        [
          1.5272135790362986,
          42.50518977497913
        ],
        [
          1.52678962459619,
          42.50516955542701
        ],
        [
          1.5266038444002568,
          42.504957764411074
        ],
        [
          1.5261726534890838,
          42.5048384520455
        ],
        [
          1.5257326267445421,
          42.50475597602274
        ],
        [
          1.5252926000000002,
          42.50467349999999
        ]
      ],
      "emotions": [
        "red",
        "red",
        "green",
        "green",
        "green",
        "green",
        "green",
        "green",
        "green",
        "green",
        "green",
        "green",
        "green",
        "green",
        "green",
        "green",
        "green",
        "red",
        "red",
        "red",
        "red",
        "red",
        "red",
        "red",
        "red",
        "red",
        "red",
        "green",
        "green",
        "green",
        "green",
        "green",
        "green",
        "green",
        "green",
        "green",
        "green",
        "red",
        "red",
        "red",
        "red",
        "red"
      ],
      "mood_vectors": [
        [
          0.11566273913752322,
          0.04509363891504594,
          0.04979835348275085,
          0.11900990462364887,
          0.2746153044380859,
          0.10793628947632064,
          0.28788376992662457
        ],
        [
          0.027844684289621394,
          0.13151814046115698,
          0.2587093537845939,
          0.14521967063975905,
          0.2627093109896842,
          0.15236397184318318,
          0.02163486799200136
        ],
        [
          0.14530114548212808,
          0.10358026219778449,
          0.2647443018557124,
          0.213185434646743,
          0.052049397751738516,
          0.06594443107435098,
          0.1551950269915425
        ],
        [
          0.2124846732686121,
          0.07087749342605511,
          0.12284741160447724,
          0.2644471402661082,
          0.062004541883045015,
          0.03436009109632501,
          0.23297864845537736
        ],
        [
          0.07175866707947945,
          0.010991924143300752,
          0.08058817637948536,
          0.11337186152542374,
          0.35275893844406664,
          0.3622508041907243,
          0.008279628237519866
        ],
        [
          0.015396714831452246,
          0.16828073463709736,
          0.22552555399203564,
          0.20467139550711286,
          0.04533074799090508,
          0.17572420244218567,
          0.16507065059921114
        ],
        [
          0.18660147200544558,
          0.20473956457147435,
          0.11593488437550653,
          0.1851579491521577,
          0.01744793397199851,
          0.149105815925707,
          0.1410123799977104
        ],
        [
          0.06664424278067572,
          0.32386618430473996,
          0.12186408957407868,
          0.252294793489507,
          0.11978381448856519,
          0.033559174360731574,
          0.0819877010017019
        ],
        [
          0.07219492530191587,
          0.12544295235190972,
          0.05980572628651222,
          0.140727347700536,
          0.22125442569133347,
          0.15701044567344735,
          0.22356417699434533
        ],
        [
          0.020580597340282634,
          0.12205458457863357,
          0.21789959317159735,
          0.13951429184079814,
          0.17668776301981437,
          0.16036143397680264,
          0.16290173607207137
        ],
        [
          0.24063786550153926,
          0.23784891951992487,
          0.060520152463733476,
          0.011558910955843242,
          0.0683322210183754,
          0.16001337352937134,
          0.22108855701121244
        ],
        [
          0.207178105080104,
          0.13963236324948097,
          0.16464866929723757,
          0.2011849736077315,
          0.17496011170065998,
          0.11086473294066736,
          0.001531044124118728
        ],
        [
          0.24325997365478633,
          0.0033521412487257517,
          0.12726946948276935,
          0.22471584196279404,
          0.049136318422260156,
          0.05868796913149925,
          0.29357828609716513
        ],
        [
          0.06457334500749759,
          0.17276792695325696,
          0.01912134004141159,
          0.1714229308024255,
          0.18949999438396148,
          0.2005393194402492,
          0.1820751433711977
        ],
        [
          0.12207495574745202,
          0.10668143461176789,
          0.20530391462133443,
          0.20458540596580996,
          0.13307719849007513,
          0.0995120396522187,
          0.12876505091134186
        ],
        [
          0.08423468421129232,
          0.1439746993178964,
          0.045902972264765585,
          0.2601140285342018,
          0.07179232880844737,
          0.17865166237585522,
          0.21532962448754128
        ],
        [
          0.06494258005434081,
          0.03711008170247428,
          0.32615323110223216,
          0.18044045972491798,
          0.3668175948070077,
          0.019680052799212887,
          0.004855999809814169
        ],
        [
          0.041972417768319864,
          0.22611402668854094,
          0.04455537014129214,
          0.16931297371340343,
          0.300661756790581,
          0.0855266796525337,
          0.1318567752453289
        ],
        [
          0.26403547914761527,
          0.039806403033181614,
          0.1409285131282221,
          0.06360062403305906,
          0.1340279920977864,
          0.24321407639127637,
          0.11438691216885923
        ],
        [
          0.009928750149262812,
          0.01314223928867269,
          0.2942816406614599,
          0.0898766061580296,
          0.28324453392317617,
          0.1546727082556564,
          0.15485352156374246
        ],
        [
          0.17709535210479593,
          0.21074752815859063,
          0.006102164622703915,
          0.16237409678570497,
          0.14782023919609774,
          0.18846743741411767,
          0.10739318171798924
        ],
        [
          0.21414443917595807,
          0.15560448688382916,
          0.23321688137025645,
          0.05535811766762581,
          0.15794572524475856,
          0.10600515796972139,
          0.07772519168785058
        ],
        [
          0.05251317438698227,
          0.23235853068508003,
          0.08634353363844674,
          0.12924513987591027,
          0.3176152609928892,
          0.13827081870466362,
          0.04365354171602788
        ],
        [
          0.16812729742694194,
          0.12840857021979782,
          0.0919956184410335,
          0.07445806755910502,
          0.0009555946951125626,
          0.23518165108812425,
          0.3008732005698849
        ],
        [
          0.2573567692935095,
          0.04286442080288605,
          0.1372234276590437,
          0.03151250610845288,
          0.194039384075386,
          0.14551741306233387,
          0.19148607899838802
        ],
        [
          0.05163573159986366,
          0.1478657231131182,
          0.1562442559769216,
          0.23954528633845643,
          0.10109908797251506,
          0.22308079931153896,
          0.08052911568758608
        ],
        [
          0.17413968536794733,
          0.05172862485979832,
          0.22149147699237454,
          0.0868611662895804,
          0.28255494192297265,
          0.06275340507652959,
          0.12047069949079718
        ],
        [
          0.10067485692752692,
          0.0662448761171963,
          0.1833962331421176,
          0.1958913871258062,
          0.22263070692949447,
          0.11998943120990355,
          0.11117250854795507
        ],
        [
          3.7782530224072146e-05,
          0.10856070457446311,
          0.15393073967278317,
          0.2801169623555961,
          0.011270810116615078,
          0.10333753705496049,
          0.342745463695358
        ],
        [
          0.20844825739350542,
          0.13175178653422687,
          0.0434005790762525,
          0.0844496325608857,
          0.02584372741336974,
          0.2347292445935601,
          0.2713767724281997
        ],
        [
          0.22096020545741377,
          0.0986488597437516,
          0.21418620622337317,
          0.06966443470300278,
          0.022670327472038742,
          0.24659307685226153,
          0.1272768895481584
        ],
        [
          0.13803008465064803,
          0.11023539790394062,
          0.1994399652034776,
          0.17078063082919734,
          0.1083966150161388,
          0.10879343843893667,
          0.16432386795766105
        ],
        [
          0.09226989675052132,
          0.12680847959396835,
          0.008149673394872029,
          0.27023065916515615,
          0.17997198925300692,
          0.06231620461567677,
          0.2602530972267984
        ],
        [
          0.07256816851057506,
          0.1362506481424892,
          0.30333957647187954,
          0.2596049811172218,
          0.06381807509682122,
          0.13556285749002203,
          0.028855693170991122
        ],
        [
          0.1509233903250027,
          0.08731878383459683,
          0.1357882565437652,
          0.17347455877752876,
          0.18476095079821622,
          0.10837926862095343,
          0.15935479109993683
        ],
        [
          0.23853171773979012,
          0.0910007752699725,
          0.08035392074502172,
          0.32972472199759423,
          0.1659729241359445,
          0.07828354990374851,
          0.01613239020792838
        ],
        [
          0.18852786289893425,
          0.10107383788621635,
          0.06896667943717325,
          0.22070886399308492,
          0.11709721543986741,
          0.14845457546273216,
          0.15517096488199175
        ],
        [
          0.33446125346720473,
          0.11755585957189921,
          0.06741755767489324,
          0.007765400190447897,
          0.07032635181729228,
          0.07178970738398584,
          0.33068386989427684
        ],
        [
          0.01586956919923432,
          0.13350550102121905,
          0.31917063302179227,
          0.0021143609593329816,
          0.05656358291256503,
          0.2034864828223761,
          0.26928987006348026
        ],
        [
          0.24850542388950567,
          0.07724620278857006,
          0.1679669936089544,
          0.055479453756065486,
          0.19593580071155986,
          0.007361917792003819,
          0.2475042074533407
        ],
        [
          0.10378225681315928,
          0.25512834072777485,
          0.13397417856907745,
          0.17516524221564755,
          0.17545821338595982,
          0.09431211244416225,
          0.06217965584421884
        ],
        [
          0.32472337284331204,
          0.0027846233653820423,
          0.008931961251396146,
          0.046829857319536046,
          0.18520569413528423,
          0.057613048738070556,
          0.37391144234701895
        ]
      ],
      "timestamps": [
        58,
        59,
        60,
        61,
        62,
        63,
        64,
        65,
        66,
        67,
        68,
        69,
        70,
        71,
        72,
        73,
        74,
        75,
        76,
        77,
        78,
        79,
        80,
        81,
        82,
        83,
        84,
        85,
        86,
        87,
        88,
        89,
        90,
        91,
        92,
        93,
        94,
        95,
        96,
        97,
        98,
        99
      ],
      "distance": 653.3
    }
  ],
  "conversation": [
    "Should I walk up to the old town or take the bus?",
    "I could really go for some Hokkaido milk soft serve.",
    "What if I just never go back to the office?"
  ],
  "conversation_timestamps": [
    11,
    28,
    40
  ]
}
