{"agent_id": "agent-red-781", "type": "red", "trips": [{"trip_id": 0, "transport_method": "foot", "start_time": 0, "path": [[1.4923933, 42.4641526], [1.4924804, 42.4641662], [1.4925675, 42.4641798], [1.4926081, 42.4642497], [1.4926327, 42.4643342], [1.4926234, 42.4643812], [1.4925475, 42.4643364], [1.4924716, 42.4642915], [1.4923957, 42.4642467], [1.4923198, 42.4642018], [1.4922439, 42.4641569], [1.492168, 42.4641121], [1.4920921, 42.4640672], [1.4920162, 42.4640224], [1.4919403, 42.4639775], [1.4918644, 42.4639327], [1.4917885, 42.4638878], [1.4917126, 42.463843], [1.4916367, 42.4637981], [1.4915608, 42.4637532], [1.4915322, 42.4637272], [1.4916182, 42.4637469], [1.4917041, 42.4637666], [1.4917901, 42.4637862], [1.491871, 42.4638198], [1.4919498, 42.4638594], [1.4920285, 42.463899], [1.4921012, 42.4639479], [1.4921687, 42.4640046], [1.4922361, 42.4640614], [1.4923089, 42.4641101], [1.4923876, 42.4641497], [1.4923179, 42.4641208], [1.4922367, 42.4640865], [1.4921555, 42.4640522], [1.4920742, 42.464018], [1.491993, 42.4639837], [1.4919118, 42.4639494], [1.4918306, 42.4639151], [1.4917493, 42.4638808], [1.4916681, 42.4638466], [1.4915869, 42.4638123], [1.4915057, 42.463778], [1.4914244, 42.4637437], [1.4913432, 42.4637095], [1.4912647, 42.4636787], [1.4911774, 42.4636911], [1.4910901, 42.4637035], [1.4910029, 42.4637159], [1.4909156, 42.4637282], [1.4908283, 42.4637406], [1.4907525, 42.4637842], [1.490678, 42.4638314], [1.4906015, 42.463871], [1.4905134, 42.4638678], [1.4904253, 42.4638646], [1.4903374, 42.4638583], [1.4902613, 42.4638805], [1.4901994, 42.4639433], [1.4901376, 42.4640061], [1.4900757, 42.4640689], [1.4900381, 42.4641459], [1.4900092, 42.4642282], [1.4899341, 42.4642621], [1.489847, 42.4642758], [1.4898166, 42.4642437], [1.4898482, 42.4641613], [1.4898797, 42.464079], [1.4899058, 42.4639949], [1.4899402, 42.463914], [1.4899775, 42.4638341], [1.4900148, 42.4637543], [1.4900522, 42.4636744], [1.4900895, 42.4635945], [1.4901268, 42.4635146], [1.4901642, 42.4634348], [1.4902015, 42.4633549], [1.4902388, 42.463275], [1.4902761, 42.4631952], [1.4903135, 42.4631153]], "mood_vectors": [[0.6888, 0.0616, 0.0552, 0.0186, 0.0821, 0.071, 0.0226], [0.7422, 0.0312, 0.0782, 0.0186, 0.019, 0.0775, 0.0333], [0.7229, 0.0189, 0.0565, 0.0846, 0.0439, 0.0481, 0.0252], [0.7533, 0.0475, 0.0128, 0.0291, 0.0467, 0.0464, 0.0642], [0.755, 0.0269, 0.027, 0.0576, 0.0433, 0.0268, 0.0635], [0.7482, 0.0359, 0.0657, 0.0385, 0.0123, 0.0557, 0.0438], [0.6923, 0.0168, 0.0329, 0.0236, 0.1098, 0.0787, 0.0459], [0.641, 0.0781, 0.0515, 0.0734, 0.017, 0.0963, 0.0426], [0.5933, 0.0797, 0.0821, 0.0795, 0.0414, 0.097, 0.027], [0.7247, 0.058, 0.037, 0.0228, 0.0428, 0.0533, 0.0612], [0.7227, 0.0558, 0.0404, 0.0175, 0.0661, 0.0138, 0.0837], [0.6854, 0.0783, 0.0414, 0.0641, 0.0671, 0.0159, 0.0479], [0.6596, 0.0528, 0.0547, 0.0427, 0.0863, 0.063, 0.0408], [0.731, 0.0184, 0.0654, 0.0796, 0.0202, 0.0473, 0.038], [0.7014, 0.0743, 0.042, 0.0668, 0.016, 0.0261, 0.0734], [0.6498, 0.0703, 0.0715, 0.0745, 0.0632, 0.0567, 0.014], [0.6948, 0.0585, 0.0391, 0.0432, 0.0547, 0.0945, 0.0152], [0.6682, 0.0226, 0.0466, 0.05, 0.0661, 0.0593, 0.0872], [0.8001, 0.0728, 0.0152, 0.0476, 0.0264, 0.0215, 0.0164], [0.6827, 0.0516, 0.0857, 0.0493, 0.0571, 0.0143, 0.0594], [0.7141, 0.0441, 0.0572, 0.0111, 0.0673, 0.0394, 0.0669], [0.6651, 0.0737, 0.0283, 0.0298, 0.0715, 0.049, 0.0826], [0.6736, 0.0232, 0.0919, 0.0356, 0.0431, 0.0321, 0.1005], [0.7565, 0.0219, 0.0729, 0.0112, 0.068, 0.0347, 0.0348], [0.7925, 0.0714, 0.0216, 0.0238, 0.0433, 0.029, 0.0184], [0.6846, 0.0966, 0.0384, 0.019, 0.0365, 0.032, 0.0929], [0.6699, 0.0564, 0.0343, 0.0612, 0.0654, 0.0515, 0.0613], [0.6425, 0.0802, 0.0627, 0.0813, 0.0426, 0.0149, 0.0758], [0.6531, 0.0169, 0.0807, 0.068, 0.0417, 0.0717, 0.068], [0.7345, 0.0547, 0.0602, 0.0404, 0.0395, 0.0226, 0.0481], [0.7213, 0.0644, 0.022, 0.0305, 0.0593, 0.0241, 0.0783], [0.7259, 0.0336, 0.0571, 0.0502, 0.0178, 0.0697, 0.0457], [0.6721, 0.0503, 0.0435, 0.0459, 0.0821, 0.0405, 0.0655], [0.6209, 0.0629, 0.0639, 0.0571, 0.0557, 0.0696, 0.0698], [0.6076, 0.0539, 0.0741, 0.0715, 0.07, 0.0559, 0.067], [0.7291, 0.0215, 0.0644, 0.019, 0.0654, 0.0755, 0.025], [0.792, 0.0193, 0.0279, 0.0679, 0.0202, 0.0543, 0.0183], [0.7999, 0.0238, 0.0279, 0.0218, 0.0393, 0.0144, 0.0728], [0.614, 0.0862, 0.083, 0.0272, 0.0946, 0.0193, 0.0757], [0.6682, 0.0476, 0.0753, 0.0207, 0.0185, 0.0874, 0.0822], [0.6659, 0.0747, 0.0336, 0.0843, 0.0643, 0.0587, 0.0185], [0.6376, 0.0572, 0.0797, 0.0648, 0.0905, 0.039, 0.0311], [0.7159, 0.0306, 0.0322, 0.0694, 0.0281, 0.0922, 0.0316], [0.6603, 0.0588, 0.0495, 0.0234, 0.091, 0.0502, 0.0668], [0.7545, 0.0118, 0.0619, 0.0618, 0.0334, 0.0136, 0.063], [0.684, 0.0311, 0.0591, 0.0234, 0.0431, 0.0813, 0.078], [0.6552, 0.0315, 0.0812, 0.0551, 0.0731, 0.0269, 0.077], [0.7274, 0.0158, 0.0772, 0.0339, 0.0763, 0.0256, 0.0438], [0.6796, 0.0569, 0.0675, 0.0752, 0.0558, 0.0219, 0.0431], [0.7305, 0.0331, 0.0782, 0.0461, 0.058, 0.0366, 0.0176], [0.7368, 0.0209, 0.0323, 0.0785, 0.0343, 0.0309, 0.0664], [0.6121, 0.0569, 0.0742, 0.0822, 0.0214, 0.0867, 0.0666], [0.7102, 0.0409, 0.0112, 0.0641, 0.0737, 0.0299, 0.0701], [0.6468, 0.0596, 0.0641, 0.0526, 0.0811, 0.0359, 0.0599], [0.6812, 0.0727, 0.0655, 0.0657, 0.0343, 0.039, 0.0416], [0.6541, 0.0675, 0.0634, 0.0659, 0.0499, 0.0425, 0.0567], [0.7184, 0.0518, 0.0225, 0.0302, 0.0724, 0.061, 0.0437], [0.7512, 0.062, 0.0502, 0.0236, 0.0189, 0.0436, 0.0507], [0.7598, 0.0214, 0.0877, 0.0388, 0.0213, 0.0349, 0.036], [0.7699, 0.0197, 0.0819, 0.0384, 0.0299, 0.0217, 0.0384], [0.6641, 0.0359, 0.0298, 0.0295, 0.0831, 0.0785, 0.0791], [0.7013, 0.0435, 0.0657, 0.0469, 0.0336, 0.0444, 0.0646], [0.6403, 0.0129, 0.0691, 0.0811, 0.0614, 0.0715, 0.0637], [0.6527, 0.0639, 0.0831, 0.0453, 0.0282, 0.0841, 0.0425], [0.7207, 0.0276, 0.0215, 0.0752, 0.0779, 0.0527, 0.0243], [0.7333, 0.0633, 0.0214, 0.0177, 0.0721, 0.065, 0.0273], [0.6979, 0.0783, 0.0236, 0.0421, 0.0542, 0.0332, 0.0708], [0.7747, 0.0221, 0.0323, 0.066, 0.0163, 0.0745, 0.0142], [0.7378, 0.0475, 0.0624, 0.0374, 0.0534, 0.0387, 0.023], [0.7104, 0.0603, 0.0301, 0.0346, 0.0266, 0.0512, 0.0869], [0.6649, 0.0595, 0.0382, 0.0645, 0.0217, 0.0573, 0.0939], [0.6944, 0.0262, 0.0912, 0.0161, 0.0648, 0.0764, 0.0309], [0.7188, 0.0241, 0.0287, 0.0277, 0.078, 0.0603, 0.0625], [0.6208, 0.0639, 0.0654, 0.0841, 0.0433, 0.0754, 0.0472], [0.6826, 0.0535, 0.0758, 0.0587, 0.0278, 0.022, 0.0796], [0.737, 0.0503, 0.0491, 0.0629, 0.0323, 0.045, 0.0235], [0.6582, 0.051, 0.0598, 0.053, 0.0849, 0.0401, 0.0531], [0.695, 0.0253, 0.0661, 0.072, 0.0314, 0.0204, 0.0898], [0.6652, 0.0275, 0.0622, 0.0802, 0.0368, 0.0565, 0.0715], [0.7368, 0.0126, 0.0345, 0.0571, 0.0715, 0.0591, 0.0284]], "emotions": ["red", "red", "red", "red", "red", "red", "red", "red", "red", "red", "red", "red", "red", "red", "red", "red", "red", "red", "red", "red", "red", "red", "red", "red", "red", "red", "red", "red", "red", "red", "red", "red", "red", "red", "red", "red", "red", "red", "red", "red", "red", "red", "red", "red", "red", "red", "red", "red", "red", "red", "red", "red", "red", "red", "red", "red", "red", "red", "red", "red", "red", "red", "red", "red", "red", "red", "red", "red", "red", "red", "red", "red", "red", "red", "red", "red", "red", "red", "red", "red"], "timestamps": [0, 40, 80, 120, 160, 200, 240, 280, 320, 360, 400, 440, 480, 520, 560, 600, 640, 680, 720, 760, 800, 840, 880, 920, 960, 1000, 1040, 1080, 1120, 1160, 1200, 1240, 1280, 1320, 1360, 1400, 1440, 1480, 1520, 1560, 1600, 1640, 1680, 1720, 1760, 1800, 1840, 1880, 1920, 1960, 2000, 2040, 2080, 2120, 2160, 2200, 2240, 2280, 2320, 2360, 2400, 2440, 2480, 2520, 2560, 2600, 2640, 2680, 2720, 2760, 2800, 2840, 2880, 2920, 2960, 3000, 3040, 3080, 3120, 3160]}], "conversation": [], "conversation_timestamps": []}