{"agent_id": "agent-blue-880", "type": "blue", "trips": [{"trip_id": 0, "transport_method": "bicycle", "start_time": 0, "path": [[1.5307365, 42.5060265], [1.5309075, 42.506016], [1.5310785, 42.5060055], [1.5312495, 42.505995], [1.5314202, 42.505988], [1.5315855, 42.506032], [1.5316751, 42.5061517], [1.5315084, 42.5061909], [1.5313416, 42.5062302], [1.5311749, 42.5062695], [1.5310081, 42.5063088], [1.5308414, 42.506348], [1.5306746, 42.5063873], [1.5305079, 42.5064266], [1.5303411, 42.5064658], [1.5301744, 42.5065051], [1.5300074, 42.5065052], [1.5298401, 42.5064682], [1.5296729, 42.5064311], [1.5295056, 42.506394], [1.5293572, 42.5064417], [1.5292214, 42.5065461], [1.5290855, 42.5066504], [1.5289444, 42.5067448], [1.5287814, 42.5067975], [1.5286184, 42.5068502], [1.5284623, 42.5069149], [1.5283351, 42.5070296], [1.5282079, 42.5071444], [1.5280807, 42.5072591], [1.5279245, 42.5072844], [1.5277542, 42.5072662], [1.5275838, 42.5072479], [1.527413, 42.5072356], [1.527242, 42.5072254], [1.5270708, 42.5072229], [1.5268995, 42.5072257], [1.5267284, 42.5072316], [1.5265577, 42.5072243], [1.5263869, 42.5072111], [1.5262161, 42.5071979], [1.5260455, 42.5071826], [1.5258759, 42.5071586], [1.5257063, 42.5071345], [1.5255367, 42.5071104], [1.5253671, 42.5070863], [1.5251975, 42.5070622], [1.5250386, 42.5070028], [1.5248845, 42.506928], [1.5247298, 42.5068566], [1.5245591, 42.5068718], [1.5243885, 42.506887], [1.5242185, 42.5068943], [1.5240528, 42.5068509], [1.5238871, 42.5068075], [1.5237214, 42.506764], [1.5235557, 42.5067206], [1.52339, 42.5066771], [1.5232217, 42.5066452], [1.523053, 42.5066154], [1.5228843, 42.5065856], [1.5227179, 42.5065463], [1.522554, 42.5064964], [1.5223902, 42.5064465], [1.5222263, 42.5063966], [1.5220624, 42.5063467], [1.5218985, 42.5062968], [1.5217349, 42.5062462], [1.5215742, 42.5061867], [1.5214136, 42.5061272], [1.521253, 42.5060677], [1.5210923, 42.5060081], [1.5209317, 42.5059486], [1.5207834, 42.5058936], [1.520945, 42.5059504], [1.5211058, 42.5060095], [1.5212661, 42.5060698], [1.5214265, 42.5061301], [1.5215868, 42.5061904], [1.5217472, 42.5062507]], "mood_vectors": [[0.0519, 0.0283, 0.0314, 0.7539, 0.0167, 0.0584, 0.0593], [0.0598, 0.0505, 0.0844, 0.6581, 0.0229, 0.0394, 0.0849], [0.0145, 0.0701, 0.0541, 0.6624, 0.0714, 0.0689, 0.0586], [0.0289, 0.0755, 0.054, 0.6673, 0.0283, 0.0734, 0.0726], [0.0568, 0.0262, 0.0311, 0.7831, 0.0332, 0.0438, 0.0257], [0.029, 0.0554, 0.0594, 0.6798, 0.0161, 0.0671, 0.0931], [0.0218, 0.0625, 0.0752, 0.7462, 0.0345, 0.0452, 0.0146], [0.0168, 0.0418, 0.0812, 0.6875, 0.0542, 0.0279, 0.0906], [0.0819, 0.09, 0.0844, 0.6554, 0.034, 0.031, 0.0232], [0.0291, 0.0513, 0.0703, 0.696, 0.0492, 0.0565, 0.0476], [0.0506, 0.0218, 0.0538, 0.711, 0.0637, 0.0261, 0.073], [0.0882, 0.0259, 0.0625, 0.629, 0.0791, 0.0525, 0.0628], [0.0526, 0.03, 0.0541, 0.7067, 0.0493, 0.0699, 0.0373], [0.0845, 0.0581, 0.0371, 0.6861, 0.0805, 0.027, 0.0267], [0.0173, 0.0204, 0.0722, 0.7506, 0.0789, 0.0163, 0.0443], [0.0218, 0.0212, 0.0334, 0.7732, 0.0493, 0.0759, 0.0252], [0.0905, 0.08, 0.038, 0.6483, 0.0374, 0.0902, 0.0155], [0.0656, 0.0694, 0.0164, 0.6795, 0.033, 0.0767, 0.0593], [0.037, 0.0754, 0.0589, 0.7012, 0.0561, 0.0511, 0.0205], [0.0472, 0.0379, 0.0269, 0.6871, 0.0757, 0.054, 0.0712], [0.096, 0.0431, 0.0564, 0.6381, 0.0904, 0.0453, 0.0308], [0.0509, 0.0742, 0.0733, 0.6535, 0.0372, 0.0487, 0.0623], [0.0374, 0.0837, 0.0733, 0.6359, 0.0519, 0.078, 0.0397], [0.0629, 0.0404, 0.0859, 0.75, 0.016, 0.0201, 0.0247], [0.0565, 0.038, 0.0662, 0.6505, 0.0658, 0.0547, 0.0683], [0.0509, 0.0248, 0.0738, 0.6893, 0.0238, 0.068, 0.0694], [0.0779, 0.0214, 0.0514, 0.6459, 0.0901, 0.078, 0.0353], [0.0451, 0.0641, 0.0319, 0.6893, 0.083, 0.0357, 0.051], [0.0648, 0.0636, 0.0333, 0.7417, 0.0356, 0.0212, 0.0398], [0.0816, 0.0364, 0.0674, 0.6711, 0.0985, 0.0242, 0.0208], [0.0664, 0.0233, 0.0617, 0.7516, 0.0204, 0.043, 0.0336], [0.0751, 0.0145, 0.0635, 0.7064, 0.047, 0.0766, 0.017], [0.0618, 0.0479, 0.0295, 0.7346, 0.0418, 0.0442, 0.0402], [0.0419, 0.022, 0.0624, 0.6846, 0.0756, 0.069, 0.0444], [0.0622, 0.0406, 0.0677, 0.6688, 0.0586, 0.073, 0.0291], [0.0876, 0.0276, 0.0194, 0.6652, 0.0549, 0.085, 0.0603], [0.0195, 0.0413, 0.0181, 0.7316, 0.0452, 0.0717, 0.0727], [0.0342, 0.049, 0.0613, 0.6807, 0.0728, 0.083, 0.0191], [0.0298, 0.0303, 0.033, 0.6805, 0.0854, 0.0869, 0.0542], [0.0562, 0.0742, 0.0683, 0.6054, 0.0555, 0.0623, 0.0781], [0.0389, 0.0599, 0.0325, 0.7085, 0.0826, 0.0233, 0.0542], [0.0919, 0.023, 0.0393, 0.6809, 0.0671, 0.0688, 0.029], [0.0336, 0.0407, 0.0376, 0.7099, 0.0552, 0.0639, 0.059], [0.0494, 0.0747, 0.0514, 0.6755, 0.0529, 0.0241, 0.0721], [0.048, 0.0253, 0.0752, 0.6429, 0.0841, 0.0594, 0.0651], [0.0385, 0.0702, 0.0703, 0.7018, 0.028, 0.0716, 0.0196], [0.0327, 0.0624, 0.0737, 0.699, 0.0616, 0.018, 0.0526], [0.0723, 0.0718, 0.016, 0.6108, 0.0917, 0.0566, 0.0808], [0.0194, 0.0802, 0.0409, 0.7093, 0.054, 0.0551, 0.041], [0.014, 0.0238, 0.0613, 0.7778, 0.0295, 0.0499, 0.0438], [0.024, 0.0354, 0.0544, 0.7369, 0.0495, 0.0521, 0.0477], [0.0384, 0.045, 0.0691, 0.6781, 0.0789, 0.0637, 0.0269], [0.0822, 0.06, 0.0491, 0.6756, 0.0812, 0.0127, 0.0392], [0.0423, 0.0265, 0.0555, 0.7538, 0.052, 0.0397, 0.0302], [0.0503, 0.0353, 0.0641, 0.7645, 0.0169, 0.0187, 0.0502], [0.0649, 0.0456, 0.0265, 0.6757, 0.0793, 0.0383, 0.0696], [0.0742, 0.0839, 0.0258, 0.5846, 0.0875, 0.0902, 0.0537], [0.0361, 0.0713, 0.0273, 0.6973, 0.0695, 0.0488, 0.0497], [0.0705, 0.0146, 0.0851, 0.6489, 0.0369, 0.0592, 0.0847], [0.0415, 0.0506, 0.0777, 0.7517, 0.0354, 0.0273, 0.0158], [0.0386, 0.0181, 0.0727, 0.7192, 0.0395, 0.0584, 0.0536], [0.0685, 0.0288, 0.0571, 0.7426, 0.0172, 0.0464, 0.0392], [0.047, 0.033, 0.0303, 0.7033, 0.031, 0.0738, 0.0815], [0.048, 0.0384, 0.0399, 0.7419, 0.0115, 0.0624, 0.058], [0.0616, 0.0681, 0.0115, 0.7032, 0.0324, 0.0712, 0.052], [0.0203, 0.0492, 0.0267, 0.6904, 0.0699, 0.0707, 0.0728], [0.014, 0.0298, 0.0229, 0.7918, 0.0304, 0.0559, 0.0551], [0.056, 0.0544, 0.0671, 0.7125, 0.0292, 0.0162, 0.0645], [0.0831, 0.0206, 0.0161, 0.6918, 0.053, 0.0763, 0.0591], [0.0215, 0.0274, 0.0301, 0.748, 0.0629, 0.0542, 0.0558], [0.0852, 0.0218, 0.0597, 0.6344, 0.0719, 0.0712, 0.0558], [0.0131, 0.081, 0.0746, 0.7631, 0.0329, 0.0226, 0.0127], [0.0341, 0.015, 0.0321, 0.7714, 0.0565, 0.0782, 0.0126], [0.0277, 0.0555, 0.0604, 0.7102, 0.0161, 0.0704, 0.0596], [0.0747, 0.0147, 0.0226, 0.7196, 0.0223, 0.0725, 0.0736], [0.0219, 0.0734, 0.0339, 0.776, 0.0389, 0.018, 0.0377], [0.0927, 0.0402, 0.037, 0.6542, 0.0529, 0.0395, 0.0834], [0.0144, 0.0499, 0.0612, 0.6786, 0.078, 0.0425, 0.0754], [0.0413, 0.0428, 0.0642, 0.6773, 0.0486, 0.0588, 0.067], [0.0672, 0.0232, 0.0649, 0.7425, 0.0548, 0.0296, 0.0178]], "emotions": ["green", "green", "green", "green", "green", "green", "green", "green", "green", "green", "green", "green", "green", "green", "green", "green", "green", "green", "green", "green", "green", "green", "green", "green", "green", "green", "green", "green", "green", "green", "green", "green", "green", "green", "green", "green", "green", "green", "green", "green", "green", "green", "green", "green", "green", "green", "green", "green", "green", "green", "green", "green", "green", "green", "green", "green", "green", "green", "green", "green", "green", "green", "green", "green", "green", "green", "green", "green", "green", "green", "green", "green", "green", "green", "green", "green", "green", "green", "green", "green"], "timestamps": [0, 40, 80, 120, 160, 200, 240, 280, 320, 360, 400, 440, 480, 520, 560, 600, 640, 680, 720, 760, 800, 840, 880, 920, 960, 1000, 1040, 1080, 1120, 1160, 1200, 1240, 1280, 1320, 1360, 1400, 1440, 1480, 1520, 1560, 1600, 1640, 1680, 1720, 1760, 1800, 1840, 1880, 1920, 1960, 2000, 2040, 2080, 2120, 2160, 2200, 2240, 2280, 2320, 2360, 2400, 2440, 2480, 2520, 2560, 2600, 2640, 2680, 2720, 2760, 2800, 2840, 2880, 2920, 2960, 3000, 3040, 3080, 3120, 3160]}], "conversation": [], "conversation_timestamps": []}