{"agent_id": "agent-orange-1698", "type": "orange", "trips": [{"trip_id": 0, "transport_method": "foot", "start_time": 0, "path": [[1.4928806, 42.4672652], [1.4930784, 42.4675874], [1.4932896, 42.4687377], [1.4932248, 42.4699573], [1.4933051, 42.4711734], [1.4934015, 42.4722701], [1.4929503, 42.4733245], [1.4918668, 42.473872], [1.4909579, 42.474642], [1.4908566, 42.4758491], [1.490549, 42.4770001], [1.4903569, 42.478212], [1.4901648, 42.479424], [1.4899727, 42.4806359], [1.4897806, 42.4818478], [1.4894706, 42.4808657], [1.4893928, 42.4796475], [1.4899045, 42.4785455], [1.4904973, 42.4774725], [1.4906158, 42.4766691], [1.4905189, 42.4778923], [1.490422, 42.4791155], [1.4903251, 42.4803387], [1.4902282, 42.4815619], [1.4902589, 42.482755], [1.4908397, 42.4838257], [1.4916171, 42.4846635], [1.4927455, 42.4849856], [1.4937718, 42.4856422], [1.4945977, 42.4865315], [1.4946589, 42.4877262], [1.4952033, 42.4887829], [1.4960033, 42.4897133], [1.4963018, 42.4908612], [1.4971594, 42.4916694], [1.4982139, 42.4922953], [1.4992967, 42.4928716], [1.5002741, 42.4936111], [1.5011454, 42.4943798], [1.5022577, 42.4948979], [1.5033772, 42.4953954], [1.5045065, 42.4958612], [1.5056349, 42.4963327], [1.506795, 42.4967319], [1.507946, 42.4971571], [1.5090523, 42.4976879], [1.5101423, 42.4982494], [1.5109518, 42.4991634], [1.5117125, 42.5001261], [1.5124498, 42.501107], [1.5131673, 42.502102], [1.5129926, 42.5018423], [1.5135182, 42.502536], [1.5144027, 42.5033864], [1.5152873, 42.5042368], [1.5162233, 42.5050168], [1.517277, 42.5054006], [1.5184658, 42.5054383], [1.5196747, 42.5056344], [1.5208411, 42.5059139], [1.5219963, 42.5063266], [1.5231811, 42.5066381], [1.5243752, 42.5068881], [1.5255524, 42.5071022], [1.5266169, 42.5072289], [1.5253983, 42.5070908], [1.5261149, 42.5071345], [1.5273381, 42.5072311], [1.5284627, 42.5076032], [1.5294392, 42.5083167], [1.5296132, 42.5084276], [1.5306961, 42.5088534], [1.5316756, 42.5093318], [1.5328416, 42.5096831], [1.5340419, 42.5099221], [1.5352668, 42.5098935], [1.536486, 42.5100018], [1.5377063, 42.5100376], [1.5389053, 42.5101611], [1.5397131, 42.5105467]], "mood_vectors": [[0.015, 0.0497, 0.0334, 0.0773, 0.7745, 0.026, 0.0241], [0.0385, 0.072, 0.0503, 0.0127, 0.7825, 0.0316, 0.0124], [0.0592, 0.0466, 0.0809, 0.045, 0.6704, 0.0348, 0.063], [0.076, 0.0679, 0.0897, 0.0382, 0.657, 0.0298, 0.0415], [0.056, 0.0298, 0.043, 0.0239, 0.7496, 0.0716, 0.0261], [0.028, 0.0688, 0.0745, 0.0422, 0.6631, 0.0396, 0.0839], [0.045, 0.0684, 0.0328, 0.0388, 0.7441, 0.0155, 0.0554], [0.0412, 0.0717, 0.0453, 0.0191, 0.7446, 0.0221, 0.0559], [0.0821, 0.0227, 0.0781, 0.0231, 0.6693, 0.0735, 0.0512], [0.0227, 0.0325, 0.0731, 0.0788, 0.7219, 0.0132, 0.0578], [0.0433, 0.0969, 0.025, 0.0585, 0.6117, 0.0813, 0.0833], [0.0532, 0.0894, 0.0368, 0.0288, 0.6872, 0.0618, 0.0429], [0.0207, 0.0869, 0.0151, 0.0401, 0.7168, 0.0337, 0.0867], [0.0724, 0.044, 0.0322, 0.0568, 0.6967, 0.0649, 0.0331], [0.0419, 0.0547, 0.0545, 0.05, 0.7161, 0.0271, 0.0556], [0.0502, 0.0193, 0.0385, 0.0796, 0.6833, 0.0572, 0.0718], [0.0604, 0.0335, 0.069, 0.0457, 0.7252, 0.0162, 0.05], [0.0674, 0.0452, 0.0713, 0.0179, 0.6718, 0.0597, 0.0667], [0.0471, 0.0358, 0.0255, 0.0224, 0.7529, 0.0704, 0.0459], [0.052, 0.0613, 0.0125, 0.0293, 0.721, 0.0531, 0.0708], [0.012, 0.0598, 0.0163, 0.0458, 0.7828, 0.0419, 0.0413], [0.0508, 0.0767, 0.0541, 0.0526, 0.6465, 0.0796, 0.0397], [0.0149, 0.0641, 0.0693, 0.0477, 0.6929, 0.0418, 0.0695], [0.0578, 0.0114, 0.0731, 0.0692, 0.7211, 0.0243, 0.043], [0.0564, 0.0501, 0.0315, 0.0354, 0.7252, 0.0722, 0.0291], [0.0659, 0.0721, 0.0183, 0.0428, 0.6776, 0.0759, 0.0473], [0.0159, 0.0181, 0.0853, 0.0141, 0.8201, 0.0203, 0.0262], [0.058, 0.0739, 0.0296, 0.0725, 0.7138, 0.0225, 0.0297], [0.0499, 0.0313, 0.0146, 0.0193, 0.7673, 0.0457, 0.0718], [0.056, 0.0534, 0.0346, 0.0665, 0.6833, 0.0438, 0.0624], [0.0355, 0.0547, 0.079, 0.07, 0.6272, 0.0842, 0.0495], [0.0866, 0.0234, 0.0953, 0.0381, 0.7128, 0.0185, 0.0253], [0.0581, 0.0489, 0.0212, 0.0709, 0.6807, 0.0806, 0.0396], [0.0303, 0.064, 0.0344, 0.0356, 0.7152, 0.0498, 0.0707], [0.0421, 0.0417, 0.066, 0.0209, 0.7246, 0.0333, 0.0713], [0.0339, 0.0442, 0.076, 0.0116, 0.72, 0.0687, 0.0455], [0.0428, 0.0741, 0.0489, 0.0894, 0.6686, 0.0352, 0.0409], [0.0436, 0.069, 0.0574, 0.0277, 0.7248, 0.0611, 0.0163], [0.0439, 0.0173, 0.0494, 0.0393, 0.7578, 0.0655, 0.0268], [0.0212, 0.0688, 0.0196, 0.0522, 0.7079, 0.0599, 0.0703], [0.042, 0.0251, 0.0727, 0.0245, 0.773, 0.0327, 0.0301], [0.072, 0.0477, 0.0454, 0.0623, 0.6695, 0.042, 0.0612], [0.0434, 0.0221, 0.0603, 0.0144, 0.7699, 0.0658, 0.0242], [0.0667, 0.0667, 0.0752, 0.0808, 0.6049, 0.055, 0.0507], [0.0298, 0.0619, 0.0449, 0.0731, 0.687, 0.019, 0.0841], [0.0378, 0.084, 0.0452, 0.0304, 0.6677, 0.0694, 0.0655], [0.09, 0.0193, 0.0551, 0.0216, 0.7215, 0.068, 0.0245], [0.0213, 0.0437, 0.0598, 0.0665, 0.6982, 0.0428, 0.0677], [0.0414, 0.031, 0.0213, 0.0577, 0.709, 0.089, 0.0506], [0.0537, 0.0199, 0.0619, 0.0492, 0.6722, 0.0778, 0.0653], [0.0475, 0.0627, 0.1003, 0.0281, 0.7009, 0.0429, 0.0176], [0.0676, 0.024, 0.0588, 0.0131, 0.7426, 0.05, 0.0438], [0.0514, 0.0633, 0.0568, 0.0619, 0.6609, 0.0245, 0.0813], [0.0752, 0.0333, 0.023, 0.0647, 0.7468, 0.0232, 0.0338], [0.0187, 0.0808, 0.0786, 0.0722, 0.642, 0.0491, 0.0586], [0.0513, 0.0567, 0.0556, 0.0691, 0.6846, 0.0387, 0.044], [0.0325, 0.0489, 0.0369, 0.0414, 0.7526, 0.0551, 0.0327], [0.0382, 0.0616, 0.0122, 0.0251, 0.7802, 0.0613, 0.0216], [0.0652, 0.0655, 0.0936, 0.0939, 0.6456, 0.0174, 0.0188], [0.0543, 0.0244, 0.0173, 0.0802, 0.7265, 0.0782, 0.019], [0.042, 0.0461, 0.0702, 0.0171, 0.7177, 0.042, 0.0649], [0.0155, 0.0722, 0.0494, 0.0735, 0.6405, 0.0726, 0.0762], [0.0373, 0.0736, 0.0849, 0.0589, 0.6756, 0.0402, 0.0293], [0.0165, 0.0334, 0.0757, 0.0141, 0.7421, 0.0848, 0.0334], [0.0521, 0.0623, 0.0156, 0.0726, 0.6641, 0.0733, 0.0601], [0.0858, 0.0174, 0.0281, 0.0656, 0.6643, 0.0405, 0.0983], [0.0941, 0.0151, 0.0511, 0.0802, 0.6524, 0.0816, 0.0255], [0.0675, 0.0703, 0.0511, 0.0232, 0.7233, 0.016, 0.0484], [0.0189, 0.0364, 0.0674, 0.0434, 0.6712, 0.0841, 0.0787], [0.0457, 0.0523, 0.0538, 0.0356, 0.7259, 0.0247, 0.0619], [0.052, 0.0171, 0.061, 0.0155, 0.7494, 0.0718, 0.0331], [0.0344, 0.0564, 0.0409, 0.0235, 0.7166, 0.0662, 0.062], [0.0796, 0.0309, 0.0858, 0.0517, 0.6072, 0.0656, 0.0791], [0.0399, 0.0606, 0.0675, 0.0432, 0.7049, 0.0334, 0.0506], [0.0377, 0.0515, 0.0493, 0.0283, 0.7214, 0.0478, 0.0641], [0.0663, 0.0755, 0.0441, 0.0556, 0.6771, 0.0176, 0.0637], [0.0319, 0.0659, 0.0178, 0.0218, 0.7267, 0.0741, 0.0617], [0.0582, 0.0648, 0.0622, 0.0848, 0.6093, 0.0914, 0.0294], [0.0538, 0.0552, 0.0599, 0.0785, 0.6312, 0.0441, 0.0772], [0.0202, 0.0302, 0.0507, 0.0393, 0.759, 0.0425, 0.058]], "emotions": ["red", "red", "red", "red", "red", "red", "red", "red", "red", "red", "red", "red", "red", "red", "red", "red", "red", "red", "red", "red", "red", "red", "red", "red", "red", "red", "red", "red", "red", "red", "red", "red", "red", "red", "red", "red", "red", "red", "red", "red", "red", "red", "red", "red", "red", "red", "red", "red", "red", "red", "red", "red", "red", "red", "red", "red", "red", "red", "red", "red", "red", "red", "red", "red", "red", "red", "red", "red", "red", "red", "red", "red", "red", "red", "red", "red", "red", "red", "red", "red"], "timestamps": [0, 40, 80, 120, 160, 200, 240, 280, 320, 360, 400, 440, 480, 520, 560, 600, 640, 680, 720, 760, 800, 840, 880, 920, 960, 1000, 1040, 1080, 1120, 1160, 1200, 1240, 1280, 1320, 1360, 1400, 1440, 1480, 1520, 1560, 1600, 1640, 1680, 1720, 1760, 1800, 1840, 1880, 1920, 1960, 2000, 2040, 2080, 2120, 2160, 2200, 2240, 2280, 2320, 2360, 2400, 2440, 2480, 2520, 2560, 2600, 2640, 2680, 2720, 2760, 2800, 2840, 2880, 2920, 2960, 3000, 3040, 3080, 3120, 3160]}], "conversation": [], "conversation_timestamps": []}