{"agent_id": "agent-orange-338", "type": "orange", "trips": [{"trip_id": 0, "transport_method": "car", "start_time": 0, "path": [[1.5830275, 42.5355315], [1.5820094, 42.535551], [1.5812355, 42.5349921], [1.580666, 42.5341369], [1.5804727, 42.5338383], [1.579558, 42.5333643], [1.5785888, 42.533016], [1.5775635, 42.5329004], [1.5765433, 42.5327404], [1.5769174, 42.5327832], [1.5778746, 42.5329481], [1.5768602, 42.5327546], [1.5758458, 42.5325611], [1.5748314, 42.5323675], [1.5752226, 42.5324737], [1.5759919, 42.5325615], [1.5750629, 42.5321106], [1.5741338, 42.5316596], [1.5732048, 42.5312086], [1.573438, 42.5316476], [1.5742153, 42.5322953], [1.5734901, 42.5315717], [1.57276, 42.5308414], [1.5721337, 42.5300266], [1.5713358, 42.5293815], [1.5705099, 42.5287616], [1.569684, 42.5281417], [1.5700972, 42.5283929], [1.5709493, 42.5289732], [1.5709624, 42.5291336], [1.5701029, 42.5285611], [1.5692435, 42.5279886], [1.568384, 42.5274161], [1.5675245, 42.5268436], [1.5683595, 42.5273115], [1.5690048, 42.5277456], [1.5681473, 42.5271702], [1.5672898, 42.5265948], [1.5664422, 42.5260054], [1.5655351, 42.5255191], [1.5645545, 42.5252372], [1.5636229, 42.5248331], [1.5626645, 42.5244627], [1.5619774, 42.5236983], [1.5611881, 42.5230359], [1.5603176, 42.5224889], [1.5595157, 42.521884], [1.5586855, 42.5212906], [1.5579274, 42.5205897], [1.5572026, 42.5198542], [1.5570161, 42.5195745], [1.5563185, 42.5188131], [1.5564823, 42.5189727], [1.5562247, 42.518915], [1.5554375, 42.5182466], [1.5550902, 42.5179527], [1.5548454, 42.5177983], [1.5540699, 42.5171163], [1.5539915, 42.5172139], [1.5544001, 42.5175219], [1.5537368, 42.5167304], [1.553343, 42.5157932], [1.5527849, 42.51493], [1.5527037, 42.5139142], [1.5519752, 42.5132561], [1.5511224, 42.5126899], [1.5503026, 42.5121013], [1.5493435, 42.5117288], [1.5483408, 42.511482], [1.5473391, 42.5112311], [1.546462, 42.5107563], [1.5462529, 42.5098173], [1.5461646, 42.5097758], [1.5452815, 42.5093543], [1.5442504, 42.5092978], [1.5432718, 42.5089929], [1.5422522, 42.5088934], [1.5412377, 42.5087399], [1.5404693, 42.508673], [1.53944, 42.5086767]], "mood_vectors": [[0.0181, 0.0589, 0.0688, 0.0609, 0.7045, 0.0704, 0.0183], [0.0578, 0.0577, 0.0295, 0.0573, 0.6894, 0.0711, 0.0372], [0.0742, 0.0598, 0.0254, 0.0616, 0.6632, 0.0378, 0.078], [0.0206, 0.0233, 0.0357, 0.0499, 0.7867, 0.0592, 0.0245], [0.0192, 0.0988, 0.0279, 0.0708, 0.7212, 0.0168, 0.0452], [0.0274, 0.0538, 0.0432, 0.0592, 0.7118, 0.048, 0.0566], [0.0195, 0.0551, 0.0448, 0.084, 0.7042, 0.053, 0.0394], [0.018, 0.013, 0.0269, 0.0768, 0.7392, 0.0798, 0.0462], [0.0712, 0.0228, 0.0587, 0.0236, 0.6941, 0.058, 0.0715], [0.0695, 0.0864, 0.0165, 0.0338, 0.7069, 0.0498, 0.0371], [0.0247, 0.0487, 0.055, 0.0707, 0.6998, 0.0516, 0.0495], [0.0389, 0.0777, 0.0635, 0.0777, 0.6, 0.0577, 0.0845], [0.042, 0.0162, 0.0451, 0.0734, 0.7813, 0.0307, 0.0113], [0.0428, 0.0732, 0.016, 0.0303, 0.7202, 0.031, 0.0865], [0.0157, 0.081, 0.0173, 0.0328, 0.7096, 0.071, 0.0726], [0.0834, 0.0258, 0.037, 0.0207, 0.6974, 0.0602, 0.0755], [0.0575, 0.0181, 0.0644, 0.0697, 0.6851, 0.026, 0.0792], [0.0678, 0.0705, 0.0656, 0.0562, 0.605, 0.0702, 0.0647], [0.0382, 0.0979, 0.0274, 0.0968, 0.669, 0.0236, 0.047], [0.0662, 0.0292, 0.0524, 0.0721, 0.6572, 0.0528, 0.0702], [0.0528, 0.0538, 0.0264, 0.0455, 0.7263, 0.0651, 0.03], [0.0778, 0.0545, 0.0916, 0.0133, 0.669, 0.0218, 0.0721], [0.0485, 0.0131, 0.062, 0.0857, 0.6386, 0.0787, 0.0735], [0.0198, 0.0614, 0.0272, 0.0922, 0.7265, 0.0282, 0.0448], [0.0702, 0.0692, 0.0253, 0.0594, 0.6539, 0.0655, 0.0565], [0.0121, 0.0357, 0.0379, 0.0653, 0.7557, 0.0462, 0.047], [0.0658, 0.085, 0.0342, 0.0353, 0.6168, 0.075, 0.0878], [0.0132, 0.0423, 0.0634, 0.0685, 0.689, 0.0714, 0.0522], [0.0544, 0.0253, 0.0507, 0.0691, 0.7181, 0.057, 0.0253], [0.0527, 0.0377, 0.0348, 0.0195, 0.7698, 0.0726, 0.0128], [0.0692, 0.0785, 0.0239, 0.0368, 0.6637, 0.0685, 0.0595], [0.0634, 0.0434, 0.057, 0.0719, 0.7225, 0.0185, 0.0233], [0.0442, 0.0588, 0.0327, 0.0553, 0.6833, 0.0731, 0.0527], [0.0764, 0.0549, 0.0669, 0.0289, 0.6655, 0.0668, 0.0406], [0.0745, 0.0438, 0.0735, 0.065, 0.6355, 0.0395, 0.0681], [0.0749, 0.0196, 0.0259, 0.0867, 0.7048, 0.0395, 0.0486], [0.0156, 0.0624, 0.0628, 0.0433, 0.7347, 0.0471, 0.0341], [0.0123, 0.0723, 0.0558, 0.0783, 0.6758, 0.057, 0.0484], [0.0774, 0.0594, 0.0647, 0.0363, 0.6028, 0.0739, 0.0854], [0.0317, 0.0465, 0.0535, 0.0708, 0.7061, 0.0398, 0.0517], [0.0648, 0.0597, 0.045, 0.0717, 0.6412, 0.0448, 0.0727], [0.0151, 0.0591, 0.0577, 0.054, 0.7544, 0.0467, 0.0129], [0.0548, 0.0347, 0.0331, 0.0347, 0.7293, 0.0644, 0.0489], [0.0188, 0.067, 0.0257, 0.0793, 0.6462, 0.0828, 0.0802], [0.0698, 0.0493, 0.0764, 0.0799, 0.6512, 0.0345, 0.0388], [0.0757, 0.039, 0.0213, 0.0229, 0.7636, 0.0616, 0.0158], [0.0846, 0.0728, 0.0736, 0.0637, 0.602, 0.0822, 0.0211], [0.0362, 0.0503, 0.0203, 0.0439, 0.7355, 0.0666, 0.0472], [0.0417, 0.0209, 0.0354, 0.0408, 0.773, 0.0384, 0.0499], [0.0355, 0.0702, 0.0539, 0.093, 0.6337, 0.0776, 0.0362], [0.0412, 0.0461, 0.0535, 0.083, 0.6704, 0.0702, 0.0357], [0.0641, 0.0281, 0.0646, 0.0334, 0.7359, 0.0513, 0.0227], [0.0576, 0.0666, 0.0307, 0.0317, 0.6769, 0.0818, 0.0547], [0.0216, 0.0218, 0.0658, 0.0558, 0.7528, 0.0253, 0.0569], [0.0552, 0.0788, 0.0534, 0.0458, 0.6543, 0.0435, 0.0691], [0.0655, 0.0188, 0.0751, 0.0781, 0.707, 0.0246, 0.0309], [0.0592, 0.0919, 0.0635, 0.0751, 0.5522, 0.0808, 0.0773], [0.0828, 0.0149, 0.0248, 0.0246, 0.7477, 0.0516, 0.0536], [0.0171, 0.0517, 0.0269, 0.0757, 0.7174, 0.0497, 0.0615], [0.037, 0.0405, 0.0567, 0.073, 0.7367, 0.0282, 0.0279], [0.0826, 0.0539, 0.0293, 0.068, 0.6024, 0.0881, 0.0758], [0.033, 0.0165, 0.0742, 0.0433, 0.697, 0.07, 0.0661], [0.0652, 0.0737, 0.0847, 0.0386, 0.6044, 0.0494, 0.0839], [0.0427, 0.0835, 0.0174, 0.0836, 0.7167, 0.0242, 0.0318], [0.0589, 0.0156, 0.0584, 0.0253, 0.7462, 0.0383, 0.0572], [0.077, 0.0535, 0.0683, 0.0315, 0.6566, 0.0875, 0.0256], [0.0593, 0.0749, 0.0555, 0.0293, 0.6946, 0.0667, 0.0198], [0.0544, 0.0441, 0.0444, 0.0485, 0.7244, 0.0225, 0.0617], [0.0598, 0.0162, 0.0209, 0.0462, 0.7577, 0.0525, 0.0469], [0.0382, 0.0863, 0.0645, 0.0642, 0.6713, 0.0491, 0.0263], [0.0907, 0.0338, 0.0239, 0.0878, 0.6431, 0.0865, 0.0342], [0.0675, 0.039, 0.0643, 0.0448, 0.6962, 0.0313, 0.0568], [0.0227, 0.0411, 0.0609, 0.0551, 0.7574, 0.0499, 0.0128], [0.0928, 0.0708, 0.0633, 0.0362, 0.6296, 0.0731, 0.0343], [0.0668, 0.0703, 0.045, 0.0177, 0.662, 0.0661, 0.0721], [0.0824, 0.0242, 0.0152, 0.0185, 0.7255, 0.0659, 0.0683], [0.04, 0.0391, 0.05, 0.0693, 0.7541, 0.0294, 0.0181], [0.0738, 0.0799, 0.059, 0.0683, 0.6617, 0.0263, 0.031], [0.0647, 0.0697, 0.035, 0.0469, 0.658, 0.0587, 0.067], [0.0587, 0.065, 0.0327, 0.0663, 0.6776, 0.0737, 0.026]], "emotions": ["red", "red", "red", "red", "red", "red", "red", "red", "red", "red", "red", "red", "red", "red", "red", "red", "red", "red", "red", "red", "red", "red", "red", "red", "red", "red", "red", "red", "red", "red", "red", "red", "red", "red", "red", "red", "red", "red", "red", "red", "red", "red", "red", "red", "red", "red", "red", "red", "red", "red", "red", "red", "red", "red", "red", "red", "red", "red", "red", "red", "red", "red", "red", "red", "red", "red", "red", "red", "red", "red", "red", "red", "red", "red", "red", "red", "red", "red", "red", "red"], "timestamps": [0, 40, 80, 120, 160, 200, 240, 280, 320, 360, 400, 440, 480, 520, 560, 600, 640, 680, 720, 760, 800, 840, 880, 920, 960, 1000, 1040, 1080, 1120, 1160, 1200, 1240, 1280, 1320, 1360, 1400, 1440, 1480, 1520, 1560, 1600, 1640, 1680, 1720, 1760, 1800, 1840, 1880, 1920, 1960, 2000, 2040, 2080, 2120, 2160, 2200, 2240, 2280, 2320, 2360, 2400, 2440, 2480, 2520, 2560, 2600, 2640, 2680, 2720, 2760, 2800, 2840, 2880, 2920, 2960, 3000, 3040, 3080, 3120, 3160]}], "conversation": [], "conversation_timestamps": []}