{"agent_id": "agent-green-1302", "type": "green", "trips": [{"trip_id": 0, "transport_method": "foot", "start_time": 0, "path": [[1.5566997, 42.5193182], [1.5568919, 42.519542], [1.5570753, 42.5197223], [1.5572817, 42.5199353], [1.5574873, 42.5201491], [1.5576935, 42.5203623], [1.5579062, 42.5205691], [1.5581189, 42.5207758], [1.5583364, 42.5209775], [1.5585573, 42.5211755], [1.5587785, 42.5213731], [1.5590083, 42.5215607], [1.559238, 42.5217484], [1.5594881, 42.5219047], [1.5597531, 42.5220379], [1.5597196, 42.5220054], [1.5594604, 42.5218638], [1.5594691, 42.5219292], [1.5597055, 42.5221084], [1.5599418, 42.5222876], [1.560195, 42.5224376], [1.5604687, 42.5225521], [1.5607208, 42.5227055], [1.560963, 42.5228767], [1.5612052, 42.523048], [1.561446, 42.5232212], [1.5616749, 42.5234096], [1.5618911, 42.5236127], [1.5620837, 42.5238372], [1.5622669, 42.5240703], [1.5624659, 42.5242903], [1.5626906, 42.5244813], [1.5629537, 42.5246176], [1.5632307, 42.5247234], [1.5635165, 42.5248028], [1.5638011, 42.5248863], [1.5640475, 42.5250514], [1.5643064, 42.525187], [1.564597, 42.5252296], [1.5648852, 42.5252805], [1.5651669, 42.5253731], [1.5654433, 42.5254804], [1.5657167, 42.5255955], [1.5659817, 42.5257286], [1.5662451, 42.525865], [1.5664856, 42.526038], [1.5667225, 42.5262164], [1.5669558, 42.5263997], [1.567189, 42.5265829], [1.5674223, 42.5267662], [1.5676594, 42.5269444], [1.5679086, 42.5271046], [1.5681767, 42.5272311], [1.5684466, 42.527354], [1.5687132, 42.5274842], [1.5689428, 42.5276697], [1.5691779, 42.5278465], [1.569448, 42.5279693], [1.5696972, 42.5281299], [1.569945, 42.5282928], [1.5701929, 42.5284558], [1.5704407, 42.5286188], [1.5706886, 42.5287818], [1.5709298, 42.5289527], [1.5711344, 42.5291675], [1.5713391, 42.5293822], [1.571582, 42.5295517], [1.5718266, 42.5297165], [1.5720358, 42.5299267], [1.5722235, 42.5301546], [1.572386, 42.5304028], [1.5725527, 42.530648], [1.5727449, 42.5308733], [1.5729505, 42.5310871], [1.5731436, 42.5313123], [1.5733383, 42.531536], [1.5735468, 42.5317464], [1.5737714, 42.5319399], [1.5740195, 42.5321001], [1.5742171, 42.5322991]], "mood_vectors": [[0.0783, 0.0717, 0.0297, 0.0877, 0.0485, 0.0388, 0.6454], [0.0664, 0.038, 0.0675, 0.015, 0.0422, 0.0787, 0.6922], [0.0694, 0.0324, 0.0616, 0.0647, 0.0404, 0.088, 0.6435], [0.0513, 0.029, 0.0372, 0.0695, 0.0651, 0.0545, 0.6934], [0.0289, 0.0746, 0.0281, 0.087, 0.0487, 0.0321, 0.7008], [0.0135, 0.021, 0.0742, 0.0543, 0.019, 0.0168, 0.8013], [0.0163, 0.0673, 0.0283, 0.0636, 0.0604, 0.0764, 0.6877], [0.0301, 0.0168, 0.0569, 0.0568, 0.0182, 0.0347, 0.7866], [0.0446, 0.0479, 0.0577, 0.0424, 0.0451, 0.0632, 0.6991], [0.0149, 0.0149, 0.0713, 0.0344, 0.0648, 0.0983, 0.7014], [0.0221, 0.0883, 0.0873, 0.0361, 0.0794, 0.0193, 0.6675], [0.0722, 0.0383, 0.0328, 0.0317, 0.0527, 0.0335, 0.7389], [0.0621, 0.0196, 0.1013, 0.0625, 0.0352, 0.0548, 0.6645], [0.0934, 0.025, 0.0259, 0.0737, 0.0855, 0.0159, 0.6806], [0.0298, 0.0567, 0.0228, 0.0435, 0.064, 0.0572, 0.726], [0.0684, 0.1036, 0.0316, 0.0708, 0.0282, 0.0636, 0.6337], [0.0481, 0.073, 0.0377, 0.0338, 0.0456, 0.0792, 0.6827], [0.0402, 0.0386, 0.0624, 0.0612, 0.0586, 0.0453, 0.6937], [0.0334, 0.0665, 0.0439, 0.0175, 0.0313, 0.0236, 0.7837], [0.0421, 0.0166, 0.0429, 0.0479, 0.0569, 0.0522, 0.7414], [0.0391, 0.0721, 0.0173, 0.0228, 0.0971, 0.0253, 0.7264], [0.0374, 0.0554, 0.0495, 0.096, 0.096, 0.0316, 0.6341], [0.0465, 0.0723, 0.0338, 0.0242, 0.0217, 0.0301, 0.7713], [0.0386, 0.0383, 0.061, 0.0386, 0.081, 0.0538, 0.6887], [0.0223, 0.0848, 0.0238, 0.0419, 0.0574, 0.0749, 0.6947], [0.0226, 0.0362, 0.0534, 0.0433, 0.0203, 0.0927, 0.7315], [0.0201, 0.0244, 0.0361, 0.0428, 0.0305, 0.0295, 0.8167], [0.0401, 0.0463, 0.0247, 0.0223, 0.0415, 0.0605, 0.7646], [0.0351, 0.0368, 0.0991, 0.0643, 0.0164, 0.0278, 0.7205], [0.0567, 0.0827, 0.0782, 0.0365, 0.0505, 0.0801, 0.6152], [0.0122, 0.0592, 0.0781, 0.0564, 0.0798, 0.0813, 0.6331], [0.0721, 0.0148, 0.0257, 0.0414, 0.0488, 0.0704, 0.7268], [0.015, 0.0471, 0.0638, 0.0564, 0.0665, 0.0624, 0.6889], [0.0895, 0.0224, 0.0434, 0.0399, 0.0283, 0.0378, 0.7389], [0.0562, 0.0568, 0.0274, 0.0873, 0.0444, 0.0383, 0.6897], [0.0247, 0.0171, 0.0211, 0.0223, 0.0272, 0.0919, 0.7958], [0.034, 0.0191, 0.044, 0.0451, 0.0455, 0.0263, 0.786], [0.0819, 0.0774, 0.0648, 0.0416, 0.0824, 0.0171, 0.6347], [0.0516, 0.0806, 0.0636, 0.0326, 0.0272, 0.0264, 0.7181], [0.0739, 0.0715, 0.0368, 0.0161, 0.0178, 0.0657, 0.7182], [0.0517, 0.0246, 0.0775, 0.0232, 0.0303, 0.0176, 0.7752], [0.0507, 0.063, 0.0308, 0.085, 0.0253, 0.0562, 0.689], [0.0137, 0.0612, 0.0305, 0.0223, 0.015, 0.0744, 0.7829], [0.062, 0.0542, 0.0689, 0.0214, 0.0127, 0.0283, 0.7525], [0.0698, 0.0774, 0.0294, 0.0594, 0.0443, 0.0415, 0.6782], [0.0752, 0.0693, 0.0296, 0.0286, 0.0591, 0.0727, 0.6656], [0.0297, 0.0618, 0.0816, 0.0275, 0.0621, 0.0625, 0.6749], [0.0547, 0.0665, 0.069, 0.0315, 0.0594, 0.0615, 0.6573], [0.0638, 0.0744, 0.0538, 0.0568, 0.0115, 0.044, 0.6956], [0.0135, 0.044, 0.0665, 0.0179, 0.0469, 0.0565, 0.7546], [0.0248, 0.0298, 0.0242, 0.0561, 0.0573, 0.0356, 0.7723], [0.0212, 0.0347, 0.0111, 0.0735, 0.067, 0.0643, 0.7282], [0.0605, 0.0171, 0.0438, 0.0255, 0.0468, 0.0228, 0.7835], [0.0281, 0.0408, 0.016, 0.0326, 0.0619, 0.0486, 0.772], [0.076, 0.0533, 0.0564, 0.0695, 0.0557, 0.0489, 0.6402], [0.0605, 0.0647, 0.0318, 0.078, 0.0356, 0.0788, 0.6506], [0.0847, 0.026, 0.0816, 0.0416, 0.0713, 0.0276, 0.6673], [0.0737, 0.0524, 0.0747, 0.0563, 0.0547, 0.0746, 0.6135], [0.0611, 0.0368, 0.0352, 0.0646, 0.0334, 0.0841, 0.6847], [0.0186, 0.0314, 0.0882, 0.0594, 0.0455, 0.0321, 0.7248], [0.0563, 0.0412, 0.0231, 0.0272, 0.0118, 0.0658, 0.7746], [0.032, 0.0225, 0.0797, 0.0518, 0.0509, 0.0585, 0.7047], [0.0358, 0.0533, 0.0401, 0.0516, 0.057, 0.0371, 0.7252], [0.0767, 0.0472, 0.0143, 0.0186, 0.0851, 0.0606, 0.6975], [0.0656, 0.0329, 0.0615, 0.0801, 0.0637, 0.0382, 0.6581], [0.0343, 0.0771, 0.0536, 0.0875, 0.0134, 0.0331, 0.701], [0.082, 0.0825, 0.0777, 0.0622, 0.0813, 0.0264, 0.5878], [0.0572, 0.0641, 0.0397, 0.0346, 0.0855, 0.0358, 0.6831], [0.0686, 0.0381, 0.0746, 0.0452, 0.0363, 0.0363, 0.7009], [0.0181, 0.0379, 0.0842, 0.0732, 0.0166, 0.0461, 0.724], [0.0753, 0.0581, 0.0454, 0.0838, 0.0637, 0.0167, 0.6569], [0.0555, 0.0216, 0.0131, 0.0782, 0.0286, 0.032, 0.7711], [0.0545, 0.0543, 0.0573, 0.0463, 0.0567, 0.0205, 0.7104], [0.0363, 0.0263, 0.0812, 0.0672, 0.0908, 0.0367, 0.6614], [0.0581, 0.0454, 0.0722, 0.0831, 0.0354, 0.0228, 0.683], [0.063, 0.0175, 0.0847, 0.0648, 0.0529, 0.0389, 0.6782], [0.0227, 0.0815, 0.0474, 0.0704, 0.0695, 0.0204, 0.6881], [0.0595, 0.0752, 0.0246, 0.016, 0.0466, 0.0644, 0.7138], [0.0341, 0.0656, 0.0305, 0.0588, 0.0433, 0.0189, 0.7488], [0.0724, 0.0257, 0.0136, 0.0185, 0.0792, 0.0268, 0.7639]], "emotions": ["purple", "purple", "purple", "purple", "purple", "purple", "purple", "purple", "purple", "purple", "purple", "purple", "purple", "purple", "purple", "purple", "purple", "purple", "purple", "purple", "purple", "purple", "purple", "purple", "purple", "purple", "purple", "purple", "purple", "purple", "purple", "purple", "purple", "purple", "purple", "purple", "purple", "purple", "purple", "purple", "purple", "purple", "purple", "purple", "purple", "purple", "purple", "purple", "purple", "purple", "purple", "purple", "purple", "purple", "purple", "purple", "purple", "purple", "purple", "purple", "purple", "purple", "purple", "purple", "purple", "purple", "purple", "purple", "purple", "purple", "purple", "purple", "purple", "purple", "purple", "purple", "purple", "purple", "purple", "purple"], "timestamps": [0, 40, 80, 120, 160, 200, 240, 280, 320, 360, 400, 440, 480, 520, 560, 600, 640, 680, 720, 760, 800, 840, 880, 920, 960, 1000, 1040, 1080, 1120, 1160, 1200, 1240, 1280, 1320, 1360, 1400, 1440, 1480, 1520, 1560, 1600, 1640, 1680, 1720, 1760, 1800, 1840, 1880, 1920, 1960, 2000, 2040, 2080, 2120, 2160, 2200, 2240, 2280, 2320, 2360, 2400, 2440, 2480, 2520, 2560, 2600, 2640, 2680, 2720, 2760, 2800, 2840, 2880, 2920, 2960, 3000, 3040, 3080, 3120, 3160]}], "conversation": [], "conversation_timestamps": []}