{"agent_id": "agent-red-1431", "type": "red", "trips": [{"trip_id": 0, "transport_method": "bicycle", "start_time": 0, "path": [[1.541988, 42.5092533], [1.5418192, 42.509477], [1.5416195, 42.509683], [1.541428, 42.5098962], [1.5412213, 42.5100914], [1.5409905, 42.5102619], [1.5408011, 42.5100581], [1.5406473, 42.509832], [1.5403645, 42.5098444], [1.5402081, 42.5096941], [1.5399684, 42.5095812], [1.5396926, 42.509502], [1.5394085, 42.5094724], [1.5391219, 42.5094567], [1.5388354, 42.509441], [1.5385489, 42.5094253], [1.5382624, 42.5094096], [1.5379759, 42.5093939], [1.5378433, 42.5091835], [1.5377619, 42.5089083], [1.5375584, 42.5087832], [1.5372724, 42.5087592], [1.5369865, 42.5087352], [1.5367007, 42.5087102], [1.5364152, 42.5086813], [1.5361297, 42.5086524], [1.5358442, 42.5086235], [1.5355587, 42.5085946], [1.5352725, 42.5085746], [1.5349863, 42.5085534], [1.5347002, 42.5085323], [1.534414, 42.5085111], [1.5341304, 42.5085184], [1.5338469, 42.5084952], [1.5335625, 42.5084571], [1.5332781, 42.5084191], [1.5329937, 42.508381], [1.5327093, 42.5083429], [1.5324527, 42.5082799], [1.532342, 42.5080228], [1.5321748, 42.5077916], [1.531982, 42.5075792], [1.5318046, 42.5073536], [1.5319074, 42.5074442], [1.5319096, 42.5075486], [1.5316624, 42.507403], [1.5314151, 42.5072574], [1.5311679, 42.5071118], [1.5309091, 42.506989], [1.5306452, 42.5068763], [1.5304003, 42.5067294], [1.5301622, 42.5065694], [1.5299268, 42.5064053], [1.5296933, 42.5062385], [1.5294581, 42.5060741], [1.5292225, 42.5059103], [1.5289619, 42.5057997], [1.5286855, 42.5057224], [1.5284092, 42.5056452], [1.5281326, 42.5055689], [1.5278552, 42.5054954], [1.5275792, 42.505417], [1.5273156, 42.5053052], [1.5270455, 42.5052083], [1.5267714, 42.5051234], [1.5264926, 42.5050748], [1.526206, 42.5050898], [1.5259251, 42.5050443], [1.5256463, 42.5049764], [1.5253675, 42.5049086], [1.5250855, 42.5048636], [1.5247988, 42.5048538], [1.5245125, 42.5048368], [1.5242272, 42.5048057], [1.523948, 42.5047494], [1.5236672, 42.5046912], [1.5233858, 42.5046348], [1.5231217, 42.5045557], [1.5229416, 42.5045748], [1.5232236, 42.5045559]], "mood_vectors": [[0.7193, 0.029, 0.0612, 0.0399, 0.0682, 0.0314, 0.0511], [0.5975, 0.0694, 0.0847, 0.0283, 0.0729, 0.064, 0.0833], [0.7075, 0.0506, 0.051, 0.0159, 0.085, 0.0426, 0.0474], [0.6809, 0.0565, 0.0649, 0.0241, 0.072, 0.0397, 0.0619], [0.693, 0.0621, 0.0763, 0.0365, 0.0319, 0.0547, 0.0455], [0.7228, 0.0746, 0.0558, 0.0426, 0.0272, 0.0112, 0.0657], [0.7161, 0.0385, 0.0274, 0.0519, 0.0523, 0.0585, 0.0554], [0.7226, 0.0517, 0.0218, 0.0615, 0.0721, 0.0152, 0.055], [0.6771, 0.0186, 0.0484, 0.0812, 0.0348, 0.0609, 0.079], [0.7346, 0.0585, 0.0571, 0.0275, 0.0628, 0.0413, 0.0183], [0.6517, 0.0432, 0.0937, 0.0754, 0.055, 0.0565, 0.0245], [0.7279, 0.0325, 0.0338, 0.0701, 0.0135, 0.0839, 0.0383], [0.7726, 0.0312, 0.0231, 0.0753, 0.0166, 0.0595, 0.0217], [0.6319, 0.0877, 0.0537, 0.0642, 0.0798, 0.0386, 0.0441], [0.6186, 0.0516, 0.0891, 0.0627, 0.0474, 0.0436, 0.0871], [0.7835, 0.0576, 0.0315, 0.0185, 0.0378, 0.0165, 0.0547], [0.6798, 0.0417, 0.0336, 0.0984, 0.0836, 0.0257, 0.0372], [0.6701, 0.0429, 0.0778, 0.0617, 0.0382, 0.047, 0.0622], [0.7907, 0.0702, 0.044, 0.0146, 0.0334, 0.0247, 0.0224], [0.6809, 0.0343, 0.0839, 0.0449, 0.0496, 0.0315, 0.075], [0.7503, 0.0181, 0.0129, 0.0207, 0.0706, 0.0749, 0.0525], [0.7546, 0.0322, 0.0263, 0.0632, 0.0146, 0.0353, 0.0738], [0.6693, 0.0817, 0.0788, 0.0229, 0.0185, 0.0751, 0.0537], [0.7352, 0.0216, 0.0616, 0.0144, 0.052, 0.0322, 0.0829], [0.7007, 0.0224, 0.0694, 0.0449, 0.0613, 0.0849, 0.0165], [0.6725, 0.0797, 0.0796, 0.036, 0.0359, 0.03, 0.0664], [0.7457, 0.0315, 0.0437, 0.042, 0.0207, 0.0596, 0.0567], [0.7598, 0.0362, 0.0667, 0.0565, 0.0303, 0.0257, 0.0249], [0.7992, 0.0352, 0.0242, 0.0287, 0.0451, 0.0259, 0.0416], [0.634, 0.0414, 0.0464, 0.0711, 0.0704, 0.0739, 0.0628], [0.7265, 0.0673, 0.0225, 0.0363, 0.0677, 0.0413, 0.0385], [0.6421, 0.0297, 0.083, 0.0729, 0.0639, 0.0488, 0.0595], [0.7567, 0.06, 0.0122, 0.0713, 0.0247, 0.0445, 0.0306], [0.7683, 0.0179, 0.0501, 0.0245, 0.0524, 0.0545, 0.0323], [0.7529, 0.0354, 0.0417, 0.0544, 0.0523, 0.0144, 0.0489], [0.7464, 0.0244, 0.0753, 0.0504, 0.0328, 0.0307, 0.04], [0.7168, 0.0221, 0.077, 0.038, 0.0388, 0.0362, 0.0712], [0.6687, 0.0425, 0.0816, 0.0391, 0.0188, 0.0739, 0.0754], [0.7901, 0.0497, 0.0508, 0.0396, 0.0163, 0.0325, 0.021], [0.7383, 0.0181, 0.0346, 0.0471, 0.0301, 0.0419, 0.0899], [0.6733, 0.0581, 0.0508, 0.0441, 0.0651, 0.0283, 0.0803], [0.681, 0.0248, 0.0456, 0.075, 0.0474, 0.0708, 0.0554], [0.7288, 0.0371, 0.0308, 0.0943, 0.0575, 0.0268, 0.0247], [0.6934, 0.0479, 0.09, 0.0182, 0.0209, 0.0935, 0.036], [0.6848, 0.0443, 0.0596, 0.0788, 0.0297, 0.0387, 0.0642], [0.7347, 0.038, 0.0821, 0.0435, 0.0248, 0.0288, 0.048], [0.612, 0.0814, 0.0607, 0.0405, 0.0705, 0.0498, 0.0852], [0.6671, 0.0506, 0.0592, 0.0591, 0.0466, 0.0483, 0.0691], [0.7282, 0.0726, 0.0155, 0.0445, 0.0239, 0.0555, 0.0598], [0.7732, 0.0211, 0.0611, 0.0245, 0.0343, 0.0622, 0.0236], [0.5773, 0.0401, 0.0712, 0.0749, 0.092, 0.0547, 0.0898], [0.7569, 0.0244, 0.0188, 0.0658, 0.0571, 0.0506, 0.0265], [0.7387, 0.0341, 0.0142, 0.0488, 0.0708, 0.0246, 0.0688], [0.7862, 0.0353, 0.0179, 0.031, 0.0581, 0.0394, 0.032], [0.6353, 0.0459, 0.0711, 0.0636, 0.0557, 0.0574, 0.071], [0.7151, 0.0722, 0.0224, 0.0587, 0.0281, 0.0545, 0.049], [0.622, 0.0635, 0.0766, 0.0308, 0.0844, 0.0642, 0.0585], [0.6595, 0.1053, 0.041, 0.0956, 0.0477, 0.0328, 0.0181], [0.7045, 0.0345, 0.0266, 0.0702, 0.0306, 0.0747, 0.059], [0.817, 0.0329, 0.0149, 0.0504, 0.0157, 0.0393, 0.0298], [0.6523, 0.0351, 0.0355, 0.08, 0.0675, 0.0867, 0.0428], [0.7049, 0.0833, 0.0225, 0.0275, 0.0755, 0.0349, 0.0514], [0.7255, 0.0304, 0.0224, 0.0573, 0.0461, 0.0499, 0.0685], [0.7711, 0.0326, 0.0477, 0.0175, 0.0693, 0.0279, 0.0338], [0.7281, 0.0471, 0.0385, 0.0236, 0.0737, 0.0706, 0.0185], [0.6339, 0.0566, 0.0808, 0.0408, 0.0505, 0.0724, 0.065], [0.7032, 0.0811, 0.0171, 0.0791, 0.0205, 0.0385, 0.0605], [0.7372, 0.0404, 0.0408, 0.0261, 0.0442, 0.0224, 0.0889], [0.6524, 0.0672, 0.0874, 0.0206, 0.077, 0.0743, 0.021], [0.6875, 0.0708, 0.0186, 0.083, 0.0782, 0.0402, 0.0217], [0.6947, 0.0636, 0.0487, 0.0578, 0.0427, 0.0653, 0.0272], [0.7149, 0.0553, 0.0318, 0.0593, 0.0259, 0.0862, 0.0267], [0.7129, 0.0637, 0.0539, 0.0414, 0.0395, 0.0138, 0.0749], [0.6717, 0.0767, 0.018, 0.0645, 0.0641, 0.0648, 0.0401], [0.7319, 0.0511, 0.0402, 0.0178, 0.0405, 0.0487, 0.0698], [0.767, 0.0268, 0.0515, 0.0421, 0.0654, 0.0274, 0.0198], [0.6532, 0.0289, 0.0529, 0.0948, 0.0453, 0.0732, 0.0517], [0.7158, 0.0575, 0.0444, 0.0671, 0.027, 0.0352, 0.0531], [0.5935, 0.0764, 0.0869, 0.0887, 0.0177, 0.0641, 0.0727], [0.7192, 0.0454, 0.0342, 0.036, 0.068, 0.0454, 0.0517]], "emotions": ["red", "red", "red", "red", "red", "red", "red", "red", "red", "red", "red", "red", "red", "red", "red", "red", "red", "red", "red", "red", "red", "red", "red", "red", "red", "red", "red", "red", "red", "red", "red", "red", "red", "red", "red", "red", "red", "red", "red", "red", "red", "red", "red", "red", "red", "red", "red", "red", "red", "red", "red", "red", "red", "red", "red", "red", "red", "red", "red", "red", "red", "red", "red", "red", "red", "red", "red", "red", "red", "red", "red", "red", "red", "red", "red", "red", "red", "red", "red", "red"], "timestamps": [0, 40, 80, 120, 160, 200, 240, 280, 320, 360, 400, 440, 480, 520, 560, 600, 640, 680, 720, 760, 800, 840, 880, 920, 960, 1000, 1040, 1080, 1120, 1160, 1200, 1240, 1280, 1320, 1360, 1400, 1440, 1480, 1520, 1560, 1600, 1640, 1680, 1720, 1760, 1800, 1840, 1880, 1920, 1960, 2000, 2040, 2080, 2120, 2160, 2200, 2240, 2280, 2320, 2360, 2400, 2440, 2480, 2520, 2560, 2600, 2640, 2680, 2720, 2760, 2800, 2840, 2880, 2920, 2960, 3000, 3040, 3080, 3120, 3160]}], "conversation": [], "conversation_timestamps": []}