{"agent_id": "agent-blue-1685", "type": "blue", "trips": [{"trip_id": 0, "transport_method": "foot", "start_time": 0, "path": [[1.651078, 42.5808765], [1.6534833, 42.5797196], [1.6534606, 42.5793663], [1.6510284, 42.5791933], [1.6485899, 42.5797636], [1.6479424, 42.5800337], [1.645266, 42.579785], [1.6425255, 42.5795098], [1.6398164, 42.5791811], [1.6371473, 42.5788418], [1.6351492, 42.5783202], [1.6366027, 42.5787179], [1.6339142, 42.5781225], [1.631188, 42.5784963], [1.6285975, 42.577747], [1.6260613, 42.5771326], [1.6269362, 42.5778122], [1.6249137, 42.5763782], [1.6223006, 42.5755461], [1.6199404, 42.5742759], [1.6174486, 42.5732346], [1.6149661, 42.5724622], [1.612267, 42.572008], [1.609647, 42.5715029], [1.6070042, 42.5708342], [1.6051681, 42.5702402], [1.6035877, 42.5683359], [1.6011774, 42.567058], [1.6011288, 42.5666943], [1.5998549, 42.5660206], [1.5978099, 42.5644068], [1.5951473, 42.5640757], [1.5933397, 42.5621873], [1.5937429, 42.5598357], [1.5925117, 42.5577244], [1.5915131, 42.5556592], [1.5905385, 42.5535431], [1.5917252, 42.5512338], [1.5923561, 42.5486044], [1.5914754, 42.5461706], [1.5917262, 42.5435441], [1.5923801, 42.5410676], [1.5917595, 42.5384734], [1.5895092, 42.5370194], [1.5877661, 42.5350633], [1.5872022, 42.5347255], [1.5856229, 42.533674], [1.5836711, 42.5321605], [1.5810142, 42.5317272], [1.578258, 42.5317963], [1.5755244, 42.5314599], [1.5733376, 42.529883], [1.5748269, 42.5312643], [1.5727601, 42.5294506], [1.5703352, 42.5286304], [1.5708585, 42.5288935], [1.5696277, 42.5282445], [1.5676523, 42.5269392], [1.568238, 42.5272311], [1.5659423, 42.5257082], [1.5633887, 42.5247673], [1.5612671, 42.5230918], [1.5590206, 42.5215708], [1.557035, 42.5196657], [1.5564288, 42.5189075], [1.5554872, 42.518103], [1.5538686, 42.5169393], [1.553783, 42.5167856], [1.5527121, 42.5143235], [1.550924, 42.5124918], [1.5483988, 42.5114955], [1.5462593, 42.510197], [1.5449894, 42.5093327], [1.5422994, 42.5088932], [1.5398641, 42.5099165], [1.5372655, 42.5100245], [1.5345225, 42.5099202], [1.5318794, 42.5097779], [1.5292707, 42.5089704], [1.5268975, 42.5081124]], "mood_vectors": [[0.0653, 0.0312, 0.0631, 0.7053, 0.0325, 0.0437, 0.0588], [0.0756, 0.0427, 0.0295, 0.7118, 0.0203, 0.0544, 0.0656], [0.0142, 0.0963, 0.0286, 0.6866, 0.0358, 0.0531, 0.0853], [0.0495, 0.0314, 0.0651, 0.649, 0.0848, 0.0653, 0.055], [0.0525, 0.0339, 0.0717, 0.6625, 0.0531, 0.0677, 0.0585], [0.0237, 0.0817, 0.0351, 0.6983, 0.0726, 0.0557, 0.0329], [0.018, 0.0715, 0.0619, 0.7091, 0.0368, 0.0441, 0.0586], [0.0387, 0.0642, 0.0662, 0.7108, 0.0399, 0.064, 0.0162], [0.0837, 0.0337, 0.0495, 0.7245, 0.0188, 0.0578, 0.0321], [0.0837, 0.0747, 0.0459, 0.6714, 0.0153, 0.0344, 0.0747], [0.0248, 0.074, 0.0626, 0.7112, 0.0583, 0.0484, 0.0207], [0.04, 0.0309, 0.0677, 0.6809, 0.0591, 0.0551, 0.0664], [0.013, 0.0468, 0.0726, 0.6622, 0.0693, 0.0684, 0.0676], [0.0683, 0.0759, 0.0471, 0.6869, 0.0503, 0.0222, 0.0493], [0.0296, 0.0352, 0.0854, 0.6609, 0.0765, 0.0861, 0.0264], [0.037, 0.0265, 0.0806, 0.6668, 0.0603, 0.0527, 0.0761], [0.0246, 0.0616, 0.0795, 0.7225, 0.0448, 0.0425, 0.0246], [0.0612, 0.0118, 0.0608, 0.6995, 0.0641, 0.0705, 0.0321], [0.0319, 0.0877, 0.029, 0.7553, 0.019, 0.0238, 0.0533], [0.0679, 0.028, 0.0998, 0.7354, 0.0333, 0.0157, 0.0199], [0.0625, 0.014, 0.0556, 0.7543, 0.0139, 0.0768, 0.023], [0.0153, 0.054, 0.028, 0.7441, 0.0433, 0.0601, 0.0553], [0.0316, 0.0341, 0.0375, 0.7394, 0.0335, 0.0592, 0.0647], [0.0533, 0.0457, 0.0598, 0.6945, 0.0611, 0.0344, 0.0511], [0.0244, 0.0882, 0.0377, 0.6936, 0.0223, 0.0603, 0.0736], [0.0342, 0.0744, 0.0596, 0.6537, 0.0834, 0.0729, 0.0218], [0.0446, 0.0488, 0.0359, 0.6917, 0.0582, 0.0399, 0.0809], [0.0438, 0.0454, 0.012, 0.7424, 0.0605, 0.0588, 0.0371], [0.0647, 0.0661, 0.0129, 0.7237, 0.0685, 0.037, 0.0271], [0.0773, 0.0465, 0.0149, 0.6609, 0.0764, 0.1006, 0.0234], [0.0747, 0.0502, 0.0905, 0.6229, 0.0449, 0.0747, 0.0422], [0.0271, 0.0313, 0.05, 0.7091, 0.0577, 0.0435, 0.0812], [0.0618, 0.0404, 0.0502, 0.7142, 0.081, 0.0312, 0.0212], [0.0157, 0.0924, 0.0786, 0.663, 0.047, 0.0625, 0.0408], [0.0272, 0.0571, 0.0695, 0.6716, 0.0768, 0.0687, 0.0292], [0.035, 0.0237, 0.0488, 0.7123, 0.0379, 0.0738, 0.0684], [0.0638, 0.0282, 0.0637, 0.628, 0.0653, 0.0647, 0.0863], [0.0134, 0.0276, 0.0247, 0.7506, 0.0581, 0.0831, 0.0426], [0.0801, 0.0564, 0.0817, 0.6137, 0.0371, 0.0751, 0.056], [0.0758, 0.0394, 0.0749, 0.7037, 0.0552, 0.0381, 0.0129], [0.0623, 0.0399, 0.0514, 0.7042, 0.0181, 0.0356, 0.0886], [0.0755, 0.0671, 0.0373, 0.6718, 0.0333, 0.0766, 0.0383], [0.064, 0.049, 0.0741, 0.6616, 0.0794, 0.0301, 0.0418], [0.0305, 0.0199, 0.0831, 0.7408, 0.0317, 0.0219, 0.0721], [0.0693, 0.022, 0.0171, 0.749, 0.0604, 0.0184, 0.0639], [0.0799, 0.0668, 0.0457, 0.6385, 0.0443, 0.0285, 0.0962], [0.0598, 0.0235, 0.0253, 0.7676, 0.0534, 0.0514, 0.019], [0.019, 0.0583, 0.0584, 0.7188, 0.0267, 0.0739, 0.0449], [0.0484, 0.0645, 0.0782, 0.6485, 0.0475, 0.0535, 0.0595], [0.0769, 0.0205, 0.0502, 0.72, 0.0272, 0.0727, 0.0325], [0.051, 0.0225, 0.0165, 0.816, 0.0219, 0.0378, 0.0343], [0.0496, 0.019, 0.0306, 0.7748, 0.0462, 0.0457, 0.0341], [0.0533, 0.0483, 0.0376, 0.6937, 0.0687, 0.0289, 0.0696], [0.0518, 0.0444, 0.0229, 0.7044, 0.0467, 0.0384, 0.0913], [0.023, 0.0201, 0.0696, 0.7108, 0.0741, 0.0722, 0.0301], [0.0536, 0.0185, 0.0523, 0.7336, 0.0284, 0.051, 0.0627], [0.0395, 0.0307, 0.0363, 0.6865, 0.071, 0.0698, 0.0661], [0.0642, 0.0197, 0.069, 0.6583, 0.0693, 0.0528, 0.0666], [0.0292, 0.0223, 0.0789, 0.7183, 0.0217, 0.0595, 0.0702], [0.0348, 0.0153, 0.0564, 0.758, 0.0494, 0.033, 0.0531], [0.0266, 0.0581, 0.0702, 0.7179, 0.0154, 0.0807, 0.0311], [0.014, 0.0543, 0.018, 0.7368, 0.0741, 0.065, 0.0378], [0.0229, 0.0458, 0.0442, 0.7659, 0.0567, 0.0382, 0.0262], [0.0745, 0.0403, 0.0649, 0.6913, 0.0357, 0.0269, 0.0663], [0.0786, 0.056, 0.0517, 0.6601, 0.0651, 0.0517, 0.0367], [0.0231, 0.041, 0.0773, 0.7319, 0.0547, 0.0548, 0.0171], [0.0159, 0.0478, 0.0258, 0.7235, 0.0585, 0.0448, 0.0836], [0.0485, 0.0526, 0.059, 0.7571, 0.0241, 0.0281, 0.0308], [0.0424, 0.0623, 0.0193, 0.734, 0.0383, 0.0485, 0.0552], [0.0598, 0.0226, 0.0639, 0.693, 0.0698, 0.0253, 0.0657], [0.0636, 0.083, 0.037, 0.6988, 0.0588, 0.0212, 0.0376], [0.0662, 0.0511, 0.0433, 0.7265, 0.0174, 0.0715, 0.024], [0.0346, 0.0509, 0.0584, 0.6895, 0.0693, 0.0796, 0.0176], [0.0483, 0.0185, 0.0338, 0.8058, 0.0447, 0.0325, 0.0164], [0.0152, 0.0333, 0.015, 0.7725, 0.0495, 0.0819, 0.0327], [0.0732, 0.0839, 0.0765, 0.6205, 0.0534, 0.0297, 0.0627], [0.0709, 0.0321, 0.015, 0.7377, 0.0492, 0.0346, 0.0604], [0.0809, 0.0241, 0.0589, 0.6841, 0.0444, 0.0832, 0.0243], [0.0728, 0.032, 0.0343, 0.7008, 0.0285, 0.0946, 0.0371], [0.0719, 0.0581, 0.0141, 0.6962, 0.0655, 0.0438, 0.0503]], "emotions": ["green", "green", "green", "green", "green", "green", "green", "green", "green", "green", "green", "green", "green", "green", "green", "green", "green", "green", "green", "green", "green", "green", "green", "green", "green", "green", "green", "green", "green", "green", "green", "green", "green", "green", "green", "green", "green", "green", "green", "green", "green", "green", "green", "green", "green", "green", "green", "green", "green", "green", "green", "green", "green", "green", "green", "green", "green", "green", "green", "green", "green", "green", "green", "green", "green", "green", "green", "green", "green", "green", "green", "green", "green", "green", "green", "green", "green", "green", "green", "green"], "timestamps": [0, 40, 80, 120, 160, 200, 240, 280, 320, 360, 400, 440, 480, 520, 560, 600, 640, 680, 720, 760, 800, 840, 880, 920, 960, 1000, 1040, 1080, 1120, 1160, 1200, 1240, 1280, 1320, 1360, 1400, 1440, 1480, 1520, 1560, 1600, 1640, 1680, 1720, 1760, 1800, 1840, 1880, 1920, 1960, 2000, 2040, 2080, 2120, 2160, 2200, 2240, 2280, 2320, 2360, 2400, 2440, 2480, 2520, 2560, 2600, 2640, 2680, 2720, 2760, 2800, 2840, 2880, 2920, 2960, 3000, 3040, 3080, 3120, 3160]}], "conversation": [], "conversation_timestamps": []}