{"agent_id": "agent-green-1657", "type": "green", "trips": [{"trip_id": 0, "transport_method": "bicycle", "start_time": 0, "path": [[1.5319214, 42.5058608], [1.5321111, 42.5068015], [1.5332456, 42.5075866], [1.5340948, 42.5085508], [1.533966, 42.5095923], [1.5331613, 42.510633], [1.5322307, 42.5116815], [1.5310131, 42.5123821], [1.5297288, 42.5129616], [1.5284379, 42.5135266], [1.5271567, 42.514113], [1.5259319, 42.5148035], [1.5249387, 42.5157963], [1.5243149, 42.5170538], [1.5240397, 42.5184316], [1.5238359, 42.519825], [1.5233298, 42.5211314], [1.5222649, 42.5220319], [1.5216183, 42.5232598], [1.5207771, 42.5243855], [1.5207864, 42.525737], [1.5205785, 42.5270934], [1.5210434, 42.528359], [1.5219984, 42.5292961], [1.5212625, 42.5304176], [1.5208896, 42.5315644], [1.5213072, 42.5328374], [1.520922, 42.5339086], [1.5218995, 42.5347859], [1.5227979, 42.5358574], [1.5238577, 42.5366109], [1.5249823, 42.5369382], [1.5245894, 42.5375699], [1.5233085, 42.5380897], [1.5231503, 42.5394322], [1.5235007, 42.5407572], [1.5230199, 42.5414264], [1.5229458, 42.5427773], [1.5234992, 42.5440625], [1.5241289, 42.5453071], [1.5247323, 42.5465304], [1.5248523, 42.5478882], [1.5255, 42.5490965], [1.5262295, 42.5503022], [1.5263991, 42.550653], [1.5256598, 42.5494575], [1.5256546, 42.5497334], [1.5260771, 42.5510778], [1.5266272, 42.5523359], [1.5272931, 42.5535202], [1.5281325, 42.5545658], [1.5291087, 42.555511], [1.5298778, 42.5566084], [1.5311305, 42.5572117], [1.5318051, 42.5580983], [1.5312354, 42.5591592], [1.5305095, 42.5603631], [1.5293396, 42.5610323], [1.5283196, 42.5619114], [1.5274451, 42.5628936], [1.5264714, 42.5635097], [1.5253635, 42.5643338], [1.5243439, 42.5652966], [1.523579, 42.5664737], [1.5228732, 42.5676599], [1.5217201, 42.568439], [1.5210807, 42.5696287], [1.5207789, 42.5709899], [1.5197775, 42.5719659], [1.5187956, 42.5729167], [1.5184686, 42.5740611], [1.5181663, 42.575262], [1.5185159, 42.5764018], [1.5173647, 42.5771756], [1.518243, 42.5781744], [1.5189216, 42.5793285], [1.51932, 42.5806393], [1.5190976, 42.5820002], [1.5190953, 42.5822264], [1.5177529, 42.5824393]], "mood_vectors": [[0.0142, 0.0468, 0.0333, 0.0474, 0.0533, 0.0803, 0.7246], [0.0743, 0.0592, 0.0152, 0.0575, 0.0324, 0.0551, 0.7064], [0.0591, 0.0385, 0.0214, 0.0914, 0.0736, 0.0468, 0.6692], [0.0554, 0.0674, 0.0299, 0.0162, 0.0793, 0.0537, 0.6981], [0.0705, 0.0679, 0.0545, 0.0284, 0.0299, 0.0445, 0.7044], [0.0206, 0.1048, 0.0723, 0.0334, 0.0586, 0.0159, 0.6944], [0.0617, 0.0821, 0.0497, 0.0216, 0.0685, 0.0545, 0.6618], [0.061, 0.0681, 0.0216, 0.0524, 0.0681, 0.0247, 0.7041], [0.0573, 0.0234, 0.0419, 0.0307, 0.0516, 0.0451, 0.7499], [0.0608, 0.0669, 0.0726, 0.0277, 0.041, 0.0882, 0.6427], [0.0136, 0.0347, 0.0474, 0.0419, 0.0361, 0.0769, 0.7495], [0.0335, 0.0633, 0.0351, 0.0664, 0.0327, 0.0299, 0.7391], [0.057, 0.0165, 0.0576, 0.0757, 0.0354, 0.0558, 0.7018], [0.0676, 0.0743, 0.0426, 0.0193, 0.0275, 0.0354, 0.7334], [0.0288, 0.0266, 0.0761, 0.0249, 0.0637, 0.1053, 0.6746], [0.0621, 0.0302, 0.0473, 0.0699, 0.0809, 0.0718, 0.6379], [0.0135, 0.083, 0.0224, 0.0779, 0.022, 0.0415, 0.7397], [0.0503, 0.0573, 0.025, 0.0203, 0.0182, 0.0973, 0.7317], [0.0799, 0.0229, 0.0611, 0.0371, 0.0597, 0.0227, 0.7167], [0.0138, 0.0708, 0.0556, 0.03, 0.0642, 0.0487, 0.7169], [0.0671, 0.0223, 0.0268, 0.0691, 0.0694, 0.0564, 0.6889], [0.015, 0.0423, 0.057, 0.0626, 0.0589, 0.0736, 0.6906], [0.0474, 0.0718, 0.0878, 0.052, 0.0188, 0.0508, 0.6714], [0.0283, 0.0535, 0.0754, 0.0969, 0.0767, 0.0309, 0.6382], [0.0872, 0.0743, 0.0196, 0.0791, 0.0558, 0.0281, 0.656], [0.0484, 0.0275, 0.0329, 0.0458, 0.0257, 0.03, 0.7898], [0.0532, 0.0386, 0.0322, 0.053, 0.0498, 0.0583, 0.715], [0.0331, 0.0342, 0.0731, 0.0881, 0.0484, 0.0848, 0.6384], [0.0263, 0.0508, 0.0533, 0.0198, 0.1042, 0.0608, 0.6847], [0.0316, 0.0467, 0.0503, 0.0705, 0.038, 0.043, 0.72], [0.0328, 0.0639, 0.0332, 0.0247, 0.0324, 0.0716, 0.7415], [0.0436, 0.0151, 0.0314, 0.0138, 0.0579, 0.0595, 0.7787], [0.0886, 0.0176, 0.0511, 0.0322, 0.0622, 0.0432, 0.7052], [0.0464, 0.0423, 0.0916, 0.0219, 0.0958, 0.0239, 0.6781], [0.0288, 0.0315, 0.0787, 0.0837, 0.0421, 0.0846, 0.6506], [0.0487, 0.0666, 0.0201, 0.0268, 0.0649, 0.0151, 0.7578], [0.0467, 0.0405, 0.0524, 0.0149, 0.0399, 0.0302, 0.7754], [0.0202, 0.0174, 0.065, 0.0316, 0.0437, 0.0446, 0.7776], [0.0236, 0.0619, 0.0706, 0.0453, 0.0287, 0.0539, 0.716], [0.06, 0.0665, 0.0125, 0.0735, 0.0719, 0.0434, 0.6722], [0.0479, 0.0409, 0.0218, 0.0914, 0.0678, 0.0485, 0.6817], [0.0213, 0.0496, 0.0205, 0.0664, 0.0354, 0.0661, 0.7407], [0.0459, 0.0684, 0.0643, 0.071, 0.0239, 0.0366, 0.6899], [0.0734, 0.0295, 0.0779, 0.0317, 0.0622, 0.0562, 0.669], [0.057, 0.0532, 0.0698, 0.0491, 0.0791, 0.0345, 0.6573], [0.0402, 0.0555, 0.0347, 0.0158, 0.0583, 0.0465, 0.7488], [0.0799, 0.0642, 0.0813, 0.0577, 0.0124, 0.0547, 0.6498], [0.0565, 0.0477, 0.0383, 0.0318, 0.0536, 0.0404, 0.7317], [0.0537, 0.0367, 0.0611, 0.0762, 0.0789, 0.0169, 0.6765], [0.0564, 0.0549, 0.0594, 0.0301, 0.0418, 0.0429, 0.7145], [0.037, 0.0674, 0.0232, 0.052, 0.0798, 0.0356, 0.705], [0.061, 0.0202, 0.0216, 0.0248, 0.0164, 0.0406, 0.8154], [0.0748, 0.0234, 0.0516, 0.0691, 0.0617, 0.0211, 0.6983], [0.0516, 0.0696, 0.0248, 0.0534, 0.0717, 0.0114, 0.7175], [0.0659, 0.0362, 0.0642, 0.015, 0.067, 0.0815, 0.6702], [0.0215, 0.0704, 0.0477, 0.0267, 0.0533, 0.0774, 0.703], [0.0442, 0.0817, 0.0206, 0.0726, 0.0537, 0.0595, 0.6677], [0.0717, 0.0127, 0.0795, 0.0146, 0.0523, 0.0435, 0.7257], [0.0397, 0.0453, 0.0163, 0.0738, 0.0472, 0.0285, 0.7491], [0.0502, 0.0342, 0.0866, 0.0823, 0.0652, 0.0308, 0.6507], [0.0784, 0.06, 0.0344, 0.0394, 0.0627, 0.0151, 0.71], [0.0248, 0.0399, 0.025, 0.0583, 0.0155, 0.0245, 0.8119], [0.0203, 0.0504, 0.0507, 0.0299, 0.0273, 0.0923, 0.7292], [0.0519, 0.0158, 0.0574, 0.0866, 0.0844, 0.0299, 0.6739], [0.0281, 0.077, 0.0675, 0.0585, 0.074, 0.0725, 0.6224], [0.0766, 0.0249, 0.0205, 0.0226, 0.0412, 0.0634, 0.7509], [0.0448, 0.0592, 0.0608, 0.0447, 0.055, 0.0343, 0.7012], [0.031, 0.073, 0.0311, 0.0551, 0.0385, 0.0844, 0.6869], [0.0838, 0.0475, 0.0444, 0.0852, 0.0263, 0.0546, 0.6582], [0.0276, 0.0132, 0.0189, 0.0424, 0.0683, 0.0631, 0.7665], [0.0656, 0.0286, 0.0466, 0.0185, 0.0285, 0.0447, 0.7675], [0.046, 0.0184, 0.0292, 0.0502, 0.0486, 0.0629, 0.7446], [0.025, 0.0377, 0.0775, 0.0443, 0.0491, 0.0925, 0.6739], [0.0576, 0.0386, 0.0585, 0.0543, 0.0141, 0.0618, 0.7151], [0.0662, 0.0521, 0.0335, 0.0763, 0.056, 0.0419, 0.6739], [0.0891, 0.0457, 0.0346, 0.0459, 0.0181, 0.0621, 0.7046], [0.0549, 0.0434, 0.0228, 0.0362, 0.063, 0.0465, 0.7331], [0.0607, 0.0679, 0.0661, 0.0519, 0.0674, 0.0368, 0.6493], [0.0881, 0.0546, 0.0445, 0.0377, 0.0676, 0.0279, 0.6795], [0.0153, 0.066, 0.0794, 0.086, 0.0414, 0.0904, 0.6214]], "emotions": ["purple", "purple", "purple", "purple", "purple", "purple", "purple", "purple", "purple", "purple", "purple", "purple", "purple", "purple", "purple", "purple", "purple", "purple", "purple", "purple", "purple", "purple", "purple", "purple", "purple", "purple", "purple", "purple", "purple", "purple", "purple", "purple", "purple", "purple", "purple", "purple", "purple", "purple", "purple", "purple", "purple", "purple", "purple", "purple", "purple", "purple", "purple", "purple", "purple", "purple", "purple", "purple", "purple", "purple", "purple", "purple", "purple", "purple", "purple", "purple", "purple", "purple", "purple", "purple", "purple", "purple", "purple", "purple", "purple", "purple", "purple", "purple", "purple", "purple", "purple", "purple", "purple", "purple", "purple", "purple"], "timestamps": [0, 40, 80, 120, 160, 200, 240, 280, 320, 360, 400, 440, 480, 520, 560, 600, 640, 680, 720, 760, 800, 840, 880, 920, 960, 1000, 1040, 1080, 1120, 1160, 1200, 1240, 1280, 1320, 1360, 1400, 1440, 1480, 1520, 1560, 1600, 1640, 1680, 1720, 1760, 1800, 1840, 1880, 1920, 1960, 2000, 2040, 2080, 2120, 2160, 2200, 2240, 2280, 2320, 2360, 2400, 2440, 2480, 2520, 2560, 2600, 2640, 2680, 2720, 2760, 2800, 2840, 2880, 2920, 2960, 3000, 3040, 3080, 3120, 3160]}], "conversation": [], "conversation_timestamps": []}