{"agent_id": "agent-blue-500", "type": "blue", "trips": [{"trip_id": 0, "transport_method": "foot", "start_time": 0, "path": [[1.5270769, 42.506642], [1.5270957, 42.5066297], [1.5278107, 42.5073021], [1.5281967, 42.5082933], [1.5283759, 42.5089375], [1.5291069, 42.509891], [1.5295108, 42.5109998], [1.5306399, 42.5117402], [1.5305696, 42.5128766], [1.5304038, 42.5142013], [1.5294038, 42.5151755], [1.5283555, 42.5160944], [1.527125, 42.516805], [1.5266491, 42.5170744], [1.5279005, 42.5164803], [1.5287808, 42.5158585], [1.5275893, 42.5166328], [1.5263979, 42.517407], [1.5252064, 42.5181812], [1.5252173, 42.5181419], [1.5262519, 42.5173311], [1.5250961, 42.5181576], [1.5239439, 42.5189808], [1.5236844, 42.520371], [1.5229411, 42.5215572], [1.52191, 42.5225022], [1.5212337, 42.5237261], [1.5206227, 42.5249749], [1.5204826, 42.5263793], [1.5200262, 42.5276237], [1.5206595, 42.5288623], [1.5199479, 42.5299978], [1.519748, 42.5311752], [1.5196985, 42.5325137], [1.5194884, 42.5338819], [1.5204127, 42.534938], [1.5211272, 42.535862], [1.520209, 42.5368813], [1.5196354, 42.5381779], [1.5193415, 42.5395594], [1.5193558, 42.5409111], [1.5182164, 42.5416434], [1.5189608, 42.5413317], [1.5180552, 42.5417343], [1.5172031, 42.5428245], [1.5162617, 42.543855], [1.5152983, 42.5448863], [1.5145935, 42.5459979], [1.5136508, 42.547008], [1.5132124, 42.5482909], [1.512278, 42.5492463], [1.5112893, 42.5502606], [1.5101165, 42.5510527], [1.5090161, 42.5519372], [1.5091594, 42.5518187], [1.5081229, 42.5526833], [1.5070858, 42.5536545], [1.506621, 42.5548997], [1.5058975, 42.5561072], [1.5049736, 42.5571753], [1.5047981, 42.5585561], [1.5037163, 42.5594344], [1.5024804, 42.5600219], [1.501339, 42.5608667], [1.5000202, 42.5613156], [1.4989573, 42.5616323], [1.4975474, 42.5614754], [1.496253, 42.5617689], [1.4952144, 42.5627114], [1.4940839, 42.5635269], [1.4927412, 42.5639708], [1.4917429, 42.564969], [1.4907396, 42.565969], [1.489824, 42.5670485], [1.4888543, 42.568076], [1.4887103, 42.5685336], [1.4884411, 42.5687015], [1.4876187, 42.5698552], [1.4865136, 42.5707393], [1.4873736, 42.570122]], "mood_vectors": [[0.0162, 0.0152, 0.0782, 0.7154, 0.0377, 0.0655, 0.0717], [0.02, 0.0653, 0.0755, 0.696, 0.053, 0.0553, 0.0349], [0.0513, 0.0325, 0.0253, 0.7205, 0.0731, 0.054, 0.0434], [0.0381, 0.0118, 0.0577, 0.7653, 0.0188, 0.0545, 0.0537], [0.0406, 0.0303, 0.0761, 0.7853, 0.0168, 0.0385, 0.0122], [0.0173, 0.0667, 0.0712, 0.724, 0.02, 0.0412, 0.0595], [0.0395, 0.0632, 0.0623, 0.6823, 0.0301, 0.0678, 0.0547], [0.091, 0.0719, 0.0799, 0.6291, 0.0926, 0.0169, 0.0186], [0.0623, 0.032, 0.0302, 0.6905, 0.0698, 0.053, 0.0622], [0.0636, 0.0223, 0.0364, 0.8126, 0.0175, 0.0264, 0.0212], [0.0524, 0.0202, 0.0288, 0.7462, 0.0441, 0.0277, 0.0806], [0.056, 0.0279, 0.0683, 0.7294, 0.0289, 0.0733, 0.0162], [0.0151, 0.0604, 0.0755, 0.6782, 0.0648, 0.0602, 0.0458], [0.0715, 0.0788, 0.0701, 0.5841, 0.0407, 0.083, 0.0717], [0.0353, 0.0428, 0.0627, 0.6622, 0.069, 0.0671, 0.0609], [0.0434, 0.0329, 0.0797, 0.7355, 0.0409, 0.0526, 0.0151], [0.07, 0.0667, 0.054, 0.6488, 0.0471, 0.0607, 0.0527], [0.0408, 0.0644, 0.0172, 0.7496, 0.0374, 0.0739, 0.0167], [0.0162, 0.0731, 0.0167, 0.7395, 0.0631, 0.0506, 0.0408], [0.0871, 0.0893, 0.0197, 0.6261, 0.0639, 0.0879, 0.026], [0.0783, 0.0469, 0.0656, 0.7057, 0.0458, 0.0337, 0.024], [0.0281, 0.0544, 0.0566, 0.674, 0.0713, 0.057, 0.0587], [0.0839, 0.0712, 0.0376, 0.6577, 0.0413, 0.0506, 0.0578], [0.039, 0.0781, 0.0497, 0.6672, 0.0939, 0.0562, 0.016], [0.0605, 0.02, 0.0566, 0.7327, 0.073, 0.0298, 0.0274], [0.0741, 0.0562, 0.0405, 0.6926, 0.0314, 0.07, 0.0352], [0.0447, 0.0984, 0.0257, 0.6773, 0.093, 0.0262, 0.0346], [0.0171, 0.0836, 0.1131, 0.7078, 0.0295, 0.0263, 0.0226], [0.0613, 0.06, 0.0407, 0.7104, 0.0431, 0.0363, 0.0482], [0.0952, 0.0375, 0.0166, 0.7514, 0.0376, 0.0377, 0.024], [0.0353, 0.0537, 0.0466, 0.6831, 0.0651, 0.0409, 0.0753], [0.0867, 0.0282, 0.0378, 0.6913, 0.0553, 0.0625, 0.0382], [0.0629, 0.0476, 0.0223, 0.7487, 0.0244, 0.06, 0.0341], [0.0503, 0.0247, 0.0685, 0.6939, 0.0423, 0.0589, 0.0614], [0.0725, 0.0127, 0.0741, 0.7027, 0.0139, 0.0537, 0.0704], [0.0254, 0.0458, 0.0815, 0.6993, 0.0276, 0.0431, 0.0773], [0.0418, 0.0744, 0.0467, 0.6661, 0.0811, 0.0186, 0.0713], [0.0674, 0.035, 0.0522, 0.6737, 0.0721, 0.0356, 0.064], [0.0352, 0.0444, 0.0374, 0.7349, 0.0402, 0.0655, 0.0425], [0.0538, 0.0844, 0.0171, 0.6814, 0.0946, 0.0529, 0.0158], [0.0771, 0.0892, 0.084, 0.6148, 0.0491, 0.0378, 0.0479], [0.0544, 0.0216, 0.0253, 0.7624, 0.0389, 0.0802, 0.0173], [0.0698, 0.0339, 0.0246, 0.7422, 0.0284, 0.0784, 0.0227], [0.0241, 0.0243, 0.0752, 0.6675, 0.071, 0.0866, 0.0513], [0.0651, 0.0322, 0.0428, 0.7296, 0.0721, 0.0357, 0.0226], [0.0461, 0.0524, 0.0515, 0.734, 0.0445, 0.0127, 0.0589], [0.0463, 0.0517, 0.0206, 0.7724, 0.0157, 0.0374, 0.056], [0.034, 0.0947, 0.0324, 0.6992, 0.0914, 0.033, 0.0153], [0.0514, 0.0525, 0.0528, 0.6985, 0.0562, 0.0359, 0.0528], [0.0395, 0.0727, 0.0392, 0.7372, 0.034, 0.0116, 0.0658], [0.0513, 0.0609, 0.0483, 0.7063, 0.0343, 0.0788, 0.02], [0.0191, 0.0798, 0.0647, 0.6975, 0.0451, 0.0329, 0.061], [0.065, 0.0876, 0.0536, 0.6501, 0.0308, 0.0574, 0.0554], [0.0224, 0.0624, 0.079, 0.7453, 0.0405, 0.0234, 0.0271], [0.0361, 0.0739, 0.0735, 0.6791, 0.0232, 0.0403, 0.0738], [0.0482, 0.0626, 0.0439, 0.6795, 0.0388, 0.0595, 0.0676], [0.0698, 0.0615, 0.0692, 0.641, 0.0575, 0.0486, 0.0524], [0.0184, 0.0826, 0.0427, 0.7011, 0.0391, 0.0346, 0.0814], [0.0701, 0.0486, 0.0198, 0.6858, 0.0732, 0.038, 0.0646], [0.0717, 0.0742, 0.0655, 0.6858, 0.0292, 0.0398, 0.0339], [0.0683, 0.0191, 0.0471, 0.7729, 0.0152, 0.0472, 0.03], [0.0618, 0.0203, 0.0439, 0.7448, 0.0357, 0.0684, 0.0251], [0.0266, 0.0683, 0.0718, 0.6763, 0.0205, 0.0734, 0.0631], [0.0339, 0.0786, 0.0716, 0.7215, 0.0202, 0.0163, 0.0579], [0.029, 0.0927, 0.0744, 0.6713, 0.0524, 0.0206, 0.0596], [0.0318, 0.0666, 0.0521, 0.7317, 0.0315, 0.0233, 0.0631], [0.056, 0.0675, 0.0124, 0.7572, 0.0393, 0.0507, 0.017], [0.0891, 0.0235, 0.0365, 0.7244, 0.0487, 0.0292, 0.0486], [0.0181, 0.0342, 0.0646, 0.7177, 0.0704, 0.0351, 0.0599], [0.0641, 0.0576, 0.0719, 0.6769, 0.0521, 0.0328, 0.0446], [0.0712, 0.0549, 0.0461, 0.6382, 0.0458, 0.0666, 0.0772], [0.044, 0.0438, 0.0351, 0.702, 0.0791, 0.0409, 0.055], [0.0365, 0.0253, 0.0149, 0.7691, 0.0265, 0.0793, 0.0484], [0.0795, 0.0912, 0.0205, 0.6853, 0.0167, 0.03, 0.0768], [0.0293, 0.0209, 0.0663, 0.795, 0.0413, 0.0308, 0.0163], [0.0769, 0.0285, 0.0909, 0.6382, 0.0512, 0.0697, 0.0447], [0.0139, 0.0232, 0.0162, 0.7531, 0.0873, 0.087, 0.0193], [0.0707, 0.0174, 0.0609, 0.716, 0.0768, 0.0155, 0.0426], [0.0484, 0.0692, 0.0625, 0.6357, 0.0801, 0.0319, 0.0723], [0.0295, 0.0341, 0.0516, 0.774, 0.034, 0.0282, 0.0486]], "emotions": ["green", "green", "green", "green", "green", "green", "green", "green", "green", "green", "green", "green", "green", "green", "green", "green", "green", "green", "green", "green", "green", "green", "green", "green", "green", "green", "green", "green", "green", "green", "green", "green", "green", "green", "green", "green", "green", "green", "green", "green", "green", "green", "green", "green", "green", "green", "green", "green", "green", "green", "green", "green", "green", "green", "green", "green", "green", "green", "green", "green", "green", "green", "green", "green", "green", "green", "green", "green", "green", "green", "green", "green", "green", "green", "green", "green", "green", "green", "green", "green"], "timestamps": [0, 40, 80, 120, 160, 200, 240, 280, 320, 360, 400, 440, 480, 520, 560, 600, 640, 680, 720, 760, 800, 840, 880, 920, 960, 1000, 1040, 1080, 1120, 1160, 1200, 1240, 1280, 1320, 1360, 1400, 1440, 1480, 1520, 1560, 1600, 1640, 1680, 1720, 1760, 1800, 1840, 1880, 1920, 1960, 2000, 2040, 2080, 2120, 2160, 2200, 2240, 2280, 2320, 2360, 2400, 2440, 2480, 2520, 2560, 2600, 2640, 2680, 2720, 2760, 2800, 2840, 2880, 2920, 2960, 3000, 3040, 3080, 3120, 3160]}], "conversation": [], "conversation_timestamps": []}