{"agent_id": "agent-purple-1869", "type": "purple", "trips": [{"trip_id": 0, "transport_method": "foot", "start_time": 0, "path": [[1.5832103, 42.5339377], [1.5824176, 42.533592], [1.5812134, 42.5334117], [1.5800104, 42.5330395], [1.5787596, 42.5330045], [1.5775062, 42.5328914], [1.5762602, 42.532696], [1.5774278, 42.5328516], [1.5771444, 42.5328088], [1.5759056, 42.5325725], [1.5746668, 42.5323361], [1.5756092, 42.5325595], [1.5754301, 42.5322888], [1.5742956, 42.5317381], [1.5731611, 42.5311874], [1.5736438, 42.5318329], [1.5738628, 42.5319446], [1.5729712, 42.5310526], [1.5721761, 42.5300823], [1.5712094, 42.5292866], [1.5702008, 42.5285295], [1.5697482, 42.5281634], [1.5708019, 42.5288564], [1.5709298, 42.5291118], [1.5698802, 42.5284127], [1.5688306, 42.5277136], [1.567781, 42.5270144], [1.5682868, 42.5272787], [1.5688814, 42.5276628], [1.5678341, 42.5269601], [1.5667869, 42.5262574], [1.5657182, 42.5255962], [1.5645254, 42.5252326], [1.5633744, 42.5247633], [1.5623169, 42.5241256], [1.561446, 42.5232212], [1.5603999, 42.5225233], [1.5593835, 42.5218418], [1.5584118, 42.521045], [1.5575057, 42.5201684], [1.5568675, 42.5195214], [1.5563047, 42.5187981], [1.5566265, 42.5191749], [1.5558609, 42.5186061], [1.555396, 42.5180685], [1.5549195, 42.5178634], [1.5539724, 42.5170306], [1.5542411, 42.5174703], [1.5540232, 42.5170722], [1.5534097, 42.5159998], [1.5527803, 42.5149201], [1.5526158, 42.5137065], [1.5515579, 42.5130458], [1.5505906, 42.5122541], [1.5494481, 42.5117555], [1.5482235, 42.5114546], [1.5470024, 42.5111401], [1.5463012, 42.5102337], [1.5461963, 42.5100005], [1.54528, 42.5093542], [1.5440305, 42.5092372], [1.5428185, 42.5089252], [1.5416475, 42.5091063], [1.5405077, 42.509533], [1.5394049, 42.5101072], [1.5382635, 42.5100521], [1.5370031, 42.5100329], [1.5357547, 42.5099278], [1.5344957, 42.5099191], [1.5333081, 42.5100221], [1.5320778, 42.5098431], [1.5308934, 42.509411], [1.5296988, 42.5090891], [1.5284867, 42.5087965], [1.5273137, 42.508362], [1.5260622, 42.5082442], [1.524853, 42.5079035], [1.5236063, 42.5077957], [1.5224069, 42.5075328], [1.5223067, 42.5075415]], "mood_vectors": [[0.0654, 0.0317, 0.0381, 0.0756, 0.0523, 0.6727, 0.0642], [0.0232, 0.038, 0.0593, 0.0177, 0.0758, 0.7219, 0.0641], [0.0401, 0.0932, 0.0766, 0.0615, 0.0494, 0.6337, 0.0456], [0.0941, 0.026, 0.0164, 0.075, 0.0214, 0.6635, 0.1037], [0.0337, 0.0487, 0.0818, 0.0631, 0.0618, 0.6227, 0.0883], [0.048, 0.0621, 0.0531, 0.0119, 0.0479, 0.7397, 0.0372], [0.0361, 0.0585, 0.0827, 0.088, 0.0349, 0.6719, 0.0279], [0.0827, 0.079, 0.0503, 0.0569, 0.0443, 0.6321, 0.0547], [0.0463, 0.0696, 0.0626, 0.0472, 0.0388, 0.6797, 0.0557], [0.0569, 0.0141, 0.0644, 0.0127, 0.0334, 0.749, 0.0696], [0.0741, 0.0342, 0.0184, 0.0824, 0.0787, 0.6664, 0.0458], [0.0442, 0.0626, 0.0431, 0.032, 0.0456, 0.7507, 0.0218], [0.045, 0.0317, 0.0621, 0.0282, 0.0832, 0.7262, 0.0235], [0.0598, 0.0711, 0.0396, 0.0138, 0.0448, 0.75, 0.0208], [0.0836, 0.0458, 0.0484, 0.0716, 0.0481, 0.624, 0.0786], [0.0512, 0.0904, 0.0695, 0.0282, 0.0752, 0.6376, 0.0478], [0.0511, 0.0467, 0.082, 0.0343, 0.0874, 0.6291, 0.0694], [0.0422, 0.0161, 0.0406, 0.0534, 0.0556, 0.7221, 0.07], [0.0168, 0.0373, 0.0162, 0.0501, 0.0641, 0.7645, 0.0509], [0.0288, 0.0543, 0.0737, 0.0918, 0.0613, 0.6764, 0.0136], [0.0401, 0.0642, 0.0801, 0.0191, 0.0148, 0.7462, 0.0355], [0.0351, 0.0437, 0.0568, 0.0448, 0.0597, 0.7191, 0.0407], [0.053, 0.0251, 0.0569, 0.0265, 0.0586, 0.7081, 0.0718], [0.0506, 0.0283, 0.0735, 0.0221, 0.0136, 0.7717, 0.0401], [0.064, 0.0167, 0.0345, 0.0572, 0.0183, 0.7296, 0.0796], [0.037, 0.091, 0.0792, 0.0456, 0.0673, 0.6522, 0.0277], [0.0252, 0.0637, 0.0689, 0.0697, 0.0474, 0.65, 0.075], [0.0483, 0.0468, 0.0922, 0.0893, 0.0138, 0.66, 0.0495], [0.0751, 0.0177, 0.0169, 0.0637, 0.0185, 0.7503, 0.0578], [0.0149, 0.0239, 0.0606, 0.0741, 0.0446, 0.7044, 0.0776], [0.0176, 0.0508, 0.077, 0.0403, 0.074, 0.6802, 0.0602], [0.019, 0.0165, 0.0609, 0.0776, 0.0845, 0.7185, 0.0231], [0.0572, 0.0578, 0.0684, 0.0448, 0.0228, 0.6934, 0.0554], [0.068, 0.0331, 0.089, 0.0167, 0.0185, 0.7126, 0.0622], [0.0518, 0.0677, 0.0776, 0.0848, 0.0434, 0.6356, 0.0391], [0.0805, 0.0196, 0.0658, 0.0473, 0.0638, 0.6421, 0.081], [0.0363, 0.0235, 0.0763, 0.0483, 0.0352, 0.7609, 0.0196], [0.0294, 0.0236, 0.0227, 0.0553, 0.0738, 0.7525, 0.0427], [0.0167, 0.0561, 0.0206, 0.0846, 0.0741, 0.7198, 0.0282], [0.0665, 0.055, 0.0533, 0.0555, 0.085, 0.6135, 0.0712], [0.0486, 0.0229, 0.063, 0.037, 0.076, 0.7064, 0.046], [0.0296, 0.0669, 0.0153, 0.041, 0.0419, 0.7264, 0.0789], [0.038, 0.065, 0.0575, 0.0876, 0.0637, 0.6696, 0.0187], [0.0578, 0.0649, 0.0484, 0.0201, 0.0651, 0.7269, 0.0167], [0.0552, 0.0517, 0.0562, 0.0711, 0.0388, 0.6888, 0.0383], [0.0643, 0.0225, 0.0298, 0.0439, 0.0463, 0.7578, 0.0354], [0.0652, 0.0565, 0.0628, 0.0329, 0.0175, 0.7053, 0.0598], [0.0248, 0.0414, 0.0382, 0.0559, 0.0203, 0.746, 0.0734], [0.0674, 0.0474, 0.0502, 0.0642, 0.0201, 0.6867, 0.0639], [0.0607, 0.0437, 0.0651, 0.0268, 0.0566, 0.7273, 0.0198], [0.0573, 0.0419, 0.0629, 0.0259, 0.016, 0.712, 0.084], [0.0597, 0.0328, 0.0236, 0.0776, 0.023, 0.7206, 0.0627], [0.0207, 0.07, 0.0806, 0.0652, 0.0588, 0.6457, 0.059], [0.0531, 0.0763, 0.0207, 0.0228, 0.0588, 0.7038, 0.0645], [0.0151, 0.0671, 0.0811, 0.0402, 0.0731, 0.6412, 0.0823], [0.0709, 0.0629, 0.0358, 0.014, 0.0586, 0.7229, 0.0349], [0.061, 0.0209, 0.0666, 0.0565, 0.0574, 0.69, 0.0476], [0.0295, 0.0218, 0.0694, 0.0533, 0.0669, 0.6864, 0.0726], [0.0654, 0.0734, 0.0231, 0.0149, 0.0589, 0.6912, 0.073], [0.0632, 0.0371, 0.0549, 0.0417, 0.0588, 0.7145, 0.0298], [0.072, 0.0462, 0.0623, 0.0152, 0.0796, 0.6926, 0.0323], [0.0267, 0.0232, 0.0144, 0.0346, 0.0406, 0.806, 0.0544], [0.0201, 0.0574, 0.0403, 0.0409, 0.0599, 0.7644, 0.017], [0.0593, 0.0691, 0.0534, 0.0514, 0.0594, 0.6313, 0.076], [0.0581, 0.0221, 0.0248, 0.1001, 0.0492, 0.7069, 0.0388], [0.074, 0.0497, 0.0709, 0.0577, 0.0138, 0.7097, 0.0243], [0.0174, 0.0581, 0.0181, 0.0315, 0.0238, 0.8117, 0.0394], [0.0773, 0.0265, 0.0335, 0.0865, 0.014, 0.7012, 0.0611], [0.0624, 0.0741, 0.019, 0.0454, 0.0617, 0.7136, 0.0238], [0.0369, 0.049, 0.0372, 0.0303, 0.0333, 0.7219, 0.0915], [0.027, 0.0846, 0.0809, 0.0838, 0.021, 0.6166, 0.0861], [0.0181, 0.0582, 0.0392, 0.0822, 0.0837, 0.7007, 0.0179], [0.0472, 0.0739, 0.014, 0.015, 0.0549, 0.7254, 0.0696], [0.038, 0.0693, 0.0315, 0.0325, 0.0742, 0.6987, 0.0559], [0.0132, 0.0612, 0.0145, 0.085, 0.0221, 0.7779, 0.026], [0.0691, 0.0569, 0.0158, 0.0541, 0.0744, 0.6822, 0.0475], [0.0608, 0.0222, 0.0747, 0.0785, 0.0739, 0.6547, 0.0353], [0.0333, 0.0528, 0.0131, 0.0307, 0.0758, 0.7784, 0.0158], [0.0244, 0.0611, 0.0358, 0.0778, 0.0681, 0.6514, 0.0814], [0.0257, 0.0645, 0.0362, 0.0568, 0.0849, 0.6667, 0.0652]], "emotions": ["purple", "purple", "purple", "purple", "purple", "purple", "purple", "purple", "purple", "purple", "purple", "purple", "purple", "purple", "purple", "purple", "purple", "purple", "purple", "purple", "purple", "purple", "purple", "purple", "purple", "purple", "purple", "purple", "purple", "purple", "purple", "purple", "purple", "purple", "purple", "purple", "purple", "purple", "purple", "purple", "purple", "purple", "purple", "purple", "purple", "purple", "purple", "purple", "purple", "purple", "purple", "purple", "purple", "purple", "purple", "purple", "purple", "purple", "purple", "purple", "purple", "purple", "purple", "purple", "purple", "purple", "purple", "purple", "purple", "purple", "purple", "purple", "purple", "purple", "purple", "purple", "purple", "purple", "purple", "purple"], "timestamps": [0, 40, 80, 120, 160, 200, 240, 280, 320, 360, 400, 440, 480, 520, 560, 600, 640, 680, 720, 760, 800, 840, 880, 920, 960, 1000, 1040, 1080, 1120, 1160, 1200, 1240, 1280, 1320, 1360, 1400, 1440, 1480, 1520, 1560, 1600, 1640, 1680, 1720, 1760, 1800, 1840, 1880, 1920, 1960, 2000, 2040, 2080, 2120, 2160, 2200, 2240, 2280, 2320, 2360, 2400, 2440, 2480, 2520, 2560, 2600, 2640, 2680, 2720, 2760, 2800, 2840, 2880, 2920, 2960, 3000, 3040, 3080, 3120, 3160]}], "conversation": [], "conversation_timestamps": []}