{"agent_id": "agent-purple-459", "type": "purple", "trips": [{"trip_id": 0, "transport_method": "foot", "start_time": 0, "path": [[1.5210071, 42.5070076], [1.5208127, 42.507187], [1.5205632, 42.507245], [1.5203495, 42.5073922], [1.5200857, 42.5074108], [1.5198222, 42.5074333], [1.5195933, 42.5073052], [1.5193638, 42.5071742], [1.5191244, 42.5070617], [1.5189347, 42.5068857], [1.5187329, 42.5067365], [1.5186701, 42.5067165], [1.5187994, 42.5067365], [1.5185817, 42.5065863], [1.518364, 42.5064361], [1.5181463, 42.5062859], [1.5179287, 42.5061357], [1.5176848, 42.5060455], [1.5174239, 42.5060017], [1.5172131, 42.5059287], [1.5169554, 42.5058692], [1.516712, 42.5057685], [1.5164762, 42.5056488], [1.5162391, 42.5055316], [1.5159946, 42.5054311], [1.515745, 42.5053439], [1.5154938, 42.505261], [1.5153146, 42.5051066], [1.5151108, 42.5049415], [1.5149522, 42.5047393], [1.5148827, 42.5045706], [1.514934, 42.5047255], [1.5147753, 42.504514], [1.5146165, 42.5043025], [1.5144298, 42.5041158], [1.5142342, 42.5039379], [1.5140352, 42.5037637], [1.5138547, 42.5035753], [1.5136625, 42.503395], [1.513507, 42.5031813], [1.5133416, 42.5029804], [1.5131531, 42.5027973], [1.5129577, 42.5026198], [1.5127432, 42.5024652], [1.5125255, 42.5023152], [1.5123043, 42.5021701], [1.5120892, 42.5020169], [1.5118857, 42.501848], [1.5116627, 42.5017078], [1.5114355, 42.5015727], [1.5112099, 42.5014349], [1.5109772, 42.5013092], [1.5107337, 42.501207], [1.5104803, 42.5011318], [1.5102256, 42.5010605], [1.5099925, 42.5009431], [1.5097748, 42.5007929], [1.5095388, 42.5006743], [1.5093002, 42.5005604], [1.5090615, 42.5004464], [1.5088242, 42.5003296], [1.5085869, 42.5002128], [1.508347, 42.5001015], [1.5081059, 42.4999929], [1.5078945, 42.4998379], [1.5076548, 42.4997261], [1.507415, 42.4996144], [1.5071753, 42.4995026], [1.5069356, 42.4993909], [1.5066959, 42.4992792], [1.5065867, 42.499142], [1.5067669, 42.4989484], [1.5069471, 42.4987548], [1.5071273, 42.4985612], [1.5072737, 42.4983452], [1.5071841, 42.4981218], [1.5069485, 42.4980017], [1.5067129, 42.4978815], [1.5064754, 42.49795], [1.5062374, 42.4980653]], "mood_vectors": [[0.0206, 0.0437, 0.0482, 0.0403, 0.0338, 0.7533, 0.06], [0.0665, 0.0369, 0.0267, 0.0374, 0.0256, 0.7586, 0.0484], [0.046, 0.0371, 0.0481, 0.0753, 0.0535, 0.7079, 0.032], [0.0238, 0.0476, 0.0414, 0.0786, 0.0607, 0.7162, 0.0316], [0.0594, 0.063, 0.0179, 0.0443, 0.0255, 0.7342, 0.0557], [0.0864, 0.0169, 0.0545, 0.0508, 0.0724, 0.636, 0.0831], [0.0205, 0.0215, 0.0724, 0.0785, 0.0732, 0.7019, 0.032], [0.0177, 0.0349, 0.037, 0.0672, 0.0533, 0.7501, 0.0398], [0.0378, 0.0414, 0.0189, 0.0546, 0.0399, 0.7774, 0.03], [0.0663, 0.0475, 0.0592, 0.0215, 0.0721, 0.7101, 0.0234], [0.0659, 0.0681, 0.035, 0.0308, 0.0184, 0.7593, 0.0224], [0.0518, 0.0346, 0.0141, 0.0881, 0.0762, 0.6566, 0.0785], [0.0204, 0.0335, 0.0672, 0.0206, 0.0148, 0.7945, 0.049], [0.0834, 0.0398, 0.0299, 0.0487, 0.014, 0.7401, 0.0441], [0.0909, 0.0423, 0.0344, 0.0401, 0.0512, 0.6924, 0.0486], [0.0559, 0.0708, 0.0723, 0.0133, 0.0279, 0.7116, 0.0483], [0.0529, 0.0701, 0.0504, 0.0252, 0.0441, 0.6985, 0.0588], [0.0388, 0.0708, 0.0508, 0.0261, 0.0422, 0.7288, 0.0424], [0.0397, 0.0214, 0.0704, 0.061, 0.0335, 0.7396, 0.0343], [0.0469, 0.0597, 0.0771, 0.0235, 0.0187, 0.7221, 0.052], [0.0608, 0.0566, 0.0465, 0.0271, 0.0634, 0.683, 0.0626], [0.059, 0.0477, 0.0364, 0.0467, 0.0173, 0.7295, 0.0633], [0.0287, 0.0518, 0.0891, 0.0463, 0.0312, 0.6682, 0.0847], [0.0343, 0.0312, 0.0323, 0.0413, 0.0639, 0.7261, 0.071], [0.0935, 0.0869, 0.0263, 0.0617, 0.051, 0.6567, 0.0238], [0.0179, 0.0137, 0.0801, 0.0635, 0.0502, 0.7614, 0.0132], [0.0738, 0.0888, 0.0566, 0.0166, 0.0383, 0.6435, 0.0824], [0.0364, 0.0347, 0.0871, 0.0556, 0.0196, 0.7381, 0.0285], [0.0332, 0.0794, 0.0687, 0.0568, 0.0738, 0.6344, 0.0538], [0.0176, 0.0358, 0.0737, 0.0668, 0.0407, 0.7418, 0.0235], [0.0198, 0.0834, 0.0598, 0.0684, 0.0442, 0.6637, 0.0606], [0.0595, 0.0589, 0.0666, 0.0615, 0.0243, 0.7116, 0.0176], [0.0803, 0.0383, 0.0793, 0.0196, 0.0316, 0.6763, 0.0746], [0.015, 0.064, 0.0666, 0.052, 0.048, 0.6916, 0.0628], [0.0419, 0.0346, 0.0161, 0.0756, 0.0274, 0.7268, 0.0776], [0.0212, 0.0907, 0.0693, 0.0885, 0.0468, 0.6068, 0.0767], [0.0697, 0.0241, 0.0494, 0.0268, 0.0322, 0.7658, 0.0319], [0.0491, 0.0792, 0.0666, 0.0304, 0.076, 0.6786, 0.0201], [0.0657, 0.0179, 0.0829, 0.0513, 0.0927, 0.6708, 0.0188], [0.0181, 0.0658, 0.0502, 0.061, 0.0408, 0.7509, 0.0133], [0.0451, 0.0743, 0.0151, 0.0221, 0.0762, 0.7117, 0.0555], [0.067, 0.0711, 0.0518, 0.0111, 0.0349, 0.709, 0.055], [0.04, 0.0171, 0.0479, 0.0517, 0.0166, 0.7532, 0.0735], [0.0634, 0.0347, 0.033, 0.0355, 0.0187, 0.7875, 0.0272], [0.0329, 0.0271, 0.0814, 0.0375, 0.0779, 0.6575, 0.0858], [0.0307, 0.0752, 0.0366, 0.0245, 0.0459, 0.6995, 0.0877], [0.0517, 0.0646, 0.0538, 0.03, 0.0372, 0.7279, 0.0347], [0.0799, 0.0813, 0.0229, 0.0698, 0.031, 0.6593, 0.0558], [0.0369, 0.0816, 0.0257, 0.0398, 0.0529, 0.7249, 0.0384], [0.0617, 0.033, 0.0662, 0.0751, 0.037, 0.7123, 0.0148], [0.0448, 0.0502, 0.0776, 0.0668, 0.0309, 0.6673, 0.0625], [0.0387, 0.0232, 0.0353, 0.0265, 0.0337, 0.801, 0.0417], [0.0268, 0.0414, 0.0342, 0.0497, 0.0308, 0.7489, 0.0682], [0.0729, 0.0834, 0.0636, 0.0245, 0.0821, 0.6305, 0.0431], [0.0537, 0.074, 0.0609, 0.0185, 0.0433, 0.7154, 0.0342], [0.0931, 0.0613, 0.0334, 0.0424, 0.0664, 0.6842, 0.0191], [0.0485, 0.0538, 0.0924, 0.0423, 0.019, 0.6994, 0.0444], [0.0178, 0.0767, 0.0748, 0.076, 0.0587, 0.6323, 0.0636], [0.0557, 0.0474, 0.0393, 0.0219, 0.0143, 0.7479, 0.0735], [0.0802, 0.0809, 0.0189, 0.0592, 0.0812, 0.6213, 0.0585], [0.0276, 0.0618, 0.0708, 0.0981, 0.0424, 0.622, 0.0773], [0.0453, 0.063, 0.0786, 0.0439, 0.0532, 0.7013, 0.0147], [0.0537, 0.0665, 0.0319, 0.0553, 0.0422, 0.7038, 0.0466], [0.0424, 0.0457, 0.0542, 0.0736, 0.0233, 0.694, 0.0668], [0.0268, 0.0563, 0.0416, 0.0194, 0.1022, 0.6771, 0.0767], [0.0516, 0.0255, 0.0217, 0.0133, 0.0593, 0.7465, 0.0819], [0.0308, 0.0823, 0.081, 0.0447, 0.0805, 0.6424, 0.0383], [0.0668, 0.0955, 0.0337, 0.0496, 0.0462, 0.6138, 0.0944], [0.013, 0.0493, 0.0733, 0.0642, 0.0601, 0.6895, 0.0506], [0.0169, 0.0283, 0.0548, 0.0624, 0.0644, 0.7007, 0.0725], [0.0202, 0.0793, 0.077, 0.0233, 0.0234, 0.7462, 0.0308], [0.0363, 0.0733, 0.0479, 0.0366, 0.0123, 0.7613, 0.0324], [0.0496, 0.0217, 0.0153, 0.0813, 0.0547, 0.7045, 0.0729], [0.1008, 0.0275, 0.042, 0.0288, 0.0953, 0.6497, 0.056], [0.0566, 0.0697, 0.0539, 0.0193, 0.0653, 0.7066, 0.0286], [0.0777, 0.0564, 0.0699, 0.0539, 0.0165, 0.6496, 0.0761], [0.0859, 0.0242, 0.0267, 0.0322, 0.0827, 0.6627, 0.0855], [0.0145, 0.062, 0.0778, 0.0536, 0.0431, 0.6585, 0.0906], [0.0309, 0.0328, 0.0295, 0.0705, 0.0485, 0.742, 0.0459], [0.073, 0.1047, 0.0554, 0.0299, 0.0205, 0.637, 0.0795]], "emotions": ["purple", "purple", "purple", "purple", "purple", "purple", "purple", "purple", "purple", "purple", "purple", "purple", "purple", "purple", "purple", "purple", "purple", "purple", "purple", "purple", "purple", "purple", "purple", "purple", "purple", "purple", "purple", "purple", "purple", "purple", "purple", "purple", "purple", "purple", "purple", "purple", "purple", "purple", "purple", "purple", "purple", "purple", "purple", "purple", "purple", "purple", "purple", "purple", "purple", "purple", "purple", "purple", "purple", "purple", "purple", "purple", "purple", "purple", "purple", "purple", "purple", "purple", "purple", "purple", "purple", "purple", "purple", "purple", "purple", "purple", "purple", "purple", "purple", "purple", "purple", "purple", "purple", "purple", "purple", "purple"], "timestamps": [0, 40, 80, 120, 160, 200, 240, 280, 320, 360, 400, 440, 480, 520, 560, 600, 640, 680, 720, 760, 800, 840, 880, 920, 960, 1000, 1040, 1080, 1120, 1160, 1200, 1240, 1280, 1320, 1360, 1400, 1440, 1480, 1520, 1560, 1600, 1640, 1680, 1720, 1760, 1800, 1840, 1880, 1920, 1960, 2000, 2040, 2080, 2120, 2160, 2200, 2240, 2280, 2320, 2360, 2400, 2440, 2480, 2520, 2560, 2600, 2640, 2680, 2720, 2760, 2800, 2840, 2880, 2920, 2960, 3000, 3040, 3080, 3120, 3160]}], "conversation": [], "conversation_timestamps": []}