{"agent_id": "agent-green-112", "type": "green", "trips": [{"trip_id": 0, "transport_method": "foot", "start_time": 0, "path": [[1.5354891, 42.5121322], [1.5355325, 42.5123377], [1.5354793, 42.5125383], [1.5355707, 42.5126734], [1.5357747, 42.5126333], [1.5358112, 42.5126256], [1.535648, 42.512492], [1.5354848, 42.5123583], [1.5353215, 42.5122247], [1.5351583, 42.512091], [1.534995, 42.5119574], [1.5348318, 42.5118237], [1.5346685, 42.5116901], [1.5345053, 42.5115564], [1.534342, 42.5114228], [1.5341527, 42.511362], [1.533984, 42.511248], [1.533849, 42.5110863], [1.5337268, 42.5109145], [1.5335816, 42.5107621], [1.5334176, 42.5106294], [1.5332405, 42.5105162], [1.5330545, 42.5104168], [1.5328724, 42.5103138], [1.532704, 42.5101868], [1.5325355, 42.5100598], [1.532367, 42.5099328], [1.5321846, 42.509868], [1.5319831, 42.509813], [1.5317841, 42.5097431], [1.5315849, 42.5096739], [1.5313878, 42.5095986], [1.531191, 42.5095225], [1.5309935, 42.5094483], [1.5307954, 42.5093759], [1.5305964, 42.50937], [1.5303964, 42.50932], [1.5301971, 42.509251], [1.5299978, 42.5091818], [1.5297969, 42.5091175], [1.5295948, 42.5090572], [1.5293924, 42.5089979], [1.5291871, 42.5089504], [1.5289961, 42.5088893], [1.5287868, 42.5088675], [1.5285815, 42.5088189], [1.5283826, 42.5087525], [1.5281932, 42.5086596], [1.5279994, 42.5085763], [1.5278054, 42.5084934], [1.5276114, 42.5084104], [1.5274063, 42.508367], [1.5271955, 42.5083608], [1.5269846, 42.5083587], [1.5267737, 42.5083524], [1.5265634, 42.508336], [1.5263547, 42.5083056], [1.5261477, 42.508265], [1.5259414, 42.5082225], [1.5257337, 42.5081893], [1.5255393, 42.5081074], [1.5253379, 42.5080447], [1.5251372, 42.5079798], [1.5249336, 42.5079244], [1.5247294, 42.5078714], [1.5245313, 42.5078011], [1.5243276, 42.5077529], [1.5241402, 42.5077193], [1.5241009, 42.507513], [1.5241246, 42.5073079], [1.5240541, 42.5071415], [1.5238492, 42.507092], [1.5236462, 42.5070346], [1.5234431, 42.5069771], [1.5235611, 42.5068772], [1.5235329, 42.5068023], [1.5233271, 42.5067556], [1.523126, 42.5067192], [1.5229625, 42.5066921], [1.5227948, 42.5067252]], "mood_vectors": [[0.0361, 0.0834, 0.0703, 0.0162, 0.0883, 0.0507, 0.655], [0.0748, 0.0635, 0.0373, 0.0625, 0.0406, 0.0653, 0.6559], [0.0251, 0.0544, 0.0291, 0.0868, 0.0803, 0.039, 0.6853], [0.0537, 0.0607, 0.0715, 0.024, 0.0285, 0.0827, 0.679], [0.0377, 0.0603, 0.0262, 0.0466, 0.0471, 0.0504, 0.7318], [0.048, 0.0218, 0.0867, 0.0666, 0.0834, 0.0879, 0.6056], [0.0366, 0.0406, 0.08, 0.0307, 0.0686, 0.0227, 0.7208], [0.0532, 0.0588, 0.0756, 0.061, 0.065, 0.043, 0.6433], [0.0457, 0.0183, 0.0648, 0.0372, 0.0318, 0.072, 0.7302], [0.0792, 0.0446, 0.0251, 0.0303, 0.043, 0.0694, 0.7084], [0.0268, 0.0229, 0.0834, 0.0881, 0.0366, 0.0604, 0.6818], [0.0401, 0.0129, 0.0495, 0.0473, 0.0404, 0.021, 0.7888], [0.058, 0.0887, 0.0305, 0.0873, 0.0158, 0.0595, 0.6602], [0.0351, 0.052, 0.0551, 0.0247, 0.0347, 0.0137, 0.7847], [0.0652, 0.0251, 0.0547, 0.0401, 0.0827, 0.0187, 0.7135], [0.0601, 0.0757, 0.0335, 0.0649, 0.0266, 0.0413, 0.698], [0.0181, 0.0482, 0.0844, 0.0597, 0.0386, 0.0673, 0.6837], [0.0738, 0.0519, 0.027, 0.0285, 0.0571, 0.0573, 0.7044], [0.0942, 0.0316, 0.0184, 0.0305, 0.0672, 0.0461, 0.7119], [0.0561, 0.0527, 0.0817, 0.048, 0.0349, 0.0232, 0.7034], [0.0678, 0.0445, 0.0238, 0.0538, 0.0227, 0.0583, 0.7292], [0.0651, 0.0664, 0.0146, 0.0726, 0.085, 0.0201, 0.6763], [0.0579, 0.0231, 0.0841, 0.0505, 0.0271, 0.0416, 0.7157], [0.088, 0.0312, 0.0643, 0.0461, 0.0404, 0.0257, 0.7043], [0.0558, 0.0245, 0.0861, 0.0571, 0.0231, 0.0218, 0.7316], [0.0248, 0.0523, 0.0717, 0.0726, 0.0471, 0.0591, 0.6723], [0.0858, 0.0946, 0.047, 0.0225, 0.0476, 0.0267, 0.6759], [0.0683, 0.0261, 0.0786, 0.0836, 0.0461, 0.0543, 0.6432], [0.0602, 0.0634, 0.0758, 0.0522, 0.0643, 0.0523, 0.6319], [0.0525, 0.0526, 0.0262, 0.078, 0.0165, 0.023, 0.7512], [0.0933, 0.0204, 0.0521, 0.0714, 0.0466, 0.0325, 0.6837], [0.0549, 0.0233, 0.081, 0.0792, 0.0346, 0.0647, 0.6623], [0.0222, 0.0252, 0.063, 0.0165, 0.052, 0.0957, 0.7253], [0.0201, 0.0541, 0.0288, 0.075, 0.0393, 0.048, 0.7346], [0.0562, 0.0643, 0.05, 0.0183, 0.058, 0.0258, 0.7275], [0.0557, 0.0967, 0.0298, 0.0599, 0.0858, 0.0618, 0.6102], [0.02, 0.0709, 0.0178, 0.0743, 0.0611, 0.0829, 0.6731], [0.0216, 0.0853, 0.0516, 0.0431, 0.0302, 0.0854, 0.6828], [0.0272, 0.0589, 0.0208, 0.033, 0.0433, 0.0706, 0.7462], [0.0186, 0.0246, 0.0828, 0.0651, 0.0193, 0.0457, 0.7439], [0.0229, 0.0199, 0.0362, 0.0512, 0.0975, 0.0777, 0.6946], [0.0782, 0.0405, 0.0538, 0.0305, 0.0535, 0.0559, 0.6875], [0.0963, 0.0865, 0.0156, 0.0365, 0.0166, 0.0492, 0.6992], [0.0853, 0.0197, 0.0629, 0.0451, 0.0827, 0.0378, 0.6666], [0.0259, 0.0389, 0.0627, 0.0653, 0.0418, 0.036, 0.7294], [0.0754, 0.0695, 0.0597, 0.044, 0.0303, 0.0871, 0.634], [0.0588, 0.0215, 0.0317, 0.066, 0.0374, 0.0484, 0.7363], [0.0383, 0.094, 0.0694, 0.0853, 0.0214, 0.0373, 0.6542], [0.0211, 0.0289, 0.0728, 0.0654, 0.0618, 0.047, 0.703], [0.0477, 0.0617, 0.0634, 0.0547, 0.0675, 0.0494, 0.6558], [0.0178, 0.0799, 0.0627, 0.0876, 0.0861, 0.0331, 0.6328], [0.098, 0.0496, 0.0842, 0.03, 0.0267, 0.0558, 0.6558], [0.0531, 0.0401, 0.0647, 0.0604, 0.0703, 0.0227, 0.6888], [0.08, 0.0168, 0.0442, 0.0371, 0.0848, 0.0713, 0.6658], [0.0413, 0.0631, 0.0292, 0.0264, 0.0301, 0.0474, 0.7626], [0.0192, 0.0483, 0.0818, 0.0588, 0.0137, 0.0513, 0.7269], [0.0934, 0.0148, 0.0848, 0.044, 0.0898, 0.0594, 0.6138], [0.0672, 0.0133, 0.0578, 0.0679, 0.0253, 0.0288, 0.7395], [0.0224, 0.0134, 0.0272, 0.0192, 0.0582, 0.019, 0.8405], [0.0731, 0.021, 0.0462, 0.0746, 0.0732, 0.0416, 0.6702], [0.0649, 0.0537, 0.028, 0.048, 0.0335, 0.06, 0.7119], [0.0885, 0.0885, 0.0148, 0.0809, 0.0279, 0.0714, 0.6281], [0.0173, 0.0548, 0.0301, 0.0431, 0.0641, 0.0464, 0.7442], [0.0395, 0.0673, 0.0528, 0.0473, 0.063, 0.0291, 0.7009], [0.055, 0.0775, 0.052, 0.0706, 0.0234, 0.0389, 0.6826], [0.0613, 0.0609, 0.0656, 0.0132, 0.0701, 0.0218, 0.7072], [0.062, 0.0615, 0.0586, 0.0767, 0.0197, 0.0473, 0.6743], [0.0274, 0.0754, 0.0417, 0.0622, 0.0298, 0.0893, 0.6743], [0.0301, 0.0168, 0.0245, 0.0492, 0.0638, 0.0141, 0.8016], [0.0356, 0.032, 0.0215, 0.0123, 0.0666, 0.0347, 0.7975], [0.0187, 0.076, 0.0451, 0.061, 0.046, 0.0726, 0.6806], [0.0389, 0.0773, 0.0795, 0.0703, 0.0329, 0.0431, 0.658], [0.0432, 0.0248, 0.0878, 0.0264, 0.0526, 0.0962, 0.669], [0.0429, 0.0313, 0.089, 0.075, 0.0675, 0.0188, 0.6754], [0.0594, 0.074, 0.0521, 0.0508, 0.0324, 0.061, 0.6703], [0.0353, 0.065, 0.0179, 0.0263, 0.0671, 0.0291, 0.7593], [0.0777, 0.0567, 0.0652, 0.0622, 0.029, 0.0558, 0.6535], [0.0366, 0.0549, 0.0552, 0.0516, 0.0304, 0.0139, 0.7575], [0.0668, 0.0119, 0.0221, 0.0595, 0.0408, 0.0423, 0.7565], [0.0686, 0.0246, 0.0587, 0.1024, 0.0154, 0.0438, 0.6866]], "emotions": ["purple", "purple", "purple", "purple", "purple", "purple", "purple", "purple", "purple", "purple", "purple", "purple", "purple", "purple", "purple", "purple", "purple", "purple", "purple", "purple", "purple", "purple", "purple", "purple", "purple", "purple", "purple", "purple", "purple", "purple", "purple", "purple", "purple", "purple", "purple", "purple", "purple", "purple", "purple", "purple", "purple", "purple", "purple", "purple", "purple", "purple", "purple", "purple", "purple", "purple", "purple", "purple", "purple", "purple", "purple", "purple", "purple", "purple", "purple", "purple", "purple", "purple", "purple", "purple", "purple", "purple", "purple", "purple", "purple", "purple", "purple", "purple", "purple", "purple", "purple", "purple", "purple", "purple", "purple", "purple"], "timestamps": [0, 40, 80, 120, 160, 200, 240, 280, 320, 360, 400, 440, 480, 520, 560, 600, 640, 680, 720, 760, 800, 840, 880, 920, 960, 1000, 1040, 1080, 1120, 1160, 1200, 1240, 1280, 1320, 1360, 1400, 1440, 1480, 1520, 1560, 1600, 1640, 1680, 1720, 1760, 1800, 1840, 1880, 1920, 1960, 2000, 2040, 2080, 2120, 2160, 2200, 2240, 2280, 2320, 2360, 2400, 2440, 2480, 2520, 2560, 2600, 2640, 2680, 2720, 2760, 2800, 2840, 2880, 2920, 2960, 3000, 3040, 3080, 3120, 3160]}], "conversation": [], "conversation_timestamps": []}