{
  "agent_id": "agent-type-orange-0",
  "type": "orange",
  "trips": [
    {
      "trip_id": 0,
      "transport_method": "car",
      "start_time": 0,
      "path": [
        [
          1.5264339000000005,
          42.5061227
        ],
        [
          1.526424867446755,
          42.50633915955924
        ],
        [
          1.5268350082194844,
          42.50594400202079
        ],
        [
          1.527313873825559,
          42.506226542468305
        ],
        [
          1.5277459205780026,
          42.507001630647174
        ],
        [
          1.5273183049644221,
          42.50717888886797
        ],
        [
          1.5264206646899163,
          42.50710646486669
        ],
        [
          1.5261649368754742,
          42.50707393233433
        ],
        [
          1.525278492581703,
          42.50700286696509
        ],
        [
          1.5253158383750547,
          42.50689156860552
        ],
        [
          1.5246442752180343,
          42.50672290451072
        ],
        [
          1.5238287574297107,
          42.50675138826611
        ],
        [
          1.5229524859714605,
          42.50654366218638
        ],
        [
          1.5220764680963288,
          42.5063348656806
        ],
        [
          1.5219534876532204,
          42.50673772621584
        ],
        [
          1.522483087844465,
          42.50742307631259
        ],
        [
          1.5232528384536017,
          42.507761916083815
        ],
        [
          1.5240959331590131,
          42.50760626606662
        ],
        [
          1.5239371358541725,
          42.50765694820135
        ],
        [
          1.5231315734759459,
          42.50796249455009
        ],
        [
          1.5232103960522199,
          42.50834418302066
        ],
        [
          1.522382992263086,
          42.50849741561583
        ],
        [
          1.5219329965104056,
          42.508394731612746
        ],
        [
          1.522155061520185,
          42.50839417468831
        ],
        [
          1.5213559379699988,
          42.508418816115004
        ],
        [
          1.5215968783565075,
          42.508380587558605
        ],
        [
          1.5210787681113103,
          42.50793635028994
        ],
        [
          1.5202762935182847,
          42.50752923144485
        ],
        [
          1.519559640792015,
          42.50791693085964
        ],
        [
          1.5198942,
          42.50865760000001
        ]
      ],
      "emotions": [
        "green",
        "green",
        "green",
        "green",
        "green",
        "green",
        "green",
        "green",
        "green",
        "green",
        "purple",
        "purple",
        "purple",
        "purple",
        "purple",
        "green",
        "green",
        "green",
        "green",
        "green",
        "red",
        "red",
        "red",
        "red",
        "red",
        "green",
        "green",
        "green",
        "green",
        "green"
      ],
      "mood_vectors": [
        [
          0.062071647942911576,
          0.09310121623129322,
          0.2806159325433911,
          0.022687331156743137,
          0.2536428631213153,
          0.06327674378757103,
          0.22460426521677454
        ],
        [
          0.023825369179263926,
          0.25249320511374346,
          0.4531540229321983,
          0.21573338709047257,
          0.03251310008704812,
          0.00955021804059728,
          0.012730697556676331
        ],
        [
          0.1407700870468637,
          0.13679065885264619,
          0.1889088480607627,
          0.13050244169029385,
          0.18048236798669479,
          0.05702270351946857,
          0.16552289284327026
        ],
        [
          0.2552724422510571,
          0.09266866193565504,
          0.10494243061680504,
          0.14090281336568328,
          0.23741877219041216,
          0.12158486633459628,
          0.04721001330579108
        ],
        [
          0.07489278641093666,
          0.028311996955830046,
          0.30098028802944105,
          0.04793974539612351,
          0.2886298203004424,
          0.16932157519276123,
          0.0899237877144652
        ],
        [
          0.28934207501274556,
          0.008037092249891221,
          0.12923324174748094,
          0.23200826892781665,
          0.13952748506356558,
          0.13525335988736695,
          0.06659847711113315
        ],
        [
          0.23985022605123907,
          0.12382806171256118,
          0.008414114227401123,
          0.19285942693179767,
          0.05470388400068747,
          0.16295968401978494,
          0.21738460305652862
        ],
        [
          0.0010399625338685604,
          0.034613624005412666,
          0.10716240803705875,
          0.24030020405231386,
          0.14904650525980323,
          0.37211164629039756,
          0.09572564982114543
        ],
        [
          0.10002864627990928,
          0.08599467041320091,
          0.35900837343279257,
          0.06872512178684292,
          0.2215693227898931,
          0.1318953852707138,
          0.03277848002664746
        ],
        [
          0.14520290462273822,
          0.18875833415755472,
          0.050656060735147224,
          0.11655348083366329,
          0.09254567014546762,
          0.26137106138142624,
          0.14491248812400268
        ],
        [
          0.033322719019464285,
          0.35885351739155325,
          0.09263809737985719,
          0.07761791030742732,
          0.11019231412565018,
          0.16446908219783496,
          0.1629063595782128
        ],
        [
          0.1605275125149311,
          0.17055453974325227,
          0.0997586487371416,
          0.13037587334590914,
          0.11575981523838293,
          0.1575137426236185,
          0.1655098677967645
        ],
        [
          0.23596479052236294,
          0.050746065433270336,
          0.17447382973106015,
          0.11992454868673245,
          0.1399490333002004,
          0.14004113129503226,
          0.1389006010313415
        ],
        [
          0.013197628051823675,
          0.30628911103263123,
          0.03309108439184479,
          0.03945288639056717,
          0.18874630454778732,
          0.3281299230776856,
          0.09109306250766017
        ],
        [
          0.017495587727116832,
          0.41667712906501625,
          0.24244598709405107,
          0.02913186745079899,
          0.11011205629532946,
          0.1372095633495614,
          0.04692780901812608
        ],
        [
          0.22407715119356908,
          0.2173909401903474,
          0.08669042977873709,
          0.109212047031571,
          0.0690511249434332,
          0.15891650822465747,
          0.13466179863768465
        ],
        [
          0.19619097611137137,
          0.20382723519616072,
          0.13603013783768775,
          0.3165353318009916,
          0.0010863958023007853,
          0.13271346071052545,
          0.013616462540962252
        ],
        [
          0.1577763504581893,
          0.05057854191127988,
          0.015302932755552239,
          0.29646742194866427,
          0.15087170403856237,
          0.2854276814393252,
          0.043575367448426806
        ],
        [
          0.2533966753726692,
          0.23719559026765738,
          0.19246865425186296,
          0.023861682412863485,
          0.005817744497685157,
          0.20296464028469782,
          0.08429501291256397
        ],
        [
          0.3799614750743196,
          0.10907323718312503,
          0.06653564689377367,
          0.1124814443173429,
          0.06279343005179584,
          0.21042608413595779,
          0.05872868234368516
        ],
        [
          0.19562399163665048,
          0.02033988065745551,
          0.12058307399510358,
          0.13060511481888268,
          0.15030718814361954,
          0.17398640545497973,
          0.20855434529330844
        ],
        [
          0.07469975030981296,
          0.3001553761111368,
          0.005606184707411804,
          0.11424463986243205,
          0.23856611420260646,
          0.13266858890965652,
          0.13405934589694343
        ],
        [
          0.04844752371529286,
          0.26619379402628246,
          0.1957635197101321,
          0.09193001897822031,
          0.07079696910167042,
          0.2405565031908963,
          0.08631167127750555
        ],
        [
          0.2938019625054135,
          0.013074328367287313,
          0.2092524004279942,
          0.11357598176182035,
          0.028645852610281068,
          0.26167163657709824,
          0.07997783775010531
        ],
        [
          0.09100701115729552,
          0.16138620824232247,
          0.2685983796488612,
          0.0478872286375172,
          0.2747886113321947,
          0.03585243096864072,
          0.12048013001316822
        ],
        [
          0.2645691416570313,
          0.0704593198672778,
          0.27204579139473023,
          0.03711805290594178,
          0.18677307206759935,
          0.1160725359677897,
          0.05296208613962986
        ],
        [
          0.03824346060360614,
          0.2759353971561941,
          0.13946806973245648,
          0.15562159474666978,
          0.08406754313236364,
          0.06979159401347156,
          0.23687234061523835
        ],
        [
          0.2123812726681894,
          0.15460365357852832,
          0.2649313368071769,
          0.08225873555477324,
          0.029364866634754093,
          0.2046650376318929,
          0.05179509712468515
        ],
        [
          0.2740803036559103,
          0.2750446073299461,
          0.03250255950601782,
          0.06993793250925062,
          0.1425788298489859,
          0.015799094419796246,
          0.190056672730093
        ],
        [
          0.20953682443750474,
          0.04200671309081319,
          0.04825394755991191,
          0.11791911373638857,
          0.2898384902166557,
          0.2546214324354535,
          0.037823478523272426
        ]
      ],
      "timestamps": [
        0,
        1,
        2,
        3,
        4,
        5,
        6,
        7,
        8,
        9,
        10,
        11,
        12,
        13,
        14,
        15,
        16,
        17,
        18,
        19,
        20,
        21,
        22,
        23,
        24,
        25,
        26,
        27,
        28,
        29
      ],
      "distance": 874.3
    },
    {
      "trip_id": 1,
      "transport_method": "stopped",
      "start_time": 30,
      "path": [
        [
          1.5198942,
          42.50865760000001
        ],
        [
          1.5198942,
          42.50865760000001
        ],
        [
          1.5198942,
          42.50865760000001
        ],
        [
          1.5198942,
          42.50865760000001
        ],
        [
          1.5198942,
          42.50865760000001
        ],
        [
          1.5198942,
          42.50865760000001
        ],
        [
          1.5198942,
          42.50865760000001
        ],
        [
          1.5198942,
          42.50865760000001
        ],
        [
          1.5198942,
          42.50865760000001
        ]
      ],
      "emotions": [
        "green",
        "green",
        "green",
        "green",
        "green",
        "purple",
        "purple",
        "purple",
        "purple"
      ],
      "mood_vectors": [
        [
          0.24132229313632983,
          0.10348900593963042,
          0.128167481958483,
          0.043973131422985555,
          0.18094716973239008,
          0.10099777241991903,
          0.20110314539026208
        ],
        [
          0.11568200419970213,
          0.16316346960046776,
          0.31395644744650447,
          0.015362793529964022,
          0.2351789870567821,
          0.0025417166429499605,
          0.15411458152362947
        ],
        [
          0.15991173039861792,
          0.2937307633175001,
          0.18895149673784994,
          0.06706240736199624,
          0.13735173717864965,
          0.15171466435993108,
          0.001277200645455147
        ],
        [
          0.02179505692487124,
          0.14485712209593435,
          0.22890861725499734,
          0.22715880262790453,
          0.18662935070813363,
          0.0813469346104821,
          0.10930411577767675
        ],
        [
          0.25987305203374783,
          0.20831302828539658,
          0.14174917284435232,
          0.11193950179596136,
          0.20019126660828612,
          0.039996951057294075,
          0.037937027374961727
        ],
        [
          0.24104713455157564,
          0.16718342375005765,
          0.01721513615238659,
          0.02524930189444332,
          0.18931870760906466,
          0.06370420990120461,
          0.29628208614126755
        ],
        [
          0.17481056102688192,
          0.13080001130649063,
          0.020444037292862663,
          0.17615148258615534,
          0.17073057970083375,
          0.1723844393796392,
          0.15467888870713645
        ],
        [
          0.20094765667795864,
          0.19514756923245855,
          0.010938410666790892,
          0.15247242430126917,
          0.22632918929327936,
          0.1966487591204227,
          0.01751599070782069
        ],
        [
          0.18876856869944889,
          0.13874480836480554,
          0.1620806315453141,
          0.16425175871503264,
          0.04564542153233077,
          0.20088976637827285,
          0.09961904476479523
        ]
      ],
      "timestamps": [
        30,
        31,
        32,
        33,
        34,
        35,
        36,
        37,
        38
      ]
    },
    {
      "trip_id": 2,
      "transport_method": "car",
      "start_time": 39,
      "path": [
        [
          1.5211020999999998,
          42.508253900000014
        ],
        [
          1.5218117255365957,
          42.50830394550813
        ],
        [
          1.5225159146944847,
          42.508312356173455
        ],
        [
          1.5222106811416705,
          42.50818904866898
        ],
        [
          1.5229341420824252,
          42.50806585679736
        ],
        [
          1.5235508552419268,
          42.50854803160491
        ],
        [
          1.5237305054736763,
          42.50890945195611
        ],
        [
          1.524473775034454,
          42.50884443418674
        ],
        [
          1.525299080230676,
          42.50900559316051
        ],
        [
          1.5244665354958074,
          42.50884302050775
        ],
        [
          1.5236604526740851,
          42.50860107271314
        ],
        [
          1.5230245563161053,
          42.508105218712025
        ],
        [
          1.523726819780737,
          42.50779253369078
        ],
        [
          1.5245734130088924,
          42.507845830116786
        ],
        [
          1.524819386295066,
          42.508386296982835
        ],
        [
          1.5256423391355962,
          42.5085912947429
        ],
        [
          1.5264770252780648,
          42.508742488812075
        ],
        [
          1.5273241653053775,
          42.5087763336563
        ],
        [
          1.5281058577910342,
          42.508984300693825
        ],
        [
          1.5288110754792898,
          42.50886007451568
        ],
        [
          1.5282594300269405,
          42.508412518606285
        ],
        [
          1.5275004301464075,
          42.50812533918848
        ],
        [
          1.5272316792858147,
          42.50812012270571
        ],
        [
          1.5280401243691761,
          42.50825708609606
        ],
        [
          1.5287321973042323,
          42.50874759160627
        ],
        [
          1.5283224854000705,
          42.50900854020814
        ],
        [
          1.5275928268751995,
          42.508785005314884
        ],
        [
          1.5267449992219644,
          42.50875763976367
        ],
        [
          1.5259068363933685,
          42.50863920546605
        ],
        [
          1.5250798158703398,
          42.50845286028417
        ],
        [
          1.5246740556685836,
          42.50800376042582
        ],
        [
          1.5239950901831105,
          42.5078094223844
        ],
        [
          1.5231818458372852,
          42.507922159277896
        ],
        [
          1.5234184972698106,
          42.5084839752362
        ],
        [
          1.5242027168121828,
          42.508791504112956
        ],
        [
          1.5250352615470517,
          42.50895407676571
        ],
        [
          1.5258624233055138,
          42.50914132564678
        ],
        [
          1.526687037552245,
          42.50934025263608
        ],
        [
          1.5266653482010246,
          42.50933502037462
        ],
        [
          1.5258407339542934,
          42.50913609338532
        ],
        [
          1.5250133636047922,
          42.50894980071133
        ],
        [
          1.5241808188699235,
          42.50878722805857
        ],
        [
          1.5233984140619066,
          42.50847425570553
        ],
        [
          1.5231992483786383,
          42.507908196610856
        ],
        [
          1.524017357634757,
          42.50781082420944
        ],
        [
          1.5246679402119907,
          42.508025217492424
        ],
        [
          1.5251014325038685,
          42.50845838528835
        ],
        [
          1.5259287906598327,
          42.508643182236135
        ],
        [
          1.5262779231977004,
          42.50870642369468
        ],
        [
          1.52544519575993,
          42.50854624787914
        ],
        [
          1.5246233461899168,
          42.508336191012425
        ],
        [
          1.5243714706686857,
          42.507833117039674
        ],
        [
          1.5235247505718352,
          42.50779028133766
        ],
        [
          1.52309696923773,
          42.508291567334346
        ],
        [
          1.5238425862234166,
          42.50868921862232
        ],
        [
          1.524665126774942,
          42.50888179981859
        ],
        [
          1.525422564778309,
          42.509164716658326
        ],
        [
          1.5250904334232838,
          42.50896485028682
        ],
        [
          1.5242578886884148,
          42.50880227763406
        ],
        [
          1.5238255908281162,
          42.50887861098161
        ],
        [
          1.5233577999999997,
          42.5084546
        ]
      ],
      "emotions": [
        "green",
        "green",
        "green",
        "green",
        "green",
        "green",
        "purple",
        "purple",
        "purple",
        "purple",
        "purple",
        "red",
        "red",
        "red",
        "red",
        "red",
        "purple",
        "purple",
        "purple",
        "purple",
        "purple",
        "red",
        "red",
        "red",
        "red",
        "red",
        "red",
        "red",
        "red",
        "red",
        "red",
        "red",
        "red",
        "red",
        "red",
        "red",
        "green",
        "green",
        "green",
        "green",
        "green",
        "green",
        "green",
        "green",
        "green",
        "green",
        "purple",
        "purple",
        "purple",
        "purple",
        "purple",
        "green",
        "green",
        "green",
        "green",
        "green",
        "green",
        "green",
        "green",
        "green",
        "green"
      ],
      "mood_vectors": [
        [
          0.15131963965653228,
          0.08689738425253361,
          0.32233568619352615,
          0.041073662515816525,
          0.04758127895755726,
          0.1697049087287746,
          0.18108743969525956
        ],
        [
          0.07589241661772331,
          0.16057808416050107,
          0.22477293377681978,
          0.10887995412457545,
          0.0774973557488142,
          0.2519105404805524,
          0.10046871509101377
        ],
        [
          0.06194369017705901,
          0.14380160482535034,
          0.20183269131605247,
          0.0046473231500284455,
          0.17990893845894865,
          0.22570197188111749,
          0.1821637801914436
        ],
        [
          0.0909102000954143,
          0.21273818303891834,
          0.23561813953497768,
          0.2155658031553316,
          0.15725598748229366,
          0.00604737806615226,
          0.0818643086269122
        ],
        [
          0.18220080483288767,
          0.18844442905596676,
          0.07365036675460569,
          0.28057182356928845,
          0.03303289863269802,
          0.13924039765345606,
          0.10285927950109744
        ],
        [
          0.15725814116319364,
          0.07486390196269571,
          0.14598289240024898,
          0.26254832281810314,
          0.03611682511530586,
          0.2091145101102788,
          0.11411540643017384
        ],
        [
          0.07732163590342127,
          0.1092812196300289,
          0.07143592491465167,
          0.17948582027739002,
          0.2852596850598238,
          0.03695337060269353,
          0.24026234361199073
        ],
        [
          0.2303806820745494,
          0.09475617290137679,
          0.19212955104016458,
          0.061018103458739356,
          0.18200195715937834,
          0.07492857663967699,
          0.1647849567261146
        ],
        [
          0.1620555507230824,
          0.1669914887148054,
          0.17015965226261495,
          0.07221441627194446,
          0.17283997320249972,
          0.20507237181000543,
          0.05066654701504768
        ],
        [
          0.18920007380792267,
          0.16695066022261693,
          0.00762727008973531,
          0.018801950678116994,
          0.2140905703014156,
          0.19363142676400827,
          0.2096980481361842
        ],
        [
          0.10894127217537478,
          0.2772159138360247,
          0.12839105197340442,
          0.038359895798330546,
          0.26405410953812947,
          0.07475258806902504,
          0.10828516860971109
        ],
        [
          0.3149810699463216,
          0.12374901542423407,
          0.08611840819050744,
          0.022769626611058344,
          0.2034742151586162,
          0.1671965944942048,
          0.0817110701750577
        ],
        [
          0.015556096452953375,
          0.3402758692795315,
          0.075675098642461,
          0.20377293131467974,
          0.23325787105405338,
          0.11475006114971531,
          0.016712072106605712
        ],
        [
          0.09999529776738857,
          0.32006971165966236,
          0.11292226795048267,
          0.11207591533412703,
          0.1877726243384079,
          0.060485486639564524,
          0.10667869631036697
        ],
        [
          0.19841749305477227,
          0.016719366492797143,
          0.13272174511306017,
          0.07899110522968718,
          0.23555490189253891,
          0.21537840146463114,
          0.12221698675251316
        ],
        [
          0.33620998096478594,
          0.07950418529433978,
          0.006637505629211663,
          0.04486644137163715,
          0.3214039183690534,
          0.14259867919519834,
          0.06877928917577375
        ],
        [
          0.003581207059957472,
          0.09158792285144755,
          0.2618974236667474,
          0.23185735657266446,
          0.0931654865223005,
          0.21220189079929794,
          0.10570871252758471
        ],
        [
          0.17455206748131197,
          0.027044110250915052,
          0.1946386533918073,
          0.23779696800142033,
          0.06846123695226518,
          0.19941837650577354,
          0.09808858741650664
        ],
        [
          0.2245346380504562,
          0.09491329249866275,
          0.162700505280335,
          0.1132851011278577,
          0.16486084698579825,
          0.08177005253737517,
          0.15793556351951493
        ],
        [
          0.11783451037656599,
          0.24766097880671895,
          0.1139778484916862,
          0.016194897516770654,
          0.24544374502915703,
          0.12021602649189359,
          0.13867199328720758
        ],
        [
          0.24046701220183012,
          0.11055145607265464,
          0.0852341201045929,
          0.22444527199344824,
          0.2153420140982885,
          0.011162891456636705,
          0.11279723407254887
        ],
        [
          0.01677466443236336,
          0.18768212489480451,
          0.12750254953535917,
          0.17800493566364003,
          0.21028849266580066,
          0.10715666454001609,
          0.17259056826801625
        ],
        [
          0.02024803202447296,
          0.07402728481304183,
          0.15071978558069224,
          0.00861162351667679,
          0.38053164405656564,
          0.27789201552555076,
          0.08796961448299985
        ],
        [
          0.0427496879936746,
          0.17603346489355914,
          0.19937099795420402,
          0.0667424407977424,
          0.2155123725067398,
          0.0784595545925525,
          0.22113148126152757
        ],
        [
          0.12442346155600532,
          0.150738025345562,
          0.1726026175224564,
          0.10083439319529716,
          0.08907033243183167,
          0.18857442596795973,
          0.17375674398088772
        ],
        [
          0.19759856323085298,
          0.023514700395838774,
          0.13022374075643542,
          0.14551056220054703,
          0.0431079829033365,
          0.19288869868607547,
          0.26715575182691387
        ],
        [
          0.23789891006064284,
          0.18104605802642193,
          0.2417874282150801,
          0.04894843294114487,
          0.26509854597459176,
          0.00043177735304862543,
          0.02478884742906979
        ],
        [
          0.15128899003835397,
          0.021679540765118077,
          0.22288204379268378,
          0.2135497002029223,
          0.020359296653078097,
          0.2492693843914483,
          0.12097104415639544
        ],
        [
          0.13555584411851204,
          0.10074448616956902,
          0.022104661823040234,
          0.1786531996934829,
          0.1831104673314176,
          0.07813084418788879,
          0.30170049667608945
        ],
        [
          0.06752264330286749,
          0.1653059158562826,
          0.20227182381371564,
          0.20600801295582494,
          0.23542532163795038,
          0.016454075646677606,
          0.10701220678668133
        ],
        [
          0.11581504743402347,
          0.11806552223346446,
          0.11618767209301162,
          0.13575364251986222,
          0.25293066326031194,
          0.23227897496557642,
          0.028968477493749898
        ],
        [
          0.18830109206032,
          0.11834211434488298,
          0.10956165535999411,
          0.18345526634527173,
          0.14748291467336067,
          0.21452897349552275,
          0.03832798372064768
        ],
        [
          0.15597017176940012,
          0.12399677340935926,
          0.08287739154136202,
          0.02926084967310723,
          0.1828392206008579,
          0.16869424410586467,
          0.25636134890004875
        ],
        [
          0.2551174684453652,
          0.26984359482396747,
          0.1944194014933106,
          0.16403228751400709,
          0.04849071970849685,
          0.011941472264559763,
          0.05615505575029305
        ],
        [
          0.22145463848296454,
          0.23119352886828073,
          0.06139118926125517,
          0.2526267158988343,
          0.09583033307013786,
          0.008051511205839506,
          0.12945208321268792
        ],
        [
          0.2019077554336461,
          0.19874261300206797,
          0.23067891493030487,
          0.0018835419418171784,
          0.006242190684399993,
          0.1037396703322457,
          0.25680531367551823
        ],
        [
          0.2547167462765265,
          0.051486592623054286,
          0.30327891783459393,
          0.006502076485069202,
          0.03176717020821592,
          0.2304542694367344,
          0.12179422713580582
        ],
        [
          0.13110980484843152,
          0.15201782671817396,
          0.15032164388324323,
          0.14445520882052226,
          0.13369610918670083,
          0.17108317305949602,
          0.11731623348343222
        ],
        [
          0.0067949866438864765,
          0.024438607404664796,
          0.19089798187254534,
          0.21923907249654917,
          0.21774866711513485,
          0.22206349257087682,
          0.11881719189634248
        ],
        [
          0.1864882117906572,
          0.021004245428651275,
          0.1548995274623881,
          0.12947419224638407,
          0.2009584366176766,
          0.16866428703212633,
          0.13851109942211648
        ],
        [
          0.15228419631179083,
          0.05529819613644161,
          0.051610392922207746,
          0.20217097029555492,
          0.1345490493102379,
          0.06867766996576599,
          0.335409525058001
        ],
        [
          0.12798333078013627,
          0.1742750457841955,
          0.07144823907867803,
          0.20487865138131736,
          0.048649705951687224,
          0.19225478177749225,
          0.18051024524649337
        ],
        [
          0.04783319133580028,
          0.18875438117798296,
          0.19231336858901008,
          0.04443699244149838,
          0.11998862369620443,
          0.1449508017013956,
          0.2617226410581083
        ],
        [
          0.05323840089575405,
          0.06131732141764521,
          0.16756769370576657,
          0.18681495783932334,
          0.122843272672427,
          0.21984097056130597,
          0.18837738290777786
        ],
        [
          0.034498964697259236,
          0.00015581098559591935,
          0.20511658214446046,
          0.2303340278406265,
          0.3541959526718742,
          0.09945663697553375,
          0.07624202468464991
        ],
        [
          0.10735557770034325,
          0.20020750408345378,
          0.1401512534715173,
          0.006746440086257749,
          0.21498000019350685,
          0.1823947841921993,
          0.14816444027272183
        ],
        [
          0.004166184750122885,
          0.02171673876613916,
          0.08446819363824698,
          0.14334148095672478,
          0.20633749307305024,
          0.24533133645838942,
          0.2946385723573265
        ],
        [
          0.16000214873509197,
          0.07816921749942779,
          0.1705240983353023,
          0.1855511065421613,
          0.17613118573286896,
          0.15513384374783287,
          0.07448839940731487
        ],
        [
          0.19926136381672957,
          0.15506322799626657,
          0.02690188021320473,
          0.19310163661284885,
          0.13158478059616713,
          0.15638039494287614,
          0.13770671582190713
        ],
        [
          0.32284994310939236,
          0.002386495251690999,
          0.005051490881388011,
          0.12098942339849846,
          0.08403335912077424,
          0.1175511918420331,
          0.34713809639622295
        ],
        [
          0.2240543953859511,
          0.2754883442680264,
          0.06337275576967859,
          0.017384223331287176,
          0.08534718963983258,
          0.050419580966189356,
          0.2839335106390349
        ],
        [
          0.25045677577345254,
          0.012466903311136084,
          0.20007267410211266,
          0.25629170938508,
          0.11072841269416306,
          0.08872493435077132,
          0.08125859038328434
        ],
        [
          0.08707227171716525,
          0.18496763443513448,
          0.11603829494959177,
          0.035374653538316335,
          0.17365050407756102,
          0.13348229455217406,
          0.26941434673005704
        ],
        [
          0.20022863931122403,
          0.2127099647969649,
          0.008648483944597893,
          0.1358860336294891,
          0.10408337842924384,
          0.15146422581715835,
          0.18697927407132195
        ],
        [
          0.2816927531226175,
          0.18756721548118752,
          0.023545154757270176,
          0.17267513618350078,
          0.007028048374502182,
          0.05411178062220934,
          0.27337991145871243
        ],
        [
          0.2060059224165271,
          0.16978135850338671,
          0.16864442485892947,
          0.1658642465376749,
          0.10370853603824377,
          0.011195361834122963,
          0.1748001498111151
        ],
        [
          0.2428893912041823,
          0.2363853221092508,
          0.06730908792450674,
          0.09303361307170342,
          0.13510964671726755,
          0.1258049809558158,
          0.0994679580172733
        ],
        [
          0.2622026946951717,
          0.11413982162660355,
          0.17851223946784014,
          0.1803180091483389,
          0.005653082128426822,
          0.12417220517890659,
          0.13500194775471222
        ],
        [
          0.09486042255705185,
          0.2076766840014498,
          0.2718562166686251,
          0.03555991281433103,
          0.15667646218158576,
          0.19258262195758188,
          0.04078767981937455
        ],
        [
          0.16022368351921829,
          0.0873875844093219,
          0.13707503616624708,
          0.14902213056881572,
          0.17420872757845818,
          0.13519534354144563,
          0.1568874942164932
        ],
        [
          0.13508432762075537,
          0.1610528588047496,
          0.1088828812995814,
          0.1851088881587424,
          0.18483960901373636,
          0.02818529044806877,
          0.19684614465436606
        ]
      ],
      "timestamps": [
        39,
        40,
        41,
        42,
        43,
        44,
        45,
        46,
        47,
        48,
        49,
        50,
        51,
        52,
        53,
        54,
        55,
        56,
        57,
        58,
        59,
        60,
        61,
        62,
        63,
        64,
        65,
        66,
        67,
        68,
        69,
        70,
        71,
        72,
        73,
        74,
        75,
        76,
        77,
        78,
        79,
        80,
        81,
        82,
        83,
        84,
        85,
        86,
        87,
        88,
        89,
        90,
        91,
        92,
        93,
        94,
        95,
        96,
        97,
        98,
        99
      ],
      "distance": 811.8
    }
  ],
  "conversation": [
    "The corner bakery has that amazing garlic bread.",
    "What a day!",
    "I always forget how green this neighborhood is."
  ],
  "conversation_timestamps": [
    36,
    37,
    82
  ]
}
