{
  "agent_id": "agent-type-purple-18",
  "type": "purple",
  "trips": [
    {
      "trip_id": 0,
      "transport_method": "car",
      "start_time": 0,
      "path": [
        [
          1.5187402000000005,
          42.5085045
        ],
        [
          1.5181499859893959,
          42.50824863462041
        ],
        [
          1.5176138905059435,
          42.50788127819045
        ],
        [
          1.5170748617921022,
          42.507518291723784
        ],
        [
          1.517398474607907,
          42.50773299568413
        ],
        [
          1.5180206124861917,
          42.50790093594084
        ],
        [
          1.5185291170087496,
          42.50825769339474
        ],
        [
          1.5191032420956037,
          42.508031879823946
        ],
        [
          1.5195707471637447,
          42.507979501734155
        ],
        [
          1.519668073378073,
          42.50852781638559
        ],
        [
          1.5195544939198908,
          42.50788793450533
        ],
        [
          1.520071706714758,
          42.50758657523725
        ],
        [
          1.5206621683998993,
          42.50771469414788
        ],
        [
          1.521235898394652,
          42.50801995306607
        ],
        [
          1.521817369438797,
          42.508305428733586
        ],
        [
          1.5224459107442543,
          42.50847061027415
        ],
        [
          1.5230684365404843,
          42.50829505867221
        ],
        [
          1.5236369377073047,
          42.50858969233795
        ],
        [
          1.5237559445035047,
          42.50887127785766
        ],
        [
          1.523994428725999,
          42.50875083128747
        ],
        [
          1.5246322656898605,
          42.50887538296968
        ],
        [
          1.5252701026537219,
          42.50899993465189
        ],
        [
          1.5246974603824155,
          42.508888113665904
        ],
        [
          1.5240596234185542,
          42.5087635619837
        ],
        [
          1.5234658342414513,
          42.50850688458168
        ],
        [
          1.5230185726024068,
          42.50808842594707
        ],
        [
          1.5235465181845471,
          42.50778944034108
        ],
        [
          1.524195218181189,
          42.507822021241424
        ],
        [
          1.5246734694027337,
          42.508005817434196
        ],
        [
          1.5248896816898452,
          42.50840426381145
        ],
        [
          1.5255193247739138,
          42.50856519454405
        ],
        [
          1.5261580014587603,
          42.5086847012115
        ],
        [
          1.5262439209821483,
          42.50870026457323
        ],
        [
          1.5256044434230558,
          42.50858443035796
        ],
        [
          1.524974279863649,
          42.50842588629319
        ],
        [
          1.5246495361450856,
          42.508089791131894
        ],
        [
          1.52428236337621,
          42.50782750737961
        ],
        [
          1.5236337634491954,
          42.507786675422935
        ],
        [
          1.5230541968874507,
          42.50802457649086
        ],
        [
          1.5233872372337107,
          42.508468846533596
        ],
        [
          1.523973924323793,
          42.508746827352404
        ],
        [
          1.5246117612876544,
          42.50887137903461
        ],
        [
          1.525249598251516,
          42.50899593071682
        ],
        [
          1.525881865261602,
          42.50914601575467
        ],
        [
          1.5265136264456718,
          42.509298419561425
        ],
        [
          1.527031612370259,
          42.50942337663182
        ],
        [
          1.526399851186189,
          42.50927097282507
        ],
        [
          1.525768090002119,
          42.50911856901832
        ],
        [
          1.5254059655062688,
          42.50914277859408
        ],
        [
          1.5259529007286052,
          42.50940760649274
        ],
        [
          1.526593008163865,
          42.50951990780767
        ],
        [
          1.5272331155991248,
          42.5096322091226
        ],
        [
          1.5270918999999996,
          42.50948
        ]
      ],
      "emotions": [
        "purple",
        "purple",
        "purple",
        "purple",
        "purple",
        "purple",
        "purple",
        "purple",
        "purple",
        "purple",
        "red",
        "red",
        "red",
        "red",
        "red",
        "green",
        "green",
        "green",
        "green",
        "green",
        "green",
        "green",
        "green",
        "green",
        "green",
        "red",
        "red",
        "red",
        "red",
        "red",
        "red",
        "red",
        "red",
        "red",
        "red",
        "red",
        "red",
        "red",
        "red",
        "red",
        "purple",
        "purple",
        "purple",
        "purple",
        "purple",
        "red",
        "red",
        "red",
        "red",
        "red",
        "purple",
        "purple",
        "purple"
      ],
      "mood_vectors": [
        [
          0.20342391342387717,
          0.16097474937677164,
          0.07990893939218732,
          0.21754892029500453,
          0.12302425353247648,
          0.12125309564838645,
          0.09386612833129647
        ],
        [
          0.06482601279023702,
          0.18593052665964055,
          0.2374047374704739,
          0.2319758489262865,
          0.0874356133901,
          0.06456375356679533,
          0.12786350719646675
        ],
        [
          0.21082827583366504,
          0.03361949241114523,
          0.10932196320800634,
          0.10544914219321262,
          0.24238948073957917,
          0.16958139024289845,
          0.1288102553714932
        ],
        [
          0.11545378819415682,
          0.0768435136374313,
          0.18941558434522937,
          0.12156254989805704,
          0.19831069394632156,
          0.19495232965269807,
          0.10346154032610583
        ],
        [
          0.010233662714922504,
          0.04597403167363874,
          0.28927947524810627,
          0.06405041968282563,
          0.0653529935149371,
          0.23064102347449356,
          0.29446839369107625
        ],
        [
          0.18235203672824518,
          0.2076132060937705,
          0.059381592171441566,
          0.14087944246645093,
          0.19179099157157467,
          0.09506171322654497,
          0.12292101774197224
        ],
        [
          0.12940328418846997,
          0.0496935489914164,
          0.1091860750888974,
          0.2545592212454232,
          0.18092262572069948,
          0.08270719635900523,
          0.19352804840608834
        ],
        [
          0.2601234600903028,
          0.04717074019899567,
          0.09379760546238085,
          0.12123418482854212,
          0.21406606259838284,
          0.06591482887595718,
          0.19769311794543848
        ],
        [
          0.181711176166785,
          0.20636315556001258,
          0.16094341400009118,
          0.0879096850415189,
          0.14440457369151527,
          0.03409606489774268,
          0.18457193064233443
        ],
        [
          0.2159973921034042,
          0.014532236109338957,
          0.23943226939456616,
          0.052051229149926874,
          0.10112592002467849,
          0.20615070944869385,
          0.17071024376939148
        ],
        [
          0.1266218021715708,
          0.14811619488129046,
          0.16390663993531976,
          0.09183219317922918,
          0.18348781503811637,
          0.1881087076241206,
          0.09792664717035277
        ],
        [
          0.1637789699811672,
          0.06987376885675314,
          0.18486171225015433,
          0.20451520545213628,
          0.11302946437485534,
          0.17634348327192947,
          0.0875973958130043
        ],
        [
          0.0949162907769589,
          0.19696905200873627,
          0.07951143674055453,
          0.0018618215701408122,
          0.08867899423415077,
          0.2659731459990716,
          0.27208925867038714
        ],
        [
          0.20083277857995147,
          0.03278885538138005,
          0.22776100112516165,
          0.009594870976897098,
          0.18786695008008508,
          0.26173752785739546,
          0.07941801599912916
        ],
        [
          0.14136485657184583,
          0.08871517538399969,
          0.2455905075754628,
          0.042890946369374024,
          0.06431029345430644,
          0.2859847498506338,
          0.13114347079437744
        ],
        [
          0.27775499262349673,
          0.09444309100187112,
          0.08021434973456296,
          0.14247675042630578,
          0.017215815857418385,
          0.2554828512353284,
          0.1324121491210167
        ],
        [
          0.20459358229141675,
          0.1325356431906042,
          0.010662703230093103,
          0.21777148122978826,
          0.07888427014085879,
          0.16422494816270433,
          0.1913273717545346
        ],
        [
          0.2525984120297095,
          0.09235235365149579,
          0.05788822003031349,
          0.16529815488829502,
          0.14951051531935894,
          0.09248159113865781,
          0.18987075294216937
        ],
        [
          0.3092912699133866,
          0.06642688626624636,
          0.22049910954346869,
          0.01588634987920602,
          0.10023746893694294,
          0.23586147476402172,
          0.051797440696727606
        ],
        [
          0.06366162070088342,
          0.23130630319897416,
          0.12536141687435998,
          0.1502825679311771,
          0.2715984869731903,
          0.013126607575137398,
          0.14466299674627764
        ],
        [
          0.23493388451095001,
          0.006815942169229354,
          0.3140160604006876,
          0.03089122958044724,
          0.22680709338961966,
          0.09456159769393238,
          0.09197419225513372
        ],
        [
          0.09842953721365476,
          0.21233123725076244,
          0.12706791292394673,
          0.1551368760728361,
          0.045810475070977824,
          0.19739137031335346,
          0.16383259115446858
        ],
        [
          0.10309819460652617,
          0.26337325574151565,
          0.12547532624552618,
          0.09051968835851627,
          0.1277696995476488,
          0.044219302991479574,
          0.24554453250878733
        ],
        [
          0.11722637122099279,
          0.173330787336065,
          0.10646740469289785,
          0.2149062077661852,
          0.15091087843276413,
          0.19659003126260005,
          0.04056831928849498
        ],
        [
          0.2024572495470336,
          0.2850085346685096,
          0.20144521892210182,
          0.04045399582613542,
          0.09566220129677155,
          0.10658828481700715,
          0.06838451492244092
        ],
        [
          0.39240656512761496,
          0.2462129916458992,
          0.05954463311173292,
          0.08840309786630941,
          0.008843024109968511,
          0.03181295446886117,
          0.1727767336696139
        ],
        [
          0.1907114652921097,
          0.15232435025235622,
          0.19533575222884095,
          0.12882199554447715,
          0.011597799261421573,
          0.08478642435017339,
          0.23642221307062108
        ],
        [
          0.1653325327011223,
          0.12997200462247477,
          0.25213627859670945,
          0.050870313205276387,
          0.2038104419458792,
          0.16876883783777702,
          0.02910959109076088
        ],
        [
          0.022077182363864422,
          0.11098690109651826,
          0.1097066557713163,
          0.2610253396797449,
          0.21458433316297293,
          0.23184653431494265,
          0.0497730536106406
        ],
        [
          0.04797000458526376,
          0.11945167345248778,
          0.019043151341005985,
          0.26746853689903444,
          0.039750974800526695,
          0.19324821866077813,
          0.3130674402609032
        ],
        [
          0.1401347378004609,
          0.1520019831617987,
          0.27813668519082135,
          0.1925793628316381,
          0.11773778158377415,
          0.018209366272679866,
          0.10120008315882698
        ],
        [
          0.12082120392843564,
          0.1865589182158739,
          0.10743041488637155,
          0.1867160429548137,
          0.1921017969025339,
          0.034688353488512916,
          0.1716832696234584
        ],
        [
          0.2229452355629259,
          0.2589365858161001,
          0.07917593856762802,
          0.08649238751753718,
          0.25542857911953887,
          0.06085613218405628,
          0.036165141232213614
        ],
        [
          0.07229699599345112,
          0.1693962781351349,
          0.2157489955784967,
          0.2779898430155256,
          0.07838953608623683,
          0.03365554902079523,
          0.15252280217035957
        ],
        [
          0.003533122023832941,
          0.22687095731162746,
          0.15920913738904824,
          0.16520667920207138,
          0.0843874704617741,
          0.09611293266803574,
          0.2646797009436102
        ],
        [
          0.1797532226565109,
          0.05895625296005485,
          0.047033349255148696,
          0.28506714507729514,
          0.24921490876503885,
          0.16169869482115706,
          0.018276426464794472
        ],
        [
          0.129012259403923,
          0.27363594989707196,
          0.0470725411324555,
          0.08787103335248901,
          0.06612703454310184,
          0.19576271414949623,
          0.20051846752146252
        ],
        [
          0.12089638433398456,
          0.15536000641073713,
          0.1047586701721321,
          0.12759656743201653,
          0.07740379199770364,
          0.3442083152999218,
          0.06977626435350426
        ],
        [
          0.23218548151805485,
          0.20198975894330998,
          0.2205062120251643,
          0.055807017085962946,
          0.1290479350118708,
          0.09648748877159137,
          0.0639761066440457
        ],
        [
          0.21770715541129768,
          0.03617581333552381,
          0.20885433543227624,
          0.16298903202652915,
          0.1628326871033628,
          0.13383716597933173,
          0.0776038107116785
        ],
        [
          0.21797886064618316,
          0.19424308202139548,
          0.17865350243414244,
          0.16603431886441145,
          0.14301359281130432,
          0.07980737551415336,
          0.02026926770840982
        ],
        [
          0.17415515092398767,
          0.17595384705367584,
          0.15343226127206944,
          0.13686429019972712,
          0.15468595379221062,
          0.1313116728573692,
          0.07359682390096003
        ],
        [
          0.06989919758332086,
          0.09331181793337277,
          0.2530639715159632,
          0.1566672221837252,
          0.0891435969434614,
          0.1252459095682697,
          0.21266828427188691
        ],
        [
          0.040929778630718894,
          0.07255426348831855,
          0.2557142947138136,
          0.2810793832464895,
          0.1554984861643145,
          0.055454742866108346,
          0.13876905089023658
        ],
        [
          0.10448275063130806,
          0.2476134103267592,
          0.032347131435833974,
          0.24541895706411085,
          0.014786576984007212,
          0.09854294748822787,
          0.2568082260697528
        ],
        [
          0.09499441769787105,
          0.23714367755446789,
          0.013713015979676255,
          0.08717039464982589,
          0.1967855545902033,
          0.2417068561200877,
          0.12848608340786788
        ],
        [
          0.039173937295615406,
          0.14376989190095038,
          0.25040178117743034,
          0.07892843418109607,
          0.16031915684860518,
          0.20247375639073195,
          0.12493304220557071
        ],
        [
          0.0018465892620439111,
          0.19010962011406204,
          0.1888771154081661,
          0.16212149493225195,
          0.11879819806116317,
          0.13294283951987987,
          0.20530414270243305
        ],
        [
          0.17827644479574586,
          0.2329765884205985,
          0.06070902608814814,
          0.245512407863271,
          0.05721651755611679,
          0.13677634717610201,
          0.0885326681000177
        ],
        [
          0.10536432268219144,
          0.10880237732617273,
          0.26844240508937783,
          0.025460389322542753,
          0.17802783278083129,
          0.1742418982633097,
          0.13966077453557424
        ],
        [
          0.11340602248388897,
          0.1441767316810699,
          0.08723972051949506,
          0.1220102713164721,
          0.21108464195868512,
          0.19971099445456678,
          0.12237161758582205
        ],
        [
          0.010494880268676978,
          0.18459355079188355,
          0.07466295016100848,
          0.24292518368702656,
          0.12047296485976088,
          0.19939978558725144,
          0.16745068464439208
        ],
        [
          0.08105366630483862,
          0.23966899957735496,
          0.09430121758440792,
          0.19457574340387399,
          0.23263281931840704,
          0.06406753094082394,
          0.0937000228702935
        ]
      ],
      "timestamps": [
        0,
        1,
        2,
        3,
        4,
        5,
        6,
        7,
        8,
        9,
        10,
        11,
        12,
        13,
        14,
        15,
        16,
        17,
        18,
        19,
        20,
        21,
        22,
        23,
        24,
        25,
        26,
        27,
        28,
        29,
        30,
        31,
        32,
        33,
        34,
        35,
        36,
        37,
        38,
        39,
        40,
        41,
        42,
        43,
        44,
        45,
        46,
        47,
        48,
        49,
        50,
        51,
        52
      ],
      "distance": 321.8
    },
    {
      "trip_id": 1,
      "transport_method": "bicycle",
      "start_time": 53,
      "path": [
        [
          1.5270885000000003,
          42.5094371
        ],
        [
          1.5259870314546877,
          42.50917138567067
        ],
        [
          1.5248815512144982,
          42.508924061445846
        ],
        [
          1.5237847224172714,
          42.50866121467785
        ],
        [
          1.5230866388927577,
          42.50799854713637
        ],
        [
          1.5241575014506863,
          42.507819646822554
        ],
        [
          1.5246915568121608,
          42.50835362499318
        ],
        [
          1.5257927488840497,
          42.50861853978838
        ],
        [
          1.5269137634100485,
          42.508763087008774
        ],
        [
          1.528007221361229,
          42.508906189283536
        ],
        [
          1.5288217994798878,
          42.50881109699517
        ],
        [
          1.527897371394819,
          42.5081559101694
        ],
        [
          1.5271120016556983,
          42.50811779975019
        ],
        [
          1.5276946949585017,
          42.50779240219365
        ],
        [
          1.527383415121209,
          42.507241916723586
        ],
        [
          1.527656403013741,
          42.506881518275065
        ],
        [
          1.5270570955940233,
          42.505943494111946
        ],
        [
          1.5269085585283357,
          42.50643119566187
        ],
        [
          1.5268460107311361,
          42.50596232981208
        ],
        [
          1.5274302436934206,
          42.50640191188197
        ],
        [
          1.5277737426568982,
          42.50721563479055
        ],
        [
          1.5266443473626157,
          42.50712451217877
        ],
        [
          1.5261638211104294,
          42.507081953683674
        ],
        [
          1.5272889251598196,
          42.50717651842731
        ],
        [
          1.5276259614950665,
          42.50683794647592
        ],
        [
          1.527015737096068,
          42.50591139786125
        ],
        [
          1.5263828415201581,
          42.50636208714334
        ],
        [
          1.5264339000000005,
          42.5061227
        ]
      ],
      "emotions": [
        "purple",
        "purple",
        "purple",
        "purple",
        "purple",
        "purple",
        "purple",
        "red",
        "red",
        "red",
        "red",
        "red",
        "purple",
        "purple",
        "purple",
        "purple",
        "purple",
        "purple",
        "purple",
        "purple",
        "purple",
        "purple",
        "purple",
        "purple",
        "purple",
        "purple",
        "purple",
        "red"
      ],
      "mood_vectors": [
        [
          0.11010379980689285,
          0.010480646570262434,
          0.146419887185462,
          0.08210238657936003,
          0.1968896576804874,
          0.3326923067762675,
          0.12131131540126774
        ],
        [
          0.1274678272539724,
          0.11847956279979559,
          0.15530421640677797,
          0.03364785602536389,
          0.24571198331869892,
          0.05810209557776571,
          0.26128645861762556
        ],
        [
          0.18573630236685743,
          0.011728084932457345,
          0.07176623869573241,
          0.2277975830088396,
          0.22062546436256855,
          0.20397129452543442,
          0.07837503210811027
        ],
        [
          0.2695739187535093,
          0.08340242495916457,
          0.03937622048937329,
          0.03138625172797824,
          0.26524421703710993,
          0.1602332284516607,
          0.15078373858120403
        ],
        [
          0.0493259607958596,
          0.07940312973279673,
          0.13571304315263694,
          0.2426348480802463,
          0.14494930226562205,
          0.10393181305919018,
          0.2440419029136482
        ],
        [
          0.05779492543217811,
          0.16239086929026247,
          0.14477633881539836,
          0.21123478449335664,
          0.210366104740349,
          0.009413311098602281,
          0.20402366612985315
        ],
        [
          0.17503898619409308,
          0.38469773025021625,
          0.022868250099758843,
          0.0727587815741058,
          0.2722410641987719,
          0.04993718303306962,
          0.022458004649984563
        ],
        [
          0.07212361975780783,
          0.19143534475453441,
          0.14761997370663854,
          0.03908912091314478,
          0.22113792247955452,
          0.09871911659267342,
          0.22987490179564649
        ],
        [
          0.19682331457486882,
          0.06127209040099192,
          0.21618496091695835,
          0.12003592818382104,
          0.06974735573471302,
          0.23210456865204177,
          0.10383178153660516
        ],
        [
          0.1878028710887733,
          0.00936926116626624,
          0.05824079658875405,
          0.25955139412957967,
          0.010819845405565414,
          0.1995173622859265,
          0.2746984693351348
        ],
        [
          0.004727028378083053,
          0.154602186443536,
          0.18239142300386654,
          0.12135715991814759,
          0.15414892088751053,
          0.17319578214240494,
          0.20957749922645136
        ],
        [
          0.09130464804841826,
          0.16820288187176397,
          0.02176837631456582,
          0.2616550288021316,
          0.21657375269607737,
          0.019407948225780645,
          0.2210873640412624
        ],
        [
          0.1537328750287619,
          0.19958628605435513,
          0.15852228954696762,
          0.14280207679477058,
          0.0820576688126926,
          0.20926572528972034,
          0.05403307847273185
        ],
        [
          0.11266866828388757,
          0.00787212730922966,
          0.20403149246678634,
          0.14264818209184435,
          0.2266567838404934,
          0.16771083786033436,
          0.1384119081474244
        ],
        [
          0.1215864362286381,
          0.1506426334366627,
          0.20318071131516072,
          0.13919478444974231,
          0.09867331580076624,
          0.16627981813776566,
          0.12044230063126432
        ],
        [
          0.14911674406926362,
          0.22066270300139826,
          0.10200707235576462,
          0.15189732203424988,
          0.07640426350276894,
          0.1030189514626688,
          0.19689294357388587
        ],
        [
          0.1895098618368675,
          0.12616303668154932,
          0.07256036902969788,
          0.22054353117799239,
          0.17238247362976147,
          0.1421704826804981,
          0.07667024496363324
        ],
        [
          0.1671530489868751,
          0.008394775974677242,
          0.1858234525450534,
          0.015312933664882301,
          0.250689582233129,
          0.09623818486121041,
          0.2763880217341726
        ],
        [
          0.09110768862308428,
          0.1262871416631587,
          0.16150013010176079,
          0.223745263956711,
          0.011478414144399898,
          0.21568641212706133,
          0.17019494938382396
        ],
        [
          0.1203446661031074,
          0.05870776961563948,
          0.10080710889078999,
          0.02265169713802827,
          0.19756026305659097,
          0.3273759126210269,
          0.17255258257481695
        ],
        [
          0.20042061604865996,
          0.06174480356561649,
          0.1668898365943059,
          0.1821977001543713,
          0.17062074530579904,
          0.17636372960539762,
          0.041762568725849596
        ],
        [
          0.19467082708514705,
          0.2035571422973533,
          0.24431715050471897,
          0.025091063556905508,
          0.03355443253230188,
          0.19075663303675602,
          0.1080527509868172
        ],
        [
          0.18721852086941912,
          0.1827487253323442,
          0.022516406893132685,
          0.1402278670080791,
          0.16236446794516307,
          0.16975302090699804,
          0.13517099104486383
        ],
        [
          0.1381585919676952,
          0.1618045940720173,
          0.0034593051177364835,
          0.26745238708285285,
          0.2174499547322861,
          0.08609610863578417,
          0.12557905839162795
        ],
        [
          0.024698725672620846,
          0.01711810943077613,
          0.21839623125994329,
          0.08969928418815357,
          0.2900647131355097,
          0.0695945074463692,
          0.29042842886662723
        ],
        [
          0.21255609781353804,
          0.02750553324059166,
          0.207566143504782,
          0.08072985770971941,
          0.20831429424188377,
          0.05288944111420053,
          0.21043863237528465
        ],
        [
          0.23049771577780573,
          0.14970100449361903,
          0.14429766596044427,
          0.08452033059531079,
          0.11951510580704242,
          0.10568419396903715,
          0.16578398339674066
        ],
        [
          0.12170760929715363,
          0.03929330525878074,
          0.186116435122761,
          0.17946406646527527,
          0.2021362373407187,
          0.1317324004654342,
          0.13954994604987647
        ]
      ],
      "timestamps": [
        53,
        54,
        55,
        56,
        57,
        58,
        59,
        60,
        61,
        62,
        63,
        64,
        65,
        66,
        67,
        68,
        69,
        70,
        71,
        72,
        73,
        74,
        75,
        76,
        77,
        78,
        79,
        80
      ],
      "distance": 483.6
    },
    {
      "trip_id": 2,
      "transport_method": "car",
      "start_time": 81,
      "path": [
        [
          1.5264339000000005,
          42.5061227
        ],
        [
          1.5264598068268436,
          42.506133578265946
        ],
        [
          1.5264584530345235,
          42.506320836670234
        ],
        [
          1.5265236345613449,
          42.50628527636118
        ],
        [
          1.5268419077273079,
          42.50600776931285
        ],
        [
          1.5269142191735752,
          42.50586805313029
        ],
        [
          1.5272397937701223,
          42.506138884171456
        ],
        [
          1.5274740175449222,
          42.50649718185388
        ],
        [
          1.5276545966410164,
          42.50687893276314
        ],
        [
          1.5279196482067259,
          42.50721880944336
        ],
        [
          1.5275089783256957,
          42.507194272901145
        ],
        [
          1.5270792255245702,
          42.50715959930382
        ],
        [
          1.5266494727234448,
          42.50712492570649
        ],
        [
          1.5262197199223193,
          42.50709025210917
        ],
        [
          1.5262041247148965,
          42.5068090457816
        ],
        [
          1.526012501176979,
          42.50707158266337
        ],
        [
          1.5255832288650697,
          42.50703139546821
        ],
        [
          1.5252424473284991,
          42.506937956199536
        ],
        [
          1.5256069000000003,
          42.506707600000006
        ]
      ],
      "emotions": [
        "red",
        "red",
        "red",
        "red",
        "red",
        "red",
        "red",
        "red",
        "red",
        "red",
        "red",
        "red",
        "red",
        "red",
        "red",
        "red",
        "red",
        "red",
        "red"
      ],
      "mood_vectors": [
        [
          0.20225421766387178,
          0.17469347299197693,
          0.2056387107870597,
          0.1296601198601257,
          0.061530539427523345,
          0.08455289899085236,
          0.14167004027859023
        ],
        [
          0.18098381110445955,
          0.07074062612178929,
          0.19788047396929914,
          0.07724968845477549,
          0.12607976705190943,
          0.14809510680406165,
          0.19897052649370534
        ],
        [
          0.23744766736968712,
          0.09859777320808015,
          0.06983641735623025,
          0.10626281713562952,
          0.1001815637775385,
          0.2453451484913846,
          0.14232861266144983
        ],
        [
          0.08889914022568882,
          0.061383725803322804,
          0.2110443202099827,
          0.11382906696423441,
          0.18514005389839766,
          0.21794000403546102,
          0.1217636888629126
        ],
        [
          0.17552001065728043,
          0.048096528615818625,
          0.23876902648246218,
          0.23649451508286587,
          0.04062653779548044,
          0.14644130414862244,
          0.11405207721747002
        ],
        [
          0.012621776412787786,
          0.04870888159181322,
          0.10946088649227294,
          0.3099000498464369,
          0.1041534207587185,
          0.2808599674425864,
          0.13429501745538433
        ],
        [
          0.17033102993591162,
          0.058963755210247326,
          0.24440529167025557,
          0.04142177973410134,
          0.21262022577081247,
          0.04734364990601237,
          0.22491426777265935
        ],
        [
          0.2959278003787025,
          0.09345253281106289,
          0.05923393680843919,
          0.03562958128086145,
          0.24440039241842185,
          0.18161858716980042,
          0.08973716913271167
        ],
        [
          0.012467176755005038,
          0.18305641438144227,
          0.2564264828313952,
          0.08551021306383487,
          0.010233704981528955,
          0.22901763826477256,
          0.22328836972202118
        ],
        [
          0.07531771570815372,
          0.2236795808537109,
          0.14011039121696012,
          0.11193846608830271,
          0.2091712268011047,
          0.12278696953866795,
          0.11699564979310001
        ],
        [
          0.07813588855738973,
          0.2922529719423393,
          0.23119391751987148,
          0.059526889411819536,
          0.12828954453903227,
          0.1928957397713038,
          0.017705048258243906
        ],
        [
          0.2324287749336551,
          0.18351297916988343,
          0.03150107264282083,
          0.09702029476218124,
          0.08113469940775742,
          0.21715367689915227,
          0.1572485021845497
        ],
        [
          0.16751240884407353,
          0.19547996098518614,
          0.0034497703231528877,
          0.04338031517674531,
          0.2220486347718106,
          0.21572086458799283,
          0.15240804531103866
        ],
        [
          0.19194034386826087,
          0.1051529935021891,
          0.11851364787178942,
          0.1322713035711328,
          0.09453242531784578,
          0.17623037212101653,
          0.18135891374776558
        ],
        [
          0.023655673471276194,
          0.042734993427334944,
          0.019093527923829925,
          0.354207777561291,
          0.02593923318538469,
          0.1788038450433661,
          0.3555649493875172
        ],
        [
          0.25207572090341923,
          0.3028423557528679,
          0.03404751609824033,
          0.26657891575609105,
          0.07343126029315676,
          0.045048841952952993,
          0.0259753892432717
        ],
        [
          0.09013649725174981,
          0.08582202828231428,
          0.008759465528914856,
          0.10883190765072721,
          0.21461594297545294,
          0.26601126167105793,
          0.22582289663978297
        ],
        [
          0.23945410832480518,
          0.06681782990601534,
          0.25422142618666865,
          0.014882763156866359,
          0.04684475541670281,
          0.20649971547940085,
          0.17127940152954085
        ],
        [
          0.14010689005133206,
          0.18690903310966897,
          0.04462633157496669,
          0.14983910558339844,
          0.1396084319700122,
          0.145417828037765,
          0.19349237967285665
        ]
      ],
      "timestamps": [
        81,
        82,
        83,
        84,
        85,
        86,
        87,
        88,
        89,
        90,
        91,
        92,
        93,
        94,
        95,
        96,
        97,
        98,
        99
      ],
      "distance": 453.1
    }
  ],
  "conversation": [
    "This fog has me in my feelings.",
    "Why are the best dumplings always cash only?",
    "Hope the traffic isn't too bad."
  ],
  "conversation_timestamps": [
    40,
    50,
    65
  ]
}
