{"agent_id": "agent-red-1111", "type": "red", "trips": [{"trip_id": 0, "transport_method": "bus", "start_time": 0, "path": [[1.5396327, 42.5094847], [1.5396615, 42.5094858], [1.5396902, 42.5094868], [1.539719, 42.5094878], [1.5397477, 42.5094888], [1.5397765, 42.5094899], [1.5398052, 42.5094909], [1.539834, 42.5094919], [1.5398628, 42.5094929], [1.5398915, 42.5094939], [1.5399203, 42.509495], [1.539949, 42.509496], [1.5399778, 42.509497], [1.5400065, 42.509498], [1.5400353, 42.5094991], [1.540064, 42.5095001], [1.5400928, 42.5095011], [1.5401216, 42.5095021], [1.5401503, 42.5095032], [1.5401791, 42.5095042], [1.5402078, 42.5095052], [1.5402366, 42.5095062], [1.5402653, 42.5095072], [1.5402941, 42.5095083], [1.5403228, 42.5095074], [1.5403513, 42.5095037], [1.540379, 42.509497], [1.5404053, 42.5094853], [1.5404306, 42.5094717], [1.540456, 42.5094581], [1.5404814, 42.5094445], [1.5405067, 42.5094309], [1.5405321, 42.5094174], [1.5405575, 42.5094038], [1.5405828, 42.5093902], [1.5406082, 42.5093766], [1.5406336, 42.509363], [1.5406589, 42.5093494], [1.5406817, 42.5093323], [1.5407022, 42.5093121], [1.5407153, 42.5092868], [1.5407215, 42.5092587], [1.5407277, 42.5092306], [1.5407339, 42.5092025], [1.5407401, 42.5091744], [1.5407464, 42.5091463], [1.5407526, 42.5091182], [1.5407588, 42.5090901], [1.540766, 42.5090623], [1.5407746, 42.5090348], [1.5407832, 42.5090074], [1.5407918, 42.5089799], [1.5408004, 42.5089524], [1.540809, 42.508925], [1.5408175, 42.5088975], [1.5408261, 42.50887], [1.5408347, 42.5088426], [1.5408433, 42.5088151], [1.5408519, 42.5087876], [1.5408605, 42.5087602], [1.5408691, 42.5087327], [1.5408776, 42.5087053], [1.5408919, 42.5086809], [1.5409106, 42.5086591], [1.5409294, 42.5086373], [1.5409427, 42.5086126], [1.5409503, 42.5085848], [1.5409578, 42.5085571], [1.5409653, 42.5085293], [1.5409728, 42.5085015], [1.5409803, 42.5084737], [1.5409879, 42.508446], [1.5409954, 42.5084182], [1.5410029, 42.5083904], [1.5410104, 42.5083626], [1.541018, 42.5083349], [1.5410255, 42.5083071], [1.5410389, 42.5082843], [1.5410649, 42.508272], [1.541091, 42.5082597]], "mood_vectors": [[0.7823, 0.0251, 0.0133, 0.035, 0.0141, 0.0559, 0.0742], [0.6177, 0.0438, 0.0748, 0.0745, 0.0683, 0.0621, 0.0587], [0.6847, 0.0726, 0.0688, 0.0414, 0.0232, 0.0327, 0.0766], [0.7782, 0.0266, 0.0242, 0.0368, 0.0671, 0.0223, 0.0448], [0.6952, 0.0592, 0.058, 0.0663, 0.0635, 0.0283, 0.0295], [0.677, 0.0664, 0.0578, 0.0152, 0.0885, 0.0649, 0.0302], [0.679, 0.0732, 0.0578, 0.0205, 0.0501, 0.0583, 0.0611], [0.6915, 0.0442, 0.0214, 0.0784, 0.0265, 0.0956, 0.0424], [0.6816, 0.0296, 0.0367, 0.0608, 0.0534, 0.0455, 0.0924], [0.7237, 0.0318, 0.035, 0.064, 0.0629, 0.0351, 0.0475], [0.6274, 0.0556, 0.071, 0.0716, 0.069, 0.0506, 0.0549], [0.702, 0.0598, 0.0469, 0.0368, 0.0575, 0.0234, 0.0736], [0.7309, 0.029, 0.0706, 0.0183, 0.0598, 0.0438, 0.0476], [0.7022, 0.0431, 0.0508, 0.0471, 0.0544, 0.06, 0.0424], [0.7459, 0.0612, 0.0738, 0.0121, 0.0164, 0.0246, 0.066], [0.7136, 0.0315, 0.0518, 0.0453, 0.0658, 0.0664, 0.0257], [0.6613, 0.0463, 0.0862, 0.0291, 0.0574, 0.0317, 0.0881], [0.6819, 0.0352, 0.0386, 0.0716, 0.0739, 0.0536, 0.0453], [0.5715, 0.0661, 0.0789, 0.059, 0.07, 0.0735, 0.081], [0.6644, 0.0772, 0.0144, 0.0656, 0.0636, 0.0825, 0.0323], [0.6814, 0.0365, 0.0733, 0.0449, 0.0728, 0.0359, 0.0552], [0.6342, 0.0841, 0.0318, 0.0846, 0.0785, 0.062, 0.0248], [0.6366, 0.0874, 0.0146, 0.0384, 0.0727, 0.0943, 0.056], [0.6889, 0.0316, 0.0323, 0.0598, 0.0815, 0.0329, 0.0729], [0.7526, 0.0129, 0.0175, 0.0706, 0.0492, 0.0206, 0.0767], [0.7149, 0.0497, 0.0404, 0.0574, 0.0534, 0.0267, 0.0575], [0.7181, 0.0198, 0.0396, 0.0396, 0.0613, 0.0983, 0.0234], [0.6285, 0.0631, 0.0596, 0.078, 0.0675, 0.057, 0.0462], [0.6281, 0.0191, 0.0747, 0.0768, 0.0601, 0.0787, 0.0626], [0.7149, 0.0527, 0.0746, 0.0232, 0.0546, 0.0326, 0.0474], [0.663, 0.0407, 0.0428, 0.0516, 0.0383, 0.0893, 0.0744], [0.6948, 0.0375, 0.0535, 0.0529, 0.0508, 0.065, 0.0455], [0.6479, 0.1003, 0.0386, 0.0211, 0.0875, 0.0437, 0.0608], [0.6576, 0.0324, 0.0742, 0.0618, 0.0672, 0.0391, 0.0677], [0.7108, 0.0668, 0.0407, 0.0505, 0.0669, 0.051, 0.0133], [0.7342, 0.0464, 0.0601, 0.023, 0.0214, 0.0353, 0.0795], [0.774, 0.0493, 0.0152, 0.0782, 0.0209, 0.0173, 0.0451], [0.6889, 0.0624, 0.0692, 0.0901, 0.0147, 0.0376, 0.0371], [0.7476, 0.0595, 0.0317, 0.046, 0.0618, 0.0252, 0.0281], [0.7282, 0.0277, 0.0899, 0.024, 0.0231, 0.0627, 0.0444], [0.7268, 0.0143, 0.0667, 0.0602, 0.0433, 0.0454, 0.0432], [0.6721, 0.0666, 0.0691, 0.0155, 0.0632, 0.0734, 0.0401], [0.674, 0.0641, 0.0667, 0.0148, 0.0581, 0.0759, 0.0465], [0.7034, 0.0571, 0.058, 0.0318, 0.0557, 0.0558, 0.0381], [0.6772, 0.014, 0.0796, 0.078, 0.077, 0.0194, 0.0546], [0.6262, 0.0405, 0.0562, 0.062, 0.0896, 0.0786, 0.047], [0.7314, 0.0409, 0.0729, 0.0143, 0.064, 0.0622, 0.0144], [0.7594, 0.0566, 0.0325, 0.0459, 0.0248, 0.013, 0.0678], [0.7552, 0.0234, 0.0142, 0.0566, 0.0729, 0.0558, 0.022], [0.7002, 0.0352, 0.0424, 0.0441, 0.0589, 0.0728, 0.0463], [0.6174, 0.0911, 0.0371, 0.0707, 0.0576, 0.0836, 0.0424], [0.6892, 0.0568, 0.0723, 0.0531, 0.0496, 0.0318, 0.0471], [0.7857, 0.035, 0.0204, 0.0372, 0.0297, 0.0244, 0.0676], [0.7422, 0.062, 0.049, 0.0332, 0.0481, 0.0327, 0.0327], [0.66, 0.0658, 0.0788, 0.0767, 0.0364, 0.0325, 0.0498], [0.6403, 0.0767, 0.0188, 0.0706, 0.0672, 0.0394, 0.0871], [0.6747, 0.0534, 0.0323, 0.0503, 0.0548, 0.0473, 0.0873], [0.7838, 0.0519, 0.0165, 0.0426, 0.0244, 0.0569, 0.024], [0.6921, 0.0742, 0.0791, 0.0479, 0.0342, 0.0401, 0.0324], [0.744, 0.0277, 0.0232, 0.065, 0.0331, 0.0706, 0.0364], [0.707, 0.0478, 0.0226, 0.0167, 0.0883, 0.0866, 0.0312], [0.6818, 0.0142, 0.0735, 0.0336, 0.0795, 0.0391, 0.0783], [0.7251, 0.019, 0.0395, 0.0746, 0.0583, 0.0558, 0.0277], [0.668, 0.0738, 0.0725, 0.0599, 0.0108, 0.0459, 0.0692], [0.6948, 0.071, 0.0279, 0.0289, 0.0379, 0.0616, 0.0779], [0.6443, 0.0878, 0.066, 0.0767, 0.0189, 0.0238, 0.0825], [0.7243, 0.0295, 0.0242, 0.0856, 0.0576, 0.0139, 0.0647], [0.6941, 0.0996, 0.0348, 0.0307, 0.0628, 0.0467, 0.0312], [0.7219, 0.0855, 0.054, 0.0315, 0.0462, 0.0349, 0.026], [0.6415, 0.0183, 0.0667, 0.0496, 0.0829, 0.0795, 0.0615], [0.7152, 0.0589, 0.0889, 0.0154, 0.0145, 0.089, 0.0182], [0.719, 0.0236, 0.068, 0.0348, 0.0216, 0.0405, 0.0925], [0.6746, 0.0619, 0.04, 0.0429, 0.057, 0.0758, 0.0476], [0.7941, 0.0174, 0.0176, 0.036, 0.0438, 0.0613, 0.0298], [0.6061, 0.0649, 0.0822, 0.0774, 0.0175, 0.0854, 0.0664], [0.7292, 0.0822, 0.0351, 0.0305, 0.0512, 0.0471, 0.0248], [0.7229, 0.0488, 0.0313, 0.0281, 0.0842, 0.0141, 0.0706], [0.6713, 0.0426, 0.0667, 0.0646, 0.0253, 0.066, 0.0635], [0.7049, 0.0513, 0.0407, 0.0336, 0.0721, 0.0741, 0.0233], [0.6227, 0.0453, 0.0735, 0.0472, 0.0932, 0.0607, 0.0573]], "emotions": ["red", "red", "red", "red", "red", "red", "red", "red", "red", "red", "red", "red", "red", "red", "red", "red", "red", "red", "red", "red", "red", "red", "red", "red", "red", "red", "red", "red", "red", "red", "red", "red", "red", "red", "red", "red", "red", "red", "red", "red", "red", "red", "red", "red", "red", "red", "red", "red", "red", "red", "red", "red", "red", "red", "red", "red", "red", "red", "red", "red", "red", "red", "red", "red", "red", "red", "red", "red", "red", "red", "red", "red", "red", "red", "red", "red", "red", "red", "red", "red"], "timestamps": [0, 40, 80, 120, 160, 200, 240, 280, 320, 360, 400, 440, 480, 520, 560, 600, 640, 680, 720, 760, 800, 840, 880, 920, 960, 1000, 1040, 1080, 1120, 1160, 1200, 1240, 1280, 1320, 1360, 1400, 1440, 1480, 1520, 1560, 1600, 1640, 1680, 1720, 1760, 1800, 1840, 1880, 1920, 1960, 2000, 2040, 2080, 2120, 2160, 2200, 2240, 2280, 2320, 2360, 2400, 2440, 2480, 2520, 2560, 2600, 2640, 2680, 2720, 2760, 2800, 2840, 2880, 2920, 2960, 3000, 3040, 3080, 3120, 3160]}], "conversation": [], "conversation_timestamps": []}