{"agent_id": "agent-orange-1673", "type": "orange", "trips": [{"trip_id": 0, "transport_method": "foot", "start_time": 0, "path": [[1.5151081, 42.5027937], [1.5153064, 42.502918], [1.5172962, 42.503747], [1.5198585, 42.5038072], [1.5222796, 42.5047797], [1.5249151, 42.5050941], [1.5275672, 42.5053253], [1.5294086, 42.5054592], [1.5317607, 42.5066106], [1.5331817, 42.5067551], [1.5355998, 42.5076884], [1.5382025, 42.5081395], [1.5406376, 42.5086654], [1.5425304, 42.508911], [1.5451495, 42.5093446], [1.5460874, 42.5096853], [1.5475171, 42.5112792], [1.5495728, 42.5117969], [1.5510015, 42.512558], [1.5517349, 42.5131139], [1.5527002, 42.5145897], [1.5538284, 42.5169807], [1.5559527, 42.518424], [1.5577098, 42.5203781], [1.5597825, 42.5220527], [1.5609981, 42.5229015], [1.5630031, 42.5246369], [1.5655015, 42.525505], [1.5677199, 42.5269858], [1.5700147, 42.5283387], [1.5722559, 42.5293501], [1.574048, 42.5308599], [1.5765813, 42.5316503], [1.5782238, 42.5317951], [1.5792048, 42.5317482], [1.5818836, 42.5316931], [1.5842947, 42.5326445], [1.5864111, 42.5342397], [1.5885187, 42.535755], [1.5904188, 42.5374294], [1.5918403, 42.5393874], [1.5918415, 42.5417015], [1.5919002, 42.5442762], [1.5917176, 42.5468114], [1.5922709, 42.5483979], [1.5917317, 42.5509305], [1.5913325, 42.5524466], [1.590712, 42.5533125], [1.5914525, 42.5553053], [1.5920891, 42.5576092], [1.5936004, 42.5593619], [1.5937686, 42.5604609], [1.5942548, 42.5626403], [1.5963296, 42.5643364], [1.5943576, 42.5637343], [1.5938946, 42.5623128], [1.5960505, 42.5639046], [1.5984282, 42.5646263], [1.6004447, 42.5661595], [1.6023822, 42.5678886], [1.6047202, 42.5689827], [1.6063815, 42.5706684], [1.6089268, 42.5714642], [1.6115245, 42.5717279], [1.6141243, 42.5722009], [1.6165291, 42.572996], [1.6189189, 42.5740898], [1.6214876, 42.5747835], [1.6237778, 42.5760236], [1.6259464, 42.5774057], [1.6284937, 42.5777204], [1.6310063, 42.5785322], [1.6336529, 42.5781514], [1.636263, 42.5786395], [1.6389048, 42.5787954], [1.6414568, 42.5794896], [1.6441313, 42.5796179], [1.6467451, 42.5801102], [1.6492842, 42.579549], [1.6509291, 42.5798425]], "mood_vectors": [[0.0502, 0.0799, 0.0442, 0.0462, 0.6528, 0.0761, 0.0506], [0.0451, 0.0407, 0.0627, 0.0341, 0.7016, 0.044, 0.0719], [0.0931, 0.0499, 0.0191, 0.0631, 0.647, 0.0967, 0.0311], [0.0409, 0.038, 0.0428, 0.0135, 0.7335, 0.0571, 0.0741], [0.078, 0.0658, 0.0166, 0.0658, 0.7116, 0.0239, 0.0384], [0.0665, 0.0163, 0.0688, 0.0163, 0.7404, 0.0496, 0.042], [0.04, 0.0688, 0.068, 0.0655, 0.6669, 0.0355, 0.0553], [0.0841, 0.0196, 0.0539, 0.0774, 0.6627, 0.0338, 0.0684], [0.1025, 0.0243, 0.0209, 0.0231, 0.7108, 0.0952, 0.0231], [0.0584, 0.0261, 0.0639, 0.0798, 0.6418, 0.0663, 0.0638], [0.0466, 0.048, 0.0152, 0.0837, 0.7005, 0.0455, 0.0605], [0.0637, 0.0543, 0.0259, 0.035, 0.705, 0.0551, 0.0609], [0.0619, 0.0137, 0.0693, 0.0405, 0.7068, 0.0496, 0.0581], [0.0321, 0.039, 0.0738, 0.0437, 0.6929, 0.0708, 0.0477], [0.0263, 0.0131, 0.0753, 0.0327, 0.7192, 0.0701, 0.0633], [0.0445, 0.0668, 0.085, 0.0389, 0.6381, 0.0501, 0.0766], [0.0303, 0.0476, 0.0527, 0.0665, 0.7423, 0.0413, 0.0194], [0.0296, 0.0243, 0.0161, 0.0284, 0.7404, 0.0744, 0.0869], [0.0844, 0.0161, 0.0578, 0.0262, 0.7175, 0.0171, 0.081], [0.0332, 0.0678, 0.0569, 0.0811, 0.6441, 0.0284, 0.0885], [0.0542, 0.079, 0.0197, 0.0374, 0.7134, 0.0385, 0.0577], [0.0268, 0.0419, 0.0577, 0.0266, 0.7499, 0.0386, 0.0586], [0.0712, 0.064, 0.0718, 0.0132, 0.7266, 0.0356, 0.0175], [0.0697, 0.0329, 0.0292, 0.0441, 0.7912, 0.0177, 0.0153], [0.0285, 0.0859, 0.0844, 0.0672, 0.6443, 0.0483, 0.0413], [0.0294, 0.0666, 0.0334, 0.0384, 0.8017, 0.0158, 0.0146], [0.0661, 0.0911, 0.0853, 0.0766, 0.5728, 0.0276, 0.0805], [0.0149, 0.016, 0.0339, 0.0543, 0.7754, 0.044, 0.0615], [0.0685, 0.0452, 0.0366, 0.0722, 0.7275, 0.0336, 0.0165], [0.0591, 0.0573, 0.0575, 0.0176, 0.7194, 0.0417, 0.0474], [0.0577, 0.0494, 0.0352, 0.0438, 0.6837, 0.0918, 0.0384], [0.0172, 0.0732, 0.0299, 0.0604, 0.7113, 0.0512, 0.0569], [0.0463, 0.0765, 0.0941, 0.0791, 0.6269, 0.0237, 0.0535], [0.0477, 0.0308, 0.0739, 0.0249, 0.7034, 0.0473, 0.0719], [0.046, 0.016, 0.0426, 0.0338, 0.7748, 0.0276, 0.0592], [0.0335, 0.0494, 0.0374, 0.0208, 0.7903, 0.0519, 0.0167], [0.0428, 0.0797, 0.0623, 0.0648, 0.6482, 0.0844, 0.0178], [0.0669, 0.026, 0.062, 0.022, 0.7062, 0.0512, 0.0657], [0.0489, 0.0301, 0.0473, 0.0301, 0.7308, 0.0878, 0.025], [0.0152, 0.0348, 0.0884, 0.0787, 0.649, 0.0625, 0.0716], [0.0646, 0.0464, 0.0789, 0.0701, 0.6591, 0.0227, 0.0582], [0.0391, 0.0615, 0.0648, 0.0451, 0.6849, 0.0554, 0.0493], [0.0602, 0.0691, 0.0629, 0.0703, 0.6499, 0.0265, 0.0612], [0.0716, 0.0523, 0.0392, 0.0516, 0.7131, 0.0231, 0.0491], [0.0709, 0.0231, 0.0395, 0.0648, 0.7014, 0.0606, 0.0396], [0.0158, 0.0513, 0.0364, 0.0309, 0.7751, 0.065, 0.0254], [0.076, 0.0358, 0.0614, 0.0496, 0.7046, 0.0133, 0.0593], [0.0469, 0.0252, 0.0403, 0.0582, 0.7755, 0.016, 0.038], [0.0523, 0.0835, 0.0538, 0.0141, 0.6647, 0.0591, 0.0724], [0.0478, 0.062, 0.0365, 0.0211, 0.7214, 0.064, 0.0473], [0.0815, 0.0133, 0.072, 0.0262, 0.7266, 0.0578, 0.0226], [0.0761, 0.0379, 0.0691, 0.0498, 0.6444, 0.0669, 0.0558], [0.0412, 0.0319, 0.0357, 0.0214, 0.7691, 0.054, 0.0468], [0.0541, 0.0224, 0.0559, 0.0743, 0.6985, 0.0624, 0.0324], [0.0386, 0.081, 0.0822, 0.0262, 0.6384, 0.0589, 0.0747], [0.0576, 0.02, 0.0315, 0.0238, 0.7619, 0.0487, 0.0566], [0.0657, 0.0772, 0.0145, 0.0666, 0.6198, 0.0742, 0.082], [0.048, 0.0436, 0.069, 0.0399, 0.694, 0.0397, 0.0657], [0.0807, 0.0847, 0.0408, 0.0304, 0.7075, 0.0395, 0.0163], [0.014, 0.0521, 0.0709, 0.0163, 0.7526, 0.0231, 0.071], [0.0326, 0.038, 0.0493, 0.0591, 0.6748, 0.0841, 0.0621], [0.0476, 0.071, 0.0571, 0.0819, 0.6246, 0.0529, 0.065], [0.0391, 0.0542, 0.0549, 0.0649, 0.6525, 0.045, 0.0893], [0.0429, 0.0736, 0.0734, 0.0201, 0.7221, 0.0114, 0.0564], [0.0174, 0.0676, 0.0307, 0.0486, 0.6728, 0.0557, 0.1073], [0.0234, 0.0499, 0.0484, 0.0778, 0.7356, 0.0168, 0.0481], [0.0241, 0.0244, 0.08, 0.0814, 0.6724, 0.0682, 0.0494], [0.0638, 0.0543, 0.0707, 0.0503, 0.6558, 0.0589, 0.0462], [0.0386, 0.069, 0.0402, 0.0576, 0.7057, 0.0268, 0.0621], [0.0811, 0.0581, 0.0444, 0.0372, 0.6619, 0.0713, 0.046], [0.0802, 0.0625, 0.0965, 0.0721, 0.6198, 0.0467, 0.0223], [0.0746, 0.0688, 0.0275, 0.06, 0.6843, 0.0582, 0.0265], [0.0594, 0.0575, 0.0192, 0.0553, 0.6502, 0.0768, 0.0815], [0.0627, 0.0263, 0.0152, 0.0842, 0.7084, 0.039, 0.0642], [0.0495, 0.0543, 0.0305, 0.0166, 0.7617, 0.0361, 0.0514], [0.0175, 0.0455, 0.0308, 0.0362, 0.7927, 0.0325, 0.0449], [0.0162, 0.057, 0.074, 0.0239, 0.756, 0.0412, 0.0317], [0.027, 0.0454, 0.0526, 0.0776, 0.7318, 0.0439, 0.0218], [0.0796, 0.0181, 0.0474, 0.0361, 0.6704, 0.0879, 0.0604], [0.0399, 0.0867, 0.0242, 0.0889, 0.6054, 0.0784, 0.0765]], "emotions": ["red", "red", "red", "red", "red", "red", "red", "red", "red", "red", "red", "red", "red", "red", "red", "red", "red", "red", "red", "red", "red", "red", "red", "red", "red", "red", "red", "red", "red", "red", "red", "red", "red", "red", "red", "red", "red", "red", "red", "red", "red", "red", "red", "red", "red", "red", "red", "red", "red", "red", "red", "red", "red", "red", "red", "red", "red", "red", "red", "red", "red", "red", "red", "red", "red", "red", "red", "red", "red", "red", "red", "red", "red", "red", "red", "red", "red", "red", "red", "red"], "timestamps": [0, 40, 80, 120, 160, 200, 240, 280, 320, 360, 400, 440, 480, 520, 560, 600, 640, 680, 720, 760, 800, 840, 880, 920, 960, 1000, 1040, 1080, 1120, 1160, 1200, 1240, 1280, 1320, 1360, 1400, 1440, 1480, 1520, 1560, 1600, 1640, 1680, 1720, 1760, 1800, 1840, 1880, 1920, 1960, 2000, 2040, 2080, 2120, 2160, 2200, 2240, 2280, 2320, 2360, 2400, 2440, 2480, 2520, 2560, 2600, 2640, 2680, 2720, 2760, 2800, 2840, 2880, 2920, 2960, 3000, 3040, 3080, 3120, 3160]}], "conversation": [], "conversation_timestamps": []}