{
  "agent_id": "agent-type-orange-48",
  "type": "orange",
  "trips": [
    {
      "trip_id": 0,
      "transport_method": "car",
      "start_time": 0,
      "path": [
        [
          1.5194995000000002,
          42.5063641
        ],
        [
          1.51986487973826,
          42.506164646373875
        ],
        [
          1.5196551645823788,
          42.50617577999768
        ],
        [
          1.5197151399071225,
          42.506393374251246
        ],
        [
          1.5200970804836658,
          42.50643155302214
        ],
        [
          1.520030031234546,
          42.50643496368806
        ],
        [
          1.5194142352676954,
          42.50625109218946
        ],
        [
          1.520011398956933,
          42.50616679933908
        ],
        [
          1.5201810107706344,
          42.506185564778406
        ],
        [
          1.5195095794248163,
          42.506196591452984
        ],
        [
          1.5188646673595099,
          42.506353068029505
        ],
        [
          1.5184327020609754,
          42.50587354055754
        ],
        [
          1.518679149669248,
          42.50550427250819
        ],
        [
          1.5193385700646422,
          42.505603141399625
        ],
        [
          1.5199980239725435,
          42.50575581095992
        ],
        [
          1.5206574778804445,
          42.50590848052021
        ],
        [
          1.5210985772639192,
          42.50601604538251
        ],
        [
          1.5217203737278464,
          42.50608404221795
        ],
        [
          1.5219105485057223,
          42.50544076884997
        ],
        [
          1.522016536599039,
          42.50478169197559
        ],
        [
          1.5214650416827322,
          42.50485907727062
        ],
        [
          1.521134556825107,
          42.50530276246258
        ],
        [
          1.5210920913548391,
          42.504843927380435
        ],
        [
          1.5204923909249701,
          42.504530005661366
        ],
        [
          1.5207340000000007,
          42.504893299999985
        ]
      ],
      "emotions": [
        "purple",
        "purple",
        "purple",
        "purple",
        "purple",
        "green",
        "green",
        "green",
        "green",
        "green",
        "red",
        "red",
        "red",
        "red",
        "red",
        "purple",
        "purple",
        "purple",
        "purple",
        "purple",
        "purple",
        "purple",
        "purple",
        "purple",
        "purple"
      ],
      "mood_vectors": [
        [
          0.25358288156684977,
          0.04693417671185895,
          0.1234286207726855,
          0.11986906138182259,
          0.13349981157335034,
          0.15461848696757713,
          0.16806696102585575
        ],
        [
          0.13174393967291811,
          0.22273154861868624,
          0.3067819473399025,
          0.02516858455922678,
          0.06715399382060083,
          0.20518006551216839,
          0.04123992047649716
        ],
        [
          0.11210905121457641,
          0.1015008020904283,
          0.10574679237935726,
          0.027012241097535965,
          0.25447279216500884,
          0.1475464780783224,
          0.2516118429747708
        ],
        [
          0.29694744262568284,
          0.1470441561310623,
          0.015000814861523737,
          0.26121391305940245,
          0.06589086006101752,
          0.10081478695463844,
          0.11308802630667264
        ],
        [
          0.16356271276797632,
          0.1304906309199019,
          0.135029678963952,
          0.10198502737122861,
          0.20002633442027096,
          0.16647732460677847,
          0.10242829094989175
        ],
        [
          0.1003520179640188,
          0.08325375910054864,
          0.23540118318897868,
          0.002137966095503999,
          0.22978605197972393,
          0.1938406287061253,
          0.15522839296510058
        ],
        [
          0.1987754594019023,
          0.0772867235647648,
          0.062417580281399467,
          0.2997315227195388,
          0.2311195533783085,
          0.11596952358530016,
          0.014699637068786022
        ],
        [
          0.12710636399502892,
          0.10997732056134502,
          0.2785095790942044,
          0.029353083475263476,
          0.24643097454176127,
          0.19410184614585343,
          0.014520832186543526
        ],
        [
          0.12072038305687204,
          0.337293803775423,
          0.02373726795038825,
          0.18099878692046464,
          0.23047377739844013,
          0.038641349831947,
          0.06813463106646499
        ],
        [
          0.10443713443501183,
          0.18622293722350977,
          0.07519506844745279,
          0.13158103468621102,
          0.1620781044548438,
          0.17839663184139803,
          0.16208908891157267
        ],
        [
          0.2858669797134305,
          0.06444067198753924,
          0.1119755889520787,
          0.12411959697374408,
          0.33785652532826316,
          0.04845662745751476,
          0.027284009587429568
        ],
        [
          0.18015178095004478,
          0.1266134251036692,
          0.25760496859223003,
          0.23167176511315213,
          0.0195414513605419,
          0.038127765670815744,
          0.14628884320954627
        ],
        [
          0.10601183395606394,
          0.06545507740916164,
          0.12965696059984794,
          0.021986990173346654,
          0.1340628935474723,
          0.4689827306549372,
          0.0738435136591704
        ],
        [
          0.21324128777076595,
          0.17972623049416597,
          0.0887474588562643,
          0.06488700237830464,
          0.0690819653112264,
          0.21480031142372039,
          0.16951574376555223
        ],
        [
          0.25533427513023116,
          0.005734974225795259,
          0.00021329113680062785,
          0.21687739502726722,
          0.08345583466965982,
          0.10876930951646407,
          0.32961492029378187
        ],
        [
          0.10220546954916986,
          0.005061166502144277,
          0.031762176124397704,
          0.1484678715026571,
          0.21500472140212973,
          0.2538117483869093,
          0.24368684653259198
        ],
        [
          0.23241095786617347,
          0.1613589736490283,
          0.06806662113744094,
          0.03266622905922435,
          0.17756788888934583,
          0.010045392863790456,
          0.3178839365349967
        ],
        [
          0.16833585076938085,
          0.09339675945070514,
          0.18116844782718533,
          0.07279924780903285,
          0.06165627904416776,
          0.21132780144244637,
          0.2113156136570817
        ],
        [
          0.12460759006796449,
          0.042668152330813953,
          0.0687208426341069,
          0.30272850129684653,
          0.11003441248585243,
          0.22391639729730073,
          0.12732410388711501
        ],
        [
          0.2008327787330854,
          0.10781265565368708,
          0.08158035897149322,
          0.27465316719629673,
          0.109362106565681,
          0.003282698808360971,
          0.2224762340713956
        ],
        [
          0.09916946467586464,
          0.12377358610737775,
          0.1551794977511823,
          0.10472865793734888,
          0.19311269312853982,
          0.1680988083709271,
          0.1559372920287595
        ],
        [
          0.185174310075752,
          0.09922722758610228,
          0.10932693848701025,
          0.20303399782233203,
          0.1395398565454697,
          0.02225497287297005,
          0.2414426966103637
        ],
        [
          0.1455074432037602,
          0.24839775891184374,
          0.056569958888262266,
          0.18047669924049262,
          0.10710789506277815,
          0.08806852394377328,
          0.1738717207490898
        ],
        [
          0.25426709581091433,
          0.0059160313706236615,
          0.16360819939241786,
          0.20851264899289937,
          0.0008646095738440694,
          0.22924487889313047,
          0.13758653596617024
        ],
        [
          0.11452166757504272,
          0.03872982457080576,
          0.17863393031214297,
          0.14944313790069771,
          0.15696412764722037,
          0.16325399875508176,
          0.19845331323900872
        ]
      ],
      "timestamps": [
        0,
        1,
        2,
        3,
        4,
        5,
        6,
        7,
        8,
        9,
        10,
        11,
        12,
        13,
        14,
        15,
        16,
        17,
        18,
        19,
        20,
        21,
        22,
        23,
        24
      ],
      "distance": 257.4
    },
    {
      "trip_id": 1,
      "transport_method": "stopped",
      "start_time": 25,
      "path": [
        [
          1.5207340000000007,
          42.504893299999985
        ],
        [
          1.5207340000000007,
          42.504893299999985
        ],
        [
          1.5207340000000007,
          42.504893299999985
        ],
        [
          1.5207340000000007,
          42.504893299999985
        ],
        [
          1.5207340000000007,
          42.504893299999985
        ],
        [
          1.5207340000000007,
          42.504893299999985
        ],
        [
          1.5207340000000007,
          42.504893299999985
        ],
        [
          1.5207340000000007,
          42.504893299999985
        ]
      ],
      "emotions": [
        "purple",
        "purple",
        "purple",
        "purple",
        "purple",
        "purple",
        "purple",
        "purple"
      ],
      "mood_vectors": [
        [
          0.10510206739975907,
          0.1077908179270346,
          0.0261763271255794,
          0.23828515493265356,
          0.32355880649672153,
          0.12174876764425054,
          0.07733805847400131
        ],
        [
          0.23884689289674504,
          0.07376030989699475,
          0.12919242971271064,
          0.24956323271305858,
          0.04230867208396088,
          0.0818706983672135,
          0.18445776432931665
        ],
        [
          0.16932927673996737,
          0.15588298927112668,
          0.1373874068114706,
          0.059378932101540244,
          0.1568340864418187,
          0.18807875736747617,
          0.13310855126660018
        ],
        [
          0.0957316672548084,
          0.12002751612141674,
          0.056770062799474004,
          0.23187760910878788,
          0.2260005422012635,
          0.08853726255658162,
          0.18105533995766782
        ],
        [
          0.072088947604069,
          0.2792340136563973,
          0.111015946649858,
          0.2705332475048323,
          0.187821777103053,
          0.07115297393911096,
          0.008153093542679431
        ],
        [
          0.1279442249764162,
          0.06404551001834807,
          0.22866317773088768,
          0.28741271862060075,
          0.16420667130233224,
          0.08361975059072861,
          0.04410794676068654
        ],
        [
          0.05245493833880079,
          0.1044905834541562,
          0.08867862012428603,
          0.09726935772710675,
          0.25372183159281003,
          0.15355785715743833,
          0.24982681160540188
        ],
        [
          0.0485645454008117,
          0.02968987117723493,
          0.16013256308012686,
          0.26152116865835523,
          0.19420294083301445,
          0.1798651587342148,
          0.126023752116242
        ]
      ],
      "timestamps": [
        25,
        26,
        27,
        28,
        29,
        30,
        31,
        32
      ]
    },
    {
      "trip_id": 2,
      "transport_method": "car",
      "start_time": 33,
      "path": [
        [
          1.5207340000000007,
          42.504893299999985
        ],
        [
          1.52048185116282,
          42.50467494940731
        ],
        [
          1.520717453470994,
          42.50464781785196
        ],
        [
          1.5211298349589404,
          42.50486368480679
        ],
        [
          1.5211662205098082,
          42.50521007343219
        ],
        [
          1.521230450035054,
          42.50502205449272
        ],
        [
          1.521548844461484,
          42.504874466762544
        ],
        [
          1.521941130034639,
          42.50478575929265
        ],
        [
          1.5219971179613374,
          42.50511439674859
        ],
        [
          1.5218781786730482,
          42.505564406655495
        ],
        [
          1.521762923405885,
          42.50601537589744
        ],
        [
          1.521374124701512,
          42.50612155225198
        ],
        [
          1.5209394361460562,
          42.50595511038962
        ],
        [
          1.52069744373371,
          42.50591773297769
        ],
        [
          1.5202439730169528,
          42.50581275039422
        ],
        [
          1.5197905023001956,
          42.50570776781075
        ],
        [
          1.5193370315834385,
          42.505602785227275
        ],
        [
          1.5188835608666813,
          42.5054978026438
        ],
        [
          1.518430195678386,
          42.505562234479584
        ],
        [
          1.5184490393518955,
          42.505914590212704
        ],
        [
          1.518728225356474,
          42.506285961746116
        ],
        [
          1.5191572487157954,
          42.5063232043191
        ],
        [
          1.519522721150214,
          42.50636725239324
        ],
        [
          1.519983954724688,
          42.50642986727619
        ],
        [
          1.5203538952468918,
          42.50640833204653
        ],
        [
          1.5201816051953165,
          42.5064349296175
        ],
        [
          1.519718934348255,
          42.506393889366585
        ],
        [
          1.519277650783266,
          42.50646572335046
        ],
        [
          1.5189655088827867,
          42.50635829865134
        ],
        [
          1.5187901307037397,
          42.506624469978355
        ],
        [
          1.5187212916613593,
          42.50690389236155
        ],
        [
          1.5183279478336642,
          42.506657796228076
        ],
        [
          1.5179357301428278,
          42.50640715242348
        ],
        [
          1.51761689624528,
          42.50659804526725
        ],
        [
          1.5179691467831256,
          42.50665729051377
        ],
        [
          1.5178182014748662,
          42.50709760011814
        ],
        [
          1.517802743833393,
          42.50714269027749
        ],
        [
          1.5179536891416523,
          42.50670238067311
        ],
        [
          1.517577500759527,
          42.50659592110821
        ],
        [
          1.5171134859426512,
          42.50655923221869
        ],
        [
          1.5166494780187034,
          42.50652243982405
        ],
        [
          1.5161862316933685,
          42.50648981874762
        ],
        [
          1.5157651632420739,
          42.50668820824611
        ],
        [
          1.5153440947907795,
          42.50688659774461
        ],
        [
          1.515286397425586,
          42.507047210305295
        ],
        [
          1.515739270262886,
          42.50715474275168
        ],
        [
          1.5161921431001864,
          42.50726227519806
        ],
        [
          1.5166450159374867,
          42.50736980764444
        ],
        [
          1.5170789417782422,
          42.50752099862889
        ],
        [
          1.5174658000000008,
          42.507779799999994
        ]
      ],
      "emotions": [
        "red",
        "red",
        "purple",
        "purple",
        "purple",
        "purple",
        "purple",
        "red",
        "red",
        "red",
        "red",
        "red",
        "green",
        "green",
        "green",
        "green",
        "green",
        "purple",
        "purple",
        "purple",
        "purple",
        "purple",
        "purple",
        "purple",
        "purple",
        "purple",
        "purple",
        "purple",
        "purple",
        "purple",
        "purple",
        "purple",
        "green",
        "green",
        "green",
        "green",
        "green",
        "green",
        "green",
        "green",
        "green",
        "green",
        "purple",
        "purple",
        "purple",
        "purple",
        "purple",
        "purple",
        "purple",
        "purple"
      ],
      "mood_vectors": [
        [
          0.2813866790059348,
          0.02884354923701913,
          0.23171353015479382,
          0.1669997702733466,
          0.19970327341836405,
          0.0199260810994079,
          0.07142711681113373
        ],
        [
          0.08585885330509736,
          0.02687739561670877,
          0.13767149698790113,
          0.26702335187593657,
          0.2248008234659807,
          0.10320678981985978,
          0.1545612889285157
        ],
        [
          0.24744507663631984,
          0.3068901477825786,
          0.01883760560360091,
          0.15660096412463406,
          0.15717661975813596,
          0.0760537508181495,
          0.036995835276581075
        ],
        [
          0.1532206998364437,
          0.13211972781923093,
          0.03345968911119825,
          0.49324933608130894,
          0.10072217371445648,
          0.031301398897671036,
          0.05592697453969074
        ],
        [
          0.0017275380281888781,
          0.17618631817230046,
          0.22438520170964066,
          0.0978847771270498,
          0.10833014508772824,
          0.19534084013158626,
          0.19614517974350573
        ],
        [
          0.011008204381799567,
          0.04873930755558924,
          0.12147056220620094,
          0.1996457849533277,
          0.21636479871207753,
          0.24870865270302397,
          0.15406268948798105
        ],
        [
          0.16917562649222426,
          0.20381764807055544,
          0.15618078991274084,
          0.1244449653084274,
          0.22478646216370093,
          0.0014057924160286056,
          0.12018871563632265
        ],
        [
          0.024223222238593963,
          0.18242388457777403,
          0.1593337592446854,
          0.157924780274769,
          0.15735201138486193,
          0.17329916916286447,
          0.1454431731164512
        ],
        [
          0.130307036179765,
          0.1719958739885932,
          0.13228346551268946,
          0.16740644102151836,
          0.14090470103325797,
          0.10107158923694823,
          0.15603089302722775
        ],
        [
          0.23950709225574882,
          0.1367236395525303,
          0.278302878879583,
          0.015027941453926625,
          0.00883213699777214,
          0.2790628721250457,
          0.042543438735393374
        ],
        [
          0.017948724183003126,
          0.23509904706484905,
          0.19837321454205709,
          0.26623570708023964,
          0.002846677368407895,
          0.056090350177106015,
          0.22340627958433723
        ],
        [
          0.13489284718839273,
          0.14152143443352316,
          0.20340767471811552,
          0.19065329772366907,
          0.125114034133939,
          0.1760850925433138,
          0.02832561925904672
        ],
        [
          0.15207276138482853,
          0.14239690878629513,
          0.05663471020745072,
          0.2080208513623783,
          0.04003684509135063,
          0.1639599536057052,
          0.23687796956199153
        ],
        [
          0.17820095700396169,
          0.06082931278286162,
          0.1311294386354743,
          0.13066382053186024,
          0.158286856128356,
          0.18896022657407427,
          0.15192938834341188
        ],
        [
          0.3294774219334174,
          0.010698669409146473,
          0.06475050641464895,
          0.21570202936972227,
          0.24327648726096723,
          0.13403626532838206,
          0.002058620283715613
        ],
        [
          0.1597011150387327,
          0.16481560330513648,
          0.08477116754697425,
          0.008199644359714741,
          0.22708056460382853,
          0.20290347320010782,
          0.1525284319455055
        ],
        [
          0.23996889080698408,
          0.08571127458371347,
          0.08709172481237695,
          0.23779053376117792,
          0.17122982522240232,
          0.02843796884156161,
          0.1497697819717837
        ],
        [
          0.0951544465924127,
          0.07812299528499787,
          0.09833488283549144,
          0.23930516390069398,
          0.2278038454593278,
          0.03324043679912247,
          0.22803822912795377
        ],
        [
          0.0028989316082067354,
          0.03758261934050109,
          0.2756870059019149,
          0.18522370173438674,
          0.2235450063779387,
          0.2259871037590956,
          0.04907563127795626
        ],
        [
          0.09507998264732993,
          0.1581679062017231,
          0.21404310773911744,
          0.17197755789613145,
          0.028230315514472814,
          0.17160795217171604,
          0.16089317782950927
        ],
        [
          0.13834408414138963,
          0.07401790568581618,
          0.18562438528024128,
          0.10531361684911278,
          0.1511206565394077,
          0.23622381380126722,
          0.10935553770276521
        ],
        [
          0.11629302236899365,
          0.2610993881047714,
          0.0005337666359995828,
          0.23163915148175654,
          0.07854582421933837,
          0.2455309233607532,
          0.06635792382838723
        ],
        [
          0.16433984371312943,
          0.09318801775583316,
          0.175634878322847,
          0.116392185062406,
          0.15862277575325823,
          0.15524977921441405,
          0.13657252017811214
        ],
        [
          0.19207405692967708,
          0.009952418681668657,
          0.13646500432031325,
          0.05525468599552357,
          0.2196392245059081,
          0.22525634155926336,
          0.16135826800764597
        ],
        [
          0.10899612191344038,
          0.016870093097238,
          0.012870945044176824,
          0.24989200918264765,
          0.3050879419013566,
          0.29393269211131773,
          0.01235019674982283
        ],
        [
          0.1497033609168656,
          0.050044535366346364,
          0.15972134359350795,
          0.17184137518678588,
          0.17883012028872,
          0.2782954590712247,
          0.011563805576549388
        ],
        [
          0.23777449469173473,
          0.21820507603787187,
          0.24887711869048817,
          0.012466134075624712,
          0.008978634314789548,
          0.05457999084805591,
          0.219118551341435
        ],
        [
          0.2287685098385538,
          0.170655464721316,
          0.1471757614691282,
          0.12160625564668372,
          0.20735460205789108,
          0.10260344997963683,
          0.021835956286790317
        ],
        [
          0.10192241863429166,
          0.2291147082764088,
          0.10087526515126442,
          0.15442363798582076,
          0.11320906426997743,
          0.16107698418263933,
          0.13937792149959766
        ],
        [
          0.21028568295214473,
          0.2258885978681242,
          0.1460358584745815,
          0.010721268028435281,
          0.22555979252301142,
          0.060082305964978155,
          0.12142649418872481
        ],
        [
          0.037613922147027946,
          0.23531392638991222,
          0.10868638983945249,
          0.15880252553059332,
          0.21786766207888042,
          0.11631961966913121,
          0.12539595434500242
        ],
        [
          0.28854912266123683,
          0.04710633436898736,
          0.18553669280748072,
          0.11901997306142084,
          0.09050597932657169,
          0.26353611731344284,
          0.0057457804608596185
        ],
        [
          0.21922558550934848,
          0.12830155615284977,
          0.0075321819221868536,
          0.2295497540843025,
          0.17025647663074214,
          0.15185929765414466,
          0.09327514804642559
        ],
        [
          0.08771142262219092,
          0.1853108012333747,
          0.14113512385184637,
          0.1220001154060253,
          0.12340373301492931,
          0.11254037174493288,
          0.22789843212670044
        ],
        [
          0.01491968471948117,
          0.09660686964985589,
          0.2918221814615741,
          0.3524599968574889,
          0.02348422220610545,
          0.135635532966815,
          0.08507151213867953
        ],
        [
          0.015554515335470276,
          0.019764211792396222,
          0.23397039238887707,
          0.1657025096699237,
          0.11968510914002901,
          0.18544805608726683,
          0.2598752055860369
        ],
        [
          0.3313057401504072,
          0.1585047526267675,
          0.06210655656096312,
          0.07312335928792499,
          0.1268082469184784,
          0.1134031248640957,
          0.13474821959136318
        ],
        [
          0.09966326817643639,
          0.11340048300407632,
          0.08178325616611708,
          0.09987917929813037,
          0.13828695789140652,
          0.22730389350350771,
          0.23968296196032565
        ],
        [
          0.0825384509311408,
          0.14255378290473633,
          0.09912653965978824,
          0.16504082380085688,
          0.18217516214774904,
          0.1929908571910751,
          0.13557438336465355
        ],
        [
          0.20460366580434383,
          0.0031072067872853666,
          0.25945329321625876,
          0.11044478152481838,
          0.09917773289007815,
          0.2424271490867827,
          0.08078617069043283
        ],
        [
          0.07493405665548805,
          0.09232355801215228,
          0.030397809918106835,
          0.23483581958563113,
          0.17901406713257026,
          0.1640816844643911,
          0.22441300423166036
        ],
        [
          0.1990399498877507,
          0.13874961713011608,
          0.08285604174555257,
          0.09798430058660279,
          0.14773818295241264,
          0.17734418120273587,
          0.1562877264948294
        ],
        [
          0.01980898622503748,
          0.0060126018830225295,
          0.16322173459053207,
          0.29200338389763597,
          0.09599724574187267,
          0.2521838228845529,
          0.1707722247773464
        ],
        [
          0.19026638482814925,
          0.16339778476693123,
          0.10811771720480004,
          0.23601349809381347,
          0.06875170422148713,
          0.15604273946833797,
          0.07741017141648089
        ],
        [
          0.05966500458038725,
          0.12947519191332,
          0.17075001703225443,
          0.21349250857334923,
          0.016848663646119765,
          0.13322990571058985,
          0.27653870854397955
        ],
        [
          0.17827715738934596,
          0.084114923013019,
          0.15432748587748032,
          0.011777031698790845,
          0.2836026462922493,
          0.04684564888624289,
          0.24105510684287176
        ],
        [
          0.19647568562783435,
          0.29453159236566706,
          0.10320654268464788,
          0.29317119762482985,
          0.014595490953983102,
          0.02916698816433351,
          0.06885250257870426
        ],
        [
          0.12345585601805702,
          0.19865283942948556,
          0.04022566602569477,
          0.1380437613284358,
          0.2022446323922562,
          0.22011214640064594,
          0.07726509840542464
        ],
        [
          0.2660517697737479,
          0.12911086047757286,
          0.08980005160599404,
          0.07018317135884246,
          0.16619550136759037,
          0.2215876109761241,
          0.05707103444012821
        ],
        [
          0.04847145682058104,
          0.06180999516166751,
          0.12896698263122142,
          0.10141128864636072,
          0.31648650784637344,
          0.2541713736158009,
          0.08868239527799501
        ]
      ],
      "timestamps": [
        33,
        34,
        35,
        36,
        37,
        38,
        39,
        40,
        41,
        42,
        43,
        44,
        45,
        46,
        47,
        48,
        49,
        50,
        51,
        52,
        53,
        54,
        55,
        56,
        57,
        58,
        59,
        60,
        61,
        62,
        63,
        64,
        65,
        66,
        67,
        68,
        69,
        70,
        71,
        72,
        73,
        74,
        75,
        76,
        77,
        78,
        79,
        80,
        81,
        82
      ],
      "distance": 224.6
    },
    {
      "trip_id": 3,
      "transport_method": "bicycle",
      "start_time": 83,
      "path": [
        [
          1.5174658000000008,
          42.507779799999994
        ],
        [
          1.5157600764341919,
          42.50715968307558
        ],
        [
          1.5161475417053298,
          42.50650804782011
        ],
        [
          1.5179744936170996,
          42.50664169372326
        ],
        [
          1.517615318313345,
          42.50659796018699
        ],
        [
          1.5188382590714908,
          42.506863557827444
        ],
        [
          1.5199710088753633,
          42.50625541038255
        ],
        [
          1.5184392283212138,
          42.50588993866991
        ],
        [
          1.5197955171558875,
          42.50570892879532
        ],
        [
          1.5210754610004684,
          42.50627279431272
        ],
        [
          1.5213883184341181,
          42.506126987019606
        ],
        [
          1.523104365183405,
          42.506519318127175
        ],
        [
          1.5247152306573928,
          42.50674005776224
        ],
        [
          1.5253903610025126,
          42.50701333975342
        ],
        [
          1.5272240071039875,
          42.50717128066616
        ],
        [
          1.5273466506052702,
          42.506271015083726
        ],
        [
          1.5270769000000008,
          42.506641999999985
        ]
      ],
      "emotions": [
        "purple",
        "purple",
        "purple",
        "purple",
        "purple",
        "purple",
        "purple",
        "purple",
        "purple",
        "purple",
        "purple",
        "purple",
        "red",
        "red",
        "red",
        "red",
        "red"
      ],
      "mood_vectors": [
        [
          0.05869003937461552,
          0.054667369579087126,
          0.038779672696111434,
          0.06486770125059277,
          0.2618644185400633,
          0.17853958630857458,
          0.3425912122509553
        ],
        [
          0.06616261586516257,
          0.12002095493971333,
          0.15193418073682052,
          0.16914813364135112,
          0.30327260290628094,
          0.050205575742308606,
          0.13925593616836293
        ],
        [
          0.11331900324367904,
          0.19618149650831607,
          0.15323931568582017,
          0.030352170622766968,
          0.22855868187627956,
          0.07696869372149706,
          0.20138063834164116
        ],
        [
          0.03851962558664753,
          0.25654450453986566,
          0.21934140825161708,
          0.1481690198264021,
          0.24036152021875123,
          0.09473875111935724,
          0.002325170457359127
        ],
        [
          0.3527544643269598,
          0.029384918327867268,
          0.09367621286009988,
          0.029341781051114797,
          0.09917213160118205,
          0.20137594767297143,
          0.19429454415980485
        ],
        [
          0.09514565329762568,
          0.03110596035753325,
          0.1958737915041353,
          0.1961960431688919,
          0.4030611724628355,
          0.06603609033272721,
          0.012581288876251125
        ],
        [
          0.12090494345696924,
          0.023855627356034702,
          0.06780332350805635,
          0.12012334144453035,
          0.032326241415673064,
          0.4196284233215824,
          0.2153580994971539
        ],
        [
          0.3005959127468285,
          0.021941706401746634,
          0.08521526919927198,
          0.24820392171182107,
          0.021589898479553463,
          0.08609876400470066,
          0.23635452745607774
        ],
        [
          0.13246794758840083,
          0.051128172930008334,
          0.17234990600532873,
          0.13216257331459186,
          0.21320332509643253,
          0.1924879415510607,
          0.10620013351417708
        ],
        [
          0.19463443276610057,
          0.13489265074885748,
          0.1403583631093819,
          0.16420787552123206,
          0.13135624639703622,
          0.058398554371858945,
          0.17615187708553287
        ],
        [
          0.26386815123490864,
          0.26780737503695434,
          0.04080512589428569,
          0.23071202687654924,
          0.024657656774758268,
          0.044407055733304404,
          0.12774260844923938
        ],
        [
          0.20634343457471405,
          0.03661864494613327,
          0.021849451378876377,
          0.15324820350171858,
          0.08315254720406151,
          0.10504824233874117,
          0.393739476055755
        ],
        [
          0.01123511425341823,
          0.029848899941364634,
          0.35073594139499775,
          0.07599653840342196,
          0.21745546950726546,
          0.12238303731184538,
          0.19234499918768652
        ],
        [
          0.24459390808145876,
          0.26894224494683305,
          0.07670014094305559,
          0.18291253613727973,
          0.05686695715024465,
          0.15082931971622587,
          0.019154893024902378
        ],
        [
          0.0117447945639047,
          0.21849255153526037,
          0.21197629811054974,
          0.241215715434468,
          0.13889146987946283,
          0.1550408582649269,
          0.02263831221142747
        ],
        [
          0.23558432616206648,
          0.10281344727960305,
          0.1281608286343981,
          0.023148444480164676,
          0.22830752780272787,
          0.21747394910145046,
          0.06451147653958941
        ],
        [
          0.2128903967536351,
          0.2321703164740025,
          0.03680943298687253,
          0.15318592225096897,
          0.025254316676602096,
          0.1206821448431235,
          0.2190074700147954
        ]
      ],
      "timestamps": [
        83,
        84,
        85,
        86,
        87,
        88,
        89,
        90,
        91,
        92,
        93,
        94,
        95,
        96,
        97,
        98,
        99
      ],
      "distance": 1136.2
    }
  ],
  "conversation": [
    "No idea where this path goes, but I'm following it.",
    "This street smells like garlic and incense. I love it.",
    "How did I end up walking 10k steps already?"
  ],
  "conversation_timestamps": [
    70,
    71,
    94
  ]
}
