{
  "agent_id": "agent-type-blue-18",
  "type": "blue",
  "trips": [
    {
      "trip_id": 0,
      "transport_method": "bicycle",
      "start_time": 0,
      "path": [
        [
          1.5216587000000004,
          42.50746370000001
        ],
        [
          1.5211213191303024,
          42.50746059789019
        ],
        [
          1.5205839382606041,
          42.50745749578036
        ],
        [
          1.5209822124895298,
          42.507505221298956
        ],
        [
          1.5215195266379447,
          42.50751228845466
        ],
        [
          1.5214464949271544,
          42.5075118129878
        ],
        [
          1.5210708891426428,
          42.507728110600176
        ],
        [
          1.5214690741614287,
          42.50802758556308
        ],
        [
          1.5211333475499755,
          42.507827753318544
        ],
        [
          1.520664342781246,
          42.507565495643476
        ],
        [
          1.5205276748877843,
          42.507643135497666
        ],
        [
          1.5210020929328645,
          42.507895554476164
        ],
        [
          1.5214765109779447,
          42.50814797345466
        ],
        [
          1.5215269051688753,
          42.508432906131574
        ],
        [
          1.5211246645272507,
          42.50826855995877
        ],
        [
          1.521570006563962,
          42.50840067945218
        ],
        [
          1.5214290001369026,
          42.50812269482522
        ],
        [
          1.5209545820918222,
          42.50787027584672
        ],
        [
          1.520480164046742,
          42.50761785686822
        ],
        [
          1.5199815674635688,
          42.50761204511973
        ],
        [
          1.519551203802469,
          42.50786939870179
        ],
        [
          1.519645122797475,
          42.508398517823146
        ],
        [
          1.5196133582075186,
          42.50821956305551
        ],
        [
          1.5194240949445879,
          42.50787693233229
        ],
        [
          1.5189401789676427,
          42.50811062689675
        ],
        [
          1.5184526986316695,
          42.50833616041838
        ],
        [
          1.5187402000000005,
          42.5085045
        ]
      ],
      "emotions": [
        "purple",
        "purple",
        "purple",
        "purple",
        "purple",
        "green",
        "green",
        "green",
        "green",
        "green",
        "green",
        "green",
        "green",
        "green",
        "green",
        "purple",
        "purple",
        "purple",
        "purple",
        "purple",
        "purple",
        "purple",
        "purple",
        "purple",
        "purple",
        "red",
        "red"
      ],
      "mood_vectors": [
        [
          0.09458576900362757,
          0.08761286293591156,
          0.22349361827104927,
          0.08395748618698505,
          0.18372996447475712,
          0.24073320513206867,
          0.08588709399560085
        ],
        [
          0.21144396086535783,
          0.06573391583096776,
          0.21271139241884807,
          0.20166184141818896,
          0.09910529519305529,
          0.1514117789351386,
          0.05793181533844347
        ],
        [
          0.22903342484281938,
          0.16755563049369993,
          0.028778518077892536,
          0.10072992879974578,
          0.2074086086968654,
          0.19158594118878197,
          0.07490794790019493
        ],
        [
          0.05011799023833904,
          0.19721041670578404,
          0.03929491500001418,
          0.2538871304010935,
          0.22240696900381135,
          0.025144533717754623,
          0.2119380449332033
        ],
        [
          0.25681667261560687,
          0.03674956431451771,
          0.24623200971513318,
          0.10530070926237431,
          0.022159254145816425,
          0.17306838376193853,
          0.15967340618461298
        ],
        [
          0.1172899175902297,
          0.28891700256627906,
          0.07718881819840817,
          0.24594648062414257,
          0.013495576372402557,
          0.005988933205396103,
          0.2511732714431419
        ],
        [
          0.12709435565502405,
          0.2690367824433353,
          0.05908829682653043,
          0.3113077785828166,
          0.12705632634225883,
          0.039605568392627334,
          0.06681089175740743
        ],
        [
          0.07563746249702032,
          0.0732319453935399,
          0.3550663800625319,
          0.017265813702120603,
          0.11595402958836788,
          0.004089266963273287,
          0.35875510179314607
        ],
        [
          0.12044239839132649,
          0.2557123090102358,
          0.2043304335220409,
          0.14134048368300317,
          0.13467495863983212,
          0.11945352696401296,
          0.024045889789548556
        ],
        [
          0.22015451610280037,
          0.09144196150244596,
          0.24632999156807028,
          0.010143765766881576,
          0.07683466906555701,
          0.27000311478392736,
          0.08509198121031751
        ],
        [
          0.14286544881689817,
          0.12088425871604783,
          0.06099095211668474,
          0.15123818673468264,
          0.11040485096449712,
          0.2862668972049983,
          0.1273494054461911
        ],
        [
          0.15979576682670094,
          0.03461438935389827,
          0.0035819987704516568,
          0.29212650541696117,
          0.09808632328720336,
          0.12990354193467146,
          0.2818914744101131
        ],
        [
          0.050298275935065036,
          0.20439337010471093,
          0.27457552708445637,
          0.08790181500185026,
          0.14556608638639187,
          0.054177714514125626,
          0.18308721097339983
        ],
        [
          0.11698249071226419,
          0.17141211546546192,
          0.12394531406586777,
          0.1266139714091484,
          0.1549993353075625,
          0.21425398645168053,
          0.09179278658801468
        ],
        [
          0.05150242956478468,
          0.1828464284051401,
          0.14629282264160032,
          0.023407427020514886,
          0.17209031231515468,
          0.21580944450067685,
          0.20805113555212845
        ],
        [
          0.08659772294094839,
          0.1944173957020109,
          0.12500674596298614,
          0.14956173100140202,
          0.1711989737581883,
          0.10051173846671144,
          0.1727056921677529
        ],
        [
          0.12985794578130216,
          0.1523423251968439,
          0.0958051177879825,
          0.19818569494222465,
          0.11309860456463515,
          0.2040530272656277,
          0.10665728446138394
        ],
        [
          0.22372249518644655,
          0.2487741623625231,
          0.018343512921085686,
          0.13261011836380976,
          0.11845210123931438,
          0.16746511084256252,
          0.090632499084258
        ],
        [
          0.02601429817285846,
          0.2571723307108433,
          0.18736695728514954,
          0.10718293579100112,
          0.04047483812590706,
          0.21809334242360842,
          0.1636952974906321
        ],
        [
          0.09552914248284519,
          0.13305660525644172,
          0.023437300007053685,
          0.2480744668221047,
          0.08366960456778756,
          0.09102920494609144,
          0.3252036759176756
        ],
        [
          0.1521558637709757,
          0.20348714824199599,
          0.24466209449293896,
          0.0505409451388934,
          0.14471385578118526,
          0.19044457834617654,
          0.013995514227834105
        ],
        [
          0.040796140259753456,
          0.21733982010840006,
          0.24225951933839512,
          0.009417901475773498,
          0.1207470028098501,
          0.283606627555225,
          0.08583298845260279
        ],
        [
          0.18666621551581075,
          0.09952722334676707,
          0.17462687865569101,
          0.30248803006292785,
          0.08764384218357689,
          0.12110845219703091,
          0.027939358038195597
        ],
        [
          0.4059984133106117,
          0.029594011310416973,
          0.3236533334328576,
          0.1380364946178636,
          0.09288307560072956,
          0.002406870510505008,
          0.007427801217015523
        ],
        [
          0.002680637342720957,
          0.10260445490201715,
          0.2740270799399785,
          0.2076494103239828,
          0.0767870650422448,
          0.21625163153277963,
          0.11999972091627621
        ],
        [
          0.20017470171036897,
          0.1445127407058933,
          0.012527168559753533,
          0.028914010256191763,
          0.05137855385011407,
          0.28156784891874,
          0.28092497599893845
        ],
        [
          0.22112113825000615,
          0.09858505704562782,
          0.2220395980722352,
          0.06190664620990252,
          0.008606419655989274,
          0.18353279222867705,
          0.20420834853756203
        ]
      ],
      "timestamps": [
        0,
        1,
        2,
        3,
        4,
        5,
        6,
        7,
        8,
        9,
        10,
        11,
        12,
        13,
        14,
        15,
        16,
        17,
        18,
        19,
        20,
        21,
        22,
        23,
        24,
        25,
        26
      ],
      "distance": 561.2
    },
    {
      "trip_id": 1,
      "transport_method": "foot",
      "start_time": 27,
      "path": [
        [
          1.5187402000000005,
          42.5085045
        ],
        [
          1.5186868229399786,
          42.5082329785639
        ],
        [
          1.5194012988662051,
          42.507887941102126
        ],
        [
          1.5201256444808398,
          42.50757133450089
        ],
        [
          1.5208383728469983,
          42.507808445528134
        ],
        [
          1.5215388255874036,
          42.50818112858067
        ],
        [
          1.5212562763204733,
          42.50835406688914
        ],
        [
          1.5216062633083163,
          42.50837357048103
        ],
        [
          1.5223482351739392,
          42.50844494099667
        ],
        [
          1.5231084674805428,
          42.508296393757256
        ],
        [
          1.5230298704494607,
          42.508120132358776
        ],
        [
          1.5236271429648185,
          42.50775776590069
        ],
        [
          1.523560523086856,
          42.50778889925855
        ],
        [
          1.5227807346363187,
          42.50766122370794
        ],
        [
          1.522316904886352,
          42.50711653953568
        ],
        [
          1.5217676229051578,
          42.506543987350874
        ],
        [
          1.5222334195144083,
          42.50637227462921
        ],
        [
          1.5230052265527958,
          42.50655623276217
        ],
        [
          1.523777246054251,
          42.506739294291
        ],
        [
          1.5244249318914815,
          42.50663065484689
        ],
        [
          1.5249825090820817,
          42.50695412075179
        ],
        [
          1.5252208362698383,
          42.50662884737103
        ],
        [
          1.5255234303765384,
          42.50702579731184
        ],
        [
          1.5263135714067315,
          42.50709782429618
        ],
        [
          1.5271044286500262,
          42.507161632758915
        ],
        [
          1.5278952858933208,
          42.50722544122165
        ],
        [
          1.5274916090180333,
          42.50660825528742
        ],
        [
          1.5270697748145066,
          42.50595597675537
        ],
        [
          1.5267318819750113,
          42.506151424198734
        ],
        [
          1.5265568407892018,
          42.50626716043505
        ],
        [
          1.5263501053840898,
          42.505886326856306
        ],
        [
          1.5260985273222691,
          42.50539232393225
        ],
        [
          1.5267516636915126,
          42.505313762708894
        ],
        [
          1.5272957123541078,
          42.50548217328539
        ],
        [
          1.5273691676105532,
          42.50547462188994
        ],
        [
          1.5281040846953278,
          42.5056225272861
        ],
        [
          1.5279621491566637,
          42.50530486013555
        ],
        [
          1.527277621264399,
          42.50518475134575
        ],
        [
          1.5265779000000002,
          42.5050971
        ]
      ],
      "emotions": [
        "red",
        "red",
        "red",
        "green",
        "green",
        "green",
        "green",
        "green",
        "purple",
        "purple",
        "purple",
        "purple",
        "purple",
        "red",
        "red",
        "red",
        "red",
        "red",
        "purple",
        "purple",
        "purple",
        "purple",
        "purple",
        "purple",
        "purple",
        "purple",
        "purple",
        "purple",
        "purple",
        "purple",
        "purple",
        "purple",
        "purple",
        "purple",
        "purple",
        "purple",
        "purple",
        "purple",
        "red"
      ],
      "mood_vectors": [
        [
          0.20966547517218204,
          0.15842282208723032,
          0.18168676427492522,
          0.13856929900570011,
          0.1549770482188007,
          0.004950298258104685,
          0.15172829298305696
        ],
        [
          0.019235650672102648,
          0.1724332379034519,
          0.21976050604832756,
          0.22964911420015685,
          0.07574918773262561,
          0.2272409361590038,
          0.05593136728433153
        ],
        [
          0.15400465002416808,
          0.027961683094202945,
          0.004359768147011694,
          0.23897862982345622,
          0.08646647187220674,
          0.22990406807347888,
          0.2583247289654754
        ],
        [
          0.08096796690240496,
          0.009005901582010612,
          0.10181597434248134,
          0.23796490914955903,
          0.23382753057780514,
          0.23413742558975983,
          0.10228029185597906
        ],
        [
          0.2090216794483202,
          0.1693719157479064,
          0.1227497005906553,
          0.05296375130640579,
          0.10158662980150682,
          0.16370320945516453,
          0.18060311365004095
        ],
        [
          0.12284438337624776,
          0.23992136813459286,
          0.13006522780593283,
          0.11690640904131414,
          0.12507621082998366,
          0.10638212655546893,
          0.15880427425645985
        ],
        [
          0.15540263060190895,
          0.09873088619533751,
          0.12616579677908984,
          0.2066339350562137,
          0.24318059035187226,
          0.1381868789740658,
          0.03169928204151189
        ],
        [
          0.1559213282648479,
          0.2299698572662135,
          0.07184407009708815,
          0.017548584911857318,
          0.004067872782674932,
          0.16716108034586388,
          0.35348720633145425
        ],
        [
          0.06992111806161141,
          0.2419139007005251,
          0.0903997081158347,
          0.06293369569861527,
          0.18115675958804653,
          0.12219451819143355,
          0.23148029964393335
        ],
        [
          0.15866567007346688,
          0.25173535279760423,
          0.1920125761569564,
          0.09110386946064196,
          0.023775238016094963,
          0.24589092814507008,
          0.0368163653501655
        ],
        [
          0.03822632674780355,
          0.0057970255350944236,
          0.0053677585866498635,
          0.09658394258842595,
          0.3833146667374474,
          0.04669402854263369,
          0.42401625126194503
        ],
        [
          0.014585128858540445,
          0.149574034650575,
          0.26133241033153576,
          0.1981087398744644,
          0.14172058800288997,
          0.12601018250035204,
          0.10866891578164233
        ],
        [
          0.16585903360573392,
          0.10381567631602746,
          0.13236936161081284,
          0.005820465538870679,
          0.1552058275501428,
          0.15227499122248175,
          0.2846546441559306
        ],
        [
          0.13294525768164434,
          0.1292771961114577,
          0.27600979100408496,
          0.15179899447663778,
          0.13384728275970098,
          0.05906446046579214,
          0.11705701750068213
        ],
        [
          0.19320939391527212,
          0.011809722692341568,
          0.20117762064926595,
          0.12201167732459602,
          0.2834167122853578,
          0.03320161782698194,
          0.15517325530618456
        ],
        [
          0.007949161614772516,
          0.19866013139773236,
          0.04794332981448683,
          0.08439995346087156,
          0.21832213451207833,
          0.2920684237530105,
          0.15065686544704784
        ],
        [
          0.28414851822188253,
          0.2742039584878279,
          0.022503361530516516,
          0.23163534482325626,
          0.008889034574879228,
          0.003919091717427557,
          0.17470069064421
        ],
        [
          0.11561196583361699,
          0.25897581704061917,
          0.13435850106734404,
          0.15227974566880698,
          0.0015909835022751206,
          0.27366193987138454,
          0.06352104701595315
        ],
        [
          0.023628416080927327,
          0.2685398479455297,
          0.13701155012796468,
          0.1563666903697962,
          0.1718886981151207,
          0.1025770678695141,
          0.13998772949114732
        ],
        [
          0.0668935093768243,
          0.24353244718189423,
          0.21599996692750492,
          0.0901663297924592,
          0.06656496912224001,
          0.16783908992547328,
          0.149003687673604
        ],
        [
          0.03593980402632209,
          0.21444406087499684,
          0.304796745167843,
          0.04057541700252591,
          0.1740938637259432,
          0.06934487872333159,
          0.1608052304790374
        ],
        [
          0.06323355098061358,
          0.19824487404676513,
          0.19681337899516188,
          0.1272156956300115,
          0.073231778513734,
          0.16032717332781246,
          0.18093354850590146
        ],
        [
          0.19932654560867782,
          0.21989705425606598,
          0.025913552028759473,
          0.08622049611327333,
          0.13691615819094324,
          0.21394298836637954,
          0.11778320543590066
        ],
        [
          0.044769321102592546,
          0.19142588893824938,
          0.28465550157980013,
          0.02894518263363946,
          0.030374395377421363,
          0.26491423658819235,
          0.1549154737801047
        ],
        [
          0.17449888720845472,
          0.014766895154800704,
          0.11863703186011373,
          0.006510558892251454,
          0.3541532256336401,
          0.016923867679970745,
          0.3145095335707686
        ],
        [
          0.15385854024808246,
          0.36293993502249083,
          0.052943730017689455,
          0.16148723135245197,
          0.04353132549485275,
          0.19201483846770037,
          0.033224399396732246
        ],
        [
          0.07250477319471477,
          0.03469644039423481,
          0.0077155688456327035,
          0.22314545578762215,
          0.27979441870001404,
          0.06736080676320932,
          0.31478253631457226
        ],
        [
          0.22385119625855787,
          0.010148670672257356,
          0.14815628178101448,
          0.001413172777877282,
          0.31840335409527293,
          0.11090387570453508,
          0.187123448710485
        ],
        [
          0.039127887463392644,
          0.3660105328430792,
          0.006386506184446941,
          0.36729464489830776,
          0.054413867882474924,
          0.021471784140719683,
          0.14529477658757883
        ],
        [
          0.0047108473921863335,
          0.16045703244910073,
          0.19858211857991612,
          0.13096312730872042,
          0.15442732304576995,
          0.09142809343508243,
          0.259431457789224
        ],
        [
          0.09845405599279299,
          0.2238027935773198,
          0.22162436560906962,
          0.22829376078792227,
          0.04693454232025417,
          0.15786121654782373,
          0.023029265164817472
        ],
        [
          0.05953307181854916,
          0.17148087845074889,
          0.14989196332278182,
          0.0599178429987491,
          0.1966400901998056,
          0.282521521401829,
          0.08001463180753647
        ],
        [
          0.021524128521438438,
          0.15823090355890204,
          0.22020906434470292,
          0.0078109036299764375,
          0.1575203246325903,
          0.25054491127576195,
          0.18415976403662784
        ],
        [
          0.10458488490098454,
          0.12923310526719714,
          0.06428485692786547,
          0.02946294051687403,
          0.2562928371294355,
          0.23568828018310725,
          0.180453095074536
        ],
        [
          0.09795911702851866,
          0.23366453590826966,
          0.19984091996079695,
          0.02000141131645738,
          0.21130560065806925,
          0.20022373409623814,
          0.03700468103165004
        ],
        [
          0.16387125273101213,
          0.20791536011866932,
          0.09175160606133333,
          0.1709157585526693,
          0.10593404790589403,
          0.1980596763815235,
          0.06155229824889835
        ],
        [
          0.03196306607736611,
          0.17089342559965684,
          0.07710688464971967,
          0.023204354028631063,
          0.22835328346135284,
          0.24331772102177723,
          0.22516126516149632
        ],
        [
          0.20672851277336984,
          0.13418375518120285,
          0.1635925578910363,
          0.1697048435831113,
          0.12018297578221193,
          0.023836449530613646,
          0.18177090525845413
        ],
        [
          0.16367679621436024,
          0.09031928452434283,
          0.14482922262834536,
          0.10063379325047692,
          0.22051021205433374,
          0.17740349104235398,
          0.10262720028578691
        ]
      ],
      "timestamps": [
        27,
        28,
        29,
        30,
        31,
        32,
        33,
        34,
        35,
        36,
        37,
        38,
        39,
        40,
        41,
        42,
        43,
        44,
        45,
        46,
        47,
        48,
        49,
        50,
        51,
        52,
        53,
        54,
        55,
        56,
        57,
        58,
        59,
        60,
        61,
        62,
        63,
        64,
        65
      ],
      "distance": 1279.3
    },
    {
      "trip_id": 2,
      "transport_method": "car",
      "start_time": 66,
      "path": [
        [
          1.5265657000000006,
          42.505144999999985
        ],
        [
          1.5273967846780578,
          42.505191149130276
        ],
        [
          1.5281152113504368,
          42.5053718079234
        ],
        [
          1.5278554429596467,
          42.50554949127065
        ],
        [
          1.5270434009072562,
          42.505490644455435
        ],
        [
          1.5271414178957416,
          42.505374569229275
        ],
        [
          1.5262884036429896,
          42.505241488359374
        ],
        [
          1.5264956917089114,
          42.50567121502334
        ],
        [
          1.5265196922671525,
          42.50603666657398
        ],
        [
          1.5263932175051114,
          42.50635642644084
        ],
        [
          1.5267785402970009,
          42.50581012282345
        ],
        [
          1.5274119984922527,
          42.506364913926454
        ],
        [
          1.5278287850714707,
          42.50710522045077
        ],
        [
          1.5272231832194496,
          42.507171214192965
        ],
        [
          1.5263626466102342,
          42.50710178381393
        ],
        [
          1.5261542382101108,
          42.50708485166222
        ],
        [
          1.5252946637320552,
          42.50700438086002
        ],
        [
          1.5259858279589416,
          42.50712475586168
        ],
        [
          1.5267624905205293,
          42.50724079614958
        ],
        [
          1.5264237096242836,
          42.50771526768346
        ],
        [
          1.5258782910129753,
          42.50776753808907
        ],
        [
          1.5251912267163545,
          42.50785374605618
        ],
        [
          1.5257582981640927,
          42.508168610052955
        ],
        [
          1.5250415426255408,
          42.50797331032223
        ],
        [
          1.5246355077509104,
          42.508339299390755
        ],
        [
          1.5254719519528441,
          42.508553086505394
        ],
        [
          1.5253374366792045,
          42.508518705691756
        ],
        [
          1.524605302315567,
          42.50824499266287
        ],
        [
          1.5242303991814607,
          42.50782423602595
        ],
        [
          1.5233726140426496,
          42.50781608686114
        ],
        [
          1.5232471787840567,
          42.50837173613713
        ],
        [
          1.524015666245013,
          42.508754978379706
        ],
        [
          1.5248629955394974,
          42.50892043804259
        ],
        [
          1.5255532999999997,
          42.509337499999994
        ]
      ],
      "emotions": [
        "red",
        "red",
        "red",
        "red",
        "red",
        "red",
        "red",
        "red",
        "red",
        "red",
        "red",
        "red",
        "red",
        "red",
        "purple",
        "purple",
        "purple",
        "purple",
        "purple",
        "red",
        "red",
        "red",
        "red",
        "red",
        "purple",
        "purple",
        "purple",
        "purple",
        "purple",
        "red",
        "red",
        "red",
        "red",
        "red"
      ],
      "mood_vectors": [
        [
          0.08381065810305453,
          0.1616326258009273,
          0.1569167875648906,
          0.20935654226785327,
          0.10577665654002189,
          0.1716966600956642,
          0.11081006962758812
        ],
        [
          0.10739376639746634,
          0.14511031351749212,
          0.26835356725851695,
          0.049237324643361446,
          0.16013426414242277,
          0.1910960629197524,
          0.07867470112098791
        ],
        [
          0.12584665547319326,
          0.18298166900966195,
          0.038615446158123796,
          0.02345390491897422,
          0.2549513725058575,
          0.26013668627411135,
          0.11401426566007794
        ],
        [
          0.23349625433993912,
          0.03358756446637355,
          0.06910030456345545,
          0.2192235009493591,
          0.18676584978700708,
          0.19668193397579933,
          0.061144591918066406
        ],
        [
          0.30084463012221435,
          0.08818607622216762,
          0.05594498399326046,
          0.025209074068782075,
          0.10987058815596874,
          0.12303420325603251,
          0.29691044418157425
        ],
        [
          0.05151447280220887,
          0.1935773412574411,
          0.19116294473458695,
          0.16969441979465666,
          0.10339453821682298,
          0.1027619279879191,
          0.1878943552063643
        ],
        [
          0.052283550120109455,
          0.023222032052692423,
          0.32536385457091843,
          0.08933488127922441,
          0.043544259653062925,
          0.1686168940960891,
          0.29763452822790326
        ],
        [
          0.1124397000691021,
          0.22180828877953193,
          0.11895446483398078,
          0.00757310930797414,
          0.16162407346752916,
          0.20804185959603277,
          0.16955850394584912
        ],
        [
          0.14533816250882117,
          0.1273585736491667,
          0.032797158521855996,
          0.19727493149527117,
          0.21698875683721214,
          0.19134707796979647,
          0.08889533901787636
        ],
        [
          0.18446166256604232,
          0.0538887944242599,
          0.10779849202745645,
          0.0941379526981817,
          0.2427515866978483,
          0.22195525019732396,
          0.09500626138888735
        ],
        [
          0.1373580996927585,
          0.16516249667177318,
          0.0970044058249163,
          0.11991401492455002,
          0.19184819396751457,
          0.0886783197822381,
          0.20003446913624925
        ],
        [
          0.02699550053590536,
          0.05087250492322845,
          0.3652358547120366,
          0.01911763228075793,
          0.0855572133676816,
          0.2248737080934623,
          0.2273475860869278
        ],
        [
          0.06608662294077038,
          0.20419047127048137,
          0.21312581433470482,
          0.15427581375736835,
          0.11305886109215882,
          0.12598809083939316,
          0.12327432576512314
        ],
        [
          0.2091454338032159,
          0.03556373169270646,
          0.32186480646925864,
          0.10508711390049158,
          0.1325880819280065,
          0.08057518773645725,
          0.11517564446986374
        ],
        [
          0.04589938806368591,
          0.07463108375376555,
          0.20358929349706004,
          0.3138956016701049,
          0.059155798734592674,
          0.23858562350137064,
          0.06424321077942033
        ],
        [
          0.20501907757822166,
          0.17393612767271313,
          0.07970875767009625,
          0.14574360458574087,
          0.044816678071798975,
          0.19398590247237002,
          0.15678985194905906
        ],
        [
          0.02787345850588161,
          0.27183603498486186,
          0.11825042546707669,
          0.020292981322187265,
          0.2586339779117193,
          0.04358930764348892,
          0.25952381416478426
        ],
        [
          0.1138049989582108,
          0.19307359557902523,
          0.2168840585063008,
          0.14232864079163457,
          0.08115855844053244,
          0.21607740326010028,
          0.036672744464195904
        ],
        [
          0.04509816079166156,
          0.22693475620558995,
          0.23291027618193447,
          0.11783163004529287,
          0.17721944983142401,
          0.13233781518683346,
          0.0676679117572637
        ],
        [
          0.1073360735887865,
          0.11385449401752987,
          0.14844332867419432,
          0.1712927248030329,
          0.17177506605588952,
          0.13729847303873896,
          0.1499998398218279
        ],
        [
          0.19707080775656413,
          0.12280106792038444,
          0.170159248748725,
          0.06501741506016308,
          0.122980778849174,
          0.14156722690187876,
          0.18040345476311062
        ],
        [
          0.0871941316200733,
          0.2738677516547531,
          0.0555415731994177,
          0.20528602949187807,
          0.26143009862081984,
          0.0697898098880872,
          0.04689060552497072
        ],
        [
          0.006662386373265535,
          0.27575603666694193,
          0.21486113877548682,
          0.16747300263480536,
          0.12864795549087055,
          0.18904933883984873,
          0.017550141218781103
        ],
        [
          0.1990111172513047,
          0.2454889504811238,
          0.03806999501106266,
          0.1129503551011065,
          0.19402616763678315,
          0.13534536971604827,
          0.07510804480257098
        ],
        [
          0.06334800186803534,
          0.21308038035471483,
          0.1019956383524281,
          0.2608183035209109,
          0.18958136051777066,
          0.08406274807965199,
          0.08711356730648817
        ],
        [
          0.29485235705149865,
          0.17365314844529953,
          0.20373393214930746,
          0.009200917157917253,
          0.24305883677320736,
          0.03490827894911342,
          0.04059252947365639
        ],
        [
          0.29335877104267416,
          0.3022583416029499,
          0.07251761645687584,
          0.00612045072809622,
          0.26548764399730834,
          0.0007243046471624815,
          0.059532871524933105
        ],
        [
          0.24384060898407384,
          0.10627213347203893,
          0.07609589994760993,
          0.2326542965618446,
          0.16004537058066975,
          0.07691827102455702,
          0.10417341942920587
        ],
        [
          0.18002060322788507,
          0.063539233162324,
          0.15649687096938086,
          0.1806247385040674,
          0.12721124266631337,
          0.0441910215864425,
          0.24791628988358674
        ],
        [
          0.22066218122920722,
          0.015986877850328225,
          0.21618132323659608,
          0.17091114930474602,
          0.058759988782955956,
          0.02970974498441284,
          0.2877887346117537
        ],
        [
          0.11296127919440344,
          0.14860264306705134,
          0.19427286425880821,
          0.21076220913320062,
          0.046150299096793475,
          0.16149245584230504,
          0.12575824940743788
        ],
        [
          0.10907332484463465,
          0.2086234546791792,
          0.2744511389153941,
          0.14592179672931574,
          0.2020470030360437,
          0.039245627554633074,
          0.020637654240799636
        ],
        [
          0.05571579233816349,
          0.2103925781746228,
          0.023984434230436086,
          0.22633163727691094,
          0.2387567853779893,
          0.22795689171286465,
          0.0168618808890127
        ],
        [
          0.20669129065130148,
          0.21537362514487196,
          0.020275093633474593,
          0.19255628979183567,
          0.19512624104439796,
          0.036908395125183444,
          0.13306906460893494
        ]
      ],
      "timestamps": [
        66,
        67,
        68,
        69,
        70,
        71,
        72,
        73,
        74,
        75,
        76,
        77,
        78,
        79,
        80,
        81,
        82,
        83,
        84,
        85,
        86,
        87,
        88,
        89,
        90,
        91,
        92,
        93,
        94,
        95,
        96,
        97,
        98,
        99
      ],
      "distance": 395.4
    }
  ],
  "conversation": [
    "So peaceful, I forgot I have 47 unread emails.",
    "This street smells like garlic and incense. I love it.",
    "Why do I always crave noodles here?"
  ],
  "conversation_timestamps": [
    1,
    21,
    28
  ]
}
