{"agent_id": "agent-green-1937", "type": "green", "trips": [{"trip_id": 0, "transport_method": "car", "start_time": 0, "path": [[1.5263018, 42.5064063], [1.5264925, 42.5062219], [1.5266815, 42.5062136], [1.5268687, 42.5064016], [1.5270559, 42.5065897], [1.5272854, 42.5067105], [1.5275053, 42.5068536], [1.5276713, 42.5070597], [1.5278651, 42.5072259], [1.5281018, 42.5073421], [1.5283168, 42.5074976], [1.5285317, 42.5076531], [1.5287423, 42.5078143], [1.5289373, 42.5079742], [1.529167, 42.5081071], [1.5293807, 42.5082612], [1.5295733, 42.5084437], [1.5294891, 42.508429], [1.5292651, 42.5082913], [1.5294185, 42.5082764], [1.5296281, 42.5084391], [1.5298376, 42.5086018], [1.5300666, 42.5087342], [1.5302983, 42.5088632], [1.5305262, 42.508999], [1.5306253, 42.5092066], [1.5306105, 42.5093651], [1.5308606, 42.509399], [1.5311092, 42.5094915], [1.5313568, 42.5095867], [1.5316048, 42.509681], [1.5318551, 42.509769], [1.5321069, 42.5098524], [1.5323456, 42.5099167], [1.5325575, 42.5100764], [1.5327693, 42.5102361], [1.5329853, 42.5103886], [1.5332226, 42.5105064], [1.533444, 42.5106507], [1.5336459, 42.5108223], [1.5338106, 42.5110296], [1.5339741, 42.511238], [1.5341929, 42.5113605], [1.5344214, 42.5114744], [1.5346399, 42.5116249], [1.5348588, 42.5117749], [1.5350843, 42.5119145], [1.5353086, 42.5120562], [1.5354601, 42.5122678], [1.5354319, 42.5125257], [1.5352459, 42.5127113], [1.5350252, 42.5128587], [1.5347851, 42.5129709], [1.5345425, 42.5130781], [1.5343019, 42.5130854], [1.5341437, 42.5132982], [1.5340206, 42.5135326], [1.5338239, 42.5136862], [1.5335727, 42.5137716], [1.5333198, 42.5138505], [1.5330602, 42.5139035], [1.5328156, 42.5140042], [1.5325852, 42.5141352], [1.5323691, 42.5142886], [1.5321502, 42.5144307], [1.5319696, 42.5146241], [1.5317972, 42.5148257], [1.5315985, 42.5150015], [1.5313944, 42.515171], [1.5315642, 42.5153048], [1.5317947, 42.5151883], [1.5320099, 42.5150331], [1.5322363, 42.5148955], [1.5324702, 42.5147703], [1.5327111, 42.5146601], [1.5329673, 42.5145914], [1.5332257, 42.5145329], [1.5334545, 42.5146179], [1.5332681, 42.5147709], [1.5330069, 42.5148176]], "mood_vectors": [[0.0446, 0.0424, 0.0729, 0.0157, 0.0758, 0.0714, 0.6773], [0.0476, 0.0344, 0.0282, 0.0195, 0.0453, 0.0729, 0.7521], [0.0562, 0.0759, 0.0513, 0.0749, 0.0273, 0.0467, 0.6677], [0.0538, 0.0242, 0.0463, 0.0789, 0.0583, 0.012, 0.7264], [0.0832, 0.0633, 0.0311, 0.0206, 0.0574, 0.0568, 0.6877], [0.0203, 0.0523, 0.0413, 0.0665, 0.046, 0.0598, 0.7138], [0.0756, 0.0235, 0.0236, 0.0591, 0.106, 0.0288, 0.6835], [0.0958, 0.0329, 0.0655, 0.0374, 0.0492, 0.0623, 0.657], [0.0919, 0.0324, 0.0764, 0.0363, 0.0866, 0.0518, 0.6246], [0.0468, 0.0435, 0.0292, 0.0578, 0.0221, 0.0391, 0.7615], [0.0746, 0.0148, 0.0624, 0.0155, 0.0502, 0.0653, 0.7171], [0.0681, 0.0144, 0.0513, 0.0735, 0.037, 0.0872, 0.6684], [0.0473, 0.041, 0.072, 0.0185, 0.0684, 0.0603, 0.6925], [0.0309, 0.0502, 0.061, 0.0645, 0.0501, 0.0449, 0.6985], [0.0276, 0.0579, 0.0447, 0.045, 0.0662, 0.0358, 0.7227], [0.0802, 0.0282, 0.0798, 0.0776, 0.0622, 0.0358, 0.6363], [0.0161, 0.0771, 0.0589, 0.0235, 0.0842, 0.0694, 0.6708], [0.0825, 0.0403, 0.0183, 0.0505, 0.0231, 0.094, 0.6913], [0.0464, 0.0649, 0.0863, 0.0428, 0.0787, 0.0786, 0.6024], [0.0196, 0.0382, 0.0621, 0.0682, 0.0391, 0.0412, 0.7315], [0.0841, 0.0733, 0.0191, 0.0535, 0.0589, 0.0411, 0.67], [0.0337, 0.0656, 0.0949, 0.03, 0.0504, 0.0634, 0.662], [0.0148, 0.0398, 0.0167, 0.0735, 0.0217, 0.0598, 0.7738], [0.045, 0.0182, 0.0846, 0.0775, 0.0816, 0.0353, 0.6579], [0.0339, 0.0547, 0.0561, 0.02, 0.0664, 0.0267, 0.7422], [0.0869, 0.0939, 0.0334, 0.0468, 0.0349, 0.0875, 0.6167], [0.0656, 0.0581, 0.0217, 0.0369, 0.0718, 0.0158, 0.7302], [0.0569, 0.0396, 0.0274, 0.0768, 0.0275, 0.069, 0.7027], [0.018, 0.0391, 0.0534, 0.0391, 0.0739, 0.0758, 0.7006], [0.0754, 0.0458, 0.0564, 0.0702, 0.0914, 0.046, 0.615], [0.0243, 0.0734, 0.0266, 0.0216, 0.0891, 0.0202, 0.7448], [0.0785, 0.0427, 0.0612, 0.016, 0.0572, 0.0157, 0.7288], [0.0915, 0.0256, 0.0587, 0.0532, 0.0722, 0.0353, 0.6634], [0.0281, 0.0212, 0.0197, 0.0659, 0.0515, 0.0557, 0.758], [0.0352, 0.0191, 0.0947, 0.0805, 0.0478, 0.0566, 0.666], [0.0573, 0.0222, 0.0525, 0.0151, 0.0583, 0.0442, 0.7504], [0.0556, 0.063, 0.0575, 0.0216, 0.0895, 0.0579, 0.6549], [0.0418, 0.0227, 0.0672, 0.0247, 0.0146, 0.0401, 0.7889], [0.0546, 0.0181, 0.0756, 0.0199, 0.044, 0.0268, 0.7611], [0.0336, 0.0581, 0.0559, 0.0243, 0.0291, 0.019, 0.7799], [0.0689, 0.0666, 0.0929, 0.015, 0.0444, 0.0809, 0.6313], [0.066, 0.0625, 0.0677, 0.0463, 0.0641, 0.027, 0.6664], [0.0514, 0.0306, 0.0588, 0.0515, 0.0754, 0.0623, 0.67], [0.0327, 0.0408, 0.0747, 0.0332, 0.0124, 0.0727, 0.7335], [0.0841, 0.0431, 0.0804, 0.0723, 0.0257, 0.0566, 0.6379], [0.0403, 0.0381, 0.0402, 0.0515, 0.0566, 0.0712, 0.7021], [0.0301, 0.0269, 0.0805, 0.0515, 0.0182, 0.0815, 0.7114], [0.0424, 0.0589, 0.0646, 0.0694, 0.0317, 0.037, 0.696], [0.0701, 0.0336, 0.0328, 0.0799, 0.0578, 0.0275, 0.6983], [0.0719, 0.0406, 0.0471, 0.0538, 0.0515, 0.0662, 0.6689], [0.0516, 0.0468, 0.0596, 0.0645, 0.0215, 0.0518, 0.7043], [0.0205, 0.0806, 0.0176, 0.0136, 0.0183, 0.0678, 0.7816], [0.0466, 0.0146, 0.0261, 0.0387, 0.0465, 0.0448, 0.7828], [0.0433, 0.029, 0.0326, 0.0651, 0.0666, 0.07, 0.6934], [0.0703, 0.0293, 0.0339, 0.0545, 0.0669, 0.0536, 0.6914], [0.0226, 0.0646, 0.0546, 0.0209, 0.0414, 0.024, 0.7719], [0.0666, 0.0932, 0.0635, 0.0239, 0.0175, 0.0899, 0.6454], [0.0582, 0.0549, 0.016, 0.063, 0.0291, 0.0164, 0.7624], [0.02, 0.0511, 0.0393, 0.0242, 0.0646, 0.0449, 0.7559], [0.0671, 0.0758, 0.0181, 0.061, 0.0642, 0.0587, 0.6551], [0.077, 0.0511, 0.0636, 0.0246, 0.0554, 0.0145, 0.7138], [0.0728, 0.0279, 0.0146, 0.0804, 0.0484, 0.0137, 0.7423], [0.0224, 0.0589, 0.0337, 0.0618, 0.0431, 0.0571, 0.7229], [0.0429, 0.0607, 0.0488, 0.0193, 0.0567, 0.0514, 0.7201], [0.0295, 0.0213, 0.0502, 0.0564, 0.0292, 0.0624, 0.751], [0.0564, 0.0233, 0.0371, 0.0771, 0.0372, 0.0435, 0.7255], [0.0589, 0.0207, 0.0732, 0.073, 0.0573, 0.0367, 0.6803], [0.0364, 0.0164, 0.05, 0.0121, 0.084, 0.0394, 0.7617], [0.0338, 0.0834, 0.0238, 0.1024, 0.0493, 0.0237, 0.6835], [0.051, 0.0411, 0.0651, 0.0158, 0.0618, 0.038, 0.7272], [0.0801, 0.0282, 0.0232, 0.0508, 0.0323, 0.037, 0.7484], [0.065, 0.028, 0.0574, 0.0706, 0.028, 0.0511, 0.6999], [0.0258, 0.0219, 0.0573, 0.0692, 0.0225, 0.061, 0.7423], [0.0725, 0.058, 0.0154, 0.0336, 0.0404, 0.0764, 0.7036], [0.0797, 0.0181, 0.0671, 0.0311, 0.0897, 0.0383, 0.676], [0.0671, 0.0626, 0.0514, 0.074, 0.0689, 0.0541, 0.6219], [0.0641, 0.0648, 0.0624, 0.0756, 0.0273, 0.0604, 0.6454], [0.0395, 0.0223, 0.0896, 0.0541, 0.0537, 0.0383, 0.7025], [0.0335, 0.0157, 0.0602, 0.0476, 0.0314, 0.0145, 0.7971], [0.0368, 0.0644, 0.0245, 0.0501, 0.0158, 0.0378, 0.7704]], "emotions": ["purple", "purple", "purple", "purple", "purple", "purple", "purple", "purple", "purple", "purple", "purple", "purple", "purple", "purple", "purple", "purple", "purple", "purple", "purple", "purple", "purple", "purple", "purple", "purple", "purple", "purple", "purple", "purple", "purple", "purple", "purple", "purple", "purple", "purple", "purple", "purple", "purple", "purple", "purple", "purple", "purple", "purple", "purple", "purple", "purple", "purple", "purple", "purple", "purple", "purple", "purple", "purple", "purple", "purple", "purple", "purple", "purple", "purple", "purple", "purple", "purple", "purple", "purple", "purple", "purple", "purple", "purple", "purple", "purple", "purple", "purple", "purple", "purple", "purple", "purple", "purple", "purple", "purple", "purple", "purple"], "timestamps": [0, 40, 80, 120, 160, 200, 240, 280, 320, 360, 400, 440, 480, 520, 560, 600, 640, 680, 720, 760, 800, 840, 880, 920, 960, 1000, 1040, 1080, 1120, 1160, 1200, 1240, 1280, 1320, 1360, 1400, 1440, 1480, 1520, 1560, 1600, 1640, 1680, 1720, 1760, 1800, 1840, 1880, 1920, 1960, 2000, 2040, 2080, 2120, 2160, 2200, 2240, 2280, 2320, 2360, 2400, 2440, 2480, 2520, 2560, 2600, 2640, 2680, 2720, 2760, 2800, 2840, 2880, 2920, 2960, 3000, 3040, 3080, 3120, 3160]}], "conversation": [], "conversation_timestamps": []}