{"agent_id": "agent-purple-1469", "type": "purple", "trips": [{"trip_id": 0, "transport_method": "foot", "start_time": 0, "path": [[1.4912638, 42.466793], [1.4917591, 42.4664294], [1.4916357, 42.4671504], [1.491619, 42.4681187], [1.4919312, 42.4690616], [1.4920301, 42.4700382], [1.4917048, 42.4709714], [1.491236, 42.4718475], [1.4907673, 42.4727237], [1.4904993, 42.4736716], [1.4907658, 42.474618], [1.4908488, 42.4756006], [1.4906245, 42.476524], [1.4904689, 42.4775054], [1.4903134, 42.4784868], [1.4901578, 42.4794682], [1.4900022, 42.4804496], [1.4898467, 42.4814311], [1.4895713, 42.481511], [1.4894342, 42.4805293], [1.4894112, 42.4795441], [1.4898354, 42.4786536], [1.4903376, 42.4777968], [1.4906126, 42.4768707], [1.4905843, 42.4770664], [1.4905059, 42.478057], [1.4904274, 42.4790475], [1.4903489, 42.4800381], [1.4902704, 42.4810287], [1.490192, 42.4820193], [1.4903726, 42.4829496], [1.4908358, 42.4838187], [1.4914099, 42.4845403], [1.4921696, 42.4850506], [1.49263, 42.4859213], [1.4930101, 42.4868386], [1.4934853, 42.4877111], [1.4939697, 42.4885787], [1.4944586, 42.4894438], [1.4949354, 42.4903156], [1.4954084, 42.4911481], [1.496177, 42.4917753], [1.4969171, 42.4924384], [1.4976738, 42.4930707], [1.4983913, 42.4937369], [1.4988202, 42.4944513], [1.4987338, 42.495355], [1.4995967, 42.4958469], [1.5004789, 42.4963039], [1.5013176, 42.4967409], [1.5022187, 42.4971312], [1.5031028, 42.4975805], [1.5040023, 42.4980021], [1.5049095, 42.498407], [1.5058041, 42.4988375], [1.5066945, 42.4992785], [1.5075951, 42.4996983], [1.5084696, 42.5001567], [1.5093635, 42.5005906], [1.509234, 42.5005288], [1.5097916, 42.5007841], [1.5106936, 42.5012011], [1.5109633, 42.5013017], [1.5102162, 42.5010741], [1.5111227, 42.5014811], [1.5116221, 42.5016856], [1.5123049, 42.5021619], [1.5131067, 42.5027474], [1.5137527, 42.5034907], [1.514479, 42.5041623], [1.5150804, 42.5049211], [1.5158998, 42.5053967], [1.5168007, 42.5058131], [1.5177194, 42.5060514], [1.5184189, 42.5065972], [1.5192329, 42.5071116], [1.5201407, 42.5074069], [1.5211131, 42.507509], [1.522006, 42.5077554], [1.5226175, 42.5078455]], "mood_vectors": [[0.0306, 0.072, 0.0729, 0.0617, 0.0565, 0.6895, 0.0168], [0.0362, 0.0434, 0.0277, 0.0136, 0.0388, 0.7635, 0.0768], [0.0571, 0.0454, 0.0638, 0.0557, 0.0637, 0.7003, 0.014], [0.0197, 0.0335, 0.0626, 0.0261, 0.0648, 0.7431, 0.0503], [0.0426, 0.0235, 0.0284, 0.0435, 0.0562, 0.7584, 0.0474], [0.0286, 0.048, 0.0396, 0.063, 0.0472, 0.6972, 0.0765], [0.0232, 0.0791, 0.0181, 0.023, 0.0237, 0.8136, 0.0193], [0.0232, 0.0836, 0.0371, 0.0999, 0.0489, 0.6533, 0.054], [0.031, 0.0783, 0.0487, 0.0764, 0.0778, 0.6683, 0.0193], [0.0136, 0.0797, 0.0848, 0.0209, 0.0629, 0.7126, 0.0255], [0.073, 0.023, 0.0538, 0.0765, 0.0667, 0.6343, 0.0726], [0.0529, 0.0715, 0.0383, 0.0589, 0.041, 0.6571, 0.0803], [0.047, 0.0577, 0.0372, 0.0499, 0.0677, 0.6984, 0.0423], [0.0436, 0.0732, 0.0254, 0.0641, 0.025, 0.6988, 0.07], [0.0269, 0.0395, 0.0214, 0.0211, 0.0324, 0.7859, 0.0729], [0.0488, 0.0221, 0.0418, 0.0896, 0.0417, 0.7112, 0.0448], [0.0477, 0.0552, 0.0644, 0.0315, 0.0536, 0.6804, 0.0672], [0.0126, 0.0778, 0.0438, 0.0653, 0.0783, 0.6997, 0.0225], [0.0478, 0.0211, 0.0625, 0.0383, 0.0346, 0.7416, 0.0541], [0.0467, 0.0808, 0.0752, 0.0664, 0.0318, 0.6347, 0.0644], [0.0458, 0.033, 0.0749, 0.0671, 0.0804, 0.6377, 0.0612], [0.0549, 0.0583, 0.0294, 0.0139, 0.0576, 0.7657, 0.0203], [0.0141, 0.0827, 0.0692, 0.0582, 0.0232, 0.6857, 0.0669], [0.0724, 0.0307, 0.0735, 0.066, 0.0693, 0.6189, 0.0692], [0.044, 0.0494, 0.0449, 0.0732, 0.0539, 0.6793, 0.0553], [0.0802, 0.0403, 0.0213, 0.0546, 0.0336, 0.7198, 0.0503], [0.0821, 0.0527, 0.0599, 0.0361, 0.09, 0.6417, 0.0374], [0.051, 0.0509, 0.0208, 0.0561, 0.0807, 0.7157, 0.0248], [0.0525, 0.0449, 0.0498, 0.0307, 0.0819, 0.686, 0.0542], [0.0697, 0.0641, 0.0161, 0.0333, 0.0341, 0.7354, 0.0474], [0.0777, 0.0456, 0.0304, 0.0631, 0.0826, 0.6701, 0.0304], [0.0318, 0.0433, 0.0183, 0.0317, 0.0474, 0.7539, 0.0736], [0.0222, 0.065, 0.0716, 0.0784, 0.0266, 0.7108, 0.0255], [0.0294, 0.0543, 0.074, 0.0246, 0.0283, 0.7738, 0.0157], [0.0533, 0.052, 0.0462, 0.0303, 0.0622, 0.6809, 0.0751], [0.0796, 0.0788, 0.0647, 0.0436, 0.084, 0.5761, 0.0732], [0.0723, 0.0125, 0.0155, 0.0515, 0.0395, 0.7611, 0.0475], [0.076, 0.0387, 0.0533, 0.0185, 0.0237, 0.7619, 0.028], [0.0718, 0.0139, 0.0474, 0.0828, 0.0199, 0.7302, 0.0339], [0.0893, 0.0881, 0.0427, 0.0587, 0.0237, 0.6812, 0.0163], [0.0507, 0.0526, 0.034, 0.0489, 0.0682, 0.672, 0.0736], [0.0701, 0.0272, 0.0672, 0.0482, 0.0502, 0.675, 0.0621], [0.0608, 0.0505, 0.0328, 0.0448, 0.0759, 0.6702, 0.0651], [0.0288, 0.0439, 0.0748, 0.0261, 0.0172, 0.7846, 0.0246], [0.0742, 0.0506, 0.0333, 0.042, 0.0686, 0.6666, 0.0647], [0.0634, 0.0412, 0.0357, 0.0346, 0.0125, 0.7443, 0.0683], [0.0519, 0.0792, 0.0209, 0.0826, 0.0787, 0.6547, 0.0322], [0.0136, 0.0218, 0.0508, 0.0379, 0.043, 0.7738, 0.059], [0.0382, 0.0851, 0.0202, 0.0586, 0.0137, 0.7415, 0.0426], [0.028, 0.0662, 0.062, 0.0122, 0.0663, 0.7201, 0.0452], [0.025, 0.0829, 0.0512, 0.05, 0.0665, 0.6558, 0.0686], [0.0295, 0.0583, 0.0758, 0.0234, 0.0511, 0.6882, 0.0738], [0.0138, 0.0717, 0.0339, 0.0356, 0.0573, 0.7458, 0.0419], [0.0442, 0.0265, 0.0929, 0.0689, 0.0221, 0.6614, 0.084], [0.0832, 0.0468, 0.0284, 0.0202, 0.02, 0.7304, 0.0709], [0.0913, 0.06, 0.0414, 0.0565, 0.0411, 0.666, 0.0438], [0.0631, 0.0524, 0.044, 0.0375, 0.0318, 0.7072, 0.0641], [0.0741, 0.0167, 0.0219, 0.0822, 0.0524, 0.6936, 0.0591], [0.0311, 0.057, 0.0664, 0.0823, 0.017, 0.6786, 0.0676], [0.0403, 0.0668, 0.0361, 0.0458, 0.0656, 0.718, 0.0274], [0.0463, 0.0214, 0.0347, 0.074, 0.0159, 0.786, 0.0217], [0.0499, 0.042, 0.0689, 0.0935, 0.0426, 0.6626, 0.0404], [0.0569, 0.034, 0.0387, 0.0758, 0.0148, 0.7106, 0.0692], [0.0831, 0.0302, 0.0458, 0.0906, 0.0411, 0.6424, 0.0668], [0.0483, 0.0383, 0.0622, 0.0798, 0.0527, 0.644, 0.0746], [0.0479, 0.0768, 0.0115, 0.0515, 0.0184, 0.7178, 0.0761], [0.0594, 0.0448, 0.0751, 0.0673, 0.0346, 0.6443, 0.0746], [0.0593, 0.0846, 0.0691, 0.0148, 0.0608, 0.6668, 0.0445], [0.0954, 0.0563, 0.03, 0.0339, 0.0603, 0.6957, 0.0283], [0.0265, 0.0331, 0.0581, 0.0385, 0.0199, 0.7722, 0.0517], [0.0541, 0.0357, 0.044, 0.0191, 0.0663, 0.6773, 0.1036], [0.0306, 0.0579, 0.0229, 0.0534, 0.0788, 0.6881, 0.0682], [0.0303, 0.0562, 0.0746, 0.0356, 0.0162, 0.7333, 0.0538], [0.023, 0.0621, 0.027, 0.0715, 0.0351, 0.7385, 0.0429], [0.0215, 0.0275, 0.0771, 0.0861, 0.0231, 0.7248, 0.0399], [0.0523, 0.0215, 0.0438, 0.0739, 0.0148, 0.7305, 0.0632], [0.0464, 0.0574, 0.0488, 0.0683, 0.0461, 0.7151, 0.0179], [0.0588, 0.0557, 0.0327, 0.0338, 0.0447, 0.719, 0.0553], [0.0207, 0.0809, 0.0801, 0.0337, 0.0168, 0.7211, 0.0467], [0.031, 0.0733, 0.0303, 0.0612, 0.0791, 0.6555, 0.0695]], "emotions": ["purple", "purple", "purple", "purple", "purple", "purple", "purple", "purple", "purple", "purple", "purple", "purple", "purple", "purple", "purple", "purple", "purple", "purple", "purple", "purple", "purple", "purple", "purple", "purple", "purple", "purple", "purple", "purple", "purple", "purple", "purple", "purple", "purple", "purple", "purple", "purple", "purple", "purple", "purple", "purple", "purple", "purple", "purple", "purple", "purple", "purple", "purple", "purple", "purple", "purple", "purple", "purple", "purple", "purple", "purple", "purple", "purple", "purple", "purple", "purple", "purple", "purple", "purple", "purple", "purple", "purple", "purple", "purple", "purple", "purple", "purple", "purple", "purple", "purple", "purple", "purple", "purple", "purple", "purple", "purple"], "timestamps": [0, 40, 80, 120, 160, 200, 240, 280, 320, 360, 400, 440, 480, 520, 560, 600, 640, 680, 720, 760, 800, 840, 880, 920, 960, 1000, 1040, 1080, 1120, 1160, 1200, 1240, 1280, 1320, 1360, 1400, 1440, 1480, 1520, 1560, 1600, 1640, 1680, 1720, 1760, 1800, 1840, 1880, 1920, 1960, 2000, 2040, 2080, 2120, 2160, 2200, 2240, 2280, 2320, 2360, 2400, 2440, 2480, 2520, 2560, 2600, 2640, 2680, 2720, 2760, 2800, 2840, 2880, 2920, 2960, 3000, 3040, 3080, 3120, 3160]}], "conversation": [], "conversation_timestamps": []}