{"agent_id": "agent-green-1187", "type": "green", "trips": [{"trip_id": 0, "transport_method": "bicycle", "start_time": 0, "path": [[1.5858767, 42.5378981], [1.5857973, 42.5374119], [1.5851471, 42.5368568], [1.5840567, 42.5365836], [1.5829462, 42.5363291], [1.5821102, 42.535726], [1.5812722, 42.535052], [1.5806377, 42.5340993], [1.5803285, 42.5337565], [1.5792849, 42.5332844], [1.5781877, 42.5329786], [1.5770478, 42.5328195], [1.576529, 42.5327311], [1.5776697, 42.5328864], [1.5770119, 42.5327835], [1.5758808, 42.5325677], [1.5747498, 42.5323519], [1.5754197, 42.5325175], [1.5757035, 42.5324215], [1.5746676, 42.5319187], [1.5736317, 42.5314159], [1.5732024, 42.5313809], [1.5740687, 42.5321254], [1.5735737, 42.5316554], [1.5727597, 42.530841], [1.5720503, 42.5299415], [1.5711455, 42.5292387], [1.5702246, 42.5285475], [1.5696316, 42.5280868], [1.5705937, 42.5287194], [1.5712285, 42.5293108], [1.5702702, 42.5286725], [1.5693119, 42.5280342], [1.5683536, 42.5273958], [1.5675913, 42.5268945], [1.5686058, 42.5274318], [1.5686787, 42.5275268], [1.5677225, 42.5268852], [1.5667664, 42.5262436], [1.5657952, 42.525632], [1.5647174, 42.5252309], [1.5636671, 42.5248463], [1.5626054, 42.5244205], [1.5618404, 42.5235651], [1.5609349, 42.5228568], [1.5599704, 42.5222592], [1.5590579, 42.5216013], [1.5581901, 42.520845], [1.557375, 42.5200319], [1.5569331, 42.5195633], [1.5563253, 42.5188205], [1.5565487, 42.5190587], [1.5560513, 42.5187678], [1.5556933, 42.5181903], [1.5550397, 42.5179554], [1.5544071, 42.5174128], [1.5538023, 42.5169433], [1.5545359, 42.517684], [1.5537963, 42.5168015], [1.553333, 42.5157692], [1.552735, 42.5147952], [1.5526008, 42.5136876], [1.5516332, 42.5130862], [1.5507583, 42.5123462], [1.5497363, 42.5118543], [1.5486272, 42.5115488], [1.5475085, 42.5112769], [1.5464909, 42.510805], [1.5462644, 42.5097677], [1.5460757, 42.5096494], [1.5449826, 42.5093322], [1.5438527, 42.5091748], [1.5427427, 42.5089039], [1.5416712, 42.5090865], [1.5406396, 42.5094843], [1.5396398, 42.5100223], [1.5386233, 42.5100618], [1.5374724, 42.5100301], [1.53634, 42.5101154], [1.5356405, 42.5102454]], "mood_vectors": [[0.0168, 0.0574, 0.052, 0.0575, 0.0531, 0.0205, 0.7426], [0.04, 0.0808, 0.0478, 0.0879, 0.08, 0.0683, 0.5952], [0.081, 0.0744, 0.0601, 0.0724, 0.0375, 0.0488, 0.6258], [0.0227, 0.0623, 0.0713, 0.0429, 0.075, 0.015, 0.7109], [0.0661, 0.0653, 0.0167, 0.0686, 0.0239, 0.0176, 0.7418], [0.0601, 0.0634, 0.0227, 0.0598, 0.0491, 0.0544, 0.6905], [0.0186, 0.0689, 0.0259, 0.073, 0.081, 0.0243, 0.7083], [0.0437, 0.0925, 0.0809, 0.0181, 0.0321, 0.0495, 0.6833], [0.0653, 0.0861, 0.0762, 0.0191, 0.0194, 0.0356, 0.6985], [0.0701, 0.0678, 0.0925, 0.0727, 0.0284, 0.0238, 0.6447], [0.056, 0.0614, 0.0734, 0.0174, 0.0747, 0.0678, 0.6493], [0.0769, 0.0129, 0.0343, 0.0471, 0.0554, 0.0831, 0.6903], [0.0428, 0.0135, 0.0528, 0.0152, 0.0696, 0.0743, 0.7319], [0.0663, 0.0552, 0.0456, 0.0688, 0.0671, 0.0816, 0.6155], [0.053, 0.0689, 0.0271, 0.0399, 0.0488, 0.0441, 0.7182], [0.0815, 0.0483, 0.0186, 0.0256, 0.0162, 0.0218, 0.788], [0.0175, 0.0395, 0.0709, 0.0236, 0.0662, 0.0728, 0.7095], [0.0414, 0.0758, 0.0663, 0.0205, 0.0722, 0.0364, 0.6875], [0.0455, 0.0506, 0.0375, 0.0231, 0.0479, 0.0608, 0.7345], [0.0323, 0.0714, 0.0729, 0.0351, 0.0879, 0.0513, 0.6492], [0.0279, 0.0782, 0.0539, 0.0802, 0.0727, 0.0375, 0.6495], [0.0125, 0.068, 0.0514, 0.0241, 0.0306, 0.0145, 0.7989], [0.0188, 0.0517, 0.061, 0.0497, 0.0387, 0.0249, 0.7551], [0.0695, 0.0707, 0.0574, 0.038, 0.0437, 0.0725, 0.6483], [0.0645, 0.0143, 0.0633, 0.0135, 0.0274, 0.0163, 0.8006], [0.0258, 0.023, 0.0733, 0.018, 0.0168, 0.0885, 0.7546], [0.0189, 0.0165, 0.0271, 0.0734, 0.079, 0.0453, 0.7398], [0.0248, 0.0796, 0.0548, 0.031, 0.0526, 0.0511, 0.706], [0.0665, 0.015, 0.0654, 0.0564, 0.0145, 0.0247, 0.7575], [0.052, 0.0571, 0.0799, 0.0213, 0.0438, 0.0675, 0.6784], [0.0208, 0.0493, 0.0574, 0.0335, 0.0644, 0.0383, 0.7363], [0.0651, 0.0697, 0.0704, 0.0649, 0.0702, 0.0795, 0.5802], [0.0415, 0.0486, 0.0737, 0.0235, 0.0671, 0.044, 0.7017], [0.0399, 0.0657, 0.0696, 0.0161, 0.0639, 0.0156, 0.7292], [0.0145, 0.0422, 0.0334, 0.0479, 0.0513, 0.0447, 0.7661], [0.0732, 0.0269, 0.0346, 0.014, 0.0373, 0.0409, 0.7731], [0.0672, 0.0741, 0.0355, 0.0595, 0.0349, 0.0185, 0.7102], [0.0582, 0.0148, 0.0836, 0.0801, 0.0859, 0.0159, 0.6616], [0.0527, 0.0837, 0.0557, 0.0458, 0.066, 0.0366, 0.6594], [0.0277, 0.0341, 0.0728, 0.0281, 0.0618, 0.0737, 0.7018], [0.0193, 0.0309, 0.022, 0.0231, 0.0857, 0.0287, 0.7902], [0.0271, 0.025, 0.0532, 0.0826, 0.0801, 0.0226, 0.7094], [0.0925, 0.0454, 0.0651, 0.0304, 0.0532, 0.0347, 0.6789], [0.0721, 0.0242, 0.0148, 0.0449, 0.0745, 0.0692, 0.7003], [0.0582, 0.0491, 0.0495, 0.094, 0.0467, 0.0541, 0.6484], [0.0334, 0.0597, 0.0268, 0.0628, 0.0491, 0.0649, 0.7033], [0.0208, 0.0678, 0.0612, 0.0702, 0.0639, 0.0195, 0.6966], [0.031, 0.0337, 0.0479, 0.0145, 0.0216, 0.0344, 0.817], [0.0185, 0.0766, 0.0759, 0.0636, 0.0741, 0.0562, 0.6352], [0.0778, 0.0532, 0.0667, 0.037, 0.0481, 0.0699, 0.6474], [0.0664, 0.0519, 0.0188, 0.0759, 0.0307, 0.0476, 0.7087], [0.0653, 0.0297, 0.0889, 0.0166, 0.0191, 0.074, 0.7062], [0.0499, 0.0632, 0.0618, 0.0485, 0.0219, 0.0656, 0.6891], [0.0445, 0.0342, 0.065, 0.0434, 0.0879, 0.0599, 0.665], [0.0781, 0.0414, 0.0509, 0.0394, 0.0825, 0.0737, 0.6339], [0.0701, 0.0459, 0.0473, 0.0379, 0.043, 0.0698, 0.6859], [0.0371, 0.0637, 0.023, 0.0649, 0.0426, 0.0658, 0.7029], [0.0527, 0.0406, 0.0286, 0.0119, 0.0518, 0.0441, 0.7703], [0.053, 0.0152, 0.0628, 0.0545, 0.0677, 0.0704, 0.6764], [0.0724, 0.0885, 0.0536, 0.032, 0.0313, 0.0884, 0.6337], [0.0632, 0.044, 0.022, 0.0288, 0.0764, 0.0134, 0.7523], [0.0242, 0.0147, 0.013, 0.0824, 0.0498, 0.0701, 0.7458], [0.0422, 0.0303, 0.023, 0.0692, 0.0481, 0.0394, 0.7477], [0.0134, 0.0537, 0.0502, 0.0363, 0.0729, 0.087, 0.6865], [0.0302, 0.0744, 0.0224, 0.0472, 0.0636, 0.0669, 0.6952], [0.0431, 0.0295, 0.0791, 0.0267, 0.0839, 0.0639, 0.6739], [0.0371, 0.0645, 0.0362, 0.0558, 0.0406, 0.0515, 0.7143], [0.0228, 0.0447, 0.0743, 0.0697, 0.0838, 0.0669, 0.6378], [0.0154, 0.0454, 0.0184, 0.0323, 0.0337, 0.0631, 0.7918], [0.0373, 0.0258, 0.0613, 0.032, 0.0744, 0.078, 0.6912], [0.0779, 0.0218, 0.0406, 0.0565, 0.0223, 0.0319, 0.749], [0.0654, 0.0644, 0.0586, 0.0331, 0.0697, 0.0682, 0.6407], [0.0394, 0.0289, 0.0215, 0.0477, 0.0435, 0.0695, 0.7495], [0.0639, 0.0519, 0.0667, 0.0539, 0.067, 0.0219, 0.6746], [0.0688, 0.0475, 0.0262, 0.0523, 0.0504, 0.0723, 0.6824], [0.0482, 0.0673, 0.0444, 0.0334, 0.0308, 0.0677, 0.7082], [0.0657, 0.0875, 0.0726, 0.0797, 0.0184, 0.0453, 0.6308], [0.0226, 0.0354, 0.0344, 0.0879, 0.0929, 0.0437, 0.6831], [0.0503, 0.0466, 0.0557, 0.0169, 0.0623, 0.0776, 0.6907], [0.0227, 0.0696, 0.0352, 0.0725, 0.0546, 0.0542, 0.6912]], "emotions": ["purple", "purple", "purple", "purple", "purple", "purple", "purple", "purple", "purple", "purple", "purple", "purple", "purple", "purple", "purple", "purple", "purple", "purple", "purple", "purple", "purple", "purple", "purple", "purple", "purple", "purple", "purple", "purple", "purple", "purple", "purple", "purple", "purple", "purple", "purple", "purple", "purple", "purple", "purple", "purple", "purple", "purple", "purple", "purple", "purple", "purple", "purple", "purple", "purple", "purple", "purple", "purple", "purple", "purple", "purple", "purple", "purple", "purple", "purple", "purple", "purple", "purple", "purple", "purple", "purple", "purple", "purple", "purple", "purple", "purple", "purple", "purple", "purple", "purple", "purple", "purple", "purple", "purple", "purple", "purple"], "timestamps": [0, 40, 80, 120, 160, 200, 240, 280, 320, 360, 400, 440, 480, 520, 560, 600, 640, 680, 720, 760, 800, 840, 880, 920, 960, 1000, 1040, 1080, 1120, 1160, 1200, 1240, 1280, 1320, 1360, 1400, 1440, 1480, 1520, 1560, 1600, 1640, 1680, 1720, 1760, 1800, 1840, 1880, 1920, 1960, 2000, 2040, 2080, 2120, 2160, 2200, 2240, 2280, 2320, 2360, 2400, 2440, 2480, 2520, 2560, 2600, 2640, 2680, 2720, 2760, 2800, 2840, 2880, 2920, 2960, 3000, 3040, 3080, 3120, 3160]}], "conversation": [], "conversation_timestamps": []}