{"agent_id": "agent-red-1626", "type": "red", "trips": [{"trip_id": 0, "transport_method": "foot", "start_time": 0, "path": [[1.5223067, 42.5075415], [1.52215, 42.5074628], [1.5219896, 42.507392], [1.5218213, 42.5073509], [1.5218784, 42.50745], [1.5220291, 42.5075199], [1.522202, 42.5075495], [1.522374, 42.5075398], [1.522542, 42.5075254], [1.5226941, 42.5076127], [1.5228555, 42.5076746], [1.5230255, 42.5077175], [1.5231951, 42.507762], [1.5233647, 42.5078065], [1.5235391, 42.5078004], [1.523714, 42.5077882], [1.523889, 42.5077762], [1.5240643, 42.5077725], [1.5242394, 42.5077777], [1.5244127, 42.5078037], [1.5245849, 42.5078368], [1.5247543, 42.5078814], [1.5249228, 42.50793], [1.5250913, 42.5079786], [1.5252598, 42.5080272], [1.5254282, 42.5080758], [1.5255945, 42.5081306], [1.5257563, 42.5081979], [1.5259301, 42.508221], [1.5261019, 42.5082545], [1.5262737, 42.5082897], [1.5264463, 42.5083202], [1.5266203, 42.5083416], [1.5267952, 42.5083532], [1.5269704, 42.5083586], [1.5271458, 42.5083603], [1.5273211, 42.5083621], [1.5274957, 42.5083753], [1.5276614, 42.5084318], [1.5278226, 42.5085008], [1.5279839, 42.5085697], [1.5281451, 42.5086387], [1.5283035, 42.5087137], [1.5284611, 42.5087904], [1.5286318, 42.5088308], [1.5288024, 42.5088712], [1.5289733, 42.5088493], [1.5291443, 42.5088105], [1.5293153, 42.5087717], [1.5294863, 42.5087328], [1.5296573, 42.508694], [1.5298283, 42.5086552], [1.5299893, 42.5086939], [1.5301448, 42.508775], [1.5303024, 42.5088518], [1.530463, 42.5089053], [1.5306342, 42.5088672], [1.530799, 42.5088364], [1.5307949, 42.5090058], [1.5309581, 42.50907], [1.5311213, 42.5091341], [1.5312846, 42.5091982], [1.5314478, 42.5092623], [1.5316157, 42.5093127], [1.5317806, 42.509372], [1.5319442, 42.509435], [1.5321079, 42.509498], [1.5322741, 42.5095538], [1.5324434, 42.5095983], [1.5326162, 42.5096278], [1.5327903, 42.5096479], [1.5329651, 42.5096622], [1.5331377, 42.5096922], [1.5333084, 42.5097317], [1.5334774, 42.5097785], [1.5336469, 42.5097532], [1.5337895, 42.5096738], [1.5338475, 42.5095083], [1.5339483, 42.5093689], [1.5340686, 42.5092413]], "mood_vectors": [[0.6697, 0.0699, 0.0393, 0.0773, 0.0612, 0.0468, 0.0357], [0.7063, 0.0532, 0.0362, 0.0239, 0.0706, 0.0279, 0.082], [0.7646, 0.0743, 0.0517, 0.0412, 0.0127, 0.0122, 0.0434], [0.7677, 0.0385, 0.0273, 0.0754, 0.0426, 0.031, 0.0176], [0.724, 0.0244, 0.065, 0.0265, 0.0698, 0.047, 0.0432], [0.6835, 0.0505, 0.0836, 0.0171, 0.0803, 0.07, 0.0151], [0.6626, 0.0219, 0.0563, 0.0385, 0.0841, 0.0643, 0.0724], [0.7536, 0.043, 0.0748, 0.0158, 0.07, 0.0119, 0.031], [0.8029, 0.0526, 0.0223, 0.0332, 0.0145, 0.0283, 0.0463], [0.691, 0.0351, 0.074, 0.0268, 0.0428, 0.0766, 0.0537], [0.6279, 0.0384, 0.068, 0.0661, 0.0594, 0.0649, 0.0754], [0.7166, 0.0403, 0.0576, 0.0593, 0.0168, 0.0673, 0.0421], [0.6759, 0.0247, 0.046, 0.0503, 0.0773, 0.0434, 0.0823], [0.6991, 0.0912, 0.0154, 0.0892, 0.0451, 0.0381, 0.0219], [0.7192, 0.0555, 0.0634, 0.0274, 0.047, 0.0356, 0.0518], [0.7201, 0.0833, 0.0147, 0.0568, 0.0187, 0.0741, 0.0323], [0.6868, 0.0491, 0.089, 0.0292, 0.0882, 0.0374, 0.0203], [0.701, 0.0402, 0.0621, 0.0443, 0.0624, 0.062, 0.028], [0.7117, 0.0474, 0.0543, 0.0186, 0.0758, 0.0727, 0.0195], [0.7152, 0.0158, 0.0293, 0.0822, 0.0359, 0.041, 0.0805], [0.6973, 0.0678, 0.0201, 0.0637, 0.0405, 0.0861, 0.0245], [0.628, 0.07, 0.0284, 0.0732, 0.0822, 0.0398, 0.0784], [0.6797, 0.0839, 0.017, 0.0668, 0.0793, 0.0467, 0.0267], [0.7483, 0.0786, 0.0145, 0.0323, 0.0387, 0.0526, 0.035], [0.6539, 0.0223, 0.073, 0.0989, 0.0369, 0.0644, 0.0506], [0.7618, 0.0201, 0.0518, 0.0137, 0.0321, 0.0865, 0.0341], [0.6897, 0.078, 0.0641, 0.0304, 0.0537, 0.0152, 0.0688], [0.7401, 0.0517, 0.0587, 0.0133, 0.036, 0.0839, 0.0163], [0.6831, 0.0287, 0.089, 0.0709, 0.0783, 0.0137, 0.0363], [0.6712, 0.0602, 0.0716, 0.0445, 0.0702, 0.0189, 0.0635], [0.6752, 0.0343, 0.072, 0.0574, 0.0584, 0.0623, 0.0404], [0.6754, 0.0652, 0.0708, 0.0199, 0.0169, 0.0808, 0.0709], [0.6896, 0.0407, 0.0661, 0.0745, 0.022, 0.0698, 0.0373], [0.6177, 0.0698, 0.0501, 0.0467, 0.0272, 0.0984, 0.0902], [0.6418, 0.0822, 0.0582, 0.0206, 0.0521, 0.066, 0.0791], [0.8051, 0.0667, 0.0404, 0.0173, 0.027, 0.0257, 0.0178], [0.701, 0.0418, 0.0584, 0.0513, 0.0302, 0.046, 0.0712], [0.6713, 0.0826, 0.0763, 0.0675, 0.0219, 0.0341, 0.0463], [0.8105, 0.0261, 0.0579, 0.0166, 0.0231, 0.0481, 0.0178], [0.5806, 0.0892, 0.0729, 0.0569, 0.065, 0.0792, 0.0563], [0.8143, 0.0252, 0.026, 0.022, 0.0259, 0.0146, 0.0721], [0.6396, 0.0385, 0.0149, 0.0734, 0.0784, 0.0684, 0.0868], [0.6808, 0.0554, 0.0573, 0.0219, 0.072, 0.0606, 0.0521], [0.755, 0.058, 0.0249, 0.0121, 0.0649, 0.0673, 0.0177], [0.7251, 0.0322, 0.076, 0.0648, 0.0457, 0.0342, 0.0219], [0.7334, 0.0635, 0.0245, 0.0137, 0.0482, 0.0627, 0.054], [0.6686, 0.0736, 0.0363, 0.0215, 0.0793, 0.0491, 0.0716], [0.6846, 0.0833, 0.0347, 0.0508, 0.0644, 0.0386, 0.0437], [0.7075, 0.0687, 0.0262, 0.0759, 0.0213, 0.0485, 0.0519], [0.6677, 0.0228, 0.0735, 0.0523, 0.0527, 0.0701, 0.0609], [0.6674, 0.0877, 0.0849, 0.0214, 0.0487, 0.0538, 0.036], [0.7731, 0.0158, 0.0292, 0.0297, 0.0645, 0.0144, 0.0734], [0.6672, 0.0689, 0.0369, 0.0417, 0.0522, 0.0636, 0.0695], [0.714, 0.0692, 0.0488, 0.0922, 0.0242, 0.0356, 0.016], [0.6413, 0.0422, 0.0487, 0.0821, 0.0539, 0.0856, 0.0462], [0.7668, 0.0681, 0.0742, 0.0284, 0.0149, 0.03, 0.0176], [0.7182, 0.0239, 0.0332, 0.0794, 0.0458, 0.0572, 0.0422], [0.7449, 0.0346, 0.0518, 0.0154, 0.0285, 0.0779, 0.0469], [0.7068, 0.0406, 0.0721, 0.0744, 0.019, 0.018, 0.069], [0.747, 0.0369, 0.0456, 0.0705, 0.0156, 0.0207, 0.0636], [0.7598, 0.0742, 0.0307, 0.0404, 0.0122, 0.0399, 0.0428], [0.59, 0.091, 0.0727, 0.079, 0.0514, 0.0658, 0.05], [0.6521, 0.0238, 0.0894, 0.0469, 0.0825, 0.0853, 0.0199], [0.6878, 0.0773, 0.0179, 0.0853, 0.0265, 0.0392, 0.0659], [0.7297, 0.0925, 0.0383, 0.0667, 0.0153, 0.0342, 0.0231], [0.725, 0.067, 0.028, 0.0159, 0.0696, 0.0295, 0.0651], [0.65, 0.083, 0.0288, 0.0766, 0.0355, 0.0525, 0.0735], [0.6813, 0.0414, 0.0269, 0.0168, 0.0722, 0.0903, 0.0711], [0.7035, 0.0818, 0.0505, 0.0407, 0.0592, 0.0164, 0.0479], [0.5937, 0.0747, 0.0813, 0.0592, 0.0554, 0.0697, 0.066], [0.6663, 0.0697, 0.0426, 0.0541, 0.0361, 0.0593, 0.0719], [0.7679, 0.0512, 0.066, 0.0217, 0.0206, 0.0463, 0.0263], [0.7628, 0.0166, 0.0706, 0.0657, 0.0269, 0.0212, 0.0361], [0.6778, 0.0399, 0.0567, 0.0709, 0.0461, 0.0447, 0.0639], [0.6777, 0.0585, 0.0564, 0.0598, 0.0328, 0.0435, 0.0713], [0.6471, 0.0366, 0.0945, 0.0175, 0.0655, 0.0783, 0.0604], [0.7209, 0.0516, 0.0744, 0.0277, 0.0249, 0.0342, 0.0662], [0.7628, 0.017, 0.0552, 0.0184, 0.076, 0.028, 0.0426], [0.6396, 0.0493, 0.0626, 0.064, 0.0302, 0.083, 0.0712], [0.6701, 0.0888, 0.0193, 0.0203, 0.0853, 0.0768, 0.0395]], "emotions": ["red", "red", "red", "red", "red", "red", "red", "red", "red", "red", "red", "red", "red", "red", "red", "red", "red", "red", "red", "red", "red", "red", "red", "red", "red", "red", "red", "red", "red", "red", "red", "red", "red", "red", "red", "red", "red", "red", "red", "red", "red", "red", "red", "red", "red", "red", "red", "red", "red", "red", "red", "red", "red", "red", "red", "red", "red", "red", "red", "red", "red", "red", "red", "red", "red", "red", "red", "red", "red", "red", "red", "red", "red", "red", "red", "red", "red", "red", "red", "red"], "timestamps": [0, 40, 80, 120, 160, 200, 240, 280, 320, 360, 400, 440, 480, 520, 560, 600, 640, 680, 720, 760, 800, 840, 880, 920, 960, 1000, 1040, 1080, 1120, 1160, 1200, 1240, 1280, 1320, 1360, 1400, 1440, 1480, 1520, 1560, 1600, 1640, 1680, 1720, 1760, 1800, 1840, 1880, 1920, 1960, 2000, 2040, 2080, 2120, 2160, 2200, 2240, 2280, 2320, 2360, 2400, 2440, 2480, 2520, 2560, 2600, 2640, 2680, 2720, 2760, 2800, 2840, 2880, 2920, 2960, 3000, 3040, 3080, 3120, 3160]}], "conversation": [], "conversation_timestamps": []}