{"agent_id": "agent-purple-849", "type": "purple", "trips": [{"trip_id": 0, "transport_method": "car", "start_time": 0, "path": [[1.5147989, 42.5044291], [1.5148688, 42.50455], [1.5149358, 42.5046719], [1.5149828, 42.5048027], [1.5150657, 42.5049113], [1.5151799, 42.5049918], [1.5152914, 42.5050758], [1.5153444, 42.5051981], [1.5154708, 42.5052533], [1.5156033, 42.5052975], [1.5157361, 42.505341], [1.5158685, 42.5053854], [1.5159999, 42.5054331], [1.5161301, 42.5054837], [1.5162576, 42.5055407], [1.5163828, 42.5056026], [1.5165081, 42.5056646], [1.5166331, 42.5057269], [1.5167568, 42.505792], [1.5168839, 42.5058495], [1.517019, 42.5058852], [1.517155, 42.5059171], [1.5172922, 42.5059437], [1.5173874, 42.5059908], [1.5175182, 42.5060175], [1.517656, 42.5060407], [1.5177932, 42.5060663], [1.5178483, 42.5061586], [1.5178639, 42.5062811], [1.5179853, 42.5063502], [1.5181067, 42.5064194], [1.5182281, 42.5064885], [1.5183495, 42.5065577], [1.5184709, 42.5066268], [1.518594, 42.5066923], [1.5187271, 42.5067346], [1.5188587, 42.5067792], [1.5189399, 42.5068929], [1.5190252, 42.5070022], [1.5191461, 42.5070717], [1.5192731, 42.5071301], [1.5193987, 42.5071913], [1.5195196, 42.5072613], [1.5196396, 42.5073328], [1.5197596, 42.5074043], [1.5198908, 42.5074271], [1.52003, 42.5074147], [1.5201693, 42.5074049], [1.5203087, 42.5073951], [1.5204433, 42.5074154], [1.5205727, 42.5074682], [1.5207073, 42.5074963], [1.5208469, 42.5075007], [1.5209866, 42.5075051], [1.5211263, 42.5075095], [1.5212659, 42.5075138], [1.5214056, 42.5075182], [1.5215453, 42.5075217], [1.5216838, 42.5075118], [1.5218009, 42.5075621], [1.5219022, 42.5076584], [1.5220043, 42.5077537], [1.5221239, 42.5077023], [1.5222631, 42.5077145], [1.5224023, 42.5077266], [1.5225415, 42.5077387], [1.5226807, 42.5077508], [1.5228199, 42.5077629], [1.5229591, 42.507775], [1.5230984, 42.5077871], [1.5232206, 42.5078275], [1.5233567, 42.5078144], [1.5234883, 42.5077696], [1.5236183, 42.5077182], [1.5237482, 42.5076668], [1.5238782, 42.5076154], [1.5240081, 42.5075641], [1.5240911, 42.5074975], [1.5241147, 42.5073598], [1.5241404, 42.5072225]], "mood_vectors": [[0.0466, 0.0221, 0.0338, 0.0526, 0.0712, 0.7509, 0.0228], [0.0288, 0.0256, 0.0833, 0.0283, 0.0842, 0.7214, 0.0284], [0.0919, 0.0576, 0.0467, 0.0629, 0.027, 0.669, 0.0448], [0.019, 0.0485, 0.0363, 0.0763, 0.0435, 0.7193, 0.0572], [0.0135, 0.0778, 0.0407, 0.0558, 0.0382, 0.7124, 0.0617], [0.09, 0.0644, 0.048, 0.0739, 0.0622, 0.6163, 0.0452], [0.0735, 0.0498, 0.0282, 0.0348, 0.071, 0.6733, 0.0693], [0.0427, 0.0615, 0.0456, 0.0203, 0.0783, 0.6588, 0.0928], [0.0292, 0.0513, 0.06, 0.018, 0.0865, 0.722, 0.033], [0.0703, 0.0424, 0.0532, 0.0174, 0.0888, 0.7036, 0.0243], [0.0376, 0.0397, 0.042, 0.0137, 0.0349, 0.7983, 0.0339], [0.07, 0.0397, 0.0678, 0.0655, 0.0328, 0.6481, 0.076], [0.0533, 0.0437, 0.0834, 0.0668, 0.0493, 0.6227, 0.0807], [0.0353, 0.0653, 0.0188, 0.0248, 0.0749, 0.7102, 0.0707], [0.0764, 0.0598, 0.0166, 0.0476, 0.06, 0.6771, 0.0625], [0.0623, 0.0466, 0.0676, 0.0194, 0.0979, 0.6289, 0.0773], [0.0872, 0.0946, 0.0273, 0.0631, 0.0197, 0.6457, 0.0624], [0.0366, 0.0881, 0.0476, 0.0542, 0.079, 0.6526, 0.0419], [0.0527, 0.0541, 0.0691, 0.0338, 0.0708, 0.6872, 0.0323], [0.0666, 0.0352, 0.0205, 0.0657, 0.0473, 0.7153, 0.0493], [0.0752, 0.0313, 0.0228, 0.0852, 0.0486, 0.671, 0.0659], [0.0767, 0.0342, 0.0596, 0.0848, 0.0699, 0.6323, 0.0426], [0.0613, 0.0496, 0.0417, 0.0777, 0.0802, 0.6748, 0.0146], [0.0711, 0.0384, 0.0341, 0.0492, 0.0371, 0.7193, 0.0507], [0.0596, 0.0141, 0.0518, 0.0367, 0.0551, 0.7332, 0.0495], [0.0753, 0.0142, 0.0447, 0.0749, 0.086, 0.6409, 0.064], [0.062, 0.0394, 0.057, 0.0775, 0.0482, 0.6412, 0.0746], [0.0175, 0.084, 0.0354, 0.0413, 0.0514, 0.7403, 0.0303], [0.0351, 0.0782, 0.0514, 0.0928, 0.0624, 0.6116, 0.0684], [0.0178, 0.0987, 0.0373, 0.0498, 0.0858, 0.6793, 0.0314], [0.1002, 0.0472, 0.0792, 0.026, 0.061, 0.6339, 0.0525], [0.0669, 0.0532, 0.0234, 0.0707, 0.0486, 0.696, 0.0412], [0.0334, 0.0367, 0.047, 0.053, 0.0487, 0.7467, 0.0344], [0.0796, 0.0704, 0.0259, 0.0258, 0.045, 0.7128, 0.0404], [0.074, 0.0221, 0.0538, 0.0491, 0.0307, 0.7283, 0.0419], [0.0458, 0.0508, 0.0763, 0.0561, 0.0443, 0.6596, 0.0672], [0.0139, 0.0521, 0.0605, 0.0185, 0.0147, 0.8092, 0.0311], [0.0426, 0.0295, 0.0463, 0.0419, 0.0758, 0.7268, 0.037], [0.0736, 0.0464, 0.0649, 0.042, 0.0712, 0.6349, 0.067], [0.0255, 0.0255, 0.0185, 0.0551, 0.0663, 0.7184, 0.0907], [0.0767, 0.018, 0.044, 0.0257, 0.0727, 0.7122, 0.0507], [0.0207, 0.0208, 0.0411, 0.0768, 0.0807, 0.6833, 0.0766], [0.041, 0.0654, 0.0347, 0.0646, 0.0702, 0.6666, 0.0575], [0.0449, 0.0157, 0.08, 0.0391, 0.02, 0.7728, 0.0275], [0.0779, 0.0254, 0.0396, 0.065, 0.0511, 0.6675, 0.0734], [0.0841, 0.0853, 0.0269, 0.08, 0.0878, 0.5987, 0.0371], [0.0373, 0.0144, 0.0416, 0.014, 0.0699, 0.759, 0.0638], [0.0758, 0.0829, 0.0338, 0.0363, 0.082, 0.6425, 0.0466], [0.0673, 0.067, 0.0737, 0.0732, 0.0383, 0.641, 0.0394], [0.0456, 0.0752, 0.06, 0.0486, 0.0392, 0.6921, 0.0393], [0.0267, 0.0526, 0.0471, 0.0551, 0.0162, 0.7441, 0.0583], [0.0588, 0.0514, 0.0342, 0.038, 0.0416, 0.7528, 0.0234], [0.0614, 0.0827, 0.0623, 0.0478, 0.0415, 0.656, 0.0483], [0.0759, 0.0361, 0.0864, 0.0766, 0.0734, 0.633, 0.0186], [0.0757, 0.0492, 0.0289, 0.0672, 0.0392, 0.6757, 0.064], [0.0647, 0.0601, 0.0802, 0.037, 0.0282, 0.7176, 0.0123], [0.074, 0.0643, 0.0292, 0.043, 0.0557, 0.6538, 0.0801], [0.0558, 0.0208, 0.0179, 0.0509, 0.0383, 0.7369, 0.0793], [0.0551, 0.0829, 0.0332, 0.0572, 0.0428, 0.7088, 0.0201], [0.0641, 0.0794, 0.0388, 0.017, 0.027, 0.7484, 0.0253], [0.0439, 0.0404, 0.0434, 0.0758, 0.0624, 0.7021, 0.0321], [0.0273, 0.079, 0.0821, 0.0772, 0.0233, 0.6638, 0.0473], [0.0327, 0.0757, 0.0529, 0.0424, 0.0778, 0.656, 0.0626], [0.0329, 0.0199, 0.0357, 0.0688, 0.0364, 0.765, 0.0412], [0.0571, 0.0503, 0.0522, 0.055, 0.0225, 0.7149, 0.048], [0.0147, 0.0281, 0.0713, 0.0406, 0.041, 0.754, 0.0502], [0.0712, 0.0155, 0.0326, 0.0479, 0.0864, 0.6638, 0.0827], [0.0814, 0.0544, 0.0439, 0.0799, 0.0358, 0.684, 0.0207], [0.0474, 0.0535, 0.0429, 0.055, 0.0454, 0.7352, 0.0206], [0.0427, 0.0308, 0.065, 0.0534, 0.0688, 0.6833, 0.056], [0.0346, 0.0176, 0.0223, 0.0425, 0.0616, 0.726, 0.0954], [0.0223, 0.0761, 0.069, 0.0364, 0.0156, 0.76, 0.0206], [0.0752, 0.0192, 0.067, 0.0494, 0.0726, 0.6609, 0.0557], [0.0382, 0.0205, 0.0603, 0.0155, 0.0477, 0.7708, 0.0469], [0.0566, 0.018, 0.048, 0.0192, 0.0587, 0.7571, 0.0424], [0.0586, 0.0322, 0.0654, 0.0692, 0.0867, 0.6496, 0.0384], [0.0955, 0.0349, 0.0268, 0.0643, 0.0355, 0.7028, 0.0404], [0.0575, 0.0877, 0.0244, 0.0729, 0.0437, 0.6239, 0.0899], [0.05, 0.0513, 0.0595, 0.0254, 0.0168, 0.741, 0.0561], [0.0275, 0.0385, 0.0157, 0.0738, 0.0652, 0.7277, 0.0516]], "emotions": ["purple", "purple", "purple", "purple", "purple", "purple", "purple", "purple", "purple", "purple", "purple", "purple", "purple", "purple", "purple", "purple", "purple", "purple", "purple", "purple", "purple", "purple", "purple", "purple", "purple", "purple", "purple", "purple", "purple", "purple", "purple", "purple", "purple", "purple", "purple", "purple", "purple", "purple", "purple", "purple", "purple", "purple", "purple", "purple", "purple", "purple", "purple", "purple", "purple", "purple", "purple", "purple", "purple", "purple", "purple", "purple", "purple", "purple", "purple", "purple", "purple", "purple", "purple", "purple", "purple", "purple", "purple", "purple", "purple", "purple", "purple", "purple", "purple", "purple", "purple", "purple", "purple", "purple", "purple", "purple"], "timestamps": [0, 40, 80, 120, 160, 200, 240, 280, 320, 360, 400, 440, 480, 520, 560, 600, 640, 680, 720, 760, 800, 840, 880, 920, 960, 1000, 1040, 1080, 1120, 1160, 1200, 1240, 1280, 1320, 1360, 1400, 1440, 1480, 1520, 1560, 1600, 1640, 1680, 1720, 1760, 1800, 1840, 1880, 1920, 1960, 2000, 2040, 2080, 2120, 2160, 2200, 2240, 2280, 2320, 2360, 2400, 2440, 2480, 2520, 2560, 2600, 2640, 2680, 2720, 2760, 2800, 2840, 2880, 2920, 2960, 3000, 3040, 3080, 3120, 3160]}], "conversation": [], "conversation_timestamps": []}