{"agent_id": "agent-blue-960", "type": "blue", "trips": [{"trip_id": 0, "transport_method": "bus", "start_time": 0, "path": [[1.5361587, 42.5117747], [1.5362399, 42.5116908], [1.5353352, 42.5112019], [1.5344965, 42.510603], [1.533566, 42.5101274], [1.5325453, 42.5099541], [1.5315579, 42.5096636], [1.5305783, 42.5093764], [1.5295855, 42.5090543], [1.5287534, 42.5086862], [1.5279172, 42.5080863], [1.5273297, 42.5072876], [1.5262896, 42.5072036], [1.5252532, 42.5070702], [1.5242566, 42.5068987], [1.5232428, 42.506649], [1.5222301, 42.5063978], [1.5212403, 42.506063], [1.5212951, 42.5060807], [1.5212139, 42.5060725], [1.5202162, 42.5057631], [1.5191987, 42.5055236], [1.5181599, 42.5054111], [1.5178653, 42.5053906], [1.5171034, 42.505362], [1.517162, 42.5052906], [1.5161677, 42.5049961], [1.5153628, 42.5043354], [1.5145852, 42.5036368], [1.5138075, 42.5029383], [1.513163, 42.5021186], [1.5125678, 42.501264], [1.51194, 42.5004283], [1.5112994, 42.4996023], [1.5106503, 42.4987829], [1.509878, 42.498101], [1.5089424, 42.4976351], [1.5080003, 42.4971821], [1.5070227, 42.4968127], [1.5060376, 42.4964631], [1.5050454, 42.4961351], [1.5041197, 42.4956511], [1.5031333, 42.4953107], [1.5021888, 42.4948639], [1.5012403, 42.4944248], [1.5004744, 42.4938149], [1.499681, 42.4931381], [1.4987898, 42.492597], [1.497867, 42.4921062], [1.4969827, 42.4915497], [1.4962994, 42.4908296], [1.4961011, 42.4898271], [1.4954195, 42.4890346], [1.4947651, 42.4882211], [1.4947298, 42.4872029], [1.4944164, 42.4862341], [1.4936369, 42.4855417], [1.4927547, 42.4849955], [1.4917947, 42.4847318], [1.4910103, 42.4841611], [1.4905144, 42.4832482], [1.4900033, 42.4823409], [1.4895393, 42.4814094], [1.4894144, 42.4803724], [1.4894748, 42.4793445], [1.489975, 42.4784326], [1.4904778, 42.4775171], [1.4906171, 42.4765366], [1.4908468, 42.475563], [1.4907353, 42.4745342], [1.4905121, 42.4735313], [1.4908581, 42.4725539], [1.4913512, 42.4716322], [1.4918343, 42.4707056], [1.4920551, 42.4696919], [1.491801, 42.4686844], [1.4915572, 42.4676731], [1.491857, 42.4668306], [1.4913067, 42.466078], [1.4904356, 42.4655001]], "mood_vectors": [[0.0514, 0.0621, 0.0666, 0.723, 0.0417, 0.0145, 0.0407], [0.018, 0.0162, 0.0453, 0.817, 0.0149, 0.0584, 0.0301], [0.04, 0.0171, 0.0278, 0.7657, 0.0599, 0.0362, 0.0533], [0.036, 0.0133, 0.0168, 0.7783, 0.0375, 0.0407, 0.0774], [0.0504, 0.0226, 0.0903, 0.6426, 0.0278, 0.0749, 0.0913], [0.0686, 0.0591, 0.0418, 0.7072, 0.0622, 0.0336, 0.0274], [0.0711, 0.0504, 0.0722, 0.6757, 0.0729, 0.0208, 0.037], [0.0421, 0.0167, 0.0519, 0.7709, 0.0135, 0.0772, 0.0277], [0.018, 0.0433, 0.0685, 0.6877, 0.097, 0.0478, 0.0378], [0.0408, 0.0622, 0.0652, 0.6643, 0.0788, 0.0178, 0.0709], [0.0159, 0.0336, 0.0387, 0.7569, 0.0541, 0.0735, 0.0274], [0.0352, 0.0549, 0.0753, 0.6647, 0.055, 0.0737, 0.0413], [0.0208, 0.0888, 0.0563, 0.6856, 0.0337, 0.0432, 0.0717], [0.0608, 0.0271, 0.0581, 0.7609, 0.0227, 0.0572, 0.0131], [0.0775, 0.0632, 0.068, 0.655, 0.0193, 0.0549, 0.062], [0.0173, 0.047, 0.069, 0.7018, 0.0762, 0.0142, 0.0745], [0.0505, 0.0141, 0.0286, 0.7645, 0.065, 0.0496, 0.0276], [0.056, 0.0508, 0.0274, 0.7459, 0.0489, 0.0456, 0.0255], [0.0167, 0.0541, 0.0179, 0.7866, 0.0299, 0.0585, 0.0362], [0.0829, 0.0237, 0.0385, 0.7135, 0.0565, 0.0319, 0.053], [0.042, 0.0473, 0.0868, 0.6731, 0.0396, 0.0605, 0.0507], [0.0371, 0.0726, 0.0575, 0.6567, 0.0611, 0.0699, 0.045], [0.0276, 0.0202, 0.0658, 0.7603, 0.0719, 0.0259, 0.0283], [0.029, 0.0481, 0.0193, 0.694, 0.0723, 0.0709, 0.0665], [0.0517, 0.0835, 0.0946, 0.6019, 0.0652, 0.07, 0.0333], [0.0313, 0.0862, 0.0572, 0.6637, 0.0718, 0.0277, 0.0621], [0.0347, 0.0522, 0.0545, 0.7341, 0.0316, 0.0586, 0.0344], [0.0268, 0.0734, 0.0471, 0.7521, 0.0283, 0.0325, 0.0398], [0.0801, 0.0577, 0.0718, 0.6747, 0.0266, 0.0657, 0.0234], [0.0709, 0.0292, 0.0755, 0.7298, 0.0401, 0.031, 0.0234], [0.0505, 0.0497, 0.0948, 0.6174, 0.0605, 0.0906, 0.0364], [0.0752, 0.0415, 0.0506, 0.642, 0.0622, 0.0656, 0.0629], [0.0742, 0.0682, 0.0374, 0.6821, 0.0515, 0.0316, 0.055], [0.0578, 0.0354, 0.0709, 0.7276, 0.02, 0.058, 0.0304], [0.0405, 0.0638, 0.0189, 0.6978, 0.0546, 0.0773, 0.047], [0.018, 0.0529, 0.0606, 0.7329, 0.0342, 0.0685, 0.0329], [0.0163, 0.0722, 0.0455, 0.6629, 0.0786, 0.0526, 0.0719], [0.0587, 0.0174, 0.0331, 0.73, 0.0811, 0.0519, 0.0278], [0.0647, 0.0349, 0.072, 0.6789, 0.0483, 0.0535, 0.0477], [0.042, 0.0173, 0.0766, 0.7299, 0.0483, 0.0562, 0.0296], [0.0349, 0.0391, 0.0394, 0.7301, 0.0663, 0.0279, 0.0623], [0.0275, 0.0484, 0.0693, 0.6981, 0.0494, 0.052, 0.0553], [0.0295, 0.0785, 0.0343, 0.6517, 0.0581, 0.0737, 0.0743], [0.061, 0.0815, 0.054, 0.661, 0.0613, 0.0258, 0.0552], [0.0168, 0.0273, 0.0691, 0.7419, 0.0736, 0.0114, 0.0599], [0.0443, 0.0767, 0.0735, 0.6074, 0.0789, 0.0731, 0.0461], [0.0537, 0.0392, 0.047, 0.7053, 0.0152, 0.0481, 0.0914], [0.0711, 0.017, 0.0733, 0.5938, 0.0846, 0.0739, 0.0863], [0.0714, 0.065, 0.0667, 0.6542, 0.0392, 0.0291, 0.0744], [0.0224, 0.0423, 0.0604, 0.7223, 0.032, 0.0773, 0.0433], [0.0242, 0.0661, 0.057, 0.7518, 0.0143, 0.0418, 0.0448], [0.0692, 0.0932, 0.0484, 0.623, 0.0667, 0.0599, 0.0396], [0.0311, 0.0694, 0.0629, 0.7615, 0.0221, 0.0114, 0.0416], [0.0382, 0.027, 0.0518, 0.7102, 0.0798, 0.0308, 0.0622], [0.0503, 0.0574, 0.0349, 0.771, 0.0355, 0.0356, 0.0152], [0.0602, 0.0362, 0.0156, 0.7238, 0.0557, 0.0424, 0.066], [0.0649, 0.0649, 0.0419, 0.6903, 0.0336, 0.0362, 0.0681], [0.0462, 0.0353, 0.0187, 0.7312, 0.0594, 0.067, 0.0421], [0.0381, 0.0738, 0.0296, 0.7501, 0.0142, 0.0472, 0.0471], [0.0354, 0.0835, 0.0323, 0.6898, 0.0844, 0.0557, 0.0189], [0.0116, 0.0607, 0.0531, 0.7304, 0.0619, 0.0164, 0.0659], [0.0767, 0.0714, 0.0392, 0.6727, 0.0262, 0.0802, 0.0337], [0.0692, 0.0389, 0.0821, 0.6695, 0.0392, 0.0224, 0.0786], [0.0921, 0.018, 0.0574, 0.6819, 0.0805, 0.0334, 0.0369], [0.1063, 0.027, 0.0228, 0.7097, 0.0735, 0.0204, 0.0403], [0.0597, 0.0509, 0.0436, 0.671, 0.0661, 0.0331, 0.0755], [0.0221, 0.0393, 0.0646, 0.7195, 0.0338, 0.0599, 0.0608], [0.0712, 0.0528, 0.0255, 0.6234, 0.0935, 0.0854, 0.0483], [0.0221, 0.077, 0.0536, 0.6723, 0.0639, 0.0356, 0.0754], [0.0385, 0.0215, 0.0568, 0.6936, 0.0551, 0.0651, 0.0694], [0.024, 0.0595, 0.0644, 0.6617, 0.0966, 0.0479, 0.0459], [0.0425, 0.023, 0.077, 0.6235, 0.0759, 0.0776, 0.0806], [0.0564, 0.0225, 0.0712, 0.6682, 0.075, 0.0319, 0.0747], [0.0796, 0.0402, 0.0842, 0.6207, 0.074, 0.04, 0.0613], [0.035, 0.04, 0.0719, 0.6842, 0.0908, 0.0379, 0.0403], [0.0297, 0.0519, 0.0134, 0.7631, 0.0346, 0.0309, 0.0763], [0.0404, 0.0191, 0.0538, 0.7116, 0.0762, 0.0169, 0.0821], [0.0356, 0.028, 0.047, 0.7195, 0.0271, 0.0791, 0.0637], [0.0653, 0.0435, 0.0745, 0.6952, 0.0191, 0.0235, 0.0789], [0.0403, 0.0277, 0.0454, 0.6945, 0.0712, 0.0787, 0.0421]], "emotions": ["green", "green", "green", "green", "green", "green", "green", "green", "green", "green", "green", "green", "green", "green", "green", "green", "green", "green", "green", "green", "green", "green", "green", "green", "green", "green", "green", "green", "green", "green", "green", "green", "green", "green", "green", "green", "green", "green", "green", "green", "green", "green", "green", "green", "green", "green", "green", "green", "green", "green", "green", "green", "green", "green", "green", "green", "green", "green", "green", "green", "green", "green", "green", "green", "green", "green", "green", "green", "green", "green", "green", "green", "green", "green", "green", "green", "green", "green", "green", "green"], "timestamps": [0, 40, 80, 120, 160, 200, 240, 280, 320, 360, 400, 440, 480, 520, 560, 600, 640, 680, 720, 760, 800, 840, 880, 920, 960, 1000, 1040, 1080, 1120, 1160, 1200, 1240, 1280, 1320, 1360, 1400, 1440, 1480, 1520, 1560, 1600, 1640, 1680, 1720, 1760, 1800, 1840, 1880, 1920, 1960, 2000, 2040, 2080, 2120, 2160, 2200, 2240, 2280, 2320, 2360, 2400, 2440, 2480, 2520, 2560, 2600, 2640, 2680, 2720, 2760, 2800, 2840, 2880, 2920, 2960, 3000, 3040, 3080, 3120, 3160]}], "conversation": [], "conversation_timestamps": []}