{"agent_id": "agent-red-921", "type": "red", "trips": [{"trip_id": 0, "transport_method": "car", "start_time": 0, "path": [[1.7314411, 42.541767], [1.7337973, 42.5428225], [1.7345244, 42.5459254], [1.7342999, 42.5474863], [1.730204, 42.5451676], [1.7254067, 42.543862], [1.7204106, 42.543811], [1.7154128, 42.5439779], [1.7104155, 42.5441372], [1.7054275, 42.5444885], [1.7006068, 42.5456224], [1.697025, 42.54901], [1.6936694, 42.5526771], [1.6900145, 42.5560511], [1.6869419, 42.5572965], [1.6845849, 42.5547138], [1.6814521, 42.5533973], [1.685738, 42.5552109], [1.6813254, 42.5534252], [1.6795883, 42.5515781], [1.6812088, 42.549373], [1.6841542, 42.5462283], [1.6837477, 42.5436683], [1.6807706, 42.5408008], [1.6763628, 42.5384927], [1.6734771, 42.539154], [1.6686041, 42.5391671], [1.6638929, 42.5385934], [1.6616535, 42.5392644], [1.6570319, 42.540991], [1.6523615, 42.5423954], [1.6479103, 42.5418225], [1.6430219, 42.5408768], [1.6381168, 42.5399048], [1.6381496, 42.5401187], [1.6427692, 42.5416452], [1.6457863, 42.5414243], [1.6408816, 42.54045], [1.6359768, 42.5394758], [1.6318233, 42.5391296], [1.6269327, 42.5385459], [1.622181, 42.5374377], [1.6175452, 42.535563], [1.6212675, 42.5355855], [1.6259754, 42.5359386], [1.6234213, 42.5379404], [1.618783, 42.5360718], [1.6175328, 42.5362078], [1.6164464, 42.5368498], [1.6115698, 42.536335], [1.6066195, 42.5362503], [1.6016366, 42.5366699], [1.6043271, 42.5371013], [1.6075355, 42.5361658], [1.6025483, 42.53653], [1.5975814, 42.5363614], [1.5932207, 42.5361295], [1.5893346, 42.5355646], [1.5941672, 42.5362934], [1.5911593, 42.5358342], [1.5876503, 42.5348938], [1.5852416, 42.5334168], [1.5807891, 42.5317347], [1.5758092, 42.531515], [1.5741278, 42.5309155], [1.5713995, 42.5293673], [1.5711561, 42.5292626], [1.5679979, 42.527151], [1.5660394, 42.5257585], [1.5617531, 42.5234831], [1.5578212, 42.5204864], [1.556236, 42.5189246], [1.5538896, 42.5170683], [1.55272, 42.5142525], [1.5488309, 42.5115977], [1.5459017, 42.5095863], [1.5410364, 42.5087126], [1.5375968, 42.5080665], [1.5356418, 42.5076929], [1.532198, 42.5072586]], "mood_vectors": [[0.6431, 0.066, 0.0722, 0.0533, 0.0673, 0.0513, 0.0468], [0.6218, 0.0641, 0.0457, 0.0781, 0.0872, 0.0722, 0.031], [0.7153, 0.0283, 0.0677, 0.0641, 0.0759, 0.024, 0.0248], [0.7167, 0.0356, 0.0651, 0.02, 0.0513, 0.0647, 0.0466], [0.6642, 0.0417, 0.015, 0.0915, 0.0413, 0.0691, 0.0773], [0.6136, 0.082, 0.0727, 0.0226, 0.0569, 0.0626, 0.0896], [0.6939, 0.0511, 0.0715, 0.0478, 0.02, 0.0488, 0.0669], [0.626, 0.0737, 0.0574, 0.063, 0.0682, 0.0411, 0.0706], [0.6353, 0.0827, 0.0379, 0.0535, 0.0707, 0.0972, 0.0229], [0.5812, 0.0637, 0.0854, 0.0846, 0.0229, 0.0868, 0.0755], [0.6502, 0.088, 0.0445, 0.0446, 0.0536, 0.0353, 0.0837], [0.7373, 0.025, 0.0431, 0.0646, 0.0184, 0.0329, 0.0785], [0.6604, 0.0751, 0.0544, 0.0395, 0.0273, 0.0697, 0.0736], [0.6594, 0.0672, 0.0374, 0.0889, 0.0703, 0.0171, 0.0597], [0.5723, 0.071, 0.0931, 0.0799, 0.0837, 0.0818, 0.0182], [0.6315, 0.0743, 0.0616, 0.0664, 0.0802, 0.0163, 0.0697], [0.6802, 0.085, 0.0525, 0.0361, 0.0236, 0.0553, 0.0673], [0.7514, 0.018, 0.0386, 0.0655, 0.0202, 0.0696, 0.0367], [0.7455, 0.0162, 0.0699, 0.0184, 0.0703, 0.063, 0.0167], [0.6971, 0.0244, 0.0668, 0.0602, 0.0501, 0.0502, 0.0512], [0.6322, 0.0349, 0.0624, 0.0583, 0.0627, 0.0772, 0.0722], [0.7069, 0.0182, 0.0862, 0.0639, 0.0718, 0.0125, 0.0404], [0.6802, 0.0635, 0.0572, 0.0518, 0.0457, 0.0709, 0.0306], [0.7859, 0.0806, 0.035, 0.0199, 0.0324, 0.0145, 0.0318], [0.7613, 0.0381, 0.0149, 0.0188, 0.0519, 0.0456, 0.0693], [0.6752, 0.0725, 0.0594, 0.0542, 0.0639, 0.0285, 0.0461], [0.7378, 0.071, 0.0467, 0.0347, 0.0232, 0.0159, 0.0707], [0.7354, 0.0345, 0.0855, 0.0255, 0.0528, 0.0485, 0.0179], [0.7366, 0.0136, 0.0231, 0.0381, 0.0713, 0.0468, 0.0704], [0.7645, 0.063, 0.0229, 0.0151, 0.0413, 0.0453, 0.0479], [0.7451, 0.068, 0.0213, 0.0133, 0.0733, 0.0297, 0.0492], [0.7069, 0.0554, 0.043, 0.0595, 0.0692, 0.0255, 0.0405], [0.7174, 0.0541, 0.0159, 0.0656, 0.0229, 0.0571, 0.067], [0.6516, 0.0242, 0.0577, 0.0692, 0.065, 0.0775, 0.0547], [0.6396, 0.0551, 0.07, 0.0358, 0.0718, 0.0723, 0.0554], [0.6322, 0.0659, 0.0616, 0.072, 0.066, 0.0427, 0.0595], [0.7122, 0.0661, 0.0259, 0.0857, 0.0197, 0.0485, 0.0418], [0.7534, 0.0655, 0.0167, 0.0472, 0.0331, 0.0473, 0.0368], [0.7063, 0.037, 0.0638, 0.0578, 0.0563, 0.0237, 0.0551], [0.633, 0.0481, 0.0615, 0.0565, 0.055, 0.0643, 0.0816], [0.6621, 0.0189, 0.0697, 0.0572, 0.0625, 0.0586, 0.0712], [0.7082, 0.0587, 0.0832, 0.0363, 0.0314, 0.0276, 0.0545], [0.7566, 0.0465, 0.0679, 0.0179, 0.06, 0.0216, 0.0295], [0.6751, 0.08, 0.044, 0.0475, 0.0194, 0.044, 0.09], [0.6701, 0.0747, 0.0353, 0.0439, 0.0821, 0.0777, 0.0163], [0.669, 0.0512, 0.0708, 0.0673, 0.071, 0.0593, 0.0114], [0.5856, 0.0755, 0.05, 0.0783, 0.074, 0.0727, 0.0638], [0.7863, 0.0207, 0.023, 0.0221, 0.0367, 0.0837, 0.0275], [0.789, 0.0181, 0.0122, 0.0437, 0.0416, 0.0225, 0.0729], [0.6299, 0.0217, 0.0421, 0.0745, 0.0868, 0.0651, 0.0798], [0.6975, 0.0897, 0.0488, 0.0175, 0.0174, 0.0934, 0.0358], [0.793, 0.0453, 0.0342, 0.0235, 0.049, 0.0228, 0.0321], [0.605, 0.0573, 0.076, 0.0585, 0.0776, 0.0646, 0.0611], [0.8008, 0.0182, 0.0525, 0.051, 0.0217, 0.0229, 0.0329], [0.7915, 0.0495, 0.017, 0.0175, 0.0265, 0.0656, 0.0324], [0.7172, 0.0415, 0.055, 0.0217, 0.0662, 0.0257, 0.0728], [0.6073, 0.0646, 0.0809, 0.0717, 0.0782, 0.0817, 0.0157], [0.6358, 0.0595, 0.0921, 0.0679, 0.0259, 0.093, 0.0257], [0.6237, 0.0512, 0.0828, 0.0822, 0.034, 0.0705, 0.0556], [0.7118, 0.0788, 0.0135, 0.0162, 0.0581, 0.0562, 0.0654], [0.6928, 0.0417, 0.0207, 0.0511, 0.0326, 0.0958, 0.0653], [0.7421, 0.0299, 0.0572, 0.0411, 0.0556, 0.0172, 0.057], [0.6566, 0.0587, 0.0586, 0.0756, 0.0167, 0.0571, 0.0767], [0.7682, 0.0157, 0.0292, 0.0702, 0.0246, 0.02, 0.0721], [0.7828, 0.0323, 0.0312, 0.0812, 0.0176, 0.0278, 0.027], [0.6672, 0.0374, 0.0561, 0.0588, 0.0616, 0.0474, 0.0716], [0.6093, 0.084, 0.0807, 0.0707, 0.0845, 0.0205, 0.0503], [0.6583, 0.06, 0.0613, 0.0641, 0.0496, 0.0791, 0.0276], [0.6249, 0.0868, 0.0793, 0.0637, 0.0617, 0.0247, 0.0589], [0.7319, 0.0499, 0.0321, 0.0673, 0.0233, 0.0319, 0.0636], [0.6088, 0.0203, 0.0613, 0.0573, 0.0783, 0.0844, 0.0896], [0.6501, 0.0653, 0.0281, 0.0213, 0.0851, 0.0701, 0.08], [0.6551, 0.0544, 0.0805, 0.06, 0.032, 0.0927, 0.0254], [0.7398, 0.0647, 0.0409, 0.0176, 0.0401, 0.0653, 0.0316], [0.7445, 0.0372, 0.0383, 0.0177, 0.0799, 0.0567, 0.0256], [0.7142, 0.0327, 0.0809, 0.0722, 0.0228, 0.0243, 0.0529], [0.7762, 0.0157, 0.0207, 0.0448, 0.0257, 0.0569, 0.06], [0.7777, 0.0628, 0.0173, 0.0707, 0.017, 0.0369, 0.0177], [0.6369, 0.0298, 0.0892, 0.0798, 0.0609, 0.0397, 0.0638], [0.619, 0.0598, 0.0845, 0.0178, 0.0859, 0.0597, 0.0733]], "emotions": ["red", "red", "red", "red", "red", "red", "red", "red", "red", "red", "red", "red", "red", "red", "red", "red", "red", "red", "red", "red", "red", "red", "red", "red", "red", "red", "red", "red", "red", "red", "red", "red", "red", "red", "red", "red", "red", "red", "red", "red", "red", "red", "red", "red", "red", "red", "red", "red", "red", "red", "red", "red", "red", "red", "red", "red", "red", "red", "red", "red", "red", "red", "red", "red", "red", "red", "red", "red", "red", "red", "red", "red", "red", "red", "red", "red", "red", "red", "red", "red"], "timestamps": [0, 40, 80, 120, 160, 200, 240, 280, 320, 360, 400, 440, 480, 520, 560, 600, 640, 680, 720, 760, 800, 840, 880, 920, 960, 1000, 1040, 1080, 1120, 1160, 1200, 1240, 1280, 1320, 1360, 1400, 1440, 1480, 1520, 1560, 1600, 1640, 1680, 1720, 1760, 1800, 1840, 1880, 1920, 1960, 2000, 2040, 2080, 2120, 2160, 2200, 2240, 2280, 2320, 2360, 2400, 2440, 2480, 2520, 2560, 2600, 2640, 2680, 2720, 2760, 2800, 2840, 2880, 2920, 2960, 3000, 3040, 3080, 3120, 3160]}], "conversation": [], "conversation_timestamps": []}