{"agent_id": "agent-green-212", "type": "green", "trips": [{"trip_id": 0, "transport_method": "foot", "start_time": 0, "path": [[1.522221, 42.5061351], [1.5250809, 42.5051266], [1.5285936, 42.5053169], [1.5325784, 42.5066459], [1.5354628, 42.5076621], [1.5397219, 42.5083278], [1.543074, 42.5089634], [1.5456783, 42.509499], [1.5487163, 42.5115696], [1.5511832, 42.5127112], [1.5526836, 42.513839], [1.5544639, 42.5176427], [1.5576587, 42.5203281], [1.5600706, 42.5223852], [1.5635891, 42.524823], [1.5674138, 42.5267595], [1.5710675, 42.5290972], [1.5743073, 42.5310226], [1.5785643, 42.5317976], [1.5801982, 42.5317478], [1.5842925, 42.5326426], [1.5878515, 42.5350836], [1.5916512, 42.5359618], [1.5957836, 42.5367927], [1.599681, 42.5366765], [1.6039892, 42.5370512], [1.6078863, 42.5361182], [1.6121678, 42.5365376], [1.6164445, 42.5368492], [1.6181206, 42.5364515], [1.6175823, 42.5356278], [1.6218958, 42.5354545], [1.6259808, 42.5359398], [1.6243394, 42.5382026], [1.6271612, 42.5385915], [1.6269851, 42.538524], [1.6312925, 42.5390575], [1.6355547, 42.5393782], [1.6395997, 42.5405673], [1.6436643, 42.5414922], [1.6476015, 42.541723], [1.6514107, 42.5425114], [1.6554772, 42.5413363], [1.6596737, 42.5401709], [1.6560777, 42.541231], [1.6598392, 42.5400817], [1.6640065, 42.5392736], [1.6683696, 42.5392317], [1.6707905, 42.5393695], [1.6664589, 42.5392025], [1.6636711, 42.5372847], [1.662423, 42.5392781], [1.6667852, 42.5391783], [1.6711474, 42.5390786], [1.6740082, 42.5383987], [1.6774968, 42.5391851], [1.6813435, 42.5411834], [1.6837405, 42.5437224], [1.6834174, 42.5473072], [1.6815062, 42.5503151], [1.6798597, 42.5527547], [1.6835751, 42.5540018], [1.6870817, 42.5560418], [1.6872632, 42.5575903], [1.6894019, 42.5567833], [1.6906544, 42.5553242], [1.6939238, 42.5524701], [1.6968422, 42.5492553], [1.6999602, 42.5463048], [1.703854, 42.5446342], [1.7082027, 42.5442792], [1.712559, 42.5440442], [1.7169208, 42.5439294], [1.7212817, 42.5437814], [1.7256405, 42.5438789], [1.7298423, 42.5449905], [1.73364, 42.5471289], [1.7340848, 42.5460349], [1.73442, 42.544393], [1.7318337, 42.5423598]], "mood_vectors": [[0.032, 0.0543, 0.0652, 0.0256, 0.0712, 0.0619, 0.6898], [0.0762, 0.034, 0.0824, 0.0223, 0.0239, 0.0749, 0.6863], [0.0696, 0.0429, 0.0381, 0.084, 0.0647, 0.0436, 0.6571], [0.0346, 0.0777, 0.0653, 0.0271, 0.0765, 0.0149, 0.7039], [0.0835, 0.0138, 0.0363, 0.0276, 0.0591, 0.0562, 0.7235], [0.0475, 0.0463, 0.0517, 0.0469, 0.0263, 0.0701, 0.7113], [0.0335, 0.0443, 0.054, 0.0414, 0.0482, 0.071, 0.7075], [0.0611, 0.0651, 0.0152, 0.0562, 0.0185, 0.0583, 0.7258], [0.0689, 0.0668, 0.029, 0.042, 0.0741, 0.0638, 0.6555], [0.0237, 0.0599, 0.0486, 0.0548, 0.069, 0.0562, 0.6877], [0.0394, 0.0742, 0.0176, 0.0533, 0.0388, 0.088, 0.6887], [0.034, 0.0279, 0.0435, 0.0918, 0.0537, 0.0695, 0.6796], [0.0469, 0.0304, 0.088, 0.0698, 0.0156, 0.0753, 0.674], [0.0601, 0.0641, 0.0125, 0.0263, 0.0618, 0.0433, 0.7319], [0.0204, 0.0558, 0.0142, 0.0154, 0.0842, 0.015, 0.795], [0.037, 0.0507, 0.0743, 0.0199, 0.0535, 0.0428, 0.7218], [0.071, 0.062, 0.0146, 0.0483, 0.0605, 0.0149, 0.7287], [0.0608, 0.0231, 0.027, 0.073, 0.0269, 0.0378, 0.7515], [0.0386, 0.0662, 0.064, 0.0437, 0.07, 0.0553, 0.6622], [0.0722, 0.0343, 0.0402, 0.0224, 0.0283, 0.0566, 0.7461], [0.0267, 0.0565, 0.0441, 0.0476, 0.0277, 0.0692, 0.7282], [0.0748, 0.0248, 0.0585, 0.0824, 0.0272, 0.0411, 0.6912], [0.0308, 0.0953, 0.0235, 0.0206, 0.0796, 0.0283, 0.722], [0.0758, 0.0194, 0.0565, 0.0641, 0.0697, 0.0199, 0.6945], [0.0509, 0.0894, 0.0729, 0.0419, 0.0809, 0.0237, 0.6404], [0.036, 0.0653, 0.0376, 0.0207, 0.0446, 0.0723, 0.7236], [0.016, 0.0642, 0.0782, 0.0178, 0.0438, 0.0728, 0.7073], [0.0243, 0.0477, 0.0967, 0.0447, 0.0216, 0.0867, 0.6782], [0.0166, 0.0733, 0.0238, 0.0628, 0.0476, 0.0587, 0.7173], [0.0538, 0.0376, 0.0338, 0.0607, 0.0701, 0.0329, 0.7111], [0.095, 0.0654, 0.0144, 0.063, 0.0292, 0.0152, 0.7178], [0.0711, 0.0662, 0.0571, 0.0425, 0.0263, 0.0683, 0.6685], [0.0512, 0.0714, 0.0387, 0.0301, 0.0669, 0.0626, 0.6791], [0.0529, 0.0589, 0.0622, 0.0265, 0.0609, 0.0531, 0.6854], [0.0584, 0.0696, 0.0481, 0.0441, 0.0421, 0.0119, 0.7258], [0.0758, 0.0225, 0.0677, 0.0489, 0.0389, 0.0736, 0.6725], [0.0802, 0.0666, 0.0787, 0.017, 0.0411, 0.0678, 0.6486], [0.054, 0.0202, 0.0444, 0.0231, 0.0632, 0.0432, 0.752], [0.0815, 0.0151, 0.056, 0.065, 0.0139, 0.0595, 0.709], [0.0538, 0.0676, 0.0322, 0.0683, 0.0175, 0.027, 0.7336], [0.0835, 0.0264, 0.0749, 0.019, 0.0326, 0.0576, 0.706], [0.0427, 0.0754, 0.0497, 0.0565, 0.0598, 0.0759, 0.6401], [0.0574, 0.0502, 0.0519, 0.0719, 0.0185, 0.0477, 0.7024], [0.081, 0.0215, 0.0444, 0.0523, 0.0182, 0.0577, 0.7249], [0.0575, 0.0748, 0.0597, 0.029, 0.0235, 0.0441, 0.7114], [0.0439, 0.0737, 0.0607, 0.0442, 0.0698, 0.0454, 0.6623], [0.0493, 0.0799, 0.0275, 0.0404, 0.0763, 0.0477, 0.6788], [0.0346, 0.0622, 0.0778, 0.0173, 0.0944, 0.0366, 0.677], [0.0302, 0.0796, 0.0336, 0.0404, 0.0628, 0.047, 0.7064], [0.0466, 0.0703, 0.0871, 0.0177, 0.0822, 0.0216, 0.6745], [0.0862, 0.0199, 0.05, 0.0367, 0.0548, 0.0856, 0.6668], [0.0384, 0.0204, 0.0388, 0.072, 0.0752, 0.0669, 0.6884], [0.0302, 0.0185, 0.0555, 0.0482, 0.0773, 0.0635, 0.7068], [0.0544, 0.0248, 0.0325, 0.0252, 0.0712, 0.0605, 0.7313], [0.0757, 0.0922, 0.0201, 0.0305, 0.088, 0.0167, 0.6767], [0.0762, 0.0155, 0.0662, 0.0468, 0.0272, 0.0787, 0.6895], [0.0675, 0.0494, 0.0137, 0.0499, 0.0637, 0.0641, 0.6917], [0.0443, 0.0149, 0.0265, 0.0307, 0.0628, 0.0695, 0.7514], [0.0434, 0.0859, 0.0709, 0.0672, 0.0463, 0.0353, 0.651], [0.0528, 0.0242, 0.0582, 0.037, 0.101, 0.0451, 0.6818], [0.0728, 0.072, 0.0599, 0.0407, 0.0581, 0.0811, 0.6153], [0.0411, 0.0555, 0.0901, 0.0658, 0.0186, 0.03, 0.6989], [0.0364, 0.038, 0.0221, 0.0258, 0.063, 0.077, 0.7377], [0.0258, 0.0442, 0.059, 0.0464, 0.0678, 0.0185, 0.7383], [0.0594, 0.0777, 0.0309, 0.0538, 0.0945, 0.0339, 0.6499], [0.0819, 0.0414, 0.0461, 0.0228, 0.0672, 0.0305, 0.7101], [0.0168, 0.0776, 0.0699, 0.0431, 0.0654, 0.078, 0.6491], [0.0205, 0.0604, 0.0527, 0.0356, 0.0521, 0.0351, 0.7434], [0.0735, 0.0759, 0.0655, 0.012, 0.0608, 0.061, 0.6513], [0.014, 0.0768, 0.0539, 0.0424, 0.0242, 0.0774, 0.7114], [0.0662, 0.0382, 0.0756, 0.0267, 0.0699, 0.0589, 0.6645], [0.0632, 0.0255, 0.0615, 0.0512, 0.0789, 0.0199, 0.6997], [0.0708, 0.062, 0.023, 0.0556, 0.067, 0.0572, 0.6644], [0.0358, 0.0165, 0.0476, 0.0181, 0.0698, 0.0672, 0.7451], [0.0717, 0.0524, 0.0501, 0.0685, 0.0546, 0.0505, 0.6522], [0.0391, 0.0754, 0.0727, 0.0902, 0.0579, 0.029, 0.6358], [0.0346, 0.0521, 0.0578, 0.0271, 0.0524, 0.07, 0.706], [0.0686, 0.0648, 0.0356, 0.0731, 0.045, 0.0554, 0.6574], [0.067, 0.0842, 0.0543, 0.0815, 0.0441, 0.0285, 0.6405], [0.0175, 0.0499, 0.0317, 0.036, 0.0685, 0.0707, 0.7256]], "emotions": ["purple", "purple", "purple", "purple", "purple", "purple", "purple", "purple", "purple", "purple", "purple", "purple", "purple", "purple", "purple", "purple", "purple", "purple", "purple", "purple", "purple", "purple", "purple", "purple", "purple", "purple", "purple", "purple", "purple", "purple", "purple", "purple", "purple", "purple", "purple", "purple", "purple", "purple", "purple", "purple", "purple", "purple", "purple", "purple", "purple", "purple", "purple", "purple", "purple", "purple", "purple", "purple", "purple", "purple", "purple", "purple", "purple", "purple", "purple", "purple", "purple", "purple", "purple", "purple", "purple", "purple", "purple", "purple", "purple", "purple", "purple", "purple", "purple", "purple", "purple", "purple", "purple", "purple", "purple", "purple"], "timestamps": [0, 40, 80, 120, 160, 200, 240, 280, 320, 360, 400, 440, 480, 520, 560, 600, 640, 680, 720, 760, 800, 840, 880, 920, 960, 1000, 1040, 1080, 1120, 1160, 1200, 1240, 1280, 1320, 1360, 1400, 1440, 1480, 1520, 1560, 1600, 1640, 1680, 1720, 1760, 1800, 1840, 1880, 1920, 1960, 2000, 2040, 2080, 2120, 2160, 2200, 2240, 2280, 2320, 2360, 2400, 2440, 2480, 2520, 2560, 2600, 2640, 2680, 2720, 2760, 2800, 2840, 2880, 2920, 2960, 3000, 3040, 3080, 3120, 3160]}], "conversation": [], "conversation_timestamps": []}