{"agent_id": "agent-green-1157", "type": "green", "trips": [{"trip_id": 0, "transport_method": "car", "start_time": 0, "path": [[1.5681872, 42.5164768], [1.569355, 42.5168684], [1.569386, 42.5162727], [1.5681115, 42.5163026], [1.5677793, 42.5163389], [1.5665724, 42.5159285], [1.5654458, 42.5153416], [1.564782, 42.5148405], [1.5644482, 42.5143092], [1.5635417, 42.514478], [1.5623245, 42.5140991], [1.5623229, 42.5139879], [1.5635046, 42.5144175], [1.5632672, 42.5144344], [1.5620314, 42.5141217], [1.5608185, 42.5141936], [1.5599645, 42.5136481], [1.5589725, 42.5128498], [1.5578109, 42.5123334], [1.558629, 42.5127172], [1.5580753, 42.5124009], [1.5574598, 42.5115919], [1.5563364, 42.5114458], [1.5552007, 42.5114265], [1.5545086, 42.5122875], [1.5539973, 42.511612], [1.5533786, 42.5105869], [1.5523755, 42.5103394], [1.5513838, 42.5097772], [1.5505596, 42.5088485], [1.5503378, 42.5077487], [1.5505377, 42.5065044], [1.5500452, 42.5070331], [1.549639, 42.5077092], [1.5503118, 42.506627], [1.5501129, 42.5068672], [1.5493811, 42.5079111], [1.5495036, 42.5067649], [1.5488522, 42.5072849], [1.5477846, 42.5079709], [1.5480615, 42.5077784], [1.5485762, 42.5074971], [1.5475122, 42.5081992], [1.5465727, 42.5089903], [1.5453994, 42.5093516], [1.5441297, 42.5093084], [1.5428675, 42.5092507], [1.5421025, 42.5102083], [1.5417891, 42.5113983], [1.5406215, 42.5117674], [1.5394701, 42.5122294], [1.5382968, 42.51266], [1.5370529, 42.5129258], [1.5358576, 42.5133595], [1.5345956, 42.5135329], [1.533363, 42.5138421], [1.5322391, 42.5143967], [1.5313014, 42.5152434], [1.5306293, 42.5157437], [1.5295341, 42.5163689], [1.5283909, 42.5165837], [1.5272814, 42.5171814], [1.5261182, 42.5176987], [1.5251442, 42.5185185], [1.5241265, 42.5192862], [1.5236999, 42.520464], [1.5229962, 42.5215141], [1.5220179, 42.5223153], [1.5214732, 42.5234543], [1.520727, 42.5244818], [1.5207867, 42.5257113], [1.5206055, 42.5269368], [1.5210333, 42.5280649], [1.5216166, 42.529116], [1.5215246, 42.5299438], [1.5211983, 42.5309427], [1.5211048, 42.5320793], [1.5214372, 42.5330821], [1.5223676, 42.5324495], [1.5224494, 42.5334561]], "mood_vectors": [[0.0818, 0.0351, 0.0133, 0.0352, 0.0597, 0.0211, 0.7537], [0.0563, 0.0355, 0.0656, 0.0323, 0.0179, 0.0695, 0.7228], [0.046, 0.0677, 0.0662, 0.0535, 0.074, 0.0475, 0.6451], [0.0299, 0.0398, 0.029, 0.0407, 0.0603, 0.0615, 0.7388], [0.0538, 0.0753, 0.0479, 0.0425, 0.0714, 0.0854, 0.6237], [0.0385, 0.0161, 0.0356, 0.0534, 0.0503, 0.0426, 0.7635], [0.0196, 0.0528, 0.0631, 0.0666, 0.0384, 0.0212, 0.7384], [0.0367, 0.0497, 0.0591, 0.0344, 0.0677, 0.0516, 0.7008], [0.0442, 0.0266, 0.0686, 0.0782, 0.0774, 0.0397, 0.6653], [0.0531, 0.0616, 0.0329, 0.0652, 0.0432, 0.0419, 0.7021], [0.0785, 0.0752, 0.0735, 0.0535, 0.0257, 0.0268, 0.6668], [0.0796, 0.0192, 0.0727, 0.0876, 0.0184, 0.0576, 0.6649], [0.0136, 0.049, 0.0443, 0.0463, 0.0249, 0.0772, 0.7447], [0.0466, 0.0477, 0.0146, 0.0691, 0.0204, 0.023, 0.7786], [0.0726, 0.0522, 0.0357, 0.0236, 0.0587, 0.0712, 0.6859], [0.0173, 0.0264, 0.078, 0.0857, 0.0603, 0.0576, 0.6747], [0.0632, 0.0596, 0.0632, 0.0518, 0.066, 0.0369, 0.6593], [0.0354, 0.0773, 0.0581, 0.0377, 0.0211, 0.0271, 0.7433], [0.0452, 0.0622, 0.0468, 0.0245, 0.0861, 0.0422, 0.6931], [0.0139, 0.0401, 0.0394, 0.0698, 0.0597, 0.053, 0.7242], [0.0367, 0.0618, 0.0192, 0.049, 0.022, 0.0763, 0.735], [0.0348, 0.0296, 0.0576, 0.0789, 0.0464, 0.0344, 0.7183], [0.0235, 0.0386, 0.0138, 0.0154, 0.0637, 0.0818, 0.7633], [0.0411, 0.0446, 0.0676, 0.0371, 0.0735, 0.0761, 0.66], [0.0153, 0.0182, 0.0194, 0.047, 0.0252, 0.0783, 0.7966], [0.0592, 0.0799, 0.0234, 0.0217, 0.064, 0.0839, 0.6679], [0.0381, 0.0684, 0.0828, 0.0402, 0.0151, 0.0559, 0.6994], [0.0679, 0.0784, 0.0268, 0.0314, 0.0972, 0.0332, 0.6652], [0.0211, 0.0259, 0.0774, 0.0969, 0.0428, 0.0782, 0.6576], [0.0419, 0.0561, 0.0129, 0.0687, 0.0404, 0.0669, 0.7131], [0.0597, 0.0756, 0.0374, 0.0785, 0.0412, 0.0654, 0.6423], [0.0138, 0.0578, 0.0208, 0.0726, 0.0295, 0.087, 0.7184], [0.057, 0.0773, 0.0601, 0.09, 0.07, 0.039, 0.6067], [0.0363, 0.0762, 0.0473, 0.0563, 0.018, 0.0614, 0.7046], [0.0603, 0.062, 0.0396, 0.0244, 0.0574, 0.0453, 0.7111], [0.0574, 0.072, 0.0685, 0.0588, 0.0465, 0.0809, 0.6159], [0.0403, 0.0367, 0.0693, 0.0778, 0.0393, 0.0305, 0.7061], [0.0346, 0.086, 0.0681, 0.0325, 0.0786, 0.0581, 0.6422], [0.0525, 0.0401, 0.0388, 0.0681, 0.0561, 0.057, 0.6874], [0.0292, 0.0852, 0.0779, 0.0562, 0.019, 0.0182, 0.7143], [0.0358, 0.0624, 0.0435, 0.0513, 0.0538, 0.015, 0.7383], [0.0239, 0.0536, 0.0327, 0.0438, 0.0182, 0.1012, 0.7266], [0.0295, 0.0486, 0.0449, 0.059, 0.032, 0.0423, 0.7437], [0.0888, 0.0171, 0.0647, 0.0632, 0.0504, 0.0457, 0.67], [0.0467, 0.0611, 0.0256, 0.038, 0.0253, 0.055, 0.7482], [0.0578, 0.0604, 0.0715, 0.0621, 0.0625, 0.0654, 0.6204], [0.0244, 0.0802, 0.0845, 0.0637, 0.0177, 0.0179, 0.7116], [0.017, 0.0677, 0.0507, 0.0906, 0.0333, 0.0146, 0.726], [0.0376, 0.0914, 0.0409, 0.0203, 0.0482, 0.0612, 0.7003], [0.0225, 0.0248, 0.0784, 0.0587, 0.0389, 0.0548, 0.7219], [0.0446, 0.0222, 0.0616, 0.0534, 0.0685, 0.0544, 0.6953], [0.0784, 0.072, 0.0525, 0.0423, 0.062, 0.0641, 0.6288], [0.0186, 0.0567, 0.0557, 0.0309, 0.019, 0.0588, 0.7603], [0.0227, 0.0148, 0.0532, 0.0522, 0.046, 0.0812, 0.7298], [0.0841, 0.063, 0.06, 0.0632, 0.0653, 0.0768, 0.5877], [0.0334, 0.08, 0.0171, 0.084, 0.0359, 0.0719, 0.6778], [0.0684, 0.0806, 0.0814, 0.0871, 0.0247, 0.0665, 0.5912], [0.0706, 0.0698, 0.0262, 0.0456, 0.0421, 0.0246, 0.7211], [0.0687, 0.0653, 0.0751, 0.0207, 0.0196, 0.0275, 0.7231], [0.025, 0.0378, 0.0339, 0.0816, 0.0634, 0.0218, 0.7364], [0.079, 0.0618, 0.0817, 0.0292, 0.0418, 0.0683, 0.6383], [0.0772, 0.0215, 0.0613, 0.0127, 0.0517, 0.0634, 0.7122], [0.023, 0.016, 0.0357, 0.029, 0.0148, 0.0732, 0.8083], [0.0339, 0.0519, 0.0395, 0.0808, 0.0633, 0.091, 0.6397], [0.0684, 0.0823, 0.0768, 0.0736, 0.041, 0.0708, 0.5871], [0.0568, 0.0284, 0.069, 0.0331, 0.0487, 0.0258, 0.7382], [0.0705, 0.0611, 0.0653, 0.0462, 0.0418, 0.0483, 0.6666], [0.0446, 0.0897, 0.0802, 0.0194, 0.0836, 0.0297, 0.6528], [0.0568, 0.0476, 0.0242, 0.0223, 0.0649, 0.0626, 0.7216], [0.0932, 0.0708, 0.0756, 0.0419, 0.0562, 0.0329, 0.6294], [0.0387, 0.046, 0.0856, 0.0607, 0.055, 0.0458, 0.6682], [0.0666, 0.0336, 0.0681, 0.0307, 0.0668, 0.046, 0.6883], [0.0272, 0.0735, 0.0547, 0.047, 0.035, 0.0717, 0.6908], [0.0358, 0.0858, 0.0857, 0.0379, 0.0851, 0.0271, 0.6427], [0.037, 0.021, 0.0436, 0.0179, 0.0482, 0.0254, 0.8069], [0.0403, 0.0291, 0.0654, 0.0586, 0.0331, 0.0241, 0.7494], [0.0261, 0.0606, 0.0141, 0.0477, 0.0453, 0.037, 0.7693], [0.0575, 0.0786, 0.0129, 0.0818, 0.0192, 0.042, 0.708], [0.0674, 0.0554, 0.0741, 0.0188, 0.0735, 0.0581, 0.6527], [0.0527, 0.0693, 0.0439, 0.0265, 0.0709, 0.0204, 0.7163]], "emotions": ["purple", "purple", "purple", "purple", "purple", "purple", "purple", "purple", "purple", "purple", "purple", "purple", "purple", "purple", "purple", "purple", "purple", "purple", "purple", "purple", "purple", "purple", "purple", "purple", "purple", "purple", "purple", "purple", "purple", "purple", "purple", "purple", "purple", "purple", "purple", "purple", "purple", "purple", "purple", "purple", "purple", "purple", "purple", "purple", "purple", "purple", "purple", "purple", "purple", "purple", "purple", "purple", "purple", "purple", "purple", "purple", "purple", "purple", "purple", "purple", "purple", "purple", "purple", "purple", "purple", "purple", "purple", "purple", "purple", "purple", "purple", "purple", "purple", "purple", "purple", "purple", "purple", "purple", "purple", "purple"], "timestamps": [0, 40, 80, 120, 160, 200, 240, 280, 320, 360, 400, 440, 480, 520, 560, 600, 640, 680, 720, 760, 800, 840, 880, 920, 960, 1000, 1040, 1080, 1120, 1160, 1200, 1240, 1280, 1320, 1360, 1400, 1440, 1480, 1520, 1560, 1600, 1640, 1680, 1720, 1760, 1800, 1840, 1880, 1920, 1960, 2000, 2040, 2080, 2120, 2160, 2200, 2240, 2280, 2320, 2360, 2400, 2440, 2480, 2520, 2560, 2600, 2640, 2680, 2720, 2760, 2800, 2840, 2880, 2920, 2960, 3000, 3040, 3080, 3120, 3160]}], "conversation": [], "conversation_timestamps": []}