{
  "agent_id": "agent-type-blue-29",
  "type": "blue",
  "trips": [
    {
      "trip_id": 0,
      "transport_method": "bicycle",
      "start_time": 0,
      "path": [
        [
          1.5193864000000001,
          42.5062142
        ],
        [
          1.5191724925057073,
          42.506318791643075
        ],
        [
          1.5189402699933214,
          42.506356989517144
        ],
        [
          1.5187310241551577,
          42.506289580004974
        ],
        [
          1.5185851737662504,
          42.50610102608527
        ],
        [
          1.5184465541287298,
          42.50590834575305
        ],
        [
          1.5183584062990771,
          42.50568686239768
        ],
        [
          1.5183631909555968,
          42.5054669362956
        ],
        [
          1.518433132856004,
          42.505243099838275
        ],
        [
          1.5185409517120527,
          42.50503148925533
        ],
        [
          1.51871966928252,
          42.504951244028405
        ],
        [
          1.518952934455014,
          42.505000358953644
        ],
        [
          1.5191861996275078,
          42.50504947387889
        ],
        [
          1.5194194648000015,
          42.50509858880414
        ],
        [
          1.5196527299724953,
          42.505147703729385
        ],
        [
          1.5196056048550117,
          42.505137781345354
        ],
        [
          1.5193723396825178,
          42.50508866642011
        ],
        [
          1.519139074510024,
          42.50503955149486
        ],
        [
          1.5189058093375303,
          42.50499043656962
        ],
        [
          1.5186725441650364,
          42.504941321644374
        ],
        [
          1.5185151597882116,
          42.50507215874103
        ],
        [
          1.5184147265404024,
          42.50528760195001
        ],
        [
          1.5183429859698998,
          42.50550764624327
        ],
        [
          1.5183762142589363,
          42.50573160730765
        ],
        [
          1.5184687886277222,
          42.50595056454568
        ],
        [
          1.5186146390166295,
          42.506139118465384
        ],
        [
          1.5187604894055369,
          42.50632767238509
        ],
        [
          1.5189883637281547,
          42.50635948412583
        ],
        [
          1.519216623029487,
          42.50629999018388
        ],
        [
          1.5194340737499425,
          42.506207385018776
        ],
        [
          1.5196700546046877,
          42.506173651463165
        ],
        [
          1.519785964540568,
          42.506157082092436
        ],
        [
          1.5195499836858228,
          42.50619081564805
        ],
        [
          1.519430447949037,
          42.506272580084534
        ],
        [
          1.5193870084183676,
          42.50641562946489
        ],
        [
          1.5192421658207813,
          42.506548875308866
        ],
        [
          1.5193538568965412,
          42.50675079949186
        ],
        [
          1.519548399137104,
          42.50672638965168
        ],
        [
          1.5197743993861645,
          42.50680221051955
        ],
        [
          1.5200003996352252,
          42.50687803138742
        ],
        [
          1.5198701288695036,
          42.50704915139601
        ],
        [
          1.5197227906540933,
          42.50723652650733
        ],
        [
          1.5198199754465258,
          42.507361429483616
        ],
        [
          1.5200457405483245,
          42.50743766067675
        ],
        [
          1.520157129742225,
          42.507562437978045
        ],
        [
          1.519927731811471,
          42.50762725700261
        ],
        [
          1.5197141023414886,
          42.50773234304698
        ],
        [
          1.519550384705803,
          42.50786478408994
        ],
        [
          1.5195920460618957,
          42.50809949507815
        ],
        [
          1.5196337074179882,
          42.508334206066365
        ],
        [
          1.519675368774081,
          42.50856891705458
        ],
        [
          1.5198942,
          42.50865760000001
        ]
      ],
      "emotions": [
        "purple",
        "purple",
        "purple",
        "purple",
        "purple",
        "purple",
        "purple",
        "purple",
        "purple",
        "purple",
        "green",
        "green",
        "green",
        "green",
        "green",
        "red",
        "red",
        "red",
        "red",
        "red",
        "green",
        "green",
        "green",
        "green",
        "green",
        "purple",
        "purple",
        "purple",
        "purple",
        "purple",
        "red",
        "red",
        "red",
        "red",
        "red",
        "red",
        "red",
        "red",
        "red",
        "red",
        "green",
        "green",
        "green",
        "green",
        "green",
        "red",
        "red",
        "red",
        "red",
        "red",
        "purple",
        "purple"
      ],
      "mood_vectors": [
        [
          0.09062650601683432,
          0.1946459317589662,
          0.0856392854666513,
          0.17862221325204294,
          0.10192459870072215,
          0.1633084184386089,
          0.18523304636617416
        ],
        [
          0.19947265103843237,
          0.05141678685173373,
          0.15429640036067868,
          0.1239809840554432,
          0.13927006263524488,
          0.11281678440793023,
          0.21874633065053678
        ],
        [
          0.1564662913711759,
          0.016591979488914988,
          0.2741932789221278,
          0.006908098577426804,
          0.0024756223215858047,
          0.2670261018144461,
          0.27633862750432264
        ],
        [
          0.20926110410622287,
          0.09332648431009573,
          0.20127339653741752,
          0.20906408899608792,
          0.049604777658535874,
          0.23502377071392172,
          0.002446377677718298
        ],
        [
          0.20393571482803693,
          0.23655875254302236,
          0.1732234439558648,
          0.008047181035542415,
          0.08594326977338186,
          0.050856703737158455,
          0.24143493412699316
        ],
        [
          0.1981864436141321,
          0.14390321751187754,
          0.015425949153068174,
          0.022098807154785502,
          0.2535602485265241,
          0.2517023187911214,
          0.11512301524849121
        ],
        [
          0.21434577933379548,
          0.15756052068280516,
          0.10119355564788568,
          0.1771780127974588,
          0.11504500433762176,
          0.01898498982761596,
          0.21569213737281726
        ],
        [
          0.15458809015717326,
          0.3026203479880623,
          0.20321857880516447,
          0.05306584019092198,
          0.06159411713654799,
          0.018502151052530877,
          0.2064108746695991
        ],
        [
          0.18257821377165345,
          0.12654118759691355,
          0.1834089731850242,
          0.0246362659750824,
          0.1859342482041777,
          0.1362928765417676,
          0.16060823472538105
        ],
        [
          0.22316745558845114,
          0.220435580966307,
          0.028094648052945516,
          0.18900033433901645,
          0.049671216624446395,
          0.12506934314167958,
          0.16456142128715387
        ],
        [
          0.16951295131723268,
          0.01887913748400509,
          0.16364379266830217,
          0.22279914425098518,
          0.20396859875844958,
          0.20691298390719057,
          0.014283391613834727
        ],
        [
          0.02940556136465689,
          0.06472792283353601,
          0.1939312882870135,
          0.1647322108007704,
          0.20908964234733635,
          0.1288370622685196,
          0.2092763120981672
        ],
        [
          0.21046561357781254,
          0.14734412065314506,
          0.2124341862535971,
          0.06132524243637807,
          0.11459600799845587,
          0.04944181104231689,
          0.2043930180382944
        ],
        [
          0.05257582558696715,
          0.19068529623319216,
          0.14888250717635923,
          0.11175715289041971,
          0.2049896052035212,
          0.08753043178648616,
          0.20357918112305434
        ],
        [
          0.14745235860140396,
          0.08142033544389256,
          0.2264946070944047,
          0.18443911919944436,
          0.18954583293795677,
          0.0974020317885504,
          0.07324571493434728
        ],
        [
          0.1963050315711233,
          0.1300717781301784,
          0.24303064190280985,
          0.03158453354481969,
          0.06464618213939657,
          0.15407545660401617,
          0.18028637610765594
        ],
        [
          0.3588744660902467,
          0.19244285818787313,
          0.06101322357840603,
          0.05993627347182862,
          0.17049543584061902,
          0.04871480317258766,
          0.10852293965843883
        ],
        [
          0.20416094100716328,
          0.1728506709067595,
          0.149437064763137,
          0.1808640744947509,
          0.05053945461036751,
          0.038860936206167394,
          0.2032868580116544
        ],
        [
          0.020930025928853225,
          0.20047077218426043,
          0.17495430315100974,
          0.05754766732025875,
          0.2534690862683456,
          0.2078022656592592,
          0.0848258794880131
        ],
        [
          0.065682357204051,
          0.13639055889234322,
          0.29089754248940236,
          0.04393927346778869,
          0.20256997835018134,
          0.09404866231542035,
          0.166471627280813
        ],
        [
          0.2301857416963163,
          0.1019716463592221,
          0.1320866966694667,
          0.09515274782919768,
          0.12276452162254838,
          0.24804433829172892,
          0.06979430753151997
        ],
        [
          0.1972617238466073,
          0.1282242462014706,
          0.03742398723705924,
          0.14923389772614953,
          0.18941065550059652,
          0.19920146941154224,
          0.09924402007657461
        ],
        [
          0.16955046872430085,
          0.18368351596226878,
          0.10929455806431698,
          0.15528756747392775,
          0.11505757449569892,
          0.2106679093289332,
          0.05645840595055351
        ],
        [
          0.09002755317632856,
          0.3046644229681548,
          0.151746772834908,
          0.16371504628149897,
          0.14636487351670865,
          0.004875901887707122,
          0.13860542933469386
        ],
        [
          0.12670123906085642,
          0.09183348919734315,
          0.02907035157410297,
          0.1546547889813009,
          0.20754495940683207,
          0.17959675694205218,
          0.21059841483751235
        ],
        [
          0.19677086189081477,
          0.11786463580551254,
          0.17385248887168345,
          0.0574228633922636,
          0.08389590786339525,
          0.17305563839981858,
          0.19713760377651182
        ],
        [
          0.0678216820673049,
          0.3337610551170547,
          0.01797309405395559,
          0.023284142031180066,
          0.2749242889782535,
          0.021650150105634744,
          0.26058558764661655
        ],
        [
          0.2599772313408967,
          0.06885189501498731,
          0.007066567808649558,
          0.22927199405998872,
          0.1737857656148354,
          0.04621099205513874,
          0.21483555410550362
        ],
        [
          0.13859019336660974,
          0.03435085670944287,
          0.2820763347875469,
          0.09855306238623855,
          0.11249720859103425,
          0.32493650493668025,
          0.00899583922244749
        ],
        [
          0.12243242549441583,
          0.16309386148025432,
          0.016084729884345582,
          0.26855829324918457,
          0.2821554967026778,
          0.08656955693556706,
          0.06110563625355487
        ],
        [
          0.1682080535407014,
          0.10913995596133445,
          0.2126509925439511,
          0.06916243720799614,
          0.041127621106217135,
          0.19841087458879364,
          0.20130006505100606
        ],
        [
          0.18730218711092714,
          0.16348177882133855,
          0.10721364479963606,
          0.1483844506121054,
          0.017302708429229045,
          0.23909763656376873,
          0.13721759366299502
        ],
        [
          0.030978308217500583,
          0.05626046722456241,
          0.15170292817708278,
          0.196746401669069,
          0.25057207092257705,
          0.058226034767728266,
          0.25551378902147986
        ],
        [
          0.06491118237422956,
          0.10015923318215693,
          0.2734139882019483,
          0.14700703816002536,
          0.16345959955905887,
          0.24351014567901846,
          0.007538812843562517
        ],
        [
          0.20475015536436608,
          0.11330173996622651,
          0.03257528169604583,
          0.23424235089047155,
          0.14782019635727847,
          0.04022310435047778,
          0.2270871713751338
        ],
        [
          0.07988220342545807,
          0.04706086773196978,
          0.16248343887019534,
          0.17918562855244213,
          0.265602428143737,
          0.1819080708395679,
          0.0838773624366298
        ],
        [
          0.18737801530366485,
          0.1742555918483948,
          0.05313536866201982,
          0.1581499380920485,
          0.08859114917483585,
          0.21452860370691254,
          0.12396133321212367
        ],
        [
          0.2526775377356163,
          0.1702208157495928,
          0.11259021219544259,
          0.03257297090681025,
          0.2213580257611196,
          0.013541757367823405,
          0.19703868028359509
        ],
        [
          0.023268494877393214,
          0.16688056805260884,
          0.10181032439687038,
          0.09316357478559643,
          0.11329765896247668,
          0.36974801470182367,
          0.13183136422323077
        ],
        [
          0.039169049493619504,
          0.12609763230726886,
          0.1931356867847098,
          0.16131727646220295,
          0.11965900490419501,
          0.19776807265477706,
          0.16285327739322675
        ],
        [
          0.2802938329646689,
          0.07595406237723137,
          0.10082687044412635,
          0.12391068804362436,
          0.051752356518774634,
          0.06593103760316235,
          0.30133115204841193
        ],
        [
          0.2267818427822113,
          0.21798807943847626,
          0.03228793179552657,
          0.011576548443913455,
          0.2363983857536584,
          0.08663473517955718,
          0.18833247660665683
        ],
        [
          0.23514210610412342,
          0.15426198956158546,
          0.2342656181256303,
          0.16595616128455226,
          0.09169109867109586,
          0.11435667162931376,
          0.0043263546236989425
        ],
        [
          0.051925651776393175,
          0.1857845103144849,
          0.10886033995679971,
          0.03620238974747799,
          0.24772719444739622,
          0.16907762042361155,
          0.20042229333383643
        ],
        [
          0.035731886087600334,
          0.19369974919362565,
          0.12558887815503922,
          0.2508197236649467,
          0.059920394361810646,
          0.15659026006814136,
          0.17764910846883605
        ],
        [
          0.05863562788027507,
          0.014756314115708803,
          0.01975776229084227,
          0.3516372684173985,
          0.35630393384882814,
          0.07775860176386074,
          0.1211504916830865
        ],
        [
          0.11852518883714974,
          0.20499302781429427,
          0.12465398223026777,
          0.1980642336347679,
          0.04810917242844258,
          0.16575251896162274,
          0.13990187609345497
        ],
        [
          0.06142353437870436,
          0.14763894062153554,
          0.028389276557846694,
          0.04980157635917831,
          0.219035334210746,
          0.24647511116166035,
          0.24723622671032877
        ],
        [
          0.18211567156414613,
          0.10789769750635876,
          0.14629410820451247,
          0.13939739425600223,
          0.20328428122406297,
          0.12251292260732548,
          0.09849792463759191
        ],
        [
          0.19404624378646956,
          0.1132715346090337,
          0.07782738408142953,
          0.07668935972521067,
          0.17450460698845088,
          0.17083262224992643,
          0.19282824855947914
        ],
        [
          0.19250522376292284,
          0.16847519977745373,
          0.006932652558985774,
          0.17598186661850607,
          0.06845781258433309,
          0.21439366851837477,
          0.17325357617942377
        ],
        [
          0.2722762011588779,
          0.1866448879289321,
          0.28547083809857676,
          0.03701691551938364,
          0.11167243085243328,
          0.09439003091420341,
          0.012528695527592823
        ]
      ],
      "timestamps": [
        0,
        1,
        2,
        3,
        4,
        5,
        6,
        7,
        8,
        9,
        10,
        11,
        12,
        13,
        14,
        15,
        16,
        17,
        18,
        19,
        20,
        21,
        22,
        23,
        24,
        25,
        26,
        27,
        28,
        29,
        30,
        31,
        32,
        33,
        34,
        35,
        36,
        37,
        38,
        39,
        40,
        41,
        42,
        43,
        44,
        45,
        46,
        47,
        48,
        49,
        50,
        51
      ],
      "distance": 91.5
    },
    {
      "trip_id": 1,
      "transport_method": "foot",
      "start_time": 52,
      "path": [
        [
          1.5211020999999998,
          42.508253900000014
        ],
        [
          1.5214748655463752,
          42.50847181587513
        ],
        [
          1.5218530600440778,
          42.50831480827493
        ],
        [
          1.5222839330276172,
          42.50842804230202
        ],
        [
          1.5227123508520743,
          42.50840221011913
        ],
        [
          1.5231371385538615,
          42.50830842852877
        ],
        [
          1.5235192598220915,
          42.50853274058896
        ],
        [
          1.523920269544762,
          42.50872681447994
        ],
        [
          1.5239372065573533,
          42.508943524339934
        ],
        [
          1.5240805844998873,
          42.5087676550954
        ],
        [
          1.5245178297743733,
          42.50885303684271
        ],
        [
          1.5249550750488596,
          42.50893841859003
        ],
        [
          1.5253577968713339,
          42.509079117572966
        ],
        [
          1.5254799930448542,
          42.50924061546869
        ],
        [
          1.525153838795645,
          42.50897723157897
        ],
        [
          1.5247165935211586,
          42.508891849831656
        ],
        [
          1.5242793482466723,
          42.50880646808434
        ],
        [
          1.5238513181333284,
          42.50869344454413
        ],
        [
          1.5234503084106579,
          42.508499370653155
        ],
        [
          1.5230813842613684,
          42.5082647013303
        ],
        [
          1.5231876155950055,
          42.50791752999966
        ],
        [
          1.5236004694318022,
          42.507787355922595
        ],
        [
          1.5240451265009942,
          42.50781257237052
        ],
        [
          1.524489749922319,
          42.50784056319124
        ],
        [
          1.5246485996232737,
          42.508093077069844
        ],
        [
          1.5247795754202864,
          42.50837612170512
        ],
        [
          1.5252112036869445,
          42.50848644174979
        ],
        [
          1.5256439601536285,
          42.508591588372205
        ],
        [
          1.5260823300768145,
          42.5086709941861
        ],
        [
          1.5265207000000007,
          42.5087504
        ]
      ],
      "emotions": [
        "purple",
        "purple",
        "purple",
        "green",
        "green",
        "green",
        "green",
        "green",
        "red",
        "red",
        "red",
        "red",
        "red",
        "purple",
        "purple",
        "purple",
        "purple",
        "purple",
        "purple",
        "purple",
        "purple",
        "purple",
        "purple",
        "green",
        "green",
        "green",
        "green",
        "green",
        "purple",
        "purple"
      ],
      "mood_vectors": [
        [
          0.09032406987083985,
          0.21932919801263553,
          0.0017192180155483105,
          0.0009903061257797994,
          0.24866330582067103,
          0.28738296065515023,
          0.1515909414993752
        ],
        [
          0.15822455383659959,
          0.24282541658298362,
          0.10849350196429172,
          0.15455895441751666,
          0.06353817051114569,
          0.17646554539300208,
          0.09589385729446065
        ],
        [
          0.12685699230509082,
          0.10764833908259933,
          0.07406383023284688,
          0.19285120484160168,
          0.1952985567497132,
          0.17001642228916305,
          0.13326465449898509
        ],
        [
          0.14195005899871868,
          0.00039533422206980087,
          0.13087320849296594,
          0.16272024943575866,
          0.21408763079090395,
          0.1942833329549274,
          0.15569018510465557
        ],
        [
          0.10335731528809378,
          0.02025801865193651,
          0.07613644959510567,
          0.2781444376989585,
          0.039340543183482596,
          0.192226284639963,
          0.29053695094245985
        ],
        [
          0.2838298472542585,
          0.3641467309875784,
          0.07921853186808334,
          0.007236521651587629,
          0.024365747554972783,
          0.131224793599699,
          0.10997782708382037
        ],
        [
          0.12155515976863064,
          0.07095103666032955,
          0.0739143182918485,
          0.2752136861490202,
          0.20298799532084882,
          0.21467070122020507,
          0.0407071025891172
        ],
        [
          0.20711025895984383,
          0.19390984545013673,
          0.0957032619474374,
          0.2143298667891594,
          0.07149099035105644,
          0.13053587764841956,
          0.08691989885394662
        ],
        [
          0.21119617740407137,
          0.033570464157332336,
          0.15067182059474427,
          0.14199020262439252,
          0.19961764237650934,
          0.05983497952004437,
          0.2031187133229058
        ],
        [
          0.24050283303320558,
          0.04504427695409147,
          0.12984818075101756,
          0.0705836884744326,
          0.11889807053150886,
          0.11618378964783961,
          0.27893916060790436
        ],
        [
          0.17118772351158157,
          0.26271556836984067,
          0.1592995139484639,
          0.011317659361466496,
          0.0816052623662893,
          0.06690208526635931,
          0.24697218717599884
        ],
        [
          0.03685666290479095,
          0.1065350701838462,
          0.18048823059152452,
          0.23115254600576324,
          0.18321532461443096,
          0.22284413715358556,
          0.03890802854605861
        ],
        [
          0.03776546595284607,
          0.24601715023074755,
          0.09026135938908707,
          0.34084183306794097,
          0.12129286474923358,
          0.12098268312306625,
          0.04283864348707851
        ],
        [
          0.15642771839863273,
          0.23751049850766495,
          0.14884362211356103,
          0.01347050220449016,
          0.22569429019707551,
          0.128870332542961,
          0.08918303603561463
        ],
        [
          0.0948259670089761,
          0.07428539573337983,
          0.07925461102410931,
          0.05680116558508192,
          0.18664276667853266,
          0.27656873564840095,
          0.23162135832151914
        ],
        [
          0.07447740066029228,
          0.08799858733487606,
          0.14025800301710326,
          0.16643151899427044,
          0.18820738119148897,
          0.2109144654977386,
          0.13171264330423046
        ],
        [
          0.22489439873129147,
          0.05121128153624755,
          0.2516993060541323,
          0.19287924739196313,
          0.21227706229025656,
          0.05634292124470182,
          0.010695782751407222
        ],
        [
          0.07326985492285622,
          0.181190718479249,
          0.065150445621543,
          0.16167658109944505,
          0.00644803323584808,
          0.26459562687299576,
          0.2476687397680628
        ],
        [
          0.08194310154725395,
          0.08065210321861481,
          0.244031670758485,
          0.06772663186929942,
          0.24204633321200378,
          0.013708011055719178,
          0.26989214833862385
        ],
        [
          0.34996298309346857,
          0.1435301848680967,
          0.17874358777752627,
          0.0677723195428738,
          0.20375500987591896,
          0.008854114554993811,
          0.04738180028712183
        ],
        [
          0.13089964569354745,
          0.23147846993948462,
          0.024934740365270415,
          0.1164513039780995,
          0.22997762183611342,
          0.1819172439887308,
          0.08434097419875372
        ],
        [
          0.13907841362438458,
          0.18276409553933312,
          0.04963040224923502,
          0.17909778921665948,
          0.02115271852786757,
          0.1697825642766352,
          0.25849401656588494
        ],
        [
          0.10159694941129689,
          0.22885536241819035,
          0.015817340695176978,
          0.21615005289403594,
          0.14399902719862054,
          0.06280532815950816,
          0.23077593922317105
        ],
        [
          0.14652030972537808,
          0.2962238415604172,
          0.1627342000274071,
          0.04921552454927147,
          0.030293122641517848,
          0.21544431705461056,
          0.09956868444139783
        ],
        [
          0.15020549120038756,
          0.20253892416832714,
          0.1557709358752645,
          0.07268984237792676,
          0.17584357289489325,
          0.13193585061481308,
          0.11101538286838776
        ],
        [
          0.08092053533029288,
          0.011919740777977738,
          0.1981508151157201,
          0.05784268881854996,
          0.2607695697646113,
          0.18535471201481793,
          0.2050419381780301
        ],
        [
          0.0255839412148739,
          0.16588247805383252,
          0.062110386446137866,
          0.20433296871303827,
          0.20906979050423416,
          0.21520005174589069,
          0.11782038332199257
        ],
        [
          0.009335095148306018,
          0.24697333051610798,
          0.13761182402064817,
          0.29050946786842397,
          0.02087381073143836,
          0.2525359548065852,
          0.0421605169084902
        ],
        [
          0.09906936122767351,
          0.24753630828340484,
          0.23145710178926462,
          0.08616127001730206,
          0.022625721669453185,
          0.08516766017149968,
          0.22798257684140202
        ],
        [
          0.032479029991384537,
          0.1811281320958699,
          0.21593127220433592,
          0.0787655270600168,
          0.18914462141089736,
          0.25622687787022475,
          0.04632453936727074
        ]
      ],
      "timestamps": [
        52,
        53,
        54,
        55,
        56,
        57,
        58,
        59,
        60,
        61,
        62,
        63,
        64,
        65,
        66,
        67,
        68,
        69,
        70,
        71,
        72,
        73,
        74,
        75,
        76,
        77,
        78,
        79,
        80,
        81
      ],
      "distance": 624.3
    },
    {
      "trip_id": 2,
      "transport_method": "car",
      "start_time": 82,
      "path": [
        [
          1.5255532999999997,
          42.509337499999994
        ],
        [
          1.5250283939830864,
          42.50895273572295
        ],
        [
          1.5243464631321912,
          42.50881957374043
        ],
        [
          1.5239185404546107,
          42.50893266852754
        ],
        [
          1.5238972110473812,
          42.50880230954551
        ],
        [
          1.52340149137295,
          42.50847574501039
        ],
        [
          1.522774939753581,
          42.50838337619354
        ],
        [
          1.5221330650537495,
          42.50844038501902
        ],
        [
          1.5219823332441103,
          42.50840598970415
        ],
        [
          1.5223051082396144,
          42.508433607177565
        ],
        [
          1.5216495313187137,
          42.50834121922426
        ],
        [
          1.5211282766895353,
          42.508270906746255
        ],
        [
          1.521699532447706,
          42.50830383365125
        ],
        [
          1.5211472491345963,
          42.50797278631956
        ],
        [
          1.5205338569894673,
          42.50764642474817
        ],
        [
          1.5198902866161268,
          42.507642603211785
        ],
        [
          1.5195955988852776,
          42.50811951090973
        ],
        [
          1.5198942,
          42.50865760000001
        ]
      ],
      "emotions": [
        "purple",
        "purple",
        "purple",
        "green",
        "green",
        "green",
        "green",
        "green",
        "red",
        "red",
        "red",
        "red",
        "red",
        "green",
        "green",
        "green",
        "green",
        "green"
      ],
      "mood_vectors": [
        [
          0.13265262190336402,
          0.2061755529225497,
          0.1609006627605022,
          0.16332161767366699,
          0.17985500523458464,
          0.03730196235578728,
          0.11979257714954515
        ],
        [
          0.02619123313839374,
          0.2416062582056604,
          0.0938052710267723,
          0.17861884114536325,
          0.19557833035999786,
          0.22087322204811774,
          0.0433268440756948
        ],
        [
          0.018867559500442794,
          0.08029254978981981,
          0.18228835354140302,
          0.17613043265434902,
          0.3193606240440575,
          0.2129183800610041,
          0.010142100408923778
        ],
        [
          0.1721784021884983,
          0.10980346057698472,
          0.026884070941786416,
          0.3082845375684783,
          0.08867160868835333,
          0.16896073760680277,
          0.12521718242909624
        ],
        [
          0.1483873569644824,
          0.12627440519461233,
          0.028772423384704336,
          0.12774524435153323,
          0.22354210449101722,
          0.08375857046428625,
          0.26151989514936436
        ],
        [
          0.07392781774533944,
          0.09282869178256031,
          0.03542974748419915,
          0.29510412965246974,
          0.1508757805479756,
          0.12946421660873428,
          0.22236961617872145
        ],
        [
          0.1721285522085474,
          0.18820648750896163,
          0.14383583279413592,
          0.1338260484477247,
          0.01487474584483398,
          0.16103547891679942,
          0.18609285427899697
        ],
        [
          0.13806276938314976,
          0.04127933075455305,
          0.2105598568823257,
          0.23628383947045065,
          0.12162893778737473,
          0.04912144383536556,
          0.20306382188678052
        ],
        [
          0.15658290872932065,
          0.020492401916733974,
          0.113467403171619,
          0.2937634269666186,
          0.1651208618684204,
          0.07535722712241655,
          0.17521577022487078
        ],
        [
          0.07234052539803686,
          0.21067041391752608,
          0.07975020238280627,
          0.2241577829300167,
          0.09172992580094536,
          0.12394128238189243,
          0.19740986718877632
        ],
        [
          0.25405311472646047,
          0.07013869353992692,
          0.26386652346684747,
          0.09894531413709352,
          0.0035069401455221387,
          0.2246884456289331,
          0.08480096835521639
        ],
        [
          0.1425412209406273,
          0.027221981709850965,
          0.06962007990263214,
          0.17194158496060052,
          0.137400253551697,
          0.1602252511554429,
          0.2910496277791492
        ],
        [
          0.08447032751302166,
          0.016169592272956362,
          0.07280297853096254,
          0.22920515765728205,
          0.3358748029297911,
          0.25125162463388645,
          0.010225516462099949
        ],
        [
          0.030088471872890352,
          0.3546801214167708,
          0.06989784258031452,
          0.1519666432315701,
          0.14077416588017855,
          0.05364845905719134,
          0.1989442959610843
        ],
        [
          0.06866167987326689,
          0.19732700100302036,
          0.14046480721232973,
          0.173401358339293,
          0.12929184075239555,
          0.10029920309000162,
          0.1905541097296929
        ],
        [
          0.172819433258939,
          0.12475755704547437,
          0.21978561541530817,
          0.024291932651503607,
          0.15065036744294882,
          0.21544856066993842,
          0.09224653351588774
        ],
        [
          0.21966324490312028,
          0.05999893873092814,
          0.29611936437258435,
          0.009917669621990893,
          0.16418528580371988,
          0.18733839445754236,
          0.06277710211011409
        ],
        [
          0.10392563235048995,
          0.13968564910324066,
          0.006976785004947773,
          0.2151506253348377,
          0.14723666607630762,
          0.1341247603132411,
          0.2528998818169351
        ]
      ],
      "timestamps": [
        82,
        83,
        84,
        85,
        86,
        87,
        88,
        89,
        90,
        91,
        92,
        93,
        94,
        95,
        96,
        97,
        98,
        99
      ],
      "distance": 812.2
    }
  ],
  "conversation": [
    "My algorithm would not predict this route.",
    "Is it lunch time yet?",
    "I always forget how green this neighborhood is."
  ],
  "conversation_timestamps": [
    36,
    55,
    89
  ]
}
