{"agent_id": "agent-green-1372", "type": "green", "trips": [{"trip_id": 0, "transport_method": "foot", "start_time": 0, "path": [[1.5348505, 42.5117698], [1.5335855, 42.5107652], [1.5322115, 42.5098624], [1.5306435, 42.5093535], [1.5290683, 42.5088937], [1.527924, 42.5079609], [1.5265884, 42.5072267], [1.5249552, 42.5069623], [1.5233461, 42.5066672], [1.5217375, 42.5062471], [1.5213792, 42.5061123], [1.5205406, 42.5058474], [1.5189173, 42.5054817], [1.5180055, 42.5054014], [1.5175693, 42.505402], [1.516117, 42.5049772], [1.5148613, 42.5038848], [1.513643, 42.5027523], [1.5126738, 42.501405], [1.5116728, 42.5000741], [1.5106389, 42.4987685], [1.5093086, 42.4978124], [1.5078027, 42.4971025], [1.5062375, 42.496534], [1.5046797, 42.4959553], [1.5031495, 42.4953172], [1.5016432, 42.4946079], [1.5003575, 42.4936815], [1.4990104, 42.4927102], [1.4975465, 42.4919173], [1.4963034, 42.4908826], [1.4957315, 42.4893972], [1.4947161, 42.4880924], [1.4945725, 42.4864701], [1.4933608, 42.4853496], [1.4918825, 42.4847457], [1.4907653, 42.4836906], [1.489947, 42.4822512], [1.4894545, 42.4806893], [1.4895771, 42.4790618], [1.4904272, 42.477631], [1.4908045, 42.4761062], [1.4907088, 42.4744693], [1.4906947, 42.4728691], [1.4914762, 42.4713987], [1.492049, 42.4698522], [1.4916541, 42.4682489], [1.4918568, 42.4667982], [1.4914425, 42.4654617], [1.4908181, 42.4639784], [1.4910218, 42.4624304], [1.4903223, 42.4615796], [1.4893323, 42.4602472], [1.4883856, 42.4588797], [1.4879131, 42.4583593], [1.4870053, 42.4572327], [1.4866001, 42.4556431], [1.4869947, 42.4540353], [1.4867137, 42.4525144], [1.4866269, 42.4510573], [1.4865216, 42.4497093], [1.4859604, 42.4485882], [1.4868865, 42.4474407], [1.4859205, 42.4462527], [1.4866704, 42.4448098], [1.4873189, 42.443303], [1.4880639, 42.4433259], [1.4883013, 42.4449742], [1.4881789, 42.444533], [1.4882455, 42.4429107], [1.4881601, 42.4438585], [1.4883918, 42.4453624], [1.4888067, 42.4452449], [1.4896585, 42.4445501], [1.4912454, 42.4446559], [1.4927151, 42.4454236], [1.4940913, 42.4450691], [1.4932701, 42.444526], [1.4935078, 42.4441215], [1.493443, 42.442868]], "mood_vectors": [[0.0851, 0.0825, 0.0253, 0.0915, 0.0763, 0.0301, 0.6093], [0.0139, 0.0753, 0.0161, 0.0558, 0.07, 0.0257, 0.7433], [0.038, 0.0947, 0.0582, 0.0625, 0.0618, 0.0181, 0.6667], [0.0469, 0.0538, 0.0322, 0.0769, 0.0511, 0.0523, 0.6868], [0.0828, 0.0385, 0.0581, 0.0588, 0.0863, 0.0562, 0.6193], [0.089, 0.0253, 0.0656, 0.0753, 0.0261, 0.0862, 0.6324], [0.0821, 0.0468, 0.0547, 0.0584, 0.0368, 0.0551, 0.6662], [0.0781, 0.0388, 0.0578, 0.0373, 0.0214, 0.0128, 0.7538], [0.0745, 0.0533, 0.0467, 0.0434, 0.0522, 0.07, 0.6599], [0.0453, 0.023, 0.0323, 0.0539, 0.0383, 0.0324, 0.7748], [0.0316, 0.041, 0.029, 0.0204, 0.0872, 0.0433, 0.7475], [0.0137, 0.0214, 0.0347, 0.0698, 0.0223, 0.0388, 0.7993], [0.0951, 0.0705, 0.0708, 0.0746, 0.0591, 0.026, 0.6038], [0.0109, 0.0302, 0.0174, 0.0464, 0.0644, 0.0614, 0.7692], [0.0512, 0.0523, 0.0307, 0.0507, 0.0635, 0.0329, 0.7186], [0.0721, 0.0795, 0.0263, 0.0672, 0.0688, 0.0596, 0.6265], [0.0276, 0.0714, 0.0285, 0.0314, 0.0584, 0.0649, 0.7179], [0.0576, 0.0272, 0.0622, 0.0701, 0.0464, 0.0676, 0.6688], [0.0231, 0.0532, 0.0778, 0.0743, 0.0344, 0.0347, 0.7025], [0.0768, 0.0426, 0.0278, 0.0973, 0.0245, 0.0504, 0.6806], [0.0561, 0.0748, 0.0766, 0.076, 0.0144, 0.0188, 0.6833], [0.0262, 0.0495, 0.0255, 0.0604, 0.0674, 0.0609, 0.7101], [0.076, 0.0399, 0.0473, 0.0342, 0.037, 0.0262, 0.7393], [0.0544, 0.073, 0.0562, 0.0319, 0.0576, 0.0136, 0.7133], [0.0173, 0.0729, 0.0616, 0.0614, 0.0161, 0.0779, 0.6927], [0.0291, 0.0629, 0.0382, 0.0902, 0.0573, 0.0203, 0.7021], [0.0358, 0.0516, 0.0478, 0.0661, 0.0736, 0.0256, 0.6994], [0.0205, 0.0326, 0.0342, 0.0585, 0.0772, 0.0672, 0.7098], [0.0549, 0.0399, 0.0603, 0.0815, 0.014, 0.0389, 0.7107], [0.0377, 0.0581, 0.0634, 0.0819, 0.077, 0.0717, 0.6102], [0.0615, 0.05, 0.0582, 0.077, 0.0343, 0.068, 0.651], [0.0446, 0.0491, 0.0759, 0.022, 0.0637, 0.0772, 0.6676], [0.0302, 0.0844, 0.0538, 0.0654, 0.0225, 0.0207, 0.723], [0.0918, 0.0519, 0.079, 0.0488, 0.0409, 0.0504, 0.6372], [0.0219, 0.0751, 0.0577, 0.0367, 0.0518, 0.0596, 0.6973], [0.0883, 0.074, 0.0641, 0.0897, 0.0422, 0.0599, 0.5817], [0.0448, 0.0655, 0.0706, 0.0535, 0.0295, 0.0532, 0.6829], [0.0291, 0.0677, 0.033, 0.0181, 0.0303, 0.0772, 0.7446], [0.0688, 0.0237, 0.0631, 0.0926, 0.0613, 0.0838, 0.6067], [0.0412, 0.0517, 0.0655, 0.0251, 0.0608, 0.0167, 0.7391], [0.0692, 0.0675, 0.0447, 0.0495, 0.073, 0.0527, 0.6433], [0.0407, 0.0336, 0.0362, 0.0621, 0.0231, 0.0711, 0.7332], [0.0636, 0.0323, 0.0683, 0.0698, 0.0175, 0.0437, 0.7049], [0.0677, 0.0585, 0.0322, 0.0706, 0.0719, 0.0665, 0.6326], [0.0396, 0.0338, 0.0154, 0.0604, 0.0643, 0.0782, 0.7084], [0.0666, 0.0413, 0.0698, 0.0385, 0.032, 0.0496, 0.7022], [0.0252, 0.0185, 0.0634, 0.0638, 0.0846, 0.0326, 0.7119], [0.0777, 0.0595, 0.0214, 0.0376, 0.0804, 0.0193, 0.7041], [0.076, 0.0274, 0.0633, 0.0592, 0.053, 0.0813, 0.6398], [0.0641, 0.0564, 0.0657, 0.0331, 0.0633, 0.015, 0.7024], [0.0408, 0.0294, 0.0702, 0.0475, 0.0901, 0.041, 0.681], [0.0248, 0.0205, 0.0152, 0.0251, 0.017, 0.0721, 0.8253], [0.0643, 0.0298, 0.0538, 0.0836, 0.0499, 0.0337, 0.6849], [0.0282, 0.0426, 0.0189, 0.0544, 0.0201, 0.0743, 0.7615], [0.0683, 0.0963, 0.0992, 0.0477, 0.0155, 0.0618, 0.6111], [0.0647, 0.0213, 0.0143, 0.0501, 0.0735, 0.0662, 0.7098], [0.0661, 0.0699, 0.0833, 0.0493, 0.0768, 0.0825, 0.5721], [0.069, 0.0691, 0.0628, 0.031, 0.0848, 0.0509, 0.6323], [0.0341, 0.0408, 0.0482, 0.048, 0.0765, 0.0209, 0.7314], [0.0585, 0.0726, 0.0339, 0.0484, 0.0799, 0.0467, 0.66], [0.057, 0.0721, 0.0736, 0.0271, 0.0157, 0.0623, 0.6923], [0.0503, 0.0848, 0.0157, 0.0311, 0.0544, 0.0503, 0.7134], [0.0617, 0.0694, 0.0558, 0.0332, 0.019, 0.0616, 0.6994], [0.0336, 0.0733, 0.0273, 0.0247, 0.064, 0.059, 0.7182], [0.0609, 0.0307, 0.0544, 0.0193, 0.0594, 0.0632, 0.7121], [0.0211, 0.0282, 0.0604, 0.0522, 0.0786, 0.0413, 0.7182], [0.0699, 0.0519, 0.0533, 0.0132, 0.0347, 0.022, 0.7551], [0.0221, 0.0179, 0.0409, 0.0121, 0.0536, 0.0369, 0.8165], [0.0311, 0.0554, 0.0165, 0.0493, 0.0146, 0.0662, 0.7669], [0.0337, 0.0493, 0.0518, 0.0137, 0.0717, 0.0222, 0.7575], [0.0738, 0.0519, 0.0616, 0.0242, 0.0459, 0.0239, 0.7185], [0.0244, 0.0409, 0.074, 0.0435, 0.0156, 0.0129, 0.7886], [0.0324, 0.0266, 0.0169, 0.0192, 0.0583, 0.0661, 0.7805], [0.0204, 0.0671, 0.0167, 0.0582, 0.0511, 0.0447, 0.7419], [0.0663, 0.0588, 0.0183, 0.048, 0.0241, 0.0372, 0.7473], [0.0319, 0.0402, 0.0777, 0.0559, 0.0655, 0.0691, 0.6597], [0.0263, 0.028, 0.0701, 0.0661, 0.015, 0.0482, 0.7465], [0.0352, 0.046, 0.0651, 0.045, 0.0517, 0.0282, 0.7289], [0.0224, 0.0816, 0.0428, 0.0162, 0.0494, 0.0872, 0.7004], [0.0769, 0.0578, 0.0701, 0.0409, 0.0726, 0.0821, 0.5997]], "emotions": ["purple", "purple", "purple", "purple", "purple", "purple", "purple", "purple", "purple", "purple", "purple", "purple", "purple", "purple", "purple", "purple", "purple", "purple", "purple", "purple", "purple", "purple", "purple", "purple", "purple", "purple", "purple", "purple", "purple", "purple", "purple", "purple", "purple", "purple", "purple", "purple", "purple", "purple", "purple", "purple", "purple", "purple", "purple", "purple", "purple", "purple", "purple", "purple", "purple", "purple", "purple", "purple", "purple", "purple", "purple", "purple", "purple", "purple", "purple", "purple", "purple", "purple", "purple", "purple", "purple", "purple", "purple", "purple", "purple", "purple", "purple", "purple", "purple", "purple", "purple", "purple", "purple", "purple", "purple", "purple"], "timestamps": [0, 40, 80, 120, 160, 200, 240, 280, 320, 360, 400, 440, 480, 520, 560, 600, 640, 680, 720, 760, 800, 840, 880, 920, 960, 1000, 1040, 1080, 1120, 1160, 1200, 1240, 1280, 1320, 1360, 1400, 1440, 1480, 1520, 1560, 1600, 1640, 1680, 1720, 1760, 1800, 1840, 1880, 1920, 1960, 2000, 2040, 2080, 2120, 2160, 2200, 2240, 2280, 2320, 2360, 2400, 2440, 2480, 2520, 2560, 2600, 2640, 2680, 2720, 2760, 2800, 2840, 2880, 2920, 2960, 3000, 3040, 3080, 3120, 3160]}], "conversation": [], "conversation_timestamps": []}