{"agent_id": "agent-green-527", "type": "green", "trips": [{"trip_id": 0, "transport_method": "car", "start_time": 0, "path": [[1.51981, 42.5074344], [1.521782, 42.5075436], [1.5236635, 42.5077917], [1.5256234, 42.5081428], [1.5275044, 42.5085968], [1.5290606, 42.5098435], [1.5298721, 42.5113583], [1.530744, 42.5126233], [1.5302383, 42.5144279], [1.5288305, 42.5158201], [1.5270892, 42.5168257], [1.5272091, 42.5168221], [1.5288934, 42.5158031], [1.5272621, 42.5168454], [1.5255759, 42.5179411], [1.5253374, 42.5180534], [1.5256507, 42.5177611], [1.5240155, 42.5189287], [1.5234751, 42.520823], [1.5220866, 42.522221], [1.5210717, 42.5239257], [1.5207856, 42.5257918], [1.5208273, 42.527658], [1.5218706, 42.5292283], [1.5213508, 42.5307334], [1.5213316, 42.5324966], [1.5210236, 42.534116], [1.5224566, 42.5354108], [1.5238961, 42.5366177], [1.5251706, 42.5373972], [1.5234647, 42.5380332], [1.5232161, 42.5398604], [1.523244, 42.5411331], [1.5230158, 42.5429954], [1.5238678, 42.5448004], [1.5247307, 42.5465536], [1.525249, 42.5483615], [1.526135, 42.550146], [1.5261555, 42.5503118], [1.5255381, 42.549363], [1.5261411, 42.5512813], [1.5268824, 42.5530939], [1.5281356, 42.5545727], [1.5294131, 42.5560254], [1.530951, 42.5571282], [1.5319177, 42.5584514], [1.530745, 42.5600349], [1.5291593, 42.5611098], [1.5279753, 42.5625936], [1.5264795, 42.5635096], [1.524901, 42.5647057], [1.5236738, 42.5662823], [1.5225273, 42.5678326], [1.5211356, 42.5692127], [1.5206727, 42.5711375], [1.5191323, 42.5724061], [1.5184606, 42.5740386], [1.5185192, 42.5757166], [1.5174967, 42.5769908], [1.5185015, 42.5784419], [1.5191511, 42.5802389], [1.5191104, 42.5821659], [1.5197299, 42.584056], [1.52103, 42.5855572], [1.5214859, 42.5874177], [1.5230834, 42.5886237], [1.5243944, 42.590139], [1.5251503, 42.5919855], [1.5260192, 42.5936512], [1.5266098, 42.5951004], [1.5273956, 42.5965936], [1.528858, 42.5979673], [1.5306466, 42.5988314], [1.5319926, 42.6002373], [1.533685, 42.6012859], [1.5346787, 42.6029894], [1.5352612, 42.6048621], [1.5354195, 42.6066162], [1.5360317, 42.6079587], [1.5365507, 42.6098495]], "mood_vectors": [[0.0891, 0.0928, 0.0476, 0.0636, 0.0671, 0.0232, 0.6166], [0.0244, 0.0785, 0.045, 0.0821, 0.0778, 0.0813, 0.6109], [0.0776, 0.066, 0.0258, 0.0621, 0.0574, 0.0754, 0.6357], [0.0378, 0.0824, 0.0472, 0.0444, 0.0423, 0.0338, 0.712], [0.0376, 0.069, 0.0708, 0.0363, 0.0162, 0.0193, 0.7507], [0.0223, 0.0372, 0.0174, 0.0279, 0.0833, 0.0327, 0.7793], [0.0492, 0.0195, 0.0685, 0.0554, 0.0218, 0.0306, 0.755], [0.085, 0.0367, 0.0534, 0.0321, 0.0811, 0.0487, 0.6629], [0.0644, 0.0469, 0.0348, 0.0657, 0.0293, 0.025, 0.7339], [0.0823, 0.041, 0.0746, 0.0437, 0.0406, 0.0914, 0.6264], [0.0303, 0.023, 0.0469, 0.0509, 0.0747, 0.0541, 0.72], [0.048, 0.0433, 0.03, 0.0552, 0.0394, 0.0498, 0.7343], [0.0151, 0.0393, 0.0441, 0.0215, 0.0457, 0.0255, 0.8088], [0.0725, 0.0507, 0.068, 0.0393, 0.0154, 0.0254, 0.7285], [0.0239, 0.0629, 0.0216, 0.0694, 0.0148, 0.065, 0.7424], [0.0374, 0.0657, 0.0711, 0.0369, 0.016, 0.0218, 0.7512], [0.0934, 0.0318, 0.0909, 0.0511, 0.0779, 0.0469, 0.6081], [0.0257, 0.0836, 0.0175, 0.0612, 0.0601, 0.0898, 0.6621], [0.0694, 0.0826, 0.0756, 0.0455, 0.0333, 0.0821, 0.6114], [0.0338, 0.0616, 0.0242, 0.0448, 0.0269, 0.0585, 0.7501], [0.0769, 0.0324, 0.0507, 0.0389, 0.0521, 0.025, 0.7241], [0.0436, 0.0627, 0.0208, 0.019, 0.056, 0.0169, 0.781], [0.0691, 0.0985, 0.0323, 0.0365, 0.0199, 0.0792, 0.6645], [0.0167, 0.018, 0.035, 0.0485, 0.0565, 0.0301, 0.7951], [0.0339, 0.0581, 0.0813, 0.0528, 0.0426, 0.0758, 0.6555], [0.0397, 0.0936, 0.0734, 0.0661, 0.0344, 0.0608, 0.632], [0.0224, 0.0367, 0.0869, 0.081, 0.0241, 0.0566, 0.6922], [0.0707, 0.0219, 0.0471, 0.031, 0.0916, 0.055, 0.6828], [0.0418, 0.0292, 0.0527, 0.0509, 0.0157, 0.0157, 0.794], [0.0492, 0.0266, 0.0246, 0.0543, 0.0544, 0.0766, 0.7143], [0.0406, 0.0919, 0.0483, 0.0717, 0.0427, 0.0578, 0.6469], [0.0655, 0.0406, 0.0314, 0.0347, 0.0538, 0.0607, 0.7133], [0.0357, 0.043, 0.0643, 0.0435, 0.0404, 0.0316, 0.7415], [0.0359, 0.0258, 0.0902, 0.0196, 0.0461, 0.0443, 0.738], [0.018, 0.0656, 0.0579, 0.0702, 0.0692, 0.0591, 0.66], [0.0532, 0.0573, 0.0316, 0.0674, 0.0224, 0.0757, 0.6925], [0.0348, 0.0471, 0.0686, 0.0551, 0.0567, 0.0182, 0.7194], [0.0729, 0.05, 0.0144, 0.0395, 0.0478, 0.0212, 0.7541], [0.0146, 0.0143, 0.0365, 0.0317, 0.0267, 0.0699, 0.8064], [0.0373, 0.0656, 0.0386, 0.0374, 0.0888, 0.023, 0.7092], [0.0616, 0.0525, 0.0222, 0.0713, 0.0545, 0.066, 0.672], [0.08, 0.0316, 0.0323, 0.0669, 0.0162, 0.0303, 0.7426], [0.0736, 0.0499, 0.0761, 0.0675, 0.017, 0.0695, 0.6464], [0.0632, 0.0691, 0.0344, 0.0607, 0.0684, 0.0192, 0.6851], [0.0683, 0.0471, 0.0667, 0.0667, 0.0735, 0.0273, 0.6504], [0.0178, 0.0831, 0.0675, 0.0649, 0.0643, 0.0374, 0.6651], [0.0172, 0.02, 0.078, 0.076, 0.0641, 0.0278, 0.7168], [0.0793, 0.023, 0.0417, 0.0428, 0.0208, 0.0419, 0.7507], [0.0435, 0.031, 0.0301, 0.0988, 0.044, 0.031, 0.7216], [0.0379, 0.0815, 0.0936, 0.0514, 0.0177, 0.0361, 0.6818], [0.027, 0.0724, 0.044, 0.0222, 0.023, 0.0665, 0.745], [0.0426, 0.0311, 0.0803, 0.0406, 0.0201, 0.027, 0.7583], [0.0438, 0.035, 0.0657, 0.0458, 0.0786, 0.0428, 0.6883], [0.0535, 0.0474, 0.0733, 0.062, 0.0534, 0.0455, 0.6649], [0.0198, 0.0792, 0.0683, 0.0474, 0.0382, 0.0352, 0.7119], [0.0284, 0.0427, 0.0861, 0.0237, 0.0882, 0.0504, 0.6804], [0.0762, 0.0841, 0.0349, 0.0276, 0.0352, 0.0554, 0.6867], [0.0199, 0.0315, 0.0151, 0.0427, 0.0784, 0.0688, 0.7437], [0.0642, 0.0402, 0.0628, 0.0315, 0.0386, 0.0229, 0.7398], [0.0645, 0.0562, 0.0353, 0.0566, 0.0698, 0.0425, 0.6752], [0.0209, 0.045, 0.0748, 0.0711, 0.0401, 0.0325, 0.7157], [0.0709, 0.0497, 0.0643, 0.0481, 0.0741, 0.0153, 0.6777], [0.0465, 0.0421, 0.0728, 0.0485, 0.0232, 0.0273, 0.7395], [0.0379, 0.0398, 0.0657, 0.047, 0.0569, 0.057, 0.6957], [0.0706, 0.0853, 0.0299, 0.0774, 0.046, 0.0259, 0.6649], [0.0821, 0.0313, 0.0524, 0.0292, 0.0454, 0.0172, 0.7424], [0.047, 0.0815, 0.0711, 0.0797, 0.0282, 0.087, 0.6056], [0.028, 0.0352, 0.0418, 0.0404, 0.0165, 0.0768, 0.7613], [0.0262, 0.0478, 0.0837, 0.0792, 0.0616, 0.0467, 0.6548], [0.0468, 0.0215, 0.0211, 0.0499, 0.0816, 0.0871, 0.6919], [0.0201, 0.0642, 0.0394, 0.039, 0.0749, 0.0661, 0.6964], [0.0488, 0.0894, 0.077, 0.0518, 0.0898, 0.0212, 0.6221], [0.0241, 0.0574, 0.0541, 0.0555, 0.063, 0.0639, 0.682], [0.0692, 0.0395, 0.0168, 0.0308, 0.0283, 0.05, 0.7655], [0.0738, 0.0374, 0.056, 0.069, 0.0285, 0.0264, 0.7089], [0.0562, 0.0515, 0.0351, 0.0678, 0.0713, 0.0138, 0.7043], [0.0404, 0.0257, 0.034, 0.0736, 0.0882, 0.0177, 0.7204], [0.036, 0.0802, 0.0467, 0.012, 0.0258, 0.0606, 0.7388], [0.0251, 0.0205, 0.0573, 0.0501, 0.0288, 0.0539, 0.7644], [0.0447, 0.035, 0.0496, 0.0308, 0.0522, 0.0808, 0.7069]], "emotions": ["purple", "purple", "purple", "purple", "purple", "purple", "purple", "purple", "purple", "purple", "purple", "purple", "purple", "purple", "purple", "purple", "purple", "purple", "purple", "purple", "purple", "purple", "purple", "purple", "purple", "purple", "purple", "purple", "purple", "purple", "purple", "purple", "purple", "purple", "purple", "purple", "purple", "purple", "purple", "purple", "purple", "purple", "purple", "purple", "purple", "purple", "purple", "purple", "purple", "purple", "purple", "purple", "purple", "purple", "purple", "purple", "purple", "purple", "purple", "purple", "purple", "purple", "purple", "purple", "purple", "purple", "purple", "purple", "purple", "purple", "purple", "purple", "purple", "purple", "purple", "purple", "purple", "purple", "purple", "purple"], "timestamps": [0, 40, 80, 120, 160, 200, 240, 280, 320, 360, 400, 440, 480, 520, 560, 600, 640, 680, 720, 760, 800, 840, 880, 920, 960, 1000, 1040, 1080, 1120, 1160, 1200, 1240, 1280, 1320, 1360, 1400, 1440, 1480, 1520, 1560, 1600, 1640, 1680, 1720, 1760, 1800, 1840, 1880, 1920, 1960, 2000, 2040, 2080, 2120, 2160, 2200, 2240, 2280, 2320, 2360, 2400, 2440, 2480, 2520, 2560, 2600, 2640, 2680, 2720, 2760, 2800, 2840, 2880, 2920, 2960, 3000, 3040, 3080, 3120, 3160]}], "conversation": [], "conversation_timestamps": []}