{"agent_id": "agent-red-246", "type": "red", "trips": [{"trip_id": 0, "transport_method": "car", "start_time": 0, "path": [[1.5545291, 42.518357], [1.5545503, 42.5177033], [1.554027, 42.5171431], [1.553846, 42.517006], [1.5543617, 42.5175667], [1.5542416, 42.5173328], [1.5537491, 42.5167452], [1.5534271, 42.5160653], [1.5530962, 42.5153815], [1.5527218, 42.5147259], [1.5527118, 42.5139643], [1.5522592, 42.5133958], [1.5515735, 42.5130544], [1.5509936, 42.5125587], [1.5503805, 42.5121273], [1.5496755, 42.5118321], [1.5489381, 42.5116251], [1.5481923, 42.5114474], [1.5474488, 42.5112608], [1.5467199, 42.5110292], [1.546324, 42.5104021], [1.5463118, 42.5098026], [1.5461848, 42.5099195], [1.5456668, 42.5094857], [1.5449269, 42.5093281], [1.544163, 42.5092837], [1.5434457, 42.5090229], [1.542692, 42.5088885], [1.5419293, 42.5088841], [1.5411802, 42.5087319], [1.5406882, 42.5086256], [1.5399643, 42.5083732], [1.5392097, 42.5082385], [1.5384523, 42.5081842], [1.537705, 42.5080547], [1.5376132, 42.5080349], [1.5373797, 42.5080257], [1.5366262, 42.5078843], [1.5358727, 42.5077429], [1.5351552, 42.5074834], [1.5344511, 42.50718], [1.5347973, 42.507441], [1.5355224, 42.5076702], [1.5351034, 42.5074589], [1.5344002, 42.5071534], [1.5336819, 42.5068907], [1.5329446, 42.5067049], [1.5322019, 42.5066777], [1.5315042, 42.5064939], [1.5308565, 42.5060858], [1.5302493, 42.5056272], [1.5295049, 42.505476], [1.5287497, 42.5053441], [1.5279894, 42.5052823], [1.5272276, 42.505323], [1.5264637, 42.5053114], [1.5257051, 42.5052491], [1.5249528, 42.5051015], [1.5241995, 42.5049594], [1.5234471, 42.504814], [1.5226861, 42.5047338], [1.5219544, 42.5047707], [1.5212577, 42.5044507], [1.520561, 42.5041308], [1.5198643, 42.5038108], [1.5205469, 42.5040853], [1.5212555, 42.5043779], [1.5219476, 42.5046849], [1.5215794, 42.5046442], [1.5208606, 42.5043775], [1.5201419, 42.5041108], [1.5194231, 42.5038441], [1.5187607, 42.5035755], [1.5180003, 42.5036737], [1.5172385, 42.5037464], [1.5164818, 42.5036442], [1.5158187, 42.5032692], [1.5151836, 42.502841], [1.5145337, 42.5024383], [1.5139449, 42.5020708]], "mood_vectors": [[0.7821, 0.0268, 0.0243, 0.0573, 0.0274, 0.0552, 0.027], [0.6613, 0.0507, 0.0489, 0.0604, 0.054, 0.0674, 0.0573], [0.6836, 0.0622, 0.0268, 0.0441, 0.0514, 0.0671, 0.0649], [0.7378, 0.0448, 0.0486, 0.0153, 0.0402, 0.0651, 0.0481], [0.6543, 0.041, 0.0825, 0.0844, 0.0254, 0.0586, 0.0539], [0.6534, 0.0683, 0.0684, 0.0506, 0.0621, 0.039, 0.0582], [0.7329, 0.0644, 0.0403, 0.0511, 0.0309, 0.0524, 0.028], [0.8132, 0.0569, 0.0174, 0.0258, 0.0321, 0.0214, 0.0332], [0.6551, 0.0225, 0.0661, 0.086, 0.0282, 0.0741, 0.068], [0.6709, 0.0351, 0.0661, 0.0469, 0.0764, 0.0441, 0.0606], [0.7087, 0.0361, 0.0891, 0.0363, 0.0166, 0.0668, 0.0463], [0.6271, 0.0789, 0.0666, 0.0571, 0.0336, 0.0469, 0.0897], [0.6918, 0.0518, 0.0414, 0.0486, 0.0547, 0.0512, 0.0605], [0.7102, 0.0743, 0.0118, 0.0604, 0.0701, 0.0457, 0.0275], [0.6396, 0.0702, 0.028, 0.0249, 0.0794, 0.0864, 0.0716], [0.7316, 0.0425, 0.0397, 0.0608, 0.0347, 0.0731, 0.0177], [0.7769, 0.0603, 0.0415, 0.018, 0.0386, 0.0342, 0.0306], [0.7149, 0.0172, 0.0884, 0.0661, 0.0161, 0.0276, 0.0696], [0.7145, 0.0619, 0.0611, 0.0531, 0.0176, 0.0687, 0.0232], [0.7003, 0.0646, 0.0361, 0.021, 0.0314, 0.0699, 0.0767], [0.7621, 0.0146, 0.0459, 0.0364, 0.0269, 0.0362, 0.0779], [0.7598, 0.0532, 0.021, 0.0876, 0.0143, 0.0297, 0.0344], [0.6776, 0.0717, 0.0513, 0.025, 0.0441, 0.0575, 0.0728], [0.6411, 0.0755, 0.064, 0.0393, 0.0782, 0.0723, 0.0297], [0.7232, 0.0327, 0.0274, 0.0212, 0.0877, 0.0796, 0.0282], [0.7471, 0.0168, 0.0177, 0.0714, 0.0249, 0.0602, 0.0619], [0.6462, 0.0664, 0.0825, 0.0378, 0.0494, 0.0279, 0.0898], [0.6905, 0.055, 0.0693, 0.0703, 0.022, 0.0467, 0.0463], [0.6444, 0.0307, 0.0438, 0.0961, 0.0208, 0.0895, 0.0746], [0.7137, 0.018, 0.0655, 0.0524, 0.0872, 0.0391, 0.0241], [0.6957, 0.0961, 0.016, 0.0614, 0.0379, 0.0265, 0.0663], [0.6351, 0.0676, 0.0527, 0.0248, 0.0777, 0.0781, 0.064], [0.6792, 0.0894, 0.0631, 0.0447, 0.0554, 0.0335, 0.0347], [0.7178, 0.0649, 0.0147, 0.0471, 0.0671, 0.0622, 0.0262], [0.7085, 0.0407, 0.0703, 0.0215, 0.0401, 0.0559, 0.063], [0.6956, 0.0624, 0.025, 0.0627, 0.0855, 0.0355, 0.0332], [0.6898, 0.0632, 0.0618, 0.0781, 0.0446, 0.0378, 0.0247], [0.7291, 0.062, 0.0446, 0.0171, 0.0231, 0.0585, 0.0656], [0.7725, 0.0313, 0.0532, 0.0683, 0.0214, 0.034, 0.0193], [0.7076, 0.0316, 0.0159, 0.0762, 0.075, 0.0709, 0.0229], [0.6251, 0.0923, 0.0536, 0.0745, 0.0746, 0.0176, 0.0622], [0.6975, 0.0735, 0.0207, 0.0664, 0.0585, 0.0632, 0.0202], [0.6679, 0.0188, 0.0439, 0.0887, 0.0921, 0.0424, 0.0462], [0.7607, 0.0252, 0.014, 0.0214, 0.0324, 0.078, 0.0683], [0.6962, 0.0698, 0.0152, 0.0389, 0.0693, 0.0498, 0.0608], [0.7108, 0.031, 0.0962, 0.0152, 0.0299, 0.0746, 0.0422], [0.6297, 0.0802, 0.0586, 0.0162, 0.085, 0.048, 0.0824], [0.6249, 0.092, 0.0646, 0.0471, 0.0791, 0.0589, 0.0333], [0.6933, 0.0608, 0.0749, 0.0213, 0.025, 0.0771, 0.0476], [0.7245, 0.0613, 0.0173, 0.0218, 0.0228, 0.0844, 0.0679], [0.7113, 0.0712, 0.056, 0.0171, 0.0297, 0.0553, 0.0595], [0.6903, 0.0712, 0.0353, 0.0174, 0.0854, 0.0782, 0.0222], [0.7557, 0.0255, 0.0425, 0.0204, 0.0637, 0.0327, 0.0595], [0.7266, 0.0372, 0.0614, 0.0553, 0.03, 0.0637, 0.0257], [0.6439, 0.0638, 0.0613, 0.058, 0.0193, 0.0793, 0.0745], [0.6631, 0.0593, 0.0327, 0.0712, 0.0615, 0.0588, 0.0535], [0.7238, 0.0904, 0.0547, 0.0525, 0.0233, 0.0159, 0.0396], [0.7187, 0.0358, 0.0728, 0.0402, 0.026, 0.065, 0.0415], [0.7515, 0.0521, 0.0379, 0.0409, 0.0493, 0.0416, 0.0267], [0.6483, 0.0697, 0.0668, 0.0587, 0.0667, 0.0566, 0.0332], [0.7312, 0.0227, 0.045, 0.03, 0.0479, 0.0554, 0.0678], [0.6699, 0.0518, 0.0866, 0.035, 0.0771, 0.0248, 0.0547], [0.7151, 0.0779, 0.0687, 0.0211, 0.0392, 0.018, 0.06], [0.7131, 0.0563, 0.0633, 0.0324, 0.0254, 0.0697, 0.0398], [0.7476, 0.0519, 0.061, 0.0421, 0.029, 0.0426, 0.0258], [0.6504, 0.0615, 0.0744, 0.0683, 0.0745, 0.0233, 0.0475], [0.8066, 0.0128, 0.0398, 0.016, 0.0176, 0.027, 0.0801], [0.8064, 0.0371, 0.0409, 0.0159, 0.0164, 0.0344, 0.049], [0.6988, 0.0451, 0.0421, 0.0419, 0.0439, 0.0765, 0.0516], [0.6974, 0.0228, 0.0799, 0.0528, 0.0756, 0.0517, 0.0197], [0.7905, 0.0342, 0.021, 0.021, 0.0415, 0.0356, 0.0561], [0.7692, 0.015, 0.0157, 0.0413, 0.0304, 0.0535, 0.0748], [0.6295, 0.0709, 0.0227, 0.0702, 0.0731, 0.0659, 0.0677], [0.7043, 0.0656, 0.072, 0.0176, 0.0343, 0.0486, 0.0577], [0.7495, 0.0489, 0.0375, 0.0262, 0.0744, 0.0301, 0.0335], [0.6677, 0.0376, 0.0642, 0.054, 0.0657, 0.0678, 0.0429], [0.6785, 0.0511, 0.0855, 0.0236, 0.0359, 0.0508, 0.0746], [0.7017, 0.0497, 0.0734, 0.0691, 0.0215, 0.0606, 0.0242], [0.6966, 0.0627, 0.0334, 0.0515, 0.0398, 0.0568, 0.0592], [0.6913, 0.0413, 0.0779, 0.0712, 0.0373, 0.0298, 0.0511]], "emotions": ["red", "red", "red", "red", "red", "red", "red", "red", "red", "red", "red", "red", "red", "red", "red", "red", "red", "red", "red", "red", "red", "red", "red", "red", "red", "red", "red", "red", "red", "red", "red", "red", "red", "red", "red", "red", "red", "red", "red", "red", "red", "red", "red", "red", "red", "red", "red", "red", "red", "red", "red", "red", "red", "red", "red", "red", "red", "red", "red", "red", "red", "red", "red", "red", "red", "red", "red", "red", "red", "red", "red", "red", "red", "red", "red", "red", "red", "red", "red", "red"], "timestamps": [0, 40, 80, 120, 160, 200, 240, 280, 320, 360, 400, 440, 480, 520, 560, 600, 640, 680, 720, 760, 800, 840, 880, 920, 960, 1000, 1040, 1080, 1120, 1160, 1200, 1240, 1280, 1320, 1360, 1400, 1440, 1480, 1520, 1560, 1600, 1640, 1680, 1720, 1760, 1800, 1840, 1880, 1920, 1960, 2000, 2040, 2080, 2120, 2160, 2200, 2240, 2280, 2320, 2360, 2400, 2440, 2480, 2520, 2560, 2600, 2640, 2680, 2720, 2760, 2800, 2840, 2880, 2920, 2960, 3000, 3040, 3080, 3120, 3160]}], "conversation": [], "conversation_timestamps": []}