{"agent_id": "agent-red-1416", "type": "red", "trips": [{"trip_id": 0, "transport_method": "bicycle", "start_time": 0, "path": [[1.5205621, 42.5405821], [1.5208893, 42.5401025], [1.5207204, 42.5395727], [1.52068, 42.5390905], [1.5208227, 42.5385146], [1.5212622, 42.5380904], [1.5217481, 42.537719], [1.5220169, 42.5372064], [1.5223121, 42.5366974], [1.5228226, 42.5365242], [1.5230757, 42.536146], [1.5226617, 42.5356962], [1.5223095, 42.5351961], [1.5218756, 42.5347766], [1.5213187, 42.5345275], [1.5210221, 42.5340312], [1.5207055, 42.5335262], [1.5210789, 42.5330958], [1.5213586, 42.5325822], [1.5210836, 42.5320382], [1.5209161, 42.5314882], [1.5211958, 42.530947], [1.5212353, 42.5305188], [1.5214789, 42.5299763], [1.5219167, 42.5295552], [1.5217147, 42.5291594], [1.5213789, 42.5286809], [1.5210415, 42.5282231], [1.5208299, 42.5276623], [1.5206488, 42.5271389], [1.5206984, 42.5265291], [1.5207481, 42.5259193], [1.5207854, 42.5258172], [1.5206659, 42.5264052], [1.5205919, 42.5269898], [1.5206311, 42.5273235], [1.5206689, 42.5267129], [1.5207068, 42.5261023], [1.5207447, 42.5254916], [1.5206412, 42.524896], [1.5208108, 42.5243226], [1.5211571, 42.5238196], [1.5215534, 42.5233537], [1.5218081, 42.5228027], [1.5220642, 42.5222531], [1.5225131, 42.5218432], [1.523017, 42.5214979], [1.5233789, 42.5210155], [1.5235798, 42.5204376], [1.5237807, 42.5198597], [1.5238135, 42.5199742], [1.5236018, 42.5205453], [1.52335, 42.5210981], [1.5235136, 42.5205085], [1.5236772, 42.519919], [1.5238408, 42.5193295], [1.5239959, 42.5187382], [1.5240825, 42.5181325], [1.5241704, 42.517527], [1.5243562, 42.5169449], [1.5245939, 42.5163815], [1.5248945, 42.5158492], [1.5252867, 42.5153797], [1.525729, 42.514957], [1.5262247, 42.5145997], [1.5267616, 42.5143068], [1.5273109, 42.5140373], [1.527867, 42.5137824], [1.5284253, 42.5135322], [1.5289836, 42.513282], [1.5295456, 42.51304], [1.530108, 42.5127993], [1.530664, 42.5125439], [1.5312191, 42.5122866], [1.5317622, 42.5120054], [1.5322642, 42.5116571], [1.5327076, 42.5112364], [1.5330844, 42.5107549], [1.5334727, 42.5102997], [1.5339367, 42.5099071]], "mood_vectors": [[0.7549, 0.058, 0.0521, 0.0147, 0.0766, 0.0128, 0.0309], [0.6545, 0.0292, 0.1022, 0.0361, 0.0365, 0.0452, 0.0963], [0.6927, 0.0373, 0.0761, 0.048, 0.087, 0.0206, 0.0383], [0.6591, 0.0629, 0.0278, 0.0385, 0.0855, 0.0783, 0.048], [0.6352, 0.0381, 0.0849, 0.0295, 0.057, 0.0766, 0.0787], [0.7797, 0.0495, 0.0731, 0.0358, 0.0143, 0.0199, 0.0278], [0.6339, 0.0843, 0.0809, 0.0458, 0.0313, 0.0457, 0.0781], [0.7632, 0.0273, 0.0597, 0.0132, 0.0524, 0.0277, 0.0563], [0.7196, 0.0763, 0.0926, 0.0362, 0.0326, 0.0154, 0.0273], [0.6393, 0.0774, 0.0161, 0.0844, 0.0429, 0.056, 0.0838], [0.7969, 0.0228, 0.0257, 0.0271, 0.0404, 0.0489, 0.0382], [0.7382, 0.036, 0.0532, 0.0159, 0.0665, 0.0365, 0.0537], [0.6516, 0.041, 0.0879, 0.0154, 0.0782, 0.0418, 0.084], [0.7078, 0.0327, 0.0615, 0.0201, 0.0903, 0.029, 0.0586], [0.7355, 0.0353, 0.0573, 0.074, 0.0482, 0.0146, 0.035], [0.6979, 0.0206, 0.0416, 0.0634, 0.038, 0.0684, 0.0703], [0.6721, 0.0317, 0.0308, 0.0363, 0.0772, 0.0738, 0.0781], [0.7615, 0.047, 0.0388, 0.0434, 0.0401, 0.0285, 0.0407], [0.7459, 0.0121, 0.0186, 0.0627, 0.0657, 0.0583, 0.0367], [0.6756, 0.0718, 0.0745, 0.0313, 0.0656, 0.0393, 0.0419], [0.6919, 0.0328, 0.0409, 0.0617, 0.0728, 0.024, 0.0759], [0.712, 0.0624, 0.0141, 0.0449, 0.0573, 0.0354, 0.0739], [0.7411, 0.0381, 0.0671, 0.0452, 0.0243, 0.0222, 0.0621], [0.7612, 0.0376, 0.0355, 0.0284, 0.0292, 0.0385, 0.0696], [0.7533, 0.0389, 0.0286, 0.0213, 0.0534, 0.0455, 0.0591], [0.6077, 0.0712, 0.0638, 0.0648, 0.0863, 0.0429, 0.0634], [0.7077, 0.0784, 0.0746, 0.026, 0.0148, 0.0765, 0.022], [0.7498, 0.0415, 0.0732, 0.0479, 0.0182, 0.0197, 0.0498], [0.6494, 0.0777, 0.0227, 0.0771, 0.0219, 0.0813, 0.0699], [0.6064, 0.0713, 0.0813, 0.0778, 0.0793, 0.0419, 0.0421], [0.5954, 0.0743, 0.0734, 0.075, 0.0301, 0.0748, 0.077], [0.7491, 0.0411, 0.0138, 0.0268, 0.058, 0.0879, 0.0233], [0.7405, 0.0446, 0.0194, 0.0409, 0.0638, 0.0757, 0.0151], [0.6641, 0.0929, 0.0316, 0.0811, 0.0192, 0.087, 0.0241], [0.7459, 0.0137, 0.0773, 0.0715, 0.0157, 0.0534, 0.0224], [0.6751, 0.0801, 0.0331, 0.0548, 0.0904, 0.0371, 0.0293], [0.6192, 0.065, 0.0369, 0.0855, 0.0715, 0.0613, 0.0605], [0.7103, 0.0344, 0.0825, 0.0253, 0.066, 0.0336, 0.0479], [0.6696, 0.0414, 0.0571, 0.0635, 0.0765, 0.0241, 0.0678], [0.7255, 0.0625, 0.0293, 0.0652, 0.0582, 0.0139, 0.0453], [0.7429, 0.0605, 0.0429, 0.0218, 0.0433, 0.0507, 0.0379], [0.6813, 0.0264, 0.0475, 0.0354, 0.0685, 0.0645, 0.0763], [0.7171, 0.0699, 0.057, 0.038, 0.0328, 0.0135, 0.0717], [0.6828, 0.0743, 0.071, 0.0428, 0.0511, 0.0216, 0.0564], [0.7818, 0.0529, 0.0184, 0.0544, 0.0496, 0.0225, 0.0203], [0.6989, 0.0627, 0.0483, 0.0175, 0.0701, 0.0381, 0.0644], [0.7518, 0.0541, 0.0535, 0.0531, 0.0535, 0.0143, 0.0198], [0.6743, 0.0315, 0.0697, 0.0795, 0.0815, 0.0229, 0.0407], [0.6486, 0.0669, 0.0152, 0.0798, 0.0636, 0.0812, 0.0448], [0.7017, 0.0759, 0.0382, 0.0456, 0.0252, 0.0664, 0.0471], [0.6968, 0.0269, 0.0243, 0.0763, 0.0678, 0.0668, 0.0411], [0.6819, 0.0758, 0.0564, 0.0507, 0.037, 0.0397, 0.0583], [0.6815, 0.078, 0.0218, 0.0781, 0.0608, 0.0236, 0.0562], [0.7123, 0.0697, 0.0144, 0.0233, 0.0735, 0.053, 0.0538], [0.7438, 0.0464, 0.0602, 0.0247, 0.0558, 0.0216, 0.0475], [0.5981, 0.0894, 0.0771, 0.0861, 0.0224, 0.0858, 0.0411], [0.6867, 0.0897, 0.0252, 0.0979, 0.0226, 0.028, 0.0499], [0.6833, 0.026, 0.0513, 0.0697, 0.0763, 0.0406, 0.0527], [0.778, 0.0299, 0.0143, 0.0586, 0.0136, 0.0609, 0.0448], [0.6464, 0.0436, 0.0884, 0.0825, 0.0793, 0.027, 0.0329], [0.7018, 0.0459, 0.0621, 0.0558, 0.0739, 0.0401, 0.0204], [0.687, 0.0474, 0.0151, 0.0482, 0.0571, 0.0876, 0.0575], [0.7168, 0.0438, 0.0459, 0.0852, 0.0151, 0.0523, 0.0408], [0.7669, 0.0393, 0.0167, 0.0232, 0.0823, 0.0384, 0.0331], [0.7459, 0.0388, 0.027, 0.018, 0.0227, 0.0675, 0.08], [0.7749, 0.0409, 0.0396, 0.029, 0.0464, 0.0314, 0.0378], [0.6759, 0.0454, 0.0513, 0.0511, 0.0661, 0.0484, 0.0618], [0.7442, 0.038, 0.0158, 0.0585, 0.0424, 0.0659, 0.0351], [0.7341, 0.0509, 0.0677, 0.0201, 0.0532, 0.0246, 0.0493], [0.7215, 0.065, 0.0602, 0.028, 0.0461, 0.0298, 0.0495], [0.7784, 0.0346, 0.0241, 0.0486, 0.0389, 0.0474, 0.0281], [0.6496, 0.0669, 0.0842, 0.0378, 0.0461, 0.0941, 0.0214], [0.6373, 0.0662, 0.0753, 0.0721, 0.0501, 0.0508, 0.0481], [0.7716, 0.021, 0.0589, 0.0154, 0.0598, 0.0373, 0.036], [0.7214, 0.0209, 0.027, 0.0459, 0.0443, 0.0757, 0.0649], [0.685, 0.0588, 0.0693, 0.0631, 0.0377, 0.0238, 0.0623], [0.6982, 0.0485, 0.0556, 0.0679, 0.0503, 0.061, 0.0185], [0.6892, 0.04, 0.0801, 0.0415, 0.0178, 0.0432, 0.0882], [0.6953, 0.0691, 0.0513, 0.0394, 0.0237, 0.0714, 0.0497], [0.6885, 0.0365, 0.033, 0.0661, 0.0382, 0.0877, 0.05]], "emotions": ["red", "red", "red", "red", "red", "red", "red", "red", "red", "red", "red", "red", "red", "red", "red", "red", "red", "red", "red", "red", "red", "red", "red", "red", "red", "red", "red", "red", "red", "red", "red", "red", "red", "red", "red", "red", "red", "red", "red", "red", "red", "red", "red", "red", "red", "red", "red", "red", "red", "red", "red", "red", "red", "red", "red", "red", "red", "red", "red", "red", "red", "red", "red", "red", "red", "red", "red", "red", "red", "red", "red", "red", "red", "red", "red", "red", "red", "red", "red", "red"], "timestamps": [0, 40, 80, 120, 160, 200, 240, 280, 320, 360, 400, 440, 480, 520, 560, 600, 640, 680, 720, 760, 800, 840, 880, 920, 960, 1000, 1040, 1080, 1120, 1160, 1200, 1240, 1280, 1320, 1360, 1400, 1440, 1480, 1520, 1560, 1600, 1640, 1680, 1720, 1760, 1800, 1840, 1880, 1920, 1960, 2000, 2040, 2080, 2120, 2160, 2200, 2240, 2280, 2320, 2360, 2400, 2440, 2480, 2520, 2560, 2600, 2640, 2680, 2720, 2760, 2800, 2840, 2880, 2920, 2960, 3000, 3040, 3080, 3120, 3160]}], "conversation": [], "conversation_timestamps": []}