{"agent_id": "agent-red-1601", "type": "red", "trips": [{"trip_id": 0, "transport_method": "foot", "start_time": 0, "path": [[1.5319923, 42.555257], [1.532532, 42.5556278], [1.5315124, 42.5556899], [1.5305522, 42.5553316], [1.5296231, 42.5548911], [1.5289369, 42.554131], [1.5282722, 42.5533596], [1.5275024, 42.5526764], [1.5267325, 42.5519933], [1.5270259, 42.5522824], [1.5278507, 42.5528981], [1.5285836, 42.5536167], [1.5280083, 42.5529994], [1.5273111, 42.5522423], [1.5266138, 42.5514852], [1.5264358, 42.5507052], [1.525861, 42.5498529], [1.525403, 42.5489316], [1.524995, 42.5480106], [1.5246857, 42.5470965], [1.5247202, 42.5463376], [1.5242971, 42.5455615], [1.5238343, 42.5446587], [1.5234062, 42.5437314], [1.5232217, 42.5434529], [1.5229255, 42.5424849], [1.5229825, 42.5414988], [1.5235, 42.5406971], [1.5233012, 42.5403658], [1.5231436, 42.5393593], [1.5231835, 42.5383446], [1.5239601, 42.5377893], [1.5249282, 42.5376168], [1.5249952, 42.5369731], [1.5242705, 42.5366675], [1.5233036, 42.536361], [1.5226492, 42.5356791], [1.5220168, 42.5348714], [1.5211377, 42.5343664], [1.5207309, 42.5334857], [1.5213543, 42.5327254], [1.5209435, 42.5318041], [1.5212355, 42.530879], [1.5213952, 42.5300554], [1.5219981, 42.5292847], [1.521291, 42.5286206], [1.5208756, 42.527736], [1.5206756, 42.5268093], [1.5207592, 42.5257834], [1.5206881, 42.5263517], [1.5205917, 42.527347], [1.5206792, 42.526548], [1.5207429, 42.5255207], [1.5207083, 42.5245211], [1.5212814, 42.5236707], [1.521808, 42.5228031], [1.5223536, 42.521955], [1.5231799, 42.5213466], [1.5235891, 42.5204107], [1.523838, 42.5198101], [1.5234973, 42.5207742], [1.5235289, 42.5204534], [1.5238041, 42.5194616], [1.5240356, 42.5184606], [1.5241908, 42.5174437], [1.5245469, 42.5164789], [1.5250927, 42.5156119], [1.5258199, 42.514887], [1.5266903, 42.5143418], [1.5276171, 42.5138944], [1.5285564, 42.5134734], [1.529499, 42.51306], [1.5304416, 42.512647], [1.5313752, 42.5122134], [1.5322465, 42.51167], [1.5329549, 42.5109278], [1.5336434, 42.510193], [1.5340431, 42.5092976], [1.5339882, 42.5095458], [1.5340928, 42.5085282]], "mood_vectors": [[0.6143, 0.0303, 0.0737, 0.082, 0.0906, 0.0462, 0.0629], [0.6676, 0.0569, 0.0344, 0.0199, 0.0625, 0.0821, 0.0767], [0.711, 0.0532, 0.0501, 0.0546, 0.0229, 0.0609, 0.0474], [0.7539, 0.0196, 0.0426, 0.0389, 0.0659, 0.0462, 0.0328], [0.6444, 0.0461, 0.05, 0.0603, 0.0722, 0.0759, 0.0511], [0.699, 0.064, 0.0494, 0.0641, 0.0289, 0.0575, 0.037], [0.6923, 0.0199, 0.0427, 0.0619, 0.0441, 0.0622, 0.0769], [0.7914, 0.0725, 0.0231, 0.0175, 0.0496, 0.0172, 0.0287], [0.749, 0.0135, 0.0619, 0.0162, 0.0227, 0.0749, 0.0617], [0.7691, 0.0446, 0.049, 0.025, 0.0196, 0.0667, 0.026], [0.6754, 0.0591, 0.0546, 0.0649, 0.064, 0.0168, 0.0652], [0.6861, 0.017, 0.0516, 0.0673, 0.0641, 0.062, 0.052], [0.6297, 0.0776, 0.0832, 0.0583, 0.0191, 0.0638, 0.0683], [0.7257, 0.063, 0.0609, 0.0114, 0.0588, 0.0616, 0.0185], [0.7396, 0.0244, 0.0437, 0.0481, 0.045, 0.0412, 0.0581], [0.6277, 0.0489, 0.06, 0.0608, 0.102, 0.0707, 0.0299], [0.6958, 0.0161, 0.0398, 0.0566, 0.0729, 0.0658, 0.0532], [0.6527, 0.0852, 0.0845, 0.0255, 0.0666, 0.0541, 0.0315], [0.6465, 0.0455, 0.0563, 0.0198, 0.0701, 0.0763, 0.0856], [0.7434, 0.0479, 0.0173, 0.0366, 0.0742, 0.0147, 0.0658], [0.739, 0.0221, 0.059, 0.0541, 0.0161, 0.0559, 0.0539], [0.7136, 0.0832, 0.0305, 0.0515, 0.0693, 0.0168, 0.0352], [0.6546, 0.057, 0.0654, 0.0163, 0.0682, 0.079, 0.0595], [0.7846, 0.0187, 0.0671, 0.0435, 0.0548, 0.0169, 0.0144], [0.7661, 0.0238, 0.037, 0.0583, 0.0153, 0.0488, 0.0507], [0.6443, 0.0721, 0.0495, 0.0655, 0.0504, 0.0456, 0.0726], [0.7443, 0.034, 0.0598, 0.039, 0.0433, 0.0539, 0.0256], [0.7365, 0.031, 0.0338, 0.0427, 0.0621, 0.0478, 0.046], [0.7497, 0.0646, 0.0464, 0.0326, 0.0261, 0.0418, 0.0387], [0.7394, 0.0281, 0.0235, 0.0519, 0.076, 0.0661, 0.0152], [0.7835, 0.0269, 0.0334, 0.0619, 0.0223, 0.0412, 0.0307], [0.6971, 0.0557, 0.0639, 0.0231, 0.048, 0.037, 0.0752], [0.725, 0.0436, 0.0646, 0.0584, 0.0283, 0.0605, 0.0196], [0.7391, 0.0308, 0.0469, 0.048, 0.028, 0.0802, 0.027], [0.7456, 0.0282, 0.059, 0.0409, 0.0641, 0.0356, 0.0266], [0.6771, 0.0717, 0.0918, 0.0297, 0.0247, 0.0258, 0.0793], [0.7158, 0.0235, 0.0453, 0.0689, 0.065, 0.0507, 0.0307], [0.688, 0.0338, 0.0232, 0.0694, 0.0742, 0.0559, 0.0555], [0.6551, 0.0594, 0.043, 0.0848, 0.0501, 0.0454, 0.0622], [0.661, 0.0524, 0.037, 0.0801, 0.0232, 0.0661, 0.0802], [0.7005, 0.0847, 0.0207, 0.0268, 0.0576, 0.0284, 0.0813], [0.7019, 0.0833, 0.0447, 0.016, 0.0284, 0.0931, 0.0327], [0.7097, 0.0296, 0.0141, 0.0614, 0.0728, 0.0791, 0.0334], [0.7344, 0.0566, 0.0491, 0.0204, 0.0249, 0.0481, 0.0665], [0.6449, 0.0358, 0.0642, 0.0344, 0.0974, 0.0666, 0.0569], [0.7489, 0.0519, 0.0543, 0.0504, 0.0209, 0.0475, 0.0262], [0.6167, 0.0347, 0.052, 0.0875, 0.0719, 0.0502, 0.087], [0.7158, 0.0715, 0.0388, 0.0855, 0.0199, 0.041, 0.0275], [0.6321, 0.0587, 0.071, 0.0495, 0.0399, 0.0712, 0.0777], [0.7136, 0.0727, 0.0363, 0.0682, 0.0192, 0.0381, 0.0519], [0.6648, 0.0718, 0.0333, 0.0871, 0.066, 0.0461, 0.0309], [0.7005, 0.039, 0.0744, 0.0623, 0.0215, 0.0465, 0.0557], [0.6822, 0.0336, 0.0898, 0.0341, 0.0424, 0.0827, 0.035], [0.7558, 0.0748, 0.0417, 0.0192, 0.0141, 0.0227, 0.0718], [0.6867, 0.0301, 0.0695, 0.0851, 0.0256, 0.0375, 0.0655], [0.7417, 0.0254, 0.0553, 0.0369, 0.0431, 0.0447, 0.0528], [0.6975, 0.0337, 0.0183, 0.0968, 0.0425, 0.0505, 0.0607], [0.6208, 0.0663, 0.0822, 0.093, 0.082, 0.0205, 0.0351], [0.6402, 0.0436, 0.0158, 0.0837, 0.0635, 0.0615, 0.0918], [0.71, 0.0173, 0.0719, 0.0725, 0.0585, 0.0128, 0.057], [0.6445, 0.0429, 0.0505, 0.0682, 0.0204, 0.0849, 0.0886], [0.7662, 0.0354, 0.0313, 0.0635, 0.0226, 0.0276, 0.0533], [0.7276, 0.0507, 0.0456, 0.0603, 0.0614, 0.0383, 0.0161], [0.7453, 0.0653, 0.0334, 0.0602, 0.0396, 0.0191, 0.0371], [0.6181, 0.0405, 0.0724, 0.0548, 0.0703, 0.0494, 0.0945], [0.7985, 0.0681, 0.0135, 0.0322, 0.0303, 0.0132, 0.0442], [0.7061, 0.0684, 0.0535, 0.0442, 0.0276, 0.0585, 0.0418], [0.7345, 0.046, 0.0195, 0.0277, 0.034, 0.0891, 0.0492], [0.6694, 0.0369, 0.0659, 0.0547, 0.0793, 0.0329, 0.061], [0.6713, 0.0403, 0.0377, 0.0442, 0.0682, 0.0704, 0.0677], [0.7554, 0.0583, 0.0489, 0.0414, 0.0327, 0.0257, 0.0376], [0.7343, 0.0525, 0.0541, 0.0205, 0.0422, 0.0708, 0.0256], [0.7362, 0.0563, 0.0313, 0.0401, 0.0457, 0.0353, 0.0552], [0.643, 0.0493, 0.0549, 0.0469, 0.0452, 0.0712, 0.0895], [0.6673, 0.0691, 0.0199, 0.0777, 0.0699, 0.0254, 0.0707], [0.7679, 0.0569, 0.013, 0.078, 0.014, 0.0159, 0.0543], [0.6161, 0.0596, 0.0755, 0.0818, 0.0455, 0.0611, 0.0604], [0.671, 0.0517, 0.0409, 0.0577, 0.0717, 0.0589, 0.0481], [0.7667, 0.0543, 0.0352, 0.0699, 0.0199, 0.0185, 0.0356], [0.7179, 0.0773, 0.02, 0.063, 0.0415, 0.0148, 0.0655]], "emotions": ["red", "red", "red", "red", "red", "red", "red", "red", "red", "red", "red", "red", "red", "red", "red", "red", "red", "red", "red", "red", "red", "red", "red", "red", "red", "red", "red", "red", "red", "red", "red", "red", "red", "red", "red", "red", "red", "red", "red", "red", "red", "red", "red", "red", "red", "red", "red", "red", "red", "red", "red", "red", "red", "red", "red", "red", "red", "red", "red", "red", "red", "red", "red", "red", "red", "red", "red", "red", "red", "red", "red", "red", "red", "red", "red", "red", "red", "red", "red", "red"], "timestamps": [0, 40, 80, 120, 160, 200, 240, 280, 320, 360, 400, 440, 480, 520, 560, 600, 640, 680, 720, 760, 800, 840, 880, 920, 960, 1000, 1040, 1080, 1120, 1160, 1200, 1240, 1280, 1320, 1360, 1400, 1440, 1480, 1520, 1560, 1600, 1640, 1680, 1720, 1760, 1800, 1840, 1880, 1920, 1960, 2000, 2040, 2080, 2120, 2160, 2200, 2240, 2280, 2320, 2360, 2400, 2440, 2480, 2520, 2560, 2600, 2640, 2680, 2720, 2760, 2800, 2840, 2880, 2920, 2960, 3000, 3040, 3080, 3120, 3160]}], "conversation": [], "conversation_timestamps": []}