{"agent_id": "agent-green-232", "type": "green", "trips": [{"trip_id": 0, "transport_method": "bus", "start_time": 0, "path": [[1.5363231, 42.5086484], [1.5354092, 42.5089888], [1.5343659, 42.5092631], [1.5337769, 42.5100694], [1.5329635, 42.5109169], [1.5321213, 42.5117615], [1.5310816, 42.5123503], [1.5299922, 42.5128488], [1.5288919, 42.5133231], [1.5277985, 42.5138131], [1.5267171, 42.5143287], [1.5257115, 42.5149737], [1.5248953, 42.5158482], [1.5243663, 42.5169201], [1.5240898, 42.5180808], [1.5239085, 42.5192644], [1.5236575, 42.520428], [1.5230665, 42.5214583], [1.5221181, 42.5221826], [1.5216184, 42.5232597], [1.5208805, 42.5242015], [1.520753, 42.5253268], [1.5206359, 42.5264837], [1.5207629, 42.5275935], [1.521279, 42.5286129], [1.5219977, 42.5294391], [1.5212801, 42.530352], [1.5209884, 42.5313049], [1.5212664, 42.5323806], [1.5208906, 42.5333675], [1.52112, 42.5343419], [1.5221157, 42.5349686], [1.5228508, 42.5359109], [1.5237261, 42.5365806], [1.5249008, 42.5368056], [1.5251307, 42.5375669], [1.5240005, 42.537767], [1.5231412, 42.5384598], [1.5231868, 42.5396473], [1.5235024, 42.5407644], [1.5231246, 42.5412522], [1.5229235, 42.5423694], [1.5232622, 42.5434913], [1.5237826, 42.5445589], [1.5243208, 42.5456128], [1.5247218, 42.5466806], [1.5248135, 42.5478419], [1.5253833, 42.5488543], [1.5259797, 42.5498894], [1.5266, 42.5509145], [1.5261055, 42.5502424], [1.5255284, 42.5491947], [1.5256794, 42.5498124], [1.5260386, 42.5509554], [1.5265527, 42.5520065], [1.5269098, 42.5531281], [1.5277468, 42.5539819], [1.5283541, 42.5549406], [1.529258, 42.555675], [1.529892, 42.5566131], [1.530953, 42.557129], [1.5319176, 42.557824], [1.5316826, 42.5587421], [1.5309682, 42.5596733], [1.5302822, 42.5606528], [1.5291927, 42.5610886], [1.5283382, 42.5618619], [1.5276709, 42.5627576], [1.526921, 42.5633675], [1.5259035, 42.5639109], [1.5249641, 42.5646547], [1.5241723, 42.5655442], [1.5235442, 42.566557], [1.5229692, 42.567587], [1.5220275, 42.5671552], [1.5210787, 42.5665516], [1.5202613, 42.5670186], [1.5190884, 42.5671873], [1.5188949, 42.5681488], [1.5193184, 42.5690961]], "mood_vectors": [[0.0323, 0.0804, 0.0513, 0.0269, 0.0449, 0.0291, 0.7351], [0.0343, 0.0478, 0.0473, 0.0532, 0.027, 0.0736, 0.7166], [0.043, 0.0312, 0.0551, 0.0476, 0.0445, 0.0341, 0.7445], [0.0385, 0.0399, 0.0837, 0.0139, 0.0886, 0.0629, 0.6725], [0.0805, 0.0798, 0.0127, 0.029, 0.0772, 0.0734, 0.6474], [0.021, 0.0404, 0.087, 0.0673, 0.0628, 0.0808, 0.6408], [0.0697, 0.0465, 0.0449, 0.0888, 0.0275, 0.031, 0.6916], [0.0252, 0.0446, 0.0194, 0.0648, 0.029, 0.0683, 0.7488], [0.0383, 0.0382, 0.0267, 0.0202, 0.0751, 0.0422, 0.7593], [0.0509, 0.0612, 0.0768, 0.0341, 0.0248, 0.0544, 0.6979], [0.0648, 0.032, 0.0463, 0.0726, 0.0693, 0.0763, 0.6388], [0.0643, 0.0238, 0.0331, 0.0148, 0.0272, 0.0699, 0.7668], [0.0918, 0.0355, 0.0612, 0.0218, 0.061, 0.0447, 0.6839], [0.0926, 0.0624, 0.0472, 0.0542, 0.0467, 0.0308, 0.6661], [0.0814, 0.0454, 0.0729, 0.0285, 0.0498, 0.0638, 0.6582], [0.0734, 0.0134, 0.0677, 0.0528, 0.0731, 0.0211, 0.6984], [0.0748, 0.0587, 0.0221, 0.037, 0.0215, 0.0145, 0.7713], [0.0762, 0.0644, 0.0599, 0.0237, 0.0393, 0.036, 0.7005], [0.0763, 0.0208, 0.0306, 0.0391, 0.0651, 0.0597, 0.7083], [0.0353, 0.0292, 0.081, 0.0294, 0.0142, 0.015, 0.7958], [0.04, 0.0184, 0.0229, 0.066, 0.0356, 0.0359, 0.7811], [0.0516, 0.0506, 0.0627, 0.0778, 0.0778, 0.027, 0.6525], [0.0536, 0.0519, 0.0809, 0.0623, 0.0208, 0.076, 0.6545], [0.0683, 0.0425, 0.0338, 0.027, 0.051, 0.0176, 0.7599], [0.064, 0.1021, 0.0263, 0.0341, 0.0487, 0.0181, 0.7068], [0.071, 0.0123, 0.0209, 0.0426, 0.0527, 0.0646, 0.7358], [0.0247, 0.1013, 0.015, 0.0367, 0.0339, 0.0405, 0.7478], [0.0129, 0.0786, 0.0816, 0.0271, 0.0536, 0.0616, 0.6846], [0.0506, 0.0199, 0.0742, 0.0436, 0.0667, 0.074, 0.6709], [0.0197, 0.0272, 0.066, 0.0336, 0.0714, 0.0794, 0.7027], [0.047, 0.0904, 0.0356, 0.0879, 0.0419, 0.0788, 0.6184], [0.0441, 0.0685, 0.0234, 0.0461, 0.0853, 0.0648, 0.6678], [0.0871, 0.0631, 0.0349, 0.0263, 0.0408, 0.0388, 0.7089], [0.048, 0.0521, 0.0469, 0.0129, 0.0763, 0.075, 0.6888], [0.0185, 0.0614, 0.086, 0.0762, 0.0201, 0.0833, 0.6544], [0.0505, 0.0696, 0.0211, 0.0774, 0.0679, 0.0742, 0.6394], [0.029, 0.0321, 0.025, 0.0339, 0.0373, 0.049, 0.7936], [0.0505, 0.0555, 0.0413, 0.0413, 0.0718, 0.0158, 0.7238], [0.0604, 0.0395, 0.0675, 0.0223, 0.0707, 0.0603, 0.6793], [0.0228, 0.038, 0.0793, 0.0328, 0.0338, 0.0895, 0.7038], [0.0516, 0.0332, 0.0513, 0.058, 0.0215, 0.067, 0.7174], [0.0163, 0.0552, 0.0538, 0.0852, 0.0247, 0.0506, 0.7142], [0.0277, 0.0201, 0.0209, 0.0468, 0.0768, 0.0643, 0.7434], [0.0423, 0.0709, 0.0294, 0.0382, 0.0974, 0.0616, 0.6602], [0.0238, 0.0815, 0.0151, 0.0369, 0.0685, 0.0971, 0.677], [0.0489, 0.0588, 0.0211, 0.068, 0.0558, 0.0362, 0.7112], [0.0687, 0.0298, 0.0306, 0.0414, 0.0343, 0.0503, 0.745], [0.0743, 0.0735, 0.0751, 0.0275, 0.0387, 0.0532, 0.6578], [0.0151, 0.0243, 0.0396, 0.0317, 0.0592, 0.0362, 0.7939], [0.0929, 0.0408, 0.0421, 0.0586, 0.0785, 0.0224, 0.6646], [0.0503, 0.0258, 0.0785, 0.025, 0.0404, 0.0636, 0.7164], [0.0487, 0.0573, 0.0807, 0.0778, 0.0387, 0.0888, 0.6081], [0.075, 0.0682, 0.0675, 0.0329, 0.0193, 0.0277, 0.7094], [0.0418, 0.0438, 0.0762, 0.0791, 0.0283, 0.0166, 0.7141], [0.0427, 0.0928, 0.031, 0.0272, 0.0577, 0.089, 0.6596], [0.0719, 0.0568, 0.0806, 0.0552, 0.0658, 0.0864, 0.5833], [0.0615, 0.0784, 0.0445, 0.0387, 0.0649, 0.0355, 0.6764], [0.0684, 0.0839, 0.0748, 0.0801, 0.0417, 0.0266, 0.6244], [0.0277, 0.069, 0.0206, 0.038, 0.0304, 0.0592, 0.7551], [0.0381, 0.0442, 0.0449, 0.0477, 0.027, 0.0785, 0.7195], [0.0313, 0.0393, 0.057, 0.0406, 0.017, 0.0751, 0.7397], [0.0329, 0.0473, 0.0159, 0.0154, 0.0931, 0.0196, 0.7758], [0.0478, 0.0677, 0.0437, 0.0706, 0.0856, 0.0375, 0.6471], [0.0401, 0.035, 0.0613, 0.0436, 0.0643, 0.0629, 0.6928], [0.0738, 0.0518, 0.032, 0.0214, 0.0496, 0.0597, 0.7117], [0.028, 0.0787, 0.0717, 0.0599, 0.0693, 0.0639, 0.6286], [0.0707, 0.0414, 0.0303, 0.0325, 0.0436, 0.0555, 0.726], [0.0717, 0.0137, 0.0253, 0.0469, 0.047, 0.0363, 0.759], [0.0293, 0.0559, 0.091, 0.0697, 0.0659, 0.0326, 0.6556], [0.0682, 0.0182, 0.079, 0.078, 0.0543, 0.0184, 0.6839], [0.0656, 0.0642, 0.0169, 0.0411, 0.0881, 0.0546, 0.6695], [0.0665, 0.068, 0.0371, 0.0677, 0.0418, 0.0477, 0.6711], [0.0574, 0.0875, 0.0322, 0.0361, 0.0653, 0.0257, 0.6958], [0.0371, 0.0316, 0.0423, 0.0416, 0.046, 0.0593, 0.7422], [0.0374, 0.0699, 0.028, 0.0373, 0.0585, 0.0334, 0.7355], [0.0715, 0.0281, 0.013, 0.0579, 0.0583, 0.0727, 0.6984], [0.0297, 0.0692, 0.0353, 0.0263, 0.0234, 0.0743, 0.7419], [0.0214, 0.0399, 0.0595, 0.0551, 0.0609, 0.0827, 0.6805], [0.076, 0.071, 0.0338, 0.0568, 0.04, 0.0602, 0.6621], [0.0472, 0.0396, 0.0416, 0.0222, 0.0659, 0.0346, 0.7488]], "emotions": ["purple", "purple", "purple", "purple", "purple", "purple", "purple", "purple", "purple", "purple", "purple", "purple", "purple", "purple", "purple", "purple", "purple", "purple", "purple", "purple", "purple", "purple", "purple", "purple", "purple", "purple", "purple", "purple", "purple", "purple", "purple", "purple", "purple", "purple", "purple", "purple", "purple", "purple", "purple", "purple", "purple", "purple", "purple", "purple", "purple", "purple", "purple", "purple", "purple", "purple", "purple", "purple", "purple", "purple", "purple", "purple", "purple", "purple", "purple", "purple", "purple", "purple", "purple", "purple", "purple", "purple", "purple", "purple", "purple", "purple", "purple", "purple", "purple", "purple", "purple", "purple", "purple", "purple", "purple", "purple"], "timestamps": [0, 40, 80, 120, 160, 200, 240, 280, 320, 360, 400, 440, 480, 520, 560, 600, 640, 680, 720, 760, 800, 840, 880, 920, 960, 1000, 1040, 1080, 1120, 1160, 1200, 1240, 1280, 1320, 1360, 1400, 1440, 1480, 1520, 1560, 1600, 1640, 1680, 1720, 1760, 1800, 1840, 1880, 1920, 1960, 2000, 2040, 2080, 2120, 2160, 2200, 2240, 2280, 2320, 2360, 2400, 2440, 2480, 2520, 2560, 2600, 2640, 2680, 2720, 2760, 2800, 2840, 2880, 2920, 2960, 3000, 3040, 3080, 3120, 3160]}], "conversation": [], "conversation_timestamps": []}