{"agent_id": "agent-blue-625", "type": "blue", "trips": [{"trip_id": 0, "transport_method": "bus", "start_time": 0, "path": [[1.4941484, 42.4695094], [1.4938581, 42.4692288], [1.4932796, 42.4694967], [1.4932497, 42.4708298], [1.4933867, 42.4720385], [1.4930458, 42.4732584], [1.491867, 42.4738718], [1.4909109, 42.4747476], [1.4908135, 42.4760755], [1.4904946, 42.4773433], [1.4902844, 42.4786697], [1.4900741, 42.479996], [1.4898639, 42.4813224], [1.4895124, 42.4812794], [1.489365, 42.4799449], [1.4898053, 42.4787007], [1.4904699, 42.4775351], [1.490612, 42.4767165], [1.490506, 42.4780553], [1.4903999, 42.479394], [1.4902939, 42.4807328], [1.4901878, 42.4820716], [1.4905295, 42.4833149], [1.4911811, 42.4844621], [1.4924425, 42.4848094], [1.493568, 42.4854937], [1.4945368, 42.4864101], [1.4946581, 42.4877058], [1.4952653, 42.4888555], [1.4961385, 42.4898755], [1.4964285, 42.491148], [1.4975324, 42.4919085], [1.4987088, 42.4925555], [1.4998432, 42.4932661], [1.5007513, 42.4941933], [1.5019685, 42.4947604], [1.5031837, 42.4953309], [1.5044288, 42.495819], [1.5056611, 42.4963411], [1.5069302, 42.4967799], [1.5081801, 42.4972685], [1.5093891, 42.4978532], [1.5104948, 42.4985866], [1.5113287, 42.4996392], [1.512147, 42.5007039], [1.5129487, 42.5017812], [1.5129019, 42.5017334], [1.5134464, 42.5024789], [1.5143735, 42.5033583], [1.5153417, 42.504289], [1.5164026, 42.5050835], [1.5175741, 42.5053988], [1.5188869, 42.5054788], [1.5201992, 42.5057591], [1.5214554, 42.506141], [1.5227337, 42.5065511], [1.5240421, 42.5068481], [1.5253295, 42.5070763], [1.5266634, 42.5072313], [1.5253909, 42.5070897], [1.5262349, 42.5071749], [1.5274942, 42.5074451], [1.5283287, 42.508413], [1.5289952, 42.5088893], [1.5299867, 42.5091779], [1.531252, 42.5095461], [1.5324808, 42.5100186], [1.5335883, 42.5107675], [1.5345879, 42.511589], [1.535526, 42.5124155], [1.5362777, 42.513099], [1.5375729, 42.5127807], [1.5385704, 42.5126119], [1.5380849, 42.512628], [1.539356, 42.512265], [1.5399936, 42.5124393], [1.5397516, 42.5125368], [1.5410789, 42.5123329], [1.5424126, 42.5123685], [1.5433174, 42.5128155]], "mood_vectors": [[0.0427, 0.0406, 0.0439, 0.7883, 0.0135, 0.0343, 0.0367], [0.0191, 0.054, 0.056, 0.6832, 0.0576, 0.0492, 0.081], [0.0331, 0.0409, 0.0451, 0.739, 0.0266, 0.0502, 0.065], [0.0535, 0.0593, 0.0742, 0.6654, 0.039, 0.0495, 0.0591], [0.0309, 0.0523, 0.0713, 0.6763, 0.0505, 0.0497, 0.0689], [0.039, 0.0368, 0.0328, 0.7723, 0.0547, 0.0386, 0.0257], [0.0664, 0.0228, 0.062, 0.7356, 0.0404, 0.0414, 0.0313], [0.0736, 0.0612, 0.061, 0.6897, 0.0267, 0.0479, 0.04], [0.0316, 0.0605, 0.0214, 0.7354, 0.0497, 0.0213, 0.08], [0.0532, 0.0166, 0.0666, 0.6854, 0.0771, 0.0194, 0.0817], [0.0743, 0.0687, 0.0859, 0.6371, 0.0438, 0.0641, 0.026], [0.03, 0.0569, 0.0239, 0.7467, 0.04, 0.0634, 0.0391], [0.0494, 0.0762, 0.0256, 0.6501, 0.0742, 0.0577, 0.0667], [0.0689, 0.0307, 0.054, 0.7818, 0.0215, 0.023, 0.0201], [0.0265, 0.0669, 0.051, 0.6863, 0.0816, 0.0287, 0.059], [0.0787, 0.0333, 0.0661, 0.6689, 0.0192, 0.0705, 0.0633], [0.0784, 0.0651, 0.0547, 0.6403, 0.0484, 0.0563, 0.0567], [0.0651, 0.0589, 0.0472, 0.6886, 0.0527, 0.0299, 0.0576], [0.0555, 0.081, 0.0554, 0.6026, 0.065, 0.0738, 0.0666], [0.0465, 0.0132, 0.0616, 0.7368, 0.0213, 0.0666, 0.0539], [0.0235, 0.0385, 0.0269, 0.812, 0.0515, 0.0133, 0.0342], [0.0122, 0.0431, 0.0687, 0.7465, 0.0342, 0.0392, 0.0562], [0.0549, 0.0572, 0.0285, 0.7379, 0.0606, 0.0195, 0.0414], [0.0578, 0.0774, 0.0207, 0.7174, 0.0351, 0.073, 0.0185], [0.0609, 0.0596, 0.0265, 0.7844, 0.0121, 0.036, 0.0205], [0.0605, 0.0666, 0.063, 0.6356, 0.052, 0.0565, 0.0658], [0.0637, 0.0578, 0.036, 0.7222, 0.0172, 0.0693, 0.0338], [0.0961, 0.0601, 0.0692, 0.625, 0.0486, 0.0363, 0.0647], [0.0832, 0.0261, 0.0819, 0.6215, 0.0202, 0.0822, 0.085], [0.0682, 0.0662, 0.0726, 0.6118, 0.0554, 0.0582, 0.0676], [0.0496, 0.0596, 0.0434, 0.6947, 0.0316, 0.0686, 0.0526], [0.0582, 0.0468, 0.0195, 0.6851, 0.0738, 0.0538, 0.0629], [0.0809, 0.0279, 0.022, 0.7633, 0.0138, 0.0136, 0.0785], [0.0789, 0.0754, 0.0385, 0.6072, 0.0489, 0.0717, 0.0795], [0.0616, 0.0694, 0.0214, 0.7349, 0.0407, 0.0398, 0.0321], [0.0147, 0.0916, 0.0461, 0.7512, 0.0188, 0.0398, 0.0379], [0.0221, 0.0427, 0.0444, 0.7227, 0.0495, 0.028, 0.0906], [0.0597, 0.0747, 0.0717, 0.6328, 0.0691, 0.0285, 0.0635], [0.039, 0.0379, 0.0552, 0.7502, 0.0326, 0.0503, 0.0348], [0.0412, 0.0802, 0.0692, 0.7136, 0.024, 0.0372, 0.0346], [0.0374, 0.0347, 0.0122, 0.8242, 0.0366, 0.025, 0.0299], [0.0362, 0.067, 0.0793, 0.7406, 0.0207, 0.0268, 0.0295], [0.0349, 0.0692, 0.071, 0.6942, 0.0218, 0.0353, 0.0736], [0.0451, 0.0392, 0.0829, 0.6888, 0.0779, 0.0183, 0.0478], [0.061, 0.0374, 0.0691, 0.6625, 0.0523, 0.0661, 0.0516], [0.0302, 0.0575, 0.062, 0.7222, 0.0375, 0.0399, 0.0506], [0.0644, 0.0249, 0.0803, 0.6786, 0.0543, 0.0456, 0.0519], [0.0701, 0.0183, 0.0512, 0.7115, 0.0529, 0.0266, 0.0693], [0.0583, 0.0567, 0.0814, 0.663, 0.0918, 0.0256, 0.0234], [0.016, 0.0778, 0.0569, 0.7264, 0.017, 0.018, 0.0879], [0.0808, 0.0414, 0.0536, 0.6596, 0.0702, 0.0403, 0.0541], [0.0253, 0.0502, 0.0684, 0.6956, 0.0279, 0.0672, 0.0655], [0.063, 0.036, 0.0286, 0.6782, 0.0527, 0.0885, 0.0529], [0.0783, 0.0344, 0.0519, 0.6169, 0.0788, 0.0575, 0.0822], [0.0877, 0.0639, 0.0201, 0.6377, 0.0809, 0.0897, 0.0199], [0.0686, 0.0221, 0.0559, 0.6715, 0.0361, 0.0542, 0.0917], [0.0806, 0.0767, 0.04, 0.7238, 0.0264, 0.0137, 0.0389], [0.0123, 0.048, 0.0534, 0.7096, 0.073, 0.0796, 0.0242], [0.037, 0.0452, 0.0312, 0.767, 0.077, 0.0251, 0.0176], [0.0186, 0.0832, 0.0352, 0.6939, 0.052, 0.0542, 0.0628], [0.072, 0.077, 0.0249, 0.71, 0.0233, 0.0407, 0.0521], [0.0687, 0.0512, 0.0694, 0.7004, 0.0269, 0.0191, 0.0644], [0.072, 0.0391, 0.0432, 0.722, 0.0302, 0.0379, 0.0557], [0.0765, 0.0608, 0.0655, 0.7394, 0.0211, 0.0191, 0.0176], [0.0154, 0.0834, 0.077, 0.6952, 0.064, 0.0269, 0.038], [0.0735, 0.0525, 0.0392, 0.6692, 0.0575, 0.0779, 0.0304], [0.0548, 0.062, 0.0589, 0.6815, 0.0303, 0.0489, 0.0635], [0.0411, 0.0794, 0.0397, 0.7054, 0.074, 0.04, 0.0203], [0.0197, 0.0613, 0.0832, 0.69, 0.0221, 0.0497, 0.0741], [0.0591, 0.0197, 0.0605, 0.7399, 0.0605, 0.0284, 0.0318], [0.0823, 0.0726, 0.0562, 0.6553, 0.024, 0.0374, 0.0722], [0.074, 0.0596, 0.0738, 0.5954, 0.0584, 0.0593, 0.0795], [0.0709, 0.0399, 0.0518, 0.7161, 0.046, 0.0545, 0.0208], [0.0671, 0.0494, 0.0738, 0.6876, 0.0227, 0.0226, 0.0769], [0.0585, 0.0696, 0.053, 0.6515, 0.0463, 0.0652, 0.0559], [0.0229, 0.051, 0.0627, 0.7297, 0.0538, 0.0162, 0.0637], [0.0581, 0.0712, 0.065, 0.7125, 0.0308, 0.0489, 0.0135], [0.0642, 0.0621, 0.0593, 0.6341, 0.0785, 0.0766, 0.0253], [0.0191, 0.0525, 0.044, 0.8132, 0.0171, 0.0348, 0.0193], [0.0731, 0.0434, 0.0714, 0.6672, 0.0567, 0.0641, 0.0241]], "emotions": ["green", "green", "green", "green", "green", "green", "green", "green", "green", "green", "green", "green", "green", "green", "green", "green", "green", "green", "green", "green", "green", "green", "green", "green", "green", "green", "green", "green", "green", "green", "green", "green", "green", "green", "green", "green", "green", "green", "green", "green", "green", "green", "green", "green", "green", "green", "green", "green", "green", "green", "green", "green", "green", "green", "green", "green", "green", "green", "green", "green", "green", "green", "green", "green", "green", "green", "green", "green", "green", "green", "green", "green", "green", "green", "green", "green", "green", "green", "green", "green"], "timestamps": [0, 40, 80, 120, 160, 200, 240, 280, 320, 360, 400, 440, 480, 520, 560, 600, 640, 680, 720, 760, 800, 840, 880, 920, 960, 1000, 1040, 1080, 1120, 1160, 1200, 1240, 1280, 1320, 1360, 1400, 1440, 1480, 1520, 1560, 1600, 1640, 1680, 1720, 1760, 1800, 1840, 1880, 1920, 1960, 2000, 2040, 2080, 2120, 2160, 2200, 2240, 2280, 2320, 2360, 2400, 2440, 2480, 2520, 2560, 2600, 2640, 2680, 2720, 2760, 2800, 2840, 2880, 2920, 2960, 3000, 3040, 3080, 3120, 3160]}], "conversation": [], "conversation_timestamps": []}