{"agent_id": "agent-purple-1364", "type": "purple", "trips": [{"trip_id": 0, "transport_method": "car", "start_time": 0, "path": [[1.5104043, 42.5046403], [1.5118898, 42.504984], [1.5130324, 42.5060104], [1.5144462, 42.5067322], [1.5140161, 42.5067822], [1.5135255, 42.50626], [1.5149826, 42.5068966], [1.5164993, 42.5073257], [1.5178541, 42.5080324], [1.5191411, 42.5088602], [1.5204986, 42.5096548], [1.5218237, 42.5101804], [1.5234034, 42.5103612], [1.5230086, 42.5104136], [1.5229668, 42.5103204], [1.5245432, 42.5105282], [1.5261138, 42.5105049], [1.5272769, 42.5111724], [1.5287964, 42.5115454], [1.5303581, 42.5116594], [1.5306428, 42.5127703], [1.5303849, 42.5142366], [1.5292524, 42.5153198], [1.5280279, 42.5162836], [1.5266509, 42.5170788], [1.5272835, 42.5167813], [1.5286717, 42.516053], [1.5278962, 42.5164333], [1.5265629, 42.5172997], [1.5252297, 42.5181661], [1.5253311, 42.518058], [1.5259993, 42.5175118], [1.5247059, 42.5184366], [1.5238635, 42.5196246], [1.5233412, 42.5211133], [1.5221512, 42.5221434], [1.5214085, 42.5235273], [1.5206255, 42.5248794], [1.520448, 42.5264437], [1.5201714, 42.5278183], [1.5205962, 42.5292645], [1.519721, 42.5303634], [1.5195672, 42.5318674], [1.519599, 42.5334031], [1.5201738, 42.5347068], [1.5212596, 42.5357667], [1.520206, 42.5368862], [1.5195761, 42.5383425], [1.5193798, 42.5398987], [1.5190416, 42.5412656], [1.5182818, 42.5416218], [1.5185698, 42.5414907], [1.517387, 42.542469], [1.5164221, 42.5436886], [1.5153347, 42.5448379], [1.5144931, 42.5460308], [1.5134981, 42.5472383], [1.5128974, 42.5486037], [1.5118774, 42.5497106], [1.510639, 42.5506956], [1.5093991, 42.5516694], [1.5089249, 42.5520027], [1.5082186, 42.5525958], [1.5070576, 42.553682], [1.5065706, 42.5551018], [1.5056696, 42.5564066], [1.5047929, 42.5576841], [1.5042932, 42.5590478], [1.5028701, 42.5596542], [1.5016435, 42.5606625], [1.5002046, 42.5612574], [1.4989853, 42.5616368], [1.4974071, 42.5614861], [1.4959945, 42.5619399], [1.4948921, 42.5630638], [1.4934541, 42.5636795], [1.4921538, 42.5645276], [1.4910416, 42.5656626], [1.4900014, 42.5668517], [1.4888957, 42.5679892]], "mood_vectors": [[0.0776, 0.0658, 0.0368, 0.0716, 0.0367, 0.6803, 0.0311], [0.0227, 0.0634, 0.0639, 0.0276, 0.0773, 0.6778, 0.0672], [0.087, 0.0283, 0.0677, 0.0207, 0.0522, 0.6846, 0.0597], [0.0155, 0.0324, 0.034, 0.039, 0.0827, 0.7178, 0.0786], [0.0399, 0.0751, 0.0697, 0.0139, 0.0526, 0.6763, 0.0725], [0.0489, 0.0528, 0.0782, 0.0253, 0.0573, 0.7133, 0.0241], [0.0316, 0.0769, 0.0799, 0.019, 0.0566, 0.6448, 0.0911], [0.0436, 0.0289, 0.0564, 0.0742, 0.054, 0.6801, 0.0629], [0.0263, 0.0388, 0.0624, 0.0534, 0.049, 0.6918, 0.0782], [0.0658, 0.0244, 0.0539, 0.072, 0.0445, 0.7006, 0.0389], [0.0761, 0.0131, 0.0373, 0.0391, 0.0576, 0.7022, 0.0746], [0.0599, 0.0459, 0.0228, 0.033, 0.0597, 0.7637, 0.015], [0.0493, 0.0911, 0.0271, 0.0199, 0.0549, 0.7306, 0.0271], [0.0437, 0.0786, 0.0141, 0.0328, 0.0476, 0.7078, 0.0754], [0.0581, 0.0875, 0.074, 0.0382, 0.0473, 0.6768, 0.0181], [0.013, 0.0392, 0.0511, 0.0647, 0.0533, 0.7516, 0.0272], [0.034, 0.0783, 0.0335, 0.0217, 0.0617, 0.7178, 0.0529], [0.0469, 0.0156, 0.0872, 0.0805, 0.0481, 0.7086, 0.0131], [0.021, 0.0447, 0.0539, 0.0687, 0.0742, 0.6786, 0.0589], [0.0474, 0.0583, 0.0578, 0.0597, 0.0345, 0.6865, 0.0558], [0.0761, 0.0598, 0.0386, 0.0414, 0.0159, 0.7141, 0.0542], [0.0562, 0.0739, 0.0378, 0.0719, 0.0768, 0.6281, 0.0552], [0.0327, 0.0679, 0.0908, 0.0268, 0.0342, 0.6848, 0.0627], [0.0742, 0.0648, 0.0599, 0.0193, 0.071, 0.6295, 0.0812], [0.0481, 0.0427, 0.0513, 0.0164, 0.0783, 0.7165, 0.0466], [0.0546, 0.051, 0.0525, 0.0574, 0.0454, 0.7126, 0.0264], [0.0264, 0.0393, 0.0685, 0.0431, 0.0312, 0.7732, 0.0183], [0.0542, 0.0212, 0.0215, 0.0726, 0.0163, 0.7693, 0.0449], [0.0685, 0.0499, 0.0804, 0.0367, 0.0405, 0.6697, 0.0544], [0.0702, 0.0121, 0.0726, 0.0577, 0.0322, 0.6822, 0.073], [0.064, 0.0169, 0.0729, 0.0585, 0.0671, 0.6847, 0.036], [0.0253, 0.0866, 0.0144, 0.0826, 0.0581, 0.707, 0.0259], [0.0505, 0.0668, 0.0469, 0.0602, 0.067, 0.6614, 0.0472], [0.0157, 0.0534, 0.0353, 0.0342, 0.0255, 0.8214, 0.0145], [0.0521, 0.0762, 0.0586, 0.0603, 0.0541, 0.6384, 0.0602], [0.0374, 0.0684, 0.0268, 0.0765, 0.0321, 0.7251, 0.0337], [0.0386, 0.0415, 0.0623, 0.0629, 0.06, 0.6907, 0.044], [0.0334, 0.0274, 0.0344, 0.0188, 0.0355, 0.7626, 0.0879], [0.0564, 0.0236, 0.0756, 0.029, 0.0513, 0.7108, 0.0533], [0.0756, 0.0934, 0.081, 0.0809, 0.0227, 0.6255, 0.0208], [0.0217, 0.0882, 0.0916, 0.0424, 0.0649, 0.6181, 0.073], [0.0364, 0.0664, 0.0416, 0.0697, 0.022, 0.7072, 0.0566], [0.0511, 0.0152, 0.0731, 0.0445, 0.046, 0.7555, 0.0147], [0.0557, 0.047, 0.0655, 0.0152, 0.0723, 0.71, 0.0344], [0.0167, 0.0503, 0.0415, 0.0809, 0.0528, 0.7078, 0.0498], [0.0148, 0.0898, 0.0835, 0.0332, 0.0324, 0.6836, 0.0627], [0.0232, 0.0815, 0.0643, 0.0472, 0.0393, 0.7136, 0.0309], [0.0622, 0.0534, 0.0701, 0.0405, 0.0326, 0.658, 0.0831], [0.0265, 0.0675, 0.0599, 0.0725, 0.0401, 0.7059, 0.0275], [0.0509, 0.0192, 0.0706, 0.0628, 0.0481, 0.6939, 0.0545], [0.0563, 0.0575, 0.0766, 0.0706, 0.0671, 0.6455, 0.0263], [0.0304, 0.071, 0.029, 0.0661, 0.0402, 0.7233, 0.0399], [0.0675, 0.065, 0.0131, 0.0213, 0.046, 0.7694, 0.0177], [0.0487, 0.0813, 0.0792, 0.0215, 0.0272, 0.6737, 0.0686], [0.0608, 0.0595, 0.0177, 0.0539, 0.0649, 0.6864, 0.0567], [0.0574, 0.054, 0.0752, 0.0247, 0.0627, 0.6456, 0.0803], [0.0804, 0.0879, 0.0164, 0.0873, 0.0774, 0.6278, 0.0229], [0.0708, 0.0322, 0.0521, 0.0247, 0.0487, 0.704, 0.0674], [0.0356, 0.0227, 0.0313, 0.0249, 0.0457, 0.806, 0.0336], [0.0934, 0.0926, 0.0447, 0.0307, 0.0644, 0.631, 0.0431], [0.0714, 0.0627, 0.0445, 0.0268, 0.0714, 0.6591, 0.064], [0.0445, 0.0374, 0.072, 0.0336, 0.0137, 0.7526, 0.0461], [0.0602, 0.0476, 0.0391, 0.0676, 0.0204, 0.6937, 0.0714], [0.0696, 0.0681, 0.0737, 0.0643, 0.0294, 0.6478, 0.0471], [0.0201, 0.0233, 0.03, 0.0374, 0.0817, 0.7431, 0.0644], [0.023, 0.0653, 0.0262, 0.0386, 0.0379, 0.7121, 0.097], [0.0337, 0.0477, 0.0742, 0.1027, 0.0248, 0.6553, 0.0616], [0.0419, 0.0484, 0.0445, 0.0337, 0.0525, 0.737, 0.0419], [0.0209, 0.0639, 0.0742, 0.0462, 0.051, 0.7215, 0.0223], [0.0454, 0.0342, 0.0207, 0.0451, 0.0225, 0.7485, 0.0836], [0.0618, 0.0326, 0.0258, 0.0331, 0.0322, 0.7484, 0.0661], [0.0597, 0.0653, 0.0247, 0.0656, 0.0433, 0.6733, 0.0681], [0.0162, 0.0365, 0.0577, 0.0451, 0.0183, 0.7752, 0.0509], [0.0288, 0.0593, 0.0703, 0.0344, 0.0457, 0.701, 0.0604], [0.0718, 0.0766, 0.0498, 0.0662, 0.0283, 0.6666, 0.0406], [0.0251, 0.0333, 0.0453, 0.074, 0.0368, 0.7149, 0.0706], [0.0631, 0.0893, 0.0503, 0.0841, 0.0683, 0.625, 0.0199], [0.0794, 0.0589, 0.0682, 0.042, 0.0141, 0.6844, 0.0532], [0.0226, 0.0166, 0.0611, 0.0349, 0.015, 0.7956, 0.0541], [0.051, 0.0848, 0.0312, 0.0164, 0.0704, 0.7103, 0.036]], "emotions": ["purple", "purple", "purple", "purple", "purple", "purple", "purple", "purple", "purple", "purple", "purple", "purple", "purple", "purple", "purple", "purple", "purple", "purple", "purple", "purple", "purple", "purple", "purple", "purple", "purple", "purple", "purple", "purple", "purple", "purple", "purple", "purple", "purple", "purple", "purple", "purple", "purple", "purple", "purple", "purple", "purple", "purple", "purple", "purple", "purple", "purple", "purple", "purple", "purple", "purple", "purple", "purple", "purple", "purple", "purple", "purple", "purple", "purple", "purple", "purple", "purple", "purple", "purple", "purple", "purple", "purple", "purple", "purple", "purple", "purple", "purple", "purple", "purple", "purple", "purple", "purple", "purple", "purple", "purple", "purple"], "timestamps": [0, 40, 80, 120, 160, 200, 240, 280, 320, 360, 400, 440, 480, 520, 560, 600, 640, 680, 720, 760, 800, 840, 880, 920, 960, 1000, 1040, 1080, 1120, 1160, 1200, 1240, 1280, 1320, 1360, 1400, 1440, 1480, 1520, 1560, 1600, 1640, 1680, 1720, 1760, 1800, 1840, 1880, 1920, 1960, 2000, 2040, 2080, 2120, 2160, 2200, 2240, 2280, 2320, 2360, 2400, 2440, 2480, 2520, 2560, 2600, 2640, 2680, 2720, 2760, 2800, 2840, 2880, 2920, 2960, 3000, 3040, 3080, 3120, 3160]}], "conversation": [], "conversation_timestamps": []}