{"agent_id": "agent-green-442", "type": "green", "trips": [{"trip_id": 0, "transport_method": "foot", "start_time": 0, "path": [[1.4918225, 42.4671635], [1.4925107, 42.4681085], [1.492866, 42.4692644], [1.4928345, 42.4698271], [1.4928493, 42.4691099], [1.4931574, 42.470328], [1.4934412, 42.471539], [1.4933767, 42.4726956], [1.4925326, 42.4735051], [1.4914352, 42.4740829], [1.490838, 42.4751383], [1.49074, 42.4763789], [1.4904591, 42.4775672], [1.4902624, 42.4788081], [1.4900657, 42.480049], [1.489869, 42.48129], [1.4895366, 42.4813963], [1.4893863, 42.4801497], [1.4896478, 42.478947], [1.4902969, 42.477872], [1.490568, 42.4767175], [1.4905496, 42.4775051], [1.4904503, 42.4787576], [1.4903511, 42.4800101], [1.4902519, 42.4812626], [1.4901527, 42.4825151], [1.4907231, 42.4836142], [1.4914361, 42.4845533], [1.4926203, 42.4848525], [1.4936492, 42.4855502], [1.4945433, 42.4864206], [1.494655, 42.4876317], [1.495161, 42.4887333], [1.49598, 42.4896861], [1.4963013, 42.4908548], [1.4971782, 42.4916827], [1.4982602, 42.4923198], [1.4993664, 42.4929145], [1.5003587, 42.4936829], [1.5012725, 42.49444], [1.5024101, 42.4949729], [1.5035673, 42.4954554], [1.5047075, 42.4959704], [1.5058805, 42.4964119], [1.507066, 42.4968281], [1.508232, 42.4972935], [1.5093632, 42.4978401], [1.510423, 42.4984961], [1.5112033, 42.4994809], [1.5119738, 42.5004733], [1.5127284, 42.5014778], [1.5137413, 42.5021968], [1.5134187, 42.5018349], [1.5134198, 42.5019365], [1.5145508, 42.5024836], [1.5152612, 42.5029022], [1.5154112, 42.5029836], [1.5158516, 42.5032986], [1.5170056, 42.503741], [1.5182551, 42.5036408], [1.5194098, 42.5038178], [1.5205988, 42.5041067], [1.5217707, 42.5045575], [1.5228978, 42.504761], [1.5241369, 42.5049492], [1.5253712, 42.5051836], [1.526613, 42.5053043], [1.5278427, 42.5054842], [1.5279533, 42.5054997], [1.5291546, 42.5058632], [1.5301839, 42.5065835], [1.5313093, 42.5071155], [1.532214, 42.5078341], [1.5331594, 42.5083982], [1.5344022, 42.5085102], [1.5356554, 42.508601], [1.5369044, 42.5087284], [1.5378507, 42.5092087], [1.5389646, 42.509497], [1.5401981, 42.5096471]], "mood_vectors": [[0.0405, 0.0659, 0.0297, 0.0628, 0.0638, 0.0241, 0.7132], [0.0503, 0.0837, 0.0592, 0.0748, 0.023, 0.0533, 0.6558], [0.0491, 0.0525, 0.0372, 0.0468, 0.0253, 0.0353, 0.7538], [0.0537, 0.1022, 0.061, 0.0235, 0.0493, 0.0626, 0.6478], [0.075, 0.0554, 0.0804, 0.0212, 0.0254, 0.0713, 0.6714], [0.0524, 0.0428, 0.0294, 0.0586, 0.0193, 0.0556, 0.7419], [0.049, 0.0379, 0.0408, 0.0219, 0.074, 0.0655, 0.7108], [0.0472, 0.0778, 0.0549, 0.0915, 0.0403, 0.0221, 0.6661], [0.0594, 0.0284, 0.0276, 0.0564, 0.0472, 0.0361, 0.7449], [0.0446, 0.0777, 0.0318, 0.0673, 0.0773, 0.0551, 0.6462], [0.0448, 0.0802, 0.052, 0.0797, 0.0355, 0.0367, 0.671], [0.0623, 0.0285, 0.0843, 0.0253, 0.0478, 0.0395, 0.7123], [0.0147, 0.0619, 0.0468, 0.0669, 0.0215, 0.0653, 0.7228], [0.0602, 0.0471, 0.0334, 0.0439, 0.0803, 0.0502, 0.6849], [0.0826, 0.0728, 0.0355, 0.0138, 0.0539, 0.0786, 0.6628], [0.036, 0.0802, 0.0673, 0.06, 0.0221, 0.0796, 0.6547], [0.0851, 0.0736, 0.0179, 0.0588, 0.0336, 0.036, 0.6949], [0.0422, 0.0768, 0.0272, 0.0459, 0.049, 0.0485, 0.7104], [0.039, 0.0634, 0.0588, 0.0563, 0.0263, 0.0643, 0.692], [0.0205, 0.0733, 0.0997, 0.0393, 0.0302, 0.0537, 0.6832], [0.0393, 0.0536, 0.0117, 0.0565, 0.0503, 0.0716, 0.7169], [0.0596, 0.0712, 0.0276, 0.083, 0.0264, 0.0558, 0.6764], [0.0316, 0.0701, 0.0306, 0.027, 0.0306, 0.0928, 0.7172], [0.0621, 0.0385, 0.0584, 0.0166, 0.0608, 0.0657, 0.6979], [0.0579, 0.0561, 0.0402, 0.0208, 0.0556, 0.0705, 0.6989], [0.0527, 0.0412, 0.0876, 0.0457, 0.0624, 0.0744, 0.636], [0.0671, 0.0168, 0.0728, 0.0388, 0.0808, 0.07, 0.6537], [0.0339, 0.0396, 0.026, 0.0555, 0.0256, 0.0515, 0.768], [0.0214, 0.0173, 0.05, 0.0466, 0.0404, 0.0678, 0.7565], [0.0716, 0.0296, 0.0727, 0.0734, 0.0863, 0.0222, 0.6441], [0.0158, 0.0699, 0.0354, 0.064, 0.0433, 0.0734, 0.6982], [0.0849, 0.0229, 0.0812, 0.0283, 0.0644, 0.0156, 0.7027], [0.043, 0.0717, 0.0697, 0.0521, 0.0367, 0.0568, 0.67], [0.0274, 0.0827, 0.021, 0.0578, 0.0332, 0.0564, 0.7215], [0.0229, 0.044, 0.0496, 0.0611, 0.0847, 0.068, 0.6697], [0.0591, 0.0567, 0.037, 0.0567, 0.0864, 0.0614, 0.6427], [0.0776, 0.0732, 0.0484, 0.0228, 0.0392, 0.0179, 0.7211], [0.0719, 0.0542, 0.032, 0.0723, 0.033, 0.0719, 0.6648], [0.0585, 0.0498, 0.0211, 0.0445, 0.0192, 0.0672, 0.7396], [0.0115, 0.0529, 0.0209, 0.0525, 0.0528, 0.0124, 0.7969], [0.0254, 0.0494, 0.0699, 0.0398, 0.0567, 0.0756, 0.6833], [0.0218, 0.0882, 0.0341, 0.0593, 0.0307, 0.0358, 0.7301], [0.0237, 0.0306, 0.0505, 0.0611, 0.0843, 0.0181, 0.7318], [0.0783, 0.0114, 0.0593, 0.0463, 0.0386, 0.0337, 0.7324], [0.0146, 0.065, 0.0425, 0.0491, 0.0867, 0.0391, 0.7031], [0.0175, 0.0402, 0.0412, 0.0754, 0.0343, 0.028, 0.7634], [0.0294, 0.0248, 0.0506, 0.0403, 0.061, 0.0465, 0.7475], [0.0693, 0.0127, 0.0213, 0.0619, 0.0652, 0.0658, 0.7038], [0.0104, 0.062, 0.0571, 0.0663, 0.0633, 0.0433, 0.6976], [0.0205, 0.0172, 0.0448, 0.0468, 0.0703, 0.0747, 0.7257], [0.0715, 0.065, 0.0261, 0.0208, 0.0309, 0.0599, 0.7258], [0.0698, 0.0155, 0.0631, 0.0382, 0.0154, 0.0221, 0.7759], [0.0227, 0.022, 0.0782, 0.0804, 0.0328, 0.0201, 0.7437], [0.0448, 0.0869, 0.0266, 0.0184, 0.0678, 0.0265, 0.729], [0.0621, 0.0462, 0.0425, 0.0769, 0.0496, 0.0683, 0.6545], [0.0804, 0.0713, 0.0147, 0.0801, 0.0246, 0.0424, 0.6865], [0.0646, 0.0489, 0.0114, 0.0608, 0.0695, 0.0187, 0.7261], [0.0499, 0.0555, 0.0826, 0.0301, 0.0366, 0.0298, 0.7156], [0.0577, 0.0171, 0.0838, 0.0535, 0.0741, 0.0483, 0.6653], [0.0758, 0.092, 0.0566, 0.0686, 0.0677, 0.0287, 0.6106], [0.0254, 0.0862, 0.0573, 0.0161, 0.07, 0.0607, 0.6844], [0.0393, 0.0318, 0.066, 0.0336, 0.0373, 0.0735, 0.7186], [0.015, 0.0692, 0.0377, 0.0189, 0.0617, 0.0602, 0.7373], [0.0242, 0.0618, 0.075, 0.0463, 0.0234, 0.0777, 0.6915], [0.0829, 0.0639, 0.0735, 0.0671, 0.0267, 0.0207, 0.6653], [0.0161, 0.0511, 0.0671, 0.0555, 0.0705, 0.0369, 0.7028], [0.0242, 0.0343, 0.0754, 0.0396, 0.0701, 0.0579, 0.6985], [0.0143, 0.0884, 0.0845, 0.0274, 0.0613, 0.0595, 0.6645], [0.0599, 0.0702, 0.0224, 0.058, 0.0667, 0.068, 0.6548], [0.0562, 0.0425, 0.0633, 0.0419, 0.0511, 0.0321, 0.7129], [0.0842, 0.0743, 0.0151, 0.0513, 0.0886, 0.087, 0.5995], [0.0323, 0.064, 0.0719, 0.0493, 0.0523, 0.0717, 0.6585], [0.0565, 0.0406, 0.0299, 0.0341, 0.0272, 0.057, 0.7547], [0.0733, 0.0774, 0.0671, 0.0167, 0.0888, 0.0402, 0.6364], [0.0478, 0.0146, 0.0782, 0.0613, 0.0742, 0.0632, 0.6607], [0.068, 0.0308, 0.0637, 0.042, 0.0157, 0.0531, 0.7268], [0.0308, 0.0756, 0.0784, 0.0727, 0.0832, 0.0199, 0.6394], [0.0433, 0.0732, 0.045, 0.0577, 0.0116, 0.0156, 0.7536], [0.0578, 0.0656, 0.0462, 0.0679, 0.0624, 0.0811, 0.619], [0.0172, 0.0457, 0.0508, 0.0775, 0.017, 0.063, 0.729]], "emotions": ["purple", "purple", "purple", "purple", "purple", "purple", "purple", "purple", "purple", "purple", "purple", "purple", "purple", "purple", "purple", "purple", "purple", "purple", "purple", "purple", "purple", "purple", "purple", "purple", "purple", "purple", "purple", "purple", "purple", "purple", "purple", "purple", "purple", "purple", "purple", "purple", "purple", "purple", "purple", "purple", "purple", "purple", "purple", "purple", "purple", "purple", "purple", "purple", "purple", "purple", "purple", "purple", "purple", "purple", "purple", "purple", "purple", "purple", "purple", "purple", "purple", "purple", "purple", "purple", "purple", "purple", "purple", "purple", "purple", "purple", "purple", "purple", "purple", "purple", "purple", "purple", "purple", "purple", "purple", "purple"], "timestamps": [0, 40, 80, 120, 160, 200, 240, 280, 320, 360, 400, 440, 480, 520, 560, 600, 640, 680, 720, 760, 800, 840, 880, 920, 960, 1000, 1040, 1080, 1120, 1160, 1200, 1240, 1280, 1320, 1360, 1400, 1440, 1480, 1520, 1560, 1600, 1640, 1680, 1720, 1760, 1800, 1840, 1880, 1920, 1960, 2000, 2040, 2080, 2120, 2160, 2200, 2240, 2280, 2320, 2360, 2400, 2440, 2480, 2520, 2560, 2600, 2640, 2680, 2720, 2760, 2800, 2840, 2880, 2920, 2960, 3000, 3040, 3080, 3120, 3160]}], "conversation": [], "conversation_timestamps": []}