{"agent_id": "agent-orange-448", "type": "orange", "trips": [{"trip_id": 0, "transport_method": "car", "start_time": 0, "path": [[1.5371276, 42.5077932], [1.5387007, 42.508228], [1.5401355, 42.5086031], [1.5417767, 42.5088417], [1.5426658, 42.5089171], [1.5442672, 42.5092985], [1.5458858, 42.5095676], [1.5458671, 42.509585], [1.5464395, 42.5107183], [1.5479036, 42.51138], [1.5495168, 42.5117739], [1.5503075, 42.5121029], [1.5510183, 42.5125721], [1.5509596, 42.5125241], [1.5523153, 42.5134296], [1.5527219, 42.5142353], [1.5533113, 42.5157184], [1.5539923, 42.5172149], [1.5553282, 42.518172], [1.5565803, 42.519103], [1.5576447, 42.5203135], [1.5588625, 42.5214417], [1.5594707, 42.5218668], [1.5606148, 42.5226305], [1.5619259, 42.5236453], [1.5631634, 42.5246995], [1.5647022, 42.5252274], [1.5662335, 42.525859], [1.5675527, 42.5268663], [1.5689768, 42.5276997], [1.570379, 42.5285783], [1.5717001, 42.5292909], [1.5730465, 42.5296816], [1.5740953, 42.5308941], [1.5756356, 42.5314814], [1.5772763, 42.5317325], [1.5785428, 42.5318034], [1.5778664, 42.5317445], [1.5795271, 42.531749], [1.5811873, 42.5317203], [1.582841, 42.5317676], [1.5842531, 42.5326081], [1.5855483, 42.5336075], [1.586941, 42.5344905], [1.5883196, 42.5353715], [1.5891366, 42.5368007], [1.5906076, 42.5375182], [1.5917855, 42.5385788], [1.5919838, 42.540216], [1.5919577, 42.5415796], [1.5915998, 42.5431407], [1.591763, 42.5447245], [1.591527, 42.5462994], [1.5918368, 42.5470409], [1.5922975, 42.5484881], [1.5920219, 42.5500559], [1.5917147, 42.5516628], [1.5911658, 42.5526741], [1.5906789, 42.5533078], [1.5905366, 42.5536256], [1.5912841, 42.5546724], [1.591676, 42.556267], [1.5920722, 42.557601], [1.5934238, 42.5584589], [1.5937375, 42.5599411], [1.593826, 42.5600687], [1.5937415, 42.5616953], [1.5944446, 42.5627955], [1.5957304, 42.5638465], [1.5960338, 42.564342], [1.5944673, 42.5638086], [1.5934352, 42.5625363], [1.5943042, 42.5626152], [1.5956402, 42.5636016], [1.5969874, 42.5645429], [1.598526, 42.564714], [1.5996072, 42.5659124], [1.6010616, 42.5666188], [1.6010254, 42.5665737], [1.6014449, 42.5673157]], "mood_vectors": [[0.0851, 0.0331, 0.0651, 0.0759, 0.6403, 0.0138, 0.0868], [0.0598, 0.0201, 0.0657, 0.0112, 0.755, 0.0187, 0.0695], [0.0221, 0.0633, 0.0407, 0.0712, 0.6841, 0.0647, 0.0539], [0.0818, 0.0638, 0.031, 0.0672, 0.6575, 0.0435, 0.0552], [0.0687, 0.0445, 0.0393, 0.0905, 0.658, 0.0152, 0.0837], [0.043, 0.0548, 0.033, 0.0242, 0.7371, 0.061, 0.0468], [0.071, 0.0802, 0.078, 0.0951, 0.6367, 0.0157, 0.0234], [0.0859, 0.0661, 0.0496, 0.0337, 0.6521, 0.025, 0.0876], [0.0587, 0.0163, 0.0654, 0.0485, 0.6981, 0.0409, 0.072], [0.02, 0.0571, 0.0886, 0.03, 0.7355, 0.0451, 0.0236], [0.0293, 0.0354, 0.0293, 0.0455, 0.767, 0.0218, 0.0717], [0.0778, 0.082, 0.0423, 0.0193, 0.6685, 0.0552, 0.0549], [0.0238, 0.0127, 0.0726, 0.0338, 0.7647, 0.0473, 0.0452], [0.0621, 0.0476, 0.0176, 0.0811, 0.669, 0.0567, 0.0659], [0.061, 0.0149, 0.0511, 0.0429, 0.7089, 0.0561, 0.0651], [0.019, 0.08, 0.0402, 0.0751, 0.6659, 0.0318, 0.088], [0.0196, 0.0348, 0.0441, 0.0865, 0.6801, 0.0583, 0.0766], [0.0462, 0.0699, 0.0363, 0.0336, 0.6578, 0.0786, 0.0776], [0.0219, 0.0659, 0.0736, 0.0502, 0.735, 0.0232, 0.0302], [0.0649, 0.0542, 0.0742, 0.07, 0.5997, 0.0675, 0.0696], [0.037, 0.0568, 0.0445, 0.0955, 0.6491, 0.0589, 0.0582], [0.0783, 0.0475, 0.0503, 0.0455, 0.7418, 0.0142, 0.0223], [0.0168, 0.0718, 0.0609, 0.0153, 0.7263, 0.0376, 0.0714], [0.0704, 0.0793, 0.0308, 0.031, 0.6888, 0.0585, 0.0412], [0.0613, 0.0134, 0.038, 0.0309, 0.7506, 0.0496, 0.0562], [0.0332, 0.0725, 0.0381, 0.068, 0.697, 0.0327, 0.0585], [0.0507, 0.0596, 0.0283, 0.0866, 0.7304, 0.0223, 0.0221], [0.0333, 0.0242, 0.0806, 0.0219, 0.7147, 0.108, 0.0172], [0.0141, 0.0213, 0.0351, 0.08, 0.7114, 0.0549, 0.0832], [0.0799, 0.0517, 0.0264, 0.0397, 0.6599, 0.0873, 0.0552], [0.0878, 0.0391, 0.0301, 0.0362, 0.6527, 0.0728, 0.0814], [0.0738, 0.0502, 0.0392, 0.0554, 0.66, 0.0347, 0.0867], [0.026, 0.0664, 0.0803, 0.0234, 0.7, 0.0784, 0.0256], [0.047, 0.056, 0.0912, 0.0199, 0.6791, 0.0419, 0.0649], [0.0571, 0.0553, 0.0334, 0.0761, 0.6534, 0.075, 0.0496], [0.0793, 0.0763, 0.0796, 0.0573, 0.5832, 0.0604, 0.0639], [0.0635, 0.0386, 0.069, 0.0173, 0.7293, 0.0319, 0.0504], [0.0486, 0.0156, 0.0404, 0.0411, 0.7433, 0.0519, 0.0591], [0.0416, 0.0206, 0.0157, 0.0695, 0.6987, 0.0942, 0.0597], [0.0361, 0.0705, 0.0566, 0.0531, 0.6582, 0.049, 0.0765], [0.0756, 0.0291, 0.0459, 0.0483, 0.7178, 0.0437, 0.0396], [0.0396, 0.0148, 0.0476, 0.0384, 0.7426, 0.0784, 0.0385], [0.0764, 0.0647, 0.0321, 0.0574, 0.6502, 0.0419, 0.0773], [0.0203, 0.0569, 0.0708, 0.0549, 0.657, 0.0694, 0.0707], [0.036, 0.0802, 0.0213, 0.019, 0.7023, 0.0827, 0.0585], [0.0606, 0.0244, 0.0642, 0.018, 0.7833, 0.0251, 0.0245], [0.0841, 0.0568, 0.0468, 0.062, 0.6666, 0.0401, 0.0435], [0.0465, 0.0661, 0.0841, 0.0526, 0.602, 0.0826, 0.0662], [0.0276, 0.0294, 0.0633, 0.0612, 0.7122, 0.052, 0.0544], [0.0643, 0.0484, 0.0474, 0.053, 0.6745, 0.0607, 0.0516], [0.0692, 0.0337, 0.0653, 0.0274, 0.7226, 0.0363, 0.0455], [0.019, 0.053, 0.0619, 0.0602, 0.7451, 0.012, 0.0488], [0.022, 0.0363, 0.0608, 0.0842, 0.7108, 0.0136, 0.0722], [0.055, 0.0486, 0.0314, 0.0638, 0.6664, 0.0688, 0.066], [0.0347, 0.0404, 0.0702, 0.0802, 0.6798, 0.0596, 0.0351], [0.0383, 0.0891, 0.0165, 0.0357, 0.7045, 0.0321, 0.0838], [0.0841, 0.0263, 0.0311, 0.0811, 0.6669, 0.0313, 0.0792], [0.0715, 0.036, 0.0346, 0.0818, 0.7245, 0.0334, 0.0182], [0.0594, 0.0276, 0.0421, 0.0605, 0.7499, 0.0264, 0.0342], [0.0224, 0.0413, 0.0705, 0.0371, 0.7543, 0.0276, 0.0468], [0.0125, 0.0675, 0.0151, 0.0395, 0.7386, 0.0509, 0.0758], [0.0617, 0.0617, 0.0541, 0.0685, 0.6899, 0.0326, 0.0316], [0.0404, 0.0174, 0.0544, 0.0557, 0.7095, 0.0787, 0.044], [0.0263, 0.0213, 0.0468, 0.0334, 0.7349, 0.0548, 0.0824], [0.0631, 0.0304, 0.0295, 0.0564, 0.7452, 0.0387, 0.0368], [0.0286, 0.0732, 0.0546, 0.0632, 0.6818, 0.0615, 0.0372], [0.0712, 0.0485, 0.0346, 0.0388, 0.6949, 0.0357, 0.0764], [0.0245, 0.0957, 0.0431, 0.0858, 0.6858, 0.0142, 0.0509], [0.0172, 0.043, 0.027, 0.0842, 0.7532, 0.034, 0.0414], [0.0565, 0.0226, 0.0262, 0.0742, 0.689, 0.0703, 0.0612], [0.0659, 0.022, 0.0548, 0.077, 0.6835, 0.0728, 0.0241], [0.0588, 0.0555, 0.0696, 0.0588, 0.6968, 0.0174, 0.0431], [0.0308, 0.0387, 0.0641, 0.0489, 0.6765, 0.0585, 0.0824], [0.0728, 0.0658, 0.0133, 0.0681, 0.7072, 0.0256, 0.0472], [0.0388, 0.0671, 0.0724, 0.0221, 0.6661, 0.0646, 0.0689], [0.038, 0.0417, 0.0619, 0.0424, 0.6992, 0.0482, 0.0686], [0.0138, 0.0141, 0.0547, 0.0313, 0.812, 0.0269, 0.0472], [0.0553, 0.0446, 0.0309, 0.0153, 0.7513, 0.0397, 0.063], [0.0371, 0.0661, 0.0644, 0.0716, 0.6595, 0.0712, 0.0301], [0.1008, 0.087, 0.0188, 0.0832, 0.6221, 0.0498, 0.0383]], "emotions": ["red", "red", "red", "red", "red", "red", "red", "red", "red", "red", "red", "red", "red", "red", "red", "red", "red", "red", "red", "red", "red", "red", "red", "red", "red", "red", "red", "red", "red", "red", "red", "red", "red", "red", "red", "red", "red", "red", "red", "red", "red", "red", "red", "red", "red", "red", "red", "red", "red", "red", "red", "red", "red", "red", "red", "red", "red", "red", "red", "red", "red", "red", "red", "red", "red", "red", "red", "red", "red", "red", "red", "red", "red", "red", "red", "red", "red", "red", "red", "red"], "timestamps": [0, 40, 80, 120, 160, 200, 240, 280, 320, 360, 400, 440, 480, 520, 560, 600, 640, 680, 720, 760, 800, 840, 880, 920, 960, 1000, 1040, 1080, 1120, 1160, 1200, 1240, 1280, 1320, 1360, 1400, 1440, 1480, 1520, 1560, 1600, 1640, 1680, 1720, 1760, 1800, 1840, 1880, 1920, 1960, 2000, 2040, 2080, 2120, 2160, 2200, 2240, 2280, 2320, 2360, 2400, 2440, 2480, 2520, 2560, 2600, 2640, 2680, 2720, 2760, 2800, 2840, 2880, 2920, 2960, 3000, 3040, 3080, 3120, 3160]}], "conversation": [], "conversation_timestamps": []}