{"agent_id": "agent-red-426", "type": "red", "trips": [{"trip_id": 0, "transport_method": "bus", "start_time": 0, "path": [[1.730119, 42.542592], [1.7272189, 42.5420978], [1.7241335, 42.5389825], [1.7200954, 42.5374395], [1.7210834, 42.5401123], [1.7180488, 42.5408228], [1.7140708, 42.5391886], [1.7117156, 42.5366801], [1.7109542, 42.5327079], [1.7110973, 42.5294939], [1.7126108, 42.526905], [1.7080339, 42.5272098], [1.7048368, 42.5269516], [1.7006222, 42.5266115], [1.6968156, 42.5256071], [1.695966, 42.5217314], [1.6932656, 42.518424], [1.6913491, 42.515959], [1.6905088, 42.5117933], [1.6898015, 42.508481], [1.6860223, 42.5068619], [1.6818328, 42.5054716], [1.6773766, 42.5047403], [1.6749324, 42.5022493], [1.6732927, 42.4990718], [1.668879, 42.4999004], [1.6655906, 42.4973295], [1.6621396, 42.4971211], [1.6598457, 42.4955703], [1.6563343, 42.494087], [1.6536952, 42.4904499], [1.6537446, 42.4861599], [1.6510542, 42.4833653], [1.6465117, 42.4831026], [1.6422876, 42.4828168], [1.6383288, 42.4840092], [1.6338825, 42.483647], [1.6294174, 42.4826636], [1.6249843, 42.4829996], [1.620695, 42.4844883], [1.6165006, 42.4863867], [1.6185716, 42.4846602], [1.622652, 42.4836023], [1.6184542, 42.485493], [1.6143184, 42.487491], [1.6101567, 42.489354], [1.6058081, 42.4897671], [1.6013219, 42.4902112], [1.5969527, 42.4914385], [1.5928142, 42.4924463], [1.5886803, 42.494261], [1.5843502, 42.4956554], [1.5798408, 42.4965832], [1.5753313, 42.497511], [1.5781227, 42.4976428], [1.5824614, 42.4965831], [1.5865757, 42.495175], [1.5823114, 42.4961243], [1.5778122, 42.4971008], [1.5733306, 42.4981308], [1.5687408, 42.4979451], [1.5728291, 42.4980321], [1.5685655, 42.4980194], [1.5640679, 42.4982846], [1.5595732, 42.497995], [1.5558673, 42.4999491], [1.5542905, 42.5008204], [1.5512213, 42.5039071], [1.5490417, 42.5051295], [1.544822, 42.5067886], [1.5415175, 42.5076973], [1.5369707, 42.5071275], [1.53255, 42.5062116], [1.5280973, 42.5052728], [1.5235489, 42.5048366], [1.5204542, 42.504047], [1.5195134, 42.5038776], [1.5152619, 42.50289], [1.5112345, 42.5014481], [1.5098474, 42.4993535]], "mood_vectors": [[0.7969, 0.0243, 0.0261, 0.0156, 0.0671, 0.0395, 0.0305], [0.6203, 0.0782, 0.0597, 0.0697, 0.0708, 0.0443, 0.0569], [0.6881, 0.0738, 0.0471, 0.0677, 0.032, 0.0277, 0.0636], [0.6299, 0.0762, 0.0606, 0.0616, 0.0406, 0.0564, 0.0747], [0.6503, 0.0966, 0.0355, 0.0225, 0.0703, 0.048, 0.0767], [0.7177, 0.0658, 0.0727, 0.0554, 0.035, 0.0338, 0.0197], [0.661, 0.0547, 0.0799, 0.0411, 0.0282, 0.067, 0.0682], [0.6832, 0.0683, 0.0698, 0.0325, 0.0294, 0.051, 0.0657], [0.6417, 0.0542, 0.0841, 0.0531, 0.0228, 0.0538, 0.0902], [0.7537, 0.0329, 0.0553, 0.0446, 0.0295, 0.0267, 0.0572], [0.6689, 0.0935, 0.0169, 0.069, 0.0891, 0.0147, 0.048], [0.7436, 0.0722, 0.019, 0.016, 0.0306, 0.0555, 0.0631], [0.7042, 0.052, 0.0235, 0.04, 0.0629, 0.0617, 0.0557], [0.7441, 0.0619, 0.0254, 0.0205, 0.0215, 0.0591, 0.0675], [0.7641, 0.0204, 0.0252, 0.0311, 0.0777, 0.0611, 0.0204], [0.7128, 0.015, 0.0524, 0.0582, 0.0558, 0.0445, 0.0613], [0.7514, 0.0332, 0.0404, 0.0767, 0.0491, 0.0342, 0.0151], [0.7498, 0.0623, 0.0321, 0.02, 0.0172, 0.0351, 0.0835], [0.6182, 0.0724, 0.084, 0.0261, 0.0323, 0.0836, 0.0834], [0.7171, 0.0314, 0.0738, 0.0133, 0.0584, 0.0846, 0.0214], [0.8577, 0.0135, 0.023, 0.0194, 0.0148, 0.0573, 0.0143], [0.7345, 0.0197, 0.0431, 0.07, 0.0235, 0.0502, 0.0591], [0.6704, 0.065, 0.0656, 0.0446, 0.027, 0.0767, 0.0506], [0.7728, 0.0262, 0.0309, 0.0179, 0.0529, 0.0746, 0.0247], [0.6702, 0.0601, 0.0608, 0.067, 0.0564, 0.0221, 0.0634], [0.6093, 0.0813, 0.0801, 0.0721, 0.0261, 0.0619, 0.0692], [0.7197, 0.055, 0.0181, 0.0206, 0.0625, 0.0617, 0.0624], [0.6472, 0.0694, 0.0564, 0.0584, 0.0579, 0.0731, 0.0375], [0.7676, 0.0407, 0.0406, 0.0587, 0.0179, 0.0198, 0.0546], [0.6724, 0.0529, 0.0326, 0.042, 0.0681, 0.0595, 0.0725], [0.6617, 0.056, 0.0435, 0.0927, 0.0321, 0.0581, 0.0559], [0.6383, 0.0771, 0.0254, 0.0581, 0.0457, 0.0842, 0.0711], [0.6133, 0.0494, 0.0529, 0.0833, 0.0873, 0.0257, 0.0881], [0.7185, 0.0389, 0.0447, 0.0473, 0.0783, 0.0223, 0.05], [0.6894, 0.0719, 0.0135, 0.0621, 0.0178, 0.0795, 0.0658], [0.7414, 0.0597, 0.0385, 0.0358, 0.0322, 0.0691, 0.0234], [0.7415, 0.0184, 0.0262, 0.058, 0.0265, 0.1108, 0.0186], [0.709, 0.0643, 0.0706, 0.0427, 0.0251, 0.0129, 0.0753], [0.7857, 0.0256, 0.0174, 0.0411, 0.0152, 0.0423, 0.0726], [0.7112, 0.0341, 0.0229, 0.0904, 0.0752, 0.0468, 0.0194], [0.7098, 0.0578, 0.0637, 0.036, 0.0665, 0.0402, 0.0259], [0.6822, 0.0727, 0.0481, 0.0645, 0.0748, 0.0423, 0.0153], [0.6958, 0.058, 0.0346, 0.0533, 0.0312, 0.0708, 0.0564], [0.7644, 0.0743, 0.0171, 0.0384, 0.0366, 0.0545, 0.0146], [0.7039, 0.0728, 0.0248, 0.0198, 0.0844, 0.0191, 0.0752], [0.666, 0.0777, 0.0672, 0.0269, 0.0378, 0.0905, 0.034], [0.7388, 0.0744, 0.0246, 0.0675, 0.0454, 0.0228, 0.0267], [0.7198, 0.0438, 0.0556, 0.0479, 0.0199, 0.0685, 0.0445], [0.7067, 0.0169, 0.0261, 0.0894, 0.0466, 0.0391, 0.0752], [0.7078, 0.0701, 0.0683, 0.0206, 0.0413, 0.0244, 0.0675], [0.7166, 0.0187, 0.0629, 0.0129, 0.0721, 0.0625, 0.0543], [0.7245, 0.0301, 0.0565, 0.0576, 0.025, 0.0439, 0.0624], [0.6822, 0.012, 0.0696, 0.0666, 0.0488, 0.0566, 0.0641], [0.7416, 0.0351, 0.0247, 0.0299, 0.0845, 0.0304, 0.0538], [0.7452, 0.0699, 0.0576, 0.0214, 0.0375, 0.0188, 0.0495], [0.6745, 0.0412, 0.0354, 0.0468, 0.0827, 0.038, 0.0815], [0.6836, 0.069, 0.0626, 0.0489, 0.0585, 0.0329, 0.0445], [0.6726, 0.0376, 0.053, 0.0383, 0.0448, 0.0654, 0.0883], [0.7037, 0.0215, 0.0242, 0.0628, 0.0736, 0.0454, 0.0687], [0.667, 0.061, 0.0184, 0.071, 0.0637, 0.0705, 0.0484], [0.6658, 0.0348, 0.0383, 0.0781, 0.0835, 0.0225, 0.077], [0.6953, 0.0472, 0.0411, 0.0618, 0.0492, 0.0511, 0.0543], [0.6843, 0.0614, 0.058, 0.014, 0.0618, 0.0547, 0.0659], [0.6653, 0.0512, 0.0545, 0.0885, 0.0888, 0.0218, 0.0299], [0.7441, 0.078, 0.0172, 0.0592, 0.0266, 0.0498, 0.0251], [0.7484, 0.0388, 0.0156, 0.051, 0.0384, 0.0712, 0.0366], [0.6978, 0.0531, 0.0646, 0.0428, 0.0585, 0.0507, 0.0326], [0.624, 0.0609, 0.0635, 0.0375, 0.0272, 0.0987, 0.0882], [0.6267, 0.0671, 0.0322, 0.0391, 0.0815, 0.0767, 0.0767], [0.7434, 0.0747, 0.0245, 0.0488, 0.0341, 0.0525, 0.022], [0.7166, 0.031, 0.0434, 0.0389, 0.0238, 0.0671, 0.0792], [0.7567, 0.0358, 0.0196, 0.0646, 0.0296, 0.0284, 0.0653], [0.6565, 0.0645, 0.0808, 0.0578, 0.0236, 0.0686, 0.0482], [0.7322, 0.0587, 0.0387, 0.0273, 0.0675, 0.0623, 0.0134], [0.6776, 0.0432, 0.0515, 0.0628, 0.0785, 0.0435, 0.0428], [0.6819, 0.0702, 0.0843, 0.0676, 0.0599, 0.0169, 0.0192], [0.777, 0.0296, 0.0355, 0.013, 0.0481, 0.0723, 0.0244], [0.6398, 0.074, 0.0319, 0.0612, 0.0859, 0.0524, 0.0548], [0.755, 0.0641, 0.0174, 0.0386, 0.0434, 0.0319, 0.0495], [0.6723, 0.0792, 0.0261, 0.0997, 0.0364, 0.0675, 0.0187]], "emotions": ["red", "red", "red", "red", "red", "red", "red", "red", "red", "red", "red", "red", "red", "red", "red", "red", "red", "red", "red", "red", "red", "red", "red", "red", "red", "red", "red", "red", "red", "red", "red", "red", "red", "red", "red", "red", "red", "red", "red", "red", "red", "red", "red", "red", "red", "red", "red", "red", "red", "red", "red", "red", "red", "red", "red", "red", "red", "red", "red", "red", "red", "red", "red", "red", "red", "red", "red", "red", "red", "red", "red", "red", "red", "red", "red", "red", "red", "red", "red", "red"], "timestamps": [0, 40, 80, 120, 160, 200, 240, 280, 320, 360, 400, 440, 480, 520, 560, 600, 640, 680, 720, 760, 800, 840, 880, 920, 960, 1000, 1040, 1080, 1120, 1160, 1200, 1240, 1280, 1320, 1360, 1400, 1440, 1480, 1520, 1560, 1600, 1640, 1680, 1720, 1760, 1800, 1840, 1880, 1920, 1960, 2000, 2040, 2080, 2120, 2160, 2200, 2240, 2280, 2320, 2360, 2400, 2440, 2480, 2520, 2560, 2600, 2640, 2680, 2720, 2760, 2800, 2840, 2880, 2920, 2960, 3000, 3040, 3080, 3120, 3160]}], "conversation": [], "conversation_timestamps": []}