{"agent_id": "agent-purple-1934", "type": "purple", "trips": [{"trip_id": 0, "transport_method": "foot", "start_time": 0, "path": [[1.5391004, 42.5102844], [1.5389187, 42.5101696], [1.5387339, 42.5100648], [1.5385191, 42.510059], [1.5383043, 42.5100532], [1.5380894, 42.5100474], [1.5378746, 42.5100417], [1.5376597, 42.5100365], [1.537445, 42.5100286], [1.5372303, 42.5100256], [1.5370155, 42.5100325], [1.5368007, 42.5100395], [1.5365878, 42.5100308], [1.5363811, 42.509972], [1.5361679, 42.5099514], [1.5359534, 42.5099392], [1.5357388, 42.5099269], [1.5355243, 42.5099146], [1.53531, 42.509898], [1.5350956, 42.5098989], [1.5348809, 42.5099081], [1.5346661, 42.5099172], [1.5344514, 42.5099172], [1.5342367, 42.5099236], [1.5340231, 42.5099194], [1.5338097, 42.5098943], [1.5335959, 42.5098728], [1.5334417, 42.5099783], [1.5332359, 42.510015], [1.533022, 42.5099942], [1.5328079, 42.5099754], [1.5325937, 42.5099594], [1.5323838, 42.5099181], [1.5321869, 42.5098675], [1.5319816, 42.5098125], [1.5317789, 42.5097411], [1.531576, 42.5096705], [1.5313753, 42.5095938], [1.5311748, 42.5095162], [1.5309736, 42.5094409], [1.5307716, 42.5093674], [1.5305689, 42.5093774], [1.5303651, 42.5093093], [1.5301621, 42.5092388], [1.529959, 42.5091683], [1.5297536, 42.5091056], [1.5295481, 42.5090428], [1.5293409, 42.5089862], [1.5291429, 42.508915], [1.5289355, 42.5088857], [1.528724, 42.5088526], [1.5285148, 42.5088032], [1.5283175, 42.5087206], [1.5281231, 42.5086292], [1.5279255, 42.5085447], [1.5277279, 42.5084602], [1.5275272, 42.5083843], [1.5273143, 42.508362], [1.5270994, 42.5083599], [1.5268845, 42.5083564], [1.5266699, 42.5083464], [1.5264565, 42.5083218], [1.5262449, 42.5082841], [1.5260353, 42.5082371], [1.5258227, 42.5082067], [1.5256197, 42.5081413], [1.5254172, 42.5080704], [1.5252127, 42.5080042], [1.5250066, 42.5079434], [1.5247986, 42.5078894], [1.5245901, 42.5078378], [1.524379, 42.5077972], [1.5241658, 42.5077736], [1.5239509, 42.5077749], [1.5237364, 42.5077867], [1.523522, 42.5078016], [1.5234479, 42.5077726], [1.5232767, 42.5077391], [1.5230669, 42.5076925], [1.5228571, 42.507646]], "mood_vectors": [[0.0247, 0.0705, 0.096, 0.0176, 0.0262, 0.7022, 0.0628], [0.0443, 0.0161, 0.088, 0.0488, 0.055, 0.6759, 0.0719], [0.038, 0.0476, 0.0607, 0.0567, 0.0704, 0.6784, 0.0482], [0.0411, 0.0215, 0.05, 0.0333, 0.0722, 0.7224, 0.0595], [0.0179, 0.0781, 0.0539, 0.0817, 0.0732, 0.6572, 0.0381], [0.0286, 0.0704, 0.0683, 0.0659, 0.0603, 0.6725, 0.0339], [0.0187, 0.0981, 0.0212, 0.0625, 0.0602, 0.6873, 0.052], [0.0449, 0.0761, 0.0389, 0.0278, 0.0621, 0.685, 0.0651], [0.037, 0.1065, 0.0452, 0.02, 0.0812, 0.6742, 0.036], [0.0635, 0.0239, 0.0689, 0.0361, 0.0475, 0.6761, 0.0839], [0.0619, 0.0443, 0.0421, 0.0243, 0.071, 0.684, 0.0724], [0.0498, 0.041, 0.0786, 0.037, 0.0482, 0.678, 0.0674], [0.0299, 0.0726, 0.0486, 0.0173, 0.0409, 0.7245, 0.0662], [0.0422, 0.0326, 0.0597, 0.0733, 0.0573, 0.6803, 0.0547], [0.0894, 0.0227, 0.0923, 0.0384, 0.0743, 0.6396, 0.0433], [0.0852, 0.0315, 0.0342, 0.0561, 0.0329, 0.696, 0.0642], [0.0428, 0.0353, 0.0428, 0.0654, 0.0761, 0.705, 0.0327], [0.0272, 0.0779, 0.0672, 0.0341, 0.0853, 0.6471, 0.0612], [0.0987, 0.0852, 0.023, 0.0447, 0.0172, 0.6454, 0.0858], [0.0422, 0.0622, 0.0643, 0.0416, 0.0598, 0.6506, 0.0792], [0.0351, 0.075, 0.0639, 0.0488, 0.0749, 0.6518, 0.0506], [0.0926, 0.0376, 0.0258, 0.0561, 0.0248, 0.7428, 0.0202], [0.0428, 0.0646, 0.0273, 0.0788, 0.0376, 0.6642, 0.0847], [0.0128, 0.0151, 0.0123, 0.0805, 0.0478, 0.8172, 0.0144], [0.0791, 0.032, 0.0385, 0.067, 0.0685, 0.6929, 0.022], [0.0128, 0.0766, 0.0676, 0.0133, 0.0411, 0.7463, 0.0423], [0.0249, 0.0384, 0.0704, 0.0251, 0.0494, 0.7349, 0.0569], [0.0438, 0.0856, 0.0665, 0.0353, 0.0413, 0.6461, 0.0813], [0.0772, 0.0692, 0.0636, 0.0466, 0.0661, 0.6375, 0.0398], [0.0338, 0.0838, 0.0855, 0.0292, 0.0394, 0.6979, 0.0304], [0.06, 0.0465, 0.0832, 0.0409, 0.0744, 0.6285, 0.0664], [0.0319, 0.0785, 0.0691, 0.0354, 0.0276, 0.7124, 0.045], [0.045, 0.0317, 0.0866, 0.0848, 0.0545, 0.6317, 0.0656], [0.0384, 0.0757, 0.0627, 0.0572, 0.0164, 0.7231, 0.0266], [0.0461, 0.0802, 0.0387, 0.0795, 0.0576, 0.6857, 0.0122], [0.079, 0.0558, 0.0457, 0.0698, 0.0366, 0.6928, 0.0203], [0.0436, 0.0631, 0.0203, 0.0472, 0.0399, 0.7061, 0.0798], [0.0525, 0.0238, 0.0387, 0.0677, 0.0674, 0.7139, 0.0361], [0.0606, 0.0541, 0.0323, 0.0356, 0.0487, 0.6912, 0.0775], [0.0754, 0.0758, 0.0677, 0.0693, 0.0494, 0.5921, 0.0704], [0.0814, 0.0794, 0.0197, 0.0384, 0.046, 0.7111, 0.0241], [0.0494, 0.0776, 0.0654, 0.0331, 0.0724, 0.6398, 0.0623], [0.0737, 0.0619, 0.0524, 0.0596, 0.0539, 0.673, 0.0256], [0.0567, 0.0386, 0.0201, 0.0542, 0.0128, 0.7499, 0.0676], [0.0789, 0.0285, 0.0397, 0.0488, 0.0402, 0.7063, 0.0577], [0.02, 0.0246, 0.068, 0.0369, 0.0236, 0.7986, 0.0283], [0.0565, 0.0695, 0.0674, 0.0422, 0.081, 0.6388, 0.0445], [0.0536, 0.0184, 0.0241, 0.0363, 0.0687, 0.7444, 0.0545], [0.0334, 0.0148, 0.0791, 0.0458, 0.0497, 0.6988, 0.0784], [0.0418, 0.0408, 0.0229, 0.0425, 0.0162, 0.7717, 0.0641], [0.019, 0.0905, 0.0624, 0.016, 0.0226, 0.7277, 0.0618], [0.0816, 0.0765, 0.0178, 0.0146, 0.0182, 0.7203, 0.0709], [0.0889, 0.0941, 0.084, 0.0485, 0.0484, 0.608, 0.0282], [0.0127, 0.0758, 0.0561, 0.0571, 0.0519, 0.7328, 0.0136], [0.0399, 0.0582, 0.0444, 0.0582, 0.0532, 0.6869, 0.0591], [0.0711, 0.065, 0.0564, 0.0637, 0.0616, 0.6545, 0.0276], [0.0967, 0.0217, 0.0627, 0.0397, 0.083, 0.6065, 0.0898], [0.078, 0.0324, 0.0338, 0.0323, 0.0675, 0.7333, 0.0228], [0.062, 0.0304, 0.035, 0.0177, 0.0464, 0.7394, 0.069], [0.0157, 0.0569, 0.0344, 0.0854, 0.0419, 0.7429, 0.0229], [0.0771, 0.0683, 0.0833, 0.0796, 0.0244, 0.5863, 0.081], [0.0301, 0.0129, 0.0168, 0.088, 0.0633, 0.74, 0.0488], [0.0814, 0.0689, 0.0776, 0.0748, 0.0244, 0.6417, 0.0312], [0.0268, 0.0484, 0.028, 0.0808, 0.0846, 0.715, 0.0166], [0.0281, 0.0312, 0.0649, 0.0144, 0.0616, 0.7544, 0.0454], [0.0495, 0.0324, 0.0139, 0.0269, 0.0563, 0.7965, 0.0245], [0.0553, 0.0792, 0.0482, 0.0624, 0.0382, 0.6578, 0.0587], [0.0696, 0.0161, 0.0463, 0.0329, 0.0127, 0.7591, 0.0634], [0.0459, 0.043, 0.0143, 0.0676, 0.0134, 0.7666, 0.0493], [0.0587, 0.0713, 0.0408, 0.0609, 0.0805, 0.6709, 0.0169], [0.0327, 0.049, 0.0751, 0.0443, 0.0688, 0.7113, 0.0186], [0.0296, 0.0451, 0.0974, 0.0496, 0.0153, 0.6686, 0.0943], [0.0764, 0.0653, 0.0676, 0.0248, 0.0725, 0.6397, 0.0537], [0.0811, 0.0591, 0.0373, 0.0558, 0.0741, 0.6126, 0.0801], [0.0837, 0.0751, 0.0469, 0.0264, 0.084, 0.65, 0.0338], [0.0533, 0.0657, 0.0174, 0.0753, 0.0492, 0.7083, 0.0308], [0.0851, 0.0353, 0.0801, 0.0444, 0.0707, 0.6448, 0.0396], [0.0689, 0.0763, 0.0565, 0.0457, 0.027, 0.6585, 0.0672], [0.0436, 0.0386, 0.0248, 0.0547, 0.0543, 0.7286, 0.0555], [0.0255, 0.0163, 0.0383, 0.0712, 0.07, 0.7554, 0.0234]], "emotions": ["purple", "purple", "purple", "purple", "purple", "purple", "purple", "purple", "purple", "purple", "purple", "purple", "purple", "purple", "purple", "purple", "purple", "purple", "purple", "purple", "purple", "purple", "purple", "purple", "purple", "purple", "purple", "purple", "purple", "purple", "purple", "purple", "purple", "purple", "purple", "purple", "purple", "purple", "purple", "purple", "purple", "purple", "purple", "purple", "purple", "purple", "purple", "purple", "purple", "purple", "purple", "purple", "purple", "purple", "purple", "purple", "purple", "purple", "purple", "purple", "purple", "purple", "purple", "purple", "purple", "purple", "purple", "purple", "purple", "purple", "purple", "purple", "purple", "purple", "purple", "purple", "purple", "purple", "purple", "purple"], "timestamps": [0, 40, 80, 120, 160, 200, 240, 280, 320, 360, 400, 440, 480, 520, 560, 600, 640, 680, 720, 760, 800, 840, 880, 920, 960, 1000, 1040, 1080, 1120, 1160, 1200, 1240, 1280, 1320, 1360, 1400, 1440, 1480, 1520, 1560, 1600, 1640, 1680, 1720, 1760, 1800, 1840, 1880, 1920, 1960, 2000, 2040, 2080, 2120, 2160, 2200, 2240, 2280, 2320, 2360, 2400, 2440, 2480, 2520, 2560, 2600, 2640, 2680, 2720, 2760, 2800, 2840, 2880, 2920, 2960, 3000, 3040, 3080, 3120, 3160]}], "conversation": [], "conversation_timestamps": []}