{"agent_id": "agent-orange-1753", "type": "orange", "trips": [{"trip_id": 0, "transport_method": "foot", "start_time": 0, "path": [[1.5361133, 42.5108868], [1.5360051, 42.5108429], [1.5358969, 42.5107991], [1.5357934, 42.5107452], [1.5356901, 42.5106906], [1.5355856, 42.5106387], [1.5354778, 42.510594], [1.5353732, 42.5105466], [1.5353523, 42.5104317], [1.5353313, 42.5103169], [1.5353104, 42.510202], [1.5352895, 42.5100871], [1.5352686, 42.5099722], [1.5352582, 42.509857], [1.5352719, 42.5097411], [1.5352856, 42.5096251], [1.5352993, 42.5095092], [1.5353131, 42.5093932], [1.5353268, 42.5092773], [1.5353493, 42.5091633], [1.5353872, 42.5090529], [1.5354252, 42.5089425], [1.5354631, 42.5088321], [1.5355011, 42.5087217], [1.535539, 42.5086112], [1.5355202, 42.5084988], [1.5355038, 42.5083849], [1.5355179, 42.508269], [1.5355319, 42.5081531], [1.535546, 42.5080372], [1.5355601, 42.5079213], [1.5355992, 42.5078172], [1.5356604, 42.5077189], [1.5355767, 42.5076649], [1.5354694, 42.5076188], [1.5353622, 42.5075726], [1.535255, 42.5075264], [1.5351477, 42.5074802], [1.5350405, 42.507434], [1.5349333, 42.5073878], [1.534826, 42.5073416], [1.5347188, 42.5072954], [1.5346116, 42.5072492], [1.5345043, 42.507203], [1.5343971, 42.5071568], [1.5343053, 42.5071244], [1.5343869, 42.5072052], [1.5344837, 42.5072703], [1.5345822, 42.5073329], [1.5346857, 42.5073868], [1.5347907, 42.5074378], [1.5348972, 42.5074856], [1.5350046, 42.5075314], [1.535112, 42.5075773], [1.5352229, 42.5076132], [1.5353355, 42.5076439], [1.5354501, 42.5076629], [1.5355646, 42.5076801], [1.53566, 42.5077001], [1.5355562, 42.5076465], [1.5354525, 42.5075929], [1.5353487, 42.5075393], [1.535245, 42.5074857], [1.5351413, 42.5074321], [1.5350375, 42.5073785], [1.5349338, 42.507325], [1.5348301, 42.5072714], [1.5347263, 42.5072178], [1.5346226, 42.5071642], [1.5345189, 42.5071106], [1.5344151, 42.507057], [1.5343114, 42.5070034], [1.5342077, 42.5069498], [1.5341034, 42.506943], [1.5339935, 42.5069151], [1.5338828, 42.5068777], [1.5337722, 42.5068403], [1.5336616, 42.5068029], [1.533551, 42.5067654], [1.5334404, 42.506728]], "mood_vectors": [[0.0232, 0.0606, 0.012, 0.0682, 0.7213, 0.0635, 0.0512], [0.0637, 0.0338, 0.0316, 0.0526, 0.7193, 0.0719, 0.0272], [0.0418, 0.0274, 0.0291, 0.0865, 0.6785, 0.0786, 0.0581], [0.0268, 0.0537, 0.039, 0.0452, 0.6987, 0.0751, 0.0615], [0.0746, 0.0502, 0.0276, 0.0644, 0.6709, 0.0913, 0.0209], [0.0307, 0.073, 0.0116, 0.0534, 0.7153, 0.0485, 0.0675], [0.0466, 0.0164, 0.0748, 0.0675, 0.7085, 0.0227, 0.0634], [0.0335, 0.0475, 0.0267, 0.0661, 0.7267, 0.0579, 0.0416], [0.0353, 0.0808, 0.0744, 0.0225, 0.6964, 0.0468, 0.0439], [0.0246, 0.0907, 0.0884, 0.043, 0.7004, 0.0346, 0.0183], [0.0535, 0.0641, 0.0586, 0.0393, 0.6695, 0.0701, 0.045], [0.0669, 0.0629, 0.0344, 0.0583, 0.6606, 0.0397, 0.0771], [0.0934, 0.0836, 0.0217, 0.0475, 0.6502, 0.0867, 0.0169], [0.0233, 0.0264, 0.0292, 0.0437, 0.7977, 0.0561, 0.0236], [0.0546, 0.0554, 0.0388, 0.0603, 0.6734, 0.0673, 0.0502], [0.0586, 0.0651, 0.0405, 0.0769, 0.6503, 0.0247, 0.0839], [0.0701, 0.0278, 0.0657, 0.0247, 0.7385, 0.0466, 0.0266], [0.0352, 0.0417, 0.047, 0.052, 0.6993, 0.0579, 0.0669], [0.047, 0.0778, 0.0305, 0.0716, 0.6415, 0.0505, 0.0811], [0.0507, 0.0194, 0.0852, 0.0346, 0.7453, 0.018, 0.0468], [0.0352, 0.0263, 0.0749, 0.0204, 0.7342, 0.0492, 0.0597], [0.0439, 0.0576, 0.0715, 0.0568, 0.6366, 0.0548, 0.0789], [0.0405, 0.0501, 0.0748, 0.0826, 0.6226, 0.0526, 0.0768], [0.0786, 0.0706, 0.0173, 0.0697, 0.6741, 0.0522, 0.0374], [0.0665, 0.0789, 0.0165, 0.058, 0.7091, 0.0226, 0.0484], [0.0223, 0.0157, 0.0193, 0.0705, 0.709, 0.0815, 0.0817], [0.0301, 0.0484, 0.0315, 0.0758, 0.663, 0.0858, 0.0653], [0.0408, 0.0659, 0.0156, 0.0571, 0.7291, 0.0271, 0.0644], [0.0539, 0.0223, 0.0706, 0.0138, 0.7472, 0.0528, 0.0394], [0.0157, 0.0832, 0.0502, 0.0644, 0.6992, 0.0251, 0.0621], [0.0612, 0.074, 0.043, 0.026, 0.66, 0.0619, 0.0739], [0.0564, 0.0573, 0.0686, 0.0333, 0.7053, 0.0274, 0.0519], [0.0265, 0.0835, 0.0457, 0.052, 0.6897, 0.0735, 0.0291], [0.074, 0.0845, 0.0569, 0.0332, 0.6007, 0.0888, 0.0618], [0.0612, 0.0568, 0.0482, 0.0729, 0.6483, 0.0503, 0.0623], [0.0619, 0.0779, 0.0709, 0.0783, 0.5989, 0.0553, 0.0568], [0.0335, 0.084, 0.0432, 0.0374, 0.6868, 0.0582, 0.0568], [0.0139, 0.0602, 0.0687, 0.0395, 0.7295, 0.017, 0.0713], [0.0661, 0.0442, 0.0582, 0.0503, 0.711, 0.0321, 0.0381], [0.0202, 0.0571, 0.0432, 0.0527, 0.7283, 0.0629, 0.0357], [0.0348, 0.0713, 0.0538, 0.0531, 0.7072, 0.0515, 0.0283], [0.0589, 0.0585, 0.0206, 0.0351, 0.7759, 0.0143, 0.0368], [0.05, 0.0268, 0.0437, 0.0727, 0.7307, 0.0494, 0.0267], [0.0287, 0.044, 0.0587, 0.0577, 0.6923, 0.061, 0.0575], [0.0596, 0.0521, 0.0462, 0.0414, 0.7097, 0.0644, 0.0267], [0.0735, 0.0827, 0.0513, 0.0717, 0.6315, 0.0751, 0.0143], [0.0151, 0.0744, 0.0258, 0.0714, 0.7816, 0.0139, 0.0179], [0.0781, 0.0377, 0.0215, 0.018, 0.7477, 0.0802, 0.0169], [0.031, 0.0249, 0.0306, 0.069, 0.7689, 0.0566, 0.0191], [0.0471, 0.0221, 0.0682, 0.0337, 0.7245, 0.0221, 0.0823], [0.0582, 0.0704, 0.0256, 0.0444, 0.6524, 0.0987, 0.0503], [0.0299, 0.0723, 0.0285, 0.0372, 0.7381, 0.0299, 0.064], [0.0502, 0.0291, 0.0674, 0.0516, 0.7288, 0.0155, 0.0574], [0.0669, 0.0244, 0.0566, 0.0447, 0.6626, 0.0723, 0.0725], [0.038, 0.0584, 0.0507, 0.0524, 0.6941, 0.0376, 0.0687], [0.0138, 0.0739, 0.082, 0.0777, 0.6824, 0.0192, 0.051], [0.0405, 0.0179, 0.0515, 0.0657, 0.6876, 0.069, 0.0678], [0.0166, 0.0934, 0.0896, 0.0271, 0.6738, 0.0772, 0.0223], [0.0999, 0.0531, 0.0842, 0.028, 0.6257, 0.0628, 0.0464], [0.0491, 0.0766, 0.0419, 0.0395, 0.6925, 0.0337, 0.0667], [0.0928, 0.0386, 0.0197, 0.0261, 0.7229, 0.0405, 0.0595], [0.0637, 0.0503, 0.0156, 0.0545, 0.7287, 0.045, 0.0422], [0.022, 0.0699, 0.0406, 0.0474, 0.7692, 0.0164, 0.0345], [0.03, 0.0159, 0.0585, 0.0149, 0.8165, 0.016, 0.0482], [0.0575, 0.0549, 0.0418, 0.0446, 0.6761, 0.0404, 0.0847], [0.0226, 0.0207, 0.0724, 0.0602, 0.7389, 0.0741, 0.011], [0.095, 0.0684, 0.0396, 0.0225, 0.6506, 0.026, 0.098], [0.0703, 0.0797, 0.0412, 0.0513, 0.6641, 0.0265, 0.0668], [0.0302, 0.035, 0.0439, 0.0864, 0.6901, 0.0693, 0.0451], [0.0247, 0.0899, 0.0485, 0.0188, 0.7529, 0.0412, 0.0239], [0.0684, 0.0562, 0.0657, 0.0738, 0.6389, 0.0784, 0.0187], [0.0256, 0.0569, 0.0482, 0.0266, 0.7306, 0.0689, 0.0432], [0.0279, 0.0515, 0.0742, 0.0183, 0.702, 0.0563, 0.0697], [0.0396, 0.0459, 0.0389, 0.073, 0.752, 0.0338, 0.0169], [0.0225, 0.0689, 0.0724, 0.0332, 0.7456, 0.0294, 0.0279], [0.0508, 0.0646, 0.0265, 0.0156, 0.7177, 0.0722, 0.0526], [0.0546, 0.0466, 0.0406, 0.0238, 0.7281, 0.0391, 0.0672], [0.0828, 0.0669, 0.0566, 0.0647, 0.6243, 0.0688, 0.0359], [0.0713, 0.0682, 0.0148, 0.0257, 0.7584, 0.0223, 0.0393], [0.0554, 0.0434, 0.0598, 0.066, 0.7289, 0.0271, 0.0195]], "emotions": ["red", "red", "red", "red", "red", "red", "red", "red", "red", "red", "red", "red", "red", "red", "red", "red", "red", "red", "red", "red", "red", "red", "red", "red", "red", "red", "red", "red", "red", "red", "red", "red", "red", "red", "red", "red", "red", "red", "red", "red", "red", "red", "red", "red", "red", "red", "red", "red", "red", "red", "red", "red", "red", "red", "red", "red", "red", "red", "red", "red", "red", "red", "red", "red", "red", "red", "red", "red", "red", "red", "red", "red", "red", "red", "red", "red", "red", "red", "red", "red"], "timestamps": [0, 40, 80, 120, 160, 200, 240, 280, 320, 360, 400, 440, 480, 520, 560, 600, 640, 680, 720, 760, 800, 840, 880, 920, 960, 1000, 1040, 1080, 1120, 1160, 1200, 1240, 1280, 1320, 1360, 1400, 1440, 1480, 1520, 1560, 1600, 1640, 1680, 1720, 1760, 1800, 1840, 1880, 1920, 1960, 2000, 2040, 2080, 2120, 2160, 2200, 2240, 2280, 2320, 2360, 2400, 2440, 2480, 2520, 2560, 2600, 2640, 2680, 2720, 2760, 2800, 2840, 2880, 2920, 2960, 3000, 3040, 3080, 3120, 3160]}], "conversation": [], "conversation_timestamps": []}