{"agent_id": "agent-blue-150", "type": "blue", "trips": [{"trip_id": 0, "transport_method": "car", "start_time": 0, "path": [[1.5393553, 42.5122517], [1.5387799, 42.512507], [1.5381701, 42.5126809], [1.5375376, 42.5127905], [1.5369224, 42.5129741], [1.5363145, 42.5131789], [1.5357078, 42.5133694], [1.5350712, 42.5134561], [1.5344368, 42.5135599], [1.533809, 42.5136912], [1.533194, 42.513874], [1.5326063, 42.5141216], [1.5320877, 42.5144909], [1.5316478, 42.5149579], [1.5312399, 42.5152904], [1.5309805, 42.5154817], [1.5304577, 42.5158537], [1.5298925, 42.5161369], [1.5293538, 42.5164871], [1.5287691, 42.5167171], [1.528228, 42.5167412], [1.5276482, 42.5170087], [1.5270646, 42.5172782], [1.5264709, 42.5175245], [1.5259257, 42.5178543], [1.5254476, 42.5182838], [1.5249391, 42.5186771], [1.5244248, 42.5190628], [1.5239908, 42.5195127], [1.5238639, 42.5201421], [1.5235643, 42.5207101], [1.523241, 42.5212652], [1.5227635, 42.5216901], [1.5222368, 42.5220563], [1.521875, 42.5225816], [1.5216632, 42.5231864], [1.5212651, 42.5236892], [1.5208798, 42.5242028], [1.5206358, 42.524792], [1.5207705, 42.5254142], [1.5207898, 42.5260465], [1.5205946, 42.5266481], [1.5205861, 42.5272797], [1.5209144, 42.5278072], [1.5210686, 42.5284164], [1.5214551, 42.5288975], [1.5219534, 42.529265], [1.5217116, 42.5297624], [1.5213206, 42.5302433], [1.5213468, 42.5307407], [1.5210026, 42.5312802], [1.5209792, 42.531873], [1.5212953, 42.5324321], [1.5211721, 42.5330003], [1.5207698, 42.5334507], [1.5209839, 42.533972], [1.5212842, 42.5345067], [1.521867, 42.5347732], [1.5223217, 42.5352141], [1.5226945, 42.5357377], [1.5231324, 42.5362079], [1.5235951, 42.5365164], [1.5242158, 42.5366568], [1.5248436, 42.5367939], [1.5251145, 42.5371208], [1.5251048, 42.5375804], [1.5244753, 42.5375622], [1.5238948, 42.537816], [1.5233167, 42.5380857], [1.5231279, 42.5386605], [1.5231426, 42.5393001], [1.5232218, 42.5399356], [1.5234301, 42.5405136], [1.5234567, 42.5405501], [1.5232492, 42.5411286], [1.5228988, 42.5416604], [1.522912, 42.5422818], [1.5229886, 42.5429105], [1.5232859, 42.5434681], [1.5238871, 42.5435163]], "mood_vectors": [[0.0206, 0.0584, 0.0656, 0.7007, 0.0175, 0.0852, 0.052], [0.0255, 0.066, 0.0274, 0.7663, 0.066, 0.0203, 0.0285], [0.0651, 0.0198, 0.0843, 0.7142, 0.0401, 0.0534, 0.0231], [0.034, 0.0742, 0.0566, 0.7511, 0.0449, 0.0275, 0.0116], [0.0556, 0.0243, 0.0734, 0.7296, 0.0212, 0.0165, 0.0794], [0.0349, 0.0235, 0.0326, 0.7791, 0.0693, 0.0407, 0.02], [0.0144, 0.0738, 0.059, 0.749, 0.0394, 0.0311, 0.0334], [0.0605, 0.0501, 0.0304, 0.7441, 0.0172, 0.0564, 0.0414], [0.02, 0.0636, 0.0557, 0.7296, 0.081, 0.0234, 0.0267], [0.0599, 0.0208, 0.0568, 0.6756, 0.0351, 0.0779, 0.0739], [0.0883, 0.0683, 0.0257, 0.6649, 0.078, 0.0449, 0.0297], [0.0549, 0.0631, 0.0873, 0.6417, 0.065, 0.036, 0.0521], [0.0756, 0.0765, 0.0452, 0.6777, 0.0385, 0.0631, 0.0235], [0.0372, 0.0481, 0.0378, 0.78, 0.0129, 0.0208, 0.0631], [0.0523, 0.0281, 0.0651, 0.709, 0.0556, 0.0251, 0.0647], [0.0593, 0.0635, 0.0236, 0.6914, 0.0274, 0.0583, 0.0767], [0.0503, 0.0595, 0.0667, 0.7173, 0.0298, 0.0312, 0.0452], [0.0503, 0.0672, 0.0392, 0.7081, 0.0376, 0.0489, 0.0487], [0.0914, 0.048, 0.0183, 0.6608, 0.0443, 0.0839, 0.0534], [0.0167, 0.0728, 0.0228, 0.6563, 0.0552, 0.0827, 0.0935], [0.0635, 0.0793, 0.0631, 0.6388, 0.04, 0.0537, 0.0617], [0.0224, 0.0536, 0.0739, 0.7288, 0.0243, 0.0787, 0.0183], [0.0254, 0.0254, 0.052, 0.7467, 0.0766, 0.0431, 0.0308], [0.0287, 0.0175, 0.049, 0.6951, 0.0563, 0.0832, 0.0701], [0.0384, 0.0909, 0.0228, 0.6777, 0.0331, 0.0601, 0.077], [0.0567, 0.0655, 0.0509, 0.6194, 0.0759, 0.0664, 0.0653], [0.0364, 0.0244, 0.0661, 0.6862, 0.0753, 0.068, 0.0436], [0.0412, 0.0331, 0.0432, 0.7282, 0.0784, 0.0436, 0.0323], [0.0718, 0.0555, 0.0721, 0.6357, 0.0329, 0.0598, 0.0722], [0.0776, 0.0299, 0.0679, 0.6699, 0.0469, 0.0797, 0.028], [0.0227, 0.0552, 0.0476, 0.6917, 0.063, 0.0761, 0.0438], [0.0585, 0.0888, 0.0248, 0.6451, 0.0497, 0.0647, 0.0684], [0.0153, 0.0287, 0.0182, 0.836, 0.0216, 0.032, 0.0481], [0.026, 0.036, 0.0492, 0.7491, 0.0658, 0.0553, 0.0186], [0.0914, 0.0229, 0.0521, 0.6839, 0.0606, 0.0565, 0.0326], [0.0179, 0.0197, 0.0771, 0.7556, 0.0261, 0.0504, 0.0532], [0.0288, 0.0217, 0.0264, 0.7805, 0.0144, 0.0674, 0.0608], [0.0138, 0.0324, 0.0867, 0.7145, 0.036, 0.0224, 0.0942], [0.0965, 0.0153, 0.0497, 0.6436, 0.0462, 0.0819, 0.0669], [0.0673, 0.0362, 0.0117, 0.7422, 0.0701, 0.0552, 0.0172], [0.0169, 0.0256, 0.0935, 0.6784, 0.0813, 0.0332, 0.0712], [0.0421, 0.021, 0.0725, 0.721, 0.0569, 0.0322, 0.0543], [0.0618, 0.0395, 0.0742, 0.6967, 0.0751, 0.0279, 0.0248], [0.0595, 0.0808, 0.0272, 0.6823, 0.0843, 0.0379, 0.028], [0.021, 0.0813, 0.0767, 0.5881, 0.0814, 0.0796, 0.0719], [0.03, 0.0812, 0.0599, 0.7029, 0.0156, 0.0929, 0.0174], [0.0699, 0.0129, 0.0407, 0.6951, 0.0429, 0.0554, 0.0832], [0.0248, 0.0578, 0.0318, 0.7061, 0.0627, 0.0639, 0.053], [0.0734, 0.0436, 0.0172, 0.6963, 0.0213, 0.0665, 0.0817], [0.0323, 0.0524, 0.0284, 0.783, 0.0513, 0.0275, 0.0252], [0.0414, 0.0419, 0.0654, 0.6703, 0.068, 0.0865, 0.0264], [0.0572, 0.0759, 0.0191, 0.7527, 0.0274, 0.0157, 0.0521], [0.067, 0.0625, 0.0241, 0.7359, 0.0174, 0.0351, 0.058], [0.0421, 0.0552, 0.0221, 0.6976, 0.0564, 0.0596, 0.0671], [0.0295, 0.0689, 0.0292, 0.7145, 0.0775, 0.0266, 0.0538], [0.0646, 0.0869, 0.0165, 0.6582, 0.0693, 0.0317, 0.0728], [0.0753, 0.0557, 0.017, 0.7508, 0.0252, 0.0328, 0.0431], [0.0725, 0.0654, 0.0263, 0.6713, 0.0729, 0.0149, 0.0767], [0.0797, 0.0326, 0.0539, 0.7423, 0.0173, 0.0176, 0.0567], [0.0672, 0.0303, 0.0283, 0.6968, 0.0585, 0.0508, 0.0682], [0.0863, 0.0546, 0.0246, 0.7071, 0.0541, 0.0142, 0.0591], [0.0584, 0.0988, 0.0689, 0.6409, 0.0356, 0.0627, 0.0346], [0.029, 0.0519, 0.0163, 0.7822, 0.0674, 0.0264, 0.0267], [0.028, 0.0708, 0.0157, 0.736, 0.0829, 0.0149, 0.0517], [0.0183, 0.0542, 0.0613, 0.6617, 0.0558, 0.0726, 0.0761], [0.0525, 0.0735, 0.0674, 0.6078, 0.0405, 0.0787, 0.0796], [0.0621, 0.052, 0.0428, 0.6848, 0.0439, 0.0258, 0.0885], [0.0226, 0.0677, 0.0208, 0.6909, 0.0562, 0.0651, 0.0767], [0.0212, 0.0502, 0.0353, 0.7607, 0.0238, 0.0436, 0.0653], [0.0821, 0.0229, 0.0843, 0.7055, 0.0467, 0.04, 0.0186], [0.0746, 0.0727, 0.0513, 0.6, 0.0811, 0.0782, 0.042], [0.0848, 0.0427, 0.0561, 0.7288, 0.0375, 0.0309, 0.0192], [0.0733, 0.0252, 0.0199, 0.7387, 0.0621, 0.0621, 0.0186], [0.0146, 0.0313, 0.0332, 0.7085, 0.0681, 0.0715, 0.0729], [0.0311, 0.055, 0.0497, 0.7275, 0.0447, 0.0252, 0.0667], [0.075, 0.0245, 0.0334, 0.7325, 0.0561, 0.055, 0.0236], [0.0673, 0.0164, 0.0614, 0.7298, 0.0269, 0.0728, 0.0253], [0.0754, 0.0682, 0.022, 0.7359, 0.0308, 0.0161, 0.0516], [0.0356, 0.0732, 0.0213, 0.6878, 0.0742, 0.0591, 0.0488], [0.071, 0.0238, 0.0503, 0.6693, 0.0654, 0.0828, 0.0375]], "emotions": ["green", "green", "green", "green", "green", "green", "green", "green", "green", "green", "green", "green", "green", "green", "green", "green", "green", "green", "green", "green", "green", "green", "green", "green", "green", "green", "green", "green", "green", "green", "green", "green", "green", "green", "green", "green", "green", "green", "green", "green", "green", "green", "green", "green", "green", "green", "green", "green", "green", "green", "green", "green", "green", "green", "green", "green", "green", "green", "green", "green", "green", "green", "green", "green", "green", "green", "green", "green", "green", "green", "green", "green", "green", "green", "green", "green", "green", "green", "green", "green"], "timestamps": [0, 40, 80, 120, 160, 200, 240, 280, 320, 360, 400, 440, 480, 520, 560, 600, 640, 680, 720, 760, 800, 840, 880, 920, 960, 1000, 1040, 1080, 1120, 1160, 1200, 1240, 1280, 1320, 1360, 1400, 1440, 1480, 1520, 1560, 1600, 1640, 1680, 1720, 1760, 1800, 1840, 1880, 1920, 1960, 2000, 2040, 2080, 2120, 2160, 2200, 2240, 2280, 2320, 2360, 2400, 2440, 2480, 2520, 2560, 2600, 2640, 2680, 2720, 2760, 2800, 2840, 2880, 2920, 2960, 3000, 3040, 3080, 3120, 3160]}], "conversation": [], "conversation_timestamps": []}