{"agent_id": "agent-purple-1634", "type": "purple", "trips": [{"trip_id": 0, "transport_method": "bicycle", "start_time": 0, "path": [[1.5868914, 42.5385696], [1.5871085, 42.5380052], [1.5861659, 42.5373491], [1.5851432, 42.5368557], [1.5840554, 42.5365832], [1.5829474, 42.5363286], [1.5821126, 42.5357292], [1.5812766, 42.535057], [1.5806433, 42.5341068], [1.5803389, 42.5337624], [1.579299, 42.5332885], [1.578205, 42.5329801], [1.5770676, 42.5328226], [1.5765065, 42.5327281], [1.5776451, 42.5328807], [1.5770394, 42.5327888], [1.575911, 42.5325735], [1.5747826, 42.5323582], [1.5753844, 42.5325097], [1.5757383, 42.5324384], [1.5747049, 42.5319368], [1.5736714, 42.5314351], [1.573172, 42.5313454], [1.5740247, 42.5321028], [1.5736106, 42.5316923], [1.5727985, 42.5308798], [1.5720905, 42.5299825], [1.5711936, 42.5292748], [1.5702749, 42.5285852], [1.5695769, 42.5280508], [1.5705367, 42.528682], [1.5712875, 42.5293501], [1.5703314, 42.5287132], [1.5693753, 42.5280764], [1.5684192, 42.5274395], [1.5675255, 42.5268463], [1.5685301, 42.5273948], [1.5687508, 42.5275752], [1.5677969, 42.5269351], [1.566843, 42.526295], [1.5658795, 42.5256756], [1.5648112, 42.5252579], [1.5637632, 42.524875], [1.5626892, 42.5244803], [1.5619173, 42.5236373], [1.5610233, 42.5229193], [1.5600396, 42.5223459], [1.5591459, 42.5216731], [1.558276, 42.5209233], [1.5574573, 42.5201178], [1.5568352, 42.5194941], [1.5564092, 42.5189121], [1.5564707, 42.5189586], [1.5561502, 42.5188517], [1.5555615, 42.5182016], [1.5549211, 42.5178924], [1.5545105, 42.5175037], [1.553722, 42.5168282], [1.5544941, 42.5176658], [1.5538899, 42.5169132], [1.5533854, 42.5159077], [1.5527876, 42.5149356], [1.5526864, 42.5138057], [1.5517721, 42.5131577], [1.5508777, 42.5124513], [1.5498854, 42.5119167], [1.5487872, 42.5115866], [1.5476698, 42.5113205], [1.5466007, 42.5109339], [1.5462421, 42.509927], [1.5461638, 42.5097701], [1.5451599, 42.5093453], [1.5440229, 42.5092345], [1.5429217, 42.5089406], [1.5417888, 42.5088454], [1.5408478, 42.5086895], [1.5397679, 42.5086388], [1.5388102, 42.5089418], [1.5378945, 42.5087302], [1.5367622, 42.5087165]], "mood_vectors": [[0.0649, 0.0326, 0.0453, 0.0274, 0.0304, 0.739, 0.0606], [0.0785, 0.025, 0.0357, 0.0378, 0.0543, 0.6921, 0.0767], [0.0154, 0.0174, 0.0436, 0.0399, 0.071, 0.7964, 0.0163], [0.049, 0.0566, 0.073, 0.0791, 0.0965, 0.5955, 0.0502], [0.0771, 0.0324, 0.0312, 0.0486, 0.0318, 0.7392, 0.0398], [0.065, 0.077, 0.0303, 0.0273, 0.0306, 0.7489, 0.0208], [0.0661, 0.0767, 0.0413, 0.0278, 0.0784, 0.679, 0.0307], [0.035, 0.0342, 0.0819, 0.0338, 0.0862, 0.7105, 0.0185], [0.0401, 0.0427, 0.0648, 0.0476, 0.0443, 0.7119, 0.0485], [0.0504, 0.0686, 0.0513, 0.0544, 0.0399, 0.6928, 0.0426], [0.0306, 0.0752, 0.0398, 0.0161, 0.0768, 0.688, 0.0736], [0.0382, 0.0544, 0.0131, 0.0605, 0.0573, 0.7554, 0.0211], [0.0259, 0.0644, 0.0442, 0.0263, 0.053, 0.7054, 0.0808], [0.0581, 0.0771, 0.0222, 0.0241, 0.0297, 0.7379, 0.0508], [0.0504, 0.0339, 0.0354, 0.064, 0.0192, 0.7497, 0.0474], [0.0876, 0.0615, 0.0303, 0.0518, 0.055, 0.6325, 0.0812], [0.0699, 0.0486, 0.0488, 0.0323, 0.0637, 0.6672, 0.0695], [0.061, 0.0222, 0.0407, 0.0479, 0.0437, 0.7302, 0.0543], [0.063, 0.0604, 0.0586, 0.0322, 0.0726, 0.6707, 0.0426], [0.0561, 0.0228, 0.0211, 0.0637, 0.0424, 0.7633, 0.0305], [0.0482, 0.0315, 0.0262, 0.0272, 0.0657, 0.7231, 0.0781], [0.091, 0.0388, 0.0266, 0.0155, 0.0475, 0.7281, 0.0525], [0.0267, 0.0422, 0.0187, 0.0752, 0.0469, 0.7593, 0.0309], [0.0583, 0.0397, 0.0217, 0.0438, 0.05, 0.7283, 0.0582], [0.0541, 0.0715, 0.0424, 0.0632, 0.0241, 0.6712, 0.0734], [0.0209, 0.0243, 0.0324, 0.0621, 0.0443, 0.7594, 0.0567], [0.0397, 0.0742, 0.0407, 0.0288, 0.0597, 0.7387, 0.0183], [0.0447, 0.0378, 0.057, 0.0576, 0.0708, 0.7152, 0.0168], [0.0457, 0.0227, 0.0483, 0.0667, 0.0612, 0.6864, 0.0689], [0.0186, 0.0617, 0.0234, 0.0754, 0.0801, 0.6879, 0.0529], [0.0518, 0.0897, 0.0168, 0.0781, 0.0333, 0.6873, 0.043], [0.0154, 0.0424, 0.0426, 0.0871, 0.0383, 0.7378, 0.0364], [0.09, 0.0625, 0.0583, 0.0313, 0.0349, 0.6924, 0.0306], [0.0133, 0.0663, 0.0356, 0.0725, 0.0605, 0.729, 0.0227], [0.0198, 0.0722, 0.053, 0.0719, 0.0695, 0.6548, 0.0589], [0.0571, 0.0629, 0.064, 0.0683, 0.0656, 0.6677, 0.0143], [0.0682, 0.0297, 0.0703, 0.0674, 0.0756, 0.6497, 0.039], [0.0449, 0.0148, 0.0325, 0.0163, 0.0481, 0.7743, 0.0691], [0.0268, 0.0453, 0.0743, 0.0424, 0.0351, 0.7248, 0.0513], [0.0344, 0.0617, 0.0729, 0.0261, 0.0284, 0.7532, 0.0232], [0.0254, 0.0503, 0.0761, 0.0327, 0.0565, 0.7284, 0.0306], [0.0716, 0.0456, 0.0451, 0.0138, 0.0233, 0.7522, 0.0483], [0.062, 0.054, 0.0175, 0.0194, 0.0516, 0.6959, 0.0995], [0.0157, 0.0866, 0.0839, 0.0748, 0.0342, 0.6612, 0.0436], [0.0148, 0.0486, 0.0697, 0.04, 0.0322, 0.7786, 0.0161], [0.0864, 0.044, 0.0878, 0.0805, 0.026, 0.6005, 0.0748], [0.0745, 0.0427, 0.0296, 0.0261, 0.0488, 0.7053, 0.073], [0.0482, 0.0179, 0.0362, 0.032, 0.0775, 0.7686, 0.0196], [0.017, 0.0308, 0.0327, 0.0542, 0.0781, 0.7634, 0.0238], [0.0868, 0.0809, 0.0401, 0.0685, 0.0141, 0.6523, 0.0572], [0.0522, 0.0334, 0.0798, 0.0426, 0.0423, 0.6864, 0.0634], [0.0562, 0.0671, 0.0735, 0.0811, 0.0734, 0.5655, 0.0832], [0.0276, 0.0446, 0.0753, 0.0201, 0.0153, 0.7756, 0.0415], [0.0542, 0.0663, 0.0784, 0.0586, 0.0799, 0.608, 0.0546], [0.0135, 0.0413, 0.0645, 0.0596, 0.019, 0.7566, 0.0455], [0.0658, 0.0479, 0.0323, 0.046, 0.0441, 0.7061, 0.0578], [0.0462, 0.079, 0.0532, 0.0269, 0.0626, 0.6729, 0.0593], [0.0255, 0.0719, 0.053, 0.059, 0.0922, 0.6277, 0.0706], [0.0803, 0.0203, 0.0242, 0.0878, 0.0697, 0.6355, 0.0823], [0.0233, 0.0554, 0.0379, 0.0648, 0.0636, 0.7215, 0.0335], [0.0502, 0.0353, 0.0737, 0.0793, 0.0868, 0.6007, 0.0741], [0.0489, 0.034, 0.0633, 0.0279, 0.0524, 0.7267, 0.0469], [0.0698, 0.0487, 0.0608, 0.0295, 0.0732, 0.6228, 0.0953], [0.0555, 0.0427, 0.0402, 0.0172, 0.0184, 0.7302, 0.0958], [0.0201, 0.0673, 0.0469, 0.0337, 0.0232, 0.7958, 0.013], [0.0728, 0.0601, 0.023, 0.0506, 0.0846, 0.6304, 0.0785], [0.068, 0.0819, 0.0269, 0.0555, 0.0297, 0.7152, 0.0228], [0.089, 0.0725, 0.0135, 0.0522, 0.0876, 0.6649, 0.0203], [0.0182, 0.0223, 0.0186, 0.0898, 0.0793, 0.7472, 0.0246], [0.0596, 0.0541, 0.0424, 0.0171, 0.0741, 0.7126, 0.0401], [0.0402, 0.0631, 0.0641, 0.0634, 0.0743, 0.6317, 0.0633], [0.0296, 0.0223, 0.0411, 0.0228, 0.0527, 0.766, 0.0656], [0.0387, 0.068, 0.0419, 0.014, 0.0594, 0.7269, 0.0511], [0.0403, 0.0129, 0.0261, 0.0555, 0.0403, 0.7591, 0.0659], [0.0153, 0.0597, 0.0635, 0.0207, 0.074, 0.7308, 0.036], [0.0777, 0.0599, 0.0142, 0.0256, 0.0751, 0.7038, 0.0438], [0.0395, 0.0255, 0.0224, 0.0614, 0.0694, 0.7654, 0.0165], [0.0383, 0.0132, 0.0574, 0.0648, 0.0792, 0.706, 0.0412], [0.0691, 0.055, 0.0738, 0.0371, 0.0558, 0.6859, 0.0233], [0.0702, 0.0369, 0.0276, 0.0339, 0.042, 0.7017, 0.0877]], "emotions": ["purple", "purple", "purple", "purple", "purple", "purple", "purple", "purple", "purple", "purple", "purple", "purple", "purple", "purple", "purple", "purple", "purple", "purple", "purple", "purple", "purple", "purple", "purple", "purple", "purple", "purple", "purple", "purple", "purple", "purple", "purple", "purple", "purple", "purple", "purple", "purple", "purple", "purple", "purple", "purple", "purple", "purple", "purple", "purple", "purple", "purple", "purple", "purple", "purple", "purple", "purple", "purple", "purple", "purple", "purple", "purple", "purple", "purple", "purple", "purple", "purple", "purple", "purple", "purple", "purple", "purple", "purple", "purple", "purple", "purple", "purple", "purple", "purple", "purple", "purple", "purple", "purple", "purple", "purple", "purple"], "timestamps": [0, 40, 80, 120, 160, 200, 240, 280, 320, 360, 400, 440, 480, 520, 560, 600, 640, 680, 720, 760, 800, 840, 880, 920, 960, 1000, 1040, 1080, 1120, 1160, 1200, 1240, 1280, 1320, 1360, 1400, 1440, 1480, 1520, 1560, 1600, 1640, 1680, 1720, 1760, 1800, 1840, 1880, 1920, 1960, 2000, 2040, 2080, 2120, 2160, 2200, 2240, 2280, 2320, 2360, 2400, 2440, 2480, 2520, 2560, 2600, 2640, 2680, 2720, 2760, 2800, 2840, 2880, 2920, 2960, 3000, 3040, 3080, 3120, 3160]}], "conversation": [], "conversation_timestamps": []}