{"agent_id": "agent-blue-1745", "type": "blue", "trips": [{"trip_id": 0, "transport_method": "foot", "start_time": 0, "path": [[1.4986562, 42.4966132], [1.5032053, 42.4976265], [1.5075705, 42.4996868], [1.5105423, 42.5011312], [1.5118243, 42.5017069], [1.5131498, 42.5018059], [1.5154407, 42.5030196], [1.5199575, 42.5038428], [1.5244975, 42.5050121], [1.5284665, 42.5052947], [1.5323887, 42.5066361], [1.5362587, 42.5077404], [1.5407677, 42.5086812], [1.5447506, 42.5093188], [1.5466453, 42.510974], [1.5501526, 42.5120171], [1.5523352, 42.5134435], [1.5539182, 42.5171094], [1.5574496, 42.5201097], [1.560221, 42.5224485], [1.5641396, 42.5251132], [1.568354, 42.5273088], [1.5724381, 42.5293506], [1.5762375, 42.5315958], [1.5783259, 42.5317458], [1.5831329, 42.5318593], [1.5870781, 42.5345586], [1.5912269, 42.5357743], [1.5957787, 42.5368016], [1.6001331, 42.5367289], [1.6048994, 42.5371916], [1.6092682, 42.5360813], [1.6140016, 42.536567], [1.6187155, 42.5370964], [1.616103, 42.5351421], [1.6207985, 42.5356377], [1.6253983, 42.5356782], [1.6241765, 42.5382402], [1.6268851, 42.5385342], [1.6277169, 42.5386771], [1.6324656, 42.5391041], [1.6371772, 42.5396556], [1.6415518, 42.541262], [1.6459418, 42.5418641], [1.6501867, 42.5421873], [1.6547374, 42.5416826], [1.659331, 42.5402705], [1.6559716, 42.5412544], [1.660389, 42.5399162], [1.6650462, 42.5392636], [1.6698749, 42.5392172], [1.6688489, 42.5391896], [1.6642095, 42.5388646], [1.6620192, 42.5388205], [1.6657897, 42.5392011], [1.6706173, 42.5390907], [1.6740441, 42.5384525], [1.6778452, 42.5393835], [1.682128, 42.5415496], [1.683892, 42.5450306], [1.6823974, 42.5485552], [1.679701, 42.5510935], [1.6820307, 42.5538909], [1.6863241, 42.5553337], [1.686691, 42.5572287], [1.6895486, 42.5565959], [1.6908055, 42.5551541], [1.69447, 42.5520442], [1.6975506, 42.548339], [1.701208, 42.5453047], [1.7059349, 42.5444425], [1.7107528, 42.544117], [1.7155791, 42.543974], [1.7204052, 42.5438112], [1.7252301, 42.5438499], [1.729891, 42.5450143], [1.7340706, 42.5474172], [1.7349832, 42.5456544], [1.7338211, 42.5436738], [1.7325877, 42.5407794]], "mood_vectors": [[0.0201, 0.0262, 0.0329, 0.7868, 0.0549, 0.0616, 0.0175], [0.0412, 0.0337, 0.0373, 0.7895, 0.035, 0.0193, 0.0439], [0.0342, 0.0735, 0.0202, 0.7216, 0.0421, 0.0693, 0.0392], [0.0905, 0.0642, 0.0239, 0.7076, 0.0361, 0.0313, 0.0464], [0.0588, 0.0622, 0.0562, 0.6762, 0.0632, 0.0403, 0.0432], [0.0353, 0.0185, 0.0832, 0.6755, 0.0902, 0.0143, 0.083], [0.0453, 0.0151, 0.0168, 0.8223, 0.0206, 0.0135, 0.0664], [0.0904, 0.0499, 0.0171, 0.6394, 0.0587, 0.0677, 0.0767], [0.0365, 0.0584, 0.0271, 0.7374, 0.0424, 0.0315, 0.0666], [0.0228, 0.1041, 0.0289, 0.635, 0.0773, 0.0469, 0.0849], [0.0839, 0.0792, 0.0498, 0.6811, 0.0351, 0.0182, 0.0526], [0.0687, 0.016, 0.0305, 0.7452, 0.059, 0.0209, 0.0596], [0.0236, 0.0426, 0.0127, 0.7726, 0.0242, 0.0654, 0.0589], [0.0581, 0.0876, 0.0366, 0.63, 0.0966, 0.0268, 0.0644], [0.066, 0.0572, 0.0779, 0.6733, 0.0177, 0.0362, 0.0717], [0.0166, 0.0216, 0.031, 0.8113, 0.0421, 0.0134, 0.064], [0.0165, 0.0837, 0.0508, 0.706, 0.0704, 0.0515, 0.021], [0.0895, 0.0401, 0.076, 0.63, 0.0744, 0.0573, 0.0326], [0.1095, 0.0374, 0.0241, 0.7226, 0.0211, 0.0245, 0.0607], [0.0707, 0.0455, 0.0529, 0.6653, 0.0466, 0.044, 0.0749], [0.0843, 0.0633, 0.0754, 0.6333, 0.033, 0.0702, 0.0406], [0.083, 0.0337, 0.0386, 0.6712, 0.0725, 0.0332, 0.0677], [0.0753, 0.0464, 0.0626, 0.6298, 0.0488, 0.0637, 0.0734], [0.077, 0.0375, 0.0466, 0.7156, 0.0548, 0.0491, 0.0194], [0.0145, 0.0811, 0.0764, 0.6764, 0.0443, 0.0679, 0.0394], [0.0458, 0.0607, 0.0402, 0.6535, 0.0684, 0.0673, 0.064], [0.0892, 0.0225, 0.0154, 0.7455, 0.0273, 0.0573, 0.0428], [0.0526, 0.0494, 0.0744, 0.7602, 0.0129, 0.0286, 0.0219], [0.072, 0.0319, 0.04, 0.7104, 0.0814, 0.0208, 0.0434], [0.0667, 0.073, 0.0238, 0.7613, 0.031, 0.021, 0.0233], [0.0617, 0.0218, 0.0855, 0.6982, 0.0375, 0.0716, 0.0235], [0.0677, 0.0708, 0.0666, 0.6817, 0.0341, 0.0576, 0.0216], [0.0403, 0.0792, 0.0161, 0.6664, 0.066, 0.0482, 0.0837], [0.0372, 0.043, 0.0509, 0.7101, 0.03, 0.071, 0.0578], [0.0385, 0.0375, 0.0756, 0.754, 0.0154, 0.0618, 0.0173], [0.031, 0.0682, 0.0409, 0.6263, 0.0688, 0.0824, 0.0825], [0.0369, 0.0172, 0.049, 0.6789, 0.0709, 0.068, 0.0792], [0.0279, 0.0116, 0.072, 0.7648, 0.0399, 0.0542, 0.0296], [0.0365, 0.0748, 0.0723, 0.6499, 0.0731, 0.0173, 0.0762], [0.0571, 0.0841, 0.0851, 0.6422, 0.0545, 0.0559, 0.0211], [0.0172, 0.0248, 0.0626, 0.6736, 0.0908, 0.0784, 0.0525], [0.0744, 0.0649, 0.0818, 0.635, 0.0357, 0.0349, 0.0732], [0.0632, 0.0245, 0.0518, 0.7525, 0.0485, 0.045, 0.0144], [0.0342, 0.0625, 0.0239, 0.7833, 0.0257, 0.0224, 0.048], [0.0189, 0.0792, 0.0375, 0.7265, 0.0398, 0.0822, 0.0159], [0.023, 0.0488, 0.0472, 0.7346, 0.0227, 0.0545, 0.0692], [0.0277, 0.0606, 0.0218, 0.7433, 0.0149, 0.0737, 0.0581], [0.0528, 0.028, 0.0208, 0.7469, 0.0449, 0.0783, 0.0285], [0.0146, 0.0229, 0.0843, 0.7724, 0.0375, 0.0162, 0.0521], [0.023, 0.0463, 0.0777, 0.6541, 0.0305, 0.0771, 0.0913], [0.0305, 0.0656, 0.0215, 0.7144, 0.0796, 0.0602, 0.0282], [0.0347, 0.0996, 0.0553, 0.6947, 0.0515, 0.0416, 0.0226], [0.0701, 0.0744, 0.0673, 0.679, 0.0178, 0.064, 0.0275], [0.0462, 0.0363, 0.0667, 0.6835, 0.017, 0.0701, 0.0803], [0.0792, 0.0852, 0.0357, 0.6652, 0.0148, 0.0666, 0.0534], [0.0763, 0.0686, 0.0814, 0.6412, 0.0463, 0.0509, 0.0353], [0.0419, 0.0363, 0.0299, 0.7266, 0.0613, 0.0603, 0.0437], [0.0857, 0.0333, 0.0529, 0.6777, 0.0564, 0.045, 0.0489], [0.0275, 0.0689, 0.0504, 0.6499, 0.0324, 0.0734, 0.0975], [0.0744, 0.05, 0.0271, 0.6639, 0.0618, 0.0655, 0.0574], [0.02, 0.0316, 0.0564, 0.7003, 0.1051, 0.0305, 0.0562], [0.0847, 0.0826, 0.0431, 0.6692, 0.0468, 0.0402, 0.0334], [0.0303, 0.0509, 0.0543, 0.7226, 0.0275, 0.0627, 0.0517], [0.0463, 0.0822, 0.0668, 0.6168, 0.0317, 0.0857, 0.0706], [0.0525, 0.0968, 0.0425, 0.6325, 0.0681, 0.0497, 0.0578], [0.0824, 0.0469, 0.0594, 0.7035, 0.0219, 0.0285, 0.0574], [0.0518, 0.0354, 0.0594, 0.6919, 0.069, 0.0159, 0.0766], [0.0445, 0.0382, 0.0581, 0.6696, 0.0899, 0.0147, 0.0849], [0.0809, 0.0301, 0.0756, 0.6187, 0.067, 0.0508, 0.0769], [0.0649, 0.0436, 0.0374, 0.6977, 0.0563, 0.0304, 0.0698], [0.0657, 0.0854, 0.0334, 0.6285, 0.0867, 0.0686, 0.0317], [0.0934, 0.0755, 0.0775, 0.6353, 0.0608, 0.0329, 0.0246], [0.0192, 0.0505, 0.0509, 0.6709, 0.057, 0.1039, 0.0476], [0.0375, 0.0523, 0.0524, 0.6922, 0.0665, 0.0765, 0.0225], [0.0175, 0.0137, 0.0156, 0.7375, 0.0782, 0.079, 0.0585], [0.0388, 0.0662, 0.0331, 0.7226, 0.0381, 0.0368, 0.0642], [0.0353, 0.0445, 0.0435, 0.767, 0.0674, 0.0306, 0.0117], [0.0645, 0.0443, 0.0551, 0.6824, 0.0711, 0.0672, 0.0154], [0.0392, 0.0728, 0.0838, 0.6622, 0.0371, 0.0342, 0.0707], [0.0501, 0.0616, 0.0817, 0.7, 0.0211, 0.052, 0.0335]], "emotions": ["green", "green", "green", "green", "green", "green", "green", "green", "green", "green", "green", "green", "green", "green", "green", "green", "green", "green", "green", "green", "green", "green", "green", "green", "green", "green", "green", "green", "green", "green", "green", "green", "green", "green", "green", "green", "green", "green", "green", "green", "green", "green", "green", "green", "green", "green", "green", "green", "green", "green", "green", "green", "green", "green", "green", "green", "green", "green", "green", "green", "green", "green", "green", "green", "green", "green", "green", "green", "green", "green", "green", "green", "green", "green", "green", "green", "green", "green", "green", "green"], "timestamps": [0, 40, 80, 120, 160, 200, 240, 280, 320, 360, 400, 440, 480, 520, 560, 600, 640, 680, 720, 760, 800, 840, 880, 920, 960, 1000, 1040, 1080, 1120, 1160, 1200, 1240, 1280, 1320, 1360, 1400, 1440, 1480, 1520, 1560, 1600, 1640, 1680, 1720, 1760, 1800, 1840, 1880, 1920, 1960, 2000, 2040, 2080, 2120, 2160, 2200, 2240, 2280, 2320, 2360, 2400, 2440, 2480, 2520, 2560, 2600, 2640, 2680, 2720, 2760, 2800, 2840, 2880, 2920, 2960, 3000, 3040, 3080, 3120, 3160]}], "conversation": [], "conversation_timestamps": []}