{"agent_id": "agent-purple-654", "type": "purple", "trips": [{"trip_id": 0, "transport_method": "foot", "start_time": 0, "path": [[1.5249431, 42.5097364], [1.5260329, 42.5097829], [1.5268444, 42.5105573], [1.5265772, 42.5100683], [1.5265409, 42.5100033], [1.5275684, 42.5104664], [1.5285959, 42.5109295], [1.5296234, 42.5113926], [1.5289049, 42.5113303], [1.5278229, 42.5110338], [1.5273411, 42.5108228], [1.5284295, 42.5111154], [1.5295179, 42.5114079], [1.5305999, 42.5117192], [1.5313623, 42.5122828], [1.5324391, 42.5122832], [1.5330766, 42.5128209], [1.5339994, 42.5130486], [1.5350638, 42.5128517], [1.5361212, 42.5125296], [1.5370788, 42.511963], [1.5381016, 42.5115122], [1.5389511, 42.5108077], [1.5395718, 42.5100514], [1.5405473, 42.5095184], [1.54156, 42.5091264], [1.5419929, 42.5088884], [1.5429614, 42.5089465], [1.5440403, 42.5092406], [1.5451566, 42.5093451], [1.5460823, 42.5096516], [1.5457065, 42.5095118], [1.5462817, 42.5101359], [1.5467137, 42.5110261], [1.54779, 42.511353], [1.5488869, 42.511612], [1.5495789, 42.5117967], [1.5503616, 42.5121209], [1.5505485, 42.5122223], [1.5514283, 42.5129179], [1.5509577, 42.5125221], [1.5518402, 42.5131943], [1.5525531, 42.5136272], [1.552715, 42.5142974], [1.5530525, 42.5153255], [1.5535025, 42.5163445], [1.5540723, 42.5173073], [1.5550001, 42.5179292], [1.55594, 42.5184116], [1.5566703, 42.5192607], [1.5574014, 42.5200595], [1.5582, 42.5208546], [1.5590497, 42.5215946], [1.5597248, 42.5220086], [1.5598896, 42.5222481], [1.560861, 42.5228046], [1.5617566, 42.5234864], [1.5625012, 42.5243293], [1.5635098, 42.5248009], [1.5645318, 42.525234], [1.5656007, 42.5255467], [1.5665745, 42.5261047], [1.567463, 42.5267982], [1.5684396, 42.5273506], [1.5693868, 42.5279414], [1.5703348, 42.5285492], [1.5712106, 42.5292474], [1.5720714, 42.529963], [1.5727389, 42.530867], [1.5734959, 42.531701], [1.574386, 42.5323045], [1.5754839, 42.5325317], [1.5765722, 42.5327369], [1.5776882, 42.5328917], [1.5787832, 42.5331068], [1.5798445, 42.5334783], [1.5808453, 42.5339338], [1.5818754, 42.5342934], [1.5829219, 42.5344563], [1.5839052, 42.5346355]], "mood_vectors": [[0.0582, 0.0488, 0.0516, 0.04, 0.0403, 0.6948, 0.0663], [0.0686, 0.0182, 0.0788, 0.0509, 0.0889, 0.6128, 0.0819], [0.0637, 0.0494, 0.0376, 0.0341, 0.068, 0.7225, 0.0249], [0.0851, 0.015, 0.0415, 0.0503, 0.0236, 0.7515, 0.0331], [0.0153, 0.0685, 0.0384, 0.0254, 0.0306, 0.8073, 0.0144], [0.0248, 0.0553, 0.0561, 0.0731, 0.0605, 0.7095, 0.0206], [0.0288, 0.0198, 0.054, 0.0538, 0.0628, 0.7398, 0.0411], [0.0389, 0.0376, 0.0705, 0.0781, 0.0788, 0.6609, 0.0352], [0.0571, 0.0471, 0.049, 0.0153, 0.0783, 0.731, 0.0222], [0.0313, 0.0589, 0.0612, 0.0602, 0.067, 0.6776, 0.0438], [0.0538, 0.0313, 0.0715, 0.0414, 0.0226, 0.7298, 0.0496], [0.057, 0.0407, 0.0798, 0.0515, 0.0795, 0.6781, 0.0134], [0.0518, 0.0928, 0.0356, 0.0913, 0.0275, 0.6547, 0.0464], [0.0701, 0.0332, 0.0638, 0.0619, 0.0239, 0.6731, 0.0741], [0.0562, 0.0686, 0.0619, 0.0382, 0.0283, 0.6887, 0.0582], [0.0842, 0.0375, 0.0541, 0.0343, 0.0145, 0.7625, 0.0129], [0.0132, 0.0524, 0.0161, 0.0633, 0.0505, 0.7646, 0.0399], [0.0194, 0.0609, 0.0308, 0.0338, 0.0531, 0.7404, 0.0615], [0.0641, 0.0618, 0.0467, 0.0345, 0.0586, 0.6697, 0.0645], [0.0606, 0.0369, 0.0457, 0.0781, 0.0473, 0.6731, 0.0583], [0.0365, 0.0706, 0.0685, 0.0732, 0.0184, 0.6585, 0.0743], [0.0722, 0.0167, 0.0901, 0.0315, 0.0559, 0.6955, 0.038], [0.0215, 0.0591, 0.0539, 0.0243, 0.0652, 0.7551, 0.0208], [0.058, 0.0834, 0.0165, 0.0349, 0.0453, 0.6863, 0.0755], [0.029, 0.0681, 0.0761, 0.0302, 0.0123, 0.7702, 0.0141], [0.0612, 0.0427, 0.0352, 0.0713, 0.026, 0.7465, 0.0171], [0.0496, 0.0661, 0.0564, 0.0773, 0.0614, 0.6101, 0.079], [0.0208, 0.0908, 0.0184, 0.0685, 0.0534, 0.6845, 0.0637], [0.0746, 0.0518, 0.0141, 0.013, 0.0481, 0.7344, 0.064], [0.0386, 0.016, 0.0699, 0.034, 0.0539, 0.7731, 0.0145], [0.0637, 0.0555, 0.0432, 0.0573, 0.0336, 0.6778, 0.0687], [0.049, 0.0398, 0.0569, 0.0918, 0.0179, 0.6874, 0.0573], [0.0314, 0.0969, 0.0245, 0.0414, 0.0577, 0.6897, 0.0585], [0.0275, 0.0204, 0.0558, 0.0722, 0.0188, 0.733, 0.0723], [0.0702, 0.0411, 0.0415, 0.0238, 0.0506, 0.7509, 0.0219], [0.0162, 0.0399, 0.0401, 0.056, 0.0423, 0.7349, 0.0706], [0.084, 0.0266, 0.0605, 0.0227, 0.0629, 0.7291, 0.0141], [0.0437, 0.0339, 0.0508, 0.0619, 0.0845, 0.6539, 0.0713], [0.0852, 0.0817, 0.0196, 0.0397, 0.0357, 0.6572, 0.0808], [0.0485, 0.0734, 0.0226, 0.025, 0.0592, 0.7438, 0.0275], [0.0378, 0.0569, 0.0312, 0.0579, 0.0459, 0.7333, 0.0371], [0.0726, 0.0876, 0.0238, 0.0546, 0.0492, 0.6601, 0.052], [0.06, 0.0342, 0.0323, 0.0803, 0.0517, 0.712, 0.0295], [0.0671, 0.0307, 0.0564, 0.0698, 0.0406, 0.7147, 0.0206], [0.0462, 0.067, 0.0213, 0.0835, 0.0372, 0.7022, 0.0426], [0.0652, 0.0766, 0.0435, 0.0777, 0.0735, 0.6171, 0.0464], [0.0941, 0.042, 0.0736, 0.0761, 0.017, 0.6585, 0.0387], [0.0428, 0.0726, 0.0475, 0.0442, 0.0311, 0.6781, 0.0837], [0.0237, 0.0531, 0.0231, 0.0597, 0.0194, 0.7252, 0.0956], [0.0457, 0.0286, 0.038, 0.0533, 0.0607, 0.6959, 0.0778], [0.0242, 0.066, 0.0613, 0.0611, 0.0289, 0.7024, 0.056], [0.0256, 0.024, 0.0563, 0.043, 0.0241, 0.778, 0.0491], [0.0275, 0.0721, 0.0173, 0.0394, 0.0136, 0.805, 0.0251], [0.0115, 0.0501, 0.0543, 0.06, 0.0517, 0.7376, 0.035], [0.0668, 0.0178, 0.0661, 0.0159, 0.0546, 0.7085, 0.0702], [0.0133, 0.089, 0.0262, 0.0393, 0.0483, 0.7441, 0.0399], [0.0824, 0.0606, 0.0692, 0.0754, 0.0183, 0.6576, 0.0365], [0.0735, 0.0804, 0.0533, 0.0561, 0.0521, 0.6119, 0.0727], [0.027, 0.0997, 0.059, 0.0312, 0.0173, 0.7331, 0.0327], [0.0474, 0.056, 0.0706, 0.0448, 0.0662, 0.7015, 0.0134], [0.0636, 0.0651, 0.0865, 0.072, 0.0288, 0.6022, 0.0818], [0.0212, 0.0539, 0.0514, 0.0555, 0.0623, 0.7186, 0.0371], [0.0711, 0.0165, 0.088, 0.0331, 0.0309, 0.7334, 0.0268], [0.0797, 0.0826, 0.0185, 0.0701, 0.0498, 0.643, 0.0563], [0.0448, 0.0582, 0.0533, 0.0705, 0.0206, 0.7354, 0.0171], [0.0645, 0.0698, 0.0719, 0.0396, 0.0889, 0.6211, 0.0443], [0.0795, 0.0691, 0.0568, 0.0252, 0.0745, 0.6708, 0.0241], [0.0594, 0.0689, 0.0412, 0.037, 0.0301, 0.7293, 0.034], [0.0754, 0.0602, 0.0146, 0.0589, 0.0645, 0.6944, 0.032], [0.0386, 0.0585, 0.0229, 0.0561, 0.075, 0.7318, 0.0171], [0.0199, 0.0747, 0.0296, 0.0142, 0.0153, 0.8077, 0.0385], [0.0323, 0.0825, 0.0587, 0.0381, 0.0647, 0.6809, 0.0427], [0.0423, 0.013, 0.0192, 0.0662, 0.0446, 0.7498, 0.065], [0.0385, 0.046, 0.072, 0.0133, 0.0477, 0.7092, 0.0734], [0.0203, 0.0305, 0.0732, 0.033, 0.0366, 0.7033, 0.1031], [0.0772, 0.0491, 0.0181, 0.0644, 0.0665, 0.6995, 0.0251], [0.0731, 0.0758, 0.0319, 0.0694, 0.0459, 0.6704, 0.0335], [0.0149, 0.0195, 0.0541, 0.0293, 0.057, 0.797, 0.0281], [0.0462, 0.0263, 0.0496, 0.0193, 0.0253, 0.7851, 0.0482], [0.018, 0.0309, 0.0325, 0.0619, 0.0414, 0.7661, 0.0492]], "emotions": ["purple", "purple", "purple", "purple", "purple", "purple", "purple", "purple", "purple", "purple", "purple", "purple", "purple", "purple", "purple", "purple", "purple", "purple", "purple", "purple", "purple", "purple", "purple", "purple", "purple", "purple", "purple", "purple", "purple", "purple", "purple", "purple", "purple", "purple", "purple", "purple", "purple", "purple", "purple", "purple", "purple", "purple", "purple", "purple", "purple", "purple", "purple", "purple", "purple", "purple", "purple", "purple", "purple", "purple", "purple", "purple", "purple", "purple", "purple", "purple", "purple", "purple", "purple", "purple", "purple", "purple", "purple", "purple", "purple", "purple", "purple", "purple", "purple", "purple", "purple", "purple", "purple", "purple", "purple", "purple"], "timestamps": [0, 40, 80, 120, 160, 200, 240, 280, 320, 360, 400, 440, 480, 520, 560, 600, 640, 680, 720, 760, 800, 840, 880, 920, 960, 1000, 1040, 1080, 1120, 1160, 1200, 1240, 1280, 1320, 1360, 1400, 1440, 1480, 1520, 1560, 1600, 1640, 1680, 1720, 1760, 1800, 1840, 1880, 1920, 1960, 2000, 2040, 2080, 2120, 2160, 2200, 2240, 2280, 2320, 2360, 2400, 2440, 2480, 2520, 2560, 2600, 2640, 2680, 2720, 2760, 2800, 2840, 2880, 2920, 2960, 3000, 3040, 3080, 3120, 3160]}], "conversation": [], "conversation_timestamps": []}