{"agent_id": "agent-purple-1229", "type": "purple", "trips": [{"trip_id": 0, "transport_method": "bus", "start_time": 0, "path": [[1.5319306, 42.557842], [1.5322889, 42.5587105], [1.5320108, 42.5582454], [1.5314641, 42.5574403], [1.5306059, 42.5569014], [1.5296664, 42.5565153], [1.5292249, 42.5556118], [1.528412, 42.5550253], [1.5279314, 42.5541888], [1.5272196, 42.5534549], [1.5266801, 42.5526183], [1.5263878, 42.55178], [1.5264588, 42.5513593], [1.5263304, 42.5505553], [1.5257788, 42.5496957], [1.5253622, 42.5487649], [1.5248679, 42.5479041], [1.5247029, 42.5469374], [1.5247294, 42.5463223], [1.5242162, 42.5454371], [1.5237687, 42.544532], [1.5234237, 42.543809], [1.5231675, 42.5433335], [1.5229223, 42.5423604], [1.5230373, 42.5413926], [1.523492, 42.5406159], [1.5232548, 42.5402698], [1.5231462, 42.5392576], [1.5231984, 42.5382497], [1.5240391, 42.5377452], [1.5250126, 42.5376196], [1.5250005, 42.5369014], [1.5241986, 42.536655], [1.5232378, 42.5363486], [1.5226129, 42.5356295], [1.5219762, 42.5348332], [1.5211084, 42.5343259], [1.520763, 42.5334554], [1.5213604, 42.5326879], [1.5209285, 42.5317752], [1.521249, 42.5308558], [1.5214097, 42.5300402], [1.5219842, 42.5292786], [1.5212831, 42.5286155], [1.5208738, 42.5277329], [1.5206754, 42.5268115], [1.5207585, 42.5257914], [1.5206935, 42.526339], [1.5205881, 42.5273278], [1.5206776, 42.5265734], [1.5207409, 42.5255518], [1.5206964, 42.5245561], [1.5212531, 42.5237027], [1.5217959, 42.5228501], [1.5223125, 42.5219905], [1.5231379, 42.5213895], [1.5235675, 42.520473], [1.5238477, 42.5197391], [1.5235294, 42.5207035], [1.5235066, 42.5205337], [1.5237803, 42.5195475], [1.5240221, 42.5185546], [1.5241683, 42.5175416], [1.5245066, 42.5165775], [1.5250207, 42.5156981], [1.5257267, 42.5149593], [1.52658, 42.5143983], [1.5274987, 42.5139474], [1.5284327, 42.5135289], [1.5293691, 42.5131156], [1.5303082, 42.5127088], [1.5312368, 42.5122784], [1.5321183, 42.5117636], [1.5328526, 42.5110566], [1.533499, 42.5102833], [1.5340129, 42.509471], [1.5339626, 42.5097259], [1.534107, 42.5087126], [1.5342053, 42.507701], [1.5342027, 42.5078338]], "mood_vectors": [[0.0211, 0.0652, 0.048, 0.0458, 0.0264, 0.7069, 0.0866], [0.0697, 0.0443, 0.0469, 0.0755, 0.0297, 0.709, 0.0249], [0.0815, 0.0547, 0.077, 0.0646, 0.041, 0.6061, 0.0752], [0.0536, 0.0309, 0.0334, 0.0754, 0.0803, 0.6861, 0.0403], [0.0293, 0.0606, 0.0281, 0.0602, 0.0269, 0.7651, 0.0297], [0.0424, 0.0617, 0.0657, 0.0555, 0.0751, 0.6887, 0.0109], [0.0777, 0.0371, 0.0299, 0.0595, 0.0669, 0.6691, 0.0597], [0.0395, 0.0467, 0.0771, 0.0672, 0.0769, 0.6465, 0.0461], [0.0654, 0.086, 0.0732, 0.03, 0.0217, 0.6463, 0.0774], [0.054, 0.0231, 0.0215, 0.042, 0.0648, 0.7229, 0.0718], [0.0247, 0.0294, 0.0279, 0.062, 0.0598, 0.7323, 0.0639], [0.0735, 0.0502, 0.0545, 0.0414, 0.0112, 0.7316, 0.0377], [0.0407, 0.0747, 0.042, 0.0647, 0.0152, 0.7032, 0.0595], [0.0722, 0.0355, 0.0243, 0.0145, 0.0119, 0.775, 0.0667], [0.0171, 0.0159, 0.026, 0.0614, 0.0788, 0.7615, 0.0393], [0.0756, 0.0293, 0.0531, 0.016, 0.0377, 0.7149, 0.0734], [0.075, 0.0241, 0.055, 0.0675, 0.0343, 0.699, 0.0451], [0.0181, 0.0388, 0.0311, 0.0538, 0.0499, 0.7716, 0.0367], [0.0531, 0.0688, 0.0393, 0.0254, 0.0422, 0.7369, 0.0343], [0.0751, 0.023, 0.0174, 0.0296, 0.0211, 0.775, 0.0589], [0.0349, 0.0623, 0.0272, 0.0957, 0.0194, 0.6856, 0.0749], [0.0216, 0.0426, 0.0269, 0.0262, 0.0652, 0.7937, 0.0237], [0.0703, 0.0266, 0.0691, 0.0288, 0.0262, 0.7382, 0.0407], [0.0984, 0.0713, 0.0835, 0.0156, 0.0161, 0.6754, 0.0395], [0.0768, 0.0419, 0.0513, 0.0457, 0.0681, 0.675, 0.0411], [0.0844, 0.0661, 0.0174, 0.0528, 0.0453, 0.7099, 0.0241], [0.0484, 0.0312, 0.0434, 0.0187, 0.1013, 0.7368, 0.0203], [0.0413, 0.0818, 0.0697, 0.0378, 0.013, 0.697, 0.0594], [0.0252, 0.0696, 0.0241, 0.0484, 0.0375, 0.7464, 0.0488], [0.0435, 0.05, 0.0675, 0.0698, 0.0615, 0.6702, 0.0376], [0.0564, 0.0859, 0.078, 0.0577, 0.0541, 0.6412, 0.0268], [0.0527, 0.0483, 0.0248, 0.067, 0.0161, 0.7625, 0.0286], [0.0473, 0.0693, 0.0454, 0.0499, 0.0324, 0.675, 0.0807], [0.0161, 0.0342, 0.0469, 0.0376, 0.0363, 0.7585, 0.0705], [0.0413, 0.0703, 0.072, 0.0748, 0.0127, 0.6608, 0.0681], [0.0163, 0.0284, 0.0547, 0.0268, 0.0601, 0.7828, 0.031], [0.0391, 0.0504, 0.0683, 0.0551, 0.0311, 0.7382, 0.0177], [0.0878, 0.0405, 0.074, 0.0281, 0.0348, 0.7023, 0.0326], [0.0524, 0.0317, 0.0673, 0.0441, 0.0546, 0.683, 0.0669], [0.028, 0.0647, 0.0604, 0.0837, 0.0622, 0.6122, 0.0888], [0.0869, 0.0517, 0.0849, 0.021, 0.0159, 0.6719, 0.0678], [0.0477, 0.023, 0.0637, 0.025, 0.0579, 0.7098, 0.0728], [0.025, 0.0228, 0.0316, 0.0156, 0.0228, 0.8395, 0.0427], [0.0135, 0.0623, 0.0145, 0.0643, 0.0323, 0.7902, 0.023], [0.0613, 0.058, 0.0155, 0.0471, 0.0606, 0.7014, 0.0561], [0.0343, 0.0786, 0.0564, 0.0326, 0.0664, 0.6824, 0.0493], [0.0518, 0.0409, 0.0657, 0.0186, 0.026, 0.7383, 0.0587], [0.0258, 0.0163, 0.0402, 0.0208, 0.044, 0.8053, 0.0476], [0.0455, 0.0955, 0.0154, 0.0878, 0.096, 0.5745, 0.0852], [0.0691, 0.0568, 0.0623, 0.0697, 0.077, 0.6495, 0.0155], [0.0303, 0.0179, 0.0617, 0.027, 0.0534, 0.7472, 0.0625], [0.0707, 0.0216, 0.0692, 0.0542, 0.0781, 0.676, 0.0303], [0.0553, 0.0599, 0.0464, 0.0662, 0.0159, 0.7371, 0.0193], [0.0636, 0.0319, 0.0413, 0.0757, 0.0682, 0.6816, 0.0377], [0.0616, 0.0286, 0.038, 0.0187, 0.033, 0.8022, 0.018], [0.0619, 0.0705, 0.0395, 0.0622, 0.0473, 0.6586, 0.0598], [0.0447, 0.0435, 0.0514, 0.0161, 0.0631, 0.7244, 0.0567], [0.0909, 0.0639, 0.0674, 0.0386, 0.0933, 0.5964, 0.0496], [0.0258, 0.0739, 0.0367, 0.0356, 0.0456, 0.7619, 0.0205], [0.0548, 0.0421, 0.0195, 0.0226, 0.0909, 0.7066, 0.0634], [0.06, 0.0658, 0.0317, 0.0452, 0.0626, 0.6818, 0.053], [0.0227, 0.0513, 0.0496, 0.0782, 0.0527, 0.7066, 0.039], [0.0553, 0.0278, 0.0715, 0.0605, 0.0615, 0.6857, 0.0377], [0.0909, 0.0527, 0.0283, 0.0361, 0.0201, 0.7158, 0.0561], [0.0525, 0.0665, 0.0337, 0.0601, 0.0662, 0.6718, 0.0491], [0.0315, 0.0492, 0.0243, 0.064, 0.0689, 0.6932, 0.0688], [0.053, 0.0675, 0.0218, 0.0583, 0.0549, 0.7196, 0.0249], [0.0181, 0.0457, 0.0543, 0.0147, 0.0556, 0.791, 0.0207], [0.0639, 0.0715, 0.0129, 0.0711, 0.0641, 0.6655, 0.051], [0.0753, 0.0751, 0.0352, 0.0261, 0.0177, 0.7306, 0.04], [0.0977, 0.0177, 0.0143, 0.0736, 0.0539, 0.6518, 0.0911], [0.0583, 0.0353, 0.0451, 0.0237, 0.0825, 0.7281, 0.0271], [0.0194, 0.0457, 0.0626, 0.0728, 0.0594, 0.6926, 0.0474], [0.0385, 0.0607, 0.0642, 0.036, 0.0802, 0.6575, 0.0629], [0.0282, 0.0498, 0.0711, 0.043, 0.0552, 0.6827, 0.0699], [0.0543, 0.0767, 0.04, 0.0464, 0.0299, 0.6712, 0.0815], [0.0891, 0.0923, 0.0514, 0.0342, 0.0262, 0.6729, 0.0339], [0.0146, 0.0504, 0.041, 0.036, 0.0663, 0.715, 0.0767], [0.055, 0.0638, 0.0249, 0.0761, 0.0526, 0.7021, 0.0254], [0.077, 0.0853, 0.0374, 0.0535, 0.0542, 0.6233, 0.0693]], "emotions": ["purple", "purple", "purple", "purple", "purple", "purple", "purple", "purple", "purple", "purple", "purple", "purple", "purple", "purple", "purple", "purple", "purple", "purple", "purple", "purple", "purple", "purple", "purple", "purple", "purple", "purple", "purple", "purple", "purple", "purple", "purple", "purple", "purple", "purple", "purple", "purple", "purple", "purple", "purple", "purple", "purple", "purple", "purple", "purple", "purple", "purple", "purple", "purple", "purple", "purple", "purple", "purple", "purple", "purple", "purple", "purple", "purple", "purple", "purple", "purple", "purple", "purple", "purple", "purple", "purple", "purple", "purple", "purple", "purple", "purple", "purple", "purple", "purple", "purple", "purple", "purple", "purple", "purple", "purple", "purple"], "timestamps": [0, 40, 80, 120, 160, 200, 240, 280, 320, 360, 400, 440, 480, 520, 560, 600, 640, 680, 720, 760, 800, 840, 880, 920, 960, 1000, 1040, 1080, 1120, 1160, 1200, 1240, 1280, 1320, 1360, 1400, 1440, 1480, 1520, 1560, 1600, 1640, 1680, 1720, 1760, 1800, 1840, 1880, 1920, 1960, 2000, 2040, 2080, 2120, 2160, 2200, 2240, 2280, 2320, 2360, 2400, 2440, 2480, 2520, 2560, 2600, 2640, 2680, 2720, 2760, 2800, 2840, 2880, 2920, 2960, 3000, 3040, 3080, 3120, 3160]}], "conversation": [], "conversation_timestamps": []}