{"agent_id": "agent-purple-704", "type": "purple", "trips": [{"trip_id": 0, "transport_method": "bicycle", "start_time": 0, "path": [[1.5392316, 42.5077934], [1.5389598, 42.5077912], [1.5386879, 42.5077859], [1.5384162, 42.5077787], [1.5381445, 42.507768], [1.5378995, 42.5077548], [1.5378891, 42.5074831], [1.5377245, 42.5072949], [1.5374576, 42.5072468], [1.5371861, 42.5072367], [1.536948, 42.5071518], [1.5367724, 42.5069942], [1.5365079, 42.5069762], [1.5362484, 42.5068963], [1.5359816, 42.5068438], [1.5357153, 42.5067891], [1.535449, 42.5067344], [1.5351827, 42.5066796], [1.5349164, 42.5066249], [1.5346504, 42.5065691], [1.5343857, 42.5065299], [1.5341139, 42.5065317], [1.5338468, 42.5064894], [1.5335806, 42.5064344], [1.5333143, 42.5063793], [1.5330481, 42.5063243], [1.5327819, 42.5062692], [1.5325206, 42.5061986], [1.5322821, 42.5060688], [1.5320466, 42.5059329], [1.5317941, 42.5058659], [1.5315247, 42.5058726], [1.5312571, 42.5058247], [1.5309895, 42.5057769], [1.5307225, 42.5057263], [1.5304587, 42.5056606], [1.5301943, 42.5055975], [1.5299266, 42.5055502], [1.5296588, 42.505503], [1.5293911, 42.5054561], [1.5291233, 42.5054094], [1.5288554, 42.5053626], [1.5285876, 42.5053158], [1.5283188, 42.5052779], [1.5280477, 42.5052772], [1.5277767, 42.5052988], [1.5275071, 42.5053292], [1.527237, 42.5053239], [1.5269668, 42.5052949], [1.5266959, 42.5053004], [1.5264244, 42.5053132], [1.5261528, 42.505326], [1.5258852, 42.5052845], [1.5256185, 42.5052321], [1.5253517, 42.5051798], [1.5250849, 42.5051274], [1.5248181, 42.5050751], [1.5245514, 42.5050227], [1.5242841, 42.5049731], [1.5240157, 42.5049296], [1.5237485, 42.50488], [1.5234829, 42.504822], [1.5232136, 42.5047971], [1.5229437, 42.5047669], [1.522674, 42.5047322], [1.5224078, 42.5047396], [1.5221483, 42.5048208], [1.5218791, 42.5048272], [1.5216075, 42.5048155], [1.5213823, 42.5048112], [1.5216446, 42.50488], [1.5219152, 42.5048541], [1.5220109, 42.5048218], [1.5217429, 42.5047763], [1.5214748, 42.5047308], [1.5212068, 42.5046852], [1.5209393, 42.5046382], [1.5206932, 42.5045248], [1.5204374, 42.5044328], [1.5201816, 42.5043408]], "mood_vectors": [[0.0205, 0.0267, 0.0435, 0.024, 0.0431, 0.7651, 0.0773], [0.0888, 0.0546, 0.0662, 0.0222, 0.0818, 0.6441, 0.0424], [0.0569, 0.0182, 0.0427, 0.049, 0.0512, 0.7244, 0.0577], [0.037, 0.062, 0.0164, 0.0358, 0.0176, 0.7895, 0.0417], [0.0621, 0.0322, 0.0787, 0.0824, 0.0319, 0.6483, 0.0643], [0.075, 0.0142, 0.0291, 0.0403, 0.0408, 0.7269, 0.0737], [0.0656, 0.0597, 0.0752, 0.0272, 0.0852, 0.603, 0.0841], [0.0216, 0.0705, 0.0432, 0.0739, 0.0404, 0.6744, 0.0759], [0.0284, 0.034, 0.0228, 0.0929, 0.0861, 0.6743, 0.0615], [0.014, 0.0594, 0.0474, 0.0137, 0.0757, 0.7684, 0.0215], [0.0284, 0.0679, 0.067, 0.0517, 0.0234, 0.6818, 0.0799], [0.0523, 0.0743, 0.0511, 0.0202, 0.0293, 0.7203, 0.0525], [0.0866, 0.0798, 0.0498, 0.0352, 0.0153, 0.6465, 0.0868], [0.0293, 0.0226, 0.0765, 0.0774, 0.0609, 0.7042, 0.0291], [0.0414, 0.0193, 0.078, 0.0845, 0.0898, 0.5998, 0.0872], [0.0408, 0.0844, 0.0816, 0.0776, 0.0169, 0.6638, 0.0349], [0.0692, 0.0781, 0.0353, 0.0181, 0.0298, 0.7011, 0.0683], [0.0365, 0.0812, 0.0673, 0.0616, 0.0198, 0.6859, 0.0478], [0.0278, 0.0812, 0.0795, 0.0385, 0.0893, 0.6471, 0.0366], [0.0756, 0.0561, 0.0309, 0.0734, 0.0154, 0.7265, 0.0221], [0.0527, 0.0584, 0.046, 0.0246, 0.0634, 0.6806, 0.0742], [0.0398, 0.0398, 0.0661, 0.0222, 0.0242, 0.7846, 0.0234], [0.0676, 0.0393, 0.0595, 0.0856, 0.0522, 0.6117, 0.084], [0.0545, 0.0544, 0.0371, 0.0875, 0.0739, 0.6331, 0.0595], [0.0652, 0.0174, 0.0364, 0.0628, 0.0661, 0.7047, 0.0473], [0.0142, 0.0691, 0.0162, 0.0556, 0.0688, 0.7016, 0.0746], [0.036, 0.0192, 0.0389, 0.0455, 0.0212, 0.7996, 0.0396], [0.032, 0.0596, 0.0141, 0.0709, 0.053, 0.7079, 0.0625], [0.012, 0.0706, 0.0253, 0.0512, 0.0444, 0.7199, 0.0766], [0.0139, 0.024, 0.0759, 0.0683, 0.0529, 0.7161, 0.0488], [0.0745, 0.0768, 0.0219, 0.0902, 0.0392, 0.656, 0.0415], [0.0272, 0.0486, 0.0803, 0.0462, 0.0159, 0.729, 0.0528], [0.048, 0.0265, 0.0152, 0.0678, 0.0415, 0.7317, 0.0693], [0.029, 0.0392, 0.0574, 0.09, 0.0444, 0.7037, 0.0364], [0.0464, 0.052, 0.0133, 0.0712, 0.0397, 0.7503, 0.027], [0.019, 0.0515, 0.0714, 0.0233, 0.0133, 0.7471, 0.0745], [0.0549, 0.0344, 0.0304, 0.0415, 0.0279, 0.7388, 0.0721], [0.0496, 0.0159, 0.0466, 0.0165, 0.0535, 0.79, 0.028], [0.0554, 0.0736, 0.0509, 0.0169, 0.041, 0.7054, 0.0567], [0.0683, 0.0663, 0.0174, 0.014, 0.0781, 0.7383, 0.0176], [0.0188, 0.0465, 0.0246, 0.0582, 0.0358, 0.7525, 0.0636], [0.0674, 0.0154, 0.0657, 0.0382, 0.0509, 0.7096, 0.0529], [0.0674, 0.0518, 0.0833, 0.0467, 0.0596, 0.6598, 0.0314], [0.0797, 0.0603, 0.019, 0.0218, 0.0586, 0.7336, 0.027], [0.0724, 0.0751, 0.0205, 0.0341, 0.0154, 0.7588, 0.0238], [0.0226, 0.0632, 0.0148, 0.0289, 0.0881, 0.6882, 0.0942], [0.0388, 0.0236, 0.0307, 0.0572, 0.0686, 0.7109, 0.0701], [0.0196, 0.0531, 0.0375, 0.0848, 0.0251, 0.7335, 0.0465], [0.0163, 0.043, 0.0542, 0.0209, 0.0231, 0.7964, 0.0461], [0.0193, 0.0339, 0.0979, 0.032, 0.0507, 0.7407, 0.0254], [0.0602, 0.0752, 0.0242, 0.019, 0.0564, 0.6897, 0.0753], [0.0583, 0.0257, 0.0661, 0.0546, 0.0273, 0.6726, 0.0953], [0.0418, 0.0353, 0.063, 0.0303, 0.0356, 0.7676, 0.0263], [0.0396, 0.0744, 0.0632, 0.0742, 0.0731, 0.6225, 0.0529], [0.0559, 0.0541, 0.0708, 0.0354, 0.0401, 0.6908, 0.0529], [0.0287, 0.0459, 0.0609, 0.0296, 0.0748, 0.7362, 0.0239], [0.0274, 0.0157, 0.09, 0.0667, 0.0181, 0.7401, 0.042], [0.0169, 0.0445, 0.073, 0.0725, 0.0616, 0.7057, 0.0258], [0.0588, 0.0526, 0.0711, 0.0218, 0.0214, 0.7175, 0.0568], [0.0273, 0.0172, 0.0313, 0.0257, 0.0713, 0.7812, 0.0459], [0.0468, 0.0371, 0.0313, 0.0806, 0.0539, 0.6768, 0.0734], [0.0606, 0.048, 0.0288, 0.0282, 0.0118, 0.7856, 0.0371], [0.0833, 0.0211, 0.0244, 0.0189, 0.0506, 0.7671, 0.0345], [0.0515, 0.0261, 0.072, 0.0369, 0.0616, 0.7286, 0.0233], [0.0703, 0.0744, 0.0341, 0.0309, 0.029, 0.6897, 0.0716], [0.0567, 0.0823, 0.06, 0.0772, 0.0718, 0.573, 0.0791], [0.0457, 0.0566, 0.0219, 0.0561, 0.0351, 0.7436, 0.041], [0.0525, 0.0641, 0.0343, 0.0261, 0.0717, 0.6891, 0.0622], [0.0221, 0.0591, 0.0193, 0.0248, 0.0582, 0.7151, 0.1013], [0.0706, 0.0359, 0.052, 0.0636, 0.0742, 0.6329, 0.0708], [0.0714, 0.0254, 0.0566, 0.0243, 0.0688, 0.6968, 0.0567], [0.0851, 0.0299, 0.0731, 0.091, 0.0641, 0.6197, 0.0372], [0.0759, 0.0626, 0.0501, 0.0232, 0.0495, 0.7218, 0.0169], [0.0909, 0.0654, 0.0649, 0.0483, 0.0381, 0.6625, 0.0298], [0.0882, 0.0656, 0.027, 0.0314, 0.0181, 0.6837, 0.086], [0.046, 0.0367, 0.0511, 0.0509, 0.0404, 0.7595, 0.0153], [0.0646, 0.0292, 0.0382, 0.0509, 0.0592, 0.7196, 0.0384], [0.0625, 0.0327, 0.017, 0.0308, 0.0446, 0.7988, 0.0136], [0.0326, 0.0487, 0.0249, 0.0655, 0.0219, 0.7227, 0.0837], [0.0644, 0.0948, 0.0472, 0.0682, 0.0192, 0.6341, 0.0721]], "emotions": ["purple", "purple", "purple", "purple", "purple", "purple", "purple", "purple", "purple", "purple", "purple", "purple", "purple", "purple", "purple", "purple", "purple", "purple", "purple", "purple", "purple", "purple", "purple", "purple", "purple", "purple", "purple", "purple", "purple", "purple", "purple", "purple", "purple", "purple", "purple", "purple", "purple", "purple", "purple", "purple", "purple", "purple", "purple", "purple", "purple", "purple", "purple", "purple", "purple", "purple", "purple", "purple", "purple", "purple", "purple", "purple", "purple", "purple", "purple", "purple", "purple", "purple", "purple", "purple", "purple", "purple", "purple", "purple", "purple", "purple", "purple", "purple", "purple", "purple", "purple", "purple", "purple", "purple", "purple", "purple"], "timestamps": [0, 40, 80, 120, 160, 200, 240, 280, 320, 360, 400, 440, 480, 520, 560, 600, 640, 680, 720, 760, 800, 840, 880, 920, 960, 1000, 1040, 1080, 1120, 1160, 1200, 1240, 1280, 1320, 1360, 1400, 1440, 1480, 1520, 1560, 1600, 1640, 1680, 1720, 1760, 1800, 1840, 1880, 1920, 1960, 2000, 2040, 2080, 2120, 2160, 2200, 2240, 2280, 2320, 2360, 2400, 2440, 2480, 2520, 2560, 2600, 2640, 2680, 2720, 2760, 2800, 2840, 2880, 2920, 2960, 3000, 3040, 3080, 3120, 3160]}], "conversation": [], "conversation_timestamps": []}