{"agent_id": "agent-blue-1150", "type": "blue", "trips": [{"trip_id": 0, "transport_method": "foot", "start_time": 0, "path": [[1.4986548, 42.4953068], [1.4999809, 42.4960462], [1.501283, 42.4967334], [1.5026433, 42.4973744], [1.5040218, 42.498012], [1.5054103, 42.4986275], [1.5067662, 42.4993119], [1.5081148, 42.4999969], [1.5094865, 42.5006494], [1.5094904, 42.5006448], [1.5108693, 42.5012823], [1.510282, 42.5010763], [1.5113516, 42.5015838], [1.5121255, 42.5020392], [1.5133205, 42.5029675], [1.5143625, 42.5040524], [1.5153244, 42.5051685], [1.5167088, 42.5057668], [1.5179227, 42.5063146], [1.5191914, 42.5070925], [1.5206022, 42.5074803], [1.5220151, 42.507757], [1.5234921, 42.5078037], [1.5249893, 42.5079492], [1.5263644, 42.5084618], [1.5278248, 42.508768], [1.5289573, 42.5097684], [1.5294255, 42.5109554], [1.5306418, 42.5117411], [1.5305128, 42.5129592], [1.5302943, 42.5143655], [1.5292031, 42.5153914], [1.5280135, 42.5162919], [1.526698, 42.5170516], [1.5271719, 42.516837], [1.5285147, 42.5161707], [1.5281203, 42.5162878], [1.5268465, 42.5171155], [1.5255726, 42.5179433], [1.5249575, 42.5183587], [1.5260972, 42.5173802], [1.5252117, 42.5180749], [1.5239746, 42.5189535], [1.5236612, 42.5204201], [1.5228209, 42.5216511], [1.5218244, 42.5227372], [1.521017, 42.5239993], [1.5207681, 42.5254022], [1.5206241, 42.526864], [1.5210416, 42.5282338], [1.5219947, 42.5292832], [1.5212379, 42.530509], [1.520919, 42.5317568], [1.5211005, 42.5330737], [1.5210773, 42.5342829], [1.5222804, 42.5351532], [1.5231536, 42.5363351], [1.524599, 42.5367435], [1.5251192, 42.5375729], [1.5236927, 42.5378953], [1.5231621, 42.5391088], [1.5234518, 42.5405478], [1.5230703, 42.5413344], [1.5229473, 42.5427819], [1.5235526, 42.544164], [1.5242542, 42.5454938], [1.524709, 42.5468644], [1.5251612, 42.5482042], [1.5257871, 42.5495711], [1.5265736, 42.5508708], [1.5259524, 42.5500204], [1.5254973, 42.549233], [1.5259528, 42.5506822], [1.5266402, 42.5519667], [1.5278434, 42.5528927], [1.5288517, 42.5540123], [1.5299276, 42.5550492], [1.5313211, 42.5556494], [1.5328253, 42.5556066], [1.5335537, 42.5565359]], "mood_vectors": [[0.0898, 0.042, 0.0167, 0.6991, 0.0446, 0.0401, 0.0677], [0.0446, 0.0587, 0.0771, 0.6498, 0.0778, 0.0707, 0.0213], [0.0629, 0.0445, 0.0267, 0.7684, 0.036, 0.0131, 0.0484], [0.0528, 0.0295, 0.0147, 0.7508, 0.0539, 0.0571, 0.0412], [0.0251, 0.0315, 0.0832, 0.6881, 0.0613, 0.0899, 0.0208], [0.055, 0.0397, 0.0467, 0.6834, 0.0477, 0.0454, 0.0821], [0.0841, 0.0817, 0.0724, 0.6519, 0.0149, 0.0242, 0.0708], [0.0281, 0.0268, 0.0294, 0.792, 0.0523, 0.0303, 0.0411], [0.0743, 0.0334, 0.0211, 0.7384, 0.0352, 0.0688, 0.0289], [0.0551, 0.0523, 0.0313, 0.6763, 0.0725, 0.0716, 0.0409], [0.0394, 0.0242, 0.0566, 0.8055, 0.0141, 0.0214, 0.0386], [0.0463, 0.057, 0.0629, 0.7022, 0.0613, 0.0541, 0.0163], [0.0379, 0.0465, 0.0291, 0.7092, 0.0373, 0.0693, 0.0706], [0.0798, 0.0253, 0.0422, 0.77, 0.0471, 0.0158, 0.0199], [0.017, 0.0533, 0.0563, 0.6888, 0.0664, 0.0569, 0.0611], [0.0139, 0.0517, 0.0437, 0.7757, 0.0672, 0.0332, 0.0146], [0.027, 0.0595, 0.0754, 0.6751, 0.075, 0.0235, 0.0645], [0.0519, 0.0368, 0.0742, 0.6923, 0.0207, 0.0519, 0.0721], [0.0708, 0.014, 0.0431, 0.6929, 0.0807, 0.0576, 0.041], [0.0747, 0.0256, 0.0703, 0.7161, 0.0348, 0.0645, 0.014], [0.0255, 0.0196, 0.1025, 0.6757, 0.0586, 0.085, 0.0331], [0.063, 0.0721, 0.0575, 0.6406, 0.0596, 0.0696, 0.0376], [0.0823, 0.0657, 0.0384, 0.6405, 0.04, 0.0387, 0.0944], [0.0719, 0.0645, 0.0601, 0.6875, 0.0317, 0.0382, 0.0462], [0.0439, 0.0682, 0.0672, 0.7124, 0.0113, 0.0545, 0.0425], [0.0549, 0.0609, 0.0561, 0.6323, 0.0356, 0.0795, 0.0808], [0.0178, 0.0629, 0.0444, 0.7852, 0.0355, 0.0394, 0.0149], [0.0447, 0.032, 0.0364, 0.7496, 0.0615, 0.0577, 0.0181], [0.0526, 0.0344, 0.0528, 0.7586, 0.0243, 0.0225, 0.0548], [0.0711, 0.0594, 0.0461, 0.6727, 0.0713, 0.0664, 0.0131], [0.0779, 0.0784, 0.0713, 0.6377, 0.0287, 0.076, 0.0299], [0.0555, 0.0346, 0.0856, 0.6695, 0.0875, 0.0539, 0.0135], [0.079, 0.0395, 0.0877, 0.6709, 0.0702, 0.0279, 0.0249], [0.0431, 0.0801, 0.0413, 0.6649, 0.0656, 0.057, 0.048], [0.0419, 0.0228, 0.0493, 0.7758, 0.0432, 0.0281, 0.039], [0.0288, 0.0635, 0.0507, 0.7189, 0.0527, 0.0611, 0.0243], [0.0273, 0.0743, 0.0268, 0.744, 0.0369, 0.0375, 0.0533], [0.0429, 0.0679, 0.0451, 0.6913, 0.0492, 0.0389, 0.0647], [0.0282, 0.0573, 0.0737, 0.5976, 0.0785, 0.0831, 0.0815], [0.0691, 0.05, 0.0397, 0.6877, 0.0397, 0.0732, 0.0407], [0.0218, 0.0669, 0.035, 0.7449, 0.021, 0.0278, 0.0825], [0.0321, 0.0638, 0.0801, 0.6632, 0.0566, 0.0303, 0.074], [0.0588, 0.0787, 0.049, 0.7022, 0.0384, 0.0597, 0.0131], [0.0181, 0.0872, 0.0808, 0.6157, 0.0859, 0.0698, 0.0425], [0.0208, 0.0349, 0.099, 0.665, 0.0669, 0.056, 0.0574], [0.0565, 0.0394, 0.0191, 0.6965, 0.064, 0.0744, 0.05], [0.064, 0.0308, 0.0774, 0.5959, 0.0686, 0.0807, 0.0826], [0.0499, 0.0438, 0.0282, 0.7424, 0.0463, 0.0287, 0.0606], [0.0175, 0.0513, 0.0394, 0.6837, 0.0706, 0.0608, 0.0768], [0.0728, 0.0456, 0.019, 0.7483, 0.0167, 0.0803, 0.0172], [0.0372, 0.0771, 0.0693, 0.6265, 0.0653, 0.0821, 0.0426], [0.0303, 0.0368, 0.0385, 0.6961, 0.0395, 0.0774, 0.0814], [0.0296, 0.0257, 0.0695, 0.6888, 0.0157, 0.0946, 0.0761], [0.0541, 0.0694, 0.0481, 0.6881, 0.0531, 0.0312, 0.0561], [0.0735, 0.042, 0.061, 0.6537, 0.0719, 0.0427, 0.0552], [0.0395, 0.0314, 0.0322, 0.6298, 0.0847, 0.0942, 0.0883], [0.0471, 0.0256, 0.0779, 0.7519, 0.0237, 0.057, 0.0167], [0.0508, 0.0683, 0.036, 0.737, 0.0207, 0.0118, 0.0754], [0.0548, 0.0475, 0.0291, 0.7504, 0.0294, 0.029, 0.0599], [0.0681, 0.0151, 0.0349, 0.7037, 0.0593, 0.0689, 0.05], [0.0736, 0.0807, 0.0322, 0.6713, 0.0546, 0.0267, 0.0609], [0.0451, 0.015, 0.0848, 0.6639, 0.0608, 0.0776, 0.0528], [0.0662, 0.019, 0.0686, 0.7197, 0.0423, 0.0593, 0.0249], [0.0251, 0.0225, 0.0867, 0.7047, 0.0738, 0.07, 0.0173], [0.0858, 0.0354, 0.0342, 0.7085, 0.0599, 0.0568, 0.0194], [0.0675, 0.0869, 0.0152, 0.6593, 0.0809, 0.0579, 0.0323], [0.0849, 0.0439, 0.0195, 0.6811, 0.0801, 0.0124, 0.0779], [0.0454, 0.0816, 0.0372, 0.7129, 0.0362, 0.0315, 0.0552], [0.0331, 0.0696, 0.0687, 0.7209, 0.0331, 0.0252, 0.0495], [0.0447, 0.0142, 0.0736, 0.7563, 0.0174, 0.0727, 0.0212], [0.0247, 0.0442, 0.0586, 0.7459, 0.0254, 0.0323, 0.0687], [0.0251, 0.0355, 0.0238, 0.7483, 0.0659, 0.0262, 0.0752], [0.0833, 0.038, 0.048, 0.6838, 0.0336, 0.0811, 0.0322], [0.0782, 0.0435, 0.0506, 0.6976, 0.0333, 0.044, 0.0529], [0.0522, 0.0313, 0.0736, 0.7525, 0.0485, 0.014, 0.028], [0.0787, 0.0332, 0.0176, 0.7472, 0.0592, 0.049, 0.0152], [0.0639, 0.024, 0.0481, 0.7364, 0.0703, 0.0213, 0.036], [0.0577, 0.0347, 0.086, 0.7019, 0.0228, 0.0507, 0.0463], [0.0399, 0.0538, 0.073, 0.7127, 0.0604, 0.0328, 0.0274], [0.0239, 0.0251, 0.0418, 0.6985, 0.0704, 0.0558, 0.0845]], "emotions": ["green", "green", "green", "green", "green", "green", "green", "green", "green", "green", "green", "green", "green", "green", "green", "green", "green", "green", "green", "green", "green", "green", "green", "green", "green", "green", "green", "green", "green", "green", "green", "green", "green", "green", "green", "green", "green", "green", "green", "green", "green", "green", "green", "green", "green", "green", "green", "green", "green", "green", "green", "green", "green", "green", "green", "green", "green", "green", "green", "green", "green", "green", "green", "green", "green", "green", "green", "green", "green", "green", "green", "green", "green", "green", "green", "green", "green", "green", "green", "green"], "timestamps": [0, 40, 80, 120, 160, 200, 240, 280, 320, 360, 400, 440, 480, 520, 560, 600, 640, 680, 720, 760, 800, 840, 880, 920, 960, 1000, 1040, 1080, 1120, 1160, 1200, 1240, 1280, 1320, 1360, 1400, 1440, 1480, 1520, 1560, 1600, 1640, 1680, 1720, 1760, 1800, 1840, 1880, 1920, 1960, 2000, 2040, 2080, 2120, 2160, 2200, 2240, 2280, 2320, 2360, 2400, 2440, 2480, 2520, 2560, 2600, 2640, 2680, 2720, 2760, 2800, 2840, 2880, 2920, 2960, 3000, 3040, 3080, 3120, 3160]}], "conversation": [], "conversation_timestamps": []}