{"agent_id": "agent-orange-573", "type": "orange", "trips": [{"trip_id": 0, "transport_method": "foot", "start_time": 0, "path": [[1.5655481, 42.5361686], [1.5655751, 42.5364826], [1.5655416, 42.5369118], [1.5651884, 42.5374713], [1.5658906, 42.5377763], [1.5658858, 42.5383107], [1.5652823, 42.5387934], [1.5645082, 42.5388788], [1.5637913, 42.5385107], [1.5630197, 42.5382592], [1.5623807, 42.5377698], [1.561689, 42.5373727], [1.5610787, 42.5368836], [1.5603355, 42.5366933], [1.5597957, 42.5361], [1.5590319, 42.5358225], [1.5582882, 42.5355138], [1.5578219, 42.5348658], [1.5571626, 42.534404], [1.5565211, 42.533928], [1.5558613, 42.5334915], [1.5551914, 42.5331343], [1.5546012, 42.532638], [1.5539121, 42.5322118], [1.5531653, 42.5318861], [1.5525331, 42.5314029], [1.5524379, 42.5306148], [1.552095, 42.5299303], [1.5514139, 42.5294881], [1.5510849, 42.5287558], [1.5514002, 42.528069], [1.5520114, 42.5275428], [1.5513644, 42.5272325], [1.5505617, 42.5270977], [1.5498028, 42.5268008], [1.5490418, 42.5265154], [1.548319, 42.5261946], [1.5477004, 42.5256768], [1.5472018, 42.5250329], [1.5466729, 42.5244142], [1.546073, 42.5238818], [1.545676, 42.523367], [1.5459927, 42.5226518], [1.5463378, 42.5220513], [1.546803, 42.5214184], [1.5467336, 42.5206417], [1.5466527, 42.5201144], [1.547336, 42.5203159], [1.5474766, 42.5196278], [1.5479525, 42.5189765], [1.5485449, 42.5184277], [1.5490054, 42.5177752], [1.5488218, 42.5170431], [1.5480634, 42.5167525], [1.5472729, 42.5165613], [1.546605, 42.5162014], [1.545838, 42.5159426], [1.5451452, 42.5156371], [1.5449962, 42.5154835], [1.5457099, 42.5150954], [1.5454588, 42.514615], [1.5451034, 42.5140854], [1.5443803, 42.513893], [1.5435734, 42.5138471], [1.5427982, 42.5137465], [1.5420916, 42.5133733], [1.5414376, 42.5130124], [1.5416046, 42.5125874], [1.5408294, 42.5124264], [1.5400295, 42.5124252], [1.5393459, 42.512509], [1.5392704, 42.512606], [1.5388858, 42.5124288], [1.5381292, 42.5126876], [1.5373309, 42.5128479], [1.5365408, 42.513048], [1.5359913, 42.5127384], [1.5354913, 42.5121404], [1.5357565, 42.5126328], [1.5354891, 42.5121322]], "mood_vectors": [[0.0655, 0.0503, 0.0599, 0.0516, 0.6738, 0.065, 0.0339], [0.0714, 0.0445, 0.0148, 0.0386, 0.7154, 0.0286, 0.0868], [0.0918, 0.0833, 0.0592, 0.0149, 0.641, 0.0951, 0.0148], [0.0151, 0.0153, 0.0586, 0.0643, 0.754, 0.039, 0.0538], [0.0306, 0.068, 0.0412, 0.0166, 0.7029, 0.072, 0.0687], [0.0452, 0.0705, 0.0679, 0.0571, 0.7063, 0.0208, 0.0321], [0.0552, 0.03, 0.0242, 0.0427, 0.7662, 0.0242, 0.0575], [0.0536, 0.0612, 0.0175, 0.0237, 0.7249, 0.0522, 0.067], [0.0212, 0.0588, 0.0246, 0.0409, 0.7984, 0.0433, 0.0127], [0.0847, 0.0565, 0.0833, 0.0301, 0.636, 0.0172, 0.0922], [0.0658, 0.0222, 0.0389, 0.0183, 0.755, 0.06, 0.0399], [0.0267, 0.0366, 0.0863, 0.0314, 0.6951, 0.017, 0.107], [0.0517, 0.0226, 0.0607, 0.0584, 0.7339, 0.0251, 0.0474], [0.0579, 0.0455, 0.0747, 0.0637, 0.6214, 0.0615, 0.0754], [0.0662, 0.0299, 0.0501, 0.0684, 0.6797, 0.0256, 0.0801], [0.0252, 0.0661, 0.0633, 0.0113, 0.7422, 0.0734, 0.0185], [0.0879, 0.0388, 0.0927, 0.0166, 0.6491, 0.0555, 0.0595], [0.0265, 0.0458, 0.0549, 0.0641, 0.6896, 0.0592, 0.0599], [0.0952, 0.0378, 0.0477, 0.0481, 0.6955, 0.0309, 0.0447], [0.0711, 0.0804, 0.0488, 0.0216, 0.6538, 0.0791, 0.0452], [0.0116, 0.0182, 0.0689, 0.0697, 0.7335, 0.0571, 0.0411], [0.0389, 0.0637, 0.028, 0.0454, 0.7481, 0.0387, 0.0371], [0.0723, 0.0178, 0.0498, 0.0758, 0.7039, 0.0165, 0.0638], [0.0748, 0.0597, 0.0329, 0.0301, 0.6759, 0.0554, 0.0713], [0.0343, 0.0256, 0.0284, 0.085, 0.6935, 0.033, 0.1002], [0.0674, 0.0628, 0.0166, 0.0725, 0.6512, 0.0816, 0.0478], [0.0543, 0.0363, 0.0649, 0.0395, 0.6511, 0.0559, 0.0981], [0.0426, 0.0563, 0.0887, 0.0541, 0.6516, 0.0862, 0.0206], [0.0444, 0.0701, 0.0156, 0.025, 0.7008, 0.0571, 0.0869], [0.0128, 0.0377, 0.0595, 0.0179, 0.7368, 0.077, 0.0583], [0.0597, 0.0572, 0.0257, 0.0504, 0.7659, 0.0217, 0.0194], [0.0189, 0.0567, 0.0597, 0.0386, 0.721, 0.0297, 0.0753], [0.0166, 0.0549, 0.0596, 0.0739, 0.6983, 0.0507, 0.046], [0.0422, 0.0619, 0.0773, 0.0449, 0.6589, 0.0616, 0.0533], [0.0224, 0.0452, 0.0241, 0.0906, 0.7078, 0.0649, 0.045], [0.0873, 0.0618, 0.0746, 0.0172, 0.664, 0.0345, 0.0605], [0.037, 0.0429, 0.0487, 0.0609, 0.6812, 0.0572, 0.0721], [0.0666, 0.0234, 0.0678, 0.0354, 0.6998, 0.0489, 0.058], [0.0731, 0.0727, 0.0489, 0.0615, 0.6921, 0.0367, 0.015], [0.0763, 0.0254, 0.0854, 0.0868, 0.6484, 0.0248, 0.0529], [0.038, 0.0232, 0.0742, 0.0627, 0.7313, 0.0298, 0.0408], [0.0404, 0.078, 0.0644, 0.0499, 0.6828, 0.0368, 0.0477], [0.0461, 0.0182, 0.0199, 0.0192, 0.8275, 0.0548, 0.0144], [0.0199, 0.034, 0.0585, 0.0553, 0.7295, 0.0571, 0.0457], [0.0674, 0.0405, 0.0528, 0.0606, 0.6829, 0.0424, 0.0535], [0.0162, 0.0482, 0.054, 0.0518, 0.6864, 0.0788, 0.0646], [0.0665, 0.0558, 0.0229, 0.0113, 0.7019, 0.0683, 0.0733], [0.0801, 0.0462, 0.0403, 0.0574, 0.6956, 0.0479, 0.0324], [0.0522, 0.0268, 0.065, 0.0604, 0.7115, 0.0719, 0.0122], [0.0478, 0.0411, 0.0522, 0.063, 0.6997, 0.0329, 0.0633], [0.0367, 0.0349, 0.074, 0.0612, 0.6477, 0.0686, 0.0769], [0.0544, 0.0608, 0.0268, 0.0322, 0.75, 0.051, 0.0247], [0.0452, 0.0468, 0.084, 0.0317, 0.754, 0.0213, 0.017], [0.074, 0.0208, 0.0596, 0.0389, 0.7032, 0.0285, 0.075], [0.0705, 0.0279, 0.051, 0.0684, 0.7173, 0.0189, 0.046], [0.0621, 0.0598, 0.0587, 0.0508, 0.6956, 0.0569, 0.0162], [0.051, 0.0227, 0.0526, 0.0255, 0.7337, 0.0863, 0.0282], [0.06, 0.0418, 0.0219, 0.0967, 0.6958, 0.0427, 0.0412], [0.0141, 0.051, 0.0598, 0.0615, 0.7317, 0.0531, 0.0288], [0.0539, 0.0936, 0.0948, 0.0305, 0.6371, 0.0343, 0.0557], [0.0971, 0.0347, 0.0161, 0.0773, 0.6689, 0.0341, 0.0719], [0.0689, 0.0621, 0.0822, 0.0763, 0.6437, 0.0371, 0.0297], [0.0174, 0.0246, 0.046, 0.0484, 0.7237, 0.0475, 0.0924], [0.0172, 0.0307, 0.0579, 0.0421, 0.7236, 0.0592, 0.0693], [0.0505, 0.0138, 0.0578, 0.0289, 0.6869, 0.081, 0.0812], [0.0393, 0.0289, 0.0174, 0.0639, 0.7495, 0.03, 0.071], [0.0325, 0.0366, 0.0635, 0.07, 0.6905, 0.0773, 0.0296], [0.0937, 0.0537, 0.0738, 0.0274, 0.675, 0.0152, 0.0612], [0.0619, 0.0516, 0.0319, 0.0909, 0.6503, 0.0662, 0.0472], [0.0518, 0.0187, 0.0196, 0.0814, 0.7322, 0.0331, 0.0632], [0.0459, 0.057, 0.0572, 0.0711, 0.6661, 0.0415, 0.0612], [0.045, 0.0237, 0.0436, 0.0836, 0.6824, 0.1003, 0.0215], [0.0339, 0.0566, 0.0241, 0.0487, 0.7331, 0.0413, 0.0623], [0.0659, 0.0169, 0.0701, 0.0404, 0.6897, 0.0869, 0.0301], [0.0716, 0.0346, 0.0686, 0.046, 0.7331, 0.0162, 0.0299], [0.0236, 0.0245, 0.0265, 0.0708, 0.7358, 0.0772, 0.0417], [0.0788, 0.0806, 0.0188, 0.077, 0.6455, 0.0153, 0.084], [0.0366, 0.0671, 0.0375, 0.0553, 0.6595, 0.0763, 0.0678], [0.0271, 0.0193, 0.0162, 0.0271, 0.8258, 0.0605, 0.024], [0.091, 0.0522, 0.0669, 0.0263, 0.6751, 0.0702, 0.0182]], "emotions": ["red", "red", "red", "red", "red", "red", "red", "red", "red", "red", "red", "red", "red", "red", "red", "red", "red", "red", "red", "red", "red", "red", "red", "red", "red", "red", "red", "red", "red", "red", "red", "red", "red", "red", "red", "red", "red", "red", "red", "red", "red", "red", "red", "red", "red", "red", "red", "red", "red", "red", "red", "red", "red", "red", "red", "red", "red", "red", "red", "red", "red", "red", "red", "red", "red", "red", "red", "red", "red", "red", "red", "red", "red", "red", "red", "red", "red", "red", "red", "red"], "timestamps": [0, 40, 80, 120, 160, 200, 240, 280, 320, 360, 400, 440, 480, 520, 560, 600, 640, 680, 720, 760, 800, 840, 880, 920, 960, 1000, 1040, 1080, 1120, 1160, 1200, 1240, 1280, 1320, 1360, 1400, 1440, 1480, 1520, 1560, 1600, 1640, 1680, 1720, 1760, 1800, 1840, 1880, 1920, 1960, 2000, 2040, 2080, 2120, 2160, 2200, 2240, 2280, 2320, 2360, 2400, 2440, 2480, 2520, 2560, 2600, 2640, 2680, 2720, 2760, 2800, 2840, 2880, 2920, 2960, 3000, 3040, 3080, 3120, 3160]}], "conversation": [], "conversation_timestamps": []}