{"agent_id": "agent-green-1982", "type": "green", "trips": [{"trip_id": 0, "transport_method": "car", "start_time": 0, "path": [[1.5184793, 42.507103], [1.5182759, 42.5071688], [1.5182287, 42.5073304], [1.518378, 42.507564], [1.5182863, 42.5076857], [1.5181363, 42.5077046], [1.5182526, 42.5079524], [1.5184286, 42.5081629], [1.5185534, 42.5083892], [1.5187927, 42.5082469], [1.5190319, 42.5081045], [1.5192711, 42.5079622], [1.5195103, 42.5078199], [1.5192548, 42.5077455], [1.5189923, 42.5076569], [1.518855, 42.5077172], [1.5189753, 42.5078795], [1.5188896, 42.5079593], [1.5187963, 42.5080806], [1.5185811, 42.5082302], [1.5186487, 42.5083451], [1.5189006, 42.5082266], [1.5191525, 42.508108], [1.5194043, 42.5079895], [1.5196562, 42.507871], [1.5198213, 42.5076798], [1.5198426, 42.5074315], [1.52012, 42.5074084], [1.5203965, 42.5073963], [1.5206556, 42.5074947], [1.5209339, 42.5075034], [1.5212121, 42.5075121], [1.5214903, 42.5075209], [1.5217609, 42.5075228], [1.5219624, 42.5077148], [1.5222051, 42.5077094], [1.5224824, 42.5077335], [1.5227597, 42.5077577], [1.523037, 42.5077818], [1.5232945, 42.5078218], [1.5235718, 42.5077981], [1.5238495, 42.5077788], [1.5241277, 42.5077726], [1.5244039, 42.507802], [1.5246762, 42.5078589], [1.5249437, 42.5079361], [1.5252112, 42.5080132], [1.5254786, 42.5080903], [1.5257378, 42.5081909], [1.5260125, 42.508232], [1.5262842, 42.5082918], [1.526559, 42.5083356], [1.5268366, 42.5083547], [1.5271149, 42.50836], [1.5273931, 42.508366], [1.5276612, 42.5084317], [1.5279171, 42.5085412], [1.528173, 42.5086506], [1.5284233, 42.5087725], [1.5286912, 42.5088449], [1.5289629, 42.5089053], [1.5291519, 42.5089236], [1.5288847, 42.5088826], [1.5290646, 42.5089354], [1.5293349, 42.509002], [1.5296051, 42.5090686], [1.5298744, 42.509139], [1.5301374, 42.5092303], [1.5304004, 42.5093213], [1.530664, 42.5093463], [1.5309261, 42.5094232], [1.5311867, 42.5095208], [1.5314465, 42.509621], [1.5317083, 42.5097153], [1.5319704, 42.5098089], [1.5322375, 42.509857], [1.5324944, 42.5099486], [1.5327716, 42.5099735], [1.5330489, 42.5099968], [1.5333259, 42.5100238]], "mood_vectors": [[0.0404, 0.0179, 0.0319, 0.0701, 0.0358, 0.0632, 0.7408], [0.0349, 0.0278, 0.0461, 0.0282, 0.068, 0.038, 0.757], [0.071, 0.0702, 0.0455, 0.064, 0.0634, 0.0742, 0.6116], [0.0476, 0.0412, 0.0473, 0.0551, 0.0337, 0.0741, 0.7009], [0.0643, 0.0422, 0.0299, 0.0723, 0.0514, 0.0557, 0.6842], [0.0195, 0.0381, 0.0438, 0.0371, 0.0436, 0.0326, 0.7852], [0.0229, 0.0626, 0.0524, 0.0592, 0.0241, 0.0567, 0.7221], [0.0555, 0.0827, 0.0873, 0.0198, 0.0362, 0.0888, 0.6297], [0.0477, 0.0642, 0.042, 0.0442, 0.0754, 0.0393, 0.6872], [0.0808, 0.0315, 0.0556, 0.042, 0.056, 0.0452, 0.6889], [0.0192, 0.0515, 0.0603, 0.0235, 0.0683, 0.0773, 0.6999], [0.0462, 0.0624, 0.0622, 0.0921, 0.0194, 0.0578, 0.66], [0.0272, 0.0553, 0.0316, 0.0638, 0.0365, 0.0456, 0.74], [0.0395, 0.0313, 0.0583, 0.0288, 0.0566, 0.0221, 0.7635], [0.0684, 0.0807, 0.0481, 0.0771, 0.0699, 0.056, 0.5999], [0.0591, 0.0331, 0.0143, 0.076, 0.0774, 0.0375, 0.7026], [0.0662, 0.027, 0.0164, 0.0296, 0.0712, 0.0452, 0.7443], [0.054, 0.0211, 0.0437, 0.0375, 0.0268, 0.0412, 0.7756], [0.0211, 0.0772, 0.0214, 0.08, 0.0912, 0.0516, 0.6575], [0.0505, 0.0658, 0.037, 0.024, 0.0201, 0.0795, 0.7232], [0.0667, 0.0783, 0.0158, 0.0494, 0.063, 0.0359, 0.6909], [0.0179, 0.0728, 0.0495, 0.045, 0.0549, 0.0331, 0.7268], [0.0247, 0.0453, 0.0539, 0.0594, 0.0919, 0.0224, 0.7023], [0.0333, 0.0889, 0.033, 0.0315, 0.0295, 0.0316, 0.7523], [0.032, 0.0692, 0.0493, 0.0352, 0.018, 0.0637, 0.7325], [0.0568, 0.0482, 0.0818, 0.0283, 0.0258, 0.0775, 0.6815], [0.0167, 0.0397, 0.0886, 0.0752, 0.0761, 0.0175, 0.6863], [0.0707, 0.0638, 0.0308, 0.0434, 0.0659, 0.0215, 0.7041], [0.092, 0.052, 0.0613, 0.0929, 0.0405, 0.045, 0.6162], [0.0456, 0.0556, 0.0512, 0.043, 0.0176, 0.0761, 0.7109], [0.0719, 0.0543, 0.0196, 0.0652, 0.0801, 0.0785, 0.6304], [0.0131, 0.0704, 0.0489, 0.0353, 0.0753, 0.0693, 0.6877], [0.0428, 0.0763, 0.0228, 0.0332, 0.0362, 0.0764, 0.7123], [0.0266, 0.0863, 0.0674, 0.0195, 0.0171, 0.0341, 0.7489], [0.0208, 0.0272, 0.0598, 0.0335, 0.0567, 0.0571, 0.745], [0.0638, 0.0172, 0.0661, 0.0613, 0.0584, 0.02, 0.7132], [0.0687, 0.029, 0.0611, 0.0367, 0.0911, 0.058, 0.6552], [0.0786, 0.0276, 0.0192, 0.0293, 0.0243, 0.081, 0.74], [0.0389, 0.0186, 0.0899, 0.0151, 0.0141, 0.0669, 0.7565], [0.037, 0.0686, 0.0828, 0.0527, 0.067, 0.0351, 0.6569], [0.0405, 0.0862, 0.066, 0.0159, 0.017, 0.0555, 0.7189], [0.0678, 0.0573, 0.0375, 0.0327, 0.0436, 0.0526, 0.7085], [0.0655, 0.0733, 0.0183, 0.0178, 0.0585, 0.0238, 0.7428], [0.0412, 0.0194, 0.0231, 0.0601, 0.0173, 0.0501, 0.7889], [0.0628, 0.0573, 0.0306, 0.0305, 0.0137, 0.0626, 0.7424], [0.0336, 0.0335, 0.026, 0.0461, 0.0919, 0.0395, 0.7293], [0.0353, 0.0722, 0.036, 0.0782, 0.0996, 0.0462, 0.6326], [0.0676, 0.0309, 0.0455, 0.0703, 0.0725, 0.0275, 0.6857], [0.0672, 0.0169, 0.028, 0.0666, 0.0532, 0.0163, 0.7518], [0.0264, 0.0725, 0.0741, 0.0747, 0.0195, 0.0268, 0.7061], [0.0718, 0.0584, 0.019, 0.0206, 0.0681, 0.0668, 0.6953], [0.0149, 0.0673, 0.0766, 0.0808, 0.0314, 0.0598, 0.6693], [0.0415, 0.0595, 0.0685, 0.0209, 0.0317, 0.0607, 0.7172], [0.0704, 0.0687, 0.0501, 0.0615, 0.0286, 0.067, 0.6538], [0.0428, 0.0746, 0.0181, 0.0777, 0.0139, 0.0324, 0.7404], [0.0334, 0.0165, 0.0249, 0.0736, 0.0232, 0.0388, 0.7895], [0.021, 0.0728, 0.0762, 0.0217, 0.0723, 0.0821, 0.654], [0.0722, 0.0573, 0.0318, 0.0542, 0.0446, 0.055, 0.685], [0.0216, 0.0179, 0.0314, 0.0541, 0.0643, 0.0185, 0.7922], [0.0297, 0.0692, 0.0268, 0.0563, 0.0514, 0.0879, 0.6786], [0.0303, 0.0177, 0.03, 0.0775, 0.0881, 0.0891, 0.6673], [0.0656, 0.0596, 0.0444, 0.021, 0.0149, 0.0775, 0.7171], [0.0349, 0.0958, 0.0261, 0.0202, 0.0471, 0.075, 0.7008], [0.0347, 0.0656, 0.0635, 0.0189, 0.0863, 0.0913, 0.6396], [0.0175, 0.0711, 0.0222, 0.022, 0.0519, 0.0366, 0.7787], [0.0705, 0.0667, 0.0236, 0.0408, 0.0434, 0.0782, 0.6768], [0.0337, 0.0669, 0.0319, 0.0384, 0.0764, 0.0171, 0.7356], [0.0252, 0.0918, 0.0381, 0.0907, 0.021, 0.0181, 0.7152], [0.0779, 0.0722, 0.0775, 0.0311, 0.0202, 0.051, 0.6702], [0.0636, 0.023, 0.0596, 0.083, 0.0654, 0.0527, 0.6526], [0.0248, 0.0534, 0.0423, 0.0527, 0.0479, 0.095, 0.6838], [0.0338, 0.0461, 0.0208, 0.0325, 0.0529, 0.0747, 0.7392], [0.0337, 0.0868, 0.0636, 0.0707, 0.0567, 0.0689, 0.6197], [0.044, 0.0201, 0.0266, 0.093, 0.0415, 0.0465, 0.7283], [0.0372, 0.0776, 0.0649, 0.0147, 0.0427, 0.0299, 0.733], [0.0676, 0.0156, 0.0138, 0.0505, 0.0642, 0.0692, 0.7191], [0.0212, 0.0574, 0.081, 0.0445, 0.0514, 0.0553, 0.6891], [0.0286, 0.0853, 0.0152, 0.0466, 0.0201, 0.0559, 0.7484], [0.1007, 0.0571, 0.0246, 0.0324, 0.018, 0.0489, 0.7183], [0.0539, 0.0246, 0.0424, 0.0315, 0.0596, 0.0691, 0.7189]], "emotions": ["purple", "purple", "purple", "purple", "purple", "purple", "purple", "purple", "purple", "purple", "purple", "purple", "purple", "purple", "purple", "purple", "purple", "purple", "purple", "purple", "purple", "purple", "purple", "purple", "purple", "purple", "purple", "purple", "purple", "purple", "purple", "purple", "purple", "purple", "purple", "purple", "purple", "purple", "purple", "purple", "purple", "purple", "purple", "purple", "purple", "purple", "purple", "purple", "purple", "purple", "purple", "purple", "purple", "purple", "purple", "purple", "purple", "purple", "purple", "purple", "purple", "purple", "purple", "purple", "purple", "purple", "purple", "purple", "purple", "purple", "purple", "purple", "purple", "purple", "purple", "purple", "purple", "purple", "purple", "purple"], "timestamps": [0, 40, 80, 120, 160, 200, 240, 280, 320, 360, 400, 440, 480, 520, 560, 600, 640, 680, 720, 760, 800, 840, 880, 920, 960, 1000, 1040, 1080, 1120, 1160, 1200, 1240, 1280, 1320, 1360, 1400, 1440, 1480, 1520, 1560, 1600, 1640, 1680, 1720, 1760, 1800, 1840, 1880, 1920, 1960, 2000, 2040, 2080, 2120, 2160, 2200, 2240, 2280, 2320, 2360, 2400, 2440, 2480, 2520, 2560, 2600, 2640, 2680, 2720, 2760, 2800, 2840, 2880, 2920, 2960, 3000, 3040, 3080, 3120, 3160]}], "conversation": [], "conversation_timestamps": []}