{"agent_id": "agent-red-1816", "type": "red", "trips": [{"trip_id": 0, "transport_method": "car", "start_time": 0, "path": [[1.5016647, 42.4968161], [1.5027084, 42.4974036], [1.5038011, 42.4978991], [1.5048914, 42.4983991], [1.5059687, 42.4989253], [1.5070504, 42.4994444], [1.5081097, 42.4999946], [1.5091934, 42.5005095], [1.5092179, 42.5005211], [1.509995, 42.5008781], [1.5110842, 42.5013817], [1.5103614, 42.5010985], [1.5109851, 42.5014193], [1.5115735, 42.5016589], [1.512521, 42.5023095], [1.5134348, 42.5030741], [1.5142438, 42.5039463], [1.5150026, 42.5048422], [1.5159872, 42.5054285], [1.5170858, 42.5059009], [1.5179948, 42.5063556], [1.5189939, 42.5069687], [1.5200653, 42.5074122], [1.5212437, 42.5075131], [1.5223227, 42.5077196], [1.5234982, 42.5078032], [1.5246884, 42.5078624], [1.5257656, 42.508276], [1.5269276, 42.5085185], [1.5280265, 42.5089129], [1.5288934, 42.5097382], [1.5295959, 42.5106352], [1.5299803, 42.5115149], [1.5309731, 42.5120825], [1.5304169, 42.5131015], [1.5303798, 42.5142461], [1.5295113, 42.5150437], [1.5286942, 42.5158988], [1.5276551, 42.5164989], [1.526616, 42.517099], [1.5269883, 42.5169615], [1.5280294, 42.516413], [1.5288438, 42.5158176], [1.5278377, 42.5164714], [1.5268315, 42.5171252], [1.5258254, 42.517779], [1.5248192, 42.5184328], [1.5254062, 42.5179933], [1.5262359, 42.5173426], [1.5252598, 42.5180406], [1.5242957, 42.518754], [1.5238459, 42.5197523], [1.5234509, 42.5208764], [1.5226667, 42.5217499], [1.5218639, 42.5226072], [1.5213035, 42.5236459], [1.5206663, 42.5246519], [1.5205941, 42.525847], [1.5200953, 42.5269008], [1.5202853, 42.5279677], [1.5206549, 42.5290711], [1.5199575, 42.5299917], [1.5198124, 42.5309529], [1.5195698, 42.5320848], [1.5196755, 42.5332482], [1.5197729, 42.5343117], [1.5206366, 42.5351443], [1.521449, 42.5357292], [1.5211605, 42.5363755], [1.5204505, 42.5372949], [1.5201435, 42.5384488], [1.5199258, 42.5396201], [1.5200916, 42.5407853], [1.5191788, 42.5415147], [1.5182315, 42.5422384], [1.5175605, 42.5432246], [1.5169931, 42.5442575], [1.5178485, 42.5445667], [1.5186264, 42.545107], [1.5196767, 42.5455225]], "mood_vectors": [[0.7098, 0.0466, 0.029, 0.0646, 0.0685, 0.0562, 0.0252], [0.6957, 0.0719, 0.0154, 0.0403, 0.071, 0.0538, 0.052], [0.7483, 0.049, 0.0446, 0.0499, 0.0539, 0.0425, 0.0117], [0.7306, 0.05, 0.0142, 0.0793, 0.0628, 0.0496, 0.0136], [0.7176, 0.0328, 0.0475, 0.0483, 0.0607, 0.0701, 0.023], [0.7429, 0.0392, 0.05, 0.0281, 0.0756, 0.0325, 0.0318], [0.666, 0.0396, 0.0502, 0.0806, 0.0322, 0.0777, 0.0537], [0.7119, 0.0791, 0.085, 0.0264, 0.0131, 0.0143, 0.0702], [0.7202, 0.059, 0.0215, 0.025, 0.0549, 0.0621, 0.0574], [0.6822, 0.0378, 0.0545, 0.0575, 0.0414, 0.0533, 0.0733], [0.7607, 0.0181, 0.0357, 0.0393, 0.0453, 0.0349, 0.066], [0.6768, 0.065, 0.0134, 0.0753, 0.0651, 0.0865, 0.0179], [0.6345, 0.071, 0.0279, 0.0427, 0.0686, 0.0671, 0.0882], [0.6198, 0.0885, 0.0517, 0.0809, 0.0443, 0.0219, 0.0929], [0.6726, 0.0124, 0.0681, 0.055, 0.0795, 0.0512, 0.0612], [0.6452, 0.0625, 0.0882, 0.041, 0.0657, 0.0494, 0.048], [0.737, 0.0551, 0.0263, 0.0702, 0.048, 0.0196, 0.0438], [0.7418, 0.0143, 0.0481, 0.0473, 0.0592, 0.0694, 0.0199], [0.6985, 0.0291, 0.0424, 0.0612, 0.0687, 0.0387, 0.0615], [0.709, 0.0533, 0.0169, 0.0304, 0.0604, 0.0773, 0.0527], [0.7262, 0.0343, 0.0299, 0.0818, 0.0529, 0.0197, 0.0552], [0.5997, 0.0744, 0.0722, 0.065, 0.0534, 0.0768, 0.0584], [0.6677, 0.0257, 0.0913, 0.0818, 0.0514, 0.0611, 0.021], [0.684, 0.026, 0.0533, 0.0735, 0.0132, 0.0831, 0.067], [0.7331, 0.0461, 0.0537, 0.0569, 0.021, 0.0198, 0.0694], [0.7212, 0.0394, 0.075, 0.0322, 0.0347, 0.0728, 0.0247], [0.6397, 0.0714, 0.0598, 0.0489, 0.0611, 0.0485, 0.0706], [0.764, 0.0209, 0.0734, 0.0386, 0.0417, 0.0453, 0.0162], [0.6855, 0.0183, 0.0343, 0.0764, 0.0159, 0.0988, 0.0707], [0.7269, 0.061, 0.0875, 0.0561, 0.0286, 0.0175, 0.0223], [0.7134, 0.0142, 0.0276, 0.0668, 0.0694, 0.0354, 0.0732], [0.7351, 0.0328, 0.0332, 0.0585, 0.0312, 0.0748, 0.0345], [0.7121, 0.0252, 0.0574, 0.0803, 0.0179, 0.0435, 0.0637], [0.7688, 0.0696, 0.0402, 0.0348, 0.034, 0.0136, 0.039], [0.6248, 0.0315, 0.0507, 0.0778, 0.0762, 0.0734, 0.0655], [0.7829, 0.0275, 0.0479, 0.0204, 0.0421, 0.0198, 0.0593], [0.6583, 0.0765, 0.0879, 0.0162, 0.0638, 0.0681, 0.0292], [0.6917, 0.0557, 0.0874, 0.022, 0.0449, 0.049, 0.0493], [0.77, 0.0464, 0.0145, 0.0495, 0.0724, 0.0206, 0.0265], [0.7437, 0.0726, 0.045, 0.0254, 0.0686, 0.028, 0.0167], [0.7924, 0.026, 0.0197, 0.0497, 0.0241, 0.0214, 0.0668], [0.7423, 0.0465, 0.0286, 0.0171, 0.0637, 0.0349, 0.067], [0.6499, 0.0733, 0.0365, 0.0742, 0.0213, 0.0725, 0.0723], [0.7416, 0.0349, 0.0329, 0.0456, 0.0497, 0.0584, 0.0369], [0.7652, 0.0488, 0.0421, 0.0393, 0.0116, 0.0603, 0.0327], [0.6594, 0.0858, 0.0438, 0.0449, 0.0233, 0.0885, 0.0543], [0.7404, 0.0148, 0.0597, 0.0159, 0.059, 0.0385, 0.0717], [0.7273, 0.0375, 0.0664, 0.0317, 0.0226, 0.0781, 0.0363], [0.7386, 0.0797, 0.0266, 0.041, 0.0629, 0.0342, 0.017], [0.747, 0.0751, 0.0623, 0.0296, 0.0493, 0.0186, 0.0181], [0.6745, 0.0147, 0.0908, 0.0663, 0.0508, 0.0476, 0.0552], [0.7315, 0.0566, 0.0442, 0.0461, 0.0302, 0.079, 0.0124], [0.6826, 0.0543, 0.0155, 0.077, 0.0564, 0.0596, 0.0545], [0.7442, 0.0403, 0.0313, 0.0537, 0.0664, 0.0323, 0.0318], [0.691, 0.0902, 0.0241, 0.0264, 0.0326, 0.0712, 0.0645], [0.6826, 0.0644, 0.0484, 0.0201, 0.0554, 0.0603, 0.0687], [0.7202, 0.083, 0.0145, 0.0832, 0.018, 0.0209, 0.0602], [0.6365, 0.0904, 0.0688, 0.0859, 0.0521, 0.0235, 0.0427], [0.6716, 0.0467, 0.0472, 0.0749, 0.0183, 0.0701, 0.0712], [0.6549, 0.0861, 0.0758, 0.0974, 0.0294, 0.0281, 0.0283], [0.7285, 0.0223, 0.0186, 0.0582, 0.0207, 0.0793, 0.0725], [0.7154, 0.038, 0.0294, 0.0349, 0.0732, 0.0592, 0.0499], [0.6339, 0.0607, 0.0801, 0.0346, 0.0781, 0.0411, 0.0714], [0.725, 0.0749, 0.0711, 0.0275, 0.0404, 0.0272, 0.034], [0.6734, 0.05, 0.0473, 0.0339, 0.0616, 0.0686, 0.0652], [0.7173, 0.0429, 0.0352, 0.0641, 0.0598, 0.0308, 0.05], [0.7198, 0.0316, 0.065, 0.0212, 0.0658, 0.0741, 0.0225], [0.7634, 0.0768, 0.0408, 0.0237, 0.0159, 0.03, 0.0495], [0.7471, 0.0579, 0.0313, 0.0454, 0.0765, 0.0204, 0.0215], [0.6882, 0.0548, 0.0517, 0.0441, 0.0845, 0.0471, 0.0296], [0.7149, 0.0372, 0.0619, 0.0444, 0.044, 0.0309, 0.0667], [0.6902, 0.0766, 0.0624, 0.0297, 0.0276, 0.0618, 0.0518], [0.688, 0.0531, 0.0734, 0.0592, 0.0576, 0.055, 0.0137], [0.6315, 0.0692, 0.0632, 0.0511, 0.0594, 0.0535, 0.0722], [0.7045, 0.0627, 0.0549, 0.0399, 0.0425, 0.0624, 0.0332], [0.6778, 0.0929, 0.0301, 0.0377, 0.0899, 0.0452, 0.0264], [0.6885, 0.0652, 0.0469, 0.0385, 0.066, 0.0415, 0.0533], [0.6925, 0.0495, 0.0842, 0.0165, 0.0365, 0.0674, 0.0534], [0.6745, 0.0783, 0.0315, 0.0413, 0.0586, 0.0418, 0.0739], [0.7039, 0.0715, 0.028, 0.0247, 0.0469, 0.0746, 0.0502]], "emotions": ["red", "red", "red", "red", "red", "red", "red", "red", "red", "red", "red", "red", "red", "red", "red", "red", "red", "red", "red", "red", "red", "red", "red", "red", "red", "red", "red", "red", "red", "red", "red", "red", "red", "red", "red", "red", "red", "red", "red", "red", "red", "red", "red", "red", "red", "red", "red", "red", "red", "red", "red", "red", "red", "red", "red", "red", "red", "red", "red", "red", "red", "red", "red", "red", "red", "red", "red", "red", "red", "red", "red", "red", "red", "red", "red", "red", "red", "red", "red", "red"], "timestamps": [0, 40, 80, 120, 160, 200, 240, 280, 320, 360, 400, 440, 480, 520, 560, 600, 640, 680, 720, 760, 800, 840, 880, 920, 960, 1000, 1040, 1080, 1120, 1160, 1200, 1240, 1280, 1320, 1360, 1400, 1440, 1480, 1520, 1560, 1600, 1640, 1680, 1720, 1760, 1800, 1840, 1880, 1920, 1960, 2000, 2040, 2080, 2120, 2160, 2200, 2240, 2280, 2320, 2360, 2400, 2440, 2480, 2520, 2560, 2600, 2640, 2680, 2720, 2760, 2800, 2840, 2880, 2920, 2960, 3000, 3040, 3080, 3120, 3160]}], "conversation": [], "conversation_timestamps": []}