{"agent_id": "agent-red-1786", "type": "red", "trips": [{"trip_id": 0, "transport_method": "bicycle", "start_time": 0, "path": [[1.7004771, 42.5327572], [1.7001195, 42.5334385], [1.6968082, 42.5322513], [1.6931473, 42.5319179], [1.6904358, 42.5294812], [1.6888756, 42.5297515], [1.6888287, 42.5327926], [1.6897159, 42.5364501], [1.6891166, 42.5404071], [1.6858065, 42.5423377], [1.6820267, 42.5414931], [1.6783953, 42.5396728], [1.6746859, 42.5380625], [1.6727121, 42.5390133], [1.6686853, 42.5391706], [1.6646602, 42.5392186], [1.6626191, 42.5376894], [1.6597022, 42.5401577], [1.6557877, 42.5412701], [1.6519949, 42.54244], [1.6484103, 42.5420259], [1.6444443, 42.5411587], [1.6404317, 42.5403636], [1.6364191, 42.5395684], [1.6388771, 42.5404508], [1.6426825, 42.5416256], [1.646372, 42.5416805], [1.6427538, 42.5408219], [1.6387416, 42.5400249], [1.6347271, 42.539256], [1.6314671, 42.5390848], [1.627471, 42.5386478], [1.6235325, 42.5379842], [1.6197402, 42.5364507], [1.6180066, 42.5357518], [1.6220614, 42.5354144], [1.6258809, 42.5359175], [1.6243166, 42.5381096], [1.6205607, 42.536788], [1.6167664, 42.5352595], [1.6186691, 42.5367339], [1.6161178, 42.5367187], [1.6120898, 42.5365224], [1.6080799, 42.5361274], [1.6040037, 42.5364706], [1.6010742, 42.5368874], [1.6051227, 42.5372262], [1.6076399, 42.5361582], [1.6035601, 42.5364561], [1.599484, 42.5366485], [1.5958195, 42.5367283], [1.5919808, 42.5359267], [1.5896761, 42.5356227], [1.5936209, 42.5361678], [1.5926157, 42.5360571], [1.5885785, 42.5354542], [1.5870303, 42.5346127], [1.5846027, 42.5329411], [1.5809014, 42.5317317], [1.5768173, 42.531683], [1.5733228, 42.5298692], [1.5738317, 42.530348], [1.5703931, 42.5286739], [1.5708743, 42.5290749], [1.567519, 42.5268416], [1.5672685, 42.5265805], [1.5636369, 42.5248373], [1.5603681, 42.52251], [1.5572689, 42.5199221], [1.5563277, 42.5190024], [1.5542014, 42.517232], [1.5534092, 42.5159976], [1.5513059, 42.5128674], [1.547752, 42.5116076], [1.5442861, 42.5098665], [1.5417982, 42.5113246], [1.5381077, 42.5126912], [1.5341443, 42.5136097], [1.5310709, 42.5154143], [1.5333217, 42.514727]], "mood_vectors": [[0.7146, 0.024, 0.0325, 0.0755, 0.0685, 0.0149, 0.0701], [0.6986, 0.0324, 0.0725, 0.0612, 0.0489, 0.0514, 0.035], [0.7415, 0.0465, 0.0192, 0.042, 0.06, 0.0322, 0.0586], [0.783, 0.0238, 0.0342, 0.038, 0.0119, 0.0541, 0.0551], [0.7442, 0.0482, 0.0279, 0.034, 0.0664, 0.0579, 0.0215], [0.745, 0.0679, 0.0397, 0.0391, 0.0152, 0.0161, 0.0771], [0.6875, 0.0679, 0.0736, 0.0452, 0.0545, 0.0557, 0.0154], [0.6971, 0.0199, 0.0811, 0.0513, 0.0263, 0.0748, 0.0495], [0.6661, 0.0735, 0.0498, 0.0674, 0.0397, 0.0562, 0.0474], [0.731, 0.0559, 0.0674, 0.027, 0.0498, 0.0439, 0.0249], [0.6092, 0.0902, 0.0616, 0.0832, 0.0209, 0.0442, 0.0907], [0.7137, 0.0734, 0.0292, 0.0271, 0.0498, 0.0524, 0.0543], [0.6885, 0.0743, 0.0555, 0.0434, 0.0391, 0.0852, 0.0141], [0.7523, 0.0711, 0.0194, 0.0143, 0.0505, 0.0264, 0.0661], [0.7539, 0.0492, 0.0182, 0.0528, 0.0552, 0.0363, 0.0345], [0.7524, 0.0308, 0.0844, 0.0342, 0.0322, 0.0464, 0.0196], [0.6527, 0.0705, 0.0684, 0.0488, 0.0661, 0.0639, 0.0296], [0.7074, 0.0702, 0.0317, 0.0718, 0.026, 0.0776, 0.0152], [0.7588, 0.0122, 0.0434, 0.0478, 0.0661, 0.0506, 0.0212], [0.6728, 0.0552, 0.0373, 0.057, 0.0494, 0.0691, 0.0591], [0.8293, 0.0211, 0.0419, 0.0374, 0.0171, 0.0367, 0.0164], [0.6765, 0.0854, 0.0204, 0.0234, 0.0637, 0.0421, 0.0885], [0.6965, 0.0263, 0.0474, 0.0765, 0.0656, 0.0142, 0.0734], [0.7284, 0.0427, 0.0227, 0.0331, 0.0791, 0.0254, 0.0687], [0.6413, 0.0135, 0.0767, 0.0725, 0.0535, 0.0576, 0.0849], [0.743, 0.0602, 0.0204, 0.063, 0.0587, 0.0367, 0.018], [0.6693, 0.021, 0.0511, 0.0709, 0.0549, 0.0669, 0.066], [0.6714, 0.0676, 0.0562, 0.0373, 0.0456, 0.0689, 0.0531], [0.7032, 0.0362, 0.0994, 0.0804, 0.0239, 0.0187, 0.0382], [0.762, 0.0506, 0.0569, 0.0562, 0.0233, 0.02, 0.031], [0.7343, 0.0248, 0.0182, 0.0823, 0.0504, 0.0602, 0.0298], [0.6835, 0.039, 0.09, 0.0683, 0.0334, 0.0623, 0.0235], [0.7117, 0.0178, 0.0584, 0.0323, 0.0425, 0.0663, 0.071], [0.7123, 0.0819, 0.0387, 0.0424, 0.0278, 0.0773, 0.0197], [0.628, 0.0285, 0.0539, 0.0549, 0.098, 0.0829, 0.0539], [0.6735, 0.0448, 0.0989, 0.0262, 0.0155, 0.0464, 0.0946], [0.6902, 0.0734, 0.012, 0.0688, 0.0255, 0.077, 0.0531], [0.6552, 0.059, 0.0719, 0.032, 0.0807, 0.055, 0.0462], [0.7553, 0.0738, 0.0375, 0.0216, 0.0401, 0.0476, 0.024], [0.6898, 0.066, 0.0609, 0.0221, 0.0271, 0.0392, 0.0948], [0.7409, 0.0632, 0.0579, 0.0148, 0.0429, 0.0498, 0.0305], [0.6903, 0.0528, 0.0361, 0.0221, 0.0813, 0.0407, 0.0768], [0.6906, 0.0256, 0.0637, 0.0529, 0.063, 0.0489, 0.0553], [0.7158, 0.0187, 0.0738, 0.038, 0.0389, 0.0304, 0.0844], [0.8035, 0.0428, 0.0391, 0.0173, 0.0334, 0.0369, 0.0271], [0.7453, 0.0411, 0.0282, 0.0267, 0.0797, 0.0225, 0.0566], [0.6911, 0.08, 0.0825, 0.0374, 0.0346, 0.0454, 0.0289], [0.6927, 0.0442, 0.0528, 0.0675, 0.0299, 0.0584, 0.0545], [0.6801, 0.02, 0.0881, 0.029, 0.0836, 0.0696, 0.0296], [0.7016, 0.069, 0.0288, 0.0533, 0.0691, 0.0457, 0.0325], [0.681, 0.0824, 0.0226, 0.0815, 0.053, 0.0389, 0.0406], [0.6426, 0.0465, 0.0585, 0.0845, 0.0159, 0.0901, 0.0619], [0.6437, 0.0569, 0.0342, 0.0555, 0.0664, 0.0697, 0.0736], [0.671, 0.0729, 0.0405, 0.0784, 0.0516, 0.0736, 0.012], [0.6805, 0.0519, 0.0375, 0.0414, 0.0766, 0.0817, 0.0303], [0.7635, 0.0713, 0.0128, 0.0333, 0.047, 0.0579, 0.0142], [0.6434, 0.0485, 0.0804, 0.0912, 0.0418, 0.072, 0.0227], [0.7766, 0.0291, 0.021, 0.0204, 0.0992, 0.0313, 0.0224], [0.7264, 0.0137, 0.0152, 0.0189, 0.0738, 0.0735, 0.0786], [0.6779, 0.0759, 0.0644, 0.0465, 0.0311, 0.0731, 0.0312], [0.6928, 0.028, 0.0377, 0.0659, 0.0635, 0.0557, 0.0563], [0.7184, 0.0405, 0.027, 0.054, 0.07, 0.0633, 0.0269], [0.6399, 0.0556, 0.0947, 0.0188, 0.0832, 0.0855, 0.0223], [0.6881, 0.0304, 0.0294, 0.0795, 0.0769, 0.0824, 0.0132], [0.6239, 0.0281, 0.0739, 0.0774, 0.0726, 0.073, 0.0511], [0.7344, 0.0137, 0.0517, 0.0125, 0.0752, 0.067, 0.0455], [0.692, 0.0663, 0.0676, 0.0293, 0.0896, 0.0236, 0.0317], [0.6703, 0.0618, 0.0776, 0.044, 0.0597, 0.0562, 0.0303], [0.6265, 0.0538, 0.0523, 0.0525, 0.0773, 0.0575, 0.0802], [0.7807, 0.0329, 0.0336, 0.0351, 0.0197, 0.0496, 0.0484], [0.5823, 0.0579, 0.0451, 0.0735, 0.0686, 0.0842, 0.0883], [0.6836, 0.0554, 0.0205, 0.0482, 0.0427, 0.0766, 0.073], [0.6634, 0.0478, 0.066, 0.0808, 0.0406, 0.0367, 0.0646], [0.7018, 0.044, 0.0246, 0.0496, 0.0579, 0.06, 0.0622], [0.7027, 0.0498, 0.0481, 0.0559, 0.0804, 0.019, 0.044], [0.6805, 0.0479, 0.0953, 0.0229, 0.0519, 0.0394, 0.0621], [0.7478, 0.0201, 0.0539, 0.0165, 0.0633, 0.0796, 0.0188], [0.726, 0.0272, 0.0713, 0.0414, 0.065, 0.0378, 0.0314], [0.7456, 0.0122, 0.0442, 0.0455, 0.0517, 0.0263, 0.0746], [0.6625, 0.0756, 0.0341, 0.0733, 0.0543, 0.038, 0.0622]], "emotions": ["red", "red", "red", "red", "red", "red", "red", "red", "red", "red", "red", "red", "red", "red", "red", "red", "red", "red", "red", "red", "red", "red", "red", "red", "red", "red", "red", "red", "red", "red", "red", "red", "red", "red", "red", "red", "red", "red", "red", "red", "red", "red", "red", "red", "red", "red", "red", "red", "red", "red", "red", "red", "red", "red", "red", "red", "red", "red", "red", "red", "red", "red", "red", "red", "red", "red", "red", "red", "red", "red", "red", "red", "red", "red", "red", "red", "red", "red", "red", "red"], "timestamps": [0, 40, 80, 120, 160, 200, 240, 280, 320, 360, 400, 440, 480, 520, 560, 600, 640, 680, 720, 760, 800, 840, 880, 920, 960, 1000, 1040, 1080, 1120, 1160, 1200, 1240, 1280, 1320, 1360, 1400, 1440, 1480, 1520, 1560, 1600, 1640, 1680, 1720, 1760, 1800, 1840, 1880, 1920, 1960, 2000, 2040, 2080, 2120, 2160, 2200, 2240, 2280, 2320, 2360, 2400, 2440, 2480, 2520, 2560, 2600, 2640, 2680, 2720, 2760, 2800, 2840, 2880, 2920, 2960, 3000, 3040, 3080, 3120, 3160]}], "conversation": [], "conversation_timestamps": []}