{"agent_id": "agent-red-446", "type": "red", "trips": [{"trip_id": 0, "transport_method": "foot", "start_time": 0, "path": [[1.540108, 42.5105593], [1.5398467, 42.510551], [1.5395853, 42.5105426], [1.5393304, 42.5105744], [1.539108, 42.5106298], [1.5391022, 42.5103683], [1.5389503, 42.5101896], [1.5387248, 42.5100646], [1.5384634, 42.5100575], [1.5382021, 42.5100504], [1.5379407, 42.5100434], [1.5376793, 42.510037], [1.537418, 42.5100271], [1.5371568, 42.510028], [1.5368954, 42.5100364], [1.5366342, 42.510044], [1.5363827, 42.5099724], [1.5361231, 42.5099489], [1.5358621, 42.5099339], [1.535601, 42.509919], [1.5353402, 42.5099011], [1.5350793, 42.5098996], [1.5348181, 42.5099108], [1.5345569, 42.5099217], [1.5342956, 42.5099208], [1.5340354, 42.5099212], [1.5337758, 42.5098909], [1.5335289, 42.5098932], [1.5333231, 42.5100236], [1.5330628, 42.5099982], [1.5328024, 42.5099751], [1.5325419, 42.5099537], [1.5322968, 42.5098718], [1.5320481, 42.5098337], [1.5318007, 42.5097491], [1.5315542, 42.5096622], [1.53131, 42.5095686], [1.5310658, 42.5094752], [1.5308204, 42.5093848], [1.5305739, 42.5093779], [1.5303261, 42.5092958], [1.5300791, 42.50921], [1.5298312, 42.509127], [1.5295805, 42.5090528], [1.5293286, 42.5089835], [1.529091, 42.5088951], [1.5288302, 42.5088778], [1.5285757, 42.5088176], [1.5283319, 42.5087277], [1.528095, 42.5086172], [1.5278546, 42.5085144], [1.5276142, 42.5084116], [1.527359, 42.5083635], [1.5270975, 42.5083598], [1.5268361, 42.5083547], [1.5265754, 42.5083372], [1.5263169, 42.5082982], [1.5260613, 42.5082439], [1.5258031, 42.5082041], [1.5255586, 42.5081155], [1.5253098, 42.5080356], [1.5250603, 42.5079574], [1.5248073, 42.5078916], [1.5245531, 42.5078307], [1.524296, 42.5077835], [1.524035, 42.5077731], [1.5237739, 42.5077841], [1.523513, 42.5078022], [1.5232561, 42.507778], [1.5230032, 42.5077116], [1.5227515, 42.5076457], [1.5225247, 42.5075155], [1.5222703, 42.5075612], [1.5220125, 42.507517], [1.5218091, 42.5073738], [1.5216958, 42.50714], [1.5215925, 42.5068999], [1.5218371, 42.5069551], [1.5219348, 42.5071329], [1.521785, 42.5073472]], "mood_vectors": [[0.7147, 0.0484, 0.0187, 0.03, 0.0585, 0.0589, 0.0709], [0.7282, 0.0764, 0.0451, 0.0353, 0.0371, 0.0195, 0.0585], [0.5861, 0.0744, 0.0736, 0.0949, 0.0604, 0.0454, 0.0651], [0.6782, 0.0399, 0.0736, 0.0428, 0.0818, 0.0306, 0.0531], [0.6905, 0.0756, 0.1031, 0.0301, 0.0258, 0.0271, 0.0478], [0.6846, 0.0636, 0.0803, 0.0356, 0.0829, 0.0365, 0.0165], [0.74, 0.0187, 0.0488, 0.0727, 0.0571, 0.0355, 0.0273], [0.6448, 0.0563, 0.0419, 0.0798, 0.0372, 0.0612, 0.0787], [0.6918, 0.0751, 0.0876, 0.0453, 0.0154, 0.0685, 0.0163], [0.668, 0.0425, 0.0162, 0.0994, 0.0602, 0.0448, 0.0688], [0.6328, 0.0807, 0.048, 0.0831, 0.0554, 0.0738, 0.0263], [0.7574, 0.031, 0.0679, 0.025, 0.0273, 0.0416, 0.0499], [0.7498, 0.0195, 0.0555, 0.0127, 0.0564, 0.0579, 0.0482], [0.6534, 0.0545, 0.0635, 0.0801, 0.0655, 0.0357, 0.0472], [0.6463, 0.0181, 0.095, 0.0522, 0.0435, 0.042, 0.103], [0.7125, 0.0555, 0.0265, 0.0523, 0.076, 0.0499, 0.0273], [0.5904, 0.0835, 0.0907, 0.0659, 0.043, 0.0778, 0.0487], [0.7604, 0.067, 0.0231, 0.0295, 0.0297, 0.0726, 0.0176], [0.6575, 0.0697, 0.0774, 0.0221, 0.0487, 0.0581, 0.0665], [0.6917, 0.0139, 0.0454, 0.0733, 0.0537, 0.0603, 0.0617], [0.678, 0.0716, 0.0549, 0.0796, 0.0233, 0.0359, 0.0566], [0.6921, 0.0365, 0.077, 0.0219, 0.0808, 0.0434, 0.0483], [0.6825, 0.0369, 0.0347, 0.0356, 0.0601, 0.0637, 0.0866], [0.6853, 0.0766, 0.0777, 0.0377, 0.0398, 0.0285, 0.0544], [0.7336, 0.0359, 0.0335, 0.054, 0.0276, 0.0419, 0.0735], [0.6733, 0.0302, 0.073, 0.0462, 0.0558, 0.0676, 0.0539], [0.7554, 0.0166, 0.0291, 0.0482, 0.0349, 0.0402, 0.0757], [0.708, 0.0781, 0.0518, 0.0233, 0.0813, 0.0208, 0.0368], [0.6669, 0.0314, 0.0341, 0.0403, 0.0587, 0.092, 0.0766], [0.6789, 0.0362, 0.0672, 0.0642, 0.0389, 0.0347, 0.0799], [0.7396, 0.0551, 0.0348, 0.0744, 0.015, 0.0344, 0.0467], [0.7548, 0.0365, 0.0285, 0.0195, 0.0267, 0.0685, 0.0655], [0.6857, 0.0612, 0.048, 0.0358, 0.0625, 0.0734, 0.0334], [0.6068, 0.0705, 0.0768, 0.0922, 0.0454, 0.0313, 0.0771], [0.7199, 0.0224, 0.077, 0.0668, 0.0297, 0.0475, 0.0366], [0.6937, 0.0756, 0.0614, 0.0299, 0.0624, 0.0371, 0.0399], [0.7308, 0.05, 0.0603, 0.0489, 0.0258, 0.0465, 0.0376], [0.6973, 0.0255, 0.0183, 0.0762, 0.0617, 0.0447, 0.0764], [0.7527, 0.0544, 0.0132, 0.0766, 0.04, 0.0319, 0.0312], [0.7063, 0.0495, 0.041, 0.0635, 0.0829, 0.0343, 0.0224], [0.7027, 0.0157, 0.0293, 0.0195, 0.083, 0.0727, 0.0771], [0.679, 0.0272, 0.0914, 0.053, 0.0501, 0.0778, 0.0214], [0.7577, 0.0798, 0.0331, 0.0179, 0.0284, 0.0172, 0.0659], [0.7206, 0.0241, 0.0583, 0.0685, 0.045, 0.0145, 0.069], [0.6966, 0.0556, 0.0708, 0.0463, 0.0416, 0.0423, 0.0467], [0.7737, 0.0318, 0.0758, 0.0411, 0.0194, 0.0323, 0.0258], [0.7691, 0.0244, 0.0466, 0.0164, 0.0138, 0.0473, 0.0825], [0.669, 0.0423, 0.0448, 0.066, 0.0732, 0.0707, 0.034], [0.7266, 0.0419, 0.0632, 0.0458, 0.0577, 0.0335, 0.0314], [0.6003, 0.0672, 0.0831, 0.0795, 0.0547, 0.0673, 0.0479], [0.7223, 0.0488, 0.069, 0.0269, 0.0389, 0.0362, 0.0579], [0.7424, 0.0316, 0.0327, 0.0182, 0.0596, 0.0792, 0.0363], [0.6303, 0.0573, 0.0558, 0.0721, 0.0764, 0.0493, 0.0587], [0.6629, 0.0268, 0.066, 0.0593, 0.0533, 0.062, 0.0698], [0.7384, 0.0204, 0.0307, 0.0828, 0.0304, 0.0166, 0.0806], [0.7533, 0.039, 0.0451, 0.0148, 0.0907, 0.0336, 0.0235], [0.7032, 0.032, 0.0249, 0.051, 0.0681, 0.0741, 0.0465], [0.6768, 0.0289, 0.0757, 0.0397, 0.0487, 0.066, 0.0641], [0.6334, 0.0548, 0.066, 0.0564, 0.0646, 0.0599, 0.0649], [0.7313, 0.0404, 0.0399, 0.0292, 0.0588, 0.0284, 0.0721], [0.7022, 0.0244, 0.0467, 0.037, 0.04, 0.079, 0.0707], [0.6934, 0.0606, 0.0612, 0.0264, 0.0634, 0.0443, 0.0507], [0.7694, 0.0762, 0.0125, 0.0756, 0.0385, 0.0119, 0.0158], [0.75, 0.0364, 0.0717, 0.0326, 0.029, 0.0295, 0.0509], [0.7318, 0.0514, 0.0261, 0.0554, 0.0257, 0.0641, 0.0455], [0.5783, 0.0895, 0.0285, 0.0695, 0.0631, 0.0884, 0.0827], [0.6795, 0.0556, 0.0493, 0.0395, 0.0554, 0.0527, 0.0679], [0.7111, 0.0488, 0.056, 0.0675, 0.0472, 0.0489, 0.0205], [0.7078, 0.0505, 0.0703, 0.0651, 0.0751, 0.0165, 0.0149], [0.6682, 0.0353, 0.028, 0.0688, 0.0567, 0.0659, 0.0773], [0.7365, 0.0757, 0.0454, 0.0333, 0.0346, 0.0274, 0.0471], [0.6749, 0.0488, 0.0417, 0.0639, 0.0684, 0.0242, 0.0781], [0.747, 0.0577, 0.0273, 0.0604, 0.0352, 0.0554, 0.017], [0.7389, 0.0295, 0.0724, 0.0824, 0.044, 0.018, 0.0148], [0.6884, 0.0222, 0.0254, 0.0749, 0.0617, 0.0488, 0.0786], [0.7297, 0.0426, 0.0184, 0.0144, 0.0747, 0.0445, 0.0757], [0.6184, 0.0742, 0.0905, 0.0306, 0.0805, 0.0322, 0.0736], [0.7122, 0.0687, 0.0296, 0.0883, 0.0263, 0.0154, 0.0596], [0.6449, 0.0248, 0.0778, 0.0856, 0.0535, 0.0275, 0.0859], [0.6666, 0.076, 0.0654, 0.0303, 0.0588, 0.0425, 0.0603]], "emotions": ["red", "red", "red", "red", "red", "red", "red", "red", "red", "red", "red", "red", "red", "red", "red", "red", "red", "red", "red", "red", "red", "red", "red", "red", "red", "red", "red", "red", "red", "red", "red", "red", "red", "red", "red", "red", "red", "red", "red", "red", "red", "red", "red", "red", "red", "red", "red", "red", "red", "red", "red", "red", "red", "red", "red", "red", "red", "red", "red", "red", "red", "red", "red", "red", "red", "red", "red", "red", "red", "red", "red", "red", "red", "red", "red", "red", "red", "red", "red", "red"], "timestamps": [0, 40, 80, 120, 160, 200, 240, 280, 320, 360, 400, 440, 480, 520, 560, 600, 640, 680, 720, 760, 800, 840, 880, 920, 960, 1000, 1040, 1080, 1120, 1160, 1200, 1240, 1280, 1320, 1360, 1400, 1440, 1480, 1520, 1560, 1600, 1640, 1680, 1720, 1760, 1800, 1840, 1880, 1920, 1960, 2000, 2040, 2080, 2120, 2160, 2200, 2240, 2280, 2320, 2360, 2400, 2440, 2480, 2520, 2560, 2600, 2640, 2680, 2720, 2760, 2800, 2840, 2880, 2920, 2960, 3000, 3040, 3080, 3120, 3160]}], "conversation": [], "conversation_timestamps": []}