{"agent_id": "agent-green-747", "type": "green", "trips": [{"trip_id": 0, "transport_method": "foot", "start_time": 0, "path": [[1.535374, 42.5105509], [1.5354178, 42.5105536], [1.5354615, 42.5105563], [1.5355053, 42.510559], [1.5355491, 42.5105618], [1.5355929, 42.5105645], [1.5356367, 42.5105672], [1.5356805, 42.5105699], [1.5357243, 42.5105727], [1.5357681, 42.5105754], [1.5358119, 42.5105781], [1.5358557, 42.5105808], [1.5358995, 42.5105836], [1.5359433, 42.5105863], [1.5359871, 42.510589], [1.5360309, 42.5105917], [1.5360747, 42.5105945], [1.5361184, 42.5105972], [1.5361622, 42.5105999], [1.536206, 42.5106026], [1.5362498, 42.5106054], [1.5362936, 42.5106081], [1.5363374, 42.5106108], [1.5363812, 42.5106136], [1.536425, 42.5106163], [1.5364688, 42.510619], [1.5365126, 42.5106217], [1.5365559, 42.5106281], [1.5365986, 42.5106379], [1.5366414, 42.5106477], [1.5366842, 42.5106574], [1.536727, 42.5106672], [1.5367697, 42.510677], [1.5368125, 42.5106868], [1.5368553, 42.5106965], [1.5368981, 42.5107063], [1.5369408, 42.5107161], [1.5369836, 42.5107259], [1.5370264, 42.5107356], [1.5370694, 42.5107432], [1.5371133, 42.5107422], [1.5371571, 42.5107412], [1.537201, 42.5107402], [1.5372449, 42.5107392], [1.5372887, 42.5107381], [1.5373326, 42.5107371], [1.5373765, 42.5107361], [1.5374203, 42.5107351], [1.5374642, 42.5107341], [1.5375081, 42.5107331], [1.5375519, 42.5107321], [1.5375958, 42.5107311], [1.5376397, 42.5107301], [1.5376835, 42.5107291], [1.5377273, 42.5107324], [1.5377709, 42.5107369], [1.5378141, 42.5107446], [1.5378551, 42.5107585], [1.5378875, 42.5107371], [1.5379184, 42.5107059], [1.5379493, 42.5106748], [1.5379787, 42.510659], [1.5380031, 42.5106955], [1.5380275, 42.510732], [1.5380519, 42.5107684], [1.5380763, 42.5108049], [1.5381006, 42.5108414], [1.538125, 42.5108779], [1.5381494, 42.5109144], [1.5381738, 42.5109508], [1.5381986, 42.510987], [1.5382303, 42.5110173], [1.538262, 42.5110477], [1.5382936, 42.5110781], [1.5383253, 42.5111084], [1.538357, 42.5111388], [1.5383887, 42.5111691], [1.5384203, 42.5111995], [1.538452, 42.5112299], [1.5384837, 42.5112602]], "mood_vectors": [[0.0636, 0.0429, 0.0289, 0.0429, 0.0708, 0.0206, 0.7304], [0.0794, 0.0847, 0.0842, 0.0623, 0.0483, 0.0637, 0.5773], [0.0627, 0.0642, 0.0306, 0.0873, 0.0191, 0.0249, 0.7112], [0.0167, 0.0161, 0.0365, 0.0416, 0.1107, 0.0463, 0.7322], [0.0542, 0.0493, 0.027, 0.0775, 0.0392, 0.019, 0.7338], [0.092, 0.041, 0.0303, 0.0174, 0.0681, 0.0793, 0.6719], [0.0543, 0.0208, 0.0613, 0.0314, 0.0298, 0.0635, 0.739], [0.0995, 0.059, 0.0393, 0.0526, 0.0736, 0.0412, 0.6349], [0.0669, 0.0222, 0.0217, 0.0384, 0.0193, 0.0969, 0.7346], [0.0698, 0.0622, 0.0427, 0.0455, 0.0419, 0.0458, 0.6921], [0.0298, 0.081, 0.0123, 0.0815, 0.0737, 0.0811, 0.6406], [0.045, 0.0606, 0.049, 0.0726, 0.0272, 0.0468, 0.6989], [0.0534, 0.0795, 0.091, 0.0433, 0.0324, 0.0569, 0.6436], [0.0263, 0.0406, 0.0266, 0.0715, 0.0581, 0.066, 0.7108], [0.0672, 0.0616, 0.028, 0.0512, 0.0482, 0.0449, 0.699], [0.022, 0.0378, 0.0997, 0.0378, 0.0196, 0.0574, 0.7257], [0.0566, 0.0698, 0.0531, 0.031, 0.0698, 0.0791, 0.6406], [0.0446, 0.0345, 0.0714, 0.0553, 0.0413, 0.0395, 0.7133], [0.0519, 0.0578, 0.0127, 0.0583, 0.0366, 0.0217, 0.761], [0.0595, 0.0174, 0.0675, 0.0479, 0.0257, 0.0542, 0.7277], [0.0529, 0.0438, 0.0226, 0.0833, 0.0361, 0.0452, 0.7162], [0.0349, 0.0766, 0.0236, 0.0465, 0.04, 0.0182, 0.7602], [0.0627, 0.0241, 0.0722, 0.0383, 0.0436, 0.0493, 0.7098], [0.0185, 0.0787, 0.0723, 0.0286, 0.0329, 0.0416, 0.7274], [0.0384, 0.0475, 0.0434, 0.0194, 0.0191, 0.0765, 0.7557], [0.0437, 0.0718, 0.0291, 0.048, 0.0568, 0.0343, 0.7163], [0.0531, 0.0515, 0.0945, 0.0318, 0.032, 0.0219, 0.7151], [0.0712, 0.0748, 0.0326, 0.053, 0.0333, 0.0585, 0.6766], [0.0518, 0.0492, 0.021, 0.0423, 0.0645, 0.0632, 0.708], [0.0622, 0.0279, 0.0601, 0.06, 0.0739, 0.0677, 0.6481], [0.0605, 0.0584, 0.06, 0.0491, 0.0647, 0.0387, 0.6686], [0.0671, 0.0466, 0.047, 0.0524, 0.0643, 0.0713, 0.6513], [0.0702, 0.0411, 0.0348, 0.0712, 0.0317, 0.0535, 0.6975], [0.0551, 0.0115, 0.0618, 0.0239, 0.077, 0.0544, 0.7162], [0.022, 0.0212, 0.099, 0.0344, 0.0378, 0.0552, 0.7304], [0.0454, 0.0583, 0.0625, 0.0153, 0.0399, 0.0616, 0.7172], [0.0228, 0.0758, 0.077, 0.0698, 0.0642, 0.0151, 0.6754], [0.0681, 0.0243, 0.0752, 0.0722, 0.0761, 0.0894, 0.5947], [0.0719, 0.0551, 0.061, 0.0662, 0.017, 0.0675, 0.6612], [0.0476, 0.037, 0.0872, 0.0731, 0.0902, 0.0937, 0.5711], [0.0366, 0.0289, 0.0698, 0.0629, 0.0798, 0.0706, 0.6515], [0.034, 0.0718, 0.0254, 0.03, 0.0205, 0.0438, 0.7746], [0.0673, 0.0643, 0.0153, 0.0134, 0.0599, 0.0672, 0.7127], [0.0468, 0.0506, 0.0538, 0.0377, 0.0475, 0.063, 0.7006], [0.0451, 0.0332, 0.0542, 0.0246, 0.0418, 0.0256, 0.7755], [0.0763, 0.048, 0.0389, 0.024, 0.0624, 0.0682, 0.6821], [0.033, 0.0588, 0.0697, 0.0867, 0.0274, 0.0583, 0.6661], [0.0317, 0.0287, 0.0704, 0.0377, 0.0715, 0.0163, 0.7437], [0.0594, 0.0544, 0.0895, 0.045, 0.0511, 0.0357, 0.6649], [0.07, 0.017, 0.0435, 0.0816, 0.0279, 0.0451, 0.7148], [0.0696, 0.0597, 0.0152, 0.0428, 0.079, 0.0571, 0.6766], [0.0562, 0.0552, 0.0195, 0.0422, 0.0252, 0.0445, 0.7572], [0.0174, 0.0725, 0.0182, 0.0509, 0.0592, 0.0397, 0.7421], [0.0495, 0.0686, 0.047, 0.0802, 0.0332, 0.0489, 0.6726], [0.034, 0.0202, 0.0427, 0.0713, 0.0581, 0.0725, 0.7013], [0.06, 0.0444, 0.0717, 0.0199, 0.0481, 0.0387, 0.7171], [0.0943, 0.0978, 0.022, 0.0183, 0.0232, 0.0411, 0.7033], [0.0348, 0.0479, 0.0286, 0.0787, 0.0564, 0.0793, 0.6743], [0.0452, 0.075, 0.0222, 0.075, 0.0676, 0.0181, 0.6968], [0.0798, 0.0398, 0.086, 0.0292, 0.0297, 0.09, 0.6455], [0.0628, 0.0311, 0.029, 0.0342, 0.0201, 0.0572, 0.7655], [0.0233, 0.0292, 0.0514, 0.0788, 0.0161, 0.044, 0.7573], [0.0507, 0.0309, 0.0456, 0.088, 0.0442, 0.0598, 0.6808], [0.0547, 0.0803, 0.0224, 0.0409, 0.0135, 0.0638, 0.7243], [0.0168, 0.0281, 0.0834, 0.0647, 0.0556, 0.0772, 0.6741], [0.0618, 0.0502, 0.0117, 0.0494, 0.0603, 0.0563, 0.7103], [0.0317, 0.0144, 0.0918, 0.0587, 0.0212, 0.0939, 0.6882], [0.0975, 0.0148, 0.0439, 0.0517, 0.0203, 0.0778, 0.6941], [0.0593, 0.0405, 0.0477, 0.0156, 0.0529, 0.0556, 0.7284], [0.0258, 0.0844, 0.0233, 0.0825, 0.0622, 0.0732, 0.6487], [0.0674, 0.035, 0.0844, 0.0749, 0.0338, 0.0486, 0.6559], [0.0368, 0.0731, 0.0192, 0.0633, 0.0575, 0.0848, 0.6652], [0.068, 0.0586, 0.053, 0.0596, 0.0414, 0.0506, 0.6687], [0.0668, 0.0154, 0.0185, 0.0305, 0.0778, 0.0479, 0.7433], [0.0915, 0.0708, 0.0439, 0.0315, 0.0519, 0.0343, 0.6761], [0.0392, 0.0744, 0.0485, 0.0484, 0.0547, 0.0689, 0.6658], [0.0483, 0.0384, 0.0176, 0.0643, 0.0955, 0.0643, 0.6717], [0.0675, 0.0647, 0.0132, 0.0297, 0.031, 0.0795, 0.7143], [0.035, 0.0391, 0.0333, 0.0662, 0.0768, 0.0685, 0.6811], [0.0504, 0.0395, 0.0376, 0.0302, 0.0567, 0.0771, 0.7084]], "emotions": ["purple", "purple", "purple", "purple", "purple", "purple", "purple", "purple", "purple", "purple", "purple", "purple", "purple", "purple", "purple", "purple", "purple", "purple", "purple", "purple", "purple", "purple", "purple", "purple", "purple", "purple", "purple", "purple", "purple", "purple", "purple", "purple", "purple", "purple", "purple", "purple", "purple", "purple", "purple", "purple", "purple", "purple", "purple", "purple", "purple", "purple", "purple", "purple", "purple", "purple", "purple", "purple", "purple", "purple", "purple", "purple", "purple", "purple", "purple", "purple", "purple", "purple", "purple", "purple", "purple", "purple", "purple", "purple", "purple", "purple", "purple", "purple", "purple", "purple", "purple", "purple", "purple", "purple", "purple", "purple"], "timestamps": [0, 40, 80, 120, 160, 200, 240, 280, 320, 360, 400, 440, 480, 520, 560, 600, 640, 680, 720, 760, 800, 840, 880, 920, 960, 1000, 1040, 1080, 1120, 1160, 1200, 1240, 1280, 1320, 1360, 1400, 1440, 1480, 1520, 1560, 1600, 1640, 1680, 1720, 1760, 1800, 1840, 1880, 1920, 1960, 2000, 2040, 2080, 2120, 2160, 2200, 2240, 2280, 2320, 2360, 2400, 2440, 2480, 2520, 2560, 2600, 2640, 2680, 2720, 2760, 2800, 2840, 2880, 2920, 2960, 3000, 3040, 3080, 3120, 3160]}], "conversation": [], "conversation_timestamps": []}