{"agent_id": "agent-red-376", "type": "red", "trips": [{"trip_id": 0, "transport_method": "car", "start_time": 0, "path": [[1.5309798, 42.5610491], [1.5314166, 42.5600477], [1.5321441, 42.5591258], [1.5325841, 42.5580669], [1.5326379, 42.5569049], [1.532702, 42.5557497], [1.5322673, 42.5558369], [1.5311627, 42.5556042], [1.5300902, 42.5551232], [1.5291631, 42.5544314], [1.5284441, 42.5535121], [1.5275648, 42.5527318], [1.5266854, 42.5519515], [1.5271932, 42.5524081], [1.5281187, 42.5531317], [1.5283655, 42.5533873], [1.5275691, 42.5525225], [1.5267727, 42.5516577], [1.5264868, 42.5507773], [1.5258332, 42.5498019], [1.525356, 42.5487327], [1.5247539, 42.5477593], [1.5247274, 42.5466012], [1.5244877, 42.5458969], [1.5238885, 42.5448917], [1.5234303, 42.5438213], [1.5231997, 42.5434044], [1.5229127, 42.5422866], [1.5231649, 42.5412066], [1.5235037, 42.5408494], [1.5231933, 42.5397455], [1.5231164, 42.5385787], [1.5238695, 42.5378263], [1.5249765, 42.5376201], [1.5250793, 42.5368401], [1.5239324, 42.5366242], [1.523014, 42.5360788], [1.5222852, 42.5351603], [1.5213227, 42.53453], [1.5207093, 42.533578], [1.5213606, 42.5326826], [1.5208748, 42.5316288], [1.5212525, 42.5306603], [1.5217476, 42.5297316], [1.5214833, 42.5289533], [1.5209923, 42.5279601], [1.5206669, 42.5269165], [1.5207623, 42.5257447], [1.5206177, 42.5265228], [1.520636, 42.5272445], [1.5207087, 42.5260711], [1.5206468, 42.5249117], [1.5211165, 42.52387], [1.521779, 42.5229116], [1.5223815, 42.5219354], [1.5232862, 42.521201], [1.5236964, 42.5201021], [1.5237275, 42.5202679], [1.523446, 42.5208573], [1.5238805, 42.5197649], [1.5243571, 42.5187031], [1.5253126, 42.5180717], [1.5262028, 42.5173389], [1.5272077, 42.5168227], [1.5282449, 42.5163108], [1.529108, 42.515541], [1.5299018, 42.5147062], [1.5302917, 42.5137764], [1.5306892, 42.512703], [1.5306705, 42.5117561], [1.5297335, 42.5111578], [1.5294588, 42.5102644], [1.5286085, 42.5094527], [1.5291693, 42.5100138], [1.5287992, 42.5095615], [1.5286931, 42.5089078], [1.5281395, 42.5082394], [1.5274492, 42.5073677], [1.5263116, 42.5072053], [1.525146, 42.5070549]], "mood_vectors": [[0.6899, 0.0527, 0.034, 0.0637, 0.0315, 0.0584, 0.0697], [0.6507, 0.0582, 0.0593, 0.0638, 0.0465, 0.0384, 0.0831], [0.7503, 0.0485, 0.0641, 0.0302, 0.0179, 0.0511, 0.0378], [0.6332, 0.0654, 0.032, 0.0884, 0.0533, 0.0721, 0.0556], [0.7133, 0.0556, 0.0571, 0.0489, 0.03, 0.0514, 0.0438], [0.725, 0.0517, 0.056, 0.0608, 0.0206, 0.0248, 0.0611], [0.6689, 0.0857, 0.0214, 0.0839, 0.0681, 0.0482, 0.0238], [0.6895, 0.0216, 0.0581, 0.0447, 0.0608, 0.0434, 0.0818], [0.7782, 0.0565, 0.0186, 0.039, 0.0412, 0.0404, 0.0261], [0.7451, 0.0565, 0.0229, 0.0916, 0.0419, 0.0213, 0.0207], [0.726, 0.0325, 0.0365, 0.0711, 0.0201, 0.0713, 0.0426], [0.6975, 0.047, 0.0165, 0.0699, 0.016, 0.0565, 0.0966], [0.684, 0.0828, 0.0251, 0.0277, 0.0157, 0.0652, 0.0995], [0.7203, 0.05, 0.0144, 0.067, 0.016, 0.0584, 0.0739], [0.6975, 0.029, 0.0731, 0.0664, 0.0364, 0.0708, 0.0267], [0.7001, 0.0379, 0.0648, 0.0606, 0.0449, 0.0535, 0.0382], [0.6772, 0.0524, 0.0603, 0.0566, 0.029, 0.0544, 0.0702], [0.6993, 0.0655, 0.0266, 0.0534, 0.0235, 0.0687, 0.063], [0.6583, 0.0525, 0.0879, 0.0198, 0.0601, 0.0815, 0.0399], [0.7159, 0.0234, 0.0594, 0.0744, 0.0305, 0.0464, 0.0501], [0.6861, 0.0263, 0.0606, 0.051, 0.0547, 0.0536, 0.0677], [0.6931, 0.0511, 0.0307, 0.0431, 0.0521, 0.0647, 0.0652], [0.674, 0.0918, 0.0212, 0.0812, 0.0204, 0.0877, 0.0238], [0.6722, 0.0218, 0.0829, 0.0513, 0.0504, 0.0442, 0.0771], [0.74, 0.0684, 0.033, 0.0624, 0.0295, 0.0221, 0.0446], [0.6725, 0.022, 0.0595, 0.0374, 0.0813, 0.0476, 0.0797], [0.6269, 0.0726, 0.0253, 0.0542, 0.0825, 0.0521, 0.0864], [0.7273, 0.0626, 0.0366, 0.0684, 0.0222, 0.0284, 0.0545], [0.7188, 0.0632, 0.0657, 0.0542, 0.055, 0.0126, 0.0305], [0.7434, 0.0231, 0.0542, 0.055, 0.0498, 0.0545, 0.02], [0.6099, 0.0421, 0.0922, 0.0528, 0.0894, 0.0795, 0.0342], [0.674, 0.0273, 0.0317, 0.0824, 0.0837, 0.0828, 0.018], [0.742, 0.0467, 0.0646, 0.0191, 0.0254, 0.0317, 0.0705], [0.7238, 0.0658, 0.0652, 0.0136, 0.0303, 0.0438, 0.0575], [0.6934, 0.0704, 0.0704, 0.0573, 0.0157, 0.0664, 0.0264], [0.7047, 0.0474, 0.0566, 0.0357, 0.0539, 0.0279, 0.0739], [0.726, 0.0409, 0.0762, 0.0173, 0.0699, 0.0421, 0.0277], [0.655, 0.0657, 0.0596, 0.0522, 0.066, 0.0524, 0.0491], [0.7162, 0.0486, 0.0731, 0.0153, 0.0688, 0.0399, 0.038], [0.5717, 0.0931, 0.0814, 0.0735, 0.0176, 0.0718, 0.0909], [0.732, 0.0256, 0.028, 0.0621, 0.0324, 0.0498, 0.0701], [0.6417, 0.0839, 0.0576, 0.0884, 0.0491, 0.0632, 0.0161], [0.7386, 0.0609, 0.0359, 0.0394, 0.0214, 0.0468, 0.057], [0.6582, 0.0236, 0.1027, 0.0914, 0.0631, 0.0269, 0.0341], [0.7065, 0.0537, 0.0424, 0.072, 0.0647, 0.0225, 0.0383], [0.7567, 0.0341, 0.0225, 0.0292, 0.0779, 0.0249, 0.0547], [0.7027, 0.0264, 0.052, 0.065, 0.0351, 0.0505, 0.0683], [0.6872, 0.0547, 0.0913, 0.0195, 0.0846, 0.017, 0.0457], [0.707, 0.0618, 0.0385, 0.0479, 0.061, 0.0364, 0.0474], [0.7475, 0.0601, 0.0576, 0.0177, 0.0816, 0.012, 0.0235], [0.7194, 0.076, 0.0218, 0.0272, 0.0616, 0.0778, 0.0162], [0.7119, 0.0582, 0.059, 0.0421, 0.0301, 0.0384, 0.0603], [0.6279, 0.0691, 0.0236, 0.0636, 0.0712, 0.0639, 0.0806], [0.6017, 0.0552, 0.0911, 0.053, 0.0746, 0.0514, 0.073], [0.7062, 0.0441, 0.0688, 0.026, 0.0774, 0.0569, 0.0206], [0.6695, 0.0762, 0.0761, 0.0312, 0.0598, 0.0627, 0.0245], [0.7799, 0.016, 0.0628, 0.0373, 0.0348, 0.0338, 0.0354], [0.7455, 0.0244, 0.0614, 0.0486, 0.0339, 0.0357, 0.0506], [0.6823, 0.022, 0.058, 0.0507, 0.0978, 0.0356, 0.0536], [0.7253, 0.0222, 0.0722, 0.0301, 0.0826, 0.026, 0.0416], [0.797, 0.0192, 0.0263, 0.0358, 0.0132, 0.0458, 0.0627], [0.7377, 0.0685, 0.026, 0.0369, 0.0471, 0.0506, 0.0333], [0.6844, 0.0389, 0.0241, 0.0736, 0.0697, 0.0668, 0.0424], [0.743, 0.0214, 0.0747, 0.0544, 0.013, 0.0193, 0.0743], [0.6436, 0.1003, 0.0949, 0.0245, 0.0674, 0.0245, 0.0448], [0.7524, 0.0272, 0.022, 0.0428, 0.0317, 0.0646, 0.0593], [0.7083, 0.0643, 0.0771, 0.0226, 0.0314, 0.0327, 0.0635], [0.6876, 0.0643, 0.0725, 0.0317, 0.0345, 0.0551, 0.0544], [0.7084, 0.062, 0.0203, 0.0338, 0.0938, 0.0566, 0.0251], [0.7455, 0.0522, 0.0224, 0.0442, 0.0212, 0.0364, 0.0781], [0.7222, 0.0507, 0.0386, 0.0171, 0.0626, 0.0815, 0.0273], [0.7009, 0.0777, 0.0652, 0.0755, 0.0135, 0.0309, 0.0363], [0.7705, 0.0625, 0.0446, 0.016, 0.0168, 0.0446, 0.045], [0.7365, 0.0183, 0.0319, 0.0296, 0.0365, 0.084, 0.0633], [0.7129, 0.0458, 0.0139, 0.0371, 0.0374, 0.0795, 0.0733], [0.7149, 0.0394, 0.0582, 0.0743, 0.0251, 0.0215, 0.0666], [0.5959, 0.0928, 0.0419, 0.0794, 0.0889, 0.0733, 0.0278], [0.7933, 0.022, 0.0483, 0.0228, 0.0298, 0.0282, 0.0555], [0.7438, 0.0492, 0.0707, 0.0378, 0.048, 0.0242, 0.0263], [0.6861, 0.0237, 0.0767, 0.0764, 0.0381, 0.0708, 0.0281]], "emotions": ["red", "red", "red", "red", "red", "red", "red", "red", "red", "red", "red", "red", "red", "red", "red", "red", "red", "red", "red", "red", "red", "red", "red", "red", "red", "red", "red", "red", "red", "red", "red", "red", "red", "red", "red", "red", "red", "red", "red", "red", "red", "red", "red", "red", "red", "red", "red", "red", "red", "red", "red", "red", "red", "red", "red", "red", "red", "red", "red", "red", "red", "red", "red", "red", "red", "red", "red", "red", "red", "red", "red", "red", "red", "red", "red", "red", "red", "red", "red", "red"], "timestamps": [0, 40, 80, 120, 160, 200, 240, 280, 320, 360, 400, 440, 480, 520, 560, 600, 640, 680, 720, 760, 800, 840, 880, 920, 960, 1000, 1040, 1080, 1120, 1160, 1200, 1240, 1280, 1320, 1360, 1400, 1440, 1480, 1520, 1560, 1600, 1640, 1680, 1720, 1760, 1800, 1840, 1880, 1920, 1960, 2000, 2040, 2080, 2120, 2160, 2200, 2240, 2280, 2320, 2360, 2400, 2440, 2480, 2520, 2560, 2600, 2640, 2680, 2720, 2760, 2800, 2840, 2880, 2920, 2960, 3000, 3040, 3080, 3120, 3160]}], "conversation": [], "conversation_timestamps": []}