{
  "agent_id": "agent-type-red-70",
  "type": "red",
  "trips": [
    {
      "trip_id": 0,
      "transport_method": "car",
      "start_time": 0,
      "path": [
        [
          1.5280281000000002,
          42.5081029
        ],
        [
          1.527694481770942,
          42.50765333422917
        ],
        [
          1.528039031324923,
          42.5073175141887
        ],
        [
          1.528495777664191,
          42.507624348768815
        ],
        [
          1.5282963102704827,
          42.50728210392221
        ],
        [
          1.5287294291864835,
          42.50692737084926
        ],
        [
          1.52877420871551,
          42.50659264377032
        ],
        [
          1.5286244765148262,
          42.50635439066311
        ],
        [
          1.5290069294523696,
          42.506007529985645
        ],
        [
          1.52870789018202,
          42.5058025048091
        ],
        [
          1.5282417945649875,
          42.5056117000914
        ],
        [
          1.5279927779581552,
          42.50534261909292
        ],
        [
          1.5283835710464893,
          42.50523863107178
        ],
        [
          1.528931269810945,
          42.50533590692689
        ],
        [
          1.5294800892218143,
          42.50544658308537
        ],
        [
          1.5289730913673172,
          42.50534434075614
        ],
        [
          1.528424271956448,
          42.505233664597654
        ],
        [
          1.5278672605532295,
          42.50519387759626
        ],
        [
          1.5276536268809409,
          42.50500664733892
        ],
        [
          1.5280283931830088,
          42.50459911195695
        ],
        [
          1.528454052521923,
          42.50423542791138
        ],
        [
          1.52828312856039,
          42.504381465627766
        ],
        [
          1.5278574692214755,
          42.50474514967333
        ],
        [
          1.5275344613440907,
          42.50519728204211
        ],
        [
          1.528092012861318,
          42.50519100850297
        ],
        [
          1.5281708588996243,
          42.50524920309334
        ],
        [
          1.5282060289970565,
          42.50539345937684
        ],
        [
          1.5283815348331762,
          42.50570489366419
        ],
        [
          1.5289179244011195,
          42.50586532492425
        ],
        [
          1.5288809224396145,
          42.506149212094016
        ],
        [
          1.5285039907297127,
          42.50649764877115
        ],
        [
          1.528572796934349,
          42.50690680211727
        ],
        [
          1.5283616147523988,
          42.50687211692962
        ],
        [
          1.5279024130993304,
          42.50702557867703
        ],
        [
          1.5276320717589733,
          42.506846692267956
        ],
        [
          1.5278496317987023,
          42.507221757728054
        ],
        [
          1.5272915774291391,
          42.507176732419445
        ],
        [
          1.526733523059576,
          42.50713170711084
        ],
        [
          1.5261754686900129,
          42.50708668180223
        ],
        [
          1.5265145844239594,
          42.506888147183254
        ],
        [
          1.5270725076947251,
          42.50693476887072
        ],
        [
          1.5269365690345096,
          42.50692340944181
        ],
        [
          1.5263786457637438,
          42.50687678775435
        ],
        [
          1.5263114392926047,
          42.507097652271554
        ],
        [
          1.5268694936621676,
          42.50714267758016
        ],
        [
          1.5274275480317308,
          42.50718770288877
        ],
        [
          1.5279629120207254,
          42.50727455023153
        ],
        [
          1.527457704778408,
          42.50724914174257
        ],
        [
          1.5268999325435153,
          42.507201178568145
        ],
        [
          1.526562239238307,
          42.50758124019974
        ],
        [
          1.5263920307797936,
          42.508014745819594
        ],
        [
          1.5269420000000007,
          42.508114499999984
        ]
      ],
      "emotions": [
        "red",
        "red",
        "red",
        "red",
        "red",
        "red",
        "red",
        "red",
        "red",
        "red",
        "green",
        "green",
        "green",
        "green",
        "green",
        "green",
        "green",
        "green",
        "green",
        "green",
        "green",
        "green",
        "green",
        "green",
        "green",
        "red",
        "red",
        "red",
        "red",
        "red",
        "purple",
        "purple",
        "purple",
        "purple",
        "purple",
        "red",
        "red",
        "red",
        "red",
        "red",
        "red",
        "red",
        "red",
        "red",
        "red",
        "purple",
        "purple",
        "purple",
        "purple",
        "purple",
        "purple",
        "purple"
      ],
      "mood_vectors": [
        [
          0.1415287794275255,
          0.17632900174677574,
          0.12003304141970386,
          0.09596857542403303,
          0.13157680287531598,
          0.1245637115536897,
          0.2100000875529562
        ],
        [
          0.02454913477964483,
          0.12948545381017978,
          0.10558908899495835,
          0.20965250426676438,
          0.24709762361907817,
          0.19226515395669144,
          0.091361040572683
        ],
        [
          0.18350363079893506,
          0.08558615168620905,
          0.060980590095011215,
          0.2875553671030002,
          0.20462940049582903,
          0.16157309709272333,
          0.016171762728292134
        ],
        [
          0.1307086711730336,
          0.015622399073846402,
          0.16312185637034043,
          0.2772680792463349,
          0.011398916225148513,
          0.23661718982185276,
          0.16526288808944337
        ],
        [
          0.04322597472588565,
          0.04662239060951878,
          0.16231790359037068,
          0.07778004021033018,
          0.18501460929887273,
          0.25628692646132495,
          0.22875215510369698
        ],
        [
          0.2475118726423239,
          0.24133971953559172,
          0.12090690002583455,
          0.0016994194140403087,
          0.041362204640895926,
          0.13369876715442122,
          0.21348111658689237
        ],
        [
          0.09523150466197601,
          0.16538663646733273,
          0.1983158796968316,
          0.1786243470081319,
          0.18209532657782637,
          0.06693253015247128,
          0.1134137754354301
        ],
        [
          0.23380042357601247,
          0.18662602280830026,
          0.2033981201264427,
          0.17604634741695438,
          0.007599197376665084,
          0.01336094840697352,
          0.17916894028865166
        ],
        [
          0.07938272731260314,
          0.2140523413647836,
          0.17324342242007773,
          0.10810999779958277,
          0.27564709087850586,
          0.0900037781731605,
          0.05956064205128635
        ],
        [
          0.08681055659367279,
          0.14564992886944553,
          0.2404919790855139,
          0.07345570462625842,
          0.09382058512264295,
          0.2542442792571071,
          0.10552696644535932
        ],
        [
          0.12965388570840353,
          0.336845380830315,
          0.05988246445455103,
          0.046287411192300364,
          0.16115181951191454,
          0.1690989433490298,
          0.09708009495348568
        ],
        [
          0.11868530501662727,
          0.156545312032447,
          0.035519215383512465,
          0.09372868321122647,
          0.14716726287966042,
          0.1797416731886382,
          0.2686125482878882
        ],
        [
          0.13238559661506585,
          0.11883605924604514,
          0.18323534957056026,
          0.1225038983599575,
          0.22227042243799,
          0.11413889296854104,
          0.10662978080184017
        ],
        [
          0.018202274751981024,
          0.35233572105670563,
          0.09404698339565613,
          0.14323068237453895,
          0.05914051815638852,
          0.0881897882190033,
          0.24485403204572642
        ],
        [
          0.165285341565364,
          0.14105361959085225,
          0.09693883409541,
          0.17687310660937192,
          0.1987487632305201,
          0.19757824227064885,
          0.02352209263783285
        ],
        [
          0.0623232428711576,
          0.14278346585289814,
          0.10559599267056692,
          0.2511612963998003,
          0.047129950428622704,
          0.1314034783305019,
          0.2596025734464525
        ],
        [
          0.046498823941680124,
          0.17621920278560224,
          0.16482178247667165,
          0.08485600847314917,
          0.23179873897723396,
          0.10260811699312239,
          0.19319732635254058
        ],
        [
          0.14169608443876364,
          0.23337311192297375,
          0.13364614669597338,
          0.011087827387688216,
          0.11756492527391328,
          0.10560224508929764,
          0.2570296591913901
        ],
        [
          0.3291567623198342,
          0.04751208601474151,
          0.117278061139589,
          0.020738159399850454,
          0.09617552773314042,
          0.2656089564380351,
          0.12353044695480928
        ],
        [
          0.20029128038965846,
          0.038745957990490534,
          0.17180247123644643,
          0.04901986647093459,
          0.2009625980761458,
          0.22911067117337175,
          0.1100671546629524
        ],
        [
          0.06836618730463243,
          0.0009941023908629405,
          0.020787820416486965,
          0.1675542321395954,
          0.32002188779856783,
          0.3160625127853305,
          0.10621325716452405
        ],
        [
          0.16795402274917276,
          0.1093735949370287,
          0.08068756449793117,
          0.20405724688773105,
          0.13284622361088588,
          0.10002249997099562,
          0.20505884734625487
        ],
        [
          0.023785661631495158,
          0.156941402415129,
          0.12428662112618642,
          0.04837983029239807,
          0.13330791035267114,
          0.2437111381842507,
          0.26958743599786955
        ],
        [
          0.06103944684195476,
          0.06394544389381301,
          0.23541566355405177,
          0.2473372563183368,
          0.2290778114942348,
          0.009731913763893131,
          0.1534524641337156
        ],
        [
          0.021405393049157444,
          0.14110578173380361,
          0.1401196135019554,
          0.13074560250514858,
          0.2568333728778115,
          0.09328585134071175,
          0.21650438499141167
        ],
        [
          0.11895075735692702,
          0.15954054267332413,
          0.0723352039981993,
          0.2567280248830107,
          0.1201821130755492,
          0.20864899237195075,
          0.06361436564103884
        ],
        [
          0.22728497017047708,
          0.07393887451903086,
          0.27312814688753123,
          0.2121768713348866,
          0.032406374364390894,
          0.0039818516024994225,
          0.17708291112118388
        ],
        [
          0.05847209111094779,
          0.23625346841210143,
          0.048359285677570765,
          0.13266279404173292,
          0.16994413101180378,
          0.1751493462195186,
          0.17915888352632472
        ],
        [
          0.1413369188133061,
          0.10476600799653885,
          0.1902392349607952,
          0.1685790519221146,
          0.12136579911955081,
          0.13501338994280196,
          0.13869959724489256
        ],
        [
          0.24518994003713532,
          0.23064057094090043,
          0.24709517576144358,
          0.02993630572077872,
          0.03833420278820582,
          0.12598972599761785,
          0.08281407875391822
        ],
        [
          0.04193439132574236,
          0.1685361285939113,
          0.01680030169800804,
          0.19748894337657744,
          0.23057739436289643,
          0.0623240582763781,
          0.2823387823664864
        ],
        [
          0.013417350727333783,
          0.09821405143350852,
          0.10302822419819173,
          0.08518399469869306,
          0.16779503196219497,
          0.34904272993542385,
          0.183318617044654
        ],
        [
          0.135425222529746,
          0.11092071592829225,
          0.22545603411414858,
          0.16365944637507376,
          0.005803283743441714,
          0.21950465071784148,
          0.13923064659145623
        ],
        [
          0.2836804171804033,
          0.16076808955842123,
          0.15423344573303274,
          0.01801306602803559,
          0.233798460006122,
          0.007116769116115377,
          0.14238975237786985
        ],
        [
          0.03822617780481133,
          0.05893624456012782,
          0.31497334750663153,
          0.09512884439518643,
          0.11881590462207138,
          0.07383847703460372,
          0.3000810040765678
        ],
        [
          0.06493137207846747,
          0.049125731464541564,
          0.20586038217195593,
          0.22474015327891764,
          0.22883151321503903,
          0.03720023187094729,
          0.18931061592013101
        ],
        [
          0.12354109699594405,
          0.2139035076562857,
          0.04158552906318237,
          0.2612631027513044,
          0.18969333530585025,
          0.11685839862172834,
          0.0531550296057049
        ],
        [
          0.029272225224278674,
          0.31346384517159837,
          0.03860156746144144,
          0.15477209235314024,
          0.2583130461720238,
          0.05342193043014362,
          0.15215529318737395
        ],
        [
          0.1738861550454737,
          0.06939320434119281,
          0.2254204943930825,
          0.22008655746626227,
          0.05108785236760107,
          0.09981351793259063,
          0.16031221845379698
        ],
        [
          0.04424237136854032,
          0.24595523531237293,
          0.15966282100644869,
          0.011971144484969816,
          0.13893186175942984,
          0.3048808014478513,
          0.09435576462038715
        ],
        [
          0.12440668908744693,
          0.25040750144255397,
          0.1735278211275656,
          0.10741223416938003,
          0.08466833437377767,
          0.18931876232221953,
          0.07025865747705637
        ],
        [
          0.21492134436194935,
          0.2647376618506387,
          0.1706210721545247,
          0.08486841818992473,
          0.09634504302191503,
          0.014371192635271871,
          0.15413526778577555
        ],
        [
          0.17907066821910364,
          0.000743692410825525,
          0.0896405819924423,
          0.21362328732843344,
          0.06280221611041606,
          0.06438654294361254,
          0.38973301099516644
        ],
        [
          0.04149554711470435,
          0.010758978638219768,
          0.1831534714900925,
          0.2407964648219954,
          0.20612336787351912,
          0.13634256501304376,
          0.18132960504842507
        ],
        [
          0.28390074082196026,
          0.009067596868764401,
          0.17705883831502447,
          0.0035612999749015267,
          0.10055306990063334,
          0.19754984918005167,
          0.22830860493866423
        ],
        [
          0.11263029964910584,
          0.11699521009787,
          0.0904229638357206,
          0.2244082516877861,
          0.08429486707088774,
          0.2931513737260726,
          0.07809703393255708
        ],
        [
          0.18518164198541948,
          0.029202632286559206,
          0.19574739841219205,
          0.1094275692854741,
          0.20821684816917913,
          0.08437693406673005,
          0.187846975794446
        ],
        [
          0.005680659569213467,
          0.2532662467268156,
          0.4133888277118565,
          0.01692109588204482,
          0.12481207134314581,
          0.048085654776803696,
          0.1378454439901201
        ],
        [
          0.12351749292128224,
          0.26846770776893436,
          0.09061871552177267,
          0.10509326645176902,
          0.39296318827865623,
          0.00014545588244230413,
          0.019194173175143135
        ],
        [
          0.0337170537406872,
          0.09325875897607767,
          0.1871653829099752,
          0.153279781134169,
          0.1870919556297412,
          0.1707071526222337,
          0.17477991498711595
        ],
        [
          0.26626560670751376,
          0.15047802101433363,
          0.21233938486311016,
          0.08506406592831375,
          0.2317885343735347,
          0.05346474988214299,
          0.0005996372310509569
        ],
        [
          0.007130149076860712,
          0.10640069027196376,
          0.19741783899543686,
          0.2724803144978039,
          0.07177350466337942,
          0.21548120064400947,
          0.1293163018505459
        ]
      ],
      "timestamps": [
        0,
        1,
        2,
        3,
        4,
        5,
        6,
        7,
        8,
        9,
        10,
        11,
        12,
        13,
        14,
        15,
        16,
        17,
        18,
        19,
        20,
        21,
        22,
        23,
        24,
        25,
        26,
        27,
        28,
        29,
        30,
        31,
        32,
        33,
        34,
        35,
        36,
        37,
        38,
        39,
        40,
        41,
        42,
        43,
        44,
        45,
        46,
        47,
        48,
        49,
        50,
        51
      ],
      "distance": 470.1
    },
    {
      "trip_id": 1,
      "transport_method": "bicycle",
      "start_time": 52,
      "path": [
        [
          1.5265207000000007,
          42.5087504
        ],
        [
          1.52595259868697,
          42.50864749479425
        ],
        [
          1.5253873594315703,
          42.50853146546839
        ],
        [
          1.524827994903896,
          42.508388497260675
        ],
        [
          1.5246710387467695,
          42.508014345782996
        ],
        [
          1.5242764630793328,
          42.50782713593235
        ],
        [
          1.5237002576051464,
          42.50779086149571
        ],
        [
          1.523162741627823,
          42.50793748725272
        ],
        [
          1.523214538272097,
          42.50834728586433
        ],
        [
          1.5237163639248525,
          42.50862813169294
        ],
        [
          1.5242615980312988,
          42.508803001964765
        ],
        [
          1.5248282418665935,
          42.50891365162432
        ],
        [
          1.525394007577765,
          42.50902832671324
        ],
        [
          1.5259552537905348,
          42.50916371974071
        ],
        [
          1.5265165000033043,
          42.50929911276818
        ],
        [
          1.527077746216074,
          42.50943450579566
        ],
        [
          1.526538007571157,
          42.50930430117687
        ],
        [
          1.5259767613583874,
          42.5091689081494
        ],
        [
          1.5254155151456177,
          42.50903351512193
        ],
        [
          1.5255985794958828,
          42.509345443896045
        ],
        [
          1.5261672403805082,
          42.50944521053142
        ],
        [
          1.5267359012651336,
          42.50954497716679
        ],
        [
          1.527304562149759,
          42.509644743802156
        ],
        [
          1.5270918999999996,
          42.50948
        ]
      ],
      "emotions": [
        "purple",
        "purple",
        "purple",
        "green",
        "green",
        "green",
        "green",
        "green",
        "red",
        "red",
        "red",
        "red",
        "red",
        "green",
        "green",
        "green",
        "green",
        "green",
        "green",
        "green",
        "green",
        "green",
        "green",
        "red"
      ],
      "mood_vectors": [
        [
          0.047623339412246814,
          0.24052034681595424,
          0.22356757642489755,
          0.08918251100207304,
          0.03794916334977991,
          0.24697024760720934,
          0.11418681538783916
        ],
        [
          0.04436645144370153,
          0.23881947604713036,
          0.32290578730858116,
          4.531984479523367e-07,
          0.19981023467507456,
          0.10472012227128742,
          0.08937747505577703
        ],
        [
          0.17357801792613028,
          0.2059968370668121,
          0.18627267345866466,
          0.14719441816922854,
          0.0928308960221717,
          0.13013321539956468,
          0.06399394195742802
        ],
        [
          0.1966482610649411,
          0.24905753716193915,
          0.04786342620637068,
          0.03629155565905479,
          0.09965307676674928,
          0.20167784737414635,
          0.1688082957667986
        ],
        [
          0.27956089263453104,
          0.036095041882830796,
          0.22324781965414195,
          0.2141568310827029,
          0.05740854386150712,
          0.036227059931856466,
          0.1533038109524297
        ],
        [
          0.17325118261921793,
          0.06475239571737786,
          0.10142058327927049,
          0.07307533114996555,
          0.19945284687784332,
          0.16847751843618108,
          0.21957014192014387
        ],
        [
          0.19336338174314696,
          0.0494535912448281,
          0.14952994820141924,
          0.0092466036970252,
          0.12775301961272975,
          0.23112928127150356,
          0.23952417422934724
        ],
        [
          0.07221589901679326,
          0.0062706630221737,
          0.3210084946359961,
          0.15964013275746453,
          0.12756596832433842,
          0.05829416294498545,
          0.2550046792982485
        ],
        [
          0.11191663890877365,
          0.03290164161278587,
          0.2956034600572812,
          0.09307681030259068,
          0.11673849710441114,
          0.23302063062615452,
          0.11674232138800288
        ],
        [
          0.08288434170641772,
          0.020912821346918044,
          0.1658735272914067,
          0.1888162816373966,
          0.24981514936378277,
          0.1592927664159397,
          0.13240511223813842
        ],
        [
          0.1677481725522269,
          0.16521580054950596,
          0.16190860609345148,
          0.05566610078443172,
          0.2196246347334008,
          0.14996682364398894,
          0.07986986164299419
        ],
        [
          0.156430382852379,
          0.20576354601563177,
          0.006882924075457557,
          0.0025899471391288135,
          0.10283199721061881,
          0.1314925318092125,
          0.39400867089757147
        ],
        [
          0.12097879869964388,
          0.14464129251773833,
          0.06331536883298611,
          0.21229996051797762,
          0.08200616728564193,
          0.167846309144063,
          0.20891210300194923
        ],
        [
          0.07001910706155433,
          0.1244778207232191,
          0.23305111337401924,
          0.30614235053379524,
          0.016869406561956894,
          0.03853404337942016,
          0.21090615836603505
        ],
        [
          0.12776151265174093,
          0.10912629298178396,
          0.20623533134514913,
          0.16637315474129533,
          0.2181732591042124,
          0.07427251580649474,
          0.09805793336932346
        ],
        [
          0.27430500622795556,
          0.00405814029095341,
          0.14127214035974517,
          0.08706871181283903,
          0.05505131293193235,
          0.17952718396751544,
          0.25871750440905905
        ],
        [
          0.035505351931331676,
          0.10625539412212363,
          0.15981860604356393,
          0.08304038243328257,
          0.21356646981330152,
          0.16854114193208758,
          0.23327265372430905
        ],
        [
          0.06084095997749953,
          0.21322024931990424,
          0.12074524423391411,
          0.20645044124979564,
          0.3495806121633484,
          0.019360363971598366,
          0.029802129083939713
        ],
        [
          0.012194345769284397,
          0.2644986636271902,
          0.05968310812116532,
          0.2479835488027897,
          0.22828572391352006,
          0.09357881043630645,
          0.09377579932974382
        ],
        [
          0.07064305927525441,
          0.307519187773602,
          0.017645721714497582,
          0.026955766060199414,
          0.22461740069771507,
          0.018309337142725077,
          0.33430952733600644
        ],
        [
          0.056155726280950426,
          0.11244886024138014,
          0.0982037092938208,
          0.2290428265472005,
          0.07219633374167196,
          0.22920582942463175,
          0.20274671447034437
        ],
        [
          0.24857004627791518,
          0.14842053825975698,
          0.21362501625164323,
          0.08923838029036832,
          0.06337471242576337,
          0.16736793895683497,
          0.06940336753771793
        ],
        [
          0.197936741229372,
          0.19964263784112693,
          0.20536858380758874,
          0.1811746339135121,
          0.16211537487778033,
          0.005170180696154226,
          0.048591847634465606
        ],
        [
          0.31770958975144137,
          0.02113463386097168,
          0.1064233416301439,
          0.0027587526845438397,
          0.20975732369391803,
          0.2544278072241694,
          0.08778855115481177
        ]
      ],
      "timestamps": [
        52,
        53,
        54,
        55,
        56,
        57,
        58,
        59,
        60,
        61,
        62,
        63,
        64,
        65,
        66,
        67,
        68,
        69,
        70,
        71,
        72,
        73,
        74,
        75
      ],
      "distance": 122.6
    },
    {
      "trip_id": 2,
      "transport_method": "car",
      "start_time": 76,
      "path": [
        [
          1.5270918999999996,
          42.50948
        ],
        [
          1.5264454857059362,
          42.50949402626796
        ],
        [
          1.525427526693794,
          42.50903641274481
        ],
        [
          1.5268366479998061,
          42.50937634412494
        ],
        [
          1.5259312306941821,
          42.509157924494936
        ],
        [
          1.5245146022845613,
          42.50885240660441
        ],
        [
          1.5231832996694268,
          42.50832780479951
        ],
        [
          1.5240315212915574,
          42.50781171586823
        ],
        [
          1.524875880012566,
          42.508400736235124
        ],
        [
          1.5262913615047586,
          42.508708857893865
        ],
        [
          1.5253275030457334,
          42.508516166750326
        ],
        [
          1.5244967414674984,
          42.507841003336935
        ],
        [
          1.5231049165333626,
          42.50798388234662
        ],
        [
          1.5240571020410518,
          42.50876306962934
        ],
        [
          1.525411562443942,
          42.50915017566414
        ],
        [
          1.5245182013846836,
          42.50885310940779
        ],
        [
          1.5238150945292543,
          42.508877428413435
        ],
        [
          1.5228277385912057,
          42.50836748824289
        ],
        [
          1.521986998036902,
          42.50840705415775
        ],
        [
          1.5215977085057057,
          42.508379966860545
        ],
        [
          1.5216506163144532,
          42.508240607981634
        ],
        [
          1.5203675365092455,
          42.507566986002516
        ],
        [
          1.5196383252367884,
          42.50836022184971
        ],
        [
          1.5195424,
          42.50781979999999
        ]
      ],
      "emotions": [
        "red",
        "red",
        "red",
        "red",
        "red",
        "red",
        "red",
        "red",
        "red",
        "green",
        "green",
        "green",
        "green",
        "green",
        "green",
        "green",
        "green",
        "green",
        "green",
        "purple",
        "purple",
        "purple",
        "purple",
        "purple"
      ],
      "mood_vectors": [
        [
          0.22095578432876822,
          0.04196219218040643,
          0.16555467737612795,
          0.12690294923964757,
          0.08177796116151392,
          0.1449008324757799,
          0.217945603237756
        ],
        [
          0.13848721959583096,
          0.21157439502191897,
          0.27825159859592946,
          0.12552898919973923,
          0.19346537464220678,
          0.0392091865692369,
          0.013483236375137706
        ],
        [
          0.0773630174811687,
          0.16781196227826536,
          0.32042630036330816,
          0.09167717495028495,
          0.009463016352934655,
          0.17661628148214267,
          0.15664224709189556
        ],
        [
          0.174607387369195,
          0.23746417119311578,
          0.2370188923177916,
          0.1705956020198698,
          0.013463271662621096,
          0.031011460266089867,
          0.13583921517131686
        ],
        [
          0.20570903928549136,
          0.03382112846694925,
          0.24083163938937116,
          0.15409052185553215,
          0.03672359228565746,
          0.0704684824244992,
          0.2583555962924993
        ],
        [
          0.21978393395907878,
          0.21062496491085128,
          0.14240962217671413,
          0.16691903934883007,
          0.20898461531774817,
          0.005524279944087103,
          0.04575354434269059
        ],
        [
          0.18655171098621126,
          0.11860366702207278,
          0.0904525558877793,
          0.1502054303082766,
          0.13794980991602732,
          0.14034296474623556,
          0.17589386113339722
        ],
        [
          0.2020176642506594,
          0.13105726967833636,
          0.19975367365785857,
          0.19292249766145209,
          0.1863288741327032,
          0.08745424635341262,
          0.00046577426557782776
        ],
        [
          0.08944115312657264,
          0.18663656465481515,
          0.18449520177425377,
          0.16862937207212655,
          0.08674152959759922,
          0.14185511706982876,
          0.1422010617048039
        ],
        [
          0.1491263138301995,
          0.2168671323383806,
          0.07572311886889067,
          0.02503198061875531,
          0.16636981700644618,
          0.2534654711267394,
          0.11341616621058838
        ],
        [
          0.22232187455723412,
          0.029831002492307114,
          0.1887903960043032,
          0.17315341144333563,
          0.04276857926738272,
          0.10578219580817978,
          0.23735254042725745
        ],
        [
          0.04671199746662709,
          0.08624690072910247,
          0.15731997027013148,
          0.1946934631866085,
          0.26945046327966365,
          0.1349201527960958,
          0.11065705227177108
        ],
        [
          0.11150160498738151,
          0.18818223970325967,
          0.22784619050683827,
          0.030087591958819403,
          0.1514488416189989,
          0.11887267489735984,
          0.17206085632734247
        ],
        [
          0.22947284975063303,
          0.1516295946850411,
          0.20479602751051715,
          0.009136939466681548,
          0.1976453568570114,
          0.12898727332295531,
          0.07833195840716044
        ],
        [
          0.1279192653086325,
          0.185434058641217,
          0.1418245137453394,
          0.20987737079980992,
          0.04061868711403745,
          0.21908450049450964,
          0.07524160389645408
        ],
        [
          0.1995539383570223,
          0.15789068194578243,
          0.247872799218332,
          0.038451875529157284,
          0.10968987572022354,
          0.05565962955609107,
          0.1908811996733914
        ],
        [
          0.15641150414196642,
          0.2324841433777898,
          0.11448245632835526,
          0.003466403701363712,
          0.2197901543857258,
          0.20925379749039055,
          0.0641115405744085
        ],
        [
          0.055959765641550516,
          0.25009346804918364,
          0.1809566578458357,
          0.15309577148421483,
          0.2071626133689133,
          0.06125773184837261,
          0.09147399176192945
        ],
        [
          0.07968809348561859,
          0.26224097609739977,
          0.05479017051003318,
          0.012041555286369894,
          0.17315786969258865,
          0.19109131907481428,
          0.22699001585317566
        ],
        [
          0.17205061624263826,
          0.22795862820552257,
          0.1043247366223209,
          0.18794526046867296,
          0.0623969036694942,
          0.17819632143785064,
          0.06712753335350043
        ],
        [
          0.14742637126848163,
          0.03305231797126364,
          0.2685194116431524,
          0.03348272737785696,
          0.2144899374244937,
          0.15676714167925582,
          0.14626209263549592
        ],
        [
          0.1447474099375269,
          0.16352023035936133,
          0.1375236599266869,
          0.18444086285092934,
          0.12052779191978433,
          0.13353272821152212,
          0.11570731679418904
        ],
        [
          0.002764072823173496,
          0.02945212169282546,
          0.04970686969285491,
          0.2874472077172579,
          0.14159001019415365,
          0.19757219346784008,
          0.29146752441189455
        ],
        [
          0.1486672767959647,
          0.014114881087921182,
          0.010052282245560163,
          0.2798285521714135,
          0.21602248029648194,
          0.18414061893389502,
          0.1471739084687634
        ]
      ],
      "timestamps": [
        76,
        77,
        78,
        79,
        80,
        81,
        82,
        83,
        84,
        85,
        86,
        87,
        88,
        89,
        90,
        91,
        92,
        93,
        94,
        95,
        96,
        97,
        98,
        99
      ],
      "distance": 915.3
    }
  ],
  "conversation": [
    "I always forget how much I like walking here.",
    "How is this just a neighborhood and not a whole city?",
    "Why are the best dumplings always cash only?"
  ],
  "conversation_timestamps": [
    10,
    34,
    61
  ]
}
