{"agent_id": "agent-red-251", "type": "red", "trips": [{"trip_id": 0, "transport_method": "car", "start_time": 0, "path": [[1.5419055, 42.5107367], [1.5419417, 42.5099634], [1.5423453, 42.5093249], [1.5431175, 42.5094362], [1.5439007, 42.5096522], [1.5445068, 42.5099212], [1.5452829, 42.5101286], [1.5457477, 42.5107588], [1.5464154, 42.5112295], [1.5471911, 42.5114847], [1.5479947, 42.5116583], [1.5487938, 42.5118496], [1.549484, 42.5118124], [1.5497081, 42.5118517], [1.5503765, 42.5121259], [1.5502575, 42.5120875], [1.5509502, 42.5125147], [1.5515788, 42.5130447], [1.5510335, 42.5125993], [1.551512, 42.5129437], [1.5522104, 42.5133681], [1.5524767, 42.5135564], [1.5527286, 42.5140976], [1.5527742, 42.5149074], [1.5532351, 42.5155844], [1.5535061, 42.5163561], [1.5538944, 42.5170753], [1.554474, 42.5176505], [1.5551674, 42.518077], [1.5558829, 42.5183553], [1.5564569, 42.5189418], [1.5569605, 42.5195714], [1.557493, 42.520155], [1.5580763, 42.5207344], [1.5586834, 42.5212886], [1.5593168, 42.5218127], [1.5596906, 42.5219877], [1.5596786, 42.5220881], [1.5603751, 42.522513], [1.5610672, 42.5229504], [1.5617185, 42.5234506], [1.5622616, 42.5240645], [1.5628847, 42.5245868], [1.5636638, 42.5248453], [1.5643902, 42.5252045], [1.5651837, 42.5253793], [1.5659375, 42.5257057], [1.5666289, 42.5261455], [1.5672767, 42.5266518], [1.5679474, 42.5271248], [1.5686916, 42.5274737], [1.5693645, 42.5279313], [1.5700597, 42.5283683], [1.5707467, 42.52882], [1.5713403, 42.5293836], [1.5719897, 42.5298797], [1.5724753, 42.5305392], [1.5730126, 42.5311594], [1.5735674, 42.5317648], [1.5742004, 42.5322628], [1.5749839, 42.5324283], [1.5757849, 42.5325985], [1.5765757, 42.5327374], [1.5773906, 42.5328466], [1.5781992, 42.5329796], [1.57898, 42.5331952], [1.5797632, 42.5334426], [1.5804674, 42.5338493], [1.5809386, 42.5344934], [1.5813819, 42.5351774], [1.5820134, 42.5355954], [1.582213, 42.5362736], [1.5822624, 42.53684], [1.5828168, 42.5374471], [1.5834714, 42.5379071], [1.5839198, 42.5383748], [1.5847261, 42.5383822], [1.5855093, 42.5386166], [1.5861365, 42.5390896], [1.5862234, 42.5394069]], "mood_vectors": [[0.7823, 0.0485, 0.0704, 0.0136, 0.0149, 0.0148, 0.0555], [0.6629, 0.0364, 0.0423, 0.0771, 0.0399, 0.0586, 0.0827], [0.7338, 0.0138, 0.0371, 0.0411, 0.068, 0.0652, 0.041], [0.7779, 0.0257, 0.0773, 0.0475, 0.0141, 0.022, 0.0356], [0.6682, 0.0711, 0.0728, 0.0318, 0.0693, 0.0224, 0.0644], [0.683, 0.0677, 0.0734, 0.0609, 0.0339, 0.0302, 0.0509], [0.5796, 0.0378, 0.0798, 0.083, 0.0455, 0.0827, 0.0916], [0.6699, 0.0125, 0.0778, 0.0401, 0.0853, 0.0458, 0.0686], [0.6473, 0.0753, 0.0837, 0.0176, 0.0573, 0.0614, 0.0574], [0.648, 0.0663, 0.0601, 0.0549, 0.0843, 0.0187, 0.0677], [0.7141, 0.0828, 0.0336, 0.0302, 0.0355, 0.0636, 0.0403], [0.6636, 0.0546, 0.0707, 0.0331, 0.0429, 0.0693, 0.0659], [0.7178, 0.0144, 0.0663, 0.0651, 0.0144, 0.0882, 0.0338], [0.6654, 0.0804, 0.0284, 0.0188, 0.082, 0.072, 0.0529], [0.7385, 0.059, 0.0248, 0.0362, 0.0494, 0.029, 0.063], [0.689, 0.0425, 0.0872, 0.0679, 0.0319, 0.0298, 0.0517], [0.6972, 0.0685, 0.0347, 0.0659, 0.0216, 0.0584, 0.0539], [0.7367, 0.0527, 0.0385, 0.0721, 0.0428, 0.0142, 0.043], [0.6621, 0.0639, 0.0538, 0.0547, 0.075, 0.025, 0.0655], [0.7437, 0.0608, 0.0465, 0.0254, 0.0805, 0.026, 0.017], [0.6058, 0.0207, 0.0763, 0.0779, 0.0574, 0.0857, 0.0762], [0.7011, 0.0636, 0.0451, 0.0531, 0.0518, 0.0378, 0.0474], [0.7008, 0.0537, 0.051, 0.0654, 0.061, 0.0232, 0.0449], [0.6941, 0.0106, 0.069, 0.0456, 0.0607, 0.0596, 0.0605], [0.6466, 0.0205, 0.0802, 0.07, 0.0704, 0.0754, 0.0369], [0.6872, 0.0671, 0.0647, 0.0619, 0.0409, 0.0346, 0.0436], [0.7779, 0.0263, 0.0662, 0.0335, 0.0473, 0.0332, 0.0157], [0.6273, 0.0429, 0.0883, 0.0594, 0.08, 0.0136, 0.0885], [0.6967, 0.0437, 0.0421, 0.0931, 0.0385, 0.0291, 0.0568], [0.5735, 0.0879, 0.0521, 0.0855, 0.0527, 0.0699, 0.0782], [0.6712, 0.0626, 0.031, 0.092, 0.0219, 0.0892, 0.0321], [0.6949, 0.0674, 0.0985, 0.0629, 0.0364, 0.0232, 0.0167], [0.7006, 0.0424, 0.0454, 0.0984, 0.0438, 0.0367, 0.0327], [0.744, 0.0563, 0.019, 0.0729, 0.0411, 0.0189, 0.0477], [0.7347, 0.0428, 0.063, 0.028, 0.0458, 0.0659, 0.0198], [0.6458, 0.0514, 0.0706, 0.0775, 0.0429, 0.0688, 0.0431], [0.6833, 0.0517, 0.0237, 0.0288, 0.0717, 0.0616, 0.0793], [0.6829, 0.0244, 0.0349, 0.0599, 0.0881, 0.0331, 0.0767], [0.7225, 0.0338, 0.0659, 0.074, 0.0395, 0.0289, 0.0354], [0.6687, 0.0619, 0.0682, 0.0293, 0.0726, 0.0521, 0.0473], [0.7351, 0.0568, 0.0301, 0.0209, 0.0547, 0.0718, 0.0306], [0.781, 0.0484, 0.072, 0.0212, 0.0211, 0.0199, 0.0364], [0.7981, 0.037, 0.0354, 0.0242, 0.0369, 0.0433, 0.0252], [0.7107, 0.0408, 0.0449, 0.0872, 0.0788, 0.0179, 0.0197], [0.7541, 0.0183, 0.0309, 0.0382, 0.0446, 0.0932, 0.0208], [0.6227, 0.0884, 0.0567, 0.0867, 0.0283, 0.0595, 0.0577], [0.7542, 0.0267, 0.0547, 0.0371, 0.0568, 0.0477, 0.0227], [0.6089, 0.0337, 0.0785, 0.0617, 0.073, 0.0705, 0.0736], [0.5879, 0.0454, 0.0806, 0.042, 0.0891, 0.0756, 0.0795], [0.7209, 0.0608, 0.0345, 0.0313, 0.0736, 0.0249, 0.0541], [0.7285, 0.0375, 0.0254, 0.0721, 0.0666, 0.0517, 0.0183], [0.6356, 0.0361, 0.0618, 0.0603, 0.0616, 0.0729, 0.0717], [0.7466, 0.079, 0.0167, 0.0662, 0.0304, 0.0225, 0.0386], [0.6844, 0.0337, 0.0745, 0.0394, 0.0796, 0.0282, 0.0603], [0.6562, 0.0933, 0.0297, 0.0428, 0.0637, 0.0814, 0.0329], [0.675, 0.0409, 0.0702, 0.0504, 0.0694, 0.0537, 0.0405], [0.6131, 0.0743, 0.0782, 0.0737, 0.0865, 0.0466, 0.0276], [0.6702, 0.0677, 0.0673, 0.063, 0.0713, 0.0138, 0.0467], [0.7462, 0.0362, 0.0298, 0.0899, 0.0178, 0.0151, 0.065], [0.6344, 0.0732, 0.0558, 0.0492, 0.0402, 0.0951, 0.0519], [0.665, 0.093, 0.0603, 0.0746, 0.0508, 0.0323, 0.024], [0.7569, 0.0431, 0.0555, 0.0169, 0.0254, 0.034, 0.0682], [0.7119, 0.0359, 0.0357, 0.083, 0.0263, 0.0811, 0.0262], [0.7372, 0.0513, 0.0397, 0.0587, 0.016, 0.0162, 0.0809], [0.6544, 0.0795, 0.0597, 0.028, 0.0277, 0.0751, 0.0755], [0.7225, 0.039, 0.0821, 0.0244, 0.032, 0.0489, 0.0511], [0.6569, 0.0171, 0.0629, 0.0815, 0.0864, 0.0391, 0.0561], [0.6689, 0.0504, 0.08, 0.0356, 0.0797, 0.0359, 0.0495], [0.6883, 0.0324, 0.078, 0.0832, 0.0134, 0.0743, 0.0303], [0.6847, 0.0785, 0.0589, 0.066, 0.0666, 0.0338, 0.0114], [0.6825, 0.065, 0.0853, 0.0203, 0.0441, 0.0251, 0.0776], [0.7368, 0.0146, 0.0752, 0.0223, 0.0729, 0.0352, 0.0431], [0.7479, 0.0358, 0.0797, 0.03, 0.0404, 0.0143, 0.0519], [0.6582, 0.0403, 0.0511, 0.0818, 0.0804, 0.049, 0.0392], [0.7291, 0.0449, 0.0401, 0.0494, 0.0276, 0.0351, 0.0737], [0.7062, 0.0556, 0.0495, 0.0374, 0.0653, 0.0536, 0.0324], [0.6832, 0.0449, 0.0666, 0.0418, 0.0628, 0.0706, 0.0301], [0.7103, 0.0387, 0.0744, 0.0534, 0.0399, 0.0493, 0.0339], [0.778, 0.0155, 0.014, 0.0272, 0.0342, 0.0811, 0.05], [0.7065, 0.0638, 0.0847, 0.0201, 0.0609, 0.0175, 0.0465]], "emotions": ["red", "red", "red", "red", "red", "red", "red", "red", "red", "red", "red", "red", "red", "red", "red", "red", "red", "red", "red", "red", "red", "red", "red", "red", "red", "red", "red", "red", "red", "red", "red", "red", "red", "red", "red", "red", "red", "red", "red", "red", "red", "red", "red", "red", "red", "red", "red", "red", "red", "red", "red", "red", "red", "red", "red", "red", "red", "red", "red", "red", "red", "red", "red", "red", "red", "red", "red", "red", "red", "red", "red", "red", "red", "red", "red", "red", "red", "red", "red", "red"], "timestamps": [0, 40, 80, 120, 160, 200, 240, 280, 320, 360, 400, 440, 480, 520, 560, 600, 640, 680, 720, 760, 800, 840, 880, 920, 960, 1000, 1040, 1080, 1120, 1160, 1200, 1240, 1280, 1320, 1360, 1400, 1440, 1480, 1520, 1560, 1600, 1640, 1680, 1720, 1760, 1800, 1840, 1880, 1920, 1960, 2000, 2040, 2080, 2120, 2160, 2200, 2240, 2280, 2320, 2360, 2400, 2440, 2480, 2520, 2560, 2600, 2640, 2680, 2720, 2760, 2800, 2840, 2880, 2920, 2960, 3000, 3040, 3080, 3120, 3160]}], "conversation": [], "conversation_timestamps": []}