{"agent_id": "agent-blue-815", "type": "blue", "trips": [{"trip_id": 0, "transport_method": "bus", "start_time": 0, "path": [[1.5045974, 42.4623281], [1.5040249, 42.4612599], [1.5026867, 42.4607763], [1.50252, 42.4614933], [1.5027838, 42.4628534], [1.5033312, 42.4636957], [1.5022975, 42.4644278], [1.5009936, 42.4650441], [1.499659, 42.464936], [1.4984125, 42.4645771], [1.4972213, 42.4647397], [1.4958999, 42.4644047], [1.4955183, 42.4644444], [1.4946554, 42.4656213], [1.4933192, 42.4660959], [1.4921259, 42.4668541], [1.4915949, 42.4679958], [1.4920266, 42.4693884], [1.4917901, 42.4708048], [1.4911046, 42.4720933], [1.4905273, 42.4734242], [1.4908265, 42.474826], [1.4907566, 42.4762697], [1.4904447, 42.4776584], [1.4902162, 42.4791], [1.4899877, 42.4805415], [1.4897469, 42.4819071], [1.4894303, 42.4804984], [1.4895725, 42.4790744], [1.490323, 42.4778238], [1.4906284, 42.4765096], [1.4905132, 42.4779646], [1.4903979, 42.4794196], [1.4902826, 42.4808746], [1.4901674, 42.4823296], [1.4907314, 42.4836291], [1.4916238, 42.4846682], [1.4929422, 42.4851171], [1.4941325, 42.4859479], [1.494729, 42.4872132], [1.4950169, 42.4885622], [1.4959666, 42.4896705], [1.4963422, 42.4910323], [1.4975032, 42.4918902], [1.4987818, 42.4925929], [1.4999987, 42.4933899], [1.5010363, 42.4943282], [1.5023579, 42.4949472], [1.5037054, 42.4954994], [1.5050194, 42.496124], [1.5064014, 42.4965922], [1.5077729, 42.4970912], [1.5090949, 42.4977084], [1.510357, 42.4984267], [1.5112699, 42.499565], [1.5121602, 42.5007214], [1.5130267, 42.5018957], [1.5129829, 42.5018282], [1.5136734, 42.5026852], [1.5147256, 42.5036968], [1.5157781, 42.504708], [1.516973, 42.5053229], [1.5183848, 42.5054287], [1.5198216, 42.5056693], [1.5212013, 42.5060454], [1.5225855, 42.506506], [1.5240051, 42.5068384], [1.5254073, 42.5070853], [1.5265307, 42.5072223], [1.5252099, 42.5070602], [1.5266646, 42.5071797], [1.5281038, 42.5073435], [1.5292842, 42.5081749], [1.5296306, 42.5084411], [1.5307887, 42.5089786], [1.5321273, 42.5095141], [1.533542, 42.5098354], [1.5349922, 42.5099033], [1.5364452, 42.5099902], [1.5378964, 42.5100422]], "mood_vectors": [[0.0398, 0.0558, 0.0737, 0.7516, 0.0187, 0.041, 0.0193], [0.0655, 0.064, 0.0673, 0.6299, 0.0636, 0.0255, 0.0842], [0.0238, 0.0596, 0.0506, 0.7228, 0.0519, 0.0622, 0.0292], [0.0323, 0.0158, 0.0184, 0.7998, 0.0365, 0.056, 0.0412], [0.065, 0.0899, 0.08, 0.6595, 0.0727, 0.0166, 0.0163], [0.067, 0.065, 0.0672, 0.6571, 0.0962, 0.0206, 0.0269], [0.0667, 0.0194, 0.088, 0.6068, 0.0528, 0.0897, 0.0767], [0.0262, 0.0312, 0.08, 0.7338, 0.0569, 0.0138, 0.0581], [0.0434, 0.0269, 0.0278, 0.7399, 0.0374, 0.0805, 0.0441], [0.0415, 0.0753, 0.068, 0.7105, 0.0306, 0.0459, 0.0282], [0.057, 0.0178, 0.0321, 0.7183, 0.0755, 0.0253, 0.0741], [0.0496, 0.0589, 0.0317, 0.7316, 0.0228, 0.048, 0.0574], [0.0307, 0.0888, 0.0787, 0.699, 0.0352, 0.0325, 0.035], [0.0512, 0.0363, 0.0615, 0.7046, 0.0551, 0.073, 0.0183], [0.0176, 0.0713, 0.0623, 0.7227, 0.0387, 0.0703, 0.0171], [0.0376, 0.063, 0.0278, 0.6936, 0.0452, 0.0484, 0.0845], [0.0404, 0.0753, 0.0593, 0.6943, 0.0142, 0.0672, 0.0492], [0.0303, 0.0734, 0.0667, 0.6731, 0.066, 0.0476, 0.0428], [0.0656, 0.0832, 0.0445, 0.6022, 0.0437, 0.079, 0.0818], [0.0573, 0.0414, 0.0393, 0.6827, 0.0773, 0.0274, 0.0746], [0.0237, 0.0612, 0.0484, 0.7112, 0.0397, 0.0489, 0.0669], [0.0635, 0.049, 0.0669, 0.6604, 0.0367, 0.0552, 0.0684], [0.013, 0.0327, 0.0811, 0.7073, 0.0788, 0.0587, 0.0284], [0.0412, 0.0605, 0.0604, 0.6786, 0.0743, 0.0527, 0.0323], [0.1032, 0.0174, 0.0166, 0.7023, 0.0758, 0.0278, 0.0569], [0.0448, 0.0801, 0.0876, 0.5763, 0.0738, 0.0574, 0.08], [0.042, 0.0669, 0.0363, 0.6893, 0.0627, 0.0229, 0.0799], [0.0272, 0.0369, 0.0763, 0.6872, 0.0633, 0.0308, 0.0784], [0.0751, 0.0346, 0.077, 0.5775, 0.0703, 0.0819, 0.0837], [0.052, 0.0514, 0.0228, 0.6816, 0.0699, 0.0628, 0.0594], [0.0469, 0.0413, 0.0497, 0.6708, 0.0678, 0.0485, 0.075], [0.0383, 0.034, 0.0446, 0.6457, 0.084, 0.0726, 0.0808], [0.032, 0.0918, 0.0624, 0.6634, 0.0336, 0.0418, 0.0749], [0.0625, 0.0266, 0.0415, 0.7456, 0.0676, 0.0218, 0.0344], [0.0155, 0.0557, 0.0871, 0.7019, 0.0423, 0.0515, 0.0461], [0.0525, 0.0774, 0.0276, 0.6635, 0.0752, 0.0461, 0.0576], [0.0338, 0.0202, 0.046, 0.7396, 0.0771, 0.0443, 0.039], [0.0645, 0.0729, 0.0636, 0.7235, 0.035, 0.015, 0.0254], [0.0755, 0.085, 0.0547, 0.6519, 0.0415, 0.015, 0.0763], [0.0139, 0.0162, 0.0776, 0.6976, 0.0462, 0.0715, 0.0769], [0.0138, 0.0214, 0.0477, 0.7837, 0.059, 0.0542, 0.0202], [0.0503, 0.0342, 0.0468, 0.685, 0.0559, 0.0541, 0.0738], [0.0672, 0.0391, 0.0368, 0.6836, 0.0601, 0.0261, 0.0871], [0.0594, 0.0693, 0.0322, 0.7362, 0.0316, 0.0284, 0.043], [0.033, 0.0491, 0.0487, 0.6471, 0.0705, 0.0613, 0.0904], [0.0467, 0.0314, 0.058, 0.7001, 0.0767, 0.0163, 0.0708], [0.0604, 0.0591, 0.0711, 0.646, 0.0507, 0.0859, 0.0268], [0.0775, 0.0444, 0.0751, 0.6514, 0.0197, 0.0562, 0.0756], [0.0714, 0.0221, 0.0827, 0.712, 0.0627, 0.0236, 0.0254], [0.0129, 0.0472, 0.0577, 0.6624, 0.0511, 0.0835, 0.0851], [0.0162, 0.021, 0.0313, 0.7627, 0.0653, 0.0181, 0.0854], [0.0847, 0.0563, 0.0529, 0.6002, 0.0526, 0.0708, 0.0825], [0.0579, 0.0698, 0.0714, 0.58, 0.0754, 0.0706, 0.075], [0.0768, 0.085, 0.0538, 0.698, 0.0404, 0.0275, 0.0184], [0.0489, 0.0705, 0.0146, 0.648, 0.0325, 0.0927, 0.0927], [0.0378, 0.0771, 0.0781, 0.6499, 0.0314, 0.0721, 0.0537], [0.0141, 0.0566, 0.0678, 0.75, 0.0501, 0.0138, 0.0476], [0.0461, 0.0707, 0.0616, 0.6514, 0.0879, 0.0626, 0.0198], [0.0277, 0.0335, 0.0343, 0.7217, 0.0569, 0.0746, 0.0513], [0.0403, 0.0723, 0.0715, 0.6843, 0.0711, 0.0372, 0.0233], [0.029, 0.0767, 0.0712, 0.691, 0.0702, 0.0176, 0.0443], [0.0723, 0.0156, 0.0763, 0.6759, 0.0497, 0.0237, 0.0866], [0.0417, 0.0634, 0.0591, 0.6878, 0.0634, 0.057, 0.0275], [0.0239, 0.0547, 0.0316, 0.665, 0.0432, 0.0968, 0.0848], [0.0441, 0.0799, 0.0156, 0.6205, 0.0754, 0.0862, 0.0783], [0.0388, 0.0748, 0.071, 0.6801, 0.0703, 0.0328, 0.0323], [0.029, 0.0435, 0.0502, 0.6996, 0.0629, 0.0459, 0.0689], [0.0581, 0.0315, 0.0138, 0.7563, 0.0736, 0.0158, 0.0509], [0.0566, 0.0118, 0.0211, 0.7767, 0.0328, 0.0788, 0.0223], [0.0879, 0.0844, 0.0166, 0.6743, 0.0247, 0.051, 0.0611], [0.042, 0.0504, 0.058, 0.6881, 0.0471, 0.0683, 0.0461], [0.0472, 0.0197, 0.026, 0.7359, 0.0697, 0.0406, 0.0609], [0.0449, 0.0648, 0.0638, 0.657, 0.0648, 0.0342, 0.0706], [0.0745, 0.0526, 0.0228, 0.699, 0.016, 0.0752, 0.0598], [0.0473, 0.0114, 0.0146, 0.7691, 0.0743, 0.0691, 0.0142], [0.0195, 0.0161, 0.0536, 0.6731, 0.0853, 0.0883, 0.0642], [0.043, 0.0802, 0.0279, 0.6798, 0.0583, 0.0664, 0.0445], [0.0795, 0.0811, 0.0706, 0.6258, 0.0673, 0.0238, 0.0519], [0.0493, 0.0178, 0.0268, 0.7286, 0.0846, 0.0226, 0.0703], [0.0303, 0.0595, 0.0776, 0.7011, 0.0147, 0.0722, 0.0445]], "emotions": ["green", "green", "green", "green", "green", "green", "green", "green", "green", "green", "green", "green", "green", "green", "green", "green", "green", "green", "green", "green", "green", "green", "green", "green", "green", "green", "green", "green", "green", "green", "green", "green", "green", "green", "green", "green", "green", "green", "green", "green", "green", "green", "green", "green", "green", "green", "green", "green", "green", "green", "green", "green", "green", "green", "green", "green", "green", "green", "green", "green", "green", "green", "green", "green", "green", "green", "green", "green", "green", "green", "green", "green", "green", "green", "green", "green", "green", "green", "green", "green"], "timestamps": [0, 40, 80, 120, 160, 200, 240, 280, 320, 360, 400, 440, 480, 520, 560, 600, 640, 680, 720, 760, 800, 840, 880, 920, 960, 1000, 1040, 1080, 1120, 1160, 1200, 1240, 1280, 1320, 1360, 1400, 1440, 1480, 1520, 1560, 1600, 1640, 1680, 1720, 1760, 1800, 1840, 1880, 1920, 1960, 2000, 2040, 2080, 2120, 2160, 2200, 2240, 2280, 2320, 2360, 2400, 2440, 2480, 2520, 2560, 2600, 2640, 2680, 2720, 2760, 2800, 2840, 2880, 2920, 2960, 3000, 3040, 3080, 3120, 3160]}], "conversation": [], "conversation_timestamps": []}