{"agent_id": "agent-green-92", "type": "green", "trips": [{"trip_id": 0, "transport_method": "car", "start_time": 0, "path": [[1.5203811, 42.50739], [1.5205005, 42.5074598], [1.5206198, 42.5075296], [1.5207391, 42.5075994], [1.5208585, 42.5076692], [1.5209778, 42.5077389], [1.5210971, 42.5078087], [1.5212175, 42.5078766], [1.5213329, 42.5079524], [1.5214458, 42.5080322], [1.5215548, 42.5081169], [1.5216557, 42.5082113], [1.5217012, 42.5082579], [1.5215976, 42.5081663], [1.521494, 42.5080748], [1.5213905, 42.5079832], [1.5212869, 42.5078916], [1.5211833, 42.5078001], [1.5210797, 42.5077085], [1.5209762, 42.507617], [1.5208726, 42.5075254], [1.520769, 42.5074339], [1.5206654, 42.5073423], [1.5205619, 42.5072508], [1.520688, 42.5072244], [1.5208141, 42.5071857], [1.5209157, 42.5070919], [1.5210183, 42.5069994], [1.5211298, 42.5069178], [1.5212414, 42.5068362], [1.521353, 42.5067545], [1.5214646, 42.5066729], [1.5215367, 42.5066039], [1.5214016, 42.5066257], [1.5213064, 42.5067248], [1.5212063, 42.5068201], [1.5211056, 42.5069148], [1.5210091, 42.5070055], [1.5211057, 42.5069067], [1.5212024, 42.5068078], [1.521299, 42.506709], [1.5213957, 42.5066102], [1.5214923, 42.5065113], [1.521589, 42.5064125], [1.5216856, 42.5063137], [1.5217689, 42.5062055], [1.5218289, 42.5060809], [1.5218888, 42.5059563], [1.5219488, 42.5058318], [1.5220087, 42.5057072], [1.5220591, 42.5055802], [1.522067, 42.5054422], [1.5220749, 42.5053042], [1.5220828, 42.5051661], [1.5220907, 42.5050281], [1.522096, 42.50489], [1.5221525, 42.5047717], [1.5222415, 42.5046659], [1.5223331, 42.5045672], [1.5224704, 42.5045824], [1.5226082, 42.5045933], [1.5227452, 42.5045904], [1.5228795, 42.5045585], [1.5230125, 42.5045833], [1.5231494, 42.5045764], [1.5232724, 42.504593], [1.5234, 42.5046377], [1.5235356, 42.5046649], [1.5236711, 42.504692], [1.5238067, 42.5047192], [1.523942, 42.5047471], [1.524073, 42.5047889], [1.5242104, 42.5048039], [1.5243479, 42.5048189], [1.5244853, 42.5048338], [1.5245947, 42.5048458], [1.5244573, 42.5048308], [1.5243198, 42.5048158], [1.5241824, 42.5048008], [1.524045, 42.5047859]], "mood_vectors": [[0.0268, 0.0538, 0.0723, 0.0471, 0.0771, 0.0412, 0.6817], [0.061, 0.0146, 0.0373, 0.05, 0.0641, 0.0514, 0.7216], [0.0378, 0.0441, 0.0485, 0.0739, 0.0245, 0.0203, 0.751], [0.0835, 0.0362, 0.0426, 0.0483, 0.0506, 0.0474, 0.6914], [0.0297, 0.0631, 0.0666, 0.0468, 0.0765, 0.085, 0.6323], [0.0607, 0.0357, 0.0316, 0.0181, 0.0286, 0.0617, 0.7637], [0.0617, 0.0266, 0.051, 0.0182, 0.0131, 0.0143, 0.8152], [0.0656, 0.0652, 0.0715, 0.0505, 0.0348, 0.0176, 0.6949], [0.0567, 0.0538, 0.059, 0.0122, 0.0506, 0.0784, 0.6894], [0.0443, 0.0879, 0.0138, 0.0883, 0.0441, 0.0158, 0.7058], [0.0655, 0.0848, 0.0178, 0.0395, 0.0517, 0.018, 0.7227], [0.0342, 0.0292, 0.08, 0.0554, 0.0333, 0.0551, 0.7127], [0.0332, 0.0531, 0.0457, 0.0462, 0.046, 0.0661, 0.7097], [0.0348, 0.0655, 0.041, 0.018, 0.0377, 0.0336, 0.7695], [0.0662, 0.0781, 0.0847, 0.0814, 0.0847, 0.0632, 0.5416], [0.0764, 0.0254, 0.0251, 0.0748, 0.0745, 0.0616, 0.6623], [0.0499, 0.0148, 0.0682, 0.0165, 0.0322, 0.0262, 0.7923], [0.0438, 0.068, 0.0617, 0.0799, 0.0282, 0.0652, 0.6532], [0.0686, 0.0647, 0.0602, 0.035, 0.0204, 0.0541, 0.697], [0.0176, 0.0261, 0.0836, 0.069, 0.0391, 0.0154, 0.7493], [0.0344, 0.0182, 0.0848, 0.0819, 0.0814, 0.0502, 0.6491], [0.0373, 0.0248, 0.0833, 0.076, 0.0377, 0.0864, 0.6545], [0.019, 0.044, 0.0758, 0.0709, 0.0277, 0.069, 0.6936], [0.0241, 0.0803, 0.0532, 0.0458, 0.0211, 0.0289, 0.7465], [0.013, 0.0437, 0.0716, 0.0585, 0.029, 0.018, 0.7662], [0.0448, 0.0753, 0.0586, 0.0703, 0.0399, 0.06, 0.6511], [0.0762, 0.0244, 0.0317, 0.0868, 0.0749, 0.0287, 0.6772], [0.0221, 0.021, 0.0585, 0.0865, 0.0557, 0.0645, 0.6917], [0.051, 0.0729, 0.0259, 0.0532, 0.0686, 0.0246, 0.7039], [0.0537, 0.0521, 0.0747, 0.0659, 0.0666, 0.0126, 0.6744], [0.09, 0.0269, 0.0614, 0.0692, 0.0698, 0.0566, 0.6261], [0.0281, 0.0649, 0.0759, 0.0565, 0.0809, 0.0478, 0.6459], [0.0744, 0.038, 0.0627, 0.0124, 0.0812, 0.049, 0.6824], [0.0872, 0.0593, 0.052, 0.0487, 0.0564, 0.0574, 0.6391], [0.0347, 0.0264, 0.0297, 0.0415, 0.0602, 0.0722, 0.7353], [0.0593, 0.017, 0.0778, 0.0826, 0.0307, 0.0818, 0.6508], [0.0138, 0.0433, 0.0359, 0.0765, 0.064, 0.0728, 0.6936], [0.0586, 0.0585, 0.0209, 0.0513, 0.0575, 0.0583, 0.6949], [0.043, 0.0616, 0.0585, 0.0208, 0.0804, 0.0423, 0.6934], [0.0584, 0.0614, 0.0189, 0.0153, 0.0286, 0.0303, 0.7872], [0.0719, 0.0312, 0.0374, 0.0467, 0.0668, 0.0226, 0.7234], [0.0249, 0.0298, 0.0593, 0.0157, 0.0584, 0.0166, 0.7953], [0.0731, 0.0379, 0.0677, 0.0779, 0.0319, 0.0576, 0.6538], [0.0329, 0.0568, 0.0522, 0.0584, 0.0826, 0.0391, 0.678], [0.037, 0.0177, 0.0696, 0.0744, 0.0224, 0.0256, 0.7533], [0.0777, 0.042, 0.039, 0.0372, 0.036, 0.0372, 0.7309], [0.0733, 0.0885, 0.0146, 0.0648, 0.0352, 0.0465, 0.6772], [0.0545, 0.0922, 0.0561, 0.0696, 0.0677, 0.071, 0.5889], [0.0356, 0.0478, 0.0381, 0.0449, 0.0883, 0.0472, 0.6982], [0.0603, 0.0124, 0.0142, 0.047, 0.0575, 0.0774, 0.7312], [0.0161, 0.0444, 0.0852, 0.0652, 0.0699, 0.0475, 0.6717], [0.0916, 0.0313, 0.0381, 0.0142, 0.0717, 0.0511, 0.702], [0.0131, 0.0575, 0.056, 0.0245, 0.0241, 0.0762, 0.7486], [0.077, 0.0603, 0.0758, 0.042, 0.0199, 0.0562, 0.6688], [0.0476, 0.0316, 0.054, 0.0544, 0.0324, 0.0343, 0.7457], [0.0236, 0.0685, 0.0234, 0.0739, 0.082, 0.0919, 0.6366], [0.0252, 0.0815, 0.0159, 0.0652, 0.0718, 0.0761, 0.6644], [0.0473, 0.0631, 0.0331, 0.0227, 0.0147, 0.0742, 0.745], [0.0228, 0.0615, 0.0502, 0.0608, 0.0571, 0.0508, 0.6969], [0.0622, 0.0468, 0.0295, 0.0397, 0.058, 0.0584, 0.7053], [0.0825, 0.0714, 0.0244, 0.0205, 0.0436, 0.0891, 0.6685], [0.0272, 0.0209, 0.033, 0.0254, 0.0532, 0.0702, 0.7702], [0.031, 0.0682, 0.0305, 0.0283, 0.0435, 0.0192, 0.7793], [0.0454, 0.0562, 0.029, 0.0925, 0.0511, 0.0318, 0.694], [0.0187, 0.0675, 0.0773, 0.0414, 0.0415, 0.0747, 0.6788], [0.03, 0.0849, 0.0666, 0.0625, 0.0157, 0.0196, 0.7207], [0.0556, 0.0695, 0.0728, 0.0407, 0.0357, 0.0789, 0.6467], [0.0281, 0.058, 0.0422, 0.0567, 0.0755, 0.0299, 0.7097], [0.0411, 0.0921, 0.0572, 0.0474, 0.0313, 0.0357, 0.6954], [0.0714, 0.0845, 0.0155, 0.0318, 0.0821, 0.0485, 0.6661], [0.0294, 0.0798, 0.0312, 0.0695, 0.0309, 0.0161, 0.7431], [0.0618, 0.054, 0.055, 0.0498, 0.0363, 0.0417, 0.7015], [0.0408, 0.0417, 0.0589, 0.0397, 0.0434, 0.0265, 0.7489], [0.0407, 0.0434, 0.068, 0.0342, 0.0543, 0.0638, 0.6956], [0.0482, 0.0492, 0.0567, 0.0472, 0.0581, 0.071, 0.6696], [0.0635, 0.0432, 0.0694, 0.0482, 0.0748, 0.0721, 0.6287], [0.0934, 0.0245, 0.0825, 0.0509, 0.0265, 0.0154, 0.7068], [0.0409, 0.069, 0.0719, 0.0712, 0.0349, 0.0458, 0.6663], [0.0371, 0.0652, 0.0273, 0.0676, 0.0262, 0.0837, 0.6928], [0.0385, 0.0589, 0.0457, 0.0498, 0.0497, 0.0598, 0.6976]], "emotions": ["purple", "purple", "purple", "purple", "purple", "purple", "purple", "purple", "purple", "purple", "purple", "purple", "purple", "purple", "purple", "purple", "purple", "purple", "purple", "purple", "purple", "purple", "purple", "purple", "purple", "purple", "purple", "purple", "purple", "purple", "purple", "purple", "purple", "purple", "purple", "purple", "purple", "purple", "purple", "purple", "purple", "purple", "purple", "purple", "purple", "purple", "purple", "purple", "purple", "purple", "purple", "purple", "purple", "purple", "purple", "purple", "purple", "purple", "purple", "purple", "purple", "purple", "purple", "purple", "purple", "purple", "purple", "purple", "purple", "purple", "purple", "purple", "purple", "purple", "purple", "purple", "purple", "purple", "purple", "purple"], "timestamps": [0, 40, 80, 120, 160, 200, 240, 280, 320, 360, 400, 440, 480, 520, 560, 600, 640, 680, 720, 760, 800, 840, 880, 920, 960, 1000, 1040, 1080, 1120, 1160, 1200, 1240, 1280, 1320, 1360, 1400, 1440, 1480, 1520, 1560, 1600, 1640, 1680, 1720, 1760, 1800, 1840, 1880, 1920, 1960, 2000, 2040, 2080, 2120, 2160, 2200, 2240, 2280, 2320, 2360, 2400, 2440, 2480, 2520, 2560, 2600, 2640, 2680, 2720, 2760, 2800, 2840, 2880, 2920, 2960, 3000, 3040, 3080, 3120, 3160]}], "conversation": [], "conversation_timestamps": []}