{"agent_id": "agent-orange-1253", "type": "orange", "trips": [{"trip_id": 0, "transport_method": "bicycle", "start_time": 0, "path": [[1.5275621, 42.4984322], [1.5279204, 42.4986233], [1.5282938, 42.4987843], [1.5286753, 42.4988758], [1.5289961, 42.4986342], [1.5293661, 42.4984668], [1.5297566, 42.4983568], [1.5301563, 42.4983926], [1.5303733, 42.4985713], [1.5300497, 42.4988176], [1.5297261, 42.4990638], [1.5294025, 42.4993101], [1.5295177, 42.4992644], [1.5298258, 42.498999], [1.530117, 42.4987152], [1.5304279, 42.498528], [1.530088, 42.4987513], [1.5297482, 42.4989746], [1.5294084, 42.4991979], [1.5290685, 42.4994212], [1.5287287, 42.4996445], [1.5283769, 42.4998445], [1.5280013, 42.5000002], [1.5276192, 42.5001381], [1.5272474, 42.5002963], [1.5268554, 42.5004017], [1.526453, 42.50039], [1.526048, 42.5003586], [1.5256906, 42.5002767], [1.5253004, 42.5001621], [1.5249014, 42.5000982], [1.524513, 42.5000086], [1.5241251, 42.4998992], [1.523758, 42.4997262], [1.5236731, 42.4995252], [1.5237942, 42.4993472], [1.5233882, 42.4993501], [1.5230303, 42.4995265], [1.522777, 42.4993461], [1.5223992, 42.4994244], [1.5220279, 42.4994858], [1.5216531, 42.4995301], [1.5212799, 42.4995654], [1.5209315, 42.4996001], [1.5207008, 42.4997613], [1.5206421, 42.500059], [1.520259, 42.4999833], [1.5198913, 42.4998472], [1.5195933, 42.5000127], [1.5194833, 42.5003872], [1.5191898, 42.5006685], [1.5189359, 42.5009581], [1.5193227, 42.5010797], [1.5196891, 42.5012545], [1.5198753, 42.5015805], [1.5199094, 42.5019685], [1.520025, 42.5023548], [1.5202476, 42.5026951], [1.5205565, 42.5029406], [1.520901, 42.5031545], [1.5212271, 42.5033846], [1.5214383, 42.5037308], [1.5215098, 42.5041226], [1.5216001, 42.5044393], [1.5219964, 42.5045253], [1.5220959, 42.5048915], [1.5220753, 42.5052975], [1.5220151, 42.5056939], [1.5218388, 42.5060604], [1.5216902, 42.5064376], [1.521408, 42.5066234], [1.5211165, 42.5069046], [1.5208187, 42.5071814], [1.5204582, 42.5073282], [1.5206685, 42.5074951], [1.5210749, 42.5075078], [1.5214814, 42.5075206], [1.5218466, 42.5076059], [1.5221414, 42.5077615], [1.5223371, 42.5081069]], "mood_vectors": [[0.0222, 0.0521, 0.0886, 0.091, 0.6462, 0.0292, 0.0706], [0.0801, 0.0155, 0.045, 0.043, 0.7505, 0.0345, 0.0314], [0.0242, 0.0322, 0.0162, 0.0746, 0.7456, 0.0708, 0.0364], [0.0342, 0.0485, 0.0548, 0.05, 0.7768, 0.0127, 0.0229], [0.069, 0.0215, 0.0612, 0.0432, 0.6437, 0.0912, 0.0701], [0.0614, 0.0453, 0.0298, 0.0302, 0.6999, 0.0797, 0.0537], [0.0188, 0.0391, 0.0211, 0.0198, 0.7641, 0.0871, 0.0499], [0.0373, 0.0206, 0.0668, 0.0508, 0.7036, 0.0381, 0.0828], [0.0564, 0.0224, 0.0326, 0.0782, 0.7522, 0.0346, 0.0237], [0.0229, 0.0463, 0.0598, 0.0624, 0.7192, 0.0133, 0.0761], [0.0773, 0.0226, 0.0758, 0.0182, 0.674, 0.0587, 0.0734], [0.0364, 0.0775, 0.0313, 0.0897, 0.6289, 0.0448, 0.0914], [0.0505, 0.0215, 0.0662, 0.0864, 0.704, 0.0172, 0.0542], [0.058, 0.0248, 0.0145, 0.0555, 0.7767, 0.0394, 0.0311], [0.0811, 0.013, 0.0223, 0.0676, 0.7719, 0.0125, 0.0315], [0.072, 0.0225, 0.0708, 0.0682, 0.6399, 0.0551, 0.0715], [0.0166, 0.0772, 0.0458, 0.0654, 0.7101, 0.0409, 0.044], [0.0135, 0.0313, 0.0261, 0.0399, 0.7452, 0.0601, 0.084], [0.1084, 0.0363, 0.0343, 0.0423, 0.7306, 0.0247, 0.0233], [0.0779, 0.0495, 0.0159, 0.0178, 0.7437, 0.0291, 0.066], [0.0634, 0.039, 0.0872, 0.0214, 0.7353, 0.0266, 0.027], [0.0777, 0.0747, 0.0255, 0.0278, 0.6654, 0.0576, 0.0713], [0.0651, 0.029, 0.0538, 0.0161, 0.7593, 0.0341, 0.0425], [0.063, 0.0572, 0.0684, 0.0462, 0.6678, 0.0543, 0.0431], [0.0502, 0.0479, 0.0751, 0.0229, 0.7001, 0.0341, 0.0696], [0.0938, 0.0187, 0.0667, 0.0158, 0.6677, 0.0912, 0.046], [0.0568, 0.0771, 0.0254, 0.0891, 0.6462, 0.0382, 0.0672], [0.0689, 0.0475, 0.0602, 0.0794, 0.6876, 0.0279, 0.0287], [0.0446, 0.0504, 0.0385, 0.0525, 0.7042, 0.0299, 0.0799], [0.0349, 0.0677, 0.067, 0.0646, 0.6801, 0.0212, 0.0645], [0.0858, 0.0182, 0.0159, 0.026, 0.7484, 0.0431, 0.0626], [0.0464, 0.0479, 0.076, 0.0321, 0.6992, 0.0547, 0.0438], [0.0455, 0.0189, 0.0677, 0.048, 0.777, 0.0156, 0.0273], [0.0607, 0.025, 0.074, 0.0688, 0.7228, 0.0226, 0.0261], [0.0221, 0.0702, 0.0378, 0.0587, 0.7209, 0.0399, 0.0505], [0.0926, 0.0463, 0.0276, 0.0572, 0.6395, 0.0546, 0.0822], [0.0206, 0.0577, 0.065, 0.0648, 0.6204, 0.0842, 0.0874], [0.0225, 0.0527, 0.0147, 0.0139, 0.8196, 0.0321, 0.0445], [0.0648, 0.0471, 0.0423, 0.0397, 0.6877, 0.0699, 0.0486], [0.0362, 0.0398, 0.0619, 0.0628, 0.6958, 0.0572, 0.0463], [0.0727, 0.0377, 0.0519, 0.0116, 0.7309, 0.0689, 0.0263], [0.0575, 0.0652, 0.0748, 0.0735, 0.6868, 0.0227, 0.0195], [0.0805, 0.0173, 0.0922, 0.0526, 0.682, 0.0252, 0.0502], [0.0535, 0.0447, 0.0289, 0.0282, 0.7165, 0.0475, 0.0807], [0.0769, 0.0564, 0.0524, 0.039, 0.7268, 0.03, 0.0185], [0.0701, 0.0524, 0.0467, 0.0434, 0.7177, 0.0557, 0.014], [0.0296, 0.0629, 0.0455, 0.0608, 0.7112, 0.0611, 0.0288], [0.0238, 0.0426, 0.069, 0.0613, 0.7195, 0.0327, 0.051], [0.0431, 0.0214, 0.0572, 0.0211, 0.7395, 0.0473, 0.0704], [0.0279, 0.0766, 0.0236, 0.069, 0.745, 0.0464, 0.0115], [0.077, 0.0601, 0.0425, 0.054, 0.6243, 0.0723, 0.0697], [0.0452, 0.0348, 0.0428, 0.052, 0.7604, 0.0192, 0.0456], [0.0782, 0.0771, 0.0296, 0.0521, 0.6786, 0.0353, 0.0491], [0.0406, 0.0665, 0.0232, 0.031, 0.7078, 0.0796, 0.0512], [0.0478, 0.0582, 0.0837, 0.0819, 0.6351, 0.032, 0.0614], [0.0485, 0.0536, 0.0374, 0.0486, 0.7115, 0.0526, 0.0478], [0.0161, 0.0728, 0.0507, 0.0775, 0.6867, 0.0386, 0.0577], [0.0332, 0.0325, 0.0501, 0.0246, 0.7536, 0.0506, 0.0554], [0.0909, 0.0742, 0.0412, 0.0372, 0.6218, 0.0663, 0.0685], [0.0153, 0.0523, 0.0422, 0.0377, 0.7165, 0.084, 0.0519], [0.0929, 0.0488, 0.0842, 0.0607, 0.6535, 0.0189, 0.0409], [0.0452, 0.0627, 0.0568, 0.048, 0.7324, 0.0293, 0.0255], [0.0123, 0.0599, 0.0173, 0.0378, 0.7623, 0.079, 0.0315], [0.016, 0.0262, 0.0835, 0.0186, 0.6897, 0.0797, 0.0863], [0.0401, 0.0393, 0.0243, 0.0705, 0.7229, 0.0596, 0.0433], [0.0214, 0.0189, 0.0507, 0.026, 0.7228, 0.0786, 0.0816], [0.0598, 0.0655, 0.0243, 0.037, 0.6409, 0.0842, 0.0883], [0.0198, 0.0664, 0.0311, 0.0752, 0.7556, 0.025, 0.027], [0.0546, 0.0851, 0.0267, 0.0528, 0.7086, 0.029, 0.0431], [0.0588, 0.0316, 0.016, 0.0486, 0.759, 0.0561, 0.0298], [0.0443, 0.0187, 0.0192, 0.0289, 0.7535, 0.0756, 0.0598], [0.0631, 0.0332, 0.0861, 0.0587, 0.6434, 0.0783, 0.0374], [0.0352, 0.0795, 0.0369, 0.0524, 0.6762, 0.0798, 0.04], [0.0164, 0.0714, 0.0201, 0.0383, 0.7982, 0.0282, 0.0275], [0.0441, 0.0314, 0.0171, 0.0935, 0.7402, 0.0237, 0.05], [0.0591, 0.0333, 0.0827, 0.0737, 0.6821, 0.018, 0.051], [0.0504, 0.0837, 0.0558, 0.0755, 0.6717, 0.0318, 0.031], [0.0576, 0.0433, 0.0446, 0.0369, 0.7638, 0.0393, 0.0145], [0.0666, 0.0393, 0.03, 0.0407, 0.7225, 0.0725, 0.0283], [0.0782, 0.0535, 0.036, 0.0872, 0.6827, 0.0158, 0.0466]], "emotions": ["red", "red", "red", "red", "red", "red", "red", "red", "red", "red", "red", "red", "red", "red", "red", "red", "red", "red", "red", "red", "red", "red", "red", "red", "red", "red", "red", "red", "red", "red", "red", "red", "red", "red", "red", "red", "red", "red", "red", "red", "red", "red", "red", "red", "red", "red", "red", "red", "red", "red", "red", "red", "red", "red", "red", "red", "red", "red", "red", "red", "red", "red", "red", "red", "red", "red", "red", "red", "red", "red", "red", "red", "red", "red", "red", "red", "red", "red", "red", "red"], "timestamps": [0, 40, 80, 120, 160, 200, 240, 280, 320, 360, 400, 440, 480, 520, 560, 600, 640, 680, 720, 760, 800, 840, 880, 920, 960, 1000, 1040, 1080, 1120, 1160, 1200, 1240, 1280, 1320, 1360, 1400, 1440, 1480, 1520, 1560, 1600, 1640, 1680, 1720, 1760, 1800, 1840, 1880, 1920, 1960, 2000, 2040, 2080, 2120, 2160, 2200, 2240, 2280, 2320, 2360, 2400, 2440, 2480, 2520, 2560, 2600, 2640, 2680, 2720, 2760, 2800, 2840, 2880, 2920, 2960, 3000, 3040, 3080, 3120, 3160]}], "conversation": [], "conversation_timestamps": []}