{"agent_id": "agent-green-1717", "type": "green", "trips": [{"trip_id": 0, "transport_method": "bus", "start_time": 0, "path": [[1.5982375, 42.533083], [1.5989974, 42.5345409], [1.5998803, 42.5361001], [1.5997931, 42.5366925], [1.5977493, 42.5363895], [1.5959507, 42.5364923], [1.594245, 42.536297], [1.5922056, 42.5359635], [1.5901663, 42.53563], [1.5894931, 42.5355916], [1.5914446, 42.5359105], [1.5934778, 42.5361623], [1.5947584, 42.5363849], [1.5927157, 42.5360724], [1.5906731, 42.5357598], [1.5886304, 42.5354473], [1.5873293, 42.5346983], [1.5870443, 42.5346219], [1.5853035, 42.5335196], [1.5845847, 42.532923], [1.582891, 42.5317811], [1.5808337, 42.5317338], [1.5787688, 42.5318047], [1.5767083, 42.5316689], [1.5747263, 42.531171], [1.5732112, 42.5297658], [1.574376, 42.5310581], [1.5736887, 42.5302163], [1.5719207, 42.5293561], [1.5702039, 42.5285319], [1.5704178, 42.5286037], [1.5706423, 42.5289203], [1.5689224, 42.5277747], [1.567781, 42.5270271], [1.5686828, 42.5275295], [1.5669669, 42.5263781], [1.5651729, 42.5253753], [1.5632465, 42.5247278], [1.5616942, 42.5234278], [1.5599928, 42.5222873], [1.5583922, 42.5210275], [1.5569784, 42.5195548], [1.5560509, 42.518521], [1.555922, 42.518658], [1.5547031, 42.5182739], [1.5537717, 42.5187873], [1.5519162, 42.5196927], [1.5499889, 42.5204366], [1.5480212, 42.5210667], [1.5460291, 42.5216136], [1.5440182, 42.5220892], [1.5419989, 42.5225281], [1.5399623, 42.5228772], [1.5379245, 42.5232196], [1.5358896, 42.5235794], [1.5338639, 42.5239865], [1.5318521, 42.5244568], [1.5298529, 42.5249795], [1.5279171, 42.5257016], [1.5260353, 42.526554], [1.5242194, 42.5275387], [1.5224979, 42.5286809], [1.5209253, 42.5300131], [1.5198547, 42.5311647], [1.5197097, 42.5331308], [1.5203029, 42.5348318], [1.5208189, 42.5361978], [1.5197408, 42.5379156], [1.5193804, 42.5399174], [1.5185915, 42.5414717], [1.5191289, 42.5412259], [1.5174553, 42.5423444], [1.5161903, 42.5439291], [1.5145386, 42.5449098], [1.5129126, 42.5452849], [1.5114015, 42.545899], [1.5097383, 42.546966], [1.5080306, 42.5462044], [1.5063897, 42.5454085], [1.5045605, 42.544527]], "mood_vectors": [[0.0185, 0.0736, 0.0715, 0.0729, 0.0729, 0.0472, 0.6434], [0.0887, 0.0597, 0.0658, 0.0541, 0.0845, 0.034, 0.6131], [0.0841, 0.0734, 0.0926, 0.0627, 0.0439, 0.03, 0.6133], [0.0238, 0.04, 0.0413, 0.0421, 0.0214, 0.0881, 0.7433], [0.0923, 0.0162, 0.0403, 0.0869, 0.0251, 0.0442, 0.6951], [0.068, 0.0522, 0.0702, 0.0315, 0.0159, 0.015, 0.7472], [0.0373, 0.0185, 0.0581, 0.0731, 0.0284, 0.0915, 0.6931], [0.0255, 0.0606, 0.0751, 0.049, 0.0608, 0.0378, 0.6911], [0.0352, 0.0263, 0.0308, 0.038, 0.0154, 0.0194, 0.8349], [0.0154, 0.0257, 0.0554, 0.0271, 0.0555, 0.0361, 0.7847], [0.0715, 0.0524, 0.0587, 0.0712, 0.056, 0.0465, 0.6436], [0.0227, 0.051, 0.0417, 0.0135, 0.03, 0.037, 0.8041], [0.0594, 0.0313, 0.0731, 0.0844, 0.0701, 0.0396, 0.6419], [0.0643, 0.0543, 0.04, 0.0789, 0.0209, 0.0346, 0.707], [0.0312, 0.024, 0.0196, 0.0631, 0.0701, 0.0831, 0.7089], [0.0168, 0.0807, 0.0409, 0.0378, 0.0316, 0.062, 0.7302], [0.0695, 0.0249, 0.0369, 0.0652, 0.0525, 0.0151, 0.7359], [0.0717, 0.0569, 0.0957, 0.0178, 0.08, 0.0446, 0.6333], [0.0266, 0.0566, 0.0582, 0.0518, 0.0573, 0.053, 0.6964], [0.0885, 0.0416, 0.0866, 0.0478, 0.0615, 0.0288, 0.6453], [0.0315, 0.0521, 0.0436, 0.0348, 0.0445, 0.0599, 0.7336], [0.05, 0.0196, 0.023, 0.0422, 0.073, 0.0526, 0.7397], [0.0834, 0.0308, 0.0387, 0.0535, 0.0331, 0.0845, 0.6761], [0.06, 0.0176, 0.0727, 0.0567, 0.0765, 0.02, 0.6966], [0.0144, 0.0442, 0.0465, 0.0431, 0.0513, 0.0732, 0.7272], [0.0749, 0.0515, 0.063, 0.0575, 0.0453, 0.0639, 0.6439], [0.0366, 0.046, 0.0586, 0.0799, 0.0516, 0.0369, 0.6904], [0.0451, 0.0571, 0.0638, 0.0789, 0.0719, 0.0433, 0.6398], [0.036, 0.056, 0.0564, 0.0271, 0.0285, 0.0702, 0.7258], [0.0723, 0.0377, 0.0468, 0.0117, 0.0625, 0.0473, 0.7218], [0.0283, 0.0652, 0.0754, 0.0474, 0.073, 0.0344, 0.6763], [0.0509, 0.0656, 0.0193, 0.0354, 0.0238, 0.0305, 0.7746], [0.0144, 0.0535, 0.0143, 0.0874, 0.0272, 0.0317, 0.7715], [0.0664, 0.0279, 0.094, 0.0182, 0.0951, 0.0156, 0.6828], [0.0824, 0.0568, 0.0809, 0.0502, 0.0391, 0.0521, 0.6384], [0.0184, 0.0626, 0.0575, 0.0802, 0.0824, 0.0181, 0.6809], [0.0221, 0.047, 0.0406, 0.0561, 0.0625, 0.0155, 0.7562], [0.0596, 0.0741, 0.0242, 0.0815, 0.0647, 0.0313, 0.6647], [0.0351, 0.0717, 0.057, 0.0121, 0.0453, 0.0193, 0.7595], [0.0676, 0.0209, 0.0381, 0.0402, 0.0564, 0.0344, 0.7424], [0.0727, 0.037, 0.0291, 0.0408, 0.0622, 0.0345, 0.7237], [0.0149, 0.04, 0.0355, 0.0713, 0.038, 0.0663, 0.734], [0.0482, 0.0695, 0.0516, 0.0779, 0.0437, 0.0164, 0.6927], [0.0544, 0.0453, 0.0434, 0.0524, 0.0492, 0.0659, 0.6893], [0.0382, 0.0542, 0.0492, 0.0802, 0.0603, 0.0392, 0.6787], [0.0723, 0.0185, 0.0715, 0.0861, 0.0604, 0.056, 0.6352], [0.0344, 0.0803, 0.047, 0.0777, 0.0638, 0.075, 0.6218], [0.0733, 0.0553, 0.0272, 0.0512, 0.0458, 0.0532, 0.694], [0.0199, 0.0543, 0.0708, 0.0803, 0.0706, 0.0285, 0.6756], [0.0251, 0.0666, 0.0157, 0.0508, 0.0183, 0.0337, 0.7897], [0.0412, 0.0637, 0.0508, 0.0474, 0.0697, 0.0855, 0.6416], [0.0734, 0.0719, 0.0541, 0.0668, 0.0702, 0.0216, 0.6421], [0.0679, 0.0497, 0.0778, 0.0415, 0.0864, 0.0259, 0.6508], [0.09, 0.0242, 0.0284, 0.0257, 0.0443, 0.0448, 0.7426], [0.0629, 0.0237, 0.0743, 0.0205, 0.0803, 0.0778, 0.6604], [0.0512, 0.0428, 0.0672, 0.0201, 0.0191, 0.0172, 0.7823], [0.0685, 0.0301, 0.0497, 0.0232, 0.061, 0.062, 0.7056], [0.0323, 0.0843, 0.0751, 0.0421, 0.0198, 0.0542, 0.6922], [0.0468, 0.0361, 0.0167, 0.0658, 0.0189, 0.0517, 0.764], [0.0472, 0.041, 0.0805, 0.051, 0.0656, 0.0589, 0.6557], [0.093, 0.0263, 0.0512, 0.0574, 0.0574, 0.0275, 0.6872], [0.0257, 0.0307, 0.0207, 0.042, 0.0449, 0.0153, 0.8207], [0.0592, 0.0745, 0.0603, 0.0801, 0.0289, 0.0431, 0.654], [0.0601, 0.0753, 0.0148, 0.0221, 0.0446, 0.0276, 0.7554], [0.072, 0.0707, 0.0156, 0.0351, 0.0477, 0.0826, 0.6764], [0.0301, 0.0613, 0.0607, 0.0178, 0.0189, 0.0364, 0.7747], [0.0484, 0.0678, 0.0791, 0.037, 0.0487, 0.0557, 0.6631], [0.0489, 0.0124, 0.0353, 0.0438, 0.0458, 0.0665, 0.7473], [0.0648, 0.0545, 0.0382, 0.0502, 0.0583, 0.0723, 0.6617], [0.0694, 0.0293, 0.0496, 0.0729, 0.044, 0.0517, 0.6831], [0.0694, 0.0459, 0.0484, 0.0585, 0.0683, 0.0572, 0.6524], [0.0519, 0.0465, 0.0562, 0.0487, 0.0645, 0.0476, 0.6846], [0.066, 0.0216, 0.0244, 0.0259, 0.0715, 0.0546, 0.7359], [0.0401, 0.0309, 0.031, 0.0386, 0.0364, 0.0694, 0.7536], [0.0719, 0.0667, 0.0966, 0.0733, 0.017, 0.0785, 0.596], [0.0429, 0.0346, 0.0677, 0.0733, 0.0781, 0.037, 0.6664], [0.0143, 0.0159, 0.0659, 0.0663, 0.0766, 0.014, 0.747], [0.0577, 0.0889, 0.0229, 0.0446, 0.0684, 0.0533, 0.6642], [0.0569, 0.0823, 0.0538, 0.0689, 0.0781, 0.0347, 0.6253], [0.0715, 0.0225, 0.0461, 0.0851, 0.0484, 0.0383, 0.6882]], "emotions": ["purple", "purple", "purple", "purple", "purple", "purple", "purple", "purple", "purple", "purple", "purple", "purple", "purple", "purple", "purple", "purple", "purple", "purple", "purple", "purple", "purple", "purple", "purple", "purple", "purple", "purple", "purple", "purple", "purple", "purple", "purple", "purple", "purple", "purple", "purple", "purple", "purple", "purple", "purple", "purple", "purple", "purple", "purple", "purple", "purple", "purple", "purple", "purple", "purple", "purple", "purple", "purple", "purple", "purple", "purple", "purple", "purple", "purple", "purple", "purple", "purple", "purple", "purple", "purple", "purple", "purple", "purple", "purple", "purple", "purple", "purple", "purple", "purple", "purple", "purple", "purple", "purple", "purple", "purple", "purple"], "timestamps": [0, 40, 80, 120, 160, 200, 240, 280, 320, 360, 400, 440, 480, 520, 560, 600, 640, 680, 720, 760, 800, 840, 880, 920, 960, 1000, 1040, 1080, 1120, 1160, 1200, 1240, 1280, 1320, 1360, 1400, 1440, 1480, 1520, 1560, 1600, 1640, 1680, 1720, 1760, 1800, 1840, 1880, 1920, 1960, 2000, 2040, 2080, 2120, 2160, 2200, 2240, 2280, 2320, 2360, 2400, 2440, 2480, 2520, 2560, 2600, 2640, 2680, 2720, 2760, 2800, 2840, 2880, 2920, 2960, 3000, 3040, 3080, 3120, 3160]}], "conversation": [], "conversation_timestamps": []}