{"agent_id": "agent-red-121", "type": "red", "trips": [{"trip_id": 0, "transport_method": "car", "start_time": 0, "path": [[1.6579059, 42.5757193], [1.660356, 42.5758082], [1.6580478, 42.5756951], [1.655552, 42.5752102], [1.6531003, 42.5746921], [1.6507277, 42.5754919], [1.6483907, 42.5764367], [1.6461593, 42.5773061], [1.6436477, 42.5778083], [1.641111, 42.5782086], [1.6385555, 42.5782019], [1.6360122, 42.5779107], [1.6345158, 42.5779248], [1.6320374, 42.5783133], [1.6295578, 42.5781772], [1.6270976, 42.5778131], [1.6257616, 42.5771464], [1.6262649, 42.577262], [1.6240128, 42.5760681], [1.6217537, 42.5750056], [1.6193661, 42.5741771], [1.6170818, 42.5730901], [1.6147658, 42.5724004], [1.612244, 42.5720069], [1.6098098, 42.5714889], [1.6073256, 42.5709726], [1.6056226, 42.5705043], [1.6042379, 42.5685405], [1.6019044, 42.5675965], [1.6002452, 42.5660626], [1.6008498, 42.5668309], [1.5989417, 42.5652078], [1.596728, 42.5645614], [1.5943178, 42.5637074], [1.593765, 42.5616527], [1.5935871, 42.5593408], [1.5921669, 42.5576392], [1.5914761, 42.555495], [1.5905312, 42.5535593], [1.5917342, 42.551438], [1.5922016, 42.5489386], [1.591684, 42.5467088], [1.5919002, 42.5442767], [1.5917767, 42.541789], [1.5918514, 42.5396045], [1.5907137, 42.5375681], [1.5886997, 42.5361499], [1.5874834, 42.5347922], [1.5864613, 42.5342635], [1.5852847, 42.5334478], [1.5832396, 42.5319064], [1.5806999, 42.5317367], [1.5781302, 42.5317914], [1.575582, 42.531471], [1.5735175, 42.5300498], [1.5744542, 42.5310971], [1.573253, 42.5298151], [1.570979, 42.5291137], [1.5700299, 42.5283487], [1.5706083, 42.5288977], [1.5684682, 42.5274722], [1.5687232, 42.5274891], [1.567391, 42.5266627], [1.5651783, 42.5253773], [1.5627871, 42.5245351], [1.5608914, 42.5228261], [1.5588087, 42.5213977], [1.5570213, 42.5195847], [1.5563657, 42.5188305], [1.5556692, 42.5181924], [1.5542236, 42.5172515], [1.5542065, 42.5172909], [1.5528942, 42.5151259], [1.5517242, 42.5131312], [1.5495796, 42.5117969], [1.5472092, 42.5114893], [1.5452108, 42.5100814], [1.5429342, 42.5093994], [1.5422559, 42.5112902], [1.5432966, 42.5124404]], "mood_vectors": [[0.6631, 0.077, 0.0244, 0.0184, 0.0639, 0.0707, 0.0825], [0.7105, 0.0857, 0.0379, 0.0443, 0.0376, 0.0453, 0.0387], [0.727, 0.0528, 0.0426, 0.0185, 0.0754, 0.027, 0.0567], [0.6528, 0.0633, 0.0809, 0.0216, 0.0839, 0.0257, 0.0718], [0.7466, 0.0564, 0.0283, 0.0326, 0.0208, 0.0356, 0.0798], [0.6472, 0.0805, 0.0328, 0.0349, 0.0771, 0.0503, 0.0772], [0.7783, 0.0243, 0.0331, 0.0504, 0.0604, 0.0366, 0.0169], [0.7143, 0.0889, 0.043, 0.0369, 0.0736, 0.0262, 0.0171], [0.7306, 0.0682, 0.0163, 0.0298, 0.0432, 0.0356, 0.0763], [0.7548, 0.0372, 0.0154, 0.0701, 0.0464, 0.0137, 0.0623], [0.7284, 0.0481, 0.0281, 0.0354, 0.0327, 0.0588, 0.0686], [0.7352, 0.0325, 0.0166, 0.049, 0.0604, 0.056, 0.0503], [0.7468, 0.0273, 0.0205, 0.0523, 0.106, 0.0249, 0.0222], [0.7166, 0.066, 0.0588, 0.0643, 0.0168, 0.0435, 0.034], [0.6631, 0.0667, 0.0198, 0.0769, 0.0956, 0.055, 0.023], [0.7313, 0.0206, 0.0522, 0.0669, 0.0436, 0.0294, 0.0561], [0.724, 0.022, 0.0447, 0.0246, 0.0753, 0.0292, 0.0802], [0.7442, 0.0631, 0.0476, 0.0317, 0.0787, 0.0174, 0.0175], [0.7404, 0.0779, 0.0556, 0.0218, 0.0271, 0.0654, 0.0118], [0.7003, 0.0329, 0.0489, 0.0505, 0.0779, 0.0369, 0.0525], [0.7506, 0.0176, 0.0419, 0.07, 0.0499, 0.0526, 0.0172], [0.6466, 0.074, 0.062, 0.0679, 0.0952, 0.0252, 0.0291], [0.6562, 0.014, 0.068, 0.0665, 0.03, 0.0887, 0.0767], [0.7018, 0.0445, 0.0563, 0.0477, 0.0665, 0.0458, 0.0374], [0.7408, 0.035, 0.0706, 0.0227, 0.0437, 0.0748, 0.0124], [0.6251, 0.0916, 0.0779, 0.0856, 0.0499, 0.0225, 0.0473], [0.661, 0.0642, 0.0595, 0.0625, 0.0397, 0.0574, 0.0557], [0.65, 0.076, 0.0162, 0.0785, 0.0355, 0.0688, 0.075], [0.7267, 0.0347, 0.0416, 0.0767, 0.0415, 0.039, 0.0396], [0.7239, 0.0383, 0.0635, 0.0588, 0.082, 0.0155, 0.018], [0.7098, 0.0277, 0.0638, 0.0486, 0.0749, 0.0638, 0.0114], [0.7363, 0.0641, 0.0262, 0.0204, 0.0702, 0.0602, 0.0226], [0.7451, 0.0249, 0.0729, 0.0113, 0.0291, 0.0751, 0.0415], [0.7283, 0.027, 0.0731, 0.0779, 0.0132, 0.0169, 0.0636], [0.6861, 0.0629, 0.0169, 0.0712, 0.0426, 0.0521, 0.0681], [0.7071, 0.0274, 0.081, 0.0389, 0.0466, 0.0507, 0.0484], [0.7015, 0.0248, 0.0227, 0.0394, 0.0626, 0.0953, 0.0536], [0.8028, 0.0156, 0.0193, 0.0544, 0.0506, 0.0259, 0.0313], [0.6485, 0.0736, 0.0575, 0.0462, 0.0493, 0.0461, 0.0787], [0.7061, 0.0234, 0.0508, 0.0862, 0.0852, 0.0148, 0.0335], [0.7133, 0.0619, 0.027, 0.0304, 0.0764, 0.0785, 0.0126], [0.7093, 0.0399, 0.063, 0.0494, 0.0516, 0.0598, 0.0271], [0.6108, 0.0382, 0.0808, 0.0775, 0.0648, 0.0787, 0.0491], [0.654, 0.0362, 0.0553, 0.0397, 0.073, 0.0728, 0.069], [0.6095, 0.0493, 0.047, 0.0827, 0.0794, 0.0481, 0.0838], [0.6715, 0.0684, 0.0639, 0.0308, 0.0658, 0.0767, 0.0229], [0.7558, 0.0414, 0.038, 0.0745, 0.0258, 0.0172, 0.0473], [0.664, 0.0364, 0.0815, 0.0755, 0.0453, 0.0297, 0.0677], [0.7207, 0.017, 0.0458, 0.0391, 0.0667, 0.0383, 0.0725], [0.6787, 0.064, 0.0213, 0.0421, 0.0582, 0.0772, 0.0585], [0.6766, 0.0547, 0.0375, 0.0456, 0.0585, 0.0469, 0.0802], [0.6917, 0.0613, 0.0628, 0.0598, 0.0722, 0.0121, 0.0401], [0.7953, 0.0356, 0.0267, 0.0514, 0.0437, 0.0208, 0.0264], [0.6011, 0.0503, 0.059, 0.0827, 0.0856, 0.0327, 0.0886], [0.7105, 0.0189, 0.0579, 0.0824, 0.0171, 0.0341, 0.0791], [0.713, 0.0392, 0.0587, 0.0292, 0.0653, 0.0535, 0.0409], [0.6716, 0.0829, 0.086, 0.0183, 0.0449, 0.0331, 0.0632], [0.6991, 0.036, 0.061, 0.0552, 0.0707, 0.018, 0.06], [0.694, 0.045, 0.0632, 0.0439, 0.0666, 0.0482, 0.0391], [0.7144, 0.053, 0.0357, 0.0619, 0.0782, 0.0254, 0.0314], [0.748, 0.0716, 0.0193, 0.0456, 0.0536, 0.0374, 0.0245], [0.7531, 0.0863, 0.0129, 0.0281, 0.0621, 0.037, 0.0204], [0.6269, 0.075, 0.0648, 0.0207, 0.0814, 0.0448, 0.0864], [0.6248, 0.0578, 0.1011, 0.024, 0.0754, 0.0913, 0.0257], [0.6731, 0.0866, 0.044, 0.0288, 0.0564, 0.0362, 0.0749], [0.7256, 0.0189, 0.044, 0.0677, 0.0316, 0.0547, 0.0576], [0.6639, 0.053, 0.0845, 0.0471, 0.061, 0.0578, 0.0327], [0.6935, 0.0468, 0.0444, 0.0645, 0.0498, 0.049, 0.0521], [0.743, 0.0582, 0.0501, 0.0383, 0.0224, 0.0636, 0.0245], [0.7494, 0.0171, 0.0452, 0.0524, 0.0743, 0.0458, 0.0158], [0.681, 0.0286, 0.0538, 0.0326, 0.0843, 0.0544, 0.0653], [0.7209, 0.0471, 0.0557, 0.0524, 0.043, 0.0316, 0.0493], [0.7278, 0.0488, 0.0295, 0.0515, 0.0413, 0.0538, 0.0473], [0.7355, 0.0784, 0.0178, 0.0461, 0.06, 0.0269, 0.0352], [0.7027, 0.068, 0.0173, 0.0528, 0.0114, 0.0685, 0.0792], [0.7765, 0.0236, 0.0766, 0.0209, 0.0379, 0.0219, 0.0426], [0.7065, 0.0398, 0.0222, 0.0288, 0.0626, 0.0759, 0.0642], [0.6794, 0.0411, 0.0653, 0.0471, 0.0624, 0.0562, 0.0485], [0.7188, 0.0188, 0.0711, 0.0324, 0.0546, 0.0403, 0.064], [0.6468, 0.0376, 0.0924, 0.0181, 0.0727, 0.0475, 0.0849]], "emotions": ["red", "red", "red", "red", "red", "red", "red", "red", "red", "red", "red", "red", "red", "red", "red", "red", "red", "red", "red", "red", "red", "red", "red", "red", "red", "red", "red", "red", "red", "red", "red", "red", "red", "red", "red", "red", "red", "red", "red", "red", "red", "red", "red", "red", "red", "red", "red", "red", "red", "red", "red", "red", "red", "red", "red", "red", "red", "red", "red", "red", "red", "red", "red", "red", "red", "red", "red", "red", "red", "red", "red", "red", "red", "red", "red", "red", "red", "red", "red", "red"], "timestamps": [0, 40, 80, 120, 160, 200, 240, 280, 320, 360, 400, 440, 480, 520, 560, 600, 640, 680, 720, 760, 800, 840, 880, 920, 960, 1000, 1040, 1080, 1120, 1160, 1200, 1240, 1280, 1320, 1360, 1400, 1440, 1480, 1520, 1560, 1600, 1640, 1680, 1720, 1760, 1800, 1840, 1880, 1920, 1960, 2000, 2040, 2080, 2120, 2160, 2200, 2240, 2280, 2320, 2360, 2400, 2440, 2480, 2520, 2560, 2600, 2640, 2680, 2720, 2760, 2800, 2840, 2880, 2920, 2960, 3000, 3040, 3080, 3120, 3160]}], "conversation": [], "conversation_timestamps": []}