{"agent_id": "agent-red-701", "type": "red", "trips": [{"trip_id": 0, "transport_method": "foot", "start_time": 0, "path": [[1.5363231, 42.5086484], [1.5364643, 42.5086703], [1.5366055, 42.5086922], [1.5367466, 42.508714], [1.5366358, 42.5087037], [1.5364937, 42.5086893], [1.5363516, 42.5086749], [1.5362094, 42.5086605], [1.5360673, 42.5086461], [1.5359252, 42.5086317], [1.535783, 42.5086173], [1.5356409, 42.5086029], [1.5354986, 42.5085902], [1.5353561, 42.5085808], [1.5352136, 42.5085702], [1.5350712, 42.5085597], [1.5349287, 42.5085492], [1.5347862, 42.5085386], [1.5346437, 42.5085281], [1.5345013, 42.5085176], [1.5343588, 42.5085069], [1.5342163, 42.5084962], [1.5340777, 42.5085261], [1.5339361, 42.5085072], [1.5337945, 42.5084882], [1.5336529, 42.5084692], [1.5335113, 42.5084503], [1.5333697, 42.5084313], [1.5332281, 42.5084124], [1.5330865, 42.5083934], [1.5329449, 42.5083744], [1.5328033, 42.5083555], [1.5326617, 42.5083365], [1.5325202, 42.5083175], [1.5324516, 42.5082331], [1.5323916, 42.5081066], [1.5323188, 42.5079837], [1.5322416, 42.507864], [1.5321447, 42.507759], [1.5320479, 42.507654], [1.5319553, 42.5075453], [1.531867, 42.507433], [1.5317788, 42.5073207], [1.5318488, 42.5073617], [1.531928, 42.5074792], [1.5319988, 42.5076011], [1.5318757, 42.5075286], [1.5317526, 42.5074562], [1.5316295, 42.5073837], [1.5315064, 42.5073112], [1.5313833, 42.5072387], [1.5312602, 42.5071662], [1.5311371, 42.5070937], [1.5310087, 42.5070315], [1.5308774, 42.5069754], [1.530746, 42.5069193], [1.5306146, 42.5068632], [1.530492, 42.5067916], [1.5303738, 42.5067114], [1.5302555, 42.5066312], [1.5301363, 42.5065525], [1.530004, 42.5065045], [1.5298646, 42.5064736], [1.5297251, 42.5064427], [1.5295856, 42.5064117], [1.5294462, 42.5063808], [1.5293315, 42.5064615], [1.5292182, 42.5065485], [1.5291049, 42.5066356], [1.5289916, 42.5067226], [1.5288588, 42.5067724], [1.5287228, 42.5068164], [1.5285869, 42.5068603], [1.5284615, 42.5068647], [1.5283654, 42.506759], [1.5282693, 42.5066533], [1.5281732, 42.5065476], [1.5280921, 42.5064303], [1.528014, 42.5063107], [1.5279359, 42.5061911]], "mood_vectors": [[0.7288, 0.0689, 0.0293, 0.0797, 0.0224, 0.0544, 0.0165], [0.6683, 0.072, 0.078, 0.07, 0.0337, 0.0147, 0.0633], [0.6535, 0.0554, 0.0332, 0.0735, 0.0575, 0.0572, 0.0698], [0.703, 0.0208, 0.036, 0.0694, 0.0602, 0.0339, 0.0768], [0.7241, 0.0689, 0.0466, 0.0828, 0.0268, 0.0321, 0.0187], [0.7694, 0.0509, 0.0138, 0.0702, 0.0508, 0.0226, 0.0224], [0.7422, 0.066, 0.0178, 0.0585, 0.0129, 0.075, 0.0276], [0.7312, 0.0382, 0.039, 0.0735, 0.0558, 0.0356, 0.0267], [0.7728, 0.0282, 0.0726, 0.022, 0.0699, 0.0149, 0.0196], [0.6745, 0.0792, 0.074, 0.0411, 0.0253, 0.0825, 0.0233], [0.7332, 0.0675, 0.0254, 0.0392, 0.0421, 0.0153, 0.0773], [0.7425, 0.0271, 0.0245, 0.0666, 0.0642, 0.0416, 0.0334], [0.6395, 0.0783, 0.0559, 0.0772, 0.0209, 0.0961, 0.032], [0.7631, 0.0721, 0.0531, 0.0232, 0.043, 0.0217, 0.0239], [0.7094, 0.0941, 0.082, 0.0311, 0.0448, 0.0182, 0.0205], [0.7523, 0.0661, 0.0651, 0.0523, 0.0134, 0.0242, 0.0267], [0.7183, 0.0495, 0.0298, 0.0229, 0.0395, 0.0928, 0.0472], [0.673, 0.0808, 0.0538, 0.0458, 0.027, 0.0308, 0.0886], [0.6454, 0.0739, 0.0675, 0.0329, 0.0491, 0.0585, 0.0727], [0.6474, 0.0364, 0.0479, 0.0756, 0.0511, 0.0586, 0.0831], [0.7142, 0.0661, 0.0777, 0.0288, 0.0688, 0.028, 0.0163], [0.7111, 0.071, 0.0343, 0.0517, 0.034, 0.0514, 0.0464], [0.6766, 0.068, 0.0232, 0.0473, 0.066, 0.0677, 0.0514], [0.7145, 0.0368, 0.0183, 0.0426, 0.0724, 0.0301, 0.0853], [0.7326, 0.0386, 0.0337, 0.073, 0.0397, 0.054, 0.0285], [0.666, 0.0639, 0.0582, 0.0199, 0.0711, 0.0592, 0.0617], [0.7351, 0.0828, 0.0644, 0.015, 0.0235, 0.0127, 0.0666], [0.7054, 0.0742, 0.0307, 0.0461, 0.0216, 0.0735, 0.0484], [0.6861, 0.0542, 0.0608, 0.0554, 0.0585, 0.0666, 0.0183], [0.8063, 0.032, 0.0827, 0.0159, 0.0211, 0.0234, 0.0186], [0.734, 0.0189, 0.0647, 0.0603, 0.0559, 0.0214, 0.0447], [0.7484, 0.0343, 0.0497, 0.0506, 0.028, 0.0365, 0.0526], [0.6083, 0.0223, 0.0716, 0.0654, 0.0772, 0.0756, 0.0795], [0.6717, 0.02, 0.094, 0.0679, 0.0602, 0.0327, 0.0535], [0.6817, 0.0506, 0.0478, 0.0861, 0.0502, 0.0609, 0.0228], [0.7647, 0.0521, 0.036, 0.0551, 0.0369, 0.0134, 0.0419], [0.7247, 0.0226, 0.0404, 0.0403, 0.04, 0.0739, 0.0582], [0.6857, 0.0904, 0.0521, 0.0483, 0.0395, 0.0168, 0.0672], [0.6768, 0.0849, 0.042, 0.0441, 0.0554, 0.0745, 0.0223], [0.6234, 0.0707, 0.0524, 0.0636, 0.0762, 0.0567, 0.0569], [0.6938, 0.0308, 0.0605, 0.0479, 0.0498, 0.042, 0.0752], [0.6396, 0.0847, 0.02, 0.0767, 0.0693, 0.0328, 0.077], [0.6882, 0.0433, 0.0556, 0.0684, 0.0649, 0.0267, 0.053], [0.6641, 0.0444, 0.0704, 0.0648, 0.0355, 0.0467, 0.074], [0.7877, 0.0515, 0.0182, 0.0241, 0.0229, 0.0345, 0.0611], [0.7579, 0.0633, 0.0348, 0.0136, 0.0144, 0.0569, 0.0591], [0.7053, 0.0507, 0.0127, 0.0701, 0.0698, 0.0273, 0.0643], [0.717, 0.07, 0.0403, 0.0653, 0.0328, 0.0443, 0.0303], [0.6938, 0.0691, 0.0261, 0.0433, 0.0179, 0.0713, 0.0785], [0.71, 0.0775, 0.0378, 0.0354, 0.0646, 0.0302, 0.0445], [0.7353, 0.0286, 0.0528, 0.0596, 0.0298, 0.0169, 0.077], [0.7073, 0.0328, 0.0706, 0.0619, 0.0357, 0.037, 0.0548], [0.6253, 0.0282, 0.0971, 0.0767, 0.0461, 0.0352, 0.0914], [0.7053, 0.0339, 0.0486, 0.0499, 0.0621, 0.0413, 0.0588], [0.7634, 0.0387, 0.0253, 0.0178, 0.0371, 0.0784, 0.0395], [0.5928, 0.0925, 0.0372, 0.085, 0.0866, 0.0643, 0.0416], [0.7695, 0.0849, 0.0413, 0.0222, 0.016, 0.0515, 0.0146], [0.6817, 0.0257, 0.0833, 0.0802, 0.0174, 0.0444, 0.0673], [0.7336, 0.0141, 0.0306, 0.0551, 0.0264, 0.0765, 0.0638], [0.6598, 0.056, 0.0672, 0.065, 0.0472, 0.06, 0.0448], [0.7779, 0.0229, 0.0182, 0.0203, 0.0155, 0.0549, 0.0903], [0.6682, 0.0998, 0.0475, 0.0282, 0.0343, 0.0941, 0.0278], [0.6948, 0.0521, 0.0854, 0.0207, 0.0543, 0.0781, 0.0146], [0.7047, 0.0508, 0.0625, 0.0523, 0.0641, 0.0292, 0.0364], [0.6467, 0.0253, 0.0707, 0.0723, 0.0669, 0.0591, 0.0591], [0.6635, 0.0355, 0.058, 0.0557, 0.0637, 0.0703, 0.0533], [0.7006, 0.0351, 0.0326, 0.057, 0.07, 0.0749, 0.0298], [0.6591, 0.0589, 0.0685, 0.0688, 0.0152, 0.0613, 0.0682], [0.6722, 0.045, 0.0671, 0.0779, 0.0542, 0.0276, 0.0559], [0.6454, 0.05, 0.0729, 0.0338, 0.0765, 0.0612, 0.0603], [0.614, 0.0838, 0.0664, 0.0749, 0.0458, 0.0698, 0.0453], [0.8063, 0.0158, 0.0396, 0.0185, 0.0353, 0.0499, 0.0345], [0.7704, 0.0313, 0.0711, 0.0218, 0.0724, 0.0165, 0.0166], [0.7379, 0.032, 0.0472, 0.0428, 0.0438, 0.0689, 0.0273], [0.6918, 0.0247, 0.028, 0.0619, 0.0426, 0.0917, 0.0595], [0.7708, 0.0491, 0.0341, 0.0739, 0.0129, 0.0315, 0.0278], [0.6466, 0.0301, 0.0723, 0.0659, 0.0544, 0.0637, 0.067], [0.6163, 0.0757, 0.0394, 0.0801, 0.0704, 0.0449, 0.0732], [0.7457, 0.0624, 0.0381, 0.0384, 0.0149, 0.0423, 0.0583], [0.6898, 0.0611, 0.0736, 0.0337, 0.0296, 0.0382, 0.0741]], "emotions": ["red", "red", "red", "red", "red", "red", "red", "red", "red", "red", "red", "red", "red", "red", "red", "red", "red", "red", "red", "red", "red", "red", "red", "red", "red", "red", "red", "red", "red", "red", "red", "red", "red", "red", "red", "red", "red", "red", "red", "red", "red", "red", "red", "red", "red", "red", "red", "red", "red", "red", "red", "red", "red", "red", "red", "red", "red", "red", "red", "red", "red", "red", "red", "red", "red", "red", "red", "red", "red", "red", "red", "red", "red", "red", "red", "red", "red", "red", "red", "red"], "timestamps": [0, 40, 80, 120, 160, 200, 240, 280, 320, 360, 400, 440, 480, 520, 560, 600, 640, 680, 720, 760, 800, 840, 880, 920, 960, 1000, 1040, 1080, 1120, 1160, 1200, 1240, 1280, 1320, 1360, 1400, 1440, 1480, 1520, 1560, 1600, 1640, 1680, 1720, 1760, 1800, 1840, 1880, 1920, 1960, 2000, 2040, 2080, 2120, 2160, 2200, 2240, 2280, 2320, 2360, 2400, 2440, 2480, 2520, 2560, 2600, 2640, 2680, 2720, 2760, 2800, 2840, 2880, 2920, 2960, 3000, 3040, 3080, 3120, 3160]}], "conversation": [], "conversation_timestamps": []}