{"agent_id": "agent-green-1922", "type": "green", "trips": [{"trip_id": 0, "transport_method": "car", "start_time": 0, "path": [[1.5160246, 42.5034198], [1.5159148, 42.5033407], [1.5158065, 42.5032596], [1.5156999, 42.5031761], [1.5155892, 42.5030982], [1.5154758, 42.5030245], [1.5153613, 42.5029523], [1.5152466, 42.5028805], [1.5151319, 42.5028086], [1.5151969, 42.502854], [1.5153088, 42.50293], [1.5154208, 42.503006], [1.5155328, 42.5030821], [1.5156447, 42.5031581], [1.5157567, 42.5032341], [1.5158687, 42.5033102], [1.5159806, 42.5033862], [1.5160926, 42.5034622], [1.5162091, 42.5035312], [1.5163297, 42.5035925], [1.5164575, 42.5036369], [1.5165878, 42.5036733], [1.5167201, 42.5037019], [1.5168537, 42.5037231], [1.5169879, 42.5037405], [1.5171232, 42.5037443], [1.5172585, 42.5037466], [1.5173939, 42.5037479], [1.5175283, 42.5037346], [1.5176626, 42.5037173], [1.5177968, 42.5036999], [1.517931, 42.5036826], [1.5180653, 42.5036653], [1.5181995, 42.5036479], [1.5183337, 42.5036306], [1.518468, 42.5036133], [1.5186022, 42.5035959], [1.5187364, 42.5035786], [1.5188706, 42.5035613], [1.5190007, 42.5035565], [1.5190978, 42.5036508], [1.5191957, 42.5037442], [1.5193172, 42.5037994], [1.51945, 42.5038258], [1.5195827, 42.5038522], [1.5197155, 42.5038308], [1.5198484, 42.5038048], [1.5199755, 42.5038502], [1.5201009, 42.5039012], [1.520226, 42.5039528], [1.5203511, 42.5040044], [1.5204762, 42.5040561], [1.5206013, 42.5041078], [1.5207264, 42.5041594], [1.5208515, 42.5042111], [1.5209766, 42.5042627], [1.5211017, 42.5043144], [1.5212268, 42.504366], [1.5213532, 42.5044142], [1.5214813, 42.5044578], [1.5216108, 42.5044972], [1.5217378, 42.5045437], [1.521858, 42.5046038], [1.5219577, 42.5046951], [1.5220529, 42.5047912], [1.5220366, 42.5048731], [1.5219203, 42.5049424], [1.521804, 42.5050116], [1.5216877, 42.5050809], [1.5215714, 42.5051501], [1.5214551, 42.5052194], [1.5213467, 42.5052575], [1.5213847, 42.5051276], [1.5214226, 42.5049977], [1.5215213, 42.5049609], [1.5216536, 42.5049894], [1.5217859, 42.5050179], [1.5219149, 42.505036], [1.5220064, 42.5049363], [1.5220979, 42.5048366]], "mood_vectors": [[0.0459, 0.0205, 0.0502, 0.0493, 0.0451, 0.0729, 0.7161], [0.029, 0.0916, 0.0438, 0.0243, 0.0737, 0.0902, 0.6473], [0.0554, 0.024, 0.0728, 0.0593, 0.0615, 0.0256, 0.7015], [0.0482, 0.0614, 0.0278, 0.0159, 0.0823, 0.0287, 0.7358], [0.0251, 0.0209, 0.0472, 0.0198, 0.0556, 0.097, 0.7344], [0.0775, 0.0737, 0.0669, 0.0481, 0.072, 0.0424, 0.6193], [0.0816, 0.0472, 0.0583, 0.065, 0.0491, 0.0483, 0.6505], [0.0579, 0.0732, 0.0238, 0.0181, 0.0396, 0.0612, 0.7263], [0.0755, 0.0489, 0.0122, 0.0559, 0.0267, 0.0665, 0.7143], [0.0723, 0.0875, 0.0327, 0.0458, 0.0524, 0.0546, 0.6548], [0.0384, 0.0426, 0.0581, 0.0197, 0.06, 0.0583, 0.7229], [0.0831, 0.0537, 0.0713, 0.0681, 0.0424, 0.0673, 0.6141], [0.0528, 0.0215, 0.0913, 0.028, 0.0461, 0.0793, 0.681], [0.0513, 0.0581, 0.0404, 0.0406, 0.0377, 0.0811, 0.6908], [0.0213, 0.1014, 0.0601, 0.0837, 0.0187, 0.0279, 0.6868], [0.0513, 0.044, 0.0352, 0.033, 0.0136, 0.0506, 0.7723], [0.022, 0.0152, 0.0686, 0.0602, 0.038, 0.0588, 0.7371], [0.0448, 0.087, 0.0334, 0.0462, 0.0763, 0.0378, 0.6744], [0.042, 0.0579, 0.0633, 0.0411, 0.0652, 0.0508, 0.6798], [0.0716, 0.0306, 0.0612, 0.0271, 0.0463, 0.0745, 0.6886], [0.0563, 0.059, 0.0341, 0.0386, 0.0331, 0.0419, 0.737], [0.0559, 0.0491, 0.0255, 0.0661, 0.0728, 0.0534, 0.6773], [0.0123, 0.036, 0.0446, 0.0338, 0.0536, 0.0292, 0.7904], [0.0508, 0.062, 0.0212, 0.0469, 0.0427, 0.0728, 0.7037], [0.0169, 0.0469, 0.0883, 0.0763, 0.0917, 0.0199, 0.6599], [0.0167, 0.0575, 0.0419, 0.044, 0.0493, 0.047, 0.7435], [0.0416, 0.0602, 0.046, 0.0692, 0.0415, 0.0633, 0.6782], [0.0735, 0.0211, 0.0726, 0.0639, 0.072, 0.0562, 0.6407], [0.0355, 0.0859, 0.0379, 0.047, 0.0448, 0.0591, 0.6897], [0.0595, 0.0688, 0.0207, 0.0133, 0.0261, 0.0676, 0.744], [0.0674, 0.0746, 0.017, 0.0436, 0.018, 0.0469, 0.7324], [0.0692, 0.0294, 0.0414, 0.0738, 0.0884, 0.0244, 0.6734], [0.0325, 0.0426, 0.0502, 0.0207, 0.0173, 0.0721, 0.7646], [0.0239, 0.056, 0.0324, 0.0449, 0.0487, 0.0662, 0.7278], [0.0876, 0.017, 0.0415, 0.028, 0.045, 0.0398, 0.7412], [0.0188, 0.0556, 0.0713, 0.0526, 0.0437, 0.0766, 0.6813], [0.0255, 0.0521, 0.0444, 0.0183, 0.066, 0.0499, 0.7437], [0.0798, 0.0488, 0.0388, 0.0714, 0.0496, 0.0827, 0.6289], [0.0751, 0.0608, 0.0711, 0.0708, 0.0134, 0.0719, 0.637], [0.0647, 0.0477, 0.0644, 0.0254, 0.0605, 0.0569, 0.6805], [0.0411, 0.03, 0.0439, 0.063, 0.0285, 0.0352, 0.7583], [0.0613, 0.0436, 0.0657, 0.013, 0.0315, 0.0731, 0.7118], [0.0768, 0.0783, 0.0773, 0.0757, 0.0579, 0.0494, 0.5847], [0.0613, 0.0129, 0.0601, 0.0567, 0.0629, 0.0472, 0.6988], [0.0201, 0.0487, 0.0441, 0.0756, 0.03, 0.0202, 0.7613], [0.0703, 0.076, 0.0642, 0.0611, 0.0619, 0.0601, 0.6064], [0.0522, 0.0504, 0.0356, 0.0474, 0.0323, 0.0448, 0.7373], [0.0563, 0.0242, 0.0703, 0.0628, 0.0756, 0.0401, 0.6707], [0.0613, 0.0384, 0.0513, 0.0656, 0.0168, 0.0523, 0.7144], [0.0326, 0.0727, 0.0186, 0.0218, 0.075, 0.0582, 0.7211], [0.0847, 0.0173, 0.0614, 0.0586, 0.0696, 0.0417, 0.6666], [0.0521, 0.0354, 0.081, 0.042, 0.0767, 0.0214, 0.6913], [0.0501, 0.0754, 0.0534, 0.014, 0.0837, 0.075, 0.6483], [0.0711, 0.082, 0.042, 0.0206, 0.0283, 0.0353, 0.7207], [0.0129, 0.0228, 0.0823, 0.0259, 0.0322, 0.0842, 0.7399], [0.0536, 0.0118, 0.0615, 0.0431, 0.062, 0.0413, 0.7267], [0.0487, 0.07, 0.0463, 0.0316, 0.0194, 0.0338, 0.7501], [0.0395, 0.0254, 0.0644, 0.0517, 0.0632, 0.0302, 0.7256], [0.0269, 0.0425, 0.0379, 0.0798, 0.0485, 0.0218, 0.7424], [0.0164, 0.0318, 0.0469, 0.0168, 0.0345, 0.0175, 0.8361], [0.05, 0.0882, 0.0315, 0.0679, 0.0201, 0.0583, 0.6842], [0.0503, 0.0666, 0.0314, 0.0981, 0.0612, 0.0441, 0.6483], [0.0682, 0.0579, 0.081, 0.0508, 0.0347, 0.0332, 0.6741], [0.0344, 0.0208, 0.0228, 0.0484, 0.0646, 0.0843, 0.7248], [0.0257, 0.053, 0.0324, 0.0556, 0.0525, 0.0743, 0.7065], [0.0748, 0.0467, 0.0457, 0.0578, 0.0242, 0.046, 0.7049], [0.0505, 0.0737, 0.0193, 0.0225, 0.0482, 0.0523, 0.7337], [0.039, 0.0477, 0.0792, 0.0866, 0.0383, 0.0757, 0.6336], [0.0586, 0.0127, 0.0686, 0.0242, 0.0404, 0.0472, 0.7484], [0.0457, 0.0142, 0.0687, 0.0865, 0.0161, 0.0265, 0.7422], [0.0232, 0.0718, 0.0124, 0.0138, 0.0427, 0.0644, 0.7717], [0.0414, 0.024, 0.0654, 0.0616, 0.0625, 0.0871, 0.658], [0.0811, 0.0521, 0.0664, 0.0613, 0.064, 0.0409, 0.6343], [0.0706, 0.0242, 0.0699, 0.0838, 0.0619, 0.0239, 0.6658], [0.0367, 0.0682, 0.0318, 0.0775, 0.0697, 0.0161, 0.7001], [0.071, 0.0261, 0.0598, 0.0211, 0.0764, 0.0777, 0.6679], [0.0828, 0.041, 0.0486, 0.0359, 0.0665, 0.0627, 0.6624], [0.0759, 0.0798, 0.0356, 0.0371, 0.0653, 0.0514, 0.6548], [0.0184, 0.059, 0.043, 0.0634, 0.0642, 0.0224, 0.7295], [0.0576, 0.0674, 0.0472, 0.0345, 0.0651, 0.053, 0.6751]], "emotions": ["purple", "purple", "purple", "purple", "purple", "purple", "purple", "purple", "purple", "purple", "purple", "purple", "purple", "purple", "purple", "purple", "purple", "purple", "purple", "purple", "purple", "purple", "purple", "purple", "purple", "purple", "purple", "purple", "purple", "purple", "purple", "purple", "purple", "purple", "purple", "purple", "purple", "purple", "purple", "purple", "purple", "purple", "purple", "purple", "purple", "purple", "purple", "purple", "purple", "purple", "purple", "purple", "purple", "purple", "purple", "purple", "purple", "purple", "purple", "purple", "purple", "purple", "purple", "purple", "purple", "purple", "purple", "purple", "purple", "purple", "purple", "purple", "purple", "purple", "purple", "purple", "purple", "purple", "purple", "purple"], "timestamps": [0, 40, 80, 120, 160, 200, 240, 280, 320, 360, 400, 440, 480, 520, 560, 600, 640, 680, 720, 760, 800, 840, 880, 920, 960, 1000, 1040, 1080, 1120, 1160, 1200, 1240, 1280, 1320, 1360, 1400, 1440, 1480, 1520, 1560, 1600, 1640, 1680, 1720, 1760, 1800, 1840, 1880, 1920, 1960, 2000, 2040, 2080, 2120, 2160, 2200, 2240, 2280, 2320, 2360, 2400, 2440, 2480, 2520, 2560, 2600, 2640, 2680, 2720, 2760, 2800, 2840, 2880, 2920, 2960, 3000, 3040, 3080, 3120, 3160]}], "conversation": [], "conversation_timestamps": []}