{"agent_id": "agent-green-952", "type": "green", "trips": [{"trip_id": 0, "transport_method": "bus", "start_time": 0, "path": [[1.5185073, 42.5057417], [1.5185422, 42.5055716], [1.5187708, 42.5055722], [1.5185907, 42.5054955], [1.5184387, 42.5054357], [1.5186667, 42.5054576], [1.5188947, 42.5054796], [1.5191215, 42.505511], [1.5193458, 42.5055565], [1.5195687, 42.5056091], [1.5197915, 42.5056622], [1.5200144, 42.5057152], [1.5202372, 42.5057681], [1.52046, 42.5058211], [1.520668, 42.5059167], [1.5208772, 42.5059266], [1.5210926, 42.5060045], [1.5213069, 42.5060852], [1.5215213, 42.5061658], [1.5217357, 42.5062464], [1.5219545, 42.5063139], [1.5221737, 42.5063806], [1.5223928, 42.5064473], [1.5226119, 42.506514], [1.522832, 42.5065764], [1.5230576, 42.5066162], [1.5232831, 42.5066561], [1.5235061, 42.5067076], [1.5237277, 42.5067657], [1.5239492, 42.5068237], [1.5241708, 42.5068818], [1.5243969, 42.5068862], [1.524625, 42.5068659], [1.5248418, 42.5069073], [1.5250479, 42.5070073], [1.5252652, 42.5070688], [1.5254927, 42.5070952], [1.5257202, 42.5071217], [1.5259477, 42.5071481], [1.5261752, 42.5071746], [1.5264027, 42.507201], [1.5266302, 42.5072275], [1.52653, 42.5072222], [1.5263017, 42.5072045], [1.5260733, 42.5071866], [1.5258466, 42.5071544], [1.5256198, 42.5071222], [1.525393, 42.50709], [1.5251663, 42.5070578], [1.5253538, 42.507072], [1.5255821, 42.5070907], [1.5258103, 42.5071095], [1.5260386, 42.5071282], [1.5262669, 42.507147], [1.5264952, 42.5071657], [1.5267234, 42.5071845], [1.5269517, 42.5072032], [1.52718, 42.5072218], [1.5274086, 42.5072353], [1.5276369, 42.5072536], [1.5278646, 42.507278], [1.528085, 42.5072691], [1.5282814, 42.5071513], [1.5284778, 42.5070334], [1.5286742, 42.5069156], [1.5288706, 42.5067978], [1.5290602, 42.5066699], [1.5292418, 42.5065303], [1.5294235, 42.5063908], [1.5296436, 42.5064246], [1.5298672, 42.5064742], [1.5300908, 42.5065237], [1.5302822, 42.5066493], [1.5304717, 42.5067779], [1.5306713, 42.5068875], [1.530882, 42.5069774], [1.5310927, 42.5070671], [1.5313162, 42.5071171], [1.5315397, 42.507167], [1.5317633, 42.507217]], "mood_vectors": [[0.0255, 0.0246, 0.0724, 0.0534, 0.0184, 0.0316, 0.7741], [0.0299, 0.0729, 0.0312, 0.0334, 0.0733, 0.0269, 0.7324], [0.022, 0.0242, 0.048, 0.0767, 0.0942, 0.0939, 0.6409], [0.052, 0.0852, 0.074, 0.0194, 0.0506, 0.0651, 0.6537], [0.0229, 0.0557, 0.0144, 0.066, 0.055, 0.0649, 0.7211], [0.0693, 0.0438, 0.0255, 0.0286, 0.0585, 0.0385, 0.7358], [0.0192, 0.057, 0.0204, 0.0542, 0.0298, 0.0242, 0.7952], [0.0136, 0.0361, 0.0765, 0.0485, 0.0254, 0.027, 0.7729], [0.0242, 0.0548, 0.0184, 0.0438, 0.0695, 0.0309, 0.7583], [0.0411, 0.0874, 0.0961, 0.042, 0.0313, 0.0643, 0.6378], [0.0624, 0.0369, 0.0467, 0.0775, 0.0638, 0.0185, 0.6943], [0.0288, 0.0409, 0.0217, 0.0646, 0.0861, 0.0358, 0.7221], [0.0811, 0.0326, 0.0349, 0.031, 0.0281, 0.0836, 0.7088], [0.0386, 0.0742, 0.0502, 0.0689, 0.0864, 0.0814, 0.6003], [0.0323, 0.0576, 0.0462, 0.043, 0.0142, 0.0785, 0.7283], [0.0716, 0.0597, 0.0239, 0.0536, 0.0465, 0.0621, 0.6826], [0.0229, 0.0252, 0.029, 0.0673, 0.0431, 0.064, 0.7485], [0.0665, 0.0661, 0.0581, 0.0729, 0.0363, 0.0372, 0.6629], [0.0628, 0.0493, 0.0554, 0.0691, 0.0141, 0.029, 0.7203], [0.0337, 0.0209, 0.0436, 0.0641, 0.0486, 0.0317, 0.7574], [0.0421, 0.0306, 0.0752, 0.0757, 0.0298, 0.0433, 0.7033], [0.0719, 0.0287, 0.0668, 0.0443, 0.0481, 0.0248, 0.7154], [0.0218, 0.048, 0.0624, 0.074, 0.0503, 0.0176, 0.7258], [0.0685, 0.0868, 0.0276, 0.0616, 0.0138, 0.0942, 0.6476], [0.0815, 0.0288, 0.046, 0.0311, 0.0806, 0.0375, 0.6946], [0.0194, 0.0449, 0.0435, 0.0123, 0.077, 0.0558, 0.7473], [0.061, 0.0211, 0.0229, 0.0308, 0.0559, 0.0362, 0.7721], [0.0501, 0.0271, 0.0592, 0.0679, 0.0157, 0.0376, 0.7423], [0.0716, 0.0503, 0.0239, 0.0296, 0.0343, 0.0267, 0.7637], [0.0682, 0.0889, 0.0827, 0.035, 0.0341, 0.0356, 0.6555], [0.0494, 0.0743, 0.019, 0.049, 0.0336, 0.0565, 0.7181], [0.0349, 0.038, 0.0137, 0.0447, 0.0402, 0.0171, 0.8114], [0.0892, 0.0249, 0.021, 0.0467, 0.0615, 0.0795, 0.6772], [0.0541, 0.0849, 0.0509, 0.0452, 0.0531, 0.0839, 0.6279], [0.0254, 0.0729, 0.0369, 0.0623, 0.0432, 0.0439, 0.7154], [0.0174, 0.0211, 0.0824, 0.0438, 0.0265, 0.0498, 0.7591], [0.0524, 0.0603, 0.0411, 0.0405, 0.0567, 0.0657, 0.6834], [0.0369, 0.0385, 0.029, 0.0165, 0.0816, 0.0132, 0.7843], [0.0753, 0.0726, 0.0569, 0.028, 0.0148, 0.0386, 0.7139], [0.0193, 0.0693, 0.0571, 0.0588, 0.0621, 0.0269, 0.7064], [0.0299, 0.0402, 0.0225, 0.053, 0.0148, 0.0487, 0.7909], [0.0818, 0.0212, 0.0754, 0.0305, 0.054, 0.0433, 0.6938], [0.0233, 0.0364, 0.0137, 0.0689, 0.0511, 0.053, 0.7536], [0.0679, 0.0431, 0.0775, 0.0629, 0.0433, 0.0675, 0.6379], [0.0434, 0.0481, 0.0592, 0.0508, 0.0335, 0.0406, 0.7244], [0.0184, 0.0385, 0.0553, 0.0551, 0.0529, 0.0582, 0.7216], [0.0263, 0.024, 0.0257, 0.0239, 0.0251, 0.0266, 0.8484], [0.0609, 0.0363, 0.0626, 0.0534, 0.0508, 0.0608, 0.6753], [0.0653, 0.0482, 0.0291, 0.0701, 0.0876, 0.0282, 0.6714], [0.0733, 0.0852, 0.0283, 0.044, 0.0384, 0.0376, 0.6933], [0.0642, 0.035, 0.0654, 0.078, 0.0256, 0.0765, 0.6553], [0.0295, 0.073, 0.0526, 0.0337, 0.0191, 0.0395, 0.7526], [0.0278, 0.0293, 0.0724, 0.0644, 0.0467, 0.0356, 0.7239], [0.0561, 0.0235, 0.0991, 0.0424, 0.0461, 0.0708, 0.6622], [0.0697, 0.0205, 0.036, 0.0623, 0.0329, 0.0825, 0.696], [0.034, 0.0467, 0.0724, 0.043, 0.0397, 0.0358, 0.7283], [0.0665, 0.0576, 0.0792, 0.0785, 0.0598, 0.0317, 0.6268], [0.0333, 0.0999, 0.0666, 0.0282, 0.0913, 0.0495, 0.6311], [0.069, 0.059, 0.0692, 0.0332, 0.0599, 0.0413, 0.6683], [0.0216, 0.054, 0.0264, 0.0498, 0.0819, 0.0243, 0.742], [0.05, 0.0183, 0.0269, 0.0478, 0.0262, 0.0588, 0.772], [0.0388, 0.0484, 0.071, 0.0733, 0.0501, 0.0707, 0.6477], [0.0419, 0.0482, 0.0329, 0.0753, 0.0979, 0.0397, 0.6641], [0.0623, 0.0491, 0.0628, 0.0341, 0.0502, 0.0629, 0.6787], [0.0593, 0.0798, 0.0164, 0.0933, 0.0393, 0.0494, 0.6624], [0.0389, 0.0749, 0.0498, 0.0264, 0.0583, 0.0689, 0.6827], [0.0442, 0.0559, 0.0162, 0.0187, 0.0158, 0.0728, 0.7764], [0.0713, 0.0665, 0.0125, 0.071, 0.0673, 0.0266, 0.6847], [0.0514, 0.0482, 0.0414, 0.025, 0.0383, 0.0742, 0.7216], [0.051, 0.0301, 0.0742, 0.0264, 0.0158, 0.0787, 0.7238], [0.0317, 0.0872, 0.1015, 0.0172, 0.0883, 0.0299, 0.6442], [0.0577, 0.0305, 0.0146, 0.0989, 0.0421, 0.0368, 0.7194], [0.0516, 0.0422, 0.0635, 0.022, 0.0623, 0.0706, 0.6878], [0.0648, 0.0673, 0.035, 0.0424, 0.0647, 0.0383, 0.6875], [0.025, 0.0355, 0.048, 0.0409, 0.087, 0.0328, 0.7308], [0.0304, 0.0722, 0.0657, 0.059, 0.037, 0.0791, 0.6565], [0.0477, 0.0691, 0.0769, 0.0422, 0.0543, 0.0557, 0.6541], [0.0418, 0.0245, 0.0718, 0.0458, 0.0453, 0.0462, 0.7246], [0.0263, 0.057, 0.0555, 0.0277, 0.069, 0.0338, 0.7307], [0.0899, 0.0202, 0.0341, 0.0859, 0.0214, 0.0237, 0.7248]], "emotions": ["purple", "purple", "purple", "purple", "purple", "purple", "purple", "purple", "purple", "purple", "purple", "purple", "purple", "purple", "purple", "purple", "purple", "purple", "purple", "purple", "purple", "purple", "purple", "purple", "purple", "purple", "purple", "purple", "purple", "purple", "purple", "purple", "purple", "purple", "purple", "purple", "purple", "purple", "purple", "purple", "purple", "purple", "purple", "purple", "purple", "purple", "purple", "purple", "purple", "purple", "purple", "purple", "purple", "purple", "purple", "purple", "purple", "purple", "purple", "purple", "purple", "purple", "purple", "purple", "purple", "purple", "purple", "purple", "purple", "purple", "purple", "purple", "purple", "purple", "purple", "purple", "purple", "purple", "purple", "purple"], "timestamps": [0, 40, 80, 120, 160, 200, 240, 280, 320, 360, 400, 440, 480, 520, 560, 600, 640, 680, 720, 760, 800, 840, 880, 920, 960, 1000, 1040, 1080, 1120, 1160, 1200, 1240, 1280, 1320, 1360, 1400, 1440, 1480, 1520, 1560, 1600, 1640, 1680, 1720, 1760, 1800, 1840, 1880, 1920, 1960, 2000, 2040, 2080, 2120, 2160, 2200, 2240, 2280, 2320, 2360, 2400, 2440, 2480, 2520, 2560, 2600, 2640, 2680, 2720, 2760, 2800, 2840, 2880, 2920, 2960, 3000, 3040, 3080, 3120, 3160]}], "conversation": [], "conversation_timestamps": []}