{"agent_id": "agent-blue-905", "type": "blue", "trips": [{"trip_id": 0, "transport_method": "bus", "start_time": 0, "path": [[1.5110958, 42.4978793], [1.510622, 42.4977877], [1.5101417, 42.4978101], [1.5105229, 42.498036], [1.5109032, 42.4983154], [1.5112235, 42.4986453], [1.5114033, 42.4990937], [1.511704, 42.4994713], [1.5120018, 42.4998518], [1.5122989, 42.5002327], [1.5125712, 42.5006273], [1.5128764, 42.5009985], [1.5132099, 42.5013477], [1.5135383, 42.501702], [1.5138667, 42.5020563], [1.5141182, 42.5023569], [1.513722, 42.502088], [1.5134204, 42.5017106], [1.5131308, 42.5013241], [1.5130556, 42.501152], [1.5134276, 42.5014602], [1.5137996, 42.5017685], [1.5141715, 42.5020768], [1.5145435, 42.502385], [1.5147158, 42.5025414], [1.5149698, 42.5027082], [1.5153719, 42.5029759], [1.515774, 42.5032437], [1.5155438, 42.5030682], [1.5151351, 42.5028106], [1.5154814, 42.5030472], [1.5158811, 42.5033186], [1.5162911, 42.5035729], [1.5167531, 42.503709], [1.517234, 42.5037464], [1.5177147, 42.5037106], [1.5181938, 42.5036487], [1.5186729, 42.5035868], [1.5191071, 42.5036599], [1.5195383, 42.5038434], [1.520005, 42.5038622], [1.5204517, 42.504046], [1.5208983, 42.5042304], [1.521346, 42.5044116], [1.5218018, 42.5045706], [1.5221767, 42.504812], [1.5226434, 42.504728], [1.5231225, 42.5047898], [1.5235998, 42.5048478], [1.5240741, 42.5049391], [1.5245498, 42.5050224], [1.5250239, 42.5051154], [1.525498, 42.5052085], [1.525972, 42.5053015], [1.5264521, 42.5053119], [1.5269343, 42.5052902], [1.5274146, 42.5053415], [1.5278728, 42.5054943], [1.5275833, 42.5054182], [1.5277055, 42.5054267], [1.5281688, 42.5055633], [1.5286322, 42.5056999], [1.5290956, 42.5058365], [1.5294975, 42.5061015], [1.5298919, 42.5063804], [1.5302897, 42.5066544], [1.5307026, 42.5069008], [1.5311503, 42.50708], [1.5316218, 42.5071854], [1.5319305, 42.5074835], [1.5322343, 42.5078561], [1.5324526, 42.5082769], [1.5329016, 42.5083624], [1.5333801, 42.508429], [1.5338586, 42.5084955], [1.5341113, 42.5086344], [1.5339208, 42.50886], [1.5336984, 42.5092889], [1.533333, 42.5094558], [1.532852, 42.509411]], "mood_vectors": [[0.0709, 0.0454, 0.0152, 0.7064, 0.0244, 0.0629, 0.0747], [0.0297, 0.0424, 0.0718, 0.768, 0.044, 0.0268, 0.0173], [0.0504, 0.0547, 0.0478, 0.7497, 0.0312, 0.0277, 0.0385], [0.0797, 0.0888, 0.0692, 0.6243, 0.0852, 0.0229, 0.0299], [0.0944, 0.0149, 0.0541, 0.7348, 0.0203, 0.0603, 0.0213], [0.0461, 0.0196, 0.063, 0.7006, 0.0351, 0.0706, 0.0651], [0.0258, 0.0262, 0.0793, 0.7866, 0.0136, 0.0365, 0.0321], [0.0544, 0.0443, 0.0286, 0.664, 0.0571, 0.0794, 0.0722], [0.0134, 0.0224, 0.0465, 0.8179, 0.065, 0.0134, 0.0214], [0.0165, 0.0774, 0.0389, 0.7598, 0.0475, 0.0169, 0.0429], [0.0732, 0.0581, 0.0158, 0.6922, 0.0666, 0.0701, 0.0239], [0.0471, 0.0886, 0.0281, 0.7263, 0.0339, 0.0426, 0.0334], [0.0364, 0.0228, 0.0641, 0.7724, 0.0231, 0.0158, 0.0654], [0.0686, 0.0313, 0.0561, 0.6355, 0.0695, 0.0699, 0.069], [0.0285, 0.0289, 0.0217, 0.8138, 0.0317, 0.0595, 0.0158], [0.0706, 0.0171, 0.0669, 0.6551, 0.0697, 0.0634, 0.0572], [0.0415, 0.0314, 0.0454, 0.7758, 0.0429, 0.0268, 0.0362], [0.0175, 0.0152, 0.0196, 0.8427, 0.0421, 0.0441, 0.0188], [0.0634, 0.0594, 0.0185, 0.7557, 0.036, 0.0253, 0.0416], [0.0239, 0.1011, 0.0338, 0.7472, 0.0311, 0.0221, 0.0407], [0.0783, 0.0212, 0.0547, 0.7142, 0.0436, 0.0456, 0.0424], [0.0577, 0.0307, 0.0168, 0.6961, 0.0592, 0.0535, 0.086], [0.0367, 0.0444, 0.0186, 0.7209, 0.0725, 0.0358, 0.0711], [0.0223, 0.0127, 0.0785, 0.7851, 0.0411, 0.0304, 0.0298], [0.0704, 0.028, 0.0631, 0.6767, 0.0612, 0.0573, 0.0433], [0.0183, 0.0704, 0.0212, 0.7021, 0.0535, 0.0775, 0.0569], [0.0744, 0.0827, 0.034, 0.6333, 0.0806, 0.0644, 0.0305], [0.0318, 0.0461, 0.0652, 0.7031, 0.0312, 0.0507, 0.0718], [0.0761, 0.0613, 0.0702, 0.6666, 0.0149, 0.0427, 0.0682], [0.0402, 0.0734, 0.0658, 0.6657, 0.0364, 0.0597, 0.0588], [0.0336, 0.0156, 0.0129, 0.8254, 0.0471, 0.0137, 0.0516], [0.0487, 0.0295, 0.0446, 0.6907, 0.0591, 0.0628, 0.0645], [0.0699, 0.0628, 0.0324, 0.7074, 0.0214, 0.0641, 0.0421], [0.0191, 0.0381, 0.0504, 0.7549, 0.0156, 0.0543, 0.0676], [0.0563, 0.0246, 0.032, 0.7397, 0.0682, 0.0189, 0.0604], [0.0299, 0.0451, 0.0671, 0.6663, 0.0745, 0.0849, 0.0323], [0.081, 0.053, 0.0392, 0.6929, 0.0186, 0.0483, 0.0669], [0.0603, 0.0335, 0.0185, 0.7559, 0.0505, 0.044, 0.0372], [0.0516, 0.0188, 0.0618, 0.6768, 0.0641, 0.0532, 0.0737], [0.0448, 0.0543, 0.0571, 0.6527, 0.0837, 0.0384, 0.069], [0.0426, 0.0728, 0.0833, 0.6223, 0.0885, 0.0345, 0.0559], [0.0681, 0.0197, 0.0726, 0.6749, 0.0593, 0.0321, 0.0733], [0.0553, 0.0361, 0.0335, 0.7454, 0.0643, 0.0158, 0.0497], [0.0718, 0.0616, 0.0153, 0.6732, 0.0456, 0.0685, 0.0641], [0.0619, 0.0494, 0.0715, 0.657, 0.0351, 0.0509, 0.0742], [0.0349, 0.085, 0.0318, 0.7172, 0.0181, 0.096, 0.017], [0.0159, 0.0708, 0.0398, 0.7089, 0.0397, 0.049, 0.0759], [0.0486, 0.0204, 0.0524, 0.7383, 0.0384, 0.0302, 0.0717], [0.0659, 0.0523, 0.0217, 0.7082, 0.0207, 0.0739, 0.0574], [0.0322, 0.0196, 0.0529, 0.6895, 0.0768, 0.0785, 0.0506], [0.0429, 0.0633, 0.0576, 0.694, 0.0616, 0.0344, 0.0462], [0.0455, 0.0523, 0.0442, 0.7516, 0.0181, 0.0395, 0.0489], [0.032, 0.0526, 0.0942, 0.727, 0.0381, 0.0332, 0.0229], [0.0468, 0.0759, 0.0513, 0.6211, 0.0605, 0.0803, 0.064], [0.0459, 0.0773, 0.0665, 0.7324, 0.0258, 0.0346, 0.0175], [0.0365, 0.07, 0.019, 0.6936, 0.0362, 0.0654, 0.0794], [0.0717, 0.0257, 0.0327, 0.7041, 0.0233, 0.0938, 0.0486], [0.0403, 0.0683, 0.0615, 0.6739, 0.0773, 0.0212, 0.0575], [0.0652, 0.0672, 0.0202, 0.6634, 0.069, 0.0678, 0.0473], [0.0771, 0.0509, 0.056, 0.6849, 0.0332, 0.0307, 0.0671], [0.0254, 0.0837, 0.0236, 0.762, 0.0507, 0.0143, 0.0404], [0.0846, 0.0379, 0.0753, 0.6135, 0.0165, 0.0982, 0.0741], [0.041, 0.0529, 0.0785, 0.7682, 0.0296, 0.014, 0.0157], [0.0201, 0.0738, 0.0332, 0.7123, 0.0619, 0.0716, 0.0271], [0.0139, 0.0295, 0.0411, 0.7644, 0.0591, 0.0334, 0.0585], [0.0673, 0.0466, 0.0741, 0.6639, 0.0356, 0.0641, 0.0484], [0.0535, 0.0529, 0.0387, 0.6358, 0.0641, 0.0873, 0.0677], [0.0413, 0.0231, 0.0495, 0.6763, 0.1001, 0.0897, 0.0199], [0.0487, 0.0235, 0.0209, 0.7751, 0.0496, 0.0207, 0.0614], [0.0899, 0.089, 0.0161, 0.6862, 0.0715, 0.0227, 0.0246], [0.073, 0.0345, 0.0372, 0.698, 0.0309, 0.061, 0.0654], [0.0639, 0.0159, 0.0435, 0.7482, 0.0451, 0.0559, 0.0275], [0.0683, 0.0728, 0.0455, 0.7327, 0.0117, 0.0187, 0.0502], [0.0685, 0.0668, 0.0457, 0.6506, 0.0268, 0.0738, 0.0678], [0.0148, 0.078, 0.016, 0.7756, 0.0662, 0.0224, 0.027], [0.0715, 0.029, 0.0495, 0.6683, 0.0729, 0.0519, 0.0569], [0.0444, 0.0402, 0.0594, 0.7094, 0.0654, 0.0312, 0.0501], [0.0634, 0.016, 0.0451, 0.7375, 0.0446, 0.0575, 0.036], [0.0441, 0.0361, 0.0535, 0.7766, 0.0192, 0.0275, 0.043], [0.0234, 0.04, 0.0809, 0.7507, 0.0235, 0.0597, 0.0217]], "emotions": ["green", "green", "green", "green", "green", "green", "green", "green", "green", "green", "green", "green", "green", "green", "green", "green", "green", "green", "green", "green", "green", "green", "green", "green", "green", "green", "green", "green", "green", "green", "green", "green", "green", "green", "green", "green", "green", "green", "green", "green", "green", "green", "green", "green", "green", "green", "green", "green", "green", "green", "green", "green", "green", "green", "green", "green", "green", "green", "green", "green", "green", "green", "green", "green", "green", "green", "green", "green", "green", "green", "green", "green", "green", "green", "green", "green", "green", "green", "green", "green"], "timestamps": [0, 40, 80, 120, 160, 200, 240, 280, 320, 360, 400, 440, 480, 520, 560, 600, 640, 680, 720, 760, 800, 840, 880, 920, 960, 1000, 1040, 1080, 1120, 1160, 1200, 1240, 1280, 1320, 1360, 1400, 1440, 1480, 1520, 1560, 1600, 1640, 1680, 1720, 1760, 1800, 1840, 1880, 1920, 1960, 2000, 2040, 2080, 2120, 2160, 2200, 2240, 2280, 2320, 2360, 2400, 2440, 2480, 2520, 2560, 2600, 2640, 2680, 2720, 2760, 2800, 2840, 2880, 2920, 2960, 3000, 3040, 3080, 3120, 3160]}], "conversation": [], "conversation_timestamps": []}