{"agent_id": "agent-red-1566", "type": "red", "trips": [{"trip_id": 0, "transport_method": "foot", "start_time": 0, "path": [[1.5324643, 42.5061739], [1.532358, 42.5061585], [1.5322517, 42.5061432], [1.5321453, 42.5061279], [1.532039, 42.5061126], [1.5319323, 42.5061036], [1.5318265, 42.5061219], [1.531721, 42.5061423], [1.5316243, 42.506112], [1.5315316, 42.5060576], [1.531439, 42.5060033], [1.5314781, 42.5060014], [1.5315815, 42.5060302], [1.5316558, 42.5061024], [1.531637, 42.5061606], [1.5315325, 42.5061853], [1.5314279, 42.5062099], [1.5313234, 42.5062345], [1.5312188, 42.5062591], [1.5311143, 42.5062838], [1.5310097, 42.5063084], [1.5309051, 42.506333], [1.5308006, 42.5063576], [1.530696, 42.5063823], [1.5305915, 42.5064069], [1.5304869, 42.5064315], [1.5303823, 42.5064561], [1.5302778, 42.5064807], [1.5301732, 42.5065054], [1.5300686, 42.5065188], [1.5299637, 42.5064956], [1.5298588, 42.5064723], [1.529754, 42.5064491], [1.5296491, 42.5064258], [1.5295442, 42.5064026], [1.5294394, 42.5063793], [1.529354, 42.5064441], [1.5292689, 42.5065096], [1.5291837, 42.506575], [1.5290985, 42.5066405], [1.5290133, 42.5067059], [1.5289185, 42.5067531], [1.5288163, 42.5067862], [1.5287141, 42.5068192], [1.5286119, 42.5068523], [1.5285097, 42.5068853], [1.5284249, 42.5069486], [1.5283452, 42.5070205], [1.5282654, 42.5070925], [1.5281857, 42.5071644], [1.5281059, 42.5072364], [1.5280218, 42.5072949], [1.5279149, 42.5072834], [1.5278081, 42.507272], [1.5277013, 42.5072605], [1.5275945, 42.5072491], [1.5274875, 42.50724], [1.5273803, 42.5072336], [1.5272731, 42.5072273], [1.5271658, 42.5072213], [1.5270584, 42.5072231], [1.526951, 42.5072249], [1.5268436, 42.5072267], [1.5267497, 42.5072527], [1.526692, 42.5073432], [1.5266342, 42.5074338], [1.5265765, 42.5075244], [1.5265187, 42.507615], [1.5264609, 42.5077055], [1.5263905, 42.5077781], [1.5262857, 42.5078015], [1.5261809, 42.507825], [1.5260761, 42.5078485], [1.5259715, 42.5078693], [1.5258825, 42.5078101], [1.5257969, 42.5077452], [1.5257113, 42.5076803], [1.5256257, 42.5076154], [1.5255401, 42.5075505], [1.5254545, 42.5074856]], "mood_vectors": [[0.756, 0.0577, 0.0256, 0.0168, 0.0572, 0.0467, 0.04], [0.7234, 0.0584, 0.0168, 0.0759, 0.0455, 0.0325, 0.0474], [0.708, 0.0588, 0.041, 0.0312, 0.0676, 0.0195, 0.0739], [0.7263, 0.0482, 0.0638, 0.0371, 0.0233, 0.0844, 0.0169], [0.6003, 0.0635, 0.04, 0.0643, 0.0788, 0.0758, 0.0772], [0.775, 0.0519, 0.0365, 0.0241, 0.0247, 0.0572, 0.0306], [0.6986, 0.0263, 0.0654, 0.0435, 0.0728, 0.0758, 0.0175], [0.5772, 0.074, 0.0765, 0.0455, 0.0821, 0.0659, 0.0788], [0.745, 0.0875, 0.0461, 0.0232, 0.0329, 0.0273, 0.038], [0.664, 0.0725, 0.0658, 0.0259, 0.0541, 0.0736, 0.0441], [0.6753, 0.0699, 0.0305, 0.0667, 0.0663, 0.0192, 0.0721], [0.6897, 0.0525, 0.0264, 0.0447, 0.033, 0.1045, 0.0492], [0.7185, 0.0708, 0.0363, 0.0433, 0.0681, 0.0373, 0.0257], [0.7359, 0.0148, 0.034, 0.0552, 0.0271, 0.0632, 0.0699], [0.6431, 0.0727, 0.0771, 0.0218, 0.0618, 0.0533, 0.0703], [0.6965, 0.0599, 0.0135, 0.0678, 0.0302, 0.0653, 0.0667], [0.6815, 0.0552, 0.0469, 0.0681, 0.0215, 0.0922, 0.0345], [0.6765, 0.0897, 0.0481, 0.0578, 0.0151, 0.0787, 0.034], [0.7314, 0.085, 0.0566, 0.0339, 0.0463, 0.0202, 0.0265], [0.7322, 0.0467, 0.0601, 0.0143, 0.0564, 0.0699, 0.0203], [0.5995, 0.056, 0.0664, 0.0233, 0.0804, 0.0932, 0.0811], [0.7296, 0.0976, 0.0444, 0.0454, 0.0409, 0.0216, 0.0205], [0.6266, 0.0765, 0.0756, 0.0593, 0.0547, 0.0297, 0.0776], [0.7578, 0.0307, 0.1029, 0.0578, 0.0167, 0.015, 0.0191], [0.7403, 0.0152, 0.0633, 0.0636, 0.0227, 0.0728, 0.0221], [0.6951, 0.0131, 0.0365, 0.0526, 0.0554, 0.0789, 0.0685], [0.7297, 0.0193, 0.0722, 0.0511, 0.0187, 0.0817, 0.0274], [0.7559, 0.0237, 0.0607, 0.0467, 0.0348, 0.0364, 0.0417], [0.6733, 0.0566, 0.0603, 0.0514, 0.0397, 0.0437, 0.075], [0.644, 0.0416, 0.0438, 0.063, 0.1025, 0.0583, 0.0466], [0.8253, 0.0269, 0.0191, 0.0161, 0.0341, 0.0231, 0.0554], [0.6434, 0.0709, 0.034, 0.074, 0.0759, 0.0323, 0.0694], [0.7307, 0.0457, 0.0225, 0.0711, 0.0706, 0.0259, 0.0334], [0.666, 0.0692, 0.0502, 0.0754, 0.0262, 0.0465, 0.0666], [0.6943, 0.0495, 0.0854, 0.0455, 0.0435, 0.0179, 0.0639], [0.6848, 0.0809, 0.0324, 0.0418, 0.0411, 0.0945, 0.0245], [0.7029, 0.0535, 0.0187, 0.0346, 0.0396, 0.0736, 0.0771], [0.7707, 0.0423, 0.053, 0.0522, 0.0357, 0.0118, 0.0342], [0.7031, 0.0657, 0.0416, 0.0302, 0.0609, 0.0795, 0.0188], [0.6621, 0.0452, 0.0757, 0.0543, 0.0599, 0.0488, 0.054], [0.7736, 0.0328, 0.0518, 0.0564, 0.0181, 0.0184, 0.0488], [0.684, 0.0511, 0.0372, 0.0386, 0.0654, 0.0522, 0.0715], [0.6641, 0.0894, 0.09, 0.0624, 0.0336, 0.0202, 0.0405], [0.6247, 0.0504, 0.0528, 0.0817, 0.0782, 0.0718, 0.0405], [0.747, 0.0693, 0.0682, 0.0129, 0.0212, 0.0172, 0.0642], [0.7747, 0.0672, 0.0691, 0.0213, 0.0182, 0.0275, 0.0219], [0.7177, 0.0398, 0.0748, 0.0229, 0.0578, 0.0456, 0.0415], [0.6952, 0.0367, 0.022, 0.0668, 0.0417, 0.0607, 0.0769], [0.6612, 0.0919, 0.0244, 0.0403, 0.0943, 0.0382, 0.0496], [0.7405, 0.0352, 0.0579, 0.0435, 0.0389, 0.0142, 0.0699], [0.7375, 0.0139, 0.0142, 0.0682, 0.0863, 0.0569, 0.023], [0.6621, 0.0705, 0.0767, 0.0504, 0.0174, 0.0695, 0.0532], [0.6809, 0.0676, 0.0575, 0.0471, 0.0182, 0.0701, 0.0586], [0.7823, 0.0603, 0.0176, 0.0166, 0.0203, 0.0674, 0.0355], [0.6286, 0.0446, 0.0812, 0.0731, 0.0577, 0.0474, 0.0673], [0.6783, 0.081, 0.0587, 0.0211, 0.0365, 0.0542, 0.0701], [0.7529, 0.0299, 0.0437, 0.0722, 0.0232, 0.0342, 0.0438], [0.6973, 0.067, 0.0357, 0.0516, 0.0201, 0.0607, 0.0676], [0.7207, 0.0488, 0.0421, 0.0657, 0.0199, 0.024, 0.0788], [0.7555, 0.0216, 0.0657, 0.0341, 0.054, 0.012, 0.0571], [0.7522, 0.0447, 0.0346, 0.0236, 0.0374, 0.0493, 0.0583], [0.7516, 0.0353, 0.0384, 0.0251, 0.0435, 0.0556, 0.0507], [0.6613, 0.0668, 0.0442, 0.0607, 0.0638, 0.066, 0.0372], [0.6619, 0.043, 0.0921, 0.0528, 0.0793, 0.0321, 0.0388], [0.8042, 0.0352, 0.0371, 0.0214, 0.0441, 0.0278, 0.0302], [0.6965, 0.026, 0.034, 0.0641, 0.0542, 0.0369, 0.0883], [0.6647, 0.0173, 0.032, 0.0705, 0.0795, 0.0418, 0.0941], [0.7079, 0.0661, 0.0124, 0.0554, 0.0328, 0.0565, 0.0689], [0.6826, 0.0677, 0.0422, 0.0713, 0.0597, 0.0418, 0.0347], [0.7367, 0.039, 0.0802, 0.0459, 0.0229, 0.0586, 0.0166], [0.6168, 0.0259, 0.0809, 0.0782, 0.0815, 0.0656, 0.0512], [0.6996, 0.0231, 0.0743, 0.0604, 0.0394, 0.0703, 0.033], [0.6677, 0.058, 0.0385, 0.0834, 0.0808, 0.0163, 0.0555], [0.6429, 0.0755, 0.0481, 0.0446, 0.079, 0.0872, 0.0229], [0.6541, 0.0655, 0.0289, 0.0388, 0.0853, 0.0556, 0.0719], [0.6861, 0.0322, 0.0436, 0.0395, 0.038, 0.1031, 0.0576], [0.6424, 0.0362, 0.0563, 0.0648, 0.0723, 0.05, 0.0781], [0.7838, 0.0165, 0.0231, 0.0624, 0.0185, 0.0358, 0.06], [0.7064, 0.0453, 0.0691, 0.0849, 0.0175, 0.0476, 0.0293], [0.7782, 0.0219, 0.0456, 0.0402, 0.0233, 0.0333, 0.0574]], "emotions": ["red", "red", "red", "red", "red", "red", "red", "red", "red", "red", "red", "red", "red", "red", "red", "red", "red", "red", "red", "red", "red", "red", "red", "red", "red", "red", "red", "red", "red", "red", "red", "red", "red", "red", "red", "red", "red", "red", "red", "red", "red", "red", "red", "red", "red", "red", "red", "red", "red", "red", "red", "red", "red", "red", "red", "red", "red", "red", "red", "red", "red", "red", "red", "red", "red", "red", "red", "red", "red", "red", "red", "red", "red", "red", "red", "red", "red", "red", "red", "red"], "timestamps": [0, 40, 80, 120, 160, 200, 240, 280, 320, 360, 400, 440, 480, 520, 560, 600, 640, 680, 720, 760, 800, 840, 880, 920, 960, 1000, 1040, 1080, 1120, 1160, 1200, 1240, 1280, 1320, 1360, 1400, 1440, 1480, 1520, 1560, 1600, 1640, 1680, 1720, 1760, 1800, 1840, 1880, 1920, 1960, 2000, 2040, 2080, 2120, 2160, 2200, 2240, 2280, 2320, 2360, 2400, 2440, 2480, 2520, 2560, 2600, 2640, 2680, 2720, 2760, 2800, 2840, 2880, 2920, 2960, 3000, 3040, 3080, 3120, 3160]}], "conversation": [], "conversation_timestamps": []}