{"agent_id": "agent-red-1936", "type": "red", "trips": [{"trip_id": 0, "transport_method": "foot", "start_time": 0, "path": [[1.5255145, 42.5085432], [1.524592, 42.5082015], [1.5254985, 42.5081608], [1.5265306, 42.5083328], [1.5275751, 42.5083981], [1.5285389, 42.5088088], [1.5288504, 42.5088827], [1.5298685, 42.5091373], [1.5308602, 42.5093989], [1.5318436, 42.5097648], [1.5328516, 42.5099776], [1.5338282, 42.5098962], [1.5348743, 42.5099084], [1.5359217, 42.5099373], [1.5369587, 42.5100344], [1.5380075, 42.5100452], [1.5390098, 42.5102272], [1.5399383, 42.5098787], [1.5407962, 42.5093262], [1.541769, 42.5090049], [1.5420094, 42.5088874], [1.5430552, 42.5089606], [1.5440566, 42.5092464], [1.5450965, 42.5093407], [1.546089, 42.5096499], [1.5455103, 42.5094224], [1.5464075, 42.5099264], [1.546463, 42.5107579], [1.5473571, 42.511236], [1.5483752, 42.51149], [1.5493939, 42.5117417], [1.5498533, 42.5119106], [1.5500282, 42.5119688], [1.5507912, 42.5123758], [1.5515911, 42.5130551], [1.5510519, 42.5125925], [1.5518917, 42.51322], [1.5525655, 42.5136429], [1.5527248, 42.5142003], [1.5529421, 42.5151896], [1.5534364, 42.5161005], [1.5538728, 42.5170443], [1.5546318, 42.5177538], [1.5555462, 42.5182029], [1.5563439, 42.5188039], [1.5570074, 42.5195853], [1.5576847, 42.5203537], [1.558446, 42.5210758], [1.5592459, 42.5217547], [1.5595743, 42.521918], [1.5599677, 42.5223073], [1.5608776, 42.5228163], [1.5617149, 42.5234472], [1.5624107, 42.5242293], [1.5633051, 42.524744], [1.5642478, 42.5251748], [1.5652605, 42.5254072], [1.5662118, 42.5258478], [1.5670517, 42.5264751], [1.5678952, 42.5270977], [1.5688285, 42.5275692], [1.5697033, 42.5281339], [1.5705801, 42.5287105], [1.5713648, 42.5293806], [1.5723515, 42.5293484], [1.5731111, 42.5296732], [1.5736793, 42.5305454], [1.5745374, 42.5311386], [1.575532, 42.5314613], [1.5765646, 42.5316478], [1.577608, 42.5317539], [1.5786564, 42.5318018], [1.5777729, 42.5317719], [1.578024, 42.5317918], [1.5790705, 42.5318703], [1.5800792, 42.5320065], [1.581124, 42.5319345], [1.5821523, 42.5320251], [1.5827449, 42.5328341], [1.5836781, 42.5325044]], "mood_vectors": [[0.7225, 0.0533, 0.0793, 0.027, 0.0362, 0.0164, 0.0652], [0.6292, 0.0733, 0.0662, 0.0325, 0.0629, 0.0908, 0.0451], [0.6762, 0.0622, 0.0485, 0.0416, 0.0671, 0.0557, 0.0487], [0.7119, 0.0561, 0.051, 0.0541, 0.0655, 0.0195, 0.0418], [0.6453, 0.0844, 0.0266, 0.0461, 0.0339, 0.0772, 0.0864], [0.5978, 0.0818, 0.0523, 0.0381, 0.079, 0.0782, 0.0728], [0.6926, 0.0331, 0.0803, 0.0699, 0.0198, 0.0652, 0.0391], [0.767, 0.074, 0.0624, 0.0169, 0.0152, 0.048, 0.0166], [0.7286, 0.0246, 0.0553, 0.0545, 0.0664, 0.0252, 0.0455], [0.6863, 0.0575, 0.0177, 0.0481, 0.0742, 0.043, 0.0732], [0.6928, 0.0202, 0.0799, 0.0418, 0.0531, 0.0749, 0.0374], [0.6979, 0.0342, 0.0632, 0.0416, 0.0644, 0.041, 0.0576], [0.7717, 0.0194, 0.0279, 0.0772, 0.056, 0.0348, 0.0128], [0.6449, 0.0677, 0.0247, 0.0638, 0.0741, 0.077, 0.0479], [0.6415, 0.0514, 0.0786, 0.0786, 0.0152, 0.0606, 0.0741], [0.703, 0.0672, 0.0693, 0.029, 0.0613, 0.059, 0.0112], [0.6969, 0.0173, 0.0504, 0.0519, 0.034, 0.0548, 0.0946], [0.6809, 0.0662, 0.0265, 0.074, 0.042, 0.0708, 0.0395], [0.6816, 0.0966, 0.0644, 0.0369, 0.0271, 0.0602, 0.0332], [0.8112, 0.0184, 0.0572, 0.0156, 0.0393, 0.0186, 0.0398], [0.7468, 0.0561, 0.0302, 0.0322, 0.0181, 0.0565, 0.06], [0.723, 0.0418, 0.0159, 0.0766, 0.0154, 0.0556, 0.0717], [0.6887, 0.0293, 0.0653, 0.073, 0.0396, 0.0314, 0.0729], [0.6944, 0.0342, 0.0502, 0.0693, 0.0665, 0.0133, 0.0721], [0.7233, 0.0709, 0.0342, 0.0637, 0.0227, 0.0703, 0.015], [0.6561, 0.0803, 0.0469, 0.0182, 0.0616, 0.0905, 0.0464], [0.7263, 0.0136, 0.0747, 0.0569, 0.038, 0.0535, 0.037], [0.6857, 0.0496, 0.0634, 0.0799, 0.0611, 0.0277, 0.0326], [0.6353, 0.0842, 0.021, 0.0661, 0.0651, 0.0554, 0.0728], [0.7446, 0.0414, 0.0779, 0.0215, 0.0235, 0.0344, 0.0567], [0.6514, 0.0771, 0.0733, 0.063, 0.0144, 0.0668, 0.054], [0.7582, 0.0432, 0.0386, 0.0298, 0.0464, 0.0171, 0.0667], [0.7465, 0.0204, 0.0801, 0.0165, 0.0637, 0.0375, 0.0353], [0.7026, 0.0575, 0.0564, 0.0186, 0.0323, 0.0628, 0.0698], [0.6277, 0.0665, 0.0828, 0.0789, 0.0815, 0.0222, 0.0404], [0.6788, 0.0462, 0.0593, 0.0804, 0.0172, 0.0605, 0.0576], [0.686, 0.0544, 0.0654, 0.0852, 0.0574, 0.0179, 0.0337], [0.6801, 0.0601, 0.0642, 0.048, 0.0366, 0.0705, 0.0405], [0.7126, 0.036, 0.0725, 0.0161, 0.0444, 0.046, 0.0724], [0.6853, 0.0284, 0.0698, 0.0488, 0.0599, 0.065, 0.043], [0.6885, 0.0316, 0.0971, 0.0449, 0.0272, 0.0501, 0.0605], [0.626, 0.0954, 0.036, 0.0623, 0.0403, 0.0885, 0.0514], [0.77, 0.0203, 0.0212, 0.0192, 0.0323, 0.0895, 0.0473], [0.6702, 0.0399, 0.0419, 0.0786, 0.0763, 0.054, 0.0391], [0.6596, 0.0563, 0.0433, 0.0727, 0.062, 0.0657, 0.0404], [0.7657, 0.0357, 0.0475, 0.019, 0.0351, 0.0774, 0.0197], [0.7528, 0.104, 0.0329, 0.0457, 0.0311, 0.0185, 0.0151], [0.7044, 0.0542, 0.0656, 0.0155, 0.0382, 0.0205, 0.1016], [0.7572, 0.0248, 0.0719, 0.0181, 0.0446, 0.0258, 0.0576], [0.697, 0.0326, 0.023, 0.073, 0.0627, 0.0648, 0.0468], [0.8054, 0.0449, 0.0556, 0.0233, 0.015, 0.0392, 0.0166], [0.7638, 0.0348, 0.0668, 0.0383, 0.0283, 0.0487, 0.0193], [0.6229, 0.0239, 0.0598, 0.0893, 0.0748, 0.0679, 0.0613], [0.7956, 0.0274, 0.0719, 0.0209, 0.025, 0.0297, 0.0295], [0.749, 0.0409, 0.0663, 0.0171, 0.0402, 0.0643, 0.022], [0.6798, 0.0696, 0.0328, 0.0507, 0.0267, 0.0723, 0.0681], [0.6124, 0.0582, 0.079, 0.0777, 0.0601, 0.033, 0.0796], [0.7333, 0.0714, 0.0337, 0.0214, 0.0595, 0.0239, 0.0569], [0.6525, 0.0538, 0.0397, 0.0273, 0.0748, 0.0864, 0.0655], [0.6821, 0.0701, 0.0724, 0.0401, 0.0471, 0.0526, 0.0355], [0.7266, 0.0192, 0.0616, 0.065, 0.0577, 0.0512, 0.0186], [0.6519, 0.025, 0.021, 0.0955, 0.0819, 0.0219, 0.1029], [0.6866, 0.0596, 0.0658, 0.0742, 0.0253, 0.0162, 0.0723], [0.8067, 0.0369, 0.0436, 0.0246, 0.0155, 0.0494, 0.0232], [0.738, 0.0448, 0.0179, 0.0619, 0.014, 0.0828, 0.0406], [0.636, 0.0308, 0.0698, 0.0665, 0.0709, 0.0808, 0.0453], [0.7238, 0.0576, 0.0342, 0.0474, 0.0151, 0.0575, 0.0644], [0.6922, 0.0559, 0.0811, 0.022, 0.0697, 0.0427, 0.0363], [0.7255, 0.0335, 0.0379, 0.0607, 0.0618, 0.0261, 0.0545], [0.6945, 0.0612, 0.0695, 0.0257, 0.0233, 0.0564, 0.0696], [0.7862, 0.0163, 0.0232, 0.0368, 0.0258, 0.0744, 0.0373], [0.743, 0.0527, 0.0763, 0.0224, 0.0577, 0.0146, 0.0334], [0.6595, 0.0823, 0.0803, 0.0263, 0.073, 0.0633, 0.0154], [0.712, 0.0376, 0.0489, 0.0522, 0.0466, 0.0811, 0.0217], [0.7169, 0.0515, 0.0411, 0.0607, 0.0227, 0.0616, 0.0455], [0.6295, 0.1013, 0.0509, 0.035, 0.0602, 0.0697, 0.0534], [0.7592, 0.05, 0.0441, 0.0258, 0.0144, 0.0495, 0.0571], [0.6473, 0.0177, 0.0864, 0.0659, 0.0203, 0.0873, 0.0752], [0.6973, 0.0887, 0.0556, 0.0515, 0.0227, 0.0228, 0.0613], [0.6412, 0.0759, 0.0872, 0.088, 0.0441, 0.0311, 0.0324]], "emotions": ["red", "red", "red", "red", "red", "red", "red", "red", "red", "red", "red", "red", "red", "red", "red", "red", "red", "red", "red", "red", "red", "red", "red", "red", "red", "red", "red", "red", "red", "red", "red", "red", "red", "red", "red", "red", "red", "red", "red", "red", "red", "red", "red", "red", "red", "red", "red", "red", "red", "red", "red", "red", "red", "red", "red", "red", "red", "red", "red", "red", "red", "red", "red", "red", "red", "red", "red", "red", "red", "red", "red", "red", "red", "red", "red", "red", "red", "red", "red", "red"], "timestamps": [0, 40, 80, 120, 160, 200, 240, 280, 320, 360, 400, 440, 480, 520, 560, 600, 640, 680, 720, 760, 800, 840, 880, 920, 960, 1000, 1040, 1080, 1120, 1160, 1200, 1240, 1280, 1320, 1360, 1400, 1440, 1480, 1520, 1560, 1600, 1640, 1680, 1720, 1760, 1800, 1840, 1880, 1920, 1960, 2000, 2040, 2080, 2120, 2160, 2200, 2240, 2280, 2320, 2360, 2400, 2440, 2480, 2520, 2560, 2600, 2640, 2680, 2720, 2760, 2800, 2840, 2880, 2920, 2960, 3000, 3040, 3080, 3120, 3160]}], "conversation": [], "conversation_timestamps": []}