{"agent_id": "agent-orange-1228", "type": "orange", "trips": [{"trip_id": 0, "transport_method": "bicycle", "start_time": 0, "path": [[1.5183768, 42.573428], [1.5189055, 42.5727013], [1.5194835, 42.5721773], [1.5205034, 42.571346], [1.5210176, 42.570164], [1.5212807, 42.5688855], [1.5222338, 42.5679774], [1.5232807, 42.5672203], [1.5238593, 42.5660451], [1.5246111, 42.5649626], [1.5256306, 42.564124], [1.5267113, 42.5634451], [1.5275825, 42.5628062], [1.5283458, 42.5618417], [1.5293016, 42.5609948], [1.5302625, 42.5600887], [1.5312233, 42.5591825], [1.5312665, 42.5591042], [1.5305965, 42.5602387], [1.5295617, 42.560942], [1.5299189, 42.5604169], [1.5308827, 42.5595139], [1.5318465, 42.5586109], [1.5316702, 42.5576047], [1.5305822, 42.5568776], [1.5294897, 42.5562497], [1.5286861, 42.5553029], [1.5279518, 42.5542823], [1.5270708, 42.5533225], [1.5265888, 42.5521304], [1.5264965, 42.551586], [1.5262913, 42.5505004], [1.5256158, 42.5493694], [1.5251274, 42.5481536], [1.524696, 42.5470013], [1.5246143, 42.5461197], [1.5239207, 42.5449968], [1.5234215, 42.5437885], [1.5231257, 42.5432413], [1.5228434, 42.54197], [1.523522, 42.54091], [1.5232638, 42.5402988], [1.5231569, 42.5389922], [1.5236228, 42.5379357], [1.5248522, 42.5376022], [1.5250669, 42.5368254], [1.5237706, 42.5365954], [1.5227979, 42.5358574], [1.5219737, 42.5348308], [1.5210224, 42.534048], [1.5211349, 42.5330384], [1.5209875, 42.5318891], [1.5213549, 42.5307259], [1.521751, 42.5297287], [1.5214231, 42.5288169], [1.5208541, 42.5277013], [1.5207026, 42.5264781], [1.5207907, 42.5259655], [1.5205842, 42.5272334], [1.5206901, 42.526371], [1.5206983, 42.5250583], [1.5211101, 42.5238779], [1.5218135, 42.5227812], [1.522615, 42.5217812], [1.5234971, 42.5208321], [1.5239727, 42.5196152], [1.5248844, 42.5187194], [1.5259004, 42.5178772], [1.5270655, 42.5172778], [1.5282538, 42.5167162], [1.5294131, 42.5164482], [1.5305491, 42.5158013], [1.5315964, 42.5150033], [1.5325781, 42.5141398], [1.5338104, 42.5136908], [1.5342057, 42.5133795], [1.535346, 42.5127713], [1.536073, 42.5121831], [1.5362666, 42.5114086], [1.5374973, 42.5109308]], "mood_vectors": [[0.0587, 0.0607, 0.0567, 0.0647, 0.6672, 0.0202, 0.0719], [0.0457, 0.0425, 0.0507, 0.0186, 0.7483, 0.0286, 0.0655], [0.0468, 0.0633, 0.0268, 0.0192, 0.7695, 0.0543, 0.0202], [0.0538, 0.0353, 0.0555, 0.0568, 0.6781, 0.0426, 0.078], [0.0266, 0.029, 0.0268, 0.0836, 0.7225, 0.0566, 0.055], [0.0652, 0.0986, 0.0275, 0.0786, 0.6454, 0.0571, 0.0277], [0.0602, 0.0444, 0.0828, 0.0456, 0.6315, 0.0516, 0.0839], [0.016, 0.077, 0.0855, 0.0262, 0.729, 0.049, 0.0173], [0.0231, 0.08, 0.039, 0.0276, 0.6997, 0.0831, 0.0475], [0.0169, 0.0644, 0.0428, 0.0743, 0.7174, 0.0437, 0.0405], [0.0506, 0.0297, 0.058, 0.0394, 0.7121, 0.0624, 0.0478], [0.0232, 0.0737, 0.0386, 0.0212, 0.6979, 0.0725, 0.0729], [0.0562, 0.0412, 0.0831, 0.028, 0.716, 0.0384, 0.0372], [0.0265, 0.0147, 0.0233, 0.0751, 0.7504, 0.0719, 0.0382], [0.065, 0.0534, 0.0151, 0.0363, 0.7201, 0.0535, 0.0566], [0.0548, 0.0807, 0.0611, 0.0396, 0.6604, 0.0772, 0.0263], [0.065, 0.0367, 0.0318, 0.0703, 0.6785, 0.0174, 0.1003], [0.0131, 0.0763, 0.0538, 0.0287, 0.7338, 0.0329, 0.0614], [0.0721, 0.0643, 0.0798, 0.0194, 0.6691, 0.0224, 0.0728], [0.0298, 0.0309, 0.04, 0.0377, 0.7648, 0.0746, 0.0223], [0.0643, 0.0672, 0.0225, 0.0512, 0.7308, 0.0175, 0.0466], [0.0174, 0.0657, 0.0469, 0.0463, 0.7455, 0.0351, 0.0431], [0.0406, 0.0629, 0.0606, 0.0202, 0.7466, 0.0314, 0.0377], [0.0374, 0.087, 0.0192, 0.0258, 0.7365, 0.0558, 0.0383], [0.0723, 0.0275, 0.066, 0.0303, 0.6978, 0.065, 0.0412], [0.0331, 0.0439, 0.0241, 0.0976, 0.7098, 0.0751, 0.0163], [0.0163, 0.0688, 0.0487, 0.0537, 0.7257, 0.056, 0.0306], [0.0819, 0.0329, 0.0463, 0.0863, 0.6792, 0.0189, 0.0545], [0.0163, 0.0558, 0.0469, 0.0791, 0.6938, 0.077, 0.0311], [0.0353, 0.0165, 0.0601, 0.0609, 0.7281, 0.0369, 0.0621], [0.0242, 0.0356, 0.0139, 0.0313, 0.7297, 0.0864, 0.0789], [0.016, 0.0808, 0.0542, 0.0326, 0.7656, 0.0304, 0.0204], [0.031, 0.0441, 0.0548, 0.0313, 0.6734, 0.0931, 0.0724], [0.0325, 0.0254, 0.0274, 0.0555, 0.7131, 0.0737, 0.0724], [0.0653, 0.0484, 0.0783, 0.0324, 0.6762, 0.0564, 0.043], [0.0683, 0.0404, 0.0666, 0.068, 0.658, 0.0306, 0.068], [0.0618, 0.0751, 0.0412, 0.0303, 0.7272, 0.0457, 0.0187], [0.0271, 0.0416, 0.0511, 0.0373, 0.6934, 0.0663, 0.0834], [0.0732, 0.0445, 0.0899, 0.0381, 0.7076, 0.0304, 0.0165], [0.0419, 0.0583, 0.0588, 0.0126, 0.6826, 0.0742, 0.0716], [0.0507, 0.0286, 0.0362, 0.0162, 0.7223, 0.0656, 0.0805], [0.0394, 0.0775, 0.0385, 0.054, 0.7044, 0.0609, 0.0253], [0.0344, 0.0539, 0.0694, 0.0404, 0.6985, 0.0727, 0.0308], [0.045, 0.0243, 0.0527, 0.0262, 0.7334, 0.0657, 0.0527], [0.0383, 0.0636, 0.0861, 0.0191, 0.6574, 0.057, 0.0784], [0.0604, 0.0445, 0.0379, 0.0563, 0.701, 0.0432, 0.0567], [0.051, 0.0358, 0.0435, 0.0403, 0.6785, 0.0773, 0.0735], [0.018, 0.0179, 0.0707, 0.0146, 0.7496, 0.0427, 0.0866], [0.0441, 0.0484, 0.0135, 0.0633, 0.7019, 0.0567, 0.072], [0.0844, 0.0836, 0.0315, 0.0289, 0.6829, 0.0139, 0.0748], [0.0506, 0.0809, 0.0341, 0.0409, 0.6969, 0.0525, 0.0441], [0.0305, 0.0162, 0.0632, 0.0923, 0.6685, 0.0931, 0.0361], [0.0612, 0.0319, 0.0494, 0.0737, 0.6759, 0.0341, 0.0738], [0.0689, 0.0137, 0.0785, 0.0151, 0.7129, 0.0302, 0.0806], [0.0685, 0.0158, 0.0731, 0.0456, 0.7014, 0.0321, 0.0635], [0.0907, 0.0515, 0.0382, 0.0478, 0.6837, 0.0364, 0.0517], [0.0576, 0.0531, 0.0724, 0.0579, 0.65, 0.0574, 0.0516], [0.0476, 0.028, 0.0654, 0.0528, 0.7491, 0.0364, 0.0207], [0.0579, 0.0546, 0.0222, 0.0528, 0.7047, 0.0824, 0.0254], [0.0181, 0.0771, 0.0635, 0.0304, 0.6757, 0.0759, 0.0593], [0.0818, 0.0509, 0.0469, 0.0381, 0.7061, 0.0507, 0.0255], [0.0238, 0.0848, 0.032, 0.0825, 0.6631, 0.0451, 0.0686], [0.0548, 0.0728, 0.0666, 0.0243, 0.7159, 0.0215, 0.0441], [0.0982, 0.0194, 0.0191, 0.0703, 0.6585, 0.0427, 0.0918], [0.0706, 0.0228, 0.0867, 0.0619, 0.6469, 0.0659, 0.0453], [0.0929, 0.0599, 0.0266, 0.0582, 0.6208, 0.0753, 0.0664], [0.0758, 0.0273, 0.056, 0.0771, 0.6967, 0.052, 0.0151], [0.0203, 0.039, 0.0649, 0.0712, 0.6974, 0.0449, 0.0623], [0.0642, 0.0365, 0.0659, 0.0275, 0.7189, 0.0445, 0.0425], [0.0477, 0.0706, 0.0601, 0.0518, 0.6805, 0.0266, 0.0628], [0.0271, 0.0129, 0.0684, 0.0795, 0.7478, 0.0317, 0.0326], [0.0313, 0.0608, 0.0181, 0.0593, 0.7035, 0.0533, 0.0736], [0.0214, 0.044, 0.0887, 0.0198, 0.7012, 0.076, 0.049], [0.0152, 0.0639, 0.0693, 0.0644, 0.708, 0.0644, 0.0148], [0.0207, 0.0754, 0.0264, 0.0725, 0.7252, 0.0148, 0.065], [0.0341, 0.0822, 0.0135, 0.0185, 0.752, 0.0621, 0.0376], [0.0247, 0.0659, 0.0554, 0.0686, 0.6391, 0.064, 0.0823], [0.044, 0.014, 0.0558, 0.0697, 0.7066, 0.0481, 0.0617], [0.0731, 0.0434, 0.0345, 0.0205, 0.7396, 0.0665, 0.0223], [0.0905, 0.0629, 0.0793, 0.0481, 0.6444, 0.0404, 0.0345]], "emotions": ["red", "red", "red", "red", "red", "red", "red", "red", "red", "red", "red", "red", "red", "red", "red", "red", "red", "red", "red", "red", "red", "red", "red", "red", "red", "red", "red", "red", "red", "red", "red", "red", "red", "red", "red", "red", "red", "red", "red", "red", "red", "red", "red", "red", "red", "red", "red", "red", "red", "red", "red", "red", "red", "red", "red", "red", "red", "red", "red", "red", "red", "red", "red", "red", "red", "red", "red", "red", "red", "red", "red", "red", "red", "red", "red", "red", "red", "red", "red", "red"], "timestamps": [0, 40, 80, 120, 160, 200, 240, 280, 320, 360, 400, 440, 480, 520, 560, 600, 640, 680, 720, 760, 800, 840, 880, 920, 960, 1000, 1040, 1080, 1120, 1160, 1200, 1240, 1280, 1320, 1360, 1400, 1440, 1480, 1520, 1560, 1600, 1640, 1680, 1720, 1760, 1800, 1840, 1880, 1920, 1960, 2000, 2040, 2080, 2120, 2160, 2200, 2240, 2280, 2320, 2360, 2400, 2440, 2480, 2520, 2560, 2600, 2640, 2680, 2720, 2760, 2800, 2840, 2880, 2920, 2960, 3000, 3040, 3080, 3120, 3160]}], "conversation": [], "conversation_timestamps": []}