{"agent_id": "agent-red-1546", "type": "red", "trips": [{"trip_id": 0, "transport_method": "foot", "start_time": 0, "path": [[1.5406416, 42.5123909], [1.5396476, 42.5125577], [1.5391203, 42.5124996], [1.5388648, 42.5124443], [1.5378924, 42.512724], [1.5368894, 42.5129473], [1.5360568, 42.512872], [1.535508, 42.5122024], [1.5357747, 42.5125957], [1.5349781, 42.5119436], [1.5341563, 42.5113618], [1.5334402, 42.5106476], [1.532579, 42.5100926], [1.5316606, 42.5096993], [1.5306958, 42.5093405], [1.5297198, 42.5090956], [1.5288622, 42.5087741], [1.5280437, 42.5081842], [1.5274671, 42.5073985], [1.5264929, 42.5072193], [1.5254708, 42.507101], [1.5244912, 42.5068778], [1.5234882, 42.5067029], [1.5224858, 42.5064757], [1.5215058, 42.5061613], [1.5210152, 42.5059754], [1.5215125, 42.5061723], [1.5205362, 42.5058459], [1.5195364, 42.5056015], [1.5185209, 42.5054436], [1.5182425, 42.5054198], [1.5172162, 42.5053402], [1.5175683, 42.5053458], [1.5165645, 42.5051504], [1.5156915, 42.5046306], [1.5149256, 42.5039426], [1.5141598, 42.5032547], [1.5134621, 42.502505], [1.5128713, 42.501668], [1.5122529, 42.5008449], [1.5116328, 42.5000232], [1.5109936, 42.4992162], [1.5103467, 42.4984161], [1.509467, 42.4978927], [1.5085414, 42.4974422], [1.5076009, 42.4970256], [1.5066333, 42.4966745], [1.5056596, 42.4963407], [1.504703, 42.4959679], [1.5037787, 42.4955227], [1.5028135, 42.4951698], [1.5018862, 42.4947227], [1.5009528, 42.4942887], [1.5002621, 42.4936014], [1.4994519, 42.492967], [1.4985495, 42.492473], [1.4976461, 42.4919797], [1.4967832, 42.4914186], [1.4962874, 42.4906071], [1.4959662, 42.4896701], [1.4952948, 42.4888897], [1.4947106, 42.4880593], [1.4947427, 42.487044], [1.4943238, 42.4861244], [1.4935321, 42.4854687], [1.4926781, 42.4849139], [1.4916999, 42.4847168], [1.4909792, 42.4840876], [1.4905001, 42.4831855], [1.4899776, 42.4822999], [1.4895327, 42.4813775], [1.4894123, 42.4803559], [1.4894751, 42.4793437], [1.4899671, 42.4784455], [1.4904653, 42.4775454], [1.4906049, 42.4765817], [1.4908501, 42.4756255], [1.4910753, 42.474669], [1.4913685, 42.47414], [1.4908456, 42.4749994]], "mood_vectors": [[0.6814, 0.0755, 0.043, 0.0611, 0.0589, 0.0444, 0.0356], [0.7131, 0.0526, 0.0458, 0.0408, 0.0254, 0.0538, 0.0685], [0.6362, 0.0571, 0.0639, 0.0557, 0.0833, 0.0736, 0.0302], [0.7341, 0.0195, 0.0415, 0.0475, 0.0391, 0.0682, 0.0501], [0.6557, 0.0452, 0.0377, 0.0822, 0.0649, 0.0592, 0.0551], [0.7001, 0.0313, 0.0406, 0.0645, 0.0742, 0.0206, 0.0686], [0.726, 0.0229, 0.0688, 0.0415, 0.0499, 0.0485, 0.0424], [0.6913, 0.0654, 0.0551, 0.0423, 0.0597, 0.0601, 0.0261], [0.7773, 0.0207, 0.0352, 0.0307, 0.0172, 0.0352, 0.0837], [0.6797, 0.0303, 0.0518, 0.0831, 0.0214, 0.0613, 0.0723], [0.7366, 0.0687, 0.0217, 0.0745, 0.0381, 0.0403, 0.0202], [0.6974, 0.0489, 0.0309, 0.0737, 0.0686, 0.0644, 0.016], [0.7745, 0.0333, 0.0199, 0.0472, 0.024, 0.022, 0.0791], [0.6916, 0.0263, 0.0509, 0.0601, 0.0669, 0.0518, 0.0524], [0.7327, 0.0601, 0.029, 0.0182, 0.0313, 0.0628, 0.0658], [0.7052, 0.0787, 0.0565, 0.0513, 0.0141, 0.0686, 0.0256], [0.7399, 0.0766, 0.0421, 0.0184, 0.04, 0.0508, 0.0322], [0.6943, 0.0649, 0.0419, 0.0314, 0.0432, 0.0544, 0.0699], [0.7361, 0.0307, 0.0177, 0.0895, 0.0319, 0.0297, 0.0645], [0.7295, 0.0165, 0.0822, 0.0274, 0.0273, 0.053, 0.0641], [0.653, 0.0747, 0.0461, 0.0566, 0.0551, 0.0681, 0.0463], [0.7013, 0.0228, 0.0228, 0.0214, 0.065, 0.1004, 0.0663], [0.7439, 0.0535, 0.0563, 0.0404, 0.0147, 0.0674, 0.0239], [0.6938, 0.0368, 0.0607, 0.0608, 0.0269, 0.0762, 0.0448], [0.6313, 0.0635, 0.0277, 0.0858, 0.0485, 0.0711, 0.0723], [0.6496, 0.0518, 0.0499, 0.0854, 0.0773, 0.0469, 0.0391], [0.721, 0.0458, 0.054, 0.0131, 0.0304, 0.0716, 0.0641], [0.7532, 0.0577, 0.02, 0.0456, 0.0194, 0.0226, 0.0815], [0.6248, 0.0604, 0.0859, 0.0481, 0.0955, 0.0457, 0.0396], [0.7172, 0.0212, 0.0818, 0.021, 0.0768, 0.0565, 0.0254], [0.7491, 0.0332, 0.059, 0.0767, 0.0409, 0.0222, 0.0189], [0.7013, 0.0157, 0.078, 0.0251, 0.072, 0.029, 0.0789], [0.6988, 0.0619, 0.08, 0.0355, 0.0426, 0.0166, 0.0647], [0.7652, 0.0547, 0.0332, 0.0262, 0.0549, 0.0419, 0.024], [0.671, 0.0591, 0.0476, 0.0406, 0.0632, 0.0644, 0.0541], [0.7168, 0.0382, 0.0239, 0.0691, 0.0636, 0.0177, 0.0707], [0.6968, 0.0508, 0.0728, 0.0774, 0.0193, 0.0289, 0.0539], [0.6702, 0.0536, 0.0562, 0.0289, 0.0622, 0.0508, 0.0781], [0.6705, 0.0285, 0.0604, 0.0733, 0.0742, 0.0585, 0.0346], [0.6443, 0.0659, 0.0906, 0.0294, 0.063, 0.0741, 0.0328], [0.7295, 0.0523, 0.0207, 0.0556, 0.0147, 0.0744, 0.0528], [0.6885, 0.0716, 0.0701, 0.0566, 0.0286, 0.0434, 0.0412], [0.684, 0.0952, 0.0195, 0.0516, 0.0735, 0.0583, 0.018], [0.6492, 0.0611, 0.0594, 0.034, 0.0638, 0.068, 0.0645], [0.7301, 0.0477, 0.0454, 0.0367, 0.0642, 0.0404, 0.0357], [0.7399, 0.0481, 0.0394, 0.0691, 0.0184, 0.0585, 0.0267], [0.7602, 0.047, 0.0491, 0.042, 0.0475, 0.0203, 0.0338], [0.7067, 0.0846, 0.0304, 0.053, 0.048, 0.054, 0.0232], [0.6923, 0.0784, 0.0456, 0.0404, 0.0157, 0.0889, 0.0387], [0.6857, 0.0575, 0.0416, 0.0553, 0.0729, 0.0451, 0.0419], [0.6575, 0.0824, 0.0512, 0.0588, 0.0314, 0.0673, 0.0514], [0.7196, 0.0587, 0.0183, 0.0562, 0.0616, 0.0403, 0.0453], [0.7528, 0.027, 0.03, 0.0869, 0.0166, 0.028, 0.0586], [0.6748, 0.0694, 0.0577, 0.0273, 0.0417, 0.0483, 0.0807], [0.6833, 0.0668, 0.0214, 0.0757, 0.0783, 0.0587, 0.016], [0.7345, 0.0202, 0.0269, 0.0409, 0.0806, 0.0786, 0.0182], [0.678, 0.0777, 0.0208, 0.0803, 0.0272, 0.0765, 0.0394], [0.6972, 0.0763, 0.0457, 0.0234, 0.0468, 0.058, 0.0526], [0.7444, 0.0245, 0.0152, 0.0422, 0.0259, 0.0708, 0.0771], [0.682, 0.0472, 0.0599, 0.0441, 0.0441, 0.0805, 0.0422], [0.7056, 0.0566, 0.0703, 0.037, 0.0611, 0.024, 0.0455], [0.7449, 0.0243, 0.0541, 0.0237, 0.0495, 0.0397, 0.0638], [0.7345, 0.0408, 0.0249, 0.044, 0.0702, 0.0537, 0.0319], [0.6336, 0.0698, 0.0662, 0.0543, 0.0536, 0.0927, 0.0298], [0.7207, 0.022, 0.0708, 0.0397, 0.0747, 0.0331, 0.039], [0.6721, 0.0381, 0.0748, 0.0557, 0.0693, 0.0665, 0.0234], [0.704, 0.0747, 0.0211, 0.077, 0.0242, 0.0259, 0.0731], [0.6785, 0.0294, 0.085, 0.0232, 0.0754, 0.0498, 0.0587], [0.761, 0.0578, 0.0827, 0.0415, 0.0206, 0.0227, 0.0137], [0.6898, 0.0534, 0.048, 0.0349, 0.0806, 0.0732, 0.0201], [0.8051, 0.0202, 0.0334, 0.024, 0.042, 0.0597, 0.0155], [0.6174, 0.0607, 0.0448, 0.0664, 0.0821, 0.0435, 0.085], [0.7691, 0.0674, 0.0119, 0.0579, 0.0197, 0.0585, 0.0155], [0.7488, 0.0556, 0.0385, 0.0139, 0.0571, 0.0544, 0.0316], [0.5906, 0.0777, 0.0783, 0.0906, 0.0203, 0.0674, 0.075], [0.6755, 0.0304, 0.0417, 0.0464, 0.0229, 0.0842, 0.0989], [0.7006, 0.0743, 0.0486, 0.059, 0.0202, 0.0609, 0.0364], [0.6691, 0.0788, 0.0184, 0.0975, 0.0247, 0.0178, 0.0938], [0.7516, 0.0179, 0.0223, 0.0878, 0.0603, 0.0337, 0.0265], [0.7513, 0.0742, 0.0523, 0.0122, 0.0216, 0.0481, 0.0404]], "emotions": ["red", "red", "red", "red", "red", "red", "red", "red", "red", "red", "red", "red", "red", "red", "red", "red", "red", "red", "red", "red", "red", "red", "red", "red", "red", "red", "red", "red", "red", "red", "red", "red", "red", "red", "red", "red", "red", "red", "red", "red", "red", "red", "red", "red", "red", "red", "red", "red", "red", "red", "red", "red", "red", "red", "red", "red", "red", "red", "red", "red", "red", "red", "red", "red", "red", "red", "red", "red", "red", "red", "red", "red", "red", "red", "red", "red", "red", "red", "red", "red"], "timestamps": [0, 40, 80, 120, 160, 200, 240, 280, 320, 360, 400, 440, 480, 520, 560, 600, 640, 680, 720, 760, 800, 840, 880, 920, 960, 1000, 1040, 1080, 1120, 1160, 1200, 1240, 1280, 1320, 1360, 1400, 1440, 1480, 1520, 1560, 1600, 1640, 1680, 1720, 1760, 1800, 1840, 1880, 1920, 1960, 2000, 2040, 2080, 2120, 2160, 2200, 2240, 2280, 2320, 2360, 2400, 2440, 2480, 2520, 2560, 2600, 2640, 2680, 2720, 2760, 2800, 2840, 2880, 2920, 2960, 3000, 3040, 3080, 3120, 3160]}], "conversation": [], "conversation_timestamps": []}