{"agent_id": "agent-orange-1948", "type": "orange", "trips": [{"trip_id": 0, "transport_method": "car", "start_time": 0, "path": [[1.5161092, 42.5049743], [1.5170003, 42.5053313], [1.518029, 42.5053995], [1.519076, 42.5055035], [1.5201126, 42.5057385], [1.5211103, 42.5060112], [1.5221134, 42.5063623], [1.5231403, 42.5066309], [1.5241728, 42.5068823], [1.5251858, 42.5070596], [1.5262419, 42.5071823], [1.5260881, 42.507188], [1.5252573, 42.5070641], [1.5263169, 42.5071511], [1.5273769, 42.5072334], [1.5283803, 42.507092], [1.5292682, 42.50651], [1.5302419, 42.5066219], [1.5311771, 42.5065579], [1.5321522, 42.5067265], [1.5321127, 42.5067186], [1.5330551, 42.5067208], [1.5340806, 42.5069833], [1.5349452, 42.5075061], [1.535976, 42.5077233], [1.5370373, 42.5077877], [1.5380279, 42.5081315], [1.5390757, 42.5082242], [1.5399575, 42.5085385], [1.5409704, 42.5087042], [1.5420142, 42.5088858], [1.5423123, 42.5089011], [1.5433687, 42.509008], [1.5443789, 42.5093032], [1.5454357, 42.5093854], [1.5458757, 42.5095751], [1.5458491, 42.5095767], [1.5462379, 42.5101782], [1.5467397, 42.5110391], [1.5477564, 42.5113439], [1.5487913, 42.5115876], [1.5497314, 42.5118526], [1.5502751, 42.5120814], [1.5502852, 42.5121003], [1.5511578, 42.5126897], [1.5512518, 42.5128188], [1.5514574, 42.5129021], [1.5523568, 42.5134587], [1.5525929, 42.5137274], [1.552726, 42.5147481], [1.553272, 42.5156476], [1.553621, 42.5166484], [1.5542618, 42.5174888], [1.5551463, 42.5180621], [1.5560362, 42.5185062], [1.5567034, 42.5193235], [1.5574065, 42.5200647], [1.5581594, 42.5208152], [1.5589565, 42.5215184], [1.5598482, 42.5220857], [1.559692, 42.5220982], [1.5606063, 42.5226245], [1.5614719, 42.5232417], [1.5622091, 42.5240011], [1.563031, 42.5246478], [1.5640141, 42.525029], [1.5650124, 42.5253194], [1.5659903, 42.5257331], [1.5668664, 42.5263295], [1.5677086, 42.5269782], [1.568656, 42.5274563], [1.569541, 42.5280272], [1.5704293, 42.5286113], [1.5712446, 42.5292831], [1.5721987, 42.5293511], [1.5729765, 42.5296961], [1.5735967, 42.5304513], [1.5744377, 42.5310889], [1.5754363, 42.5314418], [1.5764816, 42.5316356]], "mood_vectors": [[0.0517, 0.0799, 0.0132, 0.0294, 0.7663, 0.026, 0.0335], [0.0745, 0.0551, 0.0168, 0.0748, 0.7315, 0.0228, 0.0244], [0.0237, 0.0155, 0.0482, 0.0692, 0.7911, 0.0294, 0.0228], [0.0124, 0.0815, 0.0403, 0.0344, 0.7168, 0.0644, 0.0502], [0.0359, 0.0724, 0.0283, 0.0953, 0.6327, 0.034, 0.1015], [0.076, 0.0169, 0.0275, 0.024, 0.7732, 0.023, 0.0594], [0.0157, 0.0187, 0.0494, 0.0669, 0.7704, 0.0225, 0.0565], [0.0753, 0.0208, 0.0639, 0.0615, 0.6717, 0.0268, 0.0801], [0.0303, 0.0617, 0.0184, 0.0647, 0.6903, 0.0654, 0.0691], [0.0411, 0.0655, 0.0454, 0.0131, 0.7389, 0.0253, 0.0707], [0.0536, 0.0867, 0.0309, 0.0731, 0.666, 0.0306, 0.0592], [0.0214, 0.0736, 0.0544, 0.037, 0.7375, 0.0245, 0.0517], [0.0753, 0.0268, 0.0402, 0.0556, 0.6721, 0.084, 0.0461], [0.0149, 0.062, 0.0218, 0.0624, 0.7145, 0.0736, 0.0508], [0.0246, 0.0424, 0.0299, 0.084, 0.7203, 0.0152, 0.0835], [0.0282, 0.0415, 0.0517, 0.05, 0.7839, 0.0306, 0.0141], [0.1028, 0.0804, 0.0419, 0.023, 0.6708, 0.023, 0.0581], [0.0855, 0.0413, 0.0792, 0.0365, 0.6462, 0.0522, 0.059], [0.0324, 0.0141, 0.0444, 0.0747, 0.7648, 0.0128, 0.0568], [0.0606, 0.0157, 0.0669, 0.0163, 0.7913, 0.0257, 0.0236], [0.0292, 0.0429, 0.0272, 0.0536, 0.7403, 0.0419, 0.0649], [0.0468, 0.0571, 0.0232, 0.0681, 0.697, 0.0485, 0.0593], [0.0404, 0.0693, 0.0617, 0.066, 0.6277, 0.07, 0.0647], [0.0576, 0.0673, 0.0546, 0.0514, 0.7323, 0.019, 0.0178], [0.0374, 0.049, 0.0776, 0.0739, 0.6724, 0.022, 0.0677], [0.0601, 0.0794, 0.0354, 0.0299, 0.6393, 0.0869, 0.069], [0.0464, 0.0472, 0.0642, 0.0437, 0.7312, 0.0287, 0.0387], [0.0702, 0.056, 0.0207, 0.0541, 0.6755, 0.0689, 0.0546], [0.0763, 0.0594, 0.0628, 0.0169, 0.6734, 0.047, 0.0642], [0.0563, 0.024, 0.0747, 0.0694, 0.6259, 0.073, 0.0768], [0.0464, 0.044, 0.0754, 0.0532, 0.6979, 0.0536, 0.0294], [0.033, 0.0601, 0.0383, 0.0573, 0.7095, 0.0557, 0.0461], [0.0727, 0.0159, 0.0401, 0.047, 0.7235, 0.0679, 0.033], [0.0205, 0.0327, 0.0503, 0.0192, 0.7937, 0.0471, 0.0366], [0.0222, 0.0527, 0.0204, 0.0387, 0.7896, 0.0437, 0.0328], [0.0204, 0.0217, 0.0601, 0.0763, 0.6896, 0.0861, 0.0458], [0.0685, 0.0419, 0.071, 0.0537, 0.6822, 0.0528, 0.0299], [0.0519, 0.0232, 0.086, 0.0813, 0.6334, 0.0638, 0.0603], [0.034, 0.0363, 0.0502, 0.0493, 0.6786, 0.0658, 0.0858], [0.0518, 0.0759, 0.0481, 0.0582, 0.7197, 0.0186, 0.0277], [0.0846, 0.0554, 0.0429, 0.083, 0.6602, 0.0559, 0.0179], [0.0677, 0.0671, 0.0512, 0.0938, 0.6306, 0.0151, 0.0745], [0.0419, 0.0456, 0.0551, 0.0263, 0.7215, 0.0253, 0.0843], [0.0392, 0.0653, 0.0527, 0.0515, 0.6933, 0.0533, 0.0447], [0.0796, 0.0876, 0.0243, 0.0191, 0.6668, 0.0662, 0.0563], [0.0883, 0.0209, 0.0394, 0.0342, 0.6889, 0.07, 0.0584], [0.0627, 0.0425, 0.058, 0.0541, 0.6709, 0.0517, 0.0602], [0.0589, 0.0734, 0.0497, 0.0736, 0.6397, 0.0299, 0.0749], [0.0679, 0.0778, 0.0684, 0.0269, 0.6315, 0.0725, 0.0549], [0.0669, 0.0201, 0.0648, 0.0277, 0.7476, 0.0381, 0.0348], [0.034, 0.051, 0.0301, 0.0742, 0.7233, 0.0638, 0.0234], [0.0383, 0.0913, 0.0712, 0.0885, 0.6297, 0.0226, 0.0585], [0.0426, 0.0594, 0.0188, 0.0321, 0.7328, 0.0463, 0.0681], [0.062, 0.0137, 0.0634, 0.061, 0.7321, 0.0491, 0.0188], [0.0124, 0.051, 0.0629, 0.0182, 0.7335, 0.0595, 0.0625], [0.0132, 0.0573, 0.0543, 0.0454, 0.69, 0.0631, 0.0766], [0.052, 0.0978, 0.0217, 0.0957, 0.6646, 0.0406, 0.0277], [0.0321, 0.074, 0.0548, 0.0372, 0.6639, 0.0739, 0.0641], [0.0881, 0.0229, 0.0747, 0.0175, 0.7203, 0.0198, 0.0567], [0.0531, 0.0173, 0.0492, 0.0994, 0.7057, 0.0413, 0.0341], [0.072, 0.0582, 0.0517, 0.0254, 0.6998, 0.0678, 0.0252], [0.0149, 0.0561, 0.0451, 0.0121, 0.7219, 0.0776, 0.0723], [0.0616, 0.0374, 0.02, 0.0851, 0.6546, 0.0895, 0.0518], [0.0778, 0.0158, 0.0416, 0.0603, 0.682, 0.0687, 0.0537], [0.0599, 0.0565, 0.0328, 0.0844, 0.6908, 0.0464, 0.0291], [0.0535, 0.0489, 0.0401, 0.0525, 0.6822, 0.0676, 0.0552], [0.017, 0.1102, 0.0461, 0.0316, 0.6768, 0.0825, 0.0358], [0.0754, 0.052, 0.0214, 0.0357, 0.688, 0.0614, 0.0662], [0.0765, 0.0148, 0.0328, 0.0201, 0.7886, 0.0309, 0.0362], [0.0524, 0.0679, 0.0386, 0.0706, 0.7395, 0.0168, 0.0142], [0.056, 0.0497, 0.021, 0.0654, 0.7191, 0.0542, 0.0346], [0.0487, 0.0665, 0.058, 0.049, 0.6687, 0.0646, 0.0445], [0.0354, 0.0268, 0.0559, 0.0176, 0.7582, 0.0551, 0.0509], [0.0629, 0.023, 0.0677, 0.0443, 0.7054, 0.0424, 0.0543], [0.0279, 0.0359, 0.02, 0.0156, 0.8284, 0.0318, 0.0405], [0.0644, 0.0659, 0.0763, 0.0142, 0.6255, 0.0862, 0.0675], [0.0397, 0.068, 0.0153, 0.0217, 0.7585, 0.0824, 0.0146], [0.0595, 0.0241, 0.0833, 0.0138, 0.6911, 0.0805, 0.0478], [0.0306, 0.0355, 0.0409, 0.0836, 0.7304, 0.0321, 0.0468], [0.0663, 0.0532, 0.0438, 0.0726, 0.6189, 0.0665, 0.0787]], "emotions": ["red", "red", "red", "red", "red", "red", "red", "red", "red", "red", "red", "red", "red", "red", "red", "red", "red", "red", "red", "red", "red", "red", "red", "red", "red", "red", "red", "red", "red", "red", "red", "red", "red", "red", "red", "red", "red", "red", "red", "red", "red", "red", "red", "red", "red", "red", "red", "red", "red", "red", "red", "red", "red", "red", "red", "red", "red", "red", "red", "red", "red", "red", "red", "red", "red", "red", "red", "red", "red", "red", "red", "red", "red", "red", "red", "red", "red", "red", "red", "red"], "timestamps": [0, 40, 80, 120, 160, 200, 240, 280, 320, 360, 400, 440, 480, 520, 560, 600, 640, 680, 720, 760, 800, 840, 880, 920, 960, 1000, 1040, 1080, 1120, 1160, 1200, 1240, 1280, 1320, 1360, 1400, 1440, 1480, 1520, 1560, 1600, 1640, 1680, 1720, 1760, 1800, 1840, 1880, 1920, 1960, 2000, 2040, 2080, 2120, 2160, 2200, 2240, 2280, 2320, 2360, 2400, 2440, 2480, 2520, 2560, 2600, 2640, 2680, 2720, 2760, 2800, 2840, 2880, 2920, 2960, 3000, 3040, 3080, 3120, 3160]}], "conversation": [], "conversation_timestamps": []}