{"agent_id": "agent-blue-835", "type": "blue", "trips": [{"trip_id": 0, "transport_method": "car", "start_time": 0, "path": [[1.5377291, 42.5087975], [1.5377426, 42.5088431], [1.5377561, 42.5088887], [1.5377696, 42.5089344], [1.5377831, 42.50898], [1.5377966, 42.5090256], [1.5378101, 42.5090713], [1.5378236, 42.5091169], [1.5378371, 42.5091625], [1.5378506, 42.5092082], [1.5378641, 42.5092538], [1.5378776, 42.5092994], [1.5378911, 42.5093451], [1.5379051, 42.5093901], [1.5379523, 42.5093961], [1.5379995, 42.5094022], [1.5380467, 42.5094082], [1.5380939, 42.5094143], [1.5381411, 42.5094204], [1.5381883, 42.5094264], [1.5382355, 42.5094325], [1.5382827, 42.5094385], [1.5383299, 42.5094446], [1.5383771, 42.5094506], [1.5384244, 42.5094567], [1.5384716, 42.5094628], [1.5385188, 42.5094688], [1.538566, 42.5094749], [1.5386132, 42.5094809], [1.5386604, 42.509487], [1.5387076, 42.509493], [1.5387548, 42.5094991], [1.5388023, 42.5095], [1.5388498, 42.5094991], [1.5388974, 42.5094982], [1.538945, 42.5094974], [1.5389926, 42.5094965], [1.5390402, 42.5094956], [1.5390877, 42.5094947], [1.5391353, 42.5094939], [1.5391829, 42.509493], [1.5392305, 42.5094921], [1.5392781, 42.5094913], [1.5393256, 42.5094904], [1.5393732, 42.5094895], [1.5394208, 42.5094886], [1.5394684, 42.5094878], [1.539516, 42.5094869], [1.5395635, 42.509486], [1.5396111, 42.5094851], [1.5396072, 42.5094898], [1.5395605, 42.5094991], [1.5395139, 42.5095084], [1.5394672, 42.5095177], [1.5394205, 42.509527], [1.5393739, 42.5095363], [1.5393272, 42.5095456], [1.5392805, 42.5095549], [1.5392338, 42.5095643], [1.5391872, 42.5095736], [1.5391405, 42.5095829], [1.5390938, 42.5095922], [1.5390466, 42.509596], [1.538999, 42.5095963], [1.5389861, 42.5096149], [1.5390125, 42.5096545], [1.5390589, 42.5096591], [1.5391064, 42.5096617], [1.5391539, 42.5096642], [1.5392014, 42.5096667], [1.5392489, 42.5096693], [1.5392965, 42.5096718], [1.539344, 42.5096744], [1.5393915, 42.5096769], [1.539439, 42.5096795], [1.5394865, 42.509682], [1.5395341, 42.5096846], [1.5395815, 42.5096879], [1.539629, 42.5096911], [1.5396765, 42.5096943]], "mood_vectors": [[0.0763, 0.0169, 0.0253, 0.6785, 0.0287, 0.0765, 0.0979], [0.0408, 0.043, 0.0672, 0.6925, 0.0472, 0.0503, 0.059], [0.0133, 0.0543, 0.0375, 0.7432, 0.0756, 0.0298, 0.0463], [0.059, 0.0425, 0.0666, 0.673, 0.0659, 0.0332, 0.0598], [0.0404, 0.0242, 0.0441, 0.7837, 0.0339, 0.0351, 0.0385], [0.0161, 0.014, 0.0633, 0.7657, 0.0202, 0.0304, 0.0904], [0.0358, 0.0692, 0.0283, 0.6909, 0.047, 0.0918, 0.037], [0.0828, 0.0606, 0.0626, 0.6116, 0.0593, 0.0332, 0.0898], [0.0513, 0.0374, 0.0498, 0.6898, 0.0717, 0.0515, 0.0484], [0.0457, 0.0955, 0.0288, 0.69, 0.0251, 0.059, 0.0558], [0.0405, 0.0716, 0.0209, 0.783, 0.034, 0.0284, 0.0215], [0.0384, 0.0366, 0.0273, 0.7478, 0.0863, 0.0142, 0.0494], [0.0805, 0.0249, 0.0867, 0.6736, 0.0859, 0.0293, 0.0191], [0.0811, 0.0815, 0.0859, 0.5943, 0.0547, 0.0846, 0.018], [0.0357, 0.0386, 0.0426, 0.6831, 0.0711, 0.0678, 0.0611], [0.0885, 0.0649, 0.024, 0.6757, 0.0817, 0.0453, 0.0198], [0.0237, 0.0838, 0.0499, 0.6685, 0.085, 0.05, 0.0389], [0.0521, 0.0557, 0.0636, 0.678, 0.0451, 0.0432, 0.0622], [0.0649, 0.0324, 0.0697, 0.7087, 0.0527, 0.0431, 0.0286], [0.0326, 0.0202, 0.0251, 0.7602, 0.1003, 0.0441, 0.0175], [0.0208, 0.0183, 0.0267, 0.7577, 0.0401, 0.0697, 0.0666], [0.0523, 0.0626, 0.0604, 0.6758, 0.0399, 0.0683, 0.0408], [0.0542, 0.0375, 0.0712, 0.6919, 0.0147, 0.0565, 0.0739], [0.0648, 0.0188, 0.0648, 0.7111, 0.0711, 0.0171, 0.0524], [0.0163, 0.0459, 0.0681, 0.7577, 0.0436, 0.0413, 0.0271], [0.0612, 0.0694, 0.0123, 0.6749, 0.0252, 0.0768, 0.0801], [0.0322, 0.048, 0.0712, 0.6885, 0.0713, 0.0437, 0.045], [0.0252, 0.0794, 0.0816, 0.6825, 0.0214, 0.0563, 0.0535], [0.0358, 0.0327, 0.1007, 0.6572, 0.0711, 0.0499, 0.0527], [0.042, 0.023, 0.0365, 0.7068, 0.0838, 0.0562, 0.0518], [0.0162, 0.0601, 0.0276, 0.7138, 0.0547, 0.0677, 0.0599], [0.0212, 0.0674, 0.0329, 0.7103, 0.0158, 0.0633, 0.0891], [0.0495, 0.0703, 0.0438, 0.7169, 0.031, 0.0251, 0.0634], [0.0934, 0.0212, 0.0391, 0.6333, 0.08, 0.092, 0.0409], [0.0191, 0.0537, 0.0238, 0.6643, 0.0789, 0.0889, 0.0714], [0.0612, 0.0526, 0.0402, 0.6748, 0.0818, 0.0149, 0.0745], [0.0698, 0.0354, 0.055, 0.721, 0.0234, 0.0527, 0.0427], [0.0812, 0.0458, 0.044, 0.6488, 0.0762, 0.0671, 0.0368], [0.0402, 0.0612, 0.013, 0.7724, 0.0741, 0.0182, 0.0209], [0.0162, 0.0148, 0.0816, 0.7734, 0.016, 0.0223, 0.0758], [0.0656, 0.0547, 0.0142, 0.6651, 0.0734, 0.0477, 0.0792], [0.0291, 0.0434, 0.052, 0.7226, 0.0254, 0.0604, 0.0672], [0.0782, 0.0469, 0.0185, 0.7228, 0.0284, 0.0797, 0.0254], [0.0205, 0.0241, 0.0282, 0.7676, 0.0675, 0.0558, 0.0364], [0.0246, 0.0416, 0.0417, 0.6958, 0.0782, 0.0693, 0.0488], [0.0725, 0.0166, 0.0798, 0.6954, 0.0813, 0.0134, 0.0411], [0.0177, 0.0868, 0.075, 0.6492, 0.079, 0.0301, 0.0623], [0.0541, 0.0492, 0.0468, 0.7374, 0.0377, 0.063, 0.0117], [0.0195, 0.0519, 0.0133, 0.8054, 0.0204, 0.0302, 0.0592], [0.0696, 0.0483, 0.0785, 0.6917, 0.0491, 0.0324, 0.0306], [0.0654, 0.0383, 0.0147, 0.7393, 0.067, 0.0201, 0.0551], [0.0345, 0.0419, 0.0615, 0.7363, 0.0586, 0.016, 0.0511], [0.0424, 0.0253, 0.0167, 0.704, 0.0658, 0.0675, 0.0782], [0.0199, 0.0388, 0.0544, 0.7374, 0.0521, 0.0596, 0.0377], [0.0876, 0.0815, 0.0495, 0.6985, 0.0384, 0.0243, 0.0203], [0.0825, 0.0821, 0.0231, 0.6366, 0.0565, 0.0368, 0.0823], [0.0218, 0.0757, 0.0622, 0.7213, 0.021, 0.0262, 0.0717], [0.0511, 0.0378, 0.031, 0.7423, 0.0566, 0.0653, 0.0159], [0.0204, 0.0587, 0.0433, 0.6752, 0.086, 0.0224, 0.094], [0.0515, 0.0324, 0.0315, 0.7222, 0.0885, 0.0351, 0.0388], [0.0631, 0.0141, 0.0641, 0.7523, 0.0472, 0.0143, 0.0449], [0.0786, 0.0741, 0.0373, 0.6807, 0.0361, 0.014, 0.0793], [0.0587, 0.0387, 0.0354, 0.7596, 0.0127, 0.0475, 0.0474], [0.0168, 0.0253, 0.0331, 0.7715, 0.0758, 0.0434, 0.034], [0.0556, 0.0141, 0.0385, 0.7312, 0.0378, 0.0732, 0.0495], [0.0388, 0.0722, 0.0744, 0.719, 0.0367, 0.012, 0.0469], [0.0221, 0.0319, 0.078, 0.7868, 0.0143, 0.0341, 0.0328], [0.06, 0.0876, 0.0697, 0.6225, 0.0802, 0.0313, 0.0488], [0.0725, 0.0371, 0.0563, 0.7424, 0.0119, 0.0644, 0.0155], [0.0683, 0.0398, 0.0649, 0.6372, 0.085, 0.0496, 0.0552], [0.0194, 0.0193, 0.0789, 0.7274, 0.0718, 0.0308, 0.0523], [0.0587, 0.0377, 0.0358, 0.7057, 0.0558, 0.0461, 0.0602], [0.0406, 0.0734, 0.0502, 0.6804, 0.0737, 0.068, 0.0137], [0.0156, 0.0482, 0.0459, 0.6959, 0.0741, 0.0736, 0.0466], [0.0617, 0.0565, 0.083, 0.6296, 0.0764, 0.0455, 0.0474], [0.0369, 0.0602, 0.0833, 0.6595, 0.0539, 0.0306, 0.0756], [0.0837, 0.044, 0.0378, 0.6751, 0.0727, 0.0663, 0.0204], [0.0618, 0.0622, 0.0641, 0.6604, 0.0701, 0.0672, 0.0142], [0.056, 0.0206, 0.0207, 0.7114, 0.0576, 0.0596, 0.0742], [0.0507, 0.0285, 0.0742, 0.6315, 0.0482, 0.0684, 0.0985]], "emotions": ["green", "green", "green", "green", "green", "green", "green", "green", "green", "green", "green", "green", "green", "green", "green", "green", "green", "green", "green", "green", "green", "green", "green", "green", "green", "green", "green", "green", "green", "green", "green", "green", "green", "green", "green", "green", "green", "green", "green", "green", "green", "green", "green", "green", "green", "green", "green", "green", "green", "green", "green", "green", "green", "green", "green", "green", "green", "green", "green", "green", "green", "green", "green", "green", "green", "green", "green", "green", "green", "green", "green", "green", "green", "green", "green", "green", "green", "green", "green", "green"], "timestamps": [0, 40, 80, 120, 160, 200, 240, 280, 320, 360, 400, 440, 480, 520, 560, 600, 640, 680, 720, 760, 800, 840, 880, 920, 960, 1000, 1040, 1080, 1120, 1160, 1200, 1240, 1280, 1320, 1360, 1400, 1440, 1480, 1520, 1560, 1600, 1640, 1680, 1720, 1760, 1800, 1840, 1880, 1920, 1960, 2000, 2040, 2080, 2120, 2160, 2200, 2240, 2280, 2320, 2360, 2400, 2440, 2480, 2520, 2560, 2600, 2640, 2680, 2720, 2760, 2800, 2840, 2880, 2920, 2960, 3000, 3040, 3080, 3120, 3160]}], "conversation": [], "conversation_timestamps": []}