{
  "agent_id": "agent-type-purple-29",
  "type": "purple",
  "trips": [
    {
      "trip_id": 0,
      "transport_method": "bicycle",
      "start_time": 0,
      "path": [
        [
          1.5195424,
          42.50781979999999
        ],
        [
          1.5195904545161976,
          42.50809052865702
        ],
        [
          1.5196385090323952,
          42.50836125731405
        ],
        [
          1.5196658364514068,
          42.50851521402893
        ],
        [
          1.5196177819352092,
          42.508244485371904
        ],
        [
          1.5195697274190116,
          42.507973756714875
        ],
        [
          1.5194356039947476,
          42.507871374337526
        ],
        [
          1.5191880039416286,
          42.50799094630732
        ],
        [
          1.5189404038885095,
          42.50811051827711
        ],
        [
          1.5186928038353904,
          42.50823009024689
        ],
        [
          1.5186449656065937,
          42.50839205200331
        ],
        [
          1.5186577322373975,
          42.508407126200844
        ],
        [
          1.5184769444836805,
          42.5082000050547
        ],
        [
          1.518292512023106,
          42.507996073914974
        ],
        [
          1.5183963204374684,
          42.50811085722474
        ],
        [
          1.518587346960797,
          42.5082810178863
        ],
        [
          1.518834947013916,
          42.508161445916514
        ],
        [
          1.5190825470670348,
          42.50804187394672
        ],
        [
          1.519330147120154,
          42.50792230197694
        ],
        [
          1.5195773772366261,
          42.50780198427009
        ],
        [
          1.5198223859557018,
          42.50767718855766
        ],
        [
          1.5200798764292494,
          42.50758426679043
        ],
        [
          1.5200872787801385,
          42.50745122681778
        ],
        [
          1.519826521912965,
          42.50736422090914
        ],
        [
          1.5195766685721512,
          42.50724978323734
        ],
        [
          1.5193314994443003,
          42.50712530295372
        ],
        [
          1.5190863303164497,
          42.507000822670086
        ],
        [
          1.5188390394696685,
          42.5068940800442
        ],
        [
          1.5185732032148485,
          42.506854272575424
        ],
        [
          1.5183142281727735,
          42.50676188659247
        ],
        [
          1.5180552531306983,
          42.506669500609526
        ],
        [
          1.5179133337032602,
          42.50682009805909
        ],
        [
          1.51782416685163,
          42.507080199029545
        ],
        [
          1.5177349999999998,
          42.5073403
        ]
      ],
      "emotions": [
        "red",
        "red",
        "red",
        "red",
        "red",
        "purple",
        "purple",
        "purple",
        "purple",
        "purple",
        "green",
        "green",
        "green",
        "green",
        "green",
        "purple",
        "purple",
        "purple",
        "purple",
        "purple",
        "red",
        "red",
        "red",
        "red",
        "red",
        "purple",
        "purple",
        "purple",
        "purple",
        "purple",
        "red",
        "red",
        "red",
        "red"
      ],
      "mood_vectors": [
        [
          0.30723706164523845,
          0.08462803796831722,
          0.0509142164849625,
          0.11846864394144853,
          0.2022813970288583,
          0.2066505096172087,
          0.02982013331396628
        ],
        [
          0.04446067392491261,
          0.1713716764860147,
          0.13951111191820784,
          0.1476472233750544,
          0.22528046974679192,
          0.18663804468327935,
          0.08509079986573914
        ],
        [
          0.16223848730134535,
          0.0795462055005797,
          0.09710157461051175,
          0.29397510194209314,
          0.023674829843281574,
          0.29543368758637073,
          0.048030113215817814
        ],
        [
          0.003438546594189809,
          0.2031409056232351,
          0.2495503381142482,
          0.12859849459229583,
          0.18750581963094237,
          0.09370747786045028,
          0.13405841758463832
        ],
        [
          0.1526173802386052,
          0.09998224477945195,
          0.22347246840579627,
          0.04863176669003506,
          0.19984959545407993,
          0.10926229736868218,
          0.16618424706334953
        ],
        [
          0.1423830648238126,
          0.06884805781710897,
          0.13929871195412305,
          0.1720117752475068,
          0.11244136621415816,
          0.18918364091141104,
          0.17583338303187937
        ],
        [
          0.11461765070858869,
          0.15020276216405018,
          0.19701841532628406,
          0.14565674209683568,
          0.19598750626694847,
          0.18322873414910507,
          0.013288189288187799
        ],
        [
          0.014062030251733854,
          0.19903474018176948,
          0.1600943471581499,
          0.2227258035664089,
          0.19285757063860945,
          0.15029954431546666,
          0.060925963887861825
        ],
        [
          0.1746347573785438,
          0.14532268987330138,
          0.31056971908386427,
          0.05666734943711803,
          0.025681537946228458,
          0.26878879482819573,
          0.0183351514527484
        ],
        [
          0.20715205890461158,
          0.1311314310143034,
          0.13270428058445913,
          0.1318390684599004,
          0.20650250081917296,
          0.11654583563930791,
          0.07412482457824457
        ],
        [
          0.14685533448129726,
          0.1822350975754481,
          0.07028611466391024,
          0.12011545725148119,
          0.15230838342335976,
          0.18474886113606936,
          0.14345075146843414
        ],
        [
          0.25169673541022575,
          0.06746151420581117,
          0.17676689064235152,
          0.01703989102201835,
          0.18677085991749215,
          0.27933976668927524,
          0.02092434211282586
        ],
        [
          0.10747202062089024,
          0.17127823992300853,
          0.11858416173645807,
          0.15585731005886813,
          0.16848285548092887,
          0.18766445570753193,
          0.09066095647231417
        ],
        [
          0.08782411187121467,
          0.12499882392324745,
          0.10396742310852702,
          0.059711385601032944,
          0.24989970171774742,
          0.14277163256369926,
          0.23082692121453124
        ],
        [
          0.08783489461236109,
          0.09837062562208,
          0.13918193900413656,
          0.06276462313305539,
          0.21241336871752484,
          0.197106867023383,
          0.20232768188745914
        ],
        [
          0.08511613914804246,
          0.12015219696517321,
          0.1680036272116576,
          0.10450828681657841,
          0.2214096339152881,
          0.019265652937195395,
          0.28154446300606484
        ],
        [
          0.11945074446581509,
          0.13093927961167862,
          0.11833085644447458,
          0.10785669699810281,
          0.19824044581393832,
          0.13309280665443493,
          0.1920891700115556
        ],
        [
          0.2593758036092534,
          0.02915057348252403,
          0.2648023396080422,
          0.017564284606752828,
          0.2170879013259819,
          0.09050356875682057,
          0.12151552861062499
        ],
        [
          0.006839186255639699,
          0.04406929213517478,
          0.12681842176394345,
          0.22368359033013888,
          0.24248174816715276,
          0.23898974850497,
          0.1171180128429804
        ],
        [
          0.05820806320346831,
          0.0961369472467455,
          0.09192243906357137,
          0.2748314936741649,
          0.08158717965561049,
          0.19460146075541815,
          0.20271241640102125
        ],
        [
          0.18769076520898187,
          0.09158153088139377,
          0.07581800464953521,
          0.17761365636535836,
          0.19986313965724564,
          0.17642369999791643,
          0.09100920323956872
        ],
        [
          0.15763122698038742,
          0.244420346410107,
          0.21539752783202282,
          0.08051114755568617,
          0.050719765379714385,
          0.0341509554718172,
          0.21716903037026508
        ],
        [
          0.11981875484067318,
          0.08512939031601513,
          0.06999033001010216,
          0.1513642127427262,
          0.22873466803081235,
          0.12373662833405068,
          0.2212260157256203
        ],
        [
          0.08006358751774632,
          0.134298554098104,
          0.1486684380897623,
          0.07754028205923917,
          0.20259465565490795,
          0.1837887219952997,
          0.1730457605849406
        ],
        [
          0.045414670134694406,
          0.23695725912091797,
          0.2951729586525486,
          0.0962973544033314,
          0.18521079995907014,
          0.10720934657663171,
          0.033737611152805755
        ],
        [
          0.08200265620097474,
          0.08824042102896014,
          0.10753427420276859,
          0.19551535112486945,
          0.1769452866531941,
          0.16256290414473593,
          0.18719910664449707
        ],
        [
          0.1939351216455465,
          0.24438654641548987,
          0.08325604587956652,
          0.1370063737202532,
          0.24535398566914943,
          0.033007082023630424,
          0.0630548446463641
        ],
        [
          0.0972285126499036,
          0.15721227217853947,
          0.09053725927835475,
          0.047022341311545875,
          0.13855779108166863,
          0.19600905014048475,
          0.27343277335950295
        ],
        [
          0.2273252952742441,
          0.08587974775118509,
          0.05933658287955884,
          0.25296393605913114,
          0.027540446162592394,
          0.20951690612118326,
          0.1374370857521052
        ],
        [
          0.25291133898807316,
          0.23222933522732386,
          0.021204986942763356,
          0.029408978639259183,
          0.04322629019970491,
          0.08838699771809988,
          0.33263207228477554
        ],
        [
          0.06673317857262863,
          0.23572418544937065,
          0.13645082437869144,
          0.0009662212829216183,
          0.1624401414955932,
          0.20950932076548287,
          0.1881761280553116
        ],
        [
          0.2338587073950705,
          0.07237391286210204,
          0.14888231943596114,
          0.11161950873931509,
          0.027560214433347482,
          0.2008397353640643,
          0.20486560177013946
        ],
        [
          0.17327521280307115,
          0.11397665958447444,
          0.2060655077340375,
          0.21158775501290936,
          0.09871129962641854,
          0.17969226718916353,
          0.016691298049925526
        ],
        [
          0.1976822627023329,
          0.18014824102922908,
          0.11541049407193868,
          0.05838309331492751,
          0.14903094011236284,
          0.2477791716593327,
          0.05156579710987635
        ]
      ],
      "timestamps": [
        0,
        1,
        2,
        3,
        4,
        5,
        6,
        7,
        8,
        9,
        10,
        11,
        12,
        13,
        14,
        15,
        16,
        17,
        18,
        19,
        20,
        21,
        22,
        23,
        24,
        25,
        26,
        27,
        28,
        29,
        30,
        31,
        32,
        33
      ],
      "distance": 340.9
    },
    {
      "trip_id": 1,
      "transport_method": "car",
      "start_time": 34,
      "path": [
        [
          1.5177349999999998,
          42.5073403
        ],
        [
          1.5178416978706954,
          42.50702906079837
        ],
        [
          1.517948395741391,
          42.50671782159673
        ],
        [
          1.5177300463791255,
          42.50660414619164
        ],
        [
          1.517401792372679,
          42.506582092785074
        ],
        [
          1.5170738016716627,
          42.50655608554967
        ],
        [
          1.5167458109706464,
          42.50653007831426
        ],
        [
          1.5164178202696301,
          42.50650407107886
        ],
        [
          1.5160994417784874,
          42.5065307104545
        ],
        [
          1.5158018034637342,
          42.506670944936126
        ],
        [
          1.515504165148981,
          42.50681117941775
        ],
        [
          1.5152065268342276,
          42.50695141389938
        ],
        [
          1.5153016031116011,
          42.50705082082128
        ],
        [
          1.5156217228158373,
          42.5071268316837
        ],
        [
          1.5159418425200735,
          42.50720284254612
        ],
        [
          1.5162619622243096,
          42.50727885340855
        ],
        [
          1.5165820819285458,
          42.50735486427097
        ],
        [
          1.516902201632782,
          42.507430875133394
        ],
        [
          1.5171855120386946,
          42.507591703668545
        ],
        [
          1.517458806421132,
          42.50777487810392
        ],
        [
          1.5177301573452153,
          42.50796094939142
        ],
        [
          1.5180015692450466,
          42.50814693287691
        ],
        [
          1.5182729811448779,
          42.508332916362406
        ],
        [
          1.5185762650351329,
          42.50845323949318
        ],
        [
          1.5186385670117901,
          42.50838449686339
        ],
        [
          1.5187503997090195,
          42.508202275826115
        ],
        [
          1.5190466801985618,
          42.508059194912775
        ],
        [
          1.519342960688104,
          42.50791611399943
        ],
        [
          1.5195611950522674,
          42.50792568722271
        ],
        [
          1.5196186975261337,
          42.50824964361136
        ],
        [
          1.5196762,
          42.508573600000005
        ]
      ],
      "emotions": [
        "red",
        "purple",
        "purple",
        "purple",
        "purple",
        "purple",
        "red",
        "red",
        "red",
        "red",
        "red",
        "red",
        "red",
        "red",
        "red",
        "red",
        "green",
        "green",
        "green",
        "green",
        "green",
        "purple",
        "purple",
        "purple",
        "purple",
        "purple",
        "purple",
        "purple",
        "purple",
        "purple",
        "purple"
      ],
      "mood_vectors": [
        [
          0.0763115096337664,
          0.07846632062627211,
          0.19616053702132766,
          0.1620251036234054,
          0.13236449936979375,
          0.17381000662420604,
          0.18086202310122862
        ],
        [
          0.15616044065964577,
          0.19555646732448873,
          0.12044528888603172,
          0.11343863689746936,
          0.00944851858693203,
          0.16827771525702814,
          0.23667293238840417
        ],
        [
          0.0813650821414401,
          0.26940439227818685,
          0.15201520184146827,
          0.06290588967284001,
          0.071740214020898,
          0.26286896368166207,
          0.09970025636350469
        ],
        [
          0.20465126908122752,
          0.15129243815344953,
          0.14967105447292775,
          0.09922112414139843,
          0.1486981318835225,
          0.02773883199599064,
          0.21872715027148362
        ],
        [
          0.054181747387847215,
          0.21155412277784888,
          0.1743643866560832,
          0.11499081394634281,
          0.14727321655137174,
          0.15189877195461546,
          0.14573694072589063
        ],
        [
          0.13161347041683563,
          0.14941338693158657,
          0.2712012426016187,
          0.10952879454263426,
          0.05291066498057088,
          0.15492137345220808,
          0.13041106707454586
        ],
        [
          0.2367509614427486,
          0.02742429208382211,
          0.03923227860921229,
          0.18075974397539832,
          0.20870069438638636,
          0.254026333156019,
          0.05310569634641333
        ],
        [
          0.3461654707233531,
          0.12154703284752733,
          0.20416920991611776,
          0.10113743170849131,
          0.1251238857210744,
          0.008407090525539267,
          0.09344987855789684
        ],
        [
          0.013440760400723593,
          0.0655672944220215,
          0.2531563898362637,
          0.3304181952308645,
          0.09781887284472764,
          0.23576447102653508,
          0.003834016238864037
        ],
        [
          0.26078822104615107,
          0.17905612203717036,
          0.11002384982444223,
          0.208313037017843,
          0.011842556660678316,
          0.16462184527511545,
          0.06535436813859953
        ],
        [
          0.21583715480529292,
          0.011084191422602203,
          0.06979777969079408,
          0.4618617417115058,
          0.1652866706909603,
          0.01757012416642453,
          0.05856233751242023
        ],
        [
          0.22436761540347455,
          0.018578567953905816,
          0.17263569535778883,
          0.233701662230848,
          0.15877512431565974,
          0.09809594614944384,
          0.09384538858887928
        ],
        [
          0.26643221843040255,
          0.26799521089283995,
          0.06511423777936354,
          0.05511461562303668,
          0.08739085578823919,
          0.23043221404401681,
          0.02752064744210134
        ],
        [
          0.025694270281535453,
          0.06803707069280178,
          0.19805243600461891,
          0.19772522616039503,
          0.20826307294536817,
          0.251369196443798,
          0.05085872747148263
        ],
        [
          0.235317217588361,
          0.21497113854725228,
          0.21981770276254028,
          0.11279226907017015,
          0.10270164447929864,
          0.08284465293953336,
          0.03155537461284435
        ],
        [
          0.18588557034740266,
          0.18210902775964766,
          0.16744810941680205,
          0.07595044153871958,
          0.06497847128639368,
          0.1405310325876891,
          0.1830973470633453
        ],
        [
          0.10837085701461692,
          0.10520143552006,
          0.14022283303604263,
          0.20084494320467378,
          0.17067804130190267,
          0.16486910968062238,
          0.10981278024208156
        ],
        [
          0.43593438912935584,
          0.05138875601017621,
          0.0220558781710668,
          0.006809643041022314,
          0.3464362218876813,
          0.12801137937096668,
          0.0093637323897308
        ],
        [
          0.18787007351423965,
          0.19720991286448758,
          0.016797684434303753,
          0.1952440117432835,
          0.07612094344184521,
          0.12500235356958309,
          0.20175502043225732
        ],
        [
          0.28217822711108365,
          0.16835322654372734,
          0.2913289230172571,
          0.11304963348738499,
          0.06901695715881544,
          0.044112081360863635,
          0.031960951320867924
        ],
        [
          0.03181751793087925,
          0.21460278626906426,
          0.2808765732275615,
          0.1361029213979778,
          0.18383063138641176,
          0.09761238907526369,
          0.055157180712841716
        ],
        [
          0.026352623711973965,
          0.1383708394712875,
          0.21094106287982473,
          0.1998209584522828,
          0.06326380831519673,
          0.20712251822096106,
          0.1541281889484733
        ],
        [
          0.09816521879687035,
          0.22291047034172395,
          0.04878202025477034,
          0.2401405180293259,
          0.11818332411872996,
          0.26371284336829703,
          0.008105605090282455
        ],
        [
          0.24279342758533515,
          0.10557057345029573,
          0.12478958885633651,
          0.2609200946764212,
          0.005743167774915221,
          0.16210150607733825,
          0.09808164157935792
        ],
        [
          0.30147605440749403,
          0.10252980322499672,
          0.21466085433412405,
          0.11790504251285801,
          0.10798301657738715,
          0.10358028164367766,
          0.05186494729946234
        ],
        [
          0.06546137027324017,
          0.19051935714671975,
          0.21158884195173436,
          0.04133671055495325,
          0.16553665979449333,
          0.19276609579002058,
          0.13279096448883862
        ],
        [
          0.2649083693148312,
          0.12325255679129629,
          0.0011239819472524514,
          0.19471204452809793,
          0.07039040700002706,
          0.12691944504509722,
          0.2186931953733979
        ],
        [
          0.13262401275842176,
          0.14127019899785515,
          0.2867379763919592,
          0.09280315029649006,
          0.04162945840480062,
          0.07503209795681917,
          0.22990310519365406
        ],
        [
          0.1975223301799468,
          0.017488451623063526,
          0.0352609623412644,
          0.2852702379635543,
          0.12445763294597342,
          0.2912502853408408,
          0.048750099605356784
        ],
        [
          0.25499894365139664,
          0.17435948920360916,
          0.10333666301914235,
          0.04058621096975527,
          0.22038598526053801,
          0.1741427559991178,
          0.03218995189644073
        ],
        [
          0.09752659340510951,
          0.17397949668178078,
          0.2699295587842512,
          0.2707530530820112,
          0.1275620951709392,
          0.012145208534138838,
          0.04810399434176927
        ]
      ],
      "timestamps": [
        34,
        35,
        36,
        37,
        38,
        39,
        40,
        41,
        42,
        43,
        44,
        45,
        46,
        47,
        48,
        49,
        50,
        51,
        52,
        53,
        54,
        55,
        56,
        57,
        58,
        59,
        60,
        61,
        62,
        63,
        64
      ],
      "distance": 411.9
    },
    {
      "trip_id": 2,
      "transport_method": "foot",
      "start_time": 65,
      "path": [
        [
          1.5196762,
          42.508573600000005
        ],
        [
          1.5196487974593427,
          42.508419220066166
        ],
        [
          1.5195559893980035,
          42.507812878211205
        ],
        [
          1.5201281050769226,
          42.507570639231155
        ],
        [
          1.5206910921833736,
          42.507730083343034
        ],
        [
          1.5212420069460388,
          42.50802320318338
        ],
        [
          1.5216702479414244,
          42.5083257295178
        ],
        [
          1.521156959826473,
          42.50828954190753
        ],
        [
          1.5215654580192197,
          42.50840408037442
        ],
        [
          1.5221351340975482,
          42.50838893773357
        ],
        [
          1.5222226714741804,
          42.50846083220302
        ],
        [
          1.5218237300605615,
          42.508369798229694
        ],
        [
          1.5224321315953027,
          42.50850862866242
        ],
        [
          1.521927345492617,
          42.50833433059546
        ],
        [
          1.5213590993296886,
          42.50808550338502
        ],
        [
          1.5208081845670236,
          42.507792383544675
        ],
        [
          1.5204886699377966,
          42.507455992826564
        ],
        [
          1.5210083693509375,
          42.50775537361464
        ],
        [
          1.5215187343922514,
          42.50805714448111
        ],
        [
          1.521079288100732,
          42.50770050093431
        ],
        [
          1.5215620018730185,
          42.50751256498614
        ],
        [
          1.521317371035274,
          42.507510972337464
        ],
        [
          1.5206935278948706,
          42.50749669836601
        ],
        [
          1.5209593928780183,
          42.50745966314716
        ],
        [
          1.5215834227971172,
          42.50746326545132
        ],
        [
          1.5211099472837846,
          42.50746053224454
        ],
        [
          1.520579477446769,
          42.50745794724355
        ],
        [
          1.5212034381562651,
          42.507467914667025
        ],
        [
          1.521825769593916,
          42.50748570221391
        ],
        [
          1.5218487000405752,
          42.507062444188875
        ],
        [
          1.5216121761287544,
          42.50698803260827
        ],
        [
          1.5219525482662697,
          42.50727261112441
        ],
        [
          1.5215346484889374,
          42.50728080017731
        ],
        [
          1.5211726180151937,
          42.5068372328132
        ],
        [
          1.5217116999999998,
          42.50659879999999
        ]
      ],
      "emotions": [
        "purple",
        "purple",
        "purple",
        "purple",
        "purple",
        "red",
        "red",
        "red",
        "red",
        "red",
        "purple",
        "purple",
        "purple",
        "purple",
        "purple",
        "red",
        "red",
        "red",
        "red",
        "red",
        "green",
        "green",
        "green",
        "green",
        "green",
        "red",
        "red",
        "red",
        "red",
        "red",
        "green",
        "green",
        "green",
        "green",
        "green"
      ],
      "mood_vectors": [
        [
          0.015264748364775834,
          0.0649698394792216,
          0.15517517413188592,
          0.3534655709550896,
          0.010438781228143105,
          0.11612553593927052,
          0.28456034990161333
        ],
        [
          0.07558015251881092,
          0.16868204500364953,
          0.20416684057788592,
          0.18707046840816643,
          0.21098176767543425,
          0.10595093439658274,
          0.04756779141947026
        ],
        [
          0.01548153339419128,
          0.19404820383217866,
          0.19684483563177002,
          0.2099476296735933,
          0.13133891802385897,
          0.16984629837060006,
          0.08249258107380777
        ],
        [
          0.02558371953370265,
          0.14886569508590952,
          0.22049677813258578,
          0.03753520749043173,
          0.08928651421550397,
          0.21744656839860457,
          0.26078551714326176
        ],
        [
          0.116912892548057,
          0.26399802738181666,
          0.04306896441234447,
          0.063527986464838,
          0.23896139271501524,
          0.09982265982139982,
          0.1737080766565288
        ],
        [
          0.3506727496546532,
          0.04124475551936823,
          0.11157453382423384,
          0.13613811507509357,
          0.014400388494100972,
          0.12871679589816298,
          0.21725266153438713
        ],
        [
          0.12546842689288099,
          0.021949167341124547,
          0.19530341465924056,
          0.20470940181080888,
          0.06681479035089091,
          0.18216151791571647,
          0.20359328102933774
        ],
        [
          0.1865376111109589,
          0.20187608122733547,
          0.2203464107800278,
          0.12306349984874884,
          0.048824540875226204,
          0.12855932154329003,
          0.0907925346144127
        ],
        [
          0.10707376737788929,
          0.16723007917308025,
          0.22931573208861705,
          0.10243327418215102,
          0.0043875058094713995,
          0.1701078569917018,
          0.21945178437708923
        ],
        [
          0.09054144683122206,
          0.05019759203113335,
          0.2695857366699977,
          0.08477867756959763,
          0.20946338766438094,
          0.10534293925140996,
          0.1900902199822584
        ],
        [
          0.057901629811401165,
          0.2634289695226296,
          0.10545517053890777,
          0.35355626303552895,
          0.004089027649273898,
          0.09680826222063736,
          0.11876067722162123
        ],
        [
          0.164230966118524,
          0.08533968844498588,
          0.1390572663614097,
          0.08585208090241592,
          0.13775967884655932,
          0.16931912340631966,
          0.2184411959197855
        ],
        [
          0.15070858207064075,
          0.20452047282772076,
          0.12186222898010127,
          0.13559012122222278,
          0.09694341027973521,
          0.2140294714372121,
          0.07634571318236714
        ],
        [
          0.19654513901854276,
          0.10801159084179059,
          0.033914490601031945,
          0.21190855439887324,
          0.030916240765852948,
          0.20047838244679977,
          0.21822560192710877
        ],
        [
          0.19194543022534782,
          0.13682520352518862,
          0.08852358778704125,
          0.05298879000407917,
          0.2464500520708893,
          0.1089212056067977,
          0.1743457307806561
        ],
        [
          0.17559158927781923,
          0.18952715945240609,
          0.007257999263066811,
          0.20122468693591866,
          0.1784686814793332,
          0.018890226146191756,
          0.22903965744526425
        ],
        [
          0.0020377417258677787,
          0.2736482694087,
          0.20289829055242334,
          0.24722420043694351,
          0.12391245737021067,
          0.12773294485482903,
          0.022546095651025718
        ],
        [
          0.1758327492785929,
          0.1063212067839297,
          0.2965269407252307,
          0.01358774156539965,
          0.2865643313178381,
          0.07916149504673706,
          0.04200553528227185
        ],
        [
          0.06484877367964048,
          0.035387325391026236,
          0.22846997875106378,
          0.2909369138878594,
          0.024765800660460566,
          0.34319230399267475,
          0.012398903637274795
        ],
        [
          0.07415065012641199,
          0.25050360586721876,
          0.06061218392168417,
          0.09929553899363563,
          0.2554210996145623,
          0.2057846111178792,
          0.05423231035860801
        ],
        [
          0.16463354144147696,
          0.2731351896539801,
          0.09669591952262312,
          0.17806383605590298,
          0.21407753195068652,
          0.03865239035450886,
          0.03474159102082148
        ],
        [
          0.11781706044298287,
          0.15767430613777483,
          0.18260654029633874,
          0.1326141961991484,
          0.14039998525497235,
          0.210040064051346,
          0.05884784761743679
        ],
        [
          0.18686989065592843,
          0.17006889261412927,
          0.06745632085066658,
          0.2454653305770818,
          0.12805431570022272,
          0.06841751333153807,
          0.13366773627043313
        ],
        [
          0.14324180852599674,
          0.1428212853248462,
          0.07107104003984953,
          0.106673061309586,
          0.21916434466219356,
          0.21947992939811944,
          0.09754853073940851
        ],
        [
          0.001438055824576896,
          0.2059063279897443,
          0.020203495632140245,
          0.3665029538883737,
          0.050609567223833626,
          0.1553382606107079,
          0.20000133883062338
        ],
        [
          0.11967855515427578,
          0.1301209410303096,
          0.039814112702680364,
          0.469914230344308,
          0.13399785009051296,
          0.09394764902540148,
          0.012526661652511843
        ],
        [
          0.027745048717583362,
          0.03997668558796911,
          0.2110193553636417,
          0.12265036712766036,
          0.2340328428149164,
          0.2642383351232133,
          0.10033736526501583
        ],
        [
          0.05114704669922108,
          0.09218005702574562,
          0.17329958723531713,
          0.08239371232043864,
          0.14544117113840385,
          0.1825963449437867,
          0.27294208063708686
        ],
        [
          0.13699704264209633,
          0.17583666609632728,
          0.04784435044070145,
          0.15094382352313132,
          0.11443006201533648,
          0.1681560972470902,
          0.20579195803531689
        ],
        [
          0.0759893130967177,
          0.05275402970218891,
          0.022455403656433354,
          0.2101297666306499,
          0.3078820485744512,
          0.17009152000255812,
          0.1606979183370009
        ],
        [
          0.20330139485145202,
          0.1846702361086832,
          0.10727288945635374,
          0.2793494401368239,
          0.016460771710720266,
          0.02945140421346625,
          0.17949386352250074
        ],
        [
          0.20538290814525553,
          0.20263879403237853,
          0.10564875462500253,
          0.0953784452625288,
          0.2582793515205259,
          0.004163327738225119,
          0.12850841867608365
        ],
        [
          0.2275407133777825,
          0.21302904643638831,
          0.00861845621736728,
          0.09953886165325417,
          0.10986928165759136,
          0.14480536614256384,
          0.19659827451505255
        ],
        [
          0.058466064055360464,
          0.1900360926531845,
          0.23449653039736465,
          0.12243780858021458,
          0.031485199664028206,
          0.1388814261821247,
          0.22419687846772296
        ],
        [
          0.1733548489061047,
          0.27343697019101715,
          0.026285266011470826,
          0.22805449588667584,
          0.07196728800344396,
          0.03432471868864472,
          0.19257641231264283
        ]
      ],
      "timestamps": [
        65,
        66,
        67,
        68,
        69,
        70,
        71,
        72,
        73,
        74,
        75,
        76,
        77,
        78,
        79,
        80,
        81,
        82,
        83,
        84,
        85,
        86,
        87,
        88,
        89,
        90,
        91,
        92,
        93,
        94,
        95,
        96,
        97,
        98,
        99
      ],
      "distance": 260.1
    }
  ],
  "conversation": [
    "This is giving real 'main character energy'.",
    "Should I check out that bookstore or that bakery?",
    "Is it lunch time yet?"
  ],
  "conversation_timestamps": [
    51,
    58,
    77
  ]
}
