{"agent_id": "agent-red-1461", "type": "red", "trips": [{"trip_id": 0, "transport_method": "car", "start_time": 0, "path": [[1.5358824, 42.5126839], [1.5352909, 42.5127818], [1.5347325, 42.5129947], [1.5342255, 42.5131866], [1.5338897, 42.5136638], [1.5333204, 42.5138503], [1.5327547, 42.5140353], [1.5322644, 42.5143775], [1.5318358, 42.5147813], [1.5313866, 42.5151774], [1.531257, 42.5152754], [1.5307764, 42.515634], [1.5302622, 42.5159323], [1.5297518, 42.5162284], [1.5292485, 42.5165542], [1.5286939, 42.5166853], [1.5282005, 42.5167678], [1.5276527, 42.5170066], [1.5271089, 42.517259], [1.5265561, 42.517491], [1.526026, 42.5177642], [1.5255817, 42.5181669], [1.5251141, 42.5185417], [1.5246371, 42.5189049], [1.5241559, 42.5192626], [1.5239421, 42.5198003], [1.5237546, 42.5203647], [1.5234653, 42.5208899], [1.5231379, 42.5213895], [1.5226625, 42.5217525], [1.5221819, 42.522108], [1.5218622, 42.522611], [1.5216681, 42.5231765], [1.5213012, 42.5236485], [1.5209322, 42.5241205], [1.5206656, 42.5246546], [1.5206144, 42.5252498], [1.520594, 42.525849], [1.5204598, 42.5264272], [1.5200945, 42.5269018], [1.5199608, 42.5274688], [1.5202856, 42.5279681], [1.5205916, 42.5284791], [1.5206549, 42.5290709], [1.5203965, 42.5296064], [1.5199583, 42.5299912], [1.519722, 42.5303696], [1.5198126, 42.5309512], [1.5195713, 42.5314947], [1.5195698, 42.5320823], [1.519717, 42.5326563], [1.5196769, 42.5332454], [1.5194783, 42.5338048], [1.5197701, 42.534309], [1.5201974, 42.5347296], [1.5206331, 42.5351413], [1.521095, 42.5355235], [1.5211063, 42.5359276], [1.5206657, 42.5363016], [1.5202839, 42.5367588], [1.5200071, 42.5372881], [1.5197716, 42.537839], [1.5195611, 42.5383999], [1.5194874, 42.5389928], [1.5193401, 42.539572], [1.5193808, 42.5401638], [1.5194213, 42.5407142], [1.5191426, 42.5412079], [1.5186081, 42.5414641], [1.5180629, 42.5417137], [1.5183609, 42.5415884], [1.5189126, 42.5413535], [1.5188454, 42.5413602], [1.5183034, 42.5416168], [1.5177762, 42.5418949], [1.5174312, 42.5423836], [1.5171557, 42.5429161], [1.5168019, 42.5433863], [1.516315, 42.5435387], [1.5157946, 42.5432627]], "mood_vectors": [[0.6868, 0.0455, 0.0823, 0.0473, 0.0199, 0.07, 0.0481], [0.7183, 0.0291, 0.0755, 0.0285, 0.0651, 0.0121, 0.0713], [0.7807, 0.019, 0.0772, 0.0183, 0.0133, 0.0265, 0.065], [0.7053, 0.0473, 0.0191, 0.0562, 0.0716, 0.0484, 0.0521], [0.7425, 0.0145, 0.0136, 0.0569, 0.0713, 0.0711, 0.03], [0.7326, 0.0144, 0.0229, 0.0452, 0.0726, 0.0551, 0.0572], [0.6872, 0.0712, 0.0325, 0.0878, 0.027, 0.0158, 0.0785], [0.6797, 0.0509, 0.0768, 0.0486, 0.0281, 0.0633, 0.0525], [0.7585, 0.0724, 0.0571, 0.0315, 0.0468, 0.0154, 0.0183], [0.6366, 0.0767, 0.0685, 0.0331, 0.0539, 0.0545, 0.0766], [0.7382, 0.0516, 0.0504, 0.0427, 0.0373, 0.041, 0.0388], [0.7623, 0.0112, 0.0437, 0.0184, 0.065, 0.0244, 0.075], [0.6875, 0.0499, 0.049, 0.0326, 0.0579, 0.0665, 0.0566], [0.6575, 0.0178, 0.0789, 0.0815, 0.019, 0.0677, 0.0775], [0.6776, 0.0425, 0.0961, 0.0554, 0.0271, 0.0239, 0.0773], [0.738, 0.0427, 0.0409, 0.0204, 0.068, 0.0589, 0.0311], [0.7622, 0.0646, 0.0153, 0.0341, 0.0584, 0.0319, 0.0334], [0.6847, 0.0664, 0.0178, 0.043, 0.0602, 0.0617, 0.0662], [0.7015, 0.0638, 0.0447, 0.035, 0.03, 0.0383, 0.0867], [0.6836, 0.0416, 0.0462, 0.0581, 0.0547, 0.0515, 0.0644], [0.7467, 0.0311, 0.0867, 0.0283, 0.0144, 0.0451, 0.0475], [0.7566, 0.0272, 0.0547, 0.0328, 0.0386, 0.0162, 0.0738], [0.7106, 0.0655, 0.0447, 0.0505, 0.0265, 0.0605, 0.0417], [0.7112, 0.0696, 0.0432, 0.0373, 0.0729, 0.0178, 0.048], [0.7565, 0.0308, 0.0404, 0.0229, 0.0656, 0.0674, 0.0165], [0.6877, 0.0476, 0.0137, 0.0358, 0.0721, 0.0615, 0.0815], [0.6289, 0.0213, 0.0723, 0.0426, 0.0581, 0.1015, 0.0753], [0.7307, 0.0312, 0.0229, 0.0647, 0.0598, 0.0268, 0.0639], [0.6736, 0.054, 0.015, 0.0739, 0.0687, 0.041, 0.0739], [0.6776, 0.0535, 0.0352, 0.0639, 0.0724, 0.0643, 0.033], [0.669, 0.071, 0.0513, 0.0519, 0.0297, 0.0464, 0.0806], [0.7022, 0.0263, 0.0372, 0.0774, 0.0425, 0.0611, 0.0533], [0.6372, 0.0844, 0.0189, 0.0493, 0.0677, 0.0646, 0.0779], [0.6862, 0.0909, 0.0365, 0.0661, 0.0777, 0.0153, 0.0273], [0.7027, 0.0519, 0.0357, 0.0811, 0.0408, 0.0732, 0.0146], [0.7636, 0.0723, 0.0203, 0.0469, 0.0354, 0.0426, 0.0189], [0.5804, 0.0829, 0.0617, 0.0731, 0.0764, 0.0754, 0.05], [0.6268, 0.0889, 0.0907, 0.0396, 0.0623, 0.052, 0.0395], [0.6468, 0.0254, 0.0825, 0.0784, 0.0662, 0.0608, 0.0398], [0.6207, 0.0847, 0.021, 0.0724, 0.0767, 0.0784, 0.0461], [0.7139, 0.0753, 0.0688, 0.0147, 0.0327, 0.062, 0.0327], [0.6899, 0.0274, 0.0263, 0.028, 0.1071, 0.086, 0.0352], [0.7417, 0.0127, 0.0612, 0.0369, 0.0701, 0.0489, 0.0285], [0.6319, 0.077, 0.0801, 0.0413, 0.0549, 0.0764, 0.0385], [0.6975, 0.0575, 0.0571, 0.0204, 0.0509, 0.0522, 0.0644], [0.716, 0.0396, 0.0339, 0.0571, 0.0447, 0.0311, 0.0776], [0.6754, 0.0484, 0.0497, 0.0733, 0.046, 0.068, 0.0391], [0.6635, 0.0663, 0.0704, 0.0291, 0.0352, 0.0677, 0.0679], [0.6592, 0.0603, 0.0911, 0.074, 0.0417, 0.0274, 0.0463], [0.7019, 0.0739, 0.0391, 0.0137, 0.0522, 0.0623, 0.0569], [0.6526, 0.0161, 0.0398, 0.0529, 0.0884, 0.0779, 0.0723], [0.6645, 0.0818, 0.0435, 0.0643, 0.0367, 0.0789, 0.0304], [0.7148, 0.0566, 0.0206, 0.0299, 0.0702, 0.0899, 0.018], [0.6537, 0.0771, 0.0172, 0.0821, 0.0205, 0.0855, 0.064], [0.7015, 0.0621, 0.0635, 0.0245, 0.0587, 0.0185, 0.0713], [0.6343, 0.0706, 0.0144, 0.0589, 0.0866, 0.0703, 0.065], [0.6785, 0.0847, 0.0207, 0.0167, 0.066, 0.0528, 0.0806], [0.7441, 0.0639, 0.0338, 0.0653, 0.0312, 0.0377, 0.0238], [0.8405, 0.0558, 0.0198, 0.0132, 0.0128, 0.0369, 0.021], [0.7089, 0.0607, 0.0409, 0.0525, 0.0285, 0.0503, 0.0582], [0.7186, 0.0431, 0.0759, 0.0274, 0.0363, 0.0723, 0.0263], [0.7533, 0.0125, 0.0682, 0.019, 0.0562, 0.014, 0.0768], [0.7454, 0.0514, 0.0628, 0.0364, 0.0208, 0.0222, 0.061], [0.7182, 0.0265, 0.033, 0.0788, 0.0584, 0.0146, 0.0705], [0.6885, 0.0146, 0.0223, 0.0769, 0.0404, 0.0798, 0.0775], [0.686, 0.0419, 0.0248, 0.068, 0.0563, 0.0577, 0.0654], [0.7764, 0.0557, 0.0577, 0.0313, 0.0199, 0.0258, 0.0332], [0.7249, 0.0298, 0.0657, 0.0361, 0.0716, 0.0383, 0.0336], [0.7501, 0.055, 0.0707, 0.0148, 0.0566, 0.0393, 0.0134], [0.6787, 0.0595, 0.0738, 0.0734, 0.0231, 0.0237, 0.0677], [0.6344, 0.0361, 0.0616, 0.0632, 0.0461, 0.0743, 0.0843], [0.6398, 0.0509, 0.0911, 0.0754, 0.0749, 0.0258, 0.0421], [0.7028, 0.064, 0.0729, 0.0327, 0.0616, 0.0529, 0.0131], [0.7059, 0.0884, 0.0654, 0.0232, 0.0388, 0.016, 0.0622], [0.6415, 0.0196, 0.076, 0.0194, 0.0783, 0.0893, 0.0758], [0.6656, 0.0566, 0.0538, 0.0518, 0.0418, 0.0638, 0.0665], [0.6721, 0.0206, 0.0673, 0.079, 0.0868, 0.0484, 0.026], [0.6163, 0.0899, 0.088, 0.0537, 0.092, 0.0257, 0.0344], [0.6529, 0.0199, 0.0704, 0.0976, 0.0544, 0.0505, 0.0543], [0.759, 0.0184, 0.0204, 0.061, 0.0207, 0.074, 0.0466]], "emotions": ["red", "red", "red", "red", "red", "red", "red", "red", "red", "red", "red", "red", "red", "red", "red", "red", "red", "red", "red", "red", "red", "red", "red", "red", "red", "red", "red", "red", "red", "red", "red", "red", "red", "red", "red", "red", "red", "red", "red", "red", "red", "red", "red", "red", "red", "red", "red", "red", "red", "red", "red", "red", "red", "red", "red", "red", "red", "red", "red", "red", "red", "red", "red", "red", "red", "red", "red", "red", "red", "red", "red", "red", "red", "red", "red", "red", "red", "red", "red", "red"], "timestamps": [0, 40, 80, 120, 160, 200, 240, 280, 320, 360, 400, 440, 480, 520, 560, 600, 640, 680, 720, 760, 800, 840, 880, 920, 960, 1000, 1040, 1080, 1120, 1160, 1200, 1240, 1280, 1320, 1360, 1400, 1440, 1480, 1520, 1560, 1600, 1640, 1680, 1720, 1760, 1800, 1840, 1880, 1920, 1960, 2000, 2040, 2080, 2120, 2160, 2200, 2240, 2280, 2320, 2360, 2400, 2440, 2480, 2520, 2560, 2600, 2640, 2680, 2720, 2760, 2800, 2840, 2880, 2920, 2960, 3000, 3040, 3080, 3120, 3160]}], "conversation": [], "conversation_timestamps": []}