{"agent_id": "agent-orange-1563", "type": "orange", "trips": [{"trip_id": 0, "transport_method": "foot", "start_time": 0, "path": [[1.5255533, 42.5093375], [1.52575, 42.5093372], [1.5259315, 42.509411], [1.5261058, 42.5095041], [1.5262867, 42.509584], [1.5264684, 42.5096617], [1.5266541, 42.5097276], [1.5268487, 42.5097523], [1.5270445, 42.5097282], [1.5272398, 42.5096973], [1.5274353, 42.5096715], [1.5276237, 42.5097165], [1.5278028, 42.5098003], [1.527983, 42.5098815], [1.528165, 42.5099586], [1.528347, 42.5100358], [1.528529, 42.5101129], [1.528711, 42.5101901], [1.528893, 42.5102672], [1.5290742, 42.5103462], [1.5292554, 42.5104253], [1.5294372, 42.5105011], [1.5295725, 42.5104473], [1.5294758, 42.5102795], [1.5293303, 42.5101458], [1.5291877, 42.5100088], [1.5290451, 42.5098719], [1.5289025, 42.509735], [1.5287599, 42.5095981], [1.5286174, 42.5094611], [1.5284775, 42.5093271], [1.5286118, 42.5094722], [1.5287461, 42.5096172], [1.5288988, 42.5097407], [1.5290645, 42.5098467], [1.5291683, 42.5100122], [1.5293067, 42.5101494], [1.5293291, 42.5101367], [1.5291952, 42.5099913], [1.5290612, 42.5098459], [1.5289273, 42.5097005], [1.5287933, 42.5095552], [1.5286594, 42.5094098], [1.5285254, 42.5092644], [1.5283915, 42.509119], [1.52834, 42.5089732], [1.5285177, 42.5089416], [1.5287118, 42.5089042], [1.5289055, 42.5088647], [1.5290982, 42.5088209], [1.529291, 42.5087772], [1.5294838, 42.5087334], [1.5296766, 42.5086897], [1.5298693, 42.5086459], [1.5300464, 42.5087237], [1.5302226, 42.5088134], [1.5304007, 42.508899], [1.5305913, 42.5088767], [1.5307842, 42.5088338], [1.5309757, 42.5088763], [1.5311669, 42.5089262], [1.5313582, 42.5089761], [1.5315495, 42.509026], [1.5316401, 42.5089453], [1.5316406, 42.5087476], [1.531641, 42.5085499], [1.5316414, 42.5083523], [1.5317372, 42.5082572], [1.5319344, 42.5082714], [1.5321315, 42.5082855], [1.5323287, 42.5082997], [1.5325256, 42.5083173], [1.5327218, 42.5083408], [1.5329181, 42.5083647], [1.5331139, 42.5083919], [1.5333097, 42.5084192], [1.5335055, 42.5084464], [1.5337013, 42.5084737], [1.533897, 42.5085009], [1.5340928, 42.5085282]], "mood_vectors": [[0.0707, 0.0481, 0.0252, 0.021, 0.7509, 0.0286, 0.0555], [0.0726, 0.0816, 0.0711, 0.0175, 0.6593, 0.0463, 0.0515], [0.0457, 0.0648, 0.0432, 0.0709, 0.7103, 0.0154, 0.0496], [0.0534, 0.0407, 0.0666, 0.0639, 0.7183, 0.0147, 0.0425], [0.0389, 0.0865, 0.0173, 0.0658, 0.7219, 0.0516, 0.018], [0.0142, 0.0319, 0.0345, 0.073, 0.7804, 0.0195, 0.0466], [0.073, 0.0433, 0.0294, 0.0262, 0.7175, 0.0401, 0.0706], [0.042, 0.0339, 0.0461, 0.0161, 0.7387, 0.0291, 0.0941], [0.0442, 0.0669, 0.0284, 0.0318, 0.7033, 0.0516, 0.0738], [0.0556, 0.0794, 0.0587, 0.0236, 0.6315, 0.0796, 0.0716], [0.02, 0.0673, 0.0722, 0.0263, 0.6836, 0.0666, 0.064], [0.0482, 0.0444, 0.0419, 0.0852, 0.6547, 0.0571, 0.0686], [0.0341, 0.0637, 0.0776, 0.0194, 0.6964, 0.0381, 0.0707], [0.0798, 0.05, 0.0207, 0.0696, 0.6757, 0.0427, 0.0615], [0.0494, 0.0397, 0.0227, 0.0701, 0.6651, 0.0788, 0.0742], [0.0671, 0.0569, 0.0178, 0.0382, 0.7254, 0.0676, 0.0271], [0.0154, 0.0593, 0.0862, 0.0166, 0.6885, 0.0897, 0.0442], [0.0608, 0.0379, 0.0191, 0.0251, 0.7142, 0.0711, 0.0718], [0.0571, 0.0693, 0.0353, 0.0783, 0.6433, 0.0582, 0.0584], [0.0562, 0.0293, 0.0267, 0.0689, 0.7535, 0.0283, 0.0371], [0.0708, 0.0527, 0.0171, 0.0256, 0.7159, 0.0386, 0.0792], [0.0765, 0.0308, 0.0645, 0.0616, 0.6618, 0.0409, 0.0639], [0.0272, 0.0728, 0.0866, 0.034, 0.6332, 0.0788, 0.0673], [0.0582, 0.0142, 0.0164, 0.0823, 0.6673, 0.0886, 0.073], [0.0677, 0.0484, 0.0322, 0.0125, 0.7773, 0.0185, 0.0434], [0.019, 0.0532, 0.0123, 0.0636, 0.771, 0.0457, 0.0352], [0.0301, 0.027, 0.0424, 0.0418, 0.7631, 0.0439, 0.0518], [0.0337, 0.0915, 0.091, 0.023, 0.6405, 0.0817, 0.0387], [0.0632, 0.0239, 0.0322, 0.0981, 0.6995, 0.0508, 0.0323], [0.0163, 0.0562, 0.0519, 0.04, 0.7631, 0.0517, 0.0208], [0.0358, 0.0161, 0.057, 0.0674, 0.6745, 0.0713, 0.0779], [0.0637, 0.0467, 0.0699, 0.0544, 0.6808, 0.0396, 0.045], [0.0396, 0.0349, 0.07, 0.0412, 0.7018, 0.0643, 0.0481], [0.0394, 0.0836, 0.022, 0.0759, 0.6827, 0.0681, 0.0283], [0.0291, 0.0125, 0.072, 0.0316, 0.7779, 0.0202, 0.0568], [0.0426, 0.0406, 0.0246, 0.0191, 0.8072, 0.0228, 0.043], [0.053, 0.038, 0.0845, 0.0523, 0.6377, 0.093, 0.0415], [0.0858, 0.0397, 0.0229, 0.0955, 0.6745, 0.0348, 0.0468], [0.0582, 0.0637, 0.0187, 0.0497, 0.6606, 0.0969, 0.0522], [0.0805, 0.039, 0.0717, 0.0729, 0.631, 0.0518, 0.0531], [0.0397, 0.0301, 0.0498, 0.0764, 0.7363, 0.0343, 0.0335], [0.0637, 0.0437, 0.0231, 0.0811, 0.6628, 0.0451, 0.0805], [0.0567, 0.0711, 0.0429, 0.0358, 0.6569, 0.0564, 0.0802], [0.0526, 0.0712, 0.0317, 0.0505, 0.6945, 0.0582, 0.0412], [0.0797, 0.0713, 0.0163, 0.0183, 0.6653, 0.0738, 0.0753], [0.0669, 0.0739, 0.0263, 0.0599, 0.6989, 0.0146, 0.0595], [0.0169, 0.0318, 0.0239, 0.0746, 0.7511, 0.053, 0.0487], [0.0449, 0.0392, 0.0326, 0.0577, 0.7109, 0.0651, 0.0496], [0.0451, 0.0167, 0.0736, 0.0711, 0.6434, 0.0727, 0.0774], [0.0475, 0.0711, 0.0581, 0.0834, 0.6822, 0.0145, 0.0432], [0.0554, 0.0189, 0.0315, 0.032, 0.7835, 0.0566, 0.022], [0.0545, 0.0206, 0.0487, 0.0737, 0.7225, 0.0257, 0.0542], [0.0229, 0.0298, 0.0296, 0.0418, 0.7048, 0.0797, 0.0914], [0.0461, 0.0629, 0.058, 0.0801, 0.6224, 0.0851, 0.0454], [0.0413, 0.0216, 0.041, 0.0256, 0.7504, 0.0435, 0.0766], [0.0244, 0.0347, 0.0997, 0.0775, 0.6487, 0.097, 0.0179], [0.0499, 0.0431, 0.0278, 0.0581, 0.7331, 0.0542, 0.0338], [0.0422, 0.0299, 0.0209, 0.0537, 0.7468, 0.0719, 0.0345], [0.0231, 0.0198, 0.0262, 0.0216, 0.8529, 0.0223, 0.0342], [0.0152, 0.0942, 0.0683, 0.0715, 0.6836, 0.051, 0.0162], [0.0144, 0.0619, 0.0203, 0.0274, 0.7443, 0.0682, 0.0635], [0.0643, 0.0644, 0.0325, 0.073, 0.6582, 0.0824, 0.0251], [0.0184, 0.062, 0.069, 0.0646, 0.7187, 0.0299, 0.0373], [0.0479, 0.0422, 0.0182, 0.0638, 0.7019, 0.0745, 0.0515], [0.0989, 0.0882, 0.0161, 0.0485, 0.6807, 0.0423, 0.0253], [0.0681, 0.0719, 0.0649, 0.0729, 0.6914, 0.0195, 0.0113], [0.0456, 0.0367, 0.0569, 0.0553, 0.7518, 0.0131, 0.0405], [0.0706, 0.0286, 0.0646, 0.0139, 0.6893, 0.0624, 0.0707], [0.0787, 0.0383, 0.0655, 0.0218, 0.7098, 0.0661, 0.0199], [0.023, 0.04, 0.0723, 0.0518, 0.6888, 0.044, 0.08], [0.0541, 0.0431, 0.0688, 0.041, 0.6582, 0.0672, 0.0676], [0.075, 0.0257, 0.0632, 0.0595, 0.6988, 0.0607, 0.017], [0.0417, 0.0351, 0.0235, 0.0263, 0.7431, 0.0918, 0.0386], [0.0407, 0.0613, 0.0547, 0.054, 0.6539, 0.0822, 0.0532], [0.0373, 0.0525, 0.0533, 0.0756, 0.6272, 0.0836, 0.0705], [0.0676, 0.0595, 0.0642, 0.0221, 0.6643, 0.0381, 0.0843], [0.0602, 0.0354, 0.0256, 0.0631, 0.6865, 0.0922, 0.0369], [0.0419, 0.0809, 0.0606, 0.0745, 0.6203, 0.0544, 0.0674], [0.0455, 0.0582, 0.0638, 0.0699, 0.6687, 0.0332, 0.0608], [0.0201, 0.0801, 0.0412, 0.0275, 0.7416, 0.0679, 0.0216]], "emotions": ["red", "red", "red", "red", "red", "red", "red", "red", "red", "red", "red", "red", "red", "red", "red", "red", "red", "red", "red", "red", "red", "red", "red", "red", "red", "red", "red", "red", "red", "red", "red", "red", "red", "red", "red", "red", "red", "red", "red", "red", "red", "red", "red", "red", "red", "red", "red", "red", "red", "red", "red", "red", "red", "red", "red", "red", "red", "red", "red", "red", "red", "red", "red", "red", "red", "red", "red", "red", "red", "red", "red", "red", "red", "red", "red", "red", "red", "red", "red", "red"], "timestamps": [0, 40, 80, 120, 160, 200, 240, 280, 320, 360, 400, 440, 480, 520, 560, 600, 640, 680, 720, 760, 800, 840, 880, 920, 960, 1000, 1040, 1080, 1120, 1160, 1200, 1240, 1280, 1320, 1360, 1400, 1440, 1480, 1520, 1560, 1600, 1640, 1680, 1720, 1760, 1800, 1840, 1880, 1920, 1960, 2000, 2040, 2080, 2120, 2160, 2200, 2240, 2280, 2320, 2360, 2400, 2440, 2480, 2520, 2560, 2600, 2640, 2680, 2720, 2760, 2800, 2840, 2880, 2920, 2960, 3000, 3040, 3080, 3120, 3160]}], "conversation": [], "conversation_timestamps": []}