{"agent_id": "agent-red-846", "type": "red", "trips": [{"trip_id": 0, "transport_method": "foot", "start_time": 0, "path": [[1.6049274, 42.5697942], [1.6039196, 42.5683707], [1.6021809, 42.5677655], [1.6007077, 42.5666055], [1.6009774, 42.5665356], [1.6007012, 42.5667099], [1.5991964, 42.5656306], [1.5978849, 42.56439], [1.5960555, 42.5643492], [1.5942995, 42.563695], [1.5933318, 42.5621228], [1.5937227, 42.5605661], [1.5932902, 42.5589028], [1.592309, 42.5576784], [1.5916781, 42.5562913], [1.5912105, 42.5544853], [1.590712, 42.5532402], [1.5916916, 42.5517485], [1.5920331, 42.5499196], [1.5923272, 42.5481574], [1.5916179, 42.5465215], [1.5917569, 42.5447378], [1.591579, 42.542932], [1.5922681, 42.5412732], [1.59185, 42.5395755], [1.5912943, 42.5378714], [1.5895937, 42.5370604], [1.5884727, 42.5356547], [1.5873634, 42.5347191], [1.5871616, 42.5346989], [1.5855803, 42.5336814], [1.5849804, 42.5332283], [1.5835087, 42.5320599], [1.5816945, 42.5317002], [1.5798098, 42.5317698], [1.5779248, 42.5317816], [1.5760529, 42.5315622], [1.5743715, 42.5308419], [1.5732174, 42.5297866], [1.5744864, 42.5311132], [1.5737305, 42.5302548], [1.5721578, 42.5293518], [1.5705377, 42.5287825], [1.5699184, 42.5282753], [1.5712897, 42.5293516], [1.5697199, 42.5283059], [1.5681501, 42.5272603], [1.5684509, 42.5273561], [1.5682116, 42.5272134], [1.5666475, 42.5261595], [1.5649771, 42.5253086], [1.5632209, 42.5247206], [1.5618062, 42.5235329], [1.5602631, 42.5224661], [1.5587753, 42.5213705], [1.5574109, 42.5200693], [1.5566418, 42.519166], [1.5566838, 42.5192872], [1.5555433, 42.5182031], [1.5548331, 42.5177874], [1.5538981, 42.5170806], [1.5539565, 42.5169926], [1.553079, 42.515357], [1.5525583, 42.5136338], [1.5510153, 42.5125808], [1.549369, 42.5117353], [1.5475376, 42.5112848], [1.5462481, 42.5101872], [1.5458074, 42.5095459], [1.5439743, 42.5092175], [1.5421427, 42.5088985], [1.540557, 42.5085799], [1.538719, 42.5082275], [1.5376855, 42.5080642], [1.5362027, 42.5078048], [1.5344354, 42.5071733], [1.5354673, 42.5076171], [1.5337243, 42.5069022], [1.5319209, 42.5066835], [1.53029, 42.507121]], "mood_vectors": [[0.764, 0.0308, 0.0734, 0.0268, 0.0175, 0.0411, 0.0464], [0.6898, 0.0204, 0.0734, 0.0597, 0.063, 0.0557, 0.0381], [0.7833, 0.0143, 0.0149, 0.0811, 0.044, 0.016, 0.0464], [0.7954, 0.0283, 0.0124, 0.0534, 0.0512, 0.0152, 0.0441], [0.761, 0.0559, 0.0175, 0.0684, 0.0434, 0.0319, 0.0219], [0.7003, 0.0305, 0.0352, 0.0421, 0.0758, 0.047, 0.0691], [0.6911, 0.0637, 0.0421, 0.069, 0.041, 0.0726, 0.0206], [0.7373, 0.0684, 0.0535, 0.071, 0.0167, 0.0234, 0.0298], [0.6873, 0.0266, 0.0315, 0.05, 0.0402, 0.1017, 0.0628], [0.6485, 0.0496, 0.0688, 0.0681, 0.0727, 0.0483, 0.0441], [0.7323, 0.0701, 0.02, 0.0257, 0.07, 0.0686, 0.0133], [0.7512, 0.0407, 0.0735, 0.0255, 0.0352, 0.0333, 0.0404], [0.7353, 0.0675, 0.0288, 0.0571, 0.0478, 0.0306, 0.0328], [0.8053, 0.0316, 0.0294, 0.026, 0.0269, 0.0662, 0.0145], [0.7005, 0.0382, 0.0643, 0.0158, 0.0412, 0.0954, 0.0446], [0.753, 0.0142, 0.0838, 0.0228, 0.049, 0.0332, 0.0441], [0.7106, 0.0496, 0.0736, 0.059, 0.024, 0.0166, 0.0664], [0.7375, 0.0361, 0.0769, 0.0877, 0.0174, 0.0302, 0.0142], [0.5839, 0.0875, 0.0833, 0.0187, 0.062, 0.0865, 0.078], [0.699, 0.0605, 0.0295, 0.0443, 0.0687, 0.0609, 0.037], [0.6714, 0.0714, 0.0417, 0.0377, 0.0572, 0.0717, 0.0488], [0.6548, 0.064, 0.0309, 0.062, 0.0567, 0.0433, 0.0882], [0.732, 0.037, 0.0509, 0.0458, 0.0582, 0.0475, 0.0286], [0.7416, 0.0684, 0.0412, 0.0509, 0.0441, 0.0268, 0.027], [0.7741, 0.0486, 0.0478, 0.0131, 0.0292, 0.0363, 0.0509], [0.7288, 0.0611, 0.0812, 0.0496, 0.0256, 0.039, 0.0148], [0.7483, 0.0437, 0.0203, 0.0437, 0.0256, 0.0163, 0.1022], [0.6213, 0.1019, 0.0209, 0.0902, 0.0893, 0.023, 0.0535], [0.6397, 0.0665, 0.0504, 0.0552, 0.0671, 0.0599, 0.0612], [0.6841, 0.0743, 0.0601, 0.0308, 0.03, 0.0459, 0.0749], [0.6939, 0.0499, 0.0533, 0.0189, 0.042, 0.0745, 0.0674], [0.7383, 0.0577, 0.0784, 0.0113, 0.0467, 0.0555, 0.012], [0.7089, 0.0465, 0.0313, 0.0222, 0.0671, 0.051, 0.0729], [0.6784, 0.0688, 0.0838, 0.0356, 0.0266, 0.0233, 0.0834], [0.6598, 0.0484, 0.0967, 0.022, 0.087, 0.0661, 0.02], [0.7756, 0.0713, 0.0229, 0.0219, 0.0145, 0.0418, 0.0519], [0.7265, 0.0375, 0.0825, 0.0538, 0.0395, 0.0278, 0.0324], [0.7715, 0.0455, 0.0174, 0.0767, 0.0221, 0.0513, 0.0154], [0.7528, 0.0185, 0.0167, 0.0487, 0.0506, 0.049, 0.0637], [0.6862, 0.0547, 0.0377, 0.0485, 0.0704, 0.0475, 0.0549], [0.6554, 0.0481, 0.0817, 0.0797, 0.0726, 0.0188, 0.0437], [0.6967, 0.0684, 0.0323, 0.0743, 0.0279, 0.0645, 0.036], [0.7041, 0.0466, 0.018, 0.05, 0.0636, 0.0709, 0.0468], [0.7022, 0.0239, 0.0815, 0.0154, 0.0737, 0.0661, 0.0371], [0.7582, 0.0552, 0.0134, 0.055, 0.0264, 0.0402, 0.0516], [0.6726, 0.0685, 0.0692, 0.0287, 0.0494, 0.0422, 0.0694], [0.6868, 0.0239, 0.0826, 0.0835, 0.0834, 0.0159, 0.0238], [0.6926, 0.0424, 0.0807, 0.0334, 0.0474, 0.0174, 0.0861], [0.7538, 0.0156, 0.0592, 0.0135, 0.029, 0.0694, 0.0596], [0.7263, 0.0445, 0.0781, 0.0474, 0.0576, 0.0188, 0.0274], [0.6084, 0.0527, 0.0836, 0.0245, 0.0645, 0.0809, 0.0853], [0.6252, 0.0243, 0.0469, 0.0312, 0.0912, 0.0921, 0.0892], [0.7484, 0.0458, 0.0519, 0.0753, 0.0207, 0.0215, 0.0363], [0.661, 0.0523, 0.0678, 0.0264, 0.0754, 0.0678, 0.0494], [0.6741, 0.0698, 0.018, 0.0657, 0.0381, 0.0956, 0.0388], [0.6583, 0.0814, 0.0358, 0.0642, 0.0311, 0.061, 0.0681], [0.7931, 0.028, 0.0164, 0.0399, 0.0405, 0.0528, 0.0292], [0.7563, 0.0385, 0.0444, 0.0554, 0.0428, 0.0475, 0.0151], [0.6677, 0.0304, 0.0788, 0.0733, 0.0393, 0.0924, 0.0181], [0.7368, 0.0418, 0.0682, 0.033, 0.0701, 0.0325, 0.0176], [0.7598, 0.0487, 0.0699, 0.0193, 0.0526, 0.0317, 0.018], [0.7236, 0.018, 0.0658, 0.0425, 0.0685, 0.0619, 0.0198], [0.7867, 0.0403, 0.0538, 0.0271, 0.0169, 0.0249, 0.0504], [0.6959, 0.0784, 0.0579, 0.0502, 0.0176, 0.0626, 0.0375], [0.7474, 0.0241, 0.0576, 0.0697, 0.0364, 0.016, 0.049], [0.6379, 0.0683, 0.0558, 0.0357, 0.0652, 0.0778, 0.0594], [0.6764, 0.0242, 0.0704, 0.0508, 0.0377, 0.0701, 0.0704], [0.7011, 0.0485, 0.0663, 0.034, 0.0292, 0.0751, 0.0457], [0.7447, 0.0358, 0.0335, 0.0366, 0.058, 0.0193, 0.0721], [0.8087, 0.0271, 0.0264, 0.0479, 0.0205, 0.0295, 0.04], [0.713, 0.0445, 0.0473, 0.0202, 0.0551, 0.0497, 0.0701], [0.7124, 0.0341, 0.0588, 0.0284, 0.0424, 0.0566, 0.0674], [0.7321, 0.0504, 0.0626, 0.0391, 0.0324, 0.0153, 0.0681], [0.7347, 0.0258, 0.0434, 0.0442, 0.0261, 0.0538, 0.0721], [0.6715, 0.0636, 0.0484, 0.0422, 0.069, 0.047, 0.0583], [0.6736, 0.1003, 0.0402, 0.0882, 0.0295, 0.0369, 0.0312], [0.7045, 0.0531, 0.0457, 0.0726, 0.0181, 0.0551, 0.0509], [0.688, 0.0331, 0.0868, 0.0635, 0.0687, 0.0153, 0.0445], [0.7143, 0.04, 0.0406, 0.0534, 0.0744, 0.0331, 0.0442], [0.7861, 0.0455, 0.017, 0.0269, 0.0599, 0.0332, 0.0314]], "emotions": ["red", "red", "red", "red", "red", "red", "red", "red", "red", "red", "red", "red", "red", "red", "red", "red", "red", "red", "red", "red", "red", "red", "red", "red", "red", "red", "red", "red", "red", "red", "red", "red", "red", "red", "red", "red", "red", "red", "red", "red", "red", "red", "red", "red", "red", "red", "red", "red", "red", "red", "red", "red", "red", "red", "red", "red", "red", "red", "red", "red", "red", "red", "red", "red", "red", "red", "red", "red", "red", "red", "red", "red", "red", "red", "red", "red", "red", "red", "red", "red"], "timestamps": [0, 40, 80, 120, 160, 200, 240, 280, 320, 360, 400, 440, 480, 520, 560, 600, 640, 680, 720, 760, 800, 840, 880, 920, 960, 1000, 1040, 1080, 1120, 1160, 1200, 1240, 1280, 1320, 1360, 1400, 1440, 1480, 1520, 1560, 1600, 1640, 1680, 1720, 1760, 1800, 1840, 1880, 1920, 1960, 2000, 2040, 2080, 2120, 2160, 2200, 2240, 2280, 2320, 2360, 2400, 2440, 2480, 2520, 2560, 2600, 2640, 2680, 2720, 2760, 2800, 2840, 2880, 2920, 2960, 3000, 3040, 3080, 3120, 3160]}], "conversation": [], "conversation_timestamps": []}