{"agent_id": "agent-red-716", "type": "red", "trips": [{"trip_id": 0, "transport_method": "foot", "start_time": 0, "path": [[1.5137599, 42.5028955], [1.5145855, 42.5036371], [1.515411, 42.5043787], [1.5162888, 42.5050412], [1.5172303, 42.5053926], [1.5183031, 42.5054137], [1.5194004, 42.5055691], [1.5204791, 42.5058285], [1.5215073, 42.5061605], [1.5225636, 42.5064994], [1.5236446, 42.5067439], [1.5247323, 42.5068564], [1.5257919, 42.50713], [1.5264934, 42.5072194], [1.5253918, 42.5070898], [1.5260045, 42.5071254], [1.5271105, 42.5072163], [1.5281912, 42.5072054], [1.5291303, 42.506616], [1.5301354, 42.5065519], [1.5311033, 42.5065913], [1.5321183, 42.5067329], [1.5321017, 42.5067236], [1.5331116, 42.5067361], [1.5341845, 42.5069682], [1.5350845, 42.5075656], [1.5361737, 42.5077353], [1.5372591, 42.5078736], [1.5383187, 42.5081449], [1.5394097, 42.5082717], [1.5402961, 42.508623], [1.5413971, 42.508762], [1.542103, 42.5088958], [1.5428351, 42.5089277], [1.5439035, 42.5091926], [1.5449948, 42.5093331], [1.5460503, 42.5096342], [1.5455272, 42.5094302], [1.5464151, 42.5100033], [1.5465437, 42.5108705], [1.5475497, 42.511288], [1.5486282, 42.511549], [1.5496981, 42.5118404], [1.5502059, 42.5120534], [1.5502598, 42.5120885], [1.5511718, 42.5127016], [1.5512048, 42.512774], [1.551546, 42.5129697], [1.5524729, 42.5135649], [1.5527007, 42.5138956], [1.5528099, 42.5149825], [1.5533887, 42.5159202], [1.5538006, 42.5169408], [1.5545727, 42.5177246], [1.5555406, 42.5182034], [1.5563786, 42.5188462], [1.5570364, 42.5196808], [1.5578104, 42.5204759], [1.5586214, 42.521233], [1.5594964, 42.5219089], [1.5594153, 42.5218884], [1.5603356, 42.5224964], [1.5612669, 42.5230916], [1.5620829, 42.5238361], [1.5628825, 42.5245856], [1.5639188, 42.5249651], [1.5649472, 42.5252994], [1.5659711, 42.5257231], [1.5668859, 42.5263448], [1.5677677, 42.5270181], [1.5687608, 42.5275097], [1.5696783, 42.5281174], [1.5706055, 42.5287272], [1.5712639, 42.5294659], [1.5703983, 42.530138], [1.5707972, 42.5311446], [1.5713241, 42.5321184], [1.5721697, 42.5327897], [1.5730424, 42.5333948], [1.5740111, 42.5338064]], "mood_vectors": [[0.7683, 0.0158, 0.0126, 0.0744, 0.0201, 0.055, 0.0537], [0.7309, 0.0499, 0.0462, 0.058, 0.0205, 0.0234, 0.0712], [0.6465, 0.0519, 0.0477, 0.0712, 0.0591, 0.066, 0.0576], [0.6607, 0.0834, 0.0265, 0.0523, 0.0547, 0.0602, 0.062], [0.6855, 0.064, 0.0491, 0.0133, 0.064, 0.052, 0.0722], [0.7685, 0.0117, 0.037, 0.0251, 0.055, 0.0435, 0.0592], [0.7369, 0.059, 0.0795, 0.017, 0.0553, 0.0365, 0.0157], [0.6789, 0.0595, 0.0593, 0.0145, 0.0562, 0.0633, 0.0685], [0.7245, 0.0264, 0.0664, 0.016, 0.0506, 0.048, 0.0683], [0.7465, 0.072, 0.0152, 0.0842, 0.0323, 0.0131, 0.0367], [0.6536, 0.054, 0.0662, 0.0593, 0.0665, 0.0509, 0.0495], [0.7051, 0.0757, 0.0515, 0.0632, 0.0264, 0.0462, 0.0318], [0.6508, 0.086, 0.0809, 0.0901, 0.0319, 0.044, 0.0163], [0.7318, 0.0738, 0.015, 0.0387, 0.0383, 0.031, 0.0715], [0.7322, 0.0304, 0.0494, 0.0617, 0.0392, 0.0444, 0.0427], [0.7853, 0.0273, 0.0196, 0.0449, 0.0762, 0.0227, 0.024], [0.7141, 0.0612, 0.0392, 0.0633, 0.0554, 0.0335, 0.0332], [0.7188, 0.0527, 0.0243, 0.0657, 0.0823, 0.0187, 0.0377], [0.7098, 0.0639, 0.0686, 0.025, 0.0409, 0.0714, 0.0204], [0.6927, 0.0842, 0.0327, 0.063, 0.0371, 0.0744, 0.016], [0.7386, 0.0217, 0.0936, 0.0177, 0.0344, 0.0371, 0.0569], [0.8411, 0.0169, 0.0283, 0.0342, 0.0174, 0.0248, 0.0372], [0.7329, 0.0757, 0.0308, 0.0363, 0.0387, 0.0328, 0.0527], [0.675, 0.0499, 0.0169, 0.058, 0.0881, 0.024, 0.088], [0.6695, 0.0328, 0.0429, 0.019, 0.0873, 0.0704, 0.078], [0.7639, 0.0233, 0.0203, 0.0157, 0.0646, 0.0964, 0.0158], [0.7675, 0.0676, 0.0344, 0.0222, 0.0139, 0.0747, 0.0198], [0.6532, 0.0893, 0.0553, 0.0865, 0.0327, 0.0398, 0.0433], [0.6862, 0.0758, 0.0823, 0.0645, 0.0182, 0.0219, 0.0512], [0.6112, 0.0764, 0.0775, 0.0388, 0.0376, 0.0832, 0.0753], [0.6434, 0.0916, 0.074, 0.0549, 0.0875, 0.032, 0.0166], [0.7421, 0.0227, 0.0204, 0.0471, 0.0865, 0.0519, 0.0292], [0.6869, 0.0332, 0.0611, 0.0413, 0.0581, 0.0433, 0.076], [0.7463, 0.0179, 0.0319, 0.0428, 0.0226, 0.0737, 0.0647], [0.7473, 0.0457, 0.0125, 0.0544, 0.0496, 0.0361, 0.0544], [0.6684, 0.0658, 0.0406, 0.0801, 0.0499, 0.0202, 0.075], [0.7279, 0.0491, 0.0281, 0.0324, 0.0192, 0.0707, 0.0724], [0.689, 0.0263, 0.0225, 0.0192, 0.1009, 0.0829, 0.0591], [0.624, 0.0549, 0.0667, 0.0672, 0.0602, 0.086, 0.041], [0.6741, 0.0711, 0.0456, 0.0497, 0.0649, 0.0237, 0.0709], [0.7844, 0.0297, 0.0154, 0.0505, 0.0399, 0.0427, 0.0373], [0.7987, 0.0218, 0.0178, 0.0253, 0.0272, 0.0659, 0.0433], [0.7398, 0.0442, 0.0821, 0.0367, 0.038, 0.0388, 0.0202], [0.7506, 0.0662, 0.0524, 0.0503, 0.0252, 0.0208, 0.0344], [0.6894, 0.0588, 0.0466, 0.0158, 0.0767, 0.0383, 0.0743], [0.7591, 0.0441, 0.0644, 0.0125, 0.024, 0.0701, 0.0258], [0.6497, 0.0646, 0.0395, 0.0435, 0.0697, 0.0607, 0.0723], [0.71, 0.0229, 0.0374, 0.037, 0.0617, 0.0619, 0.069], [0.7543, 0.0714, 0.0675, 0.0481, 0.0291, 0.0166, 0.013], [0.6734, 0.0574, 0.0617, 0.0538, 0.0601, 0.029, 0.0646], [0.6918, 0.0782, 0.0146, 0.0789, 0.0404, 0.0605, 0.0356], [0.7482, 0.0145, 0.0475, 0.0558, 0.0374, 0.0161, 0.0805], [0.6905, 0.0571, 0.0684, 0.0324, 0.0413, 0.0401, 0.0702], [0.7204, 0.0173, 0.0548, 0.0601, 0.0465, 0.0757, 0.0252], [0.7051, 0.0221, 0.0712, 0.0176, 0.051, 0.0486, 0.0844], [0.6289, 0.0257, 0.064, 0.0945, 0.0849, 0.0846, 0.0173], [0.6334, 0.0743, 0.0608, 0.0532, 0.0758, 0.072, 0.0306], [0.7076, 0.03, 0.0317, 0.0211, 0.0792, 0.0737, 0.0566], [0.6478, 0.0717, 0.0665, 0.0399, 0.053, 0.0546, 0.0666], [0.6712, 0.0636, 0.0266, 0.0204, 0.0781, 0.0636, 0.0766], [0.6277, 0.0881, 0.055, 0.0603, 0.0867, 0.017, 0.0651], [0.7128, 0.0445, 0.0372, 0.072, 0.0779, 0.0257, 0.0301], [0.5923, 0.0952, 0.0194, 0.0759, 0.077, 0.0525, 0.0877], [0.653, 0.058, 0.0675, 0.0167, 0.0781, 0.0668, 0.0599], [0.7306, 0.0302, 0.0388, 0.027, 0.0886, 0.0341, 0.0507], [0.7035, 0.027, 0.0357, 0.078, 0.0797, 0.0154, 0.0607], [0.578, 0.022, 0.0819, 0.0697, 0.0863, 0.0916, 0.0704], [0.7477, 0.0554, 0.0245, 0.0189, 0.0486, 0.0312, 0.0736], [0.6366, 0.0774, 0.0813, 0.0436, 0.0613, 0.0774, 0.0224], [0.715, 0.0184, 0.0638, 0.0126, 0.0527, 0.0673, 0.0702], [0.7236, 0.0209, 0.0649, 0.0301, 0.0287, 0.0724, 0.0594], [0.6356, 0.0782, 0.0861, 0.0214, 0.0792, 0.0262, 0.0734], [0.6214, 0.0585, 0.053, 0.0746, 0.0724, 0.0402, 0.0799], [0.6789, 0.1094, 0.0327, 0.0261, 0.029, 0.0789, 0.0451], [0.6999, 0.0253, 0.0664, 0.0695, 0.0307, 0.0382, 0.07], [0.6919, 0.0303, 0.1005, 0.0668, 0.0486, 0.0303, 0.0315], [0.6721, 0.0571, 0.0906, 0.0414, 0.0663, 0.0553, 0.0173], [0.7474, 0.0573, 0.0458, 0.0434, 0.0654, 0.02, 0.0208], [0.6664, 0.0185, 0.0562, 0.0553, 0.0688, 0.0334, 0.1014], [0.6335, 0.0453, 0.0773, 0.0396, 0.0781, 0.0743, 0.0519]], "emotions": ["red", "red", "red", "red", "red", "red", "red", "red", "red", "red", "red", "red", "red", "red", "red", "red", "red", "red", "red", "red", "red", "red", "red", "red", "red", "red", "red", "red", "red", "red", "red", "red", "red", "red", "red", "red", "red", "red", "red", "red", "red", "red", "red", "red", "red", "red", "red", "red", "red", "red", "red", "red", "red", "red", "red", "red", "red", "red", "red", "red", "red", "red", "red", "red", "red", "red", "red", "red", "red", "red", "red", "red", "red", "red", "red", "red", "red", "red", "red", "red"], "timestamps": [0, 40, 80, 120, 160, 200, 240, 280, 320, 360, 400, 440, 480, 520, 560, 600, 640, 680, 720, 760, 800, 840, 880, 920, 960, 1000, 1040, 1080, 1120, 1160, 1200, 1240, 1280, 1320, 1360, 1400, 1440, 1480, 1520, 1560, 1600, 1640, 1680, 1720, 1760, 1800, 1840, 1880, 1920, 1960, 2000, 2040, 2080, 2120, 2160, 2200, 2240, 2280, 2320, 2360, 2400, 2440, 2480, 2520, 2560, 2600, 2640, 2680, 2720, 2760, 2800, 2840, 2880, 2920, 2960, 3000, 3040, 3080, 3120, 3160]}], "conversation": [], "conversation_timestamps": []}