{"agent_id": "agent-orange-1308", "type": "orange", "trips": [{"trip_id": 0, "transport_method": "bicycle", "start_time": 0, "path": [[1.542547, 42.5120895], [1.5425683, 42.5120628], [1.5425964, 42.5120424], [1.5426245, 42.5120221], [1.5426435, 42.5119942], [1.5426581, 42.5119627], [1.542669, 42.5119298], [1.5426811, 42.5118982], [1.5427095, 42.5118782], [1.5427408, 42.5118645], [1.5427676, 42.5118474], [1.5427817, 42.5118157], [1.5427918, 42.5117825], [1.5427928, 42.5117484], [1.542787, 42.5117149], [1.5427661, 42.5116871], [1.5427452, 42.5116594], [1.5427302, 42.5116285], [1.5427182, 42.5115959], [1.5427199, 42.5115618], [1.5427244, 42.5115274], [1.5427257, 42.5114933], [1.5427147, 42.5114604], [1.5427026, 42.5114283], [1.5426753, 42.5114068], [1.5426467, 42.5113879], [1.5426135, 42.5113778], [1.5425803, 42.5113676], [1.5425472, 42.5113575], [1.5425139, 42.5113476], [1.54248, 42.51134], [1.5424462, 42.5113325], [1.5424123, 42.511325], [1.5423784, 42.5113174], [1.5423445, 42.5113099], [1.5423107, 42.5113024], [1.5422768, 42.5112948], [1.5422429, 42.5112873], [1.5422116, 42.5112731], [1.5421813, 42.5112562], [1.5421509, 42.5112393], [1.5421216, 42.5112209], [1.5420943, 42.5111995], [1.542067, 42.5111781], [1.5420528, 42.5111483], [1.5420445, 42.5111146], [1.5420362, 42.5110809], [1.5420279, 42.5110472], [1.5420197, 42.5110135], [1.5420114, 42.5109798], [1.5419975, 42.5109485], [1.5419789, 42.5109191], [1.5419604, 42.5108898], [1.5419418, 42.5108605], [1.5419232, 42.5108312], [1.5419047, 42.5108019], [1.5419101, 42.5107685], [1.5419181, 42.5107348], [1.5419261, 42.510701], [1.5419341, 42.5106672], [1.5419421, 42.5106335], [1.5419501, 42.5105997], [1.5419581, 42.5105659], [1.5419661, 42.5105322], [1.5419742, 42.5104984], [1.5419822, 42.5104646], [1.5419902, 42.5104309], [1.5419982, 42.5103971], [1.5420127, 42.5103659], [1.5420299, 42.5103358], [1.542047, 42.5103056], [1.5420642, 42.5102754], [1.5420814, 42.5102453], [1.5420986, 42.5102151], [1.5421157, 42.510185], [1.5421329, 42.5101548], [1.5421501, 42.5101247], [1.5421673, 42.5100945], [1.5421844, 42.5100644], [1.5422016, 42.5100342]], "mood_vectors": [[0.0279, 0.0637, 0.0343, 0.0277, 0.7272, 0.0741, 0.0451], [0.0348, 0.0975, 0.0779, 0.0285, 0.6661, 0.0328, 0.0624], [0.0658, 0.091, 0.0171, 0.0477, 0.6695, 0.0287, 0.0803], [0.0658, 0.054, 0.0188, 0.0482, 0.7307, 0.0701, 0.0124], [0.0687, 0.0176, 0.0806, 0.0589, 0.687, 0.0338, 0.0534], [0.0134, 0.0155, 0.0491, 0.0446, 0.7319, 0.0699, 0.0756], [0.0148, 0.0209, 0.0836, 0.0837, 0.7039, 0.0136, 0.0796], [0.0372, 0.0788, 0.0162, 0.0227, 0.7593, 0.0719, 0.0139], [0.0271, 0.028, 0.0242, 0.0647, 0.7157, 0.0983, 0.042], [0.0712, 0.036, 0.0483, 0.0267, 0.7151, 0.0603, 0.0424], [0.0507, 0.0898, 0.0488, 0.0353, 0.7038, 0.0424, 0.0293], [0.0583, 0.0642, 0.019, 0.0558, 0.6914, 0.0591, 0.0521], [0.0184, 0.0441, 0.0153, 0.0153, 0.7883, 0.0364, 0.0822], [0.0745, 0.055, 0.0573, 0.0146, 0.6915, 0.0162, 0.0909], [0.0223, 0.0742, 0.0187, 0.0477, 0.73, 0.0571, 0.05], [0.0441, 0.033, 0.0654, 0.0234, 0.7499, 0.0331, 0.051], [0.0388, 0.0348, 0.0678, 0.0571, 0.6771, 0.0853, 0.0391], [0.0596, 0.0607, 0.0285, 0.0439, 0.6935, 0.0672, 0.0465], [0.0412, 0.0822, 0.0209, 0.0266, 0.7182, 0.0756, 0.0354], [0.0132, 0.0719, 0.0112, 0.0736, 0.7371, 0.0397, 0.0533], [0.0498, 0.0678, 0.056, 0.0693, 0.6862, 0.0148, 0.056], [0.0488, 0.0553, 0.0683, 0.0466, 0.6537, 0.0725, 0.0548], [0.0737, 0.0554, 0.0652, 0.0576, 0.6798, 0.0286, 0.0398], [0.0607, 0.0618, 0.0583, 0.0127, 0.7425, 0.0342, 0.0298], [0.0413, 0.0807, 0.0661, 0.0482, 0.602, 0.0912, 0.0704], [0.0296, 0.0651, 0.0372, 0.0523, 0.7225, 0.0643, 0.029], [0.0645, 0.0406, 0.0278, 0.0384, 0.7301, 0.0193, 0.0792], [0.0443, 0.0426, 0.0636, 0.0564, 0.7046, 0.0207, 0.0679], [0.0608, 0.0711, 0.042, 0.0648, 0.6846, 0.0564, 0.0203], [0.0304, 0.0779, 0.0676, 0.0245, 0.6636, 0.0539, 0.082], [0.0824, 0.0234, 0.0256, 0.0674, 0.716, 0.0437, 0.0415], [0.0329, 0.0195, 0.0579, 0.0221, 0.7657, 0.0608, 0.0411], [0.059, 0.0663, 0.0635, 0.0504, 0.6588, 0.0255, 0.0764], [0.0222, 0.028, 0.0452, 0.0299, 0.766, 0.0682, 0.0405], [0.0424, 0.0777, 0.0771, 0.0194, 0.6997, 0.0146, 0.0692], [0.0608, 0.0694, 0.0673, 0.0347, 0.6482, 0.0955, 0.024], [0.0362, 0.0837, 0.0305, 0.0724, 0.7031, 0.0382, 0.0358], [0.0666, 0.0486, 0.0601, 0.0324, 0.7404, 0.0398, 0.0122], [0.0518, 0.0679, 0.0405, 0.0449, 0.6939, 0.0761, 0.0248], [0.0492, 0.0591, 0.0299, 0.0568, 0.671, 0.0732, 0.0609], [0.0678, 0.0409, 0.0546, 0.0359, 0.7474, 0.0333, 0.0201], [0.0628, 0.0192, 0.0721, 0.0617, 0.6572, 0.0779, 0.0492], [0.0754, 0.0173, 0.0396, 0.0433, 0.7558, 0.0318, 0.0367], [0.0387, 0.0846, 0.0658, 0.0411, 0.6648, 0.0712, 0.0339], [0.0768, 0.0156, 0.0284, 0.0674, 0.7194, 0.0626, 0.0298], [0.0728, 0.064, 0.042, 0.0473, 0.6328, 0.0638, 0.0773], [0.0314, 0.0637, 0.0757, 0.0269, 0.7381, 0.0475, 0.0167], [0.0355, 0.0504, 0.0786, 0.0315, 0.6449, 0.0813, 0.0778], [0.044, 0.0176, 0.0381, 0.0219, 0.7476, 0.0648, 0.0661], [0.0762, 0.0157, 0.0354, 0.0243, 0.7194, 0.0773, 0.0518], [0.0963, 0.0542, 0.0371, 0.0338, 0.7191, 0.0395, 0.02], [0.0656, 0.0188, 0.0206, 0.0335, 0.7262, 0.086, 0.0492], [0.0466, 0.0699, 0.0665, 0.0605, 0.6403, 0.027, 0.0892], [0.038, 0.0236, 0.0768, 0.0711, 0.6714, 0.0541, 0.0651], [0.0176, 0.0702, 0.0395, 0.0964, 0.7332, 0.0177, 0.0254], [0.0444, 0.0729, 0.0282, 0.05, 0.7127, 0.0623, 0.0294], [0.0601, 0.0275, 0.0484, 0.0407, 0.7067, 0.0608, 0.0558], [0.0309, 0.0761, 0.0689, 0.0526, 0.6376, 0.0789, 0.055], [0.0432, 0.0346, 0.0488, 0.0231, 0.7078, 0.0822, 0.0604], [0.0939, 0.0619, 0.024, 0.0849, 0.6008, 0.0661, 0.0685], [0.017, 0.013, 0.0622, 0.0211, 0.8144, 0.0272, 0.045], [0.041, 0.0452, 0.0476, 0.0378, 0.6991, 0.0693, 0.0601], [0.0618, 0.0382, 0.103, 0.0455, 0.6725, 0.0189, 0.06], [0.0168, 0.0454, 0.0151, 0.0537, 0.7193, 0.0569, 0.0927], [0.0665, 0.0427, 0.0285, 0.0318, 0.6813, 0.0615, 0.0878], [0.0841, 0.0746, 0.0431, 0.0599, 0.673, 0.0147, 0.0505], [0.018, 0.025, 0.0266, 0.0872, 0.7167, 0.0505, 0.076], [0.0504, 0.0796, 0.0356, 0.0342, 0.7302, 0.0486, 0.0212], [0.0586, 0.0459, 0.0253, 0.0274, 0.7456, 0.0322, 0.065], [0.0446, 0.0871, 0.0863, 0.0429, 0.6132, 0.081, 0.0449], [0.095, 0.0193, 0.0186, 0.0511, 0.7342, 0.0361, 0.0457], [0.036, 0.0548, 0.0606, 0.0747, 0.7103, 0.0368, 0.0269], [0.016, 0.0291, 0.0614, 0.0494, 0.7047, 0.0717, 0.0677], [0.0524, 0.016, 0.0554, 0.0729, 0.7071, 0.0702, 0.026], [0.0637, 0.021, 0.0557, 0.0375, 0.7716, 0.0182, 0.0322], [0.0621, 0.0499, 0.0742, 0.0376, 0.6744, 0.0738, 0.028], [0.0353, 0.0159, 0.0202, 0.0406, 0.7726, 0.0359, 0.0795], [0.0555, 0.0412, 0.0529, 0.0372, 0.7657, 0.0213, 0.0263], [0.0134, 0.0364, 0.0691, 0.0306, 0.7203, 0.0593, 0.0709], [0.0451, 0.0384, 0.029, 0.0894, 0.6848, 0.0453, 0.068]], "emotions": ["red", "red", "red", "red", "red", "red", "red", "red", "red", "red", "red", "red", "red", "red", "red", "red", "red", "red", "red", "red", "red", "red", "red", "red", "red", "red", "red", "red", "red", "red", "red", "red", "red", "red", "red", "red", "red", "red", "red", "red", "red", "red", "red", "red", "red", "red", "red", "red", "red", "red", "red", "red", "red", "red", "red", "red", "red", "red", "red", "red", "red", "red", "red", "red", "red", "red", "red", "red", "red", "red", "red", "red", "red", "red", "red", "red", "red", "red", "red", "red"], "timestamps": [0, 40, 80, 120, 160, 200, 240, 280, 320, 360, 400, 440, 480, 520, 560, 600, 640, 680, 720, 760, 800, 840, 880, 920, 960, 1000, 1040, 1080, 1120, 1160, 1200, 1240, 1280, 1320, 1360, 1400, 1440, 1480, 1520, 1560, 1600, 1640, 1680, 1720, 1760, 1800, 1840, 1880, 1920, 1960, 2000, 2040, 2080, 2120, 2160, 2200, 2240, 2280, 2320, 2360, 2400, 2440, 2480, 2520, 2560, 2600, 2640, 2680, 2720, 2760, 2800, 2840, 2880, 2920, 2960, 3000, 3040, 3080, 3120, 3160]}], "conversation": [], "conversation_timestamps": []}