{"agent_id": "agent-purple-1144", "type": "purple", "trips": [{"trip_id": 0, "transport_method": "bicycle", "start_time": 0, "path": [[1.5832352, 42.5367356], [1.5831962, 42.5366625], [1.5831659, 42.5365914], [1.5832317, 42.5365411], [1.5832975, 42.5364908], [1.5833632, 42.5364405], [1.5834292, 42.5363915], [1.5835084, 42.5364158], [1.5835875, 42.5364401], [1.5836666, 42.5364645], [1.5837458, 42.5364888], [1.583825, 42.536513], [1.5839042, 42.5365371], [1.5839834, 42.5365612], [1.5840626, 42.5365854], [1.5841418, 42.5366095], [1.5842215, 42.5366316], [1.5843031, 42.5366452], [1.5843858, 42.5366433], [1.5844685, 42.53664], [1.584544, 42.5366728], [1.5846102, 42.5367221], [1.5846757, 42.5367663], [1.5847568, 42.5367654], [1.5847936, 42.5366913], [1.5848305, 42.5366171], [1.5848674, 42.536543], [1.5849042, 42.5364688], [1.5849411, 42.5363947], [1.5849779, 42.5363206], [1.5850148, 42.5362464], [1.5850542, 42.5361736], [1.5850943, 42.5361012], [1.5851343, 42.5360287], [1.5851744, 42.5359563], [1.5852145, 42.5358838], [1.5852546, 42.5358114], [1.5852947, 42.5357389], [1.5853347, 42.5356665], [1.5853748, 42.535594], [1.5854279, 42.5355387], [1.5854976, 42.5355064], [1.5855294, 42.53543], [1.5855612, 42.5353535], [1.585593, 42.5352771], [1.5856248, 42.5352006], [1.5856565, 42.5351242], [1.5856883, 42.5350477], [1.5856981, 42.5350243], [1.5856663, 42.5351008], [1.5856345, 42.5351772], [1.5856027, 42.5352537], [1.5855709, 42.5353301], [1.5855391, 42.5354066], [1.5855073, 42.535483], [1.585495, 42.5354845], [1.5855043, 42.5354022], [1.5855136, 42.53532], [1.5855229, 42.5352377], [1.5855323, 42.5351554], [1.5855416, 42.5350731], [1.5855509, 42.5349909], [1.5855603, 42.5349086], [1.5855696, 42.5348263], [1.5855789, 42.5347441], [1.5855883, 42.5346618], [1.5855976, 42.5345795], [1.5856007, 42.5344997], [1.5855387, 42.5344447], [1.5854768, 42.5343898], [1.5854148, 42.5343349], [1.5853529, 42.5342799], [1.5852909, 42.534225], [1.585229, 42.5341701], [1.5851724, 42.5341098], [1.5851177, 42.5340476], [1.5850631, 42.5339854], [1.5850084, 42.5339232], [1.5849651, 42.5338534], [1.5849277, 42.5337795]], "mood_vectors": [[0.0716, 0.0825, 0.0545, 0.0443, 0.0602, 0.6324, 0.0545], [0.0581, 0.0539, 0.0556, 0.0216, 0.0999, 0.6695, 0.0414], [0.0904, 0.0852, 0.04, 0.0182, 0.0805, 0.657, 0.0287], [0.0335, 0.0823, 0.0218, 0.0694, 0.0506, 0.7046, 0.0378], [0.0483, 0.082, 0.0396, 0.0211, 0.0426, 0.6681, 0.0984], [0.0306, 0.0573, 0.0425, 0.0267, 0.0817, 0.7429, 0.0184], [0.0647, 0.0559, 0.0721, 0.0548, 0.0287, 0.6574, 0.0664], [0.0767, 0.0341, 0.0515, 0.0553, 0.0286, 0.7, 0.0537], [0.0269, 0.0822, 0.0213, 0.0622, 0.0566, 0.6925, 0.0582], [0.0773, 0.0198, 0.0217, 0.0572, 0.0323, 0.7198, 0.0719], [0.0585, 0.0426, 0.0601, 0.0587, 0.0397, 0.6825, 0.0579], [0.0682, 0.0769, 0.0657, 0.0195, 0.042, 0.6358, 0.0919], [0.0241, 0.0584, 0.0953, 0.0464, 0.0415, 0.6935, 0.0409], [0.0568, 0.0966, 0.0377, 0.0272, 0.0902, 0.6723, 0.0191], [0.0331, 0.0712, 0.064, 0.0428, 0.0728, 0.6659, 0.0503], [0.0154, 0.0205, 0.0839, 0.0923, 0.0465, 0.6819, 0.0594], [0.0179, 0.0343, 0.0255, 0.068, 0.0662, 0.723, 0.065], [0.0191, 0.0684, 0.039, 0.0667, 0.0302, 0.7076, 0.069], [0.0182, 0.0474, 0.0308, 0.0443, 0.0595, 0.7169, 0.083], [0.0204, 0.0176, 0.0762, 0.0139, 0.0585, 0.7695, 0.0437], [0.0573, 0.0253, 0.02, 0.0144, 0.0123, 0.8479, 0.0229], [0.0325, 0.038, 0.0524, 0.0632, 0.0446, 0.6817, 0.0876], [0.0466, 0.0784, 0.0586, 0.0335, 0.0563, 0.685, 0.0415], [0.0339, 0.0912, 0.0448, 0.0191, 0.078, 0.6465, 0.0865], [0.0193, 0.0651, 0.0586, 0.0223, 0.0701, 0.7444, 0.0201], [0.0427, 0.0559, 0.0571, 0.0224, 0.079, 0.7094, 0.0334], [0.0267, 0.0125, 0.076, 0.0818, 0.0182, 0.7711, 0.0138], [0.0395, 0.0617, 0.0521, 0.0541, 0.0264, 0.7196, 0.0466], [0.0274, 0.0556, 0.0359, 0.0602, 0.0204, 0.7426, 0.058], [0.0275, 0.0218, 0.07, 0.0347, 0.0888, 0.6752, 0.0819], [0.0664, 0.0602, 0.0811, 0.0273, 0.0794, 0.637, 0.0486], [0.0723, 0.0514, 0.0914, 0.0353, 0.0515, 0.6392, 0.0589], [0.0579, 0.0869, 0.0521, 0.0579, 0.0323, 0.6326, 0.0803], [0.0757, 0.0471, 0.0651, 0.0173, 0.0526, 0.6849, 0.0573], [0.0695, 0.034, 0.0818, 0.0559, 0.0182, 0.6766, 0.0639], [0.0669, 0.0772, 0.049, 0.092, 0.0374, 0.6455, 0.032], [0.053, 0.0325, 0.0133, 0.051, 0.0307, 0.7434, 0.0762], [0.053, 0.0454, 0.0617, 0.0688, 0.0521, 0.6865, 0.0325], [0.0478, 0.0649, 0.0609, 0.0453, 0.022, 0.7464, 0.0126], [0.0717, 0.0558, 0.063, 0.0568, 0.0366, 0.6454, 0.0708], [0.0833, 0.0411, 0.027, 0.0144, 0.0623, 0.7, 0.0718], [0.0316, 0.0186, 0.0283, 0.0295, 0.0333, 0.7991, 0.0596], [0.051, 0.0613, 0.018, 0.0648, 0.0126, 0.7491, 0.0431], [0.0171, 0.0486, 0.0727, 0.0852, 0.0588, 0.6371, 0.0805], [0.0737, 0.0328, 0.0827, 0.0371, 0.0577, 0.6375, 0.0784], [0.0784, 0.0558, 0.0158, 0.0166, 0.0684, 0.71, 0.055], [0.0595, 0.0282, 0.0334, 0.061, 0.0296, 0.7648, 0.0236], [0.0878, 0.0841, 0.039, 0.087, 0.0307, 0.6466, 0.0248], [0.0644, 0.0466, 0.02, 0.094, 0.0245, 0.6608, 0.0897], [0.1007, 0.0303, 0.0402, 0.0448, 0.1004, 0.6623, 0.0213], [0.0788, 0.0265, 0.0325, 0.0399, 0.0282, 0.7115, 0.0827], [0.0312, 0.0693, 0.026, 0.0159, 0.0199, 0.8186, 0.0191], [0.0381, 0.0145, 0.0295, 0.08, 0.0434, 0.7644, 0.03], [0.0845, 0.042, 0.0387, 0.0413, 0.0606, 0.6492, 0.0837], [0.0307, 0.0615, 0.0541, 0.0394, 0.0449, 0.7101, 0.0593], [0.0323, 0.0914, 0.0421, 0.0766, 0.0211, 0.6937, 0.0428], [0.0959, 0.073, 0.0232, 0.0254, 0.076, 0.6618, 0.0447], [0.0203, 0.0127, 0.0474, 0.0302, 0.0556, 0.7806, 0.0531], [0.0227, 0.035, 0.0267, 0.0878, 0.076, 0.7151, 0.0366], [0.0862, 0.058, 0.0416, 0.0302, 0.0422, 0.7221, 0.0197], [0.0792, 0.0625, 0.0532, 0.0836, 0.0351, 0.6597, 0.0266], [0.0725, 0.0632, 0.074, 0.0726, 0.0447, 0.5978, 0.0754], [0.0436, 0.0559, 0.0635, 0.0585, 0.0151, 0.7298, 0.0337], [0.0188, 0.0914, 0.059, 0.0222, 0.0511, 0.6677, 0.0898], [0.0508, 0.0599, 0.0702, 0.0728, 0.0158, 0.6504, 0.08], [0.0552, 0.0363, 0.0667, 0.0601, 0.0268, 0.712, 0.0429], [0.031, 0.0827, 0.0158, 0.0123, 0.0656, 0.7797, 0.013], [0.0275, 0.087, 0.0144, 0.0699, 0.0272, 0.6936, 0.0803], [0.0153, 0.0809, 0.0206, 0.0866, 0.0476, 0.6853, 0.0636], [0.0205, 0.0162, 0.0348, 0.0744, 0.0564, 0.7261, 0.0716], [0.0776, 0.0372, 0.0512, 0.0367, 0.0605, 0.7234, 0.0134], [0.0506, 0.0303, 0.0173, 0.083, 0.0967, 0.7044, 0.0178], [0.0715, 0.0459, 0.062, 0.0368, 0.0698, 0.679, 0.035], [0.0573, 0.0281, 0.0367, 0.0785, 0.0869, 0.6804, 0.0321], [0.0142, 0.0178, 0.0696, 0.0296, 0.0274, 0.7917, 0.0497], [0.0274, 0.0647, 0.0303, 0.0282, 0.0616, 0.731, 0.0569], [0.0716, 0.025, 0.0441, 0.0237, 0.0557, 0.7354, 0.0444], [0.0219, 0.0203, 0.0587, 0.0921, 0.077, 0.6348, 0.0953], [0.0258, 0.0359, 0.0228, 0.0487, 0.1085, 0.6892, 0.0691], [0.0699, 0.0172, 0.0306, 0.0648, 0.0411, 0.6911, 0.0853]], "emotions": ["purple", "purple", "purple", "purple", "purple", "purple", "purple", "purple", "purple", "purple", "purple", "purple", "purple", "purple", "purple", "purple", "purple", "purple", "purple", "purple", "purple", "purple", "purple", "purple", "purple", "purple", "purple", "purple", "purple", "purple", "purple", "purple", "purple", "purple", "purple", "purple", "purple", "purple", "purple", "purple", "purple", "purple", "purple", "purple", "purple", "purple", "purple", "purple", "purple", "purple", "purple", "purple", "purple", "purple", "purple", "purple", "purple", "purple", "purple", "purple", "purple", "purple", "purple", "purple", "purple", "purple", "purple", "purple", "purple", "purple", "purple", "purple", "purple", "purple", "purple", "purple", "purple", "purple", "purple", "purple"], "timestamps": [0, 40, 80, 120, 160, 200, 240, 280, 320, 360, 400, 440, 480, 520, 560, 600, 640, 680, 720, 760, 800, 840, 880, 920, 960, 1000, 1040, 1080, 1120, 1160, 1200, 1240, 1280, 1320, 1360, 1400, 1440, 1480, 1520, 1560, 1600, 1640, 1680, 1720, 1760, 1800, 1840, 1880, 1920, 1960, 2000, 2040, 2080, 2120, 2160, 2200, 2240, 2280, 2320, 2360, 2400, 2440, 2480, 2520, 2560, 2600, 2640, 2680, 2720, 2760, 2800, 2840, 2880, 2920, 2960, 3000, 3040, 3080, 3120, 3160]}], "conversation": [], "conversation_timestamps": []}