{"agent_id": "agent-orange-1268", "type": "orange", "trips": [{"trip_id": 0, "transport_method": "car", "start_time": 0, "path": [[1.5370885, 42.5090931], [1.5362317, 42.5092805], [1.5353013, 42.5092053], [1.5343694, 42.5092629], [1.533925, 42.5098687], [1.5332604, 42.5104758], [1.5327134, 42.5112307], [1.5320107, 42.5118422], [1.5311974, 42.5122967], [1.5303502, 42.5126893], [1.5294942, 42.513062], [1.5286389, 42.5134365], [1.5277868, 42.5138183], [1.526943, 42.5142178], [1.5261222, 42.5146616], [1.5254094, 42.515262], [1.5248163, 42.5159789], [1.5244085, 42.5168171], [1.5241437, 42.517709], [1.5240109, 42.5186332], [1.5238721, 42.5195556], [1.523645, 42.5204542], [1.5232256, 42.5212858], [1.5224941, 42.5218564], [1.5218891, 42.5225491], [1.5215193, 42.5233969], [1.5209316, 42.5241214], [1.5206701, 42.5249781], [1.5207879, 42.5258891], [1.5206233, 42.5267776], [1.5207956, 42.5276249], [1.521114, 42.5284722], [1.5216973, 42.5291517], [1.5217034, 42.5297695], [1.5212319, 42.5305313], [1.5210278, 42.5312366], [1.5211042, 42.5320781], [1.5212451, 42.5329162], [1.5207187, 42.5336003], [1.5211561, 42.5343918], [1.52197, 42.5348274], [1.5225548, 42.5355502], [1.5231659, 42.5362536], [1.5239228, 42.5366225], [1.5248395, 42.536793], [1.5251548, 42.5373103], [1.5245405, 42.5375666], [1.5236848, 42.5378984], [1.5231249, 42.5385358], [1.5231532, 42.5394638], [1.5233066, 42.5403735], [1.5234251, 42.5406276], [1.5230132, 42.5414394], [1.5229175, 42.5423235], [1.5231185, 42.5432164], [1.523498, 42.5440601], [1.52389, 42.5448983], [1.524363, 42.545697], [1.5247337, 42.5465107], [1.5246698, 42.5474409], [1.5251578, 42.548199], [1.5254808, 42.5490649], [1.5259642, 42.5498638], [1.5264476, 42.5506626], [1.5264302, 42.5506973], [1.5259022, 42.5499283], [1.5254791, 42.549096], [1.5256332, 42.5496654], [1.5259131, 42.5505561], [1.5261931, 42.5514469], [1.5268017, 42.55211], [1.5275467, 42.5526728], [1.528264, 42.5532686], [1.5288396, 42.5539952], [1.5294207, 42.5547242], [1.5302261, 42.5551836], [1.5310764, 42.5555691], [1.5319848, 42.5556763], [1.5329156, 42.5556056], [1.5331327, 42.5563447]], "mood_vectors": [[0.06, 0.0422, 0.0496, 0.0149, 0.6933, 0.0539, 0.0862], [0.0659, 0.06, 0.0656, 0.0334, 0.6798, 0.0541, 0.0412], [0.0591, 0.0547, 0.0469, 0.0572, 0.7084, 0.0415, 0.0321], [0.0499, 0.0738, 0.0363, 0.047, 0.6855, 0.0401, 0.0673], [0.0678, 0.0714, 0.0155, 0.0612, 0.7437, 0.0244, 0.016], [0.0573, 0.041, 0.0594, 0.0574, 0.7187, 0.0389, 0.0274], [0.0475, 0.0424, 0.0591, 0.0133, 0.7387, 0.0174, 0.0815], [0.0673, 0.0788, 0.0427, 0.0403, 0.6329, 0.0793, 0.0586], [0.0462, 0.0445, 0.0571, 0.0203, 0.7263, 0.0258, 0.0798], [0.035, 0.054, 0.0354, 0.068, 0.675, 0.0634, 0.0693], [0.0561, 0.0168, 0.0239, 0.0365, 0.8031, 0.0337, 0.0298], [0.0805, 0.0442, 0.0287, 0.0833, 0.6367, 0.0363, 0.0903], [0.035, 0.0238, 0.0686, 0.0641, 0.711, 0.0646, 0.0328], [0.0727, 0.0637, 0.0852, 0.0745, 0.6263, 0.0547, 0.023], [0.0784, 0.0364, 0.069, 0.0492, 0.6324, 0.0755, 0.0592], [0.0273, 0.0914, 0.0528, 0.0366, 0.6582, 0.0626, 0.0711], [0.0682, 0.0453, 0.04, 0.0714, 0.6695, 0.049, 0.0565], [0.023, 0.0169, 0.0462, 0.0581, 0.7687, 0.0443, 0.0428], [0.0183, 0.0805, 0.0441, 0.0797, 0.6542, 0.0479, 0.0753], [0.0475, 0.0604, 0.0745, 0.0757, 0.6475, 0.021, 0.0735], [0.0588, 0.0451, 0.0375, 0.0731, 0.7174, 0.0171, 0.051], [0.0396, 0.0737, 0.0552, 0.0295, 0.7446, 0.0339, 0.0234], [0.0625, 0.0705, 0.0777, 0.0538, 0.6571, 0.0495, 0.0288], [0.022, 0.0789, 0.0415, 0.0958, 0.6575, 0.0806, 0.0236], [0.0338, 0.043, 0.0158, 0.0562, 0.7084, 0.0524, 0.0904], [0.0681, 0.0362, 0.0289, 0.0545, 0.6978, 0.0614, 0.0531], [0.0527, 0.0409, 0.0788, 0.0203, 0.7647, 0.028, 0.0145], [0.0553, 0.0238, 0.0584, 0.0415, 0.6485, 0.1029, 0.0696], [0.0314, 0.0572, 0.0399, 0.0144, 0.7421, 0.0842, 0.0307], [0.0719, 0.068, 0.0555, 0.026, 0.7073, 0.0511, 0.0201], [0.0834, 0.0327, 0.0157, 0.0364, 0.7147, 0.0828, 0.0343], [0.0549, 0.0179, 0.0823, 0.0542, 0.7461, 0.0207, 0.0239], [0.0153, 0.0701, 0.0722, 0.0482, 0.7212, 0.0471, 0.0259], [0.0351, 0.013, 0.0715, 0.0812, 0.709, 0.0439, 0.0463], [0.0833, 0.0737, 0.0565, 0.0219, 0.7119, 0.0251, 0.0275], [0.08, 0.044, 0.0586, 0.0512, 0.6926, 0.0509, 0.0227], [0.0564, 0.0606, 0.0428, 0.0288, 0.7253, 0.0218, 0.0643], [0.0748, 0.0481, 0.0139, 0.0631, 0.7197, 0.0164, 0.064], [0.0711, 0.0324, 0.0518, 0.049, 0.7054, 0.0263, 0.0641], [0.0386, 0.061, 0.0137, 0.0591, 0.7582, 0.0239, 0.0456], [0.028, 0.0321, 0.0191, 0.0171, 0.7963, 0.0492, 0.0581], [0.0671, 0.0326, 0.073, 0.0729, 0.6858, 0.0449, 0.0238], [0.0489, 0.0245, 0.0274, 0.0654, 0.7136, 0.0592, 0.0609], [0.0514, 0.051, 0.0399, 0.0253, 0.76, 0.0192, 0.0532], [0.082, 0.0781, 0.038, 0.0656, 0.6808, 0.0337, 0.0217], [0.0674, 0.0335, 0.0331, 0.028, 0.7359, 0.0683, 0.0337], [0.0357, 0.0699, 0.044, 0.0367, 0.7464, 0.0347, 0.0327], [0.019, 0.0541, 0.0595, 0.0307, 0.7384, 0.0502, 0.0481], [0.0351, 0.0707, 0.0879, 0.0365, 0.7313, 0.0219, 0.0165], [0.0733, 0.0676, 0.021, 0.0274, 0.7022, 0.0641, 0.0443], [0.0507, 0.0124, 0.0486, 0.0194, 0.7165, 0.0742, 0.0781], [0.0778, 0.0466, 0.05, 0.05, 0.6575, 0.0625, 0.0556], [0.0153, 0.0467, 0.0736, 0.0558, 0.6915, 0.047, 0.0701], [0.0861, 0.0343, 0.0768, 0.0702, 0.6087, 0.0467, 0.0772], [0.0761, 0.0516, 0.0535, 0.0256, 0.7079, 0.0458, 0.0397], [0.0632, 0.0594, 0.0671, 0.0301, 0.6902, 0.06, 0.03], [0.0213, 0.0315, 0.0655, 0.0708, 0.7463, 0.0348, 0.0298], [0.0653, 0.0237, 0.0763, 0.0329, 0.7314, 0.019, 0.0513], [0.0246, 0.0369, 0.0666, 0.0708, 0.7286, 0.0542, 0.0182], [0.0355, 0.072, 0.0965, 0.0953, 0.6241, 0.0529, 0.0237], [0.0534, 0.0221, 0.0687, 0.0632, 0.6912, 0.0318, 0.0696], [0.0555, 0.0202, 0.0183, 0.0165, 0.7519, 0.0526, 0.085], [0.0669, 0.0361, 0.0875, 0.0148, 0.7122, 0.0478, 0.0345], [0.0376, 0.0628, 0.0641, 0.0681, 0.6576, 0.071, 0.0388], [0.0773, 0.0899, 0.0721, 0.0163, 0.6298, 0.0852, 0.0293], [0.0607, 0.0471, 0.0318, 0.0618, 0.6926, 0.0517, 0.0543], [0.0901, 0.0821, 0.0416, 0.0945, 0.6523, 0.024, 0.0155], [0.0702, 0.0555, 0.0192, 0.0695, 0.7461, 0.013, 0.0265], [0.0433, 0.0387, 0.0194, 0.0634, 0.7424, 0.0423, 0.0504], [0.0491, 0.0438, 0.066, 0.0619, 0.6849, 0.0322, 0.0621], [0.0734, 0.0505, 0.0539, 0.0488, 0.656, 0.0819, 0.0356], [0.0118, 0.0463, 0.0184, 0.0151, 0.7855, 0.0542, 0.0687], [0.0434, 0.0494, 0.0323, 0.0326, 0.717, 0.071, 0.0543], [0.0308, 0.0712, 0.0818, 0.0207, 0.734, 0.0383, 0.0231], [0.0502, 0.0878, 0.0323, 0.0471, 0.707, 0.0196, 0.0561], [0.0704, 0.0255, 0.0142, 0.0505, 0.7674, 0.0463, 0.0257], [0.0724, 0.0497, 0.0351, 0.0711, 0.6537, 0.0298, 0.0882], [0.0387, 0.0694, 0.0675, 0.0543, 0.6914, 0.0234, 0.0552], [0.0767, 0.0466, 0.0758, 0.0718, 0.6642, 0.0423, 0.0225], [0.0703, 0.0254, 0.0418, 0.0137, 0.7245, 0.0542, 0.0702]], "emotions": ["red", "red", "red", "red", "red", "red", "red", "red", "red", "red", "red", "red", "red", "red", "red", "red", "red", "red", "red", "red", "red", "red", "red", "red", "red", "red", "red", "red", "red", "red", "red", "red", "red", "red", "red", "red", "red", "red", "red", "red", "red", "red", "red", "red", "red", "red", "red", "red", "red", "red", "red", "red", "red", "red", "red", "red", "red", "red", "red", "red", "red", "red", "red", "red", "red", "red", "red", "red", "red", "red", "red", "red", "red", "red", "red", "red", "red", "red", "red", "red"], "timestamps": [0, 40, 80, 120, 160, 200, 240, 280, 320, 360, 400, 440, 480, 520, 560, 600, 640, 680, 720, 760, 800, 840, 880, 920, 960, 1000, 1040, 1080, 1120, 1160, 1200, 1240, 1280, 1320, 1360, 1400, 1440, 1480, 1520, 1560, 1600, 1640, 1680, 1720, 1760, 1800, 1840, 1880, 1920, 1960, 2000, 2040, 2080, 2120, 2160, 2200, 2240, 2280, 2320, 2360, 2400, 2440, 2480, 2520, 2560, 2600, 2640, 2680, 2720, 2760, 2800, 2840, 2880, 2920, 2960, 3000, 3040, 3080, 3120, 3160]}], "conversation": [], "conversation_timestamps": []}