{"agent_id": "agent-green-1337", "type": "green", "trips": [{"trip_id": 0, "transport_method": "foot", "start_time": 0, "path": [[1.5357334, 42.5068886], [1.5355779, 42.506895], [1.5355047, 42.5070198], [1.5355594, 42.5071667], [1.5356096, 42.5073159], [1.5356166, 42.5074729], [1.5356513, 42.5076273], [1.5356292, 42.507773], [1.5355617, 42.5079086], [1.5355426, 42.5080657], [1.5355235, 42.5082228], [1.5355044, 42.5083799], [1.5355295, 42.5085339], [1.5355137, 42.5086849], [1.5354623, 42.5088346], [1.5354108, 42.5089842], [1.5353594, 42.5091339], [1.5353256, 42.5092876], [1.535307, 42.5094447], [1.5352884, 42.5096019], [1.5352698, 42.509759], [1.5352458, 42.5099149], [1.5351919, 42.5100637], [1.535162, 42.5102182], [1.5351426, 42.5103753], [1.5351231, 42.5105323], [1.5350496, 42.5106709], [1.5349672, 42.510806], [1.5348512, 42.5109106], [1.5347247, 42.5110057], [1.5345982, 42.5111008], [1.5344716, 42.5111958], [1.5343451, 42.5112909], [1.5342934, 42.5113854], [1.5344233, 42.5114757], [1.5345536, 42.5115654], [1.534684, 42.5116552], [1.5348143, 42.5117449], [1.5349477, 42.51183], [1.5350823, 42.5119132], [1.5352166, 42.511997], [1.5353441, 42.5120893], [1.53544, 42.512214], [1.5354692, 42.512367], [1.5354359, 42.5125199], [1.5353344, 42.5126397], [1.5352092, 42.5127358], [1.5350776, 42.5128237], [1.53494, 42.5129009], [1.5347958, 42.512966], [1.5346515, 42.5130312], [1.5345062, 42.5130938], [1.5343575, 42.513079], [1.5342015, 42.5130595], [1.5340435, 42.513051], [1.5338855, 42.5130425], [1.5337275, 42.513034], [1.5335856, 42.5129867], [1.5334446, 42.5129426], [1.5332877, 42.5129632], [1.5331316, 42.5129619], [1.533033, 42.512867], [1.5331581, 42.5127737], [1.5331433, 42.5126697], [1.5330285, 42.5126498], [1.5329124, 42.5125653], [1.5327811, 42.5124772], [1.5326599, 42.5123761], [1.5325191, 42.5123042], [1.5323659, 42.5122645], [1.5322122, 42.5122274], [1.5320559, 42.5122024], [1.5318994, 42.5121992], [1.5317458, 42.5121718], [1.5315985, 42.5121731], [1.5314608, 42.5122511], [1.5315139, 42.5122668], [1.5316632, 42.5122144], [1.5316083, 42.512284], [1.5314742, 42.512368]], "mood_vectors": [[0.0388, 0.068, 0.0258, 0.0558, 0.0708, 0.0753, 0.6654], [0.0815, 0.0525, 0.0452, 0.0429, 0.0313, 0.0577, 0.6889], [0.0447, 0.0664, 0.0825, 0.0319, 0.0382, 0.0327, 0.7035], [0.0847, 0.0159, 0.0454, 0.0583, 0.0208, 0.03, 0.7448], [0.0584, 0.0196, 0.0895, 0.0136, 0.0664, 0.0193, 0.7332], [0.0775, 0.0429, 0.0847, 0.0263, 0.0255, 0.0438, 0.6994], [0.046, 0.0189, 0.0786, 0.0544, 0.0342, 0.0804, 0.6875], [0.0227, 0.0372, 0.0437, 0.0725, 0.0338, 0.0669, 0.7232], [0.033, 0.0454, 0.046, 0.0587, 0.0335, 0.0777, 0.7056], [0.0532, 0.0564, 0.0732, 0.0635, 0.0458, 0.0548, 0.653], [0.0529, 0.0644, 0.0165, 0.0548, 0.0174, 0.056, 0.738], [0.0493, 0.0309, 0.086, 0.0799, 0.0359, 0.0493, 0.6687], [0.0626, 0.0787, 0.0147, 0.0528, 0.0551, 0.0499, 0.6861], [0.0316, 0.0687, 0.0228, 0.0815, 0.0526, 0.0837, 0.6591], [0.0808, 0.0155, 0.0997, 0.0693, 0.0223, 0.0398, 0.6725], [0.0459, 0.0719, 0.0504, 0.0742, 0.0235, 0.0264, 0.7076], [0.0721, 0.0588, 0.0836, 0.0572, 0.0382, 0.0133, 0.6769], [0.0669, 0.0141, 0.055, 0.0665, 0.0405, 0.0173, 0.7397], [0.0143, 0.0365, 0.0791, 0.066, 0.0377, 0.0727, 0.6937], [0.0395, 0.0469, 0.0735, 0.0503, 0.0265, 0.0459, 0.7173], [0.0129, 0.0357, 0.0651, 0.0577, 0.039, 0.0512, 0.7383], [0.0533, 0.02, 0.0635, 0.0438, 0.0356, 0.0231, 0.7608], [0.0239, 0.0512, 0.0767, 0.051, 0.0173, 0.017, 0.7629], [0.0174, 0.048, 0.0721, 0.0727, 0.0658, 0.0629, 0.6611], [0.0295, 0.0647, 0.0615, 0.0411, 0.0284, 0.0637, 0.7111], [0.0621, 0.0698, 0.0766, 0.0441, 0.0604, 0.036, 0.651], [0.0794, 0.0277, 0.0777, 0.0548, 0.0366, 0.0361, 0.6876], [0.0366, 0.0291, 0.0565, 0.0526, 0.1059, 0.0555, 0.6638], [0.0439, 0.0134, 0.0705, 0.0433, 0.0309, 0.0598, 0.7381], [0.0471, 0.0845, 0.089, 0.049, 0.0411, 0.0796, 0.6097], [0.0376, 0.0497, 0.0484, 0.0529, 0.018, 0.0757, 0.7178], [0.0376, 0.0724, 0.0109, 0.0736, 0.022, 0.0724, 0.711], [0.0515, 0.0652, 0.0378, 0.0658, 0.0156, 0.0176, 0.7465], [0.0622, 0.068, 0.0228, 0.0767, 0.0124, 0.0265, 0.7314], [0.0615, 0.0339, 0.0751, 0.0155, 0.0644, 0.0695, 0.6802], [0.056, 0.0727, 0.018, 0.0573, 0.0575, 0.0503, 0.6882], [0.0797, 0.0262, 0.0135, 0.046, 0.0603, 0.0406, 0.7337], [0.0476, 0.0701, 0.0459, 0.0564, 0.0788, 0.0545, 0.6467], [0.0648, 0.0876, 0.0728, 0.0226, 0.0564, 0.0307, 0.6651], [0.0142, 0.0299, 0.0275, 0.0732, 0.0588, 0.06, 0.7363], [0.0499, 0.0235, 0.0227, 0.0701, 0.0316, 0.0666, 0.7357], [0.0827, 0.0716, 0.0863, 0.0512, 0.0322, 0.0125, 0.6635], [0.0287, 0.0384, 0.0548, 0.0437, 0.0571, 0.0185, 0.7588], [0.022, 0.0285, 0.0596, 0.0503, 0.0691, 0.0364, 0.7341], [0.0593, 0.0323, 0.0361, 0.0231, 0.0574, 0.0655, 0.7264], [0.0233, 0.0786, 0.0548, 0.0489, 0.0578, 0.0545, 0.6821], [0.0229, 0.0183, 0.0301, 0.0358, 0.0741, 0.0415, 0.7772], [0.055, 0.0432, 0.0214, 0.0161, 0.0274, 0.0916, 0.7453], [0.0406, 0.0524, 0.0152, 0.0532, 0.0358, 0.0323, 0.7705], [0.0767, 0.086, 0.023, 0.0639, 0.0814, 0.0239, 0.6452], [0.0463, 0.0232, 0.0628, 0.0152, 0.0188, 0.0581, 0.7756], [0.0567, 0.0162, 0.038, 0.0212, 0.05, 0.042, 0.7759], [0.0598, 0.0655, 0.0273, 0.0596, 0.0254, 0.0541, 0.7083], [0.066, 0.0667, 0.0436, 0.0308, 0.0549, 0.0189, 0.7191], [0.0284, 0.0351, 0.061, 0.0408, 0.0313, 0.0698, 0.7337], [0.0682, 0.0409, 0.0316, 0.0393, 0.0199, 0.0799, 0.7202], [0.0418, 0.0637, 0.0182, 0.0484, 0.0493, 0.0775, 0.701], [0.0375, 0.0852, 0.0431, 0.0738, 0.0629, 0.0216, 0.6757], [0.0236, 0.0233, 0.0599, 0.031, 0.0236, 0.0785, 0.7601], [0.0589, 0.0853, 0.0602, 0.0288, 0.0468, 0.0485, 0.6715], [0.0263, 0.0736, 0.0435, 0.0131, 0.0444, 0.0732, 0.7259], [0.0247, 0.0688, 0.0256, 0.0497, 0.078, 0.0359, 0.7173], [0.0315, 0.0307, 0.0738, 0.0639, 0.0722, 0.0258, 0.7021], [0.0659, 0.0549, 0.0144, 0.0574, 0.0187, 0.0296, 0.7591], [0.0478, 0.0565, 0.0644, 0.0736, 0.0493, 0.0694, 0.639], [0.0615, 0.0592, 0.0387, 0.0741, 0.0731, 0.0462, 0.6471], [0.0194, 0.0383, 0.093, 0.0592, 0.0207, 0.0177, 0.7516], [0.0823, 0.0209, 0.0893, 0.0856, 0.0818, 0.068, 0.5721], [0.0743, 0.0226, 0.0673, 0.0208, 0.076, 0.0571, 0.6818], [0.0254, 0.044, 0.0804, 0.0815, 0.0664, 0.025, 0.6773], [0.0445, 0.0712, 0.0315, 0.0407, 0.0667, 0.0627, 0.6827], [0.0534, 0.0664, 0.0765, 0.0156, 0.0125, 0.0171, 0.7585], [0.0664, 0.0541, 0.0331, 0.0495, 0.076, 0.0637, 0.6573], [0.048, 0.032, 0.0841, 0.026, 0.0403, 0.0477, 0.7218], [0.0394, 0.0224, 0.0306, 0.0673, 0.0373, 0.0582, 0.7448], [0.0476, 0.0286, 0.0473, 0.0376, 0.0444, 0.0485, 0.746], [0.0742, 0.0469, 0.0669, 0.0699, 0.0506, 0.0452, 0.6464], [0.0703, 0.0682, 0.0674, 0.0648, 0.0198, 0.0589, 0.6507], [0.0641, 0.0379, 0.0321, 0.052, 0.0438, 0.0714, 0.6987], [0.0746, 0.0747, 0.0242, 0.0257, 0.0272, 0.0694, 0.7043]], "emotions": ["purple", "purple", "purple", "purple", "purple", "purple", "purple", "purple", "purple", "purple", "purple", "purple", "purple", "purple", "purple", "purple", "purple", "purple", "purple", "purple", "purple", "purple", "purple", "purple", "purple", "purple", "purple", "purple", "purple", "purple", "purple", "purple", "purple", "purple", "purple", "purple", "purple", "purple", "purple", "purple", "purple", "purple", "purple", "purple", "purple", "purple", "purple", "purple", "purple", "purple", "purple", "purple", "purple", "purple", "purple", "purple", "purple", "purple", "purple", "purple", "purple", "purple", "purple", "purple", "purple", "purple", "purple", "purple", "purple", "purple", "purple", "purple", "purple", "purple", "purple", "purple", "purple", "purple", "purple", "purple"], "timestamps": [0, 40, 80, 120, 160, 200, 240, 280, 320, 360, 400, 440, 480, 520, 560, 600, 640, 680, 720, 760, 800, 840, 880, 920, 960, 1000, 1040, 1080, 1120, 1160, 1200, 1240, 1280, 1320, 1360, 1400, 1440, 1480, 1520, 1560, 1600, 1640, 1680, 1720, 1760, 1800, 1840, 1880, 1920, 1960, 2000, 2040, 2080, 2120, 2160, 2200, 2240, 2280, 2320, 2360, 2400, 2440, 2480, 2520, 2560, 2600, 2640, 2680, 2720, 2760, 2800, 2840, 2880, 2920, 2960, 3000, 3040, 3080, 3120, 3160]}], "conversation": [], "conversation_timestamps": []}