{"agent_id": "agent-red-46", "type": "red", "trips": [{"trip_id": 0, "transport_method": "bicycle", "start_time": 0, "path": [[1.521719, 42.5083459], [1.5226491, 42.5084358], [1.523429, 42.5084408], [1.5240014, 42.5087753], [1.5249169, 42.5089537], [1.5254529, 42.5094247], [1.5261804, 42.5099066], [1.5268708, 42.5105832], [1.5266826, 42.5101325], [1.5262822, 42.5098867], [1.5271636, 42.510284], [1.5280449, 42.5106812], [1.5289262, 42.5110784], [1.5298075, 42.5114756], [1.5288634, 42.5113284], [1.5279344, 42.5110748], [1.5270715, 42.5107503], [1.528005, 42.5110013], [1.5289386, 42.5112522], [1.5298722, 42.5115031], [1.5307757, 42.5118262], [1.5307357, 42.5126354], [1.5303141, 42.5134865], [1.5302807, 42.5143815], [1.5295515, 42.5149933], [1.5289426, 42.5157387], [1.5281149, 42.5162334], [1.5272778, 42.5167168], [1.5264406, 42.5172003], [1.5269637, 42.5169799], [1.5277855, 42.5165065], [1.5286421, 42.5160756], [1.5284501, 42.5160734], [1.5276396, 42.5166001], [1.526829, 42.5171269], [1.5260184, 42.5176536], [1.5252078, 42.5181803], [1.5248691, 42.5184358], [1.5255909, 42.5177964], [1.5262059, 42.517364], [1.5254196, 42.5179263], [1.5246332, 42.5184886], [1.5239297, 42.5190948], [1.5237987, 42.5200523], [1.5234218, 42.5209407], [1.5228046, 42.5216637], [1.5220571, 42.5222634], [1.5216828, 42.5231469], [1.5210879, 42.5239056], [1.5206417, 42.5247532], [1.520787, 42.5256885], [1.5205857, 42.5266149], [1.5206985, 42.5275317], [1.5210557, 42.5283898], [1.5216345, 42.5291239], [1.5217306, 42.5297462], [1.5212327, 42.5305286], [1.5210127, 42.5312628], [1.5211332, 42.5321343], [1.5211828, 42.5329893], [1.5207874, 42.5337049], [1.5212752, 42.5345012], [1.5221103, 42.534963], [1.5226908, 42.5357333], [1.5233086, 42.5363639], [1.5242148, 42.5366567], [1.5250179, 42.5368648], [1.5251014, 42.5375822], [1.5241674, 42.53766], [1.5233089, 42.5380895], [1.5231568, 42.5389913], [1.5232223, 42.539949], [1.5235191, 42.5408363], [1.5232353, 42.5411405], [1.5228476, 42.541988], [1.5229956, 42.5429325], [1.5229876, 42.5437273], [1.5230026, 42.5443651], [1.5234594, 42.5451962], [1.5235017, 42.5455217]], "mood_vectors": [[0.7066, 0.051, 0.0678, 0.0438, 0.045, 0.0343, 0.0515], [0.698, 0.0601, 0.0783, 0.0587, 0.0133, 0.0467, 0.0449], [0.6964, 0.0542, 0.0361, 0.0739, 0.0566, 0.0432, 0.0394], [0.7069, 0.072, 0.0556, 0.0376, 0.0364, 0.0593, 0.0322], [0.6894, 0.0194, 0.0484, 0.0638, 0.0708, 0.0465, 0.0617], [0.6673, 0.0288, 0.0241, 0.0764, 0.0282, 0.0877, 0.0876], [0.6813, 0.0548, 0.03, 0.0789, 0.0484, 0.0505, 0.0561], [0.6514, 0.0411, 0.071, 0.0419, 0.0714, 0.0553, 0.0679], [0.6954, 0.0432, 0.0325, 0.021, 0.0543, 0.0742, 0.0795], [0.757, 0.0446, 0.0208, 0.0717, 0.0165, 0.042, 0.0474], [0.7122, 0.0647, 0.0453, 0.0664, 0.0161, 0.0644, 0.0309], [0.7511, 0.0202, 0.036, 0.057, 0.0656, 0.0462, 0.024], [0.7202, 0.0201, 0.0707, 0.0313, 0.0395, 0.0376, 0.0806], [0.7182, 0.036, 0.0537, 0.0415, 0.0787, 0.0446, 0.0273], [0.7219, 0.0633, 0.0352, 0.0418, 0.0633, 0.0144, 0.06], [0.7225, 0.0335, 0.0392, 0.07, 0.0607, 0.027, 0.0471], [0.7218, 0.0145, 0.0596, 0.017, 0.0546, 0.0594, 0.0732], [0.6385, 0.043, 0.0672, 0.0902, 0.041, 0.0441, 0.0761], [0.7013, 0.0246, 0.0779, 0.026, 0.0758, 0.0433, 0.0511], [0.7641, 0.0703, 0.0145, 0.0221, 0.0245, 0.0649, 0.0395], [0.6502, 0.087, 0.0145, 0.0466, 0.0875, 0.0698, 0.0444], [0.6802, 0.063, 0.0485, 0.0494, 0.0575, 0.0557, 0.0456], [0.727, 0.0326, 0.0475, 0.0436, 0.0164, 0.0717, 0.0611], [0.652, 0.0732, 0.031, 0.0745, 0.059, 0.0559, 0.0543], [0.7062, 0.0451, 0.0573, 0.0361, 0.0382, 0.0525, 0.0646], [0.6579, 0.0582, 0.0519, 0.0688, 0.0428, 0.0567, 0.0636], [0.6734, 0.0826, 0.0366, 0.0497, 0.055, 0.0614, 0.0413], [0.7337, 0.0527, 0.0446, 0.0707, 0.0344, 0.0451, 0.0188], [0.6717, 0.0485, 0.0829, 0.0319, 0.0712, 0.0378, 0.056], [0.8476, 0.0301, 0.0164, 0.0256, 0.0387, 0.025, 0.0167], [0.6708, 0.0794, 0.0444, 0.0447, 0.0618, 0.0644, 0.0345], [0.7025, 0.0349, 0.0365, 0.0501, 0.0434, 0.1017, 0.0309], [0.8133, 0.015, 0.0302, 0.0466, 0.0129, 0.0536, 0.0283], [0.6899, 0.0379, 0.0492, 0.0887, 0.0624, 0.0186, 0.0533], [0.6995, 0.0532, 0.0963, 0.0258, 0.081, 0.0222, 0.0221], [0.6917, 0.016, 0.07, 0.0679, 0.0746, 0.0434, 0.0364], [0.6984, 0.0562, 0.0562, 0.0556, 0.0516, 0.0685, 0.0135], [0.7288, 0.0346, 0.0554, 0.0275, 0.0389, 0.0729, 0.042], [0.7527, 0.0208, 0.0303, 0.0374, 0.0712, 0.0726, 0.015], [0.7257, 0.0421, 0.0621, 0.0116, 0.0752, 0.0682, 0.0153], [0.7249, 0.0647, 0.0165, 0.0448, 0.0682, 0.0459, 0.0349], [0.6971, 0.05, 0.0506, 0.0613, 0.0185, 0.0706, 0.0518], [0.7586, 0.0369, 0.0203, 0.0185, 0.0692, 0.069, 0.0275], [0.7003, 0.0427, 0.0472, 0.0679, 0.0465, 0.0459, 0.0496], [0.6811, 0.0191, 0.0617, 0.053, 0.0557, 0.0676, 0.0617], [0.6159, 0.0768, 0.0875, 0.0139, 0.0821, 0.0658, 0.058], [0.7332, 0.0339, 0.0859, 0.0211, 0.0317, 0.0652, 0.0289], [0.6342, 0.0749, 0.0634, 0.0292, 0.0562, 0.075, 0.0671], [0.6594, 0.0848, 0.0491, 0.0408, 0.0556, 0.0425, 0.0679], [0.7352, 0.0382, 0.0158, 0.0731, 0.0751, 0.0235, 0.0392], [0.7026, 0.0193, 0.0383, 0.0219, 0.0536, 0.1124, 0.0519], [0.6951, 0.078, 0.0311, 0.0264, 0.0555, 0.0926, 0.0214], [0.63, 0.0595, 0.0684, 0.0582, 0.0628, 0.0691, 0.0519], [0.7279, 0.0151, 0.0329, 0.0503, 0.0611, 0.0627, 0.0501], [0.6871, 0.0681, 0.0277, 0.0683, 0.0701, 0.0362, 0.0426], [0.6871, 0.0681, 0.0894, 0.024, 0.0165, 0.0661, 0.0488], [0.8139, 0.0778, 0.0163, 0.0345, 0.015, 0.025, 0.0176], [0.7201, 0.0607, 0.0109, 0.0183, 0.0603, 0.0596, 0.0701], [0.6674, 0.0267, 0.0582, 0.062, 0.0641, 0.0664, 0.0553], [0.7012, 0.0224, 0.017, 0.0783, 0.0838, 0.0366, 0.0608], [0.7344, 0.0341, 0.0648, 0.0117, 0.0556, 0.0667, 0.0328], [0.6879, 0.0484, 0.0249, 0.0926, 0.0357, 0.0471, 0.0634], [0.6902, 0.0573, 0.0803, 0.0593, 0.0166, 0.0341, 0.0622], [0.6471, 0.0599, 0.0594, 0.0329, 0.0379, 0.079, 0.0838], [0.7094, 0.035, 0.0259, 0.0673, 0.0508, 0.045, 0.0667], [0.6875, 0.0676, 0.0251, 0.0182, 0.0768, 0.0788, 0.046], [0.6384, 0.0246, 0.0981, 0.0712, 0.046, 0.0582, 0.0636], [0.7066, 0.0846, 0.0415, 0.0581, 0.0459, 0.0416, 0.0216], [0.7727, 0.0662, 0.0423, 0.013, 0.0266, 0.0571, 0.022], [0.6555, 0.0528, 0.08, 0.0859, 0.0621, 0.048, 0.0157], [0.691, 0.0653, 0.0593, 0.0642, 0.03, 0.0211, 0.0691], [0.702, 0.024, 0.0203, 0.0886, 0.0392, 0.0353, 0.0905], [0.6493, 0.0698, 0.0766, 0.0128, 0.0374, 0.077, 0.0771], [0.7696, 0.0179, 0.0271, 0.0414, 0.0795, 0.0396, 0.0248], [0.7639, 0.0702, 0.0328, 0.0617, 0.0234, 0.0189, 0.029], [0.7265, 0.0575, 0.0735, 0.0293, 0.0613, 0.0302, 0.0217], [0.5769, 0.0563, 0.0767, 0.0795, 0.0544, 0.0791, 0.0771], [0.6426, 0.0686, 0.0752, 0.0565, 0.0169, 0.072, 0.0682], [0.6988, 0.0421, 0.0268, 0.0666, 0.0635, 0.0525, 0.0497], [0.6994, 0.0714, 0.0244, 0.08, 0.0163, 0.0242, 0.0842]], "emotions": ["red", "red", "red", "red", "red", "red", "red", "red", "red", "red", "red", "red", "red", "red", "red", "red", "red", "red", "red", "red", "red", "red", "red", "red", "red", "red", "red", "red", "red", "red", "red", "red", "red", "red", "red", "red", "red", "red", "red", "red", "red", "red", "red", "red", "red", "red", "red", "red", "red", "red", "red", "red", "red", "red", "red", "red", "red", "red", "red", "red", "red", "red", "red", "red", "red", "red", "red", "red", "red", "red", "red", "red", "red", "red", "red", "red", "red", "red", "red", "red"], "timestamps": [0, 40, 80, 120, 160, 200, 240, 280, 320, 360, 400, 440, 480, 520, 560, 600, 640, 680, 720, 760, 800, 840, 880, 920, 960, 1000, 1040, 1080, 1120, 1160, 1200, 1240, 1280, 1320, 1360, 1400, 1440, 1480, 1520, 1560, 1600, 1640, 1680, 1720, 1760, 1800, 1840, 1880, 1920, 1960, 2000, 2040, 2080, 2120, 2160, 2200, 2240, 2280, 2320, 2360, 2400, 2440, 2480, 2520, 2560, 2600, 2640, 2680, 2720, 2760, 2800, 2840, 2880, 2920, 2960, 3000, 3040, 3080, 3120, 3160]}], "conversation": [], "conversation_timestamps": []}