{
  "agent_id": "agent-type-red-46",
  "type": "red",
  "trips": [
    {
      "trip_id": 0,
      "transport_method": "bicycle",
      "start_time": 0,
      "path": [
        [
          1.5180095,
          42.50614629999999
        ],
        [
          1.5182364861027484,
          42.506347430143094
        ],
        [
          1.5184634722054968,
          42.5065485602862
        ],
        [
          1.5186904583082452,
          42.5067496904293
        ],
        [
          1.518792665618356,
          42.50667617167438
        ],
        [
          1.518777813975745,
          42.50637326004697
        ],
        [
          1.5187902376668654,
          42.50662665158044
        ],
        [
          1.5187277786784033,
          42.50678231310702
        ],
        [
          1.5189188419549,
          42.50691578342011
        ],
        [
          1.5191892582701374,
          42.5070530825161
        ],
        [
          1.5194596745853748,
          42.50719038161209
        ],
        [
          1.5197318720588329,
          42.507323862034426
        ],
        [
          1.520016383763743,
          42.5074280729244
        ],
        [
          1.5201243983610717,
          42.50757168660636
        ],
        [
          1.5198383807210567,
          42.50766904158989
        ],
        [
          1.5195681413332742,
          42.507806688597114
        ],
        [
          1.519295316012491,
          42.50793912274939
        ],
        [
          1.5190222184385673,
          42.50807100807997
        ],
        [
          1.5187491208646435,
          42.50820289341056
        ],
        [
          1.5184978300628744,
          42.50822309871162
        ],
        [
          1.518294404995306,
          42.507998167017114
        ],
        [
          1.5183143432019792,
          42.50771931811149
        ],
        [
          1.5183927545615834,
          42.50742635448919
        ],
        [
          1.5184711659211876,
          42.50713339086689
        ],
        [
          1.5184090227192082,
          42.5073655727554
        ],
        [
          1.518330611359604,
          42.5076585363777
        ],
        [
          1.5182521999999998,
          42.5079515
        ]
      ],
      "emotions": [
        "purple",
        "purple",
        "purple",
        "purple",
        "purple",
        "red",
        "red",
        "red",
        "red",
        "red",
        "red",
        "red",
        "red",
        "red",
        "red",
        "purple",
        "purple",
        "purple",
        "purple",
        "purple",
        "purple",
        "purple",
        "purple",
        "purple",
        "purple",
        "red",
        "red"
      ],
      "mood_vectors": [
        [
          0.2184317733117787,
          0.010097477363240478,
          0.18088896838918708,
          0.2628495004967007,
          0.1622011742548158,
          0.10338700776741346,
          0.0621440984168637
        ],
        [
          0.15423618827094113,
          0.2553892743482571,
          0.05538083609978866,
          0.18854702866151435,
          0.07772088646133592,
          0.028902487182151215,
          0.23982329897601168
        ],
        [
          0.1206946783213514,
          0.2329539719963336,
          0.08569539712125546,
          0.09144838814579148,
          0.3618974003122662,
          0.10384194363640332,
          0.0034682204665986366
        ],
        [
          0.10056101798496214,
          0.20932571427133237,
          0.23369335513645398,
          0.26435483310048724,
          0.013403913075794568,
          0.0345120995721076,
          0.14414906685886208
        ],
        [
          0.24595006948643103,
          0.17791624315081267,
          0.2342195117483304,
          0.11514404113978194,
          0.0991311934906091,
          0.06320592162065931,
          0.06443301936337557
        ],
        [
          0.1689464048636111,
          0.08933727596458256,
          0.21082595129872303,
          0.11569843884907803,
          0.2732640342873,
          0.11205146388009905,
          0.02987643085660621
        ],
        [
          0.2396160082773952,
          0.02271216671453857,
          0.22648747571332375,
          0.23991273467713597,
          0.12410372315593157,
          0.12092495640068138,
          0.026242935060993546
        ],
        [
          0.03891702856938624,
          0.08567714276821276,
          0.14051631031463327,
          0.28313895257924315,
          0.17613719589598303,
          0.15071078193335818,
          0.12490258793918332
        ],
        [
          0.051355137863152475,
          0.21720486458525892,
          0.08892448374405848,
          0.2994821807926078,
          0.17027487749456638,
          0.08004853317308651,
          0.09270992234726945
        ],
        [
          0.18344975879487652,
          0.16027518906517688,
          0.21673443080714702,
          0.03389181377948192,
          0.1446767753253868,
          0.13157893655805633,
          0.12939309566987447
        ],
        [
          0.23764820475742074,
          0.07812067925163169,
          0.10833799863849264,
          0.19891300869297246,
          0.08338957924938477,
          0.1931229692067974,
          0.1004675602033003
        ],
        [
          0.09591937561756168,
          0.040973551925020495,
          0.2000568021074304,
          0.206555732259175,
          0.06499332525480113,
          0.16072865727665617,
          0.2307725555593551
        ],
        [
          0.05564706040548571,
          0.2193388166338353,
          0.20812462818696945,
          0.06944694367502327,
          0.2406685345254909,
          0.02400598438130519,
          0.18276803219189017
        ],
        [
          0.2458657610167029,
          0.13844247389383513,
          0.04033911055388765,
          0.1508304725787341,
          0.1416952490626782,
          0.2353903093594934,
          0.047436623534668654
        ],
        [
          0.24845502009230455,
          0.2068409265985852,
          0.18088346307002662,
          0.021010522348315956,
          0.017949403144816748,
          0.14404522854872523,
          0.18081543619722565
        ],
        [
          0.21988995386410173,
          0.10006002348160722,
          0.17689587743252858,
          0.09654850882794361,
          0.08170473643563647,
          0.23027826067339993,
          0.09462263928478254
        ],
        [
          0.20983745974651272,
          0.09880493826418742,
          0.15155310406420805,
          0.11795318121266929,
          0.17733952712330364,
          0.1910911844584076,
          0.05342060513071137
        ],
        [
          0.25449268133904757,
          0.07640253738406295,
          0.11091878965296573,
          0.032640186281585604,
          0.043304368423416596,
          0.24589938709478468,
          0.23634204982413695
        ],
        [
          0.17767009285063526,
          0.17813920516529122,
          0.1010636297180041,
          0.07859831420532991,
          0.24368258185763525,
          0.08053266222640895,
          0.14031351397669536
        ],
        [
          0.2611723705514386,
          0.11568213378902985,
          0.100167671173001,
          0.19912895735144354,
          0.04439646228250907,
          0.13222930218427892,
          0.14722310266829902
        ],
        [
          0.235890061286357,
          0.2882970568053544,
          0.04860387335956947,
          0.04248985312421536,
          0.004047151589558865,
          0.2181328213992428,
          0.1625391824357022
        ],
        [
          0.17892921721349536,
          0.18061366749223853,
          0.18495214720988767,
          0.010554684600365145,
          0.18111539471561447,
          0.15612593687433934,
          0.10770895189405945
        ],
        [
          0.16109634538019107,
          0.14776382468255264,
          0.08892763601960517,
          0.1288606228828535,
          0.20654155814477299,
          0.14101153963539478,
          0.12579847325462987
        ],
        [
          0.1767756468964442,
          0.0027968005677070687,
          0.15671167353496115,
          0.17750799466997866,
          0.19114243812269857,
          0.0160380722280985,
          0.2790273739801118
        ],
        [
          0.21193985327695422,
          0.07336651147663463,
          0.09219754056423135,
          0.16870746628206554,
          0.06633457320784998,
          0.18387155006676711,
          0.20358250512549722
        ],
        [
          0.04524465624538984,
          0.09066888060901665,
          0.19841349740437753,
          0.11578260363607949,
          0.3158461480003002,
          0.18626360237051395,
          0.04778061173432232
        ],
        [
          0.19861544797807068,
          0.03346443111116676,
          0.07704116390266445,
          0.18388192902885536,
          0.20118725666548637,
          0.1077969510729142,
          0.19801282024084219
        ]
      ],
      "timestamps": [
        0,
        1,
        2,
        3,
        4,
        5,
        6,
        7,
        8,
        9,
        10,
        11,
        12,
        13,
        14,
        15,
        16,
        17,
        18,
        19,
        20,
        21,
        22,
        23,
        24,
        25,
        26
      ],
      "distance": 220.9
    },
    {
      "trip_id": 1,
      "transport_method": "car",
      "start_time": 27,
      "path": [
        [
          1.5182521999999998,
          42.5079515
        ],
        [
          1.5182833728580365,
          42.50798596853362
        ],
        [
          1.5183145457160734,
          42.50802043706724
        ],
        [
          1.51834571857411,
          42.50805490560086
        ],
        [
          1.5183768914321467,
          42.50808937413448
        ],
        [
          1.5184080642901836,
          42.5081238426681
        ],
        [
          1.5184392371482203,
          42.50815831120172
        ],
        [
          1.518470410006257,
          42.50819277973534
        ],
        [
          1.5185015828642936,
          42.50822724826896
        ],
        [
          1.5185327557223305,
          42.50826171680258
        ],
        [
          1.5185581292098769,
          42.50829482166828
        ],
        [
          1.5185148623024252,
          42.50831178638483
        ],
        [
          1.5184715953949732,
          42.50832875110138
        ],
        [
          1.5184283284875213,
          42.50834571581793
        ],
        [
          1.5183850615800694,
          42.50836268053448
        ],
        [
          1.5183417946726174,
          42.50837964525103
        ],
        [
          1.5183853514597943,
          42.50839354309687
        ],
        [
          1.51842970752732,
          42.508407412709765
        ],
        [
          1.5184740635948457,
          42.50842128232266
        ],
        [
          1.5185184196623716,
          42.50843515193555
        ],
        [
          1.5185627757298974,
          42.50844902154844
        ],
        [
          1.5186071317974232,
          42.50846289116133
        ],
        [
          1.5186514878649489,
          42.50847676077422
        ],
        [
          1.5186958439324747,
          42.50849063038711
        ],
        [
          1.5187402000000005,
          42.5085045
        ]
      ],
      "emotions": [
        "red",
        "red",
        "red",
        "green",
        "green",
        "green",
        "green",
        "green",
        "red",
        "red",
        "red",
        "red",
        "red",
        "green",
        "green",
        "green",
        "green",
        "green",
        "purple",
        "purple",
        "purple",
        "purple",
        "purple",
        "purple",
        "purple"
      ],
      "mood_vectors": [
        [
          0.20877627846625574,
          0.2247625501888166,
          0.1568474345240312,
          0.07705500633467201,
          0.26417271548709437,
          0.03500880138181988,
          0.033377213617310275
        ],
        [
          0.024757422230168524,
          0.15647904452561,
          0.13086240869311372,
          0.1888381963344095,
          0.1518329387712175,
          0.14314781709574434,
          0.20408217234973633
        ],
        [
          0.1924322883142961,
          0.20802263240244778,
          0.09827878559495869,
          0.03556135648421092,
          0.16304624629546202,
          0.11993677102641265,
          0.18272191988221187
        ],
        [
          0.17668049509757322,
          0.04756543769208542,
          0.11233109532595537,
          0.18598966137985273,
          0.11761522833166578,
          0.21571766018136343,
          0.144100421991504
        ],
        [
          0.17184565501973348,
          0.264939319485664,
          0.08248470883594032,
          0.17862108800771928,
          0.09028566130841933,
          0.1855735990190764,
          0.02624996832344719
        ],
        [
          0.23762451912174667,
          0.005734257270744447,
          0.12180307165735138,
          0.2637688598022221,
          0.02466883371692167,
          0.07773065348848153,
          0.26866980494253223
        ],
        [
          0.08955231436141109,
          0.319434311638913,
          0.003033376189522418,
          0.02379257617547569,
          0.27537717201617007,
          0.2860381317767437,
          0.0027721178417640666
        ],
        [
          0.0693729728357771,
          0.19926290304794678,
          0.0005387964034041985,
          0.21519815376243512,
          0.19771609530880033,
          0.14251811535997655,
          0.1753929632816599
        ],
        [
          0.04318572084338048,
          0.16406504402103497,
          0.19052960166547306,
          0.18780590714887493,
          0.150758363760654,
          0.2050735105575223,
          0.058581852003060306
        ],
        [
          0.11324269462065263,
          0.1903567494272475,
          0.06785261288758845,
          0.07896250388112411,
          0.22495973397424468,
          0.10175347042129562,
          0.222872234787847
        ],
        [
          0.03344714451013778,
          0.18649090258347722,
          0.15550597796958449,
          0.20179642980861745,
          0.051890391998432296,
          0.1588297475200991,
          0.21203940560965162
        ],
        [
          0.04119834401670313,
          0.115201593366501,
          0.2050164017838897,
          0.2926175457053019,
          0.12804042285117548,
          0.1586097340301727,
          0.05931595824625608
        ],
        [
          0.011490736522017398,
          0.24923295228528478,
          0.062370468534859336,
          0.09476620560763796,
          0.2539410748199383,
          0.1201171423934091,
          0.20808141983685322
        ],
        [
          0.04528419886192433,
          0.25100316300025527,
          0.20339564987454425,
          0.09947670824282051,
          0.2777149872362528,
          0.008868983327989138,
          0.11425630945621368
        ],
        [
          0.025553537860906087,
          0.24602867980640095,
          0.21947046763847172,
          0.25957882321392656,
          0.05037931317421062,
          0.04693476030873496,
          0.15205441799734912
        ],
        [
          0.049601893586153245,
          0.09400844951564753,
          0.10377886551029797,
          0.2638491972496858,
          0.286060030048553,
          0.09075917289202695,
          0.11194239119763551
        ],
        [
          0.1600449920392703,
          0.14255127267826165,
          0.1488312154488419,
          0.30423551966945706,
          0.05754398546448069,
          0.06768076531101513,
          0.11911224938867325
        ],
        [
          0.06818452539338125,
          0.14929131845821225,
          0.014236203123633674,
          0.23094884616160974,
          0.05145308999437162,
          0.2615163372562383,
          0.22436967961255316
        ],
        [
          0.0362825002828576,
          0.07333759157902611,
          0.09784051205596232,
          0.2075483666973988,
          0.15590642106810312,
          0.14752790251339412,
          0.2815567058032579
        ],
        [
          0.1979480538276225,
          0.07225419733911993,
          0.20874582877285114,
          0.01853253445535367,
          0.06164727082142766,
          0.20927365777000792,
          0.23159845701361703
        ],
        [
          0.1655004374970615,
          0.168844186357827,
          0.10390169485067034,
          0.13186441005486874,
          0.14594118694695574,
          0.12027737448506355,
          0.16367070980755313
        ],
        [
          0.19311342837643844,
          0.16183817008780124,
          0.1436369697584091,
          0.12627037005163735,
          0.10154746455372968,
          0.12854947480431125,
          0.14504412236767292
        ],
        [
          0.023743029178874497,
          0.18336840881583302,
          0.19497123106618944,
          0.13289623983116797,
          0.18064126871574712,
          0.11928354838333731,
          0.16509627400885063
        ],
        [
          0.009729774980577994,
          0.31185623473593166,
          0.23022235333284563,
          0.08708582886240643,
          0.22116303836109272,
          0.07937320715827227,
          0.06056956256887333
        ],
        [
          0.21475974237575893,
          0.11620828066045395,
          0.04123182506037753,
          0.018624283641935222,
          0.18831128160020444,
          0.22910847881960042,
          0.19175610784166958
        ]
      ],
      "timestamps": [
        27,
        28,
        29,
        30,
        31,
        32,
        33,
        34,
        35,
        36,
        37,
        38,
        39,
        40,
        41,
        42,
        43,
        44,
        45,
        46,
        47,
        48,
        49,
        50,
        51
      ],
      "distance": 186.1
    },
    {
      "trip_id": 2,
      "transport_method": "stopped",
      "start_time": 52,
      "path": [
        [
          1.5187402000000005,
          42.5085045
        ],
        [
          1.5187402000000005,
          42.5085045
        ],
        [
          1.5187402000000005,
          42.5085045
        ],
        [
          1.5187402000000005,
          42.5085045
        ]
      ],
      "emotions": [
        "purple",
        "purple",
        "purple",
        "green"
      ],
      "mood_vectors": [
        [
          0.1558936593163594,
          0.1455284321509751,
          0.19152505189366711,
          0.07076936691338925,
          0.09174743786560939,
          0.057256282592727525,
          0.28727976926727217
        ],
        [
          0.08865443509262488,
          0.19275660390968669,
          0.06620788593260687,
          0.25085784114265014,
          0.22856398283036142,
          0.07659549837821773,
          0.09636375271385222
        ],
        [
          0.11442200454100657,
          0.18401752282906664,
          0.03658442831634812,
          0.18254418273150544,
          0.19688850899998103,
          0.026743216210256878,
          0.25880013637183535
        ],
        [
          0.0731652269765125,
          0.2592570807285406,
          0.059088200687840084,
          0.2938178093581222,
          0.0434556547911364,
          0.14405223675925272,
          0.12716379069859546
        ]
      ],
      "timestamps": [
        52,
        53,
        54,
        55
      ]
    },
    {
      "trip_id": 3,
      "transport_method": "bicycle",
      "start_time": 56,
      "path": [
        [
          1.5183414,
          42.50837979999999
        ],
        [
          1.518487033100499,
          42.50821116026631
        ],
        [
          1.5182539889774809,
          42.507953478112825
        ],
        [
          1.5183413386228537,
          42.50761845675257
        ],
        [
          1.5184311668173434,
          42.50728283710032
        ],
        [
          1.518437604988167,
          42.50725878255191
        ],
        [
          1.5183477767936773,
          42.507594402204155
        ],
        [
          1.5182579485991876,
          42.5079300218564
        ],
        [
          1.5184703303505223,
          42.50819269165819
        ],
        [
          1.5187519660767166,
          42.50820151938981
        ],
        [
          1.519064827148236,
          42.508050431318054
        ],
        [
          1.5193776882197558,
          42.5078993432463
        ],
        [
          1.5196889987895805,
          42.50774512959457
        ],
        [
          1.5200055651051807,
          42.50760526431
        ],
        [
          1.5200917925458517,
          42.50745270098699
        ],
        [
          1.5197642247946086,
          42.507337657301434
        ],
        [
          1.519451661912108,
          42.50718631331911
        ],
        [
          1.5191418724953583,
          42.50702902322798
        ],
        [
          1.5188372942602173,
          42.5068629030455
        ],
        [
          1.5187981619646727,
          42.50678827423779
        ],
        [
          1.5187811478962052,
          42.50644125813302
        ],
        [
          1.5186208478174978,
          42.506147145140865
        ],
        [
          1.5184277889387103,
          42.505861195672715
        ],
        [
          1.518334327738577,
          42.50553680927242
        ],
        [
          1.518637938807654,
          42.50542299691421
        ],
        [
          1.5183762265331147,
          42.505479401130465
        ],
        [
          1.5181587000000003,
          42.5053335
        ]
      ],
      "emotions": [
        "red",
        "red",
        "red",
        "red",
        "red",
        "red",
        "red",
        "red",
        "red",
        "purple",
        "purple",
        "purple",
        "purple",
        "purple",
        "red",
        "red",
        "red",
        "red",
        "red",
        "purple",
        "purple",
        "purple",
        "purple",
        "purple",
        "red",
        "red",
        "red"
      ],
      "mood_vectors": [
        [
          0.07513274567871353,
          0.02645275315229213,
          0.15403451875565632,
          0.21847211336841976,
          0.09856987458690859,
          0.034425239094934355,
          0.3929127553630753
        ],
        [
          0.1884741244759592,
          0.23687273144035423,
          0.230378953544517,
          0.12700798862606746,
          0.024912869030113798,
          0.1416774838472563,
          0.05067584903573192
        ],
        [
          0.20652098352426418,
          0.14263551965485768,
          0.0009679296493194373,
          0.005336705369428723,
          0.19396437042303194,
          0.23949922505664503,
          0.21107526632245294
        ],
        [
          0.021486745586148125,
          0.05298112044324829,
          0.07620027367409558,
          0.12072428130374897,
          0.06658526636964064,
          0.5737384140339393,
          0.08828389858917901
        ],
        [
          0.2278101706761339,
          0.23086303658394589,
          0.2634383252501496,
          0.011371982337573075,
          0.22242760196206854,
          0.0025327313715600834,
          0.041556151818568865
        ],
        [
          0.025926694931758372,
          0.22052623215263578,
          0.10180720481485292,
          0.2506675256305317,
          0.28552820762183617,
          0.013987785665373105,
          0.10155634918301196
        ],
        [
          0.1713641989176466,
          0.09112192738480329,
          0.1851340337506592,
          0.17827471827264274,
          0.011006548057062254,
          0.1905861825456767,
          0.1725123910715093
        ],
        [
          0.13501493699551367,
          0.09133643299164919,
          0.06829376946118863,
          0.11860143024079393,
          0.15870420989286427,
          0.12028127448677493,
          0.30776794593121526
        ],
        [
          0.04296515456590886,
          0.13835596189394103,
          0.2576605195176604,
          0.23132877403949134,
          0.2043764207787694,
          0.05290839563401067,
          0.07240477357021827
        ],
        [
          0.2432171978508076,
          0.22201524966429276,
          0.028104829413202054,
          0.02472597886246348,
          0.06302945778192491,
          0.17377985321940148,
          0.24512743320790775
        ],
        [
          0.02706031110830581,
          0.2427628723114164,
          0.14217423325906653,
          0.23741250903203018,
          0.10427543231135887,
          0.041391759639722865,
          0.2049228823380993
        ],
        [
          0.20466311216104172,
          0.11557497186519747,
          0.016567461404042697,
          0.14297245654597618,
          0.1887362887027082,
          0.19142417261098701,
          0.14006153671004679
        ],
        [
          0.09713771505729728,
          0.15604093038860178,
          0.2669484682515854,
          0.033925444130548245,
          0.04772072541301149,
          0.16727403976480865,
          0.23095267699414718
        ],
        [
          0.07038487390694774,
          0.14829505097419352,
          0.11248410110422413,
          0.11882967725788454,
          0.17858913221097078,
          0.32555363548324856,
          0.04586352906253078
        ],
        [
          0.1600505510395388,
          0.08086674869228337,
          0.18999098856819746,
          0.022124165828670307,
          0.0572397030427823,
          0.2532775675167473,
          0.23645027531178053
        ],
        [
          0.005925110218438789,
          0.06308164956230644,
          0.11245169384668936,
          0.204669316326986,
          0.14969740465734313,
          0.20453278661557542,
          0.2596420387726609
        ],
        [
          0.26844260853251023,
          0.08626814359001549,
          0.01578974721740321,
          0.24153749621660292,
          0.19343941520910016,
          0.014618060951407021,
          0.1799045282829609
        ],
        [
          0.16097438491023303,
          0.2150011477767281,
          0.05110576118791666,
          0.01694261934555314,
          0.20630211459429185,
          0.2292764267726612,
          0.120397545412616
        ],
        [
          0.1764747081430795,
          0.16699576505665528,
          0.21708379329644117,
          0.010226732967078071,
          0.25100126003040374,
          0.15546928622787054,
          0.0227484542784717
        ],
        [
          0.07616321955591372,
          0.021053268880571983,
          0.02131346498268237,
          0.3596200062582699,
          0.28128565014042467,
          0.22486183422833722,
          0.01570255595380015
        ],
        [
          0.00023245947509635838,
          0.22972760895522146,
          0.10108175154811992,
          0.186673138558686,
          0.21295107095093185,
          0.1270927213735785,
          0.142241249138366
        ],
        [
          0.10317088143334296,
          0.059258315871994684,
          0.26980672250382204,
          0.2197748608491717,
          0.0760873152320782,
          0.18642036939632609,
          0.08548153471326433
        ],
        [
          0.11323767689647786,
          0.1441004049592687,
          0.07957582743124478,
          0.18608686541653063,
          0.11616255663596904,
          0.14459029843358848,
          0.21624637022692048
        ],
        [
          0.13022153841502326,
          0.2252561700536173,
          0.2678333589869566,
          0.04171356505079166,
          0.024940870127878902,
          0.15903398164731053,
          0.1510005157184218
        ],
        [
          0.2511501859940199,
          0.019664101557089267,
          0.13996646561095705,
          0.13710410804298437,
          0.09771017205699752,
          0.049473464671977586,
          0.3049315020659743
        ],
        [
          0.016804852008684704,
          0.04497818874526996,
          0.26237110940308106,
          0.26408234406767833,
          0.19513312450525028,
          0.19313338503386476,
          0.02349699623617085
        ],
        [
          0.03158024458785259,
          0.0021675795630745802,
          0.2417270477736026,
          0.09277568881957425,
          0.26976482043819316,
          0.08694806128599153,
          0.27503655753171125
        ]
      ],
      "timestamps": [
        56,
        57,
        58,
        59,
        60,
        61,
        62,
        63,
        64,
        65,
        66,
        67,
        68,
        69,
        70,
        71,
        72,
        73,
        74,
        75,
        76,
        77,
        78,
        79,
        80,
        81,
        82
      ],
      "distance": 452
    },
    {
      "trip_id": 4,
      "transport_method": "car",
      "start_time": 83,
      "path": [
        [
          1.5181587000000003,
          42.5053335
        ],
        [
          1.5182562267309403,
          42.50549307635477
        ],
        [
          1.518477718615675,
          42.50545752756193
        ],
        [
          1.5186986458132459,
          42.505416954755816
        ],
        [
          1.5187395995602788,
          42.505528213716595
        ],
        [
          1.5185734714599068,
          42.50568088757735
        ],
        [
          1.5186072566404651,
          42.505649838561915
        ],
        [
          1.5187733847408373,
          42.50549716470116
        ],
        [
          1.5186038417824919,
          42.50552180584261
        ],
        [
          1.5183840914040514,
          42.50557296856993
        ],
        [
          1.5183778571638062,
          42.50573573532855
        ],
        [
          1.5184637047544467,
          42.50594399216531
        ],
        [
          1.5186017529012297,
          42.50612245942466
        ],
        [
          1.5187398010480126,
          42.50630092668401
        ],
        [
          1.5187847038344595,
          42.506513784457
        ],
        [
          1.518795753002122,
          42.506739141439105
        ],
        [
          1.5186960999999999,
          42.50679120000001
        ]
      ],
      "emotions": [
        "red",
        "red",
        "purple",
        "purple",
        "purple",
        "purple",
        "purple",
        "green",
        "green",
        "green",
        "green",
        "green",
        "purple",
        "purple",
        "purple",
        "purple",
        "purple"
      ],
      "mood_vectors": [
        [
          0.0863231257264167,
          0.03572129869209145,
          0.20823562208025215,
          0.14965510199957832,
          0.22478743636771623,
          0.13108406337138867,
          0.16419335176255653
        ],
        [
          0.15730624054634892,
          0.2132871312715124,
          0.19792628158657602,
          0.07469318627569974,
          0.18975285563856345,
          0.07722537737960783,
          0.08980892730169167
        ],
        [
          0.1178699389962998,
          0.017647348082991867,
          0.14541950461463737,
          0.2767769277192421,
          0.16856334132281786,
          0.14990761236632114,
          0.1238153268976899
        ],
        [
          0.08271716735862039,
          0.07983561965849079,
          0.20357443846083964,
          0.05998879962804016,
          0.17257394330835268,
          0.18616199867898175,
          0.2151480329066746
        ],
        [
          0.18717055923899303,
          0.03320473825144145,
          0.07751469974201904,
          0.21852070469524823,
          0.19423686103238164,
          0.1859926740035228,
          0.10335976303639395
        ],
        [
          0.18591984886521437,
          0.17026300012888498,
          0.13444848397481776,
          0.18247612558424123,
          0.10258992314713988,
          0.09037791217191053,
          0.13392470612779112
        ],
        [
          0.23102830072460412,
          0.22602187718041997,
          0.07971078016890591,
          0.18516747516288629,
          0.07482039253238468,
          0.04164206241878407,
          0.1616091118120149
        ],
        [
          0.25463809988896996,
          0.02496559047075155,
          0.09870640755090272,
          0.030574354048934233,
          0.11172422818231871,
          0.400894128601357,
          0.07849719125676591
        ],
        [
          0.17058869405065308,
          0.06192488848926771,
          0.13494035177362396,
          0.22160726177259812,
          0.11308931346046303,
          0.15644295580109693,
          0.14140653465229727
        ],
        [
          0.08756536550759696,
          0.16778271651005916,
          0.04574814511405884,
          0.24091600954303327,
          0.1937979462810044,
          0.17899709149623416,
          0.08519272554801313
        ],
        [
          0.12352889534961296,
          0.029603603412080487,
          0.28338479141008543,
          0.2129062220863924,
          0.1058765494671221,
          0.1506962902041851,
          0.09400364807052154
        ],
        [
          0.08861581834013647,
          0.041625918738964124,
          0.24133630057664857,
          0.17877840776292642,
          0.0637161484241417,
          0.1564423036894468,
          0.22948510246773593
        ],
        [
          0.12640833092524534,
          0.11603370101612995,
          0.2558389075942963,
          0.17293702925655127,
          0.012852836578247494,
          0.14090404328186468,
          0.17502515134766503
        ],
        [
          0.22253111022436317,
          0.03452600886858503,
          0.1799764533730014,
          0.21039926586061794,
          0.15702098958843613,
          0.03493531311416181,
          0.16061085897083446
        ],
        [
          0.06533839589478724,
          0.22430374263624034,
          0.1516781870795583,
          0.14486167213946405,
          0.18011330096433625,
          0.05017841884191997,
          0.18352628244369393
        ],
        [
          0.14035462918826544,
          0.1548766946848461,
          0.0941488205864128,
          0.222074177765045,
          0.12189966607353521,
          0.07617176007823523,
          0.1904742516236602
        ],
        [
          0.24297412788129993,
          0.11148588459900796,
          0.20676447822665706,
          0.0240956369726651,
          0.15590634291831815,
          0.06229565821570794,
          0.19647787118634386
        ]
      ],
      "timestamps": [
        83,
        84,
        85,
        86,
        87,
        88,
        89,
        90,
        91,
        92,
        93,
        94,
        95,
        96,
        97,
        98,
        99
      ],
      "distance": 517.1
    }
  ],
  "conversation": [
    "I always get turned around near the old town lanes.",
    "Let's loop around the park before heading back.",
    "Everyone looks like they're on their own quest."
  ],
  "conversation_timestamps": [
    31,
    41,
    76
  ]
}
