{"agent_id": "agent-purple-1874", "type": "purple", "trips": [{"trip_id": 0, "transport_method": "foot", "start_time": 0, "path": [[1.5810921, 42.5334537], [1.5826488, 42.535086], [1.5857281, 42.5354323], [1.5886877, 42.5354605], [1.5917647, 42.5359881], [1.5950221, 42.5364261], [1.5977167, 42.536384], [1.6009912, 42.5368437], [1.6042607, 42.5370912], [1.6071131, 42.5361759], [1.6103934, 42.5362677], [1.6136349, 42.5365414], [1.6168649, 42.5369404], [1.6186636, 42.5367317], [1.616013, 42.5351472], [1.6191999, 42.535802], [1.6224697, 42.5353163], [1.6255447, 42.5357959], [1.6252244, 42.5375027], [1.6260891, 42.5383408], [1.6264367, 42.5384072], [1.6266884, 42.538462], [1.6299603, 42.5388941], [1.633209, 42.5390973], [1.6364128, 42.5395925], [1.6394569, 42.5405487], [1.6425011, 42.5415938], [1.6454647, 42.5419871], [1.6485786, 42.5421316], [1.6514233, 42.5425138], [1.6545327, 42.5417518], [1.6576669, 42.5407542], [1.6591, 42.5404077], [1.6559109, 42.5412677], [1.658996, 42.5403355], [1.6620746, 42.5392922], [1.6653865, 42.5392604], [1.6686983, 42.5392285], [1.6715021, 42.5392437], [1.6682324, 42.5391589], [1.6649607, 42.539343], [1.6632964, 42.5369928], [1.6618584, 42.539291], [1.6651696, 42.5392153], [1.6684807, 42.5391396], [1.6717918, 42.5390639], [1.6742701, 42.5387084], [1.6762467, 42.5384374], [1.6791563, 42.5400059], [1.6820722, 42.5415184], [1.6837732, 42.5434757], [1.6843008, 42.546618], [1.6822188, 42.5486719], [1.6805521, 42.5502481], [1.6798028, 42.5526939], [1.682485, 42.5540179], [1.6853875, 42.5550465], [1.6867092, 42.5553468], [1.6872827, 42.5576545], [1.6892273, 42.5569202], [1.6892877, 42.5568328], [1.6915157, 42.5543825], [1.6941007, 42.5523315], [1.6963502, 42.5499192], [1.6985059, 42.5474805], [1.701039, 42.5453912], [1.7042353, 42.5445989], [1.707536, 42.5443272], [1.7108409, 42.5441117], [1.7141509, 42.5440072], [1.7174615, 42.5439111], [1.7207716, 42.5437988], [1.7240825, 42.5437716], [1.727364, 42.5441693], [1.73047, 42.5452979], [1.733347, 42.5469331], [1.7336103, 42.546351], [1.7346736, 42.545784], [1.733742, 42.5442441], [1.7336146, 42.540984]], "mood_vectors": [[0.036, 0.054, 0.0682, 0.0837, 0.0213, 0.6791, 0.0577], [0.0136, 0.0565, 0.035, 0.0795, 0.0231, 0.717, 0.0753], [0.0189, 0.066, 0.0803, 0.0606, 0.0482, 0.7051, 0.0208], [0.0767, 0.0422, 0.0344, 0.0636, 0.0445, 0.6981, 0.0405], [0.0357, 0.0511, 0.0881, 0.0352, 0.065, 0.6681, 0.0568], [0.0687, 0.0438, 0.0761, 0.0408, 0.0771, 0.6253, 0.0682], [0.0515, 0.0416, 0.0669, 0.069, 0.0512, 0.6617, 0.0581], [0.0696, 0.0219, 0.0797, 0.0505, 0.0633, 0.6848, 0.0303], [0.0565, 0.0711, 0.0131, 0.0538, 0.0569, 0.6952, 0.0534], [0.0439, 0.0529, 0.0644, 0.0611, 0.048, 0.6913, 0.0384], [0.0585, 0.0323, 0.0349, 0.0583, 0.037, 0.716, 0.063], [0.0132, 0.0276, 0.0391, 0.0623, 0.0404, 0.7598, 0.0577], [0.0481, 0.013, 0.0383, 0.0714, 0.0706, 0.7076, 0.0509], [0.015, 0.0228, 0.052, 0.0524, 0.0683, 0.7223, 0.0673], [0.0699, 0.0711, 0.0392, 0.0583, 0.013, 0.7126, 0.036], [0.0393, 0.0521, 0.0191, 0.0687, 0.0761, 0.7221, 0.0226], [0.0721, 0.0672, 0.0132, 0.022, 0.0137, 0.7468, 0.065], [0.0304, 0.052, 0.0194, 0.0129, 0.0268, 0.8444, 0.0139], [0.0178, 0.0673, 0.0436, 0.019, 0.047, 0.7259, 0.0794], [0.0897, 0.0587, 0.0505, 0.0446, 0.0437, 0.6928, 0.0199], [0.0473, 0.0745, 0.0206, 0.0855, 0.0184, 0.6665, 0.0872], [0.0654, 0.0528, 0.0414, 0.035, 0.0229, 0.7396, 0.0429], [0.0397, 0.0629, 0.021, 0.0171, 0.0203, 0.8113, 0.0279], [0.027, 0.0317, 0.0995, 0.0306, 0.0696, 0.709, 0.0327], [0.0477, 0.0626, 0.0701, 0.0843, 0.08, 0.6203, 0.0349], [0.089, 0.0248, 0.0369, 0.0967, 0.0417, 0.6963, 0.0146], [0.0128, 0.0417, 0.0222, 0.0695, 0.0683, 0.7083, 0.077], [0.0821, 0.0807, 0.0434, 0.0312, 0.0461, 0.6852, 0.0315], [0.0371, 0.0733, 0.0235, 0.0376, 0.069, 0.6713, 0.0883], [0.0653, 0.0639, 0.0561, 0.0633, 0.0234, 0.7115, 0.0165], [0.0854, 0.0598, 0.0561, 0.0789, 0.0482, 0.6068, 0.0648], [0.0588, 0.0791, 0.0848, 0.0446, 0.0828, 0.6165, 0.0334], [0.0692, 0.072, 0.0407, 0.0749, 0.0699, 0.6357, 0.0377], [0.0227, 0.0485, 0.0646, 0.0192, 0.0269, 0.7446, 0.0735], [0.075, 0.0302, 0.0434, 0.0443, 0.0149, 0.7226, 0.0697], [0.0263, 0.0714, 0.0533, 0.0243, 0.0869, 0.6663, 0.0715], [0.0165, 0.0836, 0.0205, 0.0895, 0.0387, 0.6792, 0.072], [0.063, 0.0655, 0.0699, 0.0168, 0.0935, 0.6767, 0.0147], [0.0626, 0.0675, 0.0465, 0.068, 0.0273, 0.704, 0.0241], [0.0544, 0.0394, 0.0898, 0.0217, 0.0619, 0.6532, 0.0796], [0.0869, 0.0743, 0.0159, 0.0681, 0.0579, 0.6573, 0.0396], [0.0486, 0.0453, 0.0554, 0.0744, 0.0691, 0.6664, 0.0408], [0.0162, 0.0292, 0.0259, 0.0809, 0.0948, 0.7028, 0.0502], [0.0565, 0.0621, 0.0117, 0.0222, 0.0238, 0.7615, 0.0622], [0.0242, 0.0501, 0.0556, 0.0499, 0.0702, 0.7086, 0.0415], [0.0447, 0.0363, 0.0397, 0.0244, 0.0879, 0.7389, 0.0281], [0.0717, 0.0579, 0.0242, 0.0218, 0.016, 0.7484, 0.0601], [0.0677, 0.0582, 0.0215, 0.0352, 0.0146, 0.7821, 0.0208], [0.0735, 0.0709, 0.041, 0.0672, 0.0129, 0.7217, 0.0128], [0.0127, 0.0406, 0.071, 0.0366, 0.0686, 0.7367, 0.0338], [0.0751, 0.0538, 0.0675, 0.0249, 0.0409, 0.6687, 0.0691], [0.0738, 0.0397, 0.0286, 0.0439, 0.073, 0.685, 0.056], [0.0942, 0.0434, 0.0874, 0.017, 0.0332, 0.6587, 0.066], [0.0901, 0.021, 0.0213, 0.0302, 0.0186, 0.7835, 0.0353], [0.029, 0.082, 0.0308, 0.0271, 0.0521, 0.7109, 0.0681], [0.0835, 0.0448, 0.0681, 0.0415, 0.0537, 0.628, 0.0804], [0.022, 0.0186, 0.0561, 0.0703, 0.043, 0.7223, 0.0677], [0.0415, 0.028, 0.0676, 0.0629, 0.0215, 0.763, 0.0156], [0.0692, 0.0172, 0.0829, 0.0789, 0.018, 0.6704, 0.0634], [0.0429, 0.0459, 0.0594, 0.0651, 0.0434, 0.6982, 0.045], [0.0327, 0.049, 0.0537, 0.0879, 0.0401, 0.6806, 0.056], [0.0973, 0.0491, 0.0353, 0.051, 0.0287, 0.6714, 0.0671], [0.0554, 0.0311, 0.0139, 0.0308, 0.0559, 0.7639, 0.049], [0.0743, 0.0434, 0.0473, 0.0591, 0.0357, 0.7214, 0.0189], [0.0775, 0.0178, 0.0231, 0.0684, 0.0247, 0.7449, 0.0436], [0.0686, 0.0138, 0.0488, 0.0545, 0.0651, 0.669, 0.0803], [0.049, 0.0776, 0.0689, 0.0682, 0.0137, 0.7053, 0.0172], [0.0316, 0.0575, 0.0349, 0.0618, 0.0658, 0.6988, 0.0496], [0.0546, 0.0138, 0.0383, 0.0311, 0.0136, 0.7649, 0.0837], [0.0342, 0.0734, 0.0281, 0.0587, 0.0629, 0.6806, 0.0621], [0.0522, 0.0675, 0.0562, 0.0616, 0.0766, 0.6193, 0.0667], [0.0834, 0.0141, 0.0447, 0.053, 0.0852, 0.6358, 0.0837], [0.0549, 0.0404, 0.0481, 0.0383, 0.0589, 0.721, 0.0384], [0.0345, 0.0509, 0.0684, 0.0172, 0.0246, 0.7312, 0.0731], [0.0259, 0.0507, 0.0676, 0.0291, 0.0647, 0.6958, 0.0662], [0.0549, 0.0282, 0.0504, 0.0255, 0.0217, 0.7708, 0.0486], [0.0403, 0.0621, 0.0287, 0.0693, 0.032, 0.7341, 0.0334], [0.0131, 0.043, 0.0475, 0.0385, 0.057, 0.756, 0.045], [0.0205, 0.0568, 0.0143, 0.0718, 0.0125, 0.7535, 0.0705], [0.0634, 0.0757, 0.0165, 0.0251, 0.0584, 0.7022, 0.0587]], "emotions": ["purple", "purple", "purple", "purple", "purple", "purple", "purple", "purple", "purple", "purple", "purple", "purple", "purple", "purple", "purple", "purple", "purple", "purple", "purple", "purple", "purple", "purple", "purple", "purple", "purple", "purple", "purple", "purple", "purple", "purple", "purple", "purple", "purple", "purple", "purple", "purple", "purple", "purple", "purple", "purple", "purple", "purple", "purple", "purple", "purple", "purple", "purple", "purple", "purple", "purple", "purple", "purple", "purple", "purple", "purple", "purple", "purple", "purple", "purple", "purple", "purple", "purple", "purple", "purple", "purple", "purple", "purple", "purple", "purple", "purple", "purple", "purple", "purple", "purple", "purple", "purple", "purple", "purple", "purple", "purple"], "timestamps": [0, 40, 80, 120, 160, 200, 240, 280, 320, 360, 400, 440, 480, 520, 560, 600, 640, 680, 720, 760, 800, 840, 880, 920, 960, 1000, 1040, 1080, 1120, 1160, 1200, 1240, 1280, 1320, 1360, 1400, 1440, 1480, 1520, 1560, 1600, 1640, 1680, 1720, 1760, 1800, 1840, 1880, 1920, 1960, 2000, 2040, 2080, 2120, 2160, 2200, 2240, 2280, 2320, 2360, 2400, 2440, 2480, 2520, 2560, 2600, 2640, 2680, 2720, 2760, 2800, 2840, 2880, 2920, 2960, 3000, 3040, 3080, 3120, 3160]}], "conversation": [], "conversation_timestamps": []}