{"agent_id": "agent-red-1031", "type": "red", "trips": [{"trip_id": 0, "transport_method": "bicycle", "start_time": 0, "path": [[1.5317459, 42.5086589], [1.5316867, 42.5088771], [1.531594, 42.5090376], [1.5313751, 42.5089805], [1.5311563, 42.5089234], [1.5309375, 42.5088664], [1.5307179, 42.5088485], [1.5304972, 42.5088977], [1.5302882, 42.5088449], [1.5300857, 42.5087442], [1.5298848, 42.5086411], [1.5296601, 42.5086154], [1.5295572, 42.5084644], [1.5293609, 42.5083523], [1.5292975, 42.5081859], [1.5291051, 42.5080713], [1.5289094, 42.507958], [1.5287477, 42.5078186], [1.5286503, 42.5076476], [1.5284609, 42.5075333], [1.5282637, 42.5074227], [1.5280665, 42.5073121], [1.5278454, 42.507276], [1.5276206, 42.5072519], [1.5273951, 42.5072345], [1.5271694, 42.5072212], [1.5269433, 42.507225], [1.5267174, 42.5072327], [1.5264919, 42.5072193], [1.5262665, 42.5072018], [1.5260412, 42.507182], [1.5258173, 42.5071502], [1.5255934, 42.5071185], [1.5253695, 42.5070867], [1.5251457, 42.5070548], [1.5249422, 42.506956], [1.5247388, 42.5068573], [1.5245138, 42.5068758], [1.5242885, 42.5068958], [1.5240684, 42.506855], [1.5238496, 42.5067976], [1.5236308, 42.5067403], [1.5234121, 42.5066829], [1.5231902, 42.5066397], [1.5229675, 42.5066003], [1.5227463, 42.506555], [1.5225299, 42.5064891], [1.5223136, 42.5064232], [1.5220972, 42.5063573], [1.5218809, 42.5062915], [1.5216662, 42.5062207], [1.5214541, 42.5061422], [1.5212421, 42.5060636], [1.52103, 42.5059851], [1.5208179, 42.5059065], [1.5209495, 42.505952], [1.5211616, 42.5060305], [1.5213733, 42.5061101], [1.521585, 42.5061897], [1.521697, 42.506234], [1.5214825, 42.5061623], [1.521268, 42.5060906], [1.5210536, 42.5060189], [1.5208391, 42.5059472], [1.5206246, 42.5058755], [1.5204087, 42.5058089], [1.5201886, 42.5057566], [1.5199686, 42.5057043], [1.5197486, 42.505652], [1.5195286, 42.5055996], [1.5193085, 42.5055478], [1.5190865, 42.5055052], [1.5188623, 42.5054764], [1.5186372, 42.5054548], [1.5184121, 42.5054331], [1.5184287, 42.5052201], [1.5185172, 42.505012], [1.5185203, 42.5048159], [1.5182948, 42.5048179], [1.5180687, 42.5048152]], "mood_vectors": [[0.6656, 0.0862, 0.0984, 0.0759, 0.0217, 0.0218, 0.0305], [0.7197, 0.0266, 0.0408, 0.0523, 0.0797, 0.0493, 0.0315], [0.6674, 0.0771, 0.0257, 0.0561, 0.0761, 0.0373, 0.0603], [0.6845, 0.062, 0.0188, 0.0437, 0.0679, 0.0568, 0.0662], [0.7323, 0.0811, 0.0249, 0.0499, 0.0148, 0.0462, 0.0508], [0.6562, 0.0604, 0.0742, 0.0513, 0.0653, 0.0353, 0.0573], [0.5583, 0.0826, 0.037, 0.0856, 0.083, 0.0675, 0.086], [0.7084, 0.029, 0.0656, 0.0538, 0.0641, 0.0569, 0.0223], [0.6824, 0.0224, 0.0161, 0.072, 0.0634, 0.0901, 0.0535], [0.7339, 0.0498, 0.0315, 0.026, 0.0572, 0.0816, 0.02], [0.7239, 0.0766, 0.0179, 0.0324, 0.0656, 0.0476, 0.036], [0.6843, 0.0182, 0.0158, 0.0693, 0.0705, 0.0661, 0.0759], [0.6517, 0.0345, 0.0537, 0.0462, 0.0643, 0.0753, 0.0743], [0.7527, 0.0649, 0.0589, 0.0324, 0.025, 0.0473, 0.0188], [0.6918, 0.0577, 0.0676, 0.0336, 0.0591, 0.0643, 0.0259], [0.7554, 0.0326, 0.0537, 0.0276, 0.0289, 0.0265, 0.0753], [0.6811, 0.0733, 0.0386, 0.0751, 0.0776, 0.0345, 0.0198], [0.7533, 0.0517, 0.0292, 0.0597, 0.0222, 0.0593, 0.0245], [0.5993, 0.0838, 0.0481, 0.0843, 0.0454, 0.0777, 0.0614], [0.7247, 0.0462, 0.0179, 0.0533, 0.0555, 0.0681, 0.0344], [0.7145, 0.0605, 0.052, 0.0161, 0.0644, 0.0165, 0.0761], [0.7029, 0.041, 0.035, 0.0174, 0.0566, 0.0704, 0.0766], [0.6735, 0.0448, 0.065, 0.0147, 0.0704, 0.0643, 0.0674], [0.6422, 0.0744, 0.0465, 0.0776, 0.0337, 0.0791, 0.0466], [0.7097, 0.0349, 0.0511, 0.0325, 0.0622, 0.0514, 0.0582], [0.6541, 0.0612, 0.0657, 0.0452, 0.0608, 0.0294, 0.0836], [0.6836, 0.0317, 0.0929, 0.0473, 0.0702, 0.0563, 0.0179], [0.7301, 0.0671, 0.0296, 0.0612, 0.0188, 0.0609, 0.0323], [0.7457, 0.0707, 0.0185, 0.0705, 0.0178, 0.052, 0.0248], [0.7321, 0.0151, 0.0329, 0.0687, 0.0422, 0.0762, 0.0328], [0.6574, 0.0715, 0.0472, 0.0318, 0.0534, 0.0876, 0.051], [0.8154, 0.0465, 0.0254, 0.0563, 0.0143, 0.0283, 0.0138], [0.6588, 0.0225, 0.0567, 0.0768, 0.0782, 0.0743, 0.0327], [0.6921, 0.0187, 0.07, 0.0596, 0.0797, 0.0596, 0.0203], [0.7332, 0.0158, 0.0478, 0.0309, 0.0597, 0.0839, 0.0287], [0.7619, 0.0395, 0.0636, 0.012, 0.0393, 0.0447, 0.0391], [0.7733, 0.0236, 0.0383, 0.0169, 0.0653, 0.0328, 0.0498], [0.7422, 0.0279, 0.0357, 0.0369, 0.0267, 0.0541, 0.0766], [0.7097, 0.0737, 0.0333, 0.0352, 0.0852, 0.0229, 0.04], [0.7727, 0.0187, 0.0217, 0.0371, 0.0641, 0.0168, 0.069], [0.6616, 0.0206, 0.052, 0.0744, 0.0957, 0.0798, 0.0159], [0.7316, 0.0558, 0.046, 0.0693, 0.0419, 0.0147, 0.0408], [0.6093, 0.058, 0.0709, 0.0688, 0.0487, 0.0618, 0.0825], [0.7271, 0.0384, 0.0961, 0.0397, 0.0198, 0.046, 0.0329], [0.6177, 0.048, 0.0702, 0.0629, 0.0558, 0.0695, 0.0758], [0.7637, 0.0351, 0.0428, 0.0505, 0.042, 0.0209, 0.0451], [0.6803, 0.0531, 0.0311, 0.0295, 0.0807, 0.0515, 0.0738], [0.6691, 0.0815, 0.0634, 0.0368, 0.0778, 0.0443, 0.0271], [0.5985, 0.0714, 0.0748, 0.0471, 0.0839, 0.0712, 0.053], [0.6318, 0.0596, 0.089, 0.0766, 0.0796, 0.0332, 0.0301], [0.6863, 0.0561, 0.0564, 0.0325, 0.0596, 0.0457, 0.0634], [0.6542, 0.0349, 0.0558, 0.0278, 0.0653, 0.0723, 0.0896], [0.6949, 0.085, 0.0762, 0.0371, 0.0573, 0.0343, 0.0152], [0.7589, 0.0458, 0.0731, 0.0308, 0.0206, 0.0431, 0.0278], [0.7594, 0.0239, 0.0263, 0.0747, 0.0528, 0.0136, 0.0493], [0.6366, 0.0234, 0.0614, 0.0691, 0.0701, 0.0653, 0.0742], [0.6903, 0.0611, 0.0196, 0.0647, 0.0427, 0.0572, 0.0642], [0.6374, 0.0226, 0.0359, 0.0456, 0.0944, 0.0718, 0.0923], [0.7316, 0.0369, 0.0676, 0.0333, 0.035, 0.0529, 0.0428], [0.7002, 0.0757, 0.0398, 0.0428, 0.0204, 0.0714, 0.0497], [0.7043, 0.0311, 0.046, 0.0693, 0.0505, 0.0493, 0.0495], [0.7415, 0.0151, 0.0201, 0.0566, 0.0696, 0.0828, 0.0143], [0.7191, 0.0514, 0.0759, 0.0296, 0.0452, 0.0655, 0.0134], [0.6784, 0.0508, 0.0682, 0.0439, 0.0384, 0.0789, 0.0412], [0.5891, 0.0768, 0.0289, 0.069, 0.0848, 0.0707, 0.0806], [0.6568, 0.069, 0.0183, 0.0785, 0.0642, 0.0831, 0.0301], [0.7016, 0.0495, 0.0651, 0.0531, 0.0579, 0.0447, 0.0282], [0.7293, 0.0598, 0.0571, 0.0258, 0.0298, 0.0218, 0.0764], [0.7072, 0.0716, 0.0682, 0.0392, 0.0634, 0.0336, 0.0168], [0.6974, 0.041, 0.02, 0.0497, 0.0599, 0.0641, 0.068], [0.7875, 0.0592, 0.0277, 0.0177, 0.0142, 0.0562, 0.0376], [0.6912, 0.059, 0.0345, 0.029, 0.057, 0.0974, 0.0318], [0.7206, 0.0249, 0.0794, 0.0137, 0.0762, 0.0389, 0.0463], [0.6982, 0.0166, 0.07, 0.0554, 0.0741, 0.0158, 0.0699], [0.7329, 0.0656, 0.0787, 0.0212, 0.0324, 0.0271, 0.0421], [0.7363, 0.0589, 0.0583, 0.0588, 0.0144, 0.0257, 0.0477], [0.7377, 0.0506, 0.0722, 0.052, 0.0224, 0.0282, 0.0369], [0.7993, 0.0286, 0.0183, 0.0431, 0.0222, 0.0561, 0.0324], [0.7201, 0.0372, 0.0513, 0.0142, 0.0494, 0.0613, 0.0664], [0.7125, 0.0426, 0.0339, 0.0545, 0.0477, 0.0524, 0.0565]], "emotions": ["red", "red", "red", "red", "red", "red", "red", "red", "red", "red", "red", "red", "red", "red", "red", "red", "red", "red", "red", "red", "red", "red", "red", "red", "red", "red", "red", "red", "red", "red", "red", "red", "red", "red", "red", "red", "red", "red", "red", "red", "red", "red", "red", "red", "red", "red", "red", "red", "red", "red", "red", "red", "red", "red", "red", "red", "red", "red", "red", "red", "red", "red", "red", "red", "red", "red", "red", "red", "red", "red", "red", "red", "red", "red", "red", "red", "red", "red", "red", "red"], "timestamps": [0, 40, 80, 120, 160, 200, 240, 280, 320, 360, 400, 440, 480, 520, 560, 600, 640, 680, 720, 760, 800, 840, 880, 920, 960, 1000, 1040, 1080, 1120, 1160, 1200, 1240, 1280, 1320, 1360, 1400, 1440, 1480, 1520, 1560, 1600, 1640, 1680, 1720, 1760, 1800, 1840, 1880, 1920, 1960, 2000, 2040, 2080, 2120, 2160, 2200, 2240, 2280, 2320, 2360, 2400, 2440, 2480, 2520, 2560, 2600, 2640, 2680, 2720, 2760, 2800, 2840, 2880, 2920, 2960, 3000, 3040, 3080, 3120, 3160]}], "conversation": [], "conversation_timestamps": []}