{"agent_id": "agent-green-1757", "type": "green", "trips": [{"trip_id": 0, "transport_method": "foot", "start_time": 0, "path": [[1.5307958, 42.507546], [1.5309126, 42.5069905], [1.53025, 42.5066274], [1.5296279, 42.5061921], [1.5289825, 42.5058054], [1.5282512, 42.505601], [1.5275215, 42.5053934], [1.5267778, 42.5052984], [1.5260208, 42.5053111], [1.5252757, 42.5051649], [1.5245306, 42.5050186], [1.5237829, 42.5048873], [1.5230343, 42.5047785], [1.5222892, 42.5047767], [1.5215901, 42.5046034], [1.5209, 42.5042865], [1.52021, 42.5039696], [1.5201885, 42.5039373], [1.5208904, 42.5042271], [1.5216006, 42.5044938], [1.5219636, 42.5047868], [1.5212517, 42.5045226], [1.5205398, 42.5042584], [1.5198279, 42.5039943], [1.5191391, 42.503691], [1.5184431, 42.5036165], [1.5176901, 42.5037137], [1.5169335, 42.5037338], [1.5162073, 42.5035301], [1.5155855, 42.5030956], [1.5149432, 42.5026908], [1.5142501, 42.5024249], [1.5136049, 42.502069], [1.5130629, 42.501638], [1.5125337, 42.5012187], [1.5120777, 42.5006116], [1.5116194, 42.5000062], [1.5111479, 42.499411], [1.5106764, 42.4988158], [1.5101624, 42.4982631], [1.5094932, 42.497906], [1.5088113, 42.497572], [1.508127, 42.497243], [1.5074237, 42.4969581], [1.5067091, 42.4967014], [1.5059933, 42.4964483], [1.5052706, 42.4962152], [1.5045812, 42.4959018], [1.503904, 42.4955626], [1.5031815, 42.4953301], [1.502492, 42.4950131], [1.5018068, 42.4946861], [1.5011179, 42.4943668], [1.5005697, 42.4939302], [1.500023, 42.4934094], [1.4994208, 42.4929479], [1.4987571, 42.4925803], [1.4980849, 42.4922271], [1.4974296, 42.4918441], [1.4967955, 42.4914266], [1.4963046, 42.4908912], [1.4962471, 42.4901365], [1.4958329, 42.4895151], [1.4953376, 42.4889395], [1.4948517, 42.4883562], [1.4946554, 42.487641], [1.494723, 42.4868919], [1.4943991, 42.4862136], [1.4938441, 42.4856974], [1.4932296, 42.4852532], [1.4926059, 42.484843], [1.4918656, 42.484743], [1.4911735, 42.484459], [1.4905494, 42.4840667], [1.490086, 42.4839813], [1.4893371, 42.4839697], [1.4887132, 42.4835932], [1.4880872, 42.4831684], [1.4874809, 42.482712], [1.4871061, 42.4820812]], "mood_vectors": [[0.0342, 0.0166, 0.0882, 0.0236, 0.0423, 0.0343, 0.7607], [0.0313, 0.0532, 0.0176, 0.0339, 0.0628, 0.056, 0.7451], [0.0338, 0.0216, 0.088, 0.0894, 0.0601, 0.02, 0.687], [0.0417, 0.0166, 0.0491, 0.0538, 0.012, 0.0432, 0.7835], [0.0469, 0.0568, 0.0703, 0.0687, 0.0463, 0.0626, 0.6482], [0.0134, 0.0811, 0.0196, 0.0764, 0.0127, 0.0762, 0.7206], [0.0707, 0.0501, 0.0279, 0.0484, 0.0836, 0.0841, 0.6351], [0.0698, 0.0346, 0.0505, 0.0653, 0.0441, 0.0538, 0.682], [0.0217, 0.0273, 0.0733, 0.0582, 0.0331, 0.0289, 0.7576], [0.0581, 0.0179, 0.0278, 0.0668, 0.078, 0.0548, 0.6967], [0.0172, 0.0781, 0.076, 0.0285, 0.0161, 0.0415, 0.7427], [0.0154, 0.0835, 0.0162, 0.054, 0.0983, 0.0596, 0.6729], [0.0254, 0.0325, 0.0241, 0.027, 0.0649, 0.0764, 0.7497], [0.0495, 0.0285, 0.0647, 0.052, 0.0371, 0.0177, 0.7504], [0.0413, 0.0255, 0.0264, 0.0686, 0.0755, 0.0676, 0.6951], [0.0595, 0.0243, 0.0336, 0.072, 0.0924, 0.0313, 0.6869], [0.0626, 0.0481, 0.031, 0.0349, 0.0543, 0.0777, 0.6914], [0.0704, 0.0166, 0.0232, 0.0429, 0.0126, 0.0738, 0.7605], [0.0235, 0.0331, 0.0238, 0.0954, 0.016, 0.0317, 0.7766], [0.0544, 0.0315, 0.0741, 0.0816, 0.0747, 0.0448, 0.6388], [0.0194, 0.0412, 0.0572, 0.028, 0.0243, 0.0688, 0.7611], [0.0537, 0.024, 0.0751, 0.0744, 0.0722, 0.0176, 0.683], [0.018, 0.0273, 0.0787, 0.0606, 0.0946, 0.0334, 0.6873], [0.0724, 0.0676, 0.0259, 0.0235, 0.0812, 0.0487, 0.6808], [0.0313, 0.0316, 0.03, 0.0269, 0.0657, 0.0787, 0.7358], [0.0656, 0.0481, 0.0157, 0.0594, 0.0306, 0.0439, 0.7369], [0.0608, 0.0755, 0.0533, 0.0691, 0.0136, 0.0365, 0.6913], [0.0404, 0.052, 0.0826, 0.0137, 0.0458, 0.0877, 0.6778], [0.052, 0.05, 0.0343, 0.0724, 0.0354, 0.0208, 0.7352], [0.0618, 0.053, 0.0275, 0.0471, 0.0528, 0.059, 0.6988], [0.0581, 0.071, 0.0717, 0.0153, 0.076, 0.0156, 0.6923], [0.0383, 0.0818, 0.0476, 0.0886, 0.0734, 0.0364, 0.6339], [0.0327, 0.0256, 0.0817, 0.0857, 0.0775, 0.0902, 0.6066], [0.0554, 0.0625, 0.0417, 0.0682, 0.0352, 0.0667, 0.6702], [0.0205, 0.0787, 0.062, 0.0322, 0.0575, 0.0396, 0.7094], [0.013, 0.0355, 0.0753, 0.0321, 0.0598, 0.0388, 0.7456], [0.0338, 0.0664, 0.0394, 0.0715, 0.0656, 0.0814, 0.6419], [0.0243, 0.066, 0.0467, 0.0428, 0.054, 0.0595, 0.7067], [0.0153, 0.0474, 0.0263, 0.0261, 0.0605, 0.0282, 0.7963], [0.0502, 0.0181, 0.0469, 0.0311, 0.0715, 0.0742, 0.708], [0.074, 0.0343, 0.0205, 0.0237, 0.0715, 0.0347, 0.7413], [0.0195, 0.0534, 0.0702, 0.0342, 0.0789, 0.045, 0.6988], [0.0597, 0.0546, 0.0572, 0.03, 0.0634, 0.0473, 0.6878], [0.0203, 0.0574, 0.0485, 0.0631, 0.0537, 0.0131, 0.744], [0.0693, 0.0508, 0.0576, 0.0665, 0.056, 0.0398, 0.66], [0.036, 0.0529, 0.0865, 0.072, 0.0672, 0.034, 0.6513], [0.0485, 0.0849, 0.0395, 0.0253, 0.0388, 0.0522, 0.7108], [0.0675, 0.022, 0.0664, 0.0476, 0.0267, 0.0362, 0.7337], [0.0274, 0.0262, 0.032, 0.0754, 0.0232, 0.0599, 0.756], [0.0415, 0.0645, 0.0345, 0.0561, 0.061, 0.0715, 0.6709], [0.0238, 0.079, 0.0333, 0.0248, 0.0824, 0.0676, 0.6892], [0.0361, 0.0685, 0.0537, 0.0787, 0.04, 0.0673, 0.6556], [0.0602, 0.0647, 0.0693, 0.0182, 0.0615, 0.0555, 0.6706], [0.0557, 0.0251, 0.0473, 0.0223, 0.041, 0.0569, 0.7518], [0.0505, 0.0411, 0.0435, 0.0597, 0.0703, 0.0537, 0.6811], [0.0187, 0.0194, 0.0169, 0.0316, 0.0827, 0.0211, 0.8096], [0.0664, 0.0642, 0.0831, 0.0576, 0.0241, 0.0237, 0.681], [0.0348, 0.0337, 0.0696, 0.0383, 0.0416, 0.0729, 0.7091], [0.0676, 0.0483, 0.0517, 0.0607, 0.0551, 0.0649, 0.6517], [0.0648, 0.0834, 0.0188, 0.026, 0.0845, 0.0389, 0.6836], [0.08, 0.0726, 0.0607, 0.0709, 0.075, 0.0466, 0.5944], [0.0177, 0.0253, 0.0918, 0.0165, 0.0758, 0.0645, 0.7084], [0.0766, 0.0364, 0.0268, 0.0652, 0.0146, 0.0176, 0.7628], [0.042, 0.0716, 0.0315, 0.0373, 0.0165, 0.0273, 0.7738], [0.06, 0.088, 0.062, 0.0156, 0.0856, 0.0325, 0.6563], [0.0716, 0.062, 0.0484, 0.0535, 0.0266, 0.035, 0.703], [0.0627, 0.0588, 0.0681, 0.0229, 0.0472, 0.0184, 0.7219], [0.015, 0.0701, 0.0674, 0.0509, 0.0275, 0.0284, 0.7407], [0.08, 0.084, 0.0579, 0.0425, 0.0323, 0.0196, 0.6838], [0.0459, 0.064, 0.0141, 0.0558, 0.0776, 0.0816, 0.6609], [0.0322, 0.0181, 0.0235, 0.0508, 0.0155, 0.0184, 0.8415], [0.072, 0.0293, 0.0302, 0.0502, 0.0577, 0.0141, 0.7464], [0.0564, 0.034, 0.0345, 0.0912, 0.042, 0.0274, 0.7145], [0.0758, 0.0461, 0.0285, 0.0263, 0.0259, 0.0787, 0.7186], [0.0716, 0.0507, 0.0548, 0.0258, 0.0639, 0.0867, 0.6463], [0.0263, 0.0401, 0.0801, 0.0391, 0.063, 0.0652, 0.6862], [0.0252, 0.0625, 0.0478, 0.0726, 0.0783, 0.021, 0.6926], [0.0371, 0.0812, 0.0234, 0.0737, 0.0231, 0.0231, 0.7384], [0.041, 0.0231, 0.0854, 0.0831, 0.0188, 0.0142, 0.7343], [0.049, 0.0243, 0.0427, 0.042, 0.0825, 0.0168, 0.7427]], "emotions": ["purple", "purple", "purple", "purple", "purple", "purple", "purple", "purple", "purple", "purple", "purple", "purple", "purple", "purple", "purple", "purple", "purple", "purple", "purple", "purple", "purple", "purple", "purple", "purple", "purple", "purple", "purple", "purple", "purple", "purple", "purple", "purple", "purple", "purple", "purple", "purple", "purple", "purple", "purple", "purple", "purple", "purple", "purple", "purple", "purple", "purple", "purple", "purple", "purple", "purple", "purple", "purple", "purple", "purple", "purple", "purple", "purple", "purple", "purple", "purple", "purple", "purple", "purple", "purple", "purple", "purple", "purple", "purple", "purple", "purple", "purple", "purple", "purple", "purple", "purple", "purple", "purple", "purple", "purple", "purple"], "timestamps": [0, 40, 80, 120, 160, 200, 240, 280, 320, 360, 400, 440, 480, 520, 560, 600, 640, 680, 720, 760, 800, 840, 880, 920, 960, 1000, 1040, 1080, 1120, 1160, 1200, 1240, 1280, 1320, 1360, 1400, 1440, 1480, 1520, 1560, 1600, 1640, 1680, 1720, 1760, 1800, 1840, 1880, 1920, 1960, 2000, 2040, 2080, 2120, 2160, 2200, 2240, 2280, 2320, 2360, 2400, 2440, 2480, 2520, 2560, 2600, 2640, 2680, 2720, 2760, 2800, 2840, 2880, 2920, 2960, 3000, 3040, 3080, 3120, 3160]}], "conversation": [], "conversation_timestamps": []}