{"agent_id": "agent-purple-1319", "type": "purple", "trips": [{"trip_id": 0, "transport_method": "bus", "start_time": 0, "path": [[1.5481219, 42.5100749], [1.5480095, 42.5097887], [1.5478969, 42.5095027], [1.5477834, 42.509217], [1.5476682, 42.5089319], [1.5475746, 42.5086434], [1.547381, 42.5084088], [1.5471646, 42.5082772], [1.5468735, 42.508181], [1.5465688, 42.5081435], [1.5462628, 42.50816], [1.5459634, 42.5082289], [1.5456669, 42.5083101], [1.5453646, 42.5083472], [1.5450667, 42.5083781], [1.5447719, 42.5084636], [1.5444707, 42.5085145], [1.5441645, 42.5084919], [1.5438746, 42.5083917], [1.5435903, 42.5082749], [1.5432942, 42.5081935], [1.5429909, 42.5081432], [1.5426872, 42.5080956], [1.5423842, 42.5080439], [1.5420827, 42.5079838], [1.5417818, 42.5079206], [1.5414824, 42.5078508], [1.5411821, 42.5077854], [1.5408791, 42.507734], [1.5405747, 42.5076909], [1.5402706, 42.5076463], [1.539966, 42.5076043], [1.5396626, 42.5075558], [1.539361, 42.507496], [1.5390595, 42.5074362], [1.5387577, 42.5073777], [1.5384555, 42.5073209], [1.538153, 42.5072664], [1.5378504, 42.5072121], [1.5375476, 42.5071589], [1.537245, 42.5071046], [1.5369386, 42.5071302], [1.5367194, 42.5070012], [1.5364233, 42.5069485], [1.5361259, 42.5068735], [1.5358248, 42.5068116], [1.5355236, 42.5067497], [1.5352225, 42.5066878], [1.5349214, 42.5066259], [1.5346207, 42.5065619], [1.5343196, 42.5065325], [1.5340125, 42.5065279], [1.5337124, 42.5064616], [1.5334113, 42.5063994], [1.5331103, 42.5063371], [1.5328092, 42.5062749], [1.5325136, 42.5061955], [1.5322446, 42.5060472], [1.5319783, 42.5058936], [1.5316806, 42.5058791], [1.5313771, 42.5058462], [1.5310745, 42.5057921], [1.5307719, 42.5057379], [1.5304734, 42.5056643], [1.5301743, 42.5055939], [1.5298715, 42.5055405], [1.5295687, 42.5054872], [1.5292659, 42.5054343], [1.528963, 42.5053814], [1.5286602, 42.5053285], [1.5283568, 42.5052803], [1.5280501, 42.505277], [1.5277436, 42.5053001], [1.5274392, 42.5053387], [1.5271333, 42.5053137], [1.526828, 42.505299], [1.5265208, 42.5053087], [1.5262137, 42.5053231], [1.5260402, 42.5055176], [1.525917, 42.5057988]], "mood_vectors": [[0.0722, 0.0237, 0.0149, 0.0744, 0.0759, 0.7266, 0.0123], [0.0227, 0.0738, 0.0795, 0.0501, 0.0166, 0.7309, 0.0263], [0.065, 0.0352, 0.0466, 0.026, 0.0344, 0.7207, 0.0722], [0.0694, 0.0428, 0.0906, 0.0908, 0.0573, 0.5896, 0.0594], [0.0302, 0.0809, 0.051, 0.0565, 0.0254, 0.7438, 0.0121], [0.0322, 0.055, 0.0169, 0.0657, 0.0617, 0.7345, 0.0339], [0.1005, 0.03, 0.0356, 0.0878, 0.0372, 0.6794, 0.0295], [0.0427, 0.0493, 0.0714, 0.0448, 0.0224, 0.7077, 0.0618], [0.0325, 0.0531, 0.0548, 0.0525, 0.0724, 0.693, 0.0416], [0.0208, 0.0772, 0.0376, 0.0685, 0.0571, 0.7174, 0.0213], [0.0702, 0.0459, 0.0524, 0.0226, 0.0861, 0.6906, 0.0322], [0.0223, 0.06, 0.0726, 0.0575, 0.0586, 0.6598, 0.0693], [0.022, 0.0228, 0.0808, 0.0565, 0.082, 0.7038, 0.0321], [0.0827, 0.0438, 0.0876, 0.0262, 0.0365, 0.6816, 0.0416], [0.0468, 0.033, 0.0729, 0.0466, 0.0527, 0.6771, 0.0711], [0.0365, 0.0358, 0.0616, 0.0292, 0.0312, 0.7367, 0.0689], [0.0758, 0.016, 0.038, 0.0439, 0.0639, 0.6982, 0.0641], [0.0527, 0.0392, 0.0843, 0.0265, 0.0316, 0.6953, 0.0703], [0.0782, 0.042, 0.0644, 0.0414, 0.079, 0.6337, 0.0614], [0.0459, 0.0402, 0.0724, 0.0246, 0.0661, 0.711, 0.0399], [0.056, 0.0142, 0.0371, 0.0206, 0.0388, 0.8185, 0.0147], [0.0651, 0.0311, 0.0796, 0.057, 0.0119, 0.7138, 0.0415], [0.0456, 0.0198, 0.0863, 0.0435, 0.0491, 0.6841, 0.0715], [0.0334, 0.0588, 0.0412, 0.0378, 0.0173, 0.7915, 0.02], [0.0385, 0.073, 0.0705, 0.0696, 0.0214, 0.6629, 0.0641], [0.0582, 0.0193, 0.065, 0.0552, 0.0528, 0.673, 0.0766], [0.0637, 0.0723, 0.0139, 0.0626, 0.0371, 0.7254, 0.0249], [0.0622, 0.0172, 0.0845, 0.065, 0.0507, 0.6637, 0.0566], [0.0262, 0.0592, 0.0143, 0.0608, 0.0694, 0.7001, 0.0701], [0.0814, 0.0454, 0.0317, 0.065, 0.0183, 0.7292, 0.029], [0.0239, 0.0407, 0.0581, 0.0489, 0.073, 0.6996, 0.0557], [0.0651, 0.0151, 0.0261, 0.0435, 0.0698, 0.7149, 0.0655], [0.0345, 0.0889, 0.0622, 0.0654, 0.0471, 0.6861, 0.0157], [0.0217, 0.0557, 0.0769, 0.0218, 0.0454, 0.7362, 0.0423], [0.0161, 0.0135, 0.0733, 0.0754, 0.0779, 0.6594, 0.0844], [0.0665, 0.0761, 0.0202, 0.0787, 0.038, 0.6401, 0.0804], [0.0224, 0.023, 0.0326, 0.1023, 0.0862, 0.6974, 0.0362], [0.097, 0.0635, 0.0641, 0.0889, 0.0191, 0.6452, 0.0222], [0.0701, 0.0472, 0.0689, 0.0132, 0.0297, 0.7527, 0.0183], [0.0213, 0.0114, 0.0749, 0.0736, 0.0733, 0.6738, 0.0717], [0.0172, 0.0289, 0.0177, 0.0154, 0.0613, 0.8054, 0.0541], [0.0577, 0.0505, 0.0756, 0.0787, 0.0698, 0.5978, 0.0699], [0.0741, 0.058, 0.0243, 0.0811, 0.0398, 0.697, 0.0256], [0.0653, 0.0497, 0.0447, 0.0325, 0.0977, 0.6931, 0.017], [0.0259, 0.0341, 0.0191, 0.0857, 0.0422, 0.7138, 0.0792], [0.0458, 0.0124, 0.0737, 0.0744, 0.0384, 0.6867, 0.0687], [0.0312, 0.079, 0.0626, 0.0746, 0.0505, 0.6573, 0.0448], [0.0801, 0.0829, 0.0528, 0.0491, 0.0702, 0.6159, 0.0489], [0.0275, 0.0698, 0.0678, 0.0583, 0.033, 0.6658, 0.0778], [0.0135, 0.0583, 0.0673, 0.0601, 0.0754, 0.6641, 0.0612], [0.0834, 0.0727, 0.0772, 0.0148, 0.0543, 0.6609, 0.0368], [0.0479, 0.0681, 0.0442, 0.0678, 0.0651, 0.6783, 0.0285], [0.0466, 0.0311, 0.0131, 0.0876, 0.0418, 0.7078, 0.072], [0.056, 0.0691, 0.0425, 0.0615, 0.0309, 0.6829, 0.0571], [0.0323, 0.0437, 0.0564, 0.0736, 0.0221, 0.7563, 0.0157], [0.0532, 0.0675, 0.0354, 0.0396, 0.0698, 0.7057, 0.0288], [0.0453, 0.0707, 0.0398, 0.0464, 0.0587, 0.6753, 0.0639], [0.0314, 0.0556, 0.0566, 0.0778, 0.0786, 0.636, 0.064], [0.0749, 0.0457, 0.0648, 0.0604, 0.0438, 0.69, 0.0203], [0.0629, 0.0184, 0.0491, 0.0456, 0.0659, 0.7219, 0.0362], [0.0136, 0.0593, 0.0653, 0.0556, 0.0525, 0.7369, 0.0167], [0.0275, 0.0482, 0.036, 0.059, 0.0644, 0.7144, 0.0505], [0.025, 0.0185, 0.0624, 0.0697, 0.0258, 0.775, 0.0236], [0.0723, 0.0927, 0.0497, 0.0546, 0.0303, 0.6609, 0.0395], [0.044, 0.0527, 0.0676, 0.0701, 0.0586, 0.6773, 0.0296], [0.045, 0.0738, 0.0678, 0.0753, 0.0665, 0.6601, 0.0115], [0.0853, 0.0327, 0.0915, 0.0617, 0.052, 0.6114, 0.0654], [0.0764, 0.0344, 0.0382, 0.0519, 0.0585, 0.6897, 0.0508], [0.0424, 0.0148, 0.0336, 0.0766, 0.0506, 0.741, 0.0411], [0.04, 0.0245, 0.026, 0.0447, 0.0756, 0.718, 0.0713], [0.0564, 0.0652, 0.0546, 0.0448, 0.0216, 0.7353, 0.0222], [0.0562, 0.0379, 0.0235, 0.0707, 0.0214, 0.7194, 0.0709], [0.0448, 0.0261, 0.0761, 0.0186, 0.0214, 0.7346, 0.0784], [0.0685, 0.0474, 0.0775, 0.0269, 0.0585, 0.7052, 0.0161], [0.0807, 0.0662, 0.0334, 0.038, 0.0392, 0.6671, 0.0754], [0.0649, 0.0178, 0.035, 0.0196, 0.087, 0.7555, 0.0201], [0.03, 0.0511, 0.0257, 0.0431, 0.0752, 0.7145, 0.0603], [0.0299, 0.0188, 0.0654, 0.0246, 0.0569, 0.7353, 0.0691], [0.0556, 0.0278, 0.0528, 0.0608, 0.0526, 0.6939, 0.0566], [0.0259, 0.032, 0.0787, 0.0145, 0.0636, 0.7075, 0.0779]], "emotions": ["purple", "purple", "purple", "purple", "purple", "purple", "purple", "purple", "purple", "purple", "purple", "purple", "purple", "purple", "purple", "purple", "purple", "purple", "purple", "purple", "purple", "purple", "purple", "purple", "purple", "purple", "purple", "purple", "purple", "purple", "purple", "purple", "purple", "purple", "purple", "purple", "purple", "purple", "purple", "purple", "purple", "purple", "purple", "purple", "purple", "purple", "purple", "purple", "purple", "purple", "purple", "purple", "purple", "purple", "purple", "purple", "purple", "purple", "purple", "purple", "purple", "purple", "purple", "purple", "purple", "purple", "purple", "purple", "purple", "purple", "purple", "purple", "purple", "purple", "purple", "purple", "purple", "purple", "purple", "purple"], "timestamps": [0, 40, 80, 120, 160, 200, 240, 280, 320, 360, 400, 440, 480, 520, 560, 600, 640, 680, 720, 760, 800, 840, 880, 920, 960, 1000, 1040, 1080, 1120, 1160, 1200, 1240, 1280, 1320, 1360, 1400, 1440, 1480, 1520, 1560, 1600, 1640, 1680, 1720, 1760, 1800, 1840, 1880, 1920, 1960, 2000, 2040, 2080, 2120, 2160, 2200, 2240, 2280, 2320, 2360, 2400, 2440, 2480, 2520, 2560, 2600, 2640, 2680, 2720, 2760, 2800, 2840, 2880, 2920, 2960, 3000, 3040, 3080, 3120, 3160]}], "conversation": [], "conversation_timestamps": []}