{"agent_id": "agent-green-1862", "type": "green", "trips": [{"trip_id": 0, "transport_method": "foot", "start_time": 0, "path": [[1.5065307, 42.4992021], [1.5083527, 42.500104], [1.5093025, 42.5005615], [1.5106723, 42.5011913], [1.5102427, 42.501086], [1.5115518, 42.5016471], [1.5131961, 42.5028469], [1.5146159, 42.5042885], [1.5161232, 42.5054809], [1.5178392, 42.5062341], [1.5195366, 42.5072715], [1.521509, 42.5075215], [1.5234038, 42.5078098], [1.5254045, 42.5080689], [1.5273117, 42.5085365], [1.5289163, 42.5097485], [1.5297898, 42.5112392], [1.5308097, 42.512528], [1.5302962, 42.5143633], [1.5288807, 42.5157911], [1.5271143, 42.5168112], [1.527209, 42.5168222], [1.5289097, 42.5157794], [1.5272137, 42.5168769], [1.5255033, 42.5179883], [1.5254237, 42.5179767], [1.5255331, 42.5178451], [1.5239338, 42.5190618], [1.5233916, 42.5210073], [1.5219583, 42.5224128], [1.5209205, 42.5241373], [1.5205706, 42.5261092], [1.5202267, 42.5278909], [1.5203173, 42.5297265], [1.5196807, 42.5313099], [1.5196653, 42.5332689], [1.5203894, 42.5349155], [1.5207401, 42.5362485], [1.5197158, 42.5379778], [1.5193817, 42.5399578], [1.518579, 42.5414774], [1.5191405, 42.5412204], [1.5174771, 42.5423114], [1.5162362, 42.5438815], [1.5150296, 42.5454802], [1.5137329, 42.5468868], [1.5128794, 42.5486237], [1.5115397, 42.5500463], [1.5099209, 42.5512658], [1.508758, 42.5521366], [1.5080451, 42.5527553], [1.5066634, 42.5542055], [1.5059388, 42.556042], [1.5047933, 42.5576789], [1.5039342, 42.55931], [1.5021981, 42.5602428], [1.5004501, 42.5612444], [1.4987841, 42.5616054], [1.4967562, 42.5614892], [1.4952193, 42.5627052], [1.4934902, 42.5636699], [1.4918787, 42.5648346], [1.4904378, 42.5662713], [1.4890687, 42.5677723], [1.4887822, 42.5682999], [1.4879766, 42.5694293], [1.4864638, 42.570775], [1.4868351, 42.5705375], [1.4851687, 42.5716022], [1.4832565, 42.5718133], [1.4816026, 42.5707792], [1.4800278, 42.5705041], [1.4786009, 42.5695507], [1.4774977, 42.5688187], [1.4765807, 42.5672158], [1.4762005, 42.5681793], [1.4746443, 42.5693331], [1.4759389, 42.5706996], [1.477672, 42.5716985], [1.4790229, 42.573087]], "mood_vectors": [[0.045, 0.0358, 0.041, 0.0487, 0.028, 0.0646, 0.7369], [0.0665, 0.0298, 0.0775, 0.0569, 0.0692, 0.042, 0.6581], [0.0476, 0.0687, 0.0749, 0.0367, 0.0688, 0.0207, 0.6827], [0.0442, 0.0278, 0.0635, 0.0292, 0.0605, 0.0391, 0.7358], [0.0901, 0.0734, 0.0575, 0.0542, 0.071, 0.0245, 0.6293], [0.0693, 0.0813, 0.0208, 0.0732, 0.0898, 0.0613, 0.6043], [0.0659, 0.0676, 0.017, 0.0498, 0.0603, 0.0146, 0.7248], [0.0244, 0.0409, 0.0322, 0.0438, 0.0789, 0.0689, 0.711], [0.044, 0.0555, 0.0773, 0.0284, 0.0263, 0.014, 0.7545], [0.0265, 0.0522, 0.0544, 0.04, 0.0399, 0.0318, 0.7552], [0.0301, 0.0448, 0.0397, 0.0367, 0.0992, 0.0933, 0.6562], [0.0226, 0.0318, 0.0638, 0.0695, 0.068, 0.0142, 0.7301], [0.0223, 0.0353, 0.0268, 0.0403, 0.0155, 0.0652, 0.7946], [0.0524, 0.0681, 0.0494, 0.0689, 0.0218, 0.0619, 0.6775], [0.0558, 0.0283, 0.0546, 0.0708, 0.0432, 0.0574, 0.6898], [0.0306, 0.0188, 0.0509, 0.026, 0.0347, 0.0576, 0.7814], [0.0763, 0.049, 0.0545, 0.0606, 0.0503, 0.0498, 0.6597], [0.0602, 0.0578, 0.0829, 0.0827, 0.0677, 0.0334, 0.6153], [0.0524, 0.0798, 0.0584, 0.0671, 0.018, 0.0322, 0.6921], [0.0331, 0.0365, 0.0341, 0.0669, 0.0129, 0.0764, 0.7401], [0.0299, 0.0233, 0.0138, 0.079, 0.0566, 0.0648, 0.7326], [0.0595, 0.0667, 0.0421, 0.0256, 0.0238, 0.0653, 0.717], [0.0505, 0.0462, 0.0699, 0.0822, 0.0396, 0.07, 0.6417], [0.0489, 0.0476, 0.0836, 0.0871, 0.0242, 0.0554, 0.6531], [0.0867, 0.0575, 0.0713, 0.0439, 0.0516, 0.0462, 0.6429], [0.0413, 0.0308, 0.0462, 0.0371, 0.0117, 0.0703, 0.7626], [0.0842, 0.0436, 0.0799, 0.0859, 0.0794, 0.0498, 0.5771], [0.0268, 0.0533, 0.0372, 0.0472, 0.0221, 0.062, 0.7513], [0.0525, 0.0242, 0.0321, 0.0447, 0.0685, 0.0212, 0.7567], [0.0598, 0.0252, 0.0721, 0.0181, 0.0755, 0.0553, 0.6941], [0.0171, 0.0478, 0.0242, 0.0154, 0.0679, 0.0527, 0.7749], [0.0285, 0.044, 0.0405, 0.0624, 0.0666, 0.0279, 0.7301], [0.0445, 0.0727, 0.0582, 0.0647, 0.0592, 0.0729, 0.6278], [0.0222, 0.0611, 0.0684, 0.0509, 0.0505, 0.0686, 0.6784], [0.0374, 0.0621, 0.0532, 0.0605, 0.014, 0.0456, 0.7272], [0.044, 0.0447, 0.0233, 0.0792, 0.0705, 0.0169, 0.7214], [0.0428, 0.0557, 0.0675, 0.0593, 0.0449, 0.0804, 0.6495], [0.0773, 0.0312, 0.016, 0.024, 0.0261, 0.0312, 0.7941], [0.0244, 0.0648, 0.0335, 0.0459, 0.0757, 0.075, 0.6807], [0.0461, 0.0764, 0.017, 0.0653, 0.0677, 0.0871, 0.6404], [0.0811, 0.0529, 0.0171, 0.0423, 0.0946, 0.0485, 0.6635], [0.0423, 0.0308, 0.0541, 0.0396, 0.0611, 0.0308, 0.7413], [0.0327, 0.0401, 0.0551, 0.0258, 0.0166, 0.0151, 0.8145], [0.026, 0.0996, 0.0303, 0.0157, 0.0838, 0.0278, 0.7169], [0.0687, 0.0746, 0.0688, 0.0157, 0.0415, 0.0525, 0.6783], [0.0772, 0.0467, 0.0543, 0.0369, 0.0787, 0.0129, 0.6933], [0.0654, 0.059, 0.014, 0.0466, 0.0673, 0.0378, 0.7099], [0.0686, 0.0162, 0.0681, 0.069, 0.0412, 0.0561, 0.6809], [0.0422, 0.0156, 0.0131, 0.0332, 0.0777, 0.0541, 0.7641], [0.0769, 0.0417, 0.0332, 0.0794, 0.0709, 0.0221, 0.6758], [0.0642, 0.0376, 0.0211, 0.0619, 0.0641, 0.0534, 0.6977], [0.0272, 0.0218, 0.04, 0.072, 0.0275, 0.0686, 0.743], [0.0241, 0.0431, 0.0689, 0.0506, 0.0305, 0.0286, 0.7542], [0.0513, 0.0715, 0.0322, 0.0715, 0.0559, 0.0388, 0.6788], [0.0123, 0.0166, 0.0746, 0.0666, 0.08, 0.0678, 0.6822], [0.0482, 0.0254, 0.0749, 0.0269, 0.0754, 0.0809, 0.6683], [0.0846, 0.0203, 0.0156, 0.0773, 0.0476, 0.0717, 0.6829], [0.0337, 0.0743, 0.0434, 0.0315, 0.0206, 0.0735, 0.7231], [0.0307, 0.0162, 0.0485, 0.0817, 0.0893, 0.0712, 0.6625], [0.0307, 0.0158, 0.039, 0.0329, 0.0535, 0.0573, 0.7709], [0.069, 0.0355, 0.071, 0.0472, 0.0506, 0.0399, 0.6867], [0.058, 0.0152, 0.0513, 0.034, 0.0674, 0.0574, 0.7167], [0.0405, 0.0429, 0.075, 0.0685, 0.0193, 0.072, 0.6818], [0.0548, 0.0638, 0.0145, 0.0671, 0.0745, 0.0278, 0.6975], [0.0792, 0.0515, 0.0443, 0.0433, 0.0396, 0.0246, 0.7173], [0.0138, 0.036, 0.0523, 0.0442, 0.0416, 0.0831, 0.7291], [0.0434, 0.0782, 0.0189, 0.0743, 0.0194, 0.0734, 0.6923], [0.0301, 0.0325, 0.0933, 0.0169, 0.0823, 0.0287, 0.7163], [0.0541, 0.0642, 0.0573, 0.0435, 0.0598, 0.0517, 0.6695], [0.0515, 0.0567, 0.0218, 0.0452, 0.0867, 0.0754, 0.6627], [0.0612, 0.0328, 0.0497, 0.0208, 0.0176, 0.0276, 0.7904], [0.0384, 0.0178, 0.0562, 0.0312, 0.0473, 0.0385, 0.7707], [0.0797, 0.0659, 0.0362, 0.0316, 0.0585, 0.0734, 0.6547], [0.0497, 0.0455, 0.0521, 0.0218, 0.0704, 0.0113, 0.7492], [0.0635, 0.0486, 0.0717, 0.0697, 0.0518, 0.0148, 0.6799], [0.0189, 0.0714, 0.0207, 0.0422, 0.0633, 0.0377, 0.7457], [0.0621, 0.0443, 0.0622, 0.0636, 0.0614, 0.0706, 0.6357], [0.0707, 0.0593, 0.0401, 0.0348, 0.0273, 0.0805, 0.6872], [0.0402, 0.0819, 0.0209, 0.084, 0.0757, 0.0714, 0.6259], [0.0645, 0.0685, 0.0282, 0.0568, 0.0703, 0.0587, 0.653]], "emotions": ["purple", "purple", "purple", "purple", "purple", "purple", "purple", "purple", "purple", "purple", "purple", "purple", "purple", "purple", "purple", "purple", "purple", "purple", "purple", "purple", "purple", "purple", "purple", "purple", "purple", "purple", "purple", "purple", "purple", "purple", "purple", "purple", "purple", "purple", "purple", "purple", "purple", "purple", "purple", "purple", "purple", "purple", "purple", "purple", "purple", "purple", "purple", "purple", "purple", "purple", "purple", "purple", "purple", "purple", "purple", "purple", "purple", "purple", "purple", "purple", "purple", "purple", "purple", "purple", "purple", "purple", "purple", "purple", "purple", "purple", "purple", "purple", "purple", "purple", "purple", "purple", "purple", "purple", "purple", "purple"], "timestamps": [0, 40, 80, 120, 160, 200, 240, 280, 320, 360, 400, 440, 480, 520, 560, 600, 640, 680, 720, 760, 800, 840, 880, 920, 960, 1000, 1040, 1080, 1120, 1160, 1200, 1240, 1280, 1320, 1360, 1400, 1440, 1480, 1520, 1560, 1600, 1640, 1680, 1720, 1760, 1800, 1840, 1880, 1920, 1960, 2000, 2040, 2080, 2120, 2160, 2200, 2240, 2280, 2320, 2360, 2400, 2440, 2480, 2520, 2560, 2600, 2640, 2680, 2720, 2760, 2800, 2840, 2880, 2920, 2960, 3000, 3040, 3080, 3120, 3160]}], "conversation": [], "conversation_timestamps": []}