{"agent_id": "agent-purple-724", "type": "purple", "trips": [{"trip_id": 0, "transport_method": "car", "start_time": 0, "path": [[1.5357949, 42.5103319], [1.5364007, 42.5100703], [1.5371755, 42.5100274], [1.5379514, 42.5100437], [1.5387275, 42.5100646], [1.5393849, 42.5101121], [1.5400681, 42.5097646], [1.5407368, 42.5094051], [1.5414394, 42.5091418], [1.5421294, 42.5088888], [1.5421409, 42.5088933], [1.5429154, 42.5089397], [1.5436742, 42.5090904], [1.5444102, 42.5093045], [1.5451853, 42.5093472], [1.5459185, 42.5095809], [1.5456605, 42.509483], [1.545801, 42.5095549], [1.5464196, 42.5099712], [1.5463539, 42.5105599], [1.546877, 42.5110987], [1.5476244, 42.5113082], [1.5483789, 42.5114909], [1.5491332, 42.511675], [1.5496694, 42.5118299], [1.5500705, 42.5119985], [1.5500651, 42.5119806], [1.5505292, 42.5122133], [1.551144, 42.5126782], [1.5514908, 42.5130071], [1.5509872, 42.5125431], [1.5516044, 42.5130143], [1.5522717, 42.5134029], [1.5524581, 42.5135401], [1.5527294, 42.5140765], [1.5527454, 42.514847], [1.5531712, 42.5154916], [1.5534636, 42.5162034], [1.5537775, 42.5169078], [1.5542743, 42.5175], [1.5549358, 42.5178987], [1.5556099, 42.5181974], [1.5561978, 42.5186549], [1.5566721, 42.5192642], [1.5571601, 42.5198106], [1.5577, 42.5203686], [1.5582586, 42.5209077], [1.5588394, 42.5214228], [1.5594569, 42.5218891], [1.5595927, 42.5219287], [1.5597332, 42.5221294], [1.5603961, 42.5225218], [1.5610483, 42.522937], [1.5616682, 42.5234034], [1.5621895, 42.5239754], [1.5627429, 42.5245117], [1.5634655, 42.5247886], [1.5641557, 42.5251239], [1.5649012, 42.5252854], [1.5656275, 42.525558], [1.5663174, 42.5259118], [1.5669345, 42.5263829], [1.567546, 42.5268613], [1.5682158, 42.527248], [1.5688895, 42.5276229], [1.5695431, 42.5280285], [1.5701918, 42.5284551], [1.5708405, 42.5288817], [1.5713937, 42.529423], [1.5720042, 42.5298945], [1.5724616, 42.5305182], [1.5729665, 42.5311057], [1.5734804, 42.5316871], [1.5741032, 42.5321432], [1.5747824, 42.532376], [1.5755369, 42.5325435], [1.5762786, 42.5326976], [1.5770481, 42.5328007], [1.5778127, 42.5329275], [1.5785828, 42.5330132]], "mood_vectors": [[0.0504, 0.05, 0.079, 0.0465, 0.0472, 0.6973, 0.0296], [0.0406, 0.0452, 0.0416, 0.0898, 0.0381, 0.7291, 0.0157], [0.0415, 0.0325, 0.0517, 0.0477, 0.0204, 0.7544, 0.0518], [0.0521, 0.0444, 0.0385, 0.0624, 0.0238, 0.7141, 0.0647], [0.0501, 0.031, 0.0246, 0.0361, 0.0259, 0.7827, 0.0497], [0.015, 0.0725, 0.0713, 0.0142, 0.0798, 0.7332, 0.014], [0.0637, 0.0261, 0.095, 0.0212, 0.0896, 0.6306, 0.0739], [0.0304, 0.0587, 0.0749, 0.0528, 0.0312, 0.6715, 0.0804], [0.0369, 0.0254, 0.0797, 0.029, 0.0135, 0.7886, 0.0269], [0.0638, 0.0412, 0.0803, 0.0799, 0.0513, 0.6681, 0.0153], [0.0573, 0.0694, 0.0236, 0.0697, 0.0693, 0.6536, 0.0571], [0.0284, 0.0312, 0.0371, 0.0986, 0.0522, 0.6578, 0.0946], [0.0377, 0.0423, 0.0892, 0.0444, 0.0141, 0.7524, 0.0198], [0.0824, 0.0505, 0.0388, 0.0645, 0.0282, 0.7203, 0.0153], [0.0194, 0.0478, 0.0454, 0.0332, 0.0396, 0.7795, 0.0352], [0.0562, 0.0862, 0.0422, 0.0875, 0.0444, 0.658, 0.0254], [0.0198, 0.0843, 0.076, 0.0753, 0.0435, 0.6541, 0.0471], [0.0899, 0.037, 0.0577, 0.0213, 0.0361, 0.7085, 0.0496], [0.0154, 0.0541, 0.0346, 0.0409, 0.0797, 0.7056, 0.0697], [0.0344, 0.0142, 0.0522, 0.0908, 0.0805, 0.6914, 0.0365], [0.0579, 0.0241, 0.0579, 0.0133, 0.0516, 0.751, 0.0442], [0.025, 0.0455, 0.0824, 0.0573, 0.0686, 0.651, 0.0703], [0.062, 0.0371, 0.02, 0.0208, 0.0252, 0.7505, 0.0845], [0.0178, 0.0524, 0.027, 0.0588, 0.0165, 0.7702, 0.0573], [0.0539, 0.0448, 0.0284, 0.0689, 0.0666, 0.7024, 0.035], [0.0662, 0.0409, 0.028, 0.0614, 0.0558, 0.6533, 0.0944], [0.0813, 0.0806, 0.0259, 0.042, 0.0305, 0.6957, 0.044], [0.0924, 0.0356, 0.0263, 0.0749, 0.0291, 0.6709, 0.071], [0.0765, 0.0171, 0.0283, 0.0251, 0.0372, 0.7492, 0.0666], [0.0257, 0.0403, 0.0463, 0.0329, 0.0662, 0.7588, 0.0298], [0.0225, 0.0502, 0.0323, 0.048, 0.0435, 0.7351, 0.0685], [0.0907, 0.0264, 0.0183, 0.0782, 0.0833, 0.6489, 0.0542], [0.0523, 0.0593, 0.0511, 0.0195, 0.0466, 0.6812, 0.09], [0.0472, 0.0199, 0.0642, 0.0755, 0.0622, 0.6828, 0.0482], [0.0627, 0.0445, 0.0773, 0.0457, 0.0934, 0.5993, 0.077], [0.0232, 0.0314, 0.074, 0.0667, 0.0277, 0.7289, 0.0481], [0.0948, 0.0801, 0.0573, 0.0925, 0.0472, 0.5953, 0.0327], [0.0225, 0.0703, 0.0535, 0.0213, 0.0637, 0.7277, 0.0411], [0.0729, 0.0607, 0.0818, 0.0328, 0.067, 0.6718, 0.013], [0.021, 0.0529, 0.0187, 0.0485, 0.0613, 0.7406, 0.057], [0.0156, 0.027, 0.0787, 0.0875, 0.0205, 0.7279, 0.0429], [0.0208, 0.0769, 0.0438, 0.048, 0.0543, 0.7031, 0.0531], [0.0247, 0.0843, 0.0276, 0.044, 0.0503, 0.6748, 0.0942], [0.0282, 0.0476, 0.058, 0.0695, 0.0724, 0.6811, 0.0432], [0.0198, 0.0772, 0.0696, 0.0332, 0.0737, 0.6788, 0.0478], [0.0501, 0.068, 0.0692, 0.0519, 0.0587, 0.6683, 0.0338], [0.0224, 0.0225, 0.0347, 0.0263, 0.0218, 0.7817, 0.0907], [0.0732, 0.0434, 0.0649, 0.066, 0.0803, 0.6013, 0.0709], [0.0587, 0.0539, 0.0513, 0.0303, 0.0185, 0.702, 0.0853], [0.0216, 0.0216, 0.0764, 0.0806, 0.0179, 0.753, 0.0289], [0.055, 0.0304, 0.0257, 0.0534, 0.0499, 0.7348, 0.0508], [0.0871, 0.1001, 0.0161, 0.0349, 0.0818, 0.6537, 0.0261], [0.0399, 0.037, 0.021, 0.0336, 0.0536, 0.7323, 0.0826], [0.0753, 0.0597, 0.0269, 0.0687, 0.0687, 0.6713, 0.0293], [0.0416, 0.0222, 0.0533, 0.0759, 0.0524, 0.714, 0.0406], [0.0448, 0.0802, 0.025, 0.0291, 0.0138, 0.7922, 0.0148], [0.0319, 0.0738, 0.0557, 0.0435, 0.066, 0.6639, 0.0651], [0.0756, 0.0426, 0.0456, 0.022, 0.0184, 0.721, 0.0747], [0.0727, 0.0361, 0.0181, 0.0548, 0.0344, 0.723, 0.0609], [0.0623, 0.0281, 0.0344, 0.0556, 0.0391, 0.7307, 0.0498], [0.0283, 0.0332, 0.0169, 0.0162, 0.0208, 0.866, 0.0185], [0.0361, 0.0273, 0.036, 0.0532, 0.0244, 0.7669, 0.056], [0.0826, 0.0351, 0.0178, 0.0504, 0.0324, 0.6866, 0.0951], [0.0489, 0.0659, 0.026, 0.0116, 0.0621, 0.7527, 0.0328], [0.04, 0.0469, 0.0846, 0.0513, 0.071, 0.6464, 0.0598], [0.0704, 0.0191, 0.0449, 0.0196, 0.0375, 0.7319, 0.0766], [0.0232, 0.0551, 0.0533, 0.0625, 0.0478, 0.6893, 0.0688], [0.0519, 0.0187, 0.0695, 0.0441, 0.0623, 0.729, 0.0245], [0.0252, 0.0835, 0.0334, 0.0868, 0.0416, 0.6956, 0.0339], [0.0699, 0.0758, 0.0536, 0.0242, 0.0131, 0.6867, 0.0767], [0.0469, 0.0159, 0.0801, 0.0639, 0.0709, 0.6937, 0.0287], [0.0657, 0.0277, 0.0706, 0.0427, 0.0196, 0.717, 0.0567], [0.0169, 0.0519, 0.0806, 0.0615, 0.0959, 0.6635, 0.0297], [0.0851, 0.0318, 0.0409, 0.0403, 0.0162, 0.7692, 0.0164], [0.0287, 0.0767, 0.0776, 0.0557, 0.0578, 0.6816, 0.0219], [0.041, 0.0139, 0.034, 0.0275, 0.0839, 0.7575, 0.0421], [0.0636, 0.0161, 0.034, 0.0353, 0.0713, 0.7405, 0.0392], [0.0371, 0.0309, 0.033, 0.0545, 0.0657, 0.7588, 0.0201], [0.0302, 0.0659, 0.0345, 0.0619, 0.0503, 0.6941, 0.0631], [0.0822, 0.0141, 0.0337, 0.0134, 0.0517, 0.7586, 0.0463]], "emotions": ["purple", "purple", "purple", "purple", "purple", "purple", "purple", "purple", "purple", "purple", "purple", "purple", "purple", "purple", "purple", "purple", "purple", "purple", "purple", "purple", "purple", "purple", "purple", "purple", "purple", "purple", "purple", "purple", "purple", "purple", "purple", "purple", "purple", "purple", "purple", "purple", "purple", "purple", "purple", "purple", "purple", "purple", "purple", "purple", "purple", "purple", "purple", "purple", "purple", "purple", "purple", "purple", "purple", "purple", "purple", "purple", "purple", "purple", "purple", "purple", "purple", "purple", "purple", "purple", "purple", "purple", "purple", "purple", "purple", "purple", "purple", "purple", "purple", "purple", "purple", "purple", "purple", "purple", "purple", "purple"], "timestamps": [0, 40, 80, 120, 160, 200, 240, 280, 320, 360, 400, 440, 480, 520, 560, 600, 640, 680, 720, 760, 800, 840, 880, 920, 960, 1000, 1040, 1080, 1120, 1160, 1200, 1240, 1280, 1320, 1360, 1400, 1440, 1480, 1520, 1560, 1600, 1640, 1680, 1720, 1760, 1800, 1840, 1880, 1920, 1960, 2000, 2040, 2080, 2120, 2160, 2200, 2240, 2280, 2320, 2360, 2400, 2440, 2480, 2520, 2560, 2600, 2640, 2680, 2720, 2760, 2800, 2840, 2880, 2920, 2960, 3000, 3040, 3080, 3120, 3160]}], "conversation": [], "conversation_timestamps": []}