{"agent_id": "agent-green-1212", "type": "green", "trips": [{"trip_id": 0, "transport_method": "foot", "start_time": 0, "path": [[1.5061588, 42.5544742], [1.5072211, 42.5535246], [1.5082769, 42.5525449], [1.509411, 42.551662], [1.5105227, 42.5507654], [1.5116798, 42.5499161], [1.5122648, 42.5492555], [1.5132682, 42.5482253], [1.5134095, 42.5475603], [1.5138403, 42.5467259], [1.5144762, 42.5460396], [1.5147922, 42.5457864], [1.5155578, 42.5445805], [1.5165712, 42.5435657], [1.5174073, 42.5424296], [1.5184674, 42.5415435], [1.5194272, 42.5406399], [1.5194682, 42.5392544], [1.5193866, 42.5401093], [1.5195292, 42.5387693], [1.519962, 42.5374091], [1.5207569, 42.5362365], [1.5208212, 42.5353004], [1.5197738, 42.5343127], [1.5197244, 42.5330166], [1.5196575, 42.5316229], [1.5195779, 42.5317284], [1.5201468, 42.5307471], [1.5208011, 42.5305426], [1.5214276, 42.5295594], [1.5225426, 42.5286496], [1.5237346, 42.5278413], [1.5249743, 42.5271092], [1.5262517, 42.5264438], [1.5275662, 42.5258556], [1.5289053, 42.5253267], [1.53027, 42.5248704], [1.5316636, 42.5245061], [1.5330621, 42.5241624], [1.5344701, 42.5238588], [1.5358832, 42.5235806], [1.5373016, 42.5233298], [1.5387203, 42.5230807], [1.5401417, 42.5228478], [1.541562, 42.5226081], [1.5429723, 42.5223165], [1.5443787, 42.5220053], [1.5457811, 42.5216769], [1.5471767, 42.5213204], [1.5485552, 42.5209032], [1.5499251, 42.5204589], [1.5512729, 42.5199521], [1.552598, 42.5193882], [1.5538772, 42.5187287], [1.55514, 42.5180674], [1.5563087, 42.5187609], [1.5571888, 42.51984], [1.5582055, 42.52086], [1.5592984, 42.5217977], [1.5594971, 42.5219505], [1.5607146, 42.5227011], [1.5618543, 42.5235782], [1.5628691, 42.5245785], [1.5641809, 42.5251409], [1.5655519, 42.5255261], [1.5667815, 42.5262628], [1.5679372, 42.5271195], [1.5691683, 42.5278421], [1.5703961, 42.5285895], [1.5715014, 42.5294995], [1.5724724, 42.5305346], [1.5734148, 42.5316216], [1.5745837, 42.5323243], [1.5759848, 42.5326404], [1.5773913, 42.5328467], [1.5787946, 42.5331121], [1.5801275, 42.5336351], [1.5810576, 42.5346673], [1.5820174, 42.5356008], [1.5826063, 42.5365905]], "mood_vectors": [[0.0598, 0.0418, 0.0179, 0.0189, 0.0231, 0.0407, 0.7978], [0.089, 0.0346, 0.0654, 0.0294, 0.0739, 0.0382, 0.6695], [0.016, 0.0596, 0.0171, 0.0555, 0.0132, 0.0276, 0.811], [0.0299, 0.0647, 0.0412, 0.0459, 0.0701, 0.0348, 0.7133], [0.0274, 0.0237, 0.0676, 0.0641, 0.0257, 0.0202, 0.7714], [0.0446, 0.0809, 0.0699, 0.073, 0.0426, 0.0149, 0.6741], [0.0861, 0.0324, 0.0226, 0.0445, 0.0554, 0.049, 0.71], [0.0297, 0.065, 0.0737, 0.059, 0.0912, 0.0224, 0.6589], [0.0639, 0.0754, 0.0807, 0.0671, 0.0705, 0.0515, 0.5908], [0.0429, 0.0629, 0.0569, 0.0169, 0.048, 0.0252, 0.7472], [0.0476, 0.0368, 0.0782, 0.0615, 0.0523, 0.0322, 0.6914], [0.0168, 0.0686, 0.0662, 0.0542, 0.0823, 0.0411, 0.6707], [0.051, 0.0143, 0.0325, 0.0823, 0.0477, 0.0575, 0.7148], [0.0138, 0.0695, 0.0566, 0.0391, 0.0731, 0.0269, 0.7211], [0.0287, 0.0659, 0.0251, 0.0202, 0.0676, 0.0505, 0.742], [0.0661, 0.0385, 0.0741, 0.0909, 0.068, 0.0571, 0.6054], [0.059, 0.0239, 0.0476, 0.0607, 0.0351, 0.0172, 0.7565], [0.0813, 0.0571, 0.0575, 0.0772, 0.0416, 0.0303, 0.655], [0.0217, 0.0787, 0.0363, 0.09, 0.0333, 0.0519, 0.6882], [0.0373, 0.0617, 0.0563, 0.0406, 0.0595, 0.0202, 0.7243], [0.0612, 0.0207, 0.0341, 0.0492, 0.0414, 0.0588, 0.7345], [0.0832, 0.0233, 0.0152, 0.0821, 0.0852, 0.0719, 0.639], [0.0545, 0.0735, 0.0342, 0.0485, 0.0745, 0.0582, 0.6566], [0.041, 0.0193, 0.0681, 0.0371, 0.0378, 0.0385, 0.7582], [0.0432, 0.0567, 0.0475, 0.047, 0.0765, 0.0406, 0.6884], [0.0578, 0.0546, 0.0491, 0.0678, 0.0264, 0.0725, 0.6719], [0.0651, 0.0517, 0.0299, 0.0449, 0.0466, 0.0664, 0.6955], [0.0259, 0.0663, 0.0637, 0.0398, 0.0625, 0.037, 0.7048], [0.059, 0.0595, 0.041, 0.0201, 0.0659, 0.0638, 0.6906], [0.0569, 0.0592, 0.057, 0.0867, 0.0218, 0.0383, 0.6801], [0.0677, 0.0329, 0.0805, 0.0222, 0.0699, 0.0636, 0.6633], [0.0191, 0.0428, 0.0306, 0.0534, 0.0674, 0.0719, 0.7149], [0.0369, 0.0485, 0.0446, 0.0526, 0.0417, 0.0518, 0.724], [0.0738, 0.0583, 0.0628, 0.0134, 0.0402, 0.0414, 0.71], [0.0714, 0.0652, 0.042, 0.032, 0.0557, 0.0712, 0.6625], [0.0757, 0.0699, 0.0725, 0.07, 0.0569, 0.0581, 0.597], [0.0424, 0.0155, 0.0505, 0.0613, 0.0716, 0.0578, 0.701], [0.064, 0.0487, 0.0542, 0.0264, 0.0381, 0.0363, 0.7322], [0.0125, 0.0429, 0.0346, 0.0701, 0.0662, 0.0529, 0.7207], [0.052, 0.0403, 0.0475, 0.0533, 0.0782, 0.0221, 0.7067], [0.0145, 0.0625, 0.0201, 0.0477, 0.0541, 0.0444, 0.7566], [0.0598, 0.0264, 0.0426, 0.0611, 0.0452, 0.0152, 0.7496], [0.0394, 0.0729, 0.0253, 0.084, 0.0577, 0.0241, 0.6967], [0.0816, 0.0624, 0.0748, 0.0693, 0.0757, 0.0633, 0.5729], [0.0192, 0.0674, 0.0802, 0.0443, 0.038, 0.0171, 0.7338], [0.0934, 0.0201, 0.0974, 0.0661, 0.0619, 0.0333, 0.6278], [0.038, 0.0797, 0.0366, 0.0419, 0.0348, 0.0271, 0.7417], [0.0727, 0.027, 0.038, 0.0547, 0.0712, 0.0786, 0.6578], [0.0266, 0.0857, 0.0295, 0.0281, 0.0912, 0.0686, 0.6702], [0.0127, 0.0672, 0.0567, 0.0201, 0.0497, 0.0289, 0.7646], [0.0469, 0.0659, 0.0557, 0.0257, 0.0258, 0.0161, 0.764], [0.0312, 0.0202, 0.0294, 0.0165, 0.0308, 0.0812, 0.7906], [0.0289, 0.0588, 0.0261, 0.0788, 0.0944, 0.0242, 0.6889], [0.0452, 0.017, 0.0459, 0.0733, 0.0366, 0.0741, 0.7079], [0.0874, 0.0608, 0.0352, 0.0139, 0.0238, 0.0346, 0.7443], [0.0196, 0.0207, 0.0848, 0.0347, 0.0651, 0.0246, 0.7505], [0.0762, 0.0682, 0.031, 0.0716, 0.0336, 0.0316, 0.6878], [0.0808, 0.0355, 0.0288, 0.077, 0.0804, 0.0559, 0.6417], [0.0311, 0.064, 0.0703, 0.0865, 0.0476, 0.0456, 0.6551], [0.0681, 0.0764, 0.0457, 0.0771, 0.0495, 0.0779, 0.6052], [0.0305, 0.0646, 0.0355, 0.0409, 0.0248, 0.0459, 0.7577], [0.0674, 0.0405, 0.0149, 0.0741, 0.0591, 0.0411, 0.7029], [0.0315, 0.0613, 0.0145, 0.03, 0.0586, 0.0147, 0.7895], [0.0406, 0.0365, 0.0663, 0.0698, 0.021, 0.0119, 0.7539], [0.0266, 0.0187, 0.0465, 0.0442, 0.031, 0.0396, 0.7933], [0.0435, 0.0466, 0.0508, 0.0728, 0.0516, 0.0797, 0.655], [0.0372, 0.0595, 0.0729, 0.0271, 0.0834, 0.0792, 0.6408], [0.0492, 0.0462, 0.079, 0.0602, 0.0706, 0.0225, 0.6723], [0.0386, 0.0782, 0.0154, 0.0437, 0.0737, 0.0388, 0.7117], [0.096, 0.0839, 0.0313, 0.0656, 0.0233, 0.0571, 0.6427], [0.0439, 0.0781, 0.0702, 0.0225, 0.0746, 0.0441, 0.6666], [0.0627, 0.0747, 0.0131, 0.0727, 0.0364, 0.0259, 0.7145], [0.0415, 0.0642, 0.0588, 0.0439, 0.0756, 0.0147, 0.7013], [0.0742, 0.0962, 0.0673, 0.0264, 0.0232, 0.0163, 0.6964], [0.0614, 0.079, 0.0785, 0.056, 0.0268, 0.0718, 0.6265], [0.0533, 0.0586, 0.0257, 0.0537, 0.0335, 0.0966, 0.6785], [0.0936, 0.0594, 0.0234, 0.0631, 0.0339, 0.0656, 0.661], [0.0284, 0.0208, 0.015, 0.0883, 0.0493, 0.087, 0.7113], [0.0551, 0.0269, 0.0509, 0.0258, 0.042, 0.0733, 0.7261], [0.0604, 0.0529, 0.0373, 0.0367, 0.0411, 0.031, 0.7405]], "emotions": ["purple", "purple", "purple", "purple", "purple", "purple", "purple", "purple", "purple", "purple", "purple", "purple", "purple", "purple", "purple", "purple", "purple", "purple", "purple", "purple", "purple", "purple", "purple", "purple", "purple", "purple", "purple", "purple", "purple", "purple", "purple", "purple", "purple", "purple", "purple", "purple", "purple", "purple", "purple", "purple", "purple", "purple", "purple", "purple", "purple", "purple", "purple", "purple", "purple", "purple", "purple", "purple", "purple", "purple", "purple", "purple", "purple", "purple", "purple", "purple", "purple", "purple", "purple", "purple", "purple", "purple", "purple", "purple", "purple", "purple", "purple", "purple", "purple", "purple", "purple", "purple", "purple", "purple", "purple", "purple"], "timestamps": [0, 40, 80, 120, 160, 200, 240, 280, 320, 360, 400, 440, 480, 520, 560, 600, 640, 680, 720, 760, 800, 840, 880, 920, 960, 1000, 1040, 1080, 1120, 1160, 1200, 1240, 1280, 1320, 1360, 1400, 1440, 1480, 1520, 1560, 1600, 1640, 1680, 1720, 1760, 1800, 1840, 1880, 1920, 1960, 2000, 2040, 2080, 2120, 2160, 2200, 2240, 2280, 2320, 2360, 2400, 2440, 2480, 2520, 2560, 2600, 2640, 2680, 2720, 2760, 2800, 2840, 2880, 2920, 2960, 3000, 3040, 3080, 3120, 3160]}], "conversation": [], "conversation_timestamps": []}