{"agent_id": "agent-blue-330", "type": "blue", "trips": [{"trip_id": 0, "transport_method": "foot", "start_time": 0, "path": [[1.4917649, 42.4657312], [1.4918503, 42.466628], [1.4915626, 42.467494], [1.491751, 42.4685407], [1.4920508, 42.469567], [1.4918743, 42.4706159], [1.4913848, 42.4715695], [1.490879, 42.4725149], [1.4905145, 42.4735142], [1.490739, 42.4745432], [1.4908488, 42.4755997], [1.4906123, 42.4766007], [1.4904445, 42.4776597], [1.4902766, 42.4787188], [1.4901087, 42.4797779], [1.4899408, 42.4808369], [1.489773, 42.481896], [1.4894801, 42.4809712], [1.4893619, 42.4799057], [1.4896807, 42.4788955], [1.4902384, 42.4779802], [1.4906453, 42.4769955], [1.4905884, 42.4770153], [1.4905037, 42.4780842], [1.490419, 42.4791532], [1.4903343, 42.4802221], [1.4902497, 42.481291], [1.490165, 42.48236], [1.4905337, 42.4833331], [1.4910293, 42.4842736], [1.491934, 42.4847538], [1.4928888, 42.4850919], [1.4937931, 42.4856584], [1.4945412, 42.4864171], [1.494686, 42.4874469], [1.4949237, 42.4884464], [1.4956171, 42.4892642], [1.4962429, 42.4901191], [1.4964269, 42.4911467], [1.4973013, 42.4917637], [1.4982278, 42.4923027], [1.4991783, 42.4927988], [1.5000451, 42.4934271], [1.50074, 42.4941879], [1.501712, 42.4946408], [1.5026787, 42.4951044], [1.5036768, 42.4954903], [1.5046467, 42.4959374], [1.5056394, 42.4963341], [1.5066537, 42.4966817], [1.5076612, 42.4970486], [1.5086381, 42.4974887], [1.5096009, 42.4979606], [1.5104742, 42.4985606], [1.5111401, 42.4994011], [1.511802, 42.5002446], [1.5124461, 42.501102], [1.5130766, 42.5019689], [1.5129196, 42.5017731], [1.5134243, 42.5024636], [1.513952, 42.502953], [1.514725, 42.5036962], [1.5154979, 42.5044393], [1.5163521, 42.5050647], [1.51726, 42.5053977], [1.5182958, 42.5054123], [1.5193567, 42.505559], [1.5204, 42.5058068], [1.5213953, 42.5061184], [1.5224133, 42.5064536], [1.5234564, 42.5066945], [1.5245011, 42.5068769], [1.5255242, 42.5070989], [1.5265894, 42.5072227], [1.5257328, 42.5071382], [1.525624, 42.5070942], [1.5266927, 42.507182], [1.5277614, 42.507267], [1.528715, 42.5075934], [1.5295565, 42.5079159]], "mood_vectors": [[0.0716, 0.015, 0.0653, 0.6631, 0.0653, 0.0802, 0.0395], [0.0227, 0.0628, 0.0182, 0.6967, 0.0715, 0.0727, 0.0553], [0.0712, 0.0124, 0.0276, 0.7333, 0.0576, 0.081, 0.0168], [0.0421, 0.0234, 0.0353, 0.6511, 0.0846, 0.0863, 0.0771], [0.0367, 0.0873, 0.0147, 0.6775, 0.0804, 0.0221, 0.0813], [0.0429, 0.0267, 0.0596, 0.7724, 0.026, 0.0529, 0.0194], [0.0127, 0.0608, 0.0344, 0.7489, 0.0602, 0.0516, 0.0314], [0.088, 0.036, 0.0684, 0.6318, 0.0862, 0.0555, 0.034], [0.0575, 0.0566, 0.0312, 0.6873, 0.0588, 0.0491, 0.0595], [0.0369, 0.0539, 0.0658, 0.731, 0.0351, 0.0191, 0.0582], [0.0504, 0.0348, 0.0536, 0.7338, 0.054, 0.0621, 0.0113], [0.0565, 0.0502, 0.0142, 0.6875, 0.0583, 0.0424, 0.0909], [0.0174, 0.0486, 0.0323, 0.7399, 0.0128, 0.0694, 0.0796], [0.0682, 0.0804, 0.0183, 0.7183, 0.0236, 0.0274, 0.0638], [0.0902, 0.0825, 0.0466, 0.662, 0.0485, 0.0467, 0.0235], [0.081, 0.0638, 0.0264, 0.6762, 0.0401, 0.069, 0.0434], [0.0745, 0.0766, 0.0432, 0.6144, 0.0898, 0.0697, 0.0318], [0.0696, 0.0253, 0.0245, 0.7345, 0.0163, 0.098, 0.0317], [0.0285, 0.0621, 0.0821, 0.6802, 0.0789, 0.0247, 0.0435], [0.0304, 0.0808, 0.0667, 0.6318, 0.0679, 0.0617, 0.0605], [0.0165, 0.0291, 0.0476, 0.7359, 0.0714, 0.0811, 0.0183], [0.016, 0.034, 0.0236, 0.8308, 0.0267, 0.0221, 0.0467], [0.0753, 0.0271, 0.0831, 0.6654, 0.0651, 0.0574, 0.0265], [0.0494, 0.026, 0.033, 0.7114, 0.0831, 0.0671, 0.03], [0.0642, 0.0522, 0.0138, 0.6642, 0.0364, 0.0833, 0.0858], [0.0841, 0.0232, 0.0439, 0.7188, 0.0254, 0.0615, 0.0431], [0.0144, 0.0613, 0.0294, 0.7802, 0.0594, 0.0302, 0.0252], [0.0418, 0.0402, 0.0211, 0.7267, 0.0801, 0.055, 0.0352], [0.0448, 0.0681, 0.0151, 0.7358, 0.0305, 0.0692, 0.0365], [0.0441, 0.0469, 0.0676, 0.6876, 0.0467, 0.0801, 0.0271], [0.0534, 0.0394, 0.0377, 0.7652, 0.0334, 0.0254, 0.0457], [0.0865, 0.0828, 0.0177, 0.631, 0.0413, 0.0625, 0.0782], [0.0403, 0.0612, 0.0164, 0.7313, 0.0717, 0.0437, 0.0354], [0.0295, 0.03, 0.0706, 0.7188, 0.0547, 0.0556, 0.0408], [0.0287, 0.0391, 0.0711, 0.7052, 0.0714, 0.0283, 0.0562], [0.0286, 0.0241, 0.0768, 0.7378, 0.0402, 0.0789, 0.0135], [0.026, 0.0583, 0.0317, 0.7627, 0.0689, 0.0356, 0.0168], [0.0236, 0.0441, 0.0393, 0.7219, 0.0651, 0.0854, 0.0206], [0.0536, 0.0266, 0.0576, 0.7504, 0.0346, 0.016, 0.0612], [0.0385, 0.0176, 0.0796, 0.7285, 0.026, 0.0761, 0.0338], [0.0239, 0.0473, 0.0733, 0.6221, 0.0616, 0.0914, 0.0804], [0.0245, 0.0419, 0.0902, 0.7038, 0.0926, 0.0257, 0.0212], [0.042, 0.0383, 0.0288, 0.7401, 0.0319, 0.056, 0.0629], [0.0204, 0.059, 0.0289, 0.6812, 0.0627, 0.0673, 0.0805], [0.067, 0.0693, 0.0521, 0.6859, 0.0263, 0.0259, 0.0737], [0.0772, 0.0753, 0.0715, 0.6931, 0.0356, 0.0171, 0.0303], [0.0612, 0.0482, 0.049, 0.6924, 0.0549, 0.0704, 0.024], [0.0622, 0.0437, 0.0739, 0.7273, 0.0375, 0.0164, 0.039], [0.027, 0.058, 0.0162, 0.68, 0.0781, 0.0917, 0.0489], [0.059, 0.0724, 0.0248, 0.7405, 0.0478, 0.0438, 0.0117], [0.0696, 0.0233, 0.0236, 0.7301, 0.0379, 0.0419, 0.0734], [0.0897, 0.0412, 0.0557, 0.645, 0.0206, 0.0894, 0.0584], [0.0368, 0.0168, 0.071, 0.7071, 0.0239, 0.075, 0.0692], [0.0398, 0.0577, 0.0202, 0.6926, 0.0729, 0.0988, 0.018], [0.0419, 0.0311, 0.0345, 0.7158, 0.0514, 0.0387, 0.0867], [0.0556, 0.0248, 0.0512, 0.6727, 0.0652, 0.069, 0.0617], [0.0562, 0.0637, 0.023, 0.712, 0.0277, 0.0758, 0.0416], [0.036, 0.0318, 0.0298, 0.7459, 0.0715, 0.064, 0.021], [0.0696, 0.0231, 0.0567, 0.7272, 0.0706, 0.0294, 0.0234], [0.0407, 0.0775, 0.0576, 0.6867, 0.0699, 0.0349, 0.0328], [0.0481, 0.0229, 0.0327, 0.6951, 0.0788, 0.0512, 0.0712], [0.0281, 0.0353, 0.0656, 0.7041, 0.0634, 0.0503, 0.0532], [0.0273, 0.0232, 0.0715, 0.7853, 0.0158, 0.0334, 0.0435], [0.0648, 0.0358, 0.0733, 0.6598, 0.0792, 0.057, 0.0302], [0.0443, 0.0729, 0.0246, 0.7481, 0.0565, 0.023, 0.0305], [0.039, 0.0591, 0.0404, 0.6839, 0.0668, 0.0643, 0.0465], [0.0735, 0.0824, 0.023, 0.6698, 0.0512, 0.0381, 0.062], [0.0235, 0.0303, 0.0673, 0.6782, 0.0416, 0.0707, 0.0883], [0.0568, 0.0169, 0.0782, 0.6616, 0.0692, 0.0395, 0.0778], [0.0503, 0.0148, 0.0261, 0.7835, 0.0643, 0.0382, 0.0228], [0.0174, 0.0694, 0.0238, 0.7467, 0.0362, 0.0716, 0.0349], [0.0474, 0.0734, 0.0734, 0.7193, 0.0468, 0.0228, 0.017], [0.0898, 0.0502, 0.028, 0.6648, 0.0356, 0.0502, 0.0815], [0.0494, 0.0191, 0.0389, 0.7501, 0.0358, 0.0681, 0.0386], [0.0422, 0.0348, 0.0611, 0.7575, 0.0463, 0.0247, 0.0334], [0.0371, 0.0401, 0.0403, 0.7345, 0.0723, 0.0583, 0.0174], [0.0625, 0.0577, 0.0804, 0.6678, 0.0439, 0.0192, 0.0686], [0.0285, 0.0569, 0.0576, 0.6731, 0.03, 0.0785, 0.0754], [0.0841, 0.0244, 0.0235, 0.757, 0.0171, 0.046, 0.048], [0.0157, 0.0903, 0.0315, 0.6866, 0.082, 0.035, 0.0589]], "emotions": ["green", "green", "green", "green", "green", "green", "green", "green", "green", "green", "green", "green", "green", "green", "green", "green", "green", "green", "green", "green", "green", "green", "green", "green", "green", "green", "green", "green", "green", "green", "green", "green", "green", "green", "green", "green", "green", "green", "green", "green", "green", "green", "green", "green", "green", "green", "green", "green", "green", "green", "green", "green", "green", "green", "green", "green", "green", "green", "green", "green", "green", "green", "green", "green", "green", "green", "green", "green", "green", "green", "green", "green", "green", "green", "green", "green", "green", "green", "green", "green"], "timestamps": [0, 40, 80, 120, 160, 200, 240, 280, 320, 360, 400, 440, 480, 520, 560, 600, 640, 680, 720, 760, 800, 840, 880, 920, 960, 1000, 1040, 1080, 1120, 1160, 1200, 1240, 1280, 1320, 1360, 1400, 1440, 1480, 1520, 1560, 1600, 1640, 1680, 1720, 1760, 1800, 1840, 1880, 1920, 1960, 2000, 2040, 2080, 2120, 2160, 2200, 2240, 2280, 2320, 2360, 2400, 2440, 2480, 2520, 2560, 2600, 2640, 2680, 2720, 2760, 2800, 2840, 2880, 2920, 2960, 3000, 3040, 3080, 3120, 3160]}], "conversation": [], "conversation_timestamps": []}