{"agent_id": "agent-purple-1914", "type": "purple", "trips": [{"trip_id": 0, "transport_method": "car", "start_time": 0, "path": [[1.5011501, 42.4697089], [1.5007869, 42.4702145], [1.5012776, 42.4711354], [1.5007582, 42.4713716], [1.5009023, 42.4720895], [1.5005207, 42.4725798], [1.4997531, 42.4730938], [1.4987408, 42.4734255], [1.4977676, 42.4738094], [1.4969369, 42.4744331], [1.4962376, 42.4752308], [1.4953203, 42.4755242], [1.4944342, 42.4761183], [1.4934777, 42.4765721], [1.4925532, 42.4771137], [1.4916288, 42.4776552], [1.4907043, 42.4781967], [1.4903924, 42.4786818], [1.4914287, 42.4785628], [1.4923047, 42.4780053], [1.4931574, 42.4773611], [1.4941063, 42.4768735], [1.4938777, 42.4763356], [1.4929501, 42.4768717], [1.4920225, 42.4774078], [1.4910948, 42.4779439], [1.4901672, 42.47848], [1.4895666, 42.4793348], [1.4895042, 42.4803897], [1.4896643, 42.4814462], [1.4901511, 42.4823964], [1.4906935, 42.4833202], [1.4910546, 42.4842559], [1.4919103, 42.4847501], [1.4928662, 42.4850812], [1.4937726, 42.4856428], [1.4945271, 42.4863944], [1.4946933, 42.4874203], [1.4949059, 42.4884242], [1.4955979, 42.489242], [1.4962358, 42.4900897], [1.496403, 42.4911268], [1.4972742, 42.4917468], [1.4981988, 42.4922873], [1.4991494, 42.4927815], [1.5000181, 42.4934055], [1.500708, 42.4941728], [1.5016791, 42.4946251], [1.5026452, 42.4950882], [1.5036405, 42.4954787], [1.5046124, 42.4959187], [1.5056014, 42.4963219], [1.5066152, 42.4966681], [1.5076222, 42.4970337], [1.5085998, 42.4974703], [1.5095622, 42.497941], [1.5104467, 42.4985259], [1.511112, 42.4993657], [1.5117743, 42.5002078], [1.5124178, 42.5010644], [1.5131405, 42.5018335], [1.5140573, 42.5023879], [1.5133056, 42.5016895], [1.5134191, 42.5019361], [1.5143836, 42.5024027], [1.5149526, 42.5026967], [1.5158444, 42.5032905], [1.5152387, 42.5028824], [1.5161262, 42.5034825], [1.5171511, 42.5037451], [1.5182159, 42.5036458], [1.5191998, 42.5037472], [1.5202203, 42.5039504], [1.5212106, 42.5043593], [1.5221385, 42.5048239], [1.5231873, 42.5047968], [1.5242423, 42.5049663], [1.5252944, 42.5051685], [1.52635, 42.5053167], [1.5274175, 42.5053418]], "mood_vectors": [[0.0445, 0.018, 0.0617, 0.0664, 0.0184, 0.7361, 0.0549], [0.0544, 0.0745, 0.087, 0.0445, 0.0982, 0.5999, 0.0415], [0.0171, 0.032, 0.087, 0.0925, 0.0263, 0.6788, 0.0662], [0.06, 0.0685, 0.0284, 0.0425, 0.0167, 0.7687, 0.0151], [0.0351, 0.0594, 0.057, 0.0947, 0.0722, 0.6457, 0.036], [0.0591, 0.0502, 0.0247, 0.0338, 0.0805, 0.724, 0.0277], [0.0221, 0.0191, 0.0526, 0.0663, 0.0166, 0.7972, 0.0261], [0.0491, 0.0262, 0.0804, 0.0354, 0.0383, 0.7196, 0.0509], [0.0564, 0.0728, 0.0464, 0.0704, 0.0652, 0.6215, 0.0672], [0.0323, 0.0319, 0.0623, 0.0807, 0.02, 0.6959, 0.0769], [0.0809, 0.0574, 0.0573, 0.0347, 0.0638, 0.6727, 0.0332], [0.0208, 0.0607, 0.061, 0.063, 0.0547, 0.6703, 0.0694], [0.0192, 0.0425, 0.0338, 0.0918, 0.0276, 0.695, 0.0902], [0.0337, 0.0482, 0.0719, 0.0278, 0.0544, 0.7091, 0.0549], [0.0164, 0.0348, 0.0191, 0.0698, 0.0369, 0.7525, 0.0705], [0.0295, 0.0331, 0.0734, 0.0678, 0.0683, 0.6756, 0.0524], [0.0345, 0.0158, 0.0871, 0.0343, 0.0442, 0.7671, 0.0169], [0.0484, 0.0313, 0.063, 0.0809, 0.0492, 0.6656, 0.0616], [0.0341, 0.0523, 0.0561, 0.0229, 0.0134, 0.7927, 0.0285], [0.0596, 0.0383, 0.0281, 0.0185, 0.08, 0.705, 0.0704], [0.0624, 0.0115, 0.0336, 0.0612, 0.0408, 0.7451, 0.0453], [0.0636, 0.0387, 0.0382, 0.0732, 0.0344, 0.7029, 0.049], [0.0138, 0.0714, 0.014, 0.0714, 0.0414, 0.7678, 0.0202], [0.0194, 0.0135, 0.0836, 0.0347, 0.0717, 0.7446, 0.0324], [0.0703, 0.0614, 0.0227, 0.0226, 0.0293, 0.7594, 0.0344], [0.0425, 0.0634, 0.0799, 0.0152, 0.0382, 0.6711, 0.0897], [0.0777, 0.0213, 0.0216, 0.0562, 0.0606, 0.7212, 0.0415], [0.0237, 0.0175, 0.0233, 0.0651, 0.0778, 0.7595, 0.033], [0.025, 0.0737, 0.0519, 0.0511, 0.0287, 0.7026, 0.067], [0.0267, 0.0503, 0.0348, 0.0893, 0.0428, 0.6719, 0.0843], [0.0576, 0.0791, 0.0327, 0.0282, 0.076, 0.6823, 0.0441], [0.0248, 0.0599, 0.0715, 0.0845, 0.0795, 0.657, 0.0229], [0.0436, 0.0722, 0.014, 0.0241, 0.0369, 0.7951, 0.0142], [0.0372, 0.0811, 0.0336, 0.0362, 0.0494, 0.6808, 0.0817], [0.0211, 0.0582, 0.0191, 0.0723, 0.049, 0.745, 0.0354], [0.0122, 0.0271, 0.0325, 0.0595, 0.0118, 0.7875, 0.0694], [0.0365, 0.0989, 0.0501, 0.0478, 0.0541, 0.6739, 0.0388], [0.0545, 0.0641, 0.0399, 0.0747, 0.0653, 0.6277, 0.0738], [0.024, 0.0329, 0.0765, 0.0208, 0.0172, 0.7948, 0.0339], [0.0426, 0.0268, 0.0754, 0.0171, 0.0544, 0.7058, 0.0778], [0.0381, 0.0625, 0.0764, 0.0439, 0.0515, 0.6792, 0.0484], [0.0631, 0.0279, 0.017, 0.0633, 0.016, 0.7941, 0.0186], [0.0199, 0.0416, 0.0811, 0.0296, 0.0146, 0.7388, 0.0743], [0.0723, 0.0617, 0.043, 0.0785, 0.0391, 0.6441, 0.0614], [0.0608, 0.0449, 0.0379, 0.0515, 0.0548, 0.7101, 0.04], [0.0189, 0.0794, 0.0214, 0.0199, 0.0481, 0.7934, 0.0189], [0.0502, 0.045, 0.044, 0.017, 0.0496, 0.7485, 0.0457], [0.0414, 0.0814, 0.0276, 0.0129, 0.048, 0.742, 0.0468], [0.0398, 0.0557, 0.073, 0.0678, 0.0276, 0.6703, 0.0657], [0.0315, 0.0551, 0.0694, 0.0497, 0.0771, 0.6556, 0.0616], [0.0724, 0.0362, 0.0631, 0.0161, 0.0234, 0.7287, 0.0601], [0.0635, 0.0531, 0.0617, 0.0431, 0.0442, 0.6931, 0.0414], [0.0993, 0.0443, 0.0403, 0.0659, 0.0414, 0.6726, 0.0363], [0.0345, 0.0162, 0.0664, 0.0523, 0.0611, 0.717, 0.0525], [0.015, 0.018, 0.0718, 0.0945, 0.0303, 0.6777, 0.0927], [0.0266, 0.0303, 0.04, 0.0798, 0.063, 0.7114, 0.0489], [0.0566, 0.0785, 0.0701, 0.076, 0.0531, 0.6457, 0.0201], [0.0242, 0.0274, 0.0142, 0.0642, 0.0227, 0.7728, 0.0744], [0.0462, 0.0921, 0.0736, 0.0502, 0.0286, 0.6863, 0.0231], [0.0715, 0.0751, 0.0433, 0.0706, 0.0213, 0.6808, 0.0374], [0.0512, 0.0526, 0.0287, 0.0661, 0.0637, 0.6896, 0.0481], [0.0893, 0.0915, 0.0402, 0.0319, 0.0321, 0.6911, 0.0238], [0.0486, 0.0575, 0.0237, 0.0425, 0.0645, 0.7113, 0.052], [0.0455, 0.0359, 0.0308, 0.0318, 0.044, 0.7571, 0.0549], [0.0122, 0.0425, 0.0586, 0.0612, 0.0458, 0.7364, 0.0431], [0.051, 0.0582, 0.0235, 0.0608, 0.0622, 0.6699, 0.0745], [0.0403, 0.013, 0.0343, 0.0495, 0.0247, 0.7865, 0.0518], [0.017, 0.0288, 0.0588, 0.0638, 0.0688, 0.745, 0.0178], [0.0278, 0.0733, 0.0316, 0.0731, 0.0291, 0.744, 0.0211], [0.0559, 0.0636, 0.0252, 0.0613, 0.0509, 0.6748, 0.0683], [0.0162, 0.021, 0.0384, 0.0599, 0.0449, 0.7728, 0.0468], [0.0868, 0.0272, 0.0727, 0.0427, 0.0479, 0.6632, 0.0596], [0.0778, 0.0297, 0.0313, 0.0257, 0.0613, 0.697, 0.0772], [0.0814, 0.0425, 0.0861, 0.0463, 0.0895, 0.5781, 0.0762], [0.0228, 0.0151, 0.088, 0.0841, 0.0216, 0.7154, 0.0531], [0.0595, 0.0194, 0.0377, 0.0879, 0.0449, 0.6847, 0.0659], [0.0788, 0.0133, 0.0846, 0.0457, 0.027, 0.6824, 0.0682], [0.0175, 0.0545, 0.0566, 0.0136, 0.0686, 0.7307, 0.0584], [0.0137, 0.0835, 0.0237, 0.0654, 0.0199, 0.7675, 0.0263], [0.0654, 0.0332, 0.0315, 0.0376, 0.0849, 0.673, 0.0744]], "emotions": ["purple", "purple", "purple", "purple", "purple", "purple", "purple", "purple", "purple", "purple", "purple", "purple", "purple", "purple", "purple", "purple", "purple", "purple", "purple", "purple", "purple", "purple", "purple", "purple", "purple", "purple", "purple", "purple", "purple", "purple", "purple", "purple", "purple", "purple", "purple", "purple", "purple", "purple", "purple", "purple", "purple", "purple", "purple", "purple", "purple", "purple", "purple", "purple", "purple", "purple", "purple", "purple", "purple", "purple", "purple", "purple", "purple", "purple", "purple", "purple", "purple", "purple", "purple", "purple", "purple", "purple", "purple", "purple", "purple", "purple", "purple", "purple", "purple", "purple", "purple", "purple", "purple", "purple", "purple", "purple"], "timestamps": [0, 40, 80, 120, 160, 200, 240, 280, 320, 360, 400, 440, 480, 520, 560, 600, 640, 680, 720, 760, 800, 840, 880, 920, 960, 1000, 1040, 1080, 1120, 1160, 1200, 1240, 1280, 1320, 1360, 1400, 1440, 1480, 1520, 1560, 1600, 1640, 1680, 1720, 1760, 1800, 1840, 1880, 1920, 1960, 2000, 2040, 2080, 2120, 2160, 2200, 2240, 2280, 2320, 2360, 2400, 2440, 2480, 2520, 2560, 2600, 2640, 2680, 2720, 2760, 2800, 2840, 2880, 2920, 2960, 3000, 3040, 3080, 3120, 3160]}], "conversation": [], "conversation_timestamps": []}