{"agent_id": "agent-orange-1793", "type": "orange", "trips": [{"trip_id": 0, "transport_method": "bus", "start_time": 0, "path": [[1.5217323, 42.5089726], [1.5216034, 42.5088364], [1.5214745, 42.5087001], [1.5213464, 42.5085639], [1.5214975, 42.5084529], [1.5216484, 42.5083415], [1.5217977, 42.5083348], [1.5219799, 42.5083789], [1.5221635, 42.5084168], [1.5223473, 42.5084544], [1.5225314, 42.5084672], [1.5227124, 42.5084184], [1.5228932, 42.5083686], [1.5230704, 42.50831], [1.5231219, 42.5081324], [1.5231774, 42.5079533], [1.523299, 42.5078379], [1.5234822, 42.5078043], [1.5236693, 42.5077913], [1.5238564, 42.5077783], [1.5240438, 42.507773], [1.5242312, 42.5077768], [1.5244165, 42.5078044], [1.5246007, 42.5078398], [1.5247815, 42.5078893], [1.5249617, 42.5079412], [1.5251419, 42.5079932], [1.5253221, 42.5080452], [1.5255024, 42.508097], [1.5256768, 42.5081653], [1.5258569, 42.5082113], [1.5260422, 42.5082389], [1.5262251, 42.5082802], [1.5264095, 42.5083143], [1.5265953, 42.5083391], [1.5267822, 42.5083527], [1.5269697, 42.5083586], [1.5271572, 42.5083604], [1.5273448, 42.5083625], [1.5275302, 42.5083852], [1.5277056, 42.5084507], [1.527878, 42.5085244], [1.5280504, 42.5085982], [1.528222, 42.5086738], [1.5283904, 42.5087564], [1.5285672, 42.5088155], [1.5287497, 42.5088587], [1.5289328, 42.5088992], [1.5291165, 42.508937], [1.5290966, 42.5088954], [1.5289094, 42.5088841], [1.5289523, 42.5089078], [1.5291344, 42.5089526], [1.5293165, 42.5089975], [1.5294986, 42.5090424], [1.5296807, 42.5090873], [1.5298619, 42.5091355], [1.5300394, 42.5091962], [1.5302165, 42.5092577], [1.5303937, 42.5093191], [1.5305717, 42.5093784], [1.5307485, 42.5093593], [1.530925, 42.5094228], [1.5311007, 42.5094883], [1.5312758, 42.5095554], [1.5314509, 42.5096227], [1.5316266, 42.5096882], [1.5318036, 42.5097502], [1.5319805, 42.5098122], [1.5321593, 42.509869], [1.5323345, 42.5098919], [1.5325109, 42.5099504], [1.5326974, 42.5099698], [1.5328846, 42.5099808], [1.5330713, 42.509999], [1.5332579, 42.5100172], [1.5334369, 42.5099802], [1.5335635, 42.5098695], [1.5337501, 42.5098883], [1.5339367, 42.5099071]], "mood_vectors": [[0.0138, 0.0234, 0.0748, 0.0495, 0.7076, 0.0637, 0.067], [0.0664, 0.0506, 0.0116, 0.053, 0.6753, 0.0685, 0.0745], [0.0565, 0.0665, 0.0678, 0.0458, 0.6529, 0.043, 0.0674], [0.0438, 0.0291, 0.0705, 0.0374, 0.6904, 0.0621, 0.0667], [0.074, 0.0434, 0.0686, 0.019, 0.6984, 0.0339, 0.0628], [0.0751, 0.0567, 0.0199, 0.0408, 0.6689, 0.0811, 0.0577], [0.0437, 0.0255, 0.0547, 0.0594, 0.7212, 0.0329, 0.0626], [0.0383, 0.0725, 0.0307, 0.0467, 0.6993, 0.0545, 0.058], [0.0312, 0.0506, 0.0192, 0.0709, 0.7474, 0.0519, 0.0288], [0.0962, 0.0429, 0.0437, 0.0327, 0.641, 0.0879, 0.0556], [0.0812, 0.025, 0.0502, 0.0563, 0.6251, 0.081, 0.0812], [0.0364, 0.0762, 0.029, 0.0792, 0.7103, 0.0237, 0.0451], [0.0697, 0.0574, 0.0346, 0.041, 0.7004, 0.0204, 0.0765], [0.0404, 0.0361, 0.0605, 0.0556, 0.6762, 0.093, 0.0382], [0.0359, 0.0278, 0.0672, 0.084, 0.7055, 0.0509, 0.0286], [0.0275, 0.0248, 0.0919, 0.0275, 0.7176, 0.0657, 0.0451], [0.073, 0.0463, 0.0467, 0.0237, 0.7225, 0.0373, 0.0505], [0.0693, 0.0804, 0.0206, 0.0928, 0.6505, 0.0242, 0.0622], [0.0566, 0.0209, 0.0669, 0.0662, 0.6736, 0.0592, 0.0566], [0.0256, 0.0503, 0.0711, 0.0524, 0.7245, 0.0274, 0.0488], [0.0207, 0.0584, 0.0626, 0.0295, 0.6887, 0.069, 0.071], [0.0609, 0.0419, 0.0212, 0.0984, 0.6713, 0.0579, 0.0484], [0.0301, 0.0495, 0.0851, 0.0386, 0.7531, 0.0295, 0.0141], [0.0724, 0.0666, 0.0697, 0.0522, 0.6739, 0.0359, 0.0292], [0.0244, 0.0732, 0.0365, 0.0296, 0.7444, 0.0595, 0.0324], [0.0498, 0.0234, 0.0654, 0.0551, 0.7072, 0.0293, 0.0698], [0.0393, 0.0718, 0.0729, 0.0252, 0.6811, 0.0438, 0.0659], [0.0604, 0.0798, 0.0393, 0.0498, 0.708, 0.0461, 0.0167], [0.0383, 0.0685, 0.0629, 0.0599, 0.7137, 0.0374, 0.0194], [0.0936, 0.0302, 0.0139, 0.0256, 0.7228, 0.073, 0.041], [0.0955, 0.0408, 0.0202, 0.0778, 0.6319, 0.0575, 0.0764], [0.0667, 0.0559, 0.0488, 0.0576, 0.6756, 0.0329, 0.0625], [0.0616, 0.039, 0.0859, 0.0539, 0.6242, 0.0883, 0.047], [0.067, 0.0289, 0.0433, 0.0686, 0.6893, 0.0168, 0.0861], [0.0318, 0.0723, 0.0543, 0.04, 0.7513, 0.0179, 0.0323], [0.0532, 0.0238, 0.0675, 0.06, 0.6606, 0.0806, 0.0543], [0.0603, 0.0204, 0.0841, 0.0272, 0.7496, 0.0326, 0.0258], [0.0501, 0.0336, 0.0552, 0.0338, 0.7457, 0.0678, 0.0137], [0.0315, 0.0363, 0.0672, 0.0684, 0.6536, 0.0961, 0.0469], [0.0221, 0.0279, 0.0279, 0.0266, 0.7583, 0.0699, 0.0671], [0.0708, 0.0641, 0.0378, 0.014, 0.7651, 0.0337, 0.0144], [0.0771, 0.0132, 0.0748, 0.0879, 0.605, 0.0529, 0.089], [0.0813, 0.0732, 0.0583, 0.0369, 0.6899, 0.0264, 0.0341], [0.0266, 0.0773, 0.0421, 0.0528, 0.7057, 0.0452, 0.0503], [0.0741, 0.0698, 0.0453, 0.0466, 0.6804, 0.0696, 0.0142], [0.0853, 0.04, 0.0371, 0.0188, 0.7669, 0.0285, 0.0234], [0.0456, 0.0348, 0.0228, 0.106, 0.6764, 0.0596, 0.0549], [0.0547, 0.0371, 0.0435, 0.0771, 0.6482, 0.0717, 0.0677], [0.0857, 0.088, 0.0742, 0.0365, 0.6146, 0.0716, 0.0294], [0.0126, 0.0191, 0.0249, 0.0804, 0.7602, 0.0614, 0.0414], [0.0344, 0.0726, 0.0698, 0.0275, 0.6648, 0.0797, 0.0513], [0.0477, 0.0341, 0.0866, 0.035, 0.6517, 0.0672, 0.0778], [0.0568, 0.0798, 0.0125, 0.0265, 0.7734, 0.0338, 0.0172], [0.0161, 0.0406, 0.0793, 0.0182, 0.7862, 0.0433, 0.0162], [0.08, 0.0537, 0.041, 0.0415, 0.701, 0.0359, 0.0469], [0.027, 0.038, 0.0459, 0.02, 0.7518, 0.0403, 0.077], [0.0505, 0.0135, 0.0245, 0.0693, 0.7181, 0.0648, 0.0593], [0.0451, 0.0742, 0.0873, 0.033, 0.7189, 0.0192, 0.0221], [0.0521, 0.0595, 0.0543, 0.0455, 0.7025, 0.0437, 0.0424], [0.069, 0.0297, 0.0135, 0.067, 0.7309, 0.017, 0.0727], [0.0394, 0.0584, 0.0364, 0.0158, 0.7324, 0.0687, 0.0489], [0.0902, 0.0164, 0.0522, 0.0324, 0.6981, 0.0671, 0.0436], [0.0155, 0.056, 0.0616, 0.019, 0.7649, 0.0498, 0.0332], [0.0497, 0.0618, 0.0591, 0.053, 0.6685, 0.0409, 0.0669], [0.0176, 0.0583, 0.0581, 0.0155, 0.7719, 0.0271, 0.0515], [0.0229, 0.0309, 0.0628, 0.0285, 0.7443, 0.0354, 0.0753], [0.0488, 0.0615, 0.0658, 0.0462, 0.7282, 0.0374, 0.0122], [0.0929, 0.0829, 0.0232, 0.0527, 0.6994, 0.0304, 0.0185], [0.0692, 0.0629, 0.063, 0.0429, 0.6278, 0.0496, 0.0846], [0.0154, 0.0296, 0.0863, 0.0868, 0.7265, 0.0337, 0.0217], [0.0793, 0.0595, 0.0637, 0.0137, 0.683, 0.0685, 0.0323], [0.0218, 0.0935, 0.0499, 0.0624, 0.6945, 0.0583, 0.0196], [0.0782, 0.0917, 0.0307, 0.0705, 0.5943, 0.077, 0.0576], [0.0199, 0.082, 0.0467, 0.0242, 0.7541, 0.0199, 0.0532], [0.0345, 0.0275, 0.0587, 0.0679, 0.6931, 0.0441, 0.0741], [0.0576, 0.0718, 0.0422, 0.0617, 0.6526, 0.0737, 0.0404], [0.0819, 0.0311, 0.0407, 0.0182, 0.6252, 0.1024, 0.1005], [0.0394, 0.0225, 0.0548, 0.0668, 0.7366, 0.0586, 0.0213], [0.0473, 0.0357, 0.0376, 0.0163, 0.769, 0.0788, 0.0153], [0.0237, 0.0163, 0.0413, 0.0861, 0.7647, 0.041, 0.0269]], "emotions": ["red", "red", "red", "red", "red", "red", "red", "red", "red", "red", "red", "red", "red", "red", "red", "red", "red", "red", "red", "red", "red", "red", "red", "red", "red", "red", "red", "red", "red", "red", "red", "red", "red", "red", "red", "red", "red", "red", "red", "red", "red", "red", "red", "red", "red", "red", "red", "red", "red", "red", "red", "red", "red", "red", "red", "red", "red", "red", "red", "red", "red", "red", "red", "red", "red", "red", "red", "red", "red", "red", "red", "red", "red", "red", "red", "red", "red", "red", "red", "red"], "timestamps": [0, 40, 80, 120, 160, 200, 240, 280, 320, 360, 400, 440, 480, 520, 560, 600, 640, 680, 720, 760, 800, 840, 880, 920, 960, 1000, 1040, 1080, 1120, 1160, 1200, 1240, 1280, 1320, 1360, 1400, 1440, 1480, 1520, 1560, 1600, 1640, 1680, 1720, 1760, 1800, 1840, 1880, 1920, 1960, 2000, 2040, 2080, 2120, 2160, 2200, 2240, 2280, 2320, 2360, 2400, 2440, 2480, 2520, 2560, 2600, 2640, 2680, 2720, 2760, 2800, 2840, 2880, 2920, 2960, 3000, 3040, 3080, 3120, 3160]}], "conversation": [], "conversation_timestamps": []}