{
  "agent_id": "agent-type-orange-25",
  "type": "orange",
  "trips": [
    {
      "trip_id": 0,
      "transport_method": "bicycle",
      "start_time": 0,
      "path": [
        [
          1.5222027,
          42.5082477
        ],
        [
          1.5225810374878639,
          42.5080881409862
        ],
        [
          1.522607606963682,
          42.50843372910336
        ],
        [
          1.5231358929710153,
          42.50830790569153
        ],
        [
          1.523615286848827,
          42.50857921412231
        ],
        [
          1.5238311998686624,
          42.508872346425505
        ],
        [
          1.523957467711478,
          42.50895530780062
        ],
        [
          1.5241636103874812,
          42.508783867724254
        ],
        [
          1.5247068855894403,
          42.50888995414468
        ],
        [
          1.5252501607913993,
          42.508996040565094
        ],
        [
          1.5255022048389508,
          42.50926997119976
        ],
        [
          1.5250839384726458,
          42.508963582005
        ],
        [
          1.5245406632706866,
          42.50885749558458
        ],
        [
          1.5239973880687276,
          42.50875140916416
        ],
        [
          1.5234954816871709,
          42.508521232850114
        ],
        [
          1.523061967622876,
          42.50821021024619
        ],
        [
          1.5233285001481482,
          42.5078335212491
        ],
        [
          1.523873874051371,
          42.507801791344626
        ],
        [
          1.5244263165661578,
          42.507836569808035
        ],
        [
          1.5246364096765246,
          42.50813584746568
        ],
        [
          1.5249273317105057,
          42.50841388679558
        ],
        [
          1.5254636278065936,
          42.508550958933455
        ],
        [
          1.5256256080577562,
          42.508633218516685
        ],
        [
          1.5251096128352124,
          42.50846047610257
        ],
        [
          1.524584841410617,
          42.50831678305063
        ],
        [
          1.5248050660541825,
          42.50790696706667
        ],
        [
          1.5253385795826024,
          42.508054482080276
        ],
        [
          1.5257601,
          42.5081691
        ]
      ],
      "emotions": [
        "red",
        "red",
        "red",
        "red",
        "red",
        "red",
        "red",
        "red",
        "red",
        "red",
        "red",
        "red",
        "red",
        "red",
        "red",
        "green",
        "green",
        "green",
        "green",
        "green",
        "red",
        "red",
        "red",
        "red",
        "red",
        "purple",
        "purple",
        "purple"
      ],
      "mood_vectors": [
        [
          0.16514967380327467,
          0.0898938493674955,
          0.030475774811149114,
          0.11988670595735834,
          0.1607431237234374,
          0.25803223108596884,
          0.1758186412513162
        ],
        [
          0.1069009226075025,
          0.21764637849245858,
          0.10752843581464554,
          0.12174013341183254,
          0.06000035412323947,
          0.20557159537213437,
          0.1806121801781871
        ],
        [
          0.18064794785876853,
          0.17081151458170696,
          0.08278105977047702,
          0.18965021103654364,
          0.18684508872779343,
          0.0846190912907357,
          0.10464508673397464
        ],
        [
          0.1054670671920946,
          0.35977493533657023,
          0.0046361602784424595,
          0.15266740422547578,
          0.26660317574121345,
          0.09807926566008891,
          0.012771991566114462
        ],
        [
          0.12395493842762982,
          0.20820291974020022,
          0.07637388825339711,
          0.1650761702777743,
          0.16442611161377452,
          0.09107215682058215,
          0.170893814866642
        ],
        [
          0.1523687545889113,
          0.19734904742006504,
          0.21672981679978032,
          0.15161311180262105,
          0.13467093359555532,
          0.09220301151716641,
          0.05506532427590059
        ],
        [
          0.0710130470277288,
          0.22231907201331663,
          0.1092478745494581,
          0.06423385488585245,
          0.22905445750601128,
          0.22886641952049808,
          0.07526527449713477
        ],
        [
          0.0564431823553182,
          0.11445956842970839,
          0.21923226740530224,
          0.021264746453867132,
          0.23813242437909476,
          0.12889146896964482,
          0.2215763420070645
        ],
        [
          0.11463349925786195,
          0.20485567243488675,
          0.14648407666570584,
          0.2510148762710672,
          0.04357912438770566,
          0.09572648024195206,
          0.14370627074082049
        ],
        [
          0.1285300948831512,
          0.3133900861093802,
          0.11027525871300398,
          0.15724835989441485,
          0.038375347834807894,
          0.2264674023307499,
          0.025713450234491952
        ],
        [
          0.13221770337254482,
          0.10959583497047642,
          0.02568250514716482,
          0.28161512926687154,
          0.13104215998017948,
          0.29722133570160447,
          0.022625331561158365
        ],
        [
          0.2509205021557875,
          0.002686789220777617,
          0.1703797270641715,
          0.030825430780185212,
          0.22957657675322224,
          0.04429683175698066,
          0.27131414226887524
        ],
        [
          0.17525741830258523,
          0.22910148003817382,
          0.24077684570413557,
          0.09279350139076291,
          0.02675788197754067,
          0.21460353630974482,
          0.020709336277056924
        ],
        [
          0.11475884928831352,
          0.2182054747524454,
          0.19906972196028294,
          0.06592450947924226,
          0.27745011789818497,
          0.09993365910501387,
          0.024657667516517066
        ],
        [
          0.09536744652538674,
          0.20048715713194548,
          0.005679143251274312,
          0.15325041393072952,
          0.18971248613234018,
          0.16217460552749727,
          0.19332874750082654
        ],
        [
          0.17899894164291785,
          0.16343985527071767,
          0.18481864515669696,
          0.13887146172012646,
          0.1531122413313015,
          0.17764340530252312,
          0.0031154495757163714
        ],
        [
          0.012924734652264363,
          0.19719660346625095,
          0.21728050061014254,
          0.1599873219382132,
          0.1885232056200852,
          0.12317731351216403,
          0.10091032020087982
        ],
        [
          0.052249485686367565,
          0.20849151157772736,
          0.055043730640298286,
          0.02573388953430998,
          0.2284474361190062,
          0.29459305006394676,
          0.13544089637834375
        ],
        [
          0.057078588321742126,
          0.025247708357352027,
          0.19344814104090202,
          0.17481017498274806,
          0.21564842716847873,
          0.17089496636218873,
          0.16287199376658826
        ],
        [
          0.22764291511131204,
          0.23117371567280096,
          0.24556275178654158,
          0.20270528965264367,
          0.041310618245985524,
          0.03148370365497636,
          0.020121005875739895
        ],
        [
          0.03284880018493132,
          0.12163067398029825,
          0.22014859213078333,
          0.2950226224820982,
          0.19407064368856783,
          0.09534592835364528,
          0.04093273917967571
        ],
        [
          0.0022570512862872525,
          0.18369433924696296,
          0.2635519269767446,
          0.16703888300366293,
          0.16476131482868375,
          0.034140851809223764,
          0.1845556328484347
        ],
        [
          0.1817910585222665,
          0.07942428652532253,
          0.2137524596945906,
          0.16536208509984426,
          0.022234829067583083,
          0.17716384902740973,
          0.16027143206298328
        ],
        [
          0.05355837015627493,
          0.26050984948352396,
          0.026694266286792088,
          0.24065150048455677,
          0.07454210192724095,
          0.2102752983268671,
          0.13376861333474413
        ],
        [
          0.13942661754284966,
          0.11198900781342871,
          0.1967521074409338,
          0.16261580590294109,
          0.13986458210958577,
          0.030671921593501277,
          0.21867995759675965
        ],
        [
          0.08749651405676521,
          0.20734577843608137,
          0.3351334692365092,
          0.18596856287263516,
          0.07301129729446891,
          0.0803528172391727,
          0.030691560864367372
        ],
        [
          0.12623566246725068,
          0.11522674052383074,
          0.1834407743732813,
          0.12849987894492934,
          0.09937770451594646,
          0.16418860341926264,
          0.18303063575549885
        ],
        [
          0.07217962649093058,
          0.10948648398372472,
          0.08512199393714416,
          0.1968744894103811,
          0.2150691776688404,
          0.09175215290156186,
          0.22951607560741716
        ]
      ],
      "timestamps": [
        0,
        1,
        2,
        3,
        4,
        5,
        6,
        7,
        8,
        9,
        10,
        11,
        12,
        13,
        14,
        15,
        16,
        17,
        18,
        19,
        20,
        21,
        22,
        23,
        24,
        25,
        26,
        27
      ],
      "distance": 547.8
    },
    {
      "trip_id": 1,
      "transport_method": "stopped",
      "start_time": 28,
      "path": [
        [
          1.5257601,
          42.5081691
        ],
        [
          1.5257601,
          42.5081691
        ],
        [
          1.5257601,
          42.5081691
        ],
        [
          1.5257601,
          42.5081691
        ],
        [
          1.5257601,
          42.5081691
        ]
      ],
      "emotions": [
        "purple",
        "purple",
        "green",
        "green",
        "green"
      ],
      "mood_vectors": [
        [
          0.13117535648839493,
          0.19320143074776078,
          0.07231996942619152,
          0.15854391226576103,
          0.03617366487108201,
          0.11185495668344189,
          0.2967307095173678
        ],
        [
          0.22378897132752837,
          0.032212518393802035,
          0.08611497549238033,
          0.24473548164617584,
          0.12312633384867246,
          0.0014684127840542231,
          0.2885533065073867
        ],
        [
          0.0882852171760612,
          0.26041910211723673,
          0.14579497936334715,
          0.16035920746585264,
          0.041815170023029556,
          0.05350086881288964,
          0.24982545504158304
        ],
        [
          0.03391475037190306,
          0.07960161758984761,
          0.10665521932353947,
          0.089653705697202,
          0.3468806688581468,
          0.011909374437646074,
          0.33138466372171493
        ],
        [
          0.21674957039975024,
          0.16600161066171557,
          0.1338476688746851,
          0.14265781666068753,
          0.19609803702222378,
          0.12247764731169754,
          0.022167649069240274
        ]
      ],
      "timestamps": [
        28,
        29,
        30,
        31,
        32
      ]
    },
    {
      "trip_id": 2,
      "transport_method": "foot",
      "start_time": 33,
      "path": [
        [
          1.5257463000000009,
          42.50822579999999
        ],
        [
          1.5246652783366466,
          42.50803455711174
        ],
        [
          1.525557017850747,
          42.50857482853292
        ],
        [
          1.5248207891403742,
          42.50838665553664
        ],
        [
          1.5241152486615985,
          42.50781698684067
        ],
        [
          1.5230484956941523,
          42.50817240246595
        ],
        [
          1.524155972729608,
          42.508782376303735
        ],
        [
          1.5253874168613915,
          42.50911826418393
        ],
        [
          1.5246956222654064,
          42.50888775473317
        ],
        [
          1.5234560287477605,
          42.50850213908498
        ],
        [
          1.5235664174222459,
          42.50778867152959
        ],
        [
          1.5246655385737324,
          42.50803364402792
        ],
        [
          1.5255560979767147,
          42.50857459342195
        ],
        [
          1.5261976972332294,
          42.50869189165754
        ],
        [
          1.5249200273114007,
          42.50841201986124
        ],
        [
          1.5242174746243915,
          42.50782342237344
        ],
        [
          1.523014115149861,
          42.508075916499486
        ],
        [
          1.5240554431195663,
          42.508762745688465
        ],
        [
          1.5253396154325842,
          42.50901520534683
        ],
        [
          1.5266119068754451,
          42.509322128380525
        ],
        [
          1.5262928016816946,
          42.50924514858578
        ],
        [
          1.5250177963607237,
          42.50895066630432
        ],
        [
          1.5237515035125058,
          42.50864513795518
        ],
        [
          1.523252484268183,
          42.50786548359642
        ],
        [
          1.5245450851370275,
          42.50784404676408
        ],
        [
          1.5252380626440578,
          42.50849330664159
        ],
        [
          1.5265207000000007,
          42.5087504
        ]
      ],
      "emotions": [
        "green",
        "green",
        "purple",
        "purple",
        "purple",
        "purple",
        "purple",
        "green",
        "green",
        "green",
        "green",
        "green",
        "purple",
        "purple",
        "purple",
        "purple",
        "purple",
        "green",
        "green",
        "green",
        "green",
        "green",
        "purple",
        "purple",
        "purple",
        "purple",
        "purple"
      ],
      "mood_vectors": [
        [
          0.0854406330821075,
          0.19015186854024743,
          0.11171694837002605,
          0.05180019870848003,
          0.27115101463715463,
          0.2089703011801407,
          0.08076903548184362
        ],
        [
          0.1112997226323668,
          0.17214010636406996,
          0.06550913785167094,
          0.05263156513463453,
          0.11088999898141153,
          0.26088557060642775,
          0.22664389842941857
        ],
        [
          0.24381231683694035,
          0.1700315792164122,
          0.2806252305274254,
          0.018283386463025755,
          0.0504763418551655,
          0.1956324158361188,
          0.04113872926491192
        ],
        [
          0.08282067958900818,
          0.12034295381945899,
          0.17603416475220365,
          0.25125033578235156,
          0.054421152736738115,
          0.06775437205279596,
          0.24737634126744357
        ],
        [
          0.15026706970023207,
          0.20183123834285666,
          0.06271086315684532,
          0.12145101461331115,
          0.11709860331524478,
          0.0773653411592975,
          0.26927586971221257
        ],
        [
          0.17263718236371492,
          0.022548984957500885,
          0.19394819547921285,
          0.14321303969660412,
          0.17768468660288927,
          0.24320092647204125,
          0.046766984428036715
        ],
        [
          0.22731082632153737,
          0.05790220261379656,
          0.02435587075052786,
          0.275623465361662,
          0.07514553951050985,
          0.14381122366863552,
          0.1958508717733308
        ],
        [
          0.10597325535472947,
          0.048177840929391515,
          0.09226533076625157,
          0.23726560786524054,
          0.02742988450989361,
          0.20771413068594208,
          0.28117394988855116
        ],
        [
          0.18500911193740777,
          0.12963610710091095,
          0.09596299485507122,
          0.1457685393482048,
          0.04568799696488015,
          0.19522868868966697,
          0.20270656110385815
        ],
        [
          0.041629117423766814,
          0.08889124901536644,
          0.15636808272571245,
          0.23831911013754803,
          0.1314050208930782,
          0.26978032117205825,
          0.0736070986324699
        ],
        [
          0.032703488633805705,
          0.20012172237665235,
          0.18914857211081137,
          0.05857152261978802,
          0.16051409451345375,
          0.27452661311825366,
          0.08441398662723514
        ],
        [
          0.07276094448903234,
          0.2146284576821184,
          0.018560722730936872,
          0.2255625115118715,
          0.1802746988718415,
          0.015921037531438417,
          0.27229162718276095
        ],
        [
          0.06977168335808899,
          0.07494553090073534,
          0.2463558832050711,
          0.08209992127178789,
          0.1700019437669991,
          0.24537314629521584,
          0.11145189120210172
        ],
        [
          0.11527484083768572,
          0.035542592834401754,
          0.20391848262699394,
          0.17775649117929024,
          0.1298195530991817,
          0.14243781072036188,
          0.19525022870208472
        ],
        [
          0.24941559022775667,
          0.019995093721204494,
          0.010441420144995675,
          0.18615568820676484,
          0.24693771964921435,
          0.03986064136018342,
          0.2471938466898805
        ],
        [
          0.01224259412818827,
          0.27882304953347026,
          0.06031251502878005,
          0.025140573722360074,
          0.17356178096593533,
          0.21014783590541472,
          0.23977165071585124
        ],
        [
          0.21654976852885066,
          0.03660708123192927,
          0.11715628748230647,
          0.029044784444702355,
          0.24683868534281245,
          0.3257317568118978,
          0.028071636157501023
        ],
        [
          0.17745099352250346,
          0.03145469433457152,
          0.1017319021823403,
          0.15793427100859456,
          0.27568518638252415,
          0.044149501233662854,
          0.21159345133580312
        ],
        [
          0.044793600582881225,
          0.22144284406836373,
          0.23836753630198612,
          0.030479757726778134,
          0.1343455382232394,
          0.19167171899019889,
          0.1388990041065525
        ],
        [
          0.22552762465130685,
          0.3101135970205818,
          0.18022951699011658,
          0.012139336651633439,
          0.06550971570801839,
          0.009529650584887512,
          0.19695055839345543
        ],
        [
          0.11179898091750007,
          0.11656557816604522,
          0.1639475627730961,
          0.1735148612672634,
          0.18825048220823937,
          0.07478582674348716,
          0.17113670792436864
        ],
        [
          0.11996588126340588,
          0.23605626752323278,
          0.020291122711341696,
          0.13881342615616585,
          0.16374910190913983,
          0.14267141882726575,
          0.17845278160944825
        ],
        [
          0.19520985345697614,
          0.18965104331643773,
          0.20041004009619237,
          0.16342687297058722,
          0.010145458035957261,
          0.10634811906587593,
          0.13480861305797326
        ],
        [
          0.13099850368992325,
          0.16562779027451946,
          0.01765505461402283,
          0.10481115349236092,
          0.14718839504596615,
          0.1696740906782576,
          0.26404501220494975
        ],
        [
          0.050871574166917996,
          0.24422325386213609,
          0.1853423861530001,
          0.12011541317204562,
          0.2277798486297536,
          0.09661425630794808,
          0.07505326770819845
        ],
        [
          0.11738567278989065,
          0.10288306238528987,
          0.04811660992565414,
          0.17970517784704215,
          0.2725217888144137,
          0.11917016282384406,
          0.16021752541386544
        ],
        [
          0.15184380181769486,
          0.034853677480233825,
          0.20572215205673713,
          0.1809666587100332,
          0.23148598714911844,
          0.1676903522108715,
          0.027437370575311006
        ]
      ],
      "timestamps": [
        33,
        34,
        35,
        36,
        37,
        38,
        39,
        40,
        41,
        42,
        43,
        44,
        45,
        46,
        47,
        48,
        49,
        50,
        51,
        52,
        53,
        54,
        55,
        56,
        57,
        58,
        59
      ],
      "distance": 257.4
    },
    {
      "trip_id": 3,
      "transport_method": "car",
      "start_time": 60,
      "path": [
        [
          1.5265207000000007,
          42.5087504
        ],
        [
          1.5259050308191002,
          42.508638878406444
        ],
        [
          1.5252936867808191,
          42.508507523637384
        ],
        [
          1.524687485927769,
          42.50835258451418
        ],
        [
          1.5246572335650914,
          42.50786664818551
        ],
        [
          1.5240352308797827,
          42.50781194940163
        ],
        [
          1.5234117580994988,
          42.507800616618006
        ],
        [
          1.523056136512218,
          42.50819384574822
        ],
        [
          1.5235447902698431,
          42.508545096382484
        ],
        [
          1.5241219666781343,
          42.50877573587498
        ],
        [
          1.524736056344777,
          42.508895650375614
        ],
        [
          1.5253496940596925,
          42.509017636678756
        ],
        [
          1.525957934153798,
          42.509164366341956
        ],
        [
          1.526566174247904,
          42.50931109600515
        ],
        [
          1.527002585657991,
          42.50941637433165
        ],
        [
          1.5263943455638853,
          42.50926964466845
        ],
        [
          1.5257861054697794,
          42.50912291500526
        ],
        [
          1.5253801840361758,
          42.50910870507894
        ],
        [
          1.5253488853090855,
          42.50906733980195
        ],
        [
          1.5247637351495922,
          42.508901055270435
        ],
        [
          1.5241496454829497,
          42.5087811407698
        ],
        [
          1.523570175266527,
          42.50855738178306
        ],
        [
          1.5230656025031284,
          42.50822041121716
        ],
        [
          1.5233855305204511,
          42.50781098210021
        ],
        [
          1.524007085018379,
          42.5078101775072
        ],
        [
          1.5246299285588323,
          42.50785959370061
        ],
        [
          1.5246043277560322,
          42.50824841206231
        ],
        [
          1.5249429867567537,
          42.507945660575984
        ],
        [
          1.5253934697933278,
          42.50762415480586
        ],
        [
          1.5250773141501306,
          42.50737286612482
        ],
        [
          1.5256416027908206,
          42.507642730579775
        ],
        [
          1.526195059182449,
          42.50793457236689
        ],
        [
          1.5265012925776753,
          42.507583710964376
        ],
        [
          1.5264853900463675,
          42.5072168841764
        ],
        [
          1.5258619811102012,
          42.50716352778552
        ],
        [
          1.525238572174035,
          42.507110171394636
        ],
        [
          1.5250543307371478,
          42.507037914242375
        ],
        [
          1.5247593528459815,
          42.50664998831602
        ],
        [
          1.5242382599058666,
          42.50681252095334
        ],
        [
          1.5236299000000002,
          42.50670470000001
        ]
      ],
      "emotions": [
        "red",
        "red",
        "red",
        "red",
        "red",
        "green",
        "green",
        "green",
        "green",
        "green",
        "purple",
        "purple",
        "purple",
        "purple",
        "purple",
        "green",
        "green",
        "green",
        "green",
        "green",
        "purple",
        "purple",
        "purple",
        "purple",
        "purple",
        "purple",
        "purple",
        "purple",
        "purple",
        "purple",
        "red",
        "red",
        "red",
        "red",
        "red",
        "green",
        "green",
        "green",
        "green",
        "green"
      ],
      "mood_vectors": [
        [
          0.029779320607120532,
          0.3025450867455248,
          0.1909052943856566,
          0.17768929923080176,
          0.0453179906670118,
          0.08227217984503021,
          0.1714908285188542
        ],
        [
          0.0778030724498525,
          0.07638896199732184,
          0.15848201089994085,
          0.09166759466647673,
          0.21033440104193676,
          0.2254916740032919,
          0.15983228494117946
        ],
        [
          0.08302247352031267,
          0.03988422790065417,
          0.12791048167902722,
          0.16002737372893447,
          0.2403196827083451,
          0.16975429334773837,
          0.17908146711498807
        ],
        [
          0.15855813707992433,
          0.3087479813196927,
          0.10555121591627421,
          0.017582744683767148,
          0.3320327631105706,
          0.06535283406597209,
          0.012174323823798842
        ],
        [
          0.14615374168719913,
          0.09525401638746081,
          0.20853114949293344,
          0.012173757526770934,
          0.20650513028273706,
          0.22595475948899968,
          0.10542744513389891
        ],
        [
          0.031762638715938804,
          0.18127319613314874,
          0.14518236727396633,
          0.053495658077458395,
          0.28685138084859185,
          0.032101503426281174,
          0.26933325552461473
        ],
        [
          0.2849732678923936,
          0.14773619028435533,
          0.10388994887651672,
          0.1595488071016285,
          0.2140232722159787,
          0.08930201349153594,
          0.0005265001375912656
        ],
        [
          0.1612941058300707,
          0.13446780271084963,
          0.19100782963451102,
          0.11972273911782771,
          0.18250689669701342,
          0.16210646933715764,
          0.04889415667256985
        ],
        [
          0.1580031321984248,
          0.15565594460415916,
          0.09259923326692061,
          0.16373471066925943,
          0.08778467498144299,
          0.16950823600057696,
          0.17271406827921604
        ],
        [
          0.0797336386724555,
          0.07375768238374945,
          0.21111424274682788,
          0.08353396683488652,
          0.2423298136428536,
          0.15768690016368564,
          0.15184375555554133
        ],
        [
          0.1600533541237906,
          0.1674057151083728,
          0.22030986568906097,
          0.11989405662553557,
          0.1598742349226013,
          0.07628272400615375,
          0.09618004952448503
        ],
        [
          0.1422784001420854,
          0.11946026165698463,
          0.17229561942971233,
          0.14231636913926066,
          0.11935251237484845,
          0.19043411882608274,
          0.11386271843102581
        ],
        [
          0.24153222347148814,
          0.015381554093794223,
          0.2363682823772909,
          0.16306962682939735,
          0.15421013934247563,
          0.07703618409853433,
          0.11240198978701947
        ],
        [
          0.12151495679510371,
          0.2509042278578024,
          0.14946844404699114,
          0.22102916931723482,
          0.07076888693231573,
          0.08544043419765346,
          0.10087388085289871
        ],
        [
          0.163935209735441,
          0.16532026869220742,
          0.020897602000055884,
          0.14844719074053178,
          0.23656403776521448,
          0.13998460895016934,
          0.12485108211638006
        ],
        [
          0.10818818521959014,
          0.0658584207864072,
          0.3044655456607231,
          0.18840207174330392,
          0.11781947449929756,
          0.014367727729990763,
          0.20089857436068728
        ],
        [
          0.14906199569358214,
          0.08873108338531148,
          0.2719661800525529,
          0.019492043218064775,
          0.08546015566327056,
          0.15037132802990522,
          0.23491721395731285
        ],
        [
          0.1811471652762415,
          0.22326035820451015,
          0.11349581408164479,
          0.17755864409032704,
          0.10395540551823253,
          0.0006360380267575017,
          0.19994657480228653
        ],
        [
          0.004022546661647115,
          0.26146800907423995,
          0.11468624775458719,
          0.20156454061618084,
          0.1335074520385613,
          0.04510606465502702,
          0.2396451391997566
        ],
        [
          0.14209006236424182,
          0.16668986175154357,
          0.07759542822489934,
          0.2031807940280696,
          0.1865358691482447,
          0.21298998931728536,
          0.010917995165715668
        ],
        [
          0.14522109425639879,
          0.16961297622316204,
          0.17140654151843826,
          0.04317439414556695,
          0.22703796969460727,
          0.02900169995063718,
          0.2145453242111896
        ],
        [
          0.26422119448069314,
          0.048273548107664654,
          0.13968032383447074,
          0.051942947295125025,
          0.03994516631854062,
          0.2745792167546813,
          0.18135760320882457
        ],
        [
          0.08860387826135879,
          0.12123858218106799,
          0.2091392852265272,
          0.1451802330523335,
          0.11242511409275006,
          0.16515727744440759,
          0.15825562974155483
        ],
        [
          0.15097792011877084,
          0.0939826831452864,
          0.06304723493041531,
          0.1389867286189816,
          0.1792750838781842,
          0.15534295552974672,
          0.2183873937786149
        ],
        [
          0.18510153644417854,
          0.15341759285522613,
          0.13351305948750847,
          0.18686651876947116,
          0.1622554033819252,
          0.14479474010069188,
          0.0340511489609986
        ],
        [
          0.08719750908108007,
          0.04121264996863686,
          0.2695551335234182,
          0.31976986637649996,
          0.0860807668248666,
          0.1568007176328902,
          0.03938335659260808
        ],
        [
          0.21878822055077798,
          0.12950908499543676,
          0.14958837996137064,
          0.1383316068241177,
          0.12126803101606613,
          0.08927312201661228,
          0.15324155463561856
        ],
        [
          0.3090169487926675,
          0.08181585079155702,
          0.015461725269258136,
          0.012187678905974768,
          0.21885253103644478,
          0.28122598796944515,
          0.08143927723465264
        ],
        [
          0.004006037997557309,
          0.10430462883397673,
          0.16609734199843113,
          0.07214499328742344,
          0.26251383753460783,
          0.28719801757826535,
          0.10373514276973818
        ],
        [
          0.05161423601227975,
          0.07629623835148502,
          0.1855218114631625,
          0.14123179353804585,
          0.26762356947354543,
          0.05443806372307484,
          0.2232742874384065
        ],
        [
          0.19546913258783352,
          0.055702350400245515,
          0.22296744891431938,
          0.19364736737741786,
          0.08169366318546603,
          0.12889950458275637,
          0.12162053295196133
        ],
        [
          0.18570365066293265,
          0.2617061499956788,
          0.04516017940184924,
          0.04794023460846431,
          0.17977709671575962,
          0.07166787847776367,
          0.2080448101375517
        ],
        [
          0.08942501287109056,
          0.10256905013777555,
          0.16921864793637895,
          0.23898820614264643,
          0.11071298156804363,
          0.06836232712184667,
          0.22072377422221814
        ],
        [
          0.14775702828342988,
          0.13716974187080636,
          0.15015415712754418,
          0.1682986638550717,
          0.16844674248331734,
          0.19704395413244835,
          0.03112971224738232
        ],
        [
          0.2195853139749073,
          0.13214180775728063,
          0.18348166031093685,
          0.062117679634975595,
          0.19313514264817738,
          0.2090797618459122,
          0.00045863382780997347
        ],
        [
          0.05371877951379922,
          0.2946228739305899,
          0.09032288872035386,
          0.2734405804122123,
          0.2596528772528184,
          0.007113877465722224,
          0.02112812270450407
        ],
        [
          0.10201413541891527,
          0.2532133741890897,
          0.0614859611059444,
          0.2044624658856739,
          0.19861484580290037,
          0.06603287887544898,
          0.11417633872202743
        ],
        [
          0.186679064654602,
          0.2611376199972724,
          0.05714850697954148,
          0.05526281065280034,
          0.06800970452334594,
          0.18431054200616911,
          0.18745175118626875
        ],
        [
          0.31708770493536637,
          0.27333476811882806,
          0.020851362700357617,
          0.013155691941588808,
          0.27982692874974086,
          0.03459252537892745,
          0.06115101817519083
        ],
        [
          0.23393835471020405,
          0.15532718922020863,
          0.21503593496147136,
          0.06211136987059226,
          0.20049938650025523,
          0.04136457803133201,
          0.09172318670593654
        ]
      ],
      "timestamps": [
        60,
        61,
        62,
        63,
        64,
        65,
        66,
        67,
        68,
        69,
        70,
        71,
        72,
        73,
        74,
        75,
        76,
        77,
        78,
        79,
        80,
        81,
        82,
        83,
        84,
        85,
        86,
        87,
        88,
        89,
        90,
        91,
        92,
        93,
        94,
        95,
        96,
        97,
        98,
        99
      ],
      "distance": 389.5
    }
  ],
  "conversation": [
    "No idea where this path goes, but I'm following it.",
    "Getting hungry.",
    "Ugh, stepped in eucalyptus again."
  ],
  "conversation_timestamps": [
    31,
    91,
    94
  ]
}
