{"agent_id": "agent-red-1846", "type": "red", "trips": [{"trip_id": 0, "transport_method": "bus", "start_time": 0, "path": [[1.5377089, 42.5090866], [1.5376554, 42.5087913], [1.5372922, 42.5087609], [1.5369291, 42.5087304], [1.5365662, 42.5086966], [1.5362036, 42.5086599], [1.535841, 42.5086232], [1.5354783, 42.5085888], [1.5351147, 42.5085629], [1.5347513, 42.5085361], [1.5343879, 42.5085091], [1.5340286, 42.5085195], [1.5336673, 42.5084712], [1.5333061, 42.5084228], [1.5329449, 42.5083744], [1.5325837, 42.5083261], [1.5323841, 42.508094], [1.5321783, 42.5077954], [1.5319373, 42.5075223], [1.5318224, 42.5073389], [1.531961, 42.5075789], [1.531647, 42.507394], [1.531333, 42.5072091], [1.531014, 42.5070338], [1.5306789, 42.5068907], [1.5303665, 42.5067065], [1.5300639, 42.5065034], [1.5297674, 42.5062914], [1.5294693, 42.5060819], [1.52917, 42.5058739], [1.5288257, 42.5057616], [1.5284747, 42.5056635], [1.5281234, 42.5055665], [1.5277715, 42.5054718], [1.5274302, 42.5053481], [1.527069, 42.5053073], [1.5267063, 42.5052999], [1.5263423, 42.5053171], [1.5259805, 42.5053032], [1.5256229, 42.505233], [1.5252653, 42.5051628], [1.5249077, 42.5050926], [1.52455, 42.5050224], [1.5241914, 42.5049581], [1.523832, 42.5048979], [1.5234759, 42.5048204], [1.5231143, 42.5047888], [1.5227529, 42.5047424], [1.5223953, 42.5047435], [1.5220499, 42.5048145], [1.5217187, 42.5046624], [1.5213875, 42.5045103], [1.5210563, 42.5043583], [1.5207251, 42.5042062], [1.5203939, 42.5040541], [1.5200628, 42.503902], [1.519973, 42.5038491], [1.5203102, 42.5039875], [1.520647, 42.5041266], [1.5209839, 42.5042657], [1.5213214, 42.5044029], [1.5216677, 42.5045162], [1.5219706, 42.5047081], [1.5219228, 42.5047817], [1.521575, 42.5046726], [1.5212273, 42.5045635], [1.5208795, 42.5044545], [1.5205318, 42.5043454], [1.5201841, 42.5042364], [1.5198363, 42.5041273], [1.5194886, 42.5040182], [1.5191374, 42.5039549], [1.5189556, 42.5037514], [1.5185942, 42.503743], [1.51823, 42.5037549], [1.5178669, 42.5037805], [1.5175043, 42.5038135], [1.5171621, 42.5039009], [1.5173332, 42.5039935], [1.5176921, 42.5040566]], "mood_vectors": [[0.7225, 0.04, 0.0178, 0.0639, 0.0511, 0.0819, 0.0228], [0.6851, 0.0728, 0.0349, 0.0392, 0.0409, 0.0495, 0.0776], [0.6184, 0.0931, 0.0477, 0.0993, 0.0281, 0.0298, 0.0836], [0.6886, 0.0649, 0.074, 0.0219, 0.0289, 0.0617, 0.06], [0.7033, 0.0441, 0.0179, 0.0692, 0.0279, 0.0657, 0.0719], [0.6787, 0.0727, 0.0702, 0.044, 0.0702, 0.0374, 0.0268], [0.7053, 0.0508, 0.0331, 0.0474, 0.0239, 0.1099, 0.0296], [0.6799, 0.04, 0.0801, 0.0277, 0.0849, 0.0568, 0.0306], [0.6462, 0.0745, 0.0889, 0.0959, 0.0194, 0.0539, 0.0213], [0.7413, 0.0377, 0.0293, 0.0343, 0.0549, 0.0459, 0.0566], [0.7116, 0.0426, 0.031, 0.0681, 0.073, 0.0335, 0.04], [0.7595, 0.0185, 0.0428, 0.0339, 0.0193, 0.0794, 0.0467], [0.7259, 0.0503, 0.065, 0.025, 0.0713, 0.0217, 0.0408], [0.6991, 0.0274, 0.0405, 0.085, 0.0453, 0.0434, 0.0593], [0.6844, 0.0444, 0.0651, 0.0208, 0.0698, 0.0455, 0.0699], [0.7485, 0.0509, 0.0183, 0.0459, 0.0191, 0.0628, 0.0544], [0.7051, 0.0302, 0.0694, 0.0216, 0.0502, 0.0715, 0.052], [0.7268, 0.0464, 0.0353, 0.0341, 0.057, 0.0259, 0.0745], [0.7505, 0.0473, 0.045, 0.0607, 0.0181, 0.0337, 0.0447], [0.7007, 0.0477, 0.0651, 0.0174, 0.0624, 0.0728, 0.034], [0.6674, 0.0767, 0.0253, 0.0382, 0.0485, 0.0979, 0.0461], [0.8204, 0.016, 0.0211, 0.0214, 0.031, 0.0748, 0.0153], [0.6217, 0.0871, 0.0572, 0.0246, 0.0821, 0.0546, 0.0726], [0.6618, 0.0948, 0.0628, 0.0968, 0.0256, 0.0196, 0.0386], [0.647, 0.0462, 0.0932, 0.0365, 0.0632, 0.0736, 0.0402], [0.8118, 0.0206, 0.0341, 0.0155, 0.0186, 0.0288, 0.0706], [0.727, 0.0138, 0.0288, 0.0821, 0.0415, 0.0308, 0.0761], [0.7139, 0.023, 0.0373, 0.0291, 0.0257, 0.097, 0.074], [0.7371, 0.043, 0.0788, 0.0467, 0.024, 0.0445, 0.0259], [0.6597, 0.0816, 0.0217, 0.0586, 0.086, 0.0703, 0.022], [0.7708, 0.0159, 0.0397, 0.0217, 0.0721, 0.0222, 0.0577], [0.7061, 0.0254, 0.018, 0.0776, 0.0719, 0.0571, 0.044], [0.6514, 0.0785, 0.0726, 0.0376, 0.0136, 0.0718, 0.0745], [0.7551, 0.0454, 0.0144, 0.0641, 0.0356, 0.0607, 0.0247], [0.7384, 0.0568, 0.0667, 0.0321, 0.024, 0.0359, 0.0461], [0.6937, 0.0633, 0.0368, 0.0297, 0.0767, 0.0757, 0.0241], [0.7291, 0.0726, 0.0408, 0.0156, 0.082, 0.0174, 0.0425], [0.7772, 0.0523, 0.035, 0.0219, 0.024, 0.074, 0.0156], [0.6465, 0.0786, 0.0249, 0.0896, 0.0847, 0.0412, 0.0346], [0.7093, 0.0582, 0.0629, 0.0176, 0.0582, 0.05, 0.0437], [0.752, 0.0241, 0.0822, 0.0314, 0.0461, 0.0229, 0.0413], [0.6844, 0.0429, 0.0187, 0.0843, 0.0631, 0.0398, 0.0667], [0.7148, 0.015, 0.0811, 0.0541, 0.0635, 0.0485, 0.0229], [0.7488, 0.0699, 0.0189, 0.0136, 0.0491, 0.0504, 0.0493], [0.6528, 0.0595, 0.0689, 0.0665, 0.0697, 0.0379, 0.0447], [0.663, 0.0452, 0.076, 0.0373, 0.0753, 0.0228, 0.0803], [0.7088, 0.0417, 0.0507, 0.0549, 0.0369, 0.0183, 0.0887], [0.6931, 0.0636, 0.0961, 0.0462, 0.0606, 0.0194, 0.021], [0.7595, 0.0381, 0.0225, 0.072, 0.0544, 0.0349, 0.0186], [0.6981, 0.0627, 0.0462, 0.035, 0.0543, 0.0365, 0.0671], [0.7677, 0.0305, 0.05, 0.0223, 0.0642, 0.0256, 0.0396], [0.7325, 0.0336, 0.0341, 0.1039, 0.0526, 0.0204, 0.0228], [0.7618, 0.0509, 0.0462, 0.0191, 0.0678, 0.0302, 0.024], [0.7882, 0.0535, 0.0215, 0.0491, 0.0589, 0.0142, 0.0146], [0.6945, 0.0597, 0.0526, 0.0221, 0.049, 0.0835, 0.0386], [0.6589, 0.0492, 0.0741, 0.0366, 0.0719, 0.0605, 0.0489], [0.644, 0.0793, 0.0712, 0.0385, 0.0621, 0.0207, 0.0843], [0.8267, 0.0544, 0.0165, 0.0255, 0.0228, 0.013, 0.041], [0.7368, 0.0304, 0.0218, 0.052, 0.0608, 0.0457, 0.0523], [0.7529, 0.0261, 0.0511, 0.0519, 0.0299, 0.0605, 0.0277], [0.682, 0.0886, 0.0665, 0.0334, 0.0544, 0.0469, 0.0281], [0.6171, 0.0677, 0.0762, 0.0652, 0.026, 0.0682, 0.0796], [0.7, 0.0112, 0.0617, 0.0662, 0.0268, 0.0673, 0.0668], [0.6505, 0.0675, 0.0497, 0.0866, 0.0289, 0.1017, 0.0152], [0.6843, 0.0572, 0.025, 0.065, 0.0414, 0.0762, 0.0509], [0.7644, 0.0153, 0.0687, 0.0244, 0.031, 0.0665, 0.0297], [0.6968, 0.0253, 0.0842, 0.0382, 0.0889, 0.048, 0.0186], [0.6911, 0.0519, 0.028, 0.0674, 0.0587, 0.0169, 0.0861], [0.7387, 0.0403, 0.0347, 0.0379, 0.0775, 0.0225, 0.0485], [0.7084, 0.0365, 0.023, 0.0716, 0.035, 0.0551, 0.0703], [0.6941, 0.0268, 0.0483, 0.0568, 0.0779, 0.0202, 0.0759], [0.6708, 0.0823, 0.0879, 0.0242, 0.039, 0.0428, 0.053], [0.6428, 0.0645, 0.0298, 0.0473, 0.0782, 0.0943, 0.0431], [0.6907, 0.0355, 0.0452, 0.0656, 0.0584, 0.0625, 0.0421], [0.7127, 0.0179, 0.0787, 0.0773, 0.0552, 0.0282, 0.0301], [0.6153, 0.0598, 0.0758, 0.0571, 0.0645, 0.0575, 0.0702], [0.6502, 0.0817, 0.0294, 0.0198, 0.0621, 0.0789, 0.078], [0.6627, 0.026, 0.0479, 0.0659, 0.0654, 0.0757, 0.0565], [0.6695, 0.0321, 0.0561, 0.057, 0.051, 0.061, 0.0733], [0.7014, 0.0248, 0.062, 0.0644, 0.064, 0.0515, 0.0318]], "emotions": ["red", "red", "red", "red", "red", "red", "red", "red", "red", "red", "red", "red", "red", "red", "red", "red", "red", "red", "red", "red", "red", "red", "red", "red", "red", "red", "red", "red", "red", "red", "red", "red", "red", "red", "red", "red", "red", "red", "red", "red", "red", "red", "red", "red", "red", "red", "red", "red", "red", "red", "red", "red", "red", "red", "red", "red", "red", "red", "red", "red", "red", "red", "red", "red", "red", "red", "red", "red", "red", "red", "red", "red", "red", "red", "red", "red", "red", "red", "red", "red"], "timestamps": [0, 40, 80, 120, 160, 200, 240, 280, 320, 360, 400, 440, 480, 520, 560, 600, 640, 680, 720, 760, 800, 840, 880, 920, 960, 1000, 1040, 1080, 1120, 1160, 1200, 1240, 1280, 1320, 1360, 1400, 1440, 1480, 1520, 1560, 1600, 1640, 1680, 1720, 1760, 1800, 1840, 1880, 1920, 1960, 2000, 2040, 2080, 2120, 2160, 2200, 2240, 2280, 2320, 2360, 2400, 2440, 2480, 2520, 2560, 2600, 2640, 2680, 2720, 2760, 2800, 2840, 2880, 2920, 2960, 3000, 3040, 3080, 3120, 3160]}], "conversation": [], "conversation_timestamps": []}