{"agent_id": "agent-blue-285", "type": "blue", "trips": [{"trip_id": 0, "transport_method": "foot", "start_time": 0, "path": [[1.5392375, 42.5111972], [1.5388726, 42.5112277], [1.5385077, 42.5112582], [1.5382367, 42.5110235], [1.538024, 42.5107267], [1.5379388, 42.5103781], [1.5378967, 42.5100146], [1.5379012, 42.5096484], [1.5378738, 42.5092867], [1.5377699, 42.5089355], [1.5378377, 42.5086035], [1.5378758, 42.5082513], [1.5378769, 42.5078854], [1.5378899, 42.5075194], [1.5376688, 42.5072787], [1.5373056, 42.507239], [1.5369659, 42.5071696], [1.5367038, 42.5070033], [1.5363699, 42.5068837], [1.5360585, 42.5067272], [1.5357106, 42.5066275], [1.5353556, 42.5065544], [1.5350206, 42.506436], [1.5347449, 42.5062302], [1.534424, 42.5060538], [1.5340869, 42.5059123], [1.5337455, 42.5057798], [1.5334041, 42.5056473], [1.5331214, 42.5054206], [1.5328023, 42.5052486], [1.5324484, 42.5051548], [1.5320944, 42.505061], [1.5317404, 42.5049671], [1.5318186, 42.5049663], [1.5321561, 42.5050012], [1.5325057, 42.5051086], [1.5328431, 42.5052509], [1.5325976, 42.5052085], [1.5322398, 42.5051305], [1.531882, 42.5050526], [1.5315242, 42.5049746], [1.5311703, 42.5048851], [1.5308245, 42.5047799], [1.5304963, 42.5046253], [1.5301554, 42.5045005], [1.529799, 42.5044166], [1.5294418, 42.5043367], [1.5290796, 42.5042839], [1.5287228, 42.5042018], [1.5283612, 42.5041501], [1.5280005, 42.5040912], [1.5276403, 42.5040252], [1.527282, 42.5039502], [1.5269182, 42.5039154], [1.5265524, 42.5039272], [1.526187, 42.5039093], [1.5258224, 42.5038843], [1.5254567, 42.5038958], [1.5250913, 42.5039203], [1.5247273, 42.5039216], [1.5243763, 42.5038521], [1.5240265, 42.5037968], [1.5237511, 42.5035617], [1.5235105, 42.5032866], [1.5232663, 42.5030143], [1.5230145, 42.5027483], [1.5227119, 42.502549], [1.5223866, 42.5023817], [1.5220389, 42.5022669], [1.5217084, 42.5021161], [1.5215465, 42.5017877], [1.5213217, 42.5014991], [1.5210845, 42.50122], [1.5208241, 42.5009645], [1.5206284, 42.5006678], [1.5203059, 42.5004979], [1.5199564, 42.5003926], [1.5195956, 42.5003421], [1.5195842, 42.500041], [1.5198272, 42.499878]], "mood_vectors": [[0.0383, 0.0216, 0.0403, 0.8295, 0.0375, 0.0189, 0.0138], [0.0524, 0.0721, 0.0569, 0.7393, 0.0165, 0.0234, 0.0394], [0.0204, 0.0622, 0.0359, 0.7544, 0.0483, 0.0522, 0.0267], [0.0296, 0.0319, 0.0408, 0.7428, 0.0515, 0.0683, 0.0352], [0.0378, 0.0341, 0.016, 0.7601, 0.0738, 0.0504, 0.0277], [0.0824, 0.0808, 0.0301, 0.6596, 0.0617, 0.0359, 0.0496], [0.0555, 0.0241, 0.0766, 0.6965, 0.0339, 0.0617, 0.0518], [0.0248, 0.0654, 0.0425, 0.6613, 0.0512, 0.0886, 0.0662], [0.0408, 0.0552, 0.055, 0.768, 0.0263, 0.0172, 0.0374], [0.0711, 0.0244, 0.0411, 0.7161, 0.0309, 0.0654, 0.051], [0.0718, 0.0214, 0.0471, 0.6705, 0.0552, 0.0683, 0.0658], [0.0259, 0.0365, 0.0732, 0.7345, 0.0622, 0.0165, 0.0512], [0.0266, 0.0974, 0.0815, 0.6483, 0.0565, 0.0227, 0.0669], [0.0645, 0.0418, 0.0579, 0.6392, 0.0447, 0.0836, 0.0684], [0.0434, 0.0194, 0.0153, 0.7529, 0.0647, 0.0656, 0.0387], [0.0622, 0.0647, 0.0196, 0.7244, 0.0472, 0.0555, 0.0264], [0.0328, 0.0519, 0.0673, 0.6391, 0.0717, 0.0507, 0.0866], [0.0154, 0.0232, 0.0381, 0.7287, 0.0586, 0.0656, 0.0705], [0.0327, 0.016, 0.0211, 0.7858, 0.0637, 0.0323, 0.0483], [0.0307, 0.0191, 0.0199, 0.6965, 0.0781, 0.0695, 0.0861], [0.0856, 0.0211, 0.0759, 0.6251, 0.0506, 0.0596, 0.0821], [0.0576, 0.0676, 0.0724, 0.6436, 0.0689, 0.0237, 0.0662], [0.0383, 0.0588, 0.0614, 0.6539, 0.0463, 0.0687, 0.0727], [0.0849, 0.0798, 0.0255, 0.5969, 0.087, 0.0587, 0.0673], [0.0308, 0.0436, 0.081, 0.6727, 0.081, 0.0426, 0.0483], [0.0817, 0.0606, 0.0212, 0.6369, 0.0678, 0.0635, 0.0685], [0.025, 0.0545, 0.0534, 0.7529, 0.0557, 0.0382, 0.0202], [0.0777, 0.0498, 0.0597, 0.6421, 0.0577, 0.0311, 0.0819], [0.0658, 0.0715, 0.0756, 0.629, 0.0215, 0.0633, 0.0732], [0.0746, 0.0223, 0.0764, 0.7218, 0.0411, 0.0365, 0.0272], [0.0473, 0.0471, 0.0366, 0.7266, 0.0346, 0.0718, 0.0361], [0.0297, 0.0281, 0.0254, 0.8393, 0.0227, 0.0295, 0.0254], [0.0838, 0.0414, 0.0849, 0.6519, 0.0281, 0.0586, 0.0513], [0.0553, 0.0519, 0.0242, 0.7054, 0.0382, 0.079, 0.046], [0.0783, 0.04, 0.051, 0.7224, 0.0661, 0.0129, 0.0293], [0.0571, 0.033, 0.0825, 0.729, 0.0222, 0.0541, 0.0222], [0.0325, 0.086, 0.049, 0.6421, 0.0625, 0.0871, 0.0408], [0.0793, 0.0671, 0.0464, 0.6453, 0.0746, 0.0199, 0.0673], [0.0862, 0.0591, 0.0433, 0.6403, 0.0588, 0.0674, 0.045], [0.0746, 0.054, 0.0609, 0.6965, 0.0187, 0.0533, 0.0421], [0.0496, 0.0449, 0.0743, 0.6789, 0.0392, 0.0523, 0.0609], [0.0429, 0.0349, 0.0828, 0.6517, 0.0696, 0.0826, 0.0355], [0.0844, 0.016, 0.0767, 0.6476, 0.031, 0.0624, 0.0819], [0.0289, 0.025, 0.0275, 0.7917, 0.0332, 0.0476, 0.0461], [0.0725, 0.0685, 0.0889, 0.6199, 0.0466, 0.0286, 0.075], [0.0193, 0.0407, 0.0641, 0.6916, 0.0714, 0.0852, 0.0277], [0.0397, 0.0683, 0.0269, 0.6924, 0.0523, 0.0733, 0.0472], [0.0331, 0.0357, 0.0548, 0.786, 0.0198, 0.0203, 0.0504], [0.0583, 0.0672, 0.0396, 0.7231, 0.0484, 0.0292, 0.0342], [0.0245, 0.0241, 0.0728, 0.7648, 0.0563, 0.0209, 0.0367], [0.0686, 0.0312, 0.0754, 0.6814, 0.057, 0.0599, 0.0266], [0.0237, 0.056, 0.0234, 0.7647, 0.0383, 0.051, 0.0429], [0.086, 0.0338, 0.0844, 0.6124, 0.0552, 0.069, 0.0593], [0.0841, 0.0654, 0.0159, 0.6803, 0.0323, 0.0565, 0.0656], [0.0379, 0.0462, 0.0437, 0.6718, 0.0691, 0.0733, 0.058], [0.0545, 0.0619, 0.0443, 0.72, 0.0215, 0.0359, 0.062], [0.0219, 0.0658, 0.0568, 0.7157, 0.0526, 0.0662, 0.021], [0.0497, 0.0657, 0.0325, 0.6453, 0.0873, 0.0646, 0.0548], [0.0574, 0.0679, 0.078, 0.6844, 0.033, 0.0551, 0.0242], [0.0394, 0.032, 0.029, 0.7302, 0.0695, 0.0173, 0.0826], [0.0695, 0.0768, 0.0203, 0.6748, 0.0706, 0.0485, 0.0394], [0.0797, 0.0726, 0.0369, 0.6575, 0.0799, 0.0294, 0.044], [0.0475, 0.0237, 0.0553, 0.7205, 0.0185, 0.0765, 0.0581], [0.0504, 0.0215, 0.0456, 0.664, 0.0753, 0.0571, 0.0861], [0.0711, 0.0184, 0.0716, 0.688, 0.0602, 0.0578, 0.0329], [0.0381, 0.0627, 0.0699, 0.6318, 0.0538, 0.0587, 0.085], [0.0885, 0.0255, 0.0423, 0.7081, 0.0362, 0.0154, 0.084], [0.0166, 0.0523, 0.0607, 0.6811, 0.0632, 0.0337, 0.0924], [0.0472, 0.0379, 0.04, 0.6932, 0.0449, 0.0848, 0.0521], [0.0787, 0.0244, 0.0671, 0.6568, 0.0321, 0.0542, 0.0866], [0.0179, 0.0678, 0.0538, 0.661, 0.0633, 0.0703, 0.0658], [0.0739, 0.0289, 0.0484, 0.6806, 0.0757, 0.052, 0.0405], [0.0371, 0.0388, 0.0612, 0.7567, 0.046, 0.0222, 0.0379], [0.0303, 0.0716, 0.0501, 0.7028, 0.016, 0.0625, 0.0667], [0.0468, 0.0351, 0.0489, 0.6891, 0.0693, 0.08, 0.0309], [0.0488, 0.0155, 0.0855, 0.6549, 0.0864, 0.0308, 0.078], [0.0515, 0.0687, 0.029, 0.6838, 0.0619, 0.053, 0.052], [0.0707, 0.0804, 0.0516, 0.6533, 0.0367, 0.0745, 0.0329], [0.028, 0.0652, 0.0774, 0.6805, 0.0729, 0.0397, 0.0363], [0.0717, 0.0408, 0.0271, 0.7425, 0.0578, 0.0378, 0.0223]], "emotions": ["green", "green", "green", "green", "green", "green", "green", "green", "green", "green", "green", "green", "green", "green", "green", "green", "green", "green", "green", "green", "green", "green", "green", "green", "green", "green", "green", "green", "green", "green", "green", "green", "green", "green", "green", "green", "green", "green", "green", "green", "green", "green", "green", "green", "green", "green", "green", "green", "green", "green", "green", "green", "green", "green", "green", "green", "green", "green", "green", "green", "green", "green", "green", "green", "green", "green", "green", "green", "green", "green", "green", "green", "green", "green", "green", "green", "green", "green", "green", "green"], "timestamps": [0, 40, 80, 120, 160, 200, 240, 280, 320, 360, 400, 440, 480, 520, 560, 600, 640, 680, 720, 760, 800, 840, 880, 920, 960, 1000, 1040, 1080, 1120, 1160, 1200, 1240, 1280, 1320, 1360, 1400, 1440, 1480, 1520, 1560, 1600, 1640, 1680, 1720, 1760, 1800, 1840, 1880, 1920, 1960, 2000, 2040, 2080, 2120, 2160, 2200, 2240, 2280, 2320, 2360, 2400, 2440, 2480, 2520, 2560, 2600, 2640, 2680, 2720, 2760, 2800, 2840, 2880, 2920, 2960, 3000, 3040, 3080, 3120, 3160]}], "conversation": [], "conversation_timestamps": []}