{"agent_id": "agent-purple-164", "type": "purple", "trips": [{"trip_id": 0, "transport_method": "foot", "start_time": 0, "path": [[1.7206366, 42.5410098], [1.7185993, 42.5411706], [1.7163864, 42.5400101], [1.7133486, 42.5390568], [1.7116399, 42.5370557], [1.7103589, 42.5340416], [1.7122397, 42.5313094], [1.7113887, 42.5289521], [1.712994, 42.5268175], [1.7095745, 42.5270884], [1.7073219, 42.5268379], [1.7041994, 42.5273377], [1.7016586, 42.5278425], [1.6998268, 42.5303354], [1.6973891, 42.5293238], [1.694777, 42.5305828], [1.6920745, 42.5308182], [1.6936093, 42.5313117], [1.6910723, 42.5302854], [1.6893055, 42.5281181], [1.6879822, 42.5309881], [1.6887295, 42.5338557], [1.6896886, 42.5369038], [1.6891855, 42.5402352], [1.6865539, 42.5420458], [1.6833017, 42.5421513], [1.6803251, 42.5405122], [1.6772161, 42.5390249], [1.6739877, 42.5379564], [1.6726467, 42.5390276], [1.6692485, 42.53927], [1.6658185, 42.5393068], [1.6638502, 42.5374754], [1.6618522, 42.5390472], [1.6588176, 42.5405208], [1.6554776, 42.5413362], [1.6523125, 42.5423984], [1.6493062, 42.5423038], [1.6460139, 42.5414697], [1.6426289, 42.540799], [1.6392438, 42.5401282], [1.6358588, 42.5394574], [1.6388086, 42.5404491], [1.6419932, 42.5414748], [1.6450876, 42.5419777], [1.6447035, 42.5412092], [1.6413188, 42.5405369], [1.637934, 42.5398645], [1.6345532, 42.5391975], [1.6319174, 42.5391316], [1.6285348, 42.5387635], [1.6251791, 42.5381243], [1.6219424, 42.5373412], [1.6187432, 42.5360475], [1.6184384, 42.5358053], [1.6218631, 42.5354625], [1.625204, 42.5354538], [1.6255628, 42.5374292], [1.6225303, 42.5375814], [1.6193294, 42.536292], [1.6160977, 42.5351424], [1.6187138, 42.5367518], [1.6166732, 42.5369181], [1.6133045, 42.5365449], [1.6099319, 42.5361954], [1.6065058, 42.5362599], [1.6030671, 42.5365494], [1.6013635, 42.5369091], [1.6047871, 42.5371739], [1.6077811, 42.5361185], [1.6051749, 42.5363382], [1.6017332, 42.5365895], [1.5983032, 42.5364852], [1.5953288, 42.5367038], [1.5920671, 42.5359409], [1.5889774, 42.5354407], [1.5922616, 42.5361171], [1.5945993, 42.5363606], [1.5911881, 42.5358387], [1.5880202, 42.5352621]], "mood_vectors": [[0.037, 0.0233, 0.0139, 0.0209, 0.0757, 0.7712, 0.058], [0.084, 0.0758, 0.0813, 0.0233, 0.0294, 0.6519, 0.0543], [0.0839, 0.0252, 0.0846, 0.0773, 0.0683, 0.6459, 0.0148], [0.0758, 0.0809, 0.0737, 0.0619, 0.0231, 0.6542, 0.0304], [0.0227, 0.0442, 0.0818, 0.0581, 0.0134, 0.7563, 0.0236], [0.0788, 0.0457, 0.0756, 0.0711, 0.0446, 0.6653, 0.0189], [0.0308, 0.0685, 0.0131, 0.0507, 0.0455, 0.7186, 0.0728], [0.0775, 0.0411, 0.0688, 0.0532, 0.0163, 0.6767, 0.0665], [0.0431, 0.0271, 0.062, 0.0789, 0.0268, 0.7341, 0.028], [0.0244, 0.0151, 0.0666, 0.0516, 0.0371, 0.7653, 0.0399], [0.086, 0.0577, 0.0524, 0.0931, 0.0494, 0.617, 0.0444], [0.0234, 0.0644, 0.0319, 0.0191, 0.0749, 0.7095, 0.0768], [0.091, 0.0638, 0.0764, 0.029, 0.0728, 0.6393, 0.0278], [0.0728, 0.0444, 0.0585, 0.0738, 0.0615, 0.6015, 0.0875], [0.0278, 0.0266, 0.0507, 0.0484, 0.0123, 0.7879, 0.0464], [0.052, 0.0763, 0.0125, 0.073, 0.0671, 0.6573, 0.0618], [0.0743, 0.0539, 0.0539, 0.0466, 0.0798, 0.6494, 0.0421], [0.0631, 0.0312, 0.0424, 0.0639, 0.0457, 0.6744, 0.0793], [0.072, 0.049, 0.0647, 0.0582, 0.0161, 0.7189, 0.0211], [0.065, 0.0776, 0.05, 0.0135, 0.0416, 0.7272, 0.025], [0.0338, 0.0354, 0.0164, 0.0638, 0.096, 0.7091, 0.0456], [0.0839, 0.0482, 0.0815, 0.0367, 0.0774, 0.6166, 0.0558], [0.021, 0.0475, 0.0647, 0.0185, 0.0885, 0.7061, 0.0537], [0.073, 0.0348, 0.0573, 0.0182, 0.0287, 0.7681, 0.0198], [0.0165, 0.0879, 0.0264, 0.019, 0.0885, 0.6812, 0.0805], [0.0723, 0.033, 0.0381, 0.0139, 0.0168, 0.8059, 0.0201], [0.0756, 0.0787, 0.0494, 0.0712, 0.0752, 0.5706, 0.0793], [0.012, 0.0396, 0.0708, 0.0646, 0.0682, 0.6949, 0.0499], [0.0355, 0.0563, 0.0144, 0.02, 0.0348, 0.7852, 0.0539], [0.0503, 0.074, 0.0397, 0.0857, 0.055, 0.6627, 0.0326], [0.0778, 0.0386, 0.0424, 0.0616, 0.0388, 0.6818, 0.0591], [0.044, 0.0336, 0.0616, 0.0286, 0.0276, 0.7365, 0.0682], [0.0746, 0.0744, 0.0753, 0.0297, 0.072, 0.6149, 0.0591], [0.0625, 0.0438, 0.066, 0.087, 0.0762, 0.6383, 0.0262], [0.0867, 0.0492, 0.0545, 0.0837, 0.0248, 0.6203, 0.0807], [0.0734, 0.0699, 0.0679, 0.0764, 0.034, 0.665, 0.0135], [0.106, 0.0463, 0.0629, 0.091, 0.0311, 0.6414, 0.0212], [0.0256, 0.0675, 0.0654, 0.0185, 0.027, 0.7682, 0.0277], [0.0396, 0.0464, 0.0397, 0.0808, 0.0692, 0.6519, 0.0723], [0.0685, 0.0254, 0.0493, 0.0436, 0.0612, 0.7035, 0.0485], [0.0253, 0.0366, 0.0549, 0.0303, 0.0683, 0.7188, 0.0658], [0.0619, 0.0581, 0.0692, 0.0736, 0.0504, 0.6205, 0.0663], [0.074, 0.0593, 0.0693, 0.0198, 0.0572, 0.703, 0.0175], [0.0194, 0.0743, 0.0531, 0.0524, 0.0432, 0.6793, 0.0782], [0.0573, 0.0486, 0.0741, 0.021, 0.0317, 0.7446, 0.0228], [0.0543, 0.0756, 0.0559, 0.0566, 0.0519, 0.663, 0.0427], [0.039, 0.0708, 0.0249, 0.0461, 0.0826, 0.6842, 0.0524], [0.1063, 0.0883, 0.0645, 0.0291, 0.0389, 0.653, 0.0199], [0.0533, 0.0878, 0.0399, 0.0147, 0.0164, 0.7584, 0.0295], [0.0995, 0.0555, 0.0152, 0.0865, 0.0182, 0.6589, 0.0661], [0.0696, 0.0287, 0.0214, 0.0775, 0.0411, 0.6773, 0.0844], [0.0217, 0.013, 0.0363, 0.059, 0.0187, 0.7918, 0.0595], [0.021, 0.0424, 0.0235, 0.0718, 0.0376, 0.7472, 0.0565], [0.0667, 0.0738, 0.0282, 0.0692, 0.0351, 0.6732, 0.0538], [0.0554, 0.0924, 0.0698, 0.0193, 0.0261, 0.7051, 0.0319], [0.0715, 0.0762, 0.0495, 0.0649, 0.0496, 0.671, 0.0173], [0.0321, 0.061, 0.0463, 0.0527, 0.0155, 0.7357, 0.0567], [0.0576, 0.0699, 0.0556, 0.099, 0.0293, 0.637, 0.0516], [0.0679, 0.0188, 0.0743, 0.0279, 0.0127, 0.7417, 0.0566], [0.0134, 0.0356, 0.0233, 0.024, 0.0374, 0.7916, 0.0747], [0.0687, 0.0518, 0.0777, 0.0355, 0.0549, 0.6552, 0.0563], [0.0765, 0.0944, 0.0378, 0.0316, 0.0515, 0.6697, 0.0385], [0.0931, 0.0288, 0.0737, 0.0286, 0.0626, 0.6799, 0.0334], [0.065, 0.0445, 0.0328, 0.0624, 0.0543, 0.6877, 0.0533], [0.0742, 0.0475, 0.0231, 0.0658, 0.0236, 0.6914, 0.0743], [0.0355, 0.082, 0.034, 0.0381, 0.0935, 0.6789, 0.0379], [0.0239, 0.0634, 0.0747, 0.0496, 0.0519, 0.7056, 0.0309], [0.0359, 0.0528, 0.0778, 0.0197, 0.0549, 0.7353, 0.0236], [0.0526, 0.0636, 0.052, 0.065, 0.0117, 0.7189, 0.0362], [0.08, 0.0665, 0.038, 0.0475, 0.0542, 0.6423, 0.0715], [0.0779, 0.0385, 0.029, 0.0481, 0.0147, 0.7698, 0.0221], [0.0781, 0.0619, 0.0385, 0.0426, 0.0357, 0.6754, 0.0678], [0.0621, 0.0316, 0.0688, 0.0525, 0.0439, 0.6916, 0.0493], [0.065, 0.064, 0.0157, 0.0156, 0.0846, 0.7166, 0.0384], [0.0724, 0.0593, 0.0603, 0.0604, 0.0756, 0.6084, 0.0636], [0.0654, 0.0168, 0.0725, 0.0151, 0.0474, 0.7261, 0.0569], [0.0674, 0.041, 0.0643, 0.0409, 0.0149, 0.7216, 0.0499], [0.0596, 0.0817, 0.0279, 0.0336, 0.0667, 0.7005, 0.0299], [0.0554, 0.0757, 0.0584, 0.0191, 0.0294, 0.7365, 0.0256], [0.0431, 0.0157, 0.0418, 0.0167, 0.037, 0.801, 0.0446]], "emotions": ["purple", "purple", "purple", "purple", "purple", "purple", "purple", "purple", "purple", "purple", "purple", "purple", "purple", "purple", "purple", "purple", "purple", "purple", "purple", "purple", "purple", "purple", "purple", "purple", "purple", "purple", "purple", "purple", "purple", "purple", "purple", "purple", "purple", "purple", "purple", "purple", "purple", "purple", "purple", "purple", "purple", "purple", "purple", "purple", "purple", "purple", "purple", "purple", "purple", "purple", "purple", "purple", "purple", "purple", "purple", "purple", "purple", "purple", "purple", "purple", "purple", "purple", "purple", "purple", "purple", "purple", "purple", "purple", "purple", "purple", "purple", "purple", "purple", "purple", "purple", "purple", "purple", "purple", "purple", "purple"], "timestamps": [0, 40, 80, 120, 160, 200, 240, 280, 320, 360, 400, 440, 480, 520, 560, 600, 640, 680, 720, 760, 800, 840, 880, 920, 960, 1000, 1040, 1080, 1120, 1160, 1200, 1240, 1280, 1320, 1360, 1400, 1440, 1480, 1520, 1560, 1600, 1640, 1680, 1720, 1760, 1800, 1840, 1880, 1920, 1960, 2000, 2040, 2080, 2120, 2160, 2200, 2240, 2280, 2320, 2360, 2400, 2440, 2480, 2520, 2560, 2600, 2640, 2680, 2720, 2760, 2800, 2840, 2880, 2920, 2960, 3000, 3040, 3080, 3120, 3160]}], "conversation": [], "conversation_timestamps": []}