{"agent_id": "agent-blue-1915", "type": "blue", "trips": [{"trip_id": 0, "transport_method": "bicycle", "start_time": 0, "path": [[1.7337078, 42.5443753], [1.7342983, 42.5466933], [1.7323373, 42.5462994], [1.7272976, 42.5441514], [1.7218255, 42.543763], [1.7163281, 42.5439496], [1.7108303, 42.5441124], [1.7053433, 42.5444963], [1.7001865, 42.546027], [1.6963784, 42.5498811], [1.6923796, 42.553596], [1.6886168, 42.5575899], [1.6868423, 42.5554492], [1.6816765, 42.5536841], [1.6845511, 42.5545751], [1.6821797, 42.5537529], [1.6796825, 42.5511744], [1.6812463, 42.5493197], [1.6839925, 42.5456657], [1.6839758, 42.5426236], [1.679369, 42.5400986], [1.6743424, 42.5380116], [1.6709847, 42.5393352], [1.6655387, 42.5393799], [1.6624099, 42.5381247], [1.6579051, 42.5407204], [1.6527671, 42.5423132], [1.6478289, 42.5417949], [1.642447, 42.5407629], [1.6370513, 42.5396937], [1.6396252, 42.5405739], [1.6446973, 42.5416629], [1.6432492, 42.5409203], [1.637854, 42.5398486], [1.6332339, 42.5390988], [1.6278308, 42.5387128], [1.6225643, 42.5375927], [1.6174648, 42.5355305], [1.6218416, 42.5354678], [1.6266237, 42.5365915], [1.6219491, 42.5373473], [1.6168469, 42.5352919], [1.6188125, 42.5370866], [1.6134296, 42.536535], [1.6080274, 42.5361318], [1.6025462, 42.5365933], [1.6039189, 42.5370408], [1.6074483, 42.5361722], [1.6019623, 42.5365728], [1.5965285, 42.536112], [1.5916537, 42.5358732], [1.5913199, 42.5358556], [1.593544, 42.5361991], [1.5883274, 42.5353814], [1.5854492, 42.5336048], [1.5817005, 42.5317], [1.576214, 42.5315918], [1.5742035, 42.5309607], [1.5709212, 42.5290703], [1.5702503, 42.5286592], [1.5688719, 42.5276564], [1.5640914, 42.5250808], [1.5596862, 42.5219851], [1.5562246, 42.5187106], [1.5544879, 42.5174839], [1.5528906, 42.5151212], [1.5492294, 42.5116996], [1.54582, 42.5095513], [1.540719, 42.5086364], [1.5365264, 42.5078656], [1.5341842, 42.5070595], [1.5291408, 42.5054124], [1.523704, 42.5048704], [1.5211363, 42.5043287], [1.5179953, 42.5036743], [1.5131832, 42.5016156], [1.5081404, 42.5000085], [1.5032023, 42.4976047], [1.4987975, 42.495394], [1.4952357, 42.4924441]], "mood_vectors": [[0.028, 0.0737, 0.0411, 0.6874, 0.0672, 0.0518, 0.0508], [0.0415, 0.0231, 0.0838, 0.7434, 0.0274, 0.0546, 0.0261], [0.035, 0.0774, 0.0552, 0.6583, 0.0469, 0.0562, 0.0709], [0.0367, 0.0687, 0.0672, 0.7186, 0.0401, 0.0362, 0.0324], [0.0463, 0.0895, 0.0701, 0.6067, 0.0355, 0.0768, 0.0751], [0.0414, 0.0357, 0.0489, 0.6972, 0.033, 0.0734, 0.0703], [0.0211, 0.0155, 0.0319, 0.7764, 0.0307, 0.0654, 0.059], [0.0736, 0.086, 0.0496, 0.6305, 0.0461, 0.0662, 0.048], [0.0464, 0.0586, 0.0438, 0.6977, 0.0679, 0.0134, 0.0721], [0.0821, 0.0281, 0.0675, 0.6251, 0.077, 0.0543, 0.0659], [0.0773, 0.049, 0.0811, 0.5879, 0.0539, 0.0706, 0.0803], [0.0188, 0.0216, 0.062, 0.6971, 0.0635, 0.0594, 0.0776], [0.0464, 0.0488, 0.0865, 0.6127, 0.0746, 0.089, 0.0419], [0.0187, 0.088, 0.0532, 0.6971, 0.0261, 0.0915, 0.0254], [0.0392, 0.04, 0.0338, 0.7636, 0.0206, 0.0637, 0.0391], [0.0904, 0.0692, 0.0324, 0.5822, 0.0935, 0.0736, 0.0586], [0.098, 0.0192, 0.0275, 0.7123, 0.0272, 0.038, 0.0778], [0.0305, 0.0251, 0.0783, 0.7211, 0.0529, 0.0341, 0.0579], [0.0406, 0.0407, 0.0309, 0.765, 0.0509, 0.0139, 0.0579], [0.0383, 0.0469, 0.0667, 0.6665, 0.0265, 0.0831, 0.0719], [0.0329, 0.0596, 0.0969, 0.628, 0.0427, 0.0993, 0.0406], [0.0696, 0.0409, 0.0188, 0.7042, 0.0689, 0.0215, 0.076], [0.0131, 0.0595, 0.0625, 0.6889, 0.0635, 0.0548, 0.0577], [0.0743, 0.0602, 0.085, 0.6064, 0.0186, 0.07, 0.0854], [0.0831, 0.0156, 0.1043, 0.7066, 0.0278, 0.0233, 0.0393], [0.0588, 0.0476, 0.0329, 0.7928, 0.0208, 0.0183, 0.0289], [0.0291, 0.0158, 0.0785, 0.7153, 0.0897, 0.0574, 0.0141], [0.0136, 0.047, 0.0538, 0.7664, 0.0396, 0.0181, 0.0615], [0.0203, 0.0192, 0.0161, 0.7763, 0.0515, 0.081, 0.0356], [0.0904, 0.0466, 0.0287, 0.6717, 0.0269, 0.0742, 0.0614], [0.0532, 0.0725, 0.0644, 0.6506, 0.0686, 0.0781, 0.0125], [0.0771, 0.0727, 0.0442, 0.6091, 0.0468, 0.0765, 0.0736], [0.0505, 0.0801, 0.0673, 0.6514, 0.0487, 0.0436, 0.0585], [0.0425, 0.0592, 0.0534, 0.6597, 0.0374, 0.0853, 0.0625], [0.0305, 0.0629, 0.0758, 0.6362, 0.073, 0.0762, 0.0455], [0.0852, 0.0517, 0.0498, 0.7022, 0.0499, 0.048, 0.0132], [0.0298, 0.0152, 0.0139, 0.7115, 0.0728, 0.0788, 0.0781], [0.1113, 0.0191, 0.016, 0.7619, 0.0165, 0.0531, 0.0223], [0.0725, 0.0309, 0.0486, 0.6829, 0.0487, 0.0885, 0.0279], [0.0134, 0.0878, 0.026, 0.649, 0.065, 0.0853, 0.0735], [0.0477, 0.0799, 0.057, 0.6847, 0.0311, 0.0213, 0.0783], [0.0256, 0.0695, 0.0688, 0.7167, 0.0141, 0.0412, 0.0641], [0.0287, 0.0695, 0.0313, 0.7305, 0.0329, 0.0793, 0.0278], [0.0351, 0.0232, 0.0134, 0.8053, 0.0429, 0.0626, 0.0176], [0.0595, 0.036, 0.0717, 0.6609, 0.0613, 0.0432, 0.0674], [0.0277, 0.0549, 0.0295, 0.724, 0.0175, 0.1081, 0.0384], [0.0188, 0.0328, 0.0693, 0.7494, 0.0198, 0.0534, 0.0565], [0.0479, 0.0281, 0.0571, 0.6835, 0.0822, 0.0811, 0.0201], [0.0296, 0.0388, 0.0457, 0.7024, 0.0782, 0.0888, 0.0166], [0.0386, 0.075, 0.0683, 0.7146, 0.0227, 0.0416, 0.0393], [0.0599, 0.0587, 0.0251, 0.7048, 0.0466, 0.0472, 0.0577], [0.0828, 0.0184, 0.0542, 0.7183, 0.0405, 0.0417, 0.0441], [0.0877, 0.0272, 0.0309, 0.6286, 0.0695, 0.0908, 0.0654], [0.0654, 0.0884, 0.0912, 0.6472, 0.0293, 0.0148, 0.0636], [0.0451, 0.0384, 0.0572, 0.703, 0.023, 0.0496, 0.0838], [0.0566, 0.0795, 0.0421, 0.69, 0.0547, 0.0304, 0.0467], [0.0286, 0.0532, 0.0359, 0.7397, 0.0717, 0.0277, 0.0433], [0.023, 0.0673, 0.065, 0.6961, 0.0448, 0.0579, 0.0459], [0.09, 0.0837, 0.0468, 0.6229, 0.0339, 0.088, 0.0346], [0.0469, 0.0228, 0.0719, 0.6887, 0.0866, 0.0214, 0.0617], [0.0382, 0.0527, 0.0674, 0.7006, 0.0169, 0.0566, 0.0676], [0.0507, 0.095, 0.0403, 0.6197, 0.054, 0.056, 0.0843], [0.0664, 0.0228, 0.0579, 0.6661, 0.0575, 0.0828, 0.0465], [0.069, 0.0469, 0.0491, 0.6747, 0.0687, 0.0575, 0.034], [0.0631, 0.0431, 0.0672, 0.7271, 0.0246, 0.0422, 0.0329], [0.0344, 0.082, 0.0979, 0.6636, 0.0217, 0.0699, 0.0306], [0.0828, 0.0789, 0.078, 0.606, 0.041, 0.0695, 0.0439], [0.0725, 0.0676, 0.0779, 0.6244, 0.0344, 0.0604, 0.0628], [0.0203, 0.065, 0.0401, 0.7332, 0.0508, 0.039, 0.0517], [0.0389, 0.0523, 0.0758, 0.7128, 0.0854, 0.0154, 0.0194], [0.0709, 0.0272, 0.0662, 0.6826, 0.0483, 0.0504, 0.0544], [0.0186, 0.0184, 0.0602, 0.7038, 0.0529, 0.0656, 0.0805], [0.0248, 0.071, 0.0626, 0.7216, 0.0553, 0.0232, 0.0415], [0.0734, 0.0291, 0.0268, 0.7205, 0.0237, 0.054, 0.0724], [0.0295, 0.0715, 0.0592, 0.693, 0.0568, 0.0439, 0.0461], [0.0592, 0.049, 0.0356, 0.6612, 0.0379, 0.0786, 0.0786], [0.0788, 0.0279, 0.046, 0.6857, 0.0806, 0.0348, 0.0463], [0.0675, 0.0413, 0.0216, 0.7207, 0.0459, 0.0273, 0.0757], [0.0662, 0.0242, 0.0842, 0.6202, 0.07, 0.0636, 0.0717], [0.0468, 0.0274, 0.0791, 0.6425, 0.075, 0.0845, 0.0447]], "emotions": ["green", "green", "green", "green", "green", "green", "green", "green", "green", "green", "green", "green", "green", "green", "green", "green", "green", "green", "green", "green", "green", "green", "green", "green", "green", "green", "green", "green", "green", "green", "green", "green", "green", "green", "green", "green", "green", "green", "green", "green", "green", "green", "green", "green", "green", "green", "green", "green", "green", "green", "green", "green", "green", "green", "green", "green", "green", "green", "green", "green", "green", "green", "green", "green", "green", "green", "green", "green", "green", "green", "green", "green", "green", "green", "green", "green", "green", "green", "green", "green"], "timestamps": [0, 40, 80, 120, 160, 200, 240, 280, 320, 360, 400, 440, 480, 520, 560, 600, 640, 680, 720, 760, 800, 840, 880, 920, 960, 1000, 1040, 1080, 1120, 1160, 1200, 1240, 1280, 1320, 1360, 1400, 1440, 1480, 1520, 1560, 1600, 1640, 1680, 1720, 1760, 1800, 1840, 1880, 1920, 1960, 2000, 2040, 2080, 2120, 2160, 2200, 2240, 2280, 2320, 2360, 2400, 2440, 2480, 2520, 2560, 2600, 2640, 2680, 2720, 2760, 2800, 2840, 2880, 2920, 2960, 3000, 3040, 3080, 3120, 3160]}], "conversation": [], "conversation_timestamps": []}