{"agent_id": "agent-orange-613", "type": "orange", "trips": [{"trip_id": 0, "transport_method": "foot", "start_time": 0, "path": [[1.5210071, 42.5070076], [1.5212451, 42.5070922], [1.5214829, 42.5071774], [1.5216683, 42.5073122], [1.5218729, 42.507444], [1.5220974, 42.5075316], [1.5223458, 42.5075458], [1.522584, 42.5075495], [1.5228068, 42.5076655], [1.5230523, 42.5077245], [1.5232967, 42.5077886], [1.523546, 42.5077999], [1.523798, 42.5077824], [1.5240504, 42.5077728], [1.5243026, 42.5077841], [1.5245509, 42.5078303], [1.5247953, 42.5078933], [1.5250381, 42.5079633], [1.5252808, 42.5080333], [1.5255237, 42.5081029], [1.5257575, 42.508198], [1.5260079, 42.5082314], [1.5262544, 42.5082859], [1.5265033, 42.5083293], [1.5267548, 42.5083517], [1.5270073, 42.5083589], [1.52726, 42.5083615], [1.5275113, 42.5083798], [1.5277473, 42.5084685], [1.5279796, 42.5085679], [1.5282113, 42.5086685], [1.5284381, 42.5087798], [1.5286823, 42.5088428], [1.5289287, 42.5088983], [1.5291762, 42.5089493], [1.5289708, 42.5088878], [1.5289558, 42.5089086], [1.5292011, 42.5089691], [1.5294464, 42.5090295], [1.5296917, 42.50909], [1.5299344, 42.5091598], [1.5301731, 42.5092426], [1.5304119, 42.5093251], [1.5306511, 42.5093508], [1.5308892, 42.5094094], [1.5311259, 42.5094977], [1.5313616, 42.5095886], [1.5315976, 42.5096787], [1.5318361, 42.5097621], [1.5320756, 42.5098424], [1.5323145, 42.5098812], [1.5325531, 42.509955], [1.5328048, 42.5099752], [1.5330564, 42.5099975], [1.5333078, 42.5100221], [1.5335172, 42.509914], [1.533743, 42.5098876], [1.533994, 42.5099152], [1.5342451, 42.5099232], [1.5344975, 42.5099191], [1.5347499, 42.5099137], [1.5350023, 42.5099029], [1.5352547, 42.5098923], [1.5355064, 42.5099136], [1.5357586, 42.509928], [1.5360108, 42.5099424], [1.5362631, 42.5099569], [1.5365091, 42.5100084], [1.5367566, 42.5100409], [1.5370091, 42.5100328], [1.5372616, 42.5100246], [1.5375139, 42.5100323], [1.5377665, 42.5100391], [1.538019, 42.5100455], [1.5382716, 42.5100523], [1.5385241, 42.5100591], [1.5387731, 42.5100777], [1.5389867, 42.5102126], [1.539103, 42.5104026], [1.5391086, 42.5106552]], "mood_vectors": [[0.0462, 0.0532, 0.0481, 0.024, 0.7031, 0.0664, 0.059], [0.0547, 0.0621, 0.0518, 0.0884, 0.6197, 0.0338, 0.0895], [0.0602, 0.0505, 0.0508, 0.0201, 0.7409, 0.0468, 0.0308], [0.0745, 0.0537, 0.0756, 0.0448, 0.6753, 0.0352, 0.0408], [0.0286, 0.0472, 0.0544, 0.06, 0.6513, 0.0758, 0.0826], [0.0221, 0.0547, 0.0681, 0.0551, 0.7158, 0.0303, 0.0538], [0.0693, 0.0844, 0.0784, 0.0334, 0.6551, 0.0167, 0.0627], [0.0612, 0.0293, 0.0283, 0.0497, 0.7486, 0.0562, 0.0268], [0.0409, 0.0157, 0.056, 0.0779, 0.7518, 0.0137, 0.044], [0.0487, 0.0599, 0.0441, 0.047, 0.7212, 0.0486, 0.0304], [0.0979, 0.0754, 0.0509, 0.055, 0.6581, 0.0233, 0.0392], [0.036, 0.0491, 0.0299, 0.0481, 0.7018, 0.0683, 0.0669], [0.0252, 0.077, 0.0242, 0.0758, 0.7397, 0.0464, 0.0116], [0.0795, 0.0465, 0.0305, 0.0743, 0.6708, 0.077, 0.0214], [0.0555, 0.0574, 0.0588, 0.0311, 0.7253, 0.0332, 0.0387], [0.0643, 0.048, 0.0292, 0.0345, 0.6596, 0.0894, 0.0751], [0.0297, 0.0623, 0.0386, 0.0451, 0.7109, 0.0298, 0.0836], [0.0315, 0.0534, 0.0437, 0.0177, 0.7377, 0.088, 0.0281], [0.0337, 0.0302, 0.0904, 0.0942, 0.7107, 0.0214, 0.0194], [0.0741, 0.0414, 0.0336, 0.0328, 0.7355, 0.0249, 0.0577], [0.0568, 0.0732, 0.0342, 0.0237, 0.7035, 0.0701, 0.0384], [0.0286, 0.0276, 0.0755, 0.0601, 0.6948, 0.0581, 0.0553], [0.0235, 0.0457, 0.0658, 0.0329, 0.7201, 0.0382, 0.0738], [0.0562, 0.0672, 0.0394, 0.0135, 0.7334, 0.0352, 0.055], [0.0872, 0.0753, 0.0511, 0.0352, 0.6166, 0.0593, 0.0754], [0.0526, 0.0432, 0.042, 0.0419, 0.7073, 0.0558, 0.0572], [0.042, 0.0373, 0.0384, 0.0544, 0.7032, 0.0919, 0.0327], [0.085, 0.0739, 0.034, 0.0495, 0.638, 0.0926, 0.0269], [0.0292, 0.0743, 0.0692, 0.0492, 0.6706, 0.0629, 0.0445], [0.0445, 0.0466, 0.0332, 0.0433, 0.7909, 0.0237, 0.0177], [0.0465, 0.0169, 0.0723, 0.0391, 0.7605, 0.0346, 0.03], [0.0288, 0.0406, 0.0406, 0.0753, 0.7404, 0.0455, 0.0289], [0.0502, 0.0789, 0.0303, 0.0424, 0.6538, 0.0705, 0.0739], [0.0661, 0.0398, 0.0264, 0.0552, 0.6787, 0.0537, 0.0802], [0.0207, 0.0158, 0.0301, 0.0766, 0.78, 0.0163, 0.0605], [0.0452, 0.0815, 0.0177, 0.0479, 0.7597, 0.0205, 0.0275], [0.0144, 0.0635, 0.0411, 0.0818, 0.7576, 0.0179, 0.0236], [0.0629, 0.0412, 0.0351, 0.0257, 0.7463, 0.0205, 0.0683], [0.04, 0.0301, 0.0676, 0.033, 0.7856, 0.0227, 0.021], [0.0741, 0.0189, 0.0269, 0.0344, 0.7254, 0.0748, 0.0454], [0.0793, 0.0439, 0.0758, 0.032, 0.7018, 0.0368, 0.0304], [0.0666, 0.0359, 0.0541, 0.0236, 0.7424, 0.0496, 0.0278], [0.0747, 0.0513, 0.0216, 0.0894, 0.6774, 0.0612, 0.0245], [0.0641, 0.0674, 0.0665, 0.0717, 0.6658, 0.0207, 0.0438], [0.0676, 0.0429, 0.072, 0.0858, 0.6708, 0.0129, 0.048], [0.0737, 0.0173, 0.0504, 0.0823, 0.6766, 0.0522, 0.0474], [0.0336, 0.0789, 0.0732, 0.0775, 0.6444, 0.023, 0.0693], [0.0479, 0.0613, 0.0225, 0.0651, 0.6882, 0.0429, 0.072], [0.0775, 0.0152, 0.0394, 0.0235, 0.7344, 0.031, 0.0789], [0.0799, 0.0457, 0.0719, 0.0727, 0.6424, 0.0707, 0.0167], [0.0382, 0.0419, 0.0718, 0.0611, 0.6361, 0.0844, 0.0665], [0.0656, 0.0764, 0.0781, 0.0649, 0.6304, 0.0393, 0.0452], [0.0859, 0.0837, 0.0638, 0.0636, 0.5804, 0.0857, 0.0369], [0.0322, 0.0386, 0.0652, 0.0577, 0.7132, 0.0213, 0.0717], [0.0897, 0.0785, 0.046, 0.0378, 0.622, 0.0774, 0.0485], [0.0414, 0.0299, 0.043, 0.0855, 0.747, 0.029, 0.0241], [0.0729, 0.02, 0.0764, 0.0175, 0.7671, 0.0174, 0.0287], [0.0588, 0.058, 0.0173, 0.0795, 0.6568, 0.0832, 0.0463], [0.0391, 0.0282, 0.0791, 0.07, 0.6229, 0.0713, 0.0894], [0.0698, 0.0639, 0.0436, 0.0841, 0.6713, 0.044, 0.0231], [0.0412, 0.0585, 0.0307, 0.0669, 0.7302, 0.055, 0.0175], [0.0937, 0.033, 0.0631, 0.0481, 0.6245, 0.0844, 0.0534], [0.0567, 0.076, 0.0113, 0.0474, 0.6885, 0.0646, 0.0555], [0.0692, 0.0312, 0.0301, 0.0609, 0.7615, 0.0271, 0.0201], [0.0491, 0.06, 0.016, 0.0309, 0.753, 0.0575, 0.0335], [0.0155, 0.0821, 0.0785, 0.057, 0.6547, 0.0433, 0.0687], [0.0709, 0.0358, 0.0664, 0.0658, 0.692, 0.0404, 0.0286], [0.0181, 0.0478, 0.0722, 0.0549, 0.702, 0.0571, 0.0478], [0.0721, 0.0721, 0.0381, 0.0549, 0.6644, 0.0535, 0.0448], [0.0881, 0.0639, 0.0175, 0.0223, 0.7331, 0.0396, 0.0355], [0.0325, 0.0223, 0.0725, 0.0984, 0.7103, 0.0443, 0.0198], [0.0294, 0.0533, 0.0614, 0.0721, 0.7021, 0.0691, 0.0126], [0.0144, 0.0261, 0.0742, 0.0308, 0.8066, 0.0352, 0.0126], [0.0632, 0.0291, 0.054, 0.0826, 0.7148, 0.0192, 0.0371], [0.0277, 0.08, 0.0474, 0.0694, 0.6637, 0.0325, 0.0793], [0.0563, 0.0773, 0.0611, 0.0705, 0.6778, 0.0244, 0.0325], [0.0223, 0.0366, 0.0518, 0.0687, 0.6903, 0.0676, 0.0627], [0.08, 0.0233, 0.0716, 0.039, 0.6705, 0.0743, 0.0413], [0.0838, 0.0514, 0.0328, 0.0293, 0.7136, 0.0595, 0.0296], [0.0771, 0.0629, 0.0295, 0.0564, 0.6369, 0.0656, 0.0716]], "emotions": ["red", "red", "red", "red", "red", "red", "red", "red", "red", "red", "red", "red", "red", "red", "red", "red", "red", "red", "red", "red", "red", "red", "red", "red", "red", "red", "red", "red", "red", "red", "red", "red", "red", "red", "red", "red", "red", "red", "red", "red", "red", "red", "red", "red", "red", "red", "red", "red", "red", "red", "red", "red", "red", "red", "red", "red", "red", "red", "red", "red", "red", "red", "red", "red", "red", "red", "red", "red", "red", "red", "red", "red", "red", "red", "red", "red", "red", "red", "red", "red"], "timestamps": [0, 40, 80, 120, 160, 200, 240, 280, 320, 360, 400, 440, 480, 520, 560, 600, 640, 680, 720, 760, 800, 840, 880, 920, 960, 1000, 1040, 1080, 1120, 1160, 1200, 1240, 1280, 1320, 1360, 1400, 1440, 1480, 1520, 1560, 1600, 1640, 1680, 1720, 1760, 1800, 1840, 1880, 1920, 1960, 2000, 2040, 2080, 2120, 2160, 2200, 2240, 2280, 2320, 2360, 2400, 2440, 2480, 2520, 2560, 2600, 2640, 2680, 2720, 2760, 2800, 2840, 2880, 2920, 2960, 3000, 3040, 3080, 3120, 3160]}], "conversation": [], "conversation_timestamps": []}