{"agent_id": "agent-purple-119", "type": "purple", "trips": [{"trip_id": 0, "transport_method": "bicycle", "start_time": 0, "path": [[1.5206379, 42.5327443], [1.5204544, 42.5322834], [1.5203754, 42.5323284], [1.5202384, 42.532577], [1.5199116, 42.5322097], [1.5195965, 42.5318521], [1.5196595, 42.5313886], [1.519758, 42.5309023], [1.5198208, 42.5308534], [1.519674, 42.5313211], [1.5195583, 42.5317777], [1.5196172, 42.5314198], [1.5196753, 42.5309271], [1.5197333, 42.5304345], [1.5198237, 42.5300928], [1.5202377, 42.5298279], [1.5205188, 42.5294198], [1.5206604, 42.528952], [1.5205869, 42.5284636], [1.5203385, 42.5280376], [1.5200396, 42.5276417], [1.5199736, 42.5271672], [1.5202253, 42.5267481], [1.5204995, 42.5263377], [1.5205938, 42.5258543], [1.5206111, 42.5253585], [1.520626, 42.5248626], [1.5207731, 42.524393], [1.5210356, 42.5239728], [1.5213521, 42.523591], [1.5216563, 42.5232004], [1.5218248, 42.5227357], [1.5220369, 42.522291], [1.52238, 42.5219364], [1.5227973, 42.5216685], [1.523177, 42.5213505], [1.523442, 42.5209321], [1.5236814, 42.5204976], [1.5238902, 42.52005], [1.5239812, 42.5195627], [1.5242662, 42.5191807], [1.5246642, 42.5188847], [1.525059, 42.5185843], [1.5254514, 42.5182808], [1.5258205, 42.5179496], [1.5262085, 42.5176435], [1.5266639, 42.5174486], [1.5271202, 42.5172542], [1.52757, 42.517045], [1.5280214, 42.5168394], [1.5284192, 42.5165694], [1.528883, 42.5167143], [1.5293283, 42.5165038], [1.529744, 42.5162332], [1.5301544, 42.5159649], [1.5305995, 42.5157586], [1.5309811, 42.5154425], [1.5313945, 42.515171], [1.5317714, 42.5148485], [1.5321005, 42.514478], [1.5324981, 42.5141911], [1.5329289, 42.5139462], [1.5333919, 42.5138776], [1.5338489, 42.5139239], [1.5343377, 42.5138401], [1.5348251, 42.5137475], [1.5353171, 42.513711], [1.5351981, 42.5136993], [1.5353932, 42.513726], [1.5358883, 42.513756], [1.5363813, 42.5137178], [1.5368657, 42.5136108], [1.5373495, 42.5135011], [1.5378239, 42.5133625], [1.5381837, 42.513023], [1.5384684, 42.5131714], [1.5388721, 42.5133252], [1.5393277, 42.5134423], [1.5396684, 42.5133843], [1.5398518, 42.5129998]], "mood_vectors": [[0.0268, 0.059, 0.0193, 0.0792, 0.0783, 0.6552, 0.0822], [0.0661, 0.0513, 0.0581, 0.0385, 0.0437, 0.7172, 0.0251], [0.0641, 0.0531, 0.0782, 0.0477, 0.036, 0.669, 0.0519], [0.0707, 0.0706, 0.0858, 0.0271, 0.0176, 0.6527, 0.0755], [0.0736, 0.0642, 0.0716, 0.0121, 0.0236, 0.691, 0.0639], [0.0466, 0.0635, 0.0289, 0.0367, 0.0652, 0.7146, 0.0445], [0.0396, 0.0231, 0.0814, 0.0696, 0.0685, 0.6893, 0.0285], [0.0473, 0.0428, 0.0432, 0.0664, 0.045, 0.6909, 0.0644], [0.0603, 0.0717, 0.0128, 0.0429, 0.0698, 0.6626, 0.08], [0.0444, 0.0295, 0.0201, 0.0688, 0.0605, 0.711, 0.0658], [0.0506, 0.041, 0.0727, 0.0766, 0.0289, 0.6967, 0.0335], [0.0933, 0.0851, 0.0282, 0.0307, 0.0614, 0.6208, 0.0806], [0.0486, 0.0718, 0.0464, 0.0384, 0.0305, 0.6904, 0.0739], [0.0242, 0.0848, 0.03, 0.0473, 0.0696, 0.7216, 0.0225], [0.026, 0.0558, 0.0266, 0.0579, 0.0316, 0.7271, 0.0749], [0.0235, 0.0688, 0.022, 0.0946, 0.0479, 0.7202, 0.023], [0.0575, 0.0452, 0.0197, 0.0688, 0.0167, 0.7001, 0.0921], [0.0582, 0.0655, 0.0663, 0.0201, 0.0705, 0.6495, 0.0699], [0.0766, 0.0709, 0.0243, 0.0593, 0.035, 0.6618, 0.0721], [0.073, 0.0709, 0.0682, 0.0374, 0.0502, 0.6327, 0.0675], [0.0372, 0.0521, 0.0178, 0.0611, 0.0451, 0.7282, 0.0586], [0.034, 0.0588, 0.0548, 0.0341, 0.0154, 0.7804, 0.0224], [0.0547, 0.0501, 0.0709, 0.0606, 0.0424, 0.6779, 0.0434], [0.0515, 0.0339, 0.0191, 0.0353, 0.0388, 0.7498, 0.0715], [0.0951, 0.0444, 0.0544, 0.0524, 0.0535, 0.6695, 0.0308], [0.0596, 0.0458, 0.0365, 0.0696, 0.0245, 0.7278, 0.0361], [0.0758, 0.0327, 0.03, 0.0197, 0.0406, 0.7514, 0.0499], [0.0784, 0.0617, 0.0392, 0.0504, 0.067, 0.6786, 0.0248], [0.0743, 0.0953, 0.0932, 0.0191, 0.0243, 0.6375, 0.0564], [0.0625, 0.0885, 0.0842, 0.0244, 0.0709, 0.6432, 0.0262], [0.026, 0.0975, 0.0357, 0.0818, 0.0664, 0.6415, 0.051], [0.0225, 0.0647, 0.0142, 0.0683, 0.0275, 0.7904, 0.0123], [0.0879, 0.0301, 0.0242, 0.0785, 0.0621, 0.6364, 0.0808], [0.0846, 0.0211, 0.0652, 0.0483, 0.0352, 0.6972, 0.0483], [0.0278, 0.0713, 0.0118, 0.0346, 0.0599, 0.733, 0.0615], [0.056, 0.0289, 0.0537, 0.0151, 0.0507, 0.7359, 0.0597], [0.0232, 0.0726, 0.0572, 0.0674, 0.0329, 0.7253, 0.0213], [0.0243, 0.0661, 0.0285, 0.066, 0.0175, 0.7785, 0.0191], [0.0752, 0.0261, 0.062, 0.0399, 0.0426, 0.7382, 0.0161], [0.0202, 0.0176, 0.0159, 0.0567, 0.065, 0.7795, 0.045], [0.0307, 0.0226, 0.0625, 0.0424, 0.0684, 0.7182, 0.0551], [0.0607, 0.0518, 0.0412, 0.02, 0.0621, 0.694, 0.0702], [0.0671, 0.0251, 0.0522, 0.0157, 0.0715, 0.7282, 0.0402], [0.0501, 0.0169, 0.0313, 0.0708, 0.0406, 0.7242, 0.0661], [0.0673, 0.0274, 0.0705, 0.0738, 0.0139, 0.6935, 0.0535], [0.0498, 0.0614, 0.0391, 0.0663, 0.0196, 0.6963, 0.0676], [0.0153, 0.05, 0.0132, 0.0296, 0.0218, 0.7864, 0.0837], [0.0215, 0.0543, 0.0383, 0.0847, 0.0198, 0.7273, 0.0541], [0.0442, 0.0404, 0.0231, 0.1055, 0.041, 0.7159, 0.03], [0.0823, 0.0468, 0.0611, 0.0491, 0.0188, 0.6994, 0.0425], [0.043, 0.066, 0.0745, 0.0612, 0.0193, 0.7037, 0.0322], [0.0646, 0.0365, 0.0672, 0.0422, 0.0161, 0.7047, 0.0686], [0.0349, 0.0311, 0.0779, 0.028, 0.0949, 0.6851, 0.0481], [0.0736, 0.0275, 0.04, 0.0389, 0.0797, 0.7049, 0.0354], [0.0219, 0.0501, 0.0682, 0.0459, 0.0719, 0.6731, 0.0689], [0.0151, 0.0821, 0.0504, 0.0538, 0.0419, 0.6888, 0.0679], [0.0407, 0.0244, 0.0393, 0.0491, 0.0603, 0.7168, 0.0695], [0.0653, 0.0258, 0.0606, 0.0734, 0.0722, 0.6628, 0.0399], [0.0607, 0.0378, 0.0429, 0.038, 0.079, 0.6799, 0.0617], [0.0376, 0.0388, 0.0317, 0.0788, 0.0704, 0.6546, 0.0881], [0.0222, 0.0346, 0.0627, 0.0945, 0.0613, 0.6459, 0.0788], [0.0639, 0.0651, 0.0753, 0.0825, 0.0823, 0.5551, 0.0758], [0.0793, 0.0486, 0.0571, 0.0332, 0.0523, 0.7147, 0.0148], [0.0715, 0.0566, 0.0251, 0.0307, 0.0465, 0.7465, 0.0233], [0.0511, 0.0359, 0.0308, 0.0756, 0.0154, 0.778, 0.0132], [0.0721, 0.0716, 0.0179, 0.0176, 0.0648, 0.7277, 0.0284], [0.0442, 0.0291, 0.0175, 0.0573, 0.0306, 0.7634, 0.0579], [0.0552, 0.0223, 0.0456, 0.0328, 0.0749, 0.7155, 0.0537], [0.0259, 0.0449, 0.0648, 0.0669, 0.0683, 0.6919, 0.0373], [0.0942, 0.0396, 0.0191, 0.0207, 0.0449, 0.7472, 0.0344], [0.0218, 0.0302, 0.0126, 0.0581, 0.0355, 0.7742, 0.0676], [0.0185, 0.0816, 0.028, 0.0171, 0.076, 0.7524, 0.0265], [0.0324, 0.0722, 0.0466, 0.0591, 0.0641, 0.6909, 0.0347], [0.0381, 0.0126, 0.0513, 0.0601, 0.0319, 0.7742, 0.0319], [0.0849, 0.0408, 0.0456, 0.0587, 0.0134, 0.7127, 0.0438], [0.0424, 0.0255, 0.0445, 0.0415, 0.0409, 0.758, 0.0471], [0.0279, 0.0434, 0.0246, 0.0664, 0.053, 0.7696, 0.015], [0.0292, 0.0701, 0.0245, 0.0221, 0.0247, 0.753, 0.0763], [0.0298, 0.0581, 0.0729, 0.0151, 0.0866, 0.7095, 0.0279], [0.0206, 0.0803, 0.0563, 0.0426, 0.0521, 0.6718, 0.0763]], "emotions": ["purple", "purple", "purple", "purple", "purple", "purple", "purple", "purple", "purple", "purple", "purple", "purple", "purple", "purple", "purple", "purple", "purple", "purple", "purple", "purple", "purple", "purple", "purple", "purple", "purple", "purple", "purple", "purple", "purple", "purple", "purple", "purple", "purple", "purple", "purple", "purple", "purple", "purple", "purple", "purple", "purple", "purple", "purple", "purple", "purple", "purple", "purple", "purple", "purple", "purple", "purple", "purple", "purple", "purple", "purple", "purple", "purple", "purple", "purple", "purple", "purple", "purple", "purple", "purple", "purple", "purple", "purple", "purple", "purple", "purple", "purple", "purple", "purple", "purple", "purple", "purple", "purple", "purple", "purple", "purple"], "timestamps": [0, 40, 80, 120, 160, 200, 240, 280, 320, 360, 400, 440, 480, 520, 560, 600, 640, 680, 720, 760, 800, 840, 880, 920, 960, 1000, 1040, 1080, 1120, 1160, 1200, 1240, 1280, 1320, 1360, 1400, 1440, 1480, 1520, 1560, 1600, 1640, 1680, 1720, 1760, 1800, 1840, 1880, 1920, 1960, 2000, 2040, 2080, 2120, 2160, 2200, 2240, 2280, 2320, 2360, 2400, 2440, 2480, 2520, 2560, 2600, 2640, 2680, 2720, 2760, 2800, 2840, 2880, 2920, 2960, 3000, 3040, 3080, 3120, 3160]}], "conversation": [], "conversation_timestamps": []}