{"agent_id": "agent-purple-524", "type": "purple", "trips": [{"trip_id": 0, "transport_method": "bus", "start_time": 0, "path": [[1.5245823, 42.5083257], [1.5248811, 42.5084432], [1.5251955, 42.5085346], [1.52551, 42.5086259], [1.5255032, 42.5086167], [1.5251928, 42.5085124], [1.5248824, 42.5084081], [1.524572, 42.5083038], [1.5246432, 42.5080093], [1.5244765, 42.507816], [1.5241525, 42.5077733], [1.5238253, 42.5077805], [1.5234986, 42.5078032], [1.523192, 42.5077963], [1.5228662, 42.5077669], [1.52254, 42.5077385], [1.5222138, 42.5077102], [1.5219329, 42.5076874], [1.5216786, 42.5075142], [1.5213519, 42.5075165], [1.5210246, 42.5075063], [1.5206973, 42.507496], [1.5203897, 42.5073935], [1.5200637, 42.5074123], [1.5197475, 42.5073971], [1.5194662, 42.5072295], [1.5191731, 42.5070841], [1.5189292, 42.506878], [1.5186639, 42.5067145], [1.5187991, 42.5067575], [1.5186362, 42.5066239], [1.5183667, 42.5064379], [1.5180971, 42.506252], [1.517823, 42.5060756], [1.5175016, 42.5060148], [1.5172286, 42.5059316], [1.51691, 42.5058566], [1.5166145, 42.5057172], [1.516321, 42.5055721], [1.5160214, 42.5054408], [1.5157122, 42.5053332], [1.5154014, 42.5052299], [1.515195, 42.5050026], [1.5149697, 42.5047765], [1.5148944, 42.504589], [1.5148831, 42.5046577], [1.5146865, 42.5043958], [1.5144689, 42.5041527], [1.5142272, 42.5039318], [1.5139809, 42.5037161], [1.5137507, 42.503489], [1.513544, 42.5032364], [1.5133444, 42.5029822], [1.5131133, 42.5027531], [1.5128587, 42.5025477], [1.5125915, 42.5023585], [1.5123177, 42.5021789], [1.5120531, 42.5019869], [1.5117983, 42.501782], [1.5115127, 42.5016221], [1.5112352, 42.5014485], [1.510947, 42.5012929], [1.5106411, 42.5011774], [1.510326, 42.5010886], [1.5100265, 42.5009666], [1.509757, 42.5007806], [1.5094624, 42.5006379], [1.509167, 42.5004968], [1.5088726, 42.5003534], [1.5085788, 42.5002088], [1.5082814, 42.5000719], [1.5079924, 42.4999212], [1.5077151, 42.4997543], [1.5074183, 42.4996159], [1.5071215, 42.4994776], [1.5068248, 42.4993392], [1.5065287, 42.4992044], [1.5063107, 42.4994487], [1.5060928, 42.4996931], [1.5058748, 42.4999374]], "mood_vectors": [[0.0201, 0.0654, 0.0456, 0.0175, 0.0373, 0.7418, 0.0723], [0.0991, 0.0284, 0.0703, 0.0268, 0.0308, 0.6932, 0.0514], [0.0525, 0.0711, 0.0524, 0.0663, 0.0242, 0.6851, 0.0484], [0.0537, 0.0484, 0.0214, 0.0381, 0.0292, 0.7331, 0.0761], [0.0563, 0.0391, 0.0803, 0.0603, 0.0226, 0.7031, 0.0384], [0.0712, 0.036, 0.0722, 0.0373, 0.0352, 0.7185, 0.0296], [0.0583, 0.0221, 0.0779, 0.0213, 0.0628, 0.7116, 0.046], [0.0447, 0.0166, 0.0807, 0.0799, 0.0359, 0.7232, 0.019], [0.0812, 0.0819, 0.0251, 0.0239, 0.0539, 0.7161, 0.018], [0.0168, 0.0461, 0.0368, 0.0718, 0.0271, 0.7426, 0.0588], [0.0386, 0.0143, 0.0631, 0.0277, 0.0695, 0.7087, 0.0782], [0.0319, 0.0209, 0.0619, 0.0266, 0.0144, 0.8051, 0.0393], [0.0246, 0.0713, 0.0672, 0.071, 0.0351, 0.6869, 0.0438], [0.0803, 0.0837, 0.0286, 0.0399, 0.0178, 0.6713, 0.0784], [0.0265, 0.0467, 0.0381, 0.0144, 0.027, 0.7931, 0.0542], [0.0557, 0.0347, 0.0586, 0.0202, 0.0529, 0.7074, 0.0704], [0.0569, 0.0495, 0.0422, 0.0516, 0.0508, 0.7351, 0.0138], [0.0537, 0.0179, 0.0472, 0.0168, 0.0146, 0.8269, 0.0228], [0.0261, 0.0494, 0.0675, 0.0503, 0.0541, 0.6735, 0.0791], [0.0599, 0.0587, 0.0733, 0.0244, 0.0477, 0.6757, 0.0603], [0.0513, 0.0381, 0.0533, 0.0538, 0.0676, 0.6778, 0.0582], [0.0669, 0.0311, 0.053, 0.1026, 0.0706, 0.6399, 0.0359], [0.0416, 0.0744, 0.0662, 0.0314, 0.0589, 0.6809, 0.0466], [0.0437, 0.0316, 0.0752, 0.0773, 0.0854, 0.6308, 0.056], [0.0717, 0.0658, 0.0688, 0.0483, 0.0253, 0.6891, 0.0309], [0.022, 0.0735, 0.059, 0.0689, 0.049, 0.6446, 0.083], [0.0453, 0.0744, 0.0324, 0.0378, 0.0547, 0.6814, 0.0739], [0.0721, 0.034, 0.0625, 0.0659, 0.0638, 0.6835, 0.0183], [0.0678, 0.029, 0.0688, 0.0786, 0.0754, 0.627, 0.0534], [0.0446, 0.07, 0.084, 0.0145, 0.0322, 0.7244, 0.0303], [0.0578, 0.019, 0.07, 0.0123, 0.0595, 0.6998, 0.0816], [0.0402, 0.0743, 0.0337, 0.0231, 0.0492, 0.7616, 0.0179], [0.0631, 0.0487, 0.0532, 0.0411, 0.0408, 0.7194, 0.0336], [0.0328, 0.0368, 0.0553, 0.0797, 0.0172, 0.684, 0.0942], [0.0795, 0.0176, 0.0581, 0.061, 0.0663, 0.6598, 0.0577], [0.0597, 0.0813, 0.0146, 0.0312, 0.0409, 0.7064, 0.066], [0.0543, 0.0206, 0.0706, 0.0377, 0.039, 0.6973, 0.0805], [0.0959, 0.0194, 0.0429, 0.0626, 0.0625, 0.6946, 0.0221], [0.0375, 0.0662, 0.0743, 0.0678, 0.0174, 0.708, 0.0288], [0.0437, 0.04, 0.0131, 0.032, 0.0722, 0.7306, 0.0684], [0.0629, 0.05, 0.0178, 0.0382, 0.0903, 0.7048, 0.036], [0.0157, 0.0215, 0.0204, 0.0132, 0.0602, 0.7862, 0.0828], [0.012, 0.0432, 0.0693, 0.0592, 0.0666, 0.7215, 0.0283], [0.0145, 0.0391, 0.0496, 0.0554, 0.0484, 0.7041, 0.0889], [0.0451, 0.0276, 0.022, 0.0151, 0.0425, 0.7756, 0.0721], [0.0398, 0.0345, 0.0239, 0.056, 0.0607, 0.7642, 0.0209], [0.0589, 0.0456, 0.0506, 0.0665, 0.0852, 0.6154, 0.0778], [0.0707, 0.0204, 0.0566, 0.0623, 0.0272, 0.717, 0.0457], [0.0573, 0.0565, 0.0713, 0.0199, 0.0852, 0.6526, 0.0572], [0.0536, 0.0332, 0.0417, 0.0551, 0.0366, 0.7149, 0.0649], [0.0844, 0.037, 0.0657, 0.0766, 0.0439, 0.6487, 0.0437], [0.0184, 0.047, 0.0601, 0.0504, 0.0234, 0.7667, 0.034], [0.0555, 0.0345, 0.013, 0.0641, 0.0364, 0.7507, 0.0458], [0.0472, 0.0761, 0.0174, 0.0735, 0.0649, 0.6456, 0.0754], [0.0306, 0.0749, 0.0455, 0.0636, 0.0376, 0.6928, 0.055], [0.0282, 0.0276, 0.0443, 0.0454, 0.0637, 0.7294, 0.0614], [0.0371, 0.0413, 0.0609, 0.0692, 0.0272, 0.7032, 0.061], [0.0301, 0.0585, 0.0307, 0.0664, 0.0371, 0.7144, 0.0629], [0.0682, 0.0676, 0.0451, 0.067, 0.0151, 0.6858, 0.0512], [0.0803, 0.0942, 0.0304, 0.089, 0.0527, 0.6039, 0.0494], [0.0172, 0.0213, 0.0364, 0.0442, 0.0537, 0.7586, 0.0687], [0.0873, 0.0536, 0.0877, 0.0269, 0.0333, 0.6764, 0.0349], [0.0694, 0.0389, 0.0706, 0.035, 0.025, 0.7309, 0.0302], [0.0302, 0.0359, 0.0562, 0.0295, 0.0189, 0.7745, 0.0548], [0.0453, 0.0979, 0.0415, 0.0283, 0.0316, 0.6869, 0.0686], [0.0831, 0.0861, 0.0241, 0.0755, 0.0666, 0.5782, 0.0864], [0.1057, 0.0803, 0.02, 0.0554, 0.0286, 0.6626, 0.0474], [0.0124, 0.0264, 0.0308, 0.0635, 0.0332, 0.7618, 0.0717], [0.0702, 0.0442, 0.022, 0.0357, 0.0666, 0.6962, 0.0652], [0.0393, 0.0141, 0.037, 0.068, 0.0784, 0.6819, 0.0812], [0.0572, 0.0862, 0.0488, 0.0768, 0.0275, 0.6754, 0.028], [0.022, 0.0432, 0.0748, 0.0837, 0.0419, 0.6676, 0.0668], [0.0486, 0.0885, 0.0214, 0.0679, 0.0632, 0.6921, 0.0184], [0.0471, 0.0341, 0.0458, 0.0712, 0.0126, 0.7016, 0.0875], [0.0376, 0.0206, 0.0807, 0.0531, 0.0266, 0.7201, 0.0612], [0.0512, 0.0243, 0.0343, 0.0858, 0.0669, 0.7157, 0.0219], [0.0362, 0.0167, 0.0769, 0.0238, 0.0578, 0.7116, 0.077], [0.0168, 0.0355, 0.0592, 0.0827, 0.0293, 0.7444, 0.0322], [0.0667, 0.0698, 0.0324, 0.0399, 0.0996, 0.6347, 0.0569], [0.0368, 0.02, 0.0471, 0.0789, 0.0672, 0.7187, 0.0313]], "emotions": ["purple", "purple", "purple", "purple", "purple", "purple", "purple", "purple", "purple", "purple", "purple", "purple", "purple", "purple", "purple", "purple", "purple", "purple", "purple", "purple", "purple", "purple", "purple", "purple", "purple", "purple", "purple", "purple", "purple", "purple", "purple", "purple", "purple", "purple", "purple", "purple", "purple", "purple", "purple", "purple", "purple", "purple", "purple", "purple", "purple", "purple", "purple", "purple", "purple", "purple", "purple", "purple", "purple", "purple", "purple", "purple", "purple", "purple", "purple", "purple", "purple", "purple", "purple", "purple", "purple", "purple", "purple", "purple", "purple", "purple", "purple", "purple", "purple", "purple", "purple", "purple", "purple", "purple", "purple", "purple"], "timestamps": [0, 40, 80, 120, 160, 200, 240, 280, 320, 360, 400, 440, 480, 520, 560, 600, 640, 680, 720, 760, 800, 840, 880, 920, 960, 1000, 1040, 1080, 1120, 1160, 1200, 1240, 1280, 1320, 1360, 1400, 1440, 1480, 1520, 1560, 1600, 1640, 1680, 1720, 1760, 1800, 1840, 1880, 1920, 1960, 2000, 2040, 2080, 2120, 2160, 2200, 2240, 2280, 2320, 2360, 2400, 2440, 2480, 2520, 2560, 2600, 2640, 2680, 2720, 2760, 2800, 2840, 2880, 2920, 2960, 3000, 3040, 3080, 3120, 3160]}], "conversation": [], "conversation_timestamps": []}