{"agent_id": "agent-red-31", "type": "red", "trips": [{"trip_id": 0, "transport_method": "car", "start_time": 0, "path": [[1.5215769, 42.5044327], [1.5218872, 42.5045129], [1.5220673, 42.5046988], [1.5222733, 42.5048748], [1.5225881, 42.5049347], [1.5229053, 42.5049814], [1.5232075, 42.5050725], [1.5234969, 42.5051956], [1.5237875, 42.505331], [1.5240813, 42.505445], [1.5243091, 42.5056582], [1.5245013, 42.5059148], [1.5247334, 42.5061354], [1.5249863, 42.506332], [1.5252796, 42.506294], [1.525591, 42.5063243], [1.5259046, 42.5063912], [1.5262182, 42.506458], [1.5265318, 42.5065249], [1.5268453, 42.5065917], [1.5268745, 42.5066207], [1.5265542, 42.506606], [1.5262347, 42.5065836], [1.5259191, 42.5065294], [1.5256108, 42.5064427], [1.5253445, 42.5062718], [1.5256581, 42.5063389], [1.5259716, 42.506406], [1.5262852, 42.5064731], [1.5265987, 42.5065402], [1.5269122, 42.5066073], [1.5272225, 42.5066864], [1.5274964, 42.5068454], [1.5276966, 42.5070947], [1.5279564, 42.5072631], [1.5282265, 42.5074323], [1.5284864, 42.5076203], [1.5287418, 42.5078139], [1.5289846, 42.5080016], [1.5292622, 42.5081622], [1.5295007, 42.508375], [1.5295287, 42.5084496], [1.5292683, 42.5082811], [1.5294707, 42.5083169], [1.5297239, 42.5085136], [1.5299881, 42.5086933], [1.5302741, 42.5088381], [1.5305741, 42.5088806], [1.5307929, 42.5089199], [1.5310081, 42.5090896], [1.5313066, 42.5092068], [1.5316095, 42.5093109], [1.5319086, 42.5094258], [1.5322059, 42.5095459], [1.5325098, 42.5096414], [1.5328279, 42.5096816], [1.5331458, 42.5097209], [1.5334541, 42.5098079], [1.5337668, 42.5098762], [1.5340832, 42.509928], [1.5344029, 42.5099158], [1.5347233, 42.5099148], [1.5350436, 42.5099012], [1.5353635, 42.5099035], [1.5356835, 42.5099237], [1.5360036, 42.509942], [1.5363237, 42.5099603], [1.5366328, 42.5100436], [1.5369532, 42.5100346], [1.5372736, 42.5100242], [1.5375939, 42.5100349], [1.5379145, 42.5100427], [1.538235, 42.5100513], [1.5385555, 42.51006], [1.5388572, 42.5101307], [1.5391011, 42.5103173], [1.5391082, 42.5106379], [1.5393709, 42.5108075], [1.5396621, 42.5109329], [1.5399751, 42.5110026]], "mood_vectors": [[0.758, 0.0127, 0.0138, 0.0213, 0.0694, 0.0807, 0.044], [0.6711, 0.0486, 0.0705, 0.0689, 0.0739, 0.0209, 0.0462], [0.6145, 0.0671, 0.0743, 0.0219, 0.0675, 0.0773, 0.0774], [0.7218, 0.034, 0.0457, 0.0619, 0.0572, 0.0431, 0.0362], [0.736, 0.0174, 0.0685, 0.0626, 0.0268, 0.0737, 0.0152], [0.6183, 0.0786, 0.0857, 0.0456, 0.038, 0.0798, 0.054], [0.7525, 0.0253, 0.059, 0.0214, 0.0627, 0.0272, 0.0518], [0.732, 0.058, 0.0671, 0.0329, 0.0691, 0.0189, 0.022], [0.7457, 0.0458, 0.062, 0.0694, 0.0305, 0.0158, 0.0308], [0.7535, 0.0608, 0.0399, 0.0238, 0.0246, 0.0309, 0.0666], [0.6705, 0.0233, 0.0459, 0.0536, 0.0744, 0.0865, 0.0457], [0.6661, 0.0411, 0.0712, 0.0571, 0.0209, 0.0747, 0.069], [0.6638, 0.03, 0.0572, 0.087, 0.0514, 0.0687, 0.042], [0.7316, 0.0396, 0.0444, 0.0425, 0.0145, 0.0704, 0.057], [0.682, 0.0846, 0.089, 0.0581, 0.0307, 0.0172, 0.0384], [0.6544, 0.0143, 0.0791, 0.0707, 0.0919, 0.0638, 0.0258], [0.6426, 0.0188, 0.0804, 0.0573, 0.0462, 0.0839, 0.0708], [0.7369, 0.0636, 0.0407, 0.0158, 0.045, 0.0536, 0.0443], [0.6483, 0.0255, 0.0798, 0.0591, 0.0808, 0.032, 0.0744], [0.7202, 0.0436, 0.0696, 0.0621, 0.0201, 0.0607, 0.0235], [0.773, 0.0585, 0.0469, 0.0197, 0.0175, 0.0456, 0.0388], [0.7602, 0.0229, 0.0526, 0.0471, 0.0179, 0.0368, 0.0625], [0.7255, 0.0303, 0.05, 0.0517, 0.0278, 0.0377, 0.077], [0.7382, 0.0108, 0.0465, 0.0602, 0.0219, 0.0659, 0.0565], [0.6979, 0.0679, 0.0128, 0.0822, 0.0747, 0.0248, 0.0398], [0.7299, 0.055, 0.0179, 0.0223, 0.059, 0.0985, 0.0174], [0.7349, 0.0523, 0.0333, 0.0972, 0.019, 0.047, 0.0164], [0.7746, 0.0265, 0.041, 0.0442, 0.0297, 0.0315, 0.0526], [0.7123, 0.0435, 0.0523, 0.068, 0.043, 0.0292, 0.0517], [0.776, 0.0143, 0.0404, 0.0786, 0.0306, 0.0231, 0.037], [0.6926, 0.0597, 0.023, 0.0642, 0.0754, 0.0326, 0.0524], [0.7297, 0.0246, 0.0728, 0.0231, 0.0523, 0.07, 0.0275], [0.6787, 0.0649, 0.068, 0.0156, 0.0689, 0.0612, 0.0428], [0.7557, 0.0457, 0.0245, 0.0598, 0.0385, 0.0274, 0.0483], [0.7004, 0.0411, 0.0471, 0.0127, 0.0781, 0.0458, 0.0748], [0.735, 0.0349, 0.0381, 0.0683, 0.0221, 0.0469, 0.0547], [0.8008, 0.0746, 0.025, 0.0157, 0.0261, 0.0181, 0.0398], [0.623, 0.0778, 0.0624, 0.0354, 0.0562, 0.0857, 0.0596], [0.6766, 0.0996, 0.0367, 0.0301, 0.0997, 0.0365, 0.0207], [0.7275, 0.0526, 0.032, 0.0655, 0.0145, 0.0504, 0.0575], [0.6877, 0.0631, 0.0557, 0.0131, 0.067, 0.049, 0.0643], [0.6402, 0.0747, 0.0621, 0.0725, 0.0324, 0.0819, 0.0363], [0.755, 0.0481, 0.0189, 0.062, 0.0122, 0.0463, 0.0575], [0.7255, 0.0238, 0.0922, 0.0355, 0.0356, 0.0267, 0.0607], [0.6845, 0.0675, 0.0423, 0.0918, 0.0677, 0.0265, 0.0197], [0.7327, 0.0529, 0.0225, 0.0584, 0.0703, 0.0414, 0.0216], [0.752, 0.0685, 0.0316, 0.0189, 0.0269, 0.0447, 0.0574], [0.6929, 0.0303, 0.0534, 0.0758, 0.0232, 0.047, 0.0775], [0.6652, 0.084, 0.0481, 0.0239, 0.0766, 0.0598, 0.0425], [0.7246, 0.0288, 0.018, 0.0736, 0.0268, 0.0912, 0.037], [0.6724, 0.0685, 0.0866, 0.0885, 0.0399, 0.0252, 0.0189], [0.82, 0.042, 0.032, 0.0403, 0.0143, 0.0211, 0.0304], [0.7019, 0.0602, 0.0348, 0.0622, 0.0161, 0.076, 0.0487], [0.7896, 0.0293, 0.0529, 0.0201, 0.0589, 0.0287, 0.0204], [0.6288, 0.0325, 0.0795, 0.0642, 0.068, 0.07, 0.057], [0.698, 0.0888, 0.0141, 0.0761, 0.0527, 0.0169, 0.0535], [0.582, 0.0841, 0.0781, 0.0689, 0.0563, 0.086, 0.0445], [0.674, 0.0941, 0.0282, 0.0538, 0.0602, 0.0387, 0.0509], [0.6556, 0.0653, 0.0774, 0.0427, 0.0564, 0.0291, 0.0736], [0.6746, 0.067, 0.0679, 0.0499, 0.0442, 0.0262, 0.0701], [0.6233, 0.0595, 0.0682, 0.0382, 0.0786, 0.0742, 0.058], [0.6691, 0.0833, 0.0488, 0.0632, 0.0297, 0.0906, 0.0153], [0.6385, 0.074, 0.0685, 0.0662, 0.0276, 0.0866, 0.0385], [0.7217, 0.0688, 0.0381, 0.0316, 0.0163, 0.0927, 0.0306], [0.7877, 0.0211, 0.0611, 0.0283, 0.0148, 0.0149, 0.0721], [0.7256, 0.0597, 0.0143, 0.04, 0.0116, 0.0753, 0.0735], [0.7671, 0.0581, 0.0464, 0.0273, 0.05, 0.0351, 0.016], [0.6756, 0.0179, 0.0765, 0.0612, 0.034, 0.0767, 0.0582], [0.6529, 0.0749, 0.0194, 0.0834, 0.029, 0.0761, 0.0643], [0.7428, 0.0532, 0.0481, 0.0632, 0.0373, 0.0342, 0.0212], [0.7254, 0.0715, 0.0455, 0.0428, 0.021, 0.0318, 0.0621], [0.7573, 0.0153, 0.0416, 0.0532, 0.031, 0.0499, 0.0517], [0.7018, 0.0283, 0.0202, 0.0835, 0.0765, 0.0693, 0.0204], [0.6541, 0.0301, 0.0622, 0.08, 0.033, 0.0782, 0.0624], [0.6718, 0.0757, 0.0218, 0.0705, 0.0482, 0.0485, 0.0635], [0.6384, 0.0735, 0.0697, 0.0604, 0.0387, 0.0565, 0.0629], [0.561, 0.0862, 0.0744, 0.079, 0.0737, 0.0483, 0.0774], [0.7566, 0.0137, 0.0186, 0.0745, 0.0578, 0.0538, 0.0249], [0.6854, 0.0303, 0.0658, 0.0554, 0.0392, 0.0393, 0.0846], [0.7297, 0.0423, 0.0357, 0.0258, 0.0704, 0.0525, 0.0437]], "emotions": ["red", "red", "red", "red", "red", "red", "red", "red", "red", "red", "red", "red", "red", "red", "red", "red", "red", "red", "red", "red", "red", "red", "red", "red", "red", "red", "red", "red", "red", "red", "red", "red", "red", "red", "red", "red", "red", "red", "red", "red", "red", "red", "red", "red", "red", "red", "red", "red", "red", "red", "red", "red", "red", "red", "red", "red", "red", "red", "red", "red", "red", "red", "red", "red", "red", "red", "red", "red", "red", "red", "red", "red", "red", "red", "red", "red", "red", "red", "red", "red"], "timestamps": [0, 40, 80, 120, 160, 200, 240, 280, 320, 360, 400, 440, 480, 520, 560, 600, 640, 680, 720, 760, 800, 840, 880, 920, 960, 1000, 1040, 1080, 1120, 1160, 1200, 1240, 1280, 1320, 1360, 1400, 1440, 1480, 1520, 1560, 1600, 1640, 1680, 1720, 1760, 1800, 1840, 1880, 1920, 1960, 2000, 2040, 2080, 2120, 2160, 2200, 2240, 2280, 2320, 2360, 2400, 2440, 2480, 2520, 2560, 2600, 2640, 2680, 2720, 2760, 2800, 2840, 2880, 2920, 2960, 3000, 3040, 3080, 3120, 3160]}], "conversation": [], "conversation_timestamps": []}