{"agent_id": "agent-green-1522", "type": "green", "trips": [{"trip_id": 0, "transport_method": "foot", "start_time": 0, "path": [[1.5194214, 42.5067652], [1.5196804, 42.5068663], [1.5199364, 42.5069729], [1.5201601, 42.5071381], [1.5203464, 42.5073394], [1.5205501, 42.5072544], [1.5208109, 42.5071887], [1.521016, 42.507001], [1.5212405, 42.5068369], [1.5214649, 42.5066727], [1.5213996, 42.5066264], [1.5212037, 42.5068226], [1.5210128, 42.5070018], [1.5212072, 42.5068029], [1.5214016, 42.5066041], [1.521596, 42.5064053], [1.5218064, 42.5062688], [1.5220724, 42.5063498], [1.5223384, 42.5064308], [1.5226044, 42.5065118], [1.5228726, 42.5065836], [1.5231465, 42.5066319], [1.5234193, 42.5066848], [1.5236883, 42.5067553], [1.5239573, 42.5068259], [1.5242263, 42.5068964], [1.5245029, 42.5068768], [1.5247756, 42.5068752], [1.5250258, 42.5069966], [1.5252895, 42.5070716], [1.5255657, 42.5071037], [1.5258419, 42.5071358], [1.5261182, 42.5071679], [1.5263944, 42.5072], [1.5266706, 42.5072322], [1.5264406, 42.5072153], [1.5261634, 42.5071938], [1.5258875, 42.5071602], [1.5256122, 42.5071211], [1.5253368, 42.507082], [1.525231, 42.5070619], [1.5255081, 42.5070847], [1.5257853, 42.5071074], [1.5260624, 42.5071302], [1.5263395, 42.507153], [1.5266167, 42.5071757], [1.5268938, 42.5071985], [1.527171, 42.5072212], [1.5274486, 42.5072377], [1.5277254, 42.5072631], [1.5280019, 42.5072927], [1.5282455, 42.5071728], [1.5284839, 42.5070298], [1.5287224, 42.5068867], [1.5289608, 42.5067437], [1.5291825, 42.5065759], [1.529403, 42.5064065], [1.5296663, 42.5064296], [1.5299378, 42.5064898], [1.5302032, 42.5064791], [1.5304605, 42.5063737], [1.5307178, 42.5062682], [1.5309751, 42.5061627], [1.5312324, 42.5060573], [1.531494, 42.506005], [1.5317102, 42.5061444], [1.5319843, 42.5061057], [1.5322596, 42.5061444], [1.5325295, 42.5062026], [1.5327975, 42.5062725], [1.5330698, 42.5063288], [1.5333422, 42.5063851], [1.5336145, 42.5064414], [1.5338868, 42.5064977], [1.534161, 42.5065325], [1.5344211, 42.5066098], [1.5346903, 42.5066794], [1.5349614, 42.5067412], [1.535073, 42.5068709], [1.5349296, 42.5071092]], "mood_vectors": [[0.0488, 0.0279, 0.045, 0.047, 0.0642, 0.0531, 0.714], [0.0796, 0.0683, 0.042, 0.0366, 0.0528, 0.06, 0.6607], [0.0427, 0.0551, 0.0183, 0.081, 0.022, 0.0673, 0.7136], [0.0584, 0.0298, 0.0475, 0.0721, 0.0625, 0.0463, 0.6834], [0.0468, 0.0693, 0.0445, 0.0487, 0.0369, 0.0545, 0.6993], [0.036, 0.0835, 0.0475, 0.0299, 0.0818, 0.0606, 0.6607], [0.061, 0.013, 0.0133, 0.0508, 0.0304, 0.0221, 0.8093], [0.0299, 0.0465, 0.0682, 0.0436, 0.0692, 0.0199, 0.7226], [0.0821, 0.0548, 0.0387, 0.0482, 0.0493, 0.0423, 0.6845], [0.0658, 0.0776, 0.0539, 0.0238, 0.0241, 0.0835, 0.6713], [0.0588, 0.0817, 0.0301, 0.0784, 0.0652, 0.0722, 0.6138], [0.0758, 0.0353, 0.0425, 0.0704, 0.0511, 0.0173, 0.7077], [0.0434, 0.0137, 0.0731, 0.0765, 0.0798, 0.0754, 0.6381], [0.0135, 0.017, 0.02, 0.0841, 0.0347, 0.08, 0.7506], [0.0386, 0.0854, 0.0843, 0.0775, 0.0521, 0.0542, 0.6079], [0.055, 0.0768, 0.0781, 0.036, 0.0534, 0.0337, 0.667], [0.043, 0.0278, 0.0777, 0.052, 0.0822, 0.0715, 0.6458], [0.0572, 0.0393, 0.0464, 0.0132, 0.0399, 0.0455, 0.7585], [0.0226, 0.096, 0.0745, 0.0564, 0.0384, 0.0145, 0.6976], [0.0716, 0.0146, 0.0197, 0.0509, 0.0919, 0.0516, 0.6997], [0.0196, 0.0976, 0.0677, 0.0713, 0.0585, 0.0418, 0.6435], [0.0263, 0.0174, 0.0737, 0.0565, 0.0342, 0.0161, 0.7758], [0.0544, 0.0859, 0.0466, 0.0853, 0.0648, 0.0193, 0.6437], [0.0819, 0.0788, 0.0254, 0.0534, 0.0254, 0.0639, 0.6711], [0.0784, 0.0172, 0.042, 0.0409, 0.053, 0.044, 0.7245], [0.0474, 0.0379, 0.0578, 0.0787, 0.0837, 0.0172, 0.6773], [0.0233, 0.0254, 0.0485, 0.0874, 0.0516, 0.0695, 0.6943], [0.0782, 0.0336, 0.055, 0.0702, 0.0714, 0.0496, 0.6421], [0.0876, 0.0801, 0.0546, 0.03, 0.0604, 0.0604, 0.6269], [0.0201, 0.045, 0.0185, 0.045, 0.0466, 0.071, 0.7538], [0.0428, 0.0772, 0.0763, 0.0234, 0.0483, 0.0228, 0.7092], [0.0669, 0.0194, 0.08, 0.0589, 0.0709, 0.0287, 0.6753], [0.048, 0.0911, 0.073, 0.0384, 0.0396, 0.042, 0.6678], [0.0475, 0.0472, 0.0339, 0.0724, 0.0396, 0.062, 0.6974], [0.0433, 0.0406, 0.0449, 0.0558, 0.0194, 0.0721, 0.7239], [0.0762, 0.0605, 0.0662, 0.0387, 0.016, 0.0221, 0.7204], [0.0704, 0.0519, 0.0693, 0.0238, 0.0813, 0.0179, 0.6854], [0.0643, 0.0471, 0.0383, 0.0247, 0.0605, 0.0475, 0.7176], [0.0333, 0.0543, 0.0344, 0.0127, 0.0524, 0.051, 0.7618], [0.0372, 0.032, 0.0658, 0.0493, 0.0193, 0.0298, 0.7666], [0.0868, 0.0934, 0.0243, 0.0333, 0.0785, 0.0179, 0.6657], [0.0275, 0.0433, 0.07, 0.0495, 0.067, 0.0734, 0.6692], [0.0725, 0.0698, 0.0614, 0.0277, 0.039, 0.0721, 0.6575], [0.0674, 0.0679, 0.071, 0.0724, 0.0736, 0.0253, 0.6223], [0.0207, 0.0686, 0.0544, 0.0495, 0.0766, 0.0783, 0.6518], [0.0426, 0.0348, 0.0402, 0.0961, 0.0189, 0.0321, 0.7353], [0.0652, 0.0802, 0.0735, 0.0678, 0.0183, 0.062, 0.6329], [0.0499, 0.0356, 0.0345, 0.0427, 0.1065, 0.0191, 0.7118], [0.0405, 0.0283, 0.0654, 0.0709, 0.0287, 0.0548, 0.7114], [0.0705, 0.0339, 0.0305, 0.0283, 0.0294, 0.0631, 0.7443], [0.0279, 0.0228, 0.026, 0.051, 0.0188, 0.0672, 0.7863], [0.0156, 0.0524, 0.0465, 0.0594, 0.0563, 0.0299, 0.7399], [0.0626, 0.0516, 0.041, 0.031, 0.0631, 0.0595, 0.6913], [0.0429, 0.0256, 0.0741, 0.0528, 0.0545, 0.0828, 0.6673], [0.036, 0.038, 0.0312, 0.0493, 0.0895, 0.0943, 0.6618], [0.0476, 0.042, 0.0443, 0.0182, 0.0406, 0.0762, 0.7311], [0.0657, 0.0547, 0.0656, 0.0211, 0.0164, 0.0734, 0.7031], [0.0277, 0.0328, 0.0698, 0.0589, 0.0454, 0.0637, 0.7017], [0.0681, 0.0611, 0.0283, 0.0369, 0.0712, 0.0827, 0.6517], [0.0277, 0.0747, 0.0204, 0.0437, 0.0716, 0.0321, 0.7299], [0.0385, 0.0538, 0.0642, 0.0398, 0.0307, 0.0375, 0.7356], [0.0375, 0.0373, 0.0342, 0.0575, 0.0402, 0.056, 0.7374], [0.0566, 0.058, 0.0473, 0.0297, 0.0719, 0.0336, 0.7029], [0.0595, 0.0247, 0.0577, 0.031, 0.0265, 0.0429, 0.7577], [0.0236, 0.0681, 0.0554, 0.0422, 0.0247, 0.055, 0.731], [0.0426, 0.0318, 0.0691, 0.0623, 0.0335, 0.0571, 0.7036], [0.07, 0.0547, 0.0207, 0.0693, 0.0356, 0.0513, 0.6982], [0.0325, 0.0923, 0.051, 0.039, 0.0185, 0.0616, 0.7051], [0.0779, 0.0264, 0.0656, 0.087, 0.0816, 0.0411, 0.6203], [0.018, 0.0529, 0.0541, 0.0188, 0.0746, 0.0528, 0.7288], [0.0513, 0.0337, 0.0321, 0.0631, 0.0479, 0.0513, 0.7205], [0.0741, 0.0475, 0.0153, 0.0287, 0.0398, 0.0592, 0.7353], [0.0163, 0.0485, 0.0671, 0.0644, 0.0316, 0.0703, 0.7018], [0.0604, 0.0475, 0.0565, 0.0199, 0.0714, 0.0501, 0.6943], [0.0512, 0.0218, 0.044, 0.0432, 0.0441, 0.094, 0.7016], [0.0655, 0.0396, 0.0652, 0.0313, 0.0703, 0.0694, 0.6587], [0.0622, 0.0265, 0.0313, 0.0474, 0.0179, 0.0427, 0.7721], [0.0307, 0.0333, 0.0315, 0.0259, 0.0582, 0.05, 0.7705], [0.0329, 0.0693, 0.0275, 0.0853, 0.0823, 0.0574, 0.6454], [0.0241, 0.0528, 0.0472, 0.0218, 0.0791, 0.0443, 0.7307]], "emotions": ["purple", "purple", "purple", "purple", "purple", "purple", "purple", "purple", "purple", "purple", "purple", "purple", "purple", "purple", "purple", "purple", "purple", "purple", "purple", "purple", "purple", "purple", "purple", "purple", "purple", "purple", "purple", "purple", "purple", "purple", "purple", "purple", "purple", "purple", "purple", "purple", "purple", "purple", "purple", "purple", "purple", "purple", "purple", "purple", "purple", "purple", "purple", "purple", "purple", "purple", "purple", "purple", "purple", "purple", "purple", "purple", "purple", "purple", "purple", "purple", "purple", "purple", "purple", "purple", "purple", "purple", "purple", "purple", "purple", "purple", "purple", "purple", "purple", "purple", "purple", "purple", "purple", "purple", "purple", "purple"], "timestamps": [0, 40, 80, 120, 160, 200, 240, 280, 320, 360, 400, 440, 480, 520, 560, 600, 640, 680, 720, 760, 800, 840, 880, 920, 960, 1000, 1040, 1080, 1120, 1160, 1200, 1240, 1280, 1320, 1360, 1400, 1440, 1480, 1520, 1560, 1600, 1640, 1680, 1720, 1760, 1800, 1840, 1880, 1920, 1960, 2000, 2040, 2080, 2120, 2160, 2200, 2240, 2280, 2320, 2360, 2400, 2440, 2480, 2520, 2560, 2600, 2640, 2680, 2720, 2760, 2800, 2840, 2880, 2920, 2960, 3000, 3040, 3080, 3120, 3160]}], "conversation": [], "conversation_timestamps": []}