{"agent_id": "agent-red-926", "type": "red", "trips": [{"trip_id": 0, "transport_method": "bicycle", "start_time": 0, "path": [[1.5200734, 42.5470162], [1.5201272, 42.5465994], [1.5190877, 42.5465641], [1.5192467, 42.5461291], [1.520274, 42.5463067], [1.5211945, 42.5466857], [1.5216096, 42.5473071], [1.5211112, 42.5464124], [1.5202672, 42.5457973], [1.5193953, 42.5453361], [1.5184381, 42.5449646], [1.5177572, 42.5445105], [1.5179217, 42.5445578], [1.5175075, 42.5443699], [1.5171565, 42.5437732], [1.5177181, 42.5428991], [1.5183619, 42.5420766], [1.5192245, 42.5414839], [1.5200605, 42.5408783], [1.5199347, 42.5398713], [1.520044, 42.5388409], [1.5203059, 42.5378278], [1.5206651, 42.5368798], [1.5213584, 42.5361054], [1.5212719, 42.5357728], [1.5206145, 42.5351254], [1.5198612, 42.534399], [1.5195537, 42.5334974], [1.5196964, 42.5324911], [1.5196417, 42.5314762], [1.5198238, 42.5308186], [1.5195608, 42.5317971], [1.519684, 42.5308536], [1.5199239, 42.5300131], [1.5205997, 42.529256], [1.520487, 42.5282487], [1.5199507, 42.5273687], [1.5204301, 42.5264689], [1.5206079, 42.5254534], [1.520754, 42.5244287], [1.5213614, 42.5235805], [1.5218438, 42.5226699], [1.5224808, 42.5218658], [1.5232821, 42.5212074], [1.5236516, 42.5202311], [1.5238072, 42.5200154], [1.5234044, 42.520979], [1.523687, 42.5202513], [1.5240738, 42.5192788], [1.5246928, 42.5185364], [1.5255056, 42.5178908], [1.5263022, 42.5172697], [1.5272145, 42.51682], [1.5281346, 42.5163619], [1.5289472, 42.5157332], [1.5295966, 42.5149187], [1.5303791, 42.5142475], [1.5303572, 42.5132433], [1.5309212, 42.5123659], [1.5304115, 42.5116523], [1.5296248, 42.5110591], [1.5294422, 42.5102496], [1.5286854, 42.5095265], [1.5290365, 42.5098238], [1.5290216, 42.5098539], [1.5282621, 42.5091337], [1.5274007, 42.5085561], [1.5263617, 42.5084611], [1.525441, 42.508078], [1.524431, 42.5078072], [1.5233882, 42.5078109], [1.5223655, 42.5077234], [1.5214398, 42.5075193], [1.5204115, 42.5074024], [1.5194312, 42.5072086], [1.5185873, 42.5066901], [1.5182271, 42.5063417], [1.5173205, 42.5059491], [1.5163472, 42.505585], [1.5153681, 42.5052187]], "mood_vectors": [[0.7427, 0.0423, 0.0165, 0.0699, 0.0372, 0.0577, 0.0338], [0.6925, 0.0551, 0.0239, 0.0487, 0.0784, 0.039, 0.0623], [0.6544, 0.0845, 0.0846, 0.0433, 0.0323, 0.0211, 0.0797], [0.7436, 0.0232, 0.0359, 0.0701, 0.0551, 0.0169, 0.0552], [0.7945, 0.077, 0.0188, 0.0219, 0.0207, 0.0414, 0.0257], [0.7749, 0.0392, 0.0652, 0.0538, 0.026, 0.0185, 0.0225], [0.5959, 0.0705, 0.0748, 0.0764, 0.0808, 0.0843, 0.0173], [0.725, 0.0759, 0.0222, 0.0336, 0.0654, 0.0121, 0.0658], [0.7441, 0.0429, 0.0442, 0.0334, 0.0332, 0.0388, 0.0633], [0.7251, 0.0168, 0.0461, 0.0225, 0.0597, 0.0598, 0.0701], [0.6956, 0.0239, 0.0778, 0.0312, 0.0178, 0.0818, 0.0719], [0.7544, 0.0472, 0.0172, 0.0163, 0.0727, 0.0621, 0.0301], [0.6716, 0.0564, 0.0727, 0.0646, 0.0501, 0.02, 0.0647], [0.6725, 0.0817, 0.0224, 0.0839, 0.0354, 0.0447, 0.0594], [0.7327, 0.0638, 0.076, 0.0237, 0.044, 0.0286, 0.0312], [0.6831, 0.0769, 0.0359, 0.0948, 0.022, 0.0609, 0.0265], [0.6878, 0.0508, 0.0709, 0.0746, 0.0598, 0.0333, 0.0228], [0.6334, 0.0742, 0.0286, 0.0597, 0.0886, 0.0835, 0.0321], [0.7638, 0.0224, 0.0195, 0.0757, 0.018, 0.065, 0.0357], [0.7626, 0.0425, 0.0192, 0.0583, 0.0198, 0.0464, 0.0512], [0.648, 0.0416, 0.0403, 0.0315, 0.0703, 0.081, 0.0874], [0.7548, 0.0145, 0.0171, 0.0148, 0.0776, 0.0683, 0.0528], [0.711, 0.039, 0.0734, 0.0416, 0.0114, 0.0529, 0.0707], [0.683, 0.0414, 0.0581, 0.08, 0.0398, 0.0822, 0.0155], [0.6317, 0.074, 0.0555, 0.0267, 0.0933, 0.0874, 0.0314], [0.7182, 0.0745, 0.0441, 0.0167, 0.0196, 0.072, 0.0549], [0.6227, 0.0585, 0.0807, 0.0783, 0.0851, 0.0599, 0.0147], [0.6209, 0.0496, 0.0692, 0.0678, 0.0364, 0.0744, 0.0818], [0.6792, 0.0474, 0.0789, 0.0707, 0.0148, 0.0635, 0.0456], [0.6639, 0.0859, 0.0361, 0.0524, 0.0518, 0.0681, 0.0417], [0.7247, 0.0186, 0.0594, 0.0153, 0.0452, 0.0723, 0.0645], [0.6266, 0.0667, 0.0738, 0.0481, 0.0527, 0.0624, 0.0698], [0.7135, 0.0194, 0.0503, 0.0559, 0.0891, 0.0212, 0.0506], [0.6842, 0.0527, 0.0698, 0.0435, 0.0302, 0.0971, 0.0225], [0.6461, 0.0654, 0.0759, 0.0653, 0.0341, 0.0396, 0.0736], [0.741, 0.0632, 0.0298, 0.0196, 0.0582, 0.0151, 0.0731], [0.7115, 0.059, 0.0615, 0.0651, 0.0386, 0.0313, 0.033], [0.6751, 0.0342, 0.0696, 0.0757, 0.0569, 0.012, 0.0765], [0.6954, 0.0715, 0.0221, 0.0669, 0.0774, 0.0231, 0.0436], [0.6915, 0.0594, 0.0354, 0.0592, 0.0581, 0.0678, 0.0286], [0.6893, 0.0876, 0.0475, 0.0774, 0.0246, 0.045, 0.0287], [0.6914, 0.0395, 0.0468, 0.0543, 0.0888, 0.0385, 0.0407], [0.6903, 0.0698, 0.031, 0.0655, 0.0445, 0.0482, 0.0507], [0.6456, 0.0621, 0.082, 0.0637, 0.0325, 0.0314, 0.0826], [0.7371, 0.0153, 0.0136, 0.0597, 0.0847, 0.022, 0.0677], [0.715, 0.0428, 0.0179, 0.0614, 0.0806, 0.0241, 0.0582], [0.7083, 0.0731, 0.0322, 0.0716, 0.04, 0.0459, 0.0288], [0.7404, 0.0371, 0.0222, 0.0614, 0.0223, 0.0622, 0.0543], [0.6815, 0.0444, 0.0593, 0.0742, 0.045, 0.0533, 0.0422], [0.6469, 0.0571, 0.0665, 0.0612, 0.0171, 0.0774, 0.0737], [0.7003, 0.0124, 0.0705, 0.0684, 0.0599, 0.053, 0.0355], [0.6903, 0.0593, 0.046, 0.0426, 0.0567, 0.0845, 0.0206], [0.8051, 0.0315, 0.0301, 0.0157, 0.0637, 0.0221, 0.0318], [0.772, 0.0414, 0.057, 0.0149, 0.0145, 0.0225, 0.0778], [0.7081, 0.0754, 0.0379, 0.06, 0.0756, 0.0216, 0.0214], [0.7732, 0.0196, 0.0565, 0.028, 0.0677, 0.0131, 0.042], [0.7541, 0.0278, 0.0262, 0.0618, 0.0444, 0.0475, 0.0381], [0.6758, 0.0345, 0.0167, 0.0634, 0.0749, 0.0713, 0.0634], [0.6763, 0.0714, 0.0631, 0.0609, 0.0191, 0.0763, 0.0328], [0.6955, 0.0708, 0.0328, 0.018, 0.0585, 0.0649, 0.0595], [0.7358, 0.0274, 0.0347, 0.0196, 0.0478, 0.0761, 0.0587], [0.6433, 0.0444, 0.0468, 0.0792, 0.0707, 0.0807, 0.0349], [0.693, 0.0692, 0.0644, 0.017, 0.0716, 0.0357, 0.0491], [0.6943, 0.0616, 0.0377, 0.0136, 0.0539, 0.0805, 0.0584], [0.6935, 0.0628, 0.0277, 0.0289, 0.0831, 0.0489, 0.0551], [0.6932, 0.0622, 0.0623, 0.0656, 0.0152, 0.0561, 0.0455], [0.6405, 0.0452, 0.0859, 0.0795, 0.0545, 0.0597, 0.0346], [0.7069, 0.0491, 0.072, 0.0334, 0.0417, 0.0567, 0.04], [0.7232, 0.0227, 0.0764, 0.0254, 0.0968, 0.0352, 0.0203], [0.6534, 0.0667, 0.0152, 0.0702, 0.065, 0.0775, 0.0521], [0.7099, 0.0507, 0.0275, 0.0255, 0.0771, 0.0689, 0.0404], [0.7111, 0.0476, 0.0734, 0.0287, 0.0741, 0.0357, 0.0295], [0.6146, 0.0454, 0.0327, 0.0687, 0.0825, 0.0927, 0.0633], [0.7466, 0.0748, 0.0356, 0.0409, 0.036, 0.0378, 0.0283], [0.7189, 0.0777, 0.0364, 0.0874, 0.0189, 0.0355, 0.0253], [0.6175, 0.0797, 0.031, 0.0462, 0.0807, 0.0675, 0.0775], [0.6892, 0.0297, 0.0653, 0.079, 0.0854, 0.0245, 0.0269], [0.7432, 0.0757, 0.0289, 0.0227, 0.02, 0.0785, 0.031], [0.7103, 0.0199, 0.0383, 0.0413, 0.0318, 0.0864, 0.072], [0.6431, 0.081, 0.0487, 0.0401, 0.0652, 0.0543, 0.0676]], "emotions": ["red", "red", "red", "red", "red", "red", "red", "red", "red", "red", "red", "red", "red", "red", "red", "red", "red", "red", "red", "red", "red", "red", "red", "red", "red", "red", "red", "red", "red", "red", "red", "red", "red", "red", "red", "red", "red", "red", "red", "red", "red", "red", "red", "red", "red", "red", "red", "red", "red", "red", "red", "red", "red", "red", "red", "red", "red", "red", "red", "red", "red", "red", "red", "red", "red", "red", "red", "red", "red", "red", "red", "red", "red", "red", "red", "red", "red", "red", "red", "red"], "timestamps": [0, 40, 80, 120, 160, 200, 240, 280, 320, 360, 400, 440, 480, 520, 560, 600, 640, 680, 720, 760, 800, 840, 880, 920, 960, 1000, 1040, 1080, 1120, 1160, 1200, 1240, 1280, 1320, 1360, 1400, 1440, 1480, 1520, 1560, 1600, 1640, 1680, 1720, 1760, 1800, 1840, 1880, 1920, 1960, 2000, 2040, 2080, 2120, 2160, 2200, 2240, 2280, 2320, 2360, 2400, 2440, 2480, 2520, 2560, 2600, 2640, 2680, 2720, 2760, 2800, 2840, 2880, 2920, 2960, 3000, 3040, 3080, 3120, 3160]}], "conversation": [], "conversation_timestamps": []}