{
  "agent_id": "agent-type-red-28",
  "type": "red",
  "trips": [
    {
      "trip_id": 0,
      "transport_method": "car",
      "start_time": 0,
      "path": [
        [
          1.5198898,
          42.5042907
        ],
        [
          1.5198048619693791,
          42.504615831190904
        ],
        [
          1.5201000447891375,
          42.50437297850674
        ],
        [
          1.5203063347076342,
          42.50440193618834
        ],
        [
          1.5201326585651158,
          42.50430343057158
        ],
        [
          1.5206695442012772,
          42.5045354505447
        ],
        [
          1.520750936006791,
          42.504570517548586
        ],
        [
          1.5212953541327146,
          42.50478209614502
        ],
        [
          1.5218496324346449,
          42.504902628631704
        ],
        [
          1.5219180818389426,
          42.504502137050125
        ],
        [
          1.521808845939362,
          42.50447990544877
        ],
        [
          1.5223872391626276,
          42.50455980770422
        ],
        [
          1.5229677411059266,
          42.504631210709796
        ],
        [
          1.5234926327805913,
          42.50465623109232
        ],
        [
          1.5240661046824475,
          42.50477116975945
        ],
        [
          1.524645489065177,
          42.50484971636228
        ],
        [
          1.5252088893720166,
          42.504893644580676
        ],
        [
          1.525635974227846,
          42.50473786004396
        ],
        [
          1.526210840270112,
          42.50484560955094
        ],
        [
          1.526580919623744,
          42.50509749942614
        ],
        [
          1.5271607458122274,
          42.50517419697469
        ],
        [
          1.5277446494826528,
          42.50519438504874
        ],
        [
          1.5281829586580908,
          42.50538795927429
        ],
        [
          1.5280557886808814,
          42.505608340816366
        ],
        [
          1.527494620675167,
          42.505443503344395
        ],
        [
          1.5269197312845437,
          42.50533998335106
        ],
        [
          1.5263418450042188,
          42.50524982587873
        ],
        [
          1.5260470999999998,
          42.505458999999995
        ]
      ],
      "emotions": [
        "green",
        "green",
        "green",
        "green",
        "green",
        "purple",
        "purple",
        "purple",
        "purple",
        "purple",
        "red",
        "red",
        "red",
        "red",
        "red",
        "purple",
        "purple",
        "purple",
        "purple",
        "purple",
        "purple",
        "purple",
        "purple",
        "purple",
        "purple",
        "red",
        "red",
        "red"
      ],
      "mood_vectors": [
        [
          0.07007022019350069,
          0.04731050777782031,
          0.06931935513060818,
          0.1719767487339382,
          0.20927703475509524,
          0.1689306493078082,
          0.26311548410122915
        ],
        [
          0.10952649834930298,
          0.2627019843858741,
          0.17851791875287285,
          0.10852801764747631,
          0.0838934604316858,
          0.16663791343166956,
          0.09019420700111844
        ],
        [
          0.20538661147378726,
          0.025358437788951457,
          0.2599265112611894,
          0.13915782890890932,
          0.006526919621693199,
          0.25361038810571934,
          0.11003330283975003
        ],
        [
          0.1163699351870266,
          0.07632297059039324,
          0.24525268270677356,
          0.2930311950619625,
          0.08571324592415216,
          0.004789393229147188,
          0.1785205773005448
        ],
        [
          0.2323525627505976,
          0.21832584207726055,
          0.06807814071786476,
          0.07366958265953803,
          0.09957176685559796,
          0.18085442297775348,
          0.1271476819613876
        ],
        [
          0.20748189646949383,
          0.025713637139462505,
          0.10789044469449037,
          0.021323972046104017,
          0.11477258301171284,
          0.23830214232967095,
          0.2845153243090655
        ],
        [
          0.09795405314812716,
          0.10975091304158557,
          0.2438240871475434,
          0.1303618202402029,
          0.18106448646669182,
          0.034342050815398845,
          0.20270258914045025
        ],
        [
          0.09858736246093194,
          0.10204597335676757,
          0.2717599901810112,
          0.06916855781939699,
          0.10400145646697671,
          0.32933454845739424,
          0.025102111257521344
        ],
        [
          0.03201568320892428,
          0.11054441905180251,
          0.09400904207180434,
          0.29735511091209,
          0.10429271861404645,
          0.08474292430742507,
          0.27704010183390737
        ],
        [
          0.056809676612719885,
          0.04606294973914645,
          0.16060903070753663,
          0.22521225655094332,
          0.10478312077178226,
          0.26592952503596823,
          0.1405934405819032
        ],
        [
          0.045302327314351944,
          0.16717545379412746,
          0.027924985463181874,
          0.16753053886625185,
          0.2001572635799258,
          0.19798434129951034,
          0.19392508968265076
        ],
        [
          0.07234216255477109,
          0.18671109870519084,
          0.1496779481512564,
          0.14908297997491518,
          0.18708772103067994,
          0.11484418892004508,
          0.14025390066314153
        ],
        [
          0.17267987983282657,
          0.0007188433724675079,
          0.2639316863704526,
          0.1128563516311637,
          0.20684918697858057,
          0.06188532274038947,
          0.1810787290741195
        ],
        [
          0.07340099993047244,
          0.10408288133479623,
          0.07338526804115063,
          0.2172652035552881,
          0.2060831501144363,
          0.22089937210679392,
          0.10488312491706236
        ],
        [
          0.07694210723302104,
          0.18518081348162257,
          0.2643646680027243,
          0.18211569313880654,
          0.015982351496789362,
          0.14643065848783415,
          0.12898370815920193
        ],
        [
          0.14477683684059228,
          0.0034281459664761366,
          0.22824398142771832,
          0.17210129381134698,
          0.11413782970424408,
          0.246841553517745,
          0.09047035873187731
        ],
        [
          0.30581627602312544,
          0.16772484197985102,
          0.09132889471347325,
          0.18646851919992374,
          0.12184856005007205,
          0.0761339430824893,
          0.050678964951065227
        ],
        [
          0.2288470624490513,
          0.12303894064573308,
          0.030322157427631974,
          0.19582597877058247,
          0.09412444106240003,
          0.11746703466730331,
          0.2103743849772979
        ],
        [
          0.03357271442240953,
          0.07487865277073573,
          0.29483837712528993,
          0.01829588567568458,
          0.17161295431343443,
          0.2800808086616344,
          0.12672060703081153
        ],
        [
          0.012597960436331969,
          0.1924502143845,
          0.17976854255772642,
          0.11608062412466365,
          0.20389940511987306,
          0.13824828495457006,
          0.1569549684223349
        ],
        [
          0.03903825517057317,
          0.011659869597522882,
          0.2212322233578251,
          0.1517819653257756,
          0.17565205923217178,
          0.26300609997139135,
          0.13762952734474013
        ],
        [
          0.32234681426978323,
          0.2262648496450794,
          0.24180075432283774,
          0.0031869914951585714,
          0.0017451312330177733,
          0.09864306089043036,
          0.10601239814369291
        ],
        [
          0.08142488733663988,
          0.14691691496173492,
          0.16475568731302184,
          0.21677245508118778,
          0.24778273441728835,
          0.09623877081627534,
          0.0461085500738518
        ],
        [
          0.12262165399086225,
          0.20050348550884348,
          0.07222888618263174,
          0.28809322695352724,
          0.2778465957559629,
          0.038021545597096425,
          0.0006846060110759667
        ],
        [
          0.22900238298396094,
          0.10456607849440085,
          0.15163147060540136,
          0.17562834787675116,
          0.09428826141544977,
          0.06294127065177069,
          0.1819421879722652
        ],
        [
          0.057052293590502,
          0.0748404939982404,
          0.20833004276341308,
          0.21388242059232684,
          0.22077594589495148,
          0.1932931110272705,
          0.03182569213329572
        ],
        [
          0.23918495115694308,
          0.06587926455322196,
          0.26173728538366986,
          0.14703454952515488,
          0.0067899040695897405,
          0.2280039411057762,
          0.051370104205644286
        ],
        [
          0.020713557439510283,
          0.22220103920038314,
          0.08983561475809963,
          0.20530899664112728,
          0.16786514934854999,
          0.09807221263187992,
          0.19600342998044973
        ]
      ],
      "timestamps": [
        0,
        1,
        2,
        3,
        4,
        5,
        6,
        7,
        8,
        9,
        10,
        11,
        12,
        13,
        14,
        15,
        16,
        17,
        18,
        19,
        20,
        21,
        22,
        23,
        24,
        25,
        26,
        27
      ],
      "distance": 644.5
    },
    {
      "trip_id": 1,
      "transport_method": "bicycle",
      "start_time": 28,
      "path": [
        [
          1.5260470999999998,
          42.505458999999995
        ],
        [
          1.526385260107594,
          42.50525659917672
        ],
        [
          1.5270065614912944,
          42.50535352994704
        ],
        [
          1.5276210979829445,
          42.50548065478472
        ],
        [
          1.5282217459729073,
          42.50565171740069
        ],
        [
          1.527969246703667,
          42.50533700910544
        ],
        [
          1.527481123617253,
          42.50519567721775
        ],
        [
          1.5268558199065803,
          42.50513386235388
        ],
        [
          1.5264354673807388,
          42.50490833262553
        ],
        [
          1.5266267776978828,
          42.504982496277485
        ],
        [
          1.527077771428995,
          42.5051632213894
        ],
        [
          1.5276354477255802,
          42.50519651522655
        ],
        [
          1.5277601686756639,
          42.50531032805141
        ],
        [
          1.5280218364617975,
          42.505349546808645
        ],
        [
          1.5282661786945377,
          42.505670391258136
        ],
        [
          1.5288686261770001,
          42.50585058008825
        ],
        [
          1.5294251030699204,
          42.506128323997316
        ],
        [
          1.5299429810207974,
          42.50644666805144
        ],
        [
          1.5303982207734712,
          42.50624436501526
        ],
        [
          1.530429380819811,
          42.50589174285732
        ],
        [
          1.5300753255087138,
          42.50561721291172
        ],
        [
          1.5304749965221707,
          42.50591668743839
        ],
        [
          1.530357621595867,
          42.506276841640776
        ],
        [
          1.5298999678151854,
          42.506417463795415
        ],
        [
          1.5298158460774927,
          42.506403870304744
        ],
        [
          1.5297828548484096,
          42.50677997416462
        ],
        [
          1.530209689996621,
          42.50709961476086
        ],
        [
          1.5295814292998369,
          42.50707316706721
        ],
        [
          1.5300972313969472,
          42.50709488062643
        ],
        [
          1.529876268476544,
          42.50684276940925
        ],
        [
          1.5293783719906238,
          42.507080479174476
        ],
        [
          1.5289353000000003,
          42.50742249999999
        ]
      ],
      "emotions": [
        "red",
        "red",
        "green",
        "green",
        "green",
        "green",
        "green",
        "green",
        "green",
        "green",
        "green",
        "green",
        "green",
        "green",
        "green",
        "green",
        "green",
        "purple",
        "purple",
        "purple",
        "purple",
        "purple",
        "purple",
        "purple",
        "purple",
        "purple",
        "purple",
        "purple",
        "purple",
        "purple",
        "purple",
        "purple"
      ],
      "mood_vectors": [
        [
          0.2731433510007517,
          0.07148717479477713,
          0.2496339856115744,
          0.15571583314329704,
          0.08533441999930029,
          0.028986369468614846,
          0.1356988659816845
        ],
        [
          0.0485568339220676,
          0.2279292610494632,
          0.14547636478750833,
          0.2017902213374577,
          0.17654464543090803,
          0.06569126561045972,
          0.13401140786213536
        ],
        [
          0.03606855824175,
          0.11664759514254201,
          0.1605003631795048,
          0.17349846068045174,
          0.04947939626958216,
          0.23891741813076967,
          0.2248882083553996
        ],
        [
          0.15415812787334784,
          0.03954411199012247,
          0.17880034451866558,
          0.17440649859975446,
          0.19867827930325868,
          0.20772479214396056,
          0.046687845570890445
        ],
        [
          0.23895561488589068,
          0.10760898455784622,
          0.18310367890267354,
          0.05135636914093828,
          0.10802605602816015,
          0.2047193620940987,
          0.10622993439039242
        ],
        [
          0.22782572931593803,
          0.2302866666629539,
          0.19570203318356308,
          0.1584747049141231,
          0.0016679997356913708,
          0.043242261092639386,
          0.1428006050950911
        ],
        [
          0.06352340237564277,
          0.2285436713446482,
          0.11071240735121209,
          0.10605211872933874,
          0.23346115617326668,
          0.16312462088537028,
          0.09458262314052118
        ],
        [
          0.24455782318775418,
          0.20118579930846447,
          0.08473291790195046,
          0.23971150411298495,
          0.1586298103490001,
          0.025526902061028936,
          0.045655243078816854
        ],
        [
          0.2145513928017938,
          0.08648014944078566,
          0.10837727987765491,
          0.11722026320251493,
          0.12150872387668696,
          0.12340889648076689,
          0.2284532943197968
        ],
        [
          0.11213309823569172,
          0.25221198150492813,
          0.014481456138466143,
          0.21464088960862485,
          0.09756124007557129,
          0.09451061674818158,
          0.2144607176885363
        ],
        [
          0.1748511092434882,
          0.1290556399691335,
          0.148475477307804,
          0.043830276167250284,
          0.17523959170045392,
          0.2083760249820396,
          0.12017188062983053
        ],
        [
          0.035170733260574044,
          0.27704671323222424,
          0.12973989726295992,
          0.12753771563323194,
          0.23121038457868806,
          0.16696232764157146,
          0.03233222839075031
        ],
        [
          0.10158840606686972,
          0.04490421222159842,
          0.2513813633231733,
          0.25818292155479716,
          0.06358176394371515,
          0.14745777672294624,
          0.13290355616690003
        ],
        [
          0.11141207805363923,
          0.3297185424169128,
          0.0490067932675889,
          0.14522984586335108,
          0.16776774543223197,
          0.048980835709958676,
          0.14788415925631737
        ],
        [
          0.12455424739274008,
          0.016098006709874452,
          0.2237068623086411,
          0.21338117626719116,
          0.2299112633268625,
          0.1567852565079672,
          0.035563187486723484
        ],
        [
          0.20814785845053219,
          0.19635491094800422,
          0.2740632864701407,
          0.05394545348053488,
          0.08026995129335972,
          0.15967841651602607,
          0.027540122841402285
        ],
        [
          0.04631615511412563,
          0.11302429662858819,
          0.2326773656298586,
          0.19230820854213815,
          0.014174767165250606,
          0.2290161646617281,
          0.17248304225831065
        ],
        [
          0.21487196033328518,
          0.06925091856005837,
          0.2323404233535256,
          0.09290876590939239,
          0.024083807449883025,
          0.10501765469505832,
          0.26152646969879706
        ],
        [
          0.1996697642393312,
          0.009310640297915816,
          0.1717269239331401,
          0.17621146953084318,
          0.14539440007710747,
          0.1560857112629677,
          0.14160109065869464
        ],
        [
          0.24166568923026,
          0.10545879428195616,
          0.09069625792174796,
          0.05739934201421271,
          0.16312266773436856,
          0.12882842637549646,
          0.21282882244195808
        ],
        [
          0.11312397212441035,
          0.04614859420747325,
          0.269271383531227,
          0.022183427172436286,
          0.12502529287362488,
          0.10766258054635615,
          0.3165847495444722
        ],
        [
          0.03724322829459811,
          0.0030965334139101204,
          0.24590578762658163,
          0.16036826727817333,
          0.19544787562305413,
          0.1995443046323936,
          0.15839400313128907
        ],
        [
          0.12445794798176818,
          0.13489426880710081,
          0.15836207492628182,
          0.1271995808063345,
          0.22095349618986698,
          0.028471037083071134,
          0.20566159420557667
        ],
        [
          0.1742705837224426,
          0.2620128595336911,
          0.19738273598901454,
          0.1400903586541407,
          0.1093442212408167,
          0.06782763038379694,
          0.04907161047609743
        ],
        [
          0.29886239811877185,
          0.045873179785239325,
          0.026642487707176084,
          0.12557599965597713,
          0.10455045034217049,
          0.12428558487834009,
          0.2742098995123251
        ],
        [
          0.19597090714928142,
          0.11865677224673142,
          0.029804617986181847,
          0.1751140051245627,
          0.08507066302146407,
          0.20219549622445904,
          0.19318753824731943
        ],
        [
          0.20066749548625248,
          0.19325978066197558,
          0.14705489697678237,
          0.3132396068404255,
          0.024765496675168912,
          0.059256219394538394,
          0.06175650396485674
        ],
        [
          0.04940979933445648,
          0.09640597637970048,
          0.1213208936311517,
          0.1728486728589532,
          0.1691870997674435,
          0.18320570477040884,
          0.2076218532578858
        ],
        [
          0.22293761908706652,
          0.29796201325092425,
          0.006514453661141013,
          0.2738886436445172,
          0.032011531681916075,
          0.1468729296621154,
          0.019812809012319507
        ],
        [
          0.24092500017019008,
          0.20269411895886286,
          0.2101341521502013,
          0.12244905145260256,
          0.1031094363012527,
          0.07610671908917206,
          0.04458152187771844
        ],
        [
          0.15664396628984548,
          0.1355404141987931,
          0.1097109005814296,
          0.12918370955489597,
          0.014361388571107987,
          0.3754405235623153,
          0.07911909724161263
        ],
        [
          0.24131092931180603,
          0.053031210791063245,
          0.18982663729523505,
          0.22435833520574133,
          0.014136394934899465,
          0.22384567645381212,
          0.053490816007442814
        ]
      ],
      "timestamps": [
        28,
        29,
        30,
        31,
        32,
        33,
        34,
        35,
        36,
        37,
        38,
        39,
        40,
        41,
        42,
        43,
        44,
        45,
        46,
        47,
        48,
        49,
        50,
        51,
        52,
        53,
        54,
        55,
        56,
        57,
        58,
        59
      ],
      "distance": 682.6
    },
    {
      "trip_id": 2,
      "transport_method": "foot",
      "start_time": 60,
      "path": [
        [
          1.5289353000000003,
          42.50742249999999
        ],
        [
          1.5293111467832454,
          42.50713510761352
        ],
        [
          1.529209195947388,
          42.50689894011329
        ],
        [
          1.5288280989643284,
          42.5068502213739
        ],
        [
          1.5284423466229047,
          42.5068223661149
        ],
        [
          1.5280480272324293,
          42.50682054310886
        ],
        [
          1.5276719750682966,
          42.506903815550075
        ],
        [
          1.5278666306958313,
          42.50722312924422
        ],
        [
          1.5273950298212173,
          42.50718507923318
        ],
        [
          1.5269234289466032,
          42.507147029222146
        ],
        [
          1.526451828071989,
          42.50710897921111
        ],
        [
          1.5261886044414295,
          42.50690378377523
        ],
        [
          1.5261607472462169,
          42.50708546101879
        ],
        [
          1.5256896736494567,
          42.507041360511856
        ],
        [
          1.5252186347907661,
          42.5069969796368
        ],
        [
          1.5247786648754384,
          42.506878066238414
        ],
        [
          1.5244563578220707,
          42.50667747607863
        ],
        [
          1.524056653851577,
          42.50680489438255
        ],
        [
          1.5235960587919377,
          42.506696693942395
        ],
        [
          1.5231357364822948,
          42.506587339453056
        ],
        [
          1.5226754955507955,
          42.50647764226417
        ],
        [
          1.5222152546192964,
          42.50636794507528
        ],
        [
          1.521754358107956,
          42.50633463939639
        ],
        [
          1.5214574470983995,
          42.50615355062985
        ],
        [
          1.5210156460780384,
          42.50598429110499
        ],
        [
          1.520589060950079,
          42.505892641380356
        ],
        [
          1.5201281187895634,
          42.505785929089896
        ],
        [
          1.519667176629048,
          42.505679216799436
        ],
        [
          1.5192062344685324,
          42.50557250450897
        ],
        [
          1.5187453066830092,
          42.50548886969852
        ],
        [
          1.518332237369347,
          42.505621109419
        ],
        [
          1.5185396557206123,
          42.50604218081248
        ],
        [
          1.5188623532778447,
          42.506352947998735
        ],
        [
          1.5187393185658227,
          42.50630030293588
        ],
        [
          1.5184529079181157,
          42.50592431050905
        ],
        [
          1.5183551388223664,
          42.505485017992285
        ],
        [
          1.5185365081543603,
          42.50544485724351
        ],
        [
          1.5181661380089166,
          42.50537103146139
        ],
        [
          1.51789366421771,
          42.50544272475293
        ],
        [
          1.5177956,
          42.50523789999999
        ]
      ],
      "emotions": [
        "green",
        "green",
        "green",
        "green",
        "green",
        "green",
        "green",
        "green",
        "green",
        "green",
        "red",
        "red",
        "red",
        "red",
        "red",
        "purple",
        "purple",
        "purple",
        "purple",
        "purple",
        "red",
        "red",
        "red",
        "red",
        "red",
        "purple",
        "purple",
        "purple",
        "purple",
        "purple",
        "green",
        "green",
        "green",
        "green",
        "green",
        "purple",
        "purple",
        "purple",
        "purple",
        "purple"
      ],
      "mood_vectors": [
        [
          0.10503333647045314,
          0.14322165298365053,
          0.19728198910577963,
          0.05261676511212142,
          0.1620824694648894,
          0.21233517496976317,
          0.12742861189334265
        ],
        [
          0.08820476860725934,
          0.13038724370362273,
          0.214602139798793,
          0.14721753519244896,
          0.22078009016422329,
          0.17805678993016358,
          0.02075143260348905
        ],
        [
          0.11754898068814279,
          0.0756704081211389,
          0.1189526311276196,
          0.1960935816898316,
          0.1777589730683089,
          0.13474093612198468,
          0.17923448918297358
        ],
        [
          0.04048602437919082,
          0.11002478021197354,
          0.054404171560111944,
          0.2505482177090518,
          0.08919502767637658,
          0.07849917774318961,
          0.3768426007201057
        ],
        [
          0.20588659518756947,
          0.20344412174313606,
          0.25557901830333196,
          0.12435969640417383,
          3.309865738449458e-05,
          0.06866482272420528,
          0.1420326469801989
        ],
        [
          0.06094710408815156,
          0.012915855365700208,
          0.25643694203947676,
          0.20640824467797722,
          0.22965264601651972,
          0.023386114551845482,
          0.210253093260329
        ],
        [
          0.27987471235581635,
          0.04587659046442544,
          0.15030219604978798,
          0.16687202767940928,
          0.20166694408561187,
          0.08252781554362733,
          0.07287971382132173
        ],
        [
          0.16799370634195748,
          0.14757654972100323,
          0.06575418740180777,
          0.18721097501882855,
          0.17501185771729302,
          0.1350580725502895,
          0.12139465124882037
        ],
        [
          0.15026118558423315,
          0.1512496557602265,
          0.071513430794031,
          0.1706783392009026,
          0.14246888347314746,
          0.18583972462197731,
          0.127988780565482
        ],
        [
          0.13601338511616215,
          0.05258747709223906,
          0.04518961243934494,
          0.11741229373055717,
          0.02380425486809507,
          0.3303435572269364,
          0.2946494195266651
        ],
        [
          0.2031716951187092,
          0.05343253066682651,
          0.0062819874537729265,
          0.18355038616268415,
          0.15729472330133723,
          0.23511330239210965,
          0.16115537490456033
        ],
        [
          0.06514914151909795,
          0.11143199281325722,
          0.18351570605721054,
          0.16142996140564866,
          0.15593234010775722,
          0.1309034425330624,
          0.19163741556396593
        ],
        [
          0.15845306733212638,
          0.20787444911782424,
          0.16386160686921483,
          0.17253240789658922,
          0.10935414722937033,
          0.002156798327972076,
          0.18576752322690293
        ],
        [
          0.061677079469265914,
          0.16247655853378606,
          0.1530921426900793,
          0.03370502826013404,
          0.25998593029709377,
          0.0818346205221741,
          0.24722864022746677
        ],
        [
          0.01845889287941214,
          0.07469303947962935,
          0.16354258655258083,
          0.09027675363751325,
          0.1367232527126552,
          0.3043720369087109,
          0.2119334378294983
        ],
        [
          0.01822612439251149,
          0.24341039413264087,
          0.19514627553230424,
          0.2203321641358742,
          0.16231204374211897,
          0.12758210600600092,
          0.032990892058549326
        ],
        [
          0.10267783325777688,
          0.2024379850167799,
          0.0747641486260511,
          0.08702385951184581,
          0.23592672292541203,
          0.09960677596581677,
          0.1975626746963176
        ],
        [
          0.15448698619895207,
          0.2557071579565909,
          0.261017616896108,
          0.08436698728437245,
          0.06969878850827199,
          0.031449522489943336,
          0.14327294066576124
        ],
        [
          0.020233174910246406,
          0.07949950956659177,
          0.05358693480520411,
          0.2750773717575062,
          0.24666388626921545,
          0.07480598302651789,
          0.25013313966471823
        ],
        [
          0.060441662663720856,
          0.22051633118442435,
          0.22753871273505075,
          0.18546134021870697,
          0.023822523083540995,
          0.07234505979645288,
          0.2098743703181032
        ],
        [
          0.28932055498703596,
          0.04114444456135427,
          0.001488257100249267,
          0.18015872524815688,
          0.16930424412018202,
          0.023987248626601353,
          0.2945965253564202
        ],
        [
          0.12265160739585737,
          0.03060104182638325,
          0.1467703244552795,
          0.18494895355376068,
          0.21438031502239058,
          0.27163104219869894,
          0.029016715547629638
        ],
        [
          0.046093598187707696,
          0.18146080498456219,
          0.10425240591596252,
          0.11652193968565916,
          0.22365165800101672,
          0.1419707979442778,
          0.18604879528081397
        ],
        [
          0.14103254714292848,
          0.19441272626093856,
          0.056781072777534254,
          0.22164420418099082,
          0.06889844972370616,
          0.21907242013045322,
          0.09815857978344854
        ],
        [
          0.3853593680022472,
          0.05070665668601205,
          0.20246086249306408,
          0.22259342340103191,
          0.004862297713841843,
          0.06959285058030996,
          0.06442454112349306
        ],
        [
          0.10161401673010534,
          0.021047018324492742,
          0.03771907387945289,
          0.14329804284971226,
          0.3071933889536844,
          0.21225216464021407,
          0.17687629462233828
        ],
        [
          0.17204822611643028,
          0.05228973188413234,
          0.09470672160906879,
          0.15549992817907377,
          0.17748191960163287,
          0.11649644008304373,
          0.23147703252661828
        ],
        [
          0.3126101086325065,
          0.19749202126214213,
          0.02189984969299526,
          0.016303287151720317,
          0.26615509219691896,
          0.09608645500308012,
          0.08945318606063676
        ],
        [
          0.0961978586030862,
          0.01660983768979519,
          0.11431469885294869,
          0.223718782025872,
          0.12010608698985582,
          0.2741680270469343,
          0.15488470879150776
        ],
        [
          0.19895600386800025,
          0.45916345383671053,
          0.009930404796095575,
          0.07285662479273998,
          0.05395683048645942,
          0.13022838438934708,
          0.07490829783064709
        ],
        [
          0.128925873953159,
          0.12319818775376368,
          0.18397448790393267,
          0.16295673107330333,
          0.02035000488288119,
          0.19031822665183998,
          0.19027648778112016
        ],
        [
          0.02664231764902537,
          0.2632907951029185,
          0.17962568528085257,
          0.08639395608564958,
          0.2501594314935295,
          0.10742988276939971,
          0.08645793161862482
        ],
        [
          0.26037406815130215,
          0.3037441432669398,
          0.04842180812408465,
          0.12531097727131416,
          0.15486001898437765,
          0.0009304993614657274,
          0.10635848484051588
        ],
        [
          0.08999044447413825,
          0.18175061738383863,
          0.061984182684516886,
          0.2847825765754609,
          0.1104446018774044,
          0.14223382713818164,
          0.12881374986645935
        ],
        [
          0.18309812265147082,
          0.021248899668280648,
          0.16371326902976283,
          0.29315831421173894,
          0.24881398329753635,
          0.01974727603865327,
          0.07022013510255709
        ],
        [
          0.16723522480775907,
          0.22358357286201352,
          0.10959673571618585,
          0.20107286270932584,
          0.09233989148442558,
          0.03674176775120718,
          0.16942994466908304
        ],
        [
          0.02564072280321543,
          0.019220477887393447,
          0.13627538452907834,
          0.26726376070830654,
          0.17765526886500504,
          0.222926653558499,
          0.15101773164850218
        ],
        [
          0.24825204104473853,
          0.018055961947800132,
          0.06708618682196933,
          0.219948764902575,
          0.15949333106131844,
          0.16802649456240865,
          0.11913721965918997
        ],
        [
          0.21510695959907347,
          0.18076218420535256,
          0.16733198532511612,
          0.16417837887416464,
          0.040480782706609,
          0.08637050241321774,
          0.14576920687646652
        ],
        [
          0.13371118444621702,
          0.14778743926848623,
          0.15424476954598004,
          0.058881026932322555,
          0.12136359171788082,
          0.1956614345595467,
          0.18835055352956662
        ]
      ],
      "timestamps": [
        60,
        61,
        62,
        63,
        64,
        65,
        66,
        67,
        68,
        69,
        70,
        71,
        72,
        73,
        74,
        75,
        76,
        77,
        78,
        79,
        80,
        81,
        82,
        83,
        84,
        85,
        86,
        87,
        88,
        89,
        90,
        91,
        92,
        93,
        94,
        95,
        96,
        97,
        98,
        99
      ],
      "distance": 1180.3
    }
  ],
  "conversation": [
    "Oh nice, free books again.",
    "Someone's blasting jazz from their window again.",
    "Is that a sushi place... next to a Russian bakery?"
  ],
  "conversation_timestamps": [
    33,
    73,
    74
  ]
}
