{"agent_id": "agent-orange-1173", "type": "orange", "trips": [{"trip_id": 0, "transport_method": "foot", "start_time": 0, "path": [[1.5345311, 42.5563922], [1.5355448, 42.5568556], [1.5366506, 42.5570798], [1.5376072, 42.5573097], [1.5386872, 42.5574608], [1.5397749, 42.5578723], [1.5408464, 42.5580867], [1.5419702, 42.5578995], [1.5431118, 42.5577741], [1.544207, 42.5573983], [1.544515, 42.5572319], [1.5454813, 42.5574298], [1.5460906, 42.5578895], [1.5470408, 42.5582909], [1.5481975, 42.5582892], [1.5493488, 42.5583793], [1.5504785, 42.5585779], [1.551596, 42.5587813], [1.5527543, 42.5588164], [1.5538576, 42.5591637], [1.554785, 42.559035], [1.5559428, 42.558934], [1.5563357, 42.5586506], [1.5551797, 42.558524], [1.5540263, 42.5584301], [1.5545173, 42.5580989], [1.5556813, 42.5581031], [1.5568408, 42.5580202], [1.5579989, 42.5580171], [1.5591582, 42.558097], [1.5603085, 42.5580039], [1.5614646, 42.5578893], [1.5626009, 42.5576656], [1.5632573, 42.557218], [1.5621278, 42.5569919], [1.5615041, 42.5564538], [1.5624925, 42.5559855], [1.5635104, 42.5554818], [1.5643519, 42.5547864], [1.5655065, 42.5548096], [1.566612, 42.5551729], [1.5677229, 42.5555175], [1.5688662, 42.5557299], [1.5700171, 42.5558974], [1.5711626, 42.5560735], [1.5719309, 42.5556], [1.572938, 42.555221], [1.5740888, 42.5550675], [1.5751867, 42.5547578], [1.5760384, 42.554008], [1.5771163, 42.5535783], [1.5781851, 42.553116], [1.5790758, 42.5523772], [1.5795892, 42.551371], [1.5800689, 42.5503221], [1.5802534, 42.5491882], [1.5799748, 42.548111], [1.5795283, 42.5471245], [1.5789811, 42.5461915], [1.5794289, 42.5456081], [1.5785501, 42.5450134], [1.5782624, 42.544293], [1.5781023, 42.5436253], [1.5770498, 42.5431402], [1.5762267, 42.5424577], [1.5758445, 42.541935], [1.5752766, 42.5413134], [1.5746798, 42.5405828], [1.5749873, 42.5398667], [1.5756306, 42.5394981], [1.5757905, 42.5389679], [1.5763319, 42.5386623], [1.5765251, 42.538135], [1.5771775, 42.5377095], [1.5778969, 42.537629], [1.579021, 42.5378568], [1.5793558, 42.5369873], [1.5799417, 42.5360885], [1.5799215, 42.5357477], [1.578812, 42.5356393]], "mood_vectors": [[0.069, 0.0551, 0.0722, 0.044, 0.7262, 0.0171, 0.0165], [0.0698, 0.019, 0.0665, 0.0602, 0.6615, 0.0576, 0.0654], [0.0315, 0.0912, 0.0676, 0.0495, 0.6862, 0.0508, 0.0232], [0.0456, 0.0742, 0.0327, 0.0156, 0.7146, 0.0746, 0.0426], [0.033, 0.0132, 0.0217, 0.0588, 0.7224, 0.0648, 0.0862], [0.0257, 0.0437, 0.0756, 0.0749, 0.6864, 0.0363, 0.0574], [0.0303, 0.0281, 0.0841, 0.0482, 0.6596, 0.0673, 0.0825], [0.0293, 0.0834, 0.0377, 0.0217, 0.6746, 0.0808, 0.0724], [0.0694, 0.0543, 0.0632, 0.0374, 0.7161, 0.0366, 0.023], [0.0339, 0.0705, 0.0447, 0.0513, 0.6945, 0.0687, 0.0364], [0.0545, 0.0586, 0.0467, 0.0608, 0.7122, 0.0317, 0.0355], [0.0377, 0.061, 0.0203, 0.0117, 0.7761, 0.0763, 0.0168], [0.0733, 0.0496, 0.0696, 0.0594, 0.6597, 0.0285, 0.0599], [0.017, 0.0588, 0.0124, 0.0144, 0.7862, 0.0659, 0.0452], [0.0305, 0.0944, 0.0439, 0.0782, 0.6188, 0.0416, 0.0926], [0.0702, 0.0631, 0.0628, 0.0559, 0.657, 0.058, 0.0329], [0.07, 0.0233, 0.014, 0.0347, 0.704, 0.0877, 0.0663], [0.0437, 0.0606, 0.055, 0.0623, 0.7075, 0.0142, 0.0566], [0.0667, 0.0439, 0.0505, 0.0762, 0.6496, 0.076, 0.0371], [0.0484, 0.052, 0.0198, 0.0472, 0.784, 0.0202, 0.0283], [0.0388, 0.0748, 0.0173, 0.0596, 0.7103, 0.0734, 0.0258], [0.0319, 0.0278, 0.0507, 0.0517, 0.6954, 0.0961, 0.0463], [0.0145, 0.0649, 0.0292, 0.0267, 0.7569, 0.0756, 0.0322], [0.0566, 0.0805, 0.0399, 0.057, 0.6761, 0.0755, 0.0144], [0.0664, 0.0437, 0.0449, 0.0848, 0.6359, 0.0291, 0.0952], [0.023, 0.0265, 0.0678, 0.0549, 0.7435, 0.0646, 0.0198], [0.0404, 0.0578, 0.0662, 0.0555, 0.7037, 0.0307, 0.0457], [0.0337, 0.0505, 0.0253, 0.075, 0.7199, 0.0703, 0.0253], [0.0393, 0.0661, 0.032, 0.0596, 0.751, 0.0356, 0.0164], [0.0593, 0.0764, 0.0129, 0.025, 0.7238, 0.0557, 0.0469], [0.0623, 0.0347, 0.0617, 0.0538, 0.6771, 0.0501, 0.0603], [0.0435, 0.0462, 0.0505, 0.0589, 0.7438, 0.0389, 0.0182], [0.0164, 0.0123, 0.0635, 0.0746, 0.6877, 0.0694, 0.0761], [0.0747, 0.0497, 0.019, 0.0487, 0.6148, 0.0968, 0.0962], [0.0704, 0.0273, 0.0492, 0.0786, 0.7356, 0.0174, 0.0215], [0.0366, 0.0619, 0.0788, 0.0204, 0.7037, 0.0266, 0.072], [0.0194, 0.0646, 0.0242, 0.0382, 0.7293, 0.0529, 0.0713], [0.067, 0.0391, 0.0555, 0.0571, 0.6795, 0.0382, 0.0635], [0.0319, 0.0263, 0.0571, 0.0604, 0.7099, 0.0593, 0.055], [0.075, 0.0621, 0.0438, 0.0388, 0.7342, 0.0207, 0.0254], [0.0385, 0.0319, 0.0761, 0.0362, 0.7222, 0.0361, 0.0589], [0.0427, 0.0419, 0.0562, 0.0244, 0.6885, 0.0671, 0.0793], [0.0846, 0.0466, 0.0644, 0.0572, 0.6462, 0.0548, 0.0463], [0.0335, 0.0775, 0.0628, 0.0693, 0.6676, 0.0322, 0.0571], [0.024, 0.0499, 0.0723, 0.0773, 0.6937, 0.0281, 0.0547], [0.0119, 0.0416, 0.0718, 0.0697, 0.7421, 0.031, 0.0318], [0.0292, 0.0335, 0.0203, 0.0356, 0.755, 0.058, 0.0685], [0.0754, 0.0503, 0.083, 0.0372, 0.6888, 0.0418, 0.0235], [0.0886, 0.0483, 0.0685, 0.0776, 0.6247, 0.0329, 0.0593], [0.055, 0.0552, 0.0343, 0.0747, 0.6974, 0.0708, 0.0126], [0.0503, 0.0473, 0.0222, 0.0576, 0.7014, 0.0384, 0.0828], [0.0342, 0.0191, 0.045, 0.0353, 0.7526, 0.0266, 0.0872], [0.0298, 0.0608, 0.0571, 0.0748, 0.6826, 0.0776, 0.0172], [0.017, 0.0679, 0.0554, 0.0838, 0.6456, 0.0489, 0.0814], [0.0785, 0.0319, 0.0514, 0.0577, 0.7222, 0.0244, 0.034], [0.0789, 0.0197, 0.0203, 0.0687, 0.7235, 0.0751, 0.0138], [0.0279, 0.0143, 0.0125, 0.0342, 0.7605, 0.079, 0.0716], [0.0311, 0.0314, 0.0831, 0.0664, 0.6913, 0.0279, 0.0688], [0.0466, 0.0422, 0.0439, 0.0802, 0.6531, 0.0736, 0.0604], [0.0697, 0.0511, 0.0275, 0.0651, 0.7352, 0.0132, 0.0382], [0.0638, 0.0541, 0.0607, 0.0321, 0.7323, 0.0377, 0.0193], [0.0599, 0.0342, 0.0783, 0.0794, 0.6741, 0.0244, 0.0496], [0.0792, 0.0457, 0.045, 0.0362, 0.6818, 0.0778, 0.0342], [0.0266, 0.0267, 0.0634, 0.0442, 0.7306, 0.0738, 0.0347], [0.0135, 0.0789, 0.0786, 0.0334, 0.7069, 0.0195, 0.0692], [0.0369, 0.0341, 0.0446, 0.0292, 0.7296, 0.0588, 0.0667], [0.0437, 0.0617, 0.0981, 0.0407, 0.6542, 0.0603, 0.0413], [0.0159, 0.0758, 0.0281, 0.046, 0.7237, 0.0226, 0.088], [0.0495, 0.0712, 0.0573, 0.029, 0.6784, 0.0712, 0.0434], [0.0831, 0.0624, 0.0151, 0.0485, 0.743, 0.0305, 0.0176], [0.0355, 0.0718, 0.081, 0.0401, 0.6775, 0.0648, 0.0294], [0.0632, 0.0468, 0.0615, 0.012, 0.7282, 0.0338, 0.0546], [0.0159, 0.0412, 0.0421, 0.0625, 0.6891, 0.0849, 0.0643], [0.0488, 0.078, 0.0416, 0.0243, 0.716, 0.0187, 0.0726], [0.0262, 0.0483, 0.0243, 0.0598, 0.7779, 0.0495, 0.014], [0.0565, 0.0463, 0.0302, 0.0553, 0.7025, 0.0378, 0.0714], [0.0186, 0.0709, 0.0832, 0.0823, 0.6767, 0.055, 0.0133], [0.0624, 0.0313, 0.0589, 0.0298, 0.7539, 0.0206, 0.0429], [0.0274, 0.038, 0.0295, 0.074, 0.7448, 0.0373, 0.049], [0.0267, 0.1008, 0.018, 0.0485, 0.7391, 0.037, 0.0299]], "emotions": ["red", "red", "red", "red", "red", "red", "red", "red", "red", "red", "red", "red", "red", "red", "red", "red", "red", "red", "red", "red", "red", "red", "red", "red", "red", "red", "red", "red", "red", "red", "red", "red", "red", "red", "red", "red", "red", "red", "red", "red", "red", "red", "red", "red", "red", "red", "red", "red", "red", "red", "red", "red", "red", "red", "red", "red", "red", "red", "red", "red", "red", "red", "red", "red", "red", "red", "red", "red", "red", "red", "red", "red", "red", "red", "red", "red", "red", "red", "red", "red"], "timestamps": [0, 40, 80, 120, 160, 200, 240, 280, 320, 360, 400, 440, 480, 520, 560, 600, 640, 680, 720, 760, 800, 840, 880, 920, 960, 1000, 1040, 1080, 1120, 1160, 1200, 1240, 1280, 1320, 1360, 1400, 1440, 1480, 1520, 1560, 1600, 1640, 1680, 1720, 1760, 1800, 1840, 1880, 1920, 1960, 2000, 2040, 2080, 2120, 2160, 2200, 2240, 2280, 2320, 2360, 2400, 2440, 2480, 2520, 2560, 2600, 2640, 2680, 2720, 2760, 2800, 2840, 2880, 2920, 2960, 3000, 3040, 3080, 3120, 3160]}], "conversation": [], "conversation_timestamps": []}