{"agent_id": "agent-purple-1999", "type": "purple", "trips": [{"trip_id": 0, "transport_method": "foot", "start_time": 0, "path": [[1.5201816, 42.5043408], [1.5243821, 42.5049895], [1.5278723, 42.5053145], [1.531868, 42.5066594], [1.5347565, 42.5074212], [1.5389664, 42.5082214], [1.5423002, 42.5089005], [1.5457973, 42.5095416], [1.5479339, 42.5113871], [1.5505394, 42.5122181], [1.5526256, 42.5137227], [1.5538755, 42.5170482], [1.5570653, 42.5197117], [1.5593784, 42.5218605], [1.5627633, 42.5245225], [1.5667102, 42.5262068], [1.5703447, 42.5285557], [1.5735942, 42.5304484], [1.5776315, 42.5317549], [1.5792514, 42.5317483], [1.5835258, 42.5320706], [1.5870497, 42.5345445], [1.5907445, 42.5357013], [1.5949586, 42.5364168], [1.5986787, 42.5365363], [1.6029689, 42.5369726], [1.6068666, 42.5362622], [1.6111561, 42.5362946], [1.6154383, 42.5365322], [1.6191013, 42.5368597], [1.6165877, 42.5351877], [1.6208097, 42.5356365], [1.6250767, 42.5353416], [1.6248578, 42.5376109], [1.6274792, 42.5386364], [1.625854, 42.5382875], [1.6301429, 42.5389284], [1.634408, 42.539135], [1.6384615, 42.5402781], [1.6424903, 42.5415906], [1.6464304, 42.5416547], [1.6502238, 42.5422267], [1.6543322, 42.5418072], [1.6584639, 42.5405226], [1.6573079, 42.5409066], [1.6586077, 42.5404524], [1.6627075, 42.5392861], [1.6670576, 42.5392443], [1.6714077, 42.5392024], [1.6677967, 42.53917], [1.6637881, 42.5384758], [1.6619423, 42.5388797], [1.6654082, 42.5392098], [1.6697574, 42.5391104], [1.6739647, 42.5394051], [1.6762857, 42.538452], [1.6801472, 42.5404353], [1.6839525, 42.5423416], [1.6842649, 42.5464682], [1.6815431, 42.5492221], [1.6795573, 42.5516942], [1.6821463, 42.5539688], [1.6860061, 42.5552192], [1.6870059, 42.5567733], [1.6888515, 42.5573212], [1.6896168, 42.5564715], [1.6926564, 42.5533715], [1.6958703, 42.5504896], [1.6987313, 42.5472954], [1.7022938, 42.5449783], [1.7065947, 42.544395], [1.7109354, 42.5441061], [1.7152835, 42.5439809], [1.7196314, 42.5438375], [1.7239802, 42.5437646], [1.728265, 42.5444209], [1.7322135, 42.5462226], [1.7337326, 42.5465857], [1.7352287, 42.5452965], [1.7332535, 42.5428026]], "mood_vectors": [[0.0602, 0.0624, 0.065, 0.0149, 0.0561, 0.6754, 0.0661], [0.0307, 0.0621, 0.0551, 0.0694, 0.0271, 0.6935, 0.0621], [0.0521, 0.1002, 0.0205, 0.017, 0.0667, 0.7008, 0.0426], [0.0313, 0.0665, 0.0907, 0.0854, 0.0336, 0.6497, 0.0428], [0.0637, 0.0988, 0.0763, 0.026, 0.0157, 0.679, 0.0405], [0.0447, 0.0725, 0.0244, 0.0166, 0.058, 0.7255, 0.0581], [0.0272, 0.0772, 0.0425, 0.0759, 0.0599, 0.6572, 0.0601], [0.0674, 0.0131, 0.0375, 0.0487, 0.0452, 0.7539, 0.0342], [0.0295, 0.036, 0.0154, 0.0326, 0.042, 0.8259, 0.0185], [0.0455, 0.0527, 0.0261, 0.0333, 0.0132, 0.8133, 0.0159], [0.0187, 0.0272, 0.0543, 0.0268, 0.066, 0.7854, 0.0217], [0.039, 0.0603, 0.0652, 0.062, 0.0572, 0.681, 0.0353], [0.0257, 0.0217, 0.0288, 0.0509, 0.0395, 0.7751, 0.0583], [0.0476, 0.0476, 0.0386, 0.0186, 0.0582, 0.705, 0.0845], [0.0587, 0.0782, 0.048, 0.0565, 0.0534, 0.6932, 0.012], [0.052, 0.0405, 0.0525, 0.0489, 0.0545, 0.6793, 0.0722], [0.0398, 0.0147, 0.0736, 0.016, 0.0656, 0.7197, 0.0706], [0.0743, 0.0692, 0.0501, 0.0821, 0.0161, 0.6892, 0.019], [0.0379, 0.0205, 0.0404, 0.0559, 0.0504, 0.7488, 0.0461], [0.0247, 0.0739, 0.0857, 0.0218, 0.0581, 0.7073, 0.0285], [0.0268, 0.055, 0.0778, 0.0262, 0.0212, 0.7575, 0.0354], [0.0346, 0.1041, 0.0395, 0.0223, 0.0675, 0.6758, 0.0562], [0.0625, 0.042, 0.026, 0.0286, 0.0713, 0.709, 0.0607], [0.0375, 0.0255, 0.0918, 0.0699, 0.0453, 0.647, 0.083], [0.074, 0.0178, 0.0308, 0.0675, 0.0247, 0.7606, 0.0246], [0.0149, 0.0439, 0.0617, 0.0491, 0.049, 0.7225, 0.059], [0.0645, 0.058, 0.0598, 0.0515, 0.0844, 0.6671, 0.0148], [0.0431, 0.0601, 0.0553, 0.0727, 0.0518, 0.6771, 0.0399], [0.0519, 0.0625, 0.0711, 0.0497, 0.0538, 0.6558, 0.0552], [0.0601, 0.0578, 0.0633, 0.0712, 0.0557, 0.6586, 0.0334], [0.0459, 0.097, 0.0677, 0.0312, 0.0281, 0.6344, 0.0956], [0.0734, 0.0312, 0.0823, 0.0787, 0.0837, 0.6312, 0.0194], [0.0766, 0.0638, 0.0583, 0.0225, 0.0621, 0.6633, 0.0534], [0.0453, 0.017, 0.063, 0.0282, 0.0632, 0.7096, 0.0737], [0.0146, 0.0523, 0.0728, 0.0511, 0.0346, 0.7502, 0.0245], [0.052, 0.0633, 0.0848, 0.0201, 0.0397, 0.686, 0.0541], [0.0395, 0.0576, 0.0211, 0.0471, 0.0182, 0.7728, 0.0439], [0.0497, 0.0982, 0.0463, 0.0231, 0.0146, 0.7529, 0.0152], [0.0423, 0.039, 0.0242, 0.0788, 0.053, 0.7081, 0.0546], [0.0582, 0.0672, 0.0145, 0.0285, 0.0371, 0.7392, 0.0552], [0.0125, 0.0556, 0.079, 0.0566, 0.0764, 0.6676, 0.0524], [0.0872, 0.0703, 0.0162, 0.0606, 0.0268, 0.6744, 0.0645], [0.0573, 0.0258, 0.0718, 0.0762, 0.013, 0.722, 0.0339], [0.0576, 0.0501, 0.0161, 0.0672, 0.0691, 0.6845, 0.0554], [0.053, 0.0596, 0.0614, 0.0396, 0.0482, 0.6642, 0.074], [0.0503, 0.044, 0.0591, 0.0863, 0.0339, 0.6865, 0.0399], [0.0722, 0.0371, 0.0425, 0.075, 0.0503, 0.673, 0.0498], [0.0533, 0.0145, 0.016, 0.0559, 0.0831, 0.7309, 0.0464], [0.0646, 0.0853, 0.0412, 0.0424, 0.0307, 0.7147, 0.021], [0.0595, 0.0638, 0.0415, 0.0235, 0.0276, 0.7538, 0.0303], [0.0345, 0.073, 0.0366, 0.04, 0.0656, 0.6761, 0.0742], [0.0657, 0.0454, 0.0726, 0.035, 0.0315, 0.676, 0.0738], [0.0562, 0.0322, 0.0506, 0.0128, 0.0384, 0.7589, 0.051], [0.0319, 0.081, 0.065, 0.0772, 0.0688, 0.6521, 0.0241], [0.0412, 0.0486, 0.0415, 0.0295, 0.0799, 0.6581, 0.1013], [0.0315, 0.0226, 0.0889, 0.0191, 0.034, 0.7607, 0.0432], [0.0633, 0.0256, 0.0405, 0.0574, 0.0842, 0.6986, 0.0304], [0.0405, 0.0272, 0.0259, 0.0701, 0.047, 0.758, 0.0312], [0.0257, 0.058, 0.0396, 0.0623, 0.0607, 0.683, 0.0707], [0.0368, 0.041, 0.028, 0.0148, 0.0372, 0.7958, 0.0464], [0.086, 0.0417, 0.0531, 0.0437, 0.0243, 0.7048, 0.0464], [0.046, 0.0222, 0.0719, 0.0984, 0.0474, 0.645, 0.0691], [0.0132, 0.023, 0.0622, 0.042, 0.0188, 0.7775, 0.0632], [0.0597, 0.0546, 0.0505, 0.0416, 0.0182, 0.7027, 0.0727], [0.0525, 0.0526, 0.08, 0.0482, 0.0843, 0.6506, 0.0317], [0.071, 0.0283, 0.0687, 0.0339, 0.0157, 0.7205, 0.062], [0.0133, 0.0412, 0.0225, 0.064, 0.045, 0.7769, 0.0371], [0.0304, 0.0383, 0.0721, 0.0701, 0.0182, 0.7223, 0.0486], [0.0501, 0.0583, 0.0754, 0.0659, 0.0283, 0.6663, 0.0558], [0.0453, 0.0741, 0.0814, 0.0845, 0.0622, 0.6046, 0.0479], [0.0526, 0.043, 0.0614, 0.0372, 0.0849, 0.6903, 0.0306], [0.0145, 0.0777, 0.0268, 0.0562, 0.092, 0.6843, 0.0485], [0.0489, 0.0273, 0.076, 0.0416, 0.0839, 0.6304, 0.0919], [0.0153, 0.067, 0.0263, 0.0509, 0.0513, 0.7704, 0.0188], [0.0455, 0.042, 0.0711, 0.0405, 0.0633, 0.7052, 0.0325], [0.0719, 0.0321, 0.0562, 0.0689, 0.0625, 0.6796, 0.0288], [0.0345, 0.0826, 0.0698, 0.0434, 0.0528, 0.6947, 0.0222], [0.0468, 0.0707, 0.0319, 0.0456, 0.0805, 0.6592, 0.0653], [0.0443, 0.0527, 0.0451, 0.0391, 0.0655, 0.7037, 0.0496], [0.0644, 0.0636, 0.0431, 0.0308, 0.058, 0.7213, 0.0187]], "emotions": ["purple", "purple", "purple", "purple", "purple", "purple", "purple", "purple", "purple", "purple", "purple", "purple", "purple", "purple", "purple", "purple", "purple", "purple", "purple", "purple", "purple", "purple", "purple", "purple", "purple", "purple", "purple", "purple", "purple", "purple", "purple", "purple", "purple", "purple", "purple", "purple", "purple", "purple", "purple", "purple", "purple", "purple", "purple", "purple", "purple", "purple", "purple", "purple", "purple", "purple", "purple", "purple", "purple", "purple", "purple", "purple", "purple", "purple", "purple", "purple", "purple", "purple", "purple", "purple", "purple", "purple", "purple", "purple", "purple", "purple", "purple", "purple", "purple", "purple", "purple", "purple", "purple", "purple", "purple", "purple"], "timestamps": [0, 40, 80, 120, 160, 200, 240, 280, 320, 360, 400, 440, 480, 520, 560, 600, 640, 680, 720, 760, 800, 840, 880, 920, 960, 1000, 1040, 1080, 1120, 1160, 1200, 1240, 1280, 1320, 1360, 1400, 1440, 1480, 1520, 1560, 1600, 1640, 1680, 1720, 1760, 1800, 1840, 1880, 1920, 1960, 2000, 2040, 2080, 2120, 2160, 2200, 2240, 2280, 2320, 2360, 2400, 2440, 2480, 2520, 2560, 2600, 2640, 2680, 2720, 2760, 2800, 2840, 2880, 2920, 2960, 3000, 3040, 3080, 3120, 3160]}], "conversation": [], "conversation_timestamps": []}