{"agent_id": "agent-red-1421", "type": "red", "trips": [{"trip_id": 0, "transport_method": "bicycle", "start_time": 0, "path": [[1.5253027, 42.5090063], [1.5251552, 42.50897], [1.5250045, 42.5089509], [1.5248528, 42.5089574], [1.5247011, 42.5089653], [1.5245567, 42.5089292], [1.524406, 42.5089309], [1.5242563, 42.5089148], [1.5241159, 42.508859], [1.5239934, 42.5087749], [1.523854, 42.5088354], [1.523797, 42.5088158], [1.5238505, 42.5086817], [1.523717, 42.508609], [1.5235836, 42.5085363], [1.5234743, 42.5084411], [1.523343, 42.5083792], [1.5232212, 42.5082883], [1.523102, 42.5081966], [1.523147, 42.5080515], [1.523192, 42.5079063], [1.5233119, 42.5078338], [1.523308, 42.5077916], [1.523161, 42.507753], [1.523014, 42.5077145], [1.5228668, 42.5076767], [1.5227243, 42.5076301], [1.5225925, 42.5075544], [1.5225083, 42.5074478], [1.5224923, 42.5072966], [1.5224687, 42.507147], [1.5223958, 42.507016], [1.5223319, 42.5068875], [1.522258, 42.5067824], [1.5221098, 42.5067487], [1.5219616, 42.506715], [1.5218134, 42.5066814], [1.5216652, 42.5066477], [1.5216966, 42.5067029], [1.5218385, 42.5067574], [1.5219803, 42.5068119], [1.5221226, 42.5068554], [1.5222676, 42.50681], [1.5222406, 42.5067242], [1.5221309, 42.506619], [1.5220213, 42.5065138], [1.5219116, 42.5064085], [1.5218019, 42.5063033], [1.5217801, 42.5061822], [1.521846, 42.5060453], [1.5219119, 42.5059083], [1.5219778, 42.5057714], [1.5220437, 42.5056344], [1.5220645, 42.5054858], [1.5220732, 42.5053341], [1.5220818, 42.5051824], [1.5220905, 42.5050307], [1.5220964, 42.5048788], [1.5219889, 42.504849], [1.5218379, 42.5048662], [1.5216869, 42.5048835], [1.5215359, 42.5049007], [1.521604, 42.5049274], [1.5217532, 42.5049562], [1.5219028, 42.5049541], [1.522033, 42.5048757], [1.5220222, 42.5048445], [1.521871, 42.5048603], [1.5217198, 42.5048761], [1.5215687, 42.5048919], [1.5214175, 42.5049077], [1.5212664, 42.5049235], [1.5212293, 42.5050699], [1.5211895, 42.5052166], [1.5211221, 42.5053505], [1.5210206, 42.5054636], [1.5209799, 42.5056095], [1.5209415, 42.5057566], [1.5208506, 42.505855], [1.5209467, 42.5059008]], "mood_vectors": [[0.6464, 0.0621, 0.076, 0.0687, 0.0384, 0.0692, 0.0392], [0.699, 0.0589, 0.0266, 0.0639, 0.0819, 0.0549, 0.015], [0.7112, 0.0233, 0.0443, 0.0443, 0.0212, 0.0755, 0.0803], [0.7272, 0.0611, 0.0405, 0.0263, 0.069, 0.0568, 0.0191], [0.6629, 0.0265, 0.0622, 0.0596, 0.0653, 0.0599, 0.0636], [0.7339, 0.0223, 0.0326, 0.0595, 0.0156, 0.0609, 0.0752], [0.7577, 0.0454, 0.0319, 0.0713, 0.0141, 0.0491, 0.0306], [0.765, 0.0339, 0.0637, 0.0302, 0.0516, 0.0263, 0.0293], [0.5933, 0.0649, 0.0841, 0.0871, 0.0765, 0.0515, 0.0425], [0.6919, 0.0676, 0.0172, 0.0396, 0.073, 0.0583, 0.0523], [0.6768, 0.0744, 0.0397, 0.0791, 0.0376, 0.0409, 0.0514], [0.6973, 0.0653, 0.0456, 0.0663, 0.046, 0.0298, 0.0497], [0.7042, 0.0281, 0.0593, 0.0308, 0.0634, 0.0643, 0.0499], [0.6632, 0.0594, 0.0718, 0.0704, 0.0647, 0.0271, 0.0435], [0.6453, 0.0822, 0.077, 0.0332, 0.049, 0.0454, 0.0679], [0.6465, 0.0717, 0.0655, 0.0344, 0.0741, 0.0368, 0.071], [0.6512, 0.0232, 0.0798, 0.0701, 0.0187, 0.0806, 0.0765], [0.8309, 0.0139, 0.0484, 0.0162, 0.0296, 0.0225, 0.0385], [0.7176, 0.0537, 0.0302, 0.0751, 0.0387, 0.0232, 0.0615], [0.7159, 0.0539, 0.0301, 0.0753, 0.0314, 0.0693, 0.024], [0.6652, 0.056, 0.0455, 0.0682, 0.0345, 0.0569, 0.0737], [0.7186, 0.0831, 0.0737, 0.0255, 0.062, 0.0161, 0.0209], [0.7037, 0.0151, 0.0715, 0.0636, 0.0487, 0.0599, 0.0376], [0.6766, 0.0459, 0.0674, 0.0447, 0.0633, 0.0633, 0.0388], [0.6378, 0.0231, 0.0788, 0.0683, 0.083, 0.0281, 0.0809], [0.7518, 0.0636, 0.0348, 0.0556, 0.0251, 0.0214, 0.0476], [0.6922, 0.0707, 0.0346, 0.0294, 0.0302, 0.0834, 0.0596], [0.7022, 0.0626, 0.0314, 0.0654, 0.0381, 0.0705, 0.0298], [0.7195, 0.0372, 0.073, 0.0356, 0.0588, 0.0571, 0.0188], [0.6569, 0.0309, 0.071, 0.0609, 0.0444, 0.0678, 0.068], [0.7687, 0.0138, 0.0532, 0.0267, 0.039, 0.0616, 0.0369], [0.6764, 0.0607, 0.0477, 0.0811, 0.0288, 0.067, 0.0383], [0.7016, 0.0505, 0.0359, 0.0505, 0.0759, 0.0641, 0.0214], [0.7397, 0.0164, 0.0569, 0.068, 0.032, 0.0541, 0.033], [0.7226, 0.0181, 0.0818, 0.0401, 0.0568, 0.0669, 0.0136], [0.6235, 0.0662, 0.0767, 0.0558, 0.0294, 0.0706, 0.0777], [0.7441, 0.0411, 0.042, 0.0368, 0.0504, 0.0215, 0.0642], [0.7859, 0.0223, 0.0412, 0.0165, 0.0181, 0.037, 0.0789], [0.6705, 0.0766, 0.0465, 0.0858, 0.0464, 0.0419, 0.0323], [0.7876, 0.0749, 0.0146, 0.0409, 0.0284, 0.0233, 0.0304], [0.7029, 0.0569, 0.0517, 0.0739, 0.0295, 0.048, 0.0372], [0.6477, 0.0433, 0.0647, 0.0786, 0.0494, 0.0512, 0.0651], [0.6988, 0.0122, 0.0732, 0.0604, 0.0718, 0.0166, 0.067], [0.7337, 0.0381, 0.0644, 0.0259, 0.0475, 0.0375, 0.053], [0.7984, 0.0431, 0.0536, 0.0277, 0.0175, 0.0242, 0.0355], [0.6361, 0.0668, 0.0637, 0.0719, 0.0509, 0.0515, 0.059], [0.6997, 0.0684, 0.0325, 0.033, 0.0444, 0.0486, 0.0734], [0.602, 0.0487, 0.0574, 0.0388, 0.0928, 0.0765, 0.0838], [0.6019, 0.0864, 0.0373, 0.0754, 0.052, 0.0691, 0.0779], [0.6685, 0.0451, 0.0552, 0.0597, 0.0711, 0.02, 0.0803], [0.7158, 0.0297, 0.0843, 0.0197, 0.0618, 0.0674, 0.0214], [0.7655, 0.0352, 0.0535, 0.0271, 0.0561, 0.0515, 0.0112], [0.7561, 0.0672, 0.0375, 0.0487, 0.0195, 0.0582, 0.0129], [0.792, 0.0164, 0.0193, 0.0586, 0.0416, 0.0241, 0.0479], [0.7101, 0.0777, 0.0393, 0.0862, 0.0174, 0.0352, 0.0341], [0.758, 0.0188, 0.0416, 0.0431, 0.0448, 0.0501, 0.0437], [0.7256, 0.083, 0.036, 0.0521, 0.0334, 0.0491, 0.0209], [0.7352, 0.0407, 0.0303, 0.0391, 0.0825, 0.0189, 0.0533], [0.6104, 0.0881, 0.0642, 0.0466, 0.0793, 0.0908, 0.0206], [0.689, 0.0426, 0.0881, 0.0184, 0.0503, 0.0898, 0.0218], [0.6933, 0.0889, 0.0883, 0.0305, 0.0264, 0.0359, 0.0368], [0.6757, 0.0698, 0.0319, 0.0475, 0.0403, 0.0726, 0.0621], [0.7477, 0.0334, 0.0139, 0.0736, 0.0792, 0.0194, 0.0328], [0.7224, 0.0604, 0.0413, 0.0549, 0.0302, 0.0681, 0.0228], [0.6769, 0.085, 0.0852, 0.0482, 0.0192, 0.06, 0.0256], [0.5835, 0.0753, 0.0403, 0.0655, 0.0827, 0.0688, 0.0839], [0.6652, 0.0732, 0.0571, 0.0728, 0.0176, 0.0458, 0.0683], [0.6697, 0.0999, 0.083, 0.0293, 0.0461, 0.0535, 0.0185], [0.6097, 0.0787, 0.0236, 0.0538, 0.0563, 0.0869, 0.091], [0.7923, 0.0424, 0.0522, 0.0299, 0.0172, 0.0372, 0.0289], [0.6937, 0.0511, 0.0745, 0.0503, 0.0828, 0.0311, 0.0165], [0.6214, 0.0809, 0.0778, 0.0776, 0.0816, 0.0265, 0.0342], [0.7713, 0.0137, 0.0302, 0.0727, 0.0302, 0.0447, 0.0371], [0.679, 0.0161, 0.0846, 0.0468, 0.0627, 0.0642, 0.0465], [0.6937, 0.0363, 0.0789, 0.0345, 0.0439, 0.0814, 0.0313], [0.7136, 0.0163, 0.056, 0.0159, 0.0612, 0.0628, 0.0742], [0.7822, 0.0427, 0.0158, 0.0357, 0.0138, 0.071, 0.0388], [0.722, 0.0262, 0.0278, 0.0445, 0.0911, 0.0431, 0.0453], [0.7382, 0.0183, 0.0275, 0.0795, 0.0552, 0.0538, 0.0274], [0.6735, 0.0526, 0.0766, 0.0169, 0.083, 0.0386, 0.0588]], "emotions": ["red", "red", "red", "red", "red", "red", "red", "red", "red", "red", "red", "red", "red", "red", "red", "red", "red", "red", "red", "red", "red", "red", "red", "red", "red", "red", "red", "red", "red", "red", "red", "red", "red", "red", "red", "red", "red", "red", "red", "red", "red", "red", "red", "red", "red", "red", "red", "red", "red", "red", "red", "red", "red", "red", "red", "red", "red", "red", "red", "red", "red", "red", "red", "red", "red", "red", "red", "red", "red", "red", "red", "red", "red", "red", "red", "red", "red", "red", "red", "red"], "timestamps": [0, 40, 80, 120, 160, 200, 240, 280, 320, 360, 400, 440, 480, 520, 560, 600, 640, 680, 720, 760, 800, 840, 880, 920, 960, 1000, 1040, 1080, 1120, 1160, 1200, 1240, 1280, 1320, 1360, 1400, 1440, 1480, 1520, 1560, 1600, 1640, 1680, 1720, 1760, 1800, 1840, 1880, 1920, 1960, 2000, 2040, 2080, 2120, 2160, 2200, 2240, 2280, 2320, 2360, 2400, 2440, 2480, 2520, 2560, 2600, 2640, 2680, 2720, 2760, 2800, 2840, 2880, 2920, 2960, 3000, 3040, 3080, 3120, 3160]}], "conversation": [], "conversation_timestamps": []}