{"agent_id": "agent-purple-669", "type": "purple", "trips": [{"trip_id": 0, "transport_method": "car", "start_time": 0, "path": [[1.5357949, 42.5103319], [1.5359001, 42.5101952], [1.5353028, 42.5104249], [1.5349631, 42.5108247], [1.53439, 42.5105474], [1.5338142, 42.5102471], [1.5332753, 42.5104522], [1.5329081, 42.5109868], [1.5324721, 42.5114663], [1.531968, 42.5118734], [1.531406, 42.5121968], [1.5308181, 42.5124725], [1.5302289, 42.5127456], [1.5296326, 42.5130028], [1.5290357, 42.5132587], [1.5284431, 42.5135242], [1.5278504, 42.5137898], [1.5272608, 42.5140619], [1.5266778, 42.5143479], [1.5261134, 42.5146682], [1.5256071, 42.5150734], [1.5251545, 42.5155379], [1.5247719, 42.5160594], [1.5244813, 42.5166391], [1.5242535, 42.5172467], [1.5241186, 42.5178798], [1.5240267, 42.5185227], [1.5239212, 42.5191627], [1.5238384, 42.5198069], [1.5236582, 42.5204264], [1.5233873, 42.5210166], [1.522989, 42.5215198], [1.5224532, 42.5218852], [1.5219985, 42.5223422], [1.5217695, 42.5229459], [1.5214352, 42.5234971], [1.5210196, 42.5239957], [1.5206962, 42.5245567], [1.5207271, 42.5251813], [1.5207853, 42.5258165], [1.5206528, 42.5264396], [1.5205772, 42.5270625], [1.5208015, 42.5276305], [1.5210414, 42.5282178], [1.5213888, 42.5287117], [1.5217787, 42.5291877], [1.5218445, 42.529635], [1.5213748, 42.5300768], [1.5212397, 42.5306547], [1.5210851, 42.5311375], [1.5209064, 42.5317324], [1.5212209, 42.5322998], [1.5212666, 42.5328902], [1.520884, 42.5333721], [1.5208918, 42.5338773], [1.5211895, 42.5344248], [1.5217561, 42.53473], [1.5222585, 42.5351211], [1.5226304, 42.5356534], [1.5230652, 42.5361347], [1.5235117, 42.5364756], [1.52413, 42.5366475], [1.5247655, 42.5367778], [1.5250941, 42.5370517], [1.525163, 42.5375484], [1.5245353, 42.5375663], [1.5239443, 42.5377957], [1.523359, 42.5380652], [1.523122, 42.5386205], [1.5231455, 42.5392664], [1.5232197, 42.5399083], [1.5234176, 42.540497], [1.5234646, 42.540562], [1.523255, 42.5411236], [1.5228993, 42.5416593], [1.5229127, 42.5422872], [1.5229922, 42.5429219], [1.5232718, 42.5435062], [1.5235176, 42.5440997], [1.523837, 42.5446641]], "mood_vectors": [[0.0225, 0.0353, 0.0299, 0.0758, 0.0601, 0.7169, 0.0594], [0.0516, 0.0807, 0.0803, 0.0689, 0.0137, 0.6829, 0.0219], [0.0205, 0.0558, 0.0559, 0.0405, 0.0808, 0.7018, 0.0447], [0.0159, 0.0757, 0.0142, 0.042, 0.0679, 0.7457, 0.0384], [0.0291, 0.0392, 0.0551, 0.0779, 0.0171, 0.7458, 0.0358], [0.0188, 0.0269, 0.0582, 0.0464, 0.0211, 0.7516, 0.077], [0.0222, 0.0144, 0.0495, 0.0573, 0.0315, 0.7734, 0.0517], [0.0871, 0.0384, 0.0467, 0.016, 0.0961, 0.6867, 0.029], [0.0377, 0.0564, 0.0256, 0.0491, 0.0708, 0.6929, 0.0676], [0.0532, 0.0628, 0.0181, 0.0554, 0.0404, 0.707, 0.0632], [0.0177, 0.0786, 0.0469, 0.0677, 0.014, 0.7508, 0.0243], [0.0917, 0.0662, 0.0384, 0.043, 0.0866, 0.6566, 0.0176], [0.0591, 0.0587, 0.0192, 0.0167, 0.0347, 0.743, 0.0686], [0.0606, 0.0129, 0.0651, 0.0528, 0.0779, 0.7115, 0.0192], [0.0256, 0.0181, 0.0736, 0.0278, 0.0148, 0.7906, 0.0493], [0.0698, 0.0408, 0.0595, 0.0615, 0.0319, 0.6614, 0.0751], [0.0932, 0.0306, 0.0885, 0.0386, 0.017, 0.6996, 0.0325], [0.062, 0.0702, 0.0394, 0.0282, 0.0779, 0.703, 0.0193], [0.0717, 0.0713, 0.0575, 0.0769, 0.0422, 0.6593, 0.0211], [0.0461, 0.0519, 0.063, 0.058, 0.0561, 0.644, 0.0809], [0.0562, 0.0716, 0.0455, 0.0363, 0.0253, 0.7053, 0.0598], [0.0738, 0.0607, 0.053, 0.0405, 0.0913, 0.6274, 0.0533], [0.0399, 0.0326, 0.0708, 0.0189, 0.019, 0.7596, 0.0592], [0.0848, 0.0221, 0.0694, 0.0929, 0.0307, 0.6662, 0.034], [0.0624, 0.0299, 0.0435, 0.0455, 0.0259, 0.7233, 0.0695], [0.0439, 0.0348, 0.0564, 0.0943, 0.0883, 0.6278, 0.0546], [0.0602, 0.0154, 0.0175, 0.0355, 0.078, 0.7036, 0.0898], [0.0246, 0.0749, 0.053, 0.0522, 0.0274, 0.7524, 0.0155], [0.0522, 0.0589, 0.0133, 0.0221, 0.0429, 0.7781, 0.0325], [0.0557, 0.0492, 0.0133, 0.0371, 0.0815, 0.7358, 0.0274], [0.0208, 0.0346, 0.0383, 0.055, 0.0514, 0.7355, 0.0643], [0.0471, 0.0237, 0.0366, 0.0357, 0.0421, 0.7562, 0.0586], [0.0382, 0.0441, 0.0555, 0.0162, 0.0527, 0.7303, 0.063], [0.0653, 0.0498, 0.0244, 0.0664, 0.0579, 0.6766, 0.0595], [0.0275, 0.0275, 0.0603, 0.1024, 0.033, 0.6943, 0.055], [0.0236, 0.0798, 0.0972, 0.0324, 0.0416, 0.692, 0.0334], [0.0545, 0.0459, 0.0388, 0.0131, 0.0178, 0.7651, 0.0648], [0.0339, 0.0181, 0.0762, 0.0877, 0.0452, 0.6645, 0.0744], [0.0638, 0.0231, 0.0435, 0.0734, 0.0703, 0.6686, 0.0573], [0.0138, 0.0366, 0.0709, 0.0477, 0.0693, 0.7271, 0.0346], [0.0224, 0.0623, 0.0563, 0.0397, 0.0719, 0.6983, 0.0492], [0.0314, 0.0749, 0.0427, 0.0297, 0.021, 0.7368, 0.0635], [0.0537, 0.0698, 0.0123, 0.0779, 0.0405, 0.6926, 0.0532], [0.077, 0.0717, 0.0276, 0.0658, 0.0179, 0.708, 0.032], [0.0689, 0.0405, 0.0686, 0.0584, 0.0263, 0.6919, 0.0454], [0.0202, 0.0348, 0.063, 0.0574, 0.0443, 0.7171, 0.0631], [0.03, 0.0844, 0.0601, 0.0547, 0.0429, 0.6714, 0.0566], [0.0646, 0.027, 0.0975, 0.0239, 0.0333, 0.6792, 0.0745], [0.0636, 0.0732, 0.0623, 0.0298, 0.0544, 0.6828, 0.0339], [0.0421, 0.0396, 0.0967, 0.0213, 0.0429, 0.6827, 0.0746], [0.0605, 0.0196, 0.0383, 0.0116, 0.0666, 0.7507, 0.0528], [0.0892, 0.0815, 0.0558, 0.0211, 0.0146, 0.7136, 0.0242], [0.043, 0.0176, 0.0156, 0.0384, 0.0871, 0.7671, 0.0312], [0.0553, 0.0473, 0.0721, 0.0513, 0.0401, 0.7077, 0.0261], [0.0453, 0.0526, 0.0439, 0.0726, 0.0538, 0.7113, 0.0205], [0.0366, 0.062, 0.0669, 0.0356, 0.033, 0.7421, 0.0238], [0.0139, 0.0194, 0.088, 0.0324, 0.0574, 0.7331, 0.0558], [0.0222, 0.0847, 0.0648, 0.0345, 0.0798, 0.6397, 0.0742], [0.025, 0.0278, 0.05, 0.0168, 0.0562, 0.7759, 0.0484], [0.0426, 0.03, 0.0897, 0.0491, 0.0548, 0.6519, 0.082], [0.0327, 0.0879, 0.0297, 0.0261, 0.0283, 0.7197, 0.0755], [0.0478, 0.0559, 0.0741, 0.0528, 0.0615, 0.6253, 0.0826], [0.0601, 0.0547, 0.0794, 0.0605, 0.0254, 0.6323, 0.0875], [0.0467, 0.0528, 0.0598, 0.0223, 0.0549, 0.7416, 0.0219], [0.0379, 0.032, 0.0796, 0.0259, 0.0607, 0.7202, 0.0437], [0.0699, 0.0137, 0.0587, 0.0208, 0.0222, 0.7836, 0.0312], [0.0706, 0.0308, 0.053, 0.0493, 0.0533, 0.731, 0.0119], [0.0831, 0.0592, 0.015, 0.0754, 0.0146, 0.7029, 0.0497], [0.0255, 0.0502, 0.0541, 0.0767, 0.0425, 0.6962, 0.0548], [0.0838, 0.021, 0.0636, 0.0438, 0.0423, 0.7049, 0.0407], [0.0142, 0.0748, 0.0423, 0.0154, 0.0652, 0.7501, 0.038], [0.0385, 0.0274, 0.0401, 0.0856, 0.0569, 0.6957, 0.0557], [0.0481, 0.0486, 0.0193, 0.0497, 0.0207, 0.7795, 0.0341], [0.0802, 0.0217, 0.0152, 0.0811, 0.0302, 0.7499, 0.0217], [0.0471, 0.0406, 0.0196, 0.0521, 0.0487, 0.7346, 0.0572], [0.0709, 0.0164, 0.0311, 0.0707, 0.0315, 0.7354, 0.0441], [0.0698, 0.0618, 0.0456, 0.0214, 0.0211, 0.7226, 0.0575], [0.016, 0.0273, 0.0726, 0.0796, 0.0185, 0.7065, 0.0795], [0.0848, 0.0401, 0.0257, 0.0486, 0.0231, 0.7211, 0.0565], [0.0696, 0.0703, 0.0481, 0.0933, 0.0539, 0.6058, 0.059]], "emotions": ["purple", "purple", "purple", "purple", "purple", "purple", "purple", "purple", "purple", "purple", "purple", "purple", "purple", "purple", "purple", "purple", "purple", "purple", "purple", "purple", "purple", "purple", "purple", "purple", "purple", "purple", "purple", "purple", "purple", "purple", "purple", "purple", "purple", "purple", "purple", "purple", "purple", "purple", "purple", "purple", "purple", "purple", "purple", "purple", "purple", "purple", "purple", "purple", "purple", "purple", "purple", "purple", "purple", "purple", "purple", "purple", "purple", "purple", "purple", "purple", "purple", "purple", "purple", "purple", "purple", "purple", "purple", "purple", "purple", "purple", "purple", "purple", "purple", "purple", "purple", "purple", "purple", "purple", "purple", "purple"], "timestamps": [0, 40, 80, 120, 160, 200, 240, 280, 320, 360, 400, 440, 480, 520, 560, 600, 640, 680, 720, 760, 800, 840, 880, 920, 960, 1000, 1040, 1080, 1120, 1160, 1200, 1240, 1280, 1320, 1360, 1400, 1440, 1480, 1520, 1560, 1600, 1640, 1680, 1720, 1760, 1800, 1840, 1880, 1920, 1960, 2000, 2040, 2080, 2120, 2160, 2200, 2240, 2280, 2320, 2360, 2400, 2440, 2480, 2520, 2560, 2600, 2640, 2680, 2720, 2760, 2800, 2840, 2880, 2920, 2960, 3000, 3040, 3080, 3120, 3160]}], "conversation": [], "conversation_timestamps": []}