{
  "agent_id": "agent-type-orange-10",
  "type": "orange",
  "trips": [
    {
      "trip_id": 0,
      "transport_method": "car",
      "start_time": 0,
      "path": [
        [
          1.5257548999999997,
          42.508762299999994
        ],
        [
          1.5251097590667815,
          42.50846051347796
        ],
        [
          1.524634834997652,
          42.50814137248069
        ],
        [
          1.5242498641824584,
          42.507825461425526
        ],
        [
          1.523515096847781,
          42.50779065431145
        ],
        [
          1.523058060267871,
          42.508199244598856
        ],
        [
          1.523649318507305,
          42.50859568418775
        ],
        [
          1.5243442885476433,
          42.508819149105015
        ],
        [
          1.5250667265931368,
          42.508960221007335
        ],
        [
          1.52550483078665,
          42.50927344172601
        ],
        [
          1.5256926032349836,
          42.50910035886081
        ],
        [
          1.526408159624621,
          42.50927297712302
        ],
        [
          1.5270532839857418,
          42.50942860461477
        ],
        [
          1.526337727596104,
          42.509255986352564
        ],
        [
          1.5256221712064664,
          42.50908336809035
        ],
        [
          1.5255485474868447,
          42.5093312189451
        ],
        [
          1.5262705517324144,
          42.50946333561484
        ],
        [
          1.52699556139889,
          42.509590532292144
        ],
        [
          1.5277052726949905,
          42.50977102042303
        ],
        [
          1.5283873539229138,
          42.510047757138544
        ],
        [
          1.5290694351508374,
          42.51032449385406
        ],
        [
          1.5294737011682062,
          42.51031877399211
        ],
        [
          1.5289630405269448,
          42.50979123593718
        ],
        [
          1.528433276328546,
          42.50928019004365
        ],
        [
          1.528585260861832,
          42.50884826237644
        ],
        [
          1.5292593424152854,
          42.509010338449535
        ],
        [
          1.5292356631806738,
          42.50896949702183
        ],
        [
          1.5292177285298614,
          42.508989862408264
        ],
        [
          1.5295183429789354,
          42.50865722126416
        ],
        [
          1.52931854847477,
          42.50832361161733
        ],
        [
          1.5295565000000002,
          42.507915899999986
        ]
      ],
      "emotions": [
        "red",
        "red",
        "red",
        "red",
        "red",
        "purple",
        "purple",
        "purple",
        "purple",
        "purple",
        "green",
        "green",
        "green",
        "green",
        "green",
        "green",
        "green",
        "green",
        "green",
        "green",
        "green",
        "green",
        "green",
        "green",
        "green",
        "purple",
        "purple",
        "purple",
        "purple",
        "purple",
        "green"
      ],
      "mood_vectors": [
        [
          0.08735380320909787,
          0.20864057265806144,
          0.18444903951202718,
          0.12864576294725766,
          0.10986679759523019,
          0.2237720680129435,
          0.057271956065382074
        ],
        [
          0.045833359228187424,
          0.16454010087366447,
          0.40497432578939296,
          0.19660658768947412,
          0.0992785990033828,
          0.08872758474001861,
          3.9442675879580086e-05
        ],
        [
          0.0522522865521126,
          0.23870065612518096,
          0.13799634628810095,
          0.08744137342806685,
          0.12268721471063795,
          0.17150296012698246,
          0.18941916276891826
        ],
        [
          0.18045446142971094,
          0.13735030632501058,
          0.12916305131389552,
          0.028152162637569277,
          0.1488282975110533,
          0.21617024749659913,
          0.1598814732861612
        ],
        [
          0.05848387493199454,
          0.22666521504399922,
          0.07453163976771872,
          0.18445075581425843,
          0.06110356349156982,
          0.21655900230548092,
          0.17820594864497838
        ],
        [
          0.03904264168633394,
          0.2951329599726437,
          0.12481645604462138,
          0.23905515505958444,
          0.14377704881683348,
          0.1533722210641942,
          0.00480351735578881
        ],
        [
          0.2125250415404406,
          0.24762426506694815,
          0.038186092397857516,
          0.24068343613072032,
          0.016445519852650553,
          0.07765297371823572,
          0.16688267129314716
        ],
        [
          0.21988334253634823,
          0.09446654621285465,
          0.05831914407787804,
          0.1753192256385441,
          0.14524809189800544,
          0.13173948894039272,
          0.17502416069597682
        ],
        [
          0.20035293957754968,
          0.14783803062655498,
          0.049884706935467045,
          0.04001721604253622,
          0.23322265055526858,
          0.13236246845009844,
          0.19632198781252505
        ],
        [
          0.2592286559869885,
          0.28184297456698465,
          0.20019628641317053,
          0.07540304648589942,
          0.09379082476423517,
          0.04648607030539696,
          0.04305214147732472
        ],
        [
          0.13163842661333042,
          0.0011737948158892172,
          0.11540798813363762,
          0.36390150247132763,
          0.07167141276246129,
          0.03081724397791523,
          0.2853896312254386
        ],
        [
          0.11383753635482455,
          0.11578785205517528,
          0.1867788438927291,
          0.13035448921452647,
          0.10715629355146523,
          0.17102247216740712,
          0.1750625127638722
        ],
        [
          0.16506055015332374,
          0.07582910253439373,
          0.044653021960962005,
          0.25303860725785543,
          0.21814238705334213,
          0.025728406899747158,
          0.21754792414037571
        ],
        [
          0.15617984669986426,
          0.10412290392886157,
          0.06075007076469522,
          0.22605381098846256,
          0.1432918742508283,
          0.20466111864273123,
          0.10494037472455682
        ],
        [
          0.12489991797204346,
          0.1408644542781601,
          0.06148798488989028,
          0.32352110087971603,
          0.020426362431656565,
          0.3239144203622309,
          0.004885759186302661
        ],
        [
          0.14459592099235066,
          0.09341093996838326,
          0.1850778227817002,
          0.10722521350621723,
          0.18334253124925215,
          0.1484216338656396,
          0.1379259376364568
        ],
        [
          0.17288915101316965,
          0.04356691129788287,
          0.08238437464875416,
          0.38318846206566365,
          0.13636079778455926,
          8.470043861489214e-05,
          0.18152560275135549
        ],
        [
          0.306074093634273,
          0.023058484188864588,
          0.23846602923468432,
          0.15538711055166704,
          0.05065132081222803,
          0.02077211710286291,
          0.20559084447542011
        ],
        [
          0.1813056424099163,
          0.18041609590859586,
          0.0619799552066555,
          0.12455947999508458,
          0.10081795393378663,
          0.1941939850934588,
          0.1567268874525023
        ],
        [
          0.09296094203835097,
          0.1805095635223691,
          0.3605311826721343,
          0.028918905091657968,
          0.13312236871098115,
          0.18108657985031953,
          0.02287045811418699
        ],
        [
          0.1660215552902109,
          0.023881887872123534,
          0.21078342502451827,
          0.07768135738346256,
          0.11591527974747606,
          0.20475881374608218,
          0.2009576809361265
        ],
        [
          0.06404262736886934,
          0.14242834595844178,
          0.22202691873309627,
          0.2012418292564946,
          0.03754636117983934,
          0.22434459885786043,
          0.10836931864539827
        ],
        [
          0.046114330002584865,
          0.09197582052470238,
          0.23220772342413537,
          0.22295585713736232,
          0.011168290007619135,
          0.13123673215505258,
          0.2643412467485434
        ],
        [
          0.09139731457499235,
          0.2557908490665143,
          0.019639112185059593,
          0.06695200992173317,
          0.2832715445949171,
          0.06664404197882567,
          0.21630512767795784
        ],
        [
          0.20015402969579804,
          0.21584202929763188,
          0.22704453343956582,
          0.1998157500027404,
          0.05929323111157338,
          0.031244359464143865,
          0.06660606698854657
        ],
        [
          0.014378724232777949,
          0.12130317049850571,
          0.17886727673428796,
          0.20259735151891364,
          0.18320739566404248,
          0.13451630285601512,
          0.16512977849545718
        ],
        [
          0.0549849356436381,
          0.09100936045558945,
          0.2262291994433477,
          0.19051514031871133,
          0.09742505766078167,
          0.15168223851927315,
          0.18815406795865852
        ],
        [
          0.1591301804556135,
          0.026960720034999986,
          0.06661427661647622,
          0.20453581682977243,
          0.2032229564386479,
          0.2146587505740141,
          0.12487729905047586
        ],
        [
          0.29751501033221117,
          0.08053691936714,
          0.12206090097610048,
          0.10320328508554598,
          0.12540446120642343,
          0.17173245331117012,
          0.09954696972140877
        ],
        [
          0.05404510894869148,
          0.06624584730405068,
          0.08434804009958766,
          0.17633803723737423,
          0.2943546875936705,
          0.28622600727484443,
          0.038442271541781
        ],
        [
          0.1528872078687252,
          0.10138521415884369,
          0.21059505165384823,
          0.12100109720264628,
          0.07571393312596568,
          0.16440751418047128,
          0.17400998180949956
        ]
      ],
      "timestamps": [
        0,
        1,
        2,
        3,
        4,
        5,
        6,
        7,
        8,
        9,
        10,
        11,
        12,
        13,
        14,
        15,
        16,
        17,
        18,
        19,
        20,
        21,
        22,
        23,
        24,
        25,
        26,
        27,
        28,
        29,
        30
      ],
      "distance": 535.5
    },
    {
      "trip_id": 1,
      "transport_method": "foot",
      "start_time": 31,
      "path": [
        [
          1.5293578,
          42.508282
        ],
        [
          1.5296993981924594,
          42.50853659473005
        ],
        [
          1.5302442139449124,
          42.508894773990164
        ],
        [
          1.530295294841812,
          42.50918994765847
        ],
        [
          1.5296704533004173,
          42.50896685937653
        ],
        [
          1.5298641882409778,
          42.509036028905406
        ],
        [
          1.5304896935060575,
          42.50925721577223
        ],
        [
          1.529864476208464,
          42.50912838263185
        ],
        [
          1.5292621089978258,
          42.50902139638078
        ],
        [
          1.529266097645439,
          42.5090239872859
        ],
        [
          1.5286612473045795,
          42.50888429899071
        ],
        [
          1.5283204914935533,
          42.50917139026641
        ],
        [
          1.5287979972411254,
          42.5096320241714
        ],
        [
          1.5292755029886975,
          42.510092658076395
        ],
        [
          1.5294164988901884,
          42.51046530593826
        ],
        [
          1.5288017013866404,
          42.51021586784369
        ],
        [
          1.5281869038830926,
          42.50996642974911
        ],
        [
          1.5275721063795449,
          42.50971699165454
        ],
        [
          1.5269255323269513,
          42.50957824629697
        ],
        [
          1.5262720410494475,
          42.50946359690264
        ],
        [
          1.5256185497719437,
          42.50934894750831
        ],
        [
          1.5254795295624837,
          42.50904895773072
        ],
        [
          1.5261245000791714,
          42.509204548109594
        ],
        [
          1.5267694705958594,
          42.50936013848846
        ],
        [
          1.5267625588874534,
          42.509358471132664
        ],
        [
          1.5261175883707654,
          42.5092028807538
        ],
        [
          1.5254726178540776,
          42.50904729037492
        ],
        [
          1.5255090379143068,
          42.509279001984105
        ],
        [
          1.5249871549908747,
          42.50894468290359
        ],
        [
          1.5243359816574733,
          42.508817527002186
        ],
        [
          1.5239006820249659,
          42.50892228244083
        ],
        [
          1.5237621026671424,
          42.50865026755445
        ],
        [
          1.5231849187949154,
          42.508328484432425
        ],
        [
          1.5226906678639458,
          42.50808169577306
        ],
        [
          1.5222027,
          42.5082477
        ]
      ],
      "emotions": [
        "green",
        "green",
        "green",
        "green",
        "green",
        "green",
        "green",
        "green",
        "green",
        "red",
        "red",
        "red",
        "red",
        "red",
        "purple",
        "purple",
        "purple",
        "purple",
        "purple",
        "green",
        "green",
        "green",
        "green",
        "green",
        "purple",
        "purple",
        "purple",
        "purple",
        "purple",
        "green",
        "green",
        "green",
        "green",
        "green",
        "purple"
      ],
      "mood_vectors": [
        [
          0.10661392582814987,
          0.190492626884618,
          0.1641393523996741,
          0.19175109668765883,
          0.17942812230715363,
          0.03056762411794312,
          0.13700725177480239
        ],
        [
          0.26641931433188853,
          0.25732650568189536,
          0.032845393594813505,
          0.021634939922524663,
          0.07947593667172154,
          0.09444109224578302,
          0.24785681755137334
        ],
        [
          0.08073882984664206,
          0.2576840180702717,
          0.10250728717742803,
          0.24543085854452765,
          0.003372109588919283,
          0.07551177513951943,
          0.23475512163269188
        ],
        [
          0.030321851419381225,
          0.1338648098766532,
          0.26856943046368414,
          0.0914482408907106,
          0.12791456239129223,
          0.27447930175536805,
          0.07340180320291062
        ],
        [
          0.2190837575023648,
          0.17807007916263964,
          0.17439886083223025,
          0.26369815660361046,
          0.06003793590982268,
          0.037428920224206685,
          0.06728228976512547
        ],
        [
          0.2008773933363017,
          0.1675231743223283,
          0.14248824234181923,
          0.13869963138561628,
          0.18044368898693933,
          0.06539352093779092,
          0.10457434868920426
        ],
        [
          0.0788840864810119,
          0.2730334820592095,
          0.03358605279247014,
          0.010942256667410211,
          0.26432043697179214,
          0.08368316626186448,
          0.25555051876624163
        ],
        [
          0.16638003261648987,
          0.0737532025984298,
          0.1228548451596444,
          0.1073027894341854,
          0.1678050168779512,
          0.19304639140131674,
          0.1688577219119825
        ],
        [
          0.20460962826436566,
          0.15810168196774718,
          0.020357290320011854,
          0.11036852763511726,
          0.22900827072420907,
          0.19181451008057412,
          0.08574009100797476
        ],
        [
          0.05353908677314832,
          0.09114934718494869,
          0.1837151788454657,
          0.200370210671045,
          0.04933108987751432,
          0.2529793797629025,
          0.16891570688497543
        ],
        [
          0.387456460481253,
          0.20113703851383827,
          0.06266816321004169,
          0.09226743849593066,
          0.034068137562565735,
          0.042092581586948966,
          0.18031018014942177
        ],
        [
          0.10963437090630157,
          0.16463321134065595,
          0.23833065237429535,
          0.06095215120394616,
          0.17355477820368437,
          0.008742246221435922,
          0.2441525897496807
        ],
        [
          0.12555447196143027,
          0.11661410150776498,
          0.08059861937101195,
          0.19353499384280617,
          0.1044129830329177,
          0.19106677097217828,
          0.18821805931189073
        ],
        [
          0.18098225425814435,
          0.30305729938893855,
          0.011226861642585628,
          0.15766406979794975,
          0.13656270293521708,
          0.08614136591615623,
          0.12436544606100836
        ],
        [
          0.21695859480065924,
          0.21754578488007148,
          0.18739545298470198,
          0.008819139938538988,
          0.09093465189544284,
          0.21047058550183062,
          0.06787578999875477
        ],
        [
          0.19363072685478475,
          0.15461929925042675,
          0.31488996449668644,
          0.08111983341161488,
          0.21631952144019737,
          0.006752818626428389,
          0.032667835919861374
        ],
        [
          0.21547077386340432,
          0.06486139496796176,
          0.06879080197960712,
          0.21918083379812225,
          0.12167394958309267,
          0.1513443670320162,
          0.1586778787757958
        ],
        [
          0.06104117674974718,
          0.11474490359247114,
          0.05309625303457751,
          0.10125717442437038,
          0.2195301295993505,
          0.13280270939821265,
          0.3175276532012707
        ],
        [
          0.12976503708223122,
          0.05200184615912637,
          0.11646043147135031,
          0.22743212414515143,
          0.223393289205888,
          0.19916059259655347,
          0.05178667933969912
        ],
        [
          0.07953671637897176,
          0.15549520569188524,
          0.16920707337480007,
          0.12916727664866792,
          0.05967311438689826,
          0.1658714475279905,
          0.24104916599078632
        ],
        [
          0.1116824698454791,
          0.20520789819642055,
          0.19707591119249904,
          0.1446169440218744,
          0.11027949962849817,
          0.13984523952664155,
          0.09129203758858732
        ],
        [
          0.25133754989692475,
          0.010558798359474361,
          0.05192123955991568,
          0.29923600709468906,
          0.17997874466916378,
          0.15470930264229416,
          0.05225835777753819
        ],
        [
          0.2026846331104824,
          0.19448520402915315,
          0.04810560404951954,
          0.1322910219454988,
          0.1614690646806318,
          0.09289837987384428,
          0.1680660923108701
        ],
        [
          0.25185693200227127,
          0.15166355718519584,
          0.05864420393412505,
          0.1793521114368358,
          0.05122157317895486,
          0.174126597795006,
          0.13313502446761113
        ],
        [
          0.16309725945761916,
          0.03701729472805657,
          0.17077288800112145,
          0.2151470513980017,
          0.20622312857256508,
          0.054980793026407605,
          0.15276158481622848
        ],
        [
          0.022801448682459736,
          0.2743191649395296,
          0.06426458059295932,
          0.30083345790540955,
          0.028031503255224615,
          0.20451175087640017,
          0.10523809374801697
        ],
        [
          0.09007732616890934,
          0.04379132031136882,
          0.2188752034289695,
          0.24117225889615712,
          0.22704210122933638,
          0.004217711862772934,
          0.17482407810248587
        ],
        [
          0.10173155719789288,
          0.2715907207555784,
          0.13268638266868654,
          0.13378926348627806,
          0.10021372629536915,
          0.03787783514219444,
          0.22211051445400057
        ],
        [
          0.011284884297653727,
          0.13517542208192868,
          0.14983271565597228,
          0.17982873957447293,
          0.23896642699998602,
          0.23620326939845063,
          0.04870854199153577
        ],
        [
          0.1485943120168891,
          0.2439606225265758,
          0.19843692656242218,
          0.03275664229089545,
          0.06623888695757263,
          0.1920976717346678,
          0.11791493791097699
        ],
        [
          0.16647893696887225,
          0.0777872328007102,
          0.21987535023199725,
          0.12427933499155429,
          0.09342384960643609,
          0.1355241437757284,
          0.18263115162470148
        ],
        [
          0.10174737940755857,
          0.18502829781998514,
          0.18122543346987213,
          0.1437976895441191,
          0.15904082509752446,
          0.16141766289993667,
          0.06774271176100399
        ],
        [
          0.12626225046874023,
          0.07687878262204574,
          0.04555127111486258,
          0.12004741702311959,
          0.1436410775916666,
          0.30823101740789793,
          0.17938818377166724
        ],
        [
          0.15203988619885977,
          0.0692965656828017,
          0.1746231034482809,
          0.20020116455788678,
          0.15913615482119278,
          0.14877628879243454,
          0.09592683649854361
        ],
        [
          0.05709239943174822,
          0.20682710690223352,
          0.030462861499396813,
          0.3365409889227766,
          0.19396861602204768,
          0.07372550712998523,
          0.10138252009181195
        ]
      ],
      "timestamps": [
        31,
        32,
        33,
        34,
        35,
        36,
        37,
        38,
        39,
        40,
        41,
        42,
        43,
        44,
        45,
        46,
        47,
        48,
        49,
        50,
        51,
        52,
        53,
        54,
        55,
        56,
        57,
        58,
        59,
        60,
        61,
        62,
        63,
        64,
        65
      ],
      "distance": 871.9
    },
    {
      "trip_id": 2,
      "transport_method": "car",
      "start_time": 66,
      "path": [
        [
          1.5217190000000003,
          42.508345899999995
        ],
        [
          1.522165250064707,
          42.508447729278934
        ],
        [
          1.5223529547598738,
          42.5084461813105
        ],
        [
          1.5219102658227195,
          42.50832984203415
        ],
        [
          1.5215124519566408,
          42.50844371271999
        ],
        [
          1.5211312097631153,
          42.508272812336266
        ],
        [
          1.5214568175869236,
          42.50848435664271
        ],
        [
          1.521624068353778,
          42.50822648286733
        ],
        [
          1.521219983658969,
          42.508011485467996
        ],
        [
          1.5208158989641603,
          42.50779648806866
        ],
        [
          1.520410417234578,
          42.50758447291883
        ],
        [
          1.5199837296667047,
          42.50761143416436
        ],
        [
          1.5195705060192708,
          42.50780548413927
        ],
        [
          1.5196168827875172,
          42.508239419770035
        ],
        [
          1.5197866044920962,
          42.50861614118045
        ],
        [
          1.5196571868113136,
          42.50846648384431
        ],
        [
          1.5195771914805556,
          42.508015807608686
        ],
        [
          1.519309487953496,
          42.50793227878114
        ],
        [
          1.5188973134127406,
          42.50813132769537
        ],
        [
          1.5186163042575627,
          42.508358210119454
        ],
        [
          1.5185682787439283,
          42.50830150400095
        ],
        [
          1.5181674944459185,
          42.50826063219226
        ],
        [
          1.5177899161742565,
          42.508001898794596
        ],
        [
          1.5174127999999998,
          42.507742499999985
        ]
      ],
      "emotions": [
        "purple",
        "purple",
        "purple",
        "purple",
        "purple",
        "purple",
        "purple",
        "purple",
        "purple",
        "purple",
        "purple",
        "purple",
        "purple",
        "purple",
        "purple",
        "purple",
        "purple",
        "purple",
        "purple",
        "purple",
        "purple",
        "purple",
        "purple",
        "purple"
      ],
      "mood_vectors": [
        [
          0.3138400831573979,
          0.04864928021367345,
          0.061004796565557275,
          0.22905497589473253,
          0.09907214627000273,
          0.20568233398228616,
          0.042696383916349875
        ],
        [
          0.14943024985714276,
          0.1295425160257562,
          0.23668147521136967,
          0.04547871271322389,
          0.24939129095083998,
          0.18543298563147687,
          0.004042769610190668
        ],
        [
          0.1036022705744661,
          0.016035987647178607,
          0.21358094382096626,
          0.1386755346943533,
          0.10673272901566924,
          0.2061112274738676,
          0.21526130677349883
        ],
        [
          0.09879579992620059,
          0.29263533921494006,
          0.2261579075909276,
          0.09659506853646929,
          0.1317178135205304,
          0.1339592775003996,
          0.02013879371053239
        ],
        [
          0.24408276314577676,
          0.1792281145927098,
          0.020115610304921986,
          0.14241714119232415,
          0.16578737798609217,
          0.11514390707825745,
          0.13322508569991767
        ],
        [
          0.11299643774093059,
          0.17011153265998463,
          0.04329168855684482,
          0.07205741867655946,
          0.32668101919942627,
          0.23471477321732184,
          0.040147129948932464
        ],
        [
          0.14467003351719251,
          0.056917023851208295,
          0.28819724431486143,
          0.020326470439593073,
          0.05375532762466106,
          0.18076603545051967,
          0.25536786480196394
        ],
        [
          0.006209629215779386,
          0.27786339979100244,
          0.2674347151313146,
          0.1536126624243705,
          0.013352807332467498,
          0.2042781106651861,
          0.0772486754398795
        ],
        [
          0.169709780764451,
          0.25887981315722797,
          0.20573020281122406,
          0.1776703765253229,
          0.01656915898653739,
          0.06935315031168446,
          0.10208751744355218
        ],
        [
          0.18329577784957193,
          0.2663331267685903,
          0.2114113629634012,
          0.113444667257524,
          0.14352345569048075,
          0.05090571835159172,
          0.031085891118840216
        ],
        [
          0.13259131578770983,
          0.1271362415965854,
          0.015565204394364035,
          0.24932781741285562,
          0.06719780188952501,
          0.20734263061743444,
          0.20083898830152563
        ],
        [
          0.1420876673661149,
          0.19339101152608304,
          0.18909308428118918,
          0.145107666035486,
          0.17005389606701068,
          0.07072892848676891,
          0.08953774623734723
        ],
        [
          0.14299792541867876,
          0.19529166384540556,
          0.22097893934409754,
          0.009508470353247355,
          0.1540350088537475,
          0.18423230373146215,
          0.0929556884533611
        ],
        [
          0.15823951403464884,
          0.13953233653407665,
          0.08890550856773102,
          0.08098589475704128,
          0.2648739648506403,
          0.12292532845160148,
          0.14453745280426036
        ],
        [
          0.04975869741412468,
          0.02233134219456823,
          0.01332474284555873,
          0.20327397273288808,
          0.33034665209231145,
          0.10046206312853208,
          0.28050252959201677
        ],
        [
          0.16931105365039897,
          0.05961757729387959,
          0.21529213019886526,
          0.2223725947546244,
          0.05046126931145528,
          0.18892868334307134,
          0.09401669144770511
        ],
        [
          0.026940396574080403,
          0.23503785396785493,
          0.08931512856033912,
          0.2169746521850388,
          0.23215463191185326,
          0.0071435214250819955,
          0.19243381537575152
        ],
        [
          0.23294861431343056,
          0.20035989662644418,
          0.15550853628707195,
          0.16759672364725395,
          0.04571834745777375,
          0.08101459930457178,
          0.11685328236345387
        ],
        [
          0.13815156352591915,
          0.12442587538457194,
          0.1455513982786114,
          0.16887896207260006,
          0.12223709233160666,
          0.15658707579688447,
          0.14416803260980623
        ],
        [
          0.30774893316992913,
          0.002662208382179758,
          0.15345728504906336,
          0.15631759691765737,
          0.014171694126388704,
          0.29433233738482534,
          0.07130994496995637
        ],
        [
          0.225687058534533,
          0.0007785030605479222,
          0.22343344517961905,
          0.14966537904479973,
          0.013567750980438144,
          0.1841941897433993,
          0.2026736734566629
        ],
        [
          0.22275697392811417,
          0.17873942567470855,
          0.18586641328998968,
          0.08494505091002949,
          0.0564565861650167,
          0.23931344033156968,
          0.03192210970057176
        ],
        [
          0.2575082493082581,
          0.15709823824508803,
          0.018070221528883487,
          0.021143103185575576,
          0.30519063338291275,
          0.05419481259470697,
          0.18679474175457514
        ],
        [
          0.07980215594023889,
          0.2759299042322399,
          0.16262798905001688,
          0.09854925978245832,
          0.08967779798529232,
          0.22033210823272203,
          0.07308078477703168
        ]
      ],
      "timestamps": [
        66,
        67,
        68,
        69,
        70,
        71,
        72,
        73,
        74,
        75,
        76,
        77,
        78,
        79,
        80,
        81,
        82,
        83,
        84,
        85,
        86,
        87,
        88,
        89
      ],
      "distance": 456
    },
    {
      "trip_id": 3,
      "transport_method": "bicycle",
      "start_time": 90,
      "path": [
        [
          1.5174658000000008,
          42.507779799999994
        ],
        [
          1.5178054562666992,
          42.50801254755598
        ],
        [
          1.5181451125333973,
          42.50824529511196
        ],
        [
          1.5185032060212131,
          42.50831635674861
        ],
        [
          1.5186932602154009,
          42.5084490758559
        ],
        [
          1.518748690693512,
          42.50820310115046
        ],
        [
          1.5191194685593166,
          42.50802404367769
        ],
        [
          1.5194902464251214,
          42.50784498620493
        ],
        [
          1.5196042389857207,
          42.508168187350044
        ],
        [
          1.5196762,
          42.508573600000005
        ]
      ],
      "emotions": [
        "green",
        "green",
        "green",
        "green",
        "green",
        "green",
        "green",
        "green",
        "green",
        "green"
      ],
      "mood_vectors": [
        [
          0.17588132330181422,
          0.020769924196697702,
          0.10270981969561507,
          0.1326568108301771,
          0.17780046540453656,
          0.24181314431972956,
          0.14836851225142983
        ],
        [
          0.12234648822790124,
          0.32696176659127835,
          0.1355264573473117,
          0.006489965286115774,
          0.12474975460397696,
          0.25139344346720804,
          0.03253212447620785
        ],
        [
          0.20997959748937503,
          0.14743085738349976,
          0.15382366749131568,
          0.03436608856728654,
          0.20118920060136442,
          0.03751347364169709,
          0.21569711482546153
        ],
        [
          0.03718107859685048,
          0.2363552524382987,
          0.14625644607608737,
          0.03590219791332203,
          0.26358226924656075,
          0.11186062061072664,
          0.168862135118154
        ],
        [
          0.23993988354646467,
          0.28279925303024894,
          0.11418683508493457,
          0.11542844450521965,
          0.1509311260183105,
          0.03283887596877987,
          0.06387558184604185
        ],
        [
          0.11331330340247305,
          0.18442766366855426,
          0.07280563347779133,
          0.12532127608579904,
          0.2593491178650782,
          0.021809231059280093,
          0.222973774441024
        ],
        [
          0.1686623223258216,
          0.2491937455829415,
          0.019016033992092302,
          0.24621645487656216,
          0.03641460283091933,
          0.21831777917352174,
          0.06217906121814138
        ],
        [
          0.3515407664384047,
          0.03305603160478883,
          0.19827541191546538,
          0.2474566657709216,
          0.021003211282243514,
          0.12969066409566157,
          0.018977248892514436
        ],
        [
          0.24765356547276673,
          0.22498111378134902,
          0.10752639206914161,
          0.18547454398426558,
          0.19525236572285584,
          0.034707683751438144,
          0.004404335218183063
        ],
        [
          0.10929224839515132,
          0.028740905275856495,
          0.19751528477253003,
          0.1857270870023409,
          0.26153048733446094,
          0.10226344722069573,
          0.11493053999896453
        ]
      ],
      "timestamps": [
        90,
        91,
        92,
        93,
        94,
        95,
        96,
        97,
        98,
        99
      ],
      "distance": 660.3
    }
  ],
  "conversation": [
    "Hope the traffic isn't too bad.",
    "Need a break.",
    "Should I walk up to the old town or take the bus?"
  ],
  "conversation_timestamps": [
    1,
    82,
    99
  ]
}
