{"agent_id": "agent-red-1321", "type": "red", "trips": [{"trip_id": 0, "transport_method": "car", "start_time": 0, "path": [[1.541702, 42.512647], [1.5412762, 42.5124391], [1.5407935, 42.5124273], [1.5403239, 42.5124025], [1.5398726, 42.512525], [1.5393942, 42.5125917], [1.5392663, 42.5123299], [1.5392763, 42.5126077], [1.5391734, 42.5122794], [1.5387592, 42.5125223], [1.5383018, 42.5126592], [1.5378241, 42.5127344], [1.5373537, 42.5128415], [1.5368828, 42.5129492], [1.5364206, 42.5130905], [1.5360633, 42.5129269], [1.5357959, 42.5125626], [1.5355152, 42.5121688], [1.5354719, 42.5125532], [1.5358457, 42.5126666], [1.5355396, 42.5124032], [1.5351654, 42.5120969], [1.5347912, 42.5117905], [1.534417, 42.5114842], [1.5340086, 42.5112732], [1.5337101, 42.5108941], [1.5333484, 42.510575], [1.5329213, 42.5103507], [1.5325351, 42.5100596], [1.532125, 42.5098581], [1.5316676, 42.5097015], [1.5312148, 42.5095317], [1.5307613, 42.5093638], [1.530304, 42.5092881], [1.5298466, 42.5091312], [1.5293825, 42.5089957], [1.5289244, 42.508885], [1.5284522, 42.5087867], [1.528014, 42.5085826], [1.527568, 42.508396], [1.527088, 42.5083597], [1.5266051, 42.5083401], [1.5261282, 42.5082612], [1.5256586, 42.5081576], [1.5252017, 42.5080007], [1.5247354, 42.5078729], [1.5242613, 42.5077799], [1.5237783, 42.5077838], [1.5232962, 42.5078216], [1.5228343, 42.5077641], [1.5223525, 42.5077222], [1.5219205, 42.5076757], [1.5215061, 42.5075214], [1.5210227, 42.5075062], [1.5205465, 42.5074575], [1.5200769, 42.5074114], [1.5196247, 42.5073239], [1.5191988, 42.5070959], [1.5188543, 42.5067768], [1.5184099, 42.5068358], [1.5179672, 42.5066454], [1.5174893, 42.5065743], [1.5170079, 42.506528], [1.5165264, 42.5064833], [1.5160493, 42.5064124], [1.5155931, 42.5062518], [1.5151369, 42.5060913], [1.5155032, 42.5062622], [1.5159696, 42.5063726], [1.5157272, 42.5062836], [1.5152777, 42.5061051], [1.5149121, 42.5058224], [1.5146559, 42.5054147], [1.5144957, 42.5049585], [1.5141322, 42.5046592], [1.5137501, 42.5043661], [1.5134088, 42.5040234], [1.5129537, 42.5039125], [1.51249, 42.5037752], [1.5120263, 42.503638]], "mood_vectors": [[0.6314, 0.0824, 0.0224, 0.0486, 0.0747, 0.0713, 0.0691], [0.6765, 0.0596, 0.0462, 0.0328, 0.0515, 0.0633, 0.07], [0.6041, 0.0433, 0.0737, 0.0568, 0.0735, 0.0612, 0.0874], [0.6642, 0.0401, 0.0601, 0.066, 0.0713, 0.0555, 0.0429], [0.6978, 0.0649, 0.0166, 0.0522, 0.0856, 0.0484, 0.0345], [0.7265, 0.0442, 0.0506, 0.0678, 0.0521, 0.0415, 0.0173], [0.7432, 0.0403, 0.0252, 0.0193, 0.0877, 0.0312, 0.0532], [0.6779, 0.0848, 0.0596, 0.0715, 0.0306, 0.0603, 0.0155], [0.6232, 0.09, 0.0137, 0.0885, 0.0833, 0.0488, 0.0525], [0.7224, 0.0499, 0.0451, 0.0295, 0.017, 0.0717, 0.0644], [0.6827, 0.0908, 0.0283, 0.0255, 0.0777, 0.035, 0.0599], [0.7511, 0.0208, 0.0374, 0.0405, 0.0579, 0.0697, 0.0226], [0.6797, 0.0252, 0.0211, 0.0506, 0.0762, 0.0704, 0.0768], [0.7061, 0.0217, 0.0539, 0.0366, 0.0657, 0.0577, 0.0583], [0.7402, 0.0242, 0.0304, 0.0524, 0.0429, 0.06, 0.0499], [0.6949, 0.0559, 0.054, 0.0414, 0.0165, 0.0644, 0.0729], [0.7446, 0.0181, 0.063, 0.029, 0.0523, 0.0702, 0.0227], [0.6854, 0.0504, 0.0667, 0.0557, 0.0561, 0.0675, 0.0181], [0.7279, 0.0524, 0.0364, 0.0538, 0.0318, 0.0507, 0.0469], [0.7491, 0.0673, 0.0176, 0.0216, 0.082, 0.034, 0.0285], [0.6652, 0.0215, 0.053, 0.039, 0.0688, 0.0747, 0.0779], [0.6672, 0.0377, 0.0554, 0.0588, 0.0779, 0.0513, 0.0518], [0.7142, 0.0616, 0.0503, 0.0372, 0.0412, 0.018, 0.0775], [0.7632, 0.0228, 0.0333, 0.0444, 0.0448, 0.0508, 0.0407], [0.6906, 0.0589, 0.0754, 0.0123, 0.059, 0.0698, 0.034], [0.6431, 0.096, 0.03, 0.0412, 0.0535, 0.0949, 0.0413], [0.7241, 0.0467, 0.072, 0.077, 0.0184, 0.0307, 0.0312], [0.6829, 0.0792, 0.0456, 0.0265, 0.0466, 0.0913, 0.0278], [0.6607, 0.0651, 0.0589, 0.0703, 0.0729, 0.0439, 0.0282], [0.7464, 0.0135, 0.029, 0.0835, 0.0356, 0.071, 0.021], [0.7369, 0.0258, 0.0276, 0.0699, 0.0512, 0.0458, 0.0428], [0.7615, 0.0131, 0.0272, 0.0308, 0.074, 0.0232, 0.0702], [0.7039, 0.0727, 0.0507, 0.0159, 0.0792, 0.0483, 0.0293], [0.6461, 0.0854, 0.0802, 0.0491, 0.0314, 0.0283, 0.0795], [0.7445, 0.0751, 0.014, 0.0344, 0.0697, 0.0392, 0.0231], [0.7615, 0.0361, 0.0723, 0.0315, 0.0504, 0.0367, 0.0114], [0.6515, 0.0514, 0.0798, 0.0523, 0.0798, 0.0305, 0.0546], [0.7021, 0.0711, 0.0617, 0.0559, 0.0275, 0.0264, 0.0553], [0.779, 0.0381, 0.0139, 0.0267, 0.0573, 0.0592, 0.0259], [0.7085, 0.0167, 0.076, 0.073, 0.0568, 0.0234, 0.0456], [0.6005, 0.0527, 0.0739, 0.0486, 0.0775, 0.0759, 0.0708], [0.7562, 0.0564, 0.0467, 0.0313, 0.0612, 0.0232, 0.025], [0.6892, 0.0367, 0.0185, 0.0512, 0.055, 0.0755, 0.0739], [0.6417, 0.0455, 0.0547, 0.0472, 0.0736, 0.069, 0.0683], [0.5943, 0.0917, 0.0859, 0.0891, 0.059, 0.0249, 0.055], [0.6934, 0.0634, 0.0478, 0.0323, 0.0662, 0.0611, 0.0359], [0.7899, 0.0375, 0.032, 0.0569, 0.0151, 0.0497, 0.0187], [0.7017, 0.0568, 0.0305, 0.0638, 0.0349, 0.0626, 0.0498], [0.6774, 0.0517, 0.0455, 0.0797, 0.0612, 0.0633, 0.0213], [0.8152, 0.0313, 0.0196, 0.0256, 0.0498, 0.0304, 0.028], [0.6456, 0.0858, 0.0819, 0.0516, 0.0828, 0.0214, 0.0307], [0.7433, 0.0239, 0.0596, 0.0409, 0.0443, 0.0738, 0.0142], [0.6409, 0.0698, 0.0804, 0.0352, 0.0408, 0.0588, 0.0741], [0.6701, 0.073, 0.0638, 0.0281, 0.068, 0.059, 0.038], [0.6612, 0.0857, 0.0493, 0.0858, 0.0166, 0.0623, 0.0391], [0.6673, 0.0618, 0.0556, 0.0514, 0.0378, 0.0254, 0.1006], [0.6919, 0.0499, 0.0695, 0.0229, 0.0732, 0.0456, 0.047], [0.7325, 0.0386, 0.0503, 0.0167, 0.0737, 0.0725, 0.0158], [0.6238, 0.0505, 0.0269, 0.0664, 0.0763, 0.0833, 0.0729], [0.6748, 0.0611, 0.0469, 0.046, 0.0487, 0.074, 0.0486], [0.6926, 0.0665, 0.0194, 0.0909, 0.0371, 0.0314, 0.062], [0.7471, 0.0179, 0.0198, 0.065, 0.0608, 0.0218, 0.0676], [0.7227, 0.0453, 0.0248, 0.0529, 0.0679, 0.0384, 0.0481], [0.7587, 0.0555, 0.0567, 0.0208, 0.0279, 0.0271, 0.0532], [0.7407, 0.0513, 0.0181, 0.0408, 0.0564, 0.0234, 0.0694], [0.6406, 0.0696, 0.0745, 0.071, 0.0658, 0.0316, 0.0468], [0.7882, 0.0608, 0.0355, 0.0464, 0.0235, 0.0291, 0.0166], [0.7718, 0.0162, 0.0375, 0.0242, 0.0673, 0.0541, 0.0288], [0.6949, 0.0542, 0.0333, 0.0693, 0.0768, 0.0169, 0.0547], [0.6867, 0.0477, 0.0652, 0.0161, 0.0508, 0.0584, 0.0751], [0.5636, 0.0722, 0.0619, 0.0712, 0.0682, 0.0736, 0.0893], [0.7452, 0.0345, 0.0245, 0.0637, 0.0144, 0.076, 0.0416], [0.7143, 0.0619, 0.06, 0.0647, 0.0289, 0.0452, 0.025], [0.7381, 0.0407, 0.0441, 0.0327, 0.0489, 0.0202, 0.0753], [0.7226, 0.0402, 0.0241, 0.0492, 0.0348, 0.0811, 0.048], [0.6649, 0.0572, 0.0611, 0.0615, 0.0274, 0.0809, 0.047], [0.681, 0.0674, 0.0488, 0.05, 0.0654, 0.0198, 0.0676], [0.7552, 0.025, 0.0495, 0.0174, 0.0926, 0.0315, 0.0288], [0.6906, 0.0574, 0.0199, 0.0698, 0.0497, 0.0781, 0.0344], [0.7345, 0.0365, 0.0183, 0.048, 0.0339, 0.0249, 0.1039]], "emotions": ["red", "red", "red", "red", "red", "red", "red", "red", "red", "red", "red", "red", "red", "red", "red", "red", "red", "red", "red", "red", "red", "red", "red", "red", "red", "red", "red", "red", "red", "red", "red", "red", "red", "red", "red", "red", "red", "red", "red", "red", "red", "red", "red", "red", "red", "red", "red", "red", "red", "red", "red", "red", "red", "red", "red", "red", "red", "red", "red", "red", "red", "red", "red", "red", "red", "red", "red", "red", "red", "red", "red", "red", "red", "red", "red", "red", "red", "red", "red", "red"], "timestamps": [0, 40, 80, 120, 160, 200, 240, 280, 320, 360, 400, 440, 480, 520, 560, 600, 640, 680, 720, 760, 800, 840, 880, 920, 960, 1000, 1040, 1080, 1120, 1160, 1200, 1240, 1280, 1320, 1360, 1400, 1440, 1480, 1520, 1560, 1600, 1640, 1680, 1720, 1760, 1800, 1840, 1880, 1920, 1960, 2000, 2040, 2080, 2120, 2160, 2200, 2240, 2280, 2320, 2360, 2400, 2440, 2480, 2520, 2560, 2600, 2640, 2680, 2720, 2760, 2800, 2840, 2880, 2920, 2960, 3000, 3040, 3080, 3120, 3160]}], "conversation": [], "conversation_timestamps": []}