{"agent_id": "agent-blue-70", "type": "blue", "trips": [{"trip_id": 0, "transport_method": "foot", "start_time": 0, "path": [[1.5366368, 42.5100447], [1.5364702, 42.5099973], [1.5363022, 42.5099591], [1.5361294, 42.5099492], [1.5359565, 42.5099393], [1.5357837, 42.5099294], [1.5356108, 42.5099196], [1.535438, 42.5099097], [1.5352657, 42.5098934], [1.5350928, 42.5098991], [1.5349198, 42.5099064], [1.5347468, 42.5099138], [1.5345739, 42.5099212], [1.5344009, 42.5099158], [1.534228, 42.509924], [1.5340558, 42.5099241], [1.5338842, 42.5099018], [1.5337119, 42.5098845], [1.5335425, 42.5098732], [1.533428, 42.5099836], [1.5332628, 42.5100177], [1.5330905, 42.5100009], [1.5329182, 42.5099841], [1.5327456, 42.5099722], [1.5325732, 42.5099571], [1.5324034, 42.5099257], [1.5322486, 42.5098547], [1.5320814, 42.5098443], [1.5319166, 42.5097915], [1.531754, 42.509732], [1.5315902, 42.5096759], [1.5314285, 42.5096141], [1.5312669, 42.5095519], [1.5311053, 42.50949], [1.5309431, 42.5094295], [1.5307803, 42.5093705], [1.5306171, 42.5093628], [1.5304531, 42.5093389], [1.5302893, 42.509283], [1.5301257, 42.5092262], [1.5299622, 42.5091694], [1.5297971, 42.5091176], [1.5296311, 42.5090683], [1.5294657, 42.5090175], [1.5292976, 42.5089765], [1.529141, 42.5089132], [1.5289746, 42.508888], [1.5288024, 42.5088868], [1.5286324, 42.5089195], [1.5284624, 42.5089522], [1.5283188, 42.5089968], [1.5281853, 42.5090454], [1.5280529, 42.5089338], [1.5279143, 42.50883], [1.5277532, 42.508793], [1.52758, 42.5087918], [1.5274069, 42.5087915], [1.5272339, 42.508795], [1.5270608, 42.5087985], [1.5268877, 42.5087973], [1.5267159, 42.5087771], [1.5265444, 42.5087536], [1.5263736, 42.5087254], [1.5262013, 42.5087096], [1.5260287, 42.508697], [1.525856, 42.5086844], [1.5256834, 42.5086718], [1.525517, 42.5086257], [1.5253514, 42.5085751], [1.5251858, 42.5085245], [1.5250203, 42.5084739], [1.5248547, 42.5084233], [1.5246892, 42.5083726], [1.5246642, 42.5083851], [1.5248315, 42.5084288], [1.5249978, 42.5084771], [1.525164, 42.5085254], [1.5253303, 42.5085737], [1.5254965, 42.508622], [1.5256627, 42.5086703]], "mood_vectors": [[0.0138, 0.0133, 0.0466, 0.7829, 0.0783, 0.0194, 0.0456], [0.0719, 0.0262, 0.0334, 0.7319, 0.05, 0.0586, 0.028], [0.0377, 0.0675, 0.0765, 0.682, 0.072, 0.0192, 0.045], [0.0397, 0.037, 0.0828, 0.6185, 0.082, 0.0704, 0.0696], [0.0432, 0.0612, 0.0275, 0.7946, 0.032, 0.0198, 0.0218], [0.0771, 0.0412, 0.045, 0.7253, 0.0233, 0.0164, 0.0717], [0.0802, 0.0612, 0.0528, 0.6839, 0.0556, 0.0359, 0.0303], [0.053, 0.0829, 0.0816, 0.5998, 0.0364, 0.0635, 0.0828], [0.0265, 0.0414, 0.0128, 0.7796, 0.016, 0.0812, 0.0425], [0.0653, 0.0727, 0.0391, 0.7023, 0.0327, 0.065, 0.0228], [0.0626, 0.0361, 0.0226, 0.6464, 0.081, 0.0806, 0.0707], [0.0598, 0.0534, 0.0741, 0.6418, 0.0904, 0.047, 0.0334], [0.0832, 0.0238, 0.0937, 0.6673, 0.0242, 0.045, 0.0628], [0.0641, 0.0168, 0.0595, 0.7174, 0.0213, 0.0377, 0.0831], [0.0271, 0.0157, 0.0781, 0.7571, 0.0302, 0.0752, 0.0167], [0.0234, 0.0217, 0.0442, 0.685, 0.0779, 0.0724, 0.0754], [0.0591, 0.0429, 0.0302, 0.7529, 0.037, 0.0163, 0.0617], [0.0706, 0.0525, 0.0851, 0.6195, 0.0313, 0.0551, 0.0858], [0.02, 0.0718, 0.0147, 0.6932, 0.063, 0.0552, 0.0821], [0.0366, 0.078, 0.0217, 0.7329, 0.0346, 0.0301, 0.0663], [0.0542, 0.0393, 0.034, 0.6968, 0.0814, 0.0543, 0.04], [0.0749, 0.081, 0.0652, 0.6334, 0.0417, 0.0674, 0.0364], [0.0465, 0.0304, 0.0606, 0.7481, 0.0163, 0.0211, 0.0771], [0.0211, 0.0478, 0.0862, 0.7105, 0.0414, 0.0723, 0.0207], [0.0664, 0.0507, 0.0789, 0.6547, 0.0455, 0.0393, 0.0644], [0.0843, 0.032, 0.0553, 0.6133, 0.0687, 0.0509, 0.0956], [0.0129, 0.0354, 0.0685, 0.7834, 0.0293, 0.0448, 0.0256], [0.0376, 0.0291, 0.0329, 0.7701, 0.0377, 0.0308, 0.0619], [0.07, 0.017, 0.0512, 0.7641, 0.0328, 0.0377, 0.0271], [0.0696, 0.054, 0.0197, 0.6961, 0.0813, 0.056, 0.0233], [0.0579, 0.0559, 0.0228, 0.7238, 0.0161, 0.0503, 0.0732], [0.0218, 0.0743, 0.0226, 0.7671, 0.0522, 0.0174, 0.0446], [0.0435, 0.0738, 0.0171, 0.7301, 0.057, 0.0221, 0.0564], [0.0749, 0.0688, 0.0728, 0.6448, 0.0703, 0.0275, 0.041], [0.0573, 0.0317, 0.0654, 0.7108, 0.029, 0.0773, 0.0285], [0.0446, 0.064, 0.0414, 0.7229, 0.0279, 0.0443, 0.055], [0.0624, 0.0647, 0.0172, 0.748, 0.0533, 0.037, 0.0175], [0.0216, 0.0813, 0.0126, 0.7447, 0.0402, 0.0684, 0.0312], [0.0648, 0.06, 0.0331, 0.6565, 0.0799, 0.0356, 0.0701], [0.0532, 0.0513, 0.0286, 0.7796, 0.0328, 0.0285, 0.0259], [0.0604, 0.0455, 0.0302, 0.7502, 0.029, 0.0452, 0.0396], [0.0573, 0.066, 0.0683, 0.6159, 0.0661, 0.0765, 0.0499], [0.0331, 0.0589, 0.0237, 0.7168, 0.0175, 0.0807, 0.0693], [0.0193, 0.0765, 0.0415, 0.7136, 0.0475, 0.0538, 0.0478], [0.0732, 0.0696, 0.0219, 0.7131, 0.0358, 0.0536, 0.0328], [0.0382, 0.0411, 0.0874, 0.701, 0.0462, 0.0374, 0.0488], [0.0244, 0.0706, 0.0708, 0.687, 0.0862, 0.0218, 0.0391], [0.0221, 0.0153, 0.0186, 0.8, 0.0526, 0.0666, 0.0249], [0.053, 0.0459, 0.0219, 0.6772, 0.0439, 0.0756, 0.0824], [0.0153, 0.0507, 0.0844, 0.7131, 0.068, 0.044, 0.0244], [0.0419, 0.0693, 0.0121, 0.7246, 0.0359, 0.0446, 0.0715], [0.0374, 0.0594, 0.07, 0.7252, 0.0746, 0.017, 0.0165], [0.0211, 0.0119, 0.0225, 0.8138, 0.02, 0.0614, 0.0493], [0.0395, 0.0423, 0.0176, 0.7446, 0.0305, 0.0594, 0.0661], [0.0799, 0.0656, 0.0781, 0.6025, 0.0621, 0.0403, 0.0715], [0.0572, 0.067, 0.0176, 0.6913, 0.0398, 0.0723, 0.0548], [0.061, 0.0205, 0.0366, 0.7176, 0.0497, 0.0497, 0.0649], [0.0756, 0.0299, 0.0622, 0.6569, 0.0271, 0.0631, 0.0851], [0.0226, 0.0488, 0.0498, 0.6753, 0.053, 0.0777, 0.073], [0.0271, 0.0207, 0.0274, 0.7466, 0.0882, 0.0213, 0.0687], [0.0479, 0.0846, 0.0192, 0.6409, 0.0719, 0.0551, 0.0804], [0.029, 0.0486, 0.0209, 0.769, 0.0593, 0.0416, 0.0315], [0.0155, 0.077, 0.0343, 0.7387, 0.0163, 0.041, 0.0771], [0.0818, 0.035, 0.0429, 0.7181, 0.0606, 0.0333, 0.0283], [0.0787, 0.0538, 0.0788, 0.6003, 0.0739, 0.0381, 0.0764], [0.0389, 0.0463, 0.019, 0.7449, 0.0323, 0.0875, 0.031], [0.0453, 0.0718, 0.033, 0.6608, 0.0651, 0.0479, 0.0761], [0.0216, 0.0389, 0.0487, 0.7321, 0.0559, 0.0737, 0.029], [0.0568, 0.0226, 0.0451, 0.7389, 0.0417, 0.0559, 0.0389], [0.0871, 0.0701, 0.0631, 0.6508, 0.0191, 0.0691, 0.0407], [0.0644, 0.0228, 0.0391, 0.7706, 0.0488, 0.0222, 0.032], [0.041, 0.0652, 0.0397, 0.7495, 0.0694, 0.017, 0.0183], [0.0378, 0.0318, 0.0482, 0.6581, 0.0716, 0.0748, 0.0777], [0.0212, 0.0575, 0.0369, 0.6774, 0.0668, 0.0935, 0.0468], [0.0183, 0.0206, 0.0716, 0.6938, 0.057, 0.0766, 0.0621], [0.079, 0.0259, 0.0642, 0.765, 0.0259, 0.0185, 0.0216], [0.0567, 0.0169, 0.0671, 0.6961, 0.0395, 0.0444, 0.0794], [0.0312, 0.0556, 0.0471, 0.7274, 0.0427, 0.0276, 0.0685], [0.0729, 0.0292, 0.0499, 0.6671, 0.0271, 0.1074, 0.0464], [0.0483, 0.0233, 0.0241, 0.6701, 0.0613, 0.0779, 0.095]], "emotions": ["green", "green", "green", "green", "green", "green", "green", "green", "green", "green", "green", "green", "green", "green", "green", "green", "green", "green", "green", "green", "green", "green", "green", "green", "green", "green", "green", "green", "green", "green", "green", "green", "green", "green", "green", "green", "green", "green", "green", "green", "green", "green", "green", "green", "green", "green", "green", "green", "green", "green", "green", "green", "green", "green", "green", "green", "green", "green", "green", "green", "green", "green", "green", "green", "green", "green", "green", "green", "green", "green", "green", "green", "green", "green", "green", "green", "green", "green", "green", "green"], "timestamps": [0, 40, 80, 120, 160, 200, 240, 280, 320, 360, 400, 440, 480, 520, 560, 600, 640, 680, 720, 760, 800, 840, 880, 920, 960, 1000, 1040, 1080, 1120, 1160, 1200, 1240, 1280, 1320, 1360, 1400, 1440, 1480, 1520, 1560, 1600, 1640, 1680, 1720, 1760, 1800, 1840, 1880, 1920, 1960, 2000, 2040, 2080, 2120, 2160, 2200, 2240, 2280, 2320, 2360, 2400, 2440, 2480, 2520, 2560, 2600, 2640, 2680, 2720, 2760, 2800, 2840, 2880, 2920, 2960, 3000, 3040, 3080, 3120, 3160]}], "conversation": [], "conversation_timestamps": []}