{"agent_id": "agent-orange-458", "type": "orange", "trips": [{"trip_id": 0, "transport_method": "foot", "start_time": 0, "path": [[1.5357949, 42.5103319], [1.5360029, 42.5103996], [1.5360634, 42.510202], [1.5358933, 42.5101965], [1.5356785, 42.5102381], [1.5354819, 42.5103305], [1.535308, 42.5104363], [1.5352929, 42.5105811], [1.5351131, 42.5106952], [1.5349475, 42.5108382], [1.5347535, 42.510737], [1.5345596, 42.5106359], [1.5343656, 42.5105347], [1.5341716, 42.5104335], [1.5339776, 42.5103323], [1.5337837, 42.5102312], [1.5335867, 42.5101363], [1.5333858, 42.5100497], [1.5331731, 42.5100089], [1.5329554, 42.5099877], [1.5327373, 42.5099718], [1.5325195, 42.5099513], [1.5323146, 42.5098812], [1.532108, 42.5098527], [1.5318998, 42.5097854], [1.5316944, 42.5097103], [1.5314883, 42.509637], [1.5312841, 42.5095586], [1.5310798, 42.5094805], [1.5308748, 42.5094041], [1.5306686, 42.5093447], [1.5304616, 42.5093417], [1.5302546, 42.5092709], [1.5300479, 42.5091992], [1.5298406, 42.5091296], [1.5296306, 42.5090682], [1.5294213, 42.5090044], [1.529208, 42.5089562], [1.5290102, 42.5088902], [1.528793, 42.508869], [1.5285801, 42.5088186], [1.5283743, 42.5087484], [1.5281776, 42.5086526], [1.5279765, 42.5085666], [1.5277754, 42.5084805], [1.5275731, 42.5083975], [1.5273582, 42.5083635], [1.5271395, 42.5083603], [1.5269207, 42.5083577], [1.5267021, 42.5083496], [1.5264846, 42.5083263], [1.5262691, 42.5082888], [1.5260554, 42.5082424], [1.5258395, 42.5082089], [1.5256318, 42.5081464], [1.525426, 42.5080732], [1.5252178, 42.5080059], [1.5250081, 42.5079438], [1.5247964, 42.5078888], [1.524584, 42.5078366], [1.5243692, 42.5077953], [1.5241519, 42.5077733], [1.5239332, 42.5077753], [1.5237148, 42.5077882], [1.5234966, 42.5078033], [1.5232788, 42.5078236], [1.5230807, 42.5077856], [1.5228627, 42.5077666], [1.5226448, 42.5077477], [1.5224268, 42.5077287], [1.5222089, 42.5077097], [1.5220089, 42.507758], [1.5218492, 42.5076084], [1.5216726, 42.5075162], [1.5214542, 42.5075197], [1.5212355, 42.5075129], [1.5210168, 42.507506], [1.5207982, 42.5074992], [1.5205837, 42.5074727], [1.5203811, 42.50739]], "mood_vectors": [[0.0388, 0.0332, 0.0274, 0.0192, 0.7578, 0.0471, 0.0766], [0.0593, 0.0156, 0.0466, 0.0594, 0.7345, 0.0529, 0.0317], [0.0357, 0.031, 0.0739, 0.0597, 0.6913, 0.0349, 0.0735], [0.0361, 0.0884, 0.0766, 0.0267, 0.6889, 0.0603, 0.023], [0.0776, 0.0196, 0.0775, 0.0841, 0.6409, 0.062, 0.0384], [0.0918, 0.0617, 0.0299, 0.0335, 0.7453, 0.0192, 0.0186], [0.0336, 0.052, 0.0464, 0.0582, 0.7378, 0.0195, 0.0525], [0.0569, 0.0211, 0.0199, 0.0591, 0.7291, 0.0693, 0.0447], [0.026, 0.0743, 0.0442, 0.0663, 0.7138, 0.0217, 0.0537], [0.0703, 0.0387, 0.0412, 0.0611, 0.7188, 0.043, 0.0268], [0.018, 0.0207, 0.0841, 0.071, 0.6688, 0.0842, 0.0531], [0.073, 0.0753, 0.031, 0.0476, 0.6919, 0.0591, 0.0222], [0.0387, 0.034, 0.0547, 0.082, 0.6773, 0.06, 0.0533], [0.0773, 0.0671, 0.0648, 0.0288, 0.6644, 0.0666, 0.0311], [0.0476, 0.0698, 0.0183, 0.0703, 0.6948, 0.0617, 0.0375], [0.0329, 0.0674, 0.0427, 0.0398, 0.7671, 0.0231, 0.027], [0.0907, 0.0292, 0.0412, 0.0858, 0.634, 0.0596, 0.0596], [0.033, 0.0525, 0.0289, 0.0454, 0.7531, 0.0191, 0.068], [0.0698, 0.0859, 0.0614, 0.042, 0.6314, 0.0505, 0.0589], [0.0741, 0.0626, 0.02, 0.0693, 0.6607, 0.0838, 0.0295], [0.0805, 0.0696, 0.0764, 0.0218, 0.6717, 0.0333, 0.0467], [0.0133, 0.0297, 0.0748, 0.0685, 0.7215, 0.0736, 0.0186], [0.0282, 0.0153, 0.033, 0.0662, 0.809, 0.0162, 0.0322], [0.0537, 0.0636, 0.0149, 0.0254, 0.6981, 0.0533, 0.091], [0.0726, 0.0327, 0.0592, 0.058, 0.6596, 0.0742, 0.0438], [0.0574, 0.0349, 0.0762, 0.0736, 0.647, 0.0649, 0.046], [0.068, 0.0329, 0.0209, 0.0682, 0.7208, 0.0466, 0.0425], [0.0342, 0.0478, 0.0238, 0.0748, 0.7669, 0.0163, 0.0362], [0.0879, 0.073, 0.0836, 0.061, 0.6281, 0.0216, 0.0448], [0.0277, 0.0791, 0.0191, 0.0489, 0.7704, 0.019, 0.0357], [0.013, 0.0126, 0.0188, 0.0543, 0.8253, 0.0347, 0.0413], [0.0688, 0.0452, 0.0593, 0.0513, 0.6527, 0.0557, 0.0669], [0.0134, 0.0775, 0.0768, 0.0507, 0.7013, 0.0308, 0.0495], [0.069, 0.0638, 0.054, 0.0177, 0.7175, 0.0308, 0.0472], [0.0176, 0.0653, 0.0312, 0.0886, 0.6352, 0.0629, 0.0992], [0.0478, 0.0186, 0.086, 0.0754, 0.6394, 0.089, 0.0438], [0.022, 0.0328, 0.071, 0.0178, 0.7919, 0.0344, 0.03], [0.0183, 0.0263, 0.017, 0.0466, 0.7289, 0.0726, 0.0902], [0.042, 0.0587, 0.0354, 0.0738, 0.6897, 0.0464, 0.0541], [0.067, 0.0599, 0.083, 0.0759, 0.6305, 0.0411, 0.0427], [0.0517, 0.0352, 0.091, 0.076, 0.6243, 0.0808, 0.041], [0.0438, 0.0583, 0.0668, 0.016, 0.7479, 0.0435, 0.0237], [0.0517, 0.048, 0.058, 0.0865, 0.6615, 0.0238, 0.0704], [0.0593, 0.0695, 0.0263, 0.0423, 0.6596, 0.0732, 0.0698], [0.0374, 0.0277, 0.0625, 0.0544, 0.6996, 0.0424, 0.0759], [0.0421, 0.0306, 0.0247, 0.0459, 0.7916, 0.036, 0.0291], [0.0527, 0.024, 0.0471, 0.0848, 0.6298, 0.0915, 0.0701], [0.0333, 0.0308, 0.0692, 0.0307, 0.7297, 0.0715, 0.0349], [0.0453, 0.0156, 0.0136, 0.041, 0.8231, 0.0369, 0.0245], [0.0377, 0.0853, 0.04, 0.0354, 0.6968, 0.0661, 0.0386], [0.0631, 0.0493, 0.0671, 0.0301, 0.7339, 0.0138, 0.0427], [0.0171, 0.0208, 0.0326, 0.072, 0.7996, 0.0249, 0.033], [0.0301, 0.0589, 0.0791, 0.0493, 0.7123, 0.0272, 0.0431], [0.0542, 0.0266, 0.0689, 0.0449, 0.695, 0.0741, 0.0363], [0.0803, 0.0327, 0.0529, 0.0525, 0.6789, 0.0316, 0.0711], [0.0815, 0.0227, 0.0632, 0.0773, 0.6643, 0.0342, 0.0568], [0.0294, 0.0711, 0.0601, 0.0676, 0.6978, 0.0341, 0.04], [0.0162, 0.0683, 0.0622, 0.0739, 0.6818, 0.0784, 0.0193], [0.0557, 0.0628, 0.0497, 0.0496, 0.7103, 0.0168, 0.0551], [0.0282, 0.0157, 0.0142, 0.0746, 0.739, 0.0734, 0.0549], [0.0586, 0.0537, 0.044, 0.0763, 0.704, 0.0191, 0.0444], [0.0238, 0.065, 0.0239, 0.053, 0.6911, 0.0697, 0.0734], [0.034, 0.044, 0.0732, 0.0357, 0.6973, 0.03, 0.086], [0.0791, 0.0547, 0.063, 0.0124, 0.7007, 0.0322, 0.0579], [0.0706, 0.012, 0.068, 0.0409, 0.7201, 0.0568, 0.0316], [0.0705, 0.0343, 0.0267, 0.0538, 0.6906, 0.0641, 0.06], [0.0279, 0.0513, 0.0167, 0.0257, 0.7491, 0.0547, 0.0745], [0.0738, 0.083, 0.0232, 0.0522, 0.7129, 0.0369, 0.0179], [0.0477, 0.0768, 0.0429, 0.09, 0.5989, 0.0644, 0.0793], [0.0637, 0.0547, 0.044, 0.0619, 0.6445, 0.0744, 0.0568], [0.0185, 0.0382, 0.0504, 0.0167, 0.7665, 0.0772, 0.0323], [0.0274, 0.0952, 0.0296, 0.0378, 0.6949, 0.0274, 0.0877], [0.0786, 0.0724, 0.0232, 0.0584, 0.6614, 0.0432, 0.0628], [0.0146, 0.0276, 0.0788, 0.0722, 0.772, 0.0131, 0.0217], [0.0419, 0.0597, 0.076, 0.07, 0.6587, 0.058, 0.0356], [0.0271, 0.0171, 0.057, 0.0806, 0.7156, 0.0584, 0.0441], [0.0372, 0.0609, 0.0199, 0.0741, 0.7166, 0.0466, 0.0447], [0.0672, 0.0358, 0.0371, 0.0898, 0.6634, 0.0195, 0.0872], [0.0285, 0.0418, 0.0809, 0.0311, 0.7057, 0.039, 0.073], [0.0423, 0.0553, 0.0385, 0.0654, 0.7351, 0.0457, 0.0176]], "emotions": ["red", "red", "red", "red", "red", "red", "red", "red", "red", "red", "red", "red", "red", "red", "red", "red", "red", "red", "red", "red", "red", "red", "red", "red", "red", "red", "red", "red", "red", "red", "red", "red", "red", "red", "red", "red", "red", "red", "red", "red", "red", "red", "red", "red", "red", "red", "red", "red", "red", "red", "red", "red", "red", "red", "red", "red", "red", "red", "red", "red", "red", "red", "red", "red", "red", "red", "red", "red", "red", "red", "red", "red", "red", "red", "red", "red", "red", "red", "red", "red"], "timestamps": [0, 40, 80, 120, 160, 200, 240, 280, 320, 360, 400, 440, 480, 520, 560, 600, 640, 680, 720, 760, 800, 840, 880, 920, 960, 1000, 1040, 1080, 1120, 1160, 1200, 1240, 1280, 1320, 1360, 1400, 1440, 1480, 1520, 1560, 1600, 1640, 1680, 1720, 1760, 1800, 1840, 1880, 1920, 1960, 2000, 2040, 2080, 2120, 2160, 2200, 2240, 2280, 2320, 2360, 2400, 2440, 2480, 2520, 2560, 2600, 2640, 2680, 2720, 2760, 2800, 2840, 2880, 2920, 2960, 3000, 3040, 3080, 3120, 3160]}], "conversation": [], "conversation_timestamps": []}