{"agent_id": "agent-green-472", "type": "green", "trips": [{"trip_id": 0, "transport_method": "car", "start_time": 0, "path": [[1.578812, 42.5356393], [1.5793249, 42.5347337], [1.5805288, 42.5339173], [1.5798803, 42.5335021], [1.5784965, 42.5330056], [1.5770318, 42.532817], [1.5768682, 42.5327766], [1.5774864, 42.5328741], [1.5760351, 42.5325972], [1.5745837, 42.5323202], [1.5759031, 42.5326247], [1.5749646, 42.5320629], [1.5736354, 42.5314177], [1.5734154, 42.5316223], [1.5739296, 42.5320114], [1.572885, 42.5309664], [1.5719461, 42.5298352], [1.5707657, 42.5289536], [1.569584, 42.5280666], [1.5705733, 42.528706], [1.5709774, 42.5291435], [1.5697477, 42.5283244], [1.568518, 42.5275053], [1.5676957, 42.5269694], [1.5689717, 42.5276952], [1.5680303, 42.5270917], [1.5668034, 42.5262685], [1.5655371, 42.5255199], [1.5641367, 42.5251112], [1.5627893, 42.5245362], [1.5617614, 42.5234909], [1.5605802, 42.522606], [1.5593667, 42.521837], [1.5582377, 42.5208889], [1.5571931, 42.5198444], [1.5567063, 42.5192364], [1.5564003, 42.5188728], [1.5559842, 42.5187108], [1.555321, 42.5182254], [1.5548851, 42.5181997], [1.553581, 42.5188934], [1.5522551, 42.5195425], [1.5508897, 42.5201067], [1.5494999, 42.5206075], [1.548089, 42.5210459], [1.5466683, 42.5214503], [1.5452344, 42.5218062], [1.5437945, 42.5221378], [1.5423507, 42.5224516], [1.5408981, 42.5227203], [1.5394406, 42.5229626], [1.5379838, 42.5232091], [1.5365288, 42.5234664], [1.5350755, 42.5237319], [1.5336299, 42.5240378], [1.5321901, 42.5243684], [1.5307606, 42.5247422], [1.5293464, 42.5251647], [1.5279625, 42.5256817], [1.5266094, 42.5262753], [1.5252894, 42.5269384], [1.5240072, 42.5276711], [1.5227752, 42.5284864], [1.5216094, 42.5293924], [1.5208733, 42.530349], [1.5198695, 42.5311288], [1.519698, 42.5325086], [1.5194993, 42.533932], [1.5204904, 42.5350132], [1.5210836, 42.5360068], [1.5200952, 42.5370709], [1.5195512, 42.5384424], [1.5193795, 42.5398892], [1.5191426, 42.5412086], [1.5180656, 42.5417131], [1.5188835, 42.5413421], [1.5176296, 42.5420791], [1.5171836, 42.5433974], [1.5163506, 42.5445241], [1.5156235, 42.5453565]], "mood_vectors": [[0.021, 0.0769, 0.0491, 0.0174, 0.0189, 0.0695, 0.7472], [0.039, 0.0356, 0.0202, 0.0735, 0.072, 0.0341, 0.7257], [0.0535, 0.0341, 0.0817, 0.0585, 0.0363, 0.0498, 0.6861], [0.0238, 0.0445, 0.0482, 0.0599, 0.0228, 0.0239, 0.7768], [0.0249, 0.0427, 0.034, 0.0348, 0.0599, 0.0197, 0.784], [0.0745, 0.0604, 0.0731, 0.0483, 0.0717, 0.0403, 0.6316], [0.0598, 0.0338, 0.0173, 0.0586, 0.0428, 0.0465, 0.7411], [0.0324, 0.011, 0.0709, 0.0642, 0.0641, 0.0667, 0.6907], [0.0582, 0.0317, 0.0855, 0.0188, 0.0282, 0.0703, 0.7073], [0.057, 0.0588, 0.0424, 0.0702, 0.0617, 0.0822, 0.6277], [0.0487, 0.0292, 0.0506, 0.0337, 0.0701, 0.0633, 0.7043], [0.0548, 0.0698, 0.0767, 0.0223, 0.0521, 0.0314, 0.6928], [0.0844, 0.0473, 0.0348, 0.0803, 0.0501, 0.0524, 0.6506], [0.0364, 0.0623, 0.0376, 0.0679, 0.022, 0.0386, 0.7352], [0.0743, 0.0529, 0.0551, 0.0228, 0.016, 0.0664, 0.7126], [0.0688, 0.0453, 0.0666, 0.0738, 0.0332, 0.0524, 0.66], [0.0626, 0.0259, 0.0446, 0.0732, 0.0621, 0.0733, 0.6583], [0.0725, 0.0589, 0.0322, 0.063, 0.0209, 0.0231, 0.7295], [0.0475, 0.0142, 0.0622, 0.0221, 0.062, 0.0831, 0.7089], [0.0432, 0.0639, 0.0469, 0.0249, 0.0682, 0.0285, 0.7244], [0.0585, 0.0727, 0.0695, 0.0588, 0.0386, 0.0268, 0.675], [0.0563, 0.032, 0.0704, 0.0583, 0.0229, 0.0667, 0.6934], [0.0851, 0.0695, 0.0402, 0.082, 0.0741, 0.0333, 0.6158], [0.0706, 0.0209, 0.0279, 0.0336, 0.0238, 0.0517, 0.7714], [0.0355, 0.0673, 0.0624, 0.0426, 0.0595, 0.0589, 0.6739], [0.0134, 0.0691, 0.0216, 0.0303, 0.0598, 0.076, 0.7297], [0.0678, 0.0143, 0.0419, 0.0896, 0.0632, 0.02, 0.7031], [0.0243, 0.0726, 0.0858, 0.0289, 0.0488, 0.0797, 0.6598], [0.0383, 0.0763, 0.0299, 0.0361, 0.0307, 0.0474, 0.7413], [0.0326, 0.03, 0.0762, 0.0568, 0.0269, 0.0178, 0.7598], [0.0811, 0.0692, 0.0505, 0.0601, 0.0189, 0.0665, 0.6537], [0.058, 0.0203, 0.0326, 0.0724, 0.0337, 0.0527, 0.7303], [0.0305, 0.0145, 0.063, 0.0698, 0.0525, 0.0255, 0.7441], [0.0765, 0.0374, 0.0871, 0.0519, 0.0516, 0.0366, 0.659], [0.0507, 0.0545, 0.0197, 0.0319, 0.0744, 0.0336, 0.7351], [0.0223, 0.0659, 0.0217, 0.0904, 0.0211, 0.029, 0.7495], [0.0192, 0.0734, 0.0543, 0.0145, 0.036, 0.0701, 0.7324], [0.0626, 0.0704, 0.0371, 0.0253, 0.052, 0.0789, 0.6736], [0.0382, 0.0249, 0.0691, 0.0162, 0.0577, 0.04, 0.754], [0.0399, 0.0383, 0.0589, 0.0517, 0.0586, 0.0698, 0.6827], [0.0616, 0.0775, 0.0493, 0.013, 0.0537, 0.0777, 0.6671], [0.0764, 0.062, 0.0607, 0.0527, 0.0196, 0.0487, 0.6799], [0.0213, 0.0241, 0.0529, 0.0228, 0.0649, 0.0204, 0.7936], [0.0375, 0.0729, 0.0949, 0.0891, 0.0155, 0.0649, 0.6253], [0.0762, 0.0585, 0.0273, 0.0808, 0.0421, 0.0182, 0.6969], [0.0135, 0.0853, 0.0516, 0.081, 0.0669, 0.0491, 0.6524], [0.0462, 0.0844, 0.0598, 0.0809, 0.0174, 0.0755, 0.636], [0.0288, 0.0596, 0.0464, 0.0674, 0.0718, 0.022, 0.704], [0.0429, 0.071, 0.0412, 0.0598, 0.0379, 0.0736, 0.6737], [0.013, 0.0816, 0.0437, 0.0223, 0.0362, 0.0219, 0.7814], [0.0234, 0.0423, 0.0175, 0.0196, 0.0779, 0.0215, 0.7979], [0.0543, 0.0787, 0.0593, 0.0264, 0.0119, 0.0415, 0.7279], [0.018, 0.0694, 0.0209, 0.022, 0.0746, 0.0711, 0.724], [0.0781, 0.0626, 0.021, 0.0284, 0.0787, 0.0165, 0.7145], [0.0712, 0.0419, 0.1017, 0.0195, 0.0232, 0.0577, 0.6848], [0.052, 0.0582, 0.0164, 0.0312, 0.0257, 0.0371, 0.7793], [0.0324, 0.0771, 0.07, 0.015, 0.0361, 0.0545, 0.7147], [0.0845, 0.013, 0.0588, 0.0602, 0.0278, 0.0664, 0.6894], [0.0513, 0.061, 0.0821, 0.0416, 0.055, 0.0186, 0.6904], [0.0142, 0.0272, 0.0749, 0.0584, 0.0646, 0.0527, 0.7079], [0.0339, 0.0281, 0.07, 0.02, 0.075, 0.0311, 0.7419], [0.0688, 0.0175, 0.0194, 0.0279, 0.0422, 0.0537, 0.7706], [0.0624, 0.0537, 0.0327, 0.0428, 0.0442, 0.0568, 0.7073], [0.019, 0.0434, 0.0435, 0.0216, 0.0616, 0.0621, 0.7488], [0.0291, 0.0662, 0.0685, 0.0445, 0.0654, 0.0567, 0.6696], [0.0976, 0.0198, 0.0232, 0.0755, 0.0819, 0.0615, 0.6406], [0.0524, 0.0828, 0.0625, 0.065, 0.0835, 0.0241, 0.6297], [0.0378, 0.0556, 0.0761, 0.0148, 0.0457, 0.0371, 0.7329], [0.0765, 0.0443, 0.0695, 0.0167, 0.0523, 0.0689, 0.6717], [0.0695, 0.0642, 0.0603, 0.0403, 0.0353, 0.024, 0.7064], [0.0693, 0.0767, 0.0698, 0.0719, 0.0148, 0.0251, 0.6724], [0.0758, 0.0181, 0.0461, 0.0779, 0.0741, 0.0663, 0.6416], [0.0263, 0.0159, 0.0537, 0.0709, 0.052, 0.0267, 0.7545], [0.0622, 0.024, 0.0906, 0.0252, 0.0427, 0.0594, 0.6959], [0.0644, 0.0652, 0.0622, 0.0565, 0.0236, 0.0186, 0.7095], [0.0412, 0.0527, 0.0676, 0.0608, 0.0716, 0.0453, 0.6608], [0.0562, 0.0569, 0.0515, 0.063, 0.0287, 0.0235, 0.7202], [0.0583, 0.0694, 0.0306, 0.0316, 0.057, 0.0296, 0.7235], [0.0523, 0.0519, 0.0267, 0.0501, 0.068, 0.0656, 0.6854], [0.0368, 0.0361, 0.0653, 0.0146, 0.0715, 0.0876, 0.6881]], "emotions": ["purple", "purple", "purple", "purple", "purple", "purple", "purple", "purple", "purple", "purple", "purple", "purple", "purple", "purple", "purple", "purple", "purple", "purple", "purple", "purple", "purple", "purple", "purple", "purple", "purple", "purple", "purple", "purple", "purple", "purple", "purple", "purple", "purple", "purple", "purple", "purple", "purple", "purple", "purple", "purple", "purple", "purple", "purple", "purple", "purple", "purple", "purple", "purple", "purple", "purple", "purple", "purple", "purple", "purple", "purple", "purple", "purple", "purple", "purple", "purple", "purple", "purple", "purple", "purple", "purple", "purple", "purple", "purple", "purple", "purple", "purple", "purple", "purple", "purple", "purple", "purple", "purple", "purple", "purple", "purple"], "timestamps": [0, 40, 80, 120, 160, 200, 240, 280, 320, 360, 400, 440, 480, 520, 560, 600, 640, 680, 720, 760, 800, 840, 880, 920, 960, 1000, 1040, 1080, 1120, 1160, 1200, 1240, 1280, 1320, 1360, 1400, 1440, 1480, 1520, 1560, 1600, 1640, 1680, 1720, 1760, 1800, 1840, 1880, 1920, 1960, 2000, 2040, 2080, 2120, 2160, 2200, 2240, 2280, 2320, 2360, 2400, 2440, 2480, 2520, 2560, 2600, 2640, 2680, 2720, 2760, 2800, 2840, 2880, 2920, 2960, 3000, 3040, 3080, 3120, 3160]}], "conversation": [], "conversation_timestamps": []}