{"agent_id": "agent-orange-1488", "type": "orange", "trips": [{"trip_id": 0, "transport_method": "car", "start_time": 0, "path": [[1.5839052, 42.5346355], [1.5827943, 42.5344952], [1.5816333, 42.5341816], [1.5804635, 42.533842], [1.5799443, 42.5335385], [1.5787677, 42.5330996], [1.5775336, 42.5328957], [1.5762884, 42.5327005], [1.5773988, 42.5328477], [1.5771738, 42.5328144], [1.5759357, 42.5325782], [1.5746977, 42.532342], [1.5755778, 42.5325526], [1.5754597, 42.5323032], [1.5743258, 42.5317528], [1.5731919, 42.5312024], [1.5736177, 42.5318096], [1.5738881, 42.5319699], [1.572997, 42.5310784], [1.5721965, 42.5301134], [1.5712397, 42.5293094], [1.5702317, 42.5285527], [1.5697153, 42.5281418], [1.5707684, 42.5288343], [1.5709638, 42.5291345], [1.5699148, 42.5284357], [1.5688657, 42.527737], [1.5678167, 42.5270382], [1.5682467, 42.5272614], [1.5689182, 42.5276875], [1.5678716, 42.5269852], [1.566825, 42.5262829], [1.5657611, 42.5256143], [1.5645718, 42.5252341], [1.5634206, 42.5247761], [1.5623496, 42.5241617], [1.5614847, 42.5232519], [1.5604462, 42.5225427], [1.5594324, 42.5218558], [1.5584502, 42.5210795], [1.5575419, 42.5202062], [1.5568269, 42.5194872], [1.5563411, 42.5188377], [1.5565984, 42.5191284], [1.5559031, 42.5186419], [1.5554484, 42.5180883], [1.554962, 42.5179008], [1.5540155, 42.5170685], [1.5541977, 42.5174317], [1.554061, 42.5171173], [1.553425, 42.5160574], [1.5528062, 42.5149746], [1.5526578, 42.5137499], [1.5516119, 42.5130756], [1.5506496, 42.5122747], [1.5495093, 42.5117712], [1.5482857, 42.5114691], [1.5470648, 42.511157], [1.5463437, 42.5102791], [1.5462055, 42.510066], [1.5453466, 42.5093591], [1.5440942, 42.5092595], [1.5428859, 42.5089353], [1.5417005, 42.5090621], [1.5405731, 42.5095089], [1.5394727, 42.5100884], [1.5387022, 42.5108673], [1.5378203, 42.51166], [1.5367371, 42.5122576], [1.5355897, 42.512731], [1.5344026, 42.5130939], [1.5331831, 42.5129709], [1.5325715, 42.5123307], [1.5313696, 42.5122793], [1.5304835, 42.5116743], [1.5292667, 42.5113565], [1.5280383, 42.5111131], [1.5270115, 42.5105722], [1.5261593, 42.5098211], [1.5249431, 42.5097364]], "mood_vectors": [[0.0184, 0.0521, 0.0635, 0.0592, 0.7193, 0.0551, 0.0324], [0.0707, 0.0343, 0.0377, 0.0148, 0.7035, 0.0781, 0.0609], [0.0634, 0.0187, 0.0592, 0.0669, 0.7112, 0.039, 0.0416], [0.067, 0.0732, 0.0499, 0.0189, 0.6991, 0.0748, 0.0171], [0.0645, 0.0914, 0.0708, 0.0252, 0.667, 0.0665, 0.0146], [0.0201, 0.0147, 0.0433, 0.0848, 0.6919, 0.0943, 0.0509], [0.0512, 0.0224, 0.0359, 0.034, 0.7029, 0.0766, 0.0771], [0.0749, 0.0394, 0.0249, 0.0418, 0.6838, 0.0607, 0.0745], [0.0706, 0.0288, 0.0494, 0.0209, 0.7531, 0.047, 0.0302], [0.0804, 0.0723, 0.0175, 0.014, 0.7253, 0.044, 0.0466], [0.0547, 0.0802, 0.0269, 0.0372, 0.697, 0.0452, 0.0588], [0.0698, 0.0153, 0.0154, 0.0636, 0.7238, 0.0709, 0.0412], [0.0377, 0.08, 0.0242, 0.0339, 0.7339, 0.0317, 0.0586], [0.0163, 0.0173, 0.0338, 0.0566, 0.7872, 0.0322, 0.0566], [0.0195, 0.0443, 0.0377, 0.0405, 0.7265, 0.0708, 0.0608], [0.0115, 0.0698, 0.0662, 0.0385, 0.7347, 0.0517, 0.0277], [0.0126, 0.0403, 0.0623, 0.0598, 0.7427, 0.053, 0.0293], [0.0367, 0.0353, 0.0662, 0.0177, 0.741, 0.0289, 0.0741], [0.0773, 0.0511, 0.0312, 0.0505, 0.7117, 0.039, 0.0391], [0.0406, 0.0944, 0.0168, 0.0393, 0.6697, 0.0924, 0.0469], [0.0817, 0.0496, 0.047, 0.0201, 0.6966, 0.0542, 0.0508], [0.069, 0.0737, 0.0235, 0.0371, 0.7055, 0.0698, 0.0216], [0.0331, 0.0742, 0.0755, 0.0488, 0.6568, 0.0526, 0.059], [0.06, 0.0686, 0.0952, 0.0678, 0.6441, 0.0303, 0.034], [0.0141, 0.0862, 0.0557, 0.077, 0.689, 0.0492, 0.0288], [0.0476, 0.0151, 0.0606, 0.0178, 0.7546, 0.0383, 0.0661], [0.0415, 0.0142, 0.0754, 0.065, 0.7078, 0.0798, 0.0163], [0.0321, 0.0584, 0.0443, 0.0719, 0.6914, 0.0464, 0.0556], [0.0741, 0.0359, 0.0274, 0.0507, 0.6907, 0.059, 0.0623], [0.0767, 0.0283, 0.0762, 0.0196, 0.6979, 0.0454, 0.0559], [0.0531, 0.0359, 0.0482, 0.0343, 0.7061, 0.0474, 0.075], [0.069, 0.036, 0.0499, 0.0286, 0.6918, 0.0632, 0.0615], [0.0469, 0.0845, 0.0489, 0.0561, 0.6921, 0.0389, 0.0326], [0.0743, 0.0218, 0.0369, 0.025, 0.7058, 0.09, 0.0463], [0.0783, 0.0842, 0.0281, 0.082, 0.6346, 0.0135, 0.0793], [0.0465, 0.0617, 0.0681, 0.0746, 0.6143, 0.0597, 0.0752], [0.0234, 0.0682, 0.0383, 0.0419, 0.6893, 0.0653, 0.0737], [0.0163, 0.0371, 0.0585, 0.0348, 0.7719, 0.0268, 0.0546], [0.0336, 0.0469, 0.0346, 0.0532, 0.734, 0.0596, 0.0381], [0.0779, 0.0729, 0.0627, 0.015, 0.7088, 0.0255, 0.0372], [0.0686, 0.0753, 0.0714, 0.0328, 0.6884, 0.0219, 0.0416], [0.0632, 0.0489, 0.0704, 0.059, 0.6514, 0.0817, 0.0255], [0.0414, 0.0152, 0.0733, 0.0556, 0.7409, 0.0537, 0.0198], [0.0847, 0.0361, 0.0542, 0.0241, 0.6846, 0.0728, 0.0437], [0.0615, 0.0154, 0.067, 0.0236, 0.6892, 0.0638, 0.0794], [0.0718, 0.0545, 0.0437, 0.0615, 0.709, 0.0122, 0.0473], [0.0285, 0.0445, 0.0725, 0.0215, 0.7416, 0.0322, 0.0592], [0.0573, 0.0674, 0.0676, 0.0755, 0.6768, 0.0216, 0.0337], [0.055, 0.0689, 0.0647, 0.0155, 0.6767, 0.0721, 0.0471], [0.0259, 0.0681, 0.0532, 0.0918, 0.7072, 0.0213, 0.0326], [0.0197, 0.0445, 0.0432, 0.0444, 0.7404, 0.0482, 0.0595], [0.0712, 0.0484, 0.0337, 0.0451, 0.7159, 0.0394, 0.0463], [0.048, 0.0721, 0.0521, 0.0656, 0.6586, 0.0763, 0.0273], [0.0532, 0.0117, 0.0155, 0.0451, 0.773, 0.0387, 0.0628], [0.0443, 0.0966, 0.0835, 0.0236, 0.6753, 0.0286, 0.0482], [0.0719, 0.0349, 0.0855, 0.0447, 0.6139, 0.082, 0.0671], [0.0599, 0.0441, 0.0184, 0.0305, 0.7645, 0.0337, 0.0489], [0.0549, 0.0771, 0.0675, 0.0191, 0.6608, 0.0934, 0.027], [0.029, 0.0268, 0.0484, 0.03, 0.7819, 0.0603, 0.0236], [0.0493, 0.0759, 0.0293, 0.0432, 0.6766, 0.0467, 0.079], [0.0737, 0.0622, 0.0428, 0.0297, 0.7145, 0.032, 0.0451], [0.0618, 0.0727, 0.0265, 0.0425, 0.7044, 0.0271, 0.065], [0.0428, 0.0813, 0.08, 0.0681, 0.6224, 0.0319, 0.0735], [0.0699, 0.0149, 0.0457, 0.0638, 0.724, 0.0586, 0.0231], [0.0782, 0.0606, 0.0869, 0.081, 0.619, 0.0164, 0.0579], [0.0465, 0.0769, 0.0151, 0.0483, 0.6948, 0.0351, 0.0832], [0.016, 0.0602, 0.0406, 0.0885, 0.7053, 0.0273, 0.062], [0.066, 0.0535, 0.0756, 0.0282, 0.6543, 0.0704, 0.0519], [0.0781, 0.0575, 0.0435, 0.0473, 0.7313, 0.0166, 0.0259], [0.0426, 0.0651, 0.0172, 0.0238, 0.7626, 0.0578, 0.031], [0.0146, 0.0427, 0.0621, 0.0208, 0.7543, 0.037, 0.0686], [0.0482, 0.077, 0.064, 0.0327, 0.699, 0.04, 0.0391], [0.0422, 0.0765, 0.0142, 0.0509, 0.7291, 0.0314, 0.0559], [0.0586, 0.0734, 0.0356, 0.0388, 0.6979, 0.0245, 0.0711], [0.0511, 0.0493, 0.0656, 0.0909, 0.5888, 0.0855, 0.0689], [0.0562, 0.026, 0.0199, 0.0565, 0.7402, 0.0163, 0.0849], [0.0545, 0.0187, 0.0763, 0.0311, 0.6647, 0.0822, 0.0725], [0.043, 0.0624, 0.0292, 0.0348, 0.7236, 0.0549, 0.0521], [0.0755, 0.0253, 0.0504, 0.04, 0.759, 0.0205, 0.0293], [0.0135, 0.0788, 0.0167, 0.0676, 0.7298, 0.0707, 0.0228]], "emotions": ["red", "red", "red", "red", "red", "red", "red", "red", "red", "red", "red", "red", "red", "red", "red", "red", "red", "red", "red", "red", "red", "red", "red", "red", "red", "red", "red", "red", "red", "red", "red", "red", "red", "red", "red", "red", "red", "red", "red", "red", "red", "red", "red", "red", "red", "red", "red", "red", "red", "red", "red", "red", "red", "red", "red", "red", "red", "red", "red", "red", "red", "red", "red", "red", "red", "red", "red", "red", "red", "red", "red", "red", "red", "red", "red", "red", "red", "red", "red", "red"], "timestamps": [0, 40, 80, 120, 160, 200, 240, 280, 320, 360, 400, 440, 480, 520, 560, 600, 640, 680, 720, 760, 800, 840, 880, 920, 960, 1000, 1040, 1080, 1120, 1160, 1200, 1240, 1280, 1320, 1360, 1400, 1440, 1480, 1520, 1560, 1600, 1640, 1680, 1720, 1760, 1800, 1840, 1880, 1920, 1960, 2000, 2040, 2080, 2120, 2160, 2200, 2240, 2280, 2320, 2360, 2400, 2440, 2480, 2520, 2560, 2600, 2640, 2680, 2720, 2760, 2800, 2840, 2880, 2920, 2960, 3000, 3040, 3080, 3120, 3160]}], "conversation": [], "conversation_timestamps": []}