{"agent_id": "agent-orange-1538", "type": "orange", "trips": [{"trip_id": 0, "transport_method": "foot", "start_time": 0, "path": [[1.5195171, 42.5385889], [1.5193223, 42.5402267], [1.5186284, 42.5414548], [1.518793, 42.5414056], [1.5179772, 42.5417712], [1.5172141, 42.5431427], [1.5163483, 42.5444756], [1.5167516, 42.5446343], [1.5184167, 42.5445295], [1.5200365, 42.5445789], [1.5214368, 42.5441], [1.5221693, 42.5436838], [1.5234236, 42.5439934], [1.5244452, 42.5448927], [1.5259122, 42.5456525], [1.5267324, 42.545807], [1.5282437, 42.5464125], [1.529845, 42.546783], [1.5314699, 42.5471019], [1.5328227, 42.5472244], [1.5311441, 42.5470645], [1.5310009, 42.5470525], [1.5326889, 42.5471463], [1.534367, 42.5473197], [1.53604, 42.5473926], [1.5375286, 42.5474475], [1.5386582, 42.5486427], [1.5402487, 42.5483869], [1.5417051, 42.5477444], [1.543183, 42.5472], [1.5445706, 42.5465404], [1.5462563, 42.5466326], [1.5478285, 42.547218], [1.5494551, 42.5472137], [1.549948, 42.5475615], [1.5502292, 42.5491121], [1.5512791, 42.5504283], [1.5523895, 42.5516656], [1.5537542, 42.5520803], [1.5554333, 42.5520235], [1.557085, 42.5523569], [1.5587147, 42.5526671], [1.5603117, 42.5521724], [1.5619858, 42.5519798], [1.5636536, 42.5520783], [1.5651229, 42.5529029], [1.5667066, 42.5534694], [1.5680738, 42.5544377], [1.5696674, 42.5549682], [1.5712687, 42.5554965], [1.5728686, 42.5552373], [1.5745424, 42.5550367], [1.5757864, 42.5555175], [1.5765435, 42.5558958], [1.5776133, 42.5549225], [1.579285, 42.5549609], [1.5808886, 42.5552823], [1.5825715, 42.5552072], [1.5842068, 42.5556088], [1.5834233, 42.5565534], [1.583895, 42.5573063], [1.5850403, 42.558139], [1.5860939, 42.5585532], [1.5865716, 42.5589096], [1.5868676, 42.5591901], [1.5885408, 42.559432], [1.5872887, 42.559207], [1.587514, 42.5592701], [1.5891904, 42.5594889], [1.5895503, 42.5598135], [1.5902682, 42.5613012], [1.5905661, 42.5629359], [1.5916544, 42.5640513], [1.5932427, 42.564535], [1.5944828, 42.5651272], [1.5961042, 42.5654983], [1.597717, 42.5651668], [1.5992922, 42.5657624], [1.6009149, 42.5657505], [1.6025582, 42.5653985]], "mood_vectors": [[0.0705, 0.0724, 0.0575, 0.0509, 0.6466, 0.0182, 0.0839], [0.0458, 0.0678, 0.0624, 0.0182, 0.6434, 0.0987, 0.0636], [0.0285, 0.0485, 0.0578, 0.0768, 0.7018, 0.0194, 0.0673], [0.0472, 0.07, 0.0184, 0.0461, 0.7313, 0.0501, 0.0369], [0.0661, 0.0592, 0.0661, 0.0662, 0.6581, 0.0654, 0.0188], [0.066, 0.0282, 0.0734, 0.07, 0.6451, 0.0636, 0.0537], [0.0359, 0.0486, 0.0816, 0.0611, 0.6734, 0.0627, 0.0367], [0.0379, 0.062, 0.0667, 0.017, 0.7146, 0.0504, 0.0514], [0.0456, 0.0501, 0.0155, 0.0671, 0.738, 0.0174, 0.0663], [0.0214, 0.0159, 0.0302, 0.0291, 0.7978, 0.0376, 0.068], [0.0267, 0.0162, 0.0807, 0.0291, 0.7223, 0.0804, 0.0446], [0.0748, 0.036, 0.0363, 0.0914, 0.666, 0.025, 0.0705], [0.0301, 0.0836, 0.0654, 0.066, 0.6479, 0.0789, 0.0281], [0.0214, 0.0318, 0.027, 0.0315, 0.796, 0.0783, 0.014], [0.014, 0.0402, 0.0141, 0.0211, 0.8519, 0.0238, 0.0348], [0.024, 0.0365, 0.0404, 0.06, 0.7626, 0.0185, 0.058], [0.0306, 0.0481, 0.0722, 0.0132, 0.7273, 0.0551, 0.0534], [0.0418, 0.034, 0.0377, 0.0467, 0.751, 0.0219, 0.0669], [0.0165, 0.0276, 0.0425, 0.0665, 0.7401, 0.0879, 0.019], [0.0373, 0.0791, 0.0158, 0.0441, 0.7304, 0.0426, 0.0507], [0.0476, 0.0245, 0.0722, 0.0229, 0.7601, 0.027, 0.0457], [0.0301, 0.0359, 0.0908, 0.0474, 0.6816, 0.026, 0.0882], [0.028, 0.0917, 0.0156, 0.0288, 0.7851, 0.0179, 0.0329], [0.0247, 0.0176, 0.0449, 0.0864, 0.7079, 0.0373, 0.081], [0.0406, 0.0891, 0.0703, 0.0387, 0.7104, 0.0352, 0.0157], [0.0239, 0.0448, 0.0551, 0.0454, 0.7256, 0.0612, 0.044], [0.0641, 0.0602, 0.0362, 0.0141, 0.7131, 0.0589, 0.0534], [0.0397, 0.0338, 0.0725, 0.0432, 0.718, 0.0605, 0.0324], [0.0127, 0.0338, 0.0455, 0.0754, 0.7371, 0.0439, 0.0515], [0.0267, 0.0453, 0.0271, 0.018, 0.8015, 0.0633, 0.0181], [0.0385, 0.0676, 0.0491, 0.0537, 0.7276, 0.0244, 0.039], [0.0205, 0.0227, 0.0704, 0.0842, 0.708, 0.0388, 0.0555], [0.0138, 0.0446, 0.0434, 0.0489, 0.6999, 0.0752, 0.0741], [0.0679, 0.0122, 0.073, 0.0654, 0.7129, 0.0469, 0.0217], [0.0325, 0.0393, 0.014, 0.0594, 0.7611, 0.0178, 0.0758], [0.0268, 0.0648, 0.0495, 0.0356, 0.7261, 0.073, 0.0243], [0.0321, 0.0463, 0.0548, 0.0423, 0.7042, 0.0589, 0.0615], [0.0643, 0.0455, 0.0508, 0.0698, 0.7182, 0.0285, 0.0229], [0.0794, 0.0485, 0.074, 0.0745, 0.6342, 0.0163, 0.073], [0.0588, 0.0298, 0.0569, 0.0722, 0.7066, 0.0529, 0.0228], [0.0507, 0.0337, 0.0841, 0.0318, 0.6776, 0.0902, 0.0319], [0.0648, 0.0139, 0.073, 0.0353, 0.7583, 0.0174, 0.0373], [0.0264, 0.036, 0.0331, 0.1003, 0.6516, 0.1011, 0.0515], [0.1039, 0.0206, 0.0698, 0.0321, 0.6872, 0.0691, 0.0174], [0.0184, 0.0311, 0.0412, 0.0788, 0.727, 0.045, 0.0585], [0.0156, 0.0537, 0.0829, 0.069, 0.7355, 0.0202, 0.023], [0.0451, 0.0765, 0.0574, 0.089, 0.6113, 0.0789, 0.0418], [0.0604, 0.0566, 0.0303, 0.0201, 0.7504, 0.0208, 0.0614], [0.0678, 0.0662, 0.0411, 0.0943, 0.6011, 0.0382, 0.0913], [0.0535, 0.0263, 0.0779, 0.0439, 0.7079, 0.0419, 0.0487], [0.0113, 0.0386, 0.0615, 0.0337, 0.7557, 0.0686, 0.0307], [0.0351, 0.0797, 0.0214, 0.0316, 0.7306, 0.0173, 0.0842], [0.0889, 0.0653, 0.053, 0.0359, 0.6425, 0.0291, 0.0853], [0.0673, 0.067, 0.0423, 0.0452, 0.7401, 0.0266, 0.0114], [0.0473, 0.0218, 0.0204, 0.067, 0.7653, 0.0656, 0.0126], [0.0205, 0.0886, 0.02, 0.0281, 0.7722, 0.0513, 0.0193], [0.0814, 0.0347, 0.021, 0.0312, 0.718, 0.0714, 0.0424], [0.0197, 0.0251, 0.0794, 0.0363, 0.7437, 0.0329, 0.063], [0.08, 0.0363, 0.0326, 0.0195, 0.6933, 0.0736, 0.0646], [0.0143, 0.0198, 0.0184, 0.0776, 0.7661, 0.0344, 0.0694], [0.0424, 0.027, 0.0858, 0.0604, 0.705, 0.0623, 0.0172], [0.0811, 0.0519, 0.0473, 0.0436, 0.6545, 0.0493, 0.0722], [0.0608, 0.0897, 0.0629, 0.0718, 0.6012, 0.0893, 0.0243], [0.0241, 0.0426, 0.0287, 0.0216, 0.7938, 0.0271, 0.0621], [0.0582, 0.0774, 0.0585, 0.0469, 0.6874, 0.0498, 0.0217], [0.0762, 0.0855, 0.0795, 0.082, 0.5917, 0.0351, 0.05], [0.0711, 0.0721, 0.0135, 0.0681, 0.6985, 0.0492, 0.0274], [0.0552, 0.0196, 0.025, 0.0358, 0.7547, 0.0763, 0.0333], [0.0425, 0.0505, 0.0242, 0.0489, 0.7173, 0.065, 0.0516], [0.0553, 0.0342, 0.0806, 0.0773, 0.6332, 0.0351, 0.0842], [0.015, 0.0296, 0.0549, 0.036, 0.7369, 0.066, 0.0615], [0.0129, 0.0495, 0.0753, 0.0598, 0.7269, 0.0429, 0.0328], [0.0327, 0.0144, 0.0286, 0.0651, 0.7472, 0.04, 0.0719], [0.0629, 0.0577, 0.0335, 0.0263, 0.7067, 0.0734, 0.0396], [0.0258, 0.0743, 0.0687, 0.0205, 0.7345, 0.0311, 0.045], [0.061, 0.051, 0.059, 0.0239, 0.6739, 0.0498, 0.0814], [0.0653, 0.0654, 0.0565, 0.0596, 0.6495, 0.0435, 0.0602], [0.0651, 0.0267, 0.015, 0.053, 0.7045, 0.0734, 0.0622], [0.0452, 0.0163, 0.0274, 0.0765, 0.7343, 0.0379, 0.0624], [0.0463, 0.0524, 0.0533, 0.0342, 0.7346, 0.053, 0.0261]], "emotions": ["red", "red", "red", "red", "red", "red", "red", "red", "red", "red", "red", "red", "red", "red", "red", "red", "red", "red", "red", "red", "red", "red", "red", "red", "red", "red", "red", "red", "red", "red", "red", "red", "red", "red", "red", "red", "red", "red", "red", "red", "red", "red", "red", "red", "red", "red", "red", "red", "red", "red", "red", "red", "red", "red", "red", "red", "red", "red", "red", "red", "red", "red", "red", "red", "red", "red", "red", "red", "red", "red", "red", "red", "red", "red", "red", "red", "red", "red", "red", "red"], "timestamps": [0, 40, 80, 120, 160, 200, 240, 280, 320, 360, 400, 440, 480, 520, 560, 600, 640, 680, 720, 760, 800, 840, 880, 920, 960, 1000, 1040, 1080, 1120, 1160, 1200, 1240, 1280, 1320, 1360, 1400, 1440, 1480, 1520, 1560, 1600, 1640, 1680, 1720, 1760, 1800, 1840, 1880, 1920, 1960, 2000, 2040, 2080, 2120, 2160, 2200, 2240, 2280, 2320, 2360, 2400, 2440, 2480, 2520, 2560, 2600, 2640, 2680, 2720, 2760, 2800, 2840, 2880, 2920, 2960, 3000, 3040, 3080, 3120, 3160]}], "conversation": [], "conversation_timestamps": []}