{"agent_id": "agent-blue-1865", "type": "blue", "trips": [{"trip_id": 0, "transport_method": "car", "start_time": 0, "path": [[1.5839052, 42.5346355], [1.5837953, 42.5346082], [1.5836802, 42.5346222], [1.5835653, 42.534609], [1.5834529, 42.5345881], [1.5833659, 42.5345115], [1.5832825, 42.534431], [1.5831991, 42.5343505], [1.583101, 42.5343691], [1.5829978, 42.5344221], [1.5828909, 42.5344657], [1.58278, 42.5344996], [1.5826663, 42.5345148], [1.5825595, 42.5344696], [1.582446, 42.5344599], [1.5823305, 42.5344681], [1.5822159, 42.5344858], [1.5821148, 42.5344434], [1.5820187, 42.5343786], [1.5819219, 42.5343148], [1.5818167, 42.5342662], [1.5817114, 42.5342177], [1.5816061, 42.5341691], [1.5815009, 42.5341205], [1.5813956, 42.5340719], [1.5812903, 42.5340233], [1.5811894, 42.5339668], [1.5810919, 42.5339041], [1.5809787, 42.5339152], [1.5808642, 42.5339331], [1.5807483, 42.5339372], [1.5806366, 42.5339122], [1.5805359, 42.5339089], [1.5804613, 42.5339976], [1.5803671, 42.534059], [1.580261, 42.5341055], [1.5801556, 42.5341539], [1.5800503, 42.5342023], [1.5799467, 42.5342542], [1.5798454, 42.5343106], [1.5797464, 42.5343706], [1.5796633, 42.5344514], [1.5795848, 42.5345367], [1.5795062, 42.5346219], [1.579408, 42.5346833], [1.5793089, 42.5347434], [1.5792473, 42.5346962], [1.5791896, 42.5345977], [1.5791652, 42.5344856], [1.5791508, 42.5343706], [1.5791356, 42.5342556], [1.5790905, 42.5341511], [1.5790021, 42.534077], [1.5788916, 42.5340429], [1.5787766, 42.5340309], [1.578662, 42.5340468], [1.5785488, 42.534072], [1.5784356, 42.5340972], [1.5783224, 42.5341224], [1.5782094, 42.5341483], [1.5780964, 42.5341743], [1.5779834, 42.5342002], [1.5778728, 42.5342348], [1.5777686, 42.5342851], [1.5776692, 42.5343447], [1.5775721, 42.534408], [1.577473, 42.534465], [1.5773571, 42.5344669], [1.5772414, 42.5344747], [1.5771258, 42.5344753], [1.5770111, 42.5344589], [1.5768992, 42.5344291], [1.5767878, 42.534397], [1.576675, 42.5343747], [1.5765609, 42.5343593], [1.5764481, 42.5343325], [1.5763353, 42.5343057], [1.5762225, 42.534279], [1.5761125, 42.5342426], [1.5760054, 42.5341987]], "mood_vectors": [[0.022, 0.0767, 0.0224, 0.7365, 0.0498, 0.0472, 0.0455], [0.0245, 0.0185, 0.0624, 0.743, 0.0759, 0.0327, 0.043], [0.0446, 0.0173, 0.049, 0.7473, 0.021, 0.0623, 0.0586], [0.0494, 0.0264, 0.0628, 0.7159, 0.0654, 0.0191, 0.061], [0.0587, 0.0311, 0.0625, 0.7031, 0.058, 0.0639, 0.0226], [0.0763, 0.0642, 0.0808, 0.5926, 0.0383, 0.0636, 0.0842], [0.0563, 0.0917, 0.0455, 0.7031, 0.0188, 0.0684, 0.0162], [0.0434, 0.0293, 0.0749, 0.695, 0.0777, 0.0551, 0.0246], [0.073, 0.0599, 0.0311, 0.6569, 0.0653, 0.0408, 0.073], [0.0289, 0.0821, 0.0327, 0.7075, 0.0315, 0.0482, 0.0691], [0.0408, 0.0451, 0.0241, 0.7893, 0.0537, 0.0257, 0.0214], [0.066, 0.0586, 0.015, 0.7477, 0.0284, 0.0662, 0.0181], [0.036, 0.0382, 0.0202, 0.7631, 0.0166, 0.0413, 0.0846], [0.0623, 0.0627, 0.0522, 0.6154, 0.06, 0.0683, 0.0791], [0.0149, 0.047, 0.0307, 0.7426, 0.0804, 0.0671, 0.0174], [0.0881, 0.0809, 0.0532, 0.6212, 0.0527, 0.025, 0.0789], [0.0261, 0.0204, 0.055, 0.7692, 0.0524, 0.0252, 0.0517], [0.0619, 0.0478, 0.068, 0.7519, 0.0182, 0.0292, 0.023], [0.0175, 0.0434, 0.0686, 0.6915, 0.0771, 0.0268, 0.0752], [0.057, 0.0725, 0.071, 0.6272, 0.0675, 0.072, 0.0328], [0.0171, 0.0818, 0.048, 0.7264, 0.0469, 0.0479, 0.0319], [0.0878, 0.059, 0.054, 0.621, 0.0635, 0.0338, 0.0808], [0.0307, 0.0173, 0.0786, 0.7496, 0.0174, 0.0509, 0.0556], [0.0715, 0.0763, 0.0948, 0.611, 0.0775, 0.0149, 0.054], [0.0438, 0.034, 0.0725, 0.7008, 0.0387, 0.0469, 0.0632], [0.0755, 0.0272, 0.0801, 0.6246, 0.0692, 0.0386, 0.0847], [0.0237, 0.0594, 0.0924, 0.6499, 0.0485, 0.0241, 0.102], [0.0418, 0.0222, 0.0791, 0.6411, 0.091, 0.0923, 0.0324], [0.024, 0.0569, 0.0617, 0.6713, 0.0354, 0.072, 0.0787], [0.0655, 0.0283, 0.0524, 0.6992, 0.0698, 0.0658, 0.0191], [0.0363, 0.069, 0.0383, 0.723, 0.0497, 0.0267, 0.057], [0.0693, 0.0403, 0.04, 0.7214, 0.0281, 0.0604, 0.0406], [0.0398, 0.0368, 0.0181, 0.7517, 0.0692, 0.0154, 0.069], [0.0734, 0.0813, 0.0228, 0.7154, 0.0145, 0.0398, 0.0529], [0.021, 0.0329, 0.0723, 0.6775, 0.0751, 0.0491, 0.0721], [0.0645, 0.0392, 0.0734, 0.7021, 0.0401, 0.0145, 0.0661], [0.0364, 0.0811, 0.072, 0.6974, 0.0317, 0.0435, 0.0379], [0.0532, 0.07, 0.0223, 0.6792, 0.0654, 0.0676, 0.0423], [0.086, 0.0799, 0.0234, 0.6557, 0.0815, 0.0241, 0.0494], [0.0515, 0.0545, 0.0542, 0.6901, 0.0519, 0.0377, 0.0601], [0.0409, 0.0785, 0.0253, 0.72, 0.0436, 0.0515, 0.0401], [0.0133, 0.0726, 0.0473, 0.7247, 0.0631, 0.0137, 0.0652], [0.038, 0.0163, 0.0282, 0.7412, 0.0631, 0.0648, 0.0483], [0.0534, 0.0214, 0.0726, 0.7276, 0.0127, 0.0537, 0.0585], [0.037, 0.0751, 0.0117, 0.774, 0.0408, 0.0269, 0.0346], [0.0421, 0.0899, 0.0612, 0.6468, 0.0267, 0.0808, 0.0526], [0.0269, 0.0405, 0.0115, 0.7595, 0.0347, 0.0638, 0.063], [0.0556, 0.0328, 0.0431, 0.6948, 0.078, 0.0214, 0.0743], [0.0345, 0.0628, 0.0211, 0.7725, 0.0254, 0.0206, 0.0632], [0.0677, 0.0804, 0.0234, 0.7148, 0.0396, 0.0544, 0.0197], [0.07, 0.0604, 0.0358, 0.6821, 0.0578, 0.0805, 0.0134], [0.0177, 0.0567, 0.0737, 0.6788, 0.0556, 0.0513, 0.0662], [0.07, 0.0445, 0.0476, 0.6652, 0.0142, 0.0829, 0.0756], [0.042, 0.0311, 0.0385, 0.7427, 0.054, 0.0196, 0.0721], [0.0586, 0.0614, 0.081, 0.7188, 0.0529, 0.0137, 0.0136], [0.0712, 0.0513, 0.0381, 0.7296, 0.0406, 0.0553, 0.0141], [0.0442, 0.079, 0.0294, 0.6611, 0.0765, 0.0601, 0.0497], [0.0992, 0.031, 0.0443, 0.6314, 0.0958, 0.0443, 0.054], [0.0227, 0.0778, 0.0628, 0.686, 0.0392, 0.0672, 0.0441], [0.0286, 0.0857, 0.0314, 0.6389, 0.0742, 0.0543, 0.087], [0.0669, 0.0332, 0.0593, 0.6881, 0.0314, 0.101, 0.0201], [0.0511, 0.0315, 0.0188, 0.6564, 0.0783, 0.0819, 0.082], [0.0688, 0.0428, 0.0609, 0.6514, 0.033, 0.0739, 0.0693], [0.0811, 0.0528, 0.046, 0.639, 0.0586, 0.0809, 0.0416], [0.0814, 0.0464, 0.0147, 0.7325, 0.0177, 0.0686, 0.0387], [0.0622, 0.0175, 0.0435, 0.7167, 0.0373, 0.0535, 0.0692], [0.0576, 0.0605, 0.0746, 0.6524, 0.0426, 0.0581, 0.0542], [0.0634, 0.0759, 0.0361, 0.7072, 0.0745, 0.0167, 0.0261], [0.0704, 0.0463, 0.0217, 0.7801, 0.0248, 0.0391, 0.0177], [0.0451, 0.0375, 0.0635, 0.753, 0.0155, 0.0377, 0.0477], [0.0497, 0.0277, 0.0392, 0.6834, 0.0514, 0.0727, 0.076], [0.0523, 0.0489, 0.0135, 0.7596, 0.0441, 0.0353, 0.0463], [0.0768, 0.022, 0.0583, 0.702, 0.066, 0.0458, 0.0292], [0.0837, 0.0758, 0.0631, 0.6519, 0.0471, 0.0269, 0.0515], [0.0491, 0.0358, 0.0435, 0.7027, 0.0561, 0.0462, 0.0666], [0.0354, 0.0327, 0.0154, 0.774, 0.0716, 0.0567, 0.0142], [0.0148, 0.0653, 0.0673, 0.7089, 0.0292, 0.0484, 0.0661], [0.0736, 0.0616, 0.0195, 0.7062, 0.0446, 0.0645, 0.0299], [0.0237, 0.0324, 0.0682, 0.7286, 0.0523, 0.0492, 0.0456], [0.0262, 0.0358, 0.0526, 0.7875, 0.0548, 0.0235, 0.0197]], "emotions": ["green", "green", "green", "green", "green", "green", "green", "green", "green", "green", "green", "green", "green", "green", "green", "green", "green", "green", "green", "green", "green", "green", "green", "green", "green", "green", "green", "green", "green", "green", "green", "green", "green", "green", "green", "green", "green", "green", "green", "green", "green", "green", "green", "green", "green", "green", "green", "green", "green", "green", "green", "green", "green", "green", "green", "green", "green", "green", "green", "green", "green", "green", "green", "green", "green", "green", "green", "green", "green", "green", "green", "green", "green", "green", "green", "green", "green", "green", "green", "green"], "timestamps": [0, 40, 80, 120, 160, 200, 240, 280, 320, 360, 400, 440, 480, 520, 560, 600, 640, 680, 720, 760, 800, 840, 880, 920, 960, 1000, 1040, 1080, 1120, 1160, 1200, 1240, 1280, 1320, 1360, 1400, 1440, 1480, 1520, 1560, 1600, 1640, 1680, 1720, 1760, 1800, 1840, 1880, 1920, 1960, 2000, 2040, 2080, 2120, 2160, 2200, 2240, 2280, 2320, 2360, 2400, 2440, 2480, 2520, 2560, 2600, 2640, 2680, 2720, 2760, 2800, 2840, 2880, 2920, 2960, 3000, 3040, 3080, 3120, 3160]}], "conversation": [], "conversation_timestamps": []}