{"agent_id": "agent-red-341", "type": "red", "trips": [{"trip_id": 0, "transport_method": "bicycle", "start_time": 0, "path": [[1.577333, 42.5340109], [1.5777523, 42.5331501], [1.5771972, 42.5328429], [1.5762457, 42.5326938], [1.5771469, 42.532814], [1.5777155, 42.5329178], [1.5767695, 42.5327373], [1.5758234, 42.5325568], [1.5748774, 42.5323763], [1.5751089, 42.5324485], [1.5760496, 42.5326281], [1.5752928, 42.5322222], [1.5744264, 42.5318016], [1.57356, 42.5313811], [1.5731317, 42.5312984], [1.5738146, 42.5319738], [1.5739168, 42.5319987], [1.573236, 42.5313175], [1.5725552, 42.5306364], [1.5719796, 42.5298694], [1.5712154, 42.5292911], [1.5704451, 42.528713], [1.5696749, 42.5281348], [1.5700486, 42.528361], [1.5708533, 42.5288901], [1.5711267, 42.529243], [1.5703252, 42.5287091], [1.5695236, 42.5281752], [1.5687221, 42.5276413], [1.5679205, 42.5271074], [1.5678651, 42.527082], [1.5687348, 42.5274948], [1.5687158, 42.5275517], [1.5679161, 42.5270151], [1.5671163, 42.5264784], [1.5663308, 42.5259218], [1.5654709, 42.5254921], [1.5645545, 42.5252372], [1.5636896, 42.524853], [1.562784, 42.5245334], [1.5621043, 42.5238641], [1.5614152, 42.5231968], [1.560629, 42.5226406], [1.5598703, 42.5221024], [1.5590595, 42.5216026], [1.5583312, 42.5209728], [1.557637, 42.5203055], [1.5570262, 42.5195882], [1.5568357, 42.5193776], [1.5561851, 42.5186674], [1.5565599, 42.5190743], [1.5561803, 42.5188773], [1.5554461, 42.518254], [1.5551658, 42.5179813], [1.5549585, 42.5178976], [1.5542352, 42.5172617], [1.5538255, 42.5169765], [1.5544902, 42.5176629], [1.5540123, 42.5170592], [1.5534816, 42.5162714], [1.5531056, 42.5153954], [1.5526995, 42.5145483], [1.5525625, 42.5136391], [1.551746, 42.5131433], [1.550992, 42.5125571], [1.550202, 42.5120426], [1.549298, 42.5117171], [1.5483628, 42.5114871], [1.5474282, 42.5112552], [1.5465576, 42.510886], [1.5462302, 42.5100476], [1.5462066, 42.5100739], [1.5456296, 42.5094698], [1.5446903, 42.5093162], [1.5437556, 42.5091369], [1.5428235, 42.5089259], [1.5418803, 42.5089121], [1.5410042, 42.5092367], [1.5407581, 42.5099567], [1.5409847, 42.5102661]], "mood_vectors": [[0.6953, 0.0816, 0.0293, 0.0161, 0.0817, 0.0363, 0.0598], [0.6385, 0.0431, 0.0659, 0.0707, 0.0768, 0.0504, 0.0546], [0.7191, 0.0203, 0.0708, 0.0194, 0.0396, 0.0684, 0.0625], [0.7086, 0.0261, 0.0477, 0.0385, 0.0401, 0.0621, 0.0768], [0.7103, 0.0281, 0.0228, 0.0608, 0.0672, 0.0727, 0.0381], [0.7858, 0.0182, 0.0281, 0.0471, 0.0129, 0.0688, 0.039], [0.6583, 0.0489, 0.0676, 0.0389, 0.0726, 0.0396, 0.0742], [0.7108, 0.0501, 0.0733, 0.0386, 0.0172, 0.0597, 0.0504], [0.7138, 0.0171, 0.0481, 0.0152, 0.0724, 0.06, 0.0735], [0.7017, 0.0831, 0.0144, 0.0528, 0.0488, 0.0164, 0.0828], [0.7479, 0.0295, 0.0292, 0.0277, 0.019, 0.0824, 0.0643], [0.7263, 0.057, 0.0514, 0.0418, 0.0569, 0.0528, 0.0138], [0.6755, 0.0669, 0.0749, 0.0368, 0.021, 0.0593, 0.0657], [0.6667, 0.0606, 0.0531, 0.0365, 0.0609, 0.0718, 0.0504], [0.7584, 0.0683, 0.0245, 0.0531, 0.0349, 0.0197, 0.041], [0.6951, 0.083, 0.0449, 0.0489, 0.0767, 0.0179, 0.0336], [0.7066, 0.047, 0.0676, 0.0151, 0.0493, 0.0833, 0.031], [0.6921, 0.0286, 0.0447, 0.0349, 0.0739, 0.0666, 0.0591], [0.7205, 0.0272, 0.0383, 0.0345, 0.0725, 0.0666, 0.0403], [0.76, 0.0447, 0.0395, 0.0526, 0.0209, 0.0329, 0.0493], [0.6709, 0.0538, 0.0659, 0.0776, 0.0353, 0.0599, 0.0367], [0.6203, 0.0468, 0.0818, 0.0282, 0.0718, 0.0699, 0.0813], [0.6847, 0.0211, 0.0726, 0.0313, 0.0662, 0.0924, 0.0318], [0.656, 0.0576, 0.0603, 0.0503, 0.0331, 0.0696, 0.073], [0.7201, 0.0215, 0.0168, 0.0799, 0.0696, 0.0588, 0.0332], [0.6981, 0.0502, 0.0261, 0.0518, 0.0764, 0.0269, 0.0705], [0.6727, 0.0497, 0.0891, 0.0405, 0.0369, 0.051, 0.0601], [0.7339, 0.0612, 0.0477, 0.0371, 0.045, 0.0211, 0.054], [0.6665, 0.0467, 0.0261, 0.0736, 0.084, 0.0277, 0.0754], [0.7415, 0.0363, 0.0145, 0.0333, 0.0891, 0.0599, 0.0254], [0.7259, 0.0323, 0.0768, 0.0758, 0.0171, 0.033, 0.0392], [0.7521, 0.0241, 0.0635, 0.0521, 0.0107, 0.0374, 0.06], [0.6663, 0.1003, 0.0262, 0.0255, 0.0901, 0.0267, 0.0649], [0.6987, 0.0388, 0.0755, 0.0358, 0.0391, 0.0566, 0.0556], [0.6987, 0.0444, 0.0377, 0.0447, 0.0607, 0.0709, 0.0428], [0.6071, 0.0445, 0.0838, 0.0663, 0.0585, 0.0775, 0.0623], [0.6169, 0.057, 0.0912, 0.0349, 0.044, 0.0788, 0.0772], [0.6444, 0.0624, 0.0282, 0.0803, 0.0786, 0.0266, 0.0794], [0.6467, 0.0808, 0.064, 0.0871, 0.0507, 0.0475, 0.0233], [0.7682, 0.0271, 0.0278, 0.0366, 0.0323, 0.0356, 0.0723], [0.7193, 0.0333, 0.0188, 0.0418, 0.0618, 0.0608, 0.0642], [0.7369, 0.0149, 0.0253, 0.0291, 0.0656, 0.0725, 0.0558], [0.7861, 0.0622, 0.0124, 0.0464, 0.0163, 0.0376, 0.0391], [0.7417, 0.019, 0.049, 0.0638, 0.0224, 0.0662, 0.038], [0.724, 0.0326, 0.0652, 0.0382, 0.0258, 0.0726, 0.0416], [0.6627, 0.0707, 0.0266, 0.0567, 0.064, 0.0604, 0.0589], [0.6601, 0.0645, 0.0525, 0.0709, 0.068, 0.0203, 0.0637], [0.7095, 0.0127, 0.0718, 0.0608, 0.0683, 0.0213, 0.0555], [0.8003, 0.027, 0.0289, 0.0492, 0.0279, 0.0368, 0.0299], [0.6364, 0.0841, 0.0736, 0.0188, 0.0806, 0.0493, 0.0573], [0.7582, 0.0184, 0.0536, 0.0344, 0.0418, 0.0711, 0.0226], [0.7399, 0.0277, 0.04, 0.0403, 0.0442, 0.0426, 0.0653], [0.6909, 0.0168, 0.0951, 0.0468, 0.0663, 0.0262, 0.058], [0.638, 0.0199, 0.083, 0.077, 0.0822, 0.0355, 0.0644], [0.7178, 0.0187, 0.0486, 0.0363, 0.0551, 0.0722, 0.0512], [0.6236, 0.0778, 0.0412, 0.0358, 0.0925, 0.0506, 0.0784], [0.7273, 0.0601, 0.0232, 0.06, 0.0687, 0.0285, 0.0322], [0.6419, 0.0615, 0.0744, 0.092, 0.019, 0.0449, 0.0664], [0.6882, 0.0301, 0.0668, 0.0544, 0.0661, 0.0588, 0.0356], [0.7858, 0.0141, 0.0748, 0.0224, 0.0292, 0.045, 0.0288], [0.6998, 0.044, 0.0558, 0.0385, 0.0277, 0.0333, 0.1009], [0.6764, 0.0547, 0.0852, 0.083, 0.0266, 0.0502, 0.0239], [0.6947, 0.0761, 0.0324, 0.0365, 0.089, 0.0461, 0.0253], [0.6287, 0.0269, 0.0728, 0.084, 0.0649, 0.0825, 0.0402], [0.6423, 0.0634, 0.043, 0.0835, 0.0772, 0.0575, 0.0331], [0.7026, 0.0413, 0.0654, 0.0436, 0.073, 0.0462, 0.028], [0.748, 0.0735, 0.0173, 0.0152, 0.0272, 0.0528, 0.066], [0.7214, 0.027, 0.0626, 0.0612, 0.0422, 0.0132, 0.0725], [0.7221, 0.0622, 0.0326, 0.0166, 0.0161, 0.0816, 0.0687], [0.7503, 0.0184, 0.0172, 0.0795, 0.012, 0.0655, 0.0571], [0.7152, 0.0779, 0.0348, 0.0302, 0.0629, 0.0388, 0.0402], [0.6502, 0.0234, 0.0703, 0.048, 0.07, 0.0612, 0.0769], [0.6452, 0.0558, 0.0793, 0.0869, 0.0647, 0.0299, 0.0382], [0.7511, 0.0154, 0.0266, 0.0337, 0.0608, 0.0687, 0.0436], [0.7225, 0.0456, 0.0127, 0.0235, 0.0835, 0.0568, 0.0553], [0.7208, 0.0125, 0.0397, 0.0823, 0.0822, 0.0318, 0.0308], [0.6859, 0.0327, 0.0403, 0.0536, 0.0644, 0.0575, 0.0657], [0.5984, 0.0733, 0.0863, 0.0634, 0.0721, 0.0678, 0.0386], [0.7484, 0.0233, 0.0553, 0.0225, 0.0667, 0.025, 0.0588], [0.7362, 0.0804, 0.0246, 0.0693, 0.028, 0.028, 0.0335]], "emotions": ["red", "red", "red", "red", "red", "red", "red", "red", "red", "red", "red", "red", "red", "red", "red", "red", "red", "red", "red", "red", "red", "red", "red", "red", "red", "red", "red", "red", "red", "red", "red", "red", "red", "red", "red", "red", "red", "red", "red", "red", "red", "red", "red", "red", "red", "red", "red", "red", "red", "red", "red", "red", "red", "red", "red", "red", "red", "red", "red", "red", "red", "red", "red", "red", "red", "red", "red", "red", "red", "red", "red", "red", "red", "red", "red", "red", "red", "red", "red", "red"], "timestamps": [0, 40, 80, 120, 160, 200, 240, 280, 320, 360, 400, 440, 480, 520, 560, 600, 640, 680, 720, 760, 800, 840, 880, 920, 960, 1000, 1040, 1080, 1120, 1160, 1200, 1240, 1280, 1320, 1360, 1400, 1440, 1480, 1520, 1560, 1600, 1640, 1680, 1720, 1760, 1800, 1840, 1880, 1920, 1960, 2000, 2040, 2080, 2120, 2160, 2200, 2240, 2280, 2320, 2360, 2400, 2440, 2480, 2520, 2560, 2600, 2640, 2680, 2720, 2760, 2800, 2840, 2880, 2920, 2960, 3000, 3040, 3080, 3120, 3160]}], "conversation": [], "conversation_timestamps": []}