{"agent_id": "agent-green-1607", "type": "green", "trips": [{"trip_id": 0, "transport_method": "foot", "start_time": 0, "path": [[1.5322592, 42.5078832], [1.5319959, 42.5075969], [1.5317644, 42.5072992], [1.5319991, 42.5076008], [1.5316654, 42.5074048], [1.5313302, 42.5072074], [1.5309885, 42.5070229], [1.5306308, 42.5068702], [1.5303029, 42.5066634], [1.5299815, 42.5064445], [1.5296651, 42.5062183], [1.5293458, 42.5059961], [1.5290083, 42.5058127], [1.5286337, 42.5057079], [1.5282591, 42.5056032], [1.5278833, 42.5055029], [1.5275122, 42.5053888], [1.5271357, 42.5053139], [1.5267488, 42.505298], [1.5263602, 42.5053162], [1.5259741, 42.5053019], [1.5255924, 42.505227], [1.5252107, 42.5051521], [1.524829, 42.5050772], [1.5244474, 42.5050023], [1.5240639, 42.5049374], [1.5236817, 42.5048657], [1.5233001, 42.5047979], [1.5229133, 42.504763], [1.5225276, 42.5047131], [1.522155, 42.5048187], [1.5217988, 42.5046992], [1.5214454, 42.5045369], [1.5210919, 42.5043746], [1.5207384, 42.5042123], [1.5203849, 42.5040499], [1.5200315, 42.5038876], [1.5200276, 42.5038714], [1.5203873, 42.5040194], [1.5207468, 42.5041678], [1.5211063, 42.5043163], [1.5214697, 42.5044544], [1.5218353, 42.5045855], [1.5220743, 42.5048278], [1.5217097, 42.5046925], [1.521345, 42.5045572], [1.5209803, 42.5044219], [1.5206157, 42.5042866], [1.520251, 42.5041513], [1.5198863, 42.504016], [1.5195217, 42.5038806], [1.5191704, 42.5037214], [1.5188538, 42.5035635], [1.518468, 42.5036133], [1.5180823, 42.5036631], [1.5176965, 42.5037129], [1.5173098, 42.5037471], [1.5169215, 42.5037322], [1.5165396, 42.5036608], [1.5161808, 42.5035146], [1.5158573, 42.5032992], [1.5155443, 42.5030685], [1.5152154, 42.5028609], [1.5148855, 42.5026548], [1.5145498, 42.502468], [1.5141715, 42.5023775], [1.5138327, 42.5021907], [1.5135737, 42.5019024], [1.5133308, 42.5015985], [1.5131021, 42.501284], [1.5128589, 42.5009827], [1.5126119, 42.500685], [1.5124002, 42.5003626], [1.512161, 42.5000559], [1.5119218, 42.4997492], [1.5116815, 42.4994433], [1.5114377, 42.4991402], [1.5112802, 42.4987867], [1.5111788, 42.4985152], [1.5113719, 42.4988528]], "mood_vectors": [[0.0714, 0.0163, 0.0481, 0.0332, 0.058, 0.0191, 0.7539], [0.0187, 0.059, 0.0281, 0.0867, 0.0324, 0.033, 0.7421], [0.0134, 0.0609, 0.0715, 0.0529, 0.0555, 0.0567, 0.689], [0.0221, 0.0388, 0.0421, 0.0717, 0.0658, 0.0367, 0.7228], [0.0264, 0.0427, 0.0955, 0.0294, 0.0432, 0.0742, 0.6885], [0.0392, 0.0227, 0.0446, 0.0429, 0.0237, 0.0187, 0.8083], [0.0327, 0.079, 0.0662, 0.057, 0.0839, 0.0831, 0.598], [0.0606, 0.0609, 0.0171, 0.0713, 0.07, 0.0413, 0.6788], [0.0612, 0.0524, 0.0612, 0.0439, 0.0616, 0.0615, 0.6582], [0.0164, 0.0129, 0.0694, 0.017, 0.0253, 0.0469, 0.812], [0.0369, 0.0472, 0.0272, 0.0874, 0.0871, 0.0867, 0.6275], [0.0672, 0.0636, 0.0139, 0.07, 0.0443, 0.0284, 0.7126], [0.0914, 0.0809, 0.0735, 0.0188, 0.0214, 0.0485, 0.6654], [0.0279, 0.0264, 0.0152, 0.0754, 0.0916, 0.0504, 0.7132], [0.1014, 0.0487, 0.0259, 0.0318, 0.0921, 0.0151, 0.685], [0.0778, 0.0696, 0.0611, 0.0214, 0.0648, 0.0204, 0.6849], [0.0532, 0.0542, 0.0711, 0.0291, 0.0534, 0.0418, 0.6973], [0.0629, 0.0491, 0.0114, 0.0557, 0.0388, 0.0516, 0.7306], [0.0238, 0.0354, 0.0682, 0.0182, 0.089, 0.06, 0.7054], [0.0658, 0.063, 0.0194, 0.0466, 0.0752, 0.0706, 0.6594], [0.0968, 0.0266, 0.045, 0.0637, 0.0327, 0.0447, 0.6906], [0.0379, 0.0585, 0.0195, 0.0379, 0.0727, 0.0649, 0.7087], [0.0795, 0.0479, 0.0666, 0.053, 0.07, 0.041, 0.6421], [0.0635, 0.0434, 0.0716, 0.0541, 0.0554, 0.0648, 0.6471], [0.0411, 0.0193, 0.0848, 0.0669, 0.077, 0.0512, 0.6597], [0.0616, 0.0205, 0.0402, 0.0637, 0.0372, 0.0218, 0.7551], [0.0164, 0.0696, 0.0619, 0.0248, 0.0592, 0.0249, 0.7432], [0.0536, 0.0665, 0.059, 0.0303, 0.0245, 0.0554, 0.7107], [0.06, 0.0664, 0.0947, 0.0501, 0.0884, 0.0505, 0.5898], [0.0666, 0.0459, 0.0793, 0.0894, 0.0377, 0.021, 0.6601], [0.0187, 0.0339, 0.0516, 0.0727, 0.0178, 0.0388, 0.7664], [0.0563, 0.0548, 0.0276, 0.0611, 0.0155, 0.0568, 0.7279], [0.0772, 0.0585, 0.0322, 0.0874, 0.0412, 0.0457, 0.6577], [0.0182, 0.0142, 0.046, 0.0726, 0.0459, 0.0284, 0.7747], [0.0552, 0.055, 0.0641, 0.0782, 0.0574, 0.062, 0.6282], [0.0286, 0.0757, 0.0676, 0.0412, 0.0793, 0.0156, 0.6919], [0.0599, 0.0715, 0.06, 0.073, 0.016, 0.0518, 0.6678], [0.072, 0.0469, 0.0253, 0.0447, 0.036, 0.0141, 0.761], [0.0825, 0.0299, 0.0556, 0.0435, 0.0756, 0.0149, 0.6981], [0.0387, 0.048, 0.0629, 0.0557, 0.0155, 0.0744, 0.7049], [0.0501, 0.0499, 0.0725, 0.0487, 0.0414, 0.0311, 0.7063], [0.0686, 0.0196, 0.0855, 0.0592, 0.0214, 0.0711, 0.6746], [0.0241, 0.0181, 0.0621, 0.0602, 0.0545, 0.0498, 0.7312], [0.0213, 0.0555, 0.0317, 0.026, 0.0347, 0.0856, 0.7452], [0.0458, 0.0727, 0.0391, 0.0165, 0.0314, 0.0583, 0.736], [0.0162, 0.0276, 0.0685, 0.0805, 0.0541, 0.0444, 0.7086], [0.0744, 0.0568, 0.0555, 0.0517, 0.0414, 0.0294, 0.6909], [0.0518, 0.0175, 0.074, 0.0562, 0.0507, 0.0172, 0.7326], [0.0641, 0.0432, 0.0725, 0.0327, 0.0214, 0.0792, 0.6869], [0.0319, 0.0389, 0.1064, 0.0332, 0.0595, 0.0426, 0.6874], [0.0772, 0.0147, 0.0231, 0.0376, 0.0812, 0.0523, 0.7139], [0.0858, 0.084, 0.0516, 0.0477, 0.0443, 0.0148, 0.6719], [0.0391, 0.0121, 0.0282, 0.065, 0.0363, 0.0272, 0.7921], [0.0268, 0.0272, 0.0157, 0.0168, 0.0844, 0.0125, 0.8166], [0.0468, 0.0527, 0.0699, 0.0663, 0.0642, 0.0696, 0.6304], [0.0804, 0.028, 0.0496, 0.079, 0.0742, 0.0612, 0.6275], [0.0779, 0.03, 0.0592, 0.0247, 0.0595, 0.0156, 0.7332], [0.0917, 0.0247, 0.0546, 0.0148, 0.0249, 0.0421, 0.7471], [0.0287, 0.0527, 0.0578, 0.0687, 0.0211, 0.0774, 0.6935], [0.0418, 0.0602, 0.0763, 0.0239, 0.0396, 0.0712, 0.6872], [0.0523, 0.0326, 0.0254, 0.0505, 0.0522, 0.0237, 0.7634], [0.0918, 0.0471, 0.0275, 0.0249, 0.0731, 0.0462, 0.6894], [0.0707, 0.061, 0.0272, 0.0422, 0.0288, 0.0527, 0.7176], [0.0175, 0.0235, 0.0824, 0.0468, 0.0689, 0.0436, 0.7173], [0.0514, 0.0423, 0.074, 0.074, 0.0675, 0.0623, 0.6285], [0.0415, 0.061, 0.103, 0.0527, 0.0362, 0.0436, 0.662], [0.0221, 0.0552, 0.0522, 0.0315, 0.0491, 0.0799, 0.71], [0.0777, 0.0701, 0.0445, 0.0394, 0.0291, 0.0431, 0.6961], [0.0263, 0.021, 0.0301, 0.0224, 0.027, 0.03, 0.8432], [0.0379, 0.0335, 0.0468, 0.0802, 0.0218, 0.055, 0.7249], [0.0449, 0.0501, 0.0484, 0.0482, 0.0217, 0.0657, 0.721], [0.0302, 0.0553, 0.0665, 0.0716, 0.0499, 0.044, 0.6826], [0.0461, 0.0344, 0.0778, 0.0716, 0.0411, 0.0489, 0.6801], [0.0493, 0.0388, 0.0396, 0.0575, 0.0518, 0.0358, 0.7272], [0.0737, 0.0687, 0.024, 0.0246, 0.0651, 0.0223, 0.7215], [0.0498, 0.0821, 0.0233, 0.073, 0.0464, 0.0284, 0.6971], [0.0506, 0.0486, 0.0679, 0.0274, 0.0862, 0.0956, 0.6238], [0.0675, 0.0762, 0.0739, 0.0409, 0.0568, 0.0859, 0.5988], [0.053, 0.0477, 0.0275, 0.0295, 0.0159, 0.0769, 0.7494], [0.0327, 0.0702, 0.0739, 0.0808, 0.0161, 0.0145, 0.7119]], "emotions": ["purple", "purple", "purple", "purple", "purple", "purple", "purple", "purple", "purple", "purple", "purple", "purple", "purple", "purple", "purple", "purple", "purple", "purple", "purple", "purple", "purple", "purple", "purple", "purple", "purple", "purple", "purple", "purple", "purple", "purple", "purple", "purple", "purple", "purple", "purple", "purple", "purple", "purple", "purple", "purple", "purple", "purple", "purple", "purple", "purple", "purple", "purple", "purple", "purple", "purple", "purple", "purple", "purple", "purple", "purple", "purple", "purple", "purple", "purple", "purple", "purple", "purple", "purple", "purple", "purple", "purple", "purple", "purple", "purple", "purple", "purple", "purple", "purple", "purple", "purple", "purple", "purple", "purple", "purple", "purple"], "timestamps": [0, 40, 80, 120, 160, 200, 240, 280, 320, 360, 400, 440, 480, 520, 560, 600, 640, 680, 720, 760, 800, 840, 880, 920, 960, 1000, 1040, 1080, 1120, 1160, 1200, 1240, 1280, 1320, 1360, 1400, 1440, 1480, 1520, 1560, 1600, 1640, 1680, 1720, 1760, 1800, 1840, 1880, 1920, 1960, 2000, 2040, 2080, 2120, 2160, 2200, 2240, 2280, 2320, 2360, 2400, 2440, 2480, 2520, 2560, 2600, 2640, 2680, 2720, 2760, 2800, 2840, 2880, 2920, 2960, 3000, 3040, 3080, 3120, 3160]}], "conversation": [], "conversation_timestamps": []}