{"agent_id": "agent-red-516", "type": "red", "trips": [{"trip_id": 0, "transport_method": "bus", "start_time": 0, "path": [[1.5216402, 42.5066019], [1.5223192, 42.5068196], [1.5225921, 42.5075542], [1.5233739, 42.5078089], [1.5242008, 42.5077746], [1.5250076, 42.5079545], [1.5257526, 42.5082406], [1.5265182, 42.5084921], [1.5273435, 42.5085435], [1.5280625, 42.5089419], [1.5286554, 42.5095193], [1.5292291, 42.5100935], [1.5295382, 42.5107458], [1.5298441, 42.5113177], [1.5305334, 42.5116895], [1.5309727, 42.5122912], [1.5305028, 42.5129736], [1.5302923, 42.5137578], [1.5301846, 42.5144748], [1.5295536, 42.5149898], [1.5290339, 42.5156296], [1.5283578, 42.5160931], [1.5276403, 42.5165074], [1.5269229, 42.5169217], [1.5263376, 42.5172338], [1.5270672, 42.5168963], [1.5277806, 42.5165073], [1.5285274, 42.5161612], [1.5286861, 42.5159201], [1.5279914, 42.5163715], [1.5272967, 42.5168229], [1.526602, 42.5172744], [1.5259073, 42.5177258], [1.5252126, 42.5181772], [1.524753, 42.5185172], [1.5253975, 42.5180017], [1.5259823, 42.5174254], [1.525874, 42.5176014], [1.5252001, 42.5180833], [1.5245262, 42.5185651], [1.5239305, 42.5190882], [1.5238234, 42.5199097], [1.5235387, 42.5206829], [1.5231302, 42.5213969], [1.52246, 42.5218804], [1.5219155, 42.5224913], [1.521618, 42.5232602], [1.5210925, 42.5238998], [1.5206778, 42.5246122], [1.5207706, 42.5254147], [1.5207436, 42.5262253], [1.520587, 42.5270099], [1.5208734, 42.5277322], [1.5211323, 42.5284936], [1.5216268, 42.5291205], [1.5218358, 42.5296446], [1.5213155, 42.5302565], [1.521225, 42.5308969], [1.5208768, 42.5316386], [1.5212601, 42.5323694], [1.5210927, 42.5330817], [1.520783, 42.5336968], [1.5211658, 42.5344026], [1.5218928, 42.5347833], [1.5224422, 42.53539], [1.522967, 42.5360285], [1.5235426, 42.5364907], [1.5243397, 42.5366846], [1.5250241, 42.5368579], [1.5251971, 42.5374835], [1.5244345, 42.537561], [1.5236837, 42.5378988], [1.5231503, 42.5384351], [1.5231464, 42.5392554], [1.5232289, 42.5400758], [1.5235166, 42.5408256], [1.5233131, 42.5410206], [1.5228757, 42.5417098], [1.5229226, 42.5425205], [1.5225084, 42.5430939]], "mood_vectors": [[0.6733, 0.0593, 0.068, 0.0434, 0.0318, 0.0649, 0.0593], [0.6775, 0.0786, 0.0628, 0.0565, 0.0484, 0.0327, 0.0435], [0.6644, 0.0536, 0.0336, 0.0696, 0.0358, 0.0573, 0.0857], [0.7665, 0.0331, 0.0257, 0.0337, 0.0828, 0.0153, 0.0429], [0.7665, 0.0174, 0.02, 0.077, 0.0476, 0.0537, 0.0178], [0.7, 0.0906, 0.0295, 0.0414, 0.0182, 0.0646, 0.0556], [0.7377, 0.0223, 0.0738, 0.0599, 0.0173, 0.0656, 0.0234], [0.6747, 0.0664, 0.0416, 0.047, 0.0631, 0.0405, 0.0667], [0.7458, 0.0434, 0.013, 0.0729, 0.0648, 0.0312, 0.0289], [0.6734, 0.0856, 0.0286, 0.0271, 0.0569, 0.0378, 0.0906], [0.6761, 0.0222, 0.0898, 0.0333, 0.019, 0.0686, 0.091], [0.7075, 0.077, 0.0608, 0.0294, 0.0617, 0.041, 0.0226], [0.7262, 0.059, 0.0373, 0.0369, 0.0499, 0.0339, 0.0568], [0.7273, 0.0303, 0.0205, 0.0345, 0.0224, 0.0806, 0.0844], [0.8035, 0.0279, 0.0459, 0.037, 0.0214, 0.046, 0.0182], [0.7983, 0.018, 0.0674, 0.0545, 0.0174, 0.0196, 0.0248], [0.713, 0.0546, 0.0163, 0.0222, 0.0935, 0.0568, 0.0436], [0.6524, 0.0841, 0.0696, 0.0157, 0.0814, 0.0685, 0.0283], [0.6848, 0.0397, 0.0486, 0.0664, 0.073, 0.0719, 0.0157], [0.7049, 0.0325, 0.0377, 0.072, 0.0449, 0.0441, 0.0639], [0.7342, 0.0673, 0.0158, 0.0213, 0.0566, 0.0746, 0.0303], [0.7087, 0.0744, 0.0539, 0.0553, 0.0595, 0.0165, 0.0316], [0.6483, 0.0837, 0.0939, 0.0342, 0.0367, 0.0407, 0.0626], [0.6636, 0.0285, 0.083, 0.0561, 0.037, 0.0778, 0.0539], [0.728, 0.0605, 0.0475, 0.0359, 0.0289, 0.0585, 0.0407], [0.6569, 0.0759, 0.0598, 0.0609, 0.0207, 0.0679, 0.0579], [0.7024, 0.0613, 0.0261, 0.0224, 0.0738, 0.0384, 0.0756], [0.723, 0.0537, 0.0524, 0.0283, 0.058, 0.0115, 0.0731], [0.7317, 0.0387, 0.0355, 0.0161, 0.0728, 0.0501, 0.0551], [0.7327, 0.0792, 0.0165, 0.0407, 0.0562, 0.0454, 0.0294], [0.6763, 0.0212, 0.0559, 0.0383, 0.0824, 0.0528, 0.073], [0.7829, 0.0366, 0.0215, 0.068, 0.0376, 0.0396, 0.0139], [0.7825, 0.0271, 0.0434, 0.0563, 0.0307, 0.0298, 0.0301], [0.7564, 0.0551, 0.0602, 0.0131, 0.0683, 0.0233, 0.0236], [0.7511, 0.0444, 0.0581, 0.0427, 0.0256, 0.0495, 0.0286], [0.7394, 0.0211, 0.0426, 0.0437, 0.05, 0.0648, 0.0383], [0.7303, 0.0668, 0.0302, 0.05, 0.0243, 0.0429, 0.0555], [0.7392, 0.0832, 0.0627, 0.0207, 0.0165, 0.0207, 0.057], [0.6919, 0.0625, 0.0478, 0.0828, 0.073, 0.0221, 0.02], [0.7307, 0.0131, 0.0533, 0.0818, 0.0338, 0.0268, 0.0606], [0.6543, 0.0459, 0.0581, 0.0345, 0.0644, 0.0568, 0.0859], [0.7415, 0.031, 0.0202, 0.0486, 0.0286, 0.0465, 0.0835], [0.6224, 0.0505, 0.0561, 0.0401, 0.0879, 0.0604, 0.0826], [0.6678, 0.0724, 0.0295, 0.0275, 0.0709, 0.0417, 0.0902], [0.6486, 0.0731, 0.0467, 0.0384, 0.0722, 0.0559, 0.0652], [0.6931, 0.03, 0.0393, 0.0924, 0.0169, 0.0452, 0.0831], [0.7069, 0.0564, 0.0229, 0.0659, 0.02, 0.0709, 0.0571], [0.6954, 0.0453, 0.0734, 0.0153, 0.0599, 0.0552, 0.0555], [0.7447, 0.0257, 0.046, 0.0212, 0.0541, 0.0722, 0.0361], [0.7645, 0.0268, 0.0294, 0.0516, 0.0216, 0.0188, 0.0872], [0.681, 0.0508, 0.0562, 0.0706, 0.0692, 0.041, 0.0312], [0.6331, 0.0596, 0.0635, 0.057, 0.067, 0.07, 0.0498], [0.7021, 0.0676, 0.0459, 0.027, 0.0543, 0.0764, 0.0268], [0.7277, 0.0675, 0.0705, 0.02, 0.0231, 0.0555, 0.0357], [0.6942, 0.0771, 0.0615, 0.0302, 0.0263, 0.0743, 0.0363], [0.7356, 0.0558, 0.0377, 0.0554, 0.0162, 0.0397, 0.0596], [0.6986, 0.0604, 0.0509, 0.061, 0.0705, 0.0346, 0.0239], [0.7649, 0.0467, 0.0568, 0.0315, 0.037, 0.0511, 0.0119], [0.6922, 0.0654, 0.0457, 0.0164, 0.0398, 0.0791, 0.0613], [0.7455, 0.0346, 0.0587, 0.019, 0.0396, 0.0694, 0.0331], [0.6963, 0.0787, 0.0412, 0.0131, 0.0369, 0.0708, 0.0629], [0.6053, 0.0759, 0.0656, 0.0394, 0.0703, 0.0711, 0.0725], [0.6879, 0.0449, 0.0536, 0.0722, 0.0197, 0.0683, 0.0533], [0.7113, 0.057, 0.0367, 0.0756, 0.0286, 0.0348, 0.056], [0.6676, 0.0213, 0.0644, 0.0823, 0.0751, 0.0695, 0.0198], [0.7532, 0.0143, 0.0318, 0.0567, 0.05, 0.0204, 0.0736], [0.6581, 0.0928, 0.0538, 0.0733, 0.0398, 0.0253, 0.0569], [0.6987, 0.0541, 0.0639, 0.0279, 0.0769, 0.0322, 0.0463], [0.765, 0.0705, 0.0569, 0.0435, 0.0219, 0.0214, 0.021], [0.7296, 0.0614, 0.0232, 0.0484, 0.0694, 0.013, 0.0551], [0.6747, 0.0584, 0.0546, 0.0316, 0.0757, 0.0661, 0.0389], [0.5957, 0.0788, 0.0679, 0.0666, 0.041, 0.0688, 0.0812], [0.6537, 0.0398, 0.0769, 0.0793, 0.0386, 0.0223, 0.0893], [0.7346, 0.069, 0.0266, 0.0126, 0.0747, 0.0296, 0.053], [0.7382, 0.0842, 0.0646, 0.0191, 0.0275, 0.0319, 0.0344], [0.6052, 0.0898, 0.0708, 0.0686, 0.0847, 0.0388, 0.042], [0.7978, 0.0162, 0.0496, 0.0663, 0.0137, 0.0192, 0.0372], [0.7166, 0.0447, 0.0162, 0.0598, 0.0682, 0.0351, 0.0593], [0.6623, 0.0667, 0.0491, 0.0825, 0.0297, 0.0349, 0.0747], [0.6529, 0.0665, 0.0273, 0.042, 0.072, 0.0593, 0.08]], "emotions": ["red", "red", "red", "red", "red", "red", "red", "red", "red", "red", "red", "red", "red", "red", "red", "red", "red", "red", "red", "red", "red", "red", "red", "red", "red", "red", "red", "red", "red", "red", "red", "red", "red", "red", "red", "red", "red", "red", "red", "red", "red", "red", "red", "red", "red", "red", "red", "red", "red", "red", "red", "red", "red", "red", "red", "red", "red", "red", "red", "red", "red", "red", "red", "red", "red", "red", "red", "red", "red", "red", "red", "red", "red", "red", "red", "red", "red", "red", "red", "red"], "timestamps": [0, 40, 80, 120, 160, 200, 240, 280, 320, 360, 400, 440, 480, 520, 560, 600, 640, 680, 720, 760, 800, 840, 880, 920, 960, 1000, 1040, 1080, 1120, 1160, 1200, 1240, 1280, 1320, 1360, 1400, 1440, 1480, 1520, 1560, 1600, 1640, 1680, 1720, 1760, 1800, 1840, 1880, 1920, 1960, 2000, 2040, 2080, 2120, 2160, 2200, 2240, 2280, 2320, 2360, 2400, 2440, 2480, 2520, 2560, 2600, 2640, 2680, 2720, 2760, 2800, 2840, 2880, 2920, 2960, 3000, 3040, 3080, 3120, 3160]}], "conversation": [], "conversation_timestamps": []}