{"agent_id": "agent-purple-1124", "type": "purple", "trips": [{"trip_id": 0, "transport_method": "car", "start_time": 0, "path": [[1.5870979, 42.5336882], [1.5873166, 42.5337118], [1.5875287, 42.5337597], [1.587729, 42.5338506], [1.5879, 42.5339886], [1.5880726, 42.534125], [1.5880943, 42.534325], [1.5880679, 42.5345411], [1.588093, 42.5347578], [1.5882602, 42.5348959], [1.5883401, 42.5350833], [1.5881816, 42.5352157], [1.5879685, 42.5352674], [1.5877496, 42.5352895], [1.5875307, 42.5353117], [1.5873119, 42.5353338], [1.587093, 42.5353559], [1.5868742, 42.5353781], [1.5866553, 42.5354002], [1.5866027, 42.5354615], [1.5868192, 42.535496], [1.587038, 42.5355137], [1.5872532, 42.5354708], [1.5874586, 42.5353919], [1.587665, 42.5353161], [1.5878732, 42.5352449], [1.5879507, 42.5352672], [1.5877313, 42.5352832], [1.5875119, 42.5352993], [1.5872926, 42.5353153], [1.5870732, 42.5353313], [1.5868538, 42.5353474], [1.5866344, 42.5353634], [1.586415, 42.5353794], [1.586196, 42.5353664], [1.5859765, 42.5353657], [1.5857653, 42.535419], [1.5855764, 42.5355286], [1.5853665, 42.5354784], [1.5851622, 42.5353977], [1.5849649, 42.5353003], [1.5847647, 42.5352099], [1.5845558, 42.5351431], [1.5843483, 42.5350725], [1.584135, 42.5350201], [1.5839216, 42.5350161], [1.5837343, 42.5351243], [1.5835191, 42.5351657], [1.5832991, 42.5351647], [1.5830792, 42.5351662], [1.5828655, 42.5352094], [1.5826882, 42.5351198], [1.5825213, 42.5349765], [1.5823914, 42.5347998], [1.5822662, 42.534619], [1.5821285, 42.5344526], [1.5819461, 42.5343297], [1.581748, 42.5342346], [1.5815483, 42.5341424], [1.5813486, 42.5340502], [1.5811558, 42.5339453], [1.5809511, 42.5339195], [1.5807322, 42.5339377], [1.5805241, 42.5338706], [1.5803251, 42.5337768], [1.5803849, 42.5338155], [1.5805248, 42.5338679], [1.5803335, 42.5337593], [1.5801422, 42.5336508], [1.5799509, 42.5335422], [1.5797565, 42.5334398], [1.579551, 42.5333623], [1.5793399, 42.5333005], [1.5791288, 42.5332387], [1.57892, 42.5331707], [1.5787207, 42.5330776], [1.5785374, 42.5330634], [1.5784416, 42.5332528], [1.5783985, 42.5334685], [1.5783454, 42.533682]], "mood_vectors": [[0.0774, 0.0591, 0.0277, 0.0556, 0.0595, 0.7059, 0.0148], [0.0527, 0.0402, 0.0209, 0.0624, 0.0479, 0.7145, 0.0613], [0.0552, 0.0458, 0.0167, 0.0708, 0.0366, 0.7358, 0.0392], [0.0246, 0.0611, 0.037, 0.0329, 0.0487, 0.7368, 0.059], [0.0651, 0.0734, 0.0563, 0.0621, 0.0871, 0.6203, 0.0357], [0.0231, 0.0803, 0.0307, 0.0915, 0.0249, 0.7323, 0.0172], [0.0788, 0.0498, 0.029, 0.055, 0.0587, 0.6959, 0.0327], [0.0297, 0.0571, 0.0689, 0.0483, 0.0831, 0.6659, 0.0471], [0.0401, 0.0175, 0.0249, 0.0638, 0.0192, 0.8011, 0.0333], [0.0793, 0.0888, 0.0508, 0.0639, 0.045, 0.6336, 0.0385], [0.0698, 0.0454, 0.0746, 0.0742, 0.0467, 0.6485, 0.0407], [0.0823, 0.0291, 0.0612, 0.0283, 0.069, 0.6871, 0.0431], [0.0853, 0.0318, 0.0396, 0.073, 0.0517, 0.6528, 0.0658], [0.027, 0.0317, 0.0513, 0.0818, 0.0142, 0.7193, 0.0747], [0.0504, 0.0934, 0.0629, 0.0279, 0.0339, 0.6791, 0.0524], [0.0324, 0.0502, 0.0815, 0.0568, 0.0205, 0.7072, 0.0514], [0.0482, 0.0494, 0.0681, 0.0341, 0.0844, 0.6417, 0.0742], [0.0318, 0.0329, 0.0407, 0.0719, 0.0299, 0.7265, 0.0662], [0.0425, 0.0369, 0.0808, 0.0486, 0.0569, 0.6423, 0.092], [0.0273, 0.0807, 0.0135, 0.055, 0.0443, 0.7654, 0.0138], [0.0561, 0.0334, 0.0792, 0.0812, 0.0679, 0.6342, 0.048], [0.0795, 0.0826, 0.0233, 0.054, 0.0399, 0.6896, 0.031], [0.0755, 0.0803, 0.0525, 0.0429, 0.0245, 0.6447, 0.0794], [0.0286, 0.0416, 0.0715, 0.0493, 0.0207, 0.7404, 0.0479], [0.0276, 0.0399, 0.0623, 0.0363, 0.0894, 0.7049, 0.0396], [0.0522, 0.0621, 0.0446, 0.0518, 0.0847, 0.6834, 0.0212], [0.0454, 0.0154, 0.0366, 0.0372, 0.0764, 0.7687, 0.0203], [0.0692, 0.0243, 0.0573, 0.0191, 0.071, 0.7178, 0.0413], [0.0369, 0.0193, 0.0799, 0.0873, 0.0416, 0.6931, 0.0418], [0.0357, 0.0742, 0.0249, 0.0454, 0.0408, 0.7101, 0.0688], [0.0792, 0.081, 0.0253, 0.0779, 0.0512, 0.6006, 0.0847], [0.0446, 0.0611, 0.0806, 0.0598, 0.0733, 0.6392, 0.0412], [0.0321, 0.0613, 0.0651, 0.0619, 0.0206, 0.7122, 0.0468], [0.0159, 0.0735, 0.0447, 0.0442, 0.0575, 0.708, 0.0562], [0.0712, 0.061, 0.0309, 0.0729, 0.0488, 0.6431, 0.0721], [0.0633, 0.0301, 0.0366, 0.0196, 0.0155, 0.7945, 0.0404], [0.0424, 0.0244, 0.0774, 0.0499, 0.0332, 0.7436, 0.0291], [0.0435, 0.0605, 0.0433, 0.0192, 0.0688, 0.7196, 0.0451], [0.0655, 0.083, 0.0414, 0.0576, 0.032, 0.6445, 0.076], [0.0503, 0.0489, 0.0487, 0.0536, 0.044, 0.6931, 0.0614], [0.0339, 0.0511, 0.0656, 0.0255, 0.0361, 0.7233, 0.0645], [0.0131, 0.0225, 0.0325, 0.038, 0.0418, 0.7804, 0.0717], [0.0722, 0.0185, 0.0269, 0.058, 0.0688, 0.7108, 0.0448], [0.0804, 0.0458, 0.0172, 0.0344, 0.0857, 0.6625, 0.0739], [0.0207, 0.0312, 0.0626, 0.0508, 0.0559, 0.7312, 0.0476], [0.0655, 0.0506, 0.0694, 0.0413, 0.0447, 0.7089, 0.0196], [0.0289, 0.0706, 0.0691, 0.0605, 0.0843, 0.6299, 0.0566], [0.0234, 0.0282, 0.0843, 0.0355, 0.0156, 0.7413, 0.0717], [0.0125, 0.068, 0.0287, 0.0765, 0.057, 0.7324, 0.025], [0.0258, 0.0575, 0.0577, 0.0507, 0.064, 0.6707, 0.0737], [0.0975, 0.0591, 0.0428, 0.0454, 0.0142, 0.6484, 0.0926], [0.0464, 0.0791, 0.0383, 0.0858, 0.0745, 0.6241, 0.0518], [0.0547, 0.0498, 0.0629, 0.0823, 0.0348, 0.6875, 0.0279], [0.0595, 0.0425, 0.0791, 0.0388, 0.0687, 0.6762, 0.0353], [0.0717, 0.0689, 0.0626, 0.0168, 0.0475, 0.6789, 0.0535], [0.076, 0.0495, 0.0259, 0.0246, 0.0205, 0.789, 0.0146], [0.0819, 0.0796, 0.0509, 0.0476, 0.0515, 0.6671, 0.0214], [0.0729, 0.0597, 0.0276, 0.0327, 0.0173, 0.7359, 0.0539], [0.0362, 0.0518, 0.0439, 0.0858, 0.0292, 0.6832, 0.0699], [0.0533, 0.0147, 0.0656, 0.0612, 0.0318, 0.7591, 0.0144], [0.0583, 0.0862, 0.038, 0.0954, 0.0918, 0.5798, 0.0505], [0.0614, 0.0677, 0.0603, 0.0694, 0.0535, 0.6235, 0.0643], [0.0212, 0.071, 0.0532, 0.0423, 0.0468, 0.7351, 0.0304], [0.0416, 0.0126, 0.0195, 0.0668, 0.0606, 0.7463, 0.0525], [0.0573, 0.0656, 0.0821, 0.0436, 0.0577, 0.6226, 0.071], [0.0271, 0.0278, 0.0686, 0.0496, 0.061, 0.7219, 0.044], [0.0711, 0.0263, 0.023, 0.0729, 0.0204, 0.7211, 0.0652], [0.0352, 0.0319, 0.0619, 0.0932, 0.0916, 0.6062, 0.0802], [0.0412, 0.0685, 0.0591, 0.0882, 0.0317, 0.6656, 0.0457], [0.0154, 0.0545, 0.0188, 0.0177, 0.0607, 0.7591, 0.0738], [0.049, 0.0138, 0.0605, 0.0795, 0.0699, 0.6873, 0.0399], [0.0693, 0.0317, 0.0143, 0.0729, 0.0708, 0.6834, 0.0576], [0.0608, 0.0354, 0.0204, 0.0539, 0.0664, 0.7062, 0.0569], [0.0151, 0.0276, 0.0747, 0.079, 0.0134, 0.7732, 0.017], [0.0631, 0.0138, 0.0805, 0.0385, 0.0852, 0.682, 0.0369], [0.0302, 0.0202, 0.068, 0.0915, 0.07, 0.6381, 0.082], [0.0411, 0.022, 0.0344, 0.0437, 0.0575, 0.7449, 0.0565], [0.038, 0.0504, 0.024, 0.0843, 0.0517, 0.6643, 0.0874], [0.0301, 0.0605, 0.0511, 0.0407, 0.049, 0.7105, 0.0583], [0.0608, 0.0933, 0.0472, 0.0249, 0.0961, 0.6094, 0.0682]], "emotions": ["purple", "purple", "purple", "purple", "purple", "purple", "purple", "purple", "purple", "purple", "purple", "purple", "purple", "purple", "purple", "purple", "purple", "purple", "purple", "purple", "purple", "purple", "purple", "purple", "purple", "purple", "purple", "purple", "purple", "purple", "purple", "purple", "purple", "purple", "purple", "purple", "purple", "purple", "purple", "purple", "purple", "purple", "purple", "purple", "purple", "purple", "purple", "purple", "purple", "purple", "purple", "purple", "purple", "purple", "purple", "purple", "purple", "purple", "purple", "purple", "purple", "purple", "purple", "purple", "purple", "purple", "purple", "purple", "purple", "purple", "purple", "purple", "purple", "purple", "purple", "purple", "purple", "purple", "purple", "purple"], "timestamps": [0, 40, 80, 120, 160, 200, 240, 280, 320, 360, 400, 440, 480, 520, 560, 600, 640, 680, 720, 760, 800, 840, 880, 920, 960, 1000, 1040, 1080, 1120, 1160, 1200, 1240, 1280, 1320, 1360, 1400, 1440, 1480, 1520, 1560, 1600, 1640, 1680, 1720, 1760, 1800, 1840, 1880, 1920, 1960, 2000, 2040, 2080, 2120, 2160, 2200, 2240, 2280, 2320, 2360, 2400, 2440, 2480, 2520, 2560, 2600, 2640, 2680, 2720, 2760, 2800, 2840, 2880, 2920, 2960, 3000, 3040, 3080, 3120, 3160]}], "conversation": [], "conversation_timestamps": []}