{"agent_id": "agent-orange-248", "type": "orange", "trips": [{"trip_id": 0, "transport_method": "bus", "start_time": 0, "path": [[1.652921, 42.5787047], [1.6505315, 42.5786234], [1.6489382, 42.5796998], [1.6475109, 42.5801605], [1.6448139, 42.5797184], [1.6420628, 42.5795011], [1.6393891, 42.5789893], [1.6366871, 42.5787283], [1.6356165, 42.5784268], [1.6361297, 42.5786093], [1.6334255, 42.5781602], [1.6306966, 42.5785476], [1.6281018, 42.5776762], [1.6256383, 42.5768516], [1.6267871, 42.5776127], [1.6244345, 42.5761796], [1.6219307, 42.5751743], [1.6194178, 42.574185], [1.6169505, 42.5730475], [1.6144484, 42.5723023], [1.6117461, 42.5718557], [1.609095, 42.5714995], [1.6069823, 42.5708261], [1.6049351, 42.5697506], [1.603043, 42.568168], [1.6007627, 42.5666585], [1.6014117, 42.5671943], [1.5993312, 42.5657858], [1.5972323, 42.5645012], [1.5945807, 42.5638836], [1.5937049, 42.5617617], [1.5935511, 42.5592833], [1.5919395, 42.5575183], [1.5914154, 42.5550501], [1.5909068, 42.5530452], [1.591818, 42.5506139], [1.592338, 42.5480127], [1.5914318, 42.5455351], [1.5915792, 42.5429181], [1.5921877, 42.5404777], [1.5913881, 42.5379413], [1.5890051, 42.5366345], [1.5872369, 42.5346493], [1.5866357, 42.5343538], [1.5852883, 42.5334504], [1.5830662, 42.5318347], [1.5803199, 42.5317448], [1.577559, 42.5317565], [1.5748441, 42.5312755], [1.5733436, 42.5299842], [1.5742994, 42.5307786], [1.5720535, 42.5293537], [1.5697526, 42.5281931], [1.5713121, 42.5293665], [1.569012, 42.5278344], [1.5683083, 42.527288], [1.5676143, 42.5268126], [1.5652503, 42.5254035], [1.5626865, 42.5244784], [1.56064, 42.5226483], [1.5584348, 42.5210657], [1.5570145, 42.5195728], [1.5564779, 42.5191299], [1.5549544, 42.5179068], [1.5540123, 42.5172379], [1.5534315, 42.5160821], [1.5525139, 42.5135889], [1.5502492, 42.5120717], [1.547603, 42.5113024], [1.5464052, 42.5100665], [1.5441621, 42.5092834], [1.5414794, 42.5087734], [1.539049, 42.5082214], [1.5375186, 42.5080518], [1.5348592, 42.5073558], [1.5350856, 42.5074512], [1.5324777, 42.506634], [1.5300826, 42.5055778], [1.5273499, 42.5053351], [1.5251874, 42.5057267]], "mood_vectors": [[0.0678, 0.0248, 0.038, 0.0425, 0.7052, 0.0545, 0.0673], [0.0401, 0.0495, 0.0638, 0.0333, 0.7501, 0.0403, 0.0228], [0.0522, 0.0447, 0.0538, 0.0718, 0.6794, 0.0385, 0.0596], [0.0689, 0.0503, 0.0484, 0.0654, 0.7269, 0.0165, 0.0235], [0.0249, 0.031, 0.0764, 0.0275, 0.7288, 0.0421, 0.0692], [0.0597, 0.0736, 0.0691, 0.0361, 0.6947, 0.0282, 0.0385], [0.0322, 0.0746, 0.0413, 0.0232, 0.731, 0.0353, 0.0622], [0.1116, 0.0439, 0.0281, 0.0367, 0.7029, 0.0568, 0.0199], [0.0219, 0.0701, 0.0823, 0.0373, 0.6712, 0.0452, 0.072], [0.0414, 0.0407, 0.08, 0.0712, 0.6537, 0.0416, 0.0713], [0.0789, 0.0357, 0.042, 0.0819, 0.6996, 0.0484, 0.0134], [0.0336, 0.0649, 0.0649, 0.0671, 0.6986, 0.0487, 0.0221], [0.0239, 0.0159, 0.042, 0.0817, 0.7192, 0.0292, 0.0882], [0.0289, 0.0536, 0.0703, 0.0637, 0.6653, 0.0455, 0.0726], [0.0438, 0.0329, 0.0133, 0.0523, 0.7473, 0.0295, 0.0809], [0.07, 0.0163, 0.0169, 0.0734, 0.7661, 0.0145, 0.0428], [0.0549, 0.0705, 0.0719, 0.0204, 0.6372, 0.0642, 0.081], [0.0676, 0.045, 0.0613, 0.0502, 0.6942, 0.0422, 0.0394], [0.0319, 0.0727, 0.0859, 0.0929, 0.6042, 0.076, 0.0363], [0.0386, 0.0787, 0.0876, 0.0147, 0.6576, 0.0325, 0.0904], [0.0534, 0.0647, 0.0415, 0.0546, 0.6706, 0.0452, 0.07], [0.0421, 0.0333, 0.0607, 0.0439, 0.7082, 0.0712, 0.0405], [0.0643, 0.092, 0.0267, 0.0371, 0.6337, 0.0822, 0.064], [0.037, 0.0524, 0.0508, 0.0277, 0.7317, 0.0412, 0.0591], [0.0861, 0.0232, 0.0185, 0.016, 0.735, 0.0856, 0.0356], [0.0765, 0.0573, 0.0569, 0.0417, 0.6905, 0.0372, 0.0398], [0.0688, 0.0532, 0.0412, 0.0397, 0.6461, 0.0845, 0.0665], [0.0183, 0.0313, 0.0763, 0.0583, 0.7729, 0.0308, 0.012], [0.0121, 0.032, 0.0742, 0.0341, 0.7802, 0.0451, 0.0224], [0.0702, 0.0257, 0.0499, 0.0336, 0.7844, 0.0214, 0.015], [0.0204, 0.083, 0.0325, 0.0298, 0.7349, 0.0613, 0.0381], [0.0282, 0.0245, 0.0871, 0.0389, 0.7686, 0.0336, 0.0192], [0.0791, 0.0387, 0.0451, 0.0673, 0.7106, 0.0448, 0.0145], [0.0512, 0.0543, 0.0577, 0.0242, 0.663, 0.0734, 0.0763], [0.0768, 0.0616, 0.0342, 0.035, 0.7391, 0.0248, 0.0285], [0.0564, 0.0757, 0.042, 0.0329, 0.7537, 0.0118, 0.0275], [0.0222, 0.0667, 0.0348, 0.0284, 0.7538, 0.0763, 0.0177], [0.0315, 0.0714, 0.0496, 0.0718, 0.708, 0.0256, 0.0421], [0.0164, 0.0734, 0.0579, 0.0619, 0.6554, 0.0623, 0.0727], [0.0136, 0.0737, 0.0113, 0.0302, 0.7776, 0.0317, 0.0618], [0.0183, 0.0713, 0.053, 0.0612, 0.7009, 0.0232, 0.072], [0.0292, 0.0785, 0.0457, 0.0805, 0.6108, 0.069, 0.0863], [0.0242, 0.0934, 0.0484, 0.0429, 0.633, 0.0718, 0.0862], [0.061, 0.0314, 0.026, 0.0559, 0.7384, 0.034, 0.0532], [0.0762, 0.0673, 0.0373, 0.0505, 0.663, 0.0526, 0.0531], [0.0495, 0.0545, 0.0138, 0.0279, 0.7774, 0.0426, 0.0342], [0.0137, 0.0298, 0.0882, 0.0808, 0.6867, 0.0772, 0.0235], [0.0157, 0.0497, 0.0533, 0.0737, 0.6597, 0.0937, 0.0542], [0.0255, 0.0389, 0.0593, 0.0206, 0.7444, 0.0237, 0.0875], [0.0577, 0.0712, 0.0205, 0.037, 0.7448, 0.0424, 0.0264], [0.0758, 0.0506, 0.0221, 0.0407, 0.7257, 0.0352, 0.0499], [0.0196, 0.0561, 0.0317, 0.064, 0.7158, 0.0466, 0.0663], [0.0688, 0.0166, 0.0502, 0.0359, 0.6836, 0.082, 0.0629], [0.0745, 0.0427, 0.0758, 0.0406, 0.6806, 0.0657, 0.0202], [0.0206, 0.0662, 0.0332, 0.0337, 0.7173, 0.0737, 0.0552], [0.0436, 0.064, 0.0493, 0.0729, 0.6475, 0.0585, 0.0642], [0.0151, 0.0725, 0.0267, 0.0394, 0.729, 0.0513, 0.066], [0.0603, 0.0701, 0.0135, 0.0254, 0.7622, 0.0385, 0.03], [0.0818, 0.0163, 0.0446, 0.0613, 0.7111, 0.0466, 0.0383], [0.0737, 0.0649, 0.0267, 0.0396, 0.7351, 0.0288, 0.0312], [0.0656, 0.0292, 0.0532, 0.0683, 0.6524, 0.0644, 0.0669], [0.0367, 0.0137, 0.0592, 0.0857, 0.6902, 0.0421, 0.0725], [0.0179, 0.0672, 0.0625, 0.043, 0.6743, 0.0931, 0.042], [0.0134, 0.0554, 0.0189, 0.0416, 0.8169, 0.0325, 0.0213], [0.0559, 0.0671, 0.0122, 0.0564, 0.7486, 0.0428, 0.0171], [0.0121, 0.065, 0.0808, 0.0614, 0.6722, 0.0676, 0.0408], [0.0217, 0.0463, 0.0788, 0.0202, 0.7961, 0.0167, 0.0203], [0.0633, 0.0423, 0.0346, 0.0366, 0.7034, 0.0704, 0.0494], [0.0808, 0.0494, 0.0273, 0.053, 0.6261, 0.0747, 0.0888], [0.0285, 0.0646, 0.0627, 0.0589, 0.7247, 0.0206, 0.0401], [0.036, 0.0348, 0.0412, 0.0363, 0.7303, 0.0745, 0.0471], [0.0411, 0.0506, 0.034, 0.0662, 0.6967, 0.0444, 0.0669], [0.0618, 0.0351, 0.055, 0.0899, 0.7081, 0.017, 0.0331], [0.036, 0.0344, 0.0567, 0.0678, 0.7226, 0.0595, 0.0231], [0.0359, 0.0673, 0.0715, 0.0806, 0.6934, 0.0378, 0.0133], [0.0637, 0.0719, 0.0486, 0.0314, 0.7355, 0.023, 0.0259], [0.0277, 0.0169, 0.0302, 0.0524, 0.7473, 0.0522, 0.0734], [0.0383, 0.0363, 0.022, 0.0467, 0.7773, 0.066, 0.0134], [0.0625, 0.0267, 0.0682, 0.0222, 0.7204, 0.0645, 0.0355], [0.0598, 0.0483, 0.0251, 0.0225, 0.7389, 0.0184, 0.0871]], "emotions": ["red", "red", "red", "red", "red", "red", "red", "red", "red", "red", "red", "red", "red", "red", "red", "red", "red", "red", "red", "red", "red", "red", "red", "red", "red", "red", "red", "red", "red", "red", "red", "red", "red", "red", "red", "red", "red", "red", "red", "red", "red", "red", "red", "red", "red", "red", "red", "red", "red", "red", "red", "red", "red", "red", "red", "red", "red", "red", "red", "red", "red", "red", "red", "red", "red", "red", "red", "red", "red", "red", "red", "red", "red", "red", "red", "red", "red", "red", "red", "red"], "timestamps": [0, 40, 80, 120, 160, 200, 240, 280, 320, 360, 400, 440, 480, 520, 560, 600, 640, 680, 720, 760, 800, 840, 880, 920, 960, 1000, 1040, 1080, 1120, 1160, 1200, 1240, 1280, 1320, 1360, 1400, 1440, 1480, 1520, 1560, 1600, 1640, 1680, 1720, 1760, 1800, 1840, 1880, 1920, 1960, 2000, 2040, 2080, 2120, 2160, 2200, 2240, 2280, 2320, 2360, 2400, 2440, 2480, 2520, 2560, 2600, 2640, 2680, 2720, 2760, 2800, 2840, 2880, 2920, 2960, 3000, 3040, 3080, 3120, 3160]}], "conversation": [], "conversation_timestamps": []}