{
  "agent_id": "agent-type-purple-39",
  "type": "purple",
  "trips": [
    {
      "trip_id": 0,
      "transport_method": "car",
      "start_time": 0,
      "path": [
        [
          1.5250882,
          42.50798639999999
        ],
        [
          1.5255310908125872,
          42.50758445676866
        ],
        [
          1.5260969621103098,
          42.507882845030686
        ],
        [
          1.5265144168179519,
          42.507662660025474
        ],
        [
          1.5265679177129958,
          42.50722394756318
        ],
        [
          1.5259305247240333,
          42.50716939430369
        ],
        [
          1.5252931317350709,
          42.5071148410442
        ],
        [
          1.5250944069625865,
          42.507045065131976
        ],
        [
          1.5248410961779149,
          42.506652573044796
        ],
        [
          1.5243017965089019,
          42.506788945496005
        ],
        [
          1.5236823881087345,
          42.5067170232951
        ],
        [
          1.5241405995303086,
          42.50682460336799
        ],
        [
          1.523517855855639,
          42.50667819291216
        ],
        [
          1.5228955141642053,
          42.50653008310926
        ],
        [
          1.522273222740007,
          42.506381761621036
        ],
        [
          1.5216740916741862,
          42.50640496209779
        ],
        [
          1.5220757621512893,
          42.50686518084463
        ],
        [
          1.522486585790974,
          42.50733893820641
        ],
        [
          1.522915335687372,
          42.507690241316055
        ],
        [
          1.5235445244926962,
          42.50778951736781
        ],
        [
          1.5241032872117568,
          42.507575513258026
        ],
        [
          1.524106306367557,
          42.507549230558745
        ],
        [
          1.5235709603096874,
          42.507788496014115
        ],
        [
          1.5229411970881082,
          42.50769581657707
        ],
        [
          1.5224854868811206,
          42.50736537091305
        ],
        [
          1.5220940770660618,
          42.506884271666515
        ],
        [
          1.5216545078460193,
          42.506422748869774
        ],
        [
          1.52224748808893,
          42.50637562783613
        ],
        [
          1.5228697795131283,
          42.506523949324354
        ],
        [
          1.5234921109626574,
          42.50667210225795
        ],
        [
          1.5241148443195869,
          42.50681855649243
        ],
        [
          1.5245302268340293,
          42.50641943443177
        ],
        [
          1.5245041518747036,
          42.50647112881305
        ],
        [
          1.5240584787038653,
          42.50680532282613
        ],
        [
          1.5234357679274453,
          42.5066587727815
        ],
        [
          1.522813458892458,
          42.50651052545581
        ],
        [
          1.5221911674682598,
          42.50636220396758
        ],
        [
          1.5217678860093027,
          42.50599595829028
        ],
        [
          1.521927596498927,
          42.505376496880984
        ],
        [
          1.5221807799752216,
          42.50480731387284
        ],
        [
          1.52253377902424,
          42.50457780648481
        ],
        [
          1.5231687026296497,
          42.50465602320561
        ],
        [
          1.5237971379155921,
          42.504775092412295
        ],
        [
          1.5236556477694974,
          42.5047475191246
        ],
        [
          1.5230256371689987,
          42.50463835907231
        ],
        [
          1.5223907023911654,
          42.504560233075786
        ],
        [
          1.5217585204214992,
          42.50446966324034
        ],
        [
          1.5220221520360924,
          42.50452331733192
        ],
        [
          1.521702267275736,
          42.504902641235944
        ],
        [
          1.521086053272064,
          42.50474283268051
        ],
        [
          1.5204941775047134,
          42.50450007980921
        ],
        [
          1.5199439379109372,
          42.504341233969235
        ],
        [
          1.5198497362001306,
          42.504722996034715
        ],
        [
          1.519566345596375,
          42.505129515149704
        ],
        [
          1.5189403480133783,
          42.50499770882747
        ],
        [
          1.5184570410840565,
          42.50518529540532
        ],
        [
          1.5187950000000003,
          42.5054773
        ]
      ],
      "emotions": [
        "red",
        "red",
        "red",
        "red",
        "red",
        "purple",
        "purple",
        "purple",
        "purple",
        "purple",
        "green",
        "green",
        "green",
        "green",
        "green",
        "green",
        "green",
        "green",
        "green",
        "green",
        "red",
        "red",
        "red",
        "red",
        "red",
        "purple",
        "purple",
        "purple",
        "purple",
        "purple",
        "red",
        "red",
        "red",
        "red",
        "red",
        "green",
        "green",
        "green",
        "green",
        "green",
        "purple",
        "purple",
        "purple",
        "purple",
        "purple",
        "purple",
        "purple",
        "purple",
        "purple",
        "purple",
        "red",
        "red",
        "red",
        "red",
        "red",
        "red",
        "red"
      ],
      "mood_vectors": [
        [
          0.13673412536742266,
          0.23604389526033814,
          0.12553348617567175,
          0.14508610516680048,
          0.12593459753147127,
          0.058670614498486005,
          0.17199717599980976
        ],
        [
          0.24059980736831962,
          0.16577152783313273,
          0.012993172062865366,
          0.037382363897626635,
          0.16425586315253787,
          0.18885821849096854,
          0.19013904719454927
        ],
        [
          0.3676977617107544,
          0.05668256555134383,
          0.16175869960702965,
          0.1533551124379861,
          0.09130734349602572,
          0.036697624818355576,
          0.13250089237850474
        ],
        [
          0.17709221510769832,
          0.10744348406359688,
          0.1263644348513535,
          0.05493664317808294,
          0.24112669953946017,
          0.023858248310569766,
          0.2691782749492384
        ],
        [
          0.04012288807861767,
          0.22875815624297297,
          0.2592504293994421,
          0.16738418367853078,
          0.048703528543154774,
          0.25174770343436953,
          0.004033110622912183
        ],
        [
          0.11371656697671945,
          0.0985088661959724,
          0.3291252114621002,
          0.045587726555990214,
          0.10584128633076689,
          0.06410238996117229,
          0.24311795251727847
        ],
        [
          0.009808393891015043,
          0.10838855153821952,
          0.2233268208843475,
          0.09210204308295426,
          0.2474333635531019,
          0.13228923960994157,
          0.18665158744042015
        ],
        [
          0.12391859262496836,
          0.2550341204998645,
          0.1384467136259107,
          0.16647579185102646,
          0.09331986450744417,
          0.1904864257849767,
          0.03231849110580904
        ],
        [
          0.26425255825560645,
          0.10075708400137263,
          0.2800241088507736,
          0.0714236847807451,
          0.03270539113085675,
          0.13594407235570727,
          0.11489310062493825
        ],
        [
          0.18793967671313486,
          0.16433063522431274,
          0.060132569714062924,
          0.07229830132813497,
          0.18780552081446583,
          0.06825100948881815,
          0.25924228671707056
        ],
        [
          0.14730894909055814,
          0.24139658124818827,
          0.0008487566179343481,
          0.19718444537682686,
          0.043192873868184836,
          0.11266066521741133,
          0.2574077285808963
        ],
        [
          0.2806518554199487,
          0.09394010495772917,
          0.10724263701175406,
          0.19353960188440414,
          0.08365722645143266,
          0.21035554320356967,
          0.030613031071161576
        ],
        [
          0.08850160194331087,
          0.1544850336639319,
          0.1317034117373324,
          0.23714848594871876,
          0.1516440444137765,
          0.044474492763450835,
          0.19204292952947877
        ],
        [
          0.025457959949625613,
          0.2294143227944185,
          0.2744744674227405,
          0.04578238832871703,
          0.09366328763284897,
          0.15718664442800281,
          0.17402092944364647
        ],
        [
          0.2451644031018844,
          0.15654798993102342,
          0.24818605347650022,
          0.02944970638060673,
          0.08559848880014721,
          0.039772330295656626,
          0.19528102801418135
        ],
        [
          0.234715660711777,
          0.26095972243993465,
          0.042855500410521954,
          0.08941615757067095,
          0.2723946584658623,
          0.056046703176185354,
          0.04361159722504778
        ],
        [
          0.24475133889164377,
          0.08047236890217364,
          0.16525214456746762,
          0.12393612250373909,
          0.1588164008529495,
          0.1759361578963084,
          0.050835466385717946
        ],
        [
          0.021795678714251938,
          0.20332039143774835,
          0.16891260078408024,
          0.2019459815527383,
          0.05159429813255031,
          0.13275462995655254,
          0.2196764194220784
        ],
        [
          0.11955294981557285,
          0.13633746430579088,
          0.150341184568405,
          0.2026541651175075,
          0.1619861916137477,
          0.02292929138632293,
          0.2061987531926532
        ],
        [
          0.23894836896033964,
          0.12876929668304418,
          0.19124727823184445,
          0.17299059980247472,
          0.24154946687443535,
          0.007086742047676848,
          0.019408247400184774
        ],
        [
          0.03292274815055206,
          0.20833984424202007,
          0.09523729600457428,
          0.17983995310339554,
          0.22489889516580291,
          0.12210011924968206,
          0.13666114408397298
        ],
        [
          0.06069304815106944,
          0.18013263527443413,
          0.044486637203451446,
          0.23407307134022098,
          0.0008958251537019552,
          0.308277956184222,
          0.1714408266929001
        ],
        [
          0.10719834208854336,
          0.1977890691863176,
          0.11724681572635096,
          0.2455915389341958,
          0.13117080803561676,
          0.07895813664620319,
          0.12204528938277238
        ],
        [
          0.11260900341673796,
          0.4096018629852832,
          0.2731723246389148,
          0.06687442698875136,
          0.08467407026375331,
          0.03908820792687957,
          0.013980103779679762
        ],
        [
          0.07151376838410474,
          0.049930515576295686,
          0.16318413588457295,
          0.1900624812995243,
          0.17761403795931946,
          0.1299525194943166,
          0.21774254140186636
        ],
        [
          0.26406378756229887,
          0.07029646492592807,
          0.12168345120477604,
          0.04079290989525215,
          0.1571347340991303,
          0.2220810916783597,
          0.12394756063425491
        ],
        [
          0.223745815804473,
          0.04296787053069215,
          0.14048766281618652,
          0.18171679836649288,
          0.13127917945579204,
          0.016679064093363453,
          0.2631236089329999
        ],
        [
          0.21528536979784457,
          0.08019671261213879,
          0.13348907041876293,
          0.21752807481573674,
          0.023844341910660066,
          0.190438008610419,
          0.13921842183443786
        ],
        [
          0.16482362570053644,
          0.1711035075290518,
          0.14427843370402316,
          0.1615209688599403,
          0.22002284097803185,
          0.07100965635828164,
          0.06724096687013485
        ],
        [
          0.10473126922416441,
          0.22262791935805817,
          0.19838606964563418,
          0.06928232364618887,
          0.030329088037296267,
          0.22946649563763974,
          0.14517683445101837
        ],
        [
          0.0962961006908442,
          0.14062968163445227,
          0.28823218556001634,
          0.12328189007684126,
          0.0730511032316489,
          0.0946073741411511,
          0.18390166466504593
        ],
        [
          0.0701375205221238,
          0.1435922513929862,
          0.136793793452042,
          0.2941392403352074,
          0.04028924843173635,
          0.30652661425002337,
          0.008521331615880926
        ],
        [
          0.2805948175018351,
          0.20663602314075002,
          0.07865303354989071,
          0.09524489608016079,
          0.20986747326370328,
          0.11411092128585394,
          0.014892835177806152
        ],
        [
          0.2535759248566536,
          0.020948832407774017,
          0.27250656106270155,
          0.03525552829631175,
          0.1582348129016984,
          0.117997850937012,
          0.14148048953784872
        ],
        [
          0.2583344337626655,
          0.0007126945153633247,
          0.22870672021805843,
          0.13521694074191348,
          0.0917470874815432,
          0.16650802564350775,
          0.11877409763694827
        ],
        [
          0.16505857621007994,
          0.08181555017593634,
          0.02717159685954456,
          0.29269836271106275,
          0.1973551306312164,
          0.20365163263113717,
          0.03224915078102291
        ],
        [
          0.13849809953562625,
          0.2819239991766358,
          0.1640925860501424,
          0.19231945337813622,
          0.05631280871688778,
          0.02794580695694639,
          0.13890724618562508
        ],
        [
          0.07582728624096036,
          0.0375861938857453,
          0.05174604319145436,
          0.2960188579349173,
          0.18119455531887452,
          0.07136974228073997,
          0.2862573211473082
        ],
        [
          0.19095653855157363,
          0.15728680778644127,
          0.14661959224664944,
          0.14575522237907101,
          0.1641004831903571,
          0.024948931262935167,
          0.1703324245829724
        ],
        [
          0.2846323135456788,
          0.09768517670389093,
          0.08025957486352693,
          0.30297870483419403,
          0.02392382030692723,
          0.14861187020868605,
          0.06190853953709605
        ],
        [
          0.20569612736673157,
          0.19427017669919833,
          0.10937465536654646,
          0.06561753504472564,
          0.04390641662139388,
          0.17888307161417438,
          0.20225201728722975
        ],
        [
          0.086976477601888,
          0.20871545975016625,
          0.1055754983285998,
          0.2597236473410753,
          0.11832389006385417,
          0.11539913195305616,
          0.1052858949613603
        ],
        [
          0.2860494012213292,
          0.14851677854610137,
          0.006754032433657415,
          0.12316542468662073,
          0.13417278294526308,
          0.11014799699854992,
          0.1911935831684783
        ],
        [
          0.21207618369145356,
          0.059493359734017856,
          0.20007823089313836,
          0.05647934937668584,
          0.17673168151907043,
          0.20331593081427493,
          0.09182526397135898
        ],
        [
          0.14070253181052536,
          0.29243944846426456,
          0.15341155985161176,
          0.022085175197545433,
          0.022871024762904757,
          0.17282117071475805,
          0.19566908919839016
        ],
        [
          0.19970179437645655,
          0.2970119980502984,
          0.023196178985611576,
          0.06186460868414986,
          0.24121141649006994,
          0.052380483886212,
          0.12463351952720168
        ],
        [
          0.19742975487709805,
          0.09180669538534665,
          0.11910363156162758,
          0.15382070439484072,
          0.20971952031744112,
          0.21089466896710246,
          0.017225024496543454
        ],
        [
          0.05117299112852862,
          0.21131739931636462,
          0.1903119513052889,
          0.22502886973972766,
          0.10804905872527434,
          0.15580668639608128,
          0.0583130433887345
        ],
        [
          0.04733306032691219,
          0.26261055055661936,
          0.250313060016892,
          0.0825102708135014,
          0.0006050803991014043,
          0.26238461621509146,
          0.09424336167188217
        ],
        [
          0.20935562206143624,
          0.2047517074877373,
          0.055212011261913656,
          0.20273726088312483,
          0.09779073082712647,
          0.1452985010767608,
          0.08485416640190079
        ],
        [
          0.05740156902577575,
          0.10848666615838534,
          0.12030104228015055,
          0.08365769043782638,
          0.19412490663866555,
          0.18808333280563394,
          0.2479447926535626
        ],
        [
          0.036659817502322625,
          0.19985475874330483,
          0.13902209924694295,
          0.11888121968166607,
          0.22362877005243237,
          0.10154417955454544,
          0.18040915521878578
        ],
        [
          0.31141942044870585,
          0.07936459211273042,
          0.13074063520805096,
          0.09849619081735295,
          0.029360109248439962,
          0.17693684329426257,
          0.1736822088704572
        ],
        [
          0.14322495174251174,
          0.06932998610163224,
          0.1626471508798274,
          0.201251958306564,
          0.16237091051850977,
          0.2520429975604133,
          0.009132044890541586
        ],
        [
          0.10128646889496133,
          0.027117746160456268,
          0.0931280147070723,
          0.023555625151724484,
          0.2228749628394078,
          0.25100522775405687,
          0.281031954492321
        ],
        [
          0.10788847940124591,
          0.05655371292843356,
          0.19117806689586941,
          0.22679788645655308,
          0.2170678255250335,
          0.1493698841722265,
          0.05114414462063811
        ],
        [
          0.05497419394257013,
          0.2229914461417853,
          0.09010453942823328,
          0.16209215003194952,
          0.056642878101102516,
          0.14499544652438695,
          0.26819934582997235
        ]
      ],
      "timestamps": [
        0,
        1,
        2,
        3,
        4,
        5,
        6,
        7,
        8,
        9,
        10,
        11,
        12,
        13,
        14,
        15,
        16,
        17,
        18,
        19,
        20,
        21,
        22,
        23,
        24,
        25,
        26,
        27,
        28,
        29,
        30,
        31,
        32,
        33,
        34,
        35,
        36,
        37,
        38,
        39,
        40,
        41,
        42,
        43,
        44,
        45,
        46,
        47,
        48,
        49,
        50,
        51,
        52,
        53,
        54,
        55,
        56
      ],
      "distance": 367.3
    },
    {
      "trip_id": 1,
      "transport_method": "bicycle",
      "start_time": 57,
      "path": [
        [
          1.5187950000000003,
          42.5054773
        ],
        [
          1.5184706493831495,
          42.505152393761136
        ],
        [
          1.5190100298234048,
          42.50501238061432
        ],
        [
          1.519670868311415,
          42.50515152282998
        ],
        [
          1.5191598932005754,
          42.50504393495434
        ],
        [
          1.5185478754799848,
          42.505020571648615
        ],
        [
          1.5183389044561462,
          42.505637861377174
        ],
        [
          1.51867439808039,
          42.506216374383555
        ],
        [
          1.518965497698972,
          42.50661366202832
        ],
        [
          1.519524886068563,
          42.506689075440846
        ],
        [
          1.5198268437547595,
          42.506819805091055
        ],
        [
          1.5197132318167967,
          42.50724873556733
        ],
        [
          1.5201805192687161,
          42.507555828998235
        ],
        [
          1.5195265159327025,
          42.507540165943055
        ],
        [
          1.5197500017260268,
          42.507593445847895
        ],
        [
          1.5195590925646694,
          42.50791384226642
        ],
        [
          1.5196811060506132,
          42.50857549040483
        ],
        [
          1.5196389150756113,
          42.508363544872914
        ],
        [
          1.519652076267883,
          42.50776393615956
        ],
        [
          1.520273182318165,
          42.5075276368154
        ],
        [
          1.5208768451555053,
          42.5078289151138
        ],
        [
          1.5214730377709644,
          42.50814612549932
        ],
        [
          1.522101772519686,
          42.50838017026391
        ],
        [
          1.5222062989234824,
          42.50845709616988
        ],
        [
          1.5218901051107323,
          42.50838494427455
        ],
        [
          1.5225481344196514,
          42.50849243702335
        ],
        [
          1.523202292282186,
          42.50833811266894
        ],
        [
          1.5237907875279093,
          42.50866414996733
        ],
        [
          1.5237877270478626,
          42.50887458267975
        ],
        [
          1.5240507628278723,
          42.508761831758676
        ],
        [
          1.5247135723222327,
          42.50889125987618
        ],
        [
          1.5253479981803335,
          42.509066167347676
        ],
        [
          1.5253511191408895,
          42.50907029209682
        ],
        [
          1.5258811876998273,
          42.5091458523021
        ],
        [
          1.5265376835360591,
          42.5093042230078
        ],
        [
          1.5269828206277098,
          42.50941160628649
        ],
        [
          1.526326324791478,
          42.509253235580786
        ],
        [
          1.5256698289552462,
          42.50909486487508
        ],
        [
          1.5254823081335251,
          42.50924367515492
        ],
        [
          1.5251629903906418,
          42.50897901862898
        ],
        [
          1.5245001808962817,
          42.50884959051147
        ],
        [
          1.5238722847488637,
          42.508828755977945
        ],
        [
          1.5237350000000003,
          42.50886909999999
        ]
      ],
      "emotions": [
        "red",
        "red",
        "red",
        "green",
        "green",
        "green",
        "green",
        "green",
        "red",
        "red",
        "red",
        "red",
        "red",
        "purple",
        "purple",
        "purple",
        "purple",
        "purple",
        "red",
        "red",
        "red",
        "red",
        "red",
        "green",
        "green",
        "green",
        "green",
        "green",
        "purple",
        "purple",
        "purple",
        "purple",
        "purple",
        "green",
        "green",
        "green",
        "green",
        "green",
        "green",
        "green",
        "green",
        "green",
        "green"
      ],
      "mood_vectors": [
        [
          0.056388448984518974,
          0.20529843746352888,
          0.016714164753570716,
          0.16430567005475183,
          0.27194201955060004,
          0.25817468153089135,
          0.027176577662138168
        ],
        [
          0.10766954076411366,
          0.22100566232295488,
          0.18515100563160755,
          0.0951335985054147,
          0.1886083826919183,
          0.061910822375749346,
          0.14052098770824156
        ],
        [
          0.17297258333412568,
          0.2478903633762363,
          0.07228266100122097,
          0.23694282907369713,
          0.04628204780975819,
          0.1803590195046196,
          0.04327049590034212
        ],
        [
          0.19865194324599988,
          0.17187239741941512,
          0.194288426038414,
          0.1198060142931587,
          0.052747240187071366,
          0.09890407067358328,
          0.16372990814235755
        ],
        [
          0.1368029242583702,
          0.01701293923210307,
          0.1114920562502011,
          0.24440637629763157,
          0.30092601851864814,
          0.1279690718766865,
          0.06139061356635947
        ],
        [
          0.1473044313610636,
          0.20077170796791116,
          0.14156616829838883,
          0.226077969117844,
          0.03213445347556936,
          0.032008463620354595,
          0.22013680615886838
        ],
        [
          0.17133890499375615,
          0.2122972038380212,
          0.12037040057562295,
          0.11817182088574923,
          0.10370382776292912,
          0.09145918422290192,
          0.1826586577210193
        ],
        [
          0.024958705184698476,
          0.14674271685968346,
          0.0240548680523905,
          0.24113390856496178,
          0.11326308470458056,
          0.08251965728481307,
          0.36732705934887216
        ],
        [
          0.08153383086308065,
          0.4301314886148844,
          0.20545708775555208,
          0.20178305286623704,
          0.03150345644248682,
          0.033418287554812715,
          0.016172795902946357
        ],
        [
          0.2272482183849846,
          0.2016232492248961,
          0.0744101592126245,
          0.024903673022148187,
          0.12691752377238955,
          0.1830731658276763,
          0.16182401055528087
        ],
        [
          0.12930033199168414,
          0.22810734855425535,
          0.106114662133187,
          0.16771351691556086,
          0.16686555011950963,
          0.18086669039341094,
          0.021031899892392153
        ],
        [
          0.22197021687216115,
          0.1942760832551197,
          0.05665493704379064,
          0.045131760153405774,
          0.14916824778451904,
          0.14150993356940147,
          0.19128882132160221
        ],
        [
          0.2639986244738307,
          0.11980038214198616,
          0.05254925101267527,
          0.1907040636184347,
          0.1286868492798735,
          0.012122404582286856,
          0.23213842489091283
        ],
        [
          0.11057595847497413,
          0.22799211815171821,
          0.24356597727749674,
          0.011361577305389102,
          0.0533748009415634,
          0.17105976784669694,
          0.18206980000216144
        ],
        [
          0.27030922262610596,
          0.10354111258483312,
          0.1654864906679195,
          0.03383349193133658,
          0.05402000236701741,
          0.11464321222821532,
          0.25816646759457207
        ],
        [
          0.3030321399480477,
          0.23305306532950198,
          0.051336554944266054,
          0.036755620602413365,
          0.18395460585351722,
          0.18645820454255577,
          0.005409808779698058
        ],
        [
          0.09742710249342343,
          0.1651981912735654,
          0.04614661974138998,
          0.20401917002492315,
          0.24678851330738713,
          0.15009842634666373,
          0.09032197681264718
        ],
        [
          0.13775468610109418,
          0.21799304477250958,
          0.021797247602136128,
          0.26973115191263936,
          0.18805901562655836,
          0.023181031755722368,
          0.14148382222934006
        ],
        [
          0.06518801966177978,
          0.02548823861848022,
          0.25937999172517107,
          0.09249421241238039,
          0.12068539079187166,
          0.2578370002407813,
          0.17892714654953562
        ],
        [
          0.020090015477543483,
          0.21170433313661394,
          0.31985561660393413,
          0.12978918381502227,
          0.047117338966317944,
          0.19865720549042168,
          0.07278630651014655
        ],
        [
          0.16415158409153072,
          0.0511693812310549,
          0.18840636051521514,
          0.11014508935311704,
          0.1899376767348985,
          0.11951928401185673,
          0.17667062406232692
        ],
        [
          0.04006235495838371,
          0.35647458820293365,
          0.001506291623787149,
          0.04696342648654762,
          0.081538559620074,
          0.09318340063765704,
          0.38027137847061687
        ],
        [
          0.16537649637014123,
          0.08838455612901172,
          0.2105636849981541,
          0.17608496153425351,
          0.03759070308056459,
          0.19431626627656126,
          0.12768333161131357
        ],
        [
          0.12711210988915397,
          0.15835851435400763,
          0.18462509159856155,
          0.12997937064419787,
          0.05332275820379646,
          0.17911661616115,
          0.16748553914913258
        ],
        [
          0.025480592237516524,
          0.18031842369036793,
          0.09713083241159572,
          0.14418558265498807,
          0.28701685631178786,
          0.2352177819295013,
          0.0306499307642425
        ],
        [
          0.05336889124496529,
          0.0684271112498695,
          0.24571191357389605,
          0.1952472273748676,
          0.05200658041155319,
          0.19287616202574362,
          0.19236211411910475
        ],
        [
          0.30473850154532733,
          0.029093173574681785,
          0.018010480480911525,
          0.027996573070677957,
          0.00658870695397881,
          0.32592824796625736,
          0.2876443164081652
        ],
        [
          0.1059875364800999,
          0.11568549710083184,
          0.20005165114706452,
          0.15675887478349038,
          0.16545673750108286,
          0.2174479879690364,
          0.03861171501839417
        ],
        [
          0.09113259632161538,
          0.16887923155839604,
          0.004712605360640144,
          0.18872481153921356,
          0.12031173338125188,
          0.21656040850026392,
          0.20967861333861917
        ],
        [
          0.20465917250095692,
          0.1001020177729381,
          0.11210048156284454,
          0.21894233283680611,
          0.2190497998930516,
          0.1372586053038237,
          0.007887590129579111
        ],
        [
          0.0035606860163524836,
          0.09980748330645646,
          0.15781274843014656,
          0.34427090501446883,
          0.02103983524618254,
          0.15640373995754359,
          0.2171046020288496
        ],
        [
          0.26450706993837375,
          0.08822947469312434,
          0.16727395846145027,
          0.04217735658198226,
          0.19649461454062994,
          0.03528747171996597,
          0.20603005406447344
        ],
        [
          0.19438231356807992,
          0.20062174152661058,
          0.15196524037525488,
          0.18159812716509563,
          0.1422533143619406,
          0.10605898689680242,
          0.023120276106215917
        ],
        [
          0.21431238698538954,
          0.011165190854693897,
          0.04128237587030332,
          0.14629162877094815,
          0.19253850595402222,
          0.16307457539772788,
          0.23133533616691504
        ],
        [
          0.05010333095614758,
          0.25279353925386383,
          0.017932713151320927,
          0.013748371573984557,
          0.1916961987806885,
          0.2624768865230189,
          0.21124895976097563
        ],
        [
          0.20902831017577128,
          0.07306975832086986,
          0.17104141122868394,
          0.21601937688407769,
          0.08309202638387457,
          0.04610650705703867,
          0.201642609949684
        ],
        [
          0.001877428393509275,
          0.10256454123478537,
          0.11131751891162608,
          0.20358583730171112,
          0.198213740570991,
          0.2086485549913431,
          0.17379237859603405
        ],
        [
          0.17058441777355454,
          0.38544309842499686,
          0.11870456029291018,
          0.07942025547493371,
          0.02212907780476202,
          0.05258163335709317,
          0.1711369568717495
        ],
        [
          0.19385539888146686,
          0.19074722199366606,
          0.08449683092686,
          0.141920563213403,
          0.08369775604514645,
          0.196824528103704,
          0.10845770083575358
        ],
        [
          0.11152210837604412,
          0.14900557254439273,
          0.27962851747728673,
          0.14192405683080428,
          0.0670407581723551,
          0.21233930180704547,
          0.03853968479207154
        ],
        [
          0.009366544275047238,
          0.048220914404512046,
          0.09630460098032906,
          0.1877567435879403,
          0.19964622447147062,
          0.21639424175859595,
          0.24231073052210478
        ],
        [
          0.11845203577388883,
          0.07978608694258167,
          0.16884813921769096,
          0.15886564915554627,
          0.13454616216279436,
          0.16853443081578276,
          0.1709674959317151
        ],
        [
          0.2970524620048802,
          0.25014208275191824,
          0.052758523215602975,
          0.011447313551786242,
          0.33206253571475536,
          0.054529426306559374,
          0.0020076564544975395
        ]
      ],
      "timestamps": [
        57,
        58,
        59,
        60,
        61,
        62,
        63,
        64,
        65,
        66,
        67,
        68,
        69,
        70,
        71,
        72,
        73,
        74,
        75,
        76,
        77,
        78,
        79,
        80,
        81,
        82,
        83,
        84,
        85,
        86,
        87,
        88,
        89,
        90,
        91,
        92,
        93,
        94,
        95,
        96,
        97,
        98,
        99
      ],
      "distance": 1048.9
    }
  ],
  "conversation": [
    "Nice weather today.",
    "These houses have such character.",
    "Gotta stop by that bookshop near the center."
  ],
  "conversation_timestamps": [
    3,
    19,
    21
  ]
}
