{
  "agent_id": "agent-type-blue-50",
  "type": "blue",
  "trips": [
    {
      "trip_id": 0,
      "transport_method": "bicycle",
      "start_time": 0,
      "path": [
        [
          1.5179795,
          42.506165599999996
        ],
        [
          1.5188191630171188,
          42.506850598037325
        ],
        [
          1.5194138259749472,
          42.506250549722765
        ],
        [
          1.5203501762506344,
          42.50640866831505
        ],
        [
          1.5196619574367778,
          42.50676448734791
        ],
        [
          1.5203292884447566,
          42.50722963249619
        ],
        [
          1.5211117127135512,
          42.50746644940436
        ],
        [
          1.5222061628616388,
          42.50755066195686
        ],
        [
          1.5220435091047877,
          42.5068315614053
        ],
        [
          1.522134325684395,
          42.506306963793044
        ],
        [
          1.5232039255793657,
          42.50655029483812
        ],
        [
          1.5242170751184674,
          42.50681847712941
        ],
        [
          1.5251651107037894,
          42.50679037598589
        ],
        [
          1.525355030737061,
          42.50701003223921
        ],
        [
          1.5264509041642969,
          42.50710890466779
        ],
        [
          1.5275476822962015,
          42.507197395640276
        ],
        [
          1.5275016272365227,
          42.50664825538619
        ],
        [
          1.5268371799395462,
          42.5058351599742
        ],
        [
          1.5270424597042542,
          42.506598872399415
        ],
        [
          1.5267524091228588,
          42.50580640989167
        ],
        [
          1.5274808835447944,
          42.50654053411754
        ],
        [
          1.5282545471913043,
          42.50669378268663
        ],
        [
          1.528295398944697,
          42.50734717496057
        ],
        [
          1.5281959936175484,
          42.50736729542013
        ],
        [
          1.5279176546075708,
          42.50795528407103
        ],
        [
          1.5287594405244247,
          42.50865441084554
        ],
        [
          1.5282214,
          42.50907579999999
        ]
      ],
      "emotions": [
        "purple",
        "purple",
        "purple",
        "purple",
        "purple",
        "green",
        "green",
        "green",
        "green",
        "green",
        "green",
        "green",
        "green",
        "green",
        "green",
        "green",
        "green",
        "green",
        "green",
        "green",
        "red",
        "red",
        "red",
        "red",
        "red",
        "green",
        "green"
      ],
      "mood_vectors": [
        [
          0.08371242656557235,
          0.23187175799345422,
          0.07510514724912287,
          0.12353676664444062,
          0.15820008694330018,
          0.2874955180446522,
          0.04007829655945761
        ],
        [
          0.16470895230393467,
          0.2886914855604279,
          0.03899778473542129,
          0.03131860549384115,
          0.23099954430486172,
          0.15771279746705102,
          0.08757083013446224
        ],
        [
          0.23476406032926883,
          0.06057661182445023,
          0.045739712702625335,
          0.21144604416614798,
          0.07761129495394122,
          0.027009353908822885,
          0.3428529221147435
        ],
        [
          0.22632924096202675,
          0.2129517131929472,
          0.016950349599991817,
          0.04849335386144347,
          0.04348239244949391,
          0.27436684994812877,
          0.17742609998596803
        ],
        [
          0.1295654882373899,
          0.04764465573043794,
          0.16858559813313342,
          0.22197748706074155,
          0.026504224413202833,
          0.20228501282893413,
          0.20343753359616015
        ],
        [
          0.04996457120891698,
          0.09397362302287952,
          0.15844317258943172,
          0.15524224608233783,
          0.25025870543486106,
          0.21922013126486828,
          0.07289755039670456
        ],
        [
          0.24561198701502893,
          0.09816700142111226,
          0.05750927360897298,
          0.2261663764873208,
          0.26790323311022607,
          0.01030828369308268,
          0.09433384466425625
        ],
        [
          0.24361833824645235,
          0.023957344934327482,
          0.22341345012610647,
          0.06562413036153149,
          0.16777249917951556,
          0.1922008673748952,
          0.08341336977717144
        ],
        [
          0.20725123369615847,
          0.20022274499812168,
          0.18940050372253445,
          0.29620529775113164,
          0.004348363801621128,
          0.10107327883949184,
          0.0014985771909408762
        ],
        [
          0.1691277879134168,
          0.1848900023588011,
          0.10947950086149925,
          0.005105648402643127,
          0.07449299832207179,
          0.23996483240890049,
          0.21693922973266752
        ],
        [
          0.09012041640656916,
          0.07539891648137215,
          0.2005736913204655,
          0.09163654780305633,
          0.18608758437124423,
          0.19454120755940793,
          0.1616416360578846
        ],
        [
          0.13846411892908875,
          0.03306417404934874,
          0.21290734506771833,
          0.07094673907626033,
          0.08211946703625836,
          0.19680102593804638,
          0.26569712990327915
        ],
        [
          0.25615702609562513,
          0.15840289794689807,
          0.24697826346264287,
          0.013170030662527595,
          0.1900303026892948,
          0.06469559625166002,
          0.07056588289135154
        ],
        [
          0.09695741482572044,
          0.13353106938264145,
          0.13434905432692792,
          0.10261847869422025,
          0.2538145299874338,
          0.1928446235832854,
          0.08588482919977072
        ],
        [
          0.17674973256115073,
          0.18940057479094297,
          0.0022917866903254245,
          0.20253438195547274,
          0.1446322270455836,
          0.09002009940422397,
          0.1943711975523006
        ],
        [
          0.038101256284945796,
          0.028608360608169837,
          0.09642406029273745,
          0.06901894339813086,
          0.08639181839940692,
          0.2710945222848737,
          0.4103610387317355
        ],
        [
          0.03561104797111757,
          0.21403421793229618,
          0.2053797387885176,
          0.2412512757756451,
          0.05091425924914113,
          0.05618115991744267,
          0.1966283003658398
        ],
        [
          0.004984535655263632,
          0.34067575058607097,
          0.051446347638571414,
          0.13141471586740602,
          0.0739143892527072,
          0.23663918987174026,
          0.16092507112824053
        ],
        [
          0.1896180254347743,
          0.18441792772470805,
          0.06184855676847369,
          0.1679970783231767,
          0.16602278197532158,
          0.17011314818212464,
          0.059982481591421034
        ],
        [
          0.14468188462144305,
          0.038999244133701726,
          0.22519176366081708,
          0.13730749073626713,
          0.19052122932119606,
          0.2015688683507568,
          0.061729519175818114
        ],
        [
          0.3038489361725594,
          0.31241548685606696,
          0.1178746544914412,
          0.0400811287732093,
          0.07345286583968508,
          0.12121989184110034,
          0.031107036025937583
        ],
        [
          0.23447472131902267,
          0.07790972193693621,
          0.20752432762523662,
          0.05992767040482788,
          0.12080548483008328,
          0.1854022704067044,
          0.11395580347718888
        ],
        [
          0.1732850923044671,
          0.25369611388865027,
          0.05536809952393888,
          0.19387251406512931,
          0.031794113887282,
          0.1944007168100535,
          0.09758334952047888
        ],
        [
          0.15183285041989625,
          0.2992776898964008,
          0.1690128435049618,
          0.0725607196059843,
          0.009603031510399342,
          0.023794671420579217,
          0.27391819364177833
        ],
        [
          0.019627253955503816,
          0.18513787329748693,
          0.1997883877316933,
          0.15112497225266774,
          0.10468762062554689,
          0.161134334360506,
          0.17849955777659532
        ],
        [
          0.1063228944524017,
          0.07383749393313711,
          0.3339415622155286,
          0.07450435986204136,
          0.21662224757651247,
          0.14897024225373215,
          0.04580119970664657
        ],
        [
          0.026152449402496423,
          0.17647197322063438,
          0.1543645472737994,
          0.15566073710304437,
          0.21507460981446253,
          0.26230342113171856,
          0.009972262053844298
        ]
      ],
      "timestamps": [
        0,
        1,
        2,
        3,
        4,
        5,
        6,
        7,
        8,
        9,
        10,
        11,
        12,
        13,
        14,
        15,
        16,
        17,
        18,
        19,
        20,
        21,
        22,
        23,
        24,
        25,
        26
      ],
      "distance": 1297.6
    },
    {
      "trip_id": 1,
      "transport_method": "stopped",
      "start_time": 27,
      "path": [
        [
          1.5282214,
          42.50907579999999
        ],
        [
          1.5282214,
          42.50907579999999
        ],
        [
          1.5282214,
          42.50907579999999
        ],
        [
          1.5282214,
          42.50907579999999
        ],
        [
          1.5282214,
          42.50907579999999
        ]
      ],
      "emotions": [
        "green",
        "green",
        "green",
        "red",
        "red"
      ],
      "mood_vectors": [
        [
          0.05125171730511251,
          0.03250528947121104,
          0.2595605715396057,
          0.12415615165982179,
          0.23833992275875926,
          0.21977298790354102,
          0.07441335936194866
        ],
        [
          0.23255030251526715,
          0.2064723247752575,
          0.13171765295584567,
          0.28145456853721795,
          0.04656722885061485,
          0.039784292480208656,
          0.06145362988558816
        ],
        [
          0.12210632944826647,
          0.018412502542848052,
          0.14661332248479939,
          0.38820821143227274,
          0.0607546016324978,
          0.026734249845969008,
          0.23717078261334648
        ],
        [
          0.18798426008079716,
          0.11984852143137957,
          0.008162639763487713,
          0.222291242752053,
          0.20409998843313382,
          0.20657047867174716,
          0.051042868867401496
        ],
        [
          0.062241373000370886,
          0.240305747042574,
          0.06266756520067618,
          0.11212635961704272,
          0.23488507703868655,
          0.11016326133517983,
          0.17761061676546988
        ]
      ],
      "timestamps": [
        27,
        28,
        29,
        30,
        31
      ]
    },
    {
      "trip_id": 2,
      "transport_method": "foot",
      "start_time": 32,
      "path": [
        [
          1.5282214,
          42.50907579999999
        ],
        [
          1.5280064750540918,
          42.50890559827367
        ],
        [
          1.5277712744753176,
          42.508790765113964
        ],
        [
          1.5274972614522648,
          42.50878192072515
        ],
        [
          1.527223248429212,
          42.50877307633633
        ],
        [
          1.5269492354061593,
          42.50876423194752
        ],
        [
          1.5266752223831068,
          42.50875538755869
        ],
        [
          1.5264030614906436,
          42.508729091098346
        ],
        [
          1.5261332957283154,
          42.508680226044454
        ],
        [
          1.525863529965987,
          42.50863136099057
        ],
        [
          1.5255937642036588,
          42.50858249593668
        ],
        [
          1.525327790907282,
          42.50851624032497
        ],
        [
          1.525062173851369,
          42.50844835115335
        ],
        [
          1.524796556795456,
          42.50838046198172
        ],
        [
          1.524596830081338,
          42.50827471886423
        ],
        [
          1.5246719745099835,
          42.50801106250671
        ],
        [
          1.5245756472113245,
          42.507845970768756
        ],
        [
          1.5243020331473602,
          42.50782874567029
        ],
        [
          1.5240284190833961,
          42.50781152057183
        ],
        [
          1.523754805019432,
          42.50779429547337
        ],
        [
          1.5234810102361167,
          42.5077919712553
        ],
        [
          1.5232280182082971,
          42.5078851135712
        ],
        [
          1.5230141823307815,
          42.508056681567936
        ],
        [
          1.5231135395966517,
          42.50829852279365
        ],
        [
          1.5233437401818324,
          42.508444068106684
        ],
        [
          1.5235887623782083,
          42.50856637725844
        ],
        [
          1.52383553727725,
          42.50868580719279
        ],
        [
          1.5238549946571684,
          42.50884710050838
        ],
        [
          1.5239297083160892,
          42.50893916352067
        ],
        [
          1.5239306759918994,
          42.50876680373651
        ],
        [
          1.5237362159848657,
          42.50863773935658
        ],
        [
          1.523489441085824,
          42.50851830942223
        ],
        [
          1.5232554279306871,
          42.508377915387186
        ],
        [
          1.52300878898338,
          42.50831300750379
        ],
        [
          1.5227462616165561,
          42.50839200586886
        ],
        [
          1.5224837342497324,
          42.50847100423394
        ],
        [
          1.5222187513012364,
          42.508410912452504
        ],
        [
          1.521953599034342,
          42.508341230063216
        ],
        [
          1.521691948289601,
          42.50826259908221
        ],
        [
          1.5214499183587544,
          42.50813382457934
        ],
        [
          1.521207888427908,
          42.50800505007646
        ],
        [
          1.5209658584970616,
          42.50787627557359
        ],
        [
          1.5207238285662152,
          42.50774750107072
        ],
        [
          1.520481798635369,
          42.50761872656784
        ],
        [
          1.520232296654848,
          42.50752930229278
        ],
        [
          1.519972839146283,
          42.5076145114062
        ],
        [
          1.519723990995951,
          42.50772730623979
        ],
        [
          1.5194790361804176,
          42.50785039989941
        ],
        [
          1.5192321607682149,
          42.50796962192282
        ],
        [
          1.5189852853560124,
          42.508088843946226
        ],
        [
          1.5187384099438097,
          42.50820806596964
        ],
        [
          1.5185093840843191,
          42.50823587425424
        ],
        [
          1.5183254913946596,
          42.508032539951415
        ],
        [
          1.5180911055359783,
          42.50791632716242
        ],
        [
          1.5178232597184569,
          42.507857846583995
        ],
        [
          1.5175554139009355,
          42.50779936600558
        ],
        [
          1.5174226119098162,
          42.50774940536293
        ],
        [
          1.5171943489544626,
          42.50759756660326
        ],
        [
          1.5169659,
          42.50744600000001
        ]
      ],
      "emotions": [
        "green",
        "green",
        "green",
        "purple",
        "purple",
        "purple",
        "purple",
        "purple",
        "red",
        "red",
        "red",
        "red",
        "red",
        "red",
        "red",
        "red",
        "red",
        "red",
        "green",
        "green",
        "green",
        "green",
        "green",
        "green",
        "green",
        "green",
        "green",
        "green",
        "purple",
        "purple",
        "purple",
        "purple",
        "purple",
        "purple",
        "purple",
        "purple",
        "purple",
        "purple",
        "green",
        "green",
        "green",
        "green",
        "green",
        "purple",
        "purple",
        "purple",
        "purple",
        "purple",
        "purple",
        "purple",
        "purple",
        "purple",
        "purple",
        "red",
        "red",
        "red",
        "red",
        "red",
        "purple"
      ],
      "mood_vectors": [
        [
          0.16041729044021055,
          0.12004926275220801,
          0.2423295048739816,
          0.006248048587104611,
          0.16249980268119332,
          0.2679752222629934,
          0.040480868402308516
        ],
        [
          0.13891539400007372,
          0.23959853366033648,
          0.016873625623184098,
          0.010070319692694615,
          0.14313885578863506,
          0.26794066278069045,
          0.1834626084543856
        ],
        [
          0.2147452265251009,
          0.24920303250087664,
          0.012632453029323783,
          0.029659110981510823,
          0.20386626864616406,
          0.07815872062528025,
          0.21173518769174354
        ],
        [
          0.045525351549705544,
          0.20661400901944132,
          0.03668938384609109,
          0.10909718971815262,
          0.1288061226216715,
          0.25118837345655365,
          0.22207956978838433
        ],
        [
          0.05978273497555959,
          0.2081402064052085,
          0.14370616779299614,
          0.05666880376588847,
          0.04783179941550243,
          0.2772558787889452,
          0.2066144088558997
        ],
        [
          0.12881210090581613,
          0.16007103431223949,
          0.06635774132590218,
          0.14453459881385824,
          0.15420176538489888,
          0.17491616227451692,
          0.17110659698276814
        ],
        [
          0.012570632429014624,
          0.14860106003366166,
          0.1222433302863185,
          0.20931278173306725,
          0.12352604214648742,
          0.2902073166263222,
          0.09353883674512836
        ],
        [
          0.038310511215854194,
          0.23548838778959427,
          0.12231803404671476,
          0.20784360440112756,
          0.008940656076852944,
          0.22269290415102902,
          0.1644059023188273
        ],
        [
          0.22093349636396103,
          0.0943658069143643,
          0.012656150435579121,
          0.1522023000318276,
          0.13957929631033766,
          0.1624873565655653,
          0.21777559337836505
        ],
        [
          0.2546921698726383,
          0.1426346959460792,
          0.05224649612351593,
          0.07844121380257625,
          0.2252581293920044,
          0.24155653049432152,
          0.005170764368864344
        ],
        [
          0.2477219258623929,
          0.08485423866543405,
          0.02066204138232548,
          0.12107453625015749,
          0.2253931938353621,
          0.2192404173730472,
          0.08105364663128087
        ],
        [
          0.10041159237608013,
          0.15164520844196624,
          0.22666365747397296,
          0.13007560241302188,
          0.23609321664704802,
          0.0621865460460054,
          0.09292417660190544
        ],
        [
          0.03755153712309063,
          0.2123688081951225,
          0.08778191705344998,
          0.16043579188267237,
          0.16887620463032552,
          0.13288214074405716,
          0.2001036003712819
        ],
        [
          0.0547635071572607,
          0.053176847400155575,
          0.2617574602748657,
          0.09819242296609067,
          0.13432676540733274,
          0.3087637491302629,
          0.08901924766403174
        ],
        [
          0.1839672948632087,
          0.14059131566890984,
          0.08325341514621125,
          0.2706942062734846,
          0.011156318496676578,
          0.16629577145608532,
          0.14404167809542368
        ],
        [
          0.2111824613116108,
          0.142995539470037,
          0.15117393932525286,
          0.20558881769698759,
          0.09376100185317313,
          0.023750195934833063,
          0.1715480444081055
        ],
        [
          0.16648559477971417,
          0.1865389304195582,
          0.21213719533948297,
          0.14785898740937808,
          0.0594476891780092,
          0.19826334044144767,
          0.029268262432409674
        ],
        [
          0.0024159350657788764,
          0.2580624675466458,
          0.06291107477757041,
          0.11334686014959343,
          0.25276253371591556,
          0.12634793273486794,
          0.18415319600962798
        ],
        [
          0.16040852200283226,
          0.13314037747953786,
          0.13906205165870686,
          0.19637518680672725,
          0.26346475695712274,
          0.10694349208481388,
          0.000605613010259113
        ],
        [
          0.20152493830325865,
          0.05709442099905201,
          0.1794833570716667,
          0.26264612884261607,
          0.1748917581869028,
          0.020061347328261644,
          0.10429804926824214
        ],
        [
          0.26302308680983205,
          0.24076736877854757,
          0.19014849257153565,
          0.050666152428111906,
          0.020010789150118523,
          0.16061423087956206,
          0.0747698793822922
        ],
        [
          0.08798602498264023,
          0.18625412292502339,
          0.21567161492791598,
          0.027573320371260947,
          0.14191717634633388,
          0.14726771253161403,
          0.19333002791521153
        ],
        [
          0.06152727821013033,
          0.20966264382406474,
          0.2033649907082414,
          0.035025639165904586,
          0.12443852271365842,
          0.09355033967849019,
          0.27243058569951034
        ],
        [
          0.011146271520871632,
          0.1150164164388775,
          0.29068859326815166,
          0.019806038185535415,
          0.25055667763926487,
          0.13943307996977614,
          0.17335292297752286
        ],
        [
          0.03626008423892136,
          0.05662555805773809,
          0.23549747722931383,
          0.3250256802428726,
          0.07363850063915602,
          0.26802505020190587,
          0.004927649390092257
        ],
        [
          0.13742496169693968,
          0.07585848157164027,
          0.1136396808663601,
          0.19262792926885394,
          0.23317389885322887,
          0.21472664531091884,
          0.03254840243205829
        ],
        [
          0.1867610811274589,
          0.15826637801438984,
          0.02450680280606863,
          0.13788324077858952,
          0.1987286854559817,
          0.09156449969352248,
          0.20228931212398898
        ],
        [
          0.18023302986347162,
          0.2189295103896244,
          0.006300941359888485,
          0.09818711305719807,
          0.2261905551071643,
          0.20377988873998473,
          0.06637896148266835
        ],
        [
          0.049743970515197834,
          0.12529846591399577,
          0.21894609777638088,
          0.15855201060071789,
          0.12670510436795426,
          0.18141029741702153,
          0.1393440534087317
        ],
        [
          0.1571941336468422,
          0.03213611319298001,
          0.16112636039303674,
          0.22962293006484452,
          0.05120175950424608,
          0.18174159182606686,
          0.18697711137198364
        ],
        [
          0.17861905853609192,
          0.16265290632499285,
          0.10864763440285573,
          0.10173755076554798,
          0.10321915276718224,
          0.19801327867616025,
          0.14711041852716902
        ],
        [
          0.09586462836444279,
          0.029918288716614692,
          0.1742344092841072,
          0.11555674255203247,
          0.29817317597093707,
          0.18224617337391416,
          0.10400658173795166
        ],
        [
          0.11107673330258237,
          0.06715360546367853,
          0.2717454465608884,
          0.13480370914703646,
          0.12510961314039204,
          0.018641121052506704,
          0.2714697713329155
        ],
        [
          0.10240913892633281,
          0.20114547374419148,
          0.20209248478333872,
          0.17094532014108468,
          0.19553293290403045,
          0.0709623684080886,
          0.05691228109293331
        ],
        [
          0.1486491870171643,
          0.04144597698848934,
          0.06231271308712385,
          0.013700678969609895,
          0.30655689557550436,
          0.1398067320070569,
          0.2875278163550513
        ],
        [
          0.14273959783339832,
          0.17581854470548208,
          0.21723152046330105,
          0.14901810230446136,
          0.07710756713044639,
          0.10318874539452573,
          0.13489592216838497
        ],
        [
          0.1282442333756455,
          0.23050946761741722,
          0.0890160614079612,
          0.24031192480035796,
          0.09580397086986189,
          0.009475403222242896,
          0.2066389387065133
        ],
        [
          0.21456996144009055,
          0.1441671995507278,
          0.1346560614700549,
          0.14680359659708433,
          0.10061556297676547,
          0.03904075718364454,
          0.22014686078163231
        ],
        [
          0.006111212397310064,
          0.3097117927079997,
          0.09439835601140287,
          0.10794103448945151,
          0.23613389712705768,
          0.10783760040159363,
          0.13786610686518452
        ],
        [
          0.037667114998725465,
          0.2035277510752983,
          0.14741464397957513,
          0.03374158375232061,
          0.18207209509132571,
          0.22488119745903895,
          0.17069561364371577
        ],
        [
          0.19713861703242555,
          0.2089044003277977,
          0.16558571945147144,
          0.08845782717227109,
          0.057299651190684336,
          0.1776859996783813,
          0.10492778514696859
        ],
        [
          0.09133320647373351,
          0.13041185403008326,
          0.10155437860479397,
          0.13685489146304483,
          0.17956665596615506,
          0.18158675700038654,
          0.17869225646180278
        ],
        [
          0.12904602252533168,
          0.12645903341879294,
          0.13249364173210662,
          0.14564106796178516,
          0.1934034516055274,
          0.03331698457876774,
          0.2396397981776885
        ],
        [
          0.26670921287203564,
          0.15833181384825695,
          0.17320019842600853,
          0.014945412057065566,
          0.06248292280613359,
          0.1574880896747068,
          0.16684235031579295
        ],
        [
          0.15658556757005487,
          0.13990967566617057,
          0.184351799244294,
          0.19682367852676969,
          0.10018397078072797,
          0.16322733306456727,
          0.05891797514741571
        ],
        [
          0.18396313702927775,
          0.06015092131211705,
          0.1844314152369442,
          0.03739217107522002,
          0.13180216653642718,
          0.12997529025782428,
          0.27228489855218946
        ],
        [
          0.27856555970091545,
          0.1706953823370004,
          0.09089400547858131,
          0.058661757849669545,
          0.12828652853319594,
          0.04753170365511448,
          0.22536506244552282
        ],
        [
          0.06659832195909696,
          0.20379339977967084,
          0.031346668191434286,
          0.2383837435488692,
          0.00879036398422873,
          0.20226650386866651,
          0.24882099866803345
        ],
        [
          0.11969823086626764,
          0.09617675049220169,
          0.09185997037989127,
          0.0696736331094846,
          0.23487965125610813,
          0.17972425261933678,
          0.20798751127670997
        ],
        [
          0.13895129986663732,
          0.17646655395368535,
          0.19430123062766594,
          0.1571469587234514,
          0.023536454598587928,
          0.22973379529408514,
          0.07986370693588696
        ],
        [
          0.13915081696294607,
          0.2249174215788684,
          0.02057510938315824,
          0.21382449104629583,
          0.15590011995835953,
          0.02940147754942238,
          0.2162305635209496
        ],
        [
          0.006627594805192148,
          0.023124971335925743,
          0.15945710168184132,
          0.2697840876002647,
          0.1122567893218499,
          0.19070505450753386,
          0.23804440074739233
        ],
        [
          0.0821332191043372,
          0.26385703695809254,
          0.19463103222695088,
          0.058232345214759604,
          0.06272266671732435,
          0.09051052981764367,
          0.24791316996089177
        ],
        [
          0.2329492744619884,
          0.1742936733023322,
          0.12427493189023502,
          0.04619062527777033,
          0.01219525205700823,
          0.18254162157143738,
          0.22755462143922853
        ],
        [
          0.2118564110413384,
          0.05524084619737036,
          0.06153848369724128,
          0.05052197675132338,
          0.04090296616356414,
          0.28361619662265003,
          0.29632311952651236
        ],
        [
          0.19075530322587672,
          0.1518465515718325,
          0.1641258126248645,
          0.07576729804615273,
          0.12521489456940973,
          0.18543466872857925,
          0.10685547123328466
        ],
        [
          0.06644188067272269,
          0.11140863491395116,
          0.20683643102436364,
          0.15386515773960896,
          0.158202417023909,
          0.04617200490654676,
          0.2570734737188979
        ],
        [
          0.2792990410392559,
          0.013885078723867107,
          0.0756583585967297,
          0.07947161138424981,
          0.4294848310482142,
          0.04975807813484161,
          0.07244300107284159
        ],
        [
          0.09780313733678787,
          0.28370075746462503,
          0.030054139040162325,
          0.0408999552015582,
          0.15942129889828324,
          0.29400564491859815,
          0.09411506713998517
        ]
      ],
      "timestamps": [
        32,
        33,
        34,
        35,
        36,
        37,
        38,
        39,
        40,
        41,
        42,
        43,
        44,
        45,
        46,
        47,
        48,
        49,
        50,
        51,
        52,
        53,
        54,
        55,
        56,
        57,
        58,
        59,
        60,
        61,
        62,
        63,
        64,
        65,
        66,
        67,
        68,
        69,
        70,
        71,
        72,
        73,
        74,
        75,
        76,
        77,
        78,
        79,
        80,
        81,
        82,
        83,
        84,
        85,
        86,
        87,
        88,
        89,
        90
      ],
      "distance": 1232.2
    },
    {
      "trip_id": 3,
      "transport_method": "bicycle",
      "start_time": 91,
      "path": [
        [
          1.5174658000000008,
          42.507779799999994
        ],
        [
          1.5187288753001063,
          42.50821267047644
        ],
        [
          1.519643820713796,
          42.50839118216786
        ],
        [
          1.5200257060627977,
          42.5075995732507
        ],
        [
          1.5213561074330002,
          42.50808391151575
        ],
        [
          1.5213532311195592,
          42.50841705750002
        ],
        [
          1.52224556973793,
          42.50846605733097
        ],
        [
          1.522606510551464,
          42.50843405903
        ],
        [
          1.5239533,
          42.50874280000001
        ]
      ],
      "emotions": [
        "purple",
        "purple",
        "purple",
        "purple",
        "purple",
        "purple",
        "purple",
        "purple",
        "purple"
      ],
      "mood_vectors": [
        [
          0.1715300464354945,
          0.18098445861539517,
          0.04186586498677395,
          0.19071568737788314,
          0.10379263861971075,
          0.24230277686201188,
          0.06880852710273055
        ],
        [
          0.21009645145346564,
          0.11551920843357673,
          0.053580696847295,
          0.13757939061227695,
          0.20365373949608134,
          0.1413423289230527,
          0.13822818423425157
        ],
        [
          0.0843530377057045,
          0.2565263623710679,
          0.01903756879840031,
          0.1458855757777143,
          0.16183291369865516,
          0.180983152401706,
          0.15138138924675176
        ],
        [
          0.16768452798596256,
          0.15279622719114336,
          0.12968470263086473,
          0.1426267686129279,
          0.15546347883597678,
          0.0873808050965079,
          0.1643634896466168
        ],
        [
          0.06346287554790399,
          0.02294486765334241,
          0.1914246879230968,
          0.18638820501346434,
          0.18257763757684684,
          0.17993925933979515,
          0.1732624669455505
        ],
        [
          0.2180766511520879,
          0.12138988640544054,
          0.15529510546110367,
          0.10847239427918513,
          0.11813253914618493,
          0.16879327807353536,
          0.10984014548246239
        ],
        [
          0.2140556144520014,
          0.018345570829051666,
          0.1891811744313087,
          0.21217158817918283,
          0.16520900730672305,
          0.0099158137419537,
          0.1911212310597786
        ],
        [
          0.20799128836565628,
          0.05970969204629515,
          0.20638438242919507,
          0.15130872002631557,
          0.033371920203976294,
          0.20448162556222252,
          0.13675237136633905
        ],
        [
          0.1885795580416476,
          0.15150023667785148,
          0.29567997634097626,
          0.07844797632748142,
          0.20249884459371653,
          0.07176706864362008,
          0.011526339374706662
        ]
      ],
      "timestamps": [
        91,
        92,
        93,
        94,
        95,
        96,
        97,
        98,
        99
      ],
      "distance": 1131.6
    }
  ],
  "conversation": [
    "What a day!",
    "There's a temple hidden back here? No way.",
    "Is there a startup idea in local walks?"
  ],
  "conversation_timestamps": [
    20,
    62,
    75
  ]
}
