{
  "agent_id": "agent-type-purple-36",
  "type": "purple",
  "trips": [
    {
      "trip_id": 0,
      "transport_method": "foot",
      "start_time": 0,
      "path": [
        [
          1.5236299000000002,
          42.50670470000001
        ],
        [
          1.5240869504990173,
          42.50681200750847
        ],
        [
          1.5244272815096287,
          42.50662532711191
        ],
        [
          1.5247823745366809,
          42.506785815079844
        ],
        [
          1.525119829977907,
          42.50697982318545
        ],
        [
          1.5255031347123176,
          42.5067731859572
        ],
        [
          1.5253138127625916,
          42.50689284891549
        ],
        [
          1.5255373330708142,
          42.507027098840666
        ],
        [
          1.526004767704319,
          42.5070708586787
        ],
        [
          1.526209650563693,
          42.506778987593094
        ],
        [
          1.5262883878677016,
          42.50709579242137
        ],
        [
          1.5267563457059286,
          42.50713354850255
        ],
        [
          1.5272243035441555,
          42.507171304583736
        ],
        [
          1.5276922613823825,
          42.50720906066492
        ],
        [
          1.5277808435801075,
          42.507045288271534
        ],
        [
          1.5275103077605046,
          42.506662094557065
        ],
        [
          1.5273242606899682,
          42.50624063570841
        ],
        [
          1.5270006265869258,
          42.505904946183186
        ],
        [
          1.5268457614942808,
          42.50596191463769
        ],
        [
          1.5268308530065935,
          42.50633388950838
        ],
        [
          1.5270299866767505,
          42.506583253144804
        ],
        [
          1.5267370263600928,
          42.50621639579802
        ],
        [
          1.5267683715863942,
          42.50583299988397
        ],
        [
          1.527114366584704,
          42.506000447133424
        ],
        [
          1.5274111087354798,
          42.50636310966126
        ],
        [
          1.5275914961689085,
          42.5067886152883
        ],
        [
          1.5279568795752345,
          42.506879007629564
        ],
        [
          1.5283492268381003,
          42.5067602736204
        ],
        [
          1.5287370347288893,
          42.506921424108334
        ],
        [
          1.5291117521626942,
          42.506830197317996
        ],
        [
          1.5293513,
          42.507062
        ]
      ],
      "emotions": [
        "purple",
        "purple",
        "purple",
        "purple",
        "purple",
        "green",
        "green",
        "green",
        "green",
        "green",
        "red",
        "red",
        "red",
        "red",
        "red",
        "purple",
        "purple",
        "purple",
        "purple",
        "purple",
        "red",
        "red",
        "red",
        "red",
        "red",
        "green",
        "green",
        "green",
        "green",
        "green",
        "green"
      ],
      "mood_vectors": [
        [
          0.07862847646956259,
          0.09493912340652083,
          0.14615918801486202,
          0.1637273871704376,
          0.16691834828448857,
          0.18107819241109627,
          0.16854928424303223
        ],
        [
          0.12261468548961726,
          0.002821915143776795,
          0.010476799389589989,
          0.08247457014776734,
          0.3084575766736215,
          0.2208468504148924,
          0.25230760274073466
        ],
        [
          0.23234495630596105,
          0.06447943382769404,
          0.22181288010448602,
          0.10429045699361503,
          0.12431402945230441,
          0.1967468179854743,
          0.05601142533046516
        ],
        [
          0.17231377970035258,
          0.0013563076080103237,
          0.051841221487951075,
          0.07680964008896195,
          0.15996060706518048,
          0.26962292659857917,
          0.2680955174509644
        ],
        [
          0.089979528839741,
          0.12245032771409634,
          0.15531278635763787,
          0.1800280650472005,
          0.10731331588009126,
          0.17619986010868527,
          0.16871611605254774
        ],
        [
          0.032675204147658364,
          0.15788669798165383,
          0.06297024973706335,
          0.29822397325874145,
          0.19214286440858638,
          0.15950988330389834,
          0.09659112716239836
        ],
        [
          0.18864283712772129,
          0.20859388872104323,
          0.24154590557827335,
          0.03594212786585112,
          0.012744947293859773,
          0.28048313468831765,
          0.032047158724933654
        ],
        [
          0.27185859936654677,
          0.12774742094405572,
          0.00630888457889896,
          0.02355383706791776,
          0.040195537427396746,
          0.2529406320612846,
          0.2773950885538994
        ],
        [
          0.002584301699193664,
          0.01882197262661215,
          0.2639920322859155,
          0.16419739440116282,
          0.12657916830510554,
          0.19444507095986252,
          0.22938005972214773
        ],
        [
          0.0169416365369299,
          0.22358491352073906,
          0.16567081714704485,
          0.11034109318987227,
          0.26873626382261095,
          0.14329950004730407,
          0.0714257757354989
        ],
        [
          0.166124978474895,
          0.1703393852722567,
          0.18472604952205296,
          0.09979165264524929,
          0.13102552562015204,
          0.1296788496607777,
          0.11831355880461639
        ],
        [
          0.09420399458132174,
          0.22763702477702338,
          0.015733345973399156,
          0.07997070962582183,
          0.21236808664706555,
          0.22602792552933326,
          0.1440589128660352
        ],
        [
          0.2234429889200056,
          0.09685646782511477,
          0.0952520538052975,
          0.05451223243469421,
          0.13306402575683463,
          0.16973476822247677,
          0.22713746303557644
        ],
        [
          0.2254126979388496,
          0.18010493116316081,
          0.12079477138534926,
          0.0950556529008043,
          0.05947379766860569,
          0.1748738012369042,
          0.14428434770632617
        ],
        [
          0.023241917400769894,
          0.12649074873290653,
          0.24190828927442373,
          0.022815091609123674,
          0.14758675821812,
          0.24594050040801543,
          0.19201669435664073
        ],
        [
          0.04127210879874846,
          0.07172542793161019,
          0.14937680695843666,
          0.16651904500969125,
          0.2202308231089774,
          0.29236112967104594,
          0.058514658521490126
        ],
        [
          0.16898009221959678,
          0.10455582132107069,
          0.14146782440226294,
          0.19877743118134128,
          0.02948873436270117,
          0.2664758823710421,
          0.09025421414198503
        ],
        [
          0.0016855699185803678,
          0.08092777195135034,
          0.20845027886115566,
          0.19244637754531468,
          0.06807959297204576,
          0.24360749901097753,
          0.2048029097405757
        ],
        [
          0.0773275490570954,
          0.11296319297773394,
          0.2598889780934079,
          0.13021989795721817,
          0.22736223983147333,
          0.030459757486483465,
          0.1617783845965879
        ],
        [
          0.22298667996558338,
          0.01408922867633741,
          0.15928972798809743,
          0.02155684054479423,
          0.1217731973770494,
          0.27765628502307726,
          0.18264804042506083
        ],
        [
          0.07956450880833972,
          0.2018576978461861,
          0.24103877794796447,
          0.15543566563612593,
          0.060971385959072796,
          0.10267676334732537,
          0.1584552004549856
        ],
        [
          0.13989548769119542,
          0.0655264620583523,
          0.08704797297286326,
          0.19328479201519835,
          0.14467648753530926,
          0.20671322599236477,
          0.16285557173471663
        ],
        [
          0.31064783330967544,
          0.17293909761778622,
          0.2575349935753053,
          0.15405955266130128,
          0.0380311279588395,
          0.05386255762317405,
          0.012924837253918115
        ],
        [
          0.27326704795448536,
          0.18899990683853063,
          0.0192314289244968,
          0.1422805247053141,
          0.03380595622413193,
          0.2149149222661311,
          0.1275002130869101
        ],
        [
          0.09220754639639406,
          0.029566051372706105,
          0.033786346903041796,
          0.21799310110286754,
          0.2595140325660419,
          0.17859316609166515,
          0.1883397555672835
        ],
        [
          0.29423217138902685,
          0.04316995805949497,
          0.02834286266135547,
          0.1277338738432511,
          0.059161516196868776,
          0.1720422385991248,
          0.27531737925087807
        ],
        [
          0.1192157380508055,
          0.24851860023564984,
          0.20754326833304584,
          0.06925290835654978,
          0.21250184696768248,
          0.05509683283654772,
          0.08787080521971882
        ],
        [
          0.033335851706617146,
          0.0013291506832496132,
          0.168649980394243,
          0.22344004813123722,
          0.2807180142311495,
          0.200659409777008,
          0.09186754507649558
        ],
        [
          0.04019170271911403,
          0.3327294663739861,
          0.07394337478914596,
          0.08556677296947139,
          0.3488444282660637,
          0.058635049478602895,
          0.0600892054036159
        ],
        [
          0.002550540028848772,
          0.29173608181035193,
          0.16889848507201516,
          0.012796817310904039,
          0.24859338038164314,
          0.14380056914489261,
          0.13162412625134431
        ],
        [
          0.15818013441585554,
          0.16459717737404814,
          0.04734061426063713,
          0.16077005427986665,
          0.174241084796677,
          0.12357169070374242,
          0.17129924416917314
        ]
      ],
      "timestamps": [
        0,
        1,
        2,
        3,
        4,
        5,
        6,
        7,
        8,
        9,
        10,
        11,
        12,
        13,
        14,
        15,
        16,
        17,
        18,
        19,
        20,
        21,
        22,
        23,
        24,
        25,
        26,
        27,
        28,
        29,
        30
      ],
      "distance": 513
    },
    {
      "trip_id": 1,
      "transport_method": "bicycle",
      "start_time": 31,
      "path": [
        [
          1.5286711999999998,
          42.506972899999994
        ],
        [
          1.5283299613546353,
          42.50685006230569
        ],
        [
          1.5277401400262025,
          42.50694812347339
        ],
        [
          1.527403529687919,
          42.50634819049847
        ],
        [
          1.5274568959497488,
          42.50599496285814
        ],
        [
          1.5267763010227153,
          42.50580916672881
        ],
        [
          1.5261339913117584,
          42.5054906088871
        ],
        [
          1.5265432930635996,
          42.50528125429027
        ],
        [
          1.5272517445736231,
          42.505391781568015
        ],
        [
          1.5279438167777688,
          42.50557545019314
        ],
        [
          1.528167937602814,
          42.505384378167626
        ],
        [
          1.5276983449854826,
          42.50531488491306
        ],
        [
          1.528264873849891,
          42.50547566905717
        ],
        [
          1.527752856269297,
          42.50551935745952
        ],
        [
          1.5270550949841848,
          42.50536110177767
        ],
        [
          1.5263466434741613,
          42.505250574499925
        ],
        [
          1.5266162375234373,
          42.505236869396285
        ],
        [
          1.5273259391160205,
          42.505339062696784
        ],
        [
          1.526716759291396,
          42.50525134400272
        ],
        [
          1.5262462987672525,
          42.505234919473246
        ],
        [
          1.526954750277276,
          42.505345446750994
        ],
        [
          1.5276554145390169,
          42.5054907349288
        ],
        [
          1.5282187463373156,
          42.50556614774332
        ],
        [
          1.5278976326807754,
          42.50519421028065
        ],
        [
          1.5272087254065836,
          42.50521485206598
        ],
        [
          1.526585816040228,
          42.50507853923063
        ],
        [
          1.5260581306515149,
          42.504816986558964
        ],
        [
          1.5253533817596125,
          42.50468489257521
        ],
        [
          1.5248094336629525,
          42.504870194677096
        ],
        [
          1.5240985355305545,
          42.50477766034444
        ],
        [
          1.5233954946460246,
          42.50463675849983
        ],
        [
          1.522824600000001,
          42.50454310000001
        ]
      ],
      "emotions": [
        "green",
        "green",
        "green",
        "green",
        "red",
        "red",
        "red",
        "red",
        "red",
        "green",
        "green",
        "green",
        "green",
        "green",
        "red",
        "red",
        "red",
        "red",
        "red",
        "purple",
        "purple",
        "purple",
        "purple",
        "purple",
        "green",
        "green",
        "green",
        "green",
        "green",
        "green",
        "green",
        "green"
      ],
      "mood_vectors": [
        [
          0.2965158049445845,
          0.08229066281227375,
          0.03323787379375666,
          0.07415162458976812,
          0.018643266413183184,
          0.12108174346264801,
          0.37407902398378573
        ],
        [
          0.07517602544600598,
          0.1649659647574383,
          0.17667321175646825,
          0.05999791077579739,
          0.2054268154268273,
          0.14120317731033694,
          0.17655689452712578
        ],
        [
          0.25093894529130734,
          0.03451491433200009,
          0.0020151759043082074,
          0.16061836713091796,
          0.2295573052316123,
          0.16115225910043632,
          0.16120303300941774
        ],
        [
          0.21460819912611995,
          0.17688816663457677,
          0.11145156953090868,
          0.1323144569287824,
          0.1725334998888111,
          0.15683762279264557,
          0.03536648509815562
        ],
        [
          0.0013478221495042031,
          0.09047323488501893,
          0.27676107856379006,
          0.12728812038105056,
          0.1474365193182427,
          0.031096357908710636,
          0.3255968667936829
        ],
        [
          0.2802215549080597,
          0.30458796521363396,
          0.08053145279276366,
          0.03904063380937269,
          0.05328829103473475,
          0.14148453300941824,
          0.100845569232017
        ],
        [
          0.13532840361886087,
          0.061286823356205965,
          0.29323410849979614,
          0.07277003268938438,
          0.1878857213647044,
          0.09729463371270042,
          0.1522002767583479
        ],
        [
          0.17068595866594916,
          0.14161865659247294,
          0.18991439221411077,
          0.13445833361791926,
          0.17017644784739036,
          0.11359051562479272,
          0.07955569543736472
        ],
        [
          0.26744410757776327,
          0.16679429959929548,
          0.08891047012837476,
          0.11618215560688408,
          0.26539174089999834,
          0.02608514675332996,
          0.0691920794343541
        ],
        [
          0.23190220233448047,
          0.25000532594129427,
          0.17205895081258563,
          0.13575298634961483,
          0.017975397382803113,
          0.11821931436959102,
          0.07408582280963069
        ],
        [
          0.045693094513442584,
          0.18751991444112362,
          0.14406211380214046,
          0.19005757948522667,
          0.14417164368510826,
          0.10876759570758937,
          0.17972805836536895
        ],
        [
          0.11165043980586695,
          0.20309683623752597,
          0.22320460458840302,
          0.33994113833566747,
          0.05112886760605011,
          0.0322095303849375,
          0.03876858304154896
        ],
        [
          0.20522098031703292,
          0.10033199565902148,
          0.20217322831838974,
          0.04880959715667314,
          0.22873690300391936,
          0.05030166853211994,
          0.1644256270128435
        ],
        [
          0.2085772171685509,
          0.031318901439633985,
          0.16025317608094972,
          0.02683102918543603,
          0.23121096531882732,
          0.12735993648917707,
          0.21444877431742498
        ],
        [
          0.08376249034861241,
          0.19509054615239196,
          0.06082178028528913,
          0.06166003592489107,
          0.23756820706059295,
          0.2189486346151496,
          0.14214830561307287
        ],
        [
          0.019950824698630645,
          0.15574781351105435,
          0.11746562119266073,
          0.1474928826481272,
          0.3028388688635637,
          0.20865122663063404,
          0.04785276245532938
        ],
        [
          0.15334673407810587,
          0.07150506644010333,
          0.1569784327846938,
          0.1586272521864247,
          0.28823532071314684,
          0.0774274334941849,
          0.09387976030334058
        ],
        [
          0.21000760067714494,
          0.3131546310408757,
          0.12833596520589324,
          0.22040285927752817,
          0.007100700292872329,
          0.08975894920317422,
          0.031239294302511357
        ],
        [
          0.27533619009831073,
          0.1835507836565139,
          0.1633366133184774,
          0.10075365054286217,
          0.11937114439170299,
          0.08686962683449831,
          0.07078199115763449
        ],
        [
          0.1795240250947714,
          0.08705325117232368,
          0.1450958671173512,
          0.14146413524202056,
          0.1448585817025724,
          0.13458358512117438,
          0.1674205545497864
        ],
        [
          0.2879169991208043,
          0.044296720052024896,
          0.11992122988653607,
          0.17517673378511123,
          0.07202163095227956,
          0.1154274348914208,
          0.18523925131182323
        ],
        [
          0.22396551565334472,
          0.27217664774961686,
          0.1859749788012063,
          0.0290099903504073,
          0.07172415710554422,
          0.01406426435261921,
          0.2030844459872613
        ],
        [
          0.29255527613856913,
          0.15654468996210497,
          0.18074156506946934,
          0.1955856480539618,
          0.016076943454607414,
          0.009281842195368276,
          0.14921403512591908
        ],
        [
          0.008857968320167567,
          0.11474410058303963,
          0.08831053378670567,
          0.1594964763897918,
          0.1840377740264789,
          0.2368280121379211,
          0.2077251347558954
        ],
        [
          0.23033133681204715,
          0.03501827075350373,
          0.12381516483043381,
          0.16876970766090307,
          0.19380950423358478,
          0.21209828605120645,
          0.03615772965832107
        ],
        [
          0.1413865264782333,
          0.15627500152621507,
          0.21164662168584644,
          0.21431577810372512,
          0.06484037205699457,
          0.08986844855867772,
          0.1216672515903078
        ],
        [
          0.20402266318122758,
          0.20170364176697647,
          0.2965699437885059,
          0.1467241159000431,
          0.004605964474439004,
          0.05763534196513607,
          0.08873832892367195
        ],
        [
          0.1489858862067304,
          0.11959764917783829,
          0.09047889815827527,
          0.3074579863303061,
          0.17084692936632997,
          0.03028526008861907,
          0.13234739067190093
        ],
        [
          0.1855384698965894,
          0.06774592967335577,
          0.042209835536862236,
          0.18038272322967597,
          0.2081945472385205,
          0.15236509649738786,
          0.1635633979276082
        ],
        [
          0.1726198307275348,
          0.07152132568153181,
          0.031176134963991516,
          0.15738731419464352,
          0.2619661175276831,
          0.24062769765007416,
          0.06470157925454102
        ],
        [
          0.0935071447734057,
          0.31422493944538543,
          0.14984326343077273,
          0.058452403692291786,
          0.17050577896614094,
          0.112300106499672,
          0.10116636319233137
        ],
        [
          0.19711667283535655,
          0.1389578162317589,
          0.23336966628570047,
          0.05692983142083017,
          0.16908544381658658,
          0.029662784030525396,
          0.17487778537924195
        ]
      ],
      "timestamps": [
        31,
        32,
        33,
        34,
        35,
        36,
        37,
        38,
        39,
        40,
        41,
        42,
        43,
        44,
        45,
        46,
        47,
        48,
        49,
        50,
        51,
        52,
        53,
        54,
        55,
        56,
        57,
        58,
        59,
        60,
        61,
        62
      ],
      "distance": 773.4
    },
    {
      "trip_id": 2,
      "transport_method": "stopped",
      "start_time": 63,
      "path": [
        [
          1.522824600000001,
          42.50454310000001
        ],
        [
          1.522824600000001,
          42.50454310000001
        ],
        [
          1.522824600000001,
          42.50454310000001
        ],
        [
          1.522824600000001,
          42.50454310000001
        ],
        [
          1.522824600000001,
          42.50454310000001
        ],
        [
          1.522824600000001,
          42.50454310000001
        ]
      ],
      "emotions": [
        "green",
        "green",
        "green",
        "green",
        "green",
        "green"
      ],
      "mood_vectors": [
        [
          0.20652676565173536,
          0.11506156253968802,
          0.010170308636571947,
          0.17943536121276488,
          0.16616178921287475,
          0.10859109346755715,
          0.2140531192788079
        ],
        [
          0.23928870268108582,
          0.05898496249277712,
          0.11794688574597602,
          0.08412826229187179,
          0.21945848231318069,
          0.24660242997817078,
          0.03359027449693779
        ],
        [
          0.3260630118334006,
          0.06954868466945797,
          0.0920118974910676,
          0.17235597631582492,
          0.05548077869748465,
          0.11248803286444312,
          0.17205161812832107
        ],
        [
          0.07344571360386276,
          0.07852670999523464,
          0.12573624060115354,
          0.2351268625966424,
          0.2259363968358973,
          0.08049444013521558,
          0.18073363623199382
        ],
        [
          0.2303912335116002,
          0.09216604920161246,
          0.20569444216272031,
          0.1265024843670274,
          0.2686894498133284,
          0.0410540587750622,
          0.03550228216864909
        ],
        [
          0.19632592451394698,
          0.11861850570098383,
          0.03109306481532393,
          0.34749585136688654,
          0.163836309755122,
          0.12821094782944484,
          0.014419396018291938
        ]
      ],
      "timestamps": [
        63,
        64,
        65,
        66,
        67,
        68
      ]
    },
    {
      "trip_id": 3,
      "transport_method": "car",
      "start_time": 69,
      "path": [
        [
          1.522824600000001,
          42.50454310000001
        ],
        [
          1.5226271246092586,
          42.504589271670355
        ],
        [
          1.5223763120365035,
          42.504558465578306
        ],
        [
          1.5221249438411266,
          42.50453360477192
        ],
        [
          1.5222244336327773,
          42.50453999657418
        ],
        [
          1.5224752633433767,
          42.504570619287485
        ],
        [
          1.5227260759161318,
          42.50460142537954
        ],
        [
          1.5227252833475398,
          42.50453442380714
        ],
        [
          1.5224735447307558,
          42.50451243220012
        ],
        [
          1.5222218061139718,
          42.5044904405931
        ],
        [
          1.5219700674971879,
          42.50446844898608
        ],
        [
          1.5219642711195964,
          42.50446794262095
        ],
        [
          1.5222160097363802,
          42.50448993422797
        ],
        [
          1.5224677483531641,
          42.50451192583499
        ],
        [
          1.522719486969948,
          42.504533917442004
        ],
        [
          1.5227318509712067,
          42.50460213470155
        ],
        [
          1.5224810383984515,
          42.504571328609494
        ],
        [
          1.5222302258256963,
          42.504540522517445
        ],
        [
          1.5220137543630212,
          42.504590196643235
        ],
        [
          1.5219287251520925,
          42.50480160397518
        ],
        [
          1.5218892508967157,
          42.504852024206265
        ],
        [
          1.5220214853956708,
          42.50482371444955
        ],
        [
          1.522008456984141,
          42.505071647944476
        ],
        [
          1.5219436699365583,
          42.505315899045655
        ],
        [
          1.5218792425806995,
          42.505560243812106
        ],
        [
          1.5218166712903498,
          42.50580507190605
        ],
        [
          1.5217541000000003,
          42.506049899999994
        ]
      ],
      "emotions": [
        "red",
        "red",
        "red",
        "red",
        "red",
        "red",
        "red",
        "red",
        "red",
        "red",
        "red",
        "purple",
        "purple",
        "purple",
        "purple",
        "purple",
        "purple",
        "purple",
        "purple",
        "purple",
        "purple",
        "red",
        "red",
        "red",
        "red",
        "red",
        "green"
      ],
      "mood_vectors": [
        [
          0.16769716978673055,
          0.052584972227835876,
          0.10268799429437327,
          0.1552438186394958,
          0.2139326439105911,
          0.1834535896724311,
          0.12439981146854223
        ],
        [
          0.05821889092141383,
          0.24956846287517212,
          0.21027465580202437,
          0.07347578429197242,
          0.01075846394333057,
          0.1787913169619287,
          0.21891242520415793
        ],
        [
          0.2680153713173567,
          0.11244561367023845,
          0.15330467615467522,
          0.1555846896009825,
          0.10155682912703812,
          0.09565842426979236,
          0.11343439585991662
        ],
        [
          0.0862070344505051,
          0.0545539596687502,
          0.2206445089754864,
          0.07764133464851626,
          0.04150647208129265,
          0.24970915059690685,
          0.2697375395785426
        ],
        [
          0.21439490251041346,
          0.2731062500927486,
          0.061124171926881334,
          0.002427957233903277,
          0.121191555741423,
          0.23689761081008268,
          0.09085755168454762
        ],
        [
          0.22831349133489315,
          0.03498445632304824,
          0.26061736369212035,
          0.09873170200949906,
          0.24087086560353405,
          0.09036040106490435,
          0.04612171997200078
        ],
        [
          0.0472902097184993,
          0.04031890934673787,
          0.06694833515326302,
          0.22843945466617263,
          0.20935796224057113,
          0.1636027533758352,
          0.24404237549892085
        ],
        [
          0.32513956064308963,
          0.1858930293709417,
          0.058139806532109414,
          0.09008796224461284,
          0.14058385919162417,
          0.19324738581956433,
          0.006908396198057839
        ],
        [
          0.2402292500093422,
          0.16079355960310746,
          0.0658837984052495,
          0.19703353071770258,
          0.15164612049371615,
          0.08952240162940875,
          0.09489133914147344
        ],
        [
          0.000751366142418619,
          0.3438977722068526,
          0.10227769380637013,
          0.23836152543844774,
          0.06567207571972648,
          0.2242369714556354,
          0.02480259523054908
        ],
        [
          0.03568666651686704,
          0.16033847151835712,
          0.09788848036870182,
          0.31948063336218235,
          0.10786664934157085,
          0.15553734527582674,
          0.1232017536164941
        ],
        [
          0.21828958254303185,
          0.26077141308855595,
          0.07083495696621155,
          0.07814728319827811,
          0.1835044338793963,
          0.1601564213697032,
          0.02829590895482304
        ],
        [
          0.24976619926891486,
          0.1684935627372987,
          0.17679274275104892,
          0.1253779592077785,
          0.14953360566925109,
          0.055345560717582364,
          0.07469036964812559
        ],
        [
          0.19662704655565158,
          0.1499528464559602,
          0.16566313773743385,
          0.19553934422335778,
          0.08541977072452232,
          0.11382954242259541,
          0.09296831188047883
        ],
        [
          0.08162465174652181,
          0.2154957446808571,
          0.10453160155876308,
          0.13156173849919872,
          0.19153568570731672,
          0.1977385769303638,
          0.07751200087697868
        ],
        [
          0.04311090379097149,
          0.07082923465560173,
          0.07702368935395636,
          0.2480067742630503,
          0.22337148667180953,
          0.08917031973335357,
          0.24848759153125702
        ],
        [
          0.08973374173505089,
          0.17616637578309371,
          0.1788643778737411,
          0.1670539720572537,
          0.112022685456071,
          0.14495581441767763,
          0.13120303267711195
        ],
        [
          0.16033289991004648,
          0.11973776468329388,
          0.026991497347773438,
          0.2308538630103143,
          0.0049541690427483765,
          0.2616698588720086,
          0.19545994713381498
        ],
        [
          0.11845139027690936,
          0.17500800557451174,
          0.17792897937453797,
          0.20725225592504867,
          0.2464658694394399,
          0.06014235912832736,
          0.014751140281224998
        ],
        [
          0.11917111617289601,
          0.28069150787772257,
          0.16069292433791801,
          0.12507062072915268,
          0.05982118752746324,
          0.199041756624294,
          0.055510886730553426
        ],
        [
          0.2568644064582227,
          0.01074527338308328,
          0.19699626886769436,
          0.1573495716406708,
          0.24051828927305288,
          0.05225774127800905,
          0.08526844909926685
        ],
        [
          0.11798939458565745,
          0.2715224768638368,
          0.24779573702754804,
          0.2735629516422138,
          0.03777221739406827,
          0.02103368715358139,
          0.030323535333094297
        ],
        [
          0.2547017282354809,
          0.09050612928009387,
          0.14280200773824245,
          0.1319274754839026,
          0.050566720520901484,
          0.018771022725162033,
          0.3107249160162167
        ],
        [
          0.08651796614637333,
          0.1685650880580489,
          0.16655297253694626,
          0.08532337811849935,
          0.16108790049412622,
          0.19540813931187143,
          0.1365445553341346
        ],
        [
          0.013036417161096265,
          0.16262816357762216,
          0.2775289523171044,
          0.16901370572379285,
          0.002449405032278503,
          0.12437072577498681,
          0.25097263041311907
        ],
        [
          0.33918177045852904,
          0.044412518573668465,
          0.12694609964471948,
          0.006756668013823354,
          0.09026182922157905,
          0.17488587863643731,
          0.21755523545124333
        ],
        [
          0.05520179598758669,
          0.08061540269869544,
          0.24427998400012838,
          0.2553741444621581,
          0.21556841652408007,
          0.0031647080182239237,
          0.14579554830912736
        ]
      ],
      "timestamps": [
        69,
        70,
        71,
        72,
        73,
        74,
        75,
        76,
        77,
        78,
        79,
        80,
        81,
        82,
        83,
        84,
        85,
        86,
        87,
        88,
        89,
        90,
        91,
        92,
        93,
        94,
        95
      ],
      "distance": 263.9
    },
    {
      "trip_id": 4,
      "transport_method": "bicycle",
      "start_time": 96,
      "path": [
        [
          1.5217541000000003,
          42.506049899999994
        ],
        [
          1.5217992000000005,
          42.50587343333333
        ],
        [
          1.5218443000000004,
          42.50569696666667
        ],
        [
          1.5218894000000005,
          42.5055205
        ]
      ],
      "emotions": [
        "green",
        "green",
        "green",
        "green"
      ],
      "mood_vectors": [
        [
          0.2268493004513985,
          0.1180237159899437,
          0.16582928018098947,
          0.15320740034589247,
          0.00577777064605417,
          0.07764050137120204,
          0.2526720310145196
        ],
        [
          0.02884428474824223,
          0.10125550572447964,
          0.006121428408779365,
          0.3347428563579402,
          0.32501392412850594,
          0.024523001707230287,
          0.17949899892482227
        ],
        [
          0.030893056379897546,
          0.15909401294269374,
          0.10351336095316974,
          0.17624677361321417,
          0.193412018731201,
          0.15477364119257467,
          0.18206713618724923
        ],
        [
          0.1790502947570435,
          0.12882354990780748,
          0.16924931619638162,
          0.11919358585822655,
          0.22485879277938314,
          0.07221962049709132,
          0.10660484000406627
        ]
      ],
      "timestamps": [
        96,
        97,
        98,
        99
      ],
      "distance": 622.6
    }
  ],
  "conversation": [
    "Let's loop around the park before heading back.",
    "I swear I just smelled five different cuisines.",
    "This is giving real 'main character energy'."
  ],
  "conversation_timestamps": [
    15,
    41,
    90
  ]
}
