{"agent_id": "agent-purple-1114", "type": "purple", "trips": [{"trip_id": 0, "transport_method": "bicycle", "start_time": 0, "path": [[1.4939411, 42.4647531], [1.4941538, 42.4659361], [1.4924766, 42.4665643], [1.4915859, 42.4679401], [1.4920537, 42.4697287], [1.4914434, 42.47146], [1.4906005, 42.4731138], [1.4908394, 42.4749044], [1.4905983, 42.4766893], [1.4903073, 42.4785249], [1.4900164, 42.4803604], [1.4896478, 42.4817158], [1.4893612, 42.4798881], [1.490108, 42.4782148], [1.4906231, 42.4765144], [1.4904854, 42.478315], [1.4903386, 42.4801677], [1.4901919, 42.4820203], [1.4907742, 42.4837067], [1.4920617, 42.4848201], [1.4928511, 42.4864876], [1.4937189, 42.4881295], [1.4946277, 42.4897505], [1.495593, 42.4912702], [1.4969859, 42.4925002], [1.4983792, 42.4937026], [1.4986884, 42.4952423], [1.5002185, 42.4961672], [1.5018588, 42.4969089], [1.5035058, 42.4977613], [1.5051963, 42.4985318], [1.5068611, 42.4993562], [1.5085196, 42.5001796], [1.5093007, 42.5005606], [1.5105095, 42.501116], [1.5103369, 42.5010916], [1.5116091, 42.5016994], [1.5126384, 42.5023903], [1.5139436, 42.5036835], [1.5151997, 42.505006], [1.5168166, 42.5058205], [1.5183222, 42.5065421], [1.5199012, 42.5074262], [1.5217346, 42.5075082], [1.5234508, 42.5078065], [1.5252755, 42.5080317], [1.5269972, 42.5085195], [1.5285558, 42.5094117], [1.529498, 42.5107832], [1.5307573, 42.5118121], [1.5303284, 42.5133895], [1.5296557, 42.5148619], [1.5283297, 42.5161093], [1.5267203, 42.5170388], [1.5274201, 42.5166527], [1.5288466, 42.5158158], [1.5272883, 42.5168284], [1.5257299, 42.517841], [1.5250721, 42.5182594], [1.526048, 42.517477], [1.5245363, 42.5185579], [1.5237876, 42.5200951], [1.5228289, 42.5216449], [1.5217269, 42.523051], [1.5206886, 42.5245791], [1.5204698, 42.5264109], [1.5203101, 42.5280003], [1.520342, 42.5296904], [1.5197757, 42.5311064], [1.5197428, 42.5328736], [1.5199686, 42.5345052], [1.5212763, 42.535757], [1.5200836, 42.5371025], [1.5195007, 42.5388524], [1.519427, 42.5406331], [1.5180831, 42.5417045], [1.5188115, 42.5413762], [1.5173865, 42.5424699], [1.5161816, 42.5434562], [1.5153212, 42.5444244]], "mood_vectors": [[0.0886, 0.0554, 0.0418, 0.0729, 0.0668, 0.623, 0.0516], [0.0293, 0.0396, 0.0474, 0.0319, 0.051, 0.7369, 0.0639], [0.0509, 0.0908, 0.0296, 0.0663, 0.0283, 0.7161, 0.018], [0.0635, 0.0418, 0.0299, 0.054, 0.0436, 0.7151, 0.0521], [0.0188, 0.0597, 0.0409, 0.0618, 0.0546, 0.7195, 0.0447], [0.0957, 0.0924, 0.0168, 0.0153, 0.0184, 0.7005, 0.061], [0.0494, 0.1013, 0.0181, 0.0289, 0.0928, 0.6678, 0.0417], [0.0433, 0.0654, 0.0523, 0.0464, 0.0423, 0.6976, 0.0527], [0.0329, 0.0627, 0.0491, 0.0352, 0.0506, 0.7314, 0.038], [0.0595, 0.013, 0.0476, 0.038, 0.0825, 0.7156, 0.0438], [0.0261, 0.0365, 0.03, 0.0333, 0.0572, 0.7827, 0.0342], [0.0743, 0.0488, 0.0378, 0.0404, 0.0795, 0.6395, 0.0797], [0.0247, 0.0386, 0.0727, 0.0818, 0.0276, 0.6742, 0.0803], [0.0311, 0.0565, 0.0494, 0.0769, 0.07, 0.6676, 0.0485], [0.0345, 0.0172, 0.0723, 0.0425, 0.0633, 0.7349, 0.0354], [0.0302, 0.04, 0.0473, 0.0258, 0.0269, 0.7828, 0.047], [0.0453, 0.0718, 0.0532, 0.0379, 0.0374, 0.6713, 0.0833], [0.085, 0.0829, 0.0636, 0.0333, 0.0561, 0.653, 0.0261], [0.0542, 0.047, 0.0602, 0.0178, 0.0631, 0.6916, 0.0661], [0.0593, 0.0142, 0.0615, 0.061, 0.0504, 0.7074, 0.0461], [0.0207, 0.0768, 0.0187, 0.0296, 0.0214, 0.7889, 0.0439], [0.037, 0.0633, 0.0471, 0.0673, 0.0599, 0.6497, 0.0757], [0.0536, 0.0387, 0.0244, 0.0405, 0.0701, 0.7009, 0.0718], [0.0624, 0.0689, 0.0626, 0.0217, 0.0309, 0.7281, 0.0254], [0.0344, 0.0223, 0.0146, 0.0966, 0.0689, 0.6667, 0.0966], [0.0607, 0.0285, 0.0369, 0.0611, 0.0575, 0.6927, 0.0626], [0.0894, 0.0903, 0.0223, 0.0786, 0.0341, 0.6454, 0.0399], [0.0696, 0.0212, 0.0775, 0.0709, 0.0503, 0.6776, 0.0329], [0.0519, 0.0481, 0.066, 0.0597, 0.0427, 0.6782, 0.0535], [0.0602, 0.0117, 0.0687, 0.0128, 0.0608, 0.7369, 0.049], [0.0191, 0.0808, 0.0175, 0.0764, 0.0533, 0.7319, 0.0209], [0.0371, 0.0394, 0.0163, 0.0528, 0.0738, 0.7661, 0.0146], [0.05, 0.0288, 0.0674, 0.0564, 0.0162, 0.7304, 0.0509], [0.0798, 0.0514, 0.0352, 0.0695, 0.076, 0.6472, 0.0409], [0.0695, 0.045, 0.0392, 0.0187, 0.0786, 0.7259, 0.023], [0.0143, 0.0335, 0.0474, 0.0774, 0.0717, 0.6965, 0.0592], [0.0607, 0.0408, 0.0474, 0.0563, 0.0144, 0.6917, 0.0886], [0.0437, 0.084, 0.0279, 0.0686, 0.0342, 0.6896, 0.0519], [0.0526, 0.0761, 0.0684, 0.0424, 0.014, 0.6957, 0.0508], [0.0793, 0.0595, 0.0182, 0.04, 0.0176, 0.7578, 0.0276], [0.0593, 0.0187, 0.063, 0.0319, 0.0737, 0.7023, 0.0512], [0.0533, 0.0361, 0.0581, 0.0734, 0.0235, 0.726, 0.0296], [0.0182, 0.0834, 0.0279, 0.0505, 0.0407, 0.7144, 0.065], [0.0629, 0.0529, 0.0258, 0.076, 0.0557, 0.7105, 0.0163], [0.0707, 0.0887, 0.0267, 0.0434, 0.0634, 0.6526, 0.0545], [0.0611, 0.0256, 0.0672, 0.0892, 0.0678, 0.6142, 0.0749], [0.0393, 0.0271, 0.0189, 0.0246, 0.0359, 0.7986, 0.0556], [0.0519, 0.0714, 0.0711, 0.0353, 0.0282, 0.7149, 0.0271], [0.0857, 0.022, 0.083, 0.0255, 0.0222, 0.6622, 0.0995], [0.0149, 0.0684, 0.0684, 0.0777, 0.0713, 0.6361, 0.0632], [0.0645, 0.0179, 0.0675, 0.0536, 0.0587, 0.6822, 0.0555], [0.0633, 0.0791, 0.0428, 0.0794, 0.0731, 0.6449, 0.0175], [0.0179, 0.0585, 0.0118, 0.0384, 0.0335, 0.7799, 0.06], [0.0419, 0.0349, 0.0967, 0.0331, 0.028, 0.6978, 0.0676], [0.0385, 0.0637, 0.0423, 0.0548, 0.0651, 0.6728, 0.0628], [0.0767, 0.0522, 0.0923, 0.0194, 0.0788, 0.6654, 0.0151], [0.0142, 0.0783, 0.0456, 0.0566, 0.0391, 0.7299, 0.0363], [0.0586, 0.0336, 0.0215, 0.0538, 0.0695, 0.6858, 0.0772], [0.0349, 0.0283, 0.0359, 0.0671, 0.0874, 0.6887, 0.0576], [0.0728, 0.0473, 0.0412, 0.0255, 0.0481, 0.7338, 0.0312], [0.034, 0.0601, 0.085, 0.0729, 0.0574, 0.6009, 0.0896], [0.0152, 0.03, 0.0908, 0.0694, 0.077, 0.6528, 0.0649], [0.0665, 0.0903, 0.0738, 0.042, 0.0436, 0.6335, 0.0503], [0.068, 0.0194, 0.0761, 0.0454, 0.0657, 0.6513, 0.0741], [0.0337, 0.0411, 0.0373, 0.0664, 0.0691, 0.7154, 0.037], [0.0823, 0.0466, 0.0566, 0.0299, 0.0491, 0.6945, 0.041], [0.0591, 0.0266, 0.032, 0.0558, 0.0165, 0.7461, 0.0639], [0.0369, 0.0616, 0.0468, 0.0173, 0.0555, 0.7591, 0.0228], [0.0926, 0.0164, 0.0659, 0.0461, 0.066, 0.6861, 0.0268], [0.0585, 0.0194, 0.0598, 0.0426, 0.0417, 0.7066, 0.0714], [0.0302, 0.0637, 0.0115, 0.0591, 0.0397, 0.7666, 0.0292], [0.0834, 0.0612, 0.0548, 0.0259, 0.0781, 0.681, 0.0155], [0.0763, 0.0529, 0.0222, 0.025, 0.0229, 0.7173, 0.0833], [0.0345, 0.03, 0.0612, 0.0197, 0.0435, 0.7391, 0.072], [0.0427, 0.0721, 0.045, 0.0611, 0.0254, 0.68, 0.0736], [0.0625, 0.0245, 0.0182, 0.0548, 0.0506, 0.724, 0.0654], [0.0472, 0.0349, 0.0224, 0.0377, 0.0346, 0.7533, 0.0699], [0.0418, 0.0631, 0.0299, 0.0133, 0.0482, 0.77, 0.0337], [0.0746, 0.0564, 0.0415, 0.0855, 0.042, 0.6675, 0.0324], [0.06, 0.0129, 0.0691, 0.0567, 0.046, 0.6952, 0.0601]], "emotions": ["purple", "purple", "purple", "purple", "purple", "purple", "purple", "purple", "purple", "purple", "purple", "purple", "purple", "purple", "purple", "purple", "purple", "purple", "purple", "purple", "purple", "purple", "purple", "purple", "purple", "purple", "purple", "purple", "purple", "purple", "purple", "purple", "purple", "purple", "purple", "purple", "purple", "purple", "purple", "purple", "purple", "purple", "purple", "purple", "purple", "purple", "purple", "purple", "purple", "purple", "purple", "purple", "purple", "purple", "purple", "purple", "purple", "purple", "purple", "purple", "purple", "purple", "purple", "purple", "purple", "purple", "purple", "purple", "purple", "purple", "purple", "purple", "purple", "purple", "purple", "purple", "purple", "purple", "purple", "purple"], "timestamps": [0, 40, 80, 120, 160, 200, 240, 280, 320, 360, 400, 440, 480, 520, 560, 600, 640, 680, 720, 760, 800, 840, 880, 920, 960, 1000, 1040, 1080, 1120, 1160, 1200, 1240, 1280, 1320, 1360, 1400, 1440, 1480, 1520, 1560, 1600, 1640, 1680, 1720, 1760, 1800, 1840, 1880, 1920, 1960, 2000, 2040, 2080, 2120, 2160, 2200, 2240, 2280, 2320, 2360, 2400, 2440, 2480, 2520, 2560, 2600, 2640, 2680, 2720, 2760, 2800, 2840, 2880, 2920, 2960, 3000, 3040, 3080, 3120, 3160]}], "conversation": [], "conversation_timestamps": []}