{"agent_id": "agent-purple-629", "type": "purple", "trips": [{"trip_id": 0, "transport_method": "foot", "start_time": 0, "path": [[1.5134293, 42.5024505], [1.5133597, 42.502369], [1.5132912, 42.5022865], [1.5132262, 42.5022013], [1.5131611, 42.5021161], [1.5130961, 42.5020309], [1.513031, 42.5019457], [1.5129659, 42.5018604], [1.5129164, 42.501766], [1.5128701, 42.5016751], [1.5127714, 42.5017171], [1.5126728, 42.5017591], [1.5125741, 42.5018012], [1.5124755, 42.5018432], [1.5123737, 42.5018336], [1.5122703, 42.5018053], [1.5121656, 42.5017822], [1.5120609, 42.5017591], [1.5119562, 42.501736], [1.5118515, 42.5017129], [1.5117468, 42.5016899], [1.5116421, 42.5016668], [1.5115637, 42.5016536], [1.5116578, 42.5017051], [1.5117518, 42.5017565], [1.5117975, 42.5017816], [1.5117035, 42.5017301], [1.5116094, 42.5016786], [1.5115841, 42.5016711], [1.5116704, 42.5017348], [1.5117566, 42.5017985], [1.5118428, 42.5018622], [1.511929, 42.501926], [1.5120153, 42.5019897], [1.5121015, 42.5020534], [1.5121877, 42.5021171], [1.5122739, 42.5021809], [1.5123597, 42.5022452], [1.5124454, 42.5023097], [1.5125314, 42.5023737], [1.5126181, 42.5024367], [1.5127048, 42.5024998], [1.5127915, 42.5025628], [1.5128783, 42.5026258], [1.512965, 42.5026889], [1.5130534, 42.5027495], [1.5131309, 42.5028223], [1.5131942, 42.5029059], [1.5131553, 42.5029968], [1.5130535, 42.5030287], [1.512952, 42.5030083], [1.5128639, 42.5029471], [1.5127759, 42.5028859], [1.5126878, 42.5028247], [1.5125998, 42.5027636], [1.5125117, 42.5027024], [1.5124082, 42.5026827], [1.5123016, 42.5026711], [1.5122128, 42.5027131], [1.5121056, 42.5027112], [1.5120176, 42.5027625], [1.5119362, 42.5028323], [1.5118548, 42.5029021], [1.5118883, 42.5029648], [1.5119791, 42.5030214], [1.5120738, 42.5030715], [1.5121648, 42.5031281], [1.5122521, 42.5031904], [1.5123388, 42.5032535], [1.5124251, 42.5033171], [1.5125113, 42.5033808], [1.5125976, 42.5034444], [1.5126839, 42.503508], [1.5127702, 42.5035717], [1.5128565, 42.5036353], [1.5129428, 42.5036989], [1.5130328, 42.5037571], [1.5131232, 42.5038148], [1.5131813, 42.5039036], [1.5132356, 42.503996]], "mood_vectors": [[0.0635, 0.0524, 0.0301, 0.086, 0.0758, 0.6788, 0.0135], [0.0147, 0.0133, 0.0634, 0.0256, 0.0748, 0.7578, 0.0504], [0.0177, 0.0597, 0.0196, 0.0668, 0.0319, 0.7361, 0.0683], [0.0759, 0.0254, 0.0644, 0.0424, 0.0557, 0.6647, 0.0715], [0.0173, 0.0772, 0.0772, 0.0516, 0.0366, 0.6608, 0.0792], [0.0783, 0.0224, 0.0307, 0.0605, 0.0766, 0.6673, 0.0641], [0.0547, 0.068, 0.0451, 0.0588, 0.0679, 0.6699, 0.0357], [0.0633, 0.029, 0.0395, 0.073, 0.0216, 0.7019, 0.0717], [0.0881, 0.0407, 0.0853, 0.0465, 0.0203, 0.6923, 0.0268], [0.0737, 0.0334, 0.0477, 0.0742, 0.0341, 0.7131, 0.0237], [0.0231, 0.0518, 0.046, 0.0146, 0.0415, 0.7701, 0.0529], [0.045, 0.0692, 0.0297, 0.0692, 0.0575, 0.6991, 0.0304], [0.0688, 0.0268, 0.0402, 0.0528, 0.0365, 0.7152, 0.0596], [0.0591, 0.0205, 0.0236, 0.0301, 0.0198, 0.8216, 0.0252], [0.0787, 0.0388, 0.0189, 0.049, 0.0189, 0.7226, 0.0731], [0.0664, 0.0644, 0.059, 0.0824, 0.023, 0.6797, 0.025], [0.059, 0.0272, 0.0582, 0.0475, 0.0344, 0.7384, 0.0353], [0.0802, 0.0375, 0.0178, 0.0998, 0.0183, 0.7263, 0.0201], [0.023, 0.0543, 0.0186, 0.0301, 0.0475, 0.7343, 0.0922], [0.0664, 0.0222, 0.0531, 0.0571, 0.049, 0.7212, 0.031], [0.0583, 0.0439, 0.0456, 0.0275, 0.0195, 0.7625, 0.0427], [0.0635, 0.0173, 0.0419, 0.0289, 0.0563, 0.7193, 0.0728], [0.0189, 0.0579, 0.0237, 0.0292, 0.0904, 0.7456, 0.0343], [0.0495, 0.0903, 0.0737, 0.072, 0.0283, 0.6006, 0.0857], [0.0283, 0.053, 0.0416, 0.0182, 0.0389, 0.7382, 0.0818], [0.0242, 0.0574, 0.0189, 0.0226, 0.0147, 0.8309, 0.0313], [0.062, 0.0554, 0.0775, 0.0169, 0.0654, 0.6767, 0.0461], [0.0387, 0.0159, 0.0554, 0.0948, 0.0922, 0.6221, 0.0809], [0.0754, 0.0483, 0.0344, 0.0602, 0.064, 0.6378, 0.0798], [0.088, 0.0726, 0.0804, 0.0267, 0.0365, 0.6208, 0.0751], [0.0753, 0.027, 0.0668, 0.0751, 0.0749, 0.6633, 0.0178], [0.0592, 0.0697, 0.0562, 0.0599, 0.071, 0.6661, 0.018], [0.0527, 0.0819, 0.0736, 0.0788, 0.0281, 0.6345, 0.0503], [0.0539, 0.0351, 0.0343, 0.0658, 0.065, 0.6994, 0.0465], [0.063, 0.0399, 0.0375, 0.0502, 0.0659, 0.7128, 0.0307], [0.0784, 0.0374, 0.0391, 0.0587, 0.015, 0.6761, 0.0953], [0.0143, 0.046, 0.0415, 0.0515, 0.0579, 0.7525, 0.0365], [0.0817, 0.0577, 0.0138, 0.0822, 0.0763, 0.6438, 0.0446], [0.0348, 0.0226, 0.0211, 0.0775, 0.0331, 0.7223, 0.0885], [0.0429, 0.0378, 0.0265, 0.0797, 0.0325, 0.7516, 0.029], [0.0334, 0.0598, 0.0417, 0.0702, 0.0363, 0.7343, 0.0244], [0.0575, 0.027, 0.0712, 0.0504, 0.0566, 0.6839, 0.0534], [0.0247, 0.0643, 0.0694, 0.0281, 0.0352, 0.7298, 0.0485], [0.0384, 0.069, 0.0677, 0.0201, 0.0194, 0.7401, 0.0453], [0.0734, 0.031, 0.0288, 0.0433, 0.0498, 0.7561, 0.0175], [0.0362, 0.0532, 0.063, 0.0434, 0.0298, 0.7609, 0.0134], [0.0294, 0.0536, 0.0712, 0.0149, 0.0742, 0.7109, 0.0457], [0.0491, 0.0425, 0.0356, 0.0519, 0.076, 0.71, 0.035], [0.0709, 0.0455, 0.014, 0.053, 0.0155, 0.757, 0.0441], [0.0196, 0.0599, 0.0852, 0.0761, 0.0687, 0.6462, 0.0443], [0.0363, 0.0203, 0.0642, 0.026, 0.0709, 0.7038, 0.0784], [0.0355, 0.0797, 0.0267, 0.0538, 0.0894, 0.6858, 0.0291], [0.0627, 0.0676, 0.0566, 0.0561, 0.0501, 0.6547, 0.0522], [0.0323, 0.0914, 0.0465, 0.0593, 0.0711, 0.6736, 0.0259], [0.0364, 0.0543, 0.0368, 0.0272, 0.0533, 0.7582, 0.0338], [0.0607, 0.0373, 0.0526, 0.0349, 0.0658, 0.6942, 0.0544], [0.0121, 0.0432, 0.0706, 0.0463, 0.0471, 0.728, 0.0529], [0.0613, 0.0188, 0.078, 0.0585, 0.0595, 0.6503, 0.0736], [0.0436, 0.0553, 0.057, 0.0216, 0.0714, 0.7065, 0.0446], [0.0684, 0.0142, 0.0566, 0.0643, 0.0154, 0.7379, 0.0432], [0.0353, 0.0418, 0.0537, 0.0384, 0.043, 0.7382, 0.0497], [0.0373, 0.0803, 0.0694, 0.0292, 0.0864, 0.6391, 0.0582], [0.0713, 0.0367, 0.0429, 0.0189, 0.0627, 0.7124, 0.0549], [0.0215, 0.0398, 0.0586, 0.054, 0.0724, 0.7264, 0.0275], [0.0149, 0.0351, 0.0363, 0.0755, 0.0901, 0.7147, 0.0333], [0.0472, 0.0524, 0.0707, 0.0658, 0.0381, 0.6789, 0.0468], [0.0258, 0.0814, 0.0304, 0.0732, 0.0772, 0.6292, 0.0827], [0.0287, 0.0556, 0.0675, 0.0928, 0.0304, 0.704, 0.0209], [0.0816, 0.0226, 0.0309, 0.0716, 0.0387, 0.7037, 0.0508], [0.0647, 0.0203, 0.0698, 0.0252, 0.061, 0.7194, 0.0397], [0.0851, 0.0166, 0.0747, 0.0543, 0.0729, 0.6557, 0.0407], [0.0402, 0.0467, 0.0459, 0.0306, 0.0628, 0.7421, 0.0317], [0.0866, 0.0303, 0.02, 0.044, 0.0611, 0.7198, 0.0381], [0.0287, 0.0669, 0.0351, 0.0883, 0.0576, 0.6445, 0.0789], [0.0412, 0.0635, 0.0674, 0.0285, 0.0621, 0.6633, 0.074], [0.0712, 0.0574, 0.0901, 0.0502, 0.0477, 0.6365, 0.0469], [0.0556, 0.0283, 0.068, 0.0169, 0.0795, 0.679, 0.0727], [0.0641, 0.0651, 0.0648, 0.0622, 0.0504, 0.6731, 0.0203], [0.0393, 0.0403, 0.0425, 0.0566, 0.0231, 0.7628, 0.0353], [0.0584, 0.0521, 0.0136, 0.0571, 0.0116, 0.7398, 0.0674]], "emotions": ["purple", "purple", "purple", "purple", "purple", "purple", "purple", "purple", "purple", "purple", "purple", "purple", "purple", "purple", "purple", "purple", "purple", "purple", "purple", "purple", "purple", "purple", "purple", "purple", "purple", "purple", "purple", "purple", "purple", "purple", "purple", "purple", "purple", "purple", "purple", "purple", "purple", "purple", "purple", "purple", "purple", "purple", "purple", "purple", "purple", "purple", "purple", "purple", "purple", "purple", "purple", "purple", "purple", "purple", "purple", "purple", "purple", "purple", "purple", "purple", "purple", "purple", "purple", "purple", "purple", "purple", "purple", "purple", "purple", "purple", "purple", "purple", "purple", "purple", "purple", "purple", "purple", "purple", "purple", "purple"], "timestamps": [0, 40, 80, 120, 160, 200, 240, 280, 320, 360, 400, 440, 480, 520, 560, 600, 640, 680, 720, 760, 800, 840, 880, 920, 960, 1000, 1040, 1080, 1120, 1160, 1200, 1240, 1280, 1320, 1360, 1400, 1440, 1480, 1520, 1560, 1600, 1640, 1680, 1720, 1760, 1800, 1840, 1880, 1920, 1960, 2000, 2040, 2080, 2120, 2160, 2200, 2240, 2280, 2320, 2360, 2400, 2440, 2480, 2520, 2560, 2600, 2640, 2680, 2720, 2760, 2800, 2840, 2880, 2920, 2960, 3000, 3040, 3080, 3120, 3160]}], "conversation": [], "conversation_timestamps": []}