{
  "agent_id": "agent-type-blue-67",
  "type": "blue",
  "trips": [
    {
      "trip_id": 0,
      "transport_method": "foot",
      "start_time": 0,
      "path": [
        [
          1.5216587000000004,
          42.50746370000001
        ],
        [
          1.5206884295014642,
          42.50745809897136
        ],
        [
          1.5213471506583607,
          42.5074702103939
        ],
        [
          1.5219765837441963,
          42.507102677028115
        ],
        [
          1.5218145790980728,
          42.50705170957332
        ],
        [
          1.521580069334094,
          42.507328146955366
        ],
        [
          1.5213949278321628,
          42.506665959102065
        ],
        [
          1.521170366974249,
          42.50683896707821
        ],
        [
          1.5217999421779387,
          42.50748477326131
        ],
        [
          1.5224184671759424,
          42.50722240448809
        ],
        [
          1.5217467470848154,
          42.50652222713125
        ],
        [
          1.5224300625131735,
          42.50634829827289
        ],
        [
          1.523364871287765,
          42.50660037066033
        ],
        [
          1.5242541385285782,
          42.506808056623775
        ],
        [
          1.523855712818873,
          42.50671232382775
        ],
        [
          1.5236188376516429,
          42.50614760827053
        ],
        [
          1.5238523446308319,
          42.50563560268623
        ],
        [
          1.5234497269133063,
          42.506518413643
        ],
        [
          1.5225753644970736,
          42.50636860680852
        ],
        [
          1.5217626707118197,
          42.50601636463534
        ],
        [
          1.5220069470061448,
          42.50507734065316
        ],
        [
          1.5225341177087528,
          42.504577848083784
        ],
        [
          1.5234940213896888,
          42.504716021732065
        ],
        [
          1.5244100344124463,
          42.504820305728636
        ],
        [
          1.5253032860185536,
          42.50498427768787
        ],
        [
          1.5262658034507774,
          42.50510681912787
        ],
        [
          1.5272126314049372,
          42.50519467107449
        ],
        [
          1.5280292116927332,
          42.50535130510646
        ],
        [
          1.5278376508531724,
          42.50554426501787
        ],
        [
          1.5268921776653788,
          42.505335684642574
        ],
        [
          1.5260895680129682,
          42.50542579119926
        ],
        [
          1.5251566,
          42.505338200000004
        ]
      ],
      "emotions": [
        "red",
        "red",
        "red",
        "red",
        "red",
        "red",
        "red",
        "red",
        "red",
        "red",
        "green",
        "green",
        "green",
        "green",
        "green",
        "red",
        "red",
        "red",
        "red",
        "red",
        "red",
        "red",
        "red",
        "red",
        "red",
        "red",
        "red",
        "red",
        "red",
        "red",
        "green",
        "green"
      ],
      "mood_vectors": [
        [
          0.3169249454291931,
          0.02556905463090922,
          0.11221831135920018,
          0.0094136106889826,
          0.25835275941325553,
          0.12602517817538056,
          0.15149614030307876
        ],
        [
          0.19573093110688836,
          0.12020395926915613,
          0.20027739314378235,
          0.13579983560066924,
          0.18711921965219427,
          0.10251862396738566,
          0.05835003725992393
        ],
        [
          0.11893428005245986,
          0.05636385049913109,
          0.176125592512679,
          0.01961239189143175,
          0.3348937752634994,
          0.053666546413580846,
          0.24040356336721802
        ],
        [
          0.16855390482647464,
          0.1716019429339576,
          0.1107709374621125,
          0.12173147487151931,
          0.05000560479124847,
          0.17425315110357936,
          0.20308298401110816
        ],
        [
          0.24714278698078418,
          0.2373115765179853,
          0.10243872172331574,
          0.047213824244070744,
          0.09533264104129778,
          0.07182418115049959,
          0.1987362683420467
        ],
        [
          0.1462669849238953,
          0.08405198719301128,
          0.23595918185171755,
          0.07002017489323381,
          0.03627197975868037,
          0.21969195088852048,
          0.2077377404909411
        ],
        [
          0.14326141751672342,
          0.09447674480164511,
          0.19973803528766154,
          0.09078044627743857,
          0.14136899625454316,
          0.1749369517492562,
          0.15543740811273193
        ],
        [
          0.1814415840914667,
          0.13655520035252414,
          0.1365462186073054,
          0.015963297309179208,
          0.12541543977153408,
          0.21536040121668565,
          0.18871785865130475
        ],
        [
          0.18392322854228516,
          0.09694018862452261,
          0.14623744023128227,
          0.23984879058968578,
          0.04817523910127976,
          0.24898313799332938,
          0.03589197491761509
        ],
        [
          0.24785034800508773,
          0.1436759337182615,
          0.008353777419073892,
          0.2331257667326375,
          0.20290790011844734,
          0.1557517182428944,
          0.00833455576359762
        ],
        [
          0.22556569336836585,
          0.12244756773381489,
          0.05029008181358128,
          0.2533034359623779,
          0.026606620145321863,
          0.31759835673127107,
          0.004188244245267156
        ],
        [
          0.07644372130308756,
          0.12971336730307248,
          0.09118036399613881,
          0.09505404576286916,
          0.38305222332930944,
          0.13348168031347146,
          0.09107459799205096
        ],
        [
          0.034362390160554264,
          0.023544794953433715,
          0.37534783016316053,
          0.15096329914192852,
          0.1827801152586931,
          0.20978558051321497,
          0.02321598980901499
        ],
        [
          0.19050900783341446,
          0.08316163796801693,
          0.2039531220278506,
          0.013579060716590718,
          0.19804486422074125,
          0.16975651905100425,
          0.14099578818238184
        ],
        [
          0.22341423137213934,
          0.21169912449128434,
          0.21165375402290118,
          0.027149848854908884,
          0.16198745554767568,
          0.1198926951867698,
          0.04420289052432075
        ],
        [
          0.17141624357743523,
          0.04363925599650262,
          0.1903168973414673,
          0.19801501140763467,
          0.16912573415178786,
          0.0864078531625037,
          0.14107900436266863
        ],
        [
          0.23059646428492717,
          0.01070122824662341,
          0.06338164224862906,
          0.26804770963943264,
          0.0059685658876371655,
          0.23730176149045007,
          0.18400262820230046
        ],
        [
          0.14550957177239476,
          0.015888670760271117,
          0.2859438581248067,
          0.250679141902683,
          0.030500516220595096,
          0.1897570483165937,
          0.08172119290265552
        ],
        [
          0.18611839264333957,
          0.03746019436820314,
          0.04721629880664635,
          0.23857662428349094,
          0.014736418399490456,
          0.2196578457079117,
          0.2562342257909179
        ],
        [
          0.20682875450623447,
          0.14393526621068362,
          0.2650835789613106,
          0.04450314694022348,
          0.22642415958354448,
          0.101790654633598,
          0.01143443916440545
        ],
        [
          0.20201881810299926,
          0.07630058681989448,
          0.07849408593256256,
          0.1979678085001879,
          0.21934401957280103,
          0.10423527593029958,
          0.12163940514125521
        ],
        [
          0.20860805733737506,
          0.23967022703110988,
          0.07882562278211952,
          0.10086425963829705,
          0.12421222612469643,
          0.2039989540177449,
          0.04382065306865713
        ],
        [
          0.097391379751251,
          0.06287602899187941,
          0.10838681374458,
          0.18713547918599843,
          0.1707830615986213,
          0.17240836656199904,
          0.20101887016567077
        ],
        [
          0.11464454004385398,
          0.12648204158526596,
          0.14975003061206524,
          0.1999561895784845,
          0.1443589529393783,
          0.07025642656336908,
          0.19455181867758295
        ],
        [
          0.18710026135435615,
          0.1699153902319024,
          0.18008326506374284,
          0.17218353306028575,
          0.09602239148257954,
          0.03230074037845108,
          0.16239441842868216
        ],
        [
          0.0992142249182075,
          0.012141072267496736,
          0.22263725364293377,
          0.19171993350210592,
          0.24517990223763983,
          0.16093201411929034,
          0.06817559931232589
        ],
        [
          0.1053868739853131,
          0.1489985120480672,
          0.19534873095122565,
          0.15625078562074765,
          0.2946462095024944,
          0.06401261935324387,
          0.03535626853890805
        ],
        [
          0.11802582122385376,
          0.16483443884049595,
          0.19032724222706254,
          0.0646231698707136,
          0.10337126273030081,
          0.22839781271234685,
          0.1304202523952264
        ],
        [
          0.0373269778787725,
          0.0401270814179682,
          0.3899148433975634,
          0.2879204842249025,
          0.004892133489057135,
          0.08260451664868486,
          0.15721396294305146
        ],
        [
          0.11837006024029391,
          0.014289532416445035,
          0.14869016243050157,
          0.2664187391605756,
          0.22066632809081813,
          0.12035928657527205,
          0.11120589108609372
        ],
        [
          0.11530528208500973,
          0.23162546396522393,
          0.23722838784444056,
          0.08870436660546768,
          0.22878971097271172,
          0.03944768358096116,
          0.05889910494618516
        ],
        [
          0.12180612773171316,
          0.13363778677664326,
          0.003529922345509254,
          0.387084812397521,
          0.12938711676056763,
          0.09867667257292176,
          0.12587756141512385
        ]
      ],
      "timestamps": [
        0,
        1,
        2,
        3,
        4,
        5,
        6,
        7,
        8,
        9,
        10,
        11,
        12,
        13,
        14,
        15,
        16,
        17,
        18,
        19,
        20,
        21,
        22,
        23,
        24,
        25,
        26,
        27,
        28,
        29,
        30,
        31
      ],
      "distance": 654.4
    },
    {
      "trip_id": 1,
      "transport_method": "bicycle",
      "start_time": 32,
      "path": [
        [
          1.5251566,
          42.505338200000004
        ],
        [
          1.5256971058477378,
          42.505411521848856
        ],
        [
          1.5261207616486008,
          42.5053092681842
        ],
        [
          1.526591609391228,
          42.505288792240414
        ],
        [
          1.52713054637085,
          42.505372873135705
        ],
        [
          1.5276615143763002,
          42.5054925266948
        ],
        [
          1.5281848598862338,
          42.505646254188086
        ],
        [
          1.528090447485595,
          42.505365904074466
        ],
        [
          1.5276889766510509,
          42.505195471048026
        ],
        [
          1.527172358611442,
          42.50521152579267
        ],
        [
          1.526630152548189,
          42.505152067824916
        ],
        [
          1.5260889309113959,
          42.50508430087007
        ],
        [
          1.5255478420811481,
          42.50501541297027
        ],
        [
          1.5251640026637452,
          42.504914314824354
        ],
        [
          1.5255359412712997,
          42.50471911045544
        ],
        [
          1.5260720615756818,
          42.50481959768939
        ],
        [
          1.5265994530421656,
          42.50495647520503
        ],
        [
          1.5269426095870047,
          42.50514534261445
        ],
        [
          1.5274853025242958,
          42.50519590157979
        ],
        [
          1.5279615251902607,
          42.50526490834722
        ],
        [
          1.5282362627823793,
          42.50553178939953
        ],
        [
          1.5278570274945324,
          42.505549956711874
        ],
        [
          1.527331884201053,
          42.505404284350114
        ],
        [
          1.5267929472214312,
          42.50532020345482
        ],
        [
          1.5262540102418094,
          42.50523612255952
        ],
        [
          1.526034455685428,
          42.505506833846496
        ],
        [
          1.5257472864549757,
          42.50594232382639
        ],
        [
          1.5253966000000003,
          42.5058225
        ]
      ],
      "emotions": [
        "green",
        "green",
        "green",
        "red",
        "red",
        "red",
        "red",
        "red",
        "green",
        "green",
        "green",
        "green",
        "green",
        "purple",
        "purple",
        "purple",
        "purple",
        "purple",
        "purple",
        "purple",
        "purple",
        "purple",
        "purple",
        "green",
        "green",
        "green",
        "green",
        "green"
      ],
      "mood_vectors": [
        [
          0.1837014538078362,
          0.24246641906135394,
          0.05569151951745489,
          0.027474700025793674,
          0.10939624690398554,
          0.17628011957553566,
          0.20498954110804007
        ],
        [
          0.31530080942082234,
          0.06271383302518295,
          0.005527712017150798,
          0.02889963833579795,
          0.18016661275176368,
          0.20457065151120685,
          0.20282074293807545
        ],
        [
          0.2783529066049171,
          0.2931430779959781,
          0.005430552583163748,
          0.2816462291314148,
          0.05971186001254875,
          0.053766819676732094,
          0.02794855399524542
        ],
        [
          0.05047841771402563,
          0.37559942742508207,
          0.215043029930729,
          0.04480393229415921,
          0.032986984896948894,
          0.14112159574027353,
          0.13996661199878166
        ],
        [
          0.25033809726605466,
          0.02732684874571192,
          0.16144086186279924,
          0.2858180756104818,
          0.1553018338859279,
          0.06138162451423242,
          0.05839265811479205
        ],
        [
          0.016810138275607848,
          0.12902174890256687,
          0.14558085731646694,
          0.26764537532407473,
          0.01459041010358976,
          0.21069925720029775,
          0.21565221287739614
        ],
        [
          0.07964198021267087,
          0.23050465021837496,
          0.08872987647544625,
          0.02376587263098631,
          0.04805040164786008,
          0.3207000462789043,
          0.20860717253575733
        ],
        [
          0.1147941723802206,
          0.06472339366473467,
          0.23398907556112247,
          0.24690745765375324,
          0.24581236615478072,
          0.011407662523410942,
          0.08236587206197735
        ],
        [
          0.09798173596526466,
          0.2360039884371216,
          0.03701691786938216,
          0.02938672351326475,
          0.04321508217685347,
          0.31101889422497353,
          0.24537665781313983
        ],
        [
          0.05626814494745656,
          0.17738877815659998,
          0.35060292217449907,
          0.13494440508913477,
          0.027613194283360787,
          0.22824860775399888,
          0.02493394759495009
        ],
        [
          0.20117113888563293,
          0.09976892092842891,
          0.18257176543802114,
          0.10521475166860571,
          0.21646144062258815,
          0.0901622492762726,
          0.10464973318045062
        ],
        [
          0.12329169140572406,
          0.05140778033882999,
          0.20903133565645823,
          0.12588874196935448,
          0.2993167752123644,
          0.06074730462425181,
          0.130316370793017
        ],
        [
          0.15622664948037862,
          0.14269614148357007,
          0.19164187939795568,
          0.022944263100108612,
          0.18008662196553896,
          0.21075060327823555,
          0.09565384129421246
        ],
        [
          0.14495078136693576,
          0.2031872883508251,
          0.17344933226502615,
          0.08942794864721548,
          0.20955334564140216,
          0.07632123971877718,
          0.10311006400981819
        ],
        [
          0.176521778882181,
          0.10735521499523552,
          0.11003233574528319,
          0.13230653251183194,
          0.12965660696211792,
          0.2038304634855325,
          0.14029706741781803
        ],
        [
          0.13387611942854555,
          0.14484353181369206,
          0.13633210173228127,
          0.09366976252055817,
          0.14120841731250672,
          0.20282713469247463,
          0.14724293249994155
        ],
        [
          0.14262070590899456,
          0.20665216148666718,
          0.13608077122156506,
          0.11300992538179609,
          0.1425901943330806,
          0.08755872634559947,
          0.17148751532229697
        ],
        [
          0.16741510204187804,
          0.23735930954756596,
          0.0463876320169784,
          0.20080000267001025,
          0.10397406081779677,
          0.10940878172210997,
          0.13465511118366058
        ],
        [
          0.21586966340177008,
          0.26079158585571205,
          0.06351259740957792,
          0.06378885848496059,
          0.10611273180963045,
          0.013476123558187334,
          0.2764484394801617
        ],
        [
          0.054336039718849004,
          0.28467426823465786,
          0.10504210219678727,
          0.1234900088010316,
          0.25739176226447663,
          0.018280249439078702,
          0.1567855693451189
        ],
        [
          0.2679690562866555,
          0.17999399599967747,
          0.3309523570850647,
          0.020704475327825895,
          0.06411507544613833,
          0.054335348922523855,
          0.08192969093211427
        ],
        [
          0.24248783181723912,
          0.15507944935160936,
          0.1275134111120188,
          0.16114575487646368,
          0.17396182929134243,
          0.018182337819396804,
          0.12162938573192977
        ],
        [
          0.2291364746292427,
          0.0015428957758696327,
          0.21541420189593655,
          0.22317100409904198,
          0.060090052561822795,
          0.06906108465002904,
          0.20158428638805734
        ],
        [
          0.2812944473911542,
          0.14558492736326545,
          0.11999790652120457,
          0.02190082902814238,
          0.26270943292416626,
          0.12120927059234714,
          0.04730318617971999
        ],
        [
          0.1967698360313458,
          0.0858278196862857,
          0.1987777620908087,
          0.1640192649668544,
          0.006010831206618246,
          0.184619719960854,
          0.16397476605723324
        ],
        [
          0.14802639314391408,
          0.0661296647602355,
          0.2701418655968924,
          0.18755698335703855,
          0.07304132403917972,
          0.0634169729421484,
          0.19168679616059134
        ],
        [
          0.2365297090219046,
          0.15426046277705027,
          0.1278631017091658,
          0.0699687638411302,
          0.14775594373808165,
          0.0610725815233241,
          0.2025494373893433
        ],
        [
          0.3785500659870416,
          0.1418317396140567,
          0.0350817667083774,
          0.19197453844853477,
          0.1449642952176729,
          0.02380151706673116,
          0.08379607695758552
        ]
      ],
      "timestamps": [
        32,
        33,
        34,
        35,
        36,
        37,
        38,
        39,
        40,
        41,
        42,
        43,
        44,
        45,
        46,
        47,
        48,
        49,
        50,
        51,
        52,
        53,
        54,
        55,
        56,
        57,
        58,
        59
      ],
      "distance": 267
    },
    {
      "trip_id": 2,
      "transport_method": "foot",
      "start_time": 60,
      "path": [
        [
          1.5253966000000003,
          42.5058225
        ],
        [
          1.5259529282191329,
          42.50575851781062
        ],
        [
          1.526264801805593,
          42.505237806178165
        ],
        [
          1.527078603056918,
          42.50536476933043
        ],
        [
          1.5278779862213037,
          42.505556113127604
        ],
        [
          1.5281309615936742,
          42.5053755628727
        ],
        [
          1.5274525833264387,
          42.50519414491328
        ],
        [
          1.5266343392525692,
          42.50510456560331
        ],
        [
          1.525817533391935,
          42.5049986412118
        ],
        [
          1.52500055638462,
          42.504894067810554
        ],
        [
          1.5241832619979099,
          42.50479197959311
        ],
        [
          1.5234136398680176,
          42.504700357158356
        ],
        [
          1.522598382176068,
          42.50458574137667
        ],
        [
          1.5219611950125478,
          42.50476013041598
        ],
        [
          1.5212396770071421,
          42.504766631045506
        ],
        [
          1.5209474708840893,
          42.50460640562655
        ],
        [
          1.5201781475004439,
          42.50432306505217
        ],
        [
          1.5194161597084443,
          42.504024148425195
        ],
        [
          1.518890536057897,
          42.504381657100716
        ],
        [
          1.518567296396252,
          42.50498994816038
        ],
        [
          1.5179007511054425,
          42.50543980415272
        ],
        [
          1.5172253945659657,
          42.505278405143784
        ],
        [
          1.5170806306888434,
          42.5045029172957
        ],
        [
          1.5173428372512765,
          42.50401900381651
        ],
        [
          1.5175719183397653,
          42.504035733831024
        ],
        [
          1.5170489347036364,
          42.504263524720486
        ],
        [
          1.517157043322589,
          42.50508004455809
        ],
        [
          1.5177015584874518,
          42.505407118097985
        ],
        [
          1.518419890819105,
          42.50500414070409
        ],
        [
          1.5180687000000004,
          42.504815199999996
        ]
      ],
      "emotions": [
        "purple",
        "purple",
        "purple",
        "purple",
        "purple",
        "red",
        "red",
        "red",
        "red",
        "red",
        "red",
        "red",
        "red",
        "red",
        "red",
        "purple",
        "purple",
        "purple",
        "purple",
        "purple",
        "purple",
        "purple",
        "purple",
        "purple",
        "purple",
        "purple",
        "purple",
        "purple",
        "purple",
        "purple"
      ],
      "mood_vectors": [
        [
          0.2182671619783931,
          0.1719449773117324,
          0.03783480748857916,
          0.17154308512546151,
          0.01149113540515699,
          0.18270313882343536,
          0.20621569386724148
        ],
        [
          0.05203776197568475,
          0.165311487661718,
          0.15171704957051357,
          0.038644639145010734,
          0.17726135247327335,
          0.28856303597215704,
          0.12646467320164256
        ],
        [
          0.045636370121490584,
          0.22835585128610586,
          0.17940358917797056,
          0.19291248281448525,
          0.07895399619700673,
          0.07842637559918333,
          0.19631133480375776
        ],
        [
          0.16851092587741512,
          0.021616502573063516,
          0.21970390695909273,
          0.28125185002146486,
          0.10612240810448567,
          0.11275136715714894,
          0.09004303930732917
        ],
        [
          0.09461364658480714,
          0.11472529626781577,
          0.04508028277027993,
          0.19209387469749103,
          0.16703997995913944,
          0.10910458190337048,
          0.27734233781709616
        ],
        [
          0.2835997628784907,
          0.007753096733969556,
          0.03978355926211806,
          0.15968341952068713,
          0.0957539746237312,
          0.1358094365098079,
          0.27761675047119544
        ],
        [
          0.27601240567015,
          0.022797558680253568,
          0.17884780373900502,
          0.18183924454616415,
          0.14907269592192782,
          0.02258628460774713,
          0.1688440068347524
        ],
        [
          0.2521272751320298,
          0.06552390786289802,
          0.1520350765739731,
          0.21433734773729585,
          0.03293225599237384,
          0.007160229802649318,
          0.2758839068987801
        ],
        [
          0.18028341443122672,
          0.20729317292646143,
          0.2000111843971267,
          0.08346361795943423,
          0.09143920701808937,
          0.16032505570541353,
          0.07718434756224797
        ],
        [
          0.1446473349753745,
          0.1821704365135384,
          0.19248806729968806,
          0.2043506904707319,
          0.1931025302320451,
          0.014084077798181018,
          0.0691568627104411
        ],
        [
          0.11208584674781553,
          0.06316137548811204,
          0.05216640920539363,
          0.2857077202196043,
          0.2913234034351343,
          0.008995169512501037,
          0.18656007539143918
        ],
        [
          0.09566330082236973,
          0.12741450601810944,
          0.1447236933249471,
          0.2334311324218521,
          0.1484491218317455,
          0.09244405586030717,
          0.15787418972066902
        ],
        [
          0.21589059909497038,
          0.08271212333051171,
          0.1592399491956611,
          0.2819106852464685,
          0.040347698255388864,
          0.13486373186528808,
          0.08503521301171135
        ],
        [
          0.11849879477825363,
          0.13341296946249645,
          0.20777343912744733,
          0.10520007289090592,
          0.09781651843687099,
          0.11257509567569628,
          0.2247231096283293
        ],
        [
          0.2303660469956705,
          0.06174450346347418,
          0.10821409975052686,
          0.2161419096498098,
          0.02003918324985813,
          0.1323299399923165,
          0.23116431689834394
        ],
        [
          0.21484188781975522,
          0.18415314600625218,
          0.16286272363020662,
          0.09211567948160898,
          0.15744223042134653,
          0.11903060577750033,
          0.06955372686333011
        ],
        [
          0.1679473278009993,
          0.11937154658826142,
          0.10453057176974093,
          0.14701469464087893,
          0.19799150724775005,
          0.1607814862738661,
          0.10236286567850328
        ],
        [
          0.08555252886126108,
          0.2418527891004711,
          0.0027690552885441507,
          0.1858668934819789,
          0.24848911522946762,
          0.04446045422801605,
          0.19100916381026115
        ],
        [
          0.2449662909296995,
          0.0015226061349740356,
          0.15576303666645663,
          0.11970404440874466,
          0.08231498286269015,
          0.1727706563768555,
          0.22295838262057946
        ],
        [
          0.21393251824911794,
          0.06157275421871639,
          0.07362798900176291,
          0.0383158539337751,
          0.08590375036128953,
          0.3123250551539628,
          0.2143220790813753
        ],
        [
          0.26809562595193726,
          0.010215562537055438,
          0.18687103639055871,
          0.22902283595570988,
          0.15968174662921453,
          0.10899531843411647,
          0.03711787410140769
        ],
        [
          0.0687692721281704,
          0.09768995443104474,
          0.2255997881329877,
          0.25375613441596456,
          0.05086686333290622,
          0.15358925169351548,
          0.14972873586541097
        ],
        [
          0.21015297934244642,
          0.0033613761543774393,
          0.17376581885355663,
          0.050963142767636076,
          0.1287246545051062,
          0.22468898193117426,
          0.20834304644570298
        ],
        [
          0.23414146261362156,
          0.2258070750071806,
          0.10427339376226556,
          0.06728114675706293,
          0.22559697725970337,
          0.14009076267985213,
          0.002809181920313809
        ],
        [
          0.15508034814677302,
          0.18565589034995003,
          0.024308902731937376,
          0.006693800055755685,
          0.21839793824979006,
          0.2075046680611527,
          0.20235845240464118
        ],
        [
          0.14955701630251778,
          0.12964194366917361,
          0.21393348266679968,
          0.16958491343215246,
          0.09145295394726885,
          0.062314057754263484,
          0.18351563222782416
        ],
        [
          0.14326265204611202,
          0.1589446700860139,
          0.07061486082618698,
          0.11039547502506662,
          0.21742557771469923,
          0.06727295308196289,
          0.23208381121995827
        ],
        [
          0.20240697309991823,
          0.1615946903338721,
          0.20961394948734252,
          0.007567659735142052,
          0.20693105495447092,
          0.2024722493675227,
          0.0094134230217315
        ],
        [
          0.1103267524830182,
          0.08911779510034676,
          0.20488599117560552,
          0.02438710476710543,
          0.15510400602535018,
          0.30605488361262356,
          0.11012346683595033
        ],
        [
          0.1361637806894295,
          0.1596564979503551,
          0.16797606311369412,
          0.19903939106817442,
          0.04308251583615016,
          0.127596139779113,
          0.16648561156308378
        ]
      ],
      "timestamps": [
        60,
        61,
        62,
        63,
        64,
        65,
        66,
        67,
        68,
        69,
        70,
        71,
        72,
        73,
        74,
        75,
        76,
        77,
        78,
        79,
        80,
        81,
        82,
        83,
        84,
        85,
        86,
        87,
        88,
        89
      ],
      "distance": 900.6
    },
    {
      "trip_id": 3,
      "transport_method": "bicycle",
      "start_time": 90,
      "path": [
        [
          1.5180687000000004,
          42.504815199999996
        ],
        [
          1.517380216067524,
          42.505281342555236
        ],
        [
          1.5175698233687427,
          42.50406664629232
        ],
        [
          1.5173322071837332,
          42.50528044330942
        ],
        [
          1.518788668109205,
          42.504504719182094
        ],
        [
          1.5201787702360425,
          42.50432333384479
        ],
        [
          1.521655953457237,
          42.50487915674012
        ],
        [
          1.5223605354347212,
          42.5048818066384
        ],
        [
          1.5222542510158652,
          42.504752754216064
        ],
        [
          1.5240013000000001,
          42.5047582
        ]
      ],
      "emotions": [
        "purple",
        "purple",
        "purple",
        "purple",
        "purple",
        "purple",
        "purple",
        "purple",
        "purple",
        "purple"
      ],
      "mood_vectors": [
        [
          0.21235211764321688,
          0.12874666203408458,
          0.09352156143887762,
          0.0819595240691402,
          0.27121987372651857,
          0.08742504941780285,
          0.12477521167035928
        ],
        [
          0.15146625115379977,
          0.1726094180978118,
          0.2918069700524807,
          0.03665668153302703,
          0.25843673208810314,
          0.061402715597576416,
          0.027621231477201188
        ],
        [
          0.053620361060862834,
          0.2651786555541928,
          0.07565731074944956,
          0.25255599118043753,
          0.07072717607046813,
          0.08669273653297163,
          0.1955677688516176
        ],
        [
          0.1947068932425766,
          0.17989108851512456,
          0.18914014482432306,
          0.1205043991606987,
          0.12010742352995428,
          0.18142142379979703,
          0.014228626927525682
        ],
        [
          0.1497816112369199,
          0.26729175342562517,
          0.12517932472902674,
          0.06953182992579439,
          0.007476243372724115,
          0.03336525637702167,
          0.34737398093288796
        ],
        [
          0.06667434231023767,
          0.027220810417045584,
          0.056863217503740654,
          0.10792886456878062,
          0.3786706127895756,
          0.3615390179409637,
          0.0011031344696561295
        ],
        [
          0.18739896662810085,
          0.19896464903343836,
          0.014039852512634544,
          0.18558526341270182,
          0.1311801702796786,
          0.12114524630338028,
          0.1616858518300655
        ],
        [
          0.2661784784887305,
          0.07570878416002241,
          0.11676720629124163,
          0.18749915559936675,
          0.02953108616904684,
          0.10401872421863859,
          0.22029656507295328
        ],
        [
          0.025951397611839788,
          0.15359739081440682,
          0.27587520840929913,
          0.24390474516692667,
          0.039673084744186946,
          0.13628466634563097,
          0.12471350690770969
        ],
        [
          0.13920084083176307,
          0.1426922003525447,
          0.21431181866227958,
          0.08454299287207505,
          0.24197919604025664,
          0.08760287609678181,
          0.08967007514429919
        ]
      ],
      "timestamps": [
        90,
        91,
        92,
        93,
        94,
        95,
        96,
        97,
        98,
        99
      ],
      "distance": 1493.8
    }
  ],
  "conversation": [
    "Nice weather today.",
    "This fog has me in my feelings.",
    "I should call them back."
  ],
  "conversation_timestamps": [
    19,
    33,
    40
  ]
}
