{"agent_id": "agent-green-1307", "type": "green", "trips": [{"trip_id": 0, "transport_method": "car", "start_time": 0, "path": [[1.5366367, 42.5093154], [1.5364364, 42.5092982], [1.5362361, 42.5092809], [1.5360358, 42.5092636], [1.5358355, 42.5092463], [1.5356352, 42.5092291], [1.5354349, 42.5092118], [1.5352357, 42.5092204], [1.5350376, 42.5092546], [1.5348395, 42.5092888], [1.5346414, 42.5093229], [1.5344432, 42.5093571], [1.5342451, 42.5093912], [1.534047, 42.5094254], [1.5338599, 42.5094726], [1.5337935, 42.5096624], [1.5336339, 42.509757], [1.5334395, 42.5097679], [1.5332457, 42.5097145], [1.5330486, 42.5096754], [1.5328491, 42.5096527], [1.5326491, 42.5096331], [1.5324508, 42.5095996], [1.5322568, 42.5095482], [1.532067, 42.5094823], [1.5318794, 42.50941], [1.5316918, 42.5093378], [1.5314997, 42.5092786], [1.5313113, 42.5092087], [1.5311242, 42.5091352], [1.5309371, 42.5090617], [1.5307898, 42.5089631], [1.5307331, 42.5088452], [1.5305369, 42.5088888], [1.5303475, 42.5088734], [1.5301663, 42.5087862], [1.5299881, 42.5086933], [1.5298003, 42.5086314], [1.529602, 42.5086229], [1.5294115, 42.5086871], [1.529221, 42.5087512], [1.5290304, 42.5088153], [1.5288399, 42.5088795], [1.5286443, 42.5088338], [1.5284494, 42.5087853], [1.5282689, 42.5086968], [1.528086, 42.5086134], [1.5279012, 42.5085343], [1.5277163, 42.5084553], [1.5275285, 42.5083847], [1.5273295, 42.5083622], [1.5271284, 42.5083602], [1.5269274, 42.508358], [1.5267265, 42.5083507], [1.5265263, 42.5083324], [1.5263279, 42.5083003], [1.5261306, 42.5082616], [1.525934, 42.5082215], [1.525736, 42.5081902], [1.5255507, 42.5081122], [1.5253591, 42.5080516], [1.5251678, 42.5079897], [1.5249744, 42.507935], [1.5247798, 42.5078845], [1.5245878, 42.5078267], [1.5243987, 42.507764], [1.5241987, 42.5077482], [1.5241209, 42.5076017], [1.5241054, 42.5074078], [1.5241342, 42.5072118], [1.5239666, 42.5071235], [1.5237727, 42.5070703], [1.5235793, 42.5070156], [1.5234312, 42.5069549], [1.5236037, 42.5068517], [1.5234942, 42.5067935], [1.5232981, 42.506749], [1.5231162, 42.5067365], [1.5229529, 42.5066897], [1.5227948, 42.5067252]], "mood_vectors": [[0.0818, 0.0532, 0.0535, 0.0555, 0.0774, 0.0302, 0.6484], [0.0438, 0.0445, 0.0736, 0.0261, 0.0121, 0.0767, 0.7232], [0.0209, 0.0657, 0.052, 0.0522, 0.0474, 0.0661, 0.6958], [0.0324, 0.0382, 0.0736, 0.0132, 0.053, 0.0332, 0.7564], [0.05, 0.0212, 0.0307, 0.0186, 0.0665, 0.0869, 0.7261], [0.0491, 0.0816, 0.0419, 0.055, 0.0435, 0.0144, 0.7144], [0.0729, 0.0178, 0.0141, 0.0717, 0.0157, 0.0567, 0.7511], [0.0856, 0.0956, 0.0182, 0.021, 0.0512, 0.0222, 0.7062], [0.0648, 0.0162, 0.069, 0.0741, 0.0383, 0.0186, 0.719], [0.0272, 0.053, 0.0391, 0.0753, 0.0279, 0.0698, 0.7078], [0.0159, 0.0349, 0.0452, 0.0646, 0.0722, 0.0418, 0.7255], [0.0509, 0.0653, 0.0489, 0.0389, 0.0233, 0.0363, 0.7364], [0.0165, 0.0836, 0.0264, 0.082, 0.0487, 0.0682, 0.6745], [0.0196, 0.0642, 0.0235, 0.0572, 0.0189, 0.048, 0.7687], [0.0442, 0.025, 0.0529, 0.0825, 0.0291, 0.067, 0.6993], [0.0346, 0.0278, 0.0239, 0.0724, 0.0356, 0.0397, 0.766], [0.0789, 0.0392, 0.0507, 0.0771, 0.0614, 0.0296, 0.6632], [0.018, 0.0323, 0.0678, 0.0435, 0.0663, 0.0616, 0.7106], [0.0191, 0.0713, 0.0148, 0.0318, 0.079, 0.0237, 0.7604], [0.0752, 0.0603, 0.0502, 0.0167, 0.0651, 0.0368, 0.6959], [0.0467, 0.0416, 0.0292, 0.0584, 0.0289, 0.0235, 0.7718], [0.0892, 0.0203, 0.0383, 0.1058, 0.0393, 0.0184, 0.6888], [0.0343, 0.0781, 0.0414, 0.0307, 0.0895, 0.0539, 0.6721], [0.065, 0.0529, 0.016, 0.0661, 0.0261, 0.0408, 0.7331], [0.0367, 0.0148, 0.0514, 0.0466, 0.0431, 0.0643, 0.7432], [0.0535, 0.0284, 0.0778, 0.0121, 0.0137, 0.018, 0.7965], [0.0906, 0.049, 0.0757, 0.088, 0.0629, 0.0255, 0.6084], [0.0704, 0.0152, 0.0623, 0.0626, 0.0615, 0.0356, 0.6925], [0.0178, 0.0413, 0.0159, 0.0428, 0.0309, 0.0531, 0.7983], [0.057, 0.0847, 0.0327, 0.0146, 0.0928, 0.0576, 0.6606], [0.0291, 0.0405, 0.0633, 0.0484, 0.0582, 0.038, 0.7225], [0.0303, 0.0321, 0.066, 0.0179, 0.0822, 0.0358, 0.7356], [0.0705, 0.0377, 0.0491, 0.0331, 0.0245, 0.0357, 0.7493], [0.0481, 0.0324, 0.0889, 0.0276, 0.0612, 0.0199, 0.7219], [0.0667, 0.028, 0.0529, 0.0621, 0.0689, 0.0169, 0.7045], [0.0165, 0.0292, 0.0696, 0.0553, 0.0568, 0.0559, 0.7167], [0.0543, 0.0205, 0.0838, 0.0357, 0.0475, 0.0432, 0.715], [0.0219, 0.0356, 0.0347, 0.0503, 0.0155, 0.0618, 0.7802], [0.0401, 0.0676, 0.0567, 0.0688, 0.0588, 0.0536, 0.6545], [0.0237, 0.0533, 0.0596, 0.0702, 0.0257, 0.076, 0.6915], [0.0803, 0.0619, 0.0453, 0.0616, 0.0289, 0.0237, 0.6983], [0.0434, 0.0612, 0.0427, 0.06, 0.014, 0.0265, 0.7521], [0.0168, 0.0376, 0.0226, 0.0663, 0.0589, 0.0487, 0.7491], [0.0438, 0.0407, 0.0166, 0.0621, 0.0214, 0.0234, 0.792], [0.0675, 0.0418, 0.0147, 0.0445, 0.0568, 0.0328, 0.7419], [0.0551, 0.0153, 0.0935, 0.0579, 0.0738, 0.0231, 0.6812], [0.0336, 0.0416, 0.0258, 0.0847, 0.0397, 0.0152, 0.7594], [0.0746, 0.0731, 0.0405, 0.0352, 0.0605, 0.0133, 0.7029], [0.014, 0.029, 0.0691, 0.0251, 0.0682, 0.035, 0.7596], [0.0298, 0.0342, 0.0346, 0.09, 0.0845, 0.0697, 0.6571], [0.043, 0.0241, 0.0784, 0.0403, 0.0189, 0.0633, 0.732], [0.0749, 0.0303, 0.0527, 0.0169, 0.0661, 0.0226, 0.7364], [0.068, 0.0332, 0.0407, 0.0457, 0.0394, 0.0341, 0.7389], [0.0755, 0.0308, 0.0171, 0.039, 0.0414, 0.0563, 0.7401], [0.043, 0.0706, 0.0187, 0.0581, 0.0404, 0.012, 0.7573], [0.0826, 0.0214, 0.0599, 0.0697, 0.0242, 0.0458, 0.6964], [0.0383, 0.0209, 0.072, 0.0798, 0.0803, 0.0648, 0.6439], [0.0862, 0.0764, 0.0739, 0.0703, 0.0319, 0.0622, 0.5991], [0.0378, 0.0218, 0.0582, 0.0358, 0.0804, 0.0714, 0.6945], [0.0185, 0.0935, 0.0839, 0.0287, 0.0974, 0.0229, 0.6551], [0.0326, 0.0578, 0.072, 0.0147, 0.0896, 0.0843, 0.6489], [0.0711, 0.051, 0.0325, 0.0275, 0.0318, 0.0469, 0.7393], [0.057, 0.0325, 0.0254, 0.0582, 0.0566, 0.0407, 0.7295], [0.0329, 0.0246, 0.0447, 0.0587, 0.0245, 0.0463, 0.7683], [0.0501, 0.0421, 0.0443, 0.0138, 0.0296, 0.0308, 0.7893], [0.0297, 0.0228, 0.0159, 0.0902, 0.0822, 0.0265, 0.7328], [0.0984, 0.0299, 0.0532, 0.026, 0.0666, 0.0518, 0.6742], [0.0773, 0.0338, 0.0379, 0.0701, 0.0516, 0.0638, 0.6655], [0.0486, 0.061, 0.0449, 0.0398, 0.03, 0.0275, 0.7482], [0.0313, 0.0208, 0.0811, 0.0147, 0.0436, 0.049, 0.7596], [0.0375, 0.0368, 0.0404, 0.0448, 0.0312, 0.0389, 0.7704], [0.0467, 0.0575, 0.0195, 0.0373, 0.0235, 0.0136, 0.8019], [0.0256, 0.0505, 0.0818, 0.0479, 0.0529, 0.0619, 0.6794], [0.0167, 0.0139, 0.0595, 0.0537, 0.0223, 0.0434, 0.7905], [0.0506, 0.054, 0.0537, 0.0226, 0.0308, 0.0238, 0.7645], [0.0314, 0.0303, 0.0239, 0.0359, 0.0413, 0.0298, 0.8075], [0.038, 0.048, 0.05, 0.0707, 0.027, 0.0673, 0.699], [0.0361, 0.0192, 0.0673, 0.0647, 0.0238, 0.0771, 0.7119], [0.0636, 0.071, 0.048, 0.0274, 0.0237, 0.0575, 0.7087], [0.0176, 0.0562, 0.0834, 0.0444, 0.0745, 0.0139, 0.7101]], "emotions": ["purple", "purple", "purple", "purple", "purple", "purple", "purple", "purple", "purple", "purple", "purple", "purple", "purple", "purple", "purple", "purple", "purple", "purple", "purple", "purple", "purple", "purple", "purple", "purple", "purple", "purple", "purple", "purple", "purple", "purple", "purple", "purple", "purple", "purple", "purple", "purple", "purple", "purple", "purple", "purple", "purple", "purple", "purple", "purple", "purple", "purple", "purple", "purple", "purple", "purple", "purple", "purple", "purple", "purple", "purple", "purple", "purple", "purple", "purple", "purple", "purple", "purple", "purple", "purple", "purple", "purple", "purple", "purple", "purple", "purple", "purple", "purple", "purple", "purple", "purple", "purple", "purple", "purple", "purple", "purple"], "timestamps": [0, 40, 80, 120, 160, 200, 240, 280, 320, 360, 400, 440, 480, 520, 560, 600, 640, 680, 720, 760, 800, 840, 880, 920, 960, 1000, 1040, 1080, 1120, 1160, 1200, 1240, 1280, 1320, 1360, 1400, 1440, 1480, 1520, 1560, 1600, 1640, 1680, 1720, 1760, 1800, 1840, 1880, 1920, 1960, 2000, 2040, 2080, 2120, 2160, 2200, 2240, 2280, 2320, 2360, 2400, 2440, 2480, 2520, 2560, 2600, 2640, 2680, 2720, 2760, 2800, 2840, 2880, 2920, 2960, 3000, 3040, 3080, 3120, 3160]}], "conversation": [], "conversation_timestamps": []}