{"agent_id": "agent-green-1502", "type": "green", "trips": [{"trip_id": 0, "transport_method": "foot", "start_time": 0, "path": [[1.5389172, 42.5124055], [1.539011, 42.5123492], [1.5391083, 42.5123003], [1.5392125, 42.5122673], [1.5393207, 42.5122544], [1.5394272, 42.5122313], [1.5395324, 42.5122014], [1.5396376, 42.5121716], [1.5397428, 42.5121417], [1.539848, 42.5121119], [1.5399532, 42.512082], [1.5400584, 42.5120521], [1.5401636, 42.5120223], [1.5402688, 42.5119924], [1.5402218, 42.5120209], [1.5401236, 42.512069], [1.5400251, 42.5121166], [1.5399241, 42.5121586], [1.5398223, 42.5121985], [1.5397152, 42.5122182], [1.5396059, 42.5122228], [1.5394967, 42.5122281], [1.5393889, 42.512243], [1.5394232, 42.5122206], [1.5395226, 42.5121751], [1.5396221, 42.5121296], [1.5397215, 42.5120841], [1.539821, 42.5120386], [1.5399204, 42.5119931], [1.5400199, 42.5119476], [1.5401193, 42.5119021], [1.5402188, 42.5118566], [1.5403182, 42.5118111], [1.5404177, 42.5117656], [1.5405171, 42.5117201], [1.5405889, 42.5116604], [1.5406075, 42.5115555], [1.5406811, 42.5114759], [1.5407658, 42.5114067], [1.5408512, 42.5113384], [1.5409365, 42.51127], [1.5410219, 42.5112016], [1.5411059, 42.5111317], [1.5411805, 42.5110518], [1.5412538, 42.5109706], [1.541327, 42.5108894], [1.5412813, 42.5107942], [1.5412289, 42.5106982], [1.5411765, 42.5106022], [1.5411241, 42.5105062], [1.5410693, 42.5104116], [1.5410143, 42.510317], [1.5409494, 42.51023], [1.5408729, 42.5101518], [1.5408052, 42.5100678], [1.5407625, 42.5099671], [1.5407136, 42.5098745], [1.5406326, 42.5098106], [1.5406511, 42.5097028], [1.5406695, 42.509595], [1.5406879, 42.5094872], [1.5407168, 42.5093819], [1.5407483, 42.5092771], [1.5407773, 42.5091717], [1.5408014, 42.5090651], [1.5408255, 42.5089584], [1.5408497, 42.5088517], [1.540872, 42.5087447], [1.5408251, 42.5087002], [1.5407166, 42.508714], [1.5406081, 42.5087277], [1.5407018, 42.5087366], [1.5408073, 42.5087305], [1.5408598, 42.5087079], [1.5407696, 42.5087697], [1.5406794, 42.5088315], [1.5405892, 42.5088933], [1.5404989, 42.5089552], [1.5404087, 42.509017], [1.5403185, 42.5090788]], "mood_vectors": [[0.0593, 0.041, 0.0321, 0.0219, 0.0625, 0.0351, 0.748], [0.0753, 0.0701, 0.0835, 0.0233, 0.0192, 0.0752, 0.6534], [0.0777, 0.0611, 0.0445, 0.0672, 0.0732, 0.072, 0.6044], [0.0687, 0.0579, 0.0594, 0.0434, 0.0662, 0.0403, 0.664], [0.029, 0.0568, 0.0297, 0.0309, 0.0997, 0.0513, 0.7025], [0.0834, 0.0719, 0.0664, 0.0613, 0.0236, 0.0137, 0.6796], [0.0639, 0.0406, 0.0702, 0.0687, 0.02, 0.0628, 0.6739], [0.0758, 0.0547, 0.0621, 0.0208, 0.0145, 0.0389, 0.7332], [0.0902, 0.0324, 0.0821, 0.05, 0.0468, 0.0394, 0.6591], [0.0529, 0.0718, 0.019, 0.0498, 0.0477, 0.0876, 0.6713], [0.0422, 0.0391, 0.0436, 0.0911, 0.0236, 0.0887, 0.6719], [0.0684, 0.0187, 0.0316, 0.0462, 0.0609, 0.0657, 0.7086], [0.0737, 0.0529, 0.019, 0.0946, 0.0757, 0.0684, 0.6157], [0.0416, 0.031, 0.0173, 0.0534, 0.0538, 0.0326, 0.7702], [0.042, 0.0395, 0.0568, 0.068, 0.0283, 0.0512, 0.7141], [0.0426, 0.023, 0.0578, 0.0259, 0.0428, 0.0719, 0.736], [0.0883, 0.0518, 0.0846, 0.052, 0.0466, 0.0236, 0.6532], [0.0529, 0.0561, 0.0943, 0.0356, 0.0627, 0.0429, 0.6556], [0.0351, 0.065, 0.0579, 0.0458, 0.0659, 0.0242, 0.7061], [0.0751, 0.0566, 0.066, 0.0256, 0.0289, 0.0808, 0.6669], [0.0454, 0.0809, 0.0745, 0.0575, 0.0397, 0.0308, 0.6712], [0.0691, 0.0147, 0.061, 0.0435, 0.0547, 0.0446, 0.7124], [0.0523, 0.0278, 0.0418, 0.0584, 0.0144, 0.0676, 0.7377], [0.0523, 0.0773, 0.0397, 0.0429, 0.0426, 0.0145, 0.7307], [0.0784, 0.0835, 0.0693, 0.0582, 0.0779, 0.0858, 0.5469], [0.0176, 0.0739, 0.0154, 0.0542, 0.0794, 0.065, 0.6945], [0.0313, 0.0658, 0.0475, 0.0193, 0.0654, 0.0699, 0.7009], [0.0588, 0.0476, 0.0632, 0.0716, 0.0329, 0.0251, 0.7008], [0.0368, 0.0611, 0.0498, 0.0603, 0.0509, 0.0548, 0.6863], [0.0634, 0.048, 0.0301, 0.0612, 0.0438, 0.0422, 0.7112], [0.0292, 0.0728, 0.0414, 0.0301, 0.0741, 0.0858, 0.6665], [0.0871, 0.0398, 0.05, 0.0379, 0.0464, 0.0554, 0.6834], [0.0515, 0.0532, 0.0514, 0.0637, 0.0563, 0.0651, 0.6587], [0.032, 0.0465, 0.0743, 0.0539, 0.0183, 0.0402, 0.7348], [0.0543, 0.0665, 0.0544, 0.0373, 0.0571, 0.0806, 0.6498], [0.0258, 0.0674, 0.0236, 0.0693, 0.0698, 0.081, 0.663], [0.0606, 0.0526, 0.0492, 0.0448, 0.0741, 0.0184, 0.7003], [0.1024, 0.0436, 0.0387, 0.0264, 0.0503, 0.0413, 0.6973], [0.0267, 0.0404, 0.0647, 0.0578, 0.0537, 0.0706, 0.6861], [0.0303, 0.0244, 0.0401, 0.058, 0.073, 0.0492, 0.7251], [0.0323, 0.0253, 0.0741, 0.0538, 0.0127, 0.0598, 0.7421], [0.0252, 0.0739, 0.0586, 0.0162, 0.0797, 0.0763, 0.6701], [0.0153, 0.0256, 0.056, 0.0192, 0.0375, 0.0503, 0.7961], [0.0602, 0.0411, 0.0586, 0.0233, 0.0435, 0.0695, 0.7039], [0.0757, 0.0277, 0.0742, 0.0895, 0.0811, 0.0208, 0.631], [0.0179, 0.0786, 0.0538, 0.0638, 0.0795, 0.0378, 0.6688], [0.0432, 0.0162, 0.0394, 0.0495, 0.0741, 0.0358, 0.7419], [0.051, 0.0485, 0.0508, 0.0681, 0.0188, 0.0418, 0.721], [0.0467, 0.0459, 0.067, 0.0406, 0.0364, 0.0171, 0.7462], [0.0345, 0.0776, 0.0142, 0.0254, 0.0568, 0.0664, 0.7251], [0.0202, 0.0786, 0.0876, 0.0676, 0.0673, 0.0591, 0.6197], [0.0201, 0.0348, 0.0619, 0.0419, 0.0614, 0.043, 0.737], [0.0738, 0.0613, 0.039, 0.0597, 0.0515, 0.0406, 0.6742], [0.0653, 0.0469, 0.0144, 0.0781, 0.0758, 0.0559, 0.6636], [0.0135, 0.0238, 0.051, 0.0627, 0.0889, 0.0861, 0.6741], [0.021, 0.0281, 0.0719, 0.0669, 0.016, 0.0638, 0.7323], [0.0656, 0.0382, 0.0187, 0.0729, 0.0662, 0.0135, 0.7249], [0.0654, 0.0847, 0.0553, 0.0735, 0.0494, 0.0266, 0.6451], [0.0322, 0.0321, 0.0572, 0.0441, 0.0402, 0.0543, 0.7399], [0.0436, 0.058, 0.0531, 0.0268, 0.0638, 0.0343, 0.7206], [0.0665, 0.0398, 0.0583, 0.078, 0.0191, 0.081, 0.6574], [0.0832, 0.0241, 0.0162, 0.0223, 0.0593, 0.0368, 0.758], [0.0663, 0.0198, 0.0794, 0.0786, 0.0792, 0.0185, 0.6582], [0.0717, 0.0706, 0.0686, 0.0679, 0.0194, 0.0777, 0.6241], [0.0502, 0.0425, 0.0879, 0.0312, 0.0573, 0.0285, 0.7025], [0.0909, 0.0282, 0.0692, 0.0442, 0.0754, 0.0825, 0.6097], [0.0448, 0.0181, 0.0752, 0.0711, 0.0458, 0.0695, 0.6755], [0.0597, 0.0547, 0.0434, 0.0816, 0.0757, 0.0503, 0.6345], [0.0795, 0.0283, 0.0512, 0.0848, 0.0254, 0.0553, 0.6754], [0.0267, 0.0526, 0.0285, 0.0647, 0.0221, 0.0341, 0.7713], [0.0854, 0.0612, 0.0531, 0.0382, 0.0552, 0.0511, 0.6558], [0.0597, 0.0706, 0.0638, 0.0691, 0.0283, 0.0114, 0.697], [0.0278, 0.0236, 0.0393, 0.057, 0.0364, 0.0796, 0.7362], [0.0336, 0.0536, 0.033, 0.0852, 0.0692, 0.0512, 0.6743], [0.063, 0.0168, 0.0671, 0.0441, 0.0546, 0.0543, 0.7], [0.047, 0.0315, 0.0448, 0.0461, 0.0778, 0.0314, 0.7214], [0.0372, 0.0779, 0.0701, 0.0459, 0.0753, 0.0481, 0.6454], [0.0764, 0.0344, 0.0436, 0.0748, 0.0309, 0.0698, 0.6701], [0.0539, 0.0144, 0.0941, 0.0326, 0.0499, 0.0315, 0.7236], [0.0186, 0.0495, 0.0714, 0.0882, 0.0846, 0.0675, 0.6201]], "emotions": ["purple", "purple", "purple", "purple", "purple", "purple", "purple", "purple", "purple", "purple", "purple", "purple", "purple", "purple", "purple", "purple", "purple", "purple", "purple", "purple", "purple", "purple", "purple", "purple", "purple", "purple", "purple", "purple", "purple", "purple", "purple", "purple", "purple", "purple", "purple", "purple", "purple", "purple", "purple", "purple", "purple", "purple", "purple", "purple", "purple", "purple", "purple", "purple", "purple", "purple", "purple", "purple", "purple", "purple", "purple", "purple", "purple", "purple", "purple", "purple", "purple", "purple", "purple", "purple", "purple", "purple", "purple", "purple", "purple", "purple", "purple", "purple", "purple", "purple", "purple", "purple", "purple", "purple", "purple", "purple"], "timestamps": [0, 40, 80, 120, 160, 200, 240, 280, 320, 360, 400, 440, 480, 520, 560, 600, 640, 680, 720, 760, 800, 840, 880, 920, 960, 1000, 1040, 1080, 1120, 1160, 1200, 1240, 1280, 1320, 1360, 1400, 1440, 1480, 1520, 1560, 1600, 1640, 1680, 1720, 1760, 1800, 1840, 1880, 1920, 1960, 2000, 2040, 2080, 2120, 2160, 2200, 2240, 2280, 2320, 2360, 2400, 2440, 2480, 2520, 2560, 2600, 2640, 2680, 2720, 2760, 2800, 2840, 2880, 2920, 2960, 3000, 3040, 3080, 3120, 3160]}], "conversation": [], "conversation_timestamps": []}