{"agent_id": "agent-blue-1695", "type": "blue", "trips": [{"trip_id": 0, "transport_method": "car", "start_time": 0, "path": [[1.4906252, 42.4620786], [1.4912294, 42.4652203], [1.491629, 42.4681591], [1.4914121, 42.4715185], [1.4908244, 42.4748149], [1.4903461, 42.4782801], [1.4897888, 42.481796], [1.4898109, 42.4786919], [1.4905422, 42.4775981], [1.4902611, 42.4811468], [1.4911319, 42.4844413], [1.4942023, 42.486012], [1.4954943, 42.4891216], [1.4974325, 42.4918459], [1.5004199, 42.4937527], [1.5034561, 42.49542], [1.5067586, 42.496719], [1.5100062, 42.498166], [1.5122808, 42.500882], [1.5132185, 42.5016164], [1.5153381, 42.5029534], [1.5168892, 42.5037278], [1.5202969, 42.503982], [1.5236101, 42.5048501], [1.5271216, 42.5053125], [1.5298342, 42.505534], [1.5322704, 42.5066464], [1.535126, 42.5075833], [1.5385798, 42.5082301], [1.5418891, 42.5088753], [1.5446225, 42.5093134], [1.5463808, 42.5098701], [1.5487143, 42.5115691], [1.5505493, 42.5122226], [1.5520037, 42.513268], [1.5532564, 42.5156197], [1.5554421, 42.5182109], [1.5579049, 42.5205678], [1.5597041, 42.5221074], [1.5624648, 42.5242891], [1.5657154, 42.525595], [1.568712, 42.5274837], [1.5716131, 42.5292857], [1.5742091, 42.530964], [1.5776475, 42.5317557], [1.5784769, 42.5317462], [1.5820356, 42.5316888], [1.5850456, 42.5333519], [1.5880104, 42.5352517], [1.5905202, 42.5374771], [1.5920627, 42.5403332], [1.5917071, 42.5435042], [1.5917411, 42.5468795], [1.5921816, 42.5492715], [1.5912141, 42.5526128], [1.5906963, 42.5533405], [1.5916683, 42.5561789], [1.5933704, 42.5585927], [1.5937698, 42.560453], [1.5949299, 42.5631922], [1.5952062, 42.564091], [1.593856, 42.5622843], [1.5967198, 42.5643987], [1.5995293, 42.5658931], [1.6023071, 42.5678427], [1.6049303, 42.5697422], [1.6079697, 42.5711635], [1.6114186, 42.5716562], [1.6148345, 42.5724473], [1.6180694, 42.5734837], [1.6213474, 42.5746916], [1.6244683, 42.5761918], [1.6274153, 42.5777698], [1.6307999, 42.5785491], [1.6343123, 42.5781983], [1.637784, 42.5788355], [1.6412089, 42.5794823], [1.6447565, 42.5797099], [1.6482134, 42.5799398], [1.6488596, 42.580304]], "mood_vectors": [[0.0647, 0.0325, 0.0691, 0.7148, 0.0348, 0.0428, 0.0414], [0.034, 0.0599, 0.0281, 0.6918, 0.0929, 0.0259, 0.0674], [0.0545, 0.0401, 0.0149, 0.8115, 0.0447, 0.0132, 0.0211], [0.0508, 0.081, 0.0193, 0.7542, 0.0131, 0.0681, 0.0134], [0.07, 0.074, 0.0164, 0.734, 0.0369, 0.0282, 0.0406], [0.0337, 0.0368, 0.0491, 0.7541, 0.0814, 0.0234, 0.0215], [0.0477, 0.0363, 0.0477, 0.7164, 0.0402, 0.0507, 0.0611], [0.0668, 0.0269, 0.0536, 0.7098, 0.0589, 0.0453, 0.0387], [0.0662, 0.0522, 0.0597, 0.6893, 0.0554, 0.0241, 0.0531], [0.0635, 0.0632, 0.0424, 0.677, 0.0611, 0.0565, 0.0363], [0.0546, 0.0374, 0.0326, 0.7744, 0.0292, 0.0287, 0.0432], [0.0697, 0.062, 0.0547, 0.6554, 0.0595, 0.0544, 0.0442], [0.0821, 0.0794, 0.0343, 0.6051, 0.0769, 0.0477, 0.0746], [0.0638, 0.0122, 0.0271, 0.7712, 0.0331, 0.025, 0.0676], [0.0325, 0.0659, 0.0878, 0.6398, 0.0767, 0.0727, 0.0245], [0.0687, 0.0558, 0.0255, 0.6072, 0.097, 0.0837, 0.0621], [0.0297, 0.0639, 0.025, 0.7338, 0.049, 0.0245, 0.0741], [0.0909, 0.0268, 0.0636, 0.6899, 0.0716, 0.0264, 0.0307], [0.0377, 0.0243, 0.0118, 0.7312, 0.068, 0.0513, 0.0758], [0.0497, 0.0251, 0.0547, 0.7569, 0.0261, 0.0707, 0.0168], [0.0644, 0.0323, 0.047, 0.6911, 0.0427, 0.0668, 0.0556], [0.0172, 0.0633, 0.0773, 0.7178, 0.0316, 0.0251, 0.0677], [0.0668, 0.049, 0.0823, 0.6512, 0.023, 0.067, 0.0608], [0.0962, 0.0812, 0.0229, 0.6675, 0.0916, 0.0159, 0.0248], [0.0398, 0.0472, 0.0535, 0.7533, 0.0526, 0.0137, 0.0398], [0.0655, 0.0341, 0.0608, 0.7588, 0.028, 0.0388, 0.014], [0.0149, 0.0733, 0.0461, 0.7213, 0.0524, 0.0305, 0.0616], [0.0629, 0.0146, 0.0383, 0.766, 0.031, 0.0235, 0.0637], [0.0569, 0.0319, 0.0848, 0.682, 0.0493, 0.0201, 0.075], [0.0352, 0.079, 0.0431, 0.7458, 0.0186, 0.0348, 0.0436], [0.0621, 0.0131, 0.0463, 0.7633, 0.0394, 0.0512, 0.0246], [0.0624, 0.0492, 0.067, 0.6813, 0.0402, 0.0422, 0.0578], [0.0782, 0.014, 0.0736, 0.6957, 0.0466, 0.0572, 0.0346], [0.0416, 0.0319, 0.0952, 0.6735, 0.041, 0.0484, 0.0684], [0.0494, 0.0315, 0.043, 0.7625, 0.0185, 0.0336, 0.0616], [0.0738, 0.0148, 0.0421, 0.768, 0.0301, 0.0387, 0.0324], [0.0454, 0.0632, 0.0727, 0.7212, 0.0522, 0.0234, 0.0218], [0.0651, 0.0347, 0.0541, 0.652, 0.0607, 0.0537, 0.0799], [0.0461, 0.0215, 0.0521, 0.8102, 0.0229, 0.0189, 0.0283], [0.0461, 0.0354, 0.0172, 0.7286, 0.0357, 0.0709, 0.0662], [0.0928, 0.0773, 0.0213, 0.7123, 0.0367, 0.0237, 0.0359], [0.0353, 0.0142, 0.076, 0.7014, 0.0581, 0.0453, 0.0696], [0.0582, 0.0568, 0.0631, 0.7408, 0.0296, 0.0401, 0.0114], [0.0896, 0.0584, 0.0371, 0.6448, 0.019, 0.0626, 0.0886], [0.0428, 0.0624, 0.0652, 0.5978, 0.0749, 0.0787, 0.0783], [0.0549, 0.0679, 0.0206, 0.702, 0.0582, 0.0237, 0.0726], [0.0122, 0.0724, 0.0313, 0.7237, 0.0524, 0.0622, 0.0458], [0.0555, 0.0286, 0.0368, 0.7573, 0.063, 0.0257, 0.0331], [0.0216, 0.0489, 0.0365, 0.7165, 0.0725, 0.0515, 0.0525], [0.0343, 0.0195, 0.0201, 0.8074, 0.0271, 0.0436, 0.0479], [0.0247, 0.0523, 0.0758, 0.7137, 0.0726, 0.0333, 0.0277], [0.0473, 0.0297, 0.0233, 0.7426, 0.0631, 0.0505, 0.0434], [0.0676, 0.0436, 0.0614, 0.652, 0.0782, 0.0352, 0.062], [0.0512, 0.0219, 0.0628, 0.7106, 0.0595, 0.0297, 0.0642], [0.0548, 0.0176, 0.0268, 0.8088, 0.0338, 0.0242, 0.0341], [0.0682, 0.0838, 0.0251, 0.6237, 0.0857, 0.0261, 0.0874], [0.054, 0.0283, 0.0275, 0.6912, 0.0313, 0.0926, 0.075], [0.0287, 0.0193, 0.0548, 0.7043, 0.0647, 0.0747, 0.0534], [0.0167, 0.0601, 0.022, 0.7545, 0.0551, 0.0562, 0.0355], [0.0316, 0.0315, 0.0453, 0.6556, 0.0836, 0.0824, 0.07], [0.0275, 0.0547, 0.0399, 0.7325, 0.0168, 0.0539, 0.0746], [0.0499, 0.0574, 0.0788, 0.5917, 0.0496, 0.09, 0.0826], [0.0186, 0.0506, 0.0888, 0.6569, 0.0685, 0.0417, 0.075], [0.0644, 0.0453, 0.0477, 0.6808, 0.0427, 0.0244, 0.0948], [0.018, 0.0366, 0.0523, 0.7347, 0.0444, 0.0619, 0.0522], [0.0775, 0.0626, 0.039, 0.7027, 0.0391, 0.0266, 0.0526], [0.0512, 0.0365, 0.0623, 0.672, 0.0688, 0.0421, 0.0671], [0.0472, 0.0303, 0.0143, 0.7932, 0.0683, 0.0131, 0.0336], [0.0868, 0.053, 0.0595, 0.7195, 0.0465, 0.0178, 0.0168], [0.0471, 0.0206, 0.076, 0.7356, 0.047, 0.0548, 0.0188], [0.0158, 0.0589, 0.0862, 0.6511, 0.0523, 0.0671, 0.0685], [0.0552, 0.0361, 0.0589, 0.706, 0.0625, 0.027, 0.0543], [0.0278, 0.0708, 0.0273, 0.7018, 0.0311, 0.0898, 0.0514], [0.0657, 0.0507, 0.0735, 0.703, 0.0148, 0.0624, 0.03], [0.0304, 0.0146, 0.0578, 0.7278, 0.0574, 0.0754, 0.0365], [0.0261, 0.0748, 0.0708, 0.7136, 0.0721, 0.0264, 0.0162], [0.0684, 0.0654, 0.067, 0.5919, 0.0754, 0.0653, 0.0666], [0.0896, 0.0779, 0.0481, 0.67, 0.0498, 0.0252, 0.0393], [0.086, 0.0307, 0.0225, 0.7119, 0.0378, 0.0802, 0.0309], [0.0688, 0.0404, 0.0465, 0.7371, 0.0677, 0.0164, 0.023]], "emotions": ["green", "green", "green", "green", "green", "green", "green", "green", "green", "green", "green", "green", "green", "green", "green", "green", "green", "green", "green", "green", "green", "green", "green", "green", "green", "green", "green", "green", "green", "green", "green", "green", "green", "green", "green", "green", "green", "green", "green", "green", "green", "green", "green", "green", "green", "green", "green", "green", "green", "green", "green", "green", "green", "green", "green", "green", "green", "green", "green", "green", "green", "green", "green", "green", "green", "green", "green", "green", "green", "green", "green", "green", "green", "green", "green", "green", "green", "green", "green", "green"], "timestamps": [0, 40, 80, 120, 160, 200, 240, 280, 320, 360, 400, 440, 480, 520, 560, 600, 640, 680, 720, 760, 800, 840, 880, 920, 960, 1000, 1040, 1080, 1120, 1160, 1200, 1240, 1280, 1320, 1360, 1400, 1440, 1480, 1520, 1560, 1600, 1640, 1680, 1720, 1760, 1800, 1840, 1880, 1920, 1960, 2000, 2040, 2080, 2120, 2160, 2200, 2240, 2280, 2320, 2360, 2400, 2440, 2480, 2520, 2560, 2600, 2640, 2680, 2720, 2760, 2800, 2840, 2880, 2920, 2960, 3000, 3040, 3080, 3120, 3160]}], "conversation": [], "conversation_timestamps": []}