{"agent_id": "agent-purple-1679", "type": "purple", "trips": [{"trip_id": 0, "transport_method": "bus", "start_time": 0, "path": [[1.5392316, 42.5077934], [1.5390696, 42.507792], [1.5389076, 42.5077901], [1.5387456, 42.5077871], [1.5385836, 42.5077831], [1.5384217, 42.5077788], [1.5382598, 42.5077737], [1.5380979, 42.5077658], [1.5379374, 42.5077712], [1.5378954, 42.507656], [1.5378894, 42.5074941], [1.5378317, 42.5073478], [1.537685, 42.5072834], [1.537526, 42.5072528], [1.5373646, 42.5072402], [1.5372026, 42.507237], [1.5370406, 42.5072339], [1.5369231, 42.5071264], [1.5368424, 42.5069916], [1.5366854, 42.5070058], [1.5365289, 42.5069831], [1.5363749, 42.5069326], [1.5362187, 42.5068911], [1.5360597, 42.5068599], [1.535901, 42.5068272], [1.5357424, 42.5067946], [1.5355837, 42.506762], [1.535425, 42.5067294], [1.5352663, 42.5066968], [1.5351076, 42.5066642], [1.5349489, 42.5066316], [1.5347902, 42.5065989], [1.5346319, 42.5065646], [1.5344764, 42.5065264], [1.5343145, 42.5065327], [1.5341525, 42.5065324], [1.5339915, 42.5065225], [1.5338335, 42.5064867], [1.5336749, 42.5064539], [1.5335162, 42.5064211], [1.5333575, 42.5063883], [1.5331989, 42.5063554], [1.5330402, 42.5063226], [1.5328816, 42.5062898], [1.5327229, 42.506257], [1.5325661, 42.5062186], [1.532414, 42.5061666], [1.5322536, 42.5061435], [1.5320933, 42.5061204], [1.5319325, 42.5061036], [1.5317731, 42.5061322], [1.5316229, 42.5061112], [1.5314832, 42.5060292], [1.5314814, 42.5060021], [1.5316281, 42.5060614], [1.5316321, 42.5061618], [1.5314744, 42.5061989], [1.5313167, 42.5062361], [1.531159, 42.5062732], [1.5310013, 42.5063104], [1.5308436, 42.5063475], [1.5306859, 42.5063846], [1.5305282, 42.5064218], [1.5303705, 42.5064589], [1.5302128, 42.5064961], [1.530055, 42.5065158], [1.5298968, 42.5064807], [1.5297386, 42.5064457], [1.5295804, 42.5064106], [1.5294253, 42.5063894], [1.5292969, 42.5064881], [1.5291684, 42.5065868], [1.5290399, 42.5066855], [1.5288985, 42.5067596], [1.5287444, 42.5068094], [1.5285902, 42.5068593], [1.5284385, 42.5069154], [1.5282919, 42.5069842], [1.5281452, 42.5070531], [1.5279985, 42.507122]], "mood_vectors": [[0.0659, 0.0289, 0.0641, 0.0211, 0.0519, 0.7474, 0.0207], [0.0266, 0.0251, 0.041, 0.0687, 0.0624, 0.7456, 0.0306], [0.036, 0.0683, 0.0699, 0.0297, 0.0729, 0.6737, 0.0495], [0.058, 0.0157, 0.0709, 0.0362, 0.0127, 0.7747, 0.0318], [0.0583, 0.0542, 0.0197, 0.0775, 0.0421, 0.6796, 0.0684], [0.0481, 0.0676, 0.0848, 0.0748, 0.068, 0.5927, 0.0641], [0.0435, 0.0451, 0.022, 0.0709, 0.0262, 0.724, 0.0684], [0.0136, 0.0614, 0.0436, 0.0495, 0.0779, 0.6864, 0.0678], [0.0734, 0.0598, 0.0325, 0.0263, 0.0532, 0.7041, 0.0508], [0.062, 0.0263, 0.0576, 0.0227, 0.0411, 0.7744, 0.0158], [0.012, 0.068, 0.0366, 0.0384, 0.0374, 0.7349, 0.0728], [0.0894, 0.0453, 0.0463, 0.0627, 0.062, 0.6788, 0.0155], [0.0667, 0.0473, 0.0429, 0.0133, 0.0848, 0.6628, 0.0822], [0.0346, 0.063, 0.0726, 0.0626, 0.0707, 0.6388, 0.0578], [0.015, 0.0362, 0.0238, 0.0545, 0.0212, 0.8109, 0.0385], [0.0701, 0.0265, 0.0681, 0.0213, 0.0522, 0.7185, 0.0432], [0.0272, 0.0722, 0.0222, 0.0676, 0.0121, 0.724, 0.0747], [0.0794, 0.0227, 0.0632, 0.0225, 0.0523, 0.7053, 0.0545], [0.0411, 0.0327, 0.065, 0.0609, 0.0355, 0.7295, 0.0352], [0.0313, 0.0749, 0.0259, 0.0132, 0.0412, 0.7615, 0.052], [0.0139, 0.0869, 0.0512, 0.051, 0.0347, 0.7109, 0.0514], [0.0193, 0.0714, 0.0731, 0.0229, 0.0947, 0.6711, 0.0476], [0.0751, 0.0709, 0.0259, 0.0725, 0.0285, 0.6726, 0.0543], [0.0314, 0.0355, 0.0296, 0.0529, 0.0245, 0.7909, 0.0352], [0.038, 0.0369, 0.0922, 0.0265, 0.0465, 0.7438, 0.016], [0.0208, 0.0652, 0.0484, 0.0461, 0.0747, 0.6854, 0.0594], [0.0204, 0.0373, 0.0223, 0.0821, 0.0577, 0.6979, 0.0824], [0.0553, 0.0553, 0.074, 0.0238, 0.0185, 0.7048, 0.0683], [0.078, 0.0626, 0.0173, 0.054, 0.0624, 0.6723, 0.0534], [0.0945, 0.0723, 0.0361, 0.0184, 0.0984, 0.6572, 0.0231], [0.0299, 0.0869, 0.0493, 0.0861, 0.0857, 0.6239, 0.0381], [0.061, 0.0829, 0.0528, 0.0291, 0.0191, 0.7164, 0.0388], [0.0639, 0.0581, 0.0757, 0.0521, 0.0407, 0.6933, 0.0161], [0.022, 0.0611, 0.0219, 0.0567, 0.0465, 0.7477, 0.0441], [0.0624, 0.06, 0.0347, 0.0555, 0.0296, 0.701, 0.0567], [0.0866, 0.0365, 0.0568, 0.0651, 0.0713, 0.6352, 0.0485], [0.0391, 0.0764, 0.0447, 0.0337, 0.0764, 0.6669, 0.0628], [0.0387, 0.0595, 0.0392, 0.0673, 0.0687, 0.6855, 0.0412], [0.0597, 0.0707, 0.0682, 0.0808, 0.0594, 0.637, 0.0242], [0.058, 0.0691, 0.0548, 0.0159, 0.018, 0.7223, 0.062], [0.0241, 0.065, 0.0713, 0.0179, 0.0709, 0.7025, 0.0484], [0.0582, 0.0432, 0.0292, 0.0247, 0.0562, 0.7253, 0.0632], [0.0253, 0.0533, 0.0265, 0.0598, 0.0529, 0.7058, 0.0764], [0.0124, 0.0533, 0.0447, 0.052, 0.0247, 0.7994, 0.0135], [0.0321, 0.0776, 0.0803, 0.0161, 0.0157, 0.7274, 0.0508], [0.0498, 0.0206, 0.0183, 0.0641, 0.0615, 0.7353, 0.0504], [0.0662, 0.0665, 0.0674, 0.0497, 0.0518, 0.6496, 0.0489], [0.0375, 0.0799, 0.0767, 0.018, 0.0176, 0.7468, 0.0236], [0.0275, 0.0624, 0.0608, 0.0693, 0.0894, 0.624, 0.0666], [0.0667, 0.0763, 0.0556, 0.0162, 0.0439, 0.6894, 0.0519], [0.0728, 0.0439, 0.0426, 0.0237, 0.0266, 0.6983, 0.0921], [0.0595, 0.0648, 0.0227, 0.0306, 0.058, 0.6964, 0.0681], [0.0452, 0.03, 0.0551, 0.0299, 0.0371, 0.7366, 0.0661], [0.0559, 0.0673, 0.0303, 0.0501, 0.0359, 0.6926, 0.068], [0.0243, 0.0175, 0.0847, 0.0582, 0.084, 0.7073, 0.0241], [0.048, 0.0345, 0.0231, 0.0633, 0.0465, 0.7235, 0.0611], [0.07, 0.0667, 0.0673, 0.0309, 0.0255, 0.7092, 0.0303], [0.065, 0.0147, 0.0221, 0.0419, 0.0516, 0.7344, 0.0704], [0.0753, 0.0398, 0.0364, 0.0425, 0.0127, 0.767, 0.0263], [0.0888, 0.0818, 0.0372, 0.0823, 0.026, 0.6649, 0.019], [0.0563, 0.0568, 0.0424, 0.0747, 0.0656, 0.6699, 0.0343], [0.0674, 0.0205, 0.0541, 0.0645, 0.0406, 0.7127, 0.0401], [0.0719, 0.1018, 0.0296, 0.0653, 0.0523, 0.634, 0.0451], [0.0206, 0.0122, 0.0263, 0.0471, 0.0205, 0.8482, 0.025], [0.0647, 0.0709, 0.0591, 0.0194, 0.0827, 0.646, 0.0572], [0.043, 0.0273, 0.0363, 0.0243, 0.0858, 0.7162, 0.067], [0.0218, 0.0494, 0.0389, 0.056, 0.0698, 0.6965, 0.0678], [0.055, 0.0543, 0.0519, 0.0697, 0.0628, 0.69, 0.0162], [0.0119, 0.0656, 0.0342, 0.0557, 0.038, 0.7343, 0.0602], [0.0844, 0.0753, 0.0805, 0.0202, 0.0169, 0.6477, 0.075], [0.0732, 0.0159, 0.0561, 0.0583, 0.0551, 0.6951, 0.0462], [0.0324, 0.081, 0.0504, 0.0686, 0.0174, 0.7288, 0.0213], [0.0588, 0.0296, 0.083, 0.0512, 0.0534, 0.7113, 0.0127], [0.038, 0.093, 0.0685, 0.0592, 0.0564, 0.6468, 0.038], [0.0906, 0.0652, 0.0187, 0.0602, 0.0822, 0.5964, 0.0867], [0.0879, 0.0535, 0.078, 0.0325, 0.0554, 0.6192, 0.0734], [0.0154, 0.0268, 0.0703, 0.0961, 0.0899, 0.6503, 0.0512], [0.0416, 0.0385, 0.0616, 0.0191, 0.041, 0.7152, 0.083], [0.0543, 0.0319, 0.0584, 0.0565, 0.0267, 0.7226, 0.0497], [0.0738, 0.0343, 0.0763, 0.0698, 0.0189, 0.6915, 0.0353]], "emotions": ["purple", "purple", "purple", "purple", "purple", "purple", "purple", "purple", "purple", "purple", "purple", "purple", "purple", "purple", "purple", "purple", "purple", "purple", "purple", "purple", "purple", "purple", "purple", "purple", "purple", "purple", "purple", "purple", "purple", "purple", "purple", "purple", "purple", "purple", "purple", "purple", "purple", "purple", "purple", "purple", "purple", "purple", "purple", "purple", "purple", "purple", "purple", "purple", "purple", "purple", "purple", "purple", "purple", "purple", "purple", "purple", "purple", "purple", "purple", "purple", "purple", "purple", "purple", "purple", "purple", "purple", "purple", "purple", "purple", "purple", "purple", "purple", "purple", "purple", "purple", "purple", "purple", "purple", "purple", "purple"], "timestamps": [0, 40, 80, 120, 160, 200, 240, 280, 320, 360, 400, 440, 480, 520, 560, 600, 640, 680, 720, 760, 800, 840, 880, 920, 960, 1000, 1040, 1080, 1120, 1160, 1200, 1240, 1280, 1320, 1360, 1400, 1440, 1480, 1520, 1560, 1600, 1640, 1680, 1720, 1760, 1800, 1840, 1880, 1920, 1960, 2000, 2040, 2080, 2120, 2160, 2200, 2240, 2280, 2320, 2360, 2400, 2440, 2480, 2520, 2560, 2600, 2640, 2680, 2720, 2760, 2800, 2840, 2880, 2920, 2960, 3000, 3040, 3080, 3120, 3160]}], "conversation": [], "conversation_timestamps": []}