{"agent_id": "agent-orange-743", "type": "orange", "trips": [{"trip_id": 0, "transport_method": "bicycle", "start_time": 0, "path": [[1.5386316, 42.5109042], [1.5385803, 42.5109069], [1.5385291, 42.5109096], [1.5384778, 42.5109123], [1.5384265, 42.5109149], [1.5383753, 42.5109176], [1.538324, 42.5109203], [1.5382728, 42.510923], [1.53823, 42.5109461], [1.5381967, 42.5109852], [1.5381682, 42.5109425], [1.5381397, 42.5108998], [1.5381112, 42.5108572], [1.5380827, 42.5108145], [1.5380541, 42.5107718], [1.5380256, 42.5107291], [1.5379971, 42.5106864], [1.5379673, 42.5106567], [1.5379312, 42.5106931], [1.537895, 42.5107295], [1.5378579, 42.51076], [1.5378099, 42.5107439], [1.5377594, 42.510735], [1.5377082, 42.5107308], [1.537657, 42.5107297], [1.5376056, 42.5107309], [1.5375543, 42.510732], [1.537503, 42.5107332], [1.5374517, 42.5107344], [1.5374004, 42.5107356], [1.5373491, 42.5107368], [1.5372978, 42.5107379], [1.5372464, 42.5107391], [1.5371951, 42.5107403], [1.5371438, 42.5107415], [1.5370925, 42.5107427], [1.5370417, 42.5107391], [1.5369916, 42.5107277], [1.5369416, 42.5107163], [1.5368916, 42.5107048], [1.5368415, 42.5106934], [1.5367915, 42.510682], [1.5367414, 42.5106705], [1.5366914, 42.5106591], [1.5366414, 42.5106476], [1.5365913, 42.5106362], [1.5365413, 42.5106248], [1.5364902, 42.5106203], [1.536439, 42.5106171], [1.5363878, 42.510614], [1.5363366, 42.5106108], [1.5362853, 42.5106076], [1.5362341, 42.5106044], [1.5361829, 42.5106012], [1.5361316, 42.510598], [1.5360804, 42.5105948], [1.5360292, 42.5105916], [1.5359779, 42.5105885], [1.5359267, 42.5105853], [1.5358755, 42.5105821], [1.5358243, 42.5105789], [1.535773, 42.5105757], [1.5357218, 42.5105725], [1.5356706, 42.5105693], [1.5356193, 42.5105661], [1.5355681, 42.5105629], [1.5355169, 42.5105598], [1.5354657, 42.5105566], [1.5354144, 42.5105534], [1.5353639, 42.5105547], [1.5353159, 42.510573], [1.5352663, 42.5105845], [1.5352194, 42.5106033], [1.5351806, 42.5106369], [1.5351417, 42.5106704], [1.5351029, 42.510704], [1.5350641, 42.5107375], [1.5350252, 42.5107711], [1.5349864, 42.5108046], [1.5349475, 42.5108382]], "mood_vectors": [[0.0259, 0.0634, 0.0531, 0.0776, 0.656, 0.0505, 0.0735], [0.0534, 0.0523, 0.0537, 0.0677, 0.683, 0.0529, 0.037], [0.0501, 0.0665, 0.0152, 0.0149, 0.6979, 0.0786, 0.0768], [0.0546, 0.0837, 0.0767, 0.0736, 0.634, 0.0495, 0.0279], [0.0452, 0.0579, 0.0575, 0.0756, 0.7213, 0.0183, 0.0242], [0.0738, 0.1019, 0.044, 0.0162, 0.6266, 0.0574, 0.08], [0.0249, 0.0629, 0.0467, 0.0296, 0.778, 0.0343, 0.0237], [0.0716, 0.0737, 0.0249, 0.0294, 0.7457, 0.019, 0.0358], [0.0205, 0.0511, 0.0298, 0.0121, 0.7649, 0.0595, 0.062], [0.0436, 0.039, 0.0785, 0.0688, 0.6698, 0.075, 0.0252], [0.0311, 0.0372, 0.0672, 0.0795, 0.6594, 0.0584, 0.0672], [0.0784, 0.0836, 0.0723, 0.0291, 0.6231, 0.0346, 0.0787], [0.0154, 0.0405, 0.0495, 0.0409, 0.749, 0.0829, 0.0219], [0.0594, 0.0694, 0.0162, 0.047, 0.7246, 0.0692, 0.0143], [0.0559, 0.0528, 0.0711, 0.0291, 0.6889, 0.0511, 0.0512], [0.058, 0.0217, 0.0664, 0.0331, 0.6952, 0.0636, 0.0619], [0.0283, 0.0568, 0.0226, 0.0466, 0.726, 0.0853, 0.0344], [0.0735, 0.0599, 0.0383, 0.0649, 0.6821, 0.0227, 0.0586], [0.0219, 0.0851, 0.0767, 0.0216, 0.7049, 0.0211, 0.0688], [0.0653, 0.0451, 0.0536, 0.0199, 0.7184, 0.0595, 0.0382], [0.0876, 0.0488, 0.0667, 0.085, 0.6272, 0.0286, 0.0562], [0.0121, 0.0361, 0.0385, 0.0453, 0.7579, 0.0672, 0.0429], [0.0435, 0.0343, 0.0596, 0.0355, 0.7211, 0.0602, 0.046], [0.037, 0.0519, 0.0688, 0.0178, 0.7167, 0.048, 0.0598], [0.0789, 0.0182, 0.0498, 0.0753, 0.6588, 0.0775, 0.0415], [0.0584, 0.0533, 0.0208, 0.0651, 0.6826, 0.0629, 0.0569], [0.0519, 0.0655, 0.0315, 0.0876, 0.6478, 0.0361, 0.0796], [0.0403, 0.0319, 0.092, 0.0181, 0.7229, 0.0184, 0.0764], [0.0601, 0.0469, 0.0305, 0.0328, 0.7462, 0.0365, 0.0469], [0.0931, 0.0234, 0.0276, 0.0423, 0.7129, 0.0266, 0.074], [0.0847, 0.0485, 0.0766, 0.0365, 0.6954, 0.0361, 0.0223], [0.0787, 0.0229, 0.0721, 0.0743, 0.6225, 0.0647, 0.0649], [0.0533, 0.0489, 0.0151, 0.0451, 0.7497, 0.0309, 0.0569], [0.0542, 0.0297, 0.067, 0.0363, 0.7029, 0.0603, 0.0496], [0.0538, 0.0635, 0.0217, 0.0959, 0.6523, 0.0512, 0.0615], [0.0652, 0.0196, 0.0774, 0.0189, 0.6964, 0.057, 0.0656], [0.0937, 0.09, 0.0203, 0.0691, 0.6408, 0.0381, 0.048], [0.0199, 0.0309, 0.0709, 0.0364, 0.7741, 0.0533, 0.0145], [0.0814, 0.0536, 0.0851, 0.0483, 0.6056, 0.0374, 0.0886], [0.0296, 0.0138, 0.0441, 0.0548, 0.7668, 0.0217, 0.0692], [0.0452, 0.0178, 0.0327, 0.0452, 0.772, 0.0435, 0.0436], [0.0449, 0.0792, 0.0536, 0.0508, 0.6998, 0.0205, 0.0512], [0.0648, 0.055, 0.0204, 0.0397, 0.6848, 0.0616, 0.0737], [0.0674, 0.0534, 0.0778, 0.081, 0.6676, 0.0348, 0.0181], [0.0259, 0.09, 0.0351, 0.042, 0.7087, 0.0538, 0.0445], [0.0674, 0.0171, 0.0559, 0.0218, 0.7283, 0.0535, 0.0558], [0.0275, 0.0178, 0.0282, 0.0684, 0.7334, 0.0646, 0.0601], [0.0575, 0.0442, 0.0273, 0.0877, 0.6836, 0.0558, 0.0439], [0.0579, 0.0395, 0.0276, 0.0722, 0.6696, 0.0686, 0.0647], [0.05, 0.0177, 0.0766, 0.0725, 0.6991, 0.0265, 0.0575], [0.0529, 0.0565, 0.0714, 0.082, 0.6261, 0.0481, 0.063], [0.0441, 0.0273, 0.021, 0.0601, 0.7473, 0.0167, 0.0835], [0.0757, 0.0569, 0.0321, 0.0958, 0.6372, 0.0593, 0.0429], [0.0559, 0.0248, 0.0496, 0.0358, 0.7416, 0.0631, 0.0291], [0.0556, 0.0314, 0.0481, 0.0334, 0.7091, 0.0648, 0.0576], [0.0462, 0.0269, 0.042, 0.0438, 0.7419, 0.0702, 0.0291], [0.067, 0.0139, 0.0714, 0.0177, 0.7634, 0.0341, 0.0323], [0.0333, 0.0172, 0.0739, 0.0497, 0.7279, 0.0834, 0.0147], [0.0532, 0.0782, 0.0687, 0.0768, 0.6374, 0.0426, 0.0431], [0.0873, 0.0886, 0.0789, 0.0284, 0.6558, 0.0475, 0.0135], [0.0548, 0.0384, 0.059, 0.0514, 0.6969, 0.0537, 0.0458], [0.0661, 0.0266, 0.0524, 0.0481, 0.6793, 0.0857, 0.0418], [0.0254, 0.0532, 0.0353, 0.0296, 0.7274, 0.0497, 0.0795], [0.0701, 0.066, 0.0515, 0.0579, 0.5968, 0.0783, 0.0794], [0.049, 0.0611, 0.0746, 0.0385, 0.6624, 0.0768, 0.0377], [0.0828, 0.016, 0.0404, 0.0827, 0.6875, 0.0278, 0.0628], [0.0378, 0.0519, 0.0846, 0.0667, 0.6511, 0.0865, 0.0214], [0.0203, 0.0839, 0.0238, 0.0664, 0.6968, 0.0726, 0.0362], [0.0698, 0.019, 0.0546, 0.0137, 0.7385, 0.0775, 0.0269], [0.0397, 0.0511, 0.0241, 0.0762, 0.7384, 0.0172, 0.0533], [0.0191, 0.0222, 0.0483, 0.0349, 0.7778, 0.0304, 0.0672], [0.0357, 0.0565, 0.0284, 0.0738, 0.6983, 0.0578, 0.0495], [0.019, 0.0159, 0.0695, 0.0809, 0.6836, 0.0473, 0.0839], [0.0386, 0.0817, 0.0731, 0.0213, 0.6721, 0.0374, 0.0759], [0.0542, 0.0644, 0.0494, 0.0543, 0.6323, 0.0888, 0.0565], [0.0117, 0.0545, 0.0672, 0.0651, 0.6955, 0.0685, 0.0376], [0.0415, 0.066, 0.041, 0.0588, 0.658, 0.0599, 0.0747], [0.0641, 0.0665, 0.045, 0.0571, 0.6767, 0.0644, 0.0262], [0.031, 0.0423, 0.0358, 0.0153, 0.7783, 0.0682, 0.0289], [0.0168, 0.0431, 0.083, 0.092, 0.6857, 0.0185, 0.0608]], "emotions": ["red", "red", "red", "red", "red", "red", "red", "red", "red", "red", "red", "red", "red", "red", "red", "red", "red", "red", "red", "red", "red", "red", "red", "red", "red", "red", "red", "red", "red", "red", "red", "red", "red", "red", "red", "red", "red", "red", "red", "red", "red", "red", "red", "red", "red", "red", "red", "red", "red", "red", "red", "red", "red", "red", "red", "red", "red", "red", "red", "red", "red", "red", "red", "red", "red", "red", "red", "red", "red", "red", "red", "red", "red", "red", "red", "red", "red", "red", "red", "red"], "timestamps": [0, 40, 80, 120, 160, 200, 240, 280, 320, 360, 400, 440, 480, 520, 560, 600, 640, 680, 720, 760, 800, 840, 880, 920, 960, 1000, 1040, 1080, 1120, 1160, 1200, 1240, 1280, 1320, 1360, 1400, 1440, 1480, 1520, 1560, 1600, 1640, 1680, 1720, 1760, 1800, 1840, 1880, 1920, 1960, 2000, 2040, 2080, 2120, 2160, 2200, 2240, 2280, 2320, 2360, 2400, 2440, 2480, 2520, 2560, 2600, 2640, 2680, 2720, 2760, 2800, 2840, 2880, 2920, 2960, 3000, 3040, 3080, 3120, 3160]}], "conversation": [], "conversation_timestamps": []}