{
  "agent_id": "agent-type-blue-59",
  "type": "blue",
  "trips": [
    {
      "trip_id": 0,
      "transport_method": "car",
      "start_time": 0,
      "path": [
        [
          1.5279283,
          42.5048785
        ],
        [
          1.5282722757476783,
          42.50520316485406
        ],
        [
          1.5278318298765494,
          42.5053050460927
        ],
        [
          1.527891031955852,
          42.505300682463094
        ],
        [
          1.528263841339962,
          42.50547769431577
        ],
        [
          1.5279338716702975,
          42.5055725289176
        ],
        [
          1.5274291122116508,
          42.50542426089042
        ],
        [
          1.5269386337259314,
          42.50549416193599
        ],
        [
          1.5273688200117688,
          42.505410046797586
        ],
        [
          1.526849022797662,
          42.50532895194459
        ],
        [
          1.5263292255835557,
          42.505247857091604
        ],
        [
          1.5261570027249771,
          42.50550209906645
        ],
        [
          1.526627674500065,
          42.50573711736171
        ],
        [
          1.5267539178652516,
          42.50612265308623
        ],
        [
          1.5268212619260488,
          42.505921103685836
        ],
        [
          1.5264058565786496,
          42.50562635807571
        ],
        [
          1.5261212133058177,
          42.50530758103041
        ],
        [
          1.5257760116588572,
          42.50512778136426
        ],
        [
          1.5252532447855363,
          42.505068787168504
        ],
        [
          1.5247304779122153,
          42.50500979297275
        ],
        [
          1.5242077110388943,
          42.504950798776996
        ],
        [
          1.5236849441655735,
          42.504891804581234
        ],
        [
          1.5231621772922526,
          42.50483281038548
        ],
        [
          1.5226394104189316,
          42.504773816189726
        ],
        [
          1.5221528052736921,
          42.50483744047448
        ],
        [
          1.5219461909090257,
          42.505306394826455
        ],
        [
          1.5218139828350568,
          42.50581559125736
        ],
        [
          1.5215137322158423,
          42.506156571915774
        ],
        [
          1.5210187830173356,
          42.50598549223626
        ],
        [
          1.5208687611957694,
          42.505980997974206
        ],
        [
          1.521256289751997,
          42.50617435198315
        ],
        [
          1.5210867318249774,
          42.506354423630015
        ],
        [
          1.521162925748922,
          42.50609231675802
        ],
        [
          1.52072955348535,
          42.505886698361635
        ],
        [
          1.52121635704512,
          42.50606114315627
        ],
        [
          1.521622067954222,
          42.50636196407735
        ],
        [
          1.5219688895681927,
          42.50675378062936
        ],
        [
          1.5223330931953698,
          42.50713341365865
        ],
        [
          1.5223487481511409,
          42.50752947904378
        ],
        [
          1.5218410079864586,
          42.507490200248014
        ],
        [
          1.5213158171690173,
          42.507469709858924
        ],
        [
          1.520789799192896,
          42.50746130701585
        ],
        [
          1.5202816414285791,
          42.50753182632225
        ],
        [
          1.5197935326485614,
          42.50769188505105
        ],
        [
          1.519322452615387,
          42.507926017836766
        ],
        [
          1.5188487164784459,
          42.508154796313754
        ],
        [
          1.5184225651365841,
          42.50813987658167
        ],
        [
          1.5179863656520969,
          42.50789345859926
        ],
        [
          1.5174723888175616,
          42.50778123858084
        ],
        [
          1.5170340472836243,
          42.50749121295502
        ],
        [
          1.5173361298079207,
          42.50769163244136
        ],
        [
          1.5177704106658176,
          42.5079885327541
        ],
        [
          1.5182043833014933,
          42.50828591007411
        ],
        [
          1.5186727755729523,
          42.508239762372405
        ],
        [
          1.5191465117098935,
          42.508010983895424
        ],
        [
          1.5196194331063966,
          42.507780563023324
        ],
        [
          1.5201023575144306,
          42.50757791450116
        ],
        [
          1.5205809949983986,
          42.507671505008474
        ],
        [
          1.5210454330055712,
          42.50791861400561
        ],
        [
          1.521509871012744,
          42.508165723002755
        ],
        [
          1.5219977828378393,
          42.50835284162902
        ],
        [
          1.5224786202219653,
          42.50843669247857
        ],
        [
          1.5224264516668942,
          42.50804410782893
        ],
        [
          1.5225305549802286,
          42.507898940433414
        ],
        [
          1.5226242482898151,
          42.508086016633094
        ],
        [
          1.5231185591383967,
          42.50797293640788
        ],
        [
          1.5229890503570718,
          42.50770613289626
        ],
        [
          1.5225330367425733,
          42.507514034760476
        ],
        [
          1.5222853077656822,
          42.50708360381033
        ],
        [
          1.521921104138505,
          42.50670397078104
        ],
        [
          1.5217568765568321,
          42.50633349966041
        ],
        [
          1.5222617269031906,
          42.50632477037849
        ],
        [
          1.5226756197952085,
          42.506387991650755
        ],
        [
          1.522159584413814,
          42.50630385249722
        ],
        [
          1.5216919996348097,
          42.506388697411964
        ],
        [
          1.5219803438911674,
          42.50676572021207
        ],
        [
          1.5223445475183446,
          42.507145353241356
        ],
        [
          1.522335461460915,
          42.50753933901401
        ],
        [
          1.5218246845716152,
          42.50748749830077
        ],
        [
          1.5214293495499858,
          42.50717103635689
        ],
        [
          1.521215513674018,
          42.5068041847959
        ],
        [
          1.5216680284243802,
          42.50659537910588
        ],
        [
          1.5212849158474182,
          42.50675071541716
        ],
        [
          1.521368698629627,
          42.507107813718584
        ],
        [
          1.5217376004386363,
          42.50747790716331
        ],
        [
          1.5222572692582135,
          42.50755912406508
        ],
        [
          1.522405199565635,
          42.507208574798554
        ],
        [
          1.5220409959384578,
          42.506828941769264
        ],
        [
          1.5216767923112808,
          42.506449308739974
        ],
        [
          1.5217591342103638,
          42.50603020221015
        ],
        [
          1.5218894000000005,
          42.5055205
        ]
      ],
      "emotions": [
        "red",
        "red",
        "red",
        "red",
        "red",
        "purple",
        "purple",
        "purple",
        "purple",
        "purple",
        "purple",
        "purple",
        "purple",
        "purple",
        "purple",
        "red",
        "red",
        "red",
        "red",
        "red",
        "purple",
        "purple",
        "purple",
        "purple",
        "purple",
        "green",
        "green",
        "green",
        "green",
        "green",
        "green",
        "green",
        "green",
        "green",
        "green",
        "purple",
        "purple",
        "purple",
        "purple",
        "purple",
        "purple",
        "purple",
        "purple",
        "purple",
        "purple",
        "purple",
        "purple",
        "purple",
        "purple",
        "purple",
        "red",
        "red",
        "red",
        "red",
        "red",
        "purple",
        "purple",
        "purple",
        "purple",
        "purple",
        "green",
        "green",
        "green",
        "green",
        "green",
        "green",
        "green",
        "green",
        "green",
        "green",
        "green",
        "green",
        "green",
        "green",
        "green",
        "purple",
        "purple",
        "purple",
        "purple",
        "purple",
        "purple",
        "purple",
        "purple",
        "purple",
        "purple",
        "green",
        "green",
        "green",
        "green",
        "green",
        "red"
      ],
      "mood_vectors": [
        [
          0.19987418382409075,
          0.05287147677494192,
          0.12805238423509696,
          0.1196055181305089,
          0.11538579621087028,
          0.19876441681485568,
          0.18544622400963545
        ],
        [
          0.04654186794282127,
          0.12335419898664535,
          0.179175194293654,
          0.027298151119005614,
          0.21348896838094603,
          0.17498783955750016,
          0.23515377971942747
        ],
        [
          0.22788367476434082,
          0.16885948375073717,
          0.1674434802449164,
          0.03947711731447536,
          0.27870687602821764,
          0.050894117813871396,
          0.0667352500834412
        ],
        [
          0.003555949004967845,
          0.206594981836605,
          0.21608390955499415,
          0.2276658445129289,
          0.09723557644795985,
          0.12896246683806908,
          0.11990127180447509
        ],
        [
          0.30359510798958605,
          0.1823383703911319,
          0.21846798008348134,
          0.11031341882191151,
          0.11976475862875033,
          0.028610927691361306,
          0.036909436393777514
        ],
        [
          0.10200693336201837,
          0.06588255829096117,
          0.14324748740639393,
          0.2212962538810383,
          0.2962109834446533,
          0.05207606546150376,
          0.11927971815343123
        ],
        [
          0.1507211611593511,
          0.2508896573517886,
          0.23355757950045106,
          0.06905016108274184,
          0.11220405459186043,
          0.05121021473267918,
          0.1323671715811278
        ],
        [
          0.10278056941647809,
          0.3841885293127156,
          0.24160886398762063,
          0.05732555485287426,
          0.05453821381280318,
          0.14133658351081704,
          0.018221685106691296
        ],
        [
          0.06665369301286814,
          0.13845363331451302,
          0.20321221214238086,
          0.1737027976450285,
          0.1539657962330873,
          0.2375660112410755,
          0.02644585641104673
        ],
        [
          0.08193375256977153,
          0.22308879317057378,
          0.17805323343334722,
          0.1870589099922767,
          0.2315123025056907,
          0.08368094842712333,
          0.014672059901216759
        ],
        [
          0.18388853736792268,
          0.029046320055966614,
          0.15201204023980353,
          0.15588368701955138,
          0.13314777221514382,
          0.15822125068890872,
          0.1878003924127033
        ],
        [
          0.13092842805476312,
          0.10271506143029782,
          0.22720964140359856,
          0.09127857610340866,
          0.22935214426071932,
          0.09801348097882455,
          0.12050266776838794
        ],
        [
          0.07885747483409161,
          0.04194576580240154,
          0.16463761024078316,
          0.15916923108704675,
          0.18000689856777255,
          0.18730763700183192,
          0.18807538246607255
        ],
        [
          0.16278587564160235,
          0.41872181120642155,
          0.024679512521373112,
          0.12207328064769576,
          0.008902844600564626,
          0.1997742916284755,
          0.0630623837538672
        ],
        [
          0.11406925562992958,
          0.02692447618074226,
          0.20607883602302685,
          0.10487098897661568,
          0.1526356871946765,
          0.15248743927383004,
          0.24293331672117902
        ],
        [
          0.11156645058516482,
          0.22327743535981545,
          0.028006467755565995,
          0.1969256825607436,
          0.1617700984884102,
          0.1582528773540771,
          0.12020098789622287
        ],
        [
          0.12451727782256294,
          0.09087646099618227,
          0.217243811927153,
          0.21466639036013152,
          0.044235381469768825,
          0.01828736302297535,
          0.2901733144012261
        ],
        [
          0.15086432339376793,
          0.16848806331874977,
          0.09719266938813763,
          0.18162251055592302,
          0.1699326682345967,
          0.170106260270218,
          0.061793504838606995
        ],
        [
          0.08963073290977636,
          0.11693424272508873,
          0.06635049984367417,
          0.21765190268326035,
          0.25456319186225657,
          0.01232279102823519,
          0.24254663894770867
        ],
        [
          0.240052427572337,
          0.23264235798221009,
          0.06533671830069687,
          0.07988027101102432,
          0.26002662160084566,
          0.0020653923005972486,
          0.11999621123228871
        ],
        [
          0.15112792629579685,
          0.1844822664636592,
          0.09718251086698722,
          0.1688541350769163,
          0.16006489421595216,
          0.09022215662407446,
          0.14806611045661375
        ],
        [
          0.14919194946722106,
          0.27228298781272575,
          0.08921368157918515,
          0.10899871541498506,
          0.11222778056583542,
          0.062096376295097296,
          0.20598850886495026
        ],
        [
          0.22533329898431131,
          0.24211055620423153,
          0.21608360063763277,
          0.035098026679468715,
          0.05392625011172908,
          0.10800068084363798,
          0.11944758653898863
        ],
        [
          0.12513786656153236,
          0.14974036949015404,
          0.1519316657109429,
          0.2002087454785228,
          0.052686747710795116,
          0.09732604867970704,
          0.22296855636834575
        ],
        [
          0.2033547872494751,
          0.035827484977538356,
          0.18535011690140302,
          0.1351867300770917,
          0.15871075538572463,
          0.09512673742766431,
          0.18644338798110296
        ],
        [
          0.09966952334103014,
          0.12326197804331514,
          0.09091205119795776,
          0.338661586083949,
          0.2135878192072647,
          0.07181646284230407,
          0.062090579284179166
        ],
        [
          0.054627717581533834,
          0.02038805191213871,
          0.25525549197792835,
          0.26513874657495,
          0.1997849958911567,
          0.09651568534877482,
          0.1082893107135176
        ],
        [
          0.19161670005900075,
          0.13605277736568708,
          0.0932404091332465,
          0.05514662930034919,
          0.24142708027031312,
          0.2807104985666343,
          0.0018059053047690117
        ],
        [
          0.03678122114779092,
          0.059293137585145005,
          0.16992890216489678,
          0.20927782287100624,
          0.20473600965766814,
          0.08378163375253243,
          0.23620127282096048
        ],
        [
          0.020596477721139518,
          0.1175930425141856,
          0.024914696015075344,
          0.09383105848649381,
          0.37900414733707183,
          0.061277913824778596,
          0.3027826641012552
        ],
        [
          0.09506002441061953,
          0.1828576482116784,
          0.18784137802962536,
          0.13550663898414844,
          0.08652909103495583,
          0.12770280944425152,
          0.1845024098847208
        ],
        [
          0.11623013659316467,
          0.17570775912760395,
          0.1821814467523763,
          0.21611235584080266,
          0.11701429552566289,
          0.18310833810136048,
          0.009645668059028986
        ],
        [
          0.19085966297134535,
          0.13873140840447204,
          0.033657168804777364,
          0.08287858908490718,
          0.2287382788454727,
          0.2287848709944402,
          0.09635002089458504
        ],
        [
          0.1580643160645717,
          0.11489555717136947,
          0.16146333826172357,
          0.16084435974412115,
          0.08992990322625462,
          0.14300726303224745,
          0.17179526249971194
        ],
        [
          0.07724921126237524,
          0.06610312529562398,
          0.2058478569761493,
          0.1641498314114293,
          0.11360408654663168,
          0.1593440651028873,
          0.21370182340490312
        ],
        [
          0.09087148345734519,
          0.07449355409028303,
          0.28292175126150193,
          0.11204709845995466,
          0.07679286130148419,
          0.21512404822636136,
          0.14774920320306964
        ],
        [
          0.18068076443232306,
          0.059356748057954364,
          0.24086291965625414,
          0.2448972460679742,
          0.18357735259561217,
          0.0829009552368792,
          0.007724013953002865
        ],
        [
          0.12164800933335329,
          0.006008092304040598,
          0.12195329040339217,
          0.31279068986092673,
          0.1818812124409468,
          0.024918464191485742,
          0.23080024146585468
        ],
        [
          0.15397607739248476,
          0.17674417432370784,
          0.0062904411978827,
          0.19338708375045147,
          0.20333809646750378,
          0.12713875325890722,
          0.13912537360906227
        ],
        [
          0.1932855745511247,
          0.1906364801839046,
          0.21169434258169814,
          0.21109719673877814,
          0.04090682536491069,
          0.14401983914901426,
          0.008359741430569514
        ],
        [
          0.1632418678971477,
          0.12178930988665584,
          0.1672623071191346,
          0.15480729169185975,
          0.08986026152346442,
          0.16937243271809857,
          0.13366652916363914
        ],
        [
          0.026488046431145388,
          0.08352635979602559,
          0.24246901183118202,
          0.25550573471297094,
          0.1629595767891212,
          0.13081184413357277,
          0.09823942630598206
        ],
        [
          0.2088074637181534,
          0.22102933382223477,
          0.2248046822896591,
          0.015512822518156458,
          0.12858632878150741,
          0.19543937433440453,
          0.005819994535884364
        ],
        [
          0.12637088700479218,
          0.1315995787266307,
          0.1563225910187638,
          0.08515569519614762,
          0.20411567097365796,
          0.16850312272579468,
          0.12793245435421308
        ],
        [
          0.06024796750375728,
          0.19863403741910338,
          0.07045112847848944,
          0.2051855057688937,
          0.2122614955424298,
          0.03761261085988466,
          0.21560725442744175
        ],
        [
          0.17561324031227266,
          0.11590984240045665,
          0.22723067948358155,
          0.10297082248742517,
          0.18966656165003012,
          0.10938280898169853,
          0.07922604468453537
        ],
        [
          0.20961116038912386,
          0.17359155660200581,
          0.0020542149089573885,
          0.03834501950147295,
          0.12443428728562186,
          0.2366397665357399,
          0.21532399477707817
        ],
        [
          0.10980192450401395,
          0.19225084158925604,
          0.08820885501232757,
          0.15693298036677378,
          0.19694000599119602,
          0.19155979278746432,
          0.06430559974896831
        ],
        [
          0.1692328812520334,
          0.1279391184438371,
          0.12712962936624225,
          0.06833073568688977,
          0.23339919103153758,
          0.02100598132884968,
          0.25296246289061025
        ],
        [
          0.16500283067372706,
          0.09699897327341657,
          0.10028868996102609,
          0.10441262053733293,
          0.051784373676074955,
          0.32700467814527895,
          0.15450783373314345
        ],
        [
          0.11348413389731697,
          0.13097093124508655,
          0.17003551226204386,
          0.11053848071313695,
          0.08577513320764871,
          0.15500815579905028,
          0.2341876528757167
        ],
        [
          0.19758013085300488,
          0.14085947444824762,
          0.05062820118012651,
          0.15212245097394644,
          0.15192625899832443,
          0.22091571255516906,
          0.0859677709911811
        ],
        [
          0.23906185450495882,
          0.010989887922648987,
          0.05363071762797296,
          0.12454922795454144,
          0.1938800177905071,
          0.20614709871178233,
          0.17174119548758834
        ],
        [
          0.23157822485232982,
          0.028397380241394946,
          0.0007898120699492985,
          0.2665938800665281,
          0.009952349717149155,
          0.22807240581230842,
          0.23461594724034024
        ],
        [
          0.23907937754523106,
          0.0941101919770718,
          0.013849658792022069,
          0.19248725175718873,
          0.005846456683158403,
          0.2085521648708044,
          0.2460748983745235
        ],
        [
          0.0797468893672874,
          0.04064691431338004,
          0.2742146701148464,
          0.22269110020795482,
          0.0585861807999942,
          0.17303265636156417,
          0.151081588834973
        ],
        [
          0.11010814822438673,
          0.21705377773157242,
          0.09448181448459314,
          0.055736057706467945,
          0.09472511010779901,
          0.18122896827037852,
          0.2466661234748022
        ],
        [
          0.11912456181800393,
          0.022241379683179116,
          0.26881203816643334,
          0.24932748047494413,
          0.040470572008413,
          0.16765739157880155,
          0.132366576270225
        ],
        [
          0.22862536282081297,
          0.14145440148238828,
          0.1295370173440353,
          0.0027491609816620998,
          0.2711122010741716,
          0.17862013403754784,
          0.04790172225938197
        ],
        [
          0.04552088446213922,
          0.23349594273908705,
          0.16050042626495348,
          0.17677381504752737,
          0.09689727577285062,
          0.17485963959445638,
          0.11195201611898584
        ],
        [
          0.04263738122878635,
          0.07541005041212563,
          0.1508457614103501,
          0.20782395316105526,
          0.2450234968731649,
          0.1134999901103409,
          0.1647593668041768
        ],
        [
          0.09311855784203217,
          0.15677221752975454,
          0.2533661484934381,
          0.30192970173204,
          0.007741087186839198,
          0.1035183788970446,
          0.0835539083188515
        ],
        [
          0.09250994307290225,
          0.1367109612012139,
          0.013594593323937183,
          0.36981751295465404,
          0.20255571296918368,
          0.02320115901920492,
          0.16161011745890397
        ],
        [
          0.06454059815713502,
          0.23981112990012415,
          0.14775656818074276,
          0.10696769611211719,
          0.1175588489031385,
          0.23145873404991646,
          0.09190642469682597
        ],
        [
          0.2925122085607747,
          0.06227511945179905,
          0.13880950225877176,
          0.13914928253076247,
          0.1438967680607054,
          0.052666440260058164,
          0.17069067887712835
        ],
        [
          0.03528083568732899,
          0.040692089879629766,
          0.3017541248285513,
          0.12931302269574407,
          0.09787532382210883,
          0.2279661182238175,
          0.16711848486281952
        ],
        [
          0.1347038967421732,
          0.10875072351870524,
          0.2661242566889099,
          0.041784279624162576,
          0.24649449125555403,
          0.11702180982003173,
          0.08512054235046335
        ],
        [
          0.014690648732776281,
          0.11832763114666998,
          0.18609390675333168,
          0.15235971964283912,
          0.04905552485848005,
          0.301057609925137,
          0.1784149589407659
        ],
        [
          0.004429918817960123,
          0.13488430103279797,
          0.02368053665160699,
          0.17229980530422379,
          0.10623986585441984,
          0.4123791949508387,
          0.14608637738815256
        ],
        [
          0.28949543223483093,
          0.11132249196409495,
          0.11864974224090838,
          0.04849632122356511,
          0.021199451101833352,
          0.11010431954870253,
          0.3007322416860647
        ],
        [
          0.14082160278616304,
          0.18045252193781489,
          0.026024075440831494,
          0.07391388737412372,
          0.21851513305197512,
          0.1272679944165565,
          0.23300478499253519
        ],
        [
          0.13912238173854397,
          0.20670199574739817,
          0.14949445117256502,
          0.14776127090199076,
          0.1556690079889884,
          0.11067781549901015,
          0.09057307695150359
        ],
        [
          0.0694484887137373,
          0.10319433891241457,
          0.10906956254418766,
          0.17570292264703222,
          0.12001215334986012,
          0.22219215768352654,
          0.2003803761492416
        ],
        [
          0.14170481964097575,
          0.0018778222413827466,
          0.13780936187647572,
          0.13338573484991392,
          0.20607804934952048,
          0.29258228756752136,
          0.08656192447420999
        ],
        [
          0.024632577054420252,
          0.27862959788827996,
          0.05709689346439863,
          0.19115707134582796,
          0.13775404083781115,
          0.14337625475198265,
          0.1673535646572795
        ],
        [
          0.22428192001512087,
          0.18937269948368984,
          0.010387254835073243,
          0.015819118320620055,
          0.18242180130053132,
          0.08891052828114328,
          0.2888066777638214
        ],
        [
          0.18069114789217147,
          0.0781887073298059,
          0.08550176496222045,
          0.23495860257802487,
          0.11840973206383434,
          0.15088996832105725,
          0.1513600768528856
        ],
        [
          0.26383702800650777,
          0.05077512981538083,
          0.06361816813949776,
          0.15677942977399545,
          0.2804748839339471,
          0.004343468811050619,
          0.18017189151962051
        ],
        [
          0.1945306830047041,
          0.12657256824550842,
          0.2021860641222586,
          0.15409468822569858,
          0.06508505803825056,
          0.11999020422851478,
          0.13754073413506487
        ],
        [
          0.13244831524311837,
          0.2957800470085742,
          0.06587355788306927,
          0.2618090440196347,
          0.0324868262766559,
          0.06690637111993089,
          0.14469583844901668
        ],
        [
          0.11602313098243303,
          0.18286152545068388,
          0.04556161495642708,
          0.1855432070852632,
          0.17284530576741872,
          0.15364465661890958,
          0.1435205591388645
        ],
        [
          0.1093802222963304,
          0.10153699593158902,
          0.31352548718842466,
          0.02248401332675061,
          0.29764183493033175,
          0.13681731736559521,
          0.01861412896097833
        ],
        [
          0.18475549329783375,
          0.042082434885128556,
          0.1841427727570382,
          0.06954313462510273,
          0.2546539538253883,
          0.005377779359029192,
          0.25944443125047933
        ],
        [
          0.1402683379518368,
          0.3395140751273631,
          0.12341502964606801,
          0.12072442540103978,
          0.0005208952504646443,
          0.20809861668444454,
          0.06745861993878312
        ],
        [
          0.04443928834802808,
          0.05620598608382269,
          0.17944238972836876,
          0.20929394796884748,
          0.10865041766697547,
          0.12528730242043326,
          0.27668066778352424
        ],
        [
          0.1287692792594089,
          0.07194187587994305,
          0.09573021956518978,
          0.22035999940752168,
          0.20857848986957692,
          0.11507538710012863,
          0.15954474891823112
        ],
        [
          0.1438337252498887,
          0.17451498758877546,
          0.2189634568272908,
          0.17109057392700563,
          0.11153256283180593,
          0.12662258656073008,
          0.05344210701450351
        ],
        [
          0.003882286505045861,
          0.1075225673937824,
          0.19406538243358848,
          0.13291559492537808,
          0.12791005139778722,
          0.20651762845069419,
          0.2271864888937239
        ],
        [
          0.09326667718582818,
          0.12155528915691184,
          0.2543071480509438,
          0.16674517532073616,
          0.08477595288596866,
          0.16030282816074132,
          0.11904692923887
        ],
        [
          0.1883258677471281,
          0.07590632549554811,
          0.16657616876812315,
          0.15122873658536384,
          0.22027297939246515,
          0.11299057142360487,
          0.08469935058776684
        ],
        [
          0.16636712845920448,
          0.05180461486177271,
          0.12829015059230434,
          0.1748938762206317,
          0.18191461048150953,
          0.13146537136055889,
          0.16526424802401826
        ]
      ],
      "timestamps": [
        0,
        1,
        2,
        3,
        4,
        5,
        6,
        7,
        8,
        9,
        10,
        11,
        12,
        13,
        14,
        15,
        16,
        17,
        18,
        19,
        20,
        21,
        22,
        23,
        24,
        25,
        26,
        27,
        28,
        29,
        30,
        31,
        32,
        33,
        34,
        35,
        36,
        37,
        38,
        39,
        40,
        41,
        42,
        43,
        44,
        45,
        46,
        47,
        48,
        49,
        50,
        51,
        52,
        53,
        54,
        55,
        56,
        57,
        58,
        59,
        60,
        61,
        62,
        63,
        64,
        65,
        66,
        67,
        68,
        69,
        70,
        71,
        72,
        73,
        74,
        75,
        76,
        77,
        78,
        79,
        80,
        81,
        82,
        83,
        84,
        85,
        86,
        87,
        88,
        89,
        90
      ],
      "distance": 1471.1
    },
    {
      "trip_id": 1,
      "transport_method": "bicycle",
      "start_time": 91,
      "path": [
        [
          1.5217541000000003,
          42.506049899999994
        ],
        [
          1.5224862435569453,
          42.50734717015706
        ],
        [
          1.5215516144778727,
          42.50696897961641
        ],
        [
          1.5212820403221965,
          42.50746917029268
        ],
        [
          1.5215132684609292,
          42.50746286047514
        ],
        [
          1.5209020608888184,
          42.507696698974705
        ],
        [
          1.5206655029719267,
          42.50756613598545
        ],
        [
          1.5215793824389519,
          42.5082027072688
        ],
        [
          1.5217190000000003,
          42.508345899999995
        ]
      ],
      "emotions": [
        "red",
        "red",
        "red",
        "red",
        "purple",
        "purple",
        "purple",
        "purple",
        "purple"
      ],
      "mood_vectors": [
        [
          0.04954544506158827,
          0.2719734122080699,
          0.19507325796920208,
          0.12375202268381268,
          0.2310323548633926,
          0.015759748057027918,
          0.1128637591569065
        ],
        [
          0.18660548428452392,
          0.16239082740591984,
          0.03320390121024905,
          0.11407260998598728,
          0.2131556420404145,
          0.1826892018781653,
          0.10788233319474012
        ],
        [
          0.18014375945687797,
          0.15532230330300692,
          0.00018446962470367644,
          0.20098167160556787,
          0.08380920712395415,
          0.2433400298803841,
          0.13621855900550528
        ],
        [
          0.03418486053817286,
          0.1012387313636312,
          0.0813076427003875,
          0.46055169593033485,
          0.029086253040540248,
          0.23434696798059387,
          0.05928384844633947
        ],
        [
          0.18426720927197887,
          0.19347138318684523,
          0.044468728160998436,
          0.11113933655120879,
          0.09107442057698752,
          0.17640024300907262,
          0.19917867924290852
        ],
        [
          0.23193061066694687,
          0.22265666978118479,
          0.004438848791165108,
          0.12081787706012441,
          0.0648361410445252,
          0.18920792907262526,
          0.16611192358342836
        ],
        [
          0.03571105856350301,
          0.009507571100516213,
          0.20664429504857199,
          0.055416823563635365,
          0.20555356579301523,
          0.1618843633205778,
          0.3252823226101803
        ],
        [
          0.20675118131483428,
          0.15353077016900482,
          0.19735873258393136,
          0.2535736122210575,
          0.0227815893512855,
          0.027240051997629668,
          0.13876406236225686
        ],
        [
          0.1171845266540135,
          0.07616950677554404,
          0.32936137785737063,
          0.1873618408715012,
          0.16074708243939093,
          0.02056192000257465,
          0.10861374539960501
        ]
      ],
      "timestamps": [
        91,
        92,
        93,
        94,
        95,
        96,
        97,
        98,
        99
      ],
      "distance": 423.9
    }
  ],
  "conversation": [
    "I could really go for some Hokkaido milk soft serve.",
    "Let's take a different route.",
    "Feels like everyone's out today."
  ],
  "conversation_timestamps": [
    18,
    20,
    76
  ]
}
