{"agent_id": "agent-green-1267", "type": "green", "trips": [{"trip_id": 0, "transport_method": "foot", "start_time": 0, "path": [[1.4842808, 42.5709592], [1.4843399, 42.5714098], [1.4849986, 42.5710461], [1.4852425, 42.5713155], [1.485958, 42.5712214], [1.4865945, 42.5706779], [1.4872963, 42.5701988], [1.4878755, 42.569571], [1.4884436, 42.5689331], [1.4888196, 42.5681773], [1.4893446, 42.5675218], [1.4899489, 42.5669183], [1.4904646, 42.5662397], [1.4907695, 42.5659325], [1.491375, 42.5653299], [1.4920327, 42.564789], [1.4927287, 42.5642939], [1.4934248, 42.5637987], [1.4941209, 42.5633035], [1.4948169, 42.5628083], [1.495513, 42.5623131], [1.4949911, 42.5629787], [1.494294, 42.5634682], [1.4934659, 42.5636764], [1.4926829, 42.5640084], [1.4920853, 42.5646088], [1.4918224, 42.5649364], [1.4925142, 42.5644353], [1.4932061, 42.5639343], [1.493898, 42.5634333], [1.4945898, 42.5629323], [1.4952817, 42.5624312], [1.4959844, 42.5619466], [1.4966619, 42.561482], [1.4975129, 42.5614759], [1.4983644, 42.5615424], [1.4976343, 42.5614758], [1.4982556, 42.5615531], [1.4991034, 42.5616558], [1.4999281, 42.5616921], [1.5003928, 42.5610896], [1.5011293, 42.5606569], [1.5018658, 42.5602242], [1.5026023, 42.5597914], [1.5025794, 42.5599285], [1.5019146, 42.5604642], [1.5012089, 42.5609443], [1.5004218, 42.5612467], [1.5002916, 42.5611782], [1.5010557, 42.5607962], [1.5018198, 42.5604142], [1.5025838, 42.5600322], [1.5033479, 42.5596502], [1.5040732, 42.5592084], [1.5047355, 42.5586719], [1.5047804, 42.5578375], [1.5050531, 42.5570443], [1.5056447, 42.5564321], [1.506143, 42.5557411], [1.5065922, 42.5550219], [1.5066646, 42.554173], [1.5072025, 42.5535424], [1.5078257, 42.5529583], [1.5084583, 42.5523843], [1.5091187, 42.5518431], [1.5098267, 42.5513684], [1.5101591, 42.5506675], [1.5103839, 42.5498982], [1.5101925, 42.549289], [1.5096163, 42.5488019], [1.509918, 42.548194], [1.5098714, 42.5474236], [1.5096003, 42.5476269], [1.509747, 42.5475783], [1.5094085, 42.5470098], [1.5088569, 42.5463908], [1.5080312, 42.5462045], [1.5075403, 42.545513], [1.5067387, 42.5454798], [1.5059401, 42.5452012]], "mood_vectors": [[0.0583, 0.0258, 0.0253, 0.0671, 0.0281, 0.0174, 0.778], [0.0727, 0.021, 0.0446, 0.0767, 0.063, 0.0157, 0.7063], [0.0441, 0.0764, 0.0473, 0.0314, 0.0673, 0.0507, 0.6829], [0.05, 0.0574, 0.0422, 0.0541, 0.0179, 0.0185, 0.76], [0.0662, 0.062, 0.0406, 0.0751, 0.0531, 0.0777, 0.6253], [0.0273, 0.0684, 0.0267, 0.0371, 0.0305, 0.0951, 0.7149], [0.0582, 0.0614, 0.0647, 0.0515, 0.0597, 0.0297, 0.6749], [0.0294, 0.0187, 0.0192, 0.0699, 0.0219, 0.0447, 0.7963], [0.0715, 0.0503, 0.0841, 0.0415, 0.0614, 0.0222, 0.6688], [0.0413, 0.0537, 0.0801, 0.0182, 0.0235, 0.0513, 0.732], [0.0564, 0.023, 0.0537, 0.0572, 0.0185, 0.0379, 0.7533], [0.0149, 0.0275, 0.0279, 0.0872, 0.0248, 0.0327, 0.7848], [0.0563, 0.0573, 0.0152, 0.0199, 0.0508, 0.0768, 0.7237], [0.0579, 0.0601, 0.0179, 0.0889, 0.0991, 0.0295, 0.6466], [0.0571, 0.0677, 0.045, 0.0176, 0.0728, 0.017, 0.7228], [0.0205, 0.0219, 0.0649, 0.0602, 0.0449, 0.0763, 0.7114], [0.0267, 0.0563, 0.053, 0.0453, 0.0514, 0.0597, 0.7076], [0.0278, 0.0174, 0.1016, 0.0424, 0.0544, 0.0586, 0.6979], [0.0766, 0.0739, 0.0137, 0.0841, 0.0158, 0.0939, 0.6418], [0.0771, 0.0267, 0.0263, 0.0137, 0.0149, 0.0405, 0.8008], [0.0517, 0.0339, 0.0642, 0.0321, 0.0654, 0.0557, 0.6971], [0.0285, 0.0713, 0.0481, 0.0483, 0.0662, 0.0316, 0.706], [0.0132, 0.019, 0.0856, 0.0269, 0.0787, 0.036, 0.7406], [0.041, 0.071, 0.0766, 0.0572, 0.0736, 0.059, 0.6215], [0.0912, 0.0237, 0.0285, 0.0547, 0.043, 0.0799, 0.679], [0.0548, 0.0255, 0.0318, 0.081, 0.0309, 0.0746, 0.7014], [0.0741, 0.0424, 0.056, 0.0467, 0.0408, 0.0153, 0.7248], [0.0433, 0.0379, 0.0462, 0.0723, 0.0197, 0.0222, 0.7585], [0.0589, 0.0256, 0.0668, 0.0128, 0.0282, 0.0279, 0.7799], [0.0545, 0.0553, 0.0396, 0.0167, 0.0735, 0.0184, 0.742], [0.0673, 0.0779, 0.0638, 0.093, 0.0163, 0.0886, 0.593], [0.013, 0.0803, 0.0817, 0.0451, 0.0563, 0.0425, 0.6812], [0.0498, 0.0637, 0.0264, 0.0662, 0.0675, 0.0341, 0.6923], [0.0877, 0.0345, 0.0483, 0.0235, 0.0839, 0.0447, 0.6774], [0.0735, 0.034, 0.0621, 0.0563, 0.0223, 0.0461, 0.7057], [0.0769, 0.0523, 0.0364, 0.04, 0.0492, 0.0665, 0.6788], [0.0519, 0.0683, 0.0658, 0.0486, 0.0277, 0.0384, 0.6993], [0.065, 0.0933, 0.0168, 0.0906, 0.027, 0.05, 0.6573], [0.0133, 0.0562, 0.0387, 0.0548, 0.0467, 0.0526, 0.7378], [0.0257, 0.056, 0.0656, 0.0221, 0.044, 0.0704, 0.7161], [0.0556, 0.0645, 0.0431, 0.0536, 0.0857, 0.0253, 0.6722], [0.0201, 0.0747, 0.0735, 0.0533, 0.073, 0.0343, 0.671], [0.0353, 0.0762, 0.0399, 0.021, 0.0525, 0.0512, 0.7239], [0.0267, 0.0261, 0.0711, 0.0377, 0.059, 0.0233, 0.7561], [0.0347, 0.0226, 0.0696, 0.0637, 0.06, 0.083, 0.6665], [0.0692, 0.0378, 0.0639, 0.0378, 0.0618, 0.0677, 0.6618], [0.0284, 0.0688, 0.0136, 0.0351, 0.0426, 0.0534, 0.7581], [0.0165, 0.0654, 0.0464, 0.0279, 0.0615, 0.0229, 0.7595], [0.0742, 0.0421, 0.0572, 0.0263, 0.054, 0.033, 0.7132], [0.0836, 0.0839, 0.0856, 0.0224, 0.0623, 0.0522, 0.6101], [0.0797, 0.0733, 0.0175, 0.0943, 0.0369, 0.0856, 0.6127], [0.0327, 0.0186, 0.0198, 0.0584, 0.0409, 0.0141, 0.8155], [0.0424, 0.0452, 0.0364, 0.0925, 0.048, 0.0532, 0.6823], [0.0796, 0.0749, 0.0324, 0.0725, 0.0833, 0.0181, 0.6392], [0.0633, 0.0523, 0.0736, 0.0606, 0.0621, 0.014, 0.6742], [0.0756, 0.0338, 0.0327, 0.0486, 0.0694, 0.0425, 0.6974], [0.0358, 0.0609, 0.0744, 0.0231, 0.0612, 0.0666, 0.678], [0.0324, 0.0122, 0.076, 0.0374, 0.0469, 0.0228, 0.7724], [0.0242, 0.0564, 0.0407, 0.0425, 0.0659, 0.0686, 0.7017], [0.038, 0.0392, 0.0228, 0.044, 0.0134, 0.0679, 0.7747], [0.0298, 0.0305, 0.0746, 0.0496, 0.0752, 0.0763, 0.6638], [0.0625, 0.024, 0.0458, 0.0198, 0.0583, 0.056, 0.7336], [0.033, 0.0441, 0.0552, 0.0253, 0.0231, 0.0445, 0.7749], [0.0289, 0.0686, 0.0258, 0.0416, 0.1108, 0.0235, 0.7008], [0.0607, 0.0195, 0.0769, 0.0451, 0.0402, 0.0544, 0.7032], [0.0749, 0.0444, 0.0641, 0.0535, 0.0125, 0.0494, 0.7012], [0.0789, 0.0258, 0.0548, 0.0543, 0.0384, 0.0759, 0.6718], [0.0366, 0.063, 0.0114, 0.026, 0.0705, 0.0659, 0.7267], [0.0517, 0.0372, 0.0444, 0.0842, 0.0893, 0.0531, 0.6401], [0.0753, 0.0361, 0.0479, 0.0804, 0.0426, 0.0743, 0.6434], [0.0357, 0.0569, 0.026, 0.052, 0.0433, 0.0449, 0.7413], [0.0692, 0.0772, 0.0712, 0.067, 0.0842, 0.0542, 0.5771], [0.0518, 0.0192, 0.0713, 0.077, 0.044, 0.0188, 0.718], [0.0514, 0.017, 0.0653, 0.0218, 0.0677, 0.0549, 0.7218], [0.0688, 0.0725, 0.054, 0.0179, 0.0671, 0.0553, 0.6644], [0.0476, 0.0425, 0.0277, 0.0395, 0.0765, 0.0658, 0.7005], [0.0678, 0.0731, 0.0629, 0.0272, 0.0167, 0.021, 0.7312], [0.0246, 0.0313, 0.0826, 0.0626, 0.0959, 0.018, 0.685], [0.0228, 0.0883, 0.0896, 0.0214, 0.0447, 0.0699, 0.6634], [0.0238, 0.0208, 0.0759, 0.0844, 0.0232, 0.0246, 0.7474]], "emotions": ["purple", "purple", "purple", "purple", "purple", "purple", "purple", "purple", "purple", "purple", "purple", "purple", "purple", "purple", "purple", "purple", "purple", "purple", "purple", "purple", "purple", "purple", "purple", "purple", "purple", "purple", "purple", "purple", "purple", "purple", "purple", "purple", "purple", "purple", "purple", "purple", "purple", "purple", "purple", "purple", "purple", "purple", "purple", "purple", "purple", "purple", "purple", "purple", "purple", "purple", "purple", "purple", "purple", "purple", "purple", "purple", "purple", "purple", "purple", "purple", "purple", "purple", "purple", "purple", "purple", "purple", "purple", "purple", "purple", "purple", "purple", "purple", "purple", "purple", "purple", "purple", "purple", "purple", "purple", "purple"], "timestamps": [0, 40, 80, 120, 160, 200, 240, 280, 320, 360, 400, 440, 480, 520, 560, 600, 640, 680, 720, 760, 800, 840, 880, 920, 960, 1000, 1040, 1080, 1120, 1160, 1200, 1240, 1280, 1320, 1360, 1400, 1440, 1480, 1520, 1560, 1600, 1640, 1680, 1720, 1760, 1800, 1840, 1880, 1920, 1960, 2000, 2040, 2080, 2120, 2160, 2200, 2240, 2280, 2320, 2360, 2400, 2440, 2480, 2520, 2560, 2600, 2640, 2680, 2720, 2760, 2800, 2840, 2880, 2920, 2960, 3000, 3040, 3080, 3120, 3160]}], "conversation": [], "conversation_timestamps": []}