{"agent_id": "agent-purple-1289", "type": "purple", "trips": [{"trip_id": 0, "transport_method": "bus", "start_time": 0, "path": [[1.5197452, 42.5328548], [1.5198921, 42.5333293], [1.5198693, 42.5341006], [1.5205292, 42.5345577], [1.5212562, 42.5349035], [1.5220053, 42.5348606], [1.5225124, 42.5354913], [1.52304, 42.5361072], [1.5236248, 42.536531], [1.5244131, 42.5367028], [1.5249963, 42.5369096], [1.5251862, 42.5375238], [1.5244073, 42.5375683], [1.5236722, 42.5379032], [1.5231515, 42.5384319], [1.5231481, 42.5392361], [1.5232248, 42.5400409], [1.5235051, 42.5407759], [1.5233314, 42.5409563], [1.5229114, 42.5416353], [1.5229305, 42.5424224], [1.5231093, 42.543197], [1.5234559, 42.5439243], [1.5238263, 42.5446432], [1.5241685, 42.545366], [1.5245645, 42.5460745], [1.5247123, 42.5468168], [1.5246982, 42.5476242], [1.5251909, 42.5482545], [1.5254517, 42.5490167], [1.5258724, 42.5497119], [1.526293, 42.5504072], [1.5266726, 42.5510398], [1.5262025, 42.550377], [1.525775, 42.5496879], [1.5254134, 42.5489603], [1.5256421, 42.5496938], [1.5258858, 42.550469], [1.5261294, 42.5512443], [1.5265037, 42.551941], [1.5266991, 42.5527199], [1.5271393, 42.5533834], [1.5277194, 42.5539512], [1.5281368, 42.5545752], [1.5285945, 42.5552384], [1.5292582, 42.5556754], [1.5295686, 42.5564209], [1.5302989, 42.5567438], [1.530992, 42.5571446], [1.5316618, 42.5575975], [1.5318463, 42.5581446], [1.5316172, 42.5587942], [1.5311184, 42.5594114], [1.5306947, 42.5601042], [1.5301876, 42.5607344], [1.5294369, 42.5610008], [1.5287157, 42.5613659], [1.5282795, 42.5620179], [1.5278647, 42.5626558], [1.5273645, 42.5631442], [1.5267257, 42.5634398], [1.5260435, 42.5638021], [1.5254033, 42.5643026], [1.5247721, 42.5648143], [1.5242495, 42.5654326], [1.5238023, 42.5661089], [1.5234361, 42.5668276], [1.5230402, 42.567525], [1.5223352, 42.5679173], [1.5217193, 42.5684399], [1.5211875, 42.5690457], [1.5210556, 42.5698446], [1.5209413, 42.5706484], [1.5205144, 42.5713329], [1.5199099, 42.5718707], [1.5192514, 42.5723468], [1.5187741, 42.5729651], [1.5184475, 42.5735567], [1.518558, 42.5743135], [1.5185578, 42.5743142]], "mood_vectors": [[0.0646, 0.0274, 0.0115, 0.0274, 0.0243, 0.7755, 0.0692], [0.0733, 0.0652, 0.0828, 0.0664, 0.0504, 0.6161, 0.0458], [0.0659, 0.0813, 0.0705, 0.0853, 0.0231, 0.6262, 0.0477], [0.0412, 0.0453, 0.0675, 0.0542, 0.0152, 0.7611, 0.0156], [0.0675, 0.0383, 0.0786, 0.0478, 0.0385, 0.6965, 0.0328], [0.0997, 0.0705, 0.0205, 0.0548, 0.0594, 0.6612, 0.0339], [0.025, 0.0533, 0.0703, 0.0644, 0.0221, 0.7039, 0.0609], [0.0283, 0.064, 0.0473, 0.0652, 0.0778, 0.6819, 0.0356], [0.025, 0.0785, 0.0775, 0.043, 0.0728, 0.6263, 0.0769], [0.0787, 0.0504, 0.0381, 0.0557, 0.0224, 0.7018, 0.0528], [0.0405, 0.0213, 0.0334, 0.0215, 0.0446, 0.7783, 0.0603], [0.0134, 0.031, 0.0545, 0.0617, 0.018, 0.797, 0.0243], [0.084, 0.0858, 0.0144, 0.0243, 0.0364, 0.7078, 0.0474], [0.0185, 0.0508, 0.0741, 0.0125, 0.0253, 0.7769, 0.0419], [0.0686, 0.0295, 0.0335, 0.0554, 0.0417, 0.7212, 0.0502], [0.0398, 0.0816, 0.0371, 0.0434, 0.0348, 0.6842, 0.0791], [0.0792, 0.0129, 0.0157, 0.055, 0.0405, 0.7162, 0.0805], [0.0387, 0.0382, 0.0722, 0.0491, 0.0225, 0.7336, 0.0456], [0.0708, 0.0665, 0.0376, 0.0308, 0.0457, 0.6934, 0.0552], [0.0447, 0.0457, 0.0322, 0.0745, 0.076, 0.688, 0.0389], [0.0199, 0.0397, 0.0266, 0.0365, 0.081, 0.7119, 0.0844], [0.0498, 0.0376, 0.0635, 0.0766, 0.0191, 0.7292, 0.0243], [0.0416, 0.0597, 0.0692, 0.0655, 0.056, 0.6348, 0.073], [0.0121, 0.078, 0.0504, 0.0729, 0.072, 0.6896, 0.025], [0.0526, 0.0634, 0.0177, 0.0887, 0.0699, 0.6772, 0.0304], [0.0317, 0.0467, 0.0178, 0.0266, 0.0387, 0.7779, 0.0605], [0.0364, 0.0647, 0.0715, 0.012, 0.0293, 0.7326, 0.0535], [0.0299, 0.0313, 0.0714, 0.0698, 0.0561, 0.7257, 0.0158], [0.0635, 0.0674, 0.0161, 0.0421, 0.0699, 0.7187, 0.0223], [0.0517, 0.0392, 0.051, 0.0742, 0.0571, 0.6818, 0.0449], [0.0402, 0.0532, 0.053, 0.0253, 0.0601, 0.7131, 0.0551], [0.0597, 0.0698, 0.0625, 0.0299, 0.0781, 0.6382, 0.0617], [0.0427, 0.0756, 0.0296, 0.0667, 0.0131, 0.7136, 0.0586], [0.0722, 0.0519, 0.0546, 0.0694, 0.0463, 0.6709, 0.0348], [0.0178, 0.0228, 0.0745, 0.0832, 0.0536, 0.709, 0.039], [0.0742, 0.0509, 0.0316, 0.0883, 0.0809, 0.5934, 0.0807], [0.0496, 0.0385, 0.0573, 0.0754, 0.0155, 0.6704, 0.0933], [0.0376, 0.0403, 0.0255, 0.0441, 0.0848, 0.7485, 0.0192], [0.0489, 0.0707, 0.0252, 0.0225, 0.0599, 0.7105, 0.0623], [0.0516, 0.0586, 0.0754, 0.0596, 0.0378, 0.6607, 0.0565], [0.0163, 0.0627, 0.0513, 0.0164, 0.0183, 0.807, 0.028], [0.0351, 0.0454, 0.0525, 0.067, 0.0419, 0.7424, 0.0157], [0.0246, 0.0164, 0.0453, 0.0612, 0.0165, 0.803, 0.033], [0.0302, 0.087, 0.0827, 0.0403, 0.0349, 0.7053, 0.0196], [0.0725, 0.0183, 0.0852, 0.0206, 0.0724, 0.704, 0.027], [0.0886, 0.0926, 0.0563, 0.0762, 0.0191, 0.6398, 0.0274], [0.0329, 0.0404, 0.0316, 0.0682, 0.0532, 0.7448, 0.029], [0.0424, 0.0653, 0.0284, 0.0413, 0.0581, 0.7068, 0.0577], [0.0566, 0.0746, 0.0882, 0.07, 0.0881, 0.5877, 0.0348], [0.0768, 0.0529, 0.0824, 0.054, 0.017, 0.6553, 0.0617], [0.0138, 0.0725, 0.0372, 0.0706, 0.0198, 0.745, 0.0412], [0.0776, 0.0435, 0.0672, 0.0561, 0.0195, 0.7152, 0.0209], [0.0136, 0.033, 0.0489, 0.0531, 0.0581, 0.7345, 0.0588], [0.0607, 0.0876, 0.0208, 0.0322, 0.0858, 0.6909, 0.022], [0.0635, 0.0386, 0.0609, 0.0535, 0.0289, 0.7056, 0.0492], [0.0543, 0.0399, 0.074, 0.0602, 0.0508, 0.6587, 0.0622], [0.0734, 0.0386, 0.0775, 0.0322, 0.0444, 0.6696, 0.0643], [0.03, 0.0554, 0.0639, 0.0206, 0.046, 0.7086, 0.0756], [0.0339, 0.0173, 0.0276, 0.0568, 0.0537, 0.7422, 0.0686], [0.0353, 0.0837, 0.075, 0.0282, 0.084, 0.6694, 0.0244], [0.0761, 0.0716, 0.0496, 0.0396, 0.0544, 0.6752, 0.0336], [0.0742, 0.0228, 0.0167, 0.069, 0.0715, 0.7031, 0.0428], [0.0702, 0.042, 0.0178, 0.0192, 0.0334, 0.7713, 0.0461], [0.0252, 0.0504, 0.0197, 0.0216, 0.0753, 0.7348, 0.0731], [0.0554, 0.0705, 0.0302, 0.0138, 0.0666, 0.6873, 0.0761], [0.0496, 0.0514, 0.0526, 0.0467, 0.0634, 0.6694, 0.0669], [0.0747, 0.03, 0.0686, 0.0318, 0.0732, 0.6513, 0.0703], [0.0249, 0.0209, 0.062, 0.0649, 0.0568, 0.7217, 0.0487], [0.0453, 0.016, 0.0242, 0.0167, 0.0499, 0.7676, 0.0802], [0.0708, 0.0522, 0.017, 0.0584, 0.0599, 0.723, 0.0187], [0.0626, 0.0393, 0.0461, 0.0735, 0.0266, 0.6917, 0.0602], [0.0275, 0.0334, 0.0197, 0.0591, 0.0858, 0.7303, 0.0442], [0.0605, 0.0634, 0.0559, 0.0421, 0.0312, 0.7065, 0.0404], [0.0765, 0.0674, 0.0498, 0.0135, 0.0335, 0.7045, 0.0548], [0.0183, 0.0234, 0.083, 0.0818, 0.0637, 0.7049, 0.0248], [0.1071, 0.0247, 0.0391, 0.0407, 0.035, 0.6689, 0.0844], [0.0363, 0.0764, 0.0548, 0.0833, 0.0419, 0.6851, 0.0221], [0.0575, 0.0582, 0.0466, 0.0562, 0.0502, 0.7133, 0.0181], [0.0704, 0.0309, 0.0697, 0.0801, 0.0509, 0.6496, 0.0484], [0.0526, 0.0188, 0.098, 0.0718, 0.0393, 0.6668, 0.0528]], "emotions": ["purple", "purple", "purple", "purple", "purple", "purple", "purple", "purple", "purple", "purple", "purple", "purple", "purple", "purple", "purple", "purple", "purple", "purple", "purple", "purple", "purple", "purple", "purple", "purple", "purple", "purple", "purple", "purple", "purple", "purple", "purple", "purple", "purple", "purple", "purple", "purple", "purple", "purple", "purple", "purple", "purple", "purple", "purple", "purple", "purple", "purple", "purple", "purple", "purple", "purple", "purple", "purple", "purple", "purple", "purple", "purple", "purple", "purple", "purple", "purple", "purple", "purple", "purple", "purple", "purple", "purple", "purple", "purple", "purple", "purple", "purple", "purple", "purple", "purple", "purple", "purple", "purple", "purple", "purple", "purple"], "timestamps": [0, 40, 80, 120, 160, 200, 240, 280, 320, 360, 400, 440, 480, 520, 560, 600, 640, 680, 720, 760, 800, 840, 880, 920, 960, 1000, 1040, 1080, 1120, 1160, 1200, 1240, 1280, 1320, 1360, 1400, 1440, 1480, 1520, 1560, 1600, 1640, 1680, 1720, 1760, 1800, 1840, 1880, 1920, 1960, 2000, 2040, 2080, 2120, 2160, 2200, 2240, 2280, 2320, 2360, 2400, 2440, 2480, 2520, 2560, 2600, 2640, 2680, 2720, 2760, 2800, 2840, 2880, 2920, 2960, 3000, 3040, 3080, 3120, 3160]}], "conversation": [], "conversation_timestamps": []}