{"agent_id": "agent-orange-213", "type": "orange", "trips": [{"trip_id": 0, "transport_method": "bicycle", "start_time": 0, "path": [[1.5289065, 42.5061705], [1.5296032, 42.5065739], [1.5302414, 42.5070883], [1.5297612, 42.5076771], [1.5293992, 42.5082787], [1.5292816, 42.5082378], [1.5288747, 42.5088254], [1.5282778, 42.5091311], [1.5288593, 42.5097173], [1.5294559, 42.5102618], [1.5294459, 42.510966], [1.5300033, 42.5115467], [1.5307739, 42.5118247], [1.5308165, 42.512518], [1.5303673, 42.5132094], [1.5303547, 42.5140142], [1.5299798, 42.5146499], [1.5293829, 42.5151955], [1.5288451, 42.5158117], [1.5281293, 42.516225], [1.5274136, 42.5166384], [1.5266978, 42.5170517], [1.5265499, 42.5170931], [1.5272898, 42.5167751], [1.528017, 42.5164209], [1.528723, 42.5160027], [1.5284761, 42.5160565], [1.5277831, 42.5165069], [1.52709, 42.5169572], [1.5263969, 42.5174076], [1.5257038, 42.517858], [1.5250108, 42.5183084], [1.5249405, 42.5183735], [1.5255605, 42.51783], [1.526201, 42.5173396], [1.5256844, 42.5177369], [1.5250121, 42.5182177], [1.5243487, 42.5187101], [1.5239023, 42.5193137], [1.5237785, 42.5201302], [1.5234464, 42.5208863], [1.5229621, 42.5215408], [1.5222859, 42.5220137], [1.5218366, 42.5226937], [1.5214902, 42.5234337], [1.5209661, 42.5240721], [1.5206317, 42.5248186], [1.5207872, 42.5256146], [1.5206616, 42.5264165], [1.5205834, 42.5272148], [1.5209745, 42.5279091], [1.5212885, 42.5286191], [1.52181, 42.5292015], [1.5216912, 42.5297799], [1.5212556, 42.5304434], [1.521127, 42.531065], [1.5209493, 42.5318154], [1.5213488, 42.532538], [1.521049, 42.5332607], [1.5208757, 42.5338587], [1.5213073, 42.5345207], [1.5220372, 42.534891], [1.5225462, 42.5355383], [1.5230886, 42.5361601], [1.5237018, 42.5365687], [1.5245103, 42.5367252], [1.5250278, 42.5370015], [1.5250808, 42.537593], [1.524271, 42.5376059], [1.5235442, 42.5379909], [1.5231185, 42.5385964], [1.523149, 42.5394185], [1.5232444, 42.540236], [1.523502, 42.5406959], [1.5232286, 42.5411463], [1.5228328, 42.5418584], [1.52291, 42.5426743], [1.5223692, 42.5431555], [1.5219764, 42.5437628], [1.521391, 42.5442591]], "mood_vectors": [[0.048, 0.0245, 0.0245, 0.0918, 0.6838, 0.1098, 0.0177], [0.0911, 0.0642, 0.0157, 0.0504, 0.642, 0.0415, 0.0951], [0.0362, 0.0531, 0.0651, 0.0421, 0.6923, 0.0802, 0.0309], [0.0654, 0.0606, 0.0667, 0.0628, 0.6753, 0.0573, 0.0118], [0.0292, 0.0137, 0.0528, 0.0252, 0.774, 0.0334, 0.0717], [0.0728, 0.0119, 0.0523, 0.0136, 0.7502, 0.0617, 0.0375], [0.018, 0.0509, 0.0675, 0.0473, 0.7415, 0.058, 0.0169], [0.031, 0.0344, 0.0825, 0.0274, 0.7198, 0.0297, 0.0752], [0.0625, 0.0388, 0.0468, 0.0185, 0.7396, 0.0693, 0.0246], [0.0243, 0.0811, 0.0424, 0.0238, 0.7349, 0.0339, 0.0595], [0.0858, 0.0725, 0.0607, 0.0434, 0.6152, 0.0326, 0.0899], [0.0733, 0.0296, 0.0508, 0.0719, 0.6173, 0.0946, 0.0625], [0.0525, 0.0817, 0.0595, 0.0854, 0.5991, 0.0453, 0.0765], [0.0908, 0.046, 0.0146, 0.0935, 0.7058, 0.0221, 0.0271], [0.0346, 0.0146, 0.0553, 0.0701, 0.7385, 0.017, 0.0699], [0.08, 0.0228, 0.0491, 0.0512, 0.6777, 0.1019, 0.0172], [0.0558, 0.0614, 0.0438, 0.093, 0.6526, 0.0471, 0.0463], [0.0732, 0.0791, 0.0538, 0.0775, 0.6716, 0.021, 0.0237], [0.0538, 0.0641, 0.0605, 0.0994, 0.6714, 0.0202, 0.0306], [0.019, 0.0197, 0.0628, 0.0559, 0.6826, 0.0904, 0.0697], [0.0291, 0.0458, 0.0769, 0.0685, 0.6982, 0.048, 0.0334], [0.0533, 0.0383, 0.0347, 0.082, 0.6401, 0.0713, 0.0803], [0.0611, 0.0674, 0.0559, 0.0577, 0.6763, 0.0454, 0.0362], [0.0677, 0.0512, 0.0282, 0.0777, 0.7428, 0.016, 0.0164], [0.0315, 0.0383, 0.0358, 0.0759, 0.6762, 0.0612, 0.0811], [0.0649, 0.0686, 0.0438, 0.0718, 0.6553, 0.0369, 0.0587], [0.0401, 0.0238, 0.0421, 0.0782, 0.6994, 0.0812, 0.0353], [0.077, 0.0783, 0.0474, 0.0861, 0.5764, 0.0561, 0.0787], [0.0694, 0.0468, 0.0468, 0.0594, 0.6945, 0.052, 0.031], [0.0294, 0.0252, 0.0732, 0.0825, 0.6994, 0.0641, 0.0261], [0.0572, 0.0535, 0.0187, 0.0134, 0.7809, 0.0142, 0.0622], [0.0432, 0.0393, 0.0683, 0.0375, 0.7131, 0.0595, 0.0392], [0.0666, 0.0309, 0.0611, 0.0888, 0.6438, 0.0182, 0.0907], [0.0346, 0.0285, 0.053, 0.0228, 0.7581, 0.0431, 0.0599], [0.0738, 0.0446, 0.0122, 0.0373, 0.7125, 0.0412, 0.0784], [0.0633, 0.0588, 0.0694, 0.0458, 0.7052, 0.0236, 0.0339], [0.0306, 0.0848, 0.0593, 0.0404, 0.6886, 0.0711, 0.0252], [0.0154, 0.0431, 0.0647, 0.0422, 0.6699, 0.0796, 0.085], [0.066, 0.0595, 0.0423, 0.0545, 0.7002, 0.0474, 0.0301], [0.025, 0.0473, 0.0221, 0.048, 0.7883, 0.0304, 0.0389], [0.0482, 0.0287, 0.0321, 0.0184, 0.7584, 0.0604, 0.0538], [0.0152, 0.0754, 0.0441, 0.0416, 0.7375, 0.0431, 0.0431], [0.0546, 0.0841, 0.0523, 0.0259, 0.7171, 0.0479, 0.0181], [0.0307, 0.0288, 0.0723, 0.0711, 0.7021, 0.0426, 0.0523], [0.0844, 0.0697, 0.0206, 0.0836, 0.6973, 0.0227, 0.0217], [0.067, 0.0328, 0.0665, 0.0212, 0.7169, 0.049, 0.0467], [0.0703, 0.0384, 0.0381, 0.0678, 0.7104, 0.013, 0.062], [0.0814, 0.0828, 0.0302, 0.015, 0.6713, 0.0632, 0.0561], [0.0865, 0.0481, 0.0627, 0.0345, 0.637, 0.0704, 0.0609], [0.0925, 0.053, 0.0667, 0.0195, 0.6796, 0.0667, 0.0219], [0.0364, 0.0694, 0.0637, 0.0723, 0.5959, 0.0796, 0.0828], [0.0853, 0.0348, 0.0352, 0.0231, 0.726, 0.0274, 0.0684], [0.0238, 0.0404, 0.0721, 0.0386, 0.6611, 0.0802, 0.0839], [0.0261, 0.083, 0.0819, 0.0454, 0.6446, 0.061, 0.0581], [0.0423, 0.0738, 0.0408, 0.0937, 0.6563, 0.0702, 0.0229], [0.0617, 0.0947, 0.073, 0.0527, 0.6378, 0.0574, 0.0227], [0.0587, 0.0478, 0.043, 0.0405, 0.7595, 0.0153, 0.0353], [0.0189, 0.0692, 0.0555, 0.076, 0.641, 0.0708, 0.0686], [0.0661, 0.0117, 0.079, 0.0641, 0.6893, 0.0198, 0.07], [0.0648, 0.0126, 0.0813, 0.0388, 0.6805, 0.0418, 0.0802], [0.0659, 0.0411, 0.0179, 0.0574, 0.7138, 0.0443, 0.0595], [0.0825, 0.0656, 0.0276, 0.0794, 0.6659, 0.0256, 0.0534], [0.0677, 0.0143, 0.0807, 0.0366, 0.7351, 0.02, 0.0456], [0.0572, 0.0634, 0.0496, 0.0707, 0.7087, 0.0298, 0.0207], [0.04, 0.0233, 0.0474, 0.0714, 0.6882, 0.0497, 0.0801], [0.0881, 0.0637, 0.0473, 0.0262, 0.6682, 0.0351, 0.0714], [0.0273, 0.012, 0.0783, 0.0289, 0.7499, 0.0434, 0.0603], [0.0401, 0.0226, 0.0454, 0.0562, 0.7654, 0.0151, 0.0553], [0.0534, 0.0222, 0.0803, 0.0585, 0.691, 0.0297, 0.0649], [0.0613, 0.0789, 0.0153, 0.0577, 0.6565, 0.0849, 0.0454], [0.0253, 0.071, 0.0579, 0.0164, 0.7073, 0.0932, 0.0288], [0.0247, 0.0789, 0.0287, 0.057, 0.7143, 0.062, 0.0344], [0.0618, 0.0751, 0.0761, 0.0375, 0.6252, 0.0418, 0.0825], [0.0292, 0.0232, 0.0736, 0.041, 0.6945, 0.0671, 0.0715], [0.029, 0.0569, 0.0508, 0.0222, 0.7124, 0.0654, 0.0633], [0.0849, 0.0751, 0.0362, 0.0444, 0.6315, 0.0887, 0.0392], [0.0446, 0.0476, 0.0135, 0.023, 0.7649, 0.0288, 0.0777], [0.0306, 0.0157, 0.0274, 0.0299, 0.76, 0.0879, 0.0485], [0.0578, 0.0341, 0.0483, 0.0426, 0.7042, 0.0397, 0.0733], [0.0193, 0.0166, 0.0333, 0.0696, 0.77, 0.0741, 0.0172]], "emotions": ["red", "red", "red", "red", "red", "red", "red", "red", "red", "red", "red", "red", "red", "red", "red", "red", "red", "red", "red", "red", "red", "red", "red", "red", "red", "red", "red", "red", "red", "red", "red", "red", "red", "red", "red", "red", "red", "red", "red", "red", "red", "red", "red", "red", "red", "red", "red", "red", "red", "red", "red", "red", "red", "red", "red", "red", "red", "red", "red", "red", "red", "red", "red", "red", "red", "red", "red", "red", "red", "red", "red", "red", "red", "red", "red", "red", "red", "red", "red", "red"], "timestamps": [0, 40, 80, 120, 160, 200, 240, 280, 320, 360, 400, 440, 480, 520, 560, 600, 640, 680, 720, 760, 800, 840, 880, 920, 960, 1000, 1040, 1080, 1120, 1160, 1200, 1240, 1280, 1320, 1360, 1400, 1440, 1480, 1520, 1560, 1600, 1640, 1680, 1720, 1760, 1800, 1840, 1880, 1920, 1960, 2000, 2040, 2080, 2120, 2160, 2200, 2240, 2280, 2320, 2360, 2400, 2440, 2480, 2520, 2560, 2600, 2640, 2680, 2720, 2760, 2800, 2840, 2880, 2920, 2960, 3000, 3040, 3080, 3120, 3160]}], "conversation": [], "conversation_timestamps": []}