{"agent_id": "agent-blue-710", "type": "blue", "trips": [{"trip_id": 0, "transport_method": "bicycle", "start_time": 0, "path": [[1.5210901, 42.5053891], [1.5209214, 42.5053694], [1.5207527, 42.5053498], [1.5205839, 42.5053302], [1.5204152, 42.5053106], [1.5202464, 42.5052909], [1.5200777, 42.5052713], [1.519909, 42.5052517], [1.5198996, 42.5052462], [1.5200692, 42.5052566], [1.5202388, 42.5052669], [1.5204083, 42.5052773], [1.5205779, 42.5052877], [1.5207474, 42.5052981], [1.520917, 42.5053084], [1.5210865, 42.5053188], [1.5211883, 42.5052209], [1.5212324, 42.5050569], [1.521293, 42.5049069], [1.5214585, 42.5049026], [1.5216256, 42.5049317], [1.5217929, 42.5049605], [1.5219524, 42.5049243], [1.5220979, 42.5048366], [1.5220917, 42.5050063], [1.5220822, 42.5051759], [1.5220725, 42.5053455], [1.5220628, 42.5055151], [1.5220232, 42.505677], [1.5219496, 42.5058301], [1.5218759, 42.5059831], [1.5218023, 42.5061362], [1.5217347, 42.5062917], [1.5216852, 42.5064542], [1.5216326, 42.5066153], [1.5217329, 42.5067168], [1.5218914, 42.5067777], [1.52205, 42.5068387], [1.5222109, 42.5068278], [1.5223259, 42.5068554], [1.5223847, 42.5070062], [1.5224696, 42.5071499], [1.5224945, 42.5073175], [1.5225124, 42.5074864], [1.5226418, 42.5075827], [1.5227908, 42.5076625], [1.5229565, 42.5076994], [1.5231208, 42.5077425], [1.5232852, 42.5077856], [1.5233174, 42.507832], [1.5231884, 42.5079179], [1.5231381, 42.5080802], [1.5231378, 42.5082262], [1.523274, 42.5083277], [1.5234102, 42.5084293], [1.5235475, 42.5085019], [1.5236885, 42.5085935], [1.5238377, 42.5086748], [1.5237956, 42.5088189], [1.5238735, 42.508827], [1.5240239, 42.5087948], [1.5241657, 42.5088869], [1.524329, 42.5089309], [1.5244987, 42.5089261], [1.5246603, 42.5089684], [1.5248295, 42.5089584], [1.5249991, 42.5089502], [1.5251676, 42.5089716], [1.5253268, 42.5089878], [1.5254869, 42.5089417], [1.5256559, 42.508951], [1.5258237, 42.5089767], [1.5259878, 42.5090204], [1.526146, 42.5090816], [1.5262973, 42.5091581], [1.5264408, 42.509249], [1.5265924, 42.5093251], [1.5267551, 42.5093727], [1.5269207, 42.5094104], [1.5270885, 42.5094371]], "mood_vectors": [[0.0295, 0.023, 0.0155, 0.7399, 0.0621, 0.0704, 0.0595], [0.083, 0.0407, 0.015, 0.7346, 0.014, 0.0883, 0.0244], [0.0871, 0.0677, 0.0193, 0.7219, 0.0432, 0.0313, 0.0296], [0.0424, 0.0425, 0.0576, 0.6626, 0.0509, 0.0878, 0.0561], [0.042, 0.0448, 0.065, 0.7172, 0.0579, 0.0595, 0.0135], [0.0472, 0.0434, 0.0787, 0.6747, 0.0857, 0.0407, 0.0297], [0.0399, 0.015, 0.0769, 0.7233, 0.0178, 0.0516, 0.0755], [0.0632, 0.056, 0.0428, 0.7456, 0.0512, 0.0214, 0.0198], [0.0285, 0.0562, 0.0165, 0.6953, 0.0679, 0.0579, 0.0778], [0.0239, 0.0593, 0.017, 0.7638, 0.039, 0.0587, 0.0382], [0.043, 0.0396, 0.0603, 0.6251, 0.06, 0.081, 0.0911], [0.0555, 0.0914, 0.0228, 0.6469, 0.0475, 0.0943, 0.0416], [0.0314, 0.0343, 0.0554, 0.6817, 0.1001, 0.0534, 0.0436], [0.0274, 0.0296, 0.0655, 0.7088, 0.0547, 0.045, 0.069], [0.0432, 0.062, 0.0912, 0.7099, 0.0226, 0.0485, 0.0226], [0.0738, 0.0795, 0.0774, 0.6397, 0.0155, 0.0429, 0.0713], [0.0328, 0.0702, 0.0314, 0.6948, 0.0407, 0.0613, 0.0687], [0.0813, 0.0392, 0.0354, 0.6306, 0.0522, 0.0834, 0.0779], [0.075, 0.0649, 0.0804, 0.6496, 0.0506, 0.0471, 0.0325], [0.018, 0.0626, 0.068, 0.7228, 0.0368, 0.0272, 0.0646], [0.0471, 0.0244, 0.0555, 0.7318, 0.0585, 0.014, 0.0687], [0.0371, 0.0872, 0.0282, 0.6784, 0.017, 0.0686, 0.0836], [0.0362, 0.0529, 0.0167, 0.7373, 0.0511, 0.0305, 0.0753], [0.0408, 0.0373, 0.0318, 0.781, 0.0249, 0.0144, 0.0698], [0.0215, 0.0766, 0.0668, 0.6646, 0.0503, 0.0834, 0.0368], [0.0737, 0.0906, 0.0185, 0.6687, 0.0673, 0.0558, 0.0253], [0.0352, 0.0207, 0.0581, 0.7614, 0.0481, 0.0289, 0.0475], [0.0674, 0.0406, 0.0441, 0.7296, 0.047, 0.0429, 0.0285], [0.0194, 0.0571, 0.0493, 0.7472, 0.0174, 0.0439, 0.0658], [0.0223, 0.0209, 0.0374, 0.7886, 0.0572, 0.0186, 0.055], [0.0434, 0.0333, 0.0467, 0.7328, 0.0179, 0.0426, 0.0832], [0.0397, 0.0807, 0.0261, 0.7439, 0.0339, 0.0299, 0.0459], [0.0362, 0.0408, 0.0106, 0.7161, 0.0692, 0.0595, 0.0676], [0.0513, 0.0404, 0.0579, 0.5932, 0.0893, 0.0877, 0.0802], [0.0757, 0.0435, 0.027, 0.7033, 0.05, 0.0763, 0.0243], [0.0603, 0.0434, 0.0958, 0.6306, 0.0615, 0.072, 0.0364], [0.0596, 0.0533, 0.0268, 0.7044, 0.0143, 0.0639, 0.0777], [0.0658, 0.0487, 0.019, 0.7041, 0.0702, 0.0679, 0.0243], [0.0213, 0.0832, 0.0683, 0.7021, 0.0271, 0.0708, 0.0272], [0.0311, 0.0752, 0.0802, 0.6563, 0.0511, 0.0242, 0.0818], [0.0488, 0.0566, 0.0672, 0.7448, 0.023, 0.0202, 0.0394], [0.0451, 0.0341, 0.0365, 0.8035, 0.0231, 0.0437, 0.0139], [0.0299, 0.08, 0.0564, 0.6498, 0.0514, 0.0836, 0.0489], [0.0583, 0.0686, 0.0692, 0.7047, 0.0249, 0.0261, 0.0483], [0.0522, 0.05, 0.0713, 0.661, 0.0766, 0.0517, 0.037], [0.0729, 0.0672, 0.0565, 0.6047, 0.0571, 0.0649, 0.0766], [0.0589, 0.0585, 0.0331, 0.7533, 0.0496, 0.0169, 0.0296], [0.0569, 0.0562, 0.0188, 0.6875, 0.0269, 0.0731, 0.0807], [0.0244, 0.0351, 0.0422, 0.7086, 0.0361, 0.0793, 0.0743], [0.0538, 0.0704, 0.0518, 0.6559, 0.0867, 0.0418, 0.0395], [0.0782, 0.0535, 0.053, 0.6431, 0.0565, 0.0526, 0.063], [0.0533, 0.0624, 0.0605, 0.7153, 0.0536, 0.0277, 0.0272], [0.0362, 0.0735, 0.0531, 0.7177, 0.0679, 0.0328, 0.0188], [0.105, 0.0361, 0.0166, 0.7113, 0.0625, 0.0259, 0.0426], [0.0622, 0.042, 0.0502, 0.7241, 0.0427, 0.0608, 0.0179], [0.0824, 0.0598, 0.0206, 0.6728, 0.054, 0.0919, 0.0184], [0.0789, 0.013, 0.0471, 0.6686, 0.0761, 0.0835, 0.0329], [0.0524, 0.0178, 0.0428, 0.7306, 0.0492, 0.0364, 0.0709], [0.0261, 0.0644, 0.0574, 0.7179, 0.0252, 0.0699, 0.0391], [0.0137, 0.0815, 0.0929, 0.6402, 0.0605, 0.0235, 0.0877], [0.0193, 0.0207, 0.0709, 0.7343, 0.0826, 0.0496, 0.0225], [0.0552, 0.0223, 0.0454, 0.6938, 0.0838, 0.0303, 0.0691], [0.0151, 0.0233, 0.0389, 0.7505, 0.0635, 0.0307, 0.078], [0.037, 0.0623, 0.0828, 0.6727, 0.0456, 0.0478, 0.0518], [0.0868, 0.0326, 0.0529, 0.7169, 0.013, 0.0683, 0.0294], [0.0769, 0.0446, 0.0869, 0.6241, 0.0838, 0.0459, 0.0378], [0.0296, 0.0833, 0.047, 0.6362, 0.084, 0.0656, 0.0543], [0.0624, 0.0627, 0.0869, 0.6207, 0.0662, 0.0585, 0.0427], [0.0544, 0.0817, 0.0586, 0.6808, 0.0155, 0.0802, 0.0288], [0.0335, 0.0829, 0.0903, 0.6435, 0.0614, 0.0451, 0.0433], [0.0704, 0.0289, 0.0601, 0.7127, 0.0397, 0.0296, 0.0586], [0.0379, 0.0321, 0.06, 0.7078, 0.0794, 0.045, 0.0378], [0.0684, 0.0504, 0.0676, 0.642, 0.05, 0.0453, 0.0764], [0.026, 0.0224, 0.0295, 0.7591, 0.0253, 0.0589, 0.0787], [0.0218, 0.0214, 0.0313, 0.7653, 0.0268, 0.0623, 0.0711], [0.0253, 0.0574, 0.0709, 0.6586, 0.0608, 0.083, 0.0439], [0.041, 0.0877, 0.0797, 0.6515, 0.084, 0.0351, 0.0211], [0.0387, 0.0682, 0.0541, 0.7238, 0.0667, 0.0345, 0.0141], [0.0877, 0.0367, 0.048, 0.6749, 0.0385, 0.0855, 0.0286], [0.0634, 0.0671, 0.0569, 0.648, 0.0393, 0.0671, 0.0581]], "emotions": ["green", "green", "green", "green", "green", "green", "green", "green", "green", "green", "green", "green", "green", "green", "green", "green", "green", "green", "green", "green", "green", "green", "green", "green", "green", "green", "green", "green", "green", "green", "green", "green", "green", "green", "green", "green", "green", "green", "green", "green", "green", "green", "green", "green", "green", "green", "green", "green", "green", "green", "green", "green", "green", "green", "green", "green", "green", "green", "green", "green", "green", "green", "green", "green", "green", "green", "green", "green", "green", "green", "green", "green", "green", "green", "green", "green", "green", "green", "green", "green"], "timestamps": [0, 40, 80, 120, 160, 200, 240, 280, 320, 360, 400, 440, 480, 520, 560, 600, 640, 680, 720, 760, 800, 840, 880, 920, 960, 1000, 1040, 1080, 1120, 1160, 1200, 1240, 1280, 1320, 1360, 1400, 1440, 1480, 1520, 1560, 1600, 1640, 1680, 1720, 1760, 1800, 1840, 1880, 1920, 1960, 2000, 2040, 2080, 2120, 2160, 2200, 2240, 2280, 2320, 2360, 2400, 2440, 2480, 2520, 2560, 2600, 2640, 2680, 2720, 2760, 2800, 2840, 2880, 2920, 2960, 3000, 3040, 3080, 3120, 3160]}], "conversation": [], "conversation_timestamps": []}