{"agent_id": "agent-orange-888", "type": "orange", "trips": [{"trip_id": 0, "transport_method": "car", "start_time": 0, "path": [[1.6631756, 42.5775691], [1.6602397, 42.5775809], [1.6582163, 42.578011], [1.6568757, 42.5781098], [1.6539514, 42.5777551], [1.6532462, 42.5779671], [1.6517769, 42.5783239], [1.6491241, 42.5795512], [1.6482331, 42.579933], [1.6453061, 42.5797909], [1.6422989, 42.5795055], [1.6393658, 42.5789793], [1.6364086, 42.5786595], [1.6361387, 42.5785931], [1.6353402, 42.5784282], [1.6323593, 42.5782588], [1.6294439, 42.5781206], [1.6266122, 42.5774986], [1.6265451, 42.5777731], [1.625025, 42.576439], [1.6221976, 42.5754513], [1.6195396, 42.5742035], [1.6168132, 42.5730309], [1.6140659, 42.5721864], [1.6111739, 42.5715276], [1.6082178, 42.571231], [1.6060868, 42.5706189], [1.6042603, 42.5685501], [1.601538, 42.5673726], [1.6009821, 42.5665397], [1.5998133, 42.5659867], [1.5974998, 42.5644884], [1.5945905, 42.563887], [1.5937858, 42.5615341], [1.5932902, 42.5588601], [1.5917274, 42.5569274], [1.5909572, 42.5542225], [1.5916022, 42.5520474], [1.5921943, 42.5491143], [1.5915899, 42.5464475], [1.5917402, 42.5435736], [1.5923891, 42.5408379], [1.591508, 42.5380457], [1.5889467, 42.5365505], [1.5874621, 42.5347792], [1.586087, 42.5340553], [1.5845801, 42.5329184], [1.5819341, 42.5316913], [1.5789112, 42.5318004], [1.5759036, 42.5315333], [1.573425, 42.529964], [1.5747181, 42.5311641], [1.5723611, 42.5293482], [1.5697895, 42.5282208], [1.5711329, 42.5292471], [1.5686151, 42.5275701], [1.5689367, 42.5276643], [1.566784, 42.5262554], [1.5640592, 42.5250592], [1.5616422, 42.523379], [1.5591798, 42.5217008], [1.5570332, 42.5196042], [1.5566244, 42.519171], [1.5549299, 42.517892], [1.5540559, 42.5172884], [1.5533333, 42.5157697], [1.552019, 42.5132744], [1.5494601, 42.5117586], [1.5465786, 42.5109094], [1.5455337, 42.5094287], [1.5425909, 42.5088769], [1.5398865, 42.5099057], [1.5370233, 42.5100323], [1.5340147, 42.5099182], [1.5311517, 42.5095073], [1.5282805, 42.5087025], [1.5253624, 42.5080527], [1.5223978, 42.5077262], [1.5198236, 42.5077278], [1.5182522, 42.5079515]], "mood_vectors": [[0.0348, 0.0403, 0.0512, 0.0674, 0.7194, 0.0482, 0.0389], [0.0597, 0.0297, 0.0556, 0.0231, 0.7379, 0.0236, 0.0703], [0.0526, 0.0273, 0.0561, 0.0746, 0.7027, 0.0293, 0.0575], [0.0526, 0.0623, 0.0492, 0.0615, 0.6751, 0.0619, 0.0374], [0.0263, 0.0482, 0.0187, 0.0518, 0.7376, 0.0641, 0.0532], [0.0755, 0.0413, 0.0161, 0.0649, 0.6727, 0.0663, 0.0631], [0.089, 0.0499, 0.0464, 0.0345, 0.6477, 0.0611, 0.0714], [0.0485, 0.0557, 0.0202, 0.072, 0.7129, 0.0267, 0.064], [0.0731, 0.0342, 0.042, 0.0588, 0.7151, 0.0179, 0.0589], [0.0273, 0.0432, 0.0753, 0.0604, 0.7066, 0.0447, 0.0425], [0.0496, 0.0375, 0.0682, 0.0755, 0.6781, 0.0293, 0.0616], [0.0325, 0.0419, 0.0142, 0.0518, 0.7345, 0.0734, 0.0517], [0.0175, 0.0245, 0.0691, 0.0156, 0.7734, 0.0548, 0.0451], [0.0624, 0.0804, 0.06, 0.0174, 0.625, 0.0815, 0.0734], [0.0606, 0.0248, 0.0215, 0.0526, 0.6985, 0.0511, 0.0909], [0.0629, 0.0719, 0.0229, 0.079, 0.6587, 0.0556, 0.0489], [0.0886, 0.086, 0.0611, 0.0696, 0.5595, 0.0813, 0.054], [0.0776, 0.072, 0.0516, 0.0526, 0.6826, 0.0141, 0.0496], [0.077, 0.043, 0.0418, 0.0646, 0.6657, 0.0922, 0.0158], [0.0441, 0.0541, 0.0224, 0.0527, 0.688, 0.0566, 0.082], [0.0356, 0.0184, 0.0599, 0.0523, 0.7383, 0.064, 0.0314], [0.0313, 0.0508, 0.0918, 0.0415, 0.6764, 0.0304, 0.0779], [0.0673, 0.0555, 0.0246, 0.0773, 0.671, 0.0567, 0.0475], [0.0625, 0.039, 0.0191, 0.0235, 0.776, 0.0381, 0.0419], [0.054, 0.0222, 0.0625, 0.0482, 0.713, 0.0502, 0.0499], [0.0806, 0.0712, 0.0633, 0.0718, 0.6268, 0.0194, 0.0668], [0.0815, 0.0285, 0.065, 0.0297, 0.6921, 0.03, 0.0732], [0.0541, 0.0782, 0.0269, 0.0435, 0.7173, 0.0451, 0.0349], [0.0738, 0.0252, 0.0717, 0.0312, 0.6629, 0.0639, 0.0713], [0.045, 0.0701, 0.0351, 0.0304, 0.7645, 0.0195, 0.0353], [0.0738, 0.0439, 0.017, 0.0709, 0.7208, 0.0412, 0.0325], [0.0178, 0.0682, 0.0493, 0.0321, 0.7437, 0.0284, 0.0605], [0.0731, 0.079, 0.0278, 0.0202, 0.7241, 0.0516, 0.0242], [0.0782, 0.0337, 0.0411, 0.0407, 0.7312, 0.0154, 0.0597], [0.0498, 0.0286, 0.085, 0.0593, 0.7146, 0.0366, 0.0261], [0.0288, 0.0605, 0.0957, 0.0209, 0.6807, 0.0782, 0.0353], [0.0757, 0.057, 0.0203, 0.0335, 0.7276, 0.0171, 0.0688], [0.0443, 0.041, 0.0623, 0.0998, 0.6361, 0.0505, 0.0658], [0.0575, 0.065, 0.0683, 0.0245, 0.7115, 0.0511, 0.022], [0.0815, 0.022, 0.0446, 0.0261, 0.7348, 0.0351, 0.056], [0.0347, 0.0312, 0.0697, 0.0698, 0.6586, 0.0701, 0.0658], [0.0747, 0.0591, 0.044, 0.0584, 0.7115, 0.0355, 0.0169], [0.0619, 0.0375, 0.0799, 0.0806, 0.6006, 0.057, 0.0825], [0.0379, 0.081, 0.0369, 0.0302, 0.725, 0.0159, 0.0732], [0.0528, 0.0976, 0.0272, 0.0225, 0.7416, 0.0316, 0.0268], [0.052, 0.0135, 0.0648, 0.0253, 0.7525, 0.027, 0.0648], [0.0809, 0.0808, 0.0237, 0.0682, 0.6236, 0.0439, 0.0788], [0.014, 0.0456, 0.0852, 0.0398, 0.7106, 0.0605, 0.0443], [0.0288, 0.0154, 0.0668, 0.0731, 0.6942, 0.0478, 0.074], [0.0676, 0.0295, 0.0346, 0.0605, 0.6944, 0.0521, 0.0614], [0.0835, 0.0537, 0.063, 0.083, 0.6528, 0.043, 0.021], [0.0723, 0.0118, 0.0485, 0.026, 0.7636, 0.0311, 0.0466], [0.0874, 0.0244, 0.0579, 0.0547, 0.6586, 0.0674, 0.0497], [0.0488, 0.0534, 0.0536, 0.046, 0.6759, 0.0641, 0.0581], [0.0482, 0.0633, 0.055, 0.0239, 0.6824, 0.063, 0.0642], [0.0264, 0.0766, 0.0612, 0.026, 0.7385, 0.0552, 0.0161], [0.0698, 0.069, 0.0536, 0.0789, 0.6286, 0.0673, 0.0327], [0.0309, 0.0297, 0.0718, 0.0593, 0.7201, 0.0471, 0.0411], [0.064, 0.0667, 0.0487, 0.074, 0.6348, 0.0481, 0.0637], [0.0397, 0.0354, 0.0494, 0.0758, 0.6854, 0.0449, 0.0694], [0.0332, 0.0379, 0.0318, 0.0391, 0.8016, 0.0267, 0.0297], [0.0351, 0.0667, 0.0656, 0.0805, 0.6965, 0.0314, 0.0242], [0.0709, 0.0413, 0.0499, 0.0788, 0.6558, 0.0287, 0.0746], [0.0705, 0.0708, 0.0529, 0.0543, 0.6709, 0.0435, 0.0371], [0.0256, 0.0923, 0.0228, 0.0714, 0.7166, 0.0481, 0.0233], [0.0327, 0.0166, 0.0348, 0.0281, 0.8503, 0.0217, 0.0158], [0.0888, 0.0333, 0.0311, 0.0355, 0.6834, 0.0752, 0.0527], [0.0375, 0.0265, 0.0624, 0.0413, 0.7634, 0.0433, 0.0257], [0.0433, 0.0462, 0.0679, 0.0695, 0.6927, 0.0666, 0.0138], [0.0803, 0.0837, 0.0389, 0.0331, 0.6347, 0.0679, 0.0614], [0.0322, 0.0289, 0.06, 0.0291, 0.7367, 0.057, 0.0561], [0.0622, 0.0286, 0.0672, 0.0644, 0.6528, 0.0585, 0.0664], [0.014, 0.0192, 0.034, 0.0422, 0.7171, 0.0939, 0.0795], [0.0209, 0.0599, 0.0788, 0.0452, 0.7049, 0.0729, 0.0174], [0.0613, 0.037, 0.0205, 0.0379, 0.7984, 0.0216, 0.0233], [0.0301, 0.041, 0.0203, 0.0799, 0.7744, 0.0208, 0.0336], [0.0246, 0.0268, 0.0628, 0.0404, 0.7449, 0.0516, 0.0489], [0.0664, 0.0752, 0.0538, 0.0559, 0.6651, 0.0536, 0.03], [0.0553, 0.0751, 0.0826, 0.0783, 0.5818, 0.0863, 0.0405], [0.0359, 0.0349, 0.0586, 0.0311, 0.7518, 0.0329, 0.0548]], "emotions": ["red", "red", "red", "red", "red", "red", "red", "red", "red", "red", "red", "red", "red", "red", "red", "red", "red", "red", "red", "red", "red", "red", "red", "red", "red", "red", "red", "red", "red", "red", "red", "red", "red", "red", "red", "red", "red", "red", "red", "red", "red", "red", "red", "red", "red", "red", "red", "red", "red", "red", "red", "red", "red", "red", "red", "red", "red", "red", "red", "red", "red", "red", "red", "red", "red", "red", "red", "red", "red", "red", "red", "red", "red", "red", "red", "red", "red", "red", "red", "red"], "timestamps": [0, 40, 80, 120, 160, 200, 240, 280, 320, 360, 400, 440, 480, 520, 560, 600, 640, 680, 720, 760, 800, 840, 880, 920, 960, 1000, 1040, 1080, 1120, 1160, 1200, 1240, 1280, 1320, 1360, 1400, 1440, 1480, 1520, 1560, 1600, 1640, 1680, 1720, 1760, 1800, 1840, 1880, 1920, 1960, 2000, 2040, 2080, 2120, 2160, 2200, 2240, 2280, 2320, 2360, 2400, 2440, 2480, 2520, 2560, 2600, 2640, 2680, 2720, 2760, 2800, 2840, 2880, 2920, 2960, 3000, 3040, 3080, 3120, 3160]}], "conversation": [], "conversation_timestamps": []}