{"agent_id": "agent-blue-435", "type": "blue", "trips": [{"trip_id": 0, "transport_method": "car", "start_time": 0, "path": [[1.599856, 42.5659306], [1.6012747, 42.566897], [1.6004359, 42.5664938], [1.5990846, 42.565448], [1.5978012, 42.5644091], [1.5960952, 42.5643625], [1.5944403, 42.5637903], [1.5933958, 42.5624126], [1.5935693, 42.5609394], [1.5935958, 42.5593546], [1.5929306, 42.5579407], [1.5916663, 42.5570135], [1.5914538, 42.5553819], [1.5905816, 42.5541791], [1.5911096, 42.5527365], [1.5917238, 42.5511913], [1.5921125, 42.549492], [1.5923201, 42.5478524], [1.5915505, 42.5463549], [1.5917786, 42.5446908], [1.5915778, 42.5430083], [1.5921262, 42.54142], [1.5918812, 42.5399062], [1.591626, 42.538187], [1.5901331, 42.537295], [1.5887832, 42.5362972], [1.5877064, 42.5350166], [1.5879748, 42.5352323], [1.5864976, 42.5342807], [1.5854944, 42.5335705], [1.5845644, 42.5329027], [1.5831559, 42.5318695], [1.5814212, 42.5317111], [1.5796646, 42.5317775], [1.5779073, 42.5317808], [1.5761615, 42.5315829], [1.5745465, 42.5310041], [1.5732574, 42.5298086], [1.5740581, 42.5308672], [1.5741886, 42.5306766], [1.5728801, 42.5295059], [1.5712406, 42.52931], [1.5698345, 42.5282546], [1.5705461, 42.5286882], [1.570771, 42.529006], [1.5693077, 42.5280314], [1.5678445, 42.5270567], [1.5686659, 42.5274611], [1.5681193, 42.5271515], [1.566661, 42.5261696], [1.5651146, 42.5253541], [1.5634838, 42.5247937], [1.5620763, 42.5238275], [1.5607286, 42.522711], [1.5592842, 42.521786], [1.5579645, 42.5206257], [1.5567659, 42.5194107], [1.556071, 42.5185429], [1.5561797, 42.5188767], [1.5553222, 42.5180405], [1.554487, 42.5174831], [1.5541037, 42.5173416], [1.5538249, 42.5168356], [1.5530295, 42.5152982], [1.55259, 42.5136739], [1.5511409, 42.5127087], [1.5496618, 42.5118271], [1.5479592, 42.511393], [1.5464189, 42.5106836], [1.5461957, 42.5099963], [1.54478, 42.50932], [1.5430785, 42.508964], [1.5413485, 42.5087553], [1.5399105, 42.5083624], [1.5381794, 42.5081385], [1.5376372, 42.5080741], [1.5359093, 42.5077498], [1.5342905, 42.5074609], [1.53295, 42.5072669], [1.5342027, 42.5078338]], "mood_vectors": [[0.0548, 0.031, 0.0795, 0.7459, 0.0186, 0.0287, 0.0416], [0.0407, 0.0313, 0.0247, 0.7969, 0.0381, 0.036, 0.0324], [0.0757, 0.0538, 0.082, 0.6382, 0.0478, 0.02, 0.0825], [0.036, 0.0723, 0.0203, 0.7741, 0.0221, 0.0583, 0.0169], [0.0691, 0.0475, 0.0631, 0.7176, 0.0459, 0.0165, 0.0403], [0.0456, 0.0611, 0.0606, 0.6562, 0.0735, 0.0606, 0.0424], [0.0746, 0.0756, 0.0232, 0.7093, 0.0137, 0.077, 0.0265], [0.0329, 0.0188, 0.0622, 0.789, 0.0341, 0.0254, 0.0375], [0.0569, 0.0315, 0.0526, 0.6756, 0.0446, 0.0383, 0.1006], [0.0281, 0.0612, 0.0296, 0.7393, 0.0529, 0.0159, 0.0729], [0.0675, 0.0324, 0.0667, 0.6918, 0.0519, 0.0714, 0.0182], [0.0539, 0.025, 0.0679, 0.6588, 0.0706, 0.043, 0.0808], [0.0607, 0.0445, 0.0487, 0.7268, 0.073, 0.0303, 0.016], [0.0865, 0.0709, 0.04, 0.701, 0.0152, 0.0492, 0.0372], [0.0721, 0.0237, 0.0694, 0.7045, 0.0154, 0.0841, 0.0308], [0.0642, 0.0547, 0.0566, 0.6761, 0.0311, 0.0527, 0.0646], [0.0507, 0.0278, 0.0144, 0.749, 0.0506, 0.0631, 0.0443], [0.0299, 0.0459, 0.0642, 0.7334, 0.04, 0.0247, 0.062], [0.0465, 0.074, 0.0335, 0.6441, 0.084, 0.0573, 0.0607], [0.022, 0.0454, 0.035, 0.7483, 0.029, 0.0951, 0.0251], [0.0389, 0.0395, 0.071, 0.6994, 0.0479, 0.036, 0.0673], [0.0674, 0.0734, 0.0541, 0.6732, 0.0618, 0.0433, 0.0269], [0.0308, 0.0561, 0.0708, 0.7372, 0.0586, 0.0122, 0.0341], [0.0308, 0.0433, 0.0578, 0.738, 0.0203, 0.0509, 0.0588], [0.0557, 0.0689, 0.0806, 0.6711, 0.0272, 0.0252, 0.0713], [0.0236, 0.0591, 0.0585, 0.6399, 0.0749, 0.0735, 0.0706], [0.0349, 0.0193, 0.0578, 0.7182, 0.0624, 0.0546, 0.0528], [0.0156, 0.0174, 0.0425, 0.7704, 0.0651, 0.0558, 0.0331], [0.0177, 0.04, 0.0408, 0.7616, 0.0507, 0.0276, 0.0617], [0.0394, 0.052, 0.0764, 0.6534, 0.0208, 0.0743, 0.0836], [0.0582, 0.0611, 0.0304, 0.6934, 0.0162, 0.0594, 0.0813], [0.0354, 0.038, 0.0595, 0.7306, 0.0271, 0.045, 0.0642], [0.054, 0.0127, 0.0371, 0.7218, 0.0307, 0.0778, 0.066], [0.0463, 0.0669, 0.0392, 0.6815, 0.0375, 0.0587, 0.0698], [0.0417, 0.0435, 0.065, 0.6198, 0.0668, 0.087, 0.0762], [0.0519, 0.0376, 0.0347, 0.7259, 0.0614, 0.0245, 0.064], [0.0249, 0.0177, 0.0296, 0.7601, 0.0219, 0.0515, 0.0943], [0.0736, 0.0687, 0.0695, 0.574, 0.0471, 0.0793, 0.0879], [0.0501, 0.0189, 0.0443, 0.8161, 0.0216, 0.0215, 0.0274], [0.058, 0.0264, 0.0757, 0.6981, 0.0321, 0.0399, 0.0698], [0.067, 0.0678, 0.0734, 0.6539, 0.0586, 0.0403, 0.0391], [0.0497, 0.0506, 0.0438, 0.6653, 0.0902, 0.0606, 0.0397], [0.0478, 0.09, 0.0431, 0.6809, 0.0612, 0.0177, 0.0594], [0.0644, 0.0636, 0.0512, 0.618, 0.0681, 0.0633, 0.0714], [0.0545, 0.0793, 0.0512, 0.6925, 0.0386, 0.0166, 0.0673], [0.0647, 0.0137, 0.0302, 0.7364, 0.0641, 0.0787, 0.0122], [0.0248, 0.0684, 0.0216, 0.7789, 0.0206, 0.0693, 0.0164], [0.0291, 0.0722, 0.0188, 0.7617, 0.077, 0.0289, 0.0122], [0.0222, 0.0519, 0.0258, 0.7303, 0.0772, 0.0648, 0.0278], [0.029, 0.0797, 0.0171, 0.6894, 0.0799, 0.0464, 0.0585], [0.0675, 0.0709, 0.0554, 0.657, 0.0591, 0.0295, 0.0606], [0.0401, 0.0419, 0.0715, 0.6203, 0.0519, 0.0844, 0.0899], [0.0488, 0.0518, 0.0666, 0.6452, 0.0852, 0.0456, 0.0568], [0.0817, 0.0314, 0.0318, 0.7116, 0.0664, 0.0272, 0.0498], [0.089, 0.0694, 0.0709, 0.5756, 0.0775, 0.0469, 0.0706], [0.0529, 0.0716, 0.0651, 0.6742, 0.0797, 0.0188, 0.0379], [0.0531, 0.067, 0.0332, 0.69, 0.0375, 0.0717, 0.0474], [0.0622, 0.0284, 0.0124, 0.7462, 0.0616, 0.0635, 0.0257], [0.0278, 0.0359, 0.0215, 0.7064, 0.0382, 0.0756, 0.0946], [0.0253, 0.0325, 0.0224, 0.7938, 0.0217, 0.0537, 0.0506], [0.0525, 0.0795, 0.0394, 0.6736, 0.0728, 0.022, 0.0603], [0.0325, 0.0743, 0.075, 0.6865, 0.0357, 0.0742, 0.0218], [0.0542, 0.0192, 0.0522, 0.7457, 0.0528, 0.041, 0.0348], [0.0574, 0.0577, 0.0625, 0.679, 0.0687, 0.0316, 0.0431], [0.0577, 0.0167, 0.0171, 0.8071, 0.0208, 0.0266, 0.0541], [0.0164, 0.0449, 0.0219, 0.7425, 0.0295, 0.0788, 0.066], [0.0634, 0.0188, 0.0487, 0.6802, 0.0814, 0.0408, 0.0665], [0.0469, 0.0674, 0.013, 0.7072, 0.0625, 0.0232, 0.0799], [0.0295, 0.0819, 0.0651, 0.67, 0.0576, 0.0667, 0.0292], [0.067, 0.0229, 0.0868, 0.6682, 0.057, 0.0676, 0.0304], [0.053, 0.0723, 0.0555, 0.5905, 0.0801, 0.0832, 0.0653], [0.0436, 0.0464, 0.0753, 0.6519, 0.0727, 0.0849, 0.0251], [0.0369, 0.0691, 0.0707, 0.6602, 0.0596, 0.0639, 0.0396], [0.0557, 0.0136, 0.0654, 0.6861, 0.0712, 0.0327, 0.0752], [0.0319, 0.0399, 0.017, 0.7383, 0.0378, 0.0683, 0.0667], [0.0856, 0.0213, 0.064, 0.7192, 0.038, 0.0404, 0.0315], [0.0142, 0.0679, 0.0432, 0.7663, 0.0585, 0.0281, 0.0218], [0.0601, 0.0602, 0.0658, 0.6447, 0.0436, 0.0521, 0.0735], [0.0845, 0.0633, 0.0205, 0.692, 0.0595, 0.0535, 0.0268], [0.0583, 0.0838, 0.0138, 0.7494, 0.0133, 0.0658, 0.0156]], "emotions": ["green", "green", "green", "green", "green", "green", "green", "green", "green", "green", "green", "green", "green", "green", "green", "green", "green", "green", "green", "green", "green", "green", "green", "green", "green", "green", "green", "green", "green", "green", "green", "green", "green", "green", "green", "green", "green", "green", "green", "green", "green", "green", "green", "green", "green", "green", "green", "green", "green", "green", "green", "green", "green", "green", "green", "green", "green", "green", "green", "green", "green", "green", "green", "green", "green", "green", "green", "green", "green", "green", "green", "green", "green", "green", "green", "green", "green", "green", "green", "green"], "timestamps": [0, 40, 80, 120, 160, 200, 240, 280, 320, 360, 400, 440, 480, 520, 560, 600, 640, 680, 720, 760, 800, 840, 880, 920, 960, 1000, 1040, 1080, 1120, 1160, 1200, 1240, 1280, 1320, 1360, 1400, 1440, 1480, 1520, 1560, 1600, 1640, 1680, 1720, 1760, 1800, 1840, 1880, 1920, 1960, 2000, 2040, 2080, 2120, 2160, 2200, 2240, 2280, 2320, 2360, 2400, 2440, 2480, 2520, 2560, 2600, 2640, 2680, 2720, 2760, 2800, 2840, 2880, 2920, 2960, 3000, 3040, 3080, 3120, 3160]}], "conversation": [], "conversation_timestamps": []}