{"agent_id": "agent-red-1681", "type": "red", "trips": [{"trip_id": 0, "transport_method": "bus", "start_time": 0, "path": [[1.516939, 42.5445341], [1.5171018, 42.5438679], [1.5175138, 42.5433211], [1.5178421, 42.5427197], [1.5182727, 42.5421849], [1.51881, 42.5417641], [1.5193796, 42.5413794], [1.5199623, 42.541018], [1.5200792, 42.540381], [1.5199291, 42.5397158], [1.5199938, 42.5390384], [1.520163, 42.5383723], [1.5203489, 42.5377113], [1.5205485, 42.5370841], [1.5209706, 42.5365516], [1.5214114, 42.5360293], [1.5215305, 42.5357078], [1.5210965, 42.5355247], [1.5205679, 42.5350855], [1.5200732, 42.5346085], [1.5195936, 42.534117], [1.5195666, 42.5334704], [1.5197399, 42.5328176], [1.5195786, 42.5321556], [1.5196414, 42.5314777], [1.5197779, 42.5308041], [1.519764, 42.5311377], [1.5195565, 42.5317644], [1.519638, 42.5312432], [1.5197186, 42.5305606], [1.5198709, 42.5300492], [1.520387, 42.5296211], [1.5206604, 42.5290014], [1.5205339, 42.5283321], [1.5201367, 42.5277727], [1.5199815, 42.5271401], [1.5203574, 42.5265733], [1.5205902, 42.5259396], [1.5206143, 42.5252528], [1.5206904, 42.5245736], [1.5210311, 42.5239792], [1.5214737, 42.5234538], [1.521795, 42.5228535], [1.5220773, 42.5222342], [1.5225972, 42.521792], [1.5231461, 42.5213816], [1.5235131, 42.5208031], [1.5238416, 42.5201996], [1.5239875, 42.5195296], [1.5244466, 42.5190465], [1.5249958, 42.5186332], [1.5255361, 42.5182088], [1.5260452, 42.517747], [1.5266617, 42.5174495], [1.5272923, 42.5171763], [1.527915, 42.5168855], [1.5284885, 42.5165987], [1.5291325, 42.5166236], [1.5297114, 42.5162533], [1.5303007, 42.5159207], [1.5308619, 42.515536], [1.5314249, 42.5151462], [1.5319247, 42.5146769], [1.5324385, 42.5142355], [1.53304, 42.5139101], [1.533701, 42.513728], [1.53414, 42.5133064], [1.5341629, 42.513424], [1.5346966, 42.5130109], [1.5353384, 42.5127727], [1.5359871, 42.5125971], [1.5366128, 42.5123206], [1.5371522, 42.5119053], [1.5377978, 42.5116736], [1.5383836, 42.5113497], [1.538881, 42.5108755], [1.5391004, 42.5102847], [1.5387601, 42.5097885], [1.5387806, 42.5091016], [1.5393284, 42.5091743]], "mood_vectors": [[0.7854, 0.0489, 0.0458, 0.0187, 0.0212, 0.0232, 0.0569], [0.7115, 0.0338, 0.0157, 0.062, 0.0404, 0.072, 0.0646], [0.7143, 0.0721, 0.0371, 0.0658, 0.0147, 0.0739, 0.0221], [0.7504, 0.0385, 0.03, 0.0277, 0.0507, 0.0503, 0.0524], [0.6865, 0.0289, 0.0353, 0.0611, 0.0602, 0.0582, 0.0699], [0.6617, 0.0416, 0.0374, 0.0744, 0.081, 0.0348, 0.0692], [0.6052, 0.0847, 0.0703, 0.062, 0.0392, 0.0657, 0.0729], [0.5875, 0.0697, 0.0733, 0.0734, 0.0596, 0.0738, 0.0628], [0.7997, 0.0665, 0.0224, 0.0367, 0.0221, 0.0337, 0.0189], [0.7132, 0.045, 0.0473, 0.0279, 0.06, 0.0658, 0.0409], [0.7525, 0.0146, 0.0476, 0.0216, 0.025, 0.0471, 0.0917], [0.6581, 0.0608, 0.058, 0.0585, 0.0663, 0.056, 0.0422], [0.6765, 0.0555, 0.0496, 0.0439, 0.0854, 0.0364, 0.0525], [0.7053, 0.0443, 0.0425, 0.0442, 0.0327, 0.0955, 0.0355], [0.7195, 0.0788, 0.0679, 0.034, 0.0259, 0.0142, 0.0598], [0.7869, 0.0179, 0.0354, 0.0347, 0.0488, 0.0264, 0.0499], [0.6866, 0.0248, 0.0584, 0.0772, 0.0234, 0.0725, 0.0571], [0.8409, 0.0233, 0.0229, 0.0502, 0.0144, 0.018, 0.0303], [0.6265, 0.0475, 0.0841, 0.0466, 0.0946, 0.038, 0.0628], [0.6655, 0.0616, 0.0611, 0.0234, 0.0417, 0.0545, 0.0921], [0.685, 0.08, 0.0711, 0.0611, 0.0245, 0.0294, 0.0489], [0.7474, 0.026, 0.021, 0.0832, 0.0132, 0.0501, 0.059], [0.7499, 0.0538, 0.0528, 0.0257, 0.0144, 0.0475, 0.0559], [0.7017, 0.0657, 0.072, 0.0112, 0.0278, 0.0485, 0.073], [0.6265, 0.0768, 0.0151, 0.089, 0.093, 0.0712, 0.0284], [0.6463, 0.0703, 0.0751, 0.0531, 0.0518, 0.0361, 0.0672], [0.7801, 0.0237, 0.068, 0.0388, 0.0212, 0.0233, 0.0448], [0.7243, 0.0184, 0.0777, 0.0314, 0.0647, 0.0427, 0.0409], [0.7595, 0.0625, 0.0183, 0.0651, 0.0545, 0.0213, 0.0187], [0.7016, 0.0533, 0.0702, 0.0491, 0.0802, 0.0248, 0.0208], [0.7212, 0.072, 0.0656, 0.0313, 0.0313, 0.0476, 0.0311], [0.7533, 0.023, 0.0149, 0.0861, 0.0486, 0.0553, 0.0189], [0.6609, 0.0617, 0.0871, 0.058, 0.0862, 0.0127, 0.0334], [0.7273, 0.0541, 0.0704, 0.0293, 0.0267, 0.035, 0.0571], [0.7296, 0.0187, 0.0226, 0.0597, 0.0361, 0.0623, 0.0709], [0.6764, 0.0304, 0.033, 0.0818, 0.0395, 0.0817, 0.0571], [0.7509, 0.031, 0.0775, 0.0156, 0.0319, 0.0411, 0.0521], [0.7609, 0.036, 0.0855, 0.0476, 0.0176, 0.0261, 0.0263], [0.6744, 0.033, 0.069, 0.0726, 0.0348, 0.0694, 0.0467], [0.7, 0.0306, 0.0577, 0.0193, 0.0649, 0.0643, 0.0632], [0.7803, 0.0216, 0.0192, 0.047, 0.0749, 0.0243, 0.0326], [0.6563, 0.0674, 0.0236, 0.0154, 0.0764, 0.0774, 0.0836], [0.5904, 0.0512, 0.0911, 0.0207, 0.0899, 0.0726, 0.084], [0.7578, 0.0171, 0.0436, 0.0489, 0.0317, 0.0305, 0.0704], [0.716, 0.0746, 0.0521, 0.0203, 0.0502, 0.0293, 0.0575], [0.673, 0.0282, 0.0407, 0.0795, 0.0446, 0.08, 0.0539], [0.7707, 0.0253, 0.0524, 0.0736, 0.0116, 0.032, 0.0344], [0.7124, 0.0774, 0.0237, 0.0306, 0.043, 0.0593, 0.0536], [0.657, 0.069, 0.0677, 0.0348, 0.0531, 0.0552, 0.0633], [0.6617, 0.0784, 0.066, 0.0495, 0.0432, 0.0512, 0.0499], [0.6082, 0.08, 0.0176, 0.0795, 0.0815, 0.0484, 0.0848], [0.745, 0.0491, 0.059, 0.0836, 0.0211, 0.0223, 0.0199], [0.6979, 0.0804, 0.0739, 0.0589, 0.0197, 0.0484, 0.0209], [0.6776, 0.032, 0.03, 0.0869, 0.0781, 0.0669, 0.0284], [0.6909, 0.0597, 0.0404, 0.0698, 0.0482, 0.0712, 0.0197], [0.7054, 0.0513, 0.022, 0.0158, 0.1039, 0.0331, 0.0685], [0.6724, 0.0784, 0.0573, 0.022, 0.0467, 0.0545, 0.0685], [0.7065, 0.061, 0.0515, 0.0232, 0.0777, 0.0364, 0.0438], [0.6473, 0.0851, 0.0252, 0.0718, 0.0632, 0.0438, 0.0636], [0.7662, 0.0377, 0.0289, 0.0262, 0.0234, 0.0695, 0.048], [0.733, 0.0198, 0.0791, 0.0542, 0.0274, 0.0587, 0.0278], [0.7081, 0.0782, 0.0643, 0.0668, 0.024, 0.019, 0.0396], [0.7355, 0.039, 0.018, 0.0245, 0.0946, 0.0481, 0.0403], [0.7636, 0.068, 0.0332, 0.041, 0.0323, 0.0291, 0.0329], [0.7145, 0.0696, 0.0751, 0.014, 0.0183, 0.025, 0.0834], [0.6713, 0.0783, 0.0389, 0.0225, 0.0682, 0.0477, 0.0732], [0.6558, 0.0535, 0.0356, 0.0572, 0.0738, 0.0234, 0.1008], [0.7234, 0.056, 0.0489, 0.0427, 0.0726, 0.0389, 0.0176], [0.7055, 0.0573, 0.0453, 0.0484, 0.0402, 0.0379, 0.0654], [0.7291, 0.0364, 0.021, 0.0231, 0.0705, 0.0729, 0.0469], [0.7254, 0.023, 0.0483, 0.0387, 0.0673, 0.0133, 0.084], [0.7228, 0.0573, 0.0273, 0.0613, 0.0769, 0.0164, 0.0381], [0.6409, 0.0818, 0.0807, 0.0142, 0.0509, 0.0586, 0.0728], [0.703, 0.0803, 0.0432, 0.0736, 0.0431, 0.0219, 0.0349], [0.6741, 0.0779, 0.0801, 0.0124, 0.05, 0.0531, 0.0524], [0.7017, 0.063, 0.0384, 0.0192, 0.0575, 0.0722, 0.048], [0.7349, 0.0238, 0.0778, 0.0304, 0.0689, 0.031, 0.0332], [0.7686, 0.0331, 0.0174, 0.06, 0.0344, 0.0272, 0.0592], [0.6733, 0.0543, 0.0199, 0.08, 0.0188, 0.0785, 0.0752], [0.6584, 0.0442, 0.0759, 0.0413, 0.0679, 0.0332, 0.0791]], "emotions": ["red", "red", "red", "red", "red", "red", "red", "red", "red", "red", "red", "red", "red", "red", "red", "red", "red", "red", "red", "red", "red", "red", "red", "red", "red", "red", "red", "red", "red", "red", "red", "red", "red", "red", "red", "red", "red", "red", "red", "red", "red", "red", "red", "red", "red", "red", "red", "red", "red", "red", "red", "red", "red", "red", "red", "red", "red", "red", "red", "red", "red", "red", "red", "red", "red", "red", "red", "red", "red", "red", "red", "red", "red", "red", "red", "red", "red", "red", "red", "red"], "timestamps": [0, 40, 80, 120, 160, 200, 240, 280, 320, 360, 400, 440, 480, 520, 560, 600, 640, 680, 720, 760, 800, 840, 880, 920, 960, 1000, 1040, 1080, 1120, 1160, 1200, 1240, 1280, 1320, 1360, 1400, 1440, 1480, 1520, 1560, 1600, 1640, 1680, 1720, 1760, 1800, 1840, 1880, 1920, 1960, 2000, 2040, 2080, 2120, 2160, 2200, 2240, 2280, 2320, 2360, 2400, 2440, 2480, 2520, 2560, 2600, 2640, 2680, 2720, 2760, 2800, 2840, 2880, 2920, 2960, 3000, 3040, 3080, 3120, 3160]}], "conversation": [], "conversation_timestamps": []}