{"agent_id": "agent-red-1526", "type": "red", "trips": [{"trip_id": 0, "transport_method": "bicycle", "start_time": 0, "path": [[1.4879991, 42.4757327], [1.4874908, 42.4754725], [1.4885271, 42.4759247], [1.489546, 42.4763624], [1.4902479, 42.4764463], [1.4900355, 42.4774448], [1.4899678, 42.4785735], [1.4899, 42.4797021], [1.4898323, 42.4808307], [1.489758, 42.4819286], [1.4894692, 42.4808494], [1.4893788, 42.4797262], [1.4898095, 42.4786941], [1.4903799, 42.4777185], [1.4905808, 42.4766705], [1.4905557, 42.4774282], [1.4904664, 42.4785553], [1.4903771, 42.4796824], [1.4902878, 42.4808096], [1.4901985, 42.4819367], [1.4903994, 42.4829966], [1.4909276, 42.4839864], [1.4916882, 42.4847134], [1.4927389, 42.4849786], [1.4936875, 42.4855779], [1.494502, 42.4863539], [1.4946902, 42.4874314], [1.4949502, 42.4884794], [1.4956827, 42.4893406], [1.4962796, 42.4902738], [1.4965901, 42.4912896], [1.4975351, 42.4919101], [1.4985232, 42.492459], [1.4995124, 42.493005], [1.500389, 42.4937175], [1.5012004, 42.4944059], [1.5022257, 42.4948821], [1.5032508, 42.4953579], [1.5043058, 42.4957522], [1.5053258, 42.496233], [1.5063981, 42.496591], [1.5074624, 42.4969728], [1.508499, 42.4974218], [1.5095153, 42.4979172], [1.5104508, 42.4985311], [1.5111529, 42.4994173], [1.5118495, 42.5003079], [1.5125286, 42.5012118], [1.513349, 42.5019596], [1.5138132, 42.5022619], [1.5129781, 42.5016538], [1.5137984, 42.5021196], [1.5148163, 42.502612], [1.515402, 42.5029959], [1.5153745, 42.5029606], [1.5157834, 42.5032523], [1.516799, 42.5037158], [1.5179238, 42.5036835], [1.5190298, 42.5035848], [1.5200575, 42.5038836], [1.5211027, 42.5043148], [1.5220874, 42.504826], [1.5231891, 42.5047968], [1.5243025, 42.5049761], [1.5254124, 42.5051917], [1.5265293, 42.5053083], [1.5276439, 42.5054176], [1.5276317, 42.5054049], [1.5287162, 42.5057247], [1.5297039, 42.506246], [1.5306414, 42.5068747], [1.5317173, 42.5072067], [1.5323742, 42.5080772], [1.5333242, 42.5084212], [1.5344428, 42.5085132], [1.5355705, 42.508595], [1.5366948, 42.508706], [1.5377553, 42.5088858], [1.5385044, 42.509467], [1.5396327, 42.5094847]], "mood_vectors": [[0.5898, 0.0589, 0.0721, 0.0908, 0.0612, 0.0577, 0.0695], [0.6551, 0.0714, 0.0514, 0.0847, 0.0565, 0.0409, 0.04], [0.6849, 0.0501, 0.0723, 0.051, 0.0585, 0.032, 0.0512], [0.7622, 0.0657, 0.0164, 0.0392, 0.0239, 0.0253, 0.0673], [0.7523, 0.0293, 0.0579, 0.0504, 0.0664, 0.0251, 0.0186], [0.657, 0.0367, 0.0682, 0.0296, 0.0915, 0.0837, 0.0334], [0.6887, 0.0744, 0.0821, 0.019, 0.0299, 0.0228, 0.0832], [0.6549, 0.0952, 0.0312, 0.0205, 0.0782, 0.0315, 0.0885], [0.6472, 0.033, 0.0954, 0.0441, 0.0442, 0.0883, 0.0477], [0.6917, 0.0829, 0.0272, 0.0403, 0.0717, 0.0728, 0.0133], [0.6201, 0.0164, 0.0629, 0.0987, 0.0669, 0.0372, 0.0978], [0.7574, 0.0713, 0.0206, 0.0283, 0.0743, 0.0193, 0.0289], [0.6369, 0.0887, 0.0163, 0.0889, 0.0703, 0.0841, 0.0148], [0.7328, 0.0327, 0.0183, 0.0633, 0.0521, 0.0446, 0.0563], [0.7609, 0.0138, 0.0598, 0.0715, 0.0341, 0.0365, 0.0233], [0.6633, 0.0793, 0.0615, 0.0314, 0.0286, 0.0809, 0.0549], [0.7148, 0.0759, 0.024, 0.0514, 0.0276, 0.0283, 0.0781], [0.7257, 0.0611, 0.0438, 0.0215, 0.0774, 0.0576, 0.0128], [0.6394, 0.0349, 0.0554, 0.0885, 0.0496, 0.0835, 0.0488], [0.6719, 0.0418, 0.0881, 0.0436, 0.0512, 0.0572, 0.0462], [0.6663, 0.0364, 0.0594, 0.0868, 0.0631, 0.0493, 0.0389], [0.7366, 0.0411, 0.0785, 0.0272, 0.0229, 0.0414, 0.0523], [0.6803, 0.0386, 0.0319, 0.0736, 0.0671, 0.0469, 0.0617], [0.7736, 0.0471, 0.0473, 0.0625, 0.0153, 0.0305, 0.0237], [0.6647, 0.0975, 0.0598, 0.0644, 0.0714, 0.0228, 0.0194], [0.7696, 0.0226, 0.0571, 0.0691, 0.0498, 0.0125, 0.0193], [0.7179, 0.068, 0.0624, 0.024, 0.0732, 0.018, 0.0366], [0.6638, 0.0627, 0.0861, 0.0361, 0.083, 0.0492, 0.0191], [0.6135, 0.0731, 0.0668, 0.0477, 0.0628, 0.0714, 0.0648], [0.7275, 0.0155, 0.0657, 0.0713, 0.0123, 0.0554, 0.0522], [0.7203, 0.0696, 0.0456, 0.0158, 0.0544, 0.0411, 0.0531], [0.7475, 0.0264, 0.0646, 0.042, 0.0279, 0.0221, 0.0695], [0.6377, 0.032, 0.0572, 0.0857, 0.0148, 0.0892, 0.0835], [0.7175, 0.0121, 0.0576, 0.0193, 0.0552, 0.0689, 0.0694], [0.6603, 0.0699, 0.0518, 0.0505, 0.0805, 0.0318, 0.0552], [0.7233, 0.0649, 0.0424, 0.0486, 0.0337, 0.0469, 0.0402], [0.6356, 0.0637, 0.046, 0.0609, 0.0611, 0.0584, 0.0743], [0.766, 0.0143, 0.0185, 0.0571, 0.0276, 0.0679, 0.0486], [0.6968, 0.0681, 0.0648, 0.0232, 0.0131, 0.0735, 0.0605], [0.7083, 0.0535, 0.0363, 0.049, 0.0318, 0.047, 0.0742], [0.6057, 0.0542, 0.051, 0.0763, 0.0675, 0.0779, 0.0673], [0.7785, 0.0497, 0.0555, 0.0216, 0.0356, 0.0194, 0.0396], [0.6276, 0.0871, 0.0741, 0.0831, 0.0349, 0.0188, 0.0743], [0.7222, 0.0295, 0.0655, 0.0482, 0.0225, 0.0681, 0.0439], [0.7349, 0.017, 0.0697, 0.0208, 0.0334, 0.0494, 0.0748], [0.6502, 0.0613, 0.0224, 0.0667, 0.0689, 0.0741, 0.0564], [0.6794, 0.0749, 0.0458, 0.0713, 0.056, 0.0484, 0.0242], [0.7417, 0.0202, 0.0434, 0.0596, 0.0607, 0.0363, 0.0379], [0.6822, 0.013, 0.0697, 0.0857, 0.0606, 0.0342, 0.0546], [0.6341, 0.0354, 0.0843, 0.037, 0.0768, 0.0298, 0.1025], [0.7183, 0.0467, 0.0391, 0.0348, 0.0169, 0.0606, 0.0836], [0.6863, 0.0559, 0.0775, 0.0374, 0.0406, 0.046, 0.0563], [0.7136, 0.0374, 0.0503, 0.0451, 0.0664, 0.0637, 0.0236], [0.7429, 0.049, 0.0514, 0.0629, 0.0451, 0.032, 0.0167], [0.7144, 0.0231, 0.0387, 0.0492, 0.0688, 0.0462, 0.0596], [0.6828, 0.0207, 0.0567, 0.0502, 0.0693, 0.0409, 0.0794], [0.6959, 0.0164, 0.0605, 0.0812, 0.0337, 0.0814, 0.0309], [0.6776, 0.0236, 0.0775, 0.0733, 0.0371, 0.0718, 0.0392], [0.6965, 0.0349, 0.0797, 0.0298, 0.0548, 0.0586, 0.0456], [0.7228, 0.0441, 0.0425, 0.031, 0.0552, 0.0576, 0.0468], [0.8155, 0.0645, 0.0473, 0.0135, 0.0211, 0.0226, 0.0154], [0.7039, 0.0173, 0.0597, 0.0237, 0.0803, 0.0731, 0.042], [0.7347, 0.0197, 0.0465, 0.0643, 0.0336, 0.0342, 0.067], [0.708, 0.0317, 0.0694, 0.075, 0.031, 0.032, 0.0528], [0.7305, 0.0139, 0.0486, 0.0489, 0.0501, 0.0499, 0.0581], [0.682, 0.0313, 0.0642, 0.1016, 0.0596, 0.0393, 0.0219], [0.6462, 0.048, 0.0863, 0.0174, 0.0885, 0.0701, 0.0435], [0.7135, 0.024, 0.052, 0.0376, 0.0637, 0.0529, 0.0562], [0.7608, 0.0251, 0.0568, 0.0489, 0.0648, 0.0283, 0.0152], [0.7703, 0.0771, 0.0228, 0.0603, 0.0294, 0.0232, 0.0169], [0.659, 0.0501, 0.0924, 0.0653, 0.0144, 0.0403, 0.0785], [0.6741, 0.0571, 0.072, 0.0255, 0.0331, 0.0795, 0.0587], [0.6683, 0.0666, 0.0405, 0.0668, 0.0552, 0.0787, 0.0237], [0.7133, 0.0686, 0.0387, 0.0697, 0.0717, 0.0164, 0.0216], [0.8238, 0.0226, 0.0563, 0.0156, 0.0284, 0.0337, 0.0195], [0.7459, 0.0343, 0.083, 0.0569, 0.0201, 0.0267, 0.0331], [0.6216, 0.0546, 0.0333, 0.0685, 0.0706, 0.0943, 0.057], [0.6818, 0.0798, 0.0269, 0.0751, 0.0445, 0.0256, 0.0662], [0.6845, 0.0529, 0.0319, 0.0208, 0.0165, 0.0945, 0.099], [0.6457, 0.067, 0.082, 0.0575, 0.0657, 0.0227, 0.0594]], "emotions": ["red", "red", "red", "red", "red", "red", "red", "red", "red", "red", "red", "red", "red", "red", "red", "red", "red", "red", "red", "red", "red", "red", "red", "red", "red", "red", "red", "red", "red", "red", "red", "red", "red", "red", "red", "red", "red", "red", "red", "red", "red", "red", "red", "red", "red", "red", "red", "red", "red", "red", "red", "red", "red", "red", "red", "red", "red", "red", "red", "red", "red", "red", "red", "red", "red", "red", "red", "red", "red", "red", "red", "red", "red", "red", "red", "red", "red", "red", "red", "red"], "timestamps": [0, 40, 80, 120, 160, 200, 240, 280, 320, 360, 400, 440, 480, 520, 560, 600, 640, 680, 720, 760, 800, 840, 880, 920, 960, 1000, 1040, 1080, 1120, 1160, 1200, 1240, 1280, 1320, 1360, 1400, 1440, 1480, 1520, 1560, 1600, 1640, 1680, 1720, 1760, 1800, 1840, 1880, 1920, 1960, 2000, 2040, 2080, 2120, 2160, 2200, 2240, 2280, 2320, 2360, 2400, 2440, 2480, 2520, 2560, 2600, 2640, 2680, 2720, 2760, 2800, 2840, 2880, 2920, 2960, 3000, 3040, 3080, 3120, 3160]}], "conversation": [], "conversation_timestamps": []}