{
  "agent_id": "agent-type-blue-65",
  "type": "blue",
  "trips": [
    {
      "trip_id": 0,
      "transport_method": "car",
      "start_time": 0,
      "path": [
        [
          1.5217517000000007,
          42.50751379999999
        ],
        [
          1.5211094899098083,
          42.507601219351024
        ],
        [
          1.5215033999823457,
          42.50804801708565
        ],
        [
          1.5209487623869928,
          42.50772247484932
        ],
        [
          1.5204324879260824,
          42.50754386278442
        ],
        [
          1.5210200082538397,
          42.50790508650613
        ],
        [
          1.5216467822928048,
          42.508238568051155
        ],
        [
          1.5212237167219684,
          42.50833291322765
        ],
        [
          1.5215705193603775,
          42.50840029603708
        ],
        [
          1.5212760788854678,
          42.50804133150761
        ],
        [
          1.5206493048465026,
          42.507707849962586
        ],
        [
          1.5199998638217493,
          42.507606875273225
        ],
        [
          1.519578042388947,
          42.50802060144086
        ],
        [
          1.5196502771962246,
          42.50842755658083
        ],
        [
          1.5196250130434577,
          42.507777720870514
        ],
        [
          1.520145695611064,
          42.507470305409534
        ],
        [
          1.5198017341826826,
          42.507135695595814
        ],
        [
          1.519657893355606,
          42.50676312388852
        ],
        [
          1.5193615682368053,
          42.50675882161662
        ],
        [
          1.5190225855969224,
          42.506372850074904
        ],
        [
          1.518501781458138,
          42.50599321734588
        ],
        [
          1.5183921404117355,
          42.505342209859776
        ],
        [
          1.5188429231486913,
          42.504977195628285
        ],
        [
          1.5195376590402365,
          42.50512347507932
        ],
        [
          1.519259205068219,
          42.50506484546962
        ],
        [
          1.5185836772979215,
          42.50496411825911
        ],
        [
          1.5186641345310188,
          42.50541166216851
        ],
        [
          1.5183324058380678,
          42.50562153271947
        ],
        [
          1.5186848399401902,
          42.50622987351515
        ],
        [
          1.5193144138695402,
          42.50625057538914
        ],
        [
          1.518787920237765,
          42.5063490871776
        ],
        [
          1.5186343999999996,
          42.50592340000001
        ]
      ],
      "emotions": [
        "green",
        "green",
        "green",
        "green",
        "green",
        "purple",
        "purple",
        "purple",
        "purple",
        "purple",
        "purple",
        "purple",
        "purple",
        "purple",
        "purple",
        "green",
        "green",
        "green",
        "green",
        "green",
        "purple",
        "purple",
        "purple",
        "purple",
        "purple",
        "red",
        "red",
        "red",
        "red",
        "red",
        "green",
        "green"
      ],
      "mood_vectors": [
        [
          0.24388990085288945,
          0.06362088949189629,
          0.01550110014344962,
          0.3381002334556729,
          0.10339468681966384,
          0.061933282891226474,
          0.17355990634520138
        ],
        [
          0.018461543512837693,
          0.21131171103146187,
          0.07077053112803673,
          0.21502447221811102,
          0.08447688751938391,
          0.20580102888677057,
          0.19415382570339823
        ],
        [
          0.025756361205548042,
          0.21246052067564963,
          0.2653049481593516,
          0.162512664035259,
          0.022328145953707683,
          0.14323130996117978,
          0.16840605000930436
        ],
        [
          0.2683615116946798,
          0.2511903133112032,
          0.030603352605388903,
          0.07888465714188303,
          0.2656832587339226,
          0.09104088933886587,
          0.014236017174056535
        ],
        [
          0.16933698078090978,
          0.18399786486270878,
          0.23531906849372614,
          0.15844364178026882,
          0.08297464953428504,
          0.0590644156401584,
          0.11086337890794308
        ],
        [
          0.06327969296142229,
          0.10664556474208044,
          0.0669904771431222,
          0.20891215090709975,
          0.21713728294365298,
          0.1523879554556744,
          0.1846468758469479
        ],
        [
          0.22342988719733137,
          0.14204538164301983,
          0.11127733364485538,
          0.017118938500996106,
          0.083061140979741,
          0.22787126826677934,
          0.19519604976727692
        ],
        [
          0.029537270214011462,
          0.2524911494335261,
          0.22311509122063541,
          0.2707748699101046,
          0.04814867298074591,
          0.03606959213130752,
          0.13986335410966905
        ],
        [
          0.21035985571520951,
          0.12484836059044269,
          0.006334805190767495,
          0.2147997507680304,
          0.21678930963075987,
          0.12232584377571029,
          0.1045420743290798
        ],
        [
          0.09060901120533331,
          0.0842109107579332,
          0.15979405188222062,
          0.22259262846874484,
          0.17776946156876203,
          0.17476212642300887,
          0.09026180969399714
        ],
        [
          0.04040577288738666,
          0.09898520179342345,
          0.06639255627636897,
          0.2629368598248805,
          0.2250470956902638,
          0.0017995221536743682,
          0.3044329913740022
        ],
        [
          0.19175912802582504,
          0.162171247739991,
          0.18179808474141956,
          0.17435921627920678,
          0.1047567342628452,
          0.04663012172370036,
          0.1385254672270121
        ],
        [
          0.2205519719594056,
          0.12029022989064786,
          0.2229513535053071,
          0.07048334315013008,
          0.04619384285422232,
          0.11586052123945241,
          0.20366873740083474
        ],
        [
          0.1702424183503461,
          0.20617052175429973,
          0.20512015545145684,
          0.018575268494964877,
          0.20329143986605508,
          0.11626621779230843,
          0.080333978290569
        ],
        [
          0.20181837611746148,
          0.048511342538283965,
          0.16266336877273857,
          0.1485697236928533,
          0.026034409133686688,
          0.31517127669538675,
          0.09723150304958925
        ],
        [
          0.22000157736210024,
          0.09470506154166847,
          0.1576886793559805,
          0.054827631939652885,
          0.1775472152639103,
          0.13934625379399385,
          0.15588358074269382
        ],
        [
          0.22255945048288917,
          0.2533902266535373,
          0.053487931528937965,
          0.09982602978643179,
          0.1978560254586625,
          0.07767028974944726,
          0.09521004634009403
        ],
        [
          0.024905546201358174,
          0.31471852876571743,
          0.09395009359881829,
          0.09403130608214219,
          0.24318276094874527,
          0.1720489852309148,
          0.057162779172303814
        ],
        [
          0.16804327836369048,
          0.03634186328981048,
          0.1630474410602079,
          0.17734185211713457,
          0.19586509985171804,
          0.16168816190783242,
          0.09767230340960605
        ],
        [
          0.1128371274778796,
          0.1582785710375269,
          0.206486007548988,
          0.24921188247855433,
          0.2253971061944303,
          0.04127722000545451,
          0.006512085257166324
        ],
        [
          0.10615750399301398,
          0.21679972955489354,
          0.24386361185270064,
          0.06048736041046073,
          0.14376270733438717,
          0.19684832470924207,
          0.032080762145301756
        ],
        [
          0.0722874270883207,
          0.17185858310173732,
          0.19071599490492372,
          0.1650256227489055,
          0.21266905243659417,
          0.15955816325559855,
          0.027885156463920088
        ],
        [
          0.27673187368005636,
          0.00030484842963955324,
          0.09608190699783153,
          0.20595237631489058,
          0.22619664350952254,
          0.0005451494080474616,
          0.1941872016600119
        ],
        [
          0.12828686603079675,
          0.14156968160461128,
          0.17320014510770398,
          0.07416974182347592,
          0.18533748871063618,
          0.11717692591545849,
          0.18025915080731744
        ],
        [
          0.02699199644035536,
          0.14235264279653187,
          0.2703633489931302,
          0.045721624708677994,
          0.33643820996531776,
          0.1683812403972522,
          0.009750936698734674
        ],
        [
          0.2599838998179145,
          0.19465047054459117,
          0.21488637131560043,
          0.05744799276470715,
          0.017581178685803056,
          0.018405157650074725,
          0.237044929221309
        ],
        [
          0.037335217378720385,
          0.15285402143128102,
          0.15144708331840928,
          0.1403904477889183,
          0.2371499622277673,
          0.0706705901115432,
          0.21015267774336044
        ],
        [
          0.04022628022556959,
          0.18692569166731424,
          0.19455488667754686,
          0.20954137958303812,
          0.040916390406402554,
          0.21184204518302321,
          0.11599332625710536
        ],
        [
          0.1315565220633422,
          0.07223873910505087,
          0.20881461036547563,
          0.16557629524937326,
          0.04450825805081356,
          0.20414712633868046,
          0.17315844882726408
        ],
        [
          0.15925520530249973,
          0.09385521802873928,
          0.08046506996515491,
          0.15177997857507075,
          0.1432661567483981,
          0.2772848092117333,
          0.09409356216840391
        ],
        [
          0.05614039557312848,
          0.16477541101529233,
          0.06342876832758078,
          0.1401198962121954,
          0.2755212396969372,
          0.06856987797914552,
          0.23144441119572037
        ],
        [
          0.24909526728608491,
          0.23513293859525494,
          0.15524141044190537,
          0.0015440131431021056,
          0.2206065409031601,
          0.07059489051630054,
          0.06778493911419199
        ]
      ],
      "timestamps": [
        0,
        1,
        2,
        3,
        4,
        5,
        6,
        7,
        8,
        9,
        10,
        11,
        12,
        13,
        14,
        15,
        16,
        17,
        18,
        19,
        20,
        21,
        22,
        23,
        24,
        25,
        26,
        27,
        28,
        29,
        30,
        31
      ],
      "distance": 710.5
    },
    {
      "trip_id": 1,
      "transport_method": "foot",
      "start_time": 32,
      "path": [
        [
          1.5186343999999996,
          42.50592340000001
        ],
        [
          1.5187578328722173,
          42.506324238045465
        ],
        [
          1.5193833986755647,
          42.50621571660248
        ],
        [
          1.518761947794979,
          42.50632955777633
        ],
        [
          1.5183945415658706,
          42.505777657147455
        ],
        [
          1.5187709569788446,
          42.50548289774479
        ],
        [
          1.5184583981818551,
          42.505182014264264
        ],
        [
          1.518971453488721,
          42.50500425821107
        ],
        [
          1.5196250820117665,
          42.50514188233946
        ],
        [
          1.5192128894651886,
          42.505055093532135
        ],
        [
          1.518580826792808,
          42.5049686130218
        ],
        [
          1.5183234650446613,
          42.50557339746781
        ],
        [
          1.5186277376455277,
          42.50615605224143
        ],
        [
          1.5189847888259702,
          42.50653228691831
        ],
        [
          1.5194561037643441,
          42.50674722367883
        ],
        [
          1.5195362254554838,
          42.50667453209961
        ],
        [
          1.5199623580436556,
          42.50694491605717
        ],
        [
          1.5198685892134642,
          42.5073798040977
        ],
        [
          1.5199230734979592,
          42.50762857326269
        ],
        [
          1.519584646602238,
          42.508057808137266
        ],
        [
          1.5198106687118382,
          42.50862541363209
        ],
        [
          1.519615936449662,
          42.50823408830908
        ],
        [
          1.5197626686737487,
          42.5077076056823
        ],
        [
          1.520380946160889,
          42.507572454507404
        ],
        [
          1.5209734043465652,
          42.50788029042008
        ],
        [
          1.521563092304763,
          42.50819403993611
        ],
        [
          1.522193304335958,
          42.50840422495418
        ],
        [
          1.5228356402715082,
          42.50836511051049
        ],
        [
          1.5234343807641546,
          42.508491662260674
        ],
        [
          1.5238905661675048,
          42.50880935966435
        ],
        [
          1.5239874559306452,
          42.508749469695964
        ],
        [
          1.524643033955714,
          42.508877485710194
        ],
        [
          1.5252986119807828,
          42.509005501724424
        ],
        [
          1.525403376327603,
          42.509139356662814
        ],
        [
          1.5257898334979514,
          42.50912381434143
        ],
        [
          1.5264391667489758,
          42.50928045717071
        ],
        [
          1.5270885000000003,
          42.5094371
        ]
      ],
      "emotions": [
        "green",
        "green",
        "green",
        "purple",
        "purple",
        "purple",
        "purple",
        "purple",
        "purple",
        "purple",
        "purple",
        "purple",
        "purple",
        "green",
        "green",
        "green",
        "green",
        "green",
        "green",
        "green",
        "green",
        "green",
        "green",
        "green",
        "green",
        "green",
        "green",
        "green",
        "red",
        "red",
        "red",
        "red",
        "red",
        "red",
        "red",
        "red",
        "red"
      ],
      "mood_vectors": [
        [
          0.2890737222718961,
          0.11410308111854214,
          0.02915565922571844,
          0.09687156579028784,
          0.18093460010403248,
          0.02914200389622884,
          0.2607193675932942
        ],
        [
          0.19387125140203448,
          0.14193837719034827,
          0.11015438380917723,
          0.19521257925341629,
          0.07024950975105772,
          0.19082744593353468,
          0.09774645266043136
        ],
        [
          0.10132835400210626,
          0.1555144057597969,
          0.13107543813246994,
          0.16729639970010202,
          0.2105859652174039,
          0.08767385161761705,
          0.1465255855705039
        ],
        [
          0.1544548146070923,
          0.18993985344964257,
          0.050263609305031785,
          0.10497000911214457,
          0.19876420645300913,
          0.1352882955027691,
          0.16631921157031057
        ],
        [
          0.13111144069446765,
          0.061505961890035696,
          0.17738873672039912,
          0.09151313507435012,
          0.20306205597927396,
          0.07888292741136994,
          0.2565357422301035
        ],
        [
          0.08301152837108541,
          0.15305620073868145,
          0.12223719728845416,
          0.14742394266631054,
          0.15552915455972036,
          0.14946450387963492,
          0.18927747249611326
        ],
        [
          0.01921117960737145,
          0.09739374460162913,
          0.13097340295174184,
          0.18274387748223603,
          0.2081452781828595,
          0.17535166741179006,
          0.18618084976237195
        ],
        [
          0.2185729807711586,
          0.14465914120529552,
          0.0092857828998916,
          0.09586618857880845,
          0.16776501262686894,
          0.16609661909930692,
          0.19775427481866995
        ],
        [
          0.11788621555611681,
          0.2191628747464908,
          0.08932959357437614,
          0.15857642058080185,
          0.2857380263997941,
          0.018861011136860065,
          0.11044585800556017
        ],
        [
          0.18945747553663894,
          0.18272371068570556,
          0.03188979940221933,
          0.1482584081055677,
          0.05712419170689917,
          0.20208928914689367,
          0.18845712541607565
        ],
        [
          0.1143374854242967,
          0.002866828165498976,
          0.2231420950036496,
          0.11501969742315077,
          0.23131521396623123,
          0.16903232139724778,
          0.144286358619925
        ],
        [
          0.07087288260739313,
          0.2613953992792465,
          0.13860559626530294,
          0.153033975054535,
          0.008057374851073882,
          0.1999628805420031,
          0.1680718914004455
        ],
        [
          0.08581618163019092,
          0.2171950609671595,
          0.1925942574665478,
          0.21263740563691416,
          0.0445980225689736,
          0.1740842811554385,
          0.07307479057477556
        ],
        [
          0.12319228154249229,
          0.16105024029008982,
          0.24656162617334532,
          0.18539277803099138,
          0.16185810535302259,
          0.03281644124282434,
          0.08912852736723423
        ],
        [
          0.07177928645353841,
          0.35286053613168955,
          0.06541475641239995,
          0.2009316137666376,
          0.03246265808580365,
          0.2380912174127626,
          0.03845993173716825
        ],
        [
          0.16355628777084127,
          0.2139824076410247,
          0.20124884139524407,
          0.1574693801643335,
          0.16952578124528558,
          0.0012510456235666058,
          0.09296625615970418
        ],
        [
          0.07126759684783135,
          0.08709773510151854,
          0.1167970322152457,
          0.14599519905248182,
          0.2824297238957815,
          0.27598010885906277,
          0.020432604028078227
        ],
        [
          0.009887449182055013,
          0.19504401838193014,
          0.07476646288522852,
          0.32394913571397554,
          0.2375722872775656,
          0.004022124813975511,
          0.15475852174526958
        ],
        [
          0.000401802899629613,
          0.13194353521055538,
          0.26812462917577085,
          0.06273291375204774,
          0.12257266879743477,
          0.3181105743478804,
          0.09611387581668127
        ],
        [
          0.10851803829011519,
          0.21484411496923214,
          0.2005191133340124,
          0.1625083570471023,
          0.010091718853737951,
          0.22497457060897794,
          0.07854408689682213
        ],
        [
          0.17881131483054372,
          0.19605491503313963,
          0.05918617364403561,
          0.10673175405038617,
          0.07472941690591914,
          0.2117277391363778,
          0.1727586863995979
        ],
        [
          0.1555832593727177,
          0.27092116226623403,
          0.019496023693308287,
          0.07433549670632865,
          0.1691199962551182,
          0.06685519854076453,
          0.24368886316552857
        ],
        [
          0.06618798432819342,
          0.2162607297251579,
          0.22027321935692348,
          0.1740571680041564,
          0.04769464048630778,
          0.2537938151542258,
          0.02173244294503526
        ],
        [
          0.10379444512089497,
          0.1589394744077576,
          0.10939303566648857,
          0.12149332618409565,
          0.18206199112985125,
          0.14955381659975428,
          0.1747639108911577
        ],
        [
          0.35484564534563606,
          0.17502890465233104,
          0.25506201238497384,
          0.05613113213319809,
          0.006946121025264228,
          0.08571790079960795,
          0.06626828365898868
        ],
        [
          0.09646534015863083,
          0.18072429197056286,
          0.0038291162243830456,
          0.17081843086641654,
          0.15062246275326036,
          0.23863833468053328,
          0.1589020233462131
        ],
        [
          0.025632907322091572,
          0.12273377032593447,
          0.07017358459462401,
          0.32122140474571376,
          0.06924964943865254,
          0.09942333562181238,
          0.2915653479511713
        ],
        [
          0.0780794932585439,
          0.16846674604748632,
          0.18453221711355464,
          0.14169824657097785,
          0.07030633754796277,
          0.18426873326039678,
          0.1726482262010778
        ],
        [
          0.1273775250451303,
          0.04740047017816172,
          0.11645903756981166,
          0.13205715364613488,
          0.2479914439630423,
          0.19017262480607022,
          0.1385417447916489
        ],
        [
          0.11398305086663689,
          0.2068611895212332,
          0.067412376619943,
          0.15235232320529082,
          0.14380515022989274,
          0.1949732269155507,
          0.12061268264145272
        ],
        [
          0.2460969362474951,
          0.08392886094331235,
          0.028970491508761145,
          0.11764281616279602,
          0.2641213198506119,
          0.25251563900748547,
          0.0067239362795379915
        ],
        [
          0.042476543028622187,
          0.2528277637152859,
          0.04898654955547033,
          0.14734270560636267,
          0.24353777745033653,
          0.09758304913405352,
          0.16724561150986886
        ],
        [
          0.2173693346567804,
          0.10059382028307103,
          0.165738485440744,
          0.18196735242580747,
          0.05746517031462928,
          0.21291669760936793,
          0.06394913926959987
        ],
        [
          0.011046367076459965,
          0.0867589099414633,
          0.055044254532190175,
          0.4030368981120481,
          0.3973688861475279,
          0.012648818832826893,
          0.034095865357483594
        ],
        [
          0.22389780422815495,
          0.15859780158368025,
          0.07870593484940037,
          0.013447594791332559,
          0.06614459665459561,
          0.2316752939756558,
          0.22753097391718044
        ],
        [
          0.11178516393176988,
          0.12844530477199462,
          0.18882613573777157,
          0.0883199628697889,
          0.18385320160658727,
          0.1524151539289639,
          0.14635507715312396
        ],
        [
          0.061158273086819086,
          0.1976658309660108,
          0.062700096776473,
          0.14948027678745707,
          0.27320436794442343,
          0.1835046572499624,
          0.07228649718885415
        ]
      ],
      "timestamps": [
        32,
        33,
        34,
        35,
        36,
        37,
        38,
        39,
        40,
        41,
        42,
        43,
        44,
        45,
        46,
        47,
        48,
        49,
        50,
        51,
        52,
        53,
        54,
        55,
        56,
        57,
        58,
        59,
        60,
        61,
        62,
        63,
        64,
        65,
        66,
        67,
        68
      ],
      "distance": 1202.6
    },
    {
      "trip_id": 2,
      "transport_method": "bicycle",
      "start_time": 69,
      "path": [
        [
          1.5270885000000003,
          42.5094371
        ],
        [
          1.5264546455135146,
          42.509284191212465
        ],
        [
          1.525820791027029,
          42.50913128242493
        ],
        [
          1.5251858232190771,
          42.50898347724043
        ],
        [
          1.5245458728210717,
          42.50885851286376
        ],
        [
          1.5239098487151133,
          42.508721771183374
        ],
        [
          1.5233267973284366,
          42.508431376596576
        ],
        [
          1.5231115979037093,
          42.50797852164972
        ],
        [
          1.5237093601146054,
          42.507791434535044
        ],
        [
          1.5243601091381906,
          42.50783240178594
        ],
        [
          1.524627594094993,
          42.508166778356475
        ],
        [
          1.5250539258931666,
          42.50844624305435
        ],
        [
          1.5256874523241462,
          42.508599466492974
        ],
        [
          1.5263290487533958,
          42.508715684517895
        ],
        [
          1.526977729233957,
          42.508765151650124
        ],
        [
          1.5276294271204536,
          42.50878618667041
        ],
        [
          1.5281914566407697,
          42.50905208748299
        ],
        [
          1.5287240553663664,
          42.508862071534914
        ],
        [
          1.5284905440616003,
          42.50857632028345
        ],
        [
          1.527958569824435,
          42.50819928445183
        ],
        [
          1.5273279322004387,
          42.50812199098501
        ],
        [
          1.5272079822805154,
          42.50811966274432
        ],
        [
          1.5278598967614683,
          42.508132316473684
        ],
        [
          1.5276776430862022,
          42.50762896916262
        ],
        [
          1.5271704000000008,
          42.50722119999999
        ]
      ],
      "emotions": [
        "red",
        "green",
        "green",
        "green",
        "green",
        "green",
        "red",
        "red",
        "red",
        "red",
        "red",
        "purple",
        "purple",
        "purple",
        "purple",
        "purple",
        "red",
        "red",
        "red",
        "red",
        "red",
        "green",
        "green",
        "green",
        "green"
      ],
      "mood_vectors": [
        [
          0.2155738538827374,
          0.12150777464096005,
          0.24105703301554976,
          0.08041861772851079,
          0.05167682533248067,
          0.23069969281223598,
          0.05906620258752535
        ],
        [
          0.06205891824118435,
          0.2015657658766828,
          0.07166833658665919,
          0.10634343331907418,
          0.18989495842630197,
          0.17466979678374814,
          0.19379879076634943
        ],
        [
          0.0846616038575266,
          0.1444603730656002,
          0.18084489356185898,
          0.1495914532429939,
          0.20169576872613737,
          0.11663880479245692,
          0.12210710275342604
        ],
        [
          0.037970524342266825,
          0.12467870982585269,
          0.1965004692975167,
          0.18679881153610606,
          0.0328526344683442,
          0.2379980540596348,
          0.18320079647027873
        ],
        [
          0.2749449533841744,
          0.1717473766950201,
          0.00892405655885301,
          0.08795724797006191,
          0.029240370362385658,
          0.2729519026327567,
          0.15423409239674818
        ],
        [
          0.26736126181029773,
          0.09249437859626997,
          0.11496834959006001,
          0.05365781320352567,
          0.14399403140300668,
          0.09000324497939997,
          0.23752092041743994
        ],
        [
          0.09684054818066144,
          0.08889985008724838,
          0.23617685905903563,
          0.1746958751709497,
          0.024795291063745742,
          0.14221192814844352,
          0.2363796482899156
        ],
        [
          0.26403322489119563,
          0.10260548536279206,
          0.017823867951288017,
          0.10152802572013887,
          0.06925452761848117,
          0.33625521470915737,
          0.10849965374694684
        ],
        [
          0.22155443095087096,
          0.03954355249388434,
          0.07942269825191203,
          0.16552188242249102,
          0.17344264759423283,
          0.20699551503246028,
          0.11351927325414857
        ],
        [
          0.09725352339366226,
          0.08843788444649293,
          0.2140542322222605,
          0.20322203159642738,
          0.2189536099213185,
          0.17020840066249326,
          0.007870317757345152
        ],
        [
          0.08766999762003068,
          0.2368273686982414,
          0.21516851625167913,
          0.14155345993840618,
          0.07982939278330829,
          0.14479453616277352,
          0.09415672854556079
        ],
        [
          0.14713258197572873,
          0.20638670224509933,
          0.17600573021843074,
          0.2063354202742801,
          0.07809338920818633,
          0.08730192225570131,
          0.0987442538225735
        ],
        [
          0.0849066404112633,
          0.06590911231271304,
          0.18416497185623157,
          0.2198706727330325,
          0.2126769330421099,
          0.22881947853815413,
          0.003652191106495448
        ],
        [
          0.044182832007394555,
          0.09559886101505083,
          0.18284028962763743,
          0.26091297687292014,
          0.16330471517788717,
          0.025342763363449622,
          0.2278175619356603
        ],
        [
          0.2426318358899125,
          0.2143999276907784,
          0.060026353948316624,
          0.0014976566246828573,
          0.1896683020880925,
          0.118774448679486,
          0.17300147507873118
        ],
        [
          0.2675066159664116,
          0.11765500973565063,
          0.05097939879799117,
          0.19709699305153264,
          0.15293001536139733,
          0.1331581927612664,
          0.08067377432575018
        ],
        [
          0.0271992683123012,
          0.1172419310783053,
          0.37499974955636173,
          0.11506407077427569,
          0.1319368632626294,
          0.1676152599094199,
          0.0659428571067068
        ],
        [
          0.028162544186243473,
          0.19325192195756505,
          0.2261443925930095,
          0.23941069140649682,
          0.10481837141062225,
          0.1954288882220919,
          0.012783190223971052
        ],
        [
          0.0414478698412269,
          0.13654603604177262,
          0.2921657636398503,
          0.02741806872739129,
          0.22949716850445934,
          0.2432502041763693,
          0.029674889068930347
        ],
        [
          0.24943141872385693,
          0.16329001900202342,
          0.028209939801652314,
          0.029168338993144947,
          0.0753858791776302,
          0.17182607838293978,
          0.28268832591875237
        ],
        [
          0.07935245830335542,
          0.08072353735325304,
          0.12167282914425116,
          0.21827110551737097,
          0.11872804693586622,
          0.2472390024574331,
          0.13401302028847015
        ],
        [
          0.2231992156577037,
          0.01445105824976121,
          0.040722453186181805,
          0.090380115538142,
          0.33631123986713385,
          0.1522190693763981,
          0.14271684812467927
        ],
        [
          0.1034734488194282,
          0.2226447270001056,
          0.24038383808679398,
          0.07918753330007347,
          0.00630388879515719,
          0.22012200153901884,
          0.12788456245942273
        ],
        [
          0.11805990722205445,
          0.20642313737516424,
          0.05089950824471108,
          0.2094132007190321,
          0.1727322062977063,
          0.19748264861696305,
          0.044989391524368726
        ],
        [
          0.2741139311990435,
          0.04069442070685837,
          0.09627080201062718,
          0.09645467029242956,
          0.20109058031503863,
          0.01344008038031715,
          0.27793551509568565
        ]
      ],
      "timestamps": [
        69,
        70,
        71,
        72,
        73,
        74,
        75,
        76,
        77,
        78,
        79,
        80,
        81,
        82,
        83,
        84,
        85,
        86,
        87,
        88,
        89,
        90,
        91,
        92,
        93
      ],
      "distance": 256.8
    },
    {
      "trip_id": 3,
      "transport_method": "car",
      "start_time": 94,
      "path": [
        [
          1.5271704000000008,
          42.50722119999999
        ],
        [
          1.52796584844017,
          42.50729856110645
        ],
        [
          1.5272381564882527,
          42.50717242227606
        ],
        [
          1.5264415436813021,
          42.50710814943916
        ],
        [
          1.5264870743342793,
          42.506885848360334
        ],
        [
          1.5272835000000002,
          42.506952399999996
        ]
      ],
      "emotions": [
        "green",
        "purple",
        "purple",
        "purple",
        "purple",
        "purple"
      ],
      "mood_vectors": [
        [
          0.07922176115229217,
          0.2289960439206792,
          0.21919527293229935,
          0.03750272331096078,
          0.2512286185672918,
          0.10844771924628625,
          0.07540786087019054
        ],
        [
          0.35658510070794114,
          0.006362078181767662,
          0.35685837272540366,
          0.012069397077352191,
          0.14824937922069586,
          0.08993301189551497,
          0.029942660191324397
        ],
        [
          0.14520614634795165,
          0.05671828386348303,
          0.21781791573787015,
          0.22010694190180452,
          0.13630933541871287,
          0.0993002376331615,
          0.12454113909701625
        ],
        [
          0.1358189351703539,
          0.1659008925652264,
          0.07077262358169173,
          0.12868401377207497,
          0.22182180959156553,
          0.09101413319212742,
          0.18598759212695998
        ],
        [
          0.06963086709623795,
          0.2240517765206661,
          0.2035914718132123,
          0.08324453365406397,
          0.147175346011351,
          0.18458597733127208,
          0.08772002757319669
        ],
        [
          0.290577264924009,
          0.052364862148860526,
          0.1755909666723861,
          0.2604093031512649,
          0.064379257007223,
          0.07338303834146584,
          0.08329530775479059
        ]
      ],
      "timestamps": [
        94,
        95,
        96,
        97,
        98,
        99
      ],
      "distance": 1377.6
    }
  ],
  "conversation": [
    "Korean BBQ for dinner? Tempting.",
    "Where did the time go?",
    "Hope the traffic isn't too bad."
  ],
  "conversation_timestamps": [
    10,
    31,
    47
  ]
}
