{"agent_id": "agent-red-411", "type": "red", "trips": [{"trip_id": 0, "transport_method": "foot", "start_time": 0, "path": [[1.5247363, 42.5068561], [1.5246898, 42.5068602], [1.5246434, 42.5068643], [1.5245969, 42.5068684], [1.5245504, 42.5068726], [1.524504, 42.5068767], [1.5244575, 42.5068808], [1.5244111, 42.5068849], [1.5243646, 42.5068891], [1.5243182, 42.5068932], [1.5242717, 42.5068973], [1.5242257, 42.5068962], [1.5241806, 42.5068844], [1.5241355, 42.5068726], [1.5240903, 42.5068607], [1.5240452, 42.5068489], [1.5240001, 42.5068371], [1.523955, 42.5068253], [1.5239099, 42.5068134], [1.5238648, 42.5068016], [1.5238197, 42.5067898], [1.5237745, 42.5067779], [1.5237294, 42.5067661], [1.5236843, 42.5067543], [1.5236392, 42.5067425], [1.5235941, 42.5067306], [1.523549, 42.5067188], [1.5235039, 42.506707], [1.5234588, 42.5066952], [1.5234136, 42.5066833], [1.5233685, 42.5066715], [1.5233247, 42.5066557], [1.5232809, 42.5066395], [1.5232372, 42.5066232], [1.5231935, 42.506607], [1.5231498, 42.5065908], [1.523106, 42.5065746], [1.5230623, 42.5065584], [1.5230186, 42.5065422], [1.5229748, 42.506526], [1.5229311, 42.5065098], [1.5228874, 42.5064936], [1.5228436, 42.5064773], [1.5227999, 42.5064611], [1.5227562, 42.5064449], [1.522711, 42.5064335], [1.5226657, 42.5064222], [1.5226205, 42.5064109], [1.5226082, 42.5063841], [1.5226282, 42.506342], [1.5226482, 42.5062998], [1.5226683, 42.5062577], [1.5226883, 42.5062156], [1.5227083, 42.5061735], [1.5227284, 42.5061314], [1.5227484, 42.5060893], [1.5227685, 42.5060472], [1.5227885, 42.506005], [1.5228085, 42.5059629], [1.5228286, 42.5059208], [1.5228486, 42.5058787], [1.5228686, 42.5058366], [1.5228887, 42.5057945], [1.5229087, 42.5057523], [1.5229287, 42.5057102], [1.5229488, 42.5056681], [1.5229688, 42.505626], [1.5229884, 42.5055837], [1.5230079, 42.5055413], [1.5230273, 42.5054989], [1.5230467, 42.5054565], [1.5230662, 42.5054141], [1.5230856, 42.5053717], [1.523105, 42.5053293], [1.5231244, 42.5052869], [1.5231439, 42.5052445], [1.5231633, 42.5052021], [1.5231791, 42.5051584], [1.5231906, 42.5051132], [1.5232022, 42.505068]], "mood_vectors": [[0.7785, 0.0424, 0.0565, 0.0385, 0.0164, 0.038, 0.0297], [0.7045, 0.0627, 0.0248, 0.0442, 0.0669, 0.0635, 0.0335], [0.7224, 0.0583, 0.0744, 0.0581, 0.0497, 0.0135, 0.0236], [0.7905, 0.0187, 0.0328, 0.0458, 0.041, 0.0533, 0.0178], [0.6669, 0.0516, 0.0746, 0.0824, 0.0242, 0.0582, 0.042], [0.7042, 0.0687, 0.0436, 0.0419, 0.0189, 0.059, 0.0637], [0.7312, 0.0348, 0.0157, 0.0722, 0.027, 0.0525, 0.0666], [0.7319, 0.0475, 0.0328, 0.0172, 0.0506, 0.0491, 0.0709], [0.6633, 0.0596, 0.067, 0.0559, 0.0593, 0.0437, 0.0512], [0.6785, 0.0687, 0.055, 0.0494, 0.0575, 0.0696, 0.0214], [0.6361, 0.0827, 0.0782, 0.0755, 0.0228, 0.0295, 0.0753], [0.6828, 0.0663, 0.0441, 0.0563, 0.0677, 0.0238, 0.0589], [0.6635, 0.0622, 0.0801, 0.0513, 0.0799, 0.0486, 0.0145], [0.6152, 0.0786, 0.0715, 0.0705, 0.0436, 0.0686, 0.0521], [0.6988, 0.0719, 0.0595, 0.0581, 0.0483, 0.0492, 0.0141], [0.7877, 0.0282, 0.0517, 0.0437, 0.0369, 0.0298, 0.022], [0.6183, 0.0755, 0.0887, 0.04, 0.0395, 0.0686, 0.0693], [0.6628, 0.0405, 0.0571, 0.0502, 0.0882, 0.0479, 0.0532], [0.6448, 0.0334, 0.0535, 0.0772, 0.0777, 0.0574, 0.0561], [0.6901, 0.0395, 0.0791, 0.0485, 0.0735, 0.0221, 0.0472], [0.6918, 0.0467, 0.0226, 0.0183, 0.0673, 0.0687, 0.0846], [0.6807, 0.067, 0.0799, 0.0535, 0.0336, 0.0476, 0.0376], [0.7019, 0.0195, 0.0469, 0.0888, 0.014, 0.0799, 0.0489], [0.7015, 0.0568, 0.0711, 0.0405, 0.0318, 0.0228, 0.0755], [0.6717, 0.0832, 0.0554, 0.0513, 0.0226, 0.0349, 0.081], [0.7148, 0.0679, 0.0335, 0.0272, 0.0739, 0.0263, 0.0565], [0.7178, 0.0696, 0.04, 0.0154, 0.0466, 0.0544, 0.0562], [0.6778, 0.0468, 0.0582, 0.0662, 0.038, 0.0442, 0.0689], [0.7459, 0.0238, 0.0459, 0.0566, 0.0153, 0.0608, 0.0515], [0.6706, 0.0578, 0.0505, 0.0557, 0.0535, 0.0373, 0.0747], [0.6795, 0.0301, 0.0438, 0.0591, 0.0387, 0.0649, 0.0839], [0.7095, 0.0612, 0.033, 0.081, 0.0551, 0.0334, 0.0267], [0.7103, 0.0259, 0.0741, 0.0674, 0.0398, 0.0169, 0.0655], [0.7635, 0.0171, 0.0162, 0.0473, 0.0652, 0.0607, 0.03], [0.7314, 0.0681, 0.0621, 0.0632, 0.0234, 0.0182, 0.0336], [0.651, 0.0864, 0.0147, 0.0899, 0.059, 0.0152, 0.0838], [0.7614, 0.0117, 0.0337, 0.0778, 0.0279, 0.0354, 0.0521], [0.783, 0.0312, 0.0419, 0.0476, 0.0197, 0.0384, 0.0381], [0.7203, 0.0242, 0.0465, 0.0345, 0.0587, 0.0598, 0.056], [0.6274, 0.0616, 0.0668, 0.0456, 0.0628, 0.0669, 0.0689], [0.7158, 0.0576, 0.0479, 0.0282, 0.0504, 0.0614, 0.0387], [0.6608, 0.0745, 0.063, 0.0528, 0.0687, 0.0378, 0.0425], [0.698, 0.0627, 0.0596, 0.0467, 0.0623, 0.0112, 0.0595], [0.5531, 0.0866, 0.0479, 0.0761, 0.0681, 0.0833, 0.0848], [0.7303, 0.0221, 0.016, 0.0829, 0.049, 0.0315, 0.0683], [0.7109, 0.0225, 0.0451, 0.0493, 0.0617, 0.0793, 0.0314], [0.6596, 0.067, 0.0557, 0.0301, 0.0661, 0.0468, 0.0747], [0.6674, 0.0452, 0.0656, 0.031, 0.0579, 0.0634, 0.0695], [0.6141, 0.0861, 0.0627, 0.0738, 0.0564, 0.0872, 0.0198], [0.7227, 0.0236, 0.0551, 0.0561, 0.0427, 0.0457, 0.0541], [0.6911, 0.0621, 0.0315, 0.0503, 0.0399, 0.0665, 0.0586], [0.7537, 0.0199, 0.0604, 0.0147, 0.066, 0.03, 0.0553], [0.6508, 0.068, 0.0554, 0.0526, 0.0718, 0.0357, 0.0658], [0.6741, 0.0601, 0.0356, 0.0692, 0.0516, 0.0507, 0.0586], [0.7602, 0.0373, 0.0266, 0.0581, 0.0262, 0.0762, 0.0153], [0.7505, 0.0496, 0.0523, 0.0389, 0.0235, 0.017, 0.0682], [0.685, 0.0789, 0.0702, 0.0176, 0.0497, 0.0349, 0.0637], [0.7385, 0.0461, 0.0571, 0.0472, 0.0196, 0.0604, 0.0311], [0.6583, 0.0674, 0.0741, 0.0889, 0.0352, 0.0452, 0.0309], [0.6532, 0.0806, 0.085, 0.0546, 0.0327, 0.0664, 0.0276], [0.6677, 0.0586, 0.036, 0.0596, 0.034, 0.0837, 0.0604], [0.634, 0.0504, 0.0596, 0.0656, 0.0262, 0.0663, 0.0979], [0.625, 0.0371, 0.0518, 0.0414, 0.0784, 0.0903, 0.0759], [0.691, 0.0471, 0.0481, 0.0752, 0.0427, 0.0334, 0.0625], [0.7011, 0.0516, 0.0423, 0.0449, 0.0423, 0.0428, 0.075], [0.7549, 0.027, 0.0563, 0.0139, 0.0543, 0.0505, 0.0431], [0.6968, 0.0492, 0.053, 0.0403, 0.0162, 0.0901, 0.0544], [0.7838, 0.0293, 0.0292, 0.0261, 0.0225, 0.0565, 0.0525], [0.7582, 0.0566, 0.0292, 0.0192, 0.0428, 0.0732, 0.0208], [0.6818, 0.0632, 0.0701, 0.0455, 0.0344, 0.0664, 0.0386], [0.8036, 0.0155, 0.0355, 0.0121, 0.0332, 0.029, 0.0712], [0.7288, 0.0167, 0.0626, 0.0594, 0.0597, 0.0537, 0.019], [0.6467, 0.0765, 0.0626, 0.0995, 0.0545, 0.0213, 0.0389], [0.7147, 0.074, 0.0698, 0.0371, 0.0394, 0.0285, 0.0364], [0.7546, 0.0441, 0.0432, 0.0664, 0.0281, 0.046, 0.0176], [0.7526, 0.0247, 0.074, 0.059, 0.048, 0.0253, 0.0164], [0.7202, 0.0335, 0.0732, 0.0368, 0.0739, 0.0234, 0.0391], [0.6976, 0.0666, 0.0784, 0.0233, 0.0769, 0.0372, 0.02], [0.7057, 0.0258, 0.0368, 0.0656, 0.0746, 0.0167, 0.0747], [0.6472, 0.0242, 0.0517, 0.0639, 0.0769, 0.0906, 0.0455]], "emotions": ["red", "red", "red", "red", "red", "red", "red", "red", "red", "red", "red", "red", "red", "red", "red", "red", "red", "red", "red", "red", "red", "red", "red", "red", "red", "red", "red", "red", "red", "red", "red", "red", "red", "red", "red", "red", "red", "red", "red", "red", "red", "red", "red", "red", "red", "red", "red", "red", "red", "red", "red", "red", "red", "red", "red", "red", "red", "red", "red", "red", "red", "red", "red", "red", "red", "red", "red", "red", "red", "red", "red", "red", "red", "red", "red", "red", "red", "red", "red", "red"], "timestamps": [0, 40, 80, 120, 160, 200, 240, 280, 320, 360, 400, 440, 480, 520, 560, 600, 640, 680, 720, 760, 800, 840, 880, 920, 960, 1000, 1040, 1080, 1120, 1160, 1200, 1240, 1280, 1320, 1360, 1400, 1440, 1480, 1520, 1560, 1600, 1640, 1680, 1720, 1760, 1800, 1840, 1880, 1920, 1960, 2000, 2040, 2080, 2120, 2160, 2200, 2240, 2280, 2320, 2360, 2400, 2440, 2480, 2520, 2560, 2600, 2640, 2680, 2720, 2760, 2800, 2840, 2880, 2920, 2960, 3000, 3040, 3080, 3120, 3160]}], "conversation": [], "conversation_timestamps": []}