{"agent_id": "agent-purple-1384", "type": "purple", "trips": [{"trip_id": 0, "transport_method": "bicycle", "start_time": 0, "path": [[1.5243485, 42.5098084], [1.5247248, 42.5097628], [1.5250999, 42.5097633], [1.5254713, 42.5097762], [1.5258306, 42.5097347], [1.5261603, 42.5098868], [1.526431, 42.5101521], [1.5267017, 42.5104174], [1.5269724, 42.5106827], [1.5270524, 42.5103759], [1.5267391, 42.5101677], [1.5264145, 42.509972], [1.5260829, 42.5097911], [1.5263769, 42.5099294], [1.5267225, 42.5100852], [1.527068, 42.5102409], [1.5274136, 42.5103966], [1.5277591, 42.5105524], [1.5281047, 42.5107081], [1.5284502, 42.5108639], [1.5287957, 42.5110196], [1.5291413, 42.5111753], [1.5294868, 42.5113311], [1.5297882, 42.51147], [1.5294213, 42.5113768], [1.5290445, 42.511337], [1.5286673, 42.5113049], [1.5283015, 42.5112061], [1.5279447, 42.5110786], [1.527589, 42.5109477], [1.5272341, 42.5108148], [1.5272254, 42.5107917], [1.5275914, 42.5108901], [1.5279574, 42.5109885], [1.5283235, 42.5110869], [1.5286895, 42.5111852], [1.5290555, 42.5112836], [1.5294215, 42.511382], [1.5297876, 42.5114804], [1.5301536, 42.5115788], [1.5305175, 42.5116846], [1.5308406, 42.5118774], [1.5309924, 42.5122111], [1.5312905, 42.5123175], [1.5316318, 42.5121528], [1.5319999, 42.5121937], [1.5323715, 42.5122659], [1.5327087, 42.5124239], [1.5330239, 42.5126337], [1.5331269, 42.5127898], [1.5332276, 42.5129709], [1.533587, 42.512988], [1.5339498, 42.5130459], [1.5343277, 42.5130692], [1.53468, 42.5130184], [1.5350266, 42.5128659], [1.5353968, 42.5127849], [1.5357673, 42.5127068], [1.5360365, 42.5129435], [1.5363394, 42.5131075], [1.5366997, 42.5130018], [1.5370677, 42.5129136], [1.5374345, 42.5128191], [1.5378021, 42.5127278], [1.5381741, 42.5126553], [1.5385462, 42.5125827], [1.5385415, 42.5126181], [1.5381678, 42.5126813], [1.5377932, 42.5127391], [1.5379162, 42.5126792], [1.5382789, 42.5125693], [1.5386417, 42.5124594], [1.5390044, 42.5123495], [1.5393558, 42.5122618], [1.5390973, 42.5124722], [1.5394227, 42.5125806], [1.5397906, 42.5124895], [1.5400619, 42.5124171], [1.539717, 42.5125494], [1.5393416, 42.5126007]], "mood_vectors": [[0.0745, 0.0764, 0.0439, 0.0132, 0.0305, 0.7308, 0.0307], [0.0198, 0.0677, 0.0531, 0.0704, 0.0662, 0.6916, 0.0312], [0.056, 0.0309, 0.0417, 0.0619, 0.054, 0.6909, 0.0646], [0.0502, 0.0719, 0.0493, 0.0351, 0.0215, 0.7317, 0.0403], [0.0705, 0.0617, 0.0504, 0.0274, 0.0264, 0.6934, 0.0703], [0.0621, 0.0643, 0.0123, 0.0595, 0.0683, 0.712, 0.0215], [0.0573, 0.0642, 0.0385, 0.0283, 0.0299, 0.7607, 0.0211], [0.0141, 0.0753, 0.0193, 0.0649, 0.0161, 0.7495, 0.0609], [0.0762, 0.0758, 0.0598, 0.0558, 0.0226, 0.6747, 0.0351], [0.0206, 0.0718, 0.0537, 0.0246, 0.0414, 0.6982, 0.0898], [0.0396, 0.0549, 0.0465, 0.0378, 0.0365, 0.7256, 0.0592], [0.0693, 0.0309, 0.0229, 0.0596, 0.0201, 0.7236, 0.0736], [0.044, 0.0892, 0.0193, 0.031, 0.0434, 0.6844, 0.0887], [0.0252, 0.0203, 0.0282, 0.1095, 0.0556, 0.6984, 0.0629], [0.0688, 0.0338, 0.0777, 0.0195, 0.0474, 0.7157, 0.037], [0.0462, 0.0409, 0.0757, 0.0451, 0.0143, 0.7169, 0.0609], [0.0249, 0.0592, 0.057, 0.0389, 0.0671, 0.708, 0.0449], [0.0576, 0.0258, 0.0571, 0.0487, 0.0221, 0.7301, 0.0586], [0.0561, 0.0124, 0.0692, 0.0602, 0.0487, 0.7362, 0.0172], [0.0351, 0.0733, 0.0192, 0.076, 0.0339, 0.7344, 0.0281], [0.04, 0.0277, 0.0685, 0.082, 0.0187, 0.7014, 0.0616], [0.0408, 0.0525, 0.052, 0.0652, 0.0299, 0.6872, 0.0723], [0.0411, 0.0427, 0.0652, 0.0663, 0.0763, 0.6242, 0.0841], [0.0754, 0.0586, 0.0569, 0.0727, 0.0855, 0.6041, 0.0468], [0.0738, 0.0643, 0.0653, 0.0482, 0.0206, 0.6642, 0.0636], [0.0542, 0.0661, 0.0183, 0.0367, 0.0334, 0.7352, 0.056], [0.0627, 0.0284, 0.0841, 0.0774, 0.0565, 0.6286, 0.0623], [0.043, 0.0261, 0.0475, 0.0304, 0.0359, 0.7486, 0.0684], [0.0204, 0.0554, 0.022, 0.0414, 0.0462, 0.7687, 0.0458], [0.0371, 0.0492, 0.072, 0.0721, 0.0973, 0.6352, 0.0371], [0.0701, 0.0618, 0.0725, 0.0257, 0.0186, 0.7343, 0.017], [0.0427, 0.0319, 0.0829, 0.0455, 0.0421, 0.6833, 0.0714], [0.0142, 0.0275, 0.024, 0.0749, 0.0507, 0.7142, 0.0943], [0.0822, 0.0834, 0.0453, 0.0373, 0.0458, 0.6832, 0.0227], [0.0481, 0.0611, 0.0218, 0.0203, 0.0166, 0.8029, 0.0293], [0.033, 0.0271, 0.0427, 0.0565, 0.0185, 0.8011, 0.0211], [0.0735, 0.019, 0.0763, 0.0352, 0.0167, 0.7155, 0.0638], [0.0693, 0.0264, 0.0371, 0.0559, 0.0367, 0.6995, 0.0752], [0.0288, 0.071, 0.0607, 0.0726, 0.0351, 0.703, 0.0289], [0.0143, 0.0377, 0.0806, 0.0805, 0.037, 0.6673, 0.0826], [0.0409, 0.0568, 0.052, 0.072, 0.0694, 0.6774, 0.0315], [0.0399, 0.0462, 0.0199, 0.0855, 0.0798, 0.6954, 0.0333], [0.0118, 0.0351, 0.0636, 0.0405, 0.0385, 0.7942, 0.0162], [0.0457, 0.0531, 0.0689, 0.0558, 0.044, 0.6846, 0.048], [0.0828, 0.0419, 0.0495, 0.0876, 0.0497, 0.6337, 0.0547], [0.0313, 0.0805, 0.0372, 0.0824, 0.0668, 0.6606, 0.0412], [0.0641, 0.0467, 0.0595, 0.0515, 0.0654, 0.6582, 0.0546], [0.0482, 0.0661, 0.0592, 0.0684, 0.0714, 0.6313, 0.0554], [0.066, 0.0328, 0.0532, 0.0383, 0.0625, 0.6649, 0.0824], [0.0602, 0.0217, 0.0347, 0.0684, 0.0708, 0.7087, 0.0356], [0.0679, 0.065, 0.0838, 0.0215, 0.0349, 0.6867, 0.0404], [0.1043, 0.0579, 0.0349, 0.0471, 0.0173, 0.6912, 0.0473], [0.0505, 0.0673, 0.0651, 0.0296, 0.0773, 0.6822, 0.0281], [0.0477, 0.0194, 0.0326, 0.0193, 0.0598, 0.7645, 0.0567], [0.0169, 0.0591, 0.0396, 0.0762, 0.0879, 0.6669, 0.0534], [0.0592, 0.0654, 0.07, 0.0854, 0.0763, 0.5782, 0.0655], [0.0442, 0.0553, 0.0642, 0.0247, 0.0616, 0.7203, 0.0298], [0.0551, 0.023, 0.0196, 0.0202, 0.0268, 0.7988, 0.0566], [0.03, 0.0533, 0.0326, 0.056, 0.0874, 0.6626, 0.0782], [0.0569, 0.044, 0.0699, 0.0444, 0.039, 0.6893, 0.0567], [0.0373, 0.0624, 0.0832, 0.083, 0.0556, 0.6555, 0.0231], [0.0728, 0.0898, 0.0269, 0.0532, 0.0421, 0.6808, 0.0345], [0.0364, 0.0272, 0.061, 0.0987, 0.0572, 0.6931, 0.0264], [0.0407, 0.0663, 0.0299, 0.0424, 0.0349, 0.7272, 0.0587], [0.0525, 0.0462, 0.0682, 0.0608, 0.0166, 0.7281, 0.0278], [0.0765, 0.0468, 0.078, 0.0683, 0.0413, 0.6608, 0.0283], [0.0306, 0.0747, 0.0486, 0.0789, 0.026, 0.7091, 0.0321], [0.0457, 0.0317, 0.0801, 0.0908, 0.023, 0.6991, 0.0297], [0.0803, 0.0143, 0.0205, 0.0241, 0.0506, 0.7308, 0.0794], [0.0471, 0.0189, 0.0608, 0.077, 0.0606, 0.6744, 0.0613], [0.063, 0.0322, 0.0628, 0.0502, 0.0758, 0.6709, 0.0451], [0.075, 0.028, 0.0126, 0.0234, 0.0388, 0.7376, 0.0846], [0.0201, 0.038, 0.0356, 0.0469, 0.0642, 0.7705, 0.0248], [0.0267, 0.0376, 0.0475, 0.0196, 0.0756, 0.7136, 0.0794], [0.0715, 0.0166, 0.0442, 0.0654, 0.0466, 0.7007, 0.055], [0.0138, 0.0188, 0.0154, 0.0526, 0.0741, 0.7948, 0.0305], [0.0124, 0.0638, 0.0166, 0.0594, 0.0179, 0.7608, 0.0691], [0.0342, 0.0843, 0.0685, 0.0785, 0.0616, 0.6222, 0.0507], [0.0424, 0.0699, 0.0271, 0.0865, 0.0759, 0.6427, 0.0556], [0.0724, 0.0242, 0.0816, 0.0709, 0.0472, 0.686, 0.0176]], "emotions": ["purple", "purple", "purple", "purple", "purple", "purple", "purple", "purple", "purple", "purple", "purple", "purple", "purple", "purple", "purple", "purple", "purple", "purple", "purple", "purple", "purple", "purple", "purple", "purple", "purple", "purple", "purple", "purple", "purple", "purple", "purple", "purple", "purple", "purple", "purple", "purple", "purple", "purple", "purple", "purple", "purple", "purple", "purple", "purple", "purple", "purple", "purple", "purple", "purple", "purple", "purple", "purple", "purple", "purple", "purple", "purple", "purple", "purple", "purple", "purple", "purple", "purple", "purple", "purple", "purple", "purple", "purple", "purple", "purple", "purple", "purple", "purple", "purple", "purple", "purple", "purple", "purple", "purple", "purple", "purple"], "timestamps": [0, 40, 80, 120, 160, 200, 240, 280, 320, 360, 400, 440, 480, 520, 560, 600, 640, 680, 720, 760, 800, 840, 880, 920, 960, 1000, 1040, 1080, 1120, 1160, 1200, 1240, 1280, 1320, 1360, 1400, 1440, 1480, 1520, 1560, 1600, 1640, 1680, 1720, 1760, 1800, 1840, 1880, 1920, 1960, 2000, 2040, 2080, 2120, 2160, 2200, 2240, 2280, 2320, 2360, 2400, 2440, 2480, 2520, 2560, 2600, 2640, 2680, 2720, 2760, 2800, 2840, 2880, 2920, 2960, 3000, 3040, 3080, 3120, 3160]}], "conversation": [], "conversation_timestamps": []}