{"agent_id": "agent-green-642", "type": "green", "trips": [{"trip_id": 0, "transport_method": "foot", "start_time": 0, "path": [[1.735602, 42.543423], [1.7349327, 42.545724], [1.7343393, 42.5475002], [1.7297129, 42.5449377], [1.7243656, 42.5437909], [1.7188671, 42.5438634], [1.7133682, 42.5440254], [1.7078748, 42.5443028], [1.7024227, 42.5449479], [1.6979779, 42.5479764], [1.6944151, 42.5520913], [1.6903114, 42.5557115], [1.6868975, 42.5572768], [1.6840659, 42.5545301], [1.6822516, 42.5540142], [1.6845448, 42.5546605], [1.6799511, 42.5524069], [1.6802355, 42.5503822], [1.6832052, 42.5474145], [1.6839009, 42.5450883], [1.6815725, 42.5412894], [1.6767388, 42.5387272], [1.6734314, 42.5391188], [1.6680459, 42.5391637], [1.6639032, 42.5376525], [1.6603099, 42.5400267], [1.6550616, 42.5415281], [1.6499832, 42.5419512], [1.6449228, 42.5412535], [1.6395264, 42.5401842], [1.6373646, 42.5396754], [1.642346, 42.541548], [1.645722, 42.5414115], [1.640326, 42.5403397], [1.6349256, 42.5393026], [1.6303078, 42.5389677], [1.6249188, 42.5380982], [1.6197987, 42.5364743], [1.6193483, 42.5357881], [1.6247928, 42.5352018], [1.6242592, 42.5381631], [1.6191794, 42.5362315], [1.6175965, 42.5362444], [1.6159173, 42.5366281], [1.6105004, 42.5363173], [1.6050491, 42.5363826], [1.6014248, 42.5369037], [1.6064841, 42.536398], [1.6044652, 42.53639], [1.5989857, 42.5365778], [1.5941289, 42.5362781], [1.5889394, 42.5354333], [1.594245, 42.536317], [1.5905838, 42.5357462], [1.5875523, 42.5349552], [1.5840248, 42.5324084], [1.5787058, 42.5318052], [1.5736768, 42.5301975], [1.573149, 42.5297194], [1.5704476, 42.5286233], [1.5677538, 42.5269963], [1.5663923, 42.5259679], [1.561688, 42.523422], [1.5574075, 42.5200658], [1.5554044, 42.5182185], [1.5541552, 42.5172297], [1.5513506, 42.5129045], [1.5464496, 42.5107353], [1.5429135, 42.5089394], [1.5377918, 42.508088], [1.5348349, 42.5074589], [1.5313492, 42.5064107], [1.5261528, 42.505326], [1.5208524, 42.5042646], [1.5203161, 42.5041754], [1.5152269, 42.5028681], [1.5112401, 42.4995273], [1.5066736, 42.4966888], [1.5016045, 42.4945902], [1.4970873, 42.4916185]], "mood_vectors": [[0.045, 0.0473, 0.0731, 0.0673, 0.0212, 0.0591, 0.6871], [0.0756, 0.0586, 0.0567, 0.0768, 0.0265, 0.0697, 0.6362], [0.0706, 0.0791, 0.0756, 0.0356, 0.061, 0.0429, 0.6352], [0.0376, 0.0681, 0.0352, 0.0801, 0.0536, 0.0308, 0.6948], [0.0717, 0.0297, 0.0345, 0.0266, 0.0177, 0.0667, 0.753], [0.032, 0.0363, 0.0303, 0.0145, 0.0397, 0.069, 0.7782], [0.0853, 0.0568, 0.028, 0.0802, 0.0422, 0.0831, 0.6244], [0.044, 0.0425, 0.0724, 0.0652, 0.0199, 0.0481, 0.7079], [0.075, 0.0347, 0.0312, 0.082, 0.0298, 0.0663, 0.6809], [0.0386, 0.0501, 0.0497, 0.0718, 0.0434, 0.0402, 0.7062], [0.0703, 0.0772, 0.0402, 0.0151, 0.0229, 0.0865, 0.6877], [0.0205, 0.0469, 0.0555, 0.0762, 0.0639, 0.0312, 0.7058], [0.0362, 0.0192, 0.0686, 0.0352, 0.0475, 0.075, 0.7183], [0.0398, 0.0625, 0.0308, 0.0825, 0.0601, 0.0398, 0.6845], [0.0205, 0.0634, 0.0462, 0.078, 0.0496, 0.0545, 0.6878], [0.068, 0.0137, 0.0601, 0.0488, 0.047, 0.0725, 0.6897], [0.0368, 0.0178, 0.0681, 0.0657, 0.0707, 0.0266, 0.7144], [0.0574, 0.0657, 0.0411, 0.0502, 0.0602, 0.0628, 0.6625], [0.015, 0.0753, 0.037, 0.0291, 0.0396, 0.0827, 0.7213], [0.0639, 0.0209, 0.0192, 0.0264, 0.0925, 0.0347, 0.7423], [0.0463, 0.0468, 0.0407, 0.0156, 0.0324, 0.0403, 0.778], [0.0785, 0.0491, 0.0719, 0.0148, 0.0375, 0.0119, 0.7362], [0.0621, 0.0185, 0.0367, 0.0569, 0.0325, 0.0394, 0.754], [0.0303, 0.0398, 0.0677, 0.0422, 0.078, 0.0722, 0.6699], [0.0717, 0.0291, 0.049, 0.0673, 0.0337, 0.0906, 0.6585], [0.0841, 0.0645, 0.0683, 0.049, 0.0352, 0.0847, 0.6142], [0.056, 0.0631, 0.0602, 0.0777, 0.0147, 0.0145, 0.7139], [0.0621, 0.0721, 0.0188, 0.0454, 0.0853, 0.0261, 0.6903], [0.0799, 0.075, 0.058, 0.0311, 0.0356, 0.0914, 0.629], [0.0317, 0.0647, 0.0174, 0.0762, 0.018, 0.0547, 0.7373], [0.0412, 0.0406, 0.0787, 0.0308, 0.0268, 0.0227, 0.7594], [0.0522, 0.0503, 0.0261, 0.0631, 0.0656, 0.0499, 0.6928], [0.0493, 0.0621, 0.0487, 0.0337, 0.0608, 0.0653, 0.6801], [0.0477, 0.0813, 0.0232, 0.0371, 0.055, 0.0884, 0.6672], [0.1044, 0.0308, 0.0663, 0.0255, 0.0219, 0.0177, 0.7332], [0.0576, 0.0453, 0.0497, 0.0758, 0.0257, 0.0583, 0.6877], [0.0524, 0.0163, 0.0365, 0.0736, 0.0745, 0.0221, 0.7246], [0.049, 0.0209, 0.0156, 0.0609, 0.0474, 0.0839, 0.7224], [0.0962, 0.0237, 0.0377, 0.0511, 0.0538, 0.0447, 0.6927], [0.0486, 0.0702, 0.084, 0.0194, 0.0669, 0.0239, 0.6871], [0.061, 0.0609, 0.0394, 0.0269, 0.0553, 0.0605, 0.696], [0.043, 0.0508, 0.0218, 0.0507, 0.0158, 0.0559, 0.762], [0.0406, 0.0948, 0.0336, 0.0639, 0.0306, 0.0297, 0.7068], [0.0846, 0.0782, 0.0344, 0.0329, 0.0316, 0.0619, 0.6764], [0.042, 0.0377, 0.0442, 0.0338, 0.0373, 0.064, 0.7411], [0.0746, 0.0893, 0.0343, 0.0595, 0.0775, 0.0434, 0.6214], [0.0161, 0.0351, 0.0588, 0.0349, 0.0297, 0.0698, 0.7556], [0.0215, 0.0583, 0.0774, 0.0807, 0.0207, 0.0172, 0.7241], [0.0797, 0.0305, 0.0387, 0.0462, 0.0341, 0.0414, 0.7293], [0.0787, 0.0451, 0.038, 0.0753, 0.0521, 0.0543, 0.6565], [0.0627, 0.0344, 0.0139, 0.0714, 0.0386, 0.0708, 0.7082], [0.0686, 0.0665, 0.0419, 0.0678, 0.0552, 0.0282, 0.6717], [0.0591, 0.0729, 0.0225, 0.0345, 0.0196, 0.076, 0.7153], [0.0504, 0.0413, 0.0864, 0.0926, 0.0596, 0.0564, 0.6132], [0.0479, 0.0573, 0.0619, 0.0218, 0.0697, 0.0792, 0.6622], [0.0327, 0.0313, 0.0424, 0.0773, 0.0132, 0.0184, 0.7847], [0.0259, 0.0895, 0.0627, 0.0191, 0.0356, 0.0837, 0.6835], [0.0568, 0.0656, 0.0516, 0.039, 0.0179, 0.0394, 0.7296], [0.0486, 0.0548, 0.0258, 0.0622, 0.0335, 0.0254, 0.7496], [0.0657, 0.0634, 0.0529, 0.0273, 0.0268, 0.018, 0.7459], [0.044, 0.063, 0.0647, 0.0268, 0.0256, 0.0613, 0.7145], [0.0142, 0.0758, 0.0475, 0.0705, 0.0192, 0.0684, 0.7044], [0.0673, 0.0188, 0.0434, 0.0445, 0.047, 0.0155, 0.7634], [0.0841, 0.0696, 0.0403, 0.0757, 0.0849, 0.0325, 0.6128], [0.0295, 0.0287, 0.0287, 0.0567, 0.0435, 0.0579, 0.7549], [0.0371, 0.064, 0.0125, 0.0788, 0.0815, 0.0445, 0.6816], [0.0196, 0.0511, 0.0543, 0.0776, 0.049, 0.074, 0.6743], [0.0259, 0.0362, 0.0759, 0.072, 0.0167, 0.0547, 0.7187], [0.0428, 0.0647, 0.0394, 0.0649, 0.0412, 0.0702, 0.6767], [0.0331, 0.078, 0.0805, 0.0217, 0.0357, 0.0724, 0.6786], [0.0488, 0.0757, 0.0765, 0.0265, 0.0436, 0.0709, 0.6579], [0.0438, 0.0301, 0.0722, 0.0308, 0.0938, 0.0551, 0.6742], [0.0212, 0.0306, 0.0665, 0.0868, 0.0656, 0.0133, 0.7161], [0.0194, 0.0867, 0.0331, 0.0269, 0.0502, 0.0519, 0.7317], [0.0663, 0.0173, 0.0409, 0.0262, 0.0427, 0.0898, 0.7167], [0.0558, 0.0786, 0.0237, 0.07, 0.0336, 0.0728, 0.6655], [0.05, 0.027, 0.0188, 0.0579, 0.0712, 0.0167, 0.7585], [0.0309, 0.0449, 0.0628, 0.0597, 0.0442, 0.0243, 0.7333], [0.064, 0.05, 0.0679, 0.0711, 0.0401, 0.0595, 0.6475], [0.0562, 0.0592, 0.0647, 0.062, 0.0551, 0.022, 0.6807]], "emotions": ["purple", "purple", "purple", "purple", "purple", "purple", "purple", "purple", "purple", "purple", "purple", "purple", "purple", "purple", "purple", "purple", "purple", "purple", "purple", "purple", "purple", "purple", "purple", "purple", "purple", "purple", "purple", "purple", "purple", "purple", "purple", "purple", "purple", "purple", "purple", "purple", "purple", "purple", "purple", "purple", "purple", "purple", "purple", "purple", "purple", "purple", "purple", "purple", "purple", "purple", "purple", "purple", "purple", "purple", "purple", "purple", "purple", "purple", "purple", "purple", "purple", "purple", "purple", "purple", "purple", "purple", "purple", "purple", "purple", "purple", "purple", "purple", "purple", "purple", "purple", "purple", "purple", "purple", "purple", "purple"], "timestamps": [0, 40, 80, 120, 160, 200, 240, 280, 320, 360, 400, 440, 480, 520, 560, 600, 640, 680, 720, 760, 800, 840, 880, 920, 960, 1000, 1040, 1080, 1120, 1160, 1200, 1240, 1280, 1320, 1360, 1400, 1440, 1480, 1520, 1560, 1600, 1640, 1680, 1720, 1760, 1800, 1840, 1880, 1920, 1960, 2000, 2040, 2080, 2120, 2160, 2200, 2240, 2280, 2320, 2360, 2400, 2440, 2480, 2520, 2560, 2600, 2640, 2680, 2720, 2760, 2800, 2840, 2880, 2920, 2960, 3000, 3040, 3080, 3120, 3160]}], "conversation": [], "conversation_timestamps": []}