{"agent_id": "agent-red-761", "type": "red", "trips": [{"trip_id": 0, "transport_method": "foot", "start_time": 0, "path": [[1.5406308, 42.5098214], [1.5406359, 42.5097912], [1.5406411, 42.5097611], [1.5406463, 42.5097309], [1.5406514, 42.5097008], [1.5406566, 42.5096706], [1.5406617, 42.5096404], [1.5406669, 42.5096103], [1.540672, 42.5095801], [1.5406772, 42.50955], [1.5406823, 42.5095198], [1.5406875, 42.5094897], [1.5406933, 42.5094597], [1.5407022, 42.5094304], [1.540711, 42.5094011], [1.5407198, 42.5093718], [1.5407286, 42.5093425], [1.5407374, 42.5093132], [1.5407463, 42.5092839], [1.5407551, 42.5092546], [1.5407639, 42.5092253], [1.5407719, 42.5091958], [1.5407786, 42.5091659], [1.5407854, 42.5091361], [1.5407921, 42.5091062], [1.5407989, 42.5090764], [1.5408056, 42.5090466], [1.5408124, 42.5090167], [1.5408191, 42.5089869], [1.5408258, 42.508957], [1.5408326, 42.5089272], [1.5408393, 42.5088974], [1.5408461, 42.5088675], [1.5408528, 42.5088377], [1.5408596, 42.5088078], [1.540866, 42.5087779], [1.5408715, 42.5087478], [1.540877, 42.5087177], [1.540876, 42.5086937], [1.5408457, 42.5086976], [1.5408153, 42.5087014], [1.540785, 42.5087053], [1.5407546, 42.5087091], [1.5407242, 42.508713], [1.5406939, 42.5087168], [1.5406635, 42.5087207], [1.5406332, 42.5087246], [1.5406028, 42.5087284], [1.5406287, 42.5087287], [1.5406591, 42.508732], [1.5406895, 42.5087352], [1.54072, 42.5087385], [1.5407504, 42.5087419], [1.5407806, 42.508744], [1.5408079, 42.5087302], [1.5408352, 42.5087164], [1.5408625, 42.5087026], [1.5408737, 42.5086983], [1.5408485, 42.5087156], [1.5408233, 42.5087329], [1.540798, 42.5087502], [1.5407728, 42.5087675], [1.5407476, 42.5087848], [1.5407223, 42.5088021], [1.5406971, 42.5088194], [1.5406718, 42.5088367], [1.5406466, 42.508854], [1.5406214, 42.5088713], [1.5405961, 42.5088886], [1.5405709, 42.5089059], [1.5405456, 42.5089232], [1.5405204, 42.5089404], [1.5404952, 42.5089577], [1.5404699, 42.508975], [1.5404447, 42.5089923], [1.5404195, 42.5090096], [1.5403942, 42.5090269], [1.540369, 42.5090442], [1.5403437, 42.5090615], [1.5403185, 42.5090788]], "mood_vectors": [[0.7171, 0.0594, 0.0303, 0.0684, 0.0745, 0.031, 0.0193], [0.6793, 0.0305, 0.0821, 0.0714, 0.016, 0.071, 0.0496], [0.7898, 0.0326, 0.0196, 0.0425, 0.016, 0.0314, 0.068], [0.6744, 0.0609, 0.0733, 0.049, 0.0609, 0.0628, 0.0187], [0.7121, 0.0178, 0.0351, 0.0503, 0.0696, 0.0507, 0.0643], [0.7197, 0.025, 0.0326, 0.0468, 0.05, 0.0382, 0.0877], [0.6904, 0.028, 0.0558, 0.0203, 0.0704, 0.0628, 0.0722], [0.7373, 0.0588, 0.0181, 0.0767, 0.0277, 0.0432, 0.0382], [0.6433, 0.0668, 0.0395, 0.0683, 0.0732, 0.0426, 0.0663], [0.7619, 0.0537, 0.0136, 0.0586, 0.028, 0.0386, 0.0456], [0.7482, 0.0705, 0.0137, 0.0705, 0.0209, 0.0543, 0.0219], [0.6546, 0.0397, 0.0664, 0.0493, 0.0398, 0.0713, 0.079], [0.6908, 0.0488, 0.0665, 0.0551, 0.0435, 0.0423, 0.053], [0.6508, 0.0591, 0.0799, 0.0814, 0.0145, 0.0808, 0.0335], [0.7633, 0.0473, 0.0452, 0.0617, 0.0456, 0.0118, 0.0251], [0.73, 0.088, 0.0286, 0.0429, 0.0443, 0.0202, 0.046], [0.7332, 0.024, 0.0897, 0.0429, 0.0398, 0.0166, 0.0539], [0.7367, 0.0233, 0.0697, 0.0227, 0.0801, 0.0409, 0.0266], [0.6677, 0.0378, 0.0571, 0.0216, 0.0773, 0.0664, 0.0722], [0.6861, 0.0465, 0.0781, 0.0604, 0.0743, 0.0344, 0.0202], [0.726, 0.0645, 0.049, 0.0366, 0.0616, 0.0191, 0.0431], [0.6627, 0.0497, 0.0601, 0.0704, 0.0598, 0.0513, 0.0461], [0.6223, 0.0912, 0.0692, 0.0251, 0.0807, 0.0701, 0.0414], [0.7009, 0.0791, 0.0556, 0.0423, 0.0296, 0.0212, 0.0713], [0.669, 0.0478, 0.0713, 0.0769, 0.031, 0.0233, 0.0808], [0.6377, 0.0566, 0.0819, 0.0344, 0.0321, 0.0972, 0.0601], [0.6569, 0.0867, 0.0666, 0.0445, 0.0205, 0.0523, 0.0725], [0.7548, 0.0593, 0.043, 0.045, 0.0597, 0.0221, 0.0161], [0.6001, 0.0339, 0.0821, 0.0742, 0.0794, 0.0685, 0.0618], [0.6995, 0.0389, 0.0245, 0.0581, 0.0894, 0.0703, 0.0192], [0.7132, 0.0552, 0.0397, 0.0524, 0.0283, 0.0817, 0.0293], [0.6342, 0.0474, 0.0739, 0.0525, 0.0675, 0.0694, 0.0552], [0.6916, 0.035, 0.0615, 0.0639, 0.0621, 0.064, 0.0219], [0.6755, 0.0192, 0.0932, 0.0525, 0.054, 0.0707, 0.0348], [0.6604, 0.0805, 0.0531, 0.0336, 0.0591, 0.0525, 0.0609], [0.7175, 0.0181, 0.1038, 0.0623, 0.0386, 0.0189, 0.0409], [0.6869, 0.069, 0.0185, 0.0742, 0.07, 0.0448, 0.0367], [0.6538, 0.0704, 0.0694, 0.0684, 0.0159, 0.0691, 0.0529], [0.6807, 0.0436, 0.0203, 0.0535, 0.0194, 0.0967, 0.0858], [0.5846, 0.0585, 0.0893, 0.0853, 0.0617, 0.0278, 0.0928], [0.6639, 0.0429, 0.0886, 0.074, 0.0528, 0.0357, 0.042], [0.7124, 0.0309, 0.0467, 0.0781, 0.0286, 0.039, 0.0643], [0.7744, 0.0265, 0.0228, 0.0253, 0.0822, 0.0249, 0.0439], [0.735, 0.0537, 0.0349, 0.0746, 0.0327, 0.0189, 0.0503], [0.6238, 0.082, 0.0304, 0.0793, 0.0642, 0.0976, 0.0227], [0.6328, 0.0793, 0.0616, 0.0711, 0.0351, 0.0715, 0.0486], [0.7066, 0.0625, 0.0356, 0.0676, 0.0502, 0.0109, 0.0666], [0.6724, 0.031, 0.0309, 0.0948, 0.0569, 0.077, 0.0369], [0.6517, 0.0761, 0.0576, 0.0205, 0.0667, 0.0451, 0.0824], [0.6846, 0.0633, 0.066, 0.0685, 0.0278, 0.0565, 0.0334], [0.6462, 0.0428, 0.0728, 0.0841, 0.0541, 0.0225, 0.0775], [0.7234, 0.0544, 0.0589, 0.0428, 0.0344, 0.0602, 0.0259], [0.7463, 0.0519, 0.0146, 0.044, 0.0511, 0.032, 0.06], [0.7452, 0.0305, 0.029, 0.0806, 0.0164, 0.0361, 0.0622], [0.7084, 0.0314, 0.0531, 0.0437, 0.0385, 0.06, 0.065], [0.7729, 0.0403, 0.0351, 0.0257, 0.0123, 0.0672, 0.0465], [0.7127, 0.0307, 0.0478, 0.0688, 0.0459, 0.0382, 0.0559], [0.7087, 0.0337, 0.017, 0.0625, 0.0602, 0.0589, 0.059], [0.6746, 0.1001, 0.0402, 0.0532, 0.0304, 0.0554, 0.0462], [0.7482, 0.0571, 0.0402, 0.0584, 0.0412, 0.0208, 0.0341], [0.7081, 0.0213, 0.0335, 0.0481, 0.0833, 0.0857, 0.02], [0.7234, 0.0506, 0.0654, 0.0173, 0.0357, 0.0572, 0.0504], [0.6963, 0.0552, 0.0667, 0.0319, 0.0345, 0.0426, 0.0728], [0.7316, 0.0659, 0.0582, 0.0255, 0.0598, 0.0294, 0.0296], [0.7105, 0.0437, 0.0145, 0.0641, 0.0715, 0.076, 0.0198], [0.7912, 0.0112, 0.077, 0.0148, 0.0399, 0.0261, 0.0397], [0.7994, 0.0368, 0.0133, 0.0287, 0.0209, 0.0259, 0.0749], [0.6866, 0.0509, 0.0672, 0.0682, 0.0453, 0.0235, 0.0584], [0.7142, 0.0478, 0.0818, 0.0159, 0.0625, 0.0154, 0.0623], [0.7757, 0.024, 0.0259, 0.0545, 0.0325, 0.037, 0.0505], [0.6198, 0.091, 0.0734, 0.0414, 0.0884, 0.0254, 0.0605], [0.7063, 0.0325, 0.0344, 0.0539, 0.0207, 0.0958, 0.0564], [0.6745, 0.0433, 0.0759, 0.0588, 0.0217, 0.0748, 0.0509], [0.6758, 0.0649, 0.045, 0.0445, 0.0491, 0.0495, 0.0711], [0.6755, 0.0626, 0.0136, 0.076, 0.0639, 0.062, 0.0464], [0.754, 0.0439, 0.0226, 0.0425, 0.0155, 0.0823, 0.0392], [0.7364, 0.0391, 0.023, 0.0269, 0.0881, 0.0507, 0.0358], [0.6408, 0.0452, 0.0832, 0.0165, 0.1026, 0.0393, 0.0725], [0.6874, 0.0691, 0.02, 0.0531, 0.0413, 0.0929, 0.0362], [0.7016, 0.0198, 0.0701, 0.0178, 0.0851, 0.0337, 0.0718]], "emotions": ["red", "red", "red", "red", "red", "red", "red", "red", "red", "red", "red", "red", "red", "red", "red", "red", "red", "red", "red", "red", "red", "red", "red", "red", "red", "red", "red", "red", "red", "red", "red", "red", "red", "red", "red", "red", "red", "red", "red", "red", "red", "red", "red", "red", "red", "red", "red", "red", "red", "red", "red", "red", "red", "red", "red", "red", "red", "red", "red", "red", "red", "red", "red", "red", "red", "red", "red", "red", "red", "red", "red", "red", "red", "red", "red", "red", "red", "red", "red", "red"], "timestamps": [0, 40, 80, 120, 160, 200, 240, 280, 320, 360, 400, 440, 480, 520, 560, 600, 640, 680, 720, 760, 800, 840, 880, 920, 960, 1000, 1040, 1080, 1120, 1160, 1200, 1240, 1280, 1320, 1360, 1400, 1440, 1480, 1520, 1560, 1600, 1640, 1680, 1720, 1760, 1800, 1840, 1880, 1920, 1960, 2000, 2040, 2080, 2120, 2160, 2200, 2240, 2280, 2320, 2360, 2400, 2440, 2480, 2520, 2560, 2600, 2640, 2680, 2720, 2760, 2800, 2840, 2880, 2920, 2960, 3000, 3040, 3080, 3120, 3160]}], "conversation": [], "conversation_timestamps": []}