{"agent_id": "agent-orange-1468", "type": "orange", "trips": [{"trip_id": 0, "transport_method": "bicycle", "start_time": 0, "path": [[1.5224494, 42.5334561], [1.5222852, 42.5335361], [1.5221431, 42.5336493], [1.5220158, 42.5337806], [1.5218859, 42.5339093], [1.5217541, 42.5340361], [1.5216821, 42.5341886], [1.5217637, 42.5343389], [1.5219088, 42.5344501], [1.5220456, 42.5345646], [1.5220097, 42.5347193], [1.5220004, 42.534856], [1.522131, 42.534984], [1.5222559, 42.5351172], [1.5223587, 42.5352684], [1.5224623, 42.5354191], [1.5225681, 42.5355683], [1.5226762, 42.5357159], [1.5227952, 42.5358547], [1.5229238, 42.5359847], [1.5230495, 42.5361175], [1.5231675, 42.5362565], [1.5230699, 42.5363845], [1.5229071, 42.5364677], [1.5227594, 42.5365592], [1.5226102, 42.5365184], [1.5224517, 42.5366096], [1.5222969, 42.5367069], [1.5221602, 42.5368278], [1.5220708, 42.5369863], [1.5220224, 42.5371616], [1.5220007, 42.5373432], [1.5219506, 42.5375162], [1.521835, 42.5376545], [1.5216872, 42.5377623], [1.5215391, 42.5378694], [1.5213953, 42.5379826], [1.5212537, 42.5380981], [1.5211182, 42.538221], [1.5209827, 42.5383438], [1.5208559, 42.5384751], [1.520751, 42.5386246], [1.5206852, 42.538794], [1.5206718, 42.5389761], [1.5206851, 42.5391585], [1.5206989, 42.5393409], [1.5207606, 42.5395009], [1.5207153, 42.5395736], [1.5207149, 42.5397221], [1.5208047, 42.5398813], [1.5208808, 42.5400451], [1.5208906, 42.5402262], [1.52078, 42.5403703], [1.520651, 42.5404998], [1.520503, 42.5405942], [1.5203366, 42.5406683], [1.520195, 42.5407828], [1.5200548, 42.5408983], [1.5199397, 42.5410391], [1.5197889, 42.5411417], [1.5196305, 42.5412332], [1.5194713, 42.5413232], [1.5193172, 42.5414215], [1.5191655, 42.5415236], [1.5190138, 42.5416258], [1.5188623, 42.5417283], [1.5187113, 42.5418315], [1.518561, 42.5419357], [1.5184117, 42.5420414], [1.5182843, 42.5421698], [1.5181726, 42.5423146], [1.5180509, 42.5424511], [1.5179347, 42.5425921], [1.5178273, 42.5427401], [1.5177226, 42.5428898], [1.5176429, 42.5430544], [1.5175632, 42.5432191], [1.5174789, 42.5433809], [1.5173654, 42.543524], [1.5172434, 42.5436603]], "mood_vectors": [[0.0464, 0.0513, 0.0671, 0.0868, 0.6225, 0.0293, 0.0966], [0.098, 0.0229, 0.0392, 0.0503, 0.7091, 0.0151, 0.0655], [0.0242, 0.0428, 0.066, 0.0662, 0.6794, 0.0512, 0.0702], [0.0155, 0.0181, 0.0251, 0.0255, 0.8554, 0.0315, 0.0288], [0.0512, 0.0796, 0.0552, 0.0559, 0.6305, 0.0409, 0.0866], [0.0763, 0.0128, 0.0494, 0.0718, 0.6819, 0.0716, 0.0362], [0.0177, 0.0779, 0.0589, 0.0431, 0.7015, 0.0732, 0.0278], [0.0316, 0.0498, 0.0658, 0.0441, 0.7647, 0.0194, 0.0246], [0.039, 0.0301, 0.0407, 0.0248, 0.7466, 0.0702, 0.0486], [0.0429, 0.0717, 0.0667, 0.0803, 0.6144, 0.0799, 0.0442], [0.0865, 0.0389, 0.0306, 0.0585, 0.723, 0.0468, 0.0157], [0.0882, 0.0522, 0.021, 0.0448, 0.6991, 0.076, 0.0186], [0.0502, 0.02, 0.0554, 0.087, 0.7053, 0.0166, 0.0655], [0.0376, 0.0459, 0.0858, 0.0313, 0.6906, 0.0426, 0.0661], [0.0418, 0.0555, 0.0609, 0.0703, 0.7283, 0.0319, 0.0113], [0.0818, 0.0368, 0.0262, 0.0841, 0.7176, 0.0193, 0.0342], [0.0504, 0.0286, 0.0498, 0.0137, 0.7804, 0.0381, 0.0388], [0.0391, 0.0257, 0.0336, 0.0631, 0.7262, 0.0626, 0.0498], [0.016, 0.028, 0.0499, 0.0664, 0.696, 0.0765, 0.0671], [0.0378, 0.0292, 0.0794, 0.058, 0.6911, 0.0787, 0.0257], [0.068, 0.057, 0.0466, 0.0662, 0.7028, 0.0202, 0.0392], [0.0822, 0.046, 0.0159, 0.0607, 0.6554, 0.0641, 0.0758], [0.018, 0.0335, 0.0804, 0.0306, 0.8078, 0.0165, 0.0132], [0.0723, 0.0556, 0.0542, 0.0801, 0.6331, 0.0589, 0.0458], [0.0448, 0.0648, 0.0582, 0.0175, 0.7102, 0.0499, 0.0547], [0.0232, 0.0404, 0.0179, 0.029, 0.7819, 0.0356, 0.072], [0.0223, 0.0706, 0.0712, 0.0718, 0.6728, 0.0528, 0.0384], [0.0569, 0.0332, 0.0439, 0.0373, 0.7036, 0.0511, 0.074], [0.0185, 0.0582, 0.0162, 0.074, 0.7051, 0.0626, 0.0654], [0.0312, 0.0365, 0.0264, 0.0755, 0.7651, 0.0222, 0.0432], [0.0142, 0.0198, 0.0823, 0.0133, 0.8005, 0.0378, 0.0321], [0.0388, 0.0564, 0.0163, 0.0649, 0.7314, 0.0482, 0.0442], [0.0424, 0.0292, 0.0665, 0.0605, 0.7374, 0.0455, 0.0184], [0.0434, 0.0283, 0.0968, 0.0912, 0.6768, 0.0267, 0.0368], [0.0622, 0.0591, 0.0144, 0.0742, 0.6884, 0.0537, 0.048], [0.0769, 0.0833, 0.0473, 0.0331, 0.6802, 0.0498, 0.0294], [0.0439, 0.0643, 0.0375, 0.0809, 0.6351, 0.06, 0.0784], [0.0734, 0.0277, 0.0218, 0.0614, 0.7136, 0.0346, 0.0675], [0.017, 0.0749, 0.0319, 0.0431, 0.7632, 0.0257, 0.0442], [0.0438, 0.0239, 0.0387, 0.068, 0.7496, 0.0305, 0.0455], [0.0317, 0.0455, 0.0285, 0.0807, 0.7002, 0.0415, 0.0718], [0.0431, 0.047, 0.0869, 0.0576, 0.6445, 0.0643, 0.0566], [0.085, 0.0507, 0.0659, 0.0514, 0.6524, 0.0583, 0.0362], [0.0137, 0.019, 0.0478, 0.0505, 0.7817, 0.0171, 0.0703], [0.064, 0.068, 0.0964, 0.0251, 0.6453, 0.02, 0.0813], [0.0547, 0.0808, 0.0343, 0.0511, 0.707, 0.06, 0.0121], [0.0582, 0.0588, 0.0364, 0.0154, 0.7423, 0.0339, 0.055], [0.0378, 0.0209, 0.0617, 0.035, 0.6892, 0.0767, 0.0789], [0.0411, 0.07, 0.0284, 0.0864, 0.6348, 0.0558, 0.0836], [0.0245, 0.0288, 0.0899, 0.0175, 0.7501, 0.052, 0.0371], [0.0388, 0.04, 0.0373, 0.0848, 0.7232, 0.0489, 0.0271], [0.0727, 0.0479, 0.0702, 0.0817, 0.6175, 0.0595, 0.0505], [0.0339, 0.0697, 0.0358, 0.0645, 0.6977, 0.0711, 0.0272], [0.0398, 0.0737, 0.0419, 0.0859, 0.6606, 0.0757, 0.0224], [0.059, 0.0248, 0.0742, 0.0629, 0.6747, 0.0362, 0.0683], [0.037, 0.0174, 0.057, 0.0131, 0.749, 0.0517, 0.0747], [0.0244, 0.091, 0.0312, 0.0346, 0.6627, 0.0643, 0.0917], [0.0315, 0.0163, 0.0936, 0.0428, 0.6778, 0.0441, 0.094], [0.078, 0.026, 0.0181, 0.0743, 0.7133, 0.0651, 0.0253], [0.0312, 0.0686, 0.069, 0.0662, 0.6126, 0.0798, 0.0726], [0.0856, 0.0227, 0.0761, 0.0314, 0.718, 0.0195, 0.0468], [0.0322, 0.0246, 0.0552, 0.0444, 0.7319, 0.0429, 0.0688], [0.0437, 0.0418, 0.0388, 0.05, 0.7278, 0.0216, 0.0762], [0.0269, 0.0383, 0.101, 0.0155, 0.6863, 0.0483, 0.0836], [0.027, 0.0731, 0.0192, 0.0748, 0.698, 0.0652, 0.0428], [0.0533, 0.0393, 0.049, 0.0122, 0.7021, 0.0661, 0.078], [0.0601, 0.0625, 0.0631, 0.0476, 0.649, 0.0608, 0.0569], [0.0349, 0.0566, 0.0189, 0.0744, 0.7001, 0.0273, 0.0879], [0.0842, 0.0448, 0.0428, 0.0724, 0.6058, 0.0738, 0.0762], [0.0549, 0.0248, 0.0347, 0.074, 0.6718, 0.0705, 0.0692], [0.0838, 0.0625, 0.0492, 0.0356, 0.6739, 0.0767, 0.0182], [0.0581, 0.0671, 0.0745, 0.0582, 0.6862, 0.0309, 0.025], [0.04, 0.0526, 0.0704, 0.0377, 0.7088, 0.0126, 0.0779], [0.0184, 0.0619, 0.0714, 0.0497, 0.6968, 0.0277, 0.074], [0.0431, 0.0662, 0.0467, 0.0445, 0.7212, 0.0457, 0.0325], [0.0305, 0.0586, 0.0514, 0.0589, 0.7277, 0.0351, 0.0377], [0.0648, 0.0291, 0.0663, 0.0551, 0.724, 0.0395, 0.0212], [0.0249, 0.0161, 0.023, 0.0711, 0.7125, 0.0634, 0.0891], [0.0491, 0.0431, 0.0471, 0.0929, 0.6706, 0.0236, 0.0736], [0.0507, 0.0908, 0.0644, 0.0237, 0.6425, 0.0759, 0.0519]], "emotions": ["red", "red", "red", "red", "red", "red", "red", "red", "red", "red", "red", "red", "red", "red", "red", "red", "red", "red", "red", "red", "red", "red", "red", "red", "red", "red", "red", "red", "red", "red", "red", "red", "red", "red", "red", "red", "red", "red", "red", "red", "red", "red", "red", "red", "red", "red", "red", "red", "red", "red", "red", "red", "red", "red", "red", "red", "red", "red", "red", "red", "red", "red", "red", "red", "red", "red", "red", "red", "red", "red", "red", "red", "red", "red", "red", "red", "red", "red", "red", "red"], "timestamps": [0, 40, 80, 120, 160, 200, 240, 280, 320, 360, 400, 440, 480, 520, 560, 600, 640, 680, 720, 760, 800, 840, 880, 920, 960, 1000, 1040, 1080, 1120, 1160, 1200, 1240, 1280, 1320, 1360, 1400, 1440, 1480, 1520, 1560, 1600, 1640, 1680, 1720, 1760, 1800, 1840, 1880, 1920, 1960, 2000, 2040, 2080, 2120, 2160, 2200, 2240, 2280, 2320, 2360, 2400, 2440, 2480, 2520, 2560, 2600, 2640, 2680, 2720, 2760, 2800, 2840, 2880, 2920, 2960, 3000, 3040, 3080, 3120, 3160]}], "conversation": [], "conversation_timestamps": []}