{"agent_id": "agent-purple-1984", "type": "purple", "trips": [{"trip_id": 0, "transport_method": "bicycle", "start_time": 0, "path": [[1.5397999, 42.5136549], [1.5401755, 42.5133178], [1.5410383, 42.5132538], [1.5413399, 42.5129661], [1.5420181, 42.5126678], [1.542588, 42.5120485], [1.5425466, 42.5113573], [1.541917, 42.5108214], [1.5422316, 42.5099854], [1.5423472, 42.5099247], [1.5430818, 42.5094192], [1.5439519, 42.5096578], [1.5446451, 42.5099561], [1.5454679, 42.5102711], [1.5459888, 42.5109761], [1.5467974, 42.5113837], [1.5476859, 42.5115938], [1.5485781, 42.5117875], [1.5494146, 42.5119263], [1.5496689, 42.5118358], [1.5503303, 42.5121105], [1.5503844, 42.5121462], [1.5511266, 42.5126635], [1.5513967, 42.5129427], [1.5511866, 42.5126954], [1.551922, 42.5132338], [1.5526293, 42.5137235], [1.5527116, 42.5139629], [1.5527548, 42.5148666], [1.5532587, 42.5156237], [1.5535532, 42.5164846], [1.5540299, 42.5172583], [1.554748, 42.5178111], [1.5555396, 42.5182034], [1.5562468, 42.5186997], [1.5567838, 42.5194332], [1.5573968, 42.5200547], [1.5580419, 42.5207009], [1.5587155, 42.5213174], [1.5594337, 42.5218774], [1.5594964, 42.5218741], [1.5599306, 42.5222791], [1.5607284, 42.5227108], [1.5614715, 42.5232414], [1.5621176, 42.5238816], [1.5627594, 42.5245204], [1.5636152, 42.5248308], [1.5644296, 42.5252127], [1.5653071, 42.5254242], [1.5661349, 42.525808], [1.5668766, 42.5263375], [1.567597, 42.5268987], [1.568398, 42.5273303], [1.56915, 42.5278338], [1.5699389, 42.5282888], [1.5707019, 42.5287906], [1.5713701, 42.5294062], [1.5720796, 42.5299714], [1.5726046, 42.5307165], [1.5732147, 42.5313953], [1.5738758, 42.5320218], [1.574665, 42.5323454], [1.5755521, 42.5325468], [1.5764296, 42.5327178], [1.5773347, 42.5328391], [1.5782337, 42.5329826], [1.5791006, 42.5332305], [1.5799609, 42.5335314], [1.5807595, 42.5339368], [1.5816033, 42.5341678], [1.5823197, 42.5346962], [1.5829873, 42.5351726], [1.5838721, 42.5350477], [1.5847404, 42.5352008], [1.5855827, 42.5355482], [1.5860951, 42.5362099], [1.5869169, 42.5360583], [1.5874973, 42.5367432], [1.58759, 42.5376381], [1.5875673, 42.5368703]], "mood_vectors": [[0.0468, 0.072, 0.0843, 0.053, 0.0791, 0.6248, 0.0399], [0.0314, 0.0357, 0.0645, 0.0788, 0.082, 0.6442, 0.0634], [0.072, 0.0673, 0.0279, 0.0233, 0.0207, 0.7348, 0.0541], [0.0434, 0.042, 0.0646, 0.0641, 0.066, 0.6626, 0.0572], [0.0531, 0.0456, 0.0703, 0.0325, 0.0267, 0.7379, 0.034], [0.0247, 0.0262, 0.0607, 0.0434, 0.047, 0.7783, 0.0197], [0.0344, 0.0705, 0.0488, 0.054, 0.0703, 0.6866, 0.0355], [0.0662, 0.0354, 0.0362, 0.0681, 0.0729, 0.6956, 0.0256], [0.0476, 0.0488, 0.03, 0.0796, 0.0424, 0.6675, 0.0841], [0.0476, 0.0448, 0.027, 0.046, 0.1034, 0.7069, 0.0244], [0.0307, 0.0218, 0.023, 0.0258, 0.0641, 0.7504, 0.0841], [0.041, 0.0381, 0.0211, 0.0146, 0.0532, 0.7522, 0.0799], [0.0669, 0.0137, 0.054, 0.0501, 0.0496, 0.6909, 0.0748], [0.05, 0.0538, 0.0699, 0.0409, 0.0456, 0.679, 0.0608], [0.0544, 0.0177, 0.0399, 0.08, 0.0695, 0.6646, 0.074], [0.0567, 0.0768, 0.0837, 0.0212, 0.0678, 0.6543, 0.0395], [0.0186, 0.0361, 0.085, 0.0248, 0.0551, 0.7424, 0.0379], [0.0822, 0.0574, 0.0186, 0.0606, 0.0344, 0.6999, 0.0469], [0.055, 0.0308, 0.031, 0.041, 0.0715, 0.7291, 0.0417], [0.0364, 0.0637, 0.051, 0.064, 0.0802, 0.6556, 0.0492], [0.0663, 0.0584, 0.0561, 0.0284, 0.0464, 0.6695, 0.0749], [0.0312, 0.0127, 0.0265, 0.0438, 0.0695, 0.7387, 0.0777], [0.0534, 0.0709, 0.0542, 0.0543, 0.0611, 0.672, 0.0341], [0.0153, 0.0683, 0.0708, 0.0529, 0.0792, 0.6625, 0.051], [0.0599, 0.0617, 0.0201, 0.0163, 0.0604, 0.7381, 0.0435], [0.013, 0.0214, 0.0709, 0.0474, 0.0275, 0.7677, 0.0521], [0.1013, 0.0763, 0.0756, 0.0156, 0.0241, 0.6529, 0.0542], [0.0265, 0.0273, 0.0249, 0.0723, 0.0386, 0.7543, 0.0562], [0.0282, 0.047, 0.0679, 0.0553, 0.0473, 0.6876, 0.0666], [0.045, 0.0797, 0.0248, 0.0562, 0.0316, 0.6922, 0.0705], [0.091, 0.038, 0.0648, 0.0374, 0.0397, 0.6943, 0.0349], [0.0473, 0.0495, 0.0732, 0.0527, 0.0519, 0.7072, 0.0182], [0.0588, 0.0494, 0.0349, 0.07, 0.0189, 0.7141, 0.0538], [0.0236, 0.0387, 0.084, 0.0607, 0.0891, 0.631, 0.0728], [0.0398, 0.0648, 0.0824, 0.0406, 0.0455, 0.688, 0.0389], [0.0699, 0.0647, 0.0469, 0.051, 0.0332, 0.7015, 0.0327], [0.0394, 0.0699, 0.0389, 0.0581, 0.0454, 0.6901, 0.0582], [0.0842, 0.0189, 0.0579, 0.017, 0.0312, 0.7283, 0.0625], [0.0645, 0.0179, 0.0764, 0.0961, 0.0404, 0.6649, 0.0398], [0.0413, 0.05, 0.0986, 0.0184, 0.0444, 0.7132, 0.0341], [0.0631, 0.0325, 0.057, 0.014, 0.0471, 0.7178, 0.0683], [0.0582, 0.037, 0.0581, 0.0221, 0.031, 0.7204, 0.0732], [0.0514, 0.0467, 0.0605, 0.0511, 0.0179, 0.695, 0.0774], [0.0683, 0.0143, 0.0832, 0.0544, 0.0727, 0.669, 0.0382], [0.0436, 0.0669, 0.0719, 0.0417, 0.069, 0.6385, 0.0684], [0.0487, 0.0347, 0.0421, 0.0872, 0.0902, 0.6174, 0.0796], [0.0536, 0.044, 0.0476, 0.0314, 0.0731, 0.6944, 0.0558], [0.0458, 0.0252, 0.068, 0.0685, 0.0546, 0.7062, 0.0316], [0.0229, 0.025, 0.0744, 0.0234, 0.0502, 0.7844, 0.0197], [0.0553, 0.0594, 0.0474, 0.0602, 0.0667, 0.6736, 0.0373], [0.0724, 0.0331, 0.0607, 0.0146, 0.0464, 0.7228, 0.05], [0.0454, 0.0159, 0.0794, 0.0208, 0.0455, 0.7342, 0.0589], [0.0705, 0.0684, 0.0372, 0.0139, 0.0508, 0.7105, 0.0487], [0.0387, 0.0309, 0.0648, 0.0683, 0.0475, 0.7066, 0.0432], [0.0461, 0.0625, 0.0477, 0.0515, 0.0857, 0.6773, 0.0293], [0.0602, 0.0333, 0.0204, 0.049, 0.053, 0.7612, 0.0228], [0.0293, 0.0964, 0.0929, 0.0191, 0.0436, 0.6892, 0.0296], [0.0759, 0.0252, 0.0565, 0.0255, 0.0602, 0.705, 0.0517], [0.0492, 0.0813, 0.028, 0.0771, 0.0254, 0.68, 0.059], [0.048, 0.0636, 0.0508, 0.0364, 0.0599, 0.6781, 0.0633], [0.0805, 0.0188, 0.0403, 0.062, 0.0613, 0.6999, 0.0372], [0.0137, 0.0733, 0.0466, 0.083, 0.0784, 0.6329, 0.0722], [0.0463, 0.0481, 0.0593, 0.078, 0.0307, 0.7021, 0.0355], [0.0592, 0.0192, 0.0392, 0.0567, 0.0376, 0.7099, 0.0782], [0.0583, 0.075, 0.0665, 0.0216, 0.0377, 0.6827, 0.0583], [0.0182, 0.0933, 0.0288, 0.0169, 0.0525, 0.7405, 0.0498], [0.0415, 0.0332, 0.0692, 0.0601, 0.0676, 0.6757, 0.0526], [0.0339, 0.0583, 0.0783, 0.0137, 0.0583, 0.7186, 0.0388], [0.0273, 0.0787, 0.0798, 0.0219, 0.0362, 0.7355, 0.0205], [0.0628, 0.0441, 0.0539, 0.0194, 0.0199, 0.7413, 0.0586], [0.0364, 0.0604, 0.0655, 0.0276, 0.0298, 0.7194, 0.0608], [0.0304, 0.0298, 0.0741, 0.0169, 0.0825, 0.6681, 0.0982], [0.0587, 0.0786, 0.0586, 0.027, 0.0487, 0.7114, 0.0171], [0.0744, 0.0501, 0.0214, 0.0686, 0.0465, 0.6984, 0.0407], [0.064, 0.0392, 0.0791, 0.0491, 0.063, 0.6926, 0.0131], [0.0492, 0.0484, 0.069, 0.0312, 0.0494, 0.689, 0.0639], [0.0836, 0.0306, 0.0756, 0.0386, 0.0184, 0.7141, 0.039], [0.0376, 0.064, 0.0649, 0.0737, 0.0266, 0.7144, 0.019], [0.0565, 0.0794, 0.0774, 0.062, 0.0198, 0.6206, 0.0843], [0.065, 0.0621, 0.0172, 0.0227, 0.0247, 0.7037, 0.1046]], "emotions": ["purple", "purple", "purple", "purple", "purple", "purple", "purple", "purple", "purple", "purple", "purple", "purple", "purple", "purple", "purple", "purple", "purple", "purple", "purple", "purple", "purple", "purple", "purple", "purple", "purple", "purple", "purple", "purple", "purple", "purple", "purple", "purple", "purple", "purple", "purple", "purple", "purple", "purple", "purple", "purple", "purple", "purple", "purple", "purple", "purple", "purple", "purple", "purple", "purple", "purple", "purple", "purple", "purple", "purple", "purple", "purple", "purple", "purple", "purple", "purple", "purple", "purple", "purple", "purple", "purple", "purple", "purple", "purple", "purple", "purple", "purple", "purple", "purple", "purple", "purple", "purple", "purple", "purple", "purple", "purple"], "timestamps": [0, 40, 80, 120, 160, 200, 240, 280, 320, 360, 400, 440, 480, 520, 560, 600, 640, 680, 720, 760, 800, 840, 880, 920, 960, 1000, 1040, 1080, 1120, 1160, 1200, 1240, 1280, 1320, 1360, 1400, 1440, 1480, 1520, 1560, 1600, 1640, 1680, 1720, 1760, 1800, 1840, 1880, 1920, 1960, 2000, 2040, 2080, 2120, 2160, 2200, 2240, 2280, 2320, 2360, 2400, 2440, 2480, 2520, 2560, 2600, 2640, 2680, 2720, 2760, 2800, 2840, 2880, 2920, 2960, 3000, 3040, 3080, 3120, 3160]}], "conversation": [], "conversation_timestamps": []}