{"agent_id": "agent-green-1352", "type": "green", "trips": [{"trip_id": 0, "transport_method": "foot", "start_time": 0, "path": [[1.53145, 42.5550789], [1.5323787, 42.5553084], [1.5319267, 42.5556819], [1.5308291, 42.555462], [1.5297894, 42.5549832], [1.5289816, 42.5541913], [1.528242, 42.5533328], [1.5273858, 42.552573], [1.5265295, 42.5518132], [1.5273351, 42.5525148], [1.5282263, 42.5532313], [1.5282871, 42.5533021], [1.5275116, 42.55246], [1.5267361, 42.551618], [1.5264734, 42.5507583], [1.5258369, 42.5498086], [1.5253632, 42.5487705], [1.5247924, 42.5478168], [1.5247204, 42.5467012], [1.5245525, 42.546011], [1.5239491, 42.5450391], [1.5234802, 42.5440076], [1.5232922, 42.5436081], [1.5229211, 42.5425397], [1.5230103, 42.5414451], [1.5234997, 42.5406777], [1.5232294, 42.5400895], [1.5231538, 42.5389543], [1.5235104, 42.5380157], [1.5245408, 42.5375666], [1.5251325, 42.5371859], [1.5244262, 42.5367061], [1.5233425, 42.5363836], [1.5226075, 42.5356222], [1.5218636, 42.5347719], [1.5210232, 42.5340972], [1.5210559, 42.5332375], [1.5211862, 42.5322369], [1.521044, 42.5312087], [1.5212994, 42.5302977], [1.5219978, 42.5294349], [1.5213202, 42.5286396], [1.5208332, 42.5276675], [1.5206915, 42.5266139], [1.5207875, 42.5256534], [1.5206205, 42.5267531], [1.5206491, 42.5270339], [1.5207199, 42.5258913], [1.5206396, 42.524767], [1.5211911, 42.5237781], [1.521802, 42.5228272], [1.5224279, 42.5219029], [1.5232999, 42.5211791], [1.5236948, 42.5201069], [1.5237414, 42.5202347], [1.5234213, 42.5209194], [1.5238444, 42.5198557], [1.5242674, 42.518792], [1.5251842, 42.5181663], [1.5260256, 42.5174084], [1.5270218, 42.5169364], [1.5280182, 42.5164201], [1.5289264, 42.515758], [1.5296372, 42.51487], [1.5303988, 42.5140947], [1.5304763, 42.5130124], [1.5309585, 42.5120328], [1.5299821, 42.5115175], [1.5295864, 42.5106908], [1.5289684, 42.5097983], [1.5287921, 42.509663], [1.529164, 42.5099889], [1.5283333, 42.5092012], [1.5274007, 42.5085561], [1.5262662, 42.5084389], [1.5252543, 42.5080177], [1.5241393, 42.5077729], [1.5230173, 42.5077801], [1.521925, 42.50768], [1.5210548, 42.507781]], "mood_vectors": [[0.0476, 0.0621, 0.0676, 0.0557, 0.0208, 0.0681, 0.6781], [0.0675, 0.0691, 0.012, 0.0555, 0.0597, 0.0211, 0.7151], [0.0564, 0.0561, 0.0452, 0.0131, 0.0699, 0.0331, 0.7261], [0.0835, 0.0637, 0.0323, 0.0534, 0.0216, 0.0752, 0.6703], [0.0566, 0.0463, 0.0693, 0.0285, 0.0571, 0.055, 0.6872], [0.0661, 0.0351, 0.0391, 0.093, 0.0471, 0.0678, 0.6518], [0.076, 0.0618, 0.071, 0.0333, 0.0186, 0.0744, 0.6649], [0.0819, 0.0294, 0.0703, 0.0348, 0.0206, 0.0797, 0.6833], [0.0613, 0.0292, 0.0582, 0.0252, 0.0301, 0.0701, 0.7259], [0.072, 0.0149, 0.0438, 0.0636, 0.0455, 0.046, 0.7143], [0.0187, 0.0821, 0.0707, 0.0309, 0.0188, 0.0982, 0.6806], [0.0398, 0.0156, 0.0649, 0.0417, 0.0427, 0.0613, 0.734], [0.0351, 0.0495, 0.0577, 0.0648, 0.0508, 0.0416, 0.7005], [0.0162, 0.0906, 0.0706, 0.0312, 0.0219, 0.0857, 0.6839], [0.0411, 0.0519, 0.0505, 0.0717, 0.0539, 0.0174, 0.7135], [0.0584, 0.0597, 0.0544, 0.0404, 0.0241, 0.019, 0.7441], [0.0629, 0.0473, 0.0636, 0.02, 0.0249, 0.0761, 0.7052], [0.0457, 0.0316, 0.0324, 0.0582, 0.0592, 0.0562, 0.7167], [0.0692, 0.0817, 0.0228, 0.0425, 0.0663, 0.0544, 0.663], [0.0755, 0.0362, 0.0731, 0.0218, 0.0143, 0.0236, 0.7556], [0.0751, 0.019, 0.0557, 0.0514, 0.037, 0.0787, 0.6831], [0.0714, 0.0203, 0.0384, 0.0175, 0.0588, 0.0355, 0.7581], [0.0289, 0.0803, 0.0339, 0.0362, 0.0706, 0.0643, 0.6858], [0.0648, 0.052, 0.0195, 0.0266, 0.0325, 0.0732, 0.7314], [0.0209, 0.0514, 0.0714, 0.0481, 0.0723, 0.0541, 0.6817], [0.0583, 0.0429, 0.0528, 0.0621, 0.0256, 0.0374, 0.7209], [0.0372, 0.0722, 0.0483, 0.0322, 0.0411, 0.0368, 0.7322], [0.049, 0.0815, 0.0622, 0.0319, 0.0609, 0.0188, 0.6958], [0.0256, 0.0569, 0.0529, 0.0649, 0.0709, 0.0178, 0.711], [0.0511, 0.0668, 0.0466, 0.0488, 0.0173, 0.0744, 0.6948], [0.0722, 0.0148, 0.0424, 0.0588, 0.0607, 0.0372, 0.714], [0.0229, 0.051, 0.0502, 0.0544, 0.0535, 0.0534, 0.7145], [0.0538, 0.0456, 0.0371, 0.0322, 0.0656, 0.0625, 0.7032], [0.0509, 0.0666, 0.021, 0.041, 0.0561, 0.017, 0.7472], [0.0379, 0.0743, 0.0671, 0.0684, 0.0347, 0.0275, 0.6901], [0.0581, 0.0638, 0.0252, 0.0416, 0.0336, 0.0766, 0.7011], [0.0779, 0.0334, 0.0913, 0.0289, 0.0721, 0.0767, 0.6197], [0.0519, 0.0845, 0.0413, 0.0464, 0.0215, 0.0887, 0.6657], [0.0659, 0.0271, 0.0647, 0.0353, 0.0443, 0.0644, 0.6982], [0.0229, 0.026, 0.0831, 0.0363, 0.0579, 0.043, 0.7307], [0.0599, 0.0569, 0.0129, 0.06, 0.027, 0.0357, 0.7477], [0.0402, 0.0333, 0.052, 0.0623, 0.0354, 0.055, 0.7218], [0.0322, 0.081, 0.0553, 0.0377, 0.0313, 0.0796, 0.683], [0.0827, 0.0496, 0.0826, 0.0136, 0.0796, 0.0426, 0.6495], [0.0374, 0.0754, 0.067, 0.026, 0.0505, 0.0604, 0.6833], [0.0836, 0.0623, 0.0774, 0.0379, 0.0173, 0.0505, 0.671], [0.0376, 0.0658, 0.0862, 0.0152, 0.0466, 0.0669, 0.6817], [0.0538, 0.0367, 0.0349, 0.0662, 0.0363, 0.0369, 0.7351], [0.029, 0.0153, 0.0482, 0.0203, 0.0868, 0.0744, 0.726], [0.0395, 0.0208, 0.0622, 0.0891, 0.0384, 0.0177, 0.7322], [0.054, 0.0496, 0.0478, 0.0368, 0.0395, 0.0252, 0.7472], [0.0233, 0.0609, 0.0689, 0.0611, 0.0458, 0.0714, 0.6685], [0.0846, 0.026, 0.0515, 0.0607, 0.0834, 0.0711, 0.6227], [0.0414, 0.0761, 0.0611, 0.0306, 0.0357, 0.0766, 0.6785], [0.034, 0.0733, 0.0792, 0.0758, 0.0579, 0.0491, 0.6306], [0.0658, 0.0312, 0.0684, 0.0553, 0.0449, 0.0623, 0.6722], [0.081, 0.048, 0.0465, 0.0503, 0.042, 0.0456, 0.6865], [0.0705, 0.0472, 0.0463, 0.0486, 0.0135, 0.0435, 0.7305], [0.0677, 0.0215, 0.0498, 0.0356, 0.0637, 0.0718, 0.6899], [0.0248, 0.086, 0.0175, 0.0412, 0.0482, 0.0619, 0.7203], [0.0646, 0.0435, 0.0664, 0.0859, 0.0193, 0.0634, 0.657], [0.0605, 0.0554, 0.0276, 0.0695, 0.055, 0.0356, 0.6963], [0.0544, 0.0744, 0.0466, 0.0259, 0.0516, 0.0852, 0.6619], [0.0391, 0.0275, 0.078, 0.0515, 0.0358, 0.0546, 0.7135], [0.0742, 0.0249, 0.0383, 0.0892, 0.0444, 0.0515, 0.6776], [0.0242, 0.0808, 0.0506, 0.0536, 0.0442, 0.0521, 0.6946], [0.0125, 0.0315, 0.0658, 0.0513, 0.0431, 0.0337, 0.7621], [0.0672, 0.072, 0.0777, 0.0309, 0.0606, 0.0434, 0.6481], [0.0621, 0.0668, 0.0519, 0.029, 0.0335, 0.0463, 0.7103], [0.02, 0.0731, 0.0556, 0.0293, 0.0807, 0.0727, 0.6686], [0.0743, 0.0314, 0.0168, 0.0719, 0.0554, 0.0431, 0.7071], [0.0472, 0.0615, 0.0592, 0.0168, 0.0574, 0.0738, 0.6841], [0.0115, 0.0637, 0.0684, 0.03, 0.0445, 0.0515, 0.7303], [0.0543, 0.0578, 0.0781, 0.0358, 0.0341, 0.0319, 0.7078], [0.0457, 0.0614, 0.0517, 0.0476, 0.0171, 0.0514, 0.7251], [0.0627, 0.0329, 0.0232, 0.0723, 0.0199, 0.0621, 0.7269], [0.0636, 0.0616, 0.0593, 0.0543, 0.0517, 0.0603, 0.6493], [0.0173, 0.062, 0.0172, 0.0725, 0.0293, 0.0544, 0.7474], [0.0648, 0.0502, 0.0174, 0.057, 0.0824, 0.0316, 0.6966], [0.0511, 0.0273, 0.0542, 0.0715, 0.0805, 0.0485, 0.6668]], "emotions": ["purple", "purple", "purple", "purple", "purple", "purple", "purple", "purple", "purple", "purple", "purple", "purple", "purple", "purple", "purple", "purple", "purple", "purple", "purple", "purple", "purple", "purple", "purple", "purple", "purple", "purple", "purple", "purple", "purple", "purple", "purple", "purple", "purple", "purple", "purple", "purple", "purple", "purple", "purple", "purple", "purple", "purple", "purple", "purple", "purple", "purple", "purple", "purple", "purple", "purple", "purple", "purple", "purple", "purple", "purple", "purple", "purple", "purple", "purple", "purple", "purple", "purple", "purple", "purple", "purple", "purple", "purple", "purple", "purple", "purple", "purple", "purple", "purple", "purple", "purple", "purple", "purple", "purple", "purple", "purple"], "timestamps": [0, 40, 80, 120, 160, 200, 240, 280, 320, 360, 400, 440, 480, 520, 560, 600, 640, 680, 720, 760, 800, 840, 880, 920, 960, 1000, 1040, 1080, 1120, 1160, 1200, 1240, 1280, 1320, 1360, 1400, 1440, 1480, 1520, 1560, 1600, 1640, 1680, 1720, 1760, 1800, 1840, 1880, 1920, 1960, 2000, 2040, 2080, 2120, 2160, 2200, 2240, 2280, 2320, 2360, 2400, 2440, 2480, 2520, 2560, 2600, 2640, 2680, 2720, 2760, 2800, 2840, 2880, 2920, 2960, 3000, 3040, 3080, 3120, 3160]}], "conversation": [], "conversation_timestamps": []}