{"agent_id": "agent-green-562", "type": "green", "trips": [{"trip_id": 0, "transport_method": "foot", "start_time": 0, "path": [[1.5340686, 42.5092413], [1.5340421, 42.5092999], [1.5340287, 42.5093635], [1.5340153, 42.509427], [1.533998, 42.5094896], [1.5339799, 42.509552], [1.5339588, 42.5096134], [1.5339376, 42.5096748], [1.5339165, 42.5097362], [1.5339037, 42.5097994], [1.5339227, 42.5098615], [1.5339522, 42.5098993], [1.5340102, 42.5098701], [1.5340682, 42.5098409], [1.5341262, 42.5098117], [1.5341842, 42.5097825], [1.5342422, 42.5097533], [1.5343002, 42.5097242], [1.5343582, 42.509695], [1.5344163, 42.5096658], [1.5344743, 42.5096366], [1.5345323, 42.5096074], [1.5345903, 42.5095782], [1.5346483, 42.509549], [1.5347063, 42.5095198], [1.5347643, 42.5094906], [1.5348223, 42.5094615], [1.5348803, 42.5094323], [1.5349383, 42.5094031], [1.5349964, 42.5093739], [1.5350544, 42.5093447], [1.5351124, 42.5093155], [1.5351704, 42.5092863], [1.5352284, 42.5092571], [1.5352864, 42.5092279], [1.5353454, 42.5092041], [1.5354101, 42.5092096], [1.5354748, 42.5092152], [1.5355395, 42.5092208], [1.5356042, 42.5092264], [1.5356689, 42.509232], [1.5357336, 42.5092375], [1.5357983, 42.5092431], [1.535863, 42.5092487], [1.5359277, 42.5092543], [1.5359924, 42.5092599], [1.5360571, 42.5092654], [1.5361218, 42.509271], [1.5361865, 42.5092766], [1.5362512, 42.5092822], [1.5363159, 42.5092878], [1.5363806, 42.5092933], [1.5364453, 42.5092989], [1.53651, 42.5093045], [1.5365747, 42.5093101], [1.5366393, 42.5093145], [1.5367005, 42.5092929], [1.5367618, 42.5092713], [1.536823, 42.5092497], [1.5368842, 42.5092281], [1.5369079, 42.5091686], [1.5369596, 42.5091326], [1.5370217, 42.5091136], [1.5370838, 42.5090945], [1.537143, 42.509068], [1.537202, 42.5090407], [1.5372609, 42.5090135], [1.5373199, 42.5089863], [1.5373788, 42.5089591], [1.5374378, 42.5089319], [1.5374968, 42.5089047], [1.5375557, 42.5088775], [1.5376147, 42.5088503], [1.5376737, 42.5088231], [1.537731, 42.5087941], [1.5377627, 42.5087374], [1.5377945, 42.5086808], [1.5378262, 42.5086241], [1.5378579, 42.5085674], [1.5378896, 42.5085108]], "mood_vectors": [[0.074, 0.0644, 0.083, 0.0824, 0.0657, 0.0153, 0.6153], [0.0141, 0.0492, 0.0662, 0.0459, 0.0718, 0.0686, 0.6842], [0.0211, 0.0816, 0.0488, 0.0636, 0.0593, 0.0784, 0.6472], [0.0747, 0.0192, 0.0489, 0.0677, 0.0233, 0.0524, 0.7138], [0.0622, 0.0128, 0.0191, 0.0452, 0.033, 0.0484, 0.7793], [0.0296, 0.078, 0.0206, 0.0445, 0.0187, 0.0268, 0.7816], [0.0156, 0.0416, 0.0739, 0.051, 0.0327, 0.0535, 0.7317], [0.0697, 0.055, 0.0233, 0.0284, 0.055, 0.0367, 0.7319], [0.0844, 0.0765, 0.0381, 0.0413, 0.0712, 0.085, 0.6035], [0.0531, 0.0406, 0.067, 0.0481, 0.0398, 0.0677, 0.6837], [0.0111, 0.0481, 0.0642, 0.0435, 0.0336, 0.0603, 0.7393], [0.0696, 0.0845, 0.0492, 0.0166, 0.0216, 0.0605, 0.698], [0.0126, 0.0515, 0.0483, 0.0352, 0.0406, 0.0591, 0.7527], [0.0665, 0.0281, 0.0801, 0.0772, 0.0148, 0.0584, 0.6749], [0.0375, 0.0638, 0.0388, 0.0256, 0.0832, 0.0742, 0.6768], [0.0754, 0.0307, 0.0563, 0.0348, 0.0698, 0.0617, 0.6713], [0.0712, 0.0675, 0.0231, 0.0545, 0.0475, 0.0597, 0.6766], [0.0403, 0.0616, 0.0774, 0.0143, 0.0781, 0.0716, 0.6567], [0.0346, 0.0386, 0.0757, 0.0233, 0.0472, 0.0753, 0.7054], [0.0717, 0.0568, 0.0385, 0.0811, 0.0423, 0.0376, 0.672], [0.0605, 0.0481, 0.0772, 0.0245, 0.0747, 0.0338, 0.6813], [0.0536, 0.0186, 0.0356, 0.0649, 0.0661, 0.0254, 0.7359], [0.0357, 0.0243, 0.0555, 0.1093, 0.0492, 0.0249, 0.7011], [0.0262, 0.0656, 0.0227, 0.0667, 0.0535, 0.0402, 0.7251], [0.0766, 0.0167, 0.0879, 0.0835, 0.0241, 0.0811, 0.6301], [0.0696, 0.0674, 0.0179, 0.0654, 0.0473, 0.0269, 0.7055], [0.0591, 0.0451, 0.0457, 0.0353, 0.0283, 0.0324, 0.7542], [0.0291, 0.077, 0.0754, 0.0514, 0.0703, 0.0587, 0.6382], [0.0924, 0.0526, 0.0354, 0.06, 0.0795, 0.0557, 0.6244], [0.0269, 0.0629, 0.0575, 0.0239, 0.0765, 0.0584, 0.694], [0.0683, 0.0773, 0.0486, 0.0756, 0.0486, 0.0611, 0.6205], [0.0474, 0.0841, 0.0589, 0.066, 0.0537, 0.0746, 0.6153], [0.0541, 0.0555, 0.0725, 0.0392, 0.0183, 0.0916, 0.6688], [0.0772, 0.0481, 0.0426, 0.0389, 0.0526, 0.0245, 0.7162], [0.0608, 0.0395, 0.0165, 0.0386, 0.043, 0.0424, 0.7592], [0.0755, 0.0309, 0.0347, 0.0954, 0.0958, 0.0161, 0.6517], [0.0281, 0.0434, 0.0252, 0.0484, 0.0337, 0.0409, 0.7804], [0.0789, 0.0499, 0.017, 0.0578, 0.0314, 0.0198, 0.7452], [0.0686, 0.0154, 0.0179, 0.0414, 0.0652, 0.0293, 0.7622], [0.0504, 0.0386, 0.0509, 0.0621, 0.0137, 0.0399, 0.7444], [0.0274, 0.0497, 0.0254, 0.0675, 0.0404, 0.0619, 0.7277], [0.0568, 0.0322, 0.0208, 0.071, 0.0617, 0.0689, 0.6886], [0.0288, 0.0395, 0.0792, 0.0163, 0.0899, 0.0212, 0.7251], [0.0738, 0.035, 0.0357, 0.0274, 0.064, 0.0363, 0.7278], [0.0652, 0.0198, 0.0916, 0.07, 0.0513, 0.058, 0.6441], [0.0867, 0.0194, 0.0239, 0.039, 0.0572, 0.0562, 0.7176], [0.0683, 0.0413, 0.0749, 0.0791, 0.0483, 0.0178, 0.6703], [0.0617, 0.039, 0.025, 0.0628, 0.0441, 0.0241, 0.7435], [0.0322, 0.0781, 0.0188, 0.0219, 0.0817, 0.0178, 0.7495], [0.0646, 0.0825, 0.0359, 0.0206, 0.0587, 0.0652, 0.6724], [0.0842, 0.0346, 0.0738, 0.0601, 0.0449, 0.0141, 0.6883], [0.0813, 0.0251, 0.0859, 0.0718, 0.0649, 0.0166, 0.6545], [0.0183, 0.0384, 0.0208, 0.0168, 0.0479, 0.0551, 0.8027], [0.0717, 0.0741, 0.0753, 0.0521, 0.0468, 0.0779, 0.6022], [0.0795, 0.0244, 0.0756, 0.0752, 0.0621, 0.0316, 0.6517], [0.0705, 0.0621, 0.0292, 0.0717, 0.0645, 0.0546, 0.6474], [0.0258, 0.042, 0.0483, 0.0395, 0.0717, 0.03, 0.7426], [0.0463, 0.066, 0.0675, 0.0494, 0.0667, 0.0655, 0.6387], [0.0686, 0.0454, 0.0573, 0.0269, 0.0401, 0.0422, 0.7195], [0.0784, 0.0354, 0.0577, 0.0734, 0.0571, 0.0561, 0.642], [0.0851, 0.0467, 0.0528, 0.0226, 0.0625, 0.0219, 0.7084], [0.0203, 0.0515, 0.0364, 0.0665, 0.0182, 0.0153, 0.7919], [0.0723, 0.0667, 0.038, 0.0804, 0.0405, 0.0617, 0.6404], [0.0538, 0.0507, 0.0285, 0.0137, 0.0532, 0.0414, 0.7587], [0.0552, 0.0166, 0.0739, 0.0536, 0.0731, 0.038, 0.6896], [0.0306, 0.0573, 0.0499, 0.0332, 0.0175, 0.0611, 0.7504], [0.0373, 0.0664, 0.0143, 0.0719, 0.0201, 0.0491, 0.7407], [0.0544, 0.0115, 0.0467, 0.0792, 0.0257, 0.0477, 0.7348], [0.031, 0.0287, 0.0774, 0.0288, 0.0199, 0.0812, 0.733], [0.0734, 0.0426, 0.0656, 0.0649, 0.0171, 0.1017, 0.6348], [0.0447, 0.073, 0.0883, 0.0234, 0.0179, 0.0152, 0.7375], [0.058, 0.0526, 0.0489, 0.0541, 0.069, 0.0696, 0.6478], [0.0573, 0.0262, 0.057, 0.0295, 0.0667, 0.0563, 0.7069], [0.0678, 0.0456, 0.0451, 0.0353, 0.057, 0.0709, 0.6783], [0.0891, 0.0557, 0.0614, 0.0389, 0.0134, 0.0359, 0.7056], [0.0574, 0.0593, 0.0194, 0.0417, 0.0599, 0.052, 0.7102], [0.0146, 0.0749, 0.0905, 0.0243, 0.088, 0.0617, 0.646], [0.0582, 0.0893, 0.0416, 0.0522, 0.0848, 0.0262, 0.6477], [0.0316, 0.0267, 0.0502, 0.0617, 0.025, 0.0683, 0.7365], [0.0205, 0.045, 0.0529, 0.0347, 0.0138, 0.0259, 0.8072]], "emotions": ["purple", "purple", "purple", "purple", "purple", "purple", "purple", "purple", "purple", "purple", "purple", "purple", "purple", "purple", "purple", "purple", "purple", "purple", "purple", "purple", "purple", "purple", "purple", "purple", "purple", "purple", "purple", "purple", "purple", "purple", "purple", "purple", "purple", "purple", "purple", "purple", "purple", "purple", "purple", "purple", "purple", "purple", "purple", "purple", "purple", "purple", "purple", "purple", "purple", "purple", "purple", "purple", "purple", "purple", "purple", "purple", "purple", "purple", "purple", "purple", "purple", "purple", "purple", "purple", "purple", "purple", "purple", "purple", "purple", "purple", "purple", "purple", "purple", "purple", "purple", "purple", "purple", "purple", "purple", "purple"], "timestamps": [0, 40, 80, 120, 160, 200, 240, 280, 320, 360, 400, 440, 480, 520, 560, 600, 640, 680, 720, 760, 800, 840, 880, 920, 960, 1000, 1040, 1080, 1120, 1160, 1200, 1240, 1280, 1320, 1360, 1400, 1440, 1480, 1520, 1560, 1600, 1640, 1680, 1720, 1760, 1800, 1840, 1880, 1920, 1960, 2000, 2040, 2080, 2120, 2160, 2200, 2240, 2280, 2320, 2360, 2400, 2440, 2480, 2520, 2560, 2600, 2640, 2680, 2720, 2760, 2800, 2840, 2880, 2920, 2960, 3000, 3040, 3080, 3120, 3160]}], "conversation": [], "conversation_timestamps": []}