{"agent_id": "agent-orange-1688", "type": "orange", "trips": [{"trip_id": 0, "transport_method": "foot", "start_time": 0, "path": [[1.5866872, 42.5347597], [1.5863324, 42.5341975], [1.5855015, 42.5336353], [1.5856195, 42.5336894], [1.584803, 42.5331004], [1.5840521, 42.5324322], [1.5832066, 42.5318919], [1.5822275, 42.5316875], [1.5812213, 42.531719], [1.580215, 42.5317473], [1.5792093, 42.5317913], [1.5782029, 42.5317943], [1.5771988, 42.5317242], [1.5762013, 42.5315897], [1.5752143, 42.5313915], [1.5743888, 42.5308579], [1.5736506, 42.5301733], [1.5732809, 42.5298688], [1.5738366, 42.5306948], [1.5746964, 42.5312102], [1.5742073, 42.5306938], [1.5734666, 42.5300119], [1.5726694, 42.5294139], [1.5716994, 42.5292901], [1.5708522, 42.5290185], [1.570047, 42.5284142], [1.5696963, 42.5281293], [1.5705375, 42.5286825], [1.571295, 42.529336], [1.570567, 42.5288702], [1.569729, 42.528312], [1.5688911, 42.5277539], [1.5680532, 42.5271957], [1.5677684, 42.5270185], [1.5686701, 42.5274632], [1.5687394, 42.5275675], [1.5679033, 42.5270065], [1.5670673, 42.5264455], [1.5662454, 42.5258652], [1.565336, 42.5254352], [1.5643683, 42.5251999], [1.5634648, 42.5247884], [1.5625519, 42.5243823], [1.5618979, 42.5236191], [1.5611174, 42.5229859], [1.5602616, 42.5224655], [1.559484, 42.5218706], [1.558679, 42.5212847], [1.5579396, 42.5206015], [1.5572326, 42.5198849], [1.5569906, 42.5195803], [1.5563825, 42.518883], [1.5564058, 42.5188794], [1.5563365, 42.5190099], [1.555569, 42.5183583], [1.5552757, 42.5180229], [1.5550139, 42.5179464], [1.5542578, 42.5172816], [1.5538333, 42.5169877], [1.5545358, 42.5176977], [1.5539474, 42.5169818], [1.5534446, 42.5161315], [1.5529877, 42.5152487], [1.5527128, 42.514317], [1.5523557, 42.5134579], [1.5514661, 42.5129902], [1.5507227, 42.5123136], [1.5498255, 42.5118907], [1.5488614, 42.5116055], [1.5478815, 42.5113748], [1.5469104, 42.5111099], [1.5463268, 42.5103697], [1.54641, 42.5100359], [1.5458999, 42.5095855], [1.5449403, 42.5093291], [1.5439491, 42.5092086], [1.5429847, 42.50895], [1.5419889, 42.5088881], [1.5410767, 42.5092154], [1.5401981, 42.5096471]], "mood_vectors": [[0.0441, 0.0312, 0.0601, 0.0673, 0.714, 0.0451, 0.0382], [0.0338, 0.055, 0.0689, 0.0577, 0.6864, 0.0427, 0.0555], [0.0558, 0.0144, 0.0723, 0.0241, 0.7294, 0.0695, 0.0345], [0.0699, 0.0662, 0.067, 0.0409, 0.63, 0.0635, 0.0625], [0.0546, 0.071, 0.033, 0.032, 0.6877, 0.0608, 0.061], [0.016, 0.0497, 0.0706, 0.0273, 0.7217, 0.0515, 0.0633], [0.0606, 0.0648, 0.0223, 0.0544, 0.7284, 0.0483, 0.0212], [0.0519, 0.0653, 0.0494, 0.0773, 0.6451, 0.0617, 0.0494], [0.0253, 0.0825, 0.0246, 0.0892, 0.6399, 0.05, 0.0885], [0.0316, 0.0905, 0.0306, 0.0749, 0.7119, 0.0413, 0.0193], [0.051, 0.0579, 0.0515, 0.0581, 0.6922, 0.0252, 0.0641], [0.0206, 0.0285, 0.0449, 0.0816, 0.7563, 0.0133, 0.0548], [0.0194, 0.0487, 0.0853, 0.0471, 0.6857, 0.0295, 0.0842], [0.0258, 0.0506, 0.0765, 0.0255, 0.7418, 0.0436, 0.0362], [0.0574, 0.0733, 0.0216, 0.0726, 0.717, 0.0301, 0.0279], [0.0679, 0.069, 0.0187, 0.0505, 0.7003, 0.0521, 0.0415], [0.0344, 0.0723, 0.0915, 0.0934, 0.6324, 0.0152, 0.0608], [0.0192, 0.0218, 0.046, 0.0199, 0.7856, 0.0605, 0.0468], [0.0855, 0.0165, 0.0149, 0.0429, 0.7373, 0.0704, 0.0325], [0.0246, 0.0843, 0.0768, 0.0612, 0.6373, 0.0714, 0.0443], [0.0342, 0.056, 0.0424, 0.0386, 0.784, 0.0159, 0.0288], [0.0874, 0.0235, 0.0277, 0.0276, 0.7155, 0.0309, 0.0875], [0.0477, 0.0132, 0.0621, 0.0479, 0.6922, 0.0799, 0.057], [0.0759, 0.0646, 0.0121, 0.0619, 0.7115, 0.0622, 0.0118], [0.0432, 0.028, 0.039, 0.0716, 0.6732, 0.0755, 0.0695], [0.0643, 0.0443, 0.0653, 0.0227, 0.6871, 0.0722, 0.044], [0.0143, 0.0857, 0.0871, 0.0522, 0.6424, 0.0787, 0.0397], [0.0162, 0.0646, 0.059, 0.0724, 0.6932, 0.0684, 0.0262], [0.0234, 0.0254, 0.0503, 0.0278, 0.7849, 0.0144, 0.0737], [0.042, 0.0382, 0.0134, 0.0287, 0.7874, 0.0443, 0.0461], [0.0358, 0.0241, 0.0392, 0.0535, 0.7694, 0.031, 0.047], [0.0165, 0.0492, 0.0404, 0.0453, 0.7969, 0.0137, 0.0381], [0.0447, 0.0455, 0.0358, 0.0503, 0.6826, 0.0743, 0.0668], [0.0482, 0.0732, 0.0384, 0.0504, 0.7265, 0.0336, 0.0296], [0.0704, 0.0274, 0.0376, 0.043, 0.6988, 0.0487, 0.0742], [0.0394, 0.0395, 0.0397, 0.0372, 0.7601, 0.0341, 0.05], [0.0328, 0.0734, 0.0201, 0.0727, 0.7249, 0.0611, 0.0149], [0.0256, 0.0822, 0.0327, 0.0342, 0.6841, 0.0777, 0.0635], [0.0146, 0.0867, 0.0148, 0.0545, 0.7007, 0.086, 0.0427], [0.0353, 0.0847, 0.0275, 0.0794, 0.6473, 0.054, 0.0718], [0.0393, 0.0201, 0.0199, 0.0491, 0.7277, 0.0731, 0.0708], [0.0414, 0.0288, 0.0582, 0.0413, 0.6666, 0.0806, 0.0832], [0.0686, 0.0691, 0.0115, 0.0338, 0.694, 0.0664, 0.0566], [0.0448, 0.0329, 0.0393, 0.0184, 0.8109, 0.0268, 0.0269], [0.0456, 0.0337, 0.0526, 0.0717, 0.6433, 0.0766, 0.0765], [0.0144, 0.0561, 0.0116, 0.0522, 0.7206, 0.0745, 0.0707], [0.0621, 0.0269, 0.0769, 0.0294, 0.7065, 0.0414, 0.0568], [0.0261, 0.0741, 0.0594, 0.0566, 0.696, 0.0318, 0.056], [0.0533, 0.0449, 0.0842, 0.0365, 0.6831, 0.0829, 0.0152], [0.0729, 0.08, 0.0305, 0.0495, 0.7072, 0.0334, 0.0265], [0.0766, 0.0453, 0.0997, 0.0403, 0.6603, 0.061, 0.0168], [0.0375, 0.0336, 0.0902, 0.09, 0.6299, 0.0893, 0.0294], [0.0321, 0.0551, 0.0743, 0.0785, 0.6749, 0.0381, 0.047], [0.0638, 0.0402, 0.0783, 0.0554, 0.6853, 0.0406, 0.0364], [0.0749, 0.0545, 0.0521, 0.0383, 0.7363, 0.018, 0.0258], [0.056, 0.0815, 0.0354, 0.0598, 0.6269, 0.0909, 0.0494], [0.0667, 0.0693, 0.0461, 0.0757, 0.5876, 0.0817, 0.0729], [0.0775, 0.0147, 0.029, 0.0766, 0.6582, 0.0777, 0.0663], [0.0291, 0.0769, 0.0543, 0.0394, 0.7013, 0.0659, 0.0331], [0.0331, 0.0561, 0.0269, 0.0378, 0.7111, 0.0705, 0.0645], [0.0345, 0.0474, 0.0696, 0.0611, 0.6215, 0.0814, 0.0844], [0.021, 0.0183, 0.0882, 0.053, 0.6853, 0.0819, 0.0522], [0.0415, 0.0128, 0.0884, 0.0326, 0.7678, 0.0359, 0.021], [0.027, 0.0458, 0.053, 0.0502, 0.712, 0.0632, 0.0489], [0.0454, 0.0376, 0.0786, 0.0427, 0.7054, 0.0335, 0.0568], [0.0287, 0.0859, 0.0533, 0.0594, 0.712, 0.0353, 0.0254], [0.0736, 0.0751, 0.069, 0.077, 0.5682, 0.0604, 0.0767], [0.0498, 0.07, 0.0359, 0.0351, 0.7067, 0.0403, 0.0622], [0.0397, 0.0734, 0.0255, 0.0396, 0.7275, 0.0648, 0.0294], [0.0555, 0.0233, 0.022, 0.0354, 0.7828, 0.0193, 0.0617], [0.0951, 0.0431, 0.0247, 0.039, 0.7099, 0.0417, 0.0464], [0.0592, 0.025, 0.0809, 0.0664, 0.6921, 0.03, 0.0465], [0.0939, 0.0394, 0.0487, 0.0447, 0.6717, 0.0494, 0.0522], [0.0593, 0.0132, 0.0554, 0.0692, 0.6768, 0.0596, 0.0665], [0.077, 0.0199, 0.065, 0.0925, 0.6385, 0.0292, 0.0779], [0.0658, 0.0634, 0.0631, 0.0654, 0.68, 0.0202, 0.0422], [0.0248, 0.0221, 0.0516, 0.0664, 0.7535, 0.0585, 0.0232], [0.0336, 0.0333, 0.0153, 0.0386, 0.8031, 0.0604, 0.0156], [0.0306, 0.05, 0.033, 0.0297, 0.789, 0.0161, 0.0515], [0.0541, 0.0602, 0.0513, 0.0337, 0.6821, 0.053, 0.0656]], "emotions": ["red", "red", "red", "red", "red", "red", "red", "red", "red", "red", "red", "red", "red", "red", "red", "red", "red", "red", "red", "red", "red", "red", "red", "red", "red", "red", "red", "red", "red", "red", "red", "red", "red", "red", "red", "red", "red", "red", "red", "red", "red", "red", "red", "red", "red", "red", "red", "red", "red", "red", "red", "red", "red", "red", "red", "red", "red", "red", "red", "red", "red", "red", "red", "red", "red", "red", "red", "red", "red", "red", "red", "red", "red", "red", "red", "red", "red", "red", "red", "red"], "timestamps": [0, 40, 80, 120, 160, 200, 240, 280, 320, 360, 400, 440, 480, 520, 560, 600, 640, 680, 720, 760, 800, 840, 880, 920, 960, 1000, 1040, 1080, 1120, 1160, 1200, 1240, 1280, 1320, 1360, 1400, 1440, 1480, 1520, 1560, 1600, 1640, 1680, 1720, 1760, 1800, 1840, 1880, 1920, 1960, 2000, 2040, 2080, 2120, 2160, 2200, 2240, 2280, 2320, 2360, 2400, 2440, 2480, 2520, 2560, 2600, 2640, 2680, 2720, 2760, 2800, 2840, 2880, 2920, 2960, 3000, 3040, 3080, 3120, 3160]}], "conversation": [], "conversation_timestamps": []}