{"agent_id": "agent-orange-1183", "type": "orange", "trips": [{"trip_id": 0, "transport_method": "car", "start_time": 0, "path": [[1.4654662, 42.4465955], [1.464939, 42.4444477], [1.4641008, 42.4451311], [1.4654992, 42.4469216], [1.4634698, 42.4473391], [1.4615471, 42.447484], [1.4608993, 42.4492482], [1.4612902, 42.4514369], [1.4620268, 42.4536215], [1.4601617, 42.4531368], [1.4608384, 42.4515152], [1.4609804, 42.4502441], [1.4620751, 42.4522731], [1.463265, 42.4541124], [1.4646613, 42.4541616], [1.4664367, 42.4551058], [1.4685789, 42.4557449], [1.4707548, 42.4561675], [1.4727963, 42.4571997], [1.4735528, 42.4572719], [1.4737581, 42.4574169], [1.4758794, 42.45733], [1.4781151, 42.4568662], [1.4796582, 42.4571662], [1.4794795, 42.4589597], [1.4806538, 42.4605231], [1.4820045, 42.4620483], [1.4823739, 42.4642331], [1.484405, 42.4647455], [1.4859494, 42.4654389], [1.4871922, 42.4671199], [1.4881722, 42.4688694], [1.4888209, 42.4709633], [1.4884969, 42.472737], [1.4873745, 42.473947], [1.4874505, 42.4754519], [1.4880234, 42.4757049], [1.4901573, 42.4764521], [1.4899954, 42.4781131], [1.4898573, 42.4804145], [1.4895026, 42.4812206], [1.4896325, 42.4789709], [1.4906331, 42.4769251], [1.4904853, 42.4783159], [1.4903033, 42.4806142], [1.4903242, 42.4828648], [1.4916001, 42.4846516], [1.493636, 42.485541], [1.4946953, 42.4874129], [1.4956991, 42.4893595], [1.4966474, 42.4913286], [1.4986236, 42.4925118], [1.5004928, 42.493836], [1.5024068, 42.4949713], [1.504522, 42.4958696], [1.5066716, 42.4966881], [1.5088003, 42.4975667], [1.5106859, 42.4988278], [1.5121034, 42.5006459], [1.5131541, 42.5021069], [1.5137728, 42.5027807], [1.5154348, 42.5043786], [1.5173322, 42.5054099], [1.5195847, 42.5056129], [1.5217656, 42.5062563], [1.5239943, 42.5068356], [1.5262365, 42.5071817], [1.5254295, 42.5070862], [1.5275829, 42.5075687], [1.5291764, 42.5089493], [1.5306812, 42.5093402], [1.5327636, 42.5102318], [1.5345663, 42.5115742], [1.5360536, 42.5128564], [1.5381167, 42.5126665], [1.5382529, 42.5125771], [1.5397947, 42.5124885], [1.5405003, 42.5124201], [1.5427858, 42.5123125], [1.5435239, 42.511046]], "mood_vectors": [[0.0792, 0.0187, 0.0621, 0.0365, 0.7092, 0.0164, 0.0779], [0.0698, 0.0465, 0.0607, 0.0578, 0.7123, 0.0348, 0.0182], [0.0721, 0.0747, 0.0259, 0.0603, 0.6214, 0.0783, 0.0672], [0.0265, 0.0821, 0.0681, 0.0698, 0.6494, 0.0862, 0.0178], [0.0347, 0.0487, 0.0469, 0.0474, 0.7097, 0.0374, 0.0751], [0.0847, 0.0428, 0.0657, 0.0276, 0.7067, 0.055, 0.0175], [0.0538, 0.0745, 0.0121, 0.0226, 0.776, 0.0181, 0.0428], [0.073, 0.0686, 0.0237, 0.0232, 0.6628, 0.0745, 0.0742], [0.0443, 0.081, 0.0259, 0.0564, 0.7386, 0.026, 0.0279], [0.0476, 0.0699, 0.0232, 0.0325, 0.7538, 0.0229, 0.0501], [0.0272, 0.0402, 0.0801, 0.017, 0.7699, 0.0209, 0.0445], [0.0222, 0.0278, 0.0333, 0.0268, 0.8166, 0.0248, 0.0485], [0.0684, 0.04, 0.0738, 0.0476, 0.6982, 0.0407, 0.0313], [0.0313, 0.0405, 0.0465, 0.0429, 0.7672, 0.0118, 0.0598], [0.0794, 0.0379, 0.0343, 0.0951, 0.698, 0.0392, 0.0161], [0.0157, 0.0159, 0.0828, 0.0532, 0.7421, 0.0553, 0.0351], [0.0834, 0.0163, 0.0542, 0.0923, 0.616, 0.084, 0.0536], [0.035, 0.0747, 0.0914, 0.0414, 0.6886, 0.0364, 0.0325], [0.0854, 0.0651, 0.0235, 0.0678, 0.6742, 0.036, 0.048], [0.066, 0.0815, 0.0541, 0.0581, 0.6842, 0.0424, 0.0137], [0.0304, 0.0539, 0.0695, 0.0424, 0.7533, 0.0246, 0.0259], [0.0165, 0.0649, 0.0559, 0.0776, 0.6788, 0.049, 0.0572], [0.0141, 0.0737, 0.0267, 0.0747, 0.7617, 0.0279, 0.0212], [0.066, 0.0213, 0.0462, 0.0454, 0.7514, 0.0174, 0.0523], [0.0497, 0.0736, 0.0271, 0.0188, 0.7242, 0.03, 0.0765], [0.0304, 0.0707, 0.0753, 0.0781, 0.6496, 0.0607, 0.0352], [0.0608, 0.0791, 0.0454, 0.0698, 0.6851, 0.0479, 0.0118], [0.0563, 0.0331, 0.0827, 0.0315, 0.6947, 0.0614, 0.0403], [0.022, 0.0732, 0.0632, 0.0637, 0.7322, 0.0136, 0.0322], [0.0409, 0.0781, 0.0539, 0.0787, 0.6219, 0.0859, 0.0406], [0.0695, 0.0355, 0.0881, 0.0142, 0.6276, 0.0862, 0.0788], [0.0362, 0.0237, 0.0297, 0.0581, 0.789, 0.0302, 0.033], [0.0579, 0.0706, 0.0507, 0.0446, 0.7119, 0.027, 0.0373], [0.0303, 0.0592, 0.0256, 0.0738, 0.71, 0.08, 0.021], [0.0427, 0.044, 0.0198, 0.0447, 0.726, 0.0635, 0.0593], [0.0726, 0.0525, 0.0815, 0.0146, 0.702, 0.0548, 0.0221], [0.057, 0.0724, 0.0337, 0.0611, 0.6579, 0.0477, 0.0703], [0.0578, 0.0673, 0.0589, 0.0169, 0.6677, 0.0686, 0.0627], [0.0628, 0.0638, 0.035, 0.0426, 0.7029, 0.0245, 0.0683], [0.0551, 0.0554, 0.0136, 0.0446, 0.7336, 0.0565, 0.0413], [0.0615, 0.0731, 0.0563, 0.0899, 0.6591, 0.0387, 0.0215], [0.0398, 0.0378, 0.0725, 0.0345, 0.6796, 0.0934, 0.0426], [0.0762, 0.0144, 0.0151, 0.0774, 0.7373, 0.0161, 0.0635], [0.058, 0.0464, 0.0676, 0.0362, 0.6797, 0.0676, 0.0445], [0.0238, 0.0262, 0.0786, 0.0815, 0.6606, 0.042, 0.0873], [0.0147, 0.019, 0.015, 0.0887, 0.7226, 0.0601, 0.0798], [0.0779, 0.1089, 0.0326, 0.0279, 0.6997, 0.0211, 0.032], [0.0462, 0.0398, 0.066, 0.0247, 0.7221, 0.02, 0.0812], [0.0122, 0.0623, 0.0223, 0.0728, 0.722, 0.0655, 0.043], [0.0212, 0.0719, 0.072, 0.0517, 0.6577, 0.0624, 0.0631], [0.0532, 0.0604, 0.0418, 0.0641, 0.654, 0.0635, 0.063], [0.0597, 0.0432, 0.0456, 0.0508, 0.6711, 0.0492, 0.0804], [0.051, 0.0273, 0.0259, 0.0483, 0.7329, 0.046, 0.0686], [0.029, 0.0278, 0.0615, 0.0149, 0.7641, 0.029, 0.0737], [0.0599, 0.0789, 0.0212, 0.0691, 0.6403, 0.0773, 0.0533], [0.0291, 0.0392, 0.0479, 0.0181, 0.7545, 0.0677, 0.0435], [0.0426, 0.018, 0.076, 0.0547, 0.7686, 0.0178, 0.0223], [0.0771, 0.0442, 0.0847, 0.0903, 0.649, 0.0262, 0.0285], [0.0282, 0.0185, 0.0661, 0.0693, 0.6919, 0.0511, 0.0748], [0.0394, 0.0531, 0.0657, 0.0427, 0.7153, 0.0239, 0.06], [0.0251, 0.0416, 0.0662, 0.0613, 0.7458, 0.0334, 0.0267], [0.0657, 0.0193, 0.0401, 0.0656, 0.7322, 0.0452, 0.0318], [0.0404, 0.0134, 0.034, 0.0776, 0.7169, 0.046, 0.0716], [0.0243, 0.0539, 0.0512, 0.0236, 0.6999, 0.0742, 0.0729], [0.0271, 0.0562, 0.0499, 0.0341, 0.7298, 0.0418, 0.0612], [0.0195, 0.0273, 0.0308, 0.0199, 0.7924, 0.0738, 0.0364], [0.0887, 0.0369, 0.0151, 0.0814, 0.7178, 0.0185, 0.0415], [0.0372, 0.0339, 0.027, 0.0341, 0.7331, 0.074, 0.0608], [0.0514, 0.0415, 0.0527, 0.0384, 0.702, 0.059, 0.0551], [0.0158, 0.0197, 0.0274, 0.0321, 0.788, 0.0617, 0.0553], [0.0124, 0.0745, 0.0713, 0.0155, 0.7446, 0.056, 0.0258], [0.0858, 0.022, 0.0544, 0.0383, 0.6987, 0.0474, 0.0533], [0.0475, 0.0548, 0.0792, 0.0337, 0.6958, 0.0669, 0.0221], [0.0577, 0.0327, 0.0685, 0.0348, 0.675, 0.0459, 0.0854], [0.0295, 0.0117, 0.0758, 0.0589, 0.7064, 0.0434, 0.0744], [0.0148, 0.0149, 0.0784, 0.055, 0.74, 0.0366, 0.0603], [0.0394, 0.0287, 0.031, 0.0717, 0.6993, 0.0702, 0.0597], [0.0452, 0.0367, 0.0153, 0.0658, 0.7438, 0.0607, 0.0324], [0.054, 0.0181, 0.0593, 0.0386, 0.7477, 0.0317, 0.0506], [0.0295, 0.0375, 0.0402, 0.061, 0.7253, 0.0662, 0.0403]], "emotions": ["red", "red", "red", "red", "red", "red", "red", "red", "red", "red", "red", "red", "red", "red", "red", "red", "red", "red", "red", "red", "red", "red", "red", "red", "red", "red", "red", "red", "red", "red", "red", "red", "red", "red", "red", "red", "red", "red", "red", "red", "red", "red", "red", "red", "red", "red", "red", "red", "red", "red", "red", "red", "red", "red", "red", "red", "red", "red", "red", "red", "red", "red", "red", "red", "red", "red", "red", "red", "red", "red", "red", "red", "red", "red", "red", "red", "red", "red", "red", "red"], "timestamps": [0, 40, 80, 120, 160, 200, 240, 280, 320, 360, 400, 440, 480, 520, 560, 600, 640, 680, 720, 760, 800, 840, 880, 920, 960, 1000, 1040, 1080, 1120, 1160, 1200, 1240, 1280, 1320, 1360, 1400, 1440, 1480, 1520, 1560, 1600, 1640, 1680, 1720, 1760, 1800, 1840, 1880, 1920, 1960, 2000, 2040, 2080, 2120, 2160, 2200, 2240, 2280, 2320, 2360, 2400, 2440, 2480, 2520, 2560, 2600, 2640, 2680, 2720, 2760, 2800, 2840, 2880, 2920, 2960, 3000, 3040, 3080, 3120, 3160]}], "conversation": [], "conversation_timestamps": []}