{"agent_id": "agent-blue-1240", "type": "blue", "trips": [{"trip_id": 0, "transport_method": "bus", "start_time": 0, "path": [[1.5192066, 42.5063318], [1.5191991, 42.5065939], [1.5194166, 42.506761], [1.519672, 42.506863], [1.5199269, 42.5069658], [1.5201484, 42.5071294], [1.5203366, 42.5073251], [1.5205631, 42.5074643], [1.5208325, 42.5075003], [1.5211076, 42.5075089], [1.5213828, 42.5075175], [1.5216579, 42.5075181], [1.5218795, 42.507637], [1.5220909, 42.5077076], [1.5223631, 42.5077231], [1.5226373, 42.507747], [1.5229116, 42.5077709], [1.5231859, 42.5077947], [1.5234401, 42.5078073], [1.5237148, 42.5077882], [1.5239897, 42.5077741], [1.5242646, 42.5077803], [1.5245357, 42.5078273], [1.5248022, 42.5078953], [1.5250668, 42.5079715], [1.5253313, 42.5080478], [1.5255936, 42.5081303], [1.5258545, 42.5082109], [1.5261248, 42.5082605], [1.5263952, 42.508312], [1.5266682, 42.5083463], [1.5269432, 42.5083583], [1.5272185, 42.5083611], [1.5274932, 42.5083746], [1.5277509, 42.5084701], [1.528004, 42.5085783], [1.5282555, 42.5086902], [1.5285063, 42.5088011], [1.5287743, 42.5088645], [1.5290435, 42.5089219], [1.5290834, 42.5088946], [1.5288683, 42.5088871], [1.5291356, 42.5089529], [1.5294029, 42.5090188], [1.5296702, 42.5090847], [1.5299349, 42.5091599], [1.530195, 42.5092502], [1.5304554, 42.5093396], [1.5307157, 42.5093476], [1.5309746, 42.5094413], [1.5312322, 42.5095385], [1.5314891, 42.5096373], [1.5317483, 42.5097299], [1.5320081, 42.5098209], [1.532272, 42.5098585], [1.5325277, 42.5099522], [1.532802, 42.5099751], [1.5330761, 42.5099995], [1.5333483, 42.5100335], [1.5336011, 42.5101425], [1.5338477, 42.5102646], [1.5340918, 42.5103919], [1.5343359, 42.5105192], [1.53458, 42.5106465], [1.5348241, 42.5107738], [1.5350505, 42.5107492], [1.5352671, 42.5105844], [1.5355363, 42.510561], [1.5358111, 42.5105781], [1.5360859, 42.5105952], [1.5363606, 42.5106123], [1.5366331, 42.5106457], [1.5369015, 42.5107071], [1.5371726, 42.5107408], [1.5374479, 42.5107345], [1.537723, 42.510732], [1.5379548, 42.5106693], [1.5381116, 42.5108579], [1.5382849, 42.5110697], [1.5384837, 42.5112602]], "mood_vectors": [[0.0301, 0.0469, 0.0441, 0.7983, 0.0325, 0.0295, 0.0186], [0.016, 0.0597, 0.0701, 0.6935, 0.0454, 0.0333, 0.082], [0.0426, 0.0513, 0.0402, 0.6922, 0.0704, 0.0731, 0.0302], [0.057, 0.0331, 0.0441, 0.6655, 0.0873, 0.0846, 0.0284], [0.0627, 0.0166, 0.0429, 0.6973, 0.0429, 0.0785, 0.059], [0.0515, 0.0538, 0.0622, 0.6922, 0.0808, 0.0143, 0.0451], [0.0131, 0.0403, 0.0662, 0.7613, 0.0394, 0.0241, 0.0555], [0.017, 0.0139, 0.0473, 0.766, 0.0632, 0.0381, 0.0545], [0.0796, 0.0168, 0.0931, 0.6927, 0.03, 0.0264, 0.0614], [0.0819, 0.0556, 0.0789, 0.68, 0.0622, 0.0258, 0.0156], [0.034, 0.0255, 0.0521, 0.7014, 0.0622, 0.0695, 0.0554], [0.0604, 0.0569, 0.0685, 0.7034, 0.0152, 0.0325, 0.063], [0.0562, 0.0269, 0.0184, 0.7541, 0.047, 0.0362, 0.0613], [0.0334, 0.026, 0.0438, 0.8072, 0.0185, 0.0237, 0.0476], [0.0831, 0.0616, 0.045, 0.614, 0.0426, 0.0776, 0.0761], [0.0124, 0.0592, 0.0356, 0.7397, 0.0538, 0.0323, 0.0669], [0.058, 0.0836, 0.0667, 0.6277, 0.0367, 0.0542, 0.0731], [0.0357, 0.015, 0.0708, 0.7028, 0.0575, 0.0611, 0.0572], [0.0658, 0.0242, 0.0339, 0.7046, 0.0543, 0.0299, 0.0873], [0.0218, 0.0634, 0.0624, 0.6271, 0.0903, 0.0422, 0.093], [0.0656, 0.0173, 0.0456, 0.7422, 0.0472, 0.0289, 0.0532], [0.0614, 0.0193, 0.1018, 0.6365, 0.0665, 0.0922, 0.0223], [0.0394, 0.0635, 0.0207, 0.7153, 0.0561, 0.0621, 0.0429], [0.0275, 0.0546, 0.0538, 0.6707, 0.0734, 0.067, 0.053], [0.0499, 0.0466, 0.0266, 0.7393, 0.0695, 0.0202, 0.048], [0.0614, 0.0364, 0.0815, 0.6408, 0.0747, 0.0278, 0.0773], [0.1032, 0.0163, 0.0383, 0.6911, 0.0169, 0.0411, 0.0933], [0.0295, 0.0229, 0.0221, 0.7763, 0.0474, 0.0509, 0.0509], [0.0267, 0.0396, 0.0509, 0.7462, 0.0242, 0.0965, 0.0159], [0.0424, 0.0688, 0.0211, 0.7086, 0.012, 0.0752, 0.072], [0.0661, 0.0705, 0.0339, 0.678, 0.0293, 0.0544, 0.0676], [0.0171, 0.0528, 0.037, 0.7653, 0.0152, 0.0284, 0.0842], [0.0714, 0.0541, 0.0171, 0.7565, 0.0242, 0.0409, 0.0358], [0.0132, 0.0753, 0.0555, 0.7342, 0.028, 0.0493, 0.0445], [0.0562, 0.0368, 0.0737, 0.69, 0.0659, 0.0299, 0.0475], [0.0619, 0.0901, 0.0961, 0.6032, 0.0143, 0.087, 0.0474], [0.0502, 0.0452, 0.0813, 0.674, 0.0785, 0.0271, 0.0437], [0.0344, 0.0337, 0.0584, 0.7477, 0.0217, 0.0421, 0.062], [0.0281, 0.0653, 0.0715, 0.6145, 0.0679, 0.0777, 0.0751], [0.0685, 0.062, 0.0296, 0.7021, 0.0619, 0.0237, 0.0523], [0.0689, 0.0484, 0.0807, 0.6312, 0.0785, 0.0684, 0.0239], [0.0586, 0.023, 0.0636, 0.7322, 0.0732, 0.0202, 0.0292], [0.0156, 0.0273, 0.0342, 0.7795, 0.0601, 0.0158, 0.0675], [0.0421, 0.0448, 0.0638, 0.6798, 0.0197, 0.0758, 0.074], [0.083, 0.0713, 0.0191, 0.6702, 0.0189, 0.0694, 0.0682], [0.0467, 0.0414, 0.0584, 0.7298, 0.0147, 0.0234, 0.0857], [0.0506, 0.0374, 0.0722, 0.6873, 0.0624, 0.0161, 0.074], [0.0133, 0.0154, 0.0438, 0.715, 0.0724, 0.0667, 0.0734], [0.0375, 0.0572, 0.0761, 0.6691, 0.0676, 0.0265, 0.0659], [0.0357, 0.0899, 0.0705, 0.6118, 0.0654, 0.0391, 0.0875], [0.0404, 0.0378, 0.0589, 0.7481, 0.0142, 0.0242, 0.0765], [0.0603, 0.017, 0.0386, 0.694, 0.0348, 0.0839, 0.0714], [0.0885, 0.02, 0.0759, 0.6637, 0.0895, 0.0465, 0.0159], [0.0227, 0.0189, 0.085, 0.7758, 0.0249, 0.0442, 0.0284], [0.0379, 0.0486, 0.024, 0.7246, 0.0522, 0.0491, 0.0636], [0.0725, 0.0649, 0.0585, 0.6488, 0.0274, 0.0492, 0.0788], [0.0856, 0.0469, 0.066, 0.6484, 0.0564, 0.0409, 0.0557], [0.0189, 0.0198, 0.0812, 0.6975, 0.0401, 0.0839, 0.0586], [0.068, 0.0621, 0.0563, 0.6216, 0.0824, 0.0733, 0.0363], [0.0582, 0.0355, 0.0184, 0.6771, 0.075, 0.0588, 0.077], [0.0449, 0.0218, 0.0372, 0.6781, 0.079, 0.0656, 0.0733], [0.0513, 0.0569, 0.0577, 0.7089, 0.0434, 0.0709, 0.0109], [0.0293, 0.0435, 0.0541, 0.7237, 0.0641, 0.0663, 0.019], [0.0777, 0.0612, 0.0329, 0.6641, 0.0696, 0.0273, 0.0673], [0.0718, 0.0563, 0.033, 0.693, 0.0536, 0.0445, 0.0477], [0.0335, 0.0674, 0.0187, 0.7256, 0.0494, 0.0757, 0.0297], [0.0542, 0.071, 0.0636, 0.6544, 0.033, 0.0602, 0.0637], [0.0217, 0.0506, 0.0622, 0.7582, 0.0225, 0.023, 0.0618], [0.0326, 0.0423, 0.0384, 0.7197, 0.0519, 0.0716, 0.0435], [0.0503, 0.0453, 0.0709, 0.7002, 0.0561, 0.0413, 0.0359], [0.0709, 0.063, 0.0629, 0.6339, 0.075, 0.054, 0.0403], [0.013, 0.0232, 0.0236, 0.772, 0.0448, 0.0566, 0.0669], [0.0332, 0.0366, 0.0579, 0.7336, 0.0363, 0.0699, 0.0325], [0.0211, 0.0586, 0.0347, 0.7158, 0.062, 0.0664, 0.0413], [0.0681, 0.0631, 0.0271, 0.7472, 0.0333, 0.0307, 0.0305], [0.0725, 0.0395, 0.0652, 0.6911, 0.0677, 0.0418, 0.0221], [0.0577, 0.0572, 0.034, 0.7135, 0.014, 0.0625, 0.0611], [0.0347, 0.0403, 0.0461, 0.6741, 0.0556, 0.0814, 0.0678], [0.0636, 0.0305, 0.0251, 0.7164, 0.0657, 0.0347, 0.064], [0.0593, 0.0587, 0.065, 0.6518, 0.072, 0.0331, 0.0601]], "emotions": ["green", "green", "green", "green", "green", "green", "green", "green", "green", "green", "green", "green", "green", "green", "green", "green", "green", "green", "green", "green", "green", "green", "green", "green", "green", "green", "green", "green", "green", "green", "green", "green", "green", "green", "green", "green", "green", "green", "green", "green", "green", "green", "green", "green", "green", "green", "green", "green", "green", "green", "green", "green", "green", "green", "green", "green", "green", "green", "green", "green", "green", "green", "green", "green", "green", "green", "green", "green", "green", "green", "green", "green", "green", "green", "green", "green", "green", "green", "green", "green"], "timestamps": [0, 40, 80, 120, 160, 200, 240, 280, 320, 360, 400, 440, 480, 520, 560, 600, 640, 680, 720, 760, 800, 840, 880, 920, 960, 1000, 1040, 1080, 1120, 1160, 1200, 1240, 1280, 1320, 1360, 1400, 1440, 1480, 1520, 1560, 1600, 1640, 1680, 1720, 1760, 1800, 1840, 1880, 1920, 1960, 2000, 2040, 2080, 2120, 2160, 2200, 2240, 2280, 2320, 2360, 2400, 2440, 2480, 2520, 2560, 2600, 2640, 2680, 2720, 2760, 2800, 2840, 2880, 2920, 2960, 3000, 3040, 3080, 3120, 3160]}], "conversation": [], "conversation_timestamps": []}