{"agent_id": "agent-blue-1620", "type": "blue", "trips": [{"trip_id": 0, "transport_method": "car", "start_time": 0, "path": [[1.5340961, 42.5132528], [1.5340973, 42.5134006], [1.5341704, 42.5127507], [1.5334775, 42.5116968], [1.5326505, 42.5108254], [1.5313722, 42.5103941], [1.5300701, 42.5102], [1.5289128, 42.5097449], [1.529027, 42.5098161], [1.5288107, 42.5096539], [1.527806, 42.5087561], [1.5265087, 42.5084907], [1.5252955, 42.508031], [1.5239778, 42.5077744], [1.5226523, 42.5077483], [1.5214248, 42.5075188], [1.5200966, 42.50741], [1.5189252, 42.5068724], [1.5183282, 42.5064114], [1.5171437, 42.5059145], [1.5159024, 42.5053977], [1.5149, 42.5046254], [1.5143184, 42.5040116], [1.5134066, 42.5030322], [1.5123523, 42.5022016], [1.5112365, 42.5014492], [1.5099949, 42.5009448], [1.5088024, 42.5003189], [1.507608, 42.4997043], [1.5063862, 42.4991311], [1.5051809, 42.4985251], [1.5039489, 42.4979748], [1.5027261, 42.4974052], [1.5015349, 42.496788], [1.5007864, 42.4965143], [1.4996137, 42.4958499], [1.4987667, 42.495087], [1.4983941, 42.4940328], [1.497631, 42.4930314], [1.4980367, 42.493327], [1.4969768, 42.492492], [1.4959693, 42.4915939], [1.495072, 42.4906473], [1.4944616, 42.489449], [1.4937991, 42.4882731], [1.4931436, 42.4870935], [1.4926046, 42.485858], [1.491926, 42.4847526], [1.490938, 42.4840063], [1.4903018, 42.482826], [1.4896199, 42.4816621], [1.4894095, 42.4803337], [1.489598, 42.4790248], [1.4902974, 42.4778712], [1.4905927, 42.4766267], [1.4908342, 42.4753524], [1.4905428, 42.4740563], [1.4907517, 42.4727528], [1.4913884, 42.4715628], [1.4919642, 42.4703457], [1.4919182, 42.4690226], [1.4915595, 42.4677267], [1.491846, 42.4665836], [1.4915109, 42.4655339], [1.4909158, 42.4643811], [1.4910734, 42.4631049], [1.4909253, 42.4623415], [1.4901454, 42.4613346], [1.4893386, 42.4602581], [1.4885853, 42.4591401], [1.4876826, 42.458145], [1.4875889, 42.4579925], [1.4868212, 42.4568895], [1.4866068, 42.4555694], [1.4869592, 42.4542742], [1.486694, 42.4530397], [1.4865034, 42.4517513], [1.4857446, 42.4506667], [1.4846557, 42.4498705], [1.4837534, 42.4504801]], "mood_vectors": [[0.0288, 0.0699, 0.0532, 0.6441, 0.0883, 0.0495, 0.0662], [0.0174, 0.0701, 0.0755, 0.6847, 0.0716, 0.0461, 0.0346], [0.0717, 0.0742, 0.0451, 0.7126, 0.0421, 0.0327, 0.0217], [0.0585, 0.0377, 0.0268, 0.6989, 0.0566, 0.0476, 0.0738], [0.0571, 0.0356, 0.0388, 0.7082, 0.068, 0.0223, 0.0701], [0.0475, 0.0381, 0.0283, 0.6838, 0.074, 0.0564, 0.0718], [0.0598, 0.0563, 0.0651, 0.6672, 0.0601, 0.027, 0.0644], [0.0363, 0.0173, 0.0521, 0.7868, 0.0302, 0.0178, 0.0596], [0.0309, 0.0318, 0.0458, 0.6993, 0.0726, 0.0781, 0.0414], [0.0481, 0.0775, 0.0539, 0.6307, 0.046, 0.082, 0.0617], [0.0658, 0.0476, 0.0312, 0.7397, 0.0518, 0.0384, 0.0256], [0.0276, 0.0369, 0.0217, 0.7839, 0.0546, 0.0188, 0.0564], [0.0578, 0.0584, 0.0222, 0.669, 0.0356, 0.0939, 0.0631], [0.0759, 0.0212, 0.058, 0.6732, 0.0319, 0.087, 0.0528], [0.0191, 0.0717, 0.0522, 0.6969, 0.0372, 0.0771, 0.0459], [0.0587, 0.0243, 0.0622, 0.7325, 0.0212, 0.0645, 0.0365], [0.0193, 0.047, 0.0723, 0.7143, 0.048, 0.0649, 0.0343], [0.0799, 0.0334, 0.0649, 0.7176, 0.0468, 0.0363, 0.021], [0.02, 0.0208, 0.0264, 0.8289, 0.0325, 0.038, 0.0335], [0.0424, 0.0459, 0.0609, 0.7554, 0.0209, 0.04, 0.0345], [0.0523, 0.0668, 0.0568, 0.7069, 0.0193, 0.0269, 0.0709], [0.0851, 0.037, 0.0374, 0.7446, 0.0345, 0.0399, 0.0215], [0.0387, 0.0399, 0.0504, 0.6794, 0.085, 0.0314, 0.0752], [0.0589, 0.0371, 0.0535, 0.6883, 0.0427, 0.0684, 0.0512], [0.0747, 0.0846, 0.0688, 0.5666, 0.0343, 0.086, 0.0851], [0.0492, 0.0672, 0.0701, 0.7207, 0.05, 0.0118, 0.031], [0.0855, 0.0468, 0.0166, 0.6644, 0.0824, 0.0216, 0.0825], [0.0684, 0.0738, 0.0557, 0.7273, 0.0162, 0.0172, 0.0414], [0.0338, 0.0158, 0.0393, 0.7793, 0.0621, 0.0339, 0.0358], [0.0638, 0.0798, 0.0846, 0.6252, 0.0203, 0.0605, 0.0658], [0.0648, 0.0588, 0.0339, 0.6898, 0.0414, 0.0766, 0.0348], [0.0165, 0.0324, 0.1006, 0.7366, 0.0175, 0.0264, 0.07], [0.0557, 0.0807, 0.0692, 0.5616, 0.076, 0.0814, 0.0753], [0.0662, 0.0815, 0.0661, 0.6429, 0.0766, 0.019, 0.0477], [0.0434, 0.0209, 0.0255, 0.7775, 0.0445, 0.0758, 0.0124], [0.0618, 0.0549, 0.0168, 0.7229, 0.0614, 0.055, 0.0273], [0.0585, 0.0418, 0.0159, 0.7237, 0.0289, 0.0553, 0.0758], [0.0836, 0.0586, 0.0437, 0.6524, 0.0291, 0.0499, 0.0826], [0.0505, 0.0351, 0.0843, 0.7368, 0.0556, 0.023, 0.0147], [0.041, 0.0503, 0.0637, 0.6829, 0.0723, 0.0647, 0.0251], [0.0409, 0.017, 0.0448, 0.7257, 0.0703, 0.0341, 0.0672], [0.0343, 0.0262, 0.0696, 0.7378, 0.0412, 0.0149, 0.0761], [0.0483, 0.0696, 0.0165, 0.7321, 0.0811, 0.0191, 0.0334], [0.0571, 0.0637, 0.0413, 0.6854, 0.0405, 0.031, 0.081], [0.0851, 0.0436, 0.0843, 0.6262, 0.0777, 0.0671, 0.016], [0.0579, 0.0137, 0.0638, 0.7511, 0.0175, 0.0543, 0.0417], [0.0127, 0.0681, 0.0133, 0.7305, 0.0465, 0.0779, 0.051], [0.0438, 0.0318, 0.0488, 0.7469, 0.0202, 0.0362, 0.0723], [0.0253, 0.0596, 0.0891, 0.6488, 0.037, 0.067, 0.0732], [0.0624, 0.0399, 0.0572, 0.6543, 0.0737, 0.0732, 0.0394], [0.0363, 0.0823, 0.0323, 0.7039, 0.027, 0.0525, 0.0657], [0.0158, 0.0599, 0.0792, 0.7299, 0.0538, 0.0297, 0.0317], [0.0214, 0.042, 0.0546, 0.7411, 0.0772, 0.0184, 0.0453], [0.0676, 0.079, 0.0587, 0.6513, 0.053, 0.0662, 0.0242], [0.046, 0.0744, 0.0192, 0.6596, 0.0776, 0.0959, 0.0272], [0.0188, 0.0875, 0.027, 0.7038, 0.0487, 0.0884, 0.0257], [0.0865, 0.0488, 0.0162, 0.6717, 0.0469, 0.0579, 0.072], [0.037, 0.0563, 0.0364, 0.6963, 0.0681, 0.0693, 0.0366], [0.0511, 0.0337, 0.0419, 0.7681, 0.0212, 0.0624, 0.0216], [0.0117, 0.0634, 0.0597, 0.722, 0.026, 0.0531, 0.0641], [0.0363, 0.035, 0.089, 0.6716, 0.0723, 0.0508, 0.045], [0.0457, 0.0805, 0.0474, 0.6358, 0.0697, 0.0649, 0.0561], [0.0574, 0.07, 0.0615, 0.7348, 0.0292, 0.0148, 0.0323], [0.031, 0.0224, 0.0149, 0.797, 0.0448, 0.0454, 0.0444], [0.0393, 0.0201, 0.0563, 0.7035, 0.0786, 0.0237, 0.0785], [0.065, 0.0614, 0.0532, 0.6873, 0.0347, 0.0557, 0.0428], [0.0609, 0.0624, 0.0228, 0.717, 0.0406, 0.0691, 0.0271], [0.0628, 0.0684, 0.0274, 0.7552, 0.0287, 0.0132, 0.0443], [0.0451, 0.069, 0.0336, 0.6998, 0.0414, 0.0372, 0.0738], [0.0402, 0.0671, 0.0175, 0.6342, 0.0757, 0.0796, 0.0857], [0.014, 0.0279, 0.0433, 0.6996, 0.0727, 0.0738, 0.0685], [0.0534, 0.0297, 0.0187, 0.7144, 0.0584, 0.0536, 0.0718], [0.0369, 0.0528, 0.0305, 0.7223, 0.0544, 0.0592, 0.0439], [0.0699, 0.0178, 0.061, 0.7142, 0.0538, 0.0212, 0.062], [0.0286, 0.0694, 0.0372, 0.6884, 0.0769, 0.0773, 0.0223], [0.0339, 0.0253, 0.0967, 0.7176, 0.0476, 0.02, 0.0589], [0.0412, 0.0347, 0.064, 0.6507, 0.0542, 0.0668, 0.0884], [0.0793, 0.0753, 0.0138, 0.696, 0.0464, 0.0243, 0.0648], [0.016, 0.0441, 0.0986, 0.6691, 0.0754, 0.0702, 0.0266], [0.052, 0.0573, 0.0272, 0.7037, 0.0605, 0.0754, 0.0239]], "emotions": ["green", "green", "green", "green", "green", "green", "green", "green", "green", "green", "green", "green", "green", "green", "green", "green", "green", "green", "green", "green", "green", "green", "green", "green", "green", "green", "green", "green", "green", "green", "green", "green", "green", "green", "green", "green", "green", "green", "green", "green", "green", "green", "green", "green", "green", "green", "green", "green", "green", "green", "green", "green", "green", "green", "green", "green", "green", "green", "green", "green", "green", "green", "green", "green", "green", "green", "green", "green", "green", "green", "green", "green", "green", "green", "green", "green", "green", "green", "green", "green"], "timestamps": [0, 40, 80, 120, 160, 200, 240, 280, 320, 360, 400, 440, 480, 520, 560, 600, 640, 680, 720, 760, 800, 840, 880, 920, 960, 1000, 1040, 1080, 1120, 1160, 1200, 1240, 1280, 1320, 1360, 1400, 1440, 1480, 1520, 1560, 1600, 1640, 1680, 1720, 1760, 1800, 1840, 1880, 1920, 1960, 2000, 2040, 2080, 2120, 2160, 2200, 2240, 2280, 2320, 2360, 2400, 2440, 2480, 2520, 2560, 2600, 2640, 2680, 2720, 2760, 2800, 2840, 2880, 2920, 2960, 3000, 3040, 3080, 3120, 3160]}], "conversation": [], "conversation_timestamps": []}