{"agent_id": "agent-orange-1598", "type": "orange", "trips": [{"trip_id": 0, "transport_method": "foot", "start_time": 0, "path": [[1.5356405, 42.5102454], [1.534762, 42.5107414], [1.5336398, 42.5101592], [1.5324096, 42.5099274], [1.5312239, 42.5095353], [1.5300325, 42.5091938], [1.5288422, 42.5088649], [1.5279205, 42.5081138], [1.5271424, 42.5072653], [1.5258843, 42.5071598], [1.5246732, 42.5068617], [1.5234377, 42.5066896], [1.5222111, 42.506392], [1.5210163, 42.50598], [1.5217238, 42.5062419], [1.5205717, 42.5058578], [1.5193442, 42.5055561], [1.5180902, 42.505405], [1.5175772, 42.5053682], [1.5175932, 42.5053861], [1.5164658, 42.505107], [1.5154365, 42.5044015], [1.5144959, 42.5035566], [1.513586, 42.5026824], [1.5128604, 42.5016535], [1.512101, 42.5006426], [1.5113298, 42.4996407], [1.5105447, 42.4986496], [1.5095309, 42.4979251], [1.5083942, 42.4973714], [1.5072278, 42.4968863], [1.5060365, 42.4964627], [1.5048447, 42.4960449], [1.5037085, 42.4955003], [1.502536, 42.4950348], [1.5013923, 42.4944959], [1.5004406, 42.4937764], [1.4994655, 42.4929754], [1.498356, 42.4923705], [1.4972614, 42.4917388], [1.496319, 42.4909452], [1.4960351, 42.4897503], [1.4952107, 42.4887916], [1.4946578, 42.4877003], [1.4945737, 42.486473], [1.4936918, 42.4855812], [1.492651, 42.4848851], [1.4914674, 42.4845726], [1.4907371, 42.4836395], [1.4901291, 42.4825414], [1.4895441, 42.4814263], [1.4893892, 42.4801725], [1.4896396, 42.4789597], [1.4902936, 42.4778782], [1.4905682, 42.4767167], [1.4908442, 42.4755306], [1.4906401, 42.4743013], [1.490614, 42.4730728], [1.4911835, 42.4719457], [1.4917787, 42.4708303], [1.4920542, 42.4696095], [1.4917021, 42.4683994], [1.4916195, 42.4671654], [1.492615, 42.4664261], [1.4937626, 42.4660065], [1.4948018, 42.4654056], [1.4954919, 42.4643888], [1.4965667, 42.4647437], [1.4975746, 42.464529], [1.4987678, 42.4645065], [1.4998223, 42.4649724], [1.5009698, 42.4650516], [1.5021028, 42.4644902], [1.5032357, 42.4639289], [1.5024952, 42.4643003], [1.5014097, 42.4649369], [1.501399, 42.4646916], [1.5024019, 42.4639216], [1.5034015, 42.4631916], [1.503413, 42.463184]], "mood_vectors": [[0.0714, 0.08, 0.0214, 0.0809, 0.6058, 0.0643, 0.0763], [0.0181, 0.0645, 0.071, 0.0632, 0.7099, 0.025, 0.0481], [0.0336, 0.0215, 0.0556, 0.0764, 0.7249, 0.0225, 0.0655], [0.0755, 0.0433, 0.0975, 0.0426, 0.6586, 0.0311, 0.0514], [0.0617, 0.0286, 0.017, 0.0246, 0.8017, 0.0374, 0.0288], [0.0696, 0.0163, 0.0144, 0.0167, 0.8241, 0.0302, 0.0287], [0.0647, 0.0331, 0.0528, 0.079, 0.6206, 0.0734, 0.0764], [0.0524, 0.0248, 0.0693, 0.0813, 0.6653, 0.0249, 0.0819], [0.071, 0.0231, 0.0142, 0.0825, 0.7204, 0.0191, 0.0698], [0.0458, 0.0375, 0.0337, 0.0827, 0.6983, 0.0282, 0.0739], [0.0312, 0.0631, 0.0288, 0.0528, 0.7192, 0.0425, 0.0624], [0.0587, 0.0495, 0.0458, 0.0422, 0.7262, 0.0322, 0.0454], [0.0678, 0.0671, 0.0562, 0.0605, 0.6969, 0.0154, 0.036], [0.0277, 0.0305, 0.0572, 0.063, 0.7391, 0.0548, 0.0277], [0.0538, 0.0932, 0.061, 0.0768, 0.6429, 0.0154, 0.0569], [0.0845, 0.0571, 0.0354, 0.0589, 0.6278, 0.0678, 0.0684], [0.0874, 0.0692, 0.0231, 0.0881, 0.5989, 0.0878, 0.0456], [0.0774, 0.0321, 0.0657, 0.0755, 0.654, 0.0513, 0.044], [0.0303, 0.0532, 0.0827, 0.0823, 0.6709, 0.0519, 0.0288], [0.0559, 0.0185, 0.0706, 0.0382, 0.7319, 0.0172, 0.0676], [0.0128, 0.064, 0.0287, 0.0506, 0.7379, 0.0331, 0.0728], [0.0372, 0.0257, 0.0308, 0.0378, 0.7695, 0.0283, 0.0708], [0.0506, 0.0916, 0.0292, 0.0477, 0.723, 0.027, 0.0309], [0.0881, 0.0761, 0.0777, 0.0628, 0.6217, 0.0355, 0.038], [0.0157, 0.0518, 0.0754, 0.013, 0.7826, 0.0434, 0.0181], [0.0435, 0.083, 0.0682, 0.0786, 0.6643, 0.0269, 0.0354], [0.0764, 0.0412, 0.0804, 0.0492, 0.6873, 0.0267, 0.0388], [0.0446, 0.0642, 0.0479, 0.0585, 0.6634, 0.0695, 0.052], [0.052, 0.0544, 0.0714, 0.0503, 0.6926, 0.031, 0.0483], [0.0467, 0.0746, 0.0804, 0.0261, 0.6349, 0.0854, 0.0518], [0.0179, 0.0403, 0.0559, 0.042, 0.7342, 0.0645, 0.0452], [0.051, 0.072, 0.043, 0.0561, 0.6983, 0.0154, 0.0641], [0.0152, 0.0709, 0.0558, 0.0752, 0.647, 0.0601, 0.0758], [0.0547, 0.048, 0.078, 0.0316, 0.7314, 0.0307, 0.0255], [0.0721, 0.0549, 0.063, 0.0532, 0.683, 0.0385, 0.0355], [0.0616, 0.0444, 0.0642, 0.0106, 0.7025, 0.0504, 0.0663], [0.0516, 0.0736, 0.0303, 0.0604, 0.6664, 0.0792, 0.0385], [0.0473, 0.0685, 0.0544, 0.049, 0.6976, 0.0342, 0.049], [0.0168, 0.0283, 0.0828, 0.0494, 0.6691, 0.0777, 0.0759], [0.0625, 0.051, 0.0344, 0.0447, 0.679, 0.0536, 0.0747], [0.0316, 0.0545, 0.0505, 0.0621, 0.7359, 0.0297, 0.0357], [0.0432, 0.0286, 0.0296, 0.0843, 0.7198, 0.0784, 0.016], [0.0351, 0.085, 0.0253, 0.0919, 0.6605, 0.0183, 0.0839], [0.0677, 0.059, 0.068, 0.0166, 0.7357, 0.021, 0.0319], [0.0318, 0.0465, 0.0441, 0.0607, 0.7265, 0.0127, 0.0777], [0.0446, 0.0694, 0.046, 0.0895, 0.6141, 0.0607, 0.0757], [0.0635, 0.0588, 0.0713, 0.0731, 0.6209, 0.0675, 0.045], [0.0674, 0.047, 0.0567, 0.0476, 0.7298, 0.0356, 0.016], [0.0634, 0.0735, 0.0198, 0.0874, 0.6564, 0.0831, 0.0164], [0.0586, 0.0329, 0.028, 0.0228, 0.7587, 0.0275, 0.0715], [0.057, 0.0775, 0.0393, 0.0457, 0.6455, 0.0671, 0.068], [0.0663, 0.0314, 0.0626, 0.0182, 0.7194, 0.0347, 0.0673], [0.0173, 0.0146, 0.0125, 0.0781, 0.7535, 0.0721, 0.0519], [0.0184, 0.0369, 0.0479, 0.0362, 0.6849, 0.0859, 0.0899], [0.0742, 0.0402, 0.0554, 0.0472, 0.6883, 0.0736, 0.0209], [0.065, 0.0167, 0.0611, 0.0179, 0.7429, 0.0246, 0.0718], [0.046, 0.041, 0.0684, 0.0291, 0.7308, 0.0504, 0.0343], [0.0381, 0.0383, 0.0426, 0.0488, 0.7235, 0.0575, 0.051], [0.0732, 0.0244, 0.0214, 0.0451, 0.7615, 0.043, 0.0315], [0.0521, 0.0295, 0.057, 0.0499, 0.6883, 0.0283, 0.0949], [0.0473, 0.0723, 0.0184, 0.0324, 0.7289, 0.047, 0.0536], [0.0529, 0.0464, 0.078, 0.0714, 0.6087, 0.077, 0.0656], [0.0208, 0.0381, 0.0648, 0.0774, 0.7146, 0.0315, 0.0527], [0.0341, 0.0556, 0.0131, 0.0176, 0.7759, 0.0872, 0.0165], [0.029, 0.106, 0.0312, 0.0664, 0.6734, 0.0281, 0.0659], [0.0216, 0.0233, 0.0507, 0.0291, 0.7496, 0.0573, 0.0684], [0.0679, 0.0353, 0.0393, 0.0455, 0.6882, 0.0685, 0.0552], [0.03, 0.0184, 0.0744, 0.0397, 0.7435, 0.049, 0.045], [0.0205, 0.078, 0.0471, 0.085, 0.6343, 0.086, 0.049], [0.0482, 0.0188, 0.0809, 0.079, 0.6455, 0.0909, 0.0366], [0.0168, 0.0573, 0.0419, 0.03, 0.7062, 0.0792, 0.0687], [0.0331, 0.0772, 0.0842, 0.0426, 0.6678, 0.0316, 0.0635], [0.0164, 0.0712, 0.0414, 0.0315, 0.7186, 0.072, 0.0489], [0.0288, 0.0766, 0.0364, 0.0935, 0.6363, 0.0737, 0.0546], [0.0749, 0.0524, 0.0872, 0.0381, 0.6772, 0.0333, 0.037], [0.037, 0.0943, 0.085, 0.0602, 0.6018, 0.0623, 0.0594], [0.0528, 0.0353, 0.0595, 0.0496, 0.6962, 0.0761, 0.0305], [0.0466, 0.0762, 0.0501, 0.0423, 0.7445, 0.021, 0.0192], [0.0948, 0.0401, 0.0149, 0.074, 0.7175, 0.04, 0.0187], [0.0774, 0.0561, 0.0292, 0.0145, 0.6993, 0.0529, 0.0707]], "emotions": ["red", "red", "red", "red", "red", "red", "red", "red", "red", "red", "red", "red", "red", "red", "red", "red", "red", "red", "red", "red", "red", "red", "red", "red", "red", "red", "red", "red", "red", "red", "red", "red", "red", "red", "red", "red", "red", "red", "red", "red", "red", "red", "red", "red", "red", "red", "red", "red", "red", "red", "red", "red", "red", "red", "red", "red", "red", "red", "red", "red", "red", "red", "red", "red", "red", "red", "red", "red", "red", "red", "red", "red", "red", "red", "red", "red", "red", "red", "red", "red"], "timestamps": [0, 40, 80, 120, 160, 200, 240, 280, 320, 360, 400, 440, 480, 520, 560, 600, 640, 680, 720, 760, 800, 840, 880, 920, 960, 1000, 1040, 1080, 1120, 1160, 1200, 1240, 1280, 1320, 1360, 1400, 1440, 1480, 1520, 1560, 1600, 1640, 1680, 1720, 1760, 1800, 1840, 1880, 1920, 1960, 2000, 2040, 2080, 2120, 2160, 2200, 2240, 2280, 2320, 2360, 2400, 2440, 2480, 2520, 2560, 2600, 2640, 2680, 2720, 2760, 2800, 2840, 2880, 2920, 2960, 3000, 3040, 3080, 3120, 3160]}], "conversation": [], "conversation_timestamps": []}