{"agent_id": "agent-purple-1844", "type": "purple", "trips": [{"trip_id": 0, "transport_method": "foot", "start_time": 0, "path": [[1.5393284, 42.5091743], [1.538772, 42.5093726], [1.5389781, 42.5102071], [1.5387159, 42.5108602], [1.5381003, 42.5115127], [1.5372209, 42.5118822], [1.5364308, 42.5124002], [1.5355529, 42.512737], [1.5346476, 42.5130329], [1.5339954, 42.5135736], [1.5331125, 42.5138885], [1.5322865, 42.5143581], [1.5315945, 42.515005], [1.5311858, 42.5153285], [1.5304042, 42.5158796], [1.5295777, 42.5163403], [1.528725, 42.5166985], [1.5279018, 42.5168913], [1.5270314, 42.5172925], [1.5261546, 42.5176764], [1.5254281, 42.5182988], [1.5246676, 42.5188821], [1.5239883, 42.5195254], [1.5237159, 42.5204349], [1.5232402, 42.5212663], [1.5224938, 42.5218567], [1.5218791, 42.5225721], [1.5214883, 42.5234361], [1.5208909, 42.524184], [1.5207031, 42.5250719], [1.5207924, 42.5260132], [1.5206091, 42.526923], [1.5208922, 42.5277679], [1.5212617, 42.5286017], [1.5219015, 42.529242], [1.5215285, 42.529941], [1.5213341, 42.5306962], [1.52091, 42.5315079], [1.5212561, 42.5323624], [1.5210616, 42.5331952], [1.5209199, 42.5339064], [1.5214774, 42.5346195], [1.5222637, 42.5351287], [1.5228359, 42.5358959], [1.5234919, 42.5364659], [1.5244111, 42.5367023], [1.5250531, 42.5370177], [1.524925, 42.5376163], [1.5240192, 42.5377565], [1.5232049, 42.5382081], [1.5231565, 42.539151], [1.5232298, 42.540101], [1.5235026, 42.5407007], [1.5231383, 42.5412354], [1.5228762, 42.5421125], [1.523037, 42.5430444], [1.5234496, 42.5439021], [1.5238589, 42.544761], [1.5243111, 42.5455932], [1.5247553, 42.5464235], [1.5246663, 42.5473745], [1.5251346, 42.5481643], [1.5254721, 42.5490504], [1.5259683, 42.5498704], [1.5264644, 42.5506905], [1.5263972, 42.5506504], [1.5258628, 42.5498562], [1.5254313, 42.5490004], [1.5256727, 42.549791], [1.5259601, 42.5507054], [1.5262474, 42.5516197], [1.526965, 42.5522355], [1.5277319, 42.5528105], [1.528439, 42.5534548], [1.5290043, 42.5542219], [1.5296577, 42.5549157], [1.5305266, 42.5553194], [1.5314147, 42.5556728], [1.5323627, 42.5556427], [1.5326879, 42.5561342]], "mood_vectors": [[0.0689, 0.0473, 0.0542, 0.055, 0.0352, 0.6731, 0.0665], [0.0644, 0.0614, 0.0327, 0.0284, 0.0545, 0.7447, 0.0139], [0.0576, 0.0196, 0.0227, 0.0825, 0.0227, 0.7631, 0.0318], [0.0642, 0.0876, 0.0251, 0.0692, 0.0585, 0.6728, 0.0226], [0.0518, 0.0345, 0.0704, 0.0401, 0.0587, 0.7227, 0.0219], [0.0592, 0.0215, 0.0461, 0.0239, 0.0683, 0.7442, 0.0368], [0.0161, 0.0854, 0.0255, 0.0882, 0.073, 0.6636, 0.0482], [0.0219, 0.0741, 0.0355, 0.071, 0.0312, 0.7203, 0.0461], [0.0176, 0.0751, 0.0581, 0.0798, 0.0273, 0.691, 0.0512], [0.0463, 0.0358, 0.0515, 0.0736, 0.0174, 0.7457, 0.0296], [0.0201, 0.0845, 0.0195, 0.0399, 0.0411, 0.7722, 0.0227], [0.0542, 0.0254, 0.0297, 0.0346, 0.0458, 0.7817, 0.0286], [0.0583, 0.044, 0.0718, 0.0395, 0.0269, 0.74, 0.0194], [0.0284, 0.0476, 0.0471, 0.0783, 0.0323, 0.7502, 0.0161], [0.0307, 0.0581, 0.0228, 0.0602, 0.0512, 0.7148, 0.0623], [0.0609, 0.0358, 0.0813, 0.0565, 0.0374, 0.6876, 0.0405], [0.0646, 0.0503, 0.0353, 0.034, 0.0502, 0.7495, 0.0161], [0.076, 0.0522, 0.0307, 0.0267, 0.0585, 0.7287, 0.0271], [0.0333, 0.0711, 0.0719, 0.0726, 0.0577, 0.6714, 0.0221], [0.0634, 0.0824, 0.0847, 0.0174, 0.0802, 0.6255, 0.0464], [0.0308, 0.0473, 0.0527, 0.0533, 0.0728, 0.7161, 0.027], [0.0429, 0.094, 0.0447, 0.0391, 0.053, 0.7013, 0.0248], [0.0492, 0.0761, 0.0558, 0.0637, 0.0525, 0.6612, 0.0415], [0.091, 0.0137, 0.0947, 0.0517, 0.0268, 0.6665, 0.0556], [0.0129, 0.0373, 0.0311, 0.0544, 0.0689, 0.7226, 0.0727], [0.0701, 0.0449, 0.0199, 0.0588, 0.0455, 0.7052, 0.0555], [0.0187, 0.0346, 0.0236, 0.0773, 0.0459, 0.7504, 0.0494], [0.0277, 0.0357, 0.0316, 0.054, 0.0212, 0.81, 0.0198], [0.0828, 0.0319, 0.0352, 0.0683, 0.0342, 0.6665, 0.0811], [0.0168, 0.0771, 0.0834, 0.056, 0.0313, 0.7078, 0.0275], [0.0174, 0.052, 0.0157, 0.0223, 0.0177, 0.7986, 0.0763], [0.0405, 0.0164, 0.0715, 0.0597, 0.055, 0.7007, 0.0562], [0.0313, 0.0608, 0.0185, 0.0658, 0.0681, 0.6875, 0.068], [0.018, 0.0614, 0.0376, 0.0781, 0.0427, 0.7091, 0.0532], [0.0689, 0.0516, 0.0568, 0.0139, 0.0393, 0.7348, 0.0346], [0.0254, 0.0823, 0.0406, 0.0317, 0.0468, 0.7417, 0.0314], [0.0633, 0.0613, 0.0569, 0.0235, 0.0489, 0.7169, 0.0293], [0.0325, 0.0181, 0.0726, 0.0303, 0.0745, 0.7116, 0.0605], [0.0708, 0.0827, 0.0687, 0.0502, 0.027, 0.6223, 0.0782], [0.059, 0.0565, 0.0283, 0.0377, 0.0136, 0.7628, 0.0421], [0.0525, 0.0215, 0.0281, 0.0529, 0.0683, 0.6882, 0.0886], [0.0469, 0.0352, 0.0327, 0.0577, 0.016, 0.7958, 0.0157], [0.0666, 0.0531, 0.048, 0.0652, 0.0226, 0.6905, 0.054], [0.0394, 0.0587, 0.0785, 0.0252, 0.0405, 0.7327, 0.0249], [0.0749, 0.033, 0.0473, 0.0315, 0.0651, 0.698, 0.0501], [0.0547, 0.0605, 0.0561, 0.0681, 0.07, 0.6327, 0.0579], [0.0804, 0.0171, 0.0761, 0.0395, 0.041, 0.702, 0.0439], [0.0258, 0.0236, 0.0665, 0.0917, 0.0194, 0.7433, 0.0298], [0.051, 0.0344, 0.0351, 0.0603, 0.0406, 0.7319, 0.0466], [0.0634, 0.0644, 0.0636, 0.0663, 0.0646, 0.6611, 0.0167], [0.0222, 0.0142, 0.0594, 0.0436, 0.063, 0.7677, 0.03], [0.0502, 0.0568, 0.0234, 0.0756, 0.0639, 0.7151, 0.0151], [0.0174, 0.042, 0.0427, 0.0471, 0.0317, 0.7552, 0.0638], [0.0236, 0.0731, 0.0182, 0.0644, 0.0394, 0.7642, 0.017], [0.0377, 0.037, 0.0632, 0.0453, 0.0949, 0.6782, 0.0438], [0.0348, 0.0843, 0.0894, 0.0223, 0.0774, 0.6489, 0.0428], [0.0302, 0.0591, 0.0287, 0.0158, 0.0422, 0.7975, 0.0266], [0.0802, 0.0783, 0.064, 0.0163, 0.0544, 0.671, 0.0358], [0.0571, 0.0571, 0.0527, 0.0488, 0.043, 0.7102, 0.0311], [0.043, 0.0274, 0.0597, 0.0383, 0.0539, 0.7642, 0.0134], [0.0598, 0.0507, 0.0307, 0.0427, 0.0212, 0.7773, 0.0175], [0.0403, 0.0872, 0.0466, 0.0342, 0.0556, 0.7058, 0.0302], [0.088, 0.0517, 0.0357, 0.0643, 0.0302, 0.6573, 0.0729], [0.0701, 0.031, 0.0263, 0.0539, 0.0262, 0.7215, 0.0708], [0.0479, 0.0378, 0.0159, 0.0572, 0.0794, 0.7099, 0.0518], [0.0307, 0.0884, 0.0708, 0.0328, 0.0694, 0.6312, 0.0767], [0.0743, 0.068, 0.0345, 0.0277, 0.0632, 0.7024, 0.0299], [0.0233, 0.0877, 0.0373, 0.031, 0.0381, 0.7441, 0.0385], [0.0562, 0.07, 0.0163, 0.0431, 0.0345, 0.7588, 0.0211], [0.0483, 0.0475, 0.0658, 0.0232, 0.083, 0.6705, 0.0617], [0.0361, 0.0187, 0.0814, 0.0192, 0.0813, 0.7021, 0.0611], [0.0439, 0.0711, 0.092, 0.0322, 0.0357, 0.7106, 0.0145], [0.0706, 0.0548, 0.0186, 0.0371, 0.0731, 0.7186, 0.0272], [0.0329, 0.0175, 0.0361, 0.0732, 0.0248, 0.785, 0.0306], [0.0168, 0.0525, 0.0735, 0.0326, 0.0677, 0.7013, 0.0556], [0.0936, 0.0362, 0.0699, 0.0725, 0.0646, 0.6255, 0.0376], [0.0194, 0.044, 0.0448, 0.0404, 0.0643, 0.7132, 0.074], [0.0147, 0.0147, 0.0737, 0.0431, 0.0321, 0.7468, 0.0749], [0.0684, 0.0296, 0.0633, 0.0436, 0.0319, 0.7104, 0.0529], [0.0719, 0.0691, 0.0654, 0.07, 0.0696, 0.587, 0.067]], "emotions": ["purple", "purple", "purple", "purple", "purple", "purple", "purple", "purple", "purple", "purple", "purple", "purple", "purple", "purple", "purple", "purple", "purple", "purple", "purple", "purple", "purple", "purple", "purple", "purple", "purple", "purple", "purple", "purple", "purple", "purple", "purple", "purple", "purple", "purple", "purple", "purple", "purple", "purple", "purple", "purple", "purple", "purple", "purple", "purple", "purple", "purple", "purple", "purple", "purple", "purple", "purple", "purple", "purple", "purple", "purple", "purple", "purple", "purple", "purple", "purple", "purple", "purple", "purple", "purple", "purple", "purple", "purple", "purple", "purple", "purple", "purple", "purple", "purple", "purple", "purple", "purple", "purple", "purple", "purple", "purple"], "timestamps": [0, 40, 80, 120, 160, 200, 240, 280, 320, 360, 400, 440, 480, 520, 560, 600, 640, 680, 720, 760, 800, 840, 880, 920, 960, 1000, 1040, 1080, 1120, 1160, 1200, 1240, 1280, 1320, 1360, 1400, 1440, 1480, 1520, 1560, 1600, 1640, 1680, 1720, 1760, 1800, 1840, 1880, 1920, 1960, 2000, 2040, 2080, 2120, 2160, 2200, 2240, 2280, 2320, 2360, 2400, 2440, 2480, 2520, 2560, 2600, 2640, 2680, 2720, 2760, 2800, 2840, 2880, 2920, 2960, 3000, 3040, 3080, 3120, 3160]}], "conversation": [], "conversation_timestamps": []}