{"agent_id": "agent-blue-20", "type": "blue", "trips": [{"trip_id": 0, "transport_method": "foot", "start_time": 0, "path": [[1.5241083, 42.5075245], [1.5280711, 42.508607], [1.5314439, 42.50962], [1.5355829, 42.509918], [1.5397107, 42.5099904], [1.5428893, 42.5089358], [1.5454358, 42.5093885], [1.548379, 42.5114909], [1.5508588, 42.5124348], [1.5524382, 42.5135226], [1.5540271, 42.5172551], [1.5571971, 42.5198485], [1.5594766, 42.5219349], [1.5628131, 42.5245489], [1.5667021, 42.5262004], [1.5702803, 42.5285133], [1.5735127, 42.5303303], [1.5774211, 42.5317453], [1.5789739, 42.5317475], [1.5832268, 42.5319008], [1.5866793, 42.5343665], [1.5903017, 42.5355891], [1.5944176, 42.5363609], [1.5980743, 42.5364455], [1.6023016, 42.5368657], [1.6061648, 42.5365114], [1.6103607, 42.5362573], [1.6145633, 42.5365058], [1.6187387, 42.537094], [1.616269, 42.5351997], [1.6197372, 42.5357517], [1.6239729, 42.5351731], [1.626026, 42.5372956], [1.6262282, 42.5383704], [1.6253559, 42.5381447], [1.6287415, 42.5387677], [1.6329543, 42.5390853], [1.6371214, 42.5396498], [1.6410682, 42.5409311], [1.6448997, 42.5418593], [1.6488708, 42.5422558], [1.652696, 42.5423284], [1.6566587, 42.5410473], [1.6591709, 42.5403745], [1.6566798, 42.5410327], [1.6607815, 42.5397981], [1.6649108, 42.5392649], [1.6691941, 42.5392237], [1.6700541, 42.539415], [1.6658049, 42.5393103], [1.6631984, 42.5369835], [1.6629281, 42.5392665], [1.6672105, 42.5391686], [1.6714929, 42.5390707], [1.6738819, 42.5381655], [1.6776584, 42.5392772], [1.6814403, 42.5412271], [1.683737, 42.5437485], [1.6834632, 42.5472797], [1.6815678, 42.5502177], [1.6798247, 42.5525783], [1.6832941, 42.5539209], [1.6868885, 42.5557231], [1.6869336, 42.5572896], [1.6895363, 42.5565904], [1.6902462, 42.5557804], [1.6933669, 42.5528734], [1.6963827, 42.5498753], [1.6993333, 42.5468757], [1.7029438, 42.5448253], [1.7071941, 42.5443519], [1.7114686, 42.5440742], [1.7157507, 42.5439692], [1.7200318, 42.5438239], [1.7243133, 42.5437874], [1.7285166, 42.5445107], [1.7323837, 42.5463282], [1.7336217, 42.5465124], [1.7352788, 42.5452524], [1.7332535, 42.5428026]], "mood_vectors": [[0.0374, 0.0311, 0.0567, 0.6646, 0.0851, 0.0871, 0.0379], [0.0635, 0.0547, 0.0494, 0.6675, 0.0537, 0.0684, 0.0427], [0.0828, 0.0646, 0.0573, 0.6673, 0.0507, 0.0489, 0.0283], [0.0796, 0.0566, 0.0358, 0.6628, 0.0557, 0.0552, 0.0543], [0.0424, 0.0451, 0.0715, 0.7108, 0.0612, 0.0535, 0.0154], [0.0274, 0.0739, 0.0568, 0.6466, 0.0711, 0.0532, 0.071], [0.0299, 0.0339, 0.0641, 0.662, 0.0713, 0.0756, 0.0633], [0.0776, 0.063, 0.0559, 0.6448, 0.0299, 0.0526, 0.0761], [0.068, 0.0358, 0.0204, 0.7205, 0.0452, 0.0408, 0.0693], [0.0626, 0.0163, 0.0389, 0.7181, 0.0655, 0.0615, 0.0371], [0.0431, 0.0263, 0.0114, 0.753, 0.053, 0.0491, 0.064], [0.046, 0.034, 0.0741, 0.6748, 0.069, 0.0251, 0.077], [0.0339, 0.0167, 0.0771, 0.7531, 0.0492, 0.0304, 0.0398], [0.0841, 0.0384, 0.0306, 0.7153, 0.0161, 0.0669, 0.0485], [0.0618, 0.076, 0.0402, 0.7291, 0.0212, 0.0401, 0.0315], [0.0592, 0.0346, 0.0735, 0.6972, 0.0716, 0.0465, 0.0174], [0.0418, 0.0546, 0.0261, 0.7643, 0.0459, 0.0163, 0.0509], [0.026, 0.0587, 0.0698, 0.7235, 0.0369, 0.0695, 0.0155], [0.0632, 0.0626, 0.0471, 0.7628, 0.0218, 0.0191, 0.0235], [0.0264, 0.0538, 0.0535, 0.7323, 0.0521, 0.0241, 0.0579], [0.0419, 0.0687, 0.0619, 0.7588, 0.0184, 0.0269, 0.0234], [0.0795, 0.0302, 0.0171, 0.7301, 0.0147, 0.0621, 0.0663], [0.0149, 0.066, 0.0796, 0.7437, 0.0217, 0.0347, 0.0395], [0.0507, 0.0611, 0.0412, 0.6939, 0.0795, 0.0525, 0.0212], [0.0146, 0.0286, 0.0475, 0.7672, 0.0178, 0.0756, 0.0487], [0.0474, 0.0268, 0.0146, 0.763, 0.0663, 0.0363, 0.0455], [0.0731, 0.0672, 0.0309, 0.6506, 0.0777, 0.0408, 0.0597], [0.0517, 0.0958, 0.0708, 0.6799, 0.0314, 0.0236, 0.0468], [0.0778, 0.0263, 0.0655, 0.71, 0.0329, 0.0606, 0.0269], [0.0408, 0.0547, 0.0707, 0.6213, 0.0917, 0.0876, 0.0333], [0.0115, 0.0643, 0.0662, 0.7185, 0.0718, 0.0358, 0.0319], [0.06, 0.0259, 0.0514, 0.6576, 0.0353, 0.09, 0.0799], [0.0529, 0.071, 0.0689, 0.5888, 0.0692, 0.0752, 0.0741], [0.0407, 0.0545, 0.0242, 0.782, 0.0283, 0.0265, 0.0438], [0.0168, 0.0404, 0.0131, 0.7939, 0.0737, 0.0324, 0.0297], [0.066, 0.0605, 0.0232, 0.7279, 0.057, 0.0531, 0.0123], [0.0546, 0.0154, 0.0215, 0.6957, 0.088, 0.0634, 0.0615], [0.0682, 0.0507, 0.0705, 0.7107, 0.0182, 0.0663, 0.0154], [0.0787, 0.0457, 0.0899, 0.6771, 0.0166, 0.0181, 0.0739], [0.0354, 0.051, 0.0765, 0.6888, 0.0346, 0.082, 0.0317], [0.0129, 0.0627, 0.0798, 0.6623, 0.0462, 0.0858, 0.0503], [0.075, 0.0158, 0.0392, 0.7522, 0.046, 0.0472, 0.0244], [0.043, 0.0574, 0.025, 0.7609, 0.0411, 0.0272, 0.0455], [0.0388, 0.0347, 0.0741, 0.709, 0.05, 0.0536, 0.0398], [0.0602, 0.0823, 0.0391, 0.6164, 0.0496, 0.072, 0.0805], [0.0168, 0.0538, 0.0821, 0.6497, 0.0612, 0.0565, 0.0799], [0.0843, 0.0267, 0.0858, 0.6553, 0.0751, 0.0217, 0.0511], [0.0597, 0.0186, 0.0242, 0.6953, 0.0984, 0.0743, 0.0296], [0.0617, 0.0353, 0.02, 0.7253, 0.0678, 0.0503, 0.0395], [0.0439, 0.0583, 0.0719, 0.6409, 0.0906, 0.0308, 0.0636], [0.0507, 0.0542, 0.052, 0.6802, 0.0669, 0.057, 0.039], [0.069, 0.0379, 0.0739, 0.6352, 0.0301, 0.0645, 0.0895], [0.0168, 0.0425, 0.0344, 0.75, 0.0779, 0.0215, 0.0569], [0.0814, 0.0607, 0.013, 0.7334, 0.0374, 0.0397, 0.0345], [0.0801, 0.0592, 0.0561, 0.6329, 0.0844, 0.0492, 0.0382], [0.0389, 0.0586, 0.0558, 0.7016, 0.0358, 0.0458, 0.0636], [0.069, 0.0941, 0.0443, 0.663, 0.075, 0.0205, 0.0339], [0.0319, 0.0772, 0.0618, 0.688, 0.0423, 0.039, 0.0597], [0.0357, 0.0524, 0.0634, 0.7107, 0.0568, 0.0191, 0.0619], [0.0625, 0.0145, 0.05, 0.7602, 0.0258, 0.0328, 0.0543], [0.0496, 0.0629, 0.0296, 0.7419, 0.0483, 0.024, 0.0437], [0.017, 0.0632, 0.0488, 0.7042, 0.0934, 0.02, 0.0534], [0.0387, 0.0637, 0.0574, 0.7422, 0.038, 0.0328, 0.0273], [0.0614, 0.0541, 0.0721, 0.6708, 0.0913, 0.0232, 0.0271], [0.0734, 0.0494, 0.0122, 0.7091, 0.0616, 0.0382, 0.0561], [0.0497, 0.066, 0.0544, 0.6716, 0.056, 0.0807, 0.0217], [0.0888, 0.0707, 0.0545, 0.6324, 0.0348, 0.093, 0.0259], [0.0173, 0.0242, 0.0249, 0.7909, 0.0488, 0.0496, 0.0442], [0.068, 0.0619, 0.0233, 0.7023, 0.0305, 0.0386, 0.0755], [0.0392, 0.0493, 0.013, 0.782, 0.0315, 0.0508, 0.0342], [0.0435, 0.0368, 0.058, 0.6955, 0.0744, 0.0578, 0.0341], [0.0487, 0.0537, 0.0694, 0.6814, 0.0564, 0.0693, 0.0211], [0.0426, 0.0765, 0.0158, 0.7216, 0.0525, 0.0384, 0.0524], [0.0721, 0.0415, 0.0666, 0.7177, 0.0353, 0.0407, 0.026], [0.0381, 0.0435, 0.0707, 0.6476, 0.0758, 0.0456, 0.0787], [0.0422, 0.0765, 0.0591, 0.7049, 0.0507, 0.0489, 0.0178], [0.0465, 0.058, 0.0694, 0.6994, 0.0748, 0.0165, 0.0354], [0.0545, 0.077, 0.0339, 0.6424, 0.0515, 0.0725, 0.0682], [0.0419, 0.0591, 0.0644, 0.6847, 0.0465, 0.0543, 0.049], [0.022, 0.0365, 0.0621, 0.7554, 0.0507, 0.0567, 0.0166]], "emotions": ["green", "green", "green", "green", "green", "green", "green", "green", "green", "green", "green", "green", "green", "green", "green", "green", "green", "green", "green", "green", "green", "green", "green", "green", "green", "green", "green", "green", "green", "green", "green", "green", "green", "green", "green", "green", "green", "green", "green", "green", "green", "green", "green", "green", "green", "green", "green", "green", "green", "green", "green", "green", "green", "green", "green", "green", "green", "green", "green", "green", "green", "green", "green", "green", "green", "green", "green", "green", "green", "green", "green", "green", "green", "green", "green", "green", "green", "green", "green", "green"], "timestamps": [0, 40, 80, 120, 160, 200, 240, 280, 320, 360, 400, 440, 480, 520, 560, 600, 640, 680, 720, 760, 800, 840, 880, 920, 960, 1000, 1040, 1080, 1120, 1160, 1200, 1240, 1280, 1320, 1360, 1400, 1440, 1480, 1520, 1560, 1600, 1640, 1680, 1720, 1760, 1800, 1840, 1880, 1920, 1960, 2000, 2040, 2080, 2120, 2160, 2200, 2240, 2280, 2320, 2360, 2400, 2440, 2480, 2520, 2560, 2600, 2640, 2680, 2720, 2760, 2800, 2840, 2880, 2920, 2960, 3000, 3040, 3080, 3120, 3160]}], "conversation": [], "conversation_timestamps": []}