{
  "agent_id": "agent-type-blue-45",
  "type": "blue",
  "trips": [
    {
      "trip_id": 0,
      "transport_method": "car",
      "start_time": 0,
      "path": [
        [
          1.5262127000000003,
          42.5067624
        ],
        [
          1.5264374874005775,
          42.50710782216766
        ],
        [
          1.5270377338342198,
          42.50715625164405
        ],
        [
          1.5276379802678623,
          42.50720468112044
        ],
        [
          1.5277319569827563,
          42.506984174605044
        ],
        [
          1.5274589369326843,
          42.50646009656188
        ],
        [
          1.5270971427225113,
          42.50598292035472
        ],
        [
          1.5268493324077566,
          42.505967863002844
        ],
        [
          1.5264162192025341,
          42.50634387767881
        ],
        [
          1.5267130063295193,
          42.50617606914451
        ],
        [
          1.5266197757521613,
          42.50573317331755
        ],
        [
          1.5260810090668497,
          42.50546415351515
        ],
        [
          1.5264883531122875,
          42.505272682972155
        ],
        [
          1.5270833525086844,
          42.50536551030418
        ],
        [
          1.5271513227392222,
          42.50548702105982
        ],
        [
          1.5273255351137538,
          42.50548117200831
        ],
        [
          1.5278757424940876,
          42.50555545405524
        ],
        [
          1.5282708935564724,
          42.50546386145879
        ],
        [
          1.5278976451070367,
          42.50519421041676
        ],
        [
          1.527295847915843,
          42.5051857299195
        ],
        [
          1.5267248001268774,
          42.50516244681745
        ],
        [
          1.5263930212580785,
          42.504895871378515
        ],
        [
          1.5258048306649603,
          42.504769509500555
        ],
        [
          1.525263794189018,
          42.504749254337675
        ],
        [
          1.524781588100578,
          42.50486671648873
        ],
        [
          1.5241840347471276,
          42.504792076117184
        ],
        [
          1.5235931494324575,
          42.50467638095219
        ],
        [
          1.5230522953269454,
          42.504641650525414
        ],
        [
          1.5224546090430942,
          42.504568082419944
        ],
        [
          1.5221520386631522,
          42.50483826605507
        ],
        [
          1.5219263883490408,
          42.50538105167938
        ],
        [
          1.5221627970879466,
          42.505195953883074
        ],
        [
          1.5225063712286413,
          42.50472878525939
        ],
        [
          1.5223476230882373,
          42.50490232050502
        ],
        [
          1.5220268320109893,
          42.505411961829914
        ],
        [
          1.5219543081015823,
          42.50599288383892
        ],
        [
          1.5222836025657192,
          42.50633134497714
        ],
        [
          1.5226706080659471,
          42.50604734598422
        ],
        [
          1.5229323344378987,
          42.505504998769325
        ],
        [
          1.5231351391901504,
          42.505084748445555
        ],
        [
          1.5228734128181989,
          42.50562709566045
        ],
        [
          1.5226116864462473,
          42.506169442875354
        ],
        [
          1.5221512450770112,
          42.50630200382389
        ],
        [
          1.5219539549573406,
          42.50585731362324
        ],
        [
          1.5219431644058117,
          42.505317804927245
        ],
        [
          1.522196563193174,
          42.5047903165612
        ],
        [
          1.522519554832668,
          42.504576059396335
        ],
        [
          1.523117236045098,
          42.50464966868366
        ],
        [
          1.5236573068762418,
          42.50468924213965
        ],
        [
          1.5242489640205636,
          42.50480018643079
        ],
        [
          1.5248465173740142,
          42.504874826802336
        ],
        [
          1.5254439675072635,
          42.5049502686979
        ],
        [
          1.5260411784894539,
          42.50502760069668
        ],
        [
          1.5266383677729578,
          42.50510509848307
        ],
        [
          1.5272355109181264,
          42.5051824904763
        ],
        [
          1.5278372248349419,
          42.50519354859677
        ],
        [
          1.5282897504680542,
          42.50541394435611
        ],
        [
          1.5279337170196952,
          42.50557248349053
        ],
        [
          1.5273547960379503,
          42.505407858882634
        ],
        [
          1.5267597966415534,
          42.50531503155061
        ],
        [
          1.5261647972451564,
          42.50522220421858
        ],
        [
          1.5257533314645557,
          42.50541914908581
        ],
        [
          1.5251566,
          42.505338200000004
        ]
      ],
      "emotions": [
        "red",
        "red",
        "red",
        "red",
        "red",
        "red",
        "red",
        "red",
        "red",
        "red",
        "purple",
        "purple",
        "purple",
        "purple",
        "purple",
        "red",
        "red",
        "red",
        "red",
        "red",
        "purple",
        "purple",
        "purple",
        "purple",
        "purple",
        "purple",
        "purple",
        "purple",
        "purple",
        "purple",
        "purple",
        "purple",
        "purple",
        "purple",
        "purple",
        "green",
        "green",
        "green",
        "green",
        "green",
        "green",
        "green",
        "green",
        "green",
        "green",
        "red",
        "red",
        "red",
        "red",
        "red",
        "red",
        "red",
        "red",
        "red",
        "red",
        "red",
        "red",
        "red",
        "red",
        "red",
        "purple",
        "purple",
        "purple"
      ],
      "mood_vectors": [
        [
          0.12327425147697538,
          0.014473613352478537,
          0.1543208017204373,
          0.16863713685511997,
          0.14083323820207147,
          0.19281143185546837,
          0.20564952653744892
        ],
        [
          0.09601261905337856,
          0.285860210238944,
          0.29138413304514643,
          0.008124825206324337,
          0.1124324661269934,
          0.15372709796262712,
          0.052458648366586154
        ],
        [
          0.36065489581223265,
          0.07641483118155552,
          0.15224192574792098,
          0.012352244566705875,
          0.06242713336422569,
          0.132041101147462,
          0.20386786817989727
        ],
        [
          0.04008698786620463,
          0.19563164067434125,
          0.21006601939682432,
          0.15415249337401518,
          0.17641897353242586,
          0.12048390821515016,
          0.10315997694103855
        ],
        [
          0.24499701686759953,
          0.22676387382229024,
          0.16364252465327137,
          0.2073590732342337,
          0.0501890135566397,
          0.011230174856399492,
          0.09581832300956601
        ],
        [
          0.17821027170170675,
          0.17325565358803988,
          0.15287435395385565,
          0.15838360847721192,
          0.16053922812192498,
          0.07835118166372369,
          0.09838570249353712
        ],
        [
          0.18865107643934387,
          0.11118162350976582,
          0.0614584737001849,
          0.15288975088522266,
          0.09952836996377584,
          0.21746877687905847,
          0.1688219286226484
        ],
        [
          0.23015545985130922,
          0.19293809530859865,
          0.1855304577101145,
          0.041568645605831366,
          0.2079593356360881,
          0.137554323739436,
          0.004293682148622187
        ],
        [
          0.13240581725922346,
          0.1429345432759415,
          0.0987848242350736,
          0.2473673815744096,
          0.04636454342263836,
          0.15937757904881997,
          0.17276531118389357
        ],
        [
          0.02478379923286039,
          0.18545287178482597,
          0.2440111518966959,
          0.004622734612536099,
          0.1875641900939517,
          0.1611431205314422,
          0.1924221318476878
        ],
        [
          0.01678650864762668,
          0.2579267882788933,
          0.2550645911943096,
          0.10785615230747081,
          0.15019222530902013,
          0.1309314049156096,
          0.08124232934706987
        ],
        [
          0.2151300093213622,
          0.06804935542330943,
          0.0252597716539359,
          0.2142885814178084,
          0.2507525906736528,
          0.19349691270959474,
          0.033022778800336536
        ],
        [
          0.06988438934690751,
          0.012143736475776788,
          0.2554390419283495,
          0.10852170689078819,
          0.2050184605857143,
          0.05526102567028889,
          0.2937316391021748
        ],
        [
          0.2810311167546125,
          0.13098767827178132,
          0.09601072565675034,
          0.26560130127333065,
          0.021299065529826005,
          0.14113046777751842,
          0.06393964473618065
        ],
        [
          0.251087072420608,
          0.03545962144665805,
          0.03116552613968336,
          0.2866735823439752,
          0.04189309897145636,
          0.07797164337891142,
          0.27574945529870754
        ],
        [
          0.15423644671010797,
          0.08835218835628898,
          0.19486834538019243,
          0.1957138671505383,
          0.07922709460597596,
          0.17265073818996324,
          0.11495131960693311
        ],
        [
          0.09998679979773593,
          0.08892023529476108,
          0.12084997426442727,
          0.23329545917212466,
          0.23861666472955298,
          0.11257713859618405,
          0.10575372814521408
        ],
        [
          0.19973031563016266,
          0.18171640466801617,
          0.21151865950986468,
          0.025395629896698777,
          0.2429405895698329,
          0.036304024089841236,
          0.10239437663558354
        ],
        [
          0.010365499569794715,
          0.14682892336227005,
          0.23215369119583262,
          0.21008813917829636,
          0.1525740358605894,
          0.2110890166202056,
          0.03690069421301118
        ],
        [
          0.17576219572974816,
          0.2096299646742779,
          0.09353836449241178,
          0.03702280677647243,
          0.19954078719304214,
          0.12768213696972253,
          0.15682374416432499
        ],
        [
          0.16620341974852354,
          0.12748830287332547,
          0.06641345919491966,
          0.11902588794420124,
          0.21798318501175334,
          0.17411744018835584,
          0.12876830503892098
        ],
        [
          0.22300154036275904,
          0.14851700049761007,
          0.09222728801245939,
          0.07165292971104427,
          0.04395170335856985,
          0.213106515347596,
          0.20754302270996133
        ],
        [
          0.011074965450455299,
          0.11566079723365391,
          0.07997330944915501,
          0.1739755383166619,
          0.13459682967287667,
          0.22808508682931056,
          0.25663347304788664
        ],
        [
          0.23855944322124611,
          0.039738137513601404,
          0.27498839926682256,
          0.00837422639067788,
          0.031151322921383957,
          0.061851497436768786,
          0.34533697324949936
        ],
        [
          0.13290188786234383,
          0.1121189045820729,
          0.21643792276799645,
          0.21422072048318228,
          0.2044781568126556,
          0.04692644434793895,
          0.07291596314381005
        ],
        [
          0.05412077474793866,
          0.21588068616003628,
          0.007642686987685074,
          0.22031932361977907,
          0.13807491685895795,
          0.1801115596020443,
          0.1838500520235587
        ],
        [
          0.30629222874480067,
          0.012624470705629063,
          0.12570052891034308,
          0.02597023764696112,
          0.2737264635872014,
          0.1791640599259034,
          0.07652201047916125
        ],
        [
          0.07923058853429023,
          0.06998191410937693,
          0.15671515993724147,
          0.02071059676033901,
          0.12910884933805483,
          0.20628970815446784,
          0.33796318316622964
        ],
        [
          0.1819478289725417,
          0.18715108800516933,
          0.18063657618387127,
          0.0032211047002314707,
          0.12030005497021806,
          0.15033862729706687,
          0.1764047198709013
        ],
        [
          0.09333256927747832,
          0.027690752515411813,
          0.24720147642119414,
          0.048714819723144336,
          0.18316122163629264,
          0.08310113032934727,
          0.3167980300971316
        ],
        [
          0.1540511203059069,
          0.11622858385498991,
          0.22076037037948995,
          0.14982721994417822,
          0.2975175576977121,
          0.05019437514742016,
          0.011420772670302733
        ],
        [
          0.23221124074848049,
          0.17851212265321542,
          0.19807230845417167,
          0.21970244339599698,
          0.056271474870200004,
          0.06202144519645084,
          0.05320896468148459
        ],
        [
          0.05822722105049124,
          0.046351917986134555,
          0.21642022428451482,
          0.21486173341426973,
          0.07853471663741798,
          0.2080409809440734,
          0.1775632056830983
        ],
        [
          0.1378780585182836,
          0.19053382476035044,
          0.11754878706226568,
          0.10942125096647105,
          0.17183905075148034,
          0.18965620374791736,
          0.0831228241932316
        ],
        [
          0.0373344826837595,
          0.21371811244147032,
          0.06109923710016687,
          0.12365489834755872,
          0.27197575664982615,
          0.19394851529110424,
          0.0982689974861143
        ],
        [
          0.15470153957420527,
          0.20319911108061123,
          0.12252338783785428,
          0.12609932429896226,
          0.11276291595347568,
          0.07249198363961354,
          0.2082217376152778
        ],
        [
          0.003045346469952675,
          0.2782401328738706,
          0.20247871489655964,
          0.07868562581031359,
          0.10345049279967362,
          0.08913019766172683,
          0.24496948948790306
        ],
        [
          0.1284274487733824,
          0.10994283618435334,
          0.18024467616602358,
          0.10780656062268024,
          0.1813701114659432,
          0.09131481152005903,
          0.2008935552675582
        ],
        [
          0.05617735952191264,
          0.14669608634543768,
          0.29704588870283616,
          0.222673167492569,
          0.24514850021778906,
          0.028574948211221328,
          0.0036840495082341327
        ],
        [
          0.06072332106241457,
          0.11216314244478962,
          0.2608682933150918,
          0.29882074731621827,
          0.11896410747808119,
          0.13017525884753534,
          0.018285129535869138
        ],
        [
          0.12167961057465426,
          0.08597694579118452,
          0.14725284801581917,
          0.0048069747925575425,
          0.15323310594079412,
          0.2468262891535211,
          0.2402242257314693
        ],
        [
          0.1023302559084862,
          0.031071528466817707,
          0.3427349367798937,
          0.09252437256825806,
          0.18706389039759722,
          0.2204770796916062,
          0.023797936187340964
        ],
        [
          0.0024929367428880352,
          0.020769420901776515,
          0.21623837461647769,
          0.1392480638684377,
          0.2216196637990284,
          0.1684240370400007,
          0.231207503031391
        ],
        [
          0.2143816420601992,
          0.04441860877287141,
          0.19909011084979544,
          0.13496259995536283,
          0.17246684298428994,
          0.21564318919895412,
          0.019037006178527053
        ],
        [
          0.013326748088641514,
          0.1628766873526677,
          0.1442649101463712,
          0.12022727561535923,
          0.20340443413090142,
          0.21146926701678853,
          0.14443067764927045
        ],
        [
          0.23771263602567488,
          0.012279086416530475,
          0.18177306652797087,
          0.23013594847394228,
          0.004138662404880149,
          0.13577240052060863,
          0.19818819963039272
        ],
        [
          0.22846791668714764,
          0.1214068640867176,
          0.0486423370314369,
          0.21565491504052234,
          0.17798749359763852,
          0.18758363219733556,
          0.02025684135920145
        ],
        [
          0.20663141770551802,
          0.25228450253589474,
          0.006057991408772651,
          0.24793775167495194,
          0.08174008006837416,
          0.011176863608977803,
          0.1941713929975107
        ],
        [
          0.16071526305091668,
          0.04004083303037747,
          0.18884200419227742,
          0.21086817406424327,
          0.11791794659055438,
          0.14996425224571316,
          0.13165152682591771
        ],
        [
          0.12097497968019429,
          0.012849778287692163,
          0.1972693990801395,
          0.061995230981330855,
          0.20155341070664554,
          0.21523344692730534,
          0.1901237543366923
        ],
        [
          0.31672309819957617,
          0.033079752084902644,
          0.030079708525512696,
          0.15158372527343297,
          0.11709454040281275,
          0.20120276738093187,
          0.15023640813283085
        ],
        [
          0.035848389435745226,
          0.19069349082926618,
          0.20078513955513103,
          0.09381857454287654,
          0.1515273355627452,
          0.1591872725057819,
          0.16813979756845385
        ],
        [
          0.05138231951216812,
          0.11598483235666271,
          0.390705267817854,
          0.0641763794703006,
          0.2716865674256213,
          0.07477801529866919,
          0.031286618118724185
        ],
        [
          0.06391735583946842,
          0.10114719707119325,
          0.19248752576004421,
          0.20042302388038377,
          0.10616653022967558,
          0.15697077944671484,
          0.17888758777251992
        ],
        [
          0.06978626661964683,
          0.10818820622929466,
          0.21809020926358974,
          0.05744833189735017,
          0.3074553978909805,
          0.17973247636009293,
          0.05929911173904523
        ],
        [
          0.076509175544785,
          0.2304419945391988,
          0.11173855720888949,
          0.01782481386755328,
          0.2680587523639148,
          0.26225893274408374,
          0.0331677737315748
        ],
        [
          0.14662685967109598,
          0.16001670564911044,
          0.12123428838379578,
          0.09736233294758351,
          0.12143702415596187,
          0.16785228711624953,
          0.18547050207620286
        ],
        [
          0.0016856875332789776,
          0.050362660035560065,
          0.06327441220223928,
          0.07784215805621314,
          0.27861921639095005,
          0.19614008171884517,
          0.33207578406291327
        ],
        [
          0.029899731821901174,
          0.08873975414526446,
          0.16968248316060075,
          0.31768820585825236,
          0.09985036690425925,
          0.013204128296800363,
          0.2809353298129217
        ],
        [
          0.17591862388301857,
          0.003376651694031199,
          0.27093648696615025,
          0.26802364328667544,
          0.06272539051011504,
          0.03670229024068905,
          0.18231691341932055
        ],
        [
          0.04406593144859442,
          0.17887887623534818,
          0.16147324759749732,
          0.12838072979152979,
          0.013311162671116827,
          0.23393735505737606,
          0.23995269719853735
        ],
        [
          0.22240364766809692,
          0.29380465668185257,
          0.13969433478486837,
          0.1591881580939713,
          0.10823042137105889,
          0.024722053942820624,
          0.051956727457331375
        ],
        [
          0.1587286724101348,
          0.07813984594457903,
          0.18729418899498795,
          0.16939387647815948,
          0.18202602261457007,
          0.05263263845605603,
          0.17178475510151267
        ]
      ],
      "timestamps": [
        0,
        1,
        2,
        3,
        4,
        5,
        6,
        7,
        8,
        9,
        10,
        11,
        12,
        13,
        14,
        15,
        16,
        17,
        18,
        19,
        20,
        21,
        22,
        23,
        24,
        25,
        26,
        27,
        28,
        29,
        30,
        31,
        32,
        33,
        34,
        35,
        36,
        37,
        38,
        39,
        40,
        41,
        42,
        43,
        44,
        45,
        46,
        47,
        48,
        49,
        50,
        51,
        52,
        53,
        54,
        55,
        56,
        57,
        58,
        59,
        60,
        61,
        62
      ],
      "distance": 600.4
    },
    {
      "trip_id": 1,
      "transport_method": "bicycle",
      "start_time": 63,
      "path": [
        [
          1.525182500000001,
          42.504968899999994
        ],
        [
          1.5246881438233697,
          42.504855044366856
        ],
        [
          1.524124553606368,
          42.50478286750188
        ],
        [
          1.5235673755619312,
          42.504671214247274
        ],
        [
          1.5230598928998094,
          42.50464258858929
        ],
        [
          1.5224958959469175,
          42.50457315349013
        ],
        [
          1.5222036058114328,
          42.504783116901955
        ],
        [
          1.5219544572939996,
          42.505275230053435
        ],
        [
          1.5221538339008942,
          42.505678494804236
        ],
        [
          1.5225276017734644,
          42.50573194228414
        ],
        [
          1.5220012769412157,
          42.50556495535213
        ],
        [
          1.5219544237956293,
          42.50603729817466
        ],
        [
          1.5222938269385005,
          42.50633361152731
        ],
        [
          1.5226048057107011,
          42.50637272174158
        ],
        [
          1.5220420210588703,
          42.50629406258051
        ],
        [
          1.5217396730764094,
          42.50651485343412
        ],
        [
          1.522133070577637,
          42.506924917129155
        ],
        [
          1.5224861158841598,
          42.50735024114352
        ],
        [
          1.5228565311504363,
          42.50767756409701
        ],
        [
          1.5231914043316626,
          42.50791449016385
        ],
        [
          1.5226753639697979,
          42.508082691352826
        ],
        [
          1.5224872686204427,
          42.50840785952185
        ],
        [
          1.5223569444422445,
          42.50802430897199
        ],
        [
          1.5222903000162364,
          42.508041161705705
        ],
        [
          1.5225081852260791,
          42.50833812550272
        ],
        [
          1.5220831624329094,
          42.5084289977985
        ],
        [
          1.5219088518661983,
          42.5083892220747
        ],
        [
          1.5224593097120513,
          42.50851002659835
        ],
        [
          1.5219508094072187,
          42.50834049694527
        ],
        [
          1.5214575000000001,
          42.5084848
        ]
      ],
      "emotions": [
        "purple",
        "purple",
        "green",
        "green",
        "green",
        "green",
        "green",
        "green",
        "green",
        "green",
        "green",
        "green",
        "purple",
        "purple",
        "purple",
        "purple",
        "purple",
        "green",
        "green",
        "green",
        "green",
        "green",
        "purple",
        "purple",
        "purple",
        "purple",
        "purple",
        "green",
        "green",
        "green"
      ],
      "mood_vectors": [
        [
          0.1335614314453608,
          0.21963702831408005,
          0.14371876991626956,
          0.2193055439141071,
          0.07627624853622368,
          0.11424016726477357,
          0.09326081060918529
        ],
        [
          0.0416067536177736,
          0.10476481746271574,
          0.25173094327966394,
          0.1389111562730442,
          0.22840269769067176,
          0.15693041962765364,
          0.07765321204847704
        ],
        [
          0.04038181846502744,
          0.32658509995061186,
          0.19766860839941292,
          0.14161302396571063,
          0.09864512444312465,
          0.12156388804981119,
          0.0735424367263014
        ],
        [
          0.15493444577601695,
          0.12327018449500407,
          0.09605208125580442,
          0.33855598905904594,
          0.0021686577852452074,
          0.11108284610515287,
          0.17393579552373062
        ],
        [
          0.044279959924063576,
          0.1302904350337477,
          0.18788421915408238,
          0.1970247642167356,
          0.08811927714172445,
          0.19637605270556718,
          0.15602529182407907
        ],
        [
          0.0010656033347364844,
          0.05057441254038389,
          0.15548712820892077,
          0.21896999092016425,
          0.008534955618910564,
          0.25401015738722177,
          0.31135775198966226
        ],
        [
          0.30912365648651774,
          0.13412025462660337,
          0.04363939936686663,
          0.30885988703156203,
          0.0010691553327059262,
          0.033637082272460296,
          0.16955056488328407
        ],
        [
          0.2771937860850605,
          0.08613195169800444,
          0.13543312658844386,
          0.12622623993488827,
          0.06350903577242487,
          0.07455066387946754,
          0.2369551960417106
        ],
        [
          0.006261898795096501,
          0.17670471802052465,
          0.1604374662247146,
          0.18974370045842617,
          0.08135401626016363,
          0.20040738493020555,
          0.1850908153108689
        ],
        [
          0.08408691740520317,
          0.09197663064016928,
          0.19243613552206182,
          0.10422440196593344,
          0.28011138178980943,
          0.09661548488251437,
          0.15054904779430847
        ],
        [
          0.09180227912934444,
          0.17709228432676338,
          0.22109638195156542,
          0.09902630451339184,
          0.05864236923301636,
          0.17913648968617152,
          0.17320389115974702
        ],
        [
          0.28293416188203574,
          0.09437291360966751,
          0.027074829432936813,
          0.19695711359046106,
          0.2591064131797142,
          0.11632476684370271,
          0.02322980146148191
        ],
        [
          0.16338597939450417,
          0.13597910242717554,
          0.2779855871287643,
          0.056661702446059295,
          0.09338469258013858,
          0.17982382065071606,
          0.092779115372642
        ],
        [
          0.14371355867496963,
          0.21700340682431393,
          0.03571211800197455,
          0.17627393629540875,
          0.17684786753706067,
          0.1932189176158193,
          0.0572301950504532
        ],
        [
          0.2527041661768272,
          0.08181941611531965,
          0.04908818524142894,
          0.05237619908369941,
          0.15335871935784784,
          0.22054343240973984,
          0.19010988161513706
        ],
        [
          0.23654991105235787,
          0.051267666918504054,
          0.0338822272454615,
          0.32777607043079593,
          0.024586449904037053,
          0.22658950088935875,
          0.0993481735594848
        ],
        [
          0.056203397870933404,
          0.19479847372195122,
          0.08005261651229298,
          0.24024353683720714,
          0.20968782563075355,
          0.16502340649707287,
          0.05399074292978883
        ],
        [
          0.1178154587868235,
          0.021105511366909597,
          0.13717889882275203,
          0.2795766856946072,
          0.17085290232568084,
          0.11617831148309153,
          0.15729223152013527
        ],
        [
          0.053514055084796154,
          0.1524694109110616,
          0.16224267581356372,
          0.20478512024585666,
          0.19860339018819587,
          0.12541608880242253,
          0.10296925895410355
        ],
        [
          0.14498937882435928,
          0.20803815459785727,
          0.18497120588251653,
          0.035796242836583225,
          0.10019432963904774,
          0.11022281312984096,
          0.21578787508979494
        ],
        [
          0.26847659640598165,
          0.25300003947190663,
          0.014224485958987024,
          0.08710040207107368,
          0.10656934819620884,
          0.13496574883436885,
          0.13566337906147338
        ],
        [
          0.009626190576893578,
          0.03555597674903341,
          0.16829562695026623,
          0.3208657751922389,
          0.20994575142527372,
          0.01703817964729337,
          0.23867249945900076
        ],
        [
          0.2703880020240751,
          0.005821543205474635,
          0.0837907905552588,
          0.17654329548946862,
          0.28066039670496534,
          0.020900787136217455,
          0.16189518488454005
        ],
        [
          0.13292035659630028,
          0.09789668330846732,
          0.0994823331476256,
          0.2099429787645204,
          0.24319469408976319,
          0.039582240049691235,
          0.176980714043632
        ],
        [
          0.2730899080269914,
          0.07061448881308542,
          0.2256185185136025,
          0.030989557444493412,
          0.04571657235307225,
          0.08251653471217804,
          0.271454420136577
        ],
        [
          0.25564692182643234,
          0.008053695489468745,
          0.14112973473730445,
          0.16751328146652172,
          0.07581414188945354,
          0.33081205572078004,
          0.021030168870039254
        ],
        [
          0.025962665173359593,
          0.2342789330426107,
          0.26170512539360774,
          0.06382925617347036,
          0.16629788273907345,
          0.0730517019151831,
          0.1748744355626951
        ],
        [
          0.2712046357982195,
          0.06606063357934742,
          0.2670518444938999,
          0.04896310025974124,
          0.11251419391311553,
          0.08793792630956708,
          0.14626766564610927
        ],
        [
          0.22824046953004798,
          0.19920125523804466,
          0.04927770653837384,
          0.1779185348756662,
          0.037995941127089726,
          0.14834215463794417,
          0.15902393805283338
        ],
        [
          0.28800760946421233,
          0.09692077132464862,
          0.08892270551363833,
          0.2269228296177741,
          0.1430850650881015,
          0.1138406528682236,
          0.04230036612340151
        ]
      ],
      "timestamps": [
        63,
        64,
        65,
        66,
        67,
        68,
        69,
        70,
        71,
        72,
        73,
        74,
        75,
        76,
        77,
        78,
        79,
        80,
        81,
        82,
        83,
        84,
        85,
        86,
        87,
        88,
        89,
        90,
        91,
        92
      ],
      "distance": 778.3
    },
    {
      "trip_id": 2,
      "transport_method": "car",
      "start_time": 93,
      "path": [
        [
          1.5211020999999998,
          42.508253900000014
        ],
        [
          1.521709882935793,
          42.50829609464743
        ],
        [
          1.5210968721426272,
          42.507945982725175
        ],
        [
          1.5204445123901487,
          42.50759888803929
        ],
        [
          1.5197607753522664,
          42.50770857004962
        ],
        [
          1.5196287147251581,
          42.508306078324544
        ],
        [
          1.5196762,
          42.508573600000005
        ]
      ],
      "emotions": [
        "green",
        "green",
        "purple",
        "purple",
        "purple",
        "purple",
        "purple"
      ],
      "mood_vectors": [
        [
          0.012437032110524854,
          0.161471998013276,
          0.25377777649844824,
          0.12221981537648594,
          0.16576153422973203,
          0.0756917216985796,
          0.20864012207295332
        ],
        [
          0.15771374015525896,
          0.05204325431206864,
          0.14452559687715233,
          0.18616989630790173,
          0.21550655790061282,
          0.009391237962139747,
          0.2346497164848657
        ],
        [
          0.06492680150487574,
          0.15994875622630716,
          0.25277338919926223,
          0.06791473642549213,
          0.0627387963934707,
          0.24682237805703394,
          0.1448751421935581
        ],
        [
          0.019118252830284045,
          0.2794390286138625,
          0.1936259719749177,
          0.1983643831685916,
          0.05785557598617819,
          0.12838794636219564,
          0.12320884106397034
        ],
        [
          0.15746553140967554,
          0.21684763697061546,
          0.10264000180790513,
          0.030655983127759398,
          0.10789628714572094,
          0.17427117261185668,
          0.2102233869264669
        ],
        [
          0.23371043286025225,
          0.022814819652221045,
          0.25248647277268094,
          0.08011198273038077,
          0.03608351430593028,
          0.1493912202680746,
          0.22540155741046006
        ],
        [
          0.08934980257860524,
          0.017841994361837577,
          0.029648995822481067,
          0.41657434173229135,
          0.0009000146507063383,
          0.18527712126787813,
          0.2604077295862003
        ]
      ],
      "timestamps": [
        93,
        94,
        95,
        96,
        97,
        98,
        99
      ],
      "distance": 366.2
    }
  ],
  "conversation": [
    "Smells like someone's making pho.",
    "Korean BBQ for dinner? Tempting.",
    "This is giving real 'main character energy'."
  ],
  "conversation_timestamps": [
    17,
    57,
    61
  ]
}
