{
  "agent_id": "agent-type-blue-58",
  "type": "blue",
  "trips": [
    {
      "trip_id": 0,
      "transport_method": "car",
      "start_time": 0,
      "path": [
        [
          1.516852,
          42.50556709999999
        ],
        [
          1.5171998786180645,
          42.50549182961997
        ],
        [
          1.5175637273467177,
          42.5055231262481
        ],
        [
          1.5179275760753708,
          42.50555442287622
        ],
        [
          1.518291424804024,
          42.505585719504346
        ],
        [
          1.5184438689222792,
          42.50590159880832
        ],
        [
          1.5186583197937336,
          42.50619558853585
        ],
        [
          1.5187850167840704,
          42.50652016732511
        ],
        [
          1.518839471317019,
          42.50686438053392
        ],
        [
          1.5185697298732694,
          42.50685303350593
        ],
        [
          1.5182257688365697,
          42.50673032987311
        ],
        [
          1.5178773050673526,
          42.50662521841708
        ],
        [
          1.5175143239179267,
          42.50658902345472
        ],
        [
          1.5171514417980667,
          42.50654801195194
        ],
        [
          1.5167885596782065,
          42.50650700044916
        ],
        [
          1.5164256775583465,
          42.50646598894638
        ],
        [
          1.5160665220619016,
          42.506410607807304
        ],
        [
          1.5160979796258078,
          42.506355367756456
        ],
        [
          1.5164625186853347,
          42.50637720008005
        ],
        [
          1.5168270577448613,
          42.50639903240366
        ],
        [
          1.516661803195613,
          42.50638913527274
        ],
        [
          1.5162972641360863,
          42.506367302949144
        ],
        [
          1.5159327250765597,
          42.50634547062554
        ],
        [
          1.5162272988561052,
          42.50644356896961
        ],
        [
          1.5165901809759652,
          42.50648458047239
        ],
        [
          1.5169530630958254,
          42.50652559197517
        ],
        [
          1.5173159452156855,
          42.50656660347795
        ],
        [
          1.5176793445997412,
          42.50660141241032
        ],
        [
          1.5180377338236892,
          42.506663250824275
        ],
        [
          1.5183816948603888,
          42.506785954457094
        ],
        [
          1.5187263326170855,
          42.506903472281905
        ],
        [
          1.5187947933918673,
          42.50671956938829
        ],
        [
          1.518776909636594,
          42.50635481529637
        ],
        [
          1.5191308036030333,
          42.50633085948333
        ],
        [
          1.5194366389117773,
          42.506280785436566
        ],
        [
          1.519757952806541,
          42.50639918632746
        ],
        [
          1.5201204917642126,
          42.50642943619378
        ],
        [
          1.5203171997358036,
          42.506411650023885
        ],
        [
          1.520180368891942,
          42.50643492284323
        ],
        [
          1.5198811453789156,
          42.50641591036692
        ],
        [
          1.5195192724761886,
          42.506366784217605
        ],
        [
          1.5192378558297404,
          42.506532561534264
        ],
        [
          1.519410519189722,
          42.50684209287341
        ],
        [
          1.5197054881790961,
          42.507006128834206
        ],
        [
          1.519742153835021,
          42.50721179481344
        ],
        [
          1.51990982807021,
          42.507393272464604
        ],
        [
          1.520172685523293,
          42.50755804251313
        ],
        [
          1.519820278487361,
          42.5076102001082
        ],
        [
          1.5194650419297093,
          42.50752551029546
        ],
        [
          1.5195097946279423,
          42.50753617951728
        ],
        [
          1.519865031185594,
          42.507620869330026
        ],
        [
          1.5196282726764498,
          42.50777606056951
        ],
        [
          1.519589381681296,
          42.50808448453932
        ],
        [
          1.5196532059057348,
          42.508444056291054
        ],
        [
          1.5198942,
          42.50865760000001
        ]
      ],
      "emotions": [
        "green",
        "green",
        "green",
        "green",
        "green",
        "green",
        "green",
        "green",
        "green",
        "green",
        "green",
        "green",
        "green",
        "green",
        "green",
        "red",
        "red",
        "red",
        "red",
        "red",
        "purple",
        "purple",
        "purple",
        "purple",
        "purple",
        "red",
        "red",
        "red",
        "red",
        "red",
        "purple",
        "purple",
        "purple",
        "purple",
        "purple",
        "green",
        "green",
        "green",
        "green",
        "green",
        "purple",
        "purple",
        "purple",
        "purple",
        "purple",
        "red",
        "red",
        "red",
        "red",
        "red",
        "green",
        "green",
        "green",
        "green",
        "green"
      ],
      "mood_vectors": [
        [
          0.06622566055130687,
          0.2723257249604091,
          0.09043624234448318,
          0.025419722369000183,
          0.11108512338807773,
          0.39754489508677887,
          0.036962631299944065
        ],
        [
          0.022893398992494002,
          0.0777086722550762,
          0.24508232834023205,
          0.1705647539406734,
          0.22766427231425138,
          0.032792221357552366,
          0.22329435279972057
        ],
        [
          0.03266900412519736,
          0.30135948133363905,
          0.09211801619672218,
          0.05759457821435874,
          0.2282305718847494,
          0.12444204948886935,
          0.16358629875646388
        ],
        [
          0.3139537399945513,
          0.20803990655474658,
          0.02278191419104335,
          0.054928777361538096,
          0.23427326345771374,
          0.06073892162670432,
          0.10528347681370259
        ],
        [
          0.008453241349456674,
          0.17478469148512962,
          0.20071688259183093,
          0.14149288049779365,
          0.07975003458762787,
          0.1907267834795799,
          0.2040754860085814
        ],
        [
          0.18274776027674083,
          0.20299449704248995,
          0.044395202891384815,
          0.10845253569501011,
          0.1780369551332757,
          0.12310145149126366,
          0.1602715974698349
        ],
        [
          0.1888789502650996,
          0.05807625446485562,
          0.15313891031950283,
          0.1958504836795615,
          0.1959103970831445,
          0.04490776346515849,
          0.1632372407226774
        ],
        [
          0.27153127756354783,
          0.29268743489811727,
          0.007058504389033562,
          0.016150866726505425,
          0.28581060991043666,
          0.015510650645493796,
          0.11125065586686549
        ],
        [
          0.21602969457192875,
          0.24326505395301395,
          0.03508914183556454,
          0.09933311875546609,
          0.2765995018405835,
          0.05342809156335593,
          0.07625539748008714
        ],
        [
          0.1170856360959266,
          0.28819464676454626,
          0.23248239319069836,
          0.10152914530051374,
          0.04764853441842798,
          0.19372566966346075,
          0.019333974566426406
        ],
        [
          0.003491476401680065,
          0.16316520527008158,
          0.12910126246792522,
          0.17225636594278326,
          0.19018448563011037,
          0.13679156059251082,
          0.2050096436949086
        ],
        [
          0.08115014450050163,
          0.09599302205832783,
          0.03240087621331813,
          0.28114800601368833,
          0.12337238363626163,
          0.22193625469885125,
          0.1639993128790512
        ],
        [
          0.11466434850079736,
          0.05363020849251587,
          0.24846165849320068,
          0.23514607705003648,
          0.007966597351951028,
          0.18704694750366135,
          0.15308416260783722
        ],
        [
          0.05740446287780306,
          0.21140556999501844,
          0.12185842537382915,
          0.005342021582862175,
          0.03101997450640971,
          0.2622338657490725,
          0.3107356799150049
        ],
        [
          0.13983541042426487,
          0.05126803608169103,
          0.2026315501948888,
          0.12324951975852547,
          0.14136505613098596,
          0.1496666603931376,
          0.19198376701650627
        ],
        [
          0.25090937800834345,
          0.02064280220529596,
          0.04877023183874248,
          0.2745575637163148,
          0.04835623453329255,
          0.12158154891223216,
          0.23518224078577868
        ],
        [
          0.08477336058150799,
          0.16562971477666794,
          0.2838085752093973,
          0.2516479608661875,
          0.016501284638417685,
          0.11590664830343085,
          0.08173245562439073
        ],
        [
          0.18904541100228955,
          0.24750633632794075,
          0.12293895901736931,
          0.04114119553660754,
          0.07367820061238349,
          0.044570079728276424,
          0.28111981777513284
        ],
        [
          0.03434142993090659,
          0.06547321249862093,
          0.25223490241158364,
          0.26793376079712017,
          0.02079580068848662,
          0.1884440237616026,
          0.1707768699116795
        ],
        [
          0.2821214131685828,
          0.11625102947504776,
          0.1580753934749466,
          0.1372516754457584,
          0.062230869951652765,
          0.1781419777124423,
          0.06592764077156933
        ],
        [
          0.22912795499756575,
          0.2224442804037047,
          0.06775412872222805,
          0.07415735140534081,
          0.11830463254308636,
          0.1638700449041574,
          0.12434160702391693
        ],
        [
          0.15669341415220567,
          0.12362093911997418,
          0.10784022122635575,
          0.12513188502839293,
          0.10841292391145028,
          0.1440500759402278,
          0.2342505406213934
        ],
        [
          0.226025089618347,
          0.08081522917006397,
          0.2008889279853134,
          0.03597011358199688,
          0.22131840174436465,
          0.04843531912108045,
          0.18654691877883367
        ],
        [
          0.03806094222505571,
          0.058257017508988,
          0.27462733146295765,
          0.013457254697060366,
          0.16973119715253923,
          0.09638401562163364,
          0.3494822413317653
        ],
        [
          0.18565072400028987,
          0.12859187952936976,
          0.15123351740973143,
          0.10726976357083795,
          0.1534393152633774,
          0.05782188295811098,
          0.2159929172682827
        ],
        [
          0.13838546039355792,
          0.1276669657138726,
          0.06484306805222953,
          0.17587646179967892,
          0.17486399586036536,
          0.12802679753518592,
          0.19033725064510976
        ],
        [
          0.1192452666832658,
          0.057220250795560666,
          0.2298562460642691,
          0.14921341259714715,
          0.18343123329126146,
          0.11783875435801704,
          0.14319483621047874
        ],
        [
          0.1801283513491427,
          0.32933455680213963,
          0.13180093325913025,
          0.051665466822323064,
          0.11889758395867422,
          0.040393701996582036,
          0.1477794058120082
        ],
        [
          0.036225636759779536,
          0.3310135356310183,
          0.046264537295939434,
          0.052147929744838346,
          0.37657652799377594,
          0.14712353223490768,
          0.010648300339740669
        ],
        [
          0.09311749308743235,
          0.025961706393212294,
          0.19897376939496947,
          0.017138515785866094,
          0.14687797506828626,
          0.26038547193420564,
          0.25754506833602797
        ],
        [
          0.10991297339003604,
          0.10874775739196788,
          0.07941575330469079,
          0.2184778704933087,
          0.22443210799443686,
          0.1277019618578233,
          0.1313115755677365
        ],
        [
          0.3013437416940855,
          0.0063936633593614555,
          0.05415862112590554,
          0.2669975693870419,
          0.13649475080330514,
          0.001853940862771391,
          0.23275771276752913
        ],
        [
          0.023998591956646352,
          0.18518164224186634,
          0.2988761770072395,
          0.01121170999460195,
          0.12529103893879343,
          0.33107788237376884,
          0.024362957487083524
        ],
        [
          0.17738044637840866,
          0.09115050662470163,
          0.10240400330557399,
          0.192640087572425,
          0.10834369618182839,
          0.19525985125180717,
          0.1328214086852551
        ],
        [
          0.2557234470596546,
          0.09377013413912026,
          0.11287434747385083,
          0.08433623842433671,
          0.20854079184272226,
          0.01997722173638006,
          0.22477781932393529
        ],
        [
          0.30063754231296475,
          0.08252123979093988,
          0.07731262178205879,
          0.14592207533813892,
          0.22080044870200727,
          0.10538339147954752,
          0.06742268059434287
        ],
        [
          0.1640440521936395,
          0.059765550633505,
          0.20171578150162395,
          0.17201009627699299,
          0.12321004302941731,
          0.15312166636605484,
          0.12613280999876642
        ],
        [
          0.12534694621092426,
          0.023567334867621255,
          0.12385040954171787,
          0.29041544844791317,
          0.31157682265404757,
          0.09150359879665135,
          0.03373943948112452
        ],
        [
          0.08209451130893985,
          0.1274851602526359,
          0.03675442944275452,
          0.16589347378719044,
          0.30554098086075493,
          0.18828253092070157,
          0.0939489134270227
        ],
        [
          0.047844014036311534,
          0.09105003757140966,
          0.11568238972488597,
          0.13379290998139828,
          0.1822603170098611,
          0.03271720279875196,
          0.39665312887738147
        ],
        [
          0.12183657451244174,
          0.17878539188833023,
          0.17586014215928053,
          0.09631858009871445,
          0.17226864467076738,
          0.06048535797381422,
          0.19444530869665136
        ],
        [
          0.0026158383714834366,
          0.2555282688607451,
          0.180366419955288,
          0.12237079513587795,
          0.09615425933891725,
          0.09442223864274019,
          0.24854217969494818
        ],
        [
          0.07816011200788314,
          0.16587334092891823,
          0.05029787428244644,
          0.1471215228297278,
          0.18121542579209893,
          0.21443320815619302,
          0.1628985160027325
        ],
        [
          0.1577247538245847,
          0.28450809800555577,
          0.09239935803958677,
          0.04585614822773155,
          0.22056689211789157,
          0.16464735687007132,
          0.03429739291457824
        ],
        [
          0.0094695822579108,
          0.27751944572641585,
          0.21551153343971013,
          0.13945050853240876,
          0.11607657806975642,
          0.15182793412777307,
          0.09014441784602496
        ],
        [
          0.03537622144868798,
          0.14564798748859017,
          0.2184633884474698,
          0.005692895264014039,
          0.2233085489916716,
          0.09907876410890783,
          0.27243219425065857
        ],
        [
          0.22847727494629247,
          0.12320847163293713,
          0.21629641547971964,
          0.11125297019827317,
          0.08053344570491758,
          0.029791046477606425,
          0.21044037556025355
        ],
        [
          0.09350522699949741,
          0.014228992508594197,
          0.1969934321055522,
          0.26743963663642184,
          0.046972718059106515,
          0.16136908542870362,
          0.21949090826212422
        ],
        [
          0.19452683401223111,
          0.08767573604253184,
          0.2625304424691244,
          0.13997372937625782,
          0.09403770564924127,
          0.06451246032298,
          0.15674309212763357
        ],
        [
          0.0732404027039125,
          0.2916065664315216,
          0.07048815798124199,
          0.020458499449224034,
          0.1719294829349153,
          0.29530192325320626,
          0.07697496724597826
        ],
        [
          0.14917409067439003,
          0.12518327939526838,
          0.16765263302994635,
          0.14050810294184818,
          0.14877229460723915,
          0.19860287794650053,
          0.07010672140480738
        ],
        [
          0.11931589302060686,
          0.09928282064409515,
          0.011673278915652134,
          0.13251547052678403,
          0.18160046812609576,
          0.1896875820385818,
          0.26592448672818425
        ],
        [
          0.11406351236456234,
          0.28386634488283835,
          0.1115399974813054,
          0.07088216093401362,
          0.0861276852370997,
          0.04881389838299923,
          0.28470640071718134
        ],
        [
          0.0826314164098234,
          0.054286639755257916,
          0.23247823728467426,
          0.2673168794608767,
          0.21630873379478016,
          0.1289596052629482,
          0.018018488031639475
        ],
        [
          0.01976145679543333,
          0.08731838120238383,
          0.03540836583976162,
          0.3298459853932419,
          0.17760947463982396,
          0.024537798582080817,
          0.32551853754727456
        ]
      ],
      "timestamps": [
        0,
        1,
        2,
        3,
        4,
        5,
        6,
        7,
        8,
        9,
        10,
        11,
        12,
        13,
        14,
        15,
        16,
        17,
        18,
        19,
        20,
        21,
        22,
        23,
        24,
        25,
        26,
        27,
        28,
        29,
        30,
        31,
        32,
        33,
        34,
        35,
        36,
        37,
        38,
        39,
        40,
        41,
        42,
        43,
        44,
        45,
        46,
        47,
        48,
        49,
        50,
        51,
        52,
        53,
        54
      ],
      "distance": 615
    },
    {
      "trip_id": 1,
      "transport_method": "bicycle",
      "start_time": 55,
      "path": [
        [
          1.5211020999999998,
          42.508253900000014
        ],
        [
          1.5217879640491838,
          42.508297700955765
        ],
        [
          1.5225017976097233,
          42.50835942122197
        ],
        [
          1.5230980012533095,
          42.50798943071745
        ],
        [
          1.5227238834780794,
          42.50764896760282
        ],
        [
          1.5222556850125,
          42.507052726096084
        ],
        [
          1.521685444863635,
          42.506458327855704
        ],
        [
          1.5223725852676404,
          42.506340264805914
        ],
        [
          1.5231694881384121,
          42.50653958014937
        ],
        [
          1.523968498424616,
          42.506737515452876
        ],
        [
          1.5247731013649612,
          42.506913841068226
        ],
        [
          1.5255042006216717,
          42.50677251223782
        ],
        [
          1.5254238341796436,
          42.507016473412556
        ],
        [
          1.5262440393404713,
          42.50709221426441
        ],
        [
          1.5270650721935182,
          42.50715845737548
        ],
        [
          1.5278861050465649,
          42.50722470048655
        ],
        [
          1.5274883141926947,
          42.50658745159685
        ],
        [
          1.5270331918369526,
          42.50591996095576
        ],
        [
          1.5267364431685233,
          42.506215665500775
        ],
        [
          1.52690335743887,
          42.50642468263681
        ],
        [
          1.526787769837469,
          42.50581406352612
        ],
        [
          1.52739710176954,
          42.50633946888687
        ],
        [
          1.5275693404280541,
          42.50624829285746
        ],
        [
          1.5271618750929004,
          42.50605191468398
        ],
        [
          1.5264539613266983,
          42.50565037799039
        ],
        [
          1.5262953311164125,
          42.50524256913169
        ],
        [
          1.5271091869339648,
          42.50536954079696
        ],
        [
          1.5277695711466235,
          42.50570713778644
        ],
        [
          1.5274093631033578,
          42.505418660208754
        ],
        [
          1.528199608745552,
          42.50565058651755
        ],
        [
          1.5279804061991824,
          42.50519431348385
        ],
        [
          1.5279283,
          42.5048785
        ]
      ],
      "emotions": [
        "green",
        "green",
        "green",
        "green",
        "green",
        "green",
        "green",
        "green",
        "green",
        "green",
        "red",
        "red",
        "red",
        "red",
        "red",
        "green",
        "green",
        "green",
        "green",
        "green",
        "red",
        "red",
        "red",
        "red",
        "red",
        "green",
        "green",
        "green",
        "green",
        "green",
        "purple",
        "purple"
      ],
      "mood_vectors": [
        [
          0.15098856320209572,
          0.2536666578368868,
          0.23149387367335164,
          0.0214112530728982,
          0.05778453720319399,
          0.1823193134962074,
          0.10233580151536631
        ],
        [
          0.022207776968192622,
          0.2176554956068124,
          0.1976571702197372,
          0.133885105542764,
          0.21208287245940616,
          0.1585929263114955,
          0.05791865289159214
        ],
        [
          0.08741651405462987,
          0.22389896169028947,
          0.2316874207696342,
          0.05909142867227513,
          0.17549865236805692,
          0.10375996459907368,
          0.11864705784604075
        ],
        [
          0.19224306140899808,
          0.11674931987654955,
          0.18414990778473098,
          0.1472201340948632,
          0.05605270190750207,
          0.026240325662351845,
          0.2773445492650043
        ],
        [
          0.13450446703897612,
          0.2379576874841696,
          0.10999991288058371,
          0.23943704756147502,
          0.04691443725940984,
          0.18729498567709563,
          0.04389146209829006
        ],
        [
          0.056248204499448125,
          0.2285203336180032,
          0.005669450941582208,
          0.18823907313245736,
          0.25993245941261967,
          0.17907029603859,
          0.08232018235729942
        ],
        [
          0.16652219988335237,
          0.21964198390104725,
          0.12009183606651413,
          0.22921819659716186,
          0.047609687809852266,
          0.0603548799025822,
          0.15656121583948981
        ],
        [
          0.028723125668321407,
          0.09388650910152699,
          0.01160281374724203,
          0.2989818273735118,
          0.1309362986807256,
          0.14801178550676578,
          0.2878576399219064
        ],
        [
          0.18479426406016033,
          0.08247552453370338,
          0.2048502521015915,
          0.04305910420239313,
          0.13239232173865792,
          0.19217814209762335,
          0.16025039126587037
        ],
        [
          0.10776762241509737,
          0.19714504521926104,
          0.2383065903111152,
          0.030851457835079945,
          0.129612530220089,
          0.11255840309690697,
          0.1837583509024505
        ],
        [
          0.09581238738075595,
          0.140402837147167,
          0.023291024386682402,
          0.25461790321655736,
          0.162942583208995,
          0.19947271666010136,
          0.12346054799974086
        ],
        [
          0.2166368700768023,
          0.05095598473698557,
          0.21567142775139084,
          0.16210357289959618,
          0.1715500213585704,
          0.06612745322199916,
          0.11695466995465553
        ],
        [
          0.14676965593496016,
          0.17555194649882075,
          0.1371270425537425,
          0.11013031604807767,
          0.06552553539576607,
          0.17476461306661487,
          0.1901308905020179
        ],
        [
          0.169640637568824,
          0.156817250996757,
          0.20378539536170187,
          0.20690666390543797,
          0.04799792508447493,
          0.19897427192481615,
          0.015877855157988157
        ],
        [
          0.09646904112528587,
          0.26795608340939975,
          0.2083471628193699,
          0.14736256224301617,
          0.049874266629467034,
          0.12057722350692893,
          0.10941366026653228
        ],
        [
          0.14814237435229552,
          0.11974028114441976,
          0.11079941132437435,
          0.12525463688557034,
          0.20805565066414972,
          0.23569262786075654,
          0.05231501776843377
        ],
        [
          0.10866041064893998,
          0.037286437567519114,
          0.16710167584298552,
          0.19210992970383964,
          0.21486495445890813,
          0.06299513014945639,
          0.21698146162835116
        ],
        [
          0.17576330263986858,
          0.094586060664289,
          0.1644158507714773,
          0.005443331328303413,
          0.18571615675590386,
          0.16372420915620967,
          0.21035108868394828
        ],
        [
          0.027842978105203687,
          0.25536894194089227,
          0.1871428342279068,
          0.1132379592253535,
          0.2976919218844525,
          0.08099899322895159,
          0.03771637138723973
        ],
        [
          0.13811826725310866,
          0.035879590217912434,
          0.19784417743230098,
          0.33218715991237896,
          0.032962665063655826,
          0.24472772622952713,
          0.01828041389111593
        ],
        [
          0.15664091451378184,
          0.1545568164125051,
          0.20969250245223586,
          0.15837976487873764,
          0.15618054190131897,
          0.16371513268036395,
          0.0008343271610565808
        ],
        [
          0.05409197321259921,
          0.19331808131022907,
          0.06564328116316961,
          0.15661976372369157,
          0.19854638834481014,
          0.10729389111561927,
          0.2244866211298811
        ],
        [
          0.048159789946587456,
          0.19131980387453365,
          0.08654645708015567,
          0.08503290951760258,
          0.21310377829174582,
          0.23465194193871322,
          0.14118531935066156
        ],
        [
          0.1058581310138032,
          0.06312197196918748,
          0.1023956246842826,
          0.2137115656722269,
          0.18470572075796923,
          0.2670645726768643,
          0.06314241322566622
        ],
        [
          0.16767349876970528,
          0.10117052579340083,
          0.19637866303910972,
          0.08901951927388142,
          0.20091753935435244,
          0.023732927464637607,
          0.2211073263049127
        ],
        [
          0.019274878037300335,
          0.10872296330414086,
          0.19816723828429547,
          0.0015913320137172279,
          0.2104456916469938,
          0.210710152524826,
          0.2510877441887262
        ],
        [
          0.05836286171813367,
          0.09445425608760313,
          0.09686331162988819,
          0.13228737438338994,
          0.30372363668977254,
          0.10580965874461719,
          0.20849890074659527
        ],
        [
          0.0013035475788109577,
          0.2503286744862496,
          0.14612194189066466,
          0.14411746851002252,
          0.1762180659860479,
          0.10657435523914173,
          0.17533594630906255
        ],
        [
          0.26635775313937754,
          0.022263685264976983,
          0.1713105318935283,
          0.2998150759423377,
          0.07591337703785166,
          0.12371567324423509,
          0.040623903477692715
        ],
        [
          0.08923490373333626,
          0.03986545979316964,
          0.03946942451653464,
          0.0212478040347372,
          0.050636439286298254,
          0.3199205110007839,
          0.43962545763514016
        ],
        [
          0.1763239743244854,
          0.07180807246976138,
          0.01814239310150842,
          0.24668715262078036,
          0.2488551801748664,
          0.05089641086621389,
          0.1872868164423841
        ],
        [
          0.14585199859795267,
          0.14272501889369466,
          0.21827975687060525,
          0.13721065506182223,
          0.14124770948126625,
          0.021710162065785143,
          0.19297469902887385
        ]
      ],
      "timestamps": [
        55,
        56,
        57,
        58,
        59,
        60,
        61,
        62,
        63,
        64,
        65,
        66,
        67,
        68,
        69,
        70,
        71,
        72,
        73,
        74,
        75,
        76,
        77,
        78,
        79,
        80,
        81,
        82,
        83,
        84,
        85,
        86
      ],
      "distance": 1079
    },
    {
      "trip_id": 2,
      "transport_method": "stopped",
      "start_time": 87,
      "path": [
        [
          1.5279283,
          42.5048785
        ],
        [
          1.5279283,
          42.5048785
        ],
        [
          1.5279283,
          42.5048785
        ],
        [
          1.5279283,
          42.5048785
        ],
        [
          1.5279283,
          42.5048785
        ]
      ],
      "emotions": [
        "purple",
        "purple",
        "purple",
        "red",
        "red"
      ],
      "mood_vectors": [
        [
          0.27447694269066,
          0.056118186166357026,
          0.23953008013869373,
          0.1750001068452627,
          5.229348415987481e-05,
          0.09627978418501515,
          0.15854260648985152
        ],
        [
          0.1417228856109157,
          0.23304655628672236,
          0.15458408526471587,
          0.04294420169704234,
          0.20674985709883034,
          0.1298958282598118,
          0.09105658578196159
        ],
        [
          0.16933634876898174,
          0.056224916791914506,
          0.20766015482501363,
          0.09123634690877304,
          0.08403276424170172,
          0.23817629594854225,
          0.15333317251507314
        ],
        [
          0.024597378554636007,
          0.159847325431029,
          0.27679129897560173,
          0.27111863492201305,
          0.03371389133323334,
          0.12301560754906092,
          0.11091586323442594
        ],
        [
          0.08297974729785368,
          0.24311628695970597,
          0.03934649163236133,
          0.20058007387355953,
          0.13124996925891155,
          0.13821902656724613,
          0.16450840441036188
        ]
      ],
      "timestamps": [
        87,
        88,
        89,
        90,
        91
      ]
    },
    {
      "trip_id": 3,
      "transport_method": "car",
      "start_time": 92,
      "path": [
        [
          1.5280922999999997,
          42.505191
        ],
        [
          1.5278964773609962,
          42.5053002810966
        ],
        [
          1.527678536757988,
          42.505316344925426
        ],
        [
          1.5280122812849108,
          42.505347268799085
        ],
        [
          1.528256339885337,
          42.50549240834913
        ],
        [
          1.528060264576754,
          42.50560965556588
        ],
        [
          1.527697744418125,
          42.505503168906124
        ],
        [
          1.527482800000001,
          42.50539359999999
        ]
      ],
      "emotions": [
        "green",
        "green",
        "green",
        "purple",
        "purple",
        "purple",
        "purple",
        "purple"
      ],
      "mood_vectors": [
        [
          0.1326029327994262,
          0.25691509161141657,
          0.1253861208716119,
          0.16207760161942178,
          0.04133508369647907,
          0.027586128118368216,
          0.25409704128327626
        ],
        [
          0.07857817047687124,
          0.3320204730327654,
          0.1534903265434289,
          0.021559774919923162,
          0.13203048903956635,
          0.013101741736904048,
          0.2692190242505409
        ],
        [
          0.06111109018949834,
          0.22414763975278604,
          0.09967276785321608,
          0.05386189427909206,
          0.24143808776292427,
          0.1855406322172086,
          0.13422788794527465
        ],
        [
          0.1535191262711153,
          0.04601141281686904,
          0.19409835952416377,
          0.2196672012084193,
          0.1609075829029298,
          0.00910028778510827,
          0.21669602949139458
        ],
        [
          0.12960752984744872,
          0.17452821197070406,
          0.17457922372335039,
          0.17676533568312228,
          0.13782733528847327,
          0.036477220563007576,
          0.17021514292389375
        ],
        [
          0.16330186783246,
          0.11011707321094871,
          0.12781143227062974,
          0.1593129960266891,
          0.12677234989241917,
          0.1608338553455325,
          0.15185042542132082
        ],
        [
          0.21752657823414542,
          0.13525422842456938,
          0.22240990217721018,
          0.20345457905654366,
          0.010117864944542126,
          0.05121936581343989,
          0.1600174813495494
        ],
        [
          0.18007346789856934,
          0.05794829978529005,
          0.07117458715159805,
          0.16503904178264897,
          0.06909213065101366,
          0.40334509236362337,
          0.053327380367256524
        ]
      ],
      "timestamps": [
        92,
        93,
        94,
        95,
        96,
        97,
        98,
        99
      ],
      "distance": 618.8
    }
  ],
  "conversation": [
    "This isn't what I pictured Andorra la Vella to look like.",
    "Need a break.",
    "Need to hit the farmer's market on Sunday."
  ],
  "conversation_timestamps": [
    24,
    50,
    81
  ]
}
