{"agent_id": "agent-green-1317", "type": "green", "trips": [{"trip_id": 0, "transport_method": "car", "start_time": 0, "path": [[1.5387668, 42.5095006], [1.5393891, 42.5094714], [1.5382808, 42.5094106], [1.5376144, 42.5087878], [1.5365086, 42.5086908], [1.5354038, 42.508584], [1.5342968, 42.5085023], [1.5331991, 42.5084085], [1.5323206, 42.5079867], [1.5319096, 42.5074478], [1.5311968, 42.5071289], [1.5302219, 42.5066084], [1.5293121, 42.5059726], [1.5282743, 42.5056075], [1.5272079, 42.5053211], [1.5261012, 42.5053269], [1.5250119, 42.5051131], [1.52392, 42.5049141], [1.5228251, 42.5047517], [1.5217697, 42.5046859], [1.520761, 42.5042226], [1.5199519, 42.5038406], [1.5209782, 42.5042634], [1.5219781, 42.5047157], [1.5212169, 42.5045097], [1.5201762, 42.5041235], [1.5191539, 42.5037054], [1.5181159, 42.5036587], [1.5170117, 42.5037411], [1.5159771, 42.5033855], [1.5150591, 42.5027631], [1.5140398, 42.502386], [1.5132528, 42.5016277], [1.5124399, 42.5010938], [1.5117732, 42.5002063], [1.5110869, 42.499334], [1.5103953, 42.4984659], [1.5094572, 42.4978878], [1.5084589, 42.4974026], [1.5074401, 42.4969644], [1.5063952, 42.49659], [1.5053424, 42.4962384], [1.5043394, 42.4957704], [1.5033068, 42.4953753], [1.502297, 42.4949173], [1.5012908, 42.4944487], [1.5004686, 42.4938083], [1.4996233, 42.4930926], [1.4986668, 42.4925339], [1.4976909, 42.4920054], [1.4967591, 42.4914027], [1.4962848, 42.4904977], [1.4958423, 42.489526], [1.495119, 42.4886839], [1.4946584, 42.4877132], [1.4946371, 42.4866278], [1.4939448, 42.4857797], [1.4930303, 42.4851589], [1.4920511, 42.4847742], [1.4910666, 42.4843442], [1.4905548, 42.4833704], [1.4900383, 42.4823967], [1.4895396, 42.4814105], [1.4894064, 42.4803094], [1.4895175, 42.4792235], [1.4900756, 42.4782679], [1.4905756, 42.4772789], [1.4907559, 42.4762721], [1.4908359, 42.4751764], [1.4913779, 42.4742335], [1.4909752, 42.4746033], [1.4913102, 42.4744873], [1.4921022, 42.4737328], [1.4926854, 42.4734439], [1.4928753, 42.4732746], [1.4934009, 42.4724181], [1.4933837, 42.4714223], [1.4931935, 42.4703383], [1.4932731, 42.4692341], [1.4932531, 42.4681286]], "mood_vectors": [[0.069, 0.0706, 0.0673, 0.0389, 0.0211, 0.0276, 0.7054], [0.027, 0.0329, 0.0758, 0.0238, 0.0264, 0.0341, 0.78], [0.0467, 0.0452, 0.0216, 0.0602, 0.0717, 0.0574, 0.6972], [0.0584, 0.0645, 0.0628, 0.0653, 0.0163, 0.0287, 0.704], [0.0853, 0.0394, 0.067, 0.05, 0.0517, 0.0338, 0.6729], [0.0402, 0.0677, 0.088, 0.0673, 0.0893, 0.086, 0.5615], [0.0412, 0.067, 0.0152, 0.0728, 0.0622, 0.067, 0.6746], [0.0455, 0.0946, 0.0338, 0.0748, 0.0487, 0.0703, 0.6322], [0.1004, 0.0556, 0.0164, 0.0696, 0.0266, 0.0214, 0.71], [0.0335, 0.0895, 0.0579, 0.0208, 0.0672, 0.0821, 0.649], [0.0716, 0.043, 0.0414, 0.0532, 0.0557, 0.0801, 0.6548], [0.0255, 0.053, 0.0413, 0.0215, 0.0716, 0.0826, 0.7044], [0.0639, 0.0695, 0.0559, 0.0132, 0.0654, 0.0171, 0.7151], [0.0797, 0.0142, 0.0253, 0.0705, 0.0524, 0.0567, 0.7012], [0.0726, 0.0189, 0.0776, 0.0637, 0.0315, 0.0338, 0.7019], [0.0221, 0.0579, 0.0657, 0.0585, 0.0406, 0.0355, 0.7196], [0.0425, 0.0571, 0.0461, 0.0308, 0.0134, 0.0872, 0.723], [0.0594, 0.0735, 0.0347, 0.0802, 0.0436, 0.0325, 0.6762], [0.0326, 0.0597, 0.0497, 0.0772, 0.0211, 0.0261, 0.7336], [0.0337, 0.0187, 0.0525, 0.0902, 0.0881, 0.0159, 0.7008], [0.02, 0.054, 0.0729, 0.0697, 0.0151, 0.0551, 0.7131], [0.061, 0.0344, 0.0604, 0.0376, 0.0539, 0.0608, 0.692], [0.0193, 0.0499, 0.0672, 0.056, 0.071, 0.0395, 0.697], [0.0756, 0.0249, 0.0581, 0.0647, 0.057, 0.0532, 0.6665], [0.0182, 0.0712, 0.0537, 0.0383, 0.0648, 0.0266, 0.7272], [0.0542, 0.0443, 0.048, 0.0419, 0.029, 0.0677, 0.715], [0.0495, 0.0747, 0.0711, 0.0207, 0.0343, 0.0657, 0.684], [0.0551, 0.0182, 0.0616, 0.0282, 0.0581, 0.022, 0.7568], [0.045, 0.0896, 0.0183, 0.0819, 0.0442, 0.0149, 0.7062], [0.0308, 0.043, 0.0223, 0.0339, 0.061, 0.0394, 0.7696], [0.0127, 0.0716, 0.0612, 0.0691, 0.0745, 0.0641, 0.6469], [0.0545, 0.0344, 0.0578, 0.0169, 0.0345, 0.0187, 0.7831], [0.0396, 0.0328, 0.0797, 0.0389, 0.0574, 0.0766, 0.6751], [0.0734, 0.0464, 0.0176, 0.0631, 0.0444, 0.0234, 0.7317], [0.0442, 0.0322, 0.0437, 0.047, 0.057, 0.049, 0.727], [0.076, 0.0578, 0.0376, 0.0928, 0.0272, 0.0258, 0.6828], [0.0261, 0.0153, 0.077, 0.0166, 0.043, 0.0847, 0.7374], [0.071, 0.0412, 0.0241, 0.1039, 0.0171, 0.0594, 0.6833], [0.0355, 0.0169, 0.0448, 0.0575, 0.0445, 0.035, 0.7659], [0.0625, 0.0633, 0.0777, 0.081, 0.0246, 0.0371, 0.6538], [0.0813, 0.0318, 0.0669, 0.0312, 0.0268, 0.0175, 0.7446], [0.0423, 0.0883, 0.0244, 0.0822, 0.0498, 0.0225, 0.6904], [0.0362, 0.0855, 0.055, 0.0802, 0.0176, 0.0789, 0.6465], [0.0356, 0.0729, 0.0584, 0.0166, 0.0402, 0.0268, 0.7495], [0.0907, 0.025, 0.0464, 0.0677, 0.0718, 0.0559, 0.6426], [0.0391, 0.0808, 0.0847, 0.0305, 0.0513, 0.0991, 0.6146], [0.0584, 0.0776, 0.0429, 0.0541, 0.0168, 0.0495, 0.7006], [0.0657, 0.0226, 0.024, 0.0721, 0.0456, 0.066, 0.704], [0.0717, 0.0177, 0.0326, 0.0247, 0.0833, 0.0339, 0.7362], [0.0325, 0.0459, 0.0576, 0.0469, 0.034, 0.0223, 0.7607], [0.0574, 0.0554, 0.0776, 0.0733, 0.0849, 0.0587, 0.5927], [0.0677, 0.0704, 0.0581, 0.0349, 0.0557, 0.0472, 0.666], [0.0599, 0.0717, 0.0349, 0.0413, 0.0596, 0.0596, 0.673], [0.0751, 0.0897, 0.0834, 0.0465, 0.0265, 0.0321, 0.6466], [0.0311, 0.066, 0.0248, 0.0163, 0.0325, 0.0797, 0.7497], [0.0372, 0.0827, 0.0589, 0.089, 0.0728, 0.0748, 0.5846], [0.0324, 0.0552, 0.043, 0.065, 0.0355, 0.0551, 0.7139], [0.0603, 0.0501, 0.0411, 0.0641, 0.053, 0.0417, 0.6896], [0.0737, 0.0161, 0.0303, 0.0704, 0.0346, 0.0594, 0.7154], [0.0569, 0.0753, 0.0643, 0.0502, 0.042, 0.0603, 0.651], [0.0337, 0.0294, 0.0381, 0.0413, 0.0398, 0.0849, 0.7328], [0.0368, 0.0207, 0.0338, 0.0807, 0.0443, 0.0499, 0.7338], [0.0913, 0.0436, 0.0181, 0.054, 0.0313, 0.0457, 0.716], [0.0781, 0.059, 0.0622, 0.067, 0.0694, 0.0423, 0.622], [0.0661, 0.0159, 0.037, 0.073, 0.0564, 0.0604, 0.6911], [0.0476, 0.0927, 0.0609, 0.0655, 0.0561, 0.0192, 0.6581], [0.0892, 0.0547, 0.0525, 0.0372, 0.0273, 0.0201, 0.719], [0.06, 0.064, 0.0666, 0.0309, 0.0523, 0.0688, 0.6574], [0.0483, 0.0636, 0.0124, 0.0655, 0.0693, 0.0159, 0.7251], [0.0305, 0.0696, 0.0229, 0.082, 0.0213, 0.022, 0.7517], [0.0835, 0.0689, 0.0741, 0.0399, 0.0278, 0.0373, 0.6686], [0.0914, 0.0479, 0.0744, 0.0204, 0.0614, 0.0386, 0.6659], [0.0886, 0.0518, 0.0436, 0.0314, 0.0803, 0.0801, 0.6242], [0.0431, 0.0524, 0.0896, 0.0719, 0.0216, 0.0855, 0.636], [0.0782, 0.0152, 0.0706, 0.0521, 0.0352, 0.0759, 0.6728], [0.0504, 0.0473, 0.0581, 0.0379, 0.0429, 0.0731, 0.6903], [0.0298, 0.0179, 0.0361, 0.0388, 0.0504, 0.0757, 0.7512], [0.0642, 0.0643, 0.065, 0.0412, 0.0331, 0.0519, 0.6803], [0.0532, 0.0818, 0.0783, 0.0517, 0.043, 0.0505, 0.6416], [0.0717, 0.0603, 0.0792, 0.0281, 0.0612, 0.0253, 0.6743]], "emotions": ["purple", "purple", "purple", "purple", "purple", "purple", "purple", "purple", "purple", "purple", "purple", "purple", "purple", "purple", "purple", "purple", "purple", "purple", "purple", "purple", "purple", "purple", "purple", "purple", "purple", "purple", "purple", "purple", "purple", "purple", "purple", "purple", "purple", "purple", "purple", "purple", "purple", "purple", "purple", "purple", "purple", "purple", "purple", "purple", "purple", "purple", "purple", "purple", "purple", "purple", "purple", "purple", "purple", "purple", "purple", "purple", "purple", "purple", "purple", "purple", "purple", "purple", "purple", "purple", "purple", "purple", "purple", "purple", "purple", "purple", "purple", "purple", "purple", "purple", "purple", "purple", "purple", "purple", "purple", "purple"], "timestamps": [0, 40, 80, 120, 160, 200, 240, 280, 320, 360, 400, 440, 480, 520, 560, 600, 640, 680, 720, 760, 800, 840, 880, 920, 960, 1000, 1040, 1080, 1120, 1160, 1200, 1240, 1280, 1320, 1360, 1400, 1440, 1480, 1520, 1560, 1600, 1640, 1680, 1720, 1760, 1800, 1840, 1880, 1920, 1960, 2000, 2040, 2080, 2120, 2160, 2200, 2240, 2280, 2320, 2360, 2400, 2440, 2480, 2520, 2560, 2600, 2640, 2680, 2720, 2760, 2800, 2840, 2880, 2920, 2960, 3000, 3040, 3080, 3120, 3160]}], "conversation": [], "conversation_timestamps": []}