{"agent_id": "agent-orange-1223", "type": "orange", "trips": [{"trip_id": 0, "transport_method": "foot", "start_time": 0, "path": [[1.5211021, 42.5082539], [1.5211851, 42.5083595], [1.5212681, 42.5084651], [1.52134, 42.5085585], [1.5212425, 42.5084661], [1.521145, 42.5083737], [1.5210475, 42.5082812], [1.52095, 42.5081888], [1.5208526, 42.5080964], [1.5207551, 42.508004], [1.5206576, 42.5079116], [1.5205601, 42.5078191], [1.5204626, 42.5077267], [1.5203651, 42.5076343], [1.5202677, 42.5075419], [1.5201509, 42.507606], [1.5200546, 42.5076931], [1.5200934, 42.5078201], [1.520172, 42.5079287], [1.5202756, 42.5080105], [1.5203949, 42.5080722], [1.5205142, 42.5081339], [1.5206336, 42.5081957], [1.5207529, 42.5082574], [1.5208722, 42.5083191], [1.5209915, 42.5083808], [1.5211108, 42.5084425], [1.5212301, 42.5085043], [1.521344, 42.5085609], [1.5212751, 42.5084456], [1.5212061, 42.5083303], [1.5211371, 42.5082151], [1.5210682, 42.5080998], [1.5209992, 42.5079845], [1.5209302, 42.5078692], [1.5208613, 42.507754], [1.5207923, 42.5076387], [1.5207233, 42.5075234], [1.5206544, 42.5074081], [1.5205854, 42.5072929], [1.5206363, 42.5072278], [1.5207698, 42.5072184], [1.5208718, 42.5071324], [1.5209705, 42.5070413], [1.5210753, 42.5069576], [1.5211837, 42.5068783], [1.5212922, 42.506799], [1.5214006, 42.5067197], [1.521509, 42.5066404], [1.5214856, 42.5066046], [1.5213706, 42.5066605], [1.5212753, 42.506755], [1.5211776, 42.5068471], [1.5210798, 42.5069392], [1.5210312, 42.5069829], [1.5211251, 42.5068869], [1.521219, 42.5067908], [1.5213129, 42.5066948], [1.5214069, 42.5065987], [1.5215008, 42.5065027], [1.5215947, 42.5064067], [1.5216886, 42.5063106], [1.5217969, 42.5062598], [1.5219291, 42.5062838], [1.5220613, 42.5063078], [1.5221934, 42.5063318], [1.5223256, 42.5063558], [1.5224578, 42.5063798], [1.5225899, 42.5064039], [1.5226522, 42.5062915], [1.5227099, 42.5061702], [1.5227676, 42.5060489], [1.5228253, 42.5059276], [1.522883, 42.5058063], [1.5229407, 42.505685], [1.5229977, 42.5055634], [1.5230537, 42.5054413], [1.5231097, 42.5053191], [1.5231656, 42.505197], [1.5232022, 42.505068]], "mood_vectors": [[0.0882, 0.0437, 0.0623, 0.0143, 0.7421, 0.0192, 0.0301], [0.0161, 0.062, 0.0319, 0.0366, 0.6998, 0.0811, 0.0725], [0.0738, 0.0649, 0.0466, 0.0652, 0.6815, 0.0476, 0.0205], [0.0327, 0.0698, 0.0813, 0.0123, 0.7248, 0.0209, 0.0583], [0.0191, 0.0457, 0.0619, 0.0367, 0.7391, 0.0386, 0.0589], [0.0869, 0.0254, 0.0286, 0.0815, 0.6866, 0.0591, 0.032], [0.0835, 0.0563, 0.0152, 0.0618, 0.6771, 0.06, 0.0461], [0.0545, 0.061, 0.0393, 0.0298, 0.7561, 0.0424, 0.017], [0.0678, 0.0439, 0.0585, 0.0628, 0.6958, 0.018, 0.0531], [0.077, 0.0667, 0.047, 0.0129, 0.7015, 0.0664, 0.0285], [0.0153, 0.068, 0.0486, 0.0813, 0.7081, 0.0299, 0.0488], [0.0433, 0.0612, 0.0267, 0.0642, 0.7152, 0.0163, 0.0731], [0.02, 0.0301, 0.0334, 0.0378, 0.8251, 0.0336, 0.02], [0.0547, 0.017, 0.0727, 0.0144, 0.7051, 0.0572, 0.0788], [0.0732, 0.0439, 0.0119, 0.022, 0.7271, 0.0432, 0.0787], [0.0556, 0.0176, 0.0258, 0.0508, 0.7989, 0.02, 0.0312], [0.0203, 0.0325, 0.05, 0.0369, 0.7415, 0.0382, 0.0807], [0.0449, 0.0239, 0.0269, 0.0368, 0.6832, 0.0806, 0.1036], [0.0584, 0.0438, 0.026, 0.0658, 0.7349, 0.0415, 0.0296], [0.0247, 0.0469, 0.0714, 0.0652, 0.6771, 0.0707, 0.044], [0.0718, 0.0546, 0.0756, 0.0401, 0.7119, 0.0308, 0.0153], [0.035, 0.0675, 0.0621, 0.0233, 0.6784, 0.0586, 0.0752], [0.0594, 0.0192, 0.0716, 0.033, 0.7346, 0.0139, 0.0683], [0.0766, 0.0776, 0.0621, 0.0626, 0.6449, 0.0268, 0.0494], [0.0745, 0.0429, 0.0372, 0.0413, 0.7019, 0.0808, 0.0213], [0.0826, 0.0397, 0.0496, 0.0334, 0.6735, 0.0881, 0.0331], [0.0168, 0.0271, 0.0287, 0.0269, 0.8443, 0.0157, 0.0404], [0.0706, 0.0743, 0.0801, 0.035, 0.6935, 0.0141, 0.0324], [0.0671, 0.0235, 0.046, 0.0574, 0.7446, 0.0272, 0.0342], [0.0748, 0.0726, 0.0348, 0.0813, 0.5894, 0.0676, 0.0795], [0.0408, 0.0714, 0.0418, 0.0725, 0.7314, 0.025, 0.0172], [0.0336, 0.082, 0.021, 0.0503, 0.7021, 0.0804, 0.0307], [0.0261, 0.0549, 0.0226, 0.0564, 0.709, 0.0446, 0.0864], [0.0743, 0.0542, 0.0176, 0.0529, 0.717, 0.0262, 0.0578], [0.0215, 0.0546, 0.04, 0.0286, 0.7538, 0.0864, 0.0151], [0.0481, 0.0257, 0.0459, 0.0624, 0.7589, 0.037, 0.0221], [0.0188, 0.0355, 0.0693, 0.0579, 0.7561, 0.0195, 0.0428], [0.0576, 0.054, 0.0346, 0.0154, 0.7797, 0.0205, 0.0382], [0.0877, 0.0164, 0.0754, 0.0439, 0.7175, 0.0419, 0.0173], [0.0626, 0.0562, 0.0455, 0.0577, 0.6132, 0.0807, 0.0841], [0.0492, 0.074, 0.0406, 0.0736, 0.6425, 0.0753, 0.0447], [0.0834, 0.0658, 0.0728, 0.0742, 0.6033, 0.0176, 0.0828], [0.0753, 0.0314, 0.0293, 0.0394, 0.6971, 0.0604, 0.0671], [0.0254, 0.042, 0.0626, 0.0529, 0.6937, 0.042, 0.0814], [0.0833, 0.0216, 0.0613, 0.0801, 0.6958, 0.0124, 0.0456], [0.0435, 0.0161, 0.0316, 0.0189, 0.8359, 0.0311, 0.0229], [0.0882, 0.0514, 0.0345, 0.0597, 0.6688, 0.0607, 0.0367], [0.0153, 0.0374, 0.0244, 0.0658, 0.7725, 0.0683, 0.0162], [0.0753, 0.0457, 0.0348, 0.0657, 0.7255, 0.0235, 0.0296], [0.0546, 0.0704, 0.0839, 0.0152, 0.7244, 0.0374, 0.014], [0.0439, 0.0319, 0.0282, 0.0776, 0.7109, 0.0628, 0.0447], [0.0572, 0.0401, 0.0677, 0.0594, 0.6827, 0.0508, 0.0422], [0.0742, 0.0589, 0.0521, 0.0409, 0.6129, 0.0821, 0.0789], [0.0774, 0.0689, 0.0323, 0.0861, 0.6784, 0.0347, 0.0222], [0.0626, 0.0605, 0.0514, 0.0288, 0.6957, 0.0651, 0.0358], [0.0454, 0.0528, 0.0186, 0.0171, 0.8191, 0.0287, 0.0183], [0.0434, 0.0217, 0.0288, 0.0284, 0.7622, 0.0519, 0.0635], [0.082, 0.0365, 0.0683, 0.0694, 0.6616, 0.0193, 0.0629], [0.076, 0.0186, 0.0218, 0.0287, 0.7699, 0.0668, 0.0183], [0.0462, 0.0554, 0.0563, 0.0533, 0.665, 0.0658, 0.0579], [0.0335, 0.0647, 0.0146, 0.0318, 0.7357, 0.0498, 0.07], [0.0339, 0.0468, 0.0904, 0.0235, 0.6587, 0.0884, 0.0582], [0.079, 0.0529, 0.0718, 0.0284, 0.6605, 0.0912, 0.0162], [0.0368, 0.0642, 0.0795, 0.0274, 0.659, 0.0562, 0.0769], [0.0497, 0.0549, 0.0611, 0.0196, 0.703, 0.0679, 0.0438], [0.083, 0.0788, 0.0484, 0.0546, 0.6073, 0.0477, 0.0803], [0.0814, 0.0771, 0.0265, 0.0395, 0.6555, 0.04, 0.0799], [0.0123, 0.0338, 0.0276, 0.0533, 0.7709, 0.0675, 0.0347], [0.0596, 0.0232, 0.012, 0.0608, 0.6934, 0.0743, 0.0767], [0.0687, 0.0662, 0.0173, 0.0595, 0.6905, 0.0232, 0.0747], [0.0732, 0.0763, 0.0331, 0.0621, 0.7033, 0.0247, 0.0273], [0.0589, 0.0649, 0.0681, 0.0244, 0.698, 0.0249, 0.0609], [0.078, 0.0407, 0.071, 0.0623, 0.6001, 0.0645, 0.0834], [0.0365, 0.0396, 0.0694, 0.079, 0.6639, 0.0694, 0.0423], [0.0653, 0.0674, 0.0223, 0.0615, 0.7102, 0.047, 0.0262], [0.0753, 0.0196, 0.0832, 0.0506, 0.6531, 0.0518, 0.0666], [0.0318, 0.0296, 0.057, 0.0323, 0.7858, 0.0263, 0.0372], [0.0324, 0.0573, 0.0358, 0.031, 0.7331, 0.0688, 0.0416], [0.0515, 0.0573, 0.0595, 0.0475, 0.6612, 0.0774, 0.0456], [0.0184, 0.0732, 0.0513, 0.0257, 0.7183, 0.0837, 0.0295]], "emotions": ["red", "red", "red", "red", "red", "red", "red", "red", "red", "red", "red", "red", "red", "red", "red", "red", "red", "red", "red", "red", "red", "red", "red", "red", "red", "red", "red", "red", "red", "red", "red", "red", "red", "red", "red", "red", "red", "red", "red", "red", "red", "red", "red", "red", "red", "red", "red", "red", "red", "red", "red", "red", "red", "red", "red", "red", "red", "red", "red", "red", "red", "red", "red", "red", "red", "red", "red", "red", "red", "red", "red", "red", "red", "red", "red", "red", "red", "red", "red", "red"], "timestamps": [0, 40, 80, 120, 160, 200, 240, 280, 320, 360, 400, 440, 480, 520, 560, 600, 640, 680, 720, 760, 800, 840, 880, 920, 960, 1000, 1040, 1080, 1120, 1160, 1200, 1240, 1280, 1320, 1360, 1400, 1440, 1480, 1520, 1560, 1600, 1640, 1680, 1720, 1760, 1800, 1840, 1880, 1920, 1960, 2000, 2040, 2080, 2120, 2160, 2200, 2240, 2280, 2320, 2360, 2400, 2440, 2480, 2520, 2560, 2600, 2640, 2680, 2720, 2760, 2800, 2840, 2880, 2920, 2960, 3000, 3040, 3080, 3120, 3160]}], "conversation": [], "conversation_timestamps": []}