{"agent_id": "agent-orange-1043", "type": "orange", "trips": [{"trip_id": 0, "transport_method": "car", "start_time": 0, "path": [[1.5337639, 42.5089109], [1.5339852, 42.5091508], [1.5339291, 42.5093893], [1.5337883, 42.5096774], [1.533497, 42.5097841], [1.5331815, 42.5097005], [1.5328589, 42.5096535], [1.532535, 42.5096143], [1.5322189, 42.5095357], [1.5319126, 42.5094228], [1.5316064, 42.50931], [1.5312981, 42.5092035], [1.5309943, 42.5090841], [1.5307945, 42.5088993], [1.5305482, 42.5088863], [1.5302449, 42.5088241], [1.5299542, 42.5086756], [1.5296377, 42.5086129], [1.529328, 42.5087152], [1.5290186, 42.5088193], [1.5287057, 42.5088483], [1.5283935, 42.5087579], [1.5280983, 42.5086186], [1.5277981, 42.5084903], [1.5274934, 42.5083746], [1.5271676, 42.5083605], [1.5268412, 42.5083549], [1.5265157, 42.5083313], [1.5261943, 42.5082741], [1.525874, 42.5082135], [1.5255646, 42.5081181], [1.5252541, 42.5080176], [1.5249408, 42.5079263], [1.5246248, 42.5078445], [1.5243039, 42.5077843], [1.523978, 42.5077743], [1.5236521, 42.5077925], [1.5233267, 42.5078179], [1.5230214, 42.5077804], [1.5226961, 42.5077521], [1.5223709, 42.5077238], [1.5220546, 42.5077313], [1.521811, 42.507572], [1.5215124, 42.5075216], [1.5211861, 42.5075113], [1.5208597, 42.5075011], [1.520541, 42.5074553], [1.5202277, 42.5074008], [1.5199022, 42.5074261], [1.5196091, 42.5073146], [1.5193245, 42.507155], [1.5190338, 42.5070076], [1.5188276, 42.5067914], [1.5185312, 42.5068725], [1.518226, 42.5067582], [1.5179255, 42.5066371], [1.5176032, 42.5065871], [1.5172785, 42.5065531], [1.5169534, 42.5065229], [1.5166283, 42.5064928], [1.5163032, 42.5064624], [1.5159863, 42.5063895], [1.5156792, 42.5062788], [1.5153721, 42.506168], [1.515065, 42.5060573], [1.5147578, 42.5059465], [1.5144507, 42.5058358], [1.5146, 42.5060656], [1.5148322, 42.5062746], [1.5151523, 42.5063383], [1.5154785, 42.5063524], [1.5158048, 42.5063646], [1.5160258, 42.5064006], [1.5157259, 42.5062715], [1.5154261, 42.5061424], [1.5151262, 42.5060133], [1.5148263, 42.5058842], [1.5145264, 42.5057551], [1.5142295, 42.5056222], [1.5140693, 42.5053393]], "mood_vectors": [[0.064, 0.0136, 0.0589, 0.0719, 0.6844, 0.0506, 0.0565], [0.0413, 0.02, 0.0652, 0.0342, 0.7514, 0.0344, 0.0535], [0.0367, 0.0427, 0.0671, 0.0398, 0.7476, 0.0373, 0.029], [0.0219, 0.0461, 0.0413, 0.0424, 0.7522, 0.0231, 0.0729], [0.0536, 0.0583, 0.0297, 0.0363, 0.6935, 0.0887, 0.0399], [0.0571, 0.0441, 0.0693, 0.0295, 0.6804, 0.0532, 0.0663], [0.024, 0.0473, 0.053, 0.0477, 0.7677, 0.0299, 0.0304], [0.0668, 0.0633, 0.0602, 0.0344, 0.6909, 0.0121, 0.0723], [0.0356, 0.0837, 0.0289, 0.0133, 0.7543, 0.0616, 0.0226], [0.0517, 0.0245, 0.0498, 0.0679, 0.6951, 0.0547, 0.0563], [0.0461, 0.0208, 0.0989, 0.0238, 0.6693, 0.0429, 0.0981], [0.0351, 0.0648, 0.0666, 0.0675, 0.6882, 0.0179, 0.0599], [0.0409, 0.0496, 0.0471, 0.0692, 0.7098, 0.0378, 0.0455], [0.0235, 0.0807, 0.0719, 0.031, 0.6537, 0.0525, 0.0866], [0.0701, 0.0251, 0.0534, 0.0933, 0.6473, 0.0326, 0.0782], [0.0521, 0.0725, 0.0645, 0.0924, 0.6445, 0.03, 0.044], [0.0174, 0.0282, 0.0713, 0.0533, 0.7507, 0.0421, 0.037], [0.0144, 0.058, 0.0507, 0.0149, 0.7544, 0.0354, 0.0722], [0.0827, 0.0665, 0.0323, 0.0552, 0.6543, 0.079, 0.0299], [0.0574, 0.0179, 0.0662, 0.0205, 0.7304, 0.0686, 0.039], [0.0536, 0.0535, 0.0329, 0.0192, 0.741, 0.0569, 0.0429], [0.052, 0.0751, 0.082, 0.016, 0.685, 0.0472, 0.0428], [0.0504, 0.0715, 0.0669, 0.0505, 0.6734, 0.0177, 0.0696], [0.0236, 0.0667, 0.0486, 0.0572, 0.7128, 0.0546, 0.0365], [0.0522, 0.0154, 0.0693, 0.0673, 0.7259, 0.0355, 0.0344], [0.084, 0.0373, 0.0303, 0.0828, 0.6973, 0.0436, 0.0246], [0.0471, 0.0541, 0.0571, 0.0319, 0.7099, 0.0284, 0.0714], [0.0328, 0.0151, 0.0376, 0.0902, 0.7166, 0.0647, 0.0429], [0.0363, 0.0792, 0.0265, 0.0586, 0.6952, 0.0603, 0.0439], [0.0332, 0.0775, 0.0567, 0.0939, 0.6521, 0.0705, 0.016], [0.0328, 0.06, 0.0274, 0.0206, 0.721, 0.0696, 0.0685], [0.0711, 0.0687, 0.0609, 0.0658, 0.6371, 0.0371, 0.0593], [0.0965, 0.0209, 0.0167, 0.0484, 0.6696, 0.0815, 0.0663], [0.034, 0.0565, 0.0723, 0.0381, 0.7298, 0.015, 0.0543], [0.047, 0.044, 0.0213, 0.0721, 0.7191, 0.0584, 0.0381], [0.0785, 0.0372, 0.0355, 0.0759, 0.6438, 0.055, 0.0741], [0.049, 0.0286, 0.0172, 0.0139, 0.7529, 0.0733, 0.065], [0.0597, 0.0466, 0.0541, 0.0209, 0.698, 0.088, 0.0326], [0.044, 0.0445, 0.0303, 0.0665, 0.7518, 0.0412, 0.0217], [0.0174, 0.0473, 0.0522, 0.0626, 0.7214, 0.0369, 0.0622], [0.0927, 0.0693, 0.0799, 0.0353, 0.5803, 0.0542, 0.0883], [0.0175, 0.0426, 0.0467, 0.0711, 0.7288, 0.0601, 0.0332], [0.0749, 0.0818, 0.0692, 0.0637, 0.6342, 0.0448, 0.0314], [0.04, 0.0295, 0.0641, 0.0519, 0.7859, 0.0154, 0.0131], [0.0548, 0.0818, 0.0285, 0.0143, 0.7162, 0.0514, 0.0529], [0.0714, 0.0327, 0.0733, 0.0585, 0.6183, 0.0786, 0.0672], [0.0803, 0.097, 0.0279, 0.0441, 0.6135, 0.0745, 0.0627], [0.0189, 0.0778, 0.0278, 0.0325, 0.7169, 0.0738, 0.0524], [0.0159, 0.0537, 0.0822, 0.07, 0.6636, 0.0546, 0.06], [0.0203, 0.0497, 0.056, 0.0507, 0.6823, 0.0634, 0.0776], [0.0751, 0.0161, 0.0574, 0.0423, 0.6624, 0.0745, 0.0722], [0.0638, 0.0736, 0.0481, 0.0236, 0.7151, 0.0445, 0.0312], [0.0135, 0.0755, 0.0472, 0.0194, 0.7819, 0.0317, 0.0307], [0.0492, 0.0454, 0.0716, 0.0123, 0.761, 0.0119, 0.0486], [0.0572, 0.0695, 0.0444, 0.0225, 0.7179, 0.0342, 0.0543], [0.0536, 0.0563, 0.0629, 0.0587, 0.693, 0.0582, 0.0172], [0.0221, 0.0164, 0.0321, 0.0883, 0.7522, 0.0501, 0.0389], [0.0854, 0.0761, 0.0202, 0.0761, 0.6332, 0.0494, 0.0598], [0.0913, 0.0904, 0.0443, 0.0677, 0.5923, 0.0225, 0.0915], [0.0228, 0.0538, 0.0744, 0.0357, 0.6987, 0.0448, 0.0697], [0.0779, 0.0172, 0.0699, 0.0546, 0.6626, 0.0836, 0.0342], [0.07, 0.0784, 0.014, 0.0606, 0.6984, 0.0541, 0.0245], [0.0243, 0.0644, 0.0408, 0.0754, 0.6966, 0.0563, 0.0421], [0.0935, 0.0213, 0.0307, 0.064, 0.6874, 0.0846, 0.0184], [0.0833, 0.0416, 0.0151, 0.0468, 0.716, 0.0379, 0.0593], [0.0434, 0.0639, 0.054, 0.0469, 0.7231, 0.029, 0.0397], [0.0633, 0.0363, 0.0359, 0.0398, 0.7166, 0.0388, 0.0693], [0.0648, 0.0712, 0.045, 0.0748, 0.6882, 0.0174, 0.0386], [0.0776, 0.0447, 0.042, 0.0685, 0.7274, 0.0232, 0.0166], [0.0595, 0.0959, 0.0882, 0.0544, 0.635, 0.0433, 0.0235], [0.063, 0.0169, 0.0646, 0.0731, 0.7243, 0.014, 0.0441], [0.0288, 0.0624, 0.0674, 0.0276, 0.7376, 0.033, 0.0431], [0.0226, 0.0348, 0.0631, 0.0271, 0.7461, 0.0632, 0.0431], [0.0302, 0.055, 0.0367, 0.0805, 0.6959, 0.045, 0.0566], [0.0513, 0.0414, 0.053, 0.0698, 0.708, 0.0347, 0.0418], [0.0704, 0.0222, 0.0625, 0.0355, 0.736, 0.0571, 0.0163], [0.0311, 0.0194, 0.0621, 0.0349, 0.7497, 0.0624, 0.0404], [0.0883, 0.0253, 0.0515, 0.0834, 0.6847, 0.026, 0.0408], [0.0392, 0.0431, 0.0257, 0.032, 0.7081, 0.0716, 0.0804], [0.0383, 0.0488, 0.0659, 0.0818, 0.6973, 0.0213, 0.0466]], "emotions": ["red", "red", "red", "red", "red", "red", "red", "red", "red", "red", "red", "red", "red", "red", "red", "red", "red", "red", "red", "red", "red", "red", "red", "red", "red", "red", "red", "red", "red", "red", "red", "red", "red", "red", "red", "red", "red", "red", "red", "red", "red", "red", "red", "red", "red", "red", "red", "red", "red", "red", "red", "red", "red", "red", "red", "red", "red", "red", "red", "red", "red", "red", "red", "red", "red", "red", "red", "red", "red", "red", "red", "red", "red", "red", "red", "red", "red", "red", "red", "red"], "timestamps": [0, 40, 80, 120, 160, 200, 240, 280, 320, 360, 400, 440, 480, 520, 560, 600, 640, 680, 720, 760, 800, 840, 880, 920, 960, 1000, 1040, 1080, 1120, 1160, 1200, 1240, 1280, 1320, 1360, 1400, 1440, 1480, 1520, 1560, 1600, 1640, 1680, 1720, 1760, 1800, 1840, 1880, 1920, 1960, 2000, 2040, 2080, 2120, 2160, 2200, 2240, 2280, 2320, 2360, 2400, 2440, 2480, 2520, 2560, 2600, 2640, 2680, 2720, 2760, 2800, 2840, 2880, 2920, 2960, 3000, 3040, 3080, 3120, 3160]}], "conversation": [], "conversation_timestamps": []}