{
  "agent_id": "agent-type-purple-74",
  "type": "purple",
  "trips": [
    {
      "trip_id": 0,
      "transport_method": "bicycle",
      "start_time": 0,
      "path": [
        [
          1.5184793,
          42.507102999999994
        ],
        [
          1.51832818538238,
          42.50766760040973
        ],
        [
          1.518447110148634,
          42.5081670165562
        ],
        [
          1.5189342464494189,
          42.50811349185127
        ],
        [
          1.5194605609485523,
          42.507859322029425
        ],
        [
          1.5199878949021701,
          42.50761025722915
        ],
        [
          1.5198839194945275,
          42.5073848108769
        ],
        [
          1.5193551084004697,
          42.507137289983184
        ],
        [
          1.5188390371588347,
          42.50686408588672
        ],
        [
          1.5187866570518063,
          42.50655362195246
        ],
        [
          1.518544648145326,
          42.50604863496907
        ],
        [
          1.5183849905307782,
          42.50557275923343
        ],
        [
          1.5189542852979043,
          42.50551417599103
        ],
        [
          1.5195236986701735,
          42.505646000350744
        ],
        [
          1.5200931120424426,
          42.50577782471046
        ],
        [
          1.5206625254147115,
          42.50590964907017
        ],
        [
          1.5212109898450745,
          42.50611050534217
        ],
        [
          1.5215102931836475,
          42.50643286767616
        ],
        [
          1.521329084579323,
          42.50617064062257
        ],
        [
          1.5207907160351966,
          42.505951463850316
        ],
        [
          1.5211512399743619,
          42.50603620988763
        ],
        [
          1.5217105982826358,
          42.5061566829054
        ],
        [
          1.52222564252224,
          42.50631972694469
        ],
        [
          1.5227993896348617,
          42.50642442959924
        ],
        [
          1.5233574743376506,
          42.506598069211215
        ],
        [
          1.5239271645966816,
          42.506728283190554
        ],
        [
          1.5244979052590732,
          42.50685422368171
        ],
        [
          1.5250705886438443,
          42.50697077029222
        ],
        [
          1.5256508309819095,
          42.507037724177025
        ],
        [
          1.5261729115484386,
          42.50701660159247
        ],
        [
          1.5261633000000003,
          42.5070857
        ]
      ],
      "emotions": [
        "red",
        "red",
        "red",
        "red",
        "red",
        "purple",
        "purple",
        "purple",
        "purple",
        "purple",
        "green",
        "green",
        "green",
        "green",
        "green",
        "purple",
        "purple",
        "purple",
        "purple",
        "purple",
        "red",
        "red",
        "red",
        "red",
        "red",
        "purple",
        "purple",
        "purple",
        "purple",
        "purple",
        "red"
      ],
      "mood_vectors": [
        [
          0.10079404479544203,
          0.21241102469136625,
          0.14340802651839493,
          0.03304550943357735,
          0.2234115543263752,
          0.1882740873386749,
          0.09865575289616935
        ],
        [
          0.027575751560328064,
          0.32434165748638066,
          0.4380330570217173,
          0.0002196137693554547,
          0.03670077815941531,
          0.019293812203044818,
          0.15383532979975836
        ],
        [
          0.19580362105517582,
          0.21899331033152875,
          0.11192258179431508,
          0.2377527940303506,
          0.13105671491901855,
          0.05439071503093363,
          0.05008026283867757
        ],
        [
          0.0731042394566997,
          0.008346546560011596,
          0.2061629229622717,
          0.19980561375243863,
          0.23704562993230827,
          0.06296522871440481,
          0.21256981862186528
        ],
        [
          0.21408197094450857,
          0.12085358919658012,
          0.12041588271245396,
          0.2042675032243235,
          0.13303258116213826,
          0.18293699563348317,
          0.02441147712651243
        ],
        [
          0.07674347036301589,
          0.18125334253336706,
          0.1987224887073337,
          0.1032274231835757,
          0.20461964224770693,
          0.1998823880897138,
          0.03555124487528696
        ],
        [
          0.1170646153717989,
          0.0027139559881412226,
          0.22503719915656648,
          0.19438476644198124,
          0.17911019606405373,
          0.21290527455315028,
          0.06878399242430808
        ],
        [
          0.17230568399959026,
          0.09453847830249908,
          0.06433209179469797,
          0.21340560882539003,
          0.015501730705728217,
          0.1123824528732787,
          0.32753395349881576
        ],
        [
          0.05532290976076093,
          0.09789255792135879,
          0.16482201197052332,
          0.12041566221282315,
          0.2026440657301556,
          0.2394756210960056,
          0.11942717130837265
        ],
        [
          0.08036002412808024,
          0.2192991066221285,
          0.06004289431397362,
          0.1979210322430756,
          0.06626150185879497,
          0.23920387980953392,
          0.13691156102441318
        ],
        [
          0.12260498389192669,
          0.35162149030478923,
          0.09618166562359874,
          0.15979512442186344,
          0.06679234115629115,
          0.12461994770026864,
          0.07838444690126214
        ],
        [
          0.10195476508370901,
          0.1638744577887484,
          0.20760282490092336,
          0.173464125101317,
          0.09459910186190916,
          0.1336247986014546,
          0.12487992666193855
        ],
        [
          0.18552393835755102,
          0.12490257867264068,
          0.04856336705041518,
          0.2248042839762569,
          0.12164325088551646,
          0.14303626046511714,
          0.15152632059250257
        ],
        [
          0.18572928127341576,
          0.19788173965315042,
          0.2482924288100874,
          0.23139395060641565,
          0.03783876799081869,
          0.05426717277097923,
          0.044596658895132826
        ],
        [
          0.12336680075926111,
          0.27561993055674516,
          0.18325989631691159,
          0.1677512533638424,
          0.07918233469113137,
          0.025922565635027067,
          0.14489721867708127
        ],
        [
          0.20389544166418339,
          0.14763155000480344,
          0.03101601898612066,
          0.21075800789185462,
          0.1544246265293969,
          0.1650162390458832,
          0.08725811587775786
        ],
        [
          0.12029120582436578,
          0.19751652640105394,
          0.17159400950943754,
          0.27760424035402653,
          0.13387047267115426,
          0.040486457446222944,
          0.05863708779373896
        ],
        [
          0.21134879737370624,
          0.045611159476600965,
          0.19120409785369036,
          0.22785882682388664,
          0.17651943632916844,
          0.05803916532067723,
          0.08941851682227006
        ],
        [
          0.09390537551406344,
          0.023333812860537546,
          0.18051393930535514,
          0.18461301001492206,
          0.1909100201193384,
          0.15651293640737476,
          0.17021090577840872
        ],
        [
          0.06204030883029587,
          0.15660960803591423,
          0.30222030803217337,
          0.04297394112322851,
          0.16813382843382085,
          0.09954004693818164,
          0.1684819586063856
        ],
        [
          0.18549984019606416,
          0.016700939836841927,
          0.20964766292923218,
          0.21629000568326381,
          0.12136166774112789,
          0.14528316488025242,
          0.10521671873321761
        ],
        [
          0.17305992581935142,
          0.22262620989144138,
          0.08428997575663413,
          0.12567992326432945,
          0.12655797260487628,
          0.19402830165839088,
          0.0737576910049765
        ],
        [
          0.19254241912413012,
          0.1780546092137534,
          0.0028884295381033254,
          0.20318585395672356,
          0.21068467786462589,
          0.10391793515020686,
          0.10872607515245682
        ],
        [
          0.14732723078030135,
          0.07139111284296232,
          0.12573971536347409,
          0.13026370755699337,
          0.1726611408419281,
          0.1874757344386343,
          0.16514135817570652
        ],
        [
          0.15001478776156818,
          0.1646814895828673,
          0.1916917996280203,
          0.0312875662600572,
          0.19526375807843455,
          0.14310908239849593,
          0.12395151629055653
        ],
        [
          0.25046003850408166,
          0.11409102945647265,
          0.1938406988869197,
          0.18803567288050302,
          0.01287041627116566,
          0.1153218540798272,
          0.12538028992103006
        ],
        [
          0.08367555462981348,
          0.05512893731049976,
          0.2036335629668897,
          0.20184797159618081,
          0.14397822581651112,
          0.15908740497105234,
          0.15264834270905273
        ],
        [
          0.07688906993033172,
          0.1331459704866487,
          0.0567618264109688,
          0.15421954402370722,
          0.20605096762036,
          0.01384031000670161,
          0.35909231152128196
        ],
        [
          0.020491495228908172,
          0.20435710929231285,
          0.08967489158011029,
          0.12467215340747513,
          0.19087527872497242,
          0.08075150908385444,
          0.2891775626823668
        ],
        [
          0.16355063914379203,
          0.2584951656401919,
          0.10239785413903801,
          0.0112190927306896,
          0.10124291946384818,
          0.3097244815379952,
          0.053369847344445
        ],
        [
          0.2124434166205687,
          0.0019728016086908323,
          0.10160164257471645,
          0.20669318449046944,
          0.12397117501567213,
          0.2108986868840136,
          0.14241909280586879
        ]
      ],
      "timestamps": [
        0,
        1,
        2,
        3,
        4,
        5,
        6,
        7,
        8,
        9,
        10,
        11,
        12,
        13,
        14,
        15,
        16,
        17,
        18,
        19,
        20,
        21,
        22,
        23,
        24,
        25,
        26,
        27,
        28,
        29,
        30
      ],
      "distance": 923.3
    },
    {
      "trip_id": 1,
      "transport_method": "stopped",
      "start_time": 31,
      "path": [
        [
          1.5261633000000003,
          42.5070857
        ],
        [
          1.5261633000000003,
          42.5070857
        ],
        [
          1.5261633000000003,
          42.5070857
        ],
        [
          1.5261633000000003,
          42.5070857
        ],
        [
          1.5261633000000003,
          42.5070857
        ],
        [
          1.5261633000000003,
          42.5070857
        ]
      ],
      "emotions": [
        "red",
        "red",
        "red",
        "red",
        "red",
        "red"
      ],
      "mood_vectors": [
        [
          0.02067465341890346,
          0.14813237686068792,
          0.17645790379480836,
          0.1950023540550662,
          0.18182682519044607,
          0.10858732255848295,
          0.16931856412160506
        ],
        [
          0.19607325487383329,
          0.14098159259526247,
          0.25513766735446425,
          0.0009261520971516073,
          0.12248542458389688,
          0.02637155360035437,
          0.2580243548950371
        ],
        [
          0.09768574644062672,
          0.22215799502892442,
          0.26188619212868636,
          0.15427322860635945,
          0.027131466152693302,
          0.15010892878719465,
          0.08675644285551509
        ],
        [
          0.23572505764504273,
          0.13805096637118128,
          0.1998958702263443,
          0.022155876746733045,
          0.010618636565830345,
          0.1382962561100204,
          0.2552573363348479
        ],
        [
          0.19517632467429635,
          0.1794440113239327,
          0.02928010163126962,
          0.09574791024798308,
          0.21703303445933395,
          0.18341401033105617,
          0.0999046073321281
        ],
        [
          0.18907740354598862,
          0.11026554898568235,
          0.07456230414630079,
          0.14968718937009007,
          0.21735208565237732,
          0.16142633303297974,
          0.09762913526658105
        ]
      ],
      "timestamps": [
        31,
        32,
        33,
        34,
        35,
        36
      ]
    },
    {
      "trip_id": 2,
      "transport_method": "bicycle",
      "start_time": 37,
      "path": [
        [
          1.5261633000000003,
          42.5070857
        ],
        [
          1.5260000294988005,
          42.507070415102014
        ],
        [
          1.5252242442340687,
          42.50695961589258
        ],
        [
          1.5253063759649905,
          42.50689754942276
        ],
        [
          1.5248275236040427,
          42.50668333827928
        ],
        [
          1.5241807031484327,
          42.50682870323428
        ],
        [
          1.5233943895744066,
          42.50664155144558
        ],
        [
          1.5226551818603822,
          42.50638245177858
        ],
        [
          1.5219152999479286,
          42.506372560552805
        ],
        [
          1.522446511679264,
          42.506994895377986
        ],
        [
          1.5219364765894003,
          42.50639736979682
        ],
        [
          1.5219188660656295,
          42.506701637892725
        ],
        [
          1.5224853129598612,
          42.507292082178125
        ],
        [
          1.5230427712021692,
          42.507717714161174
        ],
        [
          1.5228028643130758,
          42.508074396943464
        ],
        [
          1.5226080541713403,
          42.5078513058435
        ],
        [
          1.5225133280035246,
          42.5083209799607
        ],
        [
          1.5218569118568268,
          42.508377369944874
        ],
        [
          1.5223788046464815,
          42.508496460048505
        ],
        [
          1.5217924426731266,
          42.50829887794445
        ],
        [
          1.521662202877777,
          42.50824677273128
        ],
        [
          1.5209398611790819,
          42.50786244343437
        ],
        [
          1.5202102074832913,
          42.50754143625348
        ],
        [
          1.5195583603348357,
          42.50790971704333
        ],
        [
          1.5198105339585561,
          42.50862536170881
        ],
        [
          1.5195897006592693,
          42.50808628159161
        ],
        [
          1.5190493127132256,
          42.50805792360867
        ],
        [
          1.5187402000000005,
          42.5085045
        ]
      ],
      "emotions": [
        "green",
        "green",
        "green",
        "green",
        "green",
        "green",
        "green",
        "green",
        "green",
        "green",
        "green",
        "green",
        "green",
        "purple",
        "purple",
        "purple",
        "purple",
        "purple",
        "red",
        "red",
        "red",
        "red",
        "red",
        "green",
        "green",
        "green",
        "green",
        "green"
      ],
      "mood_vectors": [
        [
          0.08849630789202055,
          0.17456598391946856,
          0.23343973479183014,
          0.012725382196539351,
          0.2702464463496041,
          0.08231783311320531,
          0.13820831173733208
        ],
        [
          0.15056845251402434,
          0.05657235650604409,
          0.08776955866433508,
          0.18811578888648786,
          0.1499009138952845,
          0.19844606853366828,
          0.1686268610001559
        ],
        [
          0.004959410124374106,
          0.2703917076996551,
          0.1490215877497204,
          0.03591144873600523,
          0.1350135028779351,
          0.2577024716303281,
          0.146999871181982
        ],
        [
          0.020404725109953926,
          0.144849572104447,
          0.02900491188361908,
          0.04059434002090362,
          0.20421179494478242,
          0.18836570445818282,
          0.37256895147811125
        ],
        [
          0.14256702740206587,
          0.16798556393062006,
          0.24186209092186112,
          0.14643700792751868,
          0.011928231056327348,
          0.14356620778671042,
          0.14565387097489646
        ],
        [
          0.026699248876510897,
          0.3351278963978557,
          0.023067600350702717,
          0.03645936826167826,
          0.11404821684383305,
          0.06003606969866647,
          0.404561599570753
        ],
        [
          0.17944968744281126,
          0.06649299166412055,
          0.11881749579328682,
          0.25973271021734773,
          0.046120081117322756,
          0.11164634615781525,
          0.21774068760729567
        ],
        [
          0.21200558032289551,
          0.020924116127874877,
          0.07952637841791117,
          0.23423843448635637,
          0.1959317267526516,
          0.038910588683354126,
          0.21846317520895642
        ],
        [
          0.021366217253202775,
          0.0856695831101475,
          0.061966009879758754,
          0.2596423056353462,
          0.1469604957074867,
          0.23049139803138566,
          0.19390399038267236
        ],
        [
          0.15177645788042965,
          0.003894728822030946,
          0.34879123852810784,
          0.10190491485729088,
          0.19420393343986087,
          0.0014559775122026288,
          0.19797274896007733
        ],
        [
          0.2959903529554819,
          0.03162512356241937,
          0.1489226130622755,
          0.2506039902426489,
          0.18696066273512518,
          0.07368975175981637,
          0.012207505682232764
        ],
        [
          0.029253825968838812,
          0.19040507876485047,
          0.23417726143896492,
          0.001895899581529778,
          0.2578240776046287,
          0.09018119071466826,
          0.19626266592651903
        ],
        [
          0.11676509766282797,
          0.19599622222464172,
          0.2085552141784024,
          0.06518188796890462,
          0.19056010777649746,
          0.04585048030579603,
          0.17709098988292973
        ],
        [
          0.14855294951608047,
          0.17857659153851954,
          0.08333472089026314,
          0.1934258796544705,
          0.1256001611829687,
          0.13938431630601952,
          0.13112538091167805
        ],
        [
          0.22619490694956315,
          0.022482088183569834,
          0.05421321043855597,
          0.2592471050366446,
          0.23317461542779191,
          0.000695930849857999,
          0.20399214311401653
        ],
        [
          0.09505957937735007,
          0.19064550560056695,
          0.3162043307825682,
          0.0648289710654591,
          0.02560384958799792,
          0.22521103917437493,
          0.08244672441168276
        ],
        [
          0.17187543100381486,
          0.24131853828161556,
          0.15425074820683443,
          0.07409392170277873,
          0.18153044976079236,
          0.00016239481876405103,
          0.1767685162253999
        ],
        [
          0.11706347765225299,
          0.29099622721617474,
          0.1981854955508682,
          0.1386552386334258,
          0.0630406279984417,
          0.049355573077384536,
          0.14270335987145202
        ],
        [
          0.1304345468005135,
          0.11803914169349361,
          0.02459398301750317,
          0.09104067013764686,
          0.31415490688074693,
          0.11693250973238957,
          0.20480424173770634
        ],
        [
          0.12099085190782831,
          0.14782343171243786,
          0.07889534228483669,
          0.18920485296294112,
          0.11369491154019368,
          0.23272563477115232,
          0.11666497482060999
        ],
        [
          0.1519651894104786,
          0.23621802273397205,
          0.12754499571851746,
          0.031768839201421324,
          0.2300583043032002,
          0.18897850325677187,
          0.03346614537563842
        ],
        [
          0.05068137176636665,
          0.07468907807553359,
          0.2413331260158025,
          0.23524635226088914,
          0.15693566425191346,
          0.07051923704672942,
          0.17059517058276524
        ],
        [
          0.15194934759227957,
          0.0854597847047462,
          0.017665411993092264,
          0.23621761281243464,
          0.16984356096694203,
          0.06731894307871183,
          0.2715453388517935
        ],
        [
          0.30024115608446544,
          0.22957499490559063,
          0.1360402304797103,
          0.06113159663236485,
          0.1351047193633203,
          0.06735555785454032,
          0.07055174468000813
        ],
        [
          0.0719091973259512,
          0.2978252349465967,
          0.10540273466826969,
          0.1006544346096969,
          0.1720949856436705,
          0.15753799131784785,
          0.09457542148796719
        ],
        [
          0.0039012391284112225,
          0.10001776742822255,
          0.22058776016893294,
          0.0946024905285328,
          0.2178278943680264,
          0.16832985407894982,
          0.1947329942989243
        ],
        [
          0.20313338273204684,
          0.0020210564909229145,
          0.17757572006493466,
          0.23841525940336972,
          0.07557403374111196,
          0.02842801571351625,
          0.2748525318540976
        ],
        [
          0.21162800330275924,
          0.02540837738975724,
          0.14029539429666868,
          0.18065068793430647,
          0.08141436721581664,
          0.10379008445688136,
          0.2568130854038104
        ]
      ],
      "timestamps": [
        37,
        38,
        39,
        40,
        41,
        42,
        43,
        44,
        45,
        46,
        47,
        48,
        49,
        50,
        51,
        52,
        53,
        54,
        55,
        56,
        57,
        58,
        59,
        60,
        61,
        62,
        63,
        64
      ],
      "distance": 855.7
    },
    {
      "trip_id": 3,
      "transport_method": "car",
      "start_time": 65,
      "path": [
        [
          1.5185615000000001,
          42.5082935
        ],
        [
          1.518438906906351,
          42.50834156807806
        ],
        [
          1.5183191722945977,
          42.50836456858926
        ],
        [
          1.5182105482483186,
          42.50829013456942
        ],
        [
          1.5181019242020397,
          42.508215700549584
        ],
        [
          1.5179933001557606,
          42.508141266529755
        ],
        [
          1.5178846761094817,
          42.50806683250992
        ],
        [
          1.5177760520632027,
          42.50799239849008
        ],
        [
          1.5176674280169238,
          42.507917964470245
        ],
        [
          1.5175588039706447,
          42.507843530450415
        ],
        [
          1.517450314935837,
          42.50776890202087
        ],
        [
          1.5173412995977011,
          42.507695062386915
        ],
        [
          1.5172315731090587,
          42.50762226331804
        ],
        [
          1.5171218466204162,
          42.507549464249166
        ],
        [
          1.5170121201317737,
          42.50747666518029
        ],
        [
          1.516891749306649,
          42.50742839327953
        ],
        [
          1.5167636314990312,
          42.50739797233099
        ],
        [
          1.5166355136914134,
          42.50736755138246
        ],
        [
          1.5165073958837956,
          42.50733713043392
        ],
        [
          1.5163792780761778,
          42.50730670948538
        ],
        [
          1.51625116026856,
          42.50727628853684
        ],
        [
          1.5161230424609422,
          42.5072458675883
        ],
        [
          1.5159949246533244,
          42.50721544663976
        ],
        [
          1.5158668068457066,
          42.50718502569122
        ],
        [
          1.5157386890380888,
          42.50715460474269
        ],
        [
          1.5156105712304713,
          42.50712418379415
        ],
        [
          1.5154824534228535,
          42.50709376284561
        ],
        [
          1.5153543356152357,
          42.507063341897066
        ],
        [
          1.515226217807618,
          42.50703292094853
        ],
        [
          1.5150981000000001,
          42.50700249999999
        ]
      ],
      "emotions": [
        "purple",
        "purple",
        "purple",
        "purple",
        "purple",
        "red",
        "red",
        "red",
        "red",
        "red",
        "purple",
        "purple",
        "purple",
        "purple",
        "purple",
        "red",
        "red",
        "red",
        "red",
        "red",
        "red",
        "red",
        "red",
        "red",
        "red",
        "red",
        "red",
        "red",
        "red",
        "red"
      ],
      "mood_vectors": [
        [
          0.2287499244628202,
          0.11423775288911715,
          0.19448671529707506,
          0.13278647518547834,
          0.09932426580693006,
          0.22988091561273225,
          0.0005339507458470198
        ],
        [
          0.11325351747358567,
          0.21261714872504078,
          0.08191155095490633,
          0.21573731045203506,
          0.09133955071466765,
          0.07849081872155858,
          0.20665010295820588
        ],
        [
          0.12933834088591373,
          0.21131747415919078,
          0.05514598402417261,
          0.15030977513937244,
          0.20918596138467344,
          0.04402330550837981,
          0.2006791588982972
        ],
        [
          0.1130849540297313,
          0.06033951085864333,
          0.26606407621989653,
          0.2209912978360351,
          0.0164388762031869,
          0.10267528472572784,
          0.22040600012677888
        ],
        [
          0.16337589837177927,
          0.21267911160206218,
          0.03103831719928675,
          0.027057465109319664,
          0.20978203267483705,
          0.2348414123399918,
          0.1212257627027232
        ],
        [
          0.003225436006779463,
          0.1288334513047964,
          0.1710900805745757,
          0.18726099901537419,
          0.1801403358345978,
          0.15883042189360988,
          0.1706192753702666
        ],
        [
          0.313559425786149,
          0.0845999309029775,
          0.027515805748760162,
          0.1487299173994554,
          0.004850812499152294,
          0.2815390492787318,
          0.1392050583847739
        ],
        [
          0.01076724362125698,
          0.08295187802064259,
          0.2073365876915328,
          0.23517959002552863,
          0.019405287141225913,
          0.26197618150001495,
          0.1823832319997982
        ],
        [
          0.08751982490461545,
          0.2321836199084963,
          0.09571208689895935,
          0.25305839687692616,
          0.26098673169843184,
          0.04697820747519408,
          0.02356113223737676
        ],
        [
          0.057775386493854455,
          0.02297023606587229,
          0.051926650444225154,
          0.31356101837233186,
          0.07460228206114851,
          0.08174041519275796,
          0.3974240113698098
        ],
        [
          0.09514087127891009,
          0.11591963569580305,
          0.2687993399981348,
          0.165857007023234,
          0.016115107199322,
          0.2720226622487337,
          0.06614537655586228
        ],
        [
          0.14350327820877687,
          0.20107088898275013,
          0.049371277056612255,
          0.15986309959055972,
          0.14177158600291598,
          0.09244858314015378,
          0.21197128701823126
        ],
        [
          0.12619155201030524,
          0.08644425757784521,
          0.2291781888145722,
          0.23843700450594713,
          0.18822253110151502,
          0.09182260040087643,
          0.039703865588938854
        ],
        [
          0.14666281870153292,
          0.14353120597250388,
          0.1503842762325245,
          0.14153319965848563,
          0.17086408608739037,
          0.16281705379623154,
          0.08420735955133113
        ],
        [
          0.22542889135607463,
          0.11571094282526752,
          0.23448974557047095,
          0.07360883377569312,
          0.14460242396209594,
          0.002537164097143219,
          0.2036219984132546
        ],
        [
          0.22252958451386523,
          0.15803856267352837,
          0.014532164887021573,
          0.0017499230726705436,
          0.11712355802393488,
          0.1959539877441743,
          0.29007221908480507
        ],
        [
          0.2605385460471699,
          0.0066055868327492126,
          0.05926592697223855,
          0.07465770581556656,
          0.2808150346742726,
          0.029104035870279862,
          0.28901316378772335
        ],
        [
          0.18456093282389224,
          0.14887290407659776,
          0.07404057227837826,
          0.25342552446234545,
          0.020764055647511635,
          0.07898261732534625,
          0.23935339338592837
        ],
        [
          0.19872356848696415,
          0.01544561238643428,
          0.20451272124630432,
          0.2127280136945246,
          0.12997196233755703,
          0.02372231237641265,
          0.21489580947180295
        ],
        [
          0.14875940005399604,
          0.12673275171723722,
          0.035684528130216255,
          0.18163261422847843,
          0.20848480746571027,
          0.24030573524059382,
          0.058400163163767914
        ],
        [
          0.34596087567931205,
          0.11725077269513204,
          0.17009065722781516,
          0.015622752657475952,
          0.19079796301688848,
          0.07843855519815307,
          0.08183842352522332
        ],
        [
          0.13081807630587938,
          0.2430712009496955,
          0.177191054667155,
          0.014064079412073943,
          0.27705348418242925,
          0.13854804783926772,
          0.019254056643499263
        ],
        [
          0.052164972334914725,
          0.15585475224368295,
          0.13929989636005255,
          0.1648684170973094,
          0.28580289512722107,
          0.11071630154469404,
          0.09129276529212528
        ],
        [
          0.06038034631771485,
          0.22109800532037469,
          0.18706206083905827,
          0.13738737310858518,
          0.20306742696973445,
          0.09806008927359973,
          0.09294469817093277
        ],
        [
          0.07489528530729332,
          0.24589772072942429,
          0.12057267099482524,
          0.13677081012620873,
          0.26109220206362205,
          0.09298658784169156,
          0.06778472293693477
        ],
        [
          0.05099345733584887,
          0.04645093961573252,
          0.0031682586274198858,
          0.5333927368512473,
          0.048378861306372395,
          0.1121992450349303,
          0.20541650122844865
        ],
        [
          0.05854511731363641,
          0.16775679271832605,
          0.2483579735946638,
          0.11867488897460578,
          0.07265180965514108,
          0.24688868494349786,
          0.08712473280012896
        ],
        [
          0.03420418728987603,
          0.19587905201133277,
          0.20268665997297977,
          0.2613687854891746,
          0.184439457324063,
          0.06961650177880593,
          0.051805356133767966
        ],
        [
          0.0012031131228079563,
          0.25810786265978247,
          0.163524450509529,
          0.25662208236339545,
          0.08853217404938886,
          0.08366150970401298,
          0.1483488075910832
        ],
        [
          0.0002332275261082273,
          0.21549830407102558,
          0.3043024939705657,
          0.022004647296441523,
          0.08992098371230392,
          0.30596314390857,
          0.062077199514985026
        ]
      ],
      "timestamps": [
        65,
        66,
        67,
        68,
        69,
        70,
        71,
        72,
        73,
        74,
        75,
        76,
        77,
        78,
        79,
        80,
        81,
        82,
        83,
        84,
        85,
        86,
        87,
        88,
        89,
        90,
        91,
        92,
        93,
        94
      ],
      "distance": 376.8
    },
    {
      "trip_id": 4,
      "transport_method": "bicycle",
      "start_time": 95,
      "path": [
        [
          1.5161937000000003,
          42.506486300000006
        ],
        [
          1.5161937000000003,
          42.506486300000006
        ],
        [
          1.5161937000000003,
          42.506486300000006
        ],
        [
          1.5161937000000003,
          42.506486300000006
        ],
        [
          1.5161937000000003,
          42.506486300000006
        ]
      ],
      "emotions": [
        "red",
        "red",
        "red",
        "red",
        "red"
      ],
      "mood_vectors": [
        [
          0.17815583026957416,
          0.2176235810920164,
          0.16221388312396448,
          0.051350162738222176,
          0.07899488527042765,
          0.23030366418103304,
          0.08135799332476201
        ],
        [
          0.2277342322376583,
          0.05162534902294173,
          0.16455503700553223,
          0.13448744231425777,
          0.2256093150689116,
          0.09268069076832423,
          0.1033079335823741
        ],
        [
          0.08945358589090527,
          0.06480845584104719,
          0.1693904651227168,
          0.046766489943123955,
          0.1813899455216915,
          0.23420181200076115,
          0.2139892456797541
        ],
        [
          0.2098456015640929,
          0.12141822097216304,
          0.018025465937702243,
          0.23472826887187473,
          0.22536161264718702,
          0.15809120282781847,
          0.032529627179161566
        ],
        [
          0.11165889755393427,
          0.18190869320179248,
          0.18145363957659374,
          0.17417924166109158,
          0.1199970557414853,
          0.20259621174914283,
          0.02820626051595981
        ]
      ],
      "timestamps": [
        95,
        96,
        97,
        98,
        99
      ],
      "distance": 160.6
    }
  ],
  "conversation": [
    "Almost there.",
    "It's never just one quick stop in Avinguda Meritxell.",
    "Every other block feels like a different country."
  ],
  "conversation_timestamps": [
    13,
    25,
    73
  ]
}
