{"agent_id": "agent-purple-1824", "type": "purple", "trips": [{"trip_id": 0, "transport_method": "foot", "start_time": 0, "path": [[1.5419055, 42.5107367], [1.5418171, 42.5104759], [1.5418615, 42.5101938], [1.5419552, 42.5099203], [1.5420419, 42.5096446], [1.5420862, 42.5094004], [1.5420179, 42.5091276], [1.5418967, 42.5088984], [1.5416747, 42.5090836], [1.5413997, 42.5091477], [1.5411165, 42.5092038], [1.540841, 42.5092899], [1.5406392, 42.5094845], [1.5403679, 42.5095845], [1.5401179, 42.5097196], [1.5398962, 42.5099011], [1.5396348, 42.5100245], [1.5393612, 42.5101136], [1.5391224, 42.5102681], [1.538879, 42.5101445], [1.5386129, 42.5100615], [1.5383239, 42.5100537], [1.5380349, 42.5100459], [1.5377459, 42.5100386], [1.537457, 42.5100292], [1.5371681, 42.5100276], [1.5368792, 42.5100369], [1.536592, 42.510032], [1.5363128, 42.5099597], [1.5360241, 42.5099432], [1.5357355, 42.5099267], [1.5354469, 42.5099102], [1.5351587, 42.5098962], [1.5348699, 42.5099086], [1.534581, 42.5099209], [1.5342922, 42.509921], [1.5340047, 42.5099168], [1.5337174, 42.509885], [1.5334862, 42.5099607], [1.5332097, 42.5100125], [1.5329219, 42.5099844], [1.5326337, 42.5099638], [1.5323538, 42.5099022], [1.5320833, 42.5098449], [1.5318095, 42.5097523], [1.5315371, 42.5096556], [1.5312672, 42.5095521], [1.5309969, 42.5094496], [1.5307251, 42.5093509], [1.5304518, 42.5093384], [1.5301783, 42.5092445], [1.5299052, 42.5091496], [1.5296281, 42.5090674], [1.5293502, 42.5089884], [1.5290855, 42.5088948], [1.528798, 42.5088701], [1.5285167, 42.5088036], [1.5282526, 42.5086888], [1.5279884, 42.5085716], [1.5277226, 42.508458], [1.527449, 42.5083701], [1.5271602, 42.5083605], [1.5268711, 42.5083559], [1.5265827, 42.5083379], [1.5262971, 42.5082943], [1.5260148, 42.5082323], [1.52573, 42.5081877], [1.5254604, 42.5080843], [1.5251854, 42.5079954], [1.524907, 42.5079175], [1.5246272, 42.5078449], [1.5243433, 42.5077903], [1.5240552, 42.5077727], [1.5237664, 42.5077846], [1.523478, 42.5078046], [1.5232021, 42.5078753], [1.523116, 42.5081513], [1.5229088, 42.5080569], [1.5226246, 42.5080764], [1.5223371, 42.5081069]], "mood_vectors": [[0.0894, 0.0289, 0.0718, 0.0827, 0.0611, 0.5732, 0.0929], [0.0634, 0.0327, 0.0626, 0.0479, 0.069, 0.6719, 0.0526], [0.0704, 0.0572, 0.0813, 0.0444, 0.0121, 0.6916, 0.043], [0.0427, 0.0265, 0.0483, 0.0147, 0.0311, 0.7982, 0.0384], [0.0324, 0.0448, 0.0324, 0.1033, 0.0459, 0.7136, 0.0277], [0.0493, 0.0765, 0.0903, 0.0854, 0.0193, 0.6287, 0.0505], [0.0651, 0.0612, 0.0395, 0.0829, 0.0215, 0.6563, 0.0736], [0.0661, 0.0534, 0.0287, 0.0275, 0.0742, 0.6801, 0.07], [0.0293, 0.0772, 0.0649, 0.0197, 0.089, 0.6836, 0.0363], [0.0621, 0.0485, 0.0674, 0.0866, 0.0698, 0.5968, 0.0687], [0.0798, 0.0932, 0.0269, 0.0385, 0.0293, 0.6446, 0.0878], [0.0709, 0.0443, 0.0398, 0.041, 0.0166, 0.7128, 0.0746], [0.0784, 0.0151, 0.0429, 0.0667, 0.0364, 0.6912, 0.0694], [0.0583, 0.064, 0.0206, 0.0253, 0.0729, 0.7259, 0.033], [0.0443, 0.0249, 0.0786, 0.0786, 0.0365, 0.7079, 0.0293], [0.0688, 0.0191, 0.0253, 0.0222, 0.0493, 0.7844, 0.0309], [0.0826, 0.0499, 0.073, 0.0516, 0.0866, 0.6229, 0.0333], [0.0822, 0.068, 0.0741, 0.0774, 0.0313, 0.6544, 0.0126], [0.0481, 0.0384, 0.0391, 0.0434, 0.0716, 0.7422, 0.0172], [0.0641, 0.0513, 0.0715, 0.0415, 0.0709, 0.6868, 0.014], [0.0305, 0.0295, 0.0395, 0.0568, 0.0366, 0.742, 0.065], [0.0404, 0.0581, 0.0767, 0.0572, 0.0792, 0.6194, 0.069], [0.0391, 0.025, 0.0807, 0.0362, 0.0523, 0.7504, 0.0163], [0.0615, 0.0246, 0.0414, 0.0797, 0.0778, 0.6275, 0.0876], [0.0205, 0.022, 0.0484, 0.0857, 0.0316, 0.7442, 0.0476], [0.0882, 0.0398, 0.088, 0.0242, 0.051, 0.6321, 0.0766], [0.0425, 0.0245, 0.0963, 0.0856, 0.0245, 0.6986, 0.028], [0.0205, 0.0403, 0.0271, 0.0748, 0.0741, 0.7022, 0.0611], [0.0467, 0.0694, 0.0521, 0.0553, 0.0351, 0.6725, 0.0687], [0.0279, 0.0194, 0.0905, 0.0668, 0.0658, 0.6594, 0.0702], [0.0584, 0.0134, 0.0702, 0.0664, 0.0698, 0.6782, 0.0436], [0.0158, 0.0677, 0.0165, 0.0727, 0.0657, 0.6944, 0.0672], [0.0141, 0.0417, 0.0145, 0.0734, 0.0335, 0.7718, 0.051], [0.0727, 0.0731, 0.0507, 0.0226, 0.03, 0.6945, 0.0564], [0.0682, 0.0222, 0.0461, 0.0399, 0.0216, 0.7374, 0.0646], [0.0695, 0.0267, 0.0741, 0.0158, 0.1028, 0.6476, 0.0636], [0.0479, 0.066, 0.0632, 0.0452, 0.0654, 0.6585, 0.0537], [0.021, 0.0453, 0.0398, 0.057, 0.0705, 0.7048, 0.0617], [0.0961, 0.0793, 0.0337, 0.0581, 0.0827, 0.6194, 0.0307], [0.082, 0.0919, 0.0669, 0.0229, 0.0686, 0.6069, 0.0608], [0.025, 0.0559, 0.0603, 0.017, 0.0442, 0.7791, 0.0184], [0.0723, 0.0789, 0.0632, 0.0222, 0.0779, 0.6458, 0.0397], [0.0598, 0.0165, 0.0326, 0.045, 0.0549, 0.7293, 0.0618], [0.0433, 0.0198, 0.068, 0.0206, 0.0131, 0.8192, 0.0161], [0.0588, 0.0777, 0.0203, 0.0758, 0.0504, 0.7028, 0.0143], [0.0354, 0.0637, 0.0692, 0.0119, 0.0725, 0.7112, 0.036], [0.065, 0.072, 0.0149, 0.0585, 0.0624, 0.7035, 0.0236], [0.0665, 0.039, 0.0291, 0.0599, 0.0245, 0.7136, 0.0674], [0.0701, 0.0439, 0.0746, 0.0695, 0.0611, 0.645, 0.0359], [0.018, 0.0667, 0.0269, 0.0272, 0.0425, 0.756, 0.0626], [0.0421, 0.0483, 0.0647, 0.0603, 0.0216, 0.6655, 0.0975], [0.0539, 0.0491, 0.0288, 0.0497, 0.074, 0.6783, 0.0662], [0.0169, 0.0308, 0.0758, 0.0712, 0.0687, 0.698, 0.0387], [0.0845, 0.0172, 0.045, 0.0631, 0.042, 0.7068, 0.0414], [0.0135, 0.064, 0.0756, 0.0169, 0.0355, 0.7415, 0.053], [0.0385, 0.0705, 0.0743, 0.0162, 0.0722, 0.6639, 0.0643], [0.0306, 0.0238, 0.0415, 0.0421, 0.066, 0.7249, 0.0711], [0.0402, 0.061, 0.0454, 0.1033, 0.0241, 0.6788, 0.0471], [0.0506, 0.027, 0.0266, 0.0277, 0.0732, 0.7598, 0.035], [0.03, 0.0162, 0.0353, 0.0946, 0.0723, 0.6996, 0.052], [0.0798, 0.0578, 0.0597, 0.0291, 0.0267, 0.7024, 0.0445], [0.0454, 0.0609, 0.079, 0.0423, 0.0635, 0.6674, 0.0415], [0.0758, 0.0323, 0.0815, 0.0519, 0.0564, 0.6734, 0.0286], [0.0136, 0.0401, 0.074, 0.0659, 0.0201, 0.7191, 0.0672], [0.0596, 0.0517, 0.056, 0.0318, 0.06, 0.7098, 0.0311], [0.0152, 0.0194, 0.0419, 0.0664, 0.0246, 0.7579, 0.0747], [0.0714, 0.0179, 0.0558, 0.0557, 0.0547, 0.697, 0.0476], [0.0294, 0.0379, 0.0806, 0.0642, 0.0809, 0.6719, 0.0351], [0.0731, 0.0676, 0.0714, 0.0347, 0.0191, 0.6802, 0.0539], [0.0246, 0.0746, 0.0749, 0.0468, 0.0139, 0.7443, 0.0209], [0.0323, 0.0258, 0.0219, 0.0735, 0.0382, 0.7956, 0.0128], [0.0117, 0.0498, 0.0566, 0.0336, 0.0606, 0.7546, 0.0331], [0.0623, 0.0333, 0.0656, 0.0647, 0.0573, 0.666, 0.051], [0.025, 0.0145, 0.0463, 0.0444, 0.0771, 0.7421, 0.0506], [0.0462, 0.0444, 0.0476, 0.0575, 0.0741, 0.686, 0.0442], [0.0284, 0.0156, 0.0555, 0.0274, 0.0706, 0.7828, 0.0197], [0.0436, 0.035, 0.0486, 0.0139, 0.0407, 0.7316, 0.0866], [0.0246, 0.0645, 0.0208, 0.0736, 0.0595, 0.7346, 0.0225], [0.0822, 0.0478, 0.0162, 0.031, 0.0511, 0.7077, 0.064], [0.0816, 0.0871, 0.0221, 0.0941, 0.0796, 0.5894, 0.046]], "emotions": ["purple", "purple", "purple", "purple", "purple", "purple", "purple", "purple", "purple", "purple", "purple", "purple", "purple", "purple", "purple", "purple", "purple", "purple", "purple", "purple", "purple", "purple", "purple", "purple", "purple", "purple", "purple", "purple", "purple", "purple", "purple", "purple", "purple", "purple", "purple", "purple", "purple", "purple", "purple", "purple", "purple", "purple", "purple", "purple", "purple", "purple", "purple", "purple", "purple", "purple", "purple", "purple", "purple", "purple", "purple", "purple", "purple", "purple", "purple", "purple", "purple", "purple", "purple", "purple", "purple", "purple", "purple", "purple", "purple", "purple", "purple", "purple", "purple", "purple", "purple", "purple", "purple", "purple", "purple", "purple"], "timestamps": [0, 40, 80, 120, 160, 200, 240, 280, 320, 360, 400, 440, 480, 520, 560, 600, 640, 680, 720, 760, 800, 840, 880, 920, 960, 1000, 1040, 1080, 1120, 1160, 1200, 1240, 1280, 1320, 1360, 1400, 1440, 1480, 1520, 1560, 1600, 1640, 1680, 1720, 1760, 1800, 1840, 1880, 1920, 1960, 2000, 2040, 2080, 2120, 2160, 2200, 2240, 2280, 2320, 2360, 2400, 2440, 2480, 2520, 2560, 2600, 2640, 2680, 2720, 2760, 2800, 2840, 2880, 2920, 2960, 3000, 3040, 3080, 3120, 3160]}], "conversation": [], "conversation_timestamps": []}