{"agent_id": "agent-red-236", "type": "red", "trips": [{"trip_id": 0, "transport_method": "bicycle", "start_time": 0, "path": [[1.5426442, 42.5088739], [1.542358, 42.5088899], [1.5420724, 42.5088938], [1.541816, 42.5089657], [1.5415845, 42.5091233], [1.5413005, 42.5091623], [1.5410227, 42.5092312], [1.5407745, 42.509355], [1.540552, 42.5095166], [1.540283, 42.5096158], [1.540053, 42.5097791], [1.5398191, 42.5099382], [1.5395584, 42.5100572], [1.53929, 42.5101444], [1.5390573, 42.5102571], [1.5388149, 42.510104], [1.5385395, 42.5100595], [1.5382529, 42.5100518], [1.5379664, 42.5100441], [1.5376798, 42.510037], [1.5373934, 42.5100258], [1.5371069, 42.5100296], [1.5368204, 42.5100388], [1.5365377, 42.5100166], [1.5362589, 42.5099566], [1.5359727, 42.5099403], [1.5356865, 42.5099239], [1.5354003, 42.5099073], [1.5351145, 42.5098981], [1.5348281, 42.5099103], [1.5345417, 42.509921], [1.5342553, 42.5099227], [1.5339705, 42.5099119], [1.5336855, 42.5098818], [1.5334587, 42.5099716], [1.5331826, 42.5100099], [1.5328973, 42.509982], [1.5326115, 42.5099613], [1.5323363, 42.5098928], [1.5320667, 42.5098396], [1.5317954, 42.5097472], [1.5315254, 42.5096511], [1.5312578, 42.5095484], [1.5309897, 42.5094469], [1.5307202, 42.5093492], [1.5304491, 42.5093375], [1.530178, 42.5092443], [1.5299071, 42.5091503], [1.5296324, 42.5090687], [1.5293569, 42.5089899], [1.5290949, 42.5088953], [1.5288095, 42.5088729], [1.5285305, 42.5088069], [1.5282676, 42.5086961], [1.5280059, 42.5085791], [1.5277424, 42.5084664], [1.5274728, 42.5083718], [1.5271865, 42.5083607], [1.5268999, 42.508357], [1.5266138, 42.5083409], [1.5263301, 42.5083008], [1.5260499, 42.5082409], [1.5257665, 42.5081992], [1.5254996, 42.5080962], [1.5252267, 42.5080087], [1.5249514, 42.5079291], [1.5246739, 42.507857], [1.5243931, 42.5077999], [1.5241084, 42.5077721], [1.5238219, 42.5077807], [1.5235359, 42.5078006], [1.5232558, 42.5078515], [1.5231347, 42.5080912], [1.5230199, 42.5083331], [1.5227437, 42.5084098], [1.5224657, 42.5084785], [1.5221848, 42.5084211], [1.5219044, 42.5083617], [1.5216573, 42.508335], [1.5217286, 42.5082821]], "mood_vectors": [[0.6236, 0.0403, 0.0851, 0.0681, 0.02, 0.0828, 0.0801], [0.775, 0.02, 0.0314, 0.0146, 0.0346, 0.0711, 0.0532], [0.681, 0.0208, 0.0669, 0.0699, 0.0462, 0.085, 0.0302], [0.7014, 0.0853, 0.0589, 0.0534, 0.033, 0.0215, 0.0465], [0.7773, 0.0464, 0.0564, 0.0217, 0.022, 0.028, 0.0481], [0.7445, 0.0576, 0.0321, 0.0285, 0.0793, 0.0144, 0.0436], [0.7873, 0.025, 0.0432, 0.0455, 0.0598, 0.0157, 0.0234], [0.6925, 0.0449, 0.0518, 0.0571, 0.0511, 0.0531, 0.0495], [0.726, 0.0181, 0.0719, 0.0144, 0.0322, 0.0652, 0.0721], [0.6585, 0.0614, 0.0775, 0.0706, 0.0186, 0.0688, 0.0446], [0.7356, 0.0424, 0.0636, 0.0339, 0.0223, 0.0306, 0.0715], [0.7116, 0.0658, 0.0236, 0.0672, 0.0428, 0.0176, 0.0714], [0.689, 0.0256, 0.0476, 0.0761, 0.0249, 0.0357, 0.1011], [0.7701, 0.0362, 0.0529, 0.0545, 0.0134, 0.0398, 0.0331], [0.6618, 0.0625, 0.0633, 0.0708, 0.0168, 0.0665, 0.0583], [0.7066, 0.0292, 0.0834, 0.0297, 0.0418, 0.0367, 0.0725], [0.7114, 0.0491, 0.0268, 0.0315, 0.0647, 0.0597, 0.0568], [0.6878, 0.0163, 0.0362, 0.0754, 0.0732, 0.047, 0.0642], [0.7224, 0.0347, 0.015, 0.0649, 0.0689, 0.0655, 0.0285], [0.6856, 0.043, 0.0712, 0.0487, 0.0467, 0.0305, 0.0743], [0.7787, 0.0199, 0.026, 0.0739, 0.0548, 0.0219, 0.0248], [0.6956, 0.0677, 0.0726, 0.0277, 0.0565, 0.0393, 0.0407], [0.7079, 0.0117, 0.075, 0.0618, 0.0639, 0.0176, 0.0619], [0.7116, 0.0272, 0.0817, 0.0682, 0.0554, 0.0382, 0.0177], [0.6878, 0.0831, 0.0457, 0.0528, 0.0597, 0.0175, 0.0533], [0.6617, 0.028, 0.0479, 0.0679, 0.086, 0.0909, 0.0176], [0.73, 0.0788, 0.0405, 0.0229, 0.0263, 0.0403, 0.0613], [0.7295, 0.037, 0.0398, 0.0241, 0.0508, 0.0281, 0.0907], [0.7173, 0.0418, 0.0592, 0.0342, 0.072, 0.026, 0.0494], [0.6191, 0.0457, 0.0827, 0.0473, 0.0935, 0.0692, 0.0424], [0.6885, 0.046, 0.0348, 0.0558, 0.0389, 0.0446, 0.0914], [0.7497, 0.0605, 0.0458, 0.0204, 0.0364, 0.0706, 0.0166], [0.6567, 0.0637, 0.0599, 0.0652, 0.0571, 0.0372, 0.0603], [0.762, 0.0678, 0.0289, 0.0303, 0.0395, 0.0416, 0.0298], [0.6659, 0.0721, 0.0368, 0.0702, 0.0333, 0.0494, 0.0723], [0.7552, 0.077, 0.0187, 0.0793, 0.0201, 0.0132, 0.0365], [0.652, 0.0442, 0.0867, 0.0481, 0.0319, 0.1034, 0.0336], [0.6756, 0.0735, 0.0669, 0.0246, 0.0633, 0.0272, 0.0688], [0.679, 0.03, 0.0627, 0.0493, 0.0409, 0.0737, 0.0645], [0.6332, 0.07, 0.0193, 0.0932, 0.059, 0.0294, 0.0959], [0.7153, 0.0244, 0.054, 0.069, 0.0714, 0.0209, 0.0451], [0.7542, 0.0211, 0.015, 0.0759, 0.0659, 0.014, 0.0539], [0.7179, 0.0607, 0.0397, 0.0339, 0.0641, 0.043, 0.0407], [0.7164, 0.0264, 0.0515, 0.0583, 0.0585, 0.0239, 0.0649], [0.621, 0.0719, 0.0518, 0.0557, 0.0746, 0.0521, 0.073], [0.6837, 0.0615, 0.054, 0.0453, 0.0647, 0.0615, 0.0293], [0.65, 0.0552, 0.0724, 0.0296, 0.0738, 0.0626, 0.0565], [0.7662, 0.0397, 0.0156, 0.0224, 0.0776, 0.034, 0.0445], [0.7298, 0.014, 0.0441, 0.0537, 0.0694, 0.0407, 0.0483], [0.8066, 0.02, 0.0475, 0.0136, 0.0671, 0.0151, 0.03], [0.6593, 0.0344, 0.076, 0.0644, 0.0274, 0.0668, 0.0718], [0.7114, 0.0375, 0.0524, 0.0344, 0.0578, 0.0479, 0.0585], [0.7053, 0.057, 0.0161, 0.0531, 0.0449, 0.0675, 0.0561], [0.7638, 0.0676, 0.0223, 0.038, 0.0198, 0.0571, 0.0315], [0.7596, 0.0333, 0.0396, 0.0182, 0.0388, 0.047, 0.0637], [0.6533, 0.0656, 0.0421, 0.0844, 0.0756, 0.0548, 0.0242], [0.7045, 0.0165, 0.0653, 0.0715, 0.0334, 0.0533, 0.0554], [0.7024, 0.0528, 0.0281, 0.0446, 0.0609, 0.057, 0.0542], [0.6817, 0.0424, 0.0873, 0.0641, 0.0279, 0.0608, 0.0357], [0.7861, 0.0142, 0.0145, 0.0817, 0.0326, 0.0247, 0.0463], [0.6689, 0.0501, 0.032, 0.0712, 0.0763, 0.0547, 0.0467], [0.6398, 0.0774, 0.0293, 0.0729, 0.0309, 0.071, 0.0786], [0.7623, 0.0322, 0.0275, 0.0615, 0.0518, 0.0339, 0.0307], [0.6451, 0.0558, 0.0603, 0.0511, 0.0507, 0.0715, 0.0656], [0.6688, 0.0803, 0.0395, 0.0348, 0.0788, 0.0672, 0.0307], [0.7388, 0.0584, 0.0197, 0.0429, 0.0566, 0.0434, 0.0402], [0.7449, 0.0663, 0.0212, 0.0426, 0.0658, 0.0173, 0.0419], [0.6862, 0.0931, 0.0425, 0.0783, 0.022, 0.0157, 0.0622], [0.7435, 0.0773, 0.0609, 0.0257, 0.0353, 0.0456, 0.0117], [0.6382, 0.0888, 0.0222, 0.0696, 0.0645, 0.0848, 0.0319], [0.5794, 0.0878, 0.034, 0.0743, 0.0796, 0.0733, 0.0716], [0.7034, 0.0357, 0.0596, 0.0411, 0.0226, 0.058, 0.0795], [0.7132, 0.0647, 0.0378, 0.0358, 0.074, 0.0289, 0.0457], [0.6899, 0.0686, 0.0454, 0.0592, 0.0629, 0.0548, 0.0192], [0.7031, 0.0167, 0.0189, 0.0418, 0.0566, 0.0896, 0.0734], [0.7401, 0.0583, 0.059, 0.0365, 0.03, 0.0408, 0.0353], [0.7476, 0.0479, 0.0413, 0.0191, 0.0308, 0.0694, 0.044], [0.6346, 0.0844, 0.0648, 0.0578, 0.0632, 0.0691, 0.026], [0.7203, 0.086, 0.0228, 0.0544, 0.0778, 0.0156, 0.0231], [0.7512, 0.0189, 0.0175, 0.0384, 0.0901, 0.0359, 0.0481]], "emotions": ["red", "red", "red", "red", "red", "red", "red", "red", "red", "red", "red", "red", "red", "red", "red", "red", "red", "red", "red", "red", "red", "red", "red", "red", "red", "red", "red", "red", "red", "red", "red", "red", "red", "red", "red", "red", "red", "red", "red", "red", "red", "red", "red", "red", "red", "red", "red", "red", "red", "red", "red", "red", "red", "red", "red", "red", "red", "red", "red", "red", "red", "red", "red", "red", "red", "red", "red", "red", "red", "red", "red", "red", "red", "red", "red", "red", "red", "red", "red", "red"], "timestamps": [0, 40, 80, 120, 160, 200, 240, 280, 320, 360, 400, 440, 480, 520, 560, 600, 640, 680, 720, 760, 800, 840, 880, 920, 960, 1000, 1040, 1080, 1120, 1160, 1200, 1240, 1280, 1320, 1360, 1400, 1440, 1480, 1520, 1560, 1600, 1640, 1680, 1720, 1760, 1800, 1840, 1880, 1920, 1960, 2000, 2040, 2080, 2120, 2160, 2200, 2240, 2280, 2320, 2360, 2400, 2440, 2480, 2520, 2560, 2600, 2640, 2680, 2720, 2760, 2800, 2840, 2880, 2920, 2960, 3000, 3040, 3080, 3120, 3160]}], "conversation": [], "conversation_timestamps": []}