{"agent_id": "agent-green-577", "type": "green", "trips": [{"trip_id": 0, "transport_method": "bus", "start_time": 0, "path": [[1.4942312, 42.4914312], [1.4941775, 42.491425], [1.4941237, 42.4914188], [1.49407, 42.4914126], [1.494016, 42.4914159], [1.493962, 42.4914198], [1.4939081, 42.4914236], [1.4938541, 42.4914274], [1.4938001, 42.4914312], [1.4937462, 42.491435], [1.4936922, 42.4914391], [1.4936384, 42.4914445], [1.4935845, 42.4914499], [1.4935307, 42.4914553], [1.4934769, 42.4914607], [1.4934233, 42.4914644], [1.4933729, 42.4914446], [1.4933225, 42.4914249], [1.493276, 42.4913981], [1.4932325, 42.491366], [1.4931889, 42.4913339], [1.4931454, 42.4913018], [1.4931019, 42.4912697], [1.4930583, 42.4912375], [1.4930091, 42.4912185], [1.4929559, 42.4912085], [1.4929027, 42.4911985], [1.4928754, 42.4912372], [1.4928718, 42.491275], [1.4929259, 42.4912744], [1.49298, 42.4912738], [1.4930341, 42.4912732], [1.4930882, 42.4912726], [1.4931423, 42.491272], [1.4931965, 42.4912713], [1.4932506, 42.4912707], [1.4933047, 42.4912701], [1.4933588, 42.4912695], [1.4934129, 42.4912689], [1.493467, 42.4912683], [1.4935211, 42.4912677], [1.4935752, 42.4912671], [1.4936293, 42.4912665], [1.4936834, 42.4912659], [1.4937375, 42.4912653], [1.4937916, 42.4912647], [1.4938457, 42.4912641], [1.4938998, 42.4912635], [1.4939539, 42.4912629], [1.494008, 42.4912623], [1.4940621, 42.4912617], [1.4941162, 42.4912611], [1.4941703, 42.4912605], [1.4942244, 42.4912599], [1.4942582, 42.4912746], [1.4942429, 42.4913265], [1.4942275, 42.4913784], [1.4942316, 42.4914308], [1.4942684, 42.4913911], [1.4943052, 42.4913515], [1.494342, 42.4913118], [1.4943788, 42.4912722], [1.4944156, 42.4912325], [1.4944524, 42.4911929], [1.4944892, 42.4911532], [1.494526, 42.4911135], [1.4945628, 42.4910739], [1.4945996, 42.4910342], [1.4946364, 42.4909946], [1.4946732, 42.4909549], [1.49471, 42.4909153], [1.4947468, 42.4908756], [1.4947836, 42.4908359], [1.4948204, 42.4907963], [1.4948572, 42.4907566], [1.4949037, 42.4907301], [1.4949555, 42.4907191], [1.4949988, 42.490694], [1.495035, 42.4906538], [1.4950712, 42.4906137]], "mood_vectors": [[0.0471, 0.0767, 0.0273, 0.0859, 0.0817, 0.0744, 0.607], [0.0249, 0.0668, 0.042, 0.0564, 0.051, 0.0603, 0.6987], [0.0349, 0.0938, 0.0194, 0.0701, 0.0322, 0.0376, 0.7121], [0.0298, 0.0665, 0.02, 0.0395, 0.0263, 0.0546, 0.7634], [0.0742, 0.0279, 0.0589, 0.0691, 0.0801, 0.046, 0.6437], [0.0169, 0.035, 0.0866, 0.0859, 0.0294, 0.0785, 0.6676], [0.0907, 0.0591, 0.0561, 0.0526, 0.0544, 0.018, 0.6691], [0.1013, 0.0221, 0.0526, 0.0676, 0.0213, 0.0266, 0.7084], [0.0476, 0.0569, 0.0558, 0.0514, 0.0537, 0.0159, 0.7187], [0.0472, 0.014, 0.0695, 0.0151, 0.0237, 0.027, 0.8034], [0.0592, 0.0267, 0.0821, 0.0453, 0.0217, 0.0233, 0.7418], [0.0135, 0.0204, 0.0186, 0.0481, 0.0448, 0.0711, 0.7835], [0.0712, 0.0554, 0.0316, 0.0387, 0.0625, 0.0131, 0.7275], [0.0354, 0.0405, 0.0699, 0.0513, 0.0337, 0.0736, 0.6958], [0.0873, 0.0407, 0.0161, 0.0396, 0.0308, 0.0794, 0.7061], [0.0119, 0.0239, 0.055, 0.0437, 0.0547, 0.0551, 0.7557], [0.0158, 0.0764, 0.0235, 0.085, 0.0497, 0.0261, 0.7235], [0.0494, 0.0445, 0.0334, 0.0695, 0.0334, 0.058, 0.7118], [0.0359, 0.0177, 0.0264, 0.077, 0.0823, 0.0479, 0.7129], [0.0942, 0.048, 0.0773, 0.0223, 0.0231, 0.0698, 0.6654], [0.0722, 0.0516, 0.0273, 0.0271, 0.029, 0.0315, 0.7614], [0.0227, 0.0698, 0.0133, 0.0697, 0.0589, 0.0491, 0.7165], [0.0246, 0.0656, 0.0577, 0.0413, 0.0441, 0.0175, 0.7491], [0.0823, 0.0739, 0.0253, 0.0751, 0.0634, 0.0686, 0.6113], [0.028, 0.0624, 0.0704, 0.061, 0.0609, 0.0736, 0.6438], [0.0743, 0.0341, 0.0649, 0.0164, 0.0669, 0.0311, 0.7124], [0.0213, 0.0287, 0.0334, 0.073, 0.0755, 0.0673, 0.7008], [0.0761, 0.0827, 0.036, 0.0206, 0.0702, 0.0681, 0.6463], [0.0633, 0.0367, 0.0529, 0.0644, 0.0764, 0.0285, 0.6778], [0.0407, 0.0867, 0.0869, 0.0544, 0.0676, 0.0301, 0.6337], [0.069, 0.057, 0.0345, 0.0501, 0.06, 0.0566, 0.6728], [0.0146, 0.0529, 0.0607, 0.0354, 0.0746, 0.0529, 0.7089], [0.0209, 0.038, 0.0298, 0.0327, 0.0556, 0.0791, 0.7438], [0.0246, 0.0805, 0.0138, 0.0619, 0.0513, 0.0611, 0.7068], [0.0462, 0.0331, 0.0468, 0.0182, 0.0721, 0.0362, 0.7474], [0.0353, 0.0425, 0.0386, 0.0372, 0.0728, 0.0547, 0.7189], [0.0421, 0.0563, 0.034, 0.0752, 0.0163, 0.0672, 0.7091], [0.0642, 0.0719, 0.0802, 0.0566, 0.0459, 0.0234, 0.6578], [0.1004, 0.0435, 0.076, 0.0534, 0.0172, 0.0683, 0.6413], [0.0543, 0.0845, 0.0522, 0.0168, 0.0432, 0.0263, 0.7227], [0.0735, 0.0547, 0.0766, 0.0158, 0.0559, 0.0622, 0.6613], [0.0792, 0.0328, 0.0142, 0.0567, 0.0866, 0.0308, 0.6997], [0.0426, 0.0844, 0.0515, 0.0556, 0.0296, 0.069, 0.6673], [0.0315, 0.0366, 0.0545, 0.0724, 0.022, 0.0736, 0.7094], [0.089, 0.0602, 0.0749, 0.036, 0.0221, 0.0752, 0.6426], [0.0189, 0.0263, 0.0693, 0.0422, 0.0516, 0.0387, 0.753], [0.0264, 0.054, 0.0692, 0.0327, 0.0565, 0.0401, 0.7211], [0.057, 0.0309, 0.0349, 0.0668, 0.0613, 0.0674, 0.6817], [0.0738, 0.0171, 0.0645, 0.0277, 0.043, 0.0585, 0.7155], [0.0252, 0.0274, 0.0313, 0.0816, 0.0644, 0.0376, 0.7325], [0.0691, 0.0639, 0.0747, 0.057, 0.0524, 0.0394, 0.6435], [0.025, 0.0186, 0.0202, 0.0309, 0.0605, 0.0262, 0.8186], [0.0356, 0.023, 0.0635, 0.0758, 0.0756, 0.0429, 0.6835], [0.0195, 0.0729, 0.0511, 0.02, 0.0851, 0.0674, 0.684], [0.0365, 0.0844, 0.068, 0.074, 0.0361, 0.0587, 0.6422], [0.052, 0.0665, 0.0288, 0.0519, 0.0191, 0.0246, 0.7571], [0.0377, 0.0541, 0.0412, 0.0706, 0.0335, 0.0253, 0.7376], [0.0508, 0.0397, 0.056, 0.0734, 0.0281, 0.0132, 0.7388], [0.0348, 0.0683, 0.0708, 0.0915, 0.0532, 0.026, 0.6554], [0.0371, 0.031, 0.0408, 0.0187, 0.0141, 0.0381, 0.8203], [0.0654, 0.0797, 0.0496, 0.0123, 0.0735, 0.0788, 0.6407], [0.0831, 0.0581, 0.0725, 0.0285, 0.0482, 0.0175, 0.692], [0.0394, 0.0905, 0.0568, 0.0336, 0.064, 0.0387, 0.677], [0.0379, 0.0774, 0.047, 0.0827, 0.0787, 0.0751, 0.6012], [0.0618, 0.0712, 0.0307, 0.051, 0.0584, 0.0615, 0.6653], [0.036, 0.065, 0.0498, 0.0793, 0.0656, 0.0347, 0.6694], [0.0178, 0.0345, 0.0642, 0.032, 0.0156, 0.0427, 0.7932], [0.075, 0.06, 0.034, 0.0348, 0.0867, 0.0836, 0.626], [0.0372, 0.0658, 0.0635, 0.0805, 0.047, 0.0493, 0.6566], [0.0339, 0.0688, 0.0128, 0.0568, 0.0677, 0.0782, 0.6817], [0.0412, 0.0475, 0.0201, 0.0356, 0.0835, 0.0659, 0.7063], [0.0585, 0.0818, 0.0807, 0.0172, 0.0702, 0.0552, 0.6365], [0.0245, 0.0259, 0.0406, 0.0648, 0.0348, 0.0784, 0.7309], [0.0727, 0.0616, 0.0182, 0.0687, 0.0575, 0.048, 0.6733], [0.0557, 0.0547, 0.0746, 0.0614, 0.0194, 0.0298, 0.7044], [0.0186, 0.0208, 0.0341, 0.0285, 0.0732, 0.0214, 0.8034], [0.035, 0.022, 0.0178, 0.0464, 0.0667, 0.0656, 0.7464], [0.0663, 0.0436, 0.0757, 0.0641, 0.0272, 0.0798, 0.6433], [0.0253, 0.03, 0.0623, 0.026, 0.0791, 0.0585, 0.7188], [0.0763, 0.0811, 0.0559, 0.034, 0.0552, 0.0133, 0.6843]], "emotions": ["purple", "purple", "purple", "purple", "purple", "purple", "purple", "purple", "purple", "purple", "purple", "purple", "purple", "purple", "purple", "purple", "purple", "purple", "purple", "purple", "purple", "purple", "purple", "purple", "purple", "purple", "purple", "purple", "purple", "purple", "purple", "purple", "purple", "purple", "purple", "purple", "purple", "purple", "purple", "purple", "purple", "purple", "purple", "purple", "purple", "purple", "purple", "purple", "purple", "purple", "purple", "purple", "purple", "purple", "purple", "purple", "purple", "purple", "purple", "purple", "purple", "purple", "purple", "purple", "purple", "purple", "purple", "purple", "purple", "purple", "purple", "purple", "purple", "purple", "purple", "purple", "purple", "purple", "purple", "purple"], "timestamps": [0, 40, 80, 120, 160, 200, 240, 280, 320, 360, 400, 440, 480, 520, 560, 600, 640, 680, 720, 760, 800, 840, 880, 920, 960, 1000, 1040, 1080, 1120, 1160, 1200, 1240, 1280, 1320, 1360, 1400, 1440, 1480, 1520, 1560, 1600, 1640, 1680, 1720, 1760, 1800, 1840, 1880, 1920, 1960, 2000, 2040, 2080, 2120, 2160, 2200, 2240, 2280, 2320, 2360, 2400, 2440, 2480, 2520, 2560, 2600, 2640, 2680, 2720, 2760, 2800, 2840, 2880, 2920, 2960, 3000, 3040, 3080, 3120, 3160]}], "conversation": [], "conversation_timestamps": []}