{"agent_id": "agent-green-1617", "type": "green", "trips": [{"trip_id": 0, "transport_method": "car", "start_time": 0, "path": [[1.5434832, 42.5131027], [1.5434482, 42.5128281], [1.543344, 42.5125615], [1.5431474, 42.5123939], [1.542874, 42.5123089], [1.5431161, 42.5123102], [1.5432412, 42.5124392], [1.542955, 42.5124334], [1.5426687, 42.5124275], [1.5423825, 42.5124217], [1.5420962, 42.5124158], [1.54181, 42.51241], [1.5415243, 42.5124015], [1.5412447, 42.5123407], [1.5409599, 42.512347], [1.5406763, 42.5123861], [1.5403905, 42.5124001], [1.5401044, 42.5124112], [1.5398515, 42.5125316], [1.5395673, 42.5125668], [1.5393443, 42.5125428], [1.5393435, 42.5122964], [1.5390947, 42.5124225], [1.5392792, 42.5126082], [1.5392728, 42.5123881], [1.5390861, 42.5123085], [1.5388439, 42.5124597], [1.5385995, 42.5126054], [1.5383179, 42.5126565], [1.5380353, 42.5127022], [1.5377522, 42.5127448], [1.5374738, 42.5128082], [1.5371977, 42.512884], [1.5369171, 42.5129396], [1.5366419, 42.5130185], [1.5363717, 42.5131118], [1.5361032, 42.5130495], [1.5359507, 42.5128072], [1.5357004, 42.5127185], [1.5354207, 42.5127797], [1.535141, 42.5128409], [1.5349423, 42.5127346], [1.5348166, 42.5124774], [1.5346909, 42.5122201], [1.5348106, 42.512231], [1.534953, 42.5124749], [1.5350141, 42.5127539], [1.5349075, 42.5127489], [1.534724, 42.5125291], [1.5345405, 42.5123093], [1.5343571, 42.5120895], [1.5341245, 42.511938], [1.5338617, 42.5118249], [1.5336425, 42.5116446], [1.5334272, 42.5114873], [1.5333135, 42.5112462], [1.5331618, 42.5110197], [1.5328997, 42.5109068], [1.5326275, 42.5108182], [1.5323544, 42.5107322], [1.5320813, 42.5106463], [1.5318099, 42.5105551], [1.5315398, 42.5104605], [1.5312735, 42.5103551], [1.5310144, 42.5102334], [1.5307325, 42.5101967], [1.5304514, 42.5102475], [1.5301674, 42.5102139], [1.529884, 42.5101734], [1.529598, 42.5101671], [1.5294506, 42.5102571], [1.5295798, 42.5105017], [1.529305, 42.510447], [1.5290426, 42.5103325], [1.5287797, 42.5102192], [1.5285161, 42.5101075], [1.5282525, 42.5099957], [1.5279889, 42.509884], [1.5277283, 42.5097654], [1.5274622, 42.5096724]], "mood_vectors": [[0.0478, 0.0817, 0.0405, 0.0715, 0.0739, 0.0644, 0.6202], [0.0506, 0.0366, 0.024, 0.0441, 0.0158, 0.0814, 0.7475], [0.0571, 0.0582, 0.0243, 0.0326, 0.052, 0.0437, 0.7321], [0.038, 0.0514, 0.0451, 0.0481, 0.0841, 0.031, 0.7023], [0.0178, 0.0562, 0.0261, 0.075, 0.066, 0.0302, 0.7287], [0.0414, 0.0586, 0.0159, 0.0793, 0.067, 0.0212, 0.7165], [0.0558, 0.0432, 0.06, 0.0424, 0.0794, 0.0573, 0.6619], [0.0412, 0.0344, 0.0509, 0.0776, 0.0896, 0.0235, 0.6828], [0.0584, 0.0676, 0.0712, 0.0273, 0.0694, 0.0412, 0.6649], [0.0354, 0.0795, 0.0417, 0.0598, 0.0248, 0.0293, 0.7294], [0.0719, 0.0321, 0.0632, 0.0376, 0.043, 0.0653, 0.6868], [0.0793, 0.0174, 0.085, 0.0204, 0.0601, 0.0151, 0.7228], [0.0302, 0.0629, 0.0344, 0.0523, 0.0599, 0.0526, 0.7077], [0.0433, 0.0669, 0.0859, 0.031, 0.0276, 0.0914, 0.6539], [0.0798, 0.0322, 0.0448, 0.098, 0.0384, 0.0501, 0.6567], [0.046, 0.0117, 0.0646, 0.045, 0.0686, 0.0526, 0.7115], [0.033, 0.0192, 0.0565, 0.0431, 0.07, 0.0373, 0.741], [0.0293, 0.0736, 0.0281, 0.0205, 0.048, 0.0295, 0.771], [0.0289, 0.0719, 0.0487, 0.0398, 0.0578, 0.0739, 0.6789], [0.0645, 0.0701, 0.0702, 0.0673, 0.0421, 0.0795, 0.6063], [0.0403, 0.0408, 0.0261, 0.067, 0.0742, 0.044, 0.7077], [0.0152, 0.0165, 0.0741, 0.0447, 0.0502, 0.0245, 0.7747], [0.0548, 0.052, 0.0712, 0.0668, 0.0827, 0.032, 0.6406], [0.0433, 0.0182, 0.0224, 0.0393, 0.0895, 0.0436, 0.7437], [0.0198, 0.0391, 0.0607, 0.0548, 0.077, 0.0333, 0.7151], [0.0736, 0.072, 0.0669, 0.0454, 0.0762, 0.0233, 0.6426], [0.0371, 0.0765, 0.053, 0.0937, 0.0333, 0.0471, 0.6592], [0.0479, 0.059, 0.0741, 0.0831, 0.0173, 0.0579, 0.6608], [0.0604, 0.0804, 0.016, 0.0585, 0.0766, 0.0778, 0.6305], [0.0112, 0.0687, 0.0503, 0.0221, 0.0436, 0.0732, 0.7309], [0.0665, 0.0751, 0.0272, 0.0191, 0.0694, 0.0433, 0.6994], [0.0776, 0.0208, 0.0222, 0.0741, 0.0764, 0.0233, 0.7057], [0.102, 0.0369, 0.0336, 0.0506, 0.0189, 0.0264, 0.7316], [0.0798, 0.0655, 0.0829, 0.0768, 0.0187, 0.0274, 0.6488], [0.0165, 0.071, 0.0561, 0.0179, 0.0742, 0.0962, 0.6681], [0.0644, 0.037, 0.0187, 0.029, 0.0831, 0.0349, 0.7329], [0.0567, 0.0173, 0.0859, 0.0524, 0.0204, 0.098, 0.6692], [0.0326, 0.067, 0.0291, 0.067, 0.0318, 0.0309, 0.7417], [0.0541, 0.0283, 0.0641, 0.0827, 0.0139, 0.0632, 0.6938], [0.0461, 0.0677, 0.0255, 0.0486, 0.0565, 0.036, 0.7196], [0.0587, 0.0414, 0.0716, 0.0437, 0.0766, 0.0536, 0.6544], [0.0233, 0.0162, 0.0187, 0.0691, 0.0788, 0.0626, 0.7312], [0.0504, 0.0688, 0.0643, 0.0329, 0.0496, 0.0423, 0.6917], [0.0215, 0.048, 0.0415, 0.0253, 0.0669, 0.0363, 0.7605], [0.0431, 0.0336, 0.03, 0.0909, 0.0168, 0.0903, 0.6954], [0.0751, 0.0475, 0.0264, 0.0548, 0.0634, 0.035, 0.6976], [0.0691, 0.0618, 0.0514, 0.0396, 0.0542, 0.0502, 0.6737], [0.0701, 0.0492, 0.0726, 0.0516, 0.0549, 0.0439, 0.6577], [0.0439, 0.0366, 0.0539, 0.0697, 0.0181, 0.0487, 0.7291], [0.0319, 0.0359, 0.0218, 0.0714, 0.0279, 0.0617, 0.7494], [0.0572, 0.0418, 0.0492, 0.0344, 0.0442, 0.0319, 0.7413], [0.0577, 0.0497, 0.0619, 0.0419, 0.0535, 0.0168, 0.7185], [0.0548, 0.0809, 0.0578, 0.0392, 0.0359, 0.0262, 0.7052], [0.0622, 0.0134, 0.0723, 0.0747, 0.0614, 0.049, 0.6672], [0.0524, 0.0185, 0.071, 0.0398, 0.0283, 0.1014, 0.6885], [0.0598, 0.0703, 0.0504, 0.0782, 0.0304, 0.0176, 0.6934], [0.0526, 0.0704, 0.0362, 0.0438, 0.0359, 0.0465, 0.7145], [0.0524, 0.0433, 0.07, 0.0849, 0.0409, 0.076, 0.6327], [0.068, 0.0569, 0.0203, 0.0232, 0.0754, 0.0239, 0.7324], [0.0183, 0.0181, 0.0269, 0.0779, 0.0579, 0.0231, 0.7778], [0.0168, 0.0522, 0.0361, 0.0561, 0.0635, 0.0676, 0.7077], [0.0443, 0.0481, 0.0196, 0.0417, 0.0623, 0.0738, 0.7102], [0.0196, 0.0416, 0.0262, 0.0547, 0.066, 0.0635, 0.7283], [0.0469, 0.0521, 0.0552, 0.0565, 0.019, 0.0185, 0.7518], [0.0175, 0.0751, 0.057, 0.0462, 0.0664, 0.0535, 0.6843], [0.09, 0.025, 0.017, 0.0525, 0.0859, 0.0408, 0.6888], [0.0256, 0.0421, 0.0129, 0.0746, 0.061, 0.0552, 0.7285], [0.0828, 0.0248, 0.0437, 0.0279, 0.0615, 0.0211, 0.7382], [0.0543, 0.0217, 0.0358, 0.0759, 0.0767, 0.021, 0.7147], [0.0701, 0.0377, 0.0817, 0.0906, 0.0572, 0.0143, 0.6485], [0.0595, 0.031, 0.0915, 0.0405, 0.0316, 0.0827, 0.6632], [0.0152, 0.0379, 0.0694, 0.0361, 0.0665, 0.0155, 0.7594], [0.048, 0.082, 0.0298, 0.0757, 0.0765, 0.0436, 0.6445], [0.0565, 0.073, 0.025, 0.0365, 0.0751, 0.0113, 0.7226], [0.0728, 0.0466, 0.0721, 0.0664, 0.0666, 0.0542, 0.6212], [0.0422, 0.0508, 0.0611, 0.0302, 0.0392, 0.0374, 0.7391], [0.0678, 0.0286, 0.0422, 0.0307, 0.0653, 0.0466, 0.7188], [0.0678, 0.0388, 0.0665, 0.0552, 0.0415, 0.0582, 0.6719], [0.0201, 0.0419, 0.0412, 0.0913, 0.0327, 0.0709, 0.7019], [0.0782, 0.0505, 0.0297, 0.0475, 0.0222, 0.0473, 0.7247]], "emotions": ["purple", "purple", "purple", "purple", "purple", "purple", "purple", "purple", "purple", "purple", "purple", "purple", "purple", "purple", "purple", "purple", "purple", "purple", "purple", "purple", "purple", "purple", "purple", "purple", "purple", "purple", "purple", "purple", "purple", "purple", "purple", "purple", "purple", "purple", "purple", "purple", "purple", "purple", "purple", "purple", "purple", "purple", "purple", "purple", "purple", "purple", "purple", "purple", "purple", "purple", "purple", "purple", "purple", "purple", "purple", "purple", "purple", "purple", "purple", "purple", "purple", "purple", "purple", "purple", "purple", "purple", "purple", "purple", "purple", "purple", "purple", "purple", "purple", "purple", "purple", "purple", "purple", "purple", "purple", "purple"], "timestamps": [0, 40, 80, 120, 160, 200, 240, 280, 320, 360, 400, 440, 480, 520, 560, 600, 640, 680, 720, 760, 800, 840, 880, 920, 960, 1000, 1040, 1080, 1120, 1160, 1200, 1240, 1280, 1320, 1360, 1400, 1440, 1480, 1520, 1560, 1600, 1640, 1680, 1720, 1760, 1800, 1840, 1880, 1920, 1960, 2000, 2040, 2080, 2120, 2160, 2200, 2240, 2280, 2320, 2360, 2400, 2440, 2480, 2520, 2560, 2600, 2640, 2680, 2720, 2760, 2800, 2840, 2880, 2920, 2960, 3000, 3040, 3080, 3120, 3160]}], "conversation": [], "conversation_timestamps": []}