{
  "agent_id": "agent-type-purple-66",
  "type": "purple",
  "trips": [
    {
      "trip_id": 0,
      "transport_method": "foot",
      "start_time": 0,
      "path": [
        [
          1.5169659,
          42.50744600000001
        ],
        [
          1.5172310740472692,
          42.50762193221082
        ],
        [
          1.5174949475786645,
          42.50779977321516
        ],
        [
          1.5177574573731445,
          42.507979656582776
        ],
        [
          1.5180199671676244,
          42.5081595399504
        ],
        [
          1.5182824769621046,
          42.50833942331802
        ],
        [
          1.5185769519658632,
          42.50845345428822
        ],
        [
          1.5186450762953083,
          42.50839218269899
        ],
        [
          1.5187316122681556,
          42.508211348729304
        ],
        [
          1.519018174981384,
          42.508072960761865
        ],
        [
          1.5193047376946125,
          42.50793457279443
        ],
        [
          1.519551890649986,
          42.50787326825081
        ],
        [
          1.5196075070861337,
          42.50818659911456
        ],
        [
          1.5196631235222815,
          42.5084999299783
        ],
        [
          1.5196336600415705,
          42.50833393915797
        ],
        [
          1.5195780436054227,
          42.508020608294224
        ],
        [
          1.519644232628012,
          42.50776793133422
        ],
        [
          1.5198932918325367,
          42.507627606781014
        ],
        [
          1.5195837386573952,
          42.50755380806894
        ],
        [
          1.5193454145177465,
          42.50749699064313
        ],
        [
          1.5196549676928883,
          42.507570789355206
        ],
        [
          1.5199639509171325,
          42.507617022877604
        ],
        [
          1.5201606606606755,
          42.5074751929063
        ],
        [
          1.5198581565190545,
          42.507376396841366
        ],
        [
          1.5197467118538972,
          42.507205973067116
        ],
        [
          1.5197432872360948,
          42.50701783383258
        ],
        [
          1.5194393,
          42.5069237
        ]
      ],
      "emotions": [
        "purple",
        "purple",
        "purple",
        "purple",
        "purple",
        "red",
        "red",
        "red",
        "red",
        "red",
        "green",
        "green",
        "green",
        "green",
        "green",
        "red",
        "red",
        "red",
        "red",
        "red",
        "red",
        "red",
        "red",
        "red",
        "red",
        "red",
        "red"
      ],
      "mood_vectors": [
        [
          0.11784520606772697,
          0.10932589307109608,
          0.22201038647029067,
          0.007024156224634794,
          0.1521292586243147,
          0.06617416163611411,
          0.3254909379058227
        ],
        [
          0.07454343616763053,
          0.23427506148916513,
          0.004129730265609419,
          0.0960206656231474,
          0.17836906121930443,
          0.23371692962677676,
          0.17894511560836632
        ],
        [
          0.00792522192299261,
          0.26301664387814633,
          0.1016178506890704,
          0.16984936708097687,
          0.15171481979440543,
          0.12010954169539717,
          0.18576655493901117
        ],
        [
          0.1941767452133542,
          0.09261883419538146,
          0.2143057184331803,
          0.16670072278147927,
          0.058505806003089175,
          0.15025059054854636,
          0.12344158282496927
        ],
        [
          0.03161632594503233,
          0.10000917939258624,
          0.2502327587826845,
          0.026916682604528668,
          0.18398698903089425,
          0.16645113675864642,
          0.24078692748562766
        ],
        [
          0.25339868868521354,
          0.1853711794547792,
          0.037540186729125166,
          0.0034200836757077263,
          0.16659252103685632,
          0.2707007806000122,
          0.08297655981830587
        ],
        [
          0.19309059825990812,
          0.13756132223076822,
          0.17259605996800717,
          0.19724443919180562,
          0.050524230540907517,
          0.1360994652765374,
          0.11288388453206602
        ],
        [
          0.1584647215259561,
          0.22434313618100185,
          0.14983505155942,
          0.12774426624150997,
          0.05880055965049982,
          0.20172595282925393,
          0.07908631201235841
        ],
        [
          0.21928477012145395,
          0.13952699352609904,
          0.13369376228128485,
          0.12450479501610598,
          0.0095855802042052,
          0.2513791139690861,
          0.12202498488176494
        ],
        [
          0.17883821600738276,
          0.2848339539830065,
          0.112145174353348,
          0.056509728146657,
          0.27323213448342665,
          0.01497397961300805,
          0.07946681341317108
        ],
        [
          0.14734087683532826,
          0.15661431051531435,
          0.017026129112460212,
          0.08156371323294345,
          0.1232051076376976,
          0.26740978175721886,
          0.20684008090903724
        ],
        [
          0.1847776813365973,
          0.04708468484302184,
          0.2935540576494995,
          0.06579456762496849,
          0.14136792650787589,
          0.19157954852158524,
          0.07584153351645186
        ],
        [
          0.0807255964335756,
          0.27627806350207823,
          0.11640717218542111,
          0.3044718375702255,
          0.015727389626229334,
          0.07319370593279022,
          0.13319623474968
        ],
        [
          0.12936858608929935,
          0.1840768829109371,
          0.09633282712930677,
          0.15603923281974771,
          0.06507003309886297,
          0.2561026296390483,
          0.11300980831279779
        ],
        [
          0.18303845512380473,
          0.13536038750448665,
          0.21652605987931953,
          0.07029547739774374,
          0.17169183359100756,
          0.036471295721858574,
          0.18661649078177922
        ],
        [
          0.29858165801489844,
          0.10833952730482266,
          0.0349110050837427,
          0.2521942087805884,
          0.12285073705647571,
          0.0036805430685738767,
          0.17944232069089816
        ],
        [
          0.2608350368446577,
          0.34105540622518216,
          0.0324834557612671,
          0.18145698561256082,
          0.10846834332163743,
          0.023344065497941532,
          0.05235670673675325
        ],
        [
          0.0539161257027511,
          0.10028415854206434,
          0.10440771134392889,
          0.13082943883683504,
          0.29371041758168476,
          0.09030832086089141,
          0.22654382713184448
        ],
        [
          0.1914443841932316,
          0.08711469457242715,
          0.05350645414698507,
          0.20448415941191006,
          0.03753437999932851,
          0.22617520031013066,
          0.19974072736598694
        ],
        [
          0.12907596093601145,
          0.09544671981398282,
          0.16008213843345084,
          0.2922523508227118,
          0.13253095454736843,
          0.13459982008713076,
          0.05601205535934397
        ],
        [
          0.13204683897584335,
          0.1518876332931733,
          0.1858849700501538,
          0.22621419971020718,
          0.0038326517061510394,
          0.07519947585137163,
          0.2249342304130997
        ],
        [
          0.17280398406438374,
          0.09451241809708223,
          0.21499050426603622,
          0.2499672000543121,
          0.031049631818176635,
          0.13627555535475933,
          0.10040070634524975
        ],
        [
          0.07054878160391478,
          0.038994673007661476,
          0.1751506409565464,
          0.2816961809585464,
          0.008502869479182938,
          0.18668972871590112,
          0.23841712527824685
        ],
        [
          0.04132198857213337,
          0.23599350645687964,
          0.1552817342764339,
          0.12386348958772754,
          0.08313788852485401,
          0.15655013486899175,
          0.20385125771297982
        ],
        [
          0.12394180944429165,
          0.2291677646054209,
          0.26117386991078007,
          0.16795479726593363,
          0.13260667684429017,
          0.04044101699160184,
          0.04471406493768178
        ],
        [
          0.2761629565145718,
          0.10205757424779982,
          0.1544221229313172,
          0.20531235605119952,
          0.20732045252204917,
          0.0436714162262751,
          0.011053121506787387
        ],
        [
          0.06462918193957921,
          0.09178421272018622,
          0.0593745129831052,
          0.20705843147558095,
          0.287600816563344,
          0.1245060971761198,
          0.16504674714208467
        ]
      ],
      "timestamps": [
        0,
        1,
        2,
        3,
        4,
        5,
        6,
        7,
        8,
        9,
        10,
        11,
        12,
        13,
        14,
        15,
        16,
        17,
        18,
        19,
        20,
        21,
        22,
        23,
        24,
        25,
        26
      ],
      "distance": 468.1
    },
    {
      "trip_id": 1,
      "transport_method": "car",
      "start_time": 27,
      "path": [
        [
          1.5196195999999997,
          42.5065676
        ],
        [
          1.5192428239901479,
          42.50666385368235
        ],
        [
          1.5190163253189026,
          42.50639925759442
        ],
        [
          1.5186316463391114,
          42.506161105361286
        ],
        [
          1.5183687081930763,
          42.50571274730101
        ],
        [
          1.5184408671995857,
          42.505224400027316
        ],
        [
          1.5187865351332004,
          42.50496532290363
        ],
        [
          1.5193001293294979,
          42.50507346223831
        ],
        [
          1.5197604834918803,
          42.50509945801142
        ],
        [
          1.5198218997908333,
          42.50462505240414
        ],
        [
          1.5194187848571328,
          42.50451801022158
        ],
        [
          1.518911528623761,
          42.50438323549145
        ],
        [
          1.5187051581130764,
          42.50469895800991
        ],
        [
          1.5185531455760166,
          42.504874686720036
        ],
        [
          1.5183997741829267,
          42.50532375320904
        ],
        [
          1.518474327498019,
          42.50545825841544
        ],
        [
          1.518426811755215,
          42.50585874036689
        ],
        [
          1.5187277851455714,
          42.50628539264587
        ],
        [
          1.5185042871332612,
          42.50599645665754
        ],
        [
          1.5183911735719566,
          42.50557131968528
        ],
        [
          1.5189023881523143,
          42.50550216133117
        ],
        [
          1.519413719549221,
          42.50562053918684
        ],
        [
          1.5199250509461275,
          42.50573891704251
        ],
        [
          1.520436382343034,
          42.50585729489818
        ],
        [
          1.5209175933987256,
          42.505946746821046
        ],
        [
          1.5214077461209785,
          42.50613442586368
        ],
        [
          1.5218867158726745,
          42.50626189439364
        ],
        [
          1.522379576604864,
          42.506341241969594
        ],
        [
          1.5228908759559703,
          42.50645289418395
        ],
        [
          1.5233921804101287,
          42.50660830618499
        ],
        [
          1.5239043038085898,
          42.50672317703893
        ],
        [
          1.5244167456283126,
          42.50683664158307
        ],
        [
          1.5249304106572694,
          42.50694427266885
        ],
        [
          1.525449433035002,
          42.507018869901145
        ],
        [
          1.5259720034156499,
          42.50706779138359
        ],
        [
          1.5264949445946985,
          42.50711245796668
        ],
        [
          1.5270180998941163,
          42.50715466752562
        ],
        [
          1.5275412551935341,
          42.50719687708457
        ],
        [
          1.5278408860611359,
          42.50712034802942
        ],
        [
          1.527531957277055,
          42.506696609911145
        ],
        [
          1.527315578771597,
          42.50622885579531
        ],
        [
          1.5269362394944317,
          42.50587745506504
        ],
        [
          1.5267994886406493,
          42.50606315370174
        ],
        [
          1.5263801325025008,
          42.506363565069826
        ],
        [
          1.5266217843909735,
          42.50623172992793
        ],
        [
          1.5264425637205545,
          42.50632950521396
        ],
        [
          1.5268427317581659,
          42.50600669341874
        ],
        [
          1.5270016449491752,
          42.50590538098954
        ],
        [
          1.5273577719813407,
          42.50628610493347
        ],
        [
          1.5275697467245937,
          42.506756856806696
        ],
        [
          1.5278853105490258,
          42.50717588356439
        ],
        [
          1.527470367821982,
          42.50719115770317
        ],
        [
          1.5269472125225643,
          42.50714894814422
        ],
        [
          1.5264240572231464,
          42.50710673858528
        ],
        [
          1.5262011521589915,
          42.506825215179106
        ],
        [
          1.5260300138790612,
          42.507073222150375
        ],
        [
          1.5255074434984133,
          42.50702430066793
        ],
        [
          1.5249876609234763,
          42.506955094596236
        ],
        [
          1.524473688857346,
          42.50684897753704
        ],
        [
          1.5239611667676516,
          42.506735877864884
        ],
        [
          1.5234489333460544,
          42.50662146616979
        ],
        [
          1.5229465094660037,
          42.506470203708915
        ],
        [
          1.522437194532185,
          42.50636539341271
        ],
        [
          1.52194300322301,
          42.506287035490544
        ],
        [
          1.521483979250305,
          42.50615489957491
        ],
        [
          1.5209921018643837,
          42.50597527604646
        ],
        [
          1.5205141101941644,
          42.50587528960063
        ],
        [
          1.5200027787972576,
          42.50575691174496
        ],
        [
          1.5194914474003511,
          42.5056385338893
        ],
        [
          1.5189801160034446,
          42.505520156033626
        ],
        [
          1.5184688789449308,
          42.50555322816327
        ],
        [
          1.5184563140658014,
          42.50593286891624
        ],
        [
          1.5187765999999998,
          42.5063485
        ]
      ],
      "emotions": [
        "red",
        "red",
        "red",
        "purple",
        "purple",
        "purple",
        "purple",
        "purple",
        "purple",
        "purple",
        "purple",
        "purple",
        "purple",
        "red",
        "red",
        "red",
        "red",
        "red",
        "green",
        "green",
        "green",
        "green",
        "green",
        "purple",
        "purple",
        "purple",
        "purple",
        "purple",
        "purple",
        "purple",
        "purple",
        "purple",
        "purple",
        "green",
        "green",
        "green",
        "green",
        "green",
        "red",
        "red",
        "red",
        "red",
        "red",
        "red",
        "red",
        "red",
        "red",
        "red",
        "purple",
        "purple",
        "purple",
        "purple",
        "purple",
        "green",
        "green",
        "green",
        "green",
        "green",
        "red",
        "red",
        "red",
        "red",
        "red",
        "green",
        "green",
        "green",
        "green",
        "green",
        "red",
        "red",
        "red",
        "red",
        "red"
      ],
      "mood_vectors": [
        [
          0.1581354358051846,
          0.18332231359853887,
          0.17658212222376268,
          0.07109347986588148,
          0.3459068571602135,
          0.05951726198804623,
          0.005442529358372694
        ],
        [
          0.15607612240771204,
          0.2024314309594052,
          0.09523718598892252,
          0.19609813476756893,
          0.1617784025158419,
          0.1095128739803349,
          0.07886584938021442
        ],
        [
          0.003920766026905009,
          0.042292274337261425,
          0.26215451044115645,
          0.22568995236279465,
          0.06783512350355941,
          0.12316713497420709,
          0.274940238354116
        ],
        [
          0.06564457112320958,
          0.4790368131912758,
          0.012164371512835323,
          0.15927921399444817,
          0.15388338349960498,
          0.125042160894774,
          0.004949485783852159
        ],
        [
          0.17397895058030713,
          0.08893465962188798,
          0.1541694461672414,
          0.13763544475919567,
          0.08289093832764703,
          0.29293572277179547,
          0.0694548377719253
        ],
        [
          0.11456451198095827,
          0.06159085613650996,
          0.09783894612673436,
          0.2297470278419199,
          0.095336582424912,
          0.23881853787121718,
          0.1621035376177483
        ],
        [
          0.03978571447400942,
          0.2450281210290133,
          0.040729343828496155,
          0.3104022532589953,
          0.17626557236532106,
          0.06581057367298722,
          0.12197842137117754
        ],
        [
          0.1573886130226557,
          0.0083691227093191,
          0.07588150167073673,
          0.33449098845893366,
          0.029507751142649977,
          0.3089040083347003,
          0.0854580146610045
        ],
        [
          0.1148993607433883,
          0.01642568229361016,
          0.23276826966934794,
          0.1582718915855436,
          0.05775322244703768,
          0.099600030999816,
          0.3202815422612564
        ],
        [
          0.32204765482832287,
          0.10964052180388954,
          0.004453669124286677,
          0.2236127202938946,
          0.05349965229685558,
          0.27568510560296294,
          0.011060676049787825
        ],
        [
          0.1903917324701288,
          0.07819714409348243,
          0.10409597578654937,
          0.139244093723189,
          0.1777269983847936,
          0.1705856743496275,
          0.13975838119222928
        ],
        [
          0.006545356102137734,
          0.22686031423046876,
          0.19838301868278593,
          0.08279994800939064,
          0.24235435883690812,
          0.12966456244790392,
          0.11339244169040497
        ],
        [
          0.1700785361345884,
          0.1751005277092218,
          0.12604860707697652,
          0.21325383953242147,
          0.07972378160948605,
          0.21139960956968615,
          0.024395098367619605
        ],
        [
          0.13340013811001447,
          0.0474660774495014,
          0.007443213472943254,
          0.2379225987748124,
          0.16107760463093523,
          0.3107932265238124,
          0.1018971410379808
        ],
        [
          0.1343450799832795,
          0.12251539603856125,
          0.2178700033463289,
          0.09959924975748864,
          0.08026921462379313,
          0.30926162800626483,
          0.03613942824428375
        ],
        [
          0.050080545430024465,
          0.10227527813300834,
          0.21493194154440481,
          0.23732154514951798,
          0.23049590740205272,
          0.11002849766917727,
          0.05486628467181442
        ],
        [
          0.046377544414363016,
          0.20713260238130982,
          0.21135132291907774,
          0.08980802197960783,
          0.18932234402313078,
          0.18339654887449713,
          0.07261161540801365
        ],
        [
          0.22591466254169726,
          0.10888720098527677,
          0.17289001430130746,
          0.021825472819120856,
          0.26183620835579896,
          0.065433046165397,
          0.1432133948314017
        ],
        [
          0.10576759236341148,
          0.15496242410215644,
          0.06190453273769244,
          0.17684968663973438,
          0.21653032000807718,
          0.16151819403899706,
          0.12246725010993106
        ],
        [
          0.15704708039882892,
          0.09211957870781136,
          0.15681060891023452,
          0.1804911313049461,
          0.15958101965918325,
          0.06351577738786478,
          0.19043480363113108
        ],
        [
          0.2236455359619113,
          0.21271161888147258,
          0.12001406364188227,
          0.1432347259177049,
          0.15876807702840773,
          0.03275128543659892,
          0.10887469313202221
        ],
        [
          0.13222892758411753,
          0.030206767509378046,
          0.21068017457294214,
          0.22867565791073,
          0.274685595681707,
          0.10738362182410603,
          0.01613925491701928
        ],
        [
          0.18433072422032568,
          0.19621838902274227,
          0.03760095591939748,
          0.1155279492504715,
          0.1826072789084278,
          0.054243633217119606,
          0.22947106946151574
        ],
        [
          0.18998016781559196,
          0.09605528625488544,
          0.1200051922008295,
          0.08139614764359292,
          0.18817070068719055,
          0.14053967652882043,
          0.1838528288690891
        ],
        [
          0.01683232538436399,
          0.15382296756729674,
          0.005979581063757567,
          0.1929131818583276,
          0.1459838798744969,
          0.14310818086764118,
          0.34135988338411605
        ],
        [
          0.18187488756270775,
          0.1395515866675847,
          0.008911102240065059,
          0.08706855002469092,
          0.14908745547482846,
          0.200498770991864,
          0.23300764703825905
        ],
        [
          0.188615883887054,
          0.12072106000233584,
          0.17508952698225141,
          0.06878051395539916,
          0.15953192402624575,
          0.09454358927928493,
          0.19271750186742892
        ],
        [
          0.22226602162929432,
          0.1859793651145574,
          0.14084402272334404,
          0.1026838651064212,
          0.20862987814116066,
          0.03823428116244533,
          0.10136256612277711
        ],
        [
          0.10950201811047917,
          0.20660744591923605,
          0.22197006786547685,
          0.2054976700553242,
          0.02200864463156772,
          0.05604638229719366,
          0.17836777112072233
        ],
        [
          0.04212500979255481,
          0.14417783899945522,
          0.10132498121611563,
          0.16470494834718707,
          0.22803751861670732,
          0.02921269369042804,
          0.2904170093375518
        ],
        [
          0.20652713494280164,
          0.1256228491062053,
          0.13028647048745143,
          0.1433005099860409,
          0.2086098557430261,
          0.18393808066351125,
          0.0017150990709634422
        ],
        [
          0.11872957770373666,
          0.10089167913645646,
          0.15441326641846423,
          0.3134800402584233,
          0.11660417811252256,
          0.18753435869185106,
          0.008346899678545794
        ],
        [
          0.24751398264067972,
          0.11830317585350772,
          0.12151882641198548,
          0.01122908149480377,
          0.06534323903992073,
          0.25451248754442557,
          0.181579207014677
        ],
        [
          0.09985556489377932,
          0.12502111072762545,
          0.026236463803780096,
          0.2905812174783999,
          0.22578876216122135,
          0.09271456684731168,
          0.13980231408788232
        ],
        [
          0.001947614033187603,
          0.21255351075877835,
          0.14610746024040164,
          0.22875116955694064,
          0.09126930883454878,
          0.21345014727043488,
          0.10592078930570806
        ],
        [
          0.0396308037483489,
          0.16968614985436864,
          0.19335311296820587,
          0.20473126142111633,
          0.09723681358775318,
          0.09288607073746509,
          0.20247578768274202
        ],
        [
          0.16077340008395322,
          0.0643009091949696,
          0.18750902339084746,
          0.20580106264709125,
          0.009533068705914588,
          0.22360556755889818,
          0.1484769684183257
        ],
        [
          0.15103762393810974,
          0.2407730608653768,
          0.19811754576958063,
          0.3407632234769463,
          0.02308193014980319,
          0.01562807816252875,
          0.030598537637654587
        ],
        [
          0.16550004386660272,
          0.00497150304912629,
          0.0753791697331629,
          0.31983052783709814,
          0.22919056018638512,
          0.15057814825071278,
          0.05455004707691212
        ],
        [
          0.18313387327459144,
          0.07861701051298843,
          0.1482918667535409,
          0.2186613440845646,
          0.11606022528520693,
          0.09413122726189774,
          0.16110445282720998
        ],
        [
          0.06245576098239891,
          0.24231147812812392,
          0.26400701743671123,
          0.010431375966633044,
          0.037344519871804385,
          0.25365985211806785,
          0.12978999549626058
        ],
        [
          0.24907202802958894,
          0.15699530046118262,
          0.15804043315951843,
          0.03985799076539134,
          0.2595448472398421,
          0.08634526255130798,
          0.05014413779316855
        ],
        [
          0.005914286594079916,
          0.19243363817990744,
          0.23593810518278485,
          0.018797516786144622,
          0.30320063756953847,
          0.10712205438435815,
          0.13659376130318662
        ],
        [
          0.07684567709596525,
          0.20388250669657423,
          0.0548409725650241,
          0.2337120131526276,
          0.13392378910418054,
          0.22607064656752704,
          0.07072439481810124
        ],
        [
          0.16800035284072745,
          0.10638708565787126,
          0.1634457171532491,
          0.007368008197240241,
          0.16591734490782653,
          0.2475253258657865,
          0.1413561653772989
        ],
        [
          0.05432454563668056,
          0.25301410817682574,
          0.10236658300568031,
          0.0027180446689883376,
          0.0713690358011429,
          0.21561125694956232,
          0.3005964257611199
        ],
        [
          0.028421166692511754,
          0.10630675724940018,
          0.2849512854265362,
          0.05486732880572189,
          0.06211297826796719,
          0.19788249298393631,
          0.2654579905739265
        ],
        [
          0.093992842941039,
          0.18764644323618174,
          0.1123890672735608,
          0.2303526804525588,
          0.2378976478167897,
          0.046815456544977166,
          0.0909058617348927
        ],
        [
          0.16761262368543473,
          0.20891768131256513,
          0.08413545838764165,
          0.05858344429170357,
          0.2598780748613527,
          0.18245825481150274,
          0.03841446264979942
        ],
        [
          0.25175783110546146,
          0.0006756415015304535,
          0.14219954357692025,
          0.07098480926619058,
          0.14811602699043594,
          0.10986554377116134,
          0.27640060378829995
        ],
        [
          0.2612588321842157,
          0.07200671403549656,
          0.052351578438594275,
          0.11119935426009193,
          0.300065958601807,
          0.09538819181146534,
          0.10772937066832923
        ],
        [
          0.26740491228290536,
          0.09921189743479127,
          0.11020827482316464,
          0.06500309220640034,
          0.20523489056893868,
          0.195499067125597,
          0.05743786555820274
        ],
        [
          0.15217606564834996,
          0.21631439077552406,
          0.13389299963486062,
          0.0946868846831571,
          0.25848023961292305,
          0.006626870383680635,
          0.13782254926150458
        ],
        [
          0.29834344015025427,
          0.10661040590114418,
          0.10535029997003802,
          0.00913867299411186,
          0.13976411025219,
          0.20536005560985449,
          0.13543301512240713
        ],
        [
          0.16375951431575156,
          0.1615456156957616,
          0.15985863805075975,
          0.15993038928653236,
          0.10030863334429381,
          0.08339617382194454,
          0.1712010354849563
        ],
        [
          0.04268448704354129,
          0.018020747182475098,
          0.2606432117527362,
          0.14722733282470477,
          0.16975425975023484,
          0.18096434698646405,
          0.1807056144598438
        ],
        [
          0.025088817627694767,
          0.22409974129452956,
          0.0662505254439082,
          0.11479246606702473,
          0.21085184078703048,
          0.23071307480949976,
          0.12820353397031237
        ],
        [
          0.2578424903121901,
          0.2351586630077147,
          0.018389634326747742,
          0.1820909376359938,
          0.0927671042996485,
          0.12367642516076871,
          0.0900747452569365
        ],
        [
          0.1540525555148673,
          0.12346917306361507,
          0.2115094682656715,
          0.24362375041595136,
          0.1277820464133731,
          0.05390665086906928,
          0.08565635545745233
        ],
        [
          0.10425871608527751,
          0.1217503427582214,
          0.19863715712456229,
          0.108592132405713,
          0.11664710238369431,
          0.16970380066562613,
          0.18041074857690528
        ],
        [
          0.08986387782901707,
          0.20268595247551924,
          0.1777184340005732,
          0.20260716996292027,
          0.16448687832793427,
          0.11013149957184588,
          0.05250618783219008
        ],
        [
          0.16091992636013377,
          0.019889349133382906,
          0.22281355361618838,
          0.1348870934139144,
          0.22335083007588621,
          0.1967696223966967,
          0.041369625003797594
        ],
        [
          0.17207370277134437,
          0.1380370452338152,
          0.1924979896704028,
          0.048965053425563315,
          0.1931474925869095,
          0.1310990796538726,
          0.12417963665809216
        ],
        [
          0.15861825512740538,
          0.0958175854124405,
          0.21061767264721046,
          0.13316876926904236,
          0.11184617960099211,
          0.07334732169083871,
          0.21658421625207058
        ],
        [
          0.1801019246352534,
          0.1308719343475888,
          0.18657835944120954,
          0.16106674625005477,
          0.16293186458187003,
          0.15133638822077525,
          0.027112782523248308
        ],
        [
          0.2499635122653963,
          0.004936717270016199,
          0.0647465337064562,
          0.17070731156116567,
          0.25756760553779345,
          0.07352989588642615,
          0.17854842377274602
        ],
        [
          0.1425784849767006,
          0.0033951814979386796,
          0.003126191731042803,
          0.28776322935114884,
          0.2660600927340298,
          0.27006028787489006,
          0.027016531834249142
        ],
        [
          0.002061168335674813,
          0.09430584573077995,
          0.18443405451109351,
          0.2250780807097715,
          0.19302165439835192,
          0.12946618835709078,
          0.1716330079572376
        ],
        [
          0.20859268372922402,
          0.15157414011253484,
          0.09346791996618546,
          0.21360141825340492,
          0.029635214098588485,
          0.16220709550977705,
          0.14092152833028518
        ],
        [
          0.25728368370914845,
          0.06294669024012169,
          0.25737170950307775,
          0.005451048731905872,
          0.19934057846492223,
          0.06228692805904457,
          0.15531936129177945
        ],
        [
          0.06881880447301435,
          0.07428843545969738,
          0.2081055869238096,
          0.16361993345737638,
          0.11795469555989235,
          0.20877550927002497,
          0.15843703485618496
        ],
        [
          0.12856191913092457,
          0.20978089771221692,
          0.1511526672872122,
          0.17227882334902458,
          0.11677961452471039,
          0.13915717616773576,
          0.08228890182817558
        ],
        [
          0.3173872195662578,
          0.09399052989330682,
          0.05739603446663548,
          0.11055329279116186,
          0.09179466903994962,
          0.16778662910804534,
          0.16109162513464312
        ]
      ],
      "timestamps": [
        27,
        28,
        29,
        30,
        31,
        32,
        33,
        34,
        35,
        36,
        37,
        38,
        39,
        40,
        41,
        42,
        43,
        44,
        45,
        46,
        47,
        48,
        49,
        50,
        51,
        52,
        53,
        54,
        55,
        56,
        57,
        58,
        59,
        60,
        61,
        62,
        63,
        64,
        65,
        66,
        67,
        68,
        69,
        70,
        71,
        72,
        73,
        74,
        75,
        76,
        77,
        78,
        79,
        80,
        81,
        82,
        83,
        84,
        85,
        86,
        87,
        88,
        89,
        90,
        91,
        92,
        93,
        94,
        95,
        96,
        97,
        98,
        99
      ],
      "distance": 433.9
    }
  ],
  "conversation": [
    "I should call them back.",
    "So many tiny businesses tucked into corners.",
    "Hope the traffic isn't too bad."
  ],
  "conversation_timestamps": [
    12,
    18,
    45
  ]
}
