{
  "agent_id": "agent-type-purple-69",
  "type": "purple",
  "trips": [
    {
      "trip_id": 0,
      "transport_method": "car",
      "start_time": 0,
      "path": [
        [
          1.5161151999999996,
          42.5064309
        ],
        [
          1.5167320147734784,
          42.50639334025942
        ],
        [
          1.5160701671757093,
          42.50635370206277
        ],
        [
          1.5167740393013756,
          42.506505359413566
        ],
        [
          1.5177876169490525,
          42.506546154212174
        ],
        [
          1.5173864756273534,
          42.50600223595213
        ],
        [
          1.5183094439352183,
          42.50645364483097
        ],
        [
          1.5189682652885481,
          42.50663470322218
        ],
        [
          1.51975897886833,
          42.50639932562074
        ],
        [
          1.5199958788877068,
          42.50644385477135
        ],
        [
          1.5199555012224983,
          42.50686296841014
        ],
        [
          1.5205022581542724,
          42.50732411566685
        ],
        [
          1.5213268272909535,
          42.50746988573946
        ],
        [
          1.522358338816354,
          42.50752236187074
        ],
        [
          1.5219599767083523,
          42.506744490178285
        ],
        [
          1.522189216512457,
          42.50631042137334
        ],
        [
          1.5222335949571215,
          42.50632025923562
        ],
        [
          1.5219838574834195,
          42.50555199104229
        ],
        [
          1.5222571781393528,
          42.50569480523253
        ],
        [
          1.5219549175574811,
          42.50622685075095
        ],
        [
          1.5227748204093812,
          42.506080100809264
        ],
        [
          1.5232093897585688,
          42.505159607986485
        ],
        [
          1.5227597999265192,
          42.50611191678224
        ],
        [
          1.5219045704086496,
          42.50623107705258
        ],
        [
          1.5219589237194504,
          42.50525839135843
        ],
        [
          1.52243040060319,
          42.50456510901466
        ],
        [
          1.5232309000000002,
          42.50440359999999
        ]
      ],
      "emotions": [
        "green",
        "green",
        "green",
        "green",
        "green",
        "green",
        "green",
        "green",
        "green",
        "green",
        "purple",
        "purple",
        "purple",
        "purple",
        "purple",
        "red",
        "red",
        "red",
        "red",
        "red",
        "purple",
        "purple",
        "purple",
        "purple",
        "purple",
        "green",
        "green"
      ],
      "mood_vectors": [
        [
          0.23274992819549814,
          0.0508548618152132,
          0.02485989587811421,
          0.13188921095548797,
          0.18553879654905706,
          0.22167723276573661,
          0.15243007384089288
        ],
        [
          0.09811729168348073,
          0.21785759994666642,
          0.09793479361669079,
          0.03509296060262955,
          0.17989041373564618,
          0.16392198050438192,
          0.2071849599105043
        ],
        [
          0.11070966163158266,
          0.060815823117630674,
          0.02417441301659999,
          0.13166906709498707,
          0.16888727994984154,
          0.2462044532459702,
          0.25753930194338787
        ],
        [
          0.12735447081727888,
          0.16865371723563558,
          0.1982965591911458,
          0.01792237800524464,
          0.051537324469553794,
          0.16601983864609252,
          0.27021571163504876
        ],
        [
          0.0883167437919737,
          0.28107122350818625,
          0.13469069157551086,
          0.08485836407975013,
          0.1583771736683476,
          0.07151084239655536,
          0.1811749609796761
        ],
        [
          0.02438436110344579,
          0.10310871397919039,
          0.18315279755872757,
          0.05483958673222794,
          0.19056769745443336,
          0.23498591284454612,
          0.20896093032742885
        ],
        [
          0.14219175370876297,
          0.056839626161337635,
          0.1590596611267868,
          0.2104013847906514,
          0.1723518631582916,
          0.1561785566092914,
          0.10297715444487833
        ],
        [
          0.11539117345409287,
          0.10627037506317223,
          0.20334796799560415,
          0.26106654658663525,
          0.13447962253181955,
          0.10783000146277089,
          0.07161431290590498
        ],
        [
          0.13834627129418256,
          0.1205384398391297,
          0.0647056722961852,
          0.24188721742274796,
          0.008213755480115728,
          0.24832253148780206,
          0.17798611217983684
        ],
        [
          0.11510864586177533,
          0.14960653480997907,
          0.12039678988913699,
          0.1562243207424668,
          0.0412375780640273,
          0.21054055544628653,
          0.2068855751863279
        ],
        [
          0.10771045886724144,
          0.3067408466819564,
          0.2868330418215718,
          0.03656335051445453,
          0.06962447950179998,
          0.07330471416462259,
          0.11922310844835321
        ],
        [
          0.21504056393617826,
          0.12550688859278442,
          0.023809833649583147,
          0.1571192101299721,
          0.003729267595722983,
          0.20396489342740495,
          0.2708293426683542
        ],
        [
          0.14338721353519068,
          0.1998071471017007,
          0.21555807196545773,
          0.088553529710991,
          0.1762470755839721,
          0.07992076934419308,
          0.09652619275849472
        ],
        [
          0.027955136078690015,
          0.024001926607108526,
          0.38905080060657676,
          0.12788830049154842,
          0.026182034081991195,
          0.304760433807571,
          0.10016136832651408
        ],
        [
          0.17268679837328227,
          0.14787940020953572,
          0.08890414843673587,
          0.22084220310220778,
          0.14382904923036557,
          0.0031488353382404482,
          0.2227095653096324
        ],
        [
          0.12524015811006467,
          0.0009659988783028829,
          0.3209544783151158,
          0.018475725694573304,
          0.08580061715105328,
          0.20313013707219607,
          0.2454328847786939
        ],
        [
          0.15259364847486234,
          0.1774109844614504,
          0.05270966300550565,
          0.02852739713119314,
          0.24403826571480655,
          0.2463041132244775,
          0.09841592798770442
        ],
        [
          0.2404651966327417,
          0.2410615233809584,
          0.2305268289609271,
          0.10222811784938973,
          0.008331389501537561,
          0.1678611923846813,
          0.009525751289764184
        ],
        [
          0.06789977145676937,
          0.050727012555433354,
          0.006727002299902481,
          0.4150312339150799,
          0.03914617347946284,
          0.34655292738471244,
          0.0739158789086396
        ],
        [
          0.1856148554254742,
          0.18607849643835594,
          0.21113387934594377,
          0.014422269749969708,
          0.09525197143497062,
          0.12942346816280254,
          0.17807505944248328
        ],
        [
          0.07415415943807968,
          0.2975167047930831,
          0.1385694908624927,
          0.2241980260469578,
          0.11108012915725764,
          0.09396803165117858,
          0.06051345805095053
        ],
        [
          0.02478896815841043,
          0.14497288613601209,
          0.22769582699844504,
          0.0776374919393345,
          0.10765784244287531,
          0.1162591605670298,
          0.3009878237578929
        ],
        [
          0.028621930092436763,
          0.1675901383745299,
          0.12624448042828607,
          0.1450854255448569,
          0.14942745834904356,
          0.18847926222197653,
          0.19455130498887024
        ],
        [
          0.04924979432511817,
          0.1208333936067318,
          0.07228462572642319,
          0.0947457986901616,
          0.23567995634531116,
          0.19545424182378265,
          0.23175218948247145
        ],
        [
          0.17335808926750682,
          0.21035942986306014,
          0.10910354598815437,
          0.07385760275443227,
          0.021938920185067788,
          0.2675752143411896,
          0.1438071976005891
        ],
        [
          0.08536788919777012,
          0.06435334895507148,
          0.23874729370939704,
          0.0741158395988956,
          0.02368626120398085,
          0.2748987073349446,
          0.2388306599999403
        ],
        [
          0.17388528506088385,
          0.2185035325248102,
          0.14961191141349878,
          0.07751018861112527,
          0.06129431977766242,
          0.1857185408325698,
          0.1334762217794497
        ]
      ],
      "timestamps": [
        0,
        1,
        2,
        3,
        4,
        5,
        6,
        7,
        8,
        9,
        10,
        11,
        12,
        13,
        14,
        15,
        16,
        17,
        18,
        19,
        20,
        21,
        22,
        23,
        24,
        25,
        26
      ],
      "distance": 830.1
    },
    {
      "trip_id": 1,
      "transport_method": "bicycle",
      "start_time": 27,
      "path": [
        [
          1.5232309000000002,
          42.50440359999999
        ],
        [
          1.5229011465619426,
          42.504554457284385
        ],
        [
          1.5231823291973503,
          42.504657705662765
        ],
        [
          1.523645744764653,
          42.50468692436519
        ],
        [
          1.5241604799266855,
          42.50478913388527
        ],
        [
          1.5246812503928608,
          42.50485418330865
        ],
        [
          1.5252003520040176,
          42.50491609639287
        ],
        [
          1.5255533336899363,
          42.50472237038801
        ],
        [
          1.5260691682730443,
          42.504819055385774
        ],
        [
          1.5265768253423202,
          42.50494983221058
        ],
        [
          1.5268383014092453,
          42.505174893294985
        ],
        [
          1.5273325970967049,
          42.50518770295245
        ],
        [
          1.5278570700777214,
          42.505193765973786
        ],
        [
          1.52823390660442,
          42.50540010556004
        ],
        [
          1.5280631608451283,
          42.505610506315655
        ],
        [
          1.5275596176837678,
          42.505462595563614
        ],
        [
          1.5270460062784301,
          42.50535968382614
        ],
        [
          1.5265274615974462,
          42.505278784383954
        ],
        [
          1.5262448584165362,
          42.50518339275615
        ],
        [
          1.5267643180841537,
          42.505258192219
        ],
        [
          1.527283777751771,
          42.50533299168185
        ],
        [
          1.5269491625806118,
          42.5052848088553
        ],
        [
          1.5264297029129943,
          42.50521000939246
        ],
        [
          1.526342942689776,
          42.50524999713137
        ],
        [
          1.52686148737076,
          42.50533089657357
        ],
        [
          1.5273800320517437,
          42.50541179601576
        ],
        [
          1.5278839800772863,
          42.50555787376267
        ],
        [
          1.528164057668236,
          42.505555681247664
        ],
        [
          1.5282202779297542,
          42.5055748572721
        ],
        [
          1.5286112909836378,
          42.50577361250387
        ],
        [
          1.5291141000000001,
          42.505923999999986
        ]
      ],
      "emotions": [
        "green",
        "green",
        "green",
        "red",
        "red",
        "red",
        "red",
        "red",
        "green",
        "green",
        "green",
        "green",
        "green",
        "green",
        "green",
        "green",
        "green",
        "green",
        "green",
        "green",
        "green",
        "green",
        "green",
        "green",
        "green",
        "green",
        "green",
        "green",
        "green",
        "green",
        "green"
      ],
      "mood_vectors": [
        [
          0.12904476253872615,
          0.06136018216973418,
          0.07097888296684397,
          0.07284525529425309,
          0.04255516838029782,
          0.30222746506379333,
          0.3209882835863514
        ],
        [
          0.003303871366618012,
          0.13231318996953856,
          0.23703112612347652,
          0.2048085036022425,
          0.16083629459089024,
          0.10378078303056121,
          0.15792623131667297
        ],
        [
          0.12684398557769355,
          0.08863766549469311,
          0.2501063966442359,
          0.18585693572451548,
          0.10209668454918903,
          0.2018119008239456,
          0.0446464311857273
        ],
        [
          0.1858624691579735,
          0.17810849269436174,
          0.3398651248672395,
          0.09361136963807819,
          0.11939101979262541,
          0.0184679971212819,
          0.06469352672843977
        ],
        [
          0.17959528289709595,
          0.23441999604324548,
          0.18447382689535358,
          0.029729965194188503,
          0.061156575757013845,
          0.1074358765496469,
          0.2031884766634558
        ],
        [
          0.14444350446915086,
          0.1662279776491335,
          0.18175715766838535,
          0.0861134799143103,
          0.05877507989547167,
          0.17876383827931144,
          0.18391896212423683
        ],
        [
          0.17125954154972964,
          0.0758617666969326,
          0.050140635995091914,
          0.13810267101751417,
          0.1619180705349213,
          0.24511113822500052,
          0.1576061759808099
        ],
        [
          0.21674127840993349,
          0.21748647103289018,
          0.18265500810142096,
          0.08032627141246529,
          0.12116429448125804,
          0.02800675266204331,
          0.15361992389998883
        ],
        [
          0.10434048031400793,
          0.18008432752391695,
          0.06643722208834651,
          0.08795211924175236,
          0.19894743155651168,
          0.2290622387672344,
          0.13317618050823019
        ],
        [
          0.003793338344292225,
          0.12647263451130034,
          0.2066484399383364,
          0.243876722014479,
          0.07137456582230249,
          0.328565612291515,
          0.01926868707777455
        ],
        [
          0.07975486075858607,
          0.06535794406477986,
          0.2136466901250436,
          0.14485315820884634,
          0.12822171941987112,
          0.2837523187868664,
          0.08441330863600657
        ],
        [
          0.0830995016767169,
          0.1293319362426391,
          0.3985968295398707,
          0.16302830195113022,
          0.01824917677790605,
          0.007244875658273202,
          0.2004493781534639
        ],
        [
          0.1684798079560614,
          0.131445487778293,
          0.1258334561852988,
          0.07114425820930334,
          0.16141112433096405,
          0.11889637429967446,
          0.22278949124040484
        ],
        [
          0.10123796582443899,
          0.21376109518728054,
          0.26255287997731525,
          0.15037943551065022,
          0.12416413729856492,
          0.14623416005261966,
          0.0016703261491304488
        ],
        [
          0.10140442513289898,
          0.2889667404676589,
          0.08780998752105645,
          0.007585641445907362,
          0.16490107649684851,
          0.1790089114601478,
          0.17032321747548207
        ],
        [
          0.08349874676242157,
          0.05177828087335873,
          0.19449124637211754,
          0.06903131067271293,
          0.1971423219894576,
          0.17525671652453167,
          0.22880137680539997
        ],
        [
          0.1840281199262312,
          0.17170801913660638,
          0.25955097078064043,
          0.042817734286647875,
          0.022653215759875365,
          0.28868224420949956,
          0.03055969590049913
        ],
        [
          0.24261942394689937,
          0.012345789760355056,
          0.08414736557149263,
          0.12974101701280497,
          0.2387045998919378,
          0.06064093331744776,
          0.23180087049906242
        ],
        [
          0.04531857342292869,
          0.1879078673810592,
          0.19823694860871766,
          0.08448668625225686,
          0.20415469428482722,
          0.12660900190211466,
          0.1532862281480958
        ],
        [
          0.14327699934373428,
          0.09720425061734445,
          0.18864313573238808,
          0.248023712883748,
          0.14047159187379366,
          0.06749758481899006,
          0.11488272473000156
        ],
        [
          0.10284271318059289,
          0.24649280458167497,
          0.0923561056385976,
          0.16122528467936756,
          0.06989931181023579,
          0.1421020931868148,
          0.18508168692271645
        ],
        [
          0.07553294352042104,
          0.08214521776929141,
          0.03125615528911137,
          0.1279767385919553,
          0.24180302533657727,
          0.31024659513004793,
          0.1310393243625956
        ],
        [
          0.030653389567473967,
          0.1332735823476331,
          0.14241930870727093,
          0.21639505949988644,
          0.2395734366442636,
          0.13597366326493143,
          0.10171155996854056
        ],
        [
          0.16899078983573917,
          0.23538792258795196,
          0.1247195438616199,
          0.12341337462107967,
          0.05206181989397801,
          0.04005389855915748,
          0.25537265064047376
        ],
        [
          0.19154888611256765,
          0.05027656308867779,
          0.11153265257662662,
          0.20572624674471654,
          0.03329678067377704,
          0.23554308010144043,
          0.17207579070219395
        ],
        [
          0.27874846302669054,
          0.01675577231117496,
          0.08613438535021078,
          0.014641615769349527,
          0.27076154549338416,
          0.13237467377384632,
          0.20058354427534383
        ],
        [
          0.2541331198604771,
          0.13428583338135064,
          0.2015325063474307,
          0.04834357787688949,
          0.11199004286573302,
          0.18563121830577128,
          0.0640837013623478
        ],
        [
          0.25208647749048424,
          0.15899152454635293,
          0.12852011034860739,
          0.01003308452648012,
          0.17409600434343359,
          0.0157635676759842,
          0.26050923106865753
        ],
        [
          0.18944094729090416,
          0.09820893929640119,
          0.010696106285187834,
          0.22522428225332222,
          0.007017934849399175,
          0.22697121664416126,
          0.24244057338062416
        ],
        [
          0.20729687094450422,
          0.1356969552678704,
          0.08704033373857394,
          0.19560494326881922,
          0.046116556703609715,
          0.18290052582332392,
          0.14534381425329865
        ],
        [
          0.060238482129459876,
          0.1855824251039981,
          0.21146239402192726,
          0.17051091613747918,
          0.12920354159186187,
          0.1306442616989572,
          0.11235797931631653
        ]
      ],
      "timestamps": [
        27,
        28,
        29,
        30,
        31,
        32,
        33,
        34,
        35,
        36,
        37,
        38,
        39,
        40,
        41,
        42,
        43,
        44,
        45,
        46,
        47,
        48,
        49,
        50,
        51,
        52,
        53,
        54,
        55,
        56,
        57
      ],
      "distance": 619.3
    },
    {
      "trip_id": 2,
      "transport_method": "stopped",
      "start_time": 58,
      "path": [
        [
          1.5291141000000001,
          42.505923999999986
        ],
        [
          1.5291141000000001,
          42.505923999999986
        ],
        [
          1.5291141000000001,
          42.505923999999986
        ]
      ],
      "emotions": [
        "green",
        "green",
        "red"
      ],
      "mood_vectors": [
        [
          0.01162425440981864,
          0.10046413220776781,
          0.06840570964492988,
          0.31725259878707074,
          0.37078676111394115,
          0.06730315727500207,
          0.06416338656146962
        ],
        [
          0.06293480967844343,
          0.3041185887862648,
          0.04659816936743947,
          0.29954590122506075,
          0.1775477424179414,
          0.04859554568696813,
          0.060659242837882085
        ],
        [
          0.15957749056011458,
          0.06870667509214876,
          0.042650869439007345,
          0.04764866079118888,
          0.2153943490153793,
          0.15571879767188768,
          0.31030315743027354
        ]
      ],
      "timestamps": [
        58,
        59,
        60
      ]
    },
    {
      "trip_id": 3,
      "transport_method": "car",
      "start_time": 61,
      "path": [
        [
          1.5285665000000004,
          42.5064467
        ],
        [
          1.5286757307361531,
          42.50696935743686
        ],
        [
          1.5284962166475107,
          42.50753631241501
        ],
        [
          1.5291359699235105,
          42.508137300201184
        ],
        [
          1.5296877040814751,
          42.50858679864416
        ],
        [
          1.528887938035815,
          42.50888635162831
        ],
        [
          1.5283092388496369,
          42.50916053521527
        ],
        [
          1.528943939727674,
          42.509772810031734
        ],
        [
          1.529543090780462,
          42.510415775124955
        ],
        [
          1.5288238119426691,
          42.51022483862665
        ],
        [
          1.528006622794055,
          42.50989328538682
        ],
        [
          1.527172266432488,
          42.50962153366244
        ],
        [
          1.526303645500216,
          42.50946914163026
        ],
        [
          1.525480844428406,
          42.50924174068111
        ],
        [
          1.5258729864288427,
          42.50914387385684
        ],
        [
          1.5267302815615846,
          42.5093506846661
        ],
        [
          1.5265894233056738,
          42.50931670452463
        ],
        [
          1.525732128172932,
          42.50910989371537
        ],
        [
          1.524870718153911,
          42.50892194605274
        ],
        [
          1.524005178234097,
          42.50875293036512
        ],
        [
          1.523223775886537,
          42.508354205553374
        ],
        [
          1.5234170638075237,
          42.507798519732816
        ],
        [
          1.524296617911774,
          42.50782840475958
        ],
        [
          1.5245832524961993,
          42.5083259434489
        ],
        [
          1.5254376733833128,
          42.50854432523183
        ],
        [
          1.5263033633807555,
          42.508711031899615
        ],
        [
          1.525870270424153,
          42.50863258194926
        ],
        [
          1.525011240929185,
          42.508435333187
        ],
        [
          1.5247026704642717,
          42.50790336079623
        ],
        [
          1.5238573467347816,
          42.507800750884016
        ],
        [
          1.5230479744218477,
          42.508029568992455
        ],
        [
          1.5236032508729556,
          42.50857338915464
        ],
        [
          1.5244371600801856,
          42.508837284312385
        ],
        [
          1.5253026999999995,
          42.5090063
        ]
      ],
      "emotions": [
        "green",
        "green",
        "green",
        "green",
        "red",
        "red",
        "red",
        "red",
        "red",
        "green",
        "green",
        "green",
        "green",
        "green",
        "green",
        "green",
        "green",
        "green",
        "green",
        "green",
        "green",
        "green",
        "green",
        "green",
        "red",
        "red",
        "red",
        "red",
        "red",
        "red",
        "red",
        "red",
        "red",
        "red"
      ],
      "mood_vectors": [
        [
          0.16189841975386665,
          0.08390147418289687,
          0.11626441055224897,
          0.2140047205140087,
          0.10756950405652158,
          0.12194364222020079,
          0.1944178287202565
        ],
        [
          0.12094270665914915,
          0.13461742767414114,
          0.19042917183375263,
          0.20470442841090436,
          0.10354633834918914,
          0.17939208590675076,
          0.06636784116611283
        ],
        [
          0.1580840305438887,
          0.17472699573337,
          0.14048936077562163,
          0.1449156909921122,
          0.2124624640752337,
          0.039375492269112675,
          0.129945965610661
        ],
        [
          0.07625402551259759,
          0.24200839855776884,
          0.1631265143601748,
          0.22352226900000813,
          0.21285718081202418,
          0.08041135640805826,
          0.0018202553493682392
        ],
        [
          0.1475859999811314,
          0.19795090288145645,
          0.10408358944222712,
          0.08349636096419978,
          0.08155382785053462,
          0.19128375987831778,
          0.19404555900213288
        ],
        [
          0.1340219015874296,
          0.21847017150321235,
          0.18271088232179092,
          0.1338082251163366,
          0.1282189575827275,
          0.19943634986684497,
          0.0033335120216579357
        ],
        [
          0.2739379138473547,
          0.13316700164836404,
          0.04077814588460196,
          0.27685289315160233,
          0.04845502641065883,
          0.0780285125820597,
          0.1487805064753584
        ],
        [
          0.0379405990042797,
          0.13671905508759047,
          0.19834671661041425,
          0.163549238884267,
          0.20256003536076966,
          0.16486898445389156,
          0.09601537059878724
        ],
        [
          0.19298718278409177,
          0.1358259412906753,
          0.12768784721018742,
          0.10439743732704292,
          0.18778335656279113,
          0.1463440536805064,
          0.10497418114470497
        ],
        [
          0.09154406322028065,
          0.03873332880140417,
          0.2859407186715233,
          0.23020154779300725,
          0.09809777227107772,
          0.0009558598530449298,
          0.254526709389662
        ],
        [
          0.2030204144928779,
          0.17177339642906606,
          0.04759796247751111,
          0.20285527013084603,
          0.10897927264058643,
          0.05672301255480512,
          0.20905067127430735
        ],
        [
          0.18642962801381827,
          0.13439340106067343,
          0.19351533058612777,
          0.1520512501318872,
          0.18502438234962937,
          0.08980205302205449,
          0.058783954835809435
        ],
        [
          0.14160929456562468,
          0.20549197829190843,
          0.09215142394191736,
          0.1002085078519146,
          0.009454638868134128,
          0.21003565613648434,
          0.24104850034401648
        ],
        [
          0.06775412134364875,
          0.03690177774184709,
          0.2169553829446426,
          0.16664107850375884,
          0.17900233154807416,
          0.13787303515916172,
          0.19487227275886687
        ],
        [
          0.15347647281694213,
          0.18718264178606406,
          0.14360130424757864,
          0.010235995210947143,
          0.16870642202455113,
          0.1473952206112151,
          0.18940194330270174
        ],
        [
          0.023742970145342907,
          0.2100670582951181,
          0.3051423423243178,
          0.26919687366364636,
          0.1412075227006084,
          0.04156787460556106,
          0.009075358265405328
        ],
        [
          0.25037532249058286,
          0.00978603035443386,
          0.2908627603015749,
          0.1632462851189001,
          0.017579566727486888,
          0.2398685078179483,
          0.02828152718907302
        ],
        [
          0.03092925856444912,
          0.11299722479536023,
          0.26811549866104023,
          0.23924270659454816,
          0.12214835623636192,
          0.17510641645230418,
          0.05146053869593616
        ],
        [
          0.13598174010663303,
          0.24172548405962704,
          0.1758689647220778,
          0.18898454391793898,
          0.0865080298499246,
          0.04084899927435313,
          0.13008223806944536
        ],
        [
          0.1857270228290662,
          0.4232604527429328,
          0.09989510202606289,
          0.026709630008235476,
          0.1128242089900209,
          0.10133277894623738,
          0.0502508044574443
        ],
        [
          0.24411268043253512,
          0.22234561033554076,
          0.014397765269722064,
          0.13292259469044268,
          0.13032594469286152,
          0.005211432248627761,
          0.2506839723302701
        ],
        [
          0.24775701926733476,
          0.12817227807954193,
          0.2108171940106377,
          0.020430728011638418,
          0.14583787506006715,
          0.14816252930647722,
          0.09882237626430289
        ],
        [
          0.17872271369816864,
          0.03312396753695299,
          0.16512619870756473,
          0.2346263263873335,
          0.1548076149541371,
          0.11618731918828165,
          0.11740585952756147
        ],
        [
          0.07316111022855015,
          0.11806230894658248,
          0.06640612992057895,
          0.19230710950159186,
          0.21987783862438878,
          0.10311907487479889,
          0.22706642790350884
        ],
        [
          0.10829497081372041,
          0.07909511320938921,
          0.20937682757129625,
          0.14562564544644072,
          0.08660609176205286,
          0.24033081229976302,
          0.13067053889733754
        ],
        [
          0.05742553323906436,
          0.21455300803937294,
          0.038143143316183625,
          0.021872880073592577,
          0.29594256949741393,
          0.20761785869582527,
          0.16444500713854723
        ],
        [
          0.22568815551929278,
          0.15650690947378332,
          0.13838778498848414,
          0.12890767737136713,
          0.1240132153576577,
          0.050771314834766205,
          0.17572494245464867
        ],
        [
          0.046984553551357444,
          0.024212601579048067,
          0.18719967538724755,
          0.11215526270407442,
          0.19822201447259094,
          0.20778202407792745,
          0.22344386822775417
        ],
        [
          0.17028382309185508,
          0.1997869509738622,
          0.1879230705506997,
          0.06697668154702607,
          0.1590312374062652,
          0.16402223899166893,
          0.05197599743862273
        ],
        [
          0.26459804515878704,
          0.006245407878031293,
          0.011166654462231886,
          0.1929775016921686,
          0.09481608351729348,
          0.4133302252131997,
          0.016866082078288148
        ],
        [
          0.18346752426579485,
          0.023396933685670043,
          0.06361408058012348,
          0.18480091886872915,
          0.14849169290549885,
          0.1942519568545705,
          0.2019768928396131
        ],
        [
          0.17955938221170095,
          0.07698548097053688,
          0.09113911238085796,
          0.30696893650311513,
          0.18068988113868767,
          0.025245273178397854,
          0.13941193361670354
        ],
        [
          0.18317975205074774,
          0.18630593059695622,
          0.15898602336857307,
          0.15930545496657553,
          0.18550308389602738,
          0.03734429670722543,
          0.0893754584138947
        ],
        [
          0.002345637633811507,
          0.026129186675746128,
          0.38399099506965867,
          0.2664822211771337,
          0.2784577423108123,
          0.017500810066390687,
          0.02509340706644698
        ]
      ],
      "timestamps": [
        61,
        62,
        63,
        64,
        65,
        66,
        67,
        68,
        69,
        70,
        71,
        72,
        73,
        74,
        75,
        76,
        77,
        78,
        79,
        80,
        81,
        82,
        83,
        84,
        85,
        86,
        87,
        88,
        89,
        90,
        91,
        92,
        93,
        94
      ],
      "distance": 662.6
    },
    {
      "trip_id": 4,
      "transport_method": "bicycle",
      "start_time": 95,
      "path": [
        [
          1.5253026999999995,
          42.5090063
        ],
        [
          1.5247908358231035,
          42.508906347272415
        ],
        [
          1.5242789716462075,
          42.50880639454482
        ],
        [
          1.5238281958149429,
          42.508880125987105
        ],
        [
          1.5237259000000005,
          42.508950799999994
        ]
      ],
      "emotions": [
        "green",
        "green",
        "green",
        "green",
        "green"
      ],
      "mood_vectors": [
        [
          0.19024198671850454,
          0.16040131622600176,
          0.129454552672306,
          0.01338590852281103,
          0.11691341092645516,
          0.11382872254524734,
          0.2757741023886742
        ],
        [
          0.20909092012206984,
          0.11578753478603473,
          0.10386638784161402,
          0.16451398605183157,
          0.019467925921273558,
          0.2043530093345651,
          0.18292023594261114
        ],
        [
          0.09312235314735828,
          0.16399435013154387,
          0.08235510520125092,
          0.20834388031163986,
          0.1578909870578225,
          0.16887640632852668,
          0.12541691782185777
        ],
        [
          0.23203327309509103,
          0.06930164071601155,
          0.09976519826696723,
          0.05622120509721339,
          0.2534164390565395,
          0.018426473079496446,
          0.2708357706886808
        ],
        [
          0.172193252381431,
          0.18390743729443476,
          0.26950602515491867,
          0.18025522168991182,
          0.08973585358163833,
          0.002591418544628536,
          0.10181079135303686
        ]
      ],
      "timestamps": [
        95,
        96,
        97,
        98,
        99
      ],
      "distance": 1056
    }
  ],
  "conversation": [
    "I swear I just smelled five different cuisines.",
    "The corner bakery has that amazing garlic bread.",
    "Those sunset colors over the valley... unreal."
  ],
  "conversation_timestamps": [
    20,
    47,
    67
  ]
}
