{"agent_id": "agent-orange-1208", "type": "orange", "trips": [{"trip_id": 0, "transport_method": "foot", "start_time": 0, "path": [[1.4927047, 42.5369746], [1.4939032, 42.5375406], [1.4949738, 42.5374845], [1.4962809, 42.5375469], [1.4974213, 42.5379818], [1.4987371, 42.5382293], [1.5000345, 42.5380151], [1.5013274, 42.5376646], [1.5026188, 42.5373107], [1.5038387, 42.5374712], [1.5049831, 42.5367808], [1.506103, 42.5362843], [1.507225, 42.5359293], [1.5085458, 42.5359941], [1.5097309, 42.5354108], [1.5097921, 42.5347598], [1.5085607, 42.5344281], [1.5092645, 42.5335946], [1.5105046, 42.5334836], [1.5118383, 42.5335644], [1.5129101, 42.5329311], [1.5125169, 42.5324561], [1.512968, 42.5319757], [1.5142508, 42.5322376], [1.5146345, 42.5311611], [1.5157359, 42.5303965], [1.5168373, 42.5296318], [1.5167814, 42.5292625], [1.5154559, 42.5292172], [1.5141944, 42.5293544], [1.5129194, 42.5297038], [1.5120185, 42.5300588], [1.5130345, 42.5307054], [1.5139156, 42.5309989], [1.5151072, 42.530863], [1.5162413, 42.5301477], [1.5173754, 42.5294323], [1.5186255, 42.5292422], [1.5197018, 42.5297786], [1.52021, 42.529857], [1.5206305, 42.5286456], [1.519972, 42.5274965], [1.5205046, 42.5263252], [1.520622, 42.5249965], [1.5211693, 42.5238048], [1.5218435, 42.5226711], [1.5227298, 42.5217117], [1.5235006, 42.5206653], [1.5238322, 42.5198517], [1.5233513, 42.5210961], [1.5238433, 42.5198585], [1.5244067, 42.518662], [1.5254817, 42.5179172], [1.5265043, 42.5171129], [1.5276747, 42.5165279], [1.5288301, 42.515895], [1.5296633, 42.5148586], [1.5302971, 42.513895], [1.5307147, 42.5126659], [1.5304784, 42.5116727], [1.529426, 42.5109556], [1.5290666, 42.5098925], [1.5288382, 42.5097014], [1.5289782, 42.5098127], [1.5280015, 42.5088945], [1.5267557, 42.5085157], [1.5255409, 42.5081081], [1.5242436, 42.5077781], [1.5229262, 42.5077721], [1.5217056, 42.5075056], [1.5203879, 42.5073928], [1.5191431, 42.5070703], [1.5185834, 42.5065875], [1.5174078, 42.505999], [1.5162079, 42.5055161], [1.5150666, 42.5049119], [1.5145699, 42.5042482], [1.5136071, 42.5033239], [1.5126548, 42.5024021], [1.5115513, 42.5016468]], "mood_vectors": [[0.0597, 0.0748, 0.0432, 0.0462, 0.7398, 0.0221, 0.0142], [0.0733, 0.0599, 0.0265, 0.0483, 0.6539, 0.0731, 0.065], [0.0242, 0.0508, 0.0228, 0.0535, 0.7265, 0.0674, 0.0547], [0.0552, 0.0553, 0.0211, 0.0249, 0.7218, 0.1015, 0.0202], [0.0768, 0.0362, 0.0487, 0.0238, 0.7597, 0.039, 0.0157], [0.0702, 0.0711, 0.0172, 0.0303, 0.6949, 0.0661, 0.0501], [0.0761, 0.0444, 0.0163, 0.0329, 0.7052, 0.0773, 0.0479], [0.0321, 0.0445, 0.0663, 0.0321, 0.731, 0.0183, 0.0757], [0.0417, 0.0256, 0.059, 0.0695, 0.6676, 0.0595, 0.0772], [0.0718, 0.0767, 0.0765, 0.0587, 0.5801, 0.0681, 0.0682], [0.0923, 0.0478, 0.0151, 0.0194, 0.6682, 0.0813, 0.076], [0.0664, 0.0325, 0.0596, 0.0757, 0.6938, 0.0167, 0.0552], [0.073, 0.0561, 0.0141, 0.0602, 0.7201, 0.014, 0.0625], [0.0526, 0.0414, 0.0744, 0.0452, 0.7362, 0.0326, 0.0176], [0.0227, 0.0273, 0.0655, 0.0784, 0.7122, 0.0749, 0.019], [0.0171, 0.0636, 0.0869, 0.0674, 0.6391, 0.0494, 0.0765], [0.0745, 0.0442, 0.0559, 0.0305, 0.6735, 0.0686, 0.0528], [0.0278, 0.0218, 0.0815, 0.0629, 0.7079, 0.08, 0.0179], [0.0443, 0.0698, 0.0819, 0.0563, 0.6634, 0.0501, 0.0342], [0.0248, 0.0168, 0.0352, 0.0788, 0.7603, 0.0229, 0.0611], [0.0358, 0.0381, 0.0579, 0.0561, 0.6817, 0.0587, 0.0717], [0.0732, 0.0634, 0.0479, 0.0705, 0.6264, 0.0633, 0.0554], [0.0667, 0.0187, 0.0404, 0.0372, 0.7827, 0.0238, 0.0305], [0.0607, 0.0487, 0.0395, 0.0418, 0.6967, 0.0668, 0.0458], [0.0466, 0.0671, 0.0507, 0.0442, 0.7254, 0.0344, 0.0315], [0.0727, 0.0636, 0.0641, 0.0472, 0.6886, 0.0266, 0.037], [0.0795, 0.0765, 0.0436, 0.0542, 0.6773, 0.0402, 0.0287], [0.0513, 0.0576, 0.051, 0.0623, 0.7092, 0.0244, 0.0442], [0.0195, 0.0635, 0.0178, 0.0618, 0.7229, 0.069, 0.0456], [0.0629, 0.0602, 0.0202, 0.0323, 0.7058, 0.0437, 0.0749], [0.033, 0.0536, 0.0451, 0.0372, 0.6889, 0.078, 0.0641], [0.0523, 0.0707, 0.0661, 0.0514, 0.7029, 0.0452, 0.0114], [0.0116, 0.0647, 0.0624, 0.0231, 0.7198, 0.0572, 0.0611], [0.0471, 0.0536, 0.0435, 0.0656, 0.6385, 0.0727, 0.0789], [0.0188, 0.0141, 0.0218, 0.0698, 0.8172, 0.027, 0.0313], [0.0534, 0.0609, 0.0812, 0.0775, 0.5866, 0.0931, 0.0473], [0.0523, 0.0229, 0.0257, 0.0397, 0.7099, 0.0748, 0.0747], [0.0685, 0.0656, 0.0823, 0.0302, 0.6903, 0.0249, 0.0383], [0.0152, 0.0184, 0.0231, 0.0684, 0.8127, 0.0302, 0.0319], [0.0924, 0.0574, 0.0449, 0.0239, 0.724, 0.0198, 0.0376], [0.0751, 0.0264, 0.0499, 0.036, 0.6984, 0.0562, 0.058], [0.053, 0.0738, 0.0741, 0.0651, 0.6459, 0.0479, 0.0402], [0.0703, 0.091, 0.0334, 0.0853, 0.6451, 0.0545, 0.0205], [0.0829, 0.0531, 0.0264, 0.0933, 0.6728, 0.0379, 0.0335], [0.0913, 0.0596, 0.0184, 0.0621, 0.664, 0.0751, 0.0295], [0.0369, 0.0638, 0.0521, 0.0498, 0.6843, 0.0421, 0.0711], [0.0459, 0.061, 0.0775, 0.0677, 0.6229, 0.0725, 0.0526], [0.0761, 0.0443, 0.0273, 0.0765, 0.7043, 0.0316, 0.0399], [0.0672, 0.0298, 0.064, 0.0431, 0.7073, 0.0248, 0.0637], [0.0441, 0.0678, 0.0295, 0.0449, 0.6995, 0.0868, 0.0274], [0.018, 0.0519, 0.0619, 0.0364, 0.7457, 0.0274, 0.0587], [0.0227, 0.0274, 0.0277, 0.071, 0.7381, 0.0357, 0.0773], [0.0548, 0.0153, 0.0635, 0.064, 0.7028, 0.0443, 0.0553], [0.0416, 0.07, 0.0431, 0.0426, 0.6712, 0.0552, 0.0762], [0.0359, 0.07, 0.0204, 0.0544, 0.6892, 0.0708, 0.0593], [0.0776, 0.0534, 0.0641, 0.045, 0.5865, 0.0825, 0.091], [0.0171, 0.0643, 0.0788, 0.0251, 0.7388, 0.0261, 0.0497], [0.0811, 0.0246, 0.0827, 0.0674, 0.6713, 0.0306, 0.0423], [0.0859, 0.0832, 0.0544, 0.0208, 0.6565, 0.0561, 0.0431], [0.0238, 0.0178, 0.028, 0.0724, 0.7539, 0.0658, 0.0383], [0.09, 0.0794, 0.046, 0.0302, 0.6686, 0.0511, 0.0347], [0.069, 0.0556, 0.0204, 0.0486, 0.7083, 0.0349, 0.0631], [0.0466, 0.0324, 0.0181, 0.0187, 0.777, 0.0702, 0.0371], [0.0565, 0.0219, 0.0719, 0.0361, 0.7415, 0.0152, 0.0569], [0.0185, 0.0458, 0.0616, 0.0616, 0.6562, 0.0719, 0.0844], [0.0734, 0.0595, 0.0245, 0.0583, 0.6854, 0.0294, 0.0694], [0.061, 0.0197, 0.0415, 0.0393, 0.7544, 0.0683, 0.0157], [0.0278, 0.0237, 0.013, 0.0784, 0.7225, 0.0491, 0.0856], [0.0816, 0.0505, 0.0417, 0.0172, 0.7071, 0.0819, 0.0199], [0.0527, 0.0174, 0.0271, 0.0648, 0.6882, 0.0807, 0.0691], [0.0529, 0.0712, 0.0191, 0.0357, 0.6828, 0.0885, 0.0497], [0.0662, 0.0317, 0.0424, 0.0203, 0.7874, 0.0231, 0.0289], [0.033, 0.0186, 0.0434, 0.0781, 0.7177, 0.0644, 0.0449], [0.0451, 0.0688, 0.039, 0.0276, 0.7716, 0.0258, 0.0221], [0.0812, 0.0745, 0.0572, 0.0503, 0.6464, 0.0283, 0.0621], [0.0418, 0.0449, 0.0491, 0.0323, 0.7602, 0.046, 0.0258], [0.0786, 0.0735, 0.0141, 0.0651, 0.6812, 0.0615, 0.026], [0.0354, 0.066, 0.0735, 0.0505, 0.7029, 0.0209, 0.0507], [0.0536, 0.0236, 0.0566, 0.091, 0.7221, 0.0289, 0.0241], [0.0487, 0.0477, 0.0227, 0.0633, 0.6862, 0.0569, 0.0744]], "emotions": ["red", "red", "red", "red", "red", "red", "red", "red", "red", "red", "red", "red", "red", "red", "red", "red", "red", "red", "red", "red", "red", "red", "red", "red", "red", "red", "red", "red", "red", "red", "red", "red", "red", "red", "red", "red", "red", "red", "red", "red", "red", "red", "red", "red", "red", "red", "red", "red", "red", "red", "red", "red", "red", "red", "red", "red", "red", "red", "red", "red", "red", "red", "red", "red", "red", "red", "red", "red", "red", "red", "red", "red", "red", "red", "red", "red", "red", "red", "red", "red"], "timestamps": [0, 40, 80, 120, 160, 200, 240, 280, 320, 360, 400, 440, 480, 520, 560, 600, 640, 680, 720, 760, 800, 840, 880, 920, 960, 1000, 1040, 1080, 1120, 1160, 1200, 1240, 1280, 1320, 1360, 1400, 1440, 1480, 1520, 1560, 1600, 1640, 1680, 1720, 1760, 1800, 1840, 1880, 1920, 1960, 2000, 2040, 2080, 2120, 2160, 2200, 2240, 2280, 2320, 2360, 2400, 2440, 2480, 2520, 2560, 2600, 2640, 2680, 2720, 2760, 2800, 2840, 2880, 2920, 2960, 3000, 3040, 3080, 3120, 3160]}], "conversation": [], "conversation_timestamps": []}