{
  "agent_id": "agent-type-purple-57",
  "type": "purple",
  "trips": [
    {
      "trip_id": 0,
      "transport_method": "car",
      "start_time": 0,
      "path": [
        [
          1.5285313,
          42.5088696
        ],
        [
          1.528797727242975,
          42.50890116863418
        ],
        [
          1.528867813503012,
          42.50873613593947
        ],
        [
          1.5286313301733212,
          42.50855780161126
        ],
        [
          1.5283948468436306,
          42.508379467283056
        ],
        [
          1.5281583635139397,
          42.508201132954845
        ],
        [
          1.527948400876275,
          42.507996378035365
        ],
        [
          1.5277709620997273,
          42.50775922201411
        ],
        [
          1.5277398261608246,
          42.50753149760946
        ],
        [
          1.5279543120968502,
          42.50732723483487
        ],
        [
          1.528221111921217,
          42.50738883340437
        ],
        [
          1.5284459593977044,
          42.50758163151161
        ],
        [
          1.5286203627879325,
          42.507689176096164
        ],
        [
          1.5285561755966584,
          42.50759872147733
        ],
        [
          1.5283509734298855,
          42.50738513409804
        ],
        [
          1.528385527199788,
          42.50720851901898
        ],
        [
          1.528614022890456,
          42.507020058898036
        ],
        [
          1.5284859116003935,
          42.506850564227285
        ],
        [
          1.5283759590133141,
          42.50688211134736
        ],
        [
          1.528248428652491,
          42.50687304259584
        ],
        [
          1.5279987473017438,
          42.50703237470475
        ],
        [
          1.5277673203772077,
          42.50694954683467
        ],
        [
          1.527569917427436,
          42.50675712895453
        ],
        [
          1.5274708668634442,
          42.50648428829556
        ],
        [
          1.5275283520598442,
          42.50627331350398
        ],
        [
          1.5277812004229077,
          42.506119056591515
        ],
        [
          1.5276381000000006,
          42.5060341
        ]
      ],
      "emotions": [
        "red",
        "red",
        "red",
        "red",
        "red",
        "red",
        "red",
        "red",
        "red",
        "red",
        "green",
        "green",
        "green",
        "green",
        "green",
        "red",
        "red",
        "red",
        "red",
        "red",
        "green",
        "green",
        "green",
        "green",
        "green",
        "green",
        "green"
      ],
      "mood_vectors": [
        [
          0.23395446902201564,
          0.08111793732159721,
          0.19769391477778173,
          0.2168091236557544,
          0.1825920435751715,
          0.01869770380798231,
          0.0691348078396973
        ],
        [
          0.15096126619656117,
          0.10129951958208279,
          0.14210807870336584,
          0.11660170155676085,
          0.2816149513491908,
          0.11753630659540329,
          0.08987817601663525
        ],
        [
          0.12180829081850554,
          0.06175380834002893,
          0.02476618015753013,
          0.1571201545149219,
          0.21266198097260813,
          0.19436061844342797,
          0.2275289667529773
        ],
        [
          0.30566970624371065,
          0.03511910044716726,
          0.07479801327669452,
          0.004654107828278515,
          0.056499093820693,
          0.16307918116647138,
          0.36018079721698465
        ],
        [
          0.02541097113081651,
          0.11592779402526146,
          0.005665688503268331,
          0.296546879250256,
          0.05288720370063234,
          0.40525496593979055,
          0.09830649744997481
        ],
        [
          0.020279597582567272,
          0.1788377442939569,
          0.19507137602071462,
          0.09473333051034603,
          0.30156835460369147,
          0.13889746295040317,
          0.07061213403832052
        ],
        [
          0.12819280475198144,
          0.23709277511400728,
          0.03353275730056825,
          0.14306261510842017,
          0.05614656799290805,
          0.30092289069075717,
          0.10104958904135766
        ],
        [
          0.18721874094196592,
          0.012900674254280766,
          0.32675965874632656,
          0.05035785548694219,
          0.015534651768721153,
          0.29278996381023303,
          0.11443845499153041
        ],
        [
          0.17305116944486806,
          0.22764870155772515,
          0.03146736726112672,
          0.1772957266113075,
          0.030772985499058984,
          0.20943852427084186,
          0.15032552535507174
        ],
        [
          0.07653574212165572,
          0.019172752337738595,
          0.25285265788227274,
          0.2323830452599665,
          0.0691034348710087,
          0.11681610514755368,
          0.23313626237980403
        ],
        [
          0.21147945061157086,
          0.18488683931276856,
          0.19723313921826835,
          0.06718691587397552,
          0.15171555323699276,
          0.0946663578590103,
          0.09283174388741368
        ],
        [
          0.10300303794879251,
          0.23740481605742805,
          0.2951872328566888,
          0.023363988487923624,
          0.05984951429219353,
          0.015312334111288687,
          0.26587907624568485
        ],
        [
          0.05761926778885604,
          0.0919718311302247,
          0.040812793791896944,
          0.23721843806857648,
          0.11789002997974987,
          0.23781151129130135,
          0.2166761279493947
        ],
        [
          0.02598376356334615,
          0.13659902463406276,
          0.20681215578150414,
          0.2009463105407874,
          0.17337561570078033,
          0.20536786441853913,
          0.05091526536098008
        ],
        [
          0.22475439959165694,
          0.14470573955470956,
          0.1954638403930813,
          0.15980133991773104,
          0.07927160110731749,
          0.09095444736054789,
          0.10504863207495574
        ],
        [
          0.0179858292918669,
          0.10287278226324001,
          0.19210590132751038,
          0.11976211680017076,
          0.16719815740473987,
          0.17971003118105774,
          0.22036518173141428
        ],
        [
          0.12718217290164632,
          0.18657889424889207,
          0.1470773162191894,
          0.09044928409187346,
          0.16238036201322587,
          0.12039940579178503,
          0.16593256473338794
        ],
        [
          0.15207982894348265,
          0.24031421884930093,
          0.23037148718026743,
          0.02030428208223626,
          0.08198835911121831,
          0.18171163180958028,
          0.09323019202391412
        ],
        [
          0.16120979755799064,
          0.2368820600498847,
          0.19937355153626105,
          0.11503448854832996,
          0.08892045196913091,
          0.14527382061229574,
          0.053305829726107055
        ],
        [
          0.24134223855257217,
          0.051127954537009274,
          0.24733224168722717,
          0.07411045027312693,
          0.1939306084971014,
          0.16618247366718136,
          0.025974032785781736
        ],
        [
          0.08619745894179649,
          0.2849865513310493,
          0.07110202658284275,
          0.0679446398990769,
          0.2641500114917254,
          0.027296574266510238,
          0.19832273748699888
        ],
        [
          0.26024156008653876,
          0.19979882139608224,
          0.26060193305573753,
          0.03993464302933211,
          0.04379738228728312,
          0.1919437736335591,
          0.0036818865114671543
        ],
        [
          0.12013631917441207,
          0.14350896666835666,
          0.07523437678411686,
          0.21332793951225165,
          0.04562404768278808,
          0.14082365104395553,
          0.26134469913411906
        ],
        [
          0.11346562900122113,
          0.14162284017078264,
          0.08511353776454894,
          0.17039373708395933,
          0.10354596678789142,
          0.1881928777204461,
          0.1976654114711505
        ],
        [
          0.0721584451827006,
          0.07094090929771475,
          0.21593802703370468,
          0.013845101261788447,
          0.10563494293273655,
          0.3132663161239296,
          0.20821625816742545
        ],
        [
          0.19909680753074954,
          0.08554524166566244,
          0.16346753335681233,
          0.14348167066513615,
          0.08069815823374366,
          0.1780572941029431,
          0.14965329444495276
        ],
        [
          0.033989542899139545,
          0.03213816749126526,
          0.20303559464451773,
          0.26221333856895196,
          0.10177050549603887,
          0.22391918530453164,
          0.14293366559555498
        ]
      ],
      "timestamps": [
        0,
        1,
        2,
        3,
        4,
        5,
        6,
        7,
        8,
        9,
        10,
        11,
        12,
        13,
        14,
        15,
        16,
        17,
        18,
        19,
        20,
        21,
        22,
        23,
        24,
        25,
        26
      ],
      "distance": 423.9
    },
    {
      "trip_id": 1,
      "transport_method": "foot",
      "start_time": 27,
      "path": [
        [
          1.5276745000000003,
          42.5061841
        ],
        [
          1.5279223843974836,
          42.50722222998515
        ],
        [
          1.526591242854079,
          42.50712022756599
        ],
        [
          1.5268837913168507,
          42.506918999182574
        ],
        [
          1.5263404020295885,
          42.50687359199695
        ],
        [
          1.5271347598249956,
          42.50716407995866
        ],
        [
          1.5275917385289974,
          42.50678896218509
        ],
        [
          1.5267635828086734,
          42.50580373648012
        ],
        [
          1.5269071825991811,
          42.50642947266496
        ],
        [
          1.5272065101266368,
          42.506100269303865
        ],
        [
          1.5279215549825902,
          42.50722119312458
        ],
        [
          1.526592566336791,
          42.50712033434809
        ],
        [
          1.5252504659006059,
          42.50700024319069
        ],
        [
          1.5248965652843824,
          42.506937874931474
        ],
        [
          1.5235828929365693,
          42.506693579201446
        ],
        [
          1.5222720478022966,
          42.50638148157779
        ],
        [
          1.5221237018918607,
          42.50691515154118
        ],
        [
          1.521848057122383,
          42.507491367431676
        ],
        [
          1.5214306863279536,
          42.50663840975511
        ],
        [
          1.5208216715001117,
          42.50694992812446
        ],
        [
          1.519961202675625,
          42.50686488119177
        ],
        [
          1.5202819622148789,
          42.50641483617098
        ],
        [
          1.5192316384386362,
          42.50650902804751
        ],
        [
          1.518980376591107,
          42.50694702654209
        ],
        [
          1.5201786157008041,
          42.50752093369112
        ],
        [
          1.5189911460532977,
          42.50808601367576
        ],
        [
          1.518358009609755,
          42.507556169952096
        ],
        [
          1.5182521999999998,
          42.5079515
        ]
      ],
      "emotions": [
        "green",
        "green",
        "green",
        "green",
        "green",
        "green",
        "green",
        "green",
        "red",
        "red",
        "red",
        "red",
        "red",
        "red",
        "red",
        "red",
        "red",
        "red",
        "red",
        "red",
        "red",
        "red",
        "red",
        "purple",
        "purple",
        "purple",
        "purple",
        "purple"
      ],
      "mood_vectors": [
        [
          0.0016234252475181665,
          0.0513292246508525,
          0.07087505044454571,
          0.12839079386263438,
          0.34945403190415564,
          0.18486949509088973,
          0.21345797879940384
        ],
        [
          0.0025044110115853427,
          0.2731523662739904,
          0.22804341028340067,
          0.050179597139563895,
          0.27235254990241375,
          0.12471131613785431,
          0.04905634925119168
        ],
        [
          0.06537866023948603,
          0.07945797530626449,
          0.10595975124170409,
          0.24030118765225342,
          0.22711795633287324,
          0.03128912554182145,
          0.2504953436855973
        ],
        [
          0.18426888147362247,
          0.1263276047040301,
          0.06240029287664725,
          0.13283831325872109,
          0.2399933877162218,
          0.08471494294970942,
          0.1694565770210479
        ],
        [
          0.1292110314156555,
          0.03776220399983791,
          0.1825360845147182,
          0.09018789383472553,
          0.1004096953483517,
          0.17673129845866808,
          0.28316179242804296
        ],
        [
          0.09723329738190008,
          0.30743034876046377,
          0.03799780056885471,
          0.13765919449362235,
          0.06400290404907227,
          0.1919224290356526,
          0.1637540257104342
        ],
        [
          0.06991581293287724,
          0.2283351306336847,
          0.05063569273211194,
          0.031883518827405005,
          0.16943449536671143,
          0.23280358134017412,
          0.21699176816703544
        ],
        [
          0.22433297893734763,
          0.11562363715563698,
          0.02907875033476895,
          0.2151167872994378,
          0.22933508275890593,
          0.018354202177786313,
          0.16815856133611637
        ],
        [
          0.06048999345401632,
          0.14015573970830547,
          0.011051327715592535,
          0.1433852148592822,
          0.04680419725463998,
          0.33786699660570163,
          0.26024653040246176
        ],
        [
          0.01843938378239511,
          0.23040887254723516,
          0.2189968524561284,
          0.04487941469628964,
          0.17162682059777232,
          0.21271852929151538,
          0.10293012662866406
        ],
        [
          0.11608422415843353,
          0.2834721066344423,
          0.0651570099022141,
          0.1397815263664042,
          0.1408558141152285,
          0.008239594645895536,
          0.2464097241773819
        ],
        [
          0.13963186831873775,
          0.10305556575789576,
          0.24253884054808275,
          0.033153586388715524,
          0.23047716541704605,
          0.24245599410499893,
          0.0086869794645232
        ],
        [
          0.08155907218498847,
          0.23225278981276393,
          0.15232690496286158,
          0.2415703006659831,
          0.10193055036817264,
          0.017487534706054027,
          0.17287284729917637
        ],
        [
          0.11908092249886992,
          0.17445329097046508,
          0.3350846144425735,
          0.15317691673575903,
          0.04749748298497939,
          0.05429216438969406,
          0.11641460797765907
        ],
        [
          0.23638753786362351,
          0.05587160582005792,
          0.1709893442161022,
          0.0777197070264395,
          0.02891357595638212,
          0.18994947650257327,
          0.24016875261482146
        ],
        [
          0.22965322549470935,
          0.1999000662494542,
          0.05380579986806746,
          0.06438909765816604,
          0.09997220269890975,
          0.252814016638364,
          0.09946559139232918
        ],
        [
          0.006005102448609052,
          0.23078842388460977,
          0.18125075775270597,
          0.13053575274774595,
          0.07423994479300014,
          0.18987183300653512,
          0.18730818536679403
        ],
        [
          0.2839029346304404,
          0.09308584475093377,
          0.13731222480878508,
          0.16333354507390022,
          0.2802604216533279,
          0.02103289779515448,
          0.021072131287458218
        ],
        [
          0.21413801669198346,
          0.1414701579155953,
          0.2230721242028753,
          0.07549600920520758,
          0.15118509431285215,
          0.07704165547978233,
          0.11759694219170379
        ],
        [
          0.20808946070283746,
          0.14312756720006212,
          0.12296227656620594,
          0.24397610345552964,
          0.07848091087749307,
          0.10365471526224432,
          0.09970896593562747
        ],
        [
          0.09992801300999075,
          0.27829695778034785,
          0.20602999076727663,
          0.03146776423718387,
          0.22116569436660738,
          0.14115470020188262,
          0.02195687963671086
        ],
        [
          0.20140298220297306,
          0.008608899726212232,
          0.16105556693183312,
          0.09415029312158354,
          0.257427957107385,
          0.09887191880196765,
          0.17848238210804543
        ],
        [
          0.15630276442713456,
          0.06699125789770988,
          0.0991133089403678,
          0.3324607974137675,
          0.047235892358308475,
          0.2743592213493394,
          0.023536757613372306
        ],
        [
          0.03191706958765406,
          0.056026122146272096,
          0.2493905039078142,
          0.03251966679625441,
          0.1814125361465079,
          0.19057697240861549,
          0.2581571290068818
        ],
        [
          0.014313012380580987,
          0.05671932081886886,
          0.30404844144203613,
          0.2643071571331515,
          0.2575382334457385,
          0.02914494706739578,
          0.07392888771222822
        ],
        [
          0.1602681817665464,
          0.19410632864721158,
          0.12338182583171034,
          0.17519120729153745,
          0.11845573247809323,
          0.08769610419454482,
          0.14090061979035617
        ],
        [
          0.1452288662379942,
          0.11473716796400642,
          0.1972326008475399,
          0.06884050551856712,
          0.05917857541632809,
          0.22274267417957433,
          0.19203960983598994
        ],
        [
          0.11471690359976179,
          0.1299426257129176,
          0.22451391636337198,
          0.19004929734795983,
          0.10876534379353973,
          0.14120093756704383,
          0.09081097561540515
        ]
      ],
      "timestamps": [
        27,
        28,
        29,
        30,
        31,
        32,
        33,
        34,
        35,
        36,
        37,
        38,
        39,
        40,
        41,
        42,
        43,
        44,
        45,
        46,
        47,
        48,
        49,
        50,
        51,
        52,
        53,
        54
      ],
      "distance": 1011.8
    },
    {
      "trip_id": 2,
      "transport_method": "car",
      "start_time": 55,
      "path": [
        [
          1.5182521999999998,
          42.5079515
        ],
        [
          1.5186458404100325,
          42.50839308492735
        ],
        [
          1.5187137838230556,
          42.50821995851057
        ],
        [
          1.5192465333112384,
          42.50796268107907
        ],
        [
          1.519588374498706,
          42.50807881029241
        ],
        [
          1.5196606288396748,
          42.50848587548092
        ],
        [
          1.519557232178056,
          42.50790336125424
        ],
        [
          1.5200005601296283,
          42.50760667852342
        ],
        [
          1.5205454626795827,
          42.50765259967443
        ],
        [
          1.5210677557691739,
          42.50793049106055
        ],
        [
          1.5215900488587648,
          42.508208382446675
        ],
        [
          1.5213768491973354,
          42.50843240194053
        ],
        [
          1.5213234605912729,
          42.50839771587092
        ],
        [
          1.5218188116481781,
          42.50830580774824
        ],
        [
          1.5223910020223357,
          42.50845618018467
        ],
        [
          1.5219963535513703,
          42.508409188981624
        ],
        [
          1.522018439700194,
          42.508414228794024
        ],
        [
          1.5225635406080356,
          42.508446989321115
        ],
        [
          1.5231285765570746,
          42.508304834604196
        ],
        [
          1.5236424243832274,
          42.508592347686395
        ],
        [
          1.523765944653316,
          42.508872317696245
        ],
        [
          1.5238464232161222,
          42.50869107558504
        ],
        [
          1.5233172717686776,
          42.50848174920436
        ],
        [
          1.5228257455900858,
          42.50881101461353
        ],
        [
          1.5223777578819113,
          42.509170397666914
        ],
        [
          1.5227987847804658,
          42.509440645151024
        ],
        [
          1.5233713000000002,
          42.5095871
        ]
      ],
      "emotions": [
        "red",
        "red",
        "red",
        "red",
        "red",
        "purple",
        "purple",
        "purple",
        "purple",
        "purple",
        "purple",
        "purple",
        "purple",
        "purple",
        "purple",
        "purple",
        "purple",
        "purple",
        "purple",
        "purple",
        "red",
        "red",
        "red",
        "red",
        "red",
        "purple",
        "purple"
      ],
      "mood_vectors": [
        [
          0.08430016626855591,
          0.1751112319857131,
          0.0009976867609543917,
          0.10425996322701073,
          0.225506253096641,
          0.2034327140999105,
          0.2063919845612144
        ],
        [
          0.20464751064120582,
          0.22811492041513784,
          0.026857406217541575,
          0.0160296027974221,
          0.11048622892549577,
          0.16903510976500197,
          0.24482922123819498
        ],
        [
          0.24869046692032817,
          0.0231141084462213,
          0.22321965456518073,
          0.2100032701339691,
          0.14913302314739205,
          0.11433722617949803,
          0.03150225060741057
        ],
        [
          0.007559781472165414,
          0.25788861231262034,
          0.21111877587973304,
          0.16653139404945125,
          0.13849633342989437,
          0.09759001112474644,
          0.12081509173138914
        ],
        [
          0.0677248013867478,
          0.2927518155156113,
          0.009867723789509498,
          0.2761297059403021,
          0.009521608709251209,
          0.25443117103601576,
          0.08957317362256226
        ],
        [
          0.03373416398780118,
          0.16476477087238442,
          0.15639107674000238,
          0.23140798721611844,
          0.20918622001032808,
          0.11699511663090213,
          0.0875206645424634
        ],
        [
          0.012976279825668083,
          0.22138308499434609,
          0.18916656648085836,
          0.1992247716610128,
          0.25377954915259626,
          0.060371417303503296,
          0.0630983305820152
        ],
        [
          0.07826346837265673,
          0.09779648241002721,
          0.16669726104105956,
          0.24941354305881125,
          0.16302131825015,
          0.10006868469726124,
          0.14473924217003398
        ],
        [
          0.22690939001153015,
          0.2128706526152426,
          0.18619267689552157,
          0.00028007136822597934,
          0.1343122785261148,
          0.009766707976119476,
          0.2296682226072455
        ],
        [
          0.042726764353172915,
          0.2795339443235927,
          0.24640370940450743,
          0.1364914038073313,
          0.009513067423555073,
          0.2583653946999671,
          0.02696571598787354
        ],
        [
          0.22200296227529237,
          0.06297412169494106,
          0.2635798662766949,
          0.2425215971445739,
          0.12113836231528352,
          0.07221331628268184,
          0.015569774010532451
        ],
        [
          0.006667312780410842,
          0.17837495019729602,
          0.18761951352097556,
          0.13754109180615517,
          0.18865786763418427,
          0.16525706467320325,
          0.1358821993877748
        ],
        [
          0.03778595665771848,
          0.15550688731048037,
          0.1551901555431616,
          0.07228163782157442,
          0.2999479599932891,
          0.017295888619612124,
          0.26199151405416393
        ],
        [
          0.2306124691730623,
          0.23319168853156855,
          0.08820010922331144,
          0.11164544087339123,
          0.20367279212797992,
          0.05128851586790295,
          0.08138898420278351
        ],
        [
          0.1891435612167215,
          0.06363561327997527,
          0.11815280830763819,
          0.046645291609765556,
          0.13885317262872193,
          0.26749708707628944,
          0.17607246588088815
        ],
        [
          0.009668187445308667,
          0.19865744357913695,
          0.21204599710404443,
          0.20397879706408714,
          0.11373677050733169,
          0.14139997015867858,
          0.12051283414141248
        ],
        [
          0.18106444011669623,
          0.05043509580690646,
          0.05985297823276141,
          0.23499555702602173,
          0.14519887869553444,
          0.22223954615233726,
          0.10621350396974243
        ],
        [
          0.024708651795647043,
          0.17929529556405405,
          0.18530653100629715,
          0.18846079164789142,
          0.15573159839660328,
          0.16000090764456124,
          0.10649622394494587
        ],
        [
          0.09572956111818767,
          0.2534302720953544,
          0.05049410660981824,
          0.16980940967229893,
          0.12109795069578887,
          0.17181832104915695,
          0.13762037875939492
        ],
        [
          0.032886976717494465,
          0.24277638642037577,
          0.20049381071212508,
          0.11334259783630736,
          0.3060970939178994,
          0.06877331852046241,
          0.03562981587533557
        ],
        [
          0.2902866854497294,
          0.03684979638987288,
          0.028356763875863784,
          0.25180363432455977,
          0.28238864530099766,
          0.04927351475117882,
          0.06104095990779767
        ],
        [
          0.19513108895740394,
          0.0923523430262579,
          0.20892140371751447,
          0.02138811436718265,
          0.05719755340345168,
          0.19873226603453,
          0.22627723049365941
        ],
        [
          0.3168798106909473,
          0.31094924024327614,
          6.057695390253934e-05,
          0.015266194376995659,
          0.1968788943513524,
          0.1321011657913832,
          0.027864117592142787
        ],
        [
          0.00607491172653582,
          0.033516478767013996,
          0.09821237178411116,
          0.08476021795329523,
          0.2693828536579379,
          0.3016006374022917,
          0.20645252870881423
        ],
        [
          0.0851778716695583,
          0.042487812784332835,
          0.27344494915960277,
          0.12575166004907432,
          0.2765559876331886,
          0.14434078831468114,
          0.052240930389561915
        ],
        [
          0.1858609082444257,
          0.10514709127011833,
          0.2087189388136305,
          0.14756728170805514,
          0.21154144099443462,
          0.11833453988862538,
          0.02282979908071047
        ],
        [
          0.189311075068963,
          0.16514482239346073,
          0.19683220361104262,
          0.049747521120303353,
          0.1733054165844875,
          0.14136128817347038,
          0.08429767304827246
        ]
      ],
      "timestamps": [
        55,
        56,
        57,
        58,
        59,
        60,
        61,
        62,
        63,
        64,
        65,
        66,
        67,
        68,
        69,
        70,
        71,
        72,
        73,
        74,
        75,
        76,
        77,
        78,
        79,
        80,
        81
      ],
      "distance": 668.3
    },
    {
      "trip_id": 3,
      "transport_method": "bicycle",
      "start_time": 82,
      "path": [
        [
          1.5233713000000002,
          42.5095871
        ],
        [
          1.522529738596726,
          42.50934700743718
        ],
        [
          1.5228075763523012,
          42.50882318589102
        ],
        [
          1.5235506293682686,
          42.508547922290404
        ],
        [
          1.5237336022235364,
          42.508881649267806
        ],
        [
          1.5234253706844538,
          42.508487301714965
        ],
        [
          1.522626365405295,
          42.50842808441101
        ],
        [
          1.5222924869530416,
          42.50804007720833
        ],
        [
          1.5225626730285133,
          42.50815646823368
        ],
        [
          1.5219675476756422,
          42.50840261580262
        ],
        [
          1.5223249816365125,
          42.50848417823898
        ],
        [
          1.5217894767331925,
          42.50829809849125
        ],
        [
          1.5211450594019835,
          42.50828181031492
        ],
        [
          1.5215825786003925,
          42.50820440781922
        ],
        [
          1.5208087922334728,
          42.50779270685983
        ],
        [
          1.5200134623196866,
          42.507603032861184
        ],
        [
          1.5196046762938344,
          42.50817065104852
        ],
        [
          1.5196762,
          42.508573600000005
        ]
      ],
      "emotions": [
        "purple",
        "purple",
        "purple",
        "purple",
        "purple",
        "purple",
        "purple",
        "purple",
        "green",
        "green",
        "green",
        "green",
        "green",
        "purple",
        "purple",
        "purple",
        "purple",
        "purple"
      ],
      "mood_vectors": [
        [
          0.16761309534574262,
          0.055920677941504474,
          0.11310055901666588,
          0.13221760902345944,
          0.30786351266633,
          0.09537194447518589,
          0.12791260153111164
        ],
        [
          0.20590545517347267,
          0.31727294012016305,
          0.173992572812222,
          0.24834223637343578,
          0.019837838312283074,
          0.028863713873993193,
          0.005785243334430343
        ],
        [
          0.21764027601719593,
          0.05253930383148113,
          0.16621138662265317,
          0.17192884456083632,
          0.20779944657651378,
          0.14187299555850533,
          0.042007746832814295
        ],
        [
          0.002565225827376506,
          0.20168870143132178,
          0.17987345737277957,
          0.12614445576526825,
          0.0072283864450989116,
          0.234006163931366,
          0.24849360922678906
        ],
        [
          0.2719840960997813,
          0.0710251853324336,
          0.2416265330667664,
          0.29246041856644495,
          0.0517732468186182,
          0.03175874628476203,
          0.03937177383119358
        ],
        [
          0.02481536395169811,
          0.029306182145424544,
          0.2923213419742328,
          0.11430694997534774,
          0.3753849001596031,
          0.13289843004711663,
          0.030966831746577026
        ],
        [
          0.1456276385516255,
          0.0516168091219814,
          0.20026716572278336,
          0.178093185087628,
          0.20310082353907496,
          0.007571694867514866,
          0.21372268310939194
        ],
        [
          0.214987707106668,
          0.22973894342517456,
          0.2052409403619247,
          0.03777836532115193,
          0.03847829545280625,
          0.16581151131025318,
          0.10796423702202136
        ],
        [
          0.22429421295258137,
          0.04725057450455706,
          0.014070537587297337,
          0.052335108801173695,
          0.28945466912172263,
          0.26761826103081626,
          0.1049766360018517
        ],
        [
          0.20915693175311978,
          0.18815738009018787,
          0.0889245242010757,
          0.16088351728850372,
          0.1486680080727162,
          0.20230074520253186,
          0.0019088933918649236
        ],
        [
          0.19612248725267545,
          0.23902449610220544,
          0.0659498578681792,
          0.0310364313655042,
          0.03648384000482858,
          0.2825463303305564,
          0.14883655707605076
        ],
        [
          0.15658068878701956,
          0.17447128425282887,
          0.0691034544777573,
          0.2035422834310727,
          0.1861056117526181,
          0.03110708111303298,
          0.17908959618567052
        ],
        [
          0.0472408155414528,
          0.06550690696279396,
          0.18523253712197568,
          0.10949827775622843,
          0.28472951256511914,
          0.030679909995309333,
          0.27711204005712065
        ],
        [
          0.15359806916306012,
          0.08019746879957035,
          0.11953579081527015,
          0.08073197234867474,
          0.2317114631321009,
          0.18452167380235823,
          0.14970356193896556
        ],
        [
          0.008118149791162498,
          0.08382623914589048,
          0.3756126514618784,
          0.32548803267707643,
          0.05004494072926228,
          0.006934405516726224,
          0.14997558067800365
        ],
        [
          0.17480724224219582,
          0.213450896165591,
          0.20900784649464446,
          0.1111578748174193,
          0.12186908810252578,
          0.12553263717273655,
          0.04417441500488711
        ],
        [
          0.18326087876990838,
          0.08255365355775796,
          0.18976360847650256,
          0.18348245712774422,
          0.0547988213358262,
          0.20511712614498487,
          0.10102345458727578
        ],
        [
          0.17552319882026854,
          0.18200692442311311,
          0.13786720132308652,
          0.13875476271934764,
          0.14249371774692585,
          0.037085781863812395,
          0.18626841310344588
        ]
      ],
      "timestamps": [
        82,
        83,
        84,
        85,
        86,
        87,
        88,
        89,
        90,
        91,
        92,
        93,
        94,
        95,
        96,
        97,
        98,
        99
      ],
      "distance": 594.2
    }
  ],
  "conversation": [
    "I always forget how much I like walking here.",
    "I could really go for some Hokkaido milk soft serve.",
    "This walk is better than therapy."
  ],
  "conversation_timestamps": [
    38,
    68,
    98
  ]
}
