{"agent_id": "agent-red-1781", "type": "red", "trips": [{"trip_id": 0, "transport_method": "foot", "start_time": 0, "path": [[1.5176576, 42.5014909], [1.5175215, 42.5014344], [1.5173857, 42.5013772], [1.5172499, 42.50132], [1.5172257, 42.5012356], [1.5173198, 42.5011222], [1.5174139, 42.5010088], [1.5173256, 42.5009811], [1.5172329, 42.5010929], [1.5171562, 42.5012174], [1.5172257, 42.5012426], [1.5173273, 42.5011359], [1.5174289, 42.5010291], [1.5175492, 42.5010389], [1.5176784, 42.5011098], [1.5178212, 42.5011091], [1.5179537, 42.5010495], [1.5180964, 42.5010153], [1.5182434, 42.5010047], [1.5183904, 42.5009942], [1.5185374, 42.5009836], [1.5186844, 42.5009731], [1.5188313, 42.5009625], [1.5189778, 42.5009649], [1.5191179, 42.5010084], [1.5192574, 42.5010561], [1.5193956, 42.5011071], [1.5195282, 42.5011711], [1.5196593, 42.5012383], [1.5197692, 42.5013347], [1.5198733, 42.5014391], [1.519875, 42.5015819], [1.5198496, 42.501727], [1.5198659, 42.5018671], [1.5199139, 42.5020051], [1.5199414, 42.5021496], [1.519991, 42.502288], [1.5200642, 42.5024157], [1.5201449, 42.5025389], [1.5202259, 42.502662], [1.5203079, 42.5027843], [1.5204179, 42.5028823], [1.5205527, 42.5029389], [1.5206839, 42.5030058], [1.5208077, 42.5030857], [1.5209261, 42.5031734], [1.5210353, 42.5032719], [1.5211584, 42.5033472], [1.5212671, 42.5034381], [1.521351, 42.5035593], [1.5214179, 42.5036905], [1.5214725, 42.5038268], [1.5215078, 42.5039692], [1.5215168, 42.504116], [1.521465, 42.5042406], [1.5214967, 42.5043785], [1.521625, 42.5044464], [1.5217669, 42.504486], [1.5219107, 42.5045177], [1.522035, 42.5045531], [1.5220669, 42.5046969], [1.5220978, 42.5048409], [1.5220924, 42.5049882], [1.5220845, 42.5051353], [1.5220761, 42.5052824], [1.5220677, 42.5054295], [1.5220593, 42.5055767], [1.5220063, 42.5057123], [1.5219424, 42.5058451], [1.5218785, 42.5059778], [1.5218146, 42.5061106], [1.5217507, 42.5062434], [1.5217066, 42.5063839], [1.5216636, 42.5065249], [1.5216304, 42.5066613], [1.5217599, 42.5067272], [1.5218974, 42.50678], [1.522035, 42.5068329], [1.522174, 42.5068393], [1.5223147, 42.5067953]], "mood_vectors": [[0.7249, 0.0278, 0.0694, 0.0249, 0.0188, 0.0664, 0.0678], [0.6484, 0.0183, 0.0751, 0.0477, 0.0545, 0.0851, 0.0708], [0.7221, 0.0455, 0.0426, 0.0225, 0.0425, 0.0309, 0.0938], [0.64, 0.0615, 0.0388, 0.059, 0.098, 0.0385, 0.0642], [0.718, 0.0693, 0.0172, 0.0435, 0.0797, 0.0346, 0.0378], [0.7273, 0.0209, 0.0931, 0.0347, 0.0592, 0.0153, 0.0496], [0.6952, 0.0586, 0.0264, 0.0393, 0.045, 0.0506, 0.0849], [0.7694, 0.051, 0.0221, 0.0632, 0.0167, 0.0352, 0.0423], [0.6535, 0.0698, 0.0418, 0.038, 0.0423, 0.0752, 0.0793], [0.6909, 0.0762, 0.0206, 0.0744, 0.0622, 0.0163, 0.0594], [0.6764, 0.0213, 0.035, 0.0436, 0.0706, 0.0608, 0.0923], [0.7313, 0.0303, 0.0426, 0.0148, 0.0258, 0.0807, 0.0745], [0.7214, 0.0613, 0.0183, 0.0154, 0.0556, 0.0579, 0.07], [0.7543, 0.0724, 0.0197, 0.057, 0.0414, 0.0158, 0.0394], [0.7547, 0.0246, 0.0897, 0.017, 0.0458, 0.0186, 0.0496], [0.7988, 0.0266, 0.0158, 0.013, 0.064, 0.014, 0.0679], [0.7142, 0.0697, 0.0124, 0.073, 0.0192, 0.0759, 0.0356], [0.722, 0.029, 0.0549, 0.0344, 0.0486, 0.0469, 0.0642], [0.7108, 0.0819, 0.0387, 0.0314, 0.0395, 0.0194, 0.0784], [0.6761, 0.0703, 0.0263, 0.0627, 0.0939, 0.0452, 0.0254], [0.7699, 0.0319, 0.0457, 0.0224, 0.0259, 0.085, 0.0193], [0.6947, 0.044, 0.0611, 0.0395, 0.0128, 0.0743, 0.0736], [0.7085, 0.0573, 0.0544, 0.0526, 0.0693, 0.0317, 0.0261], [0.651, 0.0763, 0.0662, 0.0417, 0.0712, 0.0179, 0.0758], [0.6987, 0.0688, 0.046, 0.0926, 0.0478, 0.0176, 0.0285], [0.7695, 0.0299, 0.0488, 0.0138, 0.024, 0.0388, 0.0752], [0.6837, 0.0217, 0.0778, 0.0707, 0.0317, 0.0713, 0.0431], [0.6654, 0.0351, 0.0391, 0.0526, 0.0788, 0.0571, 0.072], [0.6995, 0.0474, 0.0353, 0.0246, 0.0651, 0.0864, 0.0418], [0.7537, 0.0184, 0.0547, 0.0174, 0.0292, 0.0917, 0.0348], [0.7584, 0.0527, 0.0514, 0.0352, 0.0172, 0.0366, 0.0485], [0.6751, 0.0594, 0.0743, 0.0447, 0.0705, 0.0387, 0.0373], [0.6576, 0.0681, 0.0615, 0.0532, 0.0774, 0.0358, 0.0464], [0.7258, 0.0377, 0.0548, 0.0494, 0.0312, 0.0545, 0.0467], [0.6394, 0.0635, 0.058, 0.0833, 0.0531, 0.054, 0.0488], [0.6624, 0.0738, 0.0861, 0.0516, 0.0338, 0.0597, 0.0325], [0.7441, 0.0548, 0.046, 0.0273, 0.0167, 0.0631, 0.048], [0.7023, 0.0436, 0.0211, 0.0534, 0.0574, 0.0654, 0.0568], [0.6856, 0.0713, 0.0292, 0.0193, 0.0757, 0.0543, 0.0646], [0.6532, 0.0588, 0.0258, 0.0469, 0.0855, 0.05, 0.0797], [0.7333, 0.0655, 0.0119, 0.0351, 0.0265, 0.0627, 0.065], [0.725, 0.0145, 0.0203, 0.0589, 0.0605, 0.0487, 0.0722], [0.6808, 0.0435, 0.0152, 0.0814, 0.0505, 0.038, 0.0906], [0.7232, 0.029, 0.0172, 0.0955, 0.063, 0.0361, 0.036], [0.7784, 0.0653, 0.0285, 0.0129, 0.0257, 0.0513, 0.038], [0.7649, 0.0358, 0.0431, 0.0247, 0.0385, 0.0266, 0.0665], [0.6735, 0.0176, 0.0664, 0.0516, 0.0525, 0.0759, 0.0624], [0.7142, 0.0154, 0.0637, 0.046, 0.0565, 0.0553, 0.0488], [0.7602, 0.0322, 0.0637, 0.0573, 0.0512, 0.0164, 0.0191], [0.6232, 0.0676, 0.0848, 0.0308, 0.0905, 0.0681, 0.0349], [0.6775, 0.0564, 0.0186, 0.0744, 0.074, 0.0724, 0.0267], [0.7755, 0.0256, 0.0255, 0.0213, 0.0704, 0.0417, 0.04], [0.6695, 0.0409, 0.0232, 0.0579, 0.0858, 0.0659, 0.0568], [0.6085, 0.0368, 0.0778, 0.0787, 0.0742, 0.0517, 0.0723], [0.7029, 0.0568, 0.0594, 0.0586, 0.0148, 0.0378, 0.0698], [0.7558, 0.0566, 0.0137, 0.0288, 0.0557, 0.029, 0.0606], [0.7541, 0.0299, 0.0178, 0.0505, 0.0609, 0.0578, 0.0291], [0.6441, 0.0729, 0.0297, 0.0791, 0.0786, 0.0408, 0.0548], [0.7732, 0.0554, 0.0175, 0.0581, 0.0589, 0.0185, 0.0184], [0.6339, 0.0585, 0.059, 0.0779, 0.0504, 0.0799, 0.0404], [0.6747, 0.0388, 0.0686, 0.0208, 0.0476, 0.0869, 0.0625], [0.6381, 0.0578, 0.0474, 0.0736, 0.0649, 0.0463, 0.0718], [0.7349, 0.0286, 0.0409, 0.0479, 0.0374, 0.0281, 0.0823], [0.7027, 0.0349, 0.0569, 0.0476, 0.0446, 0.0634, 0.05], [0.735, 0.0494, 0.0656, 0.0318, 0.0185, 0.0755, 0.0241], [0.6602, 0.061, 0.0642, 0.0293, 0.0507, 0.0638, 0.0709], [0.8016, 0.0479, 0.0151, 0.0523, 0.0437, 0.0144, 0.025], [0.6923, 0.0673, 0.0532, 0.07, 0.0651, 0.015, 0.0371], [0.6837, 0.0449, 0.0767, 0.0241, 0.0213, 0.0706, 0.0787], [0.621, 0.0469, 0.0789, 0.0422, 0.0679, 0.0622, 0.0809], [0.6563, 0.0517, 0.0532, 0.0298, 0.0663, 0.0665, 0.0762], [0.6444, 0.0765, 0.0319, 0.0248, 0.1006, 0.0831, 0.0387], [0.6866, 0.0593, 0.0734, 0.0513, 0.0309, 0.0687, 0.0298], [0.6616, 0.0525, 0.0353, 0.0473, 0.0649, 0.0747, 0.0636], [0.6791, 0.0702, 0.0488, 0.0592, 0.0614, 0.067, 0.0143], [0.7778, 0.0673, 0.0198, 0.076, 0.0258, 0.0206, 0.0126], [0.7481, 0.0161, 0.0293, 0.0731, 0.0568, 0.0155, 0.0612], [0.6538, 0.0465, 0.0592, 0.0744, 0.0731, 0.0123, 0.0807], [0.6702, 0.0355, 0.0861, 0.0577, 0.0307, 0.0786, 0.0411], [0.7643, 0.0275, 0.053, 0.031, 0.0514, 0.0218, 0.0511]], "emotions": ["red", "red", "red", "red", "red", "red", "red", "red", "red", "red", "red", "red", "red", "red", "red", "red", "red", "red", "red", "red", "red", "red", "red", "red", "red", "red", "red", "red", "red", "red", "red", "red", "red", "red", "red", "red", "red", "red", "red", "red", "red", "red", "red", "red", "red", "red", "red", "red", "red", "red", "red", "red", "red", "red", "red", "red", "red", "red", "red", "red", "red", "red", "red", "red", "red", "red", "red", "red", "red", "red", "red", "red", "red", "red", "red", "red", "red", "red", "red", "red"], "timestamps": [0, 40, 80, 120, 160, 200, 240, 280, 320, 360, 400, 440, 480, 520, 560, 600, 640, 680, 720, 760, 800, 840, 880, 920, 960, 1000, 1040, 1080, 1120, 1160, 1200, 1240, 1280, 1320, 1360, 1400, 1440, 1480, 1520, 1560, 1600, 1640, 1680, 1720, 1760, 1800, 1840, 1880, 1920, 1960, 2000, 2040, 2080, 2120, 2160, 2200, 2240, 2280, 2320, 2360, 2400, 2440, 2480, 2520, 2560, 2600, 2640, 2680, 2720, 2760, 2800, 2840, 2880, 2920, 2960, 3000, 3040, 3080, 3120, 3160]}], "conversation": [], "conversation_timestamps": []}