{"agent_id": "agent-red-586", "type": "red", "trips": [{"trip_id": 0, "transport_method": "foot", "start_time": 0, "path": [[1.5286427, 42.5536883], [1.5277605, 42.55226], [1.5269034, 42.5521882], [1.5283812, 42.5533938], [1.5276162, 42.5525737], [1.5265859, 42.5511756], [1.5257317, 42.5496014], [1.5248917, 42.5479241], [1.5247114, 42.5463277], [1.5238712, 42.5448154], [1.5233495, 42.5437344], [1.5228327, 42.5419229], [1.5235217, 42.5409152], [1.5231645, 42.5390847], [1.5240716, 42.5377263], [1.5250086, 42.5369871], [1.523449, 42.5364448], [1.52224, 42.5350949], [1.5208955, 42.5338814], [1.5212421, 42.5323375], [1.5213137, 42.5306873], [1.521887, 42.5292356], [1.5208879, 42.5277596], [1.520745, 42.5259574], [1.5205834, 42.5270258], [1.5207137, 42.5259903], [1.5209047, 42.5241606], [1.5218873, 42.5225531], [1.5232489, 42.5212548], [1.5238425, 42.5197773], [1.5235305, 42.5206448], [1.5242366, 42.5188695], [1.5256783, 42.5176995], [1.5272797, 42.5167838], [1.5288823, 42.5158192], [1.5301927, 42.5144678], [1.5306527, 42.5127559], [1.5300337, 42.511554], [1.5292906, 42.5101076], [1.5290558, 42.5098396], [1.5283766, 42.5092423], [1.526698, 42.5085117], [1.5249404, 42.5079262], [1.523069, 42.5077846], [1.5212821, 42.5075143], [1.5194527, 42.5072214], [1.5183982, 42.5064597], [1.5166962, 42.5057602], [1.5150468, 42.5048986], [1.5141316, 42.5038481], [1.5127993, 42.5025052], [1.5112185, 42.5014394], [1.5094941, 42.500653], [1.5077958, 42.4997919], [1.5060687, 42.4989751], [1.5043422, 42.4981602], [1.5026098, 42.4973568], [1.5009013, 42.4965696], [1.4997039, 42.4958968], [1.4988372, 42.4946455], [1.4978972, 42.4932255], [1.4978539, 42.4931849], [1.4963867, 42.4919629], [1.4950719, 42.4906434], [1.4941836, 42.4889574], [1.4932482, 42.4872915], [1.4924806, 42.4855447], [1.491114, 42.4844147], [1.4902453, 42.4827325], [1.4894835, 42.4810089], [1.4895509, 42.4791328], [1.4904958, 42.477476], [1.4908539, 42.4756979], [1.4915368, 42.4740049], [1.4912893, 42.4745103], [1.4927924, 42.4734028], [1.4932721, 42.4730455], [1.4933234, 42.4712868], [1.4932775, 42.4693922], [1.4940603, 42.4678727]], "mood_vectors": [[0.6227, 0.0826, 0.0794, 0.0775, 0.0264, 0.0309, 0.0806], [0.6721, 0.0611, 0.0301, 0.0649, 0.0659, 0.0638, 0.0421], [0.69, 0.02, 0.0932, 0.0511, 0.0463, 0.0831, 0.0163], [0.644, 0.049, 0.0624, 0.0663, 0.0737, 0.0264, 0.0782], [0.6976, 0.0615, 0.0723, 0.0152, 0.0583, 0.0488, 0.0462], [0.7369, 0.0422, 0.0289, 0.0583, 0.0146, 0.0571, 0.062], [0.6775, 0.0556, 0.0461, 0.0275, 0.0417, 0.0753, 0.0764], [0.7122, 0.0382, 0.0452, 0.0678, 0.0762, 0.048, 0.0125], [0.736, 0.0402, 0.0256, 0.0567, 0.0284, 0.0758, 0.0373], [0.7628, 0.0347, 0.063, 0.0197, 0.0292, 0.0624, 0.0282], [0.6938, 0.0353, 0.0721, 0.0479, 0.0467, 0.023, 0.0812], [0.6691, 0.0811, 0.04, 0.076, 0.0619, 0.0289, 0.0431], [0.6843, 0.0449, 0.0624, 0.0281, 0.0725, 0.0657, 0.0421], [0.61, 0.0615, 0.0141, 0.0637, 0.0798, 0.0864, 0.0844], [0.6832, 0.0201, 0.0711, 0.0606, 0.0633, 0.0309, 0.0708], [0.7395, 0.0365, 0.0188, 0.0267, 0.0461, 0.0743, 0.058], [0.661, 0.0721, 0.0163, 0.0609, 0.0834, 0.0425, 0.0637], [0.6659, 0.0719, 0.0526, 0.06, 0.0422, 0.0342, 0.0732], [0.6339, 0.057, 0.0433, 0.0564, 0.0808, 0.0424, 0.0863], [0.7496, 0.0153, 0.0512, 0.0173, 0.0611, 0.0654, 0.04], [0.7513, 0.0683, 0.0196, 0.0583, 0.0324, 0.0224, 0.0478], [0.6942, 0.0145, 0.0666, 0.0858, 0.0347, 0.0485, 0.0557], [0.7257, 0.011, 0.0676, 0.013, 0.0719, 0.0471, 0.0638], [0.7416, 0.0281, 0.0589, 0.053, 0.0607, 0.0239, 0.0339], [0.7693, 0.0291, 0.0433, 0.0529, 0.0379, 0.0273, 0.0402], [0.6796, 0.0725, 0.0681, 0.0153, 0.0136, 0.0751, 0.0757], [0.7757, 0.0319, 0.0354, 0.0304, 0.0303, 0.0772, 0.0191], [0.6543, 0.0579, 0.0355, 0.0869, 0.0613, 0.0591, 0.0449], [0.7301, 0.0511, 0.0172, 0.0722, 0.0777, 0.0206, 0.031], [0.6627, 0.0544, 0.0673, 0.0405, 0.0758, 0.0362, 0.0631], [0.6946, 0.0327, 0.0313, 0.0361, 0.0565, 0.0724, 0.0765], [0.6712, 0.0844, 0.0352, 0.0833, 0.0361, 0.057, 0.0328], [0.7048, 0.0233, 0.0207, 0.0611, 0.032, 0.069, 0.0893], [0.7367, 0.0775, 0.0359, 0.0257, 0.035, 0.0184, 0.0707], [0.6983, 0.03, 0.0778, 0.042, 0.0588, 0.0644, 0.0287], [0.6777, 0.0439, 0.0591, 0.0293, 0.0758, 0.0653, 0.0489], [0.6589, 0.0195, 0.0435, 0.0735, 0.0626, 0.067, 0.075], [0.7295, 0.0807, 0.0262, 0.051, 0.0245, 0.0354, 0.0525], [0.7087, 0.0352, 0.0748, 0.0328, 0.0687, 0.0668, 0.013], [0.7535, 0.0361, 0.0615, 0.0703, 0.0311, 0.0171, 0.0303], [0.6485, 0.0301, 0.0279, 0.0959, 0.1041, 0.027, 0.0666], [0.6958, 0.0682, 0.0615, 0.0437, 0.0442, 0.0447, 0.0419], [0.6741, 0.075, 0.0232, 0.0755, 0.0778, 0.023, 0.0515], [0.7477, 0.0205, 0.0367, 0.0554, 0.0754, 0.0311, 0.0331], [0.6568, 0.0914, 0.0602, 0.0844, 0.0567, 0.029, 0.0215], [0.6637, 0.034, 0.0627, 0.0868, 0.0321, 0.0534, 0.0674], [0.7035, 0.0696, 0.0556, 0.0215, 0.0604, 0.0569, 0.0325], [0.7851, 0.0722, 0.0173, 0.0119, 0.0531, 0.021, 0.0395], [0.7423, 0.0808, 0.0381, 0.0224, 0.0777, 0.0162, 0.0226], [0.7626, 0.0326, 0.0287, 0.0634, 0.0708, 0.0293, 0.0127], [0.6499, 0.0223, 0.0487, 0.058, 0.0675, 0.0735, 0.0801], [0.7028, 0.0482, 0.019, 0.0401, 0.0291, 0.0631, 0.0977], [0.658, 0.0192, 0.0507, 0.0611, 0.0391, 0.0919, 0.0799], [0.754, 0.0652, 0.0442, 0.0405, 0.0232, 0.0374, 0.0354], [0.5973, 0.0315, 0.0982, 0.0848, 0.081, 0.0228, 0.0844], [0.6987, 0.0286, 0.039, 0.0516, 0.066, 0.0746, 0.0415], [0.6864, 0.0712, 0.0323, 0.0744, 0.031, 0.034, 0.0706], [0.7087, 0.0633, 0.0191, 0.0547, 0.0823, 0.0216, 0.0503], [0.7161, 0.081, 0.0613, 0.0593, 0.0386, 0.0168, 0.0269], [0.7133, 0.0675, 0.0491, 0.0655, 0.0511, 0.0427, 0.0108], [0.6488, 0.0537, 0.0467, 0.0943, 0.0665, 0.0755, 0.0145], [0.675, 0.0797, 0.0724, 0.0123, 0.0436, 0.0754, 0.0415], [0.7094, 0.0756, 0.0245, 0.049, 0.032, 0.0405, 0.069], [0.6608, 0.0614, 0.0353, 0.0435, 0.056, 0.0736, 0.0695], [0.7808, 0.0453, 0.0291, 0.0376, 0.0262, 0.0557, 0.0253], [0.7043, 0.0669, 0.0203, 0.0831, 0.0162, 0.0651, 0.0441], [0.7411, 0.027, 0.0606, 0.0787, 0.0546, 0.0153, 0.0227], [0.5996, 0.0484, 0.0897, 0.0319, 0.0888, 0.0562, 0.0854], [0.7758, 0.0296, 0.0614, 0.024, 0.0659, 0.0157, 0.0276], [0.7267, 0.0351, 0.0876, 0.0392, 0.0614, 0.0258, 0.0242], [0.7534, 0.0367, 0.0236, 0.0781, 0.0356, 0.027, 0.0456], [0.7238, 0.0751, 0.0623, 0.0159, 0.033, 0.0656, 0.0244], [0.7337, 0.0232, 0.0591, 0.0374, 0.0508, 0.0724, 0.0235], [0.7593, 0.0364, 0.046, 0.026, 0.047, 0.043, 0.0422], [0.7102, 0.0532, 0.0173, 0.0356, 0.0777, 0.0758, 0.0303], [0.7019, 0.0509, 0.0214, 0.0169, 0.0779, 0.1033, 0.0276], [0.743, 0.0565, 0.0396, 0.0363, 0.0188, 0.0548, 0.0509], [0.6488, 0.049, 0.0407, 0.0581, 0.066, 0.0594, 0.0779], [0.7088, 0.0256, 0.0772, 0.0259, 0.0664, 0.0576, 0.0383], [0.6595, 0.0481, 0.0382, 0.0414, 0.0636, 0.0665, 0.0826]], "emotions": ["red", "red", "red", "red", "red", "red", "red", "red", "red", "red", "red", "red", "red", "red", "red", "red", "red", "red", "red", "red", "red", "red", "red", "red", "red", "red", "red", "red", "red", "red", "red", "red", "red", "red", "red", "red", "red", "red", "red", "red", "red", "red", "red", "red", "red", "red", "red", "red", "red", "red", "red", "red", "red", "red", "red", "red", "red", "red", "red", "red", "red", "red", "red", "red", "red", "red", "red", "red", "red", "red", "red", "red", "red", "red", "red", "red", "red", "red", "red", "red"], "timestamps": [0, 40, 80, 120, 160, 200, 240, 280, 320, 360, 400, 440, 480, 520, 560, 600, 640, 680, 720, 760, 800, 840, 880, 920, 960, 1000, 1040, 1080, 1120, 1160, 1200, 1240, 1280, 1320, 1360, 1400, 1440, 1480, 1520, 1560, 1600, 1640, 1680, 1720, 1760, 1800, 1840, 1880, 1920, 1960, 2000, 2040, 2080, 2120, 2160, 2200, 2240, 2280, 2320, 2360, 2400, 2440, 2480, 2520, 2560, 2600, 2640, 2680, 2720, 2760, 2800, 2840, 2880, 2920, 2960, 3000, 3040, 3080, 3120, 3160]}], "conversation": [], "conversation_timestamps": []}