{"agent_id": "agent-red-626", "type": "red", "trips": [{"trip_id": 0, "transport_method": "bicycle", "start_time": 0, "path": [[1.5329048, 42.5083628], [1.5331946, 42.5084031], [1.5334845, 42.5084435], [1.5337743, 42.5084838], [1.5340641, 42.5085242], [1.5338315, 42.5084932], [1.5335415, 42.5084543], [1.5332514, 42.5084155], [1.5329614, 42.5083766], [1.5326713, 42.5083378], [1.5323808, 42.5083034], [1.5320889, 42.5082825], [1.5317971, 42.5082615], [1.5316755, 42.508383], [1.5317438, 42.5086665], [1.5316672, 42.5089489], [1.5314577, 42.509002], [1.5311745, 42.5089282], [1.5308913, 42.5088543], [1.5306065, 42.5088734], [1.5303292, 42.5088646], [1.5300671, 42.5087345], [1.5297978, 42.5086311], [1.5295129, 42.5086529], [1.5292356, 42.5087463], [1.5289582, 42.5088396], [1.5286766, 42.5088414], [1.528397, 42.5087596], [1.528133, 42.5086335], [1.527864, 42.5085184], [1.5275948, 42.5084037], [1.5273069, 42.5083619], [1.5270142, 42.508359], [1.5267217, 42.5083506], [1.5264311, 42.5083178], [1.5261435, 42.5082642], [1.5258562, 42.5082112], [1.5255792, 42.5081242], [1.5253014, 42.5080329], [1.5250217, 42.5079473], [1.5247385, 42.5078737], [1.5244527, 42.5078114], [1.524163, 42.5077736], [1.5238705, 42.5077774], [1.5235786, 42.5077976], [1.5232871, 42.5078226], [1.5230154, 42.5077799], [1.5227238, 42.5077545], [1.5224323, 42.5077292], [1.5221408, 42.5077038], [1.5219049, 42.5076609], [1.5216752, 42.5075157], [1.521383, 42.5075175], [1.5210905, 42.5075083], [1.520798, 42.5074992], [1.5205151, 42.5074447], [1.5202336, 42.5074004], [1.5199418, 42.5074226], [1.5196723, 42.5073523], [1.5194209, 42.5072025], [1.5191568, 42.5070766], [1.518939, 42.5068917], [1.5187132, 42.5067302], [1.5187167, 42.5067313], [1.518736, 42.5066927], [1.5184951, 42.5065266], [1.5182543, 42.5063604], [1.5180134, 42.5061942], [1.5177585, 42.5060579], [1.5174699, 42.5060094], [1.5172312, 42.5059321], [1.5169461, 42.5058666], [1.5166785, 42.5057508], [1.516417, 42.5056195], [1.5161533, 42.5054928], [1.5158796, 42.5053894], [1.515602, 42.505297], [1.5153342, 42.5051878], [1.5151575, 42.5049753], [1.5149645, 42.5047661]], "mood_vectors": [[0.6503, 0.0418, 0.0649, 0.0809, 0.0302, 0.0902, 0.0416], [0.6829, 0.1007, 0.0294, 0.0191, 0.0877, 0.0475, 0.0327], [0.7214, 0.0742, 0.0153, 0.0797, 0.0514, 0.0275, 0.0305], [0.686, 0.076, 0.0754, 0.0713, 0.0607, 0.0157, 0.0148], [0.7518, 0.047, 0.0369, 0.0299, 0.0278, 0.0339, 0.0727], [0.6297, 0.0886, 0.0724, 0.0311, 0.0594, 0.0361, 0.0828], [0.5972, 0.0678, 0.0661, 0.0712, 0.0775, 0.0574, 0.0627], [0.6866, 0.0329, 0.0197, 0.0908, 0.0392, 0.0528, 0.0779], [0.6847, 0.0676, 0.0521, 0.0648, 0.0384, 0.0298, 0.0625], [0.6766, 0.0554, 0.0487, 0.0149, 0.0708, 0.0723, 0.0612], [0.6932, 0.0645, 0.0853, 0.0243, 0.0543, 0.0195, 0.0589], [0.6372, 0.074, 0.0688, 0.0626, 0.0676, 0.068, 0.0219], [0.7224, 0.0173, 0.0673, 0.0492, 0.0185, 0.0505, 0.0747], [0.6, 0.0832, 0.0489, 0.0275, 0.0867, 0.0784, 0.0754], [0.7828, 0.0372, 0.0252, 0.0167, 0.0563, 0.0525, 0.0293], [0.7142, 0.0189, 0.0387, 0.0527, 0.0356, 0.067, 0.0729], [0.6783, 0.0445, 0.0636, 0.0266, 0.0219, 0.0887, 0.0764], [0.6693, 0.0756, 0.0347, 0.073, 0.0201, 0.0735, 0.0539], [0.6701, 0.0519, 0.0577, 0.0681, 0.0534, 0.0611, 0.0378], [0.6976, 0.0318, 0.0387, 0.0788, 0.0427, 0.0332, 0.0771], [0.6966, 0.0286, 0.0469, 0.0691, 0.0536, 0.0705, 0.0347], [0.6879, 0.0648, 0.0718, 0.0577, 0.0623, 0.0263, 0.0292], [0.7976, 0.0225, 0.0166, 0.0175, 0.063, 0.0471, 0.0357], [0.7633, 0.0412, 0.0516, 0.0362, 0.0295, 0.0228, 0.0554], [0.75, 0.0422, 0.063, 0.0263, 0.0557, 0.0461, 0.0167], [0.7073, 0.0279, 0.0709, 0.0519, 0.0608, 0.0456, 0.0357], [0.7024, 0.0728, 0.071, 0.0179, 0.0367, 0.071, 0.0283], [0.6265, 0.0768, 0.0331, 0.0609, 0.044, 0.0842, 0.0746], [0.6407, 0.0364, 0.062, 0.0731, 0.0876, 0.0519, 0.0483], [0.6852, 0.0578, 0.0511, 0.0223, 0.0303, 0.0691, 0.0842], [0.7627, 0.0357, 0.0907, 0.0482, 0.0174, 0.0239, 0.0215], [0.6773, 0.0787, 0.0587, 0.0481, 0.0724, 0.0205, 0.0444], [0.7234, 0.0372, 0.0207, 0.0325, 0.0737, 0.0571, 0.0553], [0.706, 0.0159, 0.0544, 0.0591, 0.0611, 0.0462, 0.0572], [0.6883, 0.0804, 0.0557, 0.0761, 0.0408, 0.0398, 0.0189], [0.6764, 0.0493, 0.0765, 0.0726, 0.0679, 0.0155, 0.0416], [0.7114, 0.0511, 0.0375, 0.0548, 0.0304, 0.0608, 0.0539], [0.8326, 0.0243, 0.0313, 0.0132, 0.0631, 0.0119, 0.0236], [0.7287, 0.038, 0.0279, 0.0856, 0.0539, 0.0207, 0.0452], [0.7589, 0.0521, 0.0245, 0.0168, 0.0303, 0.0372, 0.0803], [0.6631, 0.0289, 0.0369, 0.0837, 0.0643, 0.0634, 0.0596], [0.7102, 0.0339, 0.0546, 0.0617, 0.0328, 0.0395, 0.0673], [0.7049, 0.0268, 0.0642, 0.0485, 0.0356, 0.0566, 0.0635], [0.6503, 0.0633, 0.0861, 0.052, 0.0252, 0.0868, 0.0364], [0.8232, 0.016, 0.0191, 0.0683, 0.0192, 0.033, 0.0213], [0.6178, 0.0224, 0.0794, 0.0855, 0.088, 0.0872, 0.0198], [0.7182, 0.0413, 0.0295, 0.0439, 0.076, 0.0617, 0.0293], [0.623, 0.0713, 0.0447, 0.0886, 0.0671, 0.0703, 0.0349], [0.7094, 0.0628, 0.0486, 0.066, 0.0171, 0.0349, 0.0611], [0.7522, 0.0513, 0.0262, 0.0145, 0.0604, 0.0813, 0.0141], [0.7071, 0.0697, 0.058, 0.0465, 0.0384, 0.0492, 0.0311], [0.7164, 0.0758, 0.0469, 0.0319, 0.0718, 0.0236, 0.0337], [0.6664, 0.0449, 0.0578, 0.0205, 0.0745, 0.0606, 0.0753], [0.7434, 0.0788, 0.0366, 0.0249, 0.0162, 0.0683, 0.0318], [0.7586, 0.0181, 0.0182, 0.0753, 0.0283, 0.0732, 0.0283], [0.7726, 0.0351, 0.0579, 0.0197, 0.0417, 0.0273, 0.0456], [0.6683, 0.0247, 0.0262, 0.0643, 0.0913, 0.0418, 0.0834], [0.7018, 0.0418, 0.0361, 0.0788, 0.0629, 0.0422, 0.0364], [0.6863, 0.0785, 0.0431, 0.0662, 0.0745, 0.0242, 0.0272], [0.7436, 0.0432, 0.0235, 0.0249, 0.0673, 0.0355, 0.062], [0.6597, 0.0805, 0.0136, 0.0317, 0.0862, 0.0639, 0.0644], [0.6732, 0.089, 0.0925, 0.0171, 0.0153, 0.0595, 0.0535], [0.7274, 0.0559, 0.0305, 0.0792, 0.0253, 0.0527, 0.029], [0.69, 0.082, 0.0425, 0.0299, 0.0527, 0.0738, 0.0289], [0.5843, 0.0577, 0.0887, 0.0818, 0.0364, 0.0587, 0.0922], [0.6971, 0.0766, 0.0514, 0.0165, 0.1004, 0.023, 0.035], [0.6804, 0.0543, 0.0335, 0.0812, 0.0338, 0.0363, 0.0804], [0.7569, 0.069, 0.0388, 0.0277, 0.0141, 0.0546, 0.0389], [0.7489, 0.0625, 0.0329, 0.0254, 0.0421, 0.0335, 0.0548], [0.7162, 0.0326, 0.0451, 0.0722, 0.0772, 0.0383, 0.0183], [0.7078, 0.0283, 0.0334, 0.0843, 0.0353, 0.0942, 0.0168], [0.6578, 0.0732, 0.0642, 0.0776, 0.0516, 0.0583, 0.0174], [0.726, 0.0408, 0.0596, 0.0735, 0.0536, 0.0312, 0.0153], [0.7303, 0.0453, 0.06, 0.0478, 0.0214, 0.0539, 0.0413], [0.7324, 0.0431, 0.0212, 0.0717, 0.0455, 0.0605, 0.0257], [0.6947, 0.0278, 0.0475, 0.067, 0.0571, 0.0781, 0.0277], [0.6988, 0.0457, 0.018, 0.061, 0.0809, 0.0736, 0.022], [0.7933, 0.0319, 0.0234, 0.0438, 0.0434, 0.0283, 0.0359], [0.6705, 0.0665, 0.0758, 0.0767, 0.031, 0.0633, 0.0161], [0.7024, 0.0389, 0.0244, 0.0309, 0.0751, 0.0771, 0.0512]], "emotions": ["red", "red", "red", "red", "red", "red", "red", "red", "red", "red", "red", "red", "red", "red", "red", "red", "red", "red", "red", "red", "red", "red", "red", "red", "red", "red", "red", "red", "red", "red", "red", "red", "red", "red", "red", "red", "red", "red", "red", "red", "red", "red", "red", "red", "red", "red", "red", "red", "red", "red", "red", "red", "red", "red", "red", "red", "red", "red", "red", "red", "red", "red", "red", "red", "red", "red", "red", "red", "red", "red", "red", "red", "red", "red", "red", "red", "red", "red", "red", "red"], "timestamps": [0, 40, 80, 120, 160, 200, 240, 280, 320, 360, 400, 440, 480, 520, 560, 600, 640, 680, 720, 760, 800, 840, 880, 920, 960, 1000, 1040, 1080, 1120, 1160, 1200, 1240, 1280, 1320, 1360, 1400, 1440, 1480, 1520, 1560, 1600, 1640, 1680, 1720, 1760, 1800, 1840, 1880, 1920, 1960, 2000, 2040, 2080, 2120, 2160, 2200, 2240, 2280, 2320, 2360, 2400, 2440, 2480, 2520, 2560, 2600, 2640, 2680, 2720, 2760, 2800, 2840, 2880, 2920, 2960, 3000, 3040, 3080, 3120, 3160]}], "conversation": [], "conversation_timestamps": []}