{"agent_id": "agent-blue-1700", "type": "blue", "trips": [{"trip_id": 0, "transport_method": "car", "start_time": 0, "path": [[1.5305572, 42.5068388], [1.5321324, 42.5067303], [1.532633, 42.5067313], [1.5342651, 42.5070635], [1.5358111, 42.5077132], [1.5374856, 42.5079797], [1.5391675, 42.508234], [1.540662, 42.5086685], [1.5422293, 42.5088935], [1.5433166, 42.5089996], [1.5449858, 42.5093325], [1.5456874, 42.5094945], [1.5463789, 42.5100959], [1.5471765, 42.5111872], [1.5488491, 42.5116024], [1.549957, 42.5119526], [1.5505731, 42.5122337], [1.5513157, 42.5128755], [1.5519242, 42.5132348], [1.5526956, 42.5138637], [1.5531459, 42.5154547], [1.5538497, 42.5170112], [1.5551683, 42.5180775], [1.5565079, 42.5190039], [1.5576033, 42.5202703], [1.5588649, 42.5214437], [1.5594071, 42.5218486], [1.5607202, 42.522705], [1.562049, 42.5237919], [1.5634075, 42.5247725], [1.5650069, 42.5253177], [1.5665425, 42.5260807], [1.5679219, 42.5271115], [1.5694105, 42.5279522], [1.5708551, 42.5288913], [1.5723054, 42.5293492], [1.5734478, 42.530197], [1.5747681, 42.5312422], [1.5764436, 42.53163], [1.5781594, 42.5317791], [1.5775965, 42.5317592], [1.5788769, 42.5317473], [1.5806004, 42.5317388], [1.582323, 42.5316919], [1.5839058, 42.5323043], [1.5851873, 42.5334527], [1.5866378, 42.5343469], [1.5880661, 42.5352767], [1.5890067, 42.5366366], [1.5904749, 42.5374558], [1.5917678, 42.5384977], [1.5919735, 42.5401981], [1.5919267, 42.5416083], [1.5916216, 42.5432436], [1.5916923, 42.5448772], [1.5916151, 42.5465131], [1.5919687, 42.5472896], [1.5922563, 42.5487935], [1.5918772, 42.5504485], [1.5915668, 42.5521209], [1.5913841, 42.5524444], [1.5909162, 42.553036], [1.5906098, 42.5541945], [1.5914533, 42.5553797], [1.5916875, 42.5569836], [1.5928713, 42.5579013], [1.5935397, 42.559265], [1.5937078, 42.5606182], [1.5937105, 42.5611055], [1.5940202, 42.5624485], [1.5953547, 42.5635394], [1.5964314, 42.5644841], [1.5947914, 42.5639572], [1.5935673, 42.5628015], [1.5941164, 42.5624765], [1.5955031, 42.5635004], [1.5968897, 42.5645242], [1.598493, 42.5646842], [1.5996251, 42.5659168], [1.6004391, 42.5668993]], "mood_vectors": [[0.035, 0.0298, 0.0368, 0.764, 0.036, 0.0286, 0.0697], [0.0233, 0.046, 0.0698, 0.7404, 0.0126, 0.0403, 0.0677], [0.069, 0.0298, 0.0691, 0.6781, 0.0573, 0.0568, 0.0399], [0.0182, 0.0336, 0.0357, 0.7867, 0.028, 0.0146, 0.0831], [0.0653, 0.0639, 0.0703, 0.6472, 0.0455, 0.0555, 0.0522], [0.0591, 0.0201, 0.0799, 0.6822, 0.0577, 0.0208, 0.0803], [0.0571, 0.0286, 0.0446, 0.6978, 0.0421, 0.0944, 0.0354], [0.0678, 0.058, 0.0512, 0.71, 0.0234, 0.0638, 0.0257], [0.0655, 0.0483, 0.0512, 0.706, 0.054, 0.054, 0.021], [0.0757, 0.0159, 0.075, 0.6237, 0.0753, 0.0545, 0.0798], [0.0621, 0.0395, 0.0495, 0.7121, 0.0258, 0.0609, 0.05], [0.058, 0.0709, 0.0149, 0.7207, 0.071, 0.0217, 0.0429], [0.0719, 0.0365, 0.0316, 0.7434, 0.0217, 0.0741, 0.0207], [0.0314, 0.0825, 0.0637, 0.6725, 0.0814, 0.0415, 0.027], [0.0228, 0.0709, 0.0799, 0.6816, 0.0503, 0.0614, 0.0331], [0.0154, 0.0781, 0.0439, 0.7622, 0.0137, 0.0496, 0.0371], [0.0599, 0.0323, 0.0595, 0.679, 0.0413, 0.0639, 0.0641], [0.0643, 0.0571, 0.0348, 0.6344, 0.0895, 0.0641, 0.0558], [0.0343, 0.077, 0.0756, 0.7048, 0.0652, 0.0283, 0.0148], [0.0431, 0.064, 0.0624, 0.6537, 0.0713, 0.0759, 0.0295], [0.0857, 0.0373, 0.0238, 0.648, 0.0684, 0.0799, 0.0568], [0.0779, 0.0181, 0.0571, 0.6414, 0.0829, 0.0734, 0.0492], [0.0277, 0.0242, 0.0427, 0.7522, 0.0541, 0.0167, 0.0824], [0.0549, 0.0314, 0.0712, 0.6977, 0.0334, 0.0631, 0.0483], [0.0436, 0.0835, 0.0631, 0.6764, 0.0666, 0.0328, 0.034], [0.0402, 0.0445, 0.0329, 0.6931, 0.0642, 0.0529, 0.0723], [0.0282, 0.0249, 0.0625, 0.707, 0.0692, 0.0586, 0.0497], [0.0204, 0.0702, 0.0168, 0.7677, 0.0539, 0.0474, 0.0236], [0.0866, 0.0915, 0.0752, 0.5809, 0.0902, 0.0562, 0.0193], [0.036, 0.0406, 0.0192, 0.7931, 0.0147, 0.0533, 0.0432], [0.0642, 0.0532, 0.0689, 0.7024, 0.0266, 0.0658, 0.019], [0.0356, 0.0822, 0.0666, 0.7338, 0.0336, 0.0229, 0.0253], [0.0698, 0.0572, 0.0159, 0.7459, 0.0364, 0.0502, 0.0246], [0.0718, 0.0563, 0.0253, 0.706, 0.0368, 0.0415, 0.0622], [0.0226, 0.071, 0.0219, 0.7199, 0.0655, 0.0794, 0.0197], [0.0603, 0.0635, 0.0426, 0.6627, 0.072, 0.0515, 0.0473], [0.0539, 0.0194, 0.0221, 0.798, 0.0233, 0.0143, 0.0689], [0.0175, 0.0376, 0.0242, 0.7643, 0.0276, 0.0535, 0.0754], [0.0615, 0.0856, 0.0665, 0.5865, 0.0716, 0.0843, 0.044], [0.0153, 0.0503, 0.0428, 0.7672, 0.0581, 0.0356, 0.0308], [0.0346, 0.0842, 0.078, 0.6281, 0.0765, 0.0667, 0.0319], [0.0673, 0.0243, 0.0361, 0.7498, 0.0391, 0.0559, 0.0274], [0.0396, 0.0867, 0.0842, 0.6178, 0.0898, 0.0258, 0.0562], [0.0323, 0.0353, 0.0852, 0.696, 0.0438, 0.0671, 0.0404], [0.062, 0.0183, 0.0153, 0.6874, 0.0668, 0.077, 0.0731], [0.031, 0.0482, 0.0719, 0.7024, 0.0532, 0.0374, 0.0558], [0.0369, 0.0694, 0.013, 0.7286, 0.0592, 0.0223, 0.0706], [0.0252, 0.0542, 0.0415, 0.7116, 0.0648, 0.0275, 0.0751], [0.0202, 0.0568, 0.082, 0.6821, 0.0127, 0.0624, 0.0837], [0.0351, 0.0417, 0.04, 0.7366, 0.0595, 0.0232, 0.0637], [0.0403, 0.0599, 0.0731, 0.7314, 0.0206, 0.0296, 0.0452], [0.0679, 0.0847, 0.0303, 0.6233, 0.0669, 0.0723, 0.0547], [0.042, 0.025, 0.0645, 0.6783, 0.0304, 0.0703, 0.0893], [0.0349, 0.0857, 0.0235, 0.7112, 0.0309, 0.0895, 0.0245], [0.0566, 0.0346, 0.0627, 0.692, 0.0744, 0.0243, 0.0555], [0.055, 0.0851, 0.0914, 0.5995, 0.0324, 0.0535, 0.0831], [0.0336, 0.0409, 0.023, 0.7894, 0.0402, 0.0184, 0.0546], [0.0337, 0.0473, 0.0553, 0.6157, 0.086, 0.0767, 0.0853], [0.0617, 0.0658, 0.0479, 0.6951, 0.0424, 0.0264, 0.0606], [0.0601, 0.0508, 0.0269, 0.7054, 0.0232, 0.0764, 0.0572], [0.0642, 0.026, 0.0604, 0.7408, 0.0277, 0.0569, 0.024], [0.021, 0.0474, 0.0527, 0.7303, 0.0152, 0.0683, 0.0651], [0.0235, 0.0615, 0.0264, 0.7035, 0.0329, 0.0672, 0.0849], [0.0777, 0.0689, 0.0746, 0.6824, 0.0178, 0.0519, 0.0267], [0.0313, 0.074, 0.0446, 0.6582, 0.0773, 0.065, 0.0497], [0.0626, 0.0438, 0.0558, 0.6767, 0.0703, 0.0602, 0.0307], [0.0535, 0.1074, 0.0294, 0.718, 0.0207, 0.0453, 0.0259], [0.0607, 0.085, 0.0911, 0.6421, 0.0863, 0.0168, 0.018], [0.0797, 0.0354, 0.0847, 0.6444, 0.0662, 0.0764, 0.0132], [0.0168, 0.0403, 0.0371, 0.7087, 0.0288, 0.0774, 0.0909], [0.0586, 0.0649, 0.0595, 0.6871, 0.0317, 0.0416, 0.0565], [0.0609, 0.0515, 0.0729, 0.6551, 0.0582, 0.0767, 0.0248], [0.0497, 0.0186, 0.064, 0.6839, 0.0698, 0.067, 0.047], [0.0346, 0.0523, 0.0552, 0.7239, 0.0592, 0.0494, 0.0255], [0.034, 0.0883, 0.0333, 0.753, 0.0263, 0.0152, 0.05], [0.0181, 0.0836, 0.078, 0.6062, 0.0926, 0.085, 0.0366], [0.0592, 0.0667, 0.0745, 0.6831, 0.0127, 0.0614, 0.0425], [0.0506, 0.0356, 0.065, 0.692, 0.0676, 0.0349, 0.0544], [0.0519, 0.045, 0.0633, 0.6828, 0.0201, 0.0575, 0.0793], [0.0556, 0.0398, 0.0455, 0.7225, 0.03, 0.0281, 0.0785]], "emotions": ["green", "green", "green", "green", "green", "green", "green", "green", "green", "green", "green", "green", "green", "green", "green", "green", "green", "green", "green", "green", "green", "green", "green", "green", "green", "green", "green", "green", "green", "green", "green", "green", "green", "green", "green", "green", "green", "green", "green", "green", "green", "green", "green", "green", "green", "green", "green", "green", "green", "green", "green", "green", "green", "green", "green", "green", "green", "green", "green", "green", "green", "green", "green", "green", "green", "green", "green", "green", "green", "green", "green", "green", "green", "green", "green", "green", "green", "green", "green", "green"], "timestamps": [0, 40, 80, 120, 160, 200, 240, 280, 320, 360, 400, 440, 480, 520, 560, 600, 640, 680, 720, 760, 800, 840, 880, 920, 960, 1000, 1040, 1080, 1120, 1160, 1200, 1240, 1280, 1320, 1360, 1400, 1440, 1480, 1520, 1560, 1600, 1640, 1680, 1720, 1760, 1800, 1840, 1880, 1920, 1960, 2000, 2040, 2080, 2120, 2160, 2200, 2240, 2280, 2320, 2360, 2400, 2440, 2480, 2520, 2560, 2600, 2640, 2680, 2720, 2760, 2800, 2840, 2880, 2920, 2960, 3000, 3040, 3080, 3120, 3160]}], "conversation": [], "conversation_timestamps": []}