{
  "agent_id": "agent-type-purple-42",
  "type": "purple",
  "trips": [
    {
      "trip_id": 0,
      "transport_method": "bicycle",
      "start_time": 0,
      "path": [
        [
          1.5253026999999995,
          42.5090063
        ],
        [
          1.5249603553078495,
          42.50893944967662
        ],
        [
          1.5246180106156995,
          42.508872599353225
        ],
        [
          1.5242756659235495,
          42.50880574902984
        ],
        [
          1.5239393380873885,
          42.508757613381874
        ],
        [
          1.523971474219238,
          42.50896345369066
        ],
        [
          1.523726645700542,
          42.50894410508414
        ],
        [
          1.5239505423245074,
          42.50874572585274
        ],
        [
          1.5236429452915325,
          42.50859259978677
        ],
        [
          1.5233321669425024,
          42.50843539885361
        ],
        [
          1.5230291150630257,
          42.50830689108599
        ],
        [
          1.5226950992895494,
          42.50840740136929
        ],
        [
          1.5223891066651856,
          42.50849881085407
        ],
        [
          1.5220490374170512,
          42.50842121085115
        ],
        [
          1.5217290318310837,
          42.50834818915177
        ],
        [
          1.522069101079218,
          42.508425789154686
        ],
        [
          1.5224091703273523,
          42.50850338915761
        ],
        [
          1.522216314490642,
          42.508410272055244
        ],
        [
          1.5218789590347623,
          42.50832161456617
        ],
        [
          1.5215737519872974,
          42.50839787901946
        ],
        [
          1.5212867215338837,
          42.508373846854745
        ],
        [
          1.5212099778709665,
          42.50832398722682
        ],
        [
          1.5215004564358552,
          42.50845268170583
        ],
        [
          1.5216721468541914,
          42.50825206352575
        ],
        [
          1.5213642101406435,
          42.50808822264432
        ],
        [
          1.5210562734270958,
          42.507924381762884
        ],
        [
          1.5207483367135481,
          42.50776054088144
        ],
        [
          1.5204404000000005,
          42.50759670000001
        ]
      ],
      "emotions": [
        "red",
        "red",
        "red",
        "red",
        "red",
        "green",
        "green",
        "green",
        "green",
        "green",
        "green",
        "green",
        "green",
        "green",
        "green",
        "green",
        "green",
        "green",
        "green",
        "green",
        "red",
        "red",
        "red",
        "red",
        "red",
        "red",
        "red",
        "red"
      ],
      "mood_vectors": [
        [
          0.143164421048827,
          0.14347598815056123,
          0.13784915401259107,
          0.1210275197554696,
          0.048061790172931024,
          0.35189648402826457,
          0.05452464283135541
        ],
        [
          2.3977553588440836e-05,
          0.023143121211617174,
          0.3264482270850191,
          0.022698705474953243,
          0.12950552372100343,
          0.2412722477582265,
          0.25690819719559205
        ],
        [
          0.04806568292290317,
          0.24363750105267976,
          0.1450891034310822,
          0.29599174344353735,
          0.018968903555375123,
          0.04218321407813518,
          0.20606385151628723
        ],
        [
          0.08100355443393305,
          0.1297274643048208,
          0.1603564675353098,
          0.033454144693789885,
          0.23315512128023405,
          0.1615106037878144,
          0.20079264396409807
        ],
        [
          0.1532859831931536,
          0.3224924673034673,
          0.22754014155102562,
          0.14837034558657228,
          0.015570307024281515,
          0.014563294149190496,
          0.11817746119230924
        ],
        [
          0.19110466280108088,
          0.08539147486216025,
          0.10803309297470814,
          0.023247989499869958,
          0.22608259846959444,
          0.13645685398293625,
          0.22968332740965006
        ],
        [
          0.028545741593246216,
          0.27869004999911606,
          0.2750294684465887,
          0.26733995503297986,
          0.0577618723465368,
          0.08175768901186692,
          0.010875223569665443
        ],
        [
          0.17158836447116252,
          0.027409938129143486,
          0.20589394352853407,
          0.009995584646625711,
          0.15107266052996457,
          0.21898149305693815,
          0.2150580156376314
        ],
        [
          0.1692171988144683,
          0.1236472361456156,
          0.16372062399351692,
          0.1501253478816634,
          0.16834331216617268,
          0.02066707666126709,
          0.20427920433729596
        ],
        [
          0.25711717069800616,
          0.17208957017090837,
          0.02350021464335046,
          0.1433039561907206,
          0.1897033021235834,
          0.09163937579030991,
          0.12264641038312117
        ],
        [
          0.21181762547754007,
          0.12462537682579193,
          0.02524270017020045,
          0.24934692351291865,
          0.015893234523367383,
          0.2193359287183316,
          0.15373821077185
        ],
        [
          0.06283324094433497,
          0.21551755167708722,
          0.12902345111687866,
          0.21084825926006484,
          0.19267390293892392,
          0.12784910928502916,
          0.0612544847776812
        ],
        [
          0.04610703478971864,
          0.17469221684705646,
          0.06564850096214853,
          0.44994712780337975,
          0.17255060200352584,
          0.05652015365609247,
          0.034534363938078357
        ],
        [
          0.12091474878943304,
          0.22426079993126316,
          0.24632709730239583,
          0.16421477723469483,
          0.06093000149625492,
          0.07620172754988166,
          0.10715084769607656
        ],
        [
          0.07561343685218148,
          0.11929173856464602,
          0.22396521177281048,
          0.21699024595640246,
          0.16942025067493646,
          0.14096561619806414,
          0.05375349998095893
        ],
        [
          0.028703523904898023,
          0.15541107435662893,
          0.07195358065250221,
          0.18123324790983483,
          0.23507781933334013,
          0.3168026476096056,
          0.010818106233190315
        ],
        [
          0.060230494728642434,
          0.2656033754656317,
          0.011504811228852418,
          0.10276327238018668,
          0.16208386636846894,
          0.25491230862234754,
          0.14290187120587033
        ],
        [
          0.21634369911067988,
          0.17061888693049737,
          0.2440671202013489,
          0.1968260833773471,
          0.006265599929514353,
          0.09344525590732249,
          0.07243335454328992
        ],
        [
          0.23820463302535164,
          0.27233359688033665,
          0.18251788910017544,
          0.05011641490854631,
          0.05044301414833933,
          0.18344199408386558,
          0.022942457853385084
        ],
        [
          0.19870717497005475,
          0.007384757563303932,
          0.08345848449175658,
          0.16284403837775013,
          0.12264329219292483,
          0.17213379645663685,
          0.252828455947573
        ],
        [
          0.06930159175307854,
          0.09985221957710488,
          0.06103647445161198,
          0.3087731623497363,
          0.01759981472341044,
          0.32918600760855815,
          0.11425072953649983
        ],
        [
          0.14446556456325235,
          0.02387722360341065,
          0.1854962395246923,
          0.11912415831531924,
          0.29540133639216054,
          0.11554155374218883,
          0.11609392385897602
        ],
        [
          0.1476500120594432,
          0.10147067436514348,
          0.2892332499229612,
          0.0439722459890967,
          0.06566752595340554,
          0.014389839410171603,
          0.3376164522997784
        ],
        [
          0.24442199148754032,
          0.05845584264735843,
          0.22531611374984464,
          0.208472524010238,
          0.12354470185511114,
          0.059340548504965306,
          0.08044827774494222
        ],
        [
          0.1100768321660779,
          0.17832230204237015,
          0.03518073375972325,
          0.165464648005538,
          0.0022352100043466446,
          0.28626678250747395,
          0.22245349151447014
        ],
        [
          0.15932864172821826,
          0.23428977369353687,
          0.15650427084274487,
          0.06700371242964324,
          0.2329077139979803,
          0.01272955907723228,
          0.13723632823064427
        ],
        [
          0.259752348813006,
          0.08592241754749319,
          0.05463491728469396,
          0.11287251051135146,
          0.1261620717977764,
          0.10317530497405973,
          0.25748042907161933
        ],
        [
          0.15507274588743272,
          0.015797570351286646,
          0.1622449023858924,
          0.20155761435462102,
          0.07543446979214946,
          0.1921999994306979,
          0.1976926977979198
        ]
      ],
      "timestamps": [
        0,
        1,
        2,
        3,
        4,
        5,
        6,
        7,
        8,
        9,
        10,
        11,
        12,
        13,
        14,
        15,
        16,
        17,
        18,
        19,
        20,
        21,
        22,
        23,
        24,
        25,
        26,
        27
      ],
      "distance": 552.3
    },
    {
      "trip_id": 1,
      "transport_method": "foot",
      "start_time": 28,
      "path": [
        [
          1.5205327,
          42.50745719999999
        ],
        [
          1.5209076103336767,
          42.507172113403705
        ],
        [
          1.5210872706400747,
          42.50711928946981
        ],
        [
          1.521638527806348,
          42.50738908418146
        ],
        [
          1.52229976058728,
          42.50756583241042
        ],
        [
          1.5222510807675598,
          42.507047926793376
        ],
        [
          1.5217626330229144,
          42.50653878607343
        ],
        [
          1.521261821463138,
          42.50607855144161
        ],
        [
          1.5207932124794625,
          42.50595240856352
        ],
        [
          1.5211696108115396,
          42.506221539594364
        ],
        [
          1.5212243520095028,
          42.506191738741315
        ],
        [
          1.5207349195036848,
          42.50593034913081
        ],
        [
          1.5213200277601338,
          42.506100838581105
        ],
        [
          1.5219457078003469,
          42.50628060109023
        ],
        [
          1.5226442203714925,
          42.506379480575866
        ],
        [
          1.5233188066145826,
          42.506586038334184
        ],
        [
          1.5239503914776429,
          42.506779945825194
        ],
        [
          1.5245442711789756,
          42.506624245879365
        ],
        [
          1.5249527224269508,
          42.50694849022743
        ],
        [
          1.5256519523887864,
          42.5070378291598
        ],
        [
          1.5261897482480797,
          42.5068955608319
        ],
        [
          1.5264057979528134,
          42.507105265378854
        ],
        [
          1.5271090659463926,
          42.5071620069083
        ],
        [
          1.5278123339399718,
          42.50721874843775
        ],
        [
          1.5275703205906885,
          42.50675777170895
        ],
        [
          1.5272457124886292,
          42.50614586108509
        ],
        [
          1.5267890060019,
          42.505867372332084
        ],
        [
          1.52682493712499,
          42.50602992694312
        ],
        [
          1.526362614049642,
          42.505604765989695
        ],
        [
          1.5262794771642276,
          42.50524009571728
        ],
        [
          1.526976597560505,
          42.505348855199856
        ],
        [
          1.5271560101022528,
          42.50548686368507
        ],
        [
          1.5273980731631098,
          42.505431872711284
        ],
        [
          1.5280695758761513,
          42.50561239066666
        ],
        [
          1.5280515941155957,
          42.50535664120582
        ],
        [
          1.5274890313249776,
          42.505196101775994
        ],
        [
          1.5272706,
          42.5048943
        ]
      ],
      "emotions": [
        "red",
        "red",
        "purple",
        "purple",
        "purple",
        "purple",
        "purple",
        "green",
        "green",
        "green",
        "green",
        "green",
        "green",
        "green",
        "green",
        "green",
        "green",
        "green",
        "green",
        "green",
        "green",
        "green",
        "red",
        "red",
        "red",
        "red",
        "red",
        "red",
        "red",
        "red",
        "red",
        "red",
        "purple",
        "purple",
        "purple",
        "purple",
        "purple"
      ],
      "mood_vectors": [
        [
          0.2746400410243193,
          0.10626895077936405,
          0.2215694487521483,
          0.04552290370216756,
          0.0008874364014057022,
          0.10176212816208707,
          0.249349091178508
        ],
        [
          0.16469482839940858,
          0.2035423516315001,
          0.18890016247588512,
          0.11341654214356456,
          0.019938928383300067,
          0.15227375928941522,
          0.15723342767692638
        ],
        [
          0.1300411766154684,
          0.2076716870826703,
          0.13652346921901704,
          0.04821279498747132,
          0.23483259802165113,
          0.13890110031430608,
          0.1038171737594157
        ],
        [
          0.17820277991850966,
          0.12716017388571998,
          0.18911513904084745,
          0.19793411532393052,
          0.060794589492974845,
          0.18401462738073782,
          0.06277857495727972
        ],
        [
          0.04108218351644828,
          0.1791351251665841,
          0.21419159722290243,
          0.05175756659299081,
          0.3929377743620752,
          0.06861239155108241,
          0.05228336158791685
        ],
        [
          0.04745692715393297,
          0.2557198022052712,
          0.2132973679807435,
          0.10369420391183358,
          0.1039621099560634,
          0.09784075906655772,
          0.1780288297255976
        ],
        [
          0.23545719166059834,
          0.17242065281092106,
          0.16003000989838245,
          0.08216941383594158,
          0.09260742993041629,
          0.14201359728373128,
          0.11530170458000903
        ],
        [
          0.1965300405008513,
          0.1985079382611078,
          0.1180784665199142,
          0.1313052472179826,
          0.06136174237692595,
          0.06627938349536099,
          0.22793718162785717
        ],
        [
          0.08016652884411286,
          0.2701066349753784,
          0.040488041958291726,
          0.11042826466993753,
          0.06909502362481336,
          0.1529543122373317,
          0.27676119369013447
        ],
        [
          0.1927616173064546,
          0.184866880083048,
          0.2738866873483039,
          0.15702720777645265,
          0.08316254044984876,
          0.04266264746344429,
          0.06563241957244774
        ],
        [
          0.18991648289173976,
          0.1335796524287425,
          0.12431238176731496,
          0.022390209058316426,
          0.17881968199393952,
          0.11973955034961715,
          0.23124204151032965
        ],
        [
          0.11440898830476584,
          0.17752979331903618,
          0.11192707895428583,
          0.10568564227876397,
          0.1942984631462497,
          0.2006903582964859,
          0.0954596757004126
        ],
        [
          0.1812456201758735,
          0.12840055002045309,
          0.13310002533143617,
          0.04012380619779537,
          0.185272519200414,
          0.18358735091938022,
          0.14827012815464763
        ],
        [
          0.175042735880532,
          0.15511804612642524,
          0.0627813345800309,
          0.1829414105071754,
          0.17677823850714086,
          0.1461645990276185,
          0.10117363537107714
        ],
        [
          0.14226651548783872,
          0.13237805549979437,
          0.12809921048464934,
          0.02115196407277126,
          0.20867189682437917,
          0.18273152407913024,
          0.18470083355143693
        ],
        [
          0.15639894960481202,
          0.19028166435728702,
          0.11799103227081999,
          0.1471100506247894,
          0.08576144908025948,
          0.010643532780242899,
          0.29181332128178916
        ],
        [
          0.19615912088593063,
          0.10185993386102407,
          0.06372612928352649,
          0.19838548442414475,
          0.07068153161327104,
          0.1831909110020625,
          0.1859968889300406
        ],
        [
          0.15139737186887828,
          0.07993976161644867,
          0.061378968242774,
          0.10417032900693261,
          0.24556364114371212,
          0.2289911869844122,
          0.1285587411368421
        ],
        [
          0.02073916796997005,
          0.16999138010832252,
          0.22724664105351075,
          0.08607467740111102,
          0.09101477791835702,
          0.1521351370505478,
          0.25279821849818085
        ],
        [
          0.04681665837569073,
          0.010052033688200734,
          0.24344502433088366,
          0.059486318792960534,
          0.23092407128433873,
          0.21767431016828936,
          0.1916015833596362
        ],
        [
          0.14788352112023317,
          0.20144671403247114,
          0.15078137416961715,
          0.30391581594016426,
          0.021045307303963375,
          0.012503519478304933,
          0.16242374795524597
        ],
        [
          0.25124408216010113,
          0.15461028518051945,
          0.18755922962212812,
          0.11653853381950813,
          0.027721762901478045,
          0.009137915424410028,
          0.253188190891855
        ],
        [
          0.02224987745741461,
          0.14260543779029503,
          0.16688338102616093,
          0.11836442454058997,
          0.266680751997156,
          0.219036025099168,
          0.06418010208921539
        ],
        [
          0.23862177325879785,
          0.0729194713850878,
          0.07820144976971176,
          0.055722623427458776,
          0.13388497222608883,
          0.1924767182312871,
          0.22817299170156788
        ],
        [
          0.32261350266321337,
          0.08659426212156028,
          0.10126666993051062,
          0.2298975918939291,
          0.018977823414539866,
          0.21012900513925944,
          0.030521144836987358
        ],
        [
          0.13697527533632609,
          0.11955036558115598,
          0.1988982939824507,
          0.1373815226351346,
          0.007685803060033993,
          0.27018630338755345,
          0.12932243601734528
        ],
        [
          0.23543374446389675,
          0.19328282140323694,
          0.1278471964284195,
          0.17985679081831965,
          0.08718656452189023,
          0.09897603656131464,
          0.07741684580292224
        ],
        [
          0.150990930226221,
          0.1492804042130116,
          0.17795790350014476,
          0.16716693945014494,
          0.03939088540586392,
          0.16582158475220632,
          0.1493913524524075
        ],
        [
          0.20816698603493336,
          0.2033862794557868,
          0.08311588206563794,
          0.21837286430677752,
          0.04393912538322339,
          0.10465354197445034,
          0.13836532077919067
        ],
        [
          0.03642445766718717,
          0.13419091198350583,
          0.35741209829223336,
          0.11019315891234199,
          0.023978892959053096,
          0.2063005015915095,
          0.13149997859416904
        ],
        [
          0.02517165675433333,
          0.26128303570407657,
          0.14496261497654545,
          0.25496296628790327,
          0.15750728509243986,
          0.11338504681961324,
          0.0427273943650883
        ],
        [
          0.1665394320086257,
          0.2665862521497085,
          0.13247014839109308,
          0.04904824053222076,
          0.08126452456595325,
          0.15461495946446555,
          0.1494764428879332
        ],
        [
          0.2092781207244087,
          0.19897990782313563,
          0.0007316390871521354,
          0.03281537501206342,
          0.11408342589993728,
          0.21575440072929405,
          0.22835713072400876
        ],
        [
          0.12654506321718742,
          0.2518151233033322,
          0.06714686452879494,
          0.02908112572553355,
          0.12426234333892217,
          0.15194489567931435,
          0.24920458420691538
        ],
        [
          0.2826199185580914,
          0.24073646805843305,
          0.04826415173907138,
          0.13167130207259747,
          0.034792644843711085,
          0.03164488384219524,
          0.23027063088590038
        ],
        [
          0.23543526741291446,
          0.04815994630123003,
          0.19284612322379577,
          0.1878812847877011,
          0.05789663445371812,
          0.19517073454625677,
          0.08261000927438374
        ],
        [
          0.15530542943049563,
          0.12781655334299213,
          0.11853772509208012,
          0.286033462658748,
          0.04225632943128628,
          0.004961360175750638,
          0.2650891398686472
        ]
      ],
      "timestamps": [
        28,
        29,
        30,
        31,
        32,
        33,
        34,
        35,
        36,
        37,
        38,
        39,
        40,
        41,
        42,
        43,
        44,
        45,
        46,
        47,
        48,
        49,
        50,
        51,
        52,
        53,
        54,
        55,
        56,
        57,
        58,
        59,
        60,
        61,
        62,
        63,
        64
      ],
      "distance": 912.3
    },
    {
      "trip_id": 2,
      "transport_method": "stopped",
      "start_time": 65,
      "path": [
        [
          1.5272706,
          42.5048943
        ],
        [
          1.5272706,
          42.5048943
        ],
        [
          1.5272706,
          42.5048943
        ],
        [
          1.5272706,
          42.5048943
        ],
        [
          1.5272706,
          42.5048943
        ]
      ],
      "emotions": [
        "red",
        "red",
        "red",
        "red",
        "red"
      ],
      "mood_vectors": [
        [
          0.02577267563455816,
          0.03609814794122832,
          0.33282198218609593,
          0.12422950437841701,
          0.22579317322892192,
          0.20079288955787847,
          0.05449162707290009
        ],
        [
          0.22866069363182054,
          0.2233804301307805,
          0.14624340447763598,
          0.01503810980488848,
          0.230648198288912,
          0.007609647991181685,
          0.1484195156747808
        ],
        [
          0.18712782246980186,
          0.1474674461323119,
          0.1765013163566608,
          0.2591080064816378,
          0.10772936452428525,
          0.11320404314530497,
          0.008862000889997475
        ],
        [
          0.171321709488909,
          0.06855342340549056,
          0.07650274663286602,
          0.007416009329819756,
          0.25295249191466623,
          0.19509126235689803,
          0.22816235687135034
        ],
        [
          0.15526170234372072,
          0.1827805198756917,
          0.04863987030500704,
          0.036158077547071434,
          0.2384465246744761,
          0.1277991884005548,
          0.21091411685347813
        ]
      ],
      "timestamps": [
        65,
        66,
        67,
        68,
        69
      ]
    },
    {
      "trip_id": 3,
      "transport_method": "car",
      "start_time": 70,
      "path": [
        [
          1.5272706,
          42.5048943
        ],
        [
          1.5274660037044845,
          42.50519486544221
        ],
        [
          1.527961669390627,
          42.50531309959575
        ],
        [
          1.5282426741444997,
          42.50560994443668
        ],
        [
          1.527681076480387,
          42.50549827286663
        ],
        [
          1.5270839284168718,
          42.50536560015305
        ],
        [
          1.5264782285864655,
          42.50527110341976
        ],
        [
          1.526381487237674,
          42.505203066588535
        ],
        [
          1.5269882558424195,
          42.505290438079605
        ],
        [
          1.5271573755528352,
          42.50531479042933
        ],
        [
          1.5265506069480896,
          42.50522741893827
        ],
        [
          1.5263094067668856,
          42.50524476510884
        ],
        [
          1.526915106597292,
          42.505339261842124
        ],
        [
          1.5274498753373333,
          42.50540478450341
        ],
        [
          1.5279567641108152,
          42.50557925334234
        ],
        [
          1.527972185597517,
          42.50552834472702
        ],
        [
          1.5276040160959525,
          42.505424488199
        ],
        [
          1.5281845424127993,
          42.5055680702146
        ],
        [
          1.5278933784376598,
          42.50530050951009
        ],
        [
          1.5279161899465519,
          42.505298828133746
        ],
        [
          1.5282197489021632,
          42.50557469816606
        ],
        [
          1.5277428331157803,
          42.505516413258725
        ],
        [
          1.5275321132864694,
          42.50557324143807
        ],
        [
          1.5277219013410142,
          42.50568025801545
        ],
        [
          1.5272632710407579,
          42.50539357984075
        ],
        [
          1.5266575712103516,
          42.50529908310747
        ],
        [
          1.5261205519978438,
          42.505310051329154
        ],
        [
          1.526485928559129,
          42.50566634003627
        ],
        [
          1.5270434161016129,
          42.505917988874224
        ],
        [
          1.5276381000000006,
          42.5060341
        ]
      ],
      "emotions": [
        "purple",
        "purple",
        "purple",
        "purple",
        "purple",
        "red",
        "red",
        "red",
        "red",
        "red",
        "red",
        "red",
        "red",
        "red",
        "red",
        "purple",
        "purple",
        "purple",
        "purple",
        "purple",
        "purple",
        "purple",
        "purple",
        "purple",
        "purple",
        "red",
        "red",
        "red",
        "red",
        "red"
      ],
      "mood_vectors": [
        [
          0.10365981123334495,
          0.17718782748463194,
          0.095739460938636,
          0.1432797169444658,
          0.19794483120082376,
          0.23667404747410234,
          0.04551430472399522
        ],
        [
          0.012803412814684912,
          0.19421146328295397,
          0.2626110872438476,
          0.29434424647364965,
          0.06268121519967748,
          0.09451498920346516,
          0.0788335857817212
        ],
        [
          0.12557728176641897,
          0.010358611506537127,
          0.14951214969077095,
          0.08163451403868145,
          0.1853786870915863,
          0.23790738049560867,
          0.2096313754103966
        ],
        [
          0.2502766094494756,
          0.23266540118196272,
          0.07373651878386103,
          0.15903302750367482,
          0.046886154316368917,
          0.22815416120832369,
          0.009248127556333268
        ],
        [
          0.22143570392735631,
          0.043846700917523525,
          0.07107394351337144,
          0.07129300082835853,
          0.20561365585276775,
          0.07975338040940817,
          0.3069836145512142
        ],
        [
          0.14864301409996358,
          0.17944696557322395,
          0.20510813212892173,
          0.014418066093602896,
          0.21035771210498866,
          0.15012693962707235,
          0.09189917037222695
        ],
        [
          0.029605448133201984,
          0.2815254545389464,
          0.07256423411588722,
          0.13943159617409306,
          0.12051272078125935,
          0.2775633187799326,
          0.07879722747667933
        ],
        [
          0.20633934449485458,
          0.17242916600767827,
          0.20095881078545969,
          0.18320926555942163,
          0.11961785486290781,
          0.08629207332098189,
          0.03115348496869611
        ],
        [
          0.07014877909568919,
          0.16359172083839524,
          0.04680969818826174,
          0.15481043311836126,
          0.15184509661407186,
          0.1657996369008651,
          0.24699463524435558
        ],
        [
          0.14212854922577084,
          0.05873389964084787,
          0.16209218857216884,
          0.21223919810070827,
          0.15999991129977476,
          0.02649428364271097,
          0.2383119695180184
        ],
        [
          0.06972086170932722,
          0.16584334508344903,
          0.03565728830320935,
          0.2224458893561405,
          0.05860625046959921,
          0.29656552545223325,
          0.1511608396260414
        ],
        [
          0.20418288046831315,
          0.009402850941913742,
          0.20122234370409786,
          0.02125285014001978,
          0.2037903480499226,
          0.11453761299486749,
          0.24561111370086533
        ],
        [
          0.13906055394853187,
          0.21653045747013666,
          0.17084244371848029,
          0.11249237827520915,
          0.14838495416256806,
          0.09064408884463993,
          0.12204512358043403
        ],
        [
          0.008115972876974409,
          0.29832707199188,
          0.14608812873256646,
          0.18977193030035988,
          0.2772320065065828,
          0.06277306851045665,
          0.01769182108117981
        ],
        [
          0.13632312770110744,
          0.07333504245991282,
          0.19211478872462467,
          0.17516732352605852,
          0.1082488190306927,
          0.14184914158218676,
          0.17296175697541716
        ],
        [
          0.14783033095468226,
          0.012545788058235996,
          0.19887265288112288,
          0.15304054410287296,
          0.1652500522097753,
          0.14158072918781325,
          0.18087990260549736
        ],
        [
          0.04675994585286773,
          0.08418452228310705,
          0.2659664369611753,
          0.21317127042883224,
          0.060098941970442604,
          0.06726642281447381,
          0.26255245968910124
        ],
        [
          0.2862763579721669,
          0.2646691115591015,
          0.1246695905151217,
          0.03730171993859401,
          0.08618096077194949,
          0.1817654912636794,
          0.019136767979386984
        ],
        [
          0.08426562356986453,
          0.2835161062083247,
          0.12609526185411501,
          0.1933249871269314,
          0.1975582645262006,
          0.03537171314831476,
          0.07986804356624902
        ],
        [
          0.04106543239584747,
          0.10389050307655522,
          0.1947272055809589,
          0.23581947646013177,
          0.15513732145448214,
          0.1731777699136521,
          0.09618229111837236
        ],
        [
          0.19046036127370053,
          0.015286913498387004,
          0.10384959359673834,
          0.0544065128593344,
          0.16705401208983994,
          0.18848343134028953,
          0.28045917534171033
        ],
        [
          0.1989498448866969,
          0.10902614952833153,
          0.08137051123383596,
          0.11060541963179839,
          0.22491110748422138,
          0.19355458493594183,
          0.08158238229917393
        ],
        [
          0.10585147720180167,
          0.41100589426943057,
          0.018697137575852327,
          0.018825570731222256,
          0.318558014329904,
          0.09846705363355698,
          0.028594852258232183
        ],
        [
          0.1431905771189015,
          0.31184171280259193,
          0.1966400010570069,
          0.13377011762317628,
          0.09940261882716125,
          0.04856590464722385,
          0.06658906792393827
        ],
        [
          0.1889004061572483,
          0.03210967227810364,
          0.14057313137908678,
          0.18723187061415655,
          0.06369010413761785,
          0.1752341866793953,
          0.21226062875439167
        ],
        [
          0.27173717739496284,
          0.06999688630517828,
          0.06810546269613407,
          0.008822863187579823,
          0.2268405191891461,
          0.2848070803090918,
          0.06969001091790704
        ],
        [
          0.02182786021567371,
          0.24655457785378132,
          0.19888590663577624,
          0.2055096160449437,
          0.1402000415734073,
          0.0332640128484563,
          0.15375798482796144
        ],
        [
          0.06137723603066004,
          0.16069807024582708,
          0.008180060768730336,
          0.17391841747122158,
          0.2585640226127201,
          0.1758573031121481,
          0.16140488975869272
        ],
        [
          0.17045201651111339,
          0.21206546389689956,
          0.023807015864520182,
          0.018171768323130874,
          0.2515570815366276,
          0.13277136036287251,
          0.19117529350483592
        ],
        [
          0.11841741770802851,
          0.11339261950673911,
          0.14136305386770306,
          0.1714634936694774,
          0.10450695924972932,
          0.18736291981214664,
          0.16349353618617593
        ]
      ],
      "timestamps": [
        70,
        71,
        72,
        73,
        74,
        75,
        76,
        77,
        78,
        79,
        80,
        81,
        82,
        83,
        84,
        85,
        86,
        87,
        88,
        89,
        90,
        91,
        92,
        93,
        94,
        95,
        96,
        97,
        98,
        99
      ],
      "distance": 176.7
    }
  ],
  "conversation": [
    "Thinking about that meeting later.",
    "Feels like everyone's out today.",
    "That cat's always in the same window."
  ],
  "conversation_timestamps": [
    18,
    19,
    88
  ]
}
