{
  "agent_id": "agent-type-red-43",
  "type": "red",
  "trips": [
    {
      "trip_id": 0,
      "transport_method": "foot",
      "start_time": 0,
      "path": [
        [
          1.5205310000000003,
          42.50749189999999
        ],
        [
          1.5204378237906944,
          42.50757949594859
        ],
        [
          1.5206623711396277,
          42.50771480201763
        ],
        [
          1.520899699685648,
          42.50784107510057
        ],
        [
          1.5211370282316687,
          42.507967348183506
        ],
        [
          1.5213743567776894,
          42.50809362126645
        ],
        [
          1.52161168532371,
          42.50821989434939
        ],
        [
          1.5216193616523028,
          42.50836377692025
        ],
        [
          1.5214015453361154,
          42.50844844678703
        ],
        [
          1.5211761144101783,
          42.5083019864584
        ],
        [
          1.5212535165157584,
          42.508352273870265
        ],
        [
          1.5214779838029142,
          42.50846948437163
        ],
        [
          1.5216932860624188,
          42.508308504039654
        ],
        [
          1.5219459561769062,
          42.508339221509516
        ],
        [
          1.5222059579120473,
          42.508407550331796
        ],
        [
          1.5224659596471881,
          42.50847587915408
        ],
        [
          1.5222354929256268,
          42.50846375791499
        ],
        [
          1.521973399655629,
          42.508403951159075
        ],
        [
          1.5217266936143692,
          42.508347655596836
        ],
        [
          1.521988786884367,
          42.50840746235275
        ],
        [
          1.5222508801543644,
          42.50846726910867
        ],
        [
          1.5224827453587753,
          42.50847130180585
        ],
        [
          1.5227401731820245,
          42.50839383796881
        ],
        [
          1.5229976010052737,
          42.50831637413177
        ],
        [
          1.5232418147377247,
          42.50836771805076
        ],
        [
          1.5234693373117558,
          42.50850857993829
        ],
        [
          1.523711318655878,
          42.50862568996914
        ],
        [
          1.5239533,
          42.50874280000001
        ]
      ],
      "emotions": [
        "green",
        "green",
        "green",
        "green",
        "green",
        "red",
        "red",
        "red",
        "red",
        "red",
        "green",
        "green",
        "green",
        "green",
        "green",
        "red",
        "red",
        "red",
        "red",
        "red",
        "purple",
        "purple",
        "purple",
        "purple",
        "purple",
        "red",
        "red",
        "red"
      ],
      "mood_vectors": [
        [
          0.049629421903144164,
          0.20701178443634302,
          0.06416375298307267,
          0.1671822596181284,
          0.27929153489596287,
          0.1261705353555759,
          0.106550710807773
        ],
        [
          0.10341723184555762,
          0.0627489040106103,
          0.19192176136453407,
          0.09227375185985191,
          0.20434306334043645,
          0.2187685044774176,
          0.1265267831015921
        ],
        [
          0.18444549246098188,
          0.1448669479703124,
          0.12832836207599777,
          0.0515670517932669,
          0.1512093907860433,
          0.16848140405323694,
          0.1711013508601608
        ],
        [
          0.17365332368826825,
          0.22616946221328058,
          0.18413603995076266,
          0.018223642454490388,
          0.13430292151185086,
          0.06470756038964721,
          0.19880704979169997
        ],
        [
          0.2515753432067639,
          0.03271827114084698,
          0.12048577404243566,
          0.12007905107317617,
          0.2418198428385058,
          0.12466168432101256,
          0.10866003337725892
        ],
        [
          0.19367699100194483,
          0.12561089577165765,
          0.19333599808777788,
          0.16155261382882363,
          0.2004160322115801,
          0.060201364446010416,
          0.06520610465220543
        ],
        [
          0.12130455558378096,
          0.16231722500592594,
          0.2089442695663318,
          0.1381185576234866,
          0.0491182796509896,
          0.14967627778466655,
          0.1705208347848186
        ],
        [
          0.04176650298918089,
          0.12550285939874775,
          0.08725296136801533,
          0.29088472538638677,
          0.18791579576288747,
          0.1891690812898688,
          0.07750807380491302
        ],
        [
          0.11871487258031053,
          0.20755653279418815,
          0.15711154677546146,
          0.2294271074574507,
          0.19664224284791543,
          0.032613823365803526,
          0.05793387417887019
        ],
        [
          0.05259071487624642,
          0.2528212432068271,
          0.22741168306074502,
          0.0463416637091104,
          0.20295420602089284,
          0.1513263549218357,
          0.06655413420434249
        ],
        [
          0.19373364202754045,
          0.05117400197943893,
          0.09547747440517641,
          0.2527740940595268,
          0.02833383955951614,
          0.057831529898058995,
          0.3206754180707423
        ],
        [
          0.19184009729662435,
          0.21249100162519083,
          0.1693469698766663,
          0.1139497224499094,
          0.09857995018217487,
          0.14369831175158634,
          0.07009394681784785
        ],
        [
          0.1455920958303947,
          0.00978926339659946,
          0.164234171263556,
          0.264366195459417,
          0.30594946385969823,
          0.02532521577049261,
          0.08474359441984201
        ],
        [
          0.01648517975637719,
          0.15374424114117768,
          0.268319600425376,
          0.15830716844817577,
          0.016512315032789035,
          0.27195789822627564,
          0.11467359696982865
        ],
        [
          0.1938114445426883,
          0.06386488883285148,
          0.19230350374013827,
          0.12193518188511582,
          0.20834701518532353,
          0.14169027892156574,
          0.07804768689231695
        ],
        [
          0.149678426436388,
          0.14689035039271062,
          0.09822033369093938,
          0.0641309092747097,
          0.05045278012320798,
          0.20762303583725839,
          0.28300416424478586
        ],
        [
          0.043954453466303924,
          0.027484153053871734,
          0.22190922184584305,
          0.04604324568807779,
          0.1739768465576574,
          0.2974936886530571,
          0.1891383907351891
        ],
        [
          0.18977682734909582,
          0.13095336380052275,
          0.2320671083042302,
          0.1575175633258059,
          0.06878404845891885,
          0.10847216773861854,
          0.11242892102280794
        ],
        [
          0.15933931323276357,
          0.07607547264271189,
          0.11122825142511406,
          0.1710644983069489,
          0.14050452395128846,
          0.1381278723141441,
          0.20366006812702903
        ],
        [
          0.18855474544012385,
          0.13021135376214937,
          0.1908100667349617,
          0.04637342813552216,
          0.10202858815686337,
          0.1769640647031535,
          0.165057753067226
        ],
        [
          0.14984457416654434,
          0.1075503931796152,
          0.17934698740043242,
          0.1562468373553707,
          0.15132699044083606,
          0.20578640684884156,
          0.04989781060835969
        ],
        [
          0.18585187768331507,
          0.1309369770025185,
          0.09774179977772554,
          0.059588410241129104,
          0.17303891898451595,
          0.09962491216269238,
          0.2532171041481035
        ],
        [
          0.1451397673570063,
          0.05157133713321512,
          0.08217721247395708,
          0.2389071202700716,
          0.0005973921886472449,
          0.2604988206040758,
          0.22110834997302686
        ],
        [
          0.12760011259930357,
          0.16476209217891394,
          0.21465895743622362,
          0.18466705113257634,
          0.05329490541915053,
          0.11630478844197649,
          0.13871209279185553
        ],
        [
          0.014888951609201962,
          0.21913375423915007,
          0.1902394434034195,
          0.015762539050341844,
          0.08126078067862545,
          0.23983874842368558,
          0.23887578259557565
        ],
        [
          0.053310312080352244,
          0.0353970320552533,
          0.20351234269195034,
          0.11524804691455214,
          0.23604161033553755,
          0.19102739409929426,
          0.16546326182306026
        ],
        [
          0.0926117608316825,
          0.15792841326400392,
          0.21844333697898938,
          0.06052535824305042,
          0.1845124075815072,
          0.1808083316425604,
          0.10517039145820616
        ],
        [
          0.12032482887277396,
          0.20312897242247765,
          0.1583757477577139,
          0.2032498221746134,
          0.025827135630221522,
          0.20847249784851235,
          0.08062099529368712
        ]
      ],
      "timestamps": [
        0,
        1,
        2,
        3,
        4,
        5,
        6,
        7,
        8,
        9,
        10,
        11,
        12,
        13,
        14,
        15,
        16,
        17,
        18,
        19,
        20,
        21,
        22,
        23,
        24,
        25,
        26,
        27
      ],
      "distance": 410.2
    },
    {
      "trip_id": 1,
      "transport_method": "bicycle",
      "start_time": 28,
      "path": [
        [
          1.5239533,
          42.50874280000001
        ],
        [
          1.5233609699390123,
          42.508456134133375
        ],
        [
          1.5239484691080587,
          42.50874792550459
        ],
        [
          1.52394597034869,
          42.50894862117647
        ],
        [
          1.5242147862643205,
          42.50879386093868
        ],
        [
          1.5248675524867135,
          42.508921327886654
        ],
        [
          1.5254364878459692,
          42.50918311777568
        ],
        [
          1.5252475647364638,
          42.50899553362832
        ],
        [
          1.5245947985140709,
          42.50886806668035
        ],
        [
          1.523942966073362,
          42.50873779876129
        ],
        [
          1.5233457929394174,
          42.50844560578118
        ],
        [
          1.523103270744387,
          42.50798520282063
        ],
        [
          1.5237117371642694,
          42.50779158417982
        ],
        [
          1.5243755182685168,
          42.50783337185225
        ],
        [
          1.5246197830982966,
          42.50819418449921
        ],
        [
          1.5250941870313095,
          42.508456533415064
        ],
        [
          1.5256932889106931,
          42.508700789200034
        ],
        [
          1.5252628846905691,
          42.50849965091858
        ],
        [
          1.5246185041345175,
          42.50833495342951
        ],
        [
          1.5248675717854652,
          42.507924502984416
        ],
        [
          1.525508874204485,
          42.50810078782134
        ],
        [
          1.5254821551375957,
          42.50809352249388
        ],
        [
          1.5252493498190964,
          42.507787763299035
        ],
        [
          1.5257807192068782,
          42.50771608772967
        ],
        [
          1.5263470648052622,
          42.5079495622345
        ],
        [
          1.5266831720882932,
          42.50737564416664
        ],
        [
          1.526339240457491,
          42.50715476146616
        ],
        [
          1.5256765295684567,
          42.507098495655235
        ],
        [
          1.525406348729803,
          42.50701483647683
        ],
        [
          1.52606854840655,
          42.50707682963806
        ],
        [
          1.5255958519167037,
          42.507032577200704
        ],
        [
          1.5249371112688543,
          42.506945539274874
        ],
        [
          1.5246235727766015,
          42.50663373723389
        ],
        [
          1.5240675319520884,
          42.50680744837137
        ],
        [
          1.5234201272164498,
          42.506655072546174
        ],
        [
          1.5236544325597279,
          42.50606956010351
        ],
        [
          1.5239304119198238,
          42.50546442626978
        ],
        [
          1.523667408720081,
          42.506041107563945
        ],
        [
          1.523370810882778,
          42.50660221867546
        ],
        [
          1.5227357445482936,
          42.506404627393444
        ],
        [
          1.522079784117965,
          42.506299340639416
        ],
        [
          1.5218110063713612,
          42.50582723752403
        ],
        [
          1.52197874871701,
          42.50518364991449
        ],
        [
          1.5222581563053563,
          42.50464207188207
        ],
        [
          1.5227821718165544,
          42.504608315366966
        ],
        [
          1.5234397686453844,
          42.50470544907688
        ],
        [
          1.5239862529040378,
          42.50480924584453
        ],
        [
          1.5233352990680535,
          42.50468509027599
        ],
        [
          1.5226765308528847,
          42.504595339999675
        ],
        [
          1.522015849722882,
          42.50452203469027
        ],
        [
          1.5217896849317152,
          42.50447600581609
        ],
        [
          1.5218809548557082,
          42.50486262068999
        ],
        [
          1.521266957231127,
          42.50477445270262
        ],
        [
          1.5206502573952292,
          42.50452713951523
        ],
        [
          1.5210137366099963,
          42.50468450417009
        ],
        [
          1.5216494393830915,
          42.504877403381556
        ],
        [
          1.522046244949896,
          42.504532856264284
        ],
        [
          1.521752253506262,
          42.50446838780285
        ],
        [
          1.5224095373341509,
          42.5045625464805
        ],
        [
          1.5230696513027717,
          42.50464379344845
        ],
        [
          1.5237240806508856,
          42.504760855173636
        ],
        [
          1.523703801640572,
          42.50475690324482
        ],
        [
          1.5230491465112217,
          42.504641261744645
        ],
        [
          1.5223890309413182,
          42.5045600277797
        ],
        [
          1.5220642815064347,
          42.50493277376229
        ],
        [
          1.5218776143918389,
          42.50556661456734
        ],
        [
          1.5218603344170842,
          42.50617781377881
        ],
        [
          1.522431751450534,
          42.506419546513065
        ],
        [
          1.5230787233847722,
          42.506573750534514
        ],
        [
          1.5237258667674698,
          42.50672723132802
        ],
        [
          1.5243597294776476,
          42.5067521144463
        ],
        [
          1.5244859000000006,
          42.506162999999994
        ]
      ],
      "emotions": [
        "red",
        "red",
        "green",
        "green",
        "green",
        "green",
        "green",
        "purple",
        "purple",
        "purple",
        "purple",
        "purple",
        "purple",
        "purple",
        "purple",
        "purple",
        "purple",
        "green",
        "green",
        "green",
        "green",
        "green",
        "red",
        "red",
        "red",
        "red",
        "red",
        "green",
        "green",
        "green",
        "green",
        "green",
        "green",
        "green",
        "green",
        "green",
        "green",
        "green",
        "green",
        "green",
        "green",
        "green",
        "green",
        "green",
        "green",
        "green",
        "green",
        "red",
        "red",
        "red",
        "red",
        "red",
        "red",
        "red",
        "red",
        "red",
        "red",
        "purple",
        "purple",
        "purple",
        "purple",
        "purple",
        "red",
        "red",
        "red",
        "red",
        "red",
        "green",
        "green",
        "green",
        "green",
        "green"
      ],
      "mood_vectors": [
        [
          0.2955534861996768,
          0.0215364597099984,
          0.25194756346348374,
          0.07558296733470939,
          0.21240535855388273,
          0.013936918904131856,
          0.12903724583411716
        ],
        [
          0.03722118204772193,
          0.07346534346314344,
          0.25402019401313264,
          0.26781892866114987,
          0.09040338904184617,
          0.007920961527652308,
          0.26915000124535365
        ],
        [
          0.1499456120621548,
          0.1570321784468158,
          0.03491502067969573,
          0.09090941447140748,
          0.1483467262459445,
          0.21965869045414416,
          0.19919235763983753
        ],
        [
          0.20624807584046173,
          0.21943378856199855,
          0.2090811635081006,
          0.1271832421149553,
          0.009169995477560864,
          0.05940157207032114,
          0.16948216242660177
        ],
        [
          0.1309258470407242,
          0.13691524962292215,
          0.10045258685882409,
          0.12995061233366087,
          0.027224631946019488,
          0.25641548587536017,
          0.21811558632248904
        ],
        [
          0.07040727104542967,
          0.19013771813697578,
          0.17220158620667156,
          0.14354816871563103,
          0.07822564072957112,
          0.146105523394671,
          0.19937409177104984
        ],
        [
          0.10860393670699484,
          0.026498804951731247,
          0.27695577708022323,
          0.1408862896122457,
          0.08120885723770194,
          0.23309684767408595,
          0.13274948673701703
        ],
        [
          0.12100949069578165,
          0.2081959877914441,
          0.09026156006536806,
          0.10160455721719741,
          0.2250451451076267,
          0.20436795032470237,
          0.04951530879787976
        ],
        [
          0.04655741359783698,
          0.17031069153500952,
          0.08038772098719799,
          0.15245828572949305,
          0.18388980491063964,
          0.16749153806390535,
          0.19890454517591755
        ],
        [
          0.08766697755151968,
          0.13436671128212635,
          0.030689489923572368,
          0.003540455858682546,
          0.3579039938256492,
          0.24996825138059436,
          0.13586412017785549
        ],
        [
          0.03812469568382593,
          0.203841103723783,
          0.2269249419413418,
          0.0496087409304569,
          0.20108045366670044,
          0.16774958495446565,
          0.11267047909942624
        ],
        [
          0.2056279264584047,
          0.17495355069388716,
          0.1134235265288948,
          0.14802890595154647,
          0.11203010727577532,
          0.1197117510464213,
          0.12622423204507027
        ],
        [
          0.1826301006566718,
          0.14738096331287318,
          0.092233119389236,
          0.18708750431918522,
          0.07413199211316214,
          0.11260944312198734,
          0.20392687708688426
        ],
        [
          0.007895115162014344,
          0.2375410834158621,
          0.08462889712314069,
          0.18303184949811027,
          0.09505323932019959,
          0.19760971299795457,
          0.19424010248271842
        ],
        [
          0.24419675739190552,
          0.193312742213323,
          0.11332842879218424,
          0.010352940492950548,
          0.15666997871485389,
          0.2580031146038914,
          0.02413603779089144
        ],
        [
          0.14875536376283732,
          0.1375932537301153,
          0.12885853893437074,
          0.1831756121720804,
          0.05707123941780441,
          0.1663424795204302,
          0.17820351246236157
        ],
        [
          0.1741922077060794,
          0.15180731146320806,
          0.20947469579364883,
          0.01392879205694702,
          0.19603271367859604,
          0.12563556548790322,
          0.12892871381361745
        ],
        [
          0.1609888616824061,
          0.29771660577561576,
          0.15927462415340735,
          0.036075760689709024,
          0.24648606660158268,
          0.03488653403043301,
          0.06457154706684617
        ],
        [
          0.10593290407129476,
          0.21250735128774886,
          0.21797898745964117,
          0.0698450043868766,
          0.10957950536261803,
          0.1208796944649514,
          0.1632765529668692
        ],
        [
          0.016696293314150516,
          0.11593274474540619,
          0.049090056848883394,
          0.2007509153709978,
          0.24874124179058585,
          0.12431630115849866,
          0.2444724467714776
        ],
        [
          0.19771656750670816,
          0.058386934503637744,
          0.05817468970001563,
          0.10524391035380042,
          0.243587873059875,
          0.25186979517146296,
          0.08502022970450013
        ],
        [
          0.032726525076127645,
          0.06823320842581374,
          0.1387974023061018,
          0.2393175029357157,
          0.12494138782987325,
          0.16978088864535743,
          0.22620308478101045
        ],
        [
          0.1370012152843237,
          0.16196611887714008,
          0.20761722548055755,
          0.2211913873870074,
          0.11008938498909764,
          0.10067207037633172,
          0.06146259760554187
        ],
        [
          0.16123136218190776,
          0.06590875769464556,
          0.1332450748551731,
          0.19180059988291803,
          0.12056308092375971,
          0.17303189631198324,
          0.15421922814961267
        ],
        [
          0.1465664646927314,
          0.02070601214150793,
          0.2218164480259963,
          0.15061119314782243,
          0.16382328796493512,
          0.23220851588524066,
          0.0642680781417661
        ],
        [
          0.0520612023527062,
          0.11691510922566997,
          0.274765234862394,
          0.22990820026194536,
          0.0092750788970533,
          0.2644150366426866,
          0.052660137757544495
        ],
        [
          0.0118043079471313,
          0.14079713677403063,
          0.2070191058573664,
          0.1559568038505365,
          0.19471812513624367,
          0.04886851902092316,
          0.2408360014137683
        ],
        [
          0.1714247312682866,
          0.12967024692211446,
          0.20528970780765238,
          0.13175287406851158,
          0.18202460266499004,
          0.044621085868107216,
          0.13521675140033773
        ],
        [
          0.16883768658605236,
          0.1625077828289492,
          0.11619866774744733,
          0.17849597280892432,
          0.14988696555923728,
          0.13302472814592123,
          0.09104819632346832
        ],
        [
          0.20083441521267958,
          0.19978288253472207,
          0.11883722690394659,
          0.14375713545642213,
          0.07434734115602815,
          0.20176886268283462,
          0.060672136053366875
        ],
        [
          0.18834567487425324,
          0.18817848667491868,
          0.0872871306139569,
          0.13800150312863815,
          0.17373450678356966,
          0.13667901011652583,
          0.08777368780813757
        ],
        [
          0.31637969582745007,
          0.2465186779878667,
          0.008827306277002157,
          0.11212664350914124,
          0.10269891382156202,
          0.16689392674479808,
          0.046554835832179696
        ],
        [
          0.14817430368122075,
          0.11529269980024093,
          0.14723883038112182,
          0.08208349413912572,
          0.20564165078833488,
          0.03648570994647696,
          0.2650833112634789
        ],
        [
          0.04988546415489813,
          0.08760331466542534,
          0.29988923943857687,
          0.32875953414931475,
          0.015910135015659882,
          0.05748020643717736,
          0.16047210613894763
        ],
        [
          0.042297077307269046,
          0.1697498227770169,
          0.1621771233558952,
          0.07821706274358031,
          0.14283763625234028,
          0.2329725134956177,
          0.1717487640682806
        ],
        [
          0.060386819696277794,
          0.06439862468756165,
          0.2085849625293648,
          0.2158603260870608,
          0.24097193937963243,
          0.2088592921453534,
          0.0009380354747491448
        ],
        [
          0.034231405420874585,
          0.16033457089435457,
          0.10698158982773019,
          0.22690824041903787,
          0.2630625758167873,
          0.11369086922998732,
          0.09479074839122811
        ],
        [
          0.05709102161046272,
          0.17636317338351823,
          0.057752499933710656,
          0.07048512825823344,
          0.058723035677768945,
          0.2115624177409824,
          0.36802272339532366
        ],
        [
          0.2643459273008358,
          0.19429331046997866,
          0.11779005871866363,
          0.0299412301010558,
          0.26712958536384884,
          0.10723704808182304,
          0.0192628399637943
        ],
        [
          0.23854958443680505,
          0.14333199252006465,
          0.043489153973815635,
          0.1338431983072531,
          0.10239526774951563,
          0.11806474550596828,
          0.2203260575065777
        ],
        [
          0.13980864645058044,
          0.023104265967247406,
          0.1542394319718609,
          0.12313475665294983,
          0.2110899453640704,
          0.22882239800122392,
          0.11980055559206715
        ],
        [
          0.233514903528733,
          0.0483621793459587,
          0.2734333838098759,
          0.15873633987788888,
          0.11839171768251111,
          0.017006230611281883,
          0.1505552451437505
        ],
        [
          0.09686434171046251,
          0.22253395855306607,
          0.17170582177660793,
          0.16408443389547336,
          0.17710041928134906,
          0.07729783889122399,
          0.09041318589181707
        ],
        [
          0.10351126550597455,
          0.09339984192288303,
          0.038213932316077,
          0.22721437104815748,
          0.1541586648837631,
          0.16039734697931957,
          0.2231045773438253
        ],
        [
          0.17736735716443605,
          0.1169738271112221,
          0.23511582753131313,
          0.03341031816895401,
          0.006191289547673818,
          0.16340232430230253,
          0.2675390561740983
        ],
        [
          0.12487120029730464,
          0.16816087037892155,
          0.193972129933201,
          0.21630221895363927,
          0.12871653704362104,
          0.07246419507002563,
          0.09551284832328692
        ],
        [
          0.20074511298949477,
          0.1218422554044098,
          0.07375592628251733,
          0.1089741092548496,
          0.30823972408606004,
          0.10064567694198302,
          0.08579719504068556
        ],
        [
          0.21762957902839708,
          0.01844111213602525,
          0.1229766883099397,
          0.23740857040994126,
          0.17752469600989287,
          0.21277685541354346,
          0.0132424986922604
        ],
        [
          0.13872055206275202,
          0.12778821616518649,
          0.018189154985368886,
          0.16811768492636783,
          0.20337948107562395,
          0.13349194513436638,
          0.21031296565033442
        ],
        [
          0.18167170500692476,
          0.2296863946048512,
          0.12376324793110638,
          0.11244819904075959,
          0.025222964928656014,
          0.09966572464404157,
          0.22754176384366048
        ],
        [
          0.18066874664612126,
          0.22205948226984676,
          0.21954167638006966,
          0.11909820975116753,
          0.11683328139514128,
          0.09470695018713578,
          0.047091653370517704
        ],
        [
          0.11771210739318809,
          0.19232158355172524,
          0.16904980726455832,
          0.1576666163356445,
          0.17128880287424006,
          0.006833910637105752,
          0.1851271719435381
        ],
        [
          0.16327665281293244,
          0.2707744587843563,
          0.13549854578970885,
          0.09369538256001675,
          0.019138839980048707,
          0.06981708931178902,
          0.24779903076114793
        ],
        [
          0.04423826749790265,
          0.15736743049009289,
          0.15522145810337867,
          0.10050621089175533,
          0.21623040582697864,
          0.21433759540235758,
          0.11209863178753422
        ],
        [
          0.10881438891365776,
          0.12386727542717459,
          0.2312064336769706,
          0.11517811256234613,
          0.22356983898469768,
          0.007777019212490097,
          0.18958693122266315
        ],
        [
          0.046371204119322704,
          0.18051369585932178,
          0.15310748667560042,
          0.21777654282327874,
          0.15479707284749725,
          0.024860894645989708,
          0.22257310302898947
        ],
        [
          0.23719072519718154,
          0.2718828626900507,
          0.2356654239028067,
          0.0836297841602808,
          0.000787104636676365,
          0.07620793392618774,
          0.09463616548681615
        ],
        [
          0.14597482453478264,
          0.16059579873264876,
          0.18268273974164975,
          0.1664062503778509,
          0.14998468079643015,
          0.03030376416906948,
          0.16405194164756828
        ],
        [
          0.1882165322069019,
          0.199163547897756,
          0.15153420655998262,
          0.17029331089867628,
          0.22867970154069547,
          0.014255880293850665,
          0.047856820602137085
        ],
        [
          0.05535809472265291,
          0.2619445847470402,
          0.24794496540023583,
          0.13250018105980135,
          0.085397925121567,
          0.0901333309872069,
          0.1267209179614958
        ],
        [
          0.21132005328153533,
          0.10511450797084174,
          0.06627485844040158,
          0.2906937390082757,
          0.097210092791462,
          0.22469280093486713,
          0.004693947572616455
        ],
        [
          0.2664403491828513,
          0.020166028660996305,
          0.017587714531429516,
          0.06888442557561336,
          0.21642881269200132,
          0.11523740114007233,
          0.29525526821703585
        ],
        [
          0.21442839483141954,
          0.13625278097455545,
          0.11146459980728417,
          0.15233668868657071,
          0.15063651787852692,
          0.22678247866311346,
          0.008098539158529745
        ],
        [
          0.06695999344329653,
          0.27405837099625313,
          0.09082571347831743,
          0.008871685595345154,
          0.23027751058909188,
          0.2716959649005937,
          0.0573107609971021
        ],
        [
          0.1553494609693516,
          0.1269006117424151,
          0.0924968973537079,
          0.22431274595620984,
          0.08033636124834871,
          0.1389774050364434,
          0.1816265176935235
        ],
        [
          0.10021342174148676,
          0.06341775047782196,
          0.2073235230478739,
          0.16091431506117673,
          0.20010678939431284,
          0.03497482814782941,
          0.23304937212949847
        ],
        [
          0.1905594301765044,
          0.2135403811388622,
          0.14086526760404092,
          0.05966751093464289,
          0.18309804005642524,
          0.18275383905901896,
          0.029515531030505335
        ],
        [
          0.04077316830489646,
          0.34950621496846246,
          0.2319382016362775,
          0.015888565463065503,
          0.214120554202707,
          0.1333140836478711,
          0.014459211776719985
        ],
        [
          0.06779977229096047,
          0.10107927547985342,
          0.13522859082387234,
          0.08253231457832176,
          0.2217374603662073,
          0.22874769909267464,
          0.16287488736811004
        ],
        [
          0.177123427126623,
          0.18354732864245865,
          0.18247595804855812,
          0.028734802973691503,
          0.17408721125519935,
          0.06619393152104114,
          0.18783734043242825
        ],
        [
          0.11150303418109775,
          0.23407421607952725,
          0.057566304183726845,
          0.12362635751814806,
          0.13673833943300587,
          0.31716514161952986,
          0.019326606984964394
        ],
        [
          0.23010287543408622,
          0.0993186773411362,
          0.07624251768252038,
          0.11892384517142383,
          0.28927490691560775,
          0.005849750415371821,
          0.18028742703985384
        ]
      ],
      "timestamps": [
        28,
        29,
        30,
        31,
        32,
        33,
        34,
        35,
        36,
        37,
        38,
        39,
        40,
        41,
        42,
        43,
        44,
        45,
        46,
        47,
        48,
        49,
        50,
        51,
        52,
        53,
        54,
        55,
        56,
        57,
        58,
        59,
        60,
        61,
        62,
        63,
        64,
        65,
        66,
        67,
        68,
        69,
        70,
        71,
        72,
        73,
        74,
        75,
        76,
        77,
        78,
        79,
        80,
        81,
        82,
        83,
        84,
        85,
        86,
        87,
        88,
        89,
        90,
        91,
        92,
        93,
        94,
        95,
        96,
        97,
        98,
        99
      ],
      "distance": 322
    }
  ],
  "conversation": [
    "Tempted to sit and people-watch for a bit.",
    "Just enjoying the walk.",
    "Did I just walk past that guy twice?"
  ],
  "conversation_timestamps": [
    5,
    78,
    85
  ]
}
