{"agent_id": "agent-blue-1635", "type": "blue", "trips": [{"trip_id": 0, "transport_method": "foot", "start_time": 0, "path": [[1.5178355, 42.5062649], [1.5179233, 42.5063149], [1.5180111, 42.5063649], [1.5180989, 42.506415], [1.5181868, 42.506465], [1.5182746, 42.506515], [1.5183624, 42.506565], [1.5184502, 42.506615], [1.518538, 42.5066651], [1.5186307, 42.506704], [1.518727, 42.5067346], [1.5188234, 42.5067653], [1.518824, 42.5067176], [1.5187749, 42.5066292], [1.5187259, 42.5065409], [1.5186768, 42.5064525], [1.5186277, 42.5063642], [1.5185786, 42.5062758], [1.5185296, 42.5061874], [1.5184805, 42.5060991], [1.5184314, 42.5060107], [1.5184049, 42.5060258], [1.5184438, 42.5060985], [1.51853, 42.5061297], [1.5186207, 42.5061743], [1.5186384, 42.5062341], [1.5185623, 42.5062587], [1.5185205, 42.5063395], [1.5186019, 42.5063994], [1.5187012, 42.5064063], [1.5187367, 42.5064748], [1.5187698, 42.5065677], [1.5188173, 42.506657], [1.5188556, 42.5067488], [1.5188262, 42.506708], [1.5187852, 42.5066157], [1.5187442, 42.5065233], [1.5187031, 42.5064309], [1.5186621, 42.5063385], [1.5186211, 42.5062462], [1.5185801, 42.5061538], [1.518539, 42.5060614], [1.518498, 42.5059691], [1.518457, 42.5058767], [1.5184226, 42.5057823], [1.518375, 42.5056931], [1.518372, 42.5055975], [1.5183921, 42.5054984], [1.5184023, 42.5053988], [1.5183974, 42.5052986], [1.5184351, 42.505205], [1.5184747, 42.505112], [1.5185142, 42.505019], [1.5185577, 42.5049343], [1.5186534, 42.5049664], [1.5187503, 42.5049943], [1.5188489, 42.505016], [1.518948, 42.5050358], [1.5190472, 42.5050556], [1.5191463, 42.5050754], [1.5192454, 42.5050952], [1.5193445, 42.505115], [1.5194435, 42.505114], [1.5195425, 42.5050936], [1.5196415, 42.5050732], [1.5197405, 42.5050528], [1.5198391, 42.5050636], [1.5199376, 42.5050863], [1.5200361, 42.505109], [1.5201346, 42.5051317], [1.5202331, 42.5051544], [1.5203315, 42.5051771], [1.52043, 42.5051998], [1.5205285, 42.5052225], [1.520627, 42.5052452], [1.5207255, 42.5052679], [1.520824, 42.5052906], [1.5209225, 42.5053133], [1.521021, 42.505336], [1.5210901, 42.5053891]], "mood_vectors": [[0.0502, 0.0326, 0.0298, 0.7518, 0.0459, 0.0326, 0.0571], [0.0532, 0.0717, 0.0559, 0.6253, 0.0714, 0.0729, 0.0496], [0.0161, 0.0533, 0.0428, 0.7175, 0.0733, 0.0584, 0.0387], [0.051, 0.0815, 0.0749, 0.6466, 0.0224, 0.0669, 0.0566], [0.0746, 0.085, 0.0342, 0.6627, 0.0837, 0.0437, 0.016], [0.0838, 0.0758, 0.0742, 0.5879, 0.0797, 0.0468, 0.0519], [0.0745, 0.0295, 0.0481, 0.7139, 0.0369, 0.0317, 0.0655], [0.029, 0.0239, 0.0174, 0.8127, 0.053, 0.0154, 0.0486], [0.0197, 0.0625, 0.0808, 0.6919, 0.0556, 0.0568, 0.0327], [0.037, 0.0611, 0.0334, 0.7277, 0.0215, 0.0535, 0.0657], [0.0915, 0.0495, 0.0848, 0.6904, 0.0212, 0.0147, 0.0478], [0.0218, 0.0292, 0.0861, 0.7365, 0.0463, 0.0319, 0.0482], [0.0332, 0.0344, 0.045, 0.7419, 0.0421, 0.0558, 0.0476], [0.0585, 0.0188, 0.0757, 0.71, 0.0249, 0.0587, 0.0533], [0.0141, 0.0158, 0.0547, 0.7379, 0.0558, 0.0607, 0.061], [0.0572, 0.0715, 0.078, 0.6885, 0.0284, 0.017, 0.0594], [0.0611, 0.0177, 0.0559, 0.7095, 0.0221, 0.0566, 0.0771], [0.0775, 0.0535, 0.0232, 0.7026, 0.0558, 0.0743, 0.0132], [0.0468, 0.0253, 0.0786, 0.6358, 0.0571, 0.0897, 0.0667], [0.0551, 0.0356, 0.0694, 0.6913, 0.0511, 0.0686, 0.0289], [0.0519, 0.0707, 0.0168, 0.6814, 0.077, 0.051, 0.0512], [0.0393, 0.0171, 0.0719, 0.7229, 0.0367, 0.038, 0.0741], [0.0754, 0.0139, 0.039, 0.7313, 0.0293, 0.0262, 0.0848], [0.0539, 0.0717, 0.0573, 0.7286, 0.0248, 0.0164, 0.0474], [0.0686, 0.0394, 0.0365, 0.7031, 0.0314, 0.0375, 0.0834], [0.0623, 0.0346, 0.041, 0.6482, 0.0711, 0.0487, 0.0941], [0.0377, 0.0661, 0.0441, 0.7313, 0.0227, 0.0825, 0.0156], [0.0446, 0.0627, 0.0638, 0.6069, 0.0867, 0.0506, 0.0846], [0.0541, 0.0395, 0.061, 0.6485, 0.0935, 0.0871, 0.0162], [0.0552, 0.0395, 0.0579, 0.698, 0.0654, 0.0464, 0.0377], [0.018, 0.0508, 0.0369, 0.7357, 0.0588, 0.0302, 0.0696], [0.0306, 0.0206, 0.042, 0.7483, 0.0616, 0.0335, 0.0634], [0.0531, 0.036, 0.0798, 0.7186, 0.0173, 0.0785, 0.0165], [0.0725, 0.0237, 0.0496, 0.744, 0.0492, 0.0425, 0.0184], [0.0838, 0.0383, 0.0824, 0.6821, 0.0201, 0.0186, 0.0748], [0.0238, 0.0557, 0.0754, 0.667, 0.0684, 0.0321, 0.0777], [0.0476, 0.0807, 0.0213, 0.6689, 0.0827, 0.0725, 0.0263], [0.0494, 0.0269, 0.0674, 0.712, 0.0533, 0.0636, 0.0274], [0.0306, 0.0799, 0.0778, 0.6706, 0.0228, 0.0496, 0.0686], [0.0927, 0.0298, 0.0211, 0.6383, 0.0416, 0.0941, 0.0823], [0.0411, 0.0749, 0.0382, 0.6724, 0.0816, 0.0485, 0.0433], [0.0662, 0.061, 0.0333, 0.6878, 0.0609, 0.0462, 0.0445], [0.0521, 0.0493, 0.0598, 0.6781, 0.043, 0.0608, 0.057], [0.0856, 0.0196, 0.0226, 0.711, 0.0266, 0.0339, 0.1007], [0.0242, 0.0806, 0.0342, 0.7209, 0.0596, 0.0432, 0.0374], [0.0746, 0.0877, 0.0358, 0.7032, 0.0388, 0.0256, 0.0343], [0.0244, 0.046, 0.0559, 0.6686, 0.0532, 0.0881, 0.0639], [0.0435, 0.067, 0.039, 0.7202, 0.0419, 0.0516, 0.0368], [0.0315, 0.0319, 0.0406, 0.7734, 0.0556, 0.0211, 0.0459], [0.0324, 0.0701, 0.0802, 0.6175, 0.0603, 0.0764, 0.0631], [0.0343, 0.071, 0.0833, 0.6302, 0.0754, 0.0661, 0.0397], [0.079, 0.0856, 0.038, 0.6827, 0.0274, 0.0435, 0.0438], [0.0321, 0.0423, 0.0705, 0.7389, 0.0397, 0.0342, 0.0423], [0.0622, 0.0286, 0.0685, 0.7063, 0.0683, 0.0429, 0.0234], [0.0671, 0.0516, 0.0592, 0.6908, 0.0365, 0.0274, 0.0674], [0.0744, 0.0515, 0.0301, 0.722, 0.0296, 0.0257, 0.0667], [0.0762, 0.035, 0.0168, 0.7237, 0.0125, 0.0776, 0.0582], [0.0461, 0.0906, 0.0269, 0.6781, 0.0731, 0.0331, 0.0521], [0.0924, 0.0512, 0.0874, 0.6339, 0.0538, 0.0577, 0.0235], [0.0279, 0.0571, 0.0673, 0.6708, 0.0605, 0.0377, 0.0787], [0.0582, 0.0533, 0.0841, 0.6063, 0.0769, 0.0708, 0.0505], [0.0218, 0.0216, 0.06, 0.7409, 0.0415, 0.0674, 0.0468], [0.0203, 0.0475, 0.0755, 0.729, 0.0193, 0.0426, 0.0658], [0.0221, 0.0607, 0.049, 0.7401, 0.0252, 0.0606, 0.0423], [0.0218, 0.0703, 0.0524, 0.7008, 0.0297, 0.0651, 0.06], [0.027, 0.0365, 0.0724, 0.6451, 0.078, 0.095, 0.046], [0.0135, 0.0575, 0.0338, 0.7227, 0.0617, 0.0356, 0.0752], [0.0149, 0.0636, 0.0376, 0.7621, 0.0144, 0.0572, 0.0503], [0.0598, 0.102, 0.0158, 0.6968, 0.067, 0.0391, 0.0194], [0.0633, 0.0675, 0.0687, 0.6552, 0.0653, 0.0689, 0.0111], [0.0202, 0.0314, 0.0463, 0.7568, 0.0386, 0.0911, 0.0156], [0.0391, 0.0608, 0.0162, 0.8151, 0.0159, 0.0339, 0.0191], [0.0569, 0.0857, 0.0496, 0.5859, 0.0815, 0.0792, 0.0612], [0.0344, 0.0611, 0.0641, 0.7252, 0.0253, 0.0571, 0.0329], [0.022, 0.0699, 0.0182, 0.7283, 0.0346, 0.0716, 0.0553], [0.0377, 0.0217, 0.0537, 0.6625, 0.071, 0.0811, 0.0723], [0.027, 0.0248, 0.0632, 0.7405, 0.0424, 0.0193, 0.0827], [0.0917, 0.0282, 0.0859, 0.6047, 0.0665, 0.0323, 0.0909], [0.0343, 0.0921, 0.0699, 0.7097, 0.0237, 0.0253, 0.0451], [0.0722, 0.0746, 0.0341, 0.657, 0.0747, 0.0438, 0.0437]], "emotions": ["green", "green", "green", "green", "green", "green", "green", "green", "green", "green", "green", "green", "green", "green", "green", "green", "green", "green", "green", "green", "green", "green", "green", "green", "green", "green", "green", "green", "green", "green", "green", "green", "green", "green", "green", "green", "green", "green", "green", "green", "green", "green", "green", "green", "green", "green", "green", "green", "green", "green", "green", "green", "green", "green", "green", "green", "green", "green", "green", "green", "green", "green", "green", "green", "green", "green", "green", "green", "green", "green", "green", "green", "green", "green", "green", "green", "green", "green", "green", "green"], "timestamps": [0, 40, 80, 120, 160, 200, 240, 280, 320, 360, 400, 440, 480, 520, 560, 600, 640, 680, 720, 760, 800, 840, 880, 920, 960, 1000, 1040, 1080, 1120, 1160, 1200, 1240, 1280, 1320, 1360, 1400, 1440, 1480, 1520, 1560, 1600, 1640, 1680, 1720, 1760, 1800, 1840, 1880, 1920, 1960, 2000, 2040, 2080, 2120, 2160, 2200, 2240, 2280, 2320, 2360, 2400, 2440, 2480, 2520, 2560, 2600, 2640, 2680, 2720, 2760, 2800, 2840, 2880, 2920, 2960, 3000, 3040, 3080, 3120, 3160]}], "conversation": [], "conversation_timestamps": []}