{"agent_id": "agent-red-1671", "type": "red", "trips": [{"trip_id": 0, "transport_method": "foot", "start_time": 0, "path": [[1.5423985, 42.5123707], [1.5413616, 42.5123658], [1.5403264, 42.5124024], [1.5393425, 42.5125812], [1.5393162, 42.5125223], [1.5385578, 42.5126146], [1.5375315, 42.5127922], [1.5365326, 42.5130873], [1.5355453, 42.5133818], [1.5345157, 42.5135465], [1.5335063, 42.5137942], [1.5325418, 42.514163], [1.5317725, 42.5148476], [1.5313088, 42.5152368], [1.5304665, 42.5158494], [1.5295653, 42.5163485], [1.5286338, 42.5166599], [1.5277355, 42.5169681], [1.526786, 42.5173985], [1.5258809, 42.5178949], [1.5250835, 42.5185653], [1.5242506, 42.5191923], [1.5238717, 42.5201174], [1.5233839, 42.5210376], [1.5226522, 42.5217587], [1.5219216, 42.5224794], [1.5214994, 42.523422], [1.5208573, 42.524241], [1.5207338, 42.5252188], [1.5207374, 42.5262387], [1.5205843, 42.5272376], [1.5210392, 42.5281369], [1.5215139, 42.5289952], [1.521807, 42.5296765], [1.5212398, 42.5305019], [1.5209885, 42.5313046], [1.5211902, 42.5322446], [1.5210682, 42.5331448], [1.5209432, 42.5339303], [1.5215863, 42.5346635], [1.522377, 42.5352955], [1.5230346, 42.5361012], [1.5238314, 42.5366063], [1.5248553, 42.5367963], [1.5251759, 42.5374042], [1.5243113, 42.5375941], [1.5233855, 42.5380582], [1.5231562, 42.5389841], [1.5232223, 42.5400178], [1.5235025, 42.5407002], [1.5230899, 42.5413048], [1.5229111, 42.5422777], [1.5231453, 42.543273], [1.5235827, 42.5442089], [1.5240188, 42.545143], [1.5245463, 42.5460405], [1.5246953, 42.5470075], [1.5249366, 42.5479617], [1.5253874, 42.5488707], [1.525908, 42.5497708], [1.5264477, 42.5506629], [1.5263674, 42.550608], [1.5257991, 42.5497361], [1.5254513, 42.5490866], [1.5257639, 42.5500813], [1.5260765, 42.5510759], [1.5265983, 42.5519187], [1.5274097, 42.5525705], [1.5282198, 42.5532251], [1.5284305, 42.5533331], [1.5278956, 42.5524381], [1.5283679, 42.553076], [1.5286378, 42.5534749], [1.5284238, 42.5524922], [1.5282157, 42.5524999], [1.5291509, 42.5528509], [1.5301925, 42.5528618], [1.5312035, 42.5530935], [1.5316742, 42.5536272], [1.5306496, 42.5537326]], "mood_vectors": [[0.6862, 0.0771, 0.0286, 0.0548, 0.0673, 0.034, 0.0519], [0.7025, 0.0588, 0.0156, 0.05, 0.0137, 0.0736, 0.0859], [0.7407, 0.0167, 0.0208, 0.014, 0.0475, 0.0846, 0.0758], [0.6916, 0.0179, 0.0181, 0.0665, 0.0565, 0.0887, 0.0607], [0.6568, 0.0827, 0.0374, 0.0853, 0.0602, 0.0348, 0.0429], [0.6714, 0.0855, 0.0301, 0.0231, 0.0799, 0.0765, 0.0335], [0.6368, 0.0813, 0.0706, 0.0659, 0.0734, 0.0164, 0.0556], [0.7218, 0.0652, 0.0395, 0.0481, 0.0383, 0.0149, 0.0722], [0.754, 0.0684, 0.0201, 0.0122, 0.048, 0.0702, 0.027], [0.7223, 0.0433, 0.038, 0.0145, 0.0669, 0.0541, 0.0608], [0.783, 0.0331, 0.0693, 0.0396, 0.0116, 0.0384, 0.025], [0.7376, 0.0487, 0.0395, 0.0152, 0.0521, 0.0445, 0.0624], [0.726, 0.0186, 0.0328, 0.0754, 0.0197, 0.0796, 0.0479], [0.6929, 0.0782, 0.0233, 0.0412, 0.0883, 0.0593, 0.0168], [0.7188, 0.0248, 0.0368, 0.0189, 0.0667, 0.0471, 0.0868], [0.6273, 0.0923, 0.0351, 0.0736, 0.0794, 0.0353, 0.057], [0.673, 0.0394, 0.064, 0.0452, 0.0706, 0.065, 0.0428], [0.7189, 0.0577, 0.0318, 0.0671, 0.0691, 0.0388, 0.0167], [0.7572, 0.0364, 0.0214, 0.0177, 0.0346, 0.056, 0.0768], [0.6653, 0.0306, 0.0442, 0.0498, 0.0672, 0.0709, 0.072], [0.6674, 0.0653, 0.0227, 0.0429, 0.0498, 0.0855, 0.0664], [0.649, 0.0965, 0.0868, 0.0416, 0.0626, 0.0267, 0.0369], [0.7088, 0.0249, 0.0428, 0.0564, 0.0542, 0.0679, 0.045], [0.7213, 0.0352, 0.0327, 0.0649, 0.0694, 0.0191, 0.0574], [0.6136, 0.0803, 0.09, 0.0355, 0.0505, 0.0864, 0.0436], [0.7529, 0.0157, 0.0673, 0.035, 0.0195, 0.0728, 0.0368], [0.6284, 0.0798, 0.0621, 0.0789, 0.0527, 0.0245, 0.0734], [0.6799, 0.0624, 0.015, 0.081, 0.089, 0.0568, 0.0159], [0.6936, 0.0679, 0.0151, 0.0498, 0.0737, 0.0283, 0.0716], [0.6871, 0.0632, 0.0346, 0.0737, 0.0257, 0.038, 0.0776], [0.6758, 0.0574, 0.0494, 0.0243, 0.0783, 0.0742, 0.0405], [0.6931, 0.0707, 0.0137, 0.0746, 0.0746, 0.0362, 0.0371], [0.758, 0.0251, 0.0331, 0.0771, 0.0695, 0.0171, 0.0202], [0.754, 0.0555, 0.0166, 0.014, 0.0178, 0.0555, 0.0866], [0.6924, 0.0316, 0.0822, 0.0331, 0.0662, 0.0349, 0.0597], [0.6724, 0.0754, 0.0146, 0.0413, 0.0618, 0.0638, 0.0708], [0.7037, 0.0682, 0.0592, 0.039, 0.0689, 0.0128, 0.0482], [0.7178, 0.0505, 0.02, 0.0981, 0.0183, 0.0288, 0.0665], [0.6688, 0.0914, 0.0641, 0.0342, 0.0279, 0.0892, 0.0244], [0.7624, 0.0226, 0.0635, 0.0589, 0.0609, 0.0136, 0.018], [0.7194, 0.0499, 0.0216, 0.0525, 0.0518, 0.083, 0.0219], [0.6961, 0.0509, 0.0457, 0.0767, 0.0733, 0.0392, 0.0181], [0.6267, 0.0842, 0.0832, 0.0725, 0.019, 0.0265, 0.0879], [0.7676, 0.0335, 0.0247, 0.0674, 0.0192, 0.0706, 0.0171], [0.6254, 0.0871, 0.0761, 0.0531, 0.0426, 0.0708, 0.045], [0.6455, 0.0419, 0.072, 0.0381, 0.041, 0.0901, 0.0714], [0.6363, 0.0996, 0.0897, 0.0329, 0.0582, 0.0578, 0.0255], [0.6098, 0.0919, 0.0564, 0.0496, 0.0784, 0.0737, 0.0401], [0.7312, 0.0685, 0.0548, 0.0368, 0.0291, 0.0221, 0.0575], [0.6117, 0.0316, 0.0571, 0.0913, 0.0806, 0.0373, 0.0903], [0.6842, 0.0863, 0.0374, 0.0328, 0.0742, 0.0384, 0.0466], [0.6301, 0.052, 0.0849, 0.0814, 0.0146, 0.0973, 0.0397], [0.69, 0.0186, 0.0641, 0.0444, 0.0721, 0.062, 0.0488], [0.7299, 0.0276, 0.0146, 0.0556, 0.0284, 0.0847, 0.0592], [0.7531, 0.0166, 0.0295, 0.0395, 0.0857, 0.0402, 0.0354], [0.649, 0.0646, 0.0646, 0.0334, 0.065, 0.0624, 0.061], [0.6981, 0.0173, 0.0328, 0.0867, 0.0906, 0.031, 0.0435], [0.744, 0.0212, 0.0448, 0.0383, 0.0329, 0.0354, 0.0836], [0.6688, 0.06, 0.0835, 0.0223, 0.0569, 0.0825, 0.026], [0.7069, 0.0661, 0.0298, 0.0424, 0.0565, 0.0675, 0.0308], [0.6244, 0.0421, 0.0546, 0.0736, 0.0554, 0.0809, 0.0691], [0.6805, 0.0729, 0.0371, 0.0636, 0.0535, 0.0474, 0.0448], [0.6429, 0.0667, 0.0656, 0.0593, 0.0416, 0.0588, 0.065], [0.6408, 0.0761, 0.0657, 0.0671, 0.0723, 0.0609, 0.0171], [0.715, 0.0261, 0.0166, 0.0569, 0.0616, 0.0177, 0.1061], [0.5699, 0.0472, 0.0784, 0.0571, 0.072, 0.0928, 0.0826], [0.7698, 0.057, 0.0431, 0.0563, 0.0319, 0.0245, 0.0174], [0.7387, 0.069, 0.0496, 0.0237, 0.0585, 0.0349, 0.0256], [0.7303, 0.0824, 0.0186, 0.0219, 0.0341, 0.0727, 0.0399], [0.7179, 0.0574, 0.0398, 0.0124, 0.0755, 0.0751, 0.0218], [0.6265, 0.0586, 0.0442, 0.0891, 0.0513, 0.0835, 0.0469], [0.7322, 0.0805, 0.0389, 0.0532, 0.0499, 0.0213, 0.024], [0.7687, 0.0319, 0.0412, 0.0384, 0.0516, 0.0457, 0.0225], [0.7586, 0.0306, 0.0434, 0.0592, 0.0323, 0.0268, 0.0491], [0.668, 0.0719, 0.0627, 0.0517, 0.0132, 0.0712, 0.0613], [0.6353, 0.0443, 0.03, 0.0756, 0.0828, 0.0582, 0.0739], [0.7142, 0.0565, 0.0451, 0.0188, 0.0589, 0.0376, 0.0688], [0.5898, 0.0531, 0.0754, 0.0916, 0.0467, 0.0832, 0.0602], [0.6323, 0.0571, 0.0822, 0.0304, 0.0621, 0.0763, 0.0596], [0.7428, 0.0487, 0.0303, 0.0781, 0.0318, 0.0499, 0.0183]], "emotions": ["red", "red", "red", "red", "red", "red", "red", "red", "red", "red", "red", "red", "red", "red", "red", "red", "red", "red", "red", "red", "red", "red", "red", "red", "red", "red", "red", "red", "red", "red", "red", "red", "red", "red", "red", "red", "red", "red", "red", "red", "red", "red", "red", "red", "red", "red", "red", "red", "red", "red", "red", "red", "red", "red", "red", "red", "red", "red", "red", "red", "red", "red", "red", "red", "red", "red", "red", "red", "red", "red", "red", "red", "red", "red", "red", "red", "red", "red", "red", "red"], "timestamps": [0, 40, 80, 120, 160, 200, 240, 280, 320, 360, 400, 440, 480, 520, 560, 600, 640, 680, 720, 760, 800, 840, 880, 920, 960, 1000, 1040, 1080, 1120, 1160, 1200, 1240, 1280, 1320, 1360, 1400, 1440, 1480, 1520, 1560, 1600, 1640, 1680, 1720, 1760, 1800, 1840, 1880, 1920, 1960, 2000, 2040, 2080, 2120, 2160, 2200, 2240, 2280, 2320, 2360, 2400, 2440, 2480, 2520, 2560, 2600, 2640, 2680, 2720, 2760, 2800, 2840, 2880, 2920, 2960, 3000, 3040, 3080, 3120, 3160]}], "conversation": [], "conversation_timestamps": []}