{"agent_id": "agent-purple-919", "type": "purple", "trips": [{"trip_id": 0, "transport_method": "foot", "start_time": 0, "path": [[1.5174551, 42.5009887], [1.5186347, 42.5009766], [1.5197742, 42.5013398], [1.520099, 42.5024693], [1.5210164, 42.5032533], [1.5214652, 42.5042709], [1.522088, 42.5050753], [1.5217521, 42.5062405], [1.5223245, 42.506848], [1.5229944, 42.5077093], [1.5242157, 42.5077752], [1.5254133, 42.5080715], [1.5265192, 42.5084922], [1.5277173, 42.5087035], [1.5286467, 42.5095098], [1.5295273, 42.5103466], [1.5298289, 42.5112957], [1.5308529, 42.5118908], [1.5305259, 42.5129401], [1.5304004, 42.5140976], [1.5295818, 42.5149431], [1.5287697, 42.5158552], [1.5276996, 42.5164732], [1.5266295, 42.5170912], [1.5270045, 42.5169494], [1.528079, 42.5163871], [1.5287668, 42.5158677], [1.5277306, 42.516541], [1.5266944, 42.5172143], [1.5256582, 42.5178877], [1.5246349, 42.5185549], [1.5255916, 42.5177956], [1.5259862, 42.5175211], [1.524981, 42.5182399], [1.5239743, 42.5189537], [1.523771, 42.5201593], [1.5232369, 42.5212708], [1.5222693, 42.5220281], [1.5217045, 42.5231031], [1.5209582, 42.5240834], [1.5207348, 42.5252246], [1.5206596, 42.5264218], [1.5207422, 42.5275736], [1.5212865, 42.5286177], [1.5219843, 42.5294805], [1.5212583, 42.5304331], [1.5209387, 42.5314151], [1.5213417, 42.5325207], [1.5207325, 42.5334841], [1.5212843, 42.5345068], [1.5222937, 42.5351729], [1.523065, 42.5361343], [1.5240669, 42.5366406], [1.5249954, 42.5369738], [1.5247245, 42.5375787], [1.5235858, 42.5379611], [1.5231536, 42.5389521], [1.5232325, 42.5401783], [1.5234004, 42.5407142], [1.5228441, 42.5417922], [1.523017, 42.5429994], [1.5235258, 42.5441161], [1.5240656, 42.5452128], [1.5246774, 42.5462846], [1.5246716, 42.5474757], [1.5253054, 42.5485005], [1.5258116, 42.5496115], [1.5264513, 42.5506688], [1.5262514, 42.5504449], [1.5256232, 42.5493844], [1.5256271, 42.549646], [1.5259976, 42.5508249], [1.5265542, 42.5518643], [1.5275083, 42.5526441], [1.5284381, 42.5534537], [1.5291711, 42.5544417], [1.530157, 42.5551529], [1.5312906, 42.5556415], [1.5325113, 42.5556297], [1.5337299, 42.5556248]], "mood_vectors": [[0.0891, 0.0668, 0.052, 0.0395, 0.0255, 0.7141, 0.013], [0.0533, 0.0776, 0.0454, 0.0227, 0.0287, 0.7379, 0.0343], [0.0347, 0.0927, 0.0672, 0.0707, 0.0532, 0.6206, 0.061], [0.0422, 0.0508, 0.0559, 0.0476, 0.0135, 0.7293, 0.0607], [0.06, 0.0506, 0.0614, 0.051, 0.016, 0.7342, 0.0268], [0.0475, 0.0733, 0.0562, 0.032, 0.075, 0.6495, 0.0665], [0.0848, 0.0434, 0.0526, 0.0652, 0.0481, 0.6287, 0.0773], [0.0758, 0.0727, 0.0815, 0.0269, 0.0389, 0.6916, 0.0125], [0.0223, 0.0563, 0.0276, 0.0687, 0.0663, 0.7011, 0.0577], [0.0704, 0.0529, 0.0122, 0.045, 0.0539, 0.6954, 0.0702], [0.0242, 0.0582, 0.066, 0.0674, 0.0224, 0.6896, 0.0721], [0.0782, 0.0396, 0.0669, 0.0352, 0.0208, 0.7135, 0.0457], [0.0785, 0.0517, 0.017, 0.0211, 0.0278, 0.7157, 0.0883], [0.0207, 0.0571, 0.0195, 0.0483, 0.0755, 0.704, 0.0749], [0.0786, 0.0211, 0.0828, 0.0543, 0.0276, 0.6929, 0.0426], [0.021, 0.0485, 0.0479, 0.0199, 0.0364, 0.8064, 0.0199], [0.0146, 0.0815, 0.0229, 0.0644, 0.0693, 0.7247, 0.0226], [0.0696, 0.0819, 0.0406, 0.081, 0.0486, 0.6342, 0.0441], [0.0315, 0.0228, 0.0644, 0.0383, 0.0415, 0.7319, 0.0697], [0.0605, 0.0191, 0.0497, 0.0315, 0.0486, 0.772, 0.0187], [0.0443, 0.0766, 0.0169, 0.039, 0.0608, 0.7443, 0.018], [0.0495, 0.0257, 0.0794, 0.0678, 0.0421, 0.7019, 0.0336], [0.0521, 0.0589, 0.0377, 0.0328, 0.0286, 0.7232, 0.0666], [0.0334, 0.0694, 0.076, 0.077, 0.0682, 0.6336, 0.0424], [0.02, 0.014, 0.0483, 0.0843, 0.0287, 0.7434, 0.0613], [0.0241, 0.0589, 0.0649, 0.0147, 0.0471, 0.7431, 0.0473], [0.0276, 0.0408, 0.0489, 0.0944, 0.0193, 0.7124, 0.0566], [0.0691, 0.0862, 0.0328, 0.0149, 0.0337, 0.6834, 0.0799], [0.0598, 0.0682, 0.0881, 0.0829, 0.0274, 0.5894, 0.0842], [0.0629, 0.032, 0.0771, 0.0587, 0.0738, 0.6214, 0.0742], [0.0195, 0.0805, 0.0228, 0.0945, 0.0293, 0.728, 0.0254], [0.071, 0.0743, 0.078, 0.0803, 0.0343, 0.6432, 0.0187], [0.0807, 0.0347, 0.0657, 0.0269, 0.0663, 0.6484, 0.0773], [0.0771, 0.0274, 0.0782, 0.0683, 0.0422, 0.648, 0.0589], [0.0223, 0.0448, 0.0905, 0.0456, 0.0953, 0.6602, 0.0412], [0.0571, 0.038, 0.0212, 0.0292, 0.0338, 0.7824, 0.0384], [0.0366, 0.0203, 0.0963, 0.0177, 0.0302, 0.6987, 0.1003], [0.0167, 0.0649, 0.0378, 0.0353, 0.0211, 0.7952, 0.029], [0.0433, 0.0292, 0.0714, 0.0793, 0.0425, 0.6734, 0.061], [0.0374, 0.0624, 0.0254, 0.0925, 0.0367, 0.6537, 0.0918], [0.0421, 0.0626, 0.0411, 0.0208, 0.1027, 0.6909, 0.04], [0.0184, 0.0426, 0.0305, 0.113, 0.026, 0.7221, 0.0476], [0.0238, 0.0489, 0.0638, 0.078, 0.0262, 0.7316, 0.0279], [0.027, 0.0682, 0.0197, 0.0516, 0.0481, 0.7226, 0.0629], [0.0231, 0.0403, 0.029, 0.0384, 0.034, 0.7713, 0.0639], [0.0338, 0.0379, 0.0771, 0.023, 0.0501, 0.745, 0.0331], [0.0204, 0.0684, 0.0428, 0.0289, 0.0627, 0.701, 0.0759], [0.0356, 0.0493, 0.0324, 0.0482, 0.0242, 0.7462, 0.0642], [0.0524, 0.0679, 0.0602, 0.0227, 0.0135, 0.7174, 0.066], [0.0299, 0.0271, 0.0475, 0.0727, 0.0309, 0.7586, 0.0333], [0.0536, 0.0273, 0.0621, 0.0482, 0.0586, 0.685, 0.0652], [0.0699, 0.0642, 0.0295, 0.0322, 0.0557, 0.7344, 0.0142], [0.0721, 0.067, 0.0726, 0.0816, 0.0219, 0.6584, 0.0264], [0.064, 0.0515, 0.0736, 0.0337, 0.0532, 0.6727, 0.0513], [0.0436, 0.0341, 0.0255, 0.0211, 0.071, 0.7228, 0.082], [0.0173, 0.0558, 0.0445, 0.0668, 0.0934, 0.7019, 0.0204], [0.0471, 0.0368, 0.0184, 0.069, 0.06, 0.755, 0.0138], [0.0636, 0.0163, 0.0197, 0.0409, 0.0554, 0.7144, 0.0898], [0.0278, 0.024, 0.0791, 0.0285, 0.0537, 0.7142, 0.0728], [0.0624, 0.0406, 0.0488, 0.052, 0.0307, 0.6922, 0.0734], [0.0369, 0.0945, 0.0337, 0.0645, 0.0162, 0.7331, 0.0212], [0.014, 0.0815, 0.0343, 0.0773, 0.0726, 0.6485, 0.0718], [0.0341, 0.0132, 0.0199, 0.0451, 0.0377, 0.8026, 0.0473], [0.053, 0.0167, 0.0256, 0.0328, 0.019, 0.7584, 0.0945], [0.0206, 0.0173, 0.0216, 0.0792, 0.0665, 0.7125, 0.0823], [0.0608, 0.0471, 0.0483, 0.0144, 0.0498, 0.7208, 0.0588], [0.0545, 0.056, 0.0238, 0.0288, 0.0279, 0.7542, 0.0547], [0.0742, 0.0648, 0.0158, 0.0439, 0.0377, 0.7156, 0.0479], [0.0439, 0.0153, 0.025, 0.0614, 0.0252, 0.7742, 0.055], [0.057, 0.0538, 0.0329, 0.0845, 0.0555, 0.672, 0.0443], [0.0465, 0.0787, 0.0844, 0.0636, 0.0367, 0.6422, 0.0478], [0.0399, 0.0629, 0.0651, 0.0667, 0.0497, 0.6644, 0.0512], [0.0147, 0.0255, 0.016, 0.0769, 0.0217, 0.7627, 0.0826], [0.0558, 0.0485, 0.0595, 0.0763, 0.0153, 0.7253, 0.0193], [0.0828, 0.0672, 0.0181, 0.0121, 0.0714, 0.7149, 0.0336], [0.0213, 0.0588, 0.0688, 0.0764, 0.074, 0.6562, 0.0445], [0.0294, 0.0549, 0.0516, 0.0677, 0.0332, 0.7377, 0.0257], [0.0682, 0.0141, 0.0334, 0.0733, 0.041, 0.6943, 0.0758], [0.0771, 0.0436, 0.056, 0.0536, 0.0326, 0.6911, 0.046], [0.0645, 0.0622, 0.0162, 0.0128, 0.0375, 0.7643, 0.0426]], "emotions": ["purple", "purple", "purple", "purple", "purple", "purple", "purple", "purple", "purple", "purple", "purple", "purple", "purple", "purple", "purple", "purple", "purple", "purple", "purple", "purple", "purple", "purple", "purple", "purple", "purple", "purple", "purple", "purple", "purple", "purple", "purple", "purple", "purple", "purple", "purple", "purple", "purple", "purple", "purple", "purple", "purple", "purple", "purple", "purple", "purple", "purple", "purple", "purple", "purple", "purple", "purple", "purple", "purple", "purple", "purple", "purple", "purple", "purple", "purple", "purple", "purple", "purple", "purple", "purple", "purple", "purple", "purple", "purple", "purple", "purple", "purple", "purple", "purple", "purple", "purple", "purple", "purple", "purple", "purple", "purple"], "timestamps": [0, 40, 80, 120, 160, 200, 240, 280, 320, 360, 400, 440, 480, 520, 560, 600, 640, 680, 720, 760, 800, 840, 880, 920, 960, 1000, 1040, 1080, 1120, 1160, 1200, 1240, 1280, 1320, 1360, 1400, 1440, 1480, 1520, 1560, 1600, 1640, 1680, 1720, 1760, 1800, 1840, 1880, 1920, 1960, 2000, 2040, 2080, 2120, 2160, 2200, 2240, 2280, 2320, 2360, 2400, 2440, 2480, 2520, 2560, 2600, 2640, 2680, 2720, 2760, 2800, 2840, 2880, 2920, 2960, 3000, 3040, 3080, 3120, 3160]}], "conversation": [], "conversation_timestamps": []}