{"agent_id": "agent-red-126", "type": "red", "trips": [{"trip_id": 0, "transport_method": "foot", "start_time": 0, "path": [[1.522327, 42.5087522], [1.5260206, 42.5082333], [1.5295144, 42.5090463], [1.533618, 42.509875], [1.5379506, 42.5100436], [1.5418438, 42.5089425], [1.5453476, 42.5093592], [1.5467454, 42.5110419], [1.5503729, 42.512121], [1.5516202, 42.5130263], [1.5533903, 42.5159264], [1.5563276, 42.518784], [1.559347, 42.5218338], [1.5619212, 42.5236409], [1.5656648, 42.5255737], [1.569308, 42.5279056], [1.5730035, 42.529616], [1.5764172, 42.5316261], [1.5780313, 42.531745], [1.582382, 42.5316961], [1.585976, 42.5339774], [1.5895706, 42.5356047], [1.593774, 42.536188], [1.5974828, 42.536345], [1.6017709, 42.536873], [1.6058238, 42.5367843], [1.6099736, 42.5361937], [1.6142405, 42.5365453], [1.6184826, 42.5371198], [1.6164199, 42.5353125], [1.6196174, 42.5357629], [1.6239216, 42.5351797], [1.6260104, 42.5373019], [1.6263117, 42.5383881], [1.6252031, 42.5381271], [1.6289634, 42.5387815], [1.6332447, 42.5390994], [1.637478, 42.5396918], [1.6414252, 42.5411489], [1.6453106, 42.5420111], [1.649428, 42.5422873], [1.653327, 42.5423011], [1.657333, 42.5408513], [1.6584405, 42.5406015], [1.6574834, 42.5407908], [1.6615374, 42.5393146], [1.665887, 42.5392555], [1.6702389, 42.5392137], [1.6689595, 42.5392119], [1.6646749, 42.5392262], [1.662493, 42.5378975], [1.6642467, 42.5392364], [1.6685976, 42.5391369], [1.6729406, 42.5389702], [1.6751747, 42.5381367], [1.6790878, 42.5399759], [1.6828649, 42.5420603], [1.6840485, 42.5453947], [1.6824419, 42.5485279], [1.6800034, 42.5506596], [1.6812471, 42.5533456], [1.6849552, 42.5549351], [1.6868595, 42.5557659], [1.6879731, 42.5580379], [1.68885, 42.5573135], [1.6917842, 42.5540997], [1.6951546, 42.5513707], [1.6978645, 42.5479949], [1.7012154, 42.545301], [1.7054683, 42.5444847], [1.7098091, 42.5441735], [1.7141573, 42.5440071], [1.7185073, 42.5438756], [1.7228573, 42.5437555], [1.727185, 42.5441212], [1.7312345, 42.5456796], [1.7347143, 42.5469836], [1.7346549, 42.545881], [1.7338072, 42.5436063], [1.7328967, 42.5410417]], "mood_vectors": [[0.7479, 0.0442, 0.0455, 0.0624, 0.0152, 0.0674, 0.0173], [0.7286, 0.0439, 0.0452, 0.055, 0.0412, 0.0301, 0.0561], [0.6284, 0.0613, 0.0925, 0.0874, 0.0367, 0.0372, 0.0565], [0.7106, 0.0243, 0.0621, 0.0527, 0.0427, 0.0358, 0.0719], [0.7985, 0.0152, 0.0151, 0.0259, 0.0583, 0.0679, 0.019], [0.6562, 0.0335, 0.0141, 0.0833, 0.0841, 0.0849, 0.0438], [0.7166, 0.0806, 0.0546, 0.0153, 0.073, 0.0222, 0.0376], [0.7334, 0.0631, 0.0663, 0.0342, 0.0613, 0.027, 0.0147], [0.725, 0.0652, 0.0277, 0.0272, 0.0644, 0.06, 0.0304], [0.6887, 0.074, 0.0772, 0.0255, 0.0235, 0.0152, 0.0959], [0.7209, 0.0458, 0.0357, 0.0422, 0.0262, 0.0743, 0.055], [0.71, 0.0463, 0.0314, 0.0627, 0.0739, 0.0462, 0.0294], [0.6656, 0.0595, 0.0606, 0.0362, 0.0639, 0.0614, 0.0528], [0.6826, 0.071, 0.0643, 0.0614, 0.0247, 0.0643, 0.0317], [0.6365, 0.0408, 0.04, 0.0644, 0.0784, 0.0754, 0.0645], [0.7378, 0.0329, 0.032, 0.0593, 0.0616, 0.0538, 0.0225], [0.7024, 0.0377, 0.0422, 0.0879, 0.0519, 0.05, 0.0279], [0.6828, 0.0309, 0.0359, 0.0374, 0.0936, 0.0629, 0.0566], [0.7184, 0.0612, 0.0359, 0.031, 0.0523, 0.0229, 0.0783], [0.7117, 0.0418, 0.0804, 0.0746, 0.0447, 0.0199, 0.027], [0.6764, 0.0913, 0.0575, 0.0577, 0.0188, 0.084, 0.0142], [0.6449, 0.0557, 0.0541, 0.0298, 0.0709, 0.0713, 0.0733], [0.7786, 0.0576, 0.0416, 0.0381, 0.0507, 0.0148, 0.0185], [0.7103, 0.0273, 0.0508, 0.0592, 0.0609, 0.0452, 0.0463], [0.7687, 0.0448, 0.0724, 0.0387, 0.0331, 0.0114, 0.0309], [0.6401, 0.0314, 0.0182, 0.0554, 0.0929, 0.0928, 0.0692], [0.7437, 0.0522, 0.0237, 0.0459, 0.0287, 0.0513, 0.0546], [0.6281, 0.0824, 0.0643, 0.0659, 0.0784, 0.0353, 0.0457], [0.6359, 0.046, 0.0309, 0.0376, 0.096, 0.0722, 0.0814], [0.6249, 0.089, 0.0325, 0.0608, 0.0405, 0.0946, 0.0576], [0.6654, 0.0867, 0.0388, 0.0438, 0.0581, 0.0501, 0.0571], [0.6839, 0.0391, 0.0497, 0.0511, 0.0324, 0.0564, 0.0874], [0.635, 0.0136, 0.0651, 0.0809, 0.0757, 0.0793, 0.0505], [0.6946, 0.0698, 0.0517, 0.0615, 0.0369, 0.0157, 0.0697], [0.5948, 0.0689, 0.0682, 0.0485, 0.0758, 0.0685, 0.0753], [0.7023, 0.0591, 0.0611, 0.0647, 0.0463, 0.0513, 0.0152], [0.7469, 0.0178, 0.0522, 0.0975, 0.0377, 0.0161, 0.0318], [0.6179, 0.0871, 0.0872, 0.0183, 0.0672, 0.0669, 0.0555], [0.7502, 0.0364, 0.0161, 0.0728, 0.051, 0.0242, 0.0494], [0.7364, 0.0686, 0.0272, 0.0731, 0.0404, 0.015, 0.0392], [0.6957, 0.0801, 0.0228, 0.0322, 0.0617, 0.0536, 0.0539], [0.646, 0.0634, 0.0304, 0.0905, 0.0226, 0.0585, 0.0887], [0.6489, 0.0274, 0.0727, 0.0272, 0.0704, 0.0709, 0.0825], [0.6235, 0.0771, 0.0335, 0.0657, 0.0729, 0.0541, 0.0732], [0.73, 0.0152, 0.0445, 0.0688, 0.0402, 0.0848, 0.0165], [0.6966, 0.0247, 0.039, 0.0433, 0.0838, 0.0755, 0.0371], [0.7717, 0.0547, 0.0313, 0.0626, 0.0184, 0.0224, 0.0389], [0.6015, 0.0866, 0.0913, 0.0686, 0.0839, 0.0475, 0.0208], [0.6746, 0.0288, 0.0376, 0.0741, 0.0701, 0.0766, 0.0383], [0.6507, 0.0203, 0.0412, 0.0771, 0.0821, 0.0922, 0.0363], [0.7184, 0.0734, 0.0473, 0.055, 0.0453, 0.044, 0.0167], [0.6878, 0.0338, 0.0906, 0.0373, 0.0539, 0.062, 0.0346], [0.685, 0.0493, 0.0698, 0.0756, 0.0695, 0.0356, 0.0152], [0.7196, 0.0328, 0.0422, 0.0146, 0.0443, 0.0715, 0.075], [0.6463, 0.0215, 0.0197, 0.0933, 0.0831, 0.0892, 0.047], [0.693, 0.0515, 0.0206, 0.076, 0.0236, 0.0593, 0.076], [0.6858, 0.0997, 0.0176, 0.0718, 0.0182, 0.0524, 0.0545], [0.7052, 0.0488, 0.0685, 0.0812, 0.0346, 0.0235, 0.0382], [0.6759, 0.0707, 0.0589, 0.0607, 0.0609, 0.0356, 0.0373], [0.6828, 0.067, 0.0351, 0.0697, 0.056, 0.0497, 0.0398], [0.655, 0.0331, 0.0813, 0.0551, 0.082, 0.0564, 0.0371], [0.6831, 0.0468, 0.0749, 0.0241, 0.0186, 0.0695, 0.083], [0.6711, 0.0548, 0.0517, 0.0608, 0.0413, 0.0537, 0.0666], [0.6667, 0.0704, 0.0131, 0.0553, 0.0625, 0.0711, 0.0609], [0.7035, 0.0281, 0.0678, 0.0608, 0.0575, 0.0631, 0.0193], [0.7011, 0.0441, 0.0488, 0.0624, 0.0283, 0.0496, 0.0657], [0.7549, 0.0319, 0.0722, 0.032, 0.0233, 0.0481, 0.0376], [0.6475, 0.0566, 0.0696, 0.0758, 0.0242, 0.0724, 0.054], [0.6368, 0.0675, 0.0727, 0.0684, 0.0774, 0.0211, 0.0562], [0.7334, 0.0209, 0.0656, 0.0326, 0.0482, 0.0719, 0.0275], [0.7517, 0.0643, 0.0325, 0.0418, 0.0254, 0.0491, 0.0353], [0.715, 0.0251, 0.0255, 0.0515, 0.0378, 0.0509, 0.0941], [0.6748, 0.0423, 0.055, 0.0268, 0.0696, 0.055, 0.0764], [0.7178, 0.0414, 0.0487, 0.0551, 0.0478, 0.0578, 0.0313], [0.7127, 0.0445, 0.0669, 0.0554, 0.0597, 0.0492, 0.0116], [0.7427, 0.0483, 0.0243, 0.0351, 0.0598, 0.0679, 0.0219], [0.6454, 0.0564, 0.0619, 0.0597, 0.0575, 0.0926, 0.0264], [0.5726, 0.0778, 0.0677, 0.0681, 0.0713, 0.0662, 0.0763], [0.7036, 0.024, 0.0474, 0.0681, 0.0718, 0.0437, 0.0415], [0.6645, 0.0495, 0.0196, 0.0577, 0.0771, 0.0659, 0.0657]], "emotions": ["red", "red", "red", "red", "red", "red", "red", "red", "red", "red", "red", "red", "red", "red", "red", "red", "red", "red", "red", "red", "red", "red", "red", "red", "red", "red", "red", "red", "red", "red", "red", "red", "red", "red", "red", "red", "red", "red", "red", "red", "red", "red", "red", "red", "red", "red", "red", "red", "red", "red", "red", "red", "red", "red", "red", "red", "red", "red", "red", "red", "red", "red", "red", "red", "red", "red", "red", "red", "red", "red", "red", "red", "red", "red", "red", "red", "red", "red", "red", "red"], "timestamps": [0, 40, 80, 120, 160, 200, 240, 280, 320, 360, 400, 440, 480, 520, 560, 600, 640, 680, 720, 760, 800, 840, 880, 920, 960, 1000, 1040, 1080, 1120, 1160, 1200, 1240, 1280, 1320, 1360, 1400, 1440, 1480, 1520, 1560, 1600, 1640, 1680, 1720, 1760, 1800, 1840, 1880, 1920, 1960, 2000, 2040, 2080, 2120, 2160, 2200, 2240, 2280, 2320, 2360, 2400, 2440, 2480, 2520, 2560, 2600, 2640, 2680, 2720, 2760, 2800, 2840, 2880, 2920, 2960, 3000, 3040, 3080, 3120, 3160]}], "conversation": [], "conversation_timestamps": []}