{"agent_id": "agent-blue-1565", "type": "blue", "trips": [{"trip_id": 0, "transport_method": "bus", "start_time": 0, "path": [[1.5362098, 42.5552216], [1.5354848, 42.5561434], [1.5346071, 42.5564679], [1.5335042, 42.5558977], [1.5328767, 42.5556165], [1.5316274, 42.5557117], [1.5304533, 42.5552846], [1.5293661, 42.5546743], [1.5286206, 42.5536687], [1.5276809, 42.5528348], [1.5267412, 42.552001], [1.5271981, 42.5524118], [1.5281828, 42.5531902], [1.5282521, 42.5532641], [1.527401, 42.55234], [1.5265499, 42.5514158], [1.5262501, 42.5504431], [1.525613, 42.5493639], [1.5251598, 42.548202], [1.5246828, 42.5471232], [1.5247067, 42.5462825], [1.5240609, 42.5452057], [1.5235128, 42.5440901], [1.5232829, 42.5435877], [1.5229284, 42.5424063], [1.5231378, 42.541236], [1.523493, 42.5408102], [1.5231824, 42.5396253], [1.523169, 42.5383842], [1.5241183, 42.537694], [1.5251791, 42.5374083], [1.5246511, 42.5367542], [1.523445, 42.5364429], [1.5226116, 42.5356277], [1.5217661, 42.5347339], [1.5209287, 42.5339155], [1.5212056, 42.532964], [1.5209699, 42.5318551], [1.5213424, 42.5307488], [1.5216822, 42.5297876], [1.5214865, 42.5289577], [1.5209664, 42.5278896], [1.5206796, 42.526761], [1.5207877, 42.5256173], [1.5206316, 42.5268277], [1.5206606, 42.5268472], [1.5207384, 42.5255933], [1.5207781, 42.5243836], [1.5215308, 42.5233823], [1.522062, 42.5222563], [1.5230397, 42.5214801], [1.5236, 42.5203794], [1.523795, 42.5200666], [1.5233971, 42.5209802], [1.5238614, 42.5198128], [1.5243796, 42.5186845], [1.5253972, 42.518002], [1.5263404, 42.5172312], [1.527417, 42.516655], [1.5285523, 42.5161426], [1.5293736, 42.5152043], [1.5302893, 42.5143714], [1.5303747, 42.5131905], [1.530981, 42.5121244], [1.5299725, 42.5115036], [1.5295875, 42.5105656], [1.5287953, 42.509632], [1.5290793, 42.5098618], [1.5288279, 42.5096702], [1.5279029, 42.5088216], [1.5267177, 42.5085131], [1.5255836, 42.5081261], [1.5243731, 42.5077961], [1.5231408, 42.5077908], [1.521934, 42.5076884], [1.5207523, 42.5074977], [1.5195594, 42.507285], [1.5185231, 42.5068706], [1.5173196, 42.5065569], [1.5160718, 42.5064204]], "mood_vectors": [[0.0747, 0.0694, 0.0705, 0.609, 0.0844, 0.0326, 0.0594], [0.0191, 0.0838, 0.0419, 0.7275, 0.0163, 0.0296, 0.0818], [0.0558, 0.0826, 0.051, 0.6421, 0.0422, 0.0584, 0.0679], [0.031, 0.0709, 0.0412, 0.6892, 0.0539, 0.0479, 0.066], [0.0314, 0.0165, 0.081, 0.7791, 0.0242, 0.0461, 0.0217], [0.0357, 0.0607, 0.0282, 0.7058, 0.0564, 0.0542, 0.059], [0.0489, 0.0397, 0.0215, 0.7268, 0.076, 0.0208, 0.0663], [0.0775, 0.0749, 0.0266, 0.6241, 0.0534, 0.0755, 0.0679], [0.0557, 0.0175, 0.088, 0.682, 0.0954, 0.0268, 0.0346], [0.0478, 0.0534, 0.0827, 0.6709, 0.0364, 0.0947, 0.0141], [0.0423, 0.0527, 0.0504, 0.7457, 0.0376, 0.0511, 0.0203], [0.047, 0.0292, 0.0858, 0.6726, 0.0201, 0.0963, 0.0491], [0.042, 0.0599, 0.0303, 0.7193, 0.0554, 0.0452, 0.0479], [0.0651, 0.0623, 0.049, 0.7324, 0.053, 0.0157, 0.0224], [0.0778, 0.0224, 0.0293, 0.7322, 0.0523, 0.0284, 0.0576], [0.0588, 0.0387, 0.0301, 0.7762, 0.0457, 0.0285, 0.022], [0.0757, 0.0388, 0.0464, 0.7444, 0.0338, 0.0275, 0.0334], [0.0645, 0.0565, 0.0512, 0.6332, 0.0416, 0.0711, 0.0819], [0.0631, 0.0564, 0.0339, 0.6288, 0.0877, 0.0634, 0.0667], [0.0651, 0.047, 0.0473, 0.698, 0.014, 0.05, 0.0788], [0.0707, 0.0748, 0.0244, 0.6847, 0.0399, 0.072, 0.0335], [0.0637, 0.0412, 0.0863, 0.6369, 0.0895, 0.0241, 0.0582], [0.0222, 0.0739, 0.0169, 0.7502, 0.034, 0.0771, 0.0259], [0.0544, 0.0728, 0.0586, 0.7478, 0.0132, 0.0351, 0.0182], [0.0385, 0.0752, 0.0541, 0.6767, 0.0162, 0.0749, 0.0644], [0.029, 0.0544, 0.0224, 0.7665, 0.0144, 0.0645, 0.0487], [0.0259, 0.0648, 0.0592, 0.7715, 0.0329, 0.0236, 0.0219], [0.0746, 0.0451, 0.0825, 0.6756, 0.0154, 0.0355, 0.0713], [0.0666, 0.0309, 0.0404, 0.6903, 0.0471, 0.0437, 0.0811], [0.0229, 0.0592, 0.0563, 0.7522, 0.05, 0.0466, 0.0127], [0.0468, 0.0298, 0.0589, 0.7029, 0.0338, 0.0572, 0.0705], [0.0345, 0.0794, 0.0569, 0.6742, 0.0449, 0.0573, 0.0528], [0.0195, 0.0228, 0.0794, 0.7221, 0.043, 0.0574, 0.0557], [0.0392, 0.0356, 0.0591, 0.6678, 0.0593, 0.0844, 0.0546], [0.017, 0.0442, 0.0869, 0.6258, 0.0696, 0.0886, 0.068], [0.0333, 0.0203, 0.0296, 0.8156, 0.0287, 0.0312, 0.0413], [0.0354, 0.0307, 0.0487, 0.735, 0.0415, 0.07, 0.0388], [0.0136, 0.0749, 0.0455, 0.7466, 0.0784, 0.019, 0.022], [0.0674, 0.0624, 0.0402, 0.6577, 0.0245, 0.0737, 0.0741], [0.0811, 0.0538, 0.0733, 0.6997, 0.0317, 0.0142, 0.046], [0.0417, 0.0269, 0.0392, 0.6941, 0.0596, 0.0563, 0.0822], [0.0592, 0.0163, 0.0672, 0.7094, 0.0449, 0.0517, 0.0512], [0.0493, 0.0493, 0.0742, 0.6271, 0.0648, 0.0725, 0.0628], [0.0187, 0.0442, 0.0572, 0.7767, 0.0202, 0.0639, 0.0191], [0.0549, 0.0739, 0.061, 0.6538, 0.0221, 0.0605, 0.0738], [0.0615, 0.0383, 0.0169, 0.685, 0.0881, 0.0662, 0.044], [0.0897, 0.0764, 0.0463, 0.6988, 0.0195, 0.0391, 0.0302], [0.0656, 0.0646, 0.016, 0.6898, 0.0494, 0.0262, 0.0884], [0.0378, 0.0617, 0.0395, 0.6687, 0.0761, 0.0331, 0.0831], [0.0448, 0.0468, 0.0427, 0.7014, 0.0249, 0.0749, 0.0645], [0.0481, 0.0899, 0.0402, 0.6374, 0.0747, 0.0262, 0.0835], [0.0649, 0.026, 0.0467, 0.6796, 0.0833, 0.0735, 0.026], [0.0818, 0.052, 0.0857, 0.5874, 0.0729, 0.0597, 0.0606], [0.0264, 0.0783, 0.0746, 0.6791, 0.0394, 0.0791, 0.0232], [0.055, 0.0304, 0.0719, 0.6541, 0.0715, 0.0866, 0.0305], [0.0214, 0.0622, 0.0498, 0.726, 0.037, 0.0276, 0.0761], [0.0545, 0.0758, 0.0307, 0.6746, 0.033, 0.0623, 0.0692], [0.0289, 0.0287, 0.027, 0.7063, 0.0783, 0.0621, 0.0687], [0.0271, 0.0283, 0.0163, 0.8018, 0.0142, 0.0731, 0.0392], [0.0831, 0.0645, 0.0542, 0.673, 0.0356, 0.0568, 0.0329], [0.059, 0.0352, 0.0215, 0.7785, 0.0446, 0.0379, 0.0233], [0.0551, 0.0528, 0.0697, 0.7214, 0.0289, 0.0134, 0.0587], [0.0432, 0.0377, 0.0176, 0.7649, 0.0355, 0.0839, 0.0172], [0.0986, 0.0219, 0.0804, 0.6468, 0.071, 0.0253, 0.0559], [0.0643, 0.0856, 0.0544, 0.6392, 0.0803, 0.0444, 0.0318], [0.0509, 0.0516, 0.0261, 0.7008, 0.0777, 0.0779, 0.0149], [0.0547, 0.0291, 0.0811, 0.6828, 0.0777, 0.0567, 0.0179], [0.013, 0.0784, 0.021, 0.7245, 0.0771, 0.019, 0.0669], [0.0587, 0.0394, 0.0348, 0.7194, 0.0515, 0.0522, 0.044], [0.0781, 0.0336, 0.0117, 0.7213, 0.0363, 0.0792, 0.0397], [0.0518, 0.0424, 0.0745, 0.6972, 0.0629, 0.0253, 0.0458], [0.068, 0.0142, 0.0626, 0.7158, 0.0619, 0.0453, 0.0322], [0.0842, 0.049, 0.0367, 0.6451, 0.0602, 0.0414, 0.0834], [0.0726, 0.0525, 0.0406, 0.7007, 0.0273, 0.0864, 0.0199], [0.0388, 0.0701, 0.0153, 0.8101, 0.0183, 0.0219, 0.0254], [0.0481, 0.0597, 0.0488, 0.692, 0.0541, 0.0529, 0.0445], [0.0365, 0.0616, 0.0316, 0.7499, 0.0347, 0.0719, 0.0137], [0.0199, 0.0126, 0.0794, 0.7673, 0.0282, 0.0787, 0.014], [0.0693, 0.0516, 0.0637, 0.6795, 0.0469, 0.0388, 0.0501], [0.0242, 0.0505, 0.0584, 0.7646, 0.0319, 0.0425, 0.0278]], "emotions": ["green", "green", "green", "green", "green", "green", "green", "green", "green", "green", "green", "green", "green", "green", "green", "green", "green", "green", "green", "green", "green", "green", "green", "green", "green", "green", "green", "green", "green", "green", "green", "green", "green", "green", "green", "green", "green", "green", "green", "green", "green", "green", "green", "green", "green", "green", "green", "green", "green", "green", "green", "green", "green", "green", "green", "green", "green", "green", "green", "green", "green", "green", "green", "green", "green", "green", "green", "green", "green", "green", "green", "green", "green", "green", "green", "green", "green", "green", "green", "green"], "timestamps": [0, 40, 80, 120, 160, 200, 240, 280, 320, 360, 400, 440, 480, 520, 560, 600, 640, 680, 720, 760, 800, 840, 880, 920, 960, 1000, 1040, 1080, 1120, 1160, 1200, 1240, 1280, 1320, 1360, 1400, 1440, 1480, 1520, 1560, 1600, 1640, 1680, 1720, 1760, 1800, 1840, 1880, 1920, 1960, 2000, 2040, 2080, 2120, 2160, 2200, 2240, 2280, 2320, 2360, 2400, 2440, 2480, 2520, 2560, 2600, 2640, 2680, 2720, 2760, 2800, 2840, 2880, 2920, 2960, 3000, 3040, 3080, 3120, 3160]}], "conversation": [], "conversation_timestamps": []}