{"agent_id": "agent-orange-1203", "type": "orange", "trips": [{"trip_id": 0, "transport_method": "bicycle", "start_time": 0, "path": [[1.5153536, 42.5051651], [1.5175854, 42.5059674], [1.519523, 42.5072633], [1.5218162, 42.5075771], [1.5240929, 42.5077719], [1.5264133, 42.5083149], [1.5287095, 42.5088492], [1.530312, 42.5092909], [1.5325665, 42.5099564], [1.5348824, 42.509908], [1.5372607, 42.5100246], [1.5395274, 42.5100695], [1.5416467, 42.509107], [1.5431886, 42.5089805], [1.5455137, 42.509417], [1.5461682, 42.5097221], [1.5473258, 42.5112275], [1.5496431, 42.5118202], [1.550364, 42.5121368], [1.5510029, 42.5125682], [1.5524994, 42.5135762], [1.5531762, 42.5154989], [1.5543315, 42.5175444], [1.5562976, 42.5187474], [1.5578432, 42.5205078], [1.5596922, 42.5220073], [1.5606814, 42.5226776], [1.5624467, 42.5242691], [1.5645884, 42.5252311], [1.5667312, 42.5262233], [1.5687409, 42.5274977], [1.5707309, 42.5288096], [1.5728058, 42.5294699], [1.5742874, 42.5310108], [1.5765776, 42.5316497], [1.5785144, 42.531803], [1.5786271, 42.5317466], [1.5810197, 42.531727], [1.5833647, 42.5319722], [1.5852171, 42.5334696], [1.5872672, 42.5346605], [1.5888285, 42.5363386], [1.590763, 42.5375913], [1.5918451, 42.5394807], [1.5919756, 42.5415629], [1.5918412, 42.5438028], [1.5914542, 42.5460915], [1.5920562, 42.5474849], [1.5920777, 42.5496435], [1.5916327, 42.551967], [1.591067, 42.5528327], [1.5904786, 42.5537292], [1.5914759, 42.5554937], [1.5920023, 42.5575673], [1.5933597, 42.5590669], [1.5938438, 42.5602428], [1.5935137, 42.5620345], [1.5953664, 42.563549], [1.5957849, 42.56426], [1.5937719, 42.5631086], [1.5943571, 42.5626542], [1.5962821, 42.5640756], [1.598429, 42.5646268], [1.6001851, 42.5660418], [1.6018933, 42.5675897], [1.6040672, 42.5684546], [1.6052902, 42.5703534], [1.6075601, 42.5710498], [1.6098796, 42.5714802], [1.6121377, 42.5719908], [1.6144895, 42.5723227], [1.6166264, 42.5730084], [1.6187563, 42.5739962], [1.6210652, 42.5745687], [1.6230343, 42.5758536], [1.6252821, 42.576608], [1.6271689, 42.5778034], [1.6294624, 42.5781298], [1.6317575, 42.5783669], [1.6341324, 42.5781383]], "mood_vectors": [[0.0365, 0.0744, 0.0611, 0.0245, 0.6819, 0.0684, 0.0531], [0.0858, 0.0862, 0.0297, 0.0505, 0.6506, 0.0738, 0.0233], [0.0684, 0.0266, 0.08, 0.0278, 0.6937, 0.0371, 0.0663], [0.038, 0.0283, 0.0445, 0.0634, 0.7036, 0.0586, 0.0635], [0.0666, 0.0327, 0.0418, 0.016, 0.7605, 0.0275, 0.055], [0.0699, 0.0845, 0.0358, 0.0239, 0.6752, 0.0737, 0.0368], [0.069, 0.08, 0.0469, 0.0285, 0.703, 0.0465, 0.0262], [0.0477, 0.087, 0.0344, 0.0462, 0.6886, 0.0166, 0.0795], [0.0443, 0.0576, 0.0217, 0.0182, 0.7356, 0.0853, 0.0371], [0.0531, 0.0319, 0.037, 0.0789, 0.7061, 0.028, 0.065], [0.019, 0.0544, 0.0322, 0.0478, 0.7151, 0.0715, 0.0602], [0.0337, 0.0786, 0.0588, 0.0137, 0.7525, 0.0465, 0.0163], [0.0615, 0.0576, 0.0872, 0.0189, 0.6621, 0.0738, 0.0389], [0.0586, 0.0535, 0.0491, 0.07, 0.6857, 0.0693, 0.0138], [0.0244, 0.0608, 0.0319, 0.0284, 0.7419, 0.0354, 0.0772], [0.0489, 0.0591, 0.0693, 0.0625, 0.6798, 0.0554, 0.0249], [0.0575, 0.0738, 0.0183, 0.0249, 0.7592, 0.0395, 0.0267], [0.0458, 0.0712, 0.081, 0.0387, 0.6736, 0.0638, 0.0259], [0.0529, 0.0591, 0.0411, 0.0645, 0.7085, 0.0421, 0.0318], [0.0209, 0.0571, 0.0789, 0.0677, 0.6647, 0.0369, 0.0737], [0.0158, 0.0566, 0.0822, 0.0824, 0.6902, 0.0416, 0.0311], [0.0799, 0.0239, 0.0254, 0.0479, 0.7143, 0.0766, 0.0321], [0.0538, 0.0591, 0.0478, 0.0541, 0.7195, 0.014, 0.0517], [0.0818, 0.0181, 0.0395, 0.0753, 0.6234, 0.0893, 0.0725], [0.0591, 0.0474, 0.047, 0.0464, 0.6628, 0.0667, 0.0704], [0.03, 0.0461, 0.079, 0.0507, 0.7275, 0.0524, 0.0144], [0.0549, 0.0229, 0.038, 0.0572, 0.753, 0.0226, 0.0513], [0.0582, 0.0645, 0.0664, 0.0109, 0.6721, 0.0608, 0.0671], [0.0363, 0.0255, 0.0201, 0.0433, 0.7595, 0.0655, 0.0498], [0.0336, 0.0536, 0.085, 0.0625, 0.6948, 0.0539, 0.0166], [0.0154, 0.0549, 0.0547, 0.0594, 0.7282, 0.0471, 0.0403], [0.0159, 0.0208, 0.0256, 0.0426, 0.7605, 0.0739, 0.0606], [0.0568, 0.0811, 0.0664, 0.0553, 0.6854, 0.0423, 0.0128], [0.0467, 0.0162, 0.0698, 0.0364, 0.7099, 0.0749, 0.0461], [0.0494, 0.0422, 0.0486, 0.0974, 0.6659, 0.058, 0.0385], [0.0247, 0.033, 0.0839, 0.0955, 0.7084, 0.0238, 0.0307], [0.0867, 0.0519, 0.0457, 0.0209, 0.6491, 0.0634, 0.0823], [0.0435, 0.073, 0.0505, 0.026, 0.7288, 0.0376, 0.0406], [0.0972, 0.0731, 0.0575, 0.0228, 0.7121, 0.0178, 0.0195], [0.0498, 0.0824, 0.06, 0.0683, 0.6412, 0.0275, 0.0708], [0.0396, 0.0447, 0.0637, 0.0659, 0.6896, 0.037, 0.0595], [0.0872, 0.0431, 0.0588, 0.0885, 0.6522, 0.0432, 0.0269], [0.0691, 0.063, 0.0134, 0.0579, 0.7039, 0.0756, 0.0172], [0.0481, 0.0624, 0.0226, 0.0239, 0.767, 0.0152, 0.0608], [0.0578, 0.0566, 0.0512, 0.0313, 0.6845, 0.0583, 0.0604], [0.0127, 0.0519, 0.042, 0.0481, 0.7067, 0.0734, 0.0652], [0.0604, 0.0599, 0.0316, 0.0397, 0.7004, 0.0782, 0.0298], [0.0584, 0.0416, 0.0636, 0.0566, 0.6276, 0.0815, 0.0707], [0.0478, 0.0277, 0.0129, 0.0653, 0.7614, 0.0453, 0.0396], [0.0525, 0.0306, 0.0277, 0.0683, 0.6833, 0.0547, 0.083], [0.0538, 0.0659, 0.0394, 0.0577, 0.6852, 0.0388, 0.059], [0.0412, 0.0577, 0.0233, 0.0482, 0.7263, 0.0635, 0.0397], [0.0534, 0.0184, 0.0555, 0.0602, 0.6426, 0.0896, 0.0802], [0.0389, 0.0431, 0.0411, 0.0563, 0.6842, 0.0755, 0.061], [0.1019, 0.0366, 0.0279, 0.022, 0.6919, 0.0527, 0.067], [0.039, 0.0406, 0.0443, 0.0129, 0.7953, 0.0541, 0.0137], [0.063, 0.0547, 0.0812, 0.0292, 0.6643, 0.0538, 0.0537], [0.076, 0.0709, 0.0715, 0.0762, 0.5573, 0.0777, 0.0704], [0.0242, 0.0365, 0.0339, 0.0236, 0.8042, 0.0335, 0.044], [0.037, 0.0827, 0.0689, 0.0701, 0.6281, 0.0277, 0.0855], [0.0249, 0.0144, 0.0352, 0.0467, 0.8022, 0.0387, 0.0379], [0.0548, 0.0224, 0.0153, 0.0724, 0.7037, 0.0668, 0.0647], [0.0664, 0.0438, 0.0196, 0.0323, 0.7289, 0.0732, 0.0358], [0.0771, 0.0351, 0.0444, 0.0817, 0.6611, 0.0392, 0.0613], [0.0803, 0.0673, 0.021, 0.0322, 0.7479, 0.0355, 0.0156], [0.0239, 0.0617, 0.0555, 0.0653, 0.6917, 0.0764, 0.0254], [0.0526, 0.0391, 0.0611, 0.0548, 0.6962, 0.0622, 0.0341], [0.0352, 0.0642, 0.0716, 0.0511, 0.6714, 0.0689, 0.0376], [0.056, 0.0664, 0.0268, 0.0457, 0.7105, 0.027, 0.0676], [0.0846, 0.0304, 0.0419, 0.0596, 0.6925, 0.0351, 0.056], [0.0582, 0.0504, 0.0486, 0.0676, 0.7186, 0.034, 0.0225], [0.0659, 0.0273, 0.0767, 0.0548, 0.6989, 0.0489, 0.0275], [0.072, 0.0757, 0.0417, 0.0481, 0.6964, 0.0355, 0.0305], [0.0863, 0.0414, 0.0174, 0.0366, 0.7312, 0.0232, 0.064], [0.0448, 0.0683, 0.0189, 0.0446, 0.7397, 0.064, 0.0197], [0.0802, 0.0798, 0.0746, 0.0759, 0.6027, 0.0734, 0.0134], [0.0512, 0.0722, 0.0254, 0.068, 0.7243, 0.0473, 0.0115], [0.0678, 0.0369, 0.0373, 0.0788, 0.6081, 0.0896, 0.0815], [0.0738, 0.0798, 0.0383, 0.0412, 0.6655, 0.0407, 0.0607], [0.0752, 0.0157, 0.0592, 0.0329, 0.7425, 0.018, 0.0564]], "emotions": ["red", "red", "red", "red", "red", "red", "red", "red", "red", "red", "red", "red", "red", "red", "red", "red", "red", "red", "red", "red", "red", "red", "red", "red", "red", "red", "red", "red", "red", "red", "red", "red", "red", "red", "red", "red", "red", "red", "red", "red", "red", "red", "red", "red", "red", "red", "red", "red", "red", "red", "red", "red", "red", "red", "red", "red", "red", "red", "red", "red", "red", "red", "red", "red", "red", "red", "red", "red", "red", "red", "red", "red", "red", "red", "red", "red", "red", "red", "red", "red"], "timestamps": [0, 40, 80, 120, 160, 200, 240, 280, 320, 360, 400, 440, 480, 520, 560, 600, 640, 680, 720, 760, 800, 840, 880, 920, 960, 1000, 1040, 1080, 1120, 1160, 1200, 1240, 1280, 1320, 1360, 1400, 1440, 1480, 1520, 1560, 1600, 1640, 1680, 1720, 1760, 1800, 1840, 1880, 1920, 1960, 2000, 2040, 2080, 2120, 2160, 2200, 2240, 2280, 2320, 2360, 2400, 2440, 2480, 2520, 2560, 2600, 2640, 2680, 2720, 2760, 2800, 2840, 2880, 2920, 2960, 3000, 3040, 3080, 3120, 3160]}], "conversation": [], "conversation_timestamps": []}