{"agent_id": "agent-purple-1009", "type": "purple", "trips": [{"trip_id": 0, "transport_method": "car", "start_time": 0, "path": [[1.5312616, 42.5167915], [1.5310185, 42.5169348], [1.5307648, 42.517058], [1.5305058, 42.5171696], [1.5304163, 42.5172848], [1.5306881, 42.5172088], [1.5309598, 42.5171328], [1.5312316, 42.5170568], [1.5315014, 42.5169748], [1.5317608, 42.5168646], [1.5320155, 42.5167431], [1.5322702, 42.5166215], [1.5325251, 42.5165007], [1.5327868, 42.5163959], [1.5330514, 42.5162994], [1.5332997, 42.5161666], [1.5335683, 42.5160817], [1.5338474, 42.5160848], [1.5340938, 42.5159539], [1.5343295, 42.5157986], [1.5345645, 42.5156435], [1.5347713, 42.5154746], [1.5349456, 42.5152659], [1.5349767, 42.5150509], [1.5348641, 42.5148701], [1.5351389, 42.5148094], [1.5354207, 42.5148006], [1.535695, 42.514742], [1.5359716, 42.5146866], [1.5362505, 42.5146438], [1.5365309, 42.514613], [1.5368106, 42.514576], [1.5370904, 42.5145389], [1.5373701, 42.5145016], [1.5376497, 42.5144633], [1.5379296, 42.5144277], [1.5381907, 42.5143272], [1.5384686, 42.5143202], [1.5387339, 42.5142875], [1.538955, 42.5141135], [1.5391387, 42.5139057], [1.5393474, 42.513716], [1.5393784, 42.5134912], [1.5391249, 42.5133942], [1.5388748, 42.5132667], [1.5386117, 42.5131646], [1.5383486, 42.5130625], [1.5383182, 42.5130006], [1.5384869, 42.5131767], [1.5387138, 42.5133405], [1.5389366, 42.5132901], [1.5386809, 42.5131707], [1.5384252, 42.5130514], [1.5382603, 42.5128987], [1.5384434, 42.5127021], [1.5386948, 42.5125777], [1.5388398, 42.5124901], [1.5386034, 42.5126407], [1.5387786, 42.5124808], [1.5389456, 42.5122739], [1.5391564, 42.5120871], [1.5394146, 42.5119733], [1.5393094, 42.5118512], [1.5390716, 42.5117299], [1.539187, 42.5115897], [1.5392644, 42.5113775], [1.539138, 42.5112055], [1.5388568, 42.511229], [1.5385756, 42.5112525], [1.5383465, 42.5111288], [1.5381552, 42.5109231], [1.5379985, 42.5106885], [1.5379436, 42.5104158], [1.5379082, 42.5101358], [1.5378987, 42.5098544], [1.5379021, 42.5095723], [1.537876, 42.5092942], [1.537796, 42.5090236], [1.5377518, 42.508757], [1.5378896, 42.5085108]], "mood_vectors": [[0.0649, 0.0431, 0.0836, 0.0442, 0.0664, 0.6448, 0.0529], [0.0687, 0.0234, 0.0707, 0.04, 0.0232, 0.7429, 0.0311], [0.0215, 0.0659, 0.0487, 0.0717, 0.0573, 0.7038, 0.031], [0.0672, 0.0529, 0.0596, 0.0298, 0.0678, 0.6633, 0.0594], [0.0823, 0.0627, 0.0134, 0.0629, 0.0405, 0.654, 0.0841], [0.0277, 0.0649, 0.0358, 0.057, 0.0652, 0.7019, 0.0474], [0.0699, 0.0484, 0.0681, 0.0236, 0.0305, 0.708, 0.0515], [0.0287, 0.0431, 0.0712, 0.0478, 0.0729, 0.7134, 0.0229], [0.0286, 0.0349, 0.03, 0.078, 0.0469, 0.7239, 0.0577], [0.0255, 0.054, 0.0331, 0.031, 0.0782, 0.7469, 0.0313], [0.0673, 0.0541, 0.0531, 0.0248, 0.0512, 0.7224, 0.0271], [0.0762, 0.0169, 0.0434, 0.0507, 0.0471, 0.6756, 0.0902], [0.0731, 0.0523, 0.0692, 0.0653, 0.0287, 0.6568, 0.0547], [0.0296, 0.0908, 0.0368, 0.0763, 0.0476, 0.6611, 0.0579], [0.0381, 0.0525, 0.0615, 0.0338, 0.0191, 0.7376, 0.0573], [0.0459, 0.0376, 0.0533, 0.0835, 0.0432, 0.7002, 0.0363], [0.0404, 0.0211, 0.0538, 0.0662, 0.0303, 0.745, 0.043], [0.0332, 0.0261, 0.0235, 0.0321, 0.0496, 0.7582, 0.0772], [0.0674, 0.0323, 0.077, 0.0201, 0.0253, 0.7449, 0.0331], [0.0802, 0.0266, 0.0926, 0.0658, 0.0898, 0.6209, 0.0239], [0.0491, 0.0285, 0.0803, 0.025, 0.0186, 0.7796, 0.0188], [0.0779, 0.0708, 0.0388, 0.0798, 0.0815, 0.6038, 0.0473], [0.0819, 0.079, 0.0609, 0.0639, 0.0217, 0.6311, 0.0615], [0.0604, 0.0277, 0.0357, 0.0437, 0.0702, 0.7379, 0.0244], [0.0208, 0.0746, 0.0611, 0.0239, 0.0663, 0.696, 0.0573], [0.028, 0.0212, 0.0603, 0.0361, 0.0279, 0.7649, 0.0616], [0.047, 0.0753, 0.0269, 0.0465, 0.0778, 0.707, 0.0195], [0.0246, 0.022, 0.0611, 0.0708, 0.0547, 0.6964, 0.0704], [0.065, 0.05, 0.0644, 0.0209, 0.0671, 0.6661, 0.0665], [0.0356, 0.0756, 0.0609, 0.0636, 0.0267, 0.6453, 0.0924], [0.0177, 0.0667, 0.0556, 0.0291, 0.0445, 0.7178, 0.0686], [0.0789, 0.0148, 0.0223, 0.0275, 0.0166, 0.769, 0.0708], [0.0826, 0.0231, 0.0891, 0.0782, 0.0185, 0.6885, 0.0201], [0.08, 0.0598, 0.018, 0.022, 0.0633, 0.716, 0.0409], [0.072, 0.0708, 0.0645, 0.0348, 0.0361, 0.6706, 0.0512], [0.0493, 0.02, 0.0682, 0.0713, 0.0462, 0.6699, 0.0751], [0.0293, 0.0157, 0.104, 0.0247, 0.0252, 0.7581, 0.0429], [0.0523, 0.0511, 0.0469, 0.0349, 0.0576, 0.7329, 0.0244], [0.0266, 0.0231, 0.075, 0.0661, 0.0559, 0.7243, 0.029], [0.0177, 0.0186, 0.0865, 0.0334, 0.0366, 0.7769, 0.0302], [0.0635, 0.0166, 0.059, 0.092, 0.0338, 0.7034, 0.0317], [0.0249, 0.0192, 0.0695, 0.017, 0.0562, 0.7518, 0.0614], [0.075, 0.0182, 0.0398, 0.0602, 0.0526, 0.7025, 0.0517], [0.0339, 0.0512, 0.0204, 0.0409, 0.07, 0.7455, 0.038], [0.0434, 0.0739, 0.0569, 0.0491, 0.0609, 0.6553, 0.0606], [0.0206, 0.0471, 0.0898, 0.0597, 0.0856, 0.6445, 0.0529], [0.0623, 0.0672, 0.0139, 0.0424, 0.0291, 0.7465, 0.0387], [0.0446, 0.0584, 0.0268, 0.0324, 0.0319, 0.7745, 0.0313], [0.0566, 0.0515, 0.0591, 0.0179, 0.0424, 0.695, 0.0775], [0.0168, 0.0753, 0.0574, 0.0192, 0.0197, 0.7179, 0.0936], [0.0244, 0.0753, 0.039, 0.0657, 0.0744, 0.7063, 0.0149], [0.0672, 0.0662, 0.074, 0.0626, 0.0341, 0.6844, 0.0115], [0.0248, 0.0841, 0.0148, 0.0446, 0.0527, 0.7327, 0.0463], [0.0221, 0.0797, 0.0787, 0.0449, 0.0241, 0.6712, 0.0793], [0.0592, 0.0698, 0.017, 0.063, 0.0656, 0.6964, 0.0288], [0.0616, 0.0699, 0.0724, 0.0788, 0.0571, 0.5866, 0.0736], [0.0273, 0.0882, 0.0226, 0.0292, 0.0685, 0.6953, 0.0689], [0.0365, 0.0679, 0.0374, 0.045, 0.0608, 0.7166, 0.0357], [0.046, 0.0798, 0.0618, 0.0295, 0.0613, 0.645, 0.0768], [0.0946, 0.05, 0.0612, 0.0623, 0.0434, 0.6244, 0.064], [0.0236, 0.0857, 0.0447, 0.0524, 0.017, 0.7242, 0.0524], [0.0708, 0.03, 0.0708, 0.0343, 0.0264, 0.6967, 0.0711], [0.0806, 0.0789, 0.0899, 0.0285, 0.0827, 0.6246, 0.0148], [0.0248, 0.0478, 0.0416, 0.06, 0.0608, 0.6985, 0.0665], [0.07, 0.0572, 0.0559, 0.0613, 0.0374, 0.6786, 0.0395], [0.069, 0.0407, 0.0252, 0.0873, 0.0738, 0.67, 0.034], [0.0398, 0.0857, 0.0455, 0.0235, 0.1025, 0.679, 0.0241], [0.0199, 0.0778, 0.0135, 0.0523, 0.0545, 0.7623, 0.0197], [0.0691, 0.0529, 0.0466, 0.0302, 0.0874, 0.6957, 0.0181], [0.0706, 0.0556, 0.0413, 0.0243, 0.0215, 0.6954, 0.0913], [0.0607, 0.0803, 0.0157, 0.0311, 0.0371, 0.7276, 0.0475], [0.0357, 0.0425, 0.0544, 0.0383, 0.0437, 0.7072, 0.0782], [0.0701, 0.0443, 0.0262, 0.0399, 0.0392, 0.7202, 0.06], [0.0706, 0.0158, 0.0823, 0.0272, 0.1058, 0.6772, 0.021], [0.0567, 0.0137, 0.0331, 0.0684, 0.0667, 0.7334, 0.028], [0.0693, 0.0652, 0.0276, 0.0717, 0.0281, 0.6628, 0.0753], [0.0789, 0.0859, 0.0135, 0.0306, 0.0334, 0.7413, 0.0164], [0.0143, 0.0505, 0.0284, 0.0286, 0.0142, 0.8023, 0.0617], [0.0273, 0.0661, 0.0175, 0.0136, 0.0626, 0.7649, 0.048], [0.0846, 0.0885, 0.0745, 0.0284, 0.0143, 0.6724, 0.0373]], "emotions": ["purple", "purple", "purple", "purple", "purple", "purple", "purple", "purple", "purple", "purple", "purple", "purple", "purple", "purple", "purple", "purple", "purple", "purple", "purple", "purple", "purple", "purple", "purple", "purple", "purple", "purple", "purple", "purple", "purple", "purple", "purple", "purple", "purple", "purple", "purple", "purple", "purple", "purple", "purple", "purple", "purple", "purple", "purple", "purple", "purple", "purple", "purple", "purple", "purple", "purple", "purple", "purple", "purple", "purple", "purple", "purple", "purple", "purple", "purple", "purple", "purple", "purple", "purple", "purple", "purple", "purple", "purple", "purple", "purple", "purple", "purple", "purple", "purple", "purple", "purple", "purple", "purple", "purple", "purple", "purple"], "timestamps": [0, 40, 80, 120, 160, 200, 240, 280, 320, 360, 400, 440, 480, 520, 560, 600, 640, 680, 720, 760, 800, 840, 880, 920, 960, 1000, 1040, 1080, 1120, 1160, 1200, 1240, 1280, 1320, 1360, 1400, 1440, 1480, 1520, 1560, 1600, 1640, 1680, 1720, 1760, 1800, 1840, 1880, 1920, 1960, 2000, 2040, 2080, 2120, 2160, 2200, 2240, 2280, 2320, 2360, 2400, 2440, 2480, 2520, 2560, 2600, 2640, 2680, 2720, 2760, 2800, 2840, 2880, 2920, 2960, 3000, 3040, 3080, 3120, 3160]}], "conversation": [], "conversation_timestamps": []}