{"agent_id": "agent-blue-205", "type": "blue", "trips": [{"trip_id": 0, "transport_method": "bicycle", "start_time": 0, "path": [[1.5304868, 42.5513301], [1.5291721, 42.5509115], [1.5289747, 42.5505126], [1.5277414, 42.5498892], [1.5290046, 42.5498263], [1.530365, 42.5495574], [1.531101, 42.5491934], [1.5297455, 42.5488076], [1.530389, 42.5490689], [1.531119, 42.5491433], [1.5298465, 42.5485378], [1.5285159, 42.5481228], [1.5272015, 42.5481831], [1.5268731, 42.5473058], [1.5255216, 42.5469762], [1.52474, 42.5463411], [1.5240132, 42.5451347], [1.5234415, 42.5438634], [1.5231211, 42.5432313], [1.5228328, 42.5418717], [1.5235027, 42.5407231], [1.5232231, 42.5400274], [1.5231233, 42.5386293], [1.5240339, 42.5377481], [1.5251472, 42.5373664], [1.5244499, 42.5367119], [1.5231647, 42.5363049], [1.5223182, 42.5352089], [1.5211865, 42.5344219], [1.5209827, 42.5333139], [1.5211159, 42.5321008], [1.5212539, 42.5308476], [1.5216972, 42.5297748], [1.5214175, 42.5288002], [1.5207891, 42.5276185], [1.5207184, 42.5262841], [1.520737, 42.5262395], [1.5206314, 42.5273183], [1.5207186, 42.5259118], [1.5207045, 42.5245323], [1.5215226, 42.5233927], [1.5221484, 42.5221466], [1.5232392, 42.5212676], [1.5237463, 42.5199586], [1.5235678, 42.5206188], [1.5235849, 42.5202517], [1.5239617, 42.5188937], [1.5241742, 42.5175013], [1.5246962, 42.5161963], [1.5255738, 42.5151051], [1.5267357, 42.5143196], [1.52801, 42.5137183], [1.5292978, 42.5131461], [1.5305878, 42.5125792], [1.5318518, 42.5119572], [1.5328876, 42.5110126], [1.5338393, 42.510006], [1.533933, 42.5098949], [1.5340932, 42.5085258], [1.5342139, 42.5073863], [1.5342728, 42.5068749], [1.5347734, 42.5064194], [1.5354167, 42.5060116], [1.5357834, 42.5052318], [1.5355984, 42.5042871], [1.53498, 42.5034902], [1.5350107, 42.5032435], [1.5337927, 42.5026806], [1.5329625, 42.5016334], [1.5315878, 42.5015647], [1.5303004, 42.5013822], [1.5314994, 42.5006921], [1.530987, 42.4994639], [1.5306068, 42.4989494], [1.5295716, 42.498759], [1.5299505, 42.4983491], [1.5295794, 42.498681], [1.5282192, 42.4986944], [1.5270427, 42.498097], [1.5272291, 42.4985349]], "mood_vectors": [[0.076, 0.0591, 0.0556, 0.6836, 0.0233, 0.0606, 0.0418], [0.0353, 0.0753, 0.0722, 0.6948, 0.0218, 0.0793, 0.0213], [0.0647, 0.0795, 0.0629, 0.6525, 0.0535, 0.0629, 0.0241], [0.0568, 0.079, 0.0768, 0.6074, 0.06, 0.0708, 0.0493], [0.0686, 0.0255, 0.0482, 0.7012, 0.0327, 0.0673, 0.0566], [0.0596, 0.0557, 0.0502, 0.7379, 0.0266, 0.0557, 0.0143], [0.027, 0.0746, 0.0481, 0.7327, 0.0343, 0.0389, 0.0445], [0.0503, 0.0409, 0.0871, 0.7297, 0.0446, 0.0326, 0.0148], [0.0649, 0.0215, 0.0595, 0.6827, 0.0666, 0.0445, 0.0602], [0.0733, 0.0663, 0.0685, 0.6487, 0.0523, 0.0551, 0.0358], [0.059, 0.0367, 0.0349, 0.7595, 0.0519, 0.0338, 0.0242], [0.0869, 0.0693, 0.025, 0.6244, 0.084, 0.0668, 0.0435], [0.0599, 0.0904, 0.0781, 0.6312, 0.0218, 0.0289, 0.0897], [0.0541, 0.0494, 0.0813, 0.6508, 0.0783, 0.0178, 0.0682], [0.0587, 0.0321, 0.0405, 0.7472, 0.0362, 0.0571, 0.0282], [0.0705, 0.0754, 0.0844, 0.6037, 0.0373, 0.0669, 0.0617], [0.0846, 0.0583, 0.0176, 0.6694, 0.0686, 0.0483, 0.0532], [0.0701, 0.0504, 0.0667, 0.6601, 0.0576, 0.0612, 0.0339], [0.0473, 0.0555, 0.0777, 0.7614, 0.0125, 0.0253, 0.0203], [0.0787, 0.0727, 0.0553, 0.642, 0.0402, 0.0274, 0.0836], [0.0197, 0.082, 0.056, 0.7129, 0.0394, 0.0497, 0.0402], [0.0355, 0.0853, 0.0205, 0.7114, 0.047, 0.0593, 0.041], [0.039, 0.015, 0.0134, 0.7821, 0.0714, 0.0165, 0.0626], [0.0538, 0.0156, 0.0556, 0.794, 0.0402, 0.0147, 0.0261], [0.0795, 0.0218, 0.0598, 0.6662, 0.0608, 0.0578, 0.054], [0.0775, 0.0472, 0.0777, 0.6651, 0.0132, 0.053, 0.0664], [0.014, 0.0707, 0.0389, 0.735, 0.0501, 0.0437, 0.0476], [0.0301, 0.0697, 0.0237, 0.7444, 0.0364, 0.0715, 0.0242], [0.0721, 0.0782, 0.0479, 0.7254, 0.0174, 0.0363, 0.0227], [0.0801, 0.0698, 0.0834, 0.6451, 0.0301, 0.018, 0.0734], [0.0509, 0.0339, 0.0757, 0.6958, 0.0627, 0.0564, 0.0246], [0.059, 0.0447, 0.0397, 0.7701, 0.0439, 0.0254, 0.0172], [0.0735, 0.0526, 0.0459, 0.6631, 0.0271, 0.0663, 0.0715], [0.0187, 0.0485, 0.0379, 0.7418, 0.0694, 0.0235, 0.0602], [0.0581, 0.0125, 0.0205, 0.7765, 0.0228, 0.08, 0.0297], [0.0452, 0.0199, 0.0386, 0.6648, 0.0714, 0.0739, 0.0861], [0.0439, 0.078, 0.0297, 0.724, 0.0325, 0.0492, 0.0427], [0.091, 0.0768, 0.0356, 0.596, 0.0584, 0.054, 0.0881], [0.0958, 0.0306, 0.0722, 0.6434, 0.0343, 0.0341, 0.0896], [0.062, 0.08, 0.0507, 0.6151, 0.0497, 0.088, 0.0545], [0.0753, 0.0139, 0.0173, 0.686, 0.0588, 0.0854, 0.0631], [0.0213, 0.0261, 0.0538, 0.7935, 0.0543, 0.0232, 0.0277], [0.0397, 0.0373, 0.0746, 0.6623, 0.0368, 0.0754, 0.074], [0.0284, 0.089, 0.0657, 0.6626, 0.0442, 0.0574, 0.0527], [0.0605, 0.0901, 0.073, 0.6293, 0.0859, 0.0358, 0.0254], [0.0712, 0.0828, 0.0805, 0.6022, 0.0692, 0.0739, 0.0201], [0.0561, 0.022, 0.0278, 0.7043, 0.0389, 0.0663, 0.0847], [0.0532, 0.0479, 0.0262, 0.7066, 0.0362, 0.0307, 0.0992], [0.0635, 0.0799, 0.016, 0.7081, 0.0455, 0.0203, 0.0667], [0.0572, 0.0168, 0.0206, 0.7226, 0.0584, 0.0555, 0.0688], [0.0692, 0.0447, 0.0778, 0.6172, 0.0755, 0.0423, 0.0733], [0.031, 0.0506, 0.0291, 0.6993, 0.0676, 0.0807, 0.0416], [0.0418, 0.0538, 0.0602, 0.6548, 0.0857, 0.0531, 0.0506], [0.0492, 0.0672, 0.0673, 0.7095, 0.0195, 0.0332, 0.0541], [0.0696, 0.0232, 0.0418, 0.7744, 0.02, 0.0477, 0.0232], [0.0793, 0.0372, 0.074, 0.6885, 0.0457, 0.0149, 0.0605], [0.0452, 0.0809, 0.0314, 0.6397, 0.0721, 0.0833, 0.0473], [0.0535, 0.0901, 0.0401, 0.6196, 0.0899, 0.0247, 0.0822], [0.0755, 0.0771, 0.0672, 0.642, 0.0771, 0.0134, 0.0478], [0.0235, 0.0892, 0.0301, 0.6998, 0.0444, 0.0816, 0.0315], [0.0135, 0.0303, 0.0779, 0.7485, 0.0398, 0.0383, 0.0516], [0.0426, 0.0375, 0.0624, 0.6924, 0.0597, 0.0563, 0.0493], [0.0286, 0.0238, 0.0456, 0.7416, 0.0373, 0.0696, 0.0535], [0.0931, 0.0659, 0.0422, 0.5982, 0.0291, 0.0838, 0.0876], [0.0456, 0.0235, 0.0334, 0.7064, 0.081, 0.0506, 0.0595], [0.0349, 0.0653, 0.0586, 0.6733, 0.031, 0.0801, 0.0568], [0.0587, 0.038, 0.0593, 0.6701, 0.0567, 0.0332, 0.084], [0.0252, 0.0563, 0.0317, 0.6735, 0.0741, 0.0573, 0.0819], [0.0222, 0.0572, 0.0856, 0.6705, 0.0333, 0.1069, 0.0243], [0.0622, 0.0171, 0.0573, 0.7563, 0.051, 0.0294, 0.0268], [0.0225, 0.0522, 0.0785, 0.742, 0.0164, 0.033, 0.0554], [0.0172, 0.0644, 0.0641, 0.6931, 0.0646, 0.0562, 0.0403], [0.0895, 0.0257, 0.0447, 0.6719, 0.0696, 0.0818, 0.0168], [0.0534, 0.0354, 0.0326, 0.7461, 0.0532, 0.0616, 0.0177], [0.0605, 0.0696, 0.0183, 0.6985, 0.062, 0.0576, 0.0336], [0.0233, 0.0712, 0.0516, 0.6886, 0.0662, 0.059, 0.0399], [0.0616, 0.0387, 0.0151, 0.7323, 0.0496, 0.0264, 0.0763], [0.0596, 0.0809, 0.0719, 0.6371, 0.0419, 0.0774, 0.0312], [0.0249, 0.024, 0.0578, 0.7897, 0.0437, 0.0407, 0.0193], [0.0457, 0.0948, 0.0233, 0.6934, 0.0685, 0.0481, 0.0263]], "emotions": ["green", "green", "green", "green", "green", "green", "green", "green", "green", "green", "green", "green", "green", "green", "green", "green", "green", "green", "green", "green", "green", "green", "green", "green", "green", "green", "green", "green", "green", "green", "green", "green", "green", "green", "green", "green", "green", "green", "green", "green", "green", "green", "green", "green", "green", "green", "green", "green", "green", "green", "green", "green", "green", "green", "green", "green", "green", "green", "green", "green", "green", "green", "green", "green", "green", "green", "green", "green", "green", "green", "green", "green", "green", "green", "green", "green", "green", "green", "green", "green"], "timestamps": [0, 40, 80, 120, 160, 200, 240, 280, 320, 360, 400, 440, 480, 520, 560, 600, 640, 680, 720, 760, 800, 840, 880, 920, 960, 1000, 1040, 1080, 1120, 1160, 1200, 1240, 1280, 1320, 1360, 1400, 1440, 1480, 1520, 1560, 1600, 1640, 1680, 1720, 1760, 1800, 1840, 1880, 1920, 1960, 2000, 2040, 2080, 2120, 2160, 2200, 2240, 2280, 2320, 2360, 2400, 2440, 2480, 2520, 2560, 2600, 2640, 2680, 2720, 2760, 2800, 2840, 2880, 2920, 2960, 3000, 3040, 3080, 3120, 3160]}], "conversation": [], "conversation_timestamps": []}