{"agent_id": "agent-red-1856", "type": "red", "trips": [{"trip_id": 0, "transport_method": "foot", "start_time": 0, "path": [[1.5272728, 42.5070243], [1.5273752, 42.5070607], [1.5274777, 42.5070971], [1.5275802, 42.5071336], [1.5276827, 42.50717], [1.5277851, 42.5072064], [1.5278876, 42.5072429], [1.5279901, 42.5072793], [1.5280851, 42.50733], [1.5281732, 42.5073938], [1.5282613, 42.5074575], [1.5283495, 42.5075212], [1.5284376, 42.507585], [1.5285257, 42.5076487], [1.5286138, 42.5077125], [1.5286994, 42.5077796], [1.528784, 42.5078479], [1.5288664, 42.5079167], [1.5289423, 42.5079771], [1.5290364, 42.5080316], [1.5291306, 42.508086], [1.5292247, 42.5081405], [1.5293155, 42.5081994], [1.5293945, 42.5082742], [1.5294734, 42.5083491], [1.5295524, 42.5084239], [1.5296313, 42.5084987], [1.5295571, 42.5084643], [1.5294614, 42.5084126], [1.5293682, 42.5083567], [1.5292749, 42.5083008], [1.5292925, 42.5082023], [1.5293684, 42.5082375], [1.5294543, 42.5083042], [1.5295402, 42.5083709], [1.5296261, 42.5084376], [1.529712, 42.5085043], [1.529798, 42.508571], [1.5298839, 42.5086377], [1.5299797, 42.5086889], [1.5300762, 42.5087392], [1.5301727, 42.5087894], [1.5302707, 42.5088365], [1.5303687, 42.5088837], [1.5304698, 42.5089038], [1.530576, 42.5088801], [1.5306821, 42.5088565], [1.5307883, 42.5088329], [1.5307924, 42.5089274], [1.5308179, 42.5090149], [1.5309191, 42.5090546], [1.5310204, 42.5090944], [1.5311216, 42.5091342], [1.5312228, 42.5091739], [1.5313241, 42.5092137], [1.5314253, 42.5092534], [1.5315286, 42.5092871], [1.531633, 42.5093178], [1.5317348, 42.5093557], [1.5318357, 42.5093964], [1.5319365, 42.5094371], [1.5320374, 42.5094778], [1.5321382, 42.5095185], [1.5322391, 42.5095592], [1.5323399, 42.5095999], [1.532443, 42.5096322], [1.5325508, 42.5096471], [1.5326585, 42.509662], [1.5327665, 42.5096752], [1.5328746, 42.5096865], [1.5329828, 42.5096978], [1.533091, 42.509709], [1.5331972, 42.5097323], [1.5333025, 42.509759], [1.5334063, 42.5097915], [1.5335095, 42.5098261], [1.5336157, 42.5098488], [1.5337227, 42.5098682], [1.5338297, 42.5098876], [1.5339367, 42.5099071]], "mood_vectors": [[0.6503, 0.0224, 0.0871, 0.063, 0.0808, 0.0571, 0.0393], [0.7595, 0.0335, 0.0138, 0.0488, 0.0633, 0.0598, 0.0213], [0.8013, 0.0647, 0.0232, 0.0138, 0.0438, 0.0394, 0.0138], [0.6308, 0.0595, 0.0935, 0.0879, 0.025, 0.0631, 0.0402], [0.7136, 0.0266, 0.0529, 0.059, 0.0145, 0.0608, 0.0725], [0.7041, 0.0347, 0.0425, 0.0825, 0.0703, 0.0278, 0.0382], [0.6865, 0.0422, 0.0434, 0.0767, 0.0564, 0.067, 0.0277], [0.7276, 0.035, 0.0196, 0.0149, 0.0849, 0.0461, 0.0719], [0.6415, 0.0705, 0.0709, 0.0611, 0.0591, 0.04, 0.0568], [0.7016, 0.0749, 0.0134, 0.0678, 0.0538, 0.0307, 0.0579], [0.7419, 0.0627, 0.0232, 0.0266, 0.0134, 0.0738, 0.0583], [0.6835, 0.065, 0.0259, 0.0587, 0.0849, 0.0592, 0.0228], [0.6841, 0.0161, 0.0609, 0.0761, 0.0342, 0.0509, 0.0777], [0.7272, 0.0565, 0.0401, 0.0476, 0.0306, 0.0297, 0.0683], [0.7101, 0.0202, 0.0654, 0.0392, 0.0127, 0.0753, 0.0771], [0.6908, 0.0605, 0.0563, 0.0324, 0.0477, 0.0449, 0.0674], [0.7487, 0.0186, 0.0181, 0.0978, 0.0352, 0.0389, 0.0427], [0.7188, 0.0442, 0.0463, 0.0644, 0.061, 0.0333, 0.0319], [0.6296, 0.0546, 0.0932, 0.076, 0.0555, 0.0473, 0.0436], [0.7112, 0.0543, 0.0193, 0.0597, 0.0115, 0.0651, 0.0789], [0.675, 0.0879, 0.0544, 0.0514, 0.0375, 0.0225, 0.0713], [0.6988, 0.0715, 0.0161, 0.0323, 0.0688, 0.0685, 0.0439], [0.7482, 0.055, 0.0522, 0.0265, 0.0305, 0.0604, 0.0273], [0.7051, 0.0585, 0.073, 0.038, 0.0222, 0.0309, 0.0723], [0.7204, 0.0646, 0.0348, 0.0457, 0.0486, 0.0515, 0.0344], [0.6337, 0.0379, 0.0766, 0.074, 0.0505, 0.0671, 0.0601], [0.6738, 0.0867, 0.0362, 0.0767, 0.0408, 0.0165, 0.0694], [0.7383, 0.0229, 0.0626, 0.0617, 0.019, 0.0581, 0.0376], [0.6227, 0.0736, 0.0722, 0.0465, 0.0814, 0.0309, 0.0728], [0.7239, 0.0306, 0.0564, 0.0694, 0.0134, 0.0276, 0.0786], [0.6516, 0.0245, 0.0474, 0.0641, 0.0734, 0.078, 0.061], [0.6596, 0.0638, 0.0622, 0.028, 0.0707, 0.0658, 0.0499], [0.6219, 0.0928, 0.0426, 0.0374, 0.0322, 0.0941, 0.0791], [0.7182, 0.0883, 0.0171, 0.0198, 0.0371, 0.0794, 0.0401], [0.7126, 0.034, 0.0831, 0.0165, 0.0379, 0.0314, 0.0845], [0.7425, 0.0499, 0.0335, 0.0602, 0.0557, 0.0414, 0.0168], [0.7004, 0.0578, 0.0338, 0.0741, 0.0458, 0.0199, 0.0682], [0.7011, 0.0316, 0.0175, 0.0793, 0.0782, 0.018, 0.0743], [0.7565, 0.0531, 0.0313, 0.0396, 0.0736, 0.0222, 0.0237], [0.7308, 0.042, 0.0785, 0.0471, 0.0414, 0.0166, 0.0436], [0.7135, 0.0802, 0.041, 0.0298, 0.0327, 0.0684, 0.0343], [0.6907, 0.0694, 0.0508, 0.0288, 0.0175, 0.0652, 0.0777], [0.7293, 0.0136, 0.0261, 0.0621, 0.0599, 0.0463, 0.0628], [0.7393, 0.0283, 0.0329, 0.043, 0.0242, 0.0589, 0.0735], [0.654, 0.0744, 0.0469, 0.0586, 0.0405, 0.06, 0.0655], [0.7708, 0.0151, 0.0304, 0.0641, 0.0207, 0.0829, 0.0159], [0.7649, 0.0597, 0.0387, 0.0485, 0.0252, 0.0488, 0.0143], [0.6642, 0.0478, 0.0773, 0.0487, 0.0282, 0.0527, 0.081], [0.7031, 0.0489, 0.0384, 0.0212, 0.0766, 0.0608, 0.0511], [0.735, 0.0748, 0.0433, 0.0607, 0.0444, 0.0192, 0.0225], [0.6526, 0.0655, 0.0514, 0.0896, 0.0803, 0.0358, 0.0248], [0.7087, 0.0266, 0.0635, 0.024, 0.0595, 0.0526, 0.0651], [0.738, 0.028, 0.0203, 0.0286, 0.0883, 0.0488, 0.0479], [0.6916, 0.074, 0.0499, 0.0614, 0.0443, 0.0591, 0.0198], [0.674, 0.0175, 0.0531, 0.0422, 0.0738, 0.0804, 0.0589], [0.7821, 0.0551, 0.0284, 0.035, 0.0339, 0.0189, 0.0467], [0.6685, 0.0849, 0.0457, 0.015, 0.0406, 0.0626, 0.0828], [0.6897, 0.0698, 0.0656, 0.0378, 0.0613, 0.0524, 0.0235], [0.6361, 0.0557, 0.0556, 0.0976, 0.0319, 0.0882, 0.0351], [0.6807, 0.0499, 0.0391, 0.0669, 0.0409, 0.0577, 0.0647], [0.7584, 0.055, 0.0231, 0.0262, 0.0611, 0.0519, 0.0244], [0.7222, 0.0314, 0.0644, 0.0252, 0.0519, 0.0336, 0.0714], [0.6025, 0.0675, 0.0782, 0.0876, 0.0586, 0.0683, 0.0373], [0.7455, 0.0445, 0.027, 0.0895, 0.0229, 0.0297, 0.0408], [0.7259, 0.035, 0.0494, 0.0376, 0.0631, 0.0244, 0.0645], [0.6991, 0.0539, 0.056, 0.041, 0.0603, 0.0351, 0.0546], [0.7046, 0.0247, 0.0512, 0.0457, 0.0719, 0.0206, 0.0813], [0.6857, 0.064, 0.0396, 0.0391, 0.0616, 0.0701, 0.0399], [0.7155, 0.0121, 0.0488, 0.0657, 0.0586, 0.0383, 0.061], [0.6657, 0.0689, 0.0282, 0.0639, 0.0434, 0.0716, 0.0583], [0.6725, 0.0491, 0.0761, 0.0296, 0.0337, 0.0766, 0.0624], [0.7131, 0.0402, 0.019, 0.0786, 0.043, 0.0571, 0.049], [0.7134, 0.0235, 0.0722, 0.0469, 0.0798, 0.0388, 0.0254], [0.651, 0.0388, 0.0724, 0.0502, 0.0916, 0.0316, 0.0644], [0.7392, 0.0403, 0.0387, 0.0178, 0.061, 0.0603, 0.0426], [0.7276, 0.0416, 0.0637, 0.0726, 0.0177, 0.0134, 0.0634], [0.6915, 0.0714, 0.0276, 0.0803, 0.0663, 0.0217, 0.0413], [0.7201, 0.0573, 0.0375, 0.0737, 0.043, 0.0313, 0.037], [0.7034, 0.0281, 0.0942, 0.0588, 0.0152, 0.0706, 0.0298], [0.699, 0.0374, 0.047, 0.0882, 0.0796, 0.013, 0.0358]], "emotions": ["red", "red", "red", "red", "red", "red", "red", "red", "red", "red", "red", "red", "red", "red", "red", "red", "red", "red", "red", "red", "red", "red", "red", "red", "red", "red", "red", "red", "red", "red", "red", "red", "red", "red", "red", "red", "red", "red", "red", "red", "red", "red", "red", "red", "red", "red", "red", "red", "red", "red", "red", "red", "red", "red", "red", "red", "red", "red", "red", "red", "red", "red", "red", "red", "red", "red", "red", "red", "red", "red", "red", "red", "red", "red", "red", "red", "red", "red", "red", "red"], "timestamps": [0, 40, 80, 120, 160, 200, 240, 280, 320, 360, 400, 440, 480, 520, 560, 600, 640, 680, 720, 760, 800, 840, 880, 920, 960, 1000, 1040, 1080, 1120, 1160, 1200, 1240, 1280, 1320, 1360, 1400, 1440, 1480, 1520, 1560, 1600, 1640, 1680, 1720, 1760, 1800, 1840, 1880, 1920, 1960, 2000, 2040, 2080, 2120, 2160, 2200, 2240, 2280, 2320, 2360, 2400, 2440, 2480, 2520, 2560, 2600, 2640, 2680, 2720, 2760, 2800, 2840, 2880, 2920, 2960, 3000, 3040, 3080, 3120, 3160]}], "conversation": [], "conversation_timestamps": []}