{"agent_id": "agent-purple-1689", "type": "purple", "trips": [{"trip_id": 0, "transport_method": "foot", "start_time": 0, "path": [[1.522327, 42.5087522], [1.5244666, 42.5078141], [1.5271326, 42.5083602], [1.5290371, 42.5089287], [1.5316377, 42.5096918], [1.5342456, 42.5099231], [1.5369681, 42.5100341], [1.5395755, 42.5100499], [1.5419621, 42.5088844], [1.543893, 42.5091889], [1.5457775, 42.5095331], [1.5464908, 42.5108048], [1.5490488, 42.5116534], [1.5501161, 42.512022], [1.5509528, 42.5125172], [1.5525756, 42.5137061], [1.5534619, 42.5161968], [1.5552582, 42.5181307], [1.5571833, 42.5198344], [1.5591814, 42.5217021], [1.5604637, 42.5225501], [1.5625077, 42.5243366], [1.5650097, 42.5253185], [1.5673447, 42.5267052], [1.5696714, 42.5281129], [1.5719027, 42.5293564], [1.5738163, 42.5306767], [1.5763461, 42.5316142], [1.5784039, 42.5318013], [1.5790822, 42.5317478], [1.5818188, 42.5316954], [1.5842892, 42.5326397], [1.5864567, 42.5342613], [1.5885637, 42.5358533], [1.5905688, 42.5375], [1.5918517, 42.5396105], [1.5917061, 42.5419457], [1.5918192, 42.5446032], [1.5916941, 42.546737], [1.5922548, 42.5487951], [1.5917344, 42.5514416], [1.5911904, 42.5526816], [1.5904584, 42.5538717], [1.5916484, 42.5559526], [1.5927885, 42.5578463], [1.5938225, 42.5600743], [1.5937558, 42.5613049], [1.5949636, 42.5632197], [1.5959517, 42.5643149], [1.5936713, 42.5629727], [1.5947703, 42.5629593], [1.596983, 42.5645436], [1.599159, 42.5655695], [1.6013479, 42.5670128], [1.6036176, 42.5683449], [1.6051746, 42.5702487], [1.6077439, 42.5710904], [1.6104087, 42.5714148], [1.6130131, 42.5720276], [1.6156545, 42.5726901], [1.6180976, 42.5735015], [1.6206094, 42.5744159], [1.6229031, 42.5758162], [1.6254478, 42.5767334], [1.6277165, 42.5777287], [1.6302899, 42.5784739], [1.6329853, 42.5781866], [1.6354658, 42.5778542], [1.6381724, 42.5782127], [1.6408945, 42.5782245], [1.643597, 42.5778146], [1.6462719, 42.5772826], [1.648627, 42.5762905], [1.6510848, 42.5752495], [1.6536543, 42.5749121], [1.6563141, 42.5753742], [1.6588461, 42.5761549], [1.6613877, 42.5763163], [1.6641188, 42.5761871], [1.6652293, 42.5760709]], "mood_vectors": [[0.077, 0.0884, 0.0199, 0.0279, 0.0256, 0.7374, 0.0238], [0.0141, 0.0469, 0.0554, 0.0367, 0.0748, 0.6989, 0.0732], [0.0296, 0.0689, 0.1055, 0.0263, 0.0592, 0.6839, 0.0266], [0.0284, 0.08, 0.0569, 0.0562, 0.0334, 0.7132, 0.032], [0.0497, 0.0443, 0.0309, 0.0589, 0.0312, 0.7261, 0.059], [0.0972, 0.0419, 0.0889, 0.0187, 0.0321, 0.6822, 0.039], [0.0204, 0.0302, 0.056, 0.0539, 0.0551, 0.7608, 0.0235], [0.0745, 0.0771, 0.0366, 0.0667, 0.0218, 0.6836, 0.0396], [0.0434, 0.0789, 0.0708, 0.0227, 0.0887, 0.6333, 0.0621], [0.0702, 0.0457, 0.0288, 0.0712, 0.0592, 0.6723, 0.0526], [0.0377, 0.0257, 0.0723, 0.0308, 0.0698, 0.6892, 0.0745], [0.0314, 0.0415, 0.022, 0.0648, 0.0761, 0.6998, 0.0644], [0.0585, 0.0553, 0.0672, 0.0562, 0.0384, 0.682, 0.0424], [0.0147, 0.0437, 0.0176, 0.0637, 0.0347, 0.7631, 0.0626], [0.0564, 0.0852, 0.0661, 0.0754, 0.0871, 0.5943, 0.0356], [0.0155, 0.0291, 0.0152, 0.0583, 0.0638, 0.7807, 0.0373], [0.0153, 0.0207, 0.0787, 0.0353, 0.0539, 0.7782, 0.0179], [0.0562, 0.0711, 0.0873, 0.0315, 0.0718, 0.652, 0.03], [0.0235, 0.0761, 0.0489, 0.0171, 0.0234, 0.7447, 0.0662], [0.0199, 0.0584, 0.0403, 0.0153, 0.0751, 0.7062, 0.0848], [0.0211, 0.0594, 0.0802, 0.0395, 0.0243, 0.7208, 0.0547], [0.0933, 0.044, 0.0381, 0.0827, 0.0218, 0.6332, 0.0869], [0.0603, 0.0614, 0.0338, 0.0285, 0.0852, 0.6386, 0.0922], [0.0589, 0.0274, 0.0274, 0.0588, 0.0473, 0.7405, 0.0397], [0.0643, 0.056, 0.0714, 0.0609, 0.0157, 0.7084, 0.0233], [0.0676, 0.0701, 0.061, 0.0549, 0.0497, 0.6343, 0.0624], [0.0577, 0.0556, 0.0625, 0.0605, 0.0285, 0.6731, 0.0621], [0.0807, 0.0665, 0.0435, 0.035, 0.0502, 0.6911, 0.0331], [0.0615, 0.0305, 0.0761, 0.0158, 0.0148, 0.749, 0.0522], [0.0613, 0.0685, 0.0509, 0.0642, 0.027, 0.6743, 0.0539], [0.0746, 0.0525, 0.0143, 0.0472, 0.0592, 0.6844, 0.0677], [0.0729, 0.0412, 0.0332, 0.0477, 0.0526, 0.6929, 0.0596], [0.0325, 0.0653, 0.0144, 0.0649, 0.0611, 0.7022, 0.0596], [0.0137, 0.0244, 0.0529, 0.0783, 0.0249, 0.7313, 0.0745], [0.0858, 0.086, 0.0763, 0.02, 0.03, 0.6253, 0.0765], [0.0503, 0.0543, 0.0686, 0.0517, 0.0359, 0.6871, 0.0521], [0.0698, 0.0413, 0.038, 0.0389, 0.0409, 0.6998, 0.0712], [0.045, 0.0256, 0.0609, 0.0658, 0.0241, 0.6986, 0.0799], [0.0161, 0.0742, 0.0152, 0.0188, 0.0417, 0.7921, 0.0419], [0.0666, 0.0405, 0.0507, 0.0308, 0.0733, 0.6999, 0.0382], [0.04, 0.0872, 0.0518, 0.0641, 0.019, 0.7007, 0.0373], [0.0277, 0.0757, 0.0676, 0.0659, 0.0771, 0.6608, 0.0253], [0.0235, 0.0472, 0.0328, 0.0433, 0.074, 0.6924, 0.0869], [0.0131, 0.0687, 0.0166, 0.0689, 0.058, 0.718, 0.0568], [0.0191, 0.0572, 0.0389, 0.0455, 0.062, 0.6881, 0.0893], [0.0525, 0.0306, 0.0449, 0.0672, 0.0316, 0.7159, 0.0574], [0.0783, 0.0728, 0.0242, 0.0441, 0.0608, 0.6806, 0.0391], [0.0855, 0.0517, 0.0736, 0.0578, 0.0821, 0.617, 0.0324], [0.0135, 0.0373, 0.0313, 0.0503, 0.09, 0.7476, 0.0301], [0.0739, 0.0618, 0.068, 0.0181, 0.0481, 0.6671, 0.063], [0.0873, 0.0768, 0.0336, 0.0634, 0.0596, 0.6468, 0.0324], [0.0238, 0.0474, 0.0446, 0.0793, 0.0257, 0.7568, 0.0225], [0.0415, 0.0825, 0.0126, 0.0784, 0.0628, 0.6916, 0.0307], [0.0422, 0.037, 0.0628, 0.0161, 0.0706, 0.74, 0.0312], [0.0237, 0.0374, 0.023, 0.042, 0.0618, 0.7853, 0.0268], [0.0701, 0.0658, 0.0537, 0.0708, 0.0355, 0.6479, 0.0562], [0.0725, 0.0415, 0.0467, 0.057, 0.0431, 0.6608, 0.0786], [0.0891, 0.0438, 0.0563, 0.0347, 0.0537, 0.6683, 0.054], [0.0541, 0.0306, 0.0272, 0.0205, 0.0743, 0.7251, 0.0682], [0.0173, 0.0545, 0.044, 0.0364, 0.0564, 0.7215, 0.0699], [0.0766, 0.0311, 0.0795, 0.0843, 0.024, 0.6678, 0.0367], [0.072, 0.0163, 0.0429, 0.0554, 0.0292, 0.7511, 0.0331], [0.0151, 0.0135, 0.0425, 0.0517, 0.0475, 0.8022, 0.0276], [0.0433, 0.0739, 0.0709, 0.0218, 0.0238, 0.723, 0.0433], [0.0304, 0.0716, 0.0485, 0.0493, 0.0273, 0.7276, 0.0452], [0.042, 0.0432, 0.0332, 0.0312, 0.0831, 0.7532, 0.0139], [0.0787, 0.0592, 0.0374, 0.0161, 0.0252, 0.7659, 0.0175], [0.039, 0.0357, 0.0842, 0.0917, 0.0295, 0.6835, 0.0364], [0.0531, 0.0392, 0.0405, 0.0596, 0.0164, 0.7697, 0.0215], [0.0565, 0.0791, 0.0442, 0.0215, 0.0464, 0.711, 0.0413], [0.0455, 0.0594, 0.0417, 0.0804, 0.0562, 0.6949, 0.0218], [0.0693, 0.0343, 0.0311, 0.0515, 0.0649, 0.7317, 0.0172], [0.0624, 0.0262, 0.0883, 0.0483, 0.0174, 0.6758, 0.0817], [0.0455, 0.0262, 0.051, 0.0293, 0.0682, 0.7288, 0.0511], [0.0556, 0.029, 0.0368, 0.0611, 0.0424, 0.7358, 0.0394], [0.0191, 0.0779, 0.0821, 0.0648, 0.0123, 0.7001, 0.0437], [0.0148, 0.0323, 0.0528, 0.0491, 0.0466, 0.7388, 0.0656], [0.0767, 0.0576, 0.0787, 0.0186, 0.0459, 0.6537, 0.0688], [0.0418, 0.0433, 0.0843, 0.0249, 0.0793, 0.6854, 0.041], [0.0412, 0.0933, 0.0699, 0.0895, 0.0344, 0.6091, 0.0625]], "emotions": ["purple", "purple", "purple", "purple", "purple", "purple", "purple", "purple", "purple", "purple", "purple", "purple", "purple", "purple", "purple", "purple", "purple", "purple", "purple", "purple", "purple", "purple", "purple", "purple", "purple", "purple", "purple", "purple", "purple", "purple", "purple", "purple", "purple", "purple", "purple", "purple", "purple", "purple", "purple", "purple", "purple", "purple", "purple", "purple", "purple", "purple", "purple", "purple", "purple", "purple", "purple", "purple", "purple", "purple", "purple", "purple", "purple", "purple", "purple", "purple", "purple", "purple", "purple", "purple", "purple", "purple", "purple", "purple", "purple", "purple", "purple", "purple", "purple", "purple", "purple", "purple", "purple", "purple", "purple", "purple"], "timestamps": [0, 40, 80, 120, 160, 200, 240, 280, 320, 360, 400, 440, 480, 520, 560, 600, 640, 680, 720, 760, 800, 840, 880, 920, 960, 1000, 1040, 1080, 1120, 1160, 1200, 1240, 1280, 1320, 1360, 1400, 1440, 1480, 1520, 1560, 1600, 1640, 1680, 1720, 1760, 1800, 1840, 1880, 1920, 1960, 2000, 2040, 2080, 2120, 2160, 2200, 2240, 2280, 2320, 2360, 2400, 2440, 2480, 2520, 2560, 2600, 2640, 2680, 2720, 2760, 2800, 2840, 2880, 2920, 2960, 3000, 3040, 3080, 3120, 3160]}], "conversation": [], "conversation_timestamps": []}