{"agent_id": "agent-red-16", "type": "red", "trips": [{"trip_id": 0, "transport_method": "car", "start_time": 0, "path": [[1.5191429, 42.5412193], [1.5194284, 42.539702], [1.5193797, 42.5398967], [1.5195316, 42.5387455], [1.520059, 42.5371677], [1.5211055, 42.535918], [1.5202779, 42.5348076], [1.5195738, 42.5334552], [1.5195683, 42.5318384], [1.5197848, 42.5310756], [1.5196658, 42.531008], [1.5203051, 42.5297444], [1.520457, 42.5281984], [1.5202181, 42.5267566], [1.5206165, 42.5251809], [1.5212661, 42.523688], [1.5220713, 42.5222429], [1.5233195, 42.5211478], [1.5238568, 42.519673], [1.5234053, 42.5209596], [1.5240251, 42.5194013], [1.5250891, 42.5182448], [1.5263605, 42.5172117], [1.5278318, 42.516499], [1.5291354, 42.5155046], [1.5303112, 42.5143457], [1.5306171, 42.5128077], [1.5303216, 42.5116248], [1.5295827, 42.5105262], [1.5284884, 42.5093388], [1.5291001, 42.5099283], [1.5278663, 42.5087945], [1.5262586, 42.5084371], [1.5247343, 42.5078727], [1.5230896, 42.5077863], [1.5215361, 42.5075218], [1.5198814, 42.507428], [1.5186994, 42.5067258], [1.5175655, 42.5060255], [1.5160445, 42.5054499], [1.5149025, 42.5046016], [1.5139396, 42.50368], [1.5127817, 42.5024926], [1.5113993, 42.5015495], [1.5098829, 42.5008675], [1.5083845, 42.5001184], [1.5068912, 42.4993702], [1.5053927, 42.4986181], [1.5038634, 42.497931], [1.5023505, 42.4972126], [1.500852, 42.4965288], [1.4998543, 42.4959751], [1.4987837, 42.4950334], [1.4983587, 42.4936591], [1.4975252, 42.4929609], [1.4972169, 42.4926897], [1.4959571, 42.4915833], [1.4949442, 42.4903317], [1.4941313, 42.4888649], [1.4933105, 42.4874024], [1.4926135, 42.48588], [1.4916372, 42.4846776], [1.4906189, 42.4834626], [1.489803, 42.4820076], [1.4894175, 42.4803969], [1.4897401, 42.4788026], [1.4905551, 42.4773398], [1.4908582, 42.4757827], [1.4905795, 42.4741531], [1.4908572, 42.4725555], [1.4916484, 42.4710769], [1.4920417, 42.4694764], [1.4915745, 42.4678693], [1.4918391, 42.4664042], [1.4911748, 42.4651495], [1.4909102, 42.4635787], [1.490838, 42.4622013], [1.4900517, 42.4612255], [1.4890982, 42.4598531], [1.4881187, 42.4592189]], "mood_vectors": [[0.6879, 0.0529, 0.0598, 0.0468, 0.0191, 0.0694, 0.0641], [0.7377, 0.0468, 0.033, 0.0247, 0.0506, 0.0735, 0.0338], [0.6735, 0.0281, 0.0341, 0.0806, 0.0608, 0.0433, 0.0796], [0.6922, 0.0639, 0.0214, 0.0465, 0.0572, 0.0349, 0.0838], [0.6532, 0.074, 0.0701, 0.0264, 0.069, 0.0539, 0.0534], [0.7894, 0.0355, 0.0199, 0.0402, 0.0469, 0.022, 0.0462], [0.7086, 0.0273, 0.0489, 0.0263, 0.0461, 0.0735, 0.0692], [0.7241, 0.0821, 0.0793, 0.0151, 0.0264, 0.019, 0.054], [0.7736, 0.0428, 0.0213, 0.0627, 0.0296, 0.0334, 0.0365], [0.7144, 0.0505, 0.0179, 0.0579, 0.0157, 0.0709, 0.0728], [0.6608, 0.0604, 0.0401, 0.0616, 0.0577, 0.06, 0.0593], [0.7261, 0.0546, 0.0258, 0.0141, 0.0614, 0.0679, 0.0501], [0.7209, 0.0699, 0.0351, 0.0739, 0.0314, 0.0519, 0.0169], [0.61, 0.0546, 0.0886, 0.0366, 0.0446, 0.0748, 0.0907], [0.6714, 0.0763, 0.0653, 0.0435, 0.0324, 0.0761, 0.035], [0.7389, 0.0353, 0.0507, 0.0303, 0.0261, 0.0858, 0.0331], [0.7688, 0.0325, 0.0363, 0.0214, 0.0586, 0.055, 0.0273], [0.6515, 0.0856, 0.057, 0.0293, 0.053, 0.0801, 0.0434], [0.7397, 0.0378, 0.039, 0.0187, 0.0395, 0.0691, 0.0562], [0.7557, 0.0726, 0.0454, 0.0174, 0.0209, 0.0306, 0.0574], [0.7818, 0.0665, 0.0284, 0.0176, 0.0236, 0.0367, 0.0453], [0.7345, 0.0183, 0.0649, 0.0804, 0.0156, 0.0203, 0.0662], [0.6615, 0.0506, 0.0702, 0.0554, 0.078, 0.0555, 0.0288], [0.7299, 0.0342, 0.032, 0.0563, 0.0576, 0.0313, 0.0587], [0.7428, 0.0189, 0.0507, 0.066, 0.0282, 0.0446, 0.0488], [0.7329, 0.0154, 0.0642, 0.0586, 0.0599, 0.0302, 0.0387], [0.6563, 0.0667, 0.0643, 0.0665, 0.0533, 0.0419, 0.0509], [0.6697, 0.0335, 0.0279, 0.0819, 0.0771, 0.0674, 0.0425], [0.6577, 0.0511, 0.0296, 0.097, 0.0715, 0.0444, 0.0488], [0.6675, 0.078, 0.0799, 0.0595, 0.0662, 0.0152, 0.0337], [0.693, 0.0422, 0.0534, 0.0359, 0.0617, 0.0424, 0.0715], [0.7351, 0.0203, 0.0598, 0.0354, 0.0736, 0.0195, 0.0563], [0.7066, 0.0499, 0.0671, 0.0197, 0.0805, 0.0552, 0.021], [0.689, 0.0161, 0.0467, 0.0811, 0.0428, 0.0445, 0.0798], [0.6334, 0.0295, 0.055, 0.0902, 0.0787, 0.044, 0.0692], [0.7463, 0.0398, 0.0427, 0.053, 0.0306, 0.0133, 0.0745], [0.7575, 0.0495, 0.071, 0.0155, 0.0333, 0.0141, 0.0591], [0.675, 0.0592, 0.0632, 0.0351, 0.0366, 0.0636, 0.0673], [0.7167, 0.0448, 0.0581, 0.06, 0.0125, 0.0607, 0.0473], [0.6726, 0.0506, 0.0374, 0.067, 0.0688, 0.0638, 0.0397], [0.6734, 0.0523, 0.0222, 0.0949, 0.0621, 0.0454, 0.0498], [0.7123, 0.0309, 0.0313, 0.0603, 0.0467, 0.0381, 0.0804], [0.6915, 0.0666, 0.0632, 0.0444, 0.0534, 0.0137, 0.0672], [0.7423, 0.025, 0.0433, 0.0282, 0.0723, 0.0227, 0.0661], [0.7188, 0.0499, 0.0165, 0.0374, 0.066, 0.0453, 0.0661], [0.6906, 0.0486, 0.0426, 0.0667, 0.0736, 0.0149, 0.063], [0.6854, 0.0343, 0.0297, 0.0575, 0.0517, 0.0526, 0.0888], [0.6106, 0.0521, 0.0578, 0.0727, 0.0721, 0.0872, 0.0475], [0.7897, 0.0134, 0.0509, 0.0214, 0.027, 0.0769, 0.0208], [0.6852, 0.0695, 0.0606, 0.0269, 0.0912, 0.0513, 0.0154], [0.6471, 0.0673, 0.0795, 0.0332, 0.0371, 0.0802, 0.0555], [0.6208, 0.0661, 0.0752, 0.0868, 0.0417, 0.0598, 0.0496], [0.6282, 0.0676, 0.0861, 0.081, 0.0245, 0.0653, 0.0474], [0.7204, 0.0514, 0.0936, 0.0139, 0.0701, 0.0295, 0.021], [0.6273, 0.0711, 0.0683, 0.021, 0.0721, 0.0943, 0.0459], [0.7088, 0.0293, 0.07, 0.0385, 0.0582, 0.0347, 0.0606], [0.7685, 0.0638, 0.0291, 0.0599, 0.0213, 0.0302, 0.0272], [0.7056, 0.0442, 0.0521, 0.0353, 0.0477, 0.0655, 0.0495], [0.7823, 0.0535, 0.0735, 0.0257, 0.0116, 0.0272, 0.0262], [0.7941, 0.0228, 0.0472, 0.0123, 0.018, 0.0835, 0.0223], [0.7213, 0.0451, 0.0332, 0.0655, 0.0288, 0.0396, 0.0665], [0.7533, 0.077, 0.0371, 0.0188, 0.0592, 0.0292, 0.0255], [0.7786, 0.0222, 0.0433, 0.0436, 0.0618, 0.0299, 0.0206], [0.6937, 0.0238, 0.0712, 0.0705, 0.0647, 0.0354, 0.0408], [0.6665, 0.0787, 0.0259, 0.0391, 0.0796, 0.0841, 0.0262], [0.6573, 0.0606, 0.0399, 0.0868, 0.0871, 0.0539, 0.0145], [0.7079, 0.058, 0.0405, 0.0834, 0.0625, 0.0316, 0.0161], [0.6961, 0.0644, 0.0464, 0.0564, 0.0452, 0.0248, 0.0667], [0.7479, 0.0185, 0.0367, 0.0534, 0.0602, 0.0597, 0.0235], [0.6535, 0.081, 0.0232, 0.0494, 0.071, 0.0389, 0.0829], [0.6176, 0.0605, 0.0665, 0.0368, 0.0617, 0.0785, 0.0783], [0.6771, 0.0745, 0.0447, 0.0152, 0.0697, 0.0489, 0.07], [0.7673, 0.072, 0.0244, 0.0336, 0.0263, 0.0164, 0.0601], [0.6757, 0.059, 0.0742, 0.0815, 0.0352, 0.0535, 0.0209], [0.732, 0.0206, 0.0893, 0.0207, 0.0883, 0.0284, 0.0206], [0.782, 0.0128, 0.0231, 0.0122, 0.0552, 0.043, 0.0717], [0.6227, 0.0605, 0.0792, 0.0736, 0.0653, 0.0646, 0.0341], [0.7585, 0.0302, 0.0496, 0.0393, 0.0679, 0.0298, 0.0248], [0.7484, 0.043, 0.0184, 0.037, 0.0376, 0.0666, 0.0489], [0.6783, 0.0245, 0.0812, 0.0547, 0.0234, 0.0535, 0.0844]], "emotions": ["red", "red", "red", "red", "red", "red", "red", "red", "red", "red", "red", "red", "red", "red", "red", "red", "red", "red", "red", "red", "red", "red", "red", "red", "red", "red", "red", "red", "red", "red", "red", "red", "red", "red", "red", "red", "red", "red", "red", "red", "red", "red", "red", "red", "red", "red", "red", "red", "red", "red", "red", "red", "red", "red", "red", "red", "red", "red", "red", "red", "red", "red", "red", "red", "red", "red", "red", "red", "red", "red", "red", "red", "red", "red", "red", "red", "red", "red", "red", "red"], "timestamps": [0, 40, 80, 120, 160, 200, 240, 280, 320, 360, 400, 440, 480, 520, 560, 600, 640, 680, 720, 760, 800, 840, 880, 920, 960, 1000, 1040, 1080, 1120, 1160, 1200, 1240, 1280, 1320, 1360, 1400, 1440, 1480, 1520, 1560, 1600, 1640, 1680, 1720, 1760, 1800, 1840, 1880, 1920, 1960, 2000, 2040, 2080, 2120, 2160, 2200, 2240, 2280, 2320, 2360, 2400, 2440, 2480, 2520, 2560, 2600, 2640, 2680, 2720, 2760, 2800, 2840, 2880, 2920, 2960, 3000, 3040, 3080, 3120, 3160]}], "conversation": [], "conversation_timestamps": []}