{"agent_id": "agent-red-1371", "type": "red", "trips": [{"trip_id": 0, "transport_method": "car", "start_time": 0, "path": [[1.5825029, 42.5349607], [1.5817747, 42.5342468], [1.5808151, 42.5339349], [1.5804522, 42.5338267], [1.5795223, 42.5333539], [1.5785388, 42.5330093], [1.5774999, 42.5328904], [1.5764662, 42.5327283], [1.5770082, 42.5327954], [1.5777712, 42.5329284], [1.5767435, 42.5327323], [1.5757157, 42.5325362], [1.574688, 42.5323401], [1.5753784, 42.5325083], [1.575836, 42.5324859], [1.5748948, 42.532029], [1.5739535, 42.5315721], [1.5730122, 42.5311152], [1.5736069, 42.5318], [1.5740496, 42.5321315], [1.5733099, 42.5313915], [1.5725702, 42.5306515], [1.5719362, 42.5298252], [1.5710993, 42.529204], [1.5702625, 42.5285759], [1.5695042, 42.5280029], [1.5703784, 42.5285778], [1.5711908, 42.5292267], [1.5706597, 42.5289319], [1.5697889, 42.5283519], [1.5689181, 42.5277718], [1.5680473, 42.5271918], [1.567807, 42.5270447], [1.5687475, 42.527501], [1.568635, 42.5274975], [1.5677662, 42.5269145], [1.5668974, 42.5263315], [1.5660286, 42.5257529], [1.5650696, 42.5253377], [1.564078, 42.5250718], [1.5631185, 42.5246819], [1.5622807, 42.5240856], [1.561572, 42.5233211], [1.5607244, 42.522708], [1.5598878, 42.5221312], [1.5590212, 42.5215713], [1.5582324, 42.5208842], [1.5574877, 42.5201495], [1.5567807, 42.5194172], [1.5565774, 42.5190956], [1.5562405, 42.518694], [1.5564961, 42.5191454], [1.5556985, 42.5184682], [1.5553977, 42.5180691], [1.5550821, 42.5180064], [1.5542964, 42.5173155], [1.5538265, 42.516978], [1.5545577, 42.5177145], [1.5539042, 42.5169303], [1.5534173, 42.5160284], [1.5528991, 42.5151325], [1.5527273, 42.514132], [1.5521621, 42.5133435], [1.5512592, 42.5128256], [1.5504567, 42.5121811], [1.5495063, 42.5117758], [1.5486197, 42.5117994], [1.547598, 42.5115754], [1.5465822, 42.5113262], [1.545742, 42.510728], [1.5450638, 42.5100036], [1.5441079, 42.5097708], [1.543225, 42.5094863], [1.5423801, 42.509748], [1.5419225, 42.5106532], [1.5415993, 42.5115838], [1.5405789, 42.5117762], [1.539655, 42.5122204], [1.5386968, 42.5125639], [1.5376711, 42.5127534]], "mood_vectors": [[0.754, 0.0632, 0.0475, 0.0367, 0.044, 0.0238, 0.0308], [0.7489, 0.0471, 0.0626, 0.0129, 0.0831, 0.0214, 0.024], [0.6564, 0.0456, 0.0688, 0.0506, 0.0534, 0.0692, 0.056], [0.6288, 0.0816, 0.0649, 0.0587, 0.0521, 0.093, 0.0209], [0.7259, 0.0562, 0.0292, 0.0731, 0.0237, 0.0369, 0.055], [0.6654, 0.0668, 0.022, 0.0784, 0.0797, 0.0363, 0.0514], [0.7182, 0.0328, 0.0572, 0.0704, 0.0237, 0.0241, 0.0736], [0.6514, 0.0746, 0.0332, 0.0791, 0.0464, 0.0597, 0.0557], [0.7191, 0.0757, 0.0484, 0.0215, 0.0423, 0.0764, 0.0166], [0.7032, 0.0741, 0.0257, 0.0515, 0.0277, 0.0369, 0.0809], [0.6169, 0.0718, 0.0629, 0.0617, 0.0613, 0.0722, 0.0531], [0.7497, 0.0654, 0.0191, 0.047, 0.0625, 0.0252, 0.0311], [0.6803, 0.0237, 0.0768, 0.0166, 0.0875, 0.0645, 0.0506], [0.6936, 0.0638, 0.0442, 0.0544, 0.0579, 0.0296, 0.0566], [0.6326, 0.0715, 0.0797, 0.0597, 0.0533, 0.0841, 0.0191], [0.6367, 0.0841, 0.0371, 0.0615, 0.042, 0.0763, 0.0623], [0.6119, 0.0793, 0.0196, 0.0899, 0.058, 0.0926, 0.0488], [0.6947, 0.0687, 0.0309, 0.0738, 0.03, 0.0764, 0.0255], [0.7191, 0.0309, 0.043, 0.0578, 0.0324, 0.0784, 0.0385], [0.7224, 0.0211, 0.0562, 0.0622, 0.0188, 0.0591, 0.0603], [0.6489, 0.0738, 0.0556, 0.0537, 0.0323, 0.0787, 0.057], [0.6898, 0.0512, 0.0234, 0.0607, 0.0729, 0.0813, 0.0207], [0.6839, 0.0726, 0.0349, 0.013, 0.0703, 0.0796, 0.0456], [0.7059, 0.0236, 0.0336, 0.0674, 0.074, 0.0625, 0.033], [0.6575, 0.0577, 0.032, 0.0491, 0.079, 0.0536, 0.0711], [0.747, 0.0306, 0.0672, 0.0446, 0.0268, 0.0413, 0.0425], [0.7552, 0.0824, 0.0219, 0.0142, 0.0194, 0.0901, 0.0167], [0.8024, 0.0145, 0.0353, 0.05, 0.0474, 0.014, 0.0363], [0.7861, 0.0439, 0.0221, 0.0267, 0.0153, 0.0798, 0.026], [0.685, 0.0464, 0.0679, 0.0619, 0.0698, 0.0259, 0.043], [0.6907, 0.0807, 0.017, 0.0366, 0.0356, 0.1135, 0.0259], [0.7216, 0.0701, 0.0161, 0.0361, 0.0589, 0.0742, 0.0231], [0.709, 0.0585, 0.08, 0.0397, 0.0517, 0.0193, 0.0418], [0.7117, 0.0391, 0.0248, 0.0632, 0.0252, 0.0458, 0.0901], [0.6817, 0.0465, 0.0456, 0.0486, 0.0494, 0.059, 0.0693], [0.6173, 0.0966, 0.0428, 0.0464, 0.0836, 0.0564, 0.0569], [0.6982, 0.0245, 0.0836, 0.0557, 0.0605, 0.0335, 0.044], [0.6874, 0.0568, 0.0494, 0.0462, 0.0503, 0.044, 0.0659], [0.7118, 0.0558, 0.0141, 0.0648, 0.0475, 0.0322, 0.0737], [0.6357, 0.0655, 0.0556, 0.0277, 0.0761, 0.0572, 0.0821], [0.7715, 0.0765, 0.0278, 0.0167, 0.0137, 0.0576, 0.0362], [0.6771, 0.0182, 0.0389, 0.0348, 0.0923, 0.0857, 0.0529], [0.6554, 0.0633, 0.0548, 0.0311, 0.0651, 0.0586, 0.0716], [0.5947, 0.072, 0.0459, 0.0811, 0.0694, 0.0819, 0.0549], [0.5965, 0.0686, 0.0767, 0.041, 0.0551, 0.0711, 0.091], [0.7073, 0.0275, 0.073, 0.0547, 0.0468, 0.0731, 0.0176], [0.7347, 0.0264, 0.0294, 0.0684, 0.0435, 0.0491, 0.0485], [0.6232, 0.0367, 0.0835, 0.089, 0.0769, 0.0667, 0.0239], [0.657, 0.0437, 0.0884, 0.0266, 0.0573, 0.0527, 0.0743], [0.7203, 0.0324, 0.0521, 0.0231, 0.0573, 0.038, 0.0768], [0.6817, 0.0305, 0.0917, 0.0898, 0.0356, 0.0518, 0.019], [0.7517, 0.0225, 0.0289, 0.0181, 0.0688, 0.0496, 0.0603], [0.7709, 0.0388, 0.0541, 0.0152, 0.0292, 0.0359, 0.0559], [0.6366, 0.0158, 0.0922, 0.0607, 0.0323, 0.0776, 0.0848], [0.7328, 0.0377, 0.0763, 0.0215, 0.0312, 0.0829, 0.0175], [0.7338, 0.056, 0.052, 0.0386, 0.0126, 0.0397, 0.0673], [0.6256, 0.0483, 0.0543, 0.0583, 0.0705, 0.0916, 0.0515], [0.72, 0.0356, 0.0254, 0.0531, 0.0554, 0.0428, 0.0676], [0.7459, 0.0151, 0.0503, 0.0492, 0.0357, 0.0347, 0.0691], [0.6679, 0.0778, 0.0626, 0.0475, 0.0488, 0.0473, 0.0481], [0.7901, 0.0517, 0.0153, 0.054, 0.0187, 0.055, 0.0152], [0.6828, 0.0576, 0.0584, 0.052, 0.0246, 0.0663, 0.0584], [0.7329, 0.0744, 0.0383, 0.0439, 0.0156, 0.06, 0.035], [0.739, 0.0448, 0.0157, 0.0769, 0.0674, 0.0446, 0.0116], [0.7155, 0.0706, 0.0292, 0.079, 0.0488, 0.0404, 0.0164], [0.7338, 0.0392, 0.0615, 0.0474, 0.0353, 0.0374, 0.0453], [0.6505, 0.0133, 0.0689, 0.0733, 0.0576, 0.0827, 0.0536], [0.7078, 0.0678, 0.0682, 0.0266, 0.0236, 0.0422, 0.0639], [0.6927, 0.0126, 0.0565, 0.0442, 0.0635, 0.0526, 0.0779], [0.6857, 0.0804, 0.0364, 0.0519, 0.0649, 0.0404, 0.0402], [0.7162, 0.076, 0.0389, 0.0175, 0.0455, 0.0464, 0.0595], [0.6735, 0.0428, 0.07, 0.064, 0.0261, 0.0448, 0.0788], [0.7706, 0.0288, 0.0245, 0.0323, 0.0615, 0.0644, 0.0178], [0.7446, 0.0415, 0.077, 0.0307, 0.0144, 0.0507, 0.0411], [0.6494, 0.0132, 0.071, 0.0781, 0.0556, 0.0748, 0.0581], [0.6698, 0.0703, 0.018, 0.0296, 0.0707, 0.0737, 0.0679], [0.7428, 0.0502, 0.0421, 0.033, 0.0508, 0.0228, 0.0583], [0.6917, 0.0511, 0.0782, 0.0745, 0.0264, 0.0619, 0.0163], [0.6961, 0.0643, 0.0631, 0.0605, 0.0534, 0.0139, 0.0488], [0.714, 0.043, 0.0419, 0.0805, 0.0184, 0.0395, 0.0627]], "emotions": ["red", "red", "red", "red", "red", "red", "red", "red", "red", "red", "red", "red", "red", "red", "red", "red", "red", "red", "red", "red", "red", "red", "red", "red", "red", "red", "red", "red", "red", "red", "red", "red", "red", "red", "red", "red", "red", "red", "red", "red", "red", "red", "red", "red", "red", "red", "red", "red", "red", "red", "red", "red", "red", "red", "red", "red", "red", "red", "red", "red", "red", "red", "red", "red", "red", "red", "red", "red", "red", "red", "red", "red", "red", "red", "red", "red", "red", "red", "red", "red"], "timestamps": [0, 40, 80, 120, 160, 200, 240, 280, 320, 360, 400, 440, 480, 520, 560, 600, 640, 680, 720, 760, 800, 840, 880, 920, 960, 1000, 1040, 1080, 1120, 1160, 1200, 1240, 1280, 1320, 1360, 1400, 1440, 1480, 1520, 1560, 1600, 1640, 1680, 1720, 1760, 1800, 1840, 1880, 1920, 1960, 2000, 2040, 2080, 2120, 2160, 2200, 2240, 2280, 2320, 2360, 2400, 2440, 2480, 2520, 2560, 2600, 2640, 2680, 2720, 2760, 2800, 2840, 2880, 2920, 2960, 3000, 3040, 3080, 3120, 3160]}], "conversation": [], "conversation_timestamps": []}