{"agent_id": "agent-green-1812", "type": "green", "trips": [{"trip_id": 0, "transport_method": "foot", "start_time": 0, "path": [[1.5153536, 42.5051651], [1.5154919, 42.505239], [1.5156422, 42.5052883], [1.515793, 42.5053364], [1.5159438, 42.5053845], [1.5160921, 42.5054396], [1.5162385, 42.5054999], [1.5163814, 42.5055677], [1.5165235, 42.5056375], [1.5166656, 42.5057072], [1.5168077, 42.5057769], [1.5169462, 42.505842], [1.5171001, 42.5058789], [1.5172548, 42.5059123], [1.5174109, 42.5059384], [1.517567, 42.5059644], [1.5177232, 42.5059904], [1.5178793, 42.5060164], [1.5180199, 42.5060807], [1.5181389, 42.5061852], [1.5182572, 42.5062902], [1.5183746, 42.5063965], [1.5184919, 42.5065027], [1.5186093, 42.5066089], [1.5187376, 42.5067007], [1.5188667, 42.5067903], [1.5189586, 42.5069191], [1.5190682, 42.5070292], [1.5192091, 42.5071007], [1.5193521, 42.5071685], [1.519491, 42.5072443], [1.5196269, 42.5073253], [1.5197629, 42.5074063], [1.5199131, 42.5074251], [1.5200708, 42.5074118], [1.5202287, 42.5074007], [1.5203854, 42.5073866], [1.5205088, 42.5072875], [1.5206492, 42.5072262], [1.5208002, 42.5071985], [1.5209166, 42.5070911], [1.5210354, 42.5069869], [1.5211632, 42.5068934], [1.5212909, 42.5068], [1.5214187, 42.5067065], [1.5215464, 42.506613], [1.5214174, 42.5066202], [1.5213041, 42.5067271], [1.5211893, 42.5068361], [1.521074, 42.5069446], [1.5210534, 42.5069602], [1.5211641, 42.506847], [1.5212748, 42.5067338], [1.5213854, 42.5066207], [1.5214961, 42.5065075], [1.5216068, 42.5063943], [1.5217174, 42.5062812], [1.5217973, 42.5061464], [1.521866, 42.5060038], [1.5219346, 42.5058612], [1.5220032, 42.5057185], [1.5220595, 42.5055727], [1.5220686, 42.5054147], [1.5220776, 42.5052567], [1.5220866, 42.5050986], [1.5220941, 42.5049405], [1.5221329, 42.5047951], [1.5222347, 42.5046739], [1.5223426, 42.5045686], [1.5224999, 42.5045845], [1.5226576, 42.5045979], [1.5228137, 42.5045778], [1.5228348, 42.5044239], [1.5227954, 42.5042718], [1.5226975, 42.5041492], [1.5225872, 42.5040357], [1.5224768, 42.5039223], [1.5223665, 42.5038088], [1.5222561, 42.5036953], [1.5221458, 42.5035818]], "mood_vectors": [[0.0944, 0.0327, 0.0965, 0.033, 0.0736, 0.0155, 0.6543], [0.0434, 0.0161, 0.0592, 0.0583, 0.0344, 0.0342, 0.7544], [0.048, 0.0286, 0.0423, 0.0243, 0.0181, 0.0738, 0.7648], [0.058, 0.0543, 0.0321, 0.0198, 0.0428, 0.0704, 0.7226], [0.026, 0.0407, 0.0563, 0.0694, 0.0555, 0.0392, 0.7128], [0.1003, 0.0422, 0.0525, 0.0356, 0.0387, 0.0709, 0.6597], [0.0696, 0.0542, 0.0604, 0.0136, 0.0651, 0.038, 0.699], [0.065, 0.0717, 0.0438, 0.0671, 0.0571, 0.0255, 0.6698], [0.0506, 0.0879, 0.0536, 0.0788, 0.032, 0.0749, 0.6223], [0.0626, 0.0122, 0.066, 0.0524, 0.0545, 0.0455, 0.7068], [0.02, 0.0711, 0.0516, 0.0475, 0.0749, 0.0547, 0.6802], [0.0264, 0.0883, 0.0423, 0.0268, 0.0291, 0.0596, 0.7276], [0.0745, 0.0734, 0.0552, 0.0205, 0.0499, 0.0524, 0.6741], [0.0401, 0.074, 0.0672, 0.0391, 0.0396, 0.0813, 0.6587], [0.0545, 0.0213, 0.0683, 0.0643, 0.0525, 0.0854, 0.6537], [0.0823, 0.0813, 0.07, 0.0472, 0.0503, 0.043, 0.6259], [0.0624, 0.0585, 0.0664, 0.0233, 0.042, 0.0298, 0.7176], [0.0742, 0.0415, 0.071, 0.0122, 0.0436, 0.06, 0.6975], [0.0171, 0.0799, 0.0365, 0.024, 0.0609, 0.0825, 0.6991], [0.0383, 0.0435, 0.042, 0.0557, 0.0419, 0.024, 0.7545], [0.0512, 0.0172, 0.0777, 0.0385, 0.0482, 0.0623, 0.7049], [0.0588, 0.0312, 0.0651, 0.079, 0.0405, 0.0537, 0.6716], [0.0531, 0.0162, 0.08, 0.0744, 0.052, 0.0709, 0.6534], [0.0168, 0.0914, 0.1003, 0.0277, 0.0377, 0.0217, 0.7044], [0.0651, 0.0358, 0.0392, 0.0189, 0.06, 0.036, 0.7449], [0.038, 0.0498, 0.0488, 0.0667, 0.0394, 0.0261, 0.7313], [0.0899, 0.0874, 0.053, 0.0207, 0.0372, 0.0297, 0.6822], [0.0672, 0.0551, 0.053, 0.0356, 0.0625, 0.0355, 0.6911], [0.0255, 0.0393, 0.0206, 0.0297, 0.0436, 0.0359, 0.8053], [0.0336, 0.0342, 0.0751, 0.0534, 0.0438, 0.014, 0.7459], [0.0642, 0.0469, 0.0457, 0.0365, 0.0878, 0.0153, 0.7036], [0.0445, 0.024, 0.0455, 0.0237, 0.0187, 0.0712, 0.7724], [0.0752, 0.0204, 0.0329, 0.0844, 0.0732, 0.0411, 0.6727], [0.0249, 0.0809, 0.0631, 0.0197, 0.0946, 0.0901, 0.6268], [0.04, 0.0746, 0.043, 0.0141, 0.0841, 0.0342, 0.7101], [0.0134, 0.0506, 0.0303, 0.0221, 0.0254, 0.013, 0.8454], [0.0534, 0.0388, 0.015, 0.0889, 0.0215, 0.0923, 0.6901], [0.0676, 0.1035, 0.0345, 0.0836, 0.0396, 0.0189, 0.6523], [0.0288, 0.0288, 0.0347, 0.0522, 0.0283, 0.0648, 0.7625], [0.0504, 0.0196, 0.0168, 0.0622, 0.0401, 0.0438, 0.7669], [0.0444, 0.047, 0.0777, 0.0232, 0.0699, 0.0601, 0.6777], [0.0621, 0.0439, 0.0824, 0.0654, 0.0641, 0.0534, 0.6287], [0.0226, 0.0816, 0.0775, 0.0533, 0.0697, 0.0203, 0.6749], [0.066, 0.029, 0.0639, 0.0546, 0.0411, 0.0465, 0.6988], [0.039, 0.0694, 0.0402, 0.0407, 0.0302, 0.0208, 0.7597], [0.0336, 0.0494, 0.1013, 0.0719, 0.024, 0.0204, 0.6995], [0.0756, 0.0532, 0.0569, 0.024, 0.0739, 0.0731, 0.6433], [0.0494, 0.0266, 0.0438, 0.034, 0.0638, 0.0489, 0.7335], [0.0145, 0.0437, 0.0931, 0.0617, 0.0645, 0.0845, 0.638], [0.0494, 0.0645, 0.0458, 0.0641, 0.033, 0.0719, 0.6713], [0.0516, 0.0195, 0.0291, 0.0698, 0.0599, 0.0791, 0.6911], [0.0423, 0.0307, 0.061, 0.0343, 0.0188, 0.0649, 0.7481], [0.0545, 0.0768, 0.0342, 0.0824, 0.0448, 0.0185, 0.6888], [0.0756, 0.0343, 0.0294, 0.066, 0.0632, 0.0237, 0.7079], [0.0656, 0.0494, 0.0253, 0.0875, 0.0264, 0.0478, 0.698], [0.0497, 0.0275, 0.0684, 0.0127, 0.0165, 0.079, 0.7462], [0.0673, 0.0683, 0.0867, 0.0576, 0.0269, 0.0203, 0.673], [0.0452, 0.023, 0.0718, 0.0784, 0.0596, 0.0601, 0.6618], [0.0347, 0.0338, 0.0496, 0.0783, 0.0307, 0.0131, 0.7598], [0.0306, 0.0182, 0.0331, 0.0193, 0.0496, 0.0587, 0.7904], [0.0477, 0.0495, 0.0566, 0.0257, 0.0377, 0.0499, 0.7328], [0.0399, 0.0633, 0.0597, 0.0389, 0.0127, 0.0617, 0.7239], [0.0803, 0.0247, 0.0785, 0.0809, 0.0274, 0.0368, 0.6715], [0.0522, 0.0492, 0.0533, 0.0171, 0.0336, 0.0376, 0.7571], [0.013, 0.0417, 0.0642, 0.0481, 0.0617, 0.0776, 0.6937], [0.0669, 0.0383, 0.0781, 0.0592, 0.0349, 0.022, 0.7006], [0.0609, 0.0745, 0.0791, 0.0614, 0.0373, 0.0852, 0.6016], [0.064, 0.0346, 0.0575, 0.0629, 0.0554, 0.0544, 0.6713], [0.0684, 0.0523, 0.0748, 0.0175, 0.0258, 0.0291, 0.7321], [0.0501, 0.0473, 0.03, 0.047, 0.0671, 0.0563, 0.7021], [0.0645, 0.0501, 0.0323, 0.0508, 0.0517, 0.0671, 0.6836], [0.0834, 0.0438, 0.0364, 0.0301, 0.0368, 0.0254, 0.7441], [0.0411, 0.0403, 0.0423, 0.0453, 0.0479, 0.0677, 0.7155], [0.0375, 0.0782, 0.0534, 0.0377, 0.0281, 0.0518, 0.7133], [0.0338, 0.03, 0.0229, 0.0878, 0.034, 0.0169, 0.7746], [0.0608, 0.0247, 0.0705, 0.033, 0.0204, 0.0725, 0.7181], [0.0471, 0.0613, 0.0386, 0.089, 0.044, 0.0584, 0.6615], [0.0456, 0.0564, 0.0577, 0.0546, 0.0439, 0.0509, 0.691], [0.0498, 0.0729, 0.0682, 0.068, 0.0315, 0.0727, 0.6368], [0.0853, 0.0451, 0.0313, 0.0399, 0.0603, 0.0825, 0.6557]], "emotions": ["purple", "purple", "purple", "purple", "purple", "purple", "purple", "purple", "purple", "purple", "purple", "purple", "purple", "purple", "purple", "purple", "purple", "purple", "purple", "purple", "purple", "purple", "purple", "purple", "purple", "purple", "purple", "purple", "purple", "purple", "purple", "purple", "purple", "purple", "purple", "purple", "purple", "purple", "purple", "purple", "purple", "purple", "purple", "purple", "purple", "purple", "purple", "purple", "purple", "purple", "purple", "purple", "purple", "purple", "purple", "purple", "purple", "purple", "purple", "purple", "purple", "purple", "purple", "purple", "purple", "purple", "purple", "purple", "purple", "purple", "purple", "purple", "purple", "purple", "purple", "purple", "purple", "purple", "purple", "purple"], "timestamps": [0, 40, 80, 120, 160, 200, 240, 280, 320, 360, 400, 440, 480, 520, 560, 600, 640, 680, 720, 760, 800, 840, 880, 920, 960, 1000, 1040, 1080, 1120, 1160, 1200, 1240, 1280, 1320, 1360, 1400, 1440, 1480, 1520, 1560, 1600, 1640, 1680, 1720, 1760, 1800, 1840, 1880, 1920, 1960, 2000, 2040, 2080, 2120, 2160, 2200, 2240, 2280, 2320, 2360, 2400, 2440, 2480, 2520, 2560, 2600, 2640, 2680, 2720, 2760, 2800, 2840, 2880, 2920, 2960, 3000, 3040, 3080, 3120, 3160]}], "conversation": [], "conversation_timestamps": []}