{"agent_id": "agent-orange-33", "type": "orange", "trips": [{"trip_id": 0, "transport_method": "bicycle", "start_time": 0, "path": [[1.5021144, 42.5002057], [1.5014503, 42.4998199], [1.5015498, 42.4995681], [1.5022027, 42.4997918], [1.5017248, 42.4993837], [1.5013967, 42.4987226], [1.5017016, 42.498263], [1.5012733, 42.4984937], [1.5019184, 42.4981848], [1.5026697, 42.498366], [1.5030589, 42.4977686], [1.5036877, 42.4978417], [1.5043836, 42.4981782], [1.5050927, 42.4984867], [1.5057861, 42.4988279], [1.5064767, 42.4991756], [1.5071771, 42.4995035], [1.507878, 42.4998302], [1.5085526, 42.5001959], [1.5092474, 42.5005352], [1.5095489, 42.5006792], [1.5092749, 42.5005452], [1.5099768, 42.5008697], [1.5106788, 42.5011942], [1.5111716, 42.5014141], [1.5104576, 42.5011254], [1.510517, 42.5011734], [1.5112448, 42.5014346], [1.5119727, 42.5016959], [1.511862, 42.5017153], [1.5120063, 42.5016558], [1.5127795, 42.5016711], [1.513455, 42.5020237], [1.5140143, 42.5023784], [1.513446, 42.5018699], [1.5129449, 42.5017068], [1.5136411, 42.5020435], [1.5143372, 42.5023802], [1.5146616, 42.502503], [1.5153053, 42.5029316], [1.5157653, 42.5032274], [1.5151205, 42.5028014], [1.5157358, 42.5032199], [1.516397, 42.5036161], [1.5171558, 42.5037452], [1.5179249, 42.5036834], [1.5186919, 42.5035844], [1.5193679, 42.5038095], [1.5201128, 42.5039061], [1.5208276, 42.5042012], [1.5215492, 42.5044778], [1.5221966, 42.5048057], [1.522952, 42.5047679], [1.5237154, 42.5048729], [1.5244766, 42.505008], [1.5252355, 42.505157], [1.5259943, 42.5053059], [1.5267648, 42.5052982], [1.527534, 42.505329], [1.5274856, 42.5053377], [1.5282576, 42.5052914], [1.5290212, 42.5053916], [1.529783, 42.5055249], [1.5305399, 42.5056809], [1.531298, 42.505832], [1.5320459, 42.5059326], [1.5327397, 42.5062605], [1.533497, 42.5064171], [1.5342582, 42.5065342], [1.5350164, 42.5066454], [1.5357739, 42.5068011], [1.5365245, 42.5069817], [1.5371835, 42.5072346], [1.5378897, 42.507508], [1.5372532, 42.507238], [1.5372718, 42.5073442], [1.5379295, 42.5077508], [1.5375713, 42.507232], [1.5380437, 42.507309], [1.5374255, 42.5072107]], "mood_vectors": [[0.0577, 0.026, 0.0346, 0.0634, 0.7349, 0.0547, 0.0286], [0.0798, 0.0725, 0.0614, 0.0157, 0.6664, 0.0284, 0.0758], [0.0778, 0.0327, 0.044, 0.0559, 0.6877, 0.0648, 0.0371], [0.0245, 0.0734, 0.0515, 0.0424, 0.724, 0.0125, 0.0717], [0.0708, 0.0767, 0.0498, 0.0512, 0.6078, 0.0553, 0.0883], [0.0222, 0.0761, 0.0586, 0.0509, 0.6862, 0.047, 0.0591], [0.0792, 0.0338, 0.0293, 0.0194, 0.6838, 0.081, 0.0735], [0.0192, 0.0513, 0.0525, 0.0531, 0.7236, 0.0705, 0.0297], [0.0245, 0.0726, 0.0176, 0.1024, 0.6801, 0.074, 0.0287], [0.0286, 0.0781, 0.0616, 0.0469, 0.7136, 0.0387, 0.0325], [0.0658, 0.0728, 0.0784, 0.0643, 0.6341, 0.0232, 0.0614], [0.0548, 0.0207, 0.05, 0.0216, 0.7707, 0.0454, 0.0369], [0.0718, 0.0449, 0.0381, 0.0396, 0.7478, 0.0238, 0.0339], [0.0549, 0.0171, 0.0403, 0.0182, 0.7741, 0.0243, 0.071], [0.0354, 0.0641, 0.0703, 0.0113, 0.76, 0.0448, 0.0141], [0.0178, 0.0328, 0.0458, 0.033, 0.8029, 0.0437, 0.0241], [0.0646, 0.065, 0.0476, 0.0803, 0.6681, 0.0603, 0.0142], [0.0217, 0.0294, 0.0342, 0.1003, 0.7394, 0.0202, 0.0548], [0.0331, 0.0251, 0.0283, 0.0857, 0.7043, 0.0568, 0.0666], [0.0823, 0.0596, 0.0797, 0.0913, 0.5672, 0.0635, 0.0563], [0.0735, 0.045, 0.0773, 0.0795, 0.6354, 0.0591, 0.0303], [0.0515, 0.0724, 0.0136, 0.0293, 0.7276, 0.0499, 0.0556], [0.0301, 0.0198, 0.0556, 0.0612, 0.7356, 0.0549, 0.0427], [0.0583, 0.0377, 0.0843, 0.0377, 0.6588, 0.0961, 0.0271], [0.0811, 0.0454, 0.0245, 0.0661, 0.6637, 0.0731, 0.0461], [0.0832, 0.0229, 0.0499, 0.026, 0.7862, 0.0168, 0.0151], [0.0596, 0.0683, 0.0789, 0.0423, 0.6268, 0.0384, 0.0857], [0.0357, 0.016, 0.0753, 0.0569, 0.7295, 0.0267, 0.0599], [0.0506, 0.0837, 0.0414, 0.0189, 0.6956, 0.0634, 0.0463], [0.0413, 0.0331, 0.0668, 0.0418, 0.7495, 0.0197, 0.0478], [0.0672, 0.0281, 0.0624, 0.0359, 0.6711, 0.08, 0.0553], [0.0439, 0.0518, 0.0632, 0.0648, 0.671, 0.0563, 0.0489], [0.0752, 0.0386, 0.0732, 0.0618, 0.6814, 0.0459, 0.0239], [0.0747, 0.0628, 0.0472, 0.0566, 0.6385, 0.0401, 0.08], [0.0462, 0.0683, 0.0827, 0.0844, 0.5743, 0.0738, 0.0704], [0.0347, 0.082, 0.078, 0.0214, 0.7263, 0.0154, 0.0422], [0.0314, 0.0832, 0.0254, 0.0714, 0.688, 0.031, 0.0695], [0.1031, 0.0506, 0.0377, 0.0312, 0.7149, 0.0266, 0.036], [0.0402, 0.0695, 0.0809, 0.0388, 0.6815, 0.0586, 0.0304], [0.0913, 0.0663, 0.0737, 0.0328, 0.6676, 0.0425, 0.0259], [0.0651, 0.0144, 0.0199, 0.0653, 0.7633, 0.045, 0.0271], [0.0306, 0.0399, 0.0273, 0.101, 0.712, 0.0212, 0.0679], [0.0577, 0.072, 0.0484, 0.0735, 0.6792, 0.0369, 0.0324], [0.0783, 0.0165, 0.0805, 0.0361, 0.7141, 0.0571, 0.0174], [0.0347, 0.0176, 0.0791, 0.0502, 0.7063, 0.0369, 0.0752], [0.0749, 0.0939, 0.0722, 0.0257, 0.6323, 0.0499, 0.0513], [0.0174, 0.0757, 0.0484, 0.081, 0.7032, 0.0409, 0.0335], [0.0878, 0.049, 0.03, 0.0424, 0.673, 0.0775, 0.0403], [0.057, 0.0694, 0.0218, 0.0328, 0.7581, 0.0147, 0.0461], [0.071, 0.0237, 0.0526, 0.0147, 0.715, 0.0477, 0.0752], [0.0304, 0.0565, 0.0277, 0.067, 0.628, 0.0995, 0.0908], [0.0132, 0.0559, 0.0229, 0.0432, 0.752, 0.0513, 0.0615], [0.0736, 0.0675, 0.078, 0.0628, 0.6411, 0.0431, 0.0338], [0.0516, 0.0186, 0.0749, 0.0787, 0.6809, 0.0506, 0.0447], [0.0578, 0.0363, 0.0949, 0.078, 0.59, 0.0881, 0.0549], [0.0724, 0.0842, 0.0782, 0.0144, 0.6153, 0.0693, 0.0661], [0.0445, 0.0792, 0.0353, 0.0224, 0.6991, 0.0871, 0.0323], [0.0202, 0.0219, 0.0485, 0.059, 0.7681, 0.0659, 0.0164], [0.0214, 0.0619, 0.0577, 0.04, 0.7864, 0.0135, 0.019], [0.0385, 0.0552, 0.0693, 0.021, 0.6807, 0.0627, 0.0726], [0.0325, 0.0458, 0.0234, 0.0728, 0.7297, 0.035, 0.0608], [0.0658, 0.0176, 0.0519, 0.0509, 0.6991, 0.0863, 0.0284], [0.0558, 0.0508, 0.0389, 0.0558, 0.7265, 0.0183, 0.0539], [0.016, 0.0591, 0.0569, 0.0278, 0.761, 0.0374, 0.0418], [0.0543, 0.0807, 0.0804, 0.0395, 0.6682, 0.0348, 0.0421], [0.0271, 0.0585, 0.0344, 0.0653, 0.6805, 0.0707, 0.0636], [0.0559, 0.0336, 0.0887, 0.0199, 0.7061, 0.0677, 0.0281], [0.0398, 0.0122, 0.0411, 0.0367, 0.7798, 0.0432, 0.0472], [0.0377, 0.0631, 0.0523, 0.0428, 0.654, 0.0701, 0.08], [0.0908, 0.0266, 0.0499, 0.0346, 0.7066, 0.0434, 0.0481], [0.0802, 0.0801, 0.084, 0.0376, 0.6535, 0.0195, 0.0451], [0.0199, 0.0249, 0.0308, 0.0341, 0.7844, 0.0494, 0.0566], [0.013, 0.0735, 0.0759, 0.0279, 0.7115, 0.0532, 0.045], [0.0399, 0.0483, 0.0634, 0.0208, 0.7679, 0.0186, 0.041], [0.0936, 0.0415, 0.0984, 0.0286, 0.6454, 0.0722, 0.0203], [0.0629, 0.0657, 0.0517, 0.066, 0.6007, 0.0841, 0.069], [0.0182, 0.0337, 0.0576, 0.0581, 0.7544, 0.018, 0.0599], [0.0685, 0.0719, 0.0703, 0.0691, 0.6145, 0.0291, 0.0766], [0.0219, 0.042, 0.0616, 0.0551, 0.6834, 0.0858, 0.0501], [0.0632, 0.062, 0.0445, 0.0779, 0.7071, 0.0122, 0.033]], "emotions": ["red", "red", "red", "red", "red", "red", "red", "red", "red", "red", "red", "red", "red", "red", "red", "red", "red", "red", "red", "red", "red", "red", "red", "red", "red", "red", "red", "red", "red", "red", "red", "red", "red", "red", "red", "red", "red", "red", "red", "red", "red", "red", "red", "red", "red", "red", "red", "red", "red", "red", "red", "red", "red", "red", "red", "red", "red", "red", "red", "red", "red", "red", "red", "red", "red", "red", "red", "red", "red", "red", "red", "red", "red", "red", "red", "red", "red", "red", "red", "red"], "timestamps": [0, 40, 80, 120, 160, 200, 240, 280, 320, 360, 400, 440, 480, 520, 560, 600, 640, 680, 720, 760, 800, 840, 880, 920, 960, 1000, 1040, 1080, 1120, 1160, 1200, 1240, 1280, 1320, 1360, 1400, 1440, 1480, 1520, 1560, 1600, 1640, 1680, 1720, 1760, 1800, 1840, 1880, 1920, 1960, 2000, 2040, 2080, 2120, 2160, 2200, 2240, 2280, 2320, 2360, 2400, 2440, 2480, 2520, 2560, 2600, 2640, 2680, 2720, 2760, 2800, 2840, 2880, 2920, 2960, 3000, 3040, 3080, 3120, 3160]}], "conversation": [], "conversation_timestamps": []}