{"agent_id": "agent-green-992", "type": "green", "trips": [{"trip_id": 0, "transport_method": "car", "start_time": 0, "path": [[1.5074076, 42.5454339], [1.5079511, 42.5460962], [1.5087519, 42.5463277], [1.5093289, 42.5469417], [1.5101079, 42.5468025], [1.5107863, 42.5463714], [1.5114639, 42.5458509], [1.5122895, 42.5456237], [1.5129805, 42.5454994], [1.513332, 42.5450882], [1.5141557, 42.5450819], [1.5138263, 42.5451794], [1.5142174, 42.5450356], [1.5150629, 42.5448653], [1.5157066, 42.5443899], [1.5163301, 42.543784], [1.5169389, 42.5431785], [1.5173949, 42.5424536], [1.5179173, 42.5417753], [1.5187183, 42.5414372], [1.5193497, 42.5409234], [1.5193913, 42.5401193], [1.5194683, 42.5392527], [1.519343, 42.5395456], [1.5194139, 42.5399027], [1.5195019, 42.5390372], [1.5196339, 42.5381816], [1.5199733, 42.5373809], [1.5203753, 42.5366139], [1.5210337, 42.5360577], [1.521008, 42.5354519], [1.520353, 42.5348803], [1.5197319, 42.5342711], [1.5195559, 42.5334928], [1.5197177, 42.5326613], [1.5195725, 42.5318176], [1.5197453, 42.5309649], [1.5197567, 42.5311548], [1.519581, 42.5317259], [1.519683, 42.5308619], [1.5197717, 42.5301101], [1.5204208, 42.5295692], [1.5206456, 42.5287578], [1.5202943, 42.5279796], [1.5199645, 42.5272156], [1.5204173, 42.5264868], [1.5206012, 42.525652], [1.5206371, 42.5247833], [1.5210115, 42.5240072], [1.5215662, 42.5233376], [1.5218938, 42.5225382], [1.5224517, 42.5218862], [1.5231527, 42.5213752], [1.5235238, 42.5205986], [1.5238095, 42.5197769], [1.5237126, 42.5203036], [1.5233517, 42.5210951], [1.5235805, 42.5202673], [1.5238132, 42.519429], [1.5240178, 42.5185849], [1.5241415, 42.5177237], [1.5243786, 42.5168899], [1.5247474, 42.5161036], [1.5252635, 42.5154074], [1.5259058, 42.5148229], [1.5266435, 42.5143648], [1.5274245, 42.5139816], [1.528218, 42.5136251], [1.5290119, 42.5132693], [1.5298114, 42.5129262], [1.5306054, 42.512571], [1.5313938, 42.5122034], [1.5321349, 42.5117515], [1.5327699, 42.5111607], [1.5332744, 42.5104536], [1.5339341, 42.5099066], [1.5330885, 42.5097088], [1.5322369, 42.5095583], [1.5318747, 42.5092885], [1.5323518, 42.5088667]], "mood_vectors": [[0.0812, 0.0582, 0.0855, 0.0375, 0.0379, 0.0556, 0.6442], [0.0532, 0.0518, 0.0638, 0.0192, 0.0151, 0.0235, 0.7735], [0.0145, 0.0941, 0.0872, 0.0546, 0.0653, 0.0703, 0.6139], [0.0697, 0.0473, 0.0158, 0.0191, 0.0131, 0.0604, 0.7747], [0.0541, 0.0369, 0.0738, 0.075, 0.0458, 0.0585, 0.6559], [0.0547, 0.0201, 0.0566, 0.0428, 0.0774, 0.0664, 0.6821], [0.0347, 0.0509, 0.016, 0.0364, 0.0758, 0.0646, 0.7216], [0.0244, 0.0705, 0.0542, 0.0141, 0.0656, 0.0295, 0.7416], [0.066, 0.0161, 0.0559, 0.041, 0.0943, 0.0538, 0.6729], [0.0519, 0.0744, 0.0512, 0.0666, 0.0487, 0.0366, 0.6706], [0.0656, 0.0391, 0.0456, 0.0849, 0.0563, 0.0182, 0.6902], [0.0513, 0.0696, 0.0686, 0.0576, 0.0801, 0.0653, 0.6077], [0.0556, 0.0172, 0.0439, 0.0138, 0.0285, 0.0305, 0.8104], [0.0744, 0.014, 0.0249, 0.0776, 0.0542, 0.0275, 0.7273], [0.0695, 0.0397, 0.0195, 0.0737, 0.0821, 0.0503, 0.6652], [0.0411, 0.041, 0.0752, 0.0286, 0.0188, 0.014, 0.7814], [0.0833, 0.0177, 0.0174, 0.0488, 0.0359, 0.0675, 0.7294], [0.0232, 0.0226, 0.033, 0.0866, 0.021, 0.0799, 0.7337], [0.0883, 0.0825, 0.0483, 0.0534, 0.0865, 0.0881, 0.5529], [0.046, 0.039, 0.0786, 0.0177, 0.074, 0.0578, 0.687], [0.0892, 0.0153, 0.0549, 0.0492, 0.0624, 0.0903, 0.6386], [0.0205, 0.0258, 0.0451, 0.0579, 0.0357, 0.0627, 0.7521], [0.0141, 0.0203, 0.0303, 0.0282, 0.0802, 0.0872, 0.7397], [0.0334, 0.0345, 0.0651, 0.0607, 0.0311, 0.0754, 0.6999], [0.0613, 0.0619, 0.0816, 0.0647, 0.0627, 0.0434, 0.6244], [0.0491, 0.029, 0.0487, 0.0261, 0.0169, 0.0407, 0.7894], [0.0706, 0.0493, 0.0674, 0.0617, 0.0445, 0.0465, 0.66], [0.021, 0.0637, 0.0511, 0.0337, 0.0549, 0.0719, 0.7037], [0.0617, 0.0433, 0.0475, 0.0386, 0.0341, 0.067, 0.7078], [0.0158, 0.0453, 0.061, 0.0325, 0.0521, 0.0232, 0.7703], [0.0588, 0.0292, 0.0329, 0.0402, 0.0192, 0.0743, 0.7452], [0.0157, 0.0558, 0.0529, 0.0281, 0.0367, 0.0756, 0.7353], [0.0375, 0.0196, 0.0692, 0.0169, 0.0844, 0.0775, 0.6949], [0.0688, 0.0552, 0.0571, 0.0451, 0.0405, 0.0774, 0.6557], [0.0885, 0.0555, 0.0625, 0.0768, 0.0642, 0.0221, 0.6304], [0.058, 0.0175, 0.1003, 0.0562, 0.0318, 0.0405, 0.6956], [0.0621, 0.0439, 0.0378, 0.0836, 0.0568, 0.0742, 0.6416], [0.0575, 0.07, 0.0318, 0.0317, 0.0367, 0.0734, 0.699], [0.086, 0.0436, 0.0738, 0.0486, 0.0606, 0.053, 0.6343], [0.04, 0.0304, 0.0522, 0.0617, 0.0515, 0.0154, 0.7489], [0.041, 0.0302, 0.0752, 0.0908, 0.087, 0.0284, 0.6475], [0.0611, 0.0167, 0.0749, 0.0341, 0.0406, 0.0784, 0.6942], [0.0811, 0.0242, 0.0581, 0.0565, 0.0351, 0.0402, 0.7049], [0.0453, 0.027, 0.0673, 0.0288, 0.0245, 0.042, 0.765], [0.0761, 0.0256, 0.0593, 0.0323, 0.0156, 0.0625, 0.7286], [0.0381, 0.0398, 0.0226, 0.0642, 0.0763, 0.0595, 0.6994], [0.0714, 0.0151, 0.0469, 0.0512, 0.0859, 0.0512, 0.6783], [0.0237, 0.0771, 0.0887, 0.0713, 0.0794, 0.0142, 0.6456], [0.0619, 0.0845, 0.0365, 0.0842, 0.0577, 0.0841, 0.5912], [0.0989, 0.0192, 0.039, 0.0832, 0.0172, 0.0413, 0.7013], [0.0841, 0.0179, 0.028, 0.073, 0.0498, 0.0212, 0.726], [0.0176, 0.022, 0.0874, 0.0706, 0.0318, 0.0313, 0.7394], [0.0682, 0.0781, 0.0177, 0.0904, 0.0884, 0.0285, 0.6287], [0.0601, 0.0146, 0.0417, 0.0526, 0.0365, 0.0644, 0.7301], [0.0398, 0.0488, 0.0609, 0.0515, 0.017, 0.0403, 0.7416], [0.0332, 0.0342, 0.0443, 0.0655, 0.0521, 0.0576, 0.7132], [0.0376, 0.0234, 0.0413, 0.0359, 0.0946, 0.1066, 0.6606], [0.0161, 0.0824, 0.0667, 0.0311, 0.0779, 0.0774, 0.6485], [0.0278, 0.0868, 0.0622, 0.0462, 0.019, 0.0154, 0.7425], [0.0364, 0.0232, 0.0492, 0.0903, 0.0136, 0.0303, 0.757], [0.046, 0.0635, 0.0163, 0.0685, 0.0529, 0.0565, 0.6964], [0.0394, 0.045, 0.0421, 0.0327, 0.0263, 0.0879, 0.7265], [0.0361, 0.0203, 0.0217, 0.0334, 0.0788, 0.0404, 0.7694], [0.0426, 0.0681, 0.039, 0.0372, 0.0864, 0.0417, 0.6851], [0.0282, 0.0494, 0.0716, 0.0411, 0.0621, 0.0648, 0.6829], [0.0406, 0.0855, 0.0688, 0.0377, 0.0694, 0.0239, 0.6742], [0.0857, 0.0511, 0.0301, 0.0534, 0.0321, 0.0926, 0.6549], [0.0542, 0.0529, 0.0842, 0.0581, 0.0216, 0.0621, 0.6669], [0.0893, 0.037, 0.0221, 0.0335, 0.0507, 0.03, 0.7374], [0.0493, 0.0183, 0.0706, 0.0834, 0.0285, 0.0509, 0.6989], [0.045, 0.0448, 0.0195, 0.0478, 0.024, 0.0945, 0.7243], [0.0247, 0.039, 0.0754, 0.0874, 0.0613, 0.0682, 0.644], [0.0323, 0.0328, 0.0788, 0.0331, 0.0622, 0.0244, 0.7364], [0.041, 0.0508, 0.0967, 0.0414, 0.0634, 0.0222, 0.6845], [0.0714, 0.0582, 0.0427, 0.0429, 0.0326, 0.0582, 0.694], [0.028, 0.0622, 0.0312, 0.0641, 0.0852, 0.0958, 0.6334], [0.0287, 0.0546, 0.0444, 0.0489, 0.0816, 0.0786, 0.6631], [0.0396, 0.0243, 0.038, 0.0241, 0.0336, 0.0138, 0.8266], [0.0419, 0.0177, 0.0604, 0.0553, 0.0567, 0.0184, 0.7496], [0.0522, 0.0236, 0.0426, 0.028, 0.0825, 0.0753, 0.6958]], "emotions": ["purple", "purple", "purple", "purple", "purple", "purple", "purple", "purple", "purple", "purple", "purple", "purple", "purple", "purple", "purple", "purple", "purple", "purple", "purple", "purple", "purple", "purple", "purple", "purple", "purple", "purple", "purple", "purple", "purple", "purple", "purple", "purple", "purple", "purple", "purple", "purple", "purple", "purple", "purple", "purple", "purple", "purple", "purple", "purple", "purple", "purple", "purple", "purple", "purple", "purple", "purple", "purple", "purple", "purple", "purple", "purple", "purple", "purple", "purple", "purple", "purple", "purple", "purple", "purple", "purple", "purple", "purple", "purple", "purple", "purple", "purple", "purple", "purple", "purple", "purple", "purple", "purple", "purple", "purple", "purple"], "timestamps": [0, 40, 80, 120, 160, 200, 240, 280, 320, 360, 400, 440, 480, 520, 560, 600, 640, 680, 720, 760, 800, 840, 880, 920, 960, 1000, 1040, 1080, 1120, 1160, 1200, 1240, 1280, 1320, 1360, 1400, 1440, 1480, 1520, 1560, 1600, 1640, 1680, 1720, 1760, 1800, 1840, 1880, 1920, 1960, 2000, 2040, 2080, 2120, 2160, 2200, 2240, 2280, 2320, 2360, 2400, 2440, 2480, 2520, 2560, 2600, 2640, 2680, 2720, 2760, 2800, 2840, 2880, 2920, 2960, 3000, 3040, 3080, 3120, 3160]}], "conversation": [], "conversation_timestamps": []}