{"agent_id": "agent-orange-1898", "type": "orange", "trips": [{"trip_id": 0, "transport_method": "bus", "start_time": 0, "path": [[1.5232022, 42.505068], [1.5235981, 42.5052428], [1.5239938, 42.5054226], [1.5243271, 42.50568], [1.524604, 42.5060198], [1.5249416, 42.5063], [1.5253397, 42.5062732], [1.5256523, 42.5059652], [1.5259638, 42.5056554], [1.5261842, 42.5053245], [1.526623, 42.5053039], [1.5270605, 42.5053065], [1.5274975, 42.505333], [1.5277169, 42.5053012], [1.5275541, 42.5053336], [1.5279926, 42.5053073], [1.5284307, 42.5052884], [1.5288634, 42.505364], [1.5292961, 42.5054396], [1.5297288, 42.5055154], [1.5301614, 42.5055917], [1.5305887, 42.505693], [1.5310186, 42.5057821], [1.531451, 42.5058594], [1.5318866, 42.5058622], [1.5322718, 42.5060628], [1.5326679, 42.5062457], [1.5330981, 42.5063346], [1.5335283, 42.5064236], [1.5339582, 42.506514], [1.5343953, 42.5065295], [1.5348236, 42.5066058], [1.5352539, 42.5066942], [1.5356841, 42.5067827], [1.5361144, 42.5068711], [1.5365375, 42.5069859], [1.5368983, 42.5070979], [1.5373178, 42.5071915], [1.537752, 42.5072585], [1.5381861, 42.5073256], [1.5386203, 42.5073926], [1.5390544, 42.5074596], [1.5394885, 42.5075267], [1.5399227, 42.5075937], [1.539883, 42.5075936], [1.5394511, 42.5075139], [1.5390202, 42.5074284], [1.5385888, 42.5073459], [1.5381566, 42.5072671], [1.5377243, 42.5071894], [1.5372917, 42.507113], [1.5369994, 42.5071421], [1.5374337, 42.5072082], [1.537868, 42.5072742], [1.5383023, 42.5073402], [1.5387366, 42.5074062], [1.5391709, 42.5074722], [1.5396052, 42.5075383], [1.5400395, 42.5076043], [1.5404738, 42.5076703], [1.540908, 42.5077363], [1.5413399, 42.5078165], [1.5417674, 42.5079176], [1.5421974, 42.508007], [1.5426294, 42.5080865], [1.5430634, 42.5081546], [1.5434932, 42.5082429], [1.5439016, 42.5084037], [1.544325, 42.5085057], [1.5447581, 42.5084667], [1.5451776, 42.5083387], [1.5456111, 42.5083253], [1.5460349, 42.5082098], [1.5464674, 42.5081382], [1.5469032, 42.508187], [1.5473102, 42.5083088], [1.5475673, 42.5086321], [1.5478025, 42.5090029], [1.548053, 42.5091189], [1.5478496, 42.5087548]], "mood_vectors": [[0.0696, 0.0847, 0.061, 0.0786, 0.627, 0.0572, 0.0217], [0.062, 0.0521, 0.0308, 0.0644, 0.7127, 0.0269, 0.0511], [0.0578, 0.0674, 0.0702, 0.0476, 0.6682, 0.0203, 0.0685], [0.0556, 0.0971, 0.0322, 0.0694, 0.6847, 0.0151, 0.0459], [0.0773, 0.0256, 0.0344, 0.0234, 0.7528, 0.0319, 0.0545], [0.0485, 0.0854, 0.0342, 0.0281, 0.7, 0.0328, 0.0709], [0.0359, 0.0797, 0.0424, 0.0491, 0.6597, 0.078, 0.0551], [0.0111, 0.0585, 0.0518, 0.0695, 0.7042, 0.0615, 0.0434], [0.0814, 0.0372, 0.0618, 0.018, 0.6746, 0.0754, 0.0516], [0.0678, 0.0624, 0.0324, 0.0703, 0.6663, 0.0694, 0.0315], [0.0178, 0.0338, 0.0592, 0.0812, 0.7626, 0.0121, 0.0334], [0.0298, 0.0728, 0.0331, 0.0352, 0.771, 0.0374, 0.0207], [0.0487, 0.0459, 0.1, 0.0424, 0.6037, 0.0677, 0.0915], [0.07, 0.0327, 0.0232, 0.0359, 0.7318, 0.047, 0.0593], [0.072, 0.0321, 0.0453, 0.0654, 0.7063, 0.0263, 0.0526], [0.0642, 0.0158, 0.0701, 0.0337, 0.7711, 0.0269, 0.0183], [0.0809, 0.02, 0.0564, 0.0325, 0.7347, 0.0611, 0.0144], [0.0622, 0.0764, 0.0604, 0.0449, 0.6225, 0.0651, 0.0684], [0.06, 0.0598, 0.0219, 0.0315, 0.6741, 0.0826, 0.0701], [0.0715, 0.0821, 0.0239, 0.0596, 0.658, 0.071, 0.0339], [0.038, 0.0336, 0.0358, 0.0662, 0.7446, 0.0507, 0.0312], [0.0664, 0.0142, 0.0347, 0.0663, 0.7621, 0.0286, 0.0277], [0.0364, 0.0738, 0.0678, 0.0481, 0.6948, 0.0493, 0.0297], [0.0715, 0.0187, 0.0543, 0.0617, 0.699, 0.0508, 0.044], [0.0589, 0.0244, 0.0339, 0.0378, 0.6933, 0.0748, 0.0769], [0.0263, 0.076, 0.0864, 0.0845, 0.6929, 0.0184, 0.0156], [0.0794, 0.0773, 0.0886, 0.0258, 0.6202, 0.061, 0.0478], [0.0474, 0.072, 0.0656, 0.0506, 0.6435, 0.0389, 0.0819], [0.0347, 0.0332, 0.0809, 0.0266, 0.6983, 0.0659, 0.0603], [0.0557, 0.0528, 0.0575, 0.026, 0.6291, 0.0962, 0.0827], [0.0367, 0.0375, 0.0114, 0.0726, 0.7297, 0.0591, 0.0529], [0.0749, 0.0521, 0.0195, 0.0314, 0.7429, 0.0155, 0.0638], [0.0745, 0.0547, 0.0475, 0.0408, 0.7077, 0.0241, 0.0508], [0.0276, 0.0703, 0.0692, 0.0736, 0.6528, 0.0611, 0.0454], [0.0671, 0.0631, 0.0829, 0.0194, 0.6087, 0.0746, 0.0842], [0.0508, 0.0546, 0.0472, 0.0679, 0.6624, 0.0771, 0.0401], [0.07, 0.0204, 0.0666, 0.043, 0.739, 0.0492, 0.0118], [0.0258, 0.0614, 0.0523, 0.0643, 0.6956, 0.0648, 0.0359], [0.0421, 0.0753, 0.0205, 0.0218, 0.7563, 0.0649, 0.019], [0.0762, 0.0792, 0.0614, 0.0375, 0.6072, 0.0591, 0.0793], [0.0682, 0.0448, 0.0498, 0.059, 0.6474, 0.0506, 0.0802], [0.0285, 0.0511, 0.0529, 0.035, 0.7245, 0.03, 0.0779], [0.0836, 0.0358, 0.0414, 0.052, 0.6988, 0.0197, 0.0687], [0.0239, 0.0597, 0.023, 0.0373, 0.7116, 0.0704, 0.0742], [0.0174, 0.0562, 0.0528, 0.0381, 0.7111, 0.06, 0.0644], [0.0371, 0.054, 0.0637, 0.0626, 0.6873, 0.0348, 0.0605], [0.0726, 0.064, 0.0727, 0.0727, 0.6296, 0.0308, 0.0575], [0.0425, 0.0656, 0.0301, 0.0478, 0.7047, 0.0402, 0.069], [0.0723, 0.0462, 0.0736, 0.0294, 0.7033, 0.0445, 0.0307], [0.0759, 0.0553, 0.0667, 0.0817, 0.6355, 0.0634, 0.0215], [0.0748, 0.0421, 0.0385, 0.019, 0.7426, 0.0598, 0.0233], [0.0853, 0.0411, 0.0814, 0.05, 0.6534, 0.0731, 0.0157], [0.0308, 0.0142, 0.0474, 0.0908, 0.7303, 0.0284, 0.0581], [0.0258, 0.0229, 0.0256, 0.0509, 0.7385, 0.0678, 0.0684], [0.038, 0.081, 0.0328, 0.0364, 0.7351, 0.021, 0.0556], [0.0622, 0.0291, 0.0427, 0.0463, 0.721, 0.0411, 0.0576], [0.0189, 0.0436, 0.0361, 0.018, 0.7954, 0.0417, 0.0463], [0.0526, 0.0636, 0.0504, 0.0681, 0.6971, 0.0479, 0.0204], [0.0809, 0.019, 0.037, 0.0395, 0.7082, 0.0949, 0.0205], [0.062, 0.0672, 0.0532, 0.0287, 0.6871, 0.0238, 0.0779], [0.0727, 0.0772, 0.0516, 0.0807, 0.6546, 0.048, 0.0152], [0.0429, 0.073, 0.0633, 0.0481, 0.6903, 0.0247, 0.0576], [0.087, 0.0533, 0.087, 0.0801, 0.6584, 0.0187, 0.0155], [0.0183, 0.0338, 0.0667, 0.0674, 0.7207, 0.0583, 0.0348], [0.0721, 0.0522, 0.0395, 0.0513, 0.631, 0.0767, 0.0771], [0.0748, 0.0433, 0.0445, 0.0738, 0.6798, 0.0199, 0.0638], [0.0708, 0.0305, 0.0487, 0.0767, 0.6857, 0.0711, 0.0165], [0.0601, 0.0253, 0.074, 0.03, 0.7826, 0.0147, 0.0133], [0.0134, 0.0172, 0.0751, 0.0367, 0.8157, 0.0208, 0.0211], [0.0265, 0.0128, 0.0366, 0.0335, 0.8035, 0.0369, 0.0503], [0.0346, 0.0571, 0.0232, 0.0755, 0.7274, 0.015, 0.0672], [0.0598, 0.0957, 0.0569, 0.0384, 0.6544, 0.0255, 0.0692], [0.0888, 0.0203, 0.0201, 0.0381, 0.7228, 0.0221, 0.0877], [0.0325, 0.0888, 0.0792, 0.0313, 0.6607, 0.0505, 0.0569], [0.043, 0.0202, 0.0194, 0.0202, 0.7445, 0.0883, 0.0644], [0.0584, 0.0595, 0.0446, 0.0177, 0.715, 0.0892, 0.0157], [0.0283, 0.0165, 0.0455, 0.0749, 0.7266, 0.0483, 0.0599], [0.0613, 0.0129, 0.0872, 0.048, 0.6263, 0.0828, 0.0815], [0.0518, 0.0757, 0.0184, 0.0769, 0.655, 0.0812, 0.0409], [0.0415, 0.0348, 0.0747, 0.0234, 0.7157, 0.0641, 0.0458]], "emotions": ["red", "red", "red", "red", "red", "red", "red", "red", "red", "red", "red", "red", "red", "red", "red", "red", "red", "red", "red", "red", "red", "red", "red", "red", "red", "red", "red", "red", "red", "red", "red", "red", "red", "red", "red", "red", "red", "red", "red", "red", "red", "red", "red", "red", "red", "red", "red", "red", "red", "red", "red", "red", "red", "red", "red", "red", "red", "red", "red", "red", "red", "red", "red", "red", "red", "red", "red", "red", "red", "red", "red", "red", "red", "red", "red", "red", "red", "red", "red", "red"], "timestamps": [0, 40, 80, 120, 160, 200, 240, 280, 320, 360, 400, 440, 480, 520, 560, 600, 640, 680, 720, 760, 800, 840, 880, 920, 960, 1000, 1040, 1080, 1120, 1160, 1200, 1240, 1280, 1320, 1360, 1400, 1440, 1480, 1520, 1560, 1600, 1640, 1680, 1720, 1760, 1800, 1840, 1880, 1920, 1960, 2000, 2040, 2080, 2120, 2160, 2200, 2240, 2280, 2320, 2360, 2400, 2440, 2480, 2520, 2560, 2600, 2640, 2680, 2720, 2760, 2800, 2840, 2880, 2920, 2960, 3000, 3040, 3080, 3120, 3160]}], "conversation": [], "conversation_timestamps": []}