{"agent_id": "agent-green-1692", "type": "green", "trips": [{"trip_id": 0, "transport_method": "foot", "start_time": 0, "path": [[1.5207015, 42.5059324], [1.5207726, 42.5058939], [1.5208484, 42.5059165], [1.5209246, 42.5059433], [1.5210008, 42.5059701], [1.5210765, 42.5059985], [1.5211521, 42.5060269], [1.5212277, 42.5060554], [1.5213033, 42.5060838], [1.5213789, 42.5061122], [1.5214545, 42.5061407], [1.5215301, 42.5061691], [1.5216058, 42.5061976], [1.5216814, 42.506226], [1.5217441, 42.5062608], [1.5217206, 42.5063381], [1.521697, 42.5064153], [1.5216735, 42.5064926], [1.5216499, 42.5065699], [1.5215929, 42.5066032], [1.5215121, 42.5066035], [1.5214326, 42.5066149], [1.5213702, 42.506661], [1.5213133, 42.5067182], [1.5212551, 42.5067742], [1.5211963, 42.5068296], [1.5211374, 42.5068849], [1.5210786, 42.5069403], [1.5210198, 42.5069956], [1.5209605, 42.5070505], [1.5209012, 42.5071053], [1.5208418, 42.5071601], [1.5207817, 42.5072137], [1.5207024, 42.5072238], [1.5206219, 42.5072296], [1.5205478, 42.5072562], [1.5204848, 42.5073068], [1.5204218, 42.5073574], [1.5203526, 42.507392], [1.520272, 42.5073977], [1.5201914, 42.5074034], [1.5201108, 42.507409], [1.5200302, 42.5074147], [1.5199498, 42.5074219], [1.5198693, 42.5074291], [1.519811, 42.5074556], [1.5198147, 42.5075363], [1.5198184, 42.507617], [1.5198222, 42.5076977], [1.5198008, 42.50777], [1.5197442, 42.5078263], [1.5196685, 42.5078371], [1.5195885, 42.5078261], [1.5195086, 42.5078142], [1.5194307, 42.5077931], [1.519352, 42.5077746], [1.5192742, 42.5077538], [1.5191999, 42.507722], [1.5191256, 42.5076903], [1.5190482, 42.5076684], [1.518969, 42.507653], [1.5188887, 42.5076439], [1.5188124, 42.5076486], [1.5188457, 42.5077089], [1.518906, 42.5077627], [1.5189676, 42.507815], [1.5190202, 42.5078708], [1.5189492, 42.5078887], [1.5189876, 42.5079227], [1.5189234, 42.5079304], [1.5188932, 42.5079591], [1.5189057, 42.5080139], [1.5188491, 42.5080347], [1.5188322, 42.5080745], [1.5187661, 42.5080974], [1.5186981, 42.5081316], [1.518636, 42.5081827], [1.5185792, 42.508235], [1.518568, 42.5083144], [1.5185477, 42.5083926]], "mood_vectors": [[0.0129, 0.0374, 0.0513, 0.0579, 0.0858, 0.0651, 0.6895], [0.049, 0.061, 0.0449, 0.0815, 0.0595, 0.0463, 0.6578], [0.0359, 0.0707, 0.0879, 0.0966, 0.0441, 0.0254, 0.6393], [0.0829, 0.0232, 0.0258, 0.0436, 0.0665, 0.0903, 0.6676], [0.058, 0.0688, 0.0427, 0.0444, 0.0152, 0.0524, 0.7184], [0.0372, 0.069, 0.044, 0.0577, 0.0417, 0.0831, 0.6672], [0.0572, 0.0569, 0.0947, 0.0305, 0.083, 0.0383, 0.6396], [0.0655, 0.0363, 0.0386, 0.0288, 0.0646, 0.0523, 0.714], [0.0849, 0.0482, 0.028, 0.0707, 0.037, 0.0775, 0.6536], [0.0399, 0.073, 0.0546, 0.0733, 0.038, 0.0596, 0.6616], [0.0694, 0.0462, 0.0606, 0.0656, 0.0433, 0.0735, 0.6414], [0.0193, 0.0568, 0.0588, 0.0198, 0.0602, 0.0428, 0.7423], [0.0724, 0.0526, 0.0336, 0.0511, 0.0745, 0.0507, 0.6651], [0.0338, 0.0516, 0.051, 0.0812, 0.0714, 0.021, 0.6902], [0.0181, 0.0251, 0.0682, 0.0288, 0.0693, 0.0445, 0.746], [0.0532, 0.0163, 0.032, 0.0608, 0.0309, 0.0676, 0.7392], [0.0192, 0.0931, 0.0361, 0.0788, 0.0253, 0.0177, 0.7299], [0.0579, 0.064, 0.073, 0.0592, 0.0402, 0.0484, 0.6573], [0.0389, 0.0405, 0.0268, 0.0719, 0.0587, 0.0583, 0.7049], [0.0596, 0.0641, 0.0514, 0.0601, 0.0436, 0.0511, 0.6701], [0.0942, 0.052, 0.0308, 0.0504, 0.0924, 0.0928, 0.5875], [0.0705, 0.0211, 0.0197, 0.0386, 0.0648, 0.0563, 0.729], [0.0523, 0.0236, 0.0592, 0.02, 0.0746, 0.1019, 0.6684], [0.0497, 0.0835, 0.0611, 0.0567, 0.0557, 0.0504, 0.643], [0.0795, 0.0277, 0.0379, 0.0661, 0.076, 0.0384, 0.6745], [0.0602, 0.029, 0.0527, 0.0356, 0.0669, 0.0667, 0.6891], [0.0548, 0.0277, 0.0432, 0.0397, 0.0156, 0.0893, 0.7298], [0.0605, 0.0223, 0.0472, 0.033, 0.0453, 0.0744, 0.7172], [0.0509, 0.0424, 0.0863, 0.0521, 0.0501, 0.0331, 0.6851], [0.0387, 0.0762, 0.0479, 0.0295, 0.019, 0.0218, 0.767], [0.0262, 0.0512, 0.0762, 0.0456, 0.0259, 0.0581, 0.7168], [0.0786, 0.0315, 0.0553, 0.0702, 0.0157, 0.0488, 0.6999], [0.0137, 0.0155, 0.0609, 0.0872, 0.0543, 0.0457, 0.7227], [0.029, 0.0367, 0.0387, 0.0787, 0.0229, 0.0444, 0.7497], [0.0539, 0.0271, 0.0437, 0.0304, 0.0654, 0.0633, 0.7161], [0.0232, 0.0639, 0.0631, 0.0184, 0.0406, 0.046, 0.7449], [0.0858, 0.0888, 0.0577, 0.0394, 0.0617, 0.0149, 0.6517], [0.0616, 0.0563, 0.0282, 0.0461, 0.0541, 0.0282, 0.7255], [0.0239, 0.0197, 0.0632, 0.083, 0.0419, 0.0382, 0.7302], [0.0646, 0.0714, 0.0399, 0.0461, 0.0457, 0.0125, 0.7198], [0.0703, 0.0355, 0.077, 0.0734, 0.0619, 0.0425, 0.6394], [0.0299, 0.0178, 0.0489, 0.0601, 0.0202, 0.0402, 0.7829], [0.0709, 0.0315, 0.0478, 0.0534, 0.0619, 0.0766, 0.658], [0.0271, 0.0223, 0.0436, 0.0166, 0.0216, 0.0303, 0.8385], [0.0544, 0.0574, 0.0389, 0.0483, 0.0489, 0.0184, 0.7338], [0.0503, 0.0258, 0.0436, 0.0918, 0.0617, 0.0337, 0.6932], [0.0789, 0.0444, 0.0267, 0.0879, 0.029, 0.0723, 0.6609], [0.0481, 0.0325, 0.0959, 0.0964, 0.0259, 0.0302, 0.671], [0.0351, 0.0951, 0.0313, 0.0792, 0.0523, 0.0889, 0.6181], [0.0149, 0.0814, 0.0856, 0.0696, 0.053, 0.0638, 0.6318], [0.0412, 0.04, 0.0131, 0.0689, 0.0634, 0.0301, 0.7433], [0.0133, 0.0756, 0.0499, 0.0533, 0.0648, 0.0649, 0.6783], [0.036, 0.0553, 0.0704, 0.0613, 0.0727, 0.0239, 0.6804], [0.0745, 0.0254, 0.0377, 0.0702, 0.0177, 0.0163, 0.7583], [0.0188, 0.082, 0.0533, 0.0567, 0.0251, 0.0324, 0.7317], [0.036, 0.0706, 0.0424, 0.068, 0.0213, 0.0462, 0.7154], [0.0599, 0.0667, 0.023, 0.059, 0.047, 0.0553, 0.689], [0.0143, 0.0794, 0.0493, 0.0331, 0.0647, 0.0498, 0.7095], [0.0537, 0.0634, 0.0639, 0.071, 0.0328, 0.0396, 0.6756], [0.0647, 0.0474, 0.08, 0.051, 0.0624, 0.0326, 0.662], [0.0343, 0.0776, 0.0781, 0.0877, 0.0245, 0.038, 0.6598], [0.0148, 0.0765, 0.0332, 0.0274, 0.032, 0.0417, 0.7743], [0.0723, 0.0574, 0.0807, 0.0157, 0.0523, 0.0565, 0.6651], [0.0616, 0.0391, 0.0614, 0.0448, 0.0344, 0.0123, 0.7463], [0.0694, 0.0532, 0.083, 0.0593, 0.0344, 0.0444, 0.6563], [0.0243, 0.0629, 0.0826, 0.0614, 0.074, 0.0343, 0.6605], [0.0268, 0.0255, 0.0213, 0.0857, 0.0798, 0.0293, 0.7316], [0.0209, 0.0654, 0.0478, 0.0252, 0.0531, 0.0721, 0.7155], [0.0826, 0.0562, 0.0303, 0.0581, 0.019, 0.0648, 0.6891], [0.0791, 0.0543, 0.0844, 0.0432, 0.0268, 0.0231, 0.6892], [0.0664, 0.0147, 0.0939, 0.0349, 0.0284, 0.0793, 0.6823], [0.0858, 0.0501, 0.041, 0.0791, 0.0703, 0.0302, 0.6435], [0.063, 0.0547, 0.0487, 0.0448, 0.0666, 0.0238, 0.6983], [0.0611, 0.0251, 0.0323, 0.0161, 0.0767, 0.0705, 0.718], [0.033, 0.0525, 0.067, 0.0776, 0.0393, 0.0326, 0.698], [0.0949, 0.0295, 0.0804, 0.0356, 0.0166, 0.0529, 0.6901], [0.0432, 0.0641, 0.0671, 0.0231, 0.0251, 0.0343, 0.7431], [0.0244, 0.0429, 0.0426, 0.0441, 0.0862, 0.0161, 0.7436], [0.0749, 0.0209, 0.019, 0.0549, 0.0426, 0.0266, 0.7611], [0.0666, 0.0522, 0.0693, 0.0635, 0.0997, 0.0357, 0.613]], "emotions": ["purple", "purple", "purple", "purple", "purple", "purple", "purple", "purple", "purple", "purple", "purple", "purple", "purple", "purple", "purple", "purple", "purple", "purple", "purple", "purple", "purple", "purple", "purple", "purple", "purple", "purple", "purple", "purple", "purple", "purple", "purple", "purple", "purple", "purple", "purple", "purple", "purple", "purple", "purple", "purple", "purple", "purple", "purple", "purple", "purple", "purple", "purple", "purple", "purple", "purple", "purple", "purple", "purple", "purple", "purple", "purple", "purple", "purple", "purple", "purple", "purple", "purple", "purple", "purple", "purple", "purple", "purple", "purple", "purple", "purple", "purple", "purple", "purple", "purple", "purple", "purple", "purple", "purple", "purple", "purple"], "timestamps": [0, 40, 80, 120, 160, 200, 240, 280, 320, 360, 400, 440, 480, 520, 560, 600, 640, 680, 720, 760, 800, 840, 880, 920, 960, 1000, 1040, 1080, 1120, 1160, 1200, 1240, 1280, 1320, 1360, 1400, 1440, 1480, 1520, 1560, 1600, 1640, 1680, 1720, 1760, 1800, 1840, 1880, 1920, 1960, 2000, 2040, 2080, 2120, 2160, 2200, 2240, 2280, 2320, 2360, 2400, 2440, 2480, 2520, 2560, 2600, 2640, 2680, 2720, 2760, 2800, 2840, 2880, 2920, 2960, 3000, 3040, 3080, 3120, 3160]}], "conversation": [], "conversation_timestamps": []}