{"agent_id": "agent-green-172", "type": "green", "trips": [{"trip_id": 0, "transport_method": "foot", "start_time": 0, "path": [[1.6974057, 42.5489576], [1.6947771, 42.5519388], [1.6914205, 42.5544828], [1.6885901, 42.5576117], [1.6869885, 42.5565464], [1.6840472, 42.5545235], [1.6812542, 42.5533473], [1.6848675, 42.5548553], [1.6829623, 42.5540532], [1.6795665, 42.5522529], [1.6798922, 42.551166], [1.6819763, 42.5489336], [1.684113, 42.546085], [1.6837463, 42.5442842], [1.681989, 42.541474], [1.6782326, 42.5396016], [1.6743763, 42.538017], [1.6722725, 42.539101], [1.668102, 42.5391622], [1.6640947, 42.5387745], [1.6622836, 42.53847], [1.6587881, 42.54053], [1.6547533, 42.5416772], [1.6507615, 42.5423584], [1.6470745, 42.5416634], [1.6429424, 42.5408611], [1.638797, 42.5400396], [1.6368357, 42.5396197], [1.6407397, 42.5408339], [1.6446051, 42.5416189], [1.6446005, 42.5411887], [1.6404555, 42.5403654], [1.6363105, 42.539542], [1.6329355, 42.5390853], [1.6287801, 42.53877], [1.6246513, 42.5381098], [1.6207328, 42.536852], [1.6171401, 42.5354127], [1.6212805, 42.535584], [1.6253208, 42.5355896], [1.624656, 42.5377093], [1.6209261, 42.5369352], [1.6170063, 42.5353561], [1.6185588, 42.5366806], [1.6161068, 42.5367137], [1.6119495, 42.5364793], [1.607798, 42.5361511], [1.603587, 42.5365057], [1.6016159, 42.5368868], [1.6056876, 42.5370304], [1.6068178, 42.5362182], [1.6026031, 42.536526], [1.5983994, 42.5364985], [1.5948036, 42.5363884], [1.5906331, 42.5357063], [1.591133, 42.5357046], [1.5950418, 42.5364283], [1.5908644, 42.5357891], [1.5872435, 42.5346461], [1.5853098, 42.5335233], [1.5828082, 42.5317587], [1.5785898, 42.5318039], [1.5745268, 42.5309859], [1.574706, 42.5312145], [1.5715144, 42.5293234], [1.5708786, 42.5289067], [1.5683859, 42.5274174], [1.5680702, 42.5271185], [1.5643704, 42.5252003], [1.5609568, 42.5228723], [1.5576563, 42.5203256], [1.5566509, 42.5192768], [1.5544182, 42.5174226], [1.5534484, 42.5161458], [1.5513198, 42.5128789], [1.5475112, 42.5112776], [1.5453643, 42.5093604], [1.5412964, 42.5091629], [1.5374632, 42.5100296], [1.5333259, 42.5100238]], "mood_vectors": [[0.05, 0.0632, 0.0462, 0.0721, 0.0568, 0.0463, 0.6654], [0.0264, 0.0295, 0.0699, 0.0755, 0.0801, 0.03, 0.6887], [0.0377, 0.059, 0.0851, 0.0146, 0.0374, 0.0443, 0.7219], [0.0735, 0.015, 0.076, 0.0689, 0.0328, 0.0806, 0.6531], [0.0524, 0.0828, 0.0206, 0.0857, 0.0547, 0.0796, 0.624], [0.0234, 0.0735, 0.0242, 0.0944, 0.0171, 0.0275, 0.74], [0.0282, 0.0459, 0.0302, 0.0435, 0.026, 0.0379, 0.7884], [0.0489, 0.0731, 0.0156, 0.0374, 0.0549, 0.0707, 0.6993], [0.0908, 0.0882, 0.0276, 0.044, 0.0764, 0.0294, 0.6436], [0.0411, 0.0166, 0.072, 0.0691, 0.0687, 0.016, 0.7165], [0.0355, 0.0413, 0.067, 0.0301, 0.0462, 0.0724, 0.7076], [0.0466, 0.069, 0.0165, 0.0598, 0.0706, 0.069, 0.6684], [0.0541, 0.047, 0.0775, 0.0485, 0.0733, 0.0637, 0.6358], [0.0802, 0.0248, 0.0329, 0.0483, 0.0788, 0.0756, 0.6594], [0.0699, 0.0752, 0.0896, 0.0749, 0.0152, 0.0621, 0.613], [0.0826, 0.0798, 0.0271, 0.0484, 0.0301, 0.0589, 0.6732], [0.0217, 0.0406, 0.0324, 0.0611, 0.0583, 0.0703, 0.7155], [0.017, 0.0861, 0.0796, 0.0877, 0.0422, 0.018, 0.6694], [0.026, 0.0808, 0.0477, 0.0202, 0.0202, 0.0618, 0.7434], [0.0497, 0.0414, 0.0509, 0.0506, 0.0179, 0.0302, 0.7594], [0.0683, 0.0383, 0.0802, 0.0335, 0.0424, 0.0264, 0.7109], [0.0492, 0.0736, 0.048, 0.0765, 0.0731, 0.0446, 0.635], [0.0318, 0.0758, 0.0872, 0.0661, 0.0225, 0.0811, 0.6355], [0.0382, 0.0345, 0.0631, 0.0305, 0.0174, 0.0767, 0.7397], [0.0775, 0.0359, 0.0794, 0.0633, 0.0205, 0.0193, 0.7042], [0.0408, 0.07, 0.0394, 0.0285, 0.0974, 0.0699, 0.654], [0.0175, 0.0648, 0.0631, 0.054, 0.0197, 0.0761, 0.7048], [0.0579, 0.0874, 0.0341, 0.018, 0.0139, 0.0908, 0.698], [0.0823, 0.0155, 0.0457, 0.0914, 0.0244, 0.0796, 0.6612], [0.0212, 0.0681, 0.0685, 0.0348, 0.0728, 0.0836, 0.651], [0.0671, 0.0129, 0.0218, 0.0601, 0.0423, 0.0426, 0.7533], [0.0156, 0.0938, 0.036, 0.0254, 0.0379, 0.0428, 0.7485], [0.0738, 0.0744, 0.0588, 0.0476, 0.0158, 0.0539, 0.6757], [0.0291, 0.0945, 0.0466, 0.0523, 0.0608, 0.0921, 0.6246], [0.0361, 0.0247, 0.0926, 0.0189, 0.019, 0.0324, 0.7763], [0.0631, 0.0335, 0.0264, 0.0566, 0.0878, 0.0775, 0.6552], [0.0175, 0.0506, 0.0674, 0.0676, 0.0153, 0.0354, 0.7462], [0.0579, 0.0684, 0.0463, 0.0192, 0.0675, 0.0367, 0.704], [0.0359, 0.0753, 0.0809, 0.0768, 0.0583, 0.0318, 0.641], [0.0473, 0.0665, 0.0454, 0.0744, 0.0383, 0.0148, 0.7133], [0.0613, 0.0434, 0.0289, 0.0244, 0.0413, 0.0354, 0.7654], [0.0575, 0.0824, 0.0409, 0.0624, 0.0487, 0.0378, 0.6704], [0.0286, 0.0371, 0.055, 0.0789, 0.0118, 0.0607, 0.7278], [0.0498, 0.0401, 0.0535, 0.0246, 0.059, 0.0596, 0.7134], [0.0503, 0.0231, 0.0139, 0.0431, 0.0805, 0.0517, 0.7376], [0.0698, 0.0528, 0.0891, 0.0663, 0.0307, 0.0635, 0.6278], [0.0265, 0.0428, 0.0766, 0.0673, 0.018, 0.0354, 0.7333], [0.0256, 0.0902, 0.0988, 0.0237, 0.0188, 0.0666, 0.6762], [0.0641, 0.0611, 0.0471, 0.0303, 0.0713, 0.0721, 0.654], [0.0496, 0.067, 0.018, 0.0308, 0.0669, 0.0649, 0.7028], [0.0898, 0.0693, 0.0147, 0.091, 0.0762, 0.0151, 0.6439], [0.0486, 0.0209, 0.0342, 0.0582, 0.0405, 0.0401, 0.7575], [0.071, 0.0752, 0.0441, 0.0768, 0.0392, 0.0372, 0.6565], [0.0632, 0.0715, 0.0121, 0.0664, 0.057, 0.0543, 0.6756], [0.066, 0.0664, 0.0385, 0.0649, 0.0675, 0.0581, 0.6387], [0.0311, 0.0208, 0.0653, 0.0796, 0.0273, 0.0197, 0.7563], [0.0785, 0.0326, 0.0303, 0.0612, 0.0706, 0.0226, 0.7042], [0.0277, 0.0513, 0.0237, 0.0701, 0.0287, 0.0725, 0.726], [0.0412, 0.0683, 0.0276, 0.0211, 0.0393, 0.033, 0.7694], [0.0563, 0.0786, 0.0346, 0.0704, 0.0237, 0.0362, 0.7003], [0.0596, 0.0679, 0.0126, 0.0289, 0.0717, 0.0276, 0.7316], [0.0514, 0.0689, 0.0467, 0.0562, 0.038, 0.0151, 0.7236], [0.0565, 0.0399, 0.0788, 0.022, 0.0626, 0.0675, 0.6727], [0.0162, 0.0756, 0.039, 0.0411, 0.0246, 0.0667, 0.7368], [0.0393, 0.0697, 0.0724, 0.0367, 0.0735, 0.0551, 0.6534], [0.0806, 0.0716, 0.0461, 0.0183, 0.0391, 0.0345, 0.7097], [0.049, 0.0556, 0.0305, 0.0423, 0.0672, 0.0208, 0.7346], [0.0843, 0.0539, 0.0135, 0.0211, 0.0377, 0.0684, 0.7211], [0.0558, 0.029, 0.0196, 0.0275, 0.0539, 0.0368, 0.7774], [0.065, 0.017, 0.0192, 0.0518, 0.0536, 0.0598, 0.7336], [0.0158, 0.0652, 0.065, 0.0598, 0.025, 0.0576, 0.7115], [0.0463, 0.0206, 0.0363, 0.0696, 0.0732, 0.07, 0.6841], [0.0756, 0.0847, 0.0262, 0.0294, 0.0335, 0.0288, 0.7219], [0.0296, 0.0513, 0.0967, 0.0193, 0.1111, 0.0391, 0.6529], [0.0151, 0.0476, 0.0171, 0.0255, 0.045, 0.0368, 0.813], [0.0391, 0.0374, 0.0201, 0.0965, 0.0279, 0.0839, 0.6951], [0.0164, 0.076, 0.0676, 0.0527, 0.0173, 0.0482, 0.7218], [0.0372, 0.035, 0.0736, 0.0586, 0.0638, 0.0281, 0.7039], [0.0137, 0.0724, 0.043, 0.0303, 0.0641, 0.0461, 0.7304], [0.0828, 0.0791, 0.0909, 0.0482, 0.0622, 0.0502, 0.5865]], "emotions": ["purple", "purple", "purple", "purple", "purple", "purple", "purple", "purple", "purple", "purple", "purple", "purple", "purple", "purple", "purple", "purple", "purple", "purple", "purple", "purple", "purple", "purple", "purple", "purple", "purple", "purple", "purple", "purple", "purple", "purple", "purple", "purple", "purple", "purple", "purple", "purple", "purple", "purple", "purple", "purple", "purple", "purple", "purple", "purple", "purple", "purple", "purple", "purple", "purple", "purple", "purple", "purple", "purple", "purple", "purple", "purple", "purple", "purple", "purple", "purple", "purple", "purple", "purple", "purple", "purple", "purple", "purple", "purple", "purple", "purple", "purple", "purple", "purple", "purple", "purple", "purple", "purple", "purple", "purple", "purple"], "timestamps": [0, 40, 80, 120, 160, 200, 240, 280, 320, 360, 400, 440, 480, 520, 560, 600, 640, 680, 720, 760, 800, 840, 880, 920, 960, 1000, 1040, 1080, 1120, 1160, 1200, 1240, 1280, 1320, 1360, 1400, 1440, 1480, 1520, 1560, 1600, 1640, 1680, 1720, 1760, 1800, 1840, 1880, 1920, 1960, 2000, 2040, 2080, 2120, 2160, 2200, 2240, 2280, 2320, 2360, 2400, 2440, 2480, 2520, 2560, 2600, 2640, 2680, 2720, 2760, 2800, 2840, 2880, 2920, 2960, 3000, 3040, 3080, 3120, 3160]}], "conversation": [], "conversation_timestamps": []}