{"agent_id": "agent-red-711", "type": "red", "trips": [{"trip_id": 0, "transport_method": "foot", "start_time": 0, "path": [[1.584617, 42.5370321], [1.5852029, 42.5368728], [1.5858986, 42.53716], [1.5865185, 42.5375985], [1.5871427, 42.5380302], [1.5874479, 42.5381145], [1.5881979, 42.5380912], [1.5887997, 42.5377653], [1.5892033, 42.5372178], [1.5894593, 42.5369947], [1.5901523, 42.537304], [1.5908394, 42.5376273], [1.5914827, 42.5380227], [1.5917953, 42.5386924], [1.5918435, 42.5394501], [1.5919698, 42.5401917], [1.5923845, 42.5408161], [1.5920815, 42.5414628], [1.591664, 42.5420776], [1.5915805, 42.5428306], [1.5917358, 42.5435644], [1.5918982, 42.5442942], [1.5916349, 42.5450012], [1.5914131, 42.5457199], [1.5915906, 42.5464492], [1.5917012, 42.5467569], [1.5918448, 42.5470598], [1.5922078, 42.5476993], [1.5922658, 42.5483717], [1.5921938, 42.5490543], [1.5920441, 42.5497932], [1.5918517, 42.5505197], [1.5917264, 42.5512606], [1.5916227, 42.5520041], [1.5912022, 42.5526253], [1.5912929, 42.5525059], [1.5911155, 42.5527733], [1.5906352, 42.5533614], [1.5909433, 42.5528995], [1.5905723, 42.553562], [1.5906226, 42.5542014], [1.5912056, 42.5544722], [1.5914525, 42.5551892], [1.5916354, 42.5559137], [1.5918159, 42.5566319], [1.5916577, 42.5573282], [1.5923189, 42.5576808], [1.5929998, 42.557994], [1.5933745, 42.5585608], [1.593515, 42.5592256], [1.5937384, 42.559917], [1.593714, 42.5606213], [1.5938599, 42.5601421], [1.5937402, 42.5606554], [1.5937685, 42.561402], [1.5935078, 42.5620297], [1.5940957, 42.5625102], [1.5946836, 42.5629908], [1.5952714, 42.5634713], [1.5958593, 42.5639519], [1.5964471, 42.5644325], [1.5960107, 42.5643344], [1.5952851, 42.5641116], [1.5945648, 42.5638746], [1.5939909, 42.5633845], [1.5935511, 42.5627689], [1.5933611, 42.5620578], [1.5939807, 42.5623764], [1.5945916, 42.5628274], [1.5952024, 42.5632784], [1.5958132, 42.5637294], [1.596424, 42.5641804], [1.5970596, 42.5645323], [1.597801, 42.5644092], [1.5984748, 42.5646676], [1.5989612, 42.5652424], [1.599409, 42.565844], [1.6001499, 42.5659287], [1.6007429, 42.5656218], [1.6009465, 42.5651246]], "mood_vectors": [[0.5989, 0.0933, 0.0676, 0.0858, 0.0525, 0.0157, 0.0862], [0.7587, 0.0795, 0.0144, 0.0211, 0.0129, 0.0587, 0.0545], [0.7624, 0.0566, 0.019, 0.0704, 0.0117, 0.0162, 0.0636], [0.7281, 0.026, 0.0637, 0.0365, 0.0705, 0.033, 0.0422], [0.6833, 0.0541, 0.0627, 0.0278, 0.0454, 0.0486, 0.0781], [0.6066, 0.0892, 0.0804, 0.0521, 0.0684, 0.0381, 0.0651], [0.6781, 0.0596, 0.0337, 0.0348, 0.0302, 0.0937, 0.0699], [0.7291, 0.0555, 0.0409, 0.0274, 0.0154, 0.0676, 0.0641], [0.6477, 0.0372, 0.0781, 0.0692, 0.0627, 0.0217, 0.0834], [0.6437, 0.0507, 0.0797, 0.06, 0.0327, 0.0855, 0.0477], [0.6343, 0.0445, 0.0681, 0.0615, 0.076, 0.0337, 0.0819], [0.6918, 0.0533, 0.0632, 0.0969, 0.0219, 0.0377, 0.0351], [0.7153, 0.073, 0.025, 0.0314, 0.0379, 0.0501, 0.0673], [0.6924, 0.0169, 0.071, 0.0162, 0.0594, 0.0378, 0.1063], [0.7708, 0.054, 0.012, 0.0363, 0.0332, 0.0201, 0.0736], [0.6558, 0.0365, 0.0352, 0.0671, 0.0752, 0.0742, 0.056], [0.6424, 0.0752, 0.0803, 0.0273, 0.0479, 0.0463, 0.0805], [0.7624, 0.0446, 0.0238, 0.0563, 0.0482, 0.0364, 0.0284], [0.6655, 0.0754, 0.0821, 0.0451, 0.0163, 0.0351, 0.0805], [0.7877, 0.0166, 0.0151, 0.0714, 0.0208, 0.0681, 0.0203], [0.7549, 0.0297, 0.0144, 0.0439, 0.0583, 0.0583, 0.0406], [0.7382, 0.0238, 0.0453, 0.0449, 0.0445, 0.0502, 0.0531], [0.66, 0.083, 0.0407, 0.0517, 0.0812, 0.0452, 0.0384], [0.7002, 0.088, 0.0331, 0.0794, 0.0371, 0.0457, 0.0165], [0.6008, 0.0868, 0.0893, 0.0789, 0.0356, 0.049, 0.0597], [0.6824, 0.0334, 0.0496, 0.0489, 0.0678, 0.0666, 0.0512], [0.629, 0.0752, 0.0787, 0.0537, 0.0698, 0.0775, 0.0161], [0.6271, 0.0585, 0.0711, 0.0657, 0.0351, 0.0827, 0.0599], [0.7187, 0.0505, 0.0478, 0.0319, 0.039, 0.0671, 0.0451], [0.6796, 0.0348, 0.0904, 0.0176, 0.064, 0.0249, 0.0888], [0.7344, 0.0272, 0.0887, 0.0299, 0.0212, 0.0388, 0.06], [0.6827, 0.0449, 0.0208, 0.1032, 0.0451, 0.0266, 0.0768], [0.6849, 0.0607, 0.0624, 0.0415, 0.0376, 0.0501, 0.0628], [0.7106, 0.0331, 0.0487, 0.0733, 0.0538, 0.0344, 0.0462], [0.6882, 0.0799, 0.0567, 0.055, 0.0134, 0.0514, 0.0553], [0.6996, 0.0552, 0.0414, 0.029, 0.0278, 0.0607, 0.0863], [0.6173, 0.0333, 0.0878, 0.0763, 0.0246, 0.0956, 0.0651], [0.6713, 0.0214, 0.0741, 0.1043, 0.0362, 0.0564, 0.0363], [0.7231, 0.0181, 0.0782, 0.0541, 0.047, 0.0261, 0.0534], [0.6757, 0.0235, 0.0221, 0.0621, 0.0886, 0.0953, 0.0328], [0.7412, 0.0621, 0.0274, 0.0356, 0.0639, 0.0369, 0.0329], [0.7582, 0.0503, 0.0413, 0.0153, 0.0509, 0.0464, 0.0377], [0.657, 0.0555, 0.073, 0.0511, 0.0203, 0.0797, 0.0635], [0.6814, 0.061, 0.035, 0.0495, 0.0635, 0.0729, 0.0367], [0.6902, 0.0726, 0.0566, 0.0126, 0.0718, 0.0683, 0.0278], [0.733, 0.0651, 0.0224, 0.036, 0.0442, 0.0697, 0.0295], [0.7555, 0.034, 0.0285, 0.052, 0.0377, 0.0761, 0.0163], [0.728, 0.0324, 0.0429, 0.0593, 0.0434, 0.0173, 0.0766], [0.6925, 0.02, 0.072, 0.0671, 0.0594, 0.0569, 0.0321], [0.7448, 0.0267, 0.0499, 0.0477, 0.0244, 0.0332, 0.0734], [0.7092, 0.0669, 0.0969, 0.0231, 0.0439, 0.0262, 0.0338], [0.7174, 0.041, 0.0207, 0.0897, 0.0415, 0.0725, 0.0171], [0.714, 0.042, 0.0328, 0.0756, 0.036, 0.0324, 0.0672], [0.6389, 0.0782, 0.0825, 0.0553, 0.0619, 0.0149, 0.0683], [0.6759, 0.0846, 0.0631, 0.0277, 0.0361, 0.0737, 0.039], [0.6896, 0.0563, 0.0694, 0.0157, 0.0363, 0.0721, 0.0605], [0.6419, 0.096, 0.0701, 0.0639, 0.0354, 0.0415, 0.0513], [0.6928, 0.0456, 0.0758, 0.0596, 0.022, 0.0659, 0.0382], [0.742, 0.0458, 0.0457, 0.0618, 0.0225, 0.0375, 0.0448], [0.7015, 0.0399, 0.0634, 0.0343, 0.0257, 0.0805, 0.0547], [0.7121, 0.0531, 0.019, 0.066, 0.0443, 0.0676, 0.0379], [0.7128, 0.0716, 0.0398, 0.0501, 0.0331, 0.0419, 0.0507], [0.6929, 0.0564, 0.0631, 0.073, 0.0144, 0.0412, 0.0591], [0.687, 0.0394, 0.0882, 0.0806, 0.0161, 0.0369, 0.0518], [0.6738, 0.0384, 0.0702, 0.0499, 0.0722, 0.0204, 0.075], [0.6555, 0.0777, 0.0746, 0.0276, 0.0738, 0.0726, 0.0182], [0.6865, 0.0313, 0.0815, 0.0492, 0.0384, 0.0652, 0.0479], [0.761, 0.0412, 0.028, 0.0593, 0.026, 0.0349, 0.0497], [0.7021, 0.0508, 0.0537, 0.0614, 0.0515, 0.0455, 0.035], [0.6869, 0.0471, 0.0798, 0.026, 0.0529, 0.0757, 0.0316], [0.7252, 0.0147, 0.0345, 0.0886, 0.0302, 0.053, 0.0538], [0.6942, 0.028, 0.0735, 0.0667, 0.046, 0.0419, 0.0497], [0.6928, 0.0479, 0.0442, 0.0248, 0.0678, 0.068, 0.0546], [0.6416, 0.0511, 0.0741, 0.0896, 0.0161, 0.1004, 0.027], [0.7037, 0.0462, 0.0316, 0.0443, 0.062, 0.0675, 0.0447], [0.7496, 0.0371, 0.0916, 0.0224, 0.0227, 0.0559, 0.0208], [0.6585, 0.0765, 0.0772, 0.0555, 0.0344, 0.0735, 0.0245], [0.6678, 0.085, 0.0347, 0.0627, 0.0659, 0.0531, 0.0308], [0.7078, 0.0196, 0.0767, 0.0619, 0.0865, 0.0325, 0.015], [0.7069, 0.0313, 0.0565, 0.0487, 0.0264, 0.0612, 0.0691]], "emotions": ["red", "red", "red", "red", "red", "red", "red", "red", "red", "red", "red", "red", "red", "red", "red", "red", "red", "red", "red", "red", "red", "red", "red", "red", "red", "red", "red", "red", "red", "red", "red", "red", "red", "red", "red", "red", "red", "red", "red", "red", "red", "red", "red", "red", "red", "red", "red", "red", "red", "red", "red", "red", "red", "red", "red", "red", "red", "red", "red", "red", "red", "red", "red", "red", "red", "red", "red", "red", "red", "red", "red", "red", "red", "red", "red", "red", "red", "red", "red", "red"], "timestamps": [0, 40, 80, 120, 160, 200, 240, 280, 320, 360, 400, 440, 480, 520, 560, 600, 640, 680, 720, 760, 800, 840, 880, 920, 960, 1000, 1040, 1080, 1120, 1160, 1200, 1240, 1280, 1320, 1360, 1400, 1440, 1480, 1520, 1560, 1600, 1640, 1680, 1720, 1760, 1800, 1840, 1880, 1920, 1960, 2000, 2040, 2080, 2120, 2160, 2200, 2240, 2280, 2320, 2360, 2400, 2440, 2480, 2520, 2560, 2600, 2640, 2680, 2720, 2760, 2800, 2840, 2880, 2920, 2960, 3000, 3040, 3080, 3120, 3160]}], "conversation": [], "conversation_timestamps": []}