{"agent_id": "agent-green-1857", "type": "green", "trips": [{"trip_id": 0, "transport_method": "foot", "start_time": 0, "path": [[1.6456734, 42.5784243], [1.6441239, 42.5782226], [1.6416219, 42.5784382], [1.639206, 42.5781371], [1.6366965, 42.5780071], [1.635222, 42.5777824], [1.632794, 42.5782025], [1.6303001, 42.5784773], [1.627928, 42.5776999], [1.6256828, 42.5768812], [1.6270216, 42.5777701], [1.6249065, 42.5763748], [1.6224853, 42.5756547], [1.6203705, 42.5743606], [1.6180615, 42.5734786], [1.6158115, 42.5727234], [1.6133742, 42.5720359], [1.6109676, 42.5714587], [1.6084804, 42.5712969], [1.6068282, 42.5707942], [1.6048718, 42.5695697], [1.6030767, 42.5681815], [1.6009537, 42.5668425], [1.6011868, 42.5667596], [1.5999602, 42.5661064], [1.5981553, 42.5644437], [1.5957072, 42.5642344], [1.5936388, 42.5629288], [1.5936659, 42.5607773], [1.5934057, 42.5585021], [1.5916657, 42.5570144], [1.5912698, 42.5546366], [1.5909581, 42.5528752], [1.5918116, 42.5506319], [1.5922763, 42.5482444], [1.5914344, 42.546009], [1.5917505, 42.543595], [1.5922382, 42.5413043], [1.5918191, 42.5389708], [1.5901727, 42.5373136], [1.5884659, 42.5356397], [1.5878868, 42.535121], [1.5860375, 42.5340228], [1.5849186, 42.5331837], [1.5828489, 42.5317697], [1.5803218, 42.5317448], [1.5777892, 42.5317731], [1.5752837, 42.5314079], [1.5733208, 42.5298674], [1.5746637, 42.5311956], [1.5731095, 42.529683], [1.5708523, 42.5290186], [1.5701317, 42.5284156], [1.5705375, 42.5288505], [1.5684278, 42.5274453], [1.5687339, 42.5274944], [1.5674115, 42.5266765], [1.5652359, 42.5253983], [1.5628736, 42.5245809], [1.5610013, 42.5229038], [1.5589413, 42.521506], [1.5571085, 42.5197576], [1.5561971, 42.5186543], [1.5554063, 42.5182201], [1.5544622, 42.5174613], [1.5544341, 42.5175625], [1.5531327, 42.5154353], [1.5521087, 42.5133174], [1.5500124, 42.5119638], [1.5475717, 42.511294], [1.5463865, 42.5098781], [1.5445849, 42.5093118], [1.5421184, 42.5088969], [1.53992, 42.5083642], [1.5374434, 42.5079545], [1.5361201, 42.5077893], [1.5347821, 42.5074336], [1.5342004, 42.5070666], [1.53179, 42.506624], [1.5295829, 42.5054897]], "mood_vectors": [[0.0696, 0.0704, 0.0765, 0.0152, 0.042, 0.0432, 0.683], [0.0499, 0.0307, 0.0194, 0.0175, 0.0155, 0.0537, 0.8133], [0.0657, 0.0456, 0.0545, 0.0308, 0.05, 0.074, 0.6793], [0.0838, 0.0699, 0.0596, 0.0886, 0.0403, 0.0172, 0.6406], [0.061, 0.0582, 0.0452, 0.0493, 0.0607, 0.0453, 0.6803], [0.0329, 0.0691, 0.0183, 0.0228, 0.0476, 0.0505, 0.7588], [0.0129, 0.0693, 0.0421, 0.0565, 0.0732, 0.0424, 0.7036], [0.0274, 0.0332, 0.0354, 0.0686, 0.0442, 0.0318, 0.7595], [0.061, 0.0372, 0.0667, 0.0139, 0.0742, 0.0388, 0.7083], [0.017, 0.0233, 0.0799, 0.0635, 0.0731, 0.0123, 0.731], [0.0504, 0.0283, 0.0779, 0.0811, 0.0336, 0.0244, 0.7043], [0.0634, 0.0698, 0.0535, 0.0552, 0.0166, 0.0469, 0.6946], [0.0682, 0.0194, 0.0256, 0.0522, 0.0506, 0.0201, 0.764], [0.0121, 0.0382, 0.0573, 0.0584, 0.0347, 0.0669, 0.7324], [0.0505, 0.0631, 0.0152, 0.0809, 0.0629, 0.0824, 0.645], [0.0176, 0.045, 0.0751, 0.0268, 0.0319, 0.0573, 0.7463], [0.0428, 0.0325, 0.0369, 0.0691, 0.0749, 0.0681, 0.6756], [0.0314, 0.0623, 0.0423, 0.0288, 0.02, 0.0189, 0.7963], [0.0526, 0.0462, 0.0377, 0.0286, 0.035, 0.077, 0.7228], [0.0369, 0.0268, 0.1043, 0.0254, 0.0586, 0.0448, 0.7033], [0.0553, 0.0195, 0.0182, 0.0511, 0.0608, 0.0622, 0.7329], [0.0681, 0.054, 0.0377, 0.0601, 0.0803, 0.0527, 0.6471], [0.0229, 0.023, 0.0352, 0.0869, 0.0182, 0.0136, 0.8002], [0.0182, 0.0263, 0.0914, 0.0605, 0.039, 0.0622, 0.7023], [0.0612, 0.0582, 0.0812, 0.0695, 0.0372, 0.0715, 0.6213], [0.0618, 0.0862, 0.0151, 0.0551, 0.0314, 0.0328, 0.7174], [0.0262, 0.0494, 0.0204, 0.0462, 0.0491, 0.0552, 0.7535], [0.0184, 0.0896, 0.0524, 0.0269, 0.0337, 0.0209, 0.7581], [0.0286, 0.0248, 0.054, 0.0269, 0.0139, 0.0583, 0.7935], [0.094, 0.0687, 0.0574, 0.0142, 0.0193, 0.0833, 0.663], [0.0252, 0.0207, 0.0437, 0.0508, 0.0226, 0.0187, 0.8183], [0.0507, 0.0699, 0.0223, 0.0637, 0.0177, 0.063, 0.7127], [0.0385, 0.0536, 0.0585, 0.0134, 0.0172, 0.0317, 0.7871], [0.0368, 0.0601, 0.0484, 0.0715, 0.0634, 0.0366, 0.6832], [0.0135, 0.0585, 0.0356, 0.0548, 0.0256, 0.0746, 0.7375], [0.0773, 0.0505, 0.0718, 0.0591, 0.0262, 0.038, 0.6771], [0.041, 0.0309, 0.0757, 0.0178, 0.0758, 0.0879, 0.6708], [0.0182, 0.0727, 0.0452, 0.079, 0.0487, 0.0325, 0.7037], [0.0198, 0.0383, 0.0437, 0.0498, 0.1014, 0.0217, 0.7252], [0.0631, 0.0368, 0.0476, 0.029, 0.0761, 0.0718, 0.6756], [0.0296, 0.0786, 0.0256, 0.0577, 0.0743, 0.0713, 0.663], [0.0581, 0.0522, 0.0584, 0.0733, 0.0456, 0.015, 0.6974], [0.0756, 0.0381, 0.0691, 0.0732, 0.0358, 0.046, 0.6621], [0.0363, 0.0325, 0.0617, 0.0555, 0.063, 0.0822, 0.6689], [0.0535, 0.0807, 0.079, 0.0117, 0.0327, 0.0646, 0.6777], [0.0835, 0.0307, 0.0723, 0.0903, 0.0669, 0.0898, 0.5665], [0.0624, 0.0718, 0.0156, 0.0606, 0.024, 0.0699, 0.6957], [0.0356, 0.052, 0.0499, 0.0684, 0.0731, 0.0218, 0.6992], [0.0741, 0.0765, 0.0234, 0.0352, 0.0259, 0.0494, 0.7155], [0.0665, 0.0307, 0.0176, 0.0582, 0.0595, 0.0732, 0.6943], [0.0917, 0.0368, 0.0612, 0.0358, 0.034, 0.0606, 0.6798], [0.0776, 0.0513, 0.0329, 0.0727, 0.0592, 0.0464, 0.6598], [0.0128, 0.07, 0.0714, 0.0329, 0.0421, 0.036, 0.7348], [0.0705, 0.0721, 0.025, 0.0328, 0.0743, 0.0233, 0.702], [0.0711, 0.0701, 0.0593, 0.0452, 0.0154, 0.0497, 0.6892], [0.0933, 0.0621, 0.0193, 0.0167, 0.0419, 0.0525, 0.7142], [0.0304, 0.0732, 0.074, 0.0211, 0.0642, 0.0287, 0.7084], [0.0285, 0.0207, 0.0751, 0.0798, 0.0358, 0.0138, 0.7462], [0.0681, 0.0205, 0.0277, 0.0361, 0.058, 0.0596, 0.7301], [0.0742, 0.0748, 0.0615, 0.0519, 0.0485, 0.0232, 0.6659], [0.0299, 0.077, 0.0662, 0.0717, 0.018, 0.0274, 0.7098], [0.0201, 0.0644, 0.074, 0.0609, 0.0608, 0.0424, 0.6773], [0.0741, 0.0718, 0.0412, 0.0258, 0.0184, 0.0375, 0.7312], [0.0794, 0.0178, 0.0231, 0.0189, 0.0309, 0.0435, 0.7865], [0.0688, 0.0147, 0.0651, 0.0455, 0.0935, 0.0931, 0.6194], [0.1011, 0.036, 0.0192, 0.07, 0.0149, 0.0471, 0.7118], [0.0525, 0.0747, 0.0247, 0.0752, 0.0184, 0.0463, 0.7083], [0.0379, 0.0144, 0.0596, 0.0766, 0.0463, 0.0691, 0.696], [0.0621, 0.0384, 0.032, 0.0403, 0.022, 0.0947, 0.7105], [0.0206, 0.0757, 0.0574, 0.0351, 0.0414, 0.0674, 0.7024], [0.014, 0.0262, 0.0711, 0.026, 0.0628, 0.0388, 0.7611], [0.0192, 0.0473, 0.0781, 0.0783, 0.0839, 0.0667, 0.6264], [0.0748, 0.0494, 0.0193, 0.0248, 0.0568, 0.0557, 0.7191], [0.0438, 0.0733, 0.0452, 0.0617, 0.0469, 0.0478, 0.6814], [0.06, 0.0285, 0.0449, 0.0557, 0.0672, 0.0621, 0.6816], [0.0328, 0.0803, 0.0655, 0.0522, 0.0565, 0.0597, 0.6531], [0.0335, 0.0773, 0.0212, 0.0532, 0.0369, 0.0712, 0.7067], [0.0931, 0.0266, 0.0724, 0.0915, 0.04, 0.0577, 0.6187], [0.0518, 0.0323, 0.0625, 0.0644, 0.0589, 0.0702, 0.6598], [0.0827, 0.0277, 0.0187, 0.0895, 0.0151, 0.0325, 0.7338]], "emotions": ["purple", "purple", "purple", "purple", "purple", "purple", "purple", "purple", "purple", "purple", "purple", "purple", "purple", "purple", "purple", "purple", "purple", "purple", "purple", "purple", "purple", "purple", "purple", "purple", "purple", "purple", "purple", "purple", "purple", "purple", "purple", "purple", "purple", "purple", "purple", "purple", "purple", "purple", "purple", "purple", "purple", "purple", "purple", "purple", "purple", "purple", "purple", "purple", "purple", "purple", "purple", "purple", "purple", "purple", "purple", "purple", "purple", "purple", "purple", "purple", "purple", "purple", "purple", "purple", "purple", "purple", "purple", "purple", "purple", "purple", "purple", "purple", "purple", "purple", "purple", "purple", "purple", "purple", "purple", "purple"], "timestamps": [0, 40, 80, 120, 160, 200, 240, 280, 320, 360, 400, 440, 480, 520, 560, 600, 640, 680, 720, 760, 800, 840, 880, 920, 960, 1000, 1040, 1080, 1120, 1160, 1200, 1240, 1280, 1320, 1360, 1400, 1440, 1480, 1520, 1560, 1600, 1640, 1680, 1720, 1760, 1800, 1840, 1880, 1920, 1960, 2000, 2040, 2080, 2120, 2160, 2200, 2240, 2280, 2320, 2360, 2400, 2440, 2480, 2520, 2560, 2600, 2640, 2680, 2720, 2760, 2800, 2840, 2880, 2920, 2960, 3000, 3040, 3080, 3120, 3160]}], "conversation": [], "conversation_timestamps": []}