{"agent_id": "agent-purple-744", "type": "purple", "trips": [{"trip_id": 0, "transport_method": "foot", "start_time": 0, "path": [[1.5387536, 42.5100653], [1.5388008, 42.5100951], [1.5388479, 42.5101249], [1.5388951, 42.5101547], [1.5389423, 42.5101845], [1.5389894, 42.5102143], [1.5390366, 42.5102441], [1.5390837, 42.5102738], [1.5391294, 42.5102629], [1.5391743, 42.5102298], [1.5392192, 42.5101967], [1.539264, 42.5101636], [1.5393089, 42.5101304], [1.5393598, 42.5101137], [1.5394146, 42.5101047], [1.5394683, 42.5100899], [1.539521, 42.5100717], [1.5395728, 42.510051], [1.5396241, 42.5100291], [1.5396754, 42.5100071], [1.5397257, 42.5099831], [1.539776, 42.509959], [1.5398262, 42.5099348], [1.5398765, 42.5099106], [1.5399262, 42.5098852], [1.5399732, 42.5098556], [1.5400179, 42.5098222], [1.5400531, 42.509779], [1.540094, 42.5097412], [1.5401354, 42.5097038], [1.5401768, 42.5096664], [1.5402235, 42.5096378], [1.5402758, 42.5096185], [1.5403282, 42.5095992], [1.5403805, 42.5095799], [1.5404328, 42.5095606], [1.5404852, 42.5095413], [1.5405375, 42.509522], [1.5405898, 42.5095027], [1.5406422, 42.5094834], [1.5406935, 42.5094628], [1.540727, 42.5094182], [1.5407606, 42.5093736], [1.5407941, 42.509329], [1.5408347, 42.509293], [1.5408858, 42.5092713], [1.5409394, 42.5092556], [1.5409929, 42.50924], [1.5410464, 42.5092243], [1.5411, 42.5092086], [1.5411535, 42.5091929], [1.5412074, 42.5091787], [1.5412622, 42.5091687], [1.5413173, 42.5091599], [1.5413725, 42.5091517], [1.5414276, 42.5091435], [1.5414829, 42.5091361], [1.5415383, 42.5091291], [1.5415936, 42.5091222], [1.5416457, 42.5091078], [1.5416885, 42.5090721], [1.5417314, 42.5090363], [1.5417742, 42.5090006], [1.541817, 42.5089649], [1.5418598, 42.5089291], [1.5419027, 42.5088934], [1.5419547, 42.5088842], [1.5420105, 42.5088857], [1.5420662, 42.5088871], [1.542122, 42.5088886], [1.5421777, 42.5088901], [1.5422335, 42.5088916], [1.5422892, 42.5088931], [1.5422484, 42.5088934], [1.5421931, 42.508899], [1.5421376, 42.5088982], [1.542082, 42.5088944], [1.5420263, 42.5088906], [1.5419707, 42.5088869], [1.541915, 42.5088831]], "mood_vectors": [[0.0391, 0.024, 0.0563, 0.0307, 0.0378, 0.779, 0.0332], [0.0256, 0.0203, 0.057, 0.0728, 0.041, 0.7386, 0.0446], [0.0226, 0.0625, 0.0195, 0.0593, 0.0346, 0.7349, 0.0665], [0.0373, 0.0234, 0.063, 0.0277, 0.0695, 0.7521, 0.027], [0.0625, 0.0465, 0.0666, 0.0296, 0.0543, 0.7285, 0.012], [0.0458, 0.0342, 0.0327, 0.0717, 0.0428, 0.6792, 0.0936], [0.0216, 0.0347, 0.0471, 0.0369, 0.0677, 0.7374, 0.0546], [0.0178, 0.0428, 0.0295, 0.0344, 0.0146, 0.8424, 0.0184], [0.0506, 0.0565, 0.0573, 0.0705, 0.0778, 0.629, 0.0583], [0.0566, 0.0368, 0.0606, 0.0857, 0.0903, 0.617, 0.053], [0.062, 0.0272, 0.0336, 0.0387, 0.047, 0.7563, 0.0351], [0.0124, 0.0604, 0.0506, 0.0688, 0.0545, 0.6855, 0.0679], [0.0468, 0.0465, 0.0788, 0.0219, 0.0363, 0.6957, 0.0741], [0.0583, 0.084, 0.0161, 0.0892, 0.0298, 0.6333, 0.0893], [0.0615, 0.0551, 0.0508, 0.0657, 0.0596, 0.6706, 0.0367], [0.0814, 0.0473, 0.0233, 0.063, 0.0772, 0.6778, 0.03], [0.07, 0.0287, 0.0211, 0.0494, 0.0676, 0.7068, 0.0563], [0.0221, 0.0473, 0.0603, 0.0393, 0.0663, 0.7124, 0.0524], [0.0501, 0.0443, 0.0165, 0.0689, 0.0581, 0.6851, 0.077], [0.0598, 0.0204, 0.1012, 0.0618, 0.0559, 0.6837, 0.0172], [0.0427, 0.078, 0.0289, 0.0597, 0.0234, 0.7425, 0.0249], [0.0814, 0.0288, 0.0392, 0.0236, 0.076, 0.7008, 0.0501], [0.0363, 0.0753, 0.0808, 0.0213, 0.0788, 0.666, 0.0416], [0.091, 0.0342, 0.0605, 0.0213, 0.0698, 0.6788, 0.0445], [0.065, 0.0809, 0.0574, 0.0231, 0.0538, 0.6423, 0.0774], [0.0317, 0.0454, 0.0569, 0.0473, 0.0692, 0.6898, 0.0596], [0.0217, 0.0585, 0.0721, 0.0243, 0.0749, 0.6805, 0.068], [0.0195, 0.0776, 0.0168, 0.0253, 0.0917, 0.7245, 0.0446], [0.0879, 0.0227, 0.0139, 0.0185, 0.04, 0.774, 0.0429], [0.0534, 0.1009, 0.0587, 0.0155, 0.0443, 0.7062, 0.0211], [0.0422, 0.0354, 0.0575, 0.0746, 0.0682, 0.6297, 0.0925], [0.0594, 0.0704, 0.0441, 0.0275, 0.0532, 0.7271, 0.0182], [0.0507, 0.046, 0.0473, 0.0641, 0.0475, 0.6858, 0.0587], [0.0641, 0.0492, 0.0715, 0.0802, 0.0202, 0.6394, 0.0754], [0.0228, 0.0292, 0.0552, 0.0234, 0.0405, 0.8139, 0.0149], [0.0721, 0.0681, 0.0269, 0.0703, 0.0466, 0.6481, 0.0679], [0.0247, 0.0198, 0.0435, 0.0798, 0.0844, 0.6692, 0.0785], [0.0659, 0.0259, 0.0298, 0.0586, 0.0149, 0.7921, 0.0128], [0.096, 0.0427, 0.082, 0.0549, 0.0157, 0.694, 0.0148], [0.0413, 0.0685, 0.0634, 0.0518, 0.0556, 0.7063, 0.013], [0.0446, 0.0334, 0.086, 0.0501, 0.0864, 0.6777, 0.0218], [0.0422, 0.0568, 0.0802, 0.0148, 0.0341, 0.7428, 0.0291], [0.046, 0.035, 0.0212, 0.014, 0.0559, 0.8068, 0.0211], [0.043, 0.0473, 0.0425, 0.0668, 0.0559, 0.6864, 0.0581], [0.0234, 0.0391, 0.0632, 0.0509, 0.0205, 0.7447, 0.0582], [0.0615, 0.0295, 0.0331, 0.0781, 0.0684, 0.6853, 0.0442], [0.0221, 0.0506, 0.0512, 0.0169, 0.0682, 0.7727, 0.0184], [0.0259, 0.0741, 0.0174, 0.0459, 0.1, 0.7005, 0.0362], [0.0723, 0.0425, 0.0427, 0.0199, 0.0322, 0.7768, 0.0134], [0.0238, 0.0423, 0.058, 0.0708, 0.0677, 0.6638, 0.0737], [0.0617, 0.0567, 0.0727, 0.0672, 0.0527, 0.6757, 0.0132], [0.0377, 0.0288, 0.0161, 0.0138, 0.0172, 0.8641, 0.0223], [0.0482, 0.043, 0.049, 0.0332, 0.0408, 0.7402, 0.0457], [0.0275, 0.0624, 0.0836, 0.0737, 0.0286, 0.6901, 0.0342], [0.0543, 0.0177, 0.0131, 0.0401, 0.041, 0.803, 0.0309], [0.1038, 0.0492, 0.0223, 0.0224, 0.061, 0.7141, 0.0272], [0.0814, 0.0468, 0.0202, 0.047, 0.0349, 0.7479, 0.0218], [0.0265, 0.0291, 0.0444, 0.0162, 0.0833, 0.7731, 0.0273], [0.0682, 0.0717, 0.0196, 0.046, 0.073, 0.686, 0.0356], [0.0215, 0.0493, 0.0892, 0.0685, 0.084, 0.6485, 0.0391], [0.0768, 0.0487, 0.0127, 0.06, 0.0742, 0.7075, 0.0201], [0.0642, 0.08, 0.0905, 0.043, 0.0557, 0.6044, 0.0621], [0.0599, 0.064, 0.0284, 0.0466, 0.0785, 0.683, 0.0396], [0.0852, 0.0215, 0.0622, 0.0853, 0.0523, 0.6221, 0.0713], [0.0801, 0.0634, 0.0216, 0.0671, 0.076, 0.6433, 0.0485], [0.0403, 0.0249, 0.082, 0.0346, 0.0169, 0.7193, 0.0819], [0.0257, 0.0538, 0.0308, 0.0202, 0.0252, 0.7939, 0.0504], [0.0735, 0.0231, 0.0205, 0.084, 0.0695, 0.7034, 0.0258], [0.0768, 0.0828, 0.0313, 0.0625, 0.029, 0.6533, 0.0644], [0.034, 0.0583, 0.0718, 0.034, 0.0745, 0.6927, 0.0348], [0.0486, 0.0684, 0.0208, 0.0456, 0.0298, 0.7142, 0.0726], [0.0803, 0.0225, 0.0651, 0.0162, 0.046, 0.7015, 0.0685], [0.0453, 0.0585, 0.0447, 0.0345, 0.0204, 0.7105, 0.0861], [0.0839, 0.0636, 0.0548, 0.0757, 0.0696, 0.5717, 0.0808], [0.0474, 0.0369, 0.0746, 0.0586, 0.0162, 0.6946, 0.0717], [0.0702, 0.0428, 0.0503, 0.0457, 0.0846, 0.6398, 0.0666], [0.0376, 0.0227, 0.0778, 0.0593, 0.0407, 0.7016, 0.0603], [0.0515, 0.0303, 0.0372, 0.0575, 0.0762, 0.702, 0.0453], [0.061, 0.0719, 0.0193, 0.0306, 0.0378, 0.708, 0.0714], [0.026, 0.0378, 0.016, 0.0189, 0.0467, 0.8086, 0.046]], "emotions": ["purple", "purple", "purple", "purple", "purple", "purple", "purple", "purple", "purple", "purple", "purple", "purple", "purple", "purple", "purple", "purple", "purple", "purple", "purple", "purple", "purple", "purple", "purple", "purple", "purple", "purple", "purple", "purple", "purple", "purple", "purple", "purple", "purple", "purple", "purple", "purple", "purple", "purple", "purple", "purple", "purple", "purple", "purple", "purple", "purple", "purple", "purple", "purple", "purple", "purple", "purple", "purple", "purple", "purple", "purple", "purple", "purple", "purple", "purple", "purple", "purple", "purple", "purple", "purple", "purple", "purple", "purple", "purple", "purple", "purple", "purple", "purple", "purple", "purple", "purple", "purple", "purple", "purple", "purple", "purple"], "timestamps": [0, 40, 80, 120, 160, 200, 240, 280, 320, 360, 400, 440, 480, 520, 560, 600, 640, 680, 720, 760, 800, 840, 880, 920, 960, 1000, 1040, 1080, 1120, 1160, 1200, 1240, 1280, 1320, 1360, 1400, 1440, 1480, 1520, 1560, 1600, 1640, 1680, 1720, 1760, 1800, 1840, 1880, 1920, 1960, 2000, 2040, 2080, 2120, 2160, 2200, 2240, 2280, 2320, 2360, 2400, 2440, 2480, 2520, 2560, 2600, 2640, 2680, 2720, 2760, 2800, 2840, 2880, 2920, 2960, 3000, 3040, 3080, 3120, 3160]}], "conversation": [], "conversation_timestamps": []}