{"agent_id": "agent-red-1036", "type": "red", "trips": [{"trip_id": 0, "transport_method": "bicycle", "start_time": 0, "path": [[1.5174405, 42.4992595], [1.517248, 42.4992029], [1.5176055, 42.5000986], [1.5178385, 42.5009753], [1.518857, 42.5009607], [1.5197874, 42.501353], [1.5200023, 42.5023113], [1.5207056, 42.5030199], [1.5214296, 42.5037137], [1.5217919, 42.5044929], [1.5220746, 42.5053084], [1.5217419, 42.5062679], [1.522199, 42.5068315], [1.5226417, 42.5075826], [1.5236332, 42.5077938], [1.5246568, 42.5078533], [1.5256436, 42.5081513], [1.5265589, 42.508498], [1.5275723, 42.5086268], [1.5283924, 42.5092435], [1.5291302, 42.5099464], [1.5295201, 42.5107631], [1.5299738, 42.5115054], [1.5308872, 42.5119281], [1.5306129, 42.5128137], [1.530292, 42.5137668], [1.530025, 42.5146145], [1.529276, 42.5152972], [1.5285398, 42.515988], [1.5276465, 42.5165039], [1.5267532, 42.5170198], [1.5266891, 42.5170721], [1.5275646, 42.5165699], [1.5285089, 42.516175], [1.5285351, 42.5160182], [1.5276701, 42.5165803], [1.5268051, 42.5171423], [1.5259402, 42.5177044], [1.5250752, 42.5182665], [1.5250372, 42.5182893], [1.525785, 42.5175837], [1.5259189, 42.5175693], [1.5250798, 42.5181693], [1.5242526, 42.5187845], [1.5238616, 42.519638], [1.5235682, 42.520618], [1.5230328, 42.5214856], [1.5221999, 42.5220906], [1.5217472, 42.5230009], [1.5211472, 42.5238317], [1.5206463, 42.5247236], [1.5205975, 42.5257532], [1.5202653, 42.5267011], [1.5200263, 42.5276238], [1.5205918, 42.5284799], [1.5204883, 42.5294672], [1.519733, 42.530117], [1.5197932, 42.5310468], [1.519569, 42.5320123], [1.5197246, 42.533015], [1.5195207, 42.5339934], [1.5202166, 42.5347482], [1.5209861, 42.5354342], [1.5217293, 42.5357377], [1.5210744, 42.5364554], [1.5204523, 42.537244], [1.5201975, 42.5382363], [1.5199436, 42.5392361], [1.520025, 42.540253], [1.5197964, 42.5411373], [1.5189239, 42.5416864], [1.5181443, 42.5423463], [1.5175734, 42.5431981], [1.5170388, 42.544065], [1.5174871, 42.5445293], [1.518222, 42.5447687], [1.5190966, 42.5452621], [1.5193482, 42.5455337], [1.5183196, 42.5455413], [1.5173002, 42.5456773]], "mood_vectors": [[0.7024, 0.0545, 0.0557, 0.0457, 0.0368, 0.0595, 0.0454], [0.6873, 0.0712, 0.0546, 0.0553, 0.0531, 0.0217, 0.0568], [0.6559, 0.0892, 0.0781, 0.0279, 0.0461, 0.0178, 0.085], [0.7279, 0.0412, 0.0268, 0.065, 0.0469, 0.0745, 0.0177], [0.6385, 0.0374, 0.0811, 0.0379, 0.0415, 0.085, 0.0787], [0.6981, 0.0735, 0.0539, 0.0496, 0.0523, 0.0499, 0.0227], [0.7946, 0.0458, 0.0377, 0.0413, 0.036, 0.0176, 0.027], [0.7766, 0.0144, 0.039, 0.0132, 0.0639, 0.025, 0.068], [0.7708, 0.0203, 0.0488, 0.0195, 0.0348, 0.0596, 0.0463], [0.7397, 0.0221, 0.038, 0.0436, 0.0373, 0.0371, 0.0822], [0.7282, 0.0352, 0.0576, 0.0389, 0.0556, 0.0537, 0.0309], [0.6943, 0.0958, 0.0496, 0.0178, 0.0451, 0.052, 0.0455], [0.6979, 0.0536, 0.0705, 0.0172, 0.0718, 0.0495, 0.0395], [0.6823, 0.0511, 0.0758, 0.091, 0.0287, 0.048, 0.0229], [0.8009, 0.0743, 0.0251, 0.0207, 0.026, 0.0358, 0.0172], [0.803, 0.0469, 0.0239, 0.0144, 0.0353, 0.0189, 0.0576], [0.718, 0.0538, 0.0597, 0.0328, 0.0409, 0.0425, 0.0523], [0.6708, 0.0314, 0.0488, 0.0717, 0.071, 0.0306, 0.0758], [0.7483, 0.0763, 0.0263, 0.0531, 0.0311, 0.0195, 0.0454], [0.7201, 0.0135, 0.0794, 0.0264, 0.0643, 0.0529, 0.0434], [0.6969, 0.0723, 0.023, 0.0665, 0.0526, 0.0364, 0.0523], [0.6527, 0.0878, 0.0933, 0.0593, 0.0576, 0.0255, 0.0237], [0.6897, 0.0415, 0.0262, 0.063, 0.0405, 0.0834, 0.0558], [0.7575, 0.0552, 0.0121, 0.0193, 0.0612, 0.0721, 0.0225], [0.656, 0.0481, 0.066, 0.0516, 0.0587, 0.0378, 0.0819], [0.7065, 0.0788, 0.0905, 0.0158, 0.0135, 0.0755, 0.0193], [0.6288, 0.0829, 0.0846, 0.0436, 0.046, 0.0479, 0.0661], [0.6691, 0.0511, 0.0782, 0.0673, 0.0625, 0.0496, 0.0223], [0.6775, 0.0554, 0.0688, 0.0597, 0.0132, 0.0671, 0.0583], [0.7903, 0.0532, 0.0342, 0.0517, 0.0117, 0.0462, 0.0126], [0.6314, 0.054, 0.0685, 0.0768, 0.0255, 0.0753, 0.0685], [0.7183, 0.0349, 0.0496, 0.0641, 0.0198, 0.0379, 0.0754], [0.7434, 0.0947, 0.028, 0.0338, 0.0347, 0.0193, 0.046], [0.6831, 0.0303, 0.0229, 0.071, 0.0667, 0.078, 0.0479], [0.6435, 0.0678, 0.0744, 0.0508, 0.0663, 0.0701, 0.0272], [0.6941, 0.0571, 0.0648, 0.0287, 0.0721, 0.028, 0.0551], [0.6554, 0.0872, 0.0399, 0.0794, 0.0594, 0.0603, 0.0183], [0.7155, 0.0741, 0.0582, 0.0637, 0.0232, 0.0422, 0.0231], [0.704, 0.0527, 0.0594, 0.0179, 0.0379, 0.0773, 0.0509], [0.7732, 0.0265, 0.065, 0.0612, 0.027, 0.0312, 0.0159], [0.6991, 0.0676, 0.0184, 0.0684, 0.0303, 0.0652, 0.0508], [0.6708, 0.086, 0.081, 0.0201, 0.0486, 0.0304, 0.0631], [0.7105, 0.0534, 0.0574, 0.0376, 0.0421, 0.0557, 0.0432], [0.7141, 0.0351, 0.064, 0.0457, 0.0346, 0.0748, 0.0318], [0.7474, 0.0177, 0.0216, 0.057, 0.0655, 0.0602, 0.0306], [0.7059, 0.0689, 0.0691, 0.0555, 0.0106, 0.0298, 0.06], [0.7415, 0.0639, 0.0508, 0.0386, 0.0414, 0.0254, 0.0383], [0.7146, 0.0359, 0.0701, 0.0689, 0.0328, 0.0247, 0.053], [0.744, 0.0429, 0.0612, 0.0591, 0.0214, 0.0584, 0.0131], [0.6667, 0.0234, 0.0697, 0.056, 0.047, 0.0995, 0.0377], [0.6948, 0.0342, 0.0565, 0.0738, 0.0311, 0.0471, 0.0625], [0.6447, 0.0862, 0.0764, 0.0822, 0.0673, 0.0209, 0.0223], [0.6281, 0.0574, 0.0554, 0.0546, 0.0304, 0.0822, 0.0918], [0.7456, 0.0412, 0.0258, 0.0327, 0.0194, 0.0788, 0.0566], [0.702, 0.0381, 0.0382, 0.0719, 0.0546, 0.0262, 0.0689], [0.684, 0.0643, 0.0689, 0.0667, 0.0593, 0.0417, 0.0152], [0.6898, 0.0534, 0.0554, 0.0368, 0.0615, 0.0482, 0.055], [0.6473, 0.0275, 0.0698, 0.0892, 0.0669, 0.0654, 0.0339], [0.7629, 0.047, 0.0174, 0.062, 0.07, 0.0133, 0.0273], [0.6802, 0.0339, 0.0133, 0.0806, 0.0511, 0.0595, 0.0813], [0.6881, 0.0556, 0.0402, 0.0849, 0.0957, 0.016, 0.0194], [0.6249, 0.0591, 0.0671, 0.0502, 0.0813, 0.0701, 0.0473], [0.69, 0.0488, 0.0672, 0.0234, 0.0645, 0.0199, 0.0861], [0.7611, 0.0131, 0.0296, 0.0501, 0.0414, 0.0575, 0.0472], [0.7078, 0.0772, 0.0688, 0.0728, 0.0187, 0.028, 0.0267], [0.6416, 0.0782, 0.0533, 0.0594, 0.0838, 0.0234, 0.0603], [0.6519, 0.047, 0.0794, 0.0559, 0.0213, 0.0462, 0.0984], [0.7117, 0.0497, 0.0673, 0.0689, 0.0345, 0.0331, 0.0348], [0.6511, 0.0812, 0.0354, 0.0657, 0.0462, 0.0483, 0.0722], [0.6949, 0.0475, 0.0412, 0.0382, 0.0524, 0.0639, 0.062], [0.7279, 0.0203, 0.0547, 0.016, 0.0333, 0.0923, 0.0556], [0.6641, 0.0361, 0.0737, 0.0236, 0.0719, 0.0495, 0.0811], [0.5891, 0.0902, 0.0887, 0.0539, 0.0518, 0.0654, 0.0608], [0.6658, 0.0771, 0.0367, 0.0434, 0.0213, 0.0798, 0.076], [0.6834, 0.0435, 0.073, 0.0632, 0.0361, 0.0579, 0.0428], [0.6803, 0.0592, 0.065, 0.0904, 0.0267, 0.0329, 0.0454], [0.7169, 0.0369, 0.0645, 0.0412, 0.0291, 0.0739, 0.0375], [0.7694, 0.0171, 0.0156, 0.0686, 0.0336, 0.0356, 0.0601], [0.6569, 0.0549, 0.066, 0.0459, 0.0674, 0.0566, 0.0523], [0.6686, 0.064, 0.0281, 0.0692, 0.0642, 0.0595, 0.0463]], "emotions": ["red", "red", "red", "red", "red", "red", "red", "red", "red", "red", "red", "red", "red", "red", "red", "red", "red", "red", "red", "red", "red", "red", "red", "red", "red", "red", "red", "red", "red", "red", "red", "red", "red", "red", "red", "red", "red", "red", "red", "red", "red", "red", "red", "red", "red", "red", "red", "red", "red", "red", "red", "red", "red", "red", "red", "red", "red", "red", "red", "red", "red", "red", "red", "red", "red", "red", "red", "red", "red", "red", "red", "red", "red", "red", "red", "red", "red", "red", "red", "red"], "timestamps": [0, 40, 80, 120, 160, 200, 240, 280, 320, 360, 400, 440, 480, 520, 560, 600, 640, 680, 720, 760, 800, 840, 880, 920, 960, 1000, 1040, 1080, 1120, 1160, 1200, 1240, 1280, 1320, 1360, 1400, 1440, 1480, 1520, 1560, 1600, 1640, 1680, 1720, 1760, 1800, 1840, 1880, 1920, 1960, 2000, 2040, 2080, 2120, 2160, 2200, 2240, 2280, 2320, 2360, 2400, 2440, 2480, 2520, 2560, 2600, 2640, 2680, 2720, 2760, 2800, 2840, 2880, 2920, 2960, 3000, 3040, 3080, 3120, 3160]}], "conversation": [], "conversation_timestamps": []}