{"agent_id": "agent-green-1942", "type": "green", "trips": [{"trip_id": 0, "transport_method": "car", "start_time": 0, "path": [[1.5800557, 42.5335748], [1.5800552, 42.5336014], [1.5789636, 42.5331904], [1.5778343, 42.5329428], [1.5766765, 42.5327613], [1.5769218, 42.5327838], [1.5777335, 42.5329212], [1.5765823, 42.5327016], [1.5754311, 42.5324819], [1.5747661, 42.5323717], [1.5759067, 42.5326255], [1.5752362, 42.5321947], [1.5741819, 42.5316829], [1.5731275, 42.5311712], [1.5736051, 42.5317984], [1.5739625, 42.5320444], [1.573134, 42.5312155], [1.5723511, 42.5303495], [1.5715399, 42.5295268], [1.5705989, 42.5288284], [1.5696616, 42.5281248], [1.570237, 42.5284849], [1.5711608, 42.5291952], [1.5705913, 42.5288864], [1.5696159, 42.5282367], [1.5686406, 42.527587], [1.5676652, 42.5269373], [1.5683327, 42.5272986], [1.5689139, 42.5276846], [1.5679407, 42.5270316], [1.5669675, 42.5263786], [1.5659921, 42.525734], [1.5649103, 42.5252882], [1.5638351, 42.5249089], [1.5627384, 42.5245093], [1.5619422, 42.5236606], [1.5610321, 42.5229256], [1.5600319, 42.5223363], [1.5591184, 42.5216507], [1.5582323, 42.5208841], [1.5574006, 42.5200586], [1.5569173, 42.5195586], [1.5563226, 42.5188176], [1.5565629, 42.5190787], [1.556017, 42.5187386], [1.5556709, 42.5181725], [1.5551005, 42.5180162], [1.554327, 42.5173424], [1.553875, 42.5170475], [1.5544411, 42.5175709], [1.5536883, 42.5166726], [1.5532465, 42.5156018], [1.5527002, 42.5145893], [1.5524404, 42.5135246], [1.5514188, 42.5129579], [1.5505193, 42.5122292], [1.5494614, 42.5117589], [1.5483236, 42.511478], [1.5471877, 42.5111902], [1.5463306, 42.5104927], [1.5464036, 42.5100769], [1.5457099, 42.5095042], [1.5445689, 42.5093111], [1.5434486, 42.5090235], [1.5422924, 42.5088933], [1.5411396, 42.5087263], [1.5402668, 42.5084787], [1.5391252, 42.5082295], [1.5379691, 42.5081282], [1.5377335, 42.5080811], [1.5368546, 42.5079272], [1.5357027, 42.507711], [1.5346242, 42.5072546], [1.534996, 42.5075278], [1.5352359, 42.5075165], [1.534161, 42.5070494], [1.5330389, 42.5067177], [1.5319246, 42.5066852], [1.5308575, 42.5067027], [1.5299657, 42.5074382]], "mood_vectors": [[0.0787, 0.0333, 0.0774, 0.0165, 0.0688, 0.0217, 0.7036], [0.0554, 0.0489, 0.0785, 0.0547, 0.0251, 0.0607, 0.6768], [0.0423, 0.0543, 0.031, 0.0455, 0.0337, 0.083, 0.7102], [0.0508, 0.0973, 0.0241, 0.0305, 0.0733, 0.0567, 0.6674], [0.0622, 0.053, 0.0394, 0.0616, 0.066, 0.024, 0.6938], [0.0288, 0.0369, 0.0289, 0.0638, 0.0607, 0.0748, 0.7061], [0.0822, 0.0903, 0.0434, 0.084, 0.0582, 0.0268, 0.6151], [0.0832, 0.0193, 0.0365, 0.0383, 0.0664, 0.0677, 0.6886], [0.0231, 0.0569, 0.0389, 0.017, 0.0792, 0.0973, 0.6877], [0.0667, 0.0352, 0.0657, 0.0728, 0.0471, 0.0809, 0.6316], [0.0498, 0.019, 0.0773, 0.0709, 0.0646, 0.0837, 0.6349], [0.0407, 0.0214, 0.0512, 0.0154, 0.0594, 0.0414, 0.7704], [0.0548, 0.0217, 0.0705, 0.0688, 0.0522, 0.0688, 0.6633], [0.0269, 0.0484, 0.0284, 0.0776, 0.0582, 0.1003, 0.6601], [0.0338, 0.0818, 0.0861, 0.0603, 0.0569, 0.042, 0.6391], [0.0695, 0.053, 0.0406, 0.0609, 0.0285, 0.0365, 0.711], [0.0761, 0.0618, 0.0321, 0.0666, 0.0484, 0.0855, 0.6294], [0.0326, 0.0382, 0.0817, 0.0391, 0.0803, 0.0561, 0.672], [0.0731, 0.0194, 0.0423, 0.0343, 0.015, 0.0473, 0.7686], [0.0433, 0.015, 0.061, 0.0145, 0.0716, 0.0666, 0.728], [0.0722, 0.0136, 0.0176, 0.0447, 0.0275, 0.0366, 0.7877], [0.0698, 0.0343, 0.0539, 0.0642, 0.0569, 0.0155, 0.7054], [0.0388, 0.0157, 0.0623, 0.0181, 0.0616, 0.0542, 0.7492], [0.0423, 0.0361, 0.0436, 0.0562, 0.0184, 0.0878, 0.7156], [0.0453, 0.0409, 0.0579, 0.0114, 0.0504, 0.042, 0.7521], [0.0189, 0.069, 0.0605, 0.0543, 0.0245, 0.0689, 0.7039], [0.0401, 0.0749, 0.0168, 0.0488, 0.0596, 0.0821, 0.6778], [0.0193, 0.0757, 0.0558, 0.0602, 0.0394, 0.0758, 0.6738], [0.0584, 0.0554, 0.0688, 0.0709, 0.0726, 0.0121, 0.6619], [0.0356, 0.0574, 0.077, 0.0464, 0.0284, 0.0642, 0.691], [0.0349, 0.0716, 0.0351, 0.07, 0.0676, 0.0659, 0.6549], [0.0466, 0.0311, 0.0572, 0.061, 0.0716, 0.0408, 0.6917], [0.0671, 0.0544, 0.0607, 0.0484, 0.0655, 0.0285, 0.6755], [0.072, 0.0355, 0.035, 0.0736, 0.065, 0.061, 0.658], [0.0471, 0.0848, 0.0349, 0.0646, 0.0179, 0.072, 0.6788], [0.0296, 0.0414, 0.0637, 0.0279, 0.0284, 0.0638, 0.7451], [0.0202, 0.0345, 0.058, 0.0703, 0.08, 0.0489, 0.6881], [0.0811, 0.046, 0.024, 0.0859, 0.027, 0.0564, 0.6796], [0.0397, 0.0267, 0.0384, 0.0369, 0.0225, 0.0715, 0.7642], [0.0676, 0.07, 0.0202, 0.044, 0.0714, 0.0501, 0.6767], [0.0443, 0.0334, 0.0667, 0.0811, 0.081, 0.0275, 0.666], [0.0383, 0.0849, 0.05, 0.0186, 0.0502, 0.0746, 0.6834], [0.0327, 0.0442, 0.0174, 0.0801, 0.0397, 0.0324, 0.7535], [0.047, 0.0574, 0.0679, 0.0718, 0.0626, 0.0518, 0.6415], [0.0584, 0.0581, 0.058, 0.0446, 0.0391, 0.0385, 0.7033], [0.0592, 0.057, 0.0303, 0.0206, 0.0384, 0.0452, 0.7494], [0.018, 0.0209, 0.0163, 0.083, 0.0204, 0.0232, 0.8182], [0.0307, 0.0456, 0.0211, 0.0413, 0.0246, 0.0646, 0.7721], [0.0336, 0.0695, 0.0651, 0.0251, 0.045, 0.0513, 0.7105], [0.0587, 0.0263, 0.0751, 0.084, 0.035, 0.028, 0.6929], [0.0665, 0.0584, 0.0283, 0.0389, 0.0305, 0.104, 0.6735], [0.059, 0.0758, 0.069, 0.0429, 0.0628, 0.0658, 0.6246], [0.0823, 0.0156, 0.0598, 0.0562, 0.0393, 0.0854, 0.6614], [0.0745, 0.0243, 0.0732, 0.0155, 0.0266, 0.0514, 0.7345], [0.0693, 0.0149, 0.0617, 0.0624, 0.0325, 0.0672, 0.692], [0.0901, 0.0178, 0.1061, 0.0419, 0.0164, 0.0264, 0.7012], [0.1006, 0.0213, 0.0262, 0.0246, 0.0463, 0.0936, 0.6873], [0.0146, 0.0709, 0.054, 0.0544, 0.0263, 0.063, 0.7168], [0.0605, 0.0776, 0.0665, 0.032, 0.0747, 0.0291, 0.6597], [0.0336, 0.054, 0.0492, 0.1078, 0.0493, 0.0518, 0.6543], [0.0601, 0.0871, 0.0658, 0.048, 0.0626, 0.06, 0.6164], [0.03, 0.0666, 0.0649, 0.0815, 0.0168, 0.034, 0.7061], [0.0501, 0.0589, 0.0112, 0.0555, 0.0142, 0.0527, 0.7574], [0.0273, 0.0498, 0.0315, 0.0283, 0.026, 0.0369, 0.8002], [0.0302, 0.0622, 0.0509, 0.0188, 0.0172, 0.0528, 0.768], [0.0474, 0.0485, 0.0731, 0.0355, 0.0675, 0.0493, 0.6788], [0.0245, 0.0548, 0.0356, 0.0808, 0.1007, 0.0419, 0.6617], [0.0843, 0.0745, 0.0525, 0.0238, 0.0683, 0.0707, 0.6258], [0.0708, 0.0639, 0.0449, 0.0175, 0.0181, 0.0576, 0.7271], [0.0603, 0.0267, 0.0437, 0.0946, 0.0506, 0.0506, 0.6736], [0.068, 0.0667, 0.0149, 0.0762, 0.063, 0.0751, 0.6362], [0.0811, 0.0308, 0.0829, 0.0646, 0.0398, 0.0655, 0.6354], [0.0118, 0.0517, 0.0596, 0.0316, 0.0801, 0.0186, 0.7466], [0.0483, 0.0312, 0.0427, 0.0367, 0.0152, 0.0578, 0.7681], [0.0214, 0.0186, 0.0451, 0.0371, 0.0431, 0.0983, 0.7363], [0.0705, 0.0216, 0.0324, 0.0801, 0.0352, 0.03, 0.7303], [0.0279, 0.0328, 0.0566, 0.0322, 0.0197, 0.0302, 0.8007], [0.0161, 0.0527, 0.0447, 0.0371, 0.0152, 0.0362, 0.7981], [0.0282, 0.0471, 0.0777, 0.0768, 0.013, 0.0557, 0.7013], [0.0588, 0.0201, 0.0519, 0.0702, 0.0766, 0.0561, 0.6663]], "emotions": ["purple", "purple", "purple", "purple", "purple", "purple", "purple", "purple", "purple", "purple", "purple", "purple", "purple", "purple", "purple", "purple", "purple", "purple", "purple", "purple", "purple", "purple", "purple", "purple", "purple", "purple", "purple", "purple", "purple", "purple", "purple", "purple", "purple", "purple", "purple", "purple", "purple", "purple", "purple", "purple", "purple", "purple", "purple", "purple", "purple", "purple", "purple", "purple", "purple", "purple", "purple", "purple", "purple", "purple", "purple", "purple", "purple", "purple", "purple", "purple", "purple", "purple", "purple", "purple", "purple", "purple", "purple", "purple", "purple", "purple", "purple", "purple", "purple", "purple", "purple", "purple", "purple", "purple", "purple", "purple"], "timestamps": [0, 40, 80, 120, 160, 200, 240, 280, 320, 360, 400, 440, 480, 520, 560, 600, 640, 680, 720, 760, 800, 840, 880, 920, 960, 1000, 1040, 1080, 1120, 1160, 1200, 1240, 1280, 1320, 1360, 1400, 1440, 1480, 1520, 1560, 1600, 1640, 1680, 1720, 1760, 1800, 1840, 1880, 1920, 1960, 2000, 2040, 2080, 2120, 2160, 2200, 2240, 2280, 2320, 2360, 2400, 2440, 2480, 2520, 2560, 2600, 2640, 2680, 2720, 2760, 2800, 2840, 2880, 2920, 2960, 3000, 3040, 3080, 3120, 3160]}], "conversation": [], "conversation_timestamps": []}