{"agent_id": "agent-purple-449", "type": "purple", "trips": [{"trip_id": 0, "transport_method": "foot", "start_time": 0, "path": [[1.5276682, 42.5076791], [1.5279171, 42.5080882], [1.5283099, 42.5083976], [1.5287389, 42.5086782], [1.5286108, 42.5089237], [1.5282666, 42.5091201], [1.5286256, 42.509487], [1.5290185, 42.5098091], [1.5293558, 42.5101816], [1.5295925, 42.5106066], [1.5295095, 42.5109991], [1.5298655, 42.5113488], [1.5302677, 42.5116103], [1.5307411, 42.5117999], [1.5309928, 42.5122192], [1.5307263, 42.5126491], [1.5304361, 42.5130726], [1.5303053, 42.5135628], [1.5303771, 42.5140547], [1.5301826, 42.5144766], [1.529784, 42.5147996], [1.5294284, 42.5151472], [1.529107, 42.5155422], [1.5287293, 42.5158786], [1.5282847, 42.5161353], [1.5278401, 42.5163921], [1.5273955, 42.5166488], [1.5269508, 42.5169056], [1.5265062, 42.5171624], [1.526467, 42.517132], [1.5269512, 42.5169892], [1.5273654, 42.516698], [1.5278294, 42.5164994], [1.528295, 42.5162874], [1.5287199, 42.5160058], [1.5287425, 42.5158834], [1.528312, 42.5161632], [1.5278814, 42.516443], [1.5274509, 42.5167227], [1.5270204, 42.5170025], [1.5265899, 42.5172822], [1.5261594, 42.517562], [1.5257289, 42.5178417], [1.5252984, 42.5181215], [1.5248679, 42.5184012], [1.524833, 42.5184673], [1.5252251, 42.5181362], [1.5255991, 42.5177873], [1.5259631, 42.517433], [1.526147, 42.5174062], [1.5257294, 42.5177048], [1.5253118, 42.5180034], [1.5248941, 42.518302], [1.5244781, 42.5186027], [1.5240616, 42.5189006], [1.5238984, 42.5193456], [1.5238318, 42.5198547], [1.5236946, 42.5203466], [1.5234797, 42.5208129], [1.5232408, 42.5212655], [1.5228678, 42.5216144], [1.5224387, 42.5218953], [1.5220685, 42.5222469], [1.5218347, 42.5227002], [1.521665, 42.5231829], [1.5213536, 42.5235893], [1.5210269, 42.5239852], [1.5207577, 42.5244216], [1.5206245, 42.5249124], [1.5206088, 42.5254256], [1.5205903, 42.5259386], [1.5204631, 42.5264326], [1.5202881, 42.5269147], [1.5201895, 42.5274149], [1.5204185, 42.5278635], [1.5207206, 42.5282781], [1.5208428, 42.5287711], [1.5207347, 42.5292674], [1.5204616, 42.5297016], [1.5207093, 42.5300875]], "mood_vectors": [[0.0282, 0.0514, 0.0173, 0.0656, 0.031, 0.7557, 0.0509], [0.0531, 0.0329, 0.0252, 0.0725, 0.0848, 0.6659, 0.0656], [0.0532, 0.0602, 0.0279, 0.0266, 0.07, 0.7112, 0.051], [0.0522, 0.0748, 0.0802, 0.0393, 0.0344, 0.6399, 0.0792], [0.0823, 0.0176, 0.0245, 0.0726, 0.0384, 0.6941, 0.0706], [0.0841, 0.0375, 0.0696, 0.0658, 0.0373, 0.6638, 0.0419], [0.042, 0.0703, 0.0167, 0.0648, 0.0331, 0.6934, 0.0797], [0.0686, 0.0577, 0.0575, 0.0404, 0.0139, 0.705, 0.0568], [0.0538, 0.0752, 0.0333, 0.0981, 0.0149, 0.6309, 0.0939], [0.0616, 0.0451, 0.0145, 0.0773, 0.0209, 0.7433, 0.0373], [0.0229, 0.0824, 0.0216, 0.0809, 0.0267, 0.6874, 0.078], [0.0504, 0.0616, 0.0129, 0.0373, 0.0595, 0.7392, 0.0391], [0.0224, 0.0379, 0.0775, 0.0666, 0.0774, 0.67, 0.0481], [0.0911, 0.0618, 0.0193, 0.0864, 0.0343, 0.6771, 0.0299], [0.04, 0.0669, 0.0208, 0.0201, 0.0617, 0.7423, 0.0482], [0.0334, 0.0705, 0.0285, 0.0156, 0.0784, 0.7003, 0.0733], [0.0735, 0.0327, 0.0316, 0.082, 0.021, 0.7287, 0.0305], [0.0318, 0.0591, 0.0448, 0.0606, 0.026, 0.7089, 0.0688], [0.0465, 0.0869, 0.0555, 0.0659, 0.0208, 0.6787, 0.0458], [0.0564, 0.0757, 0.0392, 0.0693, 0.0298, 0.6524, 0.0771], [0.0281, 0.0184, 0.0729, 0.0692, 0.0429, 0.725, 0.0435], [0.0221, 0.0178, 0.0513, 0.0669, 0.0734, 0.6676, 0.1009], [0.0661, 0.0237, 0.0259, 0.0567, 0.0399, 0.7246, 0.063], [0.079, 0.0216, 0.0484, 0.0171, 0.069, 0.715, 0.0499], [0.0788, 0.0539, 0.0234, 0.0175, 0.0198, 0.7505, 0.0561], [0.0529, 0.0613, 0.0784, 0.0491, 0.0725, 0.5989, 0.0869], [0.034, 0.0259, 0.0938, 0.0227, 0.061, 0.7333, 0.0295], [0.0269, 0.0246, 0.0156, 0.0532, 0.021, 0.8402, 0.0186], [0.0829, 0.0717, 0.0437, 0.0776, 0.0268, 0.6825, 0.0147], [0.0294, 0.0623, 0.0304, 0.0486, 0.0613, 0.6914, 0.0766], [0.0838, 0.0662, 0.0547, 0.0318, 0.0636, 0.6241, 0.0758], [0.0788, 0.038, 0.0215, 0.0185, 0.0671, 0.7503, 0.0257], [0.0165, 0.0213, 0.0853, 0.0196, 0.0265, 0.8111, 0.0196], [0.0779, 0.0221, 0.0252, 0.0188, 0.0912, 0.7233, 0.0414], [0.051, 0.0908, 0.0873, 0.0221, 0.0214, 0.6703, 0.0573], [0.0515, 0.0629, 0.0796, 0.0245, 0.0208, 0.7232, 0.0376], [0.0386, 0.0728, 0.063, 0.0511, 0.0749, 0.6537, 0.0458], [0.0666, 0.0192, 0.0602, 0.0337, 0.0383, 0.7139, 0.0683], [0.0335, 0.0156, 0.0731, 0.019, 0.0781, 0.7491, 0.0316], [0.0588, 0.0418, 0.0495, 0.0367, 0.0274, 0.7353, 0.0504], [0.0696, 0.0778, 0.0549, 0.0284, 0.0283, 0.6669, 0.0741], [0.0377, 0.0142, 0.0281, 0.0775, 0.0609, 0.732, 0.0496], [0.0322, 0.0348, 0.0421, 0.0505, 0.0601, 0.7157, 0.0647], [0.0203, 0.0935, 0.0523, 0.051, 0.0597, 0.6414, 0.0818], [0.0244, 0.0713, 0.0315, 0.0398, 0.0571, 0.7074, 0.0685], [0.028, 0.0177, 0.0375, 0.0676, 0.0182, 0.7645, 0.0664], [0.0612, 0.0544, 0.0494, 0.0517, 0.0718, 0.6685, 0.0431], [0.0526, 0.0266, 0.0876, 0.0561, 0.0348, 0.6603, 0.082], [0.0442, 0.0369, 0.067, 0.0352, 0.0292, 0.7336, 0.0538], [0.0662, 0.0643, 0.0148, 0.0657, 0.0532, 0.6957, 0.0401], [0.0407, 0.0504, 0.0475, 0.0392, 0.0222, 0.7752, 0.0248], [0.0278, 0.0688, 0.0817, 0.0794, 0.0539, 0.6523, 0.0362], [0.0653, 0.019, 0.0769, 0.0301, 0.0246, 0.7708, 0.0134], [0.0562, 0.0809, 0.0373, 0.0574, 0.0139, 0.7379, 0.0165], [0.0625, 0.0662, 0.0401, 0.0234, 0.059, 0.6606, 0.0882], [0.026, 0.0346, 0.0697, 0.0629, 0.0122, 0.7765, 0.0181], [0.0356, 0.071, 0.0132, 0.0478, 0.0198, 0.7415, 0.0711], [0.0607, 0.0419, 0.0471, 0.0493, 0.0348, 0.7093, 0.0568], [0.0746, 0.0682, 0.0372, 0.0294, 0.0377, 0.737, 0.016], [0.0549, 0.0429, 0.0713, 0.0265, 0.0506, 0.6711, 0.0826], [0.0666, 0.0263, 0.0475, 0.0457, 0.0251, 0.7711, 0.0178], [0.0357, 0.0153, 0.0481, 0.0187, 0.0337, 0.7853, 0.0633], [0.0377, 0.0244, 0.0612, 0.0773, 0.0577, 0.6742, 0.0674], [0.033, 0.0202, 0.0299, 0.0893, 0.0897, 0.6974, 0.0405], [0.0527, 0.0199, 0.0326, 0.0316, 0.0701, 0.7647, 0.0284], [0.0476, 0.0384, 0.0686, 0.0351, 0.0561, 0.7038, 0.0504], [0.0374, 0.0506, 0.0368, 0.0579, 0.0255, 0.7211, 0.0707], [0.0324, 0.07, 0.0735, 0.0588, 0.0751, 0.6514, 0.0388], [0.0582, 0.0314, 0.0218, 0.0934, 0.0298, 0.6759, 0.0894], [0.0719, 0.0848, 0.0376, 0.0513, 0.0482, 0.6471, 0.0592], [0.0634, 0.0384, 0.0429, 0.0431, 0.0339, 0.7099, 0.0685], [0.0518, 0.0359, 0.0814, 0.0401, 0.0141, 0.6804, 0.0963], [0.0774, 0.0208, 0.0322, 0.0598, 0.0871, 0.6467, 0.076], [0.0338, 0.0305, 0.0256, 0.0559, 0.0497, 0.7461, 0.0582], [0.0816, 0.0279, 0.0184, 0.0679, 0.0596, 0.7021, 0.0426], [0.0353, 0.0359, 0.082, 0.0347, 0.0763, 0.7223, 0.0135], [0.056, 0.03, 0.0435, 0.0602, 0.0458, 0.6751, 0.0895], [0.083, 0.0508, 0.0449, 0.0826, 0.024, 0.7014, 0.0133], [0.0318, 0.0935, 0.0176, 0.0875, 0.0371, 0.6998, 0.0328], [0.047, 0.0206, 0.0839, 0.0798, 0.0151, 0.729, 0.0247]], "emotions": ["purple", "purple", "purple", "purple", "purple", "purple", "purple", "purple", "purple", "purple", "purple", "purple", "purple", "purple", "purple", "purple", "purple", "purple", "purple", "purple", "purple", "purple", "purple", "purple", "purple", "purple", "purple", "purple", "purple", "purple", "purple", "purple", "purple", "purple", "purple", "purple", "purple", "purple", "purple", "purple", "purple", "purple", "purple", "purple", "purple", "purple", "purple", "purple", "purple", "purple", "purple", "purple", "purple", "purple", "purple", "purple", "purple", "purple", "purple", "purple", "purple", "purple", "purple", "purple", "purple", "purple", "purple", "purple", "purple", "purple", "purple", "purple", "purple", "purple", "purple", "purple", "purple", "purple", "purple", "purple"], "timestamps": [0, 40, 80, 120, 160, 200, 240, 280, 320, 360, 400, 440, 480, 520, 560, 600, 640, 680, 720, 760, 800, 840, 880, 920, 960, 1000, 1040, 1080, 1120, 1160, 1200, 1240, 1280, 1320, 1360, 1400, 1440, 1480, 1520, 1560, 1600, 1640, 1680, 1720, 1760, 1800, 1840, 1880, 1920, 1960, 2000, 2040, 2080, 2120, 2160, 2200, 2240, 2280, 2320, 2360, 2400, 2440, 2480, 2520, 2560, 2600, 2640, 2680, 2720, 2760, 2800, 2840, 2880, 2920, 2960, 3000, 3040, 3080, 3120, 3160]}], "conversation": [], "conversation_timestamps": []}