{"agent_id": "agent-green-877", "type": "green", "trips": [{"trip_id": 0, "transport_method": "bicycle", "start_time": 0, "path": [[1.4924921, 42.4668969], [1.4930521, 42.467749], [1.4932896, 42.4687365], [1.4932472, 42.4697693], [1.493245, 42.4708006], [1.4934567, 42.471802], [1.4933764, 42.4727414], [1.4926921, 42.4734412], [1.4917809, 42.4739124], [1.4910019, 42.4745619], [1.4908472, 42.4755694], [1.4906223, 42.4765377], [1.4904597, 42.4775637], [1.4902971, 42.4785897], [1.4901344, 42.4796157], [1.4899718, 42.4806417], [1.4898091, 42.4816677], [1.4895039, 42.4812347], [1.4893929, 42.480202], [1.4895303, 42.4791888], [1.4900577, 42.4782971], [1.490539, 42.4773777], [1.4906225, 42.4765847], [1.4905404, 42.4776203], [1.4904584, 42.4786558], [1.4903764, 42.4796914], [1.4902943, 42.480727], [1.4902123, 42.4817626], [1.4902656, 42.4827661], [1.4907552, 42.4836722], [1.4912972, 42.4844944], [1.4921425, 42.4849803], [1.4926182, 42.4858918], [1.4930157, 42.4868507], [1.4935138, 42.4877621], [1.4940205, 42.488669], [1.4945314, 42.4895735], [1.4950237, 42.4904879], [1.4956077, 42.49128], [1.4963888, 42.4919647], [1.4971435, 42.4926754], [1.4979796, 42.4932869], [1.4984003, 42.4941508], [1.4988346, 42.4949103], [1.4991698, 42.4956192], [1.5000898, 42.4961016], [1.5009433, 42.4966433], [1.5019223, 42.4969482], [1.5028261, 42.4974564], [1.5037725, 42.4978845], [1.5047142, 42.498322], [1.5056561, 42.4987585], [1.5065833, 42.4992266], [1.5075248, 42.4996656], [1.50844, 42.5001434], [1.509375, 42.5005961], [1.5091818, 42.5005039], [1.5098851, 42.5008273], [1.510828, 42.5012633], [1.5107853, 42.501227], [1.5104337, 42.5011718], [1.5113814, 42.5015972], [1.511756, 42.5017867], [1.5126136, 42.5023728], [1.5134074, 42.5030334], [1.5140857, 42.5038079], [1.514844, 42.5045095], [1.5154832, 42.5052575], [1.516449, 42.5056354], [1.5173896, 42.5059861], [1.5181549, 42.5064469], [1.5190074, 42.5069875], [1.5199278, 42.5074238], [1.5208855, 42.5076849], [1.5217292, 42.5082826], [1.522726, 42.5084146], [1.5235507, 42.5085055], [1.5241887, 42.5088947], [1.5252102, 42.5089824], [1.5256442, 42.5097067]], "mood_vectors": [[0.0229, 0.0204, 0.0677, 0.0503, 0.0217, 0.0769, 0.7402], [0.0814, 0.0687, 0.0198, 0.0225, 0.0176, 0.0489, 0.7412], [0.0133, 0.0535, 0.0557, 0.0588, 0.033, 0.0775, 0.7082], [0.0692, 0.0795, 0.0139, 0.044, 0.014, 0.0283, 0.7512], [0.0128, 0.0135, 0.0708, 0.0567, 0.0561, 0.0759, 0.7142], [0.0694, 0.0169, 0.0324, 0.0697, 0.0269, 0.0776, 0.7072], [0.0646, 0.0151, 0.0144, 0.046, 0.0182, 0.0171, 0.8246], [0.0836, 0.0714, 0.0178, 0.0881, 0.0316, 0.0447, 0.6628], [0.0494, 0.0464, 0.036, 0.0303, 0.0461, 0.0143, 0.7777], [0.0509, 0.0217, 0.0582, 0.0241, 0.073, 0.0518, 0.7203], [0.0674, 0.0394, 0.0404, 0.0343, 0.0784, 0.0624, 0.6776], [0.0171, 0.0222, 0.0803, 0.0517, 0.0617, 0.0371, 0.7299], [0.0329, 0.0306, 0.0151, 0.0692, 0.0664, 0.0693, 0.7164], [0.0548, 0.0403, 0.0307, 0.0311, 0.037, 0.0578, 0.7483], [0.0469, 0.0723, 0.0481, 0.0414, 0.0447, 0.0671, 0.6796], [0.0741, 0.078, 0.0373, 0.0623, 0.0497, 0.0228, 0.6758], [0.0524, 0.0351, 0.0544, 0.055, 0.0133, 0.0544, 0.7354], [0.0697, 0.0228, 0.0384, 0.0739, 0.0524, 0.0441, 0.6987], [0.0856, 0.0399, 0.0335, 0.0628, 0.0312, 0.0566, 0.6903], [0.0203, 0.0372, 0.0281, 0.0168, 0.0611, 0.0472, 0.7893], [0.0824, 0.0655, 0.0609, 0.0409, 0.0811, 0.0826, 0.5866], [0.0451, 0.0327, 0.0537, 0.0345, 0.0899, 0.0841, 0.66], [0.0547, 0.0383, 0.0318, 0.0568, 0.0109, 0.0728, 0.7347], [0.0723, 0.0209, 0.0216, 0.0698, 0.0462, 0.0815, 0.6878], [0.0515, 0.061, 0.0703, 0.0665, 0.0253, 0.0762, 0.6492], [0.0237, 0.0577, 0.0149, 0.0603, 0.0192, 0.0387, 0.7855], [0.0723, 0.0828, 0.0695, 0.0568, 0.0719, 0.0566, 0.5902], [0.0423, 0.0347, 0.0152, 0.0701, 0.03, 0.0946, 0.713], [0.0357, 0.0303, 0.0394, 0.0726, 0.0789, 0.0724, 0.6707], [0.094, 0.0499, 0.0501, 0.0318, 0.0465, 0.0321, 0.6957], [0.0353, 0.0236, 0.0278, 0.0818, 0.0721, 0.0867, 0.6726], [0.0788, 0.0448, 0.0875, 0.0466, 0.0316, 0.0186, 0.6921], [0.0171, 0.0251, 0.0601, 0.0469, 0.0457, 0.035, 0.7701], [0.0729, 0.0388, 0.0871, 0.0581, 0.0402, 0.0889, 0.6141], [0.0308, 0.0616, 0.0804, 0.0436, 0.0847, 0.0264, 0.6725], [0.0276, 0.0529, 0.0418, 0.0386, 0.0385, 0.0607, 0.74], [0.0311, 0.0202, 0.0486, 0.0323, 0.0808, 0.0794, 0.7075], [0.0227, 0.0667, 0.0475, 0.0179, 0.0171, 0.0546, 0.7734], [0.0735, 0.0266, 0.0763, 0.0264, 0.0766, 0.0305, 0.6902], [0.0704, 0.0371, 0.0532, 0.0465, 0.0378, 0.0589, 0.6962], [0.0867, 0.0618, 0.0528, 0.0128, 0.019, 0.0151, 0.7518], [0.0505, 0.0583, 0.0266, 0.0626, 0.0765, 0.0217, 0.7038], [0.0545, 0.0407, 0.0602, 0.0799, 0.0658, 0.0595, 0.6394], [0.0344, 0.0466, 0.089, 0.0159, 0.0374, 0.0533, 0.7235], [0.0169, 0.0283, 0.015, 0.0339, 0.0249, 0.0521, 0.8288], [0.0934, 0.0673, 0.0256, 0.0453, 0.0804, 0.0274, 0.6606], [0.0224, 0.0483, 0.0301, 0.0373, 0.0759, 0.024, 0.762], [0.0615, 0.0232, 0.0223, 0.0311, 0.027, 0.0524, 0.7826], [0.0216, 0.0799, 0.077, 0.0581, 0.0577, 0.0666, 0.6392], [0.0337, 0.0448, 0.0423, 0.0174, 0.0208, 0.0523, 0.7888], [0.0174, 0.0722, 0.0227, 0.0586, 0.013, 0.0715, 0.7446], [0.0343, 0.021, 0.0494, 0.0358, 0.0717, 0.0587, 0.729], [0.0745, 0.0257, 0.0553, 0.0515, 0.0444, 0.0515, 0.6972], [0.0387, 0.0211, 0.084, 0.0385, 0.0861, 0.0207, 0.7108], [0.0656, 0.0469, 0.0518, 0.0594, 0.0428, 0.0649, 0.6686], [0.0275, 0.0566, 0.0513, 0.0173, 0.0174, 0.106, 0.724], [0.031, 0.0705, 0.0305, 0.0726, 0.0402, 0.0634, 0.6918], [0.0839, 0.0838, 0.0638, 0.0797, 0.0233, 0.0499, 0.6156], [0.0295, 0.0893, 0.0604, 0.0701, 0.0328, 0.0679, 0.6501], [0.0643, 0.0445, 0.0414, 0.0641, 0.0627, 0.0445, 0.6785], [0.0166, 0.0887, 0.0329, 0.0609, 0.0225, 0.0771, 0.7013], [0.0407, 0.0495, 0.0854, 0.0825, 0.096, 0.0236, 0.6223], [0.0671, 0.0222, 0.0277, 0.0648, 0.0713, 0.0429, 0.704], [0.0668, 0.0345, 0.0259, 0.0746, 0.0206, 0.0801, 0.6975], [0.0555, 0.0854, 0.0835, 0.0332, 0.0482, 0.0777, 0.6164], [0.0208, 0.0188, 0.028, 0.0234, 0.0665, 0.0281, 0.8143], [0.0823, 0.0447, 0.0329, 0.0189, 0.0157, 0.0659, 0.7396], [0.0263, 0.042, 0.0609, 0.0552, 0.0874, 0.0241, 0.7041], [0.0154, 0.0635, 0.0542, 0.0841, 0.0484, 0.0737, 0.6608], [0.0159, 0.0182, 0.0422, 0.0665, 0.0136, 0.0511, 0.7925], [0.0313, 0.0446, 0.0276, 0.0432, 0.0297, 0.0367, 0.787], [0.0677, 0.0178, 0.0621, 0.039, 0.0194, 0.0549, 0.739], [0.0526, 0.0298, 0.0915, 0.0163, 0.0958, 0.0393, 0.6748], [0.0222, 0.041, 0.0311, 0.0794, 0.0181, 0.0462, 0.762], [0.0297, 0.0602, 0.0255, 0.0537, 0.073, 0.0423, 0.7157], [0.0197, 0.0714, 0.055, 0.0273, 0.0527, 0.0502, 0.7237], [0.0744, 0.065, 0.0487, 0.0417, 0.0373, 0.0335, 0.6995], [0.068, 0.0383, 0.0345, 0.0726, 0.0217, 0.0529, 0.712], [0.0747, 0.0281, 0.0404, 0.025, 0.0613, 0.0752, 0.6952], [0.0455, 0.0717, 0.06, 0.0196, 0.0626, 0.067, 0.6736]], "emotions": ["purple", "purple", "purple", "purple", "purple", "purple", "purple", "purple", "purple", "purple", "purple", "purple", "purple", "purple", "purple", "purple", "purple", "purple", "purple", "purple", "purple", "purple", "purple", "purple", "purple", "purple", "purple", "purple", "purple", "purple", "purple", "purple", "purple", "purple", "purple", "purple", "purple", "purple", "purple", "purple", "purple", "purple", "purple", "purple", "purple", "purple", "purple", "purple", "purple", "purple", "purple", "purple", "purple", "purple", "purple", "purple", "purple", "purple", "purple", "purple", "purple", "purple", "purple", "purple", "purple", "purple", "purple", "purple", "purple", "purple", "purple", "purple", "purple", "purple", "purple", "purple", "purple", "purple", "purple", "purple"], "timestamps": [0, 40, 80, 120, 160, 200, 240, 280, 320, 360, 400, 440, 480, 520, 560, 600, 640, 680, 720, 760, 800, 840, 880, 920, 960, 1000, 1040, 1080, 1120, 1160, 1200, 1240, 1280, 1320, 1360, 1400, 1440, 1480, 1520, 1560, 1600, 1640, 1680, 1720, 1760, 1800, 1840, 1880, 1920, 1960, 2000, 2040, 2080, 2120, 2160, 2200, 2240, 2280, 2320, 2360, 2400, 2440, 2480, 2520, 2560, 2600, 2640, 2680, 2720, 2760, 2800, 2840, 2880, 2920, 2960, 3000, 3040, 3080, 3120, 3160]}], "conversation": [], "conversation_timestamps": []}