{"agent_id": "agent-green-612", "type": "green", "trips": [{"trip_id": 0, "transport_method": "car", "start_time": 0, "path": [[1.4817269, 42.5746761], [1.4819392, 42.5745457], [1.4829416, 42.5736893], [1.4838123, 42.5725923], [1.4848003, 42.5717419], [1.4861026, 42.5711077], [1.4872855, 42.5702095], [1.4883001, 42.5690926], [1.4890408, 42.5678023], [1.4900886, 42.566722], [1.4907994, 42.5659029], [1.4919046, 42.5648802], [1.4931344, 42.5640053], [1.4943642, 42.5631304], [1.495458, 42.5623862], [1.4943798, 42.5634186], [1.4929426, 42.5638609], [1.4918438, 42.5648699], [1.4926411, 42.5643435], [1.4938635, 42.5634582], [1.4950859, 42.562573], [1.4963277, 42.5617169], [1.4977262, 42.5614916], [1.4976196, 42.5614757], [1.4989213, 42.5616265], [1.500062, 42.561284], [1.5013632, 42.5605195], [1.5026645, 42.5597549], [1.5020148, 42.560386], [1.5007401, 42.5611804], [1.5005856, 42.5610312], [1.5019355, 42.5603563], [1.5032855, 42.5596814], [1.5045415, 42.5588581], [1.5048359, 42.5574571], [1.5057715, 42.5562952], [1.506589, 42.555034], [1.5070503, 42.5536896], [1.5081511, 42.5526573], [1.5093264, 42.551715], [1.5104962, 42.5507814], [1.5117067, 42.5498895], [1.5123408, 42.5491806], [1.5133671, 42.5480858], [1.5134459, 42.5473216], [1.5137401, 42.5468853], [1.5147677, 42.545863], [1.5150112, 42.5453948], [1.5159094, 42.5442029], [1.516958, 42.5431375], [1.5177806, 42.5418906], [1.5191233, 42.5412392], [1.5194111, 42.539897], [1.5193438, 42.5395381], [1.5194778, 42.5392741], [1.5197835, 42.5378095], [1.5204787, 42.5364785], [1.5210546, 42.5354903], [1.5199388, 42.5344757], [1.5197036, 42.5331784], [1.5195959, 42.5317024], [1.5197929, 42.5310478], [1.5196427, 42.5312034], [1.520022, 42.5299634], [1.520637, 42.5286937], [1.5199514, 42.5273799], [1.5205792, 42.5260479], [1.5206987, 42.5245492], [1.5215733, 42.5233281], [1.5222788, 42.5220198], [1.5233888, 42.5210287], [1.5239671, 42.5196509], [1.525005, 42.5186261], [1.5261681, 42.5176682], [1.5275461, 42.5170562], [1.5288777, 42.5167154], [1.5301693, 42.5159604], [1.5314228, 42.5151478], [1.5325466, 42.51416], [1.5339534, 42.5136421]], "mood_vectors": [[0.0635, 0.0519, 0.0368, 0.0397, 0.0575, 0.069, 0.6817], [0.0569, 0.0789, 0.0178, 0.053, 0.0847, 0.0578, 0.6508], [0.0566, 0.0146, 0.062, 0.0866, 0.0579, 0.0943, 0.6281], [0.0433, 0.0681, 0.0874, 0.0453, 0.0725, 0.0553, 0.6281], [0.0894, 0.0753, 0.0705, 0.0653, 0.0723, 0.0525, 0.5747], [0.0246, 0.0694, 0.0139, 0.0128, 0.056, 0.0485, 0.7747], [0.0258, 0.0735, 0.028, 0.0583, 0.0205, 0.0573, 0.7366], [0.0446, 0.0402, 0.017, 0.0253, 0.1019, 0.0443, 0.7267], [0.0682, 0.0703, 0.0348, 0.0763, 0.0111, 0.0656, 0.6736], [0.0363, 0.0183, 0.0327, 0.0338, 0.0472, 0.0157, 0.816], [0.0797, 0.0481, 0.0596, 0.0535, 0.022, 0.0641, 0.6731], [0.0929, 0.015, 0.0838, 0.0263, 0.0602, 0.0202, 0.7017], [0.0775, 0.0824, 0.0401, 0.0488, 0.0742, 0.0137, 0.6632], [0.0566, 0.0432, 0.0163, 0.0454, 0.0713, 0.0725, 0.6946], [0.0532, 0.0629, 0.0126, 0.0353, 0.0638, 0.0603, 0.7119], [0.0672, 0.0149, 0.0728, 0.0234, 0.0682, 0.077, 0.6765], [0.0405, 0.0174, 0.0202, 0.0445, 0.0395, 0.0754, 0.7623], [0.02, 0.0477, 0.0482, 0.0416, 0.0665, 0.0577, 0.7183], [0.0381, 0.0842, 0.0292, 0.0253, 0.0142, 0.0212, 0.7878], [0.0501, 0.0186, 0.0856, 0.0346, 0.0849, 0.0804, 0.6458], [0.0372, 0.042, 0.0746, 0.0488, 0.0647, 0.03, 0.7028], [0.0338, 0.0645, 0.0589, 0.047, 0.0406, 0.0687, 0.6865], [0.0458, 0.059, 0.0356, 0.0198, 0.0579, 0.0585, 0.7234], [0.0659, 0.017, 0.0718, 0.0827, 0.0601, 0.0364, 0.666], [0.0747, 0.0202, 0.0564, 0.0322, 0.04, 0.0695, 0.707], [0.0203, 0.0319, 0.0681, 0.0754, 0.0516, 0.0633, 0.6894], [0.0602, 0.0259, 0.0602, 0.0812, 0.0423, 0.0249, 0.7053], [0.032, 0.083, 0.0688, 0.0681, 0.0225, 0.0816, 0.644], [0.0608, 0.036, 0.0759, 0.0414, 0.0544, 0.044, 0.6874], [0.0295, 0.0203, 0.0338, 0.0373, 0.0212, 0.0417, 0.8163], [0.0749, 0.0414, 0.0249, 0.0722, 0.042, 0.0636, 0.681], [0.039, 0.0375, 0.0154, 0.0229, 0.0157, 0.0917, 0.7778], [0.0172, 0.069, 0.0299, 0.0373, 0.0692, 0.0169, 0.7605], [0.029, 0.0641, 0.0751, 0.0524, 0.0274, 0.0544, 0.6978], [0.032, 0.0514, 0.017, 0.0334, 0.0367, 0.0311, 0.7983], [0.0717, 0.0411, 0.0143, 0.0757, 0.0352, 0.0174, 0.7446], [0.0463, 0.0661, 0.0834, 0.0274, 0.0489, 0.068, 0.6598], [0.0808, 0.0421, 0.0332, 0.0191, 0.0442, 0.013, 0.7676], [0.0546, 0.0365, 0.0665, 0.0677, 0.0193, 0.0671, 0.6884], [0.0689, 0.0666, 0.0194, 0.0575, 0.0485, 0.0868, 0.6522], [0.0196, 0.0875, 0.0661, 0.0278, 0.0295, 0.0677, 0.7017], [0.0368, 0.0778, 0.0438, 0.076, 0.0429, 0.0226, 0.7001], [0.0497, 0.0337, 0.0621, 0.0696, 0.066, 0.0489, 0.6699], [0.0441, 0.0566, 0.0545, 0.0568, 0.0785, 0.0607, 0.6488], [0.0746, 0.0454, 0.0287, 0.0764, 0.0429, 0.012, 0.7201], [0.0571, 0.0257, 0.0384, 0.0396, 0.0303, 0.0762, 0.7327], [0.0246, 0.0411, 0.0333, 0.0699, 0.0263, 0.0448, 0.76], [0.0369, 0.0823, 0.0174, 0.0586, 0.014, 0.0303, 0.7605], [0.0323, 0.0706, 0.0254, 0.0746, 0.0508, 0.0403, 0.706], [0.1014, 0.0378, 0.0651, 0.0226, 0.0804, 0.0165, 0.6761], [0.0181, 0.0286, 0.0238, 0.0414, 0.0162, 0.0734, 0.7985], [0.0547, 0.0235, 0.0216, 0.0547, 0.0728, 0.0664, 0.7063], [0.0818, 0.0634, 0.0528, 0.0687, 0.0669, 0.0266, 0.6399], [0.0397, 0.089, 0.0656, 0.0206, 0.0246, 0.0741, 0.6863], [0.0863, 0.0542, 0.0516, 0.0263, 0.054, 0.0867, 0.6409], [0.0126, 0.0222, 0.0657, 0.0818, 0.0161, 0.07, 0.7315], [0.0371, 0.0593, 0.0616, 0.0533, 0.0603, 0.056, 0.6725], [0.0428, 0.029, 0.0128, 0.0551, 0.0359, 0.0738, 0.7506], [0.0263, 0.0545, 0.0568, 0.0462, 0.0846, 0.0539, 0.6777], [0.0492, 0.059, 0.057, 0.0588, 0.0516, 0.0734, 0.651], [0.0192, 0.0376, 0.0304, 0.0586, 0.0543, 0.093, 0.7068], [0.0363, 0.0356, 0.086, 0.0694, 0.0437, 0.0702, 0.6588], [0.061, 0.0489, 0.0243, 0.0256, 0.0756, 0.0691, 0.6955], [0.0377, 0.0397, 0.0682, 0.0724, 0.035, 0.0719, 0.675], [0.0354, 0.0357, 0.097, 0.0871, 0.0789, 0.0378, 0.6281], [0.0132, 0.0362, 0.0737, 0.0779, 0.0642, 0.0148, 0.7199], [0.0579, 0.0609, 0.0587, 0.0768, 0.0645, 0.0659, 0.6153], [0.019, 0.0217, 0.076, 0.0651, 0.0744, 0.0348, 0.7091], [0.0262, 0.0647, 0.0342, 0.0391, 0.013, 0.0454, 0.7773], [0.0564, 0.0594, 0.0632, 0.0457, 0.0322, 0.0172, 0.726], [0.0232, 0.024, 0.0612, 0.0758, 0.0369, 0.074, 0.7049], [0.014, 0.0813, 0.0735, 0.076, 0.024, 0.0829, 0.6482], [0.0328, 0.0662, 0.0271, 0.0368, 0.0222, 0.0223, 0.7927], [0.0493, 0.0292, 0.073, 0.0694, 0.0259, 0.0158, 0.7373], [0.0258, 0.0676, 0.0287, 0.0529, 0.0847, 0.027, 0.7132], [0.0453, 0.0629, 0.0223, 0.0416, 0.0319, 0.0593, 0.7367], [0.0689, 0.0305, 0.0996, 0.055, 0.0187, 0.0785, 0.6487], [0.0321, 0.0477, 0.0467, 0.0156, 0.0787, 0.0841, 0.6951], [0.0611, 0.0761, 0.0791, 0.0226, 0.0134, 0.0479, 0.6998], [0.0814, 0.0248, 0.0696, 0.0437, 0.0806, 0.0706, 0.6292]], "emotions": ["purple", "purple", "purple", "purple", "purple", "purple", "purple", "purple", "purple", "purple", "purple", "purple", "purple", "purple", "purple", "purple", "purple", "purple", "purple", "purple", "purple", "purple", "purple", "purple", "purple", "purple", "purple", "purple", "purple", "purple", "purple", "purple", "purple", "purple", "purple", "purple", "purple", "purple", "purple", "purple", "purple", "purple", "purple", "purple", "purple", "purple", "purple", "purple", "purple", "purple", "purple", "purple", "purple", "purple", "purple", "purple", "purple", "purple", "purple", "purple", "purple", "purple", "purple", "purple", "purple", "purple", "purple", "purple", "purple", "purple", "purple", "purple", "purple", "purple", "purple", "purple", "purple", "purple", "purple", "purple"], "timestamps": [0, 40, 80, 120, 160, 200, 240, 280, 320, 360, 400, 440, 480, 520, 560, 600, 640, 680, 720, 760, 800, 840, 880, 920, 960, 1000, 1040, 1080, 1120, 1160, 1200, 1240, 1280, 1320, 1360, 1400, 1440, 1480, 1520, 1560, 1600, 1640, 1680, 1720, 1760, 1800, 1840, 1880, 1920, 1960, 2000, 2040, 2080, 2120, 2160, 2200, 2240, 2280, 2320, 2360, 2400, 2440, 2480, 2520, 2560, 2600, 2640, 2680, 2720, 2760, 2800, 2840, 2880, 2920, 2960, 3000, 3040, 3080, 3120, 3160]}], "conversation": [], "conversation_timestamps": []}