{"agent_id": "agent-orange-1178", "type": "orange", "trips": [{"trip_id": 0, "transport_method": "foot", "start_time": 0, "path": [[1.5410993, 42.5092422], [1.5412779, 42.509566], [1.5409699, 42.5097037], [1.5408347, 42.5099229], [1.540983, 42.5102607], [1.5406868, 42.5103738], [1.540933, 42.5102701], [1.5405644, 42.5102987], [1.5401957, 42.5103272], [1.5398271, 42.5103558], [1.5394584, 42.5103843], [1.5391196, 42.5102998], [1.5388086, 42.5101001], [1.538449, 42.5100571], [1.5380794, 42.5100471], [1.5377098, 42.5100377], [1.5373404, 42.5100229], [1.5369708, 42.510034], [1.5366026, 42.510035], [1.5362433, 42.5099557], [1.5358741, 42.5099346], [1.535505, 42.5099135], [1.5351363, 42.5098972], [1.5347669, 42.509913], [1.5343975, 42.509916], [1.5340292, 42.5099203], [1.5336617, 42.5098794], [1.5333592, 42.5100107], [1.5329935, 42.5099914], [1.532625, 42.5099628], [1.532275, 42.5098601], [1.5319213, 42.5097933], [1.531573, 42.5096694], [1.5312279, 42.5095368], [1.5308818, 42.5094067], [1.530533, 42.5093655], [1.530183, 42.5092461], [1.5298329, 42.5091275], [1.5294787, 42.5090215], [1.5291339, 42.5089063], [1.5287703, 42.5088636], [1.5284142, 42.508768], [1.5280797, 42.5086107], [1.5277398, 42.5084653], [1.5273872, 42.5083656], [1.5270176, 42.508359], [1.5266482, 42.5083443], [1.5262825, 42.5082914], [1.5259202, 42.5082197], [1.5255677, 42.5081194], [1.5252162, 42.5080053], [1.5248603, 42.5079054], [1.5245006, 42.5078206], [1.5241348, 42.5077728], [1.5237654, 42.5077847], [1.5233965, 42.5078103], [1.5230482, 42.5077828], [1.5226799, 42.5077507], [1.5223115, 42.5077187], [1.5219737, 42.5077253], [1.5216908, 42.5075085], [1.5213231, 42.5075156], [1.5209535, 42.507504], [1.5205878, 42.5074744], [1.520235, 42.5074003], [1.5198664, 42.5074293], [1.519541, 42.5072741], [1.5192137, 42.5071028], [1.5189306, 42.5068799], [1.518652, 42.5066465], [1.5183774, 42.506399], [1.5181017, 42.5061526], [1.5177781, 42.5059996], [1.5174134, 42.5059388], [1.5170509, 42.5058672], [1.5167145, 42.5057312], [1.5163825, 42.5055683], [1.5160441, 42.5054199], [1.5156929, 42.5053045], [1.5153536, 42.5051651]], "mood_vectors": [[0.0507, 0.0513, 0.0552, 0.0396, 0.7427, 0.0349, 0.0255], [0.0318, 0.0252, 0.0435, 0.0901, 0.6803, 0.0852, 0.044], [0.0275, 0.033, 0.0623, 0.0799, 0.6787, 0.0777, 0.0408], [0.0665, 0.0731, 0.0504, 0.0537, 0.6151, 0.0508, 0.0904], [0.0773, 0.0554, 0.0141, 0.0803, 0.6885, 0.022, 0.0624], [0.0142, 0.0539, 0.0765, 0.0215, 0.7507, 0.0585, 0.0247], [0.0306, 0.0277, 0.0301, 0.0539, 0.8219, 0.0155, 0.0204], [0.0432, 0.0907, 0.0444, 0.0814, 0.6221, 0.0324, 0.0858], [0.0883, 0.0477, 0.05, 0.0715, 0.6562, 0.0538, 0.0326], [0.0695, 0.0524, 0.0164, 0.0444, 0.6706, 0.0771, 0.0696], [0.0147, 0.0771, 0.0323, 0.0552, 0.7447, 0.0238, 0.0522], [0.0696, 0.0225, 0.0716, 0.0541, 0.6546, 0.0714, 0.0562], [0.0275, 0.0197, 0.0177, 0.0632, 0.7694, 0.0339, 0.0687], [0.0505, 0.0196, 0.058, 0.0634, 0.6987, 0.0569, 0.0529], [0.022, 0.0835, 0.0626, 0.0633, 0.6068, 0.0797, 0.0822], [0.0436, 0.0196, 0.0688, 0.0785, 0.7113, 0.0306, 0.0475], [0.0535, 0.0462, 0.0295, 0.0429, 0.7358, 0.0627, 0.0294], [0.0555, 0.0693, 0.0694, 0.065, 0.6022, 0.0767, 0.0618], [0.0666, 0.0597, 0.0738, 0.0524, 0.6236, 0.0657, 0.0582], [0.0224, 0.0501, 0.061, 0.0124, 0.766, 0.0356, 0.0524], [0.0738, 0.0702, 0.0552, 0.0378, 0.6933, 0.0299, 0.0397], [0.0589, 0.0651, 0.0341, 0.0655, 0.6929, 0.0185, 0.0649], [0.0833, 0.0246, 0.0488, 0.0735, 0.6818, 0.022, 0.0659], [0.059, 0.0157, 0.0673, 0.0507, 0.7281, 0.0236, 0.0556], [0.0551, 0.0571, 0.0632, 0.0264, 0.7379, 0.0451, 0.0151], [0.0598, 0.0258, 0.0171, 0.0345, 0.7299, 0.0696, 0.0632], [0.0511, 0.0344, 0.0468, 0.0743, 0.7225, 0.0527, 0.0183], [0.0416, 0.0331, 0.0625, 0.0875, 0.6513, 0.0334, 0.0906], [0.0567, 0.0539, 0.041, 0.0543, 0.6958, 0.0336, 0.0648], [0.0918, 0.0545, 0.05, 0.0414, 0.6747, 0.0291, 0.0585], [0.0121, 0.0722, 0.0149, 0.0176, 0.7535, 0.0656, 0.0641], [0.0897, 0.0407, 0.0329, 0.0422, 0.6902, 0.0324, 0.0718], [0.0195, 0.0556, 0.037, 0.0183, 0.763, 0.0505, 0.0561], [0.0599, 0.0468, 0.0825, 0.0736, 0.6417, 0.072, 0.0236], [0.0847, 0.0396, 0.0506, 0.0339, 0.7147, 0.0587, 0.0178], [0.0631, 0.0467, 0.0582, 0.0665, 0.6557, 0.0525, 0.0572], [0.0455, 0.0299, 0.0469, 0.0535, 0.7392, 0.0299, 0.055], [0.0404, 0.0579, 0.0404, 0.0449, 0.6875, 0.0637, 0.0653], [0.0367, 0.082, 0.092, 0.0465, 0.6981, 0.0222, 0.0225], [0.0154, 0.0338, 0.0216, 0.0687, 0.7774, 0.0653, 0.0178], [0.0585, 0.0271, 0.025, 0.0436, 0.6952, 0.1058, 0.0449], [0.0221, 0.0383, 0.0356, 0.0518, 0.6777, 0.0869, 0.0876], [0.0542, 0.0583, 0.064, 0.0575, 0.66, 0.0365, 0.0695], [0.0288, 0.0559, 0.0558, 0.0489, 0.721, 0.0415, 0.0481], [0.0766, 0.0213, 0.0459, 0.06, 0.6583, 0.0701, 0.0678], [0.0189, 0.0324, 0.0379, 0.0704, 0.7489, 0.0335, 0.0579], [0.0205, 0.0518, 0.0731, 0.0226, 0.6823, 0.0758, 0.0739], [0.0526, 0.0239, 0.0333, 0.0319, 0.7836, 0.0205, 0.0542], [0.0212, 0.0137, 0.0659, 0.0604, 0.738, 0.026, 0.0747], [0.0764, 0.0491, 0.072, 0.0398, 0.6472, 0.0669, 0.0485], [0.0422, 0.0373, 0.0313, 0.0168, 0.7835, 0.0254, 0.0636], [0.0429, 0.047, 0.0602, 0.0449, 0.708, 0.0696, 0.0275], [0.037, 0.0136, 0.0601, 0.0726, 0.7323, 0.0603, 0.0242], [0.0364, 0.0705, 0.0628, 0.0868, 0.5835, 0.0739, 0.0862], [0.0315, 0.0439, 0.0592, 0.0743, 0.6664, 0.0644, 0.0603], [0.0673, 0.0596, 0.0614, 0.0309, 0.6996, 0.0451, 0.0361], [0.0764, 0.051, 0.0263, 0.0121, 0.7335, 0.0489, 0.0517], [0.093, 0.0582, 0.0213, 0.0708, 0.6109, 0.0848, 0.061], [0.0723, 0.0226, 0.0365, 0.0727, 0.7185, 0.0133, 0.0641], [0.0732, 0.0421, 0.0417, 0.0878, 0.5902, 0.0807, 0.0843], [0.0712, 0.0309, 0.0463, 0.0803, 0.6512, 0.0712, 0.0489], [0.0696, 0.0277, 0.0389, 0.0489, 0.7577, 0.018, 0.0392], [0.0762, 0.0301, 0.0831, 0.0337, 0.6012, 0.0899, 0.0857], [0.0377, 0.0684, 0.0163, 0.0838, 0.6779, 0.038, 0.0779], [0.0195, 0.0763, 0.0194, 0.038, 0.7399, 0.0346, 0.0724], [0.069, 0.022, 0.0721, 0.05, 0.7057, 0.0249, 0.0564], [0.0809, 0.0457, 0.0743, 0.0672, 0.595, 0.0701, 0.0667], [0.0391, 0.021, 0.077, 0.0113, 0.7049, 0.0758, 0.071], [0.0222, 0.082, 0.053, 0.0161, 0.6791, 0.0856, 0.0619], [0.0358, 0.0483, 0.0913, 0.0561, 0.6493, 0.0542, 0.0651], [0.0187, 0.0458, 0.0508, 0.0958, 0.6821, 0.0439, 0.0629], [0.0775, 0.0451, 0.0284, 0.0574, 0.7184, 0.0544, 0.0188], [0.0752, 0.0529, 0.0772, 0.0379, 0.5969, 0.0866, 0.0734], [0.056, 0.0666, 0.0678, 0.0638, 0.6497, 0.0532, 0.0429], [0.0232, 0.0351, 0.0284, 0.0731, 0.7234, 0.0647, 0.0522], [0.0732, 0.0203, 0.0609, 0.0237, 0.7082, 0.0692, 0.0445], [0.0522, 0.0191, 0.0816, 0.0449, 0.6749, 0.0505, 0.0768], [0.0322, 0.0625, 0.0505, 0.0535, 0.6919, 0.0636, 0.0458], [0.0611, 0.0704, 0.0328, 0.0252, 0.7503, 0.0428, 0.0173], [0.0549, 0.0597, 0.0446, 0.033, 0.6882, 0.0628, 0.0568]], "emotions": ["red", "red", "red", "red", "red", "red", "red", "red", "red", "red", "red", "red", "red", "red", "red", "red", "red", "red", "red", "red", "red", "red", "red", "red", "red", "red", "red", "red", "red", "red", "red", "red", "red", "red", "red", "red", "red", "red", "red", "red", "red", "red", "red", "red", "red", "red", "red", "red", "red", "red", "red", "red", "red", "red", "red", "red", "red", "red", "red", "red", "red", "red", "red", "red", "red", "red", "red", "red", "red", "red", "red", "red", "red", "red", "red", "red", "red", "red", "red", "red"], "timestamps": [0, 40, 80, 120, 160, 200, 240, 280, 320, 360, 400, 440, 480, 520, 560, 600, 640, 680, 720, 760, 800, 840, 880, 920, 960, 1000, 1040, 1080, 1120, 1160, 1200, 1240, 1280, 1320, 1360, 1400, 1440, 1480, 1520, 1560, 1600, 1640, 1680, 1720, 1760, 1800, 1840, 1880, 1920, 1960, 2000, 2040, 2080, 2120, 2160, 2200, 2240, 2280, 2320, 2360, 2400, 2440, 2480, 2520, 2560, 2600, 2640, 2680, 2720, 2760, 2800, 2840, 2880, 2920, 2960, 3000, 3040, 3080, 3120, 3160]}], "conversation": [], "conversation_timestamps": []}