{"agent_id": "agent-blue-1305", "type": "blue", "trips": [{"trip_id": 0, "transport_method": "bicycle", "start_time": 0, "path": [[1.525917, 42.5057988], [1.5260052, 42.5056157], [1.5260733, 42.5054242], [1.5262085, 42.5053233], [1.5264115, 42.5053138], [1.5266146, 42.5053043], [1.5268176, 42.5052989], [1.5270194, 42.5053024], [1.5272216, 42.5053224], [1.5274239, 42.5053411], [1.5276259, 42.5053188], [1.5278237, 42.5052969], [1.5276217, 42.505313], [1.5274204, 42.5053414], [1.5276175, 42.5053298], [1.5278204, 42.5053176], [1.5280233, 42.5053054], [1.5282261, 42.5052933], [1.5284286, 42.5052881], [1.5286288, 42.505323], [1.528829, 42.505358], [1.5290292, 42.505393], [1.5292294, 42.5054279], [1.5294296, 42.5054629], [1.5296298, 42.5054979], [1.52983, 42.5055332], [1.5300301, 42.5055685], [1.5302303, 42.5056038], [1.5304275, 42.5056529], [1.5306247, 42.505702], [1.5308228, 42.5057471], [1.5310229, 42.5057828], [1.5312229, 42.5058186], [1.531423, 42.5058544], [1.5316233, 42.505885], [1.5318254, 42.5058646], [1.5320142, 42.5059143], [1.5321903, 42.5060158], [1.5323663, 42.5061173], [1.5325468, 42.5062101], [1.5327427, 42.5062611], [1.5329417, 42.5063023], [1.5331407, 42.5063434], [1.5333398, 42.5063846], [1.5335388, 42.5064257], [1.5337378, 42.5064669], [1.5339367, 42.5065085], [1.5341372, 42.5065321], [1.5343404, 42.5065317], [1.5345412, 42.5065373], [1.5347376, 42.5065882], [1.5349367, 42.5066291], [1.5351358, 42.50667], [1.5353349, 42.5067109], [1.5355339, 42.5067518], [1.535733, 42.5067927], [1.5359321, 42.5068336], [1.5361312, 42.5068745], [1.5363294, 42.5069177], [1.5365225, 42.506981], [1.5367196, 42.5070012], [1.5368664, 42.5070613], [1.5370299, 42.5071726], [1.5372183, 42.5072486], [1.5374068, 42.5073247], [1.5375953, 42.5074007], [1.5377838, 42.5074768], [1.5378815, 42.5074322], [1.5377402, 42.5072995], [1.5375421, 42.5072555], [1.5373396, 42.5072397], [1.5371364, 42.5072358], [1.5369615, 42.5071652], [1.5370502, 42.5072255], [1.5372115, 42.5073492], [1.5373727, 42.5074729], [1.537534, 42.5075966], [1.5376952, 42.5077203], [1.5376585, 42.507714], [1.5375547, 42.5075396]], "mood_vectors": [[0.0865, 0.0833, 0.0151, 0.6027, 0.0606, 0.08, 0.0719], [0.0205, 0.0253, 0.0447, 0.7543, 0.0177, 0.0631, 0.0743], [0.0472, 0.0387, 0.0156, 0.7335, 0.0442, 0.0808, 0.0399], [0.0117, 0.0731, 0.0158, 0.7389, 0.0591, 0.0511, 0.0503], [0.0435, 0.0497, 0.0132, 0.7092, 0.0794, 0.0621, 0.0429], [0.0889, 0.0452, 0.0172, 0.6531, 0.0762, 0.0539, 0.0655], [0.0574, 0.0597, 0.0629, 0.6387, 0.0592, 0.0605, 0.0617], [0.0758, 0.0577, 0.027, 0.6666, 0.0857, 0.0477, 0.0395], [0.0414, 0.0821, 0.0458, 0.6367, 0.0931, 0.0561, 0.0448], [0.0802, 0.0843, 0.0226, 0.6761, 0.0393, 0.0534, 0.044], [0.0586, 0.0424, 0.0237, 0.7437, 0.0593, 0.016, 0.0564], [0.0561, 0.02, 0.0522, 0.6973, 0.0874, 0.0602, 0.0268], [0.0744, 0.0223, 0.0273, 0.7829, 0.0234, 0.0315, 0.0381], [0.073, 0.0838, 0.029, 0.6749, 0.0456, 0.0171, 0.0766], [0.0561, 0.0277, 0.0784, 0.697, 0.023, 0.0629, 0.0549], [0.0275, 0.0619, 0.067, 0.7027, 0.045, 0.0447, 0.0512], [0.0706, 0.0582, 0.0723, 0.642, 0.0374, 0.0536, 0.0659], [0.0619, 0.0751, 0.0777, 0.6318, 0.0338, 0.0901, 0.0297], [0.0146, 0.043, 0.0593, 0.7135, 0.0706, 0.0586, 0.0405], [0.0668, 0.0428, 0.0191, 0.7679, 0.0394, 0.044, 0.02], [0.0313, 0.0505, 0.0764, 0.7483, 0.0214, 0.0511, 0.0211], [0.0437, 0.0244, 0.0557, 0.7096, 0.0614, 0.034, 0.0712], [0.0733, 0.0852, 0.0635, 0.644, 0.0383, 0.0652, 0.0304], [0.0786, 0.0311, 0.0223, 0.6564, 0.1034, 0.0868, 0.0213], [0.05, 0.0649, 0.0409, 0.6785, 0.0271, 0.0432, 0.0953], [0.0661, 0.0535, 0.0216, 0.6804, 0.056, 0.0781, 0.0442], [0.0582, 0.0248, 0.0723, 0.7136, 0.0562, 0.0239, 0.0511], [0.0392, 0.0588, 0.0213, 0.7396, 0.0531, 0.0715, 0.0164], [0.0168, 0.0692, 0.076, 0.7435, 0.0397, 0.0133, 0.0416], [0.0538, 0.0265, 0.0374, 0.7852, 0.0121, 0.0578, 0.0273], [0.0716, 0.0585, 0.0207, 0.6703, 0.0633, 0.0338, 0.0818], [0.0443, 0.0293, 0.0165, 0.7148, 0.086, 0.0736, 0.0353], [0.0284, 0.0519, 0.0473, 0.6776, 0.0494, 0.0651, 0.0803], [0.0638, 0.0535, 0.0545, 0.6298, 0.0703, 0.0751, 0.0529], [0.047, 0.0468, 0.0332, 0.6972, 0.0758, 0.0667, 0.0333], [0.0545, 0.0619, 0.0643, 0.6783, 0.0455, 0.0358, 0.0597], [0.0755, 0.0552, 0.0216, 0.7471, 0.0354, 0.047, 0.0181], [0.0356, 0.0795, 0.0665, 0.672, 0.0378, 0.0667, 0.042], [0.0685, 0.0623, 0.0169, 0.693, 0.0566, 0.0337, 0.0689], [0.0228, 0.0679, 0.0599, 0.6591, 0.0688, 0.0591, 0.0624], [0.0704, 0.0467, 0.0528, 0.7037, 0.0164, 0.0762, 0.0338], [0.0593, 0.0299, 0.0388, 0.645, 0.0853, 0.0896, 0.052], [0.0582, 0.0112, 0.0671, 0.7212, 0.0206, 0.0549, 0.0668], [0.0635, 0.0405, 0.0644, 0.7592, 0.0365, 0.0154, 0.0205], [0.0584, 0.0205, 0.0402, 0.7745, 0.0344, 0.0253, 0.0467], [0.0247, 0.0569, 0.0681, 0.7089, 0.03, 0.044, 0.0674], [0.0858, 0.0338, 0.0277, 0.7006, 0.0154, 0.0801, 0.0566], [0.0877, 0.0407, 0.0427, 0.6459, 0.0682, 0.0172, 0.0977], [0.046, 0.02, 0.0613, 0.7338, 0.0366, 0.0261, 0.0763], [0.0772, 0.035, 0.0728, 0.6328, 0.0633, 0.0605, 0.0583], [0.0677, 0.0703, 0.0427, 0.7354, 0.0514, 0.0116, 0.0209], [0.0202, 0.0273, 0.0503, 0.7396, 0.0834, 0.0274, 0.0517], [0.0714, 0.0151, 0.0457, 0.7274, 0.0452, 0.0757, 0.0195], [0.0661, 0.057, 0.0151, 0.7229, 0.06, 0.0606, 0.0183], [0.0684, 0.0649, 0.0515, 0.7094, 0.0247, 0.0447, 0.0364], [0.0868, 0.0312, 0.0866, 0.6698, 0.051, 0.0324, 0.0422], [0.0708, 0.0144, 0.0739, 0.6621, 0.0411, 0.0639, 0.0739], [0.0682, 0.0349, 0.0719, 0.6583, 0.043, 0.0881, 0.0355], [0.0318, 0.0774, 0.034, 0.67, 0.0614, 0.0723, 0.053], [0.031, 0.0239, 0.0455, 0.7852, 0.0463, 0.0201, 0.048], [0.0821, 0.0301, 0.0472, 0.6699, 0.0195, 0.0718, 0.0794], [0.0845, 0.0692, 0.073, 0.6744, 0.0348, 0.0476, 0.0165], [0.0458, 0.0249, 0.0132, 0.8492, 0.0312, 0.0229, 0.0127], [0.0612, 0.0847, 0.0409, 0.6296, 0.0425, 0.0891, 0.052], [0.0862, 0.0371, 0.0561, 0.622, 0.0796, 0.0493, 0.0697], [0.0658, 0.0748, 0.0221, 0.7644, 0.0152, 0.0417, 0.016], [0.0571, 0.0575, 0.0405, 0.6607, 0.0629, 0.0565, 0.0649], [0.0402, 0.0673, 0.0202, 0.6726, 0.0649, 0.0917, 0.0432], [0.0446, 0.0175, 0.0371, 0.7654, 0.0314, 0.0621, 0.042], [0.0463, 0.0681, 0.0288, 0.704, 0.053, 0.0379, 0.0619], [0.0892, 0.0409, 0.0588, 0.6375, 0.0568, 0.0643, 0.0524], [0.0637, 0.0863, 0.0767, 0.6072, 0.0707, 0.0158, 0.0797], [0.0316, 0.0876, 0.0238, 0.657, 0.0262, 0.0882, 0.0856], [0.0638, 0.0539, 0.0134, 0.7619, 0.0379, 0.0505, 0.0186], [0.0302, 0.0141, 0.038, 0.7585, 0.0325, 0.0759, 0.0508], [0.0404, 0.0286, 0.0583, 0.705, 0.0604, 0.0511, 0.0563], [0.0516, 0.0833, 0.0472, 0.6878, 0.0215, 0.0895, 0.0191], [0.0686, 0.0344, 0.043, 0.7309, 0.0173, 0.0713, 0.0345], [0.0149, 0.101, 0.0315, 0.6915, 0.031, 0.0823, 0.0478], [0.0579, 0.0517, 0.0546, 0.6752, 0.031, 0.042, 0.0877]], "emotions": ["green", "green", "green", "green", "green", "green", "green", "green", "green", "green", "green", "green", "green", "green", "green", "green", "green", "green", "green", "green", "green", "green", "green", "green", "green", "green", "green", "green", "green", "green", "green", "green", "green", "green", "green", "green", "green", "green", "green", "green", "green", "green", "green", "green", "green", "green", "green", "green", "green", "green", "green", "green", "green", "green", "green", "green", "green", "green", "green", "green", "green", "green", "green", "green", "green", "green", "green", "green", "green", "green", "green", "green", "green", "green", "green", "green", "green", "green", "green", "green"], "timestamps": [0, 40, 80, 120, 160, 200, 240, 280, 320, 360, 400, 440, 480, 520, 560, 600, 640, 680, 720, 760, 800, 840, 880, 920, 960, 1000, 1040, 1080, 1120, 1160, 1200, 1240, 1280, 1320, 1360, 1400, 1440, 1480, 1520, 1560, 1600, 1640, 1680, 1720, 1760, 1800, 1840, 1880, 1920, 1960, 2000, 2040, 2080, 2120, 2160, 2200, 2240, 2280, 2320, 2360, 2400, 2440, 2480, 2520, 2560, 2600, 2640, 2680, 2720, 2760, 2800, 2840, 2880, 2920, 2960, 3000, 3040, 3080, 3120, 3160]}], "conversation": [], "conversation_timestamps": []}