{"agent_id": "agent-red-1441", "type": "red", "trips": [{"trip_id": 0, "transport_method": "foot", "start_time": 0, "path": [[1.7319873, 42.5440014], [1.7337822, 42.5443658], [1.7337699, 42.5466004], [1.7333117, 42.54691], [1.7289788, 42.5446757], [1.7241996, 42.5437796], [1.7193137, 42.5438482], [1.714428, 42.5440008], [1.7095442, 42.5441893], [1.7046703, 42.5445586], [1.7001465, 42.5460761], [1.6967053, 42.54944], [1.6933143, 42.5529076], [1.6898098, 42.5562853], [1.6867529, 42.5572412], [1.6845035, 42.554685], [1.6814269, 42.5533906], [1.6856203, 42.5551627], [1.6815595, 42.553515], [1.6796728, 42.5512252], [1.6813388, 42.5498249], [1.6843324, 42.5467864], [1.6837636, 42.5443569], [1.6814536, 42.5412331], [1.6771475, 42.5389821], [1.6743608, 42.5391919], [1.6697357, 42.5393596], [1.6649101, 42.5393223], [1.6623961, 42.5381624], [1.6584623, 42.5405991], [1.6538462, 42.5420548], [1.6495133, 42.5422672], [1.6448108, 42.5412313], [1.6400159, 42.5402812], [1.6362648, 42.5395612], [1.6408203, 42.5408441], [1.6451593, 42.541996], [1.6432213, 42.5409148], [1.6384268, 42.5399624], [1.6340784, 42.5391147], [1.6296105, 42.5388369], [1.6248221, 42.5381024], [1.6202775, 42.5366679], [1.6182214, 42.5357891], [1.6230596, 42.5352348], [1.6262616, 42.5370959], [1.6219335, 42.537341], [1.6173994, 42.5355145], [1.618776, 42.5367767], [1.6152382, 42.5365172], [1.6104284, 42.5362839], [1.605581, 42.5363378], [1.6007101, 42.5367479], [1.6051347, 42.5372281], [1.6068323, 42.5362171], [1.6019571, 42.5365732], [1.5971162, 42.5362457], [1.5928574, 42.5360701], [1.5895867, 42.5356075], [1.5943051, 42.5363323], [1.5911287, 42.5358296], [1.5875808, 42.5348514], [1.5853987, 42.5335301], [1.5810949, 42.531724], [1.5762203, 42.5315929], [1.5737162, 42.530582], [1.5719825, 42.529355], [1.57098, 42.5290054], [1.5677166, 42.5269715], [1.5668525, 42.5263014], [1.5624748, 42.5243002], [1.5587034, 42.5213066], [1.5562923, 42.5187414], [1.5545014, 42.5174958], [1.553262, 42.5156297], [1.5503904, 42.5121305], [1.5462354, 42.510176], [1.5428865, 42.5089353], [1.5384708, 42.5105224], [1.5354891, 42.5121322]], "mood_vectors": [[0.6747, 0.0912, 0.0809, 0.0165, 0.036, 0.0542, 0.0466], [0.599, 0.0524, 0.0877, 0.0832, 0.0384, 0.0532, 0.0861], [0.5677, 0.0671, 0.0793, 0.0711, 0.0711, 0.0775, 0.0663], [0.7419, 0.0649, 0.0224, 0.0331, 0.036, 0.0814, 0.0203], [0.738, 0.0388, 0.022, 0.0249, 0.0798, 0.0561, 0.0404], [0.6293, 0.0589, 0.0831, 0.0693, 0.0158, 0.0696, 0.0739], [0.6281, 0.0826, 0.0797, 0.0591, 0.0341, 0.0271, 0.0892], [0.7117, 0.0394, 0.0577, 0.0157, 0.0524, 0.0785, 0.0445], [0.7199, 0.0608, 0.0819, 0.0357, 0.0189, 0.033, 0.0498], [0.7006, 0.0677, 0.0696, 0.0136, 0.0599, 0.0518, 0.0368], [0.6687, 0.0288, 0.0718, 0.0541, 0.0498, 0.0737, 0.0532], [0.6542, 0.0587, 0.0167, 0.0774, 0.0192, 0.0733, 0.1005], [0.6866, 0.0508, 0.0464, 0.0351, 0.0471, 0.0819, 0.0521], [0.7474, 0.0306, 0.052, 0.0296, 0.0558, 0.0666, 0.0179], [0.6739, 0.0406, 0.0512, 0.0195, 0.0576, 0.0734, 0.0838], [0.5958, 0.081, 0.0791, 0.0504, 0.0619, 0.047, 0.0848], [0.6594, 0.0638, 0.0362, 0.0537, 0.0868, 0.0344, 0.0657], [0.6526, 0.0588, 0.0221, 0.0651, 0.0726, 0.0767, 0.0521], [0.7055, 0.0361, 0.0231, 0.0899, 0.0267, 0.074, 0.0448], [0.681, 0.0698, 0.0628, 0.0524, 0.0335, 0.061, 0.0395], [0.7746, 0.0171, 0.0331, 0.066, 0.0313, 0.0604, 0.0174], [0.7165, 0.0926, 0.035, 0.0258, 0.0727, 0.0337, 0.0238], [0.7318, 0.0399, 0.0528, 0.052, 0.0443, 0.0126, 0.0667], [0.7949, 0.0405, 0.0302, 0.0211, 0.0139, 0.0212, 0.0781], [0.6909, 0.0248, 0.0617, 0.0661, 0.065, 0.0582, 0.0333], [0.6857, 0.0253, 0.0509, 0.0338, 0.0507, 0.0752, 0.0784], [0.7001, 0.0428, 0.0672, 0.0255, 0.0492, 0.0851, 0.03], [0.7883, 0.0375, 0.0542, 0.0417, 0.0233, 0.013, 0.042], [0.6449, 0.043, 0.0769, 0.0827, 0.0845, 0.0277, 0.0404], [0.6545, 0.0699, 0.0366, 0.0372, 0.0806, 0.0546, 0.0665], [0.733, 0.0416, 0.0706, 0.0184, 0.0935, 0.0177, 0.0251], [0.7225, 0.0538, 0.0219, 0.0582, 0.0247, 0.0595, 0.0594], [0.7726, 0.0363, 0.0429, 0.0149, 0.028, 0.0888, 0.0164], [0.6731, 0.0185, 0.0452, 0.0731, 0.0812, 0.0707, 0.0382], [0.6524, 0.0219, 0.0251, 0.0847, 0.0992, 0.0644, 0.0523], [0.6469, 0.04, 0.0761, 0.0478, 0.0455, 0.0892, 0.0545], [0.6648, 0.057, 0.058, 0.067, 0.064, 0.0551, 0.0341], [0.6013, 0.0203, 0.0848, 0.0807, 0.0685, 0.091, 0.0534], [0.7073, 0.0246, 0.0658, 0.0555, 0.0681, 0.0272, 0.0515], [0.6951, 0.0896, 0.0785, 0.0715, 0.0136, 0.035, 0.0168], [0.6061, 0.0825, 0.0403, 0.0745, 0.0578, 0.0868, 0.0521], [0.6313, 0.0623, 0.0776, 0.035, 0.0787, 0.0957, 0.0194], [0.6417, 0.0752, 0.0171, 0.0771, 0.0262, 0.082, 0.0807], [0.7106, 0.0491, 0.0632, 0.0407, 0.0279, 0.0366, 0.072], [0.682, 0.078, 0.0612, 0.0474, 0.0368, 0.068, 0.0266], [0.6902, 0.0562, 0.0541, 0.0655, 0.0294, 0.0511, 0.0535], [0.6058, 0.0665, 0.0901, 0.0538, 0.0574, 0.0672, 0.0591], [0.6567, 0.0868, 0.0637, 0.0375, 0.0574, 0.0843, 0.0137], [0.7078, 0.0667, 0.0481, 0.0773, 0.0203, 0.0574, 0.0224], [0.6996, 0.0691, 0.0527, 0.034, 0.0299, 0.0586, 0.0561], [0.7419, 0.0352, 0.0425, 0.0578, 0.0648, 0.0403, 0.0176], [0.7335, 0.0133, 0.0694, 0.0146, 0.0726, 0.0634, 0.033], [0.7163, 0.0497, 0.0462, 0.0567, 0.0551, 0.0344, 0.0417], [0.6867, 0.0295, 0.0679, 0.0703, 0.0379, 0.0271, 0.0807], [0.6929, 0.022, 0.07, 0.0279, 0.0666, 0.0798, 0.0409], [0.7292, 0.024, 0.0656, 0.0591, 0.029, 0.0561, 0.037], [0.67, 0.0745, 0.0593, 0.0184, 0.069, 0.0422, 0.0666], [0.6644, 0.0718, 0.0685, 0.0142, 0.069, 0.0705, 0.0416], [0.705, 0.0244, 0.0319, 0.0196, 0.0835, 0.0755, 0.06], [0.6916, 0.0398, 0.0239, 0.0793, 0.0235, 0.0693, 0.0725], [0.6798, 0.0349, 0.0502, 0.0618, 0.049, 0.0496, 0.0747], [0.6888, 0.0631, 0.0531, 0.0735, 0.0532, 0.0403, 0.0281], [0.6514, 0.0446, 0.0915, 0.0225, 0.0243, 0.0875, 0.0781], [0.6185, 0.0291, 0.0755, 0.0976, 0.0561, 0.0355, 0.0878], [0.6741, 0.0769, 0.0229, 0.0947, 0.0437, 0.0169, 0.0707], [0.6244, 0.0942, 0.0487, 0.0711, 0.0805, 0.0255, 0.0557], [0.6907, 0.0298, 0.0816, 0.0297, 0.021, 0.0743, 0.0729], [0.8282, 0.0144, 0.0571, 0.0326, 0.0299, 0.02, 0.0179], [0.6493, 0.0948, 0.0288, 0.0624, 0.0485, 0.073, 0.0432], [0.7238, 0.094, 0.0329, 0.0647, 0.0273, 0.035, 0.0224], [0.7163, 0.092, 0.0254, 0.0725, 0.0325, 0.0211, 0.0402], [0.7058, 0.0663, 0.041, 0.0461, 0.032, 0.0393, 0.0694], [0.6703, 0.067, 0.0246, 0.0681, 0.0826, 0.0504, 0.0372], [0.7399, 0.0146, 0.0537, 0.0431, 0.0257, 0.0628, 0.0601], [0.6949, 0.0213, 0.0796, 0.0398, 0.0216, 0.074, 0.0688], [0.691, 0.0145, 0.0525, 0.0553, 0.0708, 0.0586, 0.0572], [0.6882, 0.0405, 0.0593, 0.0165, 0.0814, 0.051, 0.063], [0.6415, 0.0367, 0.0526, 0.0686, 0.0894, 0.0383, 0.0728], [0.7333, 0.0545, 0.0181, 0.0637, 0.0264, 0.0449, 0.059], [0.6146, 0.0658, 0.031, 0.0549, 0.0837, 0.0841, 0.0658]], "emotions": ["red", "red", "red", "red", "red", "red", "red", "red", "red", "red", "red", "red", "red", "red", "red", "red", "red", "red", "red", "red", "red", "red", "red", "red", "red", "red", "red", "red", "red", "red", "red", "red", "red", "red", "red", "red", "red", "red", "red", "red", "red", "red", "red", "red", "red", "red", "red", "red", "red", "red", "red", "red", "red", "red", "red", "red", "red", "red", "red", "red", "red", "red", "red", "red", "red", "red", "red", "red", "red", "red", "red", "red", "red", "red", "red", "red", "red", "red", "red", "red"], "timestamps": [0, 40, 80, 120, 160, 200, 240, 280, 320, 360, 400, 440, 480, 520, 560, 600, 640, 680, 720, 760, 800, 840, 880, 920, 960, 1000, 1040, 1080, 1120, 1160, 1200, 1240, 1280, 1320, 1360, 1400, 1440, 1480, 1520, 1560, 1600, 1640, 1680, 1720, 1760, 1800, 1840, 1880, 1920, 1960, 2000, 2040, 2080, 2120, 2160, 2200, 2240, 2280, 2320, 2360, 2400, 2440, 2480, 2520, 2560, 2600, 2640, 2680, 2720, 2760, 2800, 2840, 2880, 2920, 2960, 3000, 3040, 3080, 3120, 3160]}], "conversation": [], "conversation_timestamps": []}