{"agent_id": "agent-green-847", "type": "green", "trips": [{"trip_id": 0, "transport_method": "bicycle", "start_time": 0, "path": [[1.5260082, 42.564468], [1.5250773, 42.5652927], [1.5248487, 42.5655547], [1.5254741, 42.565643], [1.5264545, 42.5649896], [1.5263907, 42.5638385], [1.5274201, 42.5633676], [1.5280355, 42.5625513], [1.5285644, 42.5614634], [1.5295682, 42.5607434], [1.530473, 42.5598901], [1.5313779, 42.5590368], [1.5312058, 42.5592247], [1.5305627, 42.5602863], [1.5295787, 42.5609343], [1.5298491, 42.5604823], [1.5307567, 42.559632], [1.5316643, 42.5587816], [1.5319142, 42.5578192], [1.5309053, 42.5571099], [1.5298001, 42.5565822], [1.5291717, 42.5555657], [1.528248, 42.5547853], [1.5275889, 42.5538098], [1.5267514, 42.5528995], [1.5263698, 42.5517379], [1.5265187, 42.5512409], [1.5261155, 42.5502562], [1.5255157, 42.5491692], [1.5250309, 42.5480436], [1.5247035, 42.5469318], [1.5246178, 42.546126], [1.5239676, 42.5450667], [1.5234632, 42.5439442], [1.5232241, 42.5434582], [1.5229112, 42.5422778], [1.5232204, 42.5411534], [1.5234655, 42.5407094], [1.5231644, 42.5395353], [1.5231908, 42.5383084], [1.5241731, 42.5376561], [1.5251463, 42.5373652], [1.5246104, 42.5367458], [1.5234199, 42.5364285], [1.5226019, 42.5356145], [1.5217626, 42.5347326], [1.5209349, 42.5339219], [1.5211917, 42.5329802], [1.5209856, 42.5318853], [1.5213133, 42.5307847], [1.5216452, 42.5298333], [1.521529, 42.5290155], [1.5209957, 42.5279685], [1.5206717, 42.5268576], [1.5207727, 42.525618], [1.5206118, 42.5267074], [1.5206523, 42.5269817], [1.5207292, 42.5257403], [1.5207065, 42.5245264], [1.52142, 42.5235144], [1.5219599, 42.52241], [1.522884, 42.5216018], [1.523531, 42.520578], [1.5238329, 42.5198472], [1.5233933, 42.5210035], [1.5237698, 42.5200432], [1.5242294, 42.5188875], [1.5251811, 42.5181686], [1.5261141, 42.5173736], [1.5271826, 42.5168328], [1.5282821, 42.5162934], [1.5291679, 42.5154501], [1.5300427, 42.514599], [1.5303089, 42.513532], [1.5308669, 42.5124449], [1.5303147, 42.5116227], [1.5291076, 42.5113416], [1.5279039, 42.5110636], [1.5270553, 42.5104536], [1.5260563, 42.5097849]], "mood_vectors": [[0.033, 0.0763, 0.0234, 0.0179, 0.0673, 0.0748, 0.7073], [0.0894, 0.0204, 0.0556, 0.0265, 0.0448, 0.0329, 0.7304], [0.0431, 0.0621, 0.0496, 0.0319, 0.0849, 0.0225, 0.7059], [0.0467, 0.0127, 0.0664, 0.0758, 0.0172, 0.0347, 0.7464], [0.0456, 0.0541, 0.0307, 0.0521, 0.1043, 0.0911, 0.6221], [0.0242, 0.0713, 0.0619, 0.0694, 0.0665, 0.0351, 0.6717], [0.0494, 0.0641, 0.0801, 0.0259, 0.0574, 0.0294, 0.6937], [0.0296, 0.0148, 0.0745, 0.0841, 0.0757, 0.0546, 0.6666], [0.0253, 0.0205, 0.0892, 0.0774, 0.0476, 0.0177, 0.7224], [0.0449, 0.0721, 0.0642, 0.0813, 0.0452, 0.0504, 0.6419], [0.0158, 0.0562, 0.018, 0.0206, 0.0703, 0.0737, 0.7455], [0.0522, 0.059, 0.0516, 0.0419, 0.0564, 0.0599, 0.679], [0.0537, 0.0338, 0.0463, 0.0142, 0.0459, 0.0513, 0.7546], [0.0369, 0.0649, 0.0302, 0.0524, 0.0294, 0.0693, 0.7169], [0.0705, 0.0634, 0.0232, 0.027, 0.0639, 0.0378, 0.7141], [0.0434, 0.0694, 0.0653, 0.0701, 0.0655, 0.0526, 0.6337], [0.0552, 0.0415, 0.0551, 0.0355, 0.0141, 0.0265, 0.7722], [0.044, 0.0169, 0.0543, 0.0416, 0.0591, 0.0729, 0.7112], [0.0384, 0.0774, 0.0243, 0.0224, 0.085, 0.0849, 0.6677], [0.0687, 0.0151, 0.092, 0.0318, 0.0169, 0.0645, 0.711], [0.0784, 0.059, 0.059, 0.0217, 0.0151, 0.087, 0.6798], [0.0719, 0.0443, 0.0301, 0.0383, 0.0695, 0.0719, 0.674], [0.0146, 0.0606, 0.0396, 0.0742, 0.0465, 0.0683, 0.6963], [0.0341, 0.0849, 0.0704, 0.0552, 0.0226, 0.0427, 0.6901], [0.0419, 0.0195, 0.0279, 0.0617, 0.0542, 0.0354, 0.7593], [0.0292, 0.0759, 0.0359, 0.0289, 0.0786, 0.0725, 0.679], [0.0487, 0.0546, 0.0713, 0.0382, 0.0492, 0.0771, 0.6609], [0.0549, 0.0525, 0.0333, 0.0269, 0.0488, 0.0602, 0.7235], [0.0652, 0.0153, 0.0516, 0.0929, 0.0707, 0.0437, 0.6604], [0.0555, 0.0636, 0.0396, 0.0788, 0.0734, 0.0383, 0.6508], [0.0208, 0.0483, 0.0424, 0.0257, 0.0467, 0.0628, 0.7533], [0.0464, 0.0456, 0.0592, 0.0646, 0.0675, 0.0472, 0.6695], [0.0127, 0.062, 0.0601, 0.0426, 0.0379, 0.0561, 0.7287], [0.0376, 0.0613, 0.0476, 0.0697, 0.0676, 0.0482, 0.668], [0.012, 0.0527, 0.0404, 0.0354, 0.0676, 0.0636, 0.7283], [0.0476, 0.0333, 0.0365, 0.0639, 0.0572, 0.0515, 0.71], [0.0766, 0.0392, 0.0391, 0.013, 0.0401, 0.0558, 0.7362], [0.019, 0.0794, 0.0167, 0.0597, 0.0149, 0.0397, 0.7706], [0.0196, 0.0185, 0.0658, 0.0758, 0.0612, 0.0486, 0.7106], [0.0716, 0.0681, 0.0677, 0.0825, 0.0588, 0.0803, 0.5711], [0.0544, 0.05, 0.0771, 0.0743, 0.0708, 0.0541, 0.6193], [0.0835, 0.0347, 0.0723, 0.0159, 0.0582, 0.0543, 0.6812], [0.0277, 0.0138, 0.0455, 0.0213, 0.0446, 0.0359, 0.8111], [0.0277, 0.0236, 0.0663, 0.0335, 0.0436, 0.067, 0.7384], [0.0316, 0.0233, 0.0374, 0.053, 0.0164, 0.0248, 0.8136], [0.0216, 0.042, 0.0557, 0.0759, 0.0158, 0.0405, 0.7485], [0.0659, 0.0285, 0.0487, 0.045, 0.049, 0.0348, 0.728], [0.0552, 0.0706, 0.0678, 0.0619, 0.0507, 0.0475, 0.6463], [0.0516, 0.015, 0.0794, 0.0445, 0.0561, 0.0373, 0.716], [0.0471, 0.0609, 0.041, 0.0525, 0.0618, 0.0367, 0.6999], [0.0602, 0.092, 0.0431, 0.0207, 0.0554, 0.079, 0.6494], [0.0294, 0.0593, 0.0855, 0.053, 0.0308, 0.0268, 0.7152], [0.0319, 0.0652, 0.0288, 0.0458, 0.0289, 0.0501, 0.7492], [0.052, 0.0705, 0.0683, 0.0174, 0.0251, 0.0428, 0.7238], [0.0595, 0.095, 0.0718, 0.0439, 0.0257, 0.0693, 0.6348], [0.0419, 0.0486, 0.0439, 0.021, 0.0499, 0.024, 0.7706], [0.0816, 0.0461, 0.0519, 0.0365, 0.0664, 0.0774, 0.6401], [0.0444, 0.0786, 0.0987, 0.0624, 0.0172, 0.0564, 0.6422], [0.0343, 0.0248, 0.0826, 0.0628, 0.0555, 0.0338, 0.7063], [0.0476, 0.0204, 0.0578, 0.0384, 0.0667, 0.0646, 0.7045], [0.0754, 0.0364, 0.0589, 0.0574, 0.0767, 0.0615, 0.6337], [0.0717, 0.0224, 0.0368, 0.0705, 0.0637, 0.0419, 0.693], [0.0169, 0.0644, 0.0604, 0.0761, 0.0774, 0.0161, 0.6886], [0.0684, 0.04, 0.0487, 0.0155, 0.0197, 0.0919, 0.7157], [0.0936, 0.0643, 0.0157, 0.0732, 0.0468, 0.0617, 0.6446], [0.0317, 0.0747, 0.0526, 0.0824, 0.0602, 0.0814, 0.617], [0.0401, 0.0742, 0.0447, 0.0559, 0.0676, 0.0332, 0.6842], [0.0212, 0.0201, 0.0673, 0.0794, 0.0878, 0.0248, 0.6994], [0.0271, 0.064, 0.0567, 0.0449, 0.0811, 0.0563, 0.6699], [0.0617, 0.0311, 0.0409, 0.0193, 0.076, 0.0496, 0.7214], [0.047, 0.0427, 0.0394, 0.0497, 0.0227, 0.033, 0.7656], [0.0535, 0.0438, 0.0168, 0.0255, 0.0386, 0.0656, 0.7562], [0.0145, 0.0375, 0.0427, 0.0149, 0.0643, 0.0556, 0.7706], [0.0866, 0.0372, 0.082, 0.0889, 0.0205, 0.0492, 0.6355], [0.0712, 0.0528, 0.0212, 0.0641, 0.0732, 0.0661, 0.6514], [0.0415, 0.0826, 0.0216, 0.0834, 0.0214, 0.0646, 0.6849], [0.0484, 0.0516, 0.0776, 0.0433, 0.0463, 0.063, 0.6697], [0.0372, 0.0566, 0.0735, 0.0133, 0.0495, 0.0755, 0.6944], [0.0598, 0.052, 0.0311, 0.0705, 0.0532, 0.0197, 0.7137], [0.0699, 0.0247, 0.062, 0.0521, 0.0351, 0.0361, 0.72]], "emotions": ["purple", "purple", "purple", "purple", "purple", "purple", "purple", "purple", "purple", "purple", "purple", "purple", "purple", "purple", "purple", "purple", "purple", "purple", "purple", "purple", "purple", "purple", "purple", "purple", "purple", "purple", "purple", "purple", "purple", "purple", "purple", "purple", "purple", "purple", "purple", "purple", "purple", "purple", "purple", "purple", "purple", "purple", "purple", "purple", "purple", "purple", "purple", "purple", "purple", "purple", "purple", "purple", "purple", "purple", "purple", "purple", "purple", "purple", "purple", "purple", "purple", "purple", "purple", "purple", "purple", "purple", "purple", "purple", "purple", "purple", "purple", "purple", "purple", "purple", "purple", "purple", "purple", "purple", "purple", "purple"], "timestamps": [0, 40, 80, 120, 160, 200, 240, 280, 320, 360, 400, 440, 480, 520, 560, 600, 640, 680, 720, 760, 800, 840, 880, 920, 960, 1000, 1040, 1080, 1120, 1160, 1200, 1240, 1280, 1320, 1360, 1400, 1440, 1480, 1520, 1560, 1600, 1640, 1680, 1720, 1760, 1800, 1840, 1880, 1920, 1960, 2000, 2040, 2080, 2120, 2160, 2200, 2240, 2280, 2320, 2360, 2400, 2440, 2480, 2520, 2560, 2600, 2640, 2680, 2720, 2760, 2800, 2840, 2880, 2920, 2960, 3000, 3040, 3080, 3120, 3160]}], "conversation": [], "conversation_timestamps": []}