{"agent_id": "agent-orange-1483", "type": "orange", "trips": [{"trip_id": 0, "transport_method": "foot", "start_time": 0, "path": [[1.5359994, 42.55469], [1.5362811, 42.5543894], [1.5364124, 42.5535691], [1.5367128, 42.5528338], [1.5365355, 42.5522503], [1.5358111, 42.551566], [1.5350279, 42.5509215], [1.5340826, 42.5506005], [1.5331258, 42.5502677], [1.5322089, 42.5497985], [1.5313358, 42.5492602], [1.5303444, 42.5489781], [1.5294862, 42.5487556], [1.5304181, 42.5490642], [1.5313835, 42.549264], [1.5305036, 42.5488505], [1.5295729, 42.5484076], [1.5285908, 42.5481323], [1.5275671, 42.5480691], [1.5267585, 42.5478814], [1.5266785, 42.5472691], [1.525668, 42.5470808], [1.5248731, 42.5464294], [1.524507, 42.545931], [1.5239614, 42.5450574], [1.5235338, 42.5441322], [1.5233956, 42.5438361], [1.5229828, 42.5428924], [1.5228327, 42.5418837], [1.5233684, 42.5410348], [1.5234716, 42.5407319], [1.5231989, 42.539768], [1.5231402, 42.538745], [1.5235881, 42.5379595], [1.5245227, 42.5375654], [1.5252169, 42.5372637], [1.5246671, 42.5367575], [1.5236623, 42.5365493], [1.5229185, 42.5359795], [1.5222892, 42.5351662], [1.5214528, 42.5346088], [1.5208568, 42.5338307], [1.5211271, 42.5330464], [1.5211404, 42.5321482], [1.5210369, 42.531221], [1.5212618, 42.5304202], [1.5218557, 42.5296226], [1.5214783, 42.528946], [1.5210352, 42.5280883], [1.5206441, 42.5271966], [1.5207278, 42.5261693], [1.5207914, 42.5259852], [1.5205981, 42.5269658], [1.5206555, 42.5269302], [1.5207192, 42.5259015], [1.5206385, 42.5248882], [1.5210418, 42.5239639], [1.5216782, 42.5231562], [1.5220878, 42.5222194], [1.5228974, 42.5215913], [1.5235216, 42.5207876], [1.523933, 42.5198513], [1.5244603, 42.5190363], [1.5252809, 42.5184127], [1.5260575, 42.517736], [1.526993, 42.5173091], [1.5279296, 42.516879], [1.5288221, 42.5167221], [1.5297245, 42.5162452], [1.5306113, 42.5157485], [1.5314364, 42.5151368], [1.5321715, 42.5144206], [1.5330536, 42.5139057], [1.5339973, 42.5135624], [1.5341725, 42.5134141], [1.5350225, 42.5128653], [1.5358734, 42.5125456], [1.5359068, 42.5118207], [1.5361899, 42.511032], [1.5361133, 42.5108868]], "mood_vectors": [[0.0241, 0.074, 0.071, 0.0344, 0.7621, 0.0175, 0.0168], [0.0398, 0.0285, 0.0347, 0.0274, 0.7404, 0.0469, 0.0823], [0.0454, 0.0806, 0.0792, 0.0579, 0.6546, 0.0638, 0.0186], [0.0664, 0.0231, 0.0172, 0.0651, 0.7234, 0.0583, 0.0466], [0.0578, 0.0666, 0.0196, 0.0631, 0.6921, 0.0313, 0.0694], [0.0375, 0.0369, 0.0475, 0.0214, 0.7763, 0.0307, 0.0498], [0.0174, 0.0692, 0.0161, 0.0471, 0.7658, 0.0355, 0.0489], [0.0489, 0.0811, 0.0408, 0.0324, 0.6555, 0.0756, 0.0657], [0.0575, 0.0409, 0.067, 0.0538, 0.6369, 0.0666, 0.0772], [0.0667, 0.0193, 0.0498, 0.0258, 0.7199, 0.0567, 0.0618], [0.0638, 0.052, 0.0533, 0.0467, 0.6907, 0.0351, 0.0584], [0.0295, 0.0708, 0.0781, 0.0119, 0.7057, 0.0627, 0.0414], [0.0568, 0.0385, 0.0721, 0.0406, 0.6909, 0.0363, 0.0648], [0.0715, 0.0607, 0.0644, 0.0333, 0.6671, 0.0548, 0.0483], [0.0697, 0.0182, 0.0464, 0.04, 0.7045, 0.0534, 0.0677], [0.0832, 0.0393, 0.0648, 0.0671, 0.6411, 0.0167, 0.0878], [0.0631, 0.0415, 0.0646, 0.0176, 0.6754, 0.0641, 0.0737], [0.0734, 0.0445, 0.0183, 0.0479, 0.7295, 0.0686, 0.0178], [0.0692, 0.0223, 0.0295, 0.0805, 0.7086, 0.0466, 0.0433], [0.0611, 0.0765, 0.0285, 0.0412, 0.6576, 0.0595, 0.0756], [0.0392, 0.0656, 0.0368, 0.0569, 0.7042, 0.0261, 0.0712], [0.0348, 0.0737, 0.0437, 0.0423, 0.7356, 0.0373, 0.0325], [0.0609, 0.0347, 0.0633, 0.0199, 0.7083, 0.0724, 0.0405], [0.0226, 0.035, 0.0861, 0.0508, 0.7018, 0.0243, 0.0794], [0.0626, 0.0366, 0.0185, 0.031, 0.7829, 0.0124, 0.056], [0.0343, 0.034, 0.0464, 0.0523, 0.7641, 0.0548, 0.0141], [0.0566, 0.033, 0.0198, 0.0868, 0.6694, 0.0493, 0.0851], [0.0141, 0.0754, 0.0342, 0.0486, 0.7126, 0.0376, 0.0775], [0.0306, 0.0814, 0.0735, 0.0801, 0.6545, 0.0629, 0.0171], [0.0445, 0.0496, 0.0513, 0.0642, 0.6962, 0.0149, 0.0793], [0.053, 0.0683, 0.0722, 0.0812, 0.6273, 0.0687, 0.0294], [0.0478, 0.0378, 0.0169, 0.0267, 0.7071, 0.108, 0.0558], [0.0743, 0.0771, 0.0653, 0.0526, 0.588, 0.0729, 0.0698], [0.0316, 0.0985, 0.0595, 0.0255, 0.6581, 0.0676, 0.0592], [0.064, 0.0317, 0.0507, 0.0449, 0.638, 0.0947, 0.076], [0.0624, 0.0479, 0.0784, 0.0577, 0.6366, 0.0389, 0.0781], [0.0242, 0.0802, 0.0782, 0.0332, 0.6878, 0.0404, 0.0559], [0.0606, 0.0255, 0.0527, 0.0586, 0.693, 0.0574, 0.0522], [0.0646, 0.054, 0.0594, 0.0245, 0.7105, 0.0282, 0.0588], [0.0801, 0.021, 0.0154, 0.046, 0.7515, 0.0266, 0.0594], [0.0328, 0.0421, 0.0572, 0.038, 0.7628, 0.0475, 0.0197], [0.0525, 0.0705, 0.0572, 0.0551, 0.6873, 0.0348, 0.0426], [0.0519, 0.0588, 0.0308, 0.0253, 0.7626, 0.043, 0.0276], [0.0613, 0.0743, 0.0811, 0.0148, 0.6359, 0.0504, 0.0823], [0.0137, 0.0383, 0.0735, 0.0152, 0.7796, 0.0141, 0.0656], [0.0532, 0.0508, 0.0856, 0.0443, 0.7208, 0.0275, 0.0178], [0.0653, 0.0695, 0.0577, 0.073, 0.6058, 0.0794, 0.0493], [0.0551, 0.0483, 0.0384, 0.0458, 0.7202, 0.03, 0.0623], [0.0281, 0.1004, 0.0892, 0.0402, 0.6857, 0.0385, 0.0178], [0.0538, 0.0532, 0.0585, 0.0576, 0.6587, 0.048, 0.0701], [0.0208, 0.0452, 0.042, 0.0258, 0.7187, 0.0784, 0.0691], [0.0468, 0.0629, 0.0595, 0.0324, 0.7488, 0.033, 0.0167], [0.0236, 0.0357, 0.0387, 0.1026, 0.7316, 0.029, 0.0388], [0.0527, 0.0192, 0.0335, 0.0317, 0.7409, 0.0729, 0.0491], [0.0371, 0.0615, 0.0527, 0.0751, 0.6575, 0.0683, 0.0478], [0.0318, 0.0714, 0.0697, 0.0614, 0.6758, 0.0413, 0.0487], [0.0682, 0.0546, 0.0485, 0.051, 0.7463, 0.0112, 0.0201], [0.0165, 0.056, 0.0792, 0.0705, 0.7425, 0.0215, 0.0138], [0.016, 0.0439, 0.0226, 0.0384, 0.8132, 0.0199, 0.046], [0.0486, 0.0298, 0.025, 0.0506, 0.7299, 0.0639, 0.0522], [0.0495, 0.0292, 0.0521, 0.0612, 0.6419, 0.0852, 0.0809], [0.0898, 0.0281, 0.0186, 0.0689, 0.7003, 0.0406, 0.0536], [0.0302, 0.048, 0.0312, 0.0276, 0.7007, 0.084, 0.0782], [0.0773, 0.0813, 0.0867, 0.0158, 0.659, 0.0396, 0.0401], [0.0297, 0.0652, 0.02, 0.0448, 0.7473, 0.0185, 0.0745], [0.0743, 0.0574, 0.0505, 0.0199, 0.6588, 0.0804, 0.0588], [0.0733, 0.0526, 0.0753, 0.0686, 0.6801, 0.0152, 0.0348], [0.0201, 0.0712, 0.087, 0.0703, 0.6322, 0.056, 0.0631], [0.0337, 0.0424, 0.0767, 0.0589, 0.7021, 0.0437, 0.0427], [0.035, 0.0809, 0.0224, 0.0142, 0.7522, 0.0291, 0.0661], [0.0475, 0.0509, 0.0791, 0.0691, 0.5986, 0.0762, 0.0787], [0.0421, 0.0774, 0.0563, 0.0632, 0.6721, 0.05, 0.0388], [0.0694, 0.0327, 0.0439, 0.0743, 0.7032, 0.022, 0.0544], [0.0161, 0.0406, 0.0624, 0.0789, 0.7039, 0.0279, 0.0701], [0.081, 0.0448, 0.0208, 0.0469, 0.6997, 0.0473, 0.0595], [0.0203, 0.075, 0.05, 0.0521, 0.7551, 0.0196, 0.0279], [0.0658, 0.0748, 0.0746, 0.0723, 0.6126, 0.0429, 0.057], [0.0626, 0.0388, 0.0314, 0.0766, 0.6524, 0.0615, 0.0767], [0.075, 0.0296, 0.0325, 0.0295, 0.7225, 0.0788, 0.0322], [0.0732, 0.0234, 0.0232, 0.0203, 0.7685, 0.0583, 0.033]], "emotions": ["red", "red", "red", "red", "red", "red", "red", "red", "red", "red", "red", "red", "red", "red", "red", "red", "red", "red", "red", "red", "red", "red", "red", "red", "red", "red", "red", "red", "red", "red", "red", "red", "red", "red", "red", "red", "red", "red", "red", "red", "red", "red", "red", "red", "red", "red", "red", "red", "red", "red", "red", "red", "red", "red", "red", "red", "red", "red", "red", "red", "red", "red", "red", "red", "red", "red", "red", "red", "red", "red", "red", "red", "red", "red", "red", "red", "red", "red", "red", "red"], "timestamps": [0, 40, 80, 120, 160, 200, 240, 280, 320, 360, 400, 440, 480, 520, 560, 600, 640, 680, 720, 760, 800, 840, 880, 920, 960, 1000, 1040, 1080, 1120, 1160, 1200, 1240, 1280, 1320, 1360, 1400, 1440, 1480, 1520, 1560, 1600, 1640, 1680, 1720, 1760, 1800, 1840, 1880, 1920, 1960, 2000, 2040, 2080, 2120, 2160, 2200, 2240, 2280, 2320, 2360, 2400, 2440, 2480, 2520, 2560, 2600, 2640, 2680, 2720, 2760, 2800, 2840, 2880, 2920, 2960, 3000, 3040, 3080, 3120, 3160]}], "conversation": [], "conversation_timestamps": []}