{"agent_id": "agent-blue-570", "type": "blue", "trips": [{"trip_id": 0, "transport_method": "foot", "start_time": 0, "path": [[1.5403551, 42.5087318], [1.5412393, 42.5087401], [1.5421228, 42.5088887], [1.5422582, 42.5088986], [1.5431543, 42.5089754], [1.5440107, 42.5092302], [1.5448994, 42.5093261], [1.5457677, 42.5095198], [1.5456959, 42.5094982], [1.5458789, 42.5095904], [1.5463159, 42.5101218], [1.5465223, 42.5108468], [1.5473169, 42.5112251], [1.5481896, 42.5114467], [1.549065, 42.5116576], [1.5496189, 42.5118114], [1.5502353, 42.5120653], [1.5500987, 42.5120139], [1.5508773, 42.512451], [1.5515647, 42.5130328], [1.5509915, 42.5125566], [1.5516218, 42.5130276], [1.552393, 42.513484], [1.5525181, 42.5136354], [1.5526981, 42.5144691], [1.5530178, 42.5152844], [1.5534294, 42.5160739], [1.5537719, 42.5168997], [1.5543651, 42.5175692], [1.555124, 42.5180397], [1.5558977, 42.5183699], [1.5565198, 42.5190184], [1.5570456, 42.5196906], [1.55767, 42.5203395], [1.5583199, 42.5209627], [1.5589993, 42.5215534], [1.5597523, 42.5220375], [1.5594768, 42.521935], [1.5602137, 42.5224455], [1.5609882, 42.5228946], [1.5617051, 42.523438], [1.5623018, 42.5241089], [1.563012, 42.5246403], [1.563862, 42.524927], [1.5646801, 42.5252256], [1.5655304, 42.5255171], [1.5663324, 42.525923], [1.5670467, 42.5264712], [1.5677638, 42.5270155], [1.5685696, 42.5274141], [1.5693122, 42.5279076], [1.5700771, 42.5283797], [1.5708295, 42.5288745], [1.5715045, 42.5293272], [1.5723522, 42.5293484], [1.5729675, 42.5296979], [1.5735022, 42.5303086], [1.5741456, 42.5309261], [1.5749555, 42.5313162], [1.575832, 42.5315194], [1.5767196, 42.5316706], [1.5776158, 42.5317542], [1.5785154, 42.5317954], [1.5780624, 42.5317882], [1.5775869, 42.5317438], [1.5784874, 42.5317462], [1.5793879, 42.5317487], [1.5802884, 42.5317455], [1.5811885, 42.5317203], [1.5820884, 42.5316883], [1.5829774, 42.5318048], [1.5837717, 42.532222], [1.5844605, 42.5327986], [1.5851178, 42.5334132], [1.5858666, 42.5338848], [1.5865513, 42.5337704], [1.5870089, 42.533139], [1.5877187, 42.533655], [1.5879159, 42.5340017], [1.5870979, 42.5336882]], "mood_vectors": [[0.074, 0.0356, 0.0635, 0.6771, 0.0615, 0.0496, 0.0386], [0.0725, 0.0161, 0.0508, 0.7852, 0.0293, 0.0316, 0.0144], [0.0148, 0.0739, 0.0664, 0.65, 0.0442, 0.0757, 0.075], [0.0715, 0.0482, 0.0402, 0.7356, 0.035, 0.0472, 0.0222], [0.0338, 0.1008, 0.0506, 0.7194, 0.0166, 0.0226, 0.0562], [0.0823, 0.0823, 0.0681, 0.6237, 0.062, 0.058, 0.0236], [0.0275, 0.0875, 0.0374, 0.7037, 0.0344, 0.0566, 0.0529], [0.0444, 0.0498, 0.0542, 0.7033, 0.0257, 0.0289, 0.0938], [0.0431, 0.03, 0.0383, 0.6841, 0.0789, 0.0565, 0.0691], [0.0458, 0.0748, 0.0836, 0.6714, 0.0744, 0.0211, 0.029], [0.0675, 0.0829, 0.0132, 0.6885, 0.0456, 0.0696, 0.0326], [0.0656, 0.0189, 0.0248, 0.6964, 0.0798, 0.0608, 0.0537], [0.0351, 0.0166, 0.0403, 0.7786, 0.0184, 0.0718, 0.0393], [0.0487, 0.0488, 0.0877, 0.7166, 0.0195, 0.0304, 0.0482], [0.0615, 0.0691, 0.0338, 0.7011, 0.038, 0.0707, 0.0257], [0.0649, 0.0608, 0.0488, 0.6669, 0.0683, 0.0157, 0.0747], [0.0327, 0.0199, 0.0558, 0.7281, 0.0603, 0.0652, 0.0379], [0.0661, 0.057, 0.0226, 0.7354, 0.0335, 0.0387, 0.0469], [0.0639, 0.0552, 0.043, 0.714, 0.0389, 0.0333, 0.0517], [0.0521, 0.0379, 0.0644, 0.6756, 0.0659, 0.0331, 0.071], [0.0626, 0.0311, 0.0182, 0.6786, 0.1063, 0.0464, 0.0567], [0.0383, 0.0241, 0.0276, 0.7203, 0.0429, 0.0728, 0.0741], [0.0456, 0.0734, 0.073, 0.6615, 0.0967, 0.024, 0.0258], [0.0706, 0.0624, 0.0311, 0.7463, 0.0606, 0.0169, 0.0121], [0.0482, 0.0469, 0.0297, 0.7132, 0.0879, 0.0286, 0.0456], [0.0303, 0.0292, 0.0301, 0.7941, 0.0374, 0.0119, 0.0669], [0.0762, 0.0667, 0.0204, 0.6751, 0.0726, 0.0313, 0.0575], [0.0246, 0.0433, 0.0404, 0.6548, 0.0783, 0.0746, 0.084], [0.0411, 0.0327, 0.0325, 0.6906, 0.1006, 0.0311, 0.0715], [0.0638, 0.0371, 0.0565, 0.733, 0.0256, 0.0277, 0.0563], [0.0466, 0.0907, 0.0489, 0.6399, 0.0495, 0.0748, 0.0494], [0.0259, 0.0405, 0.0629, 0.7208, 0.076, 0.041, 0.0329], [0.036, 0.0777, 0.0457, 0.7235, 0.0394, 0.044, 0.0337], [0.0565, 0.0283, 0.0634, 0.7618, 0.0318, 0.0411, 0.0171], [0.0195, 0.0766, 0.0524, 0.6738, 0.043, 0.0532, 0.0815], [0.0526, 0.0442, 0.0701, 0.6513, 0.0754, 0.043, 0.0634], [0.0287, 0.0859, 0.0758, 0.6169, 0.0465, 0.0641, 0.0821], [0.0395, 0.0127, 0.0762, 0.7483, 0.0157, 0.0687, 0.0388], [0.0461, 0.0176, 0.0427, 0.7291, 0.0527, 0.0504, 0.0615], [0.0255, 0.0368, 0.0375, 0.7937, 0.0334, 0.0137, 0.0594], [0.0265, 0.098, 0.0214, 0.7095, 0.0205, 0.0639, 0.0604], [0.0369, 0.0187, 0.0606, 0.7048, 0.0606, 0.0496, 0.0689], [0.0198, 0.0825, 0.062, 0.6552, 0.0863, 0.0697, 0.0246], [0.0774, 0.0184, 0.0175, 0.7285, 0.0436, 0.0613, 0.0535], [0.0664, 0.0514, 0.0167, 0.6977, 0.0599, 0.0375, 0.0704], [0.0467, 0.0456, 0.0684, 0.7193, 0.0236, 0.0422, 0.0543], [0.033, 0.0402, 0.0436, 0.7523, 0.0728, 0.0228, 0.0354], [0.0676, 0.0198, 0.0413, 0.7673, 0.0372, 0.0239, 0.0428], [0.0275, 0.0432, 0.0195, 0.7663, 0.0601, 0.0342, 0.0492], [0.0248, 0.0525, 0.0602, 0.7014, 0.0718, 0.0415, 0.0477], [0.0933, 0.0386, 0.0169, 0.7218, 0.0521, 0.0434, 0.0338], [0.0299, 0.0724, 0.0417, 0.7324, 0.0164, 0.0713, 0.036], [0.0659, 0.0183, 0.066, 0.6737, 0.0484, 0.0701, 0.0577], [0.047, 0.0561, 0.0193, 0.727, 0.0392, 0.0427, 0.0688], [0.0315, 0.0154, 0.0226, 0.7598, 0.0729, 0.0497, 0.0482], [0.0568, 0.0723, 0.071, 0.6445, 0.066, 0.0599, 0.0295], [0.0758, 0.0333, 0.0351, 0.7376, 0.042, 0.0443, 0.032], [0.0474, 0.0621, 0.0514, 0.6727, 0.0516, 0.0735, 0.0413], [0.059, 0.0468, 0.0665, 0.6934, 0.045, 0.0229, 0.0664], [0.0927, 0.0942, 0.0362, 0.6255, 0.051, 0.0563, 0.044], [0.0676, 0.058, 0.0758, 0.681, 0.0564, 0.0402, 0.021], [0.0236, 0.0135, 0.0414, 0.706, 0.0804, 0.0737, 0.0614], [0.0636, 0.0319, 0.0428, 0.7273, 0.0318, 0.0697, 0.0329], [0.0712, 0.0553, 0.0516, 0.6606, 0.072, 0.0582, 0.031], [0.0618, 0.0838, 0.0401, 0.6936, 0.0173, 0.0691, 0.0343], [0.0494, 0.0376, 0.0487, 0.7836, 0.0133, 0.0174, 0.05], [0.054, 0.0371, 0.0461, 0.8007, 0.03, 0.0199, 0.0122], [0.0157, 0.0783, 0.0833, 0.7027, 0.0387, 0.069, 0.0122], [0.0845, 0.0663, 0.073, 0.5949, 0.0757, 0.0452, 0.0603], [0.0147, 0.0796, 0.016, 0.7777, 0.0236, 0.0711, 0.0173], [0.0599, 0.0239, 0.0232, 0.6644, 0.0746, 0.0786, 0.0753], [0.0274, 0.0389, 0.1012, 0.6795, 0.0399, 0.0491, 0.064], [0.0375, 0.0602, 0.0502, 0.6529, 0.0769, 0.0637, 0.0585], [0.0286, 0.0176, 0.0587, 0.7049, 0.0701, 0.0691, 0.051], [0.0314, 0.0275, 0.0455, 0.7735, 0.053, 0.0205, 0.0486], [0.0279, 0.0764, 0.0665, 0.6391, 0.063, 0.0537, 0.0734], [0.0767, 0.0718, 0.0617, 0.6442, 0.057, 0.0217, 0.0669], [0.0778, 0.0941, 0.0407, 0.7029, 0.0157, 0.0304, 0.0384], [0.0397, 0.0319, 0.0419, 0.7726, 0.028, 0.0435, 0.0424], [0.0181, 0.0322, 0.0629, 0.6944, 0.0738, 0.027, 0.0916]], "emotions": ["green", "green", "green", "green", "green", "green", "green", "green", "green", "green", "green", "green", "green", "green", "green", "green", "green", "green", "green", "green", "green", "green", "green", "green", "green", "green", "green", "green", "green", "green", "green", "green", "green", "green", "green", "green", "green", "green", "green", "green", "green", "green", "green", "green", "green", "green", "green", "green", "green", "green", "green", "green", "green", "green", "green", "green", "green", "green", "green", "green", "green", "green", "green", "green", "green", "green", "green", "green", "green", "green", "green", "green", "green", "green", "green", "green", "green", "green", "green", "green"], "timestamps": [0, 40, 80, 120, 160, 200, 240, 280, 320, 360, 400, 440, 480, 520, 560, 600, 640, 680, 720, 760, 800, 840, 880, 920, 960, 1000, 1040, 1080, 1120, 1160, 1200, 1240, 1280, 1320, 1360, 1400, 1440, 1480, 1520, 1560, 1600, 1640, 1680, 1720, 1760, 1800, 1840, 1880, 1920, 1960, 2000, 2040, 2080, 2120, 2160, 2200, 2240, 2280, 2320, 2360, 2400, 2440, 2480, 2520, 2560, 2600, 2640, 2680, 2720, 2760, 2800, 2840, 2880, 2920, 2960, 3000, 3040, 3080, 3120, 3160]}], "conversation": [], "conversation_timestamps": []}