{"agent_id": "agent-purple-1029", "type": "purple", "trips": [{"trip_id": 0, "transport_method": "car", "start_time": 0, "path": [[1.5461562, 42.5096671], [1.5445827, 42.5093117], [1.5429534, 42.5092739], [1.5419524, 42.5104314], [1.5412416, 42.5116458], [1.5397369, 42.5122174], [1.5381995, 42.512676], [1.5366091, 42.5130596], [1.535035, 42.5134618], [1.5334385, 42.5138172], [1.5320182, 42.514567], [1.5311288, 42.515371], [1.5297505, 42.5162292], [1.5283133, 42.5166587], [1.5268479, 42.5173718], [1.5254888, 42.5182519], [1.524182, 42.5192433], [1.5235573, 42.5207227], [1.5224512, 42.5218866], [1.5216212, 42.5232554], [1.5206845, 42.524591], [1.5207599, 42.5261901], [1.5208442, 42.5276852], [1.5215749, 42.5290735], [1.5213378, 42.5301714], [1.5208989, 42.5315391], [1.5211776, 42.5329947], [1.5210838, 42.5342918], [1.5223547, 42.5352626], [1.5233909, 42.5364117], [1.5249667, 42.5368144], [1.5246381, 42.5375731], [1.5232026, 42.538222], [1.5232145, 42.5398392], [1.5233826, 42.5407765], [1.5229058, 42.5422524], [1.5234152, 42.543773], [1.5240896, 42.5452484], [1.5247211, 42.5466907], [1.5251318, 42.5481602], [1.5258226, 42.5496296], [1.5266718, 42.5510331], [1.5258045, 42.5497469], [1.5256269, 42.5496453], [1.5261187, 42.5512103], [1.5266953, 42.5526997], [1.5277158, 42.5539472], [1.5286025, 42.555244], [1.5295841, 42.5564403], [1.5310291, 42.5571594], [1.5318829, 42.5581858], [1.5310868, 42.5594742], [1.5301077, 42.5607595], [1.5286277, 42.5614146], [1.5277623, 42.5627096], [1.526603, 42.5634852], [1.5252885, 42.5643927], [1.5241579, 42.565565], [1.5233719, 42.5669916], [1.5221721, 42.5680169], [1.5211294, 42.569243], [1.5208559, 42.5708526], [1.5197177, 42.5720089], [1.5186767, 42.5731974], [1.5183687, 42.5745037], [1.5186414, 42.5758615], [1.5176403, 42.5768809], [1.5181188, 42.578045], [1.5189124, 42.5793795], [1.5193493, 42.5809204], [1.5191733, 42.5825065], [1.5197147, 42.5840396], [1.5208308, 42.5852187], [1.5211531, 42.5867665], [1.5222317, 42.5878759], [1.5234537, 42.5889695], [1.5244658, 42.5902549], [1.525122, 42.5917543], [1.5256235, 42.5932297], [1.5270002, 42.5933363]], "mood_vectors": [[0.0335, 0.0446, 0.0905, 0.0566, 0.0248, 0.7241, 0.026], [0.0245, 0.0553, 0.0716, 0.0422, 0.0125, 0.7571, 0.0368], [0.0378, 0.0196, 0.0465, 0.0426, 0.0643, 0.7317, 0.0575], [0.0704, 0.1001, 0.0808, 0.028, 0.0202, 0.6814, 0.0191], [0.0334, 0.0182, 0.0234, 0.0353, 0.0328, 0.8383, 0.0186], [0.025, 0.0624, 0.0436, 0.0178, 0.0737, 0.7361, 0.0414], [0.0782, 0.0566, 0.038, 0.0617, 0.0534, 0.6796, 0.0325], [0.0198, 0.0161, 0.071, 0.0776, 0.0314, 0.7523, 0.0318], [0.0793, 0.0569, 0.0384, 0.0705, 0.0639, 0.6418, 0.0491], [0.055, 0.085, 0.0512, 0.0604, 0.0355, 0.6709, 0.0419], [0.027, 0.0313, 0.0712, 0.0319, 0.0139, 0.7607, 0.064], [0.054, 0.0492, 0.0137, 0.0542, 0.0518, 0.745, 0.0321], [0.0833, 0.0263, 0.0307, 0.0182, 0.0398, 0.7749, 0.0268], [0.0785, 0.0362, 0.0645, 0.0682, 0.0906, 0.6059, 0.0562], [0.063, 0.0408, 0.0137, 0.0447, 0.0431, 0.715, 0.0797], [0.0782, 0.0152, 0.0185, 0.0852, 0.0753, 0.6872, 0.0403], [0.0609, 0.0576, 0.0379, 0.033, 0.0439, 0.7039, 0.0629], [0.0451, 0.0226, 0.0354, 0.0199, 0.0699, 0.784, 0.023], [0.062, 0.0491, 0.0346, 0.0668, 0.0508, 0.6636, 0.0731], [0.0818, 0.0317, 0.0945, 0.0452, 0.0149, 0.7028, 0.029], [0.0509, 0.0522, 0.025, 0.0425, 0.0656, 0.718, 0.0458], [0.0361, 0.0228, 0.0221, 0.0371, 0.0691, 0.7585, 0.0542], [0.0729, 0.0375, 0.0752, 0.0546, 0.0583, 0.6383, 0.0632], [0.0442, 0.0841, 0.0813, 0.0459, 0.0659, 0.6262, 0.0524], [0.0617, 0.035, 0.045, 0.0395, 0.0238, 0.7441, 0.0509], [0.0483, 0.0401, 0.0406, 0.0394, 0.0177, 0.7774, 0.0364], [0.0563, 0.0548, 0.0268, 0.0431, 0.0734, 0.7118, 0.0338], [0.0736, 0.0593, 0.0717, 0.0452, 0.0225, 0.6993, 0.0284], [0.0211, 0.0786, 0.0552, 0.0839, 0.0552, 0.6907, 0.0154], [0.0807, 0.0871, 0.0604, 0.0243, 0.0528, 0.6504, 0.0443], [0.0918, 0.0846, 0.024, 0.0194, 0.0544, 0.701, 0.0248], [0.0725, 0.0646, 0.0618, 0.0519, 0.0413, 0.6393, 0.0686], [0.0757, 0.0609, 0.0163, 0.0617, 0.0496, 0.6754, 0.0603], [0.0174, 0.0973, 0.02, 0.0275, 0.0861, 0.7053, 0.0465], [0.0235, 0.0392, 0.0752, 0.0312, 0.0347, 0.7206, 0.0755], [0.0455, 0.0321, 0.0864, 0.0491, 0.0352, 0.6875, 0.0641], [0.0159, 0.0165, 0.0474, 0.0683, 0.0633, 0.7173, 0.0714], [0.032, 0.0651, 0.0783, 0.0468, 0.0826, 0.6743, 0.0209], [0.0737, 0.0466, 0.0754, 0.0466, 0.0623, 0.6706, 0.0247], [0.0666, 0.0282, 0.0332, 0.0147, 0.0516, 0.7458, 0.06], [0.0333, 0.0591, 0.0225, 0.0751, 0.0749, 0.6862, 0.0489], [0.0392, 0.0525, 0.022, 0.0901, 0.0239, 0.7034, 0.0688], [0.0161, 0.0542, 0.1019, 0.0444, 0.0328, 0.668, 0.0826], [0.016, 0.0491, 0.0277, 0.0355, 0.0665, 0.7259, 0.0793], [0.0283, 0.0806, 0.0754, 0.0423, 0.012, 0.7444, 0.017], [0.0707, 0.0305, 0.0416, 0.0787, 0.034, 0.7096, 0.0349], [0.0241, 0.0282, 0.0332, 0.0779, 0.0216, 0.7957, 0.0193], [0.0759, 0.0608, 0.0485, 0.0482, 0.0686, 0.6332, 0.0647], [0.0699, 0.0783, 0.0416, 0.0451, 0.0723, 0.6758, 0.0169], [0.0711, 0.013, 0.0636, 0.0636, 0.0474, 0.6895, 0.0519], [0.0683, 0.0706, 0.0852, 0.0351, 0.0372, 0.6276, 0.0759], [0.0698, 0.0116, 0.0209, 0.0785, 0.0642, 0.7221, 0.0329], [0.0621, 0.0266, 0.0557, 0.0404, 0.0347, 0.7622, 0.0183], [0.0834, 0.0785, 0.0203, 0.0222, 0.0655, 0.6724, 0.0577], [0.0479, 0.0151, 0.0408, 0.0771, 0.0164, 0.7754, 0.0273], [0.0419, 0.0365, 0.0316, 0.0853, 0.0341, 0.6729, 0.0976], [0.0364, 0.0594, 0.0677, 0.0606, 0.0562, 0.6905, 0.0292], [0.0499, 0.0633, 0.0767, 0.0744, 0.0314, 0.6523, 0.052], [0.0254, 0.035, 0.0731, 0.0549, 0.0366, 0.727, 0.048], [0.0223, 0.0301, 0.075, 0.0687, 0.0652, 0.6623, 0.0764], [0.0774, 0.0622, 0.0608, 0.0388, 0.0525, 0.6505, 0.0577], [0.0572, 0.0909, 0.0443, 0.0173, 0.0645, 0.7073, 0.0185], [0.0493, 0.0201, 0.0747, 0.0488, 0.0528, 0.6705, 0.0838], [0.0485, 0.0391, 0.0352, 0.0697, 0.0714, 0.7087, 0.0275], [0.0168, 0.0766, 0.0507, 0.0405, 0.0191, 0.7783, 0.0181], [0.047, 0.0655, 0.0353, 0.0335, 0.076, 0.6947, 0.0479], [0.0624, 0.042, 0.0444, 0.0516, 0.0544, 0.7315, 0.0138], [0.0719, 0.0641, 0.0641, 0.0576, 0.0642, 0.6617, 0.0164], [0.0325, 0.0226, 0.0184, 0.0172, 0.0638, 0.8171, 0.0284], [0.0411, 0.0449, 0.0635, 0.0534, 0.0481, 0.7015, 0.0474], [0.0361, 0.0627, 0.0267, 0.0474, 0.0759, 0.7269, 0.0243], [0.0799, 0.0128, 0.0464, 0.0594, 0.0275, 0.6978, 0.0763], [0.0428, 0.0148, 0.0735, 0.0649, 0.0323, 0.7003, 0.0714], [0.068, 0.0341, 0.0542, 0.0431, 0.0676, 0.7102, 0.0229], [0.0701, 0.0338, 0.019, 0.0235, 0.0195, 0.7683, 0.0659], [0.0294, 0.0418, 0.0761, 0.0456, 0.0739, 0.6675, 0.0657], [0.0403, 0.0293, 0.0361, 0.0509, 0.0705, 0.6989, 0.0739], [0.0613, 0.0212, 0.0615, 0.0515, 0.0151, 0.7339, 0.0554], [0.0642, 0.0602, 0.0223, 0.0674, 0.0632, 0.6822, 0.0406], [0.0721, 0.0186, 0.0539, 0.0148, 0.0784, 0.7023, 0.0599]], "emotions": ["purple", "purple", "purple", "purple", "purple", "purple", "purple", "purple", "purple", "purple", "purple", "purple", "purple", "purple", "purple", "purple", "purple", "purple", "purple", "purple", "purple", "purple", "purple", "purple", "purple", "purple", "purple", "purple", "purple", "purple", "purple", "purple", "purple", "purple", "purple", "purple", "purple", "purple", "purple", "purple", "purple", "purple", "purple", "purple", "purple", "purple", "purple", "purple", "purple", "purple", "purple", "purple", "purple", "purple", "purple", "purple", "purple", "purple", "purple", "purple", "purple", "purple", "purple", "purple", "purple", "purple", "purple", "purple", "purple", "purple", "purple", "purple", "purple", "purple", "purple", "purple", "purple", "purple", "purple", "purple"], "timestamps": [0, 40, 80, 120, 160, 200, 240, 280, 320, 360, 400, 440, 480, 520, 560, 600, 640, 680, 720, 760, 800, 840, 880, 920, 960, 1000, 1040, 1080, 1120, 1160, 1200, 1240, 1280, 1320, 1360, 1400, 1440, 1480, 1520, 1560, 1600, 1640, 1680, 1720, 1760, 1800, 1840, 1880, 1920, 1960, 2000, 2040, 2080, 2120, 2160, 2200, 2240, 2280, 2320, 2360, 2400, 2440, 2480, 2520, 2560, 2600, 2640, 2680, 2720, 2760, 2800, 2840, 2880, 2920, 2960, 3000, 3040, 3080, 3120, 3160]}], "conversation": [], "conversation_timestamps": []}