{"agent_id": "agent-green-1697", "type": "green", "trips": [{"trip_id": 0, "transport_method": "bicycle", "start_time": 0, "path": [[1.5270769, 42.506642], [1.5269664, 42.5065238], [1.5268558, 42.5064056], [1.5267453, 42.5062875], [1.5266347, 42.5061693], [1.5266641, 42.5061961], [1.5267783, 42.5063108], [1.5268924, 42.5064255], [1.5270066, 42.5065402], [1.527122, 42.5066528], [1.5272747, 42.5067063], [1.5274186, 42.5067784], [1.5275395, 42.5068856], [1.5276376, 42.507014], [1.5277329, 42.5071449], [1.5278666, 42.5072265], [1.5280165, 42.5072875], [1.5281504, 42.5073773], [1.5282815, 42.5074721], [1.5284126, 42.507567], [1.5285438, 42.5076618], [1.5286733, 42.5077587], [1.5287993, 42.5078602], [1.5289111, 42.507959], [1.5290512, 42.5080401], [1.5291912, 42.5081211], [1.529326, 42.5082093], [1.5294434, 42.5083206], [1.5295608, 42.5084319], [1.5295961, 42.5084847], [1.5294537, 42.5084079], [1.5293149, 42.5083248], [1.5292943, 42.5081962], [1.5294154, 42.508274], [1.5295432, 42.5083733], [1.529671, 42.5084725], [1.5297988, 42.5085717], [1.5299313, 42.5086637], [1.5300748, 42.5087385], [1.5302191, 42.5088117], [1.5303649, 42.5088818], [1.5305175, 42.5088932], [1.5306755, 42.508858], [1.5307969, 42.5088651], [1.5308091, 42.5090114], [1.5309597, 42.5090706], [1.5311103, 42.5091297], [1.531261, 42.5091889], [1.5314116, 42.5092481], [1.5315654, 42.5092979], [1.5317149, 42.5093569], [1.5318548, 42.5094382], [1.5319948, 42.5095194], [1.5321366, 42.5095964], [1.5322914, 42.5096435], [1.5324491, 42.5096789], [1.5326095, 42.5097002], [1.5327705, 42.5097158], [1.5329317, 42.5097296], [1.5330919, 42.5097524], [1.5332501, 42.5097866], [1.5334057, 42.509831], [1.5335589, 42.5098828], [1.5337097, 42.5099416], [1.53385, 42.5100218], [1.5339837, 42.5101128], [1.5341139, 42.5102089], [1.5342434, 42.5103059], [1.5343731, 42.5104027], [1.5345029, 42.5104994], [1.534634, 42.5105941], [1.5347668, 42.5106865], [1.5348997, 42.5107789], [1.5350113, 42.5107831], [1.5351337, 42.5106774], [1.5352635, 42.5105849], [1.5353512, 42.5105113], [1.535361, 42.5104052], [1.5354984, 42.5103227], [1.5356405, 42.5102454]], "mood_vectors": [[0.0633, 0.074, 0.0465, 0.0466, 0.0468, 0.0728, 0.65], [0.0534, 0.0386, 0.0286, 0.0621, 0.0751, 0.0439, 0.6984], [0.0331, 0.0418, 0.0317, 0.0623, 0.078, 0.0663, 0.6868], [0.0381, 0.0201, 0.044, 0.0633, 0.0295, 0.0403, 0.7648], [0.0774, 0.0672, 0.0227, 0.0429, 0.0314, 0.0501, 0.7083], [0.0716, 0.0429, 0.0734, 0.067, 0.037, 0.0714, 0.6367], [0.0247, 0.0403, 0.0304, 0.0846, 0.065, 0.0735, 0.6815], [0.0457, 0.0258, 0.0574, 0.0683, 0.0579, 0.0249, 0.72], [0.071, 0.056, 0.0256, 0.0487, 0.0319, 0.0478, 0.7189], [0.0306, 0.059, 0.0207, 0.0706, 0.0627, 0.0464, 0.71], [0.0357, 0.0261, 0.0663, 0.0249, 0.0377, 0.0386, 0.7707], [0.0636, 0.0383, 0.0857, 0.042, 0.0752, 0.0679, 0.6273], [0.0308, 0.0508, 0.0736, 0.0486, 0.0289, 0.0467, 0.7206], [0.0487, 0.0948, 0.0293, 0.0804, 0.0449, 0.0909, 0.6109], [0.0301, 0.0458, 0.0894, 0.0276, 0.0365, 0.0228, 0.7478], [0.0179, 0.0617, 0.0543, 0.018, 0.0519, 0.0813, 0.7149], [0.0543, 0.0657, 0.0137, 0.0636, 0.0739, 0.0196, 0.7092], [0.085, 0.02, 0.0659, 0.0417, 0.0421, 0.0622, 0.6832], [0.0705, 0.0443, 0.0561, 0.0785, 0.0275, 0.0757, 0.6474], [0.0202, 0.0169, 0.0706, 0.0614, 0.0835, 0.0558, 0.6915], [0.0924, 0.0896, 0.0371, 0.0801, 0.0542, 0.0296, 0.617], [0.078, 0.0367, 0.0384, 0.0215, 0.0362, 0.0622, 0.7271], [0.0173, 0.0423, 0.0565, 0.051, 0.0259, 0.0147, 0.7923], [0.0619, 0.0257, 0.0675, 0.0259, 0.064, 0.0604, 0.6947], [0.0725, 0.0177, 0.0526, 0.0677, 0.0196, 0.0614, 0.7085], [0.0636, 0.0306, 0.0877, 0.0521, 0.0203, 0.0419, 0.7038], [0.0439, 0.0839, 0.056, 0.049, 0.0257, 0.0587, 0.6828], [0.0179, 0.0247, 0.0257, 0.0783, 0.0488, 0.0386, 0.7661], [0.0481, 0.0491, 0.0407, 0.0656, 0.0537, 0.0487, 0.6941], [0.0316, 0.032, 0.0712, 0.0499, 0.0724, 0.0366, 0.7062], [0.0518, 0.0607, 0.0413, 0.0269, 0.0862, 0.0425, 0.6905], [0.0147, 0.023, 0.0386, 0.0651, 0.0456, 0.0631, 0.7499], [0.067, 0.0519, 0.0531, 0.0654, 0.0526, 0.0338, 0.6762], [0.0869, 0.0763, 0.0733, 0.0695, 0.0885, 0.0524, 0.5531], [0.0524, 0.0503, 0.0519, 0.0747, 0.0647, 0.053, 0.6529], [0.0569, 0.0732, 0.0372, 0.0776, 0.0349, 0.0849, 0.6353], [0.0638, 0.0412, 0.032, 0.0651, 0.0606, 0.0232, 0.7141], [0.0681, 0.0291, 0.0769, 0.0282, 0.0826, 0.0807, 0.6344], [0.0563, 0.0435, 0.0282, 0.0517, 0.0842, 0.0188, 0.7173], [0.039, 0.0646, 0.0509, 0.0788, 0.0182, 0.0675, 0.681], [0.046, 0.0723, 0.0505, 0.0208, 0.0211, 0.0549, 0.7344], [0.0157, 0.0353, 0.0194, 0.0481, 0.0361, 0.1047, 0.7406], [0.0164, 0.0666, 0.0746, 0.0594, 0.0164, 0.0646, 0.702], [0.0471, 0.0164, 0.0551, 0.0125, 0.0268, 0.042, 0.8], [0.0202, 0.0741, 0.0663, 0.0439, 0.0813, 0.0233, 0.691], [0.0274, 0.0156, 0.0343, 0.0483, 0.0545, 0.0389, 0.781], [0.0326, 0.0634, 0.0723, 0.0114, 0.0366, 0.0201, 0.7637], [0.0552, 0.0985, 0.0932, 0.0231, 0.0594, 0.0231, 0.6475], [0.0902, 0.0276, 0.0511, 0.0914, 0.0169, 0.0825, 0.6402], [0.0218, 0.0469, 0.0388, 0.0387, 0.0214, 0.012, 0.8204], [0.0167, 0.0574, 0.0529, 0.0571, 0.0251, 0.0507, 0.7402], [0.0203, 0.0733, 0.0286, 0.0358, 0.0478, 0.0672, 0.7271], [0.0763, 0.036, 0.0381, 0.0309, 0.0679, 0.0254, 0.7254], [0.0195, 0.0409, 0.0132, 0.0497, 0.0851, 0.0434, 0.7481], [0.0632, 0.0569, 0.079, 0.0208, 0.0701, 0.0424, 0.6677], [0.0519, 0.0611, 0.0598, 0.0583, 0.0752, 0.0814, 0.6123], [0.0783, 0.0555, 0.0788, 0.042, 0.0162, 0.0221, 0.7071], [0.0364, 0.0192, 0.0504, 0.0922, 0.0203, 0.0592, 0.7223], [0.0468, 0.0906, 0.0184, 0.0674, 0.0264, 0.0753, 0.6752], [0.0638, 0.068, 0.0188, 0.0508, 0.056, 0.0621, 0.6805], [0.0864, 0.0717, 0.0346, 0.087, 0.0488, 0.0633, 0.6083], [0.023, 0.0663, 0.0755, 0.019, 0.019, 0.0731, 0.7241], [0.0247, 0.0531, 0.0865, 0.0443, 0.0824, 0.0284, 0.6807], [0.0475, 0.0719, 0.0332, 0.0494, 0.0247, 0.0119, 0.7614], [0.0263, 0.0257, 0.0167, 0.0683, 0.0962, 0.0432, 0.7236], [0.0805, 0.0568, 0.059, 0.0829, 0.0153, 0.0592, 0.6463], [0.0219, 0.0601, 0.0449, 0.0157, 0.0392, 0.0475, 0.7706], [0.0918, 0.0743, 0.0333, 0.0587, 0.0493, 0.0616, 0.6309], [0.0271, 0.0748, 0.0661, 0.0599, 0.0277, 0.0389, 0.7055], [0.0414, 0.0783, 0.037, 0.0406, 0.0382, 0.0214, 0.743], [0.0176, 0.0411, 0.0824, 0.027, 0.0301, 0.0249, 0.7769], [0.0459, 0.0703, 0.0747, 0.0321, 0.0508, 0.061, 0.6653], [0.0658, 0.0234, 0.0292, 0.0514, 0.0723, 0.076, 0.682], [0.0631, 0.0837, 0.0812, 0.0766, 0.0505, 0.0379, 0.6071], [0.0788, 0.043, 0.035, 0.0845, 0.0643, 0.0391, 0.6553], [0.0676, 0.0777, 0.0831, 0.0237, 0.0798, 0.0499, 0.6183], [0.0178, 0.0481, 0.0645, 0.0569, 0.012, 0.0714, 0.7293], [0.033, 0.0402, 0.0214, 0.0792, 0.0506, 0.034, 0.7416], [0.0846, 0.0229, 0.0715, 0.0723, 0.0853, 0.0496, 0.6137], [0.0145, 0.0195, 0.0519, 0.0274, 0.067, 0.0462, 0.7736]], "emotions": ["purple", "purple", "purple", "purple", "purple", "purple", "purple", "purple", "purple", "purple", "purple", "purple", "purple", "purple", "purple", "purple", "purple", "purple", "purple", "purple", "purple", "purple", "purple", "purple", "purple", "purple", "purple", "purple", "purple", "purple", "purple", "purple", "purple", "purple", "purple", "purple", "purple", "purple", "purple", "purple", "purple", "purple", "purple", "purple", "purple", "purple", "purple", "purple", "purple", "purple", "purple", "purple", "purple", "purple", "purple", "purple", "purple", "purple", "purple", "purple", "purple", "purple", "purple", "purple", "purple", "purple", "purple", "purple", "purple", "purple", "purple", "purple", "purple", "purple", "purple", "purple", "purple", "purple", "purple", "purple"], "timestamps": [0, 40, 80, 120, 160, 200, 240, 280, 320, 360, 400, 440, 480, 520, 560, 600, 640, 680, 720, 760, 800, 840, 880, 920, 960, 1000, 1040, 1080, 1120, 1160, 1200, 1240, 1280, 1320, 1360, 1400, 1440, 1480, 1520, 1560, 1600, 1640, 1680, 1720, 1760, 1800, 1840, 1880, 1920, 1960, 2000, 2040, 2080, 2120, 2160, 2200, 2240, 2280, 2320, 2360, 2400, 2440, 2480, 2520, 2560, 2600, 2640, 2680, 2720, 2760, 2800, 2840, 2880, 2920, 2960, 3000, 3040, 3080, 3120, 3160]}], "conversation": [], "conversation_timestamps": []}