{
  "agent_id": "agent-type-purple-8",
  "type": "purple",
  "trips": [
    {
      "trip_id": 0,
      "transport_method": "foot",
      "start_time": 0,
      "path": [
        [
          1.5183414,
          42.50837979999999
        ],
        [
          1.5191232020092729,
          42.508022240705685
        ],
        [
          1.5196113751960252,
          42.50820839120152
        ],
        [
          1.5196723514179182,
          42.50855191792846
        ],
        [
          1.5196463199660781,
          42.50776686814414
        ],
        [
          1.5204380351182136,
          42.50759573559258
        ],
        [
          1.5211975337013528,
          42.507999540738176
        ],
        [
          1.5215214683105716,
          42.508436971241046
        ],
        [
          1.5221559038481138,
          42.50839439605328
        ],
        [
          1.522982682342062,
          42.508320863378046
        ],
        [
          1.5230518038554832,
          42.50818168652907
        ],
        [
          1.5236271104303185,
          42.50775635297383
        ],
        [
          1.5234924021446592,
          42.50779153112637
        ],
        [
          1.522648834674035,
          42.50763278840683
        ],
        [
          1.5221772777525209,
          42.50697099713074
        ],
        [
          1.5217287409838975,
          42.50635532753182
        ],
        [
          1.5225594910930516,
          42.50644999291349
        ],
        [
          1.5233962393745497,
          42.50664942122788
        ],
        [
          1.5242328564949852,
          42.50681404014095
        ],
        [
          1.5245108076134237,
          42.50620806961327
        ],
        [
          1.5241318668938506,
          42.506774005191154
        ],
        [
          1.523455738602427,
          42.50650523194534
        ],
        [
          1.52381267021372,
          42.50572259590239
        ],
        [
          1.5237041981749873,
          42.505960440140555
        ],
        [
          1.523269186235372,
          42.506570599703906
        ],
        [
          1.5224398588299117,
          42.506349667482326
        ],
        [
          1.5217692873921689,
          42.505990474978454
        ],
        [
          1.5219855700803473,
          42.505157932960735
        ],
        [
          1.5223420805963128,
          42.50455426109651
        ],
        [
          1.5231958200812277,
          42.5046593713672
        ],
        [
          1.5240013000000001,
          42.5047582
        ]
      ],
      "emotions": [
        "green",
        "green",
        "green",
        "green",
        "green",
        "red",
        "red",
        "red",
        "red",
        "red",
        "purple",
        "purple",
        "purple",
        "purple",
        "purple",
        "green",
        "green",
        "green",
        "green",
        "green",
        "purple",
        "purple",
        "purple",
        "purple",
        "purple",
        "green",
        "green",
        "green",
        "green",
        "green",
        "purple"
      ],
      "mood_vectors": [
        [
          0.22500645581995773,
          0.28704399527795144,
          0.04684480342828289,
          0.011723253987945303,
          0.046819204283096744,
          0.21509985383220348,
          0.16746243337056246
        ],
        [
          0.19152373486676186,
          0.07399080253575047,
          0.18253051328616082,
          0.1965293227661848,
          0.12129860873259445,
          0.18516563725098334,
          0.04896138056156422
        ],
        [
          0.3318302596772143,
          0.056180499278828205,
          0.17434600430299574,
          0.0635644376678902,
          0.06465610793267579,
          0.24978492958782583,
          0.059637761552569904
        ],
        [
          0.278254532551808,
          0.07866444113019738,
          0.036028687356935554,
          0.09118739302092976,
          0.3277064122250165,
          0.08313742288652112,
          0.10502111082859175
        ],
        [
          0.23399036065294745,
          0.2835759113797454,
          0.04495231983247965,
          0.10096701690956304,
          0.16165031575221,
          0.16723102468980713,
          0.007633050783247291
        ],
        [
          0.11212609428432439,
          0.01136832770728711,
          0.12001586472815687,
          0.17382795393170156,
          0.1983786392838504,
          0.14866977140920434,
          0.2356133486554753
        ],
        [
          0.01293444220533276,
          0.2634785008613013,
          0.0226565407826655,
          0.22795835695387998,
          0.2988439338735502,
          0.16920128707148996,
          0.004926938251780247
        ],
        [
          0.17466205210055752,
          0.20733788798453598,
          0.09213595093048221,
          0.15680792438379348,
          0.20148909208751864,
          0.13789184910787583,
          0.029675243405236248
        ],
        [
          0.23879604045242328,
          0.03320615259711295,
          0.22541104638306947,
          0.12317563693920665,
          0.08042904383575797,
          0.20667795496347663,
          0.09230412482895309
        ],
        [
          0.00764023585630055,
          0.14071370510500014,
          0.2992699967581125,
          0.1854636015461214,
          0.0015643832705324206,
          0.12301909172666711,
          0.2423289857372659
        ],
        [
          0.15752777599101525,
          0.17744921726090876,
          0.1338952957383694,
          0.01907894383891028,
          0.23343938597938443,
          0.07972813125341105,
          0.1988812499380008
        ],
        [
          0.34053989453946265,
          0.10735105821180725,
          0.08430809782249286,
          0.06545489836461409,
          0.14923330535606497,
          0.2162187211614365,
          0.03689402454412169
        ],
        [
          0.10047395586168585,
          0.09953871794924771,
          0.16546364292813398,
          0.19229069196105367,
          0.14235755474196782,
          0.21229844444889792,
          0.08757699210901311
        ],
        [
          0.2880126245673455,
          0.2631991437701198,
          0.06408425355357632,
          0.21886470243297693,
          0.0700176596799811,
          0.0008050784359614358,
          0.09501653756003886
        ],
        [
          0.09185013067241422,
          0.07517587345955624,
          0.133477082673125,
          0.18222831840156406,
          0.19972990026589546,
          0.1957411607340474,
          0.12179753379339761
        ],
        [
          0.2833298996586336,
          0.04134899200203892,
          0.013085674225143338,
          0.1127541450407057,
          0.30154297057910573,
          0.22217279828224004,
          0.025765520212132652
        ],
        [
          0.2012680809276577,
          0.05530720457110097,
          0.09838174508137477,
          0.1929370040874641,
          0.20079685532910202,
          0.10177875215896154,
          0.14953035784433888
        ],
        [
          0.08760814197884557,
          0.16885899649991865,
          0.11043968460791813,
          0.18497515157674338,
          0.20206965462981413,
          0.20832924122018873,
          0.03771912948657138
        ],
        [
          0.24341074921099562,
          0.13244367302519533,
          0.12228352524747627,
          0.2871446877397522,
          0.009901610275569475,
          0.14900976875852512,
          0.055805985742485985
        ],
        [
          0.039672217858929826,
          0.06611515575853501,
          0.15461333431557625,
          0.12086560964912225,
          0.33182138061353134,
          0.19538683479254196,
          0.09152546701176334
        ],
        [
          0.11595938414690853,
          0.05088343702711236,
          0.2413339428674678,
          0.16096762401667053,
          0.17877677265677158,
          0.09959314400503902,
          0.15248569528003014
        ],
        [
          0.1820457169249616,
          0.21224213782239412,
          0.23205557494096987,
          0.11814720337735295,
          0.12567405908178506,
          0.05669378801522386,
          0.07314151983731262
        ],
        [
          0.25801974963380897,
          0.016468521318966794,
          0.15857905465985242,
          0.09228966371328064,
          0.006087111154476583,
          0.1304181799444077,
          0.33813771957520683
        ],
        [
          0.2297002719936031,
          0.2727028452787946,
          0.010253997382000448,
          0.17371124765197482,
          0.04897411317247484,
          0.00724062935429261,
          0.2574168951668595
        ],
        [
          0.16707127626446475,
          0.12446328755261885,
          0.20393598390277146,
          0.08741193384212648,
          0.10420973042392502,
          0.20516426508784674,
          0.10774352292624673
        ],
        [
          0.20798003973780926,
          0.1615307892727612,
          0.0695379974370912,
          0.057972082383400424,
          0.21482918826024308,
          0.06968351766131736,
          0.21846638524737738
        ],
        [
          0.23415815847305296,
          0.11038493127859637,
          0.26646146112647673,
          0.02106574241655235,
          0.08691290765417524,
          0.27256762395128564,
          0.008449175099860725
        ],
        [
          0.15482969016405607,
          0.21937906600942486,
          0.08998063383185083,
          0.2029533087932645,
          0.0017593546610814807,
          0.1655437617644119,
          0.16555418477591025
        ],
        [
          0.09282007807298011,
          0.1685231046115921,
          0.21445153462100738,
          0.2392386622359577,
          0.038562669608135126,
          0.014825490450850512,
          0.23157846039947705
        ],
        [
          0.06958093854883883,
          0.055061793937572975,
          0.24412191394735439,
          0.19795373868461769,
          0.24817781219382554,
          0.1382211938735018,
          0.04688260881428878
        ],
        [
          0.3326891445619683,
          0.05928198026875784,
          0.04365596148860126,
          0.3125815163133236,
          0.04987175691077012,
          0.1085323937743758,
          0.09338724668220304
        ]
      ],
      "timestamps": [
        0,
        1,
        2,
        3,
        4,
        5,
        6,
        7,
        8,
        9,
        10,
        11,
        12,
        13,
        14,
        15,
        16,
        17,
        18,
        19,
        20,
        21,
        22,
        23,
        24,
        25,
        26,
        27,
        28,
        29,
        30
      ],
      "distance": 1022.8
    },
    {
      "trip_id": 1,
      "transport_method": "bicycle",
      "start_time": 31,
      "path": [
        [
          1.5240013000000001,
          42.5047582
        ],
        [
          1.5240489024733088,
          42.504767726975594
        ],
        [
          1.5240965049466173,
          42.50477725395119
        ],
        [
          1.524144107419926,
          42.504786780926786
        ],
        [
          1.5241922305571383,
          42.50479309985557
        ],
        [
          1.5242404026684704,
          42.50479911703256
        ],
        [
          1.5242885747798025,
          42.50480513420955
        ],
        [
          1.5243367468911346,
          42.504811151386534
        ],
        [
          1.5243849190024668,
          42.50481716856353
        ],
        [
          1.5244330911137989,
          42.50482318574051
        ],
        [
          1.524481263225131,
          42.504829202917506
        ],
        [
          1.5245294353364631,
          42.50483522009449
        ],
        [
          1.524577607447795,
          42.50484123727148
        ],
        [
          1.5246257795591271,
          42.50484725444847
        ],
        [
          1.5246739516704593,
          42.50485327162546
        ],
        [
          1.5247221237817914,
          42.50485928880244
        ],
        [
          1.5247702958931235,
          42.504865305979436
        ],
        [
          1.5248184680044556,
          42.50487132315642
        ],
        [
          1.5248666401157878,
          42.504877340333415
        ],
        [
          1.5249148122271197,
          42.5048833575104
        ],
        [
          1.5249629843384518,
          42.50488937468739
        ],
        [
          1.525011156449784,
          42.50489539186438
        ],
        [
          1.525059328561116,
          42.504901409041366
        ],
        [
          1.5251075006724482,
          42.50490742621835
        ],
        [
          1.5251556893830363,
          42.504913308424676
        ],
        [
          1.5251979614804783,
          42.50492288151077
        ],
        [
          1.525182500000001,
          42.504968899999994
        ]
      ],
      "emotions": [
        "purple",
        "purple",
        "purple",
        "purple",
        "red",
        "red",
        "red",
        "red",
        "red",
        "green",
        "green",
        "green",
        "green",
        "green",
        "purple",
        "purple",
        "purple",
        "purple",
        "purple",
        "red",
        "red",
        "red",
        "red",
        "red",
        "green",
        "green",
        "green"
      ],
      "mood_vectors": [
        [
          0.2553123227959377,
          0.15439471018533643,
          0.031113860588858587,
          0.01690537991850386,
          0.08092393598641413,
          0.2375422836903757,
          0.22380750683457362
        ],
        [
          0.24285786749219035,
          0.03802504092952542,
          0.09709972994707836,
          0.03836814286983565,
          0.17706898925723408,
          0.19740304868115582,
          0.20917718082298034
        ],
        [
          0.08963767392833684,
          0.14212629365380014,
          0.1666247935937025,
          0.005192275456667799,
          0.2242949807462782,
          0.10358571749896742,
          0.26853826512224704
        ],
        [
          0.130415495397313,
          0.19502763114489508,
          0.06463929670583807,
          0.16169857650835381,
          0.19841479343910212,
          0.16502322008607753,
          0.08478098671842033
        ],
        [
          0.08579261363774701,
          0.18412901895550196,
          0.11656201023273467,
          0.21724001018880063,
          0.2084343742382669,
          0.040542276531703114,
          0.14729969621524572
        ],
        [
          0.1374522468968141,
          0.17867648040310907,
          0.1911102375246168,
          0.10464828033692568,
          0.17400823313406177,
          0.1525124729364879,
          0.06159204876798462
        ],
        [
          0.038491679781704514,
          0.11505987982778647,
          0.22980417115194604,
          0.1269751550636066,
          0.10661045182982665,
          0.06060016748187348,
          0.32245849486325623
        ],
        [
          0.1380828597431628,
          0.01068006485305134,
          0.2619645243820283,
          0.023201544906441395,
          0.22291184305228404,
          0.1091885604164064,
          0.23397060264662572
        ],
        [
          0.13574641470655488,
          0.1591943654385976,
          0.15532234588974744,
          0.2097637667742698,
          0.1939491842700186,
          0.12368885588647063,
          0.022335067034341082
        ],
        [
          0.2122342911434723,
          0.17398398277752805,
          0.11150337391790552,
          0.15891768989697355,
          0.14922693695129577,
          0.03297070672033877,
          0.1611630185924861
        ],
        [
          0.17583069506060145,
          0.17955650642856794,
          0.18539668190712905,
          0.0464056942947636,
          0.17499076753568438,
          0.1840824556563622,
          0.05373719911689139
        ],
        [
          0.20986489912658313,
          0.1409670273355589,
          0.2902008550399962,
          0.036293885237685175,
          0.062158767886164236,
          0.13900659459347384,
          0.12150797078053859
        ],
        [
          0.010020808616690068,
          0.008366251523188695,
          0.21383582347598298,
          0.28055839573502,
          0.07763181861594266,
          0.12966851475058577,
          0.2799183872825898
        ],
        [
          0.04972759607295752,
          0.14924333025200606,
          0.18705507278649802,
          0.20204099390015245,
          0.1760074731906939,
          0.11004173161975477,
          0.12588380217793718
        ],
        [
          0.055982025667031206,
          0.3290439984424258,
          0.01237165481907866,
          0.3185791738681796,
          0.08023451017490382,
          0.057080501861768745,
          0.14670813516661213
        ],
        [
          0.03100921010721615,
          0.3607496858682736,
          0.03952800428973813,
          0.032332092213594205,
          0.28701956796737693,
          0.11010804937896572,
          0.13925339017483526
        ],
        [
          0.1775711932386462,
          0.007017903626787417,
          0.13957690395524378,
          0.07393626786441197,
          0.1937487129872871,
          0.3068288192454748,
          0.10132019908214882
        ],
        [
          0.23284806128757893,
          0.01929188549406554,
          0.25008331052448013,
          0.07216619586478354,
          0.18144648355765075,
          0.07829721714114808,
          0.165866846130293
        ],
        [
          0.11739064930396596,
          0.16883342622673783,
          0.022533575683225077,
          0.024197549973946568,
          0.2444012365192553,
          0.2808627169797807,
          0.14178084531308863
        ],
        [
          0.112186439553197,
          0.2422406746901789,
          0.038338586944908624,
          0.06624662352979438,
          0.2054997729060061,
          0.11059105492935976,
          0.22489684744655528
        ],
        [
          0.04771729277750702,
          0.06033750153445466,
          0.21045626771919948,
          0.11787072404724686,
          0.21148753291064865,
          0.17617087488267458,
          0.17595980612826884
        ],
        [
          0.2543434950614337,
          0.19631109961766113,
          0.0149545969074252,
          0.1644625767711495,
          0.1632632594076571,
          0.1366603376860275,
          0.07000463454864582
        ],
        [
          0.11320167168854312,
          0.05913064037467436,
          0.17319663613089037,
          0.07676269983666753,
          0.18799272970471198,
          0.1959107688718429,
          0.19380485339266984
        ],
        [
          0.06041141264588842,
          0.0991716930022577,
          0.1644879309359757,
          0.0636740747871892,
          0.29912069538089653,
          0.22710658857799823,
          0.08602760466979417
        ],
        [
          0.10730471030733231,
          0.29261882760645724,
          0.01626156762808169,
          0.01651131901406768,
          0.17477289599509654,
          0.1284701140416415,
          0.26406056540732303
        ],
        [
          0.21403497360019125,
          0.1570034636182245,
          0.04717333500646107,
          0.10220644190348285,
          0.21145910824854888,
          0.14707629560040053,
          0.12104638202269093
        ],
        [
          0.008087409946731537,
          0.27516828979066793,
          0.21823292848376902,
          0.001545052461887806,
          0.2198281519507749,
          0.14490765476593828,
          0.1322305126002306
        ]
      ],
      "timestamps": [
        31,
        32,
        33,
        34,
        35,
        36,
        37,
        38,
        39,
        40,
        41,
        42,
        43,
        44,
        45,
        46,
        47,
        48,
        49,
        50,
        51,
        52,
        53,
        54,
        55,
        56,
        57
      ],
      "distance": 165.7
    },
    {
      "trip_id": 2,
      "transport_method": "foot",
      "start_time": 58,
      "path": [
        [
          1.525182500000001,
          42.504968899999994
        ],
        [
          1.524520012448921,
          42.50483404308189
        ],
        [
          1.523831106572954,
          42.504781712149345
        ],
        [
          1.5231058180859007,
          42.50464825892094
        ],
        [
          1.522373650577219,
          42.50455813868417
        ],
        [
          1.5220251297822915,
          42.505008790483615
        ],
        [
          1.5218378249645406,
          42.505722302097354
        ],
        [
          1.5220444174760257,
          42.50629439752241
        ],
        [
          1.5227709665293727,
          42.50641558617998
        ],
        [
          1.5234368599717005,
          42.50654662670103
        ],
        [
          1.523742963605777,
          42.50587544003859
        ],
        [
          1.5239429398301643,
          42.505447713288675
        ],
        [
          1.5236335066820479,
          42.50611544381228
        ],
        [
          1.5235942112400913,
          42.5066539152241
        ],
        [
          1.5243111399231988,
          42.50678476246116
        ],
        [
          1.5244920923411167,
          42.50617420486393
        ],
        [
          1.524287770799117,
          42.50679522478867
        ],
        [
          1.5235720746331165,
          42.5066910198377
        ],
        [
          1.5228544112339648,
          42.506520286336325
        ],
        [
          1.5221368196715122,
          42.50634925031632
        ],
        [
          1.5217977871403852,
          42.50657542948692
        ],
        [
          1.5223084848867232,
          42.507107762824724
        ],
        [
          1.5229654127308918,
          42.50726772467432
        ],
        [
          1.5231639237964443,
          42.50725624907434
        ],
        [
          1.5224858644625023,
          42.50735628873232
        ],
        [
          1.523028080721496,
          42.507714547153135
        ],
        [
          1.5235587003484832,
          42.507788969680455
        ],
        [
          1.5230439540769034,
          42.50815965681755
        ],
        [
          1.5236129391763409,
          42.50857807793555
        ],
        [
          1.5237259000000005,
          42.508950799999994
        ]
      ],
      "emotions": [
        "green",
        "green",
        "purple",
        "purple",
        "purple",
        "purple",
        "purple",
        "red",
        "red",
        "red",
        "red",
        "red",
        "green",
        "green",
        "green",
        "green",
        "green",
        "red",
        "red",
        "red",
        "red",
        "red",
        "red",
        "red",
        "red",
        "red",
        "red",
        "green",
        "green",
        "green"
      ],
      "mood_vectors": [
        [
          0.12229680750758573,
          0.09378079867557179,
          0.31756452560407256,
          0.13836019523585535,
          0.23151334973749604,
          0.08988829811545174,
          0.006596025123966869
        ],
        [
          0.13797411281088992,
          0.11743752424322602,
          0.18590744889299463,
          0.33348946559123255,
          0.04431293104226521,
          0.006725010324005265,
          0.17415350709538643
        ],
        [
          0.06138776293242293,
          0.10855787167719055,
          0.18258561392728528,
          0.1018367164744631,
          0.21735803112165658,
          0.1689791482801268,
          0.15929485558685472
        ],
        [
          0.08985483182098139,
          0.2892662903926338,
          0.1665329161051158,
          0.01942719839652074,
          0.14813815811433714,
          0.2112676277186209,
          0.07551297745179013
        ],
        [
          0.10369864183844178,
          0.055218578167507845,
          0.07126909443836837,
          0.09873193884755567,
          0.19783220543727556,
          0.20263808130886238,
          0.2706114599619884
        ],
        [
          0.2141873127752173,
          0.040311311488865124,
          0.11143045260979502,
          0.2656438600378383,
          0.05137393298894155,
          0.17362366858689246,
          0.14342946151245026
        ],
        [
          0.07488131684316919,
          0.20147870802755155,
          0.20488209016702655,
          0.04337567998856255,
          0.23658810624130344,
          0.09752429051758373,
          0.141269808214803
        ],
        [
          0.268166397433804,
          0.07515330905559868,
          0.278359840007776,
          0.17207312582786793,
          0.006861113681482417,
          0.11581285140148535,
          0.08357336259198556
        ],
        [
          0.21459593641598407,
          0.046559290402275216,
          0.16815929497696622,
          0.18565781145327126,
          0.0835306136695593,
          0.1481340617800039,
          0.1533629913019401
        ],
        [
          0.13177211775645656,
          0.21035913482462676,
          0.11212721598813132,
          0.01875705995057957,
          0.13435727346952245,
          0.21277334793801986,
          0.17985385007266355
        ],
        [
          0.1245610801213485,
          0.12939669312211446,
          0.21655921494272343,
          0.16138220248488763,
          0.19293319548199947,
          0.06333507034270579,
          0.11183254350422075
        ],
        [
          0.11044418837872563,
          0.1833863409671239,
          0.24146281983342058,
          0.06076709790061829,
          0.2303247110909565,
          0.10448709365234067,
          0.06912774817681439
        ],
        [
          0.19529125709940837,
          0.14994471634077347,
          0.08468812870937492,
          0.16488566119242898,
          0.1217852295079482,
          0.16588054932133658,
          0.11752445782872942
        ],
        [
          0.04333052328675249,
          0.14670438920658357,
          0.2839504549990015,
          0.06354670568152389,
          0.011090799985894045,
          0.13897902231031406,
          0.3123981045299304
        ],
        [
          0.034282502521608985,
          0.042125176605857094,
          0.08075263206571244,
          0.23584167244084264,
          0.3311917972740082,
          0.050366393861192224,
          0.2254398252307784
        ],
        [
          0.13238608833864873,
          0.23434024203933584,
          0.2043058955942371,
          0.14682727093778022,
          0.006271581067234859,
          0.21162440808660216,
          0.06424451393616105
        ],
        [
          0.327776333552884,
          0.09885335757764245,
          0.0828298951628062,
          0.0005079670859674287,
          0.1464818100752156,
          0.05945046533322927,
          0.2841001712122551
        ],
        [
          0.06938789166045713,
          0.16124069822251483,
          0.12103974294088984,
          0.15904483304542164,
          0.19641332509326306,
          0.18121471799415434,
          0.11165879104329907
        ],
        [
          0.09065268006613442,
          0.14205266642593825,
          0.02639013205097833,
          0.21142068713004752,
          0.1915870262258447,
          0.21813416221875498,
          0.11976264588230177
        ],
        [
          0.3200303576218569,
          0.06730431012284976,
          0.05457810721590252,
          0.0636318009396276,
          0.2408856666654817,
          0.13146354653422654,
          0.12210621090005493
        ],
        [
          0.007577545297800816,
          0.2289685371869491,
          0.04941327092046942,
          0.10733566741440896,
          0.0571948362437139,
          0.2514011048966054,
          0.2981090380400524
        ],
        [
          0.08813888129571311,
          0.21144786582201827,
          0.18576218896529276,
          0.24606594296814888,
          0.07309497577925446,
          0.16914240871021882,
          0.026347736459353715
        ],
        [
          0.013956524157031453,
          0.2048215449420902,
          0.005552133820211103,
          0.3091691415647734,
          0.01487232100024974,
          0.13565331499950214,
          0.315975019516142
        ],
        [
          0.18475364203706435,
          0.18329195386719735,
          0.05177623561090662,
          0.0611269283496063,
          0.15464828158940533,
          0.24723359677814316,
          0.11716936176767692
        ],
        [
          0.23708528113160268,
          0.17446707845124734,
          0.20905013333349076,
          0.05286079518538641,
          0.2188617667663789,
          0.03347228820411292,
          0.07420265692778102
        ],
        [
          0.14710650476482295,
          0.19668474934919053,
          0.05196835015738475,
          0.15267814428838097,
          0.17946777195568026,
          0.03991862273277441,
          0.2321758567517661
        ],
        [
          0.21712733936451462,
          0.054181669064025766,
          0.24576941658630258,
          0.07713488993400858,
          0.016338528046483895,
          0.2997170926397321,
          0.08973106436493246
        ],
        [
          0.10054602646170434,
          0.1469347794904639,
          0.029233460191838215,
          0.35358931534807375,
          0.12447050404910882,
          0.13553951942050985,
          0.10968639503830115
        ],
        [
          0.05220343496040209,
          0.030280252972477516,
          0.19643415152448676,
          0.2255433988797316,
          0.03432814480183603,
          0.25228569149959673,
          0.20892492536146925
        ],
        [
          0.07421519904706922,
          0.15724706719102508,
          0.29211753265507595,
          0.12837200599451717,
          0.07877892790872429,
          0.11576736447302327,
          0.15350190273056505
        ]
      ],
      "timestamps": [
        58,
        59,
        60,
        61,
        62,
        63,
        64,
        65,
        66,
        67,
        68,
        69,
        70,
        71,
        72,
        73,
        74,
        75,
        76,
        77,
        78,
        79,
        80,
        81,
        82,
        83,
        84,
        85,
        86,
        87
      ],
      "distance": 635.2
    },
    {
      "trip_id": 3,
      "transport_method": "car",
      "start_time": 88,
      "path": [
        [
          1.5237259000000005,
          42.508950799999994
        ],
        [
          1.523745568791579,
          42.50887019896726
        ],
        [
          1.5238340211231225,
          42.50886935311643
        ],
        [
          1.5238976923390004,
          42.50880179890225
        ],
        [
          1.5239427176986367,
          42.5087376785571
        ],
        [
          1.5238591580274028,
          42.508697238763226
        ],
        [
          1.523775598356169,
          42.508656798969355
        ],
        [
          1.523692038684935,
          42.508616359175484
        ],
        [
          1.5236084790137012,
          42.50857591938161
        ],
        [
          1.5235249193424674,
          42.50853547958774
        ],
        [
          1.5234413596712335,
          42.50849503979387
        ],
        [
          1.5233577999999997,
          42.5084546
        ]
      ],
      "emotions": [
        "green",
        "green",
        "green",
        "green",
        "green",
        "green",
        "green",
        "green",
        "green",
        "green",
        "green",
        "green"
      ],
      "mood_vectors": [
        [
          0.11890212317577009,
          0.14576610280295652,
          0.0904651261939013,
          0.26387949652066434,
          0.02779011277762533,
          0.20123968182422478,
          0.15195735670485766
        ],
        [
          0.19145855328727193,
          0.06201709257947266,
          0.03752553750099476,
          0.3291505778761852,
          0.04889382510077869,
          0.002043006074216828,
          0.32891140758107995
        ],
        [
          0.23149675311255324,
          0.23369875844588897,
          0.12480242296680316,
          0.18887991355779243,
          0.0846735132905597,
          0.13513309479691651,
          0.0013155438294859601
        ],
        [
          0.13899873748822097,
          0.12252933174852747,
          0.1623008288940051,
          0.06328280391670925,
          0.2851505084361762,
          0.006206887106447696,
          0.22153090240991338
        ],
        [
          0.052370186932893394,
          0.029118110301960567,
          0.2285092461257882,
          0.24664436611128082,
          0.15670513612332823,
          0.1352507055396354,
          0.15140224886511341
        ],
        [
          0.1994725800471991,
          0.08839549485560243,
          0.02644817266877014,
          0.29239886101450685,
          0.14023111245177683,
          0.19600735991590681,
          0.05704641904623789
        ],
        [
          0.15637581368312517,
          0.1268890047708219,
          0.04808071769530862,
          0.2153520132122815,
          0.04879817609024545,
          0.2102432863743746,
          0.19426098817384277
        ],
        [
          0.026235593381288422,
          0.22384800262648377,
          0.05552315083524454,
          0.3399839832495849,
          0.2692736920287254,
          0.06454417112464356,
          0.020591406754029394
        ],
        [
          0.16305486779871328,
          0.020960073592851836,
          0.2423818610198755,
          0.15087730400060118,
          0.13463364656663226,
          0.11447974753240683,
          0.17361249948891913
        ],
        [
          0.05089686868337756,
          0.16597975010024832,
          0.21986518871884386,
          0.13559582364365724,
          0.2118780108548142,
          0.04185663984367147,
          0.17392771815538727
        ],
        [
          0.1150314864413156,
          0.1810315012550152,
          0.2168469170409076,
          0.011963399999705672,
          0.10251308637758233,
          0.0725133883806175,
          0.3001002205048561
        ],
        [
          0.24743819326295438,
          0.01643206892407863,
          0.049250684605383656,
          0.23016754876186893,
          0.1152422880386378,
          0.1846885936686166,
          0.15678062273845997
        ]
      ],
      "timestamps": [
        88,
        89,
        90,
        91,
        92,
        93,
        94,
        95,
        96,
        97,
        98,
        99
      ],
      "distance": 285
    }
  ],
  "conversation": [
    "I wonder what that shop sells — never seen it open.",
    "Feels like everyone's out today.",
    "Forgot how steep that block is."
  ],
  "conversation_timestamps": [
    76,
    81,
    97
  ]
}
