{"agent_id": "agent-orange-1623", "type": "orange", "trips": [{"trip_id": 0, "transport_method": "bus", "start_time": 0, "path": [[1.7318337, 42.5423598], [1.7345516, 42.5443959], [1.7346682, 42.5468821], [1.7323379, 42.5462998], [1.7277105, 42.5442624], [1.7226796, 42.5437542], [1.7176084, 42.5439061], [1.7125365, 42.5440448], [1.7074715, 42.5443319], [1.7024452, 42.5449426], [1.6982997, 42.5476646], [1.6950489, 42.5514859], [1.6911796, 42.5547365], [1.6875997, 42.558284], [1.6861014, 42.5552544], [1.6813196, 42.5535577], [1.6845049, 42.5545614], [1.6826231, 42.5539231], [1.6798034, 42.5511551], [1.6813335, 42.550326], [1.6838922, 42.5470622], [1.6838479, 42.544744], [1.6816439, 42.5413235], [1.6771688, 42.5389954], [1.6742597, 42.5393129], [1.6693947, 42.5392994], [1.6644547, 42.5390572], [1.6620722, 42.5387799], [1.6575886, 42.5408175], [1.6528622, 42.5423049], [1.6483145, 42.5419866], [1.6433781, 42.5409474], [1.638401, 42.5399612], [1.6379941, 42.5399802], [1.642629, 42.541618], [1.6458547, 42.5414379], [1.640878, 42.5404493], [1.6359014, 42.5394608], [1.6316748, 42.5391115], [1.6267155, 42.5384925], [1.6219057, 42.5373264], [1.6172019, 42.5354242], [1.6217025, 42.535502], [1.6264678, 42.5360882], [1.6228737, 42.5377198], [1.6181673, 42.5358238], [1.6182153, 42.5364761], [1.6156921, 42.536559], [1.6106891, 42.5363206], [1.6056658, 42.5363306], [1.6006098, 42.5367563], [1.6054176, 42.5372479], [1.6063615, 42.5362515], [1.6013012, 42.5366211], [1.5962925, 42.5361044], [1.5918418, 42.535904], [1.5907608, 42.5357003], [1.5945762, 42.5363571], [1.5895607, 42.5355896], [1.5870444, 42.534622], [1.5838873, 42.5322926], [1.5789532, 42.5317991], [1.5741717, 42.5306565], [1.5739601, 42.5304662], [1.5697463, 42.5281885], [1.5693829, 42.5280815], [1.5683609, 42.5273135], [1.5639347, 42.5249757], [1.5598801, 42.5221185], [1.5566738, 42.5192009], [1.555, 42.5179292], [1.5535463, 42.5164674], [1.5509557, 42.5125202], [1.5463864, 42.5106287], [1.5432137, 42.5089843], [1.5385064, 42.5082037], [1.5347727, 42.5073186], [1.5328355, 42.506655], [1.5282671, 42.507091], [1.5233646, 42.5066705]], "mood_vectors": [[0.0285, 0.069, 0.0306, 0.0231, 0.698, 0.0574, 0.0934], [0.0781, 0.0892, 0.0155, 0.0616, 0.639, 0.0545, 0.0622], [0.0646, 0.0809, 0.0607, 0.0333, 0.6735, 0.0548, 0.0322], [0.025, 0.0267, 0.0523, 0.0338, 0.7848, 0.0588, 0.0187], [0.0677, 0.0904, 0.0346, 0.0149, 0.6858, 0.0689, 0.0378], [0.0935, 0.0341, 0.0366, 0.0758, 0.6769, 0.0462, 0.0369], [0.0179, 0.014, 0.0755, 0.0385, 0.7249, 0.0625, 0.0667], [0.0395, 0.0973, 0.0195, 0.0177, 0.744, 0.0302, 0.0518], [0.0493, 0.0263, 0.0501, 0.0292, 0.7453, 0.0153, 0.0845], [0.0674, 0.0497, 0.0294, 0.0419, 0.7392, 0.0482, 0.0242], [0.0618, 0.0416, 0.0776, 0.0126, 0.7237, 0.0258, 0.0569], [0.0652, 0.0171, 0.0747, 0.0176, 0.7363, 0.0501, 0.0391], [0.0541, 0.0243, 0.0142, 0.0695, 0.7538, 0.0327, 0.0514], [0.0568, 0.0661, 0.0505, 0.0697, 0.659, 0.0734, 0.0245], [0.0376, 0.0702, 0.0787, 0.0241, 0.6557, 0.0697, 0.064], [0.0593, 0.0255, 0.0736, 0.013, 0.7269, 0.0173, 0.0845], [0.0439, 0.018, 0.038, 0.0154, 0.806, 0.0354, 0.0432], [0.0421, 0.0739, 0.0717, 0.0644, 0.6727, 0.0506, 0.0247], [0.0597, 0.0543, 0.0467, 0.0424, 0.6981, 0.0565, 0.0423], [0.0154, 0.0299, 0.0697, 0.0554, 0.7362, 0.0398, 0.0536], [0.0651, 0.0801, 0.0527, 0.0559, 0.659, 0.0668, 0.0205], [0.0358, 0.0539, 0.0197, 0.0753, 0.7093, 0.0391, 0.0668], [0.0587, 0.0626, 0.0498, 0.0763, 0.6561, 0.0722, 0.0243], [0.0805, 0.0608, 0.0151, 0.0499, 0.6856, 0.0469, 0.0612], [0.036, 0.0271, 0.0485, 0.0894, 0.6467, 0.0863, 0.066], [0.0775, 0.038, 0.0735, 0.082, 0.6683, 0.0301, 0.0306], [0.0658, 0.0319, 0.0314, 0.0271, 0.6966, 0.0871, 0.0601], [0.0219, 0.0542, 0.0161, 0.0749, 0.711, 0.0487, 0.0733], [0.0369, 0.0684, 0.0575, 0.0573, 0.672, 0.0363, 0.0716], [0.0607, 0.0449, 0.0438, 0.0771, 0.6885, 0.036, 0.049], [0.0618, 0.0733, 0.03, 0.0723, 0.6853, 0.0202, 0.0572], [0.034, 0.0475, 0.0693, 0.0492, 0.7061, 0.0386, 0.0553], [0.0623, 0.02, 0.0885, 0.0455, 0.6938, 0.0371, 0.0527], [0.0646, 0.028, 0.0447, 0.0732, 0.6686, 0.0721, 0.0487], [0.0125, 0.0398, 0.0361, 0.0345, 0.7157, 0.0828, 0.0786], [0.0826, 0.0443, 0.0381, 0.0527, 0.7148, 0.0419, 0.0257], [0.0548, 0.0162, 0.0457, 0.0255, 0.7542, 0.0652, 0.0384], [0.0552, 0.066, 0.0662, 0.0542, 0.6389, 0.0686, 0.0509], [0.0257, 0.0759, 0.0665, 0.0223, 0.6609, 0.0659, 0.0828], [0.0657, 0.0483, 0.024, 0.0618, 0.7003, 0.0543, 0.0455], [0.0813, 0.0768, 0.0477, 0.0426, 0.6204, 0.087, 0.0442], [0.0323, 0.0284, 0.0338, 0.0493, 0.7396, 0.0449, 0.0716], [0.067, 0.0174, 0.0856, 0.0663, 0.654, 0.0823, 0.0274], [0.0419, 0.0454, 0.048, 0.0541, 0.6883, 0.0662, 0.056], [0.0155, 0.0595, 0.0695, 0.025, 0.7603, 0.0255, 0.0447], [0.069, 0.0676, 0.0904, 0.0545, 0.6175, 0.0198, 0.0812], [0.0246, 0.0589, 0.0247, 0.0232, 0.7466, 0.0363, 0.0856], [0.061, 0.0648, 0.0443, 0.0489, 0.6797, 0.0679, 0.0333], [0.0229, 0.05, 0.0527, 0.0444, 0.7332, 0.0212, 0.0756], [0.0765, 0.0598, 0.0263, 0.0252, 0.692, 0.0763, 0.0439], [0.0518, 0.0669, 0.0495, 0.0458, 0.71, 0.0622, 0.0138], [0.0753, 0.0517, 0.0187, 0.056, 0.6665, 0.0392, 0.0926], [0.0427, 0.0599, 0.075, 0.028, 0.6542, 0.0919, 0.0483], [0.0448, 0.0257, 0.0134, 0.0276, 0.8085, 0.055, 0.025], [0.0369, 0.0303, 0.0693, 0.0479, 0.7227, 0.0144, 0.0785], [0.0218, 0.0737, 0.0438, 0.0824, 0.6419, 0.0739, 0.0625], [0.0441, 0.0212, 0.0584, 0.0187, 0.7644, 0.0226, 0.0706], [0.062, 0.0464, 0.0405, 0.0497, 0.6973, 0.0543, 0.0498], [0.049, 0.0486, 0.0531, 0.0429, 0.7029, 0.031, 0.0724], [0.0551, 0.0664, 0.0347, 0.0563, 0.7259, 0.0453, 0.0163], [0.0449, 0.0655, 0.0569, 0.0358, 0.7352, 0.0317, 0.0301], [0.0675, 0.0204, 0.02, 0.0211, 0.7769, 0.0593, 0.0349], [0.0766, 0.0599, 0.0657, 0.0294, 0.7105, 0.0271, 0.0309], [0.0615, 0.0212, 0.0527, 0.0824, 0.7245, 0.0219, 0.0357], [0.0331, 0.0345, 0.0367, 0.0556, 0.7719, 0.0519, 0.0163], [0.0117, 0.0188, 0.0543, 0.0293, 0.7422, 0.0747, 0.0689], [0.073, 0.0381, 0.034, 0.053, 0.726, 0.0161, 0.0598], [0.0593, 0.0397, 0.0254, 0.0744, 0.6678, 0.0559, 0.0775], [0.0673, 0.0634, 0.031, 0.0666, 0.654, 0.0603, 0.0573], [0.058, 0.0419, 0.0618, 0.0268, 0.748, 0.0278, 0.0355], [0.0755, 0.0717, 0.0705, 0.0444, 0.5994, 0.0611, 0.0773], [0.0249, 0.0183, 0.0631, 0.0706, 0.6958, 0.0545, 0.0727], [0.0326, 0.0307, 0.0623, 0.0831, 0.7112, 0.0153, 0.0648], [0.082, 0.0527, 0.0255, 0.0525, 0.6739, 0.0555, 0.058], [0.0187, 0.0559, 0.0354, 0.05, 0.7163, 0.063, 0.0607], [0.0338, 0.0417, 0.0722, 0.0295, 0.719, 0.0292, 0.0747], [0.0557, 0.0434, 0.0248, 0.1004, 0.6492, 0.0699, 0.0565], [0.0176, 0.0302, 0.0745, 0.0517, 0.7445, 0.0577, 0.0239], [0.0719, 0.0669, 0.0234, 0.0189, 0.7391, 0.0463, 0.0335], [0.0862, 0.0414, 0.0298, 0.0595, 0.6644, 0.0296, 0.089]], "emotions": ["red", "red", "red", "red", "red", "red", "red", "red", "red", "red", "red", "red", "red", "red", "red", "red", "red", "red", "red", "red", "red", "red", "red", "red", "red", "red", "red", "red", "red", "red", "red", "red", "red", "red", "red", "red", "red", "red", "red", "red", "red", "red", "red", "red", "red", "red", "red", "red", "red", "red", "red", "red", "red", "red", "red", "red", "red", "red", "red", "red", "red", "red", "red", "red", "red", "red", "red", "red", "red", "red", "red", "red", "red", "red", "red", "red", "red", "red", "red", "red"], "timestamps": [0, 40, 80, 120, 160, 200, 240, 280, 320, 360, 400, 440, 480, 520, 560, 600, 640, 680, 720, 760, 800, 840, 880, 920, 960, 1000, 1040, 1080, 1120, 1160, 1200, 1240, 1280, 1320, 1360, 1400, 1440, 1480, 1520, 1560, 1600, 1640, 1680, 1720, 1760, 1800, 1840, 1880, 1920, 1960, 2000, 2040, 2080, 2120, 2160, 2200, 2240, 2280, 2320, 2360, 2400, 2440, 2480, 2520, 2560, 2600, 2640, 2680, 2720, 2760, 2800, 2840, 2880, 2920, 2960, 3000, 3040, 3080, 3120, 3160]}], "conversation": [], "conversation_timestamps": []}