{"agent_id": "agent-blue-1030", "type": "blue", "trips": [{"trip_id": 0, "transport_method": "bus", "start_time": 0, "path": [[1.5341993, 42.5069661], [1.5342409, 42.5070277], [1.5342826, 42.5070893], [1.5343213, 42.5071527], [1.5343791, 42.5071991], [1.5344396, 42.5072422], [1.5345023, 42.5072821], [1.534565, 42.507322], [1.5346292, 42.5073593], [1.5346961, 42.5073918], [1.534763, 42.5074243], [1.5348299, 42.5074568], [1.5348982, 42.507486], [1.5349666, 42.5075152], [1.535035, 42.5075444], [1.5351033, 42.5075736], [1.5351731, 42.5075989], [1.5352445, 42.5076194], [1.5353163, 42.507639], [1.5353883, 42.5076573], [1.5354622, 42.5076622], [1.5355351, 42.5076732], [1.5356075, 42.5076902], [1.5356801, 42.5077053], [1.5357543, 42.5077098], [1.5358285, 42.5077143], [1.5359027, 42.5077188], [1.535977, 42.5077233], [1.5360512, 42.5077278], [1.5361254, 42.5077323], [1.5361996, 42.5077369], [1.5362738, 42.5077414], [1.536348, 42.5077459], [1.5364222, 42.5077504], [1.5364964, 42.5077549], [1.5365706, 42.5077594], [1.5366449, 42.5077639], [1.5367191, 42.5077684], [1.5367933, 42.5077729], [1.5368675, 42.5077774], [1.5369417, 42.5077819], [1.5370159, 42.5077864], [1.5370901, 42.507791], [1.537159, 42.5078124], [1.5372224, 42.5078512], [1.5372859, 42.50789], [1.5373531, 42.5079213], [1.5374218, 42.5079497], [1.5374891, 42.5079814], [1.5375567, 42.5080121], [1.5376256, 42.50804], [1.5376946, 42.5080678], [1.5377651, 42.5080913], [1.537837, 42.5081101], [1.5379102, 42.5081219], [1.5379842, 42.5081295], [1.5380585, 42.5081329], [1.5381327, 42.5081363], [1.538207, 42.5081398], [1.5382813, 42.5081432], [1.538355, 42.5081492], [1.538425, 42.5081744], [1.5384949, 42.5081995], [1.5385649, 42.5082247], [1.5386091, 42.50828], [1.5386449, 42.5083452], [1.5386807, 42.5084104], [1.5387164, 42.5084755], [1.5387522, 42.5085407], [1.538788, 42.5086059], [1.5388166, 42.5086448], [1.5388145, 42.5085705], [1.5388123, 42.5084962], [1.5388102, 42.5084219], [1.5388222, 42.5083602], [1.5388216, 42.5082859], [1.5388052, 42.5082277], [1.5387309, 42.5082288], [1.5386565, 42.5082299], [1.5385822, 42.5082309]], "mood_vectors": [[0.0587, 0.0701, 0.0539, 0.6372, 0.0743, 0.0672, 0.0385], [0.0137, 0.0816, 0.0532, 0.7104, 0.0753, 0.0254, 0.0404], [0.0888, 0.0705, 0.0495, 0.7004, 0.0384, 0.0311, 0.0212], [0.0236, 0.0306, 0.0792, 0.747, 0.0536, 0.0333, 0.0328], [0.0648, 0.04, 0.0422, 0.6962, 0.0514, 0.079, 0.0264], [0.0161, 0.0211, 0.0489, 0.7481, 0.0669, 0.0315, 0.0674], [0.0665, 0.0522, 0.0182, 0.7385, 0.0196, 0.0501, 0.0551], [0.0716, 0.0516, 0.0514, 0.6919, 0.0315, 0.0178, 0.0841], [0.0289, 0.0538, 0.0693, 0.6101, 0.0855, 0.0744, 0.078], [0.0721, 0.0344, 0.0226, 0.7695, 0.015, 0.0507, 0.0356], [0.0585, 0.0404, 0.0181, 0.693, 0.0445, 0.0692, 0.0762], [0.0615, 0.0221, 0.041, 0.6843, 0.0204, 0.0777, 0.0932], [0.0572, 0.087, 0.0536, 0.6597, 0.0427, 0.0353, 0.0644], [0.0674, 0.0827, 0.0597, 0.6101, 0.08, 0.0203, 0.0797], [0.0416, 0.0543, 0.0203, 0.7009, 0.0883, 0.0207, 0.074], [0.0418, 0.0165, 0.0447, 0.7313, 0.0772, 0.019, 0.0695], [0.079, 0.0149, 0.0694, 0.6861, 0.0375, 0.0811, 0.0319], [0.0581, 0.0858, 0.0828, 0.6396, 0.0759, 0.017, 0.0408], [0.0475, 0.0137, 0.088, 0.602, 0.0763, 0.0886, 0.084], [0.0545, 0.0628, 0.0709, 0.6837, 0.0379, 0.0227, 0.0676], [0.0409, 0.0571, 0.0314, 0.7354, 0.0461, 0.0638, 0.0254], [0.0283, 0.0565, 0.0321, 0.7003, 0.0515, 0.0635, 0.0677], [0.0363, 0.0762, 0.0249, 0.7071, 0.0285, 0.0692, 0.0579], [0.0694, 0.0416, 0.0806, 0.6134, 0.086, 0.0377, 0.0714], [0.0914, 0.0172, 0.0792, 0.7089, 0.0511, 0.0277, 0.0245], [0.0362, 0.051, 0.0686, 0.6922, 0.0517, 0.033, 0.0673], [0.0164, 0.0592, 0.0811, 0.7083, 0.0606, 0.0479, 0.0265], [0.0566, 0.0525, 0.086, 0.6323, 0.038, 0.0467, 0.0879], [0.0528, 0.0672, 0.0227, 0.7168, 0.0373, 0.0618, 0.0415], [0.056, 0.0267, 0.0317, 0.7228, 0.0513, 0.0439, 0.0676], [0.0855, 0.0907, 0.0287, 0.6713, 0.0437, 0.0394, 0.0406], [0.0589, 0.0338, 0.0672, 0.7469, 0.0145, 0.048, 0.0307], [0.0624, 0.0249, 0.044, 0.6705, 0.0593, 0.0682, 0.0707], [0.0636, 0.0821, 0.0233, 0.6512, 0.0327, 0.071, 0.076], [0.0399, 0.0776, 0.0218, 0.7049, 0.0892, 0.0413, 0.0254], [0.0849, 0.0655, 0.0638, 0.6451, 0.05, 0.0192, 0.0713], [0.0269, 0.0607, 0.0717, 0.6717, 0.0704, 0.078, 0.0205], [0.0179, 0.0491, 0.0313, 0.7324, 0.0605, 0.0648, 0.0439], [0.073, 0.0274, 0.0339, 0.701, 0.094, 0.0452, 0.0254], [0.0487, 0.0341, 0.0136, 0.8075, 0.0341, 0.0468, 0.0153], [0.0511, 0.0781, 0.0337, 0.6854, 0.0691, 0.0232, 0.0593], [0.0256, 0.0149, 0.0617, 0.7591, 0.0231, 0.0532, 0.0624], [0.069, 0.0456, 0.0326, 0.7004, 0.0625, 0.0612, 0.0287], [0.0235, 0.0319, 0.0562, 0.7285, 0.035, 0.057, 0.0678], [0.0732, 0.0783, 0.0223, 0.6854, 0.03, 0.0266, 0.0844], [0.0139, 0.0157, 0.0473, 0.7475, 0.0569, 0.0569, 0.0618], [0.0813, 0.03, 0.0552, 0.6192, 0.084, 0.0845, 0.0459], [0.055, 0.0176, 0.0813, 0.6893, 0.0416, 0.0482, 0.0671], [0.0808, 0.0382, 0.0243, 0.7024, 0.0362, 0.0289, 0.0892], [0.0365, 0.036, 0.0527, 0.6606, 0.0745, 0.0617, 0.078], [0.0634, 0.0214, 0.1021, 0.6773, 0.0477, 0.0634, 0.0247], [0.0352, 0.0711, 0.074, 0.6446, 0.0525, 0.0669, 0.0558], [0.0242, 0.0407, 0.042, 0.7589, 0.0255, 0.026, 0.0826], [0.0439, 0.0433, 0.0759, 0.6797, 0.0516, 0.0493, 0.0562], [0.0515, 0.0853, 0.071, 0.6511, 0.0374, 0.0888, 0.015], [0.0195, 0.0666, 0.0286, 0.6679, 0.0443, 0.0979, 0.0752], [0.0444, 0.0521, 0.048, 0.7307, 0.036, 0.0635, 0.0253], [0.0789, 0.0608, 0.0402, 0.6563, 0.0387, 0.0776, 0.0475], [0.0512, 0.0289, 0.0639, 0.7464, 0.0221, 0.0598, 0.0276], [0.032, 0.0538, 0.0467, 0.6697, 0.0563, 0.0715, 0.07], [0.0375, 0.0581, 0.0169, 0.7792, 0.0192, 0.0609, 0.0281], [0.0764, 0.0479, 0.0728, 0.6945, 0.0723, 0.0197, 0.0165], [0.0573, 0.0678, 0.0653, 0.6525, 0.0648, 0.0595, 0.0327], [0.0208, 0.0171, 0.0661, 0.7736, 0.0372, 0.0573, 0.0278], [0.0887, 0.0861, 0.0492, 0.6045, 0.0723, 0.0456, 0.0535], [0.0349, 0.0398, 0.0588, 0.7534, 0.0658, 0.0259, 0.0214], [0.0331, 0.0654, 0.0617, 0.6383, 0.081, 0.0584, 0.062], [0.0121, 0.0481, 0.0561, 0.7489, 0.059, 0.0518, 0.024], [0.0889, 0.023, 0.0816, 0.7037, 0.0504, 0.024, 0.0283], [0.0688, 0.0628, 0.0588, 0.7125, 0.0164, 0.0364, 0.0444], [0.019, 0.0232, 0.0345, 0.7678, 0.0617, 0.0641, 0.0297], [0.0447, 0.0127, 0.0286, 0.7255, 0.0736, 0.0641, 0.0508], [0.0934, 0.0696, 0.0384, 0.6237, 0.0366, 0.0834, 0.0549], [0.0706, 0.0439, 0.0299, 0.761, 0.0304, 0.0281, 0.0362], [0.0243, 0.0679, 0.0713, 0.6269, 0.0665, 0.0719, 0.0712], [0.045, 0.0346, 0.0566, 0.7485, 0.0656, 0.0299, 0.0196], [0.0163, 0.0251, 0.0716, 0.7543, 0.0251, 0.0347, 0.0729], [0.0352, 0.0549, 0.0598, 0.6889, 0.0605, 0.0246, 0.0761], [0.0591, 0.0743, 0.0315, 0.7347, 0.0409, 0.029, 0.0304], [0.0442, 0.0342, 0.0125, 0.7449, 0.0357, 0.0798, 0.0486]], "emotions": ["green", "green", "green", "green", "green", "green", "green", "green", "green", "green", "green", "green", "green", "green", "green", "green", "green", "green", "green", "green", "green", "green", "green", "green", "green", "green", "green", "green", "green", "green", "green", "green", "green", "green", "green", "green", "green", "green", "green", "green", "green", "green", "green", "green", "green", "green", "green", "green", "green", "green", "green", "green", "green", "green", "green", "green", "green", "green", "green", "green", "green", "green", "green", "green", "green", "green", "green", "green", "green", "green", "green", "green", "green", "green", "green", "green", "green", "green", "green", "green"], "timestamps": [0, 40, 80, 120, 160, 200, 240, 280, 320, 360, 400, 440, 480, 520, 560, 600, 640, 680, 720, 760, 800, 840, 880, 920, 960, 1000, 1040, 1080, 1120, 1160, 1200, 1240, 1280, 1320, 1360, 1400, 1440, 1480, 1520, 1560, 1600, 1640, 1680, 1720, 1760, 1800, 1840, 1880, 1920, 1960, 2000, 2040, 2080, 2120, 2160, 2200, 2240, 2280, 2320, 2360, 2400, 2440, 2480, 2520, 2560, 2600, 2640, 2680, 2720, 2760, 2800, 2840, 2880, 2920, 2960, 3000, 3040, 3080, 3120, 3160]}], "conversation": [], "conversation_timestamps": []}