{"agent_id": "agent-purple-859", "type": "purple", "trips": [{"trip_id": 0, "transport_method": "foot", "start_time": 0, "path": [[1.5417849, 42.5088715], [1.5408071, 42.5086853], [1.5398821, 42.5083572], [1.5387638, 42.5082264], [1.5376644, 42.5080392], [1.5377335, 42.5080921], [1.536623, 42.5078837], [1.5355228, 42.5076418], [1.5344852, 42.5071947], [1.5350964, 42.5075707], [1.5351744, 42.5074898], [1.5341382, 42.5070395], [1.5330556, 42.506721], [1.5319787, 42.5067098], [1.5309885, 42.5061728], [1.5300579, 42.5055734], [1.528945, 42.5053782], [1.5278252, 42.5052968], [1.5267021, 42.5053001], [1.5255829, 42.5052252], [1.5244743, 42.5050076], [1.5233645, 42.5047986], [1.5222519, 42.5047884], [1.5212178, 42.5044324], [1.5201911, 42.5039609], [1.5205503, 42.5040867], [1.5216031, 42.5044946], [1.5216138, 42.504657], [1.5205546, 42.5042639], [1.5194953, 42.5038709], [1.5184769, 42.5036121], [1.5173558, 42.5037475], [1.5162538, 42.503554], [1.5153172, 42.5029247], [1.5143198, 42.5024364], [1.5134182, 42.5018343], [1.5125871, 42.5012897], [1.5119085, 42.5003864], [1.5112145, 42.499495], [1.5105128, 42.4986094], [1.5096051, 42.4979627], [1.5085905, 42.4974658], [1.507558, 42.4970093], [1.5064954, 42.4966256], [1.5054248, 42.4962649], [1.504398, 42.4958023], [1.5033519, 42.4953882], [1.5023212, 42.4949292], [1.5012974, 42.4944518], [1.5004603, 42.4937988], [1.4995979, 42.4930725], [1.4986204, 42.4925101], [1.4976288, 42.4919689], [1.4966823, 42.4913523], [1.4962822, 42.4903861], [1.4957565, 42.4894263], [1.4950216, 42.4885682], [1.4946633, 42.4875428], [1.4945628, 42.4864522], [1.4937801, 42.4856485], [1.492822, 42.4850602], [1.4918042, 42.4847333], [1.4909814, 42.4840924], [1.4904587, 42.4831006], [1.4898759, 42.4821329], [1.4894904, 42.4810851], [1.4893664, 42.4799623], [1.4896811, 42.4788949], [1.4902662, 42.4779289], [1.4906184, 42.4768835], [1.4908565, 42.4758568], [1.4908017, 42.474733], [1.4905007, 42.4736559], [1.4908389, 42.4725897], [1.491372, 42.4715935], [1.4918839, 42.4705873], [1.4920423, 42.4694797], [1.4917034, 42.4684034], [1.4915689, 42.4672913], [1.4924216, 42.4666192]], "mood_vectors": [[0.0808, 0.0385, 0.0523, 0.0409, 0.0496, 0.7032, 0.0345], [0.0768, 0.0266, 0.0741, 0.0964, 0.048, 0.6587, 0.0194], [0.0767, 0.0595, 0.0161, 0.0181, 0.0935, 0.6403, 0.0957], [0.066, 0.0674, 0.0453, 0.0514, 0.0855, 0.6572, 0.0272], [0.0612, 0.0491, 0.0728, 0.0388, 0.079, 0.6515, 0.0477], [0.0761, 0.0122, 0.0795, 0.0452, 0.0221, 0.7127, 0.0522], [0.0504, 0.0433, 0.0232, 0.042, 0.0697, 0.718, 0.0534], [0.0445, 0.055, 0.0624, 0.0203, 0.0365, 0.7642, 0.017], [0.0344, 0.0254, 0.0206, 0.0174, 0.0236, 0.7996, 0.0791], [0.0744, 0.073, 0.0653, 0.0692, 0.038, 0.6147, 0.0655], [0.0351, 0.0508, 0.066, 0.0389, 0.0654, 0.7113, 0.0324], [0.0896, 0.0681, 0.0439, 0.0459, 0.0243, 0.6905, 0.0378], [0.0289, 0.0326, 0.072, 0.0738, 0.0641, 0.659, 0.0696], [0.046, 0.029, 0.0694, 0.0175, 0.0184, 0.7973, 0.0224], [0.0147, 0.0466, 0.0494, 0.0282, 0.0443, 0.7716, 0.0452], [0.0548, 0.0682, 0.0437, 0.0265, 0.0559, 0.6799, 0.071], [0.0561, 0.0405, 0.0664, 0.0638, 0.0526, 0.6844, 0.0362], [0.0605, 0.0287, 0.0889, 0.0892, 0.0821, 0.6092, 0.0413], [0.0234, 0.0505, 0.0792, 0.0671, 0.0191, 0.7285, 0.0322], [0.0765, 0.0142, 0.0469, 0.031, 0.041, 0.7767, 0.0136], [0.0815, 0.0173, 0.0555, 0.0249, 0.0416, 0.7185, 0.0608], [0.0508, 0.0587, 0.0712, 0.0228, 0.0597, 0.6805, 0.0563], [0.0594, 0.0166, 0.0918, 0.0458, 0.0307, 0.6626, 0.0931], [0.0286, 0.0241, 0.0716, 0.0745, 0.0592, 0.7234, 0.0186], [0.0386, 0.0389, 0.0367, 0.0382, 0.0915, 0.7306, 0.0255], [0.0494, 0.0688, 0.0828, 0.089, 0.0283, 0.6315, 0.0504], [0.0698, 0.0474, 0.0141, 0.0126, 0.0505, 0.7493, 0.0563], [0.0804, 0.031, 0.082, 0.0308, 0.0218, 0.6882, 0.0659], [0.0408, 0.0492, 0.0221, 0.027, 0.0446, 0.7999, 0.0163], [0.0386, 0.0593, 0.0701, 0.0341, 0.0619, 0.6766, 0.0594], [0.0139, 0.0316, 0.0695, 0.0481, 0.0308, 0.7737, 0.0323], [0.0361, 0.0688, 0.087, 0.0678, 0.0825, 0.6396, 0.0182], [0.0876, 0.0212, 0.018, 0.0458, 0.0621, 0.737, 0.0282], [0.0384, 0.0797, 0.0635, 0.0497, 0.0564, 0.6887, 0.0236], [0.0576, 0.0533, 0.0489, 0.0394, 0.0336, 0.6876, 0.0796], [0.0209, 0.0301, 0.064, 0.0439, 0.0449, 0.7781, 0.0181], [0.0745, 0.0185, 0.0597, 0.0764, 0.052, 0.6692, 0.0497], [0.0148, 0.0152, 0.0491, 0.034, 0.0794, 0.7804, 0.0272], [0.0538, 0.0604, 0.035, 0.0268, 0.0514, 0.7105, 0.062], [0.0709, 0.0612, 0.038, 0.0691, 0.0627, 0.6639, 0.0341], [0.016, 0.0764, 0.04, 0.0723, 0.063, 0.6899, 0.0424], [0.0746, 0.0574, 0.0749, 0.0864, 0.0424, 0.5873, 0.0768], [0.0464, 0.0176, 0.0699, 0.0484, 0.0441, 0.7259, 0.0476], [0.0467, 0.0183, 0.0597, 0.0667, 0.0452, 0.7001, 0.0633], [0.0706, 0.0222, 0.0214, 0.0162, 0.0763, 0.7457, 0.0475], [0.0557, 0.0661, 0.0757, 0.0744, 0.0403, 0.6249, 0.0629], [0.0698, 0.0214, 0.0556, 0.0595, 0.0689, 0.6614, 0.0635], [0.0683, 0.0255, 0.0267, 0.0272, 0.0329, 0.7948, 0.0246], [0.0629, 0.0259, 0.067, 0.0491, 0.0661, 0.7014, 0.0276], [0.0702, 0.0447, 0.0584, 0.0693, 0.0687, 0.651, 0.0378], [0.0704, 0.0215, 0.0534, 0.0333, 0.0685, 0.6823, 0.0706], [0.0336, 0.0784, 0.0585, 0.0636, 0.035, 0.7037, 0.0272], [0.0673, 0.0747, 0.0819, 0.0234, 0.0575, 0.6506, 0.0446], [0.045, 0.0633, 0.0238, 0.0219, 0.0768, 0.7092, 0.06], [0.027, 0.0248, 0.0257, 0.0948, 0.0831, 0.7242, 0.0204], [0.031, 0.0587, 0.0785, 0.0227, 0.0758, 0.6373, 0.096], [0.0447, 0.0581, 0.0542, 0.0264, 0.0607, 0.7179, 0.038], [0.0395, 0.0876, 0.0898, 0.022, 0.0634, 0.6429, 0.0548], [0.0534, 0.0326, 0.0604, 0.0221, 0.0697, 0.7406, 0.0212], [0.0596, 0.075, 0.0446, 0.0743, 0.055, 0.6449, 0.0466], [0.0179, 0.0684, 0.056, 0.0459, 0.069, 0.7142, 0.0285], [0.029, 0.0799, 0.035, 0.0211, 0.0227, 0.7507, 0.0615], [0.0134, 0.043, 0.0666, 0.0217, 0.0853, 0.7019, 0.0682], [0.0649, 0.0292, 0.0317, 0.0138, 0.0317, 0.7361, 0.0926], [0.0198, 0.0282, 0.0602, 0.0281, 0.0463, 0.7387, 0.0787], [0.0471, 0.021, 0.0487, 0.0336, 0.0649, 0.7295, 0.0552], [0.0135, 0.0194, 0.0816, 0.0294, 0.0489, 0.7719, 0.0352], [0.0257, 0.0378, 0.0561, 0.0514, 0.0553, 0.7397, 0.0341], [0.0184, 0.049, 0.0182, 0.0353, 0.0514, 0.7507, 0.0769], [0.101, 0.0162, 0.0369, 0.0821, 0.0172, 0.7147, 0.0319], [0.0724, 0.0355, 0.0374, 0.0808, 0.0397, 0.7014, 0.0329], [0.0245, 0.0285, 0.0597, 0.0851, 0.0969, 0.6842, 0.0211], [0.0702, 0.0351, 0.0284, 0.076, 0.0444, 0.6898, 0.0562], [0.0727, 0.07, 0.0733, 0.0571, 0.018, 0.6625, 0.0464], [0.0341, 0.0255, 0.0539, 0.0679, 0.0584, 0.6962, 0.064], [0.081, 0.0566, 0.077, 0.0539, 0.0343, 0.6635, 0.0338], [0.0783, 0.0665, 0.0505, 0.0584, 0.0582, 0.6482, 0.0399], [0.0304, 0.0335, 0.0272, 0.0605, 0.0678, 0.7459, 0.0347], [0.0501, 0.0215, 0.0307, 0.0137, 0.0501, 0.77, 0.0639], [0.0195, 0.0242, 0.0756, 0.0767, 0.0357, 0.687, 0.0814]], "emotions": ["purple", "purple", "purple", "purple", "purple", "purple", "purple", "purple", "purple", "purple", "purple", "purple", "purple", "purple", "purple", "purple", "purple", "purple", "purple", "purple", "purple", "purple", "purple", "purple", "purple", "purple", "purple", "purple", "purple", "purple", "purple", "purple", "purple", "purple", "purple", "purple", "purple", "purple", "purple", "purple", "purple", "purple", "purple", "purple", "purple", "purple", "purple", "purple", "purple", "purple", "purple", "purple", "purple", "purple", "purple", "purple", "purple", "purple", "purple", "purple", "purple", "purple", "purple", "purple", "purple", "purple", "purple", "purple", "purple", "purple", "purple", "purple", "purple", "purple", "purple", "purple", "purple", "purple", "purple", "purple"], "timestamps": [0, 40, 80, 120, 160, 200, 240, 280, 320, 360, 400, 440, 480, 520, 560, 600, 640, 680, 720, 760, 800, 840, 880, 920, 960, 1000, 1040, 1080, 1120, 1160, 1200, 1240, 1280, 1320, 1360, 1400, 1440, 1480, 1520, 1560, 1600, 1640, 1680, 1720, 1760, 1800, 1840, 1880, 1920, 1960, 2000, 2040, 2080, 2120, 2160, 2200, 2240, 2280, 2320, 2360, 2400, 2440, 2480, 2520, 2560, 2600, 2640, 2680, 2720, 2760, 2800, 2840, 2880, 2920, 2960, 3000, 3040, 3080, 3120, 3160]}], "conversation": [], "conversation_timestamps": []}