{"agent_id": "agent-blue-1380", "type": "blue", "trips": [{"trip_id": 0, "transport_method": "foot", "start_time": 0, "path": [[1.5251987, 42.5048675], [1.5254241, 42.5049224], [1.5256496, 42.5049772], [1.5258751, 42.5050321], [1.5261006, 42.505087], [1.5263316, 42.5050832], [1.5265633, 42.5050711], [1.5267867, 42.5051281], [1.5270089, 42.5051952], [1.5272273, 42.5052735], [1.5274459, 42.5053513], [1.527666, 42.505425], [1.527886, 42.5054987], [1.5278113, 42.5054831], [1.5275881, 42.5054196], [1.5274598, 42.5053543], [1.5276824, 42.5054199], [1.527905, 42.5054855], [1.5281276, 42.5055511], [1.5283502, 42.5056168], [1.5285728, 42.5056824], [1.5287954, 42.505748], [1.529018, 42.5058136], [1.5292249, 42.505912], [1.5294155, 42.5060445], [1.529606, 42.5061769], [1.5297952, 42.5063113], [1.529984, 42.5064463], [1.5301751, 42.5065778], [1.5303677, 42.5067073], [1.5305585, 42.5068393], [1.5307719, 42.5069304], [1.5309853, 42.5070215], [1.5312053, 42.5070923], [1.5314318, 42.5071429], [1.5316583, 42.5071935], [1.5317974, 42.5073207], [1.5319398, 42.5074994], [1.5320766, 42.5076851], [1.5322339, 42.5078557], [1.5323585, 42.5080507], [1.5324522, 42.5082574], [1.5326329, 42.5083302], [1.5328633, 42.5083578], [1.5330933, 42.508389], [1.5333232, 42.508421], [1.533553, 42.508453], [1.5337829, 42.508485], [1.5340127, 42.508517], [1.5342398, 42.508498], [1.5344713, 42.5085153], [1.5347027, 42.5085325], [1.5349341, 42.5085496], [1.5351656, 42.5085667], [1.535397, 42.5085835], [1.5356286, 42.5085991], [1.53586, 42.5086156], [1.5360915, 42.508632], [1.536323, 42.5086484], [1.5365523, 42.5086839], [1.5367818, 42.5087181], [1.5370131, 42.5087375], [1.5372443, 42.5087568], [1.5374756, 42.5087762], [1.5377069, 42.5087956], [1.5377886, 42.5089986], [1.5378544, 42.5092211], [1.5379599, 42.5093971], [1.5381901, 42.5094266], [1.5384202, 42.5094562], [1.5386504, 42.5094857], [1.5387641, 42.5096153], [1.5387587, 42.5098473], [1.5387655, 42.5100728], [1.5389617, 42.5101967], [1.5391019, 42.5103524], [1.539107, 42.5105844], [1.5392601, 42.5106], [1.5394812, 42.5105392], [1.5397131, 42.5105467]], "mood_vectors": [[0.0767, 0.067, 0.0284, 0.7053, 0.07, 0.0267, 0.0259], [0.0603, 0.0599, 0.0152, 0.6766, 0.0274, 0.0746, 0.0859], [0.0656, 0.02, 0.0245, 0.7725, 0.0493, 0.0512, 0.0169], [0.0257, 0.0395, 0.0235, 0.8124, 0.032, 0.0463, 0.0205], [0.0322, 0.0507, 0.0767, 0.7065, 0.0747, 0.0338, 0.0255], [0.0631, 0.0762, 0.0519, 0.6802, 0.0373, 0.0392, 0.0521], [0.0849, 0.0671, 0.032, 0.6803, 0.0302, 0.0817, 0.0238], [0.0323, 0.016, 0.0779, 0.6962, 0.078, 0.049, 0.0506], [0.0164, 0.0454, 0.0443, 0.7287, 0.0654, 0.0463, 0.0536], [0.0255, 0.0187, 0.0179, 0.7695, 0.067, 0.0422, 0.0593], [0.0405, 0.0812, 0.0915, 0.6758, 0.0414, 0.0201, 0.0496], [0.0769, 0.0174, 0.0393, 0.637, 0.0821, 0.0749, 0.0724], [0.0552, 0.0596, 0.0215, 0.7354, 0.0549, 0.0525, 0.0209], [0.0805, 0.0417, 0.0768, 0.5992, 0.0791, 0.0588, 0.0638], [0.0684, 0.0459, 0.057, 0.6849, 0.0696, 0.0562, 0.018], [0.0432, 0.0635, 0.0441, 0.6406, 0.0966, 0.0344, 0.0777], [0.0794, 0.0722, 0.043, 0.6922, 0.0317, 0.0658, 0.0157], [0.0579, 0.0231, 0.0273, 0.7383, 0.0374, 0.0719, 0.044], [0.0614, 0.0631, 0.0597, 0.6693, 0.0417, 0.0611, 0.0437], [0.0892, 0.0565, 0.0756, 0.6225, 0.032, 0.0668, 0.0574], [0.0287, 0.014, 0.0342, 0.8434, 0.0302, 0.0303, 0.0193], [0.0796, 0.0261, 0.0539, 0.691, 0.0525, 0.0177, 0.0791], [0.0639, 0.0284, 0.0405, 0.7095, 0.0522, 0.0661, 0.0394], [0.0744, 0.0172, 0.0872, 0.6679, 0.0417, 0.0706, 0.0408], [0.0721, 0.048, 0.0654, 0.6521, 0.0651, 0.0357, 0.0617], [0.0242, 0.0527, 0.0269, 0.7495, 0.0177, 0.0623, 0.0666], [0.0623, 0.0682, 0.0175, 0.7412, 0.0173, 0.0625, 0.0309], [0.0525, 0.0546, 0.0343, 0.7679, 0.03, 0.0224, 0.0383], [0.0355, 0.0295, 0.0861, 0.6458, 0.0745, 0.0469, 0.0818], [0.0422, 0.043, 0.021, 0.7717, 0.0892, 0.0144, 0.0185], [0.0754, 0.045, 0.0411, 0.6972, 0.0335, 0.0753, 0.0325], [0.0319, 0.0762, 0.0737, 0.7066, 0.0618, 0.0318, 0.018], [0.0397, 0.0633, 0.0486, 0.6917, 0.0418, 0.0573, 0.0577], [0.0748, 0.0489, 0.0418, 0.6318, 0.0646, 0.0437, 0.0943], [0.0304, 0.0338, 0.0541, 0.7191, 0.0707, 0.0349, 0.057], [0.0235, 0.081, 0.0837, 0.6958, 0.0381, 0.0562, 0.0217], [0.0814, 0.0506, 0.0811, 0.714, 0.0174, 0.0155, 0.0401], [0.0321, 0.0602, 0.0741, 0.719, 0.0231, 0.0715, 0.02], [0.0446, 0.0502, 0.0645, 0.6953, 0.0581, 0.0746, 0.0127], [0.0782, 0.0579, 0.0254, 0.6635, 0.0828, 0.0574, 0.0348], [0.019, 0.0145, 0.021, 0.7521, 0.0669, 0.0493, 0.0772], [0.0639, 0.0415, 0.0552, 0.7269, 0.0169, 0.0445, 0.0511], [0.0339, 0.0463, 0.0654, 0.6888, 0.0768, 0.0318, 0.057], [0.0737, 0.0529, 0.0271, 0.6429, 0.0746, 0.0453, 0.0834], [0.0524, 0.0392, 0.0414, 0.7423, 0.025, 0.0314, 0.0682], [0.0405, 0.041, 0.0683, 0.7362, 0.019, 0.0579, 0.0371], [0.027, 0.0171, 0.0687, 0.7024, 0.0984, 0.0544, 0.0321], [0.0424, 0.0457, 0.0485, 0.6965, 0.0756, 0.029, 0.0623], [0.0519, 0.039, 0.0546, 0.7089, 0.0133, 0.0718, 0.0606], [0.0296, 0.0347, 0.0635, 0.7367, 0.0615, 0.061, 0.013], [0.0745, 0.0451, 0.0458, 0.6918, 0.0783, 0.0246, 0.0399], [0.0517, 0.0626, 0.0408, 0.7179, 0.0329, 0.0789, 0.0152], [0.0314, 0.0501, 0.0512, 0.644, 0.0887, 0.07, 0.0647], [0.0464, 0.0758, 0.0598, 0.6351, 0.0587, 0.0509, 0.0733], [0.0575, 0.0164, 0.0602, 0.7202, 0.016, 0.0808, 0.0488], [0.0548, 0.0704, 0.0645, 0.703, 0.0212, 0.0152, 0.071], [0.0274, 0.0252, 0.0633, 0.6923, 0.0504, 0.0708, 0.0705], [0.0383, 0.0444, 0.0841, 0.6679, 0.0515, 0.0893, 0.0245], [0.0643, 0.0363, 0.0821, 0.6704, 0.0398, 0.0788, 0.0283], [0.0531, 0.0587, 0.057, 0.6894, 0.0556, 0.0597, 0.0265], [0.0283, 0.044, 0.0374, 0.7271, 0.0488, 0.0597, 0.0547], [0.012, 0.0577, 0.0471, 0.729, 0.0578, 0.0303, 0.066], [0.0734, 0.0528, 0.0622, 0.6279, 0.0438, 0.0593, 0.0805], [0.0553, 0.0602, 0.0728, 0.6978, 0.0617, 0.0305, 0.0216], [0.083, 0.0357, 0.0566, 0.6708, 0.0188, 0.0464, 0.0887], [0.0504, 0.0583, 0.0176, 0.7367, 0.0789, 0.0137, 0.0445], [0.0396, 0.0589, 0.0393, 0.6956, 0.0632, 0.029, 0.0744], [0.0444, 0.0275, 0.0458, 0.7077, 0.0611, 0.0871, 0.0265], [0.0767, 0.0688, 0.0387, 0.6041, 0.0708, 0.0599, 0.081], [0.0669, 0.0226, 0.0615, 0.7031, 0.0253, 0.0645, 0.056], [0.0417, 0.0431, 0.0399, 0.6942, 0.0732, 0.025, 0.0828], [0.0236, 0.0779, 0.0624, 0.7265, 0.0472, 0.0366, 0.0258], [0.0561, 0.0317, 0.074, 0.6757, 0.0185, 0.0753, 0.0687], [0.0486, 0.0806, 0.0815, 0.631, 0.072, 0.0176, 0.0687], [0.0286, 0.0291, 0.0461, 0.7327, 0.0411, 0.0925, 0.0298], [0.0152, 0.0339, 0.0586, 0.746, 0.0508, 0.0308, 0.0648], [0.0258, 0.0336, 0.0398, 0.7378, 0.0656, 0.0255, 0.0719], [0.0167, 0.0268, 0.0178, 0.7484, 0.0821, 0.0416, 0.0667], [0.0513, 0.0331, 0.0268, 0.7501, 0.0753, 0.0491, 0.0142], [0.0311, 0.0473, 0.0846, 0.6763, 0.0621, 0.0646, 0.034]], "emotions": ["green", "green", "green", "green", "green", "green", "green", "green", "green", "green", "green", "green", "green", "green", "green", "green", "green", "green", "green", "green", "green", "green", "green", "green", "green", "green", "green", "green", "green", "green", "green", "green", "green", "green", "green", "green", "green", "green", "green", "green", "green", "green", "green", "green", "green", "green", "green", "green", "green", "green", "green", "green", "green", "green", "green", "green", "green", "green", "green", "green", "green", "green", "green", "green", "green", "green", "green", "green", "green", "green", "green", "green", "green", "green", "green", "green", "green", "green", "green", "green"], "timestamps": [0, 40, 80, 120, 160, 200, 240, 280, 320, 360, 400, 440, 480, 520, 560, 600, 640, 680, 720, 760, 800, 840, 880, 920, 960, 1000, 1040, 1080, 1120, 1160, 1200, 1240, 1280, 1320, 1360, 1400, 1440, 1480, 1520, 1560, 1600, 1640, 1680, 1720, 1760, 1800, 1840, 1880, 1920, 1960, 2000, 2040, 2080, 2120, 2160, 2200, 2240, 2280, 2320, 2360, 2400, 2440, 2480, 2520, 2560, 2600, 2640, 2680, 2720, 2760, 2800, 2840, 2880, 2920, 2960, 3000, 3040, 3080, 3120, 3160]}], "conversation": [], "conversation_timestamps": []}