{"agent_id": "agent-blue-1270", "type": "blue", "trips": [{"trip_id": 0, "transport_method": "car", "start_time": 0, "path": [[1.5139449, 42.5020708], [1.5142475, 42.502326], [1.5146664, 42.502507], [1.5146904, 42.5025222], [1.5150723, 42.5027764], [1.5154541, 42.5030307], [1.515836, 42.5032849], [1.5155017, 42.5030411], [1.5151133, 42.502797], [1.5154825, 42.503048], [1.5158621, 42.5033057], [1.5162489, 42.5035515], [1.5166831, 42.5036939], [1.517138, 42.5037447], [1.5175953, 42.503726], [1.5180503, 42.5036672], [1.5185052, 42.5036085], [1.5189602, 42.5035497], [1.5193247, 42.5038009], [1.5197748, 42.5038192], [1.5202054, 42.5039443], [1.5206295, 42.5041194], [1.5210535, 42.5042945], [1.5214818, 42.504458], [1.5218995, 42.5046372], [1.5220914, 42.5050139], [1.5220653, 42.5054719], [1.5219168, 42.5058983], [1.5217275, 42.5063154], [1.5217086, 42.5067074], [1.5221375, 42.5068507], [1.5224132, 42.507037], [1.5225114, 42.5074777], [1.5228988, 42.5076843], [1.5233426, 42.5078007], [1.523799, 42.5077823], [1.5242572, 42.5077795], [1.5247068, 42.5078677], [1.5251476, 42.5079948], [1.5255864, 42.5081273], [1.5259407, 42.5083559], [1.5263857, 42.5084667], [1.5268406, 42.5085173], [1.5272986, 42.5085336], [1.5277211, 42.5087056], [1.5280954, 42.5089696], [1.5284313, 42.5092816], [1.5287451, 42.5096162], [1.5291071, 42.5098914], [1.5294143, 42.5102001], [1.529869, 42.5101724], [1.5303232, 42.510237], [1.5307761, 42.5101963], [1.5312093, 42.5103267], [1.5316355, 42.5104961], [1.5320702, 42.5106427], [1.5325077, 42.5107805], [1.5329438, 42.5109228], [1.5332952, 42.5111818], [1.5334683, 42.5116005], [1.533732, 42.5119758], [1.5339957, 42.5123512], [1.5342595, 42.5127265], [1.5339966, 42.5126645], [1.533676, 42.5123488], [1.5335788, 42.5119051], [1.5333776, 42.5115311], [1.5335336, 42.5118396], [1.5337125, 42.5122621], [1.5338913, 42.5126845], [1.5340702, 42.5131069], [1.5340281, 42.5135204], [1.5336543, 42.5137438], [1.5332144, 42.5138703], [1.5327841, 42.5140203], [1.5323981, 42.5142665], [1.5320398, 42.5145416], [1.5317334, 42.5148821], [1.5313841, 42.5151794], [1.5313673, 42.5151931]], "mood_vectors": [[0.0548, 0.0432, 0.0366, 0.6823, 0.0764, 0.0613, 0.0454], [0.0213, 0.0832, 0.0438, 0.6338, 0.0702, 0.0777, 0.07], [0.0335, 0.0784, 0.0655, 0.6671, 0.088, 0.0324, 0.0352], [0.0803, 0.074, 0.0804, 0.6199, 0.0509, 0.0749, 0.0197], [0.0285, 0.0422, 0.0654, 0.668, 0.0691, 0.0753, 0.0514], [0.0641, 0.0403, 0.0474, 0.6586, 0.0207, 0.0707, 0.0981], [0.072, 0.0645, 0.0647, 0.6784, 0.0429, 0.0609, 0.0166], [0.029, 0.0373, 0.0332, 0.7712, 0.0529, 0.0267, 0.0497], [0.0594, 0.0589, 0.0645, 0.6573, 0.0433, 0.0669, 0.0497], [0.0491, 0.0816, 0.0354, 0.7115, 0.0585, 0.0496, 0.0142], [0.0235, 0.0956, 0.0299, 0.7386, 0.0159, 0.0612, 0.0353], [0.0768, 0.0498, 0.0697, 0.6679, 0.0486, 0.0141, 0.0731], [0.0514, 0.0573, 0.0569, 0.6587, 0.0405, 0.0594, 0.0759], [0.0603, 0.0699, 0.0234, 0.7098, 0.0177, 0.0717, 0.0472], [0.071, 0.058, 0.0295, 0.7161, 0.0368, 0.0148, 0.0736], [0.0201, 0.0255, 0.0716, 0.7424, 0.0508, 0.0638, 0.0257], [0.0813, 0.0161, 0.0806, 0.6909, 0.0238, 0.051, 0.0563], [0.0181, 0.0787, 0.0666, 0.674, 0.0546, 0.0336, 0.0743], [0.0595, 0.0838, 0.0273, 0.7059, 0.043, 0.0163, 0.0642], [0.0665, 0.023, 0.0712, 0.7001, 0.0928, 0.0213, 0.0251], [0.0331, 0.0756, 0.0784, 0.6321, 0.0376, 0.0623, 0.0808], [0.0842, 0.0294, 0.0277, 0.7701, 0.0167, 0.0463, 0.0257], [0.0224, 0.0338, 0.0807, 0.7595, 0.0172, 0.0364, 0.0501], [0.0376, 0.0803, 0.0127, 0.6929, 0.0696, 0.0474, 0.0596], [0.0709, 0.0187, 0.0486, 0.7135, 0.0664, 0.0235, 0.0584], [0.0451, 0.0718, 0.0897, 0.6827, 0.0428, 0.0328, 0.035], [0.0248, 0.0355, 0.064, 0.7319, 0.0315, 0.0448, 0.0675], [0.0518, 0.0279, 0.0612, 0.7204, 0.0163, 0.0626, 0.0598], [0.0196, 0.0559, 0.0762, 0.6797, 0.0851, 0.0623, 0.0211], [0.0514, 0.0815, 0.0346, 0.6531, 0.0719, 0.0438, 0.0637], [0.0298, 0.0728, 0.0425, 0.7205, 0.0496, 0.0354, 0.0492], [0.0143, 0.0295, 0.0762, 0.7391, 0.0463, 0.0517, 0.0428], [0.042, 0.0548, 0.032, 0.6967, 0.0721, 0.0494, 0.053], [0.0634, 0.0408, 0.0632, 0.6953, 0.0697, 0.0509, 0.0166], [0.0395, 0.0566, 0.0483, 0.7278, 0.0458, 0.0206, 0.0613], [0.0226, 0.0342, 0.0508, 0.7418, 0.0312, 0.0637, 0.0559], [0.0871, 0.0555, 0.0887, 0.5896, 0.0233, 0.074, 0.0818], [0.0337, 0.0825, 0.0753, 0.6575, 0.0475, 0.0538, 0.0497], [0.0219, 0.0725, 0.0226, 0.7343, 0.0754, 0.0602, 0.0131], [0.0171, 0.0257, 0.0239, 0.782, 0.0906, 0.0375, 0.0232], [0.0553, 0.0574, 0.0217, 0.6426, 0.0596, 0.0795, 0.0839], [0.037, 0.0247, 0.058, 0.6802, 0.0882, 0.0487, 0.0632], [0.0254, 0.0451, 0.0487, 0.7623, 0.06, 0.0394, 0.0192], [0.0539, 0.0434, 0.0535, 0.6943, 0.07, 0.041, 0.0438], [0.0383, 0.021, 0.0491, 0.7311, 0.0298, 0.0695, 0.0613], [0.0769, 0.093, 0.0254, 0.6181, 0.0688, 0.0703, 0.0475], [0.0687, 0.0528, 0.0902, 0.6649, 0.0248, 0.062, 0.0366], [0.0347, 0.0314, 0.0484, 0.7091, 0.0645, 0.0271, 0.0849], [0.0884, 0.0369, 0.0591, 0.7339, 0.0365, 0.0207, 0.0245], [0.0688, 0.0326, 0.0674, 0.6647, 0.0589, 0.0592, 0.0484], [0.0413, 0.0178, 0.0443, 0.757, 0.0506, 0.0453, 0.0437], [0.0514, 0.068, 0.0457, 0.673, 0.069, 0.0625, 0.0304], [0.0649, 0.0689, 0.0275, 0.6689, 0.063, 0.0502, 0.0566], [0.075, 0.06, 0.0194, 0.6666, 0.0834, 0.0495, 0.046], [0.0228, 0.0792, 0.0837, 0.6289, 0.0205, 0.0839, 0.0809], [0.0433, 0.0642, 0.0799, 0.6252, 0.0344, 0.0737, 0.0794], [0.0231, 0.0818, 0.0582, 0.6538, 0.0706, 0.0645, 0.0481], [0.0611, 0.0266, 0.0242, 0.7755, 0.0178, 0.058, 0.0369], [0.0589, 0.0496, 0.0672, 0.6503, 0.064, 0.033, 0.077], [0.0189, 0.0514, 0.085, 0.6426, 0.0597, 0.0747, 0.0677], [0.0341, 0.0569, 0.0708, 0.7115, 0.0467, 0.0298, 0.0501], [0.0355, 0.0417, 0.0923, 0.6696, 0.0505, 0.0915, 0.0188], [0.0766, 0.0519, 0.0455, 0.6409, 0.09, 0.0207, 0.0743], [0.0218, 0.057, 0.0762, 0.6803, 0.0869, 0.0581, 0.0197], [0.0278, 0.0397, 0.0176, 0.7287, 0.0528, 0.0569, 0.0766], [0.0303, 0.0664, 0.0477, 0.7381, 0.0207, 0.0384, 0.0583], [0.0281, 0.0501, 0.0581, 0.701, 0.0604, 0.0378, 0.0645], [0.0433, 0.0663, 0.0645, 0.6748, 0.0537, 0.0424, 0.0551], [0.0493, 0.0678, 0.0922, 0.6107, 0.0577, 0.0397, 0.0827], [0.0758, 0.0339, 0.0261, 0.7831, 0.0201, 0.035, 0.0259], [0.0609, 0.0546, 0.0287, 0.6621, 0.0762, 0.0616, 0.056], [0.0523, 0.0763, 0.0813, 0.6845, 0.0421, 0.0153, 0.0482], [0.0513, 0.0824, 0.0178, 0.7285, 0.0734, 0.0308, 0.016], [0.0208, 0.0239, 0.0254, 0.7914, 0.0556, 0.0327, 0.0502], [0.0333, 0.0366, 0.0626, 0.6802, 0.0327, 0.0749, 0.0797], [0.0863, 0.0334, 0.0524, 0.6255, 0.0956, 0.0715, 0.0353], [0.078, 0.063, 0.0217, 0.6828, 0.0523, 0.0631, 0.0391], [0.045, 0.0519, 0.0773, 0.7475, 0.0201, 0.04, 0.0182], [0.0594, 0.0749, 0.0493, 0.6695, 0.06, 0.0157, 0.0713], [0.0473, 0.0682, 0.0512, 0.7047, 0.0561, 0.0128, 0.0597]], "emotions": ["green", "green", "green", "green", "green", "green", "green", "green", "green", "green", "green", "green", "green", "green", "green", "green", "green", "green", "green", "green", "green", "green", "green", "green", "green", "green", "green", "green", "green", "green", "green", "green", "green", "green", "green", "green", "green", "green", "green", "green", "green", "green", "green", "green", "green", "green", "green", "green", "green", "green", "green", "green", "green", "green", "green", "green", "green", "green", "green", "green", "green", "green", "green", "green", "green", "green", "green", "green", "green", "green", "green", "green", "green", "green", "green", "green", "green", "green", "green", "green"], "timestamps": [0, 40, 80, 120, 160, 200, 240, 280, 320, 360, 400, 440, 480, 520, 560, 600, 640, 680, 720, 760, 800, 840, 880, 920, 960, 1000, 1040, 1080, 1120, 1160, 1200, 1240, 1280, 1320, 1360, 1400, 1440, 1480, 1520, 1560, 1600, 1640, 1680, 1720, 1760, 1800, 1840, 1880, 1920, 1960, 2000, 2040, 2080, 2120, 2160, 2200, 2240, 2280, 2320, 2360, 2400, 2440, 2480, 2520, 2560, 2600, 2640, 2680, 2720, 2760, 2800, 2840, 2880, 2920, 2960, 3000, 3040, 3080, 3120, 3160]}], "conversation": [], "conversation_timestamps": []}