{"agent_id": "agent-purple-1514", "type": "purple", "trips": [{"trip_id": 0, "transport_method": "car", "start_time": 0, "path": [[1.540531, 42.511786], [1.540566, 42.5117941], [1.5406009, 42.5118023], [1.5406358, 42.5118104], [1.5406707, 42.5118185], [1.5407056, 42.5118267], [1.5407409, 42.5118331], [1.5407763, 42.511839], [1.5408104, 42.5118498], [1.5408443, 42.5118615], [1.540878, 42.5118737], [1.5409107, 42.5118883], [1.5409434, 42.5119029], [1.5409738, 42.5119207], [1.5409734, 42.511948], [1.5409395, 42.5119596], [1.540907, 42.5119748], [1.5408747, 42.5119903], [1.5408452, 42.5120103], [1.5408204, 42.5120359], [1.5408099, 42.5120655], [1.5408435, 42.5120752], [1.5408794, 42.512077], [1.5409152, 42.5120788], [1.540951, 42.5120807], [1.5409868, 42.5120818], [1.5410226, 42.5120828], [1.5410569, 42.5120927], [1.5410879, 42.5121097], [1.5411067, 42.5121397], [1.5411043, 42.5121755], [1.5411006, 42.5122083], [1.5410677, 42.5122193], [1.541032, 42.5122227], [1.5409963, 42.5122261], [1.5409606, 42.5122295], [1.540925, 42.5122331], [1.5408896, 42.5122387], [1.5408542, 42.5122444], [1.5408188, 42.5122504], [1.5407835, 42.5122563], [1.5407481, 42.5122623], [1.5407128, 42.5122682], [1.5406823, 42.5122871], [1.5406524, 42.5123069], [1.5406235, 42.5123278], [1.5406064, 42.512355], [1.5406315, 42.5123806], [1.5406628, 42.512394], [1.5406983, 42.5123993], [1.5407337, 42.5124045], [1.5407692, 42.5124098], [1.5407927, 42.5124273], [1.5408285, 42.5124264], [1.5408643, 42.5124256], [1.5409002, 42.5124248], [1.540936, 42.512424], [1.5409719, 42.5124234], [1.5410077, 42.5124232], [1.5410436, 42.512423], [1.5410794, 42.5124227], [1.5411153, 42.5124236], [1.541151, 42.5124265], [1.5411867, 42.5124294], [1.5412225, 42.5124323], [1.5412581, 42.5124356], [1.5412934, 42.5124423], [1.5413286, 42.512449], [1.5413638, 42.5124557], [1.5413985, 42.5124649], [1.5414322, 42.5124765], [1.5414648, 42.5124915], [1.5414932, 42.5125124], [1.5415183, 42.5125378], [1.5415484, 42.5125573], [1.5415792, 42.5125755], [1.5416117, 42.5125907], [1.5416441, 42.512606], [1.5416755, 42.5126229], [1.541702, 42.512647]], "mood_vectors": [[0.0257, 0.0363, 0.0665, 0.026, 0.0601, 0.7234, 0.062], [0.0525, 0.0183, 0.0522, 0.0657, 0.0343, 0.7575, 0.0194], [0.0615, 0.016, 0.0897, 0.0725, 0.0833, 0.6029, 0.0742], [0.0413, 0.0549, 0.0294, 0.0375, 0.0338, 0.7699, 0.0333], [0.0465, 0.0924, 0.028, 0.0524, 0.0912, 0.6183, 0.0712], [0.0734, 0.0579, 0.0481, 0.0731, 0.0138, 0.71, 0.0237], [0.0611, 0.0533, 0.0441, 0.0309, 0.0577, 0.7299, 0.0231], [0.033, 0.0728, 0.0237, 0.0441, 0.0591, 0.7082, 0.0592], [0.0812, 0.0362, 0.0668, 0.0456, 0.0586, 0.685, 0.0266], [0.0602, 0.0655, 0.0737, 0.0765, 0.0235, 0.6309, 0.0697], [0.0852, 0.0664, 0.0588, 0.0615, 0.0335, 0.6224, 0.0723], [0.0231, 0.0547, 0.0274, 0.0249, 0.0893, 0.7005, 0.0802], [0.0668, 0.0315, 0.0211, 0.0684, 0.0129, 0.7337, 0.0656], [0.072, 0.0265, 0.0476, 0.0681, 0.0493, 0.6557, 0.0806], [0.0202, 0.0779, 0.0841, 0.0164, 0.0179, 0.7355, 0.0479], [0.0564, 0.0641, 0.0492, 0.0277, 0.0207, 0.704, 0.078], [0.0352, 0.0577, 0.0171, 0.0459, 0.0327, 0.7216, 0.0897], [0.0685, 0.061, 0.0406, 0.0182, 0.0558, 0.6967, 0.0592], [0.0656, 0.0486, 0.0823, 0.0818, 0.0319, 0.6098, 0.0801], [0.0335, 0.0359, 0.0698, 0.0821, 0.0643, 0.6486, 0.0658], [0.0183, 0.0374, 0.0696, 0.0484, 0.0359, 0.7252, 0.0652], [0.0214, 0.0682, 0.0691, 0.0455, 0.0599, 0.7144, 0.0215], [0.0375, 0.0465, 0.0235, 0.018, 0.0416, 0.759, 0.0739], [0.0523, 0.0129, 0.0817, 0.0722, 0.0571, 0.6571, 0.0668], [0.0799, 0.0581, 0.054, 0.0393, 0.0288, 0.6603, 0.0795], [0.0222, 0.0542, 0.0815, 0.06, 0.0396, 0.6856, 0.0569], [0.0336, 0.0649, 0.082, 0.054, 0.0807, 0.6132, 0.0717], [0.0373, 0.0668, 0.0705, 0.0795, 0.054, 0.6656, 0.0263], [0.0244, 0.0359, 0.0217, 0.0628, 0.0212, 0.7554, 0.0786], [0.0633, 0.0455, 0.0194, 0.0271, 0.0198, 0.7855, 0.0395], [0.0237, 0.0601, 0.0524, 0.0688, 0.0683, 0.6779, 0.0488], [0.0685, 0.0184, 0.0368, 0.0501, 0.0344, 0.7781, 0.0137], [0.0717, 0.0387, 0.0503, 0.07, 0.0659, 0.6906, 0.0128], [0.0596, 0.0441, 0.048, 0.034, 0.0369, 0.7124, 0.065], [0.0469, 0.0269, 0.0174, 0.0714, 0.0365, 0.7663, 0.0346], [0.0224, 0.0445, 0.0798, 0.031, 0.0241, 0.7265, 0.0717], [0.073, 0.0212, 0.0424, 0.0612, 0.0805, 0.6839, 0.0378], [0.0165, 0.0176, 0.0487, 0.0429, 0.0697, 0.735, 0.0695], [0.0259, 0.0496, 0.0599, 0.0745, 0.0734, 0.6766, 0.0402], [0.0705, 0.0714, 0.0462, 0.0681, 0.0446, 0.6847, 0.0146], [0.0415, 0.0301, 0.059, 0.0736, 0.0795, 0.6573, 0.059], [0.0305, 0.0708, 0.0221, 0.0805, 0.0443, 0.7017, 0.0501], [0.0644, 0.0266, 0.0505, 0.0687, 0.051, 0.7131, 0.0257], [0.0532, 0.0229, 0.0886, 0.0722, 0.0729, 0.6156, 0.0746], [0.0944, 0.0798, 0.0219, 0.0805, 0.0171, 0.6661, 0.0402], [0.0271, 0.0632, 0.0559, 0.0572, 0.0565, 0.663, 0.0769], [0.0267, 0.053, 0.0792, 0.0387, 0.0226, 0.7051, 0.0747], [0.0783, 0.0182, 0.0317, 0.0339, 0.0402, 0.751, 0.0466], [0.0662, 0.065, 0.025, 0.08, 0.0289, 0.6771, 0.0579], [0.0184, 0.0328, 0.0615, 0.0225, 0.0649, 0.7453, 0.0546], [0.0381, 0.0147, 0.0712, 0.0407, 0.059, 0.7235, 0.0528], [0.0681, 0.0275, 0.0281, 0.0275, 0.0519, 0.7416, 0.0553], [0.0476, 0.0649, 0.0195, 0.0699, 0.0713, 0.6741, 0.0526], [0.0651, 0.0751, 0.011, 0.0618, 0.0584, 0.6625, 0.0661], [0.0292, 0.0205, 0.0577, 0.0849, 0.0541, 0.6892, 0.0645], [0.0373, 0.0326, 0.0777, 0.0842, 0.0221, 0.7054, 0.0406], [0.0363, 0.0486, 0.1032, 0.0559, 0.0158, 0.7172, 0.023], [0.0609, 0.0938, 0.0327, 0.0845, 0.0527, 0.6329, 0.0425], [0.018, 0.064, 0.0879, 0.0457, 0.0393, 0.6608, 0.0843], [0.0506, 0.0899, 0.0537, 0.0641, 0.0291, 0.6225, 0.0901], [0.0626, 0.0449, 0.0335, 0.0428, 0.032, 0.7269, 0.0573], [0.0618, 0.0432, 0.0523, 0.0264, 0.0408, 0.7359, 0.0396], [0.0301, 0.059, 0.062, 0.0609, 0.0393, 0.7153, 0.0335], [0.0481, 0.0514, 0.0779, 0.0415, 0.0703, 0.6933, 0.0174], [0.0458, 0.0497, 0.014, 0.024, 0.0393, 0.8055, 0.0218], [0.0392, 0.0759, 0.0532, 0.039, 0.0175, 0.7197, 0.0554], [0.0649, 0.0664, 0.061, 0.0723, 0.0517, 0.6622, 0.0214], [0.0656, 0.0546, 0.0431, 0.0174, 0.0888, 0.7151, 0.0155], [0.0262, 0.0439, 0.0886, 0.0818, 0.0635, 0.6534, 0.0424], [0.0597, 0.0688, 0.0737, 0.0794, 0.0274, 0.6106, 0.0803], [0.0906, 0.0298, 0.0554, 0.0408, 0.057, 0.7017, 0.0247], [0.0652, 0.0486, 0.0645, 0.0391, 0.0648, 0.6377, 0.0801], [0.038, 0.0152, 0.0575, 0.0564, 0.0448, 0.7214, 0.0667], [0.0765, 0.059, 0.045, 0.0165, 0.0359, 0.6919, 0.0753], [0.0559, 0.086, 0.0172, 0.0153, 0.0507, 0.6997, 0.0752], [0.0742, 0.0656, 0.0752, 0.0229, 0.021, 0.673, 0.0681], [0.0323, 0.0655, 0.0623, 0.02, 0.071, 0.7173, 0.0317], [0.0496, 0.0349, 0.0529, 0.0791, 0.0437, 0.7011, 0.0386], [0.0194, 0.0159, 0.0552, 0.0174, 0.0867, 0.7226, 0.0827], [0.0964, 0.0265, 0.0698, 0.0252, 0.0146, 0.7408, 0.0267]], "emotions": ["purple", "purple", "purple", "purple", "purple", "purple", "purple", "purple", "purple", "purple", "purple", "purple", "purple", "purple", "purple", "purple", "purple", "purple", "purple", "purple", "purple", "purple", "purple", "purple", "purple", "purple", "purple", "purple", "purple", "purple", "purple", "purple", "purple", "purple", "purple", "purple", "purple", "purple", "purple", "purple", "purple", "purple", "purple", "purple", "purple", "purple", "purple", "purple", "purple", "purple", "purple", "purple", "purple", "purple", "purple", "purple", "purple", "purple", "purple", "purple", "purple", "purple", "purple", "purple", "purple", "purple", "purple", "purple", "purple", "purple", "purple", "purple", "purple", "purple", "purple", "purple", "purple", "purple", "purple", "purple"], "timestamps": [0, 40, 80, 120, 160, 200, 240, 280, 320, 360, 400, 440, 480, 520, 560, 600, 640, 680, 720, 760, 800, 840, 880, 920, 960, 1000, 1040, 1080, 1120, 1160, 1200, 1240, 1280, 1320, 1360, 1400, 1440, 1480, 1520, 1560, 1600, 1640, 1680, 1720, 1760, 1800, 1840, 1880, 1920, 1960, 2000, 2040, 2080, 2120, 2160, 2200, 2240, 2280, 2320, 2360, 2400, 2440, 2480, 2520, 2560, 2600, 2640, 2680, 2720, 2760, 2800, 2840, 2880, 2920, 2960, 3000, 3040, 3080, 3120, 3160]}], "conversation": [], "conversation_timestamps": []}