{
  "agent_id": "agent-type-purple-72",
  "type": "purple",
  "trips": [
    {
      "trip_id": 0,
      "transport_method": "car",
      "start_time": 0,
      "path": [
        [
          1.5251201000000005,
          42.504908999999984
        ],
        [
          1.5255208535249793,
          42.504716282497085
        ],
        [
          1.5260853523530251,
          42.50482208883446
        ],
        [
          1.5266309296445235,
          42.50497276119254
        ],
        [
          1.5270132618089216,
          42.50515468826376
        ],
        [
          1.5275159330936332,
          42.50519754610957
        ],
        [
          1.5279610123225398,
          42.505324384025954
        ],
        [
          1.528254928117282,
          42.50558544376544
        ],
        [
          1.5277444893118661,
          42.505516899749715
        ],
        [
          1.5272166658270625,
          42.50548482721402
        ],
        [
          1.5272323398393104,
          42.50548430097066
        ],
        [
          1.5270307934346825,
          42.50535731043264
        ],
        [
          1.5264633288359712,
          42.50526877887272
        ],
        [
          1.5260797208832444,
          42.50546257489638
        ],
        [
          1.5262148785775478,
          42.505830301107835
        ],
        [
          1.5264468227918004,
          42.506109740882714
        ],
        [
          1.5263734936108844,
          42.506367186970834
        ],
        [
          1.5267256552438868,
          42.50615955411678
        ],
        [
          1.5268700660411563,
          42.50584920123106
        ],
        [
          1.527301360349613,
          42.50621145810909
        ],
        [
          1.527546301326632,
          42.50671947831788
        ],
        [
          1.527888652972997,
          42.50718006196492
        ],
        [
          1.5274157208557182,
          42.5071867486408
        ],
        [
          1.5268432520369974,
          42.50714056033615
        ],
        [
          1.526270783218277,
          42.5070943720315
        ],
        [
          1.526189165570689,
          42.50689974975943
        ],
        [
          1.5257783944759495,
          42.50704966629136
        ],
        [
          1.525235708849334,
          42.50700903627591
        ],
        [
          1.525786026139741,
          42.507107792187824
        ],
        [
          1.5263582963509843,
          42.507156379359145
        ],
        [
          1.5267194944884463,
          42.507313893026364
        ],
        [
          1.5263379000000004,
          42.5076808
        ]
      ],
      "emotions": [
        "purple",
        "purple",
        "purple",
        "purple",
        "purple",
        "green",
        "green",
        "green",
        "green",
        "green",
        "purple",
        "purple",
        "purple",
        "purple",
        "purple",
        "red",
        "red",
        "red",
        "red",
        "red",
        "purple",
        "purple",
        "purple",
        "purple",
        "purple",
        "purple",
        "purple",
        "purple",
        "purple",
        "purple",
        "purple",
        "purple"
      ],
      "mood_vectors": [
        [
          0.2094931928389879,
          0.173263874917023,
          0.20884620893294667,
          0.11594830254989484,
          0.04553158701983549,
          0.14402154202807557,
          0.1028952917132366
        ],
        [
          0.16580262223031797,
          0.29312677194855885,
          0.22081160007383788,
          0.1888954295113321,
          0.0811725665917921,
          0.02014436574944704,
          0.03004664389471408
        ],
        [
          0.17821364775217388,
          0.17662414207156113,
          0.06503431834245173,
          0.11326542280803206,
          0.1181797379561753,
          0.18224596256464776,
          0.16643676850495817
        ],
        [
          0.2580554054497448,
          0.0913532416604212,
          0.2736361626398172,
          0.08577945183327211,
          0.046025608314001425,
          0.0732024439843072,
          0.171947686118436
        ],
        [
          0.02621108697218874,
          0.02294177505285728,
          0.2185233098572601,
          0.22026153904177448,
          0.23919744194374906,
          0.0935945072898045,
          0.17927033984236587
        ],
        [
          0.2450727441602432,
          0.14520416046452997,
          0.0610319751755849,
          0.17410504160858292,
          0.17592311442873718,
          0.04441571934990873,
          0.15424724481241314
        ],
        [
          0.013376783297161132,
          0.25597983212040715,
          0.21812513718528062,
          0.17085084179182708,
          0.04231440501350409,
          0.12125214635377687,
          0.17810085423804306
        ],
        [
          0.05754771792757963,
          0.09287354647715736,
          0.2544426292519309,
          0.03669435054888512,
          0.2681435722559323,
          0.10737315313101282,
          0.18292503040750188
        ],
        [
          0.08683491623360483,
          0.09568210305236331,
          0.26300567597161423,
          0.03485084901058668,
          0.0852450302102929,
          0.2562184115456889,
          0.1781630139758492
        ],
        [
          0.1849812650819004,
          0.21981424843397487,
          0.19454181805735057,
          0.20654331366981943,
          0.012583416627047187,
          0.14019967981415013,
          0.04133625831575744
        ],
        [
          0.13760477687370934,
          0.2291819968588564,
          0.0561244891517875,
          0.1592359506119887,
          0.14157051462585954,
          0.06486004595580924,
          0.21142222592198923
        ],
        [
          0.06594394995091397,
          0.014426680479442502,
          0.028575273729980425,
          0.20856986722983767,
          0.07068958079626324,
          0.31231761436917,
          0.29947703344439214
        ],
        [
          0.13390763846178438,
          0.20494156826866422,
          0.19196085865193235,
          0.13074652448837074,
          0.11663496486097674,
          0.1911921865065191,
          0.03061625876175251
        ],
        [
          0.2425807302890687,
          0.03285130575714296,
          0.048743111299171776,
          0.13086551661317936,
          0.21495451023292053,
          0.16204264706496185,
          0.16796217874355487
        ],
        [
          0.2572424576313371,
          0.07899937638777929,
          0.049111945124487785,
          0.07907617979872873,
          0.15181862047368874,
          0.16094284971547101,
          0.2228085708685074
        ],
        [
          0.29156527276212746,
          0.14516029082793028,
          0.04057685173470288,
          0.15121554712501753,
          0.10182731808557685,
          0.19540529844390453,
          0.07424942102074042
        ],
        [
          0.17764660602127083,
          0.08652455844084735,
          0.05323421237866508,
          0.20454857528928283,
          0.17142861803279916,
          0.059948043553214855,
          0.24666938628391996
        ],
        [
          0.06725386219504212,
          0.29891276156629115,
          0.037653142664751026,
          0.24931623339904693,
          0.060891625210851064,
          0.2543021396369344,
          0.03167023532708341
        ],
        [
          0.18360750186202254,
          0.14810659340258692,
          0.2499782684204242,
          0.22642258214624475,
          0.08967682414353428,
          0.007418525384555929,
          0.0947897046406313
        ],
        [
          0.3137317778014948,
          0.0717774854400804,
          0.036813701195621426,
          0.10070208110556837,
          0.03050182028238909,
          0.1120943087699181,
          0.33437882540492786
        ],
        [
          0.1373934320446102,
          0.1124374770061371,
          0.00867695816398355,
          0.07999580895887275,
          0.16960859567740139,
          0.294936066485326,
          0.19695166166366898
        ],
        [
          0.2194266764551215,
          0.26995866401964513,
          0.051062595036008525,
          0.05632223845154684,
          0.13672997140233106,
          0.07273674554893714,
          0.19376310908640973
        ],
        [
          0.15574898672757037,
          0.22437661546936216,
          0.06428533168706876,
          0.15593373941609706,
          0.24849985148506581,
          0.0042541173092994055,
          0.1469013579055365
        ],
        [
          0.2085148202661404,
          0.16712119059561262,
          0.06309900683070907,
          0.10718605992209522,
          0.1535629531597431,
          0.10592451889830665,
          0.19459145032739295
        ],
        [
          0.04530004369491936,
          0.05472807111508808,
          0.3584812363715861,
          0.25566359695717594,
          0.03352090337757529,
          0.1951381785049291,
          0.05716796997872609
        ],
        [
          0.2728580574932471,
          0.16409244307634802,
          0.08281664894723267,
          0.2324385407210644,
          0.112041236378117,
          0.1140645686462012,
          0.02168850473778963
        ],
        [
          0.09165998000636617,
          0.23210944103248338,
          0.08557785417139281,
          0.0064086940342214915,
          0.07131880443883018,
          0.33709741331405935,
          0.1758278130026467
        ],
        [
          0.33446956004658995,
          0.220941665082869,
          0.11486025193464466,
          0.02093398012443065,
          0.06873047142234093,
          0.0017465919596474657,
          0.23831747942947726
        ],
        [
          0.14290196528780025,
          0.00033552814759783985,
          0.23632672856004994,
          0.3062536552709831,
          0.23014156578600192,
          0.047568525785348724,
          0.03647203116221822
        ],
        [
          0.24706590196487827,
          0.007609299237975431,
          0.15538716700268296,
          0.08746509040480917,
          0.06368548947801081,
          0.28386311651233526,
          0.15492393539930818
        ],
        [
          0.03659164212267541,
          0.2033643360892531,
          0.06498371521806155,
          0.21510268680721709,
          0.26465423101840213,
          0.01580662068918618,
          0.1994967680552045
        ],
        [
          0.22026473072843145,
          0.1441175675631053,
          0.181726410031249,
          0.1547801572764598,
          0.20755411343491045,
          0.01965883773902205,
          0.071898183226822
        ]
      ],
      "timestamps": [
        0,
        1,
        2,
        3,
        4,
        5,
        6,
        7,
        8,
        9,
        10,
        11,
        12,
        13,
        14,
        15,
        16,
        17,
        18,
        19,
        20,
        21,
        22,
        23,
        24,
        25,
        26,
        27,
        28,
        29,
        30,
        31
      ],
      "distance": 492.2
    },
    {
      "trip_id": 1,
      "transport_method": "stopped",
      "start_time": 32,
      "path": [
        [
          1.5263379000000004,
          42.5076808
        ],
        [
          1.5263379000000004,
          42.5076808
        ],
        [
          1.5263379000000004,
          42.5076808
        ],
        [
          1.5263379000000004,
          42.5076808
        ],
        [
          1.5263379000000004,
          42.5076808
        ]
      ],
      "emotions": [
        "purple",
        "purple",
        "purple",
        "purple",
        "purple"
      ],
      "mood_vectors": [
        [
          0.1718706066848133,
          0.19541161973829768,
          0.17456226145736833,
          0.05169117406455196,
          0.17041005794855163,
          0.15271360256183236,
          0.08334067754458475
        ],
        [
          0.26747581323823394,
          0.24829600804446092,
          0.12759077296044924,
          0.19273972687329888,
          0.04508857078500638,
          0.10360960166462288,
          0.015199506433927697
        ],
        [
          0.15131490921516783,
          0.2545105645843799,
          0.0019974304267459954,
          0.06324595896610995,
          0.26605788138267567,
          0.20583491978858576,
          0.057038335636334925
        ],
        [
          0.23648805727410946,
          0.07356653451199603,
          0.1159100063631552,
          0.1538797284543765,
          0.191084062323781,
          0.13127829806987815,
          0.0977933130027037
        ],
        [
          0.25760592753636874,
          0.14529030177062816,
          0.05865852671953272,
          0.10483015909524022,
          0.1651464641155362,
          0.10736486415334837,
          0.16110375660934562
        ]
      ],
      "timestamps": [
        32,
        33,
        34,
        35,
        36
      ]
    },
    {
      "trip_id": 2,
      "transport_method": "bicycle",
      "start_time": 37,
      "path": [
        [
          1.5263379000000004,
          42.5076808
        ],
        [
          1.5264005304770205,
          42.50775459057286
        ],
        [
          1.526285612505706,
          42.50796514076985
        ],
        [
          1.5261595765229399,
          42.50791586208923
        ],
        [
          1.525938574195285,
          42.507799325872035
        ],
        [
          1.5257175718676297,
          42.50768278965485
        ],
        [
          1.5254965695399747,
          42.50756625343766
        ],
        [
          1.525311494295762,
          42.5077172153806
        ],
        [
          1.525146346164122,
          42.50790469554852
        ],
        [
          1.525231824556029,
          42.50802545373774
        ],
        [
          1.5254729159628784,
          42.5080910102194
        ],
        [
          1.5257140073697277,
          42.508156566701075
        ],
        [
          1.5256777223815514,
          42.50814670025169
        ],
        [
          1.5254366309747018,
          42.50808114377002
        ],
        [
          1.5251955395678525,
          42.50801558728835
        ],
        [
          1.5249547441923867,
          42.5079489591123
        ],
        [
          1.5247141863903333,
          42.507881470871716
        ],
        [
          1.524642209926448,
          42.50811549635256
        ],
        [
          1.5246125970352202,
          42.50833344363159
        ],
        [
          1.5248546609115745,
          42.508395312836456
        ],
        [
          1.5250967247879286,
          42.50845718204131
        ],
        [
          1.5253387886642829,
          42.508519051246175
        ],
        [
          1.5255780887843682,
          42.50858577659426
        ],
        [
          1.5257548999999997,
          42.508762299999994
        ]
      ],
      "emotions": [
        "green",
        "green",
        "green",
        "red",
        "red",
        "red",
        "red",
        "red",
        "green",
        "green",
        "green",
        "green",
        "green",
        "red",
        "red",
        "red",
        "red",
        "red",
        "green",
        "green",
        "green",
        "green",
        "green",
        "green"
      ],
      "mood_vectors": [
        [
          0.05447242764487209,
          0.014004219150811983,
          0.07873996502262391,
          0.272326823532035,
          0.08988128917363224,
          0.2034638195084131,
          0.28711145596761173
        ],
        [
          0.1473879736907093,
          0.06505123219436956,
          0.09069762689319809,
          0.3138052619484887,
          0.2975967910313176,
          0.07053294754235095,
          0.014928166699565808
        ],
        [
          0.05516471383574927,
          0.05748049459266307,
          0.15877095323882234,
          0.10373141322596395,
          0.25041930864334666,
          0.21183297921608898,
          0.16260013724736574
        ],
        [
          0.12280936413180538,
          0.03425350031717179,
          0.009882721264486428,
          0.15328762749388222,
          0.19966825367335173,
          0.2542196998210238,
          0.22587883329827865
        ],
        [
          0.13315370544325272,
          0.14681940052369963,
          0.18722287138091984,
          0.061419850223196334,
          0.20565711587316776,
          0.04099062597556951,
          0.22473643058019416
        ],
        [
          0.19890155848336905,
          0.00010157684758985105,
          0.2509436210283214,
          0.034990009301635636,
          0.27708846925225317,
          0.11754649938918019,
          0.12042826569765075
        ],
        [
          0.16957976480868334,
          0.1012619039040402,
          0.1988863966606143,
          0.1540114101272745,
          0.040079697773524804,
          0.18078851877124547,
          0.1553923079546174
        ],
        [
          0.024721904495000807,
          0.12833290220229662,
          0.07677331661069571,
          0.13838469830343503,
          0.21915333568138093,
          0.21199618148612265,
          0.2006376612210683
        ],
        [
          0.20285405265508621,
          0.03671617729301917,
          0.17729125602837392,
          0.11849460987212518,
          0.09526474711593999,
          0.1874922384910698,
          0.18188691854438574
        ],
        [
          0.20141389906332458,
          0.2054212146676395,
          0.019431906948498886,
          0.06073684339322078,
          0.1431371384291241,
          0.18822113344475952,
          0.18163786405343255
        ],
        [
          0.09910576756127976,
          0.03090686126672501,
          0.10747984736046402,
          0.35138057710221143,
          0.030057223435537076,
          0.13985502236631212,
          0.24121470090747058
        ],
        [
          0.29848037693566626,
          0.2256681103244593,
          0.2037843547269307,
          0.07006099328850635,
          0.020518164919748783,
          0.0668628732128293,
          0.1146251265918593
        ],
        [
          0.08352252327491819,
          0.13073359046146996,
          0.016194948488321613,
          0.11535319421090502,
          0.23826002662468762,
          0.202814392349502,
          0.2131213245901956
        ],
        [
          0.11122334785216964,
          0.2021321745744236,
          0.3032583428125161,
          0.24097838899664265,
          0.04230592544941306,
          0.024894284934580343,
          0.07520753538025458
        ],
        [
          0.03831198526170419,
          0.1500635922434002,
          0.1839632189228281,
          0.16080006582898257,
          0.12490033510475357,
          0.11279357796536289,
          0.2291672246729684
        ],
        [
          0.30495306596520805,
          0.03902816907499899,
          0.19034524068992584,
          0.050573110182507014,
          0.109941404343506,
          0.2339796676432455,
          0.07117934210060861
        ],
        [
          0.27177415641116914,
          0.0520973454552232,
          0.206307281237839,
          0.20839373593940683,
          0.04276724314146577,
          0.11104472402409254,
          0.10761551379080352
        ],
        [
          0.11225556670247112,
          0.21766912684409706,
          0.07995987355375113,
          0.16435834451567327,
          0.08782112726756858,
          0.04726610041922525,
          0.2906698606972136
        ],
        [
          0.07764852019160141,
          0.1564803754476127,
          0.25653468549196246,
          0.19385050108904509,
          0.2524722284671997,
          0.032197012661595824,
          0.03081667665098284
        ],
        [
          0.20099709081456296,
          0.24918033749668095,
          0.09143757311086204,
          0.1655096550804862,
          0.0067492362014848995,
          0.22323419718136903,
          0.06289191011455396
        ],
        [
          0.05965823668865591,
          0.14815829224578742,
          0.20071147031331077,
          0.06529430519472595,
          0.1590903111395046,
          0.10841125762176017,
          0.2586761267962551
        ],
        [
          0.17728534779240468,
          0.0678606676328894,
          0.09854760516138555,
          0.14681782117981584,
          0.23431441949599205,
          0.08995656593157669,
          0.18521757280593576
        ],
        [
          0.10076127809145324,
          0.19119003660336997,
          0.0993210934361437,
          0.15704932507544625,
          0.12257385599227354,
          0.11716076357986854,
          0.21194364722144476
        ],
        [
          0.1617303889444291,
          0.1318983084051315,
          0.17704898053351772,
          0.12581947310362618,
          0.24752939352767112,
          0.0004554985869276274,
          0.1555179568986968
        ]
      ],
      "timestamps": [
        37,
        38,
        39,
        40,
        41,
        42,
        43,
        44,
        45,
        46,
        47,
        48,
        49,
        50,
        51,
        52,
        53,
        54,
        55,
        56,
        57,
        58,
        59,
        60
      ],
      "distance": 138
    },
    {
      "trip_id": 3,
      "transport_method": "car",
      "start_time": 61,
      "path": [
        [
          1.5257548999999997,
          42.508762299999994
        ],
        [
          1.525204347205515,
          42.5084846892989
        ],
        [
          1.5245857779940388,
          42.50832658894192
        ],
        [
          1.5245421719744343,
          42.507843863368855
        ],
        [
          1.5239049793242359,
          42.50780374954583
        ],
        [
          1.5232785114534422,
          42.50785327743492
        ],
        [
          1.5231410296652064,
          42.50831006183477
        ],
        [
          1.52369673821968,
          42.50861863357668
        ],
        [
          1.5243001740778646,
          42.50881053478548
        ],
        [
          1.5249267930589492,
          42.508932895910064
        ],
        [
          1.5254568329968015,
          42.50921000649856
        ],
        [
          1.525240618646845,
          42.5089941772517
        ],
        [
          1.5246139996657604,
          42.50887181612712
        ],
        [
          1.523987380684676,
          42.50874945500254
        ],
        [
          1.5237601704189616,
          42.50887171727807
        ],
        [
          1.5237990406524806,
          42.50866814417473
        ],
        [
          1.5232391429119254,
          42.508365716646196
        ],
        [
          1.5226286376239937,
          42.50847257614324
        ],
        [
          1.5220068940849187,
          42.50841159421361
        ],
        [
          1.5220535599815546,
          42.50842224284984
        ],
        [
          1.5223502912146627,
          42.50871005230309
        ],
        [
          1.5218287669439141,
          42.50906020098799
        ],
        [
          1.5213042516334303,
          42.509405699758425
        ],
        [
          1.520701820645893,
          42.50961712468013
        ],
        [
          1.520148640271607,
          42.509398495745955
        ],
        [
          1.5196096055232926,
          42.509056347923554
        ],
        [
          1.5190705707749783,
          42.508714200101146
        ],
        [
          1.5185043130415217,
          42.50843074096358
        ],
        [
          1.5179555383003165,
          42.50811539042963
        ],
        [
          1.5174291906080002,
          42.50775403527694
        ],
        [
          1.5170343107912396,
          42.50749138778162
        ],
        [
          1.5173672864866787,
          42.507712303632346
        ],
        [
          1.517096525620521,
          42.507532664794105
        ],
        [
          1.5176259080733894,
          42.507889513161295
        ],
        [
          1.5181525749563674,
          42.50825040869554
        ],
        [
          1.518717407717378,
          42.50821820844559
        ],
        [
          1.5192923313740465,
          42.50794056410247
        ],
        [
          1.519605448255195,
          42.508175000110356
        ],
        [
          1.5198942,
          42.50865760000001
        ]
      ],
      "emotions": [
        "green",
        "green",
        "green",
        "green",
        "purple",
        "purple",
        "purple",
        "purple",
        "purple",
        "purple",
        "purple",
        "purple",
        "purple",
        "purple",
        "red",
        "red",
        "red",
        "red",
        "red",
        "red",
        "red",
        "red",
        "red",
        "red",
        "red",
        "red",
        "red",
        "red",
        "red",
        "purple",
        "purple",
        "purple",
        "purple",
        "purple",
        "red",
        "red",
        "red",
        "red",
        "red"
      ],
      "mood_vectors": [
        [
          0.1810282904565829,
          0.1506586442386843,
          0.14759794148522254,
          0.14925791173820668,
          0.1577916906656526,
          0.016674222579012656,
          0.19699129883663835
        ],
        [
          0.13433603333195926,
          0.0009022392349424453,
          0.19279005816398803,
          0.15529692218799604,
          0.12598912818838776,
          0.23894865676337568,
          0.15173696212935078
        ],
        [
          0.17572042909712116,
          0.14236301463817352,
          0.16080581447943934,
          0.05051087511189551,
          0.13091202550497127,
          0.1497395023046533,
          0.1899483388637459
        ],
        [
          0.1491185340166528,
          0.1339791880136214,
          0.024882208024661734,
          0.35914421023544735,
          0.04598186400018593,
          0.09498326748995153,
          0.1919107282194793
        ],
        [
          0.058026930287547726,
          0.1638936492493377,
          0.14706116760211216,
          0.2184296226401094,
          0.11249752600994907,
          0.20735970269171858,
          0.09273140151922536
        ],
        [
          0.16723994857719449,
          0.09667655797191603,
          0.08354021300561816,
          0.09707784012352079,
          0.23114258620878644,
          0.15885659687841125,
          0.1654662572345528
        ],
        [
          0.20390653916148954,
          0.20031798183591878,
          0.030222610338333677,
          0.014258299154791529,
          0.13646766833140875,
          0.1796958397683747,
          0.235131061409683
        ],
        [
          0.17705295936544352,
          0.025773292671431934,
          0.31177363965330795,
          0.07476148605668098,
          0.08388646156999696,
          0.14251748120090144,
          0.18423467948223718
        ],
        [
          0.20504849518210824,
          0.06740224420430983,
          0.15540220180510328,
          0.20851618949698367,
          0.2053679942774799,
          0.018057802983878823,
          0.14020507205013624
        ],
        [
          0.14816003175003037,
          0.297679952072861,
          0.1599638518337913,
          0.13854874353504235,
          0.00925568485810667,
          0.1954766787796187,
          0.05091505717054957
        ],
        [
          0.04567122973121925,
          0.11946443313765277,
          0.1836648873373608,
          0.18711017597934573,
          0.11302045121599433,
          0.20866755792699515,
          0.14240126467143197
        ],
        [
          0.24019770498792647,
          0.013081644528942159,
          0.22310533107775793,
          0.12875445006329136,
          0.08046233684603855,
          0.18830318199479515,
          0.12609535050124834
        ],
        [
          0.018246464981756312,
          0.21071690913910043,
          0.19750469452561417,
          0.0027862483064314335,
          0.18841778415873628,
          0.21887756669423103,
          0.16345033219413033
        ],
        [
          0.13845901502838873,
          0.20899358618051733,
          0.020321400350975936,
          0.20410675393913275,
          0.042846980130629694,
          0.16649717305611955,
          0.21877509131423603
        ],
        [
          0.0022826092065895715,
          0.21609436751587116,
          0.217643396711132,
          0.07359884231404686,
          0.24706636066236892,
          0.05952824402992485,
          0.18378617956006663
        ],
        [
          0.2528388274056403,
          0.0846943300142872,
          0.031152054311830622,
          0.3030402087202691,
          0.09413987359013389,
          0.16296543979583858,
          0.07116926616200038
        ],
        [
          0.15353466412761863,
          0.12390128255044847,
          0.07721604172481872,
          0.1154098964447788,
          0.23621446579047256,
          0.20639592348135255,
          0.08732772588051027
        ],
        [
          0.15988061260923392,
          0.09704469561222821,
          0.09138925807384118,
          0.10295216011166695,
          0.23272785078868355,
          0.16390543965322135,
          0.15209998315112483
        ],
        [
          0.12541889388492566,
          0.07337473334298021,
          0.20355320087422013,
          0.010986591204415167,
          0.1803561295054911,
          0.24281902592660456,
          0.1634914252613632
        ],
        [
          0.010490212836121563,
          0.2719997445801522,
          0.2296997898370464,
          0.0051512465585871366,
          0.30621687978681517,
          0.15367316340821546,
          0.02276896299306221
        ],
        [
          0.20024010476079526,
          0.11180426529737951,
          0.18301863652457606,
          0.16525124691993454,
          0.022783367936141403,
          0.2066540493835014,
          0.11024832917767183
        ],
        [
          0.0174237629549512,
          0.017159952756605052,
          0.2925652514352786,
          0.19384092114624046,
          0.25278518498232544,
          0.1451122673999395,
          0.08111265932465977
        ],
        [
          0.143169948124107,
          0.020213613105733302,
          0.03094351857479331,
          0.0784740935289651,
          0.2164662054887222,
          0.2591930503310196,
          0.25153957084665957
        ],
        [
          0.1056808736675175,
          0.06116623970501026,
          0.25883980008692903,
          0.12292528275497512,
          0.21735766383604754,
          0.07318978820951608,
          0.1608403517400044
        ],
        [
          0.18902278139363893,
          0.15138510110013145,
          0.13502762291543272,
          0.2446374264495474,
          0.012864089532166655,
          0.2516919227420247,
          0.015371055867058175
        ],
        [
          0.3731950154696904,
          0.11800991250111652,
          0.10385993677277464,
          0.006006956259218362,
          0.33372222237167865,
          0.0031364918581470573,
          0.062069464767374356
        ],
        [
          0.2542279688979034,
          0.06972114891075999,
          0.026931996617460412,
          0.2681332166386753,
          0.09464834749731695,
          0.21327038275336635,
          0.07306693868451761
        ],
        [
          0.1123829621957033,
          0.1411160518183067,
          0.24449191293463576,
          0.00998383457785174,
          0.09142978715011153,
          0.3311519478776108,
          0.0694435034457801
        ],
        [
          0.10756750280381137,
          0.022884262899843414,
          0.045807099622252746,
          0.23856634946302968,
          0.2473071037128667,
          0.08357868258020006,
          0.254288998917996
        ],
        [
          0.053858647771586936,
          0.23621112329364632,
          0.035042444565120935,
          0.21907109726669105,
          0.22851887722612285,
          0.1933225209641264,
          0.03397528891270554
        ],
        [
          0.04964549630883738,
          0.10590551330002602,
          0.21112357954835145,
          0.13529151072536028,
          0.09693380566107553,
          0.20930037897292597,
          0.1917997154834234
        ],
        [
          0.19557607553926598,
          0.17683774184971557,
          0.113150836563898,
          0.1103644443645816,
          0.09882065492074603,
          0.16076140616290302,
          0.1444888405988897
        ],
        [
          0.09421755837415355,
          0.2150177055561443,
          0.1793030280112052,
          0.23509239008922556,
          0.03547923065472394,
          0.15249800775697195,
          0.08839207955757554
        ],
        [
          0.04945466273428774,
          0.21401637754025404,
          0.08582320900623205,
          0.027293358563024964,
          0.23585119168952107,
          0.18821598686250812,
          0.19934521360417198
        ],
        [
          0.07527927521333061,
          0.19899822658779684,
          0.1042936144998631,
          0.17412591144647804,
          0.12774320756809016,
          0.1535693202140153,
          0.165990444470426
        ],
        [
          0.13091955623009127,
          0.14021565326272364,
          0.2678713391351731,
          0.0644936639849328,
          0.3673010851228067,
          0.018765554070371077,
          0.010433148193901525
        ],
        [
          0.14931482822572661,
          0.268393642657609,
          0.08320372557851756,
          0.0671508625261685,
          0.09432421895457747,
          0.2759612939451272,
          0.06165142811227358
        ],
        [
          0.1432510121018129,
          0.1251367832192153,
          0.11621306242207934,
          0.08860947645564585,
          0.09155256969989406,
          0.2429629356436187,
          0.1922741604577339
        ],
        [
          0.0009325022553968757,
          0.1294336524601528,
          0.11808226600015438,
          0.11367834432417182,
          0.04479645181989642,
          0.2889448322817201,
          0.3041319508585076
        ]
      ],
      "timestamps": [
        61,
        62,
        63,
        64,
        65,
        66,
        67,
        68,
        69,
        70,
        71,
        72,
        73,
        74,
        75,
        76,
        77,
        78,
        79,
        80,
        81,
        82,
        83,
        84,
        85,
        86,
        87,
        88,
        89,
        90,
        91,
        92,
        93,
        94,
        95,
        96,
        97,
        98,
        99
      ],
      "distance": 1101.8
    }
  ],
  "conversation": [
    "So many dogs around here!",
    "Should I grab trinxat or a quick bocata?",
    "I wish I had more time to explore.I should be coding, but this walk is worth it."
  ],
  "conversation_timestamps": [
    22,
    23,
    98
  ]
}
