{"agent_id": "agent-red-546", "type": "red", "trips": [{"trip_id": 0, "transport_method": "foot", "start_time": 0, "path": [[1.5255145, 42.5085432], [1.525448, 42.5085297], [1.5253814, 42.5085162], [1.5253148, 42.5085033], [1.5252481, 42.5084906], [1.5251814, 42.5084779], [1.5251147, 42.5084652], [1.5250482, 42.5084514], [1.5249817, 42.5084376], [1.5249159, 42.5084211], [1.5248505, 42.508403], [1.524785, 42.508385], [1.5247196, 42.5083669], [1.5246581, 42.5083404], [1.5246097, 42.5082943], [1.5245895, 42.5082313], [1.5246074, 42.5081681], [1.5246358, 42.5081064], [1.5246682, 42.508047], [1.5247193, 42.5080051], [1.524782, 42.5079794], [1.5248489, 42.5079844], [1.5249144, 42.5080023], [1.5249799, 42.5080201], [1.5250454, 42.508038], [1.5251109, 42.5080558], [1.5251764, 42.5080737], [1.5252419, 42.5080915], [1.5253074, 42.5081094], [1.5253729, 42.5081273], [1.5254384, 42.5081451], [1.5255041, 42.5081623], [1.5255698, 42.5081795], [1.5256354, 42.5081968], [1.5257031, 42.508198], [1.5257368, 42.5081906], [1.5256742, 42.5081642], [1.5256117, 42.5081379], [1.5255491, 42.5081115], [1.5254842, 42.5080919], [1.5254195, 42.5080711], [1.5253549, 42.5080502], [1.5252903, 42.5080293], [1.5252257, 42.5080084], [1.5251611, 42.5079876], [1.525099, 42.5079657], [1.5251304, 42.5079055], [1.5251618, 42.5078452], [1.5251931, 42.507785], [1.5252245, 42.5077248], [1.5252559, 42.5076646], [1.5252862, 42.507604], [1.5253322, 42.5075754], [1.5254, 42.5075792], [1.5254655, 42.5075913], [1.5255252, 42.5076235], [1.525585, 42.5076557], [1.5256447, 42.507688], [1.5257041, 42.5077208], [1.5257592, 42.5077605], [1.5258142, 42.5078002], [1.5258699, 42.5078391], [1.5259284, 42.507873], [1.5259918, 42.5078837], [1.5260574, 42.5078665], [1.5261231, 42.5078493], [1.5261888, 42.5078321], [1.5262545, 42.5078148], [1.5263201, 42.5077976], [1.5263858, 42.5077804], [1.5264369, 42.5077432], [1.5264734, 42.5076859], [1.5265099, 42.5076287], [1.5265464, 42.5075715], [1.5265829, 42.5075142], [1.5266194, 42.507457], [1.526656, 42.5073997], [1.5266925, 42.5073425], [1.526729, 42.5072852], [1.5267655, 42.507228]], "mood_vectors": [[0.6784, 0.0503, 0.0569, 0.0141, 0.0451, 0.0698, 0.0854], [0.6628, 0.0671, 0.077, 0.0414, 0.0627, 0.046, 0.0428], [0.6778, 0.046, 0.0705, 0.0438, 0.0391, 0.0669, 0.056], [0.6681, 0.0644, 0.0612, 0.0583, 0.0651, 0.0156, 0.0673], [0.6732, 0.0725, 0.0708, 0.0347, 0.0632, 0.0605, 0.0249], [0.6773, 0.0284, 0.0653, 0.015, 0.0752, 0.0727, 0.0661], [0.6925, 0.0412, 0.0494, 0.0648, 0.0709, 0.0186, 0.0626], [0.738, 0.0293, 0.0605, 0.0257, 0.0697, 0.0628, 0.014], [0.7199, 0.0271, 0.0628, 0.0262, 0.0133, 0.0766, 0.0741], [0.6881, 0.0309, 0.0225, 0.0422, 0.0792, 0.0491, 0.0879], [0.7147, 0.0728, 0.0404, 0.0794, 0.0467, 0.021, 0.025], [0.6124, 0.0569, 0.086, 0.0474, 0.0597, 0.0523, 0.0852], [0.6735, 0.0592, 0.0537, 0.0661, 0.0417, 0.0755, 0.0303], [0.6296, 0.0754, 0.088, 0.0312, 0.0865, 0.0532, 0.0361], [0.7418, 0.0727, 0.0377, 0.0577, 0.0245, 0.0377, 0.0279], [0.723, 0.0484, 0.0125, 0.0546, 0.0417, 0.0876, 0.0322], [0.6912, 0.0793, 0.0196, 0.0636, 0.0552, 0.0762, 0.0149], [0.6835, 0.0268, 0.0764, 0.0449, 0.0466, 0.0752, 0.0466], [0.7614, 0.014, 0.0452, 0.0404, 0.0343, 0.078, 0.0268], [0.5977, 0.0855, 0.0832, 0.0619, 0.0436, 0.0628, 0.0654], [0.6795, 0.0398, 0.0407, 0.0521, 0.0669, 0.0535, 0.0675], [0.6442, 0.0505, 0.053, 0.0426, 0.0597, 0.0767, 0.0732], [0.6412, 0.044, 0.0697, 0.088, 0.0488, 0.0718, 0.0366], [0.6516, 0.0771, 0.0612, 0.0618, 0.0443, 0.0333, 0.0707], [0.7349, 0.0426, 0.0488, 0.0327, 0.0613, 0.0533, 0.0264], [0.7163, 0.0848, 0.063, 0.0137, 0.02, 0.0622, 0.0401], [0.7145, 0.0733, 0.0442, 0.0321, 0.0644, 0.0205, 0.051], [0.6368, 0.0478, 0.0392, 0.0302, 0.0865, 0.086, 0.0734], [0.6842, 0.0367, 0.0254, 0.0694, 0.0831, 0.0729, 0.0283], [0.7132, 0.0378, 0.0416, 0.0203, 0.0607, 0.0651, 0.0613], [0.7413, 0.0615, 0.0392, 0.0784, 0.035, 0.0172, 0.0274], [0.8023, 0.0305, 0.0308, 0.0551, 0.0413, 0.0193, 0.0205], [0.6842, 0.0602, 0.0495, 0.0791, 0.0162, 0.0489, 0.0619], [0.687, 0.0465, 0.064, 0.0437, 0.0897, 0.0289, 0.0403], [0.6749, 0.0328, 0.0342, 0.0747, 0.0643, 0.0665, 0.0525], [0.663, 0.0364, 0.0488, 0.0196, 0.0905, 0.069, 0.0727], [0.7007, 0.0514, 0.0184, 0.0268, 0.0476, 0.0941, 0.0611], [0.6814, 0.0513, 0.0634, 0.0552, 0.017, 0.0657, 0.066], [0.6849, 0.0431, 0.0392, 0.06, 0.0591, 0.049, 0.0647], [0.6212, 0.024, 0.0665, 0.0843, 0.0801, 0.0651, 0.0589], [0.7172, 0.0612, 0.0203, 0.0654, 0.0296, 0.0531, 0.0532], [0.7324, 0.0512, 0.0469, 0.0231, 0.0745, 0.0413, 0.0308], [0.7333, 0.0425, 0.0523, 0.0371, 0.0445, 0.0358, 0.0545], [0.6966, 0.0287, 0.0274, 0.0754, 0.0637, 0.0306, 0.0775], [0.6398, 0.0591, 0.0648, 0.0486, 0.065, 0.0631, 0.0596], [0.6252, 0.072, 0.0712, 0.0535, 0.0407, 0.0692, 0.0682], [0.6354, 0.0256, 0.0578, 0.0762, 0.0716, 0.0813, 0.052], [0.6968, 0.0541, 0.0338, 0.0387, 0.0821, 0.0578, 0.0368], [0.6622, 0.0209, 0.1015, 0.0532, 0.0705, 0.0588, 0.0329], [0.6013, 0.0699, 0.0514, 0.0603, 0.0888, 0.0412, 0.0871], [0.6914, 0.0735, 0.0761, 0.0366, 0.0653, 0.0225, 0.0346], [0.6163, 0.0798, 0.0538, 0.036, 0.0909, 0.0727, 0.0506], [0.7077, 0.0534, 0.0732, 0.0535, 0.0185, 0.0326, 0.0611], [0.7406, 0.0179, 0.0315, 0.0338, 0.0763, 0.0438, 0.0561], [0.6926, 0.0671, 0.0694, 0.0193, 0.0283, 0.0728, 0.0506], [0.6191, 0.035, 0.0645, 0.0616, 0.0672, 0.0606, 0.0921], [0.6519, 0.089, 0.0412, 0.0317, 0.0208, 0.0704, 0.0949], [0.733, 0.0706, 0.0233, 0.0674, 0.0151, 0.0718, 0.0188], [0.6845, 0.0206, 0.042, 0.0854, 0.0575, 0.062, 0.048], [0.6749, 0.0551, 0.0651, 0.0557, 0.0486, 0.0554, 0.0453], [0.6969, 0.0467, 0.0488, 0.0573, 0.0646, 0.0295, 0.0562], [0.6223, 0.0583, 0.0841, 0.0456, 0.0573, 0.0736, 0.0588], [0.6718, 0.0651, 0.0363, 0.0426, 0.0661, 0.0736, 0.0445], [0.6917, 0.0774, 0.0132, 0.0253, 0.0834, 0.0803, 0.0287], [0.6955, 0.0577, 0.0504, 0.0465, 0.0156, 0.0504, 0.0839], [0.6177, 0.0895, 0.0614, 0.0953, 0.0747, 0.0156, 0.0459], [0.7588, 0.0691, 0.0355, 0.0596, 0.0371, 0.0152, 0.0246], [0.6956, 0.0528, 0.0741, 0.0721, 0.0479, 0.028, 0.0294], [0.7282, 0.0424, 0.0201, 0.0394, 0.0731, 0.0314, 0.0653], [0.6683, 0.0719, 0.0635, 0.0651, 0.0159, 0.0683, 0.0469], [0.6523, 0.0903, 0.0773, 0.0363, 0.032, 0.0429, 0.0689], [0.6911, 0.0781, 0.0317, 0.0286, 0.0265, 0.0979, 0.0461], [0.6512, 0.0227, 0.0811, 0.0579, 0.0868, 0.0557, 0.0447], [0.6533, 0.0681, 0.0481, 0.0381, 0.0723, 0.0365, 0.0836], [0.72, 0.0693, 0.0202, 0.0619, 0.0415, 0.0508, 0.0362], [0.7931, 0.0489, 0.0126, 0.0429, 0.0397, 0.0503, 0.0126], [0.667, 0.0565, 0.0766, 0.0786, 0.036, 0.0124, 0.0729], [0.7173, 0.0361, 0.0674, 0.0156, 0.0637, 0.0276, 0.0722], [0.5917, 0.0675, 0.0901, 0.0489, 0.0433, 0.0763, 0.0822], [0.7201, 0.0726, 0.0298, 0.0547, 0.0422, 0.0694, 0.0112]], "emotions": ["red", "red", "red", "red", "red", "red", "red", "red", "red", "red", "red", "red", "red", "red", "red", "red", "red", "red", "red", "red", "red", "red", "red", "red", "red", "red", "red", "red", "red", "red", "red", "red", "red", "red", "red", "red", "red", "red", "red", "red", "red", "red", "red", "red", "red", "red", "red", "red", "red", "red", "red", "red", "red", "red", "red", "red", "red", "red", "red", "red", "red", "red", "red", "red", "red", "red", "red", "red", "red", "red", "red", "red", "red", "red", "red", "red", "red", "red", "red", "red"], "timestamps": [0, 40, 80, 120, 160, 200, 240, 280, 320, 360, 400, 440, 480, 520, 560, 600, 640, 680, 720, 760, 800, 840, 880, 920, 960, 1000, 1040, 1080, 1120, 1160, 1200, 1240, 1280, 1320, 1360, 1400, 1440, 1480, 1520, 1560, 1600, 1640, 1680, 1720, 1760, 1800, 1840, 1880, 1920, 1960, 2000, 2040, 2080, 2120, 2160, 2200, 2240, 2280, 2320, 2360, 2400, 2440, 2480, 2520, 2560, 2600, 2640, 2680, 2720, 2760, 2800, 2840, 2880, 2920, 2960, 3000, 3040, 3080, 3120, 3160]}], "conversation": [], "conversation_timestamps": []}