{"agent_id": "agent-green-1042", "type": "green", "trips": [{"trip_id": 0, "transport_method": "foot", "start_time": 0, "path": [[1.5351759, 42.5557041], [1.5341926, 42.5554763], [1.5329025, 42.5556058], [1.5317134, 42.5557069], [1.5301004, 42.5551277], [1.5288387, 42.553994], [1.527621, 42.5527817], [1.5266494, 42.551976], [1.5280154, 42.5530381], [1.5280835, 42.5530811], [1.5269106, 42.5518075], [1.5262836, 42.5504896], [1.5254263, 42.5489903], [1.5246729, 42.5474854], [1.5246517, 42.5461856], [1.5238392, 42.5446734], [1.5233634, 42.5437651], [1.52288, 42.5421304], [1.5234967, 42.5406652], [1.5231875, 42.5396508], [1.5234016, 42.538054], [1.5250077, 42.5376205], [1.5245111, 42.5367254], [1.5230362, 42.536103], [1.5219182, 42.5347932], [1.5207504, 42.5336657], [1.5212005, 42.5322635], [1.521345, 42.530744], [1.5219977, 42.5294366], [1.521041, 42.5281774], [1.5206937, 42.5265872], [1.5207295, 42.5262558], [1.5206525, 42.5269788], [1.5207397, 42.5252519], [1.5212441, 42.5237134], [1.5220831, 42.5222258], [1.5233556, 42.5210824], [1.5238392, 42.5198012], [1.5234732, 42.5207889], [1.5241131, 42.5191801], [1.5253202, 42.5180661], [1.5266684, 42.5170733], [1.5281954, 42.5163339], [1.5294216, 42.5151556], [1.5302967, 42.5138939], [1.5309369, 42.5123432], [1.5298376, 42.5113084], [1.5291877, 42.5100088], [1.5290275, 42.5098165], [1.5285332, 42.5093908], [1.5270927, 42.5085209], [1.5254894, 42.5080934], [1.5238, 42.5077823], [1.5220958, 42.5077044], [1.5204949, 42.5074365], [1.5189405, 42.5068939], [1.5180357, 42.5062096], [1.5164632, 42.5056424], [1.5149985, 42.504834], [1.5142048, 42.5039121], [1.5130191, 42.5026724], [1.5116069, 42.5016772], [1.5100388, 42.5009751], [1.5085078, 42.5001739], [1.5069644, 42.4994043], [1.505416, 42.4986305], [1.5038386, 42.4979183], [1.5022805, 42.4971694], [1.5009462, 42.4966119], [1.4996851, 42.495887], [1.498851, 42.4948028], [1.4976845, 42.4938884], [1.4961737, 42.4934788], [1.4946487, 42.4930925], [1.4932078, 42.4922346], [1.4923894, 42.4909476], [1.4910535, 42.4898718], [1.4904348, 42.4886729], [1.4903454, 42.4877356], [1.4901698, 42.4872886]], "mood_vectors": [[0.0463, 0.0883, 0.0474, 0.0554, 0.0547, 0.0329, 0.675], [0.0354, 0.072, 0.0296, 0.0252, 0.0632, 0.0654, 0.7093], [0.0645, 0.0915, 0.0212, 0.0521, 0.0233, 0.0196, 0.7279], [0.0669, 0.0373, 0.0212, 0.0533, 0.0848, 0.0749, 0.6614], [0.0136, 0.0602, 0.0319, 0.0231, 0.0186, 0.079, 0.7736], [0.0431, 0.0709, 0.0214, 0.0589, 0.0642, 0.0229, 0.7185], [0.0232, 0.0851, 0.062, 0.0603, 0.023, 0.0549, 0.6915], [0.0404, 0.0368, 0.0463, 0.0455, 0.071, 0.0281, 0.7317], [0.0715, 0.0459, 0.0412, 0.0494, 0.0656, 0.0147, 0.7118], [0.0466, 0.068, 0.0321, 0.0756, 0.0411, 0.0286, 0.708], [0.0717, 0.0614, 0.0136, 0.0225, 0.0565, 0.0424, 0.7319], [0.0276, 0.0803, 0.0266, 0.0779, 0.0442, 0.0524, 0.691], [0.0763, 0.0552, 0.0234, 0.0834, 0.0422, 0.0665, 0.653], [0.0314, 0.0697, 0.0286, 0.0281, 0.0572, 0.0492, 0.7357], [0.078, 0.0595, 0.0193, 0.0285, 0.0198, 0.0737, 0.7212], [0.0424, 0.0275, 0.0854, 0.0147, 0.0894, 0.0479, 0.6927], [0.0746, 0.0145, 0.0775, 0.0543, 0.0722, 0.084, 0.6228], [0.0466, 0.0319, 0.076, 0.0233, 0.0466, 0.0592, 0.7164], [0.0119, 0.0201, 0.0583, 0.0693, 0.0773, 0.0324, 0.7307], [0.0924, 0.0754, 0.0704, 0.0743, 0.0142, 0.045, 0.6283], [0.0282, 0.0903, 0.0741, 0.0872, 0.0197, 0.0732, 0.6274], [0.0451, 0.0814, 0.0357, 0.0904, 0.0357, 0.0302, 0.6815], [0.058, 0.0558, 0.0587, 0.031, 0.0786, 0.0365, 0.6815], [0.0471, 0.0678, 0.058, 0.0229, 0.0611, 0.0297, 0.7134], [0.0175, 0.0432, 0.0445, 0.0476, 0.0259, 0.0606, 0.7606], [0.0375, 0.0153, 0.0248, 0.0566, 0.0693, 0.0601, 0.7365], [0.0748, 0.0574, 0.0249, 0.0462, 0.0162, 0.0683, 0.7122], [0.0329, 0.0331, 0.0178, 0.0528, 0.0531, 0.0479, 0.7625], [0.0728, 0.0577, 0.089, 0.0473, 0.0406, 0.0271, 0.6656], [0.0715, 0.0208, 0.0732, 0.0161, 0.0176, 0.0295, 0.7712], [0.0583, 0.0688, 0.0198, 0.0215, 0.0814, 0.0583, 0.692], [0.049, 0.0511, 0.0198, 0.0581, 0.0116, 0.0697, 0.7407], [0.015, 0.0359, 0.0505, 0.066, 0.0378, 0.0573, 0.7375], [0.0492, 0.0217, 0.0541, 0.0284, 0.0328, 0.0502, 0.7636], [0.09, 0.0666, 0.0645, 0.0852, 0.0259, 0.0353, 0.6326], [0.031, 0.0729, 0.0748, 0.0419, 0.0748, 0.0396, 0.665], [0.0498, 0.0734, 0.037, 0.0536, 0.0196, 0.08, 0.6865], [0.0593, 0.0415, 0.073, 0.0664, 0.019, 0.0611, 0.6798], [0.0368, 0.0218, 0.0363, 0.0637, 0.04, 0.0672, 0.7343], [0.0473, 0.064, 0.0815, 0.0437, 0.0618, 0.0418, 0.6599], [0.0493, 0.0792, 0.0382, 0.0373, 0.0723, 0.0496, 0.6742], [0.0876, 0.0387, 0.0454, 0.0765, 0.0537, 0.0613, 0.6368], [0.0739, 0.0572, 0.0478, 0.0531, 0.0555, 0.0679, 0.6447], [0.0165, 0.047, 0.0259, 0.0558, 0.0891, 0.0472, 0.7185], [0.0514, 0.0197, 0.0618, 0.0452, 0.0166, 0.0392, 0.7661], [0.0686, 0.0566, 0.0559, 0.0679, 0.0452, 0.0557, 0.6501], [0.0256, 0.0246, 0.0761, 0.0325, 0.0886, 0.02, 0.7326], [0.0414, 0.0203, 0.0411, 0.0629, 0.0674, 0.0699, 0.697], [0.0707, 0.0163, 0.0621, 0.0429, 0.0772, 0.0135, 0.7173], [0.0633, 0.0686, 0.0838, 0.0647, 0.0332, 0.0211, 0.6653], [0.0266, 0.0592, 0.0523, 0.0569, 0.0382, 0.0617, 0.7053], [0.0546, 0.0521, 0.0581, 0.0459, 0.043, 0.0169, 0.7293], [0.03, 0.055, 0.0667, 0.0227, 0.0566, 0.0127, 0.7563], [0.0842, 0.0371, 0.0653, 0.0352, 0.0151, 0.023, 0.7401], [0.0579, 0.0612, 0.0516, 0.0544, 0.0298, 0.0597, 0.6853], [0.0711, 0.0116, 0.0584, 0.0658, 0.0325, 0.072, 0.6886], [0.0874, 0.0309, 0.0641, 0.0762, 0.0533, 0.0518, 0.6363], [0.0277, 0.0745, 0.0863, 0.0511, 0.0729, 0.0195, 0.6679], [0.0278, 0.0227, 0.0608, 0.047, 0.0713, 0.0423, 0.7282], [0.0451, 0.0476, 0.0783, 0.0543, 0.029, 0.0517, 0.6941], [0.0676, 0.0407, 0.0399, 0.0287, 0.0734, 0.0671, 0.6827], [0.0273, 0.0293, 0.0175, 0.1007, 0.0807, 0.0631, 0.6814], [0.0877, 0.0805, 0.066, 0.04, 0.0432, 0.0207, 0.6618], [0.043, 0.0315, 0.0138, 0.0171, 0.0442, 0.0717, 0.7787], [0.0446, 0.0665, 0.0709, 0.0418, 0.0175, 0.0604, 0.6983], [0.0697, 0.0883, 0.0845, 0.0367, 0.0171, 0.0605, 0.6431], [0.0249, 0.0177, 0.0478, 0.0772, 0.0701, 0.0244, 0.7379], [0.0667, 0.0763, 0.016, 0.0268, 0.0623, 0.029, 0.723], [0.0478, 0.0676, 0.0709, 0.0476, 0.0435, 0.0347, 0.6879], [0.066, 0.0318, 0.0832, 0.021, 0.0211, 0.0621, 0.7148], [0.0201, 0.0502, 0.022, 0.06, 0.0392, 0.0338, 0.7745], [0.0192, 0.06, 0.0761, 0.0758, 0.0597, 0.0813, 0.6279], [0.0377, 0.0979, 0.0914, 0.0311, 0.0365, 0.0531, 0.6524], [0.0764, 0.0685, 0.0399, 0.0609, 0.0267, 0.0149, 0.7127], [0.0316, 0.0602, 0.0528, 0.0685, 0.0761, 0.0327, 0.6781], [0.0696, 0.0546, 0.0449, 0.0178, 0.0759, 0.0541, 0.683], [0.0196, 0.037, 0.0599, 0.0789, 0.0558, 0.048, 0.7007], [0.0495, 0.0172, 0.045, 0.0765, 0.0456, 0.0613, 0.7048], [0.0827, 0.0161, 0.0374, 0.0185, 0.0838, 0.0534, 0.7081], [0.0464, 0.0576, 0.0807, 0.0392, 0.0262, 0.0501, 0.6999]], "emotions": ["purple", "purple", "purple", "purple", "purple", "purple", "purple", "purple", "purple", "purple", "purple", "purple", "purple", "purple", "purple", "purple", "purple", "purple", "purple", "purple", "purple", "purple", "purple", "purple", "purple", "purple", "purple", "purple", "purple", "purple", "purple", "purple", "purple", "purple", "purple", "purple", "purple", "purple", "purple", "purple", "purple", "purple", "purple", "purple", "purple", "purple", "purple", "purple", "purple", "purple", "purple", "purple", "purple", "purple", "purple", "purple", "purple", "purple", "purple", "purple", "purple", "purple", "purple", "purple", "purple", "purple", "purple", "purple", "purple", "purple", "purple", "purple", "purple", "purple", "purple", "purple", "purple", "purple", "purple", "purple"], "timestamps": [0, 40, 80, 120, 160, 200, 240, 280, 320, 360, 400, 440, 480, 520, 560, 600, 640, 680, 720, 760, 800, 840, 880, 920, 960, 1000, 1040, 1080, 1120, 1160, 1200, 1240, 1280, 1320, 1360, 1400, 1440, 1480, 1520, 1560, 1600, 1640, 1680, 1720, 1760, 1800, 1840, 1880, 1920, 1960, 2000, 2040, 2080, 2120, 2160, 2200, 2240, 2280, 2320, 2360, 2400, 2440, 2480, 2520, 2560, 2600, 2640, 2680, 2720, 2760, 2800, 2840, 2880, 2920, 2960, 3000, 3040, 3080, 3120, 3160]}], "conversation": [], "conversation_timestamps": []}