{"agent_id": "agent-orange-1313", "type": "orange", "trips": [{"trip_id": 0, "transport_method": "bus", "start_time": 0, "path": [[1.5838937, 42.536888], [1.5829131, 42.5364933], [1.5821011, 42.5357138], [1.5812407, 42.5350078], [1.580597, 42.5340149], [1.5802111, 42.5336899], [1.5791171, 42.5332353], [1.5779738, 42.5329598], [1.5767962, 42.5327801], [1.5768209, 42.5327703], [1.5778144, 42.5329367], [1.5766442, 42.5327134], [1.5754739, 42.5324901], [1.5747426, 42.5323656], [1.5759019, 42.5326244], [1.5752232, 42.5321884], [1.5741514, 42.5316681], [1.5730797, 42.5311479], [1.5736593, 42.5318467], [1.5738975, 42.5319793], [1.5730553, 42.5311367], [1.5722795, 42.5302402], [1.5714175, 42.5294399], [1.5704633, 42.5287266], [1.5695105, 42.5280114], [1.570411, 42.5285993], [1.5713179, 42.52936], [1.5703857, 42.5287494], [1.5693942, 42.528089], [1.5684027, 42.5274286], [1.5675758, 42.5268832], [1.5686244, 42.5274409], [1.5686283, 42.527493], [1.567639, 42.5268292], [1.5666517, 42.5261626], [1.5656303, 42.5255592], [1.5645003, 42.5252274], [1.563417, 42.5247751], [1.5623934, 42.5242101], [1.56159, 42.5233354], [1.5606248, 42.5226376], [1.5596742, 42.5219777], [1.5587045, 42.5213076], [1.5578319, 42.5204968], [1.5570339, 42.5196296], [1.5567118, 42.5192424], [1.5562007, 42.5186575], [1.5564267, 42.5190864], [1.5555185, 42.5183154], [1.5550412, 42.5179341], [1.554687, 42.5176589], [1.5537923, 42.5168722], [1.5543742, 42.5175758], [1.5539588, 42.5169954], [1.553402, 42.5159703], [1.5527972, 42.5149557], [1.5526833, 42.5137856], [1.551717, 42.5131273], [1.5507982, 42.5123819], [1.5497491, 42.511859], [1.5486016, 42.5115428], [1.5474446, 42.5112596], [1.5464368, 42.5107138], [1.5463746, 42.5098614], [1.5459011, 42.509586], [1.5447573, 42.509319], [1.5436129, 42.5090638], [1.542442, 42.5088852], [1.5412688, 42.5087442], [1.5403422, 42.5086668], [1.5392075, 42.5087482], [1.5383816, 42.5087088], [1.537208, 42.5087538], [1.536022, 42.5086415], [1.5348349, 42.5085422], [1.5336574, 42.508612], [1.5324875, 42.5088374], [1.5331395, 42.5084475], [1.5338728, 42.5086051], [1.5332403, 42.5090121]], "mood_vectors": [[0.0321, 0.0838, 0.0194, 0.0699, 0.7091, 0.032, 0.0535], [0.0902, 0.061, 0.039, 0.04, 0.665, 0.0383, 0.0664], [0.0496, 0.0434, 0.0679, 0.0377, 0.6801, 0.0546, 0.0666], [0.0263, 0.0544, 0.0812, 0.0485, 0.6953, 0.0636, 0.0306], [0.0372, 0.0479, 0.052, 0.0401, 0.7472, 0.0337, 0.0419], [0.0803, 0.064, 0.0245, 0.03, 0.6933, 0.0432, 0.0647], [0.0655, 0.063, 0.0582, 0.0208, 0.6571, 0.0827, 0.0527], [0.0827, 0.0726, 0.0668, 0.0708, 0.651, 0.0302, 0.0258], [0.0487, 0.0542, 0.0739, 0.0811, 0.6222, 0.0395, 0.0804], [0.0338, 0.0425, 0.0505, 0.036, 0.7257, 0.0552, 0.0563], [0.0531, 0.0211, 0.0346, 0.0703, 0.6683, 0.0759, 0.0767], [0.0374, 0.0872, 0.0539, 0.0335, 0.6731, 0.0807, 0.0342], [0.0508, 0.0705, 0.0748, 0.0582, 0.7029, 0.0302, 0.0125], [0.0343, 0.1008, 0.0217, 0.0343, 0.7266, 0.0245, 0.0578], [0.0391, 0.0252, 0.0342, 0.0666, 0.7142, 0.0655, 0.0554], [0.0258, 0.0622, 0.0299, 0.0166, 0.8038, 0.0419, 0.0198], [0.0432, 0.0564, 0.0321, 0.0356, 0.7022, 0.0607, 0.0698], [0.0579, 0.0293, 0.0407, 0.0187, 0.7685, 0.0354, 0.0495], [0.0319, 0.0849, 0.0823, 0.0706, 0.6413, 0.0368, 0.0522], [0.0154, 0.0687, 0.0692, 0.0436, 0.7535, 0.017, 0.0326], [0.0448, 0.0681, 0.05, 0.0282, 0.6934, 0.0327, 0.0828], [0.0235, 0.0286, 0.056, 0.0523, 0.7097, 0.0745, 0.0555], [0.0503, 0.027, 0.0476, 0.0559, 0.7182, 0.0442, 0.0567], [0.0195, 0.0437, 0.0538, 0.0284, 0.7413, 0.0806, 0.0327], [0.0466, 0.0427, 0.031, 0.0945, 0.687, 0.017, 0.0811], [0.0662, 0.0492, 0.0438, 0.0489, 0.7291, 0.0288, 0.034], [0.0629, 0.0454, 0.0507, 0.024, 0.7074, 0.0426, 0.0671], [0.0359, 0.0336, 0.0603, 0.0166, 0.7288, 0.0727, 0.0521], [0.0539, 0.0213, 0.0542, 0.0606, 0.7591, 0.0375, 0.0133], [0.0671, 0.0187, 0.0668, 0.0683, 0.6345, 0.0642, 0.0804], [0.0588, 0.0746, 0.0773, 0.02, 0.6557, 0.0854, 0.0282], [0.0702, 0.045, 0.058, 0.0491, 0.6882, 0.0665, 0.023], [0.057, 0.0405, 0.0114, 0.0225, 0.7322, 0.0662, 0.0702], [0.0618, 0.067, 0.0547, 0.0306, 0.6261, 0.0745, 0.0853], [0.046, 0.0789, 0.077, 0.0438, 0.6943, 0.0322, 0.0277], [0.0336, 0.0423, 0.0716, 0.0826, 0.7043, 0.0449, 0.0207], [0.0452, 0.0443, 0.0523, 0.0642, 0.6864, 0.0707, 0.037], [0.0724, 0.0246, 0.034, 0.0576, 0.6823, 0.0467, 0.0824], [0.0307, 0.0334, 0.0412, 0.0488, 0.7378, 0.0808, 0.0273], [0.0413, 0.0913, 0.0946, 0.073, 0.6303, 0.0173, 0.0521], [0.0173, 0.0736, 0.0865, 0.0176, 0.652, 0.069, 0.0841], [0.0508, 0.0263, 0.055, 0.0139, 0.7219, 0.0484, 0.0837], [0.0312, 0.057, 0.0471, 0.0821, 0.7088, 0.0395, 0.0342], [0.0281, 0.0253, 0.0202, 0.0545, 0.8304, 0.0166, 0.0249], [0.0533, 0.0361, 0.0522, 0.0373, 0.67, 0.0802, 0.0709], [0.0723, 0.0455, 0.0419, 0.0775, 0.6416, 0.0649, 0.0563], [0.0456, 0.0683, 0.0232, 0.071, 0.7307, 0.0303, 0.031], [0.0148, 0.0455, 0.0716, 0.0595, 0.7324, 0.0436, 0.0326], [0.0451, 0.0763, 0.0139, 0.0536, 0.7283, 0.0238, 0.0591], [0.0693, 0.014, 0.0385, 0.0143, 0.762, 0.0251, 0.0767], [0.0558, 0.035, 0.0967, 0.0919, 0.6748, 0.0241, 0.0215], [0.0658, 0.0423, 0.0187, 0.0709, 0.7188, 0.0375, 0.0459], [0.0791, 0.0926, 0.0198, 0.0911, 0.6086, 0.0667, 0.0421], [0.0638, 0.04, 0.0564, 0.036, 0.7004, 0.0583, 0.045], [0.0773, 0.0521, 0.0765, 0.07, 0.5971, 0.0499, 0.0771], [0.0168, 0.0248, 0.0219, 0.049, 0.7961, 0.0257, 0.0656], [0.0902, 0.0827, 0.0775, 0.0313, 0.6152, 0.0882, 0.0149], [0.0393, 0.0657, 0.0647, 0.0175, 0.6785, 0.0748, 0.0595], [0.0552, 0.0484, 0.0396, 0.0395, 0.713, 0.0302, 0.0742], [0.0146, 0.0239, 0.0143, 0.0691, 0.7573, 0.0492, 0.0715], [0.0828, 0.0217, 0.069, 0.0548, 0.5979, 0.0925, 0.0813], [0.0539, 0.0234, 0.0497, 0.077, 0.7041, 0.0505, 0.0413], [0.0552, 0.0223, 0.0177, 0.0343, 0.7596, 0.0424, 0.0685], [0.0192, 0.0567, 0.0193, 0.0569, 0.7668, 0.0373, 0.0437], [0.0738, 0.0415, 0.0457, 0.0512, 0.7139, 0.0454, 0.0286], [0.0691, 0.0535, 0.0638, 0.0575, 0.7073, 0.0252, 0.0237], [0.0742, 0.0561, 0.0471, 0.0666, 0.6509, 0.0385, 0.0665], [0.0321, 0.0177, 0.045, 0.0445, 0.764, 0.0712, 0.0255], [0.022, 0.0426, 0.0516, 0.0597, 0.704, 0.0909, 0.0291], [0.0453, 0.0215, 0.0413, 0.0499, 0.7599, 0.0463, 0.036], [0.0551, 0.0266, 0.0685, 0.0754, 0.6314, 0.0778, 0.0652], [0.069, 0.0442, 0.0663, 0.0328, 0.6929, 0.0315, 0.0634], [0.0192, 0.0595, 0.081, 0.0171, 0.667, 0.0601, 0.0961], [0.0442, 0.0925, 0.0179, 0.0389, 0.6925, 0.0435, 0.0706], [0.0214, 0.0241, 0.0149, 0.0749, 0.7499, 0.0373, 0.0774], [0.0177, 0.0724, 0.0717, 0.0673, 0.6774, 0.0456, 0.0478], [0.0348, 0.0727, 0.0723, 0.0181, 0.7053, 0.0641, 0.0326], [0.071, 0.0344, 0.0631, 0.0848, 0.6622, 0.0442, 0.0402], [0.0488, 0.0257, 0.0535, 0.0571, 0.6955, 0.0658, 0.0536], [0.0531, 0.0658, 0.0706, 0.0295, 0.6429, 0.0492, 0.089]], "emotions": ["red", "red", "red", "red", "red", "red", "red", "red", "red", "red", "red", "red", "red", "red", "red", "red", "red", "red", "red", "red", "red", "red", "red", "red", "red", "red", "red", "red", "red", "red", "red", "red", "red", "red", "red", "red", "red", "red", "red", "red", "red", "red", "red", "red", "red", "red", "red", "red", "red", "red", "red", "red", "red", "red", "red", "red", "red", "red", "red", "red", "red", "red", "red", "red", "red", "red", "red", "red", "red", "red", "red", "red", "red", "red", "red", "red", "red", "red", "red", "red"], "timestamps": [0, 40, 80, 120, 160, 200, 240, 280, 320, 360, 400, 440, 480, 520, 560, 600, 640, 680, 720, 760, 800, 840, 880, 920, 960, 1000, 1040, 1080, 1120, 1160, 1200, 1240, 1280, 1320, 1360, 1400, 1440, 1480, 1520, 1560, 1600, 1640, 1680, 1720, 1760, 1800, 1840, 1880, 1920, 1960, 2000, 2040, 2080, 2120, 2160, 2200, 2240, 2280, 2320, 2360, 2400, 2440, 2480, 2520, 2560, 2600, 2640, 2680, 2720, 2760, 2800, 2840, 2880, 2920, 2960, 3000, 3040, 3080, 3120, 3160]}], "conversation": [], "conversation_timestamps": []}