{"agent_id": "agent-green-697", "type": "green", "trips": [{"trip_id": 0, "transport_method": "foot", "start_time": 0, "path": [[1.5335537, 42.5565359], [1.5346659, 42.5565265], [1.5355813, 42.5562386], [1.5362783, 42.5555126], [1.5363182, 42.554421], [1.5364989, 42.5534871], [1.5367818, 42.5529333], [1.5362888, 42.5519452], [1.5354224, 42.5511594], [1.5343964, 42.5506347], [1.5332712, 42.5503492], [1.5331099, 42.5497824], [1.5340366, 42.5491871], [1.5342213, 42.5486335], [1.533533, 42.5476932], [1.5335385, 42.5472145], [1.5347026, 42.5473815], [1.5358785, 42.5473431], [1.537009, 42.5473367], [1.537826, 42.5478483], [1.5386473, 42.5486391], [1.5397691, 42.5485065], [1.540759, 42.5479916], [1.5418514, 42.5477443], [1.542844, 42.5473263], [1.5439344, 42.5469512], [1.5448707, 42.5465866], [1.5460493, 42.5466326], [1.5471804, 42.5469153], [1.5482492, 42.5472613], [1.5494064, 42.5472147], [1.5502828, 42.5471754], [1.5506215, 42.5473204], [1.5515621, 42.5466535], [1.552274, 42.5457264], [1.55324, 42.5450883], [1.5543701, 42.5447566], [1.5553549, 42.5441647], [1.5561984, 42.5433575], [1.55698, 42.5425145], [1.5567092, 42.5414953], [1.5572911, 42.5406315], [1.5565732, 42.5397008], [1.5557703, 42.5388479], [1.555189, 42.5378482], [1.5545163, 42.5368797], [1.5537271, 42.5360081], [1.5526424, 42.5355702], [1.5517177, 42.5348476], [1.5507955, 42.5341537], [1.5499103, 42.5333858], [1.5489862, 42.532675], [1.5481152, 42.5318896], [1.5474465, 42.5309467], [1.5475355, 42.5298581], [1.5472813, 42.5287853], [1.5479329, 42.5278448], [1.548341, 42.5270664], [1.5490702, 42.5265218], [1.5501649, 42.5269506], [1.5513051, 42.5272291], [1.5522443, 42.5276864], [1.5533519, 42.5280851], [1.5544568, 42.5284757], [1.5555582, 42.5288888], [1.5566703, 42.5292814], [1.5572953, 42.5291771], [1.556595, 42.5282543], [1.5569508, 42.5276542], [1.5580375, 42.5280706], [1.5583352, 42.5277339], [1.5593894, 42.5282408], [1.5602822, 42.5283813], [1.5610991, 42.5292071], [1.5620767, 42.5298157], [1.5620948, 42.530861], [1.5628361, 42.5316946], [1.5630029, 42.5316355], [1.5632117, 42.5313909], [1.5642135, 42.5320009]], "mood_vectors": [[0.0238, 0.0414, 0.0476, 0.0589, 0.0539, 0.0397, 0.7348], [0.0227, 0.0647, 0.0407, 0.0327, 0.0668, 0.0549, 0.7176], [0.0454, 0.0171, 0.0337, 0.0498, 0.0271, 0.0789, 0.748], [0.0166, 0.0403, 0.0833, 0.0779, 0.0525, 0.0327, 0.6966], [0.0623, 0.0471, 0.0387, 0.0181, 0.0304, 0.0207, 0.7827], [0.0481, 0.0769, 0.0513, 0.0698, 0.0642, 0.0266, 0.663], [0.0713, 0.0799, 0.0151, 0.0453, 0.0329, 0.0298, 0.7257], [0.0229, 0.072, 0.0586, 0.0641, 0.0247, 0.0562, 0.7016], [0.0622, 0.0645, 0.0577, 0.0236, 0.029, 0.0615, 0.7016], [0.0768, 0.0266, 0.0215, 0.0819, 0.0213, 0.0267, 0.7452], [0.0434, 0.0276, 0.0737, 0.0383, 0.0739, 0.0716, 0.6715], [0.0307, 0.0799, 0.0501, 0.0272, 0.0441, 0.0856, 0.6825], [0.0316, 0.0597, 0.0551, 0.0494, 0.0122, 0.0709, 0.7211], [0.0734, 0.0465, 0.0441, 0.0303, 0.0137, 0.0603, 0.7318], [0.0287, 0.0782, 0.0398, 0.0749, 0.0688, 0.0207, 0.6888], [0.0501, 0.0504, 0.0635, 0.0156, 0.0663, 0.0167, 0.7375], [0.0445, 0.0121, 0.0761, 0.0588, 0.0508, 0.0425, 0.7153], [0.0692, 0.0148, 0.0732, 0.0571, 0.0664, 0.0185, 0.701], [0.0591, 0.0436, 0.0501, 0.0112, 0.0235, 0.0618, 0.7507], [0.0243, 0.0441, 0.0191, 0.0847, 0.0153, 0.0196, 0.7929], [0.0552, 0.0264, 0.0736, 0.0729, 0.084, 0.0457, 0.6421], [0.063, 0.0153, 0.0305, 0.0367, 0.082, 0.0412, 0.7312], [0.0132, 0.0245, 0.0778, 0.0412, 0.031, 0.0567, 0.7556], [0.0451, 0.0332, 0.0917, 0.0584, 0.0244, 0.0669, 0.6804], [0.0723, 0.0504, 0.0606, 0.0169, 0.0811, 0.0402, 0.6784], [0.0331, 0.0913, 0.0664, 0.0178, 0.0178, 0.0716, 0.7019], [0.0548, 0.0314, 0.0849, 0.0861, 0.0805, 0.0577, 0.6044], [0.0453, 0.0852, 0.0486, 0.0399, 0.0171, 0.0847, 0.6792], [0.076, 0.0326, 0.0183, 0.0531, 0.0632, 0.0308, 0.7259], [0.0649, 0.0595, 0.025, 0.0432, 0.0707, 0.0427, 0.694], [0.0234, 0.0749, 0.0544, 0.0553, 0.0169, 0.022, 0.753], [0.0617, 0.0761, 0.0464, 0.0459, 0.0448, 0.0498, 0.6753], [0.0203, 0.0516, 0.031, 0.0692, 0.0565, 0.0757, 0.6958], [0.0481, 0.0733, 0.0234, 0.0516, 0.0648, 0.0522, 0.6866], [0.0291, 0.0603, 0.0615, 0.061, 0.0171, 0.0209, 0.75], [0.0515, 0.0529, 0.0877, 0.0711, 0.0433, 0.0304, 0.6631], [0.0435, 0.0572, 0.049, 0.0201, 0.0711, 0.0137, 0.7453], [0.058, 0.0703, 0.0374, 0.0225, 0.0729, 0.0231, 0.7159], [0.0381, 0.0694, 0.0165, 0.0434, 0.0553, 0.031, 0.7463], [0.047, 0.0502, 0.0132, 0.0515, 0.0186, 0.0349, 0.7846], [0.0482, 0.0718, 0.0397, 0.0698, 0.0497, 0.0529, 0.668], [0.0814, 0.0513, 0.0294, 0.0946, 0.0214, 0.0366, 0.6853], [0.0288, 0.0295, 0.0296, 0.1071, 0.0272, 0.0927, 0.6851], [0.0269, 0.0563, 0.0705, 0.0671, 0.0108, 0.0685, 0.6998], [0.0362, 0.0535, 0.0688, 0.0369, 0.0469, 0.0521, 0.7057], [0.0144, 0.0501, 0.0547, 0.0519, 0.0129, 0.0541, 0.7619], [0.0573, 0.0663, 0.0393, 0.048, 0.0654, 0.04, 0.6837], [0.0523, 0.0334, 0.0848, 0.017, 0.1002, 0.0183, 0.6941], [0.0775, 0.0605, 0.0348, 0.0139, 0.0454, 0.085, 0.6828], [0.0345, 0.0381, 0.0348, 0.0609, 0.0759, 0.0271, 0.7287], [0.0739, 0.0478, 0.0513, 0.0366, 0.0313, 0.0722, 0.6869], [0.0125, 0.0579, 0.0248, 0.0182, 0.0509, 0.049, 0.7867], [0.0667, 0.0161, 0.0698, 0.0844, 0.025, 0.082, 0.656], [0.029, 0.0528, 0.0548, 0.0455, 0.0694, 0.0245, 0.7239], [0.0344, 0.0774, 0.0627, 0.0584, 0.0677, 0.0461, 0.6533], [0.0594, 0.0471, 0.0124, 0.0603, 0.0505, 0.0755, 0.6948], [0.0183, 0.0538, 0.08, 0.0413, 0.0475, 0.0444, 0.7147], [0.0702, 0.0385, 0.0474, 0.0807, 0.0158, 0.0699, 0.6776], [0.063, 0.0656, 0.0394, 0.0262, 0.0755, 0.0633, 0.667], [0.0321, 0.052, 0.076, 0.039, 0.0776, 0.0371, 0.6862], [0.0734, 0.0367, 0.0658, 0.0183, 0.0699, 0.0622, 0.6737], [0.0217, 0.0394, 0.0874, 0.0339, 0.0541, 0.0552, 0.7083], [0.0615, 0.0209, 0.0619, 0.0224, 0.0532, 0.0547, 0.7254], [0.0622, 0.0665, 0.0168, 0.0719, 0.0816, 0.0881, 0.6129], [0.0423, 0.044, 0.0708, 0.0726, 0.0491, 0.0427, 0.6785], [0.0392, 0.0905, 0.0906, 0.0659, 0.0173, 0.0616, 0.6348], [0.0651, 0.0267, 0.029, 0.0552, 0.0457, 0.0283, 0.7499], [0.0174, 0.0479, 0.0617, 0.0353, 0.0658, 0.0248, 0.7472], [0.0286, 0.033, 0.0568, 0.0723, 0.0554, 0.0296, 0.7242], [0.0613, 0.0568, 0.0433, 0.0708, 0.0445, 0.0316, 0.6917], [0.0616, 0.0412, 0.0611, 0.0144, 0.0461, 0.0367, 0.7389], [0.0849, 0.0634, 0.0153, 0.045, 0.0497, 0.084, 0.6577], [0.0379, 0.0182, 0.0186, 0.069, 0.0614, 0.0918, 0.703], [0.0707, 0.0331, 0.0688, 0.0287, 0.0363, 0.0726, 0.6899], [0.0639, 0.015, 0.0463, 0.0534, 0.0246, 0.0844, 0.7124], [0.1034, 0.0598, 0.0558, 0.041, 0.0527, 0.0387, 0.6486], [0.0621, 0.0214, 0.0478, 0.062, 0.0342, 0.0834, 0.6891], [0.0123, 0.0767, 0.0499, 0.0278, 0.0603, 0.0288, 0.7442], [0.0137, 0.0168, 0.0666, 0.04, 0.0851, 0.0763, 0.7016], [0.0547, 0.0846, 0.076, 0.0378, 0.0778, 0.017, 0.6521]], "emotions": ["purple", "purple", "purple", "purple", "purple", "purple", "purple", "purple", "purple", "purple", "purple", "purple", "purple", "purple", "purple", "purple", "purple", "purple", "purple", "purple", "purple", "purple", "purple", "purple", "purple", "purple", "purple", "purple", "purple", "purple", "purple", "purple", "purple", "purple", "purple", "purple", "purple", "purple", "purple", "purple", "purple", "purple", "purple", "purple", "purple", "purple", "purple", "purple", "purple", "purple", "purple", "purple", "purple", "purple", "purple", "purple", "purple", "purple", "purple", "purple", "purple", "purple", "purple", "purple", "purple", "purple", "purple", "purple", "purple", "purple", "purple", "purple", "purple", "purple", "purple", "purple", "purple", "purple", "purple", "purple"], "timestamps": [0, 40, 80, 120, 160, 200, 240, 280, 320, 360, 400, 440, 480, 520, 560, 600, 640, 680, 720, 760, 800, 840, 880, 920, 960, 1000, 1040, 1080, 1120, 1160, 1200, 1240, 1280, 1320, 1360, 1400, 1440, 1480, 1520, 1560, 1600, 1640, 1680, 1720, 1760, 1800, 1840, 1880, 1920, 1960, 2000, 2040, 2080, 2120, 2160, 2200, 2240, 2280, 2320, 2360, 2400, 2440, 2480, 2520, 2560, 2600, 2640, 2680, 2720, 2760, 2800, 2840, 2880, 2920, 2960, 3000, 3040, 3080, 3120, 3160]}], "conversation": [], "conversation_timestamps": []}