{
  "agent_id": "agent-type-orange-70",
  "type": "orange",
  "trips": [
    {
      "trip_id": 0,
      "transport_method": "bicycle",
      "start_time": 0,
      "path": [
        [
          1.5280281000000002,
          42.5081029
        ],
        [
          1.5276826285277143,
          42.50758596900025
        ],
        [
          1.528202183774937,
          42.507372603243226
        ],
        [
          1.5286036029877275,
          42.50766536513266
        ],
        [
          1.5282821329674379,
          42.507339321856975
        ],
        [
          1.5286193629624374,
          42.50693694270654
        ],
        [
          1.5283361051041928,
          42.506854342986294
        ],
        [
          1.527818114414146,
          42.50695220678065
        ],
        [
          1.52775332153805,
          42.50701088266774
        ],
        [
          1.527559801219665,
          42.50719837342721
        ],
        [
          1.5269154667817761,
          42.507146386813545
        ],
        [
          1.5262711323438871,
          42.50709440019988
        ],
        [
          1.5265052030428141,
          42.50688736324783
        ],
        [
          1.527149386112889,
          42.50694119305442
        ],
        [
          1.5267734308170364,
          42.50690977713897
        ],
        [
          1.5262063392770322,
          42.506796999537016
        ],
        [
          1.5258804066447973,
          42.50705921636674
        ],
        [
          1.5252367926111694,
          42.50699896313806
        ],
        [
          1.524805715704332,
          42.50673229044345
        ],
        [
          1.5243748830399018,
          42.50672897454719
        ],
        [
          1.5237709674862818,
          42.50673782019244
        ],
        [
          1.5233014191832424,
          42.506626829479465
        ],
        [
          1.5226726055023228,
          42.50647695342889
        ],
        [
          1.5220437918214031,
          42.5063270773783
        ],
        [
          1.5218008117709514,
          42.506578582255266
        ],
        [
          1.5222483278044658,
          42.50704505720164
        ],
        [
          1.522787549174628,
          42.50727800667556
        ],
        [
          1.5234329,
          42.5072407
        ]
      ],
      "emotions": [
        "green",
        "green",
        "green",
        "green",
        "green",
        "green",
        "green",
        "green",
        "green",
        "green",
        "green",
        "green",
        "green",
        "green",
        "green",
        "red",
        "red",
        "red",
        "red",
        "red",
        "green",
        "green",
        "green",
        "green",
        "green",
        "green",
        "green",
        "green"
      ],
      "mood_vectors": [
        [
          0.26297474175759133,
          0.33563362488980997,
          0.0372792529139314,
          0.06537434473877515,
          0.008738222074022145,
          0.18222385363970034,
          0.10777595998616979
        ],
        [
          0.08874409499611112,
          0.1532240463630399,
          0.21173325235272664,
          0.031013617544767908,
          0.06662719366065223,
          0.3311790157160454,
          0.11747877936665675
        ],
        [
          0.06979962242258884,
          0.20898983220725462,
          0.008233026254541495,
          0.10245936472375135,
          0.28644335601915616,
          0.1307596690805126,
          0.1933151292921949
        ],
        [
          0.15934880750540176,
          0.002141653203725786,
          0.17997717532734198,
          0.17401692963420365,
          0.02942455630648426,
          0.20054094967457906,
          0.25454992834826345
        ],
        [
          0.15387440237890357,
          0.20045739391988532,
          0.034577935691060414,
          0.1044657813865119,
          0.18000750984670705,
          0.10869599386942794,
          0.21792098290750384
        ],
        [
          0.10462705697235306,
          0.03327596872213862,
          0.176062932918721,
          0.20977996372882235,
          0.16488911479953636,
          0.19068820316021642,
          0.12067675969821215
        ],
        [
          0.10732336273015314,
          0.23184075332631457,
          0.25730093366155504,
          0.05154881604926974,
          0.2532085058337751,
          0.023839796917562814,
          0.07493783148136968
        ],
        [
          0.03017820498986336,
          0.0237992265203005,
          0.2933341966973693,
          0.13888616892348699,
          0.03385367017444222,
          0.24691240562321298,
          0.23303612707132465
        ],
        [
          0.05979378696656947,
          0.23704627249763194,
          0.21570990047747998,
          0.28880582842785707,
          0.08450658652509246,
          0.048475035526033126,
          0.06566258957933592
        ],
        [
          0.1641446415093086,
          0.10969828273009213,
          0.11308933916978184,
          0.08501535177545146,
          0.21089453557139354,
          0.10863399843526925,
          0.20852385080870314
        ],
        [
          0.20871479916811428,
          0.1882665029696534,
          0.0514758544138396,
          0.19980602517107054,
          0.120431513539498,
          0.1349832891896308,
          0.09632201554819338
        ],
        [
          0.0012952164534207192,
          0.14347626463014673,
          0.09836143813541323,
          0.22936535326073784,
          0.033197496145229086,
          0.214956169582593,
          0.2793480617924593
        ],
        [
          0.23516071456008675,
          0.27979214711094075,
          0.011816900813702293,
          0.19635971956095655,
          0.04356545635546099,
          0.218554153714877,
          0.014750907883975723
        ],
        [
          0.19415125504956898,
          0.08602574629743158,
          0.09343595046321654,
          0.16960854551839058,
          0.11228347542748886,
          0.26442392084708694,
          0.0800711063968165
        ],
        [
          0.1849543786142464,
          0.10388880544932176,
          0.2678458986722876,
          0.047512857812546244,
          0.21583984363506348,
          0.12289888180740613,
          0.0570593340091284
        ],
        [
          0.23178153314368535,
          0.21060577523870788,
          0.18201415045784433,
          0.08958000091819102,
          0.020556399183651927,
          0.07756268898640664,
          0.1878994520715129
        ],
        [
          0.31805037053543767,
          0.2089150255565375,
          0.10679779327033637,
          0.03022412902594605,
          0.2360170361411812,
          0.022736500563349058,
          0.07725914490721217
        ],
        [
          0.2814880804058622,
          0.24616970212808809,
          0.18708289098621464,
          0.14477488387033713,
          0.11434432725132644,
          0.005898589981612724,
          0.020241525376558777
        ],
        [
          0.1860927129134303,
          0.18086167701047892,
          0.05500696768018505,
          0.19933936884434525,
          0.07524847463033084,
          0.1954733103800921,
          0.10797748854113748
        ],
        [
          0.07530248928907265,
          0.2326126777002037,
          0.14330707317884323,
          0.01519996568995818,
          0.2178111481180381,
          0.19741873383384445,
          0.11834791219003972
        ],
        [
          0.12110617477766411,
          0.20472051721004753,
          0.08124789267843291,
          0.11259282363419888,
          0.1271571237102699,
          0.09585826458009376,
          0.2573172034092928
        ],
        [
          0.010260674588067597,
          0.11839684855052456,
          0.345893236646465,
          0.2808066351638758,
          0.08996526021847175,
          0.06069399399365394,
          0.09398335083894141
        ],
        [
          0.24618774095025,
          0.014117295861502812,
          0.18530460331821363,
          0.23900108929401603,
          0.10141840544661335,
          0.15604099183538114,
          0.05792987329402302
        ],
        [
          0.03661701181162626,
          0.16836470475303436,
          0.17065339308162694,
          0.17759479476746773,
          0.2337918762362442,
          0.14604654794426258,
          0.06693167140573798
        ],
        [
          0.18609025023094794,
          0.2127029251519782,
          0.11656309631924024,
          0.23320428087527886,
          0.11759109324809658,
          0.03533601163659952,
          0.09851234253785868
        ],
        [
          0.2565761969074855,
          0.084226650706151,
          0.31735435378487115,
          0.05146437152181848,
          0.02505460084743637,
          0.0033836395196442048,
          0.2619401867125933
        ],
        [
          0.23693437501598158,
          0.05127185202464648,
          0.027722272928019875,
          0.04076828380467614,
          0.24739380972388975,
          0.2404498706917382,
          0.15545953581104796
        ],
        [
          0.009591507545914297,
          0.24810525509894502,
          0.02466208546506973,
          0.01122453503907097,
          0.1942724469232248,
          0.4896206168214893,
          0.022523553106285968
        ]
      ],
      "timestamps": [
        0,
        1,
        2,
        3,
        4,
        5,
        6,
        7,
        8,
        9,
        10,
        11,
        12,
        13,
        14,
        15,
        16,
        17,
        18,
        19,
        20,
        21,
        22,
        23,
        24,
        25,
        26,
        27
      ],
      "distance": 646.2
    },
    {
      "trip_id": 1,
      "transport_method": "car",
      "start_time": 28,
      "path": [
        [
          1.5240999000000004,
          42.507604999999984
        ],
        [
          1.523481229510257,
          42.5077919627836
        ],
        [
          1.5230483915876556,
          42.50817211030025
        ],
        [
          1.5235669537679708,
          42.50855582269678
        ],
        [
          1.5237680126503976,
          42.50887253273134
        ],
        [
          1.523848186986459,
          42.50885432334587
        ],
        [
          1.5244637909986296,
          42.50884248458437
        ],
        [
          1.5251246932362388,
          42.508971540268085
        ],
        [
          1.5255070250413172,
          42.50927634171462
        ],
        [
          1.5249741519565065,
          42.508942143775414
        ],
        [
          1.5243132497188976,
          42.5088130880917
        ],
        [
          1.5236772881295293,
          42.50860922045161
        ],
        [
          1.5230895349479103,
          42.508287575513485
        ],
        [
          1.523363578639993,
          42.50781965777042
        ],
        [
          1.5240311300734988,
          42.50781169123949
        ],
        [
          1.524699435643494,
          42.507877551458044
        ],
        [
          1.5247759273772596,
          42.50837518930032
        ],
        [
          1.5254283394303914,
          42.508541939562996
        ],
        [
          1.5255650813504595,
          42.5085768894861
        ],
        [
          1.5249126692973278,
          42.50841013922342
        ],
        [
          1.5246734075488024,
          42.508006034458695
        ],
        [
          1.5252318892858854,
          42.50802547133878
        ],
        [
          1.5256385196667928,
          42.50813604042733
        ],
        [
          1.525147719271279,
          42.50790313676394
        ],
        [
          1.5256520492229142,
          42.50764823906329
        ],
        [
          1.5262476960600382,
          42.507962328194914
        ],
        [
          1.5263606722878211,
          42.507675125233746
        ],
        [
          1.5262061772775244,
          42.507940435023436
        ],
        [
          1.5256105304404006,
          42.507626345891815
        ],
        [
          1.525116693582849,
          42.50793835787858
        ],
        [
          1.5246479823578276,
          42.5080952428453
        ],
        [
          1.525002541088151,
          42.50843310959108
        ],
        [
          1.525632214238676,
          42.50863981394419
        ],
        [
          1.5253384676395683,
          42.508518969195336
        ],
        [
          1.5246860555864366,
          42.50835221893265
        ],
        [
          1.5246096238044546,
          42.50785434779143
        ],
        [
          1.523938552487175,
          42.50780586311056
        ],
        [
          1.5232773106829207,
          42.507853751995135
        ],
        [
          1.5231744285682265,
          42.5083240811274
        ],
        [
          1.5237607846581345,
          42.50864962968678
        ],
        [
          1.5244042910590565,
          42.508830865913794
        ],
        [
          1.5250651932966655,
          42.50895992159751
        ],
        [
          1.5255436044732213,
          42.509324686119434
        ],
        [
          1.5255691852592967,
          42.50907058595011
        ],
        [
          1.5262237920065422,
          42.509228500938754
        ],
        [
          1.5268783987537877,
          42.50938641592739
        ],
        [
          1.5266439944989674,
          42.50932986908397
        ],
        [
          1.5259893877517219,
          42.50917195409533
        ],
        [
          1.5253347810044764,
          42.509014039106695
        ],
        [
          1.524674187296615,
          42.50888356908453
        ],
        [
          1.524013285059006,
          42.50875451340082
        ],
        [
          1.5234021822516777,
          42.50847607937017
        ],
        [
          1.5230595769335205,
          42.50802025989191
        ],
        [
          1.523664101977248,
          42.50778858535448
        ],
        [
          1.524336156385136,
          42.50783089386444
        ],
        [
          1.5249747551928217,
          42.507911687059945
        ],
        [
          1.5254770605756252,
          42.507564760991094
        ],
        [
          1.5260724793430844,
          42.50786993508033
        ],
        [
          1.526517436455058,
          42.50765749432521
        ],
        [
          1.5269249391417035,
          42.507203029688824
        ],
        [
          1.5275956460081201,
          42.5072625571767
        ],
        [
          1.5278062428268344,
          42.50707704014583
        ],
        [
          1.5274751699108142,
          42.50650445794927
        ],
        [
          1.5270804292402798,
          42.505966465996245
        ],
        [
          1.526813964827075,
          42.506044252900196
        ],
        [
          1.5270214800152515,
          42.5065726007421
        ],
        [
          1.5267121196228266,
          42.50618520652415
        ],
        [
          1.526683125646859,
          42.50576480551868
        ],
        [
          1.5260806694211908,
          42.5054639839215
        ],
        [
          1.526559065218417,
          42.50528371494327
        ],
        [
          1.5272244016254386,
          42.50538751572683
        ],
        [
          1.5269375000000003,
          42.5054942
        ]
      ],
      "emotions": [
        "green",
        "green",
        "purple",
        "purple",
        "purple",
        "purple",
        "purple",
        "red",
        "red",
        "red",
        "red",
        "red",
        "purple",
        "purple",
        "purple",
        "purple",
        "purple",
        "green",
        "green",
        "green",
        "green",
        "green",
        "green",
        "green",
        "green",
        "green",
        "green",
        "green",
        "green",
        "green",
        "green",
        "green",
        "red",
        "red",
        "red",
        "red",
        "red",
        "green",
        "green",
        "green",
        "green",
        "green",
        "purple",
        "purple",
        "purple",
        "purple",
        "purple",
        "green",
        "green",
        "green",
        "green",
        "green",
        "purple",
        "purple",
        "purple",
        "purple",
        "purple",
        "green",
        "green",
        "green",
        "green",
        "green",
        "purple",
        "purple",
        "purple",
        "purple",
        "purple",
        "green",
        "green",
        "green",
        "green",
        "green"
      ],
      "mood_vectors": [
        [
          0.17754463313259736,
          0.08182707248461697,
          0.17766707343958055,
          0.1737118527787233,
          0.1608964881305817,
          0.06512648554996489,
          0.16322639448393522
        ],
        [
          0.23563021509283805,
          0.03824872833478032,
          0.11551521010690866,
          0.3063056893016005,
          0.23462411260970184,
          0.03273842439047082,
          0.036937620163699794
        ],
        [
          0.16713696472092543,
          0.270624624816594,
          0.08922266436740342,
          0.1162292280315052,
          0.057699476266538034,
          0.11182524950192727,
          0.18726179229510667
        ],
        [
          0.0730441809356702,
          0.007320413287916918,
          0.15440696889810987,
          0.3341694939925186,
          0.142527516980627,
          0.0457880019569941,
          0.24274342394816337
        ],
        [
          0.15390694498828295,
          0.17586499521995091,
          0.08456259322716611,
          0.10737860478567386,
          0.16460980439571804,
          0.1552592342044672,
          0.15841782317874092
        ],
        [
          0.2214866779422254,
          0.23649137428317835,
          0.025567181000554263,
          0.08474210313859336,
          0.026480949250155074,
          0.2848789896574264,
          0.12035272472786718
        ],
        [
          0.14114967594800515,
          0.09699785453608485,
          0.07591319942216306,
          0.00895928591539862,
          0.09312033053362663,
          0.27436461032648585,
          0.3094950433182359
        ],
        [
          0.2405554077818091,
          0.03958954442747821,
          0.18038419427438787,
          0.14076780414051807,
          0.05283904923802627,
          0.12876064943570184,
          0.21710335070207865
        ],
        [
          0.004133373907238997,
          0.2871254072319547,
          0.09227454484170135,
          0.11309106894414232,
          0.2535603295367841,
          0.1893818714700688,
          0.06043340406810977
        ],
        [
          0.04788611157657542,
          0.07239430678571107,
          0.08222882351008946,
          0.25870104882860623,
          0.11315706204210647,
          0.25347886001777653,
          0.17215378723913485
        ],
        [
          0.23724734719801133,
          0.005152715149998082,
          0.1457485302769101,
          0.1950779138861418,
          0.05289337110155851,
          0.1968512474254049,
          0.1670288749619753
        ],
        [
          0.22778406021058195,
          0.13094044198949278,
          0.30041500810348387,
          0.012583011897253067,
          0.12249836026233041,
          0.06982997643553578,
          0.13594914110132214
        ],
        [
          0.30448780552507737,
          0.138787243602363,
          0.13049757885562552,
          0.21204860359133432,
          0.08942990645906804,
          0.04996736315529463,
          0.07478149881123715
        ],
        [
          0.13605707392026423,
          0.1999156060377767,
          0.11545386715543207,
          0.13548264954305508,
          0.09944687586460996,
          0.16589150595814434,
          0.14775242152071758
        ],
        [
          0.18160812192858836,
          0.14265957738880808,
          0.20893304208478958,
          0.0033661151377957018,
          0.20546115079271116,
          0.09334828450132639,
          0.16462370816598074
        ],
        [
          0.09063712834106571,
          0.21163768500291072,
          0.015606422362795426,
          0.05219576859032546,
          0.09352323443871798,
          0.25451443271724566,
          0.2818853285469391
        ],
        [
          0.2458751247338952,
          0.0053518232058153885,
          0.18123323411275957,
          0.07268554750615427,
          0.2110804057508867,
          0.0053558670649155446,
          0.27841799762557334
        ],
        [
          0.4311143140226238,
          0.08206140660396463,
          0.2250515260507842,
          0.12163226685931468,
          0.0410934368636642,
          0.09575218753969006,
          0.003294862059958477
        ],
        [
          0.0410151483717512,
          0.10062095476326299,
          0.1568779404352382,
          0.20616180431212627,
          0.1548983831930998,
          0.128243939283766,
          0.2121818296407555
        ],
        [
          0.029838886285064373,
          0.18931906055672074,
          0.14412663243351193,
          0.34941718051952136,
          0.2516500303188766,
          0.0009016340804028231,
          0.034746575805902076
        ],
        [
          0.008170978107347616,
          0.1422801282303874,
          0.13982435766159423,
          0.27760120518649645,
          0.10096142434870176,
          0.1704637378888024,
          0.16069816857667008
        ],
        [
          0.07241036473727078,
          0.19171009750356605,
          0.14578531201025702,
          0.16709005075503147,
          0.1610411928539671,
          0.11352631508971248,
          0.14843666705019518
        ],
        [
          0.008384777272066846,
          0.025720342373145823,
          0.0664833682002209,
          0.2549614598257334,
          0.22245169355295283,
          0.17605566068796158,
          0.2459426980879186
        ],
        [
          0.18260484831652346,
          0.1701874727540673,
          0.16654993054705644,
          0.12518417480425081,
          0.08406284002497307,
          0.0917750028568522,
          0.17963573069627678
        ],
        [
          0.04464109540273473,
          0.2709525665282017,
          0.07957124307340839,
          0.15676436284422748,
          0.11648478906496817,
          0.23608094247446174,
          0.09550500061199779
        ],
        [
          0.39652650176088944,
          0.12062528348940821,
          0.01280652978779055,
          0.16491734222838786,
          0.07897474849730236,
          0.18327665243361782,
          0.04287294180260378
        ],
        [
          0.12303637620909154,
          0.23323592257365444,
          0.20436259831580403,
          0.17944828797537046,
          0.2034432692341151,
          0.03564094054695317,
          0.02083260514501125
        ],
        [
          0.19466540366455198,
          0.17594656986253834,
          0.12411163639770884,
          0.18558213460502473,
          0.041952738751395977,
          0.1687059443088682,
          0.10903557240991185
        ],
        [
          0.09825465764010617,
          0.18486916777488513,
          0.11283679685294935,
          0.18181076945647753,
          0.14715599873211058,
          0.22739709676417502,
          0.047675512779296235
        ],
        [
          0.03266978106357247,
          0.21493219681218534,
          0.14213594984326283,
          0.062002315739852744,
          0.22995542077612602,
          0.1878338042576586,
          0.13047053150734206
        ],
        [
          0.0834490966620942,
          0.2998690120535503,
          0.2361975066378415,
          0.002079134291526211,
          0.09877577373254844,
          0.05132948787563689,
          0.22829998874680238
        ],
        [
          0.11639943719474051,
          0.05764674947753481,
          0.23185632618262583,
          0.24481189035027986,
          0.2095144613201287,
          0.04359980778983015,
          0.09617132768486004
        ],
        [
          0.0784102776139833,
          0.12519924056775716,
          0.049137055786786746,
          0.24650965969621583,
          0.12821689904606853,
          0.2340628292058796,
          0.13846403808330887
        ],
        [
          0.11843818607353562,
          0.020074549381849265,
          0.08405972625593422,
          0.2021883621508434,
          0.2029408238687479,
          0.17940442618255117,
          0.19289392608653846
        ],
        [
          0.20154350100091797,
          0.21655715963732536,
          0.004957851550275525,
          0.04940740048873789,
          0.26421644071397454,
          0.023899266180827463,
          0.23941838042794125
        ],
        [
          0.17785470494676905,
          0.07967952170218982,
          0.14123391220687606,
          0.00714413037396921,
          0.24134317768095495,
          0.1271011778316398,
          0.225643375257601
        ],
        [
          0.03844521782620018,
          0.10740446992655826,
          0.2317838870942503,
          0.11673049231306953,
          0.052355206640427594,
          0.1492936241497596,
          0.3039871020497345
        ],
        [
          0.17334940075746874,
          0.016430366821703013,
          0.1684850109100902,
          0.19519605584300753,
          0.15554372824858886,
          0.04031547141495859,
          0.250679966004183
        ],
        [
          0.20308387055205335,
          0.027767660211367992,
          0.10749120066888146,
          0.10277552965976842,
          0.2908196651691676,
          0.06014738875574886,
          0.20791468498301238
        ],
        [
          0.24789791658369714,
          0.04799027100341293,
          0.10750971609387618,
          0.19861816184692652,
          0.0976015862382783,
          0.08820869888447785,
          0.21217364934933117
        ],
        [
          0.10081375244263369,
          0.28232757038345435,
          0.09493773819750226,
          0.1502970184501947,
          0.017504598126380735,
          0.2705960859557983,
          0.08352323644403598
        ],
        [
          0.1552493189908217,
          0.19194687894124676,
          0.14767364770135466,
          0.1139792480068704,
          0.06198512660422503,
          0.15429533319051725,
          0.17487044656496417
        ],
        [
          0.24605446780140752,
          0.26367721087673485,
          0.0011829935188061298,
          0.0005510423195507444,
          0.1114517677412949,
          0.1858351321364335,
          0.19124738560577237
        ],
        [
          0.02180956762167233,
          0.07592628816068363,
          0.11816653136342503,
          0.01750464088641052,
          0.28652587337796726,
          0.3007297727001342,
          0.1793373258897071
        ],
        [
          0.10810523359428671,
          0.07864905572775333,
          0.14276896857305116,
          0.17902104178739936,
          0.21072591218685,
          0.2106753357696883,
          0.07005445236097113
        ],
        [
          0.23692162014299908,
          0.17606005976422892,
          0.14210750032539682,
          0.03301281977709253,
          0.21336683994561367,
          0.15859852086835946,
          0.03993263917630943
        ],
        [
          0.10292148251198652,
          0.21859164365429193,
          0.2224975190294034,
          0.1885592693294089,
          0.09737722584570448,
          0.09441709706773012,
          0.07563576256147468
        ],
        [
          0.18935750822980507,
          0.1148859129112373,
          0.05530920314700844,
          0.11957339108558564,
          0.20767928745060146,
          0.11079666855242871,
          0.20239802862333342
        ],
        [
          0.09098316183491582,
          0.25842922998932155,
          0.17409080116585263,
          0.10384564715945013,
          0.03809261386233339,
          0.11962763224420955,
          0.21493091374391696
        ],
        [
          0.17201761903693796,
          0.26830853283544953,
          0.0015774784330371547,
          0.07209231439980514,
          0.08012890497415157,
          0.19566672050443504,
          0.21020842981618365
        ],
        [
          0.14803691571569322,
          0.18111755870854382,
          0.03772717003853093,
          0.21266509480159448,
          0.10724271205881128,
          0.0720104729903936,
          0.2412000756864326
        ],
        [
          0.12121918665496745,
          0.004452155821700603,
          0.1968276872548381,
          0.10942029558170961,
          0.2606459027047857,
          0.0014914711271806014,
          0.30594330085481797
        ],
        [
          0.014976157990816434,
          0.2043351512432184,
          0.13438605366687956,
          0.05585813539723314,
          0.198182552127556,
          0.1949077639390802,
          0.19735418563521626
        ],
        [
          0.1435203883136345,
          0.091422645977011,
          0.20115462947422258,
          0.10592117149024635,
          0.22724037993539897,
          0.15711783423463885,
          0.07362295057484776
        ],
        [
          0.15016150340457643,
          0.15059320566160528,
          0.17449113098106653,
          0.034803723128297236,
          0.039090126740943525,
          0.10952912965293542,
          0.34133118043057553
        ],
        [
          0.06825207877984928,
          0.09626037082053776,
          0.2114121181331322,
          0.02659692595890195,
          0.1692155643469081,
          0.20833345644155285,
          0.21992948551911778
        ],
        [
          0.11254676973379725,
          0.09766360362669733,
          0.17764122633202487,
          0.15420622775952633,
          0.15723868042077668,
          0.11038954781187241,
          0.19031394431530513
        ],
        [
          0.14477750721222907,
          0.1191464713945396,
          0.11817989035425656,
          0.10217199438078535,
          0.20535156341268335,
          0.19899922298159053,
          0.1113733502639155
        ],
        [
          0.05960137961138515,
          0.11156607150315016,
          0.17707646317115774,
          0.20266843566345003,
          0.1564695040346433,
          0.10394059090681937,
          0.18867755510939438
        ],
        [
          0.19252728443432396,
          0.27796921789868967,
          0.049039082986786935,
          0.002934728793769666,
          0.2714160886589157,
          0.1537126413845863,
          0.05240095584292781
        ],
        [
          0.0076422994164012424,
          0.014837397541491644,
          0.08138696429112273,
          0.24497469731148927,
          0.15713988622070282,
          0.24400031649251747,
          0.25001843872627477
        ],
        [
          0.1825945324585583,
          0.21261895859008825,
          0.1319811257169397,
          0.03987284180590155,
          0.08836933838205135,
          0.11378983808827665,
          0.23077336495818412
        ],
        [
          0.14649477020170523,
          0.04159716290110527,
          0.2499644922478868,
          0.002575792290225324,
          0.16903726467802044,
          0.18960583951563584,
          0.20072467816542103
        ],
        [
          0.1916917217423819,
          0.3047939695791224,
          0.22691871125032897,
          0.09528840332424683,
          0.019431146615754746,
          0.08459104968521891,
          0.07728499780294626
        ],
        [
          0.1319605126282187,
          0.2814044248471793,
          0.10420327682836908,
          0.007785485845306658,
          0.25515846406142106,
          0.21290918541206724,
          0.0065786503774379465
        ],
        [
          0.25899276785065106,
          0.1661991118896264,
          0.2605726091513077,
          0.10798419436235165,
          0.007005163347115219,
          0.1930160978815884,
          0.006230055517359617
        ],
        [
          0.1579608371257493,
          0.10304693316753423,
          0.14486724202665388,
          0.15165784167163815,
          0.20984755436879451,
          0.10371732503091562,
          0.1289022666087144
        ],
        [
          0.30678921014114646,
          0.06881176313252413,
          0.222283156899254,
          0.2063068277067704,
          0.17347528884043534,
          0.016329214509077237,
          0.006004538770792423
        ],
        [
          0.1905377523002736,
          0.14516688398260766,
          0.14056534371431095,
          0.20210852767517892,
          0.07430334720310339,
          0.13606823079689673,
          0.11124991432762878
        ],
        [
          0.17413331115064762,
          0.1911587749695936,
          0.17029242556381266,
          0.0635243949431955,
          0.05775241244780986,
          0.1890540166165821,
          0.15408466430835863
        ],
        [
          0.24572164988578374,
          0.12611243264824962,
          0.22918391480805805,
          0.24800506792355817,
          0.08784182447902988,
          0.011735206166205806,
          0.05139990408911473
        ],
        [
          0.24434329779476494,
          0.1538643931007546,
          0.16363836314477076,
          0.05383612057593343,
          0.21740411388086933,
          0.0011882747417644056,
          0.16572543676114257
        ]
      ],
      "timestamps": [
        28,
        29,
        30,
        31,
        32,
        33,
        34,
        35,
        36,
        37,
        38,
        39,
        40,
        41,
        42,
        43,
        44,
        45,
        46,
        47,
        48,
        49,
        50,
        51,
        52,
        53,
        54,
        55,
        56,
        57,
        58,
        59,
        60,
        61,
        62,
        63,
        64,
        65,
        66,
        67,
        68,
        69,
        70,
        71,
        72,
        73,
        74,
        75,
        76,
        77,
        78,
        79,
        80,
        81,
        82,
        83,
        84,
        85,
        86,
        87,
        88,
        89,
        90,
        91,
        92,
        93,
        94,
        95,
        96,
        97,
        98,
        99
      ],
      "distance": 583
    }
  ],
  "conversation": [
    "Ugh, stepped in eucalyptus again.",
    "That cat's always in the same window.",
    "Should I walk up to the old town or take the bus?"
  ],
  "conversation_timestamps": [
    17,
    29,
    48
  ]
}
