{"agent_id": "agent-purple-184", "type": "purple", "trips": [{"trip_id": 0, "transport_method": "foot", "start_time": 0, "path": [[1.5965824, 42.5658913], [1.5939865, 42.5647337], [1.5955878, 42.5653001], [1.592667, 42.5642936], [1.5904115, 42.5626096], [1.5894941, 42.5597337], [1.5886842, 42.556841], [1.5887175, 42.5537999], [1.5905575, 42.5514985], [1.5906497, 42.5485159], [1.5902956, 42.5454236], [1.5899416, 42.5423313], [1.5895875, 42.5392389], [1.5900806, 42.5373559], [1.5917623, 42.5395694], [1.5915474, 42.5422795], [1.5914493, 42.5452577], [1.5917209, 42.5482727], [1.5908902, 42.550648], [1.5905006, 42.54756], [1.590111, 42.5444719], [1.5897214, 42.5413839], [1.5893318, 42.5382958], [1.5883489, 42.5354211], [1.5874922, 42.5349157], [1.5856287, 42.5336791], [1.5833624, 42.5319709], [1.5802976, 42.5317453], [1.5771894, 42.5317232], [1.5743143, 42.5307888], [1.5739876, 42.5308162], [1.5732563, 42.5298182], [1.5705499, 42.5287916], [1.5709248, 42.5289475], [1.569261, 42.5280002], [1.5683536, 42.5273086], [1.5672833, 42.5265904], [1.5645327, 42.5252342], [1.5619531, 42.5236709], [1.5594682, 42.5218661], [1.5571568, 42.5198072], [1.5565321, 42.5190354], [1.5550018, 42.5179192], [1.5540628, 42.5172963], [1.5532909, 42.5156816], [1.5518494, 42.5132], [1.549196, 42.5116911], [1.546377, 42.5106129], [1.5451008, 42.509341], [1.5420575, 42.5088928], [1.5392912, 42.5082517], [1.5374157, 42.5080325], [1.5344427, 42.5071764], [1.5343497, 42.5071314], [1.5314123, 42.5064521], [1.528605, 42.5053189], [1.525516, 42.505212], [1.5224511, 42.5047261], [1.5201013, 42.5039014], [1.5212696, 42.5045292], [1.5183874, 42.5036237], [1.5154752, 42.5030241], [1.5128657, 42.5016605], [1.5109728, 42.4991899], [1.5084894, 42.4974172], [1.5055816, 42.4963155], [1.502718, 42.4951235], [1.5001605, 42.4935198], [1.4975152, 42.4918977], [1.4958497, 42.4895346], [1.4947137, 42.4868435], [1.4924848, 42.4848137], [1.4903814, 42.4829651], [1.4893778, 42.4800826], [1.4905791, 42.4772685], [1.4906425, 42.4743071], [1.4914559, 42.4714366], [1.4917358, 42.4684969], [1.4911607, 42.4659812], [1.4902887, 42.4638526]], "mood_vectors": [[0.0502, 0.0216, 0.046, 0.0163, 0.0713, 0.7817, 0.0129], [0.0292, 0.0366, 0.0306, 0.0576, 0.0306, 0.7812, 0.0343], [0.0848, 0.0466, 0.0901, 0.0331, 0.0867, 0.6344, 0.0244], [0.0578, 0.0255, 0.0965, 0.0179, 0.0551, 0.6607, 0.0866], [0.041, 0.0675, 0.0261, 0.0953, 0.0677, 0.6257, 0.0766], [0.0399, 0.0457, 0.0782, 0.0198, 0.0243, 0.7608, 0.0312], [0.0599, 0.0191, 0.0411, 0.0424, 0.0499, 0.749, 0.0386], [0.0555, 0.0315, 0.0449, 0.0428, 0.0322, 0.6914, 0.1017], [0.0681, 0.0519, 0.0423, 0.0166, 0.0413, 0.7232, 0.0567], [0.0407, 0.074, 0.0215, 0.0578, 0.0729, 0.6529, 0.0802], [0.0763, 0.0526, 0.0446, 0.0369, 0.0301, 0.7043, 0.0552], [0.0667, 0.0171, 0.0716, 0.0759, 0.0519, 0.7043, 0.0125], [0.0659, 0.0508, 0.013, 0.027, 0.0686, 0.6951, 0.0796], [0.0882, 0.0218, 0.0599, 0.0854, 0.0883, 0.5964, 0.06], [0.0592, 0.0755, 0.0679, 0.0588, 0.0142, 0.6868, 0.0375], [0.0614, 0.0658, 0.0479, 0.0654, 0.0345, 0.6678, 0.0571], [0.0744, 0.0376, 0.0599, 0.101, 0.025, 0.6128, 0.0892], [0.0637, 0.0208, 0.021, 0.0839, 0.0167, 0.7599, 0.0341], [0.0273, 0.0576, 0.0646, 0.0642, 0.0215, 0.7002, 0.0647], [0.0804, 0.0467, 0.0311, 0.086, 0.0821, 0.6135, 0.0602], [0.0665, 0.0231, 0.0164, 0.0332, 0.0159, 0.7496, 0.0953], [0.0635, 0.0331, 0.0248, 0.0249, 0.0202, 0.7701, 0.0634], [0.0512, 0.0359, 0.0331, 0.0742, 0.0371, 0.7136, 0.0548], [0.0781, 0.0515, 0.0639, 0.0265, 0.0454, 0.6508, 0.0838], [0.0425, 0.0652, 0.015, 0.0839, 0.0312, 0.6867, 0.0754], [0.0678, 0.0514, 0.0233, 0.0736, 0.0468, 0.6679, 0.0692], [0.0858, 0.0318, 0.0477, 0.0307, 0.0914, 0.6761, 0.0364], [0.0819, 0.0169, 0.0391, 0.0807, 0.0463, 0.6661, 0.0691], [0.0156, 0.0641, 0.0626, 0.0721, 0.0823, 0.6322, 0.0711], [0.0267, 0.0368, 0.0367, 0.0438, 0.0786, 0.7256, 0.0518], [0.0821, 0.0325, 0.0232, 0.0506, 0.0438, 0.7464, 0.0214], [0.0329, 0.0832, 0.0739, 0.0464, 0.0545, 0.67, 0.039], [0.0754, 0.0513, 0.072, 0.0724, 0.0225, 0.6358, 0.0706], [0.0328, 0.0919, 0.0293, 0.0207, 0.0928, 0.7049, 0.0276], [0.0457, 0.0733, 0.0833, 0.0195, 0.0294, 0.6747, 0.0742], [0.0286, 0.0451, 0.048, 0.0756, 0.064, 0.7182, 0.0204], [0.015, 0.06, 0.0587, 0.0866, 0.0508, 0.661, 0.0679], [0.0462, 0.0182, 0.0589, 0.0695, 0.0628, 0.7276, 0.0168], [0.0173, 0.1005, 0.083, 0.0779, 0.0445, 0.6617, 0.0152], [0.0459, 0.0779, 0.0223, 0.0729, 0.0427, 0.6634, 0.075], [0.0696, 0.067, 0.0607, 0.0683, 0.0553, 0.6277, 0.0512], [0.0469, 0.0494, 0.0207, 0.0551, 0.0875, 0.7152, 0.0251], [0.0677, 0.0259, 0.0633, 0.0788, 0.0235, 0.6609, 0.0799], [0.029, 0.0602, 0.0684, 0.0498, 0.0257, 0.75, 0.0169], [0.0506, 0.0749, 0.0474, 0.0739, 0.0753, 0.6461, 0.0318], [0.0495, 0.0978, 0.0479, 0.0349, 0.0449, 0.6862, 0.0389], [0.0276, 0.0857, 0.0386, 0.02, 0.0386, 0.7116, 0.078], [0.026, 0.0615, 0.0645, 0.0485, 0.046, 0.6874, 0.0661], [0.0644, 0.0659, 0.0294, 0.0369, 0.0285, 0.7133, 0.0616], [0.0217, 0.0563, 0.0478, 0.0296, 0.0657, 0.6956, 0.0833], [0.0435, 0.0536, 0.0181, 0.0655, 0.0476, 0.7092, 0.0625], [0.0303, 0.0377, 0.0639, 0.0907, 0.0895, 0.6313, 0.0567], [0.0794, 0.0371, 0.0438, 0.0373, 0.0148, 0.732, 0.0556], [0.0719, 0.0655, 0.042, 0.0505, 0.053, 0.6826, 0.0345], [0.0621, 0.0238, 0.021, 0.0566, 0.0153, 0.7536, 0.0676], [0.0234, 0.0742, 0.044, 0.0337, 0.0839, 0.7234, 0.0173], [0.0458, 0.059, 0.065, 0.0624, 0.0612, 0.644, 0.0627], [0.0371, 0.0809, 0.0551, 0.0597, 0.0636, 0.6244, 0.0792], [0.0574, 0.0394, 0.0717, 0.0563, 0.0982, 0.6479, 0.0292], [0.0472, 0.0452, 0.0564, 0.0238, 0.0822, 0.6695, 0.0758], [0.0371, 0.0632, 0.0166, 0.0398, 0.0589, 0.702, 0.0824], [0.0345, 0.0209, 0.0156, 0.0292, 0.067, 0.7916, 0.0411], [0.0492, 0.0615, 0.05, 0.0121, 0.0731, 0.6751, 0.0791], [0.0674, 0.0508, 0.0491, 0.0532, 0.0712, 0.6571, 0.0512], [0.0256, 0.0689, 0.0187, 0.069, 0.0402, 0.7228, 0.0548], [0.0722, 0.0145, 0.0581, 0.0331, 0.0334, 0.7752, 0.0135], [0.0253, 0.0768, 0.0314, 0.0498, 0.0822, 0.6566, 0.0778], [0.0511, 0.0781, 0.0294, 0.0957, 0.0293, 0.6348, 0.0816], [0.0651, 0.0471, 0.055, 0.0642, 0.0299, 0.714, 0.0246], [0.0429, 0.0651, 0.0596, 0.0393, 0.0253, 0.7333, 0.0346], [0.0221, 0.0672, 0.0652, 0.0262, 0.0409, 0.7619, 0.0165], [0.0342, 0.0229, 0.0434, 0.0554, 0.0664, 0.7584, 0.0191], [0.051, 0.084, 0.0752, 0.0277, 0.0502, 0.6331, 0.0788], [0.0164, 0.0383, 0.0243, 0.0317, 0.0445, 0.7856, 0.0593], [0.0435, 0.012, 0.0722, 0.0594, 0.0293, 0.7334, 0.0501], [0.0221, 0.0394, 0.034, 0.0275, 0.0555, 0.796, 0.0256], [0.058, 0.0684, 0.0523, 0.0187, 0.0436, 0.6945, 0.0645], [0.0334, 0.0855, 0.0305, 0.021, 0.0161, 0.7574, 0.056], [0.0457, 0.0776, 0.0622, 0.0685, 0.0399, 0.693, 0.0131], [0.0397, 0.0464, 0.056, 0.0593, 0.0785, 0.6283, 0.0919]], "emotions": ["purple", "purple", "purple", "purple", "purple", "purple", "purple", "purple", "purple", "purple", "purple", "purple", "purple", "purple", "purple", "purple", "purple", "purple", "purple", "purple", "purple", "purple", "purple", "purple", "purple", "purple", "purple", "purple", "purple", "purple", "purple", "purple", "purple", "purple", "purple", "purple", "purple", "purple", "purple", "purple", "purple", "purple", "purple", "purple", "purple", "purple", "purple", "purple", "purple", "purple", "purple", "purple", "purple", "purple", "purple", "purple", "purple", "purple", "purple", "purple", "purple", "purple", "purple", "purple", "purple", "purple", "purple", "purple", "purple", "purple", "purple", "purple", "purple", "purple", "purple", "purple", "purple", "purple", "purple", "purple"], "timestamps": [0, 40, 80, 120, 160, 200, 240, 280, 320, 360, 400, 440, 480, 520, 560, 600, 640, 680, 720, 760, 800, 840, 880, 920, 960, 1000, 1040, 1080, 1120, 1160, 1200, 1240, 1280, 1320, 1360, 1400, 1440, 1480, 1520, 1560, 1600, 1640, 1680, 1720, 1760, 1800, 1840, 1880, 1920, 1960, 2000, 2040, 2080, 2120, 2160, 2200, 2240, 2280, 2320, 2360, 2400, 2440, 2480, 2520, 2560, 2600, 2640, 2680, 2720, 2760, 2800, 2840, 2880, 2920, 2960, 3000, 3040, 3080, 3120, 3160]}], "conversation": [], "conversation_timestamps": []}