{"agent_id": "agent-red-191", "type": "red", "trips": [{"trip_id": 0, "transport_method": "bus", "start_time": 0, "path": [[1.4974297, 42.4963241], [1.4979555, 42.4967049], [1.4986617, 42.4966164], [1.4993644, 42.4967039], [1.5000682, 42.4968355], [1.5007636, 42.4967639], [1.5014635, 42.4967725], [1.5021113, 42.4970649], [1.5027361, 42.497416], [1.5033913, 42.4977099], [1.5040384, 42.4980206], [1.5046939, 42.4983132], [1.5053524, 42.4985997], [1.5059872, 42.4989351], [1.5066327, 42.4992497], [1.5072835, 42.4995531], [1.5079302, 42.4998624], [1.5085588, 42.5001989], [1.5092038, 42.5005144], [1.5096424, 42.5007238], [1.5091307, 42.5004785], [1.5097825, 42.5007798], [1.5104342, 42.5010812], [1.511086, 42.5013825], [1.5108194, 42.5012402], [1.510132, 42.5010342], [1.5107832, 42.501269], [1.5114591, 42.5015115], [1.512135, 42.5017541], [1.5117476, 42.50169], [1.5120458, 42.5017977], [1.5127175, 42.5020424], [1.5132726, 42.5024896], [1.5137596, 42.5028989], [1.5142915, 42.5033731], [1.5148257, 42.5038529], [1.5153599, 42.5043328], [1.5158998, 42.5048059], [1.516529, 42.5051344], [1.5171001, 42.5053611], [1.5177896, 42.5053724], [1.5184934, 42.5054409], [1.5192062, 42.5055249], [1.5199051, 42.5056892], [1.5205943, 42.5058823], [1.5212598, 42.5060674], [1.5219359, 42.5063082], [1.5226229, 42.5065174], [1.5233249, 42.5066635], [1.5240202, 42.5068424], [1.5247289, 42.5068567], [1.5253995, 42.5070844], [1.5261128, 42.5071673], [1.5265618, 42.5072247], [1.5258475, 42.5071545], [1.5251554, 42.5070557], [1.5258711, 42.5071145], [1.5265867, 42.5071733], [1.5273026, 42.507229], [1.5280175, 42.5072944], [1.5286033, 42.5077049], [1.529176, 42.5081123], [1.5295489, 42.5084601], [1.5295134, 42.5083501], [1.5301041, 42.5087538], [1.5307768, 42.5088354], [1.5312728, 42.5091936], [1.5319462, 42.509441], [1.532626, 42.5096575], [1.5333338, 42.5097687], [1.5340339, 42.5099209], [1.5347503, 42.5099137], [1.535467, 42.5099113], [1.5361839, 42.5099523], [1.5368899, 42.5100366], [1.5376075, 42.5100353], [1.5383253, 42.5100538], [1.5389984, 42.51022], [1.5393045, 42.510769], [1.5399751, 42.5110026]], "mood_vectors": [[0.7223, 0.0263, 0.0766, 0.02, 0.0231, 0.0744, 0.0573], [0.6284, 0.0461, 0.0593, 0.0433, 0.0541, 0.0907, 0.0782], [0.6859, 0.0134, 0.0721, 0.0667, 0.0432, 0.0678, 0.051], [0.6472, 0.0859, 0.0837, 0.0686, 0.0197, 0.0561, 0.0387], [0.6552, 0.0735, 0.0869, 0.0324, 0.0286, 0.0399, 0.0834], [0.6538, 0.0646, 0.0713, 0.0765, 0.0693, 0.0467, 0.0178], [0.7428, 0.048, 0.036, 0.0272, 0.0577, 0.0615, 0.0269], [0.7787, 0.0337, 0.0146, 0.0756, 0.0462, 0.0329, 0.0183], [0.7322, 0.0327, 0.071, 0.0267, 0.0531, 0.0511, 0.0332], [0.6681, 0.0345, 0.0243, 0.041, 0.0782, 0.0582, 0.0957], [0.6572, 0.0655, 0.0703, 0.0435, 0.0202, 0.0791, 0.0641], [0.79, 0.0494, 0.0205, 0.0177, 0.023, 0.0205, 0.079], [0.6644, 0.0725, 0.0508, 0.0738, 0.0485, 0.0385, 0.0514], [0.6976, 0.0132, 0.0259, 0.0747, 0.0648, 0.0571, 0.0667], [0.6224, 0.0907, 0.0801, 0.0351, 0.0637, 0.0168, 0.0911], [0.689, 0.0284, 0.0812, 0.0568, 0.0313, 0.0356, 0.0776], [0.7648, 0.0336, 0.0362, 0.0498, 0.021, 0.0145, 0.08], [0.8163, 0.0263, 0.0223, 0.0501, 0.0225, 0.0444, 0.0181], [0.6489, 0.0674, 0.0327, 0.0602, 0.0751, 0.0385, 0.0772], [0.6365, 0.0258, 0.08, 0.056, 0.0741, 0.0596, 0.068], [0.6734, 0.0409, 0.0485, 0.0565, 0.0765, 0.0643, 0.0401], [0.6816, 0.0355, 0.0427, 0.0843, 0.056, 0.043, 0.0569], [0.7453, 0.0337, 0.0445, 0.0404, 0.0777, 0.0417, 0.0168], [0.6957, 0.0557, 0.0503, 0.0543, 0.0584, 0.0169, 0.0686], [0.7313, 0.0557, 0.0165, 0.019, 0.0793, 0.0258, 0.0722], [0.6868, 0.0536, 0.0449, 0.0221, 0.0632, 0.0579, 0.0716], [0.7422, 0.0383, 0.0671, 0.0419, 0.0213, 0.0552, 0.0339], [0.7, 0.0764, 0.042, 0.0205, 0.0423, 0.0865, 0.0324], [0.6573, 0.017, 0.0414, 0.0998, 0.0794, 0.0426, 0.0626], [0.6441, 0.0815, 0.0316, 0.0628, 0.0811, 0.0629, 0.036], [0.6099, 0.0425, 0.0686, 0.0512, 0.0817, 0.0537, 0.0924], [0.6946, 0.0714, 0.0605, 0.0609, 0.0187, 0.0746, 0.0193], [0.6487, 0.0659, 0.0181, 0.0637, 0.037, 0.0811, 0.0854], [0.7789, 0.0459, 0.0902, 0.0223, 0.022, 0.0194, 0.0212], [0.7848, 0.0187, 0.0566, 0.0152, 0.0128, 0.0679, 0.0441], [0.6891, 0.0385, 0.0884, 0.0367, 0.0368, 0.0287, 0.0818], [0.7318, 0.0411, 0.0343, 0.0401, 0.0355, 0.0805, 0.0367], [0.7372, 0.0416, 0.04, 0.0785, 0.0366, 0.0306, 0.0356], [0.7262, 0.0629, 0.0661, 0.0769, 0.0201, 0.0291, 0.0186], [0.6713, 0.0389, 0.0225, 0.0906, 0.0581, 0.0681, 0.0506], [0.6428, 0.0634, 0.0506, 0.053, 0.0618, 0.0652, 0.0632], [0.7018, 0.0857, 0.0324, 0.0776, 0.0184, 0.0201, 0.064], [0.7602, 0.0161, 0.0396, 0.0472, 0.026, 0.0491, 0.0619], [0.6919, 0.0371, 0.0747, 0.02, 0.0355, 0.0702, 0.0706], [0.7193, 0.0347, 0.0556, 0.023, 0.0196, 0.0653, 0.0826], [0.6566, 0.0592, 0.051, 0.0838, 0.0477, 0.0213, 0.0804], [0.6739, 0.0622, 0.0679, 0.0508, 0.0584, 0.0347, 0.052], [0.7195, 0.0162, 0.0663, 0.1021, 0.0331, 0.0258, 0.0369], [0.7298, 0.0248, 0.0644, 0.0423, 0.0478, 0.0705, 0.0203], [0.6515, 0.0633, 0.0175, 0.0848, 0.0599, 0.0615, 0.0616], [0.724, 0.0441, 0.0202, 0.0187, 0.0863, 0.0538, 0.053], [0.6818, 0.0339, 0.0885, 0.0637, 0.0532, 0.0514, 0.0276], [0.6572, 0.0748, 0.0241, 0.0747, 0.0269, 0.0898, 0.0525], [0.7199, 0.0547, 0.0832, 0.0259, 0.0456, 0.0246, 0.046], [0.6317, 0.0503, 0.0743, 0.0575, 0.0828, 0.0644, 0.039], [0.7596, 0.0289, 0.0483, 0.0432, 0.0146, 0.0596, 0.0458], [0.7419, 0.0775, 0.0177, 0.0149, 0.0307, 0.0536, 0.0636], [0.6723, 0.046, 0.0873, 0.0589, 0.0764, 0.0201, 0.039], [0.7133, 0.0365, 0.0462, 0.0282, 0.0244, 0.0731, 0.0783], [0.7364, 0.0666, 0.0143, 0.066, 0.0663, 0.0348, 0.0156], [0.6295, 0.0755, 0.0575, 0.0735, 0.0325, 0.0641, 0.0674], [0.6319, 0.0362, 0.0881, 0.043, 0.0524, 0.0763, 0.0721], [0.7151, 0.047, 0.0572, 0.0615, 0.0215, 0.0191, 0.0786], [0.7675, 0.0675, 0.0336, 0.0555, 0.0224, 0.0321, 0.0214], [0.7345, 0.0444, 0.0271, 0.0434, 0.0114, 0.0726, 0.0666], [0.7061, 0.0757, 0.0446, 0.0444, 0.0201, 0.0468, 0.0622], [0.7311, 0.0457, 0.0253, 0.0823, 0.0184, 0.0607, 0.0364], [0.6644, 0.0366, 0.08, 0.0397, 0.0271, 0.087, 0.0653], [0.6741, 0.0725, 0.0357, 0.0708, 0.0713, 0.0228, 0.0528], [0.7012, 0.0585, 0.0153, 0.0527, 0.0434, 0.0646, 0.0643], [0.7306, 0.0562, 0.0149, 0.0154, 0.0913, 0.0756, 0.016], [0.7319, 0.0618, 0.0489, 0.0383, 0.0346, 0.064, 0.0205], [0.6789, 0.0285, 0.0393, 0.074, 0.0553, 0.0711, 0.053], [0.6457, 0.0952, 0.0441, 0.0161, 0.0555, 0.0427, 0.1008], [0.6055, 0.0297, 0.0423, 0.0792, 0.0769, 0.0854, 0.0809], [0.6631, 0.0707, 0.0549, 0.0312, 0.0702, 0.0523, 0.0576], [0.7308, 0.0887, 0.014, 0.0151, 0.0137, 0.0601, 0.0777], [0.6503, 0.0783, 0.051, 0.058, 0.012, 0.0748, 0.0755], [0.701, 0.0397, 0.0782, 0.021, 0.0883, 0.024, 0.0477], [0.7452, 0.0845, 0.0527, 0.0248, 0.0244, 0.0322, 0.0362]], "emotions": ["red", "red", "red", "red", "red", "red", "red", "red", "red", "red", "red", "red", "red", "red", "red", "red", "red", "red", "red", "red", "red", "red", "red", "red", "red", "red", "red", "red", "red", "red", "red", "red", "red", "red", "red", "red", "red", "red", "red", "red", "red", "red", "red", "red", "red", "red", "red", "red", "red", "red", "red", "red", "red", "red", "red", "red", "red", "red", "red", "red", "red", "red", "red", "red", "red", "red", "red", "red", "red", "red", "red", "red", "red", "red", "red", "red", "red", "red", "red", "red"], "timestamps": [0, 40, 80, 120, 160, 200, 240, 280, 320, 360, 400, 440, 480, 520, 560, 600, 640, 680, 720, 760, 800, 840, 880, 920, 960, 1000, 1040, 1080, 1120, 1160, 1200, 1240, 1280, 1320, 1360, 1400, 1440, 1480, 1520, 1560, 1600, 1640, 1680, 1720, 1760, 1800, 1840, 1880, 1920, 1960, 2000, 2040, 2080, 2120, 2160, 2200, 2240, 2280, 2320, 2360, 2400, 2440, 2480, 2520, 2560, 2600, 2640, 2680, 2720, 2760, 2800, 2840, 2880, 2920, 2960, 3000, 3040, 3080, 3120, 3160]}], "conversation": [], "conversation_timestamps": []}