{"agent_id": "agent-blue-1425", "type": "blue", "trips": [{"trip_id": 0, "transport_method": "foot", "start_time": 0, "path": [[1.5255145, 42.5085432], [1.5261323, 42.508262], [1.5287725, 42.5088641], [1.5307051, 42.5093439], [1.5333293, 42.5100225], [1.5359972, 42.5099417], [1.5387276, 42.5100646], [1.5410852, 42.5092129], [1.5429673, 42.5089474], [1.5456315, 42.5094647], [1.5464039, 42.5100747], [1.5481284, 42.5114324], [1.550216, 42.5120575], [1.5515809, 42.5130465], [1.5524378, 42.5135286], [1.5530852, 42.5153654], [1.5544832, 42.5176575], [1.5566264, 42.5191748], [1.5584924, 42.5211174], [1.5596949, 42.5221004], [1.5619353, 42.5236542], [1.5641593, 42.5251264], [1.5666523, 42.5261631], [1.5689321, 42.5276603], [1.5711755, 42.5292106], [1.5733375, 42.5299725], [1.5755059, 42.5314563], [1.5782256, 42.5317821], [1.5782394, 42.5317455], [1.5809827, 42.5317285], [1.5836319, 42.5321366], [1.5857736, 42.5338062], [1.5880615, 42.5352752], [1.5898319, 42.5371586], [1.591805, 42.5388058], [1.5922083, 42.5413354], [1.5918496, 42.5438266], [1.5915877, 42.5464423], [1.5923317, 42.5480971], [1.5917962, 42.5506748], [1.5912211, 42.5526127], [1.5907786, 42.5531936], [1.5914525, 42.5552328], [1.5920812, 42.5576054], [1.5936296, 42.5594085], [1.5937514, 42.5605785], [1.5943962, 42.5627558], [1.5965203, 42.5644923], [1.5941275, 42.563529], [1.5941954, 42.5625349], [1.5964026, 42.5641645], [1.5987861, 42.564977], [1.6009096, 42.5664778], [1.6029605, 42.568135], [1.6048954, 42.56965], [1.6071069, 42.5708722], [1.6097419, 42.5714974], [1.6123476, 42.5720117], [1.6150191, 42.5725129], [1.6174977, 42.5732478], [1.6199761, 42.5742829], [1.6223174, 42.5755605], [1.6249207, 42.5763815], [1.6270931, 42.5778138], [1.6297089, 42.57825], [1.6323726, 42.5782571], [1.6350894, 42.5783084], [1.6377541, 42.578838], [1.6403711, 42.5793945], [1.6431041, 42.5795474], [1.6458046, 42.5799308], [1.6484489, 42.5798281], [1.6507627, 42.5785586], [1.6534225, 42.5779141], [1.6561066, 42.5777905], [1.6585177, 42.5787815], [1.6602252, 42.5786869], [1.6628832, 42.5793672], [1.6609982, 42.5789854], [1.658387, 42.5782164]], "mood_vectors": [[0.0208, 0.0226, 0.0455, 0.7335, 0.0623, 0.0747, 0.0407], [0.0345, 0.0328, 0.0733, 0.7036, 0.058, 0.0406, 0.0571], [0.0223, 0.0582, 0.0341, 0.6758, 0.0416, 0.0776, 0.0904], [0.056, 0.0385, 0.0574, 0.7424, 0.0187, 0.0326, 0.0543], [0.0685, 0.0646, 0.0981, 0.6903, 0.0208, 0.0392, 0.0184], [0.0526, 0.0538, 0.0209, 0.7294, 0.0185, 0.0638, 0.0611], [0.0242, 0.0951, 0.0436, 0.6839, 0.0856, 0.0306, 0.0371], [0.0296, 0.0776, 0.0508, 0.6776, 0.0308, 0.0715, 0.0622], [0.0335, 0.0649, 0.0274, 0.8048, 0.0322, 0.0228, 0.0145], [0.0181, 0.0725, 0.0345, 0.8003, 0.0235, 0.0287, 0.0225], [0.0676, 0.0573, 0.0538, 0.6814, 0.0516, 0.0338, 0.0546], [0.0627, 0.012, 0.0409, 0.7198, 0.0735, 0.0517, 0.0393], [0.0377, 0.0418, 0.0792, 0.6755, 0.0784, 0.059, 0.0284], [0.0722, 0.0427, 0.0331, 0.7188, 0.0261, 0.0303, 0.0768], [0.0385, 0.0283, 0.0221, 0.7606, 0.0544, 0.0611, 0.0351], [0.0138, 0.08, 0.0232, 0.7006, 0.0581, 0.0495, 0.0749], [0.0131, 0.0347, 0.0584, 0.7366, 0.0752, 0.0185, 0.0635], [0.0916, 0.0465, 0.0148, 0.6753, 0.0815, 0.0432, 0.0471], [0.0776, 0.0442, 0.0593, 0.6344, 0.0783, 0.0474, 0.0587], [0.0469, 0.0251, 0.0602, 0.6915, 0.0559, 0.0547, 0.0657], [0.0243, 0.0277, 0.0259, 0.7811, 0.0381, 0.0463, 0.0566], [0.0251, 0.0157, 0.0304, 0.8093, 0.0231, 0.0448, 0.0516], [0.0761, 0.026, 0.0307, 0.7292, 0.0169, 0.0782, 0.0429], [0.0506, 0.0475, 0.0347, 0.6764, 0.0563, 0.0672, 0.0673], [0.051, 0.0382, 0.0735, 0.6816, 0.055, 0.0359, 0.0649], [0.0704, 0.0905, 0.0724, 0.6607, 0.0375, 0.0292, 0.0394], [0.0262, 0.0162, 0.0173, 0.8007, 0.0749, 0.0138, 0.051], [0.0796, 0.0697, 0.0612, 0.645, 0.0509, 0.0258, 0.0678], [0.0382, 0.0482, 0.0538, 0.662, 0.0734, 0.0505, 0.0738], [0.0611, 0.0611, 0.0266, 0.7453, 0.0237, 0.0603, 0.022], [0.0691, 0.03, 0.0418, 0.6645, 0.0632, 0.0539, 0.0775], [0.0651, 0.0144, 0.0586, 0.762, 0.0167, 0.014, 0.0692], [0.0578, 0.0244, 0.0306, 0.7147, 0.0934, 0.059, 0.0202], [0.0738, 0.0774, 0.0571, 0.6783, 0.0451, 0.0197, 0.0486], [0.0735, 0.0517, 0.0285, 0.7411, 0.0521, 0.0328, 0.0203], [0.0507, 0.0397, 0.0427, 0.6941, 0.0576, 0.0719, 0.0434], [0.0156, 0.0596, 0.0507, 0.7789, 0.0325, 0.0492, 0.0135], [0.0555, 0.0208, 0.0559, 0.7427, 0.0145, 0.0677, 0.0428], [0.0785, 0.0479, 0.0204, 0.7055, 0.0305, 0.0637, 0.0536], [0.0383, 0.0356, 0.0596, 0.7321, 0.018, 0.0757, 0.0407], [0.0828, 0.0486, 0.0567, 0.653, 0.0355, 0.0681, 0.0552], [0.0719, 0.0486, 0.0257, 0.6749, 0.0648, 0.0512, 0.0629], [0.0586, 0.049, 0.0534, 0.7026, 0.0242, 0.0652, 0.047], [0.023, 0.0281, 0.0609, 0.7118, 0.0515, 0.0522, 0.0725], [0.0693, 0.0459, 0.0491, 0.6429, 0.0825, 0.0382, 0.0722], [0.0575, 0.0349, 0.0569, 0.7504, 0.0142, 0.0685, 0.0176], [0.067, 0.0141, 0.0729, 0.7905, 0.0186, 0.0167, 0.0202], [0.0165, 0.0763, 0.034, 0.6559, 0.0745, 0.0641, 0.0787], [0.0275, 0.0776, 0.0137, 0.7465, 0.0516, 0.0162, 0.0668], [0.0474, 0.0327, 0.0582, 0.6827, 0.0432, 0.0623, 0.0733], [0.0568, 0.0598, 0.0605, 0.7013, 0.0283, 0.0637, 0.0296], [0.0249, 0.0375, 0.0857, 0.6891, 0.0632, 0.0744, 0.0252], [0.0747, 0.0883, 0.0736, 0.6533, 0.0247, 0.0621, 0.0233], [0.0621, 0.038, 0.0501, 0.7466, 0.0331, 0.0508, 0.0193], [0.0227, 0.0828, 0.0388, 0.6745, 0.0522, 0.0701, 0.0589], [0.067, 0.0187, 0.054, 0.7667, 0.0219, 0.0491, 0.0226], [0.0688, 0.0803, 0.0154, 0.6679, 0.0706, 0.0626, 0.0343], [0.0636, 0.0203, 0.0216, 0.7321, 0.0765, 0.0382, 0.0476], [0.0258, 0.0237, 0.0853, 0.7793, 0.0288, 0.0257, 0.0314], [0.0788, 0.0602, 0.0688, 0.6405, 0.0225, 0.0495, 0.0796], [0.0744, 0.0566, 0.0146, 0.6706, 0.048, 0.0659, 0.07], [0.0338, 0.0847, 0.0165, 0.6587, 0.058, 0.0654, 0.0829], [0.0483, 0.0846, 0.0277, 0.7354, 0.0486, 0.0427, 0.0129], [0.0261, 0.0736, 0.0232, 0.6761, 0.0434, 0.0705, 0.0871], [0.0188, 0.032, 0.0864, 0.7046, 0.0397, 0.0555, 0.0631], [0.0155, 0.0161, 0.0725, 0.7455, 0.0245, 0.0827, 0.0433], [0.0455, 0.0738, 0.0217, 0.7143, 0.0244, 0.0774, 0.0428], [0.0491, 0.0652, 0.0655, 0.6974, 0.0596, 0.0278, 0.0355], [0.0191, 0.0765, 0.0732, 0.6251, 0.0742, 0.0501, 0.0819], [0.0572, 0.0684, 0.0421, 0.6798, 0.0775, 0.0421, 0.0328], [0.0725, 0.0876, 0.0245, 0.6842, 0.0282, 0.0712, 0.0318], [0.0217, 0.0457, 0.0572, 0.7495, 0.0708, 0.0247, 0.0304], [0.057, 0.025, 0.0131, 0.7718, 0.0715, 0.0472, 0.0143], [0.051, 0.0742, 0.0483, 0.6705, 0.0252, 0.07, 0.0607], [0.0585, 0.0155, 0.0414, 0.6988, 0.0698, 0.0473, 0.0686], [0.0328, 0.0596, 0.0963, 0.6411, 0.0731, 0.0615, 0.0355], [0.0769, 0.0772, 0.0325, 0.6717, 0.0452, 0.0429, 0.0537], [0.0204, 0.069, 0.0744, 0.7065, 0.0444, 0.0394, 0.0458], [0.0823, 0.0233, 0.0402, 0.7172, 0.051, 0.0295, 0.0565], [0.0296, 0.0747, 0.087, 0.6188, 0.0846, 0.0325, 0.0728]], "emotions": ["green", "green", "green", "green", "green", "green", "green", "green", "green", "green", "green", "green", "green", "green", "green", "green", "green", "green", "green", "green", "green", "green", "green", "green", "green", "green", "green", "green", "green", "green", "green", "green", "green", "green", "green", "green", "green", "green", "green", "green", "green", "green", "green", "green", "green", "green", "green", "green", "green", "green", "green", "green", "green", "green", "green", "green", "green", "green", "green", "green", "green", "green", "green", "green", "green", "green", "green", "green", "green", "green", "green", "green", "green", "green", "green", "green", "green", "green", "green", "green"], "timestamps": [0, 40, 80, 120, 160, 200, 240, 280, 320, 360, 400, 440, 480, 520, 560, 600, 640, 680, 720, 760, 800, 840, 880, 920, 960, 1000, 1040, 1080, 1120, 1160, 1200, 1240, 1280, 1320, 1360, 1400, 1440, 1480, 1520, 1560, 1600, 1640, 1680, 1720, 1760, 1800, 1840, 1880, 1920, 1960, 2000, 2040, 2080, 2120, 2160, 2200, 2240, 2280, 2320, 2360, 2400, 2440, 2480, 2520, 2560, 2600, 2640, 2680, 2720, 2760, 2800, 2840, 2880, 2920, 2960, 3000, 3040, 3080, 3120, 3160]}], "conversation": [], "conversation_timestamps": []}