{"agent_id": "agent-purple-779", "type": "purple", "trips": [{"trip_id": 0, "transport_method": "car", "start_time": 0, "path": [[1.4924168, 42.5654883], [1.4924807, 42.5649364], [1.4913034, 42.5658036], [1.4915671, 42.5651359], [1.4927604, 42.5642713], [1.4939619, 42.5634166], [1.4951633, 42.5625619], [1.4948456, 42.5631025], [1.4935075, 42.5636654], [1.4922585, 42.5643927], [1.4921003, 42.5647351], [1.4932944, 42.5638703], [1.4944886, 42.5630056], [1.4956828, 42.5621408], [1.4969223, 42.5615019], [1.4983915, 42.5615446], [1.4980498, 42.5615313], [1.4995127, 42.5617122], [1.5005473, 42.5609988], [1.5018186, 42.5602519], [1.5027895, 42.5597303], [1.5016474, 42.5606598], [1.5003249, 42.5612547], [1.5009334, 42.5608574], [1.5022522, 42.560198], [1.503571, 42.5595387], [1.5047458, 42.5586605], [1.5049412, 42.557232], [1.5058912, 42.5561172], [1.5066261, 42.5548583], [1.5071544, 42.5535886], [1.5082328, 42.5525831], [1.5093903, 42.5516749], [1.510531, 42.5507604], [1.5117109, 42.5498853], [1.5123202, 42.549201], [1.5133407, 42.5481401], [1.513421, 42.5474149], [1.5137405, 42.5468755], [1.5146803, 42.5459855], [1.5149123, 42.5455722], [1.5157326, 42.5443619], [1.5168176, 42.5433696], [1.517594, 42.5421338], [1.5188211, 42.5413937], [1.5193154, 42.5402429], [1.5194407, 42.5391391], [1.5194326, 42.5397186], [1.5196061, 42.5382572], [1.5201928, 42.5369077], [1.5211452, 42.5358486], [1.5203581, 42.5348852], [1.5194833, 42.5337535], [1.5196604, 42.5323353], [1.5197585, 42.5308999], [1.5195568, 42.5317665], [1.5197305, 42.5304595], [1.5204979, 42.5294527], [1.5203706, 42.5280796], [1.5201821, 42.5267989], [1.5206084, 42.5254389], [1.5209815, 42.5240501], [1.5217985, 42.5228407], [1.522694, 42.5217334], [1.5236158, 42.5206165], [1.524146, 42.5192699], [1.5253221, 42.5183808], [1.5264989, 42.5175135], [1.5278466, 42.5169165], [1.5291537, 42.5166111], [1.5304156, 42.515874], [1.5315972, 42.5150027], [1.5327095, 42.5140585], [1.5340293, 42.5135044], [1.5345466, 42.5130764], [1.535938, 42.5126378], [1.5371863, 42.5118939], [1.5384848, 42.5112592], [1.5396938, 42.5105461], [1.5409847, 42.5102661]], "mood_vectors": [[0.0204, 0.0628, 0.0341, 0.0652, 0.0685, 0.7022, 0.0467], [0.044, 0.0542, 0.0322, 0.0199, 0.0204, 0.7476, 0.0817], [0.0713, 0.0728, 0.0199, 0.0382, 0.0415, 0.7131, 0.0433], [0.0842, 0.018, 0.0469, 0.056, 0.0832, 0.6714, 0.0403], [0.0238, 0.0385, 0.0592, 0.0785, 0.0291, 0.7303, 0.0407], [0.0444, 0.0682, 0.0791, 0.0354, 0.016, 0.7096, 0.0472], [0.0513, 0.0172, 0.0148, 0.051, 0.0899, 0.7136, 0.0623], [0.0717, 0.0153, 0.0456, 0.0712, 0.0275, 0.6741, 0.0947], [0.0853, 0.0924, 0.0263, 0.0873, 0.0354, 0.6376, 0.0358], [0.0409, 0.0682, 0.0867, 0.0313, 0.016, 0.6813, 0.0755], [0.0302, 0.0388, 0.0457, 0.0633, 0.0537, 0.7513, 0.0171], [0.0873, 0.0181, 0.0848, 0.0611, 0.0499, 0.614, 0.0847], [0.0519, 0.0695, 0.0151, 0.033, 0.0563, 0.7474, 0.0267], [0.0512, 0.05, 0.0442, 0.0399, 0.018, 0.722, 0.0745], [0.0679, 0.0783, 0.0388, 0.0605, 0.0141, 0.666, 0.0744], [0.0278, 0.0239, 0.0553, 0.0429, 0.0967, 0.6981, 0.0553], [0.0178, 0.0373, 0.0169, 0.0669, 0.0474, 0.7358, 0.0779], [0.0733, 0.0854, 0.0191, 0.0518, 0.0957, 0.658, 0.0167], [0.077, 0.0402, 0.0231, 0.0147, 0.02, 0.7971, 0.0279], [0.0372, 0.0734, 0.064, 0.0785, 0.0386, 0.6495, 0.0589], [0.0283, 0.0228, 0.0594, 0.0615, 0.0448, 0.7029, 0.0803], [0.0737, 0.0592, 0.0634, 0.0711, 0.0377, 0.619, 0.0758], [0.099, 0.0544, 0.0352, 0.0249, 0.0154, 0.7229, 0.0482], [0.0465, 0.0638, 0.0749, 0.0747, 0.0304, 0.6895, 0.0201], [0.0276, 0.0719, 0.0363, 0.0251, 0.0297, 0.7875, 0.0219], [0.0354, 0.0587, 0.05, 0.0395, 0.017, 0.7693, 0.0301], [0.0785, 0.0216, 0.0239, 0.0408, 0.0774, 0.7278, 0.03], [0.0703, 0.0657, 0.0349, 0.0125, 0.0689, 0.6901, 0.0577], [0.0632, 0.0787, 0.0767, 0.064, 0.0157, 0.684, 0.0177], [0.0609, 0.0422, 0.023, 0.0457, 0.0688, 0.6982, 0.0612], [0.0139, 0.0509, 0.0414, 0.0447, 0.0617, 0.7339, 0.0535], [0.0375, 0.0568, 0.0502, 0.0432, 0.0307, 0.7454, 0.0361], [0.0184, 0.0663, 0.0495, 0.0827, 0.0304, 0.7002, 0.0525], [0.0717, 0.08, 0.0253, 0.0669, 0.0754, 0.6084, 0.0722], [0.0868, 0.052, 0.0221, 0.0396, 0.0633, 0.6548, 0.0815], [0.0332, 0.0765, 0.0336, 0.0392, 0.0766, 0.6664, 0.0746], [0.0511, 0.0739, 0.0591, 0.0135, 0.0439, 0.6945, 0.064], [0.0701, 0.0499, 0.0579, 0.0136, 0.0697, 0.6907, 0.0481], [0.0359, 0.0279, 0.0208, 0.0642, 0.0427, 0.7314, 0.0771], [0.0221, 0.0349, 0.0573, 0.0379, 0.0515, 0.7584, 0.0379], [0.0416, 0.065, 0.0522, 0.0627, 0.0472, 0.7069, 0.0244], [0.0744, 0.0223, 0.0439, 0.0749, 0.0556, 0.718, 0.0109], [0.051, 0.0344, 0.0622, 0.057, 0.0397, 0.7061, 0.0497], [0.0534, 0.0434, 0.0438, 0.0795, 0.0303, 0.7091, 0.0405], [0.0452, 0.0561, 0.0531, 0.016, 0.0301, 0.7821, 0.0173], [0.0597, 0.0653, 0.0678, 0.0312, 0.0304, 0.7083, 0.0373], [0.0341, 0.022, 0.0248, 0.0437, 0.0737, 0.7272, 0.0745], [0.0482, 0.0163, 0.0613, 0.0805, 0.0144, 0.7558, 0.0235], [0.0579, 0.0876, 0.0611, 0.0408, 0.0689, 0.6258, 0.0579], [0.0641, 0.0582, 0.0417, 0.0637, 0.0385, 0.6739, 0.0598], [0.0584, 0.0572, 0.0488, 0.0884, 0.0212, 0.6372, 0.0889], [0.0924, 0.0441, 0.0526, 0.0735, 0.0307, 0.6821, 0.0245], [0.0452, 0.0126, 0.0683, 0.0606, 0.02, 0.7398, 0.0534], [0.063, 0.0507, 0.0525, 0.027, 0.0155, 0.7246, 0.0668], [0.0955, 0.0149, 0.0538, 0.0432, 0.0742, 0.6511, 0.0673], [0.0557, 0.0493, 0.0268, 0.0623, 0.0773, 0.6897, 0.039], [0.0759, 0.0177, 0.0665, 0.043, 0.0876, 0.6298, 0.0795], [0.0191, 0.0884, 0.0288, 0.0227, 0.0393, 0.7531, 0.0485], [0.0728, 0.0638, 0.069, 0.0417, 0.0641, 0.6236, 0.065], [0.0267, 0.0561, 0.0719, 0.0673, 0.0375, 0.6956, 0.045], [0.0347, 0.0602, 0.0195, 0.0262, 0.0491, 0.7919, 0.0184], [0.0302, 0.0641, 0.0783, 0.0429, 0.0514, 0.686, 0.0471], [0.0246, 0.0277, 0.061, 0.0148, 0.037, 0.7544, 0.0804], [0.0369, 0.0627, 0.0741, 0.0708, 0.0853, 0.6202, 0.05], [0.0419, 0.069, 0.0661, 0.0255, 0.0547, 0.68, 0.0629], [0.0585, 0.0732, 0.0358, 0.0182, 0.0324, 0.7567, 0.0252], [0.0621, 0.0535, 0.0191, 0.0264, 0.0949, 0.6834, 0.0605], [0.0702, 0.058, 0.0676, 0.014, 0.0689, 0.6859, 0.0355], [0.0804, 0.0486, 0.0529, 0.0183, 0.0245, 0.6855, 0.0898], [0.0778, 0.0622, 0.0733, 0.0267, 0.0405, 0.6605, 0.059], [0.0762, 0.0864, 0.0366, 0.0332, 0.0131, 0.7223, 0.0322], [0.071, 0.0284, 0.0379, 0.0337, 0.0632, 0.7135, 0.0523], [0.0665, 0.0714, 0.0568, 0.0547, 0.0622, 0.6465, 0.0418], [0.0398, 0.0518, 0.0149, 0.0259, 0.0629, 0.7829, 0.0217], [0.0521, 0.0685, 0.0266, 0.052, 0.0429, 0.7128, 0.0451], [0.0412, 0.0313, 0.0368, 0.0623, 0.0471, 0.7546, 0.0267], [0.0393, 0.0698, 0.0391, 0.0316, 0.0797, 0.7098, 0.0307], [0.0335, 0.0568, 0.0263, 0.08, 0.0517, 0.7261, 0.0256], [0.0324, 0.0887, 0.0625, 0.0626, 0.0217, 0.6506, 0.0815], [0.0251, 0.0634, 0.05, 0.0671, 0.0219, 0.7442, 0.0283]], "emotions": ["purple", "purple", "purple", "purple", "purple", "purple", "purple", "purple", "purple", "purple", "purple", "purple", "purple", "purple", "purple", "purple", "purple", "purple", "purple", "purple", "purple", "purple", "purple", "purple", "purple", "purple", "purple", "purple", "purple", "purple", "purple", "purple", "purple", "purple", "purple", "purple", "purple", "purple", "purple", "purple", "purple", "purple", "purple", "purple", "purple", "purple", "purple", "purple", "purple", "purple", "purple", "purple", "purple", "purple", "purple", "purple", "purple", "purple", "purple", "purple", "purple", "purple", "purple", "purple", "purple", "purple", "purple", "purple", "purple", "purple", "purple", "purple", "purple", "purple", "purple", "purple", "purple", "purple", "purple", "purple"], "timestamps": [0, 40, 80, 120, 160, 200, 240, 280, 320, 360, 400, 440, 480, 520, 560, 600, 640, 680, 720, 760, 800, 840, 880, 920, 960, 1000, 1040, 1080, 1120, 1160, 1200, 1240, 1280, 1320, 1360, 1400, 1440, 1480, 1520, 1560, 1600, 1640, 1680, 1720, 1760, 1800, 1840, 1880, 1920, 1960, 2000, 2040, 2080, 2120, 2160, 2200, 2240, 2280, 2320, 2360, 2400, 2440, 2480, 2520, 2560, 2600, 2640, 2680, 2720, 2760, 2800, 2840, 2880, 2920, 2960, 3000, 3040, 3080, 3120, 3160]}], "conversation": [], "conversation_timestamps": []}