{"agent_id": "agent-blue-1195", "type": "blue", "trips": [{"trip_id": 0, "transport_method": "bicycle", "start_time": 0, "path": [[1.5312243, 42.5075877], [1.5324537, 42.5083086], [1.534149, 42.5085136], [1.5358543, 42.5086151], [1.5375569, 42.508783], [1.5388868, 42.5087528], [1.5405307, 42.5086521], [1.54222, 42.5088912], [1.5431623, 42.5089766], [1.5448183, 42.5093216], [1.5458526, 42.5095652], [1.5464066, 42.509923], [1.5469804, 42.5111333], [1.5486399, 42.5115518], [1.5497466, 42.5118673], [1.5503564, 42.5121333], [1.5515176, 42.5130236], [1.5517057, 42.5130916], [1.5525284, 42.513648], [1.5529713, 42.5152283], [1.5536811, 42.5167655], [1.5549238, 42.5178936], [1.5563038, 42.518755], [1.5573725, 42.5200293], [1.558604, 42.5212174], [1.5597241, 42.5220082], [1.5604011, 42.5225239], [1.5617881, 42.523516], [1.563035, 42.5246493], [1.564616, 42.5252261], [1.5662018, 42.5258426], [1.5675652, 42.5268754], [1.5690268, 42.5277436], [1.5704774, 42.5286429], [1.5718416, 42.5293575], [1.5732154, 42.5297839], [1.5743275, 42.5310339], [1.5759519, 42.5315427], [1.5776487, 42.5317557], [1.5781187, 42.5317908], [1.5783419, 42.5317458], [1.5800537, 42.5317505], [1.5817646, 42.5316975], [1.5834204, 42.5320047], [1.5847455, 42.5330765], [1.5861119, 42.5340716], [1.5876209, 42.5348759], [1.5886855, 42.5361191], [1.5899048, 42.5371886], [1.5914221, 42.5379706], [1.5918493, 42.5395633], [1.5923654, 42.5411146], [1.591592, 42.5425717], [1.5919008, 42.5442281], [1.5914147, 42.5458468], [1.5916722, 42.5466562], [1.5923276, 42.5481522], [1.5920556, 42.5497419], [1.5917326, 42.5514012], [1.5910162, 42.5528265], [1.590782, 42.5531816], [1.5905913, 42.5535281], [1.5912616, 42.5546161], [1.5916751, 42.5562575], [1.5921098, 42.5576186], [1.5933779, 42.558536], [1.5938291, 42.5600414], [1.5937978, 42.5602616], [1.593594, 42.561889], [1.5946747, 42.5629835], [1.596, 42.564067], [1.5956545, 42.564217], [1.5941221, 42.5635233], [1.593362, 42.5620557], [1.5947488, 42.5629435], [1.5961259, 42.5639603], [1.59763, 42.564456], [1.5989691, 42.5652563], [1.6003304, 42.5660966], [1.6014449, 42.5673157]], "mood_vectors": [[0.0496, 0.0217, 0.0155, 0.7648, 0.0539, 0.0163, 0.0782], [0.0432, 0.0186, 0.0568, 0.6768, 0.073, 0.07, 0.0615], [0.0154, 0.0639, 0.0241, 0.7736, 0.0196, 0.032, 0.0714], [0.0431, 0.0793, 0.08, 0.6486, 0.0266, 0.0754, 0.047], [0.073, 0.0202, 0.0534, 0.6565, 0.0592, 0.0703, 0.0675], [0.046, 0.0867, 0.0138, 0.7115, 0.0146, 0.0739, 0.0536], [0.0228, 0.016, 0.0564, 0.7731, 0.0717, 0.0208, 0.0393], [0.0789, 0.0197, 0.0171, 0.7763, 0.0242, 0.02, 0.0637], [0.027, 0.0861, 0.0783, 0.672, 0.0133, 0.0407, 0.0828], [0.02, 0.0629, 0.0808, 0.6956, 0.0662, 0.023, 0.0515], [0.0285, 0.0526, 0.07, 0.6714, 0.0286, 0.0736, 0.0754], [0.0779, 0.061, 0.0672, 0.687, 0.0519, 0.0305, 0.0245], [0.0281, 0.0536, 0.0659, 0.6885, 0.0738, 0.0537, 0.0366], [0.0465, 0.0311, 0.0433, 0.7645, 0.0208, 0.0393, 0.0546], [0.0713, 0.0784, 0.0425, 0.7091, 0.029, 0.0417, 0.028], [0.0343, 0.0587, 0.0694, 0.6591, 0.0629, 0.073, 0.0425], [0.039, 0.0505, 0.0622, 0.6576, 0.0653, 0.0242, 0.1012], [0.0247, 0.0454, 0.0698, 0.7488, 0.0212, 0.0133, 0.0768], [0.0548, 0.0404, 0.0746, 0.6756, 0.0463, 0.0448, 0.0636], [0.0693, 0.0603, 0.0287, 0.6592, 0.0784, 0.0586, 0.0455], [0.0552, 0.0764, 0.0714, 0.7042, 0.0208, 0.0419, 0.0301], [0.072, 0.0181, 0.0588, 0.7075, 0.1002, 0.0166, 0.0268], [0.026, 0.0536, 0.0617, 0.7069, 0.0548, 0.0382, 0.0587], [0.0307, 0.0541, 0.0576, 0.7487, 0.0126, 0.0333, 0.0631], [0.0156, 0.0661, 0.0386, 0.7427, 0.0476, 0.0419, 0.0476], [0.0677, 0.0557, 0.0144, 0.791, 0.0168, 0.0209, 0.0334], [0.0402, 0.0719, 0.0568, 0.7012, 0.0294, 0.0607, 0.0397], [0.0203, 0.0581, 0.0548, 0.7374, 0.056, 0.0188, 0.0546], [0.0751, 0.0496, 0.0272, 0.7272, 0.0758, 0.0171, 0.0279], [0.0172, 0.0461, 0.0136, 0.7472, 0.0465, 0.0488, 0.0805], [0.0558, 0.0443, 0.0567, 0.6913, 0.0273, 0.0722, 0.0523], [0.046, 0.0563, 0.022, 0.7873, 0.0156, 0.0357, 0.0372], [0.0632, 0.059, 0.0395, 0.6816, 0.047, 0.0717, 0.0382], [0.0487, 0.0344, 0.0273, 0.7314, 0.0648, 0.0207, 0.0727], [0.0727, 0.0267, 0.0825, 0.6712, 0.0814, 0.0156, 0.0499], [0.0543, 0.0343, 0.0541, 0.6934, 0.0173, 0.0671, 0.0795], [0.0553, 0.016, 0.0378, 0.717, 0.0343, 0.0723, 0.0673], [0.0954, 0.0225, 0.0253, 0.6434, 0.051, 0.0698, 0.0927], [0.0269, 0.0216, 0.0507, 0.679, 0.0761, 0.0986, 0.0471], [0.0853, 0.07, 0.084, 0.5399, 0.073, 0.0699, 0.0779], [0.0645, 0.036, 0.0375, 0.6761, 0.0535, 0.0415, 0.0909], [0.0689, 0.0466, 0.0583, 0.7399, 0.0366, 0.0183, 0.0314], [0.0496, 0.0117, 0.0196, 0.7964, 0.045, 0.0461, 0.0316], [0.0146, 0.024, 0.051, 0.8088, 0.0215, 0.0316, 0.0484], [0.0458, 0.0512, 0.0281, 0.7602, 0.0715, 0.0203, 0.0229], [0.0752, 0.03, 0.0379, 0.6813, 0.0284, 0.0662, 0.0811], [0.0462, 0.0216, 0.0228, 0.7587, 0.0657, 0.0371, 0.048], [0.0702, 0.0481, 0.0523, 0.6244, 0.078, 0.0474, 0.0796], [0.0737, 0.0346, 0.0125, 0.719, 0.052, 0.0274, 0.0808], [0.0324, 0.0725, 0.0693, 0.7071, 0.0171, 0.0233, 0.0783], [0.0645, 0.0665, 0.0603, 0.6899, 0.0188, 0.029, 0.071], [0.0619, 0.0166, 0.0665, 0.7477, 0.0456, 0.0436, 0.0182], [0.0227, 0.0659, 0.061, 0.6757, 0.0644, 0.04, 0.0704], [0.0579, 0.0384, 0.0326, 0.6595, 0.0467, 0.0776, 0.0872], [0.0656, 0.0936, 0.0865, 0.626, 0.0158, 0.0592, 0.0533], [0.0559, 0.0771, 0.0117, 0.7087, 0.0606, 0.0297, 0.0563], [0.0854, 0.0376, 0.065, 0.6663, 0.0202, 0.0743, 0.0512], [0.0466, 0.0698, 0.0236, 0.7328, 0.0425, 0.0306, 0.0541], [0.0688, 0.0894, 0.031, 0.7008, 0.0167, 0.0322, 0.0612], [0.0175, 0.0541, 0.0652, 0.734, 0.0243, 0.0578, 0.047], [0.0498, 0.0494, 0.0585, 0.6971, 0.0613, 0.0629, 0.021], [0.0427, 0.0536, 0.0564, 0.6712, 0.0503, 0.0621, 0.0637], [0.0201, 0.0684, 0.0495, 0.7332, 0.0436, 0.0436, 0.0417], [0.0339, 0.0642, 0.0258, 0.7845, 0.0238, 0.029, 0.0388], [0.0413, 0.0507, 0.0311, 0.7005, 0.0769, 0.0248, 0.0746], [0.0477, 0.0354, 0.0722, 0.6863, 0.0302, 0.0522, 0.076], [0.04, 0.0155, 0.0237, 0.7464, 0.0617, 0.0542, 0.0586], [0.0425, 0.0287, 0.0282, 0.7865, 0.0122, 0.0263, 0.0756], [0.0385, 0.0519, 0.0825, 0.6697, 0.0163, 0.0748, 0.0661], [0.0571, 0.0561, 0.0462, 0.6683, 0.0216, 0.1057, 0.045], [0.0424, 0.0863, 0.0805, 0.597, 0.068, 0.0892, 0.0365], [0.0622, 0.0188, 0.0542, 0.7435, 0.066, 0.0428, 0.0125], [0.0394, 0.0884, 0.0428, 0.6909, 0.0182, 0.0813, 0.0391], [0.0331, 0.0725, 0.0693, 0.684, 0.0659, 0.0633, 0.012], [0.036, 0.0333, 0.0473, 0.7161, 0.0182, 0.0724, 0.0765], [0.069, 0.0663, 0.0157, 0.7, 0.0358, 0.089, 0.0242], [0.0203, 0.0805, 0.0734, 0.7084, 0.0452, 0.0184, 0.0538], [0.0436, 0.0227, 0.0834, 0.6819, 0.0276, 0.078, 0.0629], [0.0305, 0.0577, 0.0142, 0.7725, 0.0445, 0.0657, 0.015], [0.066, 0.062, 0.026, 0.6938, 0.0237, 0.0529, 0.0757]], "emotions": ["green", "green", "green", "green", "green", "green", "green", "green", "green", "green", "green", "green", "green", "green", "green", "green", "green", "green", "green", "green", "green", "green", "green", "green", "green", "green", "green", "green", "green", "green", "green", "green", "green", "green", "green", "green", "green", "green", "green", "green", "green", "green", "green", "green", "green", "green", "green", "green", "green", "green", "green", "green", "green", "green", "green", "green", "green", "green", "green", "green", "green", "green", "green", "green", "green", "green", "green", "green", "green", "green", "green", "green", "green", "green", "green", "green", "green", "green", "green", "green"], "timestamps": [0, 40, 80, 120, 160, 200, 240, 280, 320, 360, 400, 440, 480, 520, 560, 600, 640, 680, 720, 760, 800, 840, 880, 920, 960, 1000, 1040, 1080, 1120, 1160, 1200, 1240, 1280, 1320, 1360, 1400, 1440, 1480, 1520, 1560, 1600, 1640, 1680, 1720, 1760, 1800, 1840, 1880, 1920, 1960, 2000, 2040, 2080, 2120, 2160, 2200, 2240, 2280, 2320, 2360, 2400, 2440, 2480, 2520, 2560, 2600, 2640, 2680, 2720, 2760, 2800, 2840, 2880, 2920, 2960, 3000, 3040, 3080, 3120, 3160]}], "conversation": [], "conversation_timestamps": []}