{"agent_id": "agent-purple-804", "type": "purple", "trips": [{"trip_id": 0, "transport_method": "foot", "start_time": 0, "path": [[1.5228164, 42.5045773], [1.5228798, 42.5045584], [1.5229416, 42.5045748], [1.523007, 42.5045835], [1.5230731, 42.504581], [1.5231385, 42.5045794], [1.5232023, 42.5045618], [1.5231797, 42.5045596], [1.5231137, 42.5045651], [1.5230477, 42.5045707], [1.5229818, 42.5045762], [1.5229158, 42.5045817], [1.5228498, 42.5045872], [1.5227839, 42.5045927], [1.5227179, 42.5045983], [1.522652, 42.5045973], [1.522586, 42.5045913], [1.5225201, 42.504586], [1.522454, 42.5045812], [1.5223881, 42.5045757], [1.5223237, 42.5045682], [1.5222811, 42.5046188], [1.5222385, 42.5046695], [1.5221958, 42.5047202], [1.5221532, 42.5047708], [1.5221106, 42.5048215], [1.5220962, 42.504883], [1.5220938, 42.5049492], [1.5220914, 42.5050153], [1.5220876, 42.5050814], [1.5220838, 42.5051475], [1.52208, 42.5052136], [1.5220763, 42.5052797], [1.5220725, 42.5053458], [1.5220687, 42.5054119], [1.5220649, 42.505478], [1.5220612, 42.505544], [1.5220556, 42.5056097], [1.5220269, 42.5056693], [1.5219982, 42.505729], [1.5219695, 42.5057886], [1.5219408, 42.5058483], [1.5219121, 42.5059079], [1.5218834, 42.5059676], [1.5218547, 42.5060272], [1.521826, 42.5060869], [1.5217973, 42.5061465], [1.5217686, 42.5062062], [1.5217315, 42.5062449], [1.5216694, 42.5062219], [1.5216073, 42.5061989], [1.5215452, 42.5061759], [1.5214832, 42.5061529], [1.5214211, 42.5061299], [1.521359, 42.5061069], [1.521297, 42.506084], [1.5212349, 42.506061], [1.5211728, 42.506038], [1.5211107, 42.506015], [1.5210487, 42.505992], [1.5209866, 42.505969], [1.5209245, 42.505946], [1.5208624, 42.505923], [1.5208004, 42.5059], [1.5208163, 42.5059052], [1.5208788, 42.5059271], [1.5209412, 42.5059491], [1.5210037, 42.5059711], [1.5210656, 42.5059944], [1.5211276, 42.5060177], [1.5211895, 42.506041], [1.5212515, 42.5060643], [1.5213135, 42.5060876], [1.5213754, 42.5061109], [1.5214374, 42.5061342], [1.5214993, 42.5061575], [1.5215613, 42.5061808], [1.5216232, 42.5062041], [1.5216852, 42.5062274], [1.5217472, 42.5062507]], "mood_vectors": [[0.0518, 0.0522, 0.0581, 0.063, 0.0203, 0.7368, 0.0176], [0.0275, 0.0516, 0.0546, 0.027, 0.0577, 0.7068, 0.0747], [0.0939, 0.0632, 0.0453, 0.0227, 0.0284, 0.6526, 0.094], [0.0158, 0.055, 0.0418, 0.0665, 0.0811, 0.6949, 0.045], [0.0162, 0.0532, 0.0556, 0.0319, 0.0697, 0.6792, 0.0942], [0.0772, 0.0253, 0.0401, 0.0506, 0.0351, 0.6936, 0.0782], [0.0607, 0.0687, 0.0575, 0.0824, 0.0517, 0.624, 0.0552], [0.0504, 0.0268, 0.0759, 0.0712, 0.0204, 0.6695, 0.0858], [0.02, 0.0484, 0.0623, 0.0659, 0.0746, 0.6696, 0.0593], [0.0233, 0.072, 0.0554, 0.0506, 0.0306, 0.7034, 0.0647], [0.0457, 0.0584, 0.0282, 0.0531, 0.0222, 0.7264, 0.066], [0.0496, 0.0191, 0.0438, 0.0697, 0.0941, 0.677, 0.0467], [0.0592, 0.0696, 0.0298, 0.0301, 0.0546, 0.7186, 0.0381], [0.086, 0.0911, 0.0817, 0.0435, 0.0562, 0.5966, 0.0448], [0.0718, 0.0704, 0.0189, 0.0118, 0.0591, 0.7028, 0.0652], [0.0199, 0.1026, 0.0729, 0.0723, 0.0592, 0.6433, 0.0299], [0.0378, 0.0224, 0.0357, 0.081, 0.0633, 0.6897, 0.0702], [0.0208, 0.0633, 0.0596, 0.0399, 0.0283, 0.758, 0.03], [0.0239, 0.0925, 0.0386, 0.0906, 0.072, 0.6285, 0.0539], [0.0402, 0.054, 0.0648, 0.0616, 0.0566, 0.6947, 0.0279], [0.0502, 0.0731, 0.0285, 0.0554, 0.0625, 0.6587, 0.0717], [0.0626, 0.035, 0.0228, 0.0665, 0.0739, 0.6652, 0.0739], [0.0525, 0.0639, 0.0744, 0.0362, 0.0287, 0.6865, 0.0577], [0.0151, 0.0555, 0.046, 0.0529, 0.0373, 0.7301, 0.0631], [0.0255, 0.0447, 0.0661, 0.0502, 0.0468, 0.6845, 0.0821], [0.0633, 0.0408, 0.0617, 0.0597, 0.0351, 0.6758, 0.0636], [0.0414, 0.0597, 0.0313, 0.0719, 0.0459, 0.6999, 0.0499], [0.0822, 0.0437, 0.0255, 0.0494, 0.0572, 0.6982, 0.0439], [0.0321, 0.0366, 0.0656, 0.0661, 0.0248, 0.7546, 0.0202], [0.0184, 0.0715, 0.017, 0.0701, 0.0266, 0.7474, 0.0489], [0.0492, 0.0637, 0.0634, 0.0647, 0.083, 0.6622, 0.0138], [0.0423, 0.0706, 0.0506, 0.071, 0.0385, 0.6889, 0.038], [0.0131, 0.0336, 0.0749, 0.0397, 0.0455, 0.7355, 0.0577], [0.0124, 0.0345, 0.0572, 0.0341, 0.0294, 0.7825, 0.05], [0.0446, 0.0683, 0.0677, 0.0755, 0.0298, 0.6618, 0.0523], [0.0281, 0.0138, 0.0633, 0.0513, 0.0562, 0.7346, 0.0526], [0.0816, 0.0799, 0.0572, 0.0276, 0.0319, 0.6921, 0.0296], [0.0636, 0.0246, 0.0694, 0.0561, 0.0211, 0.7343, 0.0309], [0.0221, 0.0746, 0.0723, 0.0688, 0.0152, 0.7074, 0.0397], [0.0831, 0.0135, 0.0663, 0.0541, 0.0589, 0.6517, 0.0724], [0.0247, 0.0428, 0.0498, 0.074, 0.0505, 0.7003, 0.058], [0.0412, 0.0244, 0.0175, 0.0714, 0.0546, 0.7374, 0.0535], [0.0707, 0.0628, 0.0194, 0.0762, 0.0595, 0.6309, 0.0804], [0.0685, 0.0634, 0.0495, 0.0154, 0.0738, 0.6869, 0.0425], [0.0667, 0.0696, 0.0282, 0.0504, 0.0236, 0.7126, 0.0489], [0.0293, 0.0147, 0.0895, 0.032, 0.066, 0.7411, 0.0274], [0.0303, 0.0407, 0.0746, 0.0441, 0.0336, 0.7137, 0.063], [0.0727, 0.0158, 0.0549, 0.0431, 0.0292, 0.7493, 0.035], [0.0274, 0.015, 0.0494, 0.0925, 0.0939, 0.6531, 0.0687], [0.0403, 0.0768, 0.0507, 0.0668, 0.0332, 0.6639, 0.0684], [0.0512, 0.0326, 0.0829, 0.034, 0.0433, 0.6828, 0.0733], [0.087, 0.0172, 0.0361, 0.062, 0.0167, 0.7226, 0.0585], [0.0439, 0.0283, 0.0255, 0.0754, 0.0249, 0.7307, 0.0714], [0.0402, 0.0724, 0.0688, 0.0382, 0.0444, 0.7217, 0.0143], [0.0423, 0.0566, 0.0771, 0.0642, 0.0498, 0.6291, 0.0809], [0.0368, 0.0739, 0.0821, 0.0311, 0.0663, 0.6512, 0.0584], [0.0506, 0.0388, 0.0648, 0.0495, 0.0711, 0.6599, 0.0654], [0.0108, 0.0303, 0.0705, 0.0278, 0.0663, 0.7191, 0.0752], [0.0405, 0.0487, 0.0199, 0.0906, 0.0495, 0.6801, 0.0709], [0.0244, 0.0247, 0.0564, 0.0222, 0.0516, 0.7457, 0.0752], [0.0497, 0.0835, 0.0128, 0.073, 0.0601, 0.6484, 0.0725], [0.0798, 0.0792, 0.0346, 0.0892, 0.0772, 0.5985, 0.0415], [0.0486, 0.0578, 0.0861, 0.0231, 0.0295, 0.711, 0.044], [0.0306, 0.085, 0.0378, 0.0176, 0.0861, 0.7216, 0.0213], [0.0526, 0.0487, 0.0491, 0.0169, 0.0888, 0.7047, 0.0392], [0.0832, 0.0177, 0.0536, 0.0707, 0.0196, 0.6898, 0.0656], [0.068, 0.0361, 0.0187, 0.0378, 0.0629, 0.736, 0.0405], [0.0493, 0.0212, 0.0338, 0.0634, 0.0592, 0.6983, 0.0747], [0.025, 0.0437, 0.0343, 0.0718, 0.043, 0.7191, 0.0631], [0.0698, 0.0461, 0.0277, 0.0233, 0.0948, 0.7086, 0.0297], [0.0902, 0.0424, 0.0876, 0.0494, 0.0892, 0.6146, 0.0266], [0.0209, 0.0649, 0.0635, 0.0774, 0.0227, 0.6938, 0.0568], [0.0503, 0.0661, 0.0352, 0.064, 0.0493, 0.6699, 0.0652], [0.0422, 0.0125, 0.0474, 0.0558, 0.044, 0.7358, 0.0623], [0.0661, 0.0606, 0.052, 0.0602, 0.0757, 0.6516, 0.0338], [0.062, 0.0156, 0.0515, 0.0609, 0.0748, 0.7051, 0.0301], [0.0332, 0.0366, 0.0462, 0.0735, 0.0317, 0.7487, 0.0301], [0.0287, 0.0717, 0.0204, 0.0672, 0.0717, 0.6991, 0.0412], [0.0499, 0.0362, 0.0741, 0.0746, 0.0471, 0.6715, 0.0466], [0.0497, 0.0674, 0.029, 0.0196, 0.0423, 0.7089, 0.083]], "emotions": ["purple", "purple", "purple", "purple", "purple", "purple", "purple", "purple", "purple", "purple", "purple", "purple", "purple", "purple", "purple", "purple", "purple", "purple", "purple", "purple", "purple", "purple", "purple", "purple", "purple", "purple", "purple", "purple", "purple", "purple", "purple", "purple", "purple", "purple", "purple", "purple", "purple", "purple", "purple", "purple", "purple", "purple", "purple", "purple", "purple", "purple", "purple", "purple", "purple", "purple", "purple", "purple", "purple", "purple", "purple", "purple", "purple", "purple", "purple", "purple", "purple", "purple", "purple", "purple", "purple", "purple", "purple", "purple", "purple", "purple", "purple", "purple", "purple", "purple", "purple", "purple", "purple", "purple", "purple", "purple"], "timestamps": [0, 40, 80, 120, 160, 200, 240, 280, 320, 360, 400, 440, 480, 520, 560, 600, 640, 680, 720, 760, 800, 840, 880, 920, 960, 1000, 1040, 1080, 1120, 1160, 1200, 1240, 1280, 1320, 1360, 1400, 1440, 1480, 1520, 1560, 1600, 1640, 1680, 1720, 1760, 1800, 1840, 1880, 1920, 1960, 2000, 2040, 2080, 2120, 2160, 2200, 2240, 2280, 2320, 2360, 2400, 2440, 2480, 2520, 2560, 2600, 2640, 2680, 2720, 2760, 2800, 2840, 2880, 2920, 2960, 3000, 3040, 3080, 3120, 3160]}], "conversation": [], "conversation_timestamps": []}