{"agent_id": "agent-green-1762", "type": "green", "trips": [{"trip_id": 0, "transport_method": "foot", "start_time": 0, "path": [[1.5305572, 42.5068388], [1.5306697, 42.5067878], [1.5307822, 42.5067368], [1.5308947, 42.5066859], [1.5310071, 42.5066349], [1.5311196, 42.506584], [1.5312321, 42.506533], [1.5313446, 42.506482], [1.5314571, 42.5064725], [1.5315695, 42.5065236], [1.5316819, 42.5065747], [1.5317943, 42.5066259], [1.5319067, 42.506677], [1.5320191, 42.5067282], [1.5321375, 42.5067293], [1.5322588, 42.5067063], [1.5323802, 42.5066834], [1.5325015, 42.5066604], [1.5326229, 42.5066375], [1.5325566, 42.5066331], [1.5324331, 42.5066351], [1.5323098, 42.5066409], [1.5321947, 42.5066811], [1.5320824, 42.5067325], [1.5321496, 42.5067426], [1.532273, 42.5067397], [1.5323965, 42.5067368], [1.53252, 42.5067339], [1.5326434, 42.506731], [1.5327669, 42.5067281], [1.5328903, 42.5067253], [1.5330136, 42.5067198], [1.5331337, 42.5067421], [1.5332529, 42.5067744], [1.5333721, 42.5068067], [1.5334913, 42.506839], [1.5336105, 42.5068714], [1.5337297, 42.5069037], [1.5338489, 42.506936], [1.5339681, 42.5069683], [1.5340867, 42.5069824], [1.5342047, 42.5069741], [1.5342739, 42.5070764], [1.534347, 42.5071741], [1.5344467, 42.5072467], [1.5345509, 42.507313], [1.5346583, 42.5073735], [1.5347694, 42.5074274], [1.5348816, 42.5074789], [1.5349952, 42.5075274], [1.5351087, 42.5075759], [1.535226, 42.5076141], [1.5353451, 42.5076464], [1.5354668, 42.5076619], [1.5355874, 42.5076855], [1.5357086, 42.507707], [1.5358319, 42.5077145], [1.5359551, 42.507722], [1.5360784, 42.5077295], [1.5362017, 42.507737], [1.5363249, 42.5077445], [1.5364482, 42.507752], [1.5365714, 42.5077594], [1.5366947, 42.5077669], [1.536818, 42.5077744], [1.5369412, 42.5077819], [1.5370645, 42.5077894], [1.537179, 42.5078247], [1.5372844, 42.5078891], [1.5373969, 42.5079394], [1.5375091, 42.5079909], [1.5376229, 42.5080389], [1.5377383, 42.5080826], [1.5378574, 42.5081148], [1.5379799, 42.5081293], [1.5381033, 42.508135], [1.5382266, 42.5081407], [1.5383498, 42.5081473], [1.538466, 42.5081891], [1.5385822, 42.5082309]], "mood_vectors": [[0.0559, 0.0294, 0.0418, 0.055, 0.0155, 0.0231, 0.7793], [0.0647, 0.019, 0.0295, 0.0471, 0.0552, 0.0692, 0.7154], [0.0655, 0.0304, 0.0279, 0.074, 0.0633, 0.0397, 0.6992], [0.0629, 0.0417, 0.0885, 0.0808, 0.0653, 0.0256, 0.6352], [0.0691, 0.073, 0.0378, 0.0285, 0.0243, 0.0669, 0.7005], [0.0463, 0.0808, 0.0619, 0.0517, 0.0322, 0.0181, 0.7089], [0.0682, 0.0263, 0.024, 0.0762, 0.026, 0.0583, 0.7211], [0.067, 0.072, 0.0304, 0.0707, 0.0796, 0.0467, 0.6336], [0.0287, 0.0831, 0.081, 0.0208, 0.0623, 0.0738, 0.6502], [0.0409, 0.0752, 0.0476, 0.0466, 0.0725, 0.0609, 0.6562], [0.0565, 0.0437, 0.0767, 0.0795, 0.0787, 0.0307, 0.6343], [0.0359, 0.0287, 0.0648, 0.0588, 0.0485, 0.0511, 0.7121], [0.0606, 0.0672, 0.0805, 0.0146, 0.0256, 0.0802, 0.6712], [0.024, 0.0293, 0.0375, 0.0841, 0.0384, 0.0349, 0.7519], [0.0716, 0.0609, 0.0279, 0.0277, 0.0354, 0.0765, 0.7], [0.0392, 0.0803, 0.0639, 0.0147, 0.0834, 0.0431, 0.6753], [0.0204, 0.0845, 0.0535, 0.0386, 0.0437, 0.0381, 0.7211], [0.0691, 0.0675, 0.0301, 0.0319, 0.0269, 0.0549, 0.7196], [0.046, 0.0674, 0.0601, 0.086, 0.0734, 0.0349, 0.6322], [0.0183, 0.0291, 0.0568, 0.0407, 0.0337, 0.0888, 0.7326], [0.0334, 0.0682, 0.039, 0.0322, 0.0279, 0.0542, 0.745], [0.0571, 0.0254, 0.0909, 0.0161, 0.018, 0.0646, 0.7279], [0.0652, 0.0198, 0.065, 0.0257, 0.049, 0.0701, 0.7052], [0.0332, 0.0322, 0.049, 0.0691, 0.0843, 0.059, 0.6732], [0.0452, 0.0581, 0.0638, 0.0517, 0.0618, 0.0263, 0.693], [0.0525, 0.0608, 0.0339, 0.0698, 0.0636, 0.0519, 0.6675], [0.076, 0.0616, 0.0777, 0.0547, 0.0759, 0.0418, 0.6123], [0.0307, 0.0877, 0.0631, 0.0745, 0.0302, 0.0913, 0.6225], [0.0788, 0.0223, 0.0576, 0.071, 0.0775, 0.0551, 0.6377], [0.0421, 0.0157, 0.053, 0.057, 0.0376, 0.0306, 0.764], [0.085, 0.0506, 0.0806, 0.0459, 0.0137, 0.0856, 0.6385], [0.0685, 0.0505, 0.0724, 0.0173, 0.0469, 0.0338, 0.7108], [0.0771, 0.0368, 0.0163, 0.0494, 0.0365, 0.057, 0.7269], [0.0636, 0.0416, 0.041, 0.0284, 0.0754, 0.0283, 0.7218], [0.0451, 0.0395, 0.0765, 0.0169, 0.0441, 0.0385, 0.7394], [0.0678, 0.0215, 0.019, 0.0727, 0.0834, 0.0575, 0.6782], [0.0751, 0.0666, 0.016, 0.0445, 0.0541, 0.0976, 0.6461], [0.0535, 0.0873, 0.0155, 0.0694, 0.0541, 0.0701, 0.65], [0.0437, 0.0691, 0.0179, 0.0609, 0.0668, 0.027, 0.7146], [0.0186, 0.0902, 0.0465, 0.0289, 0.0164, 0.0532, 0.7462], [0.0207, 0.0187, 0.0535, 0.0721, 0.0785, 0.07, 0.6866], [0.0373, 0.0832, 0.0602, 0.061, 0.0508, 0.0368, 0.6707], [0.0221, 0.0648, 0.0186, 0.0585, 0.0562, 0.0392, 0.7407], [0.0719, 0.0823, 0.0401, 0.0484, 0.0142, 0.0632, 0.68], [0.0242, 0.0618, 0.0693, 0.0585, 0.0637, 0.0479, 0.6747], [0.0165, 0.0306, 0.0696, 0.0499, 0.0624, 0.0594, 0.7117], [0.0306, 0.0232, 0.0529, 0.0432, 0.1012, 0.0694, 0.6793], [0.0382, 0.0343, 0.0307, 0.0399, 0.0655, 0.0131, 0.7783], [0.0278, 0.036, 0.0666, 0.0462, 0.0755, 0.0446, 0.7032], [0.055, 0.0673, 0.0312, 0.0642, 0.0566, 0.0305, 0.6951], [0.0705, 0.0697, 0.0622, 0.085, 0.0782, 0.0414, 0.5929], [0.0681, 0.0791, 0.0293, 0.077, 0.0388, 0.0555, 0.6522], [0.0487, 0.031, 0.0325, 0.0194, 0.0901, 0.0175, 0.7608], [0.034, 0.0488, 0.0669, 0.0245, 0.0322, 0.0629, 0.7306], [0.038, 0.0797, 0.077, 0.0794, 0.0677, 0.0793, 0.5789], [0.041, 0.0439, 0.0378, 0.0547, 0.0693, 0.0651, 0.6881], [0.0227, 0.0325, 0.0314, 0.0865, 0.0527, 0.0649, 0.7093], [0.0543, 0.0192, 0.0495, 0.0231, 0.0631, 0.0645, 0.7263], [0.0204, 0.0408, 0.0507, 0.0787, 0.0817, 0.0431, 0.6847], [0.038, 0.1016, 0.0754, 0.0335, 0.0728, 0.0348, 0.6438], [0.0741, 0.0275, 0.0716, 0.0583, 0.0454, 0.0388, 0.6844], [0.0457, 0.0186, 0.0327, 0.0162, 0.0833, 0.0412, 0.7623], [0.0425, 0.0705, 0.0843, 0.0717, 0.0767, 0.0457, 0.6087], [0.0777, 0.0621, 0.0219, 0.0278, 0.062, 0.0928, 0.6558], [0.0434, 0.0702, 0.0592, 0.0527, 0.0139, 0.075, 0.6857], [0.0891, 0.0478, 0.0146, 0.0736, 0.0664, 0.0843, 0.6241], [0.0625, 0.0829, 0.0292, 0.0574, 0.0455, 0.0671, 0.6555], [0.0871, 0.0221, 0.0358, 0.0577, 0.0873, 0.0224, 0.6877], [0.0344, 0.0309, 0.0225, 0.044, 0.0639, 0.0432, 0.7611], [0.0485, 0.0508, 0.0236, 0.0637, 0.0586, 0.0826, 0.6722], [0.0407, 0.072, 0.0305, 0.0537, 0.0594, 0.0327, 0.711], [0.055, 0.0797, 0.0363, 0.0386, 0.0301, 0.036, 0.7244], [0.0751, 0.0328, 0.0617, 0.0676, 0.0497, 0.0865, 0.6266], [0.042, 0.0717, 0.0178, 0.0131, 0.0269, 0.0296, 0.7989], [0.0303, 0.0311, 0.0587, 0.0135, 0.0414, 0.0703, 0.7548], [0.0546, 0.0735, 0.0744, 0.0636, 0.0822, 0.0762, 0.5754], [0.068, 0.0688, 0.0242, 0.0393, 0.0782, 0.0675, 0.654], [0.0306, 0.0472, 0.0684, 0.0512, 0.0658, 0.0262, 0.7106], [0.0632, 0.0354, 0.0457, 0.0574, 0.0223, 0.0694, 0.7066], [0.0476, 0.0426, 0.0267, 0.0786, 0.0518, 0.0472, 0.7053]], "emotions": ["purple", "purple", "purple", "purple", "purple", "purple", "purple", "purple", "purple", "purple", "purple", "purple", "purple", "purple", "purple", "purple", "purple", "purple", "purple", "purple", "purple", "purple", "purple", "purple", "purple", "purple", "purple", "purple", "purple", "purple", "purple", "purple", "purple", "purple", "purple", "purple", "purple", "purple", "purple", "purple", "purple", "purple", "purple", "purple", "purple", "purple", "purple", "purple", "purple", "purple", "purple", "purple", "purple", "purple", "purple", "purple", "purple", "purple", "purple", "purple", "purple", "purple", "purple", "purple", "purple", "purple", "purple", "purple", "purple", "purple", "purple", "purple", "purple", "purple", "purple", "purple", "purple", "purple", "purple", "purple"], "timestamps": [0, 40, 80, 120, 160, 200, 240, 280, 320, 360, 400, 440, 480, 520, 560, 600, 640, 680, 720, 760, 800, 840, 880, 920, 960, 1000, 1040, 1080, 1120, 1160, 1200, 1240, 1280, 1320, 1360, 1400, 1440, 1480, 1520, 1560, 1600, 1640, 1680, 1720, 1760, 1800, 1840, 1880, 1920, 1960, 2000, 2040, 2080, 2120, 2160, 2200, 2240, 2280, 2320, 2360, 2400, 2440, 2480, 2520, 2560, 2600, 2640, 2680, 2720, 2760, 2800, 2840, 2880, 2920, 2960, 3000, 3040, 3080, 3120, 3160]}], "conversation": [], "conversation_timestamps": []}