{"agent_id": "agent-green-1612", "type": "green", "trips": [{"trip_id": 0, "transport_method": "bicycle", "start_time": 0, "path": [[1.5316559, 42.5557202], [1.5307077, 42.5554054], [1.5297951, 42.554986], [1.5290691, 42.5543091], [1.5284567, 42.5535233], [1.5277054, 42.5528566], [1.5269541, 42.5521899], [1.5267719, 42.5520859], [1.5275727, 42.5526922], [1.5283343, 42.5533441], [1.5282763, 42.5532904], [1.5275959, 42.5525516], [1.5269154, 42.5518127], [1.526678, 42.5510862], [1.5261255, 42.5502702], [1.5256303, 42.5493986], [1.5252927, 42.5484601], [1.5247085, 42.5476605], [1.524723, 42.5466631], [1.5246029, 42.5460998], [1.5240842, 42.5452404], [1.5236686, 42.5443385], [1.5234775, 42.5440005], [1.5230932, 42.5431698], [1.5228951, 42.542202], [1.5231115, 42.541272], [1.5235072, 42.5407377], [1.5232322, 42.5401693], [1.5231536, 42.5391733], [1.5232088, 42.5381849], [1.524079, 42.5377212], [1.5250396, 42.5376145], [1.5250041, 42.5368937], [1.5242091, 42.5366561], [1.523267, 42.5363532], [1.5226415, 42.5356687], [1.5220254, 42.5348796], [1.5211592, 42.5343961], [1.5207034, 42.5335375], [1.5213237, 42.5328058], [1.5209959, 42.5319021], [1.5211669, 42.5309964], [1.5213335, 42.5301987], [1.5219947, 42.529469], [1.5214103, 42.5287789], [1.5209854, 42.5279429], [1.5206545, 42.5270686], [1.5207361, 42.5260674], [1.5207874, 42.5260607], [1.5205861, 42.527014], [1.5206569, 42.5269068], [1.5207191, 42.5259043], [1.5206481, 42.5249156], [1.5210101, 42.5240092], [1.5216395, 42.5232277], [1.5220247, 42.5223066], [1.5227909, 42.5216725], [1.5234443, 42.5209279], [1.5238947, 42.5200335], [1.5242897, 42.5191632], [1.525092, 42.5185588], [1.5258605, 42.5179134], [1.5267255, 42.5174244], [1.5276413, 42.5170119], [1.5285029, 42.5166047], [1.5294145, 42.5164473], [1.5302648, 42.5159315], [1.531093, 42.515381], [1.531866, 42.5147458], [1.5326263, 42.5141088], [1.5335651, 42.5137742], [1.5340638, 42.5134621], [1.5345164, 42.5130894], [1.5354573, 42.5127524], [1.5363842, 42.5124207], [1.5372163, 42.5118838], [1.5381385, 42.5114977], [1.5388915, 42.5108653], [1.5393957, 42.5103905], [1.5403999, 42.5104141]], "mood_vectors": [[0.026, 0.0383, 0.0715, 0.0599, 0.0548, 0.0226, 0.7269], [0.0277, 0.0394, 0.0623, 0.0618, 0.0728, 0.0355, 0.7005], [0.0709, 0.035, 0.0404, 0.0654, 0.0369, 0.0762, 0.6752], [0.0227, 0.0246, 0.0733, 0.0291, 0.0412, 0.0577, 0.7515], [0.0532, 0.0745, 0.0195, 0.0397, 0.0794, 0.0473, 0.6864], [0.0666, 0.0159, 0.0309, 0.031, 0.0207, 0.0605, 0.7743], [0.0358, 0.085, 0.0157, 0.0331, 0.0196, 0.0883, 0.7225], [0.0487, 0.0128, 0.0629, 0.0635, 0.0468, 0.0701, 0.6951], [0.088, 0.0531, 0.0387, 0.0561, 0.0674, 0.0469, 0.6499], [0.0318, 0.0317, 0.064, 0.0189, 0.0687, 0.0433, 0.7417], [0.0754, 0.0844, 0.0685, 0.0447, 0.0512, 0.0424, 0.6334], [0.0298, 0.0704, 0.0529, 0.0793, 0.0624, 0.0717, 0.6333], [0.0713, 0.0317, 0.0645, 0.0388, 0.0277, 0.0839, 0.682], [0.0233, 0.0526, 0.0186, 0.0284, 0.0664, 0.0272, 0.7834], [0.0212, 0.0169, 0.049, 0.0312, 0.0244, 0.0686, 0.7887], [0.0847, 0.0227, 0.0388, 0.0651, 0.0438, 0.0639, 0.681], [0.0388, 0.0896, 0.0913, 0.0315, 0.0561, 0.0517, 0.641], [0.0409, 0.0154, 0.0533, 0.0487, 0.0279, 0.0209, 0.7928], [0.0445, 0.0268, 0.0649, 0.0181, 0.0212, 0.0604, 0.7641], [0.0725, 0.0484, 0.0821, 0.0455, 0.0494, 0.0586, 0.6436], [0.0563, 0.0224, 0.0261, 0.0879, 0.0812, 0.0344, 0.6918], [0.0629, 0.0337, 0.0325, 0.0277, 0.0751, 0.0413, 0.7268], [0.0344, 0.047, 0.0432, 0.0365, 0.0479, 0.0612, 0.7298], [0.0442, 0.0472, 0.0545, 0.0288, 0.0471, 0.0827, 0.6956], [0.0149, 0.0542, 0.0636, 0.0525, 0.0587, 0.0175, 0.7386], [0.0806, 0.0226, 0.0659, 0.0867, 0.0579, 0.0728, 0.6136], [0.0311, 0.0338, 0.0635, 0.0865, 0.0816, 0.0743, 0.6292], [0.0587, 0.0716, 0.0407, 0.0676, 0.0471, 0.0459, 0.6685], [0.0692, 0.052, 0.031, 0.0492, 0.0288, 0.0188, 0.751], [0.0273, 0.0559, 0.0414, 0.0545, 0.0328, 0.0598, 0.7283], [0.063, 0.0445, 0.0404, 0.0422, 0.0809, 0.0695, 0.6595], [0.0729, 0.0281, 0.0551, 0.0666, 0.0612, 0.0687, 0.6475], [0.0313, 0.0234, 0.0803, 0.0262, 0.0822, 0.0668, 0.6897], [0.0688, 0.0161, 0.0596, 0.0479, 0.0763, 0.0268, 0.7045], [0.0749, 0.0256, 0.065, 0.0164, 0.0279, 0.059, 0.7312], [0.0749, 0.024, 0.0138, 0.0453, 0.0838, 0.0786, 0.6795], [0.0817, 0.0512, 0.0569, 0.0861, 0.0592, 0.0633, 0.6016], [0.0554, 0.0631, 0.0492, 0.0711, 0.0328, 0.036, 0.6923], [0.0168, 0.0619, 0.0879, 0.0759, 0.0425, 0.0433, 0.6717], [0.0241, 0.0267, 0.0266, 0.0216, 0.0245, 0.0501, 0.8263], [0.0276, 0.0704, 0.0479, 0.073, 0.0478, 0.0481, 0.6853], [0.0582, 0.0642, 0.0708, 0.0304, 0.0788, 0.0372, 0.6603], [0.0587, 0.0262, 0.0511, 0.0634, 0.0317, 0.039, 0.7299], [0.0702, 0.0669, 0.0564, 0.063, 0.0759, 0.0727, 0.5949], [0.0339, 0.0208, 0.0901, 0.0572, 0.0207, 0.0818, 0.6955], [0.0775, 0.0636, 0.0174, 0.0189, 0.0658, 0.0527, 0.7041], [0.021, 0.062, 0.0885, 0.0211, 0.0846, 0.0964, 0.6263], [0.0321, 0.0241, 0.0568, 0.0685, 0.0371, 0.0693, 0.7121], [0.0324, 0.0429, 0.0705, 0.0472, 0.0578, 0.045, 0.7041], [0.0721, 0.0524, 0.0317, 0.0499, 0.022, 0.0579, 0.714], [0.0329, 0.0634, 0.0316, 0.051, 0.0206, 0.0116, 0.789], [0.0195, 0.0489, 0.0135, 0.0548, 0.0649, 0.0622, 0.7363], [0.0533, 0.0142, 0.0826, 0.0846, 0.0579, 0.0264, 0.6811], [0.0375, 0.0337, 0.0205, 0.0202, 0.0935, 0.0872, 0.7074], [0.0689, 0.0767, 0.0739, 0.0828, 0.0251, 0.0582, 0.6144], [0.0309, 0.0675, 0.0299, 0.0288, 0.0776, 0.082, 0.6833], [0.0559, 0.0805, 0.0185, 0.0408, 0.036, 0.0822, 0.686], [0.0328, 0.0516, 0.0323, 0.0899, 0.0153, 0.0479, 0.7303], [0.0458, 0.0446, 0.0681, 0.0558, 0.0794, 0.0477, 0.6587], [0.0243, 0.058, 0.017, 0.0351, 0.0676, 0.0441, 0.7539], [0.0449, 0.021, 0.0849, 0.018, 0.1016, 0.0204, 0.7092], [0.0423, 0.0518, 0.0302, 0.0732, 0.0121, 0.0627, 0.7278], [0.0628, 0.0156, 0.0556, 0.0688, 0.0398, 0.064, 0.6935], [0.0212, 0.0168, 0.0236, 0.0582, 0.0369, 0.0525, 0.7908], [0.0523, 0.0302, 0.0578, 0.0235, 0.0206, 0.0403, 0.7753], [0.0584, 0.0931, 0.0437, 0.0166, 0.0652, 0.0799, 0.6432], [0.0758, 0.057, 0.0457, 0.0584, 0.0722, 0.0617, 0.6293], [0.0615, 0.0578, 0.0497, 0.0206, 0.0117, 0.0279, 0.7709], [0.0599, 0.0153, 0.0697, 0.0685, 0.0493, 0.04, 0.6973], [0.0797, 0.0582, 0.0584, 0.0499, 0.0857, 0.0205, 0.6475], [0.092, 0.0272, 0.0392, 0.0898, 0.0842, 0.0217, 0.6458], [0.0687, 0.0438, 0.0774, 0.0759, 0.0525, 0.0476, 0.6342], [0.0464, 0.0801, 0.0813, 0.0455, 0.0346, 0.0955, 0.6166], [0.0729, 0.0289, 0.0175, 0.0434, 0.0232, 0.0691, 0.745], [0.0326, 0.0312, 0.0617, 0.0618, 0.0375, 0.0359, 0.7393], [0.0837, 0.0502, 0.0606, 0.0641, 0.0518, 0.036, 0.6537], [0.0168, 0.0395, 0.0204, 0.077, 0.0519, 0.0855, 0.709], [0.0804, 0.0561, 0.0606, 0.0333, 0.0537, 0.0598, 0.6562], [0.0574, 0.0659, 0.0271, 0.0426, 0.0377, 0.0504, 0.7189], [0.0572, 0.0729, 0.0736, 0.0291, 0.0438, 0.0644, 0.6589]], "emotions": ["purple", "purple", "purple", "purple", "purple", "purple", "purple", "purple", "purple", "purple", "purple", "purple", "purple", "purple", "purple", "purple", "purple", "purple", "purple", "purple", "purple", "purple", "purple", "purple", "purple", "purple", "purple", "purple", "purple", "purple", "purple", "purple", "purple", "purple", "purple", "purple", "purple", "purple", "purple", "purple", "purple", "purple", "purple", "purple", "purple", "purple", "purple", "purple", "purple", "purple", "purple", "purple", "purple", "purple", "purple", "purple", "purple", "purple", "purple", "purple", "purple", "purple", "purple", "purple", "purple", "purple", "purple", "purple", "purple", "purple", "purple", "purple", "purple", "purple", "purple", "purple", "purple", "purple", "purple", "purple"], "timestamps": [0, 40, 80, 120, 160, 200, 240, 280, 320, 360, 400, 440, 480, 520, 560, 600, 640, 680, 720, 760, 800, 840, 880, 920, 960, 1000, 1040, 1080, 1120, 1160, 1200, 1240, 1280, 1320, 1360, 1400, 1440, 1480, 1520, 1560, 1600, 1640, 1680, 1720, 1760, 1800, 1840, 1880, 1920, 1960, 2000, 2040, 2080, 2120, 2160, 2200, 2240, 2280, 2320, 2360, 2400, 2440, 2480, 2520, 2560, 2600, 2640, 2680, 2720, 2760, 2800, 2840, 2880, 2920, 2960, 3000, 3040, 3080, 3120, 3160]}], "conversation": [], "conversation_timestamps": []}