{"agent_id": "agent-orange-398", "type": "orange", "trips": [{"trip_id": 0, "transport_method": "foot", "start_time": 0, "path": [[1.5656033, 42.5319791], [1.5659163, 42.5310559], [1.5653533, 42.5302123], [1.5656264, 42.5307629], [1.5662389, 42.5316419], [1.5674073, 42.5314284], [1.5686078, 42.5313639], [1.5681616, 42.5312075], [1.5669983, 42.5312457], [1.5676318, 42.5314898], [1.5688335, 42.5315266], [1.5699435, 42.5318716], [1.5705707, 42.5326433], [1.5709539, 42.5321522], [1.5706865, 42.5309801], [1.5708038, 42.5312997], [1.5713931, 42.5323473], [1.5710044, 42.531429], [1.5705268, 42.5303265], [1.5711623, 42.5295636], [1.5705857, 42.5288185], [1.5696242, 42.5280968], [1.5703013, 42.5285272], [1.5712348, 42.5292728], [1.5704769, 42.5288102], [1.5694764, 42.5281437], [1.5684758, 42.5274772], [1.5675138, 42.5268377], [1.568565, 42.5274119], [1.5686742, 42.5275237], [1.5676759, 42.5268539], [1.5666785, 42.5261827], [1.5656512, 42.525568], [1.5645118, 42.5252298], [1.5634178, 42.5247754], [1.5623867, 42.5242027], [1.5615737, 42.5233224], [1.5605989, 42.5226192], [1.5596378, 42.5219555], [1.5586647, 42.5212719], [1.5577858, 42.520452], [1.5570014, 42.5195709], [1.5566537, 42.5191789], [1.5562722, 42.518723], [1.5563445, 42.5190167], [1.555428, 42.5182386], [1.55492, 42.5178883], [1.5545815, 42.5175662], [1.5536984, 42.5167944], [1.5545038, 42.5176732], [1.5538477, 42.5168628], [1.5533442, 42.5157962], [1.552731, 42.5147741], [1.552556, 42.5136309], [1.551525, 42.5130277], [1.5506108, 42.5122612], [1.5495254, 42.5117771], [1.5483591, 42.5114863], [1.5471937, 42.5111918], [1.5463289, 42.5104687], [1.5463607, 42.5101033], [1.5456322, 42.5094709], [1.5444542, 42.5093063], [1.5433058, 42.508998], [1.5421178, 42.5088968], [1.5409357, 42.5086999], [1.5400442, 42.508401], [1.5388597, 42.508224], [1.5376863, 42.5080476], [1.5376855, 42.5080831], [1.5365039, 42.5078614], [1.535345, 42.5075652], [1.5343368, 42.5071662], [1.5354215, 42.5076617], [1.5347977, 42.5073261], [1.5336798, 42.5068901], [1.532523, 42.5066334], [1.5314072, 42.5064537], [1.5303722, 42.5070342], [1.5295565, 42.5079159]], "mood_vectors": [[0.0308, 0.0106, 0.0726, 0.0514, 0.7143, 0.0708, 0.0495], [0.0264, 0.0695, 0.0591, 0.0697, 0.6792, 0.0514, 0.0446], [0.0399, 0.073, 0.0653, 0.0463, 0.6732, 0.0691, 0.0333], [0.0432, 0.043, 0.0187, 0.0547, 0.7364, 0.0522, 0.0518], [0.0765, 0.0763, 0.0724, 0.0503, 0.623, 0.038, 0.0633], [0.0478, 0.0618, 0.0557, 0.0254, 0.7055, 0.0176, 0.0863], [0.0468, 0.0773, 0.0449, 0.059, 0.701, 0.0561, 0.0149], [0.0177, 0.0168, 0.0323, 0.0165, 0.7953, 0.062, 0.0594], [0.0357, 0.0439, 0.054, 0.0731, 0.7053, 0.0702, 0.0179], [0.0813, 0.0532, 0.0248, 0.0507, 0.7447, 0.0231, 0.0222], [0.0806, 0.0694, 0.0785, 0.0438, 0.6391, 0.0216, 0.0668], [0.0213, 0.0536, 0.0291, 0.0553, 0.7301, 0.0849, 0.0257], [0.0852, 0.0405, 0.0464, 0.075, 0.6345, 0.0463, 0.0722], [0.0342, 0.025, 0.0381, 0.0508, 0.7646, 0.0541, 0.0332], [0.0838, 0.0504, 0.0307, 0.0874, 0.5948, 0.0661, 0.0867], [0.0557, 0.0326, 0.0336, 0.0616, 0.7343, 0.0473, 0.035], [0.0263, 0.0692, 0.0476, 0.0145, 0.7511, 0.0332, 0.0581], [0.0641, 0.0437, 0.0562, 0.0329, 0.6808, 0.0641, 0.0582], [0.0534, 0.058, 0.0592, 0.0607, 0.6541, 0.043, 0.0716], [0.0275, 0.0593, 0.0363, 0.036, 0.7429, 0.0585, 0.0396], [0.0716, 0.0243, 0.0267, 0.0736, 0.7054, 0.0256, 0.0727], [0.0562, 0.0582, 0.0406, 0.0528, 0.7015, 0.0442, 0.0465], [0.0684, 0.048, 0.0272, 0.043, 0.7298, 0.026, 0.0576], [0.0871, 0.078, 0.0732, 0.0212, 0.607, 0.0657, 0.0678], [0.0162, 0.0386, 0.0603, 0.0673, 0.7161, 0.0482, 0.0532], [0.049, 0.0748, 0.0172, 0.0514, 0.7002, 0.0168, 0.0906], [0.0568, 0.0477, 0.0507, 0.0135, 0.7168, 0.0547, 0.0598], [0.0593, 0.0341, 0.0405, 0.0606, 0.7097, 0.0658, 0.03], [0.0264, 0.0307, 0.0342, 0.0151, 0.7897, 0.0683, 0.0356], [0.0823, 0.0469, 0.0204, 0.0636, 0.6464, 0.0608, 0.0796], [0.036, 0.0797, 0.0781, 0.0272, 0.6641, 0.06, 0.0549], [0.029, 0.0488, 0.057, 0.0271, 0.7025, 0.1006, 0.0351], [0.094, 0.0587, 0.0332, 0.0311, 0.6551, 0.0687, 0.0593], [0.0294, 0.0647, 0.0456, 0.0404, 0.7067, 0.0833, 0.0299], [0.0422, 0.0449, 0.0118, 0.0392, 0.7214, 0.068, 0.0725], [0.059, 0.0748, 0.059, 0.09, 0.6404, 0.0406, 0.0362], [0.0179, 0.0185, 0.0398, 0.0729, 0.748, 0.069, 0.0339], [0.0881, 0.071, 0.0482, 0.0144, 0.6154, 0.0803, 0.0825], [0.0709, 0.0259, 0.065, 0.0366, 0.6692, 0.0698, 0.0626], [0.0542, 0.0679, 0.0395, 0.0194, 0.6832, 0.0557, 0.0801], [0.0762, 0.0627, 0.0372, 0.0417, 0.6903, 0.0678, 0.0241], [0.09, 0.0468, 0.0144, 0.0451, 0.6436, 0.0839, 0.0762], [0.0871, 0.0227, 0.0782, 0.0445, 0.654, 0.0887, 0.0247], [0.0465, 0.0478, 0.0654, 0.0205, 0.6987, 0.0447, 0.0764], [0.0657, 0.0494, 0.0575, 0.0167, 0.7301, 0.0686, 0.012], [0.0136, 0.0712, 0.0682, 0.0862, 0.695, 0.0184, 0.0475], [0.0529, 0.0454, 0.0325, 0.041, 0.7275, 0.0351, 0.0656], [0.045, 0.0787, 0.0523, 0.0447, 0.7288, 0.0323, 0.0181], [0.0496, 0.0665, 0.0821, 0.058, 0.6475, 0.0156, 0.0809], [0.0338, 0.0515, 0.0363, 0.0494, 0.773, 0.0394, 0.0166], [0.0747, 0.0326, 0.0158, 0.0677, 0.6617, 0.0867, 0.0608], [0.0121, 0.0341, 0.0759, 0.0754, 0.7174, 0.0725, 0.0126], [0.0617, 0.0447, 0.0782, 0.0373, 0.6689, 0.0894, 0.0197], [0.0807, 0.0461, 0.0595, 0.0642, 0.6788, 0.0213, 0.0495], [0.0344, 0.0435, 0.0343, 0.0742, 0.6777, 0.078, 0.0579], [0.071, 0.0495, 0.0651, 0.0653, 0.6838, 0.0429, 0.0224], [0.0455, 0.0485, 0.0286, 0.0576, 0.6792, 0.0519, 0.0887], [0.0208, 0.0258, 0.0444, 0.0331, 0.7125, 0.0942, 0.069], [0.0196, 0.0378, 0.0148, 0.0652, 0.7786, 0.0361, 0.0479], [0.0489, 0.071, 0.061, 0.043, 0.7223, 0.0355, 0.0182], [0.0239, 0.0504, 0.0653, 0.0498, 0.708, 0.0411, 0.0616], [0.0772, 0.0716, 0.0806, 0.0803, 0.5691, 0.0582, 0.0631], [0.0239, 0.0802, 0.0223, 0.077, 0.6757, 0.0793, 0.0415], [0.055, 0.044, 0.0288, 0.078, 0.6929, 0.0258, 0.0755], [0.0436, 0.0423, 0.0584, 0.0505, 0.712, 0.0502, 0.0429], [0.0612, 0.047, 0.0134, 0.0779, 0.7378, 0.0379, 0.0249], [0.031, 0.0285, 0.0574, 0.0543, 0.6791, 0.0753, 0.0744], [0.0961, 0.0153, 0.0556, 0.0437, 0.656, 0.0333, 0.0999], [0.0444, 0.0589, 0.0668, 0.0517, 0.6932, 0.0219, 0.063], [0.0424, 0.0601, 0.0265, 0.0511, 0.692, 0.0626, 0.0654], [0.0436, 0.0788, 0.0514, 0.0755, 0.6724, 0.0506, 0.0276], [0.0134, 0.0863, 0.0217, 0.0325, 0.7084, 0.0472, 0.0904], [0.046, 0.0292, 0.0928, 0.086, 0.6636, 0.0268, 0.0556], [0.0165, 0.0583, 0.0596, 0.0384, 0.7497, 0.018, 0.0595], [0.0319, 0.0864, 0.0889, 0.0887, 0.6428, 0.047, 0.0143], [0.0343, 0.0162, 0.0435, 0.0434, 0.7682, 0.049, 0.0455], [0.0435, 0.0214, 0.083, 0.0676, 0.697, 0.0615, 0.0259], [0.0626, 0.0546, 0.0726, 0.0326, 0.6879, 0.0421, 0.0476], [0.0223, 0.0376, 0.082, 0.0514, 0.7029, 0.0375, 0.0663], [0.0494, 0.0669, 0.0219, 0.0682, 0.6652, 0.0772, 0.0512]], "emotions": ["red", "red", "red", "red", "red", "red", "red", "red", "red", "red", "red", "red", "red", "red", "red", "red", "red", "red", "red", "red", "red", "red", "red", "red", "red", "red", "red", "red", "red", "red", "red", "red", "red", "red", "red", "red", "red", "red", "red", "red", "red", "red", "red", "red", "red", "red", "red", "red", "red", "red", "red", "red", "red", "red", "red", "red", "red", "red", "red", "red", "red", "red", "red", "red", "red", "red", "red", "red", "red", "red", "red", "red", "red", "red", "red", "red", "red", "red", "red", "red"], "timestamps": [0, 40, 80, 120, 160, 200, 240, 280, 320, 360, 400, 440, 480, 520, 560, 600, 640, 680, 720, 760, 800, 840, 880, 920, 960, 1000, 1040, 1080, 1120, 1160, 1200, 1240, 1280, 1320, 1360, 1400, 1440, 1480, 1520, 1560, 1600, 1640, 1680, 1720, 1760, 1800, 1840, 1880, 1920, 1960, 2000, 2040, 2080, 2120, 2160, 2200, 2240, 2280, 2320, 2360, 2400, 2440, 2480, 2520, 2560, 2600, 2640, 2680, 2720, 2760, 2800, 2840, 2880, 2920, 2960, 3000, 3040, 3080, 3120, 3160]}], "conversation": [], "conversation_timestamps": []}