{"agent_id": "agent-orange-1863", "type": "orange", "trips": [{"trip_id": 0, "transport_method": "car", "start_time": 0, "path": [[1.5124588, 42.5321075], [1.5128554, 42.5319892], [1.5132702, 42.5319557], [1.5136777, 42.5320299], [1.514082, 42.5321286], [1.5143848, 42.5323709], [1.5145679, 42.5327446], [1.5147835, 42.5331015], [1.5150463, 42.5334251], [1.514843, 42.5331654], [1.5149949, 42.5333676], [1.5152549, 42.5336935], [1.5155147, 42.5340195], [1.5156383, 42.5343998], [1.5157061, 42.5347979], [1.5158063, 42.5351996], [1.5159755, 42.5355795], [1.5161766, 42.5359444], [1.5164157, 42.5362842], [1.5164382, 42.5366772], [1.5163078, 42.5370553], [1.5160578, 42.5373799], [1.5161765, 42.5377678], [1.5163434, 42.5381495], [1.5164973, 42.5385369], [1.5165661, 42.5389457], [1.5166043, 42.5393608], [1.5165168, 42.5397683], [1.5164047, 42.5401683], [1.5162403, 42.5405403], [1.515955, 42.5408405], [1.5157309, 42.54119], [1.5155241, 42.541552], [1.5155737, 42.5416952], [1.5156237, 42.5418243], [1.5155982, 42.5422032], [1.5153006, 42.5424937], [1.5149733, 42.54272], [1.51533, 42.5429358], [1.5156867, 42.5431516], [1.5153969, 42.5429542], [1.5150265, 42.5428007], [1.5152154, 42.5428917], [1.5155561, 42.543132], [1.5157142, 42.5434156], [1.5158225, 42.5438143], [1.5155588, 42.5441328], [1.5152926, 42.5444535], [1.5151849, 42.5447633], [1.5152102, 42.5451036], [1.5150327, 42.5454772], [1.5147932, 42.5457701], [1.5145313, 42.5460111], [1.5142034, 42.5462642], [1.5139213, 42.5465623], [1.5137101, 42.5469202], [1.5134794, 42.5472674], [1.5134256, 42.5476697], [1.5133673, 42.5480714], [1.5137192, 42.5480475], [1.5141125, 42.547937], [1.5145227, 42.5479367], [1.5148938, 42.5478481], [1.5150621, 42.5479245], [1.5148858, 42.5481741], [1.5152118, 42.5479352], [1.5154137, 42.5479567], [1.515554, 42.5480556], [1.515847, 42.5480813], [1.5161025, 42.5482323], [1.5161857, 42.5483596], [1.5163023, 42.54867], [1.5161927, 42.5488695], [1.5162742, 42.5489794], [1.5159784, 42.5492198], [1.5158797, 42.5496249], [1.5156135, 42.5499013], [1.5153489, 42.5502137], [1.5154607, 42.5503063], [1.5158015, 42.5500746]], "mood_vectors": [[0.0714, 0.0138, 0.0551, 0.0165, 0.697, 0.0699, 0.0763], [0.0808, 0.025, 0.0858, 0.0695, 0.6365, 0.0304, 0.072], [0.0862, 0.0327, 0.0704, 0.0958, 0.61, 0.0465, 0.0585], [0.0836, 0.0245, 0.0227, 0.0812, 0.7085, 0.028, 0.0515], [0.0401, 0.0914, 0.0496, 0.047, 0.6735, 0.0366, 0.0617], [0.0715, 0.0326, 0.0259, 0.0807, 0.6831, 0.0537, 0.0525], [0.0253, 0.0382, 0.0472, 0.0791, 0.722, 0.0453, 0.0429], [0.0687, 0.0824, 0.0232, 0.0824, 0.6819, 0.0459, 0.0155], [0.0634, 0.0451, 0.0383, 0.0611, 0.7319, 0.0167, 0.0436], [0.0301, 0.0729, 0.0845, 0.0565, 0.6336, 0.0545, 0.0679], [0.0153, 0.0588, 0.0216, 0.0389, 0.7451, 0.0535, 0.0668], [0.014, 0.0694, 0.0488, 0.0526, 0.7085, 0.0562, 0.0504], [0.0139, 0.0702, 0.0284, 0.0635, 0.7267, 0.0623, 0.035], [0.0205, 0.0538, 0.0353, 0.0656, 0.7612, 0.0375, 0.026], [0.0585, 0.0547, 0.0507, 0.0459, 0.6383, 0.0679, 0.084], [0.0554, 0.0602, 0.047, 0.066, 0.7417, 0.0153, 0.0144], [0.0777, 0.0424, 0.0145, 0.041, 0.6966, 0.0677, 0.0601], [0.046, 0.0326, 0.0242, 0.0524, 0.7393, 0.0711, 0.0345], [0.0743, 0.0787, 0.0709, 0.0623, 0.5593, 0.0782, 0.0764], [0.0126, 0.0634, 0.0634, 0.0562, 0.6817, 0.0497, 0.073], [0.0348, 0.0513, 0.0217, 0.0665, 0.7757, 0.0284, 0.0217], [0.0494, 0.0528, 0.0249, 0.0436, 0.7217, 0.0615, 0.0461], [0.0168, 0.0224, 0.062, 0.0165, 0.802, 0.0431, 0.0372], [0.0486, 0.0546, 0.0658, 0.0247, 0.7325, 0.0199, 0.0539], [0.0471, 0.0796, 0.0151, 0.0166, 0.7378, 0.0559, 0.048], [0.0809, 0.0231, 0.0458, 0.0846, 0.6781, 0.0338, 0.0537], [0.0633, 0.0632, 0.0315, 0.0257, 0.7429, 0.0377, 0.0356], [0.0398, 0.0378, 0.0284, 0.0507, 0.6711, 0.0818, 0.0904], [0.024, 0.0238, 0.0624, 0.0596, 0.7242, 0.0661, 0.0401], [0.0687, 0.0152, 0.0293, 0.0369, 0.7427, 0.021, 0.0862], [0.0455, 0.0211, 0.0301, 0.0373, 0.8031, 0.043, 0.0199], [0.0331, 0.0581, 0.0649, 0.0221, 0.7357, 0.0427, 0.0434], [0.0277, 0.0564, 0.0768, 0.0586, 0.6676, 0.0368, 0.0761], [0.0473, 0.0693, 0.0399, 0.0634, 0.6731, 0.0404, 0.0666], [0.077, 0.0245, 0.0649, 0.0277, 0.6996, 0.0766, 0.0297], [0.0258, 0.0658, 0.0739, 0.0673, 0.6533, 0.0634, 0.0504], [0.0455, 0.0658, 0.0587, 0.0653, 0.6699, 0.0398, 0.0551], [0.0186, 0.0288, 0.055, 0.037, 0.7705, 0.0428, 0.0473], [0.0679, 0.0363, 0.0526, 0.0245, 0.6768, 0.0787, 0.0631], [0.0437, 0.0246, 0.0357, 0.0302, 0.7715, 0.0607, 0.0335], [0.0616, 0.0128, 0.0343, 0.0829, 0.7262, 0.0658, 0.0164], [0.0724, 0.04, 0.032, 0.0471, 0.6606, 0.0773, 0.0705], [0.076, 0.0336, 0.0722, 0.0385, 0.671, 0.0217, 0.087], [0.0662, 0.0385, 0.0562, 0.0901, 0.6982, 0.0332, 0.0176], [0.0309, 0.0389, 0.0622, 0.0349, 0.6909, 0.0594, 0.0827], [0.0352, 0.0407, 0.0674, 0.034, 0.7407, 0.0467, 0.0352], [0.0778, 0.0685, 0.0279, 0.0344, 0.6918, 0.0769, 0.0228], [0.0679, 0.0443, 0.0907, 0.0542, 0.6644, 0.0617, 0.0167], [0.0703, 0.0653, 0.0727, 0.0542, 0.6872, 0.0389, 0.0114], [0.0165, 0.0152, 0.0574, 0.0543, 0.7553, 0.0331, 0.0681], [0.026, 0.0125, 0.0124, 0.073, 0.7728, 0.0368, 0.0664], [0.0276, 0.0216, 0.0687, 0.0833, 0.7185, 0.0659, 0.0144], [0.0558, 0.035, 0.0438, 0.0561, 0.7273, 0.0446, 0.0373], [0.0815, 0.045, 0.0209, 0.0781, 0.6325, 0.0714, 0.0705], [0.055, 0.0723, 0.0282, 0.0195, 0.7671, 0.0422, 0.0157], [0.0477, 0.0525, 0.0933, 0.0986, 0.6481, 0.0323, 0.0274], [0.015, 0.0701, 0.0748, 0.0677, 0.6301, 0.0594, 0.083], [0.0555, 0.0509, 0.0411, 0.019, 0.7489, 0.0644, 0.0201], [0.0345, 0.0361, 0.0352, 0.0216, 0.8098, 0.0229, 0.0399], [0.1046, 0.0265, 0.0637, 0.0355, 0.7272, 0.0237, 0.0189], [0.0696, 0.0454, 0.0887, 0.0222, 0.68, 0.0294, 0.0647], [0.0603, 0.0171, 0.0474, 0.0268, 0.794, 0.0282, 0.0263], [0.0364, 0.033, 0.0778, 0.0513, 0.6715, 0.0609, 0.0691], [0.0213, 0.0163, 0.0317, 0.05, 0.8312, 0.0299, 0.0195], [0.0646, 0.0209, 0.0829, 0.0759, 0.6562, 0.0459, 0.0537], [0.0635, 0.052, 0.0588, 0.0504, 0.6689, 0.0372, 0.0692], [0.0631, 0.0478, 0.0255, 0.0495, 0.6773, 0.0852, 0.0516], [0.0377, 0.0666, 0.0274, 0.0721, 0.7659, 0.0149, 0.0154], [0.0224, 0.0367, 0.0669, 0.0585, 0.6771, 0.0702, 0.0682], [0.0268, 0.0593, 0.0406, 0.0442, 0.723, 0.0155, 0.0906], [0.026, 0.0344, 0.0771, 0.0257, 0.7331, 0.0785, 0.0251], [0.0141, 0.0391, 0.0315, 0.0284, 0.7671, 0.0615, 0.0581], [0.0421, 0.069, 0.0159, 0.0809, 0.7054, 0.0514, 0.0353], [0.0612, 0.0947, 0.0254, 0.0378, 0.6747, 0.0642, 0.042], [0.0302, 0.0303, 0.0472, 0.0292, 0.772, 0.0317, 0.0595], [0.0239, 0.0316, 0.0373, 0.0412, 0.7367, 0.066, 0.0633], [0.0832, 0.0824, 0.0868, 0.0268, 0.609, 0.045, 0.0669], [0.0322, 0.0682, 0.0214, 0.0286, 0.7866, 0.0214, 0.0416], [0.0796, 0.0151, 0.0458, 0.0264, 0.7295, 0.0767, 0.027], [0.055, 0.0423, 0.0716, 0.0242, 0.694, 0.0476, 0.0653]], "emotions": ["red", "red", "red", "red", "red", "red", "red", "red", "red", "red", "red", "red", "red", "red", "red", "red", "red", "red", "red", "red", "red", "red", "red", "red", "red", "red", "red", "red", "red", "red", "red", "red", "red", "red", "red", "red", "red", "red", "red", "red", "red", "red", "red", "red", "red", "red", "red", "red", "red", "red", "red", "red", "red", "red", "red", "red", "red", "red", "red", "red", "red", "red", "red", "red", "red", "red", "red", "red", "red", "red", "red", "red", "red", "red", "red", "red", "red", "red", "red", "red"], "timestamps": [0, 40, 80, 120, 160, 200, 240, 280, 320, 360, 400, 440, 480, 520, 560, 600, 640, 680, 720, 760, 800, 840, 880, 920, 960, 1000, 1040, 1080, 1120, 1160, 1200, 1240, 1280, 1320, 1360, 1400, 1440, 1480, 1520, 1560, 1600, 1640, 1680, 1720, 1760, 1800, 1840, 1880, 1920, 1960, 2000, 2040, 2080, 2120, 2160, 2200, 2240, 2280, 2320, 2360, 2400, 2440, 2480, 2520, 2560, 2600, 2640, 2680, 2720, 2760, 2800, 2840, 2880, 2920, 2960, 3000, 3040, 3080, 3120, 3160]}], "conversation": [], "conversation_timestamps": []}