{"agent_id": "agent-purple-274", "type": "purple", "trips": [{"trip_id": 0, "transport_method": "car", "start_time": 0, "path": [[1.5304309, 42.5116582], [1.5302926, 42.5116163], [1.5301521, 42.5115825], [1.5300115, 42.5115487], [1.5298753, 42.5115005], [1.5297384, 42.5114544], [1.5295997, 42.5114138], [1.5294584, 42.5113836], [1.5293154, 42.5113629], [1.5291717, 42.5113474], [1.5290276, 42.5113362], [1.5288833, 42.5113293], [1.5287395, 42.5113152], [1.5285975, 42.5112891], [1.5284578, 42.5112524], [1.5283192, 42.5112114], [1.528182, 42.511166], [1.5280464, 42.5111161], [1.5279108, 42.5110662], [1.5277751, 42.5110162], [1.5276395, 42.5109663], [1.5275038, 42.5109164], [1.5273684, 42.510866], [1.5272333, 42.5108145], [1.5270983, 42.510763], [1.5269872, 42.5106809], [1.5270227, 42.5105424], [1.527059, 42.5104046], [1.5269648, 42.5103045], [1.5268405, 42.5102308], [1.5267178, 42.5101544], [1.5265947, 42.5100787], [1.5264703, 42.5100051], [1.5263459, 42.5099315], [1.5262215, 42.5098579], [1.5260929, 42.5097935], [1.5259498, 42.5097758], [1.5258137, 42.5097285], [1.5256728, 42.5097055], [1.5256047, 42.5095977], [1.5255555, 42.5094618], [1.5254946, 42.5093791], [1.5254705, 42.5094946], [1.5255825, 42.5095855], [1.5256431, 42.5097037], [1.5255911, 42.5095688], [1.5255392, 42.509434], [1.5254872, 42.5092991], [1.5253835, 42.5092014], [1.5253032, 42.509084], [1.525238, 42.5089896], [1.5250963, 42.5089625], [1.5249526, 42.5089517], [1.5248083, 42.5089589], [1.5246642, 42.508969], [1.524528, 42.5089243], [1.5243837, 42.5089309], [1.5242421, 42.5089106], [1.5241095, 42.5088554], [1.5239935, 42.5087748], [1.5238609, 42.5088325], [1.5237907, 42.5088294], [1.5238519, 42.5086984], [1.5237432, 42.5086233], [1.5236163, 42.5085541], [1.5235158, 42.5084555], [1.5233848, 42.5084103], [1.5232689, 42.5083239], [1.523153, 42.5082375], [1.5230855, 42.5082773], [1.5229713, 42.5083472], [1.522832, 42.5083855], [1.5226926, 42.5084238], [1.5225532, 42.5084622], [1.5224207, 42.5085099], [1.5222839, 42.5084692], [1.5221426, 42.5084384], [1.5220014, 42.5084075], [1.5218602, 42.5083767], [1.521719, 42.5083459]], "mood_vectors": [[0.0217, 0.0824, 0.0779, 0.0739, 0.0412, 0.6392, 0.0636], [0.0827, 0.0499, 0.0276, 0.0175, 0.0656, 0.7078, 0.0489], [0.0195, 0.0635, 0.0651, 0.025, 0.0499, 0.7465, 0.0305], [0.046, 0.0578, 0.0584, 0.0616, 0.0684, 0.6585, 0.0492], [0.0696, 0.0353, 0.0269, 0.0932, 0.0349, 0.6713, 0.0689], [0.0402, 0.0324, 0.0181, 0.0241, 0.0617, 0.7375, 0.0861], [0.0722, 0.0877, 0.0854, 0.0616, 0.0241, 0.6305, 0.0384], [0.0382, 0.0916, 0.015, 0.0878, 0.039, 0.7101, 0.0183], [0.0977, 0.0565, 0.0348, 0.0246, 0.022, 0.733, 0.0314], [0.0399, 0.0576, 0.0496, 0.0611, 0.0742, 0.6481, 0.0696], [0.0538, 0.0647, 0.087, 0.0685, 0.0309, 0.6417, 0.0534], [0.0827, 0.0168, 0.0794, 0.062, 0.0148, 0.6862, 0.0581], [0.0321, 0.0734, 0.0322, 0.0415, 0.0379, 0.7581, 0.0247], [0.0489, 0.0815, 0.0227, 0.0321, 0.0365, 0.7252, 0.053], [0.0457, 0.0184, 0.0241, 0.0195, 0.0523, 0.7652, 0.0748], [0.0721, 0.0549, 0.0655, 0.0682, 0.0293, 0.6619, 0.048], [0.0254, 0.0331, 0.0397, 0.0387, 0.0234, 0.7749, 0.0649], [0.0265, 0.0366, 0.0307, 0.0598, 0.0385, 0.7387, 0.0692], [0.049, 0.0744, 0.0767, 0.0685, 0.0282, 0.6559, 0.0474], [0.0482, 0.0554, 0.0702, 0.083, 0.09, 0.5801, 0.0731], [0.0615, 0.0138, 0.071, 0.026, 0.0674, 0.7178, 0.0426], [0.0833, 0.0709, 0.0335, 0.0723, 0.0487, 0.6376, 0.0537], [0.0649, 0.0567, 0.0777, 0.0395, 0.0659, 0.6322, 0.0631], [0.0307, 0.0819, 0.0863, 0.038, 0.0597, 0.6213, 0.0821], [0.0788, 0.0554, 0.0565, 0.0393, 0.0142, 0.6784, 0.0773], [0.0286, 0.0523, 0.0789, 0.0402, 0.0755, 0.6571, 0.0675], [0.0776, 0.0239, 0.0715, 0.0615, 0.0755, 0.6137, 0.0763], [0.0249, 0.0615, 0.028, 0.064, 0.0522, 0.7123, 0.0571], [0.034, 0.0301, 0.0536, 0.0429, 0.0572, 0.7109, 0.0712], [0.0551, 0.0346, 0.0318, 0.0568, 0.0648, 0.7366, 0.0202], [0.0215, 0.0795, 0.052, 0.0189, 0.0355, 0.7496, 0.0429], [0.0189, 0.0301, 0.0426, 0.0395, 0.0769, 0.7521, 0.0398], [0.0169, 0.0182, 0.0986, 0.0535, 0.0321, 0.7636, 0.017], [0.0555, 0.0816, 0.0663, 0.0313, 0.0741, 0.6497, 0.0415], [0.0299, 0.0829, 0.0541, 0.0889, 0.0216, 0.6612, 0.0614], [0.0682, 0.0357, 0.0389, 0.0217, 0.0601, 0.7086, 0.0667], [0.0576, 0.0248, 0.0814, 0.0421, 0.0686, 0.7048, 0.0207], [0.07, 0.0584, 0.0554, 0.0274, 0.0535, 0.6528, 0.0826], [0.0566, 0.0178, 0.0312, 0.0402, 0.0496, 0.7619, 0.0428], [0.0224, 0.0561, 0.0245, 0.071, 0.0278, 0.7136, 0.0846], [0.0216, 0.0471, 0.073, 0.0692, 0.0491, 0.7277, 0.0123], [0.0189, 0.0608, 0.0475, 0.0427, 0.0766, 0.7074, 0.046], [0.0604, 0.0266, 0.0298, 0.0683, 0.061, 0.6815, 0.0724], [0.0246, 0.0387, 0.0768, 0.049, 0.068, 0.683, 0.06], [0.0364, 0.0548, 0.0323, 0.0566, 0.0241, 0.7299, 0.0659], [0.0465, 0.0954, 0.0382, 0.0275, 0.0573, 0.6541, 0.081], [0.0168, 0.0355, 0.031, 0.0309, 0.0605, 0.7477, 0.0776], [0.0753, 0.0173, 0.0526, 0.0756, 0.0352, 0.6622, 0.0818], [0.0216, 0.0167, 0.0714, 0.0282, 0.0756, 0.7496, 0.0369], [0.0645, 0.0187, 0.0263, 0.0834, 0.0603, 0.7209, 0.0259], [0.0748, 0.0628, 0.0285, 0.073, 0.0833, 0.6357, 0.0419], [0.0822, 0.0505, 0.0604, 0.0485, 0.0252, 0.6969, 0.0363], [0.0497, 0.0558, 0.0334, 0.0536, 0.0322, 0.7029, 0.0724], [0.0237, 0.0776, 0.0327, 0.0831, 0.0518, 0.6519, 0.0792], [0.0365, 0.0696, 0.0346, 0.0247, 0.0528, 0.7562, 0.0256], [0.0176, 0.0222, 0.0482, 0.0609, 0.0507, 0.7403, 0.0602], [0.0467, 0.0233, 0.0666, 0.0557, 0.0376, 0.7363, 0.034], [0.0688, 0.0825, 0.0426, 0.0374, 0.0753, 0.6611, 0.0324], [0.0124, 0.0645, 0.0643, 0.0737, 0.0463, 0.6849, 0.0539], [0.0519, 0.024, 0.0399, 0.0527, 0.0149, 0.7513, 0.0652], [0.0181, 0.0287, 0.0598, 0.0207, 0.0582, 0.7473, 0.0672], [0.0194, 0.0288, 0.0168, 0.0566, 0.0428, 0.7649, 0.0707], [0.0555, 0.0552, 0.0648, 0.071, 0.0276, 0.6884, 0.0374], [0.0544, 0.0795, 0.0276, 0.0739, 0.0463, 0.676, 0.0422], [0.0819, 0.0364, 0.0747, 0.0916, 0.0366, 0.652, 0.0269], [0.0632, 0.0122, 0.0599, 0.0356, 0.0276, 0.728, 0.0735], [0.0679, 0.0166, 0.0286, 0.0623, 0.07, 0.6958, 0.0588], [0.0157, 0.0776, 0.0734, 0.0201, 0.0841, 0.6463, 0.0828], [0.0557, 0.0333, 0.0522, 0.0639, 0.0626, 0.6876, 0.0447], [0.0262, 0.0597, 0.0346, 0.0715, 0.0502, 0.7466, 0.0113], [0.0601, 0.026, 0.0766, 0.0231, 0.074, 0.7021, 0.038], [0.081, 0.0171, 0.0706, 0.0762, 0.0841, 0.586, 0.085], [0.0521, 0.0821, 0.0474, 0.0362, 0.0135, 0.7452, 0.0235], [0.0659, 0.0312, 0.0281, 0.0814, 0.0454, 0.705, 0.043], [0.0535, 0.0644, 0.0754, 0.0661, 0.0687, 0.6498, 0.0221], [0.0506, 0.0272, 0.0614, 0.0603, 0.047, 0.6909, 0.0626], [0.013, 0.0474, 0.044, 0.0144, 0.0353, 0.7665, 0.0795], [0.0358, 0.0706, 0.0685, 0.0657, 0.0752, 0.6706, 0.0135], [0.019, 0.0365, 0.0618, 0.0543, 0.0474, 0.7112, 0.0697], [0.0342, 0.0122, 0.0237, 0.0677, 0.0596, 0.7255, 0.0771]], "emotions": ["purple", "purple", "purple", "purple", "purple", "purple", "purple", "purple", "purple", "purple", "purple", "purple", "purple", "purple", "purple", "purple", "purple", "purple", "purple", "purple", "purple", "purple", "purple", "purple", "purple", "purple", "purple", "purple", "purple", "purple", "purple", "purple", "purple", "purple", "purple", "purple", "purple", "purple", "purple", "purple", "purple", "purple", "purple", "purple", "purple", "purple", "purple", "purple", "purple", "purple", "purple", "purple", "purple", "purple", "purple", "purple", "purple", "purple", "purple", "purple", "purple", "purple", "purple", "purple", "purple", "purple", "purple", "purple", "purple", "purple", "purple", "purple", "purple", "purple", "purple", "purple", "purple", "purple", "purple", "purple"], "timestamps": [0, 40, 80, 120, 160, 200, 240, 280, 320, 360, 400, 440, 480, 520, 560, 600, 640, 680, 720, 760, 800, 840, 880, 920, 960, 1000, 1040, 1080, 1120, 1160, 1200, 1240, 1280, 1320, 1360, 1400, 1440, 1480, 1520, 1560, 1600, 1640, 1680, 1720, 1760, 1800, 1840, 1880, 1920, 1960, 2000, 2040, 2080, 2120, 2160, 2200, 2240, 2280, 2320, 2360, 2400, 2440, 2480, 2520, 2560, 2600, 2640, 2680, 2720, 2760, 2800, 2840, 2880, 2920, 2960, 3000, 3040, 3080, 3120, 3160]}], "conversation": [], "conversation_timestamps": []}