{"agent_id": "agent-purple-304", "type": "purple", "trips": [{"trip_id": 0, "transport_method": "foot", "start_time": 0, "path": [[1.5385289, 42.6153769], [1.5386654, 42.6142909], [1.5390303, 42.6117619], [1.5382887, 42.6095081], [1.5374354, 42.6073119], [1.5358676, 42.6055389], [1.53497, 42.6037383], [1.5338403, 42.6014936], [1.5317747, 42.6000315], [1.5298336, 42.5985488], [1.5283983, 42.5976016], [1.5265259, 42.5959275], [1.526304, 42.5937547], [1.5251164, 42.591732], [1.5239168, 42.5894759], [1.5220355, 42.5877309], [1.5210646, 42.5856214], [1.5194872, 42.5836392], [1.5189313, 42.5811334], [1.5185055, 42.5785978], [1.5192909, 42.5805479], [1.5188401, 42.5814271], [1.5180029, 42.5789961], [1.5181993, 42.5775472], [1.5178703, 42.576746], [1.5185111, 42.5761687], [1.5185254, 42.5740659], [1.5189705, 42.5726955], [1.5208128, 42.570937], [1.5215898, 42.5685691], [1.5234179, 42.5668742], [1.5248345, 42.5647594], [1.5269286, 42.5633647], [1.5284135, 42.5616953], [1.5303286, 42.5600263], [1.5312545, 42.5591208], [1.5296072, 42.5609214], [1.5307948, 42.5595962], [1.531818, 42.5577253], [1.5296114, 42.5564746], [1.5281102, 42.5545164], [1.5266627, 42.5525256], [1.5265639, 42.5508862], [1.5253398, 42.5486479], [1.5247147, 42.5463207], [1.5237027, 42.5444042], [1.522925, 42.5427124], [1.5235129, 42.5407832], [1.5231183, 42.5385691], [1.5251805, 42.5375299], [1.5235127, 42.5364761], [1.5217819, 42.5347401], [1.521232, 42.532932], [1.5213137, 42.5306873], [1.5214221, 42.5288138], [1.5206972, 42.5265449], [1.5205786, 42.527096], [1.5207413, 42.5252613], [1.5217289, 42.5230459], [1.5233268, 42.5211363], [1.5236054, 42.5205376], [1.5240712, 42.5192855], [1.525823, 42.5175434], [1.5280452, 42.516403], [1.5299016, 42.5147064], [1.5308137, 42.5125221], [1.5294336, 42.5108946], [1.5288022, 42.5096718], [1.5281192, 42.5089982], [1.5257527, 42.5082347], [1.5232857, 42.5077857], [1.5218483, 42.5067612], [1.5210181, 42.5059765], [1.5200366, 42.5057204], [1.5182444, 42.50542], [1.5170627, 42.5052771], [1.5149308, 42.5039473], [1.5131534, 42.5021059], [1.5122458, 42.5001645], [1.511154, 42.4984719]], "mood_vectors": [[0.0285, 0.0755, 0.0596, 0.0339, 0.0817, 0.6357, 0.0851], [0.0397, 0.078, 0.081, 0.0135, 0.0701, 0.6898, 0.0279], [0.0198, 0.0761, 0.0999, 0.0288, 0.0307, 0.7113, 0.0335], [0.0581, 0.0347, 0.056, 0.0152, 0.0284, 0.7797, 0.028], [0.0712, 0.0208, 0.0288, 0.0648, 0.0586, 0.7249, 0.031], [0.0429, 0.065, 0.0148, 0.0215, 0.0627, 0.7261, 0.067], [0.0547, 0.0402, 0.0249, 0.0712, 0.0405, 0.7533, 0.0151], [0.0795, 0.0185, 0.0695, 0.0425, 0.0946, 0.6477, 0.0477], [0.0329, 0.0661, 0.0202, 0.0334, 0.042, 0.7509, 0.0546], [0.0245, 0.0199, 0.0894, 0.0183, 0.0433, 0.7298, 0.0749], [0.0393, 0.0508, 0.0534, 0.0629, 0.0912, 0.642, 0.0604], [0.0678, 0.0682, 0.0183, 0.0679, 0.0739, 0.6817, 0.0222], [0.0532, 0.0878, 0.0215, 0.0271, 0.0773, 0.6465, 0.0865], [0.055, 0.0402, 0.0788, 0.0455, 0.052, 0.6548, 0.0737], [0.0688, 0.0569, 0.0768, 0.0186, 0.0309, 0.6779, 0.0701], [0.0358, 0.0273, 0.0937, 0.0292, 0.0765, 0.6718, 0.0656], [0.0264, 0.042, 0.057, 0.0796, 0.0151, 0.7084, 0.0715], [0.0596, 0.0152, 0.0504, 0.0827, 0.0812, 0.6402, 0.0708], [0.0756, 0.0416, 0.0455, 0.0218, 0.0757, 0.7232, 0.0166], [0.0575, 0.0165, 0.0418, 0.0377, 0.079, 0.7447, 0.0227], [0.0691, 0.0634, 0.0688, 0.0652, 0.0138, 0.707, 0.0127], [0.071, 0.0374, 0.0186, 0.0809, 0.0844, 0.6374, 0.0702], [0.076, 0.0533, 0.0439, 0.0289, 0.0488, 0.7139, 0.0351], [0.0646, 0.0499, 0.0235, 0.0207, 0.0561, 0.7357, 0.0495], [0.0522, 0.0401, 0.0541, 0.0252, 0.0183, 0.7561, 0.054], [0.0127, 0.0422, 0.0692, 0.0593, 0.0485, 0.6889, 0.0793], [0.0607, 0.0247, 0.0342, 0.0207, 0.0431, 0.7536, 0.0631], [0.0362, 0.0753, 0.0634, 0.0662, 0.0518, 0.6765, 0.0305], [0.0571, 0.0724, 0.0653, 0.0793, 0.0223, 0.6317, 0.0719], [0.0717, 0.0276, 0.0622, 0.075, 0.0498, 0.6647, 0.0489], [0.0145, 0.07, 0.0731, 0.0683, 0.0418, 0.6831, 0.0492], [0.0349, 0.0615, 0.0845, 0.0435, 0.0665, 0.6888, 0.0202], [0.0273, 0.0689, 0.0248, 0.0241, 0.0505, 0.7147, 0.0898], [0.0661, 0.0305, 0.0219, 0.1009, 0.0878, 0.6771, 0.0156], [0.0593, 0.0363, 0.064, 0.0287, 0.0759, 0.7123, 0.0233], [0.0425, 0.0159, 0.0676, 0.0335, 0.0642, 0.7335, 0.0428], [0.0301, 0.0364, 0.0497, 0.0159, 0.0629, 0.7047, 0.1002], [0.0804, 0.0211, 0.0301, 0.0768, 0.0566, 0.7009, 0.0341], [0.0337, 0.0357, 0.0748, 0.0252, 0.0246, 0.7612, 0.0447], [0.0477, 0.0507, 0.0421, 0.0277, 0.0709, 0.731, 0.0299], [0.0577, 0.0199, 0.0353, 0.0281, 0.0424, 0.7267, 0.09], [0.0566, 0.0537, 0.0295, 0.0785, 0.0586, 0.6451, 0.078], [0.0768, 0.0277, 0.0709, 0.0281, 0.05, 0.7319, 0.0146], [0.073, 0.0299, 0.073, 0.066, 0.0671, 0.645, 0.0459], [0.0749, 0.0494, 0.0726, 0.0698, 0.0259, 0.6699, 0.0375], [0.0632, 0.0328, 0.0739, 0.039, 0.0902, 0.674, 0.0268], [0.0245, 0.0963, 0.0408, 0.0784, 0.0763, 0.6691, 0.0145], [0.0907, 0.0164, 0.0842, 0.0333, 0.0753, 0.6394, 0.0607], [0.0289, 0.0882, 0.0886, 0.0673, 0.0457, 0.6265, 0.0548], [0.0807, 0.0755, 0.068, 0.0398, 0.0502, 0.6614, 0.0245], [0.0316, 0.0812, 0.0926, 0.0506, 0.0329, 0.6654, 0.0455], [0.0695, 0.0136, 0.0736, 0.0754, 0.0306, 0.6814, 0.0558], [0.0347, 0.0684, 0.0203, 0.0524, 0.0675, 0.7433, 0.0134], [0.0638, 0.0622, 0.0418, 0.0549, 0.0844, 0.6192, 0.0736], [0.0717, 0.0158, 0.0916, 0.0226, 0.0318, 0.6946, 0.0719], [0.0262, 0.0569, 0.0393, 0.0565, 0.0318, 0.7536, 0.0356], [0.0576, 0.0689, 0.0228, 0.0804, 0.0751, 0.6447, 0.0505], [0.0661, 0.0739, 0.0821, 0.0612, 0.0644, 0.595, 0.0571], [0.0589, 0.0669, 0.0904, 0.0272, 0.0501, 0.6249, 0.0816], [0.0536, 0.0568, 0.0382, 0.049, 0.0668, 0.696, 0.0398], [0.075, 0.0741, 0.0429, 0.0517, 0.0202, 0.64, 0.0961], [0.0158, 0.0944, 0.0357, 0.0917, 0.0328, 0.6333, 0.0963], [0.0786, 0.0222, 0.0274, 0.0379, 0.0237, 0.7302, 0.08], [0.0722, 0.0372, 0.0456, 0.0676, 0.0294, 0.7156, 0.0324], [0.0352, 0.0375, 0.0413, 0.0199, 0.0272, 0.8195, 0.0195], [0.0497, 0.0462, 0.0644, 0.0575, 0.0364, 0.6693, 0.0766], [0.0583, 0.0203, 0.0799, 0.0834, 0.0428, 0.6707, 0.0445], [0.0291, 0.0857, 0.0795, 0.0383, 0.0465, 0.6705, 0.0504], [0.0216, 0.0298, 0.0436, 0.014, 0.0723, 0.7425, 0.0761], [0.0332, 0.0163, 0.0515, 0.0386, 0.0429, 0.7773, 0.0402], [0.0873, 0.0297, 0.0401, 0.0747, 0.0512, 0.6621, 0.055], [0.029, 0.0923, 0.069, 0.0754, 0.0352, 0.6504, 0.0488], [0.0528, 0.0169, 0.0844, 0.0911, 0.0703, 0.6511, 0.0334], [0.0302, 0.0671, 0.0217, 0.0574, 0.0793, 0.7004, 0.0439], [0.0218, 0.0989, 0.0467, 0.0545, 0.0233, 0.713, 0.0419], [0.0682, 0.0702, 0.0276, 0.0766, 0.0255, 0.7045, 0.0273], [0.0491, 0.0514, 0.0661, 0.0247, 0.0794, 0.6765, 0.0528], [0.0466, 0.0388, 0.0392, 0.0767, 0.0136, 0.7124, 0.0727], [0.0382, 0.0976, 0.0287, 0.045, 0.0352, 0.6604, 0.0948], [0.0642, 0.0797, 0.0191, 0.016, 0.0197, 0.7638, 0.0375]], "emotions": ["purple", "purple", "purple", "purple", "purple", "purple", "purple", "purple", "purple", "purple", "purple", "purple", "purple", "purple", "purple", "purple", "purple", "purple", "purple", "purple", "purple", "purple", "purple", "purple", "purple", "purple", "purple", "purple", "purple", "purple", "purple", "purple", "purple", "purple", "purple", "purple", "purple", "purple", "purple", "purple", "purple", "purple", "purple", "purple", "purple", "purple", "purple", "purple", "purple", "purple", "purple", "purple", "purple", "purple", "purple", "purple", "purple", "purple", "purple", "purple", "purple", "purple", "purple", "purple", "purple", "purple", "purple", "purple", "purple", "purple", "purple", "purple", "purple", "purple", "purple", "purple", "purple", "purple", "purple", "purple"], "timestamps": [0, 40, 80, 120, 160, 200, 240, 280, 320, 360, 400, 440, 480, 520, 560, 600, 640, 680, 720, 760, 800, 840, 880, 920, 960, 1000, 1040, 1080, 1120, 1160, 1200, 1240, 1280, 1320, 1360, 1400, 1440, 1480, 1520, 1560, 1600, 1640, 1680, 1720, 1760, 1800, 1840, 1880, 1920, 1960, 2000, 2040, 2080, 2120, 2160, 2200, 2240, 2280, 2320, 2360, 2400, 2440, 2480, 2520, 2560, 2600, 2640, 2680, 2720, 2760, 2800, 2840, 2880, 2920, 2960, 3000, 3040, 3080, 3120, 3160]}], "conversation": [], "conversation_timestamps": []}