{"agent_id": "agent-red-136", "type": "red", "trips": [{"trip_id": 0, "transport_method": "foot", "start_time": 0, "path": [[1.5225148, 42.5075098], [1.522398, 42.5070187], [1.5220557, 42.5067364], [1.5216615, 42.5066894], [1.5221429, 42.506849], [1.5220731, 42.5065635], [1.521688, 42.5062288], [1.5212052, 42.50605], [1.5208323, 42.5059108], [1.5213155, 42.5060884], [1.5216963, 42.5062337], [1.521208, 42.5060705], [1.5207198, 42.5059073], [1.5202254, 42.5057653], [1.5197245, 42.5056463], [1.5192234, 42.5055282], [1.5187132, 42.5054621], [1.5182006, 42.5054146], [1.5183764, 42.5054271], [1.5179216, 42.5053949], [1.5174083, 42.5053551], [1.5170342, 42.5053418], [1.5175387, 42.5054223], [1.517249, 42.5053024], [1.51674, 42.505229], [1.5162646, 42.5050321], [1.5158372, 42.5047556], [1.5154514, 42.5044149], [1.5150684, 42.5040709], [1.5146854, 42.5037268], [1.5143024, 42.5033828], [1.5139194, 42.5030388], [1.5135699, 42.5026628], [1.5132638, 42.5022505], [1.5129513, 42.5018413], [1.5126769, 42.5014093], [1.5123677, 42.5009977], [1.5120585, 42.500586], [1.5117493, 42.5001744], [1.5114317, 42.4997692], [1.511112, 42.4993657], [1.5107923, 42.4989621], [1.5104726, 42.4985586], [1.5100932, 42.498216], [1.5096367, 42.4979787], [1.5091766, 42.4977477], [1.5087127, 42.4975246], [1.5082487, 42.4973015], [1.5077783, 42.4970932], [1.5072967, 42.4969112], [1.506812, 42.4967379], [1.5063268, 42.4965657], [1.5058398, 42.4963988], [1.5053499, 42.4962408], [1.5048692, 42.4960583], [1.5044168, 42.4958125], [1.5039588, 42.49558], [1.5034682, 42.4954239], [1.5029839, 42.4952507], [1.5025203, 42.4950271], [1.5020577, 42.4948013], [1.5015909, 42.4945842], [1.5011231, 42.4943693], [1.5006578, 42.494149], [1.5003992, 42.4937291], [1.5000073, 42.4933968], [1.4996038, 42.4930772], [1.4991734, 42.4927958], [1.4987162, 42.4925593], [1.4982604, 42.4923199], [1.4978088, 42.4920729], [1.4973687, 42.4918059], [1.4969398, 42.4915215], [1.4965197, 42.4912259], [1.496359, 42.4907873], [1.4963391, 42.4902731], [1.4962792, 42.4897658], [1.4962537, 42.4893696], [1.4959412, 42.4889605], [1.4956286, 42.4885514]], "mood_vectors": [[0.7484, 0.0642, 0.0709, 0.0385, 0.0293, 0.0225, 0.0261], [0.8268, 0.0215, 0.0208, 0.0489, 0.0377, 0.0156, 0.0288], [0.6495, 0.0354, 0.0961, 0.019, 0.0628, 0.0575, 0.0798], [0.6958, 0.0216, 0.0621, 0.0547, 0.0616, 0.0578, 0.0464], [0.6875, 0.0594, 0.0369, 0.0645, 0.0774, 0.0177, 0.0565], [0.7418, 0.0175, 0.0147, 0.0773, 0.0188, 0.0647, 0.0653], [0.7104, 0.0609, 0.0641, 0.018, 0.0391, 0.0356, 0.072], [0.7297, 0.0674, 0.0844, 0.0302, 0.017, 0.0503, 0.021], [0.6115, 0.094, 0.0901, 0.0793, 0.0255, 0.0475, 0.0522], [0.7497, 0.0218, 0.0614, 0.0542, 0.0549, 0.0159, 0.042], [0.6854, 0.0313, 0.0572, 0.046, 0.0782, 0.071, 0.031], [0.6981, 0.0586, 0.0592, 0.0668, 0.0124, 0.0548, 0.0501], [0.7368, 0.0146, 0.09, 0.0745, 0.0321, 0.0162, 0.0358], [0.6906, 0.0459, 0.0798, 0.016, 0.0515, 0.0629, 0.0533], [0.7054, 0.0598, 0.0839, 0.0169, 0.0224, 0.0396, 0.072], [0.7031, 0.0459, 0.0468, 0.0675, 0.0616, 0.0218, 0.0533], [0.6886, 0.0761, 0.0349, 0.0312, 0.0418, 0.052, 0.0754], [0.703, 0.0536, 0.0905, 0.0212, 0.0418, 0.0577, 0.0322], [0.7954, 0.0161, 0.0247, 0.0231, 0.0508, 0.0174, 0.0726], [0.6854, 0.046, 0.051, 0.0647, 0.0578, 0.0555, 0.0396], [0.7614, 0.017, 0.0622, 0.0205, 0.0336, 0.0236, 0.0817], [0.7422, 0.0638, 0.0668, 0.022, 0.0148, 0.0648, 0.0257], [0.7429, 0.0439, 0.03, 0.0791, 0.0208, 0.0689, 0.0144], [0.7598, 0.08, 0.0157, 0.0442, 0.0233, 0.0442, 0.0327], [0.6366, 0.0198, 0.091, 0.0716, 0.0432, 0.0715, 0.0663], [0.7852, 0.0548, 0.0466, 0.0323, 0.029, 0.0183, 0.0338], [0.6592, 0.0493, 0.088, 0.0683, 0.0517, 0.0382, 0.0454], [0.7855, 0.0192, 0.0202, 0.0214, 0.0365, 0.0544, 0.0628], [0.8092, 0.0529, 0.0358, 0.0199, 0.0392, 0.0296, 0.0133], [0.7073, 0.0589, 0.0683, 0.0399, 0.0652, 0.0169, 0.0436], [0.7268, 0.0292, 0.0829, 0.0459, 0.0437, 0.0244, 0.0471], [0.6557, 0.0893, 0.0356, 0.0696, 0.0164, 0.066, 0.0674], [0.715, 0.0756, 0.0694, 0.0461, 0.0138, 0.0341, 0.046], [0.746, 0.039, 0.0456, 0.0256, 0.0638, 0.0212, 0.0588], [0.6462, 0.0344, 0.0838, 0.0755, 0.0328, 0.0402, 0.0872], [0.6965, 0.0187, 0.0709, 0.0681, 0.0733, 0.0498, 0.0227], [0.67, 0.0411, 0.0457, 0.0453, 0.0229, 0.0824, 0.0926], [0.7479, 0.0616, 0.0217, 0.0594, 0.0487, 0.0272, 0.0334], [0.7685, 0.0544, 0.0239, 0.0188, 0.0169, 0.0511, 0.0665], [0.6784, 0.041, 0.0559, 0.0384, 0.0812, 0.0553, 0.0498], [0.7101, 0.0431, 0.0494, 0.0516, 0.0743, 0.0141, 0.0575], [0.6403, 0.0621, 0.0722, 0.0152, 0.0604, 0.0741, 0.0756], [0.6995, 0.0639, 0.068, 0.0457, 0.0293, 0.0662, 0.0274], [0.734, 0.0316, 0.0445, 0.0553, 0.0752, 0.0276, 0.0318], [0.6569, 0.0514, 0.0675, 0.0702, 0.0847, 0.0493, 0.0201], [0.7044, 0.0578, 0.0771, 0.032, 0.0429, 0.0435, 0.0423], [0.6488, 0.0466, 0.0665, 0.0742, 0.0841, 0.0408, 0.0391], [0.7407, 0.0465, 0.0386, 0.0611, 0.0297, 0.0356, 0.0479], [0.6926, 0.0138, 0.0562, 0.0736, 0.0793, 0.0148, 0.0696], [0.7141, 0.0336, 0.0285, 0.0338, 0.0825, 0.0671, 0.0404], [0.731, 0.0673, 0.077, 0.0593, 0.0349, 0.0146, 0.0158], [0.676, 0.0579, 0.0539, 0.06, 0.028, 0.0485, 0.0756], [0.7142, 0.0514, 0.0296, 0.0153, 0.0772, 0.0759, 0.0363], [0.7652, 0.0342, 0.0712, 0.0125, 0.023, 0.0487, 0.0452], [0.8319, 0.0358, 0.0365, 0.0145, 0.0248, 0.0167, 0.0398], [0.742, 0.0723, 0.0413, 0.0355, 0.0456, 0.0119, 0.0514], [0.7065, 0.0771, 0.0513, 0.0418, 0.0435, 0.0393, 0.0406], [0.7276, 0.0455, 0.0569, 0.0152, 0.016, 0.0692, 0.0696], [0.7186, 0.0487, 0.0486, 0.0803, 0.0233, 0.0214, 0.059], [0.7372, 0.0659, 0.022, 0.0961, 0.0189, 0.0389, 0.0209], [0.6606, 0.028, 0.0732, 0.0706, 0.0772, 0.0675, 0.0229], [0.7922, 0.0156, 0.0299, 0.0244, 0.0771, 0.0323, 0.0284], [0.6616, 0.069, 0.05, 0.0785, 0.0359, 0.0458, 0.0592], [0.6441, 0.0881, 0.0236, 0.0838, 0.0683, 0.0282, 0.064], [0.6723, 0.0361, 0.0523, 0.0181, 0.0834, 0.0924, 0.0454], [0.6698, 0.0505, 0.0596, 0.055, 0.0625, 0.0326, 0.07], [0.7458, 0.0411, 0.0439, 0.0465, 0.0681, 0.0271, 0.0274], [0.7665, 0.0199, 0.0473, 0.02, 0.0309, 0.0567, 0.0588], [0.6847, 0.0493, 0.0544, 0.0524, 0.056, 0.0709, 0.0323], [0.7542, 0.0471, 0.0233, 0.067, 0.044, 0.0295, 0.0348], [0.6544, 0.054, 0.0457, 0.0436, 0.0767, 0.0508, 0.0749], [0.7636, 0.0709, 0.0777, 0.0241, 0.0302, 0.0178, 0.0157], [0.7058, 0.0278, 0.0754, 0.0513, 0.0145, 0.0789, 0.0464], [0.656, 0.0152, 0.0348, 0.0879, 0.0928, 0.028, 0.0853], [0.7376, 0.0436, 0.0515, 0.0489, 0.0179, 0.0523, 0.0483], [0.7891, 0.0156, 0.0325, 0.0327, 0.0548, 0.0141, 0.0612], [0.6388, 0.0511, 0.0665, 0.0764, 0.0395, 0.0428, 0.0849], [0.6395, 0.0659, 0.0643, 0.0613, 0.0622, 0.0523, 0.0546], [0.6103, 0.0881, 0.0776, 0.0487, 0.0806, 0.0461, 0.0485], [0.6158, 0.0995, 0.0917, 0.0331, 0.0362, 0.0417, 0.0821]], "emotions": ["red", "red", "red", "red", "red", "red", "red", "red", "red", "red", "red", "red", "red", "red", "red", "red", "red", "red", "red", "red", "red", "red", "red", "red", "red", "red", "red", "red", "red", "red", "red", "red", "red", "red", "red", "red", "red", "red", "red", "red", "red", "red", "red", "red", "red", "red", "red", "red", "red", "red", "red", "red", "red", "red", "red", "red", "red", "red", "red", "red", "red", "red", "red", "red", "red", "red", "red", "red", "red", "red", "red", "red", "red", "red", "red", "red", "red", "red", "red", "red"], "timestamps": [0, 40, 80, 120, 160, 200, 240, 280, 320, 360, 400, 440, 480, 520, 560, 600, 640, 680, 720, 760, 800, 840, 880, 920, 960, 1000, 1040, 1080, 1120, 1160, 1200, 1240, 1280, 1320, 1360, 1400, 1440, 1480, 1520, 1560, 1600, 1640, 1680, 1720, 1760, 1800, 1840, 1880, 1920, 1960, 2000, 2040, 2080, 2120, 2160, 2200, 2240, 2280, 2320, 2360, 2400, 2440, 2480, 2520, 2560, 2600, 2640, 2680, 2720, 2760, 2800, 2840, 2880, 2920, 2960, 3000, 3040, 3080, 3120, 3160]}], "conversation": [], "conversation_timestamps": []}