{"agent_id": "agent-purple-1534", "type": "purple", "trips": [{"trip_id": 0, "transport_method": "car", "start_time": 0, "path": [[1.5389901, 42.5117851], [1.5384478, 42.5112924], [1.5376291, 42.511745], [1.5368045, 42.5121943], [1.5359584, 42.5126208], [1.5350441, 42.5128582], [1.534215, 42.5132005], [1.5335343, 42.5137846], [1.5326384, 42.5141011], [1.5319058, 42.5146991], [1.5311989, 42.5153218], [1.5307697, 42.5156389], [1.5299417, 42.516094], [1.5291417, 42.5166183], [1.5282847, 42.5166864], [1.5274347, 42.5171089], [1.5265569, 42.5174907], [1.525761, 42.5180035], [1.5250229, 42.5186123], [1.5242573, 42.5191873], [1.5238964, 42.5200272], [1.5234701, 42.5208811], [1.522871, 42.5216119], [1.5221131, 42.5221888], [1.5217257, 42.5230539], [1.521158, 42.5238186], [1.5206709, 42.5246361], [1.5207796, 42.5255604], [1.5206349, 42.5264864], [1.5206076, 42.5274182], [1.5210416, 42.5282347], [1.5215214, 42.5290055], [1.5218555, 42.5296228], [1.5212807, 42.5303498], [1.5211099, 42.5310945], [1.5210325, 42.5319577], [1.5213146, 42.5328232], [1.5207083, 42.5335106], [1.5211157, 42.5343359], [1.5219351, 42.5347998], [1.5225422, 42.5355329], [1.5231671, 42.5362557], [1.5239487, 42.5366271], [1.5248885, 42.5368031], [1.5251452, 42.5373632], [1.5244431, 42.5375601], [1.5235827, 42.5379632], [1.5231306, 42.5386791], [1.5231833, 42.53963], [1.5234333, 42.5405178], [1.5233657, 42.5408359], [1.5229024, 42.5416527], [1.5229173, 42.5425864], [1.5232499, 42.5434722], [1.5236606, 42.5443255], [1.5240495, 42.5451888], [1.5245322, 42.546014], [1.524707, 42.5468929], [1.5247956, 42.5478206], [1.5253272, 42.5485918], [1.5257162, 42.5494538], [1.5262118, 42.550273], [1.5266795, 42.5510495], [1.5261248, 42.5502691], [1.5256508, 42.5494395], [1.5255252, 42.5493218], [1.5258123, 42.5502352], [1.5260994, 42.5511487], [1.5265928, 42.5519118], [1.5273344, 42.5525142], [1.528088, 42.5531038], [1.5287204, 42.5538138], [1.5292882, 42.5545835], [1.5300709, 42.5551146], [1.5309424, 42.5555111], [1.5318632, 42.5556875], [1.5327911, 42.5557124], [1.5326433, 42.5565812], [1.532773, 42.5575272], [1.5330209, 42.5583944]], "mood_vectors": [[0.0655, 0.0234, 0.0629, 0.0478, 0.0563, 0.6943, 0.0498], [0.0554, 0.0402, 0.0354, 0.0651, 0.0592, 0.6881, 0.0565], [0.0854, 0.02, 0.0817, 0.0492, 0.0994, 0.6443, 0.02], [0.0672, 0.0588, 0.0506, 0.0344, 0.0226, 0.673, 0.0935], [0.046, 0.0161, 0.0623, 0.0705, 0.0282, 0.719, 0.0579], [0.0236, 0.0444, 0.0241, 0.02, 0.0281, 0.8094, 0.0503], [0.0299, 0.0716, 0.0494, 0.0545, 0.0753, 0.6521, 0.0671], [0.0378, 0.0205, 0.0717, 0.0302, 0.0264, 0.7758, 0.0377], [0.0575, 0.0769, 0.0349, 0.0503, 0.0669, 0.6549, 0.0586], [0.0298, 0.0393, 0.0727, 0.0191, 0.0809, 0.6861, 0.072], [0.0739, 0.0581, 0.0369, 0.0589, 0.0819, 0.6371, 0.0532], [0.037, 0.0184, 0.0198, 0.023, 0.0885, 0.7748, 0.0384], [0.0495, 0.0826, 0.0129, 0.0752, 0.0341, 0.7034, 0.0423], [0.0221, 0.0462, 0.0542, 0.0658, 0.0594, 0.6933, 0.059], [0.0191, 0.0323, 0.0629, 0.0522, 0.0213, 0.7585, 0.0537], [0.066, 0.0784, 0.0215, 0.0321, 0.0652, 0.7251, 0.0117], [0.0777, 0.0557, 0.068, 0.0585, 0.048, 0.6739, 0.0182], [0.0334, 0.0225, 0.0528, 0.0583, 0.0491, 0.7262, 0.0575], [0.0633, 0.0559, 0.0344, 0.0713, 0.0518, 0.6673, 0.0561], [0.0384, 0.0663, 0.0462, 0.0291, 0.0475, 0.7405, 0.0319], [0.0301, 0.0664, 0.0634, 0.0293, 0.0701, 0.7195, 0.0212], [0.0218, 0.0369, 0.0632, 0.0337, 0.0308, 0.7537, 0.06], [0.0611, 0.0619, 0.0522, 0.0391, 0.05, 0.6605, 0.0752], [0.0633, 0.044, 0.0587, 0.0486, 0.0516, 0.6918, 0.0422], [0.0617, 0.0684, 0.0523, 0.0689, 0.073, 0.6296, 0.046], [0.0792, 0.0409, 0.0246, 0.0288, 0.043, 0.748, 0.0354], [0.0725, 0.0397, 0.0603, 0.0629, 0.0557, 0.6868, 0.022], [0.023, 0.0367, 0.0414, 0.0322, 0.0705, 0.7501, 0.0461], [0.0213, 0.035, 0.0817, 0.0425, 0.0687, 0.6786, 0.0721], [0.0135, 0.072, 0.0523, 0.0443, 0.0428, 0.7492, 0.0259], [0.0648, 0.0766, 0.0314, 0.0128, 0.0451, 0.7104, 0.0588], [0.0774, 0.0666, 0.0786, 0.0758, 0.0673, 0.6044, 0.0299], [0.0223, 0.0724, 0.0696, 0.0737, 0.0464, 0.6565, 0.0591], [0.0551, 0.077, 0.0386, 0.0443, 0.0518, 0.7007, 0.0326], [0.0301, 0.0291, 0.0671, 0.052, 0.0322, 0.7614, 0.0283], [0.0332, 0.053, 0.0221, 0.0521, 0.0553, 0.7147, 0.0696], [0.0578, 0.0438, 0.0258, 0.033, 0.0899, 0.6634, 0.0863], [0.0281, 0.0635, 0.0327, 0.0207, 0.0648, 0.729, 0.0613], [0.0703, 0.0201, 0.0688, 0.0434, 0.0318, 0.6998, 0.0657], [0.0865, 0.0656, 0.081, 0.0139, 0.0419, 0.6782, 0.033], [0.0754, 0.0662, 0.0307, 0.0279, 0.0653, 0.7027, 0.0318], [0.0732, 0.0329, 0.0516, 0.0284, 0.0714, 0.7103, 0.0323], [0.0559, 0.0445, 0.0562, 0.0679, 0.0671, 0.6749, 0.0334], [0.0436, 0.0686, 0.0418, 0.0409, 0.0369, 0.7001, 0.068], [0.0422, 0.0891, 0.0388, 0.0435, 0.0233, 0.6712, 0.0919], [0.0678, 0.0684, 0.0674, 0.0682, 0.0215, 0.6563, 0.0503], [0.056, 0.091, 0.0175, 0.0599, 0.0718, 0.6373, 0.0665], [0.0576, 0.0493, 0.0384, 0.0681, 0.0471, 0.7062, 0.0334], [0.0396, 0.0592, 0.0425, 0.0875, 0.0586, 0.642, 0.0706], [0.0625, 0.0793, 0.0366, 0.0198, 0.0195, 0.6878, 0.0946], [0.0655, 0.0172, 0.0296, 0.0222, 0.0651, 0.763, 0.0373], [0.0432, 0.0565, 0.0522, 0.0655, 0.0612, 0.6901, 0.0313], [0.0248, 0.046, 0.0692, 0.0839, 0.0791, 0.6757, 0.0213], [0.0824, 0.046, 0.0717, 0.0432, 0.0344, 0.6651, 0.0571], [0.0181, 0.0594, 0.0673, 0.0708, 0.0605, 0.6619, 0.062], [0.0631, 0.0592, 0.0532, 0.0622, 0.0163, 0.7125, 0.0335], [0.0866, 0.0143, 0.0419, 0.0247, 0.0755, 0.6951, 0.0619], [0.0454, 0.0535, 0.0672, 0.0558, 0.0191, 0.6993, 0.0598], [0.0694, 0.0511, 0.0238, 0.0702, 0.0377, 0.7116, 0.0362], [0.0294, 0.039, 0.0541, 0.0413, 0.074, 0.6859, 0.0763], [0.0638, 0.0259, 0.0321, 0.0475, 0.0919, 0.6533, 0.0856], [0.0842, 0.0389, 0.0203, 0.091, 0.0249, 0.6672, 0.0734], [0.0555, 0.0343, 0.0492, 0.0838, 0.0284, 0.7229, 0.026], [0.027, 0.077, 0.0724, 0.0379, 0.0597, 0.7124, 0.0135], [0.0502, 0.0146, 0.0473, 0.0219, 0.0202, 0.7668, 0.079], [0.0579, 0.0783, 0.0709, 0.0264, 0.0449, 0.7021, 0.0196], [0.066, 0.014, 0.0386, 0.0616, 0.0446, 0.732, 0.0432], [0.0657, 0.0431, 0.0745, 0.017, 0.0367, 0.6797, 0.0833], [0.083, 0.0819, 0.0584, 0.0659, 0.0355, 0.6192, 0.0562], [0.0533, 0.0503, 0.0362, 0.029, 0.0559, 0.7398, 0.0355], [0.0365, 0.059, 0.0579, 0.029, 0.0898, 0.6345, 0.0932], [0.061, 0.0433, 0.0111, 0.0683, 0.0483, 0.7153, 0.0527], [0.0779, 0.045, 0.0834, 0.0453, 0.0328, 0.6758, 0.0397], [0.0512, 0.0492, 0.0365, 0.0385, 0.0772, 0.6892, 0.0582], [0.0803, 0.06, 0.0438, 0.0893, 0.0202, 0.6425, 0.0639], [0.0187, 0.0705, 0.069, 0.09, 0.0171, 0.7096, 0.0251], [0.021, 0.0327, 0.0306, 0.059, 0.061, 0.7007, 0.095], [0.0188, 0.0432, 0.0498, 0.0549, 0.0676, 0.7353, 0.0305], [0.0392, 0.0582, 0.068, 0.0463, 0.033, 0.6884, 0.0669], [0.0387, 0.0631, 0.0711, 0.0281, 0.0736, 0.6845, 0.0409]], "emotions": ["purple", "purple", "purple", "purple", "purple", "purple", "purple", "purple", "purple", "purple", "purple", "purple", "purple", "purple", "purple", "purple", "purple", "purple", "purple", "purple", "purple", "purple", "purple", "purple", "purple", "purple", "purple", "purple", "purple", "purple", "purple", "purple", "purple", "purple", "purple", "purple", "purple", "purple", "purple", "purple", "purple", "purple", "purple", "purple", "purple", "purple", "purple", "purple", "purple", "purple", "purple", "purple", "purple", "purple", "purple", "purple", "purple", "purple", "purple", "purple", "purple", "purple", "purple", "purple", "purple", "purple", "purple", "purple", "purple", "purple", "purple", "purple", "purple", "purple", "purple", "purple", "purple", "purple", "purple", "purple"], "timestamps": [0, 40, 80, 120, 160, 200, 240, 280, 320, 360, 400, 440, 480, 520, 560, 600, 640, 680, 720, 760, 800, 840, 880, 920, 960, 1000, 1040, 1080, 1120, 1160, 1200, 1240, 1280, 1320, 1360, 1400, 1440, 1480, 1520, 1560, 1600, 1640, 1680, 1720, 1760, 1800, 1840, 1880, 1920, 1960, 2000, 2040, 2080, 2120, 2160, 2200, 2240, 2280, 2320, 2360, 2400, 2440, 2480, 2520, 2560, 2600, 2640, 2680, 2720, 2760, 2800, 2840, 2880, 2920, 2960, 3000, 3040, 3080, 3120, 3160]}], "conversation": [], "conversation_timestamps": []}