{"agent_id": "agent-orange-73", "type": "orange", "trips": [{"trip_id": 0, "transport_method": "car", "start_time": 0, "path": [[1.5407249, 42.5108613], [1.5398585, 42.5111258], [1.539152, 42.5111448], [1.5382411, 42.5114574], [1.5373204, 42.5118488], [1.5364844, 42.5123767], [1.5355649, 42.512735], [1.5346162, 42.5130464], [1.5339533, 42.5136422], [1.5329915, 42.5139259], [1.5321379, 42.5144402], [1.5314258, 42.5151454], [1.5309727, 42.5154875], [1.5301095, 42.515981], [1.5292777, 42.5165366], [1.5283647, 42.516609], [1.5274926, 42.5170815], [1.5265724, 42.5174846], [1.5257383, 42.5180241], [1.5249612, 42.51866], [1.5241567, 42.519262], [1.5238447, 42.5201916], [1.523364, 42.5210737], [1.5226493, 42.5217605], [1.5219376, 42.522449], [1.5215442, 42.5233654], [1.5209139, 42.5241467], [1.5207039, 42.5250743], [1.5207873, 42.5260616], [1.5205858, 42.5270153], [1.5209659, 42.5278887], [1.5213928, 42.5287242], [1.5219979, 42.5294131], [1.5213448, 42.5301433], [1.5211953, 42.5309478], [1.5209689, 42.5318532], [1.5213451, 42.5327548], [1.5207265, 42.5334901], [1.5211271, 42.5343517], [1.5219858, 42.5348422], [1.5226096, 42.535625], [1.5232139, 42.5363448], [1.5241561, 42.5366503], [1.5250347, 42.5368554], [1.5250862, 42.5375902], [1.524122, 42.5376915], [1.5232327, 42.5381429], [1.5231603, 42.5391222], [1.5232304, 42.5401182], [1.5234947, 42.5406375], [1.523076, 42.5413259], [1.5229085, 42.5422655], [1.5231238, 42.5432275], [1.5235351, 42.5441349], [1.5239487, 42.5450385], [1.5244692, 42.5458961], [1.524713, 42.5468068], [1.5247717, 42.5477898], [1.5253292, 42.5485999], [1.5257449, 42.5495013], [1.5262651, 42.5503611], [1.5265927, 42.550927], [1.5260099, 42.5501084], [1.5255413, 42.5492205], [1.5256128, 42.5496005], [1.5259141, 42.5505591], [1.5262154, 42.5515177], [1.5269169, 42.5521986], [1.5277204, 42.552802], [1.5284601, 42.5534788], [1.5282705, 42.5530654], [1.527871, 42.552492], [1.5285313, 42.5532466], [1.5286332, 42.5532766], [1.528297, 42.5523949], [1.5283224, 42.5525608], [1.5292358, 42.5528463], [1.5302395, 42.5528669], [1.531212, 42.5530976], [1.5317015, 42.5536191]], "mood_vectors": [[0.0322, 0.0217, 0.0842, 0.0915, 0.7167, 0.0201, 0.0335], [0.0626, 0.0354, 0.0208, 0.073, 0.6857, 0.039, 0.0835], [0.0912, 0.0635, 0.0523, 0.0706, 0.6368, 0.0663, 0.0191], [0.04, 0.0333, 0.0754, 0.0373, 0.7289, 0.0262, 0.0589], [0.0865, 0.103, 0.0421, 0.0231, 0.687, 0.0237, 0.0346], [0.038, 0.08, 0.0178, 0.0574, 0.6963, 0.053, 0.0573], [0.0414, 0.0633, 0.0262, 0.0251, 0.7059, 0.0747, 0.0634], [0.0455, 0.0575, 0.0486, 0.043, 0.7059, 0.0155, 0.0841], [0.0892, 0.0811, 0.0527, 0.018, 0.6881, 0.052, 0.019], [0.0453, 0.0711, 0.0801, 0.0463, 0.6512, 0.06, 0.046], [0.0689, 0.0609, 0.0625, 0.0133, 0.7137, 0.0637, 0.0171], [0.0662, 0.0216, 0.0205, 0.0627, 0.7185, 0.0278, 0.0827], [0.0299, 0.0623, 0.0125, 0.0671, 0.7057, 0.0572, 0.0653], [0.0631, 0.0513, 0.067, 0.0625, 0.6138, 0.0665, 0.0758], [0.0495, 0.0465, 0.0167, 0.0727, 0.7403, 0.0564, 0.0178], [0.0909, 0.0952, 0.0325, 0.0284, 0.7039, 0.0262, 0.0229], [0.0706, 0.0811, 0.0814, 0.0829, 0.5973, 0.0415, 0.045], [0.016, 0.0726, 0.013, 0.0662, 0.7702, 0.0293, 0.0327], [0.0358, 0.0317, 0.0733, 0.0561, 0.7254, 0.0208, 0.0568], [0.0589, 0.068, 0.0768, 0.0709, 0.6411, 0.049, 0.0353], [0.0363, 0.0712, 0.0352, 0.0816, 0.7241, 0.0219, 0.0297], [0.0468, 0.0329, 0.0432, 0.0315, 0.7458, 0.0636, 0.0363], [0.0763, 0.0695, 0.0776, 0.022, 0.6567, 0.039, 0.0589], [0.0614, 0.0138, 0.0208, 0.0527, 0.7025, 0.0762, 0.0727], [0.0414, 0.0918, 0.0301, 0.0796, 0.6674, 0.0581, 0.0316], [0.0674, 0.066, 0.0483, 0.0246, 0.6905, 0.067, 0.0362], [0.0711, 0.0465, 0.0565, 0.0153, 0.6772, 0.0738, 0.0597], [0.0631, 0.078, 0.059, 0.0829, 0.6162, 0.0327, 0.068], [0.0349, 0.0593, 0.0457, 0.0619, 0.6816, 0.0682, 0.0483], [0.0603, 0.0721, 0.0342, 0.0421, 0.698, 0.0276, 0.0658], [0.0199, 0.026, 0.0239, 0.0478, 0.8007, 0.0573, 0.0244], [0.0465, 0.0281, 0.0814, 0.0696, 0.6617, 0.0689, 0.0437], [0.0588, 0.0447, 0.0291, 0.0424, 0.7151, 0.0485, 0.0615], [0.0667, 0.0397, 0.0344, 0.0176, 0.8111, 0.0153, 0.0152], [0.0647, 0.0255, 0.0371, 0.0588, 0.7342, 0.0464, 0.0334], [0.0468, 0.0468, 0.0747, 0.0248, 0.7033, 0.0307, 0.073], [0.0282, 0.0406, 0.0499, 0.024, 0.7335, 0.0679, 0.056], [0.0377, 0.0345, 0.0422, 0.0347, 0.7451, 0.0519, 0.0539], [0.0854, 0.0752, 0.0583, 0.0125, 0.6484, 0.0729, 0.0473], [0.085, 0.0217, 0.0472, 0.0553, 0.7249, 0.0236, 0.0423], [0.094, 0.045, 0.0808, 0.0236, 0.7085, 0.0276, 0.0203], [0.0318, 0.0517, 0.0202, 0.0514, 0.7301, 0.0784, 0.0364], [0.0167, 0.0266, 0.0554, 0.0756, 0.7432, 0.0387, 0.0438], [0.0611, 0.0616, 0.0191, 0.0644, 0.688, 0.0546, 0.0512], [0.021, 0.0744, 0.0937, 0.0423, 0.6806, 0.028, 0.06], [0.0181, 0.0542, 0.0564, 0.0456, 0.7321, 0.058, 0.0356], [0.0593, 0.0252, 0.0764, 0.0817, 0.6416, 0.0725, 0.0433], [0.0559, 0.0176, 0.0286, 0.0632, 0.7544, 0.0274, 0.0529], [0.0682, 0.0418, 0.016, 0.0179, 0.7434, 0.0737, 0.039], [0.0227, 0.0293, 0.0725, 0.0632, 0.6649, 0.0677, 0.0797], [0.0248, 0.0612, 0.068, 0.0608, 0.7244, 0.0156, 0.0451], [0.0231, 0.0542, 0.0584, 0.0368, 0.7573, 0.0167, 0.0536], [0.0308, 0.0524, 0.0543, 0.0474, 0.6647, 0.0697, 0.0807], [0.0759, 0.0627, 0.0383, 0.0593, 0.6505, 0.0554, 0.0579], [0.0942, 0.0392, 0.0441, 0.0398, 0.6599, 0.0953, 0.0274], [0.022, 0.0632, 0.0613, 0.0225, 0.7038, 0.079, 0.0482], [0.0341, 0.0287, 0.0693, 0.0624, 0.6989, 0.0464, 0.0602], [0.0865, 0.0899, 0.047, 0.027, 0.6781, 0.0317, 0.0397], [0.0664, 0.0607, 0.0121, 0.0508, 0.7057, 0.0497, 0.0548], [0.056, 0.0756, 0.0257, 0.0593, 0.6816, 0.0274, 0.0743], [0.0803, 0.0239, 0.0866, 0.0286, 0.6449, 0.078, 0.0577], [0.0321, 0.0217, 0.0814, 0.019, 0.7221, 0.0545, 0.0692], [0.0295, 0.0251, 0.0375, 0.0594, 0.7664, 0.041, 0.0412], [0.0347, 0.0523, 0.0765, 0.0467, 0.737, 0.0171, 0.0356], [0.0495, 0.0329, 0.0551, 0.0434, 0.6814, 0.0689, 0.0689], [0.0315, 0.0752, 0.0667, 0.0241, 0.6938, 0.0628, 0.046], [0.0673, 0.0259, 0.0668, 0.0723, 0.6899, 0.066, 0.0118], [0.0217, 0.0506, 0.0585, 0.0585, 0.7369, 0.0512, 0.0226], [0.0453, 0.0188, 0.0272, 0.0576, 0.7834, 0.0149, 0.0529], [0.0565, 0.0321, 0.0613, 0.0334, 0.7143, 0.0525, 0.0499], [0.0561, 0.0891, 0.0712, 0.0539, 0.6757, 0.0348, 0.0193], [0.0588, 0.0296, 0.0742, 0.0199, 0.6745, 0.0735, 0.0696], [0.0769, 0.0229, 0.0622, 0.0198, 0.7218, 0.038, 0.0584], [0.0571, 0.0593, 0.0372, 0.0218, 0.7197, 0.0586, 0.0463], [0.0257, 0.0682, 0.0491, 0.043, 0.7238, 0.0712, 0.0189], [0.0755, 0.0745, 0.0526, 0.0466, 0.6803, 0.0353, 0.0352], [0.0299, 0.0744, 0.0249, 0.0116, 0.7274, 0.0648, 0.067], [0.0748, 0.0597, 0.0419, 0.0302, 0.7244, 0.0303, 0.0387], [0.0853, 0.0441, 0.023, 0.0324, 0.7541, 0.0316, 0.0294], [0.0731, 0.0797, 0.0291, 0.0428, 0.6938, 0.0444, 0.037]], "emotions": ["red", "red", "red", "red", "red", "red", "red", "red", "red", "red", "red", "red", "red", "red", "red", "red", "red", "red", "red", "red", "red", "red", "red", "red", "red", "red", "red", "red", "red", "red", "red", "red", "red", "red", "red", "red", "red", "red", "red", "red", "red", "red", "red", "red", "red", "red", "red", "red", "red", "red", "red", "red", "red", "red", "red", "red", "red", "red", "red", "red", "red", "red", "red", "red", "red", "red", "red", "red", "red", "red", "red", "red", "red", "red", "red", "red", "red", "red", "red", "red"], "timestamps": [0, 40, 80, 120, 160, 200, 240, 280, 320, 360, 400, 440, 480, 520, 560, 600, 640, 680, 720, 760, 800, 840, 880, 920, 960, 1000, 1040, 1080, 1120, 1160, 1200, 1240, 1280, 1320, 1360, 1400, 1440, 1480, 1520, 1560, 1600, 1640, 1680, 1720, 1760, 1800, 1840, 1880, 1920, 1960, 2000, 2040, 2080, 2120, 2160, 2200, 2240, 2280, 2320, 2360, 2400, 2440, 2480, 2520, 2560, 2600, 2640, 2680, 2720, 2760, 2800, 2840, 2880, 2920, 2960, 3000, 3040, 3080, 3120, 3160]}], "conversation": [], "conversation_timestamps": []}