{"agent_id": "agent-green-1397", "type": "green", "trips": [{"trip_id": 0, "transport_method": "foot", "start_time": 0, "path": [[1.5377432, 42.5117066], [1.5368846, 42.5121274], [1.536027, 42.512564], [1.5351139, 42.5128352], [1.5342498, 42.5131544], [1.5335742, 42.5137711], [1.5326607, 42.5140868], [1.5319128, 42.5146908], [1.5312027, 42.5153189], [1.5307534, 42.5156512], [1.5299149, 42.5161182], [1.5290954, 42.5166413], [1.5282362, 42.5167332], [1.5273597, 42.5171444], [1.5264651, 42.5175268], [1.5256763, 42.5180803], [1.5249201, 42.5186918], [1.5241407, 42.5192744], [1.5238488, 42.520181], [1.5233848, 42.521036], [1.5227132, 42.5217218], [1.5219903, 42.5223565], [1.5216233, 42.5232523], [1.5210112, 42.5240077], [1.5206371, 42.5248843], [1.5207858, 42.5258291], [1.520621, 42.5267572], [1.5208093, 42.5276379], [1.5211519, 42.5285165], [1.5217867, 42.5291912], [1.5216164, 42.5298743], [1.521246, 42.5306575], [1.5209341, 42.53143], [1.5212234, 42.5323041], [1.5210684, 42.5331435], [1.5208938, 42.5338795], [1.5214563, 42.5346109], [1.5222591, 42.535122], [1.5228405, 42.5359005], [1.523511, 42.5364752], [1.5244459, 42.5367109], [1.525092, 42.5370499], [1.524861, 42.5376039], [1.5239487, 42.537794], [1.5231916, 42.5383017], [1.5231461, 42.5392597], [1.5232406, 42.5402237], [1.5234694, 42.5405691], [1.5230528, 42.5413624], [1.5229109, 42.5422768], [1.5231152, 42.5432094], [1.5235121, 42.5440885], [1.5239056, 42.5449677], [1.5244151, 42.5457945], [1.5247232, 42.5466603], [1.5246992, 42.5476277], [1.5252662, 42.5484003], [1.5256198, 42.5492945], [1.5261235, 42.5501271], [1.5266273, 42.5509597], [1.5262062, 42.5503822], [1.5257061, 42.5495501], [1.5254928, 42.5492187], [1.5257846, 42.5501471], [1.5260764, 42.5510755], [1.5265543, 42.5518644], [1.5272981, 42.5524869], [1.528066, 42.5530837], [1.5285732, 42.553572], [1.5280741, 42.5527367], [1.5280828, 42.5527715], [1.5287436, 42.5534854], [1.5286265, 42.5529887], [1.5280691, 42.5522783], [1.5285175, 42.552672], [1.5294286, 42.5528386], [1.5303998, 42.552884], [1.5313282, 42.5531547], [1.5316077, 42.5536471], [1.5306496, 42.5537326]], "mood_vectors": [[0.0236, 0.0599, 0.0357, 0.0735, 0.0964, 0.083, 0.628], [0.0329, 0.0558, 0.0219, 0.0703, 0.0454, 0.0604, 0.7135], [0.0236, 0.0644, 0.0734, 0.0439, 0.0664, 0.069, 0.6594], [0.0721, 0.0633, 0.0629, 0.0615, 0.0412, 0.0231, 0.676], [0.0478, 0.0827, 0.0605, 0.0889, 0.0877, 0.0227, 0.6097], [0.0542, 0.0352, 0.0631, 0.0475, 0.0624, 0.0246, 0.7131], [0.0224, 0.0423, 0.0637, 0.0583, 0.0392, 0.0731, 0.7011], [0.0353, 0.0723, 0.0461, 0.0661, 0.017, 0.0241, 0.7392], [0.0664, 0.0338, 0.083, 0.0292, 0.0745, 0.078, 0.635], [0.048, 0.0766, 0.0454, 0.0229, 0.0275, 0.0788, 0.7009], [0.0236, 0.0177, 0.0129, 0.0795, 0.033, 0.0275, 0.8058], [0.0745, 0.0458, 0.051, 0.0362, 0.063, 0.054, 0.6755], [0.0526, 0.0503, 0.0423, 0.0739, 0.0882, 0.0497, 0.6431], [0.0319, 0.0587, 0.0488, 0.0701, 0.0634, 0.0867, 0.6405], [0.0546, 0.0911, 0.0292, 0.047, 0.0483, 0.0151, 0.7146], [0.0388, 0.0216, 0.0208, 0.0348, 0.07, 0.0992, 0.7149], [0.0297, 0.0483, 0.0384, 0.0503, 0.0204, 0.07, 0.7428], [0.0421, 0.0275, 0.0268, 0.0321, 0.0844, 0.067, 0.7201], [0.0265, 0.0587, 0.069, 0.0565, 0.0733, 0.0621, 0.654], [0.0571, 0.077, 0.051, 0.0153, 0.081, 0.0442, 0.6744], [0.0613, 0.0136, 0.0514, 0.0592, 0.0645, 0.0477, 0.7023], [0.0503, 0.0716, 0.0428, 0.0319, 0.062, 0.0158, 0.7257], [0.0129, 0.0389, 0.0471, 0.0239, 0.0551, 0.0489, 0.773], [0.0504, 0.0615, 0.0532, 0.0346, 0.0468, 0.0462, 0.7073], [0.0145, 0.0686, 0.0666, 0.0198, 0.0566, 0.0362, 0.7378], [0.0637, 0.0372, 0.0708, 0.0529, 0.0158, 0.0681, 0.6915], [0.0891, 0.0766, 0.0585, 0.0372, 0.0786, 0.0263, 0.6336], [0.0445, 0.0536, 0.0786, 0.0322, 0.017, 0.0837, 0.6905], [0.0523, 0.0246, 0.0169, 0.0428, 0.0773, 0.0698, 0.7162], [0.0858, 0.0663, 0.0475, 0.077, 0.0343, 0.0722, 0.6168], [0.0139, 0.036, 0.0742, 0.0698, 0.067, 0.0207, 0.7185], [0.0602, 0.0581, 0.0525, 0.0202, 0.0384, 0.0424, 0.7281], [0.0795, 0.0374, 0.0536, 0.0609, 0.0606, 0.021, 0.687], [0.0313, 0.0452, 0.0355, 0.0942, 0.033, 0.0684, 0.6925], [0.0186, 0.0235, 0.0494, 0.0547, 0.077, 0.0461, 0.7307], [0.0654, 0.0287, 0.0654, 0.0464, 0.0758, 0.0418, 0.6765], [0.0431, 0.0145, 0.0742, 0.0746, 0.0359, 0.0687, 0.6889], [0.0528, 0.0567, 0.0154, 0.0558, 0.0522, 0.0116, 0.7554], [0.0943, 0.072, 0.0416, 0.0214, 0.0505, 0.035, 0.6852], [0.0177, 0.0525, 0.0671, 0.0387, 0.0436, 0.0519, 0.7285], [0.063, 0.0508, 0.0478, 0.0172, 0.0248, 0.0613, 0.7351], [0.0209, 0.0992, 0.0214, 0.0306, 0.0511, 0.0177, 0.7591], [0.0191, 0.0782, 0.0353, 0.02, 0.0603, 0.0699, 0.7172], [0.0245, 0.0354, 0.0511, 0.0676, 0.0671, 0.0805, 0.6738], [0.0836, 0.0222, 0.0462, 0.0605, 0.0417, 0.0189, 0.7269], [0.0653, 0.0713, 0.063, 0.0763, 0.0665, 0.0759, 0.5818], [0.0607, 0.0687, 0.0159, 0.0436, 0.0154, 0.0784, 0.7174], [0.079, 0.0256, 0.0124, 0.0714, 0.0415, 0.031, 0.7391], [0.019, 0.0537, 0.0186, 0.0734, 0.0566, 0.054, 0.7247], [0.0339, 0.0693, 0.0218, 0.032, 0.0326, 0.0684, 0.742], [0.0213, 0.079, 0.0723, 0.0325, 0.044, 0.0392, 0.7117], [0.0476, 0.0926, 0.062, 0.0231, 0.0404, 0.0562, 0.6781], [0.0833, 0.0719, 0.0215, 0.0786, 0.0615, 0.0732, 0.61], [0.0408, 0.0612, 0.0829, 0.026, 0.0445, 0.083, 0.6617], [0.0914, 0.0684, 0.0543, 0.0861, 0.0361, 0.0256, 0.6382], [0.0912, 0.0643, 0.0509, 0.0341, 0.0456, 0.0302, 0.6837], [0.066, 0.0286, 0.0227, 0.0554, 0.0693, 0.0649, 0.6932], [0.0123, 0.0569, 0.0155, 0.0747, 0.0646, 0.0511, 0.7248], [0.0528, 0.0311, 0.0485, 0.0434, 0.0289, 0.0439, 0.7514], [0.0371, 0.0731, 0.0448, 0.055, 0.0287, 0.069, 0.6925], [0.0668, 0.0573, 0.0191, 0.0314, 0.0566, 0.0627, 0.7061], [0.0318, 0.0552, 0.0695, 0.0525, 0.0467, 0.071, 0.6733], [0.0578, 0.067, 0.0161, 0.0813, 0.0531, 0.0568, 0.668], [0.0755, 0.0707, 0.0503, 0.019, 0.0688, 0.074, 0.6417], [0.0714, 0.0141, 0.0491, 0.0648, 0.066, 0.0333, 0.7012], [0.0422, 0.0172, 0.0649, 0.0438, 0.0432, 0.0178, 0.7709], [0.077, 0.0706, 0.0127, 0.0676, 0.0342, 0.0583, 0.6795], [0.0323, 0.0234, 0.0262, 0.0675, 0.0176, 0.0538, 0.7791], [0.0539, 0.0446, 0.0157, 0.0169, 0.0623, 0.091, 0.7155], [0.0624, 0.0759, 0.0571, 0.071, 0.0166, 0.0714, 0.6456], [0.0713, 0.0596, 0.0637, 0.0612, 0.0616, 0.0365, 0.6462], [0.0284, 0.032, 0.0668, 0.0899, 0.053, 0.0935, 0.6364], [0.0189, 0.0166, 0.0595, 0.0939, 0.0865, 0.0275, 0.697], [0.032, 0.0196, 0.0429, 0.0448, 0.0741, 0.0549, 0.7316], [0.0731, 0.0428, 0.0717, 0.0465, 0.0781, 0.0835, 0.6043], [0.0411, 0.0557, 0.0528, 0.0414, 0.0701, 0.0292, 0.7097], [0.0395, 0.0524, 0.028, 0.0367, 0.0572, 0.0367, 0.7494], [0.052, 0.0537, 0.0631, 0.0531, 0.0257, 0.0238, 0.7286], [0.0848, 0.0968, 0.0441, 0.0215, 0.0157, 0.0389, 0.6981], [0.0218, 0.0734, 0.0546, 0.0569, 0.0805, 0.0314, 0.6815]], "emotions": ["purple", "purple", "purple", "purple", "purple", "purple", "purple", "purple", "purple", "purple", "purple", "purple", "purple", "purple", "purple", "purple", "purple", "purple", "purple", "purple", "purple", "purple", "purple", "purple", "purple", "purple", "purple", "purple", "purple", "purple", "purple", "purple", "purple", "purple", "purple", "purple", "purple", "purple", "purple", "purple", "purple", "purple", "purple", "purple", "purple", "purple", "purple", "purple", "purple", "purple", "purple", "purple", "purple", "purple", "purple", "purple", "purple", "purple", "purple", "purple", "purple", "purple", "purple", "purple", "purple", "purple", "purple", "purple", "purple", "purple", "purple", "purple", "purple", "purple", "purple", "purple", "purple", "purple", "purple", "purple"], "timestamps": [0, 40, 80, 120, 160, 200, 240, 280, 320, 360, 400, 440, 480, 520, 560, 600, 640, 680, 720, 760, 800, 840, 880, 920, 960, 1000, 1040, 1080, 1120, 1160, 1200, 1240, 1280, 1320, 1360, 1400, 1440, 1480, 1520, 1560, 1600, 1640, 1680, 1720, 1760, 1800, 1840, 1880, 1920, 1960, 2000, 2040, 2080, 2120, 2160, 2200, 2240, 2280, 2320, 2360, 2400, 2440, 2480, 2520, 2560, 2600, 2640, 2680, 2720, 2760, 2800, 2840, 2880, 2920, 2960, 3000, 3040, 3080, 3120, 3160]}], "conversation": [], "conversation_timestamps": []}