{"agent_id": "agent-orange-1068", "type": "orange", "trips": [{"trip_id": 0, "transport_method": "car", "start_time": 0, "path": [[1.5296026, 42.5350371], [1.5287051, 42.5345547], [1.5280501, 42.5342331], [1.5285653, 42.5350359], [1.5294925, 42.5355202], [1.5303371, 42.5360535], [1.5310211, 42.536688], [1.530135, 42.5364218], [1.5291272, 42.536141], [1.5281312, 42.5357913], [1.5272433, 42.5352146], [1.527761, 42.535889], [1.5281458, 42.5363742], [1.5272358, 42.5358282], [1.5263718, 42.5352068], [1.5254922, 42.5346264], [1.5244944, 42.534378], [1.5250373, 42.5338211], [1.5243479, 42.5330966], [1.5238504, 42.5325337], [1.5231941, 42.5325317], [1.5227438, 42.5333287], [1.5225276, 42.5328135], [1.5219826, 42.5327811], [1.5212329, 42.532931], [1.5210483, 42.5319817], [1.5211492, 42.5310267], [1.5213374, 42.530174], [1.521998, 42.529385], [1.5213457, 42.5286561], [1.5208894, 42.5277626], [1.5206761, 42.526804], [1.5207625, 42.5257429], [1.5206595, 42.526422], [1.5206208, 42.527454], [1.5206882, 42.5264018], [1.5207541, 42.5253393], [1.5208078, 42.5243283], [1.5214488, 42.5234818], [1.5218972, 42.5225303], [1.5226227, 42.5217766], [1.5233687, 42.5210446], [1.5237184, 42.520039], [1.5237446, 42.5202271], [1.5233886, 42.5210016], [1.523782, 42.5200124], [1.5241755, 42.5190232], [1.5249337, 42.5183795], [1.5257139, 42.5176601], [1.5265697, 42.5170889], [1.5274868, 42.5166105], [1.5284649, 42.5162079], [1.5291796, 42.5154306], [1.5299186, 42.5146941], [1.5302889, 42.5138667], [1.530575, 42.5128688], [1.5309102, 42.511953], [1.5299743, 42.5115062], [1.529543, 42.5107407], [1.5290742, 42.5098998], [1.5286362, 42.5094985], [1.5293867, 42.5102001], [1.5286142, 42.5094676], [1.5278181, 42.5087638], [1.5268067, 42.5085168], [1.5257754, 42.5082863], [1.5248342, 42.5078986], [1.523783, 42.5077834], [1.5227432, 42.5076409], [1.5222785, 42.5067871], [1.5219614, 42.5068046], [1.521816, 42.5063168], [1.5208384, 42.5059141], [1.5217143, 42.5062384], [1.5207708, 42.5059243], [1.5197429, 42.5056506], [1.5186972, 42.5054606], [1.5183841, 42.5054308], [1.5173227, 42.5053485], [1.5176394, 42.5053555]], "mood_vectors": [[0.0601, 0.0476, 0.0767, 0.0482, 0.6658, 0.0593, 0.0423], [0.0296, 0.0485, 0.0325, 0.0755, 0.7794, 0.0229, 0.0115], [0.012, 0.0613, 0.0555, 0.0583, 0.7092, 0.0464, 0.0573], [0.0368, 0.0528, 0.0725, 0.0376, 0.6823, 0.0711, 0.0469], [0.0755, 0.045, 0.0324, 0.0264, 0.6878, 0.0284, 0.1045], [0.0415, 0.0285, 0.0352, 0.0273, 0.7931, 0.0518, 0.0227], [0.04, 0.0599, 0.0694, 0.0241, 0.7459, 0.0223, 0.0384], [0.0305, 0.0822, 0.0808, 0.0835, 0.6278, 0.0472, 0.0481], [0.018, 0.087, 0.0971, 0.0663, 0.6756, 0.0263, 0.0297], [0.071, 0.0484, 0.0244, 0.0282, 0.6948, 0.0599, 0.0733], [0.0591, 0.047, 0.0753, 0.0518, 0.6724, 0.0274, 0.0669], [0.0442, 0.0631, 0.0509, 0.0322, 0.7782, 0.0163, 0.0151], [0.0701, 0.035, 0.0708, 0.0305, 0.7525, 0.0151, 0.0259], [0.033, 0.0609, 0.022, 0.0536, 0.7095, 0.079, 0.042], [0.024, 0.0753, 0.062, 0.0758, 0.6881, 0.0236, 0.0511], [0.0376, 0.0226, 0.0813, 0.0654, 0.7187, 0.0439, 0.0305], [0.0775, 0.0612, 0.0349, 0.0551, 0.6903, 0.0303, 0.0507], [0.0569, 0.0631, 0.0218, 0.0331, 0.7373, 0.0654, 0.0223], [0.0371, 0.031, 0.0748, 0.0561, 0.6928, 0.0754, 0.0327], [0.0472, 0.0808, 0.07, 0.0673, 0.6281, 0.0315, 0.0751], [0.0162, 0.0514, 0.0823, 0.0766, 0.6704, 0.0246, 0.0785], [0.0756, 0.0622, 0.0595, 0.0172, 0.664, 0.0682, 0.0533], [0.0847, 0.0358, 0.052, 0.0702, 0.6543, 0.07, 0.033], [0.0471, 0.0596, 0.0553, 0.0814, 0.6673, 0.0467, 0.0426], [0.0365, 0.0638, 0.0814, 0.0902, 0.6877, 0.0236, 0.0167], [0.0374, 0.0692, 0.0325, 0.0722, 0.6822, 0.0669, 0.0397], [0.0719, 0.0256, 0.0378, 0.0507, 0.7167, 0.0399, 0.0575], [0.0292, 0.0488, 0.0437, 0.0132, 0.7322, 0.0698, 0.0631], [0.0665, 0.0894, 0.0187, 0.0554, 0.647, 0.0593, 0.0637], [0.0139, 0.0558, 0.0853, 0.0255, 0.7177, 0.0564, 0.0453], [0.0649, 0.0706, 0.0522, 0.0226, 0.6703, 0.0541, 0.0652], [0.0709, 0.0381, 0.0433, 0.0813, 0.7003, 0.0345, 0.0316], [0.0384, 0.0239, 0.0552, 0.054, 0.7186, 0.0428, 0.0672], [0.0351, 0.0387, 0.0155, 0.0788, 0.7536, 0.0603, 0.0179], [0.02, 0.0911, 0.0883, 0.0276, 0.6657, 0.0265, 0.0807], [0.0558, 0.0525, 0.043, 0.0481, 0.7093, 0.0219, 0.0694], [0.066, 0.0742, 0.0826, 0.0453, 0.6428, 0.0647, 0.0243], [0.0251, 0.0189, 0.0155, 0.0175, 0.8292, 0.0662, 0.0276], [0.0161, 0.0787, 0.0514, 0.0387, 0.6524, 0.0759, 0.0867], [0.0707, 0.0217, 0.0478, 0.0671, 0.6617, 0.0386, 0.0923], [0.0868, 0.065, 0.0339, 0.0577, 0.6379, 0.0173, 0.1014], [0.0698, 0.0584, 0.0549, 0.0679, 0.6768, 0.0311, 0.0411], [0.0339, 0.0775, 0.0478, 0.0371, 0.7468, 0.0294, 0.0276], [0.1086, 0.019, 0.0595, 0.0783, 0.6941, 0.0168, 0.0237], [0.0371, 0.0896, 0.0843, 0.0701, 0.6385, 0.0196, 0.0609], [0.058, 0.0316, 0.0183, 0.0257, 0.7169, 0.117, 0.0325], [0.0711, 0.0306, 0.0411, 0.072, 0.6818, 0.0264, 0.077], [0.0684, 0.0276, 0.0535, 0.0395, 0.7113, 0.0509, 0.0487], [0.0488, 0.0479, 0.0584, 0.0378, 0.6788, 0.0631, 0.0651], [0.0533, 0.0524, 0.0553, 0.0133, 0.7068, 0.053, 0.0658], [0.0239, 0.0642, 0.0666, 0.0716, 0.6719, 0.0581, 0.0437], [0.0385, 0.0171, 0.0626, 0.0298, 0.7535, 0.0539, 0.0446], [0.0211, 0.0501, 0.0312, 0.0414, 0.7164, 0.0913, 0.0484], [0.0859, 0.0233, 0.0618, 0.0186, 0.7539, 0.0139, 0.0425], [0.0155, 0.0417, 0.0289, 0.0938, 0.6932, 0.0986, 0.0283], [0.0802, 0.091, 0.0675, 0.0659, 0.6015, 0.0713, 0.0226], [0.0409, 0.0352, 0.0447, 0.0913, 0.7205, 0.0372, 0.0303], [0.0444, 0.0832, 0.0366, 0.0212, 0.6551, 0.0804, 0.079], [0.0285, 0.059, 0.075, 0.0365, 0.7311, 0.0316, 0.0383], [0.0908, 0.064, 0.092, 0.0544, 0.6305, 0.0247, 0.0436], [0.0179, 0.0274, 0.0331, 0.0383, 0.734, 0.0603, 0.0889], [0.0763, 0.053, 0.0508, 0.0706, 0.6174, 0.0667, 0.0653], [0.0472, 0.0377, 0.0209, 0.0318, 0.7169, 0.08, 0.0654], [0.0834, 0.0637, 0.0542, 0.0468, 0.6766, 0.0527, 0.0227], [0.0562, 0.0183, 0.0717, 0.0482, 0.7703, 0.0118, 0.0236], [0.0738, 0.0343, 0.0388, 0.066, 0.7034, 0.0311, 0.0526], [0.0454, 0.052, 0.0398, 0.0507, 0.686, 0.0624, 0.0637], [0.0541, 0.0127, 0.0748, 0.0447, 0.6895, 0.0505, 0.0737], [0.073, 0.0186, 0.0465, 0.0623, 0.6952, 0.0424, 0.062], [0.0305, 0.0903, 0.0991, 0.0596, 0.6476, 0.0207, 0.0522], [0.0325, 0.0363, 0.0508, 0.0383, 0.6881, 0.069, 0.085], [0.0882, 0.0781, 0.0358, 0.0657, 0.6654, 0.0382, 0.0286], [0.0481, 0.0205, 0.0233, 0.0693, 0.7456, 0.0338, 0.0594], [0.0408, 0.0446, 0.0572, 0.0432, 0.7217, 0.0404, 0.0522], [0.0597, 0.03, 0.0144, 0.044, 0.7229, 0.0588, 0.0701], [0.0664, 0.0172, 0.0702, 0.0708, 0.6665, 0.0619, 0.0469], [0.0506, 0.09, 0.0174, 0.0777, 0.6471, 0.0709, 0.0463], [0.0568, 0.0777, 0.0316, 0.0311, 0.6934, 0.0871, 0.0222], [0.0307, 0.0588, 0.047, 0.0317, 0.7857, 0.0118, 0.0344], [0.0633, 0.031, 0.0388, 0.06, 0.736, 0.0322, 0.0389]], "emotions": ["red", "red", "red", "red", "red", "red", "red", "red", "red", "red", "red", "red", "red", "red", "red", "red", "red", "red", "red", "red", "red", "red", "red", "red", "red", "red", "red", "red", "red", "red", "red", "red", "red", "red", "red", "red", "red", "red", "red", "red", "red", "red", "red", "red", "red", "red", "red", "red", "red", "red", "red", "red", "red", "red", "red", "red", "red", "red", "red", "red", "red", "red", "red", "red", "red", "red", "red", "red", "red", "red", "red", "red", "red", "red", "red", "red", "red", "red", "red", "red"], "timestamps": [0, 40, 80, 120, 160, 200, 240, 280, 320, 360, 400, 440, 480, 520, 560, 600, 640, 680, 720, 760, 800, 840, 880, 920, 960, 1000, 1040, 1080, 1120, 1160, 1200, 1240, 1280, 1320, 1360, 1400, 1440, 1480, 1520, 1560, 1600, 1640, 1680, 1720, 1760, 1800, 1840, 1880, 1920, 1960, 2000, 2040, 2080, 2120, 2160, 2200, 2240, 2280, 2320, 2360, 2400, 2440, 2480, 2520, 2560, 2600, 2640, 2680, 2720, 2760, 2800, 2840, 2880, 2920, 2960, 3000, 3040, 3080, 3120, 3160]}], "conversation": [], "conversation_timestamps": []}