{"agent_id": "agent-green-62", "type": "green", "trips": [{"trip_id": 0, "transport_method": "car", "start_time": 0, "path": [[1.5433395, 42.5136007], [1.5424896, 42.5134948], [1.5417266, 42.513103], [1.5416087, 42.5126464], [1.5423976, 42.5123739], [1.5427366, 42.511646], [1.5420676, 42.5111786], [1.5420384, 42.5103208], [1.5423171, 42.5098811], [1.5427786, 42.5095999], [1.543589, 42.5096207], [1.5442964, 42.5098695], [1.5451834, 42.5100634], [1.5457439, 42.5107382], [1.546482, 42.5112681], [1.5473612, 42.5115259], [1.5482619, 42.5117142], [1.5491508, 42.5119501], [1.5496393, 42.5118188], [1.5502335, 42.5120646], [1.5501147, 42.5120213], [1.5509054, 42.5124756], [1.5516082, 42.5130695], [1.5509669, 42.5125276], [1.5516983, 42.513086], [1.5524743, 42.5135664], [1.5526036, 42.5137406], [1.5527023, 42.5146242], [1.5531243, 42.5154228], [1.5534791, 42.516262], [1.5538944, 42.5170753], [1.5545518, 42.5177099], [1.555336, 42.5181767], [1.5560939, 42.5185598], [1.5566734, 42.5192667], [1.5572625, 42.5199155], [1.5579082, 42.5205709], [1.5585818, 42.5211975], [1.559287, 42.5217883], [1.5596398, 42.5219568], [1.559804, 42.5221832], [1.5606043, 42.5226231], [1.5613557, 42.5231544], [1.5620337, 42.5237719], [1.5626484, 42.5244512], [1.5634956, 42.524797], [1.5643148, 42.5251887], [1.5652034, 42.5253864], [1.5660431, 42.5257604], [1.5668006, 42.5262778], [1.5675247, 42.5268457], [1.5683235, 42.5272946], [1.5690856, 42.5277953], [1.5698813, 42.528251], [1.5706501, 42.5287565], [1.5713282, 42.5293709], [1.572046, 42.5299371], [1.5725797, 42.5306837], [1.5731924, 42.5313692], [1.5738543, 42.5320049], [1.5746452, 42.5323403], [1.5755389, 42.5325439], [1.576423, 42.5327169], [1.577335, 42.5328392], [1.5782409, 42.5329832], [1.5791142, 42.5332345], [1.5799801, 42.5335402], [1.5806433, 42.5341069], [1.5811801, 42.5348536], [1.5817471, 42.5355395], [1.5823288, 42.5361348], [1.5821986, 42.5367701], [1.5828191, 42.5374496], [1.5834831, 42.537992], [1.5841071, 42.538329], [1.5850062, 42.5384797], [1.5857988, 42.5388657], [1.5865736, 42.5389964], [1.5864213, 42.5388501], [1.5870967, 42.5391303]], "mood_vectors": [[0.0526, 0.0117, 0.0562, 0.0441, 0.0513, 0.0177, 0.7665], [0.057, 0.0248, 0.0529, 0.0324, 0.0342, 0.0706, 0.7281], [0.0363, 0.0346, 0.0402, 0.0207, 0.0964, 0.0799, 0.6919], [0.0672, 0.0252, 0.0729, 0.0267, 0.0326, 0.0537, 0.7217], [0.0459, 0.0618, 0.0704, 0.0666, 0.0511, 0.0591, 0.6451], [0.0866, 0.028, 0.0286, 0.0696, 0.0832, 0.0303, 0.6737], [0.0773, 0.046, 0.033, 0.0291, 0.045, 0.0489, 0.7206], [0.0622, 0.0483, 0.0507, 0.0416, 0.0151, 0.0149, 0.7672], [0.0138, 0.042, 0.0219, 0.0617, 0.026, 0.0422, 0.7925], [0.0745, 0.0748, 0.0264, 0.0425, 0.0444, 0.0122, 0.7253], [0.0164, 0.0676, 0.0154, 0.0508, 0.087, 0.0679, 0.695], [0.08, 0.0488, 0.0608, 0.0242, 0.0833, 0.0262, 0.6767], [0.0706, 0.0392, 0.0685, 0.0689, 0.0329, 0.0313, 0.6886], [0.0504, 0.0563, 0.0769, 0.0724, 0.0415, 0.0593, 0.6431], [0.0417, 0.0231, 0.0568, 0.0197, 0.0715, 0.0382, 0.7489], [0.0402, 0.0542, 0.0377, 0.0852, 0.0594, 0.0759, 0.6474], [0.0627, 0.0698, 0.0278, 0.0287, 0.0884, 0.0474, 0.6751], [0.0696, 0.0275, 0.0338, 0.048, 0.0771, 0.0759, 0.6681], [0.0286, 0.0691, 0.0577, 0.0238, 0.0306, 0.0205, 0.7698], [0.0424, 0.0376, 0.0528, 0.0597, 0.0333, 0.0626, 0.7114], [0.0654, 0.0398, 0.0591, 0.0327, 0.0507, 0.0701, 0.6822], [0.0178, 0.066, 0.0476, 0.0212, 0.0701, 0.0402, 0.7371], [0.0805, 0.0872, 0.0283, 0.0678, 0.048, 0.0561, 0.6321], [0.0746, 0.0807, 0.0326, 0.0726, 0.0397, 0.0255, 0.6744], [0.0636, 0.0396, 0.0209, 0.0747, 0.0421, 0.0683, 0.691], [0.0474, 0.0738, 0.0139, 0.0354, 0.0554, 0.0647, 0.7094], [0.0311, 0.0577, 0.0726, 0.0719, 0.0566, 0.0544, 0.6556], [0.0666, 0.0896, 0.073, 0.0645, 0.027, 0.0338, 0.6455], [0.0833, 0.082, 0.065, 0.0226, 0.0485, 0.0815, 0.617], [0.0902, 0.0349, 0.071, 0.0614, 0.0152, 0.0541, 0.6731], [0.0582, 0.0424, 0.0668, 0.0234, 0.0162, 0.0294, 0.7636], [0.0215, 0.0134, 0.0377, 0.0197, 0.0321, 0.0656, 0.81], [0.0221, 0.052, 0.0515, 0.0567, 0.0492, 0.016, 0.7526], [0.0689, 0.0313, 0.0906, 0.073, 0.0131, 0.0275, 0.6956], [0.0365, 0.0316, 0.036, 0.0678, 0.0679, 0.0673, 0.6929], [0.0902, 0.0767, 0.0649, 0.0553, 0.0981, 0.0215, 0.5934], [0.0536, 0.061, 0.0749, 0.0756, 0.0249, 0.032, 0.678], [0.092, 0.0821, 0.0312, 0.0422, 0.0577, 0.0168, 0.6779], [0.04, 0.0739, 0.0286, 0.0742, 0.0465, 0.0741, 0.6626], [0.0601, 0.0663, 0.0211, 0.0486, 0.0712, 0.0558, 0.6767], [0.0446, 0.0569, 0.0175, 0.0567, 0.0623, 0.0212, 0.7407], [0.0921, 0.0195, 0.0507, 0.0506, 0.0199, 0.0539, 0.7133], [0.0535, 0.0314, 0.0206, 0.0593, 0.0533, 0.0735, 0.7084], [0.0605, 0.0195, 0.0533, 0.0325, 0.0438, 0.0528, 0.7376], [0.061, 0.0373, 0.05, 0.0201, 0.0269, 0.0657, 0.739], [0.0436, 0.0589, 0.0454, 0.0307, 0.0408, 0.0652, 0.7154], [0.023, 0.0679, 0.0447, 0.0567, 0.0829, 0.0653, 0.6594], [0.0293, 0.0982, 0.0926, 0.0302, 0.0735, 0.0152, 0.6611], [0.0622, 0.0164, 0.0347, 0.0463, 0.0353, 0.0816, 0.7235], [0.0236, 0.0608, 0.0726, 0.0361, 0.0671, 0.0585, 0.6813], [0.0386, 0.0655, 0.0484, 0.0164, 0.013, 0.0229, 0.7953], [0.0689, 0.0429, 0.0829, 0.0607, 0.0749, 0.0733, 0.5964], [0.0178, 0.0691, 0.016, 0.0321, 0.0581, 0.0598, 0.7471], [0.0384, 0.0524, 0.0573, 0.0452, 0.0502, 0.0685, 0.688], [0.0685, 0.0468, 0.0598, 0.0212, 0.0359, 0.0857, 0.682], [0.0736, 0.0524, 0.0324, 0.062, 0.0309, 0.0295, 0.7193], [0.0502, 0.0349, 0.0543, 0.0274, 0.0297, 0.0227, 0.7808], [0.0748, 0.0558, 0.0734, 0.0506, 0.0547, 0.0385, 0.6521], [0.0156, 0.0556, 0.0967, 0.0936, 0.018, 0.0491, 0.6713], [0.0888, 0.0361, 0.0808, 0.0469, 0.0634, 0.0817, 0.6023], [0.0721, 0.0663, 0.078, 0.0346, 0.0885, 0.0448, 0.6156], [0.0859, 0.0385, 0.0519, 0.0867, 0.0546, 0.0338, 0.6487], [0.0693, 0.0554, 0.0724, 0.0972, 0.0416, 0.0554, 0.6085], [0.0301, 0.0276, 0.0403, 0.0691, 0.052, 0.0439, 0.7371], [0.0578, 0.0257, 0.0238, 0.0355, 0.035, 0.0817, 0.7405], [0.0231, 0.0379, 0.0981, 0.0444, 0.0583, 0.0328, 0.7054], [0.0509, 0.0172, 0.0209, 0.0708, 0.0393, 0.0261, 0.7748], [0.0726, 0.0385, 0.058, 0.0546, 0.0404, 0.0441, 0.6918], [0.0289, 0.0586, 0.0349, 0.0719, 0.0459, 0.0468, 0.7131], [0.0555, 0.0274, 0.0321, 0.063, 0.0223, 0.0378, 0.7619], [0.0489, 0.0602, 0.0534, 0.0342, 0.0726, 0.024, 0.7066], [0.0902, 0.0763, 0.0326, 0.0841, 0.0291, 0.0414, 0.6462], [0.0587, 0.0252, 0.0432, 0.0296, 0.0432, 0.0753, 0.7248], [0.0274, 0.0591, 0.0179, 0.0254, 0.0352, 0.0621, 0.7729], [0.0355, 0.0435, 0.0518, 0.0474, 0.0759, 0.039, 0.7068], [0.0719, 0.0346, 0.0346, 0.0484, 0.0818, 0.0331, 0.6956], [0.0371, 0.052, 0.0684, 0.0264, 0.0441, 0.043, 0.7291], [0.025, 0.0257, 0.0649, 0.0446, 0.0673, 0.0753, 0.6971], [0.0663, 0.0716, 0.057, 0.035, 0.0442, 0.0342, 0.6919], [0.0224, 0.023, 0.0273, 0.0646, 0.0185, 0.0426, 0.8016]], "emotions": ["purple", "purple", "purple", "purple", "purple", "purple", "purple", "purple", "purple", "purple", "purple", "purple", "purple", "purple", "purple", "purple", "purple", "purple", "purple", "purple", "purple", "purple", "purple", "purple", "purple", "purple", "purple", "purple", "purple", "purple", "purple", "purple", "purple", "purple", "purple", "purple", "purple", "purple", "purple", "purple", "purple", "purple", "purple", "purple", "purple", "purple", "purple", "purple", "purple", "purple", "purple", "purple", "purple", "purple", "purple", "purple", "purple", "purple", "purple", "purple", "purple", "purple", "purple", "purple", "purple", "purple", "purple", "purple", "purple", "purple", "purple", "purple", "purple", "purple", "purple", "purple", "purple", "purple", "purple", "purple"], "timestamps": [0, 40, 80, 120, 160, 200, 240, 280, 320, 360, 400, 440, 480, 520, 560, 600, 640, 680, 720, 760, 800, 840, 880, 920, 960, 1000, 1040, 1080, 1120, 1160, 1200, 1240, 1280, 1320, 1360, 1400, 1440, 1480, 1520, 1560, 1600, 1640, 1680, 1720, 1760, 1800, 1840, 1880, 1920, 1960, 2000, 2040, 2080, 2120, 2160, 2200, 2240, 2280, 2320, 2360, 2400, 2440, 2480, 2520, 2560, 2600, 2640, 2680, 2720, 2760, 2800, 2840, 2880, 2920, 2960, 3000, 3040, 3080, 3120, 3160]}], "conversation": [], "conversation_timestamps": []}