{"agent_id": "agent-blue-1145", "type": "blue", "trips": [{"trip_id": 0, "transport_method": "bus", "start_time": 0, "path": [[1.5295423, 42.5092034], [1.5330632, 42.5099982], [1.5373126, 42.510023], [1.5412594, 42.5091692], [1.544685, 42.509316], [1.5463376, 42.5105187], [1.5497335, 42.511862], [1.5510616, 42.5125999], [1.5530387, 42.5153091], [1.5558043, 42.518278], [1.5587713, 42.5213672], [1.5613498, 42.5231502], [1.5649489, 42.5253], [1.5686739, 42.527465], [1.5723049, 42.5293492], [1.5756251, 42.5314794], [1.5775371, 42.5317549], [1.5815513, 42.5317059], [1.5852979, 42.5334939], [1.5888219, 42.5354861], [1.5929058, 42.5361532], [1.5966335, 42.5361154], [1.6009067, 42.5368087], [1.6051841, 42.5372356], [1.6090672, 42.5360654], [1.6133131, 42.5365427], [1.6175537, 42.5370765], [1.6171369, 42.5359497], [1.6186475, 42.5358182], [1.6229387, 42.5352494], [1.6266302, 42.5365506], [1.6253225, 42.5381777], [1.6262041, 42.538335], [1.6279322, 42.5387221], [1.6321977, 42.5391315], [1.6364257, 42.5395951], [1.6404746, 42.5407034], [1.6444222, 42.5415701], [1.6483941, 42.5420182], [1.6522226, 42.542404], [1.6562507, 42.5411659], [1.6595052, 42.5402177], [1.6563796, 42.5411231], [1.6605346, 42.5398724], [1.6647086, 42.5392669], [1.6690476, 42.5392251], [1.6701444, 42.5394247], [1.665839, 42.5393014], [1.663178, 42.5369815], [1.6630043, 42.5392648], [1.6673424, 42.5391656], [1.6716804, 42.5390664], [1.6739101, 42.5379668], [1.6779182, 42.5394251], [1.6817621, 42.5413759], [1.6837153, 42.5441536], [1.6832412, 42.547575], [1.6811193, 42.5503206], [1.6801819, 42.5529191], [1.6838257, 42.5542096], [1.6871517, 42.555995], [1.6874481, 42.5577746], [1.6892368, 42.556994], [1.6908162, 42.5551421], [1.6940962, 42.5523349], [1.6969585, 42.5490984], [1.7000683, 42.5461721], [1.7040004, 42.5446206], [1.7083252, 42.5442704], [1.7126578, 42.5440419], [1.7169954, 42.5439269], [1.7213322, 42.5437797], [1.7256666, 42.5438826], [1.7298443, 42.5449915], [1.7336214, 42.5471173], [1.7340401, 42.546046], [1.7344902, 42.5443946], [1.7336177, 42.5408838], [1.7307166, 42.5382249], [1.7271206, 42.5369102]], "mood_vectors": [[0.062, 0.071, 0.0394, 0.6694, 0.0544, 0.0789, 0.0248], [0.0634, 0.0868, 0.0731, 0.6546, 0.0264, 0.0512, 0.0445], [0.076, 0.0656, 0.0204, 0.6439, 0.0961, 0.0495, 0.0485], [0.0844, 0.0567, 0.016, 0.6974, 0.0237, 0.0778, 0.044], [0.0346, 0.0755, 0.0326, 0.7328, 0.0554, 0.0159, 0.0532], [0.0493, 0.0466, 0.0394, 0.7308, 0.0165, 0.0743, 0.0431], [0.061, 0.0561, 0.043, 0.6404, 0.0575, 0.0669, 0.0751], [0.0662, 0.0418, 0.0676, 0.6577, 0.0392, 0.0763, 0.0511], [0.0323, 0.0132, 0.0624, 0.7294, 0.0559, 0.0526, 0.0542], [0.0366, 0.0267, 0.064, 0.7069, 0.0672, 0.0655, 0.033], [0.0679, 0.0724, 0.0644, 0.6563, 0.0319, 0.055, 0.052], [0.0638, 0.0423, 0.0486, 0.6928, 0.065, 0.0643, 0.0231], [0.0136, 0.0487, 0.0327, 0.7654, 0.0653, 0.0345, 0.0399], [0.054, 0.0208, 0.0501, 0.7122, 0.0728, 0.0479, 0.0421], [0.0437, 0.0173, 0.0262, 0.8185, 0.0547, 0.0246, 0.015], [0.0422, 0.0434, 0.0708, 0.6891, 0.0504, 0.0693, 0.0348], [0.0294, 0.0127, 0.0442, 0.7372, 0.0286, 0.0729, 0.075], [0.0851, 0.0556, 0.0203, 0.6681, 0.068, 0.0845, 0.0185], [0.0395, 0.0146, 0.0668, 0.6976, 0.0581, 0.0809, 0.0425], [0.0653, 0.0856, 0.02, 0.6875, 0.0854, 0.0152, 0.041], [0.019, 0.0663, 0.0765, 0.74, 0.041, 0.0319, 0.0253], [0.0625, 0.0355, 0.041, 0.7173, 0.0608, 0.0537, 0.0293], [0.0352, 0.0329, 0.0231, 0.7979, 0.0511, 0.0198, 0.0399], [0.0579, 0.0671, 0.0414, 0.6608, 0.0553, 0.0571, 0.0605], [0.052, 0.0702, 0.02, 0.6582, 0.0799, 0.0915, 0.0283], [0.0422, 0.0479, 0.0261, 0.7417, 0.0412, 0.0241, 0.0768], [0.0728, 0.0621, 0.0681, 0.6838, 0.055, 0.0302, 0.0281], [0.0629, 0.0337, 0.0728, 0.7154, 0.0113, 0.0661, 0.0379], [0.0179, 0.0173, 0.0934, 0.6618, 0.06, 0.069, 0.0805], [0.055, 0.0707, 0.0632, 0.6822, 0.0589, 0.0312, 0.0387], [0.1044, 0.0648, 0.0356, 0.7097, 0.023, 0.0305, 0.0319], [0.037, 0.0495, 0.0197, 0.7453, 0.0522, 0.0239, 0.0724], [0.0571, 0.017, 0.0823, 0.7142, 0.0857, 0.0231, 0.0207], [0.0693, 0.0663, 0.0808, 0.6534, 0.0422, 0.0707, 0.0172], [0.0411, 0.0306, 0.037, 0.7145, 0.0492, 0.0656, 0.062], [0.0592, 0.0786, 0.0265, 0.6862, 0.0678, 0.0303, 0.0515], [0.0177, 0.0403, 0.0294, 0.7468, 0.0853, 0.0359, 0.0446], [0.0506, 0.0657, 0.0218, 0.7266, 0.0601, 0.0506, 0.0246], [0.0683, 0.0245, 0.0252, 0.7585, 0.0382, 0.0544, 0.0309], [0.0201, 0.0206, 0.0782, 0.6959, 0.083, 0.0853, 0.0168], [0.0766, 0.0371, 0.0402, 0.6749, 0.0647, 0.0622, 0.0443], [0.049, 0.0195, 0.0285, 0.7673, 0.0757, 0.0269, 0.0332], [0.0657, 0.0414, 0.0331, 0.7045, 0.0176, 0.0738, 0.0639], [0.0175, 0.0983, 0.0663, 0.6758, 0.0262, 0.0639, 0.0519], [0.0245, 0.0566, 0.0503, 0.7124, 0.029, 0.0533, 0.0739], [0.0405, 0.0184, 0.0445, 0.6836, 0.095, 0.0717, 0.0463], [0.0241, 0.0197, 0.0441, 0.7783, 0.0405, 0.0297, 0.0635], [0.0416, 0.0538, 0.0359, 0.7045, 0.0273, 0.0535, 0.0834], [0.0523, 0.0294, 0.0728, 0.7533, 0.0279, 0.0512, 0.0131], [0.0153, 0.0205, 0.0165, 0.7385, 0.0151, 0.0992, 0.0948], [0.0348, 0.0575, 0.017, 0.7113, 0.0511, 0.067, 0.0611], [0.0658, 0.0665, 0.0261, 0.7074, 0.0301, 0.079, 0.0252], [0.0754, 0.0569, 0.0298, 0.7265, 0.0458, 0.0406, 0.025], [0.0458, 0.0206, 0.0443, 0.726, 0.0564, 0.0313, 0.0755], [0.0906, 0.0462, 0.015, 0.6848, 0.0571, 0.0507, 0.0556], [0.0201, 0.0248, 0.0364, 0.7185, 0.0816, 0.0496, 0.0691], [0.0283, 0.0333, 0.0348, 0.7015, 0.0375, 0.0824, 0.0821], [0.0624, 0.0133, 0.0477, 0.7219, 0.0601, 0.0227, 0.0718], [0.0532, 0.0411, 0.0244, 0.7712, 0.0172, 0.0767, 0.0162], [0.062, 0.0554, 0.0475, 0.6926, 0.065, 0.0184, 0.0591], [0.0654, 0.0292, 0.0354, 0.7311, 0.0369, 0.0703, 0.0318], [0.0197, 0.0383, 0.0469, 0.7433, 0.0612, 0.0514, 0.0391], [0.0145, 0.0899, 0.0805, 0.6465, 0.0756, 0.0568, 0.0362], [0.0224, 0.0245, 0.0178, 0.7259, 0.0749, 0.0769, 0.0576], [0.066, 0.0271, 0.093, 0.6867, 0.0266, 0.0173, 0.0833], [0.0665, 0.0736, 0.0598, 0.6988, 0.0226, 0.0447, 0.034], [0.0775, 0.0723, 0.0626, 0.6154, 0.0659, 0.0659, 0.0404], [0.0868, 0.0639, 0.0816, 0.6755, 0.0179, 0.0236, 0.0506], [0.0441, 0.0811, 0.0214, 0.7041, 0.015, 0.0409, 0.0934], [0.0297, 0.0254, 0.0236, 0.7229, 0.072, 0.0818, 0.0446], [0.0321, 0.0684, 0.0858, 0.649, 0.0663, 0.0407, 0.0577], [0.0277, 0.0836, 0.0203, 0.7756, 0.0408, 0.0284, 0.0237], [0.0634, 0.0297, 0.0615, 0.7006, 0.0153, 0.0854, 0.0441], [0.0694, 0.0623, 0.0218, 0.6706, 0.0746, 0.0475, 0.0538], [0.0581, 0.042, 0.0794, 0.6625, 0.0686, 0.0658, 0.0234], [0.0639, 0.0777, 0.0578, 0.6498, 0.0237, 0.0793, 0.0479], [0.042, 0.0698, 0.0308, 0.7292, 0.021, 0.036, 0.0713], [0.0594, 0.0399, 0.06, 0.7602, 0.0425, 0.0203, 0.0178], [0.0384, 0.0265, 0.0585, 0.7757, 0.0145, 0.0648, 0.0215], [0.0524, 0.0346, 0.0678, 0.7591, 0.0236, 0.0503, 0.0122]], "emotions": ["green", "green", "green", "green", "green", "green", "green", "green", "green", "green", "green", "green", "green", "green", "green", "green", "green", "green", "green", "green", "green", "green", "green", "green", "green", "green", "green", "green", "green", "green", "green", "green", "green", "green", "green", "green", "green", "green", "green", "green", "green", "green", "green", "green", "green", "green", "green", "green", "green", "green", "green", "green", "green", "green", "green", "green", "green", "green", "green", "green", "green", "green", "green", "green", "green", "green", "green", "green", "green", "green", "green", "green", "green", "green", "green", "green", "green", "green", "green", "green"], "timestamps": [0, 40, 80, 120, 160, 200, 240, 280, 320, 360, 400, 440, 480, 520, 560, 600, 640, 680, 720, 760, 800, 840, 880, 920, 960, 1000, 1040, 1080, 1120, 1160, 1200, 1240, 1280, 1320, 1360, 1400, 1440, 1480, 1520, 1560, 1600, 1640, 1680, 1720, 1760, 1800, 1840, 1880, 1920, 1960, 2000, 2040, 2080, 2120, 2160, 2200, 2240, 2280, 2320, 2360, 2400, 2440, 2480, 2520, 2560, 2600, 2640, 2680, 2720, 2760, 2800, 2840, 2880, 2920, 2960, 3000, 3040, 3080, 3120, 3160]}], "conversation": [], "conversation_timestamps": []}