{"agent_id": "agent-purple-1159", "type": "purple", "trips": [{"trip_id": 0, "transport_method": "bus", "start_time": 0, "path": [[1.582337, 42.5361508], [1.5820323, 42.5364132], [1.5817468, 42.5362813], [1.5814702, 42.535987], [1.5814421, 42.535957], [1.5817186, 42.5362513], [1.581881, 42.5364427], [1.58156, 42.5361977], [1.5812389, 42.5359527], [1.5809179, 42.5357077], [1.5805879, 42.5354755], [1.5802407, 42.5352693], [1.5798625, 42.5351283], [1.5794832, 42.5349897], [1.5792438, 42.5346867], [1.5791425, 42.5343049], [1.5788854, 42.5340416], [1.578488, 42.5340855], [1.5780941, 42.5341748], [1.5777183, 42.5343147], [1.5773586, 42.5344668], [1.5769582, 42.5344461], [1.5765662, 42.5343605], [1.5761743, 42.5342637], [1.57579, 42.5341429], [1.5753971, 42.5340497], [1.5750041, 42.5339567], [1.5746054, 42.533896], [1.5742042, 42.5338495], [1.5738275, 42.5337246], [1.5734563, 42.5335982], [1.5731293, 42.5334361], [1.5728572, 42.533264], [1.5729247, 42.5333248], [1.5725778, 42.533118], [1.572231, 42.5329111], [1.5718841, 42.5327043], [1.5715372, 42.5324975], [1.5718764, 42.5326872], [1.5722415, 42.5328576], [1.5726099, 42.5330143], [1.5724864, 42.5330152], [1.5721072, 42.5328762], [1.5717281, 42.5327371], [1.5713489, 42.532598], [1.5710892, 42.5324632], [1.5713714, 42.5324551], [1.5709811, 42.532559], [1.5706147, 42.5326738], [1.5704801, 42.5323329], [1.5703702, 42.531991], [1.569988, 42.5318718], [1.5696156, 42.5317456], [1.5692719, 42.5315418], [1.5689329, 42.5313276], [1.5685452, 42.5312227], [1.568142, 42.5312077], [1.5677424, 42.531182], [1.5673482, 42.5311516], [1.5669731, 42.5312596], [1.5666619, 42.5314865], [1.5662826, 42.5316191], [1.565926, 42.5318085], [1.5655687, 42.5319968], [1.5652121, 42.532137], [1.5648746, 42.5323391], [1.5644967, 42.5323458], [1.5642501, 42.5323155], [1.5640686, 42.5323464], [1.5642067, 42.5320072], [1.5639106, 42.5322819], [1.5637269, 42.5326254], [1.5635828, 42.5329441], [1.5639558, 42.5330174], [1.5643551, 42.5329637], [1.5647585, 42.5329789], [1.5651269, 42.5331315], [1.565484, 42.5332934], [1.5655978, 42.5330158], [1.5653453, 42.532702]], "mood_vectors": [[0.0251, 0.0548, 0.0699, 0.0711, 0.0598, 0.674, 0.0454], [0.0139, 0.0555, 0.0659, 0.0651, 0.0135, 0.7469, 0.0391], [0.0257, 0.0633, 0.0313, 0.0513, 0.0677, 0.7196, 0.041], [0.0721, 0.0118, 0.0699, 0.0631, 0.0408, 0.7119, 0.0304], [0.0934, 0.0187, 0.0337, 0.045, 0.0395, 0.7115, 0.0582], [0.0339, 0.0296, 0.0912, 0.0158, 0.0615, 0.7326, 0.0355], [0.0738, 0.0754, 0.0779, 0.0542, 0.0398, 0.6096, 0.0693], [0.0545, 0.0196, 0.0612, 0.0132, 0.0226, 0.7813, 0.0476], [0.0589, 0.085, 0.033, 0.0167, 0.039, 0.7045, 0.063], [0.0377, 0.0814, 0.0731, 0.0449, 0.0632, 0.6113, 0.0884], [0.0264, 0.0709, 0.0485, 0.0286, 0.0587, 0.747, 0.0199], [0.0513, 0.0703, 0.0144, 0.0849, 0.0724, 0.6391, 0.0676], [0.0315, 0.0452, 0.0579, 0.0235, 0.0839, 0.666, 0.092], [0.0714, 0.0263, 0.0394, 0.0273, 0.0482, 0.7624, 0.0251], [0.0544, 0.0685, 0.0196, 0.0311, 0.065, 0.7267, 0.0347], [0.0189, 0.025, 0.0507, 0.0601, 0.0727, 0.6972, 0.0755], [0.0434, 0.0419, 0.061, 0.0575, 0.081, 0.676, 0.0393], [0.0378, 0.0576, 0.0229, 0.0661, 0.0455, 0.7019, 0.0681], [0.0184, 0.0309, 0.0289, 0.0937, 0.044, 0.7029, 0.0812], [0.0133, 0.0136, 0.0432, 0.0797, 0.0549, 0.7241, 0.0714], [0.0346, 0.0367, 0.0274, 0.0801, 0.0737, 0.6737, 0.0737], [0.0803, 0.0308, 0.0572, 0.0236, 0.0397, 0.7254, 0.0431], [0.0428, 0.0742, 0.0649, 0.0659, 0.0677, 0.642, 0.0424], [0.0168, 0.0233, 0.0246, 0.0751, 0.0448, 0.7544, 0.061], [0.0275, 0.0722, 0.0476, 0.0386, 0.0205, 0.732, 0.0615], [0.0566, 0.0534, 0.027, 0.0247, 0.0334, 0.7661, 0.0389], [0.0815, 0.0587, 0.0174, 0.0753, 0.0641, 0.6411, 0.0619], [0.0506, 0.0197, 0.0665, 0.0892, 0.025, 0.6765, 0.0725], [0.0421, 0.0354, 0.0643, 0.0585, 0.0515, 0.7137, 0.0345], [0.0415, 0.0287, 0.0323, 0.08, 0.0271, 0.7357, 0.0547], [0.0647, 0.0469, 0.0659, 0.0141, 0.0645, 0.6752, 0.0688], [0.0626, 0.0819, 0.0875, 0.0468, 0.0387, 0.6446, 0.038], [0.0635, 0.058, 0.0511, 0.0107, 0.0524, 0.6986, 0.0658], [0.0555, 0.0304, 0.0608, 0.0212, 0.0523, 0.712, 0.0679], [0.0255, 0.0606, 0.075, 0.0118, 0.0383, 0.7728, 0.016], [0.0276, 0.0653, 0.0513, 0.0235, 0.0612, 0.7299, 0.0413], [0.0517, 0.0164, 0.0299, 0.065, 0.08, 0.7227, 0.0342], [0.0686, 0.0681, 0.0337, 0.092, 0.0542, 0.6584, 0.0248], [0.0691, 0.0547, 0.0137, 0.0539, 0.066, 0.6822, 0.0603], [0.0687, 0.0698, 0.0298, 0.0396, 0.0748, 0.6638, 0.0533], [0.0659, 0.0729, 0.0333, 0.0374, 0.0479, 0.666, 0.0766], [0.0614, 0.0695, 0.0728, 0.0686, 0.013, 0.6291, 0.0857], [0.0712, 0.0684, 0.0252, 0.0729, 0.0135, 0.6949, 0.0539], [0.0481, 0.0766, 0.0249, 0.0329, 0.0774, 0.6583, 0.0819], [0.0372, 0.0639, 0.0603, 0.0397, 0.0692, 0.6862, 0.0435], [0.0531, 0.0514, 0.024, 0.0853, 0.0313, 0.7155, 0.0394], [0.0253, 0.0553, 0.0553, 0.0509, 0.0681, 0.7077, 0.0373], [0.0444, 0.0669, 0.0124, 0.0697, 0.031, 0.709, 0.0666], [0.0583, 0.0832, 0.0513, 0.0703, 0.0334, 0.6891, 0.0143], [0.0636, 0.0779, 0.0549, 0.0196, 0.074, 0.638, 0.0721], [0.0706, 0.0421, 0.0863, 0.0412, 0.0631, 0.6082, 0.0885], [0.0785, 0.0356, 0.0535, 0.0493, 0.0139, 0.6993, 0.0699], [0.0632, 0.0688, 0.0585, 0.0846, 0.0722, 0.5833, 0.0694], [0.081, 0.0612, 0.0572, 0.0278, 0.0421, 0.6442, 0.0866], [0.073, 0.0507, 0.0689, 0.0421, 0.0249, 0.6845, 0.0558], [0.0371, 0.0658, 0.0593, 0.0562, 0.0474, 0.6939, 0.0403], [0.0701, 0.0582, 0.0141, 0.029, 0.0515, 0.742, 0.0352], [0.014, 0.0312, 0.0486, 0.0715, 0.0464, 0.7717, 0.0166], [0.0733, 0.0219, 0.0213, 0.0697, 0.0611, 0.6881, 0.0646], [0.06, 0.0884, 0.0241, 0.0825, 0.0509, 0.6147, 0.0793], [0.0625, 0.0417, 0.0658, 0.0624, 0.0296, 0.6935, 0.0446], [0.0289, 0.0431, 0.0289, 0.0742, 0.056, 0.7065, 0.0624], [0.0266, 0.0273, 0.0631, 0.0385, 0.0337, 0.7481, 0.0628], [0.0889, 0.0158, 0.0537, 0.0837, 0.0256, 0.6447, 0.0876], [0.0481, 0.079, 0.0457, 0.0144, 0.0245, 0.7346, 0.0536], [0.0385, 0.0623, 0.0433, 0.0607, 0.0319, 0.7361, 0.0271], [0.0696, 0.0591, 0.0802, 0.0636, 0.0505, 0.6424, 0.0346], [0.0499, 0.0553, 0.0179, 0.0234, 0.0708, 0.7292, 0.0535], [0.0446, 0.0789, 0.0741, 0.0476, 0.0674, 0.6368, 0.0505], [0.0863, 0.0353, 0.0707, 0.0371, 0.07, 0.6656, 0.035], [0.0669, 0.047, 0.0378, 0.0679, 0.04, 0.6635, 0.0768], [0.0566, 0.0693, 0.0368, 0.0391, 0.0195, 0.7165, 0.0621], [0.0434, 0.0374, 0.0218, 0.0245, 0.0648, 0.707, 0.1012], [0.0649, 0.0289, 0.0515, 0.0752, 0.0659, 0.6839, 0.0298], [0.0234, 0.0674, 0.0935, 0.0256, 0.0599, 0.6574, 0.0728], [0.0414, 0.0801, 0.0955, 0.0168, 0.0309, 0.652, 0.0834], [0.0237, 0.0455, 0.0218, 0.0484, 0.038, 0.7912, 0.0314], [0.0242, 0.0476, 0.0385, 0.0367, 0.0155, 0.7528, 0.0847], [0.0814, 0.0817, 0.0838, 0.0159, 0.0164, 0.6763, 0.0445], [0.0376, 0.0209, 0.0199, 0.0819, 0.0253, 0.7782, 0.0364]], "emotions": ["purple", "purple", "purple", "purple", "purple", "purple", "purple", "purple", "purple", "purple", "purple", "purple", "purple", "purple", "purple", "purple", "purple", "purple", "purple", "purple", "purple", "purple", "purple", "purple", "purple", "purple", "purple", "purple", "purple", "purple", "purple", "purple", "purple", "purple", "purple", "purple", "purple", "purple", "purple", "purple", "purple", "purple", "purple", "purple", "purple", "purple", "purple", "purple", "purple", "purple", "purple", "purple", "purple", "purple", "purple", "purple", "purple", "purple", "purple", "purple", "purple", "purple", "purple", "purple", "purple", "purple", "purple", "purple", "purple", "purple", "purple", "purple", "purple", "purple", "purple", "purple", "purple", "purple", "purple", "purple"], "timestamps": [0, 40, 80, 120, 160, 200, 240, 280, 320, 360, 400, 440, 480, 520, 560, 600, 640, 680, 720, 760, 800, 840, 880, 920, 960, 1000, 1040, 1080, 1120, 1160, 1200, 1240, 1280, 1320, 1360, 1400, 1440, 1480, 1520, 1560, 1600, 1640, 1680, 1720, 1760, 1800, 1840, 1880, 1920, 1960, 2000, 2040, 2080, 2120, 2160, 2200, 2240, 2280, 2320, 2360, 2400, 2440, 2480, 2520, 2560, 2600, 2640, 2680, 2720, 2760, 2800, 2840, 2880, 2920, 2960, 3000, 3040, 3080, 3120, 3160]}], "conversation": [], "conversation_timestamps": []}