{"agent_id": "agent-purple-424", "type": "purple", "trips": [{"trip_id": 0, "transport_method": "bus", "start_time": 0, "path": [[1.5379005, 42.50778], [1.53789, 42.5075222], [1.5377736, 42.5073136], [1.537524, 42.5072524], [1.5372665, 42.5072383], [1.5370148, 42.5072182], [1.5368587, 42.507021], [1.5366236, 42.507014], [1.5363784, 42.5069338], [1.5361279, 42.5068739], [1.5358752, 42.5068219], [1.5356224, 42.50677], [1.5353696, 42.506718], [1.5351168, 42.5066661], [1.534864, 42.5066141], [1.5346117, 42.5065597], [1.5343597, 42.5065309], [1.5341017, 42.5065315], [1.5338483, 42.5064897], [1.5335956, 42.5064375], [1.5333429, 42.5063852], [1.5330902, 42.506333], [1.5328374, 42.5062807], [1.5325852, 42.506227], [1.5323395, 42.5061559], [1.5320841, 42.5061191], [1.5318288, 42.5061215], [1.531589, 42.5060913], [1.5314554, 42.5059961], [1.5316669, 42.506119], [1.531471, 42.5061997], [1.5312198, 42.5062589], [1.5309685, 42.5063181], [1.5307173, 42.5063772], [1.5304661, 42.5064364], [1.5302149, 42.5064956], [1.5299633, 42.5064955], [1.5297114, 42.5064396], [1.5294594, 42.5063838], [1.5292509, 42.5065234], [1.5290462, 42.5066806], [1.5288147, 42.5067867], [1.5285691, 42.5068661], [1.5283594, 42.5070077], [1.5281678, 42.5071805], [1.5279549, 42.5072877], [1.5276983, 42.5072602], [1.5274413, 42.5072372], [1.5271836, 42.507222], [1.5269256, 42.5072253], [1.526668, 42.5072329], [1.5264107, 42.507213], [1.5261534, 42.5071931], [1.5258973, 42.5071616], [1.5256418, 42.5071253], [1.5253863, 42.5070891], [1.5251322, 42.5070482], [1.5249, 42.5069355], [1.5246605, 42.5068628], [1.5244034, 42.5068856], [1.5241491, 42.5068761], [1.5238994, 42.5068107], [1.5236498, 42.5067452], [1.5234002, 42.5066798], [1.5231467, 42.506632], [1.5228925, 42.5065871], [1.5226429, 42.5065235], [1.522396, 42.5064483], [1.5221491, 42.5063731], [1.5219022, 42.506298], [1.5217192, 42.5063426], [1.521644, 42.5065894], [1.5213985, 42.5066268], [1.5212173, 42.5068098], [1.5210294, 42.5069866], [1.5211765, 42.5068559], [1.5213688, 42.5066837], [1.5213656, 42.5066367], [1.5211825, 42.5068183], [1.5210071, 42.5070076]], "mood_vectors": [[0.0483, 0.0547, 0.0509, 0.0942, 0.0419, 0.6748, 0.0352], [0.0221, 0.0651, 0.0117, 0.0587, 0.0234, 0.7448, 0.0741], [0.0277, 0.0544, 0.0397, 0.0425, 0.0198, 0.7722, 0.0436], [0.0166, 0.0266, 0.0563, 0.0168, 0.031, 0.7532, 0.0994], [0.06, 0.0312, 0.0653, 0.0495, 0.0749, 0.6579, 0.0611], [0.0604, 0.0314, 0.0284, 0.0431, 0.054, 0.7672, 0.0154], [0.0829, 0.0309, 0.0275, 0.0837, 0.073, 0.625, 0.077], [0.0244, 0.0772, 0.0669, 0.0857, 0.0615, 0.6444, 0.04], [0.0543, 0.023, 0.0209, 0.0511, 0.0367, 0.727, 0.087], [0.0791, 0.0517, 0.0248, 0.0494, 0.0252, 0.7488, 0.021], [0.0859, 0.0629, 0.0469, 0.0441, 0.0718, 0.6099, 0.0786], [0.0225, 0.0636, 0.0545, 0.0875, 0.0668, 0.6688, 0.0362], [0.079, 0.0189, 0.0278, 0.0529, 0.0487, 0.74, 0.0327], [0.0615, 0.0493, 0.0772, 0.0459, 0.0563, 0.667, 0.0428], [0.0265, 0.0783, 0.0381, 0.0537, 0.0619, 0.6788, 0.0627], [0.0616, 0.0476, 0.0641, 0.0181, 0.0412, 0.6851, 0.0823], [0.0267, 0.0874, 0.0593, 0.0252, 0.035, 0.7241, 0.0423], [0.075, 0.0846, 0.0349, 0.0341, 0.0437, 0.6922, 0.0354], [0.0415, 0.0867, 0.0289, 0.0517, 0.0794, 0.6419, 0.0701], [0.0529, 0.0463, 0.0817, 0.0616, 0.0475, 0.6951, 0.0149], [0.0868, 0.0635, 0.084, 0.0832, 0.0512, 0.6183, 0.0131], [0.0565, 0.0427, 0.0633, 0.0677, 0.0734, 0.6222, 0.0742], [0.0666, 0.0601, 0.0555, 0.047, 0.0247, 0.7284, 0.0178], [0.034, 0.04, 0.0284, 0.0671, 0.0567, 0.7302, 0.0437], [0.083, 0.0145, 0.0302, 0.055, 0.0256, 0.7221, 0.0696], [0.0721, 0.0591, 0.0549, 0.0682, 0.0679, 0.601, 0.0769], [0.0688, 0.0239, 0.0766, 0.0255, 0.0687, 0.6572, 0.0794], [0.0273, 0.0905, 0.0587, 0.023, 0.0605, 0.65, 0.09], [0.0167, 0.0217, 0.0373, 0.0877, 0.089, 0.6608, 0.0867], [0.052, 0.0668, 0.0335, 0.048, 0.036, 0.7488, 0.0148], [0.0226, 0.0723, 0.0456, 0.0503, 0.0789, 0.7143, 0.016], [0.0503, 0.015, 0.022, 0.0456, 0.0474, 0.7675, 0.0522], [0.0314, 0.0542, 0.0486, 0.0196, 0.0263, 0.7321, 0.0879], [0.0422, 0.0658, 0.0578, 0.0493, 0.0376, 0.7237, 0.0236], [0.035, 0.0186, 0.0989, 0.0996, 0.0186, 0.7128, 0.0166], [0.0794, 0.0367, 0.0813, 0.0833, 0.0536, 0.623, 0.0427], [0.016, 0.0536, 0.0507, 0.0399, 0.0448, 0.6983, 0.0968], [0.0509, 0.0853, 0.0391, 0.0254, 0.0659, 0.6942, 0.0393], [0.0334, 0.0356, 0.065, 0.0225, 0.0749, 0.6956, 0.073], [0.0375, 0.065, 0.0524, 0.0388, 0.0212, 0.769, 0.0161], [0.0891, 0.0565, 0.0293, 0.0472, 0.0732, 0.6378, 0.0668], [0.0452, 0.0467, 0.0342, 0.0438, 0.0597, 0.7124, 0.0579], [0.028, 0.0509, 0.0858, 0.066, 0.078, 0.6751, 0.0161], [0.0448, 0.0364, 0.0735, 0.0726, 0.0324, 0.6911, 0.0492], [0.0422, 0.0211, 0.0123, 0.0352, 0.044, 0.7674, 0.0779], [0.0423, 0.0165, 0.0282, 0.0572, 0.0853, 0.7002, 0.0704], [0.0339, 0.0136, 0.0234, 0.0863, 0.0842, 0.6798, 0.0788], [0.0424, 0.0471, 0.0212, 0.0215, 0.0451, 0.7687, 0.0539], [0.037, 0.0164, 0.0794, 0.0255, 0.0827, 0.7398, 0.0191], [0.0245, 0.0776, 0.0627, 0.0842, 0.0661, 0.6105, 0.0744], [0.0492, 0.0254, 0.0473, 0.0736, 0.0731, 0.6785, 0.0529], [0.052, 0.0436, 0.0649, 0.0232, 0.0399, 0.725, 0.0512], [0.0624, 0.0661, 0.0395, 0.0433, 0.0496, 0.7092, 0.0298], [0.0547, 0.0783, 0.0566, 0.0762, 0.0174, 0.6891, 0.0278], [0.0585, 0.0354, 0.0968, 0.0214, 0.0919, 0.6105, 0.0855], [0.0793, 0.0249, 0.0767, 0.0662, 0.0253, 0.6602, 0.0674], [0.0331, 0.0668, 0.0857, 0.0371, 0.0901, 0.6649, 0.0222], [0.0843, 0.0508, 0.0459, 0.0405, 0.0141, 0.7188, 0.0455], [0.0563, 0.0259, 0.0714, 0.0827, 0.0444, 0.6471, 0.0721], [0.0311, 0.0502, 0.0422, 0.0178, 0.0574, 0.7344, 0.0669], [0.0526, 0.0482, 0.0309, 0.0822, 0.0727, 0.6923, 0.021], [0.0551, 0.0615, 0.0361, 0.059, 0.0552, 0.6581, 0.075], [0.0434, 0.0628, 0.0777, 0.0772, 0.0258, 0.6686, 0.0446], [0.0528, 0.0701, 0.0778, 0.026, 0.0793, 0.619, 0.0751], [0.0785, 0.0284, 0.0157, 0.0786, 0.0477, 0.6778, 0.0733], [0.0674, 0.0702, 0.0454, 0.0443, 0.0436, 0.6734, 0.0557], [0.0524, 0.0173, 0.0412, 0.0202, 0.048, 0.7988, 0.0222], [0.0204, 0.0248, 0.0989, 0.0159, 0.0487, 0.7753, 0.0161], [0.0196, 0.0518, 0.0827, 0.0324, 0.0349, 0.693, 0.0856], [0.0403, 0.0544, 0.0532, 0.0826, 0.0617, 0.6764, 0.0314], [0.0514, 0.0331, 0.0315, 0.0813, 0.0788, 0.6549, 0.069], [0.0397, 0.0835, 0.078, 0.0164, 0.0312, 0.7357, 0.0155], [0.0591, 0.0508, 0.0809, 0.0189, 0.079, 0.6785, 0.0328], [0.0629, 0.0854, 0.0206, 0.0336, 0.0526, 0.6784, 0.0665], [0.0377, 0.032, 0.018, 0.061, 0.014, 0.7709, 0.0665], [0.0194, 0.0391, 0.0548, 0.0641, 0.0676, 0.6825, 0.0726], [0.0607, 0.0132, 0.0409, 0.0325, 0.0528, 0.7882, 0.0116], [0.0686, 0.0305, 0.0382, 0.0669, 0.0436, 0.7218, 0.0303], [0.0399, 0.0572, 0.0566, 0.0583, 0.064, 0.6671, 0.0568], [0.0453, 0.0132, 0.0699, 0.0625, 0.04, 0.7486, 0.0204]], "emotions": ["purple", "purple", "purple", "purple", "purple", "purple", "purple", "purple", "purple", "purple", "purple", "purple", "purple", "purple", "purple", "purple", "purple", "purple", "purple", "purple", "purple", "purple", "purple", "purple", "purple", "purple", "purple", "purple", "purple", "purple", "purple", "purple", "purple", "purple", "purple", "purple", "purple", "purple", "purple", "purple", "purple", "purple", "purple", "purple", "purple", "purple", "purple", "purple", "purple", "purple", "purple", "purple", "purple", "purple", "purple", "purple", "purple", "purple", "purple", "purple", "purple", "purple", "purple", "purple", "purple", "purple", "purple", "purple", "purple", "purple", "purple", "purple", "purple", "purple", "purple", "purple", "purple", "purple", "purple", "purple"], "timestamps": [0, 40, 80, 120, 160, 200, 240, 280, 320, 360, 400, 440, 480, 520, 560, 600, 640, 680, 720, 760, 800, 840, 880, 920, 960, 1000, 1040, 1080, 1120, 1160, 1200, 1240, 1280, 1320, 1360, 1400, 1440, 1480, 1520, 1560, 1600, 1640, 1680, 1720, 1760, 1800, 1840, 1880, 1920, 1960, 2000, 2040, 2080, 2120, 2160, 2200, 2240, 2280, 2320, 2360, 2400, 2440, 2480, 2520, 2560, 2600, 2640, 2680, 2720, 2760, 2800, 2840, 2880, 2920, 2960, 3000, 3040, 3080, 3120, 3160]}], "conversation": [], "conversation_timestamps": []}