{
  "agent_id": "agent-type-red-72",
  "type": "red",
  "trips": [
    {
      "trip_id": 0,
      "transport_method": "bicycle",
      "start_time": 0,
      "path": [
        [
          1.5250627000000008,
          42.50709489999999
        ],
        [
          1.5252329467933545,
          42.50659374326663
        ],
        [
          1.5251356230047364,
          42.50687585034749
        ],
        [
          1.525520638517688,
          42.50702553594633
        ],
        [
          1.5260476685176594,
          42.50707487492505
        ],
        [
          1.5261971362316793,
          42.50684706005843
        ],
        [
          1.5264506608448243,
          42.507108885036125
        ],
        [
          1.5269782807552665,
          42.50715145481175
        ],
        [
          1.5275059006657086,
          42.50719402458736
        ],
        [
          1.5278602444983977,
          42.507144548222165
        ],
        [
          1.5275460443800817,
          42.506719068673576
        ],
        [
          1.527328650101222,
          42.506246591406324
        ],
        [
          1.5269523825575388,
          42.50588434760884
        ],
        [
          1.5268074381737355,
          42.50605277441103
        ],
        [
          1.5263876774233778,
          42.506359448877234
        ],
        [
          1.5266800048475582,
          42.50619859353735
        ],
        [
          1.5267210630134938,
          42.505783748603235
        ],
        [
          1.5262474841393496,
          42.505547278720044
        ],
        [
          1.5262325108716521,
          42.50523276838945
        ],
        [
          1.5267555186075499,
          42.505314364123905
        ],
        [
          1.5272785263434479,
          42.50539595985837
        ],
        [
          1.5277897448719848,
          42.50553019311649
        ],
        [
          1.5282530730764634,
          42.50558472047413
        ],
        [
          1.527991807712481,
          42.50534238778073
        ],
        [
          1.527603710563309,
          42.50519713431731
        ],
        [
          1.5271036103586166,
          42.50520398690353
        ],
        [
          1.526577430162685,
          42.50514628632207
        ],
        [
          1.5263206833060319,
          42.50487463454856
        ],
        [
          1.5258023456048249,
          42.50476904371551
        ],
        [
          1.5253031287076946,
          42.50467547343898
        ],
        [
          1.5258234030202134,
          42.504772990593494
        ],
        [
          1.5261387226672682,
          42.50483209225199
        ],
        [
          1.5256184483547495,
          42.50473457509748
        ],
        [
          1.5252222928962178,
          42.504858395613056
        ],
        [
          1.5247380236984875,
          42.504861274860566
        ],
        [
          1.5242127710203188,
          42.50479566556422
        ],
        [
          1.523731706011033,
          42.50476234118701
        ],
        [
          1.5232120991462685,
          42.50466138132525
        ],
        [
          1.5226867444084828,
          42.504596594481185
        ],
        [
          1.5222467744757173,
          42.50460412591991
        ],
        [
          1.522023712188507,
          42.50501413489821
        ],
        [
          1.5218948100160645,
          42.505521230394635
        ],
        [
          1.522203744262436,
          42.50513090103798
        ],
        [
          1.5224294786195647,
          42.50477227648449
        ],
        [
          1.5221475015015646,
          42.50522025400693
        ],
        [
          1.521915069271799,
          42.50542372528751
        ],
        [
          1.5220317326283368,
          42.50491072834403
        ],
        [
          1.5217379669291393,
          42.50490919709884
        ],
        [
          1.5212217675255328,
          42.504798494740896
        ],
        [
          1.5207320241644986,
          42.50459763061764
        ],
        [
          1.5202512213487844,
          42.50443143920636
        ],
        [
          1.5199050292983025,
          42.50449835952829
        ],
        [
          1.5194976938103806,
          42.504538975824715
        ],
        [
          1.5189861086487269,
          42.504403050926086
        ],
        [
          1.5187338683776415,
          42.50463217979899
        ],
        [
          1.5184955685400896,
          42.505103050813695
        ],
        [
          1.5183210342426352,
          42.50559296004647
        ],
        [
          1.5185555049915416,
          42.50606267059094
        ],
        [
          1.5187848258150787,
          42.50651627235337
        ],
        [
          1.5187639956577195,
          42.50681000844414
        ],
        [
          1.5192234358334062,
          42.50707043556869
        ],
        [
          1.5196961021925992,
          42.50730860969661
        ],
        [
          1.5201742935146345,
          42.507505296347766
        ],
        [
          1.5197404019300684,
          42.50771894729557
        ],
        [
          1.5192658339339424,
          42.50795336034814
        ],
        [
          1.5187891717709479,
          42.508183551872875
        ],
        [
          1.5187402000000005,
          42.5085045
        ]
      ],
      "emotions": [
        "green",
        "green",
        "green",
        "green",
        "green",
        "red",
        "red",
        "red",
        "red",
        "red",
        "green",
        "green",
        "green",
        "green",
        "green",
        "purple",
        "purple",
        "purple",
        "purple",
        "purple",
        "purple",
        "purple",
        "purple",
        "purple",
        "purple",
        "red",
        "red",
        "red",
        "red",
        "red",
        "purple",
        "purple",
        "purple",
        "purple",
        "purple",
        "green",
        "green",
        "green",
        "green",
        "green",
        "purple",
        "purple",
        "purple",
        "purple",
        "purple",
        "purple",
        "purple",
        "purple",
        "purple",
        "purple",
        "purple",
        "purple",
        "purple",
        "purple",
        "purple",
        "red",
        "red",
        "red",
        "red",
        "red",
        "red",
        "red",
        "red",
        "red",
        "red",
        "purple",
        "purple"
      ],
      "mood_vectors": [
        [
          0.16873384106331069,
          0.17708434446872556,
          0.11658764899504796,
          0.16295943906228127,
          0.13836054825065655,
          0.03134656921831558,
          0.2049276089416624
        ],
        [
          0.11556535601177088,
          0.3103456312374369,
          0.1351599792945211,
          0.06318553683262224,
          0.14410161238367208,
          0.11696325058880894,
          0.11467863365116783
        ],
        [
          0.0489404942637495,
          0.10825004092268926,
          0.05696478513563619,
          0.2975126042534233,
          0.04786526966964721,
          0.23558126170732172,
          0.2048855440475328
        ],
        [
          0.12565093303828517,
          0.06189804667912397,
          0.08214938705651119,
          0.12035865909351748,
          0.14534566834951415,
          0.25214109636168786,
          0.21245620942136018
        ],
        [
          0.12042103383712095,
          0.10787969156344054,
          0.06651840839294475,
          0.24115599156640527,
          0.19690952938495376,
          0.054532446576218904,
          0.2125828986789158
        ],
        [
          0.19633527400767825,
          0.08227449966061916,
          0.2233429626136043,
          0.11012371629579518,
          0.08899208170557434,
          0.28026705405213204,
          0.018664411664596748
        ],
        [
          0.2242812272692345,
          0.03262343624982672,
          0.13825585278873326,
          0.34625214540420324,
          0.10822456830898612,
          0.05869145525730302,
          0.09167131472171312
        ],
        [
          0.2641144584747473,
          0.10472009483757719,
          0.07452203035185137,
          0.16041194634563025,
          0.1289267783919605,
          0.013267746547061192,
          0.2540369450511722
        ],
        [
          0.10397339693066333,
          0.24431315538791598,
          0.11897377776552845,
          0.18425415373466233,
          0.14292145459646166,
          0.17096278076711455,
          0.03460128081765373
        ],
        [
          0.21892132335463962,
          0.12506579876794588,
          0.1614960540050715,
          0.08946044071737182,
          0.07587737920107772,
          0.23941917010103508,
          0.08975983385285836
        ],
        [
          0.18910224385285523,
          0.12205837578070695,
          0.19426573628090651,
          0.029159373566029084,
          0.13571925580874558,
          0.17118354765944868,
          0.15851146705130809
        ],
        [
          0.1320085016502179,
          0.15968573591333038,
          0.11101642742121168,
          0.1005205801303568,
          0.15156083997292724,
          0.1810975075682598,
          0.16411040734369622
        ],
        [
          0.23217362316377735,
          0.09898618843064456,
          0.1978472254782848,
          0.19660776533795457,
          0.018257139953130004,
          0.21953542548904706,
          0.03659263214716166
        ],
        [
          0.3801444621031341,
          0.06671808508584318,
          0.16740518604586127,
          0.10993589326599389,
          0.08208969496044485,
          0.10540044472850627,
          0.08830623381021645
        ],
        [
          0.20273481331092436,
          0.15175502820746994,
          0.1114051575946488,
          0.24443093729030727,
          0.026513100196004103,
          0.11948705656923964,
          0.14367390683140593
        ],
        [
          0.026582341921139906,
          0.22729885127746996,
          0.1877830986463767,
          0.14602494582447217,
          0.2419755143563018,
          0.022135236733193026,
          0.14820001124104645
        ],
        [
          0.1761629421981859,
          0.23634861641843732,
          0.02054536405268611,
          0.03428072205359571,
          0.17649755260748737,
          0.21566873749339383,
          0.14049606517621363
        ],
        [
          0.12240081920712989,
          0.08612813475092286,
          0.1278963498056971,
          0.2462607966850206,
          0.14918958345689537,
          0.1398065433168693,
          0.12831777277746492
        ],
        [
          0.2529061520832618,
          0.021612883340876285,
          0.03878670894024151,
          0.16456156435367178,
          0.08215430233924574,
          0.33459846375367425,
          0.1053799251890286
        ],
        [
          0.01970731644798008,
          0.08779317378892205,
          0.024098198790475374,
          0.14602316227170178,
          0.2822679189712271,
          0.17745030061281555,
          0.2626599291168781
        ],
        [
          0.19656840159646344,
          0.3394371491141496,
          0.12080808293859313,
          0.10212082626393615,
          0.017869345139104764,
          0.20422442153813322,
          0.01897177340961968
        ],
        [
          0.19449960139116057,
          0.07930252692503634,
          0.0904187285206921,
          0.17426184770543704,
          0.22961340538696506,
          0.01938941818789877,
          0.21251447188281
        ],
        [
          0.06247534895747887,
          0.18262895175348492,
          0.208473109542118,
          0.19293716129058855,
          0.11196782799565892,
          0.09610388927148206,
          0.1454137111891887
        ],
        [
          0.15429435355696264,
          0.31283494583417204,
          0.021841139628091633,
          0.04930641903988165,
          0.17915900405091742,
          0.09187028047595773,
          0.190693857414017
        ],
        [
          0.2868202033928072,
          0.011182239537424086,
          0.13775364972103588,
          0.04041345356941492,
          0.16703445819693938,
          0.14159148117016795,
          0.2152045144122105
        ],
        [
          0.21592290939201028,
          0.04858547531964307,
          0.17323851068655646,
          0.14274834338469122,
          0.07327011045619687,
          0.18380816111142084,
          0.16242648964948125
        ],
        [
          0.057085492568320524,
          0.09563742084227038,
          0.19392098549315714,
          0.22386292723411816,
          0.020987450193608287,
          0.14465123751720144,
          0.26385448615132406
        ],
        [
          0.11919175685456641,
          0.18833432676819473,
          0.22801626820237142,
          0.14725439864550524,
          0.10074386560223822,
          0.15662519772505867,
          0.059834186202065244
        ],
        [
          0.13186758429249976,
          0.15755534871648688,
          0.21751290611271015,
          0.04797780695965717,
          0.17723439028386795,
          0.14460600188293812,
          0.1232459617518399
        ],
        [
          0.1214167287362182,
          0.04517051078808944,
          0.016082827223903674,
          0.11726184467591236,
          0.33515005014864746,
          0.3159235728633207,
          0.048994465563908185
        ],
        [
          0.013451227316417784,
          0.37473679677439264,
          0.09908306747297434,
          0.23382336510243018,
          0.10516087353203703,
          0.036427717513391134,
          0.13731695228835686
        ],
        [
          0.08716977505887046,
          0.1675856456971683,
          0.21713840549587698,
          0.0005270972505359758,
          0.1346859556268868,
          0.21368197351339982,
          0.17921114735726162
        ],
        [
          0.03077861319373643,
          0.37781762784654566,
          0.022448413632579996,
          0.27741159598335857,
          0.21618385391854147,
          0.06108347335051085,
          0.014276422074727126
        ],
        [
          0.2611204798630686,
          0.2966648376696877,
          0.08453813020868961,
          0.08993390263234878,
          0.06434760741370298,
          0.06549281798981935,
          0.13790222422268303
        ],
        [
          0.12602537436914188,
          0.15847613653991924,
          0.21193670887464483,
          0.1894665732651817,
          0.07319599959154417,
          0.19730542620575994,
          0.04359378115380827
        ],
        [
          0.013717352780069844,
          0.13607466674047758,
          0.29609902616556283,
          0.2506220641549966,
          0.0204541827016286,
          0.022791442166854855,
          0.26024126529040975
        ],
        [
          0.1328400763053814,
          0.07737837883714967,
          0.18847038877872704,
          0.32588165603807523,
          0.24648949889663968,
          0.02250583894424466,
          0.006434162199782353
        ],
        [
          0.15429014973667488,
          0.18152334329325076,
          0.1683947014754455,
          0.07833606416997711,
          0.2259593831331509,
          0.1260045647634189,
          0.06549179342808205
        ],
        [
          0.12134834176872533,
          0.1578926090978045,
          0.11824480873328441,
          0.25650743291763034,
          0.19678919319580745,
          0.11055119921281863,
          0.03866641507392932
        ],
        [
          0.1890447604813739,
          0.07546093677672089,
          0.20817798918075722,
          0.14065643781402629,
          0.16072419489665274,
          0.15605567443142165,
          0.06988000641904726
        ],
        [
          0.0879534338476345,
          0.15097570927253873,
          0.16841417694211003,
          0.23821043915094026,
          0.15699668703272246,
          0.16672160859176097,
          0.03072794516229307
        ],
        [
          0.14330883539216885,
          0.14155103141848677,
          0.23084061924011604,
          0.19497055132231564,
          0.1370662553900492,
          0.05447276415439671,
          0.09778994308246682
        ],
        [
          0.10678626825389123,
          0.22271730492889244,
          0.06302486188024986,
          0.1972914572715818,
          0.15222138212570996,
          0.15453854654819763,
          0.10342017899147718
        ],
        [
          0.13872475775086984,
          0.0459668704404031,
          0.004073503477140578,
          0.15640499477985248,
          0.16994497960065447,
          0.12613970131503782,
          0.3587451926360417
        ],
        [
          0.2400961761634725,
          0.20472664392363718,
          0.10599714451569336,
          0.10986465929914953,
          0.1026673543675699,
          0.011322911777414561,
          0.22532510995306293
        ],
        [
          0.2356819609096783,
          0.2012114744288308,
          0.05885012060478259,
          0.03299189140163252,
          0.20999866088803626,
          0.1824721221277352,
          0.07879376963930436
        ],
        [
          0.17685221470078424,
          0.16654533418944312,
          0.1087271909788146,
          0.11867572775212715,
          0.18792369814637253,
          0.055500330860983486,
          0.18577550337147497
        ],
        [
          0.23632300214150145,
          0.11315799342997399,
          0.22391035423207536,
          0.19492250987905937,
          0.074144462126269,
          0.151073020465747,
          0.006468657725373757
        ],
        [
          0.015157518505761549,
          0.2079449953814626,
          0.1352508892556636,
          0.05368108578666393,
          0.18488100538204413,
          0.14664919268252027,
          0.25643531300588385
        ],
        [
          0.2613468520923659,
          0.11221682886032619,
          0.2652707876641586,
          0.19578036507529722,
          0.08427823381431557,
          0.028298945856258147,
          0.05280798663727836
        ],
        [
          0.20737483561152895,
          0.2234106018827773,
          0.05380032934487268,
          0.0660596599622055,
          0.2077410028932511,
          0.10403217193043905,
          0.1375813983749254
        ],
        [
          0.11521425672142804,
          0.1154632207419867,
          0.2225371596423814,
          0.2767398214365175,
          0.02248332909695983,
          0.15070671893311746,
          0.09685549342760913
        ],
        [
          0.03044868998523814,
          0.022244652396214468,
          0.09435781295358903,
          0.339375011147195,
          0.07999546627739493,
          0.22467271321853535,
          0.20890565402183311
        ],
        [
          0.1418000357341287,
          0.07526408641867971,
          0.18217857800319748,
          0.14466268410225833,
          0.23454944138586736,
          0.09083199231248493,
          0.13071318204338353
        ],
        [
          0.00040898058333494494,
          0.008895599511506595,
          0.3703788442790835,
          0.03406358767557309,
          0.19874453325678765,
          0.18152173582850759,
          0.20598671886520656
        ],
        [
          0.14776770684721185,
          0.20084893741398224,
          0.021004442557053245,
          0.04306851651071662,
          0.16639496148862612,
          0.25968753888977875,
          0.16122789629263123
        ],
        [
          0.28999444142450803,
          0.026685094471776322,
          0.20052503026937202,
          0.023104998524629064,
          0.1809926935400671,
          0.07977908964581576,
          0.19891865212383167
        ],
        [
          0.17094668252422243,
          0.07628621290459905,
          0.2455413261907091,
          0.2997877811339469,
          0.07881330869778791,
          0.016024445052996137,
          0.11260024349573854
        ],
        [
          0.010110867034932292,
          0.0841977963871572,
          0.23606048794799434,
          0.1897015599931443,
          0.23042652290040835,
          0.08816676675728399,
          0.1613359989790795
        ],
        [
          0.20742202697500978,
          0.06887466771374154,
          0.12165135613452725,
          0.12544346856430091,
          0.1575039386018037,
          0.17601942659829978,
          0.14308511541231705
        ],
        [
          0.017679375568479642,
          0.16931418065381212,
          0.1066223467907427,
          0.10693239303071901,
          0.17980104419721973,
          0.38670123920865423,
          0.03294942055037247
        ],
        [
          0.06788610340360893,
          0.38175484770364604,
          0.1914073491399482,
          0.002132463490508091,
          0.15057832664011556,
          0.017694130753536742,
          0.18854677886863644
        ],
        [
          0.2082801184629162,
          0.03463854815097954,
          0.13496019324783123,
          0.18324798291255565,
          0.05739763505792222,
          0.154040012404816,
          0.22743550976297916
        ],
        [
          0.1703906896936191,
          0.19724079860620117,
          0.06867039266006657,
          0.11392821811938217,
          0.21082735185008913,
          0.20847121155991502,
          0.030471337510726844
        ],
        [
          0.26913631774085983,
          0.008390808799078043,
          0.020356862743154267,
          0.2731111795231488,
          0.07624657515163079,
          0.2400351897305891,
          0.11272306631153928
        ],
        [
          0.19468161283168667,
          0.26028239203929265,
          0.025073674069179736,
          0.1416694376913572,
          0.24509492155392884,
          0.05030669542442381,
          0.08289126639013102
        ],
        [
          0.1637505853949215,
          0.17224714183952267,
          0.34768863211549683,
          0.07624585083123422,
          0.00658385681506532,
          0.16382734252143916,
          0.06965659048232033
        ]
      ],
      "timestamps": [
        0,
        1,
        2,
        3,
        4,
        5,
        6,
        7,
        8,
        9,
        10,
        11,
        12,
        13,
        14,
        15,
        16,
        17,
        18,
        19,
        20,
        21,
        22,
        23,
        24,
        25,
        26,
        27,
        28,
        29,
        30,
        31,
        32,
        33,
        34,
        35,
        36,
        37,
        38,
        39,
        40,
        41,
        42,
        43,
        44,
        45,
        46,
        47,
        48,
        49,
        50,
        51,
        52,
        53,
        54,
        55,
        56,
        57,
        58,
        59,
        60,
        61,
        62,
        63,
        64,
        65,
        66
      ],
      "distance": 505.2
    },
    {
      "trip_id": 1,
      "transport_method": "foot",
      "start_time": 67,
      "path": [
        [
          1.5187402000000005,
          42.5085045
        ],
        [
          1.5186574659395407,
          42.50847863004679
        ],
        [
          1.518574731879081,
          42.50845276009358
        ],
        [
          1.518491997818621,
          42.50842689014037
        ],
        [
          1.5184092637581614,
          42.508401020187165
        ],
        [
          1.5183559051630862,
          42.50837411260529
        ],
        [
          1.5184366076945932,
          42.50834246958635
        ],
        [
          1.5185173102261005,
          42.50831082656741
        ],
        [
          1.5185351933588174,
          42.50826441215233
        ],
        [
          1.5184770489545594,
          42.508200120570514
        ],
        [
          1.5184189045503014,
          42.50813582898869
        ],
        [
          1.5183607601460434,
          42.50807153740688
        ],
        [
          1.5183026157417854,
          42.508007245825056
        ],
        [
          1.5182551790572991,
          42.50794036952832
        ],
        [
          1.5182775911515691,
          42.50785663257548
        ],
        [
          1.5183000032458394,
          42.50777289562265
        ],
        [
          1.5183224153401094,
          42.50768915866982
        ],
        [
          1.5183448274343796,
          42.50760542171699
        ],
        [
          1.5183672395286496,
          42.50752168476416
        ],
        [
          1.5183896516229196,
          42.507437947811326
        ],
        [
          1.5184120637171898,
          42.50735421085849
        ],
        [
          1.5184344758114598,
          42.507270473905656
        ],
        [
          1.51845688790573,
          42.507186736952825
        ],
        [
          1.5184793,
          42.507102999999994
        ]
      ],
      "emotions": [
        "purple",
        "purple",
        "purple",
        "green",
        "green",
        "green",
        "green",
        "green",
        "green",
        "green",
        "green",
        "green",
        "green",
        "purple",
        "purple",
        "purple",
        "purple",
        "purple",
        "green",
        "green",
        "green",
        "green",
        "green",
        "purple"
      ],
      "mood_vectors": [
        [
          0.015922326401140618,
          0.037532575699917414,
          0.22540114774246195,
          0.01666169768562039,
          0.3019535285947694,
          0.25619096228602545,
          0.1463377615900648
        ],
        [
          0.17747874044666445,
          0.20184691623375042,
          0.12032421331675468,
          0.05101617912082947,
          0.21160189970594384,
          0.17302445020912496,
          0.0647076009669321
        ],
        [
          0.1917279839336599,
          0.11332542390931515,
          0.24010641543020264,
          0.04256411925889895,
          0.06137808871225522,
          0.22477594814114646,
          0.12612202061452163
        ],
        [
          0.08321476334032249,
          0.10722805318085071,
          0.21810457452130846,
          0.16743271509856025,
          0.09560970321488567,
          0.14398029395073167,
          0.18442989669334076
        ],
        [
          0.20733090175216004,
          0.004826593051337369,
          0.21434957502086857,
          0.0183701127172135,
          0.251481350698337,
          0.10052210602395002,
          0.20311936073613346
        ],
        [
          0.07911067100038467,
          0.24273856043745426,
          0.19172882886418827,
          0.07203066913288214,
          0.16673262757369747,
          0.18672210440173007,
          0.06093653858966315
        ],
        [
          0.15176552850777625,
          0.19680560339794193,
          0.11145983678121765,
          0.21338668502638342,
          0.04221497544697049,
          0.09066314117125587,
          0.19370422966845438
        ],
        [
          0.28399547368508277,
          0.07522415319202423,
          0.22593865607101163,
          0.11188841774030452,
          0.15182531404299635,
          0.0957736297396658,
          0.05535435552891466
        ],
        [
          0.06388226863396176,
          0.2664990913965119,
          0.04895852613802996,
          0.2747806988405452,
          0.12863459201399244,
          0.04071026563455774,
          0.17653455734240095
        ],
        [
          0.12575414550641317,
          0.18356170233213462,
          0.1774361464105833,
          0.16908898922830454,
          0.19057967216591823,
          0.06549926099379207,
          0.08808008336285407
        ],
        [
          0.021385149173677672,
          0.10214186003025888,
          0.16464316431924164,
          0.017191110699635852,
          0.24978913136527744,
          0.29907923380314977,
          0.1457703506087587
        ],
        [
          0.1382711861682344,
          0.314077662293633,
          0.19237393958792454,
          0.15821623248643804,
          0.07772729295986035,
          0.06250769902060481,
          0.05682598748330479
        ],
        [
          0.10684360133778062,
          0.17564085009635777,
          0.09788742508397025,
          0.15460647273960187,
          0.17495260466456863,
          0.21399977107469376,
          0.07606927500302714
        ],
        [
          0.0904785961524902,
          0.1466338236613496,
          0.05276076397870154,
          0.2639786590545791,
          0.09299358554720988,
          0.12931812241581267,
          0.22383644918985696
        ],
        [
          0.09587049704469901,
          0.20586147292043233,
          0.1409085596465662,
          0.25807345069864823,
          0.11867777978229022,
          0.053120597492447894,
          0.12748764241491614
        ],
        [
          0.06485838116123807,
          0.08386009529935673,
          0.06286072776370466,
          0.20350655642649154,
          0.12142042179555437,
          0.14293782550370246,
          0.32055599204995217
        ],
        [
          0.28466563738869766,
          0.08829684021858049,
          0.1765458302267136,
          0.16032118197078452,
          0.0991055491529528,
          0.03312532215662655,
          0.1579396388856444
        ],
        [
          0.12588348645541694,
          0.29057909223732015,
          0.0349411701975779,
          0.25898035071125486,
          0.1264577250975269,
          0.10010328521430528,
          0.06305489008659795
        ],
        [
          0.1084601651812109,
          0.27830213047220126,
          0.27527958524925983,
          0.11362788856755586,
          0.09826648969156676,
          0.10832539762864332,
          0.01773834320956204
        ],
        [
          0.22079800048100223,
          0.16751143262335294,
          0.17900992044903147,
          0.10093393631593314,
          0.163408619443598,
          0.11692312751516142,
          0.0514149631719208
        ],
        [
          0.09082108214940429,
          0.07641778812572476,
          0.24132291548658147,
          0.18341245241218537,
          0.2188653164047309,
          0.16155879518630858,
          0.027601650235064695
        ],
        [
          0.11811489071752439,
          0.10615423874112614,
          0.17792604895419112,
          0.17729851366663746,
          0.1988892119776273,
          0.1329587826036718,
          0.08865831333922178
        ],
        [
          0.2905260569029142,
          0.14592119269499684,
          0.02617149132834783,
          0.07284601580903628,
          0.20152434219787696,
          0.20445237794695253,
          0.05855852311987536
        ],
        [
          0.060453324171231865,
          0.2051285200209298,
          0.16090941076236082,
          0.2109506199436467,
          0.16585586638178484,
          0.06703197540041547,
          0.12967028331963046
        ]
      ],
      "timestamps": [
        67,
        68,
        69,
        70,
        71,
        72,
        73,
        74,
        75,
        76,
        77,
        78,
        79,
        80,
        81,
        82,
        83,
        84,
        85,
        86,
        87,
        88,
        89,
        90
      ],
      "distance": 208.7
    },
    {
      "trip_id": 2,
      "transport_method": "car",
      "start_time": 91,
      "path": [
        [
          1.5184793,
          42.507102999999994
        ],
        [
          1.5183026588507413,
          42.50776297364661
        ],
        [
          1.518585743785111,
          42.50828179209807
        ],
        [
          1.5192009642016568,
          42.50798468748871
        ],
        [
          1.51981331924159,
          42.50768180670779
        ],
        [
          1.5199702540854607,
          42.50741300724408
        ],
        [
          1.5193480573088107,
          42.50713370991624
        ],
        [
          1.518752791540554,
          42.50680144058984
        ],
        [
          1.5187765999999998,
          42.5063485
        ]
      ],
      "emotions": [
        "purple",
        "purple",
        "purple",
        "purple",
        "purple",
        "purple",
        "purple",
        "purple",
        "purple"
      ],
      "mood_vectors": [
        [
          0.16173394269718244,
          0.12727054369573793,
          0.07125194431176311,
          0.2770460281104473,
          0.08572813935979673,
          0.2598681187837451,
          0.017101283041327457
        ],
        [
          0.042993487032007074,
          0.22004798032226608,
          0.17552068674976173,
          0.1472810248855393,
          0.1983780477423234,
          0.024735067146923254,
          0.19104370612117919
        ],
        [
          0.20937466982615893,
          0.23226246410777796,
          0.24211711657531926,
          0.003977836395849831,
          0.01244021333533531,
          0.04637512511903043,
          0.2534525746405282
        ],
        [
          0.010473071534507704,
          0.2844148702582714,
          0.16175523895675561,
          0.21804671501935527,
          0.037788256644633145,
          0.24809769987769512,
          0.039424147708781776
        ],
        [
          0.022778232890020275,
          0.1366557672506,
          0.2929429831177603,
          0.09457433242104847,
          0.05464661101488767,
          0.1838400562048638,
          0.21456201710081949
        ],
        [
          0.09122978248982912,
          0.02725390525412182,
          0.16905905194484125,
          0.23908115336836314,
          0.2028580829442574,
          0.26701166687521616,
          0.0035063571233711955
        ],
        [
          0.16149566140089366,
          0.16708444966019975,
          0.10009605455763133,
          0.23162943798195915,
          0.024680363942441996,
          0.08967185599397096,
          0.22534217646290317
        ],
        [
          0.05850567476511674,
          0.20189142928097162,
          0.02253134796361601,
          0.2482022232456616,
          0.13336179916789392,
          0.08173309217965563,
          0.25377443339708444
        ],
        [
          0.24174396141775326,
          0.06265848163133429,
          0.20208333818265029,
          0.17781543586141643,
          0.1406111815290923,
          0.04919110735118922,
          0.1258964940265641
        ]
      ],
      "timestamps": [
        91,
        92,
        93,
        94,
        95,
        96,
        97,
        98,
        99
      ],
      "distance": 933.4
    }
  ],
  "conversation": [
    "So peaceful, I forgot I have 47 unread emails.",
    "What a day!",
    "Need to hit the farmer's market on Sunday."
  ],
  "conversation_timestamps": [
    19,
    48,
    53
  ]
}
