{"agent_id": "agent-green-367", "type": "green", "trips": [{"trip_id": 0, "transport_method": "bus", "start_time": 0, "path": [[1.5195463, 42.5001563], [1.5191864, 42.5001963], [1.5188295, 42.5001309], [1.5184725, 42.5001864], [1.5181415, 42.5003363], [1.5180734, 42.500657], [1.5180649, 42.5010094], [1.5184161, 42.5009923], [1.5187786, 42.5009663], [1.519133, 42.5010136], [1.5194724, 42.5011425], [1.5197734, 42.501339], [1.5198621, 42.5016555], [1.5199134, 42.5020013], [1.5200196, 42.5023463], [1.5202183, 42.5026506], [1.520467, 42.502905], [1.5207879, 42.5030729], [1.5210676, 42.5033035], [1.5213319, 42.5035318], [1.5214826, 42.5038606], [1.5214646, 42.5041972], [1.5216494, 42.5044533], [1.5220045, 42.5045256], [1.5221173, 42.5048408], [1.5224726, 42.5049177], [1.5228321, 42.5049706], [1.5231807, 42.5050568], [1.5235075, 42.5052005], [1.5238341, 42.5053591], [1.5241643, 42.5054882], [1.5243937, 42.5057698], [1.5246289, 42.5060459], [1.5249093, 42.5062768], [1.5252305, 42.506311], [1.525582, 42.5063224], [1.5259375, 42.5063982], [1.526293, 42.506474], [1.5266484, 42.5065498], [1.5270039, 42.5066256], [1.5266698, 42.5066102], [1.5263069, 42.5065929], [1.5259483, 42.5065366], [1.5255987, 42.5064385], [1.5253989, 42.5062834], [1.5257543, 42.5063595], [1.5261098, 42.5064355], [1.5264652, 42.5065116], [1.5268206, 42.5065877], [1.5271742, 42.5066702], [1.5274905, 42.5068399], [1.527717, 42.5071229], [1.5280283, 42.5072923], [1.5283241, 42.5075029], [1.5286186, 42.5077159], [1.5288855, 42.5079442], [1.5292001, 42.5081262], [1.5294797, 42.508355], [1.5295164, 42.5084432], [1.5292849, 42.5082269], [1.5295493, 42.508378], [1.5298364, 42.5086009], [1.5301523, 42.5087789], [1.5304837, 42.5089007], [1.5307966, 42.5088703], [1.5310016, 42.509087], [1.5313399, 42.5092199], [1.5316828, 42.5093383], [1.5319971, 42.5095208], [1.5323326, 42.5096537], [1.5326913, 42.5097097], [1.5330527, 42.5097468], [1.5334058, 42.509831], [1.5337454, 42.5099593], [1.5340483, 42.5101596], [1.5343393, 42.5103775], [1.5346321, 42.5105928], [1.5349266, 42.510804], [1.5352267, 42.511001], [1.5355281, 42.5112041]], "mood_vectors": [[0.0668, 0.0716, 0.0727, 0.0358, 0.0437, 0.0588, 0.6506], [0.0434, 0.0301, 0.0397, 0.0692, 0.0754, 0.05, 0.6922], [0.0566, 0.062, 0.0423, 0.0772, 0.0519, 0.0594, 0.6506], [0.0372, 0.0789, 0.0328, 0.0667, 0.0811, 0.0624, 0.641], [0.0643, 0.0608, 0.0451, 0.0447, 0.0664, 0.0247, 0.6939], [0.054, 0.04, 0.0801, 0.0513, 0.074, 0.054, 0.6466], [0.0863, 0.0436, 0.0357, 0.0532, 0.0321, 0.05, 0.699], [0.0556, 0.0662, 0.0253, 0.0123, 0.0284, 0.0578, 0.7544], [0.0316, 0.015, 0.0932, 0.0838, 0.0725, 0.0304, 0.6735], [0.089, 0.0343, 0.082, 0.0613, 0.0322, 0.0233, 0.6778], [0.0753, 0.0627, 0.023, 0.0488, 0.0382, 0.0434, 0.7085], [0.0729, 0.0562, 0.0218, 0.0347, 0.0478, 0.015, 0.7516], [0.055, 0.0911, 0.0269, 0.0396, 0.0723, 0.0665, 0.6485], [0.0809, 0.0222, 0.0193, 0.0958, 0.0862, 0.0678, 0.6278], [0.0246, 0.037, 0.0179, 0.0774, 0.047, 0.0514, 0.7447], [0.0343, 0.0207, 0.0924, 0.0432, 0.0366, 0.0708, 0.702], [0.0335, 0.0202, 0.0862, 0.0237, 0.0473, 0.0881, 0.7009], [0.0517, 0.0579, 0.0886, 0.0522, 0.0273, 0.0247, 0.6977], [0.0399, 0.0561, 0.0526, 0.0555, 0.0632, 0.0419, 0.6909], [0.0728, 0.0192, 0.0513, 0.0661, 0.0744, 0.0336, 0.6825], [0.015, 0.0689, 0.0405, 0.0663, 0.035, 0.0182, 0.7561], [0.0404, 0.0527, 0.0269, 0.0382, 0.0514, 0.0784, 0.712], [0.0879, 0.024, 0.0637, 0.0216, 0.0474, 0.0206, 0.7348], [0.0838, 0.0588, 0.0209, 0.0336, 0.0635, 0.0361, 0.7033], [0.0727, 0.0196, 0.0176, 0.0776, 0.0789, 0.022, 0.7116], [0.0354, 0.0457, 0.0656, 0.0788, 0.0653, 0.0683, 0.641], [0.0451, 0.0762, 0.0691, 0.0285, 0.0699, 0.0686, 0.6425], [0.0358, 0.0429, 0.0429, 0.0219, 0.0522, 0.09, 0.7143], [0.0162, 0.0442, 0.0342, 0.0452, 0.0392, 0.0748, 0.7461], [0.0306, 0.0536, 0.0416, 0.0675, 0.0702, 0.0591, 0.6774], [0.0398, 0.0492, 0.0382, 0.0603, 0.0488, 0.0665, 0.6972], [0.0658, 0.0518, 0.0723, 0.0309, 0.0363, 0.0128, 0.7301], [0.0659, 0.0611, 0.0723, 0.0561, 0.0314, 0.0251, 0.6882], [0.0337, 0.0583, 0.0509, 0.0477, 0.074, 0.0482, 0.6872], [0.0458, 0.083, 0.0343, 0.0832, 0.0468, 0.0616, 0.6452], [0.0791, 0.0482, 0.0501, 0.0161, 0.082, 0.0558, 0.6687], [0.0405, 0.0356, 0.038, 0.0608, 0.043, 0.0564, 0.7257], [0.0661, 0.0259, 0.0329, 0.0762, 0.0555, 0.0252, 0.7181], [0.0179, 0.0245, 0.0649, 0.0615, 0.0354, 0.051, 0.7448], [0.0915, 0.0514, 0.0355, 0.0451, 0.0405, 0.0417, 0.6945], [0.0726, 0.0468, 0.0806, 0.0217, 0.0632, 0.031, 0.6842], [0.0304, 0.0223, 0.0821, 0.0397, 0.0942, 0.0351, 0.6963], [0.0257, 0.0458, 0.0534, 0.0738, 0.0407, 0.024, 0.7366], [0.0428, 0.0651, 0.0216, 0.0175, 0.059, 0.0522, 0.7417], [0.0136, 0.0868, 0.0664, 0.0428, 0.0269, 0.0193, 0.7442], [0.069, 0.021, 0.072, 0.0137, 0.0462, 0.0437, 0.7344], [0.0284, 0.0804, 0.0238, 0.0545, 0.0538, 0.0239, 0.7353], [0.0159, 0.0637, 0.0611, 0.0677, 0.0304, 0.0194, 0.7418], [0.0603, 0.0313, 0.0609, 0.0612, 0.0624, 0.0667, 0.6571], [0.0455, 0.0689, 0.0265, 0.0588, 0.0344, 0.0446, 0.7211], [0.0581, 0.0352, 0.055, 0.0579, 0.0687, 0.027, 0.698], [0.0494, 0.0358, 0.0186, 0.0695, 0.0213, 0.0186, 0.7867], [0.0452, 0.0455, 0.0212, 0.0859, 0.0223, 0.0418, 0.7381], [0.0685, 0.067, 0.0662, 0.0148, 0.0558, 0.0691, 0.6587], [0.0178, 0.0519, 0.0615, 0.0664, 0.0106, 0.052, 0.7397], [0.0211, 0.0303, 0.0554, 0.0635, 0.0409, 0.0198, 0.769], [0.0246, 0.0633, 0.0414, 0.0687, 0.0726, 0.0626, 0.6669], [0.0407, 0.0229, 0.0525, 0.0589, 0.0147, 0.0723, 0.738], [0.0911, 0.0878, 0.0725, 0.0349, 0.0523, 0.0624, 0.5989], [0.0682, 0.0686, 0.0854, 0.0165, 0.0247, 0.0203, 0.7163], [0.0588, 0.0163, 0.0542, 0.0431, 0.0757, 0.0713, 0.6806], [0.0351, 0.0159, 0.0186, 0.0241, 0.0169, 0.0778, 0.8115], [0.0208, 0.0555, 0.0593, 0.0733, 0.081, 0.0858, 0.6243], [0.0408, 0.0359, 0.0696, 0.0407, 0.0751, 0.0146, 0.7236], [0.0214, 0.0598, 0.0446, 0.0607, 0.0629, 0.0435, 0.7071], [0.0413, 0.078, 0.0675, 0.018, 0.051, 0.05, 0.6941], [0.0727, 0.0616, 0.0215, 0.0513, 0.0433, 0.0659, 0.6836], [0.0761, 0.0676, 0.0287, 0.0219, 0.0834, 0.0576, 0.6646], [0.0559, 0.0469, 0.0405, 0.0172, 0.0388, 0.0338, 0.767], [0.0125, 0.0353, 0.0579, 0.0358, 0.0697, 0.0373, 0.7515], [0.0506, 0.0592, 0.0295, 0.071, 0.0886, 0.0414, 0.6596], [0.0411, 0.0686, 0.0718, 0.0358, 0.0616, 0.0311, 0.69], [0.0467, 0.0471, 0.0438, 0.0376, 0.028, 0.0914, 0.7055], [0.036, 0.0678, 0.0358, 0.0609, 0.0944, 0.076, 0.6291], [0.0595, 0.0992, 0.0405, 0.0452, 0.031, 0.019, 0.7057], [0.0785, 0.0328, 0.0302, 0.0248, 0.0369, 0.0627, 0.734], [0.0718, 0.0561, 0.0777, 0.0761, 0.0161, 0.0134, 0.6887], [0.0237, 0.0667, 0.028, 0.0436, 0.0608, 0.0408, 0.7363], [0.0194, 0.0463, 0.0722, 0.0667, 0.0765, 0.0563, 0.6627], [0.0361, 0.0331, 0.0638, 0.0583, 0.053, 0.0876, 0.6681]], "emotions": ["purple", "purple", "purple", "purple", "purple", "purple", "purple", "purple", "purple", "purple", "purple", "purple", "purple", "purple", "purple", "purple", "purple", "purple", "purple", "purple", "purple", "purple", "purple", "purple", "purple", "purple", "purple", "purple", "purple", "purple", "purple", "purple", "purple", "purple", "purple", "purple", "purple", "purple", "purple", "purple", "purple", "purple", "purple", "purple", "purple", "purple", "purple", "purple", "purple", "purple", "purple", "purple", "purple", "purple", "purple", "purple", "purple", "purple", "purple", "purple", "purple", "purple", "purple", "purple", "purple", "purple", "purple", "purple", "purple", "purple", "purple", "purple", "purple", "purple", "purple", "purple", "purple", "purple", "purple", "purple"], "timestamps": [0, 40, 80, 120, 160, 200, 240, 280, 320, 360, 400, 440, 480, 520, 560, 600, 640, 680, 720, 760, 800, 840, 880, 920, 960, 1000, 1040, 1080, 1120, 1160, 1200, 1240, 1280, 1320, 1360, 1400, 1440, 1480, 1520, 1560, 1600, 1640, 1680, 1720, 1760, 1800, 1840, 1880, 1920, 1960, 2000, 2040, 2080, 2120, 2160, 2200, 2240, 2280, 2320, 2360, 2400, 2440, 2480, 2520, 2560, 2600, 2640, 2680, 2720, 2760, 2800, 2840, 2880, 2920, 2960, 3000, 3040, 3080, 3120, 3160]}], "conversation": [], "conversation_timestamps": []}