{"agent_id": "agent-blue-1495", "type": "blue", "trips": [{"trip_id": 0, "transport_method": "foot", "start_time": 0, "path": [[1.512448, 42.5018549], [1.5128896, 42.5021404], [1.5132785, 42.5024957], [1.5136478, 42.5028737], [1.5140157, 42.5031253], [1.5144088, 42.5034784], [1.5148019, 42.5038315], [1.5151951, 42.5041847], [1.5155882, 42.5045378], [1.5159911, 42.5048794], [1.5164625, 42.5051058], [1.5169258, 42.5053551], [1.517361, 42.5054135], [1.5178658, 42.505381], [1.5183813, 42.505428], [1.518907, 42.5054807], [1.5194264, 42.5055752], [1.5199405, 42.5056976], [1.5204546, 42.5058198], [1.5209383, 42.5059481], [1.5214334, 42.5061327], [1.521932, 42.506307], [1.5224375, 42.5064609], [1.5229473, 42.5065968], [1.5234659, 42.506697], [1.5239771, 42.506831], [1.5244956, 42.5068774], [1.5249943, 42.5069813], [1.5255034, 42.5070965], [1.5260283, 42.5071575], [1.5265532, 42.5072185], [1.5263089, 42.5072051], [1.5257841, 42.5071455], [1.5252609, 42.5070712], [1.5255558, 42.5071001], [1.5260811, 42.5071579], [1.5266064, 42.5072158], [1.5271324, 42.5072646], [1.5275434, 42.5075175], [1.5278873, 42.5079114], [1.528182, 42.5082794], [1.5286004, 42.5085998], [1.5289252, 42.5088976], [1.5289513, 42.5088866], [1.5292426, 42.5089793], [1.5297556, 42.5091061], [1.5302571, 42.5092718], [1.5307568, 42.5093622], [1.5312522, 42.5095462], [1.5317476, 42.5097297], [1.5322508, 42.5098542], [1.5326745, 42.5101646], [1.5331164, 42.5104486], [1.5335545, 42.5107401], [1.5338925, 42.5111431], [1.5343165, 42.5114021], [1.5347517, 42.5117018], [1.5352058, 42.5119714], [1.5355321, 42.5123294], [1.5356669, 42.5126588], [1.5360602, 42.5128891], [1.5364269, 42.5130878], [1.5369326, 42.5129353], [1.5374467, 42.5128157], [1.5379612, 42.5126968], [1.5384798, 42.5125956], [1.538461, 42.5126329], [1.5379393, 42.5127168], [1.5379178, 42.5126787], [1.5384235, 42.5125254], [1.5389292, 42.5123722], [1.5394332, 42.5122296], [1.5399415, 42.5120853], [1.540151, 42.5120556], [1.5396548, 42.5122204], [1.5395712, 42.5121846], [1.5400758, 42.5120278], [1.5405805, 42.511871], [1.5409045, 42.511976], [1.541106, 42.5122045]], "mood_vectors": [[0.0227, 0.0436, 0.0353, 0.7827, 0.0726, 0.0123, 0.0308], [0.0585, 0.0266, 0.094, 0.6801, 0.0743, 0.0284, 0.038], [0.0522, 0.0244, 0.0534, 0.6975, 0.0803, 0.0246, 0.0677], [0.0384, 0.0668, 0.0501, 0.687, 0.0716, 0.0349, 0.051], [0.05, 0.0934, 0.0174, 0.7465, 0.0159, 0.0372, 0.0396], [0.0507, 0.0396, 0.0456, 0.7797, 0.0147, 0.0335, 0.0361], [0.0701, 0.0351, 0.0519, 0.7055, 0.0424, 0.0715, 0.0235], [0.0213, 0.0693, 0.0906, 0.68, 0.0422, 0.0337, 0.0629], [0.073, 0.0273, 0.0523, 0.6816, 0.0703, 0.0302, 0.0653], [0.0625, 0.026, 0.0124, 0.7363, 0.0606, 0.0389, 0.0633], [0.0459, 0.0279, 0.0356, 0.7627, 0.0614, 0.0411, 0.0253], [0.0764, 0.0421, 0.0784, 0.6052, 0.0832, 0.0583, 0.0564], [0.0205, 0.0567, 0.0329, 0.6721, 0.0863, 0.0677, 0.0638], [0.0194, 0.0442, 0.0512, 0.7059, 0.0799, 0.04, 0.0594], [0.0357, 0.0564, 0.0504, 0.7134, 0.0635, 0.0354, 0.0452], [0.0602, 0.0267, 0.0311, 0.695, 0.0692, 0.0842, 0.0336], [0.0815, 0.0702, 0.017, 0.7081, 0.0573, 0.0182, 0.0476], [0.0712, 0.0301, 0.0452, 0.7049, 0.0579, 0.038, 0.0528], [0.042, 0.0554, 0.0475, 0.7681, 0.0458, 0.0157, 0.0255], [0.0501, 0.0365, 0.0541, 0.7009, 0.0301, 0.0619, 0.0665], [0.0379, 0.0738, 0.0179, 0.6941, 0.0676, 0.052, 0.0567], [0.0494, 0.029, 0.0796, 0.7369, 0.0267, 0.05, 0.0283], [0.0471, 0.0518, 0.0494, 0.7843, 0.0131, 0.0365, 0.0177], [0.062, 0.0627, 0.0834, 0.6381, 0.0797, 0.0171, 0.057], [0.021, 0.0375, 0.0749, 0.7638, 0.0239, 0.0235, 0.0553], [0.0517, 0.0223, 0.0142, 0.7973, 0.0608, 0.0279, 0.0258], [0.0317, 0.0791, 0.0743, 0.6859, 0.0275, 0.0242, 0.0773], [0.0125, 0.0413, 0.0354, 0.7835, 0.0547, 0.0347, 0.038], [0.0361, 0.0716, 0.0217, 0.6767, 0.0818, 0.0264, 0.0857], [0.0678, 0.0407, 0.0867, 0.6518, 0.0591, 0.053, 0.0409], [0.0154, 0.0661, 0.0312, 0.7226, 0.0739, 0.0522, 0.0385], [0.0668, 0.0786, 0.0221, 0.6295, 0.082, 0.0486, 0.0724], [0.0536, 0.0388, 0.0569, 0.6308, 0.0797, 0.0598, 0.0805], [0.0506, 0.0413, 0.054, 0.7839, 0.023, 0.0223, 0.025], [0.0677, 0.0575, 0.0429, 0.7624, 0.0348, 0.0155, 0.019], [0.0707, 0.0446, 0.0495, 0.7201, 0.0342, 0.0396, 0.0413], [0.0581, 0.0528, 0.0544, 0.689, 0.0381, 0.0346, 0.073], [0.0418, 0.0633, 0.0532, 0.6982, 0.0331, 0.04, 0.0704], [0.0684, 0.0802, 0.0814, 0.6234, 0.0625, 0.0416, 0.0425], [0.0258, 0.0505, 0.0467, 0.6818, 0.0855, 0.0351, 0.0746], [0.0346, 0.0525, 0.0507, 0.6642, 0.0751, 0.0609, 0.062], [0.0668, 0.0204, 0.0322, 0.6575, 0.0798, 0.0537, 0.0896], [0.0307, 0.0394, 0.0511, 0.739, 0.0553, 0.0573, 0.0272], [0.0682, 0.0693, 0.052, 0.6569, 0.0198, 0.0678, 0.0659], [0.0497, 0.0876, 0.0457, 0.5754, 0.0892, 0.0712, 0.0812], [0.0893, 0.0453, 0.0569, 0.7007, 0.0478, 0.0425, 0.0175], [0.0783, 0.0714, 0.0668, 0.6902, 0.015, 0.0123, 0.0659], [0.0748, 0.0553, 0.0265, 0.6293, 0.0687, 0.0511, 0.0944], [0.0207, 0.0143, 0.0603, 0.7117, 0.0766, 0.0789, 0.0376], [0.0209, 0.0208, 0.0474, 0.7318, 0.0668, 0.05, 0.0621], [0.0613, 0.0185, 0.0536, 0.6977, 0.0881, 0.0142, 0.0665], [0.0482, 0.0359, 0.0651, 0.6951, 0.0676, 0.0232, 0.0649], [0.0142, 0.0249, 0.019, 0.8149, 0.0341, 0.0708, 0.0222], [0.0266, 0.061, 0.0199, 0.7168, 0.1023, 0.0293, 0.0442], [0.028, 0.0407, 0.08, 0.6399, 0.0519, 0.0889, 0.0706], [0.0844, 0.0309, 0.027, 0.6768, 0.0397, 0.0789, 0.0622], [0.0783, 0.0705, 0.0303, 0.6943, 0.0529, 0.0153, 0.0583], [0.0501, 0.0497, 0.0365, 0.6962, 0.0854, 0.0593, 0.0229], [0.0411, 0.0593, 0.0809, 0.6513, 0.0877, 0.0173, 0.0625], [0.0635, 0.0716, 0.0265, 0.6221, 0.0755, 0.0671, 0.0736], [0.0669, 0.0207, 0.0257, 0.7013, 0.067, 0.0698, 0.0486], [0.0236, 0.068, 0.0594, 0.6998, 0.0297, 0.0857, 0.0339], [0.041, 0.0154, 0.0632, 0.7633, 0.0388, 0.0548, 0.0235], [0.0191, 0.0579, 0.0784, 0.6639, 0.0788, 0.0589, 0.043], [0.0626, 0.0731, 0.0366, 0.6656, 0.0375, 0.0829, 0.0416], [0.0408, 0.0634, 0.0217, 0.7313, 0.0502, 0.0468, 0.0458], [0.0592, 0.0458, 0.0421, 0.6515, 0.0733, 0.0443, 0.0837], [0.0542, 0.0448, 0.0542, 0.7443, 0.0628, 0.0255, 0.0142], [0.0529, 0.0778, 0.0456, 0.6886, 0.0765, 0.0116, 0.047], [0.054, 0.0151, 0.0439, 0.6981, 0.0793, 0.0367, 0.0729], [0.0499, 0.0317, 0.0869, 0.6519, 0.0676, 0.0293, 0.0828], [0.0659, 0.035, 0.0845, 0.7046, 0.0415, 0.0328, 0.0357], [0.0394, 0.061, 0.0562, 0.6788, 0.0449, 0.069, 0.0507], [0.0584, 0.0387, 0.0491, 0.7103, 0.0485, 0.0391, 0.0559], [0.0374, 0.0632, 0.054, 0.7109, 0.0383, 0.0558, 0.0404], [0.0169, 0.0486, 0.0702, 0.7725, 0.0294, 0.0502, 0.0122], [0.0595, 0.0496, 0.0476, 0.6512, 0.0707, 0.0594, 0.0621], [0.0174, 0.03, 0.0423, 0.7393, 0.0547, 0.0659, 0.0505], [0.0199, 0.0581, 0.0816, 0.7281, 0.0378, 0.0384, 0.0362], [0.0323, 0.0633, 0.0749, 0.7041, 0.0727, 0.0235, 0.0292]], "emotions": ["green", "green", "green", "green", "green", "green", "green", "green", "green", "green", "green", "green", "green", "green", "green", "green", "green", "green", "green", "green", "green", "green", "green", "green", "green", "green", "green", "green", "green", "green", "green", "green", "green", "green", "green", "green", "green", "green", "green", "green", "green", "green", "green", "green", "green", "green", "green", "green", "green", "green", "green", "green", "green", "green", "green", "green", "green", "green", "green", "green", "green", "green", "green", "green", "green", "green", "green", "green", "green", "green", "green", "green", "green", "green", "green", "green", "green", "green", "green", "green"], "timestamps": [0, 40, 80, 120, 160, 200, 240, 280, 320, 360, 400, 440, 480, 520, 560, 600, 640, 680, 720, 760, 800, 840, 880, 920, 960, 1000, 1040, 1080, 1120, 1160, 1200, 1240, 1280, 1320, 1360, 1400, 1440, 1480, 1520, 1560, 1600, 1640, 1680, 1720, 1760, 1800, 1840, 1880, 1920, 1960, 2000, 2040, 2080, 2120, 2160, 2200, 2240, 2280, 2320, 2360, 2400, 2440, 2480, 2520, 2560, 2600, 2640, 2680, 2720, 2760, 2800, 2840, 2880, 2920, 2960, 3000, 3040, 3080, 3120, 3160]}], "conversation": [], "conversation_timestamps": []}