{"agent_id": "agent-blue-1355", "type": "blue", "trips": [{"trip_id": 0, "transport_method": "car", "start_time": 0, "path": [[1.5894593, 42.5346995], [1.5882992, 42.5341899], [1.5882638, 42.5341682], [1.5872744, 42.5332376], [1.5865009, 42.5338519], [1.5853631, 42.5335544], [1.5851636, 42.5333604], [1.5840841, 42.5324603], [1.5828675, 42.5317747], [1.5814666, 42.5317093], [1.5800586, 42.5317533], [1.578651, 42.5318046], [1.5772448, 42.5317291], [1.5758519, 42.5315233], [1.5745715, 42.5310274], [1.5735386, 42.5300694], [1.5735317, 42.530363], [1.5746506, 42.5311898], [1.5739485, 42.5304555], [1.5729007, 42.5295158], [1.5715708, 42.5293019], [1.5704116, 42.5286878], [1.5696513, 42.5280997], [1.5708283, 42.5288737], [1.5707806, 42.5290125], [1.5696082, 42.5282315], [1.5684357, 42.5274505], [1.5677206, 42.5269863], [1.5689426, 42.5276696], [1.5681197, 42.5271517], [1.5669499, 42.5263667], [1.5657629, 42.5256153], [1.5644284, 42.5252124], [1.5631392, 42.52469], [1.5620696, 42.5238189], [1.561005, 42.5229064], [1.559878, 42.5221151], [1.5587275, 42.5213282], [1.5576981, 42.5203668], [1.5567797, 42.519428], [1.556292, 42.5187842], [1.5566955, 42.5193146], [1.5556215, 42.5184029], [1.5549643, 42.517905], [1.5544619, 42.517461], [1.5539078, 42.5170944], [1.5542523, 42.5173456], [1.5534632, 42.5162018], [1.5528066, 42.5149756], [1.5525623, 42.5136389], [1.5513641, 42.5129157], [1.5502632, 42.5120796], [1.5489355, 42.5116245], [1.5475666, 42.5112926], [1.5463904, 42.5106355], [1.5463359, 42.5101135], [1.5454177, 42.5093791], [1.5440248, 42.5092352], [1.5426711, 42.5088821], [1.5412819, 42.508746], [1.5401789, 42.508448], [1.5387959, 42.5082256], [1.5374339, 42.5079508], [1.5372168, 42.5079951], [1.5358322, 42.5077353], [1.5345277, 42.507213], [1.5353183, 42.5076395], [1.5347052, 42.5072859], [1.5333831, 42.5068097], [1.5320337, 42.5067348], [1.5308061, 42.5060525], [1.529568, 42.5054871], [1.5281774, 42.5052691], [1.5267767, 42.5052984], [1.5253824, 42.5051858], [1.5239979, 42.5049267], [1.5226071, 42.504723], [1.5217632, 42.5049573], [1.5210706, 42.5047794], [1.5206771, 42.5048515]], "mood_vectors": [[0.0589, 0.0254, 0.0245, 0.7535, 0.0403, 0.0433, 0.0541], [0.0584, 0.0364, 0.0464, 0.6054, 0.0914, 0.089, 0.073], [0.0375, 0.0397, 0.0457, 0.7387, 0.0411, 0.0453, 0.052], [0.072, 0.0658, 0.045, 0.6609, 0.0742, 0.0426, 0.0395], [0.0468, 0.0449, 0.0739, 0.6268, 0.07, 0.0815, 0.0561], [0.1039, 0.0225, 0.0935, 0.6744, 0.0419, 0.0316, 0.0322], [0.0186, 0.0363, 0.0501, 0.7897, 0.0589, 0.0319, 0.0145], [0.0274, 0.0253, 0.0629, 0.7543, 0.0313, 0.0316, 0.0671], [0.0508, 0.0209, 0.0127, 0.7142, 0.0667, 0.0784, 0.0562], [0.0724, 0.1015, 0.0349, 0.6774, 0.0201, 0.0765, 0.0172], [0.0467, 0.0802, 0.02, 0.714, 0.0465, 0.0551, 0.0375], [0.0526, 0.0478, 0.0306, 0.6918, 0.0609, 0.0689, 0.0472], [0.0432, 0.0581, 0.0615, 0.6663, 0.0648, 0.0454, 0.0607], [0.0277, 0.0588, 0.0137, 0.7296, 0.0593, 0.0634, 0.0475], [0.0174, 0.0197, 0.0198, 0.7281, 0.04, 0.0797, 0.0953], [0.0309, 0.1026, 0.0198, 0.6806, 0.0585, 0.059, 0.0487], [0.0297, 0.0603, 0.0744, 0.7214, 0.076, 0.017, 0.0213], [0.0624, 0.0226, 0.0406, 0.7277, 0.0539, 0.0705, 0.0224], [0.0496, 0.0505, 0.0374, 0.7674, 0.0182, 0.02, 0.0569], [0.0365, 0.0243, 0.0137, 0.744, 0.0559, 0.0495, 0.0761], [0.0557, 0.0494, 0.0807, 0.6948, 0.0782, 0.0229, 0.0183], [0.0746, 0.06, 0.0229, 0.7439, 0.0217, 0.0128, 0.0643], [0.0464, 0.0838, 0.0661, 0.6981, 0.0305, 0.0205, 0.0545], [0.0386, 0.0155, 0.0543, 0.7146, 0.0867, 0.0463, 0.0439], [0.0714, 0.0528, 0.0241, 0.7235, 0.0269, 0.0293, 0.0721], [0.0894, 0.0808, 0.04, 0.6003, 0.0493, 0.0708, 0.0693], [0.0279, 0.0355, 0.0632, 0.716, 0.084, 0.0221, 0.0514], [0.0605, 0.0465, 0.0381, 0.6739, 0.0676, 0.0571, 0.0563], [0.0558, 0.044, 0.0275, 0.7475, 0.0695, 0.014, 0.0418], [0.0176, 0.0702, 0.0134, 0.7373, 0.0768, 0.0685, 0.0161], [0.033, 0.0163, 0.101, 0.65, 0.0961, 0.0323, 0.0713], [0.0223, 0.0379, 0.0814, 0.7372, 0.0251, 0.0151, 0.0811], [0.0546, 0.0427, 0.069, 0.6564, 0.0712, 0.0807, 0.0254], [0.0722, 0.045, 0.0587, 0.6705, 0.0588, 0.0201, 0.0747], [0.0373, 0.0196, 0.0123, 0.7593, 0.0679, 0.0502, 0.0535], [0.0381, 0.0264, 0.0788, 0.7482, 0.0132, 0.0775, 0.0177], [0.0677, 0.0709, 0.0661, 0.6477, 0.0271, 0.0435, 0.077], [0.0131, 0.0477, 0.0433, 0.695, 0.0804, 0.0532, 0.0672], [0.0293, 0.0483, 0.0225, 0.7805, 0.0205, 0.0589, 0.0399], [0.0343, 0.0575, 0.0316, 0.7093, 0.0644, 0.0231, 0.0798], [0.0456, 0.0707, 0.0583, 0.6869, 0.04, 0.0187, 0.0799], [0.0915, 0.0304, 0.0878, 0.6401, 0.0176, 0.0811, 0.0515], [0.0443, 0.0644, 0.0581, 0.6878, 0.0426, 0.0724, 0.0304], [0.0299, 0.0504, 0.0561, 0.7008, 0.041, 0.0571, 0.0648], [0.0287, 0.0822, 0.0228, 0.6645, 0.0566, 0.0851, 0.0602], [0.0763, 0.0631, 0.0273, 0.6339, 0.072, 0.0911, 0.0363], [0.0669, 0.0275, 0.0174, 0.7436, 0.0299, 0.0603, 0.0543], [0.0279, 0.0826, 0.0423, 0.7272, 0.0342, 0.031, 0.0548], [0.046, 0.0402, 0.0666, 0.67, 0.0789, 0.0672, 0.0311], [0.0863, 0.0231, 0.0168, 0.7276, 0.0826, 0.0244, 0.0392], [0.0504, 0.0506, 0.0239, 0.7431, 0.0532, 0.049, 0.0298], [0.0369, 0.045, 0.0152, 0.7538, 0.0309, 0.052, 0.0662], [0.0209, 0.061, 0.0479, 0.7348, 0.078, 0.0209, 0.0364], [0.0149, 0.0653, 0.0252, 0.7626, 0.0295, 0.0361, 0.0664], [0.0772, 0.0631, 0.0374, 0.65, 0.0457, 0.0548, 0.0719], [0.027, 0.0196, 0.0816, 0.7281, 0.0409, 0.052, 0.0509], [0.0498, 0.0806, 0.067, 0.6135, 0.0718, 0.0396, 0.0776], [0.0697, 0.0647, 0.0299, 0.7327, 0.0459, 0.0354, 0.0218], [0.0524, 0.0446, 0.0584, 0.731, 0.0184, 0.0424, 0.0529], [0.0619, 0.0833, 0.0765, 0.6342, 0.0401, 0.0828, 0.0211], [0.0746, 0.0654, 0.0677, 0.6398, 0.0644, 0.028, 0.0601], [0.0766, 0.0346, 0.0152, 0.736, 0.0329, 0.0842, 0.0205], [0.0579, 0.0205, 0.0774, 0.7134, 0.0301, 0.0254, 0.0754], [0.0386, 0.0274, 0.0766, 0.7382, 0.0197, 0.0748, 0.0247], [0.0355, 0.0455, 0.0637, 0.6841, 0.0381, 0.0685, 0.0645], [0.056, 0.0663, 0.0341, 0.7423, 0.0456, 0.0285, 0.027], [0.0467, 0.0656, 0.0144, 0.7175, 0.0453, 0.0734, 0.037], [0.0529, 0.0691, 0.0419, 0.7358, 0.025, 0.0172, 0.0581], [0.0364, 0.0163, 0.043, 0.7899, 0.0457, 0.0467, 0.0221], [0.0152, 0.0495, 0.0589, 0.6515, 0.0921, 0.0582, 0.0746], [0.0612, 0.0284, 0.0399, 0.7516, 0.0652, 0.0329, 0.0208], [0.0706, 0.0413, 0.0399, 0.7022, 0.0364, 0.0404, 0.0693], [0.0203, 0.0911, 0.0219, 0.6821, 0.0254, 0.0759, 0.0832], [0.0295, 0.067, 0.0415, 0.7502, 0.0112, 0.043, 0.0576], [0.0183, 0.0635, 0.0526, 0.7314, 0.0252, 0.0344, 0.0747], [0.0539, 0.0842, 0.0771, 0.6227, 0.0257, 0.0636, 0.0727], [0.033, 0.0338, 0.0153, 0.7252, 0.0863, 0.0734, 0.0331], [0.0348, 0.0652, 0.0168, 0.7346, 0.0449, 0.0769, 0.0267], [0.0161, 0.0467, 0.047, 0.6948, 0.0735, 0.0564, 0.0654], [0.0546, 0.0721, 0.0686, 0.6785, 0.0627, 0.0202, 0.0433]], "emotions": ["green", "green", "green", "green", "green", "green", "green", "green", "green", "green", "green", "green", "green", "green", "green", "green", "green", "green", "green", "green", "green", "green", "green", "green", "green", "green", "green", "green", "green", "green", "green", "green", "green", "green", "green", "green", "green", "green", "green", "green", "green", "green", "green", "green", "green", "green", "green", "green", "green", "green", "green", "green", "green", "green", "green", "green", "green", "green", "green", "green", "green", "green", "green", "green", "green", "green", "green", "green", "green", "green", "green", "green", "green", "green", "green", "green", "green", "green", "green", "green"], "timestamps": [0, 40, 80, 120, 160, 200, 240, 280, 320, 360, 400, 440, 480, 520, 560, 600, 640, 680, 720, 760, 800, 840, 880, 920, 960, 1000, 1040, 1080, 1120, 1160, 1200, 1240, 1280, 1320, 1360, 1400, 1440, 1480, 1520, 1560, 1600, 1640, 1680, 1720, 1760, 1800, 1840, 1880, 1920, 1960, 2000, 2040, 2080, 2120, 2160, 2200, 2240, 2280, 2320, 2360, 2400, 2440, 2480, 2520, 2560, 2600, 2640, 2680, 2720, 2760, 2800, 2840, 2880, 2920, 2960, 3000, 3040, 3080, 3120, 3160]}], "conversation": [], "conversation_timestamps": []}