{"agent_id": "agent-green-1832", "type": "green", "trips": [{"trip_id": 0, "transport_method": "bicycle", "start_time": 0, "path": [[1.5395397, 42.5109056], [1.539669, 42.5109344], [1.5397983, 42.5109632], [1.5399275, 42.510992], [1.5398974, 42.5109715], [1.5397744, 42.5109222], [1.5396515, 42.5108729], [1.5395285, 42.5108236], [1.5394056, 42.5107743], [1.5392826, 42.510725], [1.5391597, 42.5106757], [1.5391069, 42.5105778], [1.5391039, 42.5104453], [1.539101, 42.5103129], [1.5390125, 42.5102289], [1.5389005, 42.5101581], [1.5387885, 42.5100874], [1.5386625, 42.5100629], [1.5385301, 42.5100593], [1.5383977, 42.5100557], [1.5382652, 42.5100521], [1.5381328, 42.5100486], [1.5380004, 42.510045], [1.537868, 42.5100415], [1.5377356, 42.5100383], [1.5376031, 42.5100352], [1.5374708, 42.51003], [1.5373385, 42.5100228], [1.5372061, 42.5100264], [1.5370737, 42.5100307], [1.5369413, 42.5100349], [1.5368089, 42.5100392], [1.5366765, 42.5100435], [1.5365476, 42.5100194], [1.5364202, 42.5099831], [1.5362909, 42.5099584], [1.5361586, 42.5099509], [1.5360264, 42.5099433], [1.5358941, 42.5099358], [1.5357619, 42.5099282], [1.5356296, 42.5099206], [1.5354974, 42.5099131], [1.5353653, 42.5099037], [1.5352334, 42.5098931], [1.5351011, 42.5098987], [1.5349687, 42.5099043], [1.5348364, 42.50991], [1.534704, 42.5099156], [1.5345717, 42.5099213], [1.5344394, 42.5099166], [1.534307, 42.5099203], [1.5341747, 42.5099269], [1.5340433, 42.5099223], [1.5339123, 42.5099026], [1.533782, 42.509879], [1.5336516, 42.5098553], [1.5335218, 42.5098297], [1.5333961, 42.509788], [1.5332695, 42.5097488], [1.5331403, 42.5097197], [1.5330094, 42.5097005], [1.5328777, 42.5096868], [1.5327459, 42.5096731], [1.5326146, 42.5096559], [1.5324834, 42.5096378], [1.5323557, 42.5096063], [1.5322329, 42.5095567], [1.53211, 42.5095071], [1.5319872, 42.5094576], [1.5318644, 42.509408], [1.5317415, 42.5093584], [1.5316172, 42.5093132], [1.5314901, 42.5092758], [1.5313659, 42.5092301], [1.5312426, 42.5091817], [1.5311193, 42.5091332], [1.530996, 42.5090848], [1.5308727, 42.5090364], [1.5307898, 42.5089625], [1.5307995, 42.5088304]], "mood_vectors": [[0.0239, 0.0848, 0.1048, 0.0295, 0.0669, 0.0455, 0.6447], [0.0475, 0.0259, 0.0548, 0.0799, 0.0484, 0.0828, 0.6608], [0.0506, 0.0426, 0.0442, 0.0166, 0.0461, 0.0309, 0.769], [0.0347, 0.07, 0.0634, 0.0473, 0.06, 0.0337, 0.6908], [0.0593, 0.0308, 0.0247, 0.0457, 0.0751, 0.0243, 0.74], [0.0498, 0.0486, 0.0638, 0.0379, 0.0717, 0.0386, 0.6897], [0.0471, 0.0761, 0.0639, 0.0756, 0.053, 0.0489, 0.6353], [0.0392, 0.0421, 0.053, 0.0327, 0.0513, 0.0298, 0.752], [0.0224, 0.071, 0.1017, 0.0235, 0.0314, 0.0447, 0.7052], [0.0434, 0.0203, 0.0782, 0.0479, 0.0285, 0.0525, 0.7291], [0.0746, 0.077, 0.0723, 0.0587, 0.0294, 0.0289, 0.6592], [0.0976, 0.0942, 0.0495, 0.0266, 0.0208, 0.083, 0.6283], [0.02, 0.03, 0.0845, 0.0377, 0.0319, 0.0853, 0.7106], [0.0593, 0.0638, 0.0119, 0.078, 0.0458, 0.0654, 0.6758], [0.0233, 0.0303, 0.0662, 0.0282, 0.0461, 0.0617, 0.7443], [0.0603, 0.0548, 0.0272, 0.0661, 0.0631, 0.0187, 0.7098], [0.0238, 0.0463, 0.0425, 0.0596, 0.0208, 0.0489, 0.758], [0.0437, 0.0435, 0.0211, 0.0229, 0.0338, 0.0201, 0.815], [0.0422, 0.0886, 0.0385, 0.0262, 0.0458, 0.014, 0.7445], [0.0605, 0.0317, 0.0852, 0.0314, 0.0718, 0.033, 0.6864], [0.0688, 0.0152, 0.0279, 0.0572, 0.0598, 0.0456, 0.7254], [0.0601, 0.0307, 0.0756, 0.0568, 0.0195, 0.0365, 0.7207], [0.0156, 0.0304, 0.062, 0.0221, 0.0335, 0.036, 0.8005], [0.0494, 0.0122, 0.0684, 0.0487, 0.0578, 0.056, 0.7075], [0.0293, 0.0226, 0.0478, 0.0165, 0.0754, 0.0472, 0.7611], [0.0656, 0.0491, 0.0809, 0.032, 0.0458, 0.0474, 0.6791], [0.0622, 0.0643, 0.06, 0.0224, 0.0222, 0.0343, 0.7346], [0.0734, 0.0595, 0.0417, 0.076, 0.0577, 0.0164, 0.6753], [0.0383, 0.0197, 0.0469, 0.0456, 0.0231, 0.0701, 0.7563], [0.0413, 0.015, 0.0485, 0.0615, 0.0885, 0.0324, 0.7128], [0.0643, 0.0744, 0.0681, 0.052, 0.0171, 0.0451, 0.6789], [0.0698, 0.0445, 0.0463, 0.0749, 0.0421, 0.0392, 0.6832], [0.0422, 0.0579, 0.0748, 0.062, 0.0482, 0.0372, 0.6776], [0.0773, 0.038, 0.0503, 0.0369, 0.0328, 0.075, 0.6897], [0.0523, 0.0804, 0.0733, 0.0347, 0.0787, 0.0707, 0.6098], [0.0322, 0.0871, 0.0491, 0.0304, 0.0265, 0.0828, 0.6918], [0.0585, 0.0516, 0.0228, 0.0212, 0.0568, 0.0565, 0.7326], [0.0369, 0.0328, 0.0859, 0.0292, 0.0199, 0.0383, 0.757], [0.0806, 0.016, 0.0319, 0.0387, 0.0349, 0.0267, 0.7712], [0.0845, 0.064, 0.0722, 0.0299, 0.0554, 0.0388, 0.6552], [0.0495, 0.0491, 0.0374, 0.0833, 0.0891, 0.0766, 0.6149], [0.0349, 0.0272, 0.0461, 0.0718, 0.039, 0.0654, 0.7156], [0.0373, 0.033, 0.0781, 0.027, 0.0329, 0.0397, 0.752], [0.0702, 0.019, 0.0226, 0.0479, 0.0813, 0.0668, 0.6921], [0.052, 0.0889, 0.0463, 0.0416, 0.0479, 0.0476, 0.6757], [0.0425, 0.0776, 0.0463, 0.0143, 0.0667, 0.0786, 0.6741], [0.0664, 0.0343, 0.0393, 0.0727, 0.0667, 0.0637, 0.6569], [0.0473, 0.0224, 0.0309, 0.0609, 0.082, 0.037, 0.7194], [0.0379, 0.0403, 0.0569, 0.0259, 0.0414, 0.0789, 0.7186], [0.0818, 0.0722, 0.0619, 0.0761, 0.0439, 0.0469, 0.6173], [0.0645, 0.0291, 0.0483, 0.0541, 0.0435, 0.0716, 0.6889], [0.0591, 0.0698, 0.0301, 0.0618, 0.0618, 0.057, 0.6602], [0.0788, 0.0239, 0.0511, 0.0163, 0.069, 0.0463, 0.7147], [0.0228, 0.0409, 0.0198, 0.0182, 0.0688, 0.0284, 0.801], [0.039, 0.0905, 0.0722, 0.0368, 0.0169, 0.0436, 0.7011], [0.0586, 0.0404, 0.0245, 0.0696, 0.0808, 0.0244, 0.7018], [0.0618, 0.0181, 0.0358, 0.0482, 0.0916, 0.0723, 0.6721], [0.0469, 0.0717, 0.0254, 0.0573, 0.0491, 0.0697, 0.6799], [0.0715, 0.0448, 0.0571, 0.0539, 0.031, 0.0695, 0.6722], [0.0538, 0.0859, 0.0827, 0.0314, 0.0896, 0.0517, 0.605], [0.0214, 0.0283, 0.0376, 0.0502, 0.0283, 0.0264, 0.8079], [0.0464, 0.0181, 0.0654, 0.091, 0.0158, 0.0617, 0.7016], [0.0243, 0.0616, 0.0758, 0.0674, 0.0592, 0.0425, 0.6691], [0.0549, 0.0571, 0.0198, 0.0488, 0.0666, 0.0571, 0.6957], [0.0604, 0.086, 0.056, 0.0237, 0.0175, 0.0909, 0.6656], [0.0259, 0.0556, 0.0867, 0.0741, 0.0186, 0.0902, 0.6489], [0.0375, 0.0261, 0.0796, 0.0253, 0.0605, 0.0709, 0.7001], [0.0407, 0.0834, 0.0428, 0.0363, 0.0286, 0.0284, 0.7398], [0.0706, 0.0218, 0.0574, 0.0769, 0.0681, 0.0194, 0.6859], [0.0515, 0.0436, 0.0649, 0.0482, 0.0628, 0.0626, 0.6664], [0.0153, 0.0433, 0.0834, 0.0495, 0.0278, 0.0202, 0.7606], [0.0695, 0.0472, 0.0796, 0.0427, 0.0421, 0.0563, 0.6626], [0.0278, 0.0388, 0.0808, 0.0876, 0.0694, 0.0567, 0.6388], [0.0393, 0.0175, 0.0878, 0.0736, 0.0288, 0.0184, 0.7346], [0.0407, 0.0446, 0.0465, 0.0498, 0.0744, 0.0449, 0.699], [0.03, 0.0822, 0.072, 0.0334, 0.0178, 0.0177, 0.7469], [0.058, 0.0639, 0.0607, 0.0633, 0.0555, 0.032, 0.6666], [0.0385, 0.0349, 0.0133, 0.0838, 0.0372, 0.0423, 0.7498], [0.0403, 0.0784, 0.0504, 0.0199, 0.0612, 0.0613, 0.6886], [0.0617, 0.0207, 0.0997, 0.016, 0.029, 0.0256, 0.7473]], "emotions": ["purple", "purple", "purple", "purple", "purple", "purple", "purple", "purple", "purple", "purple", "purple", "purple", "purple", "purple", "purple", "purple", "purple", "purple", "purple", "purple", "purple", "purple", "purple", "purple", "purple", "purple", "purple", "purple", "purple", "purple", "purple", "purple", "purple", "purple", "purple", "purple", "purple", "purple", "purple", "purple", "purple", "purple", "purple", "purple", "purple", "purple", "purple", "purple", "purple", "purple", "purple", "purple", "purple", "purple", "purple", "purple", "purple", "purple", "purple", "purple", "purple", "purple", "purple", "purple", "purple", "purple", "purple", "purple", "purple", "purple", "purple", "purple", "purple", "purple", "purple", "purple", "purple", "purple", "purple", "purple"], "timestamps": [0, 40, 80, 120, 160, 200, 240, 280, 320, 360, 400, 440, 480, 520, 560, 600, 640, 680, 720, 760, 800, 840, 880, 920, 960, 1000, 1040, 1080, 1120, 1160, 1200, 1240, 1280, 1320, 1360, 1400, 1440, 1480, 1520, 1560, 1600, 1640, 1680, 1720, 1760, 1800, 1840, 1880, 1920, 1960, 2000, 2040, 2080, 2120, 2160, 2200, 2240, 2280, 2320, 2360, 2400, 2440, 2480, 2520, 2560, 2600, 2640, 2680, 2720, 2760, 2800, 2840, 2880, 2920, 2960, 3000, 3040, 3080, 3120, 3160]}], "conversation": [], "conversation_timestamps": []}