{"agent_id": "agent-blue-1135", "type": "blue", "trips": [{"trip_id": 0, "transport_method": "bus", "start_time": 0, "path": [[1.5137717, 42.5447801], [1.5142842, 42.5445103], [1.5141168, 42.5449213], [1.5149309, 42.5448659], [1.5155846, 42.5445246], [1.5161692, 42.543951], [1.5167801, 42.5434089], [1.5172425, 42.5427482], [1.5176546, 42.5420405], [1.5183209, 42.5416053], [1.5190738, 42.5412806], [1.519426, 42.5405993], [1.5194169, 42.5398318], [1.5194895, 42.539015], [1.5193439, 42.5397339], [1.5194279, 42.5397645], [1.5195109, 42.5389487], [1.5196484, 42.5381454], [1.5199692, 42.5373911], [1.5203416, 42.5366645], [1.5209437, 42.5361222], [1.5211322, 42.535554], [1.5205044, 42.5350268], [1.5199172, 42.5344543], [1.5194796, 42.5337912], [1.5197242, 42.5330184], [1.5196099, 42.532218], [1.5196539, 42.5314161], [1.5198157, 42.530654], [1.5196094, 42.5314267], [1.5196115, 42.5314678], [1.5197076, 42.5306534], [1.5199027, 42.5300266], [1.5204816, 42.5294774], [1.5206376, 42.5286982], [1.5202881, 42.5279715], [1.5199576, 42.5272547], [1.520366, 42.5265603], [1.520596, 42.5257915], [1.5206227, 42.5249719], [1.520878, 42.5242058], [1.5213803, 42.5235592], [1.5217929, 42.5228613], [1.5221561, 42.5221377], [1.5228153, 42.5216555], [1.5233632, 42.5210605], [1.5236325, 42.5202859], [1.5238485, 42.5197337], [1.5236167, 42.5205138], [1.5234143, 42.520937], [1.5237174, 42.520175], [1.5240204, 42.5194131], [1.5243749, 42.5186884], [1.5250514, 42.5182772], [1.5256546, 42.5177258], [1.5262991, 42.5172728], [1.5270198, 42.5169379], [1.5277099, 42.516519], [1.528463, 42.5162088], [1.5290343, 42.5156291], [1.5295493, 42.5149963], [1.5301724, 42.5144855], [1.5302915, 42.5137824], [1.5304841, 42.5130008], [1.5309491, 42.5123254], [1.5305794, 42.5117085], [1.5298773, 42.5113657], [1.5294884, 42.5107902], [1.5293038, 42.5101204], [1.5287123, 42.5095524], [1.528815, 42.5096829], [1.5293776, 42.5101914], [1.5287825, 42.5096272], [1.5281875, 42.509063], [1.5275157, 42.5086018], [1.5267078, 42.5085124], [1.5259066, 42.5083461], [1.5252098, 42.5080033], [1.5244266, 42.5077683], [1.5241404, 42.5072225]], "mood_vectors": [[0.0514, 0.0654, 0.0351, 0.6586, 0.0947, 0.0263, 0.0685], [0.0202, 0.083, 0.0198, 0.6985, 0.0204, 0.0815, 0.0766], [0.0714, 0.0679, 0.0303, 0.6972, 0.0843, 0.0172, 0.0318], [0.0385, 0.043, 0.0546, 0.6869, 0.0411, 0.0335, 0.1025], [0.0508, 0.0553, 0.0449, 0.7545, 0.0349, 0.0363, 0.0232], [0.0551, 0.0195, 0.0696, 0.757, 0.0675, 0.0159, 0.0156], [0.0588, 0.038, 0.0831, 0.685, 0.0643, 0.0569, 0.0139], [0.0483, 0.0496, 0.0273, 0.7388, 0.0771, 0.0168, 0.0421], [0.0144, 0.0752, 0.0136, 0.7083, 0.0697, 0.0611, 0.0577], [0.019, 0.0404, 0.0368, 0.7305, 0.0263, 0.0602, 0.0868], [0.0604, 0.0492, 0.0649, 0.6338, 0.0479, 0.0741, 0.0697], [0.0546, 0.0623, 0.0296, 0.7351, 0.0246, 0.0745, 0.0194], [0.0485, 0.0263, 0.0479, 0.7394, 0.0722, 0.0282, 0.0374], [0.0504, 0.0533, 0.0704, 0.6729, 0.0453, 0.0325, 0.0752], [0.0137, 0.0756, 0.028, 0.7087, 0.0858, 0.0382, 0.0499], [0.0367, 0.0463, 0.0602, 0.7453, 0.0221, 0.0728, 0.0165], [0.0267, 0.072, 0.0514, 0.7156, 0.0575, 0.0165, 0.0602], [0.0522, 0.0332, 0.0407, 0.6966, 0.0829, 0.0742, 0.0202], [0.0265, 0.0873, 0.0208, 0.6885, 0.0576, 0.0871, 0.0323], [0.0545, 0.0152, 0.0139, 0.7275, 0.0531, 0.0702, 0.0656], [0.021, 0.0549, 0.0408, 0.7164, 0.0698, 0.0644, 0.0327], [0.0557, 0.0542, 0.0215, 0.7085, 0.0305, 0.0737, 0.0557], [0.0615, 0.0449, 0.0691, 0.643, 0.0775, 0.0303, 0.0736], [0.0707, 0.0752, 0.0264, 0.6625, 0.0664, 0.0611, 0.0378], [0.0189, 0.0749, 0.0315, 0.7044, 0.033, 0.0837, 0.0536], [0.0136, 0.0409, 0.0791, 0.7348, 0.033, 0.0287, 0.07], [0.0256, 0.0519, 0.0944, 0.7401, 0.0153, 0.0503, 0.0224], [0.0251, 0.0419, 0.084, 0.6631, 0.0442, 0.0747, 0.0669], [0.0453, 0.0351, 0.0713, 0.7079, 0.0535, 0.0176, 0.0692], [0.0169, 0.0488, 0.074, 0.6993, 0.0798, 0.0443, 0.0368], [0.0863, 0.074, 0.0299, 0.7013, 0.0146, 0.0598, 0.034], [0.0289, 0.0544, 0.0301, 0.7396, 0.0569, 0.04, 0.0499], [0.0254, 0.026, 0.0757, 0.7171, 0.0402, 0.0491, 0.0666], [0.0362, 0.0303, 0.0428, 0.8032, 0.0583, 0.0118, 0.0173], [0.0673, 0.0698, 0.0812, 0.6603, 0.0864, 0.0141, 0.021], [0.0352, 0.0258, 0.0169, 0.7479, 0.0849, 0.05, 0.0393], [0.0321, 0.0637, 0.036, 0.721, 0.0481, 0.0547, 0.0444], [0.0668, 0.0545, 0.0428, 0.7397, 0.0384, 0.0361, 0.0216], [0.0156, 0.0164, 0.0441, 0.787, 0.0427, 0.0283, 0.0659], [0.052, 0.0372, 0.0332, 0.715, 0.045, 0.0676, 0.05], [0.0398, 0.0245, 0.0578, 0.7525, 0.0371, 0.0363, 0.0519], [0.0629, 0.0682, 0.0899, 0.6372, 0.0165, 0.0735, 0.0519], [0.042, 0.0561, 0.0535, 0.6629, 0.0739, 0.0518, 0.0597], [0.0758, 0.067, 0.0671, 0.6588, 0.0729, 0.0218, 0.0365], [0.0415, 0.024, 0.0317, 0.7391, 0.0511, 0.0307, 0.082], [0.0261, 0.019, 0.0662, 0.8086, 0.0206, 0.0183, 0.0412], [0.0478, 0.0609, 0.0441, 0.6513, 0.0571, 0.0676, 0.0711], [0.0762, 0.0759, 0.0633, 0.6429, 0.0242, 0.0537, 0.0637], [0.0435, 0.0947, 0.0325, 0.6649, 0.0571, 0.0876, 0.0197], [0.0609, 0.0769, 0.0557, 0.6974, 0.041, 0.0476, 0.0205], [0.0634, 0.0596, 0.079, 0.5798, 0.048, 0.0867, 0.0834], [0.0715, 0.0221, 0.0679, 0.6671, 0.0663, 0.0721, 0.033], [0.0495, 0.0371, 0.0771, 0.7288, 0.0323, 0.0418, 0.0333], [0.0136, 0.0751, 0.0508, 0.7064, 0.0326, 0.0448, 0.0767], [0.0626, 0.0612, 0.0361, 0.6587, 0.0724, 0.0405, 0.0684], [0.0303, 0.0247, 0.047, 0.7156, 0.0414, 0.0643, 0.0768], [0.0359, 0.0411, 0.0713, 0.6765, 0.0451, 0.0731, 0.0569], [0.0779, 0.0646, 0.0381, 0.7531, 0.0218, 0.0325, 0.0119], [0.0957, 0.0215, 0.0387, 0.7458, 0.0369, 0.0332, 0.0282], [0.0476, 0.0746, 0.0477, 0.7166, 0.0603, 0.037, 0.0162], [0.0561, 0.0506, 0.0466, 0.6973, 0.0429, 0.0493, 0.0573], [0.0161, 0.0799, 0.0456, 0.722, 0.0865, 0.0132, 0.0368], [0.0309, 0.0255, 0.0563, 0.7101, 0.0857, 0.0719, 0.0196], [0.0672, 0.0301, 0.0572, 0.6898, 0.026, 0.0532, 0.0765], [0.0499, 0.0681, 0.0672, 0.6576, 0.0159, 0.0815, 0.0598], [0.074, 0.0465, 0.0455, 0.6841, 0.0693, 0.0364, 0.0442], [0.0592, 0.0179, 0.0803, 0.7339, 0.0249, 0.0242, 0.0595], [0.0805, 0.0581, 0.0668, 0.6371, 0.0672, 0.0381, 0.0522], [0.0762, 0.0479, 0.0557, 0.6433, 0.0645, 0.0326, 0.0798], [0.0177, 0.0208, 0.0493, 0.7407, 0.0712, 0.0541, 0.0463], [0.0324, 0.0288, 0.0209, 0.7648, 0.0628, 0.0711, 0.0191], [0.0586, 0.0184, 0.0529, 0.6904, 0.0578, 0.0762, 0.0456], [0.0627, 0.021, 0.0195, 0.7026, 0.0535, 0.058, 0.0828], [0.0457, 0.02, 0.0839, 0.7028, 0.062, 0.0674, 0.0181], [0.0738, 0.0581, 0.0662, 0.7083, 0.015, 0.0515, 0.0273], [0.0774, 0.0803, 0.0212, 0.6905, 0.0214, 0.0791, 0.0301], [0.036, 0.0652, 0.0637, 0.6202, 0.0766, 0.0626, 0.0757], [0.0746, 0.0396, 0.0632, 0.7159, 0.0119, 0.0396, 0.0553], [0.0262, 0.0195, 0.0295, 0.7455, 0.079, 0.0732, 0.027], [0.0654, 0.0562, 0.0557, 0.6969, 0.0436, 0.0197, 0.0626]], "emotions": ["green", "green", "green", "green", "green", "green", "green", "green", "green", "green", "green", "green", "green", "green", "green", "green", "green", "green", "green", "green", "green", "green", "green", "green", "green", "green", "green", "green", "green", "green", "green", "green", "green", "green", "green", "green", "green", "green", "green", "green", "green", "green", "green", "green", "green", "green", "green", "green", "green", "green", "green", "green", "green", "green", "green", "green", "green", "green", "green", "green", "green", "green", "green", "green", "green", "green", "green", "green", "green", "green", "green", "green", "green", "green", "green", "green", "green", "green", "green", "green"], "timestamps": [0, 40, 80, 120, 160, 200, 240, 280, 320, 360, 400, 440, 480, 520, 560, 600, 640, 680, 720, 760, 800, 840, 880, 920, 960, 1000, 1040, 1080, 1120, 1160, 1200, 1240, 1280, 1320, 1360, 1400, 1440, 1480, 1520, 1560, 1600, 1640, 1680, 1720, 1760, 1800, 1840, 1880, 1920, 1960, 2000, 2040, 2080, 2120, 2160, 2200, 2240, 2280, 2320, 2360, 2400, 2440, 2480, 2520, 2560, 2600, 2640, 2680, 2720, 2760, 2800, 2840, 2880, 2920, 2960, 3000, 3040, 3080, 3120, 3160]}], "conversation": [], "conversation_timestamps": []}