{"agent_id": "agent-red-1956", "type": "red", "trips": [{"trip_id": 0, "transport_method": "foot", "start_time": 0, "path": [[1.5403551, 42.5087318], [1.5399283, 42.5087372], [1.5395528, 42.5087031], [1.5391291, 42.5086678], [1.5388137, 42.5085441], [1.5387237, 42.5082289], [1.5383116, 42.5081446], [1.5378856, 42.5081193], [1.5374859, 42.5079708], [1.5375162, 42.5079943], [1.5378169, 42.5081078], [1.5373973, 42.508029], [1.5369778, 42.5079503], [1.5365582, 42.5078715], [1.5361386, 42.5077928], [1.535719, 42.507714], [1.5353236, 42.5075559], [1.5349315, 42.507387], [1.5345395, 42.5072181], [1.5344176, 42.5072282], [1.5347892, 42.507437], [1.5351826, 42.5076017], [1.5355985, 42.5076881], [1.5353433, 42.5075632], [1.5349518, 42.5073931], [1.5345603, 42.5072229], [1.5341687, 42.5070528], [1.5337662, 42.5069135], [1.5333541, 42.5068019], [1.5329447, 42.506705], [1.5325339, 42.5066333], [1.5321228, 42.506714], [1.5317343, 42.5065986], [1.5313511, 42.5064119], [1.5309947, 42.5061769], [1.5306383, 42.5059419], [1.5302992, 42.5056877], [1.5299167, 42.5055485], [1.5294962, 42.5054745], [1.5290757, 42.5054011], [1.5286551, 42.5053276], [1.5282324, 42.5052726], [1.5278069, 42.5052976], [1.5273853, 42.5053302], [1.5269831, 42.5051872], [1.5265735, 42.5050705], [1.5261472, 42.5050928], [1.5257319, 42.5049972], [1.525317, 42.5048963], [1.5248938, 42.5048571], [1.5244679, 42.504832], [1.5240435, 42.5047853], [1.52363, 42.5046838], [1.5232293, 42.5045603], [1.5229719, 42.5045804], [1.523053, 42.5045462], [1.5226294, 42.5045369], [1.5222046, 42.5044938], [1.5218319, 42.5044135], [1.521609, 42.504137], [1.5215321, 42.5037201], [1.5212745, 42.5033993], [1.5209223, 42.5031705], [1.5205622, 42.5029432], [1.5202399, 42.5026834], [1.5200088, 42.5023247], [1.5198884, 42.5019183], [1.5198882, 42.5015068], [1.519605, 42.5012105], [1.5192139, 42.5010413], [1.5188004, 42.500959], [1.5183736, 42.5009699], [1.5179469, 42.5009807], [1.5175201, 42.5009915], [1.517801, 42.5011174], [1.517918, 42.5010096], [1.5174917, 42.5009857], [1.5171701, 42.5011834], [1.5169634, 42.5012778], [1.5165889, 42.5010735]], "mood_vectors": [[0.6231, 0.0367, 0.0259, 0.0758, 0.0784, 0.1039, 0.0562], [0.7671, 0.0623, 0.0387, 0.0139, 0.0548, 0.023, 0.0403], [0.7585, 0.0213, 0.064, 0.0184, 0.0602, 0.0437, 0.0338], [0.7568, 0.0184, 0.0452, 0.067, 0.0299, 0.0409, 0.0419], [0.697, 0.0735, 0.054, 0.0713, 0.0577, 0.0327, 0.0138], [0.7127, 0.0453, 0.0213, 0.0575, 0.0361, 0.052, 0.075], [0.7819, 0.017, 0.0429, 0.0687, 0.0287, 0.0168, 0.044], [0.6222, 0.0603, 0.077, 0.0785, 0.0283, 0.0619, 0.0719], [0.7283, 0.0409, 0.0288, 0.0231, 0.0483, 0.0533, 0.0773], [0.6634, 0.0761, 0.0448, 0.0435, 0.0608, 0.0377, 0.0736], [0.6529, 0.0689, 0.081, 0.0258, 0.0522, 0.0287, 0.0906], [0.7027, 0.0168, 0.0284, 0.0298, 0.0756, 0.0759, 0.0709], [0.6289, 0.0626, 0.071, 0.0474, 0.0766, 0.0773, 0.0362], [0.6732, 0.0645, 0.026, 0.0443, 0.0673, 0.0611, 0.0637], [0.7286, 0.0191, 0.078, 0.0388, 0.0579, 0.0267, 0.0509], [0.7007, 0.0321, 0.0719, 0.0572, 0.0481, 0.0517, 0.0383], [0.6836, 0.0753, 0.0753, 0.0326, 0.0578, 0.0464, 0.0289], [0.6723, 0.0585, 0.0572, 0.0125, 0.0652, 0.0693, 0.065], [0.6692, 0.0302, 0.0518, 0.0904, 0.0599, 0.0246, 0.074], [0.6619, 0.0561, 0.0559, 0.0589, 0.0862, 0.0326, 0.0483], [0.7023, 0.0686, 0.0374, 0.0728, 0.0137, 0.0363, 0.069], [0.6801, 0.0591, 0.0254, 0.0669, 0.0737, 0.026, 0.0687], [0.6374, 0.0439, 0.0511, 0.0567, 0.0801, 0.0647, 0.0661], [0.6482, 0.0326, 0.078, 0.0739, 0.0196, 0.0628, 0.0849], [0.7129, 0.088, 0.027, 0.0293, 0.041, 0.0593, 0.0425], [0.7615, 0.0328, 0.017, 0.0279, 0.0756, 0.0431, 0.0421], [0.7119, 0.0731, 0.0365, 0.0739, 0.0634, 0.0192, 0.0221], [0.6959, 0.0243, 0.044, 0.0536, 0.0528, 0.0623, 0.0672], [0.7627, 0.0177, 0.0247, 0.0676, 0.0259, 0.0529, 0.0484], [0.6762, 0.0579, 0.0667, 0.0335, 0.0654, 0.0455, 0.0548], [0.7315, 0.0726, 0.0445, 0.0149, 0.0657, 0.0535, 0.0173], [0.7022, 0.071, 0.0424, 0.0516, 0.0524, 0.0504, 0.0299], [0.7477, 0.0141, 0.0402, 0.0837, 0.0443, 0.0435, 0.0266], [0.7312, 0.0846, 0.0481, 0.0369, 0.0456, 0.0309, 0.0229], [0.7959, 0.0606, 0.0609, 0.0212, 0.0233, 0.0255, 0.0127], [0.6855, 0.0851, 0.0694, 0.0201, 0.081, 0.0377, 0.0213], [0.7703, 0.0267, 0.0291, 0.0557, 0.0491, 0.0231, 0.0459], [0.7474, 0.0341, 0.0381, 0.0241, 0.0183, 0.0905, 0.0475], [0.769, 0.0486, 0.0195, 0.0168, 0.0217, 0.0674, 0.0571], [0.6986, 0.0543, 0.0173, 0.0437, 0.0689, 0.0582, 0.0589], [0.7574, 0.0119, 0.0761, 0.0445, 0.0419, 0.0546, 0.0136], [0.7601, 0.0716, 0.0402, 0.0309, 0.0366, 0.0367, 0.0239], [0.7367, 0.0651, 0.0125, 0.074, 0.0171, 0.0143, 0.0803], [0.718, 0.0196, 0.0227, 0.0419, 0.0992, 0.0772, 0.0213], [0.6963, 0.0649, 0.041, 0.0316, 0.0202, 0.0705, 0.0755], [0.7911, 0.0503, 0.0182, 0.0556, 0.0486, 0.0218, 0.0144], [0.7521, 0.0393, 0.0251, 0.0346, 0.0455, 0.0242, 0.0792], [0.7023, 0.0547, 0.1066, 0.0349, 0.0451, 0.0267, 0.0298], [0.7012, 0.061, 0.0767, 0.0399, 0.0446, 0.0476, 0.029], [0.6702, 0.0541, 0.0851, 0.0487, 0.0355, 0.0755, 0.0309], [0.7576, 0.0552, 0.0343, 0.0342, 0.0613, 0.0424, 0.0151], [0.7368, 0.0494, 0.0905, 0.0407, 0.0392, 0.0196, 0.0238], [0.7455, 0.0514, 0.0402, 0.0202, 0.0271, 0.0483, 0.0673], [0.721, 0.0578, 0.0387, 0.0122, 0.0243, 0.0725, 0.0735], [0.6857, 0.0657, 0.0534, 0.0506, 0.0338, 0.0398, 0.071], [0.6527, 0.0764, 0.0633, 0.0518, 0.0376, 0.0577, 0.0606], [0.7541, 0.0418, 0.0296, 0.0345, 0.0442, 0.0572, 0.0387], [0.7445, 0.0405, 0.0677, 0.0489, 0.0379, 0.0151, 0.0453], [0.6987, 0.0191, 0.0797, 0.0688, 0.0313, 0.0256, 0.0768], [0.6063, 0.0848, 0.0841, 0.0625, 0.0441, 0.0648, 0.0534], [0.7573, 0.0364, 0.0359, 0.0179, 0.0641, 0.0611, 0.0273], [0.6323, 0.071, 0.056, 0.0821, 0.0708, 0.0412, 0.0467], [0.7116, 0.0779, 0.0345, 0.027, 0.0161, 0.0709, 0.0619], [0.7449, 0.0406, 0.0324, 0.057, 0.0282, 0.0633, 0.0337], [0.6914, 0.0489, 0.0186, 0.0809, 0.0218, 0.05, 0.0884], [0.7424, 0.0294, 0.0379, 0.0134, 0.031, 0.0637, 0.0822], [0.751, 0.0545, 0.0321, 0.0365, 0.061, 0.0414, 0.0235], [0.6889, 0.0262, 0.0652, 0.0192, 0.0863, 0.0191, 0.095], [0.7269, 0.0227, 0.0623, 0.0153, 0.0526, 0.0894, 0.0308], [0.6981, 0.0579, 0.0711, 0.0285, 0.0418, 0.0786, 0.0239], [0.6869, 0.0579, 0.0675, 0.0303, 0.0787, 0.0448, 0.0339], [0.6909, 0.0401, 0.0461, 0.0604, 0.0349, 0.0675, 0.0601], [0.6988, 0.0301, 0.0492, 0.0446, 0.0654, 0.0336, 0.0783], [0.6101, 0.0761, 0.0571, 0.0573, 0.069, 0.0567, 0.0737], [0.7652, 0.0598, 0.0229, 0.0459, 0.0221, 0.0236, 0.0605], [0.6704, 0.0445, 0.029, 0.0544, 0.0657, 0.0651, 0.0709], [0.6396, 0.0664, 0.0615, 0.0678, 0.0518, 0.0813, 0.0316], [0.6699, 0.0596, 0.0664, 0.0557, 0.0301, 0.0666, 0.0516], [0.7033, 0.0663, 0.0265, 0.0694, 0.0487, 0.0713, 0.0143], [0.6527, 0.0453, 0.0339, 0.0579, 0.0605, 0.0689, 0.0808]], "emotions": ["red", "red", "red", "red", "red", "red", "red", "red", "red", "red", "red", "red", "red", "red", "red", "red", "red", "red", "red", "red", "red", "red", "red", "red", "red", "red", "red", "red", "red", "red", "red", "red", "red", "red", "red", "red", "red", "red", "red", "red", "red", "red", "red", "red", "red", "red", "red", "red", "red", "red", "red", "red", "red", "red", "red", "red", "red", "red", "red", "red", "red", "red", "red", "red", "red", "red", "red", "red", "red", "red", "red", "red", "red", "red", "red", "red", "red", "red", "red", "red"], "timestamps": [0, 40, 80, 120, 160, 200, 240, 280, 320, 360, 400, 440, 480, 520, 560, 600, 640, 680, 720, 760, 800, 840, 880, 920, 960, 1000, 1040, 1080, 1120, 1160, 1200, 1240, 1280, 1320, 1360, 1400, 1440, 1480, 1520, 1560, 1600, 1640, 1680, 1720, 1760, 1800, 1840, 1880, 1920, 1960, 2000, 2040, 2080, 2120, 2160, 2200, 2240, 2280, 2320, 2360, 2400, 2440, 2480, 2520, 2560, 2600, 2640, 2680, 2720, 2760, 2800, 2840, 2880, 2920, 2960, 3000, 3040, 3080, 3120, 3160]}], "conversation": [], "conversation_timestamps": []}