{"agent_id": "agent-orange-403", "type": "orange", "trips": [{"trip_id": 0, "transport_method": "car", "start_time": 0, "path": [[1.517791, 42.4994285], [1.5173922, 42.498889], [1.5172215, 42.4991518], [1.5175422, 42.4998146], [1.5177999, 42.5003669], [1.5179576, 42.5010091], [1.5187057, 42.5009715], [1.5194279, 42.5011197], [1.5198667, 42.5016292], [1.5200178, 42.5023432], [1.5204856, 42.5029111], [1.5211029, 42.5033261], [1.5215745, 42.5038496], [1.5218521, 42.5044303], [1.5225588, 42.5045296], [1.5232671, 42.504589], [1.523991, 42.5047655], [1.524484, 42.5048337], [1.5243502, 42.504831], [1.5250923, 42.5049406], [1.5258343, 42.5050503], [1.5265806, 42.5050701], [1.5272944, 42.5052976], [1.5276185, 42.5053135], [1.5279638, 42.505309], [1.5287084, 42.5053369], [1.5294474, 42.505466], [1.5301862, 42.505596], [1.5307713, 42.5060484], [1.531406, 42.5064483], [1.532091, 42.5067381], [1.5324713, 42.5066342], [1.5323675, 42.5067375], [1.5331146, 42.506737], [1.5338386, 42.5069332], [1.5344455, 42.507246], [1.5351159, 42.507579], [1.5358488, 42.5077155], [1.5365975, 42.507761], [1.5373154, 42.5079058], [1.5380244, 42.5081313], [1.5387594, 42.5082265], [1.5395043, 42.5082879], [1.5400345, 42.5085905], [1.540779, 42.5086824], [1.5415227, 42.5087795], [1.5422585, 42.5088923], [1.5422436, 42.508898], [1.5429911, 42.508951], [1.5437179, 42.5091153], [1.5444341, 42.5093055], [1.545183, 42.509347], [1.5458919, 42.5095701], [1.545711, 42.5095046], [1.5457271, 42.5095212], [1.5463821, 42.5098719], [1.5463261, 42.5104306], [1.5467307, 42.5110346], [1.5474445, 42.5112596], [1.5481719, 42.5114426], [1.5489017, 42.5116158], [1.5496248, 42.5118135], [1.5498003, 42.5118891], [1.5503506, 42.5121173], [1.550217, 42.5120687], [1.5508622, 42.5124378], [1.5514344, 42.512923], [1.5512161, 42.5127856], [1.5512473, 42.5127417], [1.5518435, 42.5131969], [1.5524831, 42.5135755], [1.5525044, 42.5136184], [1.5527149, 42.5142979], [1.5528295, 42.5150237], [1.553264, 42.5156332], [1.5535015, 42.5163415], [1.5538444, 42.5170036], [1.5543461, 42.5175552], [1.5549941, 42.5179258], [1.5551522, 42.518068]], "mood_vectors": [[0.0281, 0.0363, 0.0657, 0.0801, 0.6848, 0.0614, 0.0436], [0.0554, 0.0379, 0.021, 0.069, 0.7034, 0.0701, 0.0433], [0.0591, 0.0167, 0.0384, 0.0554, 0.7391, 0.0222, 0.069], [0.0496, 0.071, 0.0467, 0.0733, 0.6756, 0.0454, 0.0383], [0.0378, 0.0106, 0.0172, 0.0709, 0.7305, 0.0638, 0.0692], [0.0733, 0.0549, 0.0355, 0.0672, 0.6829, 0.0431, 0.0432], [0.0461, 0.0702, 0.03, 0.0837, 0.6977, 0.0562, 0.0161], [0.0341, 0.0265, 0.0899, 0.0292, 0.6885, 0.0284, 0.1035], [0.0323, 0.0541, 0.059, 0.0526, 0.6784, 0.052, 0.0716], [0.0338, 0.0305, 0.0806, 0.0749, 0.6783, 0.0129, 0.0891], [0.0286, 0.0531, 0.0406, 0.0311, 0.7287, 0.0772, 0.0406], [0.0573, 0.0842, 0.0485, 0.0303, 0.6126, 0.0831, 0.0841], [0.0198, 0.0642, 0.0651, 0.0558, 0.6667, 0.0689, 0.0596], [0.0518, 0.0658, 0.0235, 0.0651, 0.6962, 0.0575, 0.04], [0.0456, 0.0419, 0.0785, 0.0851, 0.6538, 0.0725, 0.0225], [0.0525, 0.0304, 0.0303, 0.0635, 0.7445, 0.04, 0.0388], [0.0264, 0.0682, 0.0409, 0.0465, 0.7756, 0.0212, 0.0213], [0.0488, 0.0715, 0.0942, 0.0182, 0.6281, 0.0804, 0.0589], [0.0389, 0.0361, 0.0313, 0.0718, 0.6323, 0.0956, 0.0941], [0.0579, 0.0357, 0.0461, 0.0642, 0.7152, 0.0457, 0.0352], [0.0216, 0.099, 0.0336, 0.0577, 0.7187, 0.0306, 0.0388], [0.0542, 0.0931, 0.0215, 0.0608, 0.709, 0.0277, 0.0338], [0.0449, 0.0823, 0.0781, 0.019, 0.7118, 0.0369, 0.0271], [0.0733, 0.0349, 0.0409, 0.0643, 0.7258, 0.0381, 0.0228], [0.0377, 0.0473, 0.0773, 0.0261, 0.7541, 0.026, 0.0315], [0.0171, 0.0761, 0.0361, 0.046, 0.7104, 0.072, 0.0424], [0.071, 0.0542, 0.0432, 0.0309, 0.7235, 0.0239, 0.0534], [0.0225, 0.0518, 0.0422, 0.0456, 0.7454, 0.0305, 0.062], [0.0236, 0.0614, 0.0124, 0.043, 0.7429, 0.0677, 0.0489], [0.0741, 0.0723, 0.0778, 0.0498, 0.6502, 0.0471, 0.0288], [0.0311, 0.0143, 0.0158, 0.0768, 0.7388, 0.0704, 0.0528], [0.0449, 0.0418, 0.0603, 0.0254, 0.7292, 0.0374, 0.061], [0.0642, 0.0724, 0.0444, 0.0418, 0.6826, 0.0715, 0.0232], [0.038, 0.0653, 0.0673, 0.0682, 0.6618, 0.0804, 0.019], [0.0229, 0.0324, 0.0155, 0.0463, 0.7561, 0.0729, 0.0538], [0.0426, 0.0721, 0.0217, 0.0579, 0.6806, 0.059, 0.0661], [0.0734, 0.0373, 0.0677, 0.0592, 0.6757, 0.0447, 0.0419], [0.0693, 0.0309, 0.0469, 0.0537, 0.7254, 0.0603, 0.0134], [0.084, 0.0144, 0.0934, 0.031, 0.6435, 0.0546, 0.079], [0.0379, 0.0777, 0.033, 0.077, 0.6472, 0.0707, 0.0564], [0.0671, 0.0455, 0.0138, 0.0408, 0.7598, 0.027, 0.046], [0.0653, 0.0441, 0.0645, 0.0551, 0.6494, 0.0687, 0.0529], [0.0525, 0.0348, 0.0644, 0.0415, 0.6972, 0.0624, 0.0472], [0.0484, 0.0377, 0.067, 0.0234, 0.7253, 0.0558, 0.0425], [0.0696, 0.0262, 0.0753, 0.0585, 0.6781, 0.0298, 0.0626], [0.0737, 0.0745, 0.066, 0.0183, 0.6594, 0.05, 0.0582], [0.0687, 0.0374, 0.0397, 0.0258, 0.7658, 0.0339, 0.0287], [0.0795, 0.0468, 0.0792, 0.0564, 0.6441, 0.0796, 0.0144], [0.0498, 0.0205, 0.0912, 0.0485, 0.6836, 0.035, 0.0714], [0.0324, 0.0601, 0.0589, 0.0652, 0.6602, 0.0485, 0.0747], [0.021, 0.0277, 0.0561, 0.0461, 0.783, 0.0323, 0.0339], [0.0232, 0.0152, 0.0387, 0.0343, 0.8307, 0.0253, 0.0326], [0.0599, 0.0702, 0.0606, 0.0493, 0.6577, 0.0389, 0.0634], [0.0573, 0.0554, 0.0144, 0.0376, 0.7159, 0.0462, 0.0732], [0.0597, 0.0144, 0.019, 0.0675, 0.7426, 0.0479, 0.0489], [0.0226, 0.0806, 0.0505, 0.0539, 0.6748, 0.089, 0.0287], [0.0779, 0.0262, 0.0505, 0.0182, 0.7276, 0.0817, 0.0179], [0.0319, 0.0595, 0.0552, 0.0372, 0.7095, 0.0541, 0.0525], [0.0363, 0.0596, 0.0729, 0.0766, 0.6753, 0.033, 0.0463], [0.0611, 0.0123, 0.0682, 0.0563, 0.7543, 0.0356, 0.0122], [0.0145, 0.0541, 0.0238, 0.0161, 0.777, 0.0665, 0.0479], [0.0443, 0.0485, 0.0275, 0.0769, 0.7152, 0.0236, 0.0641], [0.0582, 0.0909, 0.0573, 0.0386, 0.6384, 0.0284, 0.0881], [0.0349, 0.0751, 0.0253, 0.0764, 0.6811, 0.0355, 0.0716], [0.0482, 0.0652, 0.064, 0.012, 0.7659, 0.0198, 0.0248], [0.0967, 0.0539, 0.0157, 0.0395, 0.6896, 0.0833, 0.0214], [0.055, 0.0165, 0.0511, 0.0579, 0.6799, 0.0704, 0.0693], [0.0211, 0.0408, 0.0554, 0.0267, 0.7551, 0.0439, 0.0569], [0.0593, 0.0241, 0.045, 0.016, 0.7252, 0.0697, 0.0607], [0.046, 0.0349, 0.0373, 0.036, 0.7246, 0.0704, 0.0508], [0.0511, 0.0834, 0.0601, 0.0281, 0.6313, 0.0657, 0.0803], [0.054, 0.0353, 0.0698, 0.0912, 0.6572, 0.0656, 0.0269], [0.0746, 0.0618, 0.0833, 0.0222, 0.65, 0.0615, 0.0466], [0.05, 0.0577, 0.0411, 0.0679, 0.6991, 0.0374, 0.0469], [0.0126, 0.0258, 0.0598, 0.0727, 0.7854, 0.0309, 0.0128], [0.0285, 0.0615, 0.042, 0.0456, 0.738, 0.0574, 0.027], [0.0257, 0.0169, 0.0981, 0.0828, 0.6392, 0.1014, 0.036], [0.0233, 0.0195, 0.0516, 0.0574, 0.7894, 0.0222, 0.0367], [0.0136, 0.0312, 0.0513, 0.0693, 0.7, 0.0729, 0.0616], [0.0426, 0.0605, 0.0412, 0.0549, 0.7403, 0.0145, 0.046]], "emotions": ["red", "red", "red", "red", "red", "red", "red", "red", "red", "red", "red", "red", "red", "red", "red", "red", "red", "red", "red", "red", "red", "red", "red", "red", "red", "red", "red", "red", "red", "red", "red", "red", "red", "red", "red", "red", "red", "red", "red", "red", "red", "red", "red", "red", "red", "red", "red", "red", "red", "red", "red", "red", "red", "red", "red", "red", "red", "red", "red", "red", "red", "red", "red", "red", "red", "red", "red", "red", "red", "red", "red", "red", "red", "red", "red", "red", "red", "red", "red", "red"], "timestamps": [0, 40, 80, 120, 160, 200, 240, 280, 320, 360, 400, 440, 480, 520, 560, 600, 640, 680, 720, 760, 800, 840, 880, 920, 960, 1000, 1040, 1080, 1120, 1160, 1200, 1240, 1280, 1320, 1360, 1400, 1440, 1480, 1520, 1560, 1600, 1640, 1680, 1720, 1760, 1800, 1840, 1880, 1920, 1960, 2000, 2040, 2080, 2120, 2160, 2200, 2240, 2280, 2320, 2360, 2400, 2440, 2480, 2520, 2560, 2600, 2640, 2680, 2720, 2760, 2800, 2840, 2880, 2920, 2960, 3000, 3040, 3080, 3120, 3160]}], "conversation": [], "conversation_timestamps": []}