{"agent_id": "agent-purple-229", "type": "purple", "trips": [{"trip_id": 0, "transport_method": "foot", "start_time": 0, "path": [[1.520062, 42.5371616], [1.5198897, 42.5370687], [1.5199389, 42.5368854], [1.5200425, 42.5367157], [1.5201442, 42.5365448], [1.5202524, 42.5363783], [1.5204014, 42.5362477], [1.5205772, 42.5361561], [1.5206909, 42.5360273], [1.5206064, 42.5358474], [1.5204573, 42.5357179], [1.5202883, 42.5356132], [1.5201228, 42.5355035], [1.5199732, 42.5353725], [1.5198163, 42.5352505], [1.5196267, 42.5352281], [1.5196645, 42.5353898], [1.5197714, 42.5355575], [1.5198798, 42.5357242], [1.5199769, 42.5358946], [1.5199363, 42.536083], [1.5198078, 42.5362326], [1.5196944, 42.5363933], [1.5197264, 42.5365271], [1.5198391, 42.5366909], [1.5199519, 42.5368547], [1.5200646, 42.5370184], [1.5201703, 42.5369446], [1.520274, 42.536775], [1.5203804, 42.5366072], [1.5205043, 42.536452], [1.5206486, 42.5363153], [1.5208118, 42.5362021], [1.5209801, 42.5360965], [1.5211047, 42.5359527], [1.5212036, 42.5358048], [1.5212582, 42.5356799], [1.5211168, 42.5355414], [1.520963, 42.5354154], [1.5208086, 42.5352902], [1.5206569, 42.5351617], [1.5205078, 42.5350302], [1.520365, 42.5348919], [1.5202221, 42.5347536], [1.5200796, 42.5346149], [1.5199382, 42.5344751], [1.5197968, 42.5343353], [1.519658, 42.534193], [1.5195404, 42.5340336], [1.519483, 42.533845], [1.519501, 42.5336487], [1.5195701, 42.5334631], [1.5196576, 42.5332846], [1.5197141, 42.5330968], [1.5197395, 42.5328996], [1.5197236, 42.5327026], [1.5196977, 42.5325055], [1.5196513, 42.5323131], [1.5195704, 42.5321322], [1.519568, 42.5319334], [1.5196087, 42.5317427], [1.5196837, 42.5315586], [1.5197587, 42.5313745], [1.5198337, 42.5311903], [1.5198998, 42.5310314], [1.5198305, 42.5312173], [1.5197311, 42.5313893], [1.5196276, 42.5315589], [1.5195759, 42.5317492], [1.5196032, 42.5317491], [1.5196735, 42.5315631], [1.5197438, 42.5313771], [1.5198141, 42.5311911], [1.5198844, 42.5310051], [1.5199514, 42.5308182], [1.5201192, 42.5307461], [1.5203176, 42.5307382], [1.5205158, 42.5307231], [1.5203808, 42.5307574], [1.5201824, 42.5307485]], "mood_vectors": [[0.0361, 0.0717, 0.0894, 0.0774, 0.0847, 0.623, 0.0177], [0.0137, 0.0875, 0.0879, 0.0707, 0.0884, 0.6333, 0.0185], [0.0597, 0.0408, 0.0325, 0.0271, 0.0212, 0.7358, 0.0828], [0.039, 0.0614, 0.0137, 0.0467, 0.0383, 0.7742, 0.0266], [0.0331, 0.0598, 0.0498, 0.0399, 0.069, 0.718, 0.0305], [0.0788, 0.0624, 0.0173, 0.0207, 0.0278, 0.7313, 0.0617], [0.0575, 0.0309, 0.0737, 0.0803, 0.0389, 0.7036, 0.0151], [0.0831, 0.0443, 0.0623, 0.0599, 0.0201, 0.6729, 0.0573], [0.0361, 0.0474, 0.0482, 0.0412, 0.0645, 0.6966, 0.0661], [0.0323, 0.0582, 0.0333, 0.0219, 0.0651, 0.725, 0.0641], [0.0838, 0.0352, 0.0504, 0.0496, 0.0286, 0.7004, 0.052], [0.0144, 0.0755, 0.0699, 0.0317, 0.0635, 0.6792, 0.0658], [0.0437, 0.0483, 0.0555, 0.0426, 0.0303, 0.6935, 0.0859], [0.0527, 0.0174, 0.0787, 0.0588, 0.0309, 0.7123, 0.0493], [0.0572, 0.0179, 0.0455, 0.0719, 0.0706, 0.6606, 0.0763], [0.0462, 0.0352, 0.0558, 0.034, 0.0165, 0.7785, 0.0338], [0.065, 0.0743, 0.0507, 0.0701, 0.0691, 0.6007, 0.07], [0.0691, 0.0399, 0.0434, 0.0652, 0.0732, 0.6531, 0.056], [0.0448, 0.0235, 0.0862, 0.0186, 0.017, 0.783, 0.027], [0.038, 0.0676, 0.0955, 0.0672, 0.0226, 0.6599, 0.0492], [0.0504, 0.0239, 0.0375, 0.0543, 0.08, 0.6738, 0.0802], [0.0667, 0.0154, 0.0134, 0.0477, 0.0283, 0.754, 0.0745], [0.0581, 0.0196, 0.0327, 0.032, 0.0734, 0.7219, 0.0623], [0.0274, 0.0264, 0.0822, 0.0672, 0.0513, 0.6727, 0.0728], [0.0597, 0.0317, 0.0685, 0.0292, 0.0151, 0.7421, 0.0538], [0.0472, 0.0167, 0.0948, 0.0613, 0.0463, 0.6566, 0.0773], [0.0289, 0.0344, 0.0321, 0.0431, 0.0625, 0.7235, 0.0755], [0.0304, 0.0312, 0.0535, 0.0594, 0.0752, 0.7134, 0.0369], [0.0148, 0.06, 0.0523, 0.0768, 0.0746, 0.6748, 0.0466], [0.068, 0.026, 0.063, 0.0538, 0.0715, 0.6616, 0.0562], [0.0313, 0.0437, 0.0724, 0.0471, 0.0287, 0.7421, 0.0347], [0.0513, 0.0646, 0.0301, 0.0274, 0.0751, 0.6866, 0.0649], [0.0378, 0.094, 0.0495, 0.0919, 0.0362, 0.6254, 0.0653], [0.0337, 0.0582, 0.066, 0.0879, 0.0554, 0.6828, 0.016], [0.0494, 0.0379, 0.0876, 0.0812, 0.0799, 0.6459, 0.0181], [0.059, 0.028, 0.0259, 0.0368, 0.0585, 0.7756, 0.0163], [0.0573, 0.0336, 0.0664, 0.0234, 0.0521, 0.7196, 0.0478], [0.0267, 0.055, 0.0261, 0.0427, 0.0769, 0.7491, 0.0236], [0.0455, 0.0561, 0.075, 0.0305, 0.0186, 0.7183, 0.056], [0.0359, 0.0248, 0.0337, 0.0324, 0.0209, 0.786, 0.0663], [0.0561, 0.0717, 0.067, 0.0831, 0.013, 0.6639, 0.0453], [0.0218, 0.0417, 0.0249, 0.0479, 0.0436, 0.7557, 0.0644], [0.0258, 0.0709, 0.0752, 0.0501, 0.0503, 0.661, 0.0666], [0.0629, 0.0528, 0.0328, 0.0713, 0.0622, 0.6986, 0.0193], [0.0912, 0.0278, 0.0761, 0.0304, 0.0264, 0.667, 0.0811], [0.0553, 0.0836, 0.0505, 0.0755, 0.0461, 0.6245, 0.0645], [0.0404, 0.033, 0.0192, 0.0766, 0.0841, 0.7067, 0.04], [0.0702, 0.0183, 0.074, 0.0458, 0.0761, 0.6309, 0.0846], [0.0627, 0.017, 0.0631, 0.0962, 0.0729, 0.6073, 0.0808], [0.0589, 0.0839, 0.0479, 0.0768, 0.0241, 0.6621, 0.0463], [0.0859, 0.0858, 0.0558, 0.0334, 0.0704, 0.6169, 0.0517], [0.0292, 0.0278, 0.0713, 0.02, 0.0565, 0.71, 0.0852], [0.027, 0.0613, 0.0399, 0.0825, 0.0442, 0.7196, 0.0254], [0.0762, 0.0504, 0.0473, 0.0451, 0.0142, 0.7293, 0.0375], [0.0436, 0.0636, 0.0139, 0.0494, 0.0206, 0.7674, 0.0415], [0.0669, 0.0333, 0.0193, 0.0313, 0.0634, 0.7447, 0.0412], [0.0371, 0.0765, 0.0308, 0.053, 0.0531, 0.7235, 0.026], [0.0695, 0.0453, 0.0272, 0.051, 0.0804, 0.6514, 0.0751], [0.0264, 0.07, 0.0281, 0.064, 0.0375, 0.7448, 0.0292], [0.055, 0.0411, 0.0124, 0.0692, 0.0181, 0.732, 0.0722], [0.0167, 0.0719, 0.0542, 0.051, 0.0745, 0.6673, 0.0645], [0.0214, 0.0475, 0.0533, 0.0313, 0.0196, 0.7516, 0.0754], [0.0571, 0.069, 0.0391, 0.0352, 0.0663, 0.6456, 0.0877], [0.0751, 0.0456, 0.0644, 0.0675, 0.0636, 0.6084, 0.0754], [0.0611, 0.0465, 0.0687, 0.0229, 0.0428, 0.735, 0.023], [0.0645, 0.0497, 0.0674, 0.0303, 0.0776, 0.623, 0.0875], [0.0208, 0.0625, 0.0267, 0.0705, 0.0293, 0.7117, 0.0785], [0.0593, 0.0739, 0.036, 0.0292, 0.0396, 0.6635, 0.0985], [0.0422, 0.072, 0.027, 0.0517, 0.054, 0.718, 0.0351], [0.042, 0.0331, 0.0417, 0.0542, 0.0136, 0.7392, 0.0762], [0.029, 0.0669, 0.0749, 0.081, 0.0883, 0.6254, 0.0345], [0.0644, 0.0388, 0.052, 0.0739, 0.0275, 0.6973, 0.0461], [0.0553, 0.0446, 0.0816, 0.0436, 0.0263, 0.716, 0.0327], [0.0476, 0.0874, 0.0273, 0.0526, 0.0318, 0.665, 0.0882], [0.0808, 0.0142, 0.0278, 0.0229, 0.0662, 0.7036, 0.0845], [0.0811, 0.0433, 0.0211, 0.0418, 0.0475, 0.715, 0.0503], [0.0542, 0.0285, 0.0918, 0.0922, 0.0455, 0.6667, 0.0213], [0.0542, 0.0673, 0.0243, 0.0834, 0.0514, 0.6548, 0.0647], [0.0655, 0.0659, 0.0354, 0.0241, 0.0195, 0.7246, 0.065], [0.0699, 0.0537, 0.0682, 0.0434, 0.0946, 0.631, 0.0391]], "emotions": ["purple", "purple", "purple", "purple", "purple", "purple", "purple", "purple", "purple", "purple", "purple", "purple", "purple", "purple", "purple", "purple", "purple", "purple", "purple", "purple", "purple", "purple", "purple", "purple", "purple", "purple", "purple", "purple", "purple", "purple", "purple", "purple", "purple", "purple", "purple", "purple", "purple", "purple", "purple", "purple", "purple", "purple", "purple", "purple", "purple", "purple", "purple", "purple", "purple", "purple", "purple", "purple", "purple", "purple", "purple", "purple", "purple", "purple", "purple", "purple", "purple", "purple", "purple", "purple", "purple", "purple", "purple", "purple", "purple", "purple", "purple", "purple", "purple", "purple", "purple", "purple", "purple", "purple", "purple", "purple"], "timestamps": [0, 40, 80, 120, 160, 200, 240, 280, 320, 360, 400, 440, 480, 520, 560, 600, 640, 680, 720, 760, 800, 840, 880, 920, 960, 1000, 1040, 1080, 1120, 1160, 1200, 1240, 1280, 1320, 1360, 1400, 1440, 1480, 1520, 1560, 1600, 1640, 1680, 1720, 1760, 1800, 1840, 1880, 1920, 1960, 2000, 2040, 2080, 2120, 2160, 2200, 2240, 2280, 2320, 2360, 2400, 2440, 2480, 2520, 2560, 2600, 2640, 2680, 2720, 2760, 2800, 2840, 2880, 2920, 2960, 3000, 3040, 3080, 3120, 3160]}], "conversation": [], "conversation_timestamps": []}