{"agent_id": "agent-purple-1749", "type": "purple", "trips": [{"trip_id": 0, "transport_method": "foot", "start_time": 0, "path": [[1.53023, 42.5056037], [1.5301086, 42.5055823], [1.5299873, 42.505561], [1.529866, 42.5055396], [1.5297447, 42.5055182], [1.5296234, 42.5054968], [1.5295021, 42.5054755], [1.5293808, 42.5054543], [1.5292594, 42.5054332], [1.5291381, 42.505412], [1.5290167, 42.5053908], [1.5288954, 42.5053696], [1.5287741, 42.5053484], [1.5286527, 42.5053272], [1.5285314, 42.505306], [1.52841, 42.5052848], [1.5282873, 42.505276], [1.5281643, 42.5052683], [1.5280416, 42.5052777], [1.5279189, 42.5052886], [1.5277961, 42.505298], [1.527673, 42.505303], [1.5275517, 42.5053229], [1.5274297, 42.5053401], [1.5273072, 42.5053309], [1.5271846, 42.5053188], [1.527062, 42.5053066], [1.5269399, 42.505291], [1.5268173, 42.5052989], [1.5266942, 42.5053005], [1.5265712, 42.5053063], [1.5264482, 42.5053121], [1.5263251, 42.5053179], [1.5262021, 42.5053237], [1.5260795, 42.5053226], [1.5259587, 42.5052989], [1.5258378, 42.5052752], [1.5257169, 42.5052515], [1.5255961, 42.5052277], [1.5254752, 42.505204], [1.5253543, 42.5051803], [1.5252334, 42.5051566], [1.5251126, 42.5051329], [1.5249917, 42.5051091], [1.5248708, 42.5050854], [1.52475, 42.5050617], [1.5246291, 42.505038], [1.5245082, 42.5050142], [1.5243874, 42.5049905], [1.5242659, 42.5049701], [1.5241443, 42.5049504], [1.5240227, 42.5049307], [1.5239011, 42.504911], [1.5237804, 42.5048868], [1.5236599, 42.504861], [1.5235397, 42.5048345], [1.5234194, 42.5048079], [1.5232972, 42.5047979], [1.5231741, 42.5047965], [1.5230519, 42.5047808], [1.5229297, 42.5047651], [1.5228075, 42.5047494], [1.5226854, 42.5047337], [1.5225633, 42.504717], [1.522443, 42.5047286], [1.5223255, 42.5047654], [1.5222079, 42.5048022], [1.5220976, 42.5048445], [1.5220931, 42.5049676], [1.5220871, 42.5050906], [1.52208, 42.5052136], [1.522073, 42.5053366], [1.522066, 42.5054596], [1.522059, 42.5055825], [1.5220142, 42.5056958], [1.5219608, 42.5058068], [1.5219074, 42.5059178], [1.521854, 42.5060287], [1.5218006, 42.5061397], [1.5217472, 42.5062507]], "mood_vectors": [[0.0493, 0.0786, 0.0396, 0.014, 0.0308, 0.7066, 0.081], [0.0449, 0.0338, 0.0749, 0.0158, 0.0727, 0.6801, 0.0778], [0.0293, 0.0292, 0.0602, 0.0203, 0.0558, 0.7513, 0.054], [0.0672, 0.0314, 0.0463, 0.0622, 0.0193, 0.7447, 0.0289], [0.0303, 0.0276, 0.0635, 0.0314, 0.0993, 0.71, 0.0379], [0.0515, 0.0348, 0.0346, 0.0404, 0.0523, 0.7023, 0.0841], [0.0465, 0.0476, 0.0446, 0.0207, 0.0887, 0.6758, 0.0761], [0.0352, 0.0413, 0.0206, 0.0395, 0.0422, 0.7492, 0.0719], [0.0607, 0.0711, 0.0613, 0.0573, 0.0335, 0.6462, 0.0697], [0.0434, 0.0249, 0.066, 0.0513, 0.051, 0.6852, 0.0782], [0.0351, 0.0379, 0.0475, 0.0493, 0.0669, 0.7088, 0.0545], [0.0274, 0.0836, 0.022, 0.0872, 0.0498, 0.677, 0.0531], [0.0587, 0.0731, 0.0787, 0.051, 0.0193, 0.6745, 0.0445], [0.0487, 0.0584, 0.0476, 0.0432, 0.053, 0.6859, 0.0632], [0.065, 0.0703, 0.0415, 0.0196, 0.0309, 0.6981, 0.0746], [0.0771, 0.016, 0.0793, 0.0644, 0.0326, 0.6934, 0.0372], [0.0454, 0.0458, 0.0466, 0.0565, 0.0537, 0.6968, 0.0553], [0.0589, 0.0275, 0.0214, 0.0552, 0.0794, 0.701, 0.0567], [0.0493, 0.0588, 0.0497, 0.0722, 0.0607, 0.6743, 0.035], [0.0673, 0.0478, 0.0553, 0.0275, 0.0749, 0.7061, 0.0211], [0.0442, 0.0734, 0.0153, 0.0223, 0.0605, 0.7642, 0.0201], [0.0573, 0.0235, 0.0908, 0.0618, 0.0167, 0.7327, 0.0172], [0.0674, 0.0419, 0.0813, 0.0539, 0.0223, 0.719, 0.0141], [0.0472, 0.0334, 0.0354, 0.0765, 0.0135, 0.7459, 0.048], [0.0446, 0.0716, 0.0668, 0.0726, 0.0657, 0.6628, 0.0159], [0.0612, 0.0387, 0.0746, 0.0613, 0.0595, 0.6617, 0.043], [0.0762, 0.0339, 0.0794, 0.0273, 0.0442, 0.6982, 0.0408], [0.0698, 0.0359, 0.0681, 0.0569, 0.0659, 0.6739, 0.0296], [0.053, 0.091, 0.0473, 0.0429, 0.0985, 0.6462, 0.0212], [0.0679, 0.0573, 0.0298, 0.0412, 0.0905, 0.6521, 0.0612], [0.0574, 0.0534, 0.063, 0.0541, 0.0625, 0.6708, 0.0388], [0.0375, 0.0821, 0.0187, 0.0661, 0.017, 0.7569, 0.0218], [0.0464, 0.0209, 0.0894, 0.0586, 0.0421, 0.7098, 0.0328], [0.0517, 0.0492, 0.0502, 0.0367, 0.0617, 0.6919, 0.0586], [0.0359, 0.0726, 0.0722, 0.0762, 0.0152, 0.6767, 0.0512], [0.0666, 0.014, 0.0629, 0.0596, 0.0726, 0.6953, 0.0291], [0.0281, 0.0201, 0.0563, 0.0244, 0.0482, 0.8044, 0.0185], [0.0831, 0.0436, 0.024, 0.0304, 0.0909, 0.6601, 0.0679], [0.0204, 0.0862, 0.0149, 0.0619, 0.0188, 0.7605, 0.0374], [0.0542, 0.0634, 0.0489, 0.0385, 0.0209, 0.7095, 0.0648], [0.0471, 0.0492, 0.0482, 0.0865, 0.0825, 0.6273, 0.0592], [0.0288, 0.0493, 0.0475, 0.0436, 0.0335, 0.7657, 0.0317], [0.018, 0.0267, 0.0593, 0.0797, 0.0894, 0.6848, 0.0421], [0.0789, 0.0715, 0.0391, 0.0657, 0.0192, 0.6852, 0.0404], [0.0687, 0.0179, 0.0729, 0.0397, 0.0807, 0.6401, 0.08], [0.0223, 0.0567, 0.028, 0.0199, 0.0564, 0.7473, 0.0693], [0.0227, 0.0731, 0.0469, 0.0799, 0.0538, 0.6743, 0.0493], [0.0476, 0.0704, 0.0664, 0.0517, 0.0347, 0.6494, 0.0798], [0.0281, 0.0395, 0.0289, 0.0458, 0.0443, 0.7738, 0.0397], [0.0724, 0.0564, 0.0741, 0.0299, 0.0278, 0.6635, 0.0759], [0.0131, 0.017, 0.0755, 0.015, 0.0311, 0.8299, 0.0184], [0.0573, 0.0614, 0.0591, 0.0399, 0.1057, 0.6424, 0.0341], [0.0374, 0.0559, 0.0763, 0.027, 0.0159, 0.7619, 0.0256], [0.0767, 0.0792, 0.0317, 0.0273, 0.0836, 0.6124, 0.0892], [0.0656, 0.0685, 0.069, 0.0683, 0.0112, 0.6684, 0.0491], [0.0297, 0.0222, 0.0186, 0.0615, 0.0944, 0.7065, 0.0671], [0.0731, 0.0721, 0.0346, 0.0533, 0.0563, 0.6405, 0.0702], [0.0204, 0.0615, 0.0404, 0.0652, 0.0465, 0.7195, 0.0466], [0.0243, 0.0623, 0.0142, 0.0221, 0.0206, 0.8184, 0.0381], [0.0198, 0.0922, 0.0253, 0.0949, 0.0473, 0.6901, 0.0304], [0.0678, 0.0371, 0.0597, 0.0373, 0.0394, 0.7387, 0.02], [0.0641, 0.069, 0.0682, 0.0171, 0.0721, 0.6818, 0.0278], [0.033, 0.0292, 0.0368, 0.0756, 0.032, 0.7696, 0.0238], [0.0425, 0.1054, 0.098, 0.0452, 0.0317, 0.6589, 0.0184], [0.0178, 0.0802, 0.0545, 0.0272, 0.0677, 0.7075, 0.0451], [0.0755, 0.0259, 0.016, 0.0229, 0.0389, 0.7829, 0.0378], [0.0194, 0.0681, 0.0611, 0.0577, 0.0123, 0.7104, 0.071], [0.0687, 0.0648, 0.039, 0.0372, 0.0555, 0.6979, 0.0369], [0.0749, 0.0467, 0.0763, 0.0385, 0.0526, 0.6857, 0.0254], [0.0213, 0.0402, 0.057, 0.0922, 0.0465, 0.695, 0.0478], [0.0487, 0.036, 0.0188, 0.0826, 0.056, 0.6854, 0.0724], [0.0288, 0.0197, 0.0716, 0.0247, 0.0836, 0.7381, 0.0333], [0.0521, 0.0544, 0.0883, 0.0748, 0.0305, 0.6219, 0.078], [0.0535, 0.0705, 0.0237, 0.062, 0.0585, 0.6705, 0.0613], [0.0413, 0.0545, 0.0497, 0.0749, 0.0182, 0.7405, 0.0208], [0.0176, 0.0147, 0.0267, 0.096, 0.0484, 0.7456, 0.051], [0.0357, 0.0288, 0.0637, 0.0209, 0.0328, 0.7861, 0.032], [0.0839, 0.0786, 0.0833, 0.0353, 0.0252, 0.6601, 0.0336], [0.0749, 0.0194, 0.0454, 0.0606, 0.043, 0.7314, 0.0252], [0.0679, 0.0258, 0.0433, 0.0706, 0.0392, 0.6824, 0.0709]], "emotions": ["purple", "purple", "purple", "purple", "purple", "purple", "purple", "purple", "purple", "purple", "purple", "purple", "purple", "purple", "purple", "purple", "purple", "purple", "purple", "purple", "purple", "purple", "purple", "purple", "purple", "purple", "purple", "purple", "purple", "purple", "purple", "purple", "purple", "purple", "purple", "purple", "purple", "purple", "purple", "purple", "purple", "purple", "purple", "purple", "purple", "purple", "purple", "purple", "purple", "purple", "purple", "purple", "purple", "purple", "purple", "purple", "purple", "purple", "purple", "purple", "purple", "purple", "purple", "purple", "purple", "purple", "purple", "purple", "purple", "purple", "purple", "purple", "purple", "purple", "purple", "purple", "purple", "purple", "purple", "purple"], "timestamps": [0, 40, 80, 120, 160, 200, 240, 280, 320, 360, 400, 440, 480, 520, 560, 600, 640, 680, 720, 760, 800, 840, 880, 920, 960, 1000, 1040, 1080, 1120, 1160, 1200, 1240, 1280, 1320, 1360, 1400, 1440, 1480, 1520, 1560, 1600, 1640, 1680, 1720, 1760, 1800, 1840, 1880, 1920, 1960, 2000, 2040, 2080, 2120, 2160, 2200, 2240, 2280, 2320, 2360, 2400, 2440, 2480, 2520, 2560, 2600, 2640, 2680, 2720, 2760, 2800, 2840, 2880, 2920, 2960, 3000, 3040, 3080, 3120, 3160]}], "conversation": [], "conversation_timestamps": []}