{"agent_id": "agent-green-1247", "type": "green", "trips": [{"trip_id": 0, "transport_method": "foot", "start_time": 0, "path": [[1.5854905, 42.5355234], [1.5839874, 42.5349983], [1.5825286, 42.5349827], [1.5813018, 42.5340286], [1.5804268, 42.5338123], [1.578962, 42.5331899], [1.5774089, 42.5328761], [1.5766123, 42.5327423], [1.5776188, 42.5328993], [1.5760462, 42.5325993], [1.5745752, 42.5323221], [1.576082, 42.5326053], [1.5746418, 42.5319062], [1.5732015, 42.5312071], [1.5738723, 42.5320191], [1.5734141, 42.5314957], [1.5723331, 42.5303221], [1.5711668, 42.5292547], [1.5698864, 42.5282936], [1.5703605, 42.5285661], [1.5710866, 42.5292163], [1.5697542, 42.5283288], [1.5684218, 42.5274413], [1.5678966, 42.5270984], [1.5689563, 42.5277131], [1.5676269, 42.526821], [1.5663124, 42.525908], [1.5648492, 42.5252695], [1.5633668, 42.5247612], [1.5620979, 42.5238558], [1.560886, 42.5228223], [1.5595974, 42.5219315], [1.5583328, 42.5209742], [1.5571961, 42.5198475], [1.5566259, 42.5191486], [1.5565513, 42.5190624], [1.5557052, 42.518474], [1.5548338, 42.518271], [1.5543364, 42.5184724], [1.5529312, 42.5192383], [1.5514628, 42.5198756], [1.5499667, 42.5204443], [1.5484439, 42.5209373], [1.5469083, 42.521389], [1.5453554, 42.5217781], [1.5437954, 42.5221376], [1.5422309, 42.5224777], [1.5406556, 42.5227613], [1.5390761, 42.5230224], [1.5374985, 42.5232949], [1.535922, 42.5235737], [1.5343515, 42.5238837], [1.5327869, 42.5242228], [1.5312356, 42.524618], [1.5296915, 42.5250379], [1.5281887, 42.52559], [1.52672, 42.5262268], [1.5252871, 42.5269396], [1.5239002, 42.5277379], [1.5225709, 42.5286297], [1.5213375, 42.5296474], [1.5205725, 42.5307089], [1.5195853, 42.5316762], [1.5196793, 42.5332405], [1.520052, 42.5345876], [1.5212402, 42.5356578], [1.5202835, 42.5367595], [1.5196217, 42.5382126], [1.5193545, 42.539775], [1.5191428, 42.5412147], [1.518185, 42.5416627], [1.5186548, 42.5414504], [1.5174252, 42.5423951], [1.5164723, 42.5436366], [1.5153791, 42.5447954], [1.51401, 42.5451859], [1.5129799, 42.5455154], [1.5115656, 42.5457817], [1.5102609, 42.5466262], [1.5090433, 42.5465959]], "mood_vectors": [[0.0459, 0.054, 0.0222, 0.076, 0.0531, 0.0564, 0.6923], [0.0707, 0.0271, 0.0796, 0.0735, 0.0394, 0.0492, 0.6605], [0.0205, 0.0196, 0.0953, 0.0165, 0.0713, 0.0516, 0.7251], [0.0918, 0.0351, 0.0469, 0.0142, 0.0212, 0.0277, 0.763], [0.013, 0.0419, 0.0289, 0.0253, 0.0487, 0.0687, 0.7736], [0.0147, 0.027, 0.0462, 0.0664, 0.0616, 0.0482, 0.7359], [0.024, 0.0387, 0.0811, 0.0672, 0.0759, 0.0692, 0.6438], [0.0225, 0.0616, 0.025, 0.0507, 0.078, 0.0747, 0.6876], [0.0584, 0.0738, 0.0274, 0.0601, 0.0515, 0.0226, 0.7062], [0.025, 0.0449, 0.0568, 0.0801, 0.0384, 0.0561, 0.6988], [0.0438, 0.0512, 0.0293, 0.0453, 0.0511, 0.051, 0.7283], [0.0795, 0.0378, 0.0632, 0.0275, 0.0539, 0.0453, 0.6929], [0.0515, 0.0765, 0.0118, 0.0624, 0.0776, 0.0742, 0.646], [0.0251, 0.0602, 0.0351, 0.0411, 0.0625, 0.0433, 0.7327], [0.0204, 0.0947, 0.0294, 0.0463, 0.0748, 0.0647, 0.6697], [0.089, 0.0194, 0.0176, 0.0884, 0.049, 0.0202, 0.7166], [0.0214, 0.0672, 0.0393, 0.0349, 0.0165, 0.0177, 0.803], [0.029, 0.0264, 0.0238, 0.0375, 0.0378, 0.0713, 0.7741], [0.0362, 0.0525, 0.0393, 0.0578, 0.0509, 0.0704, 0.6929], [0.0146, 0.0491, 0.0644, 0.0609, 0.0558, 0.0613, 0.6939], [0.0893, 0.0341, 0.0476, 0.0373, 0.0365, 0.0624, 0.6929], [0.0629, 0.0422, 0.0738, 0.0327, 0.0333, 0.0676, 0.6876], [0.0409, 0.0282, 0.0879, 0.0552, 0.0971, 0.0636, 0.6272], [0.0801, 0.0366, 0.0571, 0.0498, 0.0537, 0.0316, 0.691], [0.0398, 0.0642, 0.0697, 0.0354, 0.0136, 0.0761, 0.7012], [0.0696, 0.0445, 0.0695, 0.057, 0.0475, 0.0565, 0.6554], [0.015, 0.0241, 0.0236, 0.0568, 0.065, 0.0749, 0.7406], [0.0505, 0.0664, 0.0791, 0.0586, 0.0316, 0.0694, 0.6444], [0.0506, 0.079, 0.0166, 0.0772, 0.0681, 0.0482, 0.6603], [0.0765, 0.0837, 0.023, 0.0305, 0.0283, 0.0138, 0.7442], [0.0643, 0.0458, 0.0685, 0.0401, 0.0736, 0.0684, 0.6392], [0.0482, 0.0828, 0.0718, 0.0616, 0.0231, 0.0428, 0.6697], [0.0422, 0.0927, 0.0832, 0.0556, 0.0524, 0.086, 0.5878], [0.0803, 0.0243, 0.0146, 0.0221, 0.079, 0.0724, 0.7073], [0.0446, 0.0647, 0.0651, 0.0393, 0.0583, 0.0602, 0.6678], [0.0712, 0.0615, 0.0483, 0.0156, 0.058, 0.0436, 0.7017], [0.0638, 0.0504, 0.052, 0.0411, 0.0385, 0.0162, 0.7381], [0.0217, 0.0471, 0.046, 0.0364, 0.0521, 0.0758, 0.7208], [0.0182, 0.0785, 0.0681, 0.0783, 0.0865, 0.0184, 0.6519], [0.0671, 0.0576, 0.0568, 0.0415, 0.0565, 0.049, 0.6715], [0.0644, 0.0349, 0.023, 0.0289, 0.0284, 0.0731, 0.7472], [0.0217, 0.0815, 0.0755, 0.0612, 0.0381, 0.0632, 0.6587], [0.0592, 0.0752, 0.016, 0.0487, 0.0384, 0.0436, 0.719], [0.0766, 0.0196, 0.0296, 0.0801, 0.0353, 0.0753, 0.6835], [0.081, 0.0779, 0.0435, 0.0498, 0.0499, 0.0814, 0.6165], [0.0437, 0.0265, 0.0738, 0.0374, 0.0725, 0.0672, 0.6789], [0.0704, 0.0136, 0.0705, 0.0523, 0.0447, 0.0757, 0.6728], [0.0747, 0.0378, 0.061, 0.0491, 0.0404, 0.073, 0.664], [0.0868, 0.0412, 0.0322, 0.0865, 0.0234, 0.0464, 0.6835], [0.038, 0.0381, 0.0798, 0.0442, 0.0181, 0.0309, 0.7509], [0.0214, 0.0336, 0.05, 0.0174, 0.0426, 0.0841, 0.7508], [0.0562, 0.0491, 0.0606, 0.0517, 0.0435, 0.0409, 0.698], [0.0271, 0.0537, 0.0723, 0.0503, 0.0202, 0.0357, 0.7406], [0.02, 0.0185, 0.0184, 0.0665, 0.059, 0.0661, 0.7515], [0.0727, 0.0711, 0.0403, 0.0605, 0.0422, 0.0727, 0.6406], [0.016, 0.0118, 0.0686, 0.0182, 0.0599, 0.0244, 0.801], [0.0437, 0.0712, 0.0347, 0.0484, 0.0326, 0.0544, 0.715], [0.087, 0.0596, 0.0841, 0.0271, 0.0225, 0.0638, 0.6559], [0.0152, 0.0614, 0.0123, 0.0443, 0.0626, 0.0745, 0.7297], [0.0648, 0.0741, 0.0187, 0.0689, 0.0276, 0.062, 0.6839], [0.086, 0.0602, 0.0212, 0.0761, 0.0586, 0.0651, 0.6329], [0.0816, 0.0251, 0.0221, 0.0492, 0.0773, 0.0415, 0.7032], [0.0452, 0.0748, 0.0213, 0.0815, 0.03, 0.0708, 0.6763], [0.028, 0.0208, 0.0261, 0.0493, 0.0609, 0.0594, 0.7555], [0.0543, 0.0504, 0.0608, 0.0591, 0.0673, 0.0409, 0.6673], [0.049, 0.0753, 0.0192, 0.0223, 0.065, 0.0457, 0.7234], [0.0236, 0.0269, 0.0702, 0.0478, 0.0294, 0.0664, 0.7357], [0.0424, 0.0685, 0.0379, 0.0762, 0.0618, 0.0797, 0.6334], [0.0676, 0.0417, 0.0271, 0.0331, 0.024, 0.0372, 0.7692], [0.0642, 0.0231, 0.079, 0.0869, 0.0457, 0.0166, 0.6845], [0.0642, 0.0577, 0.0713, 0.0455, 0.0267, 0.0292, 0.7054], [0.0444, 0.0222, 0.0773, 0.0803, 0.0372, 0.0773, 0.6612], [0.0229, 0.0716, 0.0506, 0.0615, 0.0429, 0.0285, 0.7219], [0.0838, 0.0678, 0.0745, 0.0559, 0.0339, 0.0459, 0.6382], [0.0327, 0.0374, 0.0693, 0.0471, 0.0527, 0.0391, 0.7217], [0.027, 0.0818, 0.023, 0.0483, 0.0773, 0.0594, 0.6831], [0.0678, 0.05, 0.066, 0.0215, 0.0559, 0.0399, 0.6989], [0.0517, 0.0619, 0.0639, 0.0633, 0.0444, 0.0285, 0.6863], [0.0401, 0.0645, 0.0266, 0.0481, 0.0442, 0.0691, 0.7075], [0.0639, 0.0531, 0.0444, 0.0342, 0.0233, 0.0271, 0.754]], "emotions": ["purple", "purple", "purple", "purple", "purple", "purple", "purple", "purple", "purple", "purple", "purple", "purple", "purple", "purple", "purple", "purple", "purple", "purple", "purple", "purple", "purple", "purple", "purple", "purple", "purple", "purple", "purple", "purple", "purple", "purple", "purple", "purple", "purple", "purple", "purple", "purple", "purple", "purple", "purple", "purple", "purple", "purple", "purple", "purple", "purple", "purple", "purple", "purple", "purple", "purple", "purple", "purple", "purple", "purple", "purple", "purple", "purple", "purple", "purple", "purple", "purple", "purple", "purple", "purple", "purple", "purple", "purple", "purple", "purple", "purple", "purple", "purple", "purple", "purple", "purple", "purple", "purple", "purple", "purple", "purple"], "timestamps": [0, 40, 80, 120, 160, 200, 240, 280, 320, 360, 400, 440, 480, 520, 560, 600, 640, 680, 720, 760, 800, 840, 880, 920, 960, 1000, 1040, 1080, 1120, 1160, 1200, 1240, 1280, 1320, 1360, 1400, 1440, 1480, 1520, 1560, 1600, 1640, 1680, 1720, 1760, 1800, 1840, 1880, 1920, 1960, 2000, 2040, 2080, 2120, 2160, 2200, 2240, 2280, 2320, 2360, 2400, 2440, 2480, 2520, 2560, 2600, 2640, 2680, 2720, 2760, 2800, 2840, 2880, 2920, 2960, 3000, 3040, 3080, 3120, 3160]}], "conversation": [], "conversation_timestamps": []}