{"agent_id": "agent-red-1711", "type": "red", "trips": [{"trip_id": 0, "transport_method": "foot", "start_time": 0, "path": [[1.5198366, 42.5018008], [1.5202806, 42.5027452], [1.5211367, 42.5033389], [1.5216084, 42.5041886], [1.5224574, 42.5045193], [1.5234582, 42.5046493], [1.5244948, 42.5048349], [1.5244155, 42.5048406], [1.5254603, 42.504995], [1.5265087, 42.5050739], [1.5275201, 42.5053305], [1.527754, 42.5053216], [1.5288029, 42.5053534], [1.5298433, 42.5055356], [1.5307357, 42.5060259], [1.5316457, 42.5065583], [1.5326509, 42.5066322], [1.5324933, 42.5067345], [1.5335314, 42.5068499], [1.5344351, 42.5072394], [1.5353982, 42.5076586], [1.5364475, 42.5077519], [1.5374586, 42.5079668], [1.5384775, 42.5081933], [1.5395216, 42.5082911], [1.5403556, 42.5086304], [1.5414034, 42.5087629], [1.5421501, 42.508899], [1.5427347, 42.5089202], [1.5437591, 42.5091389], [1.5447873, 42.5093203], [1.5458079, 42.5095361], [1.545513, 42.5094199], [1.5462017, 42.5097374], [1.5463331, 42.5105074], [1.5470904, 42.5111639], [1.5481127, 42.5114288], [1.5491393, 42.5116766], [1.549616, 42.5118144], [1.5502531, 42.5120739], [1.550592, 42.5122424], [1.5514108, 42.5129031], [1.5510235, 42.5125891], [1.5517093, 42.5130944], [1.5525785, 42.513674], [1.5527163, 42.5139926], [1.5528291, 42.5150229], [1.5533864, 42.5159116], [1.5537648, 42.5168896], [1.5544799, 42.517655], [1.5553752, 42.5181999], [1.5562278, 42.5186824], [1.5568637, 42.5195182], [1.5575767, 42.5202425], [1.5583356, 42.5209767], [1.5591362, 42.5216652], [1.5596899, 42.5219873], [1.5598656, 42.5222299], [1.5607785, 42.5227463], [1.5616313, 42.5233687], [1.5623383, 42.5241493], [1.5632077, 42.5247168], [1.5641657, 42.5251307], [1.5651781, 42.5253772], [1.5661399, 42.5258106], [1.5669934, 42.5264292], [1.5678365, 42.5270646], [1.5687829, 42.5275291], [1.5696581, 42.5281042], [1.5705406, 42.5286845], [1.5713316, 42.5293744], [1.5705319, 42.5300235], [1.5706961, 42.5309299], [1.571131, 42.5318848], [1.5710442, 42.5324762], [1.5708061, 42.5326496], [1.5703277, 42.5319727], [1.5693735, 42.5315815], [1.5686518, 42.5309265], [1.5678176, 42.5305002]], "mood_vectors": [[0.7086, 0.0351, 0.0409, 0.0703, 0.057, 0.0359, 0.0522], [0.6998, 0.0381, 0.0887, 0.0777, 0.0622, 0.0155, 0.0181], [0.7255, 0.0726, 0.0246, 0.0388, 0.0367, 0.0344, 0.0673], [0.8106, 0.0431, 0.0166, 0.0287, 0.0375, 0.0452, 0.0183], [0.7067, 0.0574, 0.0232, 0.0228, 0.0715, 0.0498, 0.0685], [0.7295, 0.0504, 0.0723, 0.0285, 0.0155, 0.067, 0.0368], [0.6453, 0.039, 0.0376, 0.0816, 0.0803, 0.0679, 0.0484], [0.6698, 0.059, 0.0496, 0.0884, 0.0384, 0.0318, 0.063], [0.7863, 0.0495, 0.0472, 0.0425, 0.0194, 0.0399, 0.0152], [0.6531, 0.0709, 0.0311, 0.0666, 0.0769, 0.0872, 0.0141], [0.7604, 0.031, 0.0275, 0.0508, 0.0285, 0.0651, 0.0367], [0.8074, 0.0521, 0.0146, 0.065, 0.0164, 0.0213, 0.0231], [0.6944, 0.0522, 0.0684, 0.075, 0.0324, 0.058, 0.0195], [0.7015, 0.0416, 0.0727, 0.0392, 0.0462, 0.0567, 0.0421], [0.7299, 0.0205, 0.0906, 0.0575, 0.055, 0.0282, 0.0182], [0.7826, 0.0581, 0.0541, 0.0137, 0.0544, 0.0142, 0.0228], [0.666, 0.0324, 0.0419, 0.0577, 0.0611, 0.0686, 0.0724], [0.7408, 0.0581, 0.0396, 0.0623, 0.0508, 0.0137, 0.0348], [0.7256, 0.0345, 0.0746, 0.0268, 0.0757, 0.0418, 0.021], [0.7659, 0.047, 0.0139, 0.0289, 0.0204, 0.0553, 0.0687], [0.6952, 0.0684, 0.0206, 0.044, 0.068, 0.0611, 0.0426], [0.6829, 0.0373, 0.0706, 0.0698, 0.0277, 0.0148, 0.097], [0.7316, 0.0161, 0.053, 0.0306, 0.0698, 0.0335, 0.0654], [0.6348, 0.0814, 0.0636, 0.0492, 0.0721, 0.0329, 0.066], [0.6707, 0.0421, 0.07, 0.0555, 0.0461, 0.0586, 0.0571], [0.6584, 0.1, 0.0264, 0.0567, 0.0481, 0.024, 0.0864], [0.7204, 0.0172, 0.0755, 0.0391, 0.0503, 0.0359, 0.0616], [0.6701, 0.0667, 0.0367, 0.0605, 0.0414, 0.0651, 0.0595], [0.7052, 0.0528, 0.0386, 0.0532, 0.0563, 0.0676, 0.0263], [0.629, 0.0355, 0.0766, 0.0753, 0.0737, 0.0812, 0.0287], [0.7008, 0.013, 0.0143, 0.0882, 0.0591, 0.045, 0.0796], [0.6788, 0.0606, 0.0642, 0.0432, 0.0765, 0.0625, 0.0143], [0.7055, 0.075, 0.0613, 0.0276, 0.0353, 0.0305, 0.0649], [0.7032, 0.0617, 0.0269, 0.0528, 0.0608, 0.0676, 0.027], [0.6923, 0.0313, 0.0386, 0.0703, 0.056, 0.0764, 0.0351], [0.6727, 0.0281, 0.0863, 0.037, 0.0193, 0.0969, 0.0596], [0.8074, 0.0194, 0.0137, 0.0358, 0.0208, 0.0473, 0.0555], [0.7265, 0.0608, 0.0311, 0.0647, 0.0499, 0.014, 0.053], [0.7283, 0.0638, 0.0672, 0.0291, 0.0134, 0.0374, 0.0608], [0.7075, 0.0452, 0.044, 0.0422, 0.0288, 0.0462, 0.0861], [0.6879, 0.0766, 0.0587, 0.0528, 0.0568, 0.0462, 0.0211], [0.7305, 0.0167, 0.0397, 0.0506, 0.0553, 0.0896, 0.0177], [0.7168, 0.0703, 0.0556, 0.0349, 0.0614, 0.0259, 0.0351], [0.7552, 0.0356, 0.012, 0.0778, 0.059, 0.0235, 0.0369], [0.7383, 0.0207, 0.0708, 0.0752, 0.0144, 0.0379, 0.0427], [0.6569, 0.0828, 0.0151, 0.0172, 0.0709, 0.0709, 0.0862], [0.6822, 0.0669, 0.0662, 0.0415, 0.0496, 0.0315, 0.0621], [0.6129, 0.0237, 0.0706, 0.0711, 0.0732, 0.0686, 0.0799], [0.7094, 0.0594, 0.0295, 0.0293, 0.074, 0.0591, 0.0393], [0.7, 0.0302, 0.029, 0.0717, 0.0848, 0.0299, 0.0544], [0.6964, 0.0151, 0.0564, 0.0538, 0.036, 0.0831, 0.0592], [0.7045, 0.0568, 0.0105, 0.0697, 0.0547, 0.0371, 0.0667], [0.7299, 0.0507, 0.0618, 0.069, 0.014, 0.0156, 0.0589], [0.676, 0.0704, 0.0843, 0.0408, 0.0196, 0.0836, 0.0252], [0.6375, 0.0406, 0.0887, 0.0818, 0.0149, 0.0826, 0.0539], [0.6687, 0.0601, 0.0572, 0.0496, 0.0565, 0.0402, 0.0676], [0.7398, 0.0337, 0.06, 0.0502, 0.0178, 0.0182, 0.0801], [0.6974, 0.0549, 0.0677, 0.0299, 0.0596, 0.0695, 0.0211], [0.8161, 0.0197, 0.0829, 0.022, 0.0169, 0.0274, 0.015], [0.6968, 0.0659, 0.0532, 0.0124, 0.0303, 0.0671, 0.0743], [0.7196, 0.039, 0.0228, 0.0366, 0.0663, 0.0611, 0.0547], [0.716, 0.0162, 0.0805, 0.0642, 0.0283, 0.0254, 0.0693], [0.7391, 0.0151, 0.0512, 0.0613, 0.053, 0.0342, 0.0461], [0.6838, 0.1017, 0.0174, 0.0696, 0.0168, 0.0516, 0.0591], [0.6684, 0.0348, 0.0418, 0.081, 0.0721, 0.0243, 0.0775], [0.6771, 0.0433, 0.0628, 0.0524, 0.0663, 0.0432, 0.0549], [0.7988, 0.0239, 0.0129, 0.0685, 0.0144, 0.023, 0.0584], [0.6222, 0.0809, 0.0265, 0.0533, 0.0576, 0.0909, 0.0686], [0.6928, 0.0508, 0.0778, 0.0686, 0.021, 0.0512, 0.0378], [0.6993, 0.0242, 0.0839, 0.0326, 0.0483, 0.08, 0.0317], [0.6442, 0.0774, 0.0261, 0.0621, 0.0569, 0.0754, 0.058], [0.6979, 0.0213, 0.0605, 0.0376, 0.0658, 0.0459, 0.0711], [0.6585, 0.0541, 0.0529, 0.0622, 0.0917, 0.0578, 0.0228], [0.6442, 0.0261, 0.0846, 0.0352, 0.0826, 0.0637, 0.0636], [0.6278, 0.0551, 0.0602, 0.0793, 0.089, 0.0727, 0.0159], [0.611, 0.0467, 0.0843, 0.0841, 0.0163, 0.0848, 0.0727], [0.6842, 0.0574, 0.016, 0.0378, 0.0711, 0.0516, 0.082], [0.6913, 0.056, 0.0823, 0.0184, 0.065, 0.0581, 0.0289], [0.7349, 0.074, 0.0185, 0.0153, 0.0506, 0.0734, 0.0334], [0.6974, 0.057, 0.0281, 0.0253, 0.0844, 0.0853, 0.0225]], "emotions": ["red", "red", "red", "red", "red", "red", "red", "red", "red", "red", "red", "red", "red", "red", "red", "red", "red", "red", "red", "red", "red", "red", "red", "red", "red", "red", "red", "red", "red", "red", "red", "red", "red", "red", "red", "red", "red", "red", "red", "red", "red", "red", "red", "red", "red", "red", "red", "red", "red", "red", "red", "red", "red", "red", "red", "red", "red", "red", "red", "red", "red", "red", "red", "red", "red", "red", "red", "red", "red", "red", "red", "red", "red", "red", "red", "red", "red", "red", "red", "red"], "timestamps": [0, 40, 80, 120, 160, 200, 240, 280, 320, 360, 400, 440, 480, 520, 560, 600, 640, 680, 720, 760, 800, 840, 880, 920, 960, 1000, 1040, 1080, 1120, 1160, 1200, 1240, 1280, 1320, 1360, 1400, 1440, 1480, 1520, 1560, 1600, 1640, 1680, 1720, 1760, 1800, 1840, 1880, 1920, 1960, 2000, 2040, 2080, 2120, 2160, 2200, 2240, 2280, 2320, 2360, 2400, 2440, 2480, 2520, 2560, 2600, 2640, 2680, 2720, 2760, 2800, 2840, 2880, 2920, 2960, 3000, 3040, 3080, 3120, 3160]}], "conversation": [], "conversation_timestamps": []}