{"agent_id": "agent-purple-574", "type": "purple", "trips": [{"trip_id": 0, "transport_method": "car", "start_time": 0, "path": [[1.6547015, 42.5791892], [1.6513508, 42.5793043], [1.649091, 42.5796545], [1.6464229, 42.5800662], [1.6427844, 42.5795372], [1.6391894, 42.5789042], [1.6355633, 42.578451], [1.6367784, 42.5787582], [1.6331512, 42.5781762], [1.6295493, 42.5781729], [1.6261446, 42.577188], [1.6265111, 42.5774273], [1.6231953, 42.575893], [1.6199596, 42.5742797], [1.6165631, 42.5730007], [1.613152, 42.572029], [1.6095864, 42.5715063], [1.6068027, 42.570787], [1.6043119, 42.568575], [1.6010759, 42.5669601], [1.6011505, 42.5670758], [1.598456, 42.5646506], [1.5949367, 42.564008], [1.5937402, 42.5612255], [1.5930572, 42.5580536], [1.5914525, 42.5553644], [1.591243, 42.5525807], [1.5921943, 42.5491114], [1.591412, 42.5457955], [1.5916323, 42.5422423], [1.5918176, 42.5389518], [1.589131, 42.5367946], [1.5877652, 42.5349923], [1.5852733, 42.5334897], [1.5832016, 42.5318896], [1.5795267, 42.5317817], [1.5758416, 42.5315213], [1.573303, 42.5299055], [1.5736726, 42.5302015], [1.5705293, 42.5287762], [1.5713377, 42.5293836], [1.5682549, 42.5273301], [1.5683729, 42.5273216], [1.565225, 42.5253943], [1.5620335, 42.5237716], [1.5590842, 42.5216227], [1.5569573, 42.5195104], [1.5556964, 42.5184665], [1.5538699, 42.5169405], [1.5533951, 42.5159445], [1.5515773, 42.5130565], [1.5483223, 42.5114777], [1.5462357, 42.5101548], [1.5430757, 42.5089636], [1.539723, 42.508328], [1.5372652, 42.5080042], [1.5347858, 42.5074354], [1.533079, 42.5067273], [1.5297719, 42.505523], [1.526098, 42.5053263], [1.5224526, 42.5047256], [1.5206467, 42.5041265], [1.5201618, 42.5041182], [1.5166274, 42.5036819], [1.5134684, 42.5018988], [1.5110699, 42.4993124], [1.5080971, 42.4972286], [1.5046333, 42.4959301], [1.5012551, 42.4944317], [1.4983008, 42.4923413], [1.4960524, 42.4897704], [1.4946175, 42.48658], [1.4916413, 42.4846805], [1.4896412, 42.481703], [1.4901088, 42.4782135], [1.4909943, 42.4747855], [1.4918557, 42.473886], [1.4934061, 42.4723425], [1.493686, 42.4692563], [1.494298, 42.4700167]], "mood_vectors": [[0.0476, 0.0249, 0.0677, 0.0768, 0.0374, 0.6784, 0.0672], [0.023, 0.038, 0.0442, 0.0475, 0.0301, 0.7425, 0.0747], [0.0845, 0.0213, 0.0808, 0.0389, 0.0159, 0.7252, 0.0335], [0.0685, 0.0341, 0.0472, 0.0745, 0.0599, 0.6863, 0.0295], [0.0246, 0.0183, 0.0332, 0.0462, 0.0526, 0.7548, 0.0704], [0.0611, 0.0472, 0.0414, 0.0583, 0.0423, 0.7055, 0.0443], [0.0329, 0.0255, 0.056, 0.0383, 0.0526, 0.7379, 0.0569], [0.0691, 0.0396, 0.0723, 0.0406, 0.0622, 0.6625, 0.0537], [0.0553, 0.0666, 0.0131, 0.056, 0.0147, 0.7447, 0.0496], [0.0624, 0.0287, 0.0396, 0.0279, 0.0594, 0.7122, 0.0698], [0.0645, 0.0613, 0.0679, 0.0264, 0.0124, 0.7388, 0.0287], [0.0716, 0.0144, 0.0493, 0.0395, 0.027, 0.7428, 0.0554], [0.0154, 0.0859, 0.0853, 0.0688, 0.0644, 0.6282, 0.052], [0.0485, 0.0495, 0.02, 0.0387, 0.0733, 0.745, 0.025], [0.0572, 0.0589, 0.0615, 0.049, 0.0594, 0.6509, 0.0632], [0.0933, 0.062, 0.0678, 0.0329, 0.0386, 0.6818, 0.0237], [0.0508, 0.0237, 0.0778, 0.0581, 0.0574, 0.7064, 0.0259], [0.0333, 0.0496, 0.0321, 0.0761, 0.0661, 0.7158, 0.0269], [0.0318, 0.0556, 0.0663, 0.061, 0.0685, 0.7036, 0.0133], [0.0412, 0.0539, 0.068, 0.0583, 0.0754, 0.6693, 0.0338], [0.0806, 0.0388, 0.0366, 0.0531, 0.0892, 0.6687, 0.033], [0.0433, 0.026, 0.0622, 0.0713, 0.032, 0.6957, 0.0696], [0.0794, 0.0515, 0.0267, 0.0544, 0.0192, 0.7, 0.0688], [0.0295, 0.0743, 0.0374, 0.0303, 0.0266, 0.731, 0.0709], [0.0324, 0.0418, 0.0531, 0.0561, 0.0421, 0.7073, 0.0673], [0.0562, 0.0298, 0.0432, 0.0591, 0.0369, 0.7062, 0.0686], [0.0943, 0.0483, 0.0235, 0.0961, 0.0434, 0.6604, 0.034], [0.0199, 0.0815, 0.0584, 0.0433, 0.0256, 0.7196, 0.0517], [0.0165, 0.0342, 0.0441, 0.0495, 0.0489, 0.7348, 0.072], [0.0251, 0.0623, 0.0732, 0.0162, 0.0577, 0.6868, 0.0787], [0.0197, 0.0275, 0.0846, 0.0543, 0.0365, 0.7626, 0.0148], [0.0676, 0.064, 0.0879, 0.0594, 0.0413, 0.6598, 0.02], [0.0464, 0.0658, 0.0554, 0.0248, 0.0765, 0.6796, 0.0516], [0.0822, 0.0256, 0.0384, 0.0769, 0.0522, 0.6694, 0.0553], [0.0376, 0.0795, 0.0612, 0.064, 0.0626, 0.6788, 0.0163], [0.0463, 0.0151, 0.0268, 0.0468, 0.0353, 0.7881, 0.0416], [0.0592, 0.0441, 0.0236, 0.0669, 0.0697, 0.6936, 0.043], [0.0692, 0.0881, 0.0567, 0.0428, 0.0888, 0.6296, 0.0248], [0.0961, 0.0157, 0.0222, 0.0463, 0.0404, 0.7367, 0.0425], [0.0598, 0.0206, 0.0868, 0.0872, 0.0742, 0.6256, 0.0458], [0.0214, 0.0859, 0.0759, 0.0767, 0.0718, 0.5822, 0.086], [0.0694, 0.0315, 0.0501, 0.0155, 0.0368, 0.7621, 0.0347], [0.0303, 0.0809, 0.0256, 0.0844, 0.042, 0.6799, 0.0569], [0.0193, 0.0674, 0.0744, 0.0681, 0.0506, 0.6836, 0.0365], [0.0613, 0.044, 0.0665, 0.0267, 0.0525, 0.6908, 0.0581], [0.0699, 0.0595, 0.047, 0.0764, 0.0499, 0.6326, 0.0648], [0.0388, 0.0529, 0.0171, 0.0145, 0.0273, 0.83, 0.0194], [0.0266, 0.0741, 0.0148, 0.0461, 0.0742, 0.7067, 0.0575], [0.0618, 0.0705, 0.0459, 0.0389, 0.0743, 0.6916, 0.017], [0.0923, 0.0207, 0.0293, 0.0386, 0.0764, 0.6517, 0.0909], [0.0876, 0.0384, 0.0132, 0.0421, 0.0393, 0.7352, 0.0442], [0.0646, 0.0425, 0.015, 0.0148, 0.0399, 0.7574, 0.0658], [0.0296, 0.056, 0.0345, 0.0696, 0.0551, 0.7358, 0.0193], [0.0705, 0.0433, 0.0847, 0.0756, 0.0376, 0.6553, 0.0331], [0.0825, 0.0222, 0.036, 0.06, 0.0389, 0.7054, 0.0551], [0.0959, 0.0466, 0.0566, 0.028, 0.064, 0.6821, 0.0267], [0.0648, 0.0723, 0.0245, 0.0161, 0.0489, 0.7074, 0.066], [0.0345, 0.0399, 0.0665, 0.0751, 0.018, 0.705, 0.061], [0.0589, 0.0133, 0.0626, 0.0237, 0.0334, 0.7897, 0.0184], [0.0308, 0.064, 0.0639, 0.0354, 0.0401, 0.7478, 0.018], [0.0511, 0.0745, 0.0688, 0.0385, 0.0422, 0.6845, 0.0404], [0.056, 0.0394, 0.09, 0.0754, 0.0221, 0.6356, 0.0815], [0.0121, 0.0245, 0.0726, 0.0276, 0.0248, 0.7912, 0.0473], [0.0539, 0.0275, 0.038, 0.06, 0.0558, 0.7106, 0.0542], [0.0878, 0.0293, 0.0662, 0.0703, 0.0591, 0.6421, 0.0452], [0.0692, 0.0328, 0.0332, 0.0188, 0.0352, 0.7429, 0.0679], [0.0859, 0.0581, 0.0188, 0.0779, 0.0508, 0.673, 0.0356], [0.0888, 0.0857, 0.0483, 0.0744, 0.034, 0.6165, 0.0522], [0.0386, 0.0192, 0.054, 0.0707, 0.0366, 0.7477, 0.0332], [0.0309, 0.0215, 0.0216, 0.0753, 0.0873, 0.6824, 0.081], [0.0672, 0.067, 0.077, 0.0747, 0.0407, 0.606, 0.0675], [0.0361, 0.0941, 0.0331, 0.0637, 0.0224, 0.6984, 0.0522], [0.0844, 0.0493, 0.034, 0.0192, 0.0159, 0.7063, 0.0909], [0.065, 0.02, 0.026, 0.0251, 0.0379, 0.735, 0.0911], [0.0701, 0.0713, 0.0735, 0.0724, 0.0377, 0.6152, 0.0599], [0.0858, 0.078, 0.0257, 0.0369, 0.0337, 0.6774, 0.0625], [0.0393, 0.0531, 0.0645, 0.0533, 0.0693, 0.6619, 0.0586], [0.0679, 0.0554, 0.0566, 0.0187, 0.0289, 0.7366, 0.0358], [0.0506, 0.0585, 0.0354, 0.0287, 0.0259, 0.7534, 0.0476], [0.0997, 0.0251, 0.0223, 0.0371, 0.0447, 0.6775, 0.0935]], "emotions": ["purple", "purple", "purple", "purple", "purple", "purple", "purple", "purple", "purple", "purple", "purple", "purple", "purple", "purple", "purple", "purple", "purple", "purple", "purple", "purple", "purple", "purple", "purple", "purple", "purple", "purple", "purple", "purple", "purple", "purple", "purple", "purple", "purple", "purple", "purple", "purple", "purple", "purple", "purple", "purple", "purple", "purple", "purple", "purple", "purple", "purple", "purple", "purple", "purple", "purple", "purple", "purple", "purple", "purple", "purple", "purple", "purple", "purple", "purple", "purple", "purple", "purple", "purple", "purple", "purple", "purple", "purple", "purple", "purple", "purple", "purple", "purple", "purple", "purple", "purple", "purple", "purple", "purple", "purple", "purple"], "timestamps": [0, 40, 80, 120, 160, 200, 240, 280, 320, 360, 400, 440, 480, 520, 560, 600, 640, 680, 720, 760, 800, 840, 880, 920, 960, 1000, 1040, 1080, 1120, 1160, 1200, 1240, 1280, 1320, 1360, 1400, 1440, 1480, 1520, 1560, 1600, 1640, 1680, 1720, 1760, 1800, 1840, 1880, 1920, 1960, 2000, 2040, 2080, 2120, 2160, 2200, 2240, 2280, 2320, 2360, 2400, 2440, 2480, 2520, 2560, 2600, 2640, 2680, 2720, 2760, 2800, 2840, 2880, 2920, 2960, 3000, 3040, 3080, 3120, 3160]}], "conversation": [], "conversation_timestamps": []}