{"agent_id": "agent-blue-295", "type": "blue", "trips": [{"trip_id": 0, "transport_method": "foot", "start_time": 0, "path": [[1.5214328, 42.5069316], [1.5218819, 42.5069716], [1.5217903, 42.5073396], [1.5213293, 42.5073757], [1.5208643, 42.5074049], [1.5206704, 42.507431], [1.5211359, 42.5074498], [1.5215994, 42.5074755], [1.5215485, 42.5073563], [1.5210829, 42.5073742], [1.5206174, 42.5073921], [1.5201519, 42.5074101], [1.5197043, 42.5073714], [1.5192989, 42.5071425], [1.5189294, 42.5068782], [1.5186187, 42.5067001], [1.518678, 42.5066528], [1.5182946, 42.5063882], [1.5179111, 42.5061236], [1.5174651, 42.5060086], [1.5170572, 42.5058942], [1.5166265, 42.5057235], [1.5162091, 42.5055167], [1.5157731, 42.5053532], [1.5153386, 42.505193], [1.5150243, 42.5048769], [1.5149073, 42.504609], [1.5147857, 42.5045279], [1.5144883, 42.504171], [1.5141432, 42.5038582], [1.5138102, 42.5035383], [1.5135099, 42.5031857], [1.5131979, 42.5028489], [1.5128501, 42.5025415], [1.5124669, 42.5022767], [1.5120839, 42.5020124], [1.5117119, 42.5017347], [1.5113131, 42.5014944], [1.5109037, 42.5012727], [1.5104618, 42.5011266], [1.5100287, 42.5009681], [1.5096354, 42.5007204], [1.509215, 42.5005197], [1.5087961, 42.5003158], [1.508376, 42.5001145], [1.5079672, 42.4998974], [1.5075582, 42.4996811], [1.5071359, 42.4994843], [1.5067137, 42.4992874], [1.5062938, 42.4990857], [1.5058775, 42.4988766], [1.5054664, 42.4986574], [1.5050424, 42.4984648], [1.5046153, 42.498279], [1.5041881, 42.4980931], [1.5037718, 42.4978841], [1.5033537, 42.4976786], [1.5029282, 42.4974893], [1.5025007, 42.4973054], [1.5021043, 42.4970606], [1.5016995, 42.4968317], [1.5012466, 42.4967255], [1.5008576, 42.4965318], [1.5008883, 42.4965829], [1.5005019, 42.4963226], [1.5000934, 42.4960996], [1.4996802, 42.4958844], [1.4992669, 42.4956693], [1.4988645, 42.495435], [1.4987569, 42.4951118], [1.498839, 42.4946657], [1.4986137, 42.4943641], [1.4983017, 42.4940508], [1.4978733, 42.4939392], [1.497485, 42.4937086], [1.4971015, 42.4934463], [1.496677, 42.4933134], [1.4962348, 42.49346], [1.4957838, 42.493575], [1.49532, 42.4935679]], "mood_vectors": [[0.0679, 0.072, 0.0469, 0.6488, 0.0647, 0.0662, 0.0336], [0.0878, 0.0769, 0.0794, 0.588, 0.026, 0.0782, 0.0638], [0.0737, 0.0414, 0.0766, 0.6256, 0.0552, 0.0609, 0.0666], [0.0687, 0.0539, 0.048, 0.688, 0.0628, 0.0192, 0.0595], [0.0626, 0.0416, 0.0598, 0.6511, 0.0403, 0.0709, 0.0737], [0.0273, 0.0788, 0.0494, 0.6919, 0.0408, 0.0477, 0.064], [0.0689, 0.0547, 0.062, 0.7182, 0.0274, 0.0351, 0.0339], [0.0818, 0.0253, 0.0856, 0.6164, 0.0812, 0.0649, 0.0448], [0.0494, 0.043, 0.0294, 0.6941, 0.0677, 0.0631, 0.0532], [0.0312, 0.0834, 0.0206, 0.6515, 0.0522, 0.0794, 0.0818], [0.0599, 0.0219, 0.0557, 0.7544, 0.0215, 0.0182, 0.0686], [0.0836, 0.0416, 0.022, 0.725, 0.0219, 0.0694, 0.0366], [0.0315, 0.0376, 0.0979, 0.6696, 0.0429, 0.0545, 0.0661], [0.0341, 0.0551, 0.048, 0.7298, 0.0724, 0.0463, 0.0143], [0.0444, 0.0696, 0.0601, 0.6684, 0.0484, 0.0612, 0.0478], [0.0773, 0.0577, 0.0174, 0.7424, 0.0286, 0.0609, 0.0156], [0.0826, 0.077, 0.0809, 0.6525, 0.0191, 0.0216, 0.0662], [0.0499, 0.0166, 0.0939, 0.7472, 0.0164, 0.0279, 0.0481], [0.0199, 0.0152, 0.0351, 0.7876, 0.0527, 0.0162, 0.0734], [0.0277, 0.0677, 0.0387, 0.7401, 0.0401, 0.0711, 0.0146], [0.0621, 0.0153, 0.0328, 0.7897, 0.0727, 0.0122, 0.0151], [0.027, 0.0581, 0.0255, 0.7046, 0.0582, 0.0676, 0.0589], [0.0166, 0.0229, 0.0467, 0.7507, 0.0198, 0.0695, 0.0739], [0.064, 0.0265, 0.0416, 0.692, 0.0945, 0.0484, 0.0329], [0.0372, 0.0426, 0.0713, 0.7294, 0.0227, 0.032, 0.0648], [0.0437, 0.0399, 0.0702, 0.7127, 0.0451, 0.0524, 0.0359], [0.0731, 0.0674, 0.0748, 0.7207, 0.0159, 0.0185, 0.0295], [0.0289, 0.0789, 0.0365, 0.714, 0.0194, 0.0508, 0.0714], [0.0605, 0.0216, 0.0148, 0.7173, 0.0838, 0.0165, 0.0854], [0.0788, 0.0822, 0.0248, 0.6753, 0.0303, 0.0477, 0.0609], [0.041, 0.0677, 0.0691, 0.6473, 0.077, 0.0722, 0.0257], [0.0216, 0.0881, 0.0301, 0.7681, 0.031, 0.0354, 0.0258], [0.02, 0.0691, 0.0525, 0.6889, 0.0551, 0.0527, 0.0616], [0.0624, 0.0569, 0.027, 0.7679, 0.0439, 0.018, 0.024], [0.0521, 0.0176, 0.0854, 0.6698, 0.0513, 0.0842, 0.0397], [0.0461, 0.015, 0.0584, 0.6737, 0.0622, 0.0694, 0.0753], [0.072, 0.0154, 0.0634, 0.6751, 0.0154, 0.0995, 0.0591], [0.0705, 0.0249, 0.0209, 0.6684, 0.0706, 0.0536, 0.0912], [0.0715, 0.0318, 0.0647, 0.7153, 0.0241, 0.027, 0.0656], [0.0517, 0.0358, 0.052, 0.6778, 0.0732, 0.059, 0.0504], [0.0535, 0.0634, 0.0387, 0.6909, 0.0312, 0.0434, 0.079], [0.0147, 0.0292, 0.0574, 0.7316, 0.0673, 0.0803, 0.0196], [0.0667, 0.0667, 0.0162, 0.7489, 0.055, 0.028, 0.0185], [0.0358, 0.0179, 0.0529, 0.7343, 0.0914, 0.0227, 0.045], [0.0365, 0.0449, 0.0335, 0.7161, 0.0906, 0.0553, 0.0231], [0.0297, 0.0761, 0.039, 0.7797, 0.0181, 0.0212, 0.0362], [0.0713, 0.0273, 0.0861, 0.6006, 0.0564, 0.0768, 0.0814], [0.0754, 0.0473, 0.0511, 0.6878, 0.0399, 0.0243, 0.0742], [0.0427, 0.0328, 0.0938, 0.7033, 0.0739, 0.0196, 0.034], [0.0803, 0.0405, 0.0444, 0.701, 0.0234, 0.0444, 0.0661], [0.0432, 0.0997, 0.0202, 0.6697, 0.1043, 0.0335, 0.0294], [0.0438, 0.0271, 0.0113, 0.7818, 0.0661, 0.0566, 0.0134], [0.0507, 0.0343, 0.0784, 0.6974, 0.0346, 0.0197, 0.0849], [0.0312, 0.0211, 0.0198, 0.7859, 0.0735, 0.0449, 0.0235], [0.0228, 0.075, 0.0557, 0.7204, 0.058, 0.0314, 0.0367], [0.0369, 0.0231, 0.0616, 0.7214, 0.0269, 0.0698, 0.0603], [0.0368, 0.0818, 0.0163, 0.7031, 0.0415, 0.0853, 0.035], [0.0454, 0.0474, 0.0625, 0.6661, 0.0951, 0.052, 0.0315], [0.0706, 0.0175, 0.0373, 0.7448, 0.0448, 0.0698, 0.0152], [0.0492, 0.0689, 0.0387, 0.6291, 0.0743, 0.0492, 0.0906], [0.0297, 0.0229, 0.0732, 0.7495, 0.057, 0.0504, 0.0172], [0.0525, 0.0213, 0.0567, 0.7058, 0.0543, 0.0914, 0.018], [0.0502, 0.0761, 0.0198, 0.7313, 0.0337, 0.0627, 0.0262], [0.0377, 0.0452, 0.0484, 0.7501, 0.0316, 0.0256, 0.0614], [0.0129, 0.0117, 0.0164, 0.7808, 0.0514, 0.0486, 0.0783], [0.0233, 0.0671, 0.0506, 0.6765, 0.0417, 0.0695, 0.0712], [0.0609, 0.0537, 0.0294, 0.7583, 0.0731, 0.0109, 0.0137], [0.0607, 0.0571, 0.0228, 0.6712, 0.0603, 0.059, 0.0688], [0.0651, 0.0305, 0.0345, 0.6692, 0.0493, 0.0762, 0.0752], [0.055, 0.0372, 0.0515, 0.7507, 0.0366, 0.0173, 0.0518], [0.086, 0.062, 0.0803, 0.6078, 0.0915, 0.0286, 0.0439], [0.0679, 0.0373, 0.0868, 0.6719, 0.0367, 0.0569, 0.0425], [0.0453, 0.0364, 0.047, 0.7254, 0.068, 0.0342, 0.0437], [0.042, 0.0512, 0.0701, 0.7192, 0.0258, 0.0577, 0.0341], [0.0146, 0.051, 0.0424, 0.7034, 0.0441, 0.0697, 0.0749], [0.0593, 0.0208, 0.0823, 0.7481, 0.0214, 0.0431, 0.0251], [0.0206, 0.0383, 0.0419, 0.7665, 0.0799, 0.0184, 0.0344], [0.0693, 0.0673, 0.0393, 0.6524, 0.0329, 0.0694, 0.0694], [0.0632, 0.0589, 0.0437, 0.7018, 0.0702, 0.0202, 0.0421], [0.0698, 0.0377, 0.0717, 0.651, 0.0427, 0.0502, 0.0769]], "emotions": ["green", "green", "green", "green", "green", "green", "green", "green", "green", "green", "green", "green", "green", "green", "green", "green", "green", "green", "green", "green", "green", "green", "green", "green", "green", "green", "green", "green", "green", "green", "green", "green", "green", "green", "green", "green", "green", "green", "green", "green", "green", "green", "green", "green", "green", "green", "green", "green", "green", "green", "green", "green", "green", "green", "green", "green", "green", "green", "green", "green", "green", "green", "green", "green", "green", "green", "green", "green", "green", "green", "green", "green", "green", "green", "green", "green", "green", "green", "green", "green"], "timestamps": [0, 40, 80, 120, 160, 200, 240, 280, 320, 360, 400, 440, 480, 520, 560, 600, 640, 680, 720, 760, 800, 840, 880, 920, 960, 1000, 1040, 1080, 1120, 1160, 1200, 1240, 1280, 1320, 1360, 1400, 1440, 1480, 1520, 1560, 1600, 1640, 1680, 1720, 1760, 1800, 1840, 1880, 1920, 1960, 2000, 2040, 2080, 2120, 2160, 2200, 2240, 2280, 2320, 2360, 2400, 2440, 2480, 2520, 2560, 2600, 2640, 2680, 2720, 2760, 2800, 2840, 2880, 2920, 2960, 3000, 3040, 3080, 3120, 3160]}], "conversation": [], "conversation_timestamps": []}