{"agent_id": "agent-purple-1864", "type": "purple", "trips": [{"trip_id": 0, "transport_method": "car", "start_time": 0, "path": [[1.5768265, 42.5352415], [1.5774933, 42.5345462], [1.5774833, 42.5337279], [1.5774854, 42.5328881], [1.5762494, 42.5326937], [1.57755, 42.532868], [1.576973, 42.5327761], [1.575684, 42.5325302], [1.5746527, 42.5323423], [1.5759293, 42.5326305], [1.5750891, 42.5321233], [1.5739086, 42.5315503], [1.5731068, 42.5312694], [1.574081, 42.5321318], [1.5734502, 42.5315318], [1.5725225, 42.5306037], [1.5716856, 42.5296071], [1.5706199, 42.5288442], [1.5695704, 42.5280564], [1.5704495, 42.5286246], [1.5712383, 42.5293173], [1.5701461, 42.5285898], [1.569054, 42.5278623], [1.5679618, 42.5271349], [1.5681344, 42.5272128], [1.5689768, 42.5277268], [1.5678871, 42.5269956], [1.5667974, 42.5262644], [1.5656828, 42.5255812], [1.5644376, 42.5252144], [1.5632387, 42.5247256], [1.5621926, 42.5239795], [1.561249, 42.5230789], [1.5601285, 42.5224098], [1.5591067, 42.5216411], [1.5581199, 42.5207768], [1.5571949, 42.5198463], [1.5568198, 42.5193602], [1.556172, 42.5186313], [1.5563642, 42.5190333], [1.5554447, 42.5182107], [1.5549636, 42.5179108], [1.5543529, 42.5173652], [1.5539356, 42.5171344], [1.554283, 42.5173822], [1.5535013, 42.5163409], [1.5529338, 42.5151785], [1.5527056, 42.5139257], [1.5517353, 42.5131374], [1.550724, 42.5123148], [1.5495416, 42.511783], [1.5482687, 42.5114652], [1.5469978, 42.5111389], [1.5462592, 42.5101969], [1.5461813, 42.5098946], [1.5451222, 42.5093426], [1.543833, 42.5091678], [1.5425656, 42.5088783], [1.5413424, 42.5091561], [1.5401738, 42.5096691], [1.5390554, 42.510256], [1.5377986, 42.5100398], [1.5364928, 42.5100038], [1.5351888, 42.509895], [1.5338799, 42.5099014], [1.5326411, 42.5099646], [1.5313986, 42.5096027], [1.5301641, 42.5092395], [1.5289149, 42.5088844], [1.5276879, 42.5084432], [1.5263911, 42.5083114], [1.525128, 42.5079768], [1.5238392, 42.5077795], [1.5225514, 42.5077395], [1.5213608, 42.5075168], [1.5200701, 42.5074119], [1.5191442, 42.5076982], [1.5187663, 42.508097], [1.518099, 42.5076364], [1.5184793, 42.507103]], "mood_vectors": [[0.0217, 0.0445, 0.0322, 0.0235, 0.0731, 0.766, 0.039], [0.0158, 0.0691, 0.0537, 0.0732, 0.0471, 0.672, 0.0691], [0.083, 0.0645, 0.034, 0.0268, 0.0381, 0.7269, 0.0267], [0.0503, 0.035, 0.0214, 0.052, 0.0587, 0.7231, 0.0595], [0.0421, 0.0698, 0.021, 0.0588, 0.0662, 0.6875, 0.0547], [0.0261, 0.0583, 0.0284, 0.0643, 0.037, 0.7373, 0.0486], [0.0277, 0.0731, 0.0202, 0.058, 0.0716, 0.7294, 0.0199], [0.0622, 0.0712, 0.0682, 0.041, 0.0424, 0.6786, 0.0365], [0.0227, 0.0464, 0.0835, 0.0676, 0.0183, 0.6897, 0.0718], [0.0675, 0.0508, 0.081, 0.0184, 0.0675, 0.6412, 0.0736], [0.0362, 0.0477, 0.1001, 0.049, 0.0742, 0.6667, 0.026], [0.06, 0.02, 0.0836, 0.0216, 0.0224, 0.7741, 0.0184], [0.0738, 0.044, 0.0659, 0.0764, 0.0737, 0.6167, 0.0495], [0.0536, 0.0834, 0.0645, 0.0369, 0.0823, 0.6636, 0.0157], [0.0624, 0.0741, 0.0337, 0.029, 0.018, 0.7264, 0.0563], [0.0844, 0.0461, 0.0865, 0.0367, 0.0562, 0.6458, 0.0443], [0.0317, 0.0368, 0.0626, 0.036, 0.0319, 0.7446, 0.0564], [0.0667, 0.0695, 0.0492, 0.0735, 0.0363, 0.6358, 0.069], [0.0433, 0.0585, 0.0338, 0.0394, 0.075, 0.6708, 0.0792], [0.0707, 0.0335, 0.0412, 0.0831, 0.0416, 0.6814, 0.0485], [0.0178, 0.0883, 0.0285, 0.043, 0.0869, 0.7118, 0.0237], [0.039, 0.0449, 0.0471, 0.0278, 0.0898, 0.7315, 0.0198], [0.0177, 0.0453, 0.065, 0.0533, 0.0775, 0.6806, 0.0606], [0.036, 0.0122, 0.0398, 0.0771, 0.0136, 0.7594, 0.0618], [0.0782, 0.0718, 0.0801, 0.0235, 0.0271, 0.6679, 0.0514], [0.0536, 0.05, 0.0406, 0.0445, 0.0736, 0.6985, 0.0393], [0.0573, 0.0343, 0.04, 0.0411, 0.0608, 0.729, 0.0375], [0.0396, 0.0348, 0.0683, 0.0423, 0.0435, 0.7199, 0.0515], [0.0586, 0.0292, 0.0724, 0.0676, 0.0731, 0.6803, 0.0188], [0.0256, 0.0701, 0.0809, 0.0747, 0.0569, 0.638, 0.0538], [0.0768, 0.0864, 0.0822, 0.0423, 0.0787, 0.6184, 0.0153], [0.0361, 0.0305, 0.0526, 0.024, 0.0394, 0.7695, 0.0479], [0.0582, 0.0641, 0.0313, 0.0262, 0.0805, 0.7247, 0.0151], [0.0485, 0.0613, 0.0307, 0.0547, 0.0767, 0.6655, 0.0627], [0.0296, 0.0256, 0.0626, 0.0251, 0.0702, 0.7056, 0.0812], [0.082, 0.0787, 0.0481, 0.0643, 0.0476, 0.6303, 0.0491], [0.0568, 0.0434, 0.0742, 0.0241, 0.0565, 0.7132, 0.0319], [0.0424, 0.0354, 0.0461, 0.0739, 0.0669, 0.6581, 0.0772], [0.0396, 0.0563, 0.0144, 0.0433, 0.064, 0.74, 0.0424], [0.0514, 0.0144, 0.0752, 0.0588, 0.0541, 0.668, 0.0782], [0.0506, 0.0636, 0.0634, 0.0757, 0.0415, 0.6893, 0.0159], [0.0734, 0.0254, 0.0667, 0.0595, 0.0179, 0.6833, 0.0737], [0.0717, 0.0621, 0.0374, 0.0801, 0.0843, 0.6323, 0.032], [0.0565, 0.0782, 0.0149, 0.0171, 0.0301, 0.7823, 0.0209], [0.0599, 0.044, 0.0155, 0.0837, 0.0422, 0.6913, 0.0634], [0.0921, 0.0245, 0.0935, 0.0269, 0.0179, 0.7217, 0.0234], [0.0456, 0.0507, 0.0265, 0.0567, 0.0344, 0.7467, 0.0394], [0.0196, 0.0418, 0.0578, 0.0638, 0.0739, 0.7247, 0.0184], [0.0512, 0.0487, 0.0666, 0.0228, 0.0179, 0.7296, 0.0631], [0.0775, 0.0214, 0.026, 0.0522, 0.0449, 0.7629, 0.0152], [0.021, 0.0692, 0.0229, 0.0649, 0.0843, 0.688, 0.0496], [0.0138, 0.0409, 0.0502, 0.0688, 0.0795, 0.6958, 0.0509], [0.0205, 0.058, 0.0598, 0.0849, 0.0751, 0.6414, 0.0603], [0.0353, 0.0644, 0.0123, 0.0416, 0.076, 0.6934, 0.0769], [0.0523, 0.0152, 0.0785, 0.087, 0.0586, 0.6314, 0.077], [0.0435, 0.0684, 0.0811, 0.0788, 0.0787, 0.6203, 0.0292], [0.0795, 0.0309, 0.0275, 0.0121, 0.0448, 0.7867, 0.0184], [0.0188, 0.103, 0.0974, 0.0251, 0.0413, 0.6554, 0.059], [0.0371, 0.0686, 0.0434, 0.0652, 0.0738, 0.6574, 0.0546], [0.0302, 0.0685, 0.0429, 0.0745, 0.0655, 0.6876, 0.0308], [0.0349, 0.0833, 0.0652, 0.016, 0.0854, 0.639, 0.0763], [0.0658, 0.0865, 0.0258, 0.078, 0.074, 0.6091, 0.0609], [0.0324, 0.0137, 0.0373, 0.0698, 0.0137, 0.7555, 0.0777], [0.0453, 0.041, 0.0506, 0.0219, 0.068, 0.716, 0.0572], [0.0494, 0.063, 0.052, 0.0479, 0.064, 0.7082, 0.0155], [0.0524, 0.055, 0.0742, 0.0801, 0.0405, 0.6646, 0.0332], [0.0634, 0.0266, 0.0524, 0.0228, 0.0623, 0.6964, 0.0761], [0.0485, 0.0297, 0.0761, 0.0607, 0.0432, 0.7083, 0.0335], [0.0461, 0.0324, 0.0216, 0.0555, 0.0379, 0.7301, 0.0763], [0.0682, 0.0453, 0.0208, 0.0265, 0.0396, 0.7388, 0.0607], [0.0258, 0.0521, 0.0506, 0.0329, 0.0578, 0.7382, 0.0426], [0.0865, 0.0625, 0.0385, 0.0647, 0.0214, 0.6765, 0.0498], [0.0757, 0.0584, 0.0723, 0.0581, 0.0529, 0.66, 0.0226], [0.0385, 0.0185, 0.0872, 0.039, 0.0289, 0.7365, 0.0515], [0.0224, 0.0452, 0.0672, 0.0184, 0.024, 0.7932, 0.0296], [0.0479, 0.0268, 0.0756, 0.0718, 0.0459, 0.7053, 0.0268], [0.0313, 0.0511, 0.0423, 0.0443, 0.0699, 0.7345, 0.0266], [0.0482, 0.072, 0.0345, 0.0749, 0.0666, 0.6263, 0.0774], [0.0485, 0.0191, 0.0498, 0.0914, 0.076, 0.6916, 0.0236], [0.0763, 0.0213, 0.0626, 0.0861, 0.0738, 0.6329, 0.047]], "emotions": ["purple", "purple", "purple", "purple", "purple", "purple", "purple", "purple", "purple", "purple", "purple", "purple", "purple", "purple", "purple", "purple", "purple", "purple", "purple", "purple", "purple", "purple", "purple", "purple", "purple", "purple", "purple", "purple", "purple", "purple", "purple", "purple", "purple", "purple", "purple", "purple", "purple", "purple", "purple", "purple", "purple", "purple", "purple", "purple", "purple", "purple", "purple", "purple", "purple", "purple", "purple", "purple", "purple", "purple", "purple", "purple", "purple", "purple", "purple", "purple", "purple", "purple", "purple", "purple", "purple", "purple", "purple", "purple", "purple", "purple", "purple", "purple", "purple", "purple", "purple", "purple", "purple", "purple", "purple", "purple"], "timestamps": [0, 40, 80, 120, 160, 200, 240, 280, 320, 360, 400, 440, 480, 520, 560, 600, 640, 680, 720, 760, 800, 840, 880, 920, 960, 1000, 1040, 1080, 1120, 1160, 1200, 1240, 1280, 1320, 1360, 1400, 1440, 1480, 1520, 1560, 1600, 1640, 1680, 1720, 1760, 1800, 1840, 1880, 1920, 1960, 2000, 2040, 2080, 2120, 2160, 2200, 2240, 2280, 2320, 2360, 2400, 2440, 2480, 2520, 2560, 2600, 2640, 2680, 2720, 2760, 2800, 2840, 2880, 2920, 2960, 3000, 3040, 3080, 3120, 3160]}], "conversation": [], "conversation_timestamps": []}