{"agent_id": "agent-red-751", "type": "red", "trips": [{"trip_id": 0, "transport_method": "foot", "start_time": 0, "path": [[1.5794475, 42.5364095], [1.5783585, 42.5359622], [1.5779464, 42.5357293], [1.5792381, 42.5355537], [1.5795489, 42.5345755], [1.5804872, 42.5338532], [1.5799166, 42.5335227], [1.5786862, 42.5330615], [1.5773873, 42.5328727], [1.5763539, 42.5327077], [1.5776606, 42.5328837], [1.5768571, 42.532754], [1.575562, 42.5325069], [1.574779, 42.5323751], [1.5760633, 42.5326255], [1.5749606, 42.5320609], [1.5737744, 42.5314851], [1.5732079, 42.5313873], [1.5741896, 42.5322394], [1.5733315, 42.5314131], [1.5724239, 42.5304607], [1.5715287, 42.5295189], [1.5704707, 42.5287322], [1.5695141, 42.5280095], [1.5706158, 42.528734], [1.5710675, 42.5292035], [1.5699701, 42.5284726], [1.5688728, 42.5277416], [1.5677754, 42.5270107], [1.5683455, 42.5273046], [1.5687805, 42.5275951], [1.5676856, 42.5268604], [1.5665949, 42.52612], [1.5654476, 42.5254823], [1.5641882, 42.5251458], [1.5629885, 42.5246312], [1.5620262, 42.5237621], [1.5610203, 42.5229172], [1.5599344, 42.5222084], [1.5588801, 42.5214561], [1.5579057, 42.5205686], [1.5570332, 42.5196054], [1.5566095, 42.5191307], [1.5563904, 42.5188606], [1.5561174, 42.5188238], [1.555657, 42.5181672], [1.5550859, 42.5180097], [1.5540957, 42.5171391], [1.5541623, 42.5173981], [1.554055, 42.5171102], [1.5534077, 42.5159922], [1.5527522, 42.5148612], [1.5525391, 42.513611], [1.5514062, 42.5129492], [1.5503966, 42.5121326], [1.5491626, 42.5116825], [1.5478806, 42.5113746], [1.5466359, 42.5109663], [1.546254, 42.5098058], [1.5459655, 42.5096119], [1.5446996, 42.5093166], [1.5434332, 42.5090205], [1.5421309, 42.5088977], [1.5408332, 42.508688], [1.5398317, 42.508348], [1.5385274, 42.5082112], [1.5373433, 42.5079172], [1.5371268, 42.5079783], [1.5358309, 42.507735], [1.5346093, 42.5072482], [1.5351458, 42.5075911], [1.5349523, 42.5073933], [1.5337302, 42.5069038], [1.5324589, 42.5066345], [1.5312429, 42.5065281], [1.5300882, 42.5065232], [1.5289096, 42.506756], [1.5277694, 42.5072678], [1.526454, 42.5072163], [1.525146, 42.5070549]], "mood_vectors": [[0.7357, 0.0118, 0.0673, 0.0406, 0.0416, 0.036, 0.067], [0.7911, 0.0677, 0.0778, 0.014, 0.0141, 0.0207, 0.0146], [0.6962, 0.0654, 0.0448, 0.0648, 0.023, 0.0381, 0.0677], [0.6887, 0.0649, 0.058, 0.0189, 0.0829, 0.0476, 0.0389], [0.6591, 0.0445, 0.0717, 0.0716, 0.0856, 0.0258, 0.0417], [0.7186, 0.0682, 0.0251, 0.0678, 0.0404, 0.0171, 0.0628], [0.6896, 0.0898, 0.0603, 0.0285, 0.0305, 0.0755, 0.0259], [0.6461, 0.0351, 0.0961, 0.0373, 0.0645, 0.0724, 0.0485], [0.7147, 0.0365, 0.0706, 0.0712, 0.0226, 0.034, 0.0504], [0.7681, 0.0121, 0.045, 0.0387, 0.0566, 0.0166, 0.0628], [0.7134, 0.0405, 0.0611, 0.0483, 0.0493, 0.0707, 0.0166], [0.7222, 0.0361, 0.0705, 0.0237, 0.0568, 0.0743, 0.0163], [0.6924, 0.0172, 0.081, 0.0747, 0.0404, 0.0664, 0.0279], [0.7481, 0.064, 0.0651, 0.0139, 0.0575, 0.022, 0.0293], [0.7203, 0.05, 0.0688, 0.0276, 0.0216, 0.0542, 0.0575], [0.6842, 0.0674, 0.0735, 0.0266, 0.0294, 0.0978, 0.0211], [0.7012, 0.0617, 0.0265, 0.0724, 0.0717, 0.0114, 0.055], [0.7295, 0.0313, 0.095, 0.0486, 0.0192, 0.0626, 0.0139], [0.6818, 0.063, 0.026, 0.0389, 0.0874, 0.0389, 0.064], [0.6673, 0.0774, 0.0851, 0.031, 0.0537, 0.0198, 0.0656], [0.6783, 0.0606, 0.0685, 0.0378, 0.0182, 0.079, 0.0575], [0.757, 0.0128, 0.0646, 0.0497, 0.0387, 0.0325, 0.0445], [0.6986, 0.0693, 0.0542, 0.0179, 0.0711, 0.0484, 0.0406], [0.7098, 0.071, 0.014, 0.0783, 0.0297, 0.0191, 0.0782], [0.7121, 0.0788, 0.0203, 0.0198, 0.0694, 0.081, 0.0186], [0.711, 0.0273, 0.0961, 0.0521, 0.054, 0.0193, 0.0402], [0.7139, 0.0369, 0.0534, 0.0358, 0.0438, 0.0562, 0.0602], [0.705, 0.0606, 0.0204, 0.092, 0.076, 0.0222, 0.0238], [0.7904, 0.0147, 0.0188, 0.0325, 0.0365, 0.0442, 0.0627], [0.7161, 0.029, 0.075, 0.0674, 0.0197, 0.0365, 0.0565], [0.6167, 0.0824, 0.0791, 0.0287, 0.0762, 0.0831, 0.0338], [0.7061, 0.0603, 0.0707, 0.025, 0.0491, 0.0268, 0.062], [0.6688, 0.0305, 0.0747, 0.0581, 0.0415, 0.0462, 0.0801], [0.6348, 0.0858, 0.0356, 0.0556, 0.0633, 0.1002, 0.0246], [0.6837, 0.0608, 0.0577, 0.0158, 0.0498, 0.0781, 0.0541], [0.6963, 0.0327, 0.0547, 0.0744, 0.0546, 0.0325, 0.0549], [0.7585, 0.0303, 0.0785, 0.0135, 0.0536, 0.0485, 0.0171], [0.6705, 0.0685, 0.0663, 0.0624, 0.0438, 0.054, 0.0345], [0.7303, 0.0576, 0.0622, 0.0438, 0.0165, 0.0698, 0.0197], [0.7204, 0.0418, 0.0477, 0.046, 0.0783, 0.0488, 0.017], [0.5938, 0.0754, 0.0688, 0.0705, 0.0592, 0.0551, 0.0773], [0.6872, 0.0485, 0.0342, 0.0751, 0.0469, 0.0346, 0.0736], [0.6094, 0.0731, 0.0676, 0.0318, 0.0592, 0.0768, 0.0822], [0.7439, 0.0486, 0.0657, 0.0263, 0.0441, 0.0478, 0.0237], [0.624, 0.0676, 0.0716, 0.0603, 0.0702, 0.0232, 0.0831], [0.7683, 0.0336, 0.0422, 0.0733, 0.0261, 0.0403, 0.0162], [0.708, 0.0502, 0.0538, 0.0258, 0.0495, 0.039, 0.0738], [0.6627, 0.0696, 0.0609, 0.0457, 0.0413, 0.0812, 0.0386], [0.6924, 0.0681, 0.029, 0.0408, 0.0374, 0.0802, 0.0521], [0.6201, 0.0681, 0.0264, 0.0845, 0.0917, 0.0485, 0.0606], [0.6622, 0.0882, 0.0173, 0.0644, 0.0566, 0.0823, 0.0291], [0.7329, 0.0304, 0.0379, 0.0556, 0.0154, 0.0852, 0.0427], [0.7555, 0.0255, 0.0405, 0.0149, 0.0281, 0.0674, 0.068], [0.7846, 0.032, 0.0313, 0.0398, 0.0554, 0.0239, 0.033], [0.7232, 0.0793, 0.0397, 0.0629, 0.0122, 0.0246, 0.0581], [0.6622, 0.0727, 0.0687, 0.0426, 0.0498, 0.0425, 0.0614], [0.7258, 0.0546, 0.0433, 0.0142, 0.0614, 0.0669, 0.0338], [0.6418, 0.0669, 0.053, 0.039, 0.0711, 0.0598, 0.0684], [0.6973, 0.0567, 0.0531, 0.0134, 0.0662, 0.0479, 0.0654], [0.7522, 0.064, 0.037, 0.0382, 0.0575, 0.013, 0.0382], [0.7296, 0.0404, 0.0433, 0.0862, 0.0216, 0.0645, 0.0142], [0.7117, 0.0529, 0.0507, 0.0571, 0.0601, 0.0461, 0.0214], [0.7922, 0.0484, 0.013, 0.034, 0.0168, 0.0363, 0.0592], [0.6493, 0.0416, 0.0257, 0.0672, 0.0703, 0.0547, 0.0913], [0.7001, 0.0957, 0.0233, 0.0857, 0.0227, 0.0215, 0.0511], [0.6968, 0.0395, 0.0232, 0.0449, 0.0764, 0.0715, 0.0476], [0.7154, 0.035, 0.0303, 0.013, 0.0736, 0.0556, 0.077], [0.7251, 0.04, 0.0273, 0.048, 0.0536, 0.0695, 0.0365], [0.6577, 0.0623, 0.0857, 0.0575, 0.0261, 0.0281, 0.0827], [0.7747, 0.0436, 0.0342, 0.0126, 0.0617, 0.0585, 0.0147], [0.6887, 0.0279, 0.0369, 0.0453, 0.0569, 0.066, 0.0783], [0.7668, 0.0333, 0.0268, 0.0719, 0.0233, 0.0552, 0.0227], [0.7091, 0.0403, 0.019, 0.0913, 0.0902, 0.0152, 0.0348], [0.6774, 0.1015, 0.0415, 0.0418, 0.0422, 0.0395, 0.056], [0.6319, 0.0664, 0.069, 0.0719, 0.0496, 0.0693, 0.0419], [0.7263, 0.0389, 0.0729, 0.0405, 0.0505, 0.0171, 0.0538], [0.684, 0.0738, 0.0288, 0.044, 0.0666, 0.0485, 0.0543], [0.736, 0.0585, 0.0275, 0.039, 0.0342, 0.054, 0.0509], [0.631, 0.0778, 0.0637, 0.0606, 0.051, 0.0436, 0.0723], [0.6662, 0.0531, 0.0266, 0.0735, 0.0654, 0.0562, 0.059]], "emotions": ["red", "red", "red", "red", "red", "red", "red", "red", "red", "red", "red", "red", "red", "red", "red", "red", "red", "red", "red", "red", "red", "red", "red", "red", "red", "red", "red", "red", "red", "red", "red", "red", "red", "red", "red", "red", "red", "red", "red", "red", "red", "red", "red", "red", "red", "red", "red", "red", "red", "red", "red", "red", "red", "red", "red", "red", "red", "red", "red", "red", "red", "red", "red", "red", "red", "red", "red", "red", "red", "red", "red", "red", "red", "red", "red", "red", "red", "red", "red", "red"], "timestamps": [0, 40, 80, 120, 160, 200, 240, 280, 320, 360, 400, 440, 480, 520, 560, 600, 640, 680, 720, 760, 800, 840, 880, 920, 960, 1000, 1040, 1080, 1120, 1160, 1200, 1240, 1280, 1320, 1360, 1400, 1440, 1480, 1520, 1560, 1600, 1640, 1680, 1720, 1760, 1800, 1840, 1880, 1920, 1960, 2000, 2040, 2080, 2120, 2160, 2200, 2240, 2280, 2320, 2360, 2400, 2440, 2480, 2520, 2560, 2600, 2640, 2680, 2720, 2760, 2800, 2840, 2880, 2920, 2960, 3000, 3040, 3080, 3120, 3160]}], "conversation": [], "conversation_timestamps": []}