{"agent_id": "agent-orange-1973", "type": "orange", "trips": [{"trip_id": 0, "transport_method": "bicycle", "start_time": 0, "path": [[1.5321871, 42.5154355], [1.532482, 42.5151913], [1.5327747, 42.5149444], [1.5331182, 42.5148465], [1.5334717, 42.5149096], [1.5338542, 42.5148953], [1.5341688, 42.5147091], [1.5344082, 42.5148706], [1.5346892, 42.5148566], [1.5350435, 42.5148231], [1.5354249, 42.5148006], [1.5357974, 42.5147193], [1.5361748, 42.5146546], [1.536555, 42.5146098], [1.5369346, 42.5145596], [1.5373142, 42.5145092], [1.5376936, 42.5144573], [1.5380678, 42.5143876], [1.538433, 42.5143128], [1.5387861, 42.5142501], [1.5390505, 42.5139825], [1.5393365, 42.5137282], [1.5393168, 42.5134391], [1.5389637, 42.5133049], [1.5387295, 42.5131326], [1.5384812, 42.5129347], [1.5388302, 42.5128289], [1.5391813, 42.5126811], [1.539351, 42.5123995], [1.5391247, 42.5123882], [1.5393293, 42.5126022], [1.5396529, 42.5123997], [1.5399745, 42.512192], [1.5402943, 42.5119854], [1.5399481, 42.5121487], [1.539577, 42.5122242], [1.5395054, 42.512201], [1.5398682, 42.5120785], [1.540231, 42.511956], [1.5405938, 42.5118334], [1.5409565, 42.5117109], [1.5413307, 42.5116436], [1.5416828, 42.5115255], [1.5417986, 42.5111864], [1.5418863, 42.5108258], [1.5419839, 42.5104571], [1.5421545, 42.5101169], [1.5423523, 42.5097891], [1.542285, 42.5099548], [1.5423721, 42.509831], [1.5426181, 42.5095376], [1.5428527, 42.5092467], [1.5432291, 42.5093074], [1.543611, 42.5093352], [1.5439909, 42.5093351], [1.5443699, 42.5093028], [1.5447525, 42.5093188], [1.5451346, 42.5093435], [1.5455007, 42.5092958], [1.5458397, 42.5091176], [1.5461786, 42.5089395], [1.5465176, 42.5087613], [1.5468566, 42.5085832], [1.5471955, 42.508405], [1.5470344, 42.5086898], [1.5467476, 42.5089357], [1.5463993, 42.5090881], [1.5460457, 42.5092222], [1.5456879, 42.509285], [1.5454184, 42.509339], [1.5457573, 42.5091608], [1.5460962, 42.5089825], [1.5464351, 42.5088043], [1.546774, 42.508626], [1.5471129, 42.5084478], [1.5474369, 42.508455], [1.5476525, 42.5087692], [1.5478636, 42.5090883], [1.5481614, 42.5092914], [1.5484257, 42.5094124]], "mood_vectors": [[0.0253, 0.0367, 0.0322, 0.018, 0.7549, 0.0522, 0.0806], [0.0339, 0.0287, 0.0446, 0.0136, 0.733, 0.0806, 0.0655], [0.047, 0.0451, 0.0726, 0.026, 0.6862, 0.0511, 0.0719], [0.033, 0.0784, 0.0648, 0.02, 0.7123, 0.0617, 0.0298], [0.0589, 0.0644, 0.0479, 0.0668, 0.6504, 0.0684, 0.0433], [0.0192, 0.0212, 0.0674, 0.0353, 0.7402, 0.0559, 0.0609], [0.0604, 0.0759, 0.0363, 0.0572, 0.6481, 0.0605, 0.0617], [0.0711, 0.0852, 0.0224, 0.0671, 0.6432, 0.0649, 0.0461], [0.0751, 0.0751, 0.0761, 0.0203, 0.6631, 0.0454, 0.0449], [0.0196, 0.0349, 0.036, 0.0391, 0.78, 0.0272, 0.0632], [0.0121, 0.0237, 0.0264, 0.0255, 0.7739, 0.0773, 0.061], [0.066, 0.0487, 0.0775, 0.0135, 0.7038, 0.0245, 0.0661], [0.0242, 0.0128, 0.0679, 0.0809, 0.7403, 0.0605, 0.0134], [0.0582, 0.0599, 0.0293, 0.049, 0.6789, 0.0739, 0.0506], [0.0415, 0.0537, 0.0195, 0.0354, 0.7694, 0.0542, 0.0262], [0.0134, 0.0395, 0.0742, 0.0635, 0.7227, 0.0481, 0.0386], [0.0934, 0.0635, 0.0761, 0.033, 0.6307, 0.0571, 0.0463], [0.0887, 0.1045, 0.0452, 0.0757, 0.6346, 0.0261, 0.0252], [0.0705, 0.0577, 0.0202, 0.0137, 0.7238, 0.0679, 0.0462], [0.0718, 0.0498, 0.0481, 0.0153, 0.7297, 0.0642, 0.0212], [0.0208, 0.0488, 0.022, 0.0215, 0.7423, 0.0855, 0.0591], [0.0708, 0.0714, 0.0773, 0.0512, 0.6422, 0.0576, 0.0295], [0.0508, 0.0225, 0.0146, 0.0384, 0.7304, 0.0494, 0.0939], [0.0672, 0.0298, 0.0215, 0.0197, 0.7514, 0.082, 0.0284], [0.0761, 0.0657, 0.0165, 0.0554, 0.7235, 0.0176, 0.0453], [0.0481, 0.0456, 0.0398, 0.0742, 0.6979, 0.0138, 0.0806], [0.0462, 0.024, 0.0715, 0.0762, 0.6835, 0.019, 0.0797], [0.0165, 0.0924, 0.0375, 0.0896, 0.6334, 0.0516, 0.079], [0.0134, 0.0432, 0.0375, 0.0373, 0.8276, 0.0225, 0.0186], [0.0322, 0.0622, 0.0439, 0.0499, 0.6812, 0.0682, 0.0624], [0.073, 0.0605, 0.041, 0.0132, 0.7128, 0.0289, 0.0707], [0.0432, 0.0573, 0.0566, 0.0412, 0.7468, 0.0246, 0.0302], [0.0259, 0.0356, 0.0802, 0.0482, 0.6696, 0.0672, 0.0732], [0.0187, 0.0719, 0.0292, 0.05, 0.7192, 0.0364, 0.0746], [0.0233, 0.0203, 0.0867, 0.0758, 0.6263, 0.0787, 0.0888], [0.0853, 0.0159, 0.0361, 0.0397, 0.6851, 0.0655, 0.0725], [0.0197, 0.0334, 0.0467, 0.0371, 0.7815, 0.0534, 0.0282], [0.0812, 0.0378, 0.0818, 0.0515, 0.7099, 0.0191, 0.0187], [0.0604, 0.0542, 0.055, 0.0474, 0.6911, 0.0587, 0.0331], [0.0111, 0.0331, 0.0376, 0.0567, 0.7655, 0.0398, 0.0562], [0.0605, 0.0307, 0.0452, 0.03, 0.7722, 0.0297, 0.0316], [0.0466, 0.0391, 0.0668, 0.0274, 0.6862, 0.0606, 0.0734], [0.0532, 0.0876, 0.0936, 0.0387, 0.6327, 0.074, 0.0202], [0.0536, 0.0756, 0.0737, 0.0374, 0.7038, 0.0328, 0.0231], [0.0276, 0.0911, 0.0679, 0.0445, 0.6377, 0.093, 0.0381], [0.0488, 0.058, 0.0174, 0.0506, 0.6803, 0.0677, 0.0771], [0.0715, 0.0749, 0.0677, 0.0211, 0.7323, 0.0164, 0.016], [0.0372, 0.0727, 0.0365, 0.0242, 0.7326, 0.0781, 0.0187], [0.0381, 0.0176, 0.0347, 0.0682, 0.7705, 0.0395, 0.0313], [0.0667, 0.019, 0.0799, 0.0301, 0.675, 0.0918, 0.0374], [0.0616, 0.0213, 0.0695, 0.0192, 0.7209, 0.087, 0.0204], [0.0234, 0.0588, 0.0432, 0.0282, 0.7102, 0.0689, 0.0672], [0.0615, 0.025, 0.0527, 0.0263, 0.7562, 0.0252, 0.053], [0.0182, 0.0436, 0.0437, 0.014, 0.7404, 0.0617, 0.0784], [0.0644, 0.0784, 0.0811, 0.0715, 0.5913, 0.042, 0.0713], [0.0633, 0.0863, 0.0417, 0.0824, 0.6147, 0.0284, 0.0832], [0.0367, 0.0246, 0.0385, 0.0864, 0.7081, 0.0284, 0.0774], [0.0268, 0.059, 0.07, 0.0633, 0.6887, 0.0621, 0.0302], [0.0906, 0.0923, 0.0157, 0.0436, 0.6546, 0.0727, 0.0307], [0.0119, 0.0496, 0.0326, 0.0692, 0.7094, 0.0555, 0.0718], [0.0776, 0.0258, 0.0233, 0.0593, 0.7104, 0.0449, 0.0587], [0.0715, 0.0531, 0.0582, 0.0556, 0.6653, 0.0647, 0.0316], [0.055, 0.0653, 0.0564, 0.0504, 0.7106, 0.0456, 0.0167], [0.0338, 0.0879, 0.0432, 0.0685, 0.6703, 0.0543, 0.0421], [0.0492, 0.035, 0.0721, 0.0521, 0.7174, 0.0281, 0.046], [0.0727, 0.0615, 0.061, 0.0439, 0.6774, 0.063, 0.0206], [0.0329, 0.0412, 0.0143, 0.0607, 0.7805, 0.0438, 0.0266], [0.0144, 0.0816, 0.0636, 0.0828, 0.6989, 0.0212, 0.0376], [0.0142, 0.0559, 0.0505, 0.0293, 0.7823, 0.0187, 0.0491], [0.0715, 0.0543, 0.0177, 0.043, 0.7546, 0.0266, 0.0324], [0.0846, 0.0575, 0.0391, 0.0581, 0.674, 0.0273, 0.0595], [0.0761, 0.0622, 0.0297, 0.0178, 0.7146, 0.0548, 0.0449], [0.0957, 0.0491, 0.1002, 0.0221, 0.6064, 0.0589, 0.0677], [0.0448, 0.0152, 0.0443, 0.0518, 0.7376, 0.076, 0.0302], [0.0256, 0.0192, 0.0928, 0.0776, 0.6848, 0.0844, 0.0156], [0.0593, 0.038, 0.0795, 0.0739, 0.6417, 0.0684, 0.0391], [0.0319, 0.0187, 0.0268, 0.0906, 0.7267, 0.0493, 0.0561], [0.0172, 0.0721, 0.0431, 0.0429, 0.6991, 0.0682, 0.0574], [0.0628, 0.045, 0.0204, 0.0488, 0.7099, 0.0523, 0.0608], [0.0617, 0.1012, 0.0956, 0.0168, 0.6345, 0.0443, 0.046]], "emotions": ["red", "red", "red", "red", "red", "red", "red", "red", "red", "red", "red", "red", "red", "red", "red", "red", "red", "red", "red", "red", "red", "red", "red", "red", "red", "red", "red", "red", "red", "red", "red", "red", "red", "red", "red", "red", "red", "red", "red", "red", "red", "red", "red", "red", "red", "red", "red", "red", "red", "red", "red", "red", "red", "red", "red", "red", "red", "red", "red", "red", "red", "red", "red", "red", "red", "red", "red", "red", "red", "red", "red", "red", "red", "red", "red", "red", "red", "red", "red", "red"], "timestamps": [0, 40, 80, 120, 160, 200, 240, 280, 320, 360, 400, 440, 480, 520, 560, 600, 640, 680, 720, 760, 800, 840, 880, 920, 960, 1000, 1040, 1080, 1120, 1160, 1200, 1240, 1280, 1320, 1360, 1400, 1440, 1480, 1520, 1560, 1600, 1640, 1680, 1720, 1760, 1800, 1840, 1880, 1920, 1960, 2000, 2040, 2080, 2120, 2160, 2200, 2240, 2280, 2320, 2360, 2400, 2440, 2480, 2520, 2560, 2600, 2640, 2680, 2720, 2760, 2800, 2840, 2880, 2920, 2960, 3000, 3040, 3080, 3120, 3160]}], "conversation": [], "conversation_timestamps": []}