{"agent_id": "agent-blue-1845", "type": "blue", "trips": [{"trip_id": 0, "transport_method": "car", "start_time": 0, "path": [[1.5014077, 42.4616081], [1.5021616, 42.4619421], [1.5010907, 42.4614813], [1.4999587, 42.4612183], [1.4988025, 42.4610833], [1.4994371, 42.4614449], [1.5005778, 42.4616773], [1.5015614, 42.4622918], [1.5025798, 42.4628265], [1.5032197, 42.4632533], [1.5029872, 42.4640303], [1.501971, 42.4645984], [1.5009221, 42.4650656], [1.499872, 42.4649768], [1.4989144, 42.4644837], [1.497791, 42.4644349], [1.4968971, 42.4648105], [1.4958424, 42.4643712], [1.4956543, 42.4642625], [1.4949561, 42.4651961], [1.494116, 42.4659479], [1.4929735, 42.4661527], [1.4920909, 42.4668985], [1.491561, 42.4677623], [1.4918698, 42.4688826], [1.4920321, 42.4700212], [1.4916317, 42.4711082], [1.4910816, 42.4721361], [1.4905783, 42.4731846], [1.4906472, 42.4743188], [1.4908379, 42.4754511], [1.490621, 42.476546], [1.4904385, 42.4776975], [1.490256, 42.4788489], [1.4900734, 42.4800004], [1.4898909, 42.4811519], [1.4896051, 42.4816161], [1.4894265, 42.4804681], [1.4894826, 42.4793217], [1.4900504, 42.4783092], [1.4905779, 42.4772718], [1.4906035, 42.4768239], [1.4905115, 42.4779861], [1.4904194, 42.4791483], [1.4903273, 42.4803105], [1.4902353, 42.4814727], [1.490181, 42.482626], [1.4907375, 42.4836401], [1.4913815, 42.4845262], [1.4922594, 42.4851586], [1.4927463, 42.4862115], [1.4932357, 42.4872677], [1.4938056, 42.4882847], [1.4943777, 42.4893006], [1.4949391, 42.4903223], [1.4955584, 42.4912473], [1.4964394, 42.49201], [1.4972985, 42.4927888], [1.4982019, 42.4935166], [1.4987364, 42.4943908], [1.4987739, 42.4953796], [1.4997905, 42.4959493], [1.5008142, 42.4965058], [1.5018528, 42.4969052], [1.5028675, 42.497475], [1.503926, 42.497963], [1.5049887, 42.4984415], [1.5060332, 42.4989576], [1.5070849, 42.4994605], [1.5081133, 42.4999963], [1.5091663, 42.5004965], [1.5092759, 42.5005488], [1.5099058, 42.5008369], [1.5109641, 42.5013262], [1.5105216, 42.5011434], [1.5108022, 42.5013372], [1.5117793, 42.5017716], [1.5122798, 42.5021852], [1.5131945, 42.5028998], [1.5122325, 42.5027135]], "mood_vectors": [[0.0737, 0.0593, 0.0558, 0.6314, 0.0594, 0.0657, 0.0547], [0.0755, 0.0566, 0.0284, 0.6964, 0.0643, 0.0606, 0.0183], [0.0756, 0.0581, 0.0217, 0.7373, 0.0235, 0.0562, 0.0277], [0.0814, 0.0307, 0.0503, 0.6128, 0.0759, 0.0724, 0.0765], [0.0743, 0.0442, 0.0148, 0.732, 0.0519, 0.059, 0.0237], [0.0755, 0.0124, 0.0189, 0.7296, 0.0513, 0.0458, 0.0667], [0.0783, 0.0258, 0.0231, 0.6712, 0.083, 0.031, 0.0877], [0.0146, 0.079, 0.0675, 0.6189, 0.0645, 0.0774, 0.0781], [0.0389, 0.0326, 0.0623, 0.7824, 0.0139, 0.0442, 0.0257], [0.0323, 0.0324, 0.098, 0.7332, 0.028, 0.0317, 0.0445], [0.0349, 0.0813, 0.0718, 0.6796, 0.046, 0.0531, 0.0332], [0.0446, 0.0263, 0.0521, 0.7892, 0.028, 0.0122, 0.0476], [0.0563, 0.0553, 0.028, 0.6963, 0.0664, 0.0271, 0.0706], [0.0507, 0.0685, 0.0212, 0.6578, 0.028, 0.0905, 0.0833], [0.0852, 0.0458, 0.0259, 0.6871, 0.0418, 0.0392, 0.0749], [0.0653, 0.0161, 0.0589, 0.6993, 0.0623, 0.0446, 0.0536], [0.0607, 0.0296, 0.0738, 0.6979, 0.0387, 0.0506, 0.0488], [0.0623, 0.0559, 0.0737, 0.6788, 0.0211, 0.0329, 0.0753], [0.0151, 0.0906, 0.0528, 0.6912, 0.0654, 0.0272, 0.0577], [0.026, 0.0711, 0.0827, 0.626, 0.0554, 0.0609, 0.0779], [0.0503, 0.0618, 0.0478, 0.7039, 0.0342, 0.0461, 0.0559], [0.0681, 0.0718, 0.0369, 0.6704, 0.0639, 0.0374, 0.0515], [0.047, 0.0468, 0.0375, 0.7025, 0.069, 0.0349, 0.0622], [0.0892, 0.0373, 0.0463, 0.6838, 0.0434, 0.053, 0.047], [0.093, 0.0272, 0.0642, 0.7568, 0.0203, 0.0237, 0.0147], [0.0541, 0.0326, 0.0814, 0.6777, 0.0602, 0.0381, 0.0559], [0.0556, 0.0567, 0.0641, 0.6398, 0.042, 0.0761, 0.0656], [0.0611, 0.0415, 0.0446, 0.6697, 0.0662, 0.0715, 0.0454], [0.0427, 0.0156, 0.065, 0.7661, 0.0264, 0.044, 0.0402], [0.0764, 0.0167, 0.0416, 0.7527, 0.058, 0.0416, 0.013], [0.0465, 0.026, 0.0859, 0.6521, 0.0742, 0.0635, 0.0518], [0.0278, 0.03, 0.0348, 0.7424, 0.0188, 0.0345, 0.1117], [0.0664, 0.0687, 0.0571, 0.6645, 0.0484, 0.027, 0.0679], [0.022, 0.0784, 0.017, 0.7396, 0.0356, 0.0421, 0.0653], [0.0128, 0.0682, 0.0633, 0.7266, 0.0573, 0.0378, 0.034], [0.0844, 0.0461, 0.0781, 0.7129, 0.0273, 0.0253, 0.0259], [0.0739, 0.0699, 0.0447, 0.6417, 0.0649, 0.0497, 0.0552], [0.0707, 0.0309, 0.0937, 0.5804, 0.0834, 0.046, 0.0949], [0.0133, 0.0512, 0.0734, 0.675, 0.0836, 0.0243, 0.079], [0.0143, 0.0531, 0.0595, 0.7038, 0.0448, 0.0797, 0.0447], [0.0225, 0.0294, 0.0546, 0.7236, 0.0739, 0.0268, 0.0692], [0.0339, 0.0181, 0.035, 0.7209, 0.0461, 0.1046, 0.0414], [0.0816, 0.0233, 0.0416, 0.7502, 0.0145, 0.0536, 0.0352], [0.0527, 0.0768, 0.0679, 0.6189, 0.0598, 0.0528, 0.0711], [0.0355, 0.0786, 0.0604, 0.6169, 0.0706, 0.0607, 0.0773], [0.0377, 0.0263, 0.0293, 0.8113, 0.0217, 0.0183, 0.0554], [0.0378, 0.0677, 0.0545, 0.6254, 0.0736, 0.072, 0.069], [0.0511, 0.0741, 0.0734, 0.6848, 0.0283, 0.0516, 0.0367], [0.0395, 0.0731, 0.0332, 0.7781, 0.0263, 0.0251, 0.0248], [0.0207, 0.0616, 0.0379, 0.6556, 0.074, 0.071, 0.0793], [0.0701, 0.0558, 0.0531, 0.6893, 0.0617, 0.0261, 0.0439], [0.0256, 0.0438, 0.0466, 0.7946, 0.0367, 0.015, 0.0377], [0.073, 0.0538, 0.0468, 0.6163, 0.0815, 0.0655, 0.0631], [0.0897, 0.0712, 0.0888, 0.5956, 0.0176, 0.0526, 0.0846], [0.0962, 0.0344, 0.0263, 0.6486, 0.0963, 0.0588, 0.0394], [0.0652, 0.0773, 0.0688, 0.6015, 0.0277, 0.0736, 0.0859], [0.0705, 0.0782, 0.0407, 0.6468, 0.039, 0.0643, 0.0604], [0.0441, 0.0245, 0.0646, 0.6923, 0.0709, 0.0274, 0.0763], [0.0742, 0.0261, 0.0727, 0.6973, 0.0539, 0.0353, 0.0404], [0.0176, 0.0588, 0.0345, 0.7938, 0.0202, 0.0554, 0.0197], [0.0711, 0.031, 0.0385, 0.7128, 0.0655, 0.0276, 0.0535], [0.0768, 0.0591, 0.0207, 0.6649, 0.033, 0.0707, 0.0747], [0.0278, 0.0538, 0.0441, 0.789, 0.023, 0.0221, 0.0402], [0.0904, 0.0182, 0.0801, 0.6477, 0.0543, 0.0592, 0.0501], [0.0368, 0.0649, 0.0577, 0.6704, 0.0962, 0.0434, 0.0307], [0.0743, 0.0529, 0.0531, 0.6634, 0.0561, 0.0394, 0.0609], [0.0337, 0.0138, 0.0558, 0.7544, 0.0682, 0.0411, 0.0329], [0.0366, 0.0857, 0.081, 0.6466, 0.0488, 0.0144, 0.0868], [0.0233, 0.0471, 0.0557, 0.759, 0.0166, 0.0276, 0.0706], [0.0566, 0.0539, 0.0153, 0.775, 0.0413, 0.019, 0.039], [0.029, 0.072, 0.0582, 0.7084, 0.0355, 0.0383, 0.0586], [0.0586, 0.0715, 0.0472, 0.686, 0.0672, 0.0289, 0.0407], [0.0722, 0.0845, 0.0713, 0.6062, 0.0557, 0.0686, 0.0415], [0.0658, 0.0207, 0.0766, 0.7023, 0.0433, 0.0637, 0.0276], [0.0813, 0.0381, 0.0588, 0.7506, 0.0168, 0.0333, 0.021], [0.0281, 0.0275, 0.0531, 0.7776, 0.0516, 0.044, 0.0182], [0.051, 0.0649, 0.0424, 0.6391, 0.0786, 0.0348, 0.0892], [0.0322, 0.0269, 0.0813, 0.7382, 0.0229, 0.0183, 0.0802], [0.066, 0.0361, 0.0641, 0.6806, 0.0532, 0.0541, 0.0459], [0.0615, 0.0664, 0.0238, 0.6833, 0.0471, 0.0346, 0.0834]], "emotions": ["green", "green", "green", "green", "green", "green", "green", "green", "green", "green", "green", "green", "green", "green", "green", "green", "green", "green", "green", "green", "green", "green", "green", "green", "green", "green", "green", "green", "green", "green", "green", "green", "green", "green", "green", "green", "green", "green", "green", "green", "green", "green", "green", "green", "green", "green", "green", "green", "green", "green", "green", "green", "green", "green", "green", "green", "green", "green", "green", "green", "green", "green", "green", "green", "green", "green", "green", "green", "green", "green", "green", "green", "green", "green", "green", "green", "green", "green", "green", "green"], "timestamps": [0, 40, 80, 120, 160, 200, 240, 280, 320, 360, 400, 440, 480, 520, 560, 600, 640, 680, 720, 760, 800, 840, 880, 920, 960, 1000, 1040, 1080, 1120, 1160, 1200, 1240, 1280, 1320, 1360, 1400, 1440, 1480, 1520, 1560, 1600, 1640, 1680, 1720, 1760, 1800, 1840, 1880, 1920, 1960, 2000, 2040, 2080, 2120, 2160, 2200, 2240, 2280, 2320, 2360, 2400, 2440, 2480, 2520, 2560, 2600, 2640, 2680, 2720, 2760, 2800, 2840, 2880, 2920, 2960, 3000, 3040, 3080, 3120, 3160]}], "conversation": [], "conversation_timestamps": []}