{"agent_id": "agent-purple-1714", "type": "purple", "trips": [{"trip_id": 0, "transport_method": "foot", "start_time": 0, "path": [[1.4811681, 42.5731567], [1.4809446, 42.5735142], [1.4810064, 42.5717293], [1.4817904, 42.5709355], [1.4832658, 42.5718167], [1.4849464, 42.5716925], [1.4864007, 42.5708156], [1.4877686, 42.5696919], [1.4887952, 42.5682573], [1.4899453, 42.5669228], [1.4908206, 42.5658818], [1.4921547, 42.5647022], [1.4936102, 42.5636668], [1.4950657, 42.5626313], [1.4946918, 42.5632175], [1.4930303, 42.5638261], [1.4917134, 42.5649979], [1.4930135, 42.5640738], [1.4944602, 42.5630261], [1.495914, 42.5619891], [1.4975084, 42.5614763], [1.4975611, 42.5614754], [1.4992525, 42.5616798], [1.50059, 42.5609737], [1.5021301, 42.5600689], [1.5022849, 42.5601749], [1.500803, 42.5611614], [1.5007745, 42.5609368], [1.5023722, 42.560138], [1.503945, 42.5593021], [1.5047839, 42.5579184], [1.5056425, 42.5564344], [1.5066115, 42.5549499], [1.5073123, 42.5534369], [1.5086341, 42.5522361], [1.5100349, 42.5511416], [1.5114751, 42.5501015], [1.5123143, 42.5492068], [1.5133746, 42.5478462], [1.5137265, 42.5468878], [1.5142396, 42.5462685], [1.5147976, 42.5457778], [1.5157891, 42.5443105], [1.5170112, 42.5430361], [1.5181078, 42.5416953], [1.5194276, 42.5406842], [1.5194866, 42.5389955], [1.5194489, 42.5395584], [1.5197803, 42.5378176], [1.5206744, 42.5362954], [1.5206346, 42.5351426], [1.5194792, 42.5338192], [1.5195701, 42.5321094], [1.5198155, 42.5309171], [1.5196596, 42.5310603], [1.520337, 42.5296978], [1.5203593, 42.5280648], [1.5203819, 42.5265363], [1.5206349, 42.5247976], [1.5215842, 42.5233115], [1.5225156, 42.5218415], [1.5235647, 42.5204811], [1.5236426, 42.5204592], [1.523749, 42.5200954], [1.5245572, 42.5185492], [1.5259141, 42.5174522], [1.5274416, 42.5166391], [1.5289382, 42.5157439], [1.5301698, 42.5144878], [1.530565, 42.5128834], [1.530305, 42.5116198], [1.529563, 42.5104018], [1.5286485, 42.5095118], [1.5288499, 42.509691], [1.5274664, 42.5085814], [1.5257526, 42.5082402], [1.5240715, 42.5077724], [1.522497, 42.5073413], [1.5220453, 42.5068369], [1.5220576, 42.5056055]], "mood_vectors": [[0.0679, 0.0747, 0.018, 0.0428, 0.073, 0.6508, 0.0729], [0.014, 0.022, 0.071, 0.0505, 0.0494, 0.709, 0.084], [0.0759, 0.0396, 0.0494, 0.0255, 0.0804, 0.7108, 0.0183], [0.0203, 0.0626, 0.0259, 0.0563, 0.0128, 0.7456, 0.0766], [0.0769, 0.058, 0.0474, 0.0569, 0.0247, 0.6899, 0.0462], [0.0613, 0.0316, 0.0156, 0.0177, 0.0564, 0.7507, 0.0668], [0.0398, 0.049, 0.0269, 0.0466, 0.062, 0.7414, 0.0343], [0.0656, 0.0506, 0.0376, 0.0929, 0.0408, 0.6555, 0.0569], [0.0758, 0.0709, 0.0291, 0.0419, 0.0342, 0.6722, 0.0759], [0.0138, 0.0513, 0.0416, 0.0534, 0.0221, 0.7794, 0.0384], [0.0339, 0.0631, 0.0671, 0.0346, 0.0284, 0.7029, 0.07], [0.0371, 0.0593, 0.04, 0.0779, 0.072, 0.6979, 0.0159], [0.0379, 0.0278, 0.0399, 0.0621, 0.0856, 0.6782, 0.0686], [0.0132, 0.0288, 0.0722, 0.0418, 0.0562, 0.75, 0.0377], [0.0656, 0.0431, 0.0338, 0.0308, 0.0894, 0.6855, 0.0518], [0.0232, 0.0655, 0.0174, 0.0367, 0.058, 0.7561, 0.0432], [0.0711, 0.0582, 0.0426, 0.0263, 0.0747, 0.7104, 0.0168], [0.0912, 0.0605, 0.0401, 0.0704, 0.0772, 0.6401, 0.0205], [0.0807, 0.0721, 0.0358, 0.0344, 0.0728, 0.6688, 0.0355], [0.0434, 0.0687, 0.0617, 0.0286, 0.0352, 0.7277, 0.0347], [0.0472, 0.0647, 0.0163, 0.0181, 0.0686, 0.7423, 0.0428], [0.0563, 0.079, 0.0885, 0.0795, 0.023, 0.6229, 0.0507], [0.0558, 0.0871, 0.0738, 0.0473, 0.0834, 0.6121, 0.0405], [0.0506, 0.0547, 0.0452, 0.0209, 0.0508, 0.7589, 0.0188], [0.0163, 0.0238, 0.0175, 0.0513, 0.0756, 0.7399, 0.0755], [0.052, 0.0788, 0.0165, 0.0697, 0.0475, 0.6774, 0.0581], [0.0192, 0.0519, 0.0298, 0.0832, 0.0414, 0.706, 0.0685], [0.0573, 0.079, 0.0854, 0.0737, 0.0443, 0.6011, 0.0592], [0.0327, 0.0197, 0.0302, 0.0396, 0.0721, 0.755, 0.0506], [0.0737, 0.0268, 0.0688, 0.0149, 0.0145, 0.7529, 0.0483], [0.0437, 0.0258, 0.0461, 0.0477, 0.0492, 0.7081, 0.0794], [0.0612, 0.0378, 0.0225, 0.0197, 0.0409, 0.7549, 0.063], [0.091, 0.0354, 0.0454, 0.0268, 0.0372, 0.7415, 0.0226], [0.0496, 0.0701, 0.0317, 0.0129, 0.0862, 0.6776, 0.0718], [0.0327, 0.0782, 0.0347, 0.0192, 0.026, 0.7287, 0.0805], [0.0614, 0.0167, 0.0191, 0.0706, 0.0609, 0.7063, 0.0649], [0.0813, 0.0476, 0.0375, 0.0296, 0.0408, 0.6935, 0.0698], [0.0337, 0.0612, 0.0702, 0.0203, 0.0172, 0.7356, 0.0618], [0.0964, 0.0478, 0.0463, 0.0741, 0.0234, 0.6939, 0.0182], [0.0815, 0.0535, 0.0252, 0.0723, 0.0348, 0.6716, 0.0611], [0.0546, 0.0863, 0.0802, 0.084, 0.0381, 0.5809, 0.076], [0.027, 0.042, 0.0767, 0.0405, 0.0474, 0.732, 0.0345], [0.0336, 0.0546, 0.0875, 0.0693, 0.0301, 0.6852, 0.0397], [0.0786, 0.0357, 0.0668, 0.0126, 0.06, 0.7347, 0.0116], [0.0344, 0.0542, 0.0436, 0.0334, 0.0635, 0.7565, 0.0144], [0.0811, 0.0449, 0.0226, 0.0583, 0.0394, 0.6969, 0.0569], [0.0309, 0.0726, 0.0488, 0.0611, 0.0308, 0.6925, 0.0634], [0.0389, 0.0236, 0.021, 0.0669, 0.0199, 0.8084, 0.0213], [0.0291, 0.0651, 0.0594, 0.047, 0.0381, 0.7403, 0.0211], [0.0424, 0.0185, 0.0333, 0.071, 0.0299, 0.7509, 0.054], [0.0616, 0.0711, 0.0417, 0.0227, 0.084, 0.6667, 0.0523], [0.037, 0.0228, 0.046, 0.0492, 0.0497, 0.7618, 0.0334], [0.0526, 0.0583, 0.0205, 0.0413, 0.0587, 0.7359, 0.0328], [0.0545, 0.0391, 0.065, 0.0549, 0.0735, 0.6751, 0.038], [0.0538, 0.0438, 0.0437, 0.0251, 0.0241, 0.7396, 0.0699], [0.0902, 0.0861, 0.0678, 0.0869, 0.0172, 0.6112, 0.0407], [0.0897, 0.0383, 0.0454, 0.0693, 0.0454, 0.6964, 0.0154], [0.0701, 0.0636, 0.0265, 0.0866, 0.0947, 0.6308, 0.0277], [0.0633, 0.0176, 0.0484, 0.0625, 0.0874, 0.6519, 0.069], [0.0267, 0.0317, 0.0169, 0.0441, 0.0608, 0.7825, 0.0372], [0.0213, 0.0404, 0.0261, 0.046, 0.0407, 0.7945, 0.0309], [0.0651, 0.0209, 0.0196, 0.0773, 0.0774, 0.6795, 0.0602], [0.053, 0.0737, 0.0126, 0.046, 0.0138, 0.7377, 0.0633], [0.0878, 0.0658, 0.0814, 0.0771, 0.0205, 0.5989, 0.0686], [0.053, 0.0236, 0.0443, 0.0296, 0.0454, 0.7812, 0.023], [0.0339, 0.0774, 0.0728, 0.0498, 0.0154, 0.6797, 0.071], [0.0237, 0.0513, 0.0183, 0.0156, 0.0735, 0.7422, 0.0753], [0.0208, 0.0615, 0.0645, 0.0566, 0.0641, 0.7096, 0.023], [0.048, 0.0695, 0.0174, 0.0246, 0.0419, 0.7566, 0.0419], [0.053, 0.013, 0.0593, 0.0534, 0.0727, 0.7217, 0.0269], [0.0176, 0.0268, 0.105, 0.0233, 0.0607, 0.75, 0.0166], [0.0629, 0.0391, 0.0256, 0.0515, 0.0721, 0.6594, 0.0893], [0.0344, 0.0494, 0.079, 0.0552, 0.0476, 0.6821, 0.0524], [0.058, 0.0387, 0.0484, 0.066, 0.0602, 0.6438, 0.0849], [0.0535, 0.0134, 0.0601, 0.0356, 0.0403, 0.7632, 0.0338], [0.0617, 0.0138, 0.0171, 0.0457, 0.0654, 0.7584, 0.038], [0.0808, 0.0396, 0.0272, 0.0814, 0.0575, 0.6917, 0.0219], [0.0177, 0.0593, 0.0577, 0.0491, 0.0584, 0.7048, 0.053], [0.0594, 0.039, 0.0397, 0.0632, 0.0493, 0.6884, 0.0609], [0.0765, 0.054, 0.0483, 0.0331, 0.0583, 0.6981, 0.0317]], "emotions": ["purple", "purple", "purple", "purple", "purple", "purple", "purple", "purple", "purple", "purple", "purple", "purple", "purple", "purple", "purple", "purple", "purple", "purple", "purple", "purple", "purple", "purple", "purple", "purple", "purple", "purple", "purple", "purple", "purple", "purple", "purple", "purple", "purple", "purple", "purple", "purple", "purple", "purple", "purple", "purple", "purple", "purple", "purple", "purple", "purple", "purple", "purple", "purple", "purple", "purple", "purple", "purple", "purple", "purple", "purple", "purple", "purple", "purple", "purple", "purple", "purple", "purple", "purple", "purple", "purple", "purple", "purple", "purple", "purple", "purple", "purple", "purple", "purple", "purple", "purple", "purple", "purple", "purple", "purple", "purple"], "timestamps": [0, 40, 80, 120, 160, 200, 240, 280, 320, 360, 400, 440, 480, 520, 560, 600, 640, 680, 720, 760, 800, 840, 880, 920, 960, 1000, 1040, 1080, 1120, 1160, 1200, 1240, 1280, 1320, 1360, 1400, 1440, 1480, 1520, 1560, 1600, 1640, 1680, 1720, 1760, 1800, 1840, 1880, 1920, 1960, 2000, 2040, 2080, 2120, 2160, 2200, 2240, 2280, 2320, 2360, 2400, 2440, 2480, 2520, 2560, 2600, 2640, 2680, 2720, 2760, 2800, 2840, 2880, 2920, 2960, 3000, 3040, 3080, 3120, 3160]}], "conversation": [], "conversation_timestamps": []}