{"agent_id": "agent-orange-1658", "type": "orange", "trips": [{"trip_id": 0, "transport_method": "foot", "start_time": 0, "path": [[1.5545291, 42.518357], [1.5533872, 42.5190012], [1.5522046, 42.5195652], [1.5509927, 42.5200651], [1.5497618, 42.5205159], [1.5485134, 42.520916], [1.5472596, 42.5212993], [1.5459892, 42.5216237], [1.5447138, 42.5219274], [1.5434348, 42.522216], [1.5421536, 42.5224945], [1.5408633, 42.5227262], [1.53957, 42.5229414], [1.5382768, 42.5231573], [1.5369857, 42.5233856], [1.5356945, 42.5236139], [1.5344091, 42.5238716], [1.5331274, 42.524148], [1.5318534, 42.5244565], [1.5305848, 42.5247881], [1.5293321, 42.52517], [1.5281014, 42.5256221], [1.5269002, 42.5261478], [1.5257189, 42.5267153], [1.5245622, 42.5273325], [1.523451, 42.5280278], [1.5223704, 42.5287703], [1.5213693, 42.5296156], [1.5208279, 42.5305025], [1.5198713, 42.5311243], [1.5196624, 42.5323417], [1.519514, 42.5336004], [1.5201282, 42.5346627], [1.5211071, 42.5355335], [1.52057, 42.5363859], [1.5199178, 42.5375102], [1.5195073, 42.5387461], [1.519384, 42.5400306], [1.5191418, 42.5411837], [1.5179831, 42.5417502], [1.5190935, 42.5412696], [1.5180217, 42.5417502], [1.5172365, 42.5427599], [1.5163884, 42.5437236], [1.515501, 42.5446785], [1.5147961, 42.5457207], [1.5139178, 42.5465726], [1.5133867, 42.5477288], [1.5127341, 42.5487849], [1.5119003, 42.5496841], [1.510908, 42.5505339], [1.509873, 42.551318], [1.5088193, 42.552092], [1.5091089, 42.5518667], [1.5081003, 42.5527042], [1.5071427, 42.5535998], [1.5066438, 42.5547123], [1.5060608, 42.5558574], [1.5052088, 42.5568425], [1.5047911, 42.5580391], [1.504231, 42.5590932], [1.5030474, 42.559572], [1.5020287, 42.5603751], [1.5009398, 42.5611025], [1.4999338, 42.5616293], [1.4987161, 42.561595], [1.4974135, 42.5614855], [1.4962325, 42.5617825], [1.4952671, 42.5626444], [1.4942717, 42.5634745], [1.4930124, 42.5638332], [1.492032, 42.564672], [1.4911054, 42.5655993], [1.4902052, 42.5665448], [1.4893422, 42.567524], [1.4886101, 42.5685879], [1.4888479, 42.5680976], [1.488254, 42.5689946], [1.4882265, 42.5698523], [1.4892835, 42.5691347]], "mood_vectors": [[0.0305, 0.0524, 0.0739, 0.0269, 0.7027, 0.0413, 0.0722], [0.0177, 0.0637, 0.0616, 0.0636, 0.685, 0.0816, 0.0267], [0.035, 0.0712, 0.087, 0.0267, 0.6593, 0.0423, 0.0785], [0.019, 0.069, 0.0843, 0.0492, 0.6465, 0.0777, 0.0544], [0.0242, 0.0403, 0.0597, 0.0645, 0.7385, 0.0279, 0.0449], [0.037, 0.029, 0.0793, 0.0521, 0.6911, 0.0893, 0.0222], [0.0286, 0.0583, 0.019, 0.0401, 0.7502, 0.0777, 0.0261], [0.0398, 0.0647, 0.0921, 0.085, 0.5977, 0.0698, 0.0508], [0.048, 0.024, 0.0211, 0.0463, 0.7763, 0.0468, 0.0375], [0.0567, 0.0545, 0.0153, 0.0627, 0.7096, 0.0276, 0.0736], [0.0473, 0.0469, 0.0494, 0.0256, 0.781, 0.0227, 0.0272], [0.0506, 0.0406, 0.031, 0.0459, 0.717, 0.0776, 0.0373], [0.0425, 0.0733, 0.015, 0.0163, 0.7913, 0.0421, 0.0194], [0.03, 0.0184, 0.0397, 0.0316, 0.7824, 0.0754, 0.0224], [0.0167, 0.0559, 0.0527, 0.0308, 0.7216, 0.0558, 0.0666], [0.0366, 0.0816, 0.0348, 0.023, 0.7212, 0.0805, 0.0222], [0.0266, 0.0245, 0.0614, 0.0709, 0.7172, 0.0768, 0.0225], [0.0137, 0.0584, 0.0679, 0.0273, 0.7594, 0.0455, 0.0279], [0.0364, 0.0667, 0.0138, 0.04, 0.7154, 0.0483, 0.0794], [0.0693, 0.0865, 0.0744, 0.0472, 0.6499, 0.036, 0.0367], [0.0866, 0.08, 0.0521, 0.0609, 0.6462, 0.0517, 0.0226], [0.0856, 0.0212, 0.048, 0.0743, 0.6252, 0.0546, 0.0912], [0.0564, 0.0538, 0.0491, 0.0579, 0.684, 0.0405, 0.0584], [0.068, 0.0371, 0.0474, 0.0549, 0.62, 0.0865, 0.0862], [0.0617, 0.0404, 0.0749, 0.0317, 0.6942, 0.057, 0.0401], [0.0573, 0.0645, 0.0839, 0.0614, 0.5928, 0.0587, 0.0814], [0.0156, 0.0617, 0.0366, 0.0818, 0.7075, 0.0489, 0.0479], [0.0376, 0.033, 0.0501, 0.0423, 0.6888, 0.047, 0.1012], [0.0347, 0.0847, 0.0882, 0.0684, 0.6509, 0.0423, 0.0307], [0.0119, 0.0128, 0.0438, 0.0707, 0.7871, 0.0529, 0.0208], [0.0269, 0.0215, 0.0469, 0.0653, 0.7419, 0.0694, 0.028], [0.05, 0.0377, 0.0519, 0.0407, 0.731, 0.04, 0.0487], [0.0275, 0.0613, 0.0976, 0.0493, 0.6897, 0.0496, 0.025], [0.0609, 0.0269, 0.0345, 0.084, 0.7271, 0.0494, 0.0171], [0.0629, 0.0695, 0.0439, 0.0543, 0.6654, 0.0337, 0.0703], [0.0112, 0.0335, 0.0539, 0.0716, 0.712, 0.0635, 0.0543], [0.0448, 0.0678, 0.0515, 0.0296, 0.7054, 0.0856, 0.0153], [0.0207, 0.0398, 0.0729, 0.0402, 0.7659, 0.0262, 0.0343], [0.0874, 0.0297, 0.0195, 0.0321, 0.764, 0.0172, 0.0502], [0.0695, 0.0547, 0.0263, 0.0272, 0.7666, 0.0336, 0.0221], [0.0855, 0.0217, 0.089, 0.0297, 0.6342, 0.0794, 0.0606], [0.0733, 0.0391, 0.069, 0.0822, 0.6298, 0.0655, 0.0412], [0.0438, 0.0578, 0.0174, 0.0503, 0.738, 0.0689, 0.0237], [0.0547, 0.0613, 0.0221, 0.0841, 0.6952, 0.0624, 0.0203], [0.0381, 0.0562, 0.0553, 0.0609, 0.6396, 0.0745, 0.0755], [0.0693, 0.029, 0.0443, 0.0239, 0.7473, 0.0229, 0.0633], [0.0298, 0.0518, 0.02, 0.0469, 0.7478, 0.0566, 0.047], [0.0317, 0.0362, 0.0135, 0.0295, 0.7772, 0.0531, 0.0588], [0.0675, 0.0789, 0.0321, 0.0509, 0.7, 0.0185, 0.0521], [0.0596, 0.0525, 0.0673, 0.02, 0.6777, 0.0741, 0.0488], [0.0482, 0.0655, 0.032, 0.0166, 0.7566, 0.04, 0.0412], [0.0727, 0.0792, 0.0352, 0.0545, 0.6831, 0.0262, 0.0492], [0.0808, 0.0353, 0.0583, 0.0173, 0.6513, 0.0803, 0.0768], [0.0239, 0.0642, 0.0195, 0.0614, 0.7912, 0.0131, 0.0266], [0.0204, 0.0806, 0.0587, 0.0779, 0.678, 0.0354, 0.049], [0.083, 0.0624, 0.0867, 0.0794, 0.5681, 0.0699, 0.0504], [0.0534, 0.0703, 0.0724, 0.0544, 0.6635, 0.0733, 0.0127], [0.0448, 0.0125, 0.0416, 0.0593, 0.7178, 0.0819, 0.042], [0.0267, 0.0167, 0.0217, 0.0491, 0.8168, 0.0336, 0.0353], [0.0479, 0.034, 0.0619, 0.0283, 0.7027, 0.0437, 0.0814], [0.0184, 0.033, 0.0732, 0.0618, 0.7167, 0.0532, 0.0437], [0.0492, 0.0391, 0.0412, 0.0656, 0.6972, 0.0583, 0.0493], [0.0413, 0.057, 0.0515, 0.0216, 0.716, 0.0873, 0.0253], [0.0248, 0.0778, 0.0151, 0.068, 0.683, 0.087, 0.0442], [0.0563, 0.0432, 0.0193, 0.0652, 0.6974, 0.0584, 0.0602], [0.0168, 0.0571, 0.0828, 0.0136, 0.7458, 0.0348, 0.0492], [0.0853, 0.0669, 0.0393, 0.0287, 0.6812, 0.0398, 0.0587], [0.052, 0.0237, 0.0568, 0.0687, 0.6978, 0.0302, 0.0707], [0.0327, 0.0677, 0.0935, 0.0398, 0.6397, 0.0474, 0.079], [0.0508, 0.0865, 0.0223, 0.0369, 0.6491, 0.0602, 0.0941], [0.0507, 0.0484, 0.0746, 0.0352, 0.6807, 0.0756, 0.0349], [0.0794, 0.0591, 0.0222, 0.0233, 0.7248, 0.054, 0.0373], [0.0788, 0.0229, 0.0146, 0.0242, 0.7641, 0.0155, 0.0799], [0.0597, 0.0435, 0.0517, 0.075, 0.6386, 0.067, 0.0644], [0.0509, 0.0472, 0.0455, 0.0531, 0.7038, 0.0337, 0.0658], [0.0663, 0.0575, 0.0648, 0.088, 0.6141, 0.0408, 0.0685], [0.0658, 0.051, 0.0496, 0.0428, 0.6198, 0.084, 0.087], [0.0809, 0.0643, 0.0449, 0.0638, 0.6528, 0.066, 0.0273], [0.0339, 0.0739, 0.0651, 0.0674, 0.6798, 0.0272, 0.0528], [0.0897, 0.0584, 0.0856, 0.0862, 0.5797, 0.0766, 0.0239]], "emotions": ["red", "red", "red", "red", "red", "red", "red", "red", "red", "red", "red", "red", "red", "red", "red", "red", "red", "red", "red", "red", "red", "red", "red", "red", "red", "red", "red", "red", "red", "red", "red", "red", "red", "red", "red", "red", "red", "red", "red", "red", "red", "red", "red", "red", "red", "red", "red", "red", "red", "red", "red", "red", "red", "red", "red", "red", "red", "red", "red", "red", "red", "red", "red", "red", "red", "red", "red", "red", "red", "red", "red", "red", "red", "red", "red", "red", "red", "red", "red", "red"], "timestamps": [0, 40, 80, 120, 160, 200, 240, 280, 320, 360, 400, 440, 480, 520, 560, 600, 640, 680, 720, 760, 800, 840, 880, 920, 960, 1000, 1040, 1080, 1120, 1160, 1200, 1240, 1280, 1320, 1360, 1400, 1440, 1480, 1520, 1560, 1600, 1640, 1680, 1720, 1760, 1800, 1840, 1880, 1920, 1960, 2000, 2040, 2080, 2120, 2160, 2200, 2240, 2280, 2320, 2360, 2400, 2440, 2480, 2520, 2560, 2600, 2640, 2680, 2720, 2760, 2800, 2840, 2880, 2920, 2960, 3000, 3040, 3080, 3120, 3160]}], "conversation": [], "conversation_timestamps": []}