{
  "agent_id": "agent-type-orange-52",
  "type": "orange",
  "trips": [
    {
      "trip_id": 0,
      "transport_method": "bicycle",
      "start_time": 0,
      "path": [
        [
          1.5245823,
          42.50832570000001
        ],
        [
          1.5250446805217301,
          42.50797419065574
        ],
        [
          1.5256432090767815,
          42.50764357758665
        ],
        [
          1.5263425945500795,
          42.50795723259856
        ],
        [
          1.5266911223162012,
          42.507261714584885
        ],
        [
          1.525927656016462,
          42.50716914877644
        ],
        [
          1.5251189388396273,
          42.507099932203985
        ],
        [
          1.5253100572922007,
          42.50689522260062
        ],
        [
          1.5252242985821332,
          42.50695742385398
        ],
        [
          1.5259913270974375,
          42.50706960040912
        ],
        [
          1.52616540629942,
          42.50707055759744
        ],
        [
          1.5269571061115175,
          42.50714974638525
        ],
        [
          1.5277661508972027,
          42.50721502226721
        ],
        [
          1.5275385516759312,
          42.506707123218064
        ],
        [
          1.527134766832728,
          42.506022547402125
        ],
        [
          1.526777373035594,
          42.506092028893725
        ],
        [
          1.527008473570292,
          42.50655631351951
        ],
        [
          1.5268161393903759,
          42.50591257065559
        ],
        [
          1.5272802595066362,
          42.506186584691164
        ],
        [
          1.527658856109165,
          42.506193649544905
        ],
        [
          1.5270984065046167,
          42.5059841645433
        ],
        [
          1.526381652581534,
          42.50561427240913
        ],
        [
          1.5263633036703523,
          42.50525317369847
        ],
        [
          1.5271652762138954,
          42.505378291424684
        ],
        [
          1.527808543190785,
          42.5057291131146
        ],
        [
          1.5274406854452403,
          42.50542766041169
        ],
        [
          1.528219426558765,
          42.505656346988275
        ],
        [
          1.527834031989937,
          42.50530488378072
        ],
        [
          1.5279924279526809,
          42.50519395748659
        ],
        [
          1.5279283,
          42.5048785
        ]
      ],
      "emotions": [
        "red",
        "red",
        "red",
        "red",
        "red",
        "green",
        "green",
        "green",
        "green",
        "green",
        "green",
        "green",
        "green",
        "green",
        "green",
        "green",
        "green",
        "green",
        "green",
        "green",
        "red",
        "red",
        "red",
        "red",
        "red",
        "red",
        "red",
        "red",
        "red",
        "red"
      ],
      "mood_vectors": [
        [
          0.15926463601355698,
          0.19485801233204886,
          0.046069103282059425,
          0.2958775849755978,
          0.0617682858777556,
          4.162156904123363e-05,
          0.24212075594994006
        ],
        [
          0.3510632581843543,
          0.019972714615009633,
          0.33374536223994944,
          0.042959205661587584,
          0.22254007017715785,
          0.011536600653887582,
          0.018182788468053702
        ],
        [
          0.00562027579118589,
          0.1410873869561608,
          0.21441744261141432,
          0.13799089328884245,
          0.1610894748600461,
          0.11654596548152724,
          0.22324856101082324
        ],
        [
          0.015215134168162413,
          0.25103197023012014,
          0.024383500079465017,
          0.21272436557041116,
          0.0102069184987373,
          0.29628869766917876,
          0.19014941378392525
        ],
        [
          0.1756257608869254,
          0.23137616167071967,
          0.21969057913709425,
          0.008840682267455201,
          0.11094995329930342,
          0.07070639370256322,
          0.18281046903593878
        ],
        [
          0.2410834782832329,
          0.18510686776328675,
          0.16649224592823547,
          0.03288068926273219,
          0.23007179297159258,
          0.11561134745105156,
          0.02875357833986855
        ],
        [
          0.2034074818600513,
          0.21404957050991516,
          0.14797220171287995,
          0.10260263639299289,
          0.06684861697125176,
          0.0739870804507204,
          0.19113241210218856
        ],
        [
          0.0046995532672103385,
          0.04969827085810977,
          0.21661639045761302,
          0.054566810411884346,
          0.37161081955021297,
          0.06836592400117919,
          0.23444223145379034
        ],
        [
          0.13796676938240687,
          0.1394026265763007,
          0.12189225047151127,
          0.13503453499844395,
          0.19858654006402512,
          0.17397783191045682,
          0.09313944659685525
        ],
        [
          0.10191886630929664,
          0.16202623542930322,
          0.15550985063518669,
          0.12682428480043798,
          0.17897476365740866,
          0.1600232727638904,
          0.11472272640447644
        ],
        [
          0.14616894374387365,
          0.16083350259886373,
          0.05465617109555778,
          0.02094485828236561,
          0.1986582470696807,
          0.30859470960292046,
          0.1101435676067381
        ],
        [
          0.14594369522592707,
          0.44953748460063797,
          0.03776374359984453,
          0.17031721661914279,
          0.15627915159755326,
          0.013951172590580329,
          0.026207535766313968
        ],
        [
          0.18057000211383736,
          0.2805693966826852,
          0.05187137229079939,
          0.25594775516126583,
          0.015782229902406554,
          0.014874682306402738,
          0.20038456154260292
        ],
        [
          0.33934012475790937,
          0.3395010455994692,
          0.06476955245323143,
          0.10242281750344301,
          0.003935168065130356,
          0.11657783660062004,
          0.03345345502019664
        ],
        [
          0.24433971309322353,
          0.2074832234210573,
          0.13519275346983617,
          0.04868020735070652,
          0.0045036958062473435,
          0.13867023307748336,
          0.22113017378144584
        ],
        [
          0.1821234980007723,
          0.2618099497503245,
          0.07979978434935917,
          0.21430247863621554,
          0.07667650747530551,
          0.06851620684665127,
          0.1167715749413717
        ],
        [
          0.14507700623846012,
          0.26625722209017344,
          0.05445619409169291,
          0.17206388018099372,
          0.1462561810148074,
          0.17731770761573964,
          0.03857180876813278
        ],
        [
          0.04803635091822847,
          0.37392117441476364,
          0.15350599040116106,
          0.17721443506203674,
          0.19070042956615063,
          0.004783278623884427,
          0.05183834101377494
        ],
        [
          0.08198652873676578,
          0.21408554477523947,
          0.128582480517544,
          0.18524925412287144,
          0.09105666304356451,
          0.14743787676457204,
          0.15160165203944265
        ],
        [
          0.19447413402498273,
          0.03993628108588299,
          0.058951779565717954,
          0.16500093941574095,
          0.13187473912331146,
          0.29661804414582144,
          0.11314408263854253
        ],
        [
          0.2133877515844889,
          0.1336153101556424,
          0.14821123119362245,
          0.22220305787443526,
          0.21772035577269602,
          0.06456589749678932,
          0.0002963959223257634
        ],
        [
          0.2821437191352741,
          0.2916929001075778,
          0.005405233107782097,
          0.08786476864837643,
          0.20493302694947804,
          0.08343144452318835,
          0.044528907528323135
        ],
        [
          0.09546923474042729,
          0.13472193259421236,
          0.055172024975900624,
          0.2506502277016172,
          0.23616081090846283,
          0.21163501979435545,
          0.016190749285024245
        ],
        [
          0.13180939336583902,
          0.08125818687458607,
          0.0030406731222260373,
          0.3961100001878472,
          0.0907845602128635,
          0.1938637803353515,
          0.10313340590128672
        ],
        [
          0.2031449720689877,
          0.06529919096275952,
          0.16752302116266882,
          0.04988787304429074,
          0.1953056284307235,
          0.21463887053329356,
          0.10420044379727611
        ],
        [
          0.11444075777954897,
          0.021508596898332958,
          0.1963111982201734,
          0.1658248102093138,
          0.13549093407354992,
          0.32054807709275396,
          0.04587562572632695
        ],
        [
          0.18605559484692213,
          0.1430655742672938,
          0.12439357568221386,
          0.18227672098672565,
          0.06139871411492674,
          0.15511425111190016,
          0.14769556899001768
        ],
        [
          0.017455856624034025,
          0.08398260275920581,
          0.11903957967794104,
          0.1948227692093063,
          0.10941012976247202,
          0.23479991036396752,
          0.2404891516030733
        ],
        [
          0.04472724141907772,
          0.14849079523485414,
          0.1633131422496734,
          0.19738171357535655,
          0.24233105154969956,
          0.06826007264837596,
          0.13549598332296264
        ],
        [
          0.028176432084577298,
          0.23482531387679778,
          0.00633253052250261,
          0.2896684358799419,
          0.01530109050681349,
          0.20371438801632147,
          0.2219818091130454
        ]
      ],
      "timestamps": [
        0,
        1,
        2,
        3,
        4,
        5,
        6,
        7,
        8,
        9,
        10,
        11,
        12,
        13,
        14,
        15,
        16,
        17,
        18,
        19,
        20,
        21,
        22,
        23,
        24,
        25,
        26,
        27,
        28,
        29
      ],
      "distance": 705.6
    },
    {
      "trip_id": 1,
      "transport_method": "car",
      "start_time": 30,
      "path": [
        [
          1.5279283,
          42.5048785
        ],
        [
          1.528275592963376,
          42.50519811541084
        ],
        [
          1.52784388036494,
          42.50530415788289
        ],
        [
          1.527872956223266,
          42.50530201477782
        ],
        [
          1.5276311286720925,
          42.5051965994775
        ],
        [
          1.5272493227598585,
          42.50518323202259
        ],
        [
          1.5277689119439135,
          42.50519391176554
        ],
        [
          1.528143498302552,
          42.50537855169677
        ],
        [
          1.528156915768102,
          42.50563804588372
        ],
        [
          1.5276579529937393,
          42.505491480574406
        ],
        [
          1.527180779244098,
          42.505486032079475
        ],
        [
          1.5272139713971846,
          42.50548491767751
        ],
        [
          1.5271025893229377,
          42.5053685114873
        ],
        [
          1.5265887614874931,
          42.50528834793188
        ],
        [
          1.5261265879924717,
          42.50528750402812
        ],
        [
          1.525997292765477,
          42.505740153242265
        ],
        [
          1.5264777340144977,
          42.50593920460834
        ],
        [
          1.5267925274797864,
          42.50587323834829
        ],
        [
          1.527116830570074,
          42.50600311645091
        ],
        [
          1.5274350795824734,
          42.506411718187
        ],
        [
          1.5276514959031855,
          42.50687449459015
        ],
        [
          1.5278555213867082,
          42.50722223291565
        ],
        [
          1.5273371623302125,
          42.50718041033033
        ],
        [
          1.5268188032737167,
          42.507138587745
        ],
        [
          1.526300444217221,
          42.507096765159666
        ],
        [
          1.5262026949590317,
          42.50681682302504
        ],
        [
          1.5259161208407097,
          42.50706255982338
        ],
        [
          1.5253983413404988,
          42.50701408684889
        ],
        [
          1.525540011471761,
          42.507086904927604
        ],
        [
          1.5260581906931616,
          42.50713089963868
        ],
        [
          1.5265763699145622,
          42.50717489434977
        ],
        [
          1.5266081192380223,
          42.507402507544235
        ],
        [
          1.5265091940482565,
          42.50767159462982
        ],
        [
          1.5261936712376911,
          42.50793384049301
        ],
        [
          1.5257336634554943,
          42.50769127487217
        ],
        [
          1.5253100658623993,
          42.507718836972835
        ],
        [
          1.5249232165038835,
          42.507940114052154
        ],
        [
          1.5246276561822578,
          42.50816656051328
        ],
        [
          1.5249258236414573,
          42.5084135013476
        ],
        [
          1.525429670221234,
          42.50854227970037
        ],
        [
          1.5256741139337666,
          42.508681645435765
        ],
        [
          1.525208469453195,
          42.50848574290587
        ],
        [
          1.5247046228734185,
          42.5083569645531
        ],
        [
          1.5246902350150557,
          42.5079469925771
        ],
        [
          1.5242637555371443,
          42.5078263359418
        ],
        [
          1.523744739505462,
          42.507793661809046
        ],
        [
          1.523242200192544,
          42.50787373486967
        ],
        [
          1.523082914108005,
          42.50826899471001
        ],
        [
          1.5235215063492304,
          42.508533827825104
        ],
        [
          1.5239928925404838,
          42.508750531313495
        ],
        [
          1.5245032959433449,
          42.50885019879286
        ],
        [
          1.525013699346206,
          42.50894986627222
        ],
        [
          1.5254388142018118,
          42.509186192352914
        ],
        [
          1.5253539994876049,
          42.50907409884395
        ],
        [
          1.524875740113174,
          42.50892292670063
        ],
        [
          1.524365336710313,
          42.508823259221266
        ],
        [
          1.5238845576669406,
          42.50881573459419
        ],
        [
          1.5237437207371014,
          42.5088700068023
        ],
        [
          1.5238907385390381,
          42.50871252256415
        ],
        [
          1.523422633475417,
          42.50848597700691
        ],
        [
          1.5229647857766193,
          42.508326248719115
        ],
        [
          1.5224668000000008,
          42.50847609999999
        ]
      ],
      "emotions": [
        "green",
        "green",
        "green",
        "green",
        "green",
        "purple",
        "purple",
        "purple",
        "purple",
        "purple",
        "green",
        "green",
        "green",
        "green",
        "green",
        "purple",
        "purple",
        "purple",
        "purple",
        "purple",
        "green",
        "green",
        "green",
        "green",
        "green",
        "green",
        "green",
        "green",
        "green",
        "green",
        "purple",
        "purple",
        "purple",
        "purple",
        "purple",
        "purple",
        "purple",
        "purple",
        "purple",
        "purple",
        "purple",
        "purple",
        "purple",
        "purple",
        "purple",
        "purple",
        "purple",
        "purple",
        "purple",
        "purple",
        "red",
        "red",
        "red",
        "red",
        "red",
        "red",
        "red",
        "red",
        "red",
        "red",
        "green",
        "green"
      ],
      "mood_vectors": [
        [
          0.01654491888738161,
          0.050538166899829935,
          0.026916653113088038,
          0.44152155840360335,
          0.21649101872242424,
          0.1956786340808025,
          0.052309049892870246
        ],
        [
          0.26176089760033017,
          0.2750309061540667,
          0.10595286400363202,
          0.08707954650579638,
          0.16096539705179622,
          0.011441401404213843,
          0.09776898728016466
        ],
        [
          0.18555853508107953,
          0.056115077792090705,
          0.13249631817057442,
          0.14000830157228977,
          0.05739733580174462,
          0.15745204923256678,
          0.2709723823496541
        ],
        [
          0.22402451597168221,
          0.16775653939810586,
          0.20736624304763054,
          0.004315297907963646,
          0.052943022484612585,
          0.07775100527444555,
          0.2658433759155597
        ],
        [
          0.18338356696785096,
          0.16147158116494673,
          0.1368191873668562,
          0.11353169560494276,
          0.1940133867570243,
          0.08576821175616343,
          0.12501237038221555
        ],
        [
          0.11586506334704529,
          0.14578457003060635,
          0.16117021746953988,
          0.048668689046077566,
          0.13883857482236325,
          0.22755141580191338,
          0.16212146948245426
        ],
        [
          0.16739570913703614,
          0.19882130344408824,
          0.10228365613999339,
          0.15471826450614728,
          0.10711287558807213,
          0.14336070159892403,
          0.1263074895857387
        ],
        [
          0.22787803527625441,
          0.031979500672291584,
          0.012318404758952066,
          0.23515962356755896,
          0.14962209677523106,
          0.12544446990076186,
          0.2175978690489501
        ],
        [
          0.20049419143107144,
          0.1863090504797791,
          0.18697777067973895,
          0.05438393267069982,
          0.11510685570311409,
          0.10173270391017226,
          0.1549954951254242
        ],
        [
          0.16186334287295984,
          0.22364334652228984,
          0.16369259297988067,
          0.1440840009757323,
          0.1705724095691082,
          0.07289881459188216,
          0.06324549248814697
        ],
        [
          0.320604883819024,
          0.0741457064027657,
          0.1858386969765861,
          0.06851366429333425,
          0.22974805224522582,
          0.04461332034572284,
          0.07653567591734127
        ],
        [
          0.13979377968206289,
          0.15470329407987177,
          0.13969885974849275,
          0.15444003833580427,
          0.12592416661771633,
          0.1338024718873035,
          0.15163738964874848
        ],
        [
          0.174446757685748,
          0.042308788743176916,
          0.18845347131180562,
          0.1260651691930937,
          0.22170759826986394,
          0.24041727593601775,
          0.006600938860294076
        ],
        [
          0.20043259034898284,
          0.08996740294704254,
          0.193239444771333,
          0.15081843759385566,
          0.17524016844512116,
          0.18858000535133948,
          0.0017219505423253254
        ],
        [
          0.10282992925563203,
          0.14953935073486163,
          0.18762434676635315,
          0.00796701647663535,
          0.2315102862902687,
          0.17328923384102454,
          0.1472398366352246
        ],
        [
          0.0672961365309834,
          0.1285587356857864,
          0.28502592866192,
          0.12273891367742003,
          0.05950589955329425,
          0.01911304176685419,
          0.31776134412374174
        ],
        [
          0.030568012117611083,
          0.24993330085614335,
          0.3190936498430792,
          0.07252766011694223,
          0.06354720499289247,
          0.20982152659040257,
          0.0545086454829291
        ],
        [
          0.21886017920564854,
          0.09682508905658331,
          0.18479170027372446,
          0.06744981920089402,
          0.13144772115362033,
          0.2097543666911342,
          0.09087112441839508
        ],
        [
          0.13184075692875857,
          0.10296923496273644,
          0.16185393723025143,
          0.2407744691621398,
          0.09629679608077159,
          0.22349763902669156,
          0.04276716660865061
        ],
        [
          0.16604376994108944,
          0.46384073086537575,
          0.15490454794819275,
          0.028970689209710895,
          0.0033223817169664963,
          0.052078243657454545,
          0.13083963666121018
        ],
        [
          0.13247797694169322,
          0.07062497092539016,
          0.1500120206266558,
          0.061373525902173105,
          0.33816096980506966,
          0.06991881343020313,
          0.17743172236881494
        ],
        [
          0.2516027121074095,
          0.13390961288357583,
          0.21916118443297422,
          0.19674782855267078,
          0.06778321652614101,
          0.12423071332627415,
          0.006564732170954564
        ],
        [
          0.10704549019357404,
          0.17895406857074736,
          0.14201857619273994,
          0.10069107273717608,
          0.15393112958807476,
          0.1490815186697258,
          0.16827814404796199
        ],
        [
          0.14359652690003344,
          0.15858422163877003,
          0.24007789542177585,
          0.18029207214330895,
          0.14328368835759628,
          0.03489951459498923,
          0.09926608094352615
        ],
        [
          0.17054981211604134,
          0.18608168060731564,
          0.012395255169186006,
          0.08708925311398724,
          0.12067970910528752,
          0.27176287245519454,
          0.1514414174329877
        ],
        [
          0.05412435994127452,
          0.0721690435112338,
          0.2681253926880089,
          0.2689318729826172,
          0.000921377678090706,
          0.09627957924979585,
          0.239448373948979
        ],
        [
          0.1589549920234785,
          0.11127131383551114,
          0.14617608159809256,
          0.22979641275568558,
          0.10508649619657016,
          0.20775683691497593,
          0.04095786667568614
        ],
        [
          0.08798841909444195,
          0.26633111077720345,
          0.2854445753086649,
          0.0007209579553428857,
          0.12244314938660392,
          0.025549230546595116,
          0.21152255693114783
        ],
        [
          0.21628145258131168,
          0.19275278276323485,
          0.13451076389230782,
          0.07851735768054936,
          0.04611215459409651,
          0.18739196706807157,
          0.14443352142042826
        ],
        [
          0.09861576651982534,
          0.04245237644039916,
          0.014726791406081805,
          0.20186203396891725,
          0.10648620860613077,
          0.32114457104080835,
          0.21471225201783736
        ],
        [
          0.04786499044471401,
          0.21293467735976573,
          0.03274040020625774,
          0.2302603010622146,
          0.035602682338911194,
          0.22677445108006644,
          0.21382249750807023
        ],
        [
          0.04836737604022477,
          0.02308690426800432,
          0.165834636583215,
          0.07220530888135886,
          0.2147767197346226,
          0.23587819923344425,
          0.23985085525913022
        ],
        [
          0.054425235068865756,
          0.08675743941504324,
          0.3513369216448712,
          0.044534508062059865,
          0.06344593482728308,
          0.39211071750980586,
          0.0073892434720710465
        ],
        [
          0.17334237276641992,
          0.1647144367499486,
          0.19942138087185385,
          0.17125295633498222,
          0.05292333473205474,
          0.132895040004192,
          0.10545047854054866
        ],
        [
          0.0597471519562148,
          0.0866700563298938,
          0.1385535221257844,
          0.23488530063531926,
          0.041272985536082565,
          0.15563236164973462,
          0.28323862176697057
        ],
        [
          0.012306693285204708,
          0.022903639415924788,
          0.14548149419571377,
          0.14603817865137966,
          0.20630317305898477,
          0.21341507193546194,
          0.25355174945733033
        ],
        [
          0.056951697664005346,
          0.12438845306781027,
          0.21825356382874794,
          0.14834940712294487,
          0.23055562827223525,
          0.02211468941375926,
          0.1993865606304971
        ],
        [
          0.17229370168066802,
          0.19157274565427343,
          0.15018533807054005,
          0.16597813194661487,
          0.18607521544349936,
          0.07568214915429032,
          0.05821271805011388
        ],
        [
          0.18868944555118072,
          0.2642007078303376,
          0.17044553612862623,
          0.22699955110599768,
          0.058172945894291936,
          0.08316278948557654,
          0.00832902400398923
        ],
        [
          0.14144336887569464,
          0.22818681258457124,
          0.22384992828514536,
          0.12041074860365795,
          0.11061993254990986,
          0.12060493497010899,
          0.05488427413091201
        ],
        [
          0.0662848142759872,
          0.42758223506107984,
          0.039265336891643084,
          0.15433957108722401,
          0.10622319543995733,
          0.033316294977924474,
          0.17298855226618398
        ],
        [
          0.12367841154379915,
          0.11284567784261948,
          0.15942107111772721,
          0.2113691191625615,
          0.1840908681560533,
          0.025000449900147024,
          0.18359440227709228
        ],
        [
          0.07794805686432904,
          0.11691179229335354,
          0.2167424369331382,
          0.15243882889726218,
          0.21128868212880003,
          0.18024428225942943,
          0.04442592062368765
        ],
        [
          0.2533776783526643,
          0.17050775126759954,
          0.1822038913028774,
          0.0029343572650568674,
          0.16254943232041305,
          0.19905301687323929,
          0.02937387261814963
        ],
        [
          0.13441831083604402,
          0.04235489972913633,
          0.19671058329237034,
          0.052761067078455286,
          0.2549553183059734,
          0.06999491835175585,
          0.24880490240626485
        ],
        [
          0.1894953133862627,
          0.10638577386827067,
          0.20499211029788045,
          0.06287981037843109,
          0.2054951397933804,
          0.11523751364428397,
          0.11551433863149063
        ],
        [
          0.10787290236490968,
          0.21492363751484514,
          0.007678827932397898,
          0.15268191033576511,
          0.28423421575281166,
          0.06453887806946601,
          0.16806962802980444
        ],
        [
          0.1503100560800786,
          0.29857858896199024,
          0.07051836576404413,
          0.043424042743163256,
          0.1448272719137243,
          0.17847132778206293,
          0.11387034675493658
        ],
        [
          0.10545747546997578,
          0.23452568056532394,
          0.09306307914033199,
          0.043312371172738263,
          0.1262209410646945,
          0.3131515485905067,
          0.08426890399642882
        ],
        [
          0.2271012773597623,
          0.17366492719014992,
          0.19683176554478515,
          0.101662783486287,
          0.13428515449367776,
          0.09142233261929891,
          0.07503175930603904
        ],
        [
          0.08156431417796346,
          0.08887159152521808,
          0.15366911567169703,
          0.2009324646429129,
          0.08056269739163298,
          0.3250701523816537,
          0.06932966420892182
        ],
        [
          0.19264078437672633,
          0.18674613764401898,
          0.02743858098588038,
          0.18439280263221866,
          0.14941907083419922,
          0.11014837515687037,
          0.14921424837008612
        ],
        [
          0.218194999388589,
          0.22962359451995898,
          0.0874021854425596,
          0.13897934898772527,
          0.1562982256490537,
          0.08157016442375184,
          0.08793148158836153
        ],
        [
          0.06500908685157011,
          0.04671279992273607,
          0.14034021712732558,
          0.19995812967597537,
          0.14307142370607587,
          0.21673619010747971,
          0.1881721526088373
        ],
        [
          0.2569773861007258,
          0.1154378037218841,
          0.11397036522219378,
          0.05731230004446981,
          0.25152389638567463,
          0.12260337115850346,
          0.08217487736654835
        ],
        [
          0.2197656856922572,
          0.24246754225851733,
          0.056868075100726,
          0.1062156283794992,
          0.1506557271480435,
          0.18543077773035233,
          0.038596563690604435
        ],
        [
          0.01098250153876695,
          0.2778031760310251,
          0.1115023193374716,
          0.37066178771915087,
          0.15576148606917553,
          0.0027445902318097176,
          0.07054413907260018
        ],
        [
          0.2969278343038869,
          0.22471990453228335,
          0.26448753267688263,
          0.035184453030075495,
          0.050906330838699033,
          0.014294103750046161,
          0.11347984086812636
        ],
        [
          0.24596759079444752,
          0.2159038476268175,
          0.1823841845108501,
          0.0792280859748968,
          0.036515776280919475,
          0.10750537691222938,
          0.13249513789983922
        ],
        [
          0.16845030303600436,
          0.16837975454420856,
          0.12294252878543195,
          0.16034597319518043,
          0.08538897311874803,
          0.13393562142377938,
          0.1605568458966473
        ],
        [
          0.031627676837206166,
          0.09469815180948525,
          0.13315725405463033,
          0.31988845215855466,
          0.0764399715536145,
          0.021115261885806022,
          0.3230732317007032
        ],
        [
          0.17937296868741281,
          0.16279042506311597,
          0.11984093245813669,
          0.14812181999835608,
          0.1132571790590282,
          0.13257569548402717,
          0.14404097924992312
        ]
      ],
      "timestamps": [
        30,
        31,
        32,
        33,
        34,
        35,
        36,
        37,
        38,
        39,
        40,
        41,
        42,
        43,
        44,
        45,
        46,
        47,
        48,
        49,
        50,
        51,
        52,
        53,
        54,
        55,
        56,
        57,
        58,
        59,
        60,
        61,
        62,
        63,
        64,
        65,
        66,
        67,
        68,
        69,
        70,
        71,
        72,
        73,
        74,
        75,
        76,
        77,
        78,
        79,
        80,
        81,
        82,
        83,
        84,
        85,
        86,
        87,
        88,
        89,
        90,
        91
      ],
      "distance": 597.7
    },
    {
      "trip_id": 2,
      "transport_method": "foot",
      "start_time": 92,
      "path": [
        [
          1.5224668000000008,
          42.50847609999999
        ],
        [
          1.5224668000000008,
          42.50847609999999
        ],
        [
          1.5224668000000008,
          42.50847609999999
        ],
        [
          1.5224668000000008,
          42.50847609999999
        ],
        [
          1.5224668000000008,
          42.50847609999999
        ],
        [
          1.5224668000000008,
          42.50847609999999
        ],
        [
          1.5224668000000008,
          42.50847609999999
        ],
        [
          1.5224668000000008,
          42.50847609999999
        ]
      ],
      "emotions": [
        "green",
        "green",
        "green",
        "red",
        "red",
        "red",
        "red",
        "red"
      ],
      "mood_vectors": [
        [
          0.23447043237393536,
          0.16211015524797318,
          0.08325935221583237,
          0.22365521698237323,
          0.10036770988074212,
          0.1901158281991589,
          0.006021305099984871
        ],
        [
          0.05163967499507813,
          0.016842894256498802,
          0.04604148164803891,
          0.2446644455966011,
          0.15879828367090104,
          0.24010536352272893,
          0.24190785631015307
        ],
        [
          0.21443199750892425,
          0.08594941545319487,
          0.18939969023664793,
          0.1405807626097725,
          0.11982962023283794,
          0.1799058681532562,
          0.06990264580536633
        ],
        [
          0.09846683349888156,
          0.3233278207748007,
          0.15081207321629234,
          0.20052383686693712,
          0.005230493844489441,
          0.03013037971215551,
          0.19150856208644332
        ],
        [
          0.07456279303220578,
          0.05233276032615289,
          0.21317754024795874,
          0.12559532501791534,
          0.15361270564229704,
          0.17032188436284967,
          0.21039699137062057
        ],
        [
          0.11869080719268141,
          0.17394633705278387,
          0.2440126317696564,
          0.07831247283311682,
          0.16596104243868723,
          0.14147020539523228,
          0.07760650331784208
        ],
        [
          0.18667785376542664,
          0.10850566136256115,
          0.20107213673361896,
          0.07095634075075377,
          0.17022680233467796,
          0.20469289925580844,
          0.05786830579715315
        ],
        [
          0.31754425761324095,
          0.14851508078580816,
          0.09312681538337286,
          0.1994651395480174,
          0.158780311433928,
          0.055508603616073834,
          0.027059791619558782
        ]
      ],
      "timestamps": [
        92,
        93,
        94,
        95,
        96,
        97,
        98,
        99
      ],
      "distance": 61.4
    }
  ],
  "conversation": [
    "Let's loop around the park before heading back.",
    "Is there a startup idea in local walks?",
    "Parking's a nightmare, as usual."
  ],
  "conversation_timestamps": [
    13,
    65,
    83
  ]
}
