{"agent_id": "agent-orange-443", "type": "orange", "trips": [{"trip_id": 0, "transport_method": "foot", "start_time": 0, "path": [[1.5264841, 42.5386194], [1.5272218, 42.5387793], [1.5271177, 42.5386562], [1.5265032, 42.5382035], [1.5258241, 42.5384656], [1.5252711, 42.5389083], [1.5247004, 42.5394235], [1.5241686, 42.5399819], [1.5237759, 42.5406416], [1.523499, 42.5406717], [1.5233633, 42.5404278], [1.5231891, 42.5397018], [1.5231523, 42.5389365], [1.5232096, 42.5381802], [1.5238754, 42.5378239], [1.5245825, 42.5375694], [1.5251732, 42.5374006], [1.525057, 42.5368501], [1.5243625, 42.5366903], [1.5236152, 42.5365262], [1.5230608, 42.5361298], [1.5225546, 42.5355499], [1.5220872, 42.5349396], [1.5214143, 42.5345855], [1.5209994, 42.53399], [1.5208558, 42.5333915], [1.5213168, 42.532819], [1.5211232, 42.5321148], [1.5209377, 42.5314184], [1.5213347, 42.5307628], [1.5213447, 42.5301437], [1.5218759, 42.5296003], [1.5216246, 42.5291195], [1.521168, 42.5285353], [1.5209286, 42.5278298], [1.5206459, 42.527174], [1.5207085, 42.5264054], [1.5207711, 42.5256368], [1.5207323, 42.5262498], [1.5205943, 42.5269804], [1.5206404, 42.5271742], [1.5206881, 42.5264045], [1.5207358, 42.5256348], [1.5206359, 42.524881], [1.5208985, 42.524171], [1.5213746, 42.5235655], [1.5217777, 42.5229167], [1.522088, 42.5222193], [1.5226846, 42.521739], [1.5232624, 42.5212368], [1.5235494, 42.5205249], [1.5238027, 42.5197965], [1.5237588, 42.5201932], [1.523442, 42.5208962], [1.5234957, 42.520573], [1.5237019, 42.5198299], [1.5239081, 42.5190869], [1.5240541, 42.5183312], [1.5241644, 42.517568], [1.5244009, 42.5168357], [1.524728, 42.5161388], [1.5251744, 42.5155141], [1.5257176, 42.514968], [1.5263496, 42.514529], [1.5270335, 42.5141734], [1.5277305, 42.5138436], [1.5284342, 42.5135282], [1.5291385, 42.5132143], [1.5298474, 42.5129108], [1.5305514, 42.5125961], [1.531251, 42.5122718], [1.5319272, 42.5119032], [1.532523, 42.5114166], [1.5330281, 42.5108357], [1.5335242, 42.5102675], [1.5339746, 42.5096902], [1.5339537, 42.5096281], [1.5343649, 42.5096916], [1.5350537, 42.509345], [1.5353469, 42.5087477]], "mood_vectors": [[0.0655, 0.0308, 0.0657, 0.0506, 0.6714, 0.0659, 0.05], [0.0478, 0.0595, 0.0309, 0.06, 0.6661, 0.0527, 0.0829], [0.074, 0.0698, 0.0522, 0.0734, 0.6662, 0.0203, 0.0443], [0.0366, 0.0764, 0.0359, 0.0252, 0.6973, 0.0785, 0.0502], [0.0631, 0.0622, 0.0249, 0.0483, 0.7505, 0.0361, 0.0149], [0.048, 0.0282, 0.0126, 0.0531, 0.7723, 0.0502, 0.0356], [0.0835, 0.0135, 0.0567, 0.0635, 0.7325, 0.03, 0.0203], [0.0568, 0.066, 0.0614, 0.0385, 0.6692, 0.06, 0.048], [0.0414, 0.046, 0.0395, 0.0442, 0.7186, 0.05, 0.0602], [0.0488, 0.0678, 0.0591, 0.0496, 0.6709, 0.0351, 0.0687], [0.077, 0.0783, 0.074, 0.0462, 0.6504, 0.024, 0.0502], [0.0938, 0.0869, 0.0165, 0.0744, 0.6386, 0.0697, 0.0201], [0.0554, 0.0209, 0.0537, 0.0425, 0.7188, 0.0796, 0.029], [0.0865, 0.0226, 0.0895, 0.0154, 0.6967, 0.0513, 0.038], [0.0498, 0.0412, 0.0295, 0.102, 0.711, 0.0249, 0.0416], [0.0225, 0.065, 0.0374, 0.0291, 0.7318, 0.0605, 0.0537], [0.0375, 0.0737, 0.0112, 0.052, 0.6879, 0.0635, 0.0742], [0.0792, 0.0548, 0.0757, 0.072, 0.6245, 0.0365, 0.0573], [0.0226, 0.0326, 0.0678, 0.0777, 0.7078, 0.0577, 0.0339], [0.0531, 0.0547, 0.0717, 0.0344, 0.7388, 0.0162, 0.031], [0.0823, 0.0675, 0.0336, 0.0376, 0.7029, 0.0474, 0.0288], [0.016, 0.0124, 0.0608, 0.0257, 0.8019, 0.054, 0.0292], [0.0443, 0.0236, 0.0362, 0.0773, 0.7249, 0.0421, 0.0516], [0.0708, 0.0774, 0.0201, 0.0241, 0.6813, 0.0699, 0.0565], [0.0217, 0.0363, 0.0719, 0.0186, 0.7836, 0.0267, 0.0413], [0.0448, 0.0727, 0.0585, 0.0232, 0.7184, 0.0536, 0.0288], [0.0587, 0.0658, 0.0683, 0.0581, 0.6721, 0.035, 0.0421], [0.0254, 0.0159, 0.0451, 0.0775, 0.7146, 0.0369, 0.0846], [0.0644, 0.0531, 0.0634, 0.0734, 0.6436, 0.051, 0.0512], [0.0531, 0.0654, 0.0901, 0.0228, 0.6708, 0.0171, 0.0807], [0.063, 0.048, 0.0163, 0.044, 0.7138, 0.0627, 0.0521], [0.0773, 0.0622, 0.0398, 0.0762, 0.6532, 0.0558, 0.0354], [0.0192, 0.086, 0.0676, 0.0711, 0.6679, 0.0454, 0.0427], [0.0486, 0.0148, 0.0448, 0.0464, 0.7472, 0.0453, 0.0531], [0.0514, 0.0721, 0.0475, 0.0555, 0.6205, 0.0678, 0.0852], [0.0171, 0.0783, 0.0427, 0.0369, 0.7799, 0.0321, 0.013], [0.0187, 0.017, 0.0922, 0.0383, 0.6937, 0.077, 0.0632], [0.0259, 0.0563, 0.0322, 0.0749, 0.7151, 0.0741, 0.0216], [0.0758, 0.0785, 0.0762, 0.066, 0.5962, 0.0791, 0.0283], [0.0374, 0.0792, 0.0149, 0.0504, 0.7161, 0.0131, 0.0889], [0.0611, 0.0178, 0.0196, 0.0255, 0.7245, 0.0673, 0.0841], [0.0288, 0.0478, 0.0599, 0.0497, 0.745, 0.0436, 0.0252], [0.0813, 0.0253, 0.0222, 0.0674, 0.672, 0.0726, 0.0592], [0.0689, 0.0199, 0.0342, 0.0734, 0.736, 0.0443, 0.0233], [0.0194, 0.0183, 0.0843, 0.0127, 0.828, 0.0127, 0.0246], [0.0253, 0.0484, 0.055, 0.0515, 0.7574, 0.0374, 0.025], [0.0415, 0.0152, 0.0378, 0.027, 0.754, 0.0747, 0.0499], [0.0113, 0.0478, 0.0184, 0.0652, 0.7295, 0.0523, 0.0755], [0.0288, 0.0692, 0.0569, 0.0577, 0.6638, 0.0706, 0.0532], [0.023, 0.0671, 0.0649, 0.0676, 0.6744, 0.0655, 0.0373], [0.0433, 0.0659, 0.0775, 0.0113, 0.7496, 0.0355, 0.0168], [0.0625, 0.0868, 0.0135, 0.067, 0.7234, 0.0215, 0.0253], [0.0528, 0.0262, 0.0254, 0.0556, 0.7669, 0.0367, 0.0364], [0.0673, 0.0659, 0.0488, 0.0123, 0.7089, 0.0621, 0.0347], [0.0411, 0.0578, 0.0529, 0.027, 0.7391, 0.0163, 0.0659], [0.0486, 0.0903, 0.0285, 0.0373, 0.7532, 0.0202, 0.0219], [0.0483, 0.0587, 0.0513, 0.0688, 0.7109, 0.0336, 0.0284], [0.0981, 0.0383, 0.0586, 0.0212, 0.6734, 0.021, 0.0895], [0.0729, 0.0419, 0.0553, 0.0724, 0.7076, 0.0345, 0.0154], [0.0541, 0.0836, 0.0618, 0.0546, 0.5818, 0.0748, 0.0893], [0.0181, 0.0367, 0.0223, 0.0806, 0.6646, 0.0812, 0.0965], [0.0313, 0.0471, 0.0161, 0.0395, 0.7926, 0.0287, 0.0447], [0.0232, 0.018, 0.0758, 0.0137, 0.7614, 0.0234, 0.0844], [0.0169, 0.0361, 0.0586, 0.0619, 0.7297, 0.078, 0.0189], [0.0166, 0.0501, 0.0116, 0.0761, 0.7873, 0.0401, 0.0182], [0.0866, 0.0478, 0.0809, 0.0785, 0.6735, 0.0144, 0.0183], [0.0691, 0.0389, 0.0524, 0.0268, 0.6841, 0.0726, 0.0561], [0.0526, 0.0773, 0.0437, 0.0693, 0.6884, 0.0528, 0.0159], [0.0483, 0.0485, 0.0194, 0.0468, 0.7297, 0.065, 0.0422], [0.0538, 0.0749, 0.0301, 0.012, 0.7394, 0.0689, 0.0208], [0.0302, 0.0196, 0.0538, 0.0618, 0.8078, 0.0138, 0.0131], [0.0375, 0.0744, 0.0407, 0.0157, 0.6996, 0.0827, 0.0495], [0.0953, 0.0202, 0.0285, 0.0801, 0.6888, 0.0188, 0.0682], [0.013, 0.026, 0.0397, 0.0258, 0.795, 0.0708, 0.0297], [0.0878, 0.0869, 0.0197, 0.0517, 0.6386, 0.041, 0.0743], [0.021, 0.0311, 0.069, 0.0372, 0.7581, 0.0651, 0.0186], [0.039, 0.0832, 0.0462, 0.0727, 0.6681, 0.049, 0.0418], [0.0163, 0.0358, 0.0652, 0.0859, 0.7479, 0.0292, 0.0197], [0.0623, 0.0191, 0.0721, 0.066, 0.6975, 0.0285, 0.0545], [0.0628, 0.0441, 0.017, 0.0796, 0.767, 0.0174, 0.012]], "emotions": ["red", "red", "red", "red", "red", "red", "red", "red", "red", "red", "red", "red", "red", "red", "red", "red", "red", "red", "red", "red", "red", "red", "red", "red", "red", "red", "red", "red", "red", "red", "red", "red", "red", "red", "red", "red", "red", "red", "red", "red", "red", "red", "red", "red", "red", "red", "red", "red", "red", "red", "red", "red", "red", "red", "red", "red", "red", "red", "red", "red", "red", "red", "red", "red", "red", "red", "red", "red", "red", "red", "red", "red", "red", "red", "red", "red", "red", "red", "red", "red"], "timestamps": [0, 40, 80, 120, 160, 200, 240, 280, 320, 360, 400, 440, 480, 520, 560, 600, 640, 680, 720, 760, 800, 840, 880, 920, 960, 1000, 1040, 1080, 1120, 1160, 1200, 1240, 1280, 1320, 1360, 1400, 1440, 1480, 1520, 1560, 1600, 1640, 1680, 1720, 1760, 1800, 1840, 1880, 1920, 1960, 2000, 2040, 2080, 2120, 2160, 2200, 2240, 2280, 2320, 2360, 2400, 2440, 2480, 2520, 2560, 2600, 2640, 2680, 2720, 2760, 2800, 2840, 2880, 2920, 2960, 3000, 3040, 3080, 3120, 3160]}], "conversation": [], "conversation_timestamps": []}