{"agent_id": "agent-orange-1573", "type": "orange", "trips": [{"trip_id": 0, "transport_method": "bicycle", "start_time": 0, "path": [[1.5454642, 42.5147046], [1.5451839, 42.5143902], [1.5451185, 42.5140532], [1.5446868, 42.5139379], [1.5442211, 42.5138697], [1.5437542, 42.5138141], [1.5432928, 42.5138987], [1.5428429, 42.513785], [1.5424776, 42.5134904], [1.54206, 42.5133173], [1.5416929, 42.5130991], [1.5413122, 42.5128912], [1.5416637, 42.5126467], [1.5413265, 42.5124486], [1.5408577, 42.5124258], [1.540401, 42.5123997], [1.5399486, 42.5124779], [1.539496, 42.512575], [1.5393563, 42.5122869], [1.5391661, 42.5125449], [1.5392567, 42.5123384], [1.5388839, 42.5124302], [1.5384676, 42.5126319], [1.538003, 42.5127071], [1.5375406, 42.5127897], [1.5370859, 42.5129107], [1.5366294, 42.5130222], [1.5361761, 42.5130851], [1.5359733, 42.5127172], [1.5356654, 42.5123795], [1.5355304, 42.5122937], [1.5355753, 42.5126733], [1.53577, 42.5125918], [1.5354058, 42.5122937], [1.5350416, 42.5119956], [1.5346775, 42.5116974], [1.534313, 42.5113996], [1.5339262, 42.5111847], [1.5336376, 42.510814], [1.5332649, 42.5105295], [1.5328557, 42.5103012], [1.5324799, 42.5100179], [1.5320714, 42.5098411], [1.5316265, 42.5096881], [1.5311866, 42.5095208], [1.530745, 42.509358], [1.5306471, 42.5091494], [1.530296, 42.5088619], [1.5298813, 42.5086407], [1.5295378, 42.5084543], [1.5292661, 42.5081645], [1.5288614, 42.5079279], [1.5285912, 42.5076064], [1.5281807, 42.5073762], [1.5277562, 42.5071771], [1.5274611, 42.5068124], [1.5270321, 42.5066318], [1.5265623, 42.5066063], [1.526094, 42.5065654], [1.5256379, 42.5064522], [1.5252291, 42.5063114], [1.5248227, 42.5062112], [1.5244817, 42.5058884], [1.5241918, 42.5055179], [1.5237765, 42.5053258], [1.5233423, 42.5051482], [1.5229136, 42.5049826], [1.5224482, 42.5049129], [1.522015, 42.5047611], [1.521718, 42.5044726], [1.5220621, 42.5046754], [1.5218542, 42.5046525], [1.5214833, 42.5043637], [1.5215008, 42.5039215], [1.5213071, 42.503496], [1.5209594, 42.5031985], [1.5205648, 42.5029443], [1.5202174, 42.5026492], [1.5199719, 42.5022485], [1.5198366, 42.5018008]], "mood_vectors": [[0.0259, 0.0554, 0.0214, 0.07, 0.7241, 0.0287, 0.0744], [0.0644, 0.0561, 0.0577, 0.064, 0.6921, 0.0327, 0.0331], [0.0533, 0.0834, 0.056, 0.0696, 0.5756, 0.0873, 0.0748], [0.0645, 0.0574, 0.0516, 0.0672, 0.632, 0.0671, 0.06], [0.0457, 0.0681, 0.0603, 0.0406, 0.656, 0.035, 0.0943], [0.0332, 0.0704, 0.0275, 0.1004, 0.666, 0.0647, 0.0377], [0.0521, 0.0432, 0.0326, 0.0465, 0.6889, 0.0719, 0.0648], [0.0405, 0.0636, 0.0198, 0.0443, 0.7239, 0.0542, 0.0536], [0.0911, 0.0216, 0.099, 0.0282, 0.6812, 0.0196, 0.0593], [0.0225, 0.0159, 0.0607, 0.0244, 0.712, 0.0815, 0.0831], [0.0691, 0.0327, 0.0678, 0.0565, 0.689, 0.0509, 0.034], [0.0392, 0.0538, 0.0617, 0.0508, 0.6951, 0.0575, 0.0418], [0.0453, 0.0714, 0.0379, 0.0648, 0.686, 0.0699, 0.0248], [0.0559, 0.0177, 0.0723, 0.0755, 0.6646, 0.0418, 0.0722], [0.0464, 0.0301, 0.0565, 0.0384, 0.7322, 0.0252, 0.0712], [0.0532, 0.0153, 0.0731, 0.0614, 0.7433, 0.0133, 0.0404], [0.0746, 0.0313, 0.0311, 0.0657, 0.6868, 0.0789, 0.0317], [0.071, 0.0163, 0.0416, 0.0539, 0.7324, 0.0462, 0.0386], [0.0544, 0.0147, 0.0691, 0.0713, 0.7162, 0.0224, 0.0518], [0.0708, 0.0302, 0.0234, 0.0895, 0.7132, 0.0568, 0.0162], [0.0246, 0.0786, 0.035, 0.0267, 0.7731, 0.0291, 0.0328], [0.0284, 0.0143, 0.0454, 0.0432, 0.7256, 0.0802, 0.063], [0.0346, 0.0741, 0.0328, 0.042, 0.6755, 0.0618, 0.0792], [0.0773, 0.0241, 0.0658, 0.0665, 0.7143, 0.0306, 0.0214], [0.0506, 0.028, 0.0667, 0.0493, 0.7046, 0.0592, 0.0415], [0.0827, 0.0739, 0.0318, 0.0271, 0.6817, 0.0365, 0.0663], [0.0269, 0.0181, 0.0337, 0.04, 0.784, 0.0335, 0.0638], [0.0649, 0.0573, 0.0192, 0.0282, 0.6862, 0.0698, 0.0745], [0.0823, 0.0753, 0.0441, 0.0706, 0.643, 0.039, 0.0456], [0.0694, 0.0614, 0.0721, 0.0632, 0.6998, 0.0192, 0.0148], [0.0443, 0.0533, 0.0579, 0.0146, 0.7502, 0.0155, 0.0642], [0.0458, 0.0786, 0.0926, 0.0674, 0.6657, 0.0319, 0.018], [0.0467, 0.02, 0.0611, 0.032, 0.7041, 0.0715, 0.0645], [0.0521, 0.0239, 0.0885, 0.059, 0.706, 0.0457, 0.0248], [0.0284, 0.0241, 0.0597, 0.0775, 0.7261, 0.0353, 0.049], [0.0463, 0.0582, 0.0365, 0.0634, 0.6837, 0.0696, 0.0424], [0.0589, 0.0435, 0.0475, 0.0718, 0.6059, 0.0859, 0.0864], [0.1016, 0.026, 0.0771, 0.019, 0.6674, 0.0434, 0.0656], [0.0667, 0.0709, 0.0236, 0.0596, 0.6791, 0.0749, 0.0253], [0.0402, 0.0279, 0.0133, 0.0588, 0.7672, 0.0388, 0.0537], [0.0385, 0.0694, 0.0633, 0.0585, 0.6476, 0.0659, 0.0567], [0.015, 0.0963, 0.0549, 0.0819, 0.6549, 0.0726, 0.0243], [0.0747, 0.0333, 0.071, 0.0257, 0.7211, 0.027, 0.0472], [0.0759, 0.0433, 0.0521, 0.019, 0.7315, 0.0241, 0.0542], [0.0362, 0.022, 0.0739, 0.058, 0.7223, 0.0423, 0.0452], [0.0171, 0.0435, 0.0267, 0.0868, 0.6855, 0.0715, 0.0689], [0.0799, 0.0387, 0.0582, 0.0248, 0.7299, 0.046, 0.0225], [0.0359, 0.0629, 0.0192, 0.0714, 0.674, 0.0991, 0.0376], [0.0464, 0.0475, 0.0264, 0.0327, 0.7621, 0.0533, 0.0316], [0.04, 0.0289, 0.0902, 0.0573, 0.7168, 0.0287, 0.0381], [0.0626, 0.0583, 0.0558, 0.0371, 0.6464, 0.0551, 0.0847], [0.0345, 0.0383, 0.018, 0.0852, 0.6851, 0.0394, 0.0994], [0.0728, 0.0548, 0.0408, 0.0312, 0.7091, 0.0774, 0.0139], [0.0433, 0.05, 0.0716, 0.062, 0.6877, 0.039, 0.0464], [0.0829, 0.0345, 0.062, 0.0552, 0.6879, 0.0418, 0.0356], [0.0734, 0.0687, 0.0218, 0.0173, 0.7213, 0.0293, 0.0682], [0.0357, 0.0857, 0.021, 0.0441, 0.6604, 0.071, 0.0821], [0.0644, 0.0862, 0.0342, 0.0658, 0.6681, 0.0174, 0.0639], [0.0585, 0.0301, 0.0731, 0.02, 0.7498, 0.0315, 0.037], [0.0646, 0.0384, 0.0248, 0.0165, 0.7342, 0.0539, 0.0676], [0.0508, 0.0836, 0.0495, 0.0408, 0.6936, 0.03, 0.0518], [0.04, 0.0621, 0.0445, 0.0565, 0.6914, 0.0446, 0.0609], [0.0134, 0.0704, 0.0374, 0.0725, 0.6608, 0.0683, 0.0773], [0.0323, 0.0215, 0.0643, 0.0212, 0.8062, 0.0405, 0.0141], [0.0322, 0.0296, 0.0186, 0.0715, 0.688, 0.0706, 0.0895], [0.0337, 0.0726, 0.0464, 0.0579, 0.6978, 0.029, 0.0625], [0.0357, 0.058, 0.0757, 0.0573, 0.6964, 0.0374, 0.0395], [0.0278, 0.0225, 0.035, 0.0672, 0.7351, 0.071, 0.0415], [0.0703, 0.0441, 0.0488, 0.0898, 0.6478, 0.0855, 0.0138], [0.0296, 0.0433, 0.0735, 0.037, 0.6385, 0.0988, 0.0793], [0.0592, 0.0373, 0.0927, 0.0169, 0.6457, 0.0916, 0.0567], [0.0247, 0.0524, 0.0216, 0.0144, 0.7528, 0.0622, 0.0718], [0.0752, 0.039, 0.0546, 0.0398, 0.6438, 0.0724, 0.0753], [0.0246, 0.0654, 0.0826, 0.0714, 0.6324, 0.0724, 0.0512], [0.0163, 0.06, 0.0499, 0.0808, 0.6312, 0.0734, 0.0884], [0.079, 0.0603, 0.0212, 0.0161, 0.6936, 0.0505, 0.0792], [0.0262, 0.0376, 0.0726, 0.0609, 0.6961, 0.0392, 0.0673], [0.068, 0.0634, 0.0636, 0.0186, 0.6515, 0.0606, 0.0742], [0.069, 0.0571, 0.057, 0.0834, 0.625, 0.0773, 0.0313], [0.0548, 0.0395, 0.033, 0.0604, 0.6473, 0.0837, 0.0812]], "emotions": ["red", "red", "red", "red", "red", "red", "red", "red", "red", "red", "red", "red", "red", "red", "red", "red", "red", "red", "red", "red", "red", "red", "red", "red", "red", "red", "red", "red", "red", "red", "red", "red", "red", "red", "red", "red", "red", "red", "red", "red", "red", "red", "red", "red", "red", "red", "red", "red", "red", "red", "red", "red", "red", "red", "red", "red", "red", "red", "red", "red", "red", "red", "red", "red", "red", "red", "red", "red", "red", "red", "red", "red", "red", "red", "red", "red", "red", "red", "red", "red"], "timestamps": [0, 40, 80, 120, 160, 200, 240, 280, 320, 360, 400, 440, 480, 520, 560, 600, 640, 680, 720, 760, 800, 840, 880, 920, 960, 1000, 1040, 1080, 1120, 1160, 1200, 1240, 1280, 1320, 1360, 1400, 1440, 1480, 1520, 1560, 1600, 1640, 1680, 1720, 1760, 1800, 1840, 1880, 1920, 1960, 2000, 2040, 2080, 2120, 2160, 2200, 2240, 2280, 2320, 2360, 2400, 2440, 2480, 2520, 2560, 2600, 2640, 2680, 2720, 2760, 2800, 2840, 2880, 2920, 2960, 3000, 3040, 3080, 3120, 3160]}], "conversation": [], "conversation_timestamps": []}