{"agent_id": "agent-purple-1004", "type": "purple", "trips": [{"trip_id": 0, "transport_method": "foot", "start_time": 0, "path": [[1.5232236, 42.5045559], [1.5235058, 42.5046589], [1.5238072, 42.5047193], [1.5241043, 42.5047923], [1.5244099, 42.5048256], [1.5245019, 42.5048357], [1.5241963, 42.5048024], [1.5241986, 42.5048086], [1.5245027, 42.5048535], [1.5248068, 42.5048984], [1.5251109, 42.5049434], [1.525415, 42.5049883], [1.5257191, 42.5050333], [1.5260232, 42.5050782], [1.5263292, 42.5050833], [1.5266344, 42.5050822], [1.5269287, 42.5051708], [1.5272194, 42.5052707], [1.5275094, 42.5053726], [1.5278009, 42.5054702], [1.5278252, 42.5054871], [1.5275314, 42.5053983], [1.5275905, 42.5053928], [1.5278854, 42.5054797], [1.5281802, 42.5055666], [1.5284751, 42.5056536], [1.5287699, 42.5057405], [1.5290648, 42.5058274], [1.5293268, 42.5059829], [1.5295792, 42.5061583], [1.52983, 42.5063362], [1.5300801, 42.5065149], [1.5303357, 42.5066856], [1.5305922, 42.5068537], [1.530875, 42.5069744], [1.5311617, 42.5070825], [1.5314617, 42.5071496], [1.5317617, 42.5072167], [1.5319141, 42.5074556], [1.5320933, 42.5077032], [1.5322911, 42.5079371], [1.5324479, 42.5082015], [1.5326514, 42.5083324], [1.5329565, 42.50837], [1.5332609, 42.5084124], [1.5335654, 42.5084547], [1.5338699, 42.5084971], [1.5341, 42.5086102], [1.5340907, 42.508562], [1.5340716, 42.5088688], [1.5340524, 42.5091756], [1.5340014, 42.5094777], [1.5339086, 42.5097705], [1.5338208, 42.5100247], [1.5336132, 42.5102509], [1.5334228, 42.5104922], [1.5335083, 42.5107027], [1.5337282, 42.5109161], [1.5339094, 42.511164], [1.5341367, 42.5113626], [1.5344098, 42.5114664], [1.534663, 42.5116407], [1.5349183, 42.5118118], [1.5351797, 42.5119736], [1.5354129, 42.5121687], [1.5354545, 42.5124614], [1.5352681, 42.5126964], [1.5350125, 42.5128672], [1.5347328, 42.5129945], [1.5344508, 42.5131097], [1.5342165, 42.5131984], [1.5340632, 42.513463], [1.5338613, 42.5136735], [1.5335702, 42.5137724], [1.5334464, 42.5138876], [1.5337382, 42.5139059], [1.5340424, 42.5138614], [1.5343447, 42.5138059], [1.5346457, 42.5137432], [1.5349466, 42.5136805]], "mood_vectors": [[0.0484, 0.0423, 0.0576, 0.048, 0.0328, 0.7439, 0.027], [0.0548, 0.0448, 0.0748, 0.0651, 0.0185, 0.7066, 0.0354], [0.07, 0.0539, 0.035, 0.0283, 0.0585, 0.7124, 0.042], [0.0617, 0.0288, 0.0714, 0.046, 0.0707, 0.6605, 0.0608], [0.0609, 0.0292, 0.0581, 0.0245, 0.0145, 0.7895, 0.0234], [0.0631, 0.0496, 0.0818, 0.0316, 0.0889, 0.6075, 0.0774], [0.0516, 0.0613, 0.0271, 0.0273, 0.0518, 0.7329, 0.0479], [0.0233, 0.063, 0.0516, 0.0324, 0.0147, 0.7493, 0.0657], [0.0546, 0.0639, 0.066, 0.0896, 0.0558, 0.63, 0.0402], [0.0439, 0.0374, 0.0322, 0.0972, 0.0472, 0.6698, 0.0723], [0.0622, 0.0347, 0.0118, 0.0733, 0.0698, 0.7238, 0.0245], [0.027, 0.0759, 0.0418, 0.0733, 0.021, 0.7257, 0.0354], [0.0614, 0.0722, 0.0127, 0.0164, 0.0507, 0.7287, 0.0579], [0.019, 0.0784, 0.0511, 0.0369, 0.0373, 0.7152, 0.0622], [0.0627, 0.0245, 0.0439, 0.1014, 0.0413, 0.6959, 0.0304], [0.0794, 0.0211, 0.0389, 0.0827, 0.0848, 0.6701, 0.0228], [0.098, 0.0425, 0.0196, 0.0276, 0.0152, 0.7564, 0.0406], [0.0436, 0.0195, 0.0774, 0.0232, 0.0188, 0.7389, 0.0786], [0.0454, 0.036, 0.0305, 0.0832, 0.0716, 0.6541, 0.0793], [0.0632, 0.0887, 0.0496, 0.0809, 0.0786, 0.5975, 0.0416], [0.0227, 0.0451, 0.0789, 0.0356, 0.0418, 0.7468, 0.0291], [0.0288, 0.0332, 0.025, 0.0809, 0.0739, 0.6844, 0.0737], [0.0773, 0.0588, 0.0776, 0.0695, 0.0208, 0.6838, 0.0121], [0.0785, 0.0639, 0.0409, 0.055, 0.0213, 0.6604, 0.0798], [0.0255, 0.0705, 0.039, 0.0589, 0.0391, 0.689, 0.0779], [0.0494, 0.0811, 0.0186, 0.0767, 0.0736, 0.6225, 0.0782], [0.0748, 0.0483, 0.0673, 0.0114, 0.0506, 0.6739, 0.0737], [0.0272, 0.0676, 0.0172, 0.0369, 0.0633, 0.7633, 0.0245], [0.0435, 0.0675, 0.0658, 0.0345, 0.046, 0.7028, 0.0398], [0.0636, 0.0464, 0.0289, 0.0546, 0.0554, 0.7191, 0.032], [0.0274, 0.0313, 0.0681, 0.0377, 0.066, 0.7105, 0.0591], [0.0162, 0.0577, 0.0729, 0.0497, 0.0155, 0.7223, 0.0657], [0.058, 0.0698, 0.0316, 0.0236, 0.0647, 0.7168, 0.0354], [0.0898, 0.0841, 0.0287, 0.0573, 0.0155, 0.6532, 0.0715], [0.0763, 0.0684, 0.0158, 0.0586, 0.0558, 0.7131, 0.0119], [0.073, 0.0475, 0.0461, 0.0556, 0.0418, 0.6514, 0.0846], [0.0707, 0.0902, 0.0807, 0.0175, 0.0487, 0.6636, 0.0286], [0.0642, 0.0461, 0.069, 0.0496, 0.0333, 0.7156, 0.0223], [0.0166, 0.0474, 0.0656, 0.0284, 0.0622, 0.7141, 0.0656], [0.0712, 0.0335, 0.0874, 0.0837, 0.0683, 0.613, 0.0429], [0.0494, 0.0221, 0.0941, 0.0314, 0.0464, 0.6623, 0.0943], [0.0757, 0.0185, 0.0696, 0.0395, 0.0326, 0.7138, 0.0504], [0.0459, 0.0242, 0.0419, 0.0677, 0.0711, 0.721, 0.0281], [0.0358, 0.0328, 0.0374, 0.0386, 0.039, 0.7067, 0.1096], [0.025, 0.0313, 0.0735, 0.0453, 0.0614, 0.7213, 0.0421], [0.0414, 0.0513, 0.0656, 0.0703, 0.0393, 0.7107, 0.0215], [0.0226, 0.0192, 0.0456, 0.0345, 0.0287, 0.7799, 0.0694], [0.045, 0.0536, 0.0199, 0.0264, 0.0633, 0.7338, 0.058], [0.0366, 0.0203, 0.0231, 0.0521, 0.0892, 0.6914, 0.0875], [0.0311, 0.0964, 0.0869, 0.0232, 0.0279, 0.7024, 0.0322], [0.0213, 0.0316, 0.0719, 0.0212, 0.0524, 0.7449, 0.0568], [0.0352, 0.0522, 0.065, 0.0435, 0.0448, 0.683, 0.0763], [0.0677, 0.0408, 0.0694, 0.0406, 0.0354, 0.6633, 0.0828], [0.0296, 0.071, 0.0166, 0.0568, 0.0827, 0.6636, 0.0797], [0.0743, 0.0516, 0.0722, 0.016, 0.0613, 0.6928, 0.0318], [0.0504, 0.0563, 0.0272, 0.0386, 0.0472, 0.7546, 0.0258], [0.0756, 0.0432, 0.0339, 0.019, 0.0657, 0.7339, 0.0286], [0.0542, 0.0804, 0.0661, 0.0317, 0.0747, 0.6456, 0.0474], [0.0182, 0.0726, 0.0186, 0.0349, 0.0341, 0.756, 0.0656], [0.0369, 0.0465, 0.0769, 0.061, 0.0294, 0.7239, 0.0254], [0.0616, 0.0199, 0.0444, 0.0765, 0.0316, 0.7495, 0.0164], [0.0761, 0.034, 0.0858, 0.0432, 0.085, 0.6621, 0.0138], [0.0229, 0.0278, 0.0272, 0.0219, 0.015, 0.8656, 0.0195], [0.0488, 0.0139, 0.031, 0.0354, 0.0902, 0.702, 0.0787], [0.0299, 0.0603, 0.0248, 0.0673, 0.0651, 0.6738, 0.0788], [0.1053, 0.0171, 0.0371, 0.0154, 0.0551, 0.7165, 0.0535], [0.035, 0.034, 0.0121, 0.0181, 0.0548, 0.77, 0.076], [0.0658, 0.0513, 0.0538, 0.0746, 0.0625, 0.6, 0.0919], [0.035, 0.0258, 0.0768, 0.0745, 0.0149, 0.6981, 0.0748], [0.0125, 0.0635, 0.0558, 0.0497, 0.0698, 0.7066, 0.0422], [0.0741, 0.0342, 0.0627, 0.014, 0.0399, 0.7189, 0.0562], [0.069, 0.0212, 0.0509, 0.0598, 0.0755, 0.6508, 0.0728], [0.0285, 0.0853, 0.0259, 0.0663, 0.0601, 0.7051, 0.0288], [0.0461, 0.0185, 0.0241, 0.0774, 0.0497, 0.7385, 0.0456], [0.0507, 0.0652, 0.0533, 0.056, 0.0367, 0.6655, 0.0726], [0.0507, 0.0255, 0.0588, 0.0764, 0.0172, 0.7485, 0.023], [0.0476, 0.0169, 0.0674, 0.0985, 0.0384, 0.6781, 0.0531], [0.0849, 0.08, 0.0659, 0.0474, 0.0621, 0.638, 0.0217], [0.0874, 0.0504, 0.0392, 0.0444, 0.0441, 0.698, 0.0364], [0.0414, 0.0737, 0.0683, 0.0485, 0.0426, 0.6968, 0.0288]], "emotions": ["purple", "purple", "purple", "purple", "purple", "purple", "purple", "purple", "purple", "purple", "purple", "purple", "purple", "purple", "purple", "purple", "purple", "purple", "purple", "purple", "purple", "purple", "purple", "purple", "purple", "purple", "purple", "purple", "purple", "purple", "purple", "purple", "purple", "purple", "purple", "purple", "purple", "purple", "purple", "purple", "purple", "purple", "purple", "purple", "purple", "purple", "purple", "purple", "purple", "purple", "purple", "purple", "purple", "purple", "purple", "purple", "purple", "purple", "purple", "purple", "purple", "purple", "purple", "purple", "purple", "purple", "purple", "purple", "purple", "purple", "purple", "purple", "purple", "purple", "purple", "purple", "purple", "purple", "purple", "purple"], "timestamps": [0, 40, 80, 120, 160, 200, 240, 280, 320, 360, 400, 440, 480, 520, 560, 600, 640, 680, 720, 760, 800, 840, 880, 920, 960, 1000, 1040, 1080, 1120, 1160, 1200, 1240, 1280, 1320, 1360, 1400, 1440, 1480, 1520, 1560, 1600, 1640, 1680, 1720, 1760, 1800, 1840, 1880, 1920, 1960, 2000, 2040, 2080, 2120, 2160, 2200, 2240, 2280, 2320, 2360, 2400, 2440, 2480, 2520, 2560, 2600, 2640, 2680, 2720, 2760, 2800, 2840, 2880, 2920, 2960, 3000, 3040, 3080, 3120, 3160]}], "conversation": [], "conversation_timestamps": []}