{"agent_id": "agent-green-1167", "type": "green", "trips": [{"trip_id": 0, "transport_method": "bus", "start_time": 0, "path": [[1.5124588, 42.5321075], [1.5131891, 42.5319578], [1.5139226, 42.5320982], [1.5144731, 42.5320679], [1.514583, 42.5313559], [1.5150871, 42.5308469], [1.5157054, 42.5304176], [1.5163237, 42.5299884], [1.516942, 42.5295591], [1.5172364, 42.5292546], [1.5164939, 42.5292642], [1.5157515, 42.5292206], [1.5150154, 42.5291361], [1.5143116, 42.5292946], [1.5136193, 42.5295867], [1.5128864, 42.5297041], [1.5121516, 42.5297958], [1.5121981, 42.5301407], [1.512777, 42.5304723], [1.512995, 42.5309236], [1.5136933, 42.5309739], [1.5144391, 42.5310308], [1.5150554, 42.5308957], [1.515692, 42.5304942], [1.5163286, 42.5300926], [1.5169652, 42.529691], [1.5176019, 42.5292895], [1.5183066, 42.5292701], [1.5190547, 42.5292453], [1.5195508, 42.5297616], [1.5196609, 42.530033], [1.5202166, 42.5298511], [1.5206128, 42.5292161], [1.520591, 42.5284773], [1.5201917, 42.5278449], [1.5199744, 42.5271645], [1.5203795, 42.5265399], [1.5205944, 42.5258343], [1.5206194, 42.525082], [1.5207906, 42.5243603], [1.5212193, 42.5237437], [1.5216804, 42.5231518], [1.5219385, 42.5224475], [1.5224385, 42.5218954], [1.5230563, 42.5214672], [1.5234415, 42.5208353], [1.5236887, 42.5201244], [1.5238343, 42.5198365], [1.5236011, 42.5205467], [1.5233881, 42.5209608], [1.5235894, 42.5202355], [1.5237906, 42.5195102], [1.5239893, 42.5187844], [1.5240958, 42.5180393], [1.524236, 42.5173017], [1.5244986, 42.5165969], [1.5248438, 42.5159291], [1.5253195, 42.5153476], [1.5258776, 42.514844], [1.5265098, 42.5144382], [1.5271823, 42.5141004], [1.5278648, 42.5137834], [1.5285517, 42.5134756], [1.52924, 42.5131709], [1.5299319, 42.5128746], [1.530618, 42.5125652], [1.5313009, 42.5122487], [1.5319567, 42.5118816], [1.532536, 42.511404], [1.5330278, 42.5108359], [1.5335083, 42.5102774], [1.5339682, 42.509727], [1.5339719, 42.5095754], [1.5339939, 42.509506], [1.5341001, 42.5087609], [1.5341735, 42.5080182], [1.534214, 42.5072679], [1.5341934, 42.5076717], [1.5341501, 42.5069203], [1.5334404, 42.506728]], "mood_vectors": [[0.0238, 0.0686, 0.0287, 0.0644, 0.0351, 0.0674, 0.712], [0.0431, 0.0158, 0.0747, 0.0234, 0.0273, 0.0463, 0.7693], [0.0572, 0.0613, 0.0493, 0.0605, 0.0316, 0.0864, 0.6537], [0.0361, 0.0652, 0.0492, 0.0139, 0.0525, 0.047, 0.7361], [0.0676, 0.0717, 0.042, 0.0382, 0.0533, 0.0319, 0.6953], [0.0559, 0.0589, 0.0637, 0.0696, 0.0615, 0.0607, 0.6298], [0.0262, 0.0448, 0.0395, 0.0381, 0.0214, 0.0683, 0.7616], [0.0528, 0.0233, 0.0636, 0.0239, 0.0415, 0.0837, 0.7112], [0.044, 0.0261, 0.0953, 0.0426, 0.0654, 0.0327, 0.6939], [0.0232, 0.0389, 0.0557, 0.0791, 0.0186, 0.0537, 0.7308], [0.0227, 0.0699, 0.0313, 0.0828, 0.0644, 0.0457, 0.6834], [0.0586, 0.0191, 0.064, 0.0364, 0.0525, 0.0562, 0.7133], [0.0306, 0.0791, 0.0475, 0.0453, 0.057, 0.0184, 0.7222], [0.0235, 0.046, 0.0538, 0.0518, 0.0604, 0.0606, 0.7039], [0.0281, 0.0458, 0.0634, 0.0684, 0.0441, 0.0501, 0.7001], [0.0316, 0.0208, 0.0827, 0.0901, 0.0223, 0.0315, 0.7209], [0.0882, 0.0158, 0.0313, 0.0837, 0.0927, 0.0266, 0.6616], [0.0648, 0.0813, 0.0579, 0.0412, 0.0905, 0.0361, 0.6283], [0.0363, 0.0742, 0.078, 0.0686, 0.054, 0.0158, 0.6732], [0.0257, 0.0379, 0.049, 0.0155, 0.0755, 0.0337, 0.7626], [0.0338, 0.0466, 0.0162, 0.0726, 0.0563, 0.0374, 0.7372], [0.0451, 0.064, 0.0323, 0.0655, 0.0235, 0.0356, 0.7339], [0.0499, 0.0861, 0.0144, 0.045, 0.0147, 0.0706, 0.7193], [0.0278, 0.0245, 0.052, 0.0461, 0.0525, 0.0304, 0.7668], [0.0286, 0.0445, 0.0161, 0.0748, 0.0422, 0.0309, 0.763], [0.0551, 0.0656, 0.0253, 0.0783, 0.0257, 0.0655, 0.6845], [0.0218, 0.0958, 0.024, 0.0735, 0.0245, 0.0321, 0.7284], [0.0631, 0.0839, 0.0879, 0.0681, 0.0583, 0.04, 0.5987], [0.037, 0.052, 0.0548, 0.0504, 0.0426, 0.0375, 0.7257], [0.0776, 0.0552, 0.0176, 0.0495, 0.017, 0.0467, 0.7365], [0.0537, 0.0275, 0.043, 0.0163, 0.054, 0.0308, 0.7747], [0.0279, 0.0553, 0.0723, 0.036, 0.0773, 0.0283, 0.703], [0.0455, 0.0335, 0.0607, 0.0856, 0.0211, 0.0879, 0.6657], [0.0646, 0.0772, 0.0334, 0.024, 0.06, 0.0406, 0.7003], [0.0303, 0.0674, 0.0818, 0.0368, 0.0819, 0.0505, 0.6513], [0.0211, 0.0196, 0.0567, 0.0161, 0.0423, 0.059, 0.7852], [0.0125, 0.0624, 0.0811, 0.0149, 0.0329, 0.0683, 0.728], [0.0164, 0.0649, 0.0671, 0.0169, 0.0392, 0.0216, 0.7739], [0.0854, 0.0827, 0.0839, 0.0269, 0.0352, 0.0796, 0.6064], [0.0619, 0.0392, 0.0301, 0.036, 0.0311, 0.0722, 0.7296], [0.0532, 0.0501, 0.0545, 0.0742, 0.0582, 0.086, 0.6238], [0.0355, 0.0802, 0.0316, 0.0679, 0.0407, 0.0369, 0.7072], [0.0384, 0.0279, 0.0302, 0.0674, 0.074, 0.0511, 0.711], [0.064, 0.0171, 0.0711, 0.0694, 0.0444, 0.0435, 0.6905], [0.022, 0.0441, 0.0204, 0.0676, 0.0175, 0.0656, 0.7629], [0.0743, 0.0309, 0.0402, 0.0294, 0.0604, 0.0622, 0.7025], [0.0572, 0.0254, 0.0798, 0.0266, 0.0121, 0.07, 0.7289], [0.0493, 0.0512, 0.035, 0.0496, 0.0207, 0.036, 0.7581], [0.0346, 0.0272, 0.0751, 0.019, 0.0249, 0.0379, 0.7813], [0.0465, 0.0684, 0.0726, 0.0505, 0.0213, 0.0379, 0.7028], [0.0223, 0.0688, 0.0431, 0.0182, 0.0655, 0.0364, 0.7458], [0.0719, 0.0812, 0.013, 0.0464, 0.0845, 0.0402, 0.6629], [0.0829, 0.0251, 0.0382, 0.0205, 0.0713, 0.0281, 0.7339], [0.0327, 0.0268, 0.0219, 0.0231, 0.0743, 0.0697, 0.7516], [0.05, 0.0358, 0.0771, 0.0633, 0.0576, 0.057, 0.6591], [0.0658, 0.0296, 0.03, 0.0465, 0.0443, 0.0572, 0.7267], [0.0312, 0.0664, 0.0242, 0.0685, 0.0296, 0.0361, 0.7441], [0.0276, 0.0446, 0.0427, 0.0345, 0.0638, 0.0166, 0.7702], [0.0858, 0.0799, 0.0853, 0.087, 0.0142, 0.0717, 0.5761], [0.0137, 0.0704, 0.0163, 0.0551, 0.0652, 0.0806, 0.6987], [0.0339, 0.0668, 0.0591, 0.0203, 0.0181, 0.0177, 0.784], [0.0613, 0.0801, 0.0273, 0.0418, 0.0775, 0.0442, 0.6678], [0.0506, 0.0179, 0.0194, 0.0303, 0.0479, 0.0562, 0.7777], [0.0598, 0.0178, 0.0273, 0.0472, 0.0665, 0.0889, 0.6924], [0.0274, 0.0398, 0.0211, 0.0698, 0.0768, 0.0366, 0.7285], [0.0509, 0.042, 0.042, 0.0568, 0.0353, 0.0646, 0.7084], [0.0236, 0.0279, 0.0203, 0.0211, 0.0515, 0.0701, 0.7855], [0.0685, 0.0594, 0.0661, 0.0597, 0.0602, 0.0301, 0.656], [0.0529, 0.0151, 0.0814, 0.0671, 0.044, 0.0608, 0.6787], [0.0514, 0.0759, 0.0133, 0.0752, 0.0752, 0.0733, 0.6357], [0.024, 0.0535, 0.0436, 0.0736, 0.0215, 0.0809, 0.7029], [0.0615, 0.0493, 0.039, 0.0839, 0.0582, 0.0286, 0.6795], [0.1032, 0.0209, 0.0271, 0.0191, 0.0982, 0.0177, 0.7139], [0.023, 0.0161, 0.0729, 0.0247, 0.0673, 0.0845, 0.7115], [0.066, 0.0836, 0.0539, 0.0275, 0.0481, 0.0371, 0.6837], [0.0515, 0.0312, 0.0563, 0.0504, 0.0833, 0.0241, 0.7033], [0.0346, 0.0664, 0.052, 0.02, 0.067, 0.0778, 0.682], [0.1004, 0.0463, 0.0583, 0.073, 0.0392, 0.0385, 0.6443], [0.0178, 0.0173, 0.026, 0.0545, 0.0529, 0.0824, 0.7489], [0.0906, 0.0363, 0.0918, 0.0275, 0.0637, 0.0364, 0.6538]], "emotions": ["purple", "purple", "purple", "purple", "purple", "purple", "purple", "purple", "purple", "purple", "purple", "purple", "purple", "purple", "purple", "purple", "purple", "purple", "purple", "purple", "purple", "purple", "purple", "purple", "purple", "purple", "purple", "purple", "purple", "purple", "purple", "purple", "purple", "purple", "purple", "purple", "purple", "purple", "purple", "purple", "purple", "purple", "purple", "purple", "purple", "purple", "purple", "purple", "purple", "purple", "purple", "purple", "purple", "purple", "purple", "purple", "purple", "purple", "purple", "purple", "purple", "purple", "purple", "purple", "purple", "purple", "purple", "purple", "purple", "purple", "purple", "purple", "purple", "purple", "purple", "purple", "purple", "purple", "purple", "purple"], "timestamps": [0, 40, 80, 120, 160, 200, 240, 280, 320, 360, 400, 440, 480, 520, 560, 600, 640, 680, 720, 760, 800, 840, 880, 920, 960, 1000, 1040, 1080, 1120, 1160, 1200, 1240, 1280, 1320, 1360, 1400, 1440, 1480, 1520, 1560, 1600, 1640, 1680, 1720, 1760, 1800, 1840, 1880, 1920, 1960, 2000, 2040, 2080, 2120, 2160, 2200, 2240, 2280, 2320, 2360, 2400, 2440, 2480, 2520, 2560, 2600, 2640, 2680, 2720, 2760, 2800, 2840, 2880, 2920, 2960, 3000, 3040, 3080, 3120, 3160]}], "conversation": [], "conversation_timestamps": []}