{"agent_id": "agent-red-351", "type": "red", "trips": [{"trip_id": 0, "transport_method": "foot", "start_time": 0, "path": [[1.5184055, 42.5054325], [1.5192308, 42.5055299], [1.52004, 42.5057213], [1.5208222, 42.5059072], [1.5216019, 42.5061961], [1.5218486, 42.5067613], [1.5224478, 42.5070902], [1.5228776, 42.5076787], [1.5236913, 42.5077898], [1.5245181, 42.507824], [1.5253194, 42.5080444], [1.5260299, 42.5083817], [1.5268475, 42.5085174], [1.5276518, 42.5086676], [1.5283135, 42.5091661], [1.5289067, 42.5097442], [1.529497, 42.5103049], [1.5295034, 42.5109959], [1.5300711, 42.511563], [1.5308334, 42.51187], [1.5307713, 42.5125837], [1.5303477, 42.5132916], [1.5303978, 42.5140929], [1.5299031, 42.5147053], [1.5293107, 42.5152642], [1.5287545, 42.515864], [1.5280344, 42.5162798], [1.5273143, 42.5166957], [1.5265943, 42.5171115], [1.5266725, 42.5170731], [1.5273817, 42.5166845], [1.528137, 42.5163608], [1.5288226, 42.515905], [1.528355, 42.5161352], [1.5276578, 42.5165883], [1.5269605, 42.5170414], [1.5262633, 42.5174945], [1.5255661, 42.5179475], [1.5248688, 42.5184006], [1.5250722, 42.5182593], [1.5256806, 42.517697], [1.5262069, 42.5173633], [1.5255305, 42.517847], [1.5248541, 42.5183306], [1.5241865, 42.5188247], [1.523877, 42.5195163], [1.5237036, 42.5203251], [1.523358, 42.5210813], [1.5227884, 42.5216741], [1.5221274, 42.5221714], [1.5217781, 42.5229151], [1.5213357, 42.5236095], [1.520838, 42.5242736], [1.5206955, 42.5250503], [1.520787, 42.5258634], [1.5205961, 42.5266531], [1.5206296, 42.5274656], [1.5210409, 42.5281617], [1.521428, 42.5288314], [1.5219982, 42.5293526], [1.5214903, 42.5299682], [1.5212607, 42.5306639], [1.5209825, 42.531315], [1.5210989, 42.5320677], [1.5213134, 42.5328255], [1.5208001, 42.5334299], [1.5210235, 42.5341117], [1.5215855, 42.5346632], [1.5222579, 42.5351201], [1.5227427, 42.5357952], [1.5232562, 42.5363515], [1.5240263, 42.5366362], [1.5248418, 42.5367935], [1.5252243, 42.5372448], [1.524742, 42.537581], [1.5239674, 42.5377857], [1.5232265, 42.5381477], [1.5231541, 42.5389575], [1.5232024, 42.5397816], [1.52345, 42.54054]], "mood_vectors": [[0.6905, 0.0557, 0.0348, 0.0445, 0.0437, 0.0659, 0.0649], [0.6923, 0.0183, 0.0537, 0.0576, 0.0614, 0.0479, 0.0688], [0.5762, 0.0536, 0.0796, 0.0863, 0.0583, 0.0634, 0.0826], [0.6248, 0.0789, 0.0738, 0.0248, 0.0606, 0.0667, 0.0704], [0.6639, 0.0503, 0.0719, 0.0316, 0.0396, 0.0836, 0.0591], [0.7378, 0.0247, 0.0437, 0.0504, 0.0713, 0.0328, 0.0393], [0.6831, 0.032, 0.0341, 0.0699, 0.0872, 0.0606, 0.0329], [0.76, 0.0568, 0.0651, 0.0468, 0.0136, 0.0425, 0.0152], [0.6919, 0.0342, 0.0293, 0.068, 0.0626, 0.0549, 0.0591], [0.6329, 0.0753, 0.0326, 0.0683, 0.0269, 0.0941, 0.0699], [0.7177, 0.0551, 0.0243, 0.0592, 0.0179, 0.0483, 0.0776], [0.6285, 0.0626, 0.088, 0.0649, 0.0319, 0.0546, 0.0695], [0.6863, 0.062, 0.0607, 0.0114, 0.067, 0.0435, 0.0691], [0.6832, 0.0414, 0.0715, 0.0417, 0.0312, 0.0331, 0.0978], [0.674, 0.0652, 0.0309, 0.0734, 0.0673, 0.0727, 0.0165], [0.6788, 0.0573, 0.0319, 0.0821, 0.0519, 0.0617, 0.0363], [0.6844, 0.0832, 0.0566, 0.0238, 0.0364, 0.0365, 0.0791], [0.7364, 0.0476, 0.0291, 0.0626, 0.0333, 0.0203, 0.0707], [0.6798, 0.0749, 0.0734, 0.0819, 0.0415, 0.0232, 0.0254], [0.6846, 0.0358, 0.0706, 0.0351, 0.0435, 0.0608, 0.0696], [0.7194, 0.0657, 0.055, 0.0731, 0.034, 0.0368, 0.016], [0.8412, 0.0195, 0.0245, 0.0318, 0.0357, 0.0128, 0.0345], [0.7378, 0.05, 0.0475, 0.0252, 0.0642, 0.0352, 0.0402], [0.8141, 0.0238, 0.0315, 0.0185, 0.0192, 0.0513, 0.0416], [0.623, 0.0961, 0.0466, 0.0435, 0.0633, 0.0415, 0.0861], [0.7806, 0.0653, 0.0273, 0.0132, 0.0327, 0.0496, 0.0313], [0.7544, 0.0348, 0.0514, 0.0609, 0.034, 0.0138, 0.0507], [0.7109, 0.045, 0.0295, 0.0426, 0.0847, 0.0321, 0.0551], [0.6545, 0.0338, 0.016, 0.0823, 0.0663, 0.0769, 0.0703], [0.6697, 0.0544, 0.0292, 0.0903, 0.0291, 0.0962, 0.0312], [0.7604, 0.0426, 0.0291, 0.0537, 0.0163, 0.0704, 0.0275], [0.7346, 0.0599, 0.0511, 0.0403, 0.0288, 0.0377, 0.0477], [0.6959, 0.0684, 0.0694, 0.0497, 0.0736, 0.0296, 0.0134], [0.7656, 0.0279, 0.0178, 0.0573, 0.0523, 0.0422, 0.0368], [0.7041, 0.0728, 0.0604, 0.0314, 0.0385, 0.0731, 0.0198], [0.6619, 0.0437, 0.0695, 0.0914, 0.0154, 0.0489, 0.0691], [0.7757, 0.0179, 0.0301, 0.0161, 0.0379, 0.0459, 0.0764], [0.6456, 0.0786, 0.0831, 0.0649, 0.0339, 0.0236, 0.0703], [0.6672, 0.0288, 0.0774, 0.0888, 0.073, 0.0297, 0.0351], [0.6592, 0.0298, 0.0326, 0.0868, 0.0667, 0.0309, 0.0939], [0.6282, 0.0749, 0.0895, 0.054, 0.0374, 0.0553, 0.0606], [0.7348, 0.0193, 0.0636, 0.0579, 0.0282, 0.052, 0.0441], [0.7176, 0.0742, 0.0205, 0.0788, 0.0513, 0.0377, 0.0199], [0.6946, 0.0367, 0.0469, 0.0535, 0.0365, 0.0887, 0.0431], [0.6671, 0.0141, 0.0273, 0.0873, 0.0856, 0.0439, 0.0747], [0.7056, 0.019, 0.0797, 0.0236, 0.0478, 0.083, 0.0413], [0.7408, 0.0709, 0.0216, 0.0485, 0.0298, 0.0657, 0.0228], [0.8002, 0.0236, 0.0459, 0.0597, 0.035, 0.0193, 0.0163], [0.7354, 0.0505, 0.0138, 0.0493, 0.0178, 0.0759, 0.0573], [0.7486, 0.0391, 0.0521, 0.0298, 0.0158, 0.0511, 0.0637], [0.6878, 0.046, 0.0414, 0.0667, 0.0462, 0.0555, 0.0565], [0.7131, 0.0819, 0.0243, 0.066, 0.0773, 0.0173, 0.02], [0.6377, 0.0395, 0.0737, 0.0338, 0.0671, 0.0549, 0.0934], [0.7198, 0.0345, 0.0507, 0.063, 0.0687, 0.0453, 0.018], [0.7029, 0.0414, 0.0448, 0.0413, 0.0367, 0.0529, 0.08], [0.6162, 0.0487, 0.0737, 0.0694, 0.0629, 0.0592, 0.0699], [0.7246, 0.0392, 0.0401, 0.0196, 0.0544, 0.0383, 0.0838], [0.7421, 0.0476, 0.0141, 0.0525, 0.0307, 0.0287, 0.0843], [0.7534, 0.032, 0.0707, 0.0345, 0.0233, 0.0402, 0.0459], [0.6905, 0.0517, 0.0466, 0.0529, 0.0332, 0.07, 0.0551], [0.6427, 0.0487, 0.0603, 0.0692, 0.0481, 0.0817, 0.0493], [0.6942, 0.0538, 0.0709, 0.0456, 0.0645, 0.0321, 0.0389], [0.6896, 0.0689, 0.0274, 0.07, 0.0227, 0.0698, 0.0517], [0.6966, 0.0253, 0.0753, 0.0418, 0.0892, 0.0334, 0.0384], [0.6543, 0.0596, 0.0479, 0.0372, 0.0446, 0.0759, 0.0806], [0.68, 0.0338, 0.071, 0.0815, 0.0236, 0.0322, 0.0779], [0.6357, 0.048, 0.07, 0.0689, 0.0652, 0.063, 0.0491], [0.6797, 0.0484, 0.0769, 0.0901, 0.0447, 0.0283, 0.0319], [0.6685, 0.0397, 0.076, 0.0278, 0.072, 0.0762, 0.0399], [0.7291, 0.0456, 0.0559, 0.0586, 0.0609, 0.0182, 0.0317], [0.7035, 0.0696, 0.0447, 0.0446, 0.0729, 0.0432, 0.0215], [0.7125, 0.0528, 0.0278, 0.056, 0.0449, 0.0442, 0.0617], [0.7202, 0.0459, 0.0463, 0.0792, 0.0749, 0.0123, 0.0212], [0.702, 0.0443, 0.016, 0.0709, 0.0371, 0.0696, 0.0601], [0.7003, 0.0268, 0.0336, 0.0769, 0.0644, 0.0763, 0.0217], [0.6892, 0.0527, 0.0617, 0.0123, 0.075, 0.0654, 0.0437], [0.6427, 0.0692, 0.0964, 0.0861, 0.0146, 0.034, 0.0571], [0.6763, 0.0539, 0.0661, 0.0613, 0.0318, 0.0645, 0.0461], [0.6846, 0.0333, 0.0779, 0.0348, 0.0862, 0.0296, 0.0537], [0.7129, 0.0376, 0.0324, 0.068, 0.0404, 0.044, 0.0648]], "emotions": ["red", "red", "red", "red", "red", "red", "red", "red", "red", "red", "red", "red", "red", "red", "red", "red", "red", "red", "red", "red", "red", "red", "red", "red", "red", "red", "red", "red", "red", "red", "red", "red", "red", "red", "red", "red", "red", "red", "red", "red", "red", "red", "red", "red", "red", "red", "red", "red", "red", "red", "red", "red", "red", "red", "red", "red", "red", "red", "red", "red", "red", "red", "red", "red", "red", "red", "red", "red", "red", "red", "red", "red", "red", "red", "red", "red", "red", "red", "red", "red"], "timestamps": [0, 40, 80, 120, 160, 200, 240, 280, 320, 360, 400, 440, 480, 520, 560, 600, 640, 680, 720, 760, 800, 840, 880, 920, 960, 1000, 1040, 1080, 1120, 1160, 1200, 1240, 1280, 1320, 1360, 1400, 1440, 1480, 1520, 1560, 1600, 1640, 1680, 1720, 1760, 1800, 1840, 1880, 1920, 1960, 2000, 2040, 2080, 2120, 2160, 2200, 2240, 2280, 2320, 2360, 2400, 2440, 2480, 2520, 2560, 2600, 2640, 2680, 2720, 2760, 2800, 2840, 2880, 2920, 2960, 3000, 3040, 3080, 3120, 3160]}], "conversation": [], "conversation_timestamps": []}