{"agent_id": "agent-purple-819", "type": "purple", "trips": [{"trip_id": 0, "transport_method": "car", "start_time": 0, "path": [[1.5197673, 42.5086547], [1.5198212, 42.5076758], [1.52099, 42.5075052], [1.522313, 42.5077188], [1.5237319, 42.507787], [1.5251481, 42.507995], [1.5264522, 42.5084822], [1.5278374, 42.5087761], [1.5289031, 42.5097426], [1.5294465, 42.5108239], [1.5304472, 42.5116632], [1.5306747, 42.5127239], [1.5303745, 42.51405], [1.529492, 42.5150678], [1.5284561, 42.5160363], [1.5272056, 42.5167585], [1.5265802, 42.5170867], [1.5278553, 42.5164933], [1.5288008, 42.5158455], [1.52759, 42.5166323], [1.5263792, 42.5174191], [1.5251684, 42.5182059], [1.5252723, 42.5181014], [1.5261776, 42.5173843], [1.525003, 42.5182242], [1.5239269, 42.5191172], [1.5236157, 42.5205161], [1.5227958, 42.5216694], [1.5218363, 42.5226949], [1.5210888, 42.5239044], [1.5207324, 42.5252113], [1.5205869, 42.5266012], [1.5209719, 42.5279008], [1.5216108, 42.5291134], [1.5214013, 42.5300491], [1.5210317, 42.5312299], [1.5213417, 42.5325207], [1.5207538, 42.5336708], [1.5216562, 42.5346911], [1.5226528, 42.535684], [1.5236762, 42.5365561], [1.52508, 42.5368409], [1.5247109, 42.5375779], [1.5233888, 42.5380573], [1.5231455, 42.5393802], [1.5234967, 42.5407403], [1.5230119, 42.5414419], [1.5229618, 42.542827], [1.5235378, 42.5441404], [1.5241968, 42.5454082], [1.5247214, 42.5466867], [1.5249975, 42.5480127], [1.5256171, 42.5492901], [1.5263646, 42.5505255], [1.5262276, 42.5504119], [1.5255119, 42.5491617], [1.5257642, 42.5500821], [1.5261971, 42.5514597], [1.5267073, 42.5527636], [1.527627, 42.5538503], [1.5283924, 42.5549966], [1.5293885, 42.5559602], [1.530422, 42.5567912], [1.531624, 42.5575657], [1.5317968, 42.5586494], [1.5309175, 42.5597579], [1.5299739, 42.5607608], [1.5286823, 42.5613842], [1.5279885, 42.5625843], [1.5270304, 42.5633284], [1.5258012, 42.5639904], [1.5246797, 42.5648994], [1.5238395, 42.5660674], [1.5231956, 42.5673476], [1.5220143, 42.568144], [1.5211281, 42.5692494], [1.520931, 42.5706783], [1.5200313, 42.5717833], [1.518925, 42.5726712], [1.5183878, 42.5738319]], "mood_vectors": [[0.0455, 0.0245, 0.0737, 0.0568, 0.0711, 0.6611, 0.0674], [0.0771, 0.0215, 0.0198, 0.0833, 0.0197, 0.703, 0.0756], [0.0889, 0.0253, 0.0285, 0.0386, 0.0428, 0.7281, 0.0477], [0.0473, 0.0595, 0.0637, 0.0538, 0.0293, 0.7092, 0.0372], [0.0874, 0.0418, 0.0338, 0.0282, 0.025, 0.7207, 0.0631], [0.048, 0.0196, 0.0371, 0.0429, 0.0275, 0.8067, 0.0181], [0.0541, 0.0369, 0.0214, 0.05, 0.0782, 0.6755, 0.0838], [0.0301, 0.0687, 0.0516, 0.0385, 0.043, 0.6879, 0.0802], [0.0398, 0.0377, 0.0285, 0.0862, 0.0257, 0.7299, 0.0522], [0.0827, 0.0126, 0.0479, 0.0325, 0.073, 0.7237, 0.0275], [0.0216, 0.0879, 0.0932, 0.0433, 0.0708, 0.6061, 0.0771], [0.078, 0.0483, 0.0759, 0.0602, 0.0508, 0.655, 0.0317], [0.0514, 0.049, 0.073, 0.0702, 0.0434, 0.6619, 0.0511], [0.0581, 0.1013, 0.021, 0.0721, 0.047, 0.6741, 0.0264], [0.0621, 0.022, 0.0331, 0.0501, 0.0423, 0.7363, 0.0542], [0.028, 0.0671, 0.067, 0.0204, 0.0296, 0.7615, 0.0265], [0.0548, 0.0681, 0.0502, 0.0681, 0.0146, 0.7266, 0.0176], [0.0491, 0.0616, 0.0843, 0.0151, 0.0625, 0.6469, 0.0804], [0.0295, 0.0345, 0.0449, 0.0657, 0.0475, 0.7445, 0.0335], [0.0696, 0.0717, 0.0426, 0.0592, 0.0698, 0.6657, 0.0215], [0.0624, 0.0813, 0.0616, 0.0697, 0.0192, 0.6887, 0.0171], [0.0158, 0.0713, 0.0363, 0.069, 0.0461, 0.719, 0.0425], [0.0821, 0.0326, 0.0648, 0.0748, 0.072, 0.6281, 0.0456], [0.0947, 0.0676, 0.02, 0.076, 0.0523, 0.6332, 0.0562], [0.0716, 0.0174, 0.0846, 0.0131, 0.047, 0.7418, 0.0246], [0.0863, 0.0579, 0.0668, 0.0164, 0.0683, 0.6231, 0.0813], [0.0146, 0.0531, 0.0527, 0.0502, 0.0639, 0.7164, 0.049], [0.0395, 0.0585, 0.0273, 0.084, 0.0691, 0.652, 0.0696], [0.0479, 0.0468, 0.0155, 0.0751, 0.0149, 0.7637, 0.0361], [0.0263, 0.0113, 0.0605, 0.0506, 0.0736, 0.7361, 0.0416], [0.0184, 0.0309, 0.0695, 0.0341, 0.07, 0.7181, 0.059], [0.0416, 0.0778, 0.0569, 0.0557, 0.048, 0.6821, 0.0379], [0.0698, 0.0678, 0.0772, 0.0751, 0.0134, 0.6325, 0.0642], [0.0241, 0.0663, 0.0417, 0.0771, 0.0244, 0.7005, 0.0658], [0.0435, 0.0717, 0.0602, 0.0759, 0.0588, 0.6728, 0.0171], [0.0608, 0.0458, 0.0357, 0.0661, 0.0426, 0.7206, 0.0284], [0.0226, 0.0374, 0.0761, 0.0716, 0.0531, 0.6772, 0.0619], [0.0671, 0.0562, 0.017, 0.0762, 0.0698, 0.6308, 0.0829], [0.0416, 0.0358, 0.0793, 0.0751, 0.0249, 0.6662, 0.0771], [0.0664, 0.0848, 0.0448, 0.0762, 0.0837, 0.5773, 0.0668], [0.031, 0.0613, 0.0181, 0.0823, 0.0159, 0.7782, 0.0132], [0.0409, 0.0747, 0.0587, 0.0479, 0.0742, 0.6328, 0.0709], [0.055, 0.0203, 0.0558, 0.0318, 0.0608, 0.7396, 0.0367], [0.0309, 0.0685, 0.0264, 0.058, 0.0639, 0.7145, 0.0378], [0.0158, 0.0151, 0.0661, 0.0587, 0.0668, 0.7101, 0.0675], [0.0165, 0.0685, 0.0574, 0.0738, 0.0477, 0.6686, 0.0676], [0.0514, 0.0672, 0.0633, 0.0141, 0.0237, 0.7619, 0.0184], [0.0169, 0.0304, 0.0556, 0.0603, 0.0303, 0.7359, 0.0707], [0.0961, 0.0369, 0.0866, 0.059, 0.0367, 0.6579, 0.0269], [0.0428, 0.0586, 0.068, 0.0204, 0.0431, 0.6982, 0.0689], [0.0916, 0.0526, 0.0337, 0.0959, 0.0275, 0.604, 0.0947], [0.0435, 0.0736, 0.08, 0.0296, 0.0797, 0.632, 0.0615], [0.0456, 0.0652, 0.0398, 0.0149, 0.0342, 0.7284, 0.0718], [0.05, 0.079, 0.0776, 0.017, 0.0531, 0.6724, 0.0509], [0.0218, 0.0605, 0.0657, 0.0707, 0.0463, 0.7092, 0.0258], [0.0187, 0.0842, 0.0148, 0.0857, 0.0282, 0.6959, 0.0725], [0.0548, 0.0463, 0.0606, 0.0661, 0.0667, 0.6606, 0.045], [0.0518, 0.033, 0.0428, 0.0368, 0.0696, 0.699, 0.0669], [0.0529, 0.06, 0.0745, 0.0741, 0.0636, 0.6014, 0.0734], [0.0241, 0.0623, 0.0775, 0.0334, 0.023, 0.7317, 0.0481], [0.063, 0.0479, 0.0433, 0.0725, 0.0831, 0.6566, 0.0336], [0.0671, 0.0482, 0.0594, 0.0158, 0.0663, 0.6839, 0.0593], [0.0629, 0.0596, 0.0359, 0.0341, 0.063, 0.6887, 0.0558], [0.0756, 0.0403, 0.0242, 0.032, 0.0797, 0.6945, 0.0538], [0.0377, 0.0295, 0.0754, 0.0595, 0.0623, 0.6775, 0.058], [0.0742, 0.0691, 0.0186, 0.0935, 0.0758, 0.6172, 0.0516], [0.0221, 0.0819, 0.0159, 0.03, 0.0483, 0.7718, 0.03], [0.0757, 0.0864, 0.0388, 0.025, 0.0581, 0.6245, 0.0914], [0.0433, 0.0191, 0.0883, 0.0681, 0.0564, 0.6463, 0.0784], [0.073, 0.0304, 0.0783, 0.058, 0.0868, 0.6394, 0.0342], [0.0488, 0.0628, 0.0671, 0.018, 0.0406, 0.7095, 0.0532], [0.0164, 0.0642, 0.0842, 0.0145, 0.0318, 0.719, 0.0699], [0.0545, 0.0869, 0.0555, 0.0284, 0.057, 0.6479, 0.0698], [0.0263, 0.0601, 0.0243, 0.0619, 0.0333, 0.7268, 0.0673], [0.0475, 0.0583, 0.0537, 0.0603, 0.0431, 0.7179, 0.0191], [0.0762, 0.0464, 0.0489, 0.019, 0.0313, 0.7266, 0.0516], [0.078, 0.0322, 0.0471, 0.0653, 0.0442, 0.6641, 0.0691], [0.014, 0.0717, 0.0239, 0.0658, 0.063, 0.6944, 0.0672], [0.0279, 0.0817, 0.021, 0.0739, 0.084, 0.65, 0.0614], [0.0375, 0.0289, 0.087, 0.0409, 0.0191, 0.7206, 0.066]], "emotions": ["purple", "purple", "purple", "purple", "purple", "purple", "purple", "purple", "purple", "purple", "purple", "purple", "purple", "purple", "purple", "purple", "purple", "purple", "purple", "purple", "purple", "purple", "purple", "purple", "purple", "purple", "purple", "purple", "purple", "purple", "purple", "purple", "purple", "purple", "purple", "purple", "purple", "purple", "purple", "purple", "purple", "purple", "purple", "purple", "purple", "purple", "purple", "purple", "purple", "purple", "purple", "purple", "purple", "purple", "purple", "purple", "purple", "purple", "purple", "purple", "purple", "purple", "purple", "purple", "purple", "purple", "purple", "purple", "purple", "purple", "purple", "purple", "purple", "purple", "purple", "purple", "purple", "purple", "purple", "purple"], "timestamps": [0, 40, 80, 120, 160, 200, 240, 280, 320, 360, 400, 440, 480, 520, 560, 600, 640, 680, 720, 760, 800, 840, 880, 920, 960, 1000, 1040, 1080, 1120, 1160, 1200, 1240, 1280, 1320, 1360, 1400, 1440, 1480, 1520, 1560, 1600, 1640, 1680, 1720, 1760, 1800, 1840, 1880, 1920, 1960, 2000, 2040, 2080, 2120, 2160, 2200, 2240, 2280, 2320, 2360, 2400, 2440, 2480, 2520, 2560, 2600, 2640, 2680, 2720, 2760, 2800, 2840, 2880, 2920, 2960, 3000, 3040, 3080, 3120, 3160]}], "conversation": [], "conversation_timestamps": []}