{"agent_id": "agent-blue-200", "type": "blue", "trips": [{"trip_id": 0, "transport_method": "bicycle", "start_time": 0, "path": [[1.5826063, 42.5365905], [1.5821677, 42.5358036], [1.581207, 42.534905], [1.5803818, 42.5338035], [1.5797301, 42.5334285], [1.5783956, 42.5329968], [1.5769973, 42.5328116], [1.5768372, 42.5327724], [1.5775822, 42.5328924], [1.576196, 42.5326279], [1.5748097, 42.5323634], [1.5756137, 42.5325605], [1.5752909, 42.5322212], [1.5740213, 42.531605], [1.5730897, 42.5312494], [1.5741457, 42.532165], [1.5733288, 42.5314104], [1.572371, 42.5303799], [1.5713743, 42.5294092], [1.5702451, 42.5285628], [1.5698273, 42.5282155], [1.5709877, 42.5290135], [1.5706011, 42.5288929], [1.5694265, 42.5281105], [1.568252, 42.5273281], [1.5679093, 42.527105], [1.5691019, 42.5278108], [1.5679301, 42.5270244], [1.5667582, 42.5262381], [1.5655479, 42.5255245], [1.5642015, 42.5251547], [1.5629171, 42.5246033], [1.5619149, 42.5236351], [1.5608062, 42.5227659], [1.5596762, 42.5219789], [1.5585425, 42.5211623], [1.5575233, 42.5201867], [1.5569766, 42.5195762], [1.5561191, 42.5185955], [1.5564984, 42.5191473], [1.5554225, 42.518234], [1.5549835, 42.5179199], [1.5542621, 42.5172853], [1.5540717, 42.5173067], [1.5540781, 42.5171378], [1.5533932, 42.5159373], [1.5527199, 42.5147158], [1.5523532, 42.5134561], [1.5511574, 42.5127255], [1.5500065, 42.5119619], [1.5486577, 42.5115559], [1.5472879, 42.5112173], [1.546329, 42.510358], [1.5461956, 42.5099961], [1.5451257, 42.5093428], [1.5437453, 42.509131], [1.5423714, 42.5088891], [1.5409808, 42.5087056], [1.5398868, 42.5083581], [1.5384928, 42.5081988], [1.5374622, 42.5079685], [1.5369083, 42.5079372], [1.5355309, 42.5076452], [1.5343421, 42.5071703], [1.5356329, 42.5076962], [1.5344081, 42.5071568], [1.5330681, 42.5067243], [1.5317342, 42.5065986], [1.5304602, 42.5067701], [1.5292015, 42.5065613], [1.5280294, 42.5072957], [1.5266222, 42.5072293], [1.5252211, 42.5070656], [1.5238707, 42.5068032], [1.5224988, 42.5064796], [1.5211606, 42.5060334], [1.5217172, 42.5062395], [1.5204384, 42.5058159], [1.519063, 42.5055014], [1.5184055, 42.5054325]], "mood_vectors": [[0.0808, 0.052, 0.0215, 0.647, 0.0592, 0.0663, 0.0732], [0.0613, 0.0933, 0.0189, 0.703, 0.0225, 0.0849, 0.0161], [0.0711, 0.0815, 0.033, 0.5902, 0.0648, 0.0766, 0.0827], [0.053, 0.0234, 0.0712, 0.7726, 0.0208, 0.0351, 0.0239], [0.0452, 0.0479, 0.069, 0.6664, 0.0271, 0.0622, 0.0822], [0.0337, 0.0411, 0.0504, 0.6521, 0.0759, 0.0692, 0.0777], [0.0505, 0.0536, 0.0498, 0.697, 0.0407, 0.0567, 0.0516], [0.0315, 0.0588, 0.046, 0.7247, 0.0609, 0.0634, 0.0148], [0.0312, 0.0416, 0.0173, 0.7427, 0.0833, 0.0356, 0.0482], [0.0651, 0.0627, 0.0863, 0.7184, 0.0187, 0.0304, 0.0185], [0.0454, 0.0431, 0.0981, 0.6539, 0.0351, 0.0853, 0.0392], [0.0493, 0.016, 0.0549, 0.7115, 0.0741, 0.0698, 0.0244], [0.0652, 0.0456, 0.0753, 0.6995, 0.0608, 0.0287, 0.025], [0.0585, 0.0399, 0.0344, 0.6474, 0.0771, 0.077, 0.0658], [0.0402, 0.0124, 0.0725, 0.754, 0.0406, 0.0367, 0.0435], [0.0368, 0.056, 0.0199, 0.6793, 0.0767, 0.0588, 0.0725], [0.0674, 0.075, 0.0446, 0.588, 0.0741, 0.0669, 0.084], [0.0221, 0.0426, 0.0485, 0.7309, 0.069, 0.0455, 0.0412], [0.068, 0.0213, 0.0143, 0.6958, 0.0639, 0.0611, 0.0756], [0.0201, 0.0643, 0.0525, 0.6899, 0.0551, 0.0751, 0.0431], [0.0255, 0.0137, 0.0764, 0.7215, 0.0778, 0.0716, 0.0135], [0.0701, 0.0754, 0.0255, 0.6858, 0.0173, 0.0722, 0.0537], [0.0703, 0.0696, 0.0645, 0.633, 0.0315, 0.0514, 0.0797], [0.0654, 0.0281, 0.0491, 0.7149, 0.0421, 0.063, 0.0373], [0.0482, 0.0536, 0.0436, 0.7024, 0.0931, 0.0294, 0.0298], [0.0128, 0.0749, 0.0339, 0.7972, 0.0133, 0.0539, 0.014], [0.0466, 0.0814, 0.0709, 0.6434, 0.065, 0.0656, 0.0272], [0.0831, 0.0359, 0.0742, 0.6355, 0.0427, 0.0438, 0.0848], [0.0674, 0.0423, 0.0126, 0.7213, 0.0653, 0.0345, 0.0567], [0.0648, 0.0228, 0.0385, 0.7418, 0.0239, 0.034, 0.0742], [0.0536, 0.0734, 0.0705, 0.6139, 0.0277, 0.0897, 0.0713], [0.0125, 0.0755, 0.0316, 0.7594, 0.0146, 0.0738, 0.0326], [0.0677, 0.0865, 0.02, 0.6757, 0.0157, 0.0704, 0.0639], [0.0317, 0.0463, 0.0634, 0.7389, 0.0291, 0.0441, 0.0465], [0.0196, 0.0458, 0.0169, 0.7851, 0.0535, 0.0132, 0.0658], [0.0388, 0.0457, 0.0746, 0.7107, 0.0257, 0.0536, 0.051], [0.0141, 0.0471, 0.0674, 0.7029, 0.0289, 0.042, 0.0976], [0.0494, 0.0487, 0.0266, 0.7009, 0.0734, 0.0585, 0.0425], [0.017, 0.0395, 0.0728, 0.7755, 0.0205, 0.0358, 0.0389], [0.0248, 0.0489, 0.07, 0.7437, 0.0395, 0.0218, 0.0514], [0.0174, 0.0514, 0.0535, 0.6751, 0.0755, 0.0811, 0.046], [0.0268, 0.0401, 0.049, 0.7027, 0.0622, 0.0733, 0.0459], [0.0407, 0.0159, 0.0821, 0.7095, 0.0639, 0.0157, 0.0722], [0.0386, 0.0269, 0.0733, 0.6784, 0.0628, 0.0816, 0.0384], [0.046, 0.0302, 0.0762, 0.6693, 0.067, 0.0789, 0.0324], [0.08, 0.0176, 0.0514, 0.7164, 0.0332, 0.05, 0.0514], [0.059, 0.0782, 0.0648, 0.6002, 0.0663, 0.0667, 0.0647], [0.0558, 0.0751, 0.0573, 0.6252, 0.0524, 0.069, 0.0651], [0.0256, 0.0377, 0.0154, 0.6496, 0.0855, 0.0984, 0.0877], [0.019, 0.0116, 0.0248, 0.7868, 0.0451, 0.0539, 0.0588], [0.0489, 0.0705, 0.0281, 0.6827, 0.0679, 0.0442, 0.0577], [0.0401, 0.0773, 0.0176, 0.6991, 0.0374, 0.0498, 0.0787], [0.0398, 0.0948, 0.0533, 0.7122, 0.0204, 0.0573, 0.0222], [0.0133, 0.0784, 0.0391, 0.709, 0.0601, 0.0656, 0.0345], [0.0676, 0.0973, 0.0763, 0.6714, 0.032, 0.0285, 0.0269], [0.0466, 0.0283, 0.073, 0.7049, 0.0625, 0.0139, 0.0709], [0.0546, 0.0295, 0.0715, 0.7569, 0.0463, 0.0278, 0.0135], [0.0361, 0.074, 0.0381, 0.6946, 0.0733, 0.0267, 0.0572], [0.0647, 0.022, 0.0451, 0.7682, 0.0248, 0.0424, 0.0328], [0.0504, 0.021, 0.0422, 0.7549, 0.0493, 0.0433, 0.0391], [0.0254, 0.0509, 0.0492, 0.7267, 0.0716, 0.034, 0.0423], [0.0661, 0.0904, 0.0404, 0.6881, 0.056, 0.0434, 0.0155], [0.0678, 0.0369, 0.0684, 0.7015, 0.0149, 0.0685, 0.0419], [0.0143, 0.0547, 0.0477, 0.6704, 0.0727, 0.0645, 0.0756], [0.0751, 0.0177, 0.0825, 0.602, 0.078, 0.0873, 0.0575], [0.034, 0.0197, 0.0575, 0.7224, 0.0476, 0.0654, 0.0534], [0.0622, 0.0689, 0.0416, 0.7638, 0.0155, 0.0154, 0.0326], [0.0241, 0.0476, 0.0553, 0.6604, 0.0893, 0.0395, 0.0837], [0.0549, 0.0714, 0.0326, 0.7224, 0.024, 0.0358, 0.0589], [0.0559, 0.0272, 0.0658, 0.6902, 0.0404, 0.0686, 0.0519], [0.031, 0.0143, 0.0269, 0.6967, 0.0631, 0.0869, 0.0811], [0.0662, 0.0235, 0.0169, 0.7475, 0.0453, 0.0826, 0.0179], [0.0396, 0.0767, 0.0397, 0.6813, 0.0578, 0.0394, 0.0656], [0.0379, 0.0398, 0.0222, 0.7356, 0.0622, 0.0782, 0.0241], [0.0545, 0.0403, 0.0432, 0.6987, 0.0549, 0.0461, 0.0623], [0.0666, 0.0362, 0.0203, 0.7138, 0.0652, 0.0806, 0.0173], [0.0788, 0.0736, 0.0466, 0.6625, 0.0519, 0.039, 0.0477], [0.0254, 0.0423, 0.0215, 0.729, 0.0497, 0.0596, 0.0725], [0.0766, 0.0598, 0.0799, 0.6295, 0.0404, 0.0621, 0.0517], [0.0821, 0.0139, 0.0447, 0.7681, 0.0351, 0.0301, 0.0259]], "emotions": ["green", "green", "green", "green", "green", "green", "green", "green", "green", "green", "green", "green", "green", "green", "green", "green", "green", "green", "green", "green", "green", "green", "green", "green", "green", "green", "green", "green", "green", "green", "green", "green", "green", "green", "green", "green", "green", "green", "green", "green", "green", "green", "green", "green", "green", "green", "green", "green", "green", "green", "green", "green", "green", "green", "green", "green", "green", "green", "green", "green", "green", "green", "green", "green", "green", "green", "green", "green", "green", "green", "green", "green", "green", "green", "green", "green", "green", "green", "green", "green"], "timestamps": [0, 40, 80, 120, 160, 200, 240, 280, 320, 360, 400, 440, 480, 520, 560, 600, 640, 680, 720, 760, 800, 840, 880, 920, 960, 1000, 1040, 1080, 1120, 1160, 1200, 1240, 1280, 1320, 1360, 1400, 1440, 1480, 1520, 1560, 1600, 1640, 1680, 1720, 1760, 1800, 1840, 1880, 1920, 1960, 2000, 2040, 2080, 2120, 2160, 2200, 2240, 2280, 2320, 2360, 2400, 2440, 2480, 2520, 2560, 2600, 2640, 2680, 2720, 2760, 2800, 2840, 2880, 2920, 2960, 3000, 3040, 3080, 3120, 3160]}], "conversation": [], "conversation_timestamps": []}