{"agent_id": "agent-red-631", "type": "red", "trips": [{"trip_id": 0, "transport_method": "foot", "start_time": 0, "path": [[1.5354891, 42.5121322], [1.5355336, 42.5123622], [1.5354626, 42.5125834], [1.5356431, 42.5126657], [1.5358633, 42.5126749], [1.5357166, 42.5125481], [1.5355344, 42.512399], [1.5353522, 42.5122498], [1.53517, 42.5121007], [1.5349879, 42.5119515], [1.5348057, 42.5118024], [1.5346235, 42.5116532], [1.5344413, 42.5115041], [1.5342564, 42.5113585], [1.5340409, 42.5113031], [1.533882, 42.5111301], [1.5337461, 42.510938], [1.5335863, 42.5107658], [1.5334032, 42.5106177], [1.5332028, 42.5104957], [1.5329921, 42.5103913], [1.532799, 42.5102585], [1.532611, 42.5101168], [1.532423, 42.509975], [1.5322293, 42.5098587], [1.5320033, 42.5098194], [1.531781, 42.5097419], [1.5315589, 42.509664], [1.531339, 42.5095799], [1.5311193, 42.5094952], [1.5308987, 42.509413], [1.5306769, 42.5093417], [1.5304541, 42.5093392], [1.5302314, 42.5092629], [1.530009, 42.5091857], [1.5297848, 42.5091142], [1.5295594, 42.5090463], [1.5293324, 42.5089843], [1.5291209, 42.5088969], [1.5288858, 42.5088827], [1.5286555, 42.5088364], [1.5284289, 42.5087752], [1.5282175, 42.5086716], [1.5280018, 42.5085774], [1.5277853, 42.5084848], [1.5275675, 42.5083959], [1.5273357, 42.5083622], [1.5271003, 42.5083599], [1.5268649, 42.5083557], [1.5266299, 42.5083425], [1.5263965, 42.5083122], [1.5261652, 42.5082684], [1.5259348, 42.5082217], [1.5257051, 42.5081772], [1.5254858, 42.5080923], [1.5252617, 42.5080201], [1.5250367, 42.5079512], [1.5248088, 42.507892], [1.5245802, 42.5078359], [1.524349, 42.5077914], [1.5241147, 42.5077722], [1.5238793, 42.5077767], [1.5236444, 42.5077931], [1.5234095, 42.5078094], [1.5231942, 42.5077979], [1.5229605, 42.5077751], [1.5227259, 42.5077547], [1.5224914, 42.5077343], [1.5222568, 42.5077139], [1.5220349, 42.5077441], [1.52186, 42.5076185], [1.5216707, 42.5075165], [1.5214356, 42.5075192], [1.5212003, 42.5075118], [1.5209649, 42.5075044], [1.5207296, 42.507497], [1.5205047, 42.5074405], [1.5202794, 42.5073972], [1.5200446, 42.5074137], [1.51981, 42.5074344]], "mood_vectors": [[0.6985, 0.0546, 0.086, 0.0404, 0.0286, 0.0438, 0.0481], [0.7729, 0.0193, 0.0494, 0.0535, 0.0249, 0.0253, 0.0548], [0.694, 0.0589, 0.0495, 0.0422, 0.0603, 0.0359, 0.0592], [0.7209, 0.019, 0.0216, 0.0776, 0.0508, 0.0342, 0.0757], [0.7007, 0.0318, 0.0138, 0.0702, 0.0858, 0.0227, 0.0751], [0.7002, 0.0484, 0.0515, 0.0468, 0.0393, 0.0755, 0.0382], [0.6765, 0.0377, 0.0353, 0.0743, 0.0789, 0.0237, 0.0736], [0.7116, 0.0431, 0.0721, 0.0382, 0.0671, 0.0185, 0.0495], [0.7705, 0.0546, 0.037, 0.0739, 0.0316, 0.0136, 0.0188], [0.7116, 0.0191, 0.0858, 0.0739, 0.0373, 0.0264, 0.0459], [0.7045, 0.037, 0.0756, 0.0635, 0.0299, 0.0335, 0.056], [0.7098, 0.0771, 0.0241, 0.0276, 0.0336, 0.057, 0.0708], [0.7189, 0.0615, 0.0726, 0.0325, 0.022, 0.0653, 0.0271], [0.6976, 0.0945, 0.0287, 0.031, 0.0159, 0.0676, 0.0647], [0.7071, 0.0695, 0.0591, 0.0485, 0.023, 0.0177, 0.0752], [0.7161, 0.0409, 0.0522, 0.0728, 0.0259, 0.0269, 0.0651], [0.694, 0.0131, 0.0373, 0.0753, 0.0683, 0.0436, 0.0684], [0.6975, 0.078, 0.0355, 0.0449, 0.028, 0.0474, 0.0688], [0.7406, 0.0272, 0.0588, 0.0534, 0.0178, 0.0467, 0.0555], [0.709, 0.0519, 0.0412, 0.0651, 0.0704, 0.0488, 0.0136], [0.6525, 0.06, 0.0594, 0.0329, 0.0443, 0.0831, 0.0679], [0.6557, 0.0702, 0.0803, 0.0945, 0.0405, 0.0174, 0.0413], [0.6494, 0.0707, 0.0199, 0.0503, 0.0626, 0.0622, 0.0849], [0.7532, 0.0435, 0.0453, 0.0432, 0.0216, 0.0719, 0.0212], [0.6767, 0.0646, 0.0657, 0.0838, 0.0317, 0.0446, 0.0329], [0.7138, 0.0737, 0.0178, 0.0485, 0.0825, 0.0299, 0.0339], [0.675, 0.0168, 0.0376, 0.0786, 0.0833, 0.0344, 0.0743], [0.7243, 0.0379, 0.0704, 0.0478, 0.0524, 0.0143, 0.053], [0.7187, 0.0645, 0.0307, 0.0207, 0.08, 0.0394, 0.046], [0.7869, 0.0192, 0.0231, 0.0617, 0.024, 0.0442, 0.0408], [0.6821, 0.036, 0.0336, 0.0712, 0.0447, 0.0734, 0.059], [0.7257, 0.0701, 0.0684, 0.0523, 0.0209, 0.0487, 0.014], [0.7047, 0.0498, 0.0836, 0.0155, 0.0278, 0.0634, 0.0552], [0.6579, 0.0588, 0.0841, 0.0812, 0.0331, 0.0602, 0.0248], [0.7552, 0.0414, 0.0367, 0.0591, 0.0215, 0.0297, 0.0565], [0.7004, 0.0617, 0.0194, 0.0677, 0.0565, 0.0413, 0.053], [0.6278, 0.0832, 0.0618, 0.0839, 0.058, 0.0571, 0.0281], [0.7236, 0.0285, 0.0673, 0.0129, 0.0763, 0.0124, 0.079], [0.6976, 0.0474, 0.044, 0.0756, 0.0719, 0.0361, 0.0274], [0.7449, 0.0216, 0.0451, 0.0372, 0.043, 0.032, 0.0763], [0.7101, 0.0677, 0.0377, 0.0492, 0.026, 0.0493, 0.0601], [0.6979, 0.0427, 0.0785, 0.033, 0.0801, 0.0302, 0.0376], [0.6147, 0.0674, 0.0746, 0.047, 0.0686, 0.0563, 0.0714], [0.7813, 0.0381, 0.0445, 0.0343, 0.0432, 0.0185, 0.04], [0.7183, 0.0536, 0.0359, 0.0397, 0.0505, 0.0744, 0.0277], [0.7095, 0.0184, 0.0508, 0.0619, 0.0611, 0.0327, 0.0657], [0.7523, 0.0462, 0.0481, 0.0133, 0.0464, 0.0195, 0.0743], [0.6619, 0.0429, 0.0842, 0.0189, 0.0816, 0.0504, 0.06], [0.7048, 0.0756, 0.0283, 0.019, 0.0202, 0.0767, 0.0754], [0.6697, 0.0176, 0.084, 0.0478, 0.0319, 0.0649, 0.0841], [0.7549, 0.0423, 0.0675, 0.031, 0.0584, 0.0162, 0.0297], [0.6995, 0.0734, 0.084, 0.0188, 0.0414, 0.0412, 0.0418], [0.6754, 0.0473, 0.0325, 0.0442, 0.0459, 0.0905, 0.0641], [0.666, 0.075, 0.0676, 0.0662, 0.0353, 0.0477, 0.0421], [0.7349, 0.0698, 0.0139, 0.0491, 0.0618, 0.0564, 0.0141], [0.7082, 0.0217, 0.0629, 0.0645, 0.0782, 0.0418, 0.0228], [0.6738, 0.0498, 0.0174, 0.0611, 0.0668, 0.0745, 0.0567], [0.6857, 0.099, 0.0906, 0.0302, 0.0232, 0.0223, 0.0491], [0.6841, 0.0657, 0.0581, 0.0526, 0.0556, 0.0271, 0.0568], [0.6813, 0.0577, 0.06, 0.0233, 0.0286, 0.0839, 0.0652], [0.6345, 0.0654, 0.0607, 0.0714, 0.0642, 0.0408, 0.0631], [0.7026, 0.0631, 0.0281, 0.0766, 0.0794, 0.0236, 0.0267], [0.7496, 0.0323, 0.0195, 0.0666, 0.0509, 0.0263, 0.0548], [0.635, 0.0601, 0.0504, 0.0756, 0.0701, 0.0565, 0.0523], [0.601, 0.0795, 0.0653, 0.0498, 0.0247, 0.092, 0.0877], [0.7534, 0.0716, 0.0148, 0.0501, 0.0231, 0.0281, 0.0588], [0.761, 0.0393, 0.0513, 0.0557, 0.0149, 0.0331, 0.0448], [0.7314, 0.0262, 0.0688, 0.0341, 0.0362, 0.0614, 0.042], [0.7384, 0.0506, 0.0746, 0.0464, 0.0181, 0.0458, 0.026], [0.6027, 0.0733, 0.0509, 0.085, 0.0476, 0.0788, 0.0617], [0.6355, 0.0284, 0.0855, 0.0717, 0.0214, 0.0801, 0.0774], [0.6911, 0.049, 0.0322, 0.0858, 0.0708, 0.0147, 0.0564], [0.6773, 0.0605, 0.0715, 0.0193, 0.0612, 0.0653, 0.0448], [0.6843, 0.0291, 0.0588, 0.0524, 0.0599, 0.0436, 0.072], [0.6636, 0.0723, 0.0372, 0.0411, 0.074, 0.0611, 0.0507], [0.5813, 0.0823, 0.0743, 0.0293, 0.0877, 0.0778, 0.0673], [0.7027, 0.0725, 0.0228, 0.0542, 0.0736, 0.0393, 0.035], [0.7235, 0.0438, 0.0144, 0.0523, 0.0767, 0.0729, 0.0164], [0.6025, 0.0714, 0.0893, 0.0583, 0.0621, 0.0966, 0.0197], [0.7303, 0.0391, 0.021, 0.0799, 0.0176, 0.0524, 0.0597]], "emotions": ["red", "red", "red", "red", "red", "red", "red", "red", "red", "red", "red", "red", "red", "red", "red", "red", "red", "red", "red", "red", "red", "red", "red", "red", "red", "red", "red", "red", "red", "red", "red", "red", "red", "red", "red", "red", "red", "red", "red", "red", "red", "red", "red", "red", "red", "red", "red", "red", "red", "red", "red", "red", "red", "red", "red", "red", "red", "red", "red", "red", "red", "red", "red", "red", "red", "red", "red", "red", "red", "red", "red", "red", "red", "red", "red", "red", "red", "red", "red", "red"], "timestamps": [0, 40, 80, 120, 160, 200, 240, 280, 320, 360, 400, 440, 480, 520, 560, 600, 640, 680, 720, 760, 800, 840, 880, 920, 960, 1000, 1040, 1080, 1120, 1160, 1200, 1240, 1280, 1320, 1360, 1400, 1440, 1480, 1520, 1560, 1600, 1640, 1680, 1720, 1760, 1800, 1840, 1880, 1920, 1960, 2000, 2040, 2080, 2120, 2160, 2200, 2240, 2280, 2320, 2360, 2400, 2440, 2480, 2520, 2560, 2600, 2640, 2680, 2720, 2760, 2800, 2840, 2880, 2920, 2960, 3000, 3040, 3080, 3120, 3160]}], "conversation": [], "conversation_timestamps": []}