{"agent_id": "agent-orange-553", "type": "orange", "trips": [{"trip_id": 0, "transport_method": "foot", "start_time": 0, "path": [[1.5812449, 42.5350209], [1.5806761, 42.5341501], [1.5804753, 42.5338398], [1.5795477, 42.5333613], [1.5785651, 42.5330116], [1.5775259, 42.5328945], [1.5764921, 42.5327324], [1.5769823, 42.5327919], [1.5777969, 42.5329333], [1.576769, 42.5327372], [1.5757412, 42.5325411], [1.5747134, 42.532345], [1.5753533, 42.5325027], [1.5758592, 42.5324971], [1.5749178, 42.5320402], [1.5739765, 42.5315832], [1.5730352, 42.5311263], [1.573588, 42.5317831], [1.5740675, 42.5321494], [1.5733278, 42.5314093], [1.572588, 42.5306693], [1.5719538, 42.5298431], [1.5711194, 42.5292191], [1.5702825, 42.5285909], [1.5694834, 42.5279893], [1.5703576, 42.5285642], [1.5711738, 42.5292088], [1.5706802, 42.5289456], [1.5698094, 42.5283655], [1.5689385, 42.5277854], [1.5680676, 42.5272054], [1.5677868, 42.527031], [1.5687256, 42.5274903], [1.5686551, 42.527511], [1.5677862, 42.5269279], [1.5669173, 42.5263449], [1.5660499, 42.5257639], [1.565092, 42.5253459], [1.5640978, 42.5250851], [1.5631406, 42.5246906], [1.5622966, 42.5241031], [1.5615905, 42.5233358], [1.5607437, 42.5227216], [1.5598999, 42.5221513], [1.5590393, 42.5215861], [1.5582498, 42.5208997], [1.5575037, 42.5201663], [1.5567998, 42.5194305], [1.556593, 42.5191127], [1.5562235, 42.5186784], [1.5565136, 42.5191602], [1.5557159, 42.518483], [1.555419, 42.5180772], [1.5550992, 42.5180214], [1.5543134, 42.5173304], [1.5538136, 42.5169594], [1.5545398, 42.5177008], [1.5539187, 42.5169475], [1.553423, 42.51605], [1.5529125, 42.5151503], [1.5527265, 42.5141542], [1.552182, 42.5133532], [1.5512754, 42.5128406], [1.5504708, 42.512198], [1.5495246, 42.5117768], [1.5485099, 42.5115215], [1.5474937, 42.5112729], [1.5465472, 42.5108745], [1.5462399, 42.5099493], [1.5461812, 42.5098937], [1.5453857, 42.5093654], [1.544342, 42.5093016], [1.5433489, 42.5090045], [1.5423164, 42.5088922], [1.5412878, 42.5087469], [1.5405062, 42.5086747], [1.539463, 42.5086738], [1.5387334, 42.5088483], [1.5377996, 42.5087688], [1.5367622, 42.5087165]], "mood_vectors": [[0.0351, 0.0447, 0.0872, 0.0352, 0.6977, 0.0434, 0.0567], [0.0376, 0.0498, 0.0638, 0.035, 0.6827, 0.0747, 0.0564], [0.0727, 0.0533, 0.0715, 0.0552, 0.6356, 0.0728, 0.0388], [0.0831, 0.0643, 0.0758, 0.031, 0.6075, 0.077, 0.0613], [0.0202, 0.041, 0.0631, 0.0226, 0.7763, 0.031, 0.0458], [0.0243, 0.0185, 0.0371, 0.0392, 0.7701, 0.0448, 0.066], [0.0949, 0.0215, 0.0449, 0.0863, 0.6756, 0.0284, 0.0484], [0.0288, 0.0481, 0.049, 0.0723, 0.6855, 0.0702, 0.0462], [0.0671, 0.0454, 0.0494, 0.0279, 0.7054, 0.0784, 0.0264], [0.0233, 0.0299, 0.0871, 0.0699, 0.6859, 0.0326, 0.0714], [0.0544, 0.0192, 0.079, 0.0796, 0.6817, 0.0219, 0.0643], [0.0589, 0.0234, 0.0525, 0.0655, 0.6677, 0.0621, 0.0699], [0.0291, 0.0437, 0.0464, 0.0199, 0.754, 0.0423, 0.0647], [0.0594, 0.0339, 0.0397, 0.0509, 0.716, 0.0279, 0.0722], [0.034, 0.0557, 0.0455, 0.0281, 0.7513, 0.0733, 0.0121], [0.0544, 0.0296, 0.059, 0.0196, 0.7524, 0.0169, 0.0681], [0.0732, 0.0141, 0.0246, 0.026, 0.7523, 0.0816, 0.0283], [0.0508, 0.0247, 0.0285, 0.0505, 0.7785, 0.042, 0.0251], [0.0807, 0.0373, 0.0341, 0.0298, 0.7293, 0.0655, 0.0232], [0.0188, 0.0146, 0.0323, 0.0479, 0.7761, 0.0198, 0.0905], [0.0403, 0.05, 0.044, 0.0352, 0.7036, 0.0412, 0.0858], [0.0211, 0.0794, 0.0734, 0.0378, 0.6746, 0.0283, 0.0855], [0.0427, 0.0673, 0.0288, 0.0137, 0.6853, 0.0845, 0.0777], [0.0568, 0.0493, 0.0146, 0.0391, 0.7064, 0.0725, 0.0613], [0.0836, 0.0788, 0.0271, 0.0497, 0.7071, 0.0378, 0.0158], [0.0725, 0.0455, 0.0438, 0.0482, 0.7015, 0.0596, 0.0289], [0.0347, 0.0783, 0.0664, 0.0132, 0.7108, 0.0638, 0.0328], [0.0751, 0.0764, 0.0483, 0.0133, 0.6872, 0.046, 0.0536], [0.0785, 0.0487, 0.0573, 0.058, 0.6222, 0.0616, 0.0737], [0.0529, 0.0561, 0.0524, 0.0691, 0.6655, 0.0325, 0.0716], [0.0265, 0.0865, 0.0741, 0.0336, 0.6786, 0.0338, 0.0669], [0.0398, 0.0473, 0.0703, 0.0448, 0.6676, 0.0675, 0.0626], [0.0774, 0.0193, 0.045, 0.0218, 0.7976, 0.0245, 0.0143], [0.0463, 0.039, 0.0176, 0.0215, 0.7709, 0.0398, 0.0648], [0.0685, 0.0788, 0.0294, 0.0329, 0.7008, 0.0396, 0.05], [0.0258, 0.0242, 0.0644, 0.0623, 0.6722, 0.0814, 0.0696], [0.0482, 0.0521, 0.0817, 0.0165, 0.7276, 0.0526, 0.0213], [0.0595, 0.0267, 0.0282, 0.0628, 0.7368, 0.0743, 0.0117], [0.0389, 0.0168, 0.0619, 0.0444, 0.7369, 0.0504, 0.0507], [0.0394, 0.0288, 0.0656, 0.0478, 0.7447, 0.0126, 0.061], [0.0429, 0.0364, 0.065, 0.0183, 0.7113, 0.0578, 0.0683], [0.0452, 0.0617, 0.0277, 0.0782, 0.6369, 0.1007, 0.0496], [0.0723, 0.0177, 0.0217, 0.0166, 0.8336, 0.0248, 0.0133], [0.0675, 0.0655, 0.0237, 0.0333, 0.689, 0.08, 0.041], [0.0276, 0.0619, 0.0758, 0.0402, 0.7342, 0.0353, 0.0249], [0.0645, 0.0438, 0.0205, 0.0822, 0.6691, 0.0493, 0.0707], [0.0766, 0.0507, 0.0302, 0.0215, 0.7195, 0.0351, 0.0663], [0.0632, 0.0716, 0.0568, 0.037, 0.6906, 0.0344, 0.0465], [0.0569, 0.0655, 0.0868, 0.0599, 0.6248, 0.0671, 0.0389], [0.0242, 0.0278, 0.0241, 0.0702, 0.7051, 0.0736, 0.075], [0.0213, 0.0918, 0.056, 0.0282, 0.6705, 0.0589, 0.0733], [0.0806, 0.0684, 0.0243, 0.0589, 0.7161, 0.022, 0.0297], [0.016, 0.0389, 0.0741, 0.0614, 0.714, 0.0609, 0.0346], [0.0436, 0.0581, 0.0727, 0.0427, 0.7039, 0.0353, 0.0438], [0.0648, 0.0672, 0.0538, 0.0917, 0.6769, 0.02, 0.0256], [0.0322, 0.0759, 0.084, 0.0277, 0.6351, 0.065, 0.08], [0.0722, 0.0673, 0.0151, 0.0305, 0.7708, 0.0292, 0.0149], [0.0328, 0.0218, 0.0621, 0.0899, 0.7177, 0.0453, 0.0303], [0.068, 0.0154, 0.0724, 0.0524, 0.6549, 0.0818, 0.0549], [0.0341, 0.0331, 0.0635, 0.0884, 0.6919, 0.0381, 0.0509], [0.065, 0.0417, 0.068, 0.0298, 0.6879, 0.0708, 0.0368], [0.046, 0.0474, 0.0218, 0.1007, 0.7016, 0.038, 0.0445], [0.0172, 0.0386, 0.0365, 0.0618, 0.7394, 0.0667, 0.0398], [0.0232, 0.0158, 0.0251, 0.0984, 0.6776, 0.0618, 0.0981], [0.0545, 0.0425, 0.0332, 0.0698, 0.7136, 0.0676, 0.0188], [0.0758, 0.0227, 0.0785, 0.0206, 0.7467, 0.035, 0.0207], [0.0669, 0.0626, 0.0464, 0.028, 0.7236, 0.0219, 0.0506], [0.061, 0.0341, 0.0507, 0.0566, 0.6611, 0.0621, 0.0743], [0.0326, 0.0494, 0.0809, 0.061, 0.7048, 0.051, 0.0204], [0.0741, 0.0821, 0.0494, 0.0323, 0.619, 0.0772, 0.0659], [0.0728, 0.0851, 0.0307, 0.0401, 0.7141, 0.0221, 0.0352], [0.0726, 0.0683, 0.0444, 0.0388, 0.6729, 0.0815, 0.0215], [0.0369, 0.0755, 0.074, 0.0691, 0.6196, 0.0455, 0.0794], [0.0432, 0.0545, 0.0523, 0.0473, 0.6949, 0.0747, 0.0331], [0.0925, 0.0424, 0.0942, 0.0322, 0.6852, 0.017, 0.0365], [0.0742, 0.0581, 0.0849, 0.025, 0.6391, 0.0762, 0.0425], [0.0823, 0.0462, 0.0305, 0.0383, 0.7005, 0.0682, 0.034], [0.081, 0.0201, 0.0738, 0.0341, 0.7057, 0.0644, 0.0209], [0.0619, 0.0822, 0.0731, 0.0175, 0.6368, 0.065, 0.0636], [0.0527, 0.0287, 0.0167, 0.0498, 0.7533, 0.0576, 0.0412]], "emotions": ["red", "red", "red", "red", "red", "red", "red", "red", "red", "red", "red", "red", "red", "red", "red", "red", "red", "red", "red", "red", "red", "red", "red", "red", "red", "red", "red", "red", "red", "red", "red", "red", "red", "red", "red", "red", "red", "red", "red", "red", "red", "red", "red", "red", "red", "red", "red", "red", "red", "red", "red", "red", "red", "red", "red", "red", "red", "red", "red", "red", "red", "red", "red", "red", "red", "red", "red", "red", "red", "red", "red", "red", "red", "red", "red", "red", "red", "red", "red", "red"], "timestamps": [0, 40, 80, 120, 160, 200, 240, 280, 320, 360, 400, 440, 480, 520, 560, 600, 640, 680, 720, 760, 800, 840, 880, 920, 960, 1000, 1040, 1080, 1120, 1160, 1200, 1240, 1280, 1320, 1360, 1400, 1440, 1480, 1520, 1560, 1600, 1640, 1680, 1720, 1760, 1800, 1840, 1880, 1920, 1960, 2000, 2040, 2080, 2120, 2160, 2200, 2240, 2280, 2320, 2360, 2400, 2440, 2480, 2520, 2560, 2600, 2640, 2680, 2720, 2760, 2800, 2840, 2880, 2920, 2960, 3000, 3040, 3080, 3120, 3160]}], "conversation": [], "conversation_timestamps": []}