{"agent_id": "agent-orange-678", "type": "orange", "trips": [{"trip_id": 0, "transport_method": "foot", "start_time": 0, "path": [[1.5394452, 42.5135884], [1.5393526, 42.5134569], [1.5391973, 42.5134161], [1.5390473, 42.5133557], [1.5389044, 42.5132782], [1.5387523, 42.5132192], [1.5386002, 42.5131602], [1.5384482, 42.5131012], [1.5382961, 42.5130422], [1.5383219, 42.5129614], [1.5383347, 42.5130793], [1.538469, 42.5131718], [1.5386063, 42.5132544], [1.5387352, 42.513354], [1.5388673, 42.5133288], [1.5388737, 42.5132607], [1.5387259, 42.5131917], [1.5385781, 42.5131227], [1.5384303, 42.5130538], [1.5382825, 42.5129848], [1.5382754, 42.5128634], [1.5383721, 42.5127397], [1.5385204, 42.5126726], [1.5384862, 42.5126626], [1.5383244, 42.5126831], [1.5381626, 42.5127037], [1.5380008, 42.5127242], [1.5378383, 42.5127388], [1.5376758, 42.512753], [1.5375185, 42.5127958], [1.5373613, 42.5128394], [1.537204, 42.5128825], [1.537055, 42.5128777], [1.5369215, 42.5127841], [1.5368232, 42.5126585], [1.5367355, 42.5125217], [1.5365827, 42.5124649], [1.5364298, 42.512408], [1.5365435, 42.5123129], [1.5365832, 42.5121696], [1.5365258, 42.5120276], [1.5364122, 42.5119106], [1.5363115, 42.5117823], [1.5362086, 42.5116559], [1.5360882, 42.5115461], [1.5359455, 42.5114756], [1.5357894, 42.5114305], [1.5356409, 42.5113631], [1.5354942, 42.5112919], [1.5353522, 42.5112117], [1.535223, 42.5111144], [1.5350931, 42.5110157], [1.534989, 42.5108908], [1.5349976, 42.5107561], [1.5350826, 42.5106169], [1.5351315, 42.5104647], [1.5351515, 42.5103028], [1.5351716, 42.5101409], [1.5352201, 42.5099859], [1.5352615, 42.5098291], [1.5352806, 42.5096671], [1.5352998, 42.5095052], [1.535319, 42.5093432], [1.5353428, 42.5091822], [1.5353958, 42.509028], [1.5354488, 42.5088737], [1.5355018, 42.5087195], [1.5355376, 42.5085646], [1.5355012, 42.5084065], [1.5355208, 42.5082446], [1.5355405, 42.5080827], [1.5355602, 42.5079207], [1.5356255, 42.5077794], [1.5356543, 42.5076292], [1.5356237, 42.507469], [1.535593, 42.5073088], [1.5355854, 42.5072259], [1.535611, 42.5073853], [1.5356329, 42.5075455], [1.5356687, 42.5077046]], "mood_vectors": [[0.0301, 0.0215, 0.0861, 0.0412, 0.7241, 0.0762, 0.0208], [0.0247, 0.073, 0.0224, 0.0614, 0.681, 0.0738, 0.0637], [0.0829, 0.0434, 0.0453, 0.0714, 0.6544, 0.0601, 0.0424], [0.0467, 0.0422, 0.0857, 0.0509, 0.6726, 0.0309, 0.0711], [0.0439, 0.0571, 0.0676, 0.0691, 0.658, 0.0457, 0.0587], [0.0661, 0.0326, 0.0525, 0.0647, 0.6522, 0.0659, 0.066], [0.072, 0.0528, 0.0801, 0.0133, 0.6962, 0.0652, 0.0206], [0.0457, 0.0708, 0.0394, 0.0754, 0.6808, 0.0243, 0.0635], [0.0449, 0.0574, 0.0549, 0.0716, 0.7211, 0.0221, 0.028], [0.064, 0.0517, 0.0386, 0.0535, 0.6953, 0.0156, 0.0813], [0.0327, 0.0181, 0.0331, 0.0241, 0.7683, 0.0357, 0.088], [0.0521, 0.0755, 0.0457, 0.0683, 0.6877, 0.0168, 0.0539], [0.0393, 0.0798, 0.0466, 0.0696, 0.6849, 0.0185, 0.0614], [0.03, 0.0436, 0.0675, 0.0572, 0.6792, 0.0538, 0.0687], [0.041, 0.0441, 0.0494, 0.0905, 0.713, 0.0152, 0.0468], [0.0215, 0.0762, 0.0365, 0.0211, 0.7518, 0.0702, 0.0227], [0.0208, 0.0525, 0.0329, 0.0365, 0.7462, 0.0394, 0.0716], [0.0166, 0.0253, 0.0302, 0.0414, 0.8034, 0.066, 0.017], [0.0904, 0.0513, 0.016, 0.0168, 0.6926, 0.054, 0.0789], [0.0318, 0.0675, 0.0526, 0.0329, 0.7182, 0.0453, 0.0517], [0.0759, 0.0284, 0.0517, 0.0733, 0.6456, 0.0669, 0.0582], [0.0926, 0.0199, 0.078, 0.0545, 0.6795, 0.0187, 0.0568], [0.0274, 0.0342, 0.0304, 0.0256, 0.7068, 0.0841, 0.0916], [0.0866, 0.028, 0.0463, 0.049, 0.6793, 0.0669, 0.0439], [0.0276, 0.0658, 0.0449, 0.0763, 0.6462, 0.0782, 0.0609], [0.0346, 0.0846, 0.0818, 0.0411, 0.6163, 0.057, 0.0845], [0.031, 0.0647, 0.0809, 0.0639, 0.6964, 0.0494, 0.0137], [0.0656, 0.0321, 0.0202, 0.0748, 0.7053, 0.0463, 0.0557], [0.0263, 0.0796, 0.026, 0.0833, 0.7038, 0.0624, 0.0186], [0.0271, 0.0208, 0.0512, 0.0399, 0.7953, 0.039, 0.0267], [0.0342, 0.034, 0.0656, 0.0768, 0.7279, 0.0324, 0.0291], [0.0293, 0.0578, 0.0477, 0.0712, 0.7385, 0.0436, 0.0119], [0.0191, 0.0411, 0.0654, 0.0729, 0.7135, 0.0222, 0.0658], [0.0647, 0.0418, 0.0215, 0.0546, 0.7222, 0.0759, 0.0194], [0.0785, 0.0624, 0.032, 0.0492, 0.6463, 0.0856, 0.0461], [0.0435, 0.0157, 0.0389, 0.0893, 0.6393, 0.0868, 0.0864], [0.0486, 0.0626, 0.0734, 0.0583, 0.6933, 0.0219, 0.042], [0.0302, 0.0785, 0.0149, 0.0427, 0.7404, 0.0689, 0.0244], [0.0403, 0.0512, 0.0776, 0.0222, 0.6971, 0.06, 0.0515], [0.0407, 0.0523, 0.0638, 0.07, 0.6918, 0.0586, 0.0227], [0.0777, 0.0732, 0.0661, 0.0143, 0.653, 0.0675, 0.0482], [0.044, 0.0593, 0.0123, 0.0683, 0.7013, 0.078, 0.0368], [0.0555, 0.0253, 0.0865, 0.0137, 0.7688, 0.0153, 0.0351], [0.0723, 0.0679, 0.0169, 0.0641, 0.6631, 0.0451, 0.0705], [0.0656, 0.0123, 0.0571, 0.0649, 0.7068, 0.031, 0.0622], [0.0458, 0.0765, 0.0337, 0.0455, 0.7169, 0.0439, 0.0376], [0.0117, 0.0571, 0.0523, 0.0309, 0.7251, 0.0758, 0.0472], [0.0522, 0.0529, 0.0159, 0.07, 0.7639, 0.0268, 0.0183], [0.0227, 0.0529, 0.0438, 0.0396, 0.786, 0.0142, 0.0409], [0.0287, 0.0341, 0.0272, 0.0944, 0.7502, 0.0379, 0.0275], [0.0253, 0.0286, 0.0821, 0.0361, 0.725, 0.0339, 0.0691], [0.0153, 0.0571, 0.0737, 0.036, 0.728, 0.0262, 0.0637], [0.0155, 0.056, 0.0335, 0.0385, 0.7261, 0.0597, 0.0707], [0.0844, 0.0704, 0.0465, 0.079, 0.581, 0.0605, 0.0782], [0.0239, 0.0193, 0.0605, 0.0401, 0.7406, 0.0749, 0.0406], [0.0753, 0.0437, 0.0438, 0.0411, 0.752, 0.0111, 0.0331], [0.0444, 0.0259, 0.0599, 0.0204, 0.7797, 0.0127, 0.0571], [0.0302, 0.0227, 0.0456, 0.0638, 0.6934, 0.0584, 0.0858], [0.046, 0.0247, 0.0558, 0.0808, 0.6439, 0.0872, 0.0615], [0.0264, 0.0588, 0.0483, 0.0372, 0.6968, 0.07, 0.0625], [0.0564, 0.0621, 0.0164, 0.0148, 0.7546, 0.0323, 0.0634], [0.0551, 0.0445, 0.0852, 0.0624, 0.6991, 0.0152, 0.0384], [0.025, 0.0548, 0.0471, 0.0757, 0.695, 0.0521, 0.0503], [0.055, 0.0445, 0.0278, 0.0398, 0.7585, 0.0275, 0.0469], [0.0181, 0.072, 0.0783, 0.0633, 0.7313, 0.0176, 0.0194], [0.0331, 0.0886, 0.0592, 0.0697, 0.6189, 0.0457, 0.0848], [0.0435, 0.0644, 0.0556, 0.0266, 0.6399, 0.0798, 0.0901], [0.0606, 0.0508, 0.0482, 0.0759, 0.7056, 0.0339, 0.0249], [0.0453, 0.0205, 0.0319, 0.0724, 0.7471, 0.017, 0.0657], [0.0365, 0.0527, 0.0472, 0.017, 0.7377, 0.0587, 0.0503], [0.0269, 0.06, 0.0644, 0.0631, 0.6515, 0.0474, 0.0867], [0.0313, 0.033, 0.0473, 0.0227, 0.8125, 0.0201, 0.0329], [0.0345, 0.0617, 0.0537, 0.0339, 0.7084, 0.0639, 0.0439], [0.0414, 0.0601, 0.0674, 0.0504, 0.6439, 0.0691, 0.0677], [0.0816, 0.0745, 0.0488, 0.0277, 0.6446, 0.0555, 0.0673], [0.0566, 0.0313, 0.0761, 0.0625, 0.6256, 0.0657, 0.0821], [0.0671, 0.052, 0.0588, 0.0274, 0.6964, 0.0298, 0.0685], [0.0447, 0.0673, 0.0359, 0.0211, 0.7305, 0.0791, 0.0214], [0.0346, 0.0687, 0.0359, 0.0647, 0.7344, 0.0283, 0.0334], [0.0368, 0.0726, 0.0595, 0.0238, 0.7066, 0.0573, 0.0433]], "emotions": ["red", "red", "red", "red", "red", "red", "red", "red", "red", "red", "red", "red", "red", "red", "red", "red", "red", "red", "red", "red", "red", "red", "red", "red", "red", "red", "red", "red", "red", "red", "red", "red", "red", "red", "red", "red", "red", "red", "red", "red", "red", "red", "red", "red", "red", "red", "red", "red", "red", "red", "red", "red", "red", "red", "red", "red", "red", "red", "red", "red", "red", "red", "red", "red", "red", "red", "red", "red", "red", "red", "red", "red", "red", "red", "red", "red", "red", "red", "red", "red"], "timestamps": [0, 40, 80, 120, 160, 200, 240, 280, 320, 360, 400, 440, 480, 520, 560, 600, 640, 680, 720, 760, 800, 840, 880, 920, 960, 1000, 1040, 1080, 1120, 1160, 1200, 1240, 1280, 1320, 1360, 1400, 1440, 1480, 1520, 1560, 1600, 1640, 1680, 1720, 1760, 1800, 1840, 1880, 1920, 1960, 2000, 2040, 2080, 2120, 2160, 2200, 2240, 2280, 2320, 2360, 2400, 2440, 2480, 2520, 2560, 2600, 2640, 2680, 2720, 2760, 2800, 2840, 2880, 2920, 2960, 3000, 3040, 3080, 3120, 3160]}], "conversation": [], "conversation_timestamps": []}