{"agent_id": "agent-orange-1458", "type": "orange", "trips": [{"trip_id": 0, "transport_method": "foot", "start_time": 0, "path": [[1.5276682, 42.5076791], [1.5276385, 42.5076813], [1.5276087, 42.5076835], [1.527579, 42.5076857], [1.5275492, 42.5076879], [1.5275195, 42.5076901], [1.5274898, 42.5076923], [1.52746, 42.5076945], [1.5274303, 42.5076967], [1.5274005, 42.5076989], [1.5273708, 42.5077011], [1.527341, 42.5077033], [1.5273113, 42.5077055], [1.5272816, 42.5077077], [1.5272518, 42.5077099], [1.5272221, 42.5077121], [1.5271923, 42.5077144], [1.5271626, 42.5077166], [1.5271329, 42.5077188], [1.5271031, 42.507721], [1.5270734, 42.5077232], [1.5270436, 42.5077254], [1.5270139, 42.5077276], [1.5269842, 42.5077298], [1.5269544, 42.507732], [1.5269247, 42.5077342], [1.5268949, 42.5077364], [1.5268652, 42.5077386], [1.5268355, 42.5077408], [1.5268057, 42.507743], [1.526776, 42.5077452], [1.5267462, 42.5077475], [1.5267165, 42.5077497], [1.5266867, 42.5077519], [1.526657, 42.5077541], [1.5266273, 42.5077563], [1.5265975, 42.5077585], [1.5265678, 42.5077607], [1.526538, 42.5077629], [1.5265083, 42.5077651], [1.5264786, 42.5077673], [1.5264488, 42.5077695], [1.5264191, 42.5077717], [1.52639, 42.5077782], [1.5263609, 42.5077847], [1.5263318, 42.5077912], [1.5263027, 42.5077977], [1.5262736, 42.5078043], [1.5262445, 42.5078108], [1.5262154, 42.5078173], [1.5261863, 42.5078238], [1.5261572, 42.5078303], [1.5261281, 42.5078369], [1.526099, 42.5078434], [1.5260698, 42.5078499], [1.5260407, 42.5078564], [1.5260116, 42.5078629], [1.5259825, 42.5078695], [1.5259551, 42.5078614], [1.5259298, 42.507846], [1.525906, 42.507828], [1.5258822, 42.5078099], [1.5258585, 42.5077919], [1.5258347, 42.5077739], [1.525811, 42.5077559], [1.5257872, 42.5077379], [1.5257634, 42.5077198], [1.5257397, 42.5077018], [1.5257159, 42.5076838], [1.5256921, 42.5076658], [1.5256684, 42.5076478], [1.5256446, 42.5076298], [1.5256208, 42.5076117], [1.5255971, 42.5075937], [1.5255733, 42.5075757], [1.5255496, 42.5075577], [1.5255258, 42.5075397], [1.525502, 42.5075216], [1.5254783, 42.5075036], [1.5254545, 42.5074856]], "mood_vectors": [[0.0569, 0.0284, 0.0756, 0.072, 0.7077, 0.0395, 0.0199], [0.0258, 0.0531, 0.0811, 0.0506, 0.7007, 0.0537, 0.0349], [0.0728, 0.0454, 0.0404, 0.019, 0.7269, 0.0618, 0.0338], [0.0904, 0.0223, 0.0849, 0.0145, 0.7137, 0.0541, 0.0201], [0.0471, 0.0662, 0.0457, 0.0642, 0.7272, 0.0316, 0.0179], [0.0513, 0.0546, 0.0296, 0.0316, 0.6808, 0.0736, 0.0784], [0.0487, 0.033, 0.0473, 0.0512, 0.7576, 0.018, 0.0442], [0.0608, 0.0605, 0.0758, 0.0277, 0.7085, 0.0158, 0.0509], [0.0807, 0.054, 0.0573, 0.0397, 0.6541, 0.036, 0.0783], [0.0601, 0.0652, 0.063, 0.0272, 0.7034, 0.0215, 0.0596], [0.0696, 0.0191, 0.0514, 0.064, 0.6776, 0.0677, 0.0506], [0.0274, 0.0745, 0.0459, 0.0144, 0.6991, 0.0611, 0.0775], [0.072, 0.0732, 0.0504, 0.0385, 0.6739, 0.0611, 0.0308], [0.0311, 0.0161, 0.0387, 0.025, 0.8089, 0.0573, 0.0229], [0.0242, 0.022, 0.0622, 0.064, 0.709, 0.0387, 0.08], [0.0614, 0.0945, 0.0482, 0.0166, 0.6599, 0.0855, 0.0339], [0.0467, 0.0595, 0.0145, 0.0532, 0.7418, 0.0571, 0.0272], [0.0503, 0.0235, 0.062, 0.0238, 0.7504, 0.0562, 0.0337], [0.0517, 0.0242, 0.0725, 0.0727, 0.733, 0.0128, 0.033], [0.0804, 0.0453, 0.0225, 0.0257, 0.7117, 0.0532, 0.0613], [0.025, 0.0605, 0.0565, 0.0719, 0.7073, 0.0495, 0.0293], [0.0292, 0.0206, 0.0236, 0.0635, 0.7687, 0.0183, 0.0762], [0.0614, 0.0328, 0.0667, 0.0252, 0.7509, 0.0432, 0.0198], [0.079, 0.0157, 0.0764, 0.0382, 0.7249, 0.0181, 0.0476], [0.0282, 0.0403, 0.0707, 0.0461, 0.672, 0.0567, 0.0858], [0.0257, 0.0422, 0.0317, 0.0599, 0.7186, 0.091, 0.0309], [0.0587, 0.0655, 0.0146, 0.0429, 0.6924, 0.0682, 0.0577], [0.0296, 0.0231, 0.0715, 0.0824, 0.6812, 0.0198, 0.0925], [0.0363, 0.0384, 0.0693, 0.0359, 0.7374, 0.0706, 0.0121], [0.0555, 0.0424, 0.0695, 0.0523, 0.7459, 0.02, 0.0142], [0.0391, 0.0487, 0.0704, 0.0934, 0.621, 0.0364, 0.0911], [0.0482, 0.0232, 0.072, 0.0266, 0.6953, 0.065, 0.0698], [0.0516, 0.0686, 0.0534, 0.0286, 0.6815, 0.0377, 0.0785], [0.045, 0.0732, 0.0676, 0.0724, 0.6226, 0.0348, 0.0844], [0.086, 0.0752, 0.0291, 0.0207, 0.6868, 0.0372, 0.065], [0.0231, 0.0575, 0.0208, 0.0759, 0.702, 0.0638, 0.0569], [0.0456, 0.072, 0.0274, 0.0504, 0.715, 0.0126, 0.077], [0.0691, 0.0278, 0.0586, 0.024, 0.702, 0.058, 0.0604], [0.0171, 0.0246, 0.063, 0.0651, 0.6981, 0.0739, 0.0582], [0.018, 0.0384, 0.0798, 0.0758, 0.6734, 0.0904, 0.0241], [0.0269, 0.0411, 0.0562, 0.0152, 0.7852, 0.0229, 0.0527], [0.0288, 0.0666, 0.0333, 0.0244, 0.7193, 0.0323, 0.0953], [0.0396, 0.044, 0.018, 0.0843, 0.6581, 0.0884, 0.0677], [0.0513, 0.0614, 0.0629, 0.0314, 0.6489, 0.0803, 0.0638], [0.0209, 0.0462, 0.0523, 0.0667, 0.717, 0.0772, 0.0197], [0.0619, 0.0401, 0.0528, 0.0665, 0.6688, 0.0397, 0.0702], [0.0326, 0.0525, 0.0417, 0.0273, 0.7136, 0.0752, 0.0572], [0.0361, 0.0295, 0.0744, 0.0159, 0.714, 0.0751, 0.0551], [0.047, 0.0155, 0.0482, 0.0583, 0.7461, 0.0236, 0.0613], [0.0431, 0.0403, 0.0562, 0.0571, 0.6883, 0.0678, 0.0471], [0.0315, 0.0163, 0.0898, 0.0535, 0.6991, 0.0598, 0.0499], [0.0743, 0.0652, 0.0269, 0.0504, 0.6756, 0.0232, 0.0843], [0.0593, 0.0543, 0.0167, 0.0474, 0.778, 0.0309, 0.0134], [0.0307, 0.0508, 0.0453, 0.0271, 0.7288, 0.0675, 0.0499], [0.1003, 0.0232, 0.0684, 0.0438, 0.6782, 0.0507, 0.0354], [0.0479, 0.0734, 0.0703, 0.0548, 0.6475, 0.0383, 0.0677], [0.0187, 0.0691, 0.0821, 0.0145, 0.7086, 0.0603, 0.0467], [0.0162, 0.0134, 0.0631, 0.0433, 0.6904, 0.086, 0.0877], [0.0189, 0.0197, 0.1006, 0.0394, 0.67, 0.0785, 0.0728], [0.0196, 0.0722, 0.0802, 0.0655, 0.7082, 0.041, 0.0133], [0.0382, 0.0614, 0.0831, 0.0216, 0.6708, 0.0619, 0.0629], [0.0276, 0.039, 0.0454, 0.0411, 0.7099, 0.0691, 0.068], [0.0278, 0.0571, 0.0769, 0.0497, 0.7025, 0.0234, 0.0627], [0.0344, 0.062, 0.021, 0.0694, 0.7235, 0.0143, 0.0755], [0.0716, 0.0367, 0.0348, 0.0629, 0.7393, 0.0303, 0.0245], [0.0174, 0.0241, 0.0358, 0.057, 0.7351, 0.0588, 0.0718], [0.0606, 0.0439, 0.0137, 0.029, 0.7703, 0.0677, 0.0147], [0.0348, 0.0414, 0.0508, 0.0663, 0.7652, 0.0196, 0.022], [0.0677, 0.0481, 0.0262, 0.069, 0.6482, 0.0653, 0.0755], [0.0511, 0.0321, 0.063, 0.0497, 0.7666, 0.0155, 0.0221], [0.0136, 0.0341, 0.0297, 0.0127, 0.8179, 0.0334, 0.0586], [0.0294, 0.0849, 0.0312, 0.0393, 0.7291, 0.0599, 0.0262], [0.0832, 0.0579, 0.0773, 0.0452, 0.6064, 0.055, 0.075], [0.0412, 0.0373, 0.0379, 0.0526, 0.7147, 0.0504, 0.0659], [0.0911, 0.0617, 0.0258, 0.0831, 0.6477, 0.0383, 0.0523], [0.0538, 0.0608, 0.0706, 0.0571, 0.6925, 0.0258, 0.0394], [0.071, 0.061, 0.0467, 0.0409, 0.6423, 0.0703, 0.0678], [0.0798, 0.0142, 0.0337, 0.0411, 0.7035, 0.0555, 0.0722], [0.0671, 0.0701, 0.0349, 0.0379, 0.7363, 0.0366, 0.0171], [0.0425, 0.0224, 0.0778, 0.0177, 0.7532, 0.0529, 0.0334]], "emotions": ["red", "red", "red", "red", "red", "red", "red", "red", "red", "red", "red", "red", "red", "red", "red", "red", "red", "red", "red", "red", "red", "red", "red", "red", "red", "red", "red", "red", "red", "red", "red", "red", "red", "red", "red", "red", "red", "red", "red", "red", "red", "red", "red", "red", "red", "red", "red", "red", "red", "red", "red", "red", "red", "red", "red", "red", "red", "red", "red", "red", "red", "red", "red", "red", "red", "red", "red", "red", "red", "red", "red", "red", "red", "red", "red", "red", "red", "red", "red", "red"], "timestamps": [0, 40, 80, 120, 160, 200, 240, 280, 320, 360, 400, 440, 480, 520, 560, 600, 640, 680, 720, 760, 800, 840, 880, 920, 960, 1000, 1040, 1080, 1120, 1160, 1200, 1240, 1280, 1320, 1360, 1400, 1440, 1480, 1520, 1560, 1600, 1640, 1680, 1720, 1760, 1800, 1840, 1880, 1920, 1960, 2000, 2040, 2080, 2120, 2160, 2200, 2240, 2280, 2320, 2360, 2400, 2440, 2480, 2520, 2560, 2600, 2640, 2680, 2720, 2760, 2800, 2840, 2880, 2920, 2960, 3000, 3040, 3080, 3120, 3160]}], "conversation": [], "conversation_timestamps": []}