{"agent_id": "agent-red-1346", "type": "red", "trips": [{"trip_id": 0, "transport_method": "car", "start_time": 0, "path": [[1.5377474, 42.5568715], [1.5377062, 42.5570604], [1.5375639, 42.5572443], [1.5374144, 42.5570761], [1.5374572, 42.5570983], [1.5375109, 42.5572405], [1.537282, 42.5572001], [1.537053, 42.5571597], [1.5368246, 42.5571164], [1.5365971, 42.5570685], [1.5363975, 42.5569544], [1.5361891, 42.5568794], [1.535957, 42.5568712], [1.5357247, 42.5568613], [1.5354923, 42.5568541], [1.53526, 42.5568455], [1.5350583, 42.556747], [1.5348579, 42.5566323], [1.5346601, 42.5565207], [1.534481, 42.5563981], [1.53425, 42.556425], [1.5340234, 42.5564718], [1.533793, 42.5565032], [1.5335626, 42.5565347], [1.5334713, 42.5567159], [1.5332406, 42.5567061], [1.5330137, 42.5566599], [1.5327868, 42.5567083], [1.532646, 42.5568865], [1.5325485, 42.5570976], [1.5325286, 42.5573274], [1.532533, 42.5575599], [1.5325413, 42.5577922], [1.5325455, 42.5580246], [1.5325199, 42.5582547], [1.5324669, 42.5584802], [1.5323737, 42.5586928], [1.5322493, 42.5588892], [1.5321098, 42.5590747], [1.5319614, 42.5592536], [1.5318149, 42.5594341], [1.5316725, 42.5596179], [1.531528, 42.5597999], [1.5313766, 42.5599762], [1.5312397, 42.5601641], [1.5311379, 42.5603731], [1.5310396, 42.5605838], [1.5309118, 42.560776], [1.530756, 42.5609474], [1.5305666, 42.5610807], [1.5303595, 42.5611864], [1.5301545, 42.5612959], [1.5299466, 42.5613998], [1.5297561, 42.5615312], [1.5295945, 42.5616968], [1.5294769, 42.5618964], [1.5293725, 42.5621039], [1.5292607, 42.5623066], [1.5290977, 42.5624707], [1.5289058, 42.5625996], [1.5287218, 42.5627405], [1.5285117, 42.5628367], [1.5282963, 42.5629242], [1.5280802, 42.5630099], [1.5278634, 42.563094], [1.5276454, 42.5631747], [1.5274237, 42.5632447], [1.5275222, 42.5634151], [1.5276001, 42.5636211], [1.5276001, 42.5638536], [1.5274508, 42.56403], [1.5273563, 42.5642362], [1.5274571, 42.5644305], [1.5275987, 42.5646125], [1.5274644, 42.5646276], [1.5272648, 42.5646992], [1.5271977, 42.5649203], [1.5270409, 42.5650675], [1.5268604, 42.5652112], [1.5267316, 42.5654047]], "mood_vectors": [[0.6754, 0.0701, 0.0214, 0.0987, 0.0147, 0.0317, 0.088], [0.7304, 0.0309, 0.0392, 0.099, 0.0315, 0.022, 0.047], [0.7335, 0.062, 0.0132, 0.0253, 0.0737, 0.0189, 0.0734], [0.6577, 0.0593, 0.0556, 0.0643, 0.0599, 0.0437, 0.0595], [0.6146, 0.0669, 0.0383, 0.0533, 0.0881, 0.0864, 0.0524], [0.6575, 0.0779, 0.0567, 0.0326, 0.0558, 0.0681, 0.0514], [0.7249, 0.0538, 0.051, 0.0544, 0.044, 0.0419, 0.0302], [0.6949, 0.0408, 0.0347, 0.0665, 0.0536, 0.0374, 0.0721], [0.736, 0.0779, 0.0593, 0.0384, 0.0516, 0.0205, 0.0162], [0.5649, 0.0674, 0.0541, 0.0713, 0.0858, 0.0741, 0.0825], [0.7125, 0.0198, 0.0687, 0.0456, 0.0243, 0.085, 0.0441], [0.7029, 0.0552, 0.0786, 0.0514, 0.0376, 0.0255, 0.0489], [0.7049, 0.0201, 0.0339, 0.0455, 0.0699, 0.0479, 0.0777], [0.7181, 0.0251, 0.0469, 0.0626, 0.0179, 0.0568, 0.0724], [0.6863, 0.0831, 0.0361, 0.0659, 0.056, 0.024, 0.0487], [0.6897, 0.0267, 0.0459, 0.0417, 0.0644, 0.05, 0.0816], [0.7387, 0.0458, 0.035, 0.0497, 0.0332, 0.0771, 0.0205], [0.6534, 0.0706, 0.0253, 0.0631, 0.069, 0.049, 0.0697], [0.6772, 0.0363, 0.0766, 0.0168, 0.0814, 0.0667, 0.045], [0.7136, 0.0127, 0.0581, 0.0196, 0.0511, 0.0739, 0.071], [0.6363, 0.0727, 0.0843, 0.0256, 0.0188, 0.0829, 0.0794], [0.7297, 0.0437, 0.0884, 0.0183, 0.0431, 0.0524, 0.0244], [0.7807, 0.0159, 0.0133, 0.0755, 0.0228, 0.0275, 0.0642], [0.7268, 0.0303, 0.0518, 0.0477, 0.0244, 0.0578, 0.0611], [0.7342, 0.0506, 0.0234, 0.046, 0.0266, 0.0735, 0.0456], [0.772, 0.0156, 0.0644, 0.0818, 0.0139, 0.0289, 0.0233], [0.716, 0.0287, 0.0496, 0.0333, 0.0166, 0.0572, 0.0986], [0.8224, 0.0323, 0.0272, 0.033, 0.0317, 0.0157, 0.0377], [0.685, 0.0634, 0.0459, 0.0334, 0.0679, 0.0406, 0.0638], [0.6685, 0.0667, 0.0794, 0.079, 0.0257, 0.0537, 0.027], [0.707, 0.0323, 0.0156, 0.0211, 0.0799, 0.1, 0.0439], [0.5949, 0.0812, 0.034, 0.0585, 0.0771, 0.0718, 0.0824], [0.703, 0.0657, 0.061, 0.0138, 0.0686, 0.0265, 0.0614], [0.6911, 0.0328, 0.0788, 0.0176, 0.0836, 0.0665, 0.0297], [0.6818, 0.0584, 0.0692, 0.0285, 0.0266, 0.0619, 0.0736], [0.8294, 0.0229, 0.016, 0.0327, 0.0432, 0.0335, 0.0223], [0.6889, 0.0948, 0.029, 0.0865, 0.0187, 0.0434, 0.0386], [0.6274, 0.0287, 0.0826, 0.0394, 0.0747, 0.0751, 0.0719], [0.6776, 0.0197, 0.0244, 0.0588, 0.0826, 0.0982, 0.0387], [0.7159, 0.0179, 0.0907, 0.0354, 0.0567, 0.0439, 0.0396], [0.6755, 0.0592, 0.0825, 0.0526, 0.0536, 0.021, 0.0557], [0.7392, 0.0145, 0.0633, 0.0405, 0.0757, 0.0197, 0.0471], [0.631, 0.0539, 0.0796, 0.0641, 0.0658, 0.0223, 0.0832], [0.6484, 0.0376, 0.0379, 0.0852, 0.025, 0.0891, 0.0769], [0.7519, 0.0129, 0.0649, 0.062, 0.0557, 0.0231, 0.0294], [0.6894, 0.0621, 0.0634, 0.0493, 0.0437, 0.0155, 0.0765], [0.6441, 0.044, 0.073, 0.0625, 0.0411, 0.0614, 0.0739], [0.7285, 0.0689, 0.0117, 0.0266, 0.0661, 0.0699, 0.0283], [0.6546, 0.0724, 0.0516, 0.0383, 0.0679, 0.0817, 0.0334], [0.6638, 0.0727, 0.0723, 0.0902, 0.0459, 0.0258, 0.0294], [0.7657, 0.0601, 0.0327, 0.0189, 0.0834, 0.0167, 0.0225], [0.7306, 0.0303, 0.0177, 0.0395, 0.049, 0.0566, 0.0762], [0.6407, 0.0713, 0.0343, 0.0415, 0.0791, 0.0539, 0.0793], [0.6817, 0.0744, 0.0529, 0.0572, 0.0409, 0.0208, 0.0721], [0.6467, 0.081, 0.0576, 0.069, 0.0561, 0.0472, 0.0424], [0.711, 0.038, 0.0805, 0.0134, 0.0618, 0.075, 0.0202], [0.7394, 0.0441, 0.0432, 0.0481, 0.0715, 0.0284, 0.0254], [0.7076, 0.0696, 0.0568, 0.0402, 0.0895, 0.0166, 0.0197], [0.631, 0.0284, 0.0805, 0.0794, 0.0578, 0.0815, 0.0413], [0.6937, 0.0594, 0.0703, 0.0649, 0.0472, 0.0207, 0.0437], [0.7317, 0.051, 0.0846, 0.0152, 0.026, 0.0161, 0.0754], [0.6754, 0.0466, 0.0512, 0.0254, 0.0541, 0.0731, 0.0743], [0.7808, 0.0735, 0.0304, 0.0266, 0.0333, 0.0165, 0.0388], [0.7512, 0.065, 0.0323, 0.0381, 0.0362, 0.0533, 0.0239], [0.7367, 0.074, 0.0613, 0.0441, 0.0293, 0.0346, 0.02], [0.7672, 0.0164, 0.0554, 0.0161, 0.0561, 0.0155, 0.0733], [0.5978, 0.0663, 0.0854, 0.0184, 0.0853, 0.0859, 0.0608], [0.6956, 0.054, 0.0553, 0.0697, 0.0348, 0.0466, 0.0439], [0.6314, 0.0831, 0.1001, 0.0412, 0.0222, 0.0655, 0.0564], [0.7558, 0.0472, 0.029, 0.0641, 0.0486, 0.0161, 0.0391], [0.6898, 0.0763, 0.0745, 0.0368, 0.0495, 0.0599, 0.0133], [0.6953, 0.0321, 0.0511, 0.0471, 0.0426, 0.0703, 0.0615], [0.7564, 0.0198, 0.0191, 0.0746, 0.0287, 0.0261, 0.0754], [0.6935, 0.0286, 0.0531, 0.0763, 0.0644, 0.0715, 0.0126], [0.7255, 0.023, 0.0761, 0.0377, 0.0453, 0.078, 0.0143], [0.75, 0.0941, 0.0477, 0.0158, 0.0417, 0.0312, 0.0195], [0.7046, 0.0246, 0.0614, 0.0412, 0.0406, 0.0771, 0.0505], [0.6386, 0.0593, 0.0663, 0.0738, 0.0736, 0.0561, 0.0323], [0.7311, 0.0605, 0.0442, 0.0418, 0.0434, 0.0292, 0.0498], [0.752, 0.0117, 0.0542, 0.0724, 0.0378, 0.0358, 0.036]], "emotions": ["red", "red", "red", "red", "red", "red", "red", "red", "red", "red", "red", "red", "red", "red", "red", "red", "red", "red", "red", "red", "red", "red", "red", "red", "red", "red", "red", "red", "red", "red", "red", "red", "red", "red", "red", "red", "red", "red", "red", "red", "red", "red", "red", "red", "red", "red", "red", "red", "red", "red", "red", "red", "red", "red", "red", "red", "red", "red", "red", "red", "red", "red", "red", "red", "red", "red", "red", "red", "red", "red", "red", "red", "red", "red", "red", "red", "red", "red", "red", "red"], "timestamps": [0, 40, 80, 120, 160, 200, 240, 280, 320, 360, 400, 440, 480, 520, 560, 600, 640, 680, 720, 760, 800, 840, 880, 920, 960, 1000, 1040, 1080, 1120, 1160, 1200, 1240, 1280, 1320, 1360, 1400, 1440, 1480, 1520, 1560, 1600, 1640, 1680, 1720, 1760, 1800, 1840, 1880, 1920, 1960, 2000, 2040, 2080, 2120, 2160, 2200, 2240, 2280, 2320, 2360, 2400, 2440, 2480, 2520, 2560, 2600, 2640, 2680, 2720, 2760, 2800, 2840, 2880, 2920, 2960, 3000, 3040, 3080, 3120, 3160]}], "conversation": [], "conversation_timestamps": []}