{"agent_id": "agent-green-267", "type": "green", "trips": [{"trip_id": 0, "transport_method": "car", "start_time": 0, "path": [[1.550811, 42.5090804], [1.5504881, 42.5087864], [1.5502139, 42.50846], [1.5502192, 42.5080299], [1.5503929, 42.5076309], [1.5504388, 42.5071988], [1.5504638, 42.5067646], [1.5505949, 42.5063486], [1.550408, 42.5064674], [1.5501722, 42.5068351], [1.5499364, 42.5072028], [1.5497006, 42.5075705], [1.5495259, 42.5078733], [1.5497639, 42.5075076], [1.5500042, 42.5071429], [1.5502248, 42.506766], [1.5504566, 42.5063958], [1.5504373, 42.5064043], [1.5501866, 42.506762], [1.5499359, 42.5071197], [1.5496851, 42.5074774], [1.5494344, 42.507835], [1.5492916, 42.5076682], [1.5493851, 42.5072429], [1.5494855, 42.5068192], [1.5493388, 42.5065485], [1.5491021, 42.5069005], [1.548864, 42.5072668], [1.5485175, 42.5075217], [1.5481451, 42.50775], [1.5477727, 42.5079782], [1.5474002, 42.5082065], [1.5477552, 42.5080151], [1.5481005, 42.5077478], [1.5483921, 42.5074353], [1.5487577, 42.5073224], [1.5484974, 42.5075317], [1.5481238, 42.5077581], [1.5477502, 42.5079844], [1.5473766, 42.5082107], [1.5469846, 42.5082091], [1.5465541, 42.5081425], [1.5461216, 42.5081885], [1.5456996, 42.508301], [1.5452705, 42.5083319], [1.5448525, 42.5084453], [1.544424, 42.5085117], [1.5439955, 42.5084423], [1.5435922, 42.5082755], [1.5431687, 42.5081712], [1.5427372, 42.5081034], [1.5423068, 42.508029], [1.5418789, 42.5079412], [1.5414532, 42.5078438], [1.5410256, 42.5077545], [1.5405931, 42.5076937], [1.5401609, 42.5076302], [1.5397286, 42.5075689], [1.5393001, 42.5074839], [1.5388716, 42.5073991], [1.5384423, 42.5073184], [1.5380124, 42.5072412], [1.5375823, 42.5071649], [1.5371512, 42.5071125], [1.5368026, 42.5069901], [1.5363801, 42.5069343], [1.5359547, 42.5068383], [1.5355268, 42.5067503], [1.5350989, 42.5066624], [1.5346711, 42.5065741], [1.5342421, 42.5065339], [1.5338109, 42.506482], [1.5333831, 42.5063935], [1.5329553, 42.5063051], [1.5325318, 42.5062035], [1.5321049, 42.5061221], [1.5316756, 42.5061558], [1.5313028, 42.5063835], [1.53093, 42.5066111], [1.5305572, 42.5068388]], "mood_vectors": [[0.0425, 0.0646, 0.063, 0.0411, 0.0665, 0.0604, 0.6619], [0.0793, 0.0457, 0.0335, 0.0562, 0.049, 0.0499, 0.6865], [0.052, 0.0452, 0.0771, 0.0609, 0.04, 0.0334, 0.6915], [0.0464, 0.026, 0.0719, 0.0474, 0.0654, 0.049, 0.6939], [0.0605, 0.0409, 0.0695, 0.0352, 0.0822, 0.077, 0.6348], [0.0521, 0.0478, 0.084, 0.0297, 0.078, 0.0769, 0.6314], [0.0255, 0.0675, 0.0573, 0.0823, 0.0223, 0.0251, 0.72], [0.0406, 0.0646, 0.0479, 0.0365, 0.0177, 0.0381, 0.7547], [0.0726, 0.0725, 0.0242, 0.0397, 0.042, 0.0398, 0.7091], [0.0343, 0.0499, 0.0249, 0.0578, 0.0626, 0.0343, 0.7363], [0.0931, 0.0226, 0.0321, 0.0461, 0.0655, 0.0437, 0.6968], [0.0721, 0.0754, 0.0254, 0.0563, 0.0824, 0.0897, 0.5987], [0.0417, 0.0909, 0.0473, 0.0337, 0.0575, 0.0531, 0.6757], [0.0887, 0.069, 0.0345, 0.0794, 0.079, 0.0291, 0.6203], [0.0229, 0.0291, 0.0331, 0.038, 0.062, 0.0642, 0.7507], [0.0961, 0.0394, 0.0155, 0.0764, 0.0803, 0.0463, 0.6459], [0.0786, 0.0364, 0.067, 0.0304, 0.0685, 0.0386, 0.6805], [0.0744, 0.0477, 0.085, 0.054, 0.0644, 0.0816, 0.5929], [0.0739, 0.0591, 0.0538, 0.0417, 0.0256, 0.0719, 0.6741], [0.0717, 0.0619, 0.0491, 0.0134, 0.038, 0.0405, 0.7254], [0.0556, 0.04, 0.0202, 0.0903, 0.0176, 0.0425, 0.7339], [0.019, 0.0444, 0.0437, 0.0606, 0.0155, 0.0863, 0.7305], [0.0703, 0.0521, 0.0686, 0.0431, 0.0358, 0.0209, 0.7092], [0.054, 0.0773, 0.0727, 0.037, 0.0472, 0.05, 0.6618], [0.0309, 0.0543, 0.0402, 0.0561, 0.0249, 0.0364, 0.757], [0.0397, 0.0664, 0.0813, 0.0171, 0.0613, 0.0237, 0.7106], [0.0245, 0.0619, 0.0664, 0.0832, 0.0859, 0.0418, 0.6364], [0.0852, 0.0211, 0.069, 0.021, 0.0495, 0.0358, 0.7184], [0.0143, 0.0498, 0.0881, 0.0693, 0.0155, 0.0855, 0.6775], [0.0295, 0.0368, 0.0519, 0.0477, 0.0557, 0.046, 0.7324], [0.0633, 0.0934, 0.0453, 0.0568, 0.0787, 0.0429, 0.6195], [0.048, 0.0653, 0.0125, 0.0562, 0.014, 0.0441, 0.7597], [0.027, 0.0447, 0.067, 0.0694, 0.0315, 0.0217, 0.7389], [0.0932, 0.0693, 0.0759, 0.0358, 0.0415, 0.0908, 0.5936], [0.0776, 0.0387, 0.0418, 0.0479, 0.0893, 0.0263, 0.6783], [0.0292, 0.0746, 0.0172, 0.0303, 0.0302, 0.0677, 0.7507], [0.0554, 0.0184, 0.0446, 0.0378, 0.062, 0.07, 0.7118], [0.0523, 0.0149, 0.0222, 0.0435, 0.0436, 0.0158, 0.8077], [0.0355, 0.0431, 0.0587, 0.065, 0.0407, 0.0344, 0.7226], [0.0207, 0.0386, 0.0492, 0.0309, 0.0576, 0.0296, 0.7735], [0.0233, 0.0232, 0.0431, 0.0409, 0.0524, 0.0528, 0.7643], [0.0618, 0.0765, 0.0417, 0.0535, 0.039, 0.0193, 0.7081], [0.0349, 0.08, 0.0692, 0.074, 0.0828, 0.0699, 0.5892], [0.0382, 0.0552, 0.0589, 0.0351, 0.075, 0.085, 0.6526], [0.0406, 0.0843, 0.0562, 0.0858, 0.0758, 0.0544, 0.6028], [0.0297, 0.0298, 0.0394, 0.0137, 0.0552, 0.0586, 0.7735], [0.0513, 0.0305, 0.0566, 0.0484, 0.0677, 0.062, 0.6834], [0.06, 0.0215, 0.0141, 0.0865, 0.031, 0.0772, 0.7096], [0.0579, 0.07, 0.0362, 0.0427, 0.025, 0.0775, 0.6906], [0.0675, 0.0515, 0.0303, 0.03, 0.0256, 0.0279, 0.7673], [0.071, 0.0837, 0.0541, 0.0509, 0.0512, 0.0828, 0.6063], [0.0203, 0.0738, 0.0618, 0.0762, 0.0528, 0.0342, 0.6809], [0.0575, 0.048, 0.0676, 0.0366, 0.0228, 0.0718, 0.6957], [0.0214, 0.0594, 0.0171, 0.0393, 0.061, 0.0619, 0.7398], [0.0191, 0.0499, 0.0543, 0.0379, 0.0654, 0.05, 0.7235], [0.026, 0.0249, 0.072, 0.0289, 0.084, 0.0185, 0.7456], [0.0237, 0.0685, 0.0806, 0.0643, 0.0684, 0.0185, 0.6761], [0.0226, 0.089, 0.0481, 0.0289, 0.0653, 0.0363, 0.71], [0.046, 0.0553, 0.0156, 0.0353, 0.0399, 0.0933, 0.7145], [0.0523, 0.0474, 0.0865, 0.0295, 0.0785, 0.085, 0.6207], [0.0619, 0.0854, 0.0894, 0.015, 0.0886, 0.0504, 0.6094], [0.0379, 0.0711, 0.0785, 0.0439, 0.0795, 0.0908, 0.5983], [0.0716, 0.0422, 0.029, 0.0795, 0.0333, 0.0459, 0.6985], [0.0598, 0.0291, 0.068, 0.054, 0.0716, 0.0114, 0.7061], [0.0311, 0.0263, 0.0598, 0.0727, 0.0563, 0.0119, 0.7419], [0.0261, 0.0193, 0.0494, 0.0848, 0.0661, 0.0316, 0.7227], [0.0227, 0.0811, 0.078, 0.0134, 0.0806, 0.0405, 0.6838], [0.0261, 0.0357, 0.0658, 0.0143, 0.0527, 0.0527, 0.7528], [0.038, 0.0674, 0.044, 0.0733, 0.0316, 0.0502, 0.6955], [0.0633, 0.0562, 0.0412, 0.0471, 0.0826, 0.0806, 0.629], [0.0719, 0.0318, 0.0137, 0.0711, 0.0446, 0.0171, 0.7499], [0.0143, 0.0546, 0.0844, 0.0769, 0.0276, 0.0967, 0.6455], [0.0549, 0.0369, 0.0316, 0.0638, 0.0835, 0.0166, 0.7127], [0.0175, 0.066, 0.0676, 0.0699, 0.013, 0.0569, 0.709], [0.0189, 0.0821, 0.0482, 0.0254, 0.0731, 0.0182, 0.7341], [0.0693, 0.028, 0.0857, 0.029, 0.0365, 0.0905, 0.661], [0.0297, 0.0719, 0.0556, 0.0663, 0.0195, 0.0322, 0.7248], [0.0799, 0.0271, 0.065, 0.0199, 0.0365, 0.036, 0.7356], [0.0437, 0.0761, 0.0688, 0.0741, 0.0537, 0.0617, 0.6218], [0.0392, 0.0148, 0.0706, 0.0117, 0.0657, 0.066, 0.7319]], "emotions": ["purple", "purple", "purple", "purple", "purple", "purple", "purple", "purple", "purple", "purple", "purple", "purple", "purple", "purple", "purple", "purple", "purple", "purple", "purple", "purple", "purple", "purple", "purple", "purple", "purple", "purple", "purple", "purple", "purple", "purple", "purple", "purple", "purple", "purple", "purple", "purple", "purple", "purple", "purple", "purple", "purple", "purple", "purple", "purple", "purple", "purple", "purple", "purple", "purple", "purple", "purple", "purple", "purple", "purple", "purple", "purple", "purple", "purple", "purple", "purple", "purple", "purple", "purple", "purple", "purple", "purple", "purple", "purple", "purple", "purple", "purple", "purple", "purple", "purple", "purple", "purple", "purple", "purple", "purple", "purple"], "timestamps": [0, 40, 80, 120, 160, 200, 240, 280, 320, 360, 400, 440, 480, 520, 560, 600, 640, 680, 720, 760, 800, 840, 880, 920, 960, 1000, 1040, 1080, 1120, 1160, 1200, 1240, 1280, 1320, 1360, 1400, 1440, 1480, 1520, 1560, 1600, 1640, 1680, 1720, 1760, 1800, 1840, 1880, 1920, 1960, 2000, 2040, 2080, 2120, 2160, 2200, 2240, 2280, 2320, 2360, 2400, 2440, 2480, 2520, 2560, 2600, 2640, 2680, 2720, 2760, 2800, 2840, 2880, 2920, 2960, 3000, 3040, 3080, 3120, 3160]}], "conversation": [], "conversation_timestamps": []}