{"agent_id": "agent-red-241", "type": "red", "trips": [{"trip_id": 0, "transport_method": "foot", "start_time": 0, "path": [[1.6974057, 42.5489576], [1.6948372, 42.5519103], [1.691512, 42.5543864], [1.6887444, 42.5574854], [1.6870059, 42.5567733], [1.6843603, 42.5546343], [1.680865, 42.5533554], [1.6845236, 42.554567], [1.6834585, 42.5542436], [1.6798536, 42.5525511], [1.6796256, 42.5517747], [1.6813502, 42.5492922], [1.6843209, 42.5468457], [1.6839076, 42.5451321], [1.6827559, 42.5419912], [1.6791456, 42.5400012], [1.6754258, 42.5381848], [1.6733591, 42.5390656], [1.6692872, 42.5392778], [1.6651675, 42.5394074], [1.6627969, 42.5372501], [1.6600984, 42.5400838], [1.6561181, 42.5412222], [1.6522597, 42.5424017], [1.6485782, 42.5421315], [1.6445718, 42.541184], [1.6404916, 42.5403754], [1.6364114, 42.5395669], [1.6389538, 42.5404526], [1.6428236, 42.5416609], [1.6465556, 42.5415771], [1.6424758, 42.5407667], [1.638396, 42.5399563], [1.6343343, 42.5391049], [1.6310114, 42.5390853], [1.6269218, 42.5385432], [1.6229503, 42.5377488], [1.6190941, 42.5361894], [1.618768, 42.5358229], [1.6228801, 42.5352565], [1.6266336, 42.5363125], [1.623453, 42.5379532], [1.6195948, 42.5363989], [1.6161756, 42.5351877], [1.6189558, 42.5370724], [1.6149043, 42.5364849], [1.6108113, 42.5363146], [1.6066988, 42.5362436], [1.6025539, 42.5365926], [1.6025825, 42.5368912], [1.6063148, 42.5364582], [1.6059827, 42.5362792], [1.6018342, 42.5365822], [1.5977047, 42.536382], [1.594174, 42.5362854], [1.590069, 42.5356141], [1.5915658, 42.535942], [1.5946081, 42.536362], [1.5904965, 42.5357328], [1.5875047, 42.5348051], [1.5854024, 42.5335202], [1.5826386, 42.5317251], [1.5784834, 42.5318027], [1.5744975, 42.5309587], [1.5746818, 42.5312037], [1.5716011, 42.5292903], [1.5707454, 42.5288192], [1.5685738, 42.5275425], [1.5683129, 42.5272813], [1.5647229, 42.5252325], [1.5613039, 42.5231178], [1.5580085, 42.5206685], [1.5564288, 42.5189075], [1.5548872, 42.517835], [1.553754, 42.516751], [1.5519734, 42.5132554], [1.5483109, 42.511475], [1.5461563, 42.5097169], [1.5421646, 42.5089], [1.5399751, 42.5110026]], "mood_vectors": [[0.7195, 0.0169, 0.036, 0.0779, 0.0435, 0.0851, 0.0212], [0.6451, 0.0582, 0.0865, 0.0759, 0.0556, 0.0391, 0.0395], [0.6564, 0.0899, 0.0657, 0.0223, 0.0393, 0.0845, 0.042], [0.6557, 0.0644, 0.064, 0.0529, 0.0127, 0.0807, 0.0696], [0.6792, 0.0327, 0.0859, 0.0341, 0.0427, 0.038, 0.0874], [0.7174, 0.0378, 0.0422, 0.0134, 0.0672, 0.072, 0.05], [0.7403, 0.0365, 0.0621, 0.0325, 0.0222, 0.0591, 0.0473], [0.7825, 0.0418, 0.0164, 0.0315, 0.047, 0.049, 0.0318], [0.7222, 0.0524, 0.0384, 0.0182, 0.0491, 0.0542, 0.0656], [0.6903, 0.0342, 0.0627, 0.0677, 0.0411, 0.0672, 0.0368], [0.7313, 0.0263, 0.0288, 0.0713, 0.0163, 0.0522, 0.0737], [0.717, 0.0685, 0.0847, 0.0239, 0.0396, 0.0256, 0.0406], [0.6967, 0.0394, 0.0457, 0.0617, 0.0269, 0.0598, 0.0698], [0.7746, 0.0321, 0.0395, 0.0739, 0.0324, 0.028, 0.0194], [0.6472, 0.0644, 0.063, 0.0216, 0.072, 0.0694, 0.0624], [0.77, 0.0314, 0.0847, 0.0174, 0.0311, 0.0369, 0.0286], [0.8034, 0.0214, 0.023, 0.079, 0.0246, 0.0231, 0.0255], [0.7132, 0.0211, 0.085, 0.0356, 0.0197, 0.0906, 0.0349], [0.7817, 0.0252, 0.0311, 0.0172, 0.0335, 0.0868, 0.0246], [0.6684, 0.0467, 0.0645, 0.0438, 0.0983, 0.0473, 0.0309], [0.6398, 0.0946, 0.0409, 0.0445, 0.0213, 0.0785, 0.0804], [0.7479, 0.0178, 0.0558, 0.0727, 0.0221, 0.0402, 0.0435], [0.7066, 0.0141, 0.0688, 0.081, 0.0179, 0.0552, 0.0564], [0.7511, 0.0396, 0.0182, 0.0277, 0.0738, 0.0459, 0.0437], [0.7144, 0.0316, 0.0549, 0.0187, 0.0194, 0.0869, 0.074], [0.6909, 0.0869, 0.0547, 0.0628, 0.0536, 0.0301, 0.021], [0.6373, 0.0764, 0.0892, 0.0403, 0.0505, 0.0835, 0.0228], [0.7337, 0.0331, 0.0141, 0.0885, 0.0792, 0.0263, 0.025], [0.6906, 0.0598, 0.0305, 0.0651, 0.0487, 0.029, 0.0763], [0.6646, 0.0453, 0.026, 0.0499, 0.0879, 0.0431, 0.0833], [0.5926, 0.0962, 0.043, 0.0685, 0.0441, 0.0723, 0.0832], [0.6947, 0.0478, 0.0347, 0.0584, 0.0192, 0.0907, 0.0545], [0.6711, 0.0407, 0.039, 0.0345, 0.0771, 0.0804, 0.0573], [0.7198, 0.034, 0.0535, 0.0694, 0.0179, 0.0748, 0.0306], [0.6693, 0.0259, 0.0406, 0.0775, 0.0572, 0.055, 0.0745], [0.7947, 0.0446, 0.0314, 0.0591, 0.0261, 0.0125, 0.0316], [0.7287, 0.0635, 0.0515, 0.032, 0.0592, 0.0243, 0.0409], [0.7214, 0.018, 0.027, 0.0583, 0.0335, 0.077, 0.0648], [0.6972, 0.0177, 0.0315, 0.0662, 0.0781, 0.0168, 0.0924], [0.7295, 0.0351, 0.0435, 0.0157, 0.0339, 0.0648, 0.0776], [0.7348, 0.0768, 0.0206, 0.0141, 0.0812, 0.0564, 0.016], [0.7357, 0.0339, 0.0326, 0.0363, 0.0477, 0.0381, 0.0756], [0.6826, 0.0645, 0.0532, 0.019, 0.0533, 0.0625, 0.0648], [0.6757, 0.0216, 0.0321, 0.0549, 0.0614, 0.0737, 0.0806], [0.6545, 0.0697, 0.0803, 0.0583, 0.0344, 0.0318, 0.071], [0.6468, 0.0153, 0.0859, 0.0742, 0.0798, 0.0141, 0.0839], [0.701, 0.0816, 0.0214, 0.0501, 0.0535, 0.023, 0.0695], [0.6743, 0.0796, 0.032, 0.0579, 0.0705, 0.0344, 0.0514], [0.7036, 0.0443, 0.0443, 0.0768, 0.0368, 0.0729, 0.0213], [0.7206, 0.0185, 0.0163, 0.0742, 0.0522, 0.0642, 0.054], [0.7684, 0.022, 0.0319, 0.0457, 0.0308, 0.027, 0.0741], [0.6995, 0.0476, 0.0418, 0.0424, 0.0726, 0.0651, 0.031], [0.6171, 0.0624, 0.0521, 0.0835, 0.0475, 0.0686, 0.0689], [0.7055, 0.0446, 0.037, 0.0384, 0.0604, 0.0757, 0.0384], [0.652, 0.0905, 0.0137, 0.0679, 0.0347, 0.0459, 0.0953], [0.7186, 0.0451, 0.0771, 0.027, 0.0477, 0.0305, 0.054], [0.6335, 0.0711, 0.0393, 0.0564, 0.0458, 0.0865, 0.0674], [0.6462, 0.0434, 0.0656, 0.0621, 0.0662, 0.0485, 0.0679], [0.7145, 0.0745, 0.05, 0.0757, 0.0295, 0.0228, 0.033], [0.7347, 0.061, 0.013, 0.0629, 0.0368, 0.0738, 0.0178], [0.719, 0.0678, 0.0604, 0.0351, 0.0237, 0.0647, 0.0293], [0.7257, 0.0382, 0.0642, 0.0289, 0.0252, 0.0728, 0.0449], [0.7227, 0.0765, 0.016, 0.0743, 0.0147, 0.0223, 0.0733], [0.6838, 0.0273, 0.0644, 0.0792, 0.0296, 0.073, 0.0426], [0.6562, 0.0552, 0.084, 0.0439, 0.0169, 0.0933, 0.0506], [0.7154, 0.0349, 0.0586, 0.0502, 0.0185, 0.0684, 0.054], [0.5968, 0.0707, 0.0939, 0.0597, 0.0392, 0.0906, 0.0491], [0.7078, 0.0655, 0.0589, 0.0314, 0.0392, 0.0378, 0.0594], [0.6709, 0.0515, 0.0462, 0.0757, 0.046, 0.0505, 0.0593], [0.7136, 0.0685, 0.0618, 0.0123, 0.0523, 0.044, 0.0476], [0.7026, 0.0819, 0.0351, 0.018, 0.0262, 0.0994, 0.0367], [0.7191, 0.0652, 0.0182, 0.0206, 0.0401, 0.0666, 0.0701], [0.6897, 0.0558, 0.0147, 0.0757, 0.0618, 0.0422, 0.0601], [0.7807, 0.0693, 0.0168, 0.0569, 0.0266, 0.0334, 0.0163], [0.7546, 0.0655, 0.0499, 0.0161, 0.0197, 0.0426, 0.0516], [0.7753, 0.0127, 0.0511, 0.0357, 0.059, 0.0165, 0.0497], [0.6957, 0.078, 0.0321, 0.0455, 0.031, 0.0598, 0.0579], [0.7227, 0.0448, 0.0367, 0.0137, 0.0474, 0.077, 0.0577], [0.6529, 0.0601, 0.0429, 0.0812, 0.0478, 0.0363, 0.0786], [0.6873, 0.0499, 0.0549, 0.02, 0.0824, 0.0272, 0.0784]], "emotions": ["red", "red", "red", "red", "red", "red", "red", "red", "red", "red", "red", "red", "red", "red", "red", "red", "red", "red", "red", "red", "red", "red", "red", "red", "red", "red", "red", "red", "red", "red", "red", "red", "red", "red", "red", "red", "red", "red", "red", "red", "red", "red", "red", "red", "red", "red", "red", "red", "red", "red", "red", "red", "red", "red", "red", "red", "red", "red", "red", "red", "red", "red", "red", "red", "red", "red", "red", "red", "red", "red", "red", "red", "red", "red", "red", "red", "red", "red", "red", "red"], "timestamps": [0, 40, 80, 120, 160, 200, 240, 280, 320, 360, 400, 440, 480, 520, 560, 600, 640, 680, 720, 760, 800, 840, 880, 920, 960, 1000, 1040, 1080, 1120, 1160, 1200, 1240, 1280, 1320, 1360, 1400, 1440, 1480, 1520, 1560, 1600, 1640, 1680, 1720, 1760, 1800, 1840, 1880, 1920, 1960, 2000, 2040, 2080, 2120, 2160, 2200, 2240, 2280, 2320, 2360, 2400, 2440, 2480, 2520, 2560, 2600, 2640, 2680, 2720, 2760, 2800, 2840, 2880, 2920, 2960, 3000, 3040, 3080, 3120, 3160]}], "conversation": [], "conversation_timestamps": []}