{"agent_id": "agent-purple-1139", "type": "purple", "trips": [{"trip_id": 0, "transport_method": "foot", "start_time": 0, "path": [[1.5284746, 42.5065051], [1.5286303, 42.5063845], [1.528786, 42.5062638], [1.528948, 42.5061868], [1.5291315, 42.5062587], [1.5293149, 42.5063306], [1.5295012, 42.506393], [1.5296935, 42.5064357], [1.5298858, 42.5064783], [1.5300782, 42.5065209], [1.530245, 42.506624], [1.530408, 42.5067346], [1.530571, 42.5068447], [1.5307522, 42.506922], [1.5309334, 42.5069993], [1.531116, 42.5070723], [1.5313082, 42.5071153], [1.5315005, 42.5071583], [1.5316928, 42.5072012], [1.5317977, 42.5073209], [1.5319222, 42.5074693], [1.5320292, 42.5076338], [1.5321628, 42.5077786], [1.5322871, 42.5079303], [1.5323876, 42.5080998], [1.5324527, 42.5082794], [1.5326199, 42.5083286], [1.5328155, 42.5083521], [1.5330109, 42.5083776], [1.533206, 42.5084047], [1.5334011, 42.5084319], [1.5335962, 42.508459], [1.5337914, 42.5084862], [1.5339865, 42.5085134], [1.5341796, 42.5085056], [1.5343749, 42.5085081], [1.5345714, 42.5085227], [1.5347679, 42.5085373], [1.5349643, 42.5085518], [1.5351608, 42.5085663], [1.5353573, 42.5085809], [1.5355538, 42.5085938], [1.5357503, 42.5086078], [1.5359469, 42.5086217], [1.5361434, 42.5086357], [1.5363397, 42.508651], [1.5365344, 42.5086811], [1.5367291, 42.5087113], [1.5369251, 42.5087301], [1.5371214, 42.5087465], [1.5373177, 42.508763], [1.5375141, 42.5087794], [1.5377104, 42.5087959], [1.5377797, 42.5089683], [1.5378355, 42.5091572], [1.5378914, 42.5093462], [1.5380544, 42.5094092], [1.5382498, 42.5094343], [1.5384452, 42.5094594], [1.5386407, 42.5094845], [1.5388366, 42.5094994], [1.5390336, 42.5094957], [1.5392305, 42.5094921], [1.5394275, 42.5094885], [1.5396245, 42.5094849], [1.5398142, 42.5095369], [1.5400035, 42.5095912], [1.5401928, 42.5096456], [1.5402382, 42.5098344], [1.5404179, 42.5098398], [1.5406142, 42.5098228], [1.5407528, 42.5099415], [1.5408385, 42.5101166], [1.5409763, 42.5102575], [1.5410777, 42.510426], [1.5411741, 42.5105978], [1.5412685, 42.5107707], [1.5413964, 42.5108725], [1.5415898, 42.5108352], [1.5417833, 42.510798]], "mood_vectors": [[0.0196, 0.0503, 0.0578, 0.0342, 0.0147, 0.7764, 0.047], [0.0707, 0.0166, 0.0584, 0.0306, 0.031, 0.7677, 0.025], [0.0723, 0.0173, 0.0644, 0.0705, 0.0403, 0.7158, 0.0193], [0.0742, 0.0684, 0.0501, 0.0511, 0.0345, 0.6731, 0.0486], [0.0487, 0.0149, 0.0606, 0.0674, 0.072, 0.6643, 0.0721], [0.0598, 0.0872, 0.055, 0.0364, 0.0604, 0.6287, 0.0724], [0.0231, 0.0838, 0.0545, 0.0403, 0.0446, 0.6778, 0.0759], [0.0769, 0.0341, 0.0291, 0.0616, 0.0219, 0.7315, 0.0449], [0.0574, 0.0278, 0.0657, 0.0449, 0.048, 0.6996, 0.0567], [0.0442, 0.0264, 0.0207, 0.082, 0.0688, 0.6961, 0.0617], [0.0442, 0.0942, 0.0381, 0.0753, 0.0184, 0.6489, 0.0809], [0.0832, 0.0337, 0.0323, 0.0188, 0.0513, 0.7181, 0.0625], [0.0484, 0.0675, 0.0421, 0.0338, 0.0663, 0.7037, 0.0382], [0.0843, 0.0464, 0.053, 0.0669, 0.0594, 0.6346, 0.0554], [0.028, 0.0446, 0.0667, 0.0403, 0.0479, 0.701, 0.0715], [0.0543, 0.0418, 0.0591, 0.0242, 0.053, 0.6915, 0.0761], [0.0834, 0.0363, 0.0734, 0.0632, 0.0215, 0.6354, 0.0869], [0.0376, 0.0698, 0.0416, 0.0613, 0.0189, 0.7464, 0.0245], [0.0358, 0.0336, 0.0164, 0.0703, 0.0281, 0.7591, 0.0567], [0.0463, 0.0406, 0.0295, 0.0577, 0.0892, 0.7037, 0.0331], [0.0859, 0.0298, 0.0553, 0.0857, 0.0455, 0.6618, 0.036], [0.0747, 0.0562, 0.0403, 0.0614, 0.0712, 0.626, 0.0702], [0.0819, 0.012, 0.0688, 0.0508, 0.0398, 0.7343, 0.0124], [0.0795, 0.0252, 0.0852, 0.0751, 0.0238, 0.6469, 0.0642], [0.0529, 0.0344, 0.0833, 0.0144, 0.0876, 0.6579, 0.0695], [0.0306, 0.073, 0.0624, 0.0223, 0.0177, 0.7476, 0.0464], [0.0333, 0.0642, 0.0468, 0.0595, 0.0728, 0.6538, 0.0695], [0.0429, 0.0606, 0.0721, 0.0436, 0.0227, 0.694, 0.0642], [0.0257, 0.0836, 0.0712, 0.0675, 0.0676, 0.6201, 0.0643], [0.0451, 0.0552, 0.0557, 0.0904, 0.0515, 0.6432, 0.059], [0.0658, 0.0239, 0.0844, 0.0767, 0.0539, 0.6705, 0.0248], [0.0251, 0.0679, 0.0743, 0.0975, 0.0251, 0.6936, 0.0164], [0.0617, 0.0827, 0.0296, 0.0172, 0.063, 0.6708, 0.0749], [0.0416, 0.0271, 0.0605, 0.0803, 0.0337, 0.7191, 0.0378], [0.0579, 0.0508, 0.0538, 0.0512, 0.0399, 0.6519, 0.0945], [0.0353, 0.0257, 0.0731, 0.0609, 0.0299, 0.7202, 0.0549], [0.0162, 0.056, 0.0612, 0.0675, 0.0368, 0.7431, 0.0193], [0.0597, 0.0196, 0.0587, 0.03, 0.0635, 0.6759, 0.0926], [0.0808, 0.0556, 0.0451, 0.0632, 0.0151, 0.6713, 0.0688], [0.0203, 0.0224, 0.0715, 0.0459, 0.0613, 0.6995, 0.079], [0.0341, 0.0759, 0.0706, 0.0149, 0.0597, 0.7093, 0.0354], [0.0124, 0.0779, 0.0341, 0.0768, 0.0312, 0.7033, 0.0644], [0.0825, 0.0217, 0.0463, 0.0242, 0.0491, 0.7094, 0.0669], [0.072, 0.0514, 0.0724, 0.0298, 0.0676, 0.6692, 0.0376], [0.0153, 0.0395, 0.0247, 0.0953, 0.0345, 0.7744, 0.0163], [0.0279, 0.0467, 0.0817, 0.0325, 0.0153, 0.7354, 0.0606], [0.0752, 0.061, 0.0647, 0.0804, 0.0295, 0.6118, 0.0773], [0.0577, 0.0436, 0.0467, 0.0696, 0.0194, 0.6764, 0.0866], [0.0455, 0.0464, 0.0633, 0.0627, 0.0711, 0.6885, 0.0224], [0.0135, 0.0382, 0.0216, 0.0448, 0.0734, 0.7875, 0.021], [0.0478, 0.0266, 0.0597, 0.0779, 0.0597, 0.7139, 0.0144], [0.0636, 0.0376, 0.0629, 0.0507, 0.0374, 0.7269, 0.0208], [0.0526, 0.0525, 0.0695, 0.0331, 0.0443, 0.7128, 0.0353], [0.0676, 0.0583, 0.0505, 0.0677, 0.0827, 0.6301, 0.0432], [0.0768, 0.0123, 0.053, 0.0322, 0.0659, 0.7336, 0.0262], [0.0685, 0.0758, 0.041, 0.0543, 0.0334, 0.7035, 0.0235], [0.014, 0.0292, 0.0814, 0.037, 0.0155, 0.779, 0.0439], [0.078, 0.0671, 0.021, 0.0577, 0.0638, 0.6626, 0.0497], [0.0259, 0.0396, 0.0732, 0.0229, 0.0731, 0.7444, 0.0209], [0.0749, 0.0278, 0.0681, 0.0391, 0.0782, 0.6354, 0.0765], [0.0823, 0.0438, 0.0767, 0.0791, 0.0485, 0.6415, 0.0281], [0.0486, 0.0775, 0.073, 0.0544, 0.0718, 0.6474, 0.0273], [0.0239, 0.0902, 0.042, 0.0448, 0.0676, 0.716, 0.0154], [0.0434, 0.0162, 0.0206, 0.0784, 0.0254, 0.7672, 0.0487], [0.043, 0.0431, 0.0323, 0.0627, 0.0443, 0.7185, 0.0562], [0.0852, 0.0786, 0.0918, 0.0589, 0.0371, 0.5931, 0.0552], [0.0683, 0.0242, 0.1011, 0.0838, 0.0223, 0.6607, 0.0396], [0.0904, 0.0874, 0.037, 0.0317, 0.0829, 0.6365, 0.0341], [0.0632, 0.0394, 0.0603, 0.0652, 0.0765, 0.6446, 0.0508], [0.046, 0.0395, 0.033, 0.0231, 0.0752, 0.7668, 0.0164], [0.0278, 0.0182, 0.0394, 0.073, 0.0277, 0.7454, 0.0685], [0.0457, 0.0776, 0.0546, 0.0146, 0.0481, 0.6841, 0.0752], [0.0194, 0.0215, 0.0484, 0.0236, 0.0298, 0.7693, 0.0879], [0.0661, 0.0715, 0.0321, 0.0763, 0.0546, 0.6383, 0.0611], [0.0747, 0.0408, 0.0708, 0.0872, 0.0715, 0.629, 0.0261], [0.027, 0.0667, 0.024, 0.0325, 0.0231, 0.7624, 0.0643], [0.0344, 0.0561, 0.0711, 0.0606, 0.0195, 0.7127, 0.0456], [0.0166, 0.0257, 0.0131, 0.0284, 0.0158, 0.8201, 0.0803], [0.0608, 0.0741, 0.0301, 0.0443, 0.0504, 0.6607, 0.0796], [0.0217, 0.0428, 0.0515, 0.0281, 0.057, 0.778, 0.0209]], "emotions": ["purple", "purple", "purple", "purple", "purple", "purple", "purple", "purple", "purple", "purple", "purple", "purple", "purple", "purple", "purple", "purple", "purple", "purple", "purple", "purple", "purple", "purple", "purple", "purple", "purple", "purple", "purple", "purple", "purple", "purple", "purple", "purple", "purple", "purple", "purple", "purple", "purple", "purple", "purple", "purple", "purple", "purple", "purple", "purple", "purple", "purple", "purple", "purple", "purple", "purple", "purple", "purple", "purple", "purple", "purple", "purple", "purple", "purple", "purple", "purple", "purple", "purple", "purple", "purple", "purple", "purple", "purple", "purple", "purple", "purple", "purple", "purple", "purple", "purple", "purple", "purple", "purple", "purple", "purple", "purple"], "timestamps": [0, 40, 80, 120, 160, 200, 240, 280, 320, 360, 400, 440, 480, 520, 560, 600, 640, 680, 720, 760, 800, 840, 880, 920, 960, 1000, 1040, 1080, 1120, 1160, 1200, 1240, 1280, 1320, 1360, 1400, 1440, 1480, 1520, 1560, 1600, 1640, 1680, 1720, 1760, 1800, 1840, 1880, 1920, 1960, 2000, 2040, 2080, 2120, 2160, 2200, 2240, 2280, 2320, 2360, 2400, 2440, 2480, 2520, 2560, 2600, 2640, 2680, 2720, 2760, 2800, 2840, 2880, 2920, 2960, 3000, 3040, 3080, 3120, 3160]}], "conversation": [], "conversation_timestamps": []}