{
  "agent_id": "agent-type-orange-64",
  "type": "orange",
  "trips": [
    {
      "trip_id": 0,
      "transport_method": "car",
      "start_time": 0,
      "path": [
        [
          1.5174658000000008,
          42.507779799999994
        ],
        [
          1.5179726736774515,
          42.507890469138374
        ],
        [
          1.518495231427704,
          42.50822022534198
        ],
        [
          1.5190564450475346,
          42.50805447923435
        ],
        [
          1.5195614113144327,
          42.507926905596555
        ],
        [
          1.5196747373506938,
          42.50856535975302
        ],
        [
          1.5196459968733924,
          42.50840344217611
        ],
        [
          1.5195920046973468,
          42.507794533741844
        ],
        [
          1.5201902271624141,
          42.50755241178635
        ],
        [
          1.5207698442581739,
          42.50777198419078
        ],
        [
          1.5213422941292154,
          42.50807656200604
        ],
        [
          1.5219325272724011,
          42.50833569237449
        ],
        [
          1.522494386644601,
          42.508384128690885
        ],
        [
          1.522922284484398,
          42.50806662818173
        ],
        [
          1.523487528816711,
          42.50779171940849
        ],
        [
          1.523184960327338,
          42.50774836762399
        ],
        [
          1.5225730913212758,
          42.50758103705312
        ],
        [
          1.5222546484474877,
          42.50705164561724
        ],
        [
          1.5218057439302204,
          42.506583723364315
        ],
        [
          1.5220388125324427,
          42.50632589057817
        ],
        [
          1.5226695771995038,
          42.50647623164105
        ],
        [
          1.523300341866565,
          42.50662657270393
        ],
        [
          1.523931442086956,
          42.50677549683781
        ],
        [
          1.5244493071150804,
          42.50657986017786
        ],
        [
          1.5245719219674103,
          42.506318654286844
        ],
        [
          1.524215927634757,
          42.50681879974841
        ],
        [
          1.523585190227484,
          42.50669412268805
        ],
        [
          1.5229543485060415,
          42.50654410611649
        ],
        [
          1.5223235838389804,
          42.50639376505361
        ],
        [
          1.5217999347180282,
          42.5061050882539
        ],
        [
          1.5218971628140987,
          42.505491233719745
        ],
        [
          1.5221059345240324,
          42.504887916666426
        ],
        [
          1.5224332511944747,
          42.504565459138966
        ],
        [
          1.5230768276032645,
          42.50464467949829
        ],
        [
          1.5237148243010872,
          42.5047590513166
        ],
        [
          1.5243138854074167,
          42.50480829575929
        ],
        [
          1.524957319130962,
          42.504888667046494
        ],
        [
          1.525432451904682,
          42.50469971301776
        ],
        [
          1.526069787137957,
          42.50481917138217
        ],
        [
          1.5266080706934,
          42.50502635866143
        ],
        [
          1.5270846870239063,
          42.505201911782834
        ],
        [
          1.5277037541949965,
          42.5051951827853
        ],
        [
          1.5282049950390313,
          42.50539321287525
        ],
        [
          1.527973072360445,
          42.50558404372706
        ],
        [
          1.52737314877624,
          42.50546717325736
        ],
        [
          1.527142359642762,
          42.50548732198915
        ],
        [
          1.5270465291900794,
          42.50535976540689
        ],
        [
          1.526405845517366,
          42.50525981075757
        ],
        [
          1.5261970856712446,
          42.50552211349306
        ],
        [
          1.526764129990768,
          42.505825934308234
        ],
        [
          1.526520949542302,
          42.506286741195034
        ],
        [
          1.5266518829140576,
          42.50621530943527
        ],
        [
          1.5270721485134642,
          42.50663604998681
        ],
        [
          1.5267401611387983,
          42.506140614526416
        ],
        [
          1.5269601588817108,
          42.505887667837136
        ],
        [
          1.5274042944927626,
          42.50634929161417
        ],
        [
          1.5276851545572336,
          42.50692269069754
        ],
        [
          1.5278157888678552,
          42.50728396710643
        ],
        [
          1.5271704000000008,
          42.50722119999999
        ]
      ],
      "emotions": [
        "red",
        "red",
        "red",
        "red",
        "red",
        "red",
        "red",
        "red",
        "red",
        "red",
        "red",
        "red",
        "red",
        "red",
        "red",
        "purple",
        "purple",
        "purple",
        "purple",
        "purple",
        "red",
        "red",
        "red",
        "red",
        "red",
        "green",
        "green",
        "green",
        "green",
        "green",
        "red",
        "red",
        "red",
        "red",
        "red",
        "green",
        "green",
        "green",
        "green",
        "green",
        "green",
        "green",
        "green",
        "green",
        "green",
        "purple",
        "purple",
        "purple",
        "purple",
        "purple",
        "green",
        "green",
        "green",
        "green",
        "green",
        "purple",
        "purple",
        "purple",
        "purple"
      ],
      "mood_vectors": [
        [
          0.09268196057410741,
          0.21387232899398867,
          0.08577262483724622,
          0.10375139554064937,
          0.1643643847942137,
          0.15452726767839944,
          0.1850300375813951
        ],
        [
          0.039706613399663505,
          0.2561881511051112,
          0.10269624871242923,
          0.030082584147984398,
          0.008845162130395965,
          0.3243716650735165,
          0.23810957543089922
        ],
        [
          0.0038853806186983594,
          0.21175623037912228,
          0.13993936088760173,
          0.09888308831858776,
          0.218353951616811,
          0.18934204908396218,
          0.13783993909521658
        ],
        [
          0.13880621871454257,
          0.1846741387794161,
          0.203214127232557,
          0.19555468645604696,
          0.03970037105726466,
          0.17494328175533108,
          0.06310717600484159
        ],
        [
          0.03165047625153022,
          0.21330648229503882,
          0.1243757924970822,
          0.13425793421450352,
          0.1320821796815378,
          0.19110485626802237,
          0.17322227879228502
        ],
        [
          0.1011507944257768,
          0.07864283988512807,
          0.003163413062947,
          0.1960978502221126,
          0.20450853570888383,
          0.2093189493452735,
          0.2071176173498782
        ],
        [
          0.1850182350735511,
          0.005665379236557257,
          0.04365296511860893,
          0.06840610166130477,
          0.23194962190852447,
          0.2454182563177944,
          0.219889440683659
        ],
        [
          0.01861437467409447,
          0.13861005136956953,
          0.16720674283155643,
          0.2421040989716739,
          0.08537543974544648,
          0.17283865108270371,
          0.17525064132495544
        ],
        [
          0.2539143318744881,
          0.11077491250612018,
          0.10789080852265545,
          0.11127555058890883,
          0.08051006901022391,
          0.3246076444391621,
          0.011026683058441383
        ],
        [
          0.04404478879641459,
          0.08246264359543687,
          0.3045890626360977,
          0.20839679476474401,
          0.1352307792994317,
          0.21929789918398693,
          0.005978031723888148
        ],
        [
          0.08270471269409059,
          0.1397424523059629,
          0.19733236909048707,
          0.14593098893640172,
          0.19054672691890973,
          0.13968204732082,
          0.10406070273332808
        ],
        [
          0.14012601702911587,
          0.12212587575907581,
          0.13564101054734323,
          0.05269063015907773,
          0.21520668844675178,
          0.20768200005226894,
          0.12652777800636664
        ],
        [
          0.27298104093040304,
          0.1940225998732601,
          0.12197517993913905,
          0.16844440236016717,
          0.0677971407294248,
          0.02297131054479421,
          0.1518083256228116
        ],
        [
          0.238683946304938,
          0.23857924013106582,
          0.18590314273921077,
          0.15211621495017033,
          0.03644952293691597,
          0.13982078964411057,
          0.008447143293588517
        ],
        [
          0.13295142456251147,
          0.16334809716425253,
          0.29854696418801946,
          0.09479270234179114,
          0.09393187743495193,
          0.16213203641503482,
          0.05429689789343862
        ],
        [
          0.08539696078086449,
          0.10541468343831957,
          0.07296178100315887,
          0.2720403324420217,
          0.22937347230369146,
          0.16813486604733305,
          0.06667790398461088
        ],
        [
          0.26221616291538236,
          0.23357786322230187,
          0.014466228666890523,
          0.008983268268355582,
          0.19838066781947045,
          0.0036955678171155487,
          0.2786802412904837
        ],
        [
          0.11895973307488593,
          0.2500578639578964,
          0.23139432210355695,
          0.03472427032544121,
          0.055347888483351745,
          0.11742536052725686,
          0.19209056152761086
        ],
        [
          0.13283616831324932,
          0.033109033956824206,
          0.14503534680554386,
          0.1600216740336772,
          0.22799095324040328,
          0.14524903890390645,
          0.15575778474639565
        ],
        [
          0.14648571463851173,
          0.19747234512837505,
          0.25726106025825757,
          0.09648015929231243,
          0.13023122381034505,
          0.03756776146166919,
          0.13450173541052896
        ],
        [
          0.03283903411254178,
          0.19248441738621047,
          0.23500403065894693,
          0.24513408929588623,
          0.19534699052098314,
          0.06962806537235551,
          0.0295633726530759
        ],
        [
          0.17261326702296206,
          0.1290907273541651,
          0.20384368214874976,
          0.04264425583009646,
          0.18615069257557904,
          0.24055569733345444,
          0.025101677734993118
        ],
        [
          0.002864370189395229,
          0.2615600012327071,
          0.04974694651744023,
          0.20711310191164226,
          0.2544223885940576,
          0.1415104969945679,
          0.08278269456018966
        ],
        [
          0.30880164961701967,
          0.28335299034407896,
          0.053722630813505985,
          0.058946660024001236,
          0.037887685420670114,
          0.20610500416891078,
          0.051183379611813296
        ],
        [
          0.09434649127196909,
          0.28111820868948384,
          0.14866061217017637,
          0.11021769471769632,
          0.02912631349360716,
          0.2529766210251371,
          0.08355405863193016
        ],
        [
          0.24619650074590146,
          0.30603281280163075,
          0.048008306128302106,
          0.16760917249818438,
          0.0795574969386027,
          0.1301313249300735,
          0.02246438595730505
        ],
        [
          0.12076494619866533,
          0.18458398809305007,
          0.08789279192052349,
          0.19776734775910365,
          0.051166378564424124,
          0.1653535561755926,
          0.19247099128864079
        ],
        [
          0.05006572343638083,
          0.08747079335783607,
          0.2142978039934926,
          0.20394475123007022,
          0.19951902785785783,
          0.03315089807530058,
          0.2115510020490619
        ],
        [
          0.05433500426048841,
          0.14630182883667509,
          0.0931171012949375,
          0.18384436919429265,
          0.13611316454414663,
          0.19385836582630928,
          0.1924301660431504
        ],
        [
          0.1314353728780914,
          0.14466360339858228,
          0.12461015287476558,
          0.029782358447499584,
          0.18196124535509361,
          0.1085120548347034,
          0.2790352122112641
        ],
        [
          0.18013871912254076,
          0.19485689689358573,
          0.15452317645637464,
          0.05750376863142738,
          0.08807576390836246,
          0.1676453058021576,
          0.15725636918555153
        ],
        [
          0.2297473227770142,
          0.0759198540218272,
          0.2508943265428598,
          0.11829791149669036,
          0.03832659263830648,
          0.17993568170097998,
          0.10687831082232202
        ],
        [
          0.059619663793777804,
          0.24636009504376744,
          0.18562715206412192,
          0.1733861389997025,
          0.10031513094087662,
          0.04249597998089154,
          0.19219583917686214
        ],
        [
          0.1809275547687622,
          0.11204895779577538,
          0.145870120493522,
          0.20063323105501343,
          0.06771477462621298,
          0.16291054640193053,
          0.1298948148587834
        ],
        [
          0.030752178125543563,
          0.050616568732388637,
          0.3223250712046492,
          0.1917149540275423,
          0.31175570842094824,
          0.0002464691684778302,
          0.09258905032045021
        ],
        [
          0.17728021598911295,
          0.07550782101796022,
          0.039439461856030596,
          0.22688022174500036,
          0.14774070223522262,
          0.11736257017810293,
          0.21578900697857023
        ],
        [
          0.010395208156772421,
          0.01689498031503771,
          0.0234611214352731,
          0.3450772847856106,
          0.12098970219320168,
          0.4208642604028201,
          0.062317442711284275
        ],
        [
          0.08332239930296576,
          0.17790817306851361,
          0.14897611957968876,
          0.11601200415387594,
          0.13557557866880338,
          0.11401637322034439,
          0.22418935200580822
        ],
        [
          0.19783161591174267,
          0.1918553323362034,
          0.10938980960631814,
          0.24584289334371098,
          0.14058663556380196,
          0.06639698002621172,
          0.04809673321201116
        ],
        [
          0.20504428858604568,
          0.14289815062511466,
          0.16097376340023944,
          0.13783773703983013,
          0.03931674126231602,
          0.23231617253987513,
          0.081613146546579
        ],
        [
          0.2698114075445155,
          0.002329377223384084,
          0.07123492042811098,
          0.1371595770921309,
          0.17674640261508245,
          0.13047135843764732,
          0.21224695665912885
        ],
        [
          0.2695910742196141,
          0.05180228718564523,
          0.1746334533750937,
          0.005209001834625414,
          0.09088408707382038,
          0.2439288997105261,
          0.1639511966006751
        ],
        [
          0.2312462426521285,
          0.08426658037564846,
          0.048812555531920626,
          0.14647529793132394,
          0.1787262928349146,
          0.21689989404435317,
          0.09357313662971073
        ],
        [
          0.10311069251839135,
          0.3066544076508343,
          0.16311397070681605,
          0.04908888566297241,
          0.15238314591605917,
          0.1360813023219511,
          0.08956759522297558
        ],
        [
          0.13100883509058328,
          0.046170843498091384,
          0.18099303494084892,
          0.26125873454767207,
          0.24933808638652719,
          0.005019147092085978,
          0.1262113184441912
        ],
        [
          0.06375015576866999,
          0.21269008727943714,
          0.18061565282522501,
          0.13185062437567352,
          0.11951941802727405,
          0.1325463619830615,
          0.1590276997406588
        ],
        [
          0.19319784281006955,
          0.16561059748197224,
          0.12204363913393286,
          0.1705647441390038,
          0.11065528243017267,
          0.1033064478546105,
          0.13462144615023836
        ],
        [
          0.13085532277301418,
          0.135494565862537,
          0.25929094468551867,
          0.16328988548364207,
          0.06894743560670642,
          0.17215083943591494,
          0.06997100615266667
        ],
        [
          0.025136967617638496,
          0.03663241590539459,
          0.2656303870532184,
          0.27284695826768857,
          0.2724980684017431,
          0.10536867765775344,
          0.02188652509656336
        ],
        [
          0.13898609181529128,
          0.20353699941336764,
          0.07939332224744071,
          0.2549496480373848,
          0.089572569186207,
          0.0010302512465114291,
          0.23253111805379723
        ],
        [
          0.07684153002564986,
          0.14876268821518865,
          0.2073185764781857,
          0.035214841430618773,
          0.1004537726340544,
          0.02301164260216089,
          0.4083969486141417
        ],
        [
          0.14380330620018994,
          0.31129172350087136,
          0.1073012714850384,
          0.09081525565679124,
          0.22672885225579892,
          0.03355629114386205,
          0.08650329975744807
        ],
        [
          0.24859117020497276,
          0.01026729746624916,
          0.05323672019129906,
          0.12386590316293612,
          0.10613320690222533,
          0.1951251908617647,
          0.26278051121055285
        ],
        [
          0.16073928404912266,
          0.15021033912532042,
          0.11213374027682742,
          0.10089261525923761,
          0.2665790078548462,
          0.07360406761894264,
          0.13584094581570305
        ],
        [
          0.05332434518132358,
          0.020822377099557345,
          0.2440165711825825,
          0.050389281069086515,
          0.16154789292863497,
          0.17039610966195615,
          0.2995034228768589
        ],
        [
          0.15760181015018607,
          0.17396764416593277,
          0.14499271183963705,
          0.14601811271770557,
          0.08205163542553563,
          0.05696866665333593,
          0.238399419047667
        ],
        [
          0.27341726666229665,
          0.12505388300140607,
          0.008912543627473955,
          0.2834724024245297,
          0.06511547459088823,
          0.1714557436508067,
          0.07257268604259874
        ],
        [
          0.17152016783170002,
          0.01787810285911494,
          0.12907341685109905,
          0.12840308562935798,
          0.2181325223455426,
          0.19275540409778946,
          0.14223730038539603
        ],
        [
          0.2935447902922757,
          0.21862915455987472,
          0.004652248114490771,
          0.114494636932674,
          0.04865573991329467,
          0.02331540316234403,
          0.296708027025046
        ]
      ],
      "timestamps": [
        0,
        1,
        2,
        3,
        4,
        5,
        6,
        7,
        8,
        9,
        10,
        11,
        12,
        13,
        14,
        15,
        16,
        17,
        18,
        19,
        20,
        21,
        22,
        23,
        24,
        25,
        26,
        27,
        28,
        29,
        30,
        31,
        32,
        33,
        34,
        35,
        36,
        37,
        38,
        39,
        40,
        41,
        42,
        43,
        44,
        45,
        46,
        47,
        48,
        49,
        50,
        51,
        52,
        53,
        54,
        55,
        56,
        57,
        58
      ],
      "distance": 1287.8
    },
    {
      "trip_id": 1,
      "transport_method": "bicycle",
      "start_time": 59,
      "path": [
        [
          1.5271704000000008,
          42.50722119999999
        ],
        [
          1.5278806574953476,
          42.507290275885914
        ],
        [
          1.5274087877806275,
          42.50718618926189
        ],
        [
          1.5266974906198643,
          42.5071287999179
        ],
        [
          1.526187779780867,
          42.50690971234459
        ],
        [
          1.5268570219813296,
          42.50691676225922
        ],
        [
          1.526998847956684,
          42.506928613649265
        ],
        [
          1.5262877178946972,
          42.50686918955776
        ],
        [
          1.5265556313187538,
          42.50711735433274
        ],
        [
          1.527266928479517,
          42.50717474367672
        ],
        [
          1.5278948973449509,
          42.50718786812214
        ],
        [
          1.5274910786284313,
          42.50660490638117
        ],
        [
          1.5271234847492334,
          42.506010325145
        ],
        [
          1.5268268876808733,
          42.50602738020404
        ],
        [
          1.5270333180126474,
          42.50658742478505
        ],
        [
          1.526662454811532,
          42.506209060880266
        ],
        [
          1.5265673823986554,
          42.506261409374765
        ],
        [
          1.526412751787687,
          42.505912281855466
        ],
        [
          1.5260365319006444,
          42.50549897945792
        ],
        [
          1.5265269346742865,
          42.505278702177364
        ],
        [
          1.5272320140510098,
          42.505388703360225
        ],
        [
          1.5269854012528392,
          42.505492591750894
        ],
        [
          1.5276561079367224,
          42.505490938607416
        ],
        [
          1.5282175244440288,
          42.50556854447562
        ],
        [
          1.5279037354720633,
          42.50519427712823
        ],
        [
          1.5272105336707515,
          42.505205509367784
        ],
        [
          1.5265807439435906,
          42.50509043179474
        ],
        [
          1.5260741928747585,
          42.50481999716754
        ],
        [
          1.5253727984921952,
          42.50468853193327
        ],
        [
          1.5248324227967938,
          42.50487306624912
        ],
        [
          1.5241245993774555,
          42.50478287666233
        ],
        [
          1.5234633388982737,
          42.50471004239579
        ],
        [
          1.5227578547902327,
          42.50460532862454
        ],
        [
          1.5220486,
          42.50452870000001
        ]
      ],
      "emotions": [
        "purple",
        "red",
        "red",
        "red",
        "red",
        "red",
        "purple",
        "purple",
        "purple",
        "purple",
        "purple",
        "red",
        "red",
        "red",
        "red",
        "red",
        "purple",
        "purple",
        "purple",
        "purple",
        "purple",
        "purple",
        "purple",
        "purple",
        "purple",
        "purple",
        "red",
        "red",
        "red",
        "red",
        "red",
        "red",
        "red",
        "red"
      ],
      "mood_vectors": [
        [
          0.018248066570611798,
          0.2583017354339156,
          0.12354764863374941,
          0.024901955278314257,
          0.1605989726764445,
          0.24932079822281406,
          0.16508082318415032
        ],
        [
          0.22544819389349047,
          0.06201502445219938,
          0.12047881572867647,
          0.14806141810287046,
          0.06478804313753499,
          0.16030419156293327,
          0.218904313122295
        ],
        [
          0.15266014491309893,
          0.181187856627454,
          0.04786955036299836,
          0.14238607907942344,
          0.23907234951035725,
          0.02681328328897291,
          0.21001073621769503
        ],
        [
          0.18361252970760114,
          0.22565811486928014,
          0.21070969109438217,
          0.01394715988147683,
          0.0029629144714235244,
          0.23368438516964096,
          0.12942520480619527
        ],
        [
          0.11906698712201592,
          0.17025153502084,
          0.24991890018640375,
          0.10106177277628298,
          0.22340970654522593,
          0.10661420347489736,
          0.0296768948743341
        ],
        [
          0.040307574111007924,
          0.24739631353908792,
          0.026946646942714057,
          0.10051794348162764,
          0.03408598781079882,
          0.345912724638636,
          0.20483280947612767
        ],
        [
          0.10403575908068217,
          0.2076994182782222,
          0.3035567523037289,
          0.082715272852375,
          0.12605757896388536,
          0.14374866794260677,
          0.032186550578499555
        ],
        [
          0.17124562496980858,
          0.04547060812110835,
          0.1572992258350871,
          0.24266601675995034,
          0.206045224258733,
          0.08373723955204322,
          0.09353606050326933
        ],
        [
          0.19568659168386668,
          0.20105353908986628,
          0.1347029337737599,
          0.0720707116591605,
          0.1950122185909177,
          0.05843035571451919,
          0.14304364948790987
        ],
        [
          0.19685136619034796,
          0.04160243088340879,
          0.21342361748073702,
          0.12061502624441005,
          0.17248277937668854,
          0.08414250871462853,
          0.17088227110977908
        ],
        [
          0.07773520793917418,
          0.21670823850079468,
          0.19380678508531263,
          0.14859956529499363,
          0.09585424714779034,
          0.17178889463683586,
          0.09550706139509868
        ],
        [
          0.16661717754410352,
          0.18194795218490242,
          0.20791891488370232,
          0.08905890917113476,
          0.06752993014536603,
          0.2161073102120582,
          0.07081980585873265
        ],
        [
          0.06766523752617236,
          0.08542342716181452,
          0.0088262166900388,
          0.20718948722754837,
          0.18074951651914672,
          0.2605093310356914,
          0.1896367838395878
        ],
        [
          0.07394133818239705,
          0.26320655797308984,
          0.1797487701245493,
          0.012829480543903276,
          0.23136030288518283,
          0.13332177158748917,
          0.1055917787033886
        ],
        [
          0.16043864526628385,
          0.29521009561506406,
          0.15119338125564236,
          0.005826154341208336,
          0.0763243295756979,
          0.27068941875234503,
          0.04031797519375847
        ],
        [
          0.1929910243829279,
          0.03499785811385603,
          0.25819996977691495,
          0.11738030583757564,
          0.15896356984223525,
          0.220209001392512,
          0.017258270653978187
        ],
        [
          0.2030383888012981,
          0.05823136864740797,
          0.2133114744068849,
          0.2467143834347127,
          0.036832344747298615,
          0.07322054068399629,
          0.16865149927840142
        ],
        [
          0.24034420340036186,
          0.23704240639600185,
          0.18780431102724288,
          0.06335072425988345,
          0.015692668964837748,
          0.13975464340135985,
          0.11601104255031235
        ],
        [
          0.26268097228585124,
          0.061314368570274724,
          0.007914907174532868,
          0.12158317185989896,
          0.16950586467524145,
          0.15503834153274548,
          0.22196237390145523
        ],
        [
          0.17044122288749722,
          0.04589029789364313,
          0.16313650940167518,
          0.1024555591972009,
          0.22190368538591296,
          0.13153973463707289,
          0.16463299059699776
        ],
        [
          0.06910354691626461,
          0.2321507841196733,
          0.05241235761599386,
          0.005158143753596598,
          0.10951382093440466,
          0.18343574773596327,
          0.3482255989241037
        ],
        [
          0.1092751751793818,
          0.16650273461731574,
          0.23910340640040947,
          0.23612870074653008,
          0.15525486631715407,
          0.04757160596246976,
          0.04616351077673903
        ],
        [
          0.006772592649067437,
          0.146542723697754,
          0.07897368881987026,
          0.2822123248214815,
          0.022876584728280375,
          0.2044062569335797,
          0.25821582834996676
        ],
        [
          0.01598381832203145,
          0.18749713603151896,
          0.22486724413232284,
          0.22907421309172663,
          0.08175966707418432,
          0.15252934182891112,
          0.10828857951930466
        ],
        [
          0.36295790583031345,
          0.020296997114292153,
          0.22617917068372687,
          0.16792693835438777,
          0.00877786733684788,
          0.21118936503536043,
          0.0026717556450714048
        ],
        [
          0.14575593052821934,
          0.16048760777216303,
          0.028625594174070578,
          0.20569827779351127,
          0.06949634070958212,
          0.20515689110064994,
          0.18477935792180364
        ],
        [
          0.13996215698014244,
          0.16070342816657598,
          0.294412684451437,
          0.024227654441708928,
          0.13663896877656934,
          0.23104090126484486,
          0.013014205918721487
        ],
        [
          0.15584691220068106,
          0.05671853824967842,
          0.02046618183420605,
          0.2670919365694492,
          0.21101467357493697,
          0.23421756195142573,
          0.054644195619622526
        ],
        [
          0.026920881356859414,
          0.17206897297134024,
          0.20551201524286952,
          0.0977739468452342,
          0.05574123438660667,
          0.2044850424025831,
          0.23749790679450686
        ],
        [
          0.10461588181464603,
          0.1736705806228686,
          0.05321026143851396,
          0.18903072188812156,
          0.19893365569530116,
          0.13995856378628346,
          0.1405803347542652
        ],
        [
          0.24796069523964293,
          0.1751103419386294,
          0.2184063076738643,
          0.0843542352692827,
          0.006766976794439495,
          0.06090701530497614,
          0.206494427779165
        ],
        [
          0.24294239923826985,
          0.08469650103162583,
          0.21170989336740376,
          0.04463757303506914,
          0.033414850320515894,
          0.18073565471229255,
          0.20186312829482292
        ],
        [
          0.07719404451446142,
          0.04385387752954366,
          0.23563596442046925,
          0.09620370861027601,
          0.2264326958645229,
          0.1940456016564655,
          0.12663410740426123
        ],
        [
          0.184432534385169,
          0.18309810927826728,
          0.023919254624074557,
          0.06196176044243458,
          0.20527229590080606,
          0.208902483832288,
          0.1324135615369605
        ]
      ],
      "timestamps": [
        59,
        60,
        61,
        62,
        63,
        64,
        65,
        66,
        67,
        68,
        69,
        70,
        71,
        72,
        73,
        74,
        75,
        76,
        77,
        78,
        79,
        80,
        81,
        82,
        83,
        84,
        85,
        86,
        87,
        88,
        89,
        90,
        91,
        92
      ],
      "distance": 715
    },
    {
      "trip_id": 2,
      "transport_method": "foot",
      "start_time": 93,
      "path": [
        [
          1.5228081,
          42.5046115
        ],
        [
          1.5233662507496222,
          42.50463089618345
        ],
        [
          1.5239710521574754,
          42.504752136429666
        ],
        [
          1.5245810076962616,
          42.504841661996416
        ],
        [
          1.5251931190689878,
          42.504917839635084
        ],
        [
          1.525634923977121,
          42.50473766319115
        ],
        [
          1.5262412000000003,
          42.5048513
        ]
      ],
      "emotions": [
        "red",
        "red",
        "purple",
        "purple",
        "purple",
        "purple",
        "purple"
      ],
      "mood_vectors": [
        [
          0.1961049020318863,
          0.1546788538008959,
          0.1295809691279576,
          0.0922660775715231,
          0.11392793267854878,
          0.1851823917901506,
          0.1282588729990378
        ],
        [
          0.035185657259506245,
          0.3026591072305796,
          0.16645135866515692,
          0.267223789892697,
          0.025446624428801263,
          0.045593682105217255,
          0.15743978041804177
        ],
        [
          0.24804082452187745,
          0.039522247299264325,
          0.012501606093854907,
          0.27994082020305006,
          0.14380127338128598,
          0.22882846944093338,
          0.047364759059733884
        ],
        [
          0.04421089985514602,
          0.015804181667506644,
          0.2937615914614667,
          0.006332829619086029,
          0.23021869345744253,
          0.15774145964495415,
          0.2519303442943979
        ],
        [
          0.2614452576138015,
          0.2828652879299243,
          0.018817364542449755,
          0.04655039942102096,
          0.06692178141279553,
          0.2674465905204809,
          0.055953318559526975
        ],
        [
          0.08062792212211488,
          0.14190345077185626,
          0.1497466248847683,
          0.12796352290751556,
          0.13279756848908353,
          0.09446946583515801,
          0.2724914449895035
        ],
        [
          0.10531113285815046,
          0.2173305787355168,
          0.0528750562536351,
          0.15186731823021454,
          0.30351204164593265,
          0.039591411678307084,
          0.12951246059824337
        ]
      ],
      "timestamps": [
        93,
        94,
        95,
        96,
        97,
        98,
        99
      ],
      "distance": 774
    }
  ],
  "conversation": [
    "There's a temple hidden back here? No way.",
    "Should I grab trinxat or a quick bocata?",
    "Let's take a different route."
  ],
  "conversation_timestamps": [
    17,
    60,
    91
  ]
}
