{"agent_id": "agent-red-756", "type": "red", "trips": [{"trip_id": 0, "transport_method": "bicycle", "start_time": 0, "path": [[1.5878849, 42.533885], [1.5871632, 42.5332673], [1.5863123, 42.5340184], [1.5852523, 42.5334862], [1.5851339, 42.533339], [1.5841396, 42.5325088], [1.5830439, 42.5318272], [1.5817608, 42.5316976], [1.5804632, 42.5317417], [1.5791661, 42.5317927], [1.5778684, 42.5317788], [1.5765768, 42.5316496], [1.5753007, 42.5314117], [1.57424, 42.5307199], [1.5732881, 42.529837], [1.5736768, 42.5305427], [1.5747611, 42.5312391], [1.5739406, 42.5304483], [1.5729826, 42.5295723], [1.5717378, 42.5293325], [1.5706679, 42.5288802], [1.5696295, 42.5281007], [1.5703762, 42.5285764], [1.5713229, 42.5293737], [1.5702423, 42.5286539], [1.5691617, 42.5279341], [1.5680811, 42.5272143], [1.5679914, 42.5271476], [1.5690969, 42.5278052], [1.5680408, 42.5270987], [1.5669626, 42.5263753], [1.5658745, 42.5256731], [1.5646604, 42.5252241], [1.5634705, 42.52479], [1.5623588, 42.524172], [1.5614658, 42.5232369], [1.5603888, 42.5225187], [1.5593362, 42.5218283], [1.5583474, 42.5209873], [1.5574202, 42.520079], [1.5570114, 42.5195865], [1.5561708, 42.5186519], [1.5566428, 42.5192699], [1.555653, 42.5184296], [1.5551061, 42.5179587], [1.5546587, 42.5176341], [1.5536947, 42.516789], [1.5545624, 42.5177156], [1.5537284, 42.5167205], [1.5532106, 42.5155488], [1.5527037, 42.5143992], [1.5521767, 42.5133506], [1.5510923, 42.5126591], [1.5500255, 42.5119679], [1.5487869, 42.5115865], [1.547525, 42.5112814], [1.5464247, 42.5106934], [1.5464185, 42.5099815], [1.5456825, 42.5094924], [1.5444128, 42.5093046], [1.5431697, 42.5089777], [1.5418916, 42.5089027], [1.5407425, 42.5093976], [1.5396335, 42.510025], [1.5384695, 42.5100577], [1.5371719, 42.5100275], [1.5358861, 42.5099353], [1.5345899, 42.5099205], [1.5333624, 42.5100095], [1.5320967, 42.5098491], [1.530877, 42.5094049], [1.5296465, 42.5090731], [1.528402, 42.508762], [1.5271846, 42.5083607], [1.5258983, 42.5082168], [1.5246558, 42.5078523], [1.5233664, 42.5078069], [1.5221338, 42.5075378], [1.5217261, 42.5072043], [1.5210071, 42.5070076]], "mood_vectors": [[0.5778, 0.052, 0.0811, 0.0616, 0.0746, 0.0695, 0.0836], [0.732, 0.0226, 0.0597, 0.0155, 0.0352, 0.0618, 0.0731], [0.6976, 0.0696, 0.0246, 0.0279, 0.0846, 0.0319, 0.0639], [0.7261, 0.0373, 0.0428, 0.072, 0.0277, 0.025, 0.069], [0.7249, 0.0753, 0.0458, 0.0476, 0.0295, 0.0343, 0.0426], [0.659, 0.0768, 0.0466, 0.0817, 0.0193, 0.0575, 0.059], [0.7099, 0.0678, 0.0312, 0.017, 0.0721, 0.0771, 0.0249], [0.654, 0.0491, 0.0764, 0.0757, 0.05, 0.0131, 0.0816], [0.7177, 0.0154, 0.0841, 0.0409, 0.0409, 0.054, 0.047], [0.6198, 0.0588, 0.0569, 0.0634, 0.0675, 0.0688, 0.0647], [0.6368, 0.0857, 0.0191, 0.038, 0.043, 0.0884, 0.0889], [0.8103, 0.0405, 0.0216, 0.0356, 0.0358, 0.0371, 0.0192], [0.6886, 0.0423, 0.0724, 0.0288, 0.0651, 0.0416, 0.0611], [0.7373, 0.0219, 0.0312, 0.0753, 0.0486, 0.0186, 0.0671], [0.6935, 0.0469, 0.0488, 0.0513, 0.0398, 0.0464, 0.0732], [0.7219, 0.0355, 0.0519, 0.037, 0.0752, 0.0627, 0.0157], [0.7372, 0.0581, 0.0305, 0.0423, 0.0486, 0.0194, 0.0638], [0.7787, 0.0269, 0.0613, 0.0181, 0.0161, 0.0578, 0.0411], [0.6487, 0.0262, 0.0691, 0.0919, 0.033, 0.0414, 0.0896], [0.6908, 0.0592, 0.0363, 0.0503, 0.0607, 0.0539, 0.0488], [0.7389, 0.0255, 0.0582, 0.0266, 0.0663, 0.063, 0.0215], [0.7555, 0.0158, 0.0757, 0.0318, 0.0326, 0.0472, 0.0415], [0.728, 0.0262, 0.0525, 0.0396, 0.0561, 0.0339, 0.0637], [0.7549, 0.0303, 0.0488, 0.0272, 0.0475, 0.0392, 0.0521], [0.6572, 0.0669, 0.0474, 0.0251, 0.0622, 0.0738, 0.0673], [0.7388, 0.0338, 0.0573, 0.0238, 0.0649, 0.0236, 0.0576], [0.6839, 0.0693, 0.0271, 0.0604, 0.0224, 0.0742, 0.0627], [0.6253, 0.0733, 0.0578, 0.045, 0.0806, 0.0981, 0.0198], [0.7026, 0.0887, 0.0582, 0.0176, 0.0765, 0.0197, 0.0367], [0.6675, 0.0236, 0.0486, 0.0947, 0.0405, 0.0997, 0.0253], [0.6815, 0.0272, 0.047, 0.0749, 0.0637, 0.0418, 0.064], [0.7092, 0.0446, 0.0478, 0.0436, 0.0657, 0.0179, 0.0712], [0.6336, 0.0457, 0.0789, 0.0496, 0.0322, 0.0633, 0.0967], [0.6854, 0.0445, 0.0641, 0.0562, 0.0356, 0.0835, 0.0307], [0.6799, 0.0835, 0.0349, 0.047, 0.0555, 0.0708, 0.0283], [0.708, 0.0292, 0.0682, 0.0472, 0.0189, 0.0749, 0.0536], [0.6856, 0.0313, 0.0304, 0.0712, 0.078, 0.0707, 0.033], [0.6744, 0.0324, 0.043, 0.0594, 0.0591, 0.0557, 0.0759], [0.694, 0.0492, 0.0383, 0.0574, 0.0696, 0.0474, 0.0441], [0.6618, 0.0751, 0.0422, 0.078, 0.0366, 0.0629, 0.0435], [0.6759, 0.0223, 0.0549, 0.0618, 0.06, 0.0652, 0.0599], [0.6826, 0.0576, 0.0511, 0.0488, 0.0429, 0.0696, 0.0474], [0.6904, 0.0819, 0.014, 0.055, 0.0537, 0.039, 0.0659], [0.7407, 0.0427, 0.0247, 0.0753, 0.021, 0.0242, 0.0715], [0.6877, 0.0686, 0.0365, 0.0708, 0.0679, 0.0198, 0.0486], [0.6288, 0.0735, 0.0834, 0.0175, 0.0459, 0.0768, 0.0741], [0.5943, 0.0666, 0.0593, 0.0794, 0.0684, 0.0801, 0.052], [0.6971, 0.0752, 0.0407, 0.0615, 0.0186, 0.0324, 0.0745], [0.8538, 0.0227, 0.015, 0.0334, 0.0155, 0.0357, 0.0239], [0.6688, 0.0144, 0.0791, 0.0788, 0.0713, 0.0125, 0.075], [0.7042, 0.0527, 0.0468, 0.0627, 0.0561, 0.0585, 0.019], [0.7285, 0.0329, 0.053, 0.0434, 0.0877, 0.0267, 0.0278], [0.7548, 0.0393, 0.06, 0.0203, 0.0297, 0.0168, 0.079], [0.656, 0.0795, 0.0733, 0.0535, 0.0341, 0.0699, 0.0338], [0.7349, 0.0292, 0.0167, 0.0394, 0.0379, 0.0977, 0.0441], [0.6997, 0.0411, 0.0689, 0.022, 0.0606, 0.054, 0.0537], [0.77, 0.0184, 0.0283, 0.0457, 0.0649, 0.0383, 0.0343], [0.7246, 0.0511, 0.0112, 0.0295, 0.0485, 0.0729, 0.0622], [0.6691, 0.0778, 0.0667, 0.0556, 0.0406, 0.0383, 0.0518], [0.668, 0.0621, 0.0801, 0.0443, 0.042, 0.0451, 0.0584], [0.644, 0.0219, 0.079, 0.0475, 0.0754, 0.0658, 0.0664], [0.7567, 0.06, 0.0287, 0.0394, 0.0735, 0.0245, 0.0173], [0.6566, 0.0658, 0.0407, 0.073, 0.0653, 0.055, 0.0436], [0.6948, 0.0903, 0.0307, 0.0194, 0.0638, 0.0576, 0.0435], [0.676, 0.0689, 0.0299, 0.0418, 0.0767, 0.0863, 0.0204], [0.7697, 0.0172, 0.0205, 0.0624, 0.0619, 0.0266, 0.0418], [0.647, 0.0776, 0.0827, 0.0379, 0.0523, 0.0757, 0.0267], [0.6957, 0.0554, 0.0463, 0.0716, 0.0431, 0.0708, 0.0171], [0.6808, 0.0613, 0.0562, 0.043, 0.0617, 0.0761, 0.021], [0.669, 0.0748, 0.0707, 0.012, 0.0789, 0.0449, 0.0497], [0.6898, 0.0176, 0.0765, 0.0272, 0.0469, 0.0848, 0.0571], [0.638, 0.0821, 0.0173, 0.0757, 0.0573, 0.0563, 0.0732], [0.7191, 0.0727, 0.0617, 0.033, 0.0332, 0.0583, 0.0219], [0.6858, 0.0907, 0.0609, 0.0395, 0.0137, 0.0336, 0.0759], [0.697, 0.0683, 0.0465, 0.0372, 0.0822, 0.0443, 0.0244], [0.6397, 0.0307, 0.0645, 0.0328, 0.0952, 0.0434, 0.0938], [0.7332, 0.0557, 0.0407, 0.0149, 0.0726, 0.0616, 0.0212], [0.7274, 0.0272, 0.0186, 0.0729, 0.0479, 0.0503, 0.0558], [0.72, 0.0373, 0.06, 0.0195, 0.0534, 0.0208, 0.0889], [0.6667, 0.0437, 0.0855, 0.0807, 0.0253, 0.0347, 0.0634]], "emotions": ["red", "red", "red", "red", "red", "red", "red", "red", "red", "red", "red", "red", "red", "red", "red", "red", "red", "red", "red", "red", "red", "red", "red", "red", "red", "red", "red", "red", "red", "red", "red", "red", "red", "red", "red", "red", "red", "red", "red", "red", "red", "red", "red", "red", "red", "red", "red", "red", "red", "red", "red", "red", "red", "red", "red", "red", "red", "red", "red", "red", "red", "red", "red", "red", "red", "red", "red", "red", "red", "red", "red", "red", "red", "red", "red", "red", "red", "red", "red", "red"], "timestamps": [0, 40, 80, 120, 160, 200, 240, 280, 320, 360, 400, 440, 480, 520, 560, 600, 640, 680, 720, 760, 800, 840, 880, 920, 960, 1000, 1040, 1080, 1120, 1160, 1200, 1240, 1280, 1320, 1360, 1400, 1440, 1480, 1520, 1560, 1600, 1640, 1680, 1720, 1760, 1800, 1840, 1880, 1920, 1960, 2000, 2040, 2080, 2120, 2160, 2200, 2240, 2280, 2320, 2360, 2400, 2440, 2480, 2520, 2560, 2600, 2640, 2680, 2720, 2760, 2800, 2840, 2880, 2920, 2960, 3000, 3040, 3080, 3120, 3160]}], "conversation": [], "conversation_timestamps": []}