{"agent_id": "agent-red-1776", "type": "red", "trips": [{"trip_id": 0, "transport_method": "foot", "start_time": 0, "path": [[1.5312616, 42.5167915], [1.5307373, 42.5170708], [1.5302256, 42.5173389], [1.5296446, 42.5174612], [1.5290517, 42.5175062], [1.5284703, 42.517491], [1.528871, 42.5172728], [1.529453, 42.5171797], [1.5299938, 42.516933], [1.530506, 42.5166316], [1.5310243, 42.5163522], [1.5314702, 42.5159655], [1.5319519, 42.515617], [1.5324163, 42.5152457], [1.5328759, 42.5148687], [1.5334304, 42.5146886], [1.5329801, 42.5145882], [1.5324253, 42.5147943], [1.5319165, 42.5151004], [1.5314087, 42.515223], [1.5317807, 42.5148402], [1.5321884, 42.5144127], [1.5326748, 42.5140777], [1.5332266, 42.5138681], [1.5337948, 42.513696], [1.5341373, 42.5133124], [1.5340406, 42.513444], [1.5342803, 42.5128996], [1.5338755, 42.512588], [1.5335922, 42.5120838], [1.5333774, 42.5115746], [1.5331863, 42.511035], [1.5326339, 42.5108202], [1.5320666, 42.5106416], [1.5315049, 42.5104467], [1.5309573, 42.5102172], [1.5303699, 42.5102426], [1.5297802, 42.5101673], [1.5292467, 42.5100656], [1.5288178, 42.5096536], [1.5285585, 42.5094146], [1.5290042, 42.5097992], [1.5293791, 42.5101928], [1.5289475, 42.5097836], [1.5285159, 42.5093744], [1.5280843, 42.5089652], [1.5275918, 42.5086354], [1.5270161, 42.5085198], [1.5264242, 42.5084757], [1.5258485, 42.5083276], [1.5253661, 42.5080538], [1.5247951, 42.5078884], [1.5242121, 42.5077749], [1.523618, 42.5077949], [1.5230453, 42.5077825], [1.5224528, 42.507731], [1.521913, 42.5076686], [1.5213846, 42.5075176], [1.5207902, 42.5074989], [1.5202163, 42.5074016], [1.5196493, 42.5073386], [1.5191239, 42.5070614], [1.5186696, 42.5067163], [1.5186906, 42.5066614], [1.518201, 42.5063237], [1.5176854, 42.5060456], [1.5171492, 42.5059158], [1.5165959, 42.505708], [1.5160579, 42.5054552], [1.5154957, 42.5052617], [1.5150578, 42.504906], [1.5149413, 42.5046855], [1.5146579, 42.5043577], [1.5142366, 42.50394], [1.5138066, 42.5035354], [1.5134353, 42.5030749], [1.5130111, 42.5026655], [1.5125293, 42.5023177], [1.5120421, 42.5019778], [1.5115513, 42.5016468]], "mood_vectors": [[0.7299, 0.0731, 0.0581, 0.0523, 0.022, 0.0454, 0.0192], [0.7361, 0.0385, 0.0353, 0.0571, 0.0914, 0.0213, 0.0204], [0.6845, 0.0308, 0.0905, 0.0515, 0.0411, 0.0445, 0.057], [0.7413, 0.0207, 0.0682, 0.0305, 0.0526, 0.016, 0.0706], [0.7047, 0.0402, 0.0618, 0.0442, 0.0295, 0.0527, 0.0669], [0.7003, 0.0651, 0.0462, 0.0365, 0.0652, 0.0382, 0.0486], [0.5934, 0.0519, 0.0803, 0.0742, 0.0462, 0.0663, 0.0877], [0.7884, 0.0237, 0.0181, 0.0532, 0.0504, 0.0393, 0.027], [0.7627, 0.0237, 0.0381, 0.0253, 0.0665, 0.0467, 0.037], [0.7436, 0.0492, 0.0761, 0.0474, 0.0137, 0.0411, 0.029], [0.6686, 0.0323, 0.0959, 0.029, 0.0873, 0.0236, 0.0632], [0.6844, 0.0223, 0.0789, 0.0441, 0.0807, 0.0241, 0.0655], [0.7176, 0.0166, 0.0866, 0.0424, 0.0521, 0.051, 0.0337], [0.684, 0.0783, 0.0287, 0.0651, 0.0205, 0.064, 0.0594], [0.7402, 0.02, 0.0789, 0.0536, 0.0491, 0.039, 0.0191], [0.7402, 0.0582, 0.0634, 0.0473, 0.0503, 0.0223, 0.0184], [0.681, 0.0459, 0.0412, 0.0702, 0.0638, 0.0595, 0.0385], [0.6953, 0.0209, 0.0284, 0.0545, 0.0426, 0.0823, 0.0761], [0.7405, 0.041, 0.0345, 0.0589, 0.0251, 0.0508, 0.0493], [0.5993, 0.0345, 0.0931, 0.0722, 0.0928, 0.0703, 0.0377], [0.762, 0.0794, 0.0163, 0.036, 0.0574, 0.0307, 0.0182], [0.7095, 0.0326, 0.0632, 0.0448, 0.0752, 0.0386, 0.0359], [0.6787, 0.0231, 0.0835, 0.039, 0.0827, 0.0227, 0.0703], [0.7299, 0.0235, 0.0415, 0.0665, 0.0847, 0.0361, 0.0178], [0.6667, 0.0207, 0.0347, 0.0853, 0.0781, 0.0503, 0.0641], [0.6009, 0.0651, 0.0497, 0.0585, 0.0821, 0.0844, 0.0593], [0.7352, 0.0225, 0.0699, 0.0507, 0.0266, 0.0756, 0.0195], [0.6748, 0.0818, 0.0182, 0.0486, 0.0592, 0.0553, 0.0619], [0.6721, 0.0543, 0.0481, 0.0145, 0.0772, 0.0524, 0.0815], [0.7075, 0.0585, 0.0307, 0.0566, 0.0456, 0.0438, 0.0572], [0.6341, 0.0626, 0.0849, 0.0855, 0.0617, 0.0268, 0.0444], [0.6743, 0.0344, 0.0693, 0.0553, 0.0523, 0.0731, 0.0413], [0.7129, 0.0447, 0.026, 0.0782, 0.0463, 0.0674, 0.0246], [0.724, 0.0371, 0.04, 0.0275, 0.0343, 0.0826, 0.0544], [0.6095, 0.0882, 0.0933, 0.0233, 0.0532, 0.0793, 0.0533], [0.6967, 0.0189, 0.0831, 0.0194, 0.046, 0.0779, 0.058], [0.5785, 0.0792, 0.044, 0.0719, 0.0818, 0.0665, 0.0781], [0.7286, 0.0257, 0.0625, 0.0267, 0.0398, 0.0618, 0.0549], [0.7551, 0.0141, 0.0203, 0.0556, 0.0302, 0.085, 0.0396], [0.6957, 0.0692, 0.0305, 0.0236, 0.0209, 0.0858, 0.0743], [0.7212, 0.0248, 0.0582, 0.0375, 0.0644, 0.0149, 0.0791], [0.7101, 0.0312, 0.0437, 0.0216, 0.0738, 0.0602, 0.0593], [0.6287, 0.0606, 0.0239, 0.0753, 0.0698, 0.0891, 0.0527], [0.7714, 0.0456, 0.0211, 0.0699, 0.0623, 0.014, 0.0156], [0.7573, 0.0141, 0.0494, 0.0347, 0.0815, 0.0451, 0.018], [0.7266, 0.0224, 0.0451, 0.0642, 0.0512, 0.0665, 0.024], [0.6981, 0.0893, 0.0234, 0.0528, 0.0216, 0.0721, 0.0427], [0.7017, 0.0486, 0.055, 0.0514, 0.0704, 0.0229, 0.0501], [0.6817, 0.0292, 0.0545, 0.078, 0.0484, 0.0409, 0.0672], [0.7095, 0.064, 0.0242, 0.0169, 0.0509, 0.0352, 0.0993], [0.6228, 0.0206, 0.081, 0.0751, 0.0703, 0.0565, 0.0737], [0.7024, 0.0846, 0.0503, 0.0385, 0.0226, 0.0608, 0.0408], [0.7671, 0.0782, 0.0201, 0.0314, 0.064, 0.0214, 0.0178], [0.7288, 0.0787, 0.0443, 0.0335, 0.0576, 0.0281, 0.029], [0.7917, 0.0356, 0.0262, 0.0613, 0.0515, 0.0198, 0.0139], [0.7348, 0.0444, 0.0435, 0.0311, 0.0422, 0.0581, 0.0458], [0.592, 0.0718, 0.087, 0.062, 0.0421, 0.0793, 0.0659], [0.7483, 0.0365, 0.0215, 0.0542, 0.0373, 0.0651, 0.0371], [0.6819, 0.0751, 0.0717, 0.0648, 0.0554, 0.033, 0.0181], [0.7112, 0.0708, 0.0529, 0.0505, 0.0276, 0.0138, 0.0732], [0.6751, 0.0676, 0.0373, 0.021, 0.0692, 0.0679, 0.0618], [0.5907, 0.0726, 0.0366, 0.0735, 0.0668, 0.0728, 0.0869], [0.6792, 0.0736, 0.0787, 0.0857, 0.0185, 0.0346, 0.0297], [0.7895, 0.0341, 0.0382, 0.0338, 0.0531, 0.0311, 0.0203], [0.7387, 0.0599, 0.0261, 0.0639, 0.0673, 0.0303, 0.0137], [0.6519, 0.0814, 0.0785, 0.0507, 0.0655, 0.0296, 0.0424], [0.624, 0.0748, 0.0352, 0.0314, 0.0841, 0.0816, 0.0689], [0.6903, 0.0151, 0.065, 0.0588, 0.063, 0.0394, 0.0684], [0.6711, 0.0801, 0.0278, 0.092, 0.036, 0.0443, 0.0487], [0.6915, 0.0523, 0.068, 0.0599, 0.0349, 0.0201, 0.0732], [0.6254, 0.0816, 0.0784, 0.0836, 0.0184, 0.0799, 0.0328], [0.6485, 0.0634, 0.0505, 0.0835, 0.0279, 0.0686, 0.0577], [0.6284, 0.0841, 0.0719, 0.0413, 0.0651, 0.0496, 0.0596], [0.6312, 0.0698, 0.0412, 0.0728, 0.0858, 0.0687, 0.0306], [0.7091, 0.0334, 0.0385, 0.0666, 0.0678, 0.042, 0.0426], [0.771, 0.049, 0.0392, 0.0389, 0.0692, 0.0124, 0.0203], [0.6894, 0.0459, 0.0408, 0.0433, 0.0792, 0.0255, 0.0758], [0.731, 0.0849, 0.0244, 0.0323, 0.0829, 0.0158, 0.0286], [0.6537, 0.0689, 0.0446, 0.0572, 0.0758, 0.0637, 0.036], [0.6382, 0.0201, 0.0518, 0.0862, 0.0867, 0.0607, 0.0563]], "emotions": ["red", "red", "red", "red", "red", "red", "red", "red", "red", "red", "red", "red", "red", "red", "red", "red", "red", "red", "red", "red", "red", "red", "red", "red", "red", "red", "red", "red", "red", "red", "red", "red", "red", "red", "red", "red", "red", "red", "red", "red", "red", "red", "red", "red", "red", "red", "red", "red", "red", "red", "red", "red", "red", "red", "red", "red", "red", "red", "red", "red", "red", "red", "red", "red", "red", "red", "red", "red", "red", "red", "red", "red", "red", "red", "red", "red", "red", "red", "red", "red"], "timestamps": [0, 40, 80, 120, 160, 200, 240, 280, 320, 360, 400, 440, 480, 520, 560, 600, 640, 680, 720, 760, 800, 840, 880, 920, 960, 1000, 1040, 1080, 1120, 1160, 1200, 1240, 1280, 1320, 1360, 1400, 1440, 1480, 1520, 1560, 1600, 1640, 1680, 1720, 1760, 1800, 1840, 1880, 1920, 1960, 2000, 2040, 2080, 2120, 2160, 2200, 2240, 2280, 2320, 2360, 2400, 2440, 2480, 2520, 2560, 2600, 2640, 2680, 2720, 2760, 2800, 2840, 2880, 2920, 2960, 3000, 3040, 3080, 3120, 3160]}], "conversation": [], "conversation_timestamps": []}