{"agent_id": "agent-green-1542", "type": "green", "trips": [{"trip_id": 0, "transport_method": "foot", "start_time": 0, "path": [[1.5124532, 42.5004304], [1.5126696, 42.50032], [1.5125966, 42.5006632], [1.5129255, 42.5010431], [1.5132702, 42.5014127], [1.5136138, 42.5017834], [1.5139574, 42.5021541], [1.5139785, 42.5022889], [1.5136108, 42.5019488], [1.5132952, 42.501554], [1.5130013, 42.5011428], [1.5132444, 42.5013084], [1.5136336, 42.501631], [1.5140228, 42.5019535], [1.5144119, 42.502276], [1.5148011, 42.5025985], [1.5148648, 42.5026383], [1.5152855, 42.5029184], [1.5157063, 42.5031985], [1.515593, 42.5031009], [1.5151662, 42.5028301], [1.5154695, 42.5030391], [1.5158877, 42.5033231], [1.5163182, 42.5035867], [1.5168053, 42.5037166], [1.5173091, 42.5037471], [1.5178113, 42.5036981], [1.5183126, 42.5036333], [1.5188139, 42.5035686], [1.5192297, 42.5037691], [1.5197217, 42.5038296], [1.5201986, 42.5039414], [1.5206658, 42.5041344], [1.521133, 42.5043273], [1.5216088, 42.5044965], [1.5220262, 42.5047642], [1.5224925, 42.5049206], [1.5229927, 42.5049938], [1.5234535, 42.5051761], [1.5239025, 42.5054055], [1.5243099, 42.5056592], [1.5246311, 42.5060482], [1.5250272, 42.5063614], [1.5255074, 42.5063065], [1.5260017, 42.5064119], [1.5264961, 42.5065173], [1.5269904, 42.5066227], [1.5265417, 42.5066055], [1.526039, 42.5065583], [1.5255538, 42.5064198], [1.5255854, 42.5063233], [1.5260796, 42.5064291], [1.5265739, 42.5065349], [1.5270682, 42.5066406], [1.5275137, 42.5068615], [1.5278525, 42.5072207], [1.5282854, 42.5074749], [1.5286926, 42.5077742], [1.5290899, 42.5080625], [1.5294904, 42.5083652], [1.529381, 42.5083644], [1.5294981, 42.5083382], [1.5298984, 42.5086466], [1.5303419, 42.5088887], [1.5306063, 42.5092228], [1.5308607, 42.5093991], [1.5313335, 42.5095778], [1.531808, 42.5097518], [1.5322855, 42.5098714], [1.5326891, 42.5101757], [1.5331123, 42.5104464], [1.533533, 42.5107227], [1.5338608, 42.5111037], [1.5342569, 42.5113589], [1.5346722, 42.511647], [1.5351018, 42.5119124], [1.5355047, 42.5121903], [1.5355062, 42.512657], [1.5359657, 42.5126148], [1.5364206, 42.5124046]], "mood_vectors": [[0.0217, 0.0177, 0.0438, 0.0629, 0.0168, 0.0783, 0.7589], [0.0495, 0.05, 0.031, 0.0231, 0.057, 0.0724, 0.717], [0.0285, 0.0624, 0.0799, 0.0787, 0.0735, 0.0488, 0.6282], [0.0445, 0.0675, 0.0237, 0.05, 0.0314, 0.0661, 0.7168], [0.0608, 0.0401, 0.0293, 0.0553, 0.0357, 0.0369, 0.7419], [0.0634, 0.0626, 0.07, 0.017, 0.0155, 0.085, 0.6866], [0.0451, 0.0706, 0.0447, 0.0711, 0.0138, 0.0683, 0.6864], [0.078, 0.0366, 0.0248, 0.0203, 0.078, 0.0491, 0.7132], [0.057, 0.0807, 0.0486, 0.0878, 0.0556, 0.0418, 0.6285], [0.0193, 0.0427, 0.0323, 0.0449, 0.0488, 0.0737, 0.7383], [0.0548, 0.059, 0.0211, 0.0496, 0.0632, 0.0688, 0.6835], [0.0232, 0.0246, 0.0407, 0.0419, 0.0618, 0.0516, 0.7562], [0.0386, 0.0255, 0.0426, 0.0483, 0.0683, 0.0869, 0.6898], [0.0756, 0.0347, 0.063, 0.0625, 0.0407, 0.0347, 0.6889], [0.0413, 0.0448, 0.0249, 0.0444, 0.0163, 0.0676, 0.7607], [0.0437, 0.0169, 0.0283, 0.0441, 0.0614, 0.0362, 0.7694], [0.0872, 0.0156, 0.0423, 0.0136, 0.0754, 0.0259, 0.7399], [0.0135, 0.0255, 0.0818, 0.0347, 0.0666, 0.069, 0.7089], [0.0835, 0.0793, 0.0709, 0.0338, 0.0878, 0.0503, 0.5944], [0.0551, 0.0807, 0.0119, 0.0802, 0.0143, 0.0515, 0.7062], [0.0563, 0.0361, 0.0211, 0.0388, 0.055, 0.0318, 0.761], [0.0574, 0.054, 0.0465, 0.0937, 0.0208, 0.0587, 0.6689], [0.054, 0.0587, 0.0909, 0.0459, 0.0799, 0.0666, 0.604], [0.0323, 0.0511, 0.0353, 0.0727, 0.0699, 0.0704, 0.6684], [0.0497, 0.0491, 0.0335, 0.0172, 0.0605, 0.0487, 0.7414], [0.0353, 0.033, 0.02, 0.0777, 0.0351, 0.0345, 0.7644], [0.0627, 0.0518, 0.0736, 0.0886, 0.0882, 0.035, 0.6002], [0.076, 0.0127, 0.0151, 0.0154, 0.045, 0.0478, 0.788], [0.0162, 0.0674, 0.0777, 0.018, 0.093, 0.0612, 0.6665], [0.0403, 0.0693, 0.037, 0.0198, 0.0309, 0.0294, 0.7732], [0.0567, 0.0786, 0.0759, 0.0278, 0.0425, 0.0548, 0.6637], [0.072, 0.025, 0.082, 0.0464, 0.0174, 0.0848, 0.6724], [0.0411, 0.0351, 0.0869, 0.0745, 0.0606, 0.0562, 0.6456], [0.0307, 0.0668, 0.0605, 0.0744, 0.0125, 0.0652, 0.6898], [0.0761, 0.0606, 0.0709, 0.0238, 0.0217, 0.0475, 0.6993], [0.076, 0.035, 0.0399, 0.0577, 0.023, 0.021, 0.7474], [0.0487, 0.072, 0.0824, 0.0411, 0.0425, 0.0497, 0.6635], [0.0107, 0.0532, 0.0646, 0.07, 0.0464, 0.059, 0.6961], [0.067, 0.0565, 0.0583, 0.0619, 0.0436, 0.0763, 0.6363], [0.05, 0.0168, 0.0405, 0.0551, 0.0696, 0.0528, 0.7152], [0.0697, 0.0556, 0.0326, 0.0632, 0.0353, 0.021, 0.7226], [0.0699, 0.0207, 0.0438, 0.0889, 0.0426, 0.0265, 0.7077], [0.0629, 0.0437, 0.035, 0.0822, 0.0199, 0.0316, 0.7248], [0.0621, 0.0285, 0.0367, 0.0804, 0.0618, 0.0267, 0.7038], [0.0426, 0.0239, 0.0155, 0.0335, 0.0615, 0.03, 0.793], [0.0916, 0.0143, 0.084, 0.0319, 0.0708, 0.0489, 0.6586], [0.0483, 0.0147, 0.0678, 0.0583, 0.0678, 0.0371, 0.7061], [0.0187, 0.0724, 0.0434, 0.0407, 0.0245, 0.047, 0.7533], [0.0144, 0.074, 0.022, 0.0466, 0.0283, 0.0543, 0.7604], [0.016, 0.0294, 0.0164, 0.0883, 0.0708, 0.0345, 0.7447], [0.0657, 0.0572, 0.0711, 0.0373, 0.0599, 0.0421, 0.6668], [0.0703, 0.0303, 0.0332, 0.072, 0.035, 0.0365, 0.7227], [0.0549, 0.0244, 0.0506, 0.0459, 0.0484, 0.0529, 0.723], [0.0324, 0.0767, 0.0251, 0.0903, 0.0406, 0.0174, 0.7176], [0.0556, 0.0601, 0.071, 0.0598, 0.0345, 0.0363, 0.6827], [0.0195, 0.048, 0.0685, 0.0354, 0.0545, 0.0324, 0.7415], [0.0304, 0.0467, 0.0365, 0.0412, 0.0899, 0.0854, 0.67], [0.0903, 0.0247, 0.0774, 0.0237, 0.0599, 0.0692, 0.6548], [0.0382, 0.0815, 0.0752, 0.0344, 0.0689, 0.0513, 0.6504], [0.0416, 0.017, 0.0507, 0.0242, 0.0885, 0.0825, 0.6954], [0.0534, 0.0871, 0.0321, 0.0701, 0.0562, 0.083, 0.618], [0.046, 0.0753, 0.0489, 0.0383, 0.0663, 0.0842, 0.6411], [0.0223, 0.0693, 0.0804, 0.0371, 0.059, 0.027, 0.705], [0.0588, 0.0598, 0.0701, 0.0858, 0.0665, 0.0795, 0.5795], [0.0822, 0.0643, 0.0229, 0.0848, 0.0339, 0.0635, 0.6485], [0.0432, 0.0217, 0.0528, 0.0352, 0.0715, 0.0509, 0.7247], [0.0834, 0.0198, 0.0414, 0.0515, 0.0801, 0.0363, 0.6875], [0.0402, 0.0471, 0.0642, 0.0619, 0.0741, 0.0464, 0.6663], [0.0772, 0.086, 0.0871, 0.0671, 0.0336, 0.0441, 0.6051], [0.0931, 0.0902, 0.0657, 0.028, 0.0282, 0.0287, 0.666], [0.0367, 0.0628, 0.0143, 0.0382, 0.0253, 0.0168, 0.8058], [0.082, 0.0697, 0.0737, 0.0541, 0.0302, 0.0669, 0.6234], [0.0183, 0.0196, 0.0444, 0.0149, 0.062, 0.066, 0.7748], [0.0177, 0.0203, 0.061, 0.0322, 0.0466, 0.1067, 0.7154], [0.0325, 0.0509, 0.0671, 0.0217, 0.0931, 0.0385, 0.6963], [0.0732, 0.0305, 0.0515, 0.0341, 0.0222, 0.027, 0.7615], [0.0276, 0.0202, 0.0177, 0.0622, 0.072, 0.0198, 0.7805], [0.0801, 0.0334, 0.0669, 0.0145, 0.0279, 0.0172, 0.7601], [0.0201, 0.0409, 0.0836, 0.0722, 0.0858, 0.05, 0.6475], [0.06, 0.0542, 0.0178, 0.0452, 0.047, 0.0567, 0.719]], "emotions": ["purple", "purple", "purple", "purple", "purple", "purple", "purple", "purple", "purple", "purple", "purple", "purple", "purple", "purple", "purple", "purple", "purple", "purple", "purple", "purple", "purple", "purple", "purple", "purple", "purple", "purple", "purple", "purple", "purple", "purple", "purple", "purple", "purple", "purple", "purple", "purple", "purple", "purple", "purple", "purple", "purple", "purple", "purple", "purple", "purple", "purple", "purple", "purple", "purple", "purple", "purple", "purple", "purple", "purple", "purple", "purple", "purple", "purple", "purple", "purple", "purple", "purple", "purple", "purple", "purple", "purple", "purple", "purple", "purple", "purple", "purple", "purple", "purple", "purple", "purple", "purple", "purple", "purple", "purple", "purple"], "timestamps": [0, 40, 80, 120, 160, 200, 240, 280, 320, 360, 400, 440, 480, 520, 560, 600, 640, 680, 720, 760, 800, 840, 880, 920, 960, 1000, 1040, 1080, 1120, 1160, 1200, 1240, 1280, 1320, 1360, 1400, 1440, 1480, 1520, 1560, 1600, 1640, 1680, 1720, 1760, 1800, 1840, 1880, 1920, 1960, 2000, 2040, 2080, 2120, 2160, 2200, 2240, 2280, 2320, 2360, 2400, 2440, 2480, 2520, 2560, 2600, 2640, 2680, 2720, 2760, 2800, 2840, 2880, 2920, 2960, 3000, 3040, 3080, 3120, 3160]}], "conversation": [], "conversation_timestamps": []}