{"agent_id": "agent-purple-754", "type": "purple", "trips": [{"trip_id": 0, "transport_method": "foot", "start_time": 0, "path": [[1.6004391, 42.5668993], [1.6004946, 42.5668362], [1.60055, 42.5667731], [1.6006055, 42.56671], [1.600661, 42.566647], [1.6007165, 42.5665839], [1.600772, 42.5665208], [1.6006978, 42.56653], [1.6006149, 42.566544], [1.6005321, 42.566558], [1.6004493, 42.5665721], [1.6003664, 42.5665861], [1.6002836, 42.5666001], [1.6002007, 42.5666141], [1.6001179, 42.5666282], [1.6000351, 42.5666422], [1.5999522, 42.5666562], [1.5998694, 42.5666702], [1.5997881, 42.5666504], [1.5997069, 42.5666288], [1.5996258, 42.5666072], [1.5995446, 42.5665856], [1.5994663, 42.5665561], [1.5993899, 42.5665214], [1.599312, 42.5664898], [1.5992313, 42.5664666], [1.5991509, 42.5664423], [1.5990731, 42.5664105], [1.5989954, 42.5663787], [1.5989176, 42.5663469], [1.5988399, 42.566315], [1.5987621, 42.5662832], [1.5986844, 42.5662514], [1.5986066, 42.5662196], [1.5985289, 42.5661878], [1.5984511, 42.5661559], [1.5984942, 42.56617], [1.5985735, 42.5661977], [1.5986528, 42.5662255], [1.5987316, 42.5662546], [1.5988083, 42.5662888], [1.598885, 42.5663231], [1.5989617, 42.5663574], [1.5990384, 42.5663916], [1.5991151, 42.5664259], [1.5991328, 42.5664359], [1.5990542, 42.5664064], [1.5989755, 42.5663768], [1.5988969, 42.5663473], [1.5988182, 42.5663178], [1.5987396, 42.5662882], [1.598661, 42.5662587], [1.5985823, 42.5662291], [1.5985037, 42.5661996], [1.598425, 42.56617], [1.5983464, 42.5661405], [1.5982677, 42.5661109], [1.5981891, 42.5660814], [1.5981104, 42.5660518], [1.5980318, 42.5660223], [1.5979531, 42.5659927], [1.5978745, 42.5659632], [1.5977958, 42.5659336], [1.5977172, 42.5659041], [1.5976385, 42.5658745], [1.5975582, 42.5658541], [1.5974742, 42.5658534], [1.5973902, 42.5658526], [1.5973062, 42.5658518], [1.5972221, 42.565851], [1.5971381, 42.5658502], [1.5970541, 42.5658494], [1.5970027, 42.5658463], [1.5970857, 42.5658333], [1.5971687, 42.5658203], [1.5972521, 42.5658126], [1.5973359, 42.5658157], [1.5974189, 42.5658286], [1.5975019, 42.5658415], [1.5975849, 42.5658544]], "mood_vectors": [[0.0266, 0.0156, 0.0365, 0.0738, 0.0757, 0.6958, 0.076], [0.0789, 0.0413, 0.0748, 0.0627, 0.0625, 0.6326, 0.0472], [0.0294, 0.0129, 0.0565, 0.0764, 0.0444, 0.7184, 0.062], [0.0655, 0.061, 0.0276, 0.0847, 0.0534, 0.6775, 0.0303], [0.0506, 0.0584, 0.0148, 0.0651, 0.0237, 0.7393, 0.0481], [0.0147, 0.0132, 0.0457, 0.0356, 0.0415, 0.7931, 0.0563], [0.0564, 0.031, 0.0347, 0.042, 0.0765, 0.7002, 0.0592], [0.043, 0.0393, 0.0151, 0.0649, 0.0298, 0.7831, 0.0248], [0.048, 0.0387, 0.0566, 0.0606, 0.0297, 0.7039, 0.0624], [0.0569, 0.0274, 0.0956, 0.0187, 0.0439, 0.6871, 0.0705], [0.0277, 0.0609, 0.0777, 0.0183, 0.0793, 0.6463, 0.0898], [0.0361, 0.0151, 0.0404, 0.0319, 0.0756, 0.7619, 0.039], [0.0493, 0.0581, 0.0225, 0.0508, 0.0299, 0.7709, 0.0185], [0.0754, 0.0611, 0.0166, 0.0577, 0.0212, 0.7476, 0.0205], [0.0603, 0.0409, 0.0363, 0.0372, 0.0532, 0.7, 0.0721], [0.0496, 0.0237, 0.0698, 0.0534, 0.0123, 0.7665, 0.0247], [0.0438, 0.0336, 0.0567, 0.0356, 0.0287, 0.7355, 0.0661], [0.0394, 0.0346, 0.0747, 0.0315, 0.0622, 0.7213, 0.0362], [0.0666, 0.0529, 0.0563, 0.026, 0.0143, 0.7201, 0.0638], [0.0575, 0.0825, 0.0434, 0.037, 0.0741, 0.684, 0.0215], [0.0589, 0.0577, 0.0246, 0.0558, 0.0352, 0.7288, 0.0391], [0.0384, 0.0388, 0.071, 0.0644, 0.038, 0.7223, 0.0271], [0.0259, 0.0607, 0.0842, 0.0656, 0.0493, 0.6377, 0.0766], [0.068, 0.056, 0.033, 0.0191, 0.0527, 0.7506, 0.0205], [0.0763, 0.0708, 0.0148, 0.0128, 0.0612, 0.7471, 0.017], [0.0186, 0.0711, 0.0351, 0.0688, 0.0375, 0.7069, 0.062], [0.0636, 0.0554, 0.0523, 0.0461, 0.0278, 0.7321, 0.0226], [0.0713, 0.0558, 0.0351, 0.0311, 0.0767, 0.693, 0.0371], [0.0144, 0.0602, 0.0546, 0.0568, 0.0641, 0.7165, 0.0334], [0.0476, 0.021, 0.0454, 0.0583, 0.0493, 0.7144, 0.064], [0.029, 0.0483, 0.0826, 0.0364, 0.086, 0.6401, 0.0776], [0.0653, 0.0437, 0.0553, 0.0247, 0.0212, 0.7074, 0.0825], [0.0633, 0.0526, 0.0664, 0.0647, 0.0366, 0.6782, 0.0382], [0.0217, 0.0703, 0.0663, 0.0731, 0.033, 0.6648, 0.0708], [0.0762, 0.0492, 0.0533, 0.0358, 0.0486, 0.6679, 0.069], [0.0486, 0.0579, 0.0629, 0.0852, 0.0391, 0.6449, 0.0614], [0.0676, 0.0284, 0.0423, 0.0187, 0.0341, 0.7431, 0.0658], [0.0128, 0.0694, 0.0459, 0.0664, 0.0719, 0.7036, 0.0301], [0.0253, 0.038, 0.0328, 0.0124, 0.0678, 0.7508, 0.073], [0.087, 0.0629, 0.0662, 0.0176, 0.0586, 0.646, 0.0617], [0.0378, 0.0425, 0.0715, 0.0301, 0.0287, 0.7378, 0.0516], [0.0373, 0.0333, 0.0815, 0.0921, 0.0817, 0.5965, 0.0776], [0.0703, 0.0212, 0.0691, 0.0841, 0.0259, 0.7089, 0.0206], [0.0697, 0.0204, 0.0701, 0.0474, 0.0303, 0.7474, 0.0147], [0.0409, 0.058, 0.0236, 0.0646, 0.0601, 0.7246, 0.0283], [0.0191, 0.0759, 0.053, 0.0495, 0.0205, 0.7238, 0.0581], [0.0152, 0.0876, 0.0367, 0.0473, 0.0473, 0.6955, 0.0705], [0.043, 0.0799, 0.0204, 0.0685, 0.0576, 0.7156, 0.015], [0.0786, 0.0523, 0.0775, 0.0763, 0.0523, 0.6216, 0.0414], [0.0812, 0.0787, 0.0927, 0.0402, 0.069, 0.615, 0.0232], [0.05, 0.0615, 0.0759, 0.0428, 0.0519, 0.6723, 0.0455], [0.0567, 0.0276, 0.0638, 0.0562, 0.0342, 0.7099, 0.0517], [0.0766, 0.0298, 0.0289, 0.0419, 0.0571, 0.7424, 0.0234], [0.0316, 0.0644, 0.0329, 0.0991, 0.0357, 0.6799, 0.0564], [0.0645, 0.0142, 0.066, 0.0431, 0.0154, 0.7367, 0.0601], [0.0509, 0.045, 0.0215, 0.0813, 0.0749, 0.6834, 0.043], [0.0357, 0.0384, 0.0362, 0.0809, 0.046, 0.6692, 0.0937], [0.0174, 0.0402, 0.095, 0.0559, 0.0798, 0.6918, 0.0198], [0.0259, 0.0784, 0.0562, 0.0396, 0.0225, 0.7434, 0.0339], [0.0181, 0.0559, 0.054, 0.0641, 0.0751, 0.6627, 0.0701], [0.0276, 0.0935, 0.0988, 0.0164, 0.0588, 0.6567, 0.0482], [0.0671, 0.0216, 0.0239, 0.0415, 0.0524, 0.7353, 0.0583], [0.0582, 0.0178, 0.0779, 0.0734, 0.0631, 0.6295, 0.0802], [0.0445, 0.0279, 0.062, 0.0951, 0.0431, 0.6914, 0.0359], [0.0583, 0.0172, 0.0451, 0.061, 0.0498, 0.7377, 0.0309], [0.0286, 0.0197, 0.0558, 0.0333, 0.0719, 0.7217, 0.0691], [0.0537, 0.0445, 0.0581, 0.0676, 0.0318, 0.7098, 0.0345], [0.0677, 0.0623, 0.0607, 0.0351, 0.0174, 0.6911, 0.0656], [0.0407, 0.0416, 0.0627, 0.0636, 0.0675, 0.6714, 0.0524], [0.0646, 0.0159, 0.0202, 0.0336, 0.0865, 0.7125, 0.0667], [0.0401, 0.0701, 0.089, 0.0835, 0.0285, 0.6305, 0.0583], [0.0395, 0.0404, 0.063, 0.0561, 0.1007, 0.651, 0.0493], [0.0416, 0.0211, 0.0235, 0.0678, 0.0832, 0.6727, 0.09], [0.0303, 0.0377, 0.0151, 0.0515, 0.024, 0.799, 0.0424], [0.036, 0.066, 0.0208, 0.0259, 0.0783, 0.7587, 0.0142], [0.0179, 0.0546, 0.064, 0.0349, 0.0678, 0.7281, 0.0326], [0.0847, 0.0457, 0.0363, 0.029, 0.0319, 0.6837, 0.0887], [0.0607, 0.047, 0.0183, 0.059, 0.0574, 0.7118, 0.0458], [0.0684, 0.0227, 0.0662, 0.0362, 0.0648, 0.7031, 0.0387], [0.0775, 0.0266, 0.02, 0.0655, 0.0532, 0.7192, 0.038]], "emotions": ["purple", "purple", "purple", "purple", "purple", "purple", "purple", "purple", "purple", "purple", "purple", "purple", "purple", "purple", "purple", "purple", "purple", "purple", "purple", "purple", "purple", "purple", "purple", "purple", "purple", "purple", "purple", "purple", "purple", "purple", "purple", "purple", "purple", "purple", "purple", "purple", "purple", "purple", "purple", "purple", "purple", "purple", "purple", "purple", "purple", "purple", "purple", "purple", "purple", "purple", "purple", "purple", "purple", "purple", "purple", "purple", "purple", "purple", "purple", "purple", "purple", "purple", "purple", "purple", "purple", "purple", "purple", "purple", "purple", "purple", "purple", "purple", "purple", "purple", "purple", "purple", "purple", "purple", "purple", "purple"], "timestamps": [0, 40, 80, 120, 160, 200, 240, 280, 320, 360, 400, 440, 480, 520, 560, 600, 640, 680, 720, 760, 800, 840, 880, 920, 960, 1000, 1040, 1080, 1120, 1160, 1200, 1240, 1280, 1320, 1360, 1400, 1440, 1480, 1520, 1560, 1600, 1640, 1680, 1720, 1760, 1800, 1840, 1880, 1920, 1960, 2000, 2040, 2080, 2120, 2160, 2200, 2240, 2280, 2320, 2360, 2400, 2440, 2480, 2520, 2560, 2600, 2640, 2680, 2720, 2760, 2800, 2840, 2880, 2920, 2960, 3000, 3040, 3080, 3120, 3160]}], "conversation": [], "conversation_timestamps": []}