{"agent_id": "agent-purple-194", "type": "purple", "trips": [{"trip_id": 0, "transport_method": "foot", "start_time": 0, "path": [[1.5329324, 42.5142339], [1.5328044, 42.5142821], [1.5326773, 42.5143325], [1.5325554, 42.5143947], [1.5324296, 42.5144469], [1.5322939, 42.5144477], [1.5322438, 42.5143956], [1.5323469, 42.5143056], [1.5324555, 42.5142225], [1.5325687, 42.5141458], [1.5326838, 42.5140719], [1.5328055, 42.5140093], [1.5329272, 42.513947], [1.5330573, 42.5139045], [1.5331905, 42.5138746], [1.533325, 42.5138495], [1.533456, 42.5138113], [1.5335855, 42.5137672], [1.5337151, 42.5137232], [1.5338446, 42.5136791], [1.533964, 42.513623], [1.53403, 42.5135031], [1.534096, 42.5133833], [1.5341352, 42.5133169], [1.534077, 42.5134406], [1.5340055, 42.5135572], [1.5339792, 42.5136153], [1.5340739, 42.5135166], [1.5341687, 42.513418], [1.5342635, 42.5133193], [1.5343583, 42.5132207], [1.534453, 42.513122], [1.5345758, 42.5130637], [1.5347011, 42.5130088], [1.5348258, 42.5129525], [1.5349505, 42.5128961], [1.5350232, 42.5127982], [1.5350507, 42.5126642], [1.5350782, 42.5125302], [1.5351057, 42.5123962], [1.5351333, 42.5122622], [1.5351608, 42.5121282], [1.5351883, 42.5119942], [1.5352945, 42.5120471], [1.5353929, 42.5121412], [1.5354584, 42.5122595], [1.5354697, 42.5123953], [1.535432, 42.5125256], [1.5353454, 42.5126301], [1.5352391, 42.5127159], [1.5351253, 42.5127918], [1.5350116, 42.5128678], [1.5349518, 42.5127495], [1.5348936, 42.5126257], [1.5348354, 42.5125019], [1.5347772, 42.5123781], [1.534719, 42.5122543], [1.5346608, 42.5121305], [1.5346025, 42.5120067], [1.5345443, 42.5118829], [1.5344861, 42.5117591], [1.5344279, 42.5116353], [1.5343697, 42.5115115], [1.5343045, 42.5113934], [1.5341792, 42.511361], [1.534058, 42.5113157], [1.5339587, 42.5112222], [1.5338714, 42.511117], [1.5337936, 42.5110045], [1.5337112, 42.5108954], [1.5336185, 42.510795], [1.5335138, 42.5107072], [1.5334074, 42.5106211], [1.5333975, 42.5105243], [1.5334822, 42.5104169], [1.533567, 42.5103095], [1.5336517, 42.5102021], [1.5337447, 42.510102], [1.5338407, 42.5100045], [1.5339367, 42.5099071]], "mood_vectors": [[0.0758, 0.0527, 0.0594, 0.012, 0.0259, 0.7398, 0.0343], [0.0531, 0.0266, 0.0458, 0.0752, 0.0399, 0.6856, 0.0737], [0.0278, 0.0756, 0.0301, 0.0164, 0.041, 0.7233, 0.0858], [0.0222, 0.03, 0.0381, 0.0307, 0.0404, 0.7822, 0.0564], [0.0404, 0.0277, 0.0557, 0.0444, 0.0635, 0.748, 0.0204], [0.05, 0.0869, 0.0547, 0.0549, 0.0385, 0.6869, 0.0281], [0.0318, 0.0703, 0.044, 0.08, 0.0604, 0.6381, 0.0755], [0.0177, 0.0273, 0.0627, 0.0642, 0.0676, 0.6724, 0.0881], [0.0231, 0.0245, 0.0401, 0.032, 0.022, 0.7755, 0.0829], [0.0619, 0.0315, 0.0763, 0.0379, 0.0616, 0.6966, 0.0342], [0.0777, 0.0757, 0.0392, 0.0126, 0.0424, 0.7219, 0.0305], [0.0142, 0.0473, 0.0269, 0.0426, 0.0811, 0.7068, 0.0811], [0.0279, 0.0741, 0.078, 0.0894, 0.0209, 0.6473, 0.0623], [0.0562, 0.0454, 0.0498, 0.0325, 0.0296, 0.6964, 0.0902], [0.0136, 0.0372, 0.0695, 0.0636, 0.0374, 0.7061, 0.0726], [0.0271, 0.0507, 0.0521, 0.0756, 0.071, 0.6878, 0.0357], [0.0478, 0.0449, 0.0569, 0.0671, 0.0271, 0.718, 0.0384], [0.062, 0.0265, 0.0533, 0.0262, 0.0417, 0.711, 0.0793], [0.0266, 0.0307, 0.0815, 0.0411, 0.0578, 0.6882, 0.0741], [0.0482, 0.0404, 0.0666, 0.0313, 0.0546, 0.7291, 0.0299], [0.0493, 0.0849, 0.0301, 0.0171, 0.0925, 0.6848, 0.0413], [0.0635, 0.0651, 0.0532, 0.0523, 0.0651, 0.6428, 0.058], [0.0171, 0.0255, 0.0456, 0.0837, 0.0856, 0.6614, 0.0812], [0.0469, 0.0617, 0.0712, 0.0696, 0.0733, 0.6488, 0.0284], [0.053, 0.0411, 0.022, 0.0485, 0.0462, 0.7266, 0.0627], [0.0257, 0.0683, 0.0797, 0.0674, 0.0181, 0.6968, 0.044], [0.0898, 0.0631, 0.0215, 0.0845, 0.0358, 0.6466, 0.0586], [0.0224, 0.0771, 0.0422, 0.0228, 0.025, 0.7701, 0.0405], [0.0353, 0.0628, 0.033, 0.0336, 0.0647, 0.7086, 0.0619], [0.0681, 0.0478, 0.0421, 0.0734, 0.0282, 0.6761, 0.0643], [0.0434, 0.0832, 0.0257, 0.032, 0.0439, 0.7366, 0.0351], [0.0329, 0.0144, 0.0746, 0.0183, 0.033, 0.7497, 0.0771], [0.0272, 0.0371, 0.0839, 0.0665, 0.0464, 0.6398, 0.099], [0.0756, 0.0516, 0.0678, 0.0181, 0.0925, 0.6783, 0.0161], [0.0443, 0.0289, 0.0351, 0.1051, 0.0307, 0.7381, 0.0178], [0.0753, 0.0772, 0.0535, 0.0414, 0.0727, 0.6004, 0.0795], [0.056, 0.0607, 0.0555, 0.065, 0.0423, 0.6632, 0.0573], [0.0464, 0.0679, 0.0324, 0.067, 0.0365, 0.6957, 0.0541], [0.018, 0.0749, 0.0396, 0.0653, 0.0381, 0.7296, 0.0345], [0.0367, 0.0693, 0.0204, 0.05, 0.0421, 0.7226, 0.0589], [0.0464, 0.0885, 0.0803, 0.0313, 0.0481, 0.6879, 0.0174], [0.0671, 0.1052, 0.0868, 0.0412, 0.0289, 0.638, 0.0328], [0.0481, 0.0701, 0.058, 0.0383, 0.0667, 0.6463, 0.0726], [0.0687, 0.0465, 0.044, 0.0547, 0.015, 0.7385, 0.0326], [0.0563, 0.0332, 0.0161, 0.06, 0.0403, 0.742, 0.0521], [0.0786, 0.0651, 0.019, 0.0213, 0.0446, 0.7331, 0.0383], [0.065, 0.0521, 0.0381, 0.079, 0.0543, 0.6427, 0.0688], [0.0788, 0.0495, 0.0518, 0.0775, 0.061, 0.6194, 0.062], [0.0455, 0.0688, 0.012, 0.0504, 0.035, 0.7327, 0.0555], [0.0158, 0.0201, 0.0727, 0.0603, 0.0343, 0.7543, 0.0425], [0.0277, 0.0217, 0.0766, 0.032, 0.071, 0.7145, 0.0566], [0.0907, 0.0798, 0.015, 0.0351, 0.0342, 0.7158, 0.0294], [0.0595, 0.037, 0.0691, 0.0535, 0.0626, 0.654, 0.0643], [0.0721, 0.0714, 0.0698, 0.0316, 0.0395, 0.7019, 0.0136], [0.0867, 0.0344, 0.0894, 0.0291, 0.0337, 0.7077, 0.019], [0.0548, 0.0584, 0.0638, 0.0194, 0.0306, 0.6976, 0.0753], [0.078, 0.0522, 0.0717, 0.0854, 0.084, 0.5901, 0.0385], [0.0869, 0.0726, 0.0166, 0.0359, 0.0444, 0.717, 0.0265], [0.0512, 0.0336, 0.069, 0.0631, 0.0636, 0.6972, 0.0223], [0.0713, 0.0204, 0.0548, 0.0399, 0.077, 0.7197, 0.0169], [0.0155, 0.0441, 0.0619, 0.023, 0.0198, 0.8209, 0.0148], [0.0754, 0.0431, 0.0412, 0.0476, 0.0931, 0.6673, 0.0323], [0.0548, 0.0643, 0.0202, 0.0494, 0.069, 0.6896, 0.0526], [0.0569, 0.0134, 0.0623, 0.0399, 0.0625, 0.703, 0.062], [0.0257, 0.0504, 0.0182, 0.0158, 0.0618, 0.7674, 0.0607], [0.0324, 0.0664, 0.0501, 0.0874, 0.0294, 0.6796, 0.0546], [0.0484, 0.0386, 0.0437, 0.0315, 0.0803, 0.731, 0.0264], [0.0708, 0.0199, 0.0712, 0.0529, 0.0158, 0.7265, 0.0429], [0.0726, 0.0505, 0.0603, 0.0589, 0.0535, 0.6257, 0.0786], [0.0619, 0.0622, 0.0469, 0.0349, 0.0595, 0.7206, 0.0141], [0.05, 0.0863, 0.0615, 0.0336, 0.0771, 0.6697, 0.0216], [0.034, 0.0491, 0.1035, 0.0267, 0.0986, 0.6556, 0.0327], [0.0298, 0.0402, 0.0573, 0.0429, 0.0367, 0.7209, 0.0723], [0.0154, 0.032, 0.0399, 0.0161, 0.0745, 0.7905, 0.0316], [0.052, 0.0272, 0.0955, 0.0888, 0.021, 0.6925, 0.023], [0.0663, 0.0304, 0.0681, 0.0472, 0.0561, 0.6826, 0.0493], [0.0579, 0.0481, 0.0869, 0.0692, 0.044, 0.6318, 0.0621], [0.0292, 0.0599, 0.0259, 0.0903, 0.0926, 0.6401, 0.062], [0.0736, 0.0164, 0.0687, 0.0555, 0.0537, 0.7157, 0.0165], [0.0585, 0.0355, 0.0426, 0.0314, 0.0525, 0.7217, 0.0578]], "emotions": ["purple", "purple", "purple", "purple", "purple", "purple", "purple", "purple", "purple", "purple", "purple", "purple", "purple", "purple", "purple", "purple", "purple", "purple", "purple", "purple", "purple", "purple", "purple", "purple", "purple", "purple", "purple", "purple", "purple", "purple", "purple", "purple", "purple", "purple", "purple", "purple", "purple", "purple", "purple", "purple", "purple", "purple", "purple", "purple", "purple", "purple", "purple", "purple", "purple", "purple", "purple", "purple", "purple", "purple", "purple", "purple", "purple", "purple", "purple", "purple", "purple", "purple", "purple", "purple", "purple", "purple", "purple", "purple", "purple", "purple", "purple", "purple", "purple", "purple", "purple", "purple", "purple", "purple", "purple", "purple"], "timestamps": [0, 40, 80, 120, 160, 200, 240, 280, 320, 360, 400, 440, 480, 520, 560, 600, 640, 680, 720, 760, 800, 840, 880, 920, 960, 1000, 1040, 1080, 1120, 1160, 1200, 1240, 1280, 1320, 1360, 1400, 1440, 1480, 1520, 1560, 1600, 1640, 1680, 1720, 1760, 1800, 1840, 1880, 1920, 1960, 2000, 2040, 2080, 2120, 2160, 2200, 2240, 2280, 2320, 2360, 2400, 2440, 2480, 2520, 2560, 2600, 2640, 2680, 2720, 2760, 2800, 2840, 2880, 2920, 2960, 3000, 3040, 3080, 3120, 3160]}], "conversation": [], "conversation_timestamps": []}