{
  "agent_id": "agent-type-orange-68",
  "type": "orange",
  "trips": [
    {
      "trip_id": 0,
      "transport_method": "foot",
      "start_time": 0,
      "path": [
        [
          1.5282214,
          42.50907579999999
        ],
        [
          1.528427925278686,
          42.508938383051095
        ],
        [
          1.5286344486102286,
          42.508871589694465
        ],
        [
          1.528872499548288,
          42.50888888737989
        ],
        [
          1.5288457366242725,
          42.50871948755523
        ],
        [
          1.5286476762138008,
          42.50857012831586
        ],
        [
          1.5284496158033292,
          42.508420769076494
        ],
        [
          1.5282515553928575,
          42.50827140983713
        ],
        [
          1.5280534949823856,
          42.508122050597756
        ],
        [
          1.527898545234547,
          42.507929743414344
        ],
        [
          1.5277499360409834,
          42.5077311196087
        ],
        [
          1.5277303933511903,
          42.50754048081789
        ],
        [
          1.5279100304215294,
          42.507369405888284
        ],
        [
          1.5281238947282352,
          42.50734359809461
        ],
        [
          1.528326473792067,
          42.507479177176926
        ],
        [
          1.528517025287151,
          42.50763628815321
        ],
        [
          1.528595872239121,
          42.507654387442614
        ],
        [
          1.528431696124158,
          42.507469155378075
        ],
        [
          1.528258516151135,
          42.50731327599501
        ],
        [
          1.528449886724037,
          42.50715543616351
        ],
        [
          1.5286412572969392,
          42.506997596332006
        ],
        [
          1.5285847660787135,
          42.50678921523726
        ],
        [
          1.5285060490025606,
          42.50655397125646
        ],
        [
          1.5285866337480858,
          42.50638464271383
        ],
        [
          1.528780395097902,
          42.50622974711061
        ],
        [
          1.5289184445900867,
          42.50607649612831
        ],
        [
          1.5291141000000001,
          42.505923999999986
        ]
      ],
      "emotions": [
        "purple",
        "purple",
        "purple",
        "purple",
        "purple",
        "green",
        "green",
        "green",
        "green",
        "green",
        "red",
        "red",
        "red",
        "red",
        "red",
        "red",
        "red",
        "red",
        "red",
        "red",
        "green",
        "green",
        "green",
        "green",
        "green",
        "green",
        "green"
      ],
      "mood_vectors": [
        [
          0.4455537589401064,
          0.0526839353081089,
          0.0769938487170875,
          0.07733353856931516,
          0.1831790641910625,
          0.13215452178812365,
          0.03210133248619587
        ],
        [
          0.08968935909656342,
          0.05579675377998793,
          0.2095595531235498,
          0.18349133595530875,
          0.19236340821371212,
          0.1298607655903209,
          0.13923882424055703
        ],
        [
          0.02010988459659824,
          0.1620178678558798,
          0.23160796373304068,
          0.21491809087550176,
          0.2543925274217551,
          0.016995334810565005,
          0.09995833070665935
        ],
        [
          0.08142224659562022,
          0.0686929095169354,
          0.2117563424302551,
          0.17156754181670816,
          0.23510522509369972,
          0.11170778530386077,
          0.1197479492429206
        ],
        [
          0.11188854186109598,
          0.24842659297556163,
          0.09493310031771121,
          0.26558495927621245,
          0.13450545928752575,
          0.03553132384040467,
          0.10913002244148828
        ],
        [
          0.020140077065201545,
          0.08625153284717717,
          0.16690223580092461,
          0.20506635424269506,
          0.17192328077259456,
          0.1853966897733813,
          0.16431982949802568
        ],
        [
          0.2534560330146489,
          0.10582619368813444,
          0.23885553441034105,
          0.21456903679436526,
          0.02110878741151356,
          0.11632753678672562,
          0.04985687789427117
        ],
        [
          0.13182529508190954,
          0.22861497620354246,
          0.2300580024698615,
          0.13699778474368773,
          0.09918849661012186,
          0.14289778604270664,
          0.030417658848170177
        ],
        [
          0.060699249331085434,
          0.2876356164348791,
          0.020082740222591954,
          0.27280780443058134,
          0.13130785823088317,
          0.06156633782718428,
          0.16590039352279473
        ],
        [
          0.14701618086771379,
          0.2444822704346662,
          0.12499527844045562,
          0.07887155943401468,
          0.2039617336021651,
          0.11357885376914409,
          0.0870941234518406
        ],
        [
          0.1098075585532198,
          0.3439834934300994,
          0.1529679344776247,
          0.07143191426379401,
          0.018513773615484102,
          0.10785522287932042,
          0.1954401027804575
        ],
        [
          0.21954594048504242,
          0.0987731576837788,
          0.17356160580207758,
          0.126091324965693,
          0.18159793983904368,
          0.039161231777194695,
          0.16126879944716976
        ],
        [
          0.24671810260084467,
          0.0914740051515428,
          0.1255278599984486,
          0.08644250920465572,
          0.12782501773164875,
          0.09167290913278864,
          0.2303395961800708
        ],
        [
          0.07319562248204728,
          0.0063680173984943895,
          0.23164809054109198,
          0.21462181264075125,
          0.23758723788636898,
          0.07009390318068176,
          0.16648531587056445
        ],
        [
          0.22319160267790225,
          0.11992017153659489,
          0.055761835800649515,
          0.1713962235839676,
          0.26729009501097983,
          0.1460928990265313,
          0.016347172363374574
        ],
        [
          0.1279328435138447,
          0.2208477921494884,
          0.10042105900381709,
          0.1397089897433081,
          0.10644432243510937,
          0.1478098575382182,
          0.15683513561621418
        ],
        [
          0.02230333192512249,
          0.22868619044304322,
          0.12547886369462546,
          0.16835969779183085,
          0.17902031399023144,
          0.20566252187717465,
          0.07048908027797185
        ],
        [
          0.14157434421854728,
          0.2332013763994216,
          0.012666150981226572,
          0.32060517469541544,
          0.08850310672189267,
          0.07583806445859362,
          0.12761178252490282
        ],
        [
          0.18175956422484962,
          0.2829580319952796,
          0.05113481164619528,
          0.20115075288071044,
          0.006261860263220614,
          0.2744075725553907,
          0.00232740643435376
        ],
        [
          0.08837151976878412,
          0.10765288607826455,
          0.09597960075664903,
          0.22117564163142925,
          0.11523409562740444,
          0.20214921116203266,
          0.16943704497543594
        ],
        [
          0.10282846752767458,
          0.21529554488128191,
          0.07439053570291235,
          0.1717537698420871,
          0.008760259328438475,
          0.24473631950051686,
          0.18223510321708872
        ],
        [
          0.25589947632505783,
          0.23993600961577174,
          0.1820386169387929,
          0.20977069491383588,
          0.0437670713321851,
          0.025643971580455453,
          0.04294415929390113
        ],
        [
          0.08669084676699336,
          0.23764550841960927,
          0.058729353223706045,
          0.0872842068462381,
          0.22489464877938212,
          0.054689186117459994,
          0.25006624984661113
        ],
        [
          0.22436277177085692,
          0.09441059171410565,
          0.15414396597308444,
          0.16367716212543104,
          0.09902608977127114,
          0.24128404555111133,
          0.023095373094139483
        ],
        [
          0.16844548800922654,
          0.18681417086611476,
          0.406806583663288,
          0.004154015556975932,
          0.0478686206168195,
          0.1017110859289403,
          0.08420003535863506
        ],
        [
          0.012415648197349092,
          0.16286716872256726,
          0.11453667741192776,
          0.17943548269635268,
          0.21278884995177375,
          0.08396751795549914,
          0.23398865506453032
        ],
        [
          0.20068247906755682,
          0.061760167457743834,
          0.19220248771545378,
          0.2258284536501349,
          0.07315850243543967,
          0.03178167714101783,
          0.21458623253265324
        ]
      ],
      "timestamps": [
        0,
        1,
        2,
        3,
        4,
        5,
        6,
        7,
        8,
        9,
        10,
        11,
        12,
        13,
        14,
        15,
        16,
        17,
        18,
        19,
        20,
        21,
        22,
        23,
        24,
        25,
        26
      ],
      "distance": 418.3
    },
    {
      "trip_id": 1,
      "transport_method": "bicycle",
      "start_time": 27,
      "path": [
        [
          1.5291141000000001,
          42.505923999999986
        ],
        [
          1.5289011001567832,
          42.50613209636506
        ],
        [
          1.528644971997373,
          42.50633800628029
        ],
        [
          1.528507919138449,
          42.50655956011002
        ],
        [
          1.528612206724255,
          42.50687122090882
        ],
        [
          1.5285123808747507,
          42.50710389184262
        ],
        [
          1.528258845352122,
          42.50731300447453
        ],
        [
          1.5284872281544923,
          42.50752695662361
        ],
        [
          1.5285998079398337,
          42.50765997343671
        ],
        [
          1.5283315956137637,
          42.507483568943044
        ],
        [
          1.5280533186296505,
          42.507321905583545
        ],
        [
          1.5277982093555065,
          42.50747589716518
        ],
        [
          1.5277421078936815,
          42.50772065688852
        ],
        [
          1.5279389914008281,
          42.50798380178905
        ],
        [
          1.5279203250920257,
          42.50795885331041
        ],
        [
          1.5277236586474476,
          42.50769555228532
        ],
        [
          1.5278207729731865,
          42.50745440900965
        ],
        [
          1.5280831021069545,
          42.507331059935005
        ],
        [
          1.528355249250873,
          42.50750385103175
        ],
        [
          1.528408863232332,
          42.5075498229693
        ],
        [
          1.5282282439454853,
          42.50733738309914
        ],
        [
          1.5284821959480834,
          42.50712878795735
        ],
        [
          1.5286021165747947,
          42.50692577971267
        ],
        [
          1.528438378978549,
          42.5068197979951
        ],
        [
          1.528609581883968,
          42.506863376640354
        ],
        [
          1.5285052942981623,
          42.50655171584155
        ],
        [
          1.5286514330172922,
          42.50633284124826
        ],
        [
          1.5289074081979315,
          42.506126745575294
        ],
        [
          1.529121491208089,
          42.50592771380898
        ],
        [
          1.5289095179032128,
          42.50582249567725
        ],
        [
          1.5285969730895974,
          42.50572088813056
        ],
        [
          1.528284428275982,
          42.50561928058387
        ],
        [
          1.5282526256270634,
          42.505404723955515
        ],
        [
          1.527962038896118,
          42.505306753740584
        ],
        [
          1.528220113443708,
          42.50525397699532
        ],
        [
          1.5285382185991157,
          42.505256643334256
        ],
        [
          1.5288603793611348,
          42.50532161099912
        ],
        [
          1.529182540123154,
          42.50538657866397
        ],
        [
          1.5294972991148277,
          42.50545005367116
        ],
        [
          1.5291751383528085,
          42.5053850860063
        ],
        [
          1.5288529775907893,
          42.50532011834144
        ],
        [
          1.5285308168287703,
          42.505255150676575
        ],
        [
          1.5282125978852197,
          42.505253248564266
        ],
        [
          1.527961599974079,
          42.505314291749514
        ],
        [
          1.5282599543924453,
          42.50540654148933
        ],
        [
          1.528291609116127,
          42.505621615057265
        ],
        [
          1.5286041539297424,
          42.505723222603955
        ],
        [
          1.5289166987433578,
          42.505824830150644
        ],
        [
          1.529105356443027,
          42.50588616230268
        ],
        [
          1.5287928116294116,
          42.50578455475599
        ],
        [
          1.5284802668157962,
          42.5056829472093
        ],
        [
          1.5282221805638099,
          42.50555941154005
        ],
        [
          1.5282751594849937,
          42.505455493879744
        ],
        [
          1.5281472159742477,
          42.50563519666659
        ],
        [
          1.5278318918859481,
          42.50554257337902
        ],
        [
          1.5275165677976483,
          42.505449950091446
        ],
        [
          1.5274692048096437,
          42.505436037688874
        ],
        [
          1.5277845288979433,
          42.50552866097644
        ],
        [
          1.528099852986243,
          42.50562128426401
        ],
        [
          1.528252738528197,
          42.50549947237761
        ],
        [
          1.5280678432479402,
          42.50536051509317
        ],
        [
          1.5278825222713708,
          42.505194044767144
        ],
        [
          1.5275539284931625,
          42.50519810540664
        ],
        [
          1.527225729643858,
          42.50518196532782
        ],
        [
          1.527463478183909,
          42.505194729849116
        ],
        [
          1.5277919741591652,
          42.50519346189531
        ],
        [
          1.5279797566640414,
          42.50533951474092
        ],
        [
          1.5282938684006542,
          42.50541879651598
        ],
        [
          1.5281867374878058,
          42.50564680571471
        ],
        [
          1.527871413399506,
          42.50555418242714
        ],
        [
          1.5275560893112061,
          42.50546155913957
        ],
        [
          1.5272659611709056,
          42.50548317215934
        ],
        [
          1.5269375000000003,
          42.5054942
        ]
      ],
      "emotions": [
        "green",
        "green",
        "green",
        "green",
        "green",
        "green",
        "green",
        "green",
        "purple",
        "purple",
        "purple",
        "purple",
        "purple",
        "purple",
        "purple",
        "purple",
        "purple",
        "purple",
        "red",
        "red",
        "red",
        "red",
        "red",
        "red",
        "red",
        "red",
        "red",
        "red",
        "green",
        "green",
        "green",
        "green",
        "green",
        "green",
        "green",
        "green",
        "green",
        "green",
        "purple",
        "purple",
        "purple",
        "purple",
        "purple",
        "green",
        "green",
        "green",
        "green",
        "green",
        "green",
        "green",
        "green",
        "green",
        "green",
        "purple",
        "purple",
        "purple",
        "purple",
        "purple",
        "green",
        "green",
        "green",
        "green",
        "green",
        "green",
        "green",
        "green",
        "green",
        "green",
        "purple",
        "purple",
        "purple",
        "purple",
        "purple"
      ],
      "mood_vectors": [
        [
          0.14410876378303056,
          0.11713128261900552,
          0.2130452635423101,
          0.09936089422945434,
          0.10783395372768542,
          0.17082826993171307,
          0.14769157216680096
        ],
        [
          0.1292662241721419,
          0.010393580683855066,
          0.19292760025167816,
          0.22738980099732764,
          0.1746272721169691,
          0.2572596732078621,
          0.008135848570166025
        ],
        [
          0.08803596739545748,
          0.008302906947303396,
          0.08973273216710123,
          0.2497369827571263,
          0.11685300549248892,
          0.31498304829016416,
          0.1323553569503585
        ],
        [
          0.2140435285418527,
          0.07329328648127195,
          0.1705145257470634,
          0.1129116020162274,
          0.08074046734161286,
          0.19588419945084393,
          0.15261239042112767
        ],
        [
          0.10513335922412546,
          0.18290685401049195,
          0.11189448449394268,
          0.06762420675487636,
          0.19874460175593264,
          0.1693055155790048,
          0.16439097818162604
        ],
        [
          0.08086271482163772,
          0.3507586972145523,
          0.10946831888311348,
          0.2065701871060922,
          0.04686135926058747,
          0.03728745619660626,
          0.16819126651741062
        ],
        [
          0.06392422771778669,
          0.020700321680080937,
          0.2920532501769021,
          0.04721680153650302,
          0.22803640070016704,
          0.19762294132999797,
          0.1504460568585623
        ],
        [
          0.11555113674026866,
          0.29388685056782426,
          0.04301023603146785,
          0.2822308682417269,
          0.10127040131298398,
          0.09499604945264337,
          0.069054457653085
        ],
        [
          0.14320263063272662,
          0.08200996499764586,
          0.33147855651482266,
          0.012398282931614288,
          0.10316209002304781,
          0.15215190354769587,
          0.1755965713524469
        ],
        [
          0.34439141808517904,
          0.10434236545217875,
          0.12107525161539404,
          0.08407314440026249,
          0.08815108337961136,
          0.16650092393980165,
          0.09146581312757264
        ],
        [
          0.13707469182106236,
          0.3000867702483475,
          0.270191478783438,
          0.05251265696784804,
          0.0009112612391282621,
          0.13082078299742425,
          0.10840235794275165
        ],
        [
          0.1046528595403234,
          0.13724047033218179,
          0.15024045677685105,
          0.2580054205450689,
          0.13369560960315793,
          0.17594900086697168,
          0.04021618233544521
        ],
        [
          0.17623756795231213,
          0.17703641835125566,
          0.044588244572297424,
          0.2047915157261938,
          0.09105411897110562,
          0.16964599261451963,
          0.1366461418123157
        ],
        [
          0.20423202423770648,
          0.12669348501067532,
          0.19944502826230495,
          0.1808453376224036,
          0.09020462178065378,
          0.07373529390731953,
          0.12484420917893638
        ],
        [
          0.04546616178043628,
          0.023736472794268423,
          0.12184598161185203,
          0.22685314227494158,
          0.19310001583107939,
          0.19097250866598733,
          0.19802571704143487
        ],
        [
          0.048873963487467004,
          0.17306687006622531,
          0.1211734791648012,
          0.2304099632453305,
          0.13920436770488814,
          0.24866338354333092,
          0.03860797278795696
        ],
        [
          0.16249879299074302,
          0.08984060305800563,
          0.061460859347797846,
          0.28184144205523515,
          0.2864962811873348,
          0.06842331442569911,
          0.04943870693518441
        ],
        [
          0.21388609537503636,
          0.04861156669309646,
          0.12160035014442339,
          0.17470683154532463,
          0.120766948481463,
          0.1280842910376793,
          0.19234391672297682
        ],
        [
          0.21944860127435378,
          0.1163420923280095,
          0.21076962709595307,
          0.03819380095077736,
          0.20840105133042505,
          0.18520703814694703,
          0.021637788873534274
        ],
        [
          0.17262173396422192,
          0.13642727254769346,
          0.1465334666899213,
          0.14306709799806058,
          0.1602706338171713,
          0.18765834297551817,
          0.05342145200741333
        ],
        [
          0.27325967076893115,
          0.08444581950709511,
          0.23489301546141478,
          0.19114913704601244,
          0.05915024327744973,
          0.08252924758810197,
          0.07457286635099485
        ],
        [
          0.1939510709973597,
          0.20369524758251686,
          0.18106613801506846,
          0.14162774561155203,
          0.05359103520460349,
          0.01210380883132871,
          0.21396495375757074
        ],
        [
          0.16473012344741578,
          0.0699855799409046,
          0.190429140232558,
          0.1502637056661946,
          0.15680905043079024,
          0.1720316104064679,
          0.09575078987566893
        ],
        [
          0.01173916790134479,
          0.14566609062124097,
          0.051535452644987,
          0.14832658126716639,
          0.35490527924079085,
          0.13358617417770113,
          0.15424125414676879
        ],
        [
          0.04034917981326515,
          0.16141509998780043,
          0.26523093991673624,
          0.07286774980519996,
          0.17354366442430905,
          0.16110524974341,
          0.12548811630927917
        ],
        [
          0.1937217380460697,
          0.021521254262224766,
          0.2420107644067905,
          0.10537204072561514,
          0.0072305935304010464,
          0.20760292788039955,
          0.22254068114849923
        ],
        [
          0.06561420636931009,
          0.011738889870702998,
          0.07935632349610375,
          0.1553035328906129,
          0.16196033882320002,
          0.26991190066281967,
          0.25611480788725066
        ],
        [
          0.12944187942601285,
          0.13716879993640674,
          0.25447625144405195,
          0.008344351213132416,
          0.1700081490050388,
          0.2159831708928901,
          0.08457739808246717
        ],
        [
          0.23652023617828377,
          0.13541937860594871,
          0.005033058444060496,
          0.11213939313758751,
          0.12274129059911269,
          0.21289143713199096,
          0.17525520590301585
        ],
        [
          0.24135332729717257,
          0.07147422080569811,
          0.00059788347012405,
          0.25751149331238676,
          0.09409286416221178,
          0.24310712880428215,
          0.09186308214812464
        ],
        [
          0.25509739379298146,
          0.047711105758589896,
          0.06958328814156411,
          0.22272585816898904,
          0.048141124580746625,
          0.28198059176706786,
          0.07476063779006095
        ],
        [
          0.16957141837769832,
          0.16534576044918514,
          0.08453156171902838,
          0.12299072055239409,
          0.16611783374803663,
          0.24200982613726163,
          0.04943287901639585
        ],
        [
          0.07478094920381602,
          0.20545948981439183,
          0.011232733966529292,
          0.27710419958859833,
          0.03962052049111163,
          0.08805058729895929,
          0.30375151963659364
        ],
        [
          0.27584784588309885,
          0.006636343647129548,
          0.15500301358789104,
          0.13778275235552062,
          0.0861370112846716,
          0.15011766100514562,
          0.1884753722365427
        ],
        [
          0.13651581503051036,
          0.10305012111343662,
          0.0852677576194891,
          0.1394547479793323,
          0.029087012552447538,
          0.34748252470366475,
          0.15914202100111943
        ],
        [
          0.14471225220101613,
          0.19154725111722656,
          0.15209200856212965,
          0.14315568902889667,
          0.12248451577104026,
          0.058640337307720655,
          0.18736794601197013
        ],
        [
          0.25096875007415687,
          0.2133867460891295,
          0.15472268324900207,
          0.31518043003983315,
          0.011126607708302325,
          0.011126531485363406,
          0.04348825135421272
        ],
        [
          0.2268018651082703,
          0.24965449286851837,
          0.2608783272114147,
          0.013060626447117786,
          0.01622227738879873,
          0.08655618909622989,
          0.14682622187965017
        ],
        [
          0.19600985716615496,
          0.26026606343269587,
          0.0771299764640838,
          0.05197605549476544,
          0.0987661500208814,
          0.2062235148649522,
          0.1096283825564663
        ],
        [
          0.05317971764162055,
          0.3152974170038679,
          0.11273389817569011,
          0.3212836698624626,
          0.07583751665473784,
          0.07322558409354316,
          0.0484421965680778
        ],
        [
          0.21203399375743384,
          0.1611306597206768,
          0.12630604865109774,
          0.07858658227538513,
          0.1677424996200764,
          0.17050685499516488,
          0.08369336098016525
        ],
        [
          0.12429410045006929,
          0.13579800923313762,
          0.1544776620560491,
          0.1986054964569637,
          0.07429607967092561,
          0.08730590334857334,
          0.2252227487842814
        ],
        [
          0.1890590693071539,
          0.16769346674201197,
          0.04811264249296174,
          0.27230877371999346,
          0.16844952542763147,
          0.000392073346002867,
          0.15398444896424457
        ],
        [
          0.22307378322925275,
          0.001817932270946866,
          0.027695193296807006,
          0.25482847452242446,
          0.06940390718149962,
          0.25709050676151346,
          0.1660902027375559
        ],
        [
          0.31444494952108676,
          0.05548498005768052,
          0.17312114650912763,
          0.21088489916192485,
          0.014600174476828603,
          0.12404215990892148,
          0.10742169036443011
        ],
        [
          0.0909411396421238,
          0.1744768712274754,
          0.08711486836499269,
          0.11920594159164886,
          0.17699223000791225,
          0.134727831251272,
          0.2165411179145749
        ],
        [
          0.13261422548332616,
          0.26158669044484995,
          0.17728770336722874,
          0.12060957737656276,
          0.09056521375483975,
          0.1968542426254799,
          0.02048234694771275
        ],
        [
          0.16908412647351787,
          0.11181054724081835,
          0.041371687662590494,
          0.2614142593398051,
          0.019004213690789966,
          0.11100234118699581,
          0.28631282440548234
        ],
        [
          0.17447117965977854,
          0.0478116376677226,
          0.18208867097004577,
          0.16511504624292767,
          0.19913857715069683,
          0.18825707710425274,
          0.0431178112045758
        ],
        [
          0.08666602884221433,
          0.08707843707417073,
          0.2274140607701705,
          0.005175741295283528,
          0.03639911310681707,
          0.13895114557779734,
          0.41831547333354646
        ],
        [
          0.06725708129988789,
          0.1308425802234112,
          0.16255450964336948,
          0.27389848926856686,
          0.09245956606812274,
          0.07761187249060093,
          0.195375901006041
        ],
        [
          0.32148093637148567,
          0.002984701691615521,
          0.017861947440707935,
          0.10748899035345941,
          0.27178675529597734,
          0.028598296188976007,
          0.2497983726577781
        ],
        [
          0.0380572159108536,
          0.16017157397278167,
          0.21720468204894297,
          0.12922738622832153,
          0.07316532931740066,
          0.15130846844907703,
          0.23086534407262255
        ],
        [
          0.054117129973848,
          0.15021552941616717,
          0.16874253020807212,
          0.25909226064749213,
          0.008406623383842439,
          0.2363877698733402,
          0.12303815649723797
        ],
        [
          0.37216923407866276,
          0.07057339280554716,
          0.1576460833791001,
          0.1861364258058622,
          0.040259045470908764,
          0.16185563269922787,
          0.011360185760691244
        ],
        [
          0.05477003583240441,
          0.19035133746532615,
          0.2558501597492826,
          0.15434753111376867,
          0.08833909975990602,
          0.21745097886971188,
          0.03889085720960026
        ],
        [
          0.21068405850685268,
          0.15953189658587383,
          0.06622747453948974,
          0.20952900475605396,
          0.13301687424500502,
          0.21624897326597214,
          0.004761718100752598
        ],
        [
          0.1978687586685078,
          0.24665177590804144,
          0.19319023015151912,
          0.17471270354299517,
          0.11921683470856362,
          0.04659833899224835,
          0.021761358028124556
        ],
        [
          0.12211478015060478,
          0.14140663548054835,
          0.19612476057033232,
          0.0166666048824224,
          0.1511430665509513,
          0.08219073041978314,
          0.2903534219453576
        ],
        [
          0.09155643275604791,
          0.26270902284942177,
          0.13622861954007148,
          0.30254609620120687,
          0.01339666835587038,
          0.03033293551035866,
          0.16323022478702295
        ],
        [
          0.40685327511547853,
          0.14185762004080898,
          0.23102701771620887,
          0.0829555264448249,
          0.04888284822624514,
          0.004560441067939745,
          0.08386327138849375
        ],
        [
          0.09384668857583446,
          0.18095146445302862,
          0.014638320570587926,
          0.17257472262952564,
          0.21211448828847923,
          0.20947848597437685,
          0.11639582950816735
        ],
        [
          0.11593999383330937,
          0.042408314015579054,
          0.1035981104601165,
          0.22180376914688962,
          0.20330516184845154,
          0.13746630068026836,
          0.1754783500153856
        ],
        [
          0.16916079440475565,
          0.059293617876311634,
          0.10818582261848611,
          0.08640820595735756,
          0.09931715503623896,
          0.18269445580957058,
          0.2949399482972795
        ],
        [
          0.17325204171558478,
          0.17278413151235386,
          0.24770319376407218,
          0.07057082316431433,
          0.05029215809666403,
          0.2328272707131346,
          0.05257038103387619
        ],
        [
          0.05341604021918355,
          0.3140328300612133,
          0.13201218758194042,
          0.1827815689934406,
          0.09450569353858303,
          0.1665210720682654,
          0.056730607537373766
        ],
        [
          0.001247932471132858,
          0.10830414065206938,
          0.25666348139620804,
          0.11629358276573808,
          0.2586110387249474,
          0.22361279066412632,
          0.03526703332577794
        ],
        [
          0.10690154820032514,
          0.18505562010671955,
          0.01873330211331769,
          0.24456202045003236,
          0.17967267777507048,
          0.13902772719103065,
          0.12604710416350415
        ],
        [
          0.21778702312504689,
          0.1764268104163757,
          0.21597899890736677,
          0.2591734892991892,
          0.017994536600076085,
          0.061413173836537834,
          0.05122596781540752
        ],
        [
          0.19770207964863964,
          0.03809036711292838,
          0.16017181878554876,
          0.1324482227093058,
          0.15313381883477453,
          0.17091756675169364,
          0.14753612615710923
        ],
        [
          0.18689412978014683,
          0.02690774103851544,
          0.19816681198202762,
          0.16584144559413963,
          0.11605273932555571,
          0.2245580381669065,
          0.08157909411270824
        ],
        [
          0.24278669565627664,
          0.25158616460983046,
          0.13640986255195822,
          0.04030055528739183,
          0.17334872399597004,
          0.008091936673479945,
          0.14747606122509282
        ],
        [
          0.1650472395646835,
          0.029571034050641674,
          0.26281584396218216,
          0.21858359647638814,
          0.1783390390904608,
          0.1360199001737338,
          0.009623346681909919
        ]
      ],
      "timestamps": [
        27,
        28,
        29,
        30,
        31,
        32,
        33,
        34,
        35,
        36,
        37,
        38,
        39,
        40,
        41,
        42,
        43,
        44,
        45,
        46,
        47,
        48,
        49,
        50,
        51,
        52,
        53,
        54,
        55,
        56,
        57,
        58,
        59,
        60,
        61,
        62,
        63,
        64,
        65,
        66,
        67,
        68,
        69,
        70,
        71,
        72,
        73,
        74,
        75,
        76,
        77,
        78,
        79,
        80,
        81,
        82,
        83,
        84,
        85,
        86,
        87,
        88,
        89,
        90,
        91,
        92,
        93,
        94,
        95,
        96,
        97,
        98,
        99
      ],
      "distance": 282.8
    }
  ],
  "conversation": [
    "This walk is better than therapy.",
    "I always forget how much I like walking here.",
    "Is it lunch time yet?"
  ],
  "conversation_timestamps": [
    11,
    14,
    67
  ]
}
