{"agent_id": "agent-green-1132", "type": "green", "trips": [{"trip_id": 0, "transport_method": "foot", "start_time": 0, "path": [[1.4937589, 42.4670902], [1.4940024, 42.4680829], [1.4932897, 42.4688962], [1.4932121, 42.4700635], [1.4933139, 42.4712279], [1.4934017, 42.4722737], [1.4929898, 42.4732971], [1.4919352, 42.4737996], [1.4910349, 42.4745121], [1.4908512, 42.4756462], [1.4905889, 42.4767485], [1.4904049, 42.4779094], [1.4902209, 42.4790703], [1.4900369, 42.4802312], [1.4898528, 42.4813921], [1.4895321, 42.4813744], [1.4893936, 42.480208], [1.4895755, 42.4790663], [1.4901919, 42.4780662], [1.4906445, 42.4769903], [1.4905798, 42.4771233], [1.490487, 42.478295], [1.4903942, 42.4794667], [1.4903014, 42.4806384], [1.4902085, 42.4818101], [1.4903587, 42.4829252], [1.49091, 42.4839533], [1.4916947, 42.484716], [1.4927745, 42.4850165], [1.4937644, 42.4856365], [1.4945745, 42.4864751], [1.4946545, 42.4876136], [1.4950967, 42.4886578], [1.4958625, 42.4895495], [1.4962871, 42.490594], [1.4968942, 42.4914916], [1.497888, 42.4921182], [1.4989271, 42.4926674], [1.4999042, 42.4933143], [1.5006701, 42.4941548], [1.5017351, 42.4946518], [1.5027946, 42.4951606], [1.5038978, 42.4955606], [1.5049436, 42.4960918], [1.5060559, 42.4964696], [1.5071635, 42.496863], [1.5082523, 42.4973032], [1.5093111, 42.4978137], [1.5103265, 42.4983954], [1.5110663, 42.499308], [1.5117926, 42.5002321], [1.5124986, 42.5011718], [1.5131839, 42.5021264], [1.51298, 42.501824], [1.5134649, 42.5024848], [1.5143122, 42.5032994], [1.5151596, 42.504114], [1.5160257, 42.5049072], [1.5170051, 42.5053328], [1.5181383, 42.5053834], [1.5193012, 42.5055462], [1.5204448, 42.5058175], [1.5215349, 42.5061709], [1.5226546, 42.5065271], [1.5238001, 42.5067847], [1.5249363, 42.5069532], [1.526082, 42.5071637], [1.5261368, 42.5071918], [1.52532, 42.5070741], [1.5264883, 42.5072028], [1.5275432, 42.5075172], [1.5282686, 42.50836], [1.5291571, 42.5089453], [1.5295875, 42.5090643], [1.5307053, 42.5093439], [1.5318076, 42.5097516], [1.5329387, 42.5099861], [1.5340351, 42.5103623], [1.5350862, 42.5108848], [1.5361133, 42.5108868]], "mood_vectors": [[0.0867, 0.0609, 0.0801, 0.0488, 0.032, 0.0649, 0.6266], [0.0682, 0.0644, 0.0274, 0.0482, 0.0327, 0.016, 0.7432], [0.0282, 0.039, 0.0784, 0.0314, 0.0489, 0.0414, 0.7326], [0.0325, 0.0444, 0.076, 0.054, 0.0753, 0.0628, 0.6549], [0.0906, 0.0194, 0.0727, 0.0612, 0.0391, 0.0365, 0.6805], [0.0583, 0.048, 0.0234, 0.0626, 0.0674, 0.0607, 0.6795], [0.0755, 0.0445, 0.0466, 0.056, 0.031, 0.0547, 0.6916], [0.0748, 0.0458, 0.0519, 0.0571, 0.0197, 0.0795, 0.6712], [0.0362, 0.0298, 0.0494, 0.076, 0.0192, 0.0617, 0.7278], [0.0264, 0.0409, 0.0265, 0.0758, 0.0611, 0.0271, 0.7423], [0.0274, 0.0173, 0.0688, 0.0245, 0.0559, 0.0699, 0.7361], [0.0386, 0.0573, 0.0357, 0.0146, 0.0549, 0.073, 0.7259], [0.0716, 0.0589, 0.0494, 0.0675, 0.0549, 0.0394, 0.6582], [0.0148, 0.0784, 0.0289, 0.0698, 0.0706, 0.0685, 0.6689], [0.0584, 0.0812, 0.0424, 0.0607, 0.0418, 0.0821, 0.6334], [0.0306, 0.0459, 0.0574, 0.0608, 0.0174, 0.0554, 0.7324], [0.0278, 0.0761, 0.0401, 0.0146, 0.0729, 0.0365, 0.732], [0.0253, 0.0598, 0.069, 0.0199, 0.0658, 0.0491, 0.7112], [0.0802, 0.0571, 0.0626, 0.0158, 0.0266, 0.0403, 0.7173], [0.024, 0.0544, 0.0559, 0.062, 0.0392, 0.0544, 0.7101], [0.0208, 0.0589, 0.0139, 0.0197, 0.0755, 0.0675, 0.7437], [0.0163, 0.0324, 0.0774, 0.014, 0.0155, 0.0532, 0.7912], [0.0604, 0.0236, 0.0373, 0.0389, 0.0496, 0.0719, 0.7184], [0.0623, 0.0129, 0.0363, 0.0239, 0.0727, 0.0326, 0.7593], [0.0208, 0.0779, 0.0441, 0.0666, 0.084, 0.0343, 0.6723], [0.0726, 0.0295, 0.0805, 0.0262, 0.0603, 0.0205, 0.7104], [0.0458, 0.0485, 0.0387, 0.0175, 0.0541, 0.0539, 0.7414], [0.0458, 0.0513, 0.0388, 0.0465, 0.0693, 0.0518, 0.6965], [0.0701, 0.0745, 0.031, 0.0428, 0.0256, 0.0585, 0.6975], [0.0555, 0.0209, 0.0861, 0.0599, 0.0182, 0.0196, 0.7396], [0.0569, 0.0629, 0.0777, 0.0175, 0.04, 0.0191, 0.7259], [0.0785, 0.024, 0.0791, 0.0456, 0.0129, 0.0261, 0.7339], [0.0746, 0.0717, 0.0933, 0.0365, 0.0296, 0.027, 0.6673], [0.0222, 0.054, 0.0377, 0.0631, 0.0359, 0.0726, 0.7146], [0.0269, 0.0668, 0.0776, 0.0334, 0.0213, 0.046, 0.7281], [0.016, 0.0557, 0.0726, 0.0339, 0.0391, 0.0852, 0.6975], [0.0352, 0.0133, 0.0509, 0.072, 0.0574, 0.054, 0.7172], [0.0643, 0.07, 0.0743, 0.0254, 0.0335, 0.0374, 0.695], [0.0613, 0.0888, 0.0425, 0.0587, 0.0726, 0.0744, 0.6017], [0.0635, 0.0363, 0.0132, 0.0466, 0.036, 0.0643, 0.7401], [0.0297, 0.0493, 0.0624, 0.0185, 0.0632, 0.0473, 0.7296], [0.0149, 0.0207, 0.0394, 0.0715, 0.0531, 0.0594, 0.741], [0.0362, 0.0641, 0.0847, 0.0364, 0.0487, 0.0873, 0.6425], [0.0507, 0.0663, 0.0581, 0.0531, 0.0432, 0.0725, 0.6561], [0.0797, 0.0432, 0.0553, 0.0643, 0.0206, 0.0201, 0.7168], [0.0678, 0.0235, 0.0761, 0.075, 0.0229, 0.0824, 0.6524], [0.0333, 0.0503, 0.0846, 0.0131, 0.0693, 0.0536, 0.6957], [0.0349, 0.0651, 0.0693, 0.0699, 0.0306, 0.0594, 0.6709], [0.055, 0.0367, 0.0459, 0.0216, 0.0617, 0.0812, 0.6979], [0.0474, 0.0282, 0.0503, 0.0804, 0.0229, 0.0254, 0.7454], [0.0487, 0.0409, 0.026, 0.0355, 0.0978, 0.0958, 0.6554], [0.0671, 0.0124, 0.0308, 0.0593, 0.0594, 0.0621, 0.7089], [0.0503, 0.0921, 0.0431, 0.0585, 0.0249, 0.073, 0.658], [0.0168, 0.0554, 0.0636, 0.0318, 0.0548, 0.0729, 0.7048], [0.0238, 0.0508, 0.0455, 0.0668, 0.0533, 0.0674, 0.6924], [0.0393, 0.0873, 0.0467, 0.0734, 0.0176, 0.0696, 0.6661], [0.076, 0.0571, 0.0154, 0.0752, 0.0296, 0.0135, 0.733], [0.0588, 0.0243, 0.0517, 0.0502, 0.0462, 0.0442, 0.7246], [0.0633, 0.049, 0.0639, 0.0455, 0.0513, 0.0305, 0.6964], [0.0824, 0.0168, 0.0712, 0.0439, 0.0165, 0.0193, 0.75], [0.0468, 0.0258, 0.0151, 0.0184, 0.0741, 0.0635, 0.7564], [0.0638, 0.0926, 0.0153, 0.055, 0.0951, 0.0783, 0.5999], [0.0183, 0.0845, 0.0811, 0.0856, 0.0359, 0.048, 0.6466], [0.0154, 0.0644, 0.0708, 0.0661, 0.024, 0.0697, 0.6896], [0.0279, 0.0819, 0.0475, 0.083, 0.0836, 0.0196, 0.6565], [0.0569, 0.0489, 0.0447, 0.0564, 0.0264, 0.0754, 0.6911], [0.0502, 0.0401, 0.0347, 0.0497, 0.0731, 0.0949, 0.6574], [0.0695, 0.0164, 0.0591, 0.0569, 0.0698, 0.0394, 0.6889], [0.0417, 0.0505, 0.0872, 0.0746, 0.0612, 0.0881, 0.5966], [0.029, 0.0366, 0.0743, 0.0149, 0.0318, 0.0779, 0.7356], [0.014, 0.0432, 0.0634, 0.0445, 0.0241, 0.0698, 0.7409], [0.0717, 0.0392, 0.0567, 0.0366, 0.055, 0.0509, 0.6899], [0.0627, 0.0616, 0.0198, 0.0735, 0.0511, 0.0403, 0.691], [0.0266, 0.0276, 0.0214, 0.063, 0.0454, 0.0698, 0.7461], [0.0737, 0.0173, 0.0511, 0.0675, 0.0138, 0.0677, 0.7089], [0.0233, 0.0391, 0.0219, 0.0709, 0.0372, 0.0802, 0.7272], [0.0484, 0.0473, 0.0527, 0.0235, 0.0559, 0.0188, 0.7534], [0.0778, 0.0304, 0.0738, 0.0384, 0.0123, 0.0443, 0.723], [0.0611, 0.0291, 0.0361, 0.0385, 0.0681, 0.0204, 0.7465], [0.0432, 0.0194, 0.0329, 0.0683, 0.0299, 0.0246, 0.7817]], "emotions": ["purple", "purple", "purple", "purple", "purple", "purple", "purple", "purple", "purple", "purple", "purple", "purple", "purple", "purple", "purple", "purple", "purple", "purple", "purple", "purple", "purple", "purple", "purple", "purple", "purple", "purple", "purple", "purple", "purple", "purple", "purple", "purple", "purple", "purple", "purple", "purple", "purple", "purple", "purple", "purple", "purple", "purple", "purple", "purple", "purple", "purple", "purple", "purple", "purple", "purple", "purple", "purple", "purple", "purple", "purple", "purple", "purple", "purple", "purple", "purple", "purple", "purple", "purple", "purple", "purple", "purple", "purple", "purple", "purple", "purple", "purple", "purple", "purple", "purple", "purple", "purple", "purple", "purple", "purple", "purple"], "timestamps": [0, 40, 80, 120, 160, 200, 240, 280, 320, 360, 400, 440, 480, 520, 560, 600, 640, 680, 720, 760, 800, 840, 880, 920, 960, 1000, 1040, 1080, 1120, 1160, 1200, 1240, 1280, 1320, 1360, 1400, 1440, 1480, 1520, 1560, 1600, 1640, 1680, 1720, 1760, 1800, 1840, 1880, 1920, 1960, 2000, 2040, 2080, 2120, 2160, 2200, 2240, 2280, 2320, 2360, 2400, 2440, 2480, 2520, 2560, 2600, 2640, 2680, 2720, 2760, 2800, 2840, 2880, 2920, 2960, 3000, 3040, 3080, 3120, 3160]}], "conversation": [], "conversation_timestamps": []}