{"agent_id": "agent-orange-828", "type": "orange", "trips": [{"trip_id": 0, "transport_method": "foot", "start_time": 0, "path": [[1.5141751, 42.5474723], [1.5141099, 42.5467459], [1.5143487, 42.5470806], [1.5143714, 42.5462457], [1.5148863, 42.5456679], [1.5148164, 42.5457442], [1.5152439, 42.5449778], [1.5157945, 42.5443056], [1.51642, 42.5436908], [1.516997, 42.5430543], [1.5174662, 42.5423278], [1.5180574, 42.5417166], [1.5188656, 42.5413746], [1.51941, 42.5407682], [1.5194068, 42.5399447], [1.5194845, 42.5390706], [1.5193444, 42.5397356], [1.5194339, 42.5397055], [1.5195228, 42.5388324], [1.5197135, 42.5379836], [1.5200549, 42.537176], [1.5205192, 42.5364365], [1.5211275, 42.5358618], [1.5208186, 42.5352983], [1.5201723, 42.5347053], [1.5195658, 42.5340733], [1.5196731, 42.5332531], [1.5196778, 42.5323901], [1.5196285, 42.5315411], [1.5198028, 42.530681], [1.519616, 42.5314161], [1.5196168, 42.5314231], [1.5197196, 42.5305515], [1.5200448, 42.5299536], [1.5205867, 42.5292875], [1.5205747, 42.5284314], [1.5200872, 42.5277061], [1.5200991, 42.5268964], [1.5205593, 42.5261609], [1.5206133, 42.5252863], [1.5207531, 42.5244303], [1.5212481, 42.5237085], [1.5217491, 42.5229961], [1.5221019, 42.5222023], [1.5227935, 42.5216709], [1.5233733, 42.5210314], [1.5236615, 42.5202025], [1.5238282, 42.5198782], [1.5235316, 42.5206986], [1.5235108, 42.5206945], [1.5238351, 42.519879], [1.5241594, 42.5190636], [1.5247524, 42.5185174], [1.5254325, 42.5179683], [1.526073, 42.5173897], [1.526839, 42.5170491], [1.5275632, 42.5165706], [1.5283737, 42.5162506], [1.529008, 42.5156606], [1.5295581, 42.5149824], [1.5302282, 42.5144367], [1.5302956, 42.5136509], [1.5305914, 42.512845], [1.5309754, 42.5120944], [1.53029, 42.5116157], [1.5296623, 42.5110786], [1.5295684, 42.5104162], [1.5289598, 42.50979], [1.5286169, 42.5094776], [1.5292236, 42.5100883], [1.5289062, 42.5097445], [1.5282694, 42.5091406], [1.5275663, 42.5086241], [1.5267055, 42.5085122], [1.5258496, 42.5083281], [1.5250981, 42.5079672], [1.5242422, 42.507778], [1.5233661, 42.5078132], [1.5225119, 42.5077361], [1.5217517, 42.5075138]], "mood_vectors": [[0.0785, 0.0149, 0.0655, 0.0225, 0.7832, 0.0186, 0.0169], [0.0245, 0.0334, 0.0756, 0.0401, 0.7327, 0.0693, 0.0243], [0.07, 0.0712, 0.0126, 0.0113, 0.7128, 0.059, 0.0633], [0.0165, 0.0141, 0.0408, 0.0545, 0.7918, 0.0337, 0.0485], [0.0411, 0.0629, 0.0164, 0.0265, 0.7244, 0.0577, 0.0709], [0.0802, 0.0461, 0.0214, 0.066, 0.6828, 0.0845, 0.0189], [0.0406, 0.0807, 0.0284, 0.0448, 0.6848, 0.0421, 0.0785], [0.0723, 0.0891, 0.0693, 0.0402, 0.6443, 0.0385, 0.0463], [0.0297, 0.0413, 0.037, 0.0681, 0.7798, 0.0141, 0.0299], [0.0414, 0.0321, 0.025, 0.0719, 0.727, 0.043, 0.0597], [0.0632, 0.0555, 0.0718, 0.0583, 0.6488, 0.026, 0.0763], [0.0649, 0.0739, 0.0275, 0.0137, 0.7587, 0.0312, 0.0302], [0.0533, 0.0133, 0.0521, 0.0635, 0.7111, 0.0738, 0.0328], [0.0549, 0.0424, 0.0421, 0.0661, 0.6663, 0.0825, 0.0457], [0.046, 0.0459, 0.0853, 0.0437, 0.671, 0.0727, 0.0354], [0.0223, 0.0499, 0.0781, 0.0293, 0.774, 0.0164, 0.0298], [0.0794, 0.0465, 0.0568, 0.0165, 0.6982, 0.0626, 0.04], [0.056, 0.0232, 0.111, 0.0212, 0.7415, 0.0294, 0.0176], [0.0831, 0.0475, 0.0497, 0.018, 0.6784, 0.0745, 0.0489], [0.0969, 0.0261, 0.0274, 0.0288, 0.7018, 0.0776, 0.0415], [0.0161, 0.0534, 0.0673, 0.0777, 0.6195, 0.0846, 0.0814], [0.0683, 0.0294, 0.0339, 0.0562, 0.7393, 0.0353, 0.0376], [0.0139, 0.0458, 0.0281, 0.0144, 0.798, 0.0183, 0.0815], [0.0114, 0.0499, 0.0697, 0.0695, 0.6778, 0.0564, 0.0653], [0.0192, 0.0677, 0.0194, 0.077, 0.7645, 0.0338, 0.0184], [0.0772, 0.0192, 0.0323, 0.0447, 0.7352, 0.0236, 0.0679], [0.0118, 0.0191, 0.0147, 0.0225, 0.8045, 0.0474, 0.0799], [0.0684, 0.0354, 0.0321, 0.0168, 0.7756, 0.0265, 0.0454], [0.046, 0.0587, 0.0541, 0.0287, 0.6834, 0.0699, 0.0593], [0.0602, 0.0658, 0.0459, 0.0794, 0.6654, 0.0573, 0.0259], [0.0197, 0.0581, 0.0854, 0.0286, 0.6523, 0.1039, 0.0519], [0.0184, 0.0403, 0.0575, 0.0739, 0.6905, 0.0542, 0.0651], [0.0835, 0.0909, 0.0635, 0.0224, 0.6724, 0.0184, 0.0488], [0.0247, 0.0333, 0.078, 0.0607, 0.7005, 0.0634, 0.0394], [0.0658, 0.0183, 0.0515, 0.0693, 0.6177, 0.0887, 0.0888], [0.051, 0.024, 0.0382, 0.0434, 0.7479, 0.0591, 0.0365], [0.0726, 0.0406, 0.0636, 0.076, 0.6229, 0.0489, 0.0754], [0.0723, 0.0244, 0.0707, 0.0349, 0.6513, 0.0734, 0.073], [0.0617, 0.0191, 0.0482, 0.0211, 0.7167, 0.064, 0.0692], [0.074, 0.036, 0.0171, 0.0626, 0.7141, 0.0534, 0.0428], [0.0227, 0.0138, 0.0444, 0.0561, 0.7565, 0.0706, 0.0359], [0.0688, 0.0791, 0.0787, 0.0384, 0.6489, 0.0512, 0.0348], [0.0741, 0.067, 0.0286, 0.0908, 0.619, 0.0577, 0.0629], [0.0209, 0.0822, 0.0275, 0.0571, 0.7125, 0.0159, 0.0838], [0.0511, 0.021, 0.0223, 0.0714, 0.7312, 0.054, 0.0488], [0.061, 0.0143, 0.0359, 0.0573, 0.7264, 0.0379, 0.0671], [0.0507, 0.0169, 0.0162, 0.0481, 0.785, 0.0408, 0.0423], [0.0857, 0.0621, 0.0651, 0.0592, 0.6296, 0.0289, 0.0694], [0.067, 0.0748, 0.0384, 0.0304, 0.6976, 0.0699, 0.022], [0.0442, 0.0739, 0.0697, 0.0473, 0.6537, 0.05, 0.0612], [0.0856, 0.0306, 0.0447, 0.0498, 0.661, 0.0758, 0.0526], [0.0453, 0.0206, 0.0759, 0.0795, 0.7076, 0.0259, 0.0451], [0.0134, 0.0148, 0.041, 0.0359, 0.8036, 0.0204, 0.071], [0.0192, 0.0476, 0.0211, 0.07, 0.6966, 0.068, 0.0775], [0.0245, 0.0624, 0.0738, 0.0389, 0.7085, 0.0464, 0.0454], [0.0487, 0.0555, 0.049, 0.0458, 0.7066, 0.0499, 0.0444], [0.0194, 0.0921, 0.0531, 0.0439, 0.6746, 0.0501, 0.0667], [0.0711, 0.0787, 0.0705, 0.0143, 0.6629, 0.0819, 0.0206], [0.026, 0.0875, 0.0886, 0.0472, 0.6535, 0.055, 0.0423], [0.0614, 0.0328, 0.0517, 0.0376, 0.7198, 0.0341, 0.0627], [0.0443, 0.024, 0.0597, 0.0275, 0.7084, 0.07, 0.0659], [0.025, 0.0692, 0.0797, 0.0642, 0.7165, 0.028, 0.0173], [0.0222, 0.0522, 0.032, 0.0691, 0.7673, 0.0358, 0.0214], [0.0557, 0.0271, 0.021, 0.0708, 0.69, 0.042, 0.0933], [0.0429, 0.058, 0.0155, 0.0854, 0.6541, 0.0566, 0.0876], [0.031, 0.063, 0.0426, 0.0478, 0.6699, 0.0637, 0.082], [0.0318, 0.0736, 0.0581, 0.0204, 0.7332, 0.0641, 0.0189], [0.0513, 0.0358, 0.0957, 0.0332, 0.6713, 0.0215, 0.0912], [0.0864, 0.0804, 0.0564, 0.016, 0.6798, 0.0267, 0.0543], [0.0835, 0.0388, 0.0681, 0.0533, 0.645, 0.0727, 0.0387], [0.0526, 0.0561, 0.0602, 0.0129, 0.7333, 0.0283, 0.0566], [0.0464, 0.0416, 0.0433, 0.0967, 0.6503, 0.0949, 0.0268], [0.0143, 0.0327, 0.0264, 0.0362, 0.7982, 0.0153, 0.0771], [0.0703, 0.0654, 0.0451, 0.0197, 0.6754, 0.0519, 0.0723], [0.0196, 0.0232, 0.015, 0.0821, 0.7339, 0.0635, 0.0626], [0.0177, 0.0374, 0.0444, 0.0196, 0.7686, 0.0796, 0.0327], [0.0607, 0.0219, 0.0723, 0.0436, 0.65, 0.0815, 0.0701], [0.0164, 0.0316, 0.0619, 0.0318, 0.7508, 0.0676, 0.0398], [0.0436, 0.0827, 0.0783, 0.0758, 0.6288, 0.0313, 0.0596], [0.0273, 0.0188, 0.0515, 0.0349, 0.7958, 0.0247, 0.0469]], "emotions": ["red", "red", "red", "red", "red", "red", "red", "red", "red", "red", "red", "red", "red", "red", "red", "red", "red", "red", "red", "red", "red", "red", "red", "red", "red", "red", "red", "red", "red", "red", "red", "red", "red", "red", "red", "red", "red", "red", "red", "red", "red", "red", "red", "red", "red", "red", "red", "red", "red", "red", "red", "red", "red", "red", "red", "red", "red", "red", "red", "red", "red", "red", "red", "red", "red", "red", "red", "red", "red", "red", "red", "red", "red", "red", "red", "red", "red", "red", "red", "red"], "timestamps": [0, 40, 80, 120, 160, 200, 240, 280, 320, 360, 400, 440, 480, 520, 560, 600, 640, 680, 720, 760, 800, 840, 880, 920, 960, 1000, 1040, 1080, 1120, 1160, 1200, 1240, 1280, 1320, 1360, 1400, 1440, 1480, 1520, 1560, 1600, 1640, 1680, 1720, 1760, 1800, 1840, 1880, 1920, 1960, 2000, 2040, 2080, 2120, 2160, 2200, 2240, 2280, 2320, 2360, 2400, 2440, 2480, 2520, 2560, 2600, 2640, 2680, 2720, 2760, 2800, 2840, 2880, 2920, 2960, 3000, 3040, 3080, 3120, 3160]}], "conversation": [], "conversation_timestamps": []}