{"agent_id": "agent-purple-539", "type": "purple", "trips": [{"trip_id": 0, "transport_method": "foot", "start_time": 0, "path": [[1.5293805, 42.5179701], [1.530482, 42.5177717], [1.5314153, 42.517187], [1.5316181, 42.5171912], [1.531092, 42.5175088], [1.5320079, 42.5168618], [1.5329837, 42.5163299], [1.5340257, 42.5159987], [1.5348719, 42.5153133], [1.5353244, 42.5147986], [1.5364277, 42.5146235], [1.5375396, 42.5144784], [1.5386291, 42.5143404], [1.5394428, 42.5135939], [1.5385864, 42.5131189], [1.5392898, 42.5126378], [1.5394071, 42.5125584], [1.5402377, 42.5120131], [1.539539, 42.5121896], [1.5406014, 42.5118308], [1.5416669, 42.5115365], [1.5419732, 42.5105026], [1.5423146, 42.5098868], [1.5429442, 42.5094752], [1.5439935, 42.5096645], [1.5448914, 42.509988], [1.545724, 42.5106308], [1.5465616, 42.5113143], [1.5476481, 42.5115859], [1.548741, 42.5118344], [1.549693, 42.5118385], [1.5502117, 42.5120557], [1.550276, 42.512096], [1.5511944, 42.5127206], [1.551176, 42.5127446], [1.5515879, 42.5130017], [1.5525177, 42.5136112], [1.5527128, 42.5139706], [1.5528476, 42.5150616], [1.5534141, 42.5160161], [1.553864, 42.5170318], [1.5546825, 42.5177788], [1.5556743, 42.5181919], [1.556471, 42.5189589], [1.5571448, 42.5197949], [1.5579316, 42.5205937], [1.5587559, 42.5213537], [1.5596682, 42.5219953], [1.5595778, 42.5220116], [1.5605344, 42.5225796], [1.5614508, 42.5232249], [1.562228, 42.5240258], [1.5631142, 42.5246802], [1.5641365, 42.5251111], [1.5652062, 42.5253875], [1.5662244, 42.5258543], [1.5671195, 42.5265283], [1.5680357, 42.5271701], [1.5690012, 42.5277211], [1.5699555, 42.5282998], [1.5708925, 42.5289159], [1.5717518, 42.5293381], [1.5728448, 42.5294888], [1.5734309, 42.5301624], [1.5741956, 42.5309559], [1.5752234, 42.5313937], [1.5763235, 42.5316104], [1.5774361, 42.531746], [1.5785563, 42.5317972], [1.577801, 42.5317739], [1.5780696, 42.5317451], [1.5791909, 42.5317481], [1.5803122, 42.531745], [1.581433, 42.5317106], [1.5825528, 42.5317133], [1.5835891, 42.5321102], [1.5844652, 42.5328034], [1.5853253, 42.5334988], [1.5862316, 42.534143], [1.5866872, 42.5347597]], "mood_vectors": [[0.0408, 0.0247, 0.0613, 0.0155, 0.0275, 0.8149, 0.0153], [0.0642, 0.0681, 0.0499, 0.0424, 0.0391, 0.6919, 0.0445], [0.0651, 0.037, 0.0124, 0.0434, 0.0263, 0.7512, 0.0647], [0.0238, 0.0466, 0.0215, 0.0814, 0.0707, 0.6748, 0.0813], [0.0632, 0.0805, 0.0198, 0.0795, 0.0511, 0.6823, 0.0236], [0.0858, 0.0176, 0.057, 0.0506, 0.0402, 0.67, 0.0787], [0.0315, 0.03, 0.0648, 0.0423, 0.0208, 0.7983, 0.0124], [0.0137, 0.0299, 0.0657, 0.0526, 0.0243, 0.7527, 0.0611], [0.0158, 0.0644, 0.0309, 0.0466, 0.0239, 0.7694, 0.049], [0.0757, 0.0325, 0.0157, 0.0175, 0.0429, 0.7306, 0.0851], [0.0136, 0.0452, 0.0695, 0.0872, 0.0247, 0.7085, 0.0513], [0.0659, 0.038, 0.0872, 0.0776, 0.0408, 0.6062, 0.0843], [0.0768, 0.0381, 0.0293, 0.0431, 0.0234, 0.7699, 0.0194], [0.0994, 0.0429, 0.0243, 0.0713, 0.0665, 0.6598, 0.0358], [0.0774, 0.0434, 0.016, 0.0424, 0.0666, 0.6974, 0.0569], [0.051, 0.0627, 0.0517, 0.0744, 0.0334, 0.6759, 0.0509], [0.0477, 0.0951, 0.0373, 0.0555, 0.0815, 0.6588, 0.0242], [0.0198, 0.0531, 0.0692, 0.0703, 0.076, 0.653, 0.0586], [0.0322, 0.0915, 0.0276, 0.051, 0.0509, 0.7152, 0.0317], [0.017, 0.0677, 0.0724, 0.0741, 0.018, 0.6655, 0.0853], [0.0363, 0.0649, 0.0429, 0.0187, 0.0495, 0.708, 0.0797], [0.0383, 0.0298, 0.0619, 0.0564, 0.0776, 0.676, 0.06], [0.0214, 0.0169, 0.067, 0.089, 0.0226, 0.6895, 0.0936], [0.0502, 0.0226, 0.0157, 0.0454, 0.0282, 0.7546, 0.0833], [0.018, 0.0318, 0.0621, 0.0583, 0.0571, 0.7041, 0.0685], [0.0512, 0.0342, 0.0633, 0.0551, 0.075, 0.68, 0.0411], [0.0377, 0.0727, 0.0474, 0.067, 0.0702, 0.649, 0.0559], [0.0542, 0.06, 0.0394, 0.0584, 0.0669, 0.6563, 0.065], [0.0664, 0.0804, 0.0436, 0.0161, 0.0775, 0.6468, 0.0692], [0.0586, 0.0789, 0.0252, 0.0297, 0.0497, 0.7058, 0.0522], [0.0194, 0.0587, 0.0808, 0.0536, 0.0758, 0.6556, 0.056], [0.0161, 0.0736, 0.0714, 0.022, 0.0158, 0.7445, 0.0566], [0.0912, 0.0578, 0.0462, 0.0231, 0.0602, 0.672, 0.0495], [0.0657, 0.0471, 0.0213, 0.0737, 0.0308, 0.7105, 0.0509], [0.0325, 0.0751, 0.0166, 0.0557, 0.0298, 0.7662, 0.0242], [0.0573, 0.0626, 0.0614, 0.0286, 0.0685, 0.6482, 0.0734], [0.0584, 0.0207, 0.0226, 0.0783, 0.0487, 0.7506, 0.0207], [0.0543, 0.054, 0.0362, 0.0217, 0.0662, 0.6938, 0.0738], [0.0363, 0.0344, 0.0494, 0.0435, 0.0469, 0.7461, 0.0436], [0.0482, 0.0432, 0.056, 0.0617, 0.0586, 0.7002, 0.032], [0.0412, 0.0493, 0.0407, 0.0668, 0.0612, 0.684, 0.0568], [0.0685, 0.0334, 0.0756, 0.0573, 0.0244, 0.7183, 0.0225], [0.0415, 0.0476, 0.0463, 0.0281, 0.0279, 0.767, 0.0416], [0.0309, 0.0645, 0.0568, 0.0693, 0.0935, 0.6469, 0.0381], [0.0942, 0.0594, 0.034, 0.0405, 0.0155, 0.6969, 0.0595], [0.0451, 0.0866, 0.0783, 0.0357, 0.067, 0.6328, 0.0545], [0.0845, 0.0133, 0.0755, 0.0819, 0.0332, 0.6261, 0.0855], [0.0126, 0.0392, 0.0439, 0.0484, 0.0586, 0.7377, 0.0597], [0.0391, 0.0571, 0.0494, 0.031, 0.0564, 0.7259, 0.041], [0.0395, 0.0853, 0.0703, 0.0181, 0.0226, 0.7431, 0.0211], [0.0395, 0.0677, 0.0488, 0.0294, 0.0383, 0.6902, 0.086], [0.0512, 0.0526, 0.0498, 0.0592, 0.0192, 0.6987, 0.0694], [0.0807, 0.0463, 0.0222, 0.0919, 0.031, 0.7041, 0.0238], [0.0313, 0.0231, 0.0277, 0.1019, 0.0452, 0.6862, 0.0846], [0.081, 0.0413, 0.0528, 0.0274, 0.0361, 0.6827, 0.0788], [0.0132, 0.0257, 0.0857, 0.0376, 0.0401, 0.7357, 0.0619], [0.026, 0.0697, 0.0407, 0.0534, 0.0596, 0.697, 0.0537], [0.0305, 0.0282, 0.0238, 0.0191, 0.0873, 0.7305, 0.0805], [0.0134, 0.0763, 0.038, 0.0546, 0.0304, 0.7293, 0.058], [0.093, 0.0745, 0.0156, 0.0495, 0.0338, 0.6927, 0.0408], [0.0786, 0.0556, 0.0264, 0.032, 0.0538, 0.6727, 0.0809], [0.096, 0.0472, 0.0539, 0.021, 0.0311, 0.7256, 0.0253], [0.0797, 0.0374, 0.0681, 0.0684, 0.0557, 0.642, 0.0487], [0.0391, 0.022, 0.057, 0.0154, 0.0397, 0.7652, 0.0616], [0.0141, 0.0519, 0.0378, 0.062, 0.0355, 0.7837, 0.015], [0.0231, 0.0613, 0.0584, 0.0606, 0.0542, 0.6744, 0.068], [0.0637, 0.026, 0.0597, 0.04, 0.0437, 0.7556, 0.0112], [0.0675, 0.019, 0.0699, 0.0131, 0.0287, 0.7386, 0.0632], [0.0782, 0.0434, 0.0776, 0.0321, 0.0778, 0.6207, 0.0701], [0.0375, 0.0299, 0.0804, 0.0322, 0.0175, 0.7733, 0.029], [0.0747, 0.0518, 0.0762, 0.019, 0.0656, 0.6909, 0.0218], [0.0373, 0.0807, 0.0399, 0.0576, 0.0784, 0.6705, 0.0356], [0.0424, 0.0737, 0.0358, 0.0669, 0.0407, 0.6782, 0.0623], [0.0722, 0.0135, 0.0708, 0.0515, 0.0628, 0.697, 0.0322], [0.0593, 0.0628, 0.0726, 0.0334, 0.0583, 0.6642, 0.0495], [0.0631, 0.0716, 0.0812, 0.025, 0.0753, 0.6271, 0.0568], [0.0446, 0.0527, 0.0486, 0.0796, 0.0559, 0.7061, 0.0126], [0.0735, 0.0377, 0.0297, 0.0539, 0.061, 0.717, 0.0271], [0.0681, 0.0476, 0.0443, 0.0469, 0.057, 0.7149, 0.0211], [0.0666, 0.0637, 0.0203, 0.0562, 0.0806, 0.6555, 0.057]], "emotions": ["purple", "purple", "purple", "purple", "purple", "purple", "purple", "purple", "purple", "purple", "purple", "purple", "purple", "purple", "purple", "purple", "purple", "purple", "purple", "purple", "purple", "purple", "purple", "purple", "purple", "purple", "purple", "purple", "purple", "purple", "purple", "purple", "purple", "purple", "purple", "purple", "purple", "purple", "purple", "purple", "purple", "purple", "purple", "purple", "purple", "purple", "purple", "purple", "purple", "purple", "purple", "purple", "purple", "purple", "purple", "purple", "purple", "purple", "purple", "purple", "purple", "purple", "purple", "purple", "purple", "purple", "purple", "purple", "purple", "purple", "purple", "purple", "purple", "purple", "purple", "purple", "purple", "purple", "purple", "purple"], "timestamps": [0, 40, 80, 120, 160, 200, 240, 280, 320, 360, 400, 440, 480, 520, 560, 600, 640, 680, 720, 760, 800, 840, 880, 920, 960, 1000, 1040, 1080, 1120, 1160, 1200, 1240, 1280, 1320, 1360, 1400, 1440, 1480, 1520, 1560, 1600, 1640, 1680, 1720, 1760, 1800, 1840, 1880, 1920, 1960, 2000, 2040, 2080, 2120, 2160, 2200, 2240, 2280, 2320, 2360, 2400, 2440, 2480, 2520, 2560, 2600, 2640, 2680, 2720, 2760, 2800, 2840, 2880, 2920, 2960, 3000, 3040, 3080, 3120, 3160]}], "conversation": [], "conversation_timestamps": []}