{"agent_id": "agent-green-1927", "type": "green", "trips": [{"trip_id": 0, "transport_method": "car", "start_time": 0, "path": [[1.5215655, 42.5053333], [1.5213854, 42.5051251], [1.5216264, 42.5049836], [1.5219671, 42.5049792], [1.5220912, 42.5050187], [1.5220698, 42.5053937], [1.5219867, 42.5057529], [1.5218238, 42.5060914], [1.5216892, 42.506441], [1.5217535, 42.5067247], [1.5221042, 42.5068595], [1.5223432, 42.5069478], [1.5224903, 42.5072777], [1.5226383, 42.5075807], [1.5229874, 42.5077075], [1.5233508, 42.5078028], [1.5237245, 42.5077875], [1.5240998, 42.5077718], [1.5244721, 42.5078151], [1.5248364, 42.5079051], [1.5251974, 42.5080092], [1.5255577, 42.5081152], [1.525832, 42.508321], [1.5261935, 42.508422], [1.526561, 42.5084984], [1.5269358, 42.5085187], [1.5273105, 42.5085362], [1.527659, 42.5086716], [1.5279744, 42.5088744], [1.528262, 42.5091156], [1.5285277, 42.5093812], [1.5287838, 42.5096559], [1.5290885, 42.5098713], [1.5293191, 42.5101575], [1.5296756, 42.5101658], [1.5300493, 42.510197], [1.5304215, 42.5102481], [1.530792, 42.5101962], [1.5311487, 42.5102977], [1.531495, 42.5104428], [1.531849, 42.5105684], [1.5322059, 42.5106855], [1.5325643, 42.5107983], [1.5329214, 42.5109147], [1.5332507, 42.5110876], [1.5333689, 42.5114403], [1.533575, 42.5117524], [1.533791, 42.5120598], [1.534007, 42.5123672], [1.5342229, 42.5126746], [1.5341265, 42.5127319], [1.5338097, 42.5125337], [1.5336214, 42.5122136], [1.5335683, 42.5118435], [1.5333775, 42.5115513], [1.5334934, 42.5117446], [1.5336398, 42.5120905], [1.5337863, 42.5124364], [1.5339328, 42.5127824], [1.5340793, 42.5131283], [1.5340593, 42.5134693], [1.5337896, 42.5136978], [1.5334339, 42.5138188], [1.5330681, 42.5139009], [1.5327248, 42.5140506], [1.5324111, 42.5142565], [1.5321473, 42.5145055], [1.531901, 42.514789], [1.5316214, 42.515039], [1.5315711, 42.5152721], [1.5318871, 42.5150779], [1.5322021, 42.5148738], [1.532532, 42.5146942], [1.5328882, 42.5145793], [1.5332535, 42.5144918], [1.5336171, 42.514533], [1.5339843, 42.5144578], [1.5343479, 42.5143631], [1.5347114, 42.5142685], [1.535075, 42.5141738]], "mood_vectors": [[0.077, 0.0357, 0.0648, 0.0377, 0.0722, 0.0425, 0.6701], [0.0236, 0.0617, 0.0221, 0.0188, 0.0719, 0.0668, 0.7351], [0.0615, 0.0267, 0.0669, 0.0635, 0.0525, 0.0661, 0.6628], [0.0401, 0.0298, 0.0187, 0.0273, 0.054, 0.0673, 0.7627], [0.0369, 0.0377, 0.0243, 0.0451, 0.0496, 0.0688, 0.7376], [0.0466, 0.0177, 0.0716, 0.058, 0.0555, 0.0572, 0.6934], [0.0326, 0.0577, 0.0816, 0.0386, 0.0214, 0.0866, 0.6814], [0.0644, 0.0697, 0.0814, 0.0298, 0.0622, 0.0781, 0.6144], [0.0433, 0.0281, 0.0757, 0.0867, 0.0767, 0.0413, 0.6482], [0.043, 0.0253, 0.0948, 0.0306, 0.0638, 0.0802, 0.6624], [0.0191, 0.0375, 0.0461, 0.0609, 0.0217, 0.0138, 0.8009], [0.0158, 0.0693, 0.0395, 0.0706, 0.036, 0.0826, 0.6862], [0.0813, 0.0518, 0.0891, 0.0381, 0.0365, 0.0255, 0.6778], [0.063, 0.0452, 0.0485, 0.0358, 0.0447, 0.0679, 0.6949], [0.076, 0.0319, 0.051, 0.0611, 0.0228, 0.0396, 0.7176], [0.0257, 0.0165, 0.0332, 0.0285, 0.0334, 0.0244, 0.8382], [0.0227, 0.0427, 0.0361, 0.0333, 0.0133, 0.0299, 0.822], [0.0587, 0.0164, 0.0637, 0.0215, 0.0544, 0.0576, 0.7277], [0.0599, 0.0409, 0.025, 0.0503, 0.0541, 0.0661, 0.7037], [0.0635, 0.0902, 0.0365, 0.025, 0.0557, 0.0194, 0.7098], [0.0558, 0.0188, 0.08, 0.0679, 0.0722, 0.0492, 0.6561], [0.052, 0.0381, 0.0281, 0.0293, 0.0563, 0.042, 0.7541], [0.0734, 0.0395, 0.0674, 0.0336, 0.0382, 0.0516, 0.6963], [0.0264, 0.0442, 0.106, 0.0354, 0.0479, 0.0283, 0.7117], [0.0287, 0.0372, 0.0231, 0.0609, 0.0298, 0.0756, 0.7448], [0.0507, 0.0787, 0.0818, 0.0485, 0.0273, 0.0626, 0.6505], [0.0149, 0.0435, 0.0131, 0.0835, 0.0598, 0.0484, 0.7367], [0.0705, 0.0554, 0.07, 0.0319, 0.0642, 0.0176, 0.6905], [0.0376, 0.0366, 0.0525, 0.0698, 0.0301, 0.0499, 0.7236], [0.0455, 0.0852, 0.0842, 0.0362, 0.0697, 0.0793, 0.5999], [0.0375, 0.0326, 0.0719, 0.0425, 0.0253, 0.0514, 0.7387], [0.0721, 0.024, 0.0907, 0.0511, 0.0284, 0.0949, 0.6388], [0.0149, 0.0759, 0.071, 0.0392, 0.0503, 0.0697, 0.679], [0.0324, 0.061, 0.0488, 0.0174, 0.0619, 0.0386, 0.7398], [0.0691, 0.046, 0.0594, 0.0744, 0.0337, 0.0461, 0.6713], [0.0358, 0.0143, 0.0717, 0.0716, 0.0486, 0.03, 0.7278], [0.0327, 0.0463, 0.0452, 0.0639, 0.0936, 0.0524, 0.666], [0.0764, 0.0253, 0.0485, 0.0155, 0.0873, 0.0843, 0.6627], [0.0878, 0.0724, 0.0397, 0.0322, 0.0733, 0.0622, 0.6324], [0.0316, 0.0829, 0.0191, 0.0777, 0.0781, 0.0204, 0.6901], [0.0449, 0.0483, 0.072, 0.0282, 0.0541, 0.0514, 0.7011], [0.0167, 0.0696, 0.0828, 0.0641, 0.0362, 0.037, 0.6936], [0.0684, 0.0518, 0.0256, 0.0748, 0.0794, 0.0236, 0.6764], [0.0215, 0.0308, 0.0694, 0.0708, 0.0398, 0.0215, 0.7463], [0.021, 0.0423, 0.0883, 0.0744, 0.042, 0.0742, 0.6578], [0.0245, 0.0429, 0.019, 0.0701, 0.0239, 0.0778, 0.7418], [0.051, 0.0985, 0.0456, 0.0312, 0.0174, 0.0343, 0.7221], [0.0412, 0.0594, 0.0199, 0.0631, 0.0576, 0.0485, 0.7102], [0.0235, 0.0759, 0.019, 0.0805, 0.0293, 0.0877, 0.6842], [0.0179, 0.0237, 0.0802, 0.0414, 0.0579, 0.0147, 0.7644], [0.0371, 0.0838, 0.0203, 0.0228, 0.0698, 0.0775, 0.6886], [0.0336, 0.0602, 0.0134, 0.0526, 0.0672, 0.0641, 0.7089], [0.0411, 0.0215, 0.0331, 0.0285, 0.0155, 0.0872, 0.7732], [0.0201, 0.0798, 0.0486, 0.0315, 0.0767, 0.0581, 0.6852], [0.0781, 0.0212, 0.0252, 0.0502, 0.0154, 0.0623, 0.7476], [0.0881, 0.026, 0.0262, 0.042, 0.068, 0.075, 0.6747], [0.0251, 0.0233, 0.0295, 0.0729, 0.0824, 0.0891, 0.6776], [0.0861, 0.0143, 0.0859, 0.0184, 0.048, 0.0661, 0.6813], [0.0918, 0.0882, 0.0911, 0.0249, 0.0336, 0.0337, 0.6366], [0.0403, 0.0524, 0.0658, 0.0417, 0.0465, 0.0228, 0.7305], [0.024, 0.0621, 0.0508, 0.0717, 0.0569, 0.0106, 0.7239], [0.0281, 0.0767, 0.015, 0.0283, 0.0779, 0.0413, 0.7326], [0.0529, 0.0694, 0.0214, 0.0469, 0.041, 0.0266, 0.7419], [0.0832, 0.0802, 0.0642, 0.0462, 0.029, 0.0604, 0.6369], [0.0148, 0.0315, 0.0455, 0.0284, 0.0503, 0.0512, 0.7782], [0.0715, 0.0783, 0.0481, 0.0647, 0.0404, 0.0613, 0.6358], [0.0508, 0.0845, 0.032, 0.0641, 0.0652, 0.0348, 0.6687], [0.0712, 0.0768, 0.0639, 0.0458, 0.0251, 0.0369, 0.6803], [0.0148, 0.0584, 0.026, 0.0707, 0.0543, 0.0188, 0.7569], [0.0313, 0.0681, 0.0284, 0.0791, 0.0309, 0.0229, 0.7393], [0.0429, 0.0202, 0.0128, 0.0753, 0.0632, 0.0257, 0.7599], [0.0541, 0.0147, 0.0523, 0.0939, 0.0811, 0.0917, 0.6122], [0.0768, 0.0365, 0.0566, 0.0749, 0.0708, 0.0122, 0.6724], [0.0144, 0.0167, 0.0594, 0.0573, 0.0458, 0.0636, 0.7427], [0.0634, 0.0311, 0.0501, 0.0282, 0.0212, 0.0727, 0.7333], [0.0762, 0.0313, 0.0533, 0.0667, 0.0713, 0.0694, 0.6319], [0.0315, 0.0741, 0.053, 0.0316, 0.0415, 0.0176, 0.7508], [0.0823, 0.0704, 0.0146, 0.02, 0.0276, 0.0489, 0.736], [0.0419, 0.0723, 0.0471, 0.0233, 0.0511, 0.0828, 0.6816], [0.0387, 0.0888, 0.0365, 0.0676, 0.035, 0.0287, 0.7048]], "emotions": ["purple", "purple", "purple", "purple", "purple", "purple", "purple", "purple", "purple", "purple", "purple", "purple", "purple", "purple", "purple", "purple", "purple", "purple", "purple", "purple", "purple", "purple", "purple", "purple", "purple", "purple", "purple", "purple", "purple", "purple", "purple", "purple", "purple", "purple", "purple", "purple", "purple", "purple", "purple", "purple", "purple", "purple", "purple", "purple", "purple", "purple", "purple", "purple", "purple", "purple", "purple", "purple", "purple", "purple", "purple", "purple", "purple", "purple", "purple", "purple", "purple", "purple", "purple", "purple", "purple", "purple", "purple", "purple", "purple", "purple", "purple", "purple", "purple", "purple", "purple", "purple", "purple", "purple", "purple", "purple"], "timestamps": [0, 40, 80, 120, 160, 200, 240, 280, 320, 360, 400, 440, 480, 520, 560, 600, 640, 680, 720, 760, 800, 840, 880, 920, 960, 1000, 1040, 1080, 1120, 1160, 1200, 1240, 1280, 1320, 1360, 1400, 1440, 1480, 1520, 1560, 1600, 1640, 1680, 1720, 1760, 1800, 1840, 1880, 1920, 1960, 2000, 2040, 2080, 2120, 2160, 2200, 2240, 2280, 2320, 2360, 2400, 2440, 2480, 2520, 2560, 2600, 2640, 2680, 2720, 2760, 2800, 2840, 2880, 2920, 2960, 3000, 3040, 3080, 3120, 3160]}], "conversation": [], "conversation_timestamps": []}