{"agent_id": "agent-green-1547", "type": "green", "trips": [{"trip_id": 0, "transport_method": "foot", "start_time": 0, "path": [[1.5144483, 42.5408944], [1.5150666, 42.5411471], [1.5155475, 42.5416396], [1.5156073, 42.5417862], [1.5154387, 42.5423774], [1.5150565, 42.5427704], [1.5156509, 42.54313], [1.5151703, 42.5428928], [1.515308, 42.5429273], [1.5159049, 42.543279], [1.5164917, 42.5436225], [1.5169615, 42.54313], [1.517339, 42.5425617], [1.5177043, 42.5419719], [1.5182835, 42.5416211], [1.5189227, 42.5413489], [1.5193706, 42.5408809], [1.519326, 42.5402227], [1.5194415, 42.5395547], [1.5194587, 42.539083], [1.5193508, 42.5397606], [1.519418, 42.5398618], [1.5194884, 42.5391706], [1.5195587, 42.5384795], [1.5197776, 42.5378241], [1.5200501, 42.5371858], [1.5203964, 42.5365861], [1.5209187, 42.5361379], [1.521243, 42.5356612], [1.520715, 42.5352114], [1.5202065, 42.5347385], [1.5197115, 42.534251], [1.519506, 42.53363], [1.5197291, 42.5329802], [1.5196446, 42.5322975], [1.5196118, 42.5316239], [1.5197497, 42.530943], [1.5198025, 42.5310093], [1.5195402, 42.5316386], [1.519624, 42.5313618], [1.5197054, 42.5306719], [1.5197876, 42.5301073], [1.5203338, 42.5297025], [1.5206495, 42.5290897], [1.5205652, 42.5284083], [1.5201821, 42.5278324], [1.5199662, 42.5272059], [1.520324, 42.5266234], [1.520586, 42.5259922], [1.5206129, 42.5252981], [1.5206785, 42.5246096], [1.5210136, 42.5240042], [1.5214584, 42.5234711], [1.5217908, 42.5228687], [1.5220726, 42.522241], [1.5225965, 42.5217925], [1.5231508, 42.521377], [1.5235198, 42.5207908], [1.5238494, 42.5201797], [1.523993, 42.5195013], [1.5244757, 42.5190249], [1.5250303, 42.5186065], [1.5255737, 42.5181742], [1.5260932, 42.517714], [1.526723, 42.5174253], [1.5273585, 42.5171449], [1.5279888, 42.5168527], [1.5285697, 42.5166329], [1.5292145, 42.5165746], [1.529799, 42.5161993], [1.530403, 42.5158802], [1.5309517, 42.5154599], [1.5315334, 42.5153017], [1.5321201, 42.5149583], [1.5327419, 42.5146511], [1.533414, 42.5145625], [1.5330989, 42.5148415], [1.5337633, 42.5149009], [1.5343253, 42.5147857], [1.5348185, 42.5148839]], "mood_vectors": [[0.033, 0.0779, 0.0527, 0.0487, 0.0844, 0.0791, 0.6242], [0.0773, 0.0601, 0.0807, 0.0737, 0.0136, 0.0764, 0.6182], [0.0409, 0.0399, 0.0693, 0.0536, 0.0289, 0.09, 0.6775], [0.0476, 0.0159, 0.0866, 0.0401, 0.0453, 0.0737, 0.6908], [0.0492, 0.0662, 0.0642, 0.031, 0.0346, 0.062, 0.6928], [0.0919, 0.0236, 0.0454, 0.0695, 0.0941, 0.0634, 0.6121], [0.0707, 0.0317, 0.0591, 0.0497, 0.0262, 0.0769, 0.6856], [0.0589, 0.0251, 0.0165, 0.0932, 0.0452, 0.0763, 0.6848], [0.0421, 0.0765, 0.0268, 0.0953, 0.0499, 0.0485, 0.6609], [0.0783, 0.0645, 0.0262, 0.0857, 0.0283, 0.0743, 0.6429], [0.0309, 0.0699, 0.0182, 0.0488, 0.0291, 0.0311, 0.772], [0.0472, 0.04, 0.058, 0.0657, 0.0367, 0.0735, 0.6789], [0.0563, 0.0321, 0.0685, 0.0216, 0.0828, 0.0233, 0.7154], [0.0224, 0.0385, 0.0581, 0.0697, 0.0488, 0.0152, 0.7473], [0.0917, 0.0648, 0.09, 0.0623, 0.0238, 0.0571, 0.6103], [0.0332, 0.0364, 0.0711, 0.019, 0.0693, 0.0212, 0.7497], [0.0167, 0.0909, 0.0704, 0.0976, 0.0267, 0.0185, 0.6792], [0.0552, 0.0133, 0.0359, 0.0753, 0.0536, 0.0556, 0.7112], [0.0578, 0.0427, 0.0796, 0.0346, 0.0282, 0.0663, 0.6908], [0.032, 0.0315, 0.0626, 0.04, 0.0385, 0.0277, 0.7677], [0.048, 0.0508, 0.0684, 0.0626, 0.0268, 0.04, 0.7035], [0.0736, 0.0541, 0.0497, 0.0837, 0.0261, 0.0842, 0.6285], [0.0741, 0.0199, 0.0692, 0.0622, 0.07, 0.0471, 0.6575], [0.0189, 0.0486, 0.017, 0.0434, 0.0819, 0.0738, 0.7163], [0.0363, 0.0259, 0.0188, 0.0686, 0.0216, 0.0818, 0.747], [0.0714, 0.0809, 0.0241, 0.0542, 0.0317, 0.0368, 0.7008], [0.0396, 0.0719, 0.0575, 0.0198, 0.0333, 0.0343, 0.7435], [0.017, 0.0285, 0.083, 0.0295, 0.0164, 0.0974, 0.7282], [0.0753, 0.0242, 0.0725, 0.0571, 0.0658, 0.0145, 0.6905], [0.0401, 0.0435, 0.036, 0.0512, 0.0276, 0.0641, 0.7374], [0.0908, 0.0305, 0.0866, 0.0809, 0.0571, 0.014, 0.6401], [0.0442, 0.0398, 0.026, 0.0226, 0.0841, 0.0473, 0.7359], [0.0541, 0.0427, 0.0558, 0.0259, 0.0567, 0.0405, 0.7244], [0.0149, 0.047, 0.0847, 0.0513, 0.065, 0.0803, 0.6569], [0.0379, 0.0508, 0.0448, 0.0135, 0.0222, 0.0585, 0.7723], [0.0312, 0.0519, 0.0612, 0.0558, 0.0173, 0.0649, 0.7176], [0.0484, 0.0585, 0.0499, 0.0785, 0.0179, 0.021, 0.7258], [0.0519, 0.0744, 0.0249, 0.0524, 0.0279, 0.0708, 0.6978], [0.0536, 0.0591, 0.0679, 0.0197, 0.0556, 0.053, 0.6911], [0.0607, 0.0267, 0.0753, 0.0664, 0.0815, 0.0668, 0.6226], [0.0239, 0.0452, 0.0587, 0.0638, 0.0793, 0.0252, 0.7039], [0.0307, 0.0139, 0.088, 0.031, 0.0756, 0.0307, 0.73], [0.0495, 0.0521, 0.0356, 0.0562, 0.0323, 0.036, 0.7384], [0.0323, 0.0273, 0.0534, 0.0632, 0.028, 0.077, 0.719], [0.0436, 0.0116, 0.0147, 0.0685, 0.0681, 0.0328, 0.7607], [0.0876, 0.0269, 0.035, 0.0467, 0.0663, 0.0377, 0.6998], [0.0924, 0.0427, 0.035, 0.03, 0.0158, 0.0486, 0.7356], [0.0682, 0.0508, 0.0702, 0.0597, 0.0178, 0.0229, 0.7104], [0.0462, 0.086, 0.0262, 0.0793, 0.0905, 0.0554, 0.6163], [0.0224, 0.0141, 0.0884, 0.0637, 0.0305, 0.02, 0.7608], [0.0174, 0.0485, 0.047, 0.0138, 0.0623, 0.0309, 0.7801], [0.065, 0.0303, 0.0772, 0.026, 0.0673, 0.0672, 0.6669], [0.0837, 0.0733, 0.0158, 0.0612, 0.0195, 0.0616, 0.6849], [0.0221, 0.0292, 0.0531, 0.0626, 0.0155, 0.0475, 0.7699], [0.0678, 0.0371, 0.0534, 0.0261, 0.0317, 0.0579, 0.726], [0.0413, 0.0617, 0.0517, 0.0696, 0.0465, 0.0181, 0.7112], [0.0427, 0.0859, 0.0151, 0.0335, 0.0184, 0.0943, 0.7101], [0.0362, 0.0387, 0.0222, 0.0287, 0.0138, 0.0134, 0.847], [0.0346, 0.053, 0.0752, 0.0601, 0.0906, 0.033, 0.6536], [0.0455, 0.0638, 0.0568, 0.0808, 0.0476, 0.0535, 0.652], [0.0606, 0.0144, 0.0483, 0.0939, 0.0455, 0.0453, 0.692], [0.0171, 0.043, 0.0901, 0.03, 0.0852, 0.081, 0.6536], [0.0368, 0.0246, 0.0534, 0.0228, 0.0422, 0.093, 0.7273], [0.0696, 0.0261, 0.0293, 0.0471, 0.0526, 0.0679, 0.7074], [0.0462, 0.0822, 0.0853, 0.0245, 0.0252, 0.0544, 0.6822], [0.0603, 0.0376, 0.0391, 0.0429, 0.0517, 0.0306, 0.7378], [0.0221, 0.0275, 0.0225, 0.0325, 0.0185, 0.0768, 0.7999], [0.0423, 0.0262, 0.0279, 0.0453, 0.0255, 0.0216, 0.8111], [0.0814, 0.0155, 0.0382, 0.0182, 0.0592, 0.0353, 0.7522], [0.069, 0.0629, 0.0175, 0.035, 0.0465, 0.0415, 0.7277], [0.0206, 0.0486, 0.0511, 0.0443, 0.0482, 0.0774, 0.7097], [0.0183, 0.0357, 0.0806, 0.018, 0.0374, 0.0497, 0.7603], [0.0343, 0.0613, 0.0732, 0.0626, 0.0897, 0.0244, 0.6546], [0.0587, 0.0498, 0.0328, 0.0552, 0.0706, 0.0606, 0.6722], [0.0225, 0.0839, 0.073, 0.0837, 0.0188, 0.0365, 0.6816], [0.0808, 0.0137, 0.058, 0.0348, 0.0529, 0.0242, 0.7355], [0.0803, 0.0358, 0.0183, 0.0837, 0.0398, 0.0401, 0.7021], [0.0824, 0.0307, 0.0405, 0.0353, 0.0834, 0.0419, 0.6858], [0.0228, 0.0685, 0.0774, 0.054, 0.061, 0.0175, 0.6988], [0.0467, 0.0155, 0.0356, 0.0824, 0.0848, 0.0206, 0.7144]], "emotions": ["purple", "purple", "purple", "purple", "purple", "purple", "purple", "purple", "purple", "purple", "purple", "purple", "purple", "purple", "purple", "purple", "purple", "purple", "purple", "purple", "purple", "purple", "purple", "purple", "purple", "purple", "purple", "purple", "purple", "purple", "purple", "purple", "purple", "purple", "purple", "purple", "purple", "purple", "purple", "purple", "purple", "purple", "purple", "purple", "purple", "purple", "purple", "purple", "purple", "purple", "purple", "purple", "purple", "purple", "purple", "purple", "purple", "purple", "purple", "purple", "purple", "purple", "purple", "purple", "purple", "purple", "purple", "purple", "purple", "purple", "purple", "purple", "purple", "purple", "purple", "purple", "purple", "purple", "purple", "purple"], "timestamps": [0, 40, 80, 120, 160, 200, 240, 280, 320, 360, 400, 440, 480, 520, 560, 600, 640, 680, 720, 760, 800, 840, 880, 920, 960, 1000, 1040, 1080, 1120, 1160, 1200, 1240, 1280, 1320, 1360, 1400, 1440, 1480, 1520, 1560, 1600, 1640, 1680, 1720, 1760, 1800, 1840, 1880, 1920, 1960, 2000, 2040, 2080, 2120, 2160, 2200, 2240, 2280, 2320, 2360, 2400, 2440, 2480, 2520, 2560, 2600, 2640, 2680, 2720, 2760, 2800, 2840, 2880, 2920, 2960, 3000, 3040, 3080, 3120, 3160]}], "conversation": [], "conversation_timestamps": []}