{"agent_id": "agent-purple-614", "type": "purple", "trips": [{"trip_id": 0, "transport_method": "car", "start_time": 0, "path": [[1.5294285, 42.5090061], [1.5322567, 42.509853], [1.5363636, 42.509967], [1.5402965, 42.5096108], [1.5435138, 42.5090391], [1.545944, 42.50962], [1.5488497, 42.5116025], [1.5511701, 42.5127002], [1.5525754, 42.5137058], [1.554208, 42.5174409], [1.5573262, 42.5199809], [1.5595644, 42.5220015], [1.5628445, 42.5245655], [1.5666707, 42.5261768], [1.570185, 42.5284507], [1.5734301, 42.5301607], [1.5771589, 42.5317199], [1.5786358, 42.5317466], [1.5828372, 42.5317665], [1.586243, 42.5341492], [1.5897434, 42.535629], [1.5938052, 42.5361921], [1.5973727, 42.5363257], [1.6015169, 42.5368955], [1.6056366, 42.5371353], [1.6094443, 42.5361052], [1.6135617, 42.5365338], [1.6176719, 42.5370904], [1.6171451, 42.5359576], [1.618506, 42.5358104], [1.622669, 42.5352854], [1.626563, 42.5361689], [1.6247981, 42.5381034], [1.6268401, 42.5385231], [1.6271552, 42.5385596], [1.6313113, 42.539053], [1.6354196, 42.5393726], [1.6393195, 42.5405036], [1.6432346, 42.5415945], [1.6470075, 42.5416524], [1.6506767, 42.5423534], [1.6546564, 42.5417099], [1.6586535, 42.5404674], [1.6572544, 42.540923], [1.6585259, 42.540477], [1.6624805, 42.5392883], [1.6666892, 42.5392478], [1.6708978, 42.5392073], [1.6684479, 42.5391603], [1.6643804, 42.5389988], [1.6624142, 42.5381128], [1.6643326, 42.5392344], [1.6685403, 42.5391382], [1.6727438, 42.5390064], [1.6748352, 42.5380819], [1.6786415, 42.5397806], [1.6823599, 42.5416898], [1.683839, 42.5446856], [1.6831002, 42.5479], [1.6808368, 42.5502797], [1.6803261, 42.552976], [1.6838462, 42.5542234], [1.6871631, 42.5560966], [1.6872794, 42.5576436], [1.6894628, 42.5567055], [1.6904862, 42.5555136], [1.6936052, 42.5527188], [1.6965073, 42.5497072], [1.6994455, 42.5468014], [1.7030021, 42.5448116], [1.7071793, 42.5443529], [1.7113792, 42.5440795], [1.7155865, 42.5439738], [1.7197929, 42.543832], [1.7240003, 42.543766], [1.7281505, 42.5443808], [1.7319837, 42.546095], [1.734127, 42.5466678], [1.7348186, 42.5456567], [1.7332768, 42.5437104]], "mood_vectors": [[0.0309, 0.0801, 0.018, 0.0157, 0.0492, 0.7834, 0.0227], [0.0287, 0.0356, 0.0213, 0.083, 0.0654, 0.7398, 0.0264], [0.0507, 0.0716, 0.0757, 0.0447, 0.0113, 0.7012, 0.0448], [0.0671, 0.0681, 0.0176, 0.0573, 0.0655, 0.6702, 0.0542], [0.0402, 0.0398, 0.0431, 0.0536, 0.0473, 0.7591, 0.0168], [0.0664, 0.0519, 0.0874, 0.076, 0.0556, 0.5798, 0.0828], [0.03, 0.0582, 0.0335, 0.0607, 0.0762, 0.7022, 0.0392], [0.0233, 0.0133, 0.0371, 0.0509, 0.0536, 0.7663, 0.0554], [0.0399, 0.0757, 0.061, 0.044, 0.051, 0.6939, 0.0345], [0.0381, 0.0787, 0.0168, 0.0172, 0.0701, 0.6881, 0.091], [0.0523, 0.0517, 0.0702, 0.0353, 0.0421, 0.7122, 0.0362], [0.0457, 0.0339, 0.0239, 0.0345, 0.0651, 0.711, 0.0858], [0.0296, 0.0182, 0.0553, 0.0361, 0.0242, 0.7855, 0.0512], [0.0592, 0.0542, 0.0449, 0.0647, 0.0257, 0.6901, 0.0612], [0.0216, 0.0192, 0.0316, 0.0775, 0.0384, 0.7603, 0.0514], [0.0492, 0.0559, 0.0761, 0.0503, 0.0167, 0.7312, 0.0206], [0.0635, 0.0671, 0.0124, 0.058, 0.0663, 0.6907, 0.042], [0.0359, 0.0654, 0.046, 0.0203, 0.0168, 0.7531, 0.0624], [0.0232, 0.0718, 0.0696, 0.0502, 0.0294, 0.7068, 0.0491], [0.0776, 0.0952, 0.0605, 0.0686, 0.0511, 0.5867, 0.0604], [0.071, 0.0277, 0.0415, 0.0547, 0.055, 0.7359, 0.0143], [0.0543, 0.088, 0.0588, 0.0399, 0.0709, 0.6582, 0.0299], [0.0238, 0.0677, 0.0809, 0.0371, 0.0492, 0.6787, 0.0626], [0.058, 0.0732, 0.0405, 0.0289, 0.0332, 0.7159, 0.0503], [0.0568, 0.0365, 0.0379, 0.0594, 0.0295, 0.7069, 0.073], [0.0708, 0.0656, 0.0514, 0.0646, 0.0283, 0.7019, 0.0175], [0.0297, 0.039, 0.0251, 0.0607, 0.0481, 0.7716, 0.0258], [0.0909, 0.0169, 0.0881, 0.079, 0.0204, 0.6891, 0.0156], [0.0622, 0.0533, 0.0747, 0.0282, 0.0275, 0.6944, 0.0599], [0.0688, 0.0785, 0.0511, 0.0501, 0.0324, 0.6877, 0.0314], [0.0171, 0.0541, 0.0538, 0.0753, 0.0179, 0.6949, 0.0869], [0.0906, 0.086, 0.0149, 0.0766, 0.0505, 0.6143, 0.0671], [0.066, 0.0252, 0.0213, 0.08, 0.0728, 0.6954, 0.0393], [0.0889, 0.0847, 0.0173, 0.0551, 0.0202, 0.6712, 0.0627], [0.0824, 0.0744, 0.0508, 0.0752, 0.0335, 0.6184, 0.0654], [0.0463, 0.0523, 0.0301, 0.0506, 0.0237, 0.7135, 0.0835], [0.0784, 0.0215, 0.0545, 0.0727, 0.0374, 0.6598, 0.0758], [0.032, 0.0631, 0.0528, 0.0285, 0.0324, 0.7283, 0.0629], [0.0681, 0.0686, 0.0365, 0.0369, 0.0621, 0.6682, 0.0596], [0.0323, 0.0862, 0.044, 0.0306, 0.0205, 0.7614, 0.025], [0.0697, 0.0623, 0.0581, 0.0257, 0.0212, 0.6776, 0.0854], [0.0419, 0.0707, 0.064, 0.0179, 0.0329, 0.7388, 0.0339], [0.0706, 0.0355, 0.031, 0.054, 0.04, 0.7429, 0.026], [0.0704, 0.0288, 0.0965, 0.0167, 0.0328, 0.7226, 0.0323], [0.0478, 0.0121, 0.0139, 0.0604, 0.0762, 0.7581, 0.0315], [0.0512, 0.0432, 0.0378, 0.0387, 0.0709, 0.7083, 0.05], [0.0665, 0.0219, 0.0726, 0.0699, 0.0482, 0.6684, 0.0525], [0.042, 0.0236, 0.0369, 0.0628, 0.0262, 0.764, 0.0445], [0.0714, 0.0457, 0.0334, 0.0212, 0.0237, 0.7688, 0.0358], [0.0423, 0.0317, 0.0391, 0.0483, 0.0753, 0.7103, 0.053], [0.041, 0.0295, 0.0321, 0.0607, 0.071, 0.7419, 0.0239], [0.0813, 0.0637, 0.0795, 0.0582, 0.0179, 0.6353, 0.064], [0.044, 0.0439, 0.0418, 0.063, 0.0537, 0.7059, 0.0477], [0.0454, 0.0155, 0.0392, 0.0451, 0.0419, 0.7419, 0.071], [0.0774, 0.037, 0.0777, 0.0827, 0.0437, 0.6435, 0.038], [0.0786, 0.0333, 0.024, 0.0493, 0.0761, 0.7184, 0.0204], [0.0501, 0.0632, 0.0313, 0.0787, 0.0799, 0.6625, 0.0343], [0.0678, 0.0609, 0.0759, 0.0448, 0.0702, 0.6601, 0.0203], [0.0633, 0.0183, 0.0237, 0.0712, 0.0466, 0.7183, 0.0585], [0.0226, 0.023, 0.0164, 0.0562, 0.0687, 0.7359, 0.0773], [0.0232, 0.0283, 0.0244, 0.036, 0.0333, 0.7667, 0.0881], [0.0704, 0.0556, 0.0228, 0.0579, 0.058, 0.7154, 0.0199], [0.058, 0.0436, 0.0772, 0.0563, 0.0506, 0.6412, 0.073], [0.0627, 0.0378, 0.0511, 0.0663, 0.0583, 0.7114, 0.0123], [0.0241, 0.0333, 0.0578, 0.0568, 0.0148, 0.7912, 0.022], [0.0639, 0.0487, 0.0132, 0.0481, 0.0285, 0.7302, 0.0675], [0.0615, 0.0256, 0.0559, 0.0684, 0.0549, 0.675, 0.0587], [0.0786, 0.0181, 0.0517, 0.0303, 0.0198, 0.7285, 0.073], [0.064, 0.0126, 0.0393, 0.0385, 0.0207, 0.7885, 0.0364], [0.0619, 0.0293, 0.0948, 0.0797, 0.0189, 0.6689, 0.0465], [0.0779, 0.0169, 0.0315, 0.0926, 0.0167, 0.7264, 0.038], [0.0639, 0.0791, 0.0236, 0.0201, 0.0394, 0.7052, 0.0687], [0.0668, 0.0453, 0.0807, 0.0495, 0.0614, 0.6472, 0.0491], [0.0858, 0.0285, 0.053, 0.0462, 0.0527, 0.7081, 0.0257], [0.0596, 0.0134, 0.0351, 0.0376, 0.0204, 0.7517, 0.0823], [0.0505, 0.0521, 0.0455, 0.0886, 0.0981, 0.6276, 0.0376], [0.0296, 0.0927, 0.0355, 0.0772, 0.0937, 0.639, 0.0323], [0.0615, 0.0755, 0.0436, 0.053, 0.0256, 0.72, 0.0208], [0.079, 0.0247, 0.0337, 0.0728, 0.0773, 0.6378, 0.0747], [0.081, 0.0358, 0.0666, 0.0531, 0.0613, 0.6644, 0.0377]], "emotions": ["purple", "purple", "purple", "purple", "purple", "purple", "purple", "purple", "purple", "purple", "purple", "purple", "purple", "purple", "purple", "purple", "purple", "purple", "purple", "purple", "purple", "purple", "purple", "purple", "purple", "purple", "purple", "purple", "purple", "purple", "purple", "purple", "purple", "purple", "purple", "purple", "purple", "purple", "purple", "purple", "purple", "purple", "purple", "purple", "purple", "purple", "purple", "purple", "purple", "purple", "purple", "purple", "purple", "purple", "purple", "purple", "purple", "purple", "purple", "purple", "purple", "purple", "purple", "purple", "purple", "purple", "purple", "purple", "purple", "purple", "purple", "purple", "purple", "purple", "purple", "purple", "purple", "purple", "purple", "purple"], "timestamps": [0, 40, 80, 120, 160, 200, 240, 280, 320, 360, 400, 440, 480, 520, 560, 600, 640, 680, 720, 760, 800, 840, 880, 920, 960, 1000, 1040, 1080, 1120, 1160, 1200, 1240, 1280, 1320, 1360, 1400, 1440, 1480, 1520, 1560, 1600, 1640, 1680, 1720, 1760, 1800, 1840, 1880, 1920, 1960, 2000, 2040, 2080, 2120, 2160, 2200, 2240, 2280, 2320, 2360, 2400, 2440, 2480, 2520, 2560, 2600, 2640, 2680, 2720, 2760, 2800, 2840, 2880, 2920, 2960, 3000, 3040, 3080, 3120, 3160]}], "conversation": [], "conversation_timestamps": []}