{"agent_id": "agent-orange-1278", "type": "orange", "trips": [{"trip_id": 0, "transport_method": "foot", "start_time": 0, "path": [[1.5479868, 42.5087211], [1.5480206, 42.5088022], [1.5480543, 42.5088833], [1.5480881, 42.5089644], [1.5481053, 42.5090439], [1.5480564, 42.5091169], [1.5480076, 42.5091899], [1.547958, 42.50922], [1.5479068, 42.5091486], [1.5478557, 42.5090772], [1.5478045, 42.5090058], [1.5477534, 42.5089343], [1.5477069, 42.5088598], [1.5476617, 42.5087845], [1.5476164, 42.5087092], [1.5475693, 42.5086351], [1.5475219, 42.5085611], [1.5474738, 42.5084877], [1.5474074, 42.5084303], [1.5473373, 42.5083774], [1.5473092, 42.5083123], [1.5472582, 42.5083543], [1.5472129, 42.508425], [1.5471821, 42.5085069], [1.5471332, 42.5085796], [1.5470756, 42.508646], [1.5470135, 42.5087078], [1.5469471, 42.5087652], [1.5468837, 42.5088258], [1.546827, 42.5088923], [1.5467514, 42.5089345], [1.5466674, 42.50896], [1.5465834, 42.5089847], [1.5465059, 42.5090261], [1.5464296, 42.5090697], [1.5463547, 42.5091155], [1.5462788, 42.509159], [1.5461945, 42.5091835], [1.5461081, 42.5091994], [1.5460279, 42.5092331], [1.545952, 42.5092774], [1.5458708, 42.5093097], [1.5457855, 42.5092952], [1.5456986, 42.5092853], [1.545613, 42.5093021], [1.5455332, 42.5092962], [1.545452, 42.5093298], [1.5453705, 42.5093609], [1.5452828, 42.5093544], [1.5451952, 42.5093479], [1.5451076, 42.5093415], [1.54502, 42.509335], [1.5449324, 42.5093285], [1.5448447, 42.5093227], [1.544757, 42.509319], [1.5446692, 42.5093153], [1.5445814, 42.5093117], [1.5444936, 42.509308], [1.5444059, 42.5093043], [1.5443181, 42.5093006], [1.5442303, 42.5092969], [1.5441435, 42.5093057], [1.5440572, 42.5093224], [1.5439709, 42.509339], [1.5438847, 42.5093556], [1.5437973, 42.5093498], [1.5437098, 42.5093425], [1.5436221, 42.5093361], [1.5435345, 42.5093297], [1.5434469, 42.5093233], [1.5433593, 42.5093169], [1.5432717, 42.5093105], [1.543184, 42.509304], [1.5430964, 42.5092974], [1.5430091, 42.509289], [1.5429243, 42.5092661], [1.5428417, 42.5092471], [1.5427878, 42.5093084], [1.5427109, 42.5093509], [1.542634, 42.5093933]], "mood_vectors": [[0.0562, 0.016, 0.0727, 0.0222, 0.7036, 0.0691, 0.0603], [0.0358, 0.059, 0.0462, 0.0422, 0.7554, 0.0174, 0.044], [0.0548, 0.065, 0.0621, 0.0473, 0.6771, 0.0653, 0.0284], [0.066, 0.0466, 0.0612, 0.0427, 0.6391, 0.0588, 0.0855], [0.0332, 0.0428, 0.0534, 0.0396, 0.7771, 0.0202, 0.0337], [0.0369, 0.0285, 0.0789, 0.0234, 0.6662, 0.0727, 0.0933], [0.0492, 0.0238, 0.0621, 0.0718, 0.6729, 0.0562, 0.0639], [0.0176, 0.0772, 0.0312, 0.045, 0.769, 0.0207, 0.0394], [0.0533, 0.0608, 0.0551, 0.0548, 0.6652, 0.0508, 0.06], [0.0551, 0.0793, 0.0629, 0.0509, 0.613, 0.0941, 0.0446], [0.0329, 0.0564, 0.0504, 0.0753, 0.6531, 0.0458, 0.0861], [0.0642, 0.0956, 0.0458, 0.0272, 0.6434, 0.0473, 0.0765], [0.0854, 0.0322, 0.0537, 0.0678, 0.691, 0.0271, 0.0427], [0.0463, 0.0194, 0.044, 0.0301, 0.7266, 0.1055, 0.0281], [0.031, 0.0434, 0.0179, 0.0677, 0.725, 0.0911, 0.0239], [0.0873, 0.0588, 0.0405, 0.0181, 0.7289, 0.0147, 0.0517], [0.0606, 0.0766, 0.0264, 0.0163, 0.7288, 0.0688, 0.0225], [0.0625, 0.0763, 0.0478, 0.0167, 0.7321, 0.0244, 0.0402], [0.0216, 0.0533, 0.0236, 0.0761, 0.7135, 0.0326, 0.0793], [0.0697, 0.0841, 0.0402, 0.0683, 0.6799, 0.0415, 0.0163], [0.0574, 0.0333, 0.0379, 0.0245, 0.7556, 0.0528, 0.0386], [0.0423, 0.0799, 0.0228, 0.0782, 0.6425, 0.0778, 0.0565], [0.0532, 0.0262, 0.0561, 0.0477, 0.7229, 0.0711, 0.0229], [0.0621, 0.0317, 0.0717, 0.0605, 0.6814, 0.0673, 0.0252], [0.0751, 0.044, 0.0515, 0.0729, 0.6423, 0.07, 0.0442], [0.0894, 0.0192, 0.0713, 0.0632, 0.6514, 0.0879, 0.0175], [0.0585, 0.0246, 0.0561, 0.0422, 0.7321, 0.0685, 0.0179], [0.0597, 0.0633, 0.0677, 0.0455, 0.6344, 0.0704, 0.059], [0.0498, 0.0598, 0.029, 0.0618, 0.6988, 0.0685, 0.0322], [0.0242, 0.0277, 0.0688, 0.046, 0.7074, 0.0442, 0.0816], [0.0606, 0.0684, 0.0491, 0.0296, 0.6801, 0.0341, 0.0781], [0.0132, 0.0507, 0.0454, 0.0848, 0.7049, 0.043, 0.058], [0.0325, 0.0159, 0.0369, 0.047, 0.8202, 0.0339, 0.0137], [0.0624, 0.0381, 0.0669, 0.0655, 0.703, 0.0391, 0.0249], [0.027, 0.0443, 0.0289, 0.0426, 0.7192, 0.0475, 0.0906], [0.0262, 0.0502, 0.0611, 0.041, 0.6658, 0.0884, 0.0675], [0.0386, 0.0912, 0.0818, 0.0541, 0.6258, 0.0356, 0.0728], [0.05, 0.0469, 0.0286, 0.0444, 0.735, 0.0397, 0.0555], [0.0572, 0.0343, 0.0177, 0.0532, 0.7122, 0.091, 0.0343], [0.0344, 0.0614, 0.0372, 0.0697, 0.7211, 0.0229, 0.0533], [0.0647, 0.0673, 0.07, 0.0403, 0.6939, 0.0265, 0.0373], [0.0978, 0.0292, 0.0623, 0.0427, 0.6997, 0.028, 0.0405], [0.0395, 0.0161, 0.0535, 0.059, 0.7871, 0.0197, 0.0251], [0.0257, 0.061, 0.0564, 0.0192, 0.7533, 0.0192, 0.0651], [0.0681, 0.0457, 0.0337, 0.0428, 0.7339, 0.0296, 0.0461], [0.064, 0.0297, 0.0297, 0.0146, 0.7273, 0.0625, 0.0722], [0.0316, 0.0156, 0.0435, 0.0668, 0.7299, 0.0675, 0.0451], [0.0256, 0.0703, 0.0805, 0.0403, 0.688, 0.0628, 0.0325], [0.0778, 0.0349, 0.0517, 0.068, 0.6477, 0.0976, 0.0223], [0.0523, 0.0722, 0.0573, 0.0373, 0.6447, 0.0745, 0.0618], [0.057, 0.0306, 0.058, 0.0504, 0.7177, 0.0651, 0.0212], [0.0643, 0.0138, 0.0359, 0.0547, 0.7387, 0.0368, 0.0558], [0.0496, 0.0885, 0.0606, 0.0855, 0.5942, 0.0648, 0.0569], [0.0468, 0.0798, 0.0471, 0.0243, 0.7451, 0.0255, 0.0314], [0.0365, 0.0306, 0.0831, 0.0462, 0.7182, 0.0562, 0.0293], [0.0818, 0.0815, 0.0549, 0.0173, 0.6407, 0.0526, 0.0711], [0.0536, 0.0796, 0.0437, 0.0798, 0.608, 0.049, 0.0864], [0.072, 0.0293, 0.0314, 0.0575, 0.69, 0.0751, 0.0448], [0.0874, 0.0451, 0.0829, 0.0699, 0.6296, 0.0266, 0.0585], [0.0301, 0.0496, 0.0717, 0.081, 0.6944, 0.0393, 0.0339], [0.0353, 0.0733, 0.0687, 0.0828, 0.6703, 0.0356, 0.0341], [0.0522, 0.0245, 0.0408, 0.0676, 0.7035, 0.0614, 0.05], [0.0338, 0.0521, 0.0789, 0.0147, 0.7101, 0.0431, 0.0673], [0.02, 0.0277, 0.0528, 0.066, 0.7333, 0.0218, 0.0785], [0.0469, 0.0507, 0.0482, 0.0238, 0.7113, 0.0602, 0.0589], [0.0195, 0.059, 0.0716, 0.0745, 0.6997, 0.0143, 0.0615], [0.1005, 0.0166, 0.0267, 0.0179, 0.6657, 0.0732, 0.0993], [0.0144, 0.0129, 0.0245, 0.0416, 0.7648, 0.0703, 0.0715], [0.0647, 0.043, 0.0191, 0.0641, 0.7161, 0.0229, 0.0701], [0.0219, 0.0361, 0.0696, 0.0189, 0.7539, 0.0595, 0.0401], [0.0453, 0.049, 0.0168, 0.0387, 0.7845, 0.0267, 0.0391], [0.0436, 0.0303, 0.0728, 0.0168, 0.6868, 0.0828, 0.0668], [0.0691, 0.0542, 0.0143, 0.0342, 0.7215, 0.0412, 0.0655], [0.0542, 0.0437, 0.0842, 0.0549, 0.6918, 0.0211, 0.0502], [0.0666, 0.017, 0.0432, 0.0484, 0.744, 0.0474, 0.0334], [0.0602, 0.0699, 0.0202, 0.0328, 0.7064, 0.0457, 0.0648], [0.0205, 0.0783, 0.0152, 0.0862, 0.6728, 0.0689, 0.058], [0.0525, 0.0621, 0.0414, 0.0546, 0.6771, 0.0655, 0.0468], [0.0538, 0.0467, 0.0577, 0.0455, 0.6958, 0.0428, 0.0577], [0.0355, 0.0544, 0.043, 0.0387, 0.7442, 0.0255, 0.0587]], "emotions": ["red", "red", "red", "red", "red", "red", "red", "red", "red", "red", "red", "red", "red", "red", "red", "red", "red", "red", "red", "red", "red", "red", "red", "red", "red", "red", "red", "red", "red", "red", "red", "red", "red", "red", "red", "red", "red", "red", "red", "red", "red", "red", "red", "red", "red", "red", "red", "red", "red", "red", "red", "red", "red", "red", "red", "red", "red", "red", "red", "red", "red", "red", "red", "red", "red", "red", "red", "red", "red", "red", "red", "red", "red", "red", "red", "red", "red", "red", "red", "red"], "timestamps": [0, 40, 80, 120, 160, 200, 240, 280, 320, 360, 400, 440, 480, 520, 560, 600, 640, 680, 720, 760, 800, 840, 880, 920, 960, 1000, 1040, 1080, 1120, 1160, 1200, 1240, 1280, 1320, 1360, 1400, 1440, 1480, 1520, 1560, 1600, 1640, 1680, 1720, 1760, 1800, 1840, 1880, 1920, 1960, 2000, 2040, 2080, 2120, 2160, 2200, 2240, 2280, 2320, 2360, 2400, 2440, 2480, 2520, 2560, 2600, 2640, 2680, 2720, 2760, 2800, 2840, 2880, 2920, 2960, 3000, 3040, 3080, 3120, 3160]}], "conversation": [], "conversation_timestamps": []}