{"agent_id": "agent-green-627", "type": "green", "trips": [{"trip_id": 0, "transport_method": "car", "start_time": 0, "path": [[1.5307365, 42.5060265], [1.5315167, 42.5064996], [1.5323714, 42.506685], [1.5320661, 42.5067445], [1.5329792, 42.5067226], [1.5338628, 42.5069397], [1.5346043, 42.507347], [1.5354556, 42.5076626], [1.5363626, 42.5077468], [1.537253, 42.5078699], [1.5381155, 42.5081355], [1.5390137, 42.5082202], [1.5399151, 42.5083633], [1.540611, 42.5086621], [1.5415169, 42.5087786], [1.5421783, 42.5089009], [1.5425639, 42.5089125], [1.5434687, 42.5090279], [1.5443311, 42.5093011], [1.545243, 42.5093515], [1.5460991, 42.509654], [1.5453964, 42.5093706], [1.5462277, 42.5097492], [1.5463234, 42.5103938], [1.546845, 42.511088], [1.5477241, 42.5113351], [1.5486129, 42.5115455], [1.5494986, 42.5117684], [1.5498274, 42.5119001], [1.5501804, 42.5120293], [1.5505398, 42.5122183], [1.5512577, 42.512774], [1.5512658, 42.5128317], [1.5513231, 42.5127996], [1.5520792, 42.5133031], [1.5525182, 42.5135927], [1.5527273, 42.5141335], [1.5528288, 42.5150222], [1.5533364, 42.5157773], [1.5536192, 42.516644], [1.5541479, 42.5173842], [1.5549041, 42.517885], [1.555712, 42.5181887], [1.5563631, 42.5188274], [1.5569065, 42.5195543], [1.5575167, 42.5201799], [1.5581663, 42.5208219], [1.5588478, 42.5214297], [1.559589, 42.5219555], [1.5593414, 42.5218325], [1.5600693, 42.5223843], [1.5608706, 42.5228114], [1.5616081, 42.5233497], [1.5622237, 42.5240201], [1.5629138, 42.524602], [1.5637826, 42.5248808], [1.5646011, 42.5252288], [1.5654688, 42.5254912], [1.5662892, 42.5258906], [1.5670144, 42.5264458], [1.5677404, 42.5269996], [1.5685558, 42.5274074], [1.56931, 42.5279065], [1.5700858, 42.5283854], [1.570849, 42.5288873], [1.5715383, 42.5293143], [1.5724012, 42.5293475], [1.5730281, 42.5296854], [1.5735388, 42.5303736], [1.5742209, 42.530971], [1.5750511, 42.5313472], [1.5759433, 42.531541], [1.5768448, 42.531686], [1.5777547, 42.5317606], [1.5786672, 42.5318023], [1.5778978, 42.5317803], [1.5777643, 42.5317273], [1.5786769, 42.5316899], [1.5795895, 42.5316525], [1.5800673, 42.531233]], "mood_vectors": [[0.032, 0.0687, 0.0734, 0.0562, 0.0613, 0.0635, 0.6449], [0.0503, 0.0589, 0.0433, 0.042, 0.091, 0.0894, 0.625], [0.0848, 0.097, 0.0342, 0.0591, 0.0694, 0.0525, 0.603], [0.0688, 0.0582, 0.0219, 0.0311, 0.0447, 0.0236, 0.7518], [0.0468, 0.0682, 0.0725, 0.0456, 0.0368, 0.0878, 0.6423], [0.0509, 0.0801, 0.0574, 0.0169, 0.0647, 0.084, 0.6459], [0.0293, 0.0662, 0.0335, 0.0621, 0.0258, 0.0224, 0.7607], [0.0951, 0.0413, 0.0461, 0.0626, 0.0784, 0.0155, 0.6609], [0.0347, 0.0173, 0.0219, 0.0167, 0.0216, 0.0739, 0.8139], [0.0506, 0.0208, 0.0172, 0.0523, 0.0557, 0.0648, 0.7386], [0.0289, 0.0219, 0.0955, 0.074, 0.0442, 0.0677, 0.6678], [0.0593, 0.0196, 0.0306, 0.0471, 0.0619, 0.0725, 0.709], [0.0594, 0.0386, 0.0242, 0.0152, 0.0654, 0.0651, 0.7321], [0.0333, 0.0312, 0.0226, 0.0327, 0.0314, 0.0644, 0.7844], [0.0291, 0.0288, 0.043, 0.0502, 0.0789, 0.0248, 0.7452], [0.0354, 0.0359, 0.0631, 0.0636, 0.0915, 0.0916, 0.6189], [0.0641, 0.0508, 0.013, 0.0585, 0.029, 0.0813, 0.7034], [0.0764, 0.0802, 0.0762, 0.0522, 0.0646, 0.0202, 0.6302], [0.0279, 0.08, 0.0732, 0.0791, 0.0319, 0.0211, 0.6867], [0.0721, 0.0211, 0.0173, 0.0722, 0.0227, 0.0555, 0.7392], [0.0732, 0.0154, 0.0716, 0.0153, 0.0525, 0.0782, 0.6937], [0.0319, 0.0332, 0.0632, 0.0576, 0.0182, 0.0306, 0.7654], [0.0307, 0.0685, 0.0617, 0.0605, 0.0999, 0.016, 0.6627], [0.0878, 0.0829, 0.0381, 0.0793, 0.069, 0.057, 0.5858], [0.0406, 0.0405, 0.0265, 0.0594, 0.0916, 0.064, 0.6774], [0.0418, 0.0201, 0.0227, 0.0278, 0.0373, 0.0169, 0.8334], [0.0274, 0.0457, 0.0598, 0.0668, 0.0848, 0.0374, 0.678], [0.0789, 0.0516, 0.0272, 0.0567, 0.1009, 0.0322, 0.6525], [0.0657, 0.0336, 0.02, 0.0422, 0.0701, 0.0493, 0.7191], [0.0327, 0.0636, 0.0131, 0.0498, 0.0418, 0.0588, 0.7402], [0.0612, 0.0814, 0.0638, 0.0186, 0.0429, 0.0243, 0.7077], [0.0737, 0.0377, 0.0167, 0.0508, 0.0169, 0.062, 0.7422], [0.0935, 0.0145, 0.0943, 0.0395, 0.0294, 0.0796, 0.6492], [0.092, 0.0569, 0.0444, 0.0207, 0.0456, 0.0676, 0.6728], [0.0819, 0.0787, 0.0215, 0.0166, 0.0298, 0.0714, 0.7002], [0.044, 0.0781, 0.0803, 0.0319, 0.0911, 0.0459, 0.6287], [0.0532, 0.0231, 0.0676, 0.0869, 0.0731, 0.0639, 0.6323], [0.0222, 0.0354, 0.0318, 0.0318, 0.0244, 0.083, 0.7714], [0.0413, 0.0405, 0.0432, 0.0687, 0.0836, 0.024, 0.6987], [0.0388, 0.0814, 0.0129, 0.0744, 0.0494, 0.0774, 0.6656], [0.0724, 0.0198, 0.0404, 0.0196, 0.0233, 0.0535, 0.771], [0.0144, 0.0711, 0.0588, 0.0178, 0.0189, 0.0163, 0.8027], [0.0676, 0.0719, 0.0119, 0.0464, 0.0681, 0.0677, 0.6664], [0.0845, 0.0885, 0.0217, 0.0168, 0.0637, 0.0576, 0.6673], [0.0786, 0.0483, 0.0759, 0.0908, 0.0167, 0.0645, 0.6252], [0.0372, 0.0302, 0.0809, 0.0542, 0.0582, 0.0261, 0.7131], [0.0156, 0.0913, 0.0206, 0.0208, 0.0793, 0.0803, 0.6921], [0.0456, 0.0618, 0.0223, 0.0273, 0.0765, 0.053, 0.7135], [0.0331, 0.0293, 0.0473, 0.0613, 0.049, 0.0403, 0.7397], [0.0721, 0.0549, 0.0427, 0.0411, 0.0291, 0.0554, 0.7047], [0.0877, 0.0731, 0.0291, 0.0285, 0.0293, 0.0392, 0.7131], [0.0268, 0.0695, 0.0936, 0.0737, 0.037, 0.0274, 0.6719], [0.0844, 0.0693, 0.0509, 0.0856, 0.0551, 0.0304, 0.6243], [0.0246, 0.0727, 0.0341, 0.0341, 0.0364, 0.0243, 0.7739], [0.0849, 0.0221, 0.0492, 0.0399, 0.071, 0.0697, 0.6632], [0.0731, 0.0258, 0.0424, 0.0186, 0.0273, 0.0467, 0.7661], [0.0324, 0.0627, 0.0218, 0.0731, 0.0189, 0.0886, 0.7026], [0.0298, 0.0649, 0.0146, 0.0149, 0.0474, 0.0504, 0.7781], [0.0576, 0.0286, 0.0419, 0.0519, 0.0695, 0.0747, 0.6758], [0.065, 0.0437, 0.0275, 0.0496, 0.0332, 0.0626, 0.7183], [0.0749, 0.0379, 0.0205, 0.0637, 0.0636, 0.0263, 0.7131], [0.0208, 0.0329, 0.0507, 0.0694, 0.0355, 0.0183, 0.7725], [0.0216, 0.0126, 0.0333, 0.067, 0.0501, 0.0606, 0.7548], [0.0182, 0.0816, 0.0187, 0.0683, 0.0486, 0.0249, 0.7397], [0.0535, 0.0749, 0.0562, 0.0502, 0.0845, 0.0386, 0.6422], [0.0587, 0.0262, 0.0191, 0.0573, 0.0601, 0.0326, 0.7458], [0.0779, 0.0623, 0.0339, 0.0789, 0.054, 0.0539, 0.6392], [0.085, 0.0491, 0.0437, 0.0867, 0.0214, 0.0252, 0.689], [0.0351, 0.0563, 0.0867, 0.029, 0.0633, 0.0995, 0.6302], [0.0647, 0.0426, 0.0329, 0.0544, 0.0531, 0.0772, 0.6751], [0.0177, 0.0464, 0.0424, 0.0377, 0.0633, 0.0321, 0.7604], [0.0618, 0.0281, 0.0436, 0.069, 0.0593, 0.0744, 0.6637], [0.0753, 0.0654, 0.0351, 0.0433, 0.0757, 0.0853, 0.6198], [0.0206, 0.0159, 0.0388, 0.0763, 0.058, 0.0463, 0.744], [0.0804, 0.0149, 0.0439, 0.0563, 0.0816, 0.0307, 0.6923], [0.0501, 0.0624, 0.0523, 0.0219, 0.0776, 0.0403, 0.6954], [0.0666, 0.0778, 0.0575, 0.0464, 0.019, 0.0786, 0.6541], [0.0721, 0.043, 0.0509, 0.0722, 0.0616, 0.0451, 0.6551], [0.0725, 0.0622, 0.044, 0.0664, 0.0327, 0.0431, 0.679], [0.0625, 0.0343, 0.0972, 0.0872, 0.0217, 0.0203, 0.6769]], "emotions": ["purple", "purple", "purple", "purple", "purple", "purple", "purple", "purple", "purple", "purple", "purple", "purple", "purple", "purple", "purple", "purple", "purple", "purple", "purple", "purple", "purple", "purple", "purple", "purple", "purple", "purple", "purple", "purple", "purple", "purple", "purple", "purple", "purple", "purple", "purple", "purple", "purple", "purple", "purple", "purple", "purple", "purple", "purple", "purple", "purple", "purple", "purple", "purple", "purple", "purple", "purple", "purple", "purple", "purple", "purple", "purple", "purple", "purple", "purple", "purple", "purple", "purple", "purple", "purple", "purple", "purple", "purple", "purple", "purple", "purple", "purple", "purple", "purple", "purple", "purple", "purple", "purple", "purple", "purple", "purple"], "timestamps": [0, 40, 80, 120, 160, 200, 240, 280, 320, 360, 400, 440, 480, 520, 560, 600, 640, 680, 720, 760, 800, 840, 880, 920, 960, 1000, 1040, 1080, 1120, 1160, 1200, 1240, 1280, 1320, 1360, 1400, 1440, 1480, 1520, 1560, 1600, 1640, 1680, 1720, 1760, 1800, 1840, 1880, 1920, 1960, 2000, 2040, 2080, 2120, 2160, 2200, 2240, 2280, 2320, 2360, 2400, 2440, 2480, 2520, 2560, 2600, 2640, 2680, 2720, 2760, 2800, 2840, 2880, 2920, 2960, 3000, 3040, 3080, 3120, 3160]}], "conversation": [], "conversation_timestamps": []}