{"agent_id": "agent-orange-1848", "type": "orange", "trips": [{"trip_id": 0, "transport_method": "car", "start_time": 0, "path": [[1.5417833, 42.510798], [1.5417572, 42.510803], [1.541731, 42.5108081], [1.5417049, 42.5108131], [1.5416788, 42.5108181], [1.5416527, 42.5108231], [1.5416265, 42.5108282], [1.5416004, 42.5108332], [1.5415743, 42.5108382], [1.5415482, 42.5108433], [1.541522, 42.5108483], [1.5414959, 42.5108533], [1.5414698, 42.5108583], [1.5414437, 42.5108634], [1.5414175, 42.5108684], [1.5413914, 42.5108734], [1.5413653, 42.5108785], [1.5413392, 42.5108835], [1.5413207, 42.51087], [1.5413057, 42.510848], [1.5412907, 42.5108261], [1.5412757, 42.5108041], [1.5412608, 42.5107821], [1.5412458, 42.5107601], [1.5412308, 42.5107381], [1.5412158, 42.5107161], [1.5412009, 42.5106941], [1.5411859, 42.5106721], [1.5411709, 42.5106501], [1.5411463, 42.5106495], [1.5411202, 42.5106539], [1.5410952, 42.5106631], [1.5410702, 42.5106723], [1.5410453, 42.5106815], [1.5410204, 42.510691], [1.5409956, 42.5107005], [1.5409707, 42.5107099], [1.5409458, 42.5107194], [1.540921, 42.5107288], [1.5408961, 42.5107383], [1.5408712, 42.5107477], [1.5408464, 42.5107572], [1.5408215, 42.5107667], [1.5407966, 42.5107761], [1.5407718, 42.5107856], [1.5407469, 42.510795], [1.540722, 42.5108045], [1.5407076, 42.5108185], [1.5407176, 42.5108432], [1.540718, 42.5108626], [1.5406919, 42.5108677], [1.5406657, 42.5108727], [1.5406396, 42.5108777], [1.5406135, 42.5108827], [1.5405874, 42.5108878], [1.5405612, 42.5108928], [1.5405351, 42.5108978], [1.540509, 42.5109028], [1.5404828, 42.5109079], [1.5404567, 42.5109129], [1.5404306, 42.5109179], [1.5404045, 42.5109229], [1.5403783, 42.5109279], [1.5403524, 42.5109338], [1.5403274, 42.5109427], [1.5403023, 42.5109516], [1.5402772, 42.5109605], [1.5402521, 42.5109694], [1.5402271, 42.5109783], [1.540202, 42.5109872], [1.5401769, 42.5109961], [1.5401518, 42.5110049], [1.5401268, 42.5110138], [1.5401017, 42.5110227], [1.5400766, 42.5110316], [1.5400515, 42.5110405], [1.5400265, 42.5110494], [1.5400052, 42.5110465], [1.5399902, 42.5110246], [1.5399751, 42.5110026]], "mood_vectors": [[0.0754, 0.0579, 0.0696, 0.0473, 0.6458, 0.0402, 0.0637], [0.0715, 0.0311, 0.0783, 0.0162, 0.7302, 0.0293, 0.0434], [0.0883, 0.0251, 0.0375, 0.0443, 0.6556, 0.0762, 0.0728], [0.0375, 0.0436, 0.0274, 0.0716, 0.6913, 0.0569, 0.0717], [0.0193, 0.0439, 0.0527, 0.0242, 0.7457, 0.0817, 0.0323], [0.0416, 0.0419, 0.0223, 0.0406, 0.7678, 0.0404, 0.0454], [0.0731, 0.086, 0.0203, 0.0516, 0.7271, 0.0195, 0.0223], [0.0557, 0.0403, 0.0627, 0.0575, 0.6789, 0.0478, 0.0571], [0.0442, 0.0549, 0.0791, 0.072, 0.6584, 0.0653, 0.0261], [0.0246, 0.0879, 0.0337, 0.0145, 0.7548, 0.0645, 0.0201], [0.0476, 0.0751, 0.0363, 0.0232, 0.6841, 0.0772, 0.0565], [0.0211, 0.0591, 0.0151, 0.0344, 0.7646, 0.0269, 0.0788], [0.0222, 0.0645, 0.0596, 0.0361, 0.7479, 0.0313, 0.0383], [0.0489, 0.0331, 0.0793, 0.0618, 0.7115, 0.0171, 0.0483], [0.0581, 0.0732, 0.0734, 0.0467, 0.6679, 0.0464, 0.0342], [0.0252, 0.0505, 0.0149, 0.0345, 0.7788, 0.0624, 0.0338], [0.057, 0.0674, 0.0841, 0.0797, 0.5854, 0.0588, 0.0676], [0.0606, 0.0877, 0.0178, 0.0389, 0.6738, 0.075, 0.0463], [0.0217, 0.0489, 0.0172, 0.0504, 0.7387, 0.0965, 0.0265], [0.0841, 0.0433, 0.028, 0.0353, 0.6651, 0.0736, 0.0707], [0.0794, 0.0217, 0.0681, 0.0482, 0.6578, 0.0486, 0.0763], [0.0527, 0.0299, 0.0157, 0.048, 0.7608, 0.0648, 0.0281], [0.0539, 0.0233, 0.0745, 0.0681, 0.696, 0.0373, 0.0468], [0.0149, 0.0203, 0.0255, 0.0821, 0.7388, 0.0734, 0.045], [0.0571, 0.047, 0.0175, 0.0309, 0.7375, 0.0414, 0.0686], [0.0286, 0.08, 0.0343, 0.0644, 0.7316, 0.0372, 0.0238], [0.0136, 0.0642, 0.0593, 0.0819, 0.6724, 0.0319, 0.0767], [0.0696, 0.0474, 0.0513, 0.0595, 0.6813, 0.0385, 0.0524], [0.0851, 0.0832, 0.0382, 0.0277, 0.7069, 0.0357, 0.0231], [0.0286, 0.0427, 0.028, 0.0199, 0.8324, 0.0132, 0.0352], [0.0787, 0.0302, 0.0343, 0.0538, 0.6835, 0.0686, 0.0509], [0.0291, 0.0811, 0.0505, 0.0174, 0.6964, 0.046, 0.0795], [0.0711, 0.0432, 0.0598, 0.0241, 0.6908, 0.0517, 0.0594], [0.0142, 0.0554, 0.0775, 0.0398, 0.6751, 0.0841, 0.0538], [0.0362, 0.0636, 0.0205, 0.0806, 0.6787, 0.0551, 0.0654], [0.0294, 0.0152, 0.0281, 0.0449, 0.7895, 0.0363, 0.0565], [0.0447, 0.0854, 0.0576, 0.0625, 0.6047, 0.0678, 0.0774], [0.0605, 0.0373, 0.0731, 0.0447, 0.6724, 0.0404, 0.0718], [0.0549, 0.043, 0.0793, 0.0647, 0.6874, 0.0324, 0.0383], [0.055, 0.0777, 0.0787, 0.0557, 0.6687, 0.0314, 0.0328], [0.0555, 0.0602, 0.0482, 0.0721, 0.681, 0.0387, 0.0443], [0.0731, 0.0508, 0.0796, 0.0696, 0.5958, 0.0523, 0.0787], [0.0378, 0.0617, 0.06, 0.0665, 0.6595, 0.0491, 0.0652], [0.0291, 0.0695, 0.0275, 0.0471, 0.7372, 0.0184, 0.0713], [0.0359, 0.0246, 0.073, 0.0765, 0.7245, 0.0409, 0.0246], [0.0804, 0.0218, 0.0604, 0.0801, 0.6576, 0.0458, 0.0539], [0.0298, 0.0807, 0.0152, 0.0439, 0.71, 0.0831, 0.0372], [0.0321, 0.0225, 0.067, 0.0792, 0.7209, 0.0518, 0.0263], [0.0546, 0.0706, 0.0404, 0.0379, 0.7141, 0.0254, 0.0571], [0.074, 0.0752, 0.0341, 0.0576, 0.7063, 0.017, 0.0358], [0.0591, 0.0769, 0.0173, 0.0834, 0.7118, 0.015, 0.0364], [0.0839, 0.058, 0.0249, 0.0903, 0.6931, 0.0327, 0.017], [0.0282, 0.0574, 0.0845, 0.0272, 0.6948, 0.0534, 0.0544], [0.0318, 0.0619, 0.062, 0.0196, 0.7577, 0.018, 0.0489], [0.0243, 0.0175, 0.0632, 0.0393, 0.7178, 0.0692, 0.0687], [0.0563, 0.0404, 0.0758, 0.0315, 0.6605, 0.0675, 0.0679], [0.0893, 0.0808, 0.0136, 0.0888, 0.6007, 0.0486, 0.078], [0.0193, 0.07, 0.041, 0.068, 0.6954, 0.0837, 0.0225], [0.0114, 0.0193, 0.0549, 0.0601, 0.7309, 0.0523, 0.0712], [0.0243, 0.0334, 0.0602, 0.085, 0.676, 0.042, 0.079], [0.0133, 0.0518, 0.0475, 0.0383, 0.6882, 0.0779, 0.083], [0.0748, 0.0389, 0.0705, 0.0657, 0.6867, 0.0194, 0.0439], [0.0629, 0.0688, 0.0228, 0.0127, 0.6838, 0.071, 0.0781], [0.0717, 0.0766, 0.0341, 0.0271, 0.6281, 0.086, 0.0765], [0.0553, 0.0632, 0.0167, 0.0131, 0.7343, 0.0797, 0.0377], [0.0839, 0.062, 0.0945, 0.0438, 0.6432, 0.0255, 0.0471], [0.055, 0.0517, 0.077, 0.0237, 0.7156, 0.0605, 0.0165], [0.0343, 0.0753, 0.0508, 0.0259, 0.694, 0.0681, 0.0518], [0.0479, 0.0342, 0.0637, 0.0741, 0.6221, 0.0669, 0.0911], [0.0778, 0.0751, 0.0178, 0.0708, 0.6306, 0.0486, 0.0792], [0.0759, 0.0389, 0.0812, 0.066, 0.6883, 0.0123, 0.0374], [0.0319, 0.0648, 0.0568, 0.0227, 0.758, 0.0168, 0.0491], [0.0594, 0.0708, 0.0496, 0.0478, 0.6979, 0.0387, 0.0359], [0.0645, 0.0642, 0.0406, 0.0255, 0.6523, 0.0652, 0.0878], [0.082, 0.0351, 0.0134, 0.0567, 0.7213, 0.0444, 0.047], [0.0489, 0.0693, 0.0349, 0.019, 0.7284, 0.0772, 0.0222], [0.0448, 0.0812, 0.082, 0.0726, 0.6071, 0.0518, 0.0605], [0.0295, 0.0699, 0.049, 0.083, 0.6255, 0.0553, 0.0876], [0.0431, 0.0703, 0.0277, 0.0308, 0.7297, 0.0569, 0.0415], [0.0839, 0.0572, 0.0576, 0.0444, 0.7025, 0.0278, 0.0265]], "emotions": ["red", "red", "red", "red", "red", "red", "red", "red", "red", "red", "red", "red", "red", "red", "red", "red", "red", "red", "red", "red", "red", "red", "red", "red", "red", "red", "red", "red", "red", "red", "red", "red", "red", "red", "red", "red", "red", "red", "red", "red", "red", "red", "red", "red", "red", "red", "red", "red", "red", "red", "red", "red", "red", "red", "red", "red", "red", "red", "red", "red", "red", "red", "red", "red", "red", "red", "red", "red", "red", "red", "red", "red", "red", "red", "red", "red", "red", "red", "red", "red"], "timestamps": [0, 40, 80, 120, 160, 200, 240, 280, 320, 360, 400, 440, 480, 520, 560, 600, 640, 680, 720, 760, 800, 840, 880, 920, 960, 1000, 1040, 1080, 1120, 1160, 1200, 1240, 1280, 1320, 1360, 1400, 1440, 1480, 1520, 1560, 1600, 1640, 1680, 1720, 1760, 1800, 1840, 1880, 1920, 1960, 2000, 2040, 2080, 2120, 2160, 2200, 2240, 2280, 2320, 2360, 2400, 2440, 2480, 2520, 2560, 2600, 2640, 2680, 2720, 2760, 2800, 2840, 2880, 2920, 2960, 3000, 3040, 3080, 3120, 3160]}], "conversation": [], "conversation_timestamps": []}