{"agent_id": "agent-purple-879", "type": "purple", "trips": [{"trip_id": 0, "transport_method": "bicycle", "start_time": 0, "path": [[1.4910254, 42.4649372], [1.4916674, 42.465657], [1.4918366, 42.466407], [1.49161, 42.4671768], [1.4916223, 42.4681319], [1.4919281, 42.4690523], [1.492034, 42.4700051], [1.4917316, 42.4709214], [1.4912739, 42.4717768], [1.4908162, 42.4726323], [1.4905102, 42.4735449], [1.4907121, 42.4744774], [1.4908359, 42.475427], [1.4907399, 42.4763815], [1.4905035, 42.4772871], [1.4903516, 42.4782453], [1.4901997, 42.4792036], [1.4900479, 42.4801618], [1.489896, 42.4811201], [1.4897025, 42.4818215], [1.4894727, 42.480889], [1.4893634, 42.4799252], [1.4896152, 42.478998], [1.4901314, 42.4781766], [1.4905651, 42.4773099], [1.4906222, 42.4765888], [1.4905455, 42.4775559], [1.4904689, 42.4785231], [1.4903923, 42.4794903], [1.4903157, 42.4804575], [1.4902391, 42.4814247], [1.4901624, 42.4823918], [1.4905181, 42.4832647], [1.4909885, 42.4841076], [1.4916679, 42.4846991], [1.4923482, 42.485266], [1.4927254, 42.4861593], [1.493118, 42.487045], [1.4935874, 42.487894], [1.4940611, 42.4887407], [1.494538, 42.4895856], [1.4950023, 42.4904375], [1.4955048, 42.4912119], [1.4962457, 42.4918367], [1.4969682, 42.4924843], [1.4977107, 42.4930968], [1.4983978, 42.4937577], [1.49882, 42.4944496], [1.4987123, 42.4953419], [1.4995537, 42.495824], [1.5004164, 42.4962679], [1.5012242, 42.4967206], [1.5021174, 42.4970687], [1.5029728, 42.4975222], [1.5038545, 42.4979264], [1.5047357, 42.4983314], [1.5056163, 42.4987373], [1.5064807, 42.4991776], [1.5073596, 42.4995885], [1.5082113, 42.5000404], [1.5090866, 42.5004585], [1.5095321, 42.5006711], [1.5094706, 42.5006356], [1.5103512, 42.5010428], [1.5112318, 42.50145], [1.5104259, 42.5011166], [1.5107144, 42.5012978], [1.5115995, 42.5016951], [1.5118967, 42.5018828], [1.5126966, 42.5024319], [1.513426, 42.503061], [1.5140591, 42.5037846], [1.5147896, 42.5044219], [1.5153319, 42.5051833], [1.5162328, 42.5055285], [1.5171204, 42.505909], [1.5178367, 42.5062542], [1.5186782, 42.5067191], [1.5194687, 42.507231], [1.5203811, 42.50739]], "mood_vectors": [[0.0431, 0.0613, 0.0601, 0.0311, 0.0721, 0.6766, 0.0558], [0.0566, 0.0156, 0.0136, 0.0456, 0.0417, 0.7722, 0.0547], [0.0603, 0.0645, 0.0465, 0.0285, 0.0668, 0.7095, 0.0239], [0.0306, 0.0301, 0.0552, 0.077, 0.0425, 0.7185, 0.0461], [0.0541, 0.0464, 0.0411, 0.0649, 0.0525, 0.7163, 0.0246], [0.0486, 0.0222, 0.0673, 0.0359, 0.0339, 0.7463, 0.0459], [0.0384, 0.0678, 0.0223, 0.0773, 0.0866, 0.6882, 0.0194], [0.0366, 0.0657, 0.0542, 0.0497, 0.0318, 0.6802, 0.0819], [0.0387, 0.0144, 0.0584, 0.0677, 0.0417, 0.6918, 0.0874], [0.0488, 0.0182, 0.0753, 0.0477, 0.0745, 0.6508, 0.0848], [0.063, 0.0502, 0.0155, 0.0592, 0.0419, 0.7105, 0.0596], [0.066, 0.0621, 0.0559, 0.0543, 0.0215, 0.7059, 0.0343], [0.0657, 0.0625, 0.059, 0.0601, 0.025, 0.6526, 0.0751], [0.0198, 0.0273, 0.0582, 0.0454, 0.0666, 0.7103, 0.0724], [0.0768, 0.0687, 0.0715, 0.0601, 0.0682, 0.5984, 0.0563], [0.0859, 0.0224, 0.0156, 0.0154, 0.0735, 0.6995, 0.0877], [0.0384, 0.0923, 0.0607, 0.0703, 0.021, 0.632, 0.0853], [0.0775, 0.0711, 0.0497, 0.0334, 0.0457, 0.7036, 0.0189], [0.0545, 0.0239, 0.0598, 0.0581, 0.067, 0.7168, 0.0199], [0.0809, 0.0642, 0.024, 0.0791, 0.0402, 0.6442, 0.0674], [0.0218, 0.0506, 0.0799, 0.0782, 0.0677, 0.6252, 0.0765], [0.0595, 0.0291, 0.0871, 0.0326, 0.0495, 0.6823, 0.0599], [0.0339, 0.0199, 0.0884, 0.0889, 0.034, 0.6838, 0.051], [0.0271, 0.0528, 0.0585, 0.0398, 0.0567, 0.7108, 0.0542], [0.0505, 0.0844, 0.0474, 0.0287, 0.073, 0.63, 0.0859], [0.054, 0.0118, 0.0684, 0.0524, 0.0525, 0.708, 0.0528], [0.0221, 0.0672, 0.0328, 0.0547, 0.0122, 0.7877, 0.0234], [0.0228, 0.0303, 0.0426, 0.0403, 0.065, 0.7192, 0.0798], [0.0751, 0.0287, 0.0615, 0.0575, 0.0202, 0.7066, 0.0504], [0.0251, 0.0936, 0.0354, 0.0749, 0.0473, 0.7007, 0.023], [0.0699, 0.0218, 0.0563, 0.075, 0.0787, 0.6173, 0.081], [0.0201, 0.0256, 0.0599, 0.0947, 0.0549, 0.6567, 0.088], [0.0392, 0.0647, 0.0584, 0.0346, 0.0277, 0.7243, 0.0511], [0.0663, 0.0602, 0.0351, 0.0166, 0.0315, 0.7118, 0.0784], [0.0766, 0.0232, 0.0871, 0.0619, 0.0828, 0.6458, 0.0227], [0.0192, 0.0706, 0.0444, 0.0134, 0.0226, 0.7609, 0.069], [0.0898, 0.0135, 0.0433, 0.0501, 0.0758, 0.703, 0.0245], [0.0389, 0.0803, 0.0834, 0.0297, 0.0747, 0.6335, 0.0595], [0.0398, 0.0378, 0.0545, 0.0399, 0.0128, 0.74, 0.0752], [0.0678, 0.0523, 0.0144, 0.0673, 0.0678, 0.7093, 0.0211], [0.0636, 0.0113, 0.0647, 0.0576, 0.0534, 0.7184, 0.0311], [0.0509, 0.0676, 0.0664, 0.0457, 0.0262, 0.6777, 0.0654], [0.0592, 0.0771, 0.0132, 0.0548, 0.0295, 0.7241, 0.042], [0.0251, 0.0245, 0.0365, 0.0586, 0.0869, 0.7082, 0.0602], [0.0517, 0.0306, 0.0498, 0.0462, 0.0248, 0.7597, 0.0372], [0.0262, 0.0365, 0.0881, 0.0814, 0.0309, 0.6982, 0.0387], [0.0729, 0.0568, 0.0295, 0.0238, 0.017, 0.7595, 0.0405], [0.0133, 0.0745, 0.0201, 0.0555, 0.0398, 0.7296, 0.0672], [0.0433, 0.073, 0.092, 0.0706, 0.0833, 0.6058, 0.032], [0.0836, 0.0785, 0.0238, 0.0383, 0.0298, 0.683, 0.0631], [0.0307, 0.0362, 0.0494, 0.0284, 0.0207, 0.8059, 0.0288], [0.0484, 0.0862, 0.0821, 0.0636, 0.0509, 0.6536, 0.0152], [0.0946, 0.0459, 0.0728, 0.0361, 0.0358, 0.6717, 0.0431], [0.0426, 0.0599, 0.0189, 0.0457, 0.0467, 0.7532, 0.0331], [0.0694, 0.035, 0.0614, 0.0453, 0.0788, 0.6655, 0.0446], [0.0249, 0.0507, 0.0897, 0.0304, 0.0649, 0.7155, 0.024], [0.0522, 0.0594, 0.0709, 0.0467, 0.0567, 0.6569, 0.0572], [0.0849, 0.0369, 0.0196, 0.0474, 0.0169, 0.7081, 0.0862], [0.0561, 0.0591, 0.0374, 0.0801, 0.0279, 0.7041, 0.0353], [0.016, 0.026, 0.0742, 0.0638, 0.0587, 0.6985, 0.0627], [0.0605, 0.0332, 0.0555, 0.0334, 0.0401, 0.7074, 0.0698], [0.0374, 0.0583, 0.0123, 0.0305, 0.0596, 0.7652, 0.0367], [0.0249, 0.0314, 0.0322, 0.088, 0.0697, 0.7088, 0.045], [0.0833, 0.0602, 0.0462, 0.0449, 0.0482, 0.6782, 0.0391], [0.0472, 0.0487, 0.0411, 0.0555, 0.0216, 0.7234, 0.0626], [0.0592, 0.0164, 0.0476, 0.0675, 0.0119, 0.7322, 0.0651], [0.0719, 0.029, 0.0598, 0.0322, 0.0184, 0.7386, 0.0501], [0.0288, 0.0238, 0.0561, 0.0457, 0.0687, 0.7156, 0.0613], [0.021, 0.0763, 0.0623, 0.0168, 0.0868, 0.6982, 0.0386], [0.0696, 0.0302, 0.026, 0.0592, 0.0317, 0.7588, 0.0245], [0.0732, 0.058, 0.0252, 0.0161, 0.014, 0.7415, 0.072], [0.0395, 0.0295, 0.0546, 0.0577, 0.0365, 0.7325, 0.0498], [0.0853, 0.0241, 0.0493, 0.0333, 0.0203, 0.7082, 0.0795], [0.0367, 0.0598, 0.0654, 0.0372, 0.0427, 0.6962, 0.062], [0.0551, 0.0733, 0.0199, 0.0718, 0.0389, 0.7216, 0.0193], [0.0375, 0.0468, 0.0584, 0.0754, 0.0672, 0.6491, 0.0656], [0.0899, 0.0878, 0.0209, 0.0186, 0.0193, 0.6659, 0.0975], [0.055, 0.0547, 0.0439, 0.0567, 0.0356, 0.7162, 0.0379], [0.0312, 0.0721, 0.0295, 0.0478, 0.0505, 0.739, 0.03], [0.0916, 0.0222, 0.0306, 0.0247, 0.0671, 0.7061, 0.0577]], "emotions": ["purple", "purple", "purple", "purple", "purple", "purple", "purple", "purple", "purple", "purple", "purple", "purple", "purple", "purple", "purple", "purple", "purple", "purple", "purple", "purple", "purple", "purple", "purple", "purple", "purple", "purple", "purple", "purple", "purple", "purple", "purple", "purple", "purple", "purple", "purple", "purple", "purple", "purple", "purple", "purple", "purple", "purple", "purple", "purple", "purple", "purple", "purple", "purple", "purple", "purple", "purple", "purple", "purple", "purple", "purple", "purple", "purple", "purple", "purple", "purple", "purple", "purple", "purple", "purple", "purple", "purple", "purple", "purple", "purple", "purple", "purple", "purple", "purple", "purple", "purple", "purple", "purple", "purple", "purple", "purple"], "timestamps": [0, 40, 80, 120, 160, 200, 240, 280, 320, 360, 400, 440, 480, 520, 560, 600, 640, 680, 720, 760, 800, 840, 880, 920, 960, 1000, 1040, 1080, 1120, 1160, 1200, 1240, 1280, 1320, 1360, 1400, 1440, 1480, 1520, 1560, 1600, 1640, 1680, 1720, 1760, 1800, 1840, 1880, 1920, 1960, 2000, 2040, 2080, 2120, 2160, 2200, 2240, 2280, 2320, 2360, 2400, 2440, 2480, 2520, 2560, 2600, 2640, 2680, 2720, 2760, 2800, 2840, 2880, 2920, 2960, 3000, 3040, 3080, 3120, 3160]}], "conversation": [], "conversation_timestamps": []}