{"agent_id": "agent-blue-85", "type": "blue", "trips": [{"trip_id": 0, "transport_method": "car", "start_time": 0, "path": [[1.5493386, 42.5117765], [1.5485545, 42.5115826], [1.5477711, 42.5113867], [1.5469922, 42.5111727], [1.5463694, 42.5107126], [1.5463358, 42.5103212], [1.5466859, 42.5110069], [1.547449, 42.5112608], [1.5482325, 42.5114567], [1.5490179, 42.5116455], [1.5497517, 42.51186], [1.5500183, 42.5119774], [1.5500886, 42.5119889], [1.550535, 42.512216], [1.5511729, 42.5127025], [1.5514338, 42.5129681], [1.551067, 42.512604], [1.5517091, 42.5130942], [1.5524056, 42.5134953], [1.5524704, 42.5135766], [1.5527145, 42.5143016], [1.552858, 42.5150779], [1.5533202, 42.515738], [1.5535624, 42.5165072], [1.5539785, 42.5171958], [1.5545807, 42.5177286], [1.555269, 42.518137], [1.5559567, 42.518428], [1.5565135, 42.5190107], [1.5570321, 42.5195926], [1.5575346, 42.5201986], [1.5581091, 42.5207663], [1.5587068, 42.5213096], [1.5593299, 42.5218234], [1.5596885, 42.5219864], [1.5596691, 42.5220809], [1.5603508, 42.5225028], [1.5610338, 42.5229268], [1.5616782, 42.5234128], [1.5622168, 42.5240111], [1.5628104, 42.5245474], [1.5635692, 42.5248175], [1.5642795, 42.5251814], [1.5650639, 42.5253356], [1.5658115, 42.5256404], [1.5665038, 42.5260516], [1.5671424, 42.5265463], [1.5677877, 42.5270316], [1.5685122, 42.5273861], [1.5691696, 42.5278427], [1.5698687, 42.5282427], [1.5705437, 42.5286865], [1.5711627, 42.5291972], [1.5718247, 42.5293578], [1.5726255, 42.5293998], [1.5731391, 42.5297006], [1.5735497, 42.5303902], [1.5741473, 42.5309271], [1.5748701, 42.5312851], [1.5756517, 42.5314845], [1.5764461, 42.5316304], [1.5772477, 42.5317294], [1.578054, 42.5317743], [1.5786168, 42.5318042], [1.5778097, 42.5317746], [1.5777473, 42.5317442], [1.5785551, 42.5317464], [1.5793628, 42.5317486], [1.5801706, 42.5317486], [1.5809781, 42.5317286], [1.5817852, 42.5316967], [1.5825913, 42.5317184], [1.5833549, 42.5319668], [1.5840274, 42.5324107], [1.5846203, 42.5329587], [1.5852338, 42.5334791], [1.5858976, 42.5339111], [1.5865239, 42.5338147], [1.5868774, 42.5330982], [1.5873343, 42.5332561]], "mood_vectors": [[0.0416, 0.0887, 0.0203, 0.705, 0.0288, 0.0811, 0.0345], [0.0186, 0.0484, 0.0188, 0.7632, 0.0142, 0.0645, 0.0724], [0.0494, 0.0648, 0.0727, 0.7088, 0.0317, 0.0171, 0.0555], [0.0935, 0.038, 0.0419, 0.7091, 0.0694, 0.0301, 0.0181], [0.0209, 0.0649, 0.0297, 0.7104, 0.0718, 0.041, 0.0613], [0.0683, 0.0743, 0.0531, 0.6724, 0.0434, 0.0406, 0.0478], [0.0535, 0.0428, 0.0653, 0.7193, 0.0247, 0.0552, 0.0391], [0.0612, 0.0173, 0.02, 0.8334, 0.0366, 0.0164, 0.0151], [0.0243, 0.0834, 0.0615, 0.7186, 0.0425, 0.0202, 0.0495], [0.0619, 0.0301, 0.0175, 0.7232, 0.0648, 0.061, 0.0416], [0.039, 0.0881, 0.0908, 0.6419, 0.0361, 0.0598, 0.0442], [0.0386, 0.0669, 0.0749, 0.7081, 0.021, 0.0756, 0.015], [0.0593, 0.0564, 0.0393, 0.6758, 0.0643, 0.0606, 0.0442], [0.0431, 0.0254, 0.0338, 0.6889, 0.0791, 0.0898, 0.04], [0.0586, 0.0338, 0.0567, 0.7489, 0.0589, 0.0167, 0.0265], [0.0172, 0.0292, 0.0939, 0.6864, 0.029, 0.0471, 0.0971], [0.0269, 0.0377, 0.0197, 0.7723, 0.0752, 0.0506, 0.0174], [0.0919, 0.0881, 0.033, 0.6952, 0.0502, 0.0181, 0.0235], [0.0275, 0.0707, 0.0272, 0.7374, 0.0529, 0.0196, 0.0646], [0.0563, 0.0767, 0.0755, 0.665, 0.0472, 0.0345, 0.0448], [0.0263, 0.0761, 0.0147, 0.7341, 0.0252, 0.0688, 0.0548], [0.0777, 0.0639, 0.0222, 0.623, 0.0742, 0.1031, 0.036], [0.0712, 0.02, 0.0218, 0.7625, 0.0481, 0.0137, 0.0627], [0.0368, 0.0191, 0.0613, 0.7224, 0.0348, 0.0339, 0.0917], [0.0169, 0.0709, 0.0724, 0.6635, 0.0625, 0.0396, 0.0742], [0.0531, 0.067, 0.0965, 0.6499, 0.0301, 0.0283, 0.0751], [0.025, 0.0612, 0.0647, 0.6775, 0.059, 0.0521, 0.0605], [0.0401, 0.0283, 0.0262, 0.7819, 0.0334, 0.0368, 0.0533], [0.0788, 0.0574, 0.0318, 0.753, 0.0252, 0.0212, 0.0326], [0.0581, 0.0517, 0.0302, 0.7469, 0.0474, 0.047, 0.0186], [0.0402, 0.0155, 0.0618, 0.7707, 0.0664, 0.0265, 0.0189], [0.0721, 0.0353, 0.0574, 0.7495, 0.0274, 0.0194, 0.039], [0.0281, 0.054, 0.0435, 0.7694, 0.0254, 0.0456, 0.034], [0.0772, 0.0499, 0.0187, 0.7534, 0.058, 0.0296, 0.0133], [0.0645, 0.0154, 0.0369, 0.7127, 0.0775, 0.0386, 0.0544], [0.0365, 0.0577, 0.0252, 0.6876, 0.0802, 0.0311, 0.0818], [0.0455, 0.0794, 0.0453, 0.6216, 0.0615, 0.0717, 0.0749], [0.0623, 0.0866, 0.0161, 0.6997, 0.0762, 0.0374, 0.0217], [0.0203, 0.0463, 0.0448, 0.6986, 0.0588, 0.0733, 0.058], [0.0423, 0.0525, 0.0705, 0.6694, 0.0507, 0.05, 0.0646], [0.0293, 0.0672, 0.079, 0.6704, 0.0429, 0.0198, 0.0915], [0.0681, 0.0144, 0.0349, 0.7004, 0.0737, 0.0754, 0.0332], [0.0341, 0.036, 0.0228, 0.7665, 0.0597, 0.0555, 0.0254], [0.0439, 0.0316, 0.028, 0.7707, 0.0771, 0.0192, 0.0296], [0.025, 0.0152, 0.0928, 0.7617, 0.0221, 0.0691, 0.0141], [0.02, 0.0684, 0.0151, 0.6655, 0.0964, 0.0536, 0.081], [0.0754, 0.0795, 0.031, 0.6316, 0.0669, 0.0337, 0.0819], [0.0332, 0.0304, 0.0653, 0.7017, 0.0809, 0.0752, 0.0133], [0.0819, 0.0556, 0.0536, 0.7146, 0.0204, 0.0432, 0.0308], [0.0163, 0.0679, 0.0549, 0.696, 0.0607, 0.0424, 0.0618], [0.0826, 0.0222, 0.042, 0.7178, 0.0354, 0.0538, 0.0462], [0.0366, 0.0585, 0.0503, 0.7396, 0.0627, 0.0385, 0.0138], [0.0226, 0.0469, 0.0631, 0.7619, 0.0439, 0.0325, 0.029], [0.0256, 0.0944, 0.0382, 0.6735, 0.0432, 0.0597, 0.0653], [0.0549, 0.0164, 0.0304, 0.775, 0.0217, 0.0509, 0.0507], [0.0603, 0.0609, 0.0669, 0.6626, 0.0648, 0.0285, 0.0561], [0.0245, 0.0281, 0.0575, 0.7451, 0.0766, 0.0152, 0.053], [0.0518, 0.0201, 0.0806, 0.6691, 0.0736, 0.0868, 0.0181], [0.0947, 0.0424, 0.0188, 0.7282, 0.0218, 0.0414, 0.0527], [0.0419, 0.0489, 0.0779, 0.6902, 0.0183, 0.0833, 0.0395], [0.0701, 0.0607, 0.0254, 0.7204, 0.0203, 0.0306, 0.0724], [0.0514, 0.0507, 0.0227, 0.6525, 0.0746, 0.0883, 0.0597], [0.0602, 0.0796, 0.0762, 0.6518, 0.0432, 0.0383, 0.0508], [0.0218, 0.0341, 0.061, 0.6822, 0.0811, 0.0279, 0.0919], [0.0631, 0.0338, 0.0442, 0.7069, 0.0573, 0.0704, 0.0242], [0.0434, 0.0688, 0.0762, 0.6983, 0.0568, 0.0263, 0.0302], [0.0398, 0.0821, 0.0488, 0.7161, 0.0338, 0.0303, 0.0491], [0.0141, 0.0722, 0.0436, 0.719, 0.0265, 0.0587, 0.0658], [0.0488, 0.0275, 0.0203, 0.7136, 0.0458, 0.0424, 0.1015], [0.0417, 0.0444, 0.0355, 0.7066, 0.0382, 0.1078, 0.0258], [0.0371, 0.0191, 0.0966, 0.7364, 0.0558, 0.0399, 0.0153], [0.0649, 0.0486, 0.028, 0.7191, 0.0554, 0.0552, 0.0288], [0.0644, 0.0305, 0.0324, 0.671, 0.0869, 0.087, 0.0278], [0.0359, 0.0231, 0.0708, 0.6723, 0.0424, 0.0739, 0.0818], [0.0833, 0.0887, 0.0919, 0.6662, 0.0191, 0.0314, 0.0194], [0.042, 0.0292, 0.0727, 0.6691, 0.0685, 0.0474, 0.071], [0.0443, 0.0381, 0.0201, 0.7321, 0.0555, 0.0296, 0.0803], [0.0663, 0.0715, 0.0382, 0.659, 0.0473, 0.0698, 0.0479], [0.0246, 0.0456, 0.0774, 0.7084, 0.0599, 0.0666, 0.0175], [0.0134, 0.0752, 0.0493, 0.7305, 0.0221, 0.057, 0.0525]], "emotions": ["green", "green", "green", "green", "green", "green", "green", "green", "green", "green", "green", "green", "green", "green", "green", "green", "green", "green", "green", "green", "green", "green", "green", "green", "green", "green", "green", "green", "green", "green", "green", "green", "green", "green", "green", "green", "green", "green", "green", "green", "green", "green", "green", "green", "green", "green", "green", "green", "green", "green", "green", "green", "green", "green", "green", "green", "green", "green", "green", "green", "green", "green", "green", "green", "green", "green", "green", "green", "green", "green", "green", "green", "green", "green", "green", "green", "green", "green", "green", "green"], "timestamps": [0, 40, 80, 120, 160, 200, 240, 280, 320, 360, 400, 440, 480, 520, 560, 600, 640, 680, 720, 760, 800, 840, 880, 920, 960, 1000, 1040, 1080, 1120, 1160, 1200, 1240, 1280, 1320, 1360, 1400, 1440, 1480, 1520, 1560, 1600, 1640, 1680, 1720, 1760, 1800, 1840, 1880, 1920, 1960, 2000, 2040, 2080, 2120, 2160, 2200, 2240, 2280, 2320, 2360, 2400, 2440, 2480, 2520, 2560, 2600, 2640, 2680, 2720, 2760, 2800, 2840, 2880, 2920, 2960, 3000, 3040, 3080, 3120, 3160]}], "conversation": [], "conversation_timestamps": []}