{"agent_id": "agent-purple-154", "type": "purple", "trips": [{"trip_id": 0, "transport_method": "car", "start_time": 0, "path": [[1.5040315, 42.4956032], [1.5060344, 42.4964619], [1.5080847, 42.4972226], [1.510048, 42.4981872], [1.5114779, 42.4998276], [1.5127987, 42.5015714], [1.5135473, 42.5019988], [1.5140704, 42.5022512], [1.5155921, 42.5031225], [1.5159113, 42.5033391], [1.518004, 42.5036732], [1.520064, 42.5038862], [1.5220404, 42.5047786], [1.5241639, 42.5049536], [1.5263153, 42.5053183], [1.5276763, 42.5053263], [1.5298406, 42.5055351], [1.5317118, 42.5065884], [1.532641, 42.5067311], [1.5346244, 42.507357], [1.5367451, 42.50777], [1.5388443, 42.5082244], [1.540801, 42.5086847], [1.542203, 42.5088961], [1.5443307, 42.5093011], [1.545864, 42.5095701], [1.5462934, 42.5102269], [1.5478874, 42.5113762], [1.5495474, 42.5117851], [1.5505186, 42.5122084], [1.5510274, 42.5125931], [1.5526268, 42.513724], [1.5529076, 42.5151437], [1.5538907, 42.51707], [1.5556658, 42.5181927], [1.5571005, 42.5197492], [1.5586674, 42.5212743], [1.5594391, 42.5219065], [1.5612653, 42.5230904], [1.5628525, 42.5245697], [1.5648842, 42.5252802], [1.5668091, 42.5262845], [1.5686454, 42.5274511], [1.5704705, 42.5286384], [1.572309, 42.5293491], [1.5737121, 42.530578], [1.5756644, 42.531487], [1.5778314, 42.5317641], [1.5774614, 42.5317494], [1.5794763, 42.5317489], [1.581663, 42.5317015], [1.5837383, 42.5322016], [1.5854375, 42.5335386], [1.5872909, 42.534675], [1.5887227, 42.5362003], [1.5904165, 42.5374283], [1.5918126, 42.5388934], [1.5924072, 42.5409251], [1.5915802, 42.5428516], [1.591664, 42.5449383], [1.5917524, 42.5469079], [1.5923279, 42.5481481], [1.5919751, 42.5502027], [1.5914801, 42.5523003], [1.5909646, 42.552958], [1.5904999, 42.5536913], [1.5914525, 42.5552471], [1.5916444, 42.5573009], [1.5934243, 42.558454], [1.5937555, 42.5604123], [1.5937103, 42.5611047], [1.5943788, 42.5627416], [1.5960724, 42.5641261], [1.5951061, 42.564065], [1.5935089, 42.5626842], [1.5945951, 42.56283], [1.5963549, 42.5641293], [1.5983303, 42.5645681], [1.5998818, 42.5659397], [1.6014449, 42.5673157]], "mood_vectors": [[0.0234, 0.0783, 0.0174, 0.0498, 0.0826, 0.7158, 0.0328], [0.0495, 0.0353, 0.0571, 0.0409, 0.0795, 0.7132, 0.0245], [0.0559, 0.0339, 0.0432, 0.0823, 0.0342, 0.7145, 0.036], [0.042, 0.0287, 0.0446, 0.0477, 0.0896, 0.6939, 0.0534], [0.0553, 0.0749, 0.0187, 0.0458, 0.0259, 0.7431, 0.0362], [0.0326, 0.0602, 0.095, 0.0529, 0.0935, 0.6304, 0.0353], [0.0271, 0.0309, 0.0791, 0.0156, 0.0415, 0.7228, 0.0831], [0.0178, 0.0788, 0.037, 0.0269, 0.0807, 0.7453, 0.0134], [0.0769, 0.0477, 0.0213, 0.015, 0.0701, 0.6919, 0.0772], [0.0374, 0.015, 0.0509, 0.0451, 0.0137, 0.8156, 0.0224], [0.0226, 0.0418, 0.013, 0.0731, 0.0523, 0.7605, 0.0367], [0.0504, 0.0605, 0.0356, 0.0456, 0.0403, 0.7307, 0.037], [0.0803, 0.0517, 0.0351, 0.0267, 0.0642, 0.6744, 0.0675], [0.021, 0.0666, 0.0551, 0.0207, 0.043, 0.7339, 0.0597], [0.0664, 0.0542, 0.0446, 0.0583, 0.0215, 0.6981, 0.0569], [0.0365, 0.0602, 0.0124, 0.0591, 0.0337, 0.7403, 0.0578], [0.0385, 0.0466, 0.063, 0.058, 0.0469, 0.7131, 0.0338], [0.0542, 0.0746, 0.065, 0.0471, 0.0592, 0.6317, 0.0682], [0.0387, 0.0277, 0.0691, 0.054, 0.046, 0.7051, 0.0595], [0.0357, 0.0532, 0.0783, 0.0557, 0.0811, 0.6558, 0.0403], [0.0264, 0.0259, 0.0336, 0.0573, 0.0439, 0.736, 0.077], [0.0796, 0.0184, 0.0719, 0.0685, 0.0242, 0.7214, 0.016], [0.0756, 0.0697, 0.039, 0.0564, 0.0623, 0.6366, 0.0605], [0.0346, 0.0203, 0.0252, 0.0655, 0.0571, 0.7462, 0.051], [0.0685, 0.0194, 0.0232, 0.0724, 0.0311, 0.7649, 0.0205], [0.043, 0.0686, 0.0766, 0.0711, 0.0414, 0.6742, 0.025], [0.0515, 0.0156, 0.0604, 0.0187, 0.0683, 0.7287, 0.0569], [0.0755, 0.0676, 0.0683, 0.0218, 0.0459, 0.6575, 0.0633], [0.0895, 0.0539, 0.0224, 0.044, 0.0533, 0.6591, 0.0778], [0.0761, 0.0417, 0.051, 0.0514, 0.0625, 0.6899, 0.0274], [0.0779, 0.04, 0.0551, 0.0391, 0.0132, 0.6913, 0.0833], [0.0491, 0.0336, 0.0494, 0.0129, 0.0203, 0.8031, 0.0317], [0.0736, 0.065, 0.0681, 0.0435, 0.0632, 0.6492, 0.0374], [0.0265, 0.0691, 0.0452, 0.0371, 0.0199, 0.7258, 0.0765], [0.0165, 0.0684, 0.0117, 0.0787, 0.0197, 0.7786, 0.0263], [0.0715, 0.0522, 0.0244, 0.0427, 0.0153, 0.7509, 0.0431], [0.0649, 0.0543, 0.0462, 0.0498, 0.0281, 0.713, 0.0438], [0.0637, 0.0663, 0.0339, 0.0451, 0.0643, 0.6785, 0.0483], [0.0231, 0.0265, 0.0205, 0.039, 0.0264, 0.7791, 0.0854], [0.0194, 0.071, 0.0527, 0.0819, 0.0455, 0.6615, 0.0679], [0.0195, 0.0479, 0.0484, 0.0687, 0.0604, 0.694, 0.0611], [0.0348, 0.0271, 0.0123, 0.0655, 0.0608, 0.7823, 0.0171], [0.0646, 0.0673, 0.0315, 0.0181, 0.0693, 0.7158, 0.0336], [0.0381, 0.0492, 0.0318, 0.0938, 0.091, 0.6683, 0.0277], [0.0412, 0.074, 0.0596, 0.0437, 0.0351, 0.7321, 0.0145], [0.0564, 0.0791, 0.0539, 0.0568, 0.0163, 0.6783, 0.0592], [0.0571, 0.0703, 0.0175, 0.0183, 0.0254, 0.7366, 0.0747], [0.0852, 0.0826, 0.0178, 0.0289, 0.0393, 0.7127, 0.0335], [0.0468, 0.0784, 0.0179, 0.036, 0.0177, 0.7274, 0.0759], [0.0254, 0.0218, 0.0631, 0.0595, 0.0996, 0.6707, 0.0599], [0.0553, 0.0701, 0.0661, 0.04, 0.0701, 0.6574, 0.0409], [0.0686, 0.0407, 0.0303, 0.0267, 0.0534, 0.6922, 0.088], [0.0496, 0.0776, 0.0355, 0.0587, 0.0552, 0.6994, 0.0238], [0.0754, 0.0778, 0.0791, 0.0743, 0.0184, 0.6188, 0.0563], [0.0429, 0.0392, 0.0753, 0.0298, 0.0518, 0.7003, 0.0607], [0.0479, 0.0617, 0.0507, 0.07, 0.0751, 0.6425, 0.052], [0.0189, 0.0629, 0.0422, 0.0158, 0.0301, 0.7607, 0.0695], [0.0746, 0.0434, 0.0243, 0.0234, 0.0598, 0.7131, 0.0615], [0.0513, 0.0326, 0.0616, 0.067, 0.053, 0.6667, 0.0679], [0.0831, 0.0329, 0.0396, 0.0414, 0.0203, 0.6996, 0.083], [0.0727, 0.0432, 0.0234, 0.0319, 0.0426, 0.7238, 0.0623], [0.0344, 0.0607, 0.0297, 0.0134, 0.0626, 0.7533, 0.0459], [0.0675, 0.0452, 0.0453, 0.0638, 0.0671, 0.6743, 0.0368], [0.0154, 0.0334, 0.022, 0.0528, 0.0589, 0.716, 0.1014], [0.0434, 0.031, 0.039, 0.0325, 0.0442, 0.726, 0.0838], [0.0179, 0.0847, 0.0583, 0.0649, 0.0724, 0.633, 0.0688], [0.0153, 0.0475, 0.0184, 0.0329, 0.0468, 0.7621, 0.0769], [0.0469, 0.0255, 0.0541, 0.0227, 0.0243, 0.7638, 0.0628], [0.0189, 0.0321, 0.071, 0.0376, 0.0485, 0.696, 0.0958], [0.0378, 0.0317, 0.0271, 0.0489, 0.0809, 0.7421, 0.0314], [0.0165, 0.0123, 0.0347, 0.0743, 0.0497, 0.7531, 0.0595], [0.07, 0.051, 0.0825, 0.069, 0.0212, 0.6506, 0.0556], [0.0391, 0.0622, 0.0739, 0.0151, 0.0303, 0.7449, 0.0345], [0.0505, 0.0576, 0.065, 0.0424, 0.0704, 0.6619, 0.0523], [0.0846, 0.07, 0.0349, 0.0446, 0.0202, 0.6576, 0.088], [0.0899, 0.0869, 0.0463, 0.0447, 0.0174, 0.6556, 0.0593], [0.0835, 0.0389, 0.0176, 0.0209, 0.0668, 0.7554, 0.0169], [0.0638, 0.0452, 0.0725, 0.0495, 0.0168, 0.7007, 0.0515], [0.0717, 0.0359, 0.0416, 0.0124, 0.0676, 0.7054, 0.0654], [0.0149, 0.0625, 0.0942, 0.079, 0.0199, 0.6886, 0.041]], "emotions": ["purple", "purple", "purple", "purple", "purple", "purple", "purple", "purple", "purple", "purple", "purple", "purple", "purple", "purple", "purple", "purple", "purple", "purple", "purple", "purple", "purple", "purple", "purple", "purple", "purple", "purple", "purple", "purple", "purple", "purple", "purple", "purple", "purple", "purple", "purple", "purple", "purple", "purple", "purple", "purple", "purple", "purple", "purple", "purple", "purple", "purple", "purple", "purple", "purple", "purple", "purple", "purple", "purple", "purple", "purple", "purple", "purple", "purple", "purple", "purple", "purple", "purple", "purple", "purple", "purple", "purple", "purple", "purple", "purple", "purple", "purple", "purple", "purple", "purple", "purple", "purple", "purple", "purple", "purple", "purple"], "timestamps": [0, 40, 80, 120, 160, 200, 240, 280, 320, 360, 400, 440, 480, 520, 560, 600, 640, 680, 720, 760, 800, 840, 880, 920, 960, 1000, 1040, 1080, 1120, 1160, 1200, 1240, 1280, 1320, 1360, 1400, 1440, 1480, 1520, 1560, 1600, 1640, 1680, 1720, 1760, 1800, 1840, 1880, 1920, 1960, 2000, 2040, 2080, 2120, 2160, 2200, 2240, 2280, 2320, 2360, 2400, 2440, 2480, 2520, 2560, 2600, 2640, 2680, 2720, 2760, 2800, 2840, 2880, 2920, 2960, 3000, 3040, 3080, 3120, 3160]}], "conversation": [], "conversation_timestamps": []}