{"agent_id": "agent-blue-1560", "type": "blue", "trips": [{"trip_id": 0, "transport_method": "foot", "start_time": 0, "path": [[1.4970161, 42.4923554], [1.4967724, 42.4921573], [1.4965493, 42.491927], [1.4963025, 42.4917217], [1.4961169, 42.4914839], [1.4958795, 42.4913314], [1.4955805, 42.4912152], [1.4953082, 42.4910565], [1.4950995, 42.4908143], [1.4950308, 42.4905068], [1.4948842, 42.4902218], [1.4947307, 42.4899398], [1.4945772, 42.4896578], [1.494421, 42.4893773], [1.494263, 42.4890978], [1.494105, 42.4888183], [1.4939474, 42.4885387], [1.4937909, 42.4882583], [1.4936344, 42.487978], [1.4934779, 42.4876977], [1.4933197, 42.4874183], [1.4931663, 42.4871364], [1.4930164, 42.4868524], [1.4928807, 42.4865617], [1.4927664, 42.4862618], [1.492647, 42.4859637], [1.4925302, 42.4856647], [1.4923996, 42.4853716], [1.4922183, 42.4851092], [1.4920672, 42.4848307], [1.491786, 42.4847304], [1.4915016, 42.4845946], [1.4912081, 42.4844708], [1.4910226, 42.4842335], [1.4909021, 42.483939], [1.4907472, 42.4836578], [1.490569, 42.483391], [1.4904557, 42.4830954], [1.4902962, 42.4828168], [1.4901297, 42.4825423], [1.489959, 42.4822703], [1.4897952, 42.4819942], [1.4896451, 42.4817106], [1.4895391, 42.4814082], [1.489491, 42.4810913], [1.4894622, 42.4807716], [1.4894246, 42.4804528], [1.4893843, 42.4801343], [1.4893653, 42.4798145], [1.4894222, 42.4794989], [1.4895277, 42.4791957], [1.4896711, 42.4789106], [1.4898441, 42.4786401], [1.4900144, 42.478368], [1.490178, 42.4780918], [1.4903308, 42.4778094], [1.4904752, 42.477523], [1.4905937, 42.4772249], [1.4906304, 42.4769119], [1.4905939, 42.4766221], [1.490449, 42.4764627], [1.4904271, 42.4763668], [1.4905502, 42.4764784], [1.4902318, 42.4764372], [1.4899134, 42.4763959], [1.489595, 42.4763546], [1.4892774, 42.4763087], [1.488974, 42.4762155], [1.4887153, 42.4760253], [1.488425, 42.4758935], [1.4881246, 42.4757801], [1.4881032, 42.4756125], [1.4877905, 42.4755537], [1.4874798, 42.4754769], [1.487175, 42.475406], [1.4868598, 42.4753489], [1.4865639, 42.4752295], [1.4863073, 42.4750365], [1.4860273, 42.4748796], [1.4857199, 42.4748009]], "mood_vectors": [[0.027, 0.0844, 0.0454, 0.6846, 0.0426, 0.0745, 0.0414], [0.086, 0.0606, 0.0359, 0.6941, 0.0371, 0.0482, 0.038], [0.0425, 0.037, 0.0758, 0.6963, 0.0324, 0.0836, 0.0324], [0.0113, 0.0363, 0.031, 0.73, 0.0664, 0.0581, 0.067], [0.0851, 0.0626, 0.082, 0.6209, 0.0305, 0.0808, 0.0381], [0.0808, 0.0348, 0.0442, 0.7657, 0.0314, 0.0192, 0.024], [0.0442, 0.0629, 0.0179, 0.7175, 0.0537, 0.0382, 0.0656], [0.0179, 0.0651, 0.0134, 0.7564, 0.0264, 0.0634, 0.0574], [0.0816, 0.0289, 0.0329, 0.6382, 0.0898, 0.085, 0.0435], [0.0565, 0.0133, 0.03, 0.7808, 0.0276, 0.0364, 0.0554], [0.0377, 0.0314, 0.035, 0.7675, 0.0367, 0.0475, 0.0443], [0.0529, 0.044, 0.0348, 0.7577, 0.0283, 0.04, 0.0424], [0.0437, 0.0165, 0.0687, 0.7267, 0.045, 0.0371, 0.0623], [0.0187, 0.0594, 0.0811, 0.6613, 0.0925, 0.0426, 0.0445], [0.0402, 0.0741, 0.0725, 0.688, 0.0377, 0.0373, 0.0502], [0.0258, 0.0558, 0.0319, 0.7431, 0.0913, 0.0239, 0.0282], [0.0493, 0.0577, 0.0446, 0.6499, 0.0604, 0.071, 0.067], [0.0721, 0.0389, 0.0403, 0.6671, 0.067, 0.0522, 0.0624], [0.0319, 0.0277, 0.0297, 0.758, 0.0648, 0.0408, 0.0471], [0.0721, 0.0599, 0.0204, 0.6858, 0.0722, 0.0739, 0.0157], [0.0365, 0.0903, 0.021, 0.6426, 0.0855, 0.0188, 0.1053], [0.0741, 0.0593, 0.0401, 0.6901, 0.0372, 0.0537, 0.0454], [0.0176, 0.0451, 0.0816, 0.6705, 0.0844, 0.0282, 0.0726], [0.0679, 0.0454, 0.0143, 0.7512, 0.0581, 0.0496, 0.0136], [0.0709, 0.0842, 0.0639, 0.6575, 0.0283, 0.0601, 0.0352], [0.0181, 0.0445, 0.043, 0.6746, 0.0701, 0.0771, 0.0727], [0.068, 0.0803, 0.0497, 0.6539, 0.0658, 0.0636, 0.0187], [0.0366, 0.0417, 0.0617, 0.6732, 0.0922, 0.055, 0.0395], [0.0554, 0.021, 0.0477, 0.7219, 0.0543, 0.0547, 0.0449], [0.0717, 0.047, 0.0595, 0.7062, 0.0187, 0.0689, 0.0281], [0.0188, 0.0596, 0.0234, 0.7285, 0.0887, 0.0549, 0.0262], [0.0849, 0.0558, 0.0192, 0.6964, 0.0292, 0.0722, 0.0422], [0.0273, 0.0677, 0.0916, 0.6889, 0.0432, 0.0421, 0.0392], [0.0592, 0.0557, 0.0282, 0.7181, 0.018, 0.0655, 0.0553], [0.0858, 0.0477, 0.0441, 0.7335, 0.0156, 0.0545, 0.0187], [0.0269, 0.03, 0.0313, 0.7999, 0.0692, 0.0256, 0.0171], [0.0198, 0.0284, 0.0122, 0.7666, 0.0633, 0.0598, 0.0499], [0.0724, 0.0156, 0.0593, 0.7191, 0.0594, 0.0143, 0.0599], [0.069, 0.0348, 0.0751, 0.7378, 0.0145, 0.0329, 0.0359], [0.0835, 0.0262, 0.0727, 0.736, 0.0197, 0.0387, 0.0231], [0.063, 0.0727, 0.0419, 0.6505, 0.0281, 0.0713, 0.0725], [0.032, 0.0489, 0.0223, 0.7734, 0.0322, 0.0172, 0.0741], [0.0567, 0.0456, 0.0402, 0.7476, 0.0269, 0.066, 0.0171], [0.038, 0.0502, 0.0216, 0.7558, 0.0331, 0.0713, 0.0299], [0.0439, 0.0783, 0.0739, 0.6797, 0.0425, 0.0152, 0.0665], [0.0697, 0.0498, 0.0182, 0.6731, 0.0393, 0.0811, 0.0688], [0.0323, 0.0409, 0.0559, 0.722, 0.0782, 0.0512, 0.0196], [0.0382, 0.0612, 0.0257, 0.7176, 0.0623, 0.0604, 0.0346], [0.0894, 0.0661, 0.0225, 0.6863, 0.0851, 0.0239, 0.0267], [0.0838, 0.0412, 0.0813, 0.6334, 0.0381, 0.043, 0.0792], [0.0996, 0.0188, 0.0272, 0.7192, 0.0184, 0.1, 0.0169], [0.0413, 0.0675, 0.0473, 0.6617, 0.0417, 0.0699, 0.0705], [0.0746, 0.0411, 0.0403, 0.6943, 0.0184, 0.0568, 0.0745], [0.0608, 0.0231, 0.0412, 0.7104, 0.0511, 0.0473, 0.0662], [0.0583, 0.0279, 0.0391, 0.7152, 0.0791, 0.0508, 0.0296], [0.0332, 0.0383, 0.0644, 0.7645, 0.0413, 0.0362, 0.0221], [0.0283, 0.0602, 0.0881, 0.5938, 0.0778, 0.0861, 0.0658], [0.0374, 0.0402, 0.0672, 0.7029, 0.0279, 0.0688, 0.0556], [0.0612, 0.0803, 0.063, 0.5935, 0.0723, 0.0543, 0.0754], [0.0742, 0.0999, 0.0421, 0.6256, 0.0212, 0.0717, 0.0653], [0.0277, 0.0515, 0.0767, 0.6706, 0.0689, 0.0767, 0.0279], [0.0368, 0.0361, 0.0779, 0.685, 0.0688, 0.0412, 0.0542], [0.0483, 0.0129, 0.0332, 0.7969, 0.0165, 0.0782, 0.0139], [0.0358, 0.0768, 0.0509, 0.7359, 0.0264, 0.0295, 0.0448], [0.0392, 0.0148, 0.068, 0.7439, 0.0758, 0.0423, 0.016], [0.0138, 0.0324, 0.037, 0.7392, 0.0518, 0.0813, 0.0445], [0.0775, 0.0636, 0.0619, 0.5996, 0.0842, 0.0499, 0.0634], [0.0535, 0.0532, 0.0694, 0.6857, 0.0292, 0.0534, 0.0554], [0.025, 0.0469, 0.0613, 0.695, 0.0713, 0.0765, 0.0239], [0.0754, 0.0643, 0.0649, 0.6843, 0.0305, 0.0657, 0.0148], [0.0693, 0.079, 0.0616, 0.6224, 0.0746, 0.0376, 0.0555], [0.0498, 0.0251, 0.0713, 0.7033, 0.0434, 0.0523, 0.0549], [0.0214, 0.0785, 0.0753, 0.6346, 0.0804, 0.0875, 0.0222], [0.0158, 0.0608, 0.0594, 0.676, 0.0618, 0.0666, 0.0596], [0.0259, 0.0376, 0.0522, 0.8033, 0.015, 0.0354, 0.0307], [0.071, 0.0759, 0.0202, 0.6572, 0.0662, 0.045, 0.0644], [0.0651, 0.0427, 0.0155, 0.6583, 0.0631, 0.0824, 0.073], [0.0427, 0.016, 0.0198, 0.7344, 0.0787, 0.0438, 0.0646], [0.0426, 0.0254, 0.049, 0.7066, 0.0335, 0.0959, 0.0469], [0.0514, 0.0618, 0.0428, 0.7352, 0.0733, 0.0221, 0.0134]], "emotions": ["green", "green", "green", "green", "green", "green", "green", "green", "green", "green", "green", "green", "green", "green", "green", "green", "green", "green", "green", "green", "green", "green", "green", "green", "green", "green", "green", "green", "green", "green", "green", "green", "green", "green", "green", "green", "green", "green", "green", "green", "green", "green", "green", "green", "green", "green", "green", "green", "green", "green", "green", "green", "green", "green", "green", "green", "green", "green", "green", "green", "green", "green", "green", "green", "green", "green", "green", "green", "green", "green", "green", "green", "green", "green", "green", "green", "green", "green", "green", "green"], "timestamps": [0, 40, 80, 120, 160, 200, 240, 280, 320, 360, 400, 440, 480, 520, 560, 600, 640, 680, 720, 760, 800, 840, 880, 920, 960, 1000, 1040, 1080, 1120, 1160, 1200, 1240, 1280, 1320, 1360, 1400, 1440, 1480, 1520, 1560, 1600, 1640, 1680, 1720, 1760, 1800, 1840, 1880, 1920, 1960, 2000, 2040, 2080, 2120, 2160, 2200, 2240, 2280, 2320, 2360, 2400, 2440, 2480, 2520, 2560, 2600, 2640, 2680, 2720, 2760, 2800, 2840, 2880, 2920, 2960, 3000, 3040, 3080, 3120, 3160]}], "conversation": [], "conversation_timestamps": []}