{"agent_id": "agent-green-1702", "type": "green", "trips": [{"trip_id": 0, "transport_method": "bicycle", "start_time": 0, "path": [[1.5223942, 42.5091001], [1.5222205, 42.5091928], [1.5223461, 42.5092391], [1.5223007, 42.5090376], [1.5220872, 42.5089822], [1.5220934, 42.5088815], [1.5222899, 42.5088126], [1.5220794, 42.5088785], [1.5221104, 42.5088626], [1.5223108, 42.5087698], [1.5224471, 42.5086436], [1.5224149, 42.5084682], [1.5221986, 42.5084239], [1.5219823, 42.5083795], [1.5217721, 42.5083188], [1.5215987, 42.5081822], [1.5214236, 42.5080476], [1.5212486, 42.5079129], [1.5212628, 42.5079029], [1.5214432, 42.5080304], [1.5216135, 42.5081703], [1.5216748, 42.5082547], [1.5214781, 42.5081543], [1.5212814, 42.5080539], [1.5210847, 42.5079536], [1.520888, 42.5078532], [1.5206912, 42.5077529], [1.5204945, 42.5076525], [1.5202978, 42.5075521], [1.5201011, 42.5074518], [1.5198897, 42.5074272], [1.519689, 42.5073623], [1.5194993, 42.5072492], [1.5193047, 42.5071453], [1.5191046, 42.507052], [1.5189472, 42.5069031], [1.518795, 42.5067562], [1.5185845, 42.5066893], [1.5187769, 42.5067505], [1.5187431, 42.5066976], [1.5185613, 42.5065722], [1.5183795, 42.5064468], [1.5181978, 42.5063214], [1.518016, 42.506196], [1.5178306, 42.506078], [1.5176147, 42.5060338], [1.5173969, 42.5059972], [1.517229, 42.5059317], [1.5170134, 42.5058839], [1.5168045, 42.5058148], [1.516608, 42.505714], [1.5164101, 42.5056161], [1.5162121, 42.5055182], [1.5160074, 42.5054358], [1.5157993, 42.5053618], [1.5155895, 42.5052929], [1.5153801, 42.5052227], [1.5152632, 42.5050518], [1.5150836, 42.5049233], [1.5149568, 42.5047492], [1.5148647, 42.5045485], [1.5149533, 42.5047201], [1.5148604, 42.5046274], [1.5147278, 42.5044508], [1.5145953, 42.5042742], [1.5144358, 42.5041215], [1.5142732, 42.5039721], [1.5141071, 42.5038266], [1.5139409, 42.5036811], [1.5137919, 42.5035232], [1.5136385, 42.5033656], [1.5135101, 42.503186], [1.5133835, 42.5030062], [1.5132136, 42.5028678], [1.5130614, 42.5027086], [1.5128898, 42.5025699], [1.5127101, 42.5024416], [1.512528, 42.5023168], [1.5123433, 42.5021957], [1.5121587, 42.5020745]], "mood_vectors": [[0.0489, 0.0778, 0.0643, 0.0518, 0.0648, 0.0581, 0.6343], [0.0327, 0.0351, 0.0513, 0.0228, 0.0529, 0.0157, 0.7894], [0.0419, 0.0523, 0.041, 0.0529, 0.0486, 0.0417, 0.7217], [0.0299, 0.0436, 0.0824, 0.0218, 0.0557, 0.069, 0.6976], [0.0449, 0.0404, 0.0719, 0.0154, 0.0824, 0.0177, 0.7274], [0.063, 0.0158, 0.0548, 0.0563, 0.0659, 0.0788, 0.6654], [0.0577, 0.086, 0.0377, 0.0534, 0.0143, 0.046, 0.705], [0.036, 0.0434, 0.027, 0.0543, 0.0702, 0.0394, 0.7297], [0.0953, 0.065, 0.0634, 0.0147, 0.0645, 0.0933, 0.6039], [0.0204, 0.0571, 0.0415, 0.0809, 0.0242, 0.046, 0.7299], [0.0356, 0.0484, 0.0401, 0.0552, 0.0172, 0.0813, 0.7223], [0.0371, 0.0153, 0.0347, 0.052, 0.0443, 0.0722, 0.7443], [0.0414, 0.0603, 0.074, 0.0786, 0.0201, 0.0849, 0.6405], [0.0711, 0.0417, 0.0517, 0.0759, 0.0695, 0.0591, 0.6309], [0.051, 0.0771, 0.0348, 0.0876, 0.0269, 0.078, 0.6445], [0.0482, 0.069, 0.0555, 0.085, 0.071, 0.0276, 0.6437], [0.0313, 0.0665, 0.0227, 0.0764, 0.0591, 0.0513, 0.6926], [0.0522, 0.0534, 0.0677, 0.0292, 0.0644, 0.0444, 0.6887], [0.0676, 0.0159, 0.0367, 0.0494, 0.0256, 0.092, 0.7129], [0.0718, 0.0932, 0.0173, 0.0859, 0.028, 0.0329, 0.6709], [0.0472, 0.0202, 0.0811, 0.0506, 0.0219, 0.0381, 0.7409], [0.0364, 0.0536, 0.0224, 0.0625, 0.0562, 0.0581, 0.7107], [0.0745, 0.0752, 0.0552, 0.0116, 0.0532, 0.0673, 0.663], [0.048, 0.0411, 0.0152, 0.073, 0.0169, 0.0374, 0.7683], [0.0967, 0.0496, 0.0577, 0.0296, 0.044, 0.0607, 0.6617], [0.0558, 0.0236, 0.0853, 0.0596, 0.0205, 0.0329, 0.7223], [0.0164, 0.0546, 0.0509, 0.0423, 0.0436, 0.0498, 0.7423], [0.0894, 0.0892, 0.0514, 0.0274, 0.0818, 0.0887, 0.5723], [0.078, 0.0449, 0.0532, 0.0327, 0.0272, 0.0402, 0.7238], [0.0174, 0.0682, 0.049, 0.0841, 0.0462, 0.0822, 0.6529], [0.0521, 0.0573, 0.0335, 0.0729, 0.0595, 0.067, 0.6577], [0.0154, 0.0182, 0.0207, 0.0631, 0.08, 0.044, 0.7587], [0.0562, 0.0211, 0.0555, 0.0354, 0.028, 0.0503, 0.7535], [0.038, 0.0291, 0.039, 0.0691, 0.0531, 0.0586, 0.7131], [0.0503, 0.0477, 0.0581, 0.0737, 0.0342, 0.0398, 0.6963], [0.0305, 0.0814, 0.0389, 0.0197, 0.0178, 0.0523, 0.7594], [0.0268, 0.0302, 0.0158, 0.0405, 0.0557, 0.0617, 0.7694], [0.0608, 0.0612, 0.067, 0.0772, 0.0551, 0.0397, 0.6391], [0.0265, 0.0496, 0.0515, 0.069, 0.0149, 0.0275, 0.7612], [0.0551, 0.0944, 0.0175, 0.0836, 0.0165, 0.0403, 0.6927], [0.0347, 0.0257, 0.0604, 0.0815, 0.0771, 0.0168, 0.7038], [0.063, 0.0701, 0.0455, 0.0803, 0.0581, 0.0505, 0.6325], [0.0354, 0.0195, 0.0314, 0.0795, 0.0742, 0.0194, 0.7406], [0.0508, 0.0686, 0.0675, 0.0577, 0.0201, 0.0123, 0.7231], [0.0768, 0.0714, 0.0783, 0.0431, 0.0288, 0.017, 0.6845], [0.0631, 0.012, 0.0592, 0.0685, 0.0125, 0.0642, 0.7203], [0.0225, 0.0658, 0.0111, 0.0463, 0.0688, 0.0646, 0.7208], [0.0713, 0.0611, 0.0175, 0.0299, 0.0776, 0.0476, 0.6949], [0.0212, 0.047, 0.046, 0.0879, 0.0444, 0.087, 0.6666], [0.0376, 0.0695, 0.0315, 0.0209, 0.0824, 0.0526, 0.7055], [0.0562, 0.0429, 0.0221, 0.0581, 0.0318, 0.0655, 0.7235], [0.0627, 0.0328, 0.0901, 0.0301, 0.0262, 0.0295, 0.7286], [0.0867, 0.0883, 0.0204, 0.0277, 0.0864, 0.0388, 0.6517], [0.0713, 0.0753, 0.0623, 0.0634, 0.0572, 0.0514, 0.6191], [0.0678, 0.0193, 0.028, 0.0756, 0.0417, 0.0311, 0.7364], [0.0703, 0.055, 0.0404, 0.0195, 0.0137, 0.0242, 0.7769], [0.0269, 0.0741, 0.0338, 0.0246, 0.0575, 0.0762, 0.707], [0.059, 0.0651, 0.0193, 0.0271, 0.0917, 0.0315, 0.7064], [0.0465, 0.0428, 0.0319, 0.0237, 0.064, 0.0621, 0.7289], [0.0278, 0.0813, 0.0378, 0.0755, 0.0261, 0.0806, 0.6709], [0.039, 0.0312, 0.0352, 0.043, 0.0252, 0.0234, 0.803], [0.0147, 0.0216, 0.0377, 0.0281, 0.0524, 0.0431, 0.8025], [0.0498, 0.035, 0.0263, 0.0715, 0.0666, 0.0405, 0.7104], [0.051, 0.0833, 0.0612, 0.0861, 0.0329, 0.0187, 0.6669], [0.0785, 0.0816, 0.0357, 0.037, 0.0524, 0.019, 0.6957], [0.0454, 0.0556, 0.0211, 0.0611, 0.0673, 0.0655, 0.6841], [0.0681, 0.0786, 0.0904, 0.0677, 0.0394, 0.0511, 0.6048], [0.0425, 0.0734, 0.0454, 0.0793, 0.0757, 0.0212, 0.6625], [0.0295, 0.0596, 0.0727, 0.0577, 0.0404, 0.0344, 0.7058], [0.0751, 0.043, 0.0429, 0.0257, 0.0643, 0.0598, 0.6893], [0.0799, 0.0259, 0.0476, 0.0579, 0.0313, 0.0806, 0.6768], [0.0377, 0.0512, 0.0441, 0.0695, 0.0849, 0.0218, 0.6908], [0.0818, 0.0207, 0.0223, 0.0853, 0.0242, 0.086, 0.6798], [0.0342, 0.038, 0.0729, 0.0429, 0.0538, 0.0282, 0.7299], [0.0565, 0.0152, 0.0392, 0.066, 0.0804, 0.0542, 0.6884], [0.0417, 0.0564, 0.08, 0.0537, 0.047, 0.0694, 0.6517], [0.0607, 0.0679, 0.0509, 0.0691, 0.0266, 0.0573, 0.6675], [0.0229, 0.0561, 0.039, 0.0438, 0.0636, 0.0502, 0.7245], [0.0389, 0.0234, 0.0573, 0.0408, 0.0927, 0.0916, 0.6554], [0.0428, 0.0601, 0.0849, 0.0717, 0.0763, 0.0321, 0.6322]], "emotions": ["purple", "purple", "purple", "purple", "purple", "purple", "purple", "purple", "purple", "purple", "purple", "purple", "purple", "purple", "purple", "purple", "purple", "purple", "purple", "purple", "purple", "purple", "purple", "purple", "purple", "purple", "purple", "purple", "purple", "purple", "purple", "purple", "purple", "purple", "purple", "purple", "purple", "purple", "purple", "purple", "purple", "purple", "purple", "purple", "purple", "purple", "purple", "purple", "purple", "purple", "purple", "purple", "purple", "purple", "purple", "purple", "purple", "purple", "purple", "purple", "purple", "purple", "purple", "purple", "purple", "purple", "purple", "purple", "purple", "purple", "purple", "purple", "purple", "purple", "purple", "purple", "purple", "purple", "purple", "purple"], "timestamps": [0, 40, 80, 120, 160, 200, 240, 280, 320, 360, 400, 440, 480, 520, 560, 600, 640, 680, 720, 760, 800, 840, 880, 920, 960, 1000, 1040, 1080, 1120, 1160, 1200, 1240, 1280, 1320, 1360, 1400, 1440, 1480, 1520, 1560, 1600, 1640, 1680, 1720, 1760, 1800, 1840, 1880, 1920, 1960, 2000, 2040, 2080, 2120, 2160, 2200, 2240, 2280, 2320, 2360, 2400, 2440, 2480, 2520, 2560, 2600, 2640, 2680, 2720, 2760, 2800, 2840, 2880, 2920, 2960, 3000, 3040, 3080, 3120, 3160]}], "conversation": [], "conversation_timestamps": []}