{"agent_id": "agent-orange-1248", "type": "orange", "trips": [{"trip_id": 0, "transport_method": "foot", "start_time": 0, "path": [[1.5792728, 42.5347653], [1.579933, 42.5342618], [1.580647, 42.5339157], [1.5814298, 42.5340877], [1.5821682, 42.5344793], [1.5826928, 42.5351238], [1.5834836, 42.5351655], [1.584274, 42.5350516], [1.5850556, 42.5353451], [1.5858213, 42.5353991], [1.5866188, 42.5354668], [1.5874359, 42.5354006], [1.5882335, 42.5353298], [1.5886472, 42.5360354], [1.5890826, 42.5367402], [1.589787, 42.5371401], [1.5905484, 42.5374904], [1.5912938, 42.5378711], [1.5917789, 42.5385299], [1.5918392, 42.5393655], [1.5919669, 42.5401867], [1.5923994, 42.5408877], [1.5919709, 42.5415673], [1.5916242, 42.5423048], [1.5915994, 42.5431384], [1.5918765, 42.543926], [1.5917573, 42.5447367], [1.5914365, 42.5455091], [1.5915384, 42.5463263], [1.5917195, 42.5468082], [1.5918544, 42.5470823], [1.5922902, 42.5477493], [1.5923255, 42.548542], [1.592169, 42.5493114], [1.5920045, 42.5501295], [1.5917339, 42.5509213], [1.5916907, 42.5517519], [1.5913276, 42.5524931], [1.5912356, 42.5525919], [1.5911309, 42.5527544], [1.5906019, 42.5534019], [1.590878, 42.553016], [1.5904685, 42.5537474], [1.5909099, 42.5542217], [1.5913391, 42.5548176], [1.5915035, 42.5556335], [1.5917146, 42.5564299], [1.591656, 42.5571853], [1.5922479, 42.5576632], [1.5930044, 42.5579976], [1.5933637, 42.5586449], [1.5936019, 42.5593643], [1.5938145, 42.5601145], [1.5937272, 42.560551], [1.5937921, 42.5603004], [1.593716, 42.5611276], [1.5935913, 42.5618917], [1.5940013, 42.5624331], [1.5946503, 42.5629636], [1.5952993, 42.5634941], [1.5959483, 42.5640246], [1.5965431, 42.5645245], [1.5957515, 42.564249], [1.5949481, 42.564012], [1.5942166, 42.5636232], [1.5936785, 42.5629825], [1.5933446, 42.5622209], [1.5939069, 42.5623219], [1.5945813, 42.5628198], [1.5952556, 42.5633177], [1.59593, 42.5638156], [1.5966043, 42.5643135], [1.5973557, 42.5644991], [1.5981664, 42.5644519], [1.5988015, 42.5649925], [1.5992415, 42.5657037], [1.599828, 42.5660814], [1.5999779, 42.5667158], [1.6006648, 42.5666426], [1.6011847, 42.5670443]], "mood_vectors": [[0.0259, 0.0398, 0.0821, 0.0718, 0.6088, 0.0908, 0.0807], [0.0292, 0.041, 0.056, 0.0266, 0.7111, 0.0448, 0.0913], [0.0279, 0.0223, 0.0543, 0.0582, 0.6993, 0.0674, 0.0706], [0.0253, 0.0597, 0.0606, 0.0273, 0.7541, 0.0534, 0.0196], [0.0404, 0.0789, 0.0808, 0.0824, 0.6567, 0.023, 0.0379], [0.0357, 0.0335, 0.051, 0.0756, 0.7634, 0.0154, 0.0253], [0.0835, 0.0479, 0.049, 0.0566, 0.7146, 0.0317, 0.0167], [0.0231, 0.0682, 0.076, 0.0867, 0.6808, 0.0226, 0.0426], [0.0591, 0.0739, 0.0233, 0.0755, 0.6915, 0.0306, 0.0463], [0.0385, 0.059, 0.0206, 0.0464, 0.749, 0.0497, 0.0369], [0.0304, 0.095, 0.0928, 0.0494, 0.6547, 0.0144, 0.0633], [0.0887, 0.0254, 0.0643, 0.0578, 0.7161, 0.0147, 0.0331], [0.0424, 0.0419, 0.0505, 0.0752, 0.6274, 0.076, 0.0866], [0.081, 0.0296, 0.0864, 0.0632, 0.6253, 0.0783, 0.0363], [0.087, 0.0367, 0.0558, 0.0544, 0.6672, 0.018, 0.081], [0.0553, 0.0353, 0.0815, 0.0219, 0.7272, 0.0346, 0.0442], [0.0817, 0.0473, 0.0245, 0.0809, 0.6637, 0.0448, 0.0571], [0.0263, 0.0272, 0.0851, 0.0782, 0.6486, 0.0885, 0.046], [0.0545, 0.0486, 0.0601, 0.0607, 0.6584, 0.0275, 0.0902], [0.0275, 0.0229, 0.0286, 0.0785, 0.7625, 0.0501, 0.0298], [0.0516, 0.0501, 0.091, 0.0409, 0.6394, 0.0945, 0.0325], [0.085, 0.0393, 0.0235, 0.0749, 0.6969, 0.021, 0.0595], [0.079, 0.0154, 0.0596, 0.0232, 0.7073, 0.0686, 0.0468], [0.0792, 0.0159, 0.0622, 0.0264, 0.7007, 0.0367, 0.0789], [0.0549, 0.0612, 0.0743, 0.0174, 0.7152, 0.0611, 0.0159], [0.0374, 0.0663, 0.0822, 0.0747, 0.6414, 0.0141, 0.0839], [0.048, 0.0446, 0.0538, 0.0507, 0.7198, 0.0524, 0.0306], [0.0168, 0.0318, 0.0195, 0.0949, 0.7505, 0.0665, 0.0199], [0.0751, 0.0352, 0.0303, 0.0494, 0.7268, 0.0386, 0.0446], [0.0324, 0.0331, 0.089, 0.0928, 0.6814, 0.0544, 0.0169], [0.0886, 0.0324, 0.0484, 0.0882, 0.6202, 0.0861, 0.0361], [0.0174, 0.0334, 0.0513, 0.0243, 0.7572, 0.0755, 0.0409], [0.0353, 0.019, 0.0134, 0.079, 0.7694, 0.0345, 0.0495], [0.0703, 0.042, 0.0252, 0.0757, 0.6649, 0.0505, 0.0714], [0.084, 0.0667, 0.0429, 0.0661, 0.6316, 0.089, 0.0197], [0.019, 0.0762, 0.0495, 0.0817, 0.698, 0.0256, 0.0499], [0.0624, 0.071, 0.0483, 0.0345, 0.7162, 0.0184, 0.0493], [0.0564, 0.0306, 0.0371, 0.0173, 0.7863, 0.0503, 0.0221], [0.0467, 0.0575, 0.079, 0.0388, 0.6826, 0.0548, 0.0406], [0.0659, 0.0551, 0.0476, 0.0178, 0.6834, 0.0705, 0.0598], [0.0284, 0.0155, 0.0474, 0.0717, 0.7391, 0.0241, 0.0739], [0.0643, 0.0767, 0.025, 0.0316, 0.7356, 0.0179, 0.0489], [0.0703, 0.0552, 0.0916, 0.0601, 0.6013, 0.09, 0.0314], [0.0438, 0.075, 0.0496, 0.0352, 0.7052, 0.0668, 0.0244], [0.0217, 0.0216, 0.0527, 0.0406, 0.7284, 0.0513, 0.0836], [0.0642, 0.0504, 0.0215, 0.0261, 0.6872, 0.0751, 0.0755], [0.0321, 0.0631, 0.0157, 0.0714, 0.7274, 0.0512, 0.0391], [0.0696, 0.0459, 0.0327, 0.0741, 0.7087, 0.0528, 0.016], [0.0715, 0.0427, 0.0464, 0.0754, 0.6063, 0.0848, 0.0728], [0.0313, 0.0353, 0.0556, 0.048, 0.7782, 0.0364, 0.0151], [0.0484, 0.0414, 0.0319, 0.0937, 0.683, 0.0741, 0.0275], [0.0794, 0.0195, 0.0903, 0.0414, 0.6711, 0.0449, 0.0534], [0.0524, 0.0275, 0.0146, 0.0697, 0.707, 0.0438, 0.0849], [0.02, 0.0267, 0.0237, 0.0274, 0.7999, 0.0479, 0.0544], [0.0623, 0.059, 0.0493, 0.0709, 0.6791, 0.0554, 0.024], [0.0289, 0.0498, 0.0561, 0.0771, 0.7026, 0.0626, 0.023], [0.0737, 0.0758, 0.0331, 0.0139, 0.6824, 0.0734, 0.0478], [0.0792, 0.0289, 0.0147, 0.0542, 0.73, 0.021, 0.072], [0.0224, 0.0566, 0.0739, 0.0196, 0.7407, 0.0589, 0.0278], [0.0578, 0.0869, 0.0909, 0.0566, 0.6557, 0.0341, 0.018], [0.0435, 0.0561, 0.0573, 0.0395, 0.7252, 0.0436, 0.0348], [0.0404, 0.0412, 0.0712, 0.015, 0.7143, 0.0485, 0.0693], [0.0377, 0.0662, 0.039, 0.0677, 0.688, 0.0389, 0.0625], [0.0569, 0.0365, 0.0716, 0.0288, 0.6951, 0.0682, 0.0429], [0.029, 0.0329, 0.0446, 0.0289, 0.7606, 0.0779, 0.0261], [0.0111, 0.0634, 0.0767, 0.0325, 0.7684, 0.0166, 0.0314], [0.0293, 0.0175, 0.0225, 0.082, 0.7194, 0.0521, 0.0772], [0.0795, 0.0467, 0.0214, 0.0258, 0.7204, 0.0477, 0.0584], [0.067, 0.0703, 0.0368, 0.0488, 0.6557, 0.074, 0.0473], [0.0396, 0.0835, 0.0329, 0.0469, 0.707, 0.0227, 0.0673], [0.0945, 0.0888, 0.0205, 0.0497, 0.653, 0.0366, 0.0569], [0.0983, 0.0285, 0.0438, 0.0624, 0.6555, 0.0416, 0.0699], [0.067, 0.0331, 0.0804, 0.0381, 0.6775, 0.0313, 0.0725], [0.0693, 0.0348, 0.0692, 0.0121, 0.7316, 0.0712, 0.0117], [0.0362, 0.0474, 0.0711, 0.0759, 0.6852, 0.0487, 0.0355], [0.0122, 0.0637, 0.0554, 0.0765, 0.6582, 0.0701, 0.064], [0.0177, 0.0143, 0.0239, 0.0517, 0.7911, 0.0608, 0.0406], [0.055, 0.0546, 0.0567, 0.0237, 0.6743, 0.0705, 0.0651], [0.0315, 0.0547, 0.0758, 0.0597, 0.641, 0.07, 0.0673], [0.064, 0.0525, 0.0251, 0.0342, 0.76, 0.0271, 0.0371]], "emotions": ["red", "red", "red", "red", "red", "red", "red", "red", "red", "red", "red", "red", "red", "red", "red", "red", "red", "red", "red", "red", "red", "red", "red", "red", "red", "red", "red", "red", "red", "red", "red", "red", "red", "red", "red", "red", "red", "red", "red", "red", "red", "red", "red", "red", "red", "red", "red", "red", "red", "red", "red", "red", "red", "red", "red", "red", "red", "red", "red", "red", "red", "red", "red", "red", "red", "red", "red", "red", "red", "red", "red", "red", "red", "red", "red", "red", "red", "red", "red", "red"], "timestamps": [0, 40, 80, 120, 160, 200, 240, 280, 320, 360, 400, 440, 480, 520, 560, 600, 640, 680, 720, 760, 800, 840, 880, 920, 960, 1000, 1040, 1080, 1120, 1160, 1200, 1240, 1280, 1320, 1360, 1400, 1440, 1480, 1520, 1560, 1600, 1640, 1680, 1720, 1760, 1800, 1840, 1880, 1920, 1960, 2000, 2040, 2080, 2120, 2160, 2200, 2240, 2280, 2320, 2360, 2400, 2440, 2480, 2520, 2560, 2600, 2640, 2680, 2720, 2760, 2800, 2840, 2880, 2920, 2960, 3000, 3040, 3080, 3120, 3160]}], "conversation": [], "conversation_timestamps": []}