{"agent_id": "agent-purple-1809", "type": "purple", "trips": [{"trip_id": 0, "transport_method": "bicycle", "start_time": 0, "path": [[1.5362108, 42.6089479], [1.5363243, 42.6073516], [1.5353124, 42.6063082], [1.5351976, 42.6058633], [1.5353084, 42.6056643], [1.5350423, 42.6040131], [1.5343072, 42.6025025], [1.5334134, 42.6011191], [1.531972, 42.6002208], [1.5308728, 42.5989714], [1.5293014, 42.5983021], [1.5286044, 42.5977656], [1.5273751, 42.5965704], [1.5265143, 42.5953445], [1.5265349, 42.5938561], [1.5253189, 42.5927972], [1.524901, 42.5911597], [1.5240631, 42.5896676], [1.5228737, 42.5884334], [1.5214943, 42.587423], [1.5211548, 42.585833], [1.5201927, 42.5844308], [1.5193188, 42.5830277], [1.5189676, 42.5813495], [1.5186831, 42.5796555], [1.5188001, 42.5787433], [1.5192081, 42.5803572], [1.519098, 42.5820047], [1.5186264, 42.5808065], [1.5180671, 42.5791824], [1.5175624, 42.5776381], [1.5184201, 42.5769173], [1.5180344, 42.5766586], [1.5178023, 42.5769288], [1.5184688, 42.5756592], [1.518548, 42.5742393], [1.5188793, 42.572783], [1.5194452, 42.5722052], [1.5207216, 42.5710729], [1.5211056, 42.5694226], [1.5220895, 42.5680795], [1.5233622, 42.5670164], [1.5241868, 42.5655232], [1.5253893, 42.5643136], [1.5267957, 42.5634139], [1.5280081, 42.5625705], [1.5289453, 42.5612446], [1.5302336, 42.5601159], [1.5314833, 42.5589374], [1.5309114, 42.5597682], [1.5297135, 42.5608669], [1.5300849, 42.5602614], [1.5313384, 42.5590869], [1.5318982, 42.557797], [1.5305006, 42.5568256], [1.5293104, 42.5557893], [1.5281503, 42.5546051], [1.5270948, 42.5533438], [1.5264193, 42.551813], [1.5262223, 42.5508858], [1.5249574, 42.5497808], [1.523438, 42.549082], [1.5221182, 42.5480064], [1.5212509, 42.5465754], [1.5198541, 42.5456088], [1.5183819, 42.5449094], [1.5176281, 42.5445539], [1.5171179, 42.5445431], [1.5154417, 42.5448425], [1.5157949, 42.5436464], [1.5151686, 42.5425991], [1.5157305, 42.5411906], [1.5165274, 42.5397201], [1.5163053, 42.5380576], [1.5163715, 42.536991], [1.5162918, 42.5361027], [1.5157065, 42.534526], [1.5148371, 42.5331592], [1.5144673, 42.5316905], [1.5149677, 42.5319657]], "mood_vectors": [[0.056, 0.0317, 0.0744, 0.0733, 0.0407, 0.6604, 0.0635], [0.0544, 0.0487, 0.0527, 0.0294, 0.0327, 0.7038, 0.0784], [0.0327, 0.0656, 0.0401, 0.0816, 0.0705, 0.6743, 0.0353], [0.0482, 0.0379, 0.072, 0.0199, 0.0718, 0.7051, 0.0452], [0.0506, 0.0796, 0.0257, 0.0209, 0.024, 0.7866, 0.0125], [0.0379, 0.0757, 0.0803, 0.0699, 0.0882, 0.6232, 0.0248], [0.0123, 0.0495, 0.0349, 0.0754, 0.0746, 0.724, 0.0292], [0.033, 0.0436, 0.0232, 0.0777, 0.0356, 0.7593, 0.0275], [0.0327, 0.0655, 0.0423, 0.0557, 0.0127, 0.7349, 0.0563], [0.0487, 0.0264, 0.0889, 0.0685, 0.0197, 0.6847, 0.0631], [0.0573, 0.0846, 0.0367, 0.0133, 0.036, 0.7362, 0.0359], [0.096, 0.0166, 0.0954, 0.0783, 0.0649, 0.6113, 0.0375], [0.0735, 0.0545, 0.0646, 0.04, 0.0139, 0.7264, 0.0271], [0.0628, 0.0202, 0.0669, 0.0723, 0.0652, 0.6401, 0.0726], [0.0151, 0.0459, 0.0721, 0.0416, 0.029, 0.745, 0.0512], [0.081, 0.0711, 0.0354, 0.0193, 0.0159, 0.7102, 0.0672], [0.041, 0.0234, 0.0537, 0.0725, 0.0319, 0.7215, 0.056], [0.0672, 0.0638, 0.0202, 0.0575, 0.0124, 0.7286, 0.0503], [0.0475, 0.0551, 0.0663, 0.0351, 0.062, 0.6874, 0.0468], [0.0645, 0.0812, 0.0651, 0.0658, 0.0197, 0.6817, 0.022], [0.0665, 0.0269, 0.0371, 0.0955, 0.0705, 0.6469, 0.0566], [0.0748, 0.0929, 0.035, 0.0238, 0.0828, 0.6038, 0.0869], [0.0353, 0.0661, 0.0589, 0.0194, 0.0209, 0.7561, 0.0434], [0.0279, 0.0519, 0.0223, 0.0597, 0.0531, 0.7642, 0.021], [0.0634, 0.0271, 0.0331, 0.0567, 0.0224, 0.7227, 0.0747], [0.0349, 0.063, 0.0465, 0.0243, 0.038, 0.7512, 0.0421], [0.072, 0.052, 0.0542, 0.018, 0.0467, 0.7293, 0.0277], [0.0306, 0.0642, 0.0347, 0.0444, 0.0338, 0.7185, 0.0739], [0.0514, 0.091, 0.0173, 0.0779, 0.0324, 0.6756, 0.0544], [0.0658, 0.0554, 0.0407, 0.0522, 0.0184, 0.7385, 0.029], [0.0832, 0.0731, 0.0292, 0.0523, 0.0581, 0.6407, 0.0633], [0.0822, 0.0715, 0.0571, 0.0652, 0.0663, 0.5803, 0.0775], [0.0413, 0.0749, 0.0404, 0.0502, 0.0732, 0.6553, 0.0646], [0.0612, 0.0413, 0.0294, 0.0562, 0.0342, 0.7453, 0.0324], [0.0304, 0.0376, 0.0182, 0.0496, 0.0451, 0.7649, 0.0541], [0.0647, 0.0273, 0.0588, 0.0643, 0.0244, 0.7407, 0.0196], [0.0155, 0.0625, 0.0383, 0.0653, 0.0344, 0.7067, 0.0775], [0.0706, 0.0603, 0.0492, 0.031, 0.0184, 0.7102, 0.0601], [0.0487, 0.0364, 0.044, 0.0162, 0.0273, 0.8098, 0.0176], [0.0423, 0.0343, 0.0529, 0.0567, 0.0635, 0.6919, 0.0585], [0.0845, 0.072, 0.0327, 0.0223, 0.0694, 0.703, 0.016], [0.0871, 0.0758, 0.0883, 0.019, 0.0357, 0.6648, 0.0292], [0.026, 0.0242, 0.0366, 0.0806, 0.0779, 0.7311, 0.0235], [0.0332, 0.0345, 0.0297, 0.0443, 0.073, 0.7376, 0.0476], [0.0767, 0.0216, 0.0145, 0.074, 0.0477, 0.7383, 0.0271], [0.0811, 0.0494, 0.0382, 0.0176, 0.065, 0.6756, 0.0731], [0.0634, 0.0688, 0.0181, 0.0209, 0.0171, 0.7284, 0.0833], [0.0225, 0.0581, 0.046, 0.0783, 0.0521, 0.6928, 0.0502], [0.0672, 0.0363, 0.0403, 0.0558, 0.072, 0.7015, 0.0269], [0.0445, 0.047, 0.0721, 0.0801, 0.0481, 0.6878, 0.0205], [0.0408, 0.0175, 0.0349, 0.0174, 0.044, 0.7589, 0.0866], [0.0689, 0.0331, 0.0814, 0.0637, 0.0381, 0.6555, 0.0594], [0.0438, 0.0815, 0.0793, 0.085, 0.0725, 0.6199, 0.0181], [0.0561, 0.06, 0.0366, 0.0415, 0.0694, 0.7196, 0.0168], [0.059, 0.0481, 0.0149, 0.0421, 0.0165, 0.7586, 0.0608], [0.0564, 0.0648, 0.0541, 0.0654, 0.0858, 0.6211, 0.0523], [0.0649, 0.0335, 0.0513, 0.0398, 0.0316, 0.7655, 0.0134], [0.0363, 0.0172, 0.0223, 0.0587, 0.0524, 0.7563, 0.0568], [0.0261, 0.0244, 0.0727, 0.0778, 0.0509, 0.6656, 0.0826], [0.0142, 0.067, 0.0352, 0.0785, 0.0882, 0.687, 0.0299], [0.0598, 0.0389, 0.0739, 0.0193, 0.0348, 0.7491, 0.0243], [0.0313, 0.0587, 0.061, 0.0763, 0.0527, 0.6892, 0.0308], [0.0693, 0.0333, 0.0735, 0.0494, 0.0231, 0.6912, 0.0601], [0.066, 0.0157, 0.0306, 0.06, 0.0421, 0.7139, 0.0717], [0.0224, 0.0218, 0.072, 0.0553, 0.0232, 0.775, 0.0303], [0.0768, 0.0514, 0.0586, 0.0125, 0.0317, 0.7308, 0.0382], [0.02, 0.0667, 0.0786, 0.0732, 0.0492, 0.6269, 0.0854], [0.0397, 0.0408, 0.0477, 0.0339, 0.0525, 0.7116, 0.0737], [0.0699, 0.0426, 0.0467, 0.0853, 0.0818, 0.6531, 0.0205], [0.0293, 0.0471, 0.0296, 0.0182, 0.0781, 0.7573, 0.0405], [0.02, 0.0791, 0.08, 0.0852, 0.0448, 0.6302, 0.0608], [0.0283, 0.019, 0.0512, 0.0215, 0.0618, 0.7314, 0.0867], [0.0441, 0.0753, 0.0217, 0.0504, 0.0421, 0.7277, 0.0387], [0.0787, 0.04, 0.0576, 0.0706, 0.0539, 0.6782, 0.021], [0.0832, 0.0606, 0.0959, 0.086, 0.0268, 0.6271, 0.0204], [0.0608, 0.0252, 0.0371, 0.0252, 0.0382, 0.7763, 0.0372], [0.0667, 0.0146, 0.0994, 0.0282, 0.0236, 0.7215, 0.046], [0.0419, 0.0195, 0.0523, 0.0258, 0.0126, 0.825, 0.0228], [0.0749, 0.0134, 0.0688, 0.0521, 0.0328, 0.6906, 0.0674], [0.051, 0.0749, 0.0625, 0.0408, 0.0154, 0.6816, 0.0738]], "emotions": ["purple", "purple", "purple", "purple", "purple", "purple", "purple", "purple", "purple", "purple", "purple", "purple", "purple", "purple", "purple", "purple", "purple", "purple", "purple", "purple", "purple", "purple", "purple", "purple", "purple", "purple", "purple", "purple", "purple", "purple", "purple", "purple", "purple", "purple", "purple", "purple", "purple", "purple", "purple", "purple", "purple", "purple", "purple", "purple", "purple", "purple", "purple", "purple", "purple", "purple", "purple", "purple", "purple", "purple", "purple", "purple", "purple", "purple", "purple", "purple", "purple", "purple", "purple", "purple", "purple", "purple", "purple", "purple", "purple", "purple", "purple", "purple", "purple", "purple", "purple", "purple", "purple", "purple", "purple", "purple"], "timestamps": [0, 40, 80, 120, 160, 200, 240, 280, 320, 360, 400, 440, 480, 520, 560, 600, 640, 680, 720, 760, 800, 840, 880, 920, 960, 1000, 1040, 1080, 1120, 1160, 1200, 1240, 1280, 1320, 1360, 1400, 1440, 1480, 1520, 1560, 1600, 1640, 1680, 1720, 1760, 1800, 1840, 1880, 1920, 1960, 2000, 2040, 2080, 2120, 2160, 2200, 2240, 2280, 2320, 2360, 2400, 2440, 2480, 2520, 2560, 2600, 2640, 2680, 2720, 2760, 2800, 2840, 2880, 2920, 2960, 3000, 3040, 3080, 3120, 3160]}], "conversation": [], "conversation_timestamps": []}