{"agent_id": "agent-blue-1825", "type": "blue", "trips": [{"trip_id": 0, "transport_method": "foot", "start_time": 0, "path": [[1.5225148, 42.5075098], [1.5228979, 42.507684], [1.5233094, 42.507792], [1.5237316, 42.507787], [1.5241566, 42.5077734], [1.5245768, 42.5078352], [1.5249867, 42.5079485], [1.5253955, 42.5080663], [1.5257967, 42.5082032], [1.5262149, 42.5082782], [1.5266351, 42.508343], [1.5270601, 42.5083595], [1.5274851, 42.5083727], [1.5278813, 42.5085258], [1.5282705, 42.5086975], [1.5286687, 42.5088396], [1.5290844, 42.5089304], [1.5288919, 42.508883], [1.5292004, 42.5089689], [1.5296135, 42.5090707], [1.5300216, 42.50919], [1.5304237, 42.5093291], [1.5308258, 42.5093867], [1.5312244, 42.5095354], [1.531622, 42.5096867], [1.5320239, 42.509826], [1.5324217, 42.5099306], [1.5328435, 42.5099771], [1.533267, 42.5100181], [1.5336227, 42.5098755], [1.5340455, 42.5099226], [1.5344697, 42.5099179], [1.5348947, 42.5099075], [1.5353195, 42.509899], [1.535744, 42.5099272], [1.5361688, 42.5099515], [1.5365844, 42.5100298], [1.5370076, 42.5100328], [1.5374328, 42.5100279], [1.537858, 42.5100413], [1.5382833, 42.5100526], [1.5387086, 42.5100641], [1.5390753, 42.5102685], [1.5394389, 42.5100985], [1.5398301, 42.5099329], [1.5401646, 42.5096774], [1.540555, 42.5095156], [1.5408838, 42.5092719], [1.5412947, 42.5091632], [1.5416979, 42.5090643], [1.5420577, 42.5088869], [1.5421112, 42.5088964], [1.5421436, 42.5088935], [1.5425687, 42.5089127], [1.5429918, 42.5089511], [1.5434122, 42.5090165], [1.5438089, 42.5091594], [1.5442111, 42.5092961], [1.5446362, 42.509314], [1.545061, 42.509338], [1.545473, 42.5093103], [1.5458496, 42.5091124], [1.5462263, 42.5089145], [1.5466029, 42.5087165], [1.5469795, 42.5085186], [1.5471639, 42.5085361], [1.5468717, 42.5088427], [1.5464998, 42.5090294], [1.5461148, 42.5091975], [1.5457193, 42.5092859], [1.5454283, 42.5093338], [1.5458049, 42.5091358], [1.5461814, 42.5089377], [1.546558, 42.5087397], [1.5469345, 42.5085416], [1.5473102, 42.5083591], [1.5475916, 42.5086699], [1.5478206, 42.5090282], [1.5480641, 42.5091054], [1.5479868, 42.5087211]], "mood_vectors": [[0.0568, 0.0882, 0.0494, 0.6968, 0.0661, 0.0201, 0.0225], [0.0214, 0.0683, 0.0594, 0.7133, 0.0266, 0.0632, 0.0479], [0.0847, 0.0506, 0.0843, 0.597, 0.0686, 0.0646, 0.0503], [0.0142, 0.0523, 0.0255, 0.7257, 0.0852, 0.0145, 0.0826], [0.0559, 0.0331, 0.038, 0.7615, 0.018, 0.0398, 0.0537], [0.022, 0.0257, 0.061, 0.7157, 0.0622, 0.0463, 0.0672], [0.0215, 0.0371, 0.0391, 0.6957, 0.0768, 0.0675, 0.0622], [0.0669, 0.0568, 0.085, 0.609, 0.0237, 0.0939, 0.0647], [0.0689, 0.0729, 0.0136, 0.6157, 0.0641, 0.0876, 0.0773], [0.0607, 0.0743, 0.0837, 0.5905, 0.0676, 0.0598, 0.0636], [0.0232, 0.0312, 0.0559, 0.7404, 0.0322, 0.0416, 0.0755], [0.0539, 0.0361, 0.0345, 0.7241, 0.0545, 0.0521, 0.0448], [0.0455, 0.023, 0.0728, 0.7073, 0.0556, 0.0168, 0.079], [0.0148, 0.0605, 0.0371, 0.7371, 0.0561, 0.0495, 0.0449], [0.0342, 0.0728, 0.0632, 0.6241, 0.0683, 0.0634, 0.0739], [0.0731, 0.0373, 0.0586, 0.7013, 0.0473, 0.0382, 0.0442], [0.0824, 0.038, 0.0638, 0.6578, 0.0139, 0.0668, 0.0773], [0.069, 0.057, 0.0314, 0.7174, 0.0714, 0.0408, 0.013], [0.0768, 0.0194, 0.0359, 0.7414, 0.0221, 0.0594, 0.0451], [0.0326, 0.0417, 0.0685, 0.719, 0.0368, 0.0626, 0.0388], [0.0437, 0.0458, 0.064, 0.7128, 0.0573, 0.0563, 0.0201], [0.041, 0.0595, 0.0353, 0.7673, 0.0479, 0.0179, 0.0313], [0.0336, 0.0721, 0.0652, 0.7239, 0.044, 0.0246, 0.0365], [0.083, 0.0604, 0.0207, 0.6561, 0.0724, 0.0505, 0.0569], [0.0797, 0.0783, 0.0452, 0.6098, 0.0504, 0.0579, 0.0787], [0.0155, 0.0138, 0.0535, 0.7214, 0.0634, 0.0718, 0.0606], [0.0398, 0.0322, 0.0635, 0.7794, 0.0299, 0.0254, 0.03], [0.0573, 0.0276, 0.0635, 0.679, 0.0376, 0.055, 0.0801], [0.0602, 0.0687, 0.0837, 0.6241, 0.0588, 0.0153, 0.0892], [0.0247, 0.0873, 0.0173, 0.776, 0.0301, 0.0453, 0.0193], [0.0352, 0.0476, 0.0462, 0.7409, 0.0317, 0.0602, 0.0382], [0.036, 0.0365, 0.0506, 0.714, 0.0702, 0.0218, 0.071], [0.018, 0.0637, 0.0308, 0.7137, 0.0639, 0.0306, 0.0792], [0.0198, 0.0558, 0.0696, 0.6897, 0.0655, 0.0577, 0.0419], [0.0879, 0.047, 0.0358, 0.6547, 0.0822, 0.0145, 0.0779], [0.025, 0.0842, 0.0756, 0.7471, 0.0176, 0.0298, 0.0207], [0.0538, 0.0354, 0.0372, 0.7127, 0.0298, 0.0722, 0.059], [0.07, 0.0192, 0.0326, 0.7205, 0.0825, 0.0139, 0.0613], [0.0303, 0.0759, 0.0543, 0.6599, 0.0803, 0.0777, 0.0215], [0.0439, 0.0474, 0.0413, 0.7784, 0.023, 0.0339, 0.0321], [0.0478, 0.0263, 0.0122, 0.7197, 0.0489, 0.073, 0.0721], [0.0457, 0.0422, 0.0782, 0.6907, 0.0527, 0.0382, 0.0523], [0.0412, 0.0487, 0.0788, 0.6523, 0.0746, 0.0466, 0.0578], [0.0209, 0.0702, 0.0378, 0.7106, 0.0336, 0.0711, 0.0558], [0.0158, 0.0751, 0.02, 0.797, 0.0201, 0.0513, 0.0208], [0.0307, 0.0383, 0.0333, 0.7474, 0.0463, 0.0553, 0.0486], [0.0357, 0.0549, 0.0512, 0.6802, 0.0825, 0.044, 0.0515], [0.0822, 0.0502, 0.06, 0.6618, 0.0638, 0.0175, 0.0644], [0.0918, 0.0326, 0.0313, 0.6741, 0.0817, 0.0429, 0.0457], [0.0921, 0.0665, 0.0188, 0.6255, 0.0656, 0.0703, 0.0614], [0.0738, 0.0528, 0.0513, 0.6749, 0.0403, 0.0525, 0.0544], [0.0842, 0.0572, 0.0525, 0.6721, 0.0701, 0.0371, 0.0268], [0.0425, 0.0341, 0.0526, 0.7105, 0.0331, 0.0317, 0.0955], [0.0533, 0.0255, 0.0529, 0.733, 0.0294, 0.0587, 0.0472], [0.0854, 0.0613, 0.0266, 0.643, 0.0581, 0.0406, 0.0851], [0.0816, 0.0819, 0.0527, 0.5761, 0.0706, 0.052, 0.0851], [0.0559, 0.0362, 0.0438, 0.7917, 0.0173, 0.0288, 0.0263], [0.0309, 0.0872, 0.0264, 0.7294, 0.0442, 0.0442, 0.0377], [0.016, 0.0268, 0.0221, 0.7625, 0.0789, 0.0417, 0.052], [0.0141, 0.0805, 0.0435, 0.6948, 0.0722, 0.0639, 0.0311], [0.0328, 0.0593, 0.06, 0.7267, 0.0503, 0.0281, 0.0429], [0.037, 0.0346, 0.043, 0.8051, 0.0366, 0.0201, 0.0234], [0.094, 0.0285, 0.0466, 0.6674, 0.0554, 0.0201, 0.088], [0.0778, 0.0552, 0.0678, 0.6625, 0.0457, 0.0739, 0.0171], [0.0658, 0.0125, 0.0593, 0.7062, 0.06, 0.0762, 0.02], [0.0159, 0.047, 0.0125, 0.7605, 0.016, 0.0789, 0.0692], [0.0651, 0.0518, 0.0745, 0.6977, 0.06, 0.0223, 0.0286], [0.0624, 0.0346, 0.0169, 0.7396, 0.0456, 0.075, 0.0259], [0.0135, 0.0444, 0.0715, 0.7811, 0.05, 0.0216, 0.0178], [0.0365, 0.0183, 0.0226, 0.6899, 0.08, 0.0699, 0.0828], [0.0473, 0.0188, 0.0291, 0.7609, 0.0746, 0.0207, 0.0487], [0.0418, 0.0459, 0.0622, 0.7279, 0.0572, 0.0469, 0.0179], [0.0562, 0.0764, 0.0585, 0.6766, 0.0279, 0.0292, 0.0752], [0.0431, 0.0874, 0.0703, 0.6559, 0.0191, 0.086, 0.0383], [0.0437, 0.0579, 0.0214, 0.7444, 0.0278, 0.0264, 0.0784], [0.0902, 0.0391, 0.0452, 0.6966, 0.0261, 0.0361, 0.0666], [0.0582, 0.078, 0.055, 0.6296, 0.0226, 0.0711, 0.0855], [0.0238, 0.0288, 0.0765, 0.6548, 0.0862, 0.0549, 0.0749], [0.0234, 0.0548, 0.0625, 0.7311, 0.0588, 0.017, 0.0524], [0.0354, 0.0641, 0.0524, 0.7124, 0.0684, 0.056, 0.0113]], "emotions": ["green", "green", "green", "green", "green", "green", "green", "green", "green", "green", "green", "green", "green", "green", "green", "green", "green", "green", "green", "green", "green", "green", "green", "green", "green", "green", "green", "green", "green", "green", "green", "green", "green", "green", "green", "green", "green", "green", "green", "green", "green", "green", "green", "green", "green", "green", "green", "green", "green", "green", "green", "green", "green", "green", "green", "green", "green", "green", "green", "green", "green", "green", "green", "green", "green", "green", "green", "green", "green", "green", "green", "green", "green", "green", "green", "green", "green", "green", "green", "green"], "timestamps": [0, 40, 80, 120, 160, 200, 240, 280, 320, 360, 400, 440, 480, 520, 560, 600, 640, 680, 720, 760, 800, 840, 880, 920, 960, 1000, 1040, 1080, 1120, 1160, 1200, 1240, 1280, 1320, 1360, 1400, 1440, 1480, 1520, 1560, 1600, 1640, 1680, 1720, 1760, 1800, 1840, 1880, 1920, 1960, 2000, 2040, 2080, 2120, 2160, 2200, 2240, 2280, 2320, 2360, 2400, 2440, 2480, 2520, 2560, 2600, 2640, 2680, 2720, 2760, 2800, 2840, 2880, 2920, 2960, 3000, 3040, 3080, 3120, 3160]}], "conversation": [], "conversation_timestamps": []}