{"agent_id": "agent-purple-929", "type": "purple", "trips": [{"trip_id": 0, "transport_method": "foot", "start_time": 0, "path": [[1.5287307, 42.5083656], [1.528695, 42.5083953], [1.5286594, 42.508425], [1.5286237, 42.5084547], [1.528588, 42.5084844], [1.5285523, 42.5085142], [1.528552, 42.5085409], [1.5285922, 42.5085643], [1.5286323, 42.5085877], [1.5286724, 42.5086111], [1.5287032, 42.5085804], [1.5287458, 42.5085928], [1.5287894, 42.5086089], [1.528833, 42.508625], [1.5288754, 42.5086437], [1.5289176, 42.5086632], [1.5289597, 42.5086827], [1.5289978, 42.508706], [1.5290145, 42.5087493], [1.5289729, 42.5087602], [1.5290034, 42.5087823], [1.529034, 42.5088053], [1.5289906, 42.5088219], [1.5289472, 42.5088385], [1.5289038, 42.508855], [1.5288604, 42.5088716], [1.5288159, 42.5088842], [1.5287703, 42.508893], [1.5287247, 42.5089018], [1.5286791, 42.5089105], [1.5286335, 42.5089193], [1.5285879, 42.5089281], [1.5285423, 42.5089368], [1.5284967, 42.5089456], [1.5284511, 42.5089544], [1.528406, 42.5089453], [1.5283647, 42.5089457], [1.5283336, 42.5089802], [1.5283026, 42.5090147], [1.5282659, 42.5090431], [1.5282285, 42.5090706], [1.5281926, 42.5090516], [1.5281571, 42.5090216], [1.5281216, 42.5089917], [1.5280861, 42.5089618], [1.5280505, 42.5089319], [1.5280138, 42.5089035], [1.5279764, 42.5088759], [1.5279391, 42.5088483], [1.5279017, 42.5088207], [1.5278642, 42.5087938], [1.5278177, 42.5087935], [1.5277713, 42.5087932], [1.5277248, 42.5087929], [1.5276784, 42.5087925], [1.527632, 42.5087922], [1.5275855, 42.5087919], [1.5275391, 42.5087915], [1.5274927, 42.5087912], [1.5274462, 42.5087908], [1.5273998, 42.5087916], [1.5273534, 42.5087926], [1.5273069, 42.5087935], [1.5272605, 42.5087945], [1.5272141, 42.5087954], [1.5271676, 42.5087964], [1.5271212, 42.5087973], [1.5270748, 42.5087982], [1.5270283, 42.5087992], [1.5269819, 42.5088], [1.5269355, 42.5087987], [1.5268891, 42.5087973], [1.5268428, 42.5087946], [1.5267968, 42.5087882], [1.5267508, 42.5087818], [1.5267048, 42.5087755], [1.5266587, 42.5087693], [1.5266127, 42.508763], [1.5265667, 42.5087567], [1.5265207, 42.5087504]], "mood_vectors": [[0.0806, 0.0745, 0.054, 0.0336, 0.0154, 0.6475, 0.0945], [0.0764, 0.0232, 0.0372, 0.0488, 0.053, 0.6787, 0.0826], [0.0369, 0.0214, 0.0662, 0.014, 0.0732, 0.7402, 0.0481], [0.0366, 0.0617, 0.0781, 0.0883, 0.0474, 0.6626, 0.0252], [0.0671, 0.019, 0.0237, 0.0619, 0.0468, 0.7108, 0.0707], [0.0139, 0.0112, 0.0685, 0.0715, 0.0708, 0.7301, 0.0338], [0.0814, 0.0221, 0.0385, 0.0538, 0.0665, 0.7151, 0.0226], [0.04, 0.0419, 0.062, 0.0411, 0.0401, 0.7331, 0.0419], [0.0646, 0.0758, 0.0728, 0.0671, 0.0624, 0.6049, 0.0523], [0.0672, 0.0699, 0.0881, 0.0885, 0.0143, 0.5955, 0.0765], [0.0333, 0.0683, 0.0267, 0.0865, 0.0822, 0.6436, 0.0594], [0.0175, 0.0669, 0.0566, 0.0182, 0.0444, 0.7392, 0.0572], [0.0586, 0.0801, 0.0477, 0.0684, 0.0436, 0.649, 0.0526], [0.0297, 0.0924, 0.068, 0.0611, 0.0778, 0.6359, 0.0351], [0.0369, 0.0123, 0.0129, 0.0416, 0.0308, 0.8328, 0.0326], [0.072, 0.0369, 0.0846, 0.0857, 0.049, 0.635, 0.0369], [0.0452, 0.0613, 0.0461, 0.0611, 0.0188, 0.7359, 0.0315], [0.028, 0.0481, 0.0396, 0.0492, 0.0398, 0.7769, 0.0185], [0.0475, 0.0505, 0.044, 0.0433, 0.0661, 0.7164, 0.0321], [0.0492, 0.0687, 0.069, 0.0495, 0.0617, 0.6307, 0.0713], [0.0411, 0.0568, 0.0154, 0.017, 0.08, 0.7443, 0.0453], [0.0785, 0.0891, 0.0446, 0.0374, 0.0391, 0.6931, 0.0183], [0.0734, 0.0723, 0.0139, 0.0339, 0.0757, 0.6571, 0.0737], [0.0182, 0.0557, 0.0669, 0.0637, 0.0525, 0.7004, 0.0426], [0.0409, 0.0856, 0.0243, 0.0189, 0.0499, 0.7146, 0.0658], [0.0519, 0.0188, 0.073, 0.0358, 0.0427, 0.7049, 0.0728], [0.0357, 0.0796, 0.0236, 0.094, 0.0516, 0.675, 0.0404], [0.0713, 0.0594, 0.0416, 0.0592, 0.0745, 0.6373, 0.0566], [0.0753, 0.0136, 0.0692, 0.0793, 0.0502, 0.632, 0.0804], [0.0493, 0.0168, 0.0353, 0.0382, 0.0695, 0.7361, 0.0548], [0.0506, 0.0316, 0.0757, 0.0358, 0.0203, 0.7301, 0.0559], [0.0501, 0.0763, 0.0252, 0.0604, 0.0578, 0.643, 0.0873], [0.0544, 0.0315, 0.069, 0.0496, 0.0576, 0.6801, 0.0578], [0.0162, 0.0247, 0.0621, 0.0623, 0.0407, 0.7293, 0.0649], [0.0499, 0.0686, 0.0593, 0.0618, 0.0667, 0.648, 0.0457], [0.0809, 0.0741, 0.0197, 0.0483, 0.0294, 0.6641, 0.0836], [0.0389, 0.0439, 0.0569, 0.0626, 0.0465, 0.6798, 0.0714], [0.092, 0.0801, 0.0522, 0.0356, 0.0326, 0.6218, 0.0857], [0.04, 0.0499, 0.0337, 0.0292, 0.0704, 0.7012, 0.0756], [0.0819, 0.0556, 0.0419, 0.0675, 0.0228, 0.709, 0.0212], [0.0608, 0.0656, 0.0171, 0.0544, 0.0293, 0.7066, 0.0661], [0.0544, 0.0608, 0.0771, 0.0202, 0.0259, 0.7103, 0.0512], [0.0579, 0.0715, 0.0196, 0.0583, 0.0288, 0.7447, 0.0192], [0.0441, 0.0583, 0.0384, 0.0314, 0.0457, 0.7189, 0.0632], [0.0437, 0.0173, 0.0498, 0.0367, 0.0356, 0.7705, 0.0463], [0.0598, 0.0759, 0.0564, 0.0254, 0.0483, 0.6674, 0.0669], [0.0475, 0.0712, 0.0635, 0.0391, 0.0273, 0.6853, 0.066], [0.03, 0.0301, 0.0566, 0.0133, 0.0674, 0.7771, 0.0255], [0.0309, 0.0216, 0.0462, 0.0416, 0.033, 0.7526, 0.074], [0.0191, 0.0506, 0.0335, 0.0443, 0.0724, 0.7341, 0.0459], [0.0678, 0.0349, 0.073, 0.0608, 0.0265, 0.7131, 0.0239], [0.0342, 0.0468, 0.032, 0.0368, 0.053, 0.7142, 0.0831], [0.0686, 0.0192, 0.0126, 0.0805, 0.0165, 0.7606, 0.0421], [0.0865, 0.0576, 0.0872, 0.0592, 0.0822, 0.6126, 0.0147], [0.0163, 0.0182, 0.0798, 0.0813, 0.0671, 0.6949, 0.0422], [0.0191, 0.0233, 0.0993, 0.0177, 0.0776, 0.6769, 0.0861], [0.0737, 0.0428, 0.0662, 0.0841, 0.0643, 0.6479, 0.021], [0.0171, 0.0362, 0.0177, 0.0312, 0.074, 0.805, 0.0188], [0.0251, 0.0743, 0.0168, 0.0792, 0.0283, 0.7075, 0.0688], [0.0278, 0.0777, 0.0123, 0.0149, 0.0177, 0.7719, 0.0778], [0.068, 0.0524, 0.0142, 0.0757, 0.022, 0.7319, 0.0358], [0.0436, 0.0583, 0.0665, 0.0427, 0.0244, 0.7262, 0.0383], [0.052, 0.0531, 0.065, 0.0518, 0.0439, 0.7081, 0.0261], [0.0919, 0.0219, 0.0356, 0.0576, 0.0664, 0.683, 0.0436], [0.0354, 0.0261, 0.083, 0.0435, 0.0596, 0.7132, 0.0392], [0.0459, 0.0793, 0.0576, 0.0758, 0.0279, 0.6302, 0.0834], [0.0177, 0.0653, 0.0897, 0.0497, 0.0401, 0.6653, 0.0722], [0.0512, 0.0632, 0.0607, 0.0137, 0.0262, 0.7655, 0.0196], [0.0576, 0.0171, 0.0287, 0.0494, 0.0605, 0.7407, 0.0461], [0.0614, 0.0353, 0.0537, 0.049, 0.0628, 0.7065, 0.0314], [0.0723, 0.0628, 0.0707, 0.0518, 0.0221, 0.6782, 0.042], [0.0666, 0.02, 0.0439, 0.0269, 0.0188, 0.7858, 0.038], [0.0146, 0.0686, 0.0433, 0.031, 0.0866, 0.7369, 0.0189], [0.0881, 0.0323, 0.0301, 0.0282, 0.09, 0.7039, 0.0275], [0.052, 0.04, 0.0797, 0.0524, 0.074, 0.6506, 0.0513], [0.0697, 0.0628, 0.0508, 0.0519, 0.0733, 0.6284, 0.0631], [0.0805, 0.0604, 0.0259, 0.0516, 0.0637, 0.6747, 0.0432], [0.0558, 0.0338, 0.0875, 0.0826, 0.0362, 0.6247, 0.0793], [0.0507, 0.0588, 0.0731, 0.0601, 0.05, 0.6665, 0.0408], [0.0449, 0.0689, 0.0226, 0.0722, 0.0565, 0.7068, 0.0283]], "emotions": ["purple", "purple", "purple", "purple", "purple", "purple", "purple", "purple", "purple", "purple", "purple", "purple", "purple", "purple", "purple", "purple", "purple", "purple", "purple", "purple", "purple", "purple", "purple", "purple", "purple", "purple", "purple", "purple", "purple", "purple", "purple", "purple", "purple", "purple", "purple", "purple", "purple", "purple", "purple", "purple", "purple", "purple", "purple", "purple", "purple", "purple", "purple", "purple", "purple", "purple", "purple", "purple", "purple", "purple", "purple", "purple", "purple", "purple", "purple", "purple", "purple", "purple", "purple", "purple", "purple", "purple", "purple", "purple", "purple", "purple", "purple", "purple", "purple", "purple", "purple", "purple", "purple", "purple", "purple", "purple"], "timestamps": [0, 40, 80, 120, 160, 200, 240, 280, 320, 360, 400, 440, 480, 520, 560, 600, 640, 680, 720, 760, 800, 840, 880, 920, 960, 1000, 1040, 1080, 1120, 1160, 1200, 1240, 1280, 1320, 1360, 1400, 1440, 1480, 1520, 1560, 1600, 1640, 1680, 1720, 1760, 1800, 1840, 1880, 1920, 1960, 2000, 2040, 2080, 2120, 2160, 2200, 2240, 2280, 2320, 2360, 2400, 2440, 2480, 2520, 2560, 2600, 2640, 2680, 2720, 2760, 2800, 2840, 2880, 2920, 2960, 3000, 3040, 3080, 3120, 3160]}], "conversation": [], "conversation_timestamps": []}