{"agent_id": "agent-green-142", "type": "green", "trips": [{"trip_id": 0, "transport_method": "foot", "start_time": 0, "path": [[1.5270919, 42.50948], [1.5273166, 42.5095968], [1.5275497, 42.5096819], [1.5277791, 42.5097892], [1.5280101, 42.509893], [1.5282432, 42.5099918], [1.5284764, 42.5100906], [1.5287095, 42.5101895], [1.5289425, 42.5102888], [1.5291746, 42.51039], [1.5294067, 42.5104913], [1.5295695, 42.5104246], [1.5294171, 42.5102274], [1.5296096, 42.5101669], [1.5298626, 42.5101721], [1.5301135, 42.5102062], [1.5303642, 42.510242], [1.5306145, 42.5102212], [1.5308648, 42.5102006], [1.5311042, 42.5102764], [1.5313354, 42.5103796], [1.5315708, 42.5104728], [1.5318102, 42.5105553], [1.5320501, 42.5106364], [1.5322916, 42.5107124], [1.5325332, 42.5107885], [1.5327747, 42.5108645], [1.5330137, 42.5109482], [1.5332342, 42.5110698], [1.5333287, 42.5112993], [1.5334416, 42.511509], [1.5336603, 42.5116366], [1.533879, 42.5117643], [1.5340978, 42.5118919], [1.5342444, 42.5119847], [1.5340089, 42.5118916], [1.5337833, 42.5117778], [1.5336089, 42.5115971], [1.5334031, 42.5114797], [1.533579, 42.5115766], [1.5338036, 42.5116935], [1.5340282, 42.5118105], [1.5342528, 42.5119274], [1.5344775, 42.5120444], [1.5347019, 42.5121616], [1.5348869, 42.5123273], [1.5349789, 42.5125616], [1.5350331, 42.5128031], [1.5351801, 42.5128096], [1.5354272, 42.5127572], [1.5356772, 42.5127169], [1.5359174, 42.5126549], [1.5361303, 42.5125265], [1.5363641, 42.5124295], [1.536596, 42.5123279], [1.5368059, 42.5121929], [1.5370018, 42.5120337], [1.5372035, 42.5118881], [1.5374435, 42.5118074], [1.5376835, 42.5117267], [1.5379061, 42.5116082], [1.5381338, 42.5114995], [1.5383431, 42.5113859], [1.5385301, 42.5112153], [1.5387121, 42.5110391], [1.538894, 42.5108629], [1.5390759, 42.5106868], [1.5393038, 42.5105841], [1.5395488, 42.5105414], [1.5398019, 42.5105495], [1.540055, 42.5105576], [1.5403081, 42.510562], [1.5405587, 42.5105358], [1.5408057, 42.5104801], [1.54099, 42.5103662], [1.5409255, 42.5101256], [1.5408296, 42.5098924], [1.5408843, 42.5097048], [1.5411375, 42.5097016], [1.5412537, 42.509521]], "mood_vectors": [[0.0162, 0.058, 0.0778, 0.0672, 0.0622, 0.0185, 0.7002], [0.0603, 0.0671, 0.0539, 0.0351, 0.0616, 0.0551, 0.6668], [0.0429, 0.0332, 0.0688, 0.0825, 0.0799, 0.0151, 0.6776], [0.0431, 0.0592, 0.0222, 0.0648, 0.0287, 0.0456, 0.7364], [0.0891, 0.0369, 0.0599, 0.0851, 0.0162, 0.0129, 0.6999], [0.0638, 0.0758, 0.0646, 0.0284, 0.0587, 0.0561, 0.6526], [0.0432, 0.0518, 0.1008, 0.0502, 0.0362, 0.0189, 0.6989], [0.0899, 0.0346, 0.052, 0.022, 0.0457, 0.048, 0.7078], [0.0199, 0.0576, 0.0644, 0.0325, 0.0385, 0.0772, 0.7098], [0.028, 0.0384, 0.0667, 0.0189, 0.0347, 0.0878, 0.7254], [0.017, 0.044, 0.032, 0.0333, 0.0543, 0.0402, 0.7793], [0.0545, 0.0842, 0.027, 0.0599, 0.02, 0.0276, 0.7268], [0.0564, 0.0491, 0.053, 0.0376, 0.0219, 0.0494, 0.7326], [0.0318, 0.0474, 0.016, 0.0381, 0.0477, 0.026, 0.7931], [0.0407, 0.061, 0.0458, 0.0386, 0.0132, 0.0487, 0.752], [0.0435, 0.0242, 0.0733, 0.092, 0.0331, 0.0577, 0.6762], [0.0385, 0.0666, 0.0673, 0.0612, 0.0581, 0.0136, 0.6946], [0.0361, 0.0801, 0.0641, 0.0778, 0.0494, 0.0272, 0.6653], [0.0202, 0.0854, 0.0756, 0.0171, 0.0255, 0.0664, 0.7098], [0.0164, 0.0796, 0.0228, 0.0485, 0.0766, 0.0927, 0.6635], [0.0184, 0.0753, 0.071, 0.0587, 0.0457, 0.0664, 0.6645], [0.0771, 0.0601, 0.0396, 0.0777, 0.0288, 0.0405, 0.6762], [0.0854, 0.062, 0.0279, 0.0321, 0.0385, 0.0176, 0.7366], [0.0236, 0.0307, 0.0235, 0.0593, 0.0174, 0.0169, 0.8288], [0.0592, 0.0511, 0.0786, 0.0704, 0.0743, 0.0816, 0.5849], [0.0448, 0.0636, 0.0635, 0.0358, 0.0261, 0.0648, 0.7014], [0.079, 0.0181, 0.0254, 0.0761, 0.055, 0.059, 0.6874], [0.0878, 0.067, 0.0651, 0.0308, 0.037, 0.0751, 0.6372], [0.0682, 0.0741, 0.0621, 0.0386, 0.0556, 0.0575, 0.6439], [0.0823, 0.0508, 0.0358, 0.0213, 0.0261, 0.0283, 0.7554], [0.0182, 0.0806, 0.0814, 0.0744, 0.0367, 0.0717, 0.637], [0.0704, 0.0589, 0.0774, 0.058, 0.0322, 0.0333, 0.6699], [0.0777, 0.0559, 0.0471, 0.0635, 0.0554, 0.0141, 0.6862], [0.0366, 0.064, 0.0464, 0.0167, 0.0455, 0.0399, 0.7509], [0.0565, 0.0656, 0.0417, 0.0368, 0.0871, 0.0704, 0.642], [0.0509, 0.0636, 0.0619, 0.0757, 0.0575, 0.0408, 0.6497], [0.0741, 0.0591, 0.0343, 0.0783, 0.0249, 0.022, 0.7073], [0.0366, 0.0334, 0.1002, 0.0242, 0.0648, 0.0527, 0.6881], [0.038, 0.0622, 0.0484, 0.0622, 0.086, 0.0558, 0.6473], [0.0405, 0.0317, 0.0212, 0.0869, 0.0866, 0.074, 0.6591], [0.048, 0.0317, 0.0696, 0.0464, 0.0207, 0.0785, 0.7051], [0.0454, 0.0659, 0.0695, 0.0781, 0.0276, 0.0703, 0.6431], [0.0503, 0.0168, 0.0194, 0.0273, 0.0706, 0.0714, 0.7441], [0.0619, 0.0654, 0.0188, 0.0851, 0.0254, 0.0193, 0.724], [0.032, 0.0475, 0.0564, 0.0239, 0.0389, 0.0705, 0.7307], [0.0504, 0.0503, 0.0197, 0.0661, 0.0616, 0.0486, 0.7033], [0.0534, 0.0871, 0.0379, 0.0388, 0.0538, 0.0479, 0.681], [0.0237, 0.0621, 0.0289, 0.065, 0.0362, 0.0307, 0.7534], [0.0181, 0.0349, 0.0673, 0.0845, 0.0327, 0.0429, 0.7196], [0.0423, 0.0707, 0.0391, 0.0929, 0.0705, 0.0144, 0.6701], [0.0389, 0.0289, 0.0436, 0.0739, 0.0867, 0.0177, 0.7103], [0.0793, 0.0862, 0.0302, 0.0441, 0.0423, 0.0407, 0.6771], [0.0279, 0.0238, 0.0574, 0.0509, 0.0168, 0.0292, 0.7941], [0.0533, 0.0779, 0.0313, 0.0539, 0.0178, 0.0873, 0.6786], [0.0698, 0.04, 0.0499, 0.0168, 0.0713, 0.0298, 0.7225], [0.0455, 0.0874, 0.0863, 0.067, 0.0344, 0.0465, 0.6328], [0.0783, 0.0776, 0.0774, 0.0225, 0.0332, 0.042, 0.6691], [0.0741, 0.0621, 0.0873, 0.0635, 0.0189, 0.0767, 0.6175], [0.0468, 0.0561, 0.0582, 0.0875, 0.0515, 0.0522, 0.6478], [0.0548, 0.0526, 0.0748, 0.0537, 0.0846, 0.0782, 0.6013], [0.0602, 0.0595, 0.0301, 0.0298, 0.0463, 0.0451, 0.729], [0.051, 0.0302, 0.0774, 0.0311, 0.0606, 0.0684, 0.6813], [0.059, 0.059, 0.0633, 0.0422, 0.0318, 0.0845, 0.6601], [0.0852, 0.0174, 0.0409, 0.0584, 0.0584, 0.0577, 0.6819], [0.0766, 0.0754, 0.0169, 0.0203, 0.0785, 0.0395, 0.693], [0.0791, 0.0305, 0.0836, 0.0171, 0.0226, 0.0488, 0.7183], [0.046, 0.0298, 0.0173, 0.0807, 0.0738, 0.0883, 0.664], [0.0943, 0.0339, 0.073, 0.0385, 0.0841, 0.0416, 0.6346], [0.0228, 0.0325, 0.0985, 0.0612, 0.0464, 0.0733, 0.6653], [0.0676, 0.0163, 0.0512, 0.0711, 0.0719, 0.0465, 0.6754], [0.082, 0.0702, 0.0339, 0.0865, 0.0794, 0.0247, 0.6234], [0.066, 0.0969, 0.0203, 0.0183, 0.0244, 0.0252, 0.7489], [0.0962, 0.0592, 0.0455, 0.0538, 0.0312, 0.0429, 0.6712], [0.0564, 0.0612, 0.0597, 0.0618, 0.0715, 0.0254, 0.664], [0.0848, 0.066, 0.0755, 0.0273, 0.06, 0.0833, 0.603], [0.0673, 0.0378, 0.0709, 0.0734, 0.0588, 0.0687, 0.6232], [0.064, 0.0656, 0.0572, 0.0416, 0.019, 0.0576, 0.6951], [0.0216, 0.0893, 0.0727, 0.0138, 0.0657, 0.0573, 0.6796], [0.0721, 0.0167, 0.023, 0.0675, 0.0386, 0.0576, 0.7244], [0.0381, 0.0384, 0.0362, 0.0305, 0.0593, 0.0392, 0.7583]], "emotions": ["purple", "purple", "purple", "purple", "purple", "purple", "purple", "purple", "purple", "purple", "purple", "purple", "purple", "purple", "purple", "purple", "purple", "purple", "purple", "purple", "purple", "purple", "purple", "purple", "purple", "purple", "purple", "purple", "purple", "purple", "purple", "purple", "purple", "purple", "purple", "purple", "purple", "purple", "purple", "purple", "purple", "purple", "purple", "purple", "purple", "purple", "purple", "purple", "purple", "purple", "purple", "purple", "purple", "purple", "purple", "purple", "purple", "purple", "purple", "purple", "purple", "purple", "purple", "purple", "purple", "purple", "purple", "purple", "purple", "purple", "purple", "purple", "purple", "purple", "purple", "purple", "purple", "purple", "purple", "purple"], "timestamps": [0, 40, 80, 120, 160, 200, 240, 280, 320, 360, 400, 440, 480, 520, 560, 600, 640, 680, 720, 760, 800, 840, 880, 920, 960, 1000, 1040, 1080, 1120, 1160, 1200, 1240, 1280, 1320, 1360, 1400, 1440, 1480, 1520, 1560, 1600, 1640, 1680, 1720, 1760, 1800, 1840, 1880, 1920, 1960, 2000, 2040, 2080, 2120, 2160, 2200, 2240, 2280, 2320, 2360, 2400, 2440, 2480, 2520, 2560, 2600, 2640, 2680, 2720, 2760, 2800, 2840, 2880, 2920, 2960, 3000, 3040, 3080, 3120, 3160]}], "conversation": [], "conversation_timestamps": []}