{"agent_id": "agent-purple-1974", "type": "purple", "trips": [{"trip_id": 0, "transport_method": "bicycle", "start_time": 0, "path": [[1.6663851, 42.5771822], [1.6662376, 42.5758553], [1.6645021, 42.5761687], [1.6627382, 42.5762572], [1.6609834, 42.5762723], [1.6592373, 42.5763232], [1.6581983, 42.5758157], [1.6580173, 42.5758958], [1.6563563, 42.5753848], [1.6546167, 42.5751009], [1.652964, 42.5746942], [1.651282, 42.5751518], [1.6497069, 42.5758115], [1.6482365, 42.5766827], [1.6466677, 42.5772746], [1.6449238, 42.5775126], [1.6432025, 42.5778667], [1.6414626, 42.5781532], [1.6397098, 42.578182], [1.6379509, 42.5782167], [1.6362109, 42.5779358], [1.6349751, 42.5778514], [1.6338372, 42.5781352], [1.6320814, 42.5783051], [1.6303461, 42.5784924], [1.6287325, 42.5777817], [1.6270036, 42.5777586], [1.6255325, 42.5767813], [1.6265814, 42.577781], [1.6260436, 42.5771134], [1.6245301, 42.5762147], [1.6228184, 42.5757887], [1.6214263, 42.5747408], [1.6197442, 42.5742373], [1.6181715, 42.5735484], [1.6165162, 42.5729923], [1.6149829, 42.5724674], [1.613276, 42.5720303], [1.6115649, 42.5717512], [1.6098808, 42.5714801], [1.6081642, 42.5712183], [1.6069639, 42.5708193], [1.605541, 42.5704837], [1.6047407, 42.5690299], [1.6032794, 42.5682439], [1.6016997, 42.5674714], [1.600388, 42.5662976], [1.6011965, 42.5667733], [1.6005431, 42.5665811], [1.5991526, 42.5655591], [1.5979209, 42.5643889], [1.5962026, 42.5644013], [1.5945282, 42.5638498], [1.5934226, 42.562507], [1.5936456, 42.5609873], [1.5936392, 42.5594242], [1.5929893, 42.5579859], [1.5916533, 42.5570771], [1.591465, 42.5554388], [1.5906254, 42.554203], [1.5910816, 42.5527677], [1.5917249, 42.5512252], [1.5921062, 42.549517], [1.5923238, 42.5478698], [1.5915543, 42.5463639], [1.5917779, 42.5446924], [1.5915779, 42.543002], [1.5921364, 42.5414101], [1.5918786, 42.539884], [1.5916065, 42.5381637], [1.5900984, 42.5372786], [1.5887518, 42.5362638], [1.5875695, 42.5353077], [1.5872215, 42.5354783], [1.5870994, 42.5353294], [1.5853853, 42.5354852], [1.5837474, 42.5351211], [1.5822702, 42.5346249], [1.5807331, 42.5339377], [1.5792728, 42.5347653]], "mood_vectors": [[0.0696, 0.058, 0.0626, 0.0264, 0.0585, 0.6528, 0.0721], [0.0304, 0.0556, 0.0405, 0.0703, 0.0622, 0.7188, 0.0222], [0.072, 0.0401, 0.0803, 0.0277, 0.0613, 0.699, 0.0195], [0.0761, 0.0573, 0.0601, 0.0426, 0.0461, 0.6527, 0.0652], [0.0667, 0.0544, 0.0284, 0.0575, 0.0313, 0.6851, 0.0766], [0.0369, 0.0247, 0.0696, 0.0357, 0.0711, 0.7362, 0.0257], [0.0252, 0.0375, 0.0765, 0.0251, 0.024, 0.7937, 0.018], [0.0189, 0.022, 0.0419, 0.0668, 0.0512, 0.7697, 0.0296], [0.0765, 0.0407, 0.0197, 0.0959, 0.0835, 0.6086, 0.0751], [0.072, 0.0407, 0.0525, 0.027, 0.0341, 0.7313, 0.0424], [0.0739, 0.0853, 0.0318, 0.0923, 0.0355, 0.627, 0.0541], [0.0617, 0.0434, 0.0449, 0.0351, 0.0322, 0.7302, 0.0525], [0.056, 0.0765, 0.0238, 0.0772, 0.0269, 0.7223, 0.0173], [0.058, 0.0652, 0.0504, 0.058, 0.0418, 0.7149, 0.0116], [0.022, 0.0149, 0.0184, 0.0257, 0.0717, 0.8198, 0.0276], [0.0398, 0.0315, 0.065, 0.0637, 0.0633, 0.6738, 0.063], [0.0364, 0.081, 0.0339, 0.0849, 0.018, 0.672, 0.0738], [0.0369, 0.074, 0.0582, 0.0333, 0.0598, 0.7138, 0.0239], [0.0634, 0.0433, 0.0222, 0.0239, 0.019, 0.8022, 0.026], [0.0269, 0.0309, 0.0343, 0.0167, 0.056, 0.8137, 0.0215], [0.0364, 0.0282, 0.0774, 0.036, 0.0206, 0.7807, 0.0207], [0.0141, 0.039, 0.0764, 0.0688, 0.0477, 0.682, 0.0721], [0.0247, 0.0254, 0.0879, 0.0198, 0.048, 0.7744, 0.0197], [0.0781, 0.0847, 0.019, 0.0246, 0.0747, 0.6963, 0.0225], [0.0706, 0.0394, 0.0244, 0.0462, 0.0356, 0.7422, 0.0415], [0.0242, 0.0704, 0.0307, 0.0706, 0.0717, 0.6543, 0.0781], [0.0729, 0.0406, 0.0262, 0.0633, 0.0659, 0.7014, 0.0296], [0.0305, 0.0158, 0.0601, 0.0295, 0.0445, 0.8004, 0.0192], [0.0235, 0.043, 0.0755, 0.078, 0.0174, 0.7261, 0.0365], [0.0292, 0.0243, 0.0548, 0.0737, 0.0492, 0.7272, 0.0415], [0.0331, 0.0517, 0.0757, 0.0703, 0.0602, 0.6403, 0.0686], [0.0418, 0.0712, 0.0719, 0.0906, 0.0632, 0.6178, 0.0435], [0.0726, 0.0737, 0.0163, 0.0528, 0.0899, 0.6186, 0.0761], [0.0781, 0.0453, 0.0356, 0.0465, 0.043, 0.7208, 0.0306], [0.0203, 0.053, 0.0312, 0.049, 0.0854, 0.6733, 0.0878], [0.0445, 0.075, 0.0565, 0.0673, 0.054, 0.6828, 0.02], [0.0352, 0.0597, 0.0275, 0.0688, 0.0364, 0.7106, 0.0619], [0.0775, 0.0481, 0.058, 0.0632, 0.0661, 0.6229, 0.0641], [0.0439, 0.0182, 0.0775, 0.0235, 0.0142, 0.7844, 0.0383], [0.0144, 0.0327, 0.0358, 0.0257, 0.077, 0.7337, 0.0806], [0.0331, 0.0444, 0.0487, 0.0627, 0.0176, 0.7287, 0.0648], [0.0443, 0.0711, 0.0362, 0.0464, 0.0658, 0.6595, 0.0766], [0.0552, 0.0265, 0.0263, 0.0643, 0.0399, 0.7137, 0.0742], [0.0199, 0.0723, 0.0543, 0.0396, 0.0833, 0.6528, 0.0777], [0.0469, 0.0704, 0.0822, 0.0588, 0.0758, 0.6257, 0.0402], [0.0268, 0.0696, 0.0117, 0.0644, 0.0656, 0.6985, 0.0633], [0.0518, 0.0382, 0.0605, 0.0589, 0.0276, 0.7062, 0.0568], [0.0309, 0.0574, 0.0898, 0.0496, 0.0423, 0.6413, 0.0888], [0.0694, 0.0459, 0.0777, 0.0618, 0.0138, 0.6514, 0.0801], [0.0433, 0.0702, 0.0819, 0.0236, 0.0476, 0.6728, 0.0605], [0.0937, 0.0921, 0.0235, 0.0411, 0.0451, 0.6403, 0.0643], [0.0256, 0.0888, 0.0182, 0.0237, 0.0765, 0.6983, 0.0688], [0.0296, 0.0254, 0.0314, 0.062, 0.0745, 0.7381, 0.0389], [0.044, 0.0221, 0.0562, 0.0358, 0.0464, 0.7688, 0.0268], [0.0354, 0.0573, 0.0495, 0.0462, 0.046, 0.6781, 0.0876], [0.0769, 0.0591, 0.0521, 0.0359, 0.0754, 0.6114, 0.0892], [0.0524, 0.0381, 0.0525, 0.0332, 0.0419, 0.7165, 0.0654], [0.0861, 0.0724, 0.0286, 0.0399, 0.0709, 0.6137, 0.0885], [0.0143, 0.0209, 0.0786, 0.0788, 0.0318, 0.6921, 0.0834], [0.0203, 0.032, 0.0413, 0.0179, 0.0358, 0.7949, 0.0577], [0.0155, 0.0927, 0.0707, 0.0232, 0.0487, 0.7301, 0.0192], [0.0804, 0.0172, 0.0269, 0.0644, 0.0139, 0.7192, 0.0779], [0.0586, 0.0278, 0.0387, 0.0751, 0.0708, 0.7055, 0.0235], [0.0458, 0.0595, 0.0336, 0.0419, 0.028, 0.7193, 0.0719], [0.0721, 0.0602, 0.0257, 0.0374, 0.0689, 0.6592, 0.0765], [0.02, 0.0511, 0.0327, 0.0142, 0.0743, 0.727, 0.0807], [0.0156, 0.0144, 0.0403, 0.0389, 0.0195, 0.798, 0.0732], [0.0641, 0.0279, 0.0702, 0.0625, 0.0111, 0.7051, 0.0589], [0.0463, 0.0555, 0.0267, 0.0607, 0.0731, 0.711, 0.0268], [0.0156, 0.0488, 0.0471, 0.0212, 0.0658, 0.7816, 0.0199], [0.0377, 0.0694, 0.0447, 0.0242, 0.0693, 0.6802, 0.0744], [0.0405, 0.0557, 0.0491, 0.0742, 0.0209, 0.7049, 0.0546], [0.0472, 0.0906, 0.0611, 0.0774, 0.0704, 0.5692, 0.0839], [0.0375, 0.0633, 0.0755, 0.0591, 0.0679, 0.6306, 0.0661], [0.0786, 0.0831, 0.0363, 0.099, 0.0198, 0.6664, 0.0168], [0.017, 0.0653, 0.0824, 0.0685, 0.076, 0.6364, 0.0545], [0.031, 0.0317, 0.0817, 0.0591, 0.0225, 0.7033, 0.0708], [0.0697, 0.0679, 0.0114, 0.0719, 0.0234, 0.7408, 0.0149], [0.0456, 0.0468, 0.0826, 0.0466, 0.019, 0.6694, 0.09], [0.0452, 0.0439, 0.0336, 0.0468, 0.0158, 0.7738, 0.0409]], "emotions": ["purple", "purple", "purple", "purple", "purple", "purple", "purple", "purple", "purple", "purple", "purple", "purple", "purple", "purple", "purple", "purple", "purple", "purple", "purple", "purple", "purple", "purple", "purple", "purple", "purple", "purple", "purple", "purple", "purple", "purple", "purple", "purple", "purple", "purple", "purple", "purple", "purple", "purple", "purple", "purple", "purple", "purple", "purple", "purple", "purple", "purple", "purple", "purple", "purple", "purple", "purple", "purple", "purple", "purple", "purple", "purple", "purple", "purple", "purple", "purple", "purple", "purple", "purple", "purple", "purple", "purple", "purple", "purple", "purple", "purple", "purple", "purple", "purple", "purple", "purple", "purple", "purple", "purple", "purple", "purple"], "timestamps": [0, 40, 80, 120, 160, 200, 240, 280, 320, 360, 400, 440, 480, 520, 560, 600, 640, 680, 720, 760, 800, 840, 880, 920, 960, 1000, 1040, 1080, 1120, 1160, 1200, 1240, 1280, 1320, 1360, 1400, 1440, 1480, 1520, 1560, 1600, 1640, 1680, 1720, 1760, 1800, 1840, 1880, 1920, 1960, 2000, 2040, 2080, 2120, 2160, 2200, 2240, 2280, 2320, 2360, 2400, 2440, 2480, 2520, 2560, 2600, 2640, 2680, 2720, 2760, 2800, 2840, 2880, 2920, 2960, 3000, 3040, 3080, 3120, 3160]}], "conversation": [], "conversation_timestamps": []}