{
  "agent_id": "agent-type-purple-37",
  "type": "purple",
  "trips": [
    {
      "trip_id": 0,
      "transport_method": "car",
      "start_time": 0,
      "path": [
        [
          1.5272706,
          42.5048943
        ],
        [
          1.5270982024496744,
          42.50520339387572
        ],
        [
          1.52666262513569,
          42.50515562874795
        ],
        [
          1.526490373490981,
          42.504924451850556
        ],
        [
          1.5264124707458953,
          42.50490158131989
        ],
        [
          1.5266430771630088,
          42.505105721426084
        ],
        [
          1.5270774816572235,
          42.505163183059324
        ],
        [
          1.5275140400795812,
          42.50519744447522
        ],
        [
          1.527952139708182,
          42.50519480732927
        ],
        [
          1.5282421101126633,
          42.505402116107945
        ],
        [
          1.5281381742018345,
          42.50563254073665
        ],
        [
          1.5277177483767617,
          42.5055090448683
        ],
        [
          1.527294441550679,
          42.50539844282933
        ],
        [
          1.5268614904313536,
          42.50533089705105
        ],
        [
          1.526428539312028,
          42.505263351272774
        ],
        [
          1.526131667964715,
          42.50526852792385
        ],
        [
          1.5261237356227682,
          42.505298158981
        ],
        [
          1.5263982314937363,
          42.505258622874855
        ],
        [
          1.526831182613062,
          42.50532616865313
        ],
        [
          1.5272641337323876,
          42.505393714431406
        ],
        [
          1.5276883173649394,
          42.50550039980383
        ],
        [
          1.5281087431900122,
          42.50562389567218
        ],
        [
          1.5282718826535866,
          42.5054094996981
        ],
        [
          1.5279605488166201,
          42.505217113587015
        ],
        [
          1.5275446841205658,
          42.50519828573485
        ],
        [
          1.527253922068479,
          42.505183478955644
        ],
        [
          1.5276916775055893,
          42.50519541836297
        ],
        [
          1.5279887315890568,
          42.505341654415076
        ],
        [
          1.528239924129887,
          42.5055246077005
        ],
        [
          1.5285472902850046,
          42.505704736373545
        ],
        [
          1.528964010465962,
          42.50584021107477
        ],
        [
          1.5289961495732933,
          42.50605147078996
        ],
        [
          1.5286567639768456,
          42.506328579602695
        ],
        [
          1.528537889001231,
          42.506649124282994
        ],
        [
          1.5286085493157604,
          42.50702457342759
        ],
        [
          1.5282705070118525,
          42.507303386097064
        ],
        [
          1.5278964028678608,
          42.50738238390434
        ],
        [
          1.527726560025746,
          42.507699750491795
        ],
        [
          1.527989006211121,
          42.508050649147016
        ],
        [
          1.5283258567753384,
          42.508327441216366
        ],
        [
          1.5286757161944404,
          42.50859127353196
        ],
        [
          1.5288950195849706,
          42.50888518849304
        ],
        [
          1.52849516402149,
          42.50889364401022
        ],
        [
          1.5283001078376708,
          42.509151726831874
        ],
        [
          1.5286154752369778,
          42.50945595126768
        ],
        [
          1.5289308426362849,
          42.50976017570349
        ],
        [
          1.529246210035592,
          42.5100644001393
        ],
        [
          1.5295292969357264,
          42.510396492432314
        ],
        [
          1.5292569288661666,
          42.51040056455185
        ],
        [
          1.528850887492256,
          42.510235823826584
        ],
        [
          1.5284448461183455,
          42.510071083101316
        ],
        [
          1.528038804744435,
          42.50990634237605
        ],
        [
          1.5276327633705247,
          42.50974160165078
        ],
        [
          1.5272119016165995,
          42.50962848731279
        ],
        [
          1.5267803050427275,
          42.50955276742564
        ],
        [
          1.5263487084688558,
          42.50947704753848
        ],
        [
          1.5259171118949841,
          42.509401327651325
        ],
        [
          1.5255117750816907,
          42.50928261950141
        ],
        [
          1.5252127148945813,
          42.50898872843095
        ],
        [
          1.5247826492007188,
          42.50890474865451
        ],
        [
          1.5243525835068565,
          42.50882076887807
        ],
        [
          1.5239250688057604,
          42.50872913714496
        ],
        [
          1.5235306436748577,
          42.50853824995314
        ],
        [
          1.523155544899971,
          42.508316154649364
        ],
        [
          1.5227384711908643,
          42.508394350123105
        ],
        [
          1.5223173894800375,
          42.50843683470485
        ],
        [
          1.5218935914439122,
          42.50832545998391
        ],
        [
          1.5215142874145553,
          42.50844234035806
        ],
        [
          1.5211495106639341,
          42.50828470225748
        ],
        [
          1.5214221375903714,
          42.508461825378774
        ],
        [
          1.521677822203579,
          42.50825508315351
        ],
        [
          1.521290981047825,
          42.50804926035568
        ],
        [
          1.5209041398920708,
          42.50784343755786
        ],
        [
          1.5205172987363167,
          42.507637614760036
        ],
        [
          1.520529765821515,
          42.50727787051577
        ],
        [
          1.5201135771691094,
          42.50715190051871
        ],
        [
          1.5197010957899315,
          42.507004768670434
        ],
        [
          1.51937627184217,
          42.506774117810615
        ],
        [
          1.5193225350966757,
          42.50644516301503
        ],
        [
          1.5194415986627186,
          42.50620630932955
        ],
        [
          1.5198754960827934,
          42.506151763374994
        ],
        [
          1.52031102702882,
          42.50619994946159
        ],
        [
          1.5201186420251538,
          42.50617866445181
        ],
        [
          1.5196837664003904,
          42.5061716913566
        ],
        [
          1.5192634111401881,
          42.50627634763325
        ],
        [
          1.5188411752374216,
          42.50635184949965
        ],
        [
          1.5185480614464306,
          42.5060530476505
        ],
        [
          1.5183502394547972,
          42.50566634209581
        ],
        [
          1.5186638567876918,
          42.505507833027785
        ],
        [
          1.5190907164985623,
          42.50554576105129
        ],
        [
          1.519517614145775,
          42.505644591728164
        ],
        [
          1.5199445117929875,
          42.50574342240505
        ],
        [
          1.5203714094402,
          42.50584225308193
        ],
        [
          1.5206607999999997,
          42.5059998
        ]
      ],
      "emotions": [
        "red",
        "red",
        "red",
        "red",
        "red",
        "purple",
        "purple",
        "purple",
        "purple",
        "purple",
        "red",
        "red",
        "red",
        "red",
        "red",
        "purple",
        "purple",
        "purple",
        "purple",
        "purple",
        "purple",
        "purple",
        "purple",
        "purple",
        "purple",
        "purple",
        "purple",
        "purple",
        "purple",
        "purple",
        "red",
        "red",
        "red",
        "red",
        "red",
        "green",
        "green",
        "green",
        "green",
        "green",
        "purple",
        "purple",
        "purple",
        "purple",
        "purple",
        "green",
        "green",
        "green",
        "green",
        "green",
        "red",
        "red",
        "red",
        "red",
        "red",
        "purple",
        "purple",
        "purple",
        "purple",
        "purple",
        "red",
        "red",
        "red",
        "red",
        "red",
        "purple",
        "purple",
        "purple",
        "purple",
        "purple",
        "red",
        "red",
        "red",
        "red",
        "red",
        "purple",
        "purple",
        "purple",
        "purple",
        "purple",
        "green",
        "green",
        "green",
        "green",
        "green",
        "green",
        "green",
        "green",
        "green",
        "green",
        "green",
        "green",
        "green",
        "green"
      ],
      "mood_vectors": [
        [
          0.22167621316280597,
          0.17982054681227996,
          0.07682146477948924,
          0.013602734723120001,
          0.22670550025168767,
          0.15737587305143455,
          0.12399766721918258
        ],
        [
          0.0408722109075683,
          0.19842056145601217,
          0.18222630239058485,
          0.18295277453655967,
          0.18111095050928627,
          0.1233979696465012,
          0.09101923055348751
        ],
        [
          0.15848054046021168,
          0.1706834290448578,
          0.1826345713810085,
          0.1799343479047916,
          0.00787553859843369,
          0.2062619537763594,
          0.09412961883433738
        ],
        [
          0.27998292615866277,
          0.07462064915904525,
          0.24533425948322937,
          0.009372689654639284,
          0.11679172765076205,
          0.05725103845564461,
          0.21664670943801664
        ],
        [
          0.22775041844761806,
          0.087861184330823,
          0.14055762821109713,
          0.13785585098802736,
          0.24669969203551545,
          0.10848704976381475,
          0.05078817622310421
        ],
        [
          0.14184816966498606,
          0.17496347855064648,
          0.1253348045642572,
          0.08471260191261282,
          0.22608925763188192,
          0.05952828523317795,
          0.1875234024424375
        ],
        [
          0.19848305618059817,
          0.04197964852529263,
          0.0821245018405336,
          0.11744312360809601,
          0.04043841696783505,
          0.3718959033519938,
          0.1476353495256507
        ],
        [
          0.2666768909010884,
          0.12612147573626376,
          0.06053107190364945,
          0.07902655458749226,
          0.13981148171421187,
          0.24826123163945873,
          0.0795712935178356
        ],
        [
          0.03100366665286386,
          0.07042932062627402,
          0.26099241299784787,
          0.1098176602501102,
          0.19783470164550515,
          0.1572203007685383,
          0.17270193705886064
        ],
        [
          0.23322667355602908,
          0.01938012064776501,
          0.08931520272577131,
          0.06239682084233524,
          0.15792696986776247,
          0.26742603796897246,
          0.17032817439136452
        ],
        [
          0.059639115938955524,
          0.2812266367527053,
          0.1697987790946885,
          0.03211163850386927,
          0.2183748969317509,
          0.09272013291098631,
          0.14612879986704422
        ],
        [
          0.09444724194428958,
          0.22543386577644667,
          0.1278791945164856,
          0.17852849162379378,
          0.23788416434239276,
          0.13375802764930833,
          0.0020690141472832963
        ],
        [
          0.22019825326220638,
          0.12964264057032548,
          0.21463799641358777,
          0.21999488782539145,
          0.12269741112744369,
          0.07217873311690412,
          0.02065007768414107
        ],
        [
          0.24381068984947557,
          0.1881215810012994,
          0.142264665849373,
          0.04548776401833666,
          0.0899813391804957,
          0.13751818793767365,
          0.15281577216334602
        ],
        [
          0.17977361513547815,
          0.04500236005911572,
          0.2672837799339934,
          0.16190238404448062,
          0.016532863043108994,
          0.17631049478913505,
          0.15319450299468818
        ],
        [
          0.18330281537362514,
          0.08546091456654092,
          0.02297558128026061,
          0.28314233593446864,
          0.07863959810953534,
          0.09567881588865666,
          0.25079993884691276
        ],
        [
          0.16231875019693512,
          0.06457255532842164,
          0.04571211236627556,
          0.09222978399206293,
          0.1253845597842266,
          0.2706225231105334,
          0.23915971522154475
        ],
        [
          0.19377496257886562,
          0.0994783596024488,
          0.10363723627814579,
          0.1679642192951409,
          0.1657565222493734,
          0.17155233830078107,
          0.0978363616952444
        ],
        [
          0.04341010837427747,
          0.1360540304993757,
          0.05142028768481244,
          0.08668664157905528,
          0.23856789819658478,
          0.13042080614827192,
          0.31344022751762235
        ],
        [
          0.1114163246964938,
          0.26008505956503236,
          0.036320572519292854,
          0.11992200109121826,
          0.21545419590521594,
          0.0723635912580238,
          0.18443825496472294
        ],
        [
          0.19593619783546923,
          0.14858913900768378,
          0.30710534107379023,
          0.15827952611641052,
          0.12150574726935971,
          0.0519286984852339,
          0.016655350212052625
        ],
        [
          0.19051859607017352,
          0.16233863777024188,
          0.07957559884695564,
          0.22794570783539114,
          0.21007644420727759,
          0.04741261697774067,
          0.08213239829221952
        ],
        [
          0.09640749606687156,
          0.26277948788494576,
          0.05953932456583259,
          0.2573294312198889,
          0.03629768604158279,
          0.07604645350449933,
          0.21160012071637901
        ],
        [
          0.004488286060179115,
          0.2889280020451729,
          0.14919275944001772,
          0.056504854980951924,
          0.34396982142519583,
          0.1231822649208557,
          0.033734011127626806
        ],
        [
          0.049647714535588174,
          0.27329587474722983,
          0.15352010299832095,
          0.0920339471090821,
          0.12502815456574082,
          0.0499591286957813,
          0.25651507734825685
        ],
        [
          0.16248902157949213,
          0.1647931610935294,
          0.23197813650856933,
          0.1711453045319515,
          0.1805262794333903,
          0.009322161109666527,
          0.07974593574340072
        ],
        [
          0.11024737539117735,
          0.2245523181658467,
          0.1404251140224355,
          0.06176515112045444,
          0.10102668355350794,
          0.2368431599382295,
          0.12514019780834845
        ],
        [
          0.0003698048990837467,
          0.14637787534248997,
          0.0449174950777571,
          0.13858291301484052,
          0.33071936131934637,
          0.011048529150775881,
          0.32798402119570647
        ],
        [
          0.03807678958484565,
          0.20249901677979873,
          0.19535827932859615,
          0.11814026688525026,
          0.015000318169490514,
          0.1833207733884773,
          0.2476045558635414
        ],
        [
          0.1559445406233599,
          0.0664559400111877,
          0.1555823837578611,
          0.14669460432357834,
          0.16796178307259937,
          0.1094319320497723,
          0.1979288161616413
        ],
        [
          0.22791595673618473,
          0.23322222397607112,
          0.05110545921629199,
          0.20321596318860888,
          0.10504072148570395,
          0.02956235374093004,
          0.14993732165620935
        ],
        [
          0.003598062475039129,
          0.15992016322106148,
          0.03469598976748713,
          0.15080508078494173,
          0.23700385774029947,
          0.24802392813666196,
          0.16595291787450914
        ],
        [
          0.0011950960113045236,
          0.20736229990837635,
          0.1252045204868977,
          0.07373847112856084,
          0.25210608097739035,
          0.31741413807174895,
          0.022979393415721406
        ],
        [
          0.17643455139287326,
          0.055586751832153974,
          0.2523466538173421,
          0.20252779156967088,
          0.12849097205116974,
          0.18296181934658787,
          0.0016514599902021762
        ],
        [
          0.13832752864699202,
          0.2050918950263831,
          0.23117358026147075,
          0.07655496351408224,
          0.24320725285493305,
          0.08678148586780393,
          0.018863293828335008
        ],
        [
          0.009640600382978296,
          0.16160372335759357,
          0.1585984992190258,
          0.0755484563839693,
          0.06054642440714919,
          0.2674448339081963,
          0.26661746234108763
        ],
        [
          0.11212880016856146,
          0.2227306336440446,
          0.23094493296912072,
          0.14675220405848033,
          0.07528146917870678,
          0.20243115673683604,
          0.009730803244250049
        ],
        [
          0.13030306603161126,
          0.08523836953495835,
          0.04191524481406352,
          0.11441108486224699,
          0.15544409180240942,
          0.21810407132506743,
          0.254584071629643
        ],
        [
          0.20008956407628795,
          0.012195203185575647,
          0.24699012673825002,
          0.12716212276734362,
          0.1621104186718331,
          0.21273486403848696,
          0.03871770052222273
        ],
        [
          0.1498582297052579,
          0.20055906524845526,
          0.20634374125708313,
          0.0284494672387977,
          0.1867380857795455,
          0.15742124444846836,
          0.07063016632239215
        ],
        [
          0.1764595863694528,
          0.23853181700949885,
          0.11068929847093498,
          0.12621319088904584,
          0.09058012948223008,
          0.10689299338069153,
          0.15063298439814596
        ],
        [
          0.12372338380506658,
          0.16231636180283587,
          0.3922903259139323,
          0.10368246499568323,
          0.022017698180228314,
          0.03978545589953729,
          0.1561843094027165
        ],
        [
          0.06859725309588283,
          0.18618150684714485,
          0.06702774987758375,
          0.1683051465092211,
          0.2242082323678354,
          0.03610979360514646,
          0.24957031769718563
        ],
        [
          0.19691378003230736,
          0.20720257503386746,
          0.18136576426548418,
          0.08827832392063305,
          0.1547934236675527,
          0.13273510136130473,
          0.038711031718850424
        ],
        [
          0.18293578769426871,
          0.1195162821189193,
          0.08237109778663572,
          0.2246045040366626,
          0.1047337807194378,
          0.08875358394045799,
          0.19708496370361792
        ],
        [
          0.23153399924799076,
          0.0309745668862266,
          0.22077357642714346,
          0.1675935504437937,
          0.131001391402922,
          0.1524994197093978,
          0.06562349588252567
        ],
        [
          0.20045278162440056,
          0.15962838090509482,
          0.11531414926293462,
          0.06360785175436057,
          0.19804293160893505,
          0.09533119381367797,
          0.16762271103059634
        ],
        [
          0.012909964651111681,
          0.17185076310871464,
          0.16745118704698334,
          0.09503543851385834,
          0.1438447849191393,
          0.22271856075441304,
          0.18618930100577963
        ],
        [
          0.04884013895133721,
          0.19882333156000856,
          0.23324914808290712,
          0.0665170342382165,
          0.11254212512046054,
          0.06239733872021293,
          0.27763088332685715
        ],
        [
          0.08026215700579241,
          0.33693368998752865,
          0.03352090605558693,
          0.2134481499796181,
          0.1278817985412407,
          0.1351926492282634,
          0.07276064920196976
        ],
        [
          0.06690412257837665,
          0.17378190929630813,
          0.04630081519659973,
          0.18344161536537204,
          0.0762440120867924,
          0.21812901880590999,
          0.23519850667064118
        ],
        [
          0.18308765665188417,
          0.22493434392241896,
          0.10443199027898298,
          0.12255608907599573,
          0.08141255445763917,
          0.08402788518646079,
          0.19954948042661816
        ],
        [
          0.05926991975787149,
          0.18027642879514025,
          0.3563064521757912,
          0.26237694925709576,
          0.0168630898775539,
          0.10657970441251313,
          0.018327455724034283
        ],
        [
          0.174683633164922,
          0.15225192951701758,
          0.13542946974931055,
          0.16351982537046567,
          0.09935899670575588,
          0.11768071079006961,
          0.15707543470245874
        ],
        [
          0.3257445745880305,
          0.062031511084810725,
          0.06639642283515511,
          0.11228251481971849,
          0.32394272541364943,
          0.09088367502020925,
          0.018718576238426436
        ],
        [
          0.20873341138297402,
          0.14978085335061075,
          0.10537273331208777,
          0.05749367702269436,
          0.10405862179444468,
          0.16414810844326985,
          0.21041259469391865
        ],
        [
          0.1286205486619561,
          0.21365774154913053,
          0.22988967184384168,
          0.12703858171654214,
          0.04345011214466899,
          0.06700231572858165,
          0.1903410283552789
        ],
        [
          0.233593015054083,
          0.22257180173898272,
          0.2118765508298626,
          0.10816055170660951,
          0.16282697000997803,
          0.030159496996973217,
          0.030811613663511036
        ],
        [
          0.1784707624578999,
          0.0645851519714665,
          0.04010238272666379,
          0.18843185799790246,
          0.1900230502583758,
          0.187041497037433,
          0.1513452975502586
        ],
        [
          0.07087312382449044,
          0.14665673167232546,
          0.3017476768308211,
          0.21303875331547814,
          0.12604662053562515,
          0.10327233120563152,
          0.038364762615628184
        ],
        [
          0.1709490511644689,
          0.21757334962092686,
          0.022215720802800095,
          0.17917835278642136,
          0.07423886724037373,
          0.09974801727947655,
          0.23609664110553238
        ],
        [
          0.23512499899664024,
          0.10212756719218644,
          0.20944309401267405,
          0.12583467254458564,
          0.08379949046621361,
          0.23484238390883078,
          0.008827792878869185
        ],
        [
          0.19745885820858333,
          0.20532802794941393,
          0.16525290396241119,
          0.1826537320192803,
          0.1690773545829724,
          0.026741641048449786,
          0.05348748222888904
        ],
        [
          0.09953746840809631,
          0.053111667868752176,
          0.07241849409835448,
          0.29853353098930535,
          0.24460611708203056,
          0.07355468975911311,
          0.158238031794348
        ],
        [
          0.1838863625309712,
          0.2118210319339265,
          0.11029495982183438,
          0.0723402598397406,
          0.17191511111085345,
          0.07494411506738301,
          0.17479815969529092
        ],
        [
          0.15454960603296694,
          0.17048659231618662,
          0.06089384439530662,
          0.1660616543097299,
          0.08608635982590171,
          0.20577033720569027,
          0.15615160591421787
        ],
        [
          0.2600133374558831,
          0.2588980973192875,
          0.07062636877998364,
          0.2989005158551312,
          0.03470003492239714,
          0.041497787932067494,
          0.03536385773524988
        ],
        [
          0.19052959838416042,
          0.23991196584118013,
          0.13842921164481348,
          0.17325717248065736,
          0.05274378272603488,
          0.11107556438021887,
          0.09405270454293492
        ],
        [
          0.2746437148128511,
          0.06873521685063037,
          0.07869908276183141,
          0.24443823352366909,
          0.0979012911255409,
          0.08630622743651353,
          0.14927623348896363
        ],
        [
          0.038844936332693876,
          0.16510449333125518,
          0.06326591364897216,
          0.15889688682979813,
          0.12650963351006958,
          0.12315183830201326,
          0.32422629804519776
        ],
        [
          0.19833913587406174,
          0.05511981010290807,
          0.12968051765465635,
          0.07718763138952703,
          0.20460906751251695,
          0.16089900035083907,
          0.17416483711549088
        ],
        [
          0.22386933243216744,
          0.03174462484423896,
          0.21586806554431637,
          0.26710464430312697,
          0.03452534267283823,
          0.14595812473782396,
          0.080929865465488
        ],
        [
          0.21024554275519372,
          0.1227212369651236,
          0.14022925240397702,
          0.0500205097191808,
          0.16547470556268362,
          0.2017693119035473,
          0.10953944069029395
        ],
        [
          0.2122082200530566,
          0.18691679745837445,
          0.2286575755541436,
          0.18259910680359084,
          0.019419606965936878,
          0.03573912579379548,
          0.13445956737110215
        ],
        [
          0.2530175513057338,
          0.10816060364729212,
          0.029388869975190274,
          0.19884111501023213,
          0.15048295692137234,
          0.04270457710155055,
          0.2174043260386288
        ],
        [
          0.20798525280971458,
          0.14669312577554552,
          0.14667547659010832,
          0.15132888938247208,
          0.14702321238912047,
          0.02022208929954712,
          0.18007195375349197
        ],
        [
          0.08729795972239515,
          0.10912790691701857,
          0.11683792336681732,
          0.26477138843215936,
          0.1685321180839323,
          0.06659606964515277,
          0.1868366338325246
        ],
        [
          0.17794312884228586,
          0.18051176699045984,
          0.11725307543407204,
          0.07240737099614973,
          0.12661665175204426,
          0.1456191011120784,
          0.1796489048729098
        ],
        [
          0.4006772966571559,
          0.034768434702410596,
          0.2374657294525368,
          0.009086617797324077,
          0.0019207868551424302,
          0.1669666724794967,
          0.1491144620559335
        ],
        [
          0.01518223679679493,
          0.021146605877227973,
          0.141071804083638,
          0.19075185959454305,
          0.2947511213997779,
          0.15113251314043813,
          0.18596385910758
        ],
        [
          0.30691025387592974,
          0.2086578420399955,
          0.04265516891455654,
          0.08991682119059623,
          0.06976767092958368,
          0.21788340412519794,
          0.06420883892414048
        ],
        [
          0.23310569175150075,
          0.3182626472379161,
          0.017950824056209517,
          0.06961524372158107,
          0.08155337629860859,
          0.021846823737358897,
          0.257665393196825
        ],
        [
          0.0971048670972393,
          0.10814345018231789,
          0.2017467425383582,
          0.16403053367693493,
          0.11866410485322357,
          0.13505721252497127,
          0.1752530891269549
        ],
        [
          0.12824546359162836,
          0.20039805927365872,
          0.07147894013193144,
          0.05832729004286613,
          0.04626069468036376,
          0.2515842847762963,
          0.2437052675032553
        ],
        [
          0.18766076876017734,
          0.10402538874715134,
          0.13931140211080065,
          0.20937516201685716,
          0.0929992835641485,
          0.08473550741236005,
          0.1818924873885049
        ],
        [
          0.07103641366266261,
          0.0967273160381702,
          0.24687840212011852,
          0.20113178798066714,
          0.04088063701237727,
          0.16436701123018194,
          0.17897843195582236
        ],
        [
          0.16844621177680488,
          0.10941148786026679,
          0.10794276337650538,
          0.2073895900126843,
          0.058604020084871304,
          0.11990519115266612,
          0.2283007357362012
        ],
        [
          0.25886778563815516,
          0.2518763056370602,
          0.13001355928214456,
          0.11272029514852183,
          0.1434005028523142,
          0.014937971780930037,
          0.08818357966087402
        ],
        [
          0.20381407768101906,
          0.1718758611240705,
          0.1870518001539289,
          0.06006822163909896,
          0.11536676801635937,
          0.19230616629267913,
          0.06951710509284403
        ],
        [
          0.14914100620417234,
          0.0050083734589451865,
          0.2816950086687499,
          0.23889049355982972,
          0.2178317367204333,
          0.02558573792538371,
          0.0818476434624858
        ],
        [
          0.1232018957033963,
          0.22443544177922026,
          0.126843921253524,
          0.25317509162451685,
          0.20695477332762216,
          0.016206519641341083,
          0.049182356670379325
        ],
        [
          0.014424559141498915,
          0.11829515522688752,
          0.07928460289945201,
          0.1955735736208821,
          0.23347088102045088,
          0.133269343268396,
          0.22568188482243268
        ],
        [
          0.03490905002996882,
          0.03785337199943475,
          0.14204180064463126,
          0.3144065192574155,
          0.1590372581798603,
          0.032877992519215644,
          0.27887400736947365
        ],
        [
          0.059462060750803535,
          0.24236599829832783,
          0.09357606150841152,
          0.15876905805641195,
          0.10780562516471207,
          0.07972096571813282,
          0.2583002305032003
        ]
      ],
      "timestamps": [
        0,
        1,
        2,
        3,
        4,
        5,
        6,
        7,
        8,
        9,
        10,
        11,
        12,
        13,
        14,
        15,
        16,
        17,
        18,
        19,
        20,
        21,
        22,
        23,
        24,
        25,
        26,
        27,
        28,
        29,
        30,
        31,
        32,
        33,
        34,
        35,
        36,
        37,
        38,
        39,
        40,
        41,
        42,
        43,
        44,
        45,
        46,
        47,
        48,
        49,
        50,
        51,
        52,
        53,
        54,
        55,
        56,
        57,
        58,
        59,
        60,
        61,
        62,
        63,
        64,
        65,
        66,
        67,
        68,
        69,
        70,
        71,
        72,
        73,
        74,
        75,
        76,
        77,
        78,
        79,
        80,
        81,
        82,
        83,
        84,
        85,
        86,
        87,
        88,
        89,
        90,
        91,
        92,
        93
      ],
      "distance": 206.5
    },
    {
      "trip_id": 1,
      "transport_method": "foot",
      "start_time": 94,
      "path": [
        [
          1.5206607999999997,
          42.5059998
        ],
        [
          1.5206607999999997,
          42.5059998
        ],
        [
          1.5206607999999997,
          42.5059998
        ],
        [
          1.5206607999999997,
          42.5059998
        ],
        [
          1.5206607999999997,
          42.5059998
        ],
        [
          1.5206607999999997,
          42.5059998
        ]
      ],
      "emotions": [
        "green",
        "red",
        "red",
        "red",
        "red",
        "red"
      ],
      "mood_vectors": [
        [
          0.06727475928585966,
          0.0884170046849864,
          0.09362963273888981,
          0.18612890782304717,
          0.26917136808999326,
          0.06670222284133782,
          0.2286761045358858
        ],
        [
          0.12332005855143655,
          0.2235082484929723,
          0.0434173955559422,
          0.2867548165428092,
          0.08898625665279888,
          0.15386525047581232,
          0.08014797372822852
        ],
        [
          0.12245242146122184,
          0.1917801342798227,
          0.15699656498546632,
          0.23178008237366243,
          0.005118801305578917,
          0.08015730655606988,
          0.2117146890381778
        ],
        [
          0.17109636519382926,
          0.2216693753388716,
          0.12964462552141512,
          0.14693650235776023,
          0.1121044668649429,
          0.09060181057634233,
          0.1279468541468385
        ],
        [
          0.11454993593337855,
          0.04178415783695251,
          0.1553093869635071,
          0.19786785203060653,
          0.13128444510699724,
          0.21979958542152073,
          0.13940463670703743
        ],
        [
          0.21786423767755655,
          0.14003595735976318,
          0.20463804905136782,
          0.024507984613808563,
          0.23134464484945796,
          0.17466819245420132,
          0.006940933993844581
        ]
      ],
      "timestamps": [
        94,
        95,
        96,
        97,
        98,
        99
      ],
      "distance": 343.7
    }
  ],
  "conversation": [
    "Oh, look at that!",
    "Feels like everyone's out today.",
    "I could get used to this fog."
  ],
  "conversation_timestamps": [
    69,
    84,
    99
  ]
}
