{"agent_id": "agent-orange-1728", "type": "orange", "trips": [{"trip_id": 0, "transport_method": "car", "start_time": 0, "path": [[1.4939411, 42.4647531], [1.4946448, 42.4655706], [1.4935951, 42.4660273], [1.492532, 42.466509], [1.491584, 42.4672205], [1.4917067, 42.468413], [1.4920512, 42.4695724], [1.4918148, 42.4707493], [1.4912497, 42.4718221], [1.4906831, 42.4728943], [1.4905481, 42.4740762], [1.4908326, 42.4752362], [1.4907184, 42.476423], [1.4904574, 42.4775779], [1.4902676, 42.4787758], [1.4900777, 42.4799738], [1.4898878, 42.4811717], [1.4895846, 42.4815523], [1.4894122, 42.480355], [1.4895372, 42.4791702], [1.4901571, 42.4781306], [1.4906419, 42.4770257], [1.4905797, 42.4771251], [1.4904839, 42.4783342], [1.4903881, 42.4795432], [1.4902923, 42.4807523], [1.4901965, 42.4819614], [1.4904524, 42.4830896], [1.4910095, 42.4841566], [1.4919557, 42.4847573], [1.4930356, 42.4851614], [1.4940258, 42.4858523], [1.4947081, 42.4868271], [1.4947029, 42.4880234], [1.4953905, 42.4890009], [1.4961715, 42.4899277], [1.4963759, 42.4911044], [1.4973643, 42.4918032], [1.4984177, 42.4924032], [1.4994812, 42.492985], [1.5004188, 42.4937514], [1.5013155, 42.4944603], [1.5024137, 42.4949747], [1.5035296, 42.4954434], [1.5046345, 42.4959307], [1.50576, 42.496373], [1.5069055, 42.4967711], [1.5080393, 42.4972008], [1.5091324, 42.4977264], [1.5102041, 42.4982915], [1.5109894, 42.4992109], [1.5117407, 42.500163], [1.5124692, 42.5011327], [1.5131775, 42.5021169], [1.5129948, 42.5018454], [1.5135107, 42.5025288], [1.5143851, 42.5033694], [1.5152594, 42.50421], [1.5161738, 42.5049983], [1.5172109, 42.5053893], [1.5183852, 42.5054287], [1.519582, 42.5056123], [1.5207405, 42.5059113], [1.5218779, 42.5062906], [1.5230453, 42.5066141], [1.5242242, 42.5068958], [1.5253872, 42.507083], [1.526592, 42.507223], [1.5255909, 42.5071181], [1.5259048, 42.5071385], [1.527111, 42.5072634], [1.52792, 42.5080337], [1.5288542, 42.5087414], [1.5291631, 42.5089597], [1.5303272, 42.5092962], [1.531467, 42.5096288], [1.5325609, 42.510079], [1.5335652, 42.5107488], [1.5344563, 42.5114984], [1.5354891, 42.5121322]], "mood_vectors": [[0.0429, 0.0659, 0.0211, 0.0407, 0.6996, 0.0739, 0.0559], [0.0128, 0.0147, 0.039, 0.0735, 0.7789, 0.0548, 0.0263], [0.0889, 0.0944, 0.0729, 0.0276, 0.6084, 0.0356, 0.0721], [0.0953, 0.0445, 0.0573, 0.0397, 0.6543, 0.0506, 0.0584], [0.0405, 0.0552, 0.0708, 0.0663, 0.6979, 0.0288, 0.0405], [0.0484, 0.0137, 0.0151, 0.0439, 0.7434, 0.0683, 0.0672], [0.0666, 0.0398, 0.0751, 0.0506, 0.6911, 0.0255, 0.0513], [0.0848, 0.0299, 0.0396, 0.0595, 0.6541, 0.0801, 0.052], [0.0578, 0.0179, 0.0335, 0.0486, 0.7338, 0.0213, 0.0871], [0.0852, 0.0174, 0.0363, 0.031, 0.6935, 0.0823, 0.0543], [0.0769, 0.0323, 0.0389, 0.0471, 0.7337, 0.019, 0.0521], [0.077, 0.0662, 0.0305, 0.0199, 0.7194, 0.0441, 0.0429], [0.0138, 0.0201, 0.0467, 0.0723, 0.7429, 0.0171, 0.0871], [0.0263, 0.0725, 0.0182, 0.0622, 0.7252, 0.0562, 0.0394], [0.0148, 0.0856, 0.0201, 0.0782, 0.6452, 0.0574, 0.0987], [0.0142, 0.0232, 0.041, 0.0798, 0.7344, 0.0785, 0.029], [0.0225, 0.0555, 0.0419, 0.066, 0.7091, 0.0449, 0.0601], [0.0231, 0.0258, 0.0792, 0.0244, 0.7438, 0.0837, 0.0199], [0.0187, 0.0269, 0.0333, 0.0593, 0.7545, 0.0212, 0.086], [0.0263, 0.0217, 0.0686, 0.0234, 0.7807, 0.0614, 0.0179], [0.0404, 0.0642, 0.0162, 0.0403, 0.7382, 0.0373, 0.0636], [0.0422, 0.052, 0.0727, 0.0437, 0.681, 0.0655, 0.043], [0.0494, 0.0487, 0.0465, 0.0303, 0.6985, 0.0874, 0.0392], [0.0647, 0.0491, 0.0474, 0.0656, 0.6812, 0.0371, 0.055], [0.0238, 0.0256, 0.052, 0.0257, 0.815, 0.0366, 0.0213], [0.0623, 0.0477, 0.0571, 0.0547, 0.6791, 0.0489, 0.0502], [0.0561, 0.0328, 0.0565, 0.0195, 0.7435, 0.023, 0.0686], [0.0177, 0.0127, 0.0498, 0.0713, 0.7373, 0.0424, 0.0689], [0.0134, 0.0331, 0.0665, 0.0657, 0.7932, 0.0156, 0.0125], [0.0712, 0.0229, 0.0895, 0.0584, 0.6974, 0.0201, 0.0405], [0.0688, 0.0434, 0.0398, 0.0571, 0.6771, 0.0479, 0.0659], [0.0949, 0.0257, 0.0451, 0.0859, 0.6746, 0.0403, 0.0336], [0.0536, 0.0733, 0.0811, 0.0167, 0.685, 0.0232, 0.0672], [0.0368, 0.0301, 0.077, 0.0236, 0.7186, 0.069, 0.0448], [0.0514, 0.0262, 0.0647, 0.0746, 0.6891, 0.0341, 0.06], [0.0363, 0.0572, 0.0499, 0.0587, 0.6694, 0.0607, 0.0679], [0.0713, 0.0476, 0.0614, 0.0612, 0.6079, 0.0787, 0.0719], [0.0456, 0.0769, 0.0743, 0.0776, 0.6295, 0.0487, 0.0474], [0.0605, 0.0691, 0.0397, 0.0727, 0.7103, 0.0303, 0.0174], [0.0424, 0.021, 0.0383, 0.0664, 0.7267, 0.0429, 0.0624], [0.0631, 0.0616, 0.0694, 0.076, 0.6394, 0.0739, 0.0166], [0.0497, 0.0453, 0.0694, 0.0369, 0.6972, 0.0791, 0.0224], [0.045, 0.0581, 0.019, 0.0651, 0.7406, 0.0597, 0.0125], [0.0669, 0.0153, 0.0743, 0.0353, 0.7575, 0.0196, 0.0311], [0.072, 0.0483, 0.0436, 0.0532, 0.6755, 0.0426, 0.0648], [0.0512, 0.0314, 0.0573, 0.0884, 0.646, 0.039, 0.0866], [0.0341, 0.0814, 0.0627, 0.0835, 0.679, 0.0186, 0.0408], [0.0675, 0.0714, 0.0398, 0.0334, 0.6727, 0.0532, 0.062], [0.0595, 0.0405, 0.0227, 0.0736, 0.6753, 0.0719, 0.0564], [0.048, 0.0558, 0.0444, 0.0693, 0.6839, 0.0209, 0.0776], [0.0457, 0.0302, 0.0534, 0.0917, 0.6173, 0.0902, 0.0715], [0.0862, 0.049, 0.0207, 0.0685, 0.7004, 0.0625, 0.0128], [0.0637, 0.0347, 0.0827, 0.0227, 0.7055, 0.0213, 0.0694], [0.0635, 0.0274, 0.0338, 0.0525, 0.7142, 0.0443, 0.0642], [0.0232, 0.0275, 0.0638, 0.0511, 0.7325, 0.0425, 0.0594], [0.0266, 0.0614, 0.0428, 0.0512, 0.7341, 0.0465, 0.0373], [0.0698, 0.0808, 0.058, 0.0353, 0.6948, 0.0292, 0.032], [0.0216, 0.0786, 0.0389, 0.0705, 0.7232, 0.0539, 0.0134], [0.0391, 0.077, 0.0355, 0.0766, 0.6949, 0.0154, 0.0614], [0.0446, 0.068, 0.0745, 0.0303, 0.695, 0.0193, 0.0683], [0.0787, 0.0701, 0.0537, 0.0197, 0.6784, 0.0635, 0.0358], [0.0689, 0.0496, 0.0623, 0.0559, 0.6826, 0.0158, 0.0649], [0.0689, 0.0639, 0.0383, 0.0649, 0.6611, 0.062, 0.041], [0.0771, 0.0346, 0.0204, 0.027, 0.7566, 0.02, 0.0643], [0.0832, 0.0232, 0.0694, 0.0568, 0.7018, 0.0369, 0.0288], [0.0487, 0.0503, 0.0636, 0.064, 0.7246, 0.0309, 0.0179], [0.026, 0.0334, 0.0415, 0.0319, 0.818, 0.0261, 0.023], [0.089, 0.0758, 0.0892, 0.0566, 0.5569, 0.0773, 0.0552], [0.0481, 0.0168, 0.0382, 0.055, 0.74, 0.0416, 0.0603], [0.0645, 0.0676, 0.0673, 0.0256, 0.721, 0.021, 0.0332], [0.0318, 0.0634, 0.0222, 0.0665, 0.7356, 0.0549, 0.0257], [0.0289, 0.0728, 0.0379, 0.0492, 0.7222, 0.027, 0.062], [0.0238, 0.0695, 0.0733, 0.0295, 0.7113, 0.026, 0.0665], [0.0689, 0.0403, 0.046, 0.0295, 0.749, 0.0402, 0.0261], [0.0331, 0.0393, 0.0276, 0.0163, 0.7325, 0.0715, 0.0796], [0.0269, 0.0344, 0.0323, 0.0227, 0.7724, 0.0927, 0.0186], [0.0389, 0.0422, 0.0568, 0.0168, 0.7903, 0.0223, 0.0328], [0.0164, 0.0747, 0.0175, 0.0579, 0.685, 0.0736, 0.0749], [0.0368, 0.0231, 0.0286, 0.0293, 0.7846, 0.0296, 0.068], [0.041, 0.0699, 0.0374, 0.0719, 0.664, 0.0517, 0.0641]], "emotions": ["red", "red", "red", "red", "red", "red", "red", "red", "red", "red", "red", "red", "red", "red", "red", "red", "red", "red", "red", "red", "red", "red", "red", "red", "red", "red", "red", "red", "red", "red", "red", "red", "red", "red", "red", "red", "red", "red", "red", "red", "red", "red", "red", "red", "red", "red", "red", "red", "red", "red", "red", "red", "red", "red", "red", "red", "red", "red", "red", "red", "red", "red", "red", "red", "red", "red", "red", "red", "red", "red", "red", "red", "red", "red", "red", "red", "red", "red", "red", "red"], "timestamps": [0, 40, 80, 120, 160, 200, 240, 280, 320, 360, 400, 440, 480, 520, 560, 600, 640, 680, 720, 760, 800, 840, 880, 920, 960, 1000, 1040, 1080, 1120, 1160, 1200, 1240, 1280, 1320, 1360, 1400, 1440, 1480, 1520, 1560, 1600, 1640, 1680, 1720, 1760, 1800, 1840, 1880, 1920, 1960, 2000, 2040, 2080, 2120, 2160, 2200, 2240, 2280, 2320, 2360, 2400, 2440, 2480, 2520, 2560, 2600, 2640, 2680, 2720, 2760, 2800, 2840, 2880, 2920, 2960, 3000, 3040, 3080, 3120, 3160]}], "conversation": [], "conversation_timestamps": []}