{"agent_id": "agent-red-1746", "type": "red", "trips": [{"trip_id": 0, "transport_method": "bus", "start_time": 0, "path": [[1.4918816, 42.4845073], [1.492457, 42.4846023], [1.49296, 42.4849163], [1.4934463, 42.4852537], [1.4939439, 42.4855742], [1.4943751, 42.485981], [1.4947273, 42.4864552], [1.4948898, 42.4870199], [1.4948261, 42.487608], [1.4950248, 42.488145], [1.4954595, 42.488502], [1.4958729, 42.4888892], [1.4962205, 42.4893698], [1.4962973, 42.4894267], [1.4959372, 42.4889554], [1.4956641, 42.4886283], [1.4959123, 42.489167], [1.4961606, 42.4897056], [1.4963389, 42.4902643], [1.4963655, 42.4908564], [1.4966334, 42.4913191], [1.4971276, 42.491647], [1.4976265, 42.4919674], [1.4981434, 42.492258], [1.4986681, 42.4925346], [1.499194, 42.4928085], [1.4996842, 42.4931406], [1.5001482, 42.4935099], [1.5005684, 42.4939247], [1.5009625, 42.4942933], [1.5015001, 42.4945438], [1.5020384, 42.4947925], [1.5025716, 42.4950523], [1.5031096, 42.4953012], [1.5036718, 42.4954887], [1.5042209, 42.4957061], [1.5047421, 42.4959892], [1.5052866, 42.4962204], [1.5058511, 42.4964024], [1.5064117, 42.4965959], [1.5069706, 42.4967942], [1.5075277, 42.4969977], [1.5080775, 42.4972192], [1.508612, 42.4974762], [1.5091465, 42.4977332], [1.5096767, 42.497999], [1.510195, 42.4982853], [1.5105976, 42.4987164], [1.510966, 42.4991813], [1.5113342, 42.4996462], [1.5117016, 42.5001118], [1.5120582, 42.5005857], [1.5124144, 42.5010599], [1.5127707, 42.501534], [1.5131111, 42.5020195], [1.5131593, 42.5021137], [1.5129124, 42.5017267], [1.5132508, 42.5022138], [1.5134594, 42.5025005], [1.5138148, 42.5028212], [1.5142424, 42.5032322], [1.5146699, 42.5036433], [1.5150975, 42.5040543], [1.515525, 42.5044653], [1.515967, 42.50486], [1.5164936, 42.5051186], [1.516968, 42.5053444], [1.5175234, 42.5054266], [1.5180854, 42.5053737], [1.5183742, 42.5056916], [1.5186151, 42.506143], [1.5189185, 42.5063369], [1.5192248, 42.5066086], [1.5197391, 42.5068892], [1.5202405, 42.5071975], [1.5207304, 42.5074334], [1.521323, 42.5074574], [1.5217513, 42.5072689], [1.5217702, 42.5069341], [1.521785, 42.5073472]], "mood_vectors": [[0.6767, 0.0738, 0.0239, 0.0247, 0.077, 0.0399, 0.0841], [0.682, 0.0346, 0.0531, 0.0831, 0.083, 0.0222, 0.042], [0.7036, 0.0173, 0.0305, 0.0882, 0.0603, 0.0757, 0.0245], [0.6657, 0.0907, 0.0213, 0.0344, 0.0326, 0.0818, 0.0735], [0.6751, 0.0772, 0.0736, 0.02, 0.0835, 0.0363, 0.0343], [0.6677, 0.0495, 0.0567, 0.0902, 0.0877, 0.0146, 0.0336], [0.7203, 0.083, 0.0163, 0.0758, 0.015, 0.0446, 0.0451], [0.7284, 0.031, 0.0748, 0.0502, 0.0226, 0.0605, 0.0326], [0.6463, 0.0259, 0.0736, 0.056, 0.0601, 0.0558, 0.0822], [0.6369, 0.0183, 0.0693, 0.0844, 0.0433, 0.0912, 0.0565], [0.7351, 0.0643, 0.0558, 0.0126, 0.0604, 0.0173, 0.0544], [0.7451, 0.0233, 0.0671, 0.0452, 0.0256, 0.0532, 0.0404], [0.7438, 0.0217, 0.0505, 0.0153, 0.0588, 0.0394, 0.0705], [0.75, 0.0392, 0.0136, 0.0576, 0.0505, 0.0635, 0.0256], [0.7152, 0.0924, 0.0825, 0.0289, 0.0223, 0.0171, 0.0416], [0.6845, 0.0522, 0.0837, 0.0499, 0.0608, 0.0548, 0.0142], [0.6822, 0.0868, 0.022, 0.062, 0.0258, 0.0258, 0.0953], [0.7111, 0.0394, 0.0175, 0.0665, 0.0127, 0.082, 0.0707], [0.7244, 0.0248, 0.0618, 0.0288, 0.0243, 0.0605, 0.0754], [0.6629, 0.0223, 0.0327, 0.0968, 0.0518, 0.0484, 0.0851], [0.6827, 0.0431, 0.0684, 0.0537, 0.0546, 0.0412, 0.0562], [0.6927, 0.0832, 0.0715, 0.0172, 0.0442, 0.019, 0.0723], [0.6494, 0.0823, 0.0771, 0.0715, 0.0322, 0.0715, 0.0161], [0.6649, 0.0383, 0.0786, 0.0379, 0.0826, 0.0437, 0.054], [0.7235, 0.0446, 0.0852, 0.0395, 0.0396, 0.0521, 0.0155], [0.7264, 0.0241, 0.0388, 0.057, 0.0724, 0.0166, 0.0647], [0.7059, 0.0572, 0.0446, 0.0719, 0.016, 0.029, 0.0754], [0.6281, 0.047, 0.0394, 0.0841, 0.0669, 0.0676, 0.0668], [0.8194, 0.0164, 0.0489, 0.0189, 0.0199, 0.0204, 0.0561], [0.6295, 0.0764, 0.0479, 0.0771, 0.0851, 0.028, 0.0559], [0.6604, 0.0737, 0.0449, 0.0719, 0.0199, 0.0603, 0.069], [0.729, 0.0556, 0.0292, 0.0791, 0.0211, 0.0426, 0.0433], [0.7121, 0.0878, 0.0319, 0.0398, 0.0142, 0.0595, 0.0548], [0.7052, 0.0591, 0.066, 0.0658, 0.0165, 0.0152, 0.0722], [0.685, 0.0821, 0.0465, 0.0593, 0.0802, 0.0312, 0.0158], [0.6457, 0.0733, 0.0433, 0.0598, 0.0543, 0.0567, 0.0669], [0.6461, 0.1037, 0.021, 0.0961, 0.0183, 0.0399, 0.0751], [0.7026, 0.0228, 0.0226, 0.0607, 0.0476, 0.0722, 0.0715], [0.6967, 0.0247, 0.0696, 0.0754, 0.0629, 0.0443, 0.0265], [0.7793, 0.0481, 0.0372, 0.0209, 0.0807, 0.0179, 0.0158], [0.7121, 0.0216, 0.0539, 0.0314, 0.0513, 0.0645, 0.0651], [0.7133, 0.0467, 0.0731, 0.0529, 0.0291, 0.0151, 0.0697], [0.6532, 0.0611, 0.0185, 0.0402, 0.0504, 0.0857, 0.091], [0.6853, 0.0252, 0.0611, 0.0464, 0.0552, 0.0659, 0.0608], [0.6936, 0.0687, 0.0346, 0.0715, 0.0293, 0.0688, 0.0336], [0.6619, 0.022, 0.0302, 0.0834, 0.035, 0.0916, 0.076], [0.7511, 0.0355, 0.0207, 0.058, 0.0388, 0.0687, 0.0274], [0.6381, 0.0889, 0.0713, 0.0255, 0.0548, 0.0672, 0.0542], [0.7728, 0.0321, 0.0613, 0.023, 0.0511, 0.0448, 0.0149], [0.7299, 0.0511, 0.0782, 0.0297, 0.0286, 0.0186, 0.0639], [0.8054, 0.0631, 0.067, 0.0127, 0.0195, 0.0203, 0.012], [0.6864, 0.0315, 0.0402, 0.0705, 0.0242, 0.0657, 0.0814], [0.7176, 0.0323, 0.0391, 0.0738, 0.0357, 0.0489, 0.0526], [0.685, 0.0412, 0.0498, 0.0595, 0.0181, 0.07, 0.0764], [0.7242, 0.0676, 0.0314, 0.0743, 0.0142, 0.0221, 0.0661], [0.6367, 0.0618, 0.088, 0.0611, 0.0799, 0.0348, 0.0376], [0.7734, 0.068, 0.0262, 0.019, 0.015, 0.0279, 0.0703], [0.6057, 0.0584, 0.0493, 0.0818, 0.0589, 0.0674, 0.0786], [0.7676, 0.0235, 0.0441, 0.0688, 0.0115, 0.0527, 0.0318], [0.7818, 0.0531, 0.0369, 0.0179, 0.0696, 0.0289, 0.0117], [0.7232, 0.0369, 0.0494, 0.037, 0.0694, 0.0342, 0.0499], [0.5978, 0.0292, 0.0812, 0.0516, 0.0751, 0.0822, 0.083], [0.7432, 0.0683, 0.0432, 0.0619, 0.0455, 0.0159, 0.022], [0.6952, 0.0746, 0.0734, 0.0388, 0.0328, 0.0592, 0.0258], [0.66, 0.063, 0.0845, 0.0652, 0.0429, 0.054, 0.0303], [0.6475, 0.0204, 0.1009, 0.0389, 0.1026, 0.0423, 0.0474], [0.6153, 0.0891, 0.0698, 0.084, 0.0486, 0.0419, 0.0512], [0.6394, 0.0893, 0.0903, 0.0433, 0.0335, 0.0603, 0.0439], [0.7516, 0.0428, 0.0513, 0.0443, 0.0302, 0.0543, 0.0253], [0.7343, 0.042, 0.0237, 0.0504, 0.0319, 0.0417, 0.076], [0.7061, 0.0809, 0.0294, 0.0167, 0.0663, 0.0571, 0.0435], [0.6669, 0.0357, 0.0712, 0.043, 0.0511, 0.0868, 0.0453], [0.6882, 0.0733, 0.0186, 0.0407, 0.0555, 0.0761, 0.0476], [0.6342, 0.0614, 0.081, 0.0197, 0.0325, 0.0699, 0.1012], [0.7009, 0.0569, 0.0544, 0.0384, 0.0409, 0.0723, 0.0362], [0.7733, 0.0137, 0.0803, 0.0717, 0.0136, 0.016, 0.0315], [0.6269, 0.069, 0.0444, 0.0563, 0.0791, 0.0468, 0.0775], [0.7323, 0.0206, 0.0511, 0.0567, 0.0721, 0.0164, 0.0508], [0.6993, 0.0342, 0.0244, 0.0783, 0.0634, 0.0422, 0.0582], [0.6806, 0.0779, 0.0311, 0.0649, 0.0529, 0.0503, 0.0423]], "emotions": ["red", "red", "red", "red", "red", "red", "red", "red", "red", "red", "red", "red", "red", "red", "red", "red", "red", "red", "red", "red", "red", "red", "red", "red", "red", "red", "red", "red", "red", "red", "red", "red", "red", "red", "red", "red", "red", "red", "red", "red", "red", "red", "red", "red", "red", "red", "red", "red", "red", "red", "red", "red", "red", "red", "red", "red", "red", "red", "red", "red", "red", "red", "red", "red", "red", "red", "red", "red", "red", "red", "red", "red", "red", "red", "red", "red", "red", "red", "red", "red"], "timestamps": [0, 40, 80, 120, 160, 200, 240, 280, 320, 360, 400, 440, 480, 520, 560, 600, 640, 680, 720, 760, 800, 840, 880, 920, 960, 1000, 1040, 1080, 1120, 1160, 1200, 1240, 1280, 1320, 1360, 1400, 1440, 1480, 1520, 1560, 1600, 1640, 1680, 1720, 1760, 1800, 1840, 1880, 1920, 1960, 2000, 2040, 2080, 2120, 2160, 2200, 2240, 2280, 2320, 2360, 2400, 2440, 2480, 2520, 2560, 2600, 2640, 2680, 2720, 2760, 2800, 2840, 2880, 2920, 2960, 3000, 3040, 3080, 3120, 3160]}], "conversation": [], "conversation_timestamps": []}