{"agent_id": "agent-purple-89", "type": "purple", "trips": [{"trip_id": 0, "transport_method": "foot", "start_time": 0, "path": [[1.733257, 42.5423079], [1.735276, 42.5452954], [1.7342228, 42.5471477], [1.7314405, 42.5457938], [1.7269674, 42.5440634], [1.7221714, 42.5437512], [1.7173614, 42.5439145], [1.7125505, 42.5440444], [1.7077459, 42.5443121], [1.7029671, 42.5448198], [1.6989124, 42.5471548], [1.6957263, 42.5506729], [1.6921161, 42.5538097], [1.6888859, 42.5573685], [1.6870876, 42.5563822], [1.6833019, 42.5542596], [1.6823725, 42.5540239], [1.685074, 42.5548635], [1.6805851, 42.5531314], [1.6794556, 42.5521629], [1.6815652, 42.5492131], [1.6840894, 42.546003], [1.6837538, 42.543622], [1.6808774, 42.540893], [1.6766418, 42.5386667], [1.6739187, 42.5394042], [1.6692978, 42.5392799], [1.6645823, 42.5391574], [1.662295, 42.5384388], [1.6582447, 42.5406234], [1.6537399, 42.542151], [1.6494475, 42.5422846], [1.644818, 42.5412328], [1.640097, 42.5402972], [1.6361076, 42.5395544], [1.6406032, 42.5407823], [1.6449023, 42.5418918], [1.6435982, 42.5409896], [1.6388777, 42.540052], [1.6341801, 42.5390835], [1.6302111, 42.5389447], [1.6255029, 42.5381701], [1.6209833, 42.5369533], [1.6174227, 42.5355552], [1.6221619, 42.5353903], [1.6266133, 42.5362378], [1.6229195, 42.5377383], [1.6184554, 42.5359399], [1.6176774, 42.5362878], [1.6164677, 42.5368568], [1.6117672, 42.5364021], [1.607016, 42.5362169], [1.6022202, 42.5366207], [1.6035591, 42.537019], [1.6079038, 42.5361181], [1.6036942, 42.5364463], [1.598902, 42.5365665], [1.5947252, 42.5363756], [1.5899755, 42.5355988], [1.5922908, 42.5361253], [1.5932231, 42.53615], [1.5885132, 42.5355399], [1.5863181, 42.5341898], [1.5833888, 42.5319853], [1.5786288, 42.5318043], [1.5741252, 42.5306134], [1.5741056, 42.5306001], [1.5701133, 42.5284639], [1.5699821, 42.5284806], [1.5690457, 42.5277602], [1.5650915, 42.5253457], [1.5610854, 42.5229633], [1.5573594, 42.5200156], [1.5558763, 42.5186192], [1.5540611, 42.5172944], [1.5527264, 42.5141565], [1.5490458, 42.5119214], [1.544881, 42.5099882], [1.5422788, 42.5112953], [1.5431599, 42.5106705]], "mood_vectors": [[0.074, 0.0359, 0.0542, 0.0331, 0.0782, 0.6818, 0.0427], [0.0287, 0.0684, 0.0506, 0.048, 0.0565, 0.6709, 0.0768], [0.0703, 0.08, 0.0409, 0.0847, 0.0376, 0.6546, 0.0319], [0.0744, 0.0728, 0.047, 0.0447, 0.0252, 0.6815, 0.0545], [0.0303, 0.0491, 0.0787, 0.0299, 0.0857, 0.6723, 0.054], [0.0132, 0.0676, 0.0542, 0.0727, 0.0309, 0.7262, 0.0351], [0.0604, 0.0518, 0.0595, 0.0526, 0.0293, 0.6854, 0.0611], [0.0186, 0.0425, 0.045, 0.0158, 0.0614, 0.7851, 0.0318], [0.0336, 0.0323, 0.0128, 0.036, 0.0644, 0.7372, 0.0838], [0.0339, 0.0432, 0.0673, 0.0722, 0.0426, 0.6708, 0.07], [0.0422, 0.0832, 0.058, 0.0873, 0.0179, 0.6553, 0.0561], [0.0985, 0.0295, 0.0447, 0.0362, 0.0555, 0.6444, 0.0911], [0.0999, 0.0466, 0.0375, 0.0339, 0.0684, 0.6777, 0.036], [0.0716, 0.0199, 0.0299, 0.0319, 0.0506, 0.7416, 0.0545], [0.0659, 0.0459, 0.0464, 0.0293, 0.0391, 0.758, 0.0155], [0.077, 0.0804, 0.0271, 0.0574, 0.0434, 0.6743, 0.0403], [0.0422, 0.0245, 0.0609, 0.0142, 0.036, 0.7976, 0.0246], [0.0854, 0.0316, 0.0674, 0.0697, 0.0835, 0.6341, 0.0283], [0.0157, 0.0214, 0.0624, 0.0856, 0.0282, 0.7605, 0.0263], [0.0686, 0.0432, 0.0638, 0.0674, 0.0549, 0.6583, 0.0439], [0.0464, 0.0697, 0.0583, 0.0488, 0.0741, 0.6443, 0.0584], [0.0483, 0.0522, 0.0724, 0.0407, 0.0321, 0.732, 0.0223], [0.0573, 0.0285, 0.0799, 0.0175, 0.026, 0.7563, 0.0345], [0.0205, 0.0805, 0.0165, 0.0352, 0.0867, 0.7201, 0.0405], [0.0507, 0.0285, 0.0544, 0.0451, 0.0296, 0.7267, 0.0649], [0.0268, 0.0415, 0.0531, 0.02, 0.0839, 0.71, 0.0647], [0.0428, 0.0554, 0.0986, 0.0193, 0.0334, 0.719, 0.0314], [0.0722, 0.0246, 0.067, 0.0916, 0.0837, 0.6384, 0.0225], [0.0356, 0.0585, 0.0362, 0.0148, 0.0179, 0.7693, 0.0678], [0.0504, 0.0671, 0.0433, 0.0826, 0.0372, 0.6728, 0.0466], [0.0375, 0.063, 0.0885, 0.0162, 0.0404, 0.7302, 0.0244], [0.0164, 0.0633, 0.0274, 0.082, 0.0841, 0.6974, 0.0293], [0.0646, 0.0364, 0.0958, 0.0593, 0.045, 0.6727, 0.0262], [0.0385, 0.029, 0.0464, 0.0701, 0.0838, 0.6605, 0.0717], [0.0862, 0.0429, 0.041, 0.079, 0.0494, 0.6749, 0.0267], [0.0643, 0.0215, 0.0203, 0.0827, 0.0878, 0.7063, 0.0171], [0.0123, 0.0622, 0.063, 0.04, 0.0352, 0.714, 0.0733], [0.0266, 0.0743, 0.0477, 0.0822, 0.0631, 0.6813, 0.0247], [0.0449, 0.0448, 0.0229, 0.0436, 0.0604, 0.7397, 0.0438], [0.0764, 0.0207, 0.0753, 0.0517, 0.0145, 0.7317, 0.0298], [0.0586, 0.0591, 0.0909, 0.0205, 0.0485, 0.7032, 0.0192], [0.0743, 0.0604, 0.0545, 0.0437, 0.0597, 0.6545, 0.0528], [0.0444, 0.0325, 0.0563, 0.079, 0.0499, 0.7174, 0.0204], [0.0732, 0.0346, 0.0513, 0.0275, 0.0631, 0.736, 0.0144], [0.0529, 0.032, 0.0895, 0.027, 0.0363, 0.6998, 0.0625], [0.0238, 0.0167, 0.0576, 0.0585, 0.0293, 0.7794, 0.0348], [0.0901, 0.0838, 0.0397, 0.0368, 0.0365, 0.6695, 0.0435], [0.0184, 0.0126, 0.0774, 0.0374, 0.0697, 0.705, 0.0795], [0.0168, 0.0677, 0.0484, 0.0712, 0.0451, 0.7127, 0.0382], [0.0582, 0.0463, 0.016, 0.0659, 0.0917, 0.6895, 0.0323], [0.0207, 0.0715, 0.043, 0.0288, 0.0425, 0.7198, 0.0737], [0.04, 0.0244, 0.0413, 0.0463, 0.0175, 0.7663, 0.0641], [0.0773, 0.094, 0.0419, 0.0208, 0.061, 0.68, 0.025], [0.023, 0.0258, 0.0348, 0.074, 0.058, 0.7076, 0.0768], [0.0787, 0.0221, 0.0844, 0.0708, 0.0304, 0.7004, 0.0131], [0.0612, 0.0303, 0.0477, 0.0395, 0.0435, 0.7069, 0.0708], [0.0156, 0.0363, 0.0741, 0.0689, 0.0338, 0.7001, 0.0712], [0.0242, 0.0563, 0.0324, 0.0189, 0.0298, 0.8165, 0.0218], [0.0296, 0.0409, 0.0634, 0.0658, 0.0214, 0.7303, 0.0487], [0.0741, 0.0389, 0.0317, 0.0229, 0.0494, 0.7615, 0.0214], [0.0378, 0.0822, 0.0591, 0.0151, 0.0414, 0.7483, 0.0161], [0.0248, 0.0573, 0.0617, 0.0528, 0.049, 0.7426, 0.0118], [0.0427, 0.0528, 0.058, 0.0582, 0.0511, 0.6846, 0.0527], [0.0814, 0.0502, 0.0767, 0.0731, 0.0333, 0.5961, 0.0891], [0.061, 0.0656, 0.0377, 0.0546, 0.0301, 0.6992, 0.0518], [0.0197, 0.0697, 0.0161, 0.072, 0.0412, 0.7303, 0.051], [0.0391, 0.0641, 0.0467, 0.0325, 0.0588, 0.7465, 0.0124], [0.0786, 0.0674, 0.0212, 0.0462, 0.043, 0.7283, 0.0154], [0.0375, 0.0808, 0.0818, 0.0186, 0.0397, 0.6909, 0.0506], [0.0337, 0.0181, 0.0479, 0.0171, 0.0364, 0.7793, 0.0675], [0.0501, 0.0262, 0.0484, 0.0159, 0.0672, 0.7624, 0.0299], [0.0852, 0.0512, 0.0516, 0.022, 0.0924, 0.6599, 0.0377], [0.0181, 0.0658, 0.0255, 0.0624, 0.0785, 0.6993, 0.0505], [0.0629, 0.0365, 0.0522, 0.0418, 0.0753, 0.678, 0.0533], [0.0419, 0.0152, 0.022, 0.0575, 0.037, 0.8014, 0.0252], [0.0644, 0.0679, 0.0209, 0.042, 0.0375, 0.7196, 0.0478], [0.0151, 0.0505, 0.0767, 0.0644, 0.0401, 0.7214, 0.0317], [0.065, 0.0652, 0.0565, 0.0368, 0.0669, 0.6899, 0.0198], [0.0516, 0.0817, 0.0368, 0.0428, 0.0235, 0.7011, 0.0626], [0.0414, 0.0273, 0.0481, 0.0476, 0.0238, 0.7648, 0.0471]], "emotions": ["purple", "purple", "purple", "purple", "purple", "purple", "purple", "purple", "purple", "purple", "purple", "purple", "purple", "purple", "purple", "purple", "purple", "purple", "purple", "purple", "purple", "purple", "purple", "purple", "purple", "purple", "purple", "purple", "purple", "purple", "purple", "purple", "purple", "purple", "purple", "purple", "purple", "purple", "purple", "purple", "purple", "purple", "purple", "purple", "purple", "purple", "purple", "purple", "purple", "purple", "purple", "purple", "purple", "purple", "purple", "purple", "purple", "purple", "purple", "purple", "purple", "purple", "purple", "purple", "purple", "purple", "purple", "purple", "purple", "purple", "purple", "purple", "purple", "purple", "purple", "purple", "purple", "purple", "purple", "purple"], "timestamps": [0, 40, 80, 120, 160, 200, 240, 280, 320, 360, 400, 440, 480, 520, 560, 600, 640, 680, 720, 760, 800, 840, 880, 920, 960, 1000, 1040, 1080, 1120, 1160, 1200, 1240, 1280, 1320, 1360, 1400, 1440, 1480, 1520, 1560, 1600, 1640, 1680, 1720, 1760, 1800, 1840, 1880, 1920, 1960, 2000, 2040, 2080, 2120, 2160, 2200, 2240, 2280, 2320, 2360, 2400, 2440, 2480, 2520, 2560, 2600, 2640, 2680, 2720, 2760, 2800, 2840, 2880, 2920, 2960, 3000, 3040, 3080, 3120, 3160]}], "conversation": [], "conversation_timestamps": []}