{"agent_id": "agent-green-342", "type": "green", "trips": [{"trip_id": 0, "transport_method": "foot", "start_time": 0, "path": [[1.5316476, 42.5121452], [1.5315166, 42.5122084], [1.5313856, 42.5122716], [1.5312546, 42.5123348], [1.5311245, 42.5123256], [1.5309952, 42.5122592], [1.5309792, 42.5121151], [1.5309304, 42.5119799], [1.5308345, 42.5118708], [1.5307187, 42.5117828], [1.5305906, 42.5117143], [1.5304541, 42.5116653], [1.530315, 42.5116228], [1.5301739, 42.5115877], [1.5300325, 42.5115537], [1.5299372, 42.5114525], [1.5298545, 42.5113328], [1.5297719, 42.5112132], [1.5296892, 42.5110935], [1.5295607, 42.5110258], [1.5294317, 42.5109586], [1.529447, 42.5108208], [1.5295557, 42.5107269], [1.5295912, 42.5105961], [1.5295731, 42.5104518], [1.5295108, 42.510324], [1.5294095, 42.5102207], [1.529304, 42.5101206], [1.5291991, 42.5100198], [1.5290942, 42.5099191], [1.5289893, 42.5098183], [1.5288844, 42.5097176], [1.5287795, 42.5096169], [1.5286746, 42.5095161], [1.5285697, 42.5094154], [1.5284869, 42.5093372], [1.5285857, 42.5094439], [1.5286845, 42.5095507], [1.5287843, 42.5096563], [1.5289011, 42.5097417], [1.5290259, 42.5098152], [1.5291202, 42.5099225], [1.5291911, 42.5100491], [1.5292994, 42.5101446], [1.5293705, 42.5101816], [1.5292719, 42.5100746], [1.5291734, 42.5099676], [1.5290748, 42.5098607], [1.5289763, 42.5097537], [1.5288777, 42.5096468], [1.5287792, 42.5095398], [1.5286806, 42.5094329], [1.5285821, 42.5093259], [1.5284835, 42.509219], [1.528385, 42.509112], [1.5283114, 42.5090049], [1.5284248, 42.5089502], [1.5285673, 42.508932], [1.5287101, 42.5089046], [1.528842, 42.5088658], [1.5288454, 42.5087365], [1.5287178, 42.5086667], [1.5285916, 42.5085944], [1.5284695, 42.5085156], [1.5283516, 42.5084305], [1.5282416, 42.5083354], [1.5281352, 42.5082365], [1.5280089, 42.5081643], [1.5279179, 42.508073], [1.5279044, 42.5079342], [1.5278179, 42.5078173], [1.5277213, 42.5077107], [1.5276171, 42.5076129], [1.5275282, 42.5074978], [1.5274527, 42.5073737], [1.5273433, 42.50729], [1.5271995, 42.5072698], [1.5270544, 42.5072603], [1.5269096, 42.5072477], [1.5267655, 42.507228]], "mood_vectors": [[0.0608, 0.0158, 0.0582, 0.0635, 0.0625, 0.0514, 0.6877], [0.0359, 0.0879, 0.0373, 0.0308, 0.0275, 0.0165, 0.764], [0.0189, 0.0571, 0.0401, 0.0634, 0.0195, 0.0332, 0.7678], [0.0427, 0.0216, 0.0575, 0.0393, 0.0628, 0.0902, 0.6859], [0.0779, 0.0395, 0.0545, 0.0296, 0.055, 0.0376, 0.706], [0.0673, 0.0648, 0.0842, 0.0155, 0.021, 0.081, 0.6662], [0.0167, 0.0552, 0.0171, 0.0909, 0.0505, 0.0836, 0.6859], [0.0443, 0.0628, 0.0797, 0.0605, 0.0596, 0.0665, 0.6265], [0.0572, 0.0427, 0.0487, 0.0134, 0.0565, 0.0748, 0.7067], [0.0286, 0.0508, 0.0217, 0.068, 0.0856, 0.0377, 0.7077], [0.0178, 0.0224, 0.0763, 0.0313, 0.0611, 0.0215, 0.7696], [0.0622, 0.0545, 0.0186, 0.024, 0.0528, 0.0735, 0.7144], [0.0685, 0.0358, 0.0137, 0.0854, 0.0527, 0.0815, 0.6625], [0.0409, 0.0792, 0.0545, 0.0218, 0.0251, 0.0345, 0.7439], [0.0318, 0.0241, 0.0604, 0.0646, 0.0426, 0.0362, 0.7403], [0.0425, 0.0755, 0.044, 0.0563, 0.0798, 0.0804, 0.6216], [0.0497, 0.0693, 0.0657, 0.0374, 0.034, 0.0431, 0.7008], [0.0394, 0.0457, 0.0624, 0.048, 0.0381, 0.0531, 0.7132], [0.0401, 0.0149, 0.0348, 0.0984, 0.0882, 0.0635, 0.6601], [0.0328, 0.0428, 0.054, 0.0568, 0.0912, 0.0661, 0.6563], [0.0634, 0.0837, 0.0454, 0.0185, 0.079, 0.0141, 0.6959], [0.0289, 0.0747, 0.0548, 0.07, 0.0233, 0.0442, 0.7041], [0.0198, 0.0522, 0.0434, 0.0417, 0.0252, 0.0556, 0.762], [0.0355, 0.0395, 0.0325, 0.0762, 0.0285, 0.0203, 0.7674], [0.0186, 0.0801, 0.042, 0.043, 0.047, 0.0493, 0.72], [0.0295, 0.0754, 0.0304, 0.0683, 0.0785, 0.0313, 0.6867], [0.0474, 0.0544, 0.0668, 0.0502, 0.0331, 0.0849, 0.6631], [0.0851, 0.0243, 0.0329, 0.0848, 0.0453, 0.0588, 0.6687], [0.0833, 0.0847, 0.0687, 0.0459, 0.0189, 0.0817, 0.6169], [0.0409, 0.0217, 0.067, 0.0368, 0.0158, 0.0344, 0.7834], [0.0319, 0.0494, 0.0154, 0.0448, 0.0395, 0.0652, 0.7538], [0.0362, 0.0747, 0.0644, 0.0183, 0.0694, 0.0939, 0.6432], [0.056, 0.0749, 0.0196, 0.0698, 0.0364, 0.0338, 0.7096], [0.0743, 0.0452, 0.0728, 0.0292, 0.0395, 0.0338, 0.7052], [0.0754, 0.0521, 0.0501, 0.0469, 0.029, 0.0779, 0.6686], [0.085, 0.0555, 0.0494, 0.0546, 0.0742, 0.087, 0.5942], [0.0321, 0.0272, 0.0766, 0.0564, 0.0172, 0.014, 0.7765], [0.0192, 0.0189, 0.0249, 0.041, 0.0252, 0.0503, 0.8204], [0.0208, 0.0343, 0.0297, 0.0652, 0.07, 0.0375, 0.7425], [0.0674, 0.0976, 0.0251, 0.0334, 0.0916, 0.0449, 0.64], [0.0202, 0.0714, 0.0546, 0.028, 0.0762, 0.0467, 0.7029], [0.0855, 0.0845, 0.0488, 0.0805, 0.0157, 0.047, 0.6379], [0.0643, 0.0152, 0.0793, 0.0597, 0.0817, 0.0383, 0.6614], [0.0566, 0.0571, 0.028, 0.0972, 0.0744, 0.0743, 0.6123], [0.0562, 0.0293, 0.074, 0.0566, 0.0394, 0.0285, 0.716], [0.0455, 0.0618, 0.0176, 0.0841, 0.0194, 0.0479, 0.7237], [0.0403, 0.0276, 0.0344, 0.0237, 0.0297, 0.0854, 0.7589], [0.0543, 0.0685, 0.0454, 0.0559, 0.0432, 0.0564, 0.6762], [0.0657, 0.0445, 0.0617, 0.0632, 0.0658, 0.012, 0.6872], [0.0248, 0.0768, 0.0381, 0.0377, 0.0665, 0.0619, 0.6941], [0.0487, 0.0306, 0.0254, 0.0821, 0.0275, 0.0938, 0.6919], [0.0631, 0.0692, 0.0539, 0.0522, 0.0499, 0.0526, 0.6591], [0.061, 0.0221, 0.073, 0.0764, 0.0313, 0.0522, 0.684], [0.0269, 0.0728, 0.0741, 0.092, 0.0895, 0.0567, 0.5879], [0.0332, 0.0434, 0.0643, 0.0691, 0.0351, 0.0771, 0.6777], [0.0461, 0.0574, 0.0635, 0.0466, 0.0695, 0.0479, 0.669], [0.064, 0.0929, 0.0141, 0.0626, 0.0607, 0.0445, 0.6612], [0.0595, 0.0533, 0.023, 0.0161, 0.0264, 0.0504, 0.7713], [0.0574, 0.0756, 0.0348, 0.0453, 0.0469, 0.058, 0.6819], [0.0576, 0.0513, 0.069, 0.0658, 0.0661, 0.012, 0.6782], [0.0486, 0.058, 0.0194, 0.0368, 0.0619, 0.0525, 0.7228], [0.0334, 0.0508, 0.0224, 0.0402, 0.0546, 0.0763, 0.7223], [0.0855, 0.0193, 0.0913, 0.0227, 0.0626, 0.0169, 0.7016], [0.0684, 0.0834, 0.0711, 0.0843, 0.0483, 0.0516, 0.5928], [0.0861, 0.0435, 0.0799, 0.0312, 0.0191, 0.0158, 0.7244], [0.041, 0.0668, 0.0564, 0.0463, 0.0649, 0.0603, 0.6644], [0.0528, 0.0738, 0.0456, 0.0579, 0.0727, 0.0563, 0.6409], [0.0477, 0.0438, 0.0658, 0.0449, 0.0486, 0.0673, 0.6819], [0.096, 0.0685, 0.0164, 0.033, 0.0677, 0.0468, 0.6716], [0.0252, 0.0684, 0.0771, 0.0479, 0.0524, 0.0655, 0.6635], [0.0661, 0.0738, 0.0621, 0.0296, 0.074, 0.0478, 0.6467], [0.0779, 0.013, 0.0558, 0.0456, 0.0256, 0.032, 0.75], [0.0238, 0.0657, 0.0186, 0.0458, 0.0242, 0.039, 0.7829], [0.0639, 0.0413, 0.0692, 0.0469, 0.0156, 0.0122, 0.7509], [0.0321, 0.015, 0.0607, 0.0378, 0.0526, 0.0622, 0.7396], [0.0783, 0.024, 0.0197, 0.0838, 0.044, 0.0515, 0.6987], [0.0219, 0.0281, 0.052, 0.0412, 0.0117, 0.0638, 0.7812], [0.0664, 0.0376, 0.0619, 0.0266, 0.0649, 0.0739, 0.6687], [0.0196, 0.0349, 0.069, 0.0225, 0.0742, 0.0417, 0.7381], [0.0685, 0.0438, 0.0571, 0.0248, 0.03, 0.0511, 0.7246]], "emotions": ["purple", "purple", "purple", "purple", "purple", "purple", "purple", "purple", "purple", "purple", "purple", "purple", "purple", "purple", "purple", "purple", "purple", "purple", "purple", "purple", "purple", "purple", "purple", "purple", "purple", "purple", "purple", "purple", "purple", "purple", "purple", "purple", "purple", "purple", "purple", "purple", "purple", "purple", "purple", "purple", "purple", "purple", "purple", "purple", "purple", "purple", "purple", "purple", "purple", "purple", "purple", "purple", "purple", "purple", "purple", "purple", "purple", "purple", "purple", "purple", "purple", "purple", "purple", "purple", "purple", "purple", "purple", "purple", "purple", "purple", "purple", "purple", "purple", "purple", "purple", "purple", "purple", "purple", "purple", "purple"], "timestamps": [0, 40, 80, 120, 160, 200, 240, 280, 320, 360, 400, 440, 480, 520, 560, 600, 640, 680, 720, 760, 800, 840, 880, 920, 960, 1000, 1040, 1080, 1120, 1160, 1200, 1240, 1280, 1320, 1360, 1400, 1440, 1480, 1520, 1560, 1600, 1640, 1680, 1720, 1760, 1800, 1840, 1880, 1920, 1960, 2000, 2040, 2080, 2120, 2160, 2200, 2240, 2280, 2320, 2360, 2400, 2440, 2480, 2520, 2560, 2600, 2640, 2680, 2720, 2760, 2800, 2840, 2880, 2920, 2960, 3000, 3040, 3080, 3120, 3160]}], "conversation": [], "conversation_timestamps": []}