{"agent_id": "agent-red-1411", "type": "red", "trips": [{"trip_id": 0, "transport_method": "car", "start_time": 0, "path": [[1.5434832, 42.5131027], [1.5431783, 42.5124036], [1.5432902, 42.5124335], [1.5424796, 42.5124236], [1.5416533, 42.5124122], [1.5408367, 42.512364], [1.5400161, 42.5124323], [1.5393471, 42.5124833], [1.5393062, 42.512605], [1.5388481, 42.5124566], [1.5380725, 42.5126966], [1.5372654, 42.5128661], [1.5364662, 42.5130727], [1.5359206, 42.5126979], [1.5355173, 42.5122367], [1.535857, 42.5126719], [1.5352646, 42.5121781], [1.5346251, 42.5116545], [1.5339568, 42.5112203], [1.533401, 42.5106159], [1.5327007, 42.5101844], [1.5319959, 42.509817], [1.5312197, 42.5095336], [1.5304421, 42.5093352], [1.5296574, 42.5090764], [1.5288682, 42.5088816], [1.528308, 42.5083959], [1.5278121, 42.5078098], [1.5272359, 42.5072727], [1.526413, 42.5072131], [1.5255924, 42.5071183], [1.524808, 42.5068909], [1.5239996, 42.5068369], [1.5231971, 42.5066409], [1.522395, 42.506448], [1.5216071, 42.5061989], [1.5208321, 42.5059117], [1.5214978, 42.5061569], [1.521216, 42.5060732], [1.5204312, 42.5058142], [1.5196271, 42.505623], [1.5188157, 42.505472], [1.5180765, 42.5053786], [1.517916, 42.5053945], [1.5170919, 42.5053306], [1.5176339, 42.5053591], [1.516827, 42.5052451], [1.5160648, 42.5049386], [1.5154368, 42.5044018], [1.5148219, 42.5038495], [1.514207, 42.5032971], [1.5136173, 42.5027208], [1.5131201, 42.5020624], [1.5126567, 42.5013824], [1.5121603, 42.5007216], [1.511663, 42.5000614], [1.5111499, 42.4994134], [1.5106366, 42.4987656], [1.5100534, 42.4981899], [1.5093162, 42.4978163], [1.5085719, 42.4974569], [1.5078222, 42.4971099], [1.5070476, 42.4968216], [1.5062687, 42.4965451], [1.5054845, 42.4962842], [1.5047197, 42.495977], [1.5039902, 42.49559], [1.503203, 42.4953387], [1.5024524, 42.4949937], [1.5017064, 42.4946381], [1.5009566, 42.4942905], [1.5003481, 42.493984], [1.4996883, 42.4934875], [1.4990234, 42.4930009], [1.4982138, 42.4928629], [1.4974131, 42.4926917], [1.4967896, 42.4921759], [1.4961822, 42.4916177], [1.4955602, 42.4912058], [1.4950712, 42.4906137]], "mood_vectors": [[0.7481, 0.019, 0.0521, 0.0538, 0.0186, 0.039, 0.0694], [0.6982, 0.0653, 0.0559, 0.0741, 0.0235, 0.0557, 0.0272], [0.6617, 0.0619, 0.0714, 0.068, 0.0317, 0.0322, 0.0732], [0.6961, 0.0492, 0.0585, 0.0664, 0.0387, 0.0456, 0.0454], [0.6158, 0.0778, 0.0865, 0.0886, 0.0389, 0.0674, 0.025], [0.7274, 0.0199, 0.0736, 0.0632, 0.037, 0.0166, 0.0623], [0.7229, 0.0449, 0.0719, 0.0723, 0.015, 0.0518, 0.0212], [0.7257, 0.0475, 0.0688, 0.0559, 0.0155, 0.0727, 0.0139], [0.6296, 0.0199, 0.0608, 0.0826, 0.0642, 0.0699, 0.0729], [0.7383, 0.0415, 0.0613, 0.0177, 0.0771, 0.0312, 0.0329], [0.7243, 0.0502, 0.0333, 0.029, 0.0759, 0.037, 0.0503], [0.6129, 0.0812, 0.0684, 0.0661, 0.0481, 0.0738, 0.0496], [0.6789, 0.0422, 0.0399, 0.0685, 0.0717, 0.0854, 0.0134], [0.7187, 0.0244, 0.072, 0.0609, 0.0688, 0.0226, 0.0326], [0.84, 0.0461, 0.0186, 0.0126, 0.0483, 0.0209, 0.0135], [0.634, 0.0688, 0.0735, 0.0759, 0.0134, 0.0529, 0.0816], [0.6741, 0.0541, 0.0415, 0.0848, 0.0578, 0.0696, 0.018], [0.6926, 0.0655, 0.0298, 0.0398, 0.0688, 0.0619, 0.0417], [0.7049, 0.0292, 0.039, 0.0299, 0.0722, 0.0732, 0.0516], [0.5826, 0.0746, 0.0825, 0.0783, 0.0792, 0.0237, 0.0792], [0.7181, 0.0603, 0.0685, 0.0145, 0.0232, 0.0804, 0.0351], [0.6342, 0.0482, 0.076, 0.069, 0.0527, 0.0704, 0.0495], [0.797, 0.018, 0.0181, 0.0326, 0.0382, 0.0643, 0.0318], [0.6378, 0.0784, 0.0703, 0.0221, 0.0802, 0.0749, 0.0364], [0.7596, 0.0183, 0.0329, 0.0312, 0.0517, 0.0599, 0.0464], [0.6753, 0.0779, 0.0261, 0.0253, 0.0505, 0.0598, 0.0851], [0.6475, 0.0405, 0.0575, 0.0865, 0.0675, 0.0777, 0.0228], [0.7506, 0.0218, 0.0304, 0.0799, 0.0328, 0.0637, 0.0208], [0.7421, 0.0486, 0.0481, 0.0508, 0.0302, 0.0156, 0.0645], [0.7027, 0.0548, 0.0737, 0.0366, 0.0312, 0.0693, 0.0319], [0.7146, 0.0387, 0.0672, 0.0413, 0.0487, 0.0313, 0.0582], [0.6771, 0.055, 0.0416, 0.0593, 0.0962, 0.039, 0.0318], [0.676, 0.0343, 0.0228, 0.0309, 0.0554, 0.0958, 0.0847], [0.7129, 0.0635, 0.0261, 0.065, 0.0809, 0.0289, 0.0228], [0.6992, 0.0365, 0.0614, 0.0676, 0.061, 0.0404, 0.034], [0.6951, 0.0666, 0.0552, 0.0165, 0.0688, 0.0566, 0.0412], [0.6994, 0.0653, 0.0772, 0.0385, 0.0589, 0.0219, 0.0389], [0.6341, 0.0738, 0.0608, 0.072, 0.0406, 0.0454, 0.0732], [0.641, 0.0523, 0.0278, 0.0738, 0.0775, 0.0497, 0.0779], [0.7414, 0.0441, 0.0309, 0.0437, 0.0346, 0.0497, 0.0557], [0.7514, 0.0346, 0.0456, 0.0771, 0.0155, 0.0399, 0.036], [0.6792, 0.0376, 0.0659, 0.072, 0.0444, 0.0461, 0.0548], [0.6917, 0.0761, 0.026, 0.0335, 0.0401, 0.0701, 0.0624], [0.7061, 0.0667, 0.0475, 0.0542, 0.0612, 0.0433, 0.0211], [0.6568, 0.0352, 0.0269, 0.0554, 0.0997, 0.0476, 0.0784], [0.774, 0.0282, 0.0448, 0.0354, 0.0406, 0.0562, 0.0208], [0.6695, 0.0193, 0.07, 0.0487, 0.0679, 0.056, 0.0687], [0.6583, 0.0846, 0.0627, 0.0235, 0.0296, 0.0816, 0.0597], [0.7389, 0.0622, 0.0375, 0.0785, 0.0468, 0.0209, 0.0152], [0.6926, 0.0362, 0.0587, 0.0264, 0.0597, 0.0574, 0.0691], [0.6794, 0.0492, 0.052, 0.0352, 0.0748, 0.0321, 0.0773], [0.7296, 0.0426, 0.0625, 0.0202, 0.0609, 0.065, 0.0192], [0.7329, 0.0727, 0.0713, 0.0489, 0.0173, 0.0309, 0.0261], [0.6484, 0.0634, 0.0389, 0.0658, 0.0682, 0.0488, 0.0663], [0.7368, 0.0373, 0.0582, 0.0715, 0.0599, 0.0147, 0.0216], [0.6811, 0.0415, 0.0804, 0.0692, 0.0192, 0.0559, 0.0527], [0.708, 0.071, 0.0326, 0.0219, 0.0304, 0.0645, 0.0716], [0.6664, 0.0618, 0.0427, 0.0549, 0.0706, 0.049, 0.0547], [0.6917, 0.0464, 0.0877, 0.0272, 0.0194, 0.0304, 0.0972], [0.6594, 0.0286, 0.0671, 0.0561, 0.0413, 0.0575, 0.0899], [0.6509, 0.0765, 0.0695, 0.0218, 0.059, 0.0692, 0.0531], [0.638, 0.0689, 0.0803, 0.0679, 0.0704, 0.034, 0.0404], [0.6879, 0.0504, 0.075, 0.0232, 0.0548, 0.0857, 0.023], [0.6929, 0.045, 0.0394, 0.0511, 0.0462, 0.0685, 0.057], [0.7075, 0.0699, 0.0166, 0.0569, 0.0727, 0.0128, 0.0635], [0.7164, 0.0262, 0.0613, 0.0518, 0.0341, 0.0545, 0.0556], [0.7291, 0.0319, 0.046, 0.0196, 0.0515, 0.0393, 0.0827], [0.7523, 0.0291, 0.0877, 0.0228, 0.0139, 0.0278, 0.0664], [0.7241, 0.0508, 0.0327, 0.031, 0.0615, 0.0331, 0.0669], [0.7156, 0.0626, 0.0217, 0.0869, 0.0309, 0.0428, 0.0395], [0.6934, 0.0684, 0.0419, 0.045, 0.0152, 0.0404, 0.0957], [0.7134, 0.0826, 0.0174, 0.0297, 0.0808, 0.0466, 0.0296], [0.7055, 0.0206, 0.062, 0.0749, 0.0748, 0.0341, 0.0282], [0.7193, 0.0626, 0.0364, 0.0589, 0.0474, 0.0182, 0.0571], [0.6497, 0.017, 0.0737, 0.0314, 0.0674, 0.0845, 0.0763], [0.7491, 0.0461, 0.0686, 0.0493, 0.0419, 0.0313, 0.0139], [0.7526, 0.0331, 0.0145, 0.0205, 0.0502, 0.0508, 0.0783], [0.6723, 0.0789, 0.0234, 0.0484, 0.0691, 0.0455, 0.0625], [0.6438, 0.0546, 0.0676, 0.0728, 0.0399, 0.0487, 0.0725], [0.6525, 0.0696, 0.069, 0.0757, 0.0411, 0.0342, 0.058]], "emotions": ["red", "red", "red", "red", "red", "red", "red", "red", "red", "red", "red", "red", "red", "red", "red", "red", "red", "red", "red", "red", "red", "red", "red", "red", "red", "red", "red", "red", "red", "red", "red", "red", "red", "red", "red", "red", "red", "red", "red", "red", "red", "red", "red", "red", "red", "red", "red", "red", "red", "red", "red", "red", "red", "red", "red", "red", "red", "red", "red", "red", "red", "red", "red", "red", "red", "red", "red", "red", "red", "red", "red", "red", "red", "red", "red", "red", "red", "red", "red", "red"], "timestamps": [0, 40, 80, 120, 160, 200, 240, 280, 320, 360, 400, 440, 480, 520, 560, 600, 640, 680, 720, 760, 800, 840, 880, 920, 960, 1000, 1040, 1080, 1120, 1160, 1200, 1240, 1280, 1320, 1360, 1400, 1440, 1480, 1520, 1560, 1600, 1640, 1680, 1720, 1760, 1800, 1840, 1880, 1920, 1960, 2000, 2040, 2080, 2120, 2160, 2200, 2240, 2280, 2320, 2360, 2400, 2440, 2480, 2520, 2560, 2600, 2640, 2680, 2720, 2760, 2800, 2840, 2880, 2920, 2960, 3000, 3040, 3080, 3120, 3160]}], "conversation": [], "conversation_timestamps": []}