{"agent_id": "agent-purple-64", "type": "purple", "trips": [{"trip_id": 0, "transport_method": "bicycle", "start_time": 0, "path": [[1.523771, 42.5088715], [1.5241553, 42.508881], [1.5245836, 42.5089394], [1.5250168, 42.5089525], [1.5253348, 42.5091454], [1.5254481, 42.5094364], [1.525728, 42.5097063], [1.5261269, 42.5098541], [1.5264409, 42.5101618], [1.5267548, 42.5104695], [1.5269981, 42.5106079], [1.5268951, 42.5102643], [1.5265203, 42.5100346], [1.5261413, 42.5098121], [1.5263753, 42.5099287], [1.526776, 42.5101093], [1.5271768, 42.5102899], [1.5275775, 42.5104705], [1.5279783, 42.5106512], [1.528379, 42.5108318], [1.5287798, 42.5110124], [1.5291805, 42.511193], [1.5295813, 42.5113737], [1.5296316, 42.5114209], [1.5291983, 42.5113497], [1.52876, 42.5113175], [1.5283333, 42.5112156], [1.527919, 42.5110692], [1.5275065, 42.5109174], [1.5270953, 42.5107619], [1.5274273, 42.510846], [1.5278518, 42.5109601], [1.5282763, 42.5110742], [1.5287008, 42.5111883], [1.5291253, 42.5113024], [1.5295498, 42.5114165], [1.5299743, 42.5115306], [1.5303979, 42.5116481], [1.5307903, 42.5118372], [1.5309921, 42.5122071], [1.5313414, 42.5122929], [1.5317438, 42.5121712], [1.5321754, 42.5122215], [1.5325956, 42.5123429], [1.5329555, 42.5125917], [1.5331443, 42.5127808], [1.5332681, 42.5129659], [1.5336726, 42.513031], [1.5341116, 42.5130546], [1.5341758, 42.5132524], [1.5339588, 42.5136334], [1.533547, 42.5137803], [1.5331217, 42.5138869], [1.5327173, 42.5140545], [1.5323537, 42.5143004], [1.532016, 42.5145695], [1.5317203, 42.5148937], [1.5313854, 42.5151783], [1.5317303, 42.5152348], [1.5320883, 42.5149798], [1.5324736, 42.5147685], [1.5328827, 42.5146125], [1.5333125, 42.5145299], [1.5332719, 42.5147702], [1.533167, 42.5148676], [1.5335836, 42.5149057], [1.5339807, 42.5147991], [1.5343252, 42.5147903], [1.5346516, 42.5147643], [1.534866, 42.5149544], [1.5350158, 42.5151661], [1.5347551, 42.5155059], [1.5344049, 42.5157504], [1.5340372, 42.5159912], [1.5336239, 42.5160694], [1.5332138, 42.5162186], [1.5328102, 42.5163889], [1.5324048, 42.5165573], [1.532008, 42.5167466], [1.5316113, 42.5169359]], "mood_vectors": [[0.0328, 0.078, 0.0449, 0.0308, 0.0315, 0.7344, 0.0475], [0.018, 0.0874, 0.0532, 0.033, 0.0349, 0.6944, 0.0789], [0.0237, 0.0501, 0.0604, 0.0482, 0.0193, 0.7606, 0.0376], [0.0861, 0.0155, 0.0301, 0.0508, 0.0525, 0.733, 0.032], [0.0184, 0.0635, 0.0314, 0.033, 0.0705, 0.7435, 0.0396], [0.0281, 0.0637, 0.0736, 0.0528, 0.0384, 0.6991, 0.0443], [0.0776, 0.0157, 0.0899, 0.0599, 0.067, 0.6585, 0.0314], [0.0536, 0.04, 0.0506, 0.0872, 0.0203, 0.7033, 0.0451], [0.0732, 0.0682, 0.0619, 0.0278, 0.0152, 0.7405, 0.0132], [0.0227, 0.0345, 0.0435, 0.0674, 0.0552, 0.7309, 0.0458], [0.0338, 0.0428, 0.0861, 0.077, 0.0491, 0.664, 0.0473], [0.0349, 0.0295, 0.0212, 0.0205, 0.0503, 0.8177, 0.0259], [0.0471, 0.0797, 0.0324, 0.0119, 0.0271, 0.7464, 0.0554], [0.0315, 0.0583, 0.0651, 0.0451, 0.0521, 0.7201, 0.0279], [0.0566, 0.0888, 0.0562, 0.0204, 0.0813, 0.6467, 0.05], [0.0712, 0.0661, 0.0804, 0.078, 0.0222, 0.6399, 0.0422], [0.0666, 0.0474, 0.0598, 0.0371, 0.098, 0.6408, 0.0503], [0.0204, 0.0379, 0.0627, 0.0224, 0.0835, 0.7151, 0.0581], [0.0498, 0.035, 0.0854, 0.047, 0.0427, 0.7094, 0.0307], [0.0134, 0.0676, 0.0326, 0.02, 0.0508, 0.7609, 0.0548], [0.0368, 0.0482, 0.0462, 0.0425, 0.0645, 0.695, 0.0667], [0.0658, 0.0738, 0.0789, 0.0668, 0.0665, 0.6006, 0.0476], [0.0498, 0.0281, 0.0326, 0.067, 0.0397, 0.7615, 0.0213], [0.0797, 0.0177, 0.0282, 0.0395, 0.0573, 0.706, 0.0715], [0.0695, 0.0603, 0.0687, 0.0661, 0.0286, 0.6447, 0.062], [0.013, 0.056, 0.0295, 0.0436, 0.0769, 0.7049, 0.0762], [0.0448, 0.0716, 0.026, 0.0372, 0.0714, 0.729, 0.02], [0.0302, 0.0482, 0.0371, 0.0504, 0.0551, 0.7478, 0.0313], [0.0583, 0.0518, 0.0623, 0.0463, 0.0278, 0.6843, 0.0691], [0.0376, 0.0571, 0.0748, 0.0233, 0.0684, 0.6859, 0.0529], [0.0409, 0.0523, 0.0533, 0.0422, 0.0668, 0.683, 0.0615], [0.028, 0.0258, 0.0706, 0.0383, 0.0586, 0.7357, 0.043], [0.0371, 0.0652, 0.0739, 0.0464, 0.0358, 0.699, 0.0427], [0.0757, 0.0379, 0.0218, 0.0556, 0.0811, 0.6862, 0.0416], [0.0677, 0.0776, 0.0862, 0.0286, 0.0366, 0.6446, 0.0585], [0.0643, 0.0732, 0.0378, 0.0312, 0.0303, 0.7389, 0.0243], [0.0363, 0.0527, 0.021, 0.0752, 0.0639, 0.7183, 0.0326], [0.0488, 0.0729, 0.0729, 0.0625, 0.0601, 0.642, 0.0408], [0.0686, 0.0557, 0.0125, 0.0737, 0.0497, 0.6571, 0.0828], [0.0505, 0.0197, 0.0248, 0.0597, 0.0759, 0.7171, 0.0522], [0.0323, 0.0191, 0.0459, 0.0627, 0.0178, 0.7804, 0.0418], [0.0698, 0.0686, 0.0617, 0.0252, 0.0647, 0.6828, 0.0271], [0.0133, 0.0562, 0.0641, 0.0503, 0.0232, 0.7773, 0.0155], [0.0365, 0.0359, 0.0328, 0.0316, 0.0368, 0.7778, 0.0487], [0.0606, 0.0592, 0.0595, 0.0655, 0.0676, 0.6138, 0.0738], [0.0422, 0.0331, 0.0776, 0.0816, 0.0882, 0.6124, 0.0649], [0.0139, 0.0425, 0.0388, 0.0201, 0.0742, 0.7375, 0.073], [0.0307, 0.0209, 0.0464, 0.016, 0.0731, 0.7398, 0.0732], [0.0481, 0.0577, 0.0517, 0.0351, 0.0303, 0.6973, 0.0798], [0.0591, 0.0465, 0.047, 0.0762, 0.0397, 0.7177, 0.0138], [0.0324, 0.0868, 0.0435, 0.0402, 0.0299, 0.7431, 0.0241], [0.049, 0.0477, 0.038, 0.0358, 0.0564, 0.7131, 0.0599], [0.091, 0.0262, 0.0588, 0.0452, 0.0671, 0.6693, 0.0423], [0.0535, 0.0356, 0.0432, 0.0559, 0.0457, 0.683, 0.0831], [0.0623, 0.0348, 0.0526, 0.019, 0.0283, 0.7126, 0.0904], [0.0163, 0.0705, 0.0397, 0.0331, 0.0958, 0.7228, 0.0218], [0.0986, 0.0748, 0.0422, 0.0515, 0.0661, 0.6491, 0.0176], [0.0471, 0.0786, 0.0845, 0.06, 0.0247, 0.6597, 0.0455], [0.0386, 0.0405, 0.0457, 0.0241, 0.057, 0.7586, 0.0354], [0.0149, 0.018, 0.0383, 0.0422, 0.076, 0.7582, 0.0524], [0.0638, 0.0629, 0.0706, 0.0687, 0.0232, 0.6681, 0.0426], [0.0179, 0.0428, 0.0349, 0.0688, 0.0545, 0.7593, 0.0217], [0.0404, 0.0368, 0.0163, 0.0282, 0.0745, 0.7658, 0.038], [0.0556, 0.0692, 0.0233, 0.0771, 0.047, 0.6419, 0.0859], [0.0382, 0.045, 0.0642, 0.0473, 0.0693, 0.6844, 0.0516], [0.0127, 0.0676, 0.0496, 0.0289, 0.0782, 0.7294, 0.0336], [0.0335, 0.0619, 0.0752, 0.0878, 0.0372, 0.6674, 0.0369], [0.0536, 0.0299, 0.0186, 0.0258, 0.0395, 0.8057, 0.0269], [0.0177, 0.059, 0.0322, 0.0763, 0.0253, 0.7072, 0.0823], [0.0842, 0.0763, 0.0303, 0.0213, 0.0308, 0.7273, 0.0298], [0.078, 0.0752, 0.0134, 0.0326, 0.0468, 0.6958, 0.0581], [0.0164, 0.0724, 0.0476, 0.0585, 0.0553, 0.6936, 0.0563], [0.0234, 0.0537, 0.0518, 0.0658, 0.0502, 0.723, 0.032], [0.0436, 0.0548, 0.0819, 0.0816, 0.0604, 0.6183, 0.0594], [0.0323, 0.073, 0.0507, 0.0509, 0.0538, 0.6943, 0.045], [0.0607, 0.0452, 0.0154, 0.0696, 0.0627, 0.7099, 0.0364], [0.0227, 0.0141, 0.029, 0.0724, 0.0458, 0.7377, 0.0783], [0.0322, 0.0532, 0.039, 0.0365, 0.0679, 0.7288, 0.0424], [0.0285, 0.0337, 0.0822, 0.0705, 0.0715, 0.6542, 0.0594], [0.0286, 0.0786, 0.0524, 0.0206, 0.0678, 0.7286, 0.0233]], "emotions": ["purple", "purple", "purple", "purple", "purple", "purple", "purple", "purple", "purple", "purple", "purple", "purple", "purple", "purple", "purple", "purple", "purple", "purple", "purple", "purple", "purple", "purple", "purple", "purple", "purple", "purple", "purple", "purple", "purple", "purple", "purple", "purple", "purple", "purple", "purple", "purple", "purple", "purple", "purple", "purple", "purple", "purple", "purple", "purple", "purple", "purple", "purple", "purple", "purple", "purple", "purple", "purple", "purple", "purple", "purple", "purple", "purple", "purple", "purple", "purple", "purple", "purple", "purple", "purple", "purple", "purple", "purple", "purple", "purple", "purple", "purple", "purple", "purple", "purple", "purple", "purple", "purple", "purple", "purple", "purple"], "timestamps": [0, 40, 80, 120, 160, 200, 240, 280, 320, 360, 400, 440, 480, 520, 560, 600, 640, 680, 720, 760, 800, 840, 880, 920, 960, 1000, 1040, 1080, 1120, 1160, 1200, 1240, 1280, 1320, 1360, 1400, 1440, 1480, 1520, 1560, 1600, 1640, 1680, 1720, 1760, 1800, 1840, 1880, 1920, 1960, 2000, 2040, 2080, 2120, 2160, 2200, 2240, 2280, 2320, 2360, 2400, 2440, 2480, 2520, 2560, 2600, 2640, 2680, 2720, 2760, 2800, 2840, 2880, 2920, 2960, 3000, 3040, 3080, 3120, 3160]}], "conversation": [], "conversation_timestamps": []}