{"agent_id": "agent-orange-513", "type": "orange", "trips": [{"trip_id": 0, "transport_method": "car", "start_time": 0, "path": [[1.7311134, 42.544727], [1.7313703, 42.5438156], [1.7336758, 42.5430516], [1.7351392, 42.5454961], [1.7347, 42.5471366], [1.7325168, 42.5464108], [1.7288645, 42.5446349], [1.7248941, 42.543827], [1.7208263, 42.5437969], [1.7167578, 42.543935], [1.7126884, 42.5440412], [1.7086235, 42.5442489], [1.7045654, 42.5445683], [1.7006585, 42.5455857], [1.6976328, 42.5482245], [1.695112, 42.5514171], [1.6919428, 42.5539503], [1.6892399, 42.5569901], [1.6859891, 42.5594195], [1.6826119, 42.5616717], [1.6800691, 42.5647443], [1.6786304, 42.5685524], [1.6791297, 42.5663297], [1.6800982, 42.5646781], [1.6786738, 42.5684915], [1.676504, 42.5718664], [1.6734145, 42.5742924], [1.6708262, 42.5756519], [1.6670799, 42.5763102], [1.6636421, 42.5762135], [1.6596037, 42.5763293], [1.6578598, 42.5758268], [1.6539101, 42.5750524], [1.6502093, 42.5757437], [1.6466465, 42.5772734], [1.6426521, 42.5779598], [1.638618, 42.5781941], [1.6348561, 42.5779016], [1.6316801, 42.5783845], [1.6277987, 42.5777175], [1.6263176, 42.5776904], [1.6242848, 42.5761335], [1.6206909, 42.5744413], [1.6169433, 42.5730467], [1.6131682, 42.5720292], [1.6092366, 42.5715103], [1.6061057, 42.5706221], [1.6033205, 42.5682562], [1.5996169, 42.5666049], [1.5972589, 42.5658513], [1.5946491, 42.5648621], [1.5955305, 42.5652794], [1.5916904, 42.5640527], [1.590104, 42.560679], [1.58676, 42.5591597], [1.5858747, 42.5583912], [1.5834069, 42.5567166], [1.5820854, 42.5551865], [1.5781229, 42.5548736], [1.5757666, 42.5553426], [1.5748006, 42.5549557], [1.5714505, 42.5555338], [1.5676914, 42.5541102], [1.5641051, 42.5522859], [1.5601376, 42.5522533], [1.5562241, 42.5521694], [1.5524348, 42.5517756], [1.5499548, 42.5486155], [1.5482195, 42.5472706], [1.5443153, 42.5464969], [1.5407894, 42.5479125], [1.5375594, 42.54749], [1.5337388, 42.547228], [1.5297621, 42.5467423], [1.5264995, 42.5458422], [1.5235527, 42.5441641], [1.5210959, 42.5443318], [1.5205124, 42.5444222], [1.5181175, 42.5445339], [1.5151718, 42.545908]], "mood_vectors": [[0.0205, 0.0508, 0.0312, 0.0364, 0.7455, 0.033, 0.0828], [0.0658, 0.0392, 0.0498, 0.0467, 0.6825, 0.0714, 0.0445], [0.0443, 0.074, 0.0673, 0.0369, 0.6542, 0.0409, 0.0824], [0.0765, 0.0442, 0.0367, 0.0319, 0.6963, 0.0405, 0.0738], [0.0534, 0.0194, 0.0628, 0.06, 0.7058, 0.0426, 0.0561], [0.0548, 0.0216, 0.0719, 0.0657, 0.662, 0.0716, 0.0525], [0.0255, 0.0577, 0.064, 0.0396, 0.6909, 0.0798, 0.0425], [0.045, 0.0547, 0.0302, 0.0688, 0.664, 0.0633, 0.0742], [0.0635, 0.0652, 0.0685, 0.0621, 0.6612, 0.059, 0.0206], [0.0623, 0.0675, 0.0646, 0.0236, 0.6719, 0.0373, 0.0727], [0.0261, 0.0582, 0.0727, 0.0131, 0.7488, 0.021, 0.0601], [0.0723, 0.0694, 0.0752, 0.0266, 0.6703, 0.0265, 0.0596], [0.0785, 0.0304, 0.0536, 0.0561, 0.6604, 0.0735, 0.0476], [0.019, 0.0448, 0.0654, 0.0549, 0.7505, 0.0436, 0.0219], [0.0744, 0.0595, 0.0613, 0.022, 0.6876, 0.055, 0.0402], [0.0487, 0.0921, 0.0186, 0.1006, 0.6457, 0.0323, 0.062], [0.06, 0.0573, 0.0429, 0.0519, 0.7375, 0.0162, 0.0342], [0.0333, 0.036, 0.0738, 0.0658, 0.6364, 0.0806, 0.074], [0.0615, 0.0209, 0.0258, 0.0876, 0.6877, 0.078, 0.0384], [0.0834, 0.0254, 0.0247, 0.0235, 0.7939, 0.0155, 0.0336], [0.0584, 0.0551, 0.0554, 0.0567, 0.6981, 0.0432, 0.0332], [0.0383, 0.0591, 0.0351, 0.0476, 0.7276, 0.0399, 0.0524], [0.0335, 0.0156, 0.0195, 0.0846, 0.7471, 0.0587, 0.041], [0.0431, 0.0727, 0.0718, 0.0549, 0.6406, 0.0416, 0.0754], [0.074, 0.0465, 0.0244, 0.0422, 0.6677, 0.0853, 0.0599], [0.0848, 0.033, 0.0485, 0.0648, 0.664, 0.0854, 0.0194], [0.0472, 0.0695, 0.062, 0.0131, 0.7492, 0.032, 0.0271], [0.0723, 0.0636, 0.0526, 0.0756, 0.6505, 0.0702, 0.0153], [0.0145, 0.0435, 0.0389, 0.0622, 0.7579, 0.0277, 0.0553], [0.0674, 0.0215, 0.0773, 0.0803, 0.7009, 0.0399, 0.0127], [0.0279, 0.0793, 0.0701, 0.0609, 0.6684, 0.0541, 0.0393], [0.0406, 0.0413, 0.0251, 0.0297, 0.8085, 0.0168, 0.0379], [0.0462, 0.0685, 0.0312, 0.0356, 0.7463, 0.0323, 0.0399], [0.0175, 0.0657, 0.0498, 0.0552, 0.735, 0.0581, 0.0186], [0.0774, 0.0877, 0.0754, 0.0252, 0.6724, 0.0196, 0.0423], [0.0586, 0.0331, 0.0846, 0.0894, 0.6042, 0.0485, 0.0817], [0.0221, 0.0652, 0.0238, 0.0532, 0.7174, 0.0411, 0.0773], [0.0416, 0.0319, 0.019, 0.0456, 0.7399, 0.093, 0.029], [0.0449, 0.0238, 0.0572, 0.0254, 0.7697, 0.033, 0.046], [0.0447, 0.0178, 0.022, 0.0742, 0.7584, 0.0254, 0.0576], [0.0633, 0.0157, 0.0756, 0.0153, 0.7532, 0.0176, 0.0593], [0.0535, 0.038, 0.0223, 0.0367, 0.7081, 0.0899, 0.0515], [0.0689, 0.0744, 0.0392, 0.0646, 0.6991, 0.0365, 0.0173], [0.0322, 0.0763, 0.0579, 0.0462, 0.6727, 0.054, 0.0606], [0.0426, 0.0748, 0.0747, 0.0879, 0.5942, 0.0568, 0.0691], [0.0151, 0.0232, 0.0303, 0.0342, 0.8049, 0.0422, 0.05], [0.0364, 0.0219, 0.0602, 0.0176, 0.7872, 0.0398, 0.0368], [0.0251, 0.0673, 0.0737, 0.0224, 0.7171, 0.0769, 0.0175], [0.0176, 0.0413, 0.0802, 0.0785, 0.6645, 0.0626, 0.0553], [0.0548, 0.0457, 0.066, 0.055, 0.6568, 0.0455, 0.0763], [0.0431, 0.0541, 0.0335, 0.0264, 0.7168, 0.0657, 0.0603], [0.0836, 0.0844, 0.0808, 0.0558, 0.6071, 0.0708, 0.0175], [0.0662, 0.0818, 0.0774, 0.0239, 0.6047, 0.0639, 0.0822], [0.0338, 0.0721, 0.0925, 0.0807, 0.5732, 0.0575, 0.0903], [0.0556, 0.0265, 0.0262, 0.0252, 0.7593, 0.0411, 0.066], [0.0378, 0.0867, 0.0866, 0.02, 0.613, 0.0794, 0.0764], [0.0145, 0.0555, 0.0442, 0.0162, 0.8098, 0.0321, 0.0277], [0.1021, 0.0424, 0.0801, 0.0239, 0.6865, 0.0217, 0.0434], [0.0724, 0.0241, 0.08, 0.0668, 0.6382, 0.0587, 0.0598], [0.0318, 0.017, 0.0667, 0.0656, 0.7701, 0.0281, 0.0207], [0.0858, 0.0933, 0.0196, 0.0875, 0.6287, 0.0491, 0.0361], [0.0454, 0.0295, 0.0569, 0.0248, 0.7509, 0.0614, 0.031], [0.0288, 0.0474, 0.0403, 0.0288, 0.7361, 0.0593, 0.0593], [0.0301, 0.0826, 0.0327, 0.0269, 0.7045, 0.0383, 0.0849], [0.0393, 0.0701, 0.0474, 0.0463, 0.7029, 0.0388, 0.0553], [0.047, 0.0814, 0.0691, 0.0479, 0.6865, 0.0274, 0.0407], [0.0596, 0.0392, 0.0847, 0.069, 0.6126, 0.0793, 0.0556], [0.0697, 0.0263, 0.0477, 0.0412, 0.7104, 0.0692, 0.0355], [0.0736, 0.0152, 0.0266, 0.0828, 0.7168, 0.0454, 0.0395], [0.0482, 0.0264, 0.0359, 0.0807, 0.6996, 0.0286, 0.0805], [0.0161, 0.084, 0.0539, 0.0829, 0.6852, 0.0342, 0.0437], [0.0188, 0.0641, 0.015, 0.0701, 0.6746, 0.0646, 0.0927], [0.0121, 0.045, 0.061, 0.0621, 0.6904, 0.0587, 0.0706], [0.0468, 0.0581, 0.047, 0.0739, 0.6387, 0.0819, 0.0536], [0.0729, 0.0639, 0.0673, 0.0294, 0.7017, 0.0209, 0.0438], [0.0405, 0.0403, 0.076, 0.0722, 0.6324, 0.084, 0.0545], [0.0686, 0.0205, 0.0707, 0.0436, 0.709, 0.0547, 0.0329], [0.0628, 0.044, 0.0567, 0.0604, 0.6881, 0.0508, 0.0372], [0.0891, 0.0908, 0.0155, 0.0467, 0.6821, 0.0439, 0.032], [0.0384, 0.0609, 0.0305, 0.0377, 0.6705, 0.076, 0.086]], "emotions": ["red", "red", "red", "red", "red", "red", "red", "red", "red", "red", "red", "red", "red", "red", "red", "red", "red", "red", "red", "red", "red", "red", "red", "red", "red", "red", "red", "red", "red", "red", "red", "red", "red", "red", "red", "red", "red", "red", "red", "red", "red", "red", "red", "red", "red", "red", "red", "red", "red", "red", "red", "red", "red", "red", "red", "red", "red", "red", "red", "red", "red", "red", "red", "red", "red", "red", "red", "red", "red", "red", "red", "red", "red", "red", "red", "red", "red", "red", "red", "red"], "timestamps": [0, 40, 80, 120, 160, 200, 240, 280, 320, 360, 400, 440, 480, 520, 560, 600, 640, 680, 720, 760, 800, 840, 880, 920, 960, 1000, 1040, 1080, 1120, 1160, 1200, 1240, 1280, 1320, 1360, 1400, 1440, 1480, 1520, 1560, 1600, 1640, 1680, 1720, 1760, 1800, 1840, 1880, 1920, 1960, 2000, 2040, 2080, 2120, 2160, 2200, 2240, 2280, 2320, 2360, 2400, 2440, 2480, 2520, 2560, 2600, 2640, 2680, 2720, 2760, 2800, 2840, 2880, 2920, 2960, 3000, 3040, 3080, 3120, 3160]}], "conversation": [], "conversation_timestamps": []}