{"agent_id": "agent-red-1466", "type": "red", "trips": [{"trip_id": 0, "transport_method": "bus", "start_time": 0, "path": [[1.6506565, 42.578579], [1.6485597, 42.5797817], [1.6481431, 42.5799642], [1.6457227, 42.579885], [1.6432558, 42.5795523], [1.6407602, 42.5794705], [1.6383936, 42.5787737], [1.6359377, 42.5785434], [1.6360992, 42.5785784], [1.6358951, 42.5785555], [1.6334504, 42.5781592], [1.6309858, 42.5785359], [1.6286496, 42.5777604], [1.6263227, 42.5773063], [1.6263747, 42.5777177], [1.6256159, 42.5768263], [1.6233196, 42.575923], [1.621238, 42.574644], [1.6188266, 42.5740409], [1.6166047, 42.5730057], [1.6143693, 42.5722779], [1.6119135, 42.5719259], [1.6095424, 42.5715087], [1.6071485, 42.5708913], [1.6055048, 42.5704745], [1.6041936, 42.5685214], [1.6019258, 42.5676096], [1.6001516, 42.5660318], [1.600983, 42.5669394], [1.5990667, 42.5654187], [1.5970451, 42.5645344], [1.5946517, 42.5639084], [1.5934707, 42.5620054], [1.5937431, 42.5598324], [1.5927479, 42.5578227], [1.5916652, 42.5561444], [1.5906349, 42.5542081], [1.5915142, 42.5522296], [1.592041, 42.549823], [1.5920967, 42.5475519], [1.5915193, 42.545251], [1.5915797, 42.5428856], [1.5923256, 42.5406625], [1.5917029, 42.538322], [1.5895975, 42.537062], [1.588054, 42.5352728], [1.5877189, 42.5350645], [1.5856275, 42.5337089], [1.5845448, 42.5328831], [1.5824109, 42.5316986], [1.5799147, 42.5317628], [1.5774192, 42.5317464], [1.574962, 42.5313183], [1.5731112, 42.5296732], [1.5747825, 42.5312234], [1.5729382, 42.5295393], [1.5707026, 42.5289062], [1.5702574, 42.5284983], [1.5704428, 42.5287874], [1.5683637, 42.5274026], [1.5687677, 42.5275158], [1.5674086, 42.5266745], [1.565267, 42.5254096], [1.5629366, 42.5246109], [1.5610883, 42.5229653], [1.5590523, 42.5215967], [1.5572342, 42.5198865], [1.5560567, 42.5185274], [1.5555995, 42.5183842], [1.5546801, 42.5176529], [1.5544738, 42.5176503], [1.5533228, 42.5157445], [1.5524463, 42.5135297], [1.5504114, 42.5121375], [1.5480311, 42.5114097], [1.5462253, 42.510098], [1.5451313, 42.5093432], [1.5426986, 42.5088905], [1.5404861, 42.5086738], [1.5393284, 42.5091743]], "mood_vectors": [[0.6521, 0.0632, 0.0513, 0.0931, 0.0359, 0.047, 0.0574], [0.6647, 0.046, 0.0154, 0.0267, 0.0922, 0.087, 0.068], [0.7723, 0.0215, 0.0157, 0.0177, 0.0213, 0.0478, 0.1038], [0.6719, 0.033, 0.0465, 0.0737, 0.0397, 0.083, 0.0522], [0.6749, 0.0467, 0.0517, 0.0353, 0.0548, 0.0836, 0.053], [0.7693, 0.0265, 0.0614, 0.0781, 0.0249, 0.028, 0.0119], [0.5706, 0.069, 0.0563, 0.0877, 0.0907, 0.0841, 0.0415], [0.7979, 0.0209, 0.023, 0.0143, 0.0517, 0.022, 0.0701], [0.7131, 0.0285, 0.0723, 0.0494, 0.0232, 0.0617, 0.0518], [0.731, 0.0358, 0.0331, 0.0236, 0.051, 0.0622, 0.0632], [0.7477, 0.0457, 0.0201, 0.0198, 0.062, 0.0655, 0.0392], [0.6727, 0.0847, 0.0383, 0.0179, 0.0828, 0.0585, 0.0452], [0.7279, 0.0734, 0.039, 0.0703, 0.0303, 0.0204, 0.0389], [0.7283, 0.0329, 0.036, 0.0456, 0.0395, 0.0765, 0.0411], [0.685, 0.0496, 0.064, 0.0368, 0.0477, 0.0723, 0.0445], [0.6331, 0.0511, 0.0532, 0.0669, 0.0791, 0.0572, 0.0593], [0.6757, 0.055, 0.0443, 0.0212, 0.0692, 0.0624, 0.0723], [0.67, 0.0741, 0.0631, 0.0347, 0.0963, 0.0331, 0.0287], [0.6789, 0.0602, 0.0507, 0.0704, 0.0406, 0.0311, 0.0681], [0.728, 0.0126, 0.074, 0.0434, 0.0572, 0.0433, 0.0416], [0.7858, 0.0287, 0.0357, 0.0247, 0.0358, 0.0527, 0.0366], [0.7607, 0.039, 0.0563, 0.0327, 0.0165, 0.0512, 0.0435], [0.7232, 0.0461, 0.085, 0.0186, 0.0408, 0.0573, 0.029], [0.663, 0.0539, 0.0399, 0.0942, 0.0768, 0.019, 0.0531], [0.7183, 0.0422, 0.0571, 0.0121, 0.0333, 0.0647, 0.0722], [0.768, 0.072, 0.076, 0.0191, 0.0145, 0.0194, 0.031], [0.7164, 0.0727, 0.0411, 0.0688, 0.0246, 0.027, 0.0493], [0.6963, 0.0909, 0.0458, 0.0565, 0.0135, 0.0724, 0.0247], [0.7187, 0.0677, 0.0736, 0.0236, 0.084, 0.0164, 0.0161], [0.7321, 0.0497, 0.0193, 0.0144, 0.0316, 0.0685, 0.0844], [0.625, 0.0684, 0.0764, 0.0897, 0.0667, 0.0231, 0.0507], [0.6633, 0.0714, 0.0219, 0.0476, 0.0939, 0.0718, 0.0301], [0.6977, 0.0447, 0.0887, 0.0385, 0.0814, 0.0221, 0.0269], [0.7569, 0.0525, 0.0262, 0.0249, 0.0569, 0.0604, 0.0222], [0.7157, 0.0205, 0.028, 0.0479, 0.0844, 0.0482, 0.0553], [0.7164, 0.0499, 0.0449, 0.022, 0.0574, 0.0772, 0.0321], [0.6499, 0.0233, 0.0597, 0.0678, 0.0498, 0.0704, 0.0791], [0.7823, 0.0257, 0.0168, 0.028, 0.0402, 0.0673, 0.0396], [0.628, 0.0722, 0.0824, 0.0301, 0.0517, 0.0621, 0.0735], [0.7386, 0.0381, 0.073, 0.0456, 0.0404, 0.0357, 0.0286], [0.6577, 0.0681, 0.0419, 0.0598, 0.0692, 0.0519, 0.0513], [0.6437, 0.0728, 0.0394, 0.0654, 0.0672, 0.0704, 0.0412], [0.8096, 0.0201, 0.0717, 0.0294, 0.0318, 0.02, 0.0174], [0.7485, 0.0671, 0.0525, 0.0487, 0.0318, 0.0151, 0.0362], [0.6775, 0.0649, 0.0478, 0.0487, 0.0328, 0.0702, 0.0582], [0.7619, 0.0207, 0.0393, 0.0295, 0.0188, 0.0715, 0.0583], [0.7367, 0.0567, 0.056, 0.0421, 0.0462, 0.0365, 0.0258], [0.6995, 0.0692, 0.0529, 0.0595, 0.0531, 0.0327, 0.0332], [0.7223, 0.044, 0.0662, 0.0409, 0.0605, 0.0202, 0.0459], [0.7419, 0.0592, 0.0749, 0.0354, 0.0268, 0.0139, 0.0478], [0.6966, 0.0639, 0.0564, 0.0728, 0.0295, 0.0296, 0.0513], [0.7262, 0.0188, 0.0546, 0.0357, 0.0604, 0.0876, 0.0168], [0.7332, 0.0279, 0.0325, 0.0674, 0.054, 0.0554, 0.0296], [0.7071, 0.0765, 0.0758, 0.0263, 0.0628, 0.0322, 0.0193], [0.6218, 0.0646, 0.0843, 0.0633, 0.0597, 0.0507, 0.0557], [0.7026, 0.0559, 0.0462, 0.0234, 0.0714, 0.0464, 0.0541], [0.6687, 0.07, 0.0596, 0.0598, 0.0105, 0.0676, 0.0638], [0.7834, 0.0757, 0.016, 0.0593, 0.0262, 0.0217, 0.0178], [0.6604, 0.0194, 0.0824, 0.0464, 0.0691, 0.051, 0.0713], [0.6746, 0.0507, 0.0757, 0.084, 0.0167, 0.0557, 0.0426], [0.7185, 0.042, 0.0182, 0.0566, 0.0875, 0.0568, 0.0203], [0.81, 0.0447, 0.0167, 0.0126, 0.0672, 0.0157, 0.0331], [0.7383, 0.0346, 0.0823, 0.0148, 0.0326, 0.0401, 0.0573], [0.7343, 0.0687, 0.0174, 0.0536, 0.021, 0.0272, 0.0778], [0.6125, 0.0675, 0.0489, 0.0631, 0.073, 0.0661, 0.0689], [0.7219, 0.0475, 0.0314, 0.0639, 0.0607, 0.0113, 0.0633], [0.6048, 0.0699, 0.0728, 0.0841, 0.0589, 0.0586, 0.0509], [0.7348, 0.0204, 0.0633, 0.0217, 0.0388, 0.0857, 0.0354], [0.6479, 0.0739, 0.0476, 0.0734, 0.0745, 0.0327, 0.0499], [0.7132, 0.0692, 0.0777, 0.0175, 0.017, 0.0823, 0.023], [0.7316, 0.0146, 0.0498, 0.0244, 0.0809, 0.0644, 0.0344], [0.7572, 0.0189, 0.0398, 0.0191, 0.0494, 0.0534, 0.0623], [0.7353, 0.0821, 0.0305, 0.0461, 0.0182, 0.0712, 0.0166], [0.613, 0.0649, 0.0685, 0.0648, 0.0795, 0.0457, 0.0636], [0.6621, 0.0988, 0.1035, 0.0262, 0.0376, 0.0417, 0.0301], [0.7355, 0.0207, 0.0619, 0.0329, 0.0764, 0.0185, 0.0541], [0.7048, 0.0275, 0.038, 0.0268, 0.1066, 0.0623, 0.0341], [0.7515, 0.0354, 0.0783, 0.023, 0.0177, 0.0776, 0.0166], [0.7188, 0.0781, 0.0389, 0.024, 0.0304, 0.0837, 0.026], [0.7303, 0.0326, 0.0951, 0.0184, 0.0201, 0.0669, 0.0366]], "emotions": ["red", "red", "red", "red", "red", "red", "red", "red", "red", "red", "red", "red", "red", "red", "red", "red", "red", "red", "red", "red", "red", "red", "red", "red", "red", "red", "red", "red", "red", "red", "red", "red", "red", "red", "red", "red", "red", "red", "red", "red", "red", "red", "red", "red", "red", "red", "red", "red", "red", "red", "red", "red", "red", "red", "red", "red", "red", "red", "red", "red", "red", "red", "red", "red", "red", "red", "red", "red", "red", "red", "red", "red", "red", "red", "red", "red", "red", "red", "red", "red"], "timestamps": [0, 40, 80, 120, 160, 200, 240, 280, 320, 360, 400, 440, 480, 520, 560, 600, 640, 680, 720, 760, 800, 840, 880, 920, 960, 1000, 1040, 1080, 1120, 1160, 1200, 1240, 1280, 1320, 1360, 1400, 1440, 1480, 1520, 1560, 1600, 1640, 1680, 1720, 1760, 1800, 1840, 1880, 1920, 1960, 2000, 2040, 2080, 2120, 2160, 2200, 2240, 2280, 2320, 2360, 2400, 2440, 2480, 2520, 2560, 2600, 2640, 2680, 2720, 2760, 2800, 2840, 2880, 2920, 2960, 3000, 3040, 3080, 3120, 3160]}], "conversation": [], "conversation_timestamps": []}