{"agent_id": "agent-purple-199", "type": "purple", "trips": [{"trip_id": 0, "transport_method": "foot", "start_time": 0, "path": [[1.5219945, 42.5089162], [1.5219362, 42.5089441], [1.5218839, 42.5089827], [1.5218316, 42.5090213], [1.5217822, 42.5090634], [1.521733, 42.5091059], [1.5216823, 42.509146], [1.521623, 42.5091725], [1.5215659, 42.5092017], [1.521515, 42.509236], [1.5214529, 42.5092549], [1.5214731, 42.5093071], [1.5215295, 42.5093227], [1.5215835, 42.5092866], [1.5216375, 42.5092505], [1.5216915, 42.5092144], [1.5217456, 42.5091783], [1.5217996, 42.5091422], [1.5218536, 42.509106], [1.5219076, 42.5090699], [1.5219616, 42.5090338], [1.5220156, 42.5089977], [1.5220696, 42.5089616], [1.5221236, 42.5089255], [1.5221777, 42.5088894], [1.5222317, 42.5088533], [1.5222857, 42.5088172], [1.5222463, 42.5088289], [1.5221852, 42.5088509], [1.5221224, 42.5088673], [1.5220598, 42.5088845], [1.5220014, 42.5089129], [1.5220465, 42.5088921], [1.5221055, 42.5088648], [1.5221645, 42.5088376], [1.5222234, 42.5088103], [1.5222824, 42.508783], [1.5223414, 42.5087557], [1.5224003, 42.5087284], [1.522457, 42.5086975], [1.5224448, 42.5086362], [1.5224451, 42.5085733], [1.5224585, 42.5085098], [1.5224979, 42.508474], [1.5225613, 42.5084599], [1.5226239, 42.5084427], [1.5226866, 42.5084255], [1.5227492, 42.5084083], [1.5228119, 42.508391], [1.5228745, 42.5083738], [1.5229371, 42.5083566], [1.5229997, 42.508339], [1.5230607, 42.508317], [1.5230884, 42.5082626], [1.5231013, 42.508199], [1.5231205, 42.5081369], [1.5231397, 42.5080748], [1.523159, 42.5080128], [1.5231782, 42.5079507], [1.5231974, 42.5078887], [1.5232466, 42.5078545], [1.5233086, 42.5078348], [1.5233705, 42.5078152], [1.5234312, 42.5077922], [1.5234916, 42.5077683], [1.5235521, 42.5077444], [1.5236125, 42.5077205], [1.5236729, 42.5076966], [1.5237333, 42.5076727], [1.5237937, 42.5076488], [1.5238542, 42.5076249], [1.5239146, 42.507601], [1.523975, 42.5075772], [1.5240354, 42.5075533], [1.5240958, 42.5075294], [1.5240942, 42.5074781], [1.5241044, 42.507414], [1.5241167, 42.5073502], [1.5241286, 42.5072863], [1.5241404, 42.5072225]], "mood_vectors": [[0.0637, 0.0374, 0.0636, 0.0737, 0.0632, 0.6382, 0.0602], [0.0121, 0.0569, 0.0251, 0.0567, 0.0442, 0.7461, 0.0589], [0.0426, 0.0802, 0.0662, 0.0796, 0.0863, 0.6033, 0.0418], [0.0523, 0.0571, 0.0222, 0.049, 0.0899, 0.6994, 0.0301], [0.0344, 0.036, 0.0647, 0.064, 0.0413, 0.6801, 0.0794], [0.0418, 0.0693, 0.0689, 0.0729, 0.0525, 0.6472, 0.0475], [0.0416, 0.0256, 0.023, 0.0782, 0.0225, 0.746, 0.0632], [0.0499, 0.0591, 0.0237, 0.0757, 0.0449, 0.7159, 0.0308], [0.0829, 0.089, 0.0511, 0.0647, 0.0395, 0.6588, 0.014], [0.0222, 0.0413, 0.017, 0.0574, 0.0406, 0.7395, 0.082], [0.0733, 0.0773, 0.0431, 0.0139, 0.0608, 0.7123, 0.0193], [0.0237, 0.0742, 0.0521, 0.0713, 0.0369, 0.6904, 0.0514], [0.0598, 0.0717, 0.0712, 0.044, 0.016, 0.6994, 0.038], [0.0835, 0.053, 0.0482, 0.0823, 0.0147, 0.691, 0.0273], [0.0744, 0.0569, 0.0405, 0.0558, 0.0484, 0.6693, 0.0548], [0.042, 0.0819, 0.0163, 0.0542, 0.0544, 0.7368, 0.0143], [0.0571, 0.0533, 0.0689, 0.0548, 0.0655, 0.6676, 0.0329], [0.0137, 0.0814, 0.0631, 0.0356, 0.0288, 0.7627, 0.0148], [0.0319, 0.0214, 0.0641, 0.0644, 0.0502, 0.6969, 0.0712], [0.0601, 0.0426, 0.0368, 0.0442, 0.0394, 0.7072, 0.0699], [0.0573, 0.0796, 0.0599, 0.0253, 0.0413, 0.7215, 0.0151], [0.0425, 0.075, 0.0184, 0.0206, 0.0497, 0.7656, 0.0282], [0.0168, 0.0616, 0.0803, 0.0138, 0.0369, 0.7171, 0.0736], [0.0129, 0.0644, 0.0659, 0.0259, 0.0555, 0.7537, 0.0217], [0.0416, 0.0376, 0.0399, 0.0258, 0.0653, 0.7618, 0.0279], [0.0179, 0.0685, 0.0643, 0.0696, 0.0651, 0.6493, 0.0652], [0.0811, 0.0274, 0.0537, 0.069, 0.0389, 0.6999, 0.03], [0.0558, 0.0313, 0.03, 0.0266, 0.0735, 0.7307, 0.052], [0.0733, 0.0545, 0.0429, 0.0614, 0.0796, 0.6386, 0.0495], [0.0747, 0.0296, 0.0348, 0.0392, 0.0457, 0.7223, 0.0538], [0.0298, 0.0327, 0.0453, 0.0202, 0.0147, 0.8251, 0.0321], [0.0201, 0.0599, 0.0741, 0.0668, 0.0494, 0.6997, 0.03], [0.0682, 0.0428, 0.0355, 0.0527, 0.0621, 0.6899, 0.0488], [0.0383, 0.0659, 0.0732, 0.0637, 0.0716, 0.66, 0.0271], [0.0723, 0.0129, 0.0815, 0.0765, 0.0488, 0.6432, 0.0648], [0.0562, 0.0581, 0.0381, 0.0656, 0.0515, 0.6892, 0.0414], [0.0372, 0.0324, 0.0354, 0.0605, 0.0728, 0.747, 0.0147], [0.0531, 0.0244, 0.0183, 0.0516, 0.0735, 0.7077, 0.0715], [0.0179, 0.0482, 0.0602, 0.0547, 0.0325, 0.7719, 0.0146], [0.0779, 0.0931, 0.0331, 0.0692, 0.0927, 0.6004, 0.0336], [0.0526, 0.066, 0.0722, 0.0172, 0.0722, 0.6487, 0.0711], [0.0384, 0.0738, 0.019, 0.0703, 0.0476, 0.7072, 0.0437], [0.0809, 0.0141, 0.0182, 0.0614, 0.0495, 0.7139, 0.0621], [0.0813, 0.0299, 0.0685, 0.0301, 0.0338, 0.7282, 0.0282], [0.0666, 0.0446, 0.0695, 0.0479, 0.0323, 0.6948, 0.0443], [0.0276, 0.0788, 0.0823, 0.0705, 0.0448, 0.6764, 0.0195], [0.0647, 0.0481, 0.0643, 0.035, 0.0121, 0.7022, 0.0736], [0.0319, 0.0429, 0.0486, 0.0132, 0.0664, 0.774, 0.023], [0.0554, 0.0166, 0.0156, 0.0739, 0.0447, 0.7153, 0.0786], [0.0746, 0.0463, 0.0703, 0.0584, 0.0814, 0.5849, 0.0841], [0.0519, 0.0473, 0.0515, 0.0193, 0.0507, 0.7587, 0.0206], [0.0703, 0.0598, 0.0468, 0.0235, 0.065, 0.6622, 0.0725], [0.074, 0.0279, 0.013, 0.0545, 0.0441, 0.7277, 0.0588], [0.0194, 0.0554, 0.0497, 0.0476, 0.0389, 0.7138, 0.0753], [0.0272, 0.057, 0.0562, 0.0753, 0.0792, 0.6234, 0.0817], [0.0523, 0.0285, 0.0671, 0.0258, 0.0788, 0.6929, 0.0546], [0.0294, 0.0556, 0.0246, 0.0443, 0.0636, 0.7553, 0.0271], [0.0717, 0.0698, 0.0181, 0.0137, 0.0221, 0.7256, 0.0789], [0.0394, 0.0451, 0.0409, 0.0444, 0.0535, 0.7443, 0.0324], [0.0275, 0.0286, 0.0532, 0.0483, 0.0492, 0.7693, 0.0238], [0.0644, 0.0549, 0.0181, 0.0701, 0.075, 0.6561, 0.0614], [0.0584, 0.0492, 0.065, 0.0357, 0.0732, 0.6841, 0.0344], [0.0327, 0.0712, 0.0537, 0.0617, 0.0591, 0.6664, 0.0551], [0.0336, 0.067, 0.0387, 0.0589, 0.0785, 0.7039, 0.0194], [0.0243, 0.0804, 0.0673, 0.0262, 0.0634, 0.6576, 0.0807], [0.0278, 0.0395, 0.0385, 0.0227, 0.0585, 0.7365, 0.0765], [0.0749, 0.0392, 0.0333, 0.0403, 0.0821, 0.6994, 0.0308], [0.0261, 0.0294, 0.0503, 0.0408, 0.0498, 0.7645, 0.0391], [0.0412, 0.0867, 0.065, 0.0389, 0.0317, 0.6864, 0.05], [0.0469, 0.0842, 0.0356, 0.054, 0.0952, 0.6499, 0.0343], [0.0593, 0.0454, 0.0306, 0.0443, 0.0672, 0.6977, 0.0555], [0.0863, 0.0484, 0.0335, 0.0528, 0.0798, 0.632, 0.0671], [0.0272, 0.0715, 0.0202, 0.027, 0.0378, 0.8007, 0.0156], [0.0552, 0.0766, 0.076, 0.0952, 0.0475, 0.6194, 0.0301], [0.0738, 0.0603, 0.0211, 0.0596, 0.0327, 0.6734, 0.0791], [0.0482, 0.0604, 0.0664, 0.0331, 0.0545, 0.674, 0.0635], [0.0436, 0.0215, 0.058, 0.0609, 0.0692, 0.6812, 0.0656], [0.0878, 0.086, 0.0751, 0.0373, 0.0283, 0.6572, 0.0284], [0.0554, 0.0879, 0.0757, 0.041, 0.0553, 0.6602, 0.0246], [0.0241, 0.0187, 0.0736, 0.0872, 0.0261, 0.7431, 0.0273]], "emotions": ["purple", "purple", "purple", "purple", "purple", "purple", "purple", "purple", "purple", "purple", "purple", "purple", "purple", "purple", "purple", "purple", "purple", "purple", "purple", "purple", "purple", "purple", "purple", "purple", "purple", "purple", "purple", "purple", "purple", "purple", "purple", "purple", "purple", "purple", "purple", "purple", "purple", "purple", "purple", "purple", "purple", "purple", "purple", "purple", "purple", "purple", "purple", "purple", "purple", "purple", "purple", "purple", "purple", "purple", "purple", "purple", "purple", "purple", "purple", "purple", "purple", "purple", "purple", "purple", "purple", "purple", "purple", "purple", "purple", "purple", "purple", "purple", "purple", "purple", "purple", "purple", "purple", "purple", "purple", "purple"], "timestamps": [0, 40, 80, 120, 160, 200, 240, 280, 320, 360, 400, 440, 480, 520, 560, 600, 640, 680, 720, 760, 800, 840, 880, 920, 960, 1000, 1040, 1080, 1120, 1160, 1200, 1240, 1280, 1320, 1360, 1400, 1440, 1480, 1520, 1560, 1600, 1640, 1680, 1720, 1760, 1800, 1840, 1880, 1920, 1960, 2000, 2040, 2080, 2120, 2160, 2200, 2240, 2280, 2320, 2360, 2400, 2440, 2480, 2520, 2560, 2600, 2640, 2680, 2720, 2760, 2800, 2840, 2880, 2920, 2960, 3000, 3040, 3080, 3120, 3160]}], "conversation": [], "conversation_timestamps": []}