{
  "agent_id": "agent-type-purple-15",
  "type": "purple",
  "trips": [
    {
      "trip_id": 0,
      "transport_method": "bicycle",
      "start_time": 0,
      "path": [
        [
          1.5232236,
          42.5046023
        ],
        [
          1.5236400620964021,
          42.50468578520101
        ],
        [
          1.5240565276678752,
          42.50476925305266
        ],
        [
          1.5244769029017902,
          42.504828658269645
        ],
        [
          1.524898375138496,
          42.50488130435415
        ],
        [
          1.5251842165423048,
          42.50491676190172
        ],
        [
          1.524762714400981,
          42.504864358975475
        ],
        [
          1.524341242164275,
          42.50481171289097
        ],
        [
          1.5239224760866075,
          42.50474239872946
        ],
        [
          1.5235060139902052,
          42.504658913528445
        ],
        [
          1.5231402082340568,
          42.50465250503428
        ],
        [
          1.5227186547223068,
          42.50460051387029
        ],
        [
          1.5222970752751992,
          42.504548733311154
        ],
        [
          1.5219621395239415,
          42.504681288085926
        ],
        [
          1.5217167860417902,
          42.504895530722145
        ],
        [
          1.5213066363364032,
          42.50478513291556
        ],
        [
          1.5209085634085195,
          42.50463887092428
        ],
        [
          1.520518609977915,
          42.50447051535006
        ],
        [
          1.5201288203352032,
          42.50430177386869
        ],
        [
          1.519742649162218,
          42.504126145327504
        ],
        [
          1.519336859036056,
          42.50401754153603
        ],
        [
          1.5189892159644551,
          42.50412982235876
        ],
        [
          1.51878918524528,
          42.50450351635716
        ],
        [
          1.518621419719561,
          42.50489372807522
        ],
        [
          1.5183539019765224,
          42.50521147774928
        ],
        [
          1.517979208645931,
          42.50540747076211
        ],
        [
          1.5176064377318852,
          42.50542388088775
        ],
        [
          1.5172843933162385,
          42.50527953093985
        ],
        [
          1.5171407339131295,
          42.5049568632938
        ],
        [
          1.51708498315529,
          42.50453579048593
        ],
        [
          1.5170292323974504,
          42.50411471767806
        ],
        [
          1.5173355284580448,
          42.50401883859691
        ],
        [
          1.517518303129566,
          42.50402297032655
        ],
        [
          1.5170936734478788,
          42.504012980865646
        ],
        [
          1.517060986712268,
          42.50435455080357
        ],
        [
          1.5171167374701076,
          42.504775623611444
        ],
        [
          1.5171724882279471,
          42.50519669641931
        ],
        [
          1.5175172573910194,
          42.50529637865528
        ],
        [
          1.5178067375787152,
          42.50546318022523
        ],
        [
          1.5182237236669602,
          42.50550839017654
        ],
        [
          1.518430199459198,
          42.50586725243178
        ],
        [
          1.5186721404732306,
          42.506213455771665
        ],
        [
          1.5187890394399206,
          42.506602212743374
        ],
        [
          1.5186493741676843,
          42.50675040781372
        ],
        [
          1.5183294039613295,
          42.50647107016217
        ],
        [
          1.5180094337549745,
          42.506191732510615
        ],
        [
          1.5176083148897705,
          42.5060633473694
        ],
        [
          1.5175629790746978,
          42.50605085843537
        ],
        [
          1.517972473039166,
          42.506163664240155
        ],
        [
          1.517791930863946,
          42.506538299023866
        ],
        [
          1.5174073236972454,
          42.50657693071273
        ],
        [
          1.5169852630356688,
          42.50652923108509
        ],
        [
          1.516563202374092,
          42.506481531457446
        ],
        [
          1.5161411417125155,
          42.5064338318298
        ],
        [
          1.5160787243725782,
          42.506354214555145
        ],
        [
          1.5165027121862893,
          42.50637960727757
        ],
        [
          1.5169267000000004,
          42.506405
        ]
      ],
      "emotions": [
        "green",
        "green",
        "green",
        "green",
        "green",
        "red",
        "red",
        "red",
        "red",
        "red",
        "red",
        "red",
        "red",
        "red",
        "red",
        "purple",
        "purple",
        "purple",
        "purple",
        "purple",
        "red",
        "red",
        "red",
        "red",
        "red",
        "green",
        "green",
        "green",
        "green",
        "green",
        "red",
        "red",
        "red",
        "red",
        "red",
        "green",
        "green",
        "green",
        "green",
        "green",
        "red",
        "red",
        "red",
        "red",
        "red",
        "red",
        "red",
        "red",
        "red",
        "red",
        "purple",
        "purple",
        "purple",
        "purple",
        "purple",
        "purple",
        "purple"
      ],
      "mood_vectors": [
        [
          0.20730973013571402,
          0.07044280243734866,
          0.25961230803161206,
          0.04438867191118669,
          0.2502093805408739,
          0.10827747646970182,
          0.05975963047356282
        ],
        [
          0.1983963569604757,
          0.21181851739551835,
          0.08128127823972747,
          0.07219964415032827,
          0.1317943711017014,
          0.1638824705442043,
          0.14062736160804462
        ],
        [
          0.2427818871647716,
          0.13795943918283887,
          0.19308161492389164,
          0.1678995530065004,
          0.1712796344829696,
          0.029293504797464516,
          0.057704366441563425
        ],
        [
          0.04469222164769724,
          0.18420018820522288,
          0.10172629900515971,
          0.1610717761798936,
          0.09871411054284829,
          0.2259819388383091,
          0.1836134655808692
        ],
        [
          0.15244379584905837,
          0.21907723400879905,
          0.08069658110392607,
          0.11302859292973158,
          0.09703922916212196,
          0.09434508766788527,
          0.2433694792784777
        ],
        [
          0.0015899754875950945,
          0.21958326933182265,
          0.13169266701842292,
          0.08119356372371737,
          0.19298299408580732,
          0.0916729151276964,
          0.2812846152249382
        ],
        [
          0.2818987830302351,
          0.1640990657820419,
          0.16299414891318106,
          0.04231989845006046,
          0.11391982318426203,
          0.15939602249346532,
          0.07537225814675413
        ],
        [
          0.1910859975625262,
          0.16149073437341255,
          0.2060111006928495,
          0.09985291330579411,
          0.14791989103622225,
          0.0879099438444287,
          0.10572941918476672
        ],
        [
          0.16592606844124516,
          0.10204159778239244,
          0.24611094611310788,
          0.08695870455030494,
          0.18524778089787286,
          0.1895774525412059,
          0.024137449673870832
        ],
        [
          0.2518717065046975,
          0.025782951128629977,
          0.0790485610492384,
          0.13959820748307647,
          0.2345908799131356,
          0.048150027954325346,
          0.22095766596689667
        ],
        [
          0.14140339316227524,
          0.06420885099599156,
          0.19134149375171441,
          0.19379371129852796,
          0.05505699427326386,
          0.15828557405576632,
          0.19590998246246072
        ],
        [
          0.16747218094011918,
          0.17600560991910408,
          0.27044113695204053,
          0.16210853896805066,
          0.00627984545121407,
          0.10973124705723251,
          0.10796144071223893
        ],
        [
          0.08451287295190373,
          0.25359385060335227,
          0.08108751992789975,
          0.11967881706399774,
          0.21715312715577334,
          0.2113089544694269,
          0.03266485782764626
        ],
        [
          0.10637251488793242,
          0.15645607737166348,
          0.2505497415769569,
          0.13002300825149224,
          0.04862391131475132,
          0.2900293798997951,
          0.017945366697408555
        ],
        [
          0.17748514685987266,
          0.22860006948164896,
          0.06619501399212493,
          0.1826848863809193,
          0.14028763114385506,
          0.15200144870295337,
          0.052745803438625644
        ],
        [
          0.007940982158471442,
          0.027483249060176837,
          0.2975558951629811,
          0.14204634202695468,
          0.20624573054262188,
          0.15242521450651741,
          0.1663025865422767
        ],
        [
          0.23428042277801092,
          0.17687551130202114,
          0.2249019084921732,
          0.17252617707102083,
          0.03636430438691942,
          0.13046112143914163,
          0.02459055453071279
        ],
        [
          0.17295266008688792,
          0.022015129032047786,
          0.24769960808702593,
          0.04094877852969916,
          0.1467544005969202,
          0.10202346463064432,
          0.26760595903677464
        ],
        [
          0.13775351943743547,
          0.16602922203764028,
          0.14220558952894535,
          0.18196854894483114,
          0.0591339008752176,
          0.16260139599680784,
          0.15030782317912228
        ],
        [
          0.1984629070870089,
          0.13523166394917932,
          0.11832580516392967,
          0.12082910875097357,
          0.17101119634629633,
          0.05779971470191219,
          0.19833960400070005
        ],
        [
          0.14296820955730186,
          0.15570864872894313,
          0.13661317737402173,
          0.030368563910787228,
          0.05562494532441405,
          0.2195847658268254,
          0.2591316892777066
        ],
        [
          0.19470948581434053,
          0.2142475946979155,
          0.19736987349156473,
          0.1121109034849001,
          0.028889203679815643,
          0.10421890941217574,
          0.14845402941928776
        ],
        [
          0.09354082267592996,
          0.10181044431560278,
          0.06680389292489854,
          0.2173068752334445,
          0.09273833062924187,
          0.21104485388108896,
          0.21675478033979337
        ],
        [
          0.1673278615009809,
          0.18011651286604555,
          0.18569834290722873,
          0.032324073233712135,
          0.24228647408362644,
          0.14765723442675238,
          0.044589500981653846
        ],
        [
          0.07485398238861897,
          0.2177737106677926,
          0.09112639417019455,
          0.04049877938443643,
          0.18488588341402132,
          0.17121271937929886,
          0.2196485305956373
        ],
        [
          0.05269291160833598,
          0.17907545751118958,
          0.08188573279154296,
          0.06676791749953145,
          0.17029791970317015,
          0.2957284971235359,
          0.15355156376269394
        ],
        [
          0.051435217947353506,
          0.16708619033386887,
          0.20564897776437785,
          0.16627601553807592,
          0.12613458402387806,
          0.25095259944581516,
          0.03246641494663057
        ],
        [
          0.18546317961587733,
          0.17145628910387364,
          0.11018565180034126,
          0.07120003734586466,
          0.1324291689161843,
          0.12370248710656163,
          0.20556318611129712
        ],
        [
          0.023987466380422266,
          0.412416670264835,
          0.11651765473611632,
          0.11004163881250931,
          0.12103161192941791,
          0.05481886456773396,
          0.16118609330896513
        ],
        [
          0.26007546186905134,
          0.008049802369086739,
          0.07264618650098373,
          0.32266538311702075,
          0.06860942435339135,
          0.1878145421408424,
          0.08013919964962363
        ],
        [
          0.24786699344108165,
          0.1589028244187696,
          0.07981075837816642,
          0.22397952525037343,
          0.16756330953281437,
          0.05478916472581686,
          0.06708742425297766
        ],
        [
          0.12229012733132677,
          0.09197040688486227,
          0.17170923399474367,
          0.02175754084264173,
          0.08772512383246495,
          0.2605488913957274,
          0.2439986757182332
        ],
        [
          0.0142845003064383,
          0.29513929307611353,
          0.21588826279026904,
          0.005205515709807492,
          0.13670980878386574,
          0.08022109269921492,
          0.252551526634291
        ],
        [
          0.0751135320423146,
          0.200657744653242,
          0.15148868083788133,
          0.02794624574545553,
          0.1268991493012904,
          0.11691999533132695,
          0.3009746520884891
        ],
        [
          0.07442984641536078,
          0.34168098859191526,
          0.0004451905051705303,
          0.35341143561689825,
          0.08684147320200548,
          0.11904165850215828,
          0.024149407166491506
        ],
        [
          0.1262004397207406,
          0.13639515513693615,
          0.09528435134240447,
          0.17566863306756011,
          0.16817275906881077,
          0.1559089712934585,
          0.1423696903700894
        ],
        [
          0.0018879729512654728,
          0.19274894839485934,
          0.22714307844662845,
          0.19674922473748196,
          0.004469791157501436,
          0.21551300974781,
          0.1614879745644534
        ],
        [
          0.08291668904758057,
          0.23128407334093595,
          0.09706862110869749,
          0.11680297537374837,
          0.32255954845845536,
          0.06294206612635733,
          0.08642602654422497
        ],
        [
          0.0785266348256252,
          0.08958786145635697,
          0.24130394413393266,
          0.07433235173497657,
          0.14477500250498532,
          0.05349079073161428,
          0.3179834146125089
        ],
        [
          0.220309708188898,
          0.22298951695300873,
          0.07104529834527012,
          0.015493054497962493,
          0.07060511291172811,
          0.23901027309484665,
          0.16054703600828588
        ],
        [
          0.020993962942559594,
          0.19616141307275906,
          0.12415964894830157,
          0.1125422508052906,
          0.18674016856196016,
          0.1570160707310954,
          0.20238648493803374
        ],
        [
          0.17011566281143342,
          0.0757858180234748,
          0.09318923251844662,
          0.18353548169734749,
          0.11976777297712483,
          0.2847819443750422,
          0.07282408759713073
        ],
        [
          0.1874574271173257,
          0.19186493541382876,
          0.08885554209292658,
          0.13070511766881052,
          0.04445995999399342,
          0.2070436678495372,
          0.1496133498635778
        ],
        [
          0.05936173266220392,
          0.13283435193538837,
          0.23881868103758153,
          0.07764476104520678,
          0.08325143234898018,
          0.26002914646440806,
          0.14805989450623114
        ],
        [
          0.0744195893243429,
          0.1598736820252511,
          0.2698293633763389,
          0.17972212454701747,
          0.0032704919341575048,
          0.19782210890970356,
          0.11506263988318856
        ],
        [
          0.005182699652046286,
          0.045318926238505856,
          0.020798879823156292,
          0.27197597157371434,
          0.35787769061862373,
          0.25989305728619194,
          0.038952774807761534
        ],
        [
          0.10467164557910286,
          0.12118272656225194,
          0.11050601403364395,
          0.11727614087300192,
          0.17871087727593354,
          0.2163480294825207,
          0.15130456619354507
        ],
        [
          0.1255713677923676,
          0.05028667510856977,
          0.00694138492541506,
          0.31041627529464744,
          0.09889450192089382,
          0.25757429413596455,
          0.1503155008221418
        ],
        [
          0.08442104802661875,
          0.18194761571557075,
          0.2009443858125849,
          0.02226772299346152,
          0.11888636697328188,
          0.20917992235709842,
          0.1823529381213838
        ],
        [
          0.12650109860939868,
          0.2331579236418979,
          0.18508409351648852,
          0.1018656020558362,
          0.07896682005901931,
          0.05413148253928307,
          0.22029297957807634
        ],
        [
          0.024392181384956673,
          0.10589430418060147,
          0.04162273202742469,
          0.2250840827172878,
          0.1368264444261957,
          0.2505344506383297,
          0.21564580462520394
        ],
        [
          0.043214124213135384,
          0.1427347875528368,
          0.17947422901387328,
          0.033378310245651514,
          0.23713443613772087,
          0.0686053971435205,
          0.2954587156932616
        ],
        [
          0.11313445442418167,
          0.0761474438557076,
          0.03179651120457961,
          0.07130893997964897,
          0.22622284492986217,
          0.24311763886461576,
          0.2382721667414042
        ],
        [
          0.18614120033963644,
          0.1717921736521782,
          0.08709929773625374,
          0.0868349852367035,
          0.10587046985421368,
          0.23610178011759514,
          0.1261600930634192
        ],
        [
          0.26657140689745323,
          0.22073294670603183,
          0.16568220798051625,
          0.04412362965283665,
          0.05405785183013691,
          0.05270766252140037,
          0.1961242944116248
        ],
        [
          0.16827939883592705,
          0.10045686641642133,
          0.19231665548833815,
          0.16635038967188415,
          0.024602516887264024,
          0.22077041315755958,
          0.12722375954260579
        ],
        [
          0.2990148701985669,
          0.07164676386423915,
          0.0001134112447349166,
          0.19649886430732003,
          0.04577198575970152,
          0.3016007487626115,
          0.08535335586282604
        ]
      ],
      "timestamps": [
        0,
        1,
        2,
        3,
        4,
        5,
        6,
        7,
        8,
        9,
        10,
        11,
        12,
        13,
        14,
        15,
        16,
        17,
        18,
        19,
        20,
        21,
        22,
        23,
        24,
        25,
        26,
        27,
        28,
        29,
        30,
        31,
        32,
        33,
        34,
        35,
        36,
        37,
        38,
        39,
        40,
        41,
        42,
        43,
        44,
        45,
        46,
        47,
        48,
        49,
        50,
        51,
        52,
        53,
        54,
        55,
        56
      ],
      "distance": 187.4
    },
    {
      "trip_id": 1,
      "transport_method": "car",
      "start_time": 57,
      "path": [
        [
          1.5179795,
          42.506165599999996
        ],
        [
          1.5181990111337655,
          42.50635723573163
        ],
        [
          1.518418522267531,
          42.50654887146326
        ],
        [
          1.5186380334012963,
          42.50674050719489
        ],
        [
          1.5188731340298258,
          42.50688722617963
        ],
        [
          1.5189553625250383,
          42.50665987760419
        ],
        [
          1.5190217982710932,
          42.50637617122488
        ],
        [
          1.5192833995463826,
          42.50626624727018
        ],
        [
          1.5195606174221512,
          42.50618929555127
        ],
        [
          1.5198483623584758,
          42.506150520341734
        ],
        [
          1.5200089862060917,
          42.5062878894441
        ],
        [
          1.5197698439538134,
          42.50615938653662
        ],
        [
          1.5194813841985857,
          42.506200621971615
        ],
        [
          1.519211963172938,
          42.50630234486101
        ],
        [
          1.5189302085278662,
          42.506356467631726
        ],
        [
          1.5186924247448772,
          42.50623967907457
        ],
        [
          1.5185141392329888,
          42.50600919335324
        ],
        [
          1.5183840200093421,
          42.50575122031228
        ],
        [
          1.5184319106383293,
          42.505561835199146
        ],
        [
          1.5187157124105435,
          42.50549575989685
        ],
        [
          1.5189995733434254,
          42.50552466058429
        ],
        [
          1.5192834572121576,
          42.505590382274455
        ],
        [
          1.5195673410808899,
          42.50565610396462
        ],
        [
          1.5198512249496223,
          42.50572182565479
        ],
        [
          1.5201351088183546,
          42.50578754734495
        ],
        [
          1.520418992687087,
          42.50585326903512
        ],
        [
          1.5207028765558193,
          42.505918990725284
        ],
        [
          1.5209550228209607,
          42.50596107851362
        ],
        [
          1.5212271485928275,
          42.50606527523032
        ],
        [
          1.5215021753008162,
          42.506155922330066
        ],
        [
          1.5217892651262228,
          42.506168794630746
        ],
        [
          1.521931178921661,
          42.50637092730912
        ],
        [
          1.5222151937140111,
          42.50643608089084
        ],
        [
          1.5224992085063616,
          42.506501234472566
        ],
        [
          1.5227832232987117,
          42.50656638805428
        ],
        [
          1.523067238091062,
          42.506631541636004
        ],
        [
          1.5233512528834123,
          42.50669669521772
        ],
        [
          1.5236191830238521,
          42.5067307779753
        ],
        [
          1.5238861305794833,
          42.50676485848388
        ],
        [
          1.5241698090294533,
          42.5068314612504
        ],
        [
          1.5244014559684655,
          42.50668129002932
        ],
        [
          1.5245300108124784,
          42.50641986270091
        ],
        [
          1.5244859000000006,
          42.506162999999994
        ]
      ],
      "emotions": [
        "purple",
        "purple",
        "purple",
        "purple",
        "purple",
        "purple",
        "purple",
        "purple",
        "red",
        "red",
        "red",
        "red",
        "red",
        "red",
        "red",
        "red",
        "red",
        "red",
        "purple",
        "purple",
        "purple",
        "purple",
        "purple",
        "red",
        "red",
        "red",
        "red",
        "red",
        "red",
        "red",
        "red",
        "red",
        "red",
        "purple",
        "purple",
        "purple",
        "purple",
        "purple",
        "red",
        "red",
        "red",
        "red",
        "red"
      ],
      "mood_vectors": [
        [
          0.05356393500128809,
          0.19466758118931088,
          0.2247327953858332,
          0.11204231591343325,
          0.09278765535827885,
          0.18927192579659324,
          0.1329337913552625
        ],
        [
          0.144450176651869,
          0.16698919425735442,
          0.15545837248782307,
          0.0767157231461528,
          0.16194374688533988,
          0.13961220845124162,
          0.1548305781202192
        ],
        [
          0.11731168259355856,
          0.21763170557283126,
          0.04336104997518179,
          0.24997770368635133,
          0.1673175527341632,
          0.0354777383878476,
          0.16892256705006628
        ],
        [
          0.18892123037098824,
          0.2912868706246532,
          0.08413245487709216,
          0.1441324180766532,
          0.03988683950328554,
          0.2163138430290628,
          0.03532634351826482
        ],
        [
          0.011900806924567128,
          0.09457695215759866,
          0.22246706476962175,
          0.04851507760833091,
          0.20066900941624352,
          0.23143066585203925,
          0.19044042327159882
        ],
        [
          0.21681845094762917,
          0.08395825327687916,
          0.1523830655407616,
          0.01908351593694946,
          0.3169662535822669,
          0.14435293162322282,
          0.06643752909229092
        ],
        [
          0.04663478019138216,
          0.01848312288460505,
          0.11684161634898986,
          0.2402706914170891,
          0.2523777501227218,
          0.2796513749992456,
          0.045740664035966404
        ],
        [
          0.1534603509575274,
          0.24626309574357616,
          0.14482081925172496,
          0.1917855837566068,
          0.06456734493022116,
          0.041024191006732394,
          0.15807861435361115
        ],
        [
          0.07692092255323536,
          0.035733045256307994,
          0.036986521364352806,
          0.06322090131316219,
          0.3609207625847427,
          0.39638308361900276,
          0.029834763309196155
        ],
        [
          0.06583600978916562,
          0.03362598877956383,
          0.26496300517814425,
          0.09962107753251455,
          0.31165983119055557,
          0.06826639065855186,
          0.15602769687150422
        ],
        [
          0.2545572989599125,
          0.2542485290900798,
          0.07568217755464564,
          0.15927242335483402,
          0.05538267188605213,
          0.11985837492875354,
          0.08099852422572236
        ],
        [
          0.17234968178729515,
          0.07976253801865098,
          0.2589225496390419,
          0.09643981678147744,
          0.138090179956163,
          0.17596441554883233,
          0.07847081826853919
        ],
        [
          0.024092818082602177,
          0.12044529843926008,
          0.1350276453184154,
          0.0635794860755126,
          0.10676659406412668,
          0.32965501573436434,
          0.22043314228571873
        ],
        [
          0.09836935699564993,
          0.2950766294227957,
          0.012315542434554029,
          0.020321612853418818,
          0.014300325288543704,
          0.3087700565300181,
          0.2508464764750198
        ],
        [
          0.02870270006416367,
          0.08721046719508016,
          0.1717924324441926,
          0.2866951150921209,
          0.12527500853368775,
          0.24675114749635524,
          0.05357312917439967
        ],
        [
          0.06690304084346693,
          0.005984397769489063,
          0.2795563365873594,
          0.08806667774723972,
          0.10441673500884154,
          0.17065173805756909,
          0.28442107398603433
        ],
        [
          0.10821463673222277,
          0.04054185650828396,
          0.02390384364576225,
          0.20435836966164492,
          0.24686113454471556,
          0.29295389879612976,
          0.0831662601112407
        ],
        [
          0.19251001297453657,
          0.050856371044382453,
          0.22768599181672286,
          0.16545375745448515,
          0.1448771594758048,
          0.06526056486796764,
          0.1533561423661006
        ],
        [
          0.3017358893194475,
          0.06241699119190089,
          0.16489295163707876,
          0.19992547799935106,
          0.11722127724111966,
          0.020731641104015177,
          0.13307577150708694
        ],
        [
          0.07318453200842993,
          0.14012000888445042,
          0.13785149412230582,
          0.14885726912427422,
          0.07784079960596475,
          0.1534754666244911,
          0.26867042963008375
        ],
        [
          0.05290066249981814,
          0.07471468850596555,
          0.2109910188951144,
          0.2897864712488284,
          0.09668572481609583,
          0.18972958375158733,
          0.08519185028259044
        ],
        [
          0.16510557520320507,
          0.22517331980114164,
          0.10845605758467254,
          0.21113137827325945,
          0.06666253714286256,
          0.17116326568946597,
          0.05230786630539285
        ],
        [
          0.06803272457754099,
          0.12048662079537972,
          0.08881444023038236,
          0.07589525582416677,
          0.29020017960460465,
          0.18465766881281667,
          0.17191311015510888
        ],
        [
          0.17369336957172626,
          0.1862399231995359,
          0.1461201469805022,
          0.23877610676118655,
          0.06893288870932883,
          0.09685241000610774,
          0.08938515477161253
        ],
        [
          0.14167445861602815,
          0.05504281993501828,
          0.24705325861954824,
          0.22797540621432258,
          0.12779428342955915,
          0.09084412886681324,
          0.10961564431871043
        ],
        [
          0.10440904061734109,
          0.08827235807877604,
          0.21382184648843597,
          0.1676381138038486,
          0.21908380898042226,
          0.040415194838375544,
          0.1663596371928005
        ],
        [
          0.18468208656717885,
          0.08419818261033997,
          0.1695621470447194,
          0.06308036240426525,
          0.1440014536440809,
          0.19996073395578795,
          0.15451503377362769
        ],
        [
          0.24267863094607064,
          0.16479369442128539,
          0.09483551505925318,
          0.08790006861344536,
          0.016420616801790678,
          0.17245919568635656,
          0.22091227847179817
        ],
        [
          0.04584490769215999,
          0.09784767582182315,
          0.17087832879258869,
          0.21314138634469634,
          0.27374556457902144,
          0.0630427249771625,
          0.13549941179254793
        ],
        [
          0.17008444965942768,
          0.10375386305367508,
          0.26444492876765013,
          0.14097798376566173,
          0.11823180042769603,
          0.17465341672734744,
          0.027853557598541866
        ],
        [
          0.036260889969906125,
          0.024057041457197347,
          0.11263128465128974,
          0.15751920486539195,
          0.1888643994652988,
          0.2700722712352665,
          0.21059490835564956
        ],
        [
          0.2188529622409732,
          0.16546821711032472,
          0.25652202484996056,
          0.007400942140990456,
          0.0307990659185173,
          0.1360140799162474,
          0.18494270782298644
        ],
        [
          0.2230355760593473,
          0.04234721369832844,
          0.1240592166692039,
          0.1387163340422687,
          0.07354821998361191,
          0.18934838465726733,
          0.20894505488997242
        ],
        [
          0.22221351508382775,
          0.1400603446105793,
          0.2487188836838108,
          0.21336522781773398,
          0.08691545335117397,
          0.08641660762621603,
          0.002309967826658197
        ],
        [
          0.17195674969428412,
          0.008419553606345505,
          0.20833352352568066,
          0.1954823952334918,
          0.21721323198417025,
          0.1052527106923364,
          0.09334183526369123
        ],
        [
          0.20789011368637422,
          0.1669839499129391,
          0.08202182848391455,
          0.11645128946474802,
          0.09415386418441526,
          0.31887266363997246,
          0.013626290627636406
        ],
        [
          0.16059926703325417,
          0.028504004655357552,
          0.05345558926903826,
          0.25104038823672215,
          0.07471281290192291,
          0.175296148496369,
          0.2563917894073359
        ],
        [
          0.1954899891135198,
          0.0339784305933776,
          0.2234245873126333,
          0.05740149984674401,
          0.07925615560117939,
          0.23783411134770283,
          0.1726152261848431
        ],
        [
          0.12384475771427886,
          0.2745271858939547,
          0.05812076364294215,
          0.04551319871746584,
          0.20935557673810498,
          0.07265849631438336,
          0.21598002097887017
        ],
        [
          0.07642405598892649,
          0.11544664152654746,
          0.1713818582680635,
          0.1818218807225189,
          0.1031236812411965,
          0.13713617164368871,
          0.21466571060905837
        ],
        [
          0.17996344450393548,
          0.11159680502071916,
          0.1433434661618037,
          0.032050757172846445,
          0.17780326697075355,
          0.18632661029010822,
          0.1689156498798335
        ],
        [
          0.05333853187640582,
          0.1562518782124758,
          0.21740030424038082,
          0.15358729518832834,
          0.17970737407346674,
          0.06760565305656877,
          0.17210896335237383
        ],
        [
          0.28895921509691946,
          0.177791722985031,
          0.15023207793400348,
          0.11373060198760736,
          0.19778202245710577,
          0.03931042288557282,
          0.03219393665376017
        ]
      ],
      "timestamps": [
        57,
        58,
        59,
        60,
        61,
        62,
        63,
        64,
        65,
        66,
        67,
        68,
        69,
        70,
        71,
        72,
        73,
        74,
        75,
        76,
        77,
        78,
        79,
        80,
        81,
        82,
        83,
        84,
        85,
        86,
        87,
        88,
        89,
        90,
        91,
        92,
        93,
        94,
        95,
        96,
        97,
        98,
        99
      ],
      "distance": 687.3
    }
  ],
  "conversation": [
    "This city is bustling.",
    "Someone should train a model on these smells.",
    "Almost forgot my keys!"
  ],
  "conversation_timestamps": [
    56,
    74,
    89
  ]
}
