{"agent_id": "agent-green-462", "type": "green", "trips": [{"trip_id": 0, "transport_method": "car", "start_time": 0, "path": [[1.5977464, 42.5675602], [1.5968364, 42.5661082], [1.5957229, 42.5653204], [1.5939967, 42.5646745], [1.5955871, 42.5654314], [1.5948004, 42.5650163], [1.5929002, 42.5644302], [1.5910381, 42.5638268], [1.5903916, 42.5619844], [1.5898014, 42.5601027], [1.5890231, 42.5583671], [1.588728, 42.556429], [1.588595, 42.5544772], [1.5891702, 42.5526294], [1.5906803, 42.5513345], [1.5907523, 42.5494128], [1.5905243, 42.5474211], [1.5902963, 42.5454293], [1.5900682, 42.5434375], [1.5898402, 42.5414457], [1.5896121, 42.539454], [1.5893841, 42.5374622], [1.5907003, 42.5376372], [1.5917455, 42.5391426], [1.592293, 42.5409913], [1.5915005, 42.5427471], [1.5916994, 42.5446711], [1.5915654, 42.546569], [1.5916645, 42.5485257], [1.5910551, 42.5504325], [1.5907455, 42.5495008], [1.5904946, 42.5475118], [1.5902436, 42.5455228], [1.5899927, 42.5435338], [1.5897417, 42.5415448], [1.5894908, 42.5395557], [1.5892398, 42.5375667], [1.5885179, 42.5357532], [1.5873722, 42.5347244], [1.5870539, 42.5346282], [1.5853666, 42.5335565], [1.5846835, 42.5330141], [1.5830786, 42.5318389], [1.5810916, 42.5317241], [1.5790883, 42.531795], [1.5770871, 42.5317121], [1.5751142, 42.5313656], [1.5735812, 42.5301089], [1.5739027, 42.5307496], [1.5741506, 42.5306416], [1.5726043, 42.5293931], [1.5708046, 42.5289828], [1.5697387, 42.5281572], [1.5713239, 42.5293663], [1.5697015, 42.5282936], [1.5680329, 42.5271823], [1.5686841, 42.52747], [1.5678977, 42.5270027], [1.5662472, 42.5258662], [1.5643789, 42.5252021], [1.5625678, 42.5243937], [1.5611406, 42.5230023], [1.5595179, 42.5218852], [1.5579726, 42.5206336], [1.5569381, 42.5195647], [1.5563655, 42.5188303], [1.5556241, 42.5184051], [1.5550748, 42.518], [1.5537818, 42.5169139], [1.5540108, 42.5170574], [1.5530571, 42.5153309], [1.5524467, 42.5135301], [1.5508158, 42.5123972], [1.5489912, 42.5116387], [1.5470466, 42.5111521], [1.5463945, 42.5098894], [1.5451001, 42.5093409], [1.5431519, 42.508975], [1.5411777, 42.5087316], [1.53944, 42.5086767]], "mood_vectors": [[0.0397, 0.0622, 0.0676, 0.0416, 0.0473, 0.0397, 0.7019], [0.0404, 0.0531, 0.0504, 0.0711, 0.0604, 0.026, 0.6986], [0.0261, 0.0722, 0.0158, 0.0662, 0.044, 0.0719, 0.7038], [0.0743, 0.0184, 0.0636, 0.0757, 0.0794, 0.0321, 0.6565], [0.0377, 0.044, 0.0562, 0.0659, 0.0263, 0.0467, 0.7233], [0.0658, 0.0644, 0.0292, 0.0529, 0.0669, 0.0438, 0.677], [0.038, 0.0548, 0.0284, 0.0811, 0.0628, 0.0616, 0.6733], [0.0337, 0.0437, 0.0754, 0.057, 0.0752, 0.0452, 0.6698], [0.0251, 0.0616, 0.0881, 0.09, 0.0335, 0.0541, 0.6475], [0.0566, 0.0531, 0.0176, 0.0835, 0.0126, 0.0135, 0.7631], [0.0684, 0.0508, 0.021, 0.0594, 0.0358, 0.0236, 0.7411], [0.0239, 0.096, 0.0728, 0.0166, 0.0341, 0.0382, 0.7184], [0.0583, 0.037, 0.0519, 0.0155, 0.0671, 0.0283, 0.7419], [0.0487, 0.072, 0.047, 0.0691, 0.047, 0.0822, 0.6341], [0.0319, 0.0143, 0.0615, 0.0591, 0.0141, 0.0324, 0.7868], [0.0703, 0.0358, 0.0663, 0.0853, 0.0226, 0.0137, 0.7061], [0.0237, 0.0201, 0.0862, 0.0458, 0.0217, 0.073, 0.7296], [0.0569, 0.0711, 0.0503, 0.0484, 0.0139, 0.0392, 0.7201], [0.0216, 0.0635, 0.0677, 0.0564, 0.0862, 0.0897, 0.6148], [0.066, 0.059, 0.0725, 0.0301, 0.0138, 0.0304, 0.7283], [0.0748, 0.0445, 0.0214, 0.0665, 0.0266, 0.055, 0.7111], [0.0894, 0.0478, 0.0415, 0.0498, 0.0542, 0.085, 0.6323], [0.039, 0.0428, 0.0644, 0.0391, 0.0258, 0.0209, 0.768], [0.0346, 0.0702, 0.0441, 0.0488, 0.0175, 0.0721, 0.7127], [0.0766, 0.0414, 0.0147, 0.0309, 0.0464, 0.0654, 0.7246], [0.0474, 0.0224, 0.0374, 0.0648, 0.0448, 0.0662, 0.7172], [0.0778, 0.045, 0.054, 0.0719, 0.0644, 0.0576, 0.6293], [0.0759, 0.0682, 0.0429, 0.0445, 0.0551, 0.0456, 0.6678], [0.0905, 0.0377, 0.0874, 0.0653, 0.031, 0.0308, 0.6574], [0.0671, 0.0648, 0.065, 0.0155, 0.0321, 0.0775, 0.6779], [0.0295, 0.0653, 0.0613, 0.0206, 0.0237, 0.0831, 0.7165], [0.0825, 0.0808, 0.0869, 0.0624, 0.0325, 0.0611, 0.5937], [0.0772, 0.0989, 0.0424, 0.0266, 0.0453, 0.0698, 0.6397], [0.0242, 0.0686, 0.013, 0.0698, 0.0731, 0.0302, 0.7211], [0.0666, 0.021, 0.072, 0.0222, 0.0731, 0.0437, 0.7014], [0.0479, 0.0388, 0.0534, 0.0285, 0.0743, 0.0252, 0.7319], [0.0464, 0.078, 0.0836, 0.0403, 0.0223, 0.0164, 0.7131], [0.0611, 0.0119, 0.0121, 0.0699, 0.0232, 0.0733, 0.7485], [0.0454, 0.0296, 0.0456, 0.0709, 0.022, 0.0357, 0.7508], [0.0416, 0.0715, 0.0321, 0.0718, 0.0504, 0.0259, 0.7066], [0.0551, 0.0178, 0.068, 0.0481, 0.0534, 0.0373, 0.7205], [0.0699, 0.0831, 0.016, 0.0651, 0.0445, 0.0171, 0.7044], [0.0395, 0.0508, 0.0701, 0.0786, 0.0414, 0.0412, 0.6783], [0.0397, 0.074, 0.0481, 0.0483, 0.0982, 0.043, 0.6488], [0.0447, 0.0126, 0.029, 0.0447, 0.0651, 0.0782, 0.7258], [0.0335, 0.0514, 0.0661, 0.0928, 0.0518, 0.0488, 0.6555], [0.0795, 0.0239, 0.0414, 0.0839, 0.0156, 0.0165, 0.7392], [0.0512, 0.0761, 0.0382, 0.0254, 0.0134, 0.0193, 0.7764], [0.0538, 0.0586, 0.0834, 0.0293, 0.0815, 0.081, 0.6124], [0.0811, 0.0173, 0.0903, 0.0548, 0.0416, 0.0783, 0.6364], [0.0397, 0.0792, 0.0457, 0.0393, 0.0689, 0.0417, 0.6856], [0.0219, 0.0422, 0.0693, 0.0427, 0.0285, 0.015, 0.7804], [0.0576, 0.0986, 0.0154, 0.0239, 0.1015, 0.0939, 0.6091], [0.0142, 0.0648, 0.0475, 0.0698, 0.0546, 0.0785, 0.6707], [0.0736, 0.0323, 0.0466, 0.037, 0.0341, 0.0657, 0.7108], [0.0655, 0.0718, 0.0396, 0.0641, 0.0763, 0.0741, 0.6085], [0.042, 0.0368, 0.081, 0.0175, 0.0466, 0.0232, 0.7529], [0.0872, 0.0459, 0.0147, 0.0304, 0.0904, 0.0585, 0.6728], [0.0224, 0.0199, 0.0697, 0.0696, 0.0658, 0.043, 0.7096], [0.0846, 0.0868, 0.0359, 0.0494, 0.0151, 0.0695, 0.6586], [0.0337, 0.0573, 0.0655, 0.0619, 0.0495, 0.0406, 0.6916], [0.0591, 0.0933, 0.0295, 0.0363, 0.0699, 0.0553, 0.6566], [0.0565, 0.067, 0.0406, 0.0139, 0.0537, 0.0964, 0.6719], [0.0398, 0.035, 0.0469, 0.0606, 0.0451, 0.0627, 0.7099], [0.0868, 0.0179, 0.0581, 0.0485, 0.0507, 0.0808, 0.6571], [0.0414, 0.0447, 0.0496, 0.0309, 0.0434, 0.0467, 0.7433], [0.0648, 0.0573, 0.0543, 0.0385, 0.0617, 0.0352, 0.6882], [0.0209, 0.0903, 0.0576, 0.0506, 0.0281, 0.0519, 0.7006], [0.072, 0.0809, 0.0728, 0.0465, 0.0352, 0.0865, 0.606], [0.0741, 0.0332, 0.0231, 0.0146, 0.0843, 0.0297, 0.741], [0.0857, 0.088, 0.0624, 0.0576, 0.0158, 0.0685, 0.6221], [0.0162, 0.0731, 0.0586, 0.0469, 0.0374, 0.0133, 0.7545], [0.0173, 0.0432, 0.0703, 0.0462, 0.0128, 0.0642, 0.7459], [0.0239, 0.0291, 0.0814, 0.0278, 0.0538, 0.0393, 0.7448], [0.0255, 0.0308, 0.0858, 0.035, 0.0727, 0.0754, 0.6746], [0.0372, 0.0549, 0.0727, 0.0655, 0.0318, 0.0613, 0.6766], [0.0306, 0.0872, 0.0159, 0.0175, 0.0786, 0.0689, 0.7013], [0.0664, 0.063, 0.0474, 0.0256, 0.0419, 0.0389, 0.7168], [0.0607, 0.0291, 0.0527, 0.0553, 0.0454, 0.0139, 0.7428], [0.0902, 0.0871, 0.026, 0.0178, 0.0458, 0.0463, 0.6869]], "emotions": ["purple", "purple", "purple", "purple", "purple", "purple", "purple", "purple", "purple", "purple", "purple", "purple", "purple", "purple", "purple", "purple", "purple", "purple", "purple", "purple", "purple", "purple", "purple", "purple", "purple", "purple", "purple", "purple", "purple", "purple", "purple", "purple", "purple", "purple", "purple", "purple", "purple", "purple", "purple", "purple", "purple", "purple", "purple", "purple", "purple", "purple", "purple", "purple", "purple", "purple", "purple", "purple", "purple", "purple", "purple", "purple", "purple", "purple", "purple", "purple", "purple", "purple", "purple", "purple", "purple", "purple", "purple", "purple", "purple", "purple", "purple", "purple", "purple", "purple", "purple", "purple", "purple", "purple", "purple", "purple"], "timestamps": [0, 40, 80, 120, 160, 200, 240, 280, 320, 360, 400, 440, 480, 520, 560, 600, 640, 680, 720, 760, 800, 840, 880, 920, 960, 1000, 1040, 1080, 1120, 1160, 1200, 1240, 1280, 1320, 1360, 1400, 1440, 1480, 1520, 1560, 1600, 1640, 1680, 1720, 1760, 1800, 1840, 1880, 1920, 1960, 2000, 2040, 2080, 2120, 2160, 2200, 2240, 2280, 2320, 2360, 2400, 2440, 2480, 2520, 2560, 2600, 2640, 2680, 2720, 2760, 2800, 2840, 2880, 2920, 2960, 3000, 3040, 3080, 3120, 3160]}], "conversation": [], "conversation_timestamps": []}