{"agent_id": "agent-orange-1338", "type": "orange", "trips": [{"trip_id": 0, "transport_method": "car", "start_time": 0, "path": [[1.5887556, 42.5362721], [1.5882098, 42.5353223], [1.5872921, 42.5346925], [1.5879828, 42.5352225], [1.5871265, 42.5346758], [1.5861616, 42.5341041], [1.5852562, 42.5334868], [1.5852726, 42.5334391], [1.5843994, 42.5327375], [1.5835085, 42.5320598], [1.5824563, 42.5317024], [1.581334, 42.5317145], [1.5802112, 42.5317474], [1.579089, 42.531795], [1.5779662, 42.5317836], [1.5768473, 42.5316862], [1.5757396, 42.5315015], [1.5746969, 42.5311437], [1.5738733, 42.5303798], [1.5731628, 42.529724], [1.573784, 42.5306478], [1.5747384, 42.5312289], [1.5740877, 42.5305837], [1.5732613, 42.5298228], [1.5722828, 42.5293496], [1.5712478, 42.5293154], [1.5703494, 42.5286411], [1.5694778, 42.5279856], [1.5704164, 42.5286029], [1.5712754, 42.5293154], [1.5704936, 42.5288213], [1.5695586, 42.5281985], [1.5686237, 42.5275758], [1.5676888, 42.526953], [1.568262, 42.527268], [1.5690182, 42.5277546], [1.5680854, 42.5271287], [1.5671526, 42.5265028], [1.5662331, 42.5258589], [1.5652136, 42.5253902], [1.5641413, 42.5251143], [1.5631178, 42.5246816], [1.5622291, 42.5240272], [1.5614507, 42.5232249], [1.5605325, 42.5225788], [1.5596385, 42.5219559], [1.558724, 42.521325], [1.5578994, 42.5205625], [1.5571121, 42.5197614], [1.5568673, 42.5194121], [1.5561084, 42.5185838], [1.556696, 42.519311], [1.5558495, 42.5185964], [1.5555108, 42.5181119], [1.5551151, 42.5180354], [1.5542715, 42.5172936], [1.5538895, 42.5170683], [1.5544561, 42.5175887], [1.5537345, 42.5167278], [1.5533051, 42.5157072], [1.5527275, 42.5147559], [1.5525935, 42.5136783], [1.551648, 42.5130929], [1.5507913, 42.5123758], [1.5498035, 42.5118812], [1.5487251, 42.5115717], [1.5476326, 42.5113104], [1.546592, 42.5109243], [1.5462409, 42.5099394], [1.546169, 42.5098076], [1.5452231, 42.50935], [1.5441067, 42.5092639], [1.5430345, 42.5089575], [1.5419229, 42.5088836], [1.5409013, 42.5092668], [1.5399799, 42.5098506], [1.5389818, 42.5103395], [1.5379172, 42.5106837], [1.5369065, 42.5111667], [1.5358307, 42.5114492]], "mood_vectors": [[0.0523, 0.0582, 0.0723, 0.0282, 0.6439, 0.0745, 0.0705], [0.0158, 0.0978, 0.0466, 0.018, 0.7194, 0.0608, 0.0415], [0.0655, 0.0656, 0.0141, 0.0763, 0.7071, 0.0352, 0.0364], [0.0383, 0.029, 0.0226, 0.0345, 0.7506, 0.0864, 0.0387], [0.0391, 0.0619, 0.0675, 0.0682, 0.6764, 0.0549, 0.0319], [0.0655, 0.0961, 0.0188, 0.0365, 0.6587, 0.0284, 0.0961], [0.0708, 0.0661, 0.0862, 0.0462, 0.6365, 0.0202, 0.0739], [0.0596, 0.0613, 0.0244, 0.0292, 0.7793, 0.0328, 0.0134], [0.0691, 0.0409, 0.0569, 0.0633, 0.6888, 0.0462, 0.0348], [0.0705, 0.0274, 0.0612, 0.056, 0.6422, 0.0576, 0.0852], [0.0518, 0.063, 0.0565, 0.0365, 0.6678, 0.0496, 0.0748], [0.0173, 0.0386, 0.0193, 0.0337, 0.816, 0.0324, 0.0426], [0.0385, 0.0744, 0.019, 0.0324, 0.7365, 0.0547, 0.0445], [0.057, 0.015, 0.0451, 0.0935, 0.7018, 0.0545, 0.0332], [0.0163, 0.0163, 0.0604, 0.022, 0.8339, 0.0274, 0.0237], [0.021, 0.0547, 0.0831, 0.0709, 0.6886, 0.0603, 0.0213], [0.0498, 0.0696, 0.069, 0.0357, 0.6285, 0.0642, 0.0832], [0.0869, 0.0401, 0.052, 0.0148, 0.6603, 0.0579, 0.088], [0.0563, 0.0183, 0.0819, 0.0462, 0.6738, 0.0562, 0.0672], [0.0777, 0.0317, 0.0357, 0.0762, 0.7056, 0.0168, 0.0564], [0.0681, 0.0115, 0.0367, 0.0722, 0.6985, 0.0713, 0.0418], [0.0639, 0.014, 0.057, 0.06, 0.7211, 0.0425, 0.0416], [0.0201, 0.0307, 0.0739, 0.0384, 0.7352, 0.0628, 0.0389], [0.0456, 0.0529, 0.0542, 0.0414, 0.6817, 0.0821, 0.042], [0.0464, 0.0751, 0.0449, 0.0138, 0.7571, 0.0253, 0.0375], [0.0591, 0.0219, 0.0653, 0.0389, 0.6904, 0.0646, 0.0598], [0.081, 0.0704, 0.0835, 0.0669, 0.6274, 0.0541, 0.0167], [0.0768, 0.0628, 0.0188, 0.0625, 0.6955, 0.0702, 0.0134], [0.0404, 0.0732, 0.0416, 0.0158, 0.7397, 0.0314, 0.0578], [0.0656, 0.0603, 0.0591, 0.0554, 0.6549, 0.0284, 0.0763], [0.0426, 0.0268, 0.0907, 0.0769, 0.6581, 0.0864, 0.0185], [0.0407, 0.0731, 0.0311, 0.0722, 0.6744, 0.0491, 0.0593], [0.0671, 0.0764, 0.0244, 0.0232, 0.7374, 0.0405, 0.031], [0.0745, 0.0306, 0.0507, 0.0318, 0.6766, 0.0746, 0.0612], [0.0141, 0.0566, 0.0325, 0.0175, 0.7515, 0.0763, 0.0515], [0.0549, 0.0541, 0.0641, 0.0742, 0.5869, 0.0968, 0.069], [0.0349, 0.0354, 0.0553, 0.0442, 0.7375, 0.0233, 0.0695], [0.0313, 0.0683, 0.0227, 0.0737, 0.698, 0.0415, 0.0646], [0.0322, 0.0559, 0.08, 0.0176, 0.7189, 0.0211, 0.0742], [0.0294, 0.0297, 0.0639, 0.0136, 0.7153, 0.0752, 0.0729], [0.0219, 0.0483, 0.0407, 0.053, 0.6936, 0.0759, 0.0665], [0.0203, 0.0426, 0.0488, 0.0473, 0.7065, 0.0691, 0.0654], [0.023, 0.0631, 0.0786, 0.0234, 0.6669, 0.0887, 0.0564], [0.038, 0.0828, 0.0353, 0.0371, 0.7573, 0.0136, 0.036], [0.0287, 0.0236, 0.0192, 0.0131, 0.7885, 0.0779, 0.049], [0.0469, 0.0239, 0.0674, 0.0613, 0.7034, 0.0488, 0.0484], [0.0615, 0.0331, 0.0368, 0.0194, 0.7349, 0.0799, 0.0344], [0.0422, 0.022, 0.0379, 0.0734, 0.7043, 0.0448, 0.0754], [0.0282, 0.0288, 0.0439, 0.0492, 0.7357, 0.0559, 0.0583], [0.0429, 0.0848, 0.029, 0.0668, 0.7004, 0.0325, 0.0435], [0.0328, 0.027, 0.0643, 0.057, 0.6897, 0.0767, 0.0525], [0.0933, 0.0422, 0.0459, 0.038, 0.6944, 0.0595, 0.0268], [0.047, 0.0636, 0.0757, 0.0345, 0.653, 0.0341, 0.0921], [0.0519, 0.0342, 0.0228, 0.0572, 0.7684, 0.017, 0.0486], [0.028, 0.0222, 0.0606, 0.0216, 0.7535, 0.0463, 0.0679], [0.022, 0.0829, 0.0458, 0.0485, 0.7181, 0.0629, 0.0198], [0.0309, 0.0861, 0.047, 0.1036, 0.6667, 0.0494, 0.0163], [0.0247, 0.034, 0.0463, 0.069, 0.7408, 0.0668, 0.0182], [0.0165, 0.0368, 0.0245, 0.026, 0.7854, 0.0252, 0.0856], [0.0734, 0.0922, 0.0484, 0.0316, 0.6371, 0.0855, 0.0318], [0.0444, 0.0459, 0.0326, 0.0715, 0.6376, 0.0822, 0.0858], [0.0304, 0.0431, 0.0184, 0.0589, 0.725, 0.049, 0.0751], [0.0533, 0.0882, 0.0382, 0.0756, 0.6431, 0.0549, 0.0467], [0.043, 0.0238, 0.0326, 0.0404, 0.7562, 0.0423, 0.0618], [0.0849, 0.0299, 0.0633, 0.0239, 0.6822, 0.0397, 0.076], [0.0241, 0.0733, 0.0405, 0.057, 0.7068, 0.0752, 0.0232], [0.0535, 0.0252, 0.0285, 0.053, 0.7005, 0.0798, 0.0594], [0.0842, 0.0562, 0.0322, 0.0682, 0.6783, 0.0505, 0.0304], [0.0453, 0.0267, 0.0563, 0.0896, 0.7131, 0.0311, 0.038], [0.0842, 0.0694, 0.0625, 0.0208, 0.7171, 0.0199, 0.0261], [0.0403, 0.0449, 0.0222, 0.0688, 0.752, 0.04, 0.0317], [0.031, 0.0138, 0.0171, 0.0825, 0.7691, 0.0176, 0.069], [0.0634, 0.0475, 0.0335, 0.0793, 0.686, 0.0386, 0.0516], [0.0661, 0.093, 0.0326, 0.083, 0.6091, 0.061, 0.0553], [0.0726, 0.0697, 0.0647, 0.0634, 0.6276, 0.0594, 0.0426], [0.0444, 0.0261, 0.0439, 0.0922, 0.6915, 0.0266, 0.0753], [0.0573, 0.0233, 0.0253, 0.0611, 0.7371, 0.0322, 0.0637], [0.0758, 0.0528, 0.0346, 0.0222, 0.6856, 0.0704, 0.0586], [0.0505, 0.0463, 0.0216, 0.051, 0.7382, 0.0784, 0.0139], [0.0377, 0.051, 0.0811, 0.0412, 0.6624, 0.081, 0.0456]], "emotions": ["red", "red", "red", "red", "red", "red", "red", "red", "red", "red", "red", "red", "red", "red", "red", "red", "red", "red", "red", "red", "red", "red", "red", "red", "red", "red", "red", "red", "red", "red", "red", "red", "red", "red", "red", "red", "red", "red", "red", "red", "red", "red", "red", "red", "red", "red", "red", "red", "red", "red", "red", "red", "red", "red", "red", "red", "red", "red", "red", "red", "red", "red", "red", "red", "red", "red", "red", "red", "red", "red", "red", "red", "red", "red", "red", "red", "red", "red", "red", "red"], "timestamps": [0, 40, 80, 120, 160, 200, 240, 280, 320, 360, 400, 440, 480, 520, 560, 600, 640, 680, 720, 760, 800, 840, 880, 920, 960, 1000, 1040, 1080, 1120, 1160, 1200, 1240, 1280, 1320, 1360, 1400, 1440, 1480, 1520, 1560, 1600, 1640, 1680, 1720, 1760, 1800, 1840, 1880, 1920, 1960, 2000, 2040, 2080, 2120, 2160, 2200, 2240, 2280, 2320, 2360, 2400, 2440, 2480, 2520, 2560, 2600, 2640, 2680, 2720, 2760, 2800, 2840, 2880, 2920, 2960, 3000, 3040, 3080, 3120, 3160]}], "conversation": [], "conversation_timestamps": []}