{"agent_id": "agent-red-1221", "type": "red", "trips": [{"trip_id": 0, "transport_method": "bus", "start_time": 0, "path": [[1.5214643, 42.5041651], [1.5214647, 42.5042046], [1.521465, 42.5042441], [1.5214653, 42.5042836], [1.5214668, 42.504323], [1.5214798, 42.5043598], [1.5215063, 42.5043891], [1.5215396, 42.5044101], [1.5215734, 42.5044306], [1.521611, 42.5044424], [1.5216491, 42.5044532], [1.5216871, 42.504464], [1.5217252, 42.5044746], [1.5217633, 42.5044851], [1.5218014, 42.5044956], [1.5218401, 42.5045035], [1.5218789, 42.5045113], [1.5219177, 42.5045191], [1.5219571, 42.5045222], [1.5219965, 42.5045253], [1.5220303, 42.5045319], [1.5220388, 42.5045705], [1.5220474, 42.5046091], [1.522056, 42.5046477], [1.5220646, 42.5046863], [1.5220731, 42.5047248], [1.5220817, 42.5047634], [1.5220903, 42.504802], [1.522102, 42.5048375], [1.5221406, 42.5048459], [1.5221792, 42.5048543], [1.5222178, 42.5048627], [1.5222565, 42.5048711], [1.5222951, 42.5048795], [1.5223337, 42.504888], [1.5223723, 42.5048964], [1.522411, 42.5049048], [1.5224496, 42.5049132], [1.5224885, 42.50492], [1.5225276, 42.5049258], [1.5225667, 42.5049315], [1.5226058, 42.5049373], [1.5226449, 42.5049431], [1.5226841, 42.5049488], [1.5227232, 42.5049546], [1.5227623, 42.5049603], [1.5228014, 42.5049661], [1.5228405, 42.5049718], [1.5228796, 42.5049776], [1.5229187, 42.5049833], [1.5229578, 42.504989], [1.522997, 42.5049944], [1.5230361, 42.5049999], [1.5230753, 42.5050053], [1.5231113, 42.5050205], [1.5231464, 42.5050388], [1.5231814, 42.5050572], [1.5232146, 42.5050783], [1.523245, 42.5051035], [1.5232755, 42.5051287], [1.5233126, 42.5051407], [1.5233509, 42.5051504], [1.5233893, 42.50516], [1.5234276, 42.5051696], [1.5234654, 42.5051809], [1.5235012, 42.5051976], [1.523537, 42.5052143], [1.5235728, 42.505231], [1.5236087, 42.5052477], [1.5236445, 42.5052644], [1.5236803, 42.5052811], [1.5237162, 42.5052978], [1.523752, 42.5053145], [1.5237879, 42.5053311], [1.523822, 42.5053509], [1.5238547, 42.5053731], [1.5238874, 42.5053953], [1.523923, 42.5054103], [1.523962, 42.5054171], [1.5240009, 42.5054239]], "mood_vectors": [[0.7514, 0.0562, 0.071, 0.0213, 0.0145, 0.0182, 0.0675], [0.6944, 0.0759, 0.0678, 0.0222, 0.0764, 0.0298, 0.0336], [0.6471, 0.0536, 0.0576, 0.0702, 0.0797, 0.0697, 0.022], [0.6833, 0.0269, 0.077, 0.0662, 0.0307, 0.0755, 0.0404], [0.6642, 0.0615, 0.0641, 0.0559, 0.0449, 0.0658, 0.0436], [0.7493, 0.0648, 0.0123, 0.017, 0.0566, 0.0232, 0.0768], [0.6808, 0.0508, 0.0604, 0.0233, 0.0393, 0.0752, 0.0702], [0.7116, 0.0812, 0.0485, 0.0231, 0.0243, 0.0204, 0.091], [0.7017, 0.0584, 0.0225, 0.0541, 0.0616, 0.0581, 0.0436], [0.83, 0.0317, 0.0326, 0.0389, 0.03, 0.0217, 0.0151], [0.7118, 0.0706, 0.0641, 0.025, 0.059, 0.0534, 0.0162], [0.6924, 0.0553, 0.0742, 0.0304, 0.063, 0.0405, 0.0441], [0.6317, 0.0602, 0.0447, 0.0824, 0.0284, 0.0763, 0.0763], [0.6953, 0.0449, 0.0381, 0.0602, 0.0167, 0.0865, 0.0582], [0.6829, 0.0826, 0.0379, 0.0162, 0.0723, 0.055, 0.053], [0.6626, 0.057, 0.0547, 0.0509, 0.0486, 0.0649, 0.0612], [0.6527, 0.0289, 0.0486, 0.0657, 0.0436, 0.0809, 0.0796], [0.7207, 0.0344, 0.0463, 0.0758, 0.052, 0.0176, 0.0533], [0.7143, 0.0388, 0.0201, 0.0717, 0.069, 0.023, 0.063], [0.6644, 0.0699, 0.0717, 0.028, 0.0653, 0.0621, 0.0385], [0.7081, 0.0776, 0.0157, 0.0649, 0.0449, 0.0578, 0.031], [0.7051, 0.0495, 0.0734, 0.0182, 0.0532, 0.052, 0.0486], [0.6908, 0.0772, 0.0279, 0.0725, 0.0641, 0.051, 0.0164], [0.7134, 0.0233, 0.0134, 0.0717, 0.0617, 0.0359, 0.0806], [0.7278, 0.0758, 0.0303, 0.0594, 0.0147, 0.0149, 0.077], [0.7294, 0.0781, 0.0734, 0.0361, 0.0194, 0.0379, 0.0256], [0.7006, 0.0406, 0.0686, 0.0485, 0.0262, 0.0614, 0.0541], [0.6521, 0.0782, 0.043, 0.0679, 0.0653, 0.032, 0.0616], [0.7302, 0.0499, 0.0589, 0.0393, 0.0262, 0.0506, 0.0449], [0.7163, 0.1007, 0.0986, 0.0201, 0.0231, 0.0222, 0.0189], [0.646, 0.0838, 0.0774, 0.0775, 0.0397, 0.0194, 0.0562], [0.7302, 0.0664, 0.0495, 0.0287, 0.066, 0.0122, 0.0469], [0.7127, 0.0747, 0.0326, 0.0215, 0.0358, 0.0556, 0.067], [0.6288, 0.0206, 0.0931, 0.0862, 0.0506, 0.0762, 0.0445], [0.6106, 0.0744, 0.0551, 0.0549, 0.0737, 0.0804, 0.0509], [0.7294, 0.0664, 0.0208, 0.0452, 0.0265, 0.0529, 0.0587], [0.7163, 0.0369, 0.0398, 0.0366, 0.0563, 0.029, 0.0851], [0.6661, 0.0237, 0.0699, 0.0428, 0.0726, 0.0674, 0.0575], [0.7436, 0.0477, 0.0702, 0.0361, 0.0454, 0.0167, 0.0404], [0.8029, 0.0264, 0.0551, 0.0257, 0.0418, 0.0134, 0.0347], [0.7139, 0.08, 0.0431, 0.0197, 0.0743, 0.0352, 0.0339], [0.7527, 0.0706, 0.0348, 0.0358, 0.0253, 0.0328, 0.048], [0.6919, 0.0805, 0.0332, 0.0656, 0.0379, 0.0481, 0.0428], [0.6079, 0.095, 0.055, 0.073, 0.0915, 0.022, 0.0556], [0.6896, 0.0676, 0.0561, 0.015, 0.0511, 0.0636, 0.0569], [0.6886, 0.0341, 0.0332, 0.0606, 0.0262, 0.0797, 0.0776], [0.7006, 0.0252, 0.0177, 0.08, 0.0906, 0.0484, 0.0376], [0.7638, 0.0497, 0.0702, 0.0136, 0.0235, 0.0397, 0.0394], [0.7043, 0.0498, 0.0353, 0.0739, 0.027, 0.0646, 0.0452], [0.6307, 0.071, 0.0409, 0.0648, 0.0637, 0.0714, 0.0574], [0.6595, 0.0889, 0.0329, 0.0914, 0.0662, 0.0465, 0.0146], [0.7385, 0.0223, 0.0347, 0.0793, 0.0144, 0.0306, 0.0802], [0.6742, 0.0761, 0.0244, 0.0594, 0.0423, 0.0526, 0.071], [0.7054, 0.0569, 0.0453, 0.02, 0.0621, 0.0312, 0.0791], [0.6922, 0.0729, 0.0264, 0.0287, 0.0649, 0.0431, 0.0718], [0.6803, 0.0196, 0.0712, 0.0768, 0.0555, 0.0528, 0.0438], [0.7013, 0.0583, 0.0698, 0.0719, 0.0539, 0.0288, 0.016], [0.5932, 0.0619, 0.0867, 0.0758, 0.0888, 0.0484, 0.0452], [0.6612, 0.0769, 0.0361, 0.0834, 0.045, 0.0665, 0.031], [0.7114, 0.0679, 0.0167, 0.0377, 0.0669, 0.0443, 0.0549], [0.6737, 0.0864, 0.0444, 0.0333, 0.0618, 0.021, 0.0793], [0.7383, 0.0239, 0.0247, 0.085, 0.0196, 0.0594, 0.049], [0.7422, 0.0613, 0.049, 0.0171, 0.0377, 0.05, 0.0427], [0.6678, 0.054, 0.0603, 0.0296, 0.0784, 0.0387, 0.0712], [0.7618, 0.0197, 0.0637, 0.0783, 0.0288, 0.0324, 0.0152], [0.7791, 0.0251, 0.0596, 0.0156, 0.0262, 0.0162, 0.078], [0.6833, 0.0513, 0.0299, 0.0476, 0.0375, 0.0791, 0.0712], [0.6469, 0.0429, 0.0833, 0.0746, 0.0591, 0.034, 0.0593], [0.7396, 0.0288, 0.019, 0.0672, 0.0312, 0.0257, 0.0884], [0.6672, 0.0837, 0.0327, 0.031, 0.0935, 0.0258, 0.0661], [0.6789, 0.0837, 0.0185, 0.0225, 0.0873, 0.067, 0.0422], [0.6589, 0.0677, 0.0299, 0.0481, 0.0756, 0.0504, 0.0695], [0.7893, 0.0447, 0.0347, 0.0405, 0.0345, 0.0338, 0.0224], [0.7572, 0.0545, 0.0243, 0.0282, 0.076, 0.0348, 0.0249], [0.7302, 0.0632, 0.0524, 0.0316, 0.0667, 0.0335, 0.0224], [0.6678, 0.0204, 0.061, 0.0643, 0.0903, 0.0337, 0.0625], [0.6459, 0.0503, 0.0715, 0.0962, 0.0204, 0.0965, 0.0191], [0.6887, 0.0231, 0.0454, 0.0411, 0.0653, 0.0528, 0.0836], [0.6153, 0.053, 0.0786, 0.0868, 0.0319, 0.0882, 0.0464], [0.709, 0.0391, 0.0816, 0.0528, 0.0192, 0.0317, 0.0666]], "emotions": ["red", "red", "red", "red", "red", "red", "red", "red", "red", "red", "red", "red", "red", "red", "red", "red", "red", "red", "red", "red", "red", "red", "red", "red", "red", "red", "red", "red", "red", "red", "red", "red", "red", "red", "red", "red", "red", "red", "red", "red", "red", "red", "red", "red", "red", "red", "red", "red", "red", "red", "red", "red", "red", "red", "red", "red", "red", "red", "red", "red", "red", "red", "red", "red", "red", "red", "red", "red", "red", "red", "red", "red", "red", "red", "red", "red", "red", "red", "red", "red"], "timestamps": [0, 40, 80, 120, 160, 200, 240, 280, 320, 360, 400, 440, 480, 520, 560, 600, 640, 680, 720, 760, 800, 840, 880, 920, 960, 1000, 1040, 1080, 1120, 1160, 1200, 1240, 1280, 1320, 1360, 1400, 1440, 1480, 1520, 1560, 1600, 1640, 1680, 1720, 1760, 1800, 1840, 1880, 1920, 1960, 2000, 2040, 2080, 2120, 2160, 2200, 2240, 2280, 2320, 2360, 2400, 2440, 2480, 2520, 2560, 2600, 2640, 2680, 2720, 2760, 2800, 2840, 2880, 2920, 2960, 3000, 3040, 3080, 3120, 3160]}], "conversation": [], "conversation_timestamps": []}