{"agent_id": "agent-green-892", "type": "green", "trips": [{"trip_id": 0, "transport_method": "bicycle", "start_time": 0, "path": [[1.5319214, 42.5058608], [1.5319245, 42.5060243], [1.5318084, 42.506122], [1.5316509, 42.5061276], [1.5315075, 42.5060435], [1.531458, 42.5059967], [1.5316162, 42.506046], [1.5316472, 42.5061582], [1.5314853, 42.5061964], [1.5313235, 42.5062345], [1.5311617, 42.5062726], [1.5309999, 42.5063107], [1.5308381, 42.5063488], [1.5306762, 42.5063869], [1.5305144, 42.506425], [1.5303526, 42.5064631], [1.5301908, 42.5065012], [1.5300288, 42.50651], [1.5298665, 42.506474], [1.5297042, 42.506438], [1.5295419, 42.506402], [1.5293906, 42.506416], [1.5292588, 42.5065173], [1.529127, 42.5066186], [1.5289951, 42.5067199], [1.5288408, 42.5067783], [1.5286826, 42.5068294], [1.5285244, 42.5068806], [1.5283927, 42.5069776], [1.5282693, 42.507089], [1.5281458, 42.5072003], [1.5280167, 42.5072943], [1.5278514, 42.5072766], [1.5276861, 42.5072589], [1.5275208, 42.507242], [1.5273548, 42.5072321], [1.5271889, 42.5072223], [1.5270227, 42.5072237], [1.5268564, 42.5072265], [1.526725, 42.5072915], [1.5266356, 42.5074316], [1.5265462, 42.5075718], [1.5264568, 42.507712], [1.5263265, 42.5077959], [1.5261657, 42.5078381], [1.5260049, 42.5078803], [1.5258558, 42.5078297], [1.5257207, 42.5077328], [1.5255762, 42.507651], [1.5254274, 42.5075808], [1.5252852, 42.5076068], [1.5252091, 42.5077545], [1.5251322, 42.5079019], [1.5250085, 42.5079439], [1.5248476, 42.5079021], [1.5246867, 42.5078603], [1.5245243, 42.5078252], [1.5243611, 42.5077937], [1.5241961, 42.5077745], [1.5240299, 42.5077732], [1.5238638, 42.5077778], [1.5236979, 42.5077894], [1.5235321, 42.5078009], [1.5233663, 42.5078132], [1.5232154, 42.5078125], [1.5230551, 42.5077833], [1.5228895, 42.5077689], [1.5227239, 42.5077545], [1.5225583, 42.5077401], [1.5223926, 42.5077257], [1.522227, 42.5077113], [1.5220678, 42.5077226], [1.5219389, 42.507693], [1.521818, 42.5075789], [1.5216814, 42.5075129], [1.5215162, 42.5075217], [1.52135, 42.5075165], [1.5211838, 42.5075113], [1.5211094, 42.5076262], [1.5210548, 42.507781]], "mood_vectors": [[0.0361, 0.0908, 0.052, 0.075, 0.056, 0.0729, 0.6172], [0.0688, 0.0401, 0.0555, 0.0399, 0.0798, 0.0426, 0.6733], [0.051, 0.0341, 0.0508, 0.0703, 0.0706, 0.0665, 0.6567], [0.0798, 0.0689, 0.0263, 0.0202, 0.0737, 0.0526, 0.6784], [0.0493, 0.049, 0.0627, 0.0309, 0.0424, 0.0559, 0.7099], [0.0326, 0.0898, 0.0403, 0.0216, 0.1002, 0.039, 0.6766], [0.051, 0.0691, 0.0769, 0.0314, 0.0298, 0.0651, 0.6766], [0.0861, 0.0535, 0.0225, 0.0606, 0.0323, 0.0711, 0.6739], [0.0273, 0.09, 0.0639, 0.0394, 0.0367, 0.0344, 0.7083], [0.0493, 0.013, 0.0443, 0.0838, 0.0454, 0.0807, 0.6835], [0.0455, 0.0351, 0.0616, 0.0173, 0.0362, 0.0704, 0.7339], [0.0849, 0.0567, 0.0693, 0.0178, 0.0525, 0.0709, 0.6479], [0.0325, 0.0721, 0.067, 0.0583, 0.0152, 0.0114, 0.7436], [0.0698, 0.0581, 0.0462, 0.0461, 0.0628, 0.0381, 0.6789], [0.0482, 0.0421, 0.04, 0.0158, 0.0422, 0.0285, 0.7831], [0.0546, 0.0618, 0.0772, 0.0814, 0.0522, 0.0373, 0.6354], [0.0285, 0.0882, 0.0446, 0.0613, 0.08, 0.0836, 0.614], [0.065, 0.0816, 0.0694, 0.0257, 0.0145, 0.0139, 0.7299], [0.0782, 0.0528, 0.0366, 0.0197, 0.068, 0.0208, 0.7238], [0.0501, 0.0459, 0.0447, 0.0559, 0.0533, 0.0304, 0.7198], [0.0826, 0.0128, 0.0662, 0.0409, 0.0557, 0.0799, 0.662], [0.0794, 0.0813, 0.0572, 0.0429, 0.0764, 0.0664, 0.5965], [0.0469, 0.0484, 0.0536, 0.0504, 0.0538, 0.0777, 0.6691], [0.0349, 0.0785, 0.0304, 0.0488, 0.0352, 0.0199, 0.7523], [0.0561, 0.0409, 0.0318, 0.0407, 0.0689, 0.0501, 0.7114], [0.0575, 0.0511, 0.0383, 0.0401, 0.0746, 0.0312, 0.7073], [0.0561, 0.0679, 0.0222, 0.0389, 0.0352, 0.0266, 0.7531], [0.0245, 0.0745, 0.0606, 0.0233, 0.0199, 0.0548, 0.7424], [0.0812, 0.0323, 0.0702, 0.0523, 0.074, 0.0771, 0.613], [0.0579, 0.0871, 0.0865, 0.0668, 0.0179, 0.0469, 0.6369], [0.0701, 0.0254, 0.0494, 0.0729, 0.0739, 0.0706, 0.6377], [0.0426, 0.061, 0.017, 0.0704, 0.0704, 0.0491, 0.6895], [0.0237, 0.0816, 0.085, 0.025, 0.0948, 0.0502, 0.6396], [0.0858, 0.0293, 0.0165, 0.0273, 0.0352, 0.0188, 0.7872], [0.06, 0.0509, 0.029, 0.0687, 0.0308, 0.0438, 0.7168], [0.0728, 0.0381, 0.0342, 0.0591, 0.0727, 0.0354, 0.6877], [0.0607, 0.034, 0.0557, 0.0376, 0.0206, 0.0201, 0.7713], [0.0302, 0.0372, 0.0282, 0.0159, 0.0404, 0.0413, 0.8068], [0.0334, 0.0327, 0.0464, 0.0179, 0.0387, 0.0173, 0.8136], [0.0311, 0.0789, 0.0328, 0.0533, 0.0621, 0.0405, 0.7013], [0.0557, 0.0248, 0.0182, 0.0461, 0.0691, 0.0595, 0.7267], [0.0658, 0.0466, 0.0471, 0.0464, 0.0356, 0.0706, 0.6879], [0.0606, 0.0838, 0.017, 0.0435, 0.033, 0.0667, 0.6953], [0.0642, 0.0383, 0.0868, 0.0396, 0.0484, 0.0236, 0.699], [0.0217, 0.0753, 0.0765, 0.051, 0.0189, 0.077, 0.6796], [0.0738, 0.0255, 0.0478, 0.0587, 0.073, 0.0919, 0.6293], [0.0541, 0.0617, 0.0247, 0.0343, 0.0716, 0.0719, 0.6817], [0.0795, 0.0679, 0.0887, 0.0165, 0.0792, 0.0143, 0.6539], [0.0418, 0.0784, 0.0605, 0.0334, 0.0354, 0.0824, 0.6681], [0.0672, 0.0737, 0.0337, 0.0471, 0.0631, 0.0329, 0.6822], [0.0466, 0.0563, 0.0269, 0.0544, 0.0641, 0.0313, 0.7205], [0.035, 0.0375, 0.0483, 0.0555, 0.0554, 0.0411, 0.7272], [0.0393, 0.0399, 0.1066, 0.0594, 0.0505, 0.0176, 0.6866], [0.0399, 0.0259, 0.0727, 0.0681, 0.0768, 0.0408, 0.6759], [0.0483, 0.048, 0.0731, 0.0412, 0.0477, 0.0342, 0.7075], [0.0152, 0.0415, 0.0524, 0.0544, 0.0616, 0.0277, 0.7473], [0.0678, 0.0374, 0.0288, 0.069, 0.0355, 0.0356, 0.7259], [0.0665, 0.0818, 0.0827, 0.0175, 0.0435, 0.0152, 0.6928], [0.0613, 0.0272, 0.0743, 0.0281, 0.0393, 0.0401, 0.7297], [0.0757, 0.0518, 0.0728, 0.0226, 0.0144, 0.0117, 0.7511], [0.0583, 0.0208, 0.0459, 0.0708, 0.0191, 0.0734, 0.7116], [0.0279, 0.0198, 0.0773, 0.0411, 0.059, 0.0649, 0.7101], [0.0183, 0.0422, 0.0841, 0.06, 0.03, 0.0567, 0.7087], [0.0392, 0.0353, 0.0771, 0.0784, 0.0542, 0.0484, 0.6674], [0.0219, 0.0137, 0.0579, 0.0775, 0.0434, 0.0391, 0.7465], [0.0384, 0.0879, 0.0982, 0.0411, 0.0346, 0.0301, 0.6697], [0.0247, 0.0794, 0.0315, 0.0728, 0.0226, 0.0662, 0.7028], [0.0178, 0.03, 0.0727, 0.0483, 0.058, 0.0256, 0.7476], [0.0267, 0.0374, 0.0675, 0.0772, 0.0535, 0.063, 0.6746], [0.0735, 0.0354, 0.0261, 0.0584, 0.0789, 0.0582, 0.6696], [0.0711, 0.0599, 0.0592, 0.0621, 0.0697, 0.0725, 0.6055], [0.0202, 0.0778, 0.0297, 0.0545, 0.0261, 0.0776, 0.714], [0.0296, 0.0442, 0.073, 0.0382, 0.0439, 0.0381, 0.733], [0.0675, 0.0236, 0.0584, 0.0442, 0.0888, 0.0483, 0.6692], [0.0617, 0.0172, 0.0668, 0.0408, 0.0463, 0.0394, 0.728], [0.0544, 0.021, 0.0385, 0.058, 0.0204, 0.0719, 0.7357], [0.0297, 0.0953, 0.0905, 0.0772, 0.0321, 0.0422, 0.6331], [0.0853, 0.0291, 0.0295, 0.0477, 0.0255, 0.0265, 0.7563], [0.0569, 0.0266, 0.027, 0.0402, 0.0532, 0.0727, 0.7234], [0.0685, 0.0268, 0.0564, 0.0316, 0.0155, 0.0599, 0.7413]], "emotions": ["purple", "purple", "purple", "purple", "purple", "purple", "purple", "purple", "purple", "purple", "purple", "purple", "purple", "purple", "purple", "purple", "purple", "purple", "purple", "purple", "purple", "purple", "purple", "purple", "purple", "purple", "purple", "purple", "purple", "purple", "purple", "purple", "purple", "purple", "purple", "purple", "purple", "purple", "purple", "purple", "purple", "purple", "purple", "purple", "purple", "purple", "purple", "purple", "purple", "purple", "purple", "purple", "purple", "purple", "purple", "purple", "purple", "purple", "purple", "purple", "purple", "purple", "purple", "purple", "purple", "purple", "purple", "purple", "purple", "purple", "purple", "purple", "purple", "purple", "purple", "purple", "purple", "purple", "purple", "purple"], "timestamps": [0, 40, 80, 120, 160, 200, 240, 280, 320, 360, 400, 440, 480, 520, 560, 600, 640, 680, 720, 760, 800, 840, 880, 920, 960, 1000, 1040, 1080, 1120, 1160, 1200, 1240, 1280, 1320, 1360, 1400, 1440, 1480, 1520, 1560, 1600, 1640, 1680, 1720, 1760, 1800, 1840, 1880, 1920, 1960, 2000, 2040, 2080, 2120, 2160, 2200, 2240, 2280, 2320, 2360, 2400, 2440, 2480, 2520, 2560, 2600, 2640, 2680, 2720, 2760, 2800, 2840, 2880, 2920, 2960, 3000, 3040, 3080, 3120, 3160]}], "conversation": [], "conversation_timestamps": []}