{"agent_id": "agent-orange-1808", "type": "orange", "trips": [{"trip_id": 0, "transport_method": "bicycle", "start_time": 0, "path": [[1.4966328, 42.4925449], [1.4967905, 42.4927625], [1.4966805, 42.4925647], [1.4972389, 42.492765], [1.4978066, 42.4931646], [1.4983222, 42.4936262], [1.4984624, 42.4942789], [1.4988433, 42.4947151], [1.4987062, 42.4953382], [1.4993059, 42.4956918], [1.4999222, 42.4960163], [1.5005387, 42.4963399], [1.5010945, 42.4966988], [1.5017688, 42.4968626], [1.5023651, 42.4972216], [1.5029886, 42.4975293], [1.5036241, 42.4978143], [1.5042497, 42.4981199], [1.5048884, 42.4983978], [1.5055217, 42.4986869], [1.5061388, 42.4990096], [1.5067662, 42.4993119], [1.5073975, 42.4996062], [1.508006, 42.4999341], [1.508633, 42.5002354], [1.509259, 42.5005407], [1.5096067, 42.5007067], [1.5091471, 42.500486], [1.5097793, 42.5007784], [1.5104115, 42.5010707], [1.5110437, 42.501363], [1.510883, 42.5012647], [1.5102184, 42.5010584], [1.5106613, 42.5012739], [1.5112968, 42.5015592], [1.5117155, 42.5017366], [1.5119718, 42.5019341], [1.5125468, 42.5023271], [1.5131035, 42.5027447], [1.51356, 42.5032602], [1.5140338, 42.5037624], [1.5145503, 42.5042294], [1.5149643, 42.5047652], [1.5154291, 42.5052392], [1.5160872, 42.5054667], [1.516714, 42.5057696], [1.51738, 42.5059603], [1.5178378, 42.5062452], [1.5184234, 42.5065998], [1.518988, 42.5069604], [1.5195889, 42.5073026], [1.5202478, 42.5073994], [1.5209234, 42.5075031], [1.5216196, 42.5075209], [1.5221958, 42.5077086], [1.5228897, 42.507769], [1.5235637, 42.5077987], [1.5242591, 42.5077797], [1.5249371, 42.5079342], [1.5256037, 42.5081345], [1.5262787, 42.5082907], [1.5269707, 42.5083586], [1.5276571, 42.50843], [1.5282949, 42.5087095], [1.5289597, 42.5089047], [1.5289269, 42.5089015], [1.5296032, 42.5090682], [1.5302676, 42.5092755], [1.5309254, 42.5094229], [1.5315763, 42.5096706], [1.5322379, 42.5098569], [1.5329114, 42.5099834], [1.5335831, 42.5101348], [1.5342038, 42.5104503], [1.5348213, 42.5107724], [1.5353503, 42.5112107], [1.5359864, 42.511485], [1.5364707, 42.5119735], [1.5370898, 42.5119423], [1.5377432, 42.5117066]], "mood_vectors": [[0.0901, 0.0332, 0.0599, 0.0569, 0.7062, 0.0255, 0.0282], [0.0557, 0.0426, 0.0674, 0.0273, 0.7052, 0.0466, 0.0552], [0.0489, 0.0648, 0.0311, 0.0829, 0.6883, 0.0684, 0.0156], [0.0746, 0.0534, 0.031, 0.0224, 0.7492, 0.0481, 0.0212], [0.014, 0.0144, 0.0513, 0.0659, 0.7355, 0.0573, 0.0617], [0.0655, 0.0388, 0.0119, 0.0195, 0.79, 0.0185, 0.0557], [0.0691, 0.0686, 0.0215, 0.0745, 0.7116, 0.0298, 0.0249], [0.0553, 0.0693, 0.0503, 0.0238, 0.7113, 0.0252, 0.0648], [0.0797, 0.0237, 0.0925, 0.0346, 0.6488, 0.0451, 0.0755], [0.0795, 0.0363, 0.0698, 0.0782, 0.6803, 0.0218, 0.0341], [0.0574, 0.0705, 0.0159, 0.0312, 0.7305, 0.0749, 0.0196], [0.0437, 0.0452, 0.0646, 0.0653, 0.7205, 0.0176, 0.0432], [0.0817, 0.0476, 0.0627, 0.0337, 0.6846, 0.0723, 0.0173], [0.0777, 0.0601, 0.0314, 0.0389, 0.6672, 0.0745, 0.0504], [0.0266, 0.0746, 0.0724, 0.0179, 0.7122, 0.0289, 0.0675], [0.0216, 0.0356, 0.0414, 0.0596, 0.7248, 0.0858, 0.0311], [0.0552, 0.0234, 0.0772, 0.0959, 0.6546, 0.0712, 0.0225], [0.0271, 0.0453, 0.0902, 0.0827, 0.63, 0.0654, 0.0591], [0.0311, 0.0743, 0.0369, 0.0336, 0.718, 0.0549, 0.0512], [0.0271, 0.053, 0.0342, 0.017, 0.7773, 0.0582, 0.0331], [0.0726, 0.0191, 0.0248, 0.0411, 0.7549, 0.0187, 0.0688], [0.0534, 0.0661, 0.0135, 0.0447, 0.7247, 0.0354, 0.0624], [0.065, 0.0767, 0.0224, 0.0412, 0.72, 0.0617, 0.0129], [0.0462, 0.0962, 0.0522, 0.0552, 0.6539, 0.0622, 0.034], [0.0703, 0.0755, 0.0608, 0.0455, 0.6609, 0.0708, 0.0162], [0.0592, 0.0817, 0.029, 0.0712, 0.6916, 0.0271, 0.0402], [0.0162, 0.0518, 0.0406, 0.0623, 0.6924, 0.0791, 0.0577], [0.0178, 0.0704, 0.0252, 0.0668, 0.7296, 0.0569, 0.0333], [0.0526, 0.0516, 0.0325, 0.0213, 0.7053, 0.0929, 0.0438], [0.0379, 0.071, 0.0346, 0.0882, 0.6502, 0.0937, 0.0244], [0.0458, 0.0617, 0.0767, 0.0692, 0.6381, 0.0856, 0.0229], [0.0666, 0.0741, 0.0265, 0.0121, 0.7008, 0.0663, 0.0537], [0.0682, 0.0949, 0.0881, 0.0297, 0.6449, 0.0437, 0.0306], [0.0703, 0.0489, 0.013, 0.0644, 0.6727, 0.0608, 0.0699], [0.073, 0.0357, 0.0804, 0.0174, 0.6811, 0.0274, 0.085], [0.0804, 0.0172, 0.0464, 0.0529, 0.7134, 0.0669, 0.0229], [0.0176, 0.0746, 0.0611, 0.073, 0.6748, 0.0422, 0.0566], [0.0728, 0.0171, 0.0726, 0.0257, 0.7193, 0.0483, 0.0442], [0.0521, 0.035, 0.0418, 0.0829, 0.6776, 0.0526, 0.0579], [0.0339, 0.0341, 0.0168, 0.0788, 0.7974, 0.0165, 0.0225], [0.069, 0.0381, 0.0696, 0.042, 0.6969, 0.0442, 0.04], [0.0886, 0.0286, 0.0863, 0.0169, 0.7289, 0.033, 0.0177], [0.0378, 0.0198, 0.0826, 0.0708, 0.7511, 0.0177, 0.0202], [0.0379, 0.0545, 0.0252, 0.056, 0.7111, 0.076, 0.0393], [0.0586, 0.0182, 0.033, 0.0815, 0.6475, 0.066, 0.0952], [0.0485, 0.0162, 0.0719, 0.0883, 0.6264, 0.0834, 0.0653], [0.0402, 0.0445, 0.044, 0.0664, 0.6289, 0.091, 0.0849], [0.0621, 0.0191, 0.0708, 0.0568, 0.6871, 0.0348, 0.0695], [0.0586, 0.0655, 0.047, 0.065, 0.687, 0.0204, 0.0565], [0.0189, 0.0438, 0.0171, 0.0635, 0.7762, 0.0138, 0.0668], [0.0351, 0.0663, 0.0454, 0.0707, 0.6642, 0.065, 0.0533], [0.0313, 0.055, 0.0708, 0.0637, 0.6896, 0.0141, 0.0754], [0.0117, 0.0217, 0.0596, 0.0523, 0.7467, 0.0681, 0.04], [0.0612, 0.0241, 0.0718, 0.0573, 0.6517, 0.0523, 0.0816], [0.0776, 0.0158, 0.0284, 0.0209, 0.715, 0.0595, 0.0828], [0.0323, 0.0409, 0.0396, 0.0543, 0.7506, 0.062, 0.0203], [0.0363, 0.0628, 0.0239, 0.0681, 0.6687, 0.0753, 0.0649], [0.0454, 0.0917, 0.0684, 0.0436, 0.6177, 0.0639, 0.0693], [0.0427, 0.0185, 0.0202, 0.0632, 0.7411, 0.0446, 0.0697], [0.0708, 0.0567, 0.03, 0.0428, 0.718, 0.0454, 0.0364], [0.0228, 0.0491, 0.0319, 0.0683, 0.7005, 0.0618, 0.0657], [0.0233, 0.0265, 0.0736, 0.0646, 0.6759, 0.0653, 0.0709], [0.0471, 0.0144, 0.0379, 0.0444, 0.7605, 0.0777, 0.018], [0.0521, 0.0278, 0.059, 0.0197, 0.7305, 0.0469, 0.0639], [0.0778, 0.056, 0.0187, 0.0688, 0.7265, 0.0396, 0.0126], [0.019, 0.0804, 0.0195, 0.0644, 0.7217, 0.0169, 0.0781], [0.0432, 0.0201, 0.0811, 0.0239, 0.7309, 0.0806, 0.0202], [0.0433, 0.0506, 0.0454, 0.0244, 0.7341, 0.0597, 0.0424], [0.0561, 0.0695, 0.0811, 0.0776, 0.6442, 0.0573, 0.0141], [0.0417, 0.0593, 0.095, 0.0446, 0.6426, 0.0489, 0.0679], [0.088, 0.0746, 0.0335, 0.048, 0.5879, 0.0925, 0.0754], [0.0336, 0.0295, 0.0696, 0.0274, 0.7389, 0.0236, 0.0775], [0.0752, 0.0506, 0.036, 0.0422, 0.7028, 0.0718, 0.0214], [0.055, 0.0235, 0.0344, 0.0206, 0.7722, 0.0514, 0.0429], [0.0717, 0.0579, 0.0792, 0.0381, 0.6224, 0.0849, 0.0458], [0.0868, 0.0545, 0.0447, 0.0688, 0.6644, 0.0391, 0.0417], [0.0677, 0.0227, 0.0554, 0.0507, 0.7232, 0.0277, 0.0526], [0.0372, 0.0425, 0.066, 0.0161, 0.7204, 0.0517, 0.0661], [0.0577, 0.0282, 0.0198, 0.071, 0.7127, 0.074, 0.0367], [0.0315, 0.0616, 0.0595, 0.0349, 0.7032, 0.0379, 0.0714]], "emotions": ["red", "red", "red", "red", "red", "red", "red", "red", "red", "red", "red", "red", "red", "red", "red", "red", "red", "red", "red", "red", "red", "red", "red", "red", "red", "red", "red", "red", "red", "red", "red", "red", "red", "red", "red", "red", "red", "red", "red", "red", "red", "red", "red", "red", "red", "red", "red", "red", "red", "red", "red", "red", "red", "red", "red", "red", "red", "red", "red", "red", "red", "red", "red", "red", "red", "red", "red", "red", "red", "red", "red", "red", "red", "red", "red", "red", "red", "red", "red", "red"], "timestamps": [0, 40, 80, 120, 160, 200, 240, 280, 320, 360, 400, 440, 480, 520, 560, 600, 640, 680, 720, 760, 800, 840, 880, 920, 960, 1000, 1040, 1080, 1120, 1160, 1200, 1240, 1280, 1320, 1360, 1400, 1440, 1480, 1520, 1560, 1600, 1640, 1680, 1720, 1760, 1800, 1840, 1880, 1920, 1960, 2000, 2040, 2080, 2120, 2160, 2200, 2240, 2280, 2320, 2360, 2400, 2440, 2480, 2520, 2560, 2600, 2640, 2680, 2720, 2760, 2800, 2840, 2880, 2920, 2960, 3000, 3040, 3080, 3120, 3160]}], "conversation": [], "conversation_timestamps": []}