{
  "agent_id": "agent-type-purple-61",
  "type": "purple",
  "trips": [
    {
      "trip_id": 0,
      "transport_method": "car",
      "start_time": 0,
      "path": [
        [
          1.5198646,
          42.507055400000006
        ],
        [
          1.5194729824446074,
          42.50693413023267
        ],
        [
          1.51956533413913,
          42.506637198730324
        ],
        [
          1.5193929421584162,
          42.5067906956773
        ],
        [
          1.5190371607783764,
          42.506642017997564
        ],
        [
          1.5189723499926802,
          42.50635865349781
        ],
        [
          1.5187870773548804,
          42.50656219438391
        ],
        [
          1.5188387350742094,
          42.50689410541049
        ],
        [
          1.5184740195430015,
          42.5067511422699
        ],
        [
          1.5181285683135366,
          42.50653038422537
        ],
        [
          1.5178257691583603,
          42.50647668302508
        ],
        [
          1.5176553350005524,
          42.50660011784049
        ],
        [
          1.5179464097430815,
          42.506723614781954
        ],
        [
          1.5178134625468218,
          42.50711142363844
        ],
        [
          1.5177894846494377,
          42.50718136750508
        ],
        [
          1.5179224318456974,
          42.506793558648596
        ],
        [
          1.5182088327195549,
          42.506724288133306
        ],
        [
          1.5185949628241362,
          42.50686203503344
        ],
        [
          1.5189821372452696,
          42.50694792048307
        ],
        [
          1.519347682821471,
          42.50713351977693
        ],
        [
          1.5197144759921126,
          42.50731644431906
        ],
        [
          1.5200998236955892,
          42.50745532391303
        ],
        [
          1.5199372596460161,
          42.50762456480334
        ],
        [
          1.519570031131297,
          42.50780572602447
        ],
        [
          1.5192011533019039,
          42.50798459616769
        ],
        [
          1.5188319832319268,
          42.508162877197506
        ],
        [
          1.51848799009506,
          42.508212218436825
        ],
        [
          1.5182673089032197,
          42.50789504951835
        ],
        [
          1.51837330445161,
          42.50749902475917
        ],
        [
          1.5184793,
          42.507102999999994
        ]
      ],
      "emotions": [
        "red",
        "red",
        "red",
        "red",
        "red",
        "purple",
        "purple",
        "purple",
        "purple",
        "purple",
        "green",
        "green",
        "green",
        "green",
        "green",
        "red",
        "red",
        "red",
        "red",
        "red",
        "purple",
        "purple",
        "purple",
        "purple",
        "purple",
        "red",
        "red",
        "red",
        "red",
        "red"
      ],
      "mood_vectors": [
        [
          0.12207482086738035,
          0.13379525549552562,
          0.027008636226400318,
          0.10968134896481395,
          0.23833726109032294,
          0.3147413985688713,
          0.05436127878668555
        ],
        [
          0.1087584154269595,
          0.09842511283590173,
          0.16353978086058732,
          0.17387308857017258,
          0.1539125273364519,
          0.16628395830934414,
          0.1352071166605828
        ],
        [
          0.19406958936914717,
          0.10867384808869444,
          0.029929037009003994,
          0.2416194586425634,
          0.08730884940189187,
          0.28024618728584594,
          0.05815303020285312
        ],
        [
          0.21406277139199037,
          0.01833293233595059,
          0.20814107735577397,
          0.24731158613135404,
          0.09399772759904135,
          0.16108576206041497,
          0.05706814312547466
        ],
        [
          0.20596945668695107,
          0.2242376401959309,
          0.21146413134338352,
          0.013042778820045236,
          0.29171792571119026,
          0.019897577156979922,
          0.03367049008551907
        ],
        [
          0.22419340773097288,
          0.14571161896162424,
          0.10965140005479557,
          0.12584027545887597,
          0.011988240885700892,
          0.27072128346549573,
          0.11189377344253475
        ],
        [
          0.04053327703406953,
          0.21284821454194605,
          0.278593423237197,
          0.009181905949868318,
          0.09610790257389937,
          0.2939492196522546,
          0.06878605701076515
        ],
        [
          0.018045375666432696,
          0.2388977846297631,
          0.059452770139269806,
          0.07649518300363625,
          0.16476471002635326,
          0.22854044842294738,
          0.21380372811159754
        ],
        [
          0.1225574759471035,
          0.16696188827491268,
          0.1548878173671212,
          0.16947092474308356,
          0.15401275578044935,
          0.08654198082290668,
          0.14556715706442305
        ],
        [
          0.08679607740944163,
          0.05994421844012484,
          0.16413619896723314,
          0.0016860409315738603,
          0.22530909597119414,
          0.23404064375303488,
          0.22808772452739756
        ],
        [
          0.020148238192752913,
          0.20171186020699222,
          0.12483396483670489,
          0.20801844038082237,
          0.0958741476857797,
          0.11822396693464975,
          0.23118938176229814
        ],
        [
          0.1517979226756564,
          0.20154374658210197,
          0.16706754574628624,
          0.15269363597388813,
          0.24840009233928725,
          0.07289748310414307,
          0.00559957357863693
        ],
        [
          0.18685114061324487,
          0.04618025000786989,
          0.26267786320105607,
          0.11953534797022432,
          0.18541641443678314,
          0.02035741452162745,
          0.1789815692491943
        ],
        [
          0.2455890056111664,
          0.07175358093531191,
          0.008963017544734431,
          0.09181482014405258,
          0.26603427770600896,
          0.29057555268413304,
          0.02526974537459265
        ],
        [
          0.15761714718875033,
          0.1541099528633357,
          0.13137561866681807,
          0.13535562088644598,
          0.13533925273318081,
          0.1855937864934172,
          0.10060862116805198
        ],
        [
          0.16719135124542656,
          0.23306512020837875,
          0.14221272066467233,
          0.028514625679040066,
          0.11132934464173433,
          0.10728162685462354,
          0.21040521070612442
        ],
        [
          0.10573471564482459,
          0.22975459214072605,
          0.13222935345877668,
          0.29965249988860493,
          0.00923781932318658,
          0.13305295304506906,
          0.09033806649881214
        ],
        [
          0.23069972798031532,
          0.21549510094479876,
          0.015100767221570123,
          0.13355730724128226,
          0.13583325265184484,
          0.13329070243004734,
          0.1360231415301413
        ],
        [
          0.05296697816143874,
          0.19312424944995324,
          0.08676632789921854,
          0.1645054373700639,
          0.12597111390096488,
          0.1786126491470456,
          0.1980532440713151
        ],
        [
          0.219536179929413,
          0.1342024460670932,
          0.12238331865505385,
          0.10674253967097301,
          0.22507235233585138,
          0.09773337644182427,
          0.09432978689979128
        ],
        [
          0.09543409841473552,
          0.2438668426725891,
          0.03263011905115663,
          0.1415373677936256,
          0.2373513880611734,
          0.04837393571450364,
          0.2008062482922161
        ],
        [
          0.1820213170493523,
          0.1268234556210927,
          0.22649852314195507,
          0.059779032628621664,
          0.19911989835224866,
          0.13079102540476328,
          0.07496674780196634
        ],
        [
          0.030747937961038606,
          0.2635727425096399,
          0.23990344425222201,
          0.2007089325011422,
          0.03501788375238344,
          0.0180067534809476,
          0.21204230554262618
        ],
        [
          0.009147975865513119,
          0.07612160435211607,
          0.2162560560381529,
          0.2054639056808933,
          0.22214168328714035,
          0.20494366507411083,
          0.06592510970207348
        ],
        [
          0.04056261032337857,
          0.35384482817281965,
          0.33382222473800877,
          0.14152729822663734,
          0.048370859689568384,
          0.029043747679388977,
          0.05282843117019845
        ],
        [
          0.11374381056572876,
          0.14212628919618564,
          0.14408271389332603,
          0.23382772815211575,
          0.03974191820836248,
          0.13114871559576882,
          0.19532882438851257
        ],
        [
          0.008410506510342712,
          0.20562804043756536,
          0.0063686755222245265,
          0.18706095074565782,
          0.0074513231054847045,
          0.31488316310755776,
          0.2701973405711671
        ],
        [
          0.04363657584609309,
          0.08681693290990757,
          0.023141289954652824,
          0.22954173270458492,
          0.2876054149710036,
          0.18135347379013605,
          0.1479045798236219
        ],
        [
          0.10165630139217414,
          0.18105434771465861,
          0.24055426923949608,
          0.21252733823270184,
          0.17254504082845418,
          0.04661604278887875,
          0.04504665980363639
        ],
        [
          0.162787375006931,
          0.17835452218028439,
          0.17388150627576351,
          0.24098273092292824,
          0.02252752992798858,
          0.046091574629834514,
          0.17537476105626978
        ]
      ],
      "timestamps": [
        0,
        1,
        2,
        3,
        4,
        5,
        6,
        7,
        8,
        9,
        10,
        11,
        12,
        13,
        14,
        15,
        16,
        17,
        18,
        19,
        20,
        21,
        22,
        23,
        24,
        25,
        26,
        27,
        28,
        29
      ],
      "distance": 476.5
    },
    {
      "trip_id": 1,
      "transport_method": "bicycle",
      "start_time": 30,
      "path": [
        [
          1.5184793,
          42.507102999999994
        ],
        [
          1.5183314030887989,
          42.507655578287775
        ],
        [
          1.5184304145537866,
          42.50814855585967
        ],
        [
          1.5184719118967815,
          42.50832862700276
        ],
        [
          1.5189899544294811,
          42.50808658913931
        ],
        [
          1.519505062034345,
          42.50783783139395
        ],
        [
          1.5196351261063836,
          42.50834219864718
        ],
        [
          1.51979772780657,
          42.50862042722822
        ],
        [
          1.5195989887466048,
          42.50813860864866
        ],
        [
          1.5197635956043325,
          42.50770713354823
        ],
        [
          1.5202930799276475,
          42.50753662233676
        ],
        [
          1.5208049417142002,
          42.50779065815163
        ],
        [
          1.5213099391818352,
          42.508059347225
        ],
        [
          1.5216502761909994,
          42.508340662287296
        ],
        [
          1.5217228528358246,
          42.5082863971235
        ],
        [
          1.5222749020662463,
          42.508425668952654
        ],
        [
          1.5228245673166971,
          42.50836844252626
        ],
        [
          1.5233398580363442,
          42.50844116007888
        ],
        [
          1.523852519267155,
          42.50869402584853
        ],
        [
          1.5235391828495286,
          42.508542382598215
        ],
        [
          1.523691315033787,
          42.508616008955066
        ],
        [
          1.5237003870828967,
          42.508620399491676
        ],
        [
          1.5232045885957142,
          42.50833983278571
        ],
        [
          1.5231682901173984,
          42.507933035505644
        ],
        [
          1.523702049734903,
          42.50779097431744
        ],
        [
          1.5242729477594903,
          42.50782691462892
        ],
        [
          1.5246734618019266,
          42.508005844102854
        ],
        [
          1.5243967137000731,
          42.50847698390766
        ],
        [
          1.5245892897225202,
          42.50830117543028
        ],
        [
          1.5245793813098185,
          42.50784653438096
        ],
        [
          1.5240754000000005,
          42.50774869999999
        ]
      ],
      "emotions": [
        "green",
        "green",
        "green",
        "green",
        "green",
        "purple",
        "purple",
        "purple",
        "purple",
        "purple",
        "green",
        "green",
        "green",
        "green",
        "green",
        "red",
        "red",
        "red",
        "red",
        "red",
        "purple",
        "purple",
        "purple",
        "purple",
        "purple",
        "red",
        "red",
        "red",
        "red",
        "red",
        "purple"
      ],
      "mood_vectors": [
        [
          0.13788627114309648,
          0.023436996691135838,
          0.21898780433633402,
          0.0992320645164589,
          0.08293441984487834,
          0.2326510496098506,
          0.20487139385824585
        ],
        [
          0.0747141598689541,
          0.18627491231086307,
          0.06960523701459088,
          0.2831396693602984,
          0.041306715208891814,
          0.2972857649334126,
          0.04767354130298913
        ],
        [
          0.23847098152366175,
          0.14582254536714573,
          0.22288850084515327,
          0.1393946684550371,
          0.01633847525717859,
          0.06388363303644055,
          0.17320119551538304
        ],
        [
          0.1973192842921512,
          0.17096182860221523,
          0.15376866073358733,
          0.08175030315689458,
          0.11652970861779505,
          0.16976718670039498,
          0.10990302789696169
        ],
        [
          0.25032980042009034,
          0.11058767817682105,
          0.04843707257640388,
          0.01206659893105486,
          0.17305482146797918,
          0.2378060954601986,
          0.16771793296745208
        ],
        [
          0.15051375270119915,
          0.10400621312576765,
          0.16709805139538964,
          0.0731371348042967,
          0.15352142778305444,
          0.11781595625318693,
          0.23390746393710557
        ],
        [
          0.42615243458933705,
          0.04943306418055214,
          0.17735915524859716,
          0.043292026379346545,
          0.20047513385854862,
          0.08739464572862983,
          0.015893540014988734
        ],
        [
          0.13287494549290824,
          0.18723949904192747,
          0.043306065876170155,
          0.18119575377090807,
          0.1465567255186294,
          0.24510990801000682,
          0.06371710228944992
        ],
        [
          0.05108028459902352,
          0.3005656410946855,
          0.15932327238016228,
          0.2285401651891178,
          0.04976045215174309,
          0.08451951027287907,
          0.12621067431238875
        ],
        [
          0.12184867018955174,
          0.17973869583171206,
          0.1714162208929056,
          0.059717758643985465,
          0.07002402100203647,
          0.19544529866394678,
          0.20180933477586188
        ],
        [
          0.3040901501911038,
          0.003348721371069978,
          0.02424969063693499,
          0.021184316555756814,
          0.22374175849486763,
          0.1993437386352934,
          0.22404162411497344
        ],
        [
          0.2517489860690936,
          0.06835351749475055,
          0.05237541922660988,
          0.04997368700912598,
          0.0959932184037315,
          0.2563806751474488,
          0.22517449664923964
        ],
        [
          0.12132074278274865,
          0.19714735683288725,
          0.25915539118778974,
          0.018210774607741988,
          0.19148850765692954,
          0.055546693128070306,
          0.15713053380383257
        ],
        [
          0.19873151417787788,
          0.035724568280032294,
          0.16987041605066353,
          0.14499343776265164,
          0.06049933896249736,
          0.23296691437106626,
          0.15721381039521098
        ],
        [
          0.18652205681921305,
          0.20672682238139076,
          0.18605590448894951,
          0.1767426653694483,
          0.08048326534214398,
          0.10118995775786242,
          0.06227932784099198
        ],
        [
          0.010102076516318543,
          0.27026809211230285,
          0.20198188164708056,
          0.20083187767939983,
          0.13255318359458784,
          0.07585943767987509,
          0.10840345077043533
        ],
        [
          0.12955406411003992,
          0.1664222246570548,
          0.11861515258236952,
          0.01707614731160523,
          0.19247922722710106,
          0.1655932330340272,
          0.21025995107780227
        ],
        [
          0.11732905809353772,
          0.3186542289126397,
          0.13062212688797795,
          0.0292282278562173,
          0.3004712002746504,
          0.06712614343882414,
          0.03656901453615283
        ],
        [
          0.04428408041295097,
          0.2086641668999949,
          0.007352504797247517,
          0.25184720362754437,
          0.22244552299074852,
          0.06496360767069599,
          0.20044291360081773
        ],
        [
          0.25015032429304374,
          0.19082097305074566,
          0.21300645894238532,
          0.168400825968905,
          0.12143062969690481,
          0.04399928259516505,
          0.012191505452850379
        ],
        [
          0.17147085681336707,
          0.0010723570463270955,
          0.04126208925690807,
          0.30740311284880883,
          0.010136684130529438,
          0.14530231306300928,
          0.3233525868410502
        ],
        [
          0.06198548247772298,
          0.022372437315628445,
          0.22329435188828864,
          0.09013227148376053,
          0.13787533568207222,
          0.2441502966912511,
          0.2201898244612761
        ],
        [
          0.05001697238635223,
          0.23996260264352742,
          0.05415438439708778,
          0.18537813473205286,
          0.03815788560486079,
          0.07124739446740622,
          0.3610826257687127
        ],
        [
          0.04057771404242689,
          0.012796648005655897,
          0.3019433127834957,
          0.19682233785393838,
          0.1312379126338114,
          0.03466182854413707,
          0.2819602461365347
        ],
        [
          0.2971290859672758,
          0.13249804837092308,
          0.22114132623825783,
          0.0959574840422211,
          0.0576981326996911,
          0.16068679600195684,
          0.03488912667967433
        ],
        [
          0.04894253344114241,
          0.16031205207995197,
          0.16672834000152878,
          0.000985970788518683,
          0.17389077644525483,
          0.2576134492828301,
          0.19152687796077325
        ],
        [
          0.1181243158269605,
          0.20965397520892765,
          0.1015409817556097,
          0.11642660486713251,
          0.18426061536339122,
          0.12993853428743662,
          0.14005497269054185
        ],
        [
          0.1845828055476463,
          0.18618819504134318,
          0.08774077468025332,
          0.16041437547163728,
          0.15986175116219922,
          0.05314092341274206,
          0.1680711746841786
        ],
        [
          0.22180144082508957,
          0.22026650365011718,
          0.19211033159108878,
          0.12652601847206596,
          0.1506265635121502,
          0.024820081136178257,
          0.06384906081331002
        ],
        [
          0.04900942044054627,
          0.31247693225447903,
          0.18789926710464303,
          0.03943161903418997,
          0.08729184679205619,
          0.08088638224483152,
          0.24300453212925405
        ],
        [
          0.13217021439583487,
          0.17592478370792067,
          0.11215910235143496,
          0.16357973937905684,
          0.03405007125078357,
          0.24082081227629035,
          0.14129527663867872
        ]
      ],
      "timestamps": [
        30,
        31,
        32,
        33,
        34,
        35,
        36,
        37,
        38,
        39,
        40,
        41,
        42,
        43,
        44,
        45,
        46,
        47,
        48,
        49,
        50,
        51,
        52,
        53,
        54,
        55,
        56,
        57,
        58,
        59,
        60
      ],
      "distance": 644.8
    },
    {
      "trip_id": 2,
      "transport_method": "foot",
      "start_time": 61,
      "path": [
        [
          1.5240754000000005,
          42.50774869999999
        ],
        [
          1.5246538314992086,
          42.50807472018861
        ],
        [
          1.5244750623510042,
          42.508413116639026
        ],
        [
          1.5244070735723367,
          42.507835358384696
        ],
        [
          1.5235001282866973,
          42.507791232625145
        ],
        [
          1.523175302849475,
          42.50832444810965
        ],
        [
          1.5239380248701935,
          42.508759006685814
        ],
        [
          1.5241557077052035,
          42.508782324551895
        ],
        [
          1.5250474484326146,
          42.508956456522895
        ],
        [
          1.525412598562488,
          42.50915154502752
        ],
        [
          1.5260088886550847,
          42.509176658423456
        ],
        [
          1.5268921350170108,
          42.50938972961436
        ],
        [
          1.5264016186210636,
          42.50927139919473
        ],
        [
          1.5255183722591374,
          42.50905832800383
        ],
        [
          1.52462870569707,
          42.508874687802866
        ],
        [
          1.5237548931661629,
          42.50864677842232
        ],
        [
          1.523039528212442,
          42.508147236019134
        ],
        [
          1.5237424977191307,
          42.50779352067964
        ],
        [
          1.524647147202316,
          42.507864042286315
        ],
        [
          1.5249514770888757,
          42.50842005812269
        ],
        [
          1.5258358413241593,
          42.50862634550245
        ],
        [
          1.52673316903423,
          42.50875725791766
        ],
        [
          1.5276412793333531,
          42.50878656922733
        ],
        [
          1.5284130595126564,
          42.50894827437396
        ],
        [
          1.5285942298649486,
          42.50864980741942
        ],
        [
          1.5278504121132934,
          42.50813213237566
        ],
        [
          1.5269420000000007,
          42.508114499999984
        ]
      ],
      "emotions": [
        "purple",
        "purple",
        "purple",
        "purple",
        "green",
        "green",
        "green",
        "green",
        "green",
        "red",
        "red",
        "red",
        "red",
        "red",
        "green",
        "green",
        "green",
        "green",
        "green",
        "red",
        "red",
        "red",
        "red",
        "red",
        "red",
        "red",
        "red"
      ],
      "mood_vectors": [
        [
          0.17444533024236564,
          0.15848596462149278,
          0.1090751966173398,
          0.14351732347432444,
          0.17772649538995755,
          0.08275129060138472,
          0.15399839905313498
        ],
        [
          0.23104400581042842,
          0.0651130164223091,
          0.2056484643633666,
          0.07088305480208097,
          0.2411162539368336,
          0.17437197133981971,
          0.011823233325161617
        ],
        [
          0.1438294266026672,
          0.2570516108301476,
          0.06851835123612735,
          0.04006280392586776,
          0.10593258083135806,
          0.21848177982426165,
          0.16612344674957036
        ],
        [
          0.08258113553469215,
          0.2979511020381969,
          0.20995210687827073,
          0.00043333632238220013,
          0.13224685822750357,
          0.20344987566783904,
          0.07338558533111543
        ],
        [
          0.1490529362019001,
          0.04487631486754678,
          0.086519151266219,
          0.23204544368665025,
          0.0610490308815624,
          0.21310795731553184,
          0.2133491657805897
        ],
        [
          0.2140209433042903,
          0.12897431679282614,
          0.04051620701856366,
          0.17026154551808564,
          0.20972213257511105,
          0.07671208000661107,
          0.15979277478451218
        ],
        [
          0.22946572998416132,
          0.10610759804685144,
          0.18506495374242085,
          0.00569845143033809,
          0.008494178443180352,
          0.18211795623415858,
          0.2830511321188894
        ],
        [
          0.14984165595426988,
          0.16441174851149565,
          0.17415879858479183,
          0.20981034407083188,
          0.00896850137023759,
          0.09276162528894735,
          0.20004732621942592
        ],
        [
          0.11078281665721082,
          0.0871093978521124,
          0.2273168022073444,
          0.13049911144468895,
          0.16900115799009727,
          0.19143446292469907,
          0.083856250923847
        ],
        [
          0.28303177328409507,
          0.028768780886226548,
          0.15810336378960718,
          0.12307839828777137,
          0.0002363280071871549,
          0.2785797886272953,
          0.1282015671178174
        ],
        [
          0.35571660206104927,
          0.2316138664584036,
          0.0250696686536237,
          0.024775729742700182,
          0.24472679726582075,
          0.01734294636048929,
          0.10075438945791322
        ],
        [
          0.1563627951725867,
          0.18521483432006652,
          0.023121065494925267,
          0.15056567463768972,
          0.16988479399675613,
          0.14762320471591195,
          0.16722763166206372
        ],
        [
          0.1250025812184435,
          0.04481728886379187,
          0.11387699942374259,
          0.1693079905762243,
          0.21293180311335513,
          0.08992229008781127,
          0.24414104671663137
        ],
        [
          0.2008961632163028,
          0.16979991962188584,
          0.16198759995900838,
          0.23848757897071376,
          0.08448368876706279,
          0.06128342799773978,
          0.08306162146728668
        ],
        [
          0.1205808478957524,
          0.12857590968821986,
          0.2976549104870573,
          0.18885158996289575,
          0.10708442655358179,
          0.06606239631011022,
          0.09118991910238265
        ],
        [
          0.24133071551022275,
          0.06618919753338162,
          0.07734139765261586,
          0.08508902587524704,
          0.2244753497358823,
          0.20185014451469957,
          0.10372416917795083
        ],
        [
          0.10499792208348666,
          0.044081300150746607,
          0.22321364188883105,
          0.10802758976422162,
          0.2746123217750112,
          0.19612030984858553,
          0.048946914489117296
        ],
        [
          0.14046084768012126,
          0.1536158693596387,
          0.06988880024687892,
          0.35186184026532846,
          0.03982984946032721,
          0.09674757724307213,
          0.14759521574463325
        ],
        [
          0.1484112242719025,
          0.19595929352544605,
          0.17698307545236622,
          0.21012178412079988,
          0.050757535415494784,
          0.21764640012460473,
          0.00012068708938582245
        ],
        [
          0.0380393511174452,
          0.1850575659906007,
          0.2913237366298047,
          0.08539503977596685,
          0.1808070406605872,
          0.13246487480834973,
          0.0869123910172457
        ],
        [
          0.19713693144110306,
          0.05869449985661659,
          0.12022772423343546,
          0.2603332195721911,
          0.031594478004534764,
          0.20655873661702764,
          0.1254544102750915
        ],
        [
          0.04676455774431983,
          0.21195289154185418,
          0.06316166061596713,
          0.12104942059441201,
          0.24939946857151601,
          0.2786888598192789,
          0.02898314111265191
        ],
        [
          0.21342208547953379,
          0.16897424075560613,
          0.17042939334157878,
          0.2031723471168175,
          0.023228134395927764,
          0.21209163595609282,
          0.008682162954443165
        ],
        [
          0.03923535075538421,
          0.302015335406969,
          0.036557057279814904,
          0.1220784721555761,
          0.2684236026716052,
          0.22394194677814216,
          0.007748234952508466
        ],
        [
          0.033561922277447725,
          0.13721292406790908,
          0.15525297214649605,
          0.14453754695182564,
          0.14771163467743598,
          0.1531249602919132,
          0.2285980395869723
        ],
        [
          0.09111119804001118,
          0.041107199693616696,
          0.042104004611000785,
          0.33293105631164605,
          0.2282019348415991,
          0.14742619002708646,
          0.11711841647503973
        ],
        [
          0.02006237166229959,
          0.20508054670334694,
          0.13940100475093822,
          0.2478957805543407,
          0.13568875770952224,
          0.15909318849239612,
          0.09277835012715624
        ]
      ],
      "timestamps": [
        61,
        62,
        63,
        64,
        65,
        66,
        67,
        68,
        69,
        70,
        71,
        72,
        73,
        74,
        75,
        76,
        77,
        78,
        79,
        80,
        81,
        82,
        83,
        84,
        85,
        86,
        87
      ],
      "distance": 533.1
    },
    {
      "trip_id": 3,
      "transport_method": "car",
      "start_time": 88,
      "path": [
        [
          1.5269420000000007,
          42.508114499999984
        ],
        [
          1.528271847563572,
          42.50904223340558
        ],
        [
          1.525503098389514,
          42.508561047235844
        ],
        [
          1.523249183708429,
          42.50786813175085
        ],
        [
          1.5252945874688255,
          42.50900471585004
        ],
        [
          1.5260677114565842,
          42.50919084862554
        ],
        [
          1.5233002163117295,
          42.50841146535528
        ],
        [
          1.5247326434651902,
          42.50836412634758
        ],
        [
          1.525474346274504,
          42.50855369847104
        ],
        [
          1.5232260367244281,
          42.50788670338495
        ],
        [
          1.5253156188543116,
          42.50902337392078
        ],
        [
          1.5237259000000005,
          42.508950799999994
        ]
      ],
      "emotions": [
        "red",
        "red",
        "green",
        "green",
        "green",
        "green",
        "green",
        "red",
        "red",
        "red",
        "red",
        "red"
      ],
      "mood_vectors": [
        [
          0.1333076569066941,
          0.19421031611678444,
          0.10817751228000702,
          0.14387220947851942,
          0.17619079944927332,
          0.123741568799532,
          0.12049993696918967
        ],
        [
          0.04132433553654682,
          0.06569774465113314,
          0.14556894294140887,
          0.21415837921433764,
          0.20246971954119206,
          0.16476312992193973,
          0.16601774819344173
        ],
        [
          0.2267438766733663,
          0.28971858328434236,
          0.03411373300683529,
          0.11527635382840762,
          0.029114948830703667,
          0.19387563516461384,
          0.11115686921173094
        ],
        [
          0.18849190649326686,
          0.08189998766918073,
          0.1484772226621082,
          0.14131766309453767,
          0.1643605436288155,
          0.09673579897719406,
          0.17871687747489706
        ],
        [
          0.21041633248839842,
          0.19393048642542426,
          0.2945132149848166,
          0.0268809281750915,
          0.07124789209439,
          0.06600850869207599,
          0.13700263713980318
        ],
        [
          0.2495595068137911,
          0.12455415322399241,
          0.06791130565204785,
          0.01244950048276231,
          0.2742395165929931,
          0.19886264839104073,
          0.07242336884337248
        ],
        [
          0.07767697267809677,
          0.058077444015949775,
          0.23405367486669232,
          0.03567359399193793,
          0.3847958901026076,
          0.03485680642777759,
          0.174865617916938
        ],
        [
          0.09179756018832673,
          0.09294442161072392,
          0.15575889772932477,
          0.121947522405658,
          0.11928101284980148,
          0.23089113753965287,
          0.18737944767651224
        ],
        [
          0.12767410578007768,
          0.26774550283339377,
          0.21174790922215606,
          0.004297612602828334,
          0.0835385887363225,
          0.2599412287161177,
          0.04505505210910399
        ],
        [
          0.08391376713443056,
          0.06258623953077586,
          0.06696363137077842,
          0.16877428801329458,
          0.04845821280611786,
          0.28274638042269595,
          0.28655748072190684
        ],
        [
          0.1288372846829588,
          0.16766872716411577,
          0.24876108960588197,
          0.0157172859513971,
          0.11934538246845368,
          0.19126729251036448,
          0.12840293761682822
        ],
        [
          0.1124237398222407,
          0.13124008280315155,
          0.15707315469042987,
          0.18829395851621097,
          0.06151516043797989,
          0.17814979689460056,
          0.17130410683538638
        ]
      ],
      "timestamps": [
        88,
        89,
        90,
        91,
        92,
        93,
        94,
        95,
        96,
        97,
        98,
        99
      ],
      "distance": 1174.2
    }
  ],
  "conversation": [
    "It's never just one quick stop in Avinguda Meritxell.",
    "This is giving real 'main character energy'.",
    "Gotta stop by that bookshop near the center."
  ],
  "conversation_timestamps": [
    51,
    53,
    64
  ]
}
