{
  "agent_id": "agent-type-red-73",
  "type": "red",
  "trips": [
    {
      "trip_id": 0,
      "transport_method": "bicycle",
      "start_time": 0,
      "path": [
        [
          1.5239533,
          42.50874280000001
        ],
        [
          1.523500891710875,
          42.50852385110172
        ],
        [
          1.5230810802509762,
          42.508263848151934
        ],
        [
          1.5232328600294092,
          42.507881228808934
        ],
        [
          1.5237153843326565,
          42.50779181378364
        ],
        [
          1.5242169964132983,
          42.50782339226814
        ],
        [
          1.5247078565420074,
          42.50788516460537
        ],
        [
          1.5245477873591764,
          42.50835383358082
        ],
        [
          1.5243971824155105,
          42.5084766018261
        ],
        [
          1.5246545990965643,
          42.508072026949385
        ],
        [
          1.524410916126931,
          42.507835600288864
        ],
        [
          1.5239093040462892,
          42.507804021804354
        ],
        [
          1.5234088814940763,
          42.507801753490085
        ],
        [
          1.523015861346489,
          42.50808081704637
        ],
        [
          1.5233295193192724,
          42.508433415578644
        ],
        [
          1.5237784021272058,
          42.508658155890956
        ],
        [
          1.5236757895836692,
          42.50860849521077
        ],
        [
          1.523238280628173,
          42.50836507072885
        ],
        [
          1.5227695134142785,
          42.508385009059246
        ],
        [
          1.5222864409078332,
          42.508428701376474
        ],
        [
          1.5218003416980306,
          42.50830095381932
        ],
        [
          1.5213820906343516,
          42.50843580725231
        ],
        [
          1.5212435749951123,
          42.508345814958844
        ],
        [
          1.5216557157737438,
          42.508336595140776
        ],
        [
          1.5213652311571406,
          42.5080887658866
        ],
        [
          1.520921521738734,
          42.50785268574735
        ],
        [
          1.520477812320327,
          42.507616605608106
        ],
        [
          1.520012478038756,
          42.50760331098108
        ],
        [
          1.5195571307908577,
          42.50781229684032
        ],
        [
          1.519980660628888,
          42.5076123013563
        ],
        [
          1.5199688886381628,
          42.507412561297066
        ],
        [
          1.5197885627191967,
          42.50715251889587
        ],
        [
          1.519502311575521,
          42.50694321240183
        ],
        [
          1.5198564009949525,
          42.50705286106522
        ],
        [
          1.5198312026325231,
          42.50704505804539
        ],
        [
          1.5195275099379504,
          42.506951015421656
        ],
        [
          1.519772301069739,
          42.5071732891473
        ],
        [
          1.5199939640626932,
          42.50742075078253
        ],
        [
          1.519955275684317,
          42.50761947416445
        ],
        [
          1.5194668483996099,
          42.507525940965095
        ],
        [
          1.519641654925822,
          42.50756761553842
        ],
        [
          1.5197104503081624,
          42.50773420321793
        ],
        [
          1.5195972793454728,
          42.50812897825573
        ],
        [
          1.5196672809463125,
          42.50852335199799
        ],
        [
          1.519579441238098,
          42.5080284822517
        ],
        [
          1.5198013989261998,
          42.5076878783458
        ],
        [
          1.520268602775998,
          42.50752528959486
        ],
        [
          1.5207198189422235,
          42.50774536770921
        ],
        [
          1.5211635283606304,
          42.50798144784846
        ],
        [
          1.521607237779037,
          42.5082175279877
        ],
        [
          1.521435166141411,
          42.50847028990448
        ],
        [
          1.5211904994880532,
          42.50831133230668
        ],
        [
          1.5216050249621496,
          42.508374496385734
        ],
        [
          1.522065468429154,
          42.508370629497776
        ],
        [
          1.5224112895465336,
          42.50850387273975
        ],
        [
          1.5219212800034385,
          42.50839205803676
        ],
        [
          1.522006729539657,
          42.50841155666622
        ],
        [
          1.5224668000000008,
          42.50847609999999
        ]
      ],
      "emotions": [
        "red",
        "red",
        "red",
        "red",
        "red",
        "purple",
        "purple",
        "purple",
        "purple",
        "purple",
        "red",
        "red",
        "red",
        "red",
        "red",
        "red",
        "red",
        "red",
        "red",
        "red",
        "green",
        "green",
        "green",
        "green",
        "green",
        "purple",
        "purple",
        "purple",
        "purple",
        "purple",
        "green",
        "green",
        "green",
        "green",
        "green",
        "red",
        "red",
        "red",
        "red",
        "red",
        "green",
        "green",
        "green",
        "green",
        "green",
        "purple",
        "purple",
        "purple",
        "purple",
        "purple",
        "purple",
        "purple",
        "purple",
        "purple",
        "purple",
        "green",
        "green",
        "green"
      ],
      "mood_vectors": [
        [
          0.1013072284575566,
          0.06334122530569952,
          0.17394563425424356,
          0.33798585139101905,
          0.022909752981324947,
          0.06015143453579376,
          0.24035887307436252
        ],
        [
          0.14068966847299294,
          0.202506739252502,
          0.07728320525495848,
          0.252004878136124,
          0.0003709715526344555,
          0.21028845126109783,
          0.11685608606969031
        ],
        [
          0.03253577428103896,
          0.048640051021002245,
          0.3384350493793155,
          0.09395279791702292,
          0.39186012584015506,
          0.06638750681266957,
          0.02818869474879575
        ],
        [
          0.22271475479662453,
          0.029140795874041565,
          0.17427270240695045,
          0.12056141956787965,
          0.2853066708671647,
          0.11060630864323237,
          0.05739734784410682
        ],
        [
          0.14000893517616383,
          0.20756629296757056,
          0.19334108240255538,
          0.06027117016619284,
          0.20826917846870754,
          0.09579213675541924,
          0.0947512040633905
        ],
        [
          0.0018902360486973047,
          0.3126225214136749,
          0.1095404983549441,
          0.02726177309184666,
          0.040997579825602835,
          0.1576679283637046,
          0.35001946290152963
        ],
        [
          0.2156977121559524,
          0.08484978542579533,
          0.15456253802928782,
          0.08581423452322108,
          0.22426032352515934,
          0.1027378837055896,
          0.1320775226349945
        ],
        [
          0.26456218309094,
          0.03720872261694817,
          0.10516785074019137,
          0.1267601649937715,
          0.19714760259998101,
          0.07582615493036875,
          0.19332732102779926
        ],
        [
          0.12818340683452964,
          0.002122280519894387,
          0.20195658415030623,
          0.16781908140264223,
          0.19567249345749824,
          0.24976589887967993,
          0.05448025475544931
        ],
        [
          0.04125544881852593,
          0.13799933360580593,
          0.08102882827458824,
          0.21484743163696426,
          0.18029587965691668,
          0.09429998605607243,
          0.25027309195112657
        ],
        [
          0.14553750506395075,
          0.1255017898376348,
          0.20548467695610823,
          0.17859847471787293,
          0.09505865897621195,
          0.10193205399960088,
          0.14788684044862052
        ],
        [
          0.2048885564198874,
          0.1056527880585877,
          0.34103090448492007,
          0.07671959640049186,
          0.11347053801345107,
          0.13004665048390565,
          0.02819096613875625
        ],
        [
          0.18848870849813082,
          0.24496033027227934,
          0.06952560061552658,
          0.04499815798590531,
          0.20809002951666217,
          0.11828496960829905,
          0.12565220350319675
        ],
        [
          0.05552857511935581,
          0.15180217025019624,
          0.10335209757822937,
          0.06215705517224339,
          0.21628771147875656,
          0.21584120133528661,
          0.19503118906593211
        ],
        [
          0.25085674535382646,
          0.058341094312634456,
          0.20309428259802695,
          0.11889765453527863,
          0.20811517868145346,
          0.0429958182964517,
          0.11769922622232838
        ],
        [
          0.1311298352437764,
          0.22084556464449243,
          0.10135464995602847,
          0.08323695594212895,
          0.19339068924638583,
          0.08298031549649723,
          0.1870619894706907
        ],
        [
          0.3456073381852164,
          0.02875033584090834,
          0.18293564163024442,
          0.056538183597272224,
          0.12662761312712295,
          0.17066492171210196,
          0.08887596590713377
        ],
        [
          0.06683862415656705,
          0.23331480534017643,
          0.024898432262048898,
          0.2530797237679497,
          0.21375541899485168,
          0.1306854028337754,
          0.07742759264463088
        ],
        [
          0.20267112736548612,
          0.07933192601940937,
          0.2095360126319903,
          0.08207931335080006,
          0.14312889056758973,
          0.2615212960733772,
          0.02173143399134719
        ],
        [
          0.027559233466095907,
          0.04764616247127878,
          0.0847126568553456,
          0.3543081928264718,
          0.041309401794729174,
          0.29635562780471775,
          0.14810872478136106
        ],
        [
          0.019825701357607882,
          0.22838802057304808,
          0.33363279588889627,
          0.17745773243930352,
          0.003992435605489961,
          0.22366390769401828,
          0.01303940644163592
        ],
        [
          0.22075019412990177,
          0.06804027258240555,
          0.06710893612169962,
          0.2416685506135854,
          0.1324257609162511,
          0.18108563479807935,
          0.08892065083807722
        ],
        [
          0.16650013027782357,
          0.22646616244328824,
          0.12911854738699782,
          0.20226949814468273,
          0.066305376430824,
          0.19582495714441409,
          0.01351532817196948
        ],
        [
          0.06827422643544497,
          0.035608909329040164,
          0.2570061567130182,
          0.14940492921525136,
          0.23360415174061055,
          0.003331498606709706,
          0.2527701279599251
        ],
        [
          0.034559096855393684,
          0.20551623656992316,
          0.15359992495519717,
          0.17474178605215762,
          0.10516815646762606,
          0.07843888418445549,
          0.24797591491524684
        ],
        [
          0.19846747314059252,
          0.16381757974583822,
          0.1174366373935678,
          0.1098452535293204,
          0.056741125480935725,
          0.12342500190463357,
          0.2302669288051117
        ],
        [
          0.15149810147776216,
          0.11046139009530934,
          0.021797935457890667,
          0.12799167950388948,
          0.21547921200100137,
          0.21756718673648734,
          0.15520449472765963
        ],
        [
          0.01841207440361299,
          0.10679840471954431,
          0.261189886772137,
          0.023112943429863735,
          0.08171717738836633,
          0.2572597402093192,
          0.25150977307715644
        ],
        [
          0.14608911204813457,
          0.14220665280151343,
          0.10982356562703136,
          0.19285898457081935,
          0.1258162426938266,
          0.17616886806210386,
          0.10703657419657084
        ],
        [
          0.28469779817075963,
          0.10325992237142331,
          0.02103370167348554,
          0.11782896601525135,
          0.08353778868467918,
          0.19020203375834488,
          0.19943978932605616
        ],
        [
          0.022983198511317818,
          0.23340705634469344,
          0.1729394395149574,
          0.18441393249774732,
          0.29978071650612664,
          0.07416081598702061,
          0.01231484063813681
        ],
        [
          0.03335040369858841,
          0.3201826347273478,
          0.1417547373049424,
          0.3075302600257701,
          0.07651118682206262,
          0.09692891639248777,
          0.02374186102880084
        ],
        [
          0.16654053531129115,
          0.05374329832666185,
          0.17593636466771526,
          0.21880633791098028,
          0.062049795488064344,
          0.2526188073443986,
          0.07030486095088845
        ],
        [
          0.16088377852436705,
          0.11895276821856435,
          0.06885377799062581,
          0.2382072918644556,
          0.13545536755831017,
          0.026626853000312,
          0.25102016284336504
        ],
        [
          0.10145827277394585,
          0.03858878424716102,
          0.13383487801790567,
          0.0408184297782598,
          0.1857179825450303,
          0.12816322162019012,
          0.3714184310175072
        ],
        [
          0.3159969750987163,
          0.014405589736537796,
          0.06725805972360152,
          0.18700916928855002,
          0.05069346508471168,
          0.2639228771212414,
          0.10071386394664125
        ],
        [
          0.17491893385856921,
          0.0567052379530167,
          0.17416900448440334,
          0.23211849838623957,
          0.11671186615376475,
          0.15034472715731503,
          0.09503173200669134
        ],
        [
          0.24084666918884065,
          0.3551018520387544,
          0.002658522019481216,
          0.043985998871774415,
          0.04588356955973361,
          0.22473497256315564,
          0.08678841575826006
        ],
        [
          0.24936910679084484,
          0.08722934414469144,
          0.2361807319805384,
          0.22425750147717224,
          0.1818533772486048,
          0.010693984792390624,
          0.010415953565757736
        ],
        [
          0.18494464668951338,
          0.12339495938582015,
          0.0464056066910655,
          0.14525549979966756,
          0.14993937642327756,
          0.22653675533910006,
          0.12352315567155579
        ],
        [
          0.24290192726942955,
          0.03329374024033084,
          0.13123330468785266,
          0.29685677328826165,
          0.051372955777203924,
          0.17584137994590848,
          0.06849991879101283
        ],
        [
          0.16044732067949635,
          0.042079402943205946,
          0.05313811246125575,
          0.07771261572759258,
          0.24615187350021142,
          0.12815397197203934,
          0.2923167027161986
        ],
        [
          0.26844290521071557,
          0.2575621756973055,
          0.017612800979695347,
          0.281045672783075,
          0.0388351537335636,
          0.12418992897440767,
          0.0123113626212374
        ],
        [
          0.14417596769444102,
          0.17478588389599348,
          0.16837960613516081,
          0.14607247434986187,
          0.04292173903573603,
          0.15494041783950377,
          0.16872391104930295
        ],
        [
          0.2821558840445044,
          0.14229002406674143,
          0.019424583649515867,
          0.056276701052312014,
          0.11858023864450258,
          0.2768989252753317,
          0.104373643267092
        ],
        [
          0.037553990963082595,
          0.23439165090078978,
          0.17576626724395367,
          0.15068844142150578,
          0.0693595392796133,
          0.17418467298490659,
          0.15805543720614823
        ],
        [
          0.10780758621773273,
          0.05752754784178273,
          0.1351994360734931,
          0.18855109944609294,
          0.023912758100747764,
          0.30520201564271243,
          0.18179955667743836
        ],
        [
          0.28242197864365337,
          0.13578296622435346,
          0.13796263585071789,
          0.31345663770265336,
          0.007437468755247771,
          0.044187311301013665,
          0.07875100152236048
        ],
        [
          0.13265061902820263,
          0.1669223277835992,
          0.13603331042701025,
          0.18271404094916197,
          0.0674961119663245,
          0.1615972183636268,
          0.15258637148207466
        ],
        [
          0.16820708438127394,
          0.09551734530940313,
          0.012360955990275879,
          0.12773842301309238,
          0.30462415266753223,
          0.019622869787320935,
          0.2719291688511016
        ],
        [
          0.045915905580551364,
          0.14897395926615672,
          0.21303758709272666,
          0.18784718058865385,
          0.13106951231583788,
          0.20556261710403612,
          0.0675932380520374
        ],
        [
          0.0906261916863766,
          0.04016395617225196,
          0.25180443371692235,
          0.20323448657552334,
          0.1270579104091667,
          0.13377947874438054,
          0.15333354269537847
        ],
        [
          0.17271154890135149,
          0.0497466833384982,
          0.1270602497942885,
          0.0038665608396006544,
          0.14409068706598266,
          0.27198284572863596,
          0.23054142433164257
        ],
        [
          0.06762169885946621,
          0.06213667341746897,
          0.09245000002771034,
          0.28023877174537953,
          0.19014374988888477,
          0.037688310827581034,
          0.26972079523350917
        ],
        [
          0.12899091435544155,
          0.08126188010423366,
          0.025724591020867615,
          0.21461644544594674,
          0.23462774967892347,
          0.11627923873449567,
          0.19849918066009126
        ],
        [
          0.1545997914098045,
          0.100644298746994,
          0.08632330122897433,
          0.17072472083383408,
          0.19125486228852154,
          0.1298089119769979,
          0.1666441135148736
        ],
        [
          0.24464902594675403,
          0.04065102887751019,
          0.22523954212007455,
          0.13609995015307302,
          0.09607222852492069,
          0.25387161257960833,
          0.003416611798059193
        ],
        [
          0.05291901559823335,
          0.23992816053892488,
          0.07084534185916462,
          0.33247758130032457,
          0.14712238504120692,
          0.007685566267873643,
          0.14902194939427202
        ]
      ],
      "timestamps": [
        0,
        1,
        2,
        3,
        4,
        5,
        6,
        7,
        8,
        9,
        10,
        11,
        12,
        13,
        14,
        15,
        16,
        17,
        18,
        19,
        20,
        21,
        22,
        23,
        24,
        25,
        26,
        27,
        28,
        29,
        30,
        31,
        32,
        33,
        34,
        35,
        36,
        37,
        38,
        39,
        40,
        41,
        42,
        43,
        44,
        45,
        46,
        47,
        48,
        49,
        50,
        51,
        52,
        53,
        54,
        55,
        56,
        57
      ],
      "distance": 600
    },
    {
      "trip_id": 1,
      "transport_method": "foot",
      "start_time": 58,
      "path": [
        [
          1.5224668000000008,
          42.50847609999999
        ],
        [
          1.5231819006619967,
          42.50832721756182
        ],
        [
          1.5230175555059722,
          42.5080855715556
        ],
        [
          1.5236272871035637,
          42.50776402564047
        ],
        [
          1.5229262062633067,
          42.50769258482014
        ],
        [
          1.5225442636891005,
          42.50729207061152
        ],
        [
          1.5232934893061207,
          42.507248759104165
        ],
        [
          1.5228230850768592,
          42.507275952403184
        ],
        [
          1.5222009384659472,
          42.506995660224796
        ],
        [
          1.5216813908599716,
          42.50645410210512
        ],
        [
          1.5223128055143613,
          42.506391196068904
        ],
        [
          1.5230428321906369,
          42.50656519596487
        ],
        [
          1.523773067994755,
          42.5067383133553
        ],
        [
          1.5244232049718363,
          42.50663457061941
        ],
        [
          1.524562501819374,
          42.50635544831477
        ],
        [
          1.524075218893771,
          42.50676135237812
        ],
        [
          1.5234343002179547,
          42.50655223941641
        ],
        [
          1.5237457083089543,
          42.50586942178869
        ],
        [
          1.5239315611560242,
          42.505461906365
        ],
        [
          1.5236201530650246,
          42.506144723992726
        ],
        [
          1.5231805427776108,
          42.50654301963311
        ],
        [
          1.5224565706559834,
          42.50635200325715
        ],
        [
          1.5217957874852877,
          42.506100094691305
        ],
        [
          1.521924988906438,
          42.50538632766292
        ],
        [
          1.522261311920395,
          42.5047485210803
        ],
        [
          1.522743538341994,
          42.50460357020463
        ],
        [
          1.5234853683420784,
          42.50471433544523
        ],
        [
          1.5241831713433118,
          42.504791968269444
        ],
        [
          1.5249278607768397,
          42.50488498740436
        ],
        [
          1.5255035687623653,
          42.50471304274293
        ],
        [
          1.5262412000000003,
          42.5048513
        ]
      ],
      "emotions": [
        "green",
        "green",
        "green",
        "green",
        "green",
        "green",
        "green",
        "green",
        "green",
        "green",
        "green",
        "green",
        "red",
        "red",
        "red",
        "red",
        "red",
        "red",
        "red",
        "red",
        "red",
        "red",
        "red",
        "red",
        "red",
        "red",
        "red",
        "purple",
        "purple",
        "purple",
        "purple"
      ],
      "mood_vectors": [
        [
          0.18872855690557547,
          0.12670992107454576,
          0.2934860662498505,
          0.09221808551214916,
          0.16292837363927398,
          0.09376141411168636,
          0.04216758250691873
        ],
        [
          0.06507711983402509,
          0.2009116789588113,
          0.050347766663340836,
          0.19246111780084288,
          0.11040903217374325,
          0.2098594262565108,
          0.1709338583127259
        ],
        [
          0.2580753659046056,
          0.14526249627013058,
          0.054213197287704455,
          0.041732126590067774,
          0.24043136846825103,
          0.1050238354089062,
          0.1552616100703344
        ],
        [
          0.12361825240905265,
          0.20257870091627497,
          0.010517193827652144,
          0.03993391608892619,
          0.02914846339575529,
          0.27723925938460986,
          0.3169642139777289
        ],
        [
          0.041318558469750244,
          0.2716460733379761,
          0.0789754593013697,
          0.09092572294136932,
          0.0043496417828956324,
          0.35532437591897686,
          0.1574601682476621
        ],
        [
          0.1619270098931874,
          0.19008968501760148,
          0.21718158437234655,
          0.07951053038545622,
          0.1758010731266292,
          0.014659018984583215,
          0.16083109822019587
        ],
        [
          0.048504752392812954,
          0.14024933404483933,
          0.16068043693837053,
          0.061681421483309816,
          0.22397147818663085,
          0.152281565860216,
          0.2126310110938206
        ],
        [
          0.08216033291235675,
          0.10273905993481393,
          0.1341495824181282,
          0.19928719483160245,
          0.18078065841788538,
          0.13810134761249507,
          0.1627818238727181
        ],
        [
          0.28517324447152526,
          0.11646994341388836,
          0.12164165372353963,
          0.07142118324304743,
          0.20093668123402217,
          0.09236607161230881,
          0.1119912223016684
        ],
        [
          0.1783155594438625,
          0.18918578319561896,
          0.17379947351515304,
          0.04552033962009734,
          0.15374064791777592,
          0.1567204715920175,
          0.10271772471547481
        ],
        [
          0.16616392043163086,
          0.2314501592650779,
          0.16597583296166776,
          0.058049135659679285,
          0.00010880054346721969,
          0.09861082076044797,
          0.279641330378029
        ],
        [
          0.20281123318295166,
          0.0005491720591092999,
          0.180538020109154,
          0.02464943953878698,
          0.1274031484663359,
          0.2119865628580725,
          0.25206242378558963
        ],
        [
          0.1880824831094317,
          0.20601563062943445,
          0.008145640804135986,
          0.17325539760185749,
          0.20916737268755137,
          0.134287301739458,
          0.081046173428131
        ],
        [
          0.00851689754724435,
          0.21232508095744868,
          0.23216860939008227,
          0.19525438209554882,
          0.02070268934089391,
          0.09983177761698082,
          0.23120056305180117
        ],
        [
          0.19652648323296015,
          0.1951896046465374,
          0.11241960323953341,
          0.17371545049786952,
          0.06434527560234968,
          0.16880007819094817,
          0.08900350458980176
        ],
        [
          0.016339760711775952,
          0.18671346255092888,
          0.1931766233495514,
          0.07565022594608159,
          0.21251017641541167,
          0.05544295060578967,
          0.2601668004204608
        ],
        [
          0.11400628073328781,
          0.23378797852391417,
          0.05862395854563829,
          0.18259140708903362,
          0.2500819180158275,
          0.049145388653773964,
          0.11176306843852465
        ],
        [
          0.28098285734245015,
          0.2668778132611806,
          0.13860527189053046,
          0.007017902653588465,
          0.006828822218351097,
          0.09816139888107533,
          0.2015259337528239
        ],
        [
          0.20959063089918514,
          0.06485921127149767,
          0.09249376033606119,
          0.1344913969507038,
          0.15756285284267144,
          0.1657509467328337,
          0.175251200967047
        ],
        [
          0.09317565399091485,
          0.067600727053042,
          0.1413381208289034,
          0.21241801298612173,
          0.19497404942538965,
          0.17603416187409265,
          0.11445927384153572
        ],
        [
          0.2560957731775862,
          0.07319880728183446,
          0.1083428957773913,
          0.1158289333962947,
          0.26714694822245694,
          0.09730964922758356,
          0.08207699291685285
        ],
        [
          0.22221885581928708,
          0.22935280809918684,
          0.19986370348713278,
          0.04338418807447412,
          0.023720967622660325,
          0.19231175140900092,
          0.08914772548825796
        ],
        [
          0.03790470985996189,
          0.27494768766911204,
          0.18028783830192505,
          0.227260447627043,
          0.042244834282345926,
          0.08890563149753142,
          0.14844885076208067
        ],
        [
          0.20940184689331415,
          0.07183115455485298,
          0.15902400680629006,
          0.1270972690128452,
          0.1851326475713875,
          0.1827013333965966,
          0.0648117417647135
        ],
        [
          0.1673297237986384,
          0.07937709869430917,
          0.25320853023797935,
          0.21932670048096498,
          0.08134185050717843,
          0.09264188439512665,
          0.10677421188580304
        ],
        [
          0.12193860389606918,
          0.14748961388001947,
          0.20524164547063026,
          0.1499845260999431,
          0.013641938446047795,
          0.16662984555517352,
          0.19507382665211667
        ],
        [
          0.06880587597247415,
          0.09237864548021198,
          0.17377717174332513,
          0.12192471194098312,
          0.15679402876366993,
          0.21038930583257903,
          0.1759302602667568
        ],
        [
          0.03190974987521547,
          0.10805931493892901,
          0.035178863730852314,
          0.3147144627839578,
          0.08571020107474549,
          0.1454119395924641,
          0.27901546800383586
        ],
        [
          0.16818904825700925,
          0.117703773577848,
          0.21865483177976766,
          0.007498274534245135,
          0.14552929414360574,
          0.1271475115202227,
          0.21527726618730156
        ],
        [
          0.18363210892083667,
          0.07313601967884474,
          0.2947247660487447,
          0.11764676516455037,
          0.1447476395495231,
          0.17953484668347028,
          0.0065778539540301524
        ],
        [
          0.14928560345842262,
          0.17446099095245549,
          0.20960217303882148,
          0.18130791803463442,
          0.0055469195596314315,
          0.06663098380762225,
          0.21316541114841242
        ]
      ],
      "timestamps": [
        58,
        59,
        60,
        61,
        62,
        63,
        64,
        65,
        66,
        67,
        68,
        69,
        70,
        71,
        72,
        73,
        74,
        75,
        76,
        77,
        78,
        79,
        80,
        81,
        82,
        83,
        84,
        85,
        86,
        87,
        88
      ],
      "distance": 712.3
    },
    {
      "trip_id": 2,
      "transport_method": "car",
      "start_time": 89,
      "path": [
        [
          1.5252926000000002,
          42.50467349999999
        ],
        [
          1.524632955022648,
          42.504848150735405
        ],
        [
          1.523849247241562,
          42.50478524736285
        ],
        [
          1.5230295408886299,
          42.50463884106023
        ],
        [
          1.522234795957322,
          42.50456419065291
        ],
        [
          1.5219565391305023,
          42.50526738140348
        ],
        [
          1.5217699089365728,
          42.506068935081764
        ],
        [
          1.5224982161556488,
          42.50635782395616
        ],
        [
          1.5232995220810892,
          42.50658003824335
        ],
        [
          1.5237061135502319,
          42.50595624033966
        ],
        [
          1.5239369000000003,
          42.5054502
        ]
      ],
      "emotions": [
        "purple",
        "green",
        "green",
        "green",
        "green",
        "green",
        "red",
        "red",
        "red",
        "red",
        "red"
      ],
      "mood_vectors": [
        [
          0.11453104620581304,
          0.22328604277924266,
          0.13953468950110817,
          0.05434031349334411,
          0.2396475708005188,
          0.10552104044392192,
          0.12313929677605136
        ],
        [
          0.1517543546603231,
          0.1292907880370427,
          0.11718671454885621,
          0.17063568142682015,
          0.20655815594614435,
          0.07893297664074102,
          0.1456413287400725
        ],
        [
          0.1544432766153237,
          0.125307176512844,
          0.1591896727531396,
          0.06901020234158585,
          0.07419451830985654,
          0.21123226565500564,
          0.20662288781224464
        ],
        [
          0.07498313174980695,
          0.1440405682030988,
          0.18089424690817787,
          0.1735912044074299,
          0.0517639481918754,
          0.17582282128124394,
          0.19890407925836717
        ],
        [
          0.1533450939617179,
          0.12803252013957422,
          0.2163516069621931,
          0.09378785137160445,
          0.16412073358798318,
          0.1404040625686478,
          0.10395813140827934
        ],
        [
          0.13906684913412387,
          0.03438743951286856,
          0.056886776713560384,
          0.24214351969626235,
          0.18852277873172654,
          0.1560562989795823,
          0.182936337231876
        ],
        [
          0.0886206717018682,
          0.11582125198771605,
          0.0877811755542233,
          0.26769812830736206,
          0.05908941608574934,
          0.11667319818470988,
          0.26431615817837123
        ],
        [
          0.12184021526110654,
          0.17429511628969585,
          0.18072756740520732,
          0.06331329668313648,
          0.1368138728302993,
          0.16929909216862693,
          0.15371083936192753
        ],
        [
          0.1436834267493598,
          0.2269382849755607,
          0.10389578799012295,
          0.12977340639280086,
          0.11895814870050503,
          0.21977957467711456,
          0.056971370514536136
        ],
        [
          0.20858921095086969,
          0.1396305589787199,
          0.014387258163497394,
          0.06427412010773467,
          0.2383578114805505,
          0.13677248858825594,
          0.19798855173037194
        ],
        [
          0.08472633302853937,
          0.059571971151398735,
          0.09236571998747213,
          0.26720303305072163,
          0.1561818167212792,
          0.1037801827223631,
          0.23617094333822572
        ]
      ],
      "timestamps": [
        89,
        90,
        91,
        92,
        93,
        94,
        95,
        96,
        97,
        98,
        99
      ],
      "distance": 815.7
    }
  ],
  "conversation": [
    "This fog has me in my feelings.",
    "Gotta stop by that bookshop near the center.",
    "These houses have such character."
  ],
  "conversation_timestamps": [
    4,
    5,
    76
  ]
}
