{
  "agent_id": "agent-type-purple-35",
  "type": "purple",
  "trips": [
    {
      "trip_id": 0,
      "transport_method": "foot",
      "start_time": 0,
      "path": [
        [
          1.5185615000000001,
          42.5082935
        ],
        [
          1.5192602913671784,
          42.50795603698579
        ],
        [
          1.5199581939400844,
          42.50761864957771
        ],
        [
          1.520669379505986,
          42.50771853089071
        ],
        [
          1.5213544555318457,
          42.50808303260483
        ],
        [
          1.5214460094987716,
          42.50847733473063
        ],
        [
          1.521408922684256,
          42.50845323977995
        ],
        [
          1.522095714131924,
          42.50837857811107
        ],
        [
          1.5228424826230056,
          42.508363051545786
        ],
        [
          1.523197510999648,
          42.50833453111781
        ],
        [
          1.5233491163012465,
          42.50782537347581
        ],
        [
          1.5235113610978523,
          42.50755364240605
        ],
        [
          1.5231210993983788,
          42.50773460033617
        ],
        [
          1.5224835034747346,
          42.50741307892022
        ],
        [
          1.5220327837946444,
          42.50682038171988
        ],
        [
          1.5218419203844311,
          42.50631257657012
        ],
        [
          1.5225987574674629,
          42.50645935194828
        ],
        [
          1.5233536213834538,
          42.50663927173357
        ],
        [
          1.524108962562269,
          42.506817175558105
        ],
        [
          1.5247759566860408,
          42.50665197557652
        ],
        [
          1.525197124993517,
          42.50699339243912
        ],
        [
          1.5253852161165506,
          42.50684771766378
        ],
        [
          1.5257584267634494,
          42.507047796973595
        ],
        [
          1.5265314695049605,
          42.50711540489343
        ],
        [
          1.5273049654255348,
          42.50717781259855
        ],
        [
          1.5278320805159131,
          42.507109340121666
        ],
        [
          1.5274529537189963,
          42.50644796369079
        ],
        [
          1.5269440113086852,
          42.50588077336776
        ],
        [
          1.526627821521923,
          42.506228436322324
        ],
        [
          1.526648794505738,
          42.506212934114686
        ],
        [
          1.5262607858962076,
          42.50584932094535
        ],
        [
          1.5261190248791272,
          42.50531575584142
        ],
        [
          1.5268127710067967,
          42.50532329621276
        ],
        [
          1.5272513085960833,
          42.50548366410869
        ],
        [
          1.5273819000000004,
          42.50545079999999
        ]
      ],
      "emotions": [
        "green",
        "green",
        "green",
        "green",
        "green",
        "green",
        "green",
        "green",
        "green",
        "green",
        "purple",
        "purple",
        "purple",
        "purple",
        "purple",
        "purple",
        "purple",
        "purple",
        "purple",
        "purple",
        "purple",
        "purple",
        "purple",
        "purple",
        "purple",
        "purple",
        "purple",
        "purple",
        "purple",
        "purple",
        "green",
        "green",
        "green",
        "green",
        "green"
      ],
      "mood_vectors": [
        [
          0.14822711980193617,
          0.23229254246364758,
          0.14968653350483657,
          0.04562913600563987,
          0.27173309618791486,
          0.03017327484197185,
          0.12225829719405314
        ],
        [
          0.1555892118040173,
          0.21600063795933075,
          0.00944146309300375,
          0.2339260336297591,
          0.04809830845331229,
          0.21762868505883987,
          0.11931566000173689
        ],
        [
          0.004633561709855263,
          0.048676755187146745,
          0.23650713012630195,
          0.20477335323520873,
          0.06467993796599208,
          0.21232294774116284,
          0.22840631403433237
        ],
        [
          0.08140066141182324,
          0.2410125363348213,
          0.05738126774764745,
          0.09537037467056524,
          0.031228684253396376,
          0.15550000282635296,
          0.3381064727553934
        ],
        [
          0.10589739807960544,
          0.10773119132779167,
          0.0775078098597844,
          0.25005825116765257,
          0.06253255776977866,
          0.1607357578333661,
          0.23553703396202116
        ],
        [
          0.08114841229939962,
          0.17480005323536116,
          0.19670363470655924,
          0.1275125629497074,
          0.1698489855809156,
          0.14052541911643865,
          0.10946093211161828
        ],
        [
          0.006733817400269108,
          0.22254251177976164,
          0.0864020166200543,
          0.1404962208279898,
          0.15684960585941574,
          0.20880448601044074,
          0.1781713415020687
        ],
        [
          0.22274789316293162,
          0.16964927070437213,
          0.01794048462749509,
          0.18977739725581205,
          0.2811948046449885,
          0.05706438816725506,
          0.061625761437145474
        ],
        [
          0.2531211845650172,
          0.15705848202428122,
          0.1786819562917569,
          0.08912959787630817,
          0.06790352553365867,
          0.24237454576983644,
          0.011730707939141457
        ],
        [
          0.053501587183958615,
          0.08514332858225153,
          0.20444234597057512,
          0.10943489548122937,
          0.119359890588385,
          0.22520560425089955,
          0.20291234794270088
        ],
        [
          0.24877847034780218,
          0.05398889110678152,
          0.12659476737272082,
          0.07535688416602974,
          0.23843149587746015,
          0.023429638415354205,
          0.23341985271385135
        ],
        [
          0.00393825585411948,
          0.26580368406978333,
          0.14507980762451023,
          0.08425660935631824,
          0.16934768772266995,
          0.23498421589396745,
          0.09658973947863136
        ],
        [
          0.022971310247883424,
          0.222463964616931,
          0.1508960855025697,
          0.2452584407005715,
          0.08516835396334428,
          0.23020248963005405,
          0.04303935533864607
        ],
        [
          0.1464637135982483,
          0.006367210087851339,
          0.12312532561541875,
          0.1823290481301928,
          0.20582754758894928,
          0.13599067214688226,
          0.19989648283245723
        ],
        [
          0.17031277513313764,
          0.09489052288064499,
          0.03084382027836384,
          0.19863797226810137,
          0.12458350062482958,
          0.2589213647581831,
          0.12181004405673954
        ],
        [
          0.2029969614526774,
          0.29016337342715953,
          0.03197199744315306,
          0.014477969307734215,
          0.15687016881613922,
          0.019510867462120364,
          0.2840086620910162
        ],
        [
          0.23106538892305892,
          0.08492842336692646,
          0.09223107822304612,
          0.2639028151207755,
          0.017383095324973546,
          0.20510235879375338,
          0.10538684024746597
        ],
        [
          0.24345329568035304,
          0.24247764202029712,
          0.10086274188503459,
          0.10995133014611026,
          0.01915318336325,
          0.07595347127838153,
          0.20814833562657345
        ],
        [
          0.10651485994012291,
          0.07496613794371768,
          0.17813895558854673,
          0.16943463004432083,
          0.20308364601939202,
          0.23162915490809832,
          0.036232615555801456
        ],
        [
          0.18343666651292478,
          0.24426797511699685,
          0.030288070339546128,
          0.014341519904631927,
          0.195242015647487,
          0.16523005040308616,
          0.1671937020753272
        ],
        [
          0.1712543202636592,
          0.022861565212568897,
          0.19298792868964615,
          0.24468157199985818,
          0.03882209924542163,
          0.14396739392242486,
          0.18542512066642103
        ],
        [
          0.1705360210776377,
          0.15629155347390236,
          0.07875738734607193,
          0.06708629608458593,
          0.12480883394731657,
          0.2138848413367012,
          0.1886350667337844
        ],
        [
          0.11141269640543926,
          0.18684632711050297,
          0.2146029141494352,
          0.20784964948078122,
          0.003211012753332189,
          0.15349062384683132,
          0.12258677625367784
        ],
        [
          0.18821276400194373,
          0.21329202785225157,
          0.15516968287567576,
          0.1302450333647357,
          0.053613517394384594,
          0.08292672394949638,
          0.1765402505615122
        ],
        [
          0.19811632577973476,
          0.22646745341330315,
          0.04509959038560747,
          0.08259408283424806,
          0.0779443795277577,
          0.16097147208593765,
          0.20880669597341128
        ],
        [
          0.19218108335857678,
          0.14966718209227084,
          0.10792762033862138,
          0.10409202659472842,
          0.15882276397586576,
          0.1562891167507594,
          0.13102020688917748
        ],
        [
          0.1730186404172955,
          0.18281623782187767,
          0.09136352644463988,
          0.10473785512684751,
          0.12125108376999601,
          0.25728328308299986,
          0.06952937333634357
        ],
        [
          0.09033746644259844,
          0.13715874829891278,
          0.19644030264385948,
          0.18213437483833192,
          0.0001518551461441992,
          0.22585585428266367,
          0.16792139834748962
        ],
        [
          0.0023319190559514123,
          0.2684621806298345,
          0.2633652655244856,
          0.019419130353446515,
          0.18360986948567978,
          0.033967673261083825,
          0.22884396168951834
        ],
        [
          0.1376712588836883,
          0.1447677249115777,
          0.1930400057263502,
          0.08365514461859243,
          0.20413429852903084,
          0.15358760615514377,
          0.08314396117561669
        ],
        [
          0.1071366845195699,
          0.26689467888955654,
          0.2091662092803823,
          0.019888356162225288,
          0.1698705754059478,
          0.06923565250385764,
          0.1578078432384605
        ],
        [
          0.32796095554103544,
          0.23756289024883318,
          0.09551400515637336,
          0.0934202947754108,
          0.11879199673507229,
          0.04680909116767857,
          0.07994076637559643
        ],
        [
          0.1991679455367376,
          0.1068962178404395,
          0.2226370194514431,
          0.09990658447973608,
          0.11383353208542914,
          0.17296212795698826,
          0.08459657264922632
        ],
        [
          0.032595820622033894,
          0.24801933559046824,
          0.19980446066627292,
          0.12857832724876891,
          0.12037921334489762,
          0.15960404539752945,
          0.11101879713002899
        ],
        [
          0.014377782359575484,
          0.19905528874744932,
          0.2695157359513712,
          0.0705927782199222,
          0.010843572782982897,
          0.18381108180484615,
          0.25180376013385275
        ]
      ],
      "timestamps": [
        0,
        1,
        2,
        3,
        4,
        5,
        6,
        7,
        8,
        9,
        10,
        11,
        12,
        13,
        14,
        15,
        16,
        17,
        18,
        19,
        20,
        21,
        22,
        23,
        24,
        25,
        26,
        27,
        28,
        29,
        30,
        31,
        32,
        33,
        34
      ],
      "distance": 1204.4
    },
    {
      "trip_id": 1,
      "transport_method": "bicycle",
      "start_time": 35,
      "path": [
        [
          1.5273664000000005,
          42.5054798
        ],
        [
          1.5270370722248627,
          42.50549085693626
        ],
        [
          1.5275283664148622,
          42.50545341581689
        ],
        [
          1.5280357019456867,
          42.50560244053942
        ],
        [
          1.5282578532570492,
          42.505406020407754
        ],
        [
          1.5278777826609344,
          42.50519399285131
        ],
        [
          1.5273493342235664,
          42.505188601554856
        ],
        [
          1.5268510337223558,
          42.50517628951224
        ],
        [
          1.526585322766555,
          42.50495232686723
        ],
        [
          1.5260739877963807,
          42.50481995872886
        ],
        [
          1.5255542682725733,
          42.504722545560675
        ],
        [
          1.5251990791064587,
          42.50491856115286
        ],
        [
          1.5246743496889548,
          42.50485332134193
        ],
        [
          1.5241496571081223,
          42.50478778200733
        ],
        [
          1.5236311751079459,
          42.504684003689505
        ],
        [
          1.5231636588591375,
          42.504655400456876
        ],
        [
          1.522638860578309,
          42.50459071314253
        ],
        [
          1.5222604728346736,
          42.5046497949755
        ],
        [
          1.5220116328123243,
          42.50505967487949
        ],
        [
          1.5219409418063934,
          42.50552745854843
        ],
        [
          1.5219544454202325,
          42.50604559974609
        ],
        [
          1.522263382546864,
          42.50632686258118
        ],
        [
          1.522629693939659,
          42.50613212789702
        ],
        [
          1.5228595075366846,
          42.50565591006935
        ],
        [
          1.5230893211337104,
          42.50517969224169
        ],
        [
          1.5230100652692646,
          42.50534392558595
        ],
        [
          1.5227802516722388,
          42.505820143413615
        ],
        [
          1.5225504380752133,
          42.506296361241276
        ],
        [
          1.522085347604226,
          42.50628739559985
        ],
        [
          1.5219539704035532,
          42.50586324334292
        ],
        [
          1.5221092307971569,
          42.5056452992557
        ],
        [
          1.5226218000000005,
          42.505744899999996
        ]
      ],
      "emotions": [
        "red",
        "red",
        "red",
        "red",
        "red",
        "purple",
        "purple",
        "purple",
        "purple",
        "purple",
        "green",
        "green",
        "green",
        "green",
        "green",
        "purple",
        "purple",
        "purple",
        "purple",
        "purple",
        "green",
        "green",
        "green",
        "green",
        "green",
        "green",
        "green",
        "green",
        "green",
        "green",
        "red",
        "red"
      ],
      "mood_vectors": [
        [
          0.3198357685911809,
          0.02870516629560044,
          0.30261437445302025,
          0.1252121795410422,
          0.003785999735565754,
          0.1736934405489564,
          0.0461530708346341
        ],
        [
          0.3332792474546927,
          0.3117701973228391,
          0.06769965884892236,
          0.027514071790392534,
          0.08049892576403044,
          0.1268951873918608,
          0.05234271142726207
        ],
        [
          0.07382222839019316,
          0.05790834615036593,
          0.2596387273730164,
          0.06187226193154006,
          0.14364551842833034,
          0.180534936789634,
          0.22257798093692008
        ],
        [
          0.050444419227651506,
          0.1533112142668419,
          0.013016950823035221,
          0.10164197759212483,
          0.2312134592999692,
          0.2200340973149125,
          0.23033788147546494
        ],
        [
          0.11090073647534048,
          0.24378070702143712,
          0.17866630713701417,
          0.07162713095304807,
          0.1579675921294274,
          0.11995877335502757,
          0.11709875292870515
        ],
        [
          0.2278382617845992,
          0.13087873883311588,
          0.2818572683340887,
          0.09898000139181365,
          0.17279373900291295,
          0.07948735425909088,
          0.008164636394378774
        ],
        [
          0.23557980195908176,
          0.18569288304992976,
          0.07009054193080834,
          0.23218711014773877,
          0.07192264959199916,
          0.0012380590033944264,
          0.20328895431704777
        ],
        [
          0.23804531231211776,
          0.09473092461066197,
          0.19584073021698262,
          0.06883855092863236,
          0.0806036905584524,
          0.2724503631256296,
          0.049490428247523297
        ],
        [
          0.12214520344358781,
          0.0941498880028236,
          0.15922075230768118,
          0.3134227632503851,
          0.03283353928916793,
          0.06050204790161853,
          0.21772580580473588
        ],
        [
          0.009232352870002512,
          0.07062158042896947,
          0.07161556615418264,
          0.22479934604321122,
          0.29794676289324284,
          0.007435630870984854,
          0.3183487607394065
        ],
        [
          0.029288964814371665,
          0.14479219573866814,
          0.14132299110991434,
          0.23460894769219842,
          0.20895100807519992,
          0.14183998028267927,
          0.0991959122869682
        ],
        [
          0.11686585737727397,
          0.21146333282499763,
          0.10958100451145554,
          0.19058678985397015,
          0.18698573638090513,
          0.003620956379360312,
          0.18089632267203729
        ],
        [
          0.23345321203825875,
          0.15886812916519233,
          0.041669527143413744,
          0.005928697475547159,
          0.110956097280311,
          0.24916670722443343,
          0.19995762967284356
        ],
        [
          0.017547150623417208,
          0.23435930166200905,
          0.2822159433943098,
          0.26538732229213713,
          0.07715008446492606,
          0.03206178478155077,
          0.09127841278164996
        ],
        [
          0.14205439338515938,
          0.00820398516389851,
          0.04256343689168698,
          0.14570995787988059,
          0.2408493619158821,
          0.2171098861355256,
          0.20350897862796688
        ],
        [
          0.20213297536214314,
          0.09965348483908887,
          0.06763699463963954,
          0.2151302617964071,
          0.24933276865661727,
          0.05412415678307525,
          0.11198935792302882
        ],
        [
          0.15790789420371823,
          0.17043954785736887,
          0.07598302295501023,
          0.20643282516886752,
          0.11602783469328802,
          0.10398274630614522,
          0.16922612881560192
        ],
        [
          0.03575195227776807,
          0.08593179570728544,
          0.11522612223203368,
          0.13679043961975465,
          0.11877315923809999,
          0.24338006958591388,
          0.26414646133914427
        ],
        [
          0.19859098356236507,
          0.1123368374032271,
          0.2721817951196256,
          0.08757620797054466,
          0.08497483628449962,
          0.1307741063621991,
          0.11356523329753886
        ],
        [
          0.0502852750330038,
          0.22226077067156794,
          0.15338593058180428,
          0.14636962031092954,
          0.11516195817855525,
          0.09126564895871343,
          0.22127079626542576
        ],
        [
          0.22047620698158038,
          0.02707506888755123,
          0.30499706774005353,
          0.015437347375518447,
          0.22815576425524137,
          0.0492021731551249,
          0.1546563716049301
        ],
        [
          0.27978043277815284,
          0.09162876467105954,
          0.0018992129724321927,
          0.17244536567987778,
          0.05539403350904,
          0.1651606598576648,
          0.23369153053177286
        ],
        [
          0.11835090489984518,
          0.112483953440175,
          0.12042062267114072,
          0.0874213127237788,
          0.2879248776012653,
          0.013578541129930757,
          0.25981978753386425
        ],
        [
          0.06374991464477339,
          0.1475870727479871,
          0.17096053011509119,
          0.1449846458498535,
          0.15855135958944802,
          0.16416596127777497,
          0.1500005157750719
        ],
        [
          0.21869257475551085,
          0.16261995396745862,
          0.08144868143702337,
          0.16926616347402704,
          0.27107728545502413,
          0.07600056951772696,
          0.020894771393229015
        ],
        [
          0.1334322114591893,
          0.2293023335944382,
          0.055534823848444576,
          0.06525646383688402,
          0.3883627593954542,
          0.022754677504691546,
          0.10535673036089815
        ],
        [
          0.04540321492083858,
          0.1708852915764909,
          0.2260168343435843,
          0.26539711196245785,
          0.13924807292144856,
          0.05469444461031731,
          0.09835502966486244
        ],
        [
          0.0639411386932085,
          0.19900494911740546,
          0.2305092493757577,
          0.028381442840430725,
          0.1416846598721159,
          0.10623325773722368,
          0.23024530236385798
        ],
        [
          0.21485310792644655,
          0.20566572838692518,
          0.1673963354981551,
          0.13454016972812485,
          0.17499595690221662,
          0.0459626494926349,
          0.056586052065496766
        ],
        [
          0.19956653269608426,
          0.03120281148619731,
          0.08247546937615248,
          0.2518972981240399,
          0.15020089266753728,
          0.03078785929928319,
          0.2538691363507057
        ],
        [
          0.2865852254028629,
          0.0722508451737937,
          0.05030985554101704,
          0.0929970734419782,
          0.22454416184600687,
          0.08091429011409193,
          0.19239854848024932
        ],
        [
          0.0503576069318042,
          0.17311401259454218,
          0.20399444441606465,
          0.15997729679971662,
          0.13638720953685363,
          0.0836510385191699,
          0.19251839120184874
        ]
      ],
      "timestamps": [
        35,
        36,
        37,
        38,
        39,
        40,
        41,
        42,
        43,
        44,
        45,
        46,
        47,
        48,
        49,
        50,
        51,
        52,
        53,
        54,
        55,
        56,
        57,
        58,
        59,
        60,
        61,
        62,
        63,
        64,
        65,
        66
      ],
      "distance": 497.1
    },
    {
      "trip_id": 2,
      "transport_method": "stopped",
      "start_time": 67,
      "path": [
        [
          1.5226218000000005,
          42.505744899999996
        ],
        [
          1.5226218000000005,
          42.505744899999996
        ],
        [
          1.5226218000000005,
          42.505744899999996
        ],
        [
          1.5226218000000005,
          42.505744899999996
        ],
        [
          1.5226218000000005,
          42.505744899999996
        ],
        [
          1.5226218000000005,
          42.505744899999996
        ]
      ],
      "emotions": [
        "red",
        "red",
        "red",
        "purple",
        "purple",
        "purple"
      ],
      "mood_vectors": [
        [
          0.2117938725184734,
          0.2064369309089428,
          0.09510075343154036,
          0.12782194229330562,
          0.09924323522916179,
          0.16009315867969048,
          0.09951010693888562
        ],
        [
          0.260674520916876,
          0.21235178518811637,
          0.028366494900529105,
          0.1684847281808721,
          0.05948281219410337,
          0.2130815126434291,
          0.05755814597607403
        ],
        [
          0.1228730484725493,
          0.08848001344690491,
          0.027934401229770367,
          0.26312420347192933,
          0.18767497648832726,
          0.22863487635903434,
          0.08127848053148447
        ],
        [
          0.11330894127032085,
          0.21937523756955543,
          0.197576312781282,
          0.15967926300353114,
          0.22146564795185783,
          0.04975667580544547,
          0.03883792161800723
        ],
        [
          0.18771378488024407,
          0.07660122075498034,
          0.2021446898615065,
          0.06584210140535797,
          0.19798635591695024,
          0.13394968979727756,
          0.13576215738368333
        ],
        [
          0.017721843783243794,
          0.0466619801765133,
          0.2530666799265293,
          0.26713394976632937,
          0.006567081674905415,
          0.17561708108747065,
          0.23323138358500806
        ]
      ],
      "timestamps": [
        67,
        68,
        69,
        70,
        71,
        72
      ]
    },
    {
      "trip_id": 3,
      "transport_method": "foot",
      "start_time": 73,
      "path": [
        [
          1.5226218000000005,
          42.505744899999996
        ],
        [
          1.5223047080013394,
          42.50570132609774
        ],
        [
          1.5220198854633886,
          42.505578804614835
        ],
        [
          1.5219537168862711,
          42.5057659193926
        ],
        [
          1.521954550632575,
          42.50608599021058
        ],
        [
          1.5220990641447258,
          42.50629043629759
        ],
        [
          1.5224115499622293,
          42.50635970849632
        ],
        [
          1.5227258755316806,
          42.50640161388602
        ],
        [
          1.5230315115309636,
          42.50649665081542
        ],
        [
          1.5233371322974636,
          42.506591740093164
        ],
        [
          1.5235938131190283,
          42.506696162667424
        ],
        [
          1.5239053976414523,
          42.506769382054955
        ],
        [
          1.5242164771660063,
          42.5068186452458
        ],
        [
          1.5245285141524942,
          42.506860854670265
        ],
        [
          1.524841561831321,
          42.50692747771563
        ],
        [
          1.5251561955065907,
          42.5069862072075
        ],
        [
          1.5254080506164318,
          42.5068332848745
        ],
        [
          1.525535191000541,
          42.50675292443821
        ],
        [
          1.5252646326175132,
          42.50692393375091
        ],
        [
          1.5254465039828284,
          42.507018595692
        ],
        [
          1.525765182460641,
          42.50704842942184
        ],
        [
          1.5260838609384535,
          42.50707826315168
        ],
        [
          1.5261969998462088,
          42.50684780193544
        ],
        [
          1.5263266193099678,
          42.5068724402729
        ],
        [
          1.5266455795399785,
          42.506899093515266
        ],
        [
          1.5269645397699894,
          42.50692574675763
        ],
        [
          1.5272835000000002,
          42.506952399999996
        ]
      ],
      "emotions": [
        "green",
        "green",
        "green",
        "green",
        "green",
        "green",
        "green",
        "green",
        "green",
        "green",
        "green",
        "green",
        "green",
        "green",
        "green",
        "green",
        "green",
        "red",
        "red",
        "red",
        "red",
        "red",
        "green",
        "green",
        "green",
        "green",
        "green"
      ],
      "mood_vectors": [
        [
          0.08638031855048148,
          0.22713219683217117,
          0.06517555350074625,
          0.14488452901998075,
          0.20210152830777003,
          0.14620207168126606,
          0.12812380210758426
        ],
        [
          0.2016161892841246,
          0.13966945861148164,
          0.12889331415929223,
          0.13937023414336577,
          0.03103981580625746,
          0.15126184399642154,
          0.2081491439990568
        ],
        [
          0.13794403439297215,
          0.13154015816088646,
          0.15220444801089744,
          0.1553786941761992,
          0.1492704218832917,
          0.15693872109318371,
          0.11672352228256935
        ],
        [
          0.24368692198218606,
          0.1852135177039242,
          0.0406316972158891,
          0.04532580556557997,
          0.30759454706533657,
          0.03050500942406627,
          0.14704250104301783
        ],
        [
          0.1410754490147538,
          0.06202949901867959,
          0.13886930067584394,
          0.015486654784659994,
          0.2579429348048084,
          0.24783122818123207,
          0.13676493352002225
        ],
        [
          0.14763956281770058,
          0.23664617308114708,
          0.20519785271406588,
          0.08363962604760838,
          0.1838644809967837,
          0.09343741332287893,
          0.049574891019815444
        ],
        [
          0.17656929321042858,
          0.14809822462035688,
          0.1974022177350611,
          0.15884498733858599,
          0.18008597267437176,
          0.05568136550782217,
          0.08331793891337352
        ],
        [
          0.17898819121513146,
          0.04819272867742826,
          0.13637429039349916,
          0.14968648763061587,
          0.27098391299888425,
          0.049967164577100286,
          0.16580722450734078
        ],
        [
          0.2365076113737891,
          0.1614191375979489,
          0.05807432073181513,
          0.20710184569567475,
          0.062102500187674034,
          0.2406026867476378,
          0.03419189766546027
        ],
        [
          0.20138405253993785,
          0.08255157031288923,
          0.14439216614351721,
          0.271297402939035,
          0.14035310248642907,
          0.05403554585206485,
          0.10598615972612671
        ],
        [
          0.23605117446759233,
          0.199350900477972,
          0.16549204392186617,
          0.055157818175606096,
          0.0823764549097761,
          0.1912452672757761,
          0.07032634077141121
        ],
        [
          0.0923629964199232,
          0.06926581776550708,
          0.27407053757614747,
          0.09727238380068427,
          0.18622634366586938,
          0.04076600240103492,
          0.2400359183708337
        ],
        [
          0.06089037904122445,
          0.05415116664405589,
          0.21773279998423561,
          0.30797328322206297,
          0.1575414712692664,
          0.10103109205811178,
          0.10067980778104291
        ],
        [
          0.11068431444878103,
          0.12119212163046221,
          0.035680247812436096,
          0.21506435091078682,
          0.22732474497752683,
          0.2609395684332595,
          0.029114651786747582
        ],
        [
          0.13192726908212768,
          0.10098040374229629,
          0.21942463376368848,
          0.17696936403548058,
          0.11177384902107862,
          0.11933935046134118,
          0.13958512989398722
        ],
        [
          0.20689710702851338,
          0.2134218347321498,
          0.01731780519863447,
          0.06006970482160567,
          0.2396195863265888,
          0.02537541091026271,
          0.23729855098224514
        ],
        [
          0.25381701619464503,
          0.2578175962421738,
          0.10443625756763229,
          0.0496920764388315,
          0.1073261160646398,
          0.2020636420515092,
          0.024847295440568396
        ],
        [
          0.0028847315563792237,
          0.029458147331359923,
          0.0735010015201657,
          0.017374001769318193,
          0.20991269475092017,
          0.4505025071138048,
          0.21636691595805205
        ],
        [
          0.19998903904038767,
          0.16674540138131222,
          0.23692528328275878,
          0.003074461770413885,
          0.08759891306319721,
          0.21186088291510852,
          0.09380601854682179
        ],
        [
          0.18513483631182287,
          0.2131242539446126,
          0.024653452022753795,
          0.1019169140868528,
          0.18791959269997102,
          0.1723241209476328,
          0.11492682998635402
        ],
        [
          0.17571649245829088,
          0.2915841698322606,
          0.00591761901022489,
          0.05878123423768409,
          0.060821701067804664,
          0.2777622163794721,
          0.1294165670142627
        ],
        [
          0.14906699401853535,
          0.12606130190427547,
          0.2392692452890779,
          0.20997307696992976,
          0.08788626984946564,
          0.08883127805266051,
          0.09891183391605538
        ],
        [
          0.1655735448844775,
          0.11356574611932005,
          0.16279595110362108,
          0.16979952731311346,
          0.2407293676382048,
          0.13716100391593236,
          0.010374859025330762
        ],
        [
          0.21880377997659872,
          0.17880299912144307,
          0.051777671427983805,
          0.20235146250618744,
          0.249788140699758,
          0.08978047544099918,
          0.008695470827029891
        ],
        [
          0.2633684938722151,
          0.13800024056494944,
          0.2539615309007552,
          0.19017222559037053,
          0.05976832569831688,
          0.03630816289123292,
          0.05842102048215997
        ],
        [
          0.1890993822542009,
          0.006957365540926952,
          0.1971703641658605,
          0.06852057455937023,
          0.10811977039748615,
          0.22696952140156124,
          0.20316302168059402
        ],
        [
          0.07591570056116487,
          0.2522308669328568,
          0.008077255449288303,
          0.10492899165384206,
          0.046128563101480724,
          0.26525979515443426,
          0.24745882714693299
        ]
      ],
      "timestamps": [
        73,
        74,
        75,
        76,
        77,
        78,
        79,
        80,
        81,
        82,
        83,
        84,
        85,
        86,
        87,
        88,
        89,
        90,
        91,
        92,
        93,
        94,
        95,
        96,
        97,
        98,
        99
      ],
      "distance": 558
    }
  ],
  "conversation": [
    "This isn't what I pictured Andorra la Vella to look like.",
    "The fog makes everything feel like a dream.",
    "Getting hungry."
  ],
  "conversation_timestamps": [
    24,
    50,
    87
  ]
}
