{"agent_id": "agent-purple-964", "type": "purple", "trips": [{"trip_id": 0, "transport_method": "car", "start_time": 0, "path": [[1.521719, 42.5083459], [1.5228228, 42.508388], [1.5237265, 42.5086142], [1.5244997, 42.508926], [1.5254653, 42.5092697], [1.5261333, 42.5098604], [1.5269523, 42.5106631], [1.5264302, 42.5099813], [1.5267148, 42.5100817], [1.5277603, 42.5105529], [1.5288059, 42.5110242], [1.5297683, 42.5114638], [1.5286374, 42.5112981], [1.5275511, 42.5109338], [1.5276399, 42.5109031], [1.5287474, 42.5112008], [1.5298549, 42.5114985], [1.5308945, 42.5119359], [1.5305415, 42.5129174], [1.5303444, 42.5139955], [1.529739, 42.5148255], [1.5289964, 42.5156744], [1.5280315, 42.5162815], [1.5270384, 42.5168551], [1.5264837, 42.5171232], [1.5274775, 42.5166164], [1.528522, 42.5161652], [1.5284247, 42.5160899], [1.5274631, 42.5167148], [1.5265015, 42.5173397], [1.5255398, 42.5179646], [1.5246846, 42.518539], [1.5255669, 42.5178229], [1.5260884, 42.5174481], [1.5251555, 42.5181151], [1.5242336, 42.518796], [1.5238429, 42.5197741], [1.5234638, 42.5208481], [1.5227386, 42.5217061], [1.5219202, 42.5224821], [1.5214297, 42.5235034], [1.5207553, 42.5244262], [1.5206046, 42.5255507], [1.520318, 42.5266315], [1.5200429, 42.5276462], [1.5206269, 42.5286183], [1.5203468, 42.5296835], [1.5197288, 42.5304083], [1.5195774, 42.5314832], [1.5197078, 42.5325916], [1.5194905, 42.5336878], [1.5200756, 42.5346109], [1.5209228, 42.5353828], [1.5208958, 42.5361517], [1.5201425, 42.5369917], [1.5196895, 42.5380432], [1.5194364, 42.5391526], [1.5193192, 42.540251], [1.519096, 42.5412408], [1.5180532, 42.5417181], [1.5188746, 42.5413706], [1.5183884, 42.5415765], [1.5175105, 42.5422607], [1.5169158, 42.5432248], [1.5161021, 42.5440206], [1.5153218, 42.5448502], [1.5147869, 42.5458037], [1.5139475, 42.5464992], [1.5134254, 42.5474964], [1.5130079, 42.5484811], [1.5122734, 42.5492508], [1.5114927, 42.5500865], [1.5105573, 42.5507447], [1.5096888, 42.551477], [1.508756, 42.5521419], [1.5091736, 42.5518137], [1.5082863, 42.5525403], [1.5074417, 42.5533159], [1.5066056, 42.5540436], [1.5057383, 42.5541162]], "mood_vectors": [[0.0485, 0.0719, 0.0373, 0.0281, 0.0581, 0.6874, 0.0688], [0.0203, 0.0355, 0.064, 0.0382, 0.0823, 0.7285, 0.0311], [0.0781, 0.0198, 0.0679, 0.0265, 0.0733, 0.6911, 0.0434], [0.0365, 0.0409, 0.0539, 0.0627, 0.0577, 0.7185, 0.0297], [0.0223, 0.0694, 0.0761, 0.0125, 0.072, 0.6699, 0.0777], [0.056, 0.0359, 0.0462, 0.0806, 0.0879, 0.5964, 0.0971], [0.0203, 0.0348, 0.0863, 0.0919, 0.016, 0.7306, 0.0201], [0.0426, 0.0521, 0.0613, 0.0265, 0.0903, 0.6656, 0.0615], [0.0395, 0.0311, 0.0269, 0.0419, 0.0734, 0.732, 0.0552], [0.0245, 0.0372, 0.0436, 0.0194, 0.0488, 0.7519, 0.0745], [0.0251, 0.0671, 0.0483, 0.0426, 0.0471, 0.739, 0.0309], [0.0391, 0.0477, 0.056, 0.0239, 0.0457, 0.6992, 0.0884], [0.0679, 0.0411, 0.0397, 0.0741, 0.0476, 0.716, 0.0136], [0.0248, 0.0334, 0.0399, 0.0852, 0.0491, 0.7489, 0.0187], [0.048, 0.0716, 0.0806, 0.0543, 0.0825, 0.6216, 0.0415], [0.0352, 0.0686, 0.044, 0.0177, 0.0388, 0.7784, 0.0173], [0.0192, 0.0466, 0.0643, 0.0423, 0.0859, 0.7275, 0.0144], [0.0145, 0.0311, 0.0754, 0.0793, 0.0396, 0.7209, 0.0393], [0.0715, 0.0735, 0.0654, 0.0646, 0.0476, 0.6564, 0.0211], [0.0602, 0.0749, 0.04, 0.0441, 0.0188, 0.731, 0.0311], [0.0851, 0.031, 0.0466, 0.0822, 0.0785, 0.6018, 0.0748], [0.0474, 0.0276, 0.0552, 0.0291, 0.0726, 0.748, 0.0201], [0.0579, 0.0421, 0.0586, 0.0209, 0.0551, 0.6982, 0.0672], [0.0604, 0.0706, 0.0168, 0.072, 0.0455, 0.6966, 0.038], [0.0633, 0.0719, 0.063, 0.0682, 0.0494, 0.6212, 0.063], [0.0749, 0.0536, 0.0822, 0.0222, 0.0289, 0.6651, 0.0731], [0.0522, 0.0687, 0.0664, 0.1045, 0.0569, 0.6321, 0.0192], [0.0731, 0.0765, 0.0873, 0.0396, 0.0488, 0.6483, 0.0263], [0.0392, 0.0939, 0.0577, 0.0151, 0.0603, 0.6667, 0.0671], [0.0271, 0.0427, 0.0317, 0.0451, 0.0655, 0.7206, 0.0672], [0.0567, 0.0603, 0.0722, 0.0556, 0.0312, 0.7024, 0.0216], [0.059, 0.0483, 0.028, 0.0711, 0.0381, 0.7401, 0.0154], [0.0498, 0.0399, 0.073, 0.0367, 0.0456, 0.669, 0.086], [0.0286, 0.1035, 0.0457, 0.0634, 0.0333, 0.6695, 0.0561], [0.0521, 0.0461, 0.0486, 0.0501, 0.0601, 0.7198, 0.0231], [0.0192, 0.0351, 0.0192, 0.0589, 0.0166, 0.7765, 0.0744], [0.0563, 0.0261, 0.0456, 0.013, 0.0226, 0.782, 0.0543], [0.0714, 0.0444, 0.0588, 0.0608, 0.0315, 0.6697, 0.0634], [0.0317, 0.0803, 0.0528, 0.0278, 0.0747, 0.6818, 0.051], [0.0836, 0.0849, 0.0215, 0.0329, 0.0171, 0.6908, 0.0692], [0.0675, 0.0778, 0.0212, 0.0443, 0.0623, 0.6565, 0.0704], [0.0417, 0.0406, 0.0782, 0.0678, 0.0145, 0.7038, 0.0534], [0.0309, 0.0362, 0.057, 0.0498, 0.0489, 0.7502, 0.027], [0.0455, 0.055, 0.062, 0.0162, 0.0826, 0.7055, 0.0333], [0.0467, 0.0918, 0.0226, 0.0613, 0.0569, 0.6879, 0.0329], [0.0673, 0.0545, 0.024, 0.0711, 0.0305, 0.7166, 0.0359], [0.0821, 0.0806, 0.0465, 0.0273, 0.0239, 0.6862, 0.0533], [0.047, 0.0281, 0.0161, 0.0636, 0.0298, 0.8024, 0.0131], [0.024, 0.0571, 0.0433, 0.0302, 0.0663, 0.7123, 0.0669], [0.0289, 0.0414, 0.0621, 0.0268, 0.043, 0.727, 0.0708], [0.0623, 0.08, 0.0184, 0.056, 0.0754, 0.6578, 0.0502], [0.0412, 0.0716, 0.0403, 0.0393, 0.0133, 0.7363, 0.0581], [0.074, 0.0575, 0.0736, 0.0902, 0.0272, 0.6338, 0.0437], [0.0329, 0.015, 0.0782, 0.059, 0.0805, 0.6742, 0.0601], [0.0313, 0.0389, 0.0656, 0.016, 0.0589, 0.737, 0.0522], [0.0536, 0.0255, 0.081, 0.0324, 0.0886, 0.6572, 0.0618], [0.061, 0.0725, 0.05, 0.0519, 0.0449, 0.6436, 0.0761], [0.0199, 0.0481, 0.0441, 0.0691, 0.0525, 0.7424, 0.0238], [0.0139, 0.0576, 0.0236, 0.0774, 0.0664, 0.6991, 0.062], [0.0223, 0.0402, 0.0643, 0.0294, 0.0296, 0.7663, 0.0479], [0.0334, 0.06, 0.055, 0.0752, 0.0258, 0.6823, 0.0683], [0.0399, 0.0752, 0.0362, 0.0225, 0.0652, 0.6962, 0.0648], [0.0158, 0.0341, 0.068, 0.0159, 0.0662, 0.7355, 0.0646], [0.0213, 0.0631, 0.0458, 0.0429, 0.0705, 0.7198, 0.0366], [0.0832, 0.0338, 0.0636, 0.0709, 0.0773, 0.5995, 0.0716], [0.028, 0.0912, 0.0309, 0.0152, 0.0633, 0.7556, 0.0158], [0.0571, 0.0565, 0.0439, 0.036, 0.0684, 0.7171, 0.021], [0.0293, 0.0565, 0.0687, 0.0669, 0.0652, 0.6832, 0.0301], [0.0859, 0.0902, 0.0325, 0.0213, 0.0251, 0.7088, 0.0362], [0.0417, 0.0408, 0.0476, 0.0538, 0.0887, 0.7115, 0.0159], [0.0409, 0.046, 0.0348, 0.0681, 0.051, 0.726, 0.0331], [0.0409, 0.0286, 0.0526, 0.0586, 0.0422, 0.698, 0.0791], [0.088, 0.0708, 0.0321, 0.067, 0.0297, 0.6697, 0.0428], [0.0384, 0.0705, 0.022, 0.0172, 0.0659, 0.7606, 0.0254], [0.0851, 0.0373, 0.0588, 0.0507, 0.0859, 0.6595, 0.0227], [0.0526, 0.0471, 0.054, 0.0265, 0.0462, 0.7007, 0.0729], [0.0462, 0.064, 0.083, 0.0218, 0.0292, 0.7251, 0.0308], [0.0603, 0.0736, 0.0282, 0.0497, 0.0115, 0.7183, 0.0584], [0.0487, 0.0466, 0.063, 0.0565, 0.0646, 0.6501, 0.0706], [0.0698, 0.0745, 0.0439, 0.0238, 0.088, 0.6443, 0.0558]], "emotions": ["purple", "purple", "purple", "purple", "purple", "purple", "purple", "purple", "purple", "purple", "purple", "purple", "purple", "purple", "purple", "purple", "purple", "purple", "purple", "purple", "purple", "purple", "purple", "purple", "purple", "purple", "purple", "purple", "purple", "purple", "purple", "purple", "purple", "purple", "purple", "purple", "purple", "purple", "purple", "purple", "purple", "purple", "purple", "purple", "purple", "purple", "purple", "purple", "purple", "purple", "purple", "purple", "purple", "purple", "purple", "purple", "purple", "purple", "purple", "purple", "purple", "purple", "purple", "purple", "purple", "purple", "purple", "purple", "purple", "purple", "purple", "purple", "purple", "purple", "purple", "purple", "purple", "purple", "purple", "purple"], "timestamps": [0, 40, 80, 120, 160, 200, 240, 280, 320, 360, 400, 440, 480, 520, 560, 600, 640, 680, 720, 760, 800, 840, 880, 920, 960, 1000, 1040, 1080, 1120, 1160, 1200, 1240, 1280, 1320, 1360, 1400, 1440, 1480, 1520, 1560, 1600, 1640, 1680, 1720, 1760, 1800, 1840, 1880, 1920, 1960, 2000, 2040, 2080, 2120, 2160, 2200, 2240, 2280, 2320, 2360, 2400, 2440, 2480, 2520, 2560, 2600, 2640, 2680, 2720, 2760, 2800, 2840, 2880, 2920, 2960, 3000, 3040, 3080, 3120, 3160]}], "conversation": [], "conversation_timestamps": []}