{"agent_id": "agent-green-1827", "type": "green", "trips": [{"trip_id": 0, "transport_method": "foot", "start_time": 0, "path": [[1.5180623, 42.5010177], [1.5187817, 42.5009661], [1.5194701, 42.5011413], [1.5198635, 42.5016474], [1.5200133, 42.5023339], [1.5204484, 42.502899], [1.5210495, 42.5032858], [1.5215469, 42.5037567], [1.5217459, 42.5043778], [1.5224049, 42.504514], [1.5230987, 42.50458], [1.5237853, 42.5047149], [1.5244935, 42.5048347], [1.524083, 42.5047915], [1.5247965, 42.5048969], [1.52551, 42.5050024], [1.5262244, 42.5050888], [1.5269302, 42.5051713], [1.5276212, 42.5053193], [1.5275212, 42.5053356], [1.5282412, 42.5052924], [1.5289538, 42.5053798], [1.5296643, 42.505504], [1.5303234, 42.505717], [1.5309088, 42.506135], [1.5315272, 42.5065044], [1.5321939, 42.5067186], [1.5323954, 42.5066359], [1.5324145, 42.5067364], [1.5331322, 42.5067417], [1.5338283, 42.5069304], [1.5344121, 42.5072247], [1.5350529, 42.5075521], [1.5357517, 42.5077096], [1.5364716, 42.5077534], [1.5371823, 42.5078267], [1.5378419, 42.5081112], [1.5385488, 42.5082189], [1.5392661, 42.5082475], [1.5399591, 42.5083884], [1.5404818, 42.5086461], [1.5411977, 42.5087344], [1.5419021, 42.5088792], [1.5419718, 42.5088869], [1.5425786, 42.5089131], [1.5432943, 42.5089963], [1.543975, 42.5092177], [1.5446826, 42.5093159], [1.5454004, 42.5093712], [1.546069, 42.5096418], [1.5455619, 42.5094408], [1.5458485, 42.5095765], [1.5464188, 42.5099683], [1.5463325, 42.5105058], [1.5467725, 42.5110555], [1.5474617, 42.5112643], [1.5481611, 42.5114401], [1.548863, 42.5116059], [1.5495602, 42.5117898], [1.5497098, 42.5118524], [1.5503783, 42.5121232], [1.550076, 42.5120034], [1.5507246, 42.5123154], [1.5512715, 42.5127856], [1.5513987, 42.5129441], [1.5510321, 42.5125773], [1.5516054, 42.513015], [1.5522248, 42.5133763], [1.5525402, 42.5136119], [1.5527037, 42.5139143], [1.5527038, 42.5146317], [1.5530072, 42.5152718], [1.5533793, 42.5158847], [1.5535898, 42.5165735], [1.55397, 42.5171837], [1.5544988, 42.5176694], [1.5551154, 42.5180311], [1.5557612, 42.5182357], [1.5562833, 42.5187332], [1.5566997, 42.5193182]], "mood_vectors": [[0.0164, 0.0533, 0.0307, 0.0635, 0.017, 0.0737, 0.7454], [0.0175, 0.0198, 0.0484, 0.0513, 0.0219, 0.0793, 0.7618], [0.0483, 0.0499, 0.0883, 0.0269, 0.0513, 0.0229, 0.7124], [0.0817, 0.0454, 0.0888, 0.0265, 0.07, 0.0303, 0.6574], [0.064, 0.0425, 0.0418, 0.0934, 0.0547, 0.0634, 0.6402], [0.0512, 0.0689, 0.0367, 0.043, 0.0601, 0.0517, 0.6884], [0.032, 0.0881, 0.0373, 0.0569, 0.0849, 0.0781, 0.6228], [0.0571, 0.0736, 0.0621, 0.0213, 0.0768, 0.0599, 0.6492], [0.0776, 0.0208, 0.0427, 0.0416, 0.0184, 0.0265, 0.7724], [0.063, 0.0417, 0.0612, 0.0512, 0.0369, 0.0383, 0.7076], [0.076, 0.0867, 0.0405, 0.047, 0.0465, 0.0557, 0.6475], [0.0313, 0.0194, 0.0855, 0.0481, 0.0452, 0.0889, 0.6816], [0.0294, 0.0241, 0.0331, 0.0673, 0.0326, 0.09, 0.7235], [0.0463, 0.0821, 0.0302, 0.075, 0.0823, 0.0228, 0.6614], [0.0233, 0.0776, 0.0324, 0.025, 0.0793, 0.026, 0.7364], [0.0577, 0.0244, 0.0671, 0.0537, 0.0574, 0.0143, 0.7253], [0.0349, 0.0666, 0.0397, 0.0436, 0.0938, 0.0371, 0.6843], [0.0184, 0.0669, 0.063, 0.0289, 0.0592, 0.0649, 0.6985], [0.0226, 0.0654, 0.0265, 0.0753, 0.0431, 0.0172, 0.7498], [0.0547, 0.0345, 0.0687, 0.0336, 0.071, 0.0746, 0.6629], [0.0808, 0.0246, 0.0481, 0.059, 0.0916, 0.0519, 0.6441], [0.0169, 0.0613, 0.0481, 0.0529, 0.0752, 0.0299, 0.7158], [0.0602, 0.0817, 0.0787, 0.0485, 0.0641, 0.0348, 0.6319], [0.0278, 0.0764, 0.0211, 0.0248, 0.0897, 0.0612, 0.6989], [0.0586, 0.0551, 0.0671, 0.052, 0.0331, 0.0555, 0.6787], [0.0787, 0.0403, 0.0635, 0.0548, 0.0317, 0.0742, 0.6568], [0.0431, 0.0592, 0.0379, 0.0264, 0.0793, 0.084, 0.6702], [0.0656, 0.0231, 0.0684, 0.0591, 0.0682, 0.0187, 0.6969], [0.0204, 0.0515, 0.0572, 0.0233, 0.0736, 0.0594, 0.7146], [0.0606, 0.0522, 0.0512, 0.0258, 0.0855, 0.0861, 0.6387], [0.0322, 0.0246, 0.0756, 0.0259, 0.0735, 0.0338, 0.7344], [0.0138, 0.0596, 0.0694, 0.0452, 0.0794, 0.0554, 0.6772], [0.0167, 0.0231, 0.0631, 0.0309, 0.0881, 0.0188, 0.7592], [0.0336, 0.041, 0.0635, 0.0654, 0.0655, 0.0276, 0.7034], [0.0492, 0.0632, 0.0549, 0.0298, 0.0547, 0.0353, 0.7129], [0.0688, 0.0162, 0.0195, 0.031, 0.0371, 0.068, 0.7593], [0.0668, 0.0429, 0.0313, 0.0719, 0.0529, 0.0593, 0.6749], [0.0373, 0.0884, 0.0666, 0.0166, 0.0166, 0.0672, 0.7073], [0.0664, 0.0614, 0.0784, 0.0355, 0.042, 0.0645, 0.652], [0.0609, 0.0653, 0.0279, 0.0715, 0.0373, 0.0355, 0.7016], [0.0487, 0.069, 0.0632, 0.0422, 0.0518, 0.0562, 0.669], [0.0495, 0.066, 0.0233, 0.069, 0.022, 0.0635, 0.7069], [0.0502, 0.0511, 0.017, 0.015, 0.0341, 0.0285, 0.8041], [0.0845, 0.0351, 0.0241, 0.0181, 0.0926, 0.0179, 0.7276], [0.0413, 0.0493, 0.0739, 0.0694, 0.0709, 0.0655, 0.6297], [0.0951, 0.0538, 0.021, 0.0518, 0.0966, 0.0287, 0.6531], [0.0623, 0.0354, 0.0408, 0.0849, 0.0805, 0.0591, 0.637], [0.0701, 0.0665, 0.0312, 0.0228, 0.0223, 0.0517, 0.7354], [0.0758, 0.0637, 0.0757, 0.0516, 0.0692, 0.0175, 0.6465], [0.0221, 0.0527, 0.0875, 0.0307, 0.0216, 0.0724, 0.7129], [0.0137, 0.0132, 0.0676, 0.043, 0.0877, 0.035, 0.7397], [0.0144, 0.0296, 0.0513, 0.0554, 0.0687, 0.0701, 0.7105], [0.0634, 0.0241, 0.0295, 0.055, 0.0468, 0.0185, 0.7628], [0.0581, 0.0711, 0.0405, 0.0364, 0.0812, 0.0631, 0.6496], [0.0283, 0.0922, 0.0263, 0.0542, 0.0361, 0.0517, 0.7112], [0.0161, 0.0773, 0.0337, 0.0272, 0.0394, 0.0324, 0.7739], [0.0672, 0.0138, 0.051, 0.0465, 0.0626, 0.0616, 0.6973], [0.0446, 0.0588, 0.0472, 0.0395, 0.0474, 0.0189, 0.7436], [0.0383, 0.0645, 0.0876, 0.0177, 0.0377, 0.0865, 0.6677], [0.0474, 0.0662, 0.0355, 0.029, 0.042, 0.0518, 0.7282], [0.066, 0.0279, 0.0603, 0.0784, 0.07, 0.0521, 0.6454], [0.0613, 0.045, 0.0549, 0.0113, 0.0524, 0.071, 0.7042], [0.0676, 0.0528, 0.0593, 0.0649, 0.0473, 0.0248, 0.6832], [0.0552, 0.0867, 0.0446, 0.0522, 0.0432, 0.0392, 0.679], [0.0621, 0.0804, 0.0305, 0.0525, 0.0262, 0.0261, 0.7222], [0.0652, 0.0445, 0.0429, 0.019, 0.0505, 0.0417, 0.7362], [0.0666, 0.0384, 0.0588, 0.0347, 0.0121, 0.0364, 0.7531], [0.0937, 0.0397, 0.0648, 0.0624, 0.059, 0.0552, 0.6251], [0.0545, 0.0479, 0.0342, 0.0452, 0.0499, 0.0326, 0.7355], [0.0745, 0.0146, 0.0785, 0.0841, 0.0702, 0.0518, 0.6263], [0.0351, 0.061, 0.0207, 0.0536, 0.045, 0.0178, 0.7668], [0.0366, 0.0404, 0.0554, 0.0461, 0.0412, 0.0845, 0.6959], [0.0763, 0.0453, 0.0292, 0.0727, 0.0613, 0.0178, 0.6974], [0.0452, 0.0421, 0.0286, 0.0201, 0.0969, 0.0915, 0.6756], [0.0758, 0.0356, 0.0336, 0.0545, 0.0696, 0.055, 0.6759], [0.0537, 0.0583, 0.0435, 0.0691, 0.0585, 0.0424, 0.6745], [0.0356, 0.0798, 0.0738, 0.0795, 0.0681, 0.0583, 0.6049], [0.016, 0.0618, 0.0458, 0.0275, 0.0553, 0.05, 0.7437], [0.0253, 0.0398, 0.0144, 0.0274, 0.0274, 0.0334, 0.8322], [0.0428, 0.0254, 0.0407, 0.0443, 0.0356, 0.0883, 0.7228]], "emotions": ["purple", "purple", "purple", "purple", "purple", "purple", "purple", "purple", "purple", "purple", "purple", "purple", "purple", "purple", "purple", "purple", "purple", "purple", "purple", "purple", "purple", "purple", "purple", "purple", "purple", "purple", "purple", "purple", "purple", "purple", "purple", "purple", "purple", "purple", "purple", "purple", "purple", "purple", "purple", "purple", "purple", "purple", "purple", "purple", "purple", "purple", "purple", "purple", "purple", "purple", "purple", "purple", "purple", "purple", "purple", "purple", "purple", "purple", "purple", "purple", "purple", "purple", "purple", "purple", "purple", "purple", "purple", "purple", "purple", "purple", "purple", "purple", "purple", "purple", "purple", "purple", "purple", "purple", "purple", "purple"], "timestamps": [0, 40, 80, 120, 160, 200, 240, 280, 320, 360, 400, 440, 480, 520, 560, 600, 640, 680, 720, 760, 800, 840, 880, 920, 960, 1000, 1040, 1080, 1120, 1160, 1200, 1240, 1280, 1320, 1360, 1400, 1440, 1480, 1520, 1560, 1600, 1640, 1680, 1720, 1760, 1800, 1840, 1880, 1920, 1960, 2000, 2040, 2080, 2120, 2160, 2200, 2240, 2280, 2320, 2360, 2400, 2440, 2480, 2520, 2560, 2600, 2640, 2680, 2720, 2760, 2800, 2840, 2880, 2920, 2960, 3000, 3040, 3080, 3120, 3160]}], "conversation": [], "conversation_timestamps": []}