{"agent_id": "agent-blue-940", "type": "blue", "trips": [{"trip_id": 0, "transport_method": "bus", "start_time": 0, "path": [[1.5329048, 42.5083628], [1.5326801, 42.5083358], [1.5324554, 42.5083088], [1.5322296, 42.5082926], [1.5320039, 42.5082764], [1.5317782, 42.5082602], [1.5316638, 42.508337], [1.5317197, 42.5085563], [1.5317144, 42.5087751], [1.5316551, 42.5089936], [1.5314771, 42.5090071], [1.5312581, 42.50895], [1.5310391, 42.5088929], [1.5308201, 42.5088358], [1.5305994, 42.5088749], [1.5303824, 42.5088902], [1.5301784, 42.5087921], [1.5299776, 42.5086878], [1.5297634, 42.5086272], [1.5295429, 42.5086428], [1.5293284, 42.508715], [1.5291139, 42.5087872], [1.5288995, 42.5088594], [1.5286808, 42.5088424], [1.5284606, 42.5087903], [1.5282573, 42.5086911], [1.5280509, 42.5085984], [1.5278428, 42.5085094], [1.5276347, 42.5084204], [1.5274163, 42.5083677], [1.5271902, 42.5083608], [1.5269639, 42.5083585], [1.5267377, 42.5083511], [1.5265124, 42.5083308], [1.5262893, 42.5082928], [1.526068, 42.5082457], [1.5258449, 42.5082097], [1.5256299, 42.5081455], [1.5254168, 42.5080702], [1.5252015, 42.5080006], [1.5249842, 42.5079376], [1.5247651, 42.5078807], [1.5245449, 42.5078291], [1.5243227, 42.5077864], [1.524097, 42.5077718], [1.5238708, 42.5077773], [1.523645, 42.507793], [1.5234192, 42.5078087], [1.5232097, 42.5078086], [1.5229884, 42.5077775], [1.5227629, 42.5077579], [1.5225374, 42.5077383], [1.522312, 42.5077187], [1.522089, 42.5077089], [1.5219135, 42.5076691], [1.5217499, 42.5075129], [1.5215274, 42.5075219], [1.5213012, 42.5075149], [1.521075, 42.5075078], [1.5208488, 42.5075008], [1.5206236, 42.507489], [1.5204141, 42.5074035], [1.5201909, 42.5074034], [1.5199652, 42.5074205], [1.5197494, 42.5073983], [1.519555, 42.5072824], [1.519358, 42.5071714], [1.5191533, 42.507075], [1.5189753, 42.5069426], [1.5188359, 42.5067692], [1.5186202, 42.5067006], [1.5187464, 42.5067408], [1.5187649, 42.5067127], [1.5185786, 42.5065842], [1.5183923, 42.5064556], [1.5182061, 42.5063271], [1.5180198, 42.5061986], [1.5178298, 42.5060778], [1.5176084, 42.5060327], [1.5173852, 42.5059952]], "mood_vectors": [[0.0543, 0.0412, 0.0569, 0.7199, 0.0722, 0.0169, 0.0387], [0.0362, 0.0199, 0.0447, 0.7636, 0.0551, 0.0326, 0.0479], [0.0538, 0.0388, 0.0621, 0.7031, 0.0566, 0.0559, 0.0298], [0.0266, 0.0532, 0.0506, 0.7291, 0.0421, 0.0269, 0.0715], [0.0412, 0.0458, 0.0683, 0.727, 0.05, 0.0387, 0.0291], [0.0263, 0.0638, 0.0561, 0.7063, 0.0203, 0.0464, 0.0807], [0.0548, 0.0605, 0.0818, 0.6312, 0.0431, 0.0528, 0.0758], [0.0665, 0.0828, 0.0541, 0.6823, 0.0507, 0.0254, 0.0382], [0.0769, 0.0126, 0.0173, 0.7459, 0.0627, 0.0127, 0.0719], [0.0687, 0.0161, 0.0502, 0.7024, 0.0801, 0.0695, 0.013], [0.0242, 0.0591, 0.0395, 0.7473, 0.0206, 0.0693, 0.04], [0.0134, 0.0789, 0.0629, 0.7606, 0.0217, 0.023, 0.0395], [0.0231, 0.0539, 0.0617, 0.6825, 0.0407, 0.0468, 0.0914], [0.0684, 0.033, 0.055, 0.6874, 0.0471, 0.0394, 0.0697], [0.04, 0.0743, 0.0513, 0.6779, 0.0474, 0.0743, 0.0346], [0.0335, 0.0327, 0.0485, 0.6916, 0.0331, 0.0595, 0.1011], [0.0262, 0.0419, 0.0267, 0.748, 0.0595, 0.0306, 0.0671], [0.0364, 0.0524, 0.0473, 0.6905, 0.0772, 0.0748, 0.0213], [0.0784, 0.0149, 0.0198, 0.7393, 0.0175, 0.0666, 0.0635], [0.0194, 0.0737, 0.0553, 0.6607, 0.0444, 0.0628, 0.0838], [0.0802, 0.0782, 0.0226, 0.7024, 0.0206, 0.0799, 0.0162], [0.0873, 0.0212, 0.04, 0.6625, 0.0713, 0.0731, 0.0445], [0.0706, 0.0639, 0.0728, 0.6394, 0.068, 0.039, 0.0463], [0.0144, 0.0482, 0.0312, 0.7544, 0.0128, 0.0661, 0.0728], [0.0204, 0.0838, 0.0681, 0.6445, 0.0548, 0.0766, 0.0519], [0.0906, 0.0739, 0.0218, 0.6493, 0.0668, 0.0826, 0.015], [0.0391, 0.0895, 0.0736, 0.6905, 0.0196, 0.0453, 0.0424], [0.0717, 0.0461, 0.0221, 0.7382, 0.0312, 0.0284, 0.0622], [0.0311, 0.0408, 0.0373, 0.8015, 0.0129, 0.0184, 0.058], [0.0973, 0.0304, 0.0436, 0.7428, 0.023, 0.0253, 0.0376], [0.0693, 0.0623, 0.0347, 0.6806, 0.027, 0.0342, 0.092], [0.046, 0.0462, 0.0588, 0.6816, 0.101, 0.0487, 0.0177], [0.0514, 0.0621, 0.0555, 0.667, 0.0307, 0.076, 0.0572], [0.0542, 0.0142, 0.0744, 0.7087, 0.0167, 0.0783, 0.0535], [0.0567, 0.0544, 0.0319, 0.7213, 0.0767, 0.0203, 0.0387], [0.041, 0.0967, 0.0679, 0.6326, 0.0331, 0.0786, 0.05], [0.0391, 0.0212, 0.0486, 0.6758, 0.064, 0.0822, 0.0691], [0.0364, 0.0885, 0.051, 0.6134, 0.0583, 0.073, 0.0794], [0.0214, 0.0404, 0.0369, 0.74, 0.0484, 0.0308, 0.0822], [0.0375, 0.072, 0.024, 0.7027, 0.0622, 0.0777, 0.024], [0.0577, 0.0661, 0.0635, 0.6704, 0.0147, 0.0569, 0.0706], [0.046, 0.0397, 0.0366, 0.6997, 0.0862, 0.0364, 0.0554], [0.0252, 0.0487, 0.0435, 0.717, 0.0753, 0.0353, 0.055], [0.0664, 0.0175, 0.0837, 0.6734, 0.0598, 0.0522, 0.0471], [0.0344, 0.0781, 0.068, 0.6687, 0.0368, 0.0575, 0.0564], [0.03, 0.0835, 0.0806, 0.6006, 0.0673, 0.0555, 0.0826], [0.0815, 0.068, 0.0151, 0.7353, 0.0217, 0.0625, 0.016], [0.0618, 0.0799, 0.0317, 0.6708, 0.026, 0.0798, 0.05], [0.023, 0.0679, 0.0539, 0.7062, 0.0511, 0.0233, 0.0746], [0.0549, 0.0182, 0.0688, 0.7318, 0.0657, 0.036, 0.0244], [0.0801, 0.0144, 0.0914, 0.6936, 0.0314, 0.0273, 0.0617], [0.0445, 0.0502, 0.0202, 0.807, 0.0162, 0.0122, 0.0498], [0.0686, 0.0313, 0.0599, 0.7307, 0.0345, 0.0465, 0.0285], [0.0178, 0.0797, 0.052, 0.778, 0.0238, 0.0225, 0.0263], [0.0204, 0.0848, 0.0763, 0.6569, 0.0649, 0.0677, 0.029], [0.0731, 0.0419, 0.0777, 0.648, 0.0342, 0.0581, 0.0669], [0.0573, 0.0716, 0.0431, 0.626, 0.0491, 0.0742, 0.0786], [0.0741, 0.0854, 0.0779, 0.6698, 0.0315, 0.0406, 0.0207], [0.0708, 0.0141, 0.0532, 0.6748, 0.0529, 0.0734, 0.0607], [0.0464, 0.0717, 0.0625, 0.7184, 0.0575, 0.0203, 0.0232], [0.0636, 0.0282, 0.0538, 0.6898, 0.0156, 0.062, 0.087], [0.0541, 0.0725, 0.0328, 0.7177, 0.0493, 0.0227, 0.0509], [0.0663, 0.0668, 0.0171, 0.7479, 0.0309, 0.0324, 0.0385], [0.0737, 0.0152, 0.0286, 0.7265, 0.0361, 0.0661, 0.0537], [0.0327, 0.0344, 0.0775, 0.7693, 0.0458, 0.0199, 0.0204], [0.0643, 0.0626, 0.0672, 0.6923, 0.0343, 0.0499, 0.0294], [0.0233, 0.0727, 0.0456, 0.7456, 0.0381, 0.0516, 0.0231], [0.0227, 0.0234, 0.0371, 0.7409, 0.0596, 0.0557, 0.0607], [0.0849, 0.0634, 0.0558, 0.6617, 0.0207, 0.0526, 0.0609], [0.0438, 0.0505, 0.0534, 0.661, 0.0391, 0.0636, 0.0886], [0.0366, 0.0765, 0.0425, 0.7159, 0.0589, 0.039, 0.0306], [0.0648, 0.0379, 0.0731, 0.6661, 0.065, 0.031, 0.0621], [0.0767, 0.0436, 0.0523, 0.7247, 0.0718, 0.0145, 0.0163], [0.0631, 0.0713, 0.0505, 0.7426, 0.0225, 0.0349, 0.0152], [0.0589, 0.0328, 0.019, 0.7221, 0.074, 0.0568, 0.0363], [0.0711, 0.0382, 0.1008, 0.6616, 0.0468, 0.0154, 0.0661], [0.073, 0.0734, 0.0125, 0.7062, 0.0236, 0.0445, 0.0669], [0.0479, 0.0653, 0.059, 0.6886, 0.0527, 0.0328, 0.0537], [0.0757, 0.0709, 0.0696, 0.6615, 0.0665, 0.021, 0.0349], [0.0645, 0.0143, 0.0547, 0.6709, 0.0873, 0.0281, 0.0803]], "emotions": ["green", "green", "green", "green", "green", "green", "green", "green", "green", "green", "green", "green", "green", "green", "green", "green", "green", "green", "green", "green", "green", "green", "green", "green", "green", "green", "green", "green", "green", "green", "green", "green", "green", "green", "green", "green", "green", "green", "green", "green", "green", "green", "green", "green", "green", "green", "green", "green", "green", "green", "green", "green", "green", "green", "green", "green", "green", "green", "green", "green", "green", "green", "green", "green", "green", "green", "green", "green", "green", "green", "green", "green", "green", "green", "green", "green", "green", "green", "green", "green"], "timestamps": [0, 40, 80, 120, 160, 200, 240, 280, 320, 360, 400, 440, 480, 520, 560, 600, 640, 680, 720, 760, 800, 840, 880, 920, 960, 1000, 1040, 1080, 1120, 1160, 1200, 1240, 1280, 1320, 1360, 1400, 1440, 1480, 1520, 1560, 1600, 1640, 1680, 1720, 1760, 1800, 1840, 1880, 1920, 1960, 2000, 2040, 2080, 2120, 2160, 2200, 2240, 2280, 2320, 2360, 2400, 2440, 2480, 2520, 2560, 2600, 2640, 2680, 2720, 2760, 2800, 2840, 2880, 2920, 2960, 3000, 3040, 3080, 3120, 3160]}], "conversation": [], "conversation_timestamps": []}