{"agent_id": "agent-purple-109", "type": "purple", "trips": [{"trip_id": 0, "transport_method": "foot", "start_time": 0, "path": [[1.5374973, 42.5109308], [1.5364859, 42.5106201], [1.5354226, 42.5105539], [1.5345107, 42.5106104], [1.5335622, 42.5101258], [1.5325213, 42.5099515], [1.5315166, 42.5096478], [1.5305172, 42.5093602], [1.5295048, 42.5090295], [1.5286617, 42.508636], [1.5279239, 42.5079619], [1.5271863, 42.5072688], [1.5261253, 42.5071909], [1.525077, 42.5070215], [1.5240578, 42.5068522], [1.5230211, 42.5066098], [1.5219955, 42.5063264], [1.5209915, 42.5059708], [1.5215622, 42.5061812], [1.5209241, 42.5059756], [1.5198994, 42.5056878], [1.5188565, 42.5054759], [1.51827, 42.5054076], [1.5174806, 42.5053607], [1.5175034, 42.5054255], [1.5167409, 42.5052295], [1.5158102, 42.5047338], [1.515016, 42.5040238], [1.5142234, 42.5033118], [1.5134877, 42.5025475], [1.512878, 42.5016796], [1.5122395, 42.500827], [1.5115966, 42.4999775], [1.5109351, 42.4991423], [1.5102537, 42.4983253], [1.5093188, 42.4978176], [1.5083592, 42.4973546], [1.5073784, 42.4969408], [1.506375, 42.4965828], [1.5053645, 42.4962455], [1.5043989, 42.4958028], [1.5034148, 42.4954068], [1.5024379, 42.4949866], [1.5014743, 42.4945323], [1.5005897, 42.4940148], [1.4998516, 42.4932728], [1.4989653, 42.4926871], [1.4980213, 42.4921934], [1.4971134, 42.4916369], [1.4963239, 42.4909638], [1.4961682, 42.4899225], [1.4954826, 42.489108], [1.4948053, 42.4882864], [1.4947252, 42.4872593], [1.49444, 42.486262], [1.4936504, 42.4855511], [1.4927522, 42.4849928], [1.4917712, 42.4847281], [1.4909946, 42.4841205], [1.4905002, 42.4831859], [1.4899586, 42.4822697], [1.4895182, 42.4813074], [1.4893988, 42.4802492], [1.489523, 42.4792085], [1.4900607, 42.4782923], [1.490552, 42.4773482], [1.4907396, 42.4763885], [1.490834, 42.4753388], [1.4906427, 42.4743076], [1.4905579, 42.4732707], [1.4909925, 42.4723026], [1.4914952, 42.4713633], [1.491946, 42.4704006], [1.4920168, 42.46935], [1.4916828, 42.4683388], [1.491569, 42.4672878], [1.4918308, 42.4664295], [1.4916117, 42.4656146], [1.4910064, 42.4647731], [1.4908192, 42.4637419]], "mood_vectors": [[0.0263, 0.0562, 0.0891, 0.0895, 0.0655, 0.6481, 0.0252], [0.079, 0.0393, 0.0336, 0.0627, 0.0378, 0.6746, 0.073], [0.0673, 0.0638, 0.0215, 0.0526, 0.0416, 0.6814, 0.0718], [0.0149, 0.051, 0.0311, 0.0767, 0.0589, 0.7527, 0.0148], [0.0816, 0.0271, 0.0356, 0.049, 0.0295, 0.7245, 0.0527], [0.0756, 0.0289, 0.0455, 0.0379, 0.0276, 0.7228, 0.0617], [0.0548, 0.0826, 0.0358, 0.0805, 0.0797, 0.5865, 0.0801], [0.0295, 0.038, 0.0697, 0.0364, 0.1016, 0.6815, 0.0434], [0.0638, 0.0595, 0.0393, 0.0405, 0.0331, 0.7478, 0.016], [0.0332, 0.0702, 0.0638, 0.0263, 0.0877, 0.6458, 0.0731], [0.0615, 0.048, 0.0773, 0.0759, 0.0653, 0.6147, 0.0572], [0.066, 0.0488, 0.0961, 0.0452, 0.0417, 0.6217, 0.0806], [0.0174, 0.046, 0.0245, 0.0148, 0.0765, 0.7569, 0.064], [0.0705, 0.0141, 0.0685, 0.0865, 0.0386, 0.6762, 0.0456], [0.0324, 0.0512, 0.0649, 0.0222, 0.025, 0.7665, 0.0378], [0.0378, 0.0608, 0.0229, 0.0632, 0.0567, 0.7175, 0.041], [0.0308, 0.0142, 0.0569, 0.0809, 0.0594, 0.7216, 0.0362], [0.0579, 0.0583, 0.0541, 0.0174, 0.0305, 0.7265, 0.0553], [0.0576, 0.0491, 0.0142, 0.0636, 0.0612, 0.7173, 0.037], [0.0789, 0.047, 0.0381, 0.0365, 0.0403, 0.6995, 0.0597], [0.0515, 0.0267, 0.078, 0.0425, 0.0618, 0.673, 0.0666], [0.0172, 0.0168, 0.0684, 0.0441, 0.0151, 0.7836, 0.0549], [0.046, 0.0477, 0.0504, 0.0692, 0.0572, 0.6727, 0.0569], [0.0348, 0.0515, 0.0432, 0.0444, 0.0794, 0.7078, 0.039], [0.0555, 0.05, 0.0668, 0.0752, 0.0401, 0.6752, 0.0372], [0.024, 0.0224, 0.0746, 0.0641, 0.0739, 0.7192, 0.0217], [0.061, 0.0525, 0.06, 0.0274, 0.0616, 0.6636, 0.0738], [0.0655, 0.0805, 0.0433, 0.0208, 0.0364, 0.7364, 0.0171], [0.0361, 0.0664, 0.0226, 0.0139, 0.0175, 0.7929, 0.0505], [0.0433, 0.0426, 0.0563, 0.0339, 0.0541, 0.7191, 0.0507], [0.032, 0.0294, 0.0195, 0.0272, 0.0298, 0.7853, 0.0767], [0.0637, 0.0556, 0.0169, 0.0579, 0.0488, 0.6765, 0.0807], [0.0858, 0.0401, 0.0439, 0.0814, 0.0498, 0.6395, 0.0595], [0.0714, 0.0606, 0.0112, 0.0356, 0.0612, 0.7165, 0.0434], [0.0616, 0.0799, 0.0221, 0.0477, 0.0673, 0.6568, 0.0646], [0.0405, 0.0739, 0.0374, 0.03, 0.0564, 0.696, 0.0659], [0.0493, 0.05, 0.0519, 0.0298, 0.0164, 0.7386, 0.0639], [0.0178, 0.0469, 0.0443, 0.0579, 0.0469, 0.7669, 0.0193], [0.0412, 0.0221, 0.0672, 0.0148, 0.0592, 0.7043, 0.0913], [0.058, 0.085, 0.0732, 0.0766, 0.0139, 0.6101, 0.0831], [0.0856, 0.0481, 0.0469, 0.0324, 0.0694, 0.6296, 0.0879], [0.0157, 0.0774, 0.0496, 0.0282, 0.0202, 0.7738, 0.0351], [0.0585, 0.0746, 0.0454, 0.0266, 0.0725, 0.6925, 0.0298], [0.0573, 0.0237, 0.0592, 0.0183, 0.095, 0.7034, 0.0429], [0.0797, 0.0191, 0.0796, 0.0624, 0.0129, 0.6667, 0.0795], [0.0704, 0.041, 0.0345, 0.0622, 0.0374, 0.7046, 0.0499], [0.0281, 0.061, 0.0363, 0.0681, 0.0305, 0.7317, 0.0442], [0.0684, 0.0629, 0.0574, 0.0194, 0.0714, 0.6832, 0.0373], [0.0232, 0.0138, 0.0261, 0.0517, 0.0743, 0.7979, 0.0128], [0.0204, 0.0481, 0.0214, 0.0756, 0.0726, 0.6948, 0.067], [0.0269, 0.0647, 0.0785, 0.0887, 0.0952, 0.6008, 0.0452], [0.0179, 0.0696, 0.0283, 0.0861, 0.076, 0.7045, 0.0176], [0.0348, 0.0769, 0.0374, 0.0464, 0.0464, 0.7106, 0.0476], [0.0685, 0.061, 0.0582, 0.0375, 0.011, 0.6993, 0.0646], [0.0856, 0.0745, 0.0822, 0.0867, 0.0298, 0.5747, 0.0666], [0.0513, 0.0375, 0.0193, 0.0667, 0.0247, 0.7689, 0.0316], [0.0506, 0.0756, 0.0275, 0.0413, 0.0359, 0.6841, 0.085], [0.0261, 0.0312, 0.0674, 0.1039, 0.0697, 0.677, 0.0247], [0.0312, 0.0853, 0.0641, 0.0136, 0.0825, 0.6665, 0.0567], [0.0292, 0.0817, 0.0532, 0.0529, 0.0345, 0.6922, 0.0562], [0.0106, 0.0519, 0.0632, 0.064, 0.0676, 0.7032, 0.0396], [0.0587, 0.0165, 0.0329, 0.0171, 0.0416, 0.7615, 0.0718], [0.0232, 0.0145, 0.0287, 0.0739, 0.0576, 0.7473, 0.0547], [0.0537, 0.0638, 0.0638, 0.0315, 0.0217, 0.7132, 0.0523], [0.0332, 0.0407, 0.0693, 0.0232, 0.0417, 0.6982, 0.0937], [0.0227, 0.0259, 0.0712, 0.0159, 0.0515, 0.7753, 0.0373], [0.0478, 0.0231, 0.0396, 0.0795, 0.029, 0.7648, 0.0162], [0.0323, 0.0239, 0.0592, 0.0445, 0.0274, 0.7487, 0.0639], [0.035, 0.0786, 0.0781, 0.0756, 0.0762, 0.6012, 0.0554], [0.0393, 0.0792, 0.0635, 0.0386, 0.0573, 0.6919, 0.0303], [0.0229, 0.0943, 0.0622, 0.06, 0.0236, 0.683, 0.054], [0.0659, 0.0554, 0.0704, 0.0494, 0.0191, 0.722, 0.0179], [0.036, 0.0598, 0.0636, 0.0312, 0.0134, 0.7284, 0.0676], [0.0213, 0.0995, 0.0416, 0.0354, 0.0782, 0.6932, 0.0308], [0.0343, 0.0366, 0.0923, 0.0648, 0.0562, 0.6888, 0.027], [0.0198, 0.0653, 0.0526, 0.0154, 0.0452, 0.7238, 0.0779], [0.0655, 0.0341, 0.0673, 0.0552, 0.0175, 0.7131, 0.0473], [0.0188, 0.0565, 0.0375, 0.0694, 0.0695, 0.6907, 0.0575], [0.0309, 0.0547, 0.0316, 0.0516, 0.0783, 0.7077, 0.0452], [0.0226, 0.0507, 0.0449, 0.0734, 0.021, 0.7419, 0.0454]], "emotions": ["purple", "purple", "purple", "purple", "purple", "purple", "purple", "purple", "purple", "purple", "purple", "purple", "purple", "purple", "purple", "purple", "purple", "purple", "purple", "purple", "purple", "purple", "purple", "purple", "purple", "purple", "purple", "purple", "purple", "purple", "purple", "purple", "purple", "purple", "purple", "purple", "purple", "purple", "purple", "purple", "purple", "purple", "purple", "purple", "purple", "purple", "purple", "purple", "purple", "purple", "purple", "purple", "purple", "purple", "purple", "purple", "purple", "purple", "purple", "purple", "purple", "purple", "purple", "purple", "purple", "purple", "purple", "purple", "purple", "purple", "purple", "purple", "purple", "purple", "purple", "purple", "purple", "purple", "purple", "purple"], "timestamps": [0, 40, 80, 120, 160, 200, 240, 280, 320, 360, 400, 440, 480, 520, 560, 600, 640, 680, 720, 760, 800, 840, 880, 920, 960, 1000, 1040, 1080, 1120, 1160, 1200, 1240, 1280, 1320, 1360, 1400, 1440, 1480, 1520, 1560, 1600, 1640, 1680, 1720, 1760, 1800, 1840, 1880, 1920, 1960, 2000, 2040, 2080, 2120, 2160, 2200, 2240, 2280, 2320, 2360, 2400, 2440, 2480, 2520, 2560, 2600, 2640, 2680, 2720, 2760, 2800, 2840, 2880, 2920, 2960, 3000, 3040, 3080, 3120, 3160]}], "conversation": [], "conversation_timestamps": []}