{"agent_id": "agent-purple-374", "type": "purple", "trips": [{"trip_id": 0, "transport_method": "bicycle", "start_time": 0, "path": [[1.5316848, 42.5995874], [1.5335922, 42.6006352], [1.5351342, 42.6021689], [1.534095, 42.6009502], [1.5322504, 42.5998224], [1.5303791, 42.5987322], [1.5291647, 42.5981909], [1.5275354, 42.5967524], [1.5265941, 42.5951406], [1.5259015, 42.5936084], [1.5251066, 42.591697], [1.5241307, 42.5897597], [1.5226145, 42.5882023], [1.5211531, 42.5867309], [1.5205143, 42.5847405], [1.5193151, 42.5830142], [1.5188888, 42.5808806], [1.5185279, 42.5787314], [1.5190592, 42.5800751], [1.519109, 42.5821465], [1.5184298, 42.5802357], [1.5177202, 42.5781752], [1.5183569, 42.5770976], [1.5177969, 42.576788], [1.5183015, 42.5763934], [1.5182409, 42.5746319], [1.5188471, 42.5728368], [1.5197687, 42.5719722], [1.5210045, 42.5702741], [1.5218007, 42.5683498], [1.5233861, 42.5669554], [1.5244977, 42.565098], [1.5261621, 42.5636982], [1.5277756, 42.5627026], [1.5291093, 42.5611415], [1.5307103, 42.5596664], [1.5311984, 42.559241], [1.529833, 42.5607948], [1.5303199, 42.5600412], [1.5318921, 42.5585382], [1.5308787, 42.5570993], [1.5293151, 42.5557996], [1.5279492, 42.5542613], [1.5266699, 42.5525639], [1.5265471, 42.5512133], [1.5256358, 42.5494095], [1.5246762, 42.5475059], [1.5244407, 42.5458142], [1.5234502, 42.5438955], [1.5229215, 42.542534], [1.5234927, 42.5406261], [1.5231542, 42.539168], [1.5242275, 42.537628], [1.5248523, 42.5367956], [1.5229686, 42.5360301], [1.5214129, 42.5345846], [1.5212379, 42.5329249], [1.5211784, 42.5309767], [1.5219913, 42.5292817], [1.5208026, 42.5276315], [1.5207826, 42.5255912], [1.5206383, 42.5272065], [1.5206912, 42.5250382], [1.5216599, 42.523193], [1.5229579, 42.5215441], [1.5238621, 42.5196347], [1.5235766, 42.5205289], [1.5244966, 42.5185872], [1.5262116, 42.5173356], [1.5280973, 42.5163789], [1.5296198, 42.5148802], [1.5304035, 42.5131215], [1.5302027, 42.5115947], [1.5292221, 42.5100419], [1.5292715, 42.5101249], [1.5279047, 42.5088229], [1.5258214, 42.5083156], [1.5237877, 42.5077831], [1.5222342, 42.506777], [1.5217472, 42.5062507]], "mood_vectors": [[0.0523, 0.066, 0.0699, 0.0249, 0.0184, 0.7449, 0.0237], [0.0368, 0.0138, 0.0589, 0.0196, 0.0493, 0.7618, 0.0597], [0.0448, 0.0622, 0.0315, 0.0399, 0.021, 0.781, 0.0195], [0.0746, 0.0855, 0.0261, 0.0216, 0.0244, 0.6717, 0.0962], [0.0815, 0.0381, 0.0452, 0.017, 0.0425, 0.7099, 0.0657], [0.0787, 0.0821, 0.0624, 0.0219, 0.0569, 0.6032, 0.0948], [0.0127, 0.0629, 0.0551, 0.0632, 0.0283, 0.7639, 0.0139], [0.0598, 0.083, 0.0374, 0.0309, 0.0315, 0.7261, 0.0314], [0.0552, 0.0126, 0.0621, 0.0603, 0.0812, 0.6737, 0.0549], [0.0302, 0.0381, 0.0535, 0.0747, 0.0538, 0.719, 0.0308], [0.0481, 0.0463, 0.0534, 0.0744, 0.0562, 0.6621, 0.0595], [0.0664, 0.0596, 0.0295, 0.0381, 0.0374, 0.7073, 0.0617], [0.0375, 0.0488, 0.0256, 0.0254, 0.0343, 0.7447, 0.0838], [0.0698, 0.0612, 0.0197, 0.0822, 0.0162, 0.6926, 0.0584], [0.0813, 0.0435, 0.0591, 0.0315, 0.0638, 0.6638, 0.0569], [0.058, 0.078, 0.0209, 0.0199, 0.0573, 0.6922, 0.0738], [0.0136, 0.0506, 0.0626, 0.0297, 0.0351, 0.7812, 0.0273], [0.0292, 0.0286, 0.0576, 0.0722, 0.0373, 0.7203, 0.0549], [0.0656, 0.0395, 0.0658, 0.0601, 0.0514, 0.7054, 0.0122], [0.0629, 0.0508, 0.0494, 0.0421, 0.03, 0.688, 0.0769], [0.0533, 0.0289, 0.0651, 0.0258, 0.0544, 0.7065, 0.066], [0.0298, 0.0419, 0.0367, 0.0388, 0.0725, 0.6897, 0.0906], [0.0715, 0.0754, 0.0352, 0.0676, 0.0265, 0.688, 0.0358], [0.0439, 0.0147, 0.0438, 0.0617, 0.0513, 0.7152, 0.0693], [0.0312, 0.0165, 0.0415, 0.0735, 0.0563, 0.7214, 0.0596], [0.016, 0.0707, 0.0241, 0.0713, 0.0614, 0.7197, 0.0368], [0.0606, 0.0494, 0.0602, 0.0385, 0.0604, 0.6892, 0.0417], [0.0284, 0.0143, 0.0555, 0.0557, 0.0578, 0.7167, 0.0717], [0.0127, 0.0572, 0.0738, 0.0167, 0.0387, 0.7279, 0.0729], [0.0222, 0.0333, 0.0598, 0.0604, 0.0168, 0.7301, 0.0774], [0.0807, 0.0311, 0.025, 0.1004, 0.0294, 0.7054, 0.028], [0.0437, 0.0575, 0.0168, 0.0465, 0.0756, 0.7135, 0.0464], [0.0637, 0.0194, 0.0307, 0.0696, 0.0223, 0.7309, 0.0633], [0.0452, 0.0262, 0.0417, 0.0496, 0.0646, 0.7246, 0.048], [0.075, 0.0272, 0.041, 0.0764, 0.0531, 0.6825, 0.0447], [0.0653, 0.0733, 0.0221, 0.0545, 0.0159, 0.7028, 0.0661], [0.0172, 0.0343, 0.0782, 0.0536, 0.0434, 0.7048, 0.0686], [0.0409, 0.031, 0.06, 0.0586, 0.0403, 0.7527, 0.0164], [0.0287, 0.0801, 0.0227, 0.0386, 0.0141, 0.7999, 0.016], [0.0675, 0.054, 0.0242, 0.0234, 0.0941, 0.6794, 0.0575], [0.0704, 0.0615, 0.017, 0.0658, 0.0165, 0.7347, 0.0341], [0.0382, 0.084, 0.0867, 0.0843, 0.0388, 0.6125, 0.0554], [0.0663, 0.0637, 0.0761, 0.0532, 0.0295, 0.6725, 0.0388], [0.0755, 0.0321, 0.0596, 0.0157, 0.066, 0.7055, 0.0456], [0.0398, 0.0254, 0.0638, 0.0407, 0.0257, 0.742, 0.0627], [0.0409, 0.0338, 0.057, 0.0195, 0.0716, 0.7357, 0.0416], [0.0448, 0.0558, 0.0592, 0.0259, 0.0185, 0.7769, 0.0189], [0.0177, 0.0171, 0.031, 0.0624, 0.0493, 0.8022, 0.0203], [0.0263, 0.0262, 0.067, 0.0807, 0.0812, 0.7067, 0.0119], [0.0708, 0.0645, 0.0324, 0.0821, 0.0625, 0.6269, 0.0608], [0.0303, 0.0347, 0.0305, 0.0572, 0.0811, 0.6859, 0.0803], [0.0299, 0.0484, 0.0844, 0.0757, 0.0336, 0.7048, 0.0233], [0.0629, 0.0377, 0.0384, 0.0887, 0.0243, 0.7172, 0.0308], [0.0436, 0.0523, 0.0733, 0.0827, 0.0468, 0.6376, 0.0638], [0.0454, 0.055, 0.0657, 0.0124, 0.0557, 0.7486, 0.0173], [0.0444, 0.0562, 0.0405, 0.0173, 0.0367, 0.7282, 0.0767], [0.0626, 0.0401, 0.03, 0.0693, 0.0351, 0.7181, 0.0447], [0.0182, 0.0157, 0.073, 0.0551, 0.069, 0.7463, 0.0227], [0.0626, 0.0245, 0.0877, 0.0435, 0.0176, 0.7302, 0.0339], [0.0187, 0.0586, 0.0743, 0.0201, 0.0433, 0.732, 0.0529], [0.0174, 0.0189, 0.0773, 0.045, 0.0595, 0.7226, 0.0593], [0.0619, 0.0512, 0.0621, 0.0391, 0.0209, 0.726, 0.039], [0.0339, 0.0754, 0.0688, 0.0712, 0.0384, 0.6727, 0.0396], [0.0774, 0.0674, 0.0578, 0.0489, 0.0331, 0.6549, 0.0603], [0.0521, 0.0835, 0.0232, 0.0417, 0.0611, 0.6793, 0.0592], [0.0233, 0.081, 0.0384, 0.0936, 0.0202, 0.6772, 0.0663], [0.0559, 0.0413, 0.068, 0.0215, 0.0686, 0.6912, 0.0535], [0.0539, 0.016, 0.067, 0.0257, 0.0603, 0.7517, 0.0254], [0.0194, 0.0337, 0.0534, 0.0423, 0.0206, 0.7771, 0.0535], [0.0866, 0.0133, 0.0888, 0.0658, 0.0645, 0.6215, 0.0595], [0.0281, 0.0413, 0.077, 0.0208, 0.0627, 0.7024, 0.0677], [0.0855, 0.0546, 0.0241, 0.0841, 0.0591, 0.6246, 0.068], [0.0637, 0.0188, 0.0548, 0.0676, 0.0783, 0.6805, 0.0363], [0.0399, 0.0157, 0.0676, 0.0813, 0.0195, 0.6977, 0.0783], [0.0505, 0.0319, 0.047, 0.0677, 0.0818, 0.6405, 0.0807], [0.039, 0.0751, 0.0795, 0.0802, 0.0767, 0.6201, 0.0294], [0.0565, 0.0572, 0.0355, 0.0158, 0.023, 0.7712, 0.0409], [0.0873, 0.0299, 0.0812, 0.0295, 0.0449, 0.6414, 0.0857], [0.0425, 0.0452, 0.0659, 0.0591, 0.0513, 0.654, 0.082], [0.0455, 0.0824, 0.0254, 0.0522, 0.0539, 0.6782, 0.0624]], "emotions": ["purple", "purple", "purple", "purple", "purple", "purple", "purple", "purple", "purple", "purple", "purple", "purple", "purple", "purple", "purple", "purple", "purple", "purple", "purple", "purple", "purple", "purple", "purple", "purple", "purple", "purple", "purple", "purple", "purple", "purple", "purple", "purple", "purple", "purple", "purple", "purple", "purple", "purple", "purple", "purple", "purple", "purple", "purple", "purple", "purple", "purple", "purple", "purple", "purple", "purple", "purple", "purple", "purple", "purple", "purple", "purple", "purple", "purple", "purple", "purple", "purple", "purple", "purple", "purple", "purple", "purple", "purple", "purple", "purple", "purple", "purple", "purple", "purple", "purple", "purple", "purple", "purple", "purple", "purple", "purple"], "timestamps": [0, 40, 80, 120, 160, 200, 240, 280, 320, 360, 400, 440, 480, 520, 560, 600, 640, 680, 720, 760, 800, 840, 880, 920, 960, 1000, 1040, 1080, 1120, 1160, 1200, 1240, 1280, 1320, 1360, 1400, 1440, 1480, 1520, 1560, 1600, 1640, 1680, 1720, 1760, 1800, 1840, 1880, 1920, 1960, 2000, 2040, 2080, 2120, 2160, 2200, 2240, 2280, 2320, 2360, 2400, 2440, 2480, 2520, 2560, 2600, 2640, 2680, 2720, 2760, 2800, 2840, 2880, 2920, 2960, 3000, 3040, 3080, 3120, 3160]}], "conversation": [], "conversation_timestamps": []}