{"agent_id": "agent-purple-1474", "type": "purple", "trips": [{"trip_id": 0, "transport_method": "car", "start_time": 0, "path": [[1.636644, 42.5815809], [1.6358228, 42.581323], [1.6342317, 42.5807989], [1.6324279, 42.5813442], [1.6305015, 42.5813071], [1.628547, 42.5808809], [1.6266625, 42.5803352], [1.6248147, 42.5796185], [1.6229697, 42.5788864], [1.620982, 42.5789425], [1.6191846, 42.5783319], [1.617422, 42.5777121], [1.6158069, 42.578321], [1.6138684, 42.5777593], [1.6119299, 42.5771976], [1.6100525, 42.5766059], [1.6097178, 42.5759347], [1.6077867, 42.5753506], [1.6058413, 42.5748133], [1.6074275, 42.5753416], [1.6084659, 42.57555], [1.6065082, 42.5750594], [1.6045719, 42.5745251], [1.6029458, 42.5733568], [1.6010666, 42.5727087], [1.5990885, 42.5724634], [1.5970723, 42.5724687], [1.5952574, 42.5722193], [1.5933396, 42.5722956], [1.5914241, 42.572829], [1.5902741, 42.5714054], [1.5900221, 42.569837], [1.5913277, 42.5687523], [1.5901982, 42.568047], [1.5883376, 42.5687765], [1.5864259, 42.5687353], [1.5849652, 42.567388], [1.5830661, 42.5668143], [1.581071, 42.5665648], [1.5790536, 42.5665233], [1.5771327, 42.5660728], [1.5756263, 42.5647304], [1.575469, 42.564047], [1.5766125, 42.5655704], [1.5756144, 42.5647927], [1.574257, 42.5633964], [1.5749276, 42.5615219], [1.5752882, 42.5596749], [1.5757882, 42.557767], [1.5741646, 42.556683], [1.5723814, 42.5560667], [1.5704129, 42.5559243], [1.5684145, 42.555669], [1.5664726, 42.555131], [1.5645165, 42.5547714], [1.5626706, 42.5541511], [1.560763, 42.5535438], [1.5587871, 42.5537926], [1.5569514, 42.5532545], [1.5550893, 42.5526372], [1.5531461, 42.5522005], [1.5518479, 42.5508709], [1.5504374, 42.5494472], [1.5499122, 42.547621], [1.5491994, 42.5471873], [1.5473037, 42.5469626], [1.5453438, 42.5465995], [1.5435892, 42.5470246], [1.5418271, 42.5477443], [1.5400799, 42.5484952], [1.5382086, 42.5483802], [1.5368381, 42.5472897], [1.5348628, 42.5473836], [1.5328675, 42.5472278], [1.5308625, 42.5470476], [1.5289451, 42.5465587], [1.5270365, 42.5461036], [1.5260024, 42.5456909], [1.5242162, 42.5448766], [1.5227479, 42.5441221]], "mood_vectors": [[0.0668, 0.0226, 0.0679, 0.0466, 0.0403, 0.6765, 0.0793], [0.0328, 0.0549, 0.0318, 0.022, 0.0587, 0.7635, 0.0362], [0.0615, 0.0603, 0.0388, 0.0377, 0.06, 0.6687, 0.0729], [0.044, 0.0354, 0.0364, 0.0877, 0.0313, 0.6877, 0.0774], [0.0284, 0.0308, 0.0214, 0.0179, 0.0576, 0.7684, 0.0755], [0.09, 0.0402, 0.0879, 0.0447, 0.0584, 0.6193, 0.0596], [0.0536, 0.0181, 0.0769, 0.0556, 0.0276, 0.7223, 0.0459], [0.0284, 0.0613, 0.0784, 0.0347, 0.0429, 0.7222, 0.0322], [0.0837, 0.0758, 0.0357, 0.0603, 0.0351, 0.6479, 0.0615], [0.0452, 0.0652, 0.0562, 0.0616, 0.0159, 0.6616, 0.0943], [0.0809, 0.0773, 0.0531, 0.0623, 0.0289, 0.6803, 0.017], [0.0852, 0.0274, 0.0178, 0.0844, 0.0529, 0.7056, 0.0268], [0.084, 0.0678, 0.0569, 0.0765, 0.032, 0.6145, 0.0682], [0.0182, 0.0296, 0.0701, 0.0816, 0.0345, 0.7372, 0.0286], [0.0348, 0.0679, 0.0697, 0.0551, 0.0188, 0.686, 0.0676], [0.0767, 0.0129, 0.0309, 0.0221, 0.0402, 0.7764, 0.0408], [0.0532, 0.038, 0.0252, 0.0614, 0.0662, 0.6735, 0.0824], [0.0288, 0.0837, 0.024, 0.0365, 0.0228, 0.7849, 0.0192], [0.0191, 0.1071, 0.0346, 0.0598, 0.0837, 0.6519, 0.0438], [0.0412, 0.0986, 0.0382, 0.0269, 0.0378, 0.688, 0.0693], [0.0798, 0.0484, 0.0215, 0.0285, 0.0789, 0.6948, 0.0481], [0.0363, 0.028, 0.0264, 0.0802, 0.0713, 0.7002, 0.0575], [0.0367, 0.0667, 0.0226, 0.0356, 0.0709, 0.7029, 0.0647], [0.0386, 0.0779, 0.0148, 0.0553, 0.0412, 0.7212, 0.0512], [0.0412, 0.0775, 0.036, 0.0172, 0.0969, 0.6768, 0.0543], [0.0881, 0.1132, 0.0444, 0.0164, 0.0185, 0.6971, 0.0223], [0.0703, 0.0383, 0.0289, 0.0493, 0.0764, 0.707, 0.0299], [0.0685, 0.0321, 0.0239, 0.0466, 0.0665, 0.69, 0.0723], [0.0385, 0.0504, 0.0605, 0.0584, 0.0485, 0.7049, 0.0388], [0.0861, 0.0659, 0.0168, 0.0619, 0.0711, 0.6665, 0.0317], [0.0665, 0.0342, 0.0594, 0.0257, 0.0487, 0.742, 0.0234], [0.0612, 0.0585, 0.0727, 0.0317, 0.0553, 0.6839, 0.0367], [0.0619, 0.038, 0.0147, 0.0295, 0.0761, 0.7472, 0.0325], [0.0485, 0.0831, 0.0878, 0.052, 0.0333, 0.6643, 0.031], [0.0638, 0.0655, 0.0311, 0.028, 0.0645, 0.7036, 0.0435], [0.0483, 0.0458, 0.0166, 0.0437, 0.0827, 0.6828, 0.0801], [0.0513, 0.0734, 0.042, 0.0455, 0.0235, 0.7467, 0.0175], [0.0516, 0.0477, 0.0602, 0.0718, 0.0639, 0.6242, 0.0806], [0.0751, 0.0719, 0.0781, 0.0712, 0.0353, 0.6417, 0.0267], [0.0482, 0.0968, 0.0696, 0.0291, 0.054, 0.6678, 0.0344], [0.0155, 0.0643, 0.016, 0.0346, 0.0261, 0.7587, 0.0849], [0.0659, 0.0886, 0.0227, 0.0306, 0.0194, 0.7112, 0.0617], [0.0854, 0.0471, 0.0692, 0.0295, 0.0456, 0.6807, 0.0426], [0.0288, 0.05, 0.0412, 0.0354, 0.0587, 0.7691, 0.0167], [0.0532, 0.066, 0.051, 0.0632, 0.0313, 0.6805, 0.0548], [0.0239, 0.0775, 0.066, 0.045, 0.0558, 0.694, 0.0379], [0.0209, 0.0665, 0.0653, 0.0519, 0.018, 0.7411, 0.0363], [0.0705, 0.0528, 0.069, 0.0246, 0.0804, 0.6242, 0.0785], [0.0673, 0.0581, 0.0286, 0.0821, 0.0269, 0.7193, 0.0177], [0.065, 0.0665, 0.0266, 0.0202, 0.0314, 0.7347, 0.0555], [0.0709, 0.0569, 0.0247, 0.0715, 0.0222, 0.6803, 0.0735], [0.0124, 0.0561, 0.0331, 0.0451, 0.0788, 0.715, 0.0594], [0.0181, 0.0647, 0.0223, 0.0273, 0.0909, 0.7606, 0.0161], [0.0997, 0.0344, 0.0261, 0.0593, 0.0574, 0.695, 0.0281], [0.0342, 0.0709, 0.0663, 0.0488, 0.06, 0.6892, 0.0308], [0.0752, 0.0568, 0.055, 0.0318, 0.0265, 0.6878, 0.067], [0.0424, 0.0558, 0.09, 0.062, 0.0798, 0.6014, 0.0686], [0.0688, 0.0359, 0.0246, 0.0124, 0.0686, 0.7769, 0.0129], [0.0406, 0.086, 0.0346, 0.0534, 0.0265, 0.7424, 0.0165], [0.0163, 0.0212, 0.0774, 0.0171, 0.0803, 0.7247, 0.0631], [0.0477, 0.0261, 0.0172, 0.0337, 0.0879, 0.7605, 0.0268], [0.0259, 0.0273, 0.0281, 0.0162, 0.0501, 0.8335, 0.0188], [0.0633, 0.0183, 0.0516, 0.0326, 0.0554, 0.6982, 0.0805], [0.0187, 0.0829, 0.0699, 0.0216, 0.0403, 0.7516, 0.0149], [0.0375, 0.0228, 0.0429, 0.0386, 0.0667, 0.7372, 0.0543], [0.0167, 0.0232, 0.0953, 0.046, 0.07, 0.7081, 0.0408], [0.0569, 0.0479, 0.036, 0.0621, 0.074, 0.6743, 0.0488], [0.0564, 0.0725, 0.0181, 0.0716, 0.068, 0.6623, 0.051], [0.0583, 0.0718, 0.018, 0.0678, 0.0673, 0.6739, 0.0429], [0.0717, 0.0741, 0.0359, 0.0456, 0.0658, 0.6546, 0.0523], [0.0798, 0.0692, 0.082, 0.07, 0.0719, 0.598, 0.0291], [0.0649, 0.0631, 0.037, 0.0526, 0.0352, 0.6721, 0.0751], [0.0341, 0.0336, 0.0641, 0.077, 0.0348, 0.6836, 0.0727], [0.0638, 0.0544, 0.0652, 0.0213, 0.0417, 0.7364, 0.0173], [0.0125, 0.0734, 0.0434, 0.022, 0.0717, 0.7301, 0.047], [0.0121, 0.0712, 0.05, 0.0558, 0.0176, 0.7148, 0.0784], [0.0648, 0.0454, 0.0243, 0.0938, 0.0413, 0.6808, 0.0497], [0.0557, 0.0755, 0.0314, 0.0333, 0.0533, 0.7095, 0.0413], [0.0413, 0.0591, 0.051, 0.0512, 0.049, 0.6995, 0.049], [0.0511, 0.083, 0.067, 0.0734, 0.0708, 0.6198, 0.0349]], "emotions": ["purple", "purple", "purple", "purple", "purple", "purple", "purple", "purple", "purple", "purple", "purple", "purple", "purple", "purple", "purple", "purple", "purple", "purple", "purple", "purple", "purple", "purple", "purple", "purple", "purple", "purple", "purple", "purple", "purple", "purple", "purple", "purple", "purple", "purple", "purple", "purple", "purple", "purple", "purple", "purple", "purple", "purple", "purple", "purple", "purple", "purple", "purple", "purple", "purple", "purple", "purple", "purple", "purple", "purple", "purple", "purple", "purple", "purple", "purple", "purple", "purple", "purple", "purple", "purple", "purple", "purple", "purple", "purple", "purple", "purple", "purple", "purple", "purple", "purple", "purple", "purple", "purple", "purple", "purple", "purple"], "timestamps": [0, 40, 80, 120, 160, 200, 240, 280, 320, 360, 400, 440, 480, 520, 560, 600, 640, 680, 720, 760, 800, 840, 880, 920, 960, 1000, 1040, 1080, 1120, 1160, 1200, 1240, 1280, 1320, 1360, 1400, 1440, 1480, 1520, 1560, 1600, 1640, 1680, 1720, 1760, 1800, 1840, 1880, 1920, 1960, 2000, 2040, 2080, 2120, 2160, 2200, 2240, 2280, 2320, 2360, 2400, 2440, 2480, 2520, 2560, 2600, 2640, 2680, 2720, 2760, 2800, 2840, 2880, 2920, 2960, 3000, 3040, 3080, 3120, 3160]}], "conversation": [], "conversation_timestamps": []}