{"agent_id": "agent-green-1292", "type": "green", "trips": [{"trip_id": 0, "transport_method": "bus", "start_time": 0, "path": [[1.5862234, 42.5394069], [1.5865948, 42.5390134], [1.5870369, 42.539348], [1.5863787, 42.5402611], [1.5868679, 42.5417182], [1.5862217, 42.5423956], [1.585065, 42.5426484], [1.585826, 42.5438651], [1.5854009, 42.5449201], [1.5837679, 42.5444778], [1.5817748, 42.5439529], [1.5804315, 42.5442738], [1.5784697, 42.5441782], [1.5790198, 42.5453396], [1.579096, 42.5465731], [1.580022, 42.5482391], [1.5801352, 42.5502187], [1.5793443, 42.5521034], [1.5777078, 42.5533235], [1.5758224, 42.5541524], [1.5740524, 42.5549964], [1.5747699, 42.5549714], [1.5733946, 42.5551546], [1.571811, 42.5559803], [1.5729564, 42.5570951], [1.5730622, 42.558985], [1.5721363, 42.5608085], [1.5708727, 42.5623206], [1.5692123, 42.5635351], [1.5682647, 42.565164], [1.5677449, 42.5671084], [1.5669732, 42.5689806], [1.5659196, 42.5707414], [1.5656922, 42.5727863], [1.5662547, 42.5747022], [1.5647294, 42.5758725], [1.5629942, 42.5769826], [1.5612251, 42.5780294], [1.5595795, 42.5791693], [1.5584257, 42.5807718], [1.5567511, 42.5817758], [1.5548243, 42.5812587], [1.5530737, 42.5820714], [1.5510909, 42.5825625], [1.5492054, 42.5819003], [1.5473119, 42.5810998], [1.5454216, 42.5802989], [1.5434286, 42.58021], [1.5413954, 42.5800011], [1.539382, 42.5797137], [1.5374018, 42.5795105], [1.5353892, 42.5796493], [1.5334434, 42.5798584], [1.5318788, 42.5798183], [1.5334748, 42.5808865], [1.5354019, 42.5815858], [1.5371274, 42.5827174], [1.5375472, 42.5843733], [1.5375882, 42.5862242], [1.538688, 42.5874441], [1.5380923, 42.5890847], [1.5360246, 42.5890262], [1.5343742, 42.5896984], [1.53477, 42.5895953], [1.5346097, 42.5912949], [1.5333889, 42.5922646], [1.5314191, 42.5924659], [1.5309845, 42.5942124], [1.5301895, 42.5958447], [1.5306356, 42.59767], [1.5319006, 42.5992687], [1.5335106, 42.6004547], [1.5349668, 42.6019064], [1.5359279, 42.6037148], [1.5358879, 42.6053646], [1.5350696, 42.60597], [1.5354635, 42.6078209], [1.5357217, 42.6098184], [1.5357443, 42.6097455], [1.5358417, 42.6115852]], "mood_vectors": [[0.0799, 0.0588, 0.0343, 0.0311, 0.0435, 0.0389, 0.7134], [0.0784, 0.0363, 0.0161, 0.0812, 0.0517, 0.0746, 0.6619], [0.0568, 0.0485, 0.084, 0.0566, 0.0368, 0.0697, 0.6475], [0.0399, 0.0523, 0.0247, 0.0503, 0.0846, 0.0906, 0.6574], [0.073, 0.0499, 0.084, 0.034, 0.0365, 0.0238, 0.6988], [0.0713, 0.0554, 0.0454, 0.0208, 0.0117, 0.0677, 0.7277], [0.0284, 0.0977, 0.0352, 0.082, 0.0667, 0.0279, 0.662], [0.0563, 0.069, 0.0579, 0.0339, 0.0434, 0.0383, 0.7012], [0.0283, 0.0485, 0.0467, 0.0795, 0.0443, 0.0524, 0.7003], [0.0836, 0.0683, 0.0812, 0.0267, 0.0615, 0.0668, 0.612], [0.0658, 0.0562, 0.0318, 0.0417, 0.0697, 0.0273, 0.7075], [0.0237, 0.0494, 0.0689, 0.0318, 0.0408, 0.0276, 0.7578], [0.0611, 0.028, 0.0424, 0.0763, 0.0839, 0.0145, 0.6938], [0.0275, 0.0687, 0.0813, 0.0553, 0.0487, 0.0157, 0.7029], [0.0577, 0.0364, 0.0184, 0.068, 0.0709, 0.0284, 0.7203], [0.0427, 0.0874, 0.0676, 0.0689, 0.0235, 0.0702, 0.6397], [0.0838, 0.0436, 0.0426, 0.0591, 0.0754, 0.0614, 0.6341], [0.0276, 0.0694, 0.02, 0.0538, 0.0653, 0.0834, 0.6806], [0.0314, 0.0778, 0.0494, 0.0235, 0.0792, 0.0384, 0.7003], [0.0627, 0.0916, 0.0205, 0.0578, 0.0304, 0.0907, 0.6463], [0.0426, 0.0674, 0.0608, 0.0665, 0.033, 0.0427, 0.687], [0.0673, 0.0567, 0.0361, 0.0154, 0.0343, 0.0484, 0.7417], [0.0534, 0.0887, 0.0692, 0.038, 0.0759, 0.0692, 0.6056], [0.0646, 0.0619, 0.0612, 0.0638, 0.0472, 0.0608, 0.6406], [0.0702, 0.0857, 0.0793, 0.0169, 0.0302, 0.0676, 0.6501], [0.0476, 0.0614, 0.058, 0.048, 0.0844, 0.0464, 0.6542], [0.0808, 0.014, 0.0189, 0.0374, 0.067, 0.0807, 0.701], [0.0714, 0.0425, 0.0659, 0.0527, 0.0469, 0.0424, 0.6782], [0.0233, 0.0499, 0.0143, 0.0889, 0.0313, 0.0622, 0.73], [0.0431, 0.0638, 0.0627, 0.0244, 0.0645, 0.0454, 0.6961], [0.0302, 0.0398, 0.0268, 0.0266, 0.0592, 0.0714, 0.7461], [0.0369, 0.0587, 0.0404, 0.046, 0.0548, 0.0658, 0.6975], [0.0917, 0.0379, 0.0541, 0.0461, 0.0672, 0.0787, 0.6243], [0.0767, 0.0201, 0.0774, 0.0798, 0.0417, 0.0421, 0.6622], [0.0647, 0.0606, 0.1004, 0.0335, 0.0284, 0.0721, 0.6404], [0.0745, 0.0788, 0.0569, 0.0142, 0.0293, 0.0471, 0.6993], [0.0675, 0.0143, 0.0621, 0.065, 0.0387, 0.0323, 0.7201], [0.0311, 0.0549, 0.0593, 0.0496, 0.0192, 0.0654, 0.7205], [0.0258, 0.038, 0.066, 0.074, 0.0759, 0.0437, 0.6765], [0.0471, 0.0733, 0.0151, 0.0579, 0.0698, 0.0417, 0.6952], [0.0751, 0.0523, 0.0415, 0.0538, 0.0157, 0.0432, 0.7184], [0.0398, 0.0498, 0.0641, 0.0781, 0.0544, 0.0803, 0.6334], [0.0668, 0.0224, 0.0726, 0.0337, 0.0594, 0.0641, 0.6811], [0.049, 0.0331, 0.016, 0.0425, 0.0825, 0.0592, 0.7177], [0.0512, 0.0609, 0.0273, 0.034, 0.0852, 0.0664, 0.6749], [0.0187, 0.0365, 0.0303, 0.0852, 0.0221, 0.0343, 0.773], [0.0236, 0.0578, 0.0532, 0.028, 0.0488, 0.0325, 0.7561], [0.0772, 0.0376, 0.0718, 0.0759, 0.0339, 0.0751, 0.6285], [0.0394, 0.0447, 0.0682, 0.0587, 0.0719, 0.0602, 0.657], [0.0712, 0.0525, 0.0762, 0.0599, 0.0173, 0.0699, 0.6529], [0.0265, 0.1, 0.0761, 0.0339, 0.02, 0.0241, 0.7194], [0.0765, 0.0261, 0.0311, 0.0456, 0.0789, 0.0732, 0.6686], [0.0362, 0.0596, 0.0146, 0.0694, 0.0741, 0.0361, 0.7101], [0.0624, 0.069, 0.0345, 0.0604, 0.0669, 0.0663, 0.6404], [0.0904, 0.09, 0.0333, 0.053, 0.0514, 0.0875, 0.5944], [0.0167, 0.0594, 0.0361, 0.0898, 0.0954, 0.0797, 0.6229], [0.0422, 0.0397, 0.0344, 0.0739, 0.0534, 0.036, 0.7204], [0.0701, 0.0192, 0.0187, 0.0489, 0.0501, 0.0699, 0.723], [0.0634, 0.0534, 0.0132, 0.0206, 0.0388, 0.0229, 0.7877], [0.0255, 0.0737, 0.0615, 0.0661, 0.0725, 0.0606, 0.64], [0.0583, 0.0532, 0.0301, 0.0429, 0.0774, 0.0116, 0.7263], [0.0693, 0.0155, 0.0162, 0.0752, 0.0785, 0.0864, 0.6589], [0.0583, 0.0282, 0.0205, 0.0371, 0.0841, 0.0795, 0.6922], [0.0703, 0.0392, 0.059, 0.0196, 0.0749, 0.0222, 0.7148], [0.0847, 0.0376, 0.0328, 0.024, 0.0553, 0.0628, 0.7028], [0.0437, 0.0392, 0.0288, 0.0745, 0.0718, 0.0771, 0.6649], [0.0371, 0.0703, 0.0699, 0.0542, 0.0334, 0.0296, 0.7056], [0.0919, 0.0496, 0.0323, 0.0599, 0.0556, 0.0459, 0.6648], [0.0865, 0.0622, 0.0659, 0.0233, 0.0803, 0.017, 0.6648], [0.0508, 0.0407, 0.0512, 0.0342, 0.0675, 0.0446, 0.711], [0.0509, 0.0509, 0.0672, 0.0193, 0.0276, 0.0776, 0.7066], [0.082, 0.0242, 0.0475, 0.0239, 0.0247, 0.0663, 0.7314], [0.0501, 0.0276, 0.035, 0.0745, 0.0792, 0.03, 0.7036], [0.0383, 0.0674, 0.0553, 0.0373, 0.0485, 0.0187, 0.7345], [0.0949, 0.0215, 0.0458, 0.0366, 0.0805, 0.0474, 0.6733], [0.0277, 0.0758, 0.0239, 0.0736, 0.0383, 0.0292, 0.7315], [0.0749, 0.0445, 0.0326, 0.0558, 0.0289, 0.0542, 0.709], [0.0678, 0.0444, 0.0335, 0.0533, 0.0642, 0.0395, 0.6972], [0.0539, 0.0702, 0.0673, 0.0469, 0.0114, 0.0548, 0.6955], [0.0136, 0.0745, 0.0567, 0.0403, 0.0755, 0.0349, 0.7045]], "emotions": ["purple", "purple", "purple", "purple", "purple", "purple", "purple", "purple", "purple", "purple", "purple", "purple", "purple", "purple", "purple", "purple", "purple", "purple", "purple", "purple", "purple", "purple", "purple", "purple", "purple", "purple", "purple", "purple", "purple", "purple", "purple", "purple", "purple", "purple", "purple", "purple", "purple", "purple", "purple", "purple", "purple", "purple", "purple", "purple", "purple", "purple", "purple", "purple", "purple", "purple", "purple", "purple", "purple", "purple", "purple", "purple", "purple", "purple", "purple", "purple", "purple", "purple", "purple", "purple", "purple", "purple", "purple", "purple", "purple", "purple", "purple", "purple", "purple", "purple", "purple", "purple", "purple", "purple", "purple", "purple"], "timestamps": [0, 40, 80, 120, 160, 200, 240, 280, 320, 360, 400, 440, 480, 520, 560, 600, 640, 680, 720, 760, 800, 840, 880, 920, 960, 1000, 1040, 1080, 1120, 1160, 1200, 1240, 1280, 1320, 1360, 1400, 1440, 1480, 1520, 1560, 1600, 1640, 1680, 1720, 1760, 1800, 1840, 1880, 1920, 1960, 2000, 2040, 2080, 2120, 2160, 2200, 2240, 2280, 2320, 2360, 2400, 2440, 2480, 2520, 2560, 2600, 2640, 2680, 2720, 2760, 2800, 2840, 2880, 2920, 2960, 3000, 3040, 3080, 3120, 3160]}], "conversation": [], "conversation_timestamps": []}