{"agent_id": "agent-green-1107", "type": "green", "trips": [{"trip_id": 0, "transport_method": "car", "start_time": 0, "path": [[1.5904747, 42.5541208], [1.5910501, 42.5527981], [1.5917363, 42.5514844], [1.5920277, 42.5499844], [1.5923152, 42.5485222], [1.5918796, 42.5471908], [1.5914127, 42.545742], [1.5918996, 42.5442844], [1.5915812, 42.5427887], [1.5921349, 42.5414117], [1.5919271, 42.5400955], [1.5917835, 42.538555], [1.5906856, 42.5375549], [1.5892693, 42.5369263], [1.588466, 42.53564], [1.5872929, 42.534693], [1.5877093, 42.5350582], [1.5863984, 42.5342333], [1.5854092, 42.5335228], [1.5847984, 42.533097], [1.5836029, 42.5321188], [1.5821409, 42.5316877], [1.5805913, 42.531739], [1.579042, 42.5317964], [1.577493, 42.5317517], [1.5759574, 42.5315437], [1.5745462, 42.5310039], [1.5734093, 42.5299495], [1.5737382, 42.5306039], [1.5746464, 42.5310981], [1.5735057, 42.5300478], [1.5721877, 42.5293513], [1.5708301, 42.5290019], [1.5695899, 42.5280711], [1.5706282, 42.5287421], [1.570862, 42.5290666], [1.5695714, 42.528207], [1.5682809, 42.5273474], [1.5680021, 42.5271532], [1.5688994, 42.5276749], [1.5676119, 42.5268109], [1.5663382, 42.5259274], [1.5649282, 42.5252936], [1.5634949, 42.5247968], [1.5622093, 42.5240014], [1.5610768, 42.5229572], [1.5598402, 42.522079], [1.5585818, 42.5211975], [1.5574635, 42.5201242], [1.5569199, 42.5194695], [1.5562385, 42.5186922], [1.5561138, 42.5188208], [1.5554355, 42.5180834], [1.5547338, 42.5177001], [1.5537818, 42.5169139], [1.5543026, 42.5174056], [1.553447, 42.5161404], [1.5527331, 42.5147853], [1.5522968, 42.5134171], [1.5510117, 42.5125772], [1.5496836, 42.511835], [1.5481839, 42.5114454], [1.5466975, 42.5110163], [1.5463466, 42.5098283], [1.5456112, 42.5094619], [1.5440896, 42.5092579], [1.5425992, 42.5088764], [1.541142, 42.5091963], [1.5398254, 42.5099352], [1.5387862, 42.5108235], [1.5376434, 42.5117402], [1.5362968, 42.5124592], [1.5349312, 42.5127118], [1.5349983, 42.5128578], [1.5338814, 42.5118362], [1.5328087, 42.5108752], [1.5313395, 42.5103812], [1.5298359, 42.5101705], [1.5288893, 42.5102657], [1.5274622, 42.5096724]], "mood_vectors": [[0.0673, 0.0417, 0.0848, 0.0585, 0.0163, 0.0249, 0.7066], [0.0164, 0.0488, 0.0184, 0.0716, 0.0645, 0.0506, 0.7296], [0.0871, 0.0607, 0.0236, 0.0434, 0.0568, 0.031, 0.6974], [0.0703, 0.0473, 0.035, 0.0562, 0.0675, 0.0453, 0.6784], [0.0319, 0.0726, 0.0508, 0.0134, 0.0709, 0.0126, 0.7478], [0.0368, 0.0741, 0.0794, 0.069, 0.0712, 0.0741, 0.5954], [0.0803, 0.0308, 0.0486, 0.0485, 0.0215, 0.048, 0.7223], [0.0423, 0.0327, 0.0236, 0.0415, 0.0181, 0.0547, 0.787], [0.0679, 0.0747, 0.0602, 0.0521, 0.0454, 0.0217, 0.6781], [0.0737, 0.0269, 0.0309, 0.0673, 0.0321, 0.0791, 0.69], [0.0694, 0.0767, 0.0486, 0.0533, 0.0401, 0.0784, 0.6335], [0.0243, 0.0374, 0.0978, 0.0166, 0.0919, 0.0381, 0.6939], [0.0173, 0.0349, 0.0335, 0.0709, 0.0536, 0.0628, 0.7271], [0.0257, 0.0497, 0.0411, 0.0412, 0.0396, 0.0801, 0.7226], [0.0713, 0.0533, 0.056, 0.0566, 0.0705, 0.0561, 0.6362], [0.0259, 0.0724, 0.0304, 0.0219, 0.0774, 0.0325, 0.7394], [0.0366, 0.0691, 0.0692, 0.0712, 0.0762, 0.013, 0.6648], [0.0234, 0.029, 0.0149, 0.0796, 0.0171, 0.0601, 0.7758], [0.0665, 0.0548, 0.095, 0.019, 0.054, 0.0929, 0.6177], [0.0572, 0.0562, 0.022, 0.0711, 0.0358, 0.0358, 0.7218], [0.0135, 0.0179, 0.0247, 0.0681, 0.0631, 0.0692, 0.7434], [0.0573, 0.0373, 0.0598, 0.0275, 0.0737, 0.0484, 0.6959], [0.0495, 0.0747, 0.0191, 0.0787, 0.0888, 0.0424, 0.6469], [0.0667, 0.0477, 0.0325, 0.0267, 0.0374, 0.0834, 0.7056], [0.0484, 0.0162, 0.0224, 0.0442, 0.068, 0.0598, 0.7408], [0.0156, 0.0233, 0.0507, 0.0417, 0.056, 0.0783, 0.7344], [0.0737, 0.0554, 0.0798, 0.0312, 0.0691, 0.05, 0.6408], [0.0435, 0.0673, 0.0558, 0.0679, 0.0211, 0.0391, 0.7053], [0.0566, 0.0202, 0.0211, 0.0596, 0.0128, 0.0599, 0.7698], [0.0589, 0.0288, 0.0217, 0.0941, 0.0565, 0.0186, 0.7213], [0.0282, 0.056, 0.0579, 0.0639, 0.0119, 0.0699, 0.7121], [0.0174, 0.0801, 0.0476, 0.0769, 0.0559, 0.0602, 0.6618], [0.0447, 0.0592, 0.015, 0.0369, 0.0431, 0.0661, 0.735], [0.0201, 0.0806, 0.0147, 0.0618, 0.037, 0.0163, 0.7695], [0.043, 0.0177, 0.0729, 0.0561, 0.0252, 0.0832, 0.7019], [0.047, 0.0232, 0.0573, 0.0135, 0.066, 0.0777, 0.7154], [0.0164, 0.104, 0.0235, 0.0303, 0.0521, 0.0502, 0.7233], [0.0289, 0.0591, 0.0761, 0.06, 0.0696, 0.0337, 0.6727], [0.0312, 0.0427, 0.0274, 0.0901, 0.0758, 0.0617, 0.6711], [0.0489, 0.0458, 0.0264, 0.0365, 0.0423, 0.0282, 0.7719], [0.0382, 0.0715, 0.0519, 0.0712, 0.0611, 0.0323, 0.6739], [0.0157, 0.0747, 0.0452, 0.0164, 0.0734, 0.0265, 0.7482], [0.0366, 0.0452, 0.0334, 0.0807, 0.0877, 0.0782, 0.6382], [0.0481, 0.0146, 0.0324, 0.0531, 0.0532, 0.0619, 0.7367], [0.0279, 0.0558, 0.0303, 0.0912, 0.0301, 0.0333, 0.7313], [0.0401, 0.0848, 0.035, 0.0311, 0.0798, 0.0185, 0.7107], [0.0527, 0.0523, 0.014, 0.0166, 0.0623, 0.0393, 0.7628], [0.0506, 0.0256, 0.0202, 0.0313, 0.08, 0.0588, 0.7334], [0.0628, 0.0764, 0.0349, 0.0111, 0.0671, 0.0347, 0.713], [0.0424, 0.0713, 0.0582, 0.0802, 0.0319, 0.042, 0.6739], [0.0612, 0.0368, 0.0501, 0.0434, 0.0548, 0.0501, 0.7036], [0.0482, 0.0571, 0.0587, 0.0164, 0.0643, 0.0111, 0.7441], [0.0329, 0.018, 0.0303, 0.0243, 0.0527, 0.0286, 0.8132], [0.0414, 0.0785, 0.0273, 0.028, 0.0852, 0.0845, 0.6552], [0.0708, 0.0573, 0.0275, 0.0477, 0.0595, 0.051, 0.6862], [0.0186, 0.0234, 0.0311, 0.0145, 0.0818, 0.0606, 0.77], [0.0877, 0.0244, 0.0897, 0.0585, 0.045, 0.0272, 0.6676], [0.0252, 0.0539, 0.0275, 0.0757, 0.0523, 0.0615, 0.7039], [0.0757, 0.0635, 0.0251, 0.0528, 0.0621, 0.0224, 0.6983], [0.07, 0.0509, 0.0336, 0.0412, 0.0756, 0.0213, 0.7074], [0.0292, 0.0541, 0.0622, 0.0385, 0.045, 0.0571, 0.7139], [0.0866, 0.0389, 0.0158, 0.0797, 0.0533, 0.0165, 0.7092], [0.0452, 0.0647, 0.0777, 0.0554, 0.0287, 0.0426, 0.6856], [0.0618, 0.0414, 0.0919, 0.0773, 0.0472, 0.0494, 0.631], [0.079, 0.0201, 0.0616, 0.0816, 0.0281, 0.0888, 0.6409], [0.0125, 0.0742, 0.0808, 0.0678, 0.0256, 0.0273, 0.7118], [0.0317, 0.0767, 0.0889, 0.0693, 0.0183, 0.0324, 0.6827], [0.0534, 0.051, 0.0436, 0.0253, 0.0501, 0.0317, 0.7449], [0.0898, 0.0224, 0.0536, 0.0306, 0.082, 0.063, 0.6586], [0.0199, 0.0255, 0.0845, 0.0505, 0.0307, 0.0569, 0.732], [0.0163, 0.0403, 0.1046, 0.1039, 0.0179, 0.0228, 0.6942], [0.0463, 0.0427, 0.0948, 0.0187, 0.0635, 0.0214, 0.7126], [0.066, 0.0757, 0.0924, 0.0446, 0.0165, 0.015, 0.6898], [0.0254, 0.0375, 0.0681, 0.0177, 0.017, 0.0356, 0.7987], [0.0726, 0.0347, 0.0695, 0.0808, 0.0314, 0.0131, 0.6978], [0.0299, 0.0575, 0.0342, 0.022, 0.0342, 0.0259, 0.7962], [0.0346, 0.0324, 0.0542, 0.0868, 0.068, 0.0289, 0.6951], [0.0433, 0.0516, 0.0754, 0.0305, 0.0308, 0.0181, 0.7503], [0.0634, 0.0246, 0.0789, 0.0724, 0.0325, 0.0141, 0.714], [0.0593, 0.0691, 0.0269, 0.0357, 0.0199, 0.0588, 0.7303]], "emotions": ["purple", "purple", "purple", "purple", "purple", "purple", "purple", "purple", "purple", "purple", "purple", "purple", "purple", "purple", "purple", "purple", "purple", "purple", "purple", "purple", "purple", "purple", "purple", "purple", "purple", "purple", "purple", "purple", "purple", "purple", "purple", "purple", "purple", "purple", "purple", "purple", "purple", "purple", "purple", "purple", "purple", "purple", "purple", "purple", "purple", "purple", "purple", "purple", "purple", "purple", "purple", "purple", "purple", "purple", "purple", "purple", "purple", "purple", "purple", "purple", "purple", "purple", "purple", "purple", "purple", "purple", "purple", "purple", "purple", "purple", "purple", "purple", "purple", "purple", "purple", "purple", "purple", "purple", "purple", "purple"], "timestamps": [0, 40, 80, 120, 160, 200, 240, 280, 320, 360, 400, 440, 480, 520, 560, 600, 640, 680, 720, 760, 800, 840, 880, 920, 960, 1000, 1040, 1080, 1120, 1160, 1200, 1240, 1280, 1320, 1360, 1400, 1440, 1480, 1520, 1560, 1600, 1640, 1680, 1720, 1760, 1800, 1840, 1880, 1920, 1960, 2000, 2040, 2080, 2120, 2160, 2200, 2240, 2280, 2320, 2360, 2400, 2440, 2480, 2520, 2560, 2600, 2640, 2680, 2720, 2760, 2800, 2840, 2880, 2920, 2960, 3000, 3040, 3080, 3120, 3160]}], "conversation": [], "conversation_timestamps": []}