{"agent_id": "agent-purple-224", "type": "purple", "trips": [{"trip_id": 0, "transport_method": "bicycle", "start_time": 0, "path": [[1.5423985, 42.5123707], [1.5424079, 42.5122368], [1.5424855, 42.512135], [1.5424905, 42.5121024], [1.5423591, 42.5121312], [1.5422259, 42.5121496], [1.5421037, 42.5121089], [1.5419719, 42.5121275], [1.5418518, 42.512188], [1.5417271, 42.5122372], [1.5416065, 42.5122946], [1.5414804, 42.512341], [1.541351, 42.512323], [1.5412465, 42.5122403], [1.5411193, 42.5122061], [1.5410719, 42.5120975], [1.5409398, 42.5120801], [1.5408078, 42.5120645], [1.5409011, 42.5119777], [1.5409576, 42.5119093], [1.5408335, 42.5118578], [1.5407032, 42.5118261], [1.5405722, 42.5117956], [1.5404417, 42.5117632], [1.5403114, 42.5117298], [1.5401842, 42.5117527], [1.5400698, 42.511823], [1.5399552, 42.5118473], [1.5398372, 42.5117828], [1.5397037, 42.5117903], [1.5395877, 42.5118472], [1.5394904, 42.511939], [1.5393705, 42.5118815], [1.539246, 42.5118348], [1.5391237, 42.5117839], [1.5390932, 42.5116899], [1.5391258, 42.5116556], [1.5391999, 42.5115567], [1.5392802, 42.5114841], [1.5392604, 42.511351], [1.5392406, 42.511218], [1.5391245, 42.5112067], [1.5389904, 42.5112179], [1.5388564, 42.5112291], [1.5387224, 42.5112403], [1.5385883, 42.5112515], [1.5384624, 42.5112398], [1.5383653, 42.5111467], [1.5382682, 42.5110537], [1.538177, 42.5109557], [1.5381023, 42.5108438], [1.5380275, 42.510732], [1.5379473, 42.5106768], [1.5378501, 42.5107558], [1.5377188, 42.5107317], [1.5375844, 42.5107313], [1.5374499, 42.5107344], [1.5373155, 42.5107375], [1.537181, 42.5107406], [1.5370469, 42.5107403], [1.5369158, 42.5107104], [1.5367847, 42.5106804], [1.5366535, 42.5106504], [1.5365222, 42.5106223], [1.5363879, 42.510614], [1.5362537, 42.5106056], [1.5361194, 42.5105973], [1.5359852, 42.5105889], [1.535851, 42.5105805], [1.5357167, 42.5105722], [1.5355825, 42.5105638], [1.5354483, 42.5105555], [1.535344, 42.5104988], [1.5353487, 42.5104093], [1.5354619, 42.5103397], [1.5355812, 42.5102777], [1.535704, 42.5102242], [1.5358316, 42.5101814], [1.5359591, 42.5101387], [1.5360866, 42.5100959]], "mood_vectors": [[0.0454, 0.0624, 0.0589, 0.0395, 0.0627, 0.6614, 0.0698], [0.0778, 0.0414, 0.0789, 0.0668, 0.0316, 0.6492, 0.0543], [0.0492, 0.0534, 0.0231, 0.0667, 0.0702, 0.6691, 0.0683], [0.0543, 0.0698, 0.0689, 0.0365, 0.0273, 0.7109, 0.0323], [0.0684, 0.0778, 0.0208, 0.0253, 0.0197, 0.7664, 0.0217], [0.0672, 0.0615, 0.0769, 0.0219, 0.0274, 0.6763, 0.0688], [0.0356, 0.0988, 0.0159, 0.0653, 0.0404, 0.6749, 0.0691], [0.0611, 0.0222, 0.0314, 0.0218, 0.0206, 0.8279, 0.015], [0.0329, 0.0213, 0.0502, 0.0796, 0.0174, 0.7167, 0.0819], [0.0663, 0.0348, 0.0428, 0.0301, 0.0629, 0.7055, 0.0577], [0.0419, 0.049, 0.0763, 0.0396, 0.0287, 0.7262, 0.0383], [0.0682, 0.0466, 0.0361, 0.0788, 0.0349, 0.6596, 0.0759], [0.0605, 0.0404, 0.0473, 0.0234, 0.0329, 0.7383, 0.0571], [0.0834, 0.0364, 0.0833, 0.0577, 0.016, 0.6588, 0.0644], [0.0519, 0.06, 0.0467, 0.0754, 0.0336, 0.6861, 0.0462], [0.0357, 0.0368, 0.0443, 0.0181, 0.0756, 0.7647, 0.0248], [0.0406, 0.016, 0.072, 0.045, 0.066, 0.7295, 0.031], [0.0638, 0.0549, 0.0421, 0.0447, 0.054, 0.6746, 0.066], [0.0264, 0.0797, 0.0218, 0.0773, 0.0303, 0.73, 0.0345], [0.0196, 0.0691, 0.0608, 0.0806, 0.0123, 0.7232, 0.0343], [0.0385, 0.047, 0.0754, 0.0698, 0.0441, 0.6901, 0.0352], [0.0258, 0.0737, 0.0664, 0.0242, 0.0895, 0.6563, 0.0641], [0.0571, 0.0595, 0.0588, 0.0614, 0.0154, 0.7091, 0.0388], [0.014, 0.0695, 0.089, 0.0432, 0.0827, 0.6647, 0.0368], [0.072, 0.0683, 0.0733, 0.0131, 0.072, 0.6607, 0.0406], [0.0781, 0.0797, 0.0302, 0.0806, 0.0727, 0.6043, 0.0544], [0.049, 0.0622, 0.0401, 0.0314, 0.0122, 0.7844, 0.0207], [0.0652, 0.0147, 0.05, 0.0161, 0.0731, 0.7581, 0.0229], [0.0254, 0.0789, 0.0486, 0.0827, 0.0556, 0.6722, 0.0367], [0.0369, 0.09, 0.0256, 0.0435, 0.0885, 0.6252, 0.0904], [0.0255, 0.0708, 0.0305, 0.0757, 0.0394, 0.6889, 0.0692], [0.0403, 0.073, 0.0699, 0.0304, 0.062, 0.6653, 0.059], [0.0576, 0.077, 0.0414, 0.0496, 0.0569, 0.6956, 0.0219], [0.0609, 0.0363, 0.0224, 0.0872, 0.0635, 0.6651, 0.0645], [0.0267, 0.0814, 0.0978, 0.0212, 0.021, 0.7085, 0.0434], [0.0502, 0.0281, 0.0773, 0.013, 0.0584, 0.7272, 0.0457], [0.0711, 0.0697, 0.0184, 0.0414, 0.0622, 0.7077, 0.0295], [0.0453, 0.0372, 0.0548, 0.0792, 0.0662, 0.6804, 0.0369], [0.0494, 0.0466, 0.0318, 0.0271, 0.0194, 0.788, 0.0378], [0.0686, 0.067, 0.0752, 0.013, 0.0656, 0.6902, 0.0204], [0.0433, 0.062, 0.055, 0.032, 0.0674, 0.6914, 0.0489], [0.0301, 0.0304, 0.027, 0.0354, 0.0295, 0.7652, 0.0824], [0.0483, 0.0264, 0.0217, 0.0501, 0.0169, 0.8085, 0.0281], [0.0545, 0.0581, 0.0343, 0.0329, 0.0233, 0.7142, 0.0827], [0.0754, 0.061, 0.0134, 0.0319, 0.0706, 0.7279, 0.0197], [0.0223, 0.0669, 0.047, 0.046, 0.0148, 0.7325, 0.0704], [0.0601, 0.0765, 0.03, 0.0563, 0.0529, 0.6856, 0.0385], [0.0451, 0.0795, 0.0234, 0.0783, 0.045, 0.7036, 0.0251], [0.0353, 0.0777, 0.0567, 0.032, 0.0427, 0.6748, 0.0808], [0.0634, 0.052, 0.0691, 0.0275, 0.077, 0.6781, 0.0329], [0.0695, 0.017, 0.0555, 0.0659, 0.0305, 0.7327, 0.0289], [0.0134, 0.0528, 0.0728, 0.0538, 0.0742, 0.7106, 0.0225], [0.0652, 0.0466, 0.0311, 0.0273, 0.0309, 0.7238, 0.0751], [0.0543, 0.0527, 0.0525, 0.0713, 0.025, 0.6863, 0.058], [0.0373, 0.0763, 0.0174, 0.0179, 0.0567, 0.7163, 0.0781], [0.02, 0.0771, 0.0145, 0.0559, 0.061, 0.6834, 0.0882], [0.0206, 0.0738, 0.0672, 0.0209, 0.0224, 0.7278, 0.0674], [0.0588, 0.0302, 0.0585, 0.0727, 0.031, 0.7165, 0.0324], [0.024, 0.0217, 0.0586, 0.0201, 0.0599, 0.7521, 0.0637], [0.0596, 0.0579, 0.0647, 0.0511, 0.0488, 0.6754, 0.0425], [0.0252, 0.0729, 0.0172, 0.0271, 0.0585, 0.7536, 0.0455], [0.0812, 0.0814, 0.0754, 0.0424, 0.0618, 0.6436, 0.0143], [0.0415, 0.0391, 0.0704, 0.0469, 0.0261, 0.7586, 0.0173], [0.0712, 0.0625, 0.032, 0.0188, 0.0117, 0.7419, 0.0619], [0.0387, 0.0149, 0.0461, 0.0622, 0.0504, 0.7686, 0.0192], [0.0401, 0.0194, 0.0163, 0.0592, 0.0444, 0.7742, 0.0462], [0.0708, 0.0915, 0.0475, 0.058, 0.0216, 0.6452, 0.0653], [0.0745, 0.0542, 0.0397, 0.0286, 0.0238, 0.7266, 0.0525], [0.0434, 0.0174, 0.0735, 0.072, 0.0882, 0.6687, 0.0369], [0.0607, 0.026, 0.0839, 0.0233, 0.0416, 0.6725, 0.0921], [0.063, 0.0729, 0.0143, 0.0583, 0.0678, 0.7044, 0.0193], [0.0383, 0.0456, 0.0607, 0.055, 0.0319, 0.7016, 0.0669], [0.0773, 0.06, 0.0863, 0.0229, 0.0617, 0.659, 0.0327], [0.0703, 0.0257, 0.0216, 0.0615, 0.0602, 0.726, 0.0347], [0.0749, 0.0449, 0.0321, 0.0257, 0.0685, 0.7172, 0.0367], [0.0234, 0.0611, 0.0289, 0.0184, 0.0199, 0.8225, 0.0258], [0.0705, 0.0326, 0.0509, 0.0228, 0.0157, 0.7894, 0.0181], [0.0687, 0.0447, 0.0475, 0.0792, 0.0458, 0.6688, 0.0453], [0.017, 0.0273, 0.0817, 0.0582, 0.0292, 0.6885, 0.0981], [0.0409, 0.0265, 0.0438, 0.0643, 0.0726, 0.7363, 0.0155]], "emotions": ["purple", "purple", "purple", "purple", "purple", "purple", "purple", "purple", "purple", "purple", "purple", "purple", "purple", "purple", "purple", "purple", "purple", "purple", "purple", "purple", "purple", "purple", "purple", "purple", "purple", "purple", "purple", "purple", "purple", "purple", "purple", "purple", "purple", "purple", "purple", "purple", "purple", "purple", "purple", "purple", "purple", "purple", "purple", "purple", "purple", "purple", "purple", "purple", "purple", "purple", "purple", "purple", "purple", "purple", "purple", "purple", "purple", "purple", "purple", "purple", "purple", "purple", "purple", "purple", "purple", "purple", "purple", "purple", "purple", "purple", "purple", "purple", "purple", "purple", "purple", "purple", "purple", "purple", "purple", "purple"], "timestamps": [0, 40, 80, 120, 160, 200, 240, 280, 320, 360, 400, 440, 480, 520, 560, 600, 640, 680, 720, 760, 800, 840, 880, 920, 960, 1000, 1040, 1080, 1120, 1160, 1200, 1240, 1280, 1320, 1360, 1400, 1440, 1480, 1520, 1560, 1600, 1640, 1680, 1720, 1760, 1800, 1840, 1880, 1920, 1960, 2000, 2040, 2080, 2120, 2160, 2200, 2240, 2280, 2320, 2360, 2400, 2440, 2480, 2520, 2560, 2600, 2640, 2680, 2720, 2760, 2800, 2840, 2880, 2920, 2960, 3000, 3040, 3080, 3120, 3160]}], "conversation": [], "conversation_timestamps": []}