{"agent_id": "agent-orange-118", "type": "orange", "trips": [{"trip_id": 0, "transport_method": "foot", "start_time": 0, "path": [[1.5287307, 42.5083656], [1.5286732, 42.5083405], [1.5286157, 42.5083154], [1.5285581, 42.5082903], [1.5285107, 42.5082496], [1.5284644, 42.5082073], [1.5284197, 42.5081632], [1.5283781, 42.5081163], [1.5283401, 42.5080663], [1.528303, 42.5080158], [1.5282664, 42.5079648], [1.5282308, 42.5079131], [1.5281966, 42.5078605], [1.5281624, 42.5078078], [1.5281282, 42.5077552], [1.5280949, 42.507702], [1.5280618, 42.5076486], [1.5280287, 42.5075953], [1.5279956, 42.507542], [1.5279625, 42.5074887], [1.5279294, 42.5074353], [1.5278963, 42.507382], [1.5279452, 42.5073497], [1.5279998, 42.5073188], [1.5280213, 42.5072948], [1.5279589, 42.5072881], [1.5278965, 42.5072814], [1.5278341, 42.5072748], [1.5277717, 42.5072681], [1.5277093, 42.5072614], [1.5276469, 42.5072547], [1.5275845, 42.507248], [1.527522, 42.507242], [1.5274594, 42.5072383], [1.5273967, 42.5072346], [1.527334, 42.5072309], [1.5272714, 42.5072272], [1.5272087, 42.5072235], [1.527146, 42.5072216], [1.5270833, 42.5072227], [1.5270205, 42.5072237], [1.5269578, 42.5072248], [1.526895, 42.5072258], [1.5268322, 42.5072269], [1.5267695, 42.5072279], [1.5267339, 42.5072775], [1.5267001, 42.5073305], [1.5266664, 42.5073834], [1.5266326, 42.5074363], [1.5265989, 42.5074892], [1.5265651, 42.5075421], [1.5265314, 42.5075951], [1.5264976, 42.507648], [1.5264639, 42.5077009], [1.5264301, 42.5077538], [1.5263786, 42.5077823], [1.5263178, 42.5077982], [1.5262571, 42.5078141], [1.5261964, 42.50783], [1.5261357, 42.507846], [1.526075, 42.5078619], [1.5260143, 42.5078778], [1.5259543, 42.5078847], [1.5258977, 42.5078578], [1.5258456, 42.5078228], [1.5257947, 42.5077861], [1.5257438, 42.5077494], [1.5256923, 42.5077136], [1.525637, 42.5076838], [1.5255818, 42.507654], [1.5255266, 42.5076242], [1.5254713, 42.5075944], [1.5254269, 42.5075523], [1.5253903, 42.5075014], [1.5253434, 42.5074628], [1.5252863, 42.5074369], [1.525229, 42.5074112], [1.5251687, 42.5073939], [1.5251083, 42.5073767], [1.525048, 42.5073594]], "mood_vectors": [[0.0457, 0.0697, 0.0788, 0.0154, 0.7011, 0.0734, 0.016], [0.0175, 0.1002, 0.0644, 0.0707, 0.6595, 0.0565, 0.0311], [0.0253, 0.0689, 0.0423, 0.0558, 0.6399, 0.0843, 0.0835], [0.0134, 0.0162, 0.0857, 0.0717, 0.6864, 0.0631, 0.0635], [0.0513, 0.0611, 0.0658, 0.044, 0.6772, 0.0662, 0.0343], [0.0248, 0.0265, 0.0719, 0.0123, 0.7747, 0.0607, 0.0292], [0.0487, 0.06, 0.0474, 0.0682, 0.606, 0.0875, 0.0823], [0.0604, 0.0366, 0.072, 0.0171, 0.6819, 0.0551, 0.077], [0.0667, 0.0482, 0.0596, 0.0494, 0.681, 0.0294, 0.0657], [0.0748, 0.0836, 0.058, 0.0192, 0.6335, 0.081, 0.0499], [0.0301, 0.0162, 0.0295, 0.041, 0.8326, 0.0367, 0.0139], [0.0782, 0.0256, 0.0481, 0.0784, 0.6308, 0.0653, 0.0736], [0.036, 0.08, 0.016, 0.0371, 0.6981, 0.0747, 0.0581], [0.0337, 0.0739, 0.073, 0.0868, 0.6111, 0.0657, 0.0558], [0.0248, 0.0158, 0.0571, 0.0892, 0.6959, 0.0576, 0.0595], [0.0574, 0.0594, 0.0318, 0.0132, 0.7349, 0.0336, 0.0695], [0.0173, 0.0178, 0.0211, 0.0208, 0.821, 0.0224, 0.0796], [0.0229, 0.0249, 0.0432, 0.0189, 0.7359, 0.0793, 0.075], [0.0679, 0.0128, 0.0632, 0.0521, 0.6533, 0.0765, 0.0742], [0.0703, 0.0525, 0.0645, 0.0162, 0.7331, 0.0475, 0.016], [0.0514, 0.0467, 0.0362, 0.0945, 0.6964, 0.0285, 0.0463], [0.0896, 0.0315, 0.0158, 0.0404, 0.7069, 0.0415, 0.0744], [0.0774, 0.0192, 0.0598, 0.0272, 0.6783, 0.0577, 0.0804], [0.0462, 0.0212, 0.0197, 0.0493, 0.7522, 0.059, 0.0524], [0.0662, 0.0545, 0.0301, 0.0255, 0.7339, 0.0494, 0.0404], [0.0708, 0.0353, 0.0726, 0.0475, 0.6558, 0.0586, 0.0594], [0.0291, 0.0154, 0.0736, 0.0495, 0.7267, 0.0322, 0.0734], [0.0613, 0.066, 0.0329, 0.0188, 0.7207, 0.0344, 0.066], [0.0835, 0.0576, 0.0738, 0.0818, 0.5599, 0.0675, 0.0761], [0.0493, 0.0617, 0.056, 0.0799, 0.6432, 0.0889, 0.021], [0.0192, 0.0582, 0.05, 0.032, 0.7314, 0.0624, 0.0468], [0.0215, 0.0236, 0.0355, 0.0437, 0.7318, 0.0874, 0.0564], [0.0516, 0.0515, 0.0578, 0.0487, 0.7285, 0.0482, 0.0138], [0.0344, 0.0284, 0.0992, 0.0295, 0.6435, 0.0683, 0.0966], [0.0752, 0.0378, 0.0232, 0.0319, 0.7764, 0.0345, 0.0211], [0.0778, 0.0501, 0.02, 0.0704, 0.6608, 0.0795, 0.0414], [0.0604, 0.0186, 0.0419, 0.0675, 0.7264, 0.0589, 0.0263], [0.0116, 0.0416, 0.0689, 0.0642, 0.701, 0.0727, 0.04], [0.0399, 0.0645, 0.0449, 0.0278, 0.7244, 0.0413, 0.0572], [0.0402, 0.0444, 0.0787, 0.0592, 0.6849, 0.0315, 0.061], [0.0567, 0.0715, 0.0505, 0.0616, 0.6534, 0.0579, 0.0484], [0.0776, 0.0575, 0.0813, 0.017, 0.629, 0.0888, 0.0488], [0.0671, 0.0554, 0.0253, 0.047, 0.7033, 0.046, 0.0559], [0.0138, 0.0543, 0.0717, 0.0691, 0.6977, 0.0642, 0.0293], [0.0588, 0.0857, 0.0395, 0.0788, 0.6721, 0.022, 0.0431], [0.017, 0.044, 0.0643, 0.0692, 0.6999, 0.0224, 0.0831], [0.0514, 0.018, 0.03, 0.0225, 0.7525, 0.047, 0.0786], [0.068, 0.0167, 0.0545, 0.0381, 0.7192, 0.0355, 0.068], [0.0193, 0.0257, 0.0346, 0.0985, 0.7382, 0.0316, 0.0521], [0.0233, 0.0464, 0.0165, 0.0344, 0.7379, 0.0693, 0.0723], [0.0735, 0.0595, 0.0212, 0.0687, 0.6818, 0.0371, 0.0582], [0.0165, 0.0637, 0.0452, 0.057, 0.7243, 0.0391, 0.0542], [0.048, 0.0382, 0.069, 0.0524, 0.7107, 0.0346, 0.0471], [0.0923, 0.0398, 0.0436, 0.021, 0.6772, 0.0595, 0.0667], [0.0823, 0.0372, 0.0308, 0.0427, 0.6445, 0.087, 0.0755], [0.0331, 0.0745, 0.0175, 0.0634, 0.7106, 0.0639, 0.0369], [0.0736, 0.0744, 0.0365, 0.0275, 0.7182, 0.0337, 0.0361], [0.0368, 0.0452, 0.0838, 0.0525, 0.6922, 0.0599, 0.0295], [0.0576, 0.0427, 0.0651, 0.0386, 0.6833, 0.0837, 0.0289], [0.0196, 0.0448, 0.0504, 0.0536, 0.7588, 0.029, 0.0438], [0.0449, 0.0633, 0.0664, 0.0506, 0.6344, 0.0492, 0.0913], [0.0271, 0.0174, 0.0368, 0.0551, 0.7701, 0.0564, 0.0372], [0.016, 0.061, 0.0577, 0.0419, 0.7274, 0.0751, 0.0207], [0.046, 0.0662, 0.0211, 0.0846, 0.7307, 0.0231, 0.0284], [0.0212, 0.0836, 0.0153, 0.0876, 0.6813, 0.0919, 0.0191], [0.0321, 0.0935, 0.0322, 0.0501, 0.6417, 0.0594, 0.0911], [0.0517, 0.0586, 0.0877, 0.0571, 0.6461, 0.0189, 0.08], [0.0217, 0.0497, 0.0681, 0.0534, 0.7408, 0.0154, 0.0509], [0.088, 0.0478, 0.085, 0.0793, 0.6086, 0.0325, 0.0589], [0.06, 0.046, 0.0596, 0.0752, 0.6477, 0.0637, 0.0478], [0.0415, 0.075, 0.0726, 0.0202, 0.7127, 0.0415, 0.0365], [0.0732, 0.0153, 0.0438, 0.0931, 0.7037, 0.0378, 0.0331], [0.0413, 0.0435, 0.0332, 0.0206, 0.7496, 0.0789, 0.0329], [0.0366, 0.0734, 0.0443, 0.0367, 0.6983, 0.0692, 0.0416], [0.0837, 0.0735, 0.0415, 0.0149, 0.6917, 0.065, 0.0297], [0.0824, 0.0643, 0.0347, 0.0418, 0.7282, 0.0206, 0.0281], [0.0677, 0.0362, 0.071, 0.0243, 0.704, 0.0496, 0.0472], [0.0361, 0.0287, 0.0696, 0.0255, 0.7612, 0.0144, 0.0646], [0.0417, 0.0345, 0.0321, 0.0678, 0.7049, 0.0574, 0.0616], [0.0284, 0.0843, 0.088, 0.0902, 0.5809, 0.0518, 0.0764]], "emotions": ["red", "red", "red", "red", "red", "red", "red", "red", "red", "red", "red", "red", "red", "red", "red", "red", "red", "red", "red", "red", "red", "red", "red", "red", "red", "red", "red", "red", "red", "red", "red", "red", "red", "red", "red", "red", "red", "red", "red", "red", "red", "red", "red", "red", "red", "red", "red", "red", "red", "red", "red", "red", "red", "red", "red", "red", "red", "red", "red", "red", "red", "red", "red", "red", "red", "red", "red", "red", "red", "red", "red", "red", "red", "red", "red", "red", "red", "red", "red", "red"], "timestamps": [0, 40, 80, 120, 160, 200, 240, 280, 320, 360, 400, 440, 480, 520, 560, 600, 640, 680, 720, 760, 800, 840, 880, 920, 960, 1000, 1040, 1080, 1120, 1160, 1200, 1240, 1280, 1320, 1360, 1400, 1440, 1480, 1520, 1560, 1600, 1640, 1680, 1720, 1760, 1800, 1840, 1880, 1920, 1960, 2000, 2040, 2080, 2120, 2160, 2200, 2240, 2280, 2320, 2360, 2400, 2440, 2480, 2520, 2560, 2600, 2640, 2680, 2720, 2760, 2800, 2840, 2880, 2920, 2960, 3000, 3040, 3080, 3120, 3160]}], "conversation": [], "conversation_timestamps": []}