{"agent_id": "agent-purple-1889", "type": "purple", "trips": [{"trip_id": 0, "transport_method": "car", "start_time": 0, "path": [[1.5369832, 42.5074934], [1.5371372, 42.5075251], [1.5372929, 42.5075289], [1.5374495, 42.5075203], [1.5375782, 42.5075818], [1.5376599, 42.5077158], [1.5377998, 42.5077733], [1.5378633, 42.5078222], [1.537837, 42.5079687], [1.5377609, 42.5080564], [1.5376169, 42.5079934], [1.5374735, 42.507929], [1.5373287, 42.507868], [1.5371783, 42.5078225], [1.5370306, 42.5078056], [1.5368748, 42.5078011], [1.5367185, 42.5077874], [1.5365613, 42.507784], [1.5364041, 42.5077805], [1.5362699, 42.5078493], [1.5361435, 42.5079427], [1.536017, 42.5080361], [1.5359036, 42.508143], [1.5358057, 42.508266], [1.5357078, 42.508389], [1.5356099, 42.508512], [1.535492, 42.5085897], [1.5353351, 42.5085792], [1.5351784, 42.5085676], [1.5350216, 42.508556], [1.5348648, 42.5085445], [1.5347081, 42.5085329], [1.5345513, 42.5085213], [1.5343946, 42.5085096], [1.5342378, 42.5084978], [1.5340848, 42.5085271], [1.533929, 42.5085062], [1.5337732, 42.5084854], [1.5336174, 42.5084645], [1.5334616, 42.5084436], [1.5333058, 42.5084228], [1.53315, 42.5084019], [1.5329942, 42.508381], [1.5328384, 42.5083602], [1.5326826, 42.5083393], [1.5325268, 42.5083184], [1.5323705, 42.5083027], [1.5322137, 42.5082914], [1.5320569, 42.5082802], [1.5319001, 42.5082689], [1.5317433, 42.5082577], [1.5316553, 42.508304], [1.5316942, 42.5084563], [1.5317331, 42.5086086], [1.5317183, 42.5087605], [1.5316772, 42.5089122], [1.5316255, 42.5090458], [1.5314734, 42.5090061], [1.5313213, 42.5089665], [1.5311692, 42.5089268], [1.5310171, 42.5088871], [1.530865, 42.5088475], [1.5307121, 42.5088498], [1.5305587, 42.508884], [1.5304071, 42.5089021], [1.5302654, 42.508834], [1.5301245, 42.5087644], [1.5299851, 42.5086917], [1.5298405, 42.508636], [1.5296843, 42.5086182], [1.529533, 42.5086462], [1.529384, 42.5086963], [1.529235, 42.5087465], [1.5290861, 42.5087966], [1.5289371, 42.5088468], [1.5287863, 42.5088899], [1.5286319, 42.5089196], [1.5284775, 42.5089493], [1.5283397, 42.5089735], [1.5282214, 42.5090758]], "mood_vectors": [[0.0615, 0.0298, 0.0173, 0.0956, 0.0296, 0.7292, 0.0372], [0.0764, 0.0241, 0.071, 0.0758, 0.0365, 0.6733, 0.043], [0.0396, 0.0192, 0.0718, 0.0716, 0.0727, 0.6484, 0.0766], [0.0602, 0.0772, 0.0504, 0.0191, 0.0315, 0.6968, 0.0647], [0.0178, 0.0484, 0.0487, 0.0744, 0.0772, 0.7022, 0.0314], [0.0412, 0.0335, 0.0177, 0.0428, 0.0734, 0.7349, 0.0566], [0.0343, 0.0938, 0.02, 0.0538, 0.0668, 0.6744, 0.0569], [0.0263, 0.041, 0.0887, 0.0241, 0.097, 0.6686, 0.0542], [0.0408, 0.0758, 0.0192, 0.0867, 0.0282, 0.662, 0.0873], [0.0695, 0.048, 0.0694, 0.0791, 0.069, 0.6291, 0.0357], [0.0212, 0.0632, 0.0415, 0.076, 0.0221, 0.7471, 0.0289], [0.0555, 0.0323, 0.0257, 0.0629, 0.0586, 0.7173, 0.0477], [0.0829, 0.0231, 0.0276, 0.0732, 0.018, 0.7152, 0.0599], [0.017, 0.0735, 0.0335, 0.0874, 0.0679, 0.6548, 0.0659], [0.0575, 0.0813, 0.054, 0.0769, 0.0179, 0.6282, 0.0842], [0.0968, 0.0588, 0.0158, 0.0548, 0.0225, 0.6524, 0.0988], [0.0742, 0.0224, 0.0855, 0.053, 0.0867, 0.6056, 0.0725], [0.0161, 0.0683, 0.0401, 0.0196, 0.0881, 0.7446, 0.0233], [0.0183, 0.0543, 0.0496, 0.0357, 0.0486, 0.7423, 0.0512], [0.0809, 0.0571, 0.0591, 0.0578, 0.0606, 0.5992, 0.0854], [0.04, 0.0424, 0.0157, 0.0496, 0.0742, 0.7004, 0.0777], [0.0426, 0.0136, 0.0261, 0.0724, 0.0615, 0.7535, 0.0303], [0.0339, 0.0693, 0.0623, 0.0821, 0.0181, 0.6538, 0.0805], [0.0579, 0.0656, 0.0438, 0.0298, 0.0564, 0.692, 0.0545], [0.0476, 0.076, 0.0768, 0.0534, 0.0582, 0.6293, 0.0586], [0.0153, 0.0409, 0.0378, 0.0172, 0.0601, 0.753, 0.0756], [0.0783, 0.0429, 0.0538, 0.0603, 0.0724, 0.6402, 0.0521], [0.0243, 0.062, 0.0282, 0.0468, 0.0374, 0.7623, 0.039], [0.0425, 0.0738, 0.0316, 0.0163, 0.0309, 0.7766, 0.0284], [0.0728, 0.0629, 0.0232, 0.0963, 0.0726, 0.6282, 0.044], [0.0322, 0.0837, 0.0357, 0.0246, 0.0404, 0.7337, 0.0497], [0.0169, 0.0521, 0.0256, 0.0156, 0.0154, 0.8133, 0.0611], [0.031, 0.0838, 0.0532, 0.0678, 0.0767, 0.5985, 0.089], [0.0185, 0.0448, 0.0755, 0.0423, 0.0492, 0.6919, 0.0777], [0.0887, 0.0741, 0.0902, 0.0336, 0.0451, 0.6333, 0.035], [0.0782, 0.0288, 0.0422, 0.0194, 0.0703, 0.7441, 0.017], [0.0827, 0.0506, 0.0661, 0.0447, 0.0846, 0.605, 0.0663], [0.0518, 0.0621, 0.0397, 0.0642, 0.0639, 0.6988, 0.0196], [0.0438, 0.0203, 0.0493, 0.0381, 0.076, 0.6922, 0.0802], [0.0317, 0.0244, 0.0249, 0.0526, 0.0308, 0.7998, 0.0358], [0.047, 0.039, 0.02, 0.0343, 0.028, 0.7451, 0.0866], [0.0824, 0.07, 0.0762, 0.0535, 0.0498, 0.603, 0.0651], [0.0276, 0.0352, 0.036, 0.0192, 0.0604, 0.7632, 0.0583], [0.0633, 0.0315, 0.0498, 0.025, 0.0586, 0.7525, 0.0192], [0.0338, 0.0565, 0.0745, 0.0443, 0.0726, 0.7033, 0.0151], [0.0467, 0.041, 0.077, 0.0262, 0.038, 0.7085, 0.0626], [0.0735, 0.0837, 0.0511, 0.071, 0.0509, 0.6164, 0.0534], [0.0629, 0.026, 0.0255, 0.0402, 0.089, 0.6922, 0.0641], [0.0482, 0.0541, 0.0223, 0.0668, 0.0179, 0.7512, 0.0396], [0.0284, 0.0748, 0.0463, 0.051, 0.0245, 0.7347, 0.0402], [0.0301, 0.0568, 0.0413, 0.0252, 0.105, 0.7199, 0.0217], [0.0605, 0.0719, 0.0506, 0.0636, 0.0669, 0.6233, 0.0632], [0.0495, 0.0516, 0.068, 0.044, 0.0355, 0.6805, 0.071], [0.0435, 0.0769, 0.0799, 0.0593, 0.013, 0.7066, 0.0207], [0.0386, 0.0374, 0.0627, 0.0276, 0.0386, 0.7257, 0.0694], [0.0287, 0.0325, 0.0386, 0.0829, 0.0892, 0.6592, 0.0689], [0.0799, 0.0841, 0.0389, 0.046, 0.0387, 0.6726, 0.0398], [0.0477, 0.0518, 0.0227, 0.0641, 0.0419, 0.7184, 0.0534], [0.0452, 0.078, 0.0749, 0.082, 0.0516, 0.6467, 0.0216], [0.0309, 0.0258, 0.027, 0.0197, 0.0729, 0.746, 0.0777], [0.0193, 0.0193, 0.0238, 0.0412, 0.07, 0.7606, 0.0659], [0.0885, 0.053, 0.0336, 0.0422, 0.0347, 0.666, 0.0819], [0.0505, 0.0264, 0.0442, 0.0293, 0.0614, 0.7525, 0.0358], [0.0577, 0.0689, 0.0347, 0.0662, 0.024, 0.7301, 0.0184], [0.0495, 0.0564, 0.0902, 0.0246, 0.0378, 0.7062, 0.0353], [0.0574, 0.0423, 0.0433, 0.0506, 0.0555, 0.688, 0.0629], [0.013, 0.0457, 0.0417, 0.0322, 0.0531, 0.7865, 0.0278], [0.0785, 0.0618, 0.055, 0.0462, 0.014, 0.7276, 0.0169], [0.061, 0.0234, 0.0243, 0.0762, 0.0395, 0.7377, 0.0379], [0.0547, 0.055, 0.0167, 0.0419, 0.0227, 0.7935, 0.0153], [0.0465, 0.0321, 0.0478, 0.0697, 0.0653, 0.6637, 0.0749], [0.0682, 0.0497, 0.0664, 0.0695, 0.0336, 0.6749, 0.0376], [0.0499, 0.0613, 0.0721, 0.0368, 0.0811, 0.6216, 0.0772], [0.0567, 0.0603, 0.066, 0.0613, 0.063, 0.6468, 0.046], [0.0244, 0.0684, 0.0785, 0.0638, 0.0704, 0.6811, 0.0134], [0.0377, 0.0761, 0.0401, 0.0634, 0.0743, 0.6865, 0.022], [0.0258, 0.0373, 0.066, 0.0669, 0.028, 0.7021, 0.0738], [0.0162, 0.0507, 0.0238, 0.0252, 0.0775, 0.7343, 0.0723], [0.0177, 0.0501, 0.0166, 0.0864, 0.0201, 0.7303, 0.0788], [0.0127, 0.0455, 0.0753, 0.0275, 0.0587, 0.7621, 0.0183]], "emotions": ["purple", "purple", "purple", "purple", "purple", "purple", "purple", "purple", "purple", "purple", "purple", "purple", "purple", "purple", "purple", "purple", "purple", "purple", "purple", "purple", "purple", "purple", "purple", "purple", "purple", "purple", "purple", "purple", "purple", "purple", "purple", "purple", "purple", "purple", "purple", "purple", "purple", "purple", "purple", "purple", "purple", "purple", "purple", "purple", "purple", "purple", "purple", "purple", "purple", "purple", "purple", "purple", "purple", "purple", "purple", "purple", "purple", "purple", "purple", "purple", "purple", "purple", "purple", "purple", "purple", "purple", "purple", "purple", "purple", "purple", "purple", "purple", "purple", "purple", "purple", "purple", "purple", "purple", "purple", "purple"], "timestamps": [0, 40, 80, 120, 160, 200, 240, 280, 320, 360, 400, 440, 480, 520, 560, 600, 640, 680, 720, 760, 800, 840, 880, 920, 960, 1000, 1040, 1080, 1120, 1160, 1200, 1240, 1280, 1320, 1360, 1400, 1440, 1480, 1520, 1560, 1600, 1640, 1680, 1720, 1760, 1800, 1840, 1880, 1920, 1960, 2000, 2040, 2080, 2120, 2160, 2200, 2240, 2280, 2320, 2360, 2400, 2440, 2480, 2520, 2560, 2600, 2640, 2680, 2720, 2760, 2800, 2840, 2880, 2920, 2960, 3000, 3040, 3080, 3120, 3160]}], "conversation": [], "conversation_timestamps": []}