{"agent_id": "agent-red-836", "type": "red", "trips": [{"trip_id": 0, "transport_method": "car", "start_time": 0, "path": [[1.4972108, 42.4918645], [1.4973736, 42.491809], [1.4979446, 42.4921506], [1.4985319, 42.4924636], [1.4991236, 42.4927683], [1.4996774, 42.4931353], [1.500198, 42.4935499], [1.5005997, 42.4940573], [1.5011512, 42.4943826], [1.5017554, 42.4946615], [1.5023567, 42.4949466], [1.5029549, 42.4952384], [1.5035817, 42.49546], [1.5042015, 42.4956955], [1.5047863, 42.4960132], [1.5054036, 42.4962581], [1.5060368, 42.4964628], [1.506664, 42.4966854], [1.5072908, 42.4969091], [1.5079133, 42.4971447], [1.5085147, 42.4974294], [1.5091145, 42.4977178], [1.5097096, 42.4980157], [1.5102824, 42.4983503], [1.5107106, 42.4988589], [1.5111239, 42.4993806], [1.5115371, 42.4999023], [1.5119417, 42.5004306], [1.5123415, 42.5009628], [1.5127412, 42.5014949], [1.5131243, 42.5020389], [1.5131011, 42.5020374], [1.5130084, 42.501865], [1.5133882, 42.5024116], [1.5136131, 42.5026273], [1.5140929, 42.5030885], [1.5145727, 42.5035498], [1.5150525, 42.504011], [1.5155322, 42.5044723], [1.5160313, 42.5049116], [1.516635, 42.5051819], [1.5171618, 42.505377], [1.5178006, 42.5053737], [1.5184522, 42.505437], [1.5191135, 42.5055097], [1.5197627, 42.5056554], [1.5204102, 42.5058092], [1.5210244, 42.5059789], [1.5216473, 42.5062132], [1.5222818, 42.5064135], [1.5229221, 42.5065923], [1.5235737, 42.5067253], [1.5242175, 42.5068941], [1.5248658, 42.5069189], [1.5254977, 42.5070958], [1.5261588, 42.5071727], [1.526568, 42.5072251], [1.5259057, 42.5071628], [1.5252467, 42.5070692], [1.5257063, 42.5071166], [1.5263679, 42.5071895], [1.5270297, 42.507259], [1.5275643, 42.5075446], [1.527918, 42.5080704], [1.5284165, 42.5084793], [1.528844, 42.5088809], [1.5288972, 42.5088833], [1.5294283, 42.5090251], [1.5300682, 42.5092062], [1.5306976, 42.5093412], [1.5313213, 42.509573], [1.5319464, 42.5098013], [1.5325776, 42.5099576], [1.5332405, 42.5100155], [1.5338518, 42.5102667], [1.5344419, 42.5105745], [1.5350065, 42.5109131], [1.5355314, 42.5113102], [1.5361299, 42.5115812], [1.5365745, 42.5120745]], "mood_vectors": [[0.6786, 0.0896, 0.0743, 0.0749, 0.0266, 0.0253, 0.0307], [0.7016, 0.0433, 0.0291, 0.0381, 0.0745, 0.0746, 0.0389], [0.6688, 0.0417, 0.0758, 0.0703, 0.072, 0.0184, 0.053], [0.6696, 0.0457, 0.0694, 0.0475, 0.0679, 0.0623, 0.0376], [0.6857, 0.0195, 0.0345, 0.0909, 0.0911, 0.0589, 0.0194], [0.7637, 0.052, 0.0192, 0.0118, 0.0503, 0.0308, 0.0721], [0.7769, 0.0178, 0.0146, 0.0802, 0.0352, 0.0439, 0.0315], [0.8127, 0.0696, 0.0119, 0.0326, 0.0206, 0.0282, 0.0244], [0.6911, 0.0885, 0.0549, 0.0234, 0.0787, 0.0253, 0.0381], [0.7094, 0.0537, 0.0383, 0.0485, 0.0489, 0.0538, 0.0474], [0.7126, 0.0342, 0.0792, 0.0541, 0.0209, 0.0174, 0.0818], [0.7336, 0.0239, 0.0199, 0.0842, 0.0585, 0.0366, 0.0432], [0.7499, 0.022, 0.0656, 0.0184, 0.047, 0.0586, 0.0385], [0.7322, 0.0649, 0.0377, 0.0515, 0.0483, 0.0405, 0.0249], [0.692, 0.0452, 0.0552, 0.0546, 0.0387, 0.0453, 0.0689], [0.7122, 0.0336, 0.0649, 0.0261, 0.0724, 0.0239, 0.0669], [0.7302, 0.0809, 0.0153, 0.0838, 0.0474, 0.0241, 0.0183], [0.6816, 0.0259, 0.0632, 0.0826, 0.0284, 0.0348, 0.0835], [0.72, 0.0447, 0.0579, 0.0696, 0.0144, 0.0568, 0.0364], [0.6973, 0.0174, 0.0282, 0.0777, 0.0906, 0.0294, 0.0593], [0.6905, 0.072, 0.0565, 0.0475, 0.0677, 0.0461, 0.0196], [0.6755, 0.0678, 0.0297, 0.0429, 0.0641, 0.068, 0.052], [0.7129, 0.0173, 0.0316, 0.0721, 0.07, 0.0584, 0.0377], [0.7286, 0.0688, 0.0139, 0.0695, 0.0297, 0.0161, 0.0733], [0.6481, 0.0699, 0.0574, 0.0652, 0.0469, 0.0437, 0.0688], [0.692, 0.0768, 0.0257, 0.0431, 0.0476, 0.0504, 0.0643], [0.6696, 0.051, 0.0712, 0.0558, 0.0234, 0.0448, 0.0841], [0.7141, 0.0543, 0.0278, 0.0211, 0.0818, 0.0148, 0.0861], [0.6943, 0.0589, 0.0675, 0.0591, 0.0604, 0.0156, 0.0442], [0.6744, 0.0842, 0.0317, 0.014, 0.0835, 0.0637, 0.0484], [0.7338, 0.0556, 0.0659, 0.0338, 0.0441, 0.0451, 0.0218], [0.7074, 0.0846, 0.0401, 0.0588, 0.0377, 0.0181, 0.0534], [0.7147, 0.0751, 0.027, 0.0844, 0.0209, 0.0242, 0.0538], [0.7222, 0.0562, 0.0581, 0.0657, 0.0449, 0.0239, 0.029], [0.731, 0.0743, 0.0204, 0.0438, 0.0866, 0.03, 0.014], [0.7143, 0.0309, 0.0461, 0.0514, 0.0652, 0.0413, 0.0507], [0.5883, 0.0831, 0.0828, 0.0421, 0.0735, 0.0726, 0.0576], [0.655, 0.053, 0.0649, 0.0612, 0.0547, 0.0273, 0.0839], [0.682, 0.0518, 0.0465, 0.0417, 0.0519, 0.0603, 0.0657], [0.6933, 0.0601, 0.0521, 0.0226, 0.0738, 0.0631, 0.035], [0.7877, 0.0488, 0.0374, 0.0604, 0.0166, 0.0316, 0.0175], [0.7314, 0.0656, 0.0463, 0.0423, 0.0217, 0.07, 0.0225], [0.65, 0.0752, 0.0569, 0.0619, 0.0471, 0.0559, 0.053], [0.6814, 0.0733, 0.0367, 0.0629, 0.0147, 0.0704, 0.0605], [0.6814, 0.0651, 0.0293, 0.0601, 0.033, 0.0624, 0.0686], [0.6349, 0.0841, 0.0178, 0.0675, 0.0716, 0.1003, 0.0239], [0.6662, 0.0302, 0.0753, 0.0474, 0.0874, 0.0768, 0.0168], [0.649, 0.0696, 0.0725, 0.0591, 0.0241, 0.0607, 0.065], [0.6703, 0.035, 0.0582, 0.0701, 0.0225, 0.0766, 0.0673], [0.7174, 0.0607, 0.0171, 0.0725, 0.0489, 0.0687, 0.0148], [0.7087, 0.08, 0.0188, 0.0195, 0.0789, 0.0265, 0.0676], [0.7137, 0.0465, 0.0611, 0.053, 0.0306, 0.0514, 0.0437], [0.7351, 0.0603, 0.0318, 0.0462, 0.072, 0.0193, 0.0352], [0.7652, 0.0314, 0.0542, 0.0473, 0.0175, 0.0491, 0.0353], [0.7047, 0.0238, 0.0705, 0.0804, 0.0382, 0.0531, 0.0293], [0.693, 0.0252, 0.0819, 0.0423, 0.0518, 0.0288, 0.0771], [0.7018, 0.0204, 0.0754, 0.0412, 0.0683, 0.0292, 0.0637], [0.6672, 0.0493, 0.0492, 0.0761, 0.0565, 0.0594, 0.0423], [0.629, 0.0767, 0.0496, 0.0669, 0.056, 0.0462, 0.0757], [0.7091, 0.0187, 0.027, 0.0566, 0.0759, 0.0434, 0.0693], [0.6617, 0.0305, 0.0772, 0.0636, 0.065, 0.0243, 0.0778], [0.6355, 0.0512, 0.0657, 0.0598, 0.0767, 0.034, 0.0772], [0.7805, 0.0855, 0.0154, 0.0344, 0.0174, 0.0291, 0.0376], [0.6663, 0.0539, 0.0791, 0.0706, 0.0268, 0.0634, 0.0399], [0.7231, 0.0166, 0.0726, 0.0301, 0.0939, 0.0147, 0.0489], [0.7181, 0.0714, 0.027, 0.0597, 0.0217, 0.0408, 0.0613], [0.7355, 0.0687, 0.0231, 0.0143, 0.0268, 0.0764, 0.0552], [0.7363, 0.0386, 0.0168, 0.0627, 0.0462, 0.0651, 0.0343], [0.6837, 0.0259, 0.0917, 0.068, 0.0202, 0.0701, 0.0404], [0.7361, 0.0364, 0.0431, 0.0534, 0.0265, 0.0153, 0.0892], [0.7135, 0.0297, 0.0277, 0.0492, 0.0587, 0.0676, 0.0536], [0.6942, 0.0564, 0.0709, 0.0833, 0.0308, 0.0412, 0.0233], [0.6782, 0.033, 0.0743, 0.0731, 0.0327, 0.0626, 0.0461], [0.7063, 0.0514, 0.0574, 0.0306, 0.0539, 0.0771, 0.0234], [0.6126, 0.0599, 0.0623, 0.0435, 0.0844, 0.0621, 0.0752], [0.713, 0.0436, 0.0526, 0.0145, 0.0691, 0.0482, 0.0591], [0.6837, 0.0923, 0.0453, 0.0771, 0.057, 0.0258, 0.0188], [0.6447, 0.0308, 0.0777, 0.0669, 0.0458, 0.0606, 0.0735], [0.7158, 0.0317, 0.059, 0.0642, 0.0772, 0.0292, 0.0229], [0.6404, 0.0757, 0.0466, 0.0716, 0.0384, 0.0837, 0.0436]], "emotions": ["red", "red", "red", "red", "red", "red", "red", "red", "red", "red", "red", "red", "red", "red", "red", "red", "red", "red", "red", "red", "red", "red", "red", "red", "red", "red", "red", "red", "red", "red", "red", "red", "red", "red", "red", "red", "red", "red", "red", "red", "red", "red", "red", "red", "red", "red", "red", "red", "red", "red", "red", "red", "red", "red", "red", "red", "red", "red", "red", "red", "red", "red", "red", "red", "red", "red", "red", "red", "red", "red", "red", "red", "red", "red", "red", "red", "red", "red", "red", "red"], "timestamps": [0, 40, 80, 120, 160, 200, 240, 280, 320, 360, 400, 440, 480, 520, 560, 600, 640, 680, 720, 760, 800, 840, 880, 920, 960, 1000, 1040, 1080, 1120, 1160, 1200, 1240, 1280, 1320, 1360, 1400, 1440, 1480, 1520, 1560, 1600, 1640, 1680, 1720, 1760, 1800, 1840, 1880, 1920, 1960, 2000, 2040, 2080, 2120, 2160, 2200, 2240, 2280, 2320, 2360, 2400, 2440, 2480, 2520, 2560, 2600, 2640, 2680, 2720, 2760, 2800, 2840, 2880, 2920, 2960, 3000, 3040, 3080, 3120, 3160]}], "conversation": [], "conversation_timestamps": []}