{
  "agent_id": "agent-type-orange-9",
  "type": "orange",
  "trips": [
    {
      "trip_id": 0,
      "transport_method": "car",
      "start_time": 0,
      "path": [
        [
          1.5250480000000002,
          42.507359400000006
        ],
        [
          1.5252904858023464,
          42.5077410647323
        ],
        [
          1.5246992594735749,
          42.507915328807684
        ],
        [
          1.5246706996416302,
          42.508015535588115
        ],
        [
          1.524106154684706,
          42.5078164143385
        ],
        [
          1.523362954684907,
          42.507819904365626
        ],
        [
          1.5231594488277542,
          42.508317793335095
        ],
        [
          1.5238144305555936,
          42.50867559231927
        ],
        [
          1.5245372225632288,
          42.50885682371085
        ],
        [
          1.5252725629223478,
          42.509000415073395
        ],
        [
          1.5253703544267103,
          42.50909571399093
        ],
        [
          1.5246774060273778,
          42.50888419761244
        ],
        [
          1.5239429966839466,
          42.50873781357568
        ],
        [
          1.5232784833664355,
          42.50839518569515
        ],
        [
          1.5232344894126417,
          42.507879921497825
        ],
        [
          1.523963605742316,
          42.507807440313066
        ],
        [
          1.5247073614404294,
          42.50787959915634
        ],
        [
          1.5248573403278824,
          42.50839599766956
        ],
        [
          1.5255798284568758,
          42.50858751343496
        ],
        [
          1.5253367046738209,
          42.5085185185982
        ],
        [
          1.5246108107576815,
          42.50833298707619
        ],
        [
          1.5249562234954432,
          42.507949374129225
        ],
        [
          1.525678908449106,
          42.5081470227618
        ],
        [
          1.525230935005363,
          42.50802521185515
        ],
        [
          1.5254971131588737,
          42.507566540092064
        ],
        [
          1.5261598483323895,
          42.507916005416426
        ],
        [
          1.5263379000000004,
          42.5076808
        ]
      ],
      "emotions": [
        "red",
        "red",
        "red",
        "red",
        "red",
        "purple",
        "purple",
        "purple",
        "purple",
        "purple",
        "purple",
        "purple",
        "purple",
        "purple",
        "purple",
        "purple",
        "purple",
        "purple",
        "purple",
        "purple",
        "red",
        "red",
        "red",
        "red",
        "red",
        "red",
        "red"
      ],
      "mood_vectors": [
        [
          0.18988083532839628,
          0.1738993882757904,
          0.06622139197962307,
          0.16442110316852818,
          0.11332993102735689,
          0.18601435621187734,
          0.10623299400842781
        ],
        [
          0.16178198340928693,
          0.17422915389021124,
          0.2194455227802588,
          0.10403204152734799,
          0.024946258654917872,
          0.1508301542558686,
          0.16473488548210857
        ],
        [
          0.16862257115942658,
          0.16508060613573203,
          0.012304697142066445,
          0.1462214231326457,
          0.12920222748183502,
          0.11350172045999722,
          0.26506675448829703
        ],
        [
          0.013792643979199826,
          0.17276676035210015,
          0.11436715165192636,
          0.04353947089572981,
          0.15205519146581264,
          0.25957644722983964,
          0.24390233442539158
        ],
        [
          0.08396928467697995,
          0.21157545716999276,
          0.12957048438337973,
          0.27287926100011095,
          0.008555721704062049,
          0.026356709065224342,
          0.2670930820002502
        ],
        [
          0.2438119147060501,
          0.19407230592511235,
          0.07693883070625117,
          0.002540021858029387,
          0.18812790779794747,
          0.24765242764288944,
          0.04685659136372012
        ],
        [
          0.09872737808156595,
          0.23791953819909606,
          0.2038088917557087,
          0.1301242552173291,
          0.22345259573960866,
          0.07031531166312362,
          0.0356520293435679
        ],
        [
          0.18265717577482052,
          0.08832331215048438,
          0.2001628381595577,
          0.2189320000468091,
          0.21264299505607798,
          0.08584315979961152,
          0.011438519012638778
        ],
        [
          0.02418025704681441,
          0.12930351483378683,
          0.1971202507950087,
          0.01829104035683816,
          0.31079153604084275,
          0.10763614074642622,
          0.21267726018028288
        ],
        [
          0.16555810438561788,
          0.24267875475587722,
          0.18142624807874738,
          0.013379591634041505,
          0.1332102068724873,
          0.07568895380966581,
          0.18805814046356292
        ],
        [
          0.32067099032743424,
          0.04908507725499253,
          0.044412148701999984,
          0.2718147338427924,
          0.20991061479611645,
          0.09006898587050666,
          0.014037449206157673
        ],
        [
          0.1561780584978695,
          0.07916190765168302,
          0.18711775975314182,
          0.2599873462516911,
          0.07357744795482402,
          0.110155226830636,
          0.13382225306015458
        ],
        [
          0.2039831608879262,
          0.04054570325845143,
          0.1471152073331687,
          0.16557499010683768,
          0.03596854738293586,
          0.20625306177639316,
          0.20055932925428688
        ],
        [
          0.13560777380561564,
          0.19244871259781268,
          0.11057099843253913,
          0.1875224550367777,
          0.05874287790994795,
          0.20434642433064654,
          0.11076075788666029
        ],
        [
          0.17761732878733155,
          0.03866929220741094,
          0.1592913950528935,
          0.006188768148781726,
          0.253644979242676,
          0.19857861223853923,
          0.16600962432236704
        ],
        [
          0.1444660772552552,
          0.07017465113161145,
          0.1340917464467709,
          0.2150621001525999,
          0.1591304115465295,
          0.1162396959856433,
          0.1608353174815897
        ],
        [
          0.01758101003115894,
          0.23039205831977974,
          0.005292543821183192,
          0.2432324613271612,
          0.08880017763655759,
          0.22809546610955816,
          0.18660628275460123
        ],
        [
          0.2696107326063969,
          0.1373042650814535,
          0.04648136353226235,
          0.16752584956394637,
          0.03802222546691218,
          0.2631490693367026,
          0.07790649441232604
        ],
        [
          0.183170348193823,
          0.2779645585566737,
          0.04566654583367851,
          0.12835209022691496,
          0.10693471402044226,
          0.21417025043454338,
          0.04374149273392423
        ],
        [
          0.06796222000988965,
          0.21629859327767867,
          0.09509367192226692,
          0.04338486668111015,
          0.22173201980889062,
          0.23757037254422256,
          0.11795825575594138
        ],
        [
          0.2960237451922848,
          0.037992234007899216,
          0.04923471809247298,
          0.03730433340730712,
          0.2867247640260039,
          0.19633645225047244,
          0.09638375302355957
        ],
        [
          0.0515092866653111,
          0.22082444168847057,
          0.03471426765212835,
          0.20038995379892138,
          0.0819882467908135,
          0.21528249759805862,
          0.19529130580629653
        ],
        [
          0.29107633313165726,
          0.0014414061774762781,
          0.08195645466381479,
          0.032804447953996736,
          0.19005045403517712,
          0.26531060870028345,
          0.13736029533759442
        ],
        [
          0.055522556432659374,
          0.2111295293875881,
          0.11709235695431199,
          0.293755982956978,
          0.2153549033692204,
          0.04786497231872426,
          0.05927969858051781
        ],
        [
          0.24173800167939213,
          0.12903572553153334,
          0.04271914797425372,
          0.12124441021580917,
          0.18027846332540548,
          0.028951722187313043,
          0.2560325290862932
        ],
        [
          0.18110816348917733,
          0.1697563492423466,
          0.004221383545574055,
          0.1386758794886694,
          0.1690907378677643,
          0.26026209494454916,
          0.07688539142191918
        ],
        [
          0.11178567227812815,
          0.18469287642555127,
          0.0955187854670551,
          0.022649964886434962,
          0.17748430299831228,
          0.2807545973183342,
          0.12711380062618402
        ]
      ],
      "timestamps": [
        0,
        1,
        2,
        3,
        4,
        5,
        6,
        7,
        8,
        9,
        10,
        11,
        12,
        13,
        14,
        15,
        16,
        17,
        18,
        19,
        20,
        21,
        22,
        23,
        24,
        25,
        26
      ],
      "distance": 460.6
    },
    {
      "trip_id": 1,
      "transport_method": "foot",
      "start_time": 27,
      "path": [
        [
          1.5263379000000004,
          42.5076808
        ],
        [
          1.5264591214922907,
          42.50755864158323
        ],
        [
          1.5265826543158176,
          42.50744570210805
        ],
        [
          1.526701162573717,
          42.50724468392048
        ],
        [
          1.526679483290948,
          42.50718364893316
        ],
        [
          1.5264469691823537,
          42.507163907904165
        ],
        [
          1.5262144550737595,
          42.50714416687518
        ],
        [
          1.5259819409651652,
          42.50712442584619
        ],
        [
          1.5257494268565708,
          42.50710468481721
        ],
        [
          1.5255169127479764,
          42.507084943788215
        ],
        [
          1.5252880515917109,
          42.5070568547121
        ],
        [
          1.5253683122422692,
          42.50701127561416
        ],
        [
          1.5256006469904948,
          42.50703302610123
        ],
        [
          1.5258329817387206,
          42.507054776588305
        ],
        [
          1.5260653164869464,
          42.50707652707537
        ],
        [
          1.526181890900533,
          42.506952048109305
        ],
        [
          1.5262052559835637,
          42.50680289217731
        ],
        [
          1.5261705464723587,
          42.50703360436698
        ],
        [
          1.525983333479461,
          42.50706885207041
        ],
        [
          1.5257509987312352,
          42.507047101583346
        ],
        [
          1.5255186639830094,
          42.507025351096274
        ],
        [
          1.5252863292347836,
          42.50700360060921
        ],
        [
          1.5253273152345146,
          42.50688431453405
        ],
        [
          1.5255245676948395,
          42.506759639011925
        ],
        [
          1.5254919798448363,
          42.50678023651021
        ],
        [
          1.5252947273845114,
          42.50690491203233
        ],
        [
          1.5252985000000003,
          42.50706639999999
        ]
      ],
      "emotions": [
        "red",
        "red",
        "red",
        "red",
        "red",
        "red",
        "red",
        "red",
        "red",
        "red",
        "red",
        "red",
        "red",
        "purple",
        "purple",
        "purple",
        "purple",
        "purple",
        "green",
        "green",
        "green",
        "green",
        "green",
        "red",
        "red",
        "red",
        "red"
      ],
      "mood_vectors": [
        [
          0.09390296802525591,
          0.014428627516817116,
          0.30127435097652916,
          0.07312287175870744,
          0.1394574490279273,
          0.2645080781300777,
          0.1133056545646853
        ],
        [
          0.07138661273071205,
          0.2772542117152126,
          0.017414838744017492,
          0.15596169074203592,
          0.09117732645537323,
          0.03469314740697202,
          0.3521121722056767
        ],
        [
          0.18982050982564322,
          0.01007622539449934,
          0.0739943709039361,
          0.13719494455843495,
          0.3001941560556939,
          0.12219369700922061,
          0.1665260962525719
        ],
        [
          0.06556640158077713,
          0.06612800507155814,
          0.017582994517936552,
          0.22292794870881966,
          0.1907928004944866,
          0.16562463623417373,
          0.27137721339224813
        ],
        [
          0.1615937801204813,
          0.06460161709921128,
          0.1573843944745592,
          0.18218963914672173,
          0.1406504603066898,
          0.11836628320344215,
          0.17521382564889457
        ],
        [
          0.2703076210541293,
          0.06934808547380954,
          0.17716567553102888,
          0.1439511343914688,
          0.04553633662442302,
          0.08582072198428176,
          0.20787042494085872
        ],
        [
          0.1796874964528518,
          0.12102825969034285,
          0.12346988772416476,
          0.11222086414320251,
          0.0021383364817893938,
          0.23334632504778313,
          0.22810883045986557
        ],
        [
          0.20287334882290164,
          0.20914061410236373,
          0.014389425149541724,
          0.20915767897305143,
          0.04067611995231403,
          0.1935927243947066,
          0.13017008860512078
        ],
        [
          0.10120537891022276,
          0.2003509709841446,
          0.024577665057870058,
          0.22190366441081333,
          0.02173721444690831,
          0.2470519701488379,
          0.18317313604120314
        ],
        [
          0.07155346483815941,
          0.15569216160929486,
          0.2379572351121071,
          0.041596521283490256,
          0.08257382260092105,
          0.2094514832231539,
          0.20117531133287342
        ],
        [
          0.09069716425697058,
          0.17140985309650758,
          0.22488581095109095,
          0.06739906603117395,
          0.05395098063540033,
          0.14044048809960905,
          0.2512166369292475
        ],
        [
          0.21918710321634638,
          0.16909327374125116,
          0.023657048758045893,
          0.03400236679617228,
          0.07434014939993938,
          0.23001140213237384,
          0.2497086559558711
        ],
        [
          0.1729228425571115,
          0.14511018993731833,
          0.19631390888373945,
          0.09351017988882476,
          0.03911293968766662,
          0.190867009149162,
          0.1621629298961774
        ],
        [
          0.05003408657070095,
          0.09074742101757546,
          0.20664533407574287,
          0.0646168082247845,
          0.15679077760018983,
          0.24920054243444714,
          0.18196503007655931
        ],
        [
          0.17888347108110011,
          0.14800431291804847,
          0.044356539085886076,
          0.18260157752226575,
          0.1273117015856365,
          0.11389674167537882,
          0.2049456561316843
        ],
        [
          0.02913039768743831,
          0.21456737552683883,
          0.18871518044368296,
          0.21193776891520485,
          0.016754600441094475,
          0.20986438016102776,
          0.12903029682471287
        ],
        [
          0.00950993857341109,
          0.055344143448240055,
          0.2197530612196691,
          0.17035214454946235,
          0.11883834602591095,
          0.14686869879195238,
          0.27933366739135407
        ],
        [
          0.24142752076677004,
          0.11632231797376111,
          0.1254752675659715,
          0.24335440805592295,
          0.08012509333447479,
          0.06106434737951261,
          0.13223104492358703
        ],
        [
          0.24661546698474898,
          0.022234576049959282,
          0.117198198214444,
          0.02911027644033229,
          0.1798864949577893,
          0.1805693285919596,
          0.22438565876076658
        ],
        [
          0.145834030116482,
          0.15974725070749968,
          0.13975440672375175,
          0.1542822464316166,
          0.1491468616819137,
          0.1131679766271362,
          0.13806722771160004
        ],
        [
          0.12030191527742883,
          0.1413298123520207,
          0.07231097088388422,
          0.17134754579623235,
          0.25598924259819394,
          0.22204711011570058,
          0.01667340297653942
        ],
        [
          0.23628485176974445,
          0.03801887826930566,
          0.17021654950179976,
          0.013184496866317175,
          0.2400427822892572,
          0.18924785922952184,
          0.11300458207405398
        ],
        [
          0.02227983664618452,
          0.16344492851984155,
          0.13634856107713508,
          0.17506308678183294,
          0.09884732970335193,
          0.34810370229985443,
          0.05591255497179954
        ],
        [
          0.18332887484408283,
          0.12308090666128282,
          0.04884359421659167,
          0.07462731957312843,
          0.22030463967392083,
          0.19523528778311358,
          0.15457937724787982
        ],
        [
          0.23305357251008496,
          0.10984602636494813,
          0.21503962723560344,
          0.027732172533051835,
          0.1276693930972046,
          0.04783830943992159,
          0.2388208988191854
        ],
        [
          0.10745043142481914,
          0.22978567971789893,
          0.15892653355446093,
          0.05802955066345512,
          0.15826893973951897,
          0.10863380049152294,
          0.17890506440832407
        ],
        [
          0.05515157057329804,
          0.034483817350413934,
          0.011007543811335656,
          0.23605699704884578,
          0.2794736868413903,
          0.10697907104266437,
          0.276847313332052
        ]
      ],
      "timestamps": [
        27,
        28,
        29,
        30,
        31,
        32,
        33,
        34,
        35,
        36,
        37,
        38,
        39,
        40,
        41,
        42,
        43,
        44,
        45,
        46,
        47,
        48,
        49,
        50,
        51,
        52,
        53
      ],
      "distance": 192.9
    },
    {
      "trip_id": 2,
      "transport_method": "car",
      "start_time": 54,
      "path": [
        [
          1.5252985000000003,
          42.50706639999999
        ],
        [
          1.5247825832621964,
          42.50688629485061
        ],
        [
          1.524540836379633,
          42.50662383477922
        ],
        [
          1.5240784081237817,
          42.506810001907326
        ],
        [
          1.5235229594113402,
          42.50667940029698
        ],
        [
          1.5230283967541565,
          42.50649568169975
        ],
        [
          1.5224762643154215,
          42.506374054445104
        ],
        [
          1.5219407914569334,
          42.50629231356868
        ],
        [
          1.521817416630948,
          42.5065958905763
        ],
        [
          1.5222124349783803,
          42.50700764378431
        ],
        [
          1.5224529640626838,
          42.50745214106362
        ],
        [
          1.521925128576385,
          42.50750412878892
        ],
        [
          1.5214690171921348,
          42.507212385984836
        ],
        [
          1.5212053827188292,
          42.506811989967595
        ],
        [
          1.521699653874554,
          42.506597856399516
        ],
        [
          1.5212245262297999,
          42.50679724127043
        ],
        [
          1.5214522875783145,
          42.50719494700259
        ],
        [
          1.5218643922769406,
          42.50742078475223
        ],
        [
          1.521827624398747,
          42.50705581368878
        ],
        [
          1.5215822712226394,
          42.506978624378405
        ],
        [
          1.521995903504221,
          42.50719973912852
        ],
        [
          1.5215895796546863,
          42.50747408306157
        ],
        [
          1.5210190560900043,
          42.50746496926661
        ],
        [
          1.5206168768105177,
          42.507457685922965
        ],
        [
          1.5211874636575644,
          42.50746097971916
        ],
        [
          1.5215593494953896,
          42.50746312648466
        ],
        [
          1.520988762648343,
          42.50745983268847
        ],
        [
          1.5206107497407009,
          42.507494254478566
        ],
        [
          1.5211811157382011,
          42.50751008525871
        ],
        [
          1.5217517000000007,
          42.50751379999999
        ]
      ],
      "emotions": [
        "red",
        "red",
        "red",
        "red",
        "red",
        "red",
        "green",
        "green",
        "green",
        "green",
        "green",
        "red",
        "red",
        "red",
        "red",
        "red",
        "green",
        "green",
        "green",
        "green",
        "green",
        "purple",
        "purple",
        "purple",
        "purple",
        "purple",
        "red",
        "red",
        "red",
        "red"
      ],
      "mood_vectors": [
        [
          0.2065380186879858,
          0.01541491012241577,
          0.13034524363577432,
          0.19123115658823775,
          0.21148347901216427,
          0.15239640319000083,
          0.09259078876342122
        ],
        [
          0.0846626519255006,
          0.26963348569814627,
          0.03207563184152361,
          0.0029147287869395622,
          0.32337857318292684,
          0.28617064611557674,
          0.0011642824493863116
        ],
        [
          0.17577805096206964,
          0.07990280815904885,
          0.20076008386445635,
          0.050366424227426376,
          0.20073489843811151,
          0.06310223075741482,
          0.22935550359147247
        ],
        [
          0.29768385823546284,
          0.10439142443541971,
          0.21120807426651592,
          0.15564147537513542,
          0.011194085306052964,
          0.19814126513537347,
          0.021739817246039725
        ],
        [
          0.17236380850395516,
          0.18488694098344563,
          0.16976101364443288,
          0.1757637285575751,
          0.04404019009641309,
          0.14343856709903022,
          0.10974575111514787
        ],
        [
          0.14206318150430616,
          0.1564827443447388,
          0.014101906951038516,
          0.12669454996918425,
          0.20965819989160253,
          0.07205222695256393,
          0.27894719038656574
        ],
        [
          0.19552681475511505,
          0.1932207471355001,
          0.09941736973825549,
          0.09003176552618093,
          0.13523047245261557,
          0.06846595960330193,
          0.21810687078903093
        ],
        [
          0.07761829196801218,
          0.000682657228680551,
          0.2625854525173537,
          0.11458255694638786,
          0.22435644302196145,
          0.2869423571703943,
          0.03323224114721
        ],
        [
          0.2271568276445138,
          0.10542584917749571,
          0.22450161770040553,
          0.08102896941508207,
          0.11764383446004081,
          0.11083793361529734,
          0.13340496798716472
        ],
        [
          0.31473547889060316,
          0.04144060827760854,
          0.26931885533060784,
          0.0060856774286817085,
          0.14620414857834152,
          0.20497972559624053,
          0.017235505897916694
        ],
        [
          0.06578754452737329,
          0.03946397362639842,
          0.174402679711541,
          0.17245111500724153,
          0.19968987803345667,
          0.17457008018126513,
          0.17363472891272402
        ],
        [
          0.11063630146357087,
          0.22534982310014864,
          0.031189062780622178,
          0.09676605278559743,
          0.23520925689459973,
          0.25536970583971474,
          0.0454797971357464
        ],
        [
          0.09136691072587991,
          0.18746673088539806,
          0.06916110175716522,
          0.18279737208951918,
          0.21405271677541005,
          0.13741424098179655,
          0.117740926784831
        ],
        [
          0.2460168915918059,
          0.012612987039014898,
          0.17549873966186755,
          0.04077075312358876,
          0.11280649432978036,
          0.20405519024425856,
          0.208238944009684
        ],
        [
          0.07269811146304299,
          0.00502612036794044,
          0.08574539357383103,
          0.24717964148000782,
          0.21040917217447622,
          0.1483849581995671,
          0.2305566027411345
        ],
        [
          0.2036985562929191,
          0.14040450959080128,
          0.13457619272503227,
          0.14953398720528155,
          0.18187461320815973,
          0.16946666464087776,
          0.02044547633692825
        ],
        [
          0.28425955946905623,
          0.17504702516901327,
          0.2605010990361616,
          0.06223340117180589,
          0.07547658408182739,
          0.04941841129338797,
          0.09306391977874774
        ],
        [
          0.040314617376574956,
          0.27562579830062905,
          0.10485146714503274,
          0.23261175134955492,
          0.1024036980577685,
          0.1506273277167275,
          0.09356534005371235
        ],
        [
          0.21818161076706097,
          0.08956179874780978,
          0.09653213453082052,
          0.2046103410927471,
          0.2640278491002173,
          0.002520203806434012,
          0.12456606195491024
        ],
        [
          0.047943481367180255,
          0.048224530828246896,
          0.1792504553355954,
          0.1536496862215816,
          0.05157934385871403,
          0.1758999098675834,
          0.3434525925210985
        ],
        [
          0.12266032921457955,
          0.24149300421203954,
          0.04046804651934353,
          0.06987545769814452,
          0.04128417885600384,
          0.27153480898560245,
          0.21268417451428662
        ],
        [
          0.24966440710614735,
          0.13426182680644475,
          0.0020219188919971378,
          0.1135648970935137,
          0.12611353469526493,
          0.14434078896415733,
          0.2300326264424748
        ],
        [
          0.12426678642776665,
          0.06045141220390186,
          0.02546514460167807,
          0.22735386100691887,
          0.25236036641929127,
          0.09063349817313006,
          0.21946893116731328
        ],
        [
          0.2060301357064937,
          0.24920217218337745,
          0.05056667631676905,
          0.08748172842824414,
          0.08772150119372142,
          0.08553242155464878,
          0.23346536461674552
        ],
        [
          0.3156760861860747,
          0.05053412590102133,
          0.223929169879834,
          0.06085274256036733,
          0.024652249364434855,
          0.3050279167617476,
          0.019327709346520144
        ],
        [
          0.05539644985086807,
          0.16739122069083684,
          0.15045067159740372,
          0.14577335494938445,
          0.17136658403246885,
          0.13965566569826887,
          0.1699660531807691
        ],
        [
          0.023504305135190487,
          0.1972978022003659,
          0.011824794664942804,
          0.10336570383739987,
          0.2627339748107536,
          0.11003420197836332,
          0.291239217372984
        ],
        [
          0.06511257918455438,
          0.14951947801696616,
          0.1660264793204558,
          0.04574719587427731,
          0.2351144969192822,
          0.13237102898481173,
          0.20610874169965238
        ],
        [
          0.1666077137535288,
          0.06276766680591161,
          0.14982239796356936,
          0.23841316352730738,
          0.191022762835575,
          0.016725263794911027,
          0.17464103131919684
        ],
        [
          0.18450960100631222,
          0.12443699315537655,
          0.2305628086245396,
          0.0034771348916458485,
          0.20187028285149006,
          0.20924935455926044,
          0.04589382491137528
        ]
      ],
      "timestamps": [
        54,
        55,
        56,
        57,
        58,
        59,
        60,
        61,
        62,
        63,
        64,
        65,
        66,
        67,
        68,
        69,
        70,
        71,
        72,
        73,
        74,
        75,
        76,
        77,
        78,
        79,
        80,
        81,
        82,
        83
      ],
      "distance": 511.7
    },
    {
      "trip_id": 3,
      "transport_method": "foot",
      "start_time": 84,
      "path": [
        [
          1.5215321000000004,
          42.50806509999999
        ],
        [
          1.521143498386483,
          42.50783379533122
        ],
        [
          1.5207492415775616,
          42.50761235368474
        ],
        [
          1.5204280681534184,
          42.50751434732697
        ],
        [
          1.5207661252658848,
          42.50777000546285
        ],
        [
          1.5211653636500888,
          42.50798242433301
        ],
        [
          1.5215646020342928,
          42.508194843203164
        ],
        [
          1.5219863141182972,
          42.50834982763337
        ],
        [
          1.5224236937524307,
          42.5084647716174
        ],
        [
          1.52209929403839,
          42.50843267885063
        ],
        [
          1.5217796040136111,
          42.50835972915879
        ],
        [
          1.5222205020656117,
          42.50846033716822
        ],
        [
          1.5223034529793997,
          42.50843317217285
        ],
        [
          1.5218660733452665,
          42.50831822818882
        ],
        [
          1.5214802535741667,
          42.508467787275976
        ],
        [
          1.5211020999999998,
          42.508253900000014
        ]
      ],
      "emotions": [
        "red",
        "red",
        "red",
        "red",
        "red",
        "red",
        "red",
        "red",
        "red",
        "red",
        "red",
        "green",
        "green",
        "green",
        "green",
        "green"
      ],
      "mood_vectors": [
        [
          0.08196594219487469,
          0.296637969455579,
          0.16243292872791762,
          0.016298710340081637,
          0.17386496168666118,
          0.0344746421509045,
          0.23432484544398133
        ],
        [
          0.07337440177397211,
          0.16973456629179995,
          0.1380851612585955,
          0.1174525469810134,
          0.21566105019126788,
          0.28203331274182686,
          0.0036589607615242787
        ],
        [
          0.14751163623598787,
          0.040440495799686886,
          0.16369291082957688,
          0.22135151807124112,
          0.07310397072600594,
          0.1817539389743315,
          0.1721455293631698
        ],
        [
          0.1298829779538748,
          0.20443990646350316,
          0.20351038013500589,
          0.23342690442427938,
          0.03412374067577474,
          0.05632420258134964,
          0.1382918877662124
        ],
        [
          0.09800323802922975,
          0.23052132282036994,
          0.21809428543877837,
          0.20890994249657704,
          0.11178853921312902,
          0.09794389462639966,
          0.034738777375516165
        ],
        [
          0.06935320758038284,
          0.07941482306621281,
          0.31637944525678474,
          0.08312279432536834,
          0.05248941845597074,
          0.25985126764705435,
          0.13938904366822605
        ],
        [
          0.12615708103484766,
          0.052200143527070364,
          0.24014785558796142,
          0.07018233848937211,
          0.021231772443873465,
          0.23547864811187866,
          0.25460216080499626
        ],
        [
          0.07639038853677521,
          0.19827827422805053,
          0.2070370223060972,
          0.04751196839634045,
          0.024856551430632534,
          0.23067584830196497,
          0.21524994680013923
        ],
        [
          0.10038148909668598,
          0.010510664131552445,
          0.13624909839518384,
          0.1733811035903354,
          0.2941742975555866,
          0.12972509905186205,
          0.1555782481787938
        ],
        [
          0.2309420419089263,
          0.16967333661736214,
          0.06832498470463377,
          0.1303550240572344,
          0.14738071531051128,
          0.1687641166964103,
          0.08455978070492168
        ],
        [
          0.2072838891651955,
          0.19063418826286546,
          0.11574316899021392,
          0.07965676219416165,
          0.024185299492082517,
          0.13835564295615776,
          0.24414104893932315
        ],
        [
          0.07910421663743546,
          0.04861829394634653,
          0.26287004242449824,
          0.12669292555098496,
          0.12714900365847356,
          0.1870680385893585,
          0.1684974791929027
        ],
        [
          0.1542519867560378,
          0.16369634281176615,
          0.10134859193520539,
          0.039956215053655514,
          0.17939474956249019,
          0.13902030862094764,
          0.22233180525989743
        ],
        [
          0.26726269618811016,
          0.12241414974395158,
          0.0016630491431263836,
          0.15138852029336441,
          0.19060122362046208,
          0.03485219859066725,
          0.2318181624203181
        ],
        [
          0.08417729808020004,
          0.22956610496421742,
          0.1016274227466283,
          0.21852870770956956,
          0.08996884334918233,
          0.2323697621342154,
          0.043761861015986996
        ],
        [
          0.1946317378811887,
          0.10229350999676524,
          0.086153989289187,
          0.25276849507349225,
          0.18263690724487788,
          0.1450031140512332,
          0.036512246463255744
        ]
      ],
      "timestamps": [
        84,
        85,
        86,
        87,
        88,
        89,
        90,
        91,
        92,
        93,
        94,
        95,
        96,
        97,
        98,
        99
      ],
      "distance": 281.6
    }
  ],
  "conversation": [
    "So many tiny businesses tucked into corners.",
    "What if I just never go back to the office?",
    "Hearing four languages in two blocks — I love this city."
  ],
  "conversation_timestamps": [
    0,
    37,
    70
  ]
}
