{"agent_id": "agent-blue-555", "type": "blue", "trips": [{"trip_id": 0, "transport_method": "bus", "start_time": 0, "path": [[1.5155855, 42.5445226], [1.5164726, 42.5436362], [1.5172664, 42.542702], [1.5180144, 42.5417359], [1.5191427, 42.5412109], [1.5193918, 42.5401141], [1.5194591, 42.5390817], [1.5194043, 42.5399969], [1.5195313, 42.5387484], [1.519895, 42.5375592], [1.5204924, 42.5364642], [1.5212299, 42.535645], [1.5202882, 42.5348176], [1.5194873, 42.5338748], [1.5197191, 42.5326711], [1.5197191, 42.5314717], [1.5195809, 42.5317064], [1.5199604, 42.5308016], [1.5204574, 42.5306977], [1.5210126, 42.5299608], [1.5219392, 42.5291173], [1.5229458, 42.5283694], [1.5239938, 42.5276795], [1.5250799, 42.5270519], [1.5261935, 42.5264735], [1.5273366, 42.5259563], [1.5284958, 42.5254772], [1.5296738, 42.5250444], [1.5308827, 42.5247102], [1.5320968, 42.5243928], [1.5333183, 42.5241062], [1.5345454, 42.523843], [1.5357763, 42.5235995], [1.5370121, 42.5233809], [1.5382479, 42.5231624], [1.5394856, 42.5229553], [1.5407236, 42.5227498], [1.5419602, 42.5225365], [1.5431865, 42.52227], [1.5444115, 42.5219977], [1.5456338, 42.5217133], [1.54685, 42.5214039], [1.5480555, 42.5210562], [1.5492554, 42.5206887], [1.5504413, 42.5202784], [1.5516081, 42.519817], [1.5527585, 42.519316], [1.5538689, 42.5187333], [1.5549742, 42.5181405], [1.5560311, 42.5185012], [1.556814, 42.5194711], [1.5576668, 42.5203364], [1.5585805, 42.5211963], [1.559577, 42.5219494], [1.5596029, 42.5220307], [1.5606716, 42.5226707], [1.5616808, 42.5234152], [1.5625172, 42.524347], [1.5636557, 42.5248429], [1.5648054, 42.5252561], [1.5659684, 42.5257217], [1.5669978, 42.5264327], [1.5680167, 42.5271608], [1.5690856, 42.5277953], [1.5701611, 42.5284349], [1.5711553, 42.5291894], [1.5721049, 42.5299972], [1.5728608, 42.5309936], [1.5737233, 42.5319022], [1.5748081, 42.5323826], [1.5760304, 42.5326318], [1.5772535, 42.5328282], [1.5784924, 42.5330053], [1.5796757, 42.5334053], [1.5803862, 42.534052], [1.5793437, 42.5347223], [1.5790528, 42.5355964], [1.5778262, 42.5356882], [1.5784199, 42.5359785], [1.5794475, 42.5364095]], "mood_vectors": [[0.024, 0.0706, 0.0148, 0.7322, 0.0418, 0.0578, 0.0587], [0.0506, 0.016, 0.0523, 0.646, 0.0715, 0.0735, 0.0901], [0.0435, 0.0612, 0.0212, 0.717, 0.0578, 0.0357, 0.0635], [0.025, 0.0577, 0.0742, 0.6996, 0.0312, 0.0441, 0.0682], [0.0836, 0.0227, 0.0185, 0.7587, 0.034, 0.0311, 0.0513], [0.0539, 0.0628, 0.0336, 0.7252, 0.0481, 0.0501, 0.0264], [0.0284, 0.0227, 0.0468, 0.7668, 0.0368, 0.0366, 0.0619], [0.0614, 0.0596, 0.0536, 0.6953, 0.069, 0.0217, 0.0394], [0.0564, 0.0479, 0.0114, 0.7348, 0.058, 0.0456, 0.0459], [0.0529, 0.088, 0.0503, 0.6923, 0.0236, 0.0665, 0.0263], [0.0445, 0.0747, 0.0441, 0.7549, 0.0247, 0.0187, 0.0385], [0.0279, 0.0566, 0.0509, 0.7023, 0.0583, 0.0543, 0.0497], [0.0199, 0.0334, 0.0865, 0.6984, 0.0483, 0.0598, 0.0536], [0.0315, 0.0433, 0.0416, 0.7254, 0.0322, 0.0806, 0.0453], [0.0318, 0.0695, 0.0447, 0.7304, 0.0474, 0.0627, 0.0134], [0.016, 0.0382, 0.0567, 0.7714, 0.0151, 0.0723, 0.0303], [0.0253, 0.0504, 0.0475, 0.7237, 0.0686, 0.0469, 0.0377], [0.0675, 0.0651, 0.0218, 0.6866, 0.0364, 0.0859, 0.0367], [0.0732, 0.0425, 0.0296, 0.6491, 0.0932, 0.0749, 0.0375], [0.0604, 0.0782, 0.0221, 0.7154, 0.0678, 0.032, 0.0242], [0.0165, 0.0734, 0.0605, 0.7277, 0.0205, 0.0699, 0.0316], [0.0386, 0.0277, 0.0463, 0.6913, 0.0807, 0.0554, 0.0601], [0.0514, 0.064, 0.052, 0.6688, 0.0596, 0.044, 0.0602], [0.0148, 0.0839, 0.019, 0.7014, 0.0511, 0.0835, 0.0464], [0.0753, 0.0251, 0.0456, 0.6522, 0.0327, 0.0776, 0.0916], [0.0599, 0.0788, 0.0828, 0.6628, 0.0208, 0.0253, 0.0696], [0.0412, 0.0581, 0.0184, 0.7466, 0.0496, 0.0223, 0.0638], [0.0798, 0.0729, 0.0706, 0.5825, 0.0554, 0.0739, 0.065], [0.0679, 0.0554, 0.068, 0.6146, 0.0593, 0.054, 0.0807], [0.0221, 0.0577, 0.0185, 0.695, 0.0608, 0.0772, 0.0687], [0.0435, 0.0712, 0.0452, 0.6796, 0.0202, 0.0917, 0.0485], [0.0767, 0.0546, 0.0338, 0.65, 0.0645, 0.0438, 0.0767], [0.0349, 0.0268, 0.1054, 0.7291, 0.033, 0.0403, 0.0305], [0.0278, 0.0633, 0.026, 0.7411, 0.0327, 0.0332, 0.0758], [0.0187, 0.0314, 0.0472, 0.7663, 0.0157, 0.0346, 0.0862], [0.078, 0.0186, 0.0437, 0.6762, 0.0872, 0.0342, 0.0621], [0.0888, 0.0566, 0.0142, 0.6328, 0.0874, 0.0497, 0.0705], [0.0211, 0.0203, 0.0343, 0.7807, 0.076, 0.0398, 0.0279], [0.0788, 0.0321, 0.0337, 0.6855, 0.0634, 0.0472, 0.0594], [0.0701, 0.0367, 0.0392, 0.7087, 0.0168, 0.072, 0.0564], [0.0784, 0.0205, 0.0665, 0.7256, 0.0314, 0.0628, 0.0148], [0.0418, 0.0327, 0.0783, 0.73, 0.0143, 0.0508, 0.0522], [0.0647, 0.0214, 0.0725, 0.709, 0.0807, 0.0212, 0.0305], [0.042, 0.0263, 0.0654, 0.7037, 0.084, 0.0479, 0.0308], [0.0356, 0.0505, 0.0282, 0.6927, 0.0701, 0.0506, 0.0723], [0.0413, 0.0254, 0.0775, 0.6881, 0.0685, 0.0472, 0.0521], [0.0685, 0.0732, 0.0421, 0.7155, 0.0181, 0.0449, 0.0376], [0.085, 0.0815, 0.0272, 0.6555, 0.0829, 0.0134, 0.0546], [0.0651, 0.0309, 0.0251, 0.7074, 0.0638, 0.0322, 0.0755], [0.0624, 0.0472, 0.0247, 0.6958, 0.0387, 0.1049, 0.0264], [0.076, 0.0171, 0.0279, 0.7264, 0.0616, 0.0317, 0.0593], [0.0656, 0.0244, 0.0683, 0.6274, 0.0669, 0.0742, 0.0731], [0.0822, 0.0763, 0.0585, 0.6554, 0.015, 0.0282, 0.0845], [0.0281, 0.0461, 0.0986, 0.669, 0.0157, 0.0681, 0.0745], [0.0278, 0.0962, 0.0223, 0.6351, 0.0715, 0.0545, 0.0926], [0.0663, 0.0547, 0.0523, 0.6267, 0.0439, 0.0784, 0.0777], [0.0485, 0.0396, 0.0618, 0.6507, 0.0732, 0.0858, 0.0405], [0.0361, 0.0595, 0.0577, 0.7574, 0.0572, 0.0187, 0.0134], [0.0558, 0.0555, 0.0192, 0.6902, 0.07, 0.0277, 0.0815], [0.0144, 0.0187, 0.049, 0.7634, 0.031, 0.0716, 0.0518], [0.0412, 0.0297, 0.0577, 0.7184, 0.0771, 0.0272, 0.0486], [0.027, 0.0692, 0.0609, 0.6605, 0.0708, 0.0514, 0.0602], [0.0403, 0.0573, 0.0385, 0.7066, 0.038, 0.0676, 0.0516], [0.0545, 0.0608, 0.0398, 0.7261, 0.0215, 0.0557, 0.0415], [0.0217, 0.0166, 0.1002, 0.7061, 0.0852, 0.0156, 0.0545], [0.0547, 0.0548, 0.0165, 0.7569, 0.0764, 0.0274, 0.0133], [0.0713, 0.0716, 0.0689, 0.6241, 0.0295, 0.0714, 0.0632], [0.0179, 0.0301, 0.0457, 0.7037, 0.0831, 0.0579, 0.0615], [0.0743, 0.0843, 0.0266, 0.6387, 0.0701, 0.0853, 0.0206], [0.076, 0.0186, 0.0782, 0.66, 0.07, 0.0703, 0.0269], [0.0158, 0.0686, 0.0644, 0.6355, 0.0834, 0.0424, 0.09], [0.0335, 0.0171, 0.0295, 0.6883, 0.0657, 0.0752, 0.0907], [0.0207, 0.0618, 0.0727, 0.7365, 0.0662, 0.0163, 0.0259], [0.0653, 0.0573, 0.0515, 0.6317, 0.0631, 0.0703, 0.0608], [0.035, 0.0249, 0.0433, 0.6941, 0.052, 0.0732, 0.0775], [0.0317, 0.0184, 0.0382, 0.7614, 0.0809, 0.0486, 0.0208], [0.0232, 0.0526, 0.0595, 0.7069, 0.0305, 0.0674, 0.0599], [0.0503, 0.0807, 0.0164, 0.6695, 0.044, 0.0504, 0.0887], [0.0753, 0.083, 0.0183, 0.6914, 0.0196, 0.0201, 0.0922], [0.0379, 0.0822, 0.0349, 0.6581, 0.0543, 0.066, 0.0666]], "emotions": ["green", "green", "green", "green", "green", "green", "green", "green", "green", "green", "green", "green", "green", "green", "green", "green", "green", "green", "green", "green", "green", "green", "green", "green", "green", "green", "green", "green", "green", "green", "green", "green", "green", "green", "green", "green", "green", "green", "green", "green", "green", "green", "green", "green", "green", "green", "green", "green", "green", "green", "green", "green", "green", "green", "green", "green", "green", "green", "green", "green", "green", "green", "green", "green", "green", "green", "green", "green", "green", "green", "green", "green", "green", "green", "green", "green", "green", "green", "green", "green"], "timestamps": [0, 40, 80, 120, 160, 200, 240, 280, 320, 360, 400, 440, 480, 520, 560, 600, 640, 680, 720, 760, 800, 840, 880, 920, 960, 1000, 1040, 1080, 1120, 1160, 1200, 1240, 1280, 1320, 1360, 1400, 1440, 1480, 1520, 1560, 1600, 1640, 1680, 1720, 1760, 1800, 1840, 1880, 1920, 1960, 2000, 2040, 2080, 2120, 2160, 2200, 2240, 2280, 2320, 2360, 2400, 2440, 2480, 2520, 2560, 2600, 2640, 2680, 2720, 2760, 2800, 2840, 2880, 2920, 2960, 3000, 3040, 3080, 3120, 3160]}], "conversation": [], "conversation_timestamps": []}