{"agent_id": "agent-red-1641", "type": "red", "trips": [{"trip_id": 0, "transport_method": "foot", "start_time": 0, "path": [[1.5337639, 42.5089109], [1.5338042, 42.5088639], [1.5338446, 42.5088169], [1.533885, 42.50877], [1.5339253, 42.508723], [1.5339657, 42.5086761], [1.5340061, 42.5086291], [1.5340464, 42.5085822], [1.5340868, 42.5085352], [1.5341011, 42.5084762], [1.5341107, 42.508415], [1.5341204, 42.5083538], [1.5341301, 42.5082927], [1.5341398, 42.5082315], [1.5341495, 42.5081704], [1.5341591, 42.5081092], [1.5341688, 42.508048], [1.5341785, 42.5079869], [1.5341882, 42.5079257], [1.5341978, 42.5078645], [1.5342033, 42.507803], [1.5342045, 42.5077411], [1.5342058, 42.5076792], [1.534207, 42.5076173], [1.5342082, 42.5075554], [1.5342095, 42.5074935], [1.5342107, 42.5074315], [1.5342119, 42.5073696], [1.5342132, 42.5073077], [1.5342142, 42.5072658], [1.5342145, 42.5073277], [1.5342137, 42.5073896], [1.5342112, 42.5074515], [1.5342093, 42.5075134], [1.5342081, 42.5075753], [1.5342068, 42.5076372], [1.5342055, 42.5076991], [1.5342042, 42.507761], [1.5342029, 42.5078229], [1.5342064, 42.507783], [1.5342109, 42.5077212], [1.5342155, 42.5076595], [1.53422, 42.5075977], [1.5342245, 42.5075359], [1.534229, 42.5074742], [1.5342335, 42.5074124], [1.534238, 42.5073507], [1.5342426, 42.5072889], [1.5342471, 42.5072271], [1.5342516, 42.5071654], [1.5342561, 42.5071036], [1.5342606, 42.5070419], [1.5342651, 42.5069801], [1.5342697, 42.5069184], [1.5342742, 42.5068566], [1.5342787, 42.5067948], [1.5342832, 42.5067331], [1.5342877, 42.5066713], [1.5342744, 42.50664], [1.5342289, 42.5066815], [1.534217, 42.5067401], [1.5342122, 42.5068018], [1.5342073, 42.5068636], [1.5342025, 42.5069253], [1.5341965, 42.5069453], [1.5341881, 42.5068839], [1.5341797, 42.5068226], [1.5341713, 42.5067612], [1.5341629, 42.5066999], [1.5341545, 42.5066385], [1.5341462, 42.5065772], [1.5341378, 42.5065158], [1.5341294, 42.5064545], [1.5340963, 42.5064234], [1.5340346, 42.5064239], [1.5339728, 42.5064189], [1.5339137, 42.5064008], [1.5338548, 42.5063819], [1.5337958, 42.506363], [1.5337368, 42.506344]], "mood_vectors": [[0.7745, 0.0168, 0.0581, 0.0226, 0.0897, 0.0232, 0.0151], [0.6697, 0.036, 0.0401, 0.0858, 0.031, 0.0716, 0.0659], [0.7169, 0.0581, 0.0588, 0.0823, 0.0387, 0.0172, 0.0279], [0.7038, 0.0813, 0.0283, 0.0902, 0.0261, 0.025, 0.0451], [0.7434, 0.074, 0.0241, 0.0153, 0.0366, 0.0594, 0.0472], [0.6706, 0.0573, 0.0645, 0.0375, 0.0839, 0.0214, 0.0648], [0.682, 0.0605, 0.0736, 0.0573, 0.0567, 0.0158, 0.054], [0.7085, 0.0251, 0.0241, 0.0425, 0.0685, 0.0599, 0.0715], [0.6692, 0.069, 0.0324, 0.0863, 0.0143, 0.06, 0.0689], [0.6689, 0.0464, 0.049, 0.0577, 0.0685, 0.0675, 0.042], [0.6867, 0.0315, 0.0284, 0.0664, 0.0633, 0.0484, 0.0752], [0.7125, 0.0383, 0.0196, 0.0459, 0.0779, 0.0329, 0.073], [0.7251, 0.0146, 0.0572, 0.0194, 0.0357, 0.0692, 0.0788], [0.6735, 0.0679, 0.0544, 0.0422, 0.0611, 0.0445, 0.0564], [0.7258, 0.0518, 0.0433, 0.0148, 0.0679, 0.0548, 0.0415], [0.6447, 0.0539, 0.0726, 0.0543, 0.0426, 0.0738, 0.058], [0.7077, 0.033, 0.0634, 0.0518, 0.0564, 0.0551, 0.0326], [0.6939, 0.0586, 0.0209, 0.0629, 0.0342, 0.0471, 0.0824], [0.6541, 0.0418, 0.0883, 0.0458, 0.0713, 0.0696, 0.0291], [0.6513, 0.0854, 0.0344, 0.084, 0.0239, 0.0617, 0.0592], [0.6181, 0.0352, 0.0864, 0.0842, 0.0834, 0.0387, 0.0541], [0.6875, 0.0402, 0.0651, 0.0687, 0.0211, 0.0626, 0.0549], [0.6661, 0.0686, 0.0356, 0.0733, 0.0732, 0.0281, 0.0551], [0.7185, 0.0183, 0.0357, 0.0866, 0.0609, 0.0241, 0.056], [0.6328, 0.0861, 0.0691, 0.0154, 0.0839, 0.0443, 0.0685], [0.7332, 0.0271, 0.0285, 0.0726, 0.069, 0.0201, 0.0495], [0.8012, 0.0543, 0.0255, 0.0224, 0.038, 0.018, 0.0408], [0.7284, 0.0475, 0.0329, 0.0412, 0.0656, 0.0581, 0.0263], [0.6918, 0.0172, 0.0455, 0.0721, 0.0626, 0.0479, 0.0628], [0.7116, 0.0439, 0.0217, 0.04, 0.0483, 0.0616, 0.0728], [0.7016, 0.0683, 0.0166, 0.0381, 0.0434, 0.0568, 0.0751], [0.7394, 0.0635, 0.0176, 0.0267, 0.0772, 0.0201, 0.0555], [0.7486, 0.0275, 0.0589, 0.0604, 0.0173, 0.0722, 0.0151], [0.64, 0.0819, 0.0685, 0.0746, 0.031, 0.021, 0.083], [0.6137, 0.0836, 0.073, 0.0262, 0.0505, 0.0852, 0.0678], [0.6701, 0.0314, 0.0738, 0.0404, 0.0356, 0.0744, 0.0743], [0.7691, 0.0303, 0.035, 0.0365, 0.0164, 0.0155, 0.0971], [0.7696, 0.0543, 0.0727, 0.0195, 0.0382, 0.0219, 0.0239], [0.6574, 0.0714, 0.0376, 0.0735, 0.0215, 0.0636, 0.0751], [0.7358, 0.0299, 0.0593, 0.0404, 0.0327, 0.0419, 0.0601], [0.6692, 0.0269, 0.0552, 0.0259, 0.0823, 0.0864, 0.0542], [0.8215, 0.0422, 0.0186, 0.0377, 0.0468, 0.0151, 0.018], [0.6642, 0.0364, 0.0613, 0.0561, 0.0252, 0.0761, 0.0808], [0.6755, 0.0628, 0.0184, 0.0847, 0.0311, 0.044, 0.0835], [0.6783, 0.0696, 0.043, 0.0296, 0.0671, 0.0684, 0.044], [0.7161, 0.0744, 0.0439, 0.0227, 0.0888, 0.0228, 0.0312], [0.7275, 0.0398, 0.0388, 0.0345, 0.0612, 0.0556, 0.0426], [0.687, 0.0594, 0.0371, 0.0599, 0.0358, 0.0374, 0.0833], [0.6885, 0.0445, 0.067, 0.0686, 0.058, 0.0193, 0.0541], [0.7099, 0.0531, 0.0371, 0.0833, 0.0506, 0.0518, 0.0141], [0.7802, 0.027, 0.0573, 0.0162, 0.0514, 0.0239, 0.044], [0.7508, 0.0203, 0.056, 0.0529, 0.055, 0.0363, 0.0287], [0.7721, 0.0274, 0.083, 0.0383, 0.0174, 0.0474, 0.0144], [0.7195, 0.0232, 0.0503, 0.0173, 0.0733, 0.0343, 0.082], [0.7283, 0.023, 0.0314, 0.0507, 0.0586, 0.0889, 0.0191], [0.7436, 0.0156, 0.0261, 0.0763, 0.0339, 0.0636, 0.0409], [0.7085, 0.0614, 0.0189, 0.0367, 0.0647, 0.0628, 0.047], [0.5858, 0.0698, 0.067, 0.0847, 0.0861, 0.0747, 0.032], [0.712, 0.0834, 0.0335, 0.026, 0.0696, 0.0448, 0.0307], [0.7429, 0.0442, 0.0373, 0.0285, 0.0234, 0.0554, 0.0683], [0.6632, 0.0559, 0.0236, 0.0539, 0.0789, 0.0504, 0.0741], [0.6658, 0.0408, 0.0833, 0.0238, 0.091, 0.0646, 0.0308], [0.7253, 0.0541, 0.02, 0.0546, 0.0756, 0.0435, 0.0269], [0.6938, 0.06, 0.0301, 0.0361, 0.0559, 0.043, 0.0811], [0.8058, 0.0482, 0.0173, 0.0253, 0.0297, 0.0505, 0.0231], [0.7011, 0.0511, 0.035, 0.0286, 0.089, 0.0472, 0.048], [0.6847, 0.0262, 0.0519, 0.0859, 0.0624, 0.0604, 0.0285], [0.6244, 0.0393, 0.0571, 0.0942, 0.0158, 0.0899, 0.0793], [0.6795, 0.0476, 0.0477, 0.0603, 0.0577, 0.0439, 0.0632], [0.7005, 0.0732, 0.0328, 0.0203, 0.0796, 0.0689, 0.0246], [0.7056, 0.0372, 0.0496, 0.0518, 0.0347, 0.0754, 0.0457], [0.7294, 0.0601, 0.0471, 0.0664, 0.0263, 0.0494, 0.0212], [0.7225, 0.0487, 0.0871, 0.0192, 0.0376, 0.0188, 0.0662], [0.6959, 0.0297, 0.0636, 0.0211, 0.0919, 0.0696, 0.028], [0.6948, 0.0463, 0.0388, 0.0176, 0.0757, 0.0508, 0.076], [0.6716, 0.0735, 0.0574, 0.0243, 0.0624, 0.0386, 0.0721], [0.6806, 0.0458, 0.03, 0.0675, 0.0869, 0.0347, 0.0545], [0.694, 0.0556, 0.0782, 0.0194, 0.0876, 0.0186, 0.0467], [0.6479, 0.0897, 0.0724, 0.0473, 0.0517, 0.0625, 0.0286], [0.714, 0.0269, 0.0604, 0.0583, 0.0412, 0.0621, 0.0371]], "emotions": ["red", "red", "red", "red", "red", "red", "red", "red", "red", "red", "red", "red", "red", "red", "red", "red", "red", "red", "red", "red", "red", "red", "red", "red", "red", "red", "red", "red", "red", "red", "red", "red", "red", "red", "red", "red", "red", "red", "red", "red", "red", "red", "red", "red", "red", "red", "red", "red", "red", "red", "red", "red", "red", "red", "red", "red", "red", "red", "red", "red", "red", "red", "red", "red", "red", "red", "red", "red", "red", "red", "red", "red", "red", "red", "red", "red", "red", "red", "red", "red"], "timestamps": [0, 40, 80, 120, 160, 200, 240, 280, 320, 360, 400, 440, 480, 520, 560, 600, 640, 680, 720, 760, 800, 840, 880, 920, 960, 1000, 1040, 1080, 1120, 1160, 1200, 1240, 1280, 1320, 1360, 1400, 1440, 1480, 1520, 1560, 1600, 1640, 1680, 1720, 1760, 1800, 1840, 1880, 1920, 1960, 2000, 2040, 2080, 2120, 2160, 2200, 2240, 2280, 2320, 2360, 2400, 2440, 2480, 2520, 2560, 2600, 2640, 2680, 2720, 2760, 2800, 2840, 2880, 2920, 2960, 3000, 3040, 3080, 3120, 3160]}], "conversation": [], "conversation_timestamps": []}