{
  "agent_id": "agent-type-orange-44",
  "type": "orange",
  "trips": [
    {
      "trip_id": 0,
      "transport_method": "car",
      "start_time": 0,
      "path": [
        [
          1.5262127000000003,
          42.5067624
        ],
        [
          1.5269595678763384,
          42.50714994500698
        ],
        [
          1.527829928809706,
          42.50710665025036
        ],
        [
          1.5272552193455728,
          42.50615706765282
        ],
        [
          1.526722260232005,
          42.5061979050255
        ],
        [
          1.526728918249746,
          42.506206242478
        ],
        [
          1.5272483170329252,
          42.50614893129033
        ],
        [
          1.5278232638667844,
          42.5070983183328
        ],
        [
          1.5269702030081698,
          42.50715080307766
        ],
        [
          1.5262841767859985,
          42.506868893652445
        ],
        [
          1.5271607599629733,
          42.50694214348634
        ],
        [
          1.5261729597082776,
          42.50701625536645
        ],
        [
          1.5252780379866993,
          42.50691546074429
        ],
        [
          1.524977607600967,
          42.506953194232565
        ],
        [
          1.5242514971284535,
          42.5068007256224
        ],
        [
          1.5231577424503642,
          42.50653592565624
        ],
        [
          1.5220663009408748,
          42.50628317331463
        ],
        [
          1.5210562542784631,
          42.50599983994891
        ],
        [
          1.5213690980498429,
          42.50621364103445
        ],
        [
          1.5213963807398592,
          42.506242960333495
        ],
        [
          1.5203628516716963,
          42.50584027188091
        ],
        [
          1.519265890622062,
          42.505586315449534
        ],
        [
          1.5183760462950326,
          42.5057311852756
        ],
        [
          1.51915499032935,
          42.50632385806255
        ],
        [
          1.520176286516134,
          42.506434900474055
        ],
        [
          1.519451015739399,
          42.50692732793999
        ],
        [
          1.5200326396385415,
          42.50743338199704
        ],
        [
          1.5193098,
          42.5074885
        ]
      ],
      "emotions": [
        "red",
        "red",
        "red",
        "red",
        "red",
        "purple",
        "purple",
        "purple",
        "purple",
        "purple",
        "purple",
        "purple",
        "purple",
        "purple",
        "purple",
        "green",
        "green",
        "green",
        "green",
        "green",
        "red",
        "red",
        "red",
        "red",
        "red",
        "purple",
        "purple",
        "purple"
      ],
      "mood_vectors": [
        [
          0.16667885004783656,
          0.12046853848159982,
          0.08417683987310288,
          0.19179988979594628,
          0.21709591893540375,
          0.19603073582065633,
          0.02374922704545429
        ],
        [
          0.24623550065759917,
          0.15654145144174383,
          0.136342703336956,
          0.16195535437248693,
          0.10513105363829467,
          0.10963676781060754,
          0.0841571687423119
        ],
        [
          0.04172956898580693,
          0.08702767749878827,
          0.06089849820890196,
          0.2075168155483078,
          0.3288137373716416,
          0.1500616748973625,
          0.1239520274891909
        ],
        [
          0.09355070814451907,
          0.2561356814187361,
          0.12222288295415844,
          0.015947101969341845,
          0.19410705863979677,
          0.08146601451152609,
          0.23657055236192182
        ],
        [
          0.1575079981849142,
          0.22589561225199586,
          0.15001535256095003,
          0.11377874893756544,
          0.06971603179208333,
          0.12656576248867463,
          0.15652049378381647
        ],
        [
          0.2210030974653924,
          0.47975457687788226,
          0.08006326383485347,
          0.0508881009558509,
          0.008635784231543802,
          0.14286739171605947,
          0.016787784918417724
        ],
        [
          0.2562084070464899,
          0.22698577687880334,
          0.00657068343913465,
          0.24946835672625006,
          0.10022403547294022,
          0.1556895012961996,
          0.004853239140182236
        ],
        [
          0.20858039625423258,
          0.18878426032454945,
          0.16715128482809205,
          0.05346872026612942,
          0.14812991198889727,
          0.060206753255251,
          0.17367867308284826
        ],
        [
          0.24899117747565935,
          0.22512240142215847,
          0.018176886323491584,
          0.07871074064976877,
          0.05937638694497731,
          0.25031862291220247,
          0.11930378427174203
        ],
        [
          0.0944580981989868,
          0.27579607746521045,
          0.22706851477054538,
          0.13510019872709414,
          0.01914512769646248,
          0.13166359763454738,
          0.11676838550715332
        ],
        [
          0.09428236461709735,
          0.14675865969059665,
          0.1897651406116891,
          0.23441148223933386,
          0.13915168470063347,
          0.15627823486956005,
          0.03935243327108952
        ],
        [
          0.04609190562421936,
          0.2285999161564176,
          0.02943951517666131,
          0.24441108372609543,
          0.2384147342042783,
          0.058788617103082356,
          0.15425422800924565
        ],
        [
          0.46427070457056036,
          0.001353882579059165,
          0.21321838199447612,
          0.0965435970423581,
          0.09160501976526449,
          0.023726905915032067,
          0.10928150813324979
        ],
        [
          0.24996153111733546,
          0.03871655647997128,
          0.017958102833836566,
          0.13481782305616782,
          0.2013203638822033,
          0.21080211660190656,
          0.146423506028579
        ],
        [
          0.08423123822178054,
          0.0407338516166715,
          0.22266126487092686,
          0.2573804278483024,
          0.0626976713490741,
          0.18202057455726536,
          0.15027497153597924
        ],
        [
          0.03688782509983378,
          0.06762933128559656,
          0.28373337183706815,
          0.060036200469378576,
          0.23047412980916443,
          0.05378761802304275,
          0.2674515234759157
        ],
        [
          0.23234909534796108,
          0.06427556767301472,
          0.1512606567275635,
          0.14003706529333712,
          0.16035846519272737,
          0.14078888841772344,
          0.11093026134767274
        ],
        [
          0.24036595471267136,
          0.06834180215683573,
          0.19009711576745308,
          0.04287185601174541,
          0.18718823031272605,
          0.04495245019205601,
          0.22618259084651246
        ],
        [
          0.0668109250330181,
          0.18564304032235027,
          0.13307775173639314,
          0.2093385055698616,
          0.12800162742796795,
          0.15247762683505783,
          0.12465052307535109
        ],
        [
          0.21110161065430236,
          0.0492733919823719,
          0.08290901502349479,
          0.23707158373366272,
          0.16572971758312177,
          0.13390919703489101,
          0.1200054839881555
        ],
        [
          0.14420063258037633,
          0.1391319431769294,
          0.07381567036669985,
          0.1438589331912899,
          0.16406853225331422,
          0.03702241987118679,
          0.2979018685602035
        ],
        [
          0.04202031923835788,
          0.09963018853172939,
          0.343662895651574,
          0.06937308048786861,
          0.12179714409035733,
          0.22354023801723932,
          0.09997613398287349
        ],
        [
          0.07326420788945748,
          0.17606418972243723,
          0.1410347929756987,
          0.2829056043142261,
          0.019466672588205513,
          0.12004220195423995,
          0.18722233055573503
        ],
        [
          0.14823715755737585,
          0.17871328934600683,
          0.16346962724688693,
          0.13515721871846428,
          0.13649317222741572,
          0.1389487286542302,
          0.09898080624962022
        ],
        [
          0.01106823208891377,
          0.17248310017853266,
          0.15113354762103082,
          0.43943391039825475,
          0.03901406152184281,
          0.10577194421547495,
          0.0810952039759503
        ],
        [
          0.10929439152342604,
          0.248252366398621,
          0.11844673844876945,
          0.05031124319951732,
          0.1580327122914123,
          0.10482944235681209,
          0.21083310578144182
        ],
        [
          0.1832826326410606,
          0.16456183685659448,
          0.17562219084276712,
          0.1849596090827964,
          0.05795594675446806,
          0.08367602927155292,
          0.14994175455076045
        ],
        [
          0.146760461764187,
          0.3819304195981624,
          0.06864166049629031,
          0.1515195945409008,
          0.08051719756212036,
          0.12626148591521116,
          0.04436918012312803
        ]
      ],
      "timestamps": [
        0,
        1,
        2,
        3,
        4,
        5,
        6,
        7,
        8,
        9,
        10,
        11,
        12,
        13,
        14,
        15,
        16,
        17,
        18,
        19,
        20,
        21,
        22,
        23,
        24,
        25,
        26,
        27
      ],
      "distance": 926.4
    },
    {
      "trip_id": 1,
      "transport_method": "foot",
      "start_time": 28,
      "path": [
        [
          1.5193098,
          42.5074885
        ],
        [
          1.5197597894751513,
          42.50759577928634
        ],
        [
          1.5196378808477196,
          42.50777116662703
        ],
        [
          1.519604521149017,
          42.50816977699648
        ],
        [
          1.5197251568311323,
          42.508592464100076
        ],
        [
          1.5196678427507584,
          42.508526517081634
        ],
        [
          1.5195869945704725,
          42.508071036077894
        ],
        [
          1.519727241118069,
          42.50772565078317
        ],
        [
          1.520157693734549,
          42.507562278615524
        ],
        [
          1.5205757143527938,
          42.50766869538691
        ],
        [
          1.5209841070920582,
          42.50788598492541
        ],
        [
          1.5213924998313226,
          42.508103274463906
        ],
        [
          1.5216630168493268,
          42.50833113616615
        ],
        [
          1.5212847657454633,
          42.50837257619761
        ],
        [
          1.5213073536805894,
          42.50838725136423
        ],
        [
          1.5216845899030236,
          42.50831500611088
        ],
        [
          1.5221228614003068,
          42.50838571245145
        ],
        [
          1.5224975365874052,
          42.50837362707434
        ],
        [
          1.5224241849753026,
          42.50804346217083
        ],
        [
          1.522212429191789,
          42.508176202704036
        ],
        [
          1.5225629766351199,
          42.508082996424015
        ],
        [
          1.523013861930697,
          42.50807520586223
        ],
        [
          1.5232927340800768,
          42.50840586058396
        ],
        [
          1.5237010221666283,
          42.50862070684874
        ],
        [
          1.5238282419574938,
          42.508875484725316
        ],
        [
          1.5235340179259134,
          42.50883943679728
        ],
        [
          1.5232526000000002,
          42.50911870000001
        ]
      ],
      "emotions": [
        "purple",
        "purple",
        "green",
        "green",
        "green",
        "green",
        "green",
        "green",
        "green",
        "green",
        "green",
        "green",
        "purple",
        "purple",
        "purple",
        "purple",
        "purple",
        "green",
        "green",
        "green",
        "green",
        "green",
        "purple",
        "purple",
        "purple",
        "purple",
        "purple"
      ],
      "mood_vectors": [
        [
          0.2127708675138469,
          0.19332843495713048,
          0.0607109529612793,
          0.011382875523092674,
          0.17713394515662434,
          0.13579296823290252,
          0.2088799556551238
        ],
        [
          0.007858619032824268,
          0.02119269459177017,
          0.0865588778139803,
          0.2182618593127598,
          0.23075164269421697,
          0.3292338099200589,
          0.10614249663438952
        ],
        [
          0.2330565051600817,
          0.13215816264163996,
          0.10423504913556751,
          0.03778070441484755,
          0.2767188425884598,
          0.03862479388163842,
          0.17742594217776506
        ],
        [
          0.13619588012470868,
          0.2115349378540287,
          0.01678365539187332,
          0.1631550552822123,
          0.08117344300283594,
          0.15445623951375087,
          0.23670078883059018
        ],
        [
          0.16652392488733309,
          0.05351435782125026,
          0.22668811483893284,
          0.1152711498343494,
          0.22050679931580766,
          0.17752045748913295,
          0.0399751958131938
        ],
        [
          0.1505214986254279,
          0.24628404009116212,
          0.11869455643265525,
          0.030621918521023334,
          0.26699078975739104,
          0.1197350740637495,
          0.06715212250859086
        ],
        [
          0.22920490050843528,
          0.06442183614423498,
          0.05353893424247152,
          0.11261129671176238,
          0.14808203097639694,
          0.2060152858723716,
          0.18612571554432725
        ],
        [
          0.013825236106353046,
          0.15262364459688998,
          0.1825114358840183,
          0.23305683913488814,
          0.06571931662109982,
          0.18961012142424977,
          0.16265340623250094
        ],
        [
          0.0034213284797818553,
          0.32190861570101764,
          0.09781806654802028,
          0.1252887409153741,
          0.21955431886005192,
          0.17393968836102336,
          0.05806924113473087
        ],
        [
          0.04152659055821322,
          0.24787059233454348,
          0.11888892909379059,
          0.08840036754162678,
          0.13735352919322896,
          0.2232936193961918,
          0.14266637188240516
        ],
        [
          0.11776541524691969,
          0.01874648052928468,
          0.0035564071417283553,
          0.23446298893843637,
          0.23561701789664263,
          0.307991843166019,
          0.08185984708096933
        ],
        [
          0.01919317302712598,
          0.18506774018475972,
          0.21535283431067206,
          0.0045696438477278055,
          0.24596540349261709,
          0.10395428755520207,
          0.2258969175818953
        ],
        [
          0.11205462547094074,
          0.029941255229201304,
          0.14627859788080047,
          0.18215202618434853,
          0.12991811586061122,
          0.23073861241444873,
          0.16891676695964902
        ],
        [
          0.33349689735197274,
          0.13322908949547127,
          0.08518523608116625,
          0.20242653459653845,
          0.008804611705012785,
          0.17574514095551885,
          0.061112489814319645
        ],
        [
          0.21393641365134053,
          0.20413567391788162,
          0.1197522649259046,
          0.12712043755206534,
          0.08627520569267455,
          0.2447530253771744,
          0.004026978882958925
        ],
        [
          0.12063786822229942,
          0.19716511377918108,
          0.16770599859823043,
          0.16559106494250245,
          0.03697996878880226,
          0.2097080750231877,
          0.10221191064579663
        ],
        [
          0.08387417677209083,
          0.1409897949234777,
          0.12360123377965895,
          0.07387021695744794,
          0.030796548627481584,
          0.18705483963283917,
          0.3598131893070038
        ],
        [
          0.06686809898187697,
          0.2758966316197497,
          0.20559625944547325,
          0.10929098445251016,
          0.21585790061807256,
          0.03587898227445232,
          0.09061114260786501
        ],
        [
          0.05371350556232403,
          0.2198834772038906,
          0.23453154128590162,
          0.08744660978082999,
          0.15523871008418433,
          0.19999503406996616,
          0.04919112201290329
        ],
        [
          0.26254883759247394,
          0.213291898693194,
          0.0793404921180889,
          0.015532205668081916,
          0.0717718879388128,
          0.13580415620202707,
          0.22171052178732137
        ],
        [
          0.18057885418631134,
          0.15668808739807522,
          0.252633250422571,
          0.11338826796560916,
          0.09342038325643391,
          0.07704808907978532,
          0.1262430676912141
        ],
        [
          0.10970288046407262,
          0.25083899136989607,
          0.11995697860543553,
          0.20355718529132205,
          0.2348923242163314,
          0.005861327215027858,
          0.0751903128379145
        ],
        [
          0.09590100181895028,
          0.03684353172182616,
          0.012953963588290656,
          0.2570842273655728,
          0.0828822414682295,
          0.3608244980577068,
          0.15351053597942382
        ],
        [
          0.22530921207658586,
          0.13508018170608546,
          0.07824942748324315,
          0.22209230249453848,
          0.21221926176095507,
          0.041574621429343844,
          0.0854749930492481
        ],
        [
          0.13683413347155074,
          0.23023285857637188,
          0.08823373173852783,
          0.17039005505858412,
          0.09219486008273572,
          0.11661895470446916,
          0.16549540636776053
        ],
        [
          0.12880032868004024,
          0.3039035076789004,
          0.06578994847386566,
          0.10846571297739245,
          0.03422869475411501,
          0.3091061401789619,
          0.04970566725672441
        ],
        [
          0.14790887867870603,
          0.27392097179366337,
          0.038277544749816976,
          0.17106813642733576,
          0.15465412561019024,
          0.03126388397673724,
          0.1829064587635504
        ]
      ],
      "timestamps": [
        28,
        29,
        30,
        31,
        32,
        33,
        34,
        35,
        36,
        37,
        38,
        39,
        40,
        41,
        42,
        43,
        44,
        45,
        46,
        47,
        48,
        49,
        50,
        51,
        52,
        53,
        54
      ],
      "distance": 542
    },
    {
      "trip_id": 2,
      "transport_method": "car",
      "start_time": 55,
      "path": [
        [
          1.5237259000000005,
          42.508950799999994
        ],
        [
          1.5235489559839521,
          42.508547112434215
        ],
        [
          1.5230379961720488,
          42.50803757489094
        ],
        [
          1.52373540550977,
          42.50772133294961
        ],
        [
          1.524134065079143,
          42.507307582257894
        ],
        [
          1.5236274016769318,
          42.507769001398174
        ],
        [
          1.5228484607466872,
          42.50767582426057
        ],
        [
          1.5223542427373475,
          42.50715545919606
        ],
        [
          1.521794335314211,
          42.506571831424935
        ],
        [
          1.5222108153969098,
          42.50636688699856
        ],
        [
          1.5229975524551371,
          42.506554403661625
        ],
        [
          1.5234753541638382,
          42.50666813798172
        ],
        [
          1.5227542607571343,
          42.50641038843169
        ],
        [
          1.5219566920687801,
          42.50628213633704
        ],
        [
          1.5218690356592302,
          42.50664969643273
        ],
        [
          1.5224289430823668,
          42.50723332420386
        ],
        [
          1.5219445397980678,
          42.50750734286523
        ],
        [
          1.5213177520947718,
          42.507054706950754
        ],
        [
          1.5209425931812983,
          42.5067494430498
        ],
        [
          1.5205588708506212,
          42.5071075215283
        ],
        [
          1.5199046906171325,
          42.50701009048597
        ],
        [
          1.5195693006239186,
          42.50663211151157
        ],
        [
          1.5197224085212524,
          42.506394361003835
        ],
        [
          1.5190208797093157,
          42.50636117072075
        ],
        [
          1.5188618962333291,
          42.50687959950026
        ],
        [
          1.518188312151929,
          42.50656856308193
        ],
        [
          1.5175734000000003,
          42.5065957
        ]
      ],
      "emotions": [
        "red",
        "red",
        "red",
        "red",
        "red",
        "red",
        "red",
        "red",
        "red",
        "red",
        "green",
        "green",
        "green",
        "green",
        "green",
        "red",
        "red",
        "red",
        "red",
        "red",
        "green",
        "green",
        "green",
        "green",
        "green",
        "green",
        "green"
      ],
      "mood_vectors": [
        [
          0.20935472934920216,
          0.2027099999338406,
          0.1351176927046119,
          0.18456637563272385,
          0.07612373889130229,
          0.12560798525101358,
          0.06651947823730565
        ],
        [
          0.15783730258918272,
          0.055866784545463455,
          0.2747427431753192,
          0.09096902260367878,
          0.22695979368550423,
          0.0610569054321219,
          0.13256744796872966
        ],
        [
          0.09798530259327932,
          0.25209897571382717,
          0.042742925337181215,
          0.235258076525904,
          0.227680231478624,
          0.03986652318374205,
          0.1043679651674422
        ],
        [
          0.08366240243492724,
          0.22834667187291102,
          0.15783598400728133,
          0.15950148567119615,
          0.24361412173988603,
          0.08859090077983946,
          0.038448433493958684
        ],
        [
          0.23828537238029274,
          0.08079437165743177,
          0.141610134833471,
          0.15469191036663035,
          0.028037536391788586,
          0.11328630886835857,
          0.24329436550202702
        ],
        [
          0.32640625939272344,
          0.2010201942339769,
          0.13462551871421594,
          0.029240840651647726,
          0.25212179178543787,
          0.015186913749032792,
          0.04139848147296544
        ],
        [
          0.04204297158339186,
          0.10325610990003192,
          0.04119124682063803,
          0.21387231020227315,
          0.023207241265715363,
          0.28849136462841446,
          0.28793875559953525
        ],
        [
          0.2170088810173317,
          0.0611476131207728,
          0.26160751368082014,
          0.009415160212116799,
          0.08585412178500083,
          0.2760802645944179,
          0.08888644558953983
        ],
        [
          0.18249779085003484,
          0.13784971322039596,
          0.1003680776686567,
          0.07293517457934677,
          0.23233511765805523,
          0.12076312062663988,
          0.15325100539687053
        ],
        [
          0.29048323892488676,
          0.019287833620363265,
          0.19379169672503643,
          0.0607853500155658,
          0.12760313014503927,
          0.1817389697461757,
          0.12630978082293268
        ],
        [
          0.16053672231552218,
          0.09881286675104323,
          0.04972700180093214,
          0.1314797457107874,
          0.2356564546119823,
          0.07081525671639971,
          0.25297195209333306
        ],
        [
          0.14852737447971867,
          0.18584046202460763,
          0.1298904625936176,
          0.1919021969827776,
          0.1829647718880714,
          0.010426957807098612,
          0.15044777422410852
        ],
        [
          0.08871871968565659,
          0.23063022408103354,
          0.0882584243983241,
          0.016582827997382282,
          0.18612586350648783,
          0.20642663554672105,
          0.1832573047843946
        ],
        [
          0.026596208318032773,
          0.2493323318661446,
          0.1445021777244169,
          0.16499365970052982,
          0.04599325470710629,
          0.15926914135936052,
          0.20931322632440907
        ],
        [
          0.1810258097583313,
          0.1087812722638912,
          0.1378875970651802,
          0.15309452737575355,
          0.16564914475524017,
          0.1588675697195024,
          0.09469407906210114
        ],
        [
          0.18276488078140954,
          0.06484167787862434,
          0.08183876100074136,
          0.15943928049026143,
          0.18231636154251063,
          0.1956441376912447,
          0.1331549006152081
        ],
        [
          0.15160265616577578,
          0.16872270913627724,
          0.23965509655820116,
          0.162969787349174,
          0.13854167225279226,
          0.030113659158177437,
          0.10839441937960208
        ],
        [
          0.07860703617384017,
          0.17547008020724217,
          0.17059358873413016,
          0.16861919642913337,
          0.18114738160837107,
          0.12464526477296532,
          0.10091745207431778
        ],
        [
          0.19007902941585406,
          0.06306090952288539,
          0.0040697659680218575,
          0.16939235770445463,
          0.15324118009743198,
          0.19785201496969046,
          0.2223047423216616
        ],
        [
          0.1820946961834266,
          0.15396008033798336,
          0.14407150534488236,
          0.04083251482886666,
          0.1437742280382547,
          0.26097875453029246,
          0.07428822073629379
        ],
        [
          0.19241093360326547,
          0.11332213607258151,
          0.07579187846596619,
          0.1214511134154304,
          0.17761117383734004,
          0.09851313562450457,
          0.22089962898091178
        ],
        [
          0.13330435856837458,
          0.04611306503407693,
          0.09338646365462877,
          0.21354164954973506,
          0.23218123789301426,
          0.16976325988539825,
          0.11170996541477216
        ],
        [
          0.263843316844527,
          0.3038357775948013,
          0.0006877209810359574,
          0.08164199720476296,
          0.003977119094540077,
          0.16509093029123106,
          0.18092313798910153
        ],
        [
          0.22435375180851147,
          0.022456801271823118,
          0.12873513244577345,
          0.0378742081547302,
          0.16683987956486712,
          0.21155643045648012,
          0.2081837962978145
        ],
        [
          0.02412199830715355,
          0.22684666441065915,
          0.03997840745415803,
          0.2713825744021008,
          0.12116178794690759,
          0.10681962101387267,
          0.20968894646514824
        ],
        [
          0.004377529011930251,
          0.353887379079486,
          0.1275493378913618,
          0.12835914259432604,
          0.14022980839952692,
          0.23247790176981778,
          0.013118901253551156
        ],
        [
          0.11013816662123745,
          0.033018778610194394,
          0.15233091755072664,
          0.16110671064213647,
          0.19698104124299193,
          0.19079011925575426,
          0.15563426607695877
        ]
      ],
      "timestamps": [
        55,
        56,
        57,
        58,
        59,
        60,
        61,
        62,
        63,
        64,
        65,
        66,
        67,
        68,
        69,
        70,
        71,
        72,
        73,
        74,
        75,
        76,
        77,
        78,
        79,
        80,
        81
      ],
      "distance": 924.4
    },
    {
      "trip_id": 3,
      "transport_method": "foot",
      "start_time": 82,
      "path": [
        [
          1.5175734000000003,
          42.5065957
        ],
        [
          1.5177799696240688,
          42.506560079192
        ],
        [
          1.5178990815022966,
          42.50638373238172
        ],
        [
          1.518095218430518,
          42.50650907223013
        ],
        [
          1.5182913553587396,
          42.50663441207853
        ],
        [
          1.5184874922869611,
          42.50675975192694
        ],
        [
          1.5186836292151824,
          42.506885091775345
        ],
        [
          1.518852126187553,
          42.50687296892935
        ],
        [
          1.5187922507870613,
          42.50666771084443
        ],
        [
          1.5187808520756543,
          42.506435224626365
        ],
        [
          1.5186873100325105,
          42.50623306682573
        ],
        [
          1.5185448946910562,
          42.50604895370091
        ],
        [
          1.518424286645555,
          42.50585239568702
        ],
        [
          1.518338214860951,
          42.50563612867589
        ],
        [
          1.5184954561098194,
          42.50554704041402
        ],
        [
          1.5187221583576194,
          42.50549425913842
        ],
        [
          1.5186786836128263,
          42.50558419625572
        ],
        [
          1.5185073,
          42.50574170000001
        ]
      ],
      "emotions": [
        "green",
        "green",
        "green",
        "red",
        "red",
        "red",
        "red",
        "red",
        "red",
        "red",
        "red",
        "red",
        "red",
        "purple",
        "purple",
        "purple",
        "purple",
        "purple"
      ],
      "mood_vectors": [
        [
          0.14989911105958553,
          0.04862139883811008,
          0.26962751929587364,
          0.1784864195186413,
          0.08448211024210228,
          0.14693529933160784,
          0.12194814171407939
        ],
        [
          0.07902376186723584,
          0.04377236100325485,
          0.093648031366932,
          0.23106180121666134,
          0.08705294465293974,
          0.20001213651331815,
          0.2654289633796581
        ],
        [
          0.1542824658304325,
          0.038281700881809023,
          0.27102657968311034,
          0.144481303477728,
          0.21857048813198124,
          0.14805085687102018,
          0.02530660512391877
        ],
        [
          0.0815440758833552,
          0.05232808677396268,
          0.28283836254129535,
          0.22732954108904915,
          0.19348044118446814,
          0.04418313082429934,
          0.11829636170357005
        ],
        [
          0.2845924730765472,
          0.1895695621832743,
          0.07489290059885534,
          0.2401867305983049,
          0.07617888176125431,
          0.029003960784215573,
          0.10557549099754826
        ],
        [
          0.24802818241130353,
          0.10467330449313603,
          0.22068654381896985,
          0.006615778768677212,
          0.1076661477410147,
          0.05669108643104665,
          0.255638956335852
        ],
        [
          0.054220873734409814,
          0.20614115856380735,
          0.030892791373362417,
          0.28123155092735513,
          0.19068098325679156,
          0.13559740628155656,
          0.10123523586271715
        ],
        [
          0.20658795254194873,
          0.05080560537147704,
          0.16948568470305422,
          0.13717177155439364,
          0.1621114863848382,
          0.17736512270556395,
          0.09647237673872427
        ],
        [
          0.03973793480821149,
          0.19658422982592483,
          0.076273577777541,
          0.18266391246316238,
          0.0817278957905901,
          0.2866036252505985,
          0.13640882408397162
        ],
        [
          0.21603212983627992,
          0.18618993299462153,
          0.10422790391741621,
          0.14691457613161138,
          0.060483929168602214,
          0.1098099446756163,
          0.17634158327585245
        ],
        [
          0.38603825571293665,
          0.026097408267979037,
          0.17904689175830707,
          0.04354608914127287,
          0.018710883553097125,
          0.2773138818304053,
          0.06924658973600202
        ],
        [
          0.02775627902821932,
          0.16824397060384078,
          0.1439452838468648,
          0.07189508379830858,
          0.12684289780620986,
          0.1721936885633334,
          0.28912279635322324
        ],
        [
          0.10005892687636642,
          0.04756808258757164,
          0.04603965193907999,
          0.24650718755828704,
          0.12206051774513416,
          0.2529439421007374,
          0.18482169119282332
        ],
        [
          0.037511129400662764,
          0.08705528815106432,
          0.2560530672893463,
          0.2614711850763302,
          0.00429345439812552,
          0.17913908057140182,
          0.17447679511306907
        ],
        [
          0.18787123306254538,
          0.2545849967800619,
          0.1673847755342363,
          0.14721813203013742,
          0.02616653155109329,
          0.18050622776965078,
          0.03626810327227494
        ],
        [
          0.3879541792139465,
          0.0007827570750112693,
          0.007029494829961175,
          0.13309797812380406,
          0.12266735128116364,
          0.20335273095773868,
          0.1451155085183747
        ],
        [
          0.16765033485179928,
          0.202065347432936,
          0.24534622414063206,
          0.054801206616722185,
          0.2155752528667263,
          0.006521065476641514,
          0.10804056861454267
        ],
        [
          0.006752359373196448,
          0.15203219877521568,
          0.08400669978664055,
          0.05039517292745503,
          0.245158377625579,
          0.2030032056937917,
          0.2586519858181216
        ]
      ],
      "timestamps": [
        82,
        83,
        84,
        85,
        86,
        87,
        88,
        89,
        90,
        91,
        92,
        93,
        94,
        95,
        96,
        97,
        98,
        99
      ],
      "distance": 403.2
    }
  ],
  "conversation": [
    "The hills here are no joke.",
    "Someone should train a model on these smells.",
    "Oh, look at that!"
  ],
  "conversation_timestamps": [
    65,
    74,
    98
  ]
}
