{
  "agent_id": "agent-type-orange-29",
  "type": "orange",
  "trips": [
    {
      "trip_id": 0,
      "transport_method": "car",
      "start_time": 0,
      "path": [
        [
          1.5233820000000002,
          42.5066057
        ],
        [
          1.5235630655042711,
          42.506688888483396
        ],
        [
          1.5231944754131295,
          42.506601339719325
        ],
        [
          1.5228259535746502,
          42.506513503529725
        ],
        [
          1.5224574317361712,
          42.50642566734012
        ],
        [
          1.5220889098976922,
          42.50633783115051
        ],
        [
          1.5218180420066334,
          42.50612689071466
        ],
        [
          1.521823125812274,
          42.50577981674044
        ],
        [
          1.52191790795526,
          42.505413023278585
        ],
        [
          1.5220150369814573,
          42.505046840955266
        ],
        [
          1.522243810886552,
          42.5047590132562
        ],
        [
          1.5223544257939492,
          42.504555777397265
        ],
        [
          1.5227304451042698,
          42.50460196202573
        ],
        [
          1.5231064411162114,
          42.50464833584579
        ],
        [
          1.5234795006565325,
          42.5047131919636
        ],
        [
          1.5238513505247357,
          42.50478565724604
        ],
        [
          1.523747799607062,
          42.504765477471516
        ],
        [
          1.5233759497388588,
          42.50469301218909
        ],
        [
          1.523001737289502,
          42.50463540818077
        ],
        [
          1.5226257331009152,
          42.50458910075814
        ],
        [
          1.5222497137905944,
          42.50454291612967
        ],
        [
          1.5219612448108761,
          42.504682867102844
        ],
        [
          1.521758026990408,
          42.504912880916436
        ],
        [
          1.521385412798875,
          42.50484445427025
        ],
        [
          1.5210293616380242,
          42.5047195810833
        ],
        [
          1.5206788519934211,
          42.50457582249858
        ],
        [
          1.520337979159221,
          42.50446498886715
        ],
        [
          1.5200205988942075,
          42.50439851946723
        ],
        [
          1.519925201188773,
          42.50476515664406
        ],
        [
          1.5197725287617843,
          42.505043805373084
        ],
        [
          1.5194987264205246,
          42.505115277658824
        ],
        [
          1.5191280097897006,
          42.50503722177326
        ],
        [
          1.5187572931588766,
          42.5049591658877
        ],
        [
          1.5184863153412806,
          42.50511764153748
        ],
        [
          1.518362076614883,
          42.505470883906845
        ],
        [
          1.5183791584878703,
          42.50547876923572
        ],
        [
          1.5186042998519926,
          42.50543024678024
        ],
        [
          1.5183236556434563,
          42.50559954667092
        ],
        [
          1.5184677668660789,
          42.50594924362248
        ],
        [
          1.5186995595687873,
          42.50624890290335
        ],
        [
          1.5187889861408772,
          42.50660112566497
        ],
        [
          1.5187099732917733,
          42.506785402945944
        ],
        [
          1.5190308178485254,
          42.50697263719742
        ],
        [
          1.5193686159023267,
          42.507144148178085
        ],
        [
          1.5197074459278224,
          42.50731344668651
        ],
        [
          1.520062977300149,
          42.50744329009803
        ],
        [
          1.5200045075406232,
          42.507605563137034
        ],
        [
          1.5196600292177185,
          42.50775988530764
        ],
        [
          1.5193201259002267,
          42.507927141463
        ],
        [
          1.5189789784776375,
          42.50809188968819
        ],
        [
          1.5186378310550486,
          42.50825663791337
        ],
        [
          1.5183642434418907,
          42.508075388965814
        ],
        [
          1.5183069619409262,
          42.50774689627091
        ],
        [
          1.518404911669466,
          42.507380932622006
        ],
        [
          1.5184557386019946,
          42.507191031026885
        ],
        [
          1.5183577888734547,
          42.507556994675795
        ],
        [
          1.5182598391449151,
          42.5079229583247
        ],
        [
          1.5184864956003912,
          42.508210565940296
        ],
        [
          1.518801954229702,
          42.50817737891874
        ],
        [
          1.5191431016522912,
          42.50801263069355
        ],
        [
          1.5194842490748803,
          42.50784788246837
        ],
        [
          1.5195973243007026,
          42.50812923152369
        ],
        [
          1.5196635346029141,
          42.50850224591687
        ],
        [
          1.5196226550948742,
          42.508271939689955
        ],
        [
          1.5195564447926626,
          42.50789892529677
        ],
        [
          1.519808368855496,
          42.50768432819748
        ],
        [
          1.520164708819035,
          42.507560296422696
        ],
        [
          1.5205082087897936,
          42.507632778360914
        ],
        [
          1.520842660432268,
          42.50781072678178
        ],
        [
          1.5211771120747424,
          42.50798867520264
        ],
        [
          1.5215115637172165,
          42.5081666236235
        ],
        [
          1.5216111846403093,
          42.50821962795566
        ],
        [
          1.521276732997835,
          42.5080416795348
        ],
        [
          1.5209422813553606,
          42.507863731113936
        ],
        [
          1.5206078297128862,
          42.50768578269308
        ],
        [
          1.52047043039846,
          42.50745549275262
        ],
        [
          1.520849246734913,
          42.50745902731241
        ],
        [
          1.5212280854329108,
          42.50746121421431
        ],
        [
          1.5216069241309085,
          42.50746340111622
        ],
        [
          1.5213316371710945,
          42.5074618119819
        ],
        [
          1.5209527984730968,
          42.507459625079996
        ],
        [
          1.5205739597750991,
          42.507457438178086
        ],
        [
          1.5207961396211047,
          42.50763823803829
        ],
        [
          1.5211264678024001,
          42.50782365833366
        ],
        [
          1.521452008765021,
          42.50801742784441
        ],
        [
          1.5212866502723588,
          42.50791900264482
        ],
        [
          1.520959342609305,
          42.50772831437256
        ],
        [
          1.5206276630073172,
          42.50754525104126
        ],
        [
          1.5203129110156193,
          42.50751553631339
        ],
        [
          1.5199597377752896,
          42.5076182133493
        ],
        [
          1.519618574300262,
          42.50778100045806
        ],
        [
          1.5195936699394375,
          42.508108643649834
        ],
        [
          1.519659880241649,
          42.50848165804302
        ],
        [
          1.519845824690508,
          42.508638959972494
        ],
        [
          1.519641759414275,
          42.50837956925621
        ],
        [
          1.5195755491120637,
          42.50800655486303
        ],
        [
          1.5193720527967713,
          42.50790206472644
        ],
        [
          1.5190309053741822,
          42.508066812951625
        ],
        [
          1.518689757951593,
          42.50823156117681
        ],
        [
          1.5183414,
          42.50837979999999
        ]
      ],
      "emotions": [
        "green",
        "green",
        "green",
        "green",
        "green",
        "green",
        "green",
        "green",
        "green",
        "green",
        "purple",
        "purple",
        "purple",
        "purple",
        "purple",
        "red",
        "red",
        "red",
        "red",
        "red",
        "red",
        "red",
        "red",
        "red",
        "red",
        "red",
        "red",
        "red",
        "red",
        "red",
        "red",
        "red",
        "red",
        "red",
        "red",
        "green",
        "green",
        "green",
        "green",
        "green",
        "green",
        "green",
        "green",
        "green",
        "green",
        "purple",
        "purple",
        "purple",
        "purple",
        "purple",
        "purple",
        "purple",
        "purple",
        "purple",
        "purple",
        "red",
        "red",
        "red",
        "red",
        "red",
        "purple",
        "purple",
        "purple",
        "purple",
        "purple",
        "purple",
        "purple",
        "purple",
        "purple",
        "purple",
        "red",
        "red",
        "red",
        "red",
        "red",
        "green",
        "green",
        "green",
        "green",
        "green",
        "red",
        "red",
        "red",
        "red",
        "red",
        "purple",
        "purple",
        "purple",
        "purple",
        "purple",
        "green",
        "green",
        "green",
        "green",
        "green",
        "purple",
        "purple",
        "purple",
        "purple",
        "purple"
      ],
      "mood_vectors": [
        [
          0.16935816612871618,
          0.1974639219804659,
          0.11746449097589957,
          0.09550362825701264,
          0.11237797709267706,
          0.16854788189155676,
          0.13928393367367187
        ],
        [
          0.1730078318151301,
          0.09504348475266822,
          0.2298017887042031,
          0.20027228351180215,
          0.037763494891801724,
          0.034278514836159346,
          0.22983260148823528
        ],
        [
          0.02683945337023901,
          0.17909171866396345,
          0.2376037390677635,
          0.2215366114350437,
          0.036938883944865435,
          0.19312429862684716,
          0.10486529489127767
        ],
        [
          0.2199895671046261,
          0.09801111451093976,
          0.11429946853416666,
          0.16004184955524065,
          0.20221124963282133,
          0.06886442302211822,
          0.13658232764008735
        ],
        [
          0.22182629652636152,
          0.012066346073358348,
          0.11299968812346801,
          0.17012802846662706,
          0.20654105477502124,
          0.1449867729077187,
          0.13145181312744508
        ],
        [
          0.12067338664494232,
          0.2640493427056851,
          0.07906167414701946,
          0.011190146432935939,
          0.2605651337673543,
          0.21234145123356024,
          0.052118865068502725
        ],
        [
          0.03601472735491226,
          0.2610428406367672,
          0.14575513720877803,
          0.08447977119776079,
          0.1848811316944971,
          0.055963384347072695,
          0.23186300756021197
        ],
        [
          0.10182604673668413,
          0.04455632313007847,
          0.033049707181958585,
          0.2181733282146342,
          0.3622783315725206,
          0.1974049011751667,
          0.04271136198895725
        ],
        [
          0.26681214123782776,
          0.004712227435289158,
          0.21594741819337238,
          0.11484597170811259,
          0.039774208789223664,
          0.08877948251320708,
          0.2691285501229673
        ],
        [
          0.19284859281370267,
          0.06939017610770311,
          0.01342007475434839,
          0.07991143349253962,
          0.3271085247695198,
          0.16665205221869903,
          0.15066914584348745
        ],
        [
          0.2267523739083744,
          0.08603737300348063,
          0.1637737540981395,
          0.11122701338297618,
          0.15081601089263516,
          0.021106509811722077,
          0.24028696490267204
        ],
        [
          0.09728841130509612,
          0.2248284156761921,
          0.05372780944098059,
          0.27334816805935286,
          0.05209994080724336,
          0.11591058854240978,
          0.1827966661687252
        ],
        [
          0.01177619284957093,
          0.06197700616405442,
          0.23331527597875854,
          0.0012448356404379155,
          0.28452291866410545,
          0.16708307454846075,
          0.24008069615461208
        ],
        [
          0.17008774026342938,
          0.1816706272893016,
          0.14521711544959542,
          0.08524431072017044,
          0.06721159932835646,
          0.1459712374825163,
          0.20459736946663037
        ],
        [
          0.1156760607194593,
          0.15000130575373824,
          0.2039899407551878,
          0.2277817332866941,
          0.07550715354496186,
          0.13181442396421117,
          0.09522938197574757
        ],
        [
          0.1036335739461943,
          0.01395291881296995,
          0.24975306766948507,
          0.1690070902374682,
          0.2345743325523555,
          0.17020239157541261,
          0.058876625206114294
        ],
        [
          0.07540575704561951,
          0.2006795008695038,
          0.29154092552280647,
          0.025258422304327975,
          0.15255051495213606,
          0.2523195141517628,
          0.0022453651538433344
        ],
        [
          0.0074117975461264725,
          0.0560024549757213,
          0.36269959157219245,
          0.07052549612570694,
          0.2724374591489525,
          0.213181086957773,
          0.0177421136735274
        ],
        [
          0.12662485136444568,
          0.2880077198384727,
          0.15382779963034285,
          0.08691658618275598,
          0.17733718600068074,
          0.14782200280451802,
          0.019463854178784
        ],
        [
          0.26680735949394224,
          0.24685213281101312,
          0.15334522714774046,
          0.14029275883219858,
          0.02409834303037628,
          0.09224379586249751,
          0.07636038282223184
        ],
        [
          0.050231874115103166,
          0.16793503444156513,
          0.23160215875382423,
          0.2688461367771213,
          0.06540697073889803,
          0.18018343006559157,
          0.03579439510789649
        ],
        [
          0.14039493061325306,
          0.04891238193858068,
          0.02785995738351735,
          0.2909067116536042,
          0.05684219235331053,
          0.33551355935083016,
          0.0995702667069041
        ],
        [
          0.0895200104682315,
          0.20112183698875447,
          0.059886296905904114,
          0.1530807958545689,
          0.1783925330031364,
          0.2115235946935649,
          0.1064749320858397
        ],
        [
          6.423009205982764e-06,
          0.13814796219358483,
          0.16647361022977042,
          0.3245095094042263,
          0.2103327395196456,
          0.10198834613832046,
          0.05854140950524645
        ],
        [
          0.10129809861670404,
          0.06863216272250877,
          0.10334308448736951,
          0.37180146893872507,
          0.09458839656902489,
          0.07228289080836006,
          0.18805389785730758
        ],
        [
          0.12984431973893631,
          0.24173978402664553,
          0.080759102728637,
          0.16941026794761946,
          0.18401427269902498,
          0.03699262382247731,
          0.15723962903665945
        ],
        [
          0.1521017862260943,
          0.0014664356502907467,
          0.07003233407998052,
          0.23974175706135387,
          0.17743462637825497,
          0.15424019896003272,
          0.20498286164399282
        ],
        [
          0.05222956467904659,
          0.07386856524366751,
          0.06449743369322662,
          0.0016471205530300024,
          0.31795679616238665,
          0.3577989838261854,
          0.1320015358424573
        ],
        [
          0.2571927525761619,
          0.0161514306625436,
          0.06456178864434563,
          0.06331132691600076,
          0.1030525749526914,
          0.2967342473954153,
          0.19899587885284128
        ],
        [
          0.04808836669887041,
          0.04788969204458912,
          0.2691411595404116,
          0.01568679457621115,
          0.233608445082238,
          0.26087280182842715,
          0.12471274022925255
        ],
        [
          0.21086624534852522,
          0.14901890880868332,
          0.14637338349715606,
          0.15614673062857432,
          0.15597038374465555,
          0.1071681848518203,
          0.07445616312058514
        ],
        [
          0.02866968914787329,
          0.20103260511804558,
          0.227736127300441,
          0.0727289823901539,
          0.10831276119689709,
          0.12591899013113167,
          0.2356008447154575
        ],
        [
          0.054684702847132366,
          0.11674118925260203,
          0.06360443977954001,
          0.30916228162446624,
          0.19936083218786593,
          0.244009503228073,
          0.012437051080320439
        ],
        [
          0.04091399964694949,
          0.2870622365491897,
          0.11195866188539036,
          0.22437889948872655,
          0.20691352021434484,
          0.0569244556209915,
          0.07184822659440752
        ],
        [
          0.15939431808869253,
          0.13634420454169505,
          0.17434528319263373,
          0.1341451159151058,
          0.1093319365129601,
          0.17188596744154722,
          0.11455317430736554
        ],
        [
          0.17849928275641908,
          0.1640425302060417,
          0.09325532212966227,
          0.10993911254410545,
          0.18344740574013205,
          0.07948997187414694,
          0.19132637474949254
        ],
        [
          0.20280196686252738,
          0.18147621590749005,
          0.15790047329391899,
          0.16189349936546013,
          0.20049554168837108,
          0.069130936614889,
          0.026301366267343383
        ],
        [
          0.25557484759683735,
          0.2481248200904288,
          0.0002969507957884027,
          0.22811178577775085,
          0.021629256809998193,
          0.14887392282886283,
          0.09738841610033355
        ],
        [
          0.15501277030711294,
          0.10777468672013862,
          0.1133991311313367,
          0.13438065556219553,
          0.1984650812621825,
          0.19193657111333265,
          0.09903110390370105
        ],
        [
          0.10075800561045682,
          0.16091609747600302,
          0.1792786447271422,
          0.03944241829025265,
          0.21023528677100123,
          0.18315229377065637,
          0.1262172533544877
        ],
        [
          0.2530642457137715,
          0.012697813006700937,
          0.01763079126740383,
          0.24846524948631393,
          0.14069366220386428,
          0.1133306110475884,
          0.21411762727435713
        ],
        [
          0.054051104511512627,
          0.10917250216565468,
          0.10249970141115354,
          0.1829784786586876,
          0.23256289343415631,
          0.07195938607726694,
          0.24677593374156837
        ],
        [
          0.008246939843129178,
          0.1907106067966043,
          0.1535176566964046,
          0.17734820897139833,
          0.24684800165992013,
          0.019647270670275604,
          0.20368131536226786
        ],
        [
          0.2060008996707233,
          0.011590661666146597,
          0.15745281245123807,
          0.2076103535550461,
          0.09788739307471887,
          0.14664989088226002,
          0.17280798869986708
        ],
        [
          0.10317352572758029,
          0.022683460240803404,
          0.17518033127402358,
          0.24843878264808664,
          0.1675089665560258,
          0.26931263899882846,
          0.013702294554651814
        ],
        [
          0.0828916941617005,
          0.15126511182806313,
          0.2298739289506146,
          0.21802439798566173,
          0.11682257917744854,
          0.17623233656377202,
          0.02488995133273951
        ],
        [
          0.12950652486817246,
          0.014626061791523128,
          0.19786884002444732,
          0.05271109595038537,
          0.17909824345782674,
          0.19746802076232448,
          0.22872121314532043
        ],
        [
          0.2015796001466844,
          0.030178496598139565,
          0.2783938281049431,
          0.1548614077254815,
          0.03389915510366855,
          0.20262676562799858,
          0.09846074669308426
        ],
        [
          0.2464615583458924,
          0.09455474994480181,
          0.2170620851328859,
          0.10127769981211492,
          0.11556395920115102,
          0.2113972670722329,
          0.013682680490921065
        ],
        [
          0.031385326197012814,
          0.21480856237747165,
          0.17363666239507178,
          0.09499511823107633,
          0.11341983745297796,
          0.18391057927232252,
          0.18784391407406703
        ],
        [
          0.0127728222170472,
          0.0332052597096899,
          0.29814954808871424,
          0.09704199867481292,
          0.050429240227378345,
          0.2935616046877333,
          0.21483952639462411
        ],
        [
          0.11960113261443928,
          0.17857346494031284,
          0.11605178287585233,
          0.08382070456815714,
          0.19013707255269388,
          0.20988596686083585,
          0.1019298755877087
        ],
        [
          0.14453309898842737,
          0.03679555552351483,
          0.2522943596601631,
          0.24300230462145928,
          0.023969221503188302,
          0.2860243742994058,
          0.013381085403841246
        ],
        [
          0.1284493713800587,
          0.24831181818990927,
          0.12092929026380915,
          0.15513770156358667,
          0.10508733030963137,
          0.2212680346349313,
          0.02081645365807349
        ],
        [
          0.09356409662943332,
          0.08531142000967687,
          0.18640786365114356,
          0.1259409985450066,
          0.18738061263103348,
          0.032356057260640586,
          0.28903895127306556
        ],
        [
          0.28495371008695036,
          0.15054290422975455,
          0.05376058329859807,
          0.1765241061523246,
          0.08444323310654295,
          0.2079656242008788,
          0.041809838924950674
        ],
        [
          0.00536949719704719,
          0.16497835904501454,
          0.11726605286404185,
          0.15573195546433394,
          0.2966567652262851,
          0.0030949367966541146,
          0.2569024334066232
        ],
        [
          0.09935797913884505,
          0.13977505329655476,
          0.18060888783837895,
          0.24751177367157373,
          0.051594083463532996,
          0.23309943722094675,
          0.0480527853701678
        ],
        [
          0.12742457282759134,
          0.2749903692033736,
          0.012521544492069284,
          0.18603807828626417,
          0.00876998197436721,
          0.21321059009430576,
          0.17704486312202852
        ],
        [
          0.1534500426410642,
          0.18501496494550662,
          0.01822067801132379,
          0.21043235220804982,
          0.12510891165866342,
          0.2070122735590084,
          0.10076077697638385
        ],
        [
          0.17627371979049955,
          0.061492082806599506,
          0.24519633880672795,
          0.0874123256276571,
          0.023455948188748247,
          0.17085547133238532,
          0.23531411344738234
        ],
        [
          0.02131389558400667,
          0.3190879567665052,
          0.38422145701503535,
          0.02566847349463484,
          0.14329356585310232,
          0.032898355743370855,
          0.07351629554334488
        ],
        [
          0.28090947994815785,
          0.051448896255059565,
          0.1806574160779985,
          0.03681486875706442,
          0.13644895863893658,
          0.013780780466023856,
          0.29993959985675916
        ],
        [
          0.319731635964004,
          0.12657408052590216,
          0.09792455152782013,
          0.09023961452692039,
          0.1353377952954895,
          0.0004369123351669948,
          0.2297554098246968
        ],
        [
          0.10316627022050372,
          0.29773431954549723,
          0.22992570544859417,
          0.32896401926105423,
          0.01231000918314207,
          0.021928822359147133,
          0.00597085398206146
        ],
        [
          0.20710660901481928,
          0.25704100224209586,
          0.10117103963568452,
          0.16302071472566573,
          0.027045408147519302,
          0.24334380924381666,
          0.0012714169903986622
        ],
        [
          0.16738347733406855,
          0.2507266824660228,
          0.058790198413542584,
          0.24963665535528304,
          0.15103666933854362,
          0.03472654937550187,
          0.0876997677170375
        ],
        [
          0.13920845554777017,
          0.09655306035180157,
          0.2020243599384015,
          0.04216688442314256,
          0.10140901389276437,
          0.2280779359610387,
          0.1905602898850812
        ],
        [
          0.0016828337244575691,
          0.3108313435069566,
          0.0075809530509945555,
          0.04150511242693991,
          0.17023372321573088,
          0.11996895711545882,
          0.3481970769594617
        ],
        [
          0.03891621105021697,
          0.21821834242875446,
          0.09509570474443145,
          0.21536604506776916,
          0.2387605417051608,
          0.05811983697278678,
          0.13552331803088039
        ],
        [
          0.06345941985313606,
          0.007284336164488535,
          0.1379185642432083,
          0.15739385380082785,
          0.32616681334322367,
          0.24898106732080907,
          0.05879594527430655
        ],
        [
          0.0736973319161527,
          0.1993121837278462,
          0.08106315513193542,
          0.2648208073580186,
          0.18388644536750176,
          0.09763809596169366,
          0.09958198053685172
        ],
        [
          0.2137587004030967,
          0.16532139026474815,
          0.2429732567541069,
          0.09063491359088707,
          0.1075279168381492,
          0.1073106163930031,
          0.07247320575600903
        ],
        [
          0.15292097695249446,
          0.029001053968071188,
          0.09960246146818148,
          0.24515121121070615,
          0.018805166786965716,
          0.22056224657460724,
          0.2339568830389738
        ],
        [
          0.10431986747496078,
          0.28201298807879427,
          0.22930738327382535,
          0.03761331803046409,
          0.3038432143952322,
          0.03386766382147664,
          0.009035564925246636
        ],
        [
          0.24700012834285376,
          0.13765124651464555,
          0.1146078384413413,
          0.06010445226690586,
          0.2699132827229814,
          0.10545124259434184,
          0.0652718091169304
        ],
        [
          0.01852894122836596,
          0.11812337569233587,
          0.2832295298818967,
          0.028400805110911937,
          0.09141100444672279,
          0.23924329619567083,
          0.2210630474440959
        ],
        [
          0.278896908786977,
          0.05070465407743288,
          0.2692758148024729,
          0.05470095836050064,
          0.08288210533803604,
          0.0915197823982282,
          0.17201977623635234
        ],
        [
          0.2080477574726274,
          0.1773536674499709,
          0.14303212001163707,
          0.1099291458281473,
          0.16936031378798974,
          0.10902850597616641,
          0.08324848947346115
        ],
        [
          0.2703145662928761,
          0.0013361274180034627,
          0.3415337186114274,
          0.056858716359927855,
          0.1381085436600465,
          0.08735238246239965,
          0.10449594519531905
        ],
        [
          0.1559953963162132,
          0.2882715296268563,
          0.12591718192776621,
          0.09550777882636179,
          0.1413206833692953,
          0.0806589933484703,
          0.11232843658503691
        ],
        [
          0.2180822076613396,
          0.006918649511164177,
          0.11997214763829005,
          0.2224073647380628,
          0.08045338251952068,
          0.2560693766681805,
          0.09609687126344217
        ],
        [
          0.20387614596091153,
          0.03369862864534277,
          0.1863939904367426,
          0.02249773909518431,
          0.25807079258333465,
          0.17885294640477417,
          0.11660975687371006
        ],
        [
          0.014919549912047522,
          0.0851114374255991,
          0.15117267253714403,
          0.16735507254072543,
          0.19061326149576707,
          0.1929330282081797,
          0.19789497788053723
        ],
        [
          0.02187818226036879,
          0.10569078166218568,
          0.23783745927606284,
          0.0610270539475815,
          0.24597188259835134,
          0.23653121746179026,
          0.09106342279365957
        ],
        [
          0.30755009355069024,
          0.05753970031279448,
          0.17988481524660116,
          0.11926350498974833,
          0.26661395217336026,
          0.0045274472651157735,
          0.06462048646168983
        ],
        [
          0.2938007488890188,
          0.20452058236163526,
          0.2846106856454541,
          0.08881840080217758,
          0.026246671756119146,
          0.007297799520197958,
          0.09470511102539718
        ],
        [
          0.2039544180208078,
          0.02134757552641519,
          0.19269991665905223,
          0.088945031260776,
          0.3138809056399668,
          0.1728348259743976,
          0.0063373269185844905
        ],
        [
          0.09996783801612544,
          0.07408589667847267,
          0.020300590872059265,
          0.0814821305989939,
          0.21881105199895132,
          0.2903050534993186,
          0.2150474383360788
        ],
        [
          0.025741384585383834,
          0.3588355041618673,
          0.16814455600803463,
          0.2763135116654037,
          0.08831886264706022,
          0.022455584185869504,
          0.06019059674638086
        ],
        [
          0.1636003437035975,
          0.18971007614652133,
          0.2408692645543206,
          0.14748046481177327,
          0.1324382212315997,
          0.02058520805604322,
          0.10531642149614445
        ],
        [
          0.08105827072124622,
          0.16071531752691604,
          0.20392875066045102,
          0.1276226345256112,
          0.13125806230421266,
          0.09212596132774986,
          0.20329100293381303
        ],
        [
          0.10355566669277758,
          0.19677860262113994,
          0.25033076391999065,
          0.10399636950501298,
          0.11264395616397709,
          0.1933250545585998,
          0.039369586538501915
        ],
        [
          0.275650535045982,
          0.004609696052528616,
          0.2872317643528361,
          0.04139848132800267,
          0.2966751163527375,
          0.06284103728982078,
          0.03159336957809234
        ],
        [
          0.09800476794194574,
          0.12916893842499935,
          0.16876553430273994,
          0.19836635964290752,
          0.2425434169284097,
          0.029924283861165555,
          0.1332266988978322
        ],
        [
          0.034330409388355944,
          0.1525748394805944,
          0.08238669751653768,
          0.26220935474096263,
          0.22156934189302077,
          0.009975905023923278,
          0.23695345195660536
        ],
        [
          0.21641476022407855,
          0.18684132602699816,
          0.1456220263719791,
          0.01612538851696414,
          0.1979962170734984,
          0.10696221133982164,
          0.13003807044666
        ],
        [
          0.0887374729509774,
          0.212526210086114,
          0.004928668631246675,
          0.09251878313821534,
          0.2986900076270495,
          0.14886916946838832,
          0.15372968809800877
        ],
        [
          0.1435650737771669,
          0.154845098010504,
          0.11420115254684611,
          0.18448857813703323,
          0.016245533678646243,
          0.22037109700233012,
          0.1662834668474734
        ],
        [
          0.3305175536745825,
          0.042303924185125026,
          0.021206452191741876,
          0.10958712706088837,
          0.2747050027951735,
          0.05207747642089772,
          0.16960246367159101
        ]
      ],
      "timestamps": [
        0,
        1,
        2,
        3,
        4,
        5,
        6,
        7,
        8,
        9,
        10,
        11,
        12,
        13,
        14,
        15,
        16,
        17,
        18,
        19,
        20,
        21,
        22,
        23,
        24,
        25,
        26,
        27,
        28,
        29,
        30,
        31,
        32,
        33,
        34,
        35,
        36,
        37,
        38,
        39,
        40,
        41,
        42,
        43,
        44,
        45,
        46,
        47,
        48,
        49,
        50,
        51,
        52,
        53,
        54,
        55,
        56,
        57,
        58,
        59,
        60,
        61,
        62,
        63,
        64,
        65,
        66,
        67,
        68,
        69,
        70,
        71,
        72,
        73,
        74,
        75,
        76,
        77,
        78,
        79,
        80,
        81,
        82,
        83,
        84,
        85,
        86,
        87,
        88,
        89,
        90,
        91,
        92,
        93,
        94,
        95,
        96,
        97,
        98,
        99
      ],
      "distance": 892.3
    }
  ],
  "conversation": [
    "This city is bustling.",
    "Everyone looks like they're on their own quest.",
    "Need a break."
  ],
  "conversation_timestamps": [
    22,
    27,
    87
  ]
}
