{"agent_id": "agent-purple-4", "type": "purple", "trips": [{"trip_id": 0, "transport_method": "bicycle", "start_time": 0, "path": [[1.5621347, 42.5335868], [1.561907, 42.5335203], [1.562892, 42.5339836], [1.5637057, 42.5345999], [1.5645646, 42.5351547], [1.5649759, 42.5359303], [1.5657807, 42.5361272], [1.5668557, 42.535936], [1.5679307, 42.5357447], [1.5690056, 42.5355534], [1.5699512, 42.5352698], [1.5691425, 42.5355221], [1.5688598, 42.5361012], [1.5679677, 42.5362142], [1.5668929, 42.5362913], [1.5658131, 42.5361865], [1.5663523, 42.535994], [1.5674193, 42.5357623], [1.5684863, 42.5355306], [1.5695533, 42.5352989], [1.5700164, 42.5352857], [1.5710139, 42.5350967], [1.5720035, 42.5346961], [1.5729474, 42.5347883], [1.5735806, 42.5339119], [1.5742576, 42.5338522], [1.5753311, 42.5340517], [1.5760397, 42.5342152], [1.5770257, 42.5344612], [1.578045, 42.5341861], [1.5790875, 42.5341479], [1.5796146, 42.5345044], [1.5805207, 42.5339269], [1.5815234, 42.5341309], [1.5823713, 42.5347707], [1.5832557, 42.535165], [1.584299, 42.535058], [1.5853106, 42.5354582], [1.5863477, 42.5353814], [1.5873877, 42.535419], [1.5883714, 42.5354624], [1.5888842, 42.5364152], [1.589637, 42.5371544], [1.5906311, 42.5376058], [1.591533, 42.5381955], [1.5917496, 42.5392454], [1.5919321, 42.5403026], [1.5921709, 42.5412398], [1.5915626, 42.5421191], [1.5915244, 42.5432052], [1.5918285, 42.5442407], [1.5914486, 42.5452595], [1.591451, 42.546321], [1.5917896, 42.5473532], [1.5916855, 42.5484338], [1.5913971, 42.5494859], [1.5910234, 42.550511], [1.5905754, 42.5514748], [1.5897679, 42.5522003], [1.5889376, 42.5528949], [1.5886919, 42.5539305], [1.5885951, 42.5550095], [1.5887357, 42.5560567], [1.5886831, 42.5571373], [1.5889212, 42.5581943], [1.5892846, 42.5592004], [1.5895393, 42.5597801], [1.589732, 42.5600162], [1.5902282, 42.5609773], [1.5903983, 42.5620515], [1.5906532, 42.5630776], [1.5912314, 42.5639752], [1.5923047, 42.5641352], [1.5933036, 42.5645375], [1.5939908, 42.5649517], [1.5950039, 42.5652472], [1.5960596, 42.565494], [1.596924, 42.5656895], [1.5978164, 42.5653476], [1.5988318, 42.5657417]], "mood_vectors": [[0.0233, 0.0339, 0.0218, 0.0678, 0.0612, 0.7764, 0.0156], [0.0249, 0.089, 0.0746, 0.0558, 0.0343, 0.6371, 0.0843], [0.0439, 0.0383, 0.0451, 0.0805, 0.0855, 0.6374, 0.0693], [0.0523, 0.0556, 0.0237, 0.0371, 0.0272, 0.7264, 0.0778], [0.0486, 0.0307, 0.0849, 0.0245, 0.0231, 0.7468, 0.0414], [0.0626, 0.0271, 0.053, 0.0271, 0.0502, 0.7504, 0.0295], [0.0142, 0.0742, 0.0763, 0.0272, 0.0566, 0.7107, 0.0409], [0.0647, 0.0654, 0.0276, 0.0376, 0.0278, 0.7607, 0.0162], [0.0156, 0.0461, 0.0422, 0.0484, 0.0879, 0.6973, 0.0623], [0.0424, 0.0766, 0.0159, 0.0501, 0.012, 0.7307, 0.0723], [0.0412, 0.0331, 0.0642, 0.0681, 0.0431, 0.6915, 0.0589], [0.0246, 0.0193, 0.0189, 0.0839, 0.088, 0.7273, 0.038], [0.0724, 0.0636, 0.063, 0.0371, 0.047, 0.6854, 0.0315], [0.0984, 0.0255, 0.0702, 0.02, 0.0751, 0.68, 0.0309], [0.0254, 0.0149, 0.0554, 0.0429, 0.0571, 0.7688, 0.0356], [0.0647, 0.0735, 0.0636, 0.0201, 0.0754, 0.6606, 0.0421], [0.0349, 0.0927, 0.0645, 0.0538, 0.055, 0.6158, 0.0833], [0.0219, 0.0636, 0.0718, 0.0569, 0.0191, 0.7551, 0.0115], [0.0131, 0.0155, 0.0387, 0.0794, 0.0252, 0.8133, 0.0148], [0.0624, 0.0582, 0.0277, 0.0294, 0.0767, 0.6753, 0.0703], [0.0212, 0.0621, 0.0162, 0.0288, 0.0505, 0.7792, 0.042], [0.0724, 0.066, 0.0335, 0.0178, 0.0437, 0.7345, 0.0321], [0.0607, 0.0274, 0.0358, 0.0762, 0.0779, 0.6618, 0.0602], [0.0827, 0.0272, 0.0944, 0.0164, 0.0608, 0.6447, 0.0738], [0.0378, 0.0697, 0.0409, 0.0681, 0.0357, 0.6614, 0.0865], [0.0865, 0.0874, 0.0237, 0.0343, 0.0162, 0.6742, 0.0777], [0.0732, 0.0431, 0.063, 0.0515, 0.0463, 0.6844, 0.0386], [0.0157, 0.0567, 0.0203, 0.0314, 0.0696, 0.768, 0.0383], [0.0438, 0.0551, 0.0356, 0.0987, 0.0269, 0.7153, 0.0245], [0.0431, 0.0336, 0.0201, 0.0367, 0.0655, 0.7571, 0.044], [0.0214, 0.081, 0.0391, 0.0724, 0.064, 0.6371, 0.085], [0.0577, 0.0746, 0.037, 0.0142, 0.0306, 0.7636, 0.0224], [0.0915, 0.0647, 0.0642, 0.0234, 0.0241, 0.7063, 0.0258], [0.0698, 0.0286, 0.0269, 0.0418, 0.0628, 0.7518, 0.0185], [0.0718, 0.016, 0.0771, 0.0241, 0.0538, 0.74, 0.0171], [0.0702, 0.0208, 0.0797, 0.0156, 0.0784, 0.6712, 0.0641], [0.0412, 0.0445, 0.039, 0.0806, 0.0331, 0.7379, 0.0236], [0.0595, 0.0618, 0.0505, 0.0796, 0.049, 0.6579, 0.0417], [0.0561, 0.0668, 0.0288, 0.0804, 0.0492, 0.6807, 0.038], [0.0493, 0.0723, 0.039, 0.0559, 0.0372, 0.7316, 0.0147], [0.0161, 0.0805, 0.0369, 0.0803, 0.0526, 0.6719, 0.0618], [0.0214, 0.0272, 0.0267, 0.0459, 0.0628, 0.755, 0.061], [0.0552, 0.0855, 0.0413, 0.082, 0.0862, 0.6198, 0.03], [0.0594, 0.0345, 0.0498, 0.0571, 0.034, 0.745, 0.0203], [0.0729, 0.071, 0.0826, 0.0515, 0.0249, 0.6811, 0.0162], [0.0134, 0.0462, 0.0357, 0.056, 0.0698, 0.7542, 0.0247], [0.0869, 0.019, 0.0264, 0.0731, 0.0259, 0.7106, 0.0582], [0.0164, 0.0599, 0.057, 0.0517, 0.0346, 0.7018, 0.0786], [0.0418, 0.0559, 0.0453, 0.0335, 0.0606, 0.6897, 0.0732], [0.0465, 0.0739, 0.0871, 0.0484, 0.08, 0.6336, 0.0306], [0.0573, 0.0488, 0.0671, 0.0618, 0.0484, 0.6847, 0.032], [0.0661, 0.0685, 0.023, 0.0563, 0.0423, 0.7002, 0.0436], [0.0624, 0.0878, 0.0768, 0.065, 0.0696, 0.6247, 0.0138], [0.0718, 0.0432, 0.0796, 0.074, 0.0179, 0.6646, 0.0489], [0.0382, 0.0689, 0.034, 0.0356, 0.0654, 0.7088, 0.049], [0.0352, 0.0554, 0.0866, 0.0179, 0.0167, 0.7638, 0.0243], [0.0662, 0.0206, 0.0152, 0.0696, 0.0719, 0.6841, 0.0723], [0.0577, 0.0396, 0.0543, 0.0512, 0.0398, 0.7245, 0.0329], [0.0445, 0.0556, 0.0843, 0.0546, 0.0639, 0.6769, 0.0203], [0.0574, 0.0527, 0.0177, 0.0137, 0.0204, 0.7745, 0.0635], [0.0201, 0.0285, 0.0615, 0.0874, 0.0489, 0.6808, 0.0727], [0.0952, 0.0387, 0.0725, 0.0497, 0.0482, 0.6639, 0.0317], [0.0444, 0.0315, 0.0734, 0.0535, 0.0233, 0.7547, 0.0193], [0.0648, 0.0386, 0.0614, 0.0262, 0.0151, 0.7479, 0.0458], [0.0714, 0.0922, 0.0618, 0.0336, 0.0389, 0.6166, 0.0854], [0.0462, 0.0428, 0.0462, 0.0719, 0.0197, 0.7347, 0.0385], [0.026, 0.0295, 0.028, 0.0163, 0.0191, 0.8524, 0.0287], [0.0235, 0.057, 0.0364, 0.0668, 0.0728, 0.6894, 0.0541], [0.0807, 0.0541, 0.0855, 0.0141, 0.0684, 0.6223, 0.0748], [0.022, 0.0511, 0.0522, 0.0788, 0.0186, 0.7114, 0.0659], [0.0787, 0.0797, 0.0795, 0.0328, 0.0625, 0.6182, 0.0487], [0.047, 0.0648, 0.07, 0.0469, 0.0465, 0.6539, 0.0708], [0.0433, 0.0294, 0.0364, 0.0341, 0.0648, 0.7238, 0.0682], [0.0572, 0.0765, 0.0265, 0.0314, 0.0611, 0.7146, 0.0327], [0.0601, 0.0199, 0.0473, 0.0841, 0.0447, 0.6908, 0.0532], [0.0165, 0.0708, 0.0172, 0.0647, 0.0421, 0.7377, 0.0511], [0.0327, 0.1, 0.0353, 0.0215, 0.0192, 0.7407, 0.0506], [0.0404, 0.0476, 0.0425, 0.0822, 0.064, 0.6739, 0.0494], [0.0904, 0.0514, 0.0576, 0.041, 0.0806, 0.599, 0.08], [0.0175, 0.0195, 0.0922, 0.0855, 0.0344, 0.7153, 0.0354]], "emotions": ["purple", "purple", "purple", "purple", "purple", "purple", "purple", "purple", "purple", "purple", "purple", "purple", "purple", "purple", "purple", "purple", "purple", "purple", "purple", "purple", "purple", "purple", "purple", "purple", "purple", "purple", "purple", "purple", "purple", "purple", "purple", "purple", "purple", "purple", "purple", "purple", "purple", "purple", "purple", "purple", "purple", "purple", "purple", "purple", "purple", "purple", "purple", "purple", "purple", "purple", "purple", "purple", "purple", "purple", "purple", "purple", "purple", "purple", "purple", "purple", "purple", "purple", "purple", "purple", "purple", "purple", "purple", "purple", "purple", "purple", "purple", "purple", "purple", "purple", "purple", "purple", "purple", "purple", "purple", "purple"], "timestamps": [0, 40, 80, 120, 160, 200, 240, 280, 320, 360, 400, 440, 480, 520, 560, 600, 640, 680, 720, 760, 800, 840, 880, 920, 960, 1000, 1040, 1080, 1120, 1160, 1200, 1240, 1280, 1320, 1360, 1400, 1440, 1480, 1520, 1560, 1600, 1640, 1680, 1720, 1760, 1800, 1840, 1880, 1920, 1960, 2000, 2040, 2080, 2120, 2160, 2200, 2240, 2280, 2320, 2360, 2400, 2440, 2480, 2520, 2560, 2600, 2640, 2680, 2720, 2760, 2800, 2840, 2880, 2920, 2960, 3000, 3040, 3080, 3120, 3160]}], "conversation": [], "conversation_timestamps": []}