{"agent_id": "agent-orange-1348", "type": "orange", "trips": [{"trip_id": 0, "transport_method": "car", "start_time": 0, "path": [[1.7326909, 42.5394434], [1.7338086, 42.5419191], [1.734864, 42.5444092], [1.7337544, 42.5465943], [1.7342937, 42.5474561], [1.7310203, 42.5455673], [1.7275029, 42.5442066], [1.7237576, 42.5437623], [1.719978, 42.5438257], [1.7161992, 42.5439539], [1.7124195, 42.5440475], [1.7086443, 42.5442474], [1.7048748, 42.5445397], [1.7011933, 42.5453123], [1.6982853, 42.5476773], [1.6958594, 42.5505038], [1.6931057, 42.5530522], [1.6903715, 42.5556428], [1.6876653, 42.5582408], [1.6871273, 42.5559382], [1.6838313, 42.554447], [1.6810431, 42.5533191], [1.6843441, 42.554489], [1.683995, 42.5544495], [1.6804871, 42.5530558], [1.6796607, 42.5512891], [1.681061, 42.5503122], [1.6829556, 42.5480402], [1.6840593, 42.5458832], [1.6837246, 42.5438426], [1.6819849, 42.541472], [1.6786361, 42.5397782], [1.6752514, 42.5381512], [1.6735196, 42.5391867], [1.6698576, 42.5393808], [1.6661011, 42.5392464], [1.6638221, 42.5374455], [1.6615956, 42.5392998], [1.6581323, 42.5406536], [1.65454, 42.5417493], [1.6509748, 42.5424085], [1.6477296, 42.5417613], [1.6440311, 42.5410768], [1.6403223, 42.5403419], [1.6366135, 42.5396069], [1.6384113, 42.5402633], [1.6418868, 42.5414535], [1.6453026, 42.5420123], [1.6441632, 42.5411019], [1.6404547, 42.5403652], [1.6367463, 42.5396286], [1.6338231, 42.5390942], [1.6301043, 42.5389206], [1.6263965, 42.5383947], [1.622795, 42.537686], [1.6192898, 42.5362685], [1.61818, 42.5357831], [1.6219316, 42.5354457], [1.6254773, 42.535745], [1.6248564, 42.5376114], [1.6215464, 42.5371851], [1.6180393, 42.5357723], [1.617181, 42.5359831], [1.6180457, 42.5371441], [1.6143652, 42.5365218], [1.610649, 42.5363226], [1.6069141, 42.5362255], [1.6031465, 42.5365428], [1.6016129, 42.536887], [1.6053607, 42.5372571], [1.6077086, 42.5361531], [1.6039377, 42.5364285], [1.6001668, 42.5367039], [1.596448, 42.5361094], [1.5932713, 42.5361378], [1.5895399, 42.5355276], [1.5917193, 42.5359776], [1.5948267, 42.5363954], [1.5910892, 42.5358235], [1.5889321, 42.5365188]], "mood_vectors": [[0.0719, 0.0256, 0.0145, 0.0348, 0.8006, 0.0156, 0.0368], [0.0602, 0.0454, 0.0276, 0.0799, 0.7281, 0.0441, 0.0147], [0.0722, 0.0686, 0.0331, 0.0646, 0.6765, 0.0237, 0.0613], [0.0939, 0.0696, 0.0661, 0.0597, 0.6063, 0.0452, 0.0593], [0.0149, 0.073, 0.0426, 0.0445, 0.7082, 0.0413, 0.0756], [0.0237, 0.0516, 0.063, 0.0193, 0.7118, 0.0985, 0.032], [0.0531, 0.0484, 0.0614, 0.0493, 0.7083, 0.0222, 0.0573], [0.0794, 0.0206, 0.0452, 0.0334, 0.7143, 0.046, 0.0612], [0.0285, 0.0771, 0.0157, 0.0627, 0.7622, 0.0264, 0.0275], [0.0413, 0.0231, 0.0809, 0.0635, 0.6649, 0.0445, 0.0817], [0.0588, 0.0419, 0.0812, 0.0545, 0.6472, 0.0269, 0.0896], [0.0806, 0.0826, 0.064, 0.0464, 0.6178, 0.0298, 0.0786], [0.0425, 0.0494, 0.0903, 0.0203, 0.7355, 0.0389, 0.0232], [0.0501, 0.0543, 0.0664, 0.0612, 0.7056, 0.0277, 0.0347], [0.0924, 0.0435, 0.0465, 0.0222, 0.6931, 0.0765, 0.0258], [0.0314, 0.0743, 0.0363, 0.0384, 0.6858, 0.0949, 0.0389], [0.0186, 0.0623, 0.0265, 0.0773, 0.6739, 0.0865, 0.055], [0.0243, 0.071, 0.0886, 0.0384, 0.7269, 0.0212, 0.0296], [0.0704, 0.0592, 0.0639, 0.0436, 0.722, 0.026, 0.0149], [0.0692, 0.0834, 0.0391, 0.0535, 0.6412, 0.0491, 0.0645], [0.0432, 0.0242, 0.0596, 0.088, 0.7063, 0.0592, 0.0195], [0.0143, 0.0152, 0.0345, 0.0443, 0.8157, 0.0169, 0.0592], [0.0808, 0.0192, 0.0133, 0.0676, 0.6955, 0.0787, 0.0448], [0.0177, 0.0677, 0.0312, 0.0797, 0.738, 0.0163, 0.0494], [0.0581, 0.0441, 0.0385, 0.0516, 0.7231, 0.0157, 0.0689], [0.0158, 0.0513, 0.0841, 0.0991, 0.6287, 0.0628, 0.0582], [0.0135, 0.026, 0.0597, 0.027, 0.7915, 0.0218, 0.0605], [0.0279, 0.0546, 0.0559, 0.0535, 0.689, 0.0452, 0.0739], [0.0377, 0.0434, 0.0786, 0.0228, 0.6875, 0.0526, 0.0774], [0.0478, 0.0495, 0.0786, 0.0346, 0.6872, 0.0211, 0.0812], [0.0494, 0.07, 0.0656, 0.0342, 0.6582, 0.0764, 0.0462], [0.0294, 0.0243, 0.0919, 0.0516, 0.6826, 0.0711, 0.0492], [0.0463, 0.0129, 0.0631, 0.0827, 0.7556, 0.0221, 0.0173], [0.0432, 0.0444, 0.042, 0.0682, 0.7098, 0.0555, 0.0369], [0.0406, 0.0492, 0.0669, 0.0593, 0.7031, 0.0403, 0.0405], [0.0283, 0.0555, 0.0144, 0.059, 0.7817, 0.0335, 0.0276], [0.0639, 0.0689, 0.0266, 0.0259, 0.7188, 0.0327, 0.0631], [0.0769, 0.0507, 0.0622, 0.0367, 0.6682, 0.0434, 0.0619], [0.0746, 0.0434, 0.0557, 0.0241, 0.6976, 0.0495, 0.0551], [0.0343, 0.0705, 0.0509, 0.0639, 0.6504, 0.0708, 0.0591], [0.0629, 0.0395, 0.0696, 0.0853, 0.6667, 0.0144, 0.0615], [0.0426, 0.0388, 0.0804, 0.0515, 0.6775, 0.0578, 0.0514], [0.0262, 0.0514, 0.0557, 0.0222, 0.7136, 0.0814, 0.0494], [0.0482, 0.0631, 0.0731, 0.0585, 0.5988, 0.0822, 0.0761], [0.0624, 0.047, 0.0379, 0.0586, 0.6912, 0.0351, 0.0677], [0.021, 0.0576, 0.0688, 0.0539, 0.7223, 0.0509, 0.0256], [0.0904, 0.0379, 0.0301, 0.0658, 0.6862, 0.0197, 0.0698], [0.0516, 0.0229, 0.0739, 0.0827, 0.6485, 0.0752, 0.0452], [0.0217, 0.033, 0.0802, 0.0983, 0.6719, 0.0805, 0.0143], [0.027, 0.0586, 0.0385, 0.0297, 0.8084, 0.0128, 0.0249], [0.0631, 0.0682, 0.0154, 0.0735, 0.6874, 0.0295, 0.0628], [0.0708, 0.0523, 0.0727, 0.0454, 0.6878, 0.0198, 0.0511], [0.0517, 0.066, 0.0898, 0.057, 0.6569, 0.0455, 0.0332], [0.0301, 0.0765, 0.0472, 0.0679, 0.6336, 0.0657, 0.0788], [0.0193, 0.0477, 0.0515, 0.0418, 0.7276, 0.0633, 0.0488], [0.0399, 0.0687, 0.0698, 0.0333, 0.6785, 0.0695, 0.0403], [0.0459, 0.0602, 0.0311, 0.0587, 0.7134, 0.0305, 0.0601], [0.059, 0.0642, 0.0585, 0.0655, 0.6927, 0.0243, 0.0359], [0.0541, 0.0252, 0.0709, 0.0135, 0.7267, 0.0594, 0.0503], [0.037, 0.0469, 0.0237, 0.0204, 0.7393, 0.0792, 0.0535], [0.0225, 0.0761, 0.0374, 0.0779, 0.6664, 0.0361, 0.0836], [0.0848, 0.0394, 0.0455, 0.033, 0.6908, 0.0753, 0.0313], [0.0313, 0.0937, 0.0509, 0.0682, 0.6597, 0.0371, 0.0591], [0.0559, 0.0625, 0.0752, 0.028, 0.6684, 0.07, 0.0399], [0.0383, 0.0585, 0.0347, 0.0466, 0.7098, 0.0469, 0.0652], [0.0478, 0.0768, 0.0346, 0.0587, 0.6419, 0.0891, 0.0511], [0.0345, 0.052, 0.0685, 0.0127, 0.7055, 0.0708, 0.0561], [0.0156, 0.031, 0.0595, 0.0563, 0.689, 0.0772, 0.0715], [0.0668, 0.045, 0.0129, 0.0707, 0.7102, 0.0298, 0.0646], [0.0866, 0.0202, 0.0503, 0.053, 0.6591, 0.0385, 0.0923], [0.0552, 0.0142, 0.0555, 0.0327, 0.7196, 0.0772, 0.0456], [0.0552, 0.066, 0.058, 0.0335, 0.7024, 0.0306, 0.0544], [0.0655, 0.0755, 0.0634, 0.0358, 0.6749, 0.0253, 0.0595], [0.0621, 0.0345, 0.0467, 0.0375, 0.7301, 0.0642, 0.0249], [0.0565, 0.0357, 0.0453, 0.0653, 0.7019, 0.0446, 0.0507], [0.0698, 0.0412, 0.0473, 0.0231, 0.7037, 0.0361, 0.0789], [0.0603, 0.0578, 0.0408, 0.034, 0.7124, 0.0318, 0.0629], [0.0796, 0.0699, 0.0356, 0.0793, 0.587, 0.0882, 0.0605], [0.0298, 0.067, 0.024, 0.0125, 0.7526, 0.0671, 0.047], [0.0408, 0.0514, 0.0712, 0.0365, 0.6744, 0.0778, 0.048]], "emotions": ["red", "red", "red", "red", "red", "red", "red", "red", "red", "red", "red", "red", "red", "red", "red", "red", "red", "red", "red", "red", "red", "red", "red", "red", "red", "red", "red", "red", "red", "red", "red", "red", "red", "red", "red", "red", "red", "red", "red", "red", "red", "red", "red", "red", "red", "red", "red", "red", "red", "red", "red", "red", "red", "red", "red", "red", "red", "red", "red", "red", "red", "red", "red", "red", "red", "red", "red", "red", "red", "red", "red", "red", "red", "red", "red", "red", "red", "red", "red", "red"], "timestamps": [0, 40, 80, 120, 160, 200, 240, 280, 320, 360, 400, 440, 480, 520, 560, 600, 640, 680, 720, 760, 800, 840, 880, 920, 960, 1000, 1040, 1080, 1120, 1160, 1200, 1240, 1280, 1320, 1360, 1400, 1440, 1480, 1520, 1560, 1600, 1640, 1680, 1720, 1760, 1800, 1840, 1880, 1920, 1960, 2000, 2040, 2080, 2120, 2160, 2200, 2240, 2280, 2320, 2360, 2400, 2440, 2480, 2520, 2560, 2600, 2640, 2680, 2720, 2760, 2800, 2840, 2880, 2920, 2960, 3000, 3040, 3080, 3120, 3160]}], "conversation": [], "conversation_timestamps": []}