{
  "agent_id": "agent-type-blue-62",
  "type": "blue",
  "trips": [
    {
      "trip_id": 0,
      "transport_method": "bicycle",
      "start_time": 0,
      "path": [
        [
          1.5291141000000001,
          42.505923999999986
        ],
        [
          1.5290285980126304,
          42.50599064125485
        ],
        [
          1.5289430960252608,
          42.506057282509715
        ],
        [
          1.528857594037891,
          42.50612392376458
        ],
        [
          1.528829220687303,
          42.50619071523386
        ],
        [
          1.528744546409745,
          42.50625840506629
        ],
        [
          1.5286598721321871,
          42.50632609489872
        ],
        [
          1.5285751978546291,
          42.506393784731145
        ],
        [
          1.528582526998207,
          42.5064336063958
        ],
        [
          1.528586722384644,
          42.506430178883754
        ],
        [
          1.5285027120449268,
          42.50649869097526
        ],
        [
          1.5285203230850697,
          42.506596628989136
        ],
        [
          1.5285547226779763,
          42.506699431297974
        ],
        [
          1.528589122270883,
          42.506802233606805
        ],
        [
          1.5286235218637896,
          42.50690503591564
        ],
        [
          1.5285863909198287,
          42.50691560103677
        ],
        [
          1.5284953858913164,
          42.50685669661012
        ],
        [
          1.528404380862804,
          42.50679779218347
        ],
        [
          1.528451224165709,
          42.5068281122432
        ],
        [
          1.5285422291942214,
          42.50688701666985
        ],
        [
          1.5286332342227336,
          42.5069459210965
        ],
        [
          1.5287199029006306,
          42.50693481941124
        ],
        [
          1.5288053019337537,
          42.506868046274164
        ],
        [
          1.528890700966877,
          42.50680127313708
        ],
        [
          1.5289761000000002,
          42.5067345
        ]
      ],
      "emotions": [
        "red",
        "red",
        "red",
        "red",
        "red",
        "green",
        "green",
        "green",
        "green",
        "green",
        "red",
        "red",
        "red",
        "red",
        "red",
        "purple",
        "purple",
        "purple",
        "purple",
        "purple",
        "red",
        "red",
        "red",
        "red",
        "red"
      ],
      "mood_vectors": [
        [
          0.1353693701686422,
          0.047309319309291914,
          0.14116777887001644,
          0.08590407489697928,
          0.24597682534860393,
          0.10927553220575811,
          0.23499709920070816
        ],
        [
          0.19855424215948353,
          0.15358366637643164,
          0.16813912491066668,
          0.04861418662611801,
          0.1798965715342148,
          0.07634671020792978,
          0.1748654981851556
        ],
        [
          0.060159836114161445,
          0.15646152365931892,
          0.09255379708143742,
          0.33967248723398535,
          0.04142387321352538,
          0.12018616507686429,
          0.1895423176207071
        ],
        [
          0.09191248383758038,
          0.22008040875865037,
          0.003556689635191433,
          0.23669818429471637,
          0.11653624957196017,
          0.20090921889548877,
          0.13030676500641253
        ],
        [
          0.18565506826526634,
          0.158187080736762,
          0.11721048925642429,
          0.058098485316532576,
          0.18155360771491047,
          0.21487103068343968,
          0.08442423802666461
        ],
        [
          0.1764534415348952,
          0.02244552821766865,
          0.27495867946207775,
          0.18077259203589988,
          0.07179165713627407,
          0.11617694067778112,
          0.15740116093540346
        ],
        [
          0.1297102648406529,
          0.10346346570024174,
          0.12287876318334436,
          0.22267345639329292,
          0.22426290164901067,
          0.18420967567216825,
          0.012801472561289181
        ],
        [
          0.1031798443148584,
          0.09882094218095484,
          0.20908458721660222,
          0.19816481200484184,
          0.09400537332999351,
          0.2134197741085427,
          0.08332466684420652
        ],
        [
          0.10685876477544932,
          0.14456951000796248,
          0.20547904650441104,
          0.14444996402112914,
          0.13711491106887383,
          0.097773718410407,
          0.1637540852117672
        ],
        [
          0.1341133958224145,
          0.26169083549174316,
          0.053883725563744996,
          0.13779505972263975,
          0.31436413820041254,
          0.0836438685686721,
          0.014508976630372946
        ],
        [
          0.21112420980096727,
          0.18396140419805518,
          0.19367431889458694,
          0.03402512883488872,
          0.20223838619011014,
          0.09178646302969933,
          0.08319008905169246
        ],
        [
          0.22491664056846583,
          0.26087275889112255,
          0.1367176207854864,
          0.039651499959331794,
          0.023966417137555693,
          0.12029865375325476,
          0.193576408904783
        ],
        [
          0.21846021637330273,
          0.1213893328263557,
          0.11228800418437229,
          0.20997460068398852,
          0.15491240361778083,
          0.006695788938573584,
          0.17627965337562645
        ],
        [
          0.11908397021886884,
          0.22706141523787463,
          0.1410509980121074,
          0.23042983350075544,
          0.017085798833664033,
          0.08192802015022822,
          0.18335996404650137
        ],
        [
          0.050303314713310454,
          0.20197041456123957,
          0.20082322460625474,
          0.06227583650502839,
          0.1307619363643213,
          0.2341195600177317,
          0.11974571323211387
        ],
        [
          0.2450555821301332,
          0.13076367862629246,
          0.04550504828264751,
          0.023077610330164332,
          0.19846191066748933,
          0.024562688513668933,
          0.3325734814496042
        ],
        [
          0.08810513734707479,
          0.21737802536798656,
          0.012543918164114437,
          0.17238095066812978,
          0.25036743944037865,
          0.14044837164297463,
          0.11877615736934115
        ],
        [
          0.29185547096200665,
          0.03889745034550907,
          0.17806181467867446,
          0.16890094138155504,
          0.11703482649235082,
          0.0004521252635122328,
          0.20479737087639177
        ],
        [
          0.09826178343773521,
          0.12094387245864929,
          0.04320416533601945,
          0.10779267182486184,
          0.185136364980084,
          0.24481570473145656,
          0.19984543723119366
        ],
        [
          0.19297340685159262,
          0.13856647184139598,
          0.06599143799023034,
          0.20385528704779676,
          0.09686602943911159,
          0.19055420466867184,
          0.11119316216120083
        ],
        [
          0.012609592857419197,
          0.3622501541247566,
          0.04174154265453552,
          0.22438071737889467,
          0.012721341378494788,
          0.2936944592067149,
          0.052602192399184323
        ],
        [
          0.22438982737931085,
          0.1472516343409446,
          0.059086941559402605,
          0.04657515670512784,
          0.05989270239676145,
          0.1340577649633347,
          0.328745972655118
        ],
        [
          0.28052811804372235,
          0.067780537546113,
          0.13034389517264797,
          0.19602218711226593,
          0.11772923608336569,
          0.1993225563788775,
          0.00827346966300757
        ],
        [
          0.2428374223570048,
          0.050525649323034,
          0.180698638102429,
          0.04186687219728311,
          0.09875860431362211,
          0.30032527766247163,
          0.08498753604415539
        ],
        [
          0.13754074443591738,
          0.10076407900591386,
          0.19270105212965485,
          0.08770552624400874,
          0.18206337018833965,
          0.11083886068731254,
          0.1883863673088529
        ]
      ],
      "timestamps": [
        0,
        1,
        2,
        3,
        4,
        5,
        6,
        7,
        8,
        9,
        10,
        11,
        12,
        13,
        14,
        15,
        16,
        17,
        18,
        19,
        20,
        21,
        22,
        23,
        24
      ],
      "distance": 151.8
    },
    {
      "trip_id": 1,
      "transport_method": "foot",
      "start_time": 25,
      "path": [
        [
          1.5286383000000003,
          42.506949199999994
        ],
        [
          1.528011688518646,
          42.506843851722046
        ],
        [
          1.527678906942338,
          42.50691374310838
        ],
        [
          1.5275788666982313,
          42.50719991168065
        ],
        [
          1.52683157075703,
          42.50713961785946
        ],
        [
          1.5260843631706889,
          42.50707831016917
        ],
        [
          1.5253379027508387,
          42.50700842876816
        ],
        [
          1.5246004526347514,
          42.50687643913607
        ],
        [
          1.5238703766098403,
          42.5067611597258
        ],
        [
          1.5231727667595767,
          42.506655750131166
        ],
        [
          1.5224420236993237,
          42.50648811615937
        ],
        [
          1.5218041189118912,
          42.50631694519713
        ],
        [
          1.522040930635095,
          42.50682887369934
        ],
        [
          1.5224841064885237,
          42.50739857428497
        ],
        [
          1.5218160271471368,
          42.50748654480275
        ],
        [
          1.5210669543571387,
          42.507465734414644
        ],
        [
          1.5203176305121664,
          42.507446181617766
        ],
        [
          1.5195983950742842,
          42.507260814484106
        ],
        [
          1.5189299015946145,
          42.50692139875635
        ],
        [
          1.5182718445953345,
          42.50662194386997
        ],
        [
          1.5177313537863706,
          42.506604216685524
        ],
        [
          1.5179141354991053,
          42.506817759209234
        ],
        [
          1.5177989924160604,
          42.50715363321503
        ],
        [
          1.5177698083153544,
          42.50660803834926
        ],
        [
          1.5170222846076435,
          42.50655200062773
        ],
        [
          1.5162749061003495,
          42.50649273904283
        ],
        [
          1.5155891754451156,
          42.50677112619134
        ],
        [
          1.5152993755606696,
          42.50705029190017
        ],
        [
          1.5160288187612423,
          42.507223494630374
        ],
        [
          1.516758261961815,
          42.50739669736057
        ],
        [
          1.5174127999999998,
          42.507742499999985
        ]
      ],
      "emotions": [
        "purple",
        "purple",
        "purple",
        "purple",
        "purple",
        "red",
        "red",
        "red",
        "red",
        "red",
        "red",
        "red",
        "red",
        "red",
        "red",
        "purple",
        "purple",
        "purple",
        "purple",
        "purple",
        "green",
        "green",
        "green",
        "green",
        "green",
        "purple",
        "purple",
        "purple",
        "purple",
        "purple",
        "red"
      ],
      "mood_vectors": [
        [
          0.1443377856014371,
          0.18255754586766643,
          0.19307382831763384,
          0.13254613454006503,
          0.20686420670020247,
          0.09666076107956785,
          0.04395973789342736
        ],
        [
          0.1275233162707792,
          0.167630334637322,
          0.025354050569820846,
          0.11427198226084415,
          0.09168010026587257,
          0.2656430534511225,
          0.20789716254423876
        ],
        [
          0.06327324309414449,
          0.1932846848214869,
          0.09410099318253086,
          0.13835669924011756,
          0.14621022605506873,
          0.19901244630160658,
          0.16576170730504491
        ],
        [
          0.2834519257681111,
          0.06432681758745502,
          0.04196186348118366,
          0.2008253461403366,
          0.01582346586111199,
          0.20002623570885572,
          0.1935843454529458
        ],
        [
          0.13596043627285348,
          0.14789668712947085,
          0.15733352987825402,
          0.20717427947114797,
          0.10335168130693895,
          0.11433060255051515,
          0.13395278339081954
        ],
        [
          0.23603528085041042,
          0.1780766940665249,
          0.058035899713214795,
          0.17778907134105232,
          0.24955450838118537,
          0.04396130147597311,
          0.05654724417163911
        ],
        [
          0.1518002131014787,
          5.1221853066522766e-05,
          0.10792152340274021,
          0.3706110717564407,
          0.09350435095895486,
          0.2069130955553076,
          0.06919852337201143
        ],
        [
          0.23429522190837623,
          0.09128941651199572,
          0.19822569748346422,
          0.2476825032672049,
          0.1303539808664277,
          0.09551550012114694,
          0.0026376798413842548
        ],
        [
          0.11810667427085395,
          0.20197453264395912,
          0.1395736633325051,
          0.0004819780847288088,
          0.19499156161823614,
          0.19362514103289105,
          0.1512464490168258
        ],
        [
          0.234905906782113,
          0.06721218750872748,
          0.019197265291378766,
          0.23041254696342456,
          0.11955210875583887,
          0.19062815735657176,
          0.13809182734194556
        ],
        [
          0.11784056886704089,
          0.007116989391738139,
          0.1029097279706957,
          0.1482566770629338,
          0.22417146546357852,
          0.15943079540251298,
          0.24027377584149992
        ],
        [
          0.25609776918831656,
          0.13998459690854761,
          0.13309115788845033,
          0.08126952074079478,
          0.27072284604334984,
          0.11240530522558255,
          0.006428804004958427
        ],
        [
          0.13085587093464765,
          0.2512447637150018,
          0.2191291098855493,
          0.004548638989938735,
          0.15521942555724838,
          0.21817746502116803,
          0.020824725896446107
        ],
        [
          0.09638934252601099,
          0.15121713240055615,
          0.2567044312176976,
          0.1780497743680742,
          0.11741445473768619,
          0.18635521145043413,
          0.013869653299540829
        ],
        [
          0.2285674577698094,
          0.05267034092809042,
          0.09543176849925686,
          0.20352248961295347,
          0.16167949999563372,
          0.05927516218723788,
          0.1988532810070183
        ],
        [
          0.17955712466363954,
          0.18792355505671124,
          0.14338302559154004,
          0.18529180001204096,
          0.08661765663697128,
          0.07564338888441927,
          0.14158344915467766
        ],
        [
          0.021627410183930877,
          0.05410421283255858,
          0.156652815911035,
          0.08810404800946191,
          0.1530179869065671,
          0.23214640344824422,
          0.2943471227082023
        ],
        [
          0.1580266707978202,
          0.02940515526935188,
          0.1548473199490915,
          0.0776054103432463,
          0.1053491472370001,
          0.2722714017512961,
          0.2024948946521938
        ],
        [
          0.2029264177235514,
          0.13422019795401915,
          0.188977932338593,
          0.158555628721961,
          0.12407497239238652,
          0.033993661923223735,
          0.1572511889462652
        ],
        [
          0.21979028595281772,
          0.21612596192688097,
          0.080422434564455,
          0.05174568839975907,
          0.06543387210177375,
          0.27085761517102963,
          0.09562414188328382
        ],
        [
          0.16067789479503183,
          0.012119237752807767,
          0.2110594181642719,
          0.11711090735693558,
          0.19770048891057523,
          0.16814675335437224,
          0.13318529966600545
        ],
        [
          0.2532012797917319,
          0.1375533388459724,
          0.15411797339387218,
          0.1259642286993493,
          0.15566212699468512,
          0.06602905776436016,
          0.10747199451002891
        ],
        [
          0.22823840123775316,
          0.236737454495194,
          0.049755373652001306,
          0.16148312277770585,
          0.009469059948535185,
          0.12064253639290265,
          0.1936740514959079
        ],
        [
          0.16808753956657557,
          0.14575597076082755,
          0.11643165611317709,
          0.2575758394226486,
          0.027883734662746327,
          0.03333095499761813,
          0.2509343044764067
        ],
        [
          0.24431368370082704,
          0.0006314754719336421,
          0.05143887754045411,
          0.17406350486083455,
          0.17353477911993598,
          0.15098771278034706,
          0.20502996652566766
        ],
        [
          0.2224609324537402,
          0.1178483833248369,
          0.18710523038053217,
          0.1677171097366182,
          0.10305030990237395,
          0.1916437228361813,
          0.010174311365717226
        ],
        [
          0.14386174333852242,
          0.08505345291619523,
          0.14371638437698983,
          0.10312985852695877,
          0.13796314426253958,
          0.18992065828425242,
          0.19635475829454171
        ],
        [
          0.15055289926232104,
          0.2001615186773979,
          0.11070656808458525,
          0.13834342415925047,
          0.013736448322970059,
          0.19216530146841182,
          0.19433384002506351
        ],
        [
          0.2808008385002257,
          0.21071876415525298,
          0.15405196878903094,
          0.005792732057893567,
          0.14172537012354586,
          0.014389741714472406,
          0.19252058465957866
        ],
        [
          0.2309462029560516,
          0.21519166462525396,
          0.0021956855970811603,
          0.16329208026686956,
          0.25326159507349383,
          0.03156998163042322,
          0.10354278985082667
        ],
        [
          0.26438177964123416,
          0.2697372538491015,
          0.1965139525557807,
          0.09988171022568408,
          0.03364756942589431,
          0.09449962632570776,
          0.04133810797659749
        ]
      ],
      "timestamps": [
        25,
        26,
        27,
        28,
        29,
        30,
        31,
        32,
        33,
        34,
        35,
        36,
        37,
        38,
        39,
        40,
        41,
        42,
        43,
        44,
        45,
        46,
        47,
        48,
        49,
        50,
        51,
        52,
        53,
        54,
        55
      ],
      "distance": 1200.1
    },
    {
      "trip_id": 2,
      "transport_method": "bicycle",
      "start_time": 56,
      "path": [
        [
          1.5174658000000008,
          42.507779799999994
        ],
        [
          1.5177971416871057,
          42.50800685003684
        ],
        [
          1.5181284833742106,
          42.508233900073684
        ],
        [
          1.5184750545187695,
          42.50832739479795
        ],
        [
          1.5188395879418757,
          42.508159204701734
        ],
        [
          1.5192012893901992,
          42.5079845304474
        ],
        [
          1.5195463962947133,
          42.50784231425227
        ],
        [
          1.5196165957469678,
          42.50823780264622
        ],
        [
          1.51973276982774,
          42.50859539754831
        ],
        [
          1.5196808216539814,
          42.50857538082081
        ],
        [
          1.5196068661566153,
          42.50818298825752
        ],
        [
          1.5195716315380903,
          42.507804910853864
        ],
        [
          1.5199310066081855,
          42.507626331671126
        ],
        [
          1.5203077853515634,
          42.50754261926231
        ],
        [
          1.5206685667267748,
          42.507718098443206
        ],
        [
          1.5210231689763214,
          42.50790676820088
        ],
        [
          1.5213777712258678,
          42.508095437958566
        ],
        [
          1.5217251767380433,
          42.50828465955441
        ],
        [
          1.5214009437756042,
          42.50844805595889
        ],
        [
          1.5211400817550575,
          42.50827857638505
        ],
        [
          1.5214760353116432,
          42.508470941247985
        ],
        [
          1.5216524008215677,
          42.508241557446915
        ],
        [
          1.521297798572021,
          42.50805288768924
        ],
        [
          1.5209431963224747,
          42.50786421793156
        ],
        [
          1.5205885940729282,
          42.50767554817388
        ],
        [
          1.5205150278119648,
          42.507456715481126
        ],
        [
          1.5205306999999997,
          42.5072763
        ]
      ],
      "emotions": [
        "red",
        "red",
        "red",
        "red",
        "red",
        "red",
        "red",
        "red",
        "red",
        "red",
        "red",
        "red",
        "red",
        "red",
        "purple",
        "purple",
        "purple",
        "purple",
        "purple",
        "purple",
        "purple",
        "purple",
        "purple",
        "purple",
        "green",
        "green",
        "green"
      ],
      "mood_vectors": [
        [
          0.22280426447065538,
          0.1684109568767244,
          0.09833468079051526,
          0.03823664600928894,
          0.055188698120881674,
          0.2149201007255052,
          0.20210465300642927
        ],
        [
          0.11784318907189476,
          0.1110207929114496,
          0.1387948849138023,
          0.08282902054686629,
          0.2082256626477135,
          0.06450004127630617,
          0.2767864086319674
        ],
        [
          0.2192658035751245,
          0.20965195679127963,
          0.11321302895815662,
          0.07167503726108992,
          0.1658017259953641,
          0.19579520870818362,
          0.02459723871080155
        ],
        [
          0.16827368178944202,
          0.1336720854978856,
          0.11919953793427253,
          0.14262060196079354,
          0.1365381091679742,
          0.13158004204838938,
          0.16811594160124274
        ],
        [
          0.17812518958535548,
          0.03488206973488071,
          0.13350221136070223,
          0.26158739193555014,
          0.045826642848457194,
          0.20249272989688713,
          0.1435837646381671
        ],
        [
          0.19995315878538672,
          0.19506248401987356,
          0.19432373029752048,
          0.05835303237386909,
          0.17085304677341,
          0.1421580196116965,
          0.039296528138243574
        ],
        [
          0.18913455831709222,
          0.06594823820583554,
          0.058912597996460855,
          0.12919243983537312,
          0.1446611157389598,
          0.18115594759375397,
          0.2309951023125245
        ],
        [
          0.19310823320866757,
          0.2028837958510623,
          0.08158915747330421,
          0.05610637465985573,
          0.19885362118093813,
          0.13394130770197246,
          0.13351750992419964
        ],
        [
          0.0682541288404012,
          0.38202585954688856,
          0.05832196295784384,
          0.02367080285560799,
          0.2999214756894683,
          0.08720124825022357,
          0.08060452185956664
        ],
        [
          0.1768603340640759,
          0.23933280396026127,
          0.004506996281863239,
          0.1534131896295141,
          0.13303927628488899,
          0.1435225603911197,
          0.14932483938827684
        ],
        [
          0.09402965302539991,
          0.17546822491613567,
          0.21207927037396876,
          0.09288139998270523,
          0.17388517918877536,
          0.17980633138156138,
          0.07184994113145365
        ],
        [
          0.18957818811605956,
          0.08759447106766403,
          0.007209230781673437,
          0.2289696647711549,
          0.2254141204380648,
          0.04241472190676339,
          0.21881960291861988
        ],
        [
          0.11057981082757767,
          0.2475258394154626,
          0.18583188626860236,
          0.05366976600957808,
          0.1354210642434866,
          0.1737086087460656,
          0.09326302448922705
        ],
        [
          0.26783284979434174,
          0.021828593709730733,
          0.24255604442076853,
          0.274782133979254,
          0.06835161881778004,
          0.0019130856931822667,
          0.1227356735849428
        ],
        [
          0.031187048406712072,
          0.17850944802890736,
          0.20121496517895368,
          0.07263015418435788,
          0.2199802797109333,
          0.06696149124616177,
          0.22951661324397393
        ],
        [
          0.26071372037737744,
          0.09869785048508874,
          0.03716521173372252,
          0.12136980575109596,
          0.0870506540037612,
          0.2178049557009243,
          0.17719780194802984
        ],
        [
          0.08430073762729923,
          0.04654204152728737,
          0.2533175484279027,
          0.10253335527487058,
          0.2548435041223554,
          0.0629204376354298,
          0.19554237538485492
        ],
        [
          0.04454983765512433,
          0.1697528295201096,
          0.22311199113611577,
          0.03697893554851438,
          0.05601258519952261,
          0.20916172849668654,
          0.2604320924439268
        ],
        [
          0.19908546847046152,
          0.008408148690162268,
          0.08626087298355403,
          0.12799617076570657,
          0.21718928406704102,
          0.04507926187215539,
          0.31598079315091915
        ],
        [
          0.15085957293740868,
          0.14542438604680563,
          0.10307782085334266,
          0.16803443289819278,
          0.15100310109714588,
          0.170565318514902,
          0.11103536765220241
        ],
        [
          0.16880749098994438,
          0.014401733559547146,
          0.19358560998114877,
          0.07886909941281427,
          0.13958283315776315,
          0.07944706517145717,
          0.3253061677273251
        ],
        [
          0.0049383529601253,
          0.09146400877267631,
          0.1380215554182933,
          0.15497257809005283,
          0.06505577934489473,
          0.24956750025138696,
          0.29598022516257055
        ],
        [
          0.04065686365320014,
          0.24855009322137311,
          0.1798974667966047,
          0.011725920961842728,
          0.21315606208695548,
          0.15944563348947155,
          0.1465679597905523
        ],
        [
          0.1925011890149446,
          0.16174578018241628,
          0.1495759211920319,
          0.002157148059076516,
          0.05939527055326622,
          0.2951712608618394,
          0.13945343013642517
        ],
        [
          0.15041660234138984,
          0.25538148050761955,
          0.23136601265611653,
          0.0016787540603744717,
          0.0783830683454701,
          0.19272109373951923,
          0.09005298834951031
        ],
        [
          0.21344272993633767,
          0.04391711716380212,
          0.21317206095154909,
          0.10098336407077345,
          0.1982320703191282,
          0.08555752441805556,
          0.14469513314035395
        ],
        [
          0.14204414203056387,
          0.0072101169341893725,
          0.12370742549302909,
          0.23246972495857013,
          0.1485470465252632,
          0.16226160792429603,
          0.1837599361340884
        ]
      ],
      "timestamps": [
        56,
        57,
        58,
        59,
        60,
        61,
        62,
        63,
        64,
        65,
        66,
        67,
        68,
        69,
        70,
        71,
        72,
        73,
        74,
        75,
        76,
        77,
        78,
        79,
        80,
        81,
        82
      ],
      "distance": 447.8
    },
    {
      "trip_id": 3,
      "transport_method": "car",
      "start_time": 83,
      "path": [
        [
          1.5205327,
          42.50745719999999
        ],
        [
          1.5206288906443948,
          42.50769698837733
        ],
        [
          1.5211007378077726,
          42.50794803949189
        ],
        [
          1.5215725849711503,
          42.50819909060646
        ],
        [
          1.5214413545948873,
          42.50847431048385
        ],
        [
          1.5212110381940733,
          42.50832467610865
        ],
        [
          1.5216501671608114,
          42.508340743808574
        ],
        [
          1.522150808605138,
          42.50839305701625
        ],
        [
          1.522294189009404,
          42.50847715170551
        ],
        [
          1.5217731056080923,
          42.50835824629525
        ],
        [
          1.5221859777932198,
          42.50845245911499
        ],
        [
          1.522528779306767,
          42.508269466751784
        ],
        [
          1.5222563426087583,
          42.508058001112886
        ],
        [
          1.522360912664646,
          42.50802543930438
        ],
        [
          1.5224957875160268,
          42.50837945831575
        ],
        [
          1.5228819917941898,
          42.5083511626522
        ],
        [
          1.5233577999999997,
          42.5084546
        ]
      ],
      "emotions": [
        "green",
        "green",
        "red",
        "red",
        "red",
        "red",
        "red",
        "green",
        "green",
        "green",
        "green",
        "green",
        "red",
        "red",
        "red",
        "red",
        "red"
      ],
      "mood_vectors": [
        [
          0.11920527417177305,
          0.24235575593372963,
          0.07798362348289893,
          0.21618447352808248,
          0.06390654402082918,
          0.09741140482173767,
          0.1829529240409491
        ],
        [
          0.04672238226730556,
          0.005168538081049513,
          0.1240912486956522,
          0.17159461021396158,
          0.23279742839337417,
          0.11984042951198298,
          0.299785362836674
        ],
        [
          0.03897209506305565,
          0.1691627454103766,
          0.11682629224289395,
          0.15429863003289135,
          0.11234743158532778,
          0.21101823118257745,
          0.19737457448287718
        ],
        [
          0.22992673858563392,
          0.16245161259979873,
          0.09669413094586349,
          0.020417422178888027,
          0.05824453929018321,
          0.1729831793555766,
          0.259282377044056
        ],
        [
          0.014237290489119684,
          0.27456670616759443,
          0.06395824773410208,
          0.26620958916787607,
          0.012358269993787252,
          0.20574901776523102,
          0.1629208786822894
        ],
        [
          0.1929814950189942,
          0.1324827556342635,
          0.2199531351480975,
          0.13868770893064594,
          0.044580521433109435,
          0.16949573378273045,
          0.10181865005215904
        ],
        [
          0.058962629786456215,
          0.09458107658606334,
          0.008684755586332046,
          0.18695209965585624,
          0.24134285108722853,
          0.22379819996874037,
          0.18567838732932326
        ],
        [
          0.06524678800493051,
          0.23416482772477915,
          0.1575859440507728,
          0.021009115889589036,
          0.19980081864201438,
          0.08663676879784211,
          0.23555573689007211
        ],
        [
          0.11539313206271644,
          0.19173137101486004,
          0.25133817184248036,
          0.010950511405402479,
          0.18954848368162125,
          0.09471984606458557,
          0.14631848392833396
        ],
        [
          0.05522159759475606,
          0.07995025205310577,
          0.16303215044712255,
          0.13355486534132968,
          0.16602839921513513,
          0.2432438331364526,
          0.15896890221209817
        ],
        [
          0.14159544037722213,
          0.25885167270033016,
          0.1422762281920357,
          0.14510632550354371,
          0.1730491780032064,
          0.07069431238562274,
          0.06842684283803908
        ],
        [
          0.12920754449786062,
          0.2071331806376519,
          0.03223815725357664,
          0.1453843060324488,
          0.114047304808978,
          0.15468677756407095,
          0.2173027292054131
        ],
        [
          0.031230229806347994,
          0.04495558186558928,
          0.21711911200342005,
          0.18791859356028884,
          0.21981566132673303,
          0.21953487828409998,
          0.07942594315352088
        ],
        [
          0.20667948751642848,
          0.19795494340421738,
          0.12292289587613305,
          0.07032990267809963,
          0.16148533998316467,
          0.006901619067039265,
          0.2337258114749176
        ],
        [
          0.08624570103345389,
          0.16283406601923509,
          0.15285359600694065,
          0.0613568431027807,
          0.12258945887105986,
          0.18634030992450568,
          0.22778002504202405
        ],
        [
          0.17438010074711377,
          0.0350975344509136,
          0.047564919338305305,
          0.26787219458356065,
          0.15177324172014683,
          0.19536571741935965,
          0.12794629174060018
        ],
        [
          0.016453741024135146,
          0.1332816656765163,
          0.26949832806649265,
          0.05944617958857003,
          0.1960850446411567,
          0.2423055247807182,
          0.08292951622241103
        ]
      ],
      "timestamps": [
        83,
        84,
        85,
        86,
        87,
        88,
        89,
        90,
        91,
        92,
        93,
        94,
        95,
        96,
        97,
        98,
        99
      ],
      "distance": 523.8
    }
  ],
  "conversation": [
    "I could get used to this fog.",
    "The old town feels like its own little city.",
    "I should grab a milk tea while I'm here."
  ],
  "conversation_timestamps": [
    2,
    27,
    51
  ]
}
