{"agent_id": "agent-blue-525", "type": "blue", "trips": [{"trip_id": 0, "transport_method": "bicycle", "start_time": 0, "path": [[1.4928806, 42.4672652], [1.4932082, 42.4673773], [1.493262, 42.4682447], [1.4932779, 42.4692215], [1.4931995, 42.470195], [1.4933038, 42.4711656], [1.4933853, 42.4720158], [1.493307, 42.4729812], [1.4925125, 42.4735132], [1.4916547, 42.4739595], [1.4909644, 42.4746276], [1.4908481, 42.4755866], [1.4906288, 42.4764967], [1.4904754, 42.4774646], [1.490322, 42.4784326], [1.4901685, 42.4794006], [1.4900151, 42.4803686], [1.4898616, 42.4813365], [1.4896048, 42.481615], [1.4894497, 42.4806513], [1.4893873, 42.4796785], [1.4897545, 42.4787802], [1.4902597, 42.4779408], [1.4906395, 42.4770426], [1.4905994, 42.476876], [1.490522, 42.477853], [1.4904446, 42.47883], [1.4903672, 42.479807], [1.4902898, 42.480784], [1.4902124, 42.481761], [1.4902344, 42.4827145], [1.4906938, 42.4835704], [1.49113, 42.4844384], [1.4920353, 42.4847699], [1.492898, 42.4850963], [1.4937279, 42.4856087], [1.4944473, 42.4862707], [1.4947313, 42.4871855], [1.4947236, 42.4881496], [1.495323, 42.4889225], [1.4959622, 42.4896654], [1.4962861, 42.4905516], [1.4966956, 42.491361], [1.4975153, 42.4918978], [1.4983695, 42.4923777], [1.4992363, 42.4928345], [1.5000262, 42.493412], [1.5006348, 42.4941381], [1.5015224, 42.4945537], [1.5024085, 42.4949721], [1.5033014, 42.4953738], [1.5042202, 42.4957057], [1.5050907, 42.4961544], [1.5060225, 42.4964577], [1.5069461, 42.4967855], [1.507865, 42.4971262], [1.5087515, 42.4975433], [1.5096309, 42.4979758], [1.5104378, 42.4985147], [1.5110464, 42.4992828], [1.5116549, 42.5000511], [1.5122447, 42.5008339], [1.5128333, 42.5016175], [1.5136543, 42.5021442], [1.5136572, 42.5021281], [1.5129235, 42.5016639], [1.5137129, 42.5020782], [1.5145951, 42.502505], [1.5150722, 42.5027763], [1.5158231, 42.5032726], [1.5152064, 42.5028605], [1.5160172, 42.503411], [1.5169299, 42.5037333], [1.5179054, 42.5036859], [1.5188774, 42.5035604], [1.5197542, 42.5038232], [1.5206679, 42.5041352], [1.5215817, 42.5044875], [1.522082, 42.5051803], [1.522221, 42.5061351]], "mood_vectors": [[0.0559, 0.0837, 0.0847, 0.5579, 0.0685, 0.0751, 0.0742], [0.0503, 0.0202, 0.0757, 0.6027, 0.0973, 0.0719, 0.0819], [0.0493, 0.0263, 0.0816, 0.7782, 0.0242, 0.0168, 0.0235], [0.0417, 0.0453, 0.0885, 0.6714, 0.0515, 0.058, 0.0436], [0.0389, 0.0277, 0.0278, 0.7507, 0.0731, 0.0554, 0.0265], [0.0818, 0.0402, 0.0199, 0.7965, 0.0243, 0.017, 0.0203], [0.0622, 0.0347, 0.0461, 0.6374, 0.0781, 0.0743, 0.0672], [0.0326, 0.038, 0.0674, 0.7681, 0.0269, 0.0457, 0.0213], [0.0812, 0.0445, 0.0868, 0.6167, 0.0596, 0.0544, 0.0568], [0.0782, 0.0898, 0.0245, 0.6656, 0.0464, 0.0689, 0.0267], [0.0268, 0.0543, 0.0633, 0.6715, 0.069, 0.0356, 0.0795], [0.0226, 0.0212, 0.0758, 0.742, 0.0152, 0.0833, 0.04], [0.0725, 0.0317, 0.021, 0.712, 0.0151, 0.0913, 0.0565], [0.0602, 0.0541, 0.0599, 0.6938, 0.0143, 0.0625, 0.0552], [0.0475, 0.0575, 0.0313, 0.7523, 0.0212, 0.0194, 0.0708], [0.0619, 0.017, 0.0774, 0.7149, 0.0356, 0.0733, 0.0199], [0.0294, 0.0266, 0.0697, 0.7199, 0.018, 0.0654, 0.071], [0.0142, 0.0164, 0.0365, 0.799, 0.0392, 0.0238, 0.0709], [0.0159, 0.0374, 0.045, 0.7718, 0.0753, 0.0372, 0.0174], [0.0257, 0.0631, 0.0225, 0.7222, 0.0352, 0.0554, 0.076], [0.0741, 0.0628, 0.0163, 0.6724, 0.0515, 0.0724, 0.0505], [0.014, 0.0569, 0.0192, 0.7426, 0.0745, 0.0686, 0.0242], [0.0526, 0.0463, 0.0505, 0.7199, 0.0411, 0.0537, 0.0358], [0.0538, 0.0526, 0.0212, 0.7446, 0.0268, 0.0584, 0.0426], [0.0517, 0.0414, 0.0485, 0.7778, 0.0173, 0.0341, 0.0292], [0.0349, 0.0639, 0.0683, 0.7449, 0.051, 0.0195, 0.0176], [0.0569, 0.0995, 0.0847, 0.6586, 0.0306, 0.0265, 0.0431], [0.0309, 0.0491, 0.0823, 0.7451, 0.0394, 0.0377, 0.0156], [0.071, 0.0468, 0.0361, 0.6766, 0.0728, 0.0454, 0.0513], [0.0955, 0.0752, 0.0678, 0.6446, 0.0458, 0.0392, 0.0319], [0.0223, 0.0655, 0.0604, 0.7105, 0.0955, 0.0192, 0.0265], [0.0538, 0.0476, 0.0911, 0.6361, 0.0795, 0.0528, 0.0391], [0.0598, 0.0233, 0.0913, 0.6737, 0.0808, 0.0384, 0.0327], [0.0609, 0.0821, 0.0132, 0.6714, 0.023, 0.0789, 0.0706], [0.0371, 0.0792, 0.0245, 0.746, 0.0261, 0.047, 0.0402], [0.0818, 0.0396, 0.0521, 0.736, 0.052, 0.0233, 0.0151], [0.0844, 0.0354, 0.0574, 0.6721, 0.0316, 0.0705, 0.0485], [0.0516, 0.063, 0.028, 0.7116, 0.0605, 0.049, 0.0363], [0.0776, 0.0851, 0.0526, 0.6656, 0.0252, 0.076, 0.0178], [0.0752, 0.0193, 0.0437, 0.7778, 0.0316, 0.0315, 0.0209], [0.0885, 0.0727, 0.0465, 0.6292, 0.058, 0.08, 0.0251], [0.056, 0.0583, 0.0378, 0.695, 0.0601, 0.0628, 0.0301], [0.0546, 0.0326, 0.0205, 0.7616, 0.0465, 0.034, 0.0502], [0.0292, 0.027, 0.026, 0.7444, 0.0211, 0.0826, 0.0697], [0.0402, 0.0141, 0.06, 0.7256, 0.0264, 0.0707, 0.0629], [0.0239, 0.0761, 0.0516, 0.6577, 0.0714, 0.0723, 0.047], [0.0487, 0.0453, 0.035, 0.7701, 0.0281, 0.0259, 0.047], [0.0274, 0.0435, 0.0486, 0.7542, 0.0291, 0.0269, 0.0704], [0.0248, 0.0618, 0.0242, 0.7653, 0.0188, 0.0426, 0.0626], [0.0404, 0.0413, 0.0523, 0.6895, 0.0669, 0.0474, 0.0622], [0.0383, 0.0522, 0.0485, 0.7586, 0.0436, 0.0397, 0.0191], [0.0292, 0.0243, 0.0451, 0.7741, 0.0281, 0.0357, 0.0634], [0.1023, 0.0346, 0.0631, 0.7021, 0.0268, 0.0451, 0.026], [0.0294, 0.0762, 0.0263, 0.6843, 0.0436, 0.0406, 0.0997], [0.0541, 0.0782, 0.0153, 0.7403, 0.0755, 0.0204, 0.0161], [0.0148, 0.0728, 0.0395, 0.7497, 0.037, 0.0459, 0.0403], [0.0482, 0.057, 0.0195, 0.7249, 0.0294, 0.072, 0.0489], [0.0588, 0.0733, 0.0486, 0.6855, 0.0817, 0.016, 0.0361], [0.0586, 0.0507, 0.0116, 0.745, 0.0239, 0.0313, 0.0789], [0.077, 0.0598, 0.0409, 0.69, 0.0156, 0.0585, 0.0582], [0.0239, 0.017, 0.029, 0.79, 0.0123, 0.0476, 0.0803], [0.0283, 0.0397, 0.0313, 0.7706, 0.0518, 0.0304, 0.048], [0.0158, 0.0402, 0.0572, 0.7059, 0.0766, 0.0564, 0.0478], [0.0816, 0.0695, 0.0561, 0.5961, 0.0511, 0.063, 0.0825], [0.0548, 0.077, 0.0227, 0.7209, 0.0598, 0.0309, 0.0339], [0.0666, 0.0344, 0.0337, 0.6502, 0.0497, 0.0956, 0.0698], [0.0706, 0.0648, 0.0525, 0.6444, 0.0431, 0.0756, 0.0489], [0.0414, 0.0779, 0.0605, 0.619, 0.0419, 0.0808, 0.0786], [0.0547, 0.0578, 0.0332, 0.687, 0.0504, 0.0431, 0.0738], [0.0291, 0.0245, 0.0374, 0.7756, 0.029, 0.0666, 0.0377], [0.0614, 0.0396, 0.0396, 0.6913, 0.0229, 0.0735, 0.0718], [0.0756, 0.0687, 0.0316, 0.6895, 0.0586, 0.0336, 0.0423], [0.0459, 0.0294, 0.0619, 0.6864, 0.0736, 0.0516, 0.0511], [0.0439, 0.0688, 0.0484, 0.7558, 0.0324, 0.017, 0.0336], [0.0151, 0.0721, 0.0647, 0.655, 0.0734, 0.0799, 0.0398], [0.0516, 0.0389, 0.0544, 0.7099, 0.0433, 0.0588, 0.0431], [0.0697, 0.0556, 0.0651, 0.7107, 0.022, 0.0519, 0.0251], [0.0367, 0.0523, 0.0416, 0.6905, 0.0914, 0.0357, 0.0518], [0.0247, 0.0771, 0.0687, 0.6628, 0.0349, 0.051, 0.0808], [0.0634, 0.0281, 0.0378, 0.7355, 0.0774, 0.0163, 0.0415]], "emotions": ["green", "green", "green", "green", "green", "green", "green", "green", "green", "green", "green", "green", "green", "green", "green", "green", "green", "green", "green", "green", "green", "green", "green", "green", "green", "green", "green", "green", "green", "green", "green", "green", "green", "green", "green", "green", "green", "green", "green", "green", "green", "green", "green", "green", "green", "green", "green", "green", "green", "green", "green", "green", "green", "green", "green", "green", "green", "green", "green", "green", "green", "green", "green", "green", "green", "green", "green", "green", "green", "green", "green", "green", "green", "green", "green", "green", "green", "green", "green", "green"], "timestamps": [0, 40, 80, 120, 160, 200, 240, 280, 320, 360, 400, 440, 480, 520, 560, 600, 640, 680, 720, 760, 800, 840, 880, 920, 960, 1000, 1040, 1080, 1120, 1160, 1200, 1240, 1280, 1320, 1360, 1400, 1440, 1480, 1520, 1560, 1600, 1640, 1680, 1720, 1760, 1800, 1840, 1880, 1920, 1960, 2000, 2040, 2080, 2120, 2160, 2200, 2240, 2280, 2320, 2360, 2400, 2440, 2480, 2520, 2560, 2600, 2640, 2680, 2720, 2760, 2800, 2840, 2880, 2920, 2960, 3000, 3040, 3080, 3120, 3160]}], "conversation": [], "conversation_timestamps": []}