{"agent_id": "agent-green-137", "type": "green", "trips": [{"trip_id": 0, "transport_method": "foot", "start_time": 0, "path": [[1.6098373, 42.5315906], [1.6089178, 42.5321271], [1.6080668, 42.5327648], [1.6072389, 42.5334485], [1.6078885, 42.5337292], [1.6089424, 42.533935], [1.6098774, 42.5344023], [1.6096392, 42.5351294], [1.609895, 42.5359332], [1.6088427, 42.5359239], [1.6078126, 42.5362183], [1.6067731, 42.5364899], [1.6057335, 42.5367615], [1.604694, 42.5370331], [1.6036544, 42.5373047], [1.6026148, 42.5375762], [1.6015753, 42.5378478], [1.6005357, 42.5381194], [1.5994962, 42.538391], [1.5984566, 42.5386625], [1.5974171, 42.5389341], [1.5963775, 42.5392057], [1.5970796, 42.538977], [1.5980552, 42.5390868], [1.5991146, 42.5391521], [1.6001588, 42.5392976], [1.601192, 42.5393201], [1.6021943, 42.5389623], [1.6032044, 42.5386166], [1.6042273, 42.5382936], [1.6052597, 42.5380149], [1.6060577, 42.5373547], [1.607027, 42.5369258], [1.6078545, 42.5362506], [1.6075185, 42.5362979], [1.6064799, 42.5365733], [1.6054414, 42.5368487], [1.6044028, 42.5371241], [1.6033643, 42.5373995], [1.6023257, 42.5376749], [1.6012872, 42.5379503], [1.6002486, 42.5382257], [1.5992101, 42.5385011], [1.5981715, 42.5387766], [1.597133, 42.539052], [1.5960944, 42.5393274], [1.5963535, 42.5400952], [1.596889, 42.5409648], [1.5968495, 42.5420242], [1.5965707, 42.5430199], [1.5960767, 42.5439352], [1.5955503, 42.5448194], [1.5958975, 42.5457731], [1.5959919, 42.5467757], [1.5955651, 42.5477159], [1.595259, 42.5487152], [1.5948012, 42.5496759], [1.594373, 42.550586], [1.5939673, 42.5515365], [1.5942046, 42.5525184], [1.5940823, 42.5535782], [1.5942179, 42.5546015], [1.5941905, 42.5556324], [1.5945001, 42.5564658], [1.5947925, 42.5573478], [1.5958391, 42.557562], [1.5956209, 42.5581621], [1.5948879, 42.5585673], [1.5956753, 42.5592824], [1.5956678, 42.5602111], [1.5959726, 42.5608747], [1.5957209, 42.561633], [1.5963086, 42.5620125], [1.5973824, 42.5620041], [1.5984297, 42.5618152], [1.5995001, 42.5619078], [1.5989002, 42.5617376], [1.5987672, 42.5618898], [1.5998238, 42.5620846], [1.600841, 42.5623898]], "mood_vectors": [[0.0523, 0.0604, 0.0394, 0.0744, 0.0512, 0.0285, 0.6938], [0.0598, 0.0153, 0.0774, 0.0274, 0.0285, 0.0246, 0.767], [0.0335, 0.0549, 0.0814, 0.0258, 0.0531, 0.0375, 0.7137], [0.0379, 0.0355, 0.0709, 0.0505, 0.0621, 0.0413, 0.7018], [0.0401, 0.0794, 0.0714, 0.0721, 0.0434, 0.0393, 0.6543], [0.035, 0.051, 0.0641, 0.0418, 0.05, 0.0448, 0.7134], [0.0661, 0.0469, 0.0178, 0.0366, 0.0292, 0.0639, 0.7394], [0.0419, 0.0309, 0.0435, 0.0703, 0.0366, 0.081, 0.6958], [0.0193, 0.0729, 0.0646, 0.0554, 0.0188, 0.0354, 0.7334], [0.0131, 0.074, 0.0782, 0.0131, 0.0578, 0.0211, 0.7427], [0.0581, 0.0418, 0.0575, 0.0338, 0.0519, 0.0284, 0.7285], [0.0653, 0.0523, 0.0404, 0.0254, 0.07, 0.0292, 0.7175], [0.0712, 0.0606, 0.0735, 0.0728, 0.0814, 0.0407, 0.5998], [0.0162, 0.0494, 0.0655, 0.0557, 0.0919, 0.0674, 0.6538], [0.0167, 0.0306, 0.0736, 0.0399, 0.0611, 0.017, 0.7611], [0.0834, 0.0525, 0.0786, 0.0756, 0.0492, 0.0173, 0.6432], [0.019, 0.069, 0.0404, 0.0553, 0.0139, 0.0128, 0.7897], [0.0687, 0.079, 0.0273, 0.0601, 0.0889, 0.0623, 0.6138], [0.043, 0.0441, 0.0256, 0.059, 0.0227, 0.0591, 0.7465], [0.0686, 0.0843, 0.0832, 0.0303, 0.0511, 0.0522, 0.6303], [0.0432, 0.0649, 0.065, 0.0558, 0.0615, 0.0405, 0.6691], [0.0415, 0.0747, 0.0368, 0.0448, 0.0424, 0.0298, 0.7299], [0.0185, 0.0293, 0.0339, 0.0254, 0.0797, 0.0481, 0.7651], [0.0209, 0.0702, 0.0269, 0.0492, 0.0373, 0.0173, 0.778], [0.0401, 0.056, 0.0933, 0.0387, 0.016, 0.0453, 0.7106], [0.0534, 0.0297, 0.0322, 0.0657, 0.0701, 0.0214, 0.7275], [0.0552, 0.0639, 0.0813, 0.0755, 0.0505, 0.0327, 0.6408], [0.0629, 0.0638, 0.0737, 0.0278, 0.0707, 0.0587, 0.6424], [0.0262, 0.0431, 0.0554, 0.0653, 0.0526, 0.0781, 0.6793], [0.0498, 0.0573, 0.0804, 0.0538, 0.0236, 0.0318, 0.7034], [0.0767, 0.0287, 0.0277, 0.0503, 0.0344, 0.0716, 0.7106], [0.0689, 0.0621, 0.0363, 0.0601, 0.0672, 0.0235, 0.682], [0.0434, 0.0187, 0.0462, 0.0463, 0.0727, 0.0388, 0.7338], [0.0578, 0.0464, 0.0381, 0.0697, 0.034, 0.0801, 0.6738], [0.0592, 0.0431, 0.0729, 0.0162, 0.0233, 0.08, 0.7054], [0.0162, 0.0536, 0.0185, 0.0668, 0.0334, 0.0344, 0.7771], [0.0737, 0.0485, 0.0856, 0.0159, 0.0334, 0.0731, 0.6698], [0.0236, 0.0598, 0.0341, 0.0764, 0.0582, 0.0277, 0.7202], [0.067, 0.016, 0.0711, 0.0518, 0.0198, 0.0216, 0.7528], [0.0714, 0.0533, 0.0535, 0.0423, 0.0566, 0.0672, 0.6557], [0.0632, 0.0295, 0.0603, 0.0659, 0.0282, 0.048, 0.7048], [0.0753, 0.0248, 0.0563, 0.0624, 0.0335, 0.0524, 0.6953], [0.042, 0.0663, 0.0566, 0.0296, 0.062, 0.0446, 0.6989], [0.0673, 0.0275, 0.018, 0.064, 0.0345, 0.0642, 0.7246], [0.0602, 0.0727, 0.0512, 0.0336, 0.0521, 0.0499, 0.6804], [0.0694, 0.014, 0.0284, 0.0776, 0.0498, 0.0625, 0.6983], [0.044, 0.0643, 0.0502, 0.0741, 0.061, 0.0183, 0.688], [0.0681, 0.0505, 0.0404, 0.0542, 0.0776, 0.0503, 0.6589], [0.0767, 0.0796, 0.0687, 0.0718, 0.0569, 0.0685, 0.5779], [0.0604, 0.021, 0.0733, 0.0197, 0.02, 0.0875, 0.7181], [0.0955, 0.0258, 0.037, 0.0928, 0.0895, 0.0316, 0.6278], [0.0803, 0.05, 0.0146, 0.0735, 0.0402, 0.0796, 0.6617], [0.055, 0.0842, 0.0628, 0.0699, 0.0569, 0.0521, 0.6191], [0.0734, 0.0216, 0.0627, 0.0372, 0.0818, 0.0786, 0.6448], [0.0242, 0.0393, 0.0343, 0.0152, 0.0728, 0.0308, 0.7835], [0.0693, 0.0479, 0.0328, 0.0795, 0.0674, 0.0182, 0.685], [0.0641, 0.035, 0.0626, 0.0596, 0.0125, 0.0422, 0.724], [0.034, 0.0365, 0.034, 0.0388, 0.0485, 0.0714, 0.7368], [0.0414, 0.0812, 0.0355, 0.0415, 0.0793, 0.0234, 0.6978], [0.0725, 0.0323, 0.0739, 0.0143, 0.0285, 0.0538, 0.7247], [0.0592, 0.0826, 0.0826, 0.0733, 0.0528, 0.0235, 0.626], [0.0662, 0.0907, 0.0368, 0.048, 0.0406, 0.0874, 0.6303], [0.0819, 0.0431, 0.0516, 0.032, 0.0608, 0.0437, 0.6869], [0.066, 0.0473, 0.0609, 0.0772, 0.0353, 0.0617, 0.6517], [0.0255, 0.0795, 0.0662, 0.0174, 0.0214, 0.0716, 0.7184], [0.0527, 0.0217, 0.0276, 0.0423, 0.0534, 0.0381, 0.7641], [0.0137, 0.0735, 0.0385, 0.0471, 0.0498, 0.015, 0.7625], [0.0651, 0.0447, 0.0204, 0.0276, 0.0796, 0.07, 0.6926], [0.0742, 0.0889, 0.0191, 0.0633, 0.0206, 0.0242, 0.7098], [0.0363, 0.045, 0.0501, 0.0185, 0.0863, 0.0879, 0.6759], [0.0874, 0.0612, 0.0746, 0.0369, 0.047, 0.0366, 0.6563], [0.0576, 0.0302, 0.0569, 0.0311, 0.0437, 0.0749, 0.7056], [0.0958, 0.0361, 0.0328, 0.0896, 0.0648, 0.0316, 0.6493], [0.0138, 0.0399, 0.0401, 0.0143, 0.0348, 0.0702, 0.7868], [0.0278, 0.0418, 0.0339, 0.0653, 0.0703, 0.045, 0.7159], [0.0308, 0.0704, 0.0255, 0.0178, 0.0306, 0.0475, 0.7774], [0.0811, 0.0479, 0.0357, 0.0413, 0.0684, 0.0556, 0.6699], [0.0748, 0.0383, 0.0332, 0.0346, 0.0273, 0.0281, 0.7638], [0.0611, 0.0642, 0.0133, 0.079, 0.0167, 0.0496, 0.7161], [0.0759, 0.0697, 0.0435, 0.014, 0.0452, 0.025, 0.7267]], "emotions": ["purple", "purple", "purple", "purple", "purple", "purple", "purple", "purple", "purple", "purple", "purple", "purple", "purple", "purple", "purple", "purple", "purple", "purple", "purple", "purple", "purple", "purple", "purple", "purple", "purple", "purple", "purple", "purple", "purple", "purple", "purple", "purple", "purple", "purple", "purple", "purple", "purple", "purple", "purple", "purple", "purple", "purple", "purple", "purple", "purple", "purple", "purple", "purple", "purple", "purple", "purple", "purple", "purple", "purple", "purple", "purple", "purple", "purple", "purple", "purple", "purple", "purple", "purple", "purple", "purple", "purple", "purple", "purple", "purple", "purple", "purple", "purple", "purple", "purple", "purple", "purple", "purple", "purple", "purple", "purple"], "timestamps": [0, 40, 80, 120, 160, 200, 240, 280, 320, 360, 400, 440, 480, 520, 560, 600, 640, 680, 720, 760, 800, 840, 880, 920, 960, 1000, 1040, 1080, 1120, 1160, 1200, 1240, 1280, 1320, 1360, 1400, 1440, 1480, 1520, 1560, 1600, 1640, 1680, 1720, 1760, 1800, 1840, 1880, 1920, 1960, 2000, 2040, 2080, 2120, 2160, 2200, 2240, 2280, 2320, 2360, 2400, 2440, 2480, 2520, 2560, 2600, 2640, 2680, 2720, 2760, 2800, 2840, 2880, 2920, 2960, 3000, 3040, 3080, 3120, 3160]}], "conversation": [], "conversation_timestamps": []}