{"agent_id": "agent-purple-54", "type": "purple", "trips": [{"trip_id": 0, "transport_method": "bicycle", "start_time": 0, "path": [[1.5151081, 42.5027937], [1.5146584, 42.5025013], [1.5150726, 42.5027767], [1.5155193, 42.503074], [1.5157493, 42.5032148], [1.5153038, 42.5029163], [1.515361, 42.5029654], [1.5158049, 42.5032668], [1.5162567, 42.5035554], [1.5167678, 42.5037116], [1.5173024, 42.503747], [1.5178355, 42.5036949], [1.5183677, 42.5036262], [1.5188999, 42.5035575], [1.5193414, 42.5038042], [1.5198672, 42.5038102], [1.520365, 42.5040102], [1.520861, 42.504215], [1.5213584, 42.5044161], [1.5218585, 42.5046043], [1.522296, 42.5048797], [1.5228247, 42.5049695], [1.5233191, 42.5051424], [1.5238136, 42.5053452], [1.5242612, 42.5056005], [1.5245999, 42.5060155], [1.5250158, 42.5063532], [1.5255241, 42.5063101], [1.5260489, 42.5064219], [1.5265737, 42.5065338], [1.5269362, 42.5066241], [1.5264002, 42.5066003], [1.5258712, 42.5065175], [1.5253859, 42.506307], [1.5258152, 42.5063725], [1.5263399, 42.5064848], [1.5268646, 42.5065971], [1.5273766, 42.5067505], [1.5277333, 42.5071454], [1.5281924, 42.5074076], [1.5286272, 42.5077221], [1.5290444, 42.5080362], [1.5294749, 42.5083505], [1.5293726, 42.5083594], [1.5295304, 42.5083633], [1.5299623, 42.5086799], [1.530431, 42.5089408], [1.5305566, 42.5093153], [1.5310159, 42.5094566], [1.5315172, 42.509648], [1.5320233, 42.5098258], [1.5324922, 42.5100272], [1.5329207, 42.5103502], [1.5333897, 42.5106068], [1.5337748, 42.5109768], [1.5341352, 42.5113626], [1.5345973, 42.5115955], [1.5350498, 42.5118829], [1.5354973, 42.5121626], [1.5355083, 42.5126583], [1.5359969, 42.5127489], [1.536286, 42.5131002], [1.5367992, 42.5129729], [1.537321, 42.5128506], [1.5378412, 42.5127202], [1.5383678, 42.5126175], [1.5385651, 42.512613], [1.538036, 42.5127021], [1.5378319, 42.5127047], [1.5383455, 42.5125491], [1.538859, 42.5123935], [1.5393704, 42.5122474], [1.5398866, 42.5121009], [1.5401949, 42.5120341], [1.5396955, 42.5122189], [1.53954, 42.5121943], [1.5400525, 42.5120351], [1.5405649, 42.5118759], [1.5409119, 42.5119725], [1.541106, 42.5122045]], "mood_vectors": [[0.04, 0.065, 0.0621, 0.0618, 0.0553, 0.6766, 0.0392], [0.0451, 0.023, 0.0466, 0.0196, 0.0959, 0.6714, 0.0984], [0.04, 0.0483, 0.0654, 0.0405, 0.0443, 0.6834, 0.0781], [0.0794, 0.0729, 0.0791, 0.0505, 0.0405, 0.6394, 0.0382], [0.0163, 0.0661, 0.0483, 0.0257, 0.0522, 0.7699, 0.0214], [0.0423, 0.0972, 0.0299, 0.0361, 0.0454, 0.7224, 0.0266], [0.0402, 0.0535, 0.0175, 0.022, 0.0617, 0.7617, 0.0435], [0.033, 0.0695, 0.0598, 0.0383, 0.0451, 0.7096, 0.0448], [0.0572, 0.0656, 0.0488, 0.0309, 0.0626, 0.7158, 0.0191], [0.0541, 0.0291, 0.0253, 0.0503, 0.068, 0.7098, 0.0633], [0.0644, 0.0422, 0.0215, 0.0123, 0.0206, 0.7981, 0.041], [0.0608, 0.0181, 0.0363, 0.0743, 0.06, 0.6858, 0.0647], [0.0339, 0.0961, 0.0676, 0.0829, 0.0438, 0.5948, 0.0809], [0.077, 0.0275, 0.0144, 0.0286, 0.0471, 0.7325, 0.0729], [0.0434, 0.0632, 0.0366, 0.075, 0.0552, 0.713, 0.0135], [0.0162, 0.1055, 0.0187, 0.0945, 0.0301, 0.6995, 0.0356], [0.0741, 0.027, 0.0485, 0.0819, 0.0915, 0.6008, 0.0762], [0.0568, 0.0608, 0.0641, 0.0158, 0.0461, 0.7361, 0.0203], [0.0689, 0.0486, 0.0587, 0.041, 0.0681, 0.6632, 0.0515], [0.09, 0.0886, 0.0647, 0.057, 0.0287, 0.606, 0.065], [0.0183, 0.0559, 0.0224, 0.0631, 0.043, 0.7839, 0.0134], [0.0591, 0.0434, 0.0411, 0.0411, 0.0652, 0.7026, 0.0475], [0.0543, 0.0216, 0.0744, 0.0328, 0.0454, 0.7476, 0.0239], [0.0493, 0.0162, 0.0254, 0.0622, 0.0333, 0.7389, 0.0748], [0.0318, 0.066, 0.0301, 0.075, 0.0682, 0.6945, 0.0345], [0.0658, 0.04, 0.0556, 0.0378, 0.0649, 0.7028, 0.0331], [0.0852, 0.0769, 0.0189, 0.0488, 0.0532, 0.6352, 0.0819], [0.0722, 0.0398, 0.0224, 0.0716, 0.0556, 0.6842, 0.0543], [0.0241, 0.0656, 0.0828, 0.0298, 0.0494, 0.7356, 0.0126], [0.0471, 0.0422, 0.0603, 0.0631, 0.0414, 0.6922, 0.0539], [0.0671, 0.0398, 0.0659, 0.0199, 0.0701, 0.7174, 0.0197], [0.0794, 0.0238, 0.0636, 0.0428, 0.0377, 0.6805, 0.0721], [0.07, 0.0203, 0.0322, 0.0699, 0.0511, 0.6993, 0.0572], [0.0267, 0.0647, 0.0394, 0.0632, 0.0728, 0.7178, 0.0154], [0.0895, 0.0579, 0.0498, 0.0653, 0.0151, 0.6359, 0.0864], [0.079, 0.0757, 0.0643, 0.0566, 0.066, 0.6077, 0.0508], [0.0285, 0.0656, 0.0865, 0.0722, 0.0403, 0.6494, 0.0575], [0.0818, 0.0916, 0.0627, 0.0379, 0.027, 0.6501, 0.0489], [0.0758, 0.0674, 0.0464, 0.0702, 0.053, 0.5986, 0.0887], [0.0707, 0.0166, 0.0867, 0.033, 0.0677, 0.6317, 0.0936], [0.0178, 0.0136, 0.0822, 0.0597, 0.0428, 0.6968, 0.0872], [0.0882, 0.0291, 0.0485, 0.0367, 0.0331, 0.6801, 0.0844], [0.0507, 0.0489, 0.0209, 0.0621, 0.0132, 0.7244, 0.0799], [0.0359, 0.0813, 0.0285, 0.0454, 0.051, 0.7138, 0.0441], [0.0507, 0.016, 0.0276, 0.0504, 0.05, 0.7718, 0.0336], [0.0663, 0.0513, 0.0414, 0.0709, 0.0553, 0.6823, 0.0325], [0.0496, 0.0242, 0.0847, 0.0414, 0.0956, 0.6415, 0.063], [0.0666, 0.0388, 0.032, 0.0762, 0.0625, 0.6673, 0.0565], [0.0485, 0.0336, 0.0723, 0.0673, 0.0393, 0.6838, 0.0551], [0.081, 0.0187, 0.0213, 0.0672, 0.02, 0.7736, 0.0181], [0.0509, 0.0368, 0.0423, 0.082, 0.0663, 0.6539, 0.0677], [0.0783, 0.0712, 0.0309, 0.0573, 0.088, 0.64, 0.0343], [0.0691, 0.0452, 0.0692, 0.062, 0.0644, 0.6558, 0.0343], [0.0387, 0.0925, 0.0596, 0.0353, 0.0807, 0.626, 0.0671], [0.088, 0.0582, 0.0162, 0.0716, 0.0596, 0.6923, 0.0141], [0.0693, 0.0376, 0.083, 0.0401, 0.0514, 0.6361, 0.0825], [0.0608, 0.0663, 0.0219, 0.0519, 0.0627, 0.6537, 0.0826], [0.0383, 0.0745, 0.0355, 0.0213, 0.0574, 0.7417, 0.0312], [0.0178, 0.0276, 0.0835, 0.0357, 0.061, 0.7007, 0.0737], [0.0309, 0.0505, 0.0367, 0.0697, 0.029, 0.7286, 0.0545], [0.0248, 0.0699, 0.063, 0.0606, 0.0787, 0.6368, 0.0661], [0.0712, 0.0317, 0.0258, 0.0133, 0.0224, 0.7794, 0.0562], [0.0206, 0.0283, 0.0749, 0.0177, 0.0461, 0.7756, 0.0368], [0.0426, 0.046, 0.0177, 0.0226, 0.0648, 0.7445, 0.0618], [0.0209, 0.0138, 0.0273, 0.0753, 0.0482, 0.7723, 0.0422], [0.0385, 0.0463, 0.0698, 0.0949, 0.0357, 0.6816, 0.0332], [0.0402, 0.0463, 0.0184, 0.069, 0.0223, 0.7614, 0.0424], [0.0403, 0.0376, 0.0774, 0.0171, 0.0806, 0.6726, 0.0745], [0.0352, 0.0439, 0.0713, 0.0394, 0.0328, 0.7488, 0.0285], [0.0369, 0.0768, 0.0667, 0.0881, 0.0541, 0.5968, 0.0807], [0.0451, 0.0778, 0.0593, 0.0873, 0.0673, 0.6223, 0.041], [0.0781, 0.0705, 0.0344, 0.0429, 0.0758, 0.6476, 0.0508], [0.0347, 0.0424, 0.0644, 0.0472, 0.0145, 0.7375, 0.0591], [0.0727, 0.0501, 0.0816, 0.051, 0.0481, 0.6796, 0.0168], [0.0296, 0.034, 0.0158, 0.0643, 0.0338, 0.8074, 0.0152], [0.0422, 0.0826, 0.0463, 0.0335, 0.0369, 0.6945, 0.064], [0.0339, 0.0825, 0.0381, 0.0323, 0.0354, 0.7601, 0.0177], [0.0811, 0.0693, 0.0795, 0.0862, 0.0627, 0.5665, 0.0547], [0.0541, 0.0651, 0.0756, 0.0779, 0.0607, 0.6244, 0.0423], [0.0582, 0.064, 0.0389, 0.0229, 0.0767, 0.6833, 0.0559]], "emotions": ["purple", "purple", "purple", "purple", "purple", "purple", "purple", "purple", "purple", "purple", "purple", "purple", "purple", "purple", "purple", "purple", "purple", "purple", "purple", "purple", "purple", "purple", "purple", "purple", "purple", "purple", "purple", "purple", "purple", "purple", "purple", "purple", "purple", "purple", "purple", "purple", "purple", "purple", "purple", "purple", "purple", "purple", "purple", "purple", "purple", "purple", "purple", "purple", "purple", "purple", "purple", "purple", "purple", "purple", "purple", "purple", "purple", "purple", "purple", "purple", "purple", "purple", "purple", "purple", "purple", "purple", "purple", "purple", "purple", "purple", "purple", "purple", "purple", "purple", "purple", "purple", "purple", "purple", "purple", "purple"], "timestamps": [0, 40, 80, 120, 160, 200, 240, 280, 320, 360, 400, 440, 480, 520, 560, 600, 640, 680, 720, 760, 800, 840, 880, 920, 960, 1000, 1040, 1080, 1120, 1160, 1200, 1240, 1280, 1320, 1360, 1400, 1440, 1480, 1520, 1560, 1600, 1640, 1680, 1720, 1760, 1800, 1840, 1880, 1920, 1960, 2000, 2040, 2080, 2120, 2160, 2200, 2240, 2280, 2320, 2360, 2400, 2440, 2480, 2520, 2560, 2600, 2640, 2680, 2720, 2760, 2800, 2840, 2880, 2920, 2960, 3000, 3040, 3080, 3120, 3160]}], "conversation": [], "conversation_timestamps": []}