{"agent_id": "agent-red-1231", "type": "red", "trips": [{"trip_id": 0, "transport_method": "bus", "start_time": 0, "path": [[1.4944598, 42.4928846], [1.4948185, 42.4933148], [1.4953484, 42.4935706], [1.4959353, 42.4935418], [1.4965026, 42.4933722], [1.4970353, 42.4934501], [1.4975437, 42.4937544], [1.4971255, 42.493462], [1.4969204, 42.4933791], [1.4974319, 42.4936781], [1.497953, 42.4939447], [1.4984283, 42.4942086], [1.4988274, 42.4945336], [1.4987597, 42.4951066], [1.4989675, 42.4954979], [1.4994844, 42.495787], [1.5000097, 42.4960609], [1.5005338, 42.4963369], [1.5009897, 42.4966675], [1.5015671, 42.496795], [1.5020947, 42.4970546], [1.5026037, 42.4973566], [1.5031443, 42.4975991], [1.5036849, 42.4978416], [1.5042154, 42.498105], [1.5047587, 42.4983414], [1.505302, 42.4985778], [1.5058279, 42.4988502], [1.506357, 42.4991168], [1.5068923, 42.4993707], [1.5074293, 42.499621], [1.5079559, 42.4998867], [1.5084772, 42.5001601], [1.5090093, 42.5004208], [1.5095437, 42.5006767], [1.5094159, 42.5006156], [1.5092446, 42.5005312], [1.5097824, 42.5007798], [1.5103202, 42.5010285], [1.510858, 42.5012771], [1.5111569, 42.5014062], [1.5106156, 42.5011701], [1.51019, 42.5010624], [1.5107305, 42.501305], [1.5112711, 42.5015476], [1.5118116, 42.5017903], [1.5117768, 42.5018009], [1.5122659, 42.5021352], [1.5127532, 42.5024723], [1.5132028, 42.5028546], [1.513586, 42.503296], [1.5139888, 42.5037231], [1.5144312, 42.5041171], [1.5148526, 42.5045247], [1.5151827, 42.5049938], [1.5156385, 42.505309], [1.5161956, 42.5055101], [1.5167253, 42.5057755], [1.5172902, 42.5059433], [1.5178233, 42.5060757], [1.5181633, 42.5064516], [1.5186881, 42.5067222], [1.5191394, 42.5070686], [1.5196621, 42.5073462], [1.5202289, 42.5074007], [1.5207609, 42.5076121], [1.5212728, 42.50791], [1.5217307, 42.5082837], [1.5222931, 42.5084433], [1.5228688, 42.5083754], [1.523311, 42.5083553], [1.5238019, 42.5086552], [1.5240557, 42.5088223], [1.5246182, 42.5089525], [1.5252044, 42.5089809], [1.5256037, 42.50933], [1.526152, 42.5095245], [1.5267026, 42.5097393], [1.5272885, 42.5096897], [1.5270919, 42.50948]], "mood_vectors": [[0.6797, 0.0213, 0.054, 0.0795, 0.0168, 0.0718, 0.0769], [0.7541, 0.0205, 0.0533, 0.0326, 0.0619, 0.0369, 0.0407], [0.7643, 0.0726, 0.0317, 0.0612, 0.0273, 0.0175, 0.0254], [0.7563, 0.0728, 0.0314, 0.0664, 0.0359, 0.0186, 0.0186], [0.7124, 0.0586, 0.0714, 0.022, 0.0488, 0.0665, 0.0203], [0.7253, 0.0434, 0.0428, 0.0836, 0.0296, 0.0455, 0.0297], [0.7299, 0.0502, 0.0319, 0.0725, 0.0682, 0.0243, 0.023], [0.7327, 0.021, 0.0682, 0.071, 0.0511, 0.0178, 0.0382], [0.6808, 0.0442, 0.0637, 0.07, 0.0417, 0.0379, 0.0617], [0.7143, 0.0269, 0.0392, 0.0872, 0.0447, 0.0672, 0.0206], [0.6605, 0.0708, 0.0636, 0.0717, 0.0121, 0.0538, 0.0675], [0.7767, 0.0365, 0.0482, 0.0313, 0.073, 0.0199, 0.0145], [0.6045, 0.0688, 0.0725, 0.0161, 0.0656, 0.0776, 0.0949], [0.6945, 0.0525, 0.0742, 0.0294, 0.0504, 0.0377, 0.0613], [0.6795, 0.0367, 0.0173, 0.07, 0.0778, 0.0967, 0.0219], [0.7149, 0.0611, 0.0616, 0.0173, 0.0551, 0.0539, 0.0361], [0.7363, 0.0685, 0.019, 0.0662, 0.0224, 0.0487, 0.0389], [0.6811, 0.0899, 0.0385, 0.0406, 0.0937, 0.0296, 0.0266], [0.6771, 0.0742, 0.0814, 0.0459, 0.0499, 0.0249, 0.0466], [0.7294, 0.0473, 0.0652, 0.0164, 0.0342, 0.0553, 0.0522], [0.6873, 0.0485, 0.0318, 0.0757, 0.0592, 0.0706, 0.0269], [0.6712, 0.0406, 0.0452, 0.0848, 0.0633, 0.0681, 0.0268], [0.7633, 0.0197, 0.0475, 0.0611, 0.0172, 0.0285, 0.0626], [0.6459, 0.082, 0.0428, 0.0546, 0.0571, 0.0452, 0.0724], [0.7793, 0.019, 0.0349, 0.0316, 0.0634, 0.0185, 0.0533], [0.7748, 0.0314, 0.07, 0.0285, 0.0332, 0.0276, 0.0345], [0.647, 0.0339, 0.093, 0.0215, 0.0443, 0.0558, 0.1045], [0.6802, 0.0169, 0.0228, 0.0943, 0.0389, 0.0642, 0.0828], [0.7561, 0.0162, 0.0278, 0.0643, 0.0601, 0.0483, 0.0272], [0.7785, 0.0536, 0.0182, 0.0601, 0.0476, 0.0304, 0.0115], [0.7305, 0.025, 0.0562, 0.0645, 0.0407, 0.0159, 0.0672], [0.6766, 0.0439, 0.0453, 0.0995, 0.0474, 0.0523, 0.035], [0.75, 0.0214, 0.0171, 0.0578, 0.0423, 0.0601, 0.0515], [0.7225, 0.0726, 0.0657, 0.0724, 0.0111, 0.0126, 0.0432], [0.7006, 0.067, 0.032, 0.0679, 0.0649, 0.0488, 0.0188], [0.7135, 0.0474, 0.0196, 0.059, 0.0377, 0.0688, 0.054], [0.7283, 0.0409, 0.052, 0.0549, 0.0168, 0.0905, 0.0167], [0.7666, 0.0321, 0.0643, 0.0238, 0.0537, 0.0245, 0.0349], [0.7025, 0.091, 0.0309, 0.0146, 0.0166, 0.0862, 0.0582], [0.6283, 0.0853, 0.0552, 0.0794, 0.0556, 0.0654, 0.0308], [0.7083, 0.0651, 0.0759, 0.0349, 0.0118, 0.0266, 0.0773], [0.6585, 0.0806, 0.0553, 0.0704, 0.0638, 0.0323, 0.0392], [0.7508, 0.0788, 0.0153, 0.0471, 0.0213, 0.0412, 0.0455], [0.6647, 0.0684, 0.0345, 0.0361, 0.0715, 0.0733, 0.0516], [0.6931, 0.0433, 0.0576, 0.0512, 0.0658, 0.046, 0.043], [0.6984, 0.0698, 0.078, 0.0515, 0.0457, 0.0419, 0.0147], [0.6733, 0.056, 0.0678, 0.0398, 0.054, 0.0659, 0.0432], [0.744, 0.0362, 0.0518, 0.0498, 0.0522, 0.0411, 0.0249], [0.6792, 0.0626, 0.0631, 0.056, 0.0548, 0.0239, 0.0605], [0.7008, 0.0691, 0.0562, 0.0552, 0.0432, 0.029, 0.0464], [0.7431, 0.0452, 0.0501, 0.0209, 0.019, 0.073, 0.0486], [0.7056, 0.0718, 0.0397, 0.0368, 0.0411, 0.0332, 0.0718], [0.6541, 0.0424, 0.073, 0.0472, 0.0517, 0.0586, 0.0731], [0.6277, 0.0195, 0.0741, 0.0831, 0.0631, 0.048, 0.0844], [0.6731, 0.0504, 0.0555, 0.0512, 0.0479, 0.0503, 0.0716], [0.6707, 0.1004, 0.0708, 0.0258, 0.0303, 0.0516, 0.0504], [0.758, 0.0169, 0.048, 0.0321, 0.0384, 0.0684, 0.0383], [0.7373, 0.0692, 0.0384, 0.0512, 0.0166, 0.0492, 0.038], [0.6907, 0.0639, 0.057, 0.0226, 0.022, 0.0854, 0.0583], [0.732, 0.0282, 0.0155, 0.0389, 0.0788, 0.0623, 0.0443], [0.6686, 0.0341, 0.0149, 0.0689, 0.0833, 0.0681, 0.0619], [0.6997, 0.0403, 0.0667, 0.0465, 0.0254, 0.0562, 0.0652], [0.7323, 0.0726, 0.0338, 0.0365, 0.0708, 0.0321, 0.0218], [0.7861, 0.0387, 0.0571, 0.0113, 0.031, 0.0496, 0.0261], [0.6386, 0.0518, 0.0799, 0.045, 0.0951, 0.0193, 0.0702], [0.6938, 0.0691, 0.0513, 0.0675, 0.0431, 0.013, 0.0621], [0.7318, 0.0493, 0.072, 0.0686, 0.0184, 0.0342, 0.0258], [0.7616, 0.0479, 0.0544, 0.0395, 0.0389, 0.0183, 0.0395], [0.7262, 0.0844, 0.0609, 0.0235, 0.0239, 0.0524, 0.0288], [0.7237, 0.0739, 0.0173, 0.0191, 0.0816, 0.0366, 0.0477], [0.7612, 0.0296, 0.0828, 0.0408, 0.0503, 0.0193, 0.0162], [0.732, 0.0172, 0.0616, 0.05, 0.0216, 0.0616, 0.056], [0.6831, 0.0198, 0.0418, 0.0672, 0.0421, 0.072, 0.074], [0.7901, 0.0162, 0.053, 0.033, 0.0482, 0.0134, 0.0462], [0.7326, 0.0428, 0.051, 0.0606, 0.0269, 0.04, 0.0462], [0.6771, 0.0357, 0.0853, 0.0548, 0.0557, 0.014, 0.0774], [0.7548, 0.04, 0.013, 0.0397, 0.0321, 0.053, 0.0674], [0.6432, 0.0625, 0.0669, 0.0348, 0.0557, 0.0677, 0.0691], [0.7214, 0.0721, 0.076, 0.0274, 0.0228, 0.0431, 0.0373], [0.6826, 0.0555, 0.045, 0.0555, 0.0743, 0.0314, 0.0557]], "emotions": ["red", "red", "red", "red", "red", "red", "red", "red", "red", "red", "red", "red", "red", "red", "red", "red", "red", "red", "red", "red", "red", "red", "red", "red", "red", "red", "red", "red", "red", "red", "red", "red", "red", "red", "red", "red", "red", "red", "red", "red", "red", "red", "red", "red", "red", "red", "red", "red", "red", "red", "red", "red", "red", "red", "red", "red", "red", "red", "red", "red", "red", "red", "red", "red", "red", "red", "red", "red", "red", "red", "red", "red", "red", "red", "red", "red", "red", "red", "red", "red"], "timestamps": [0, 40, 80, 120, 160, 200, 240, 280, 320, 360, 400, 440, 480, 520, 560, 600, 640, 680, 720, 760, 800, 840, 880, 920, 960, 1000, 1040, 1080, 1120, 1160, 1200, 1240, 1280, 1320, 1360, 1400, 1440, 1480, 1520, 1560, 1600, 1640, 1680, 1720, 1760, 1800, 1840, 1880, 1920, 1960, 2000, 2040, 2080, 2120, 2160, 2200, 2240, 2280, 2320, 2360, 2400, 2440, 2480, 2520, 2560, 2600, 2640, 2680, 2720, 2760, 2800, 2840, 2880, 2920, 2960, 3000, 3040, 3080, 3120, 3160]}], "conversation": [], "conversation_timestamps": []}