{"agent_id": "agent-red-816", "type": "red", "trips": [{"trip_id": 0, "transport_method": "bicycle", "start_time": 0, "path": [[1.5361623, 42.5123049], [1.5360937, 42.5122113], [1.5360565, 42.5121054], [1.5360021, 42.512003], [1.5359493, 42.5118997], [1.5358936, 42.5117981], [1.5358261, 42.5117048], [1.5357419, 42.5116257], [1.5357713, 42.5115363], [1.535821, 42.5114448], [1.5357154, 42.5113969], [1.5356098, 42.511349], [1.5355058, 42.5112976], [1.5354042, 42.5112419], [1.5353039, 42.5111838], [1.5352161, 42.5111092], [1.5351237, 42.511039], [1.535042, 42.5109581], [1.5349702, 42.510867], [1.5348983, 42.510778], [1.5348031, 42.5107118], [1.5347079, 42.5106456], [1.5346127, 42.5105794], [1.5345189, 42.5105113], [1.5344259, 42.510442], [1.5343329, 42.5103727], [1.53424, 42.5103034], [1.5341472, 42.5102339], [1.5340545, 42.5101642], [1.5339604, 42.5100965], [1.533865, 42.5100307], [1.5337654, 42.5099713], [1.5336607, 42.5099223], [1.5335525, 42.5098806], [1.5334429, 42.5098429], [1.5333318, 42.5098095], [1.5332198, 42.50978], [1.5331065, 42.5097553], [1.5329918, 42.5097382], [1.5328768, 42.5097241], [1.5327612, 42.5097151], [1.5326457, 42.509705], [1.5325307, 42.5096897], [1.5324158, 42.5096743], [1.5323033, 42.5096465], [1.5321919, 42.5096145], [1.5320847, 42.5095717], [1.5319845, 42.5095134], [1.5318842, 42.5094552], [1.5317839, 42.509397], [1.5316836, 42.5093388], [1.5315747, 42.5093007], [1.5314635, 42.509268], [1.5313554, 42.509226], [1.5312475, 42.5091836], [1.5311395, 42.5091412], [1.5310316, 42.5090988], [1.5309237, 42.5090564], [1.5308158, 42.509014], [1.5307931, 42.508918], [1.530772, 42.5088365], [1.5306588, 42.5088617], [1.5305457, 42.5088869], [1.5304325, 42.5089121], [1.5303277, 42.5088639], [1.5302232, 42.5088137], [1.5301195, 42.5087618], [1.5300167, 42.5087082], [1.5299139, 42.5086546], [1.5298017, 42.5086316], [1.5296865, 42.5086184], [1.5296381, 42.5085501], [1.5295757, 42.508474], [1.5294733, 42.5084197], [1.5293738, 42.5083601], [1.5292744, 42.5083005], [1.5292947, 42.5081949], [1.5293775, 42.5081161], [1.5293868, 42.5081082], [1.5292984, 42.5081831]], "mood_vectors": [[0.7815, 0.0132, 0.0635, 0.0235, 0.0153, 0.0399, 0.0632], [0.7037, 0.0895, 0.0546, 0.0646, 0.0297, 0.0404, 0.0175], [0.7185, 0.0608, 0.0314, 0.0599, 0.0351, 0.0521, 0.0422], [0.6322, 0.0379, 0.0767, 0.0771, 0.0545, 0.0784, 0.0432], [0.7282, 0.0511, 0.0514, 0.0657, 0.0202, 0.0684, 0.015], [0.6653, 0.063, 0.0722, 0.0557, 0.0678, 0.0271, 0.049], [0.6469, 0.0528, 0.0577, 0.055, 0.0433, 0.0613, 0.083], [0.7265, 0.0483, 0.028, 0.0518, 0.0768, 0.0225, 0.0462], [0.7431, 0.0588, 0.0833, 0.0197, 0.0524, 0.0184, 0.0244], [0.6585, 0.0569, 0.0324, 0.0571, 0.0669, 0.0551, 0.0731], [0.7644, 0.0132, 0.0159, 0.0589, 0.0438, 0.0467, 0.0572], [0.6971, 0.0712, 0.073, 0.016, 0.017, 0.0734, 0.0522], [0.7109, 0.038, 0.0455, 0.0245, 0.069, 0.0821, 0.03], [0.7363, 0.0725, 0.055, 0.0188, 0.034, 0.0543, 0.0291], [0.7461, 0.0163, 0.0322, 0.0158, 0.048, 0.0672, 0.0744], [0.7033, 0.0642, 0.086, 0.0315, 0.0317, 0.0524, 0.0309], [0.7086, 0.027, 0.0766, 0.0127, 0.0384, 0.0599, 0.0768], [0.7236, 0.0505, 0.0148, 0.0234, 0.0486, 0.0721, 0.0671], [0.6573, 0.0601, 0.0719, 0.0295, 0.091, 0.0431, 0.0471], [0.7638, 0.0285, 0.0271, 0.0486, 0.0558, 0.0226, 0.0536], [0.7044, 0.0355, 0.044, 0.0367, 0.0182, 0.0795, 0.0817], [0.6207, 0.0815, 0.0759, 0.0509, 0.0731, 0.0278, 0.0702], [0.7399, 0.0682, 0.0263, 0.0276, 0.0402, 0.048, 0.0498], [0.647, 0.0238, 0.0684, 0.0598, 0.0673, 0.081, 0.0527], [0.648, 0.0923, 0.0328, 0.0388, 0.0716, 0.0509, 0.0656], [0.7064, 0.0829, 0.0123, 0.0307, 0.0464, 0.0569, 0.0643], [0.7316, 0.0333, 0.0124, 0.0807, 0.0778, 0.0514, 0.0128], [0.7648, 0.0351, 0.0375, 0.0294, 0.0225, 0.048, 0.0627], [0.7348, 0.017, 0.0579, 0.042, 0.0157, 0.0917, 0.041], [0.7248, 0.0493, 0.0264, 0.0402, 0.0567, 0.064, 0.0386], [0.7471, 0.0463, 0.0212, 0.0212, 0.1063, 0.0298, 0.0281], [0.6019, 0.0446, 0.0584, 0.0712, 0.0843, 0.0536, 0.086], [0.7096, 0.0385, 0.0634, 0.0451, 0.0738, 0.0368, 0.0327], [0.7489, 0.0386, 0.0404, 0.0554, 0.0428, 0.0583, 0.0156], [0.6715, 0.0603, 0.0486, 0.0641, 0.086, 0.049, 0.0205], [0.6716, 0.0324, 0.029, 0.0848, 0.0248, 0.0632, 0.0942], [0.7291, 0.0727, 0.0508, 0.025, 0.0567, 0.0326, 0.0331], [0.7749, 0.0545, 0.0225, 0.015, 0.0358, 0.0762, 0.0211], [0.7157, 0.0642, 0.0685, 0.0207, 0.0516, 0.0532, 0.0262], [0.6901, 0.0811, 0.077, 0.0172, 0.0456, 0.049, 0.0401], [0.6833, 0.0685, 0.0646, 0.0542, 0.0626, 0.0141, 0.0527], [0.6761, 0.0808, 0.0333, 0.0658, 0.0468, 0.0348, 0.0624], [0.7448, 0.042, 0.0166, 0.0339, 0.0413, 0.0678, 0.0536], [0.6835, 0.0468, 0.0864, 0.0978, 0.0176, 0.0203, 0.0475], [0.6928, 0.0235, 0.0513, 0.0138, 0.0779, 0.0654, 0.0752], [0.6348, 0.0399, 0.0364, 0.0924, 0.0851, 0.0526, 0.0588], [0.6644, 0.0724, 0.0498, 0.0334, 0.05, 0.0589, 0.0711], [0.5807, 0.0673, 0.0954, 0.0788, 0.0567, 0.0856, 0.0355], [0.7438, 0.0301, 0.0173, 0.0506, 0.0325, 0.0884, 0.0374], [0.6341, 0.0291, 0.0934, 0.0703, 0.0376, 0.0476, 0.0879], [0.6765, 0.0673, 0.0718, 0.0523, 0.06, 0.0494, 0.0227], [0.6749, 0.0708, 0.0295, 0.0514, 0.0728, 0.0155, 0.0852], [0.728, 0.0581, 0.0712, 0.0536, 0.0399, 0.0203, 0.0289], [0.6286, 0.0141, 0.0806, 0.0802, 0.0501, 0.0737, 0.0728], [0.6296, 0.069, 0.0563, 0.0482, 0.0756, 0.0675, 0.0539], [0.6567, 0.0233, 0.0963, 0.0862, 0.0288, 0.0852, 0.0235], [0.7222, 0.0348, 0.0685, 0.0656, 0.0616, 0.0302, 0.017], [0.7063, 0.0332, 0.03, 0.0497, 0.0763, 0.0582, 0.0464], [0.6115, 0.0737, 0.0789, 0.0975, 0.0521, 0.0544, 0.0319], [0.7065, 0.0303, 0.074, 0.0566, 0.0125, 0.0743, 0.0458], [0.6731, 0.081, 0.0415, 0.0378, 0.0376, 0.0682, 0.0608], [0.7611, 0.0284, 0.0409, 0.0797, 0.017, 0.0415, 0.0314], [0.7088, 0.0719, 0.0683, 0.0146, 0.0174, 0.0536, 0.0653], [0.6785, 0.0607, 0.054, 0.0746, 0.0465, 0.0681, 0.0178], [0.6655, 0.0721, 0.0329, 0.0824, 0.0455, 0.0829, 0.0188], [0.6854, 0.0701, 0.0643, 0.021, 0.0261, 0.0733, 0.0597], [0.7088, 0.056, 0.0685, 0.0379, 0.0475, 0.0686, 0.0127], [0.6275, 0.084, 0.091, 0.0505, 0.0151, 0.0624, 0.0696], [0.6793, 0.0304, 0.0553, 0.0479, 0.0372, 0.0788, 0.0712], [0.7229, 0.0407, 0.0379, 0.0294, 0.0832, 0.0275, 0.0583], [0.7291, 0.057, 0.0764, 0.0362, 0.0237, 0.057, 0.0205], [0.6607, 0.0474, 0.0707, 0.0882, 0.0287, 0.0399, 0.0644], [0.6897, 0.0373, 0.051, 0.0758, 0.0434, 0.026, 0.0768], [0.6887, 0.0293, 0.0697, 0.0587, 0.0797, 0.0529, 0.021], [0.6952, 0.0734, 0.0836, 0.0503, 0.0233, 0.0197, 0.0544], [0.7225, 0.0709, 0.0256, 0.0612, 0.051, 0.0497, 0.0191], [0.6609, 0.0541, 0.0618, 0.0493, 0.0644, 0.0436, 0.0659], [0.696, 0.0486, 0.0332, 0.0807, 0.0687, 0.0401, 0.0328], [0.7045, 0.0593, 0.0216, 0.0324, 0.0514, 0.0826, 0.0482], [0.7629, 0.0192, 0.0528, 0.0192, 0.0401, 0.0549, 0.0509]], "emotions": ["red", "red", "red", "red", "red", "red", "red", "red", "red", "red", "red", "red", "red", "red", "red", "red", "red", "red", "red", "red", "red", "red", "red", "red", "red", "red", "red", "red", "red", "red", "red", "red", "red", "red", "red", "red", "red", "red", "red", "red", "red", "red", "red", "red", "red", "red", "red", "red", "red", "red", "red", "red", "red", "red", "red", "red", "red", "red", "red", "red", "red", "red", "red", "red", "red", "red", "red", "red", "red", "red", "red", "red", "red", "red", "red", "red", "red", "red", "red", "red"], "timestamps": [0, 40, 80, 120, 160, 200, 240, 280, 320, 360, 400, 440, 480, 520, 560, 600, 640, 680, 720, 760, 800, 840, 880, 920, 960, 1000, 1040, 1080, 1120, 1160, 1200, 1240, 1280, 1320, 1360, 1400, 1440, 1480, 1520, 1560, 1600, 1640, 1680, 1720, 1760, 1800, 1840, 1880, 1920, 1960, 2000, 2040, 2080, 2120, 2160, 2200, 2240, 2280, 2320, 2360, 2400, 2440, 2480, 2520, 2560, 2600, 2640, 2680, 2720, 2760, 2800, 2840, 2880, 2920, 2960, 3000, 3040, 3080, 3120, 3160]}], "conversation": [], "conversation_timestamps": []}