{"agent_id": "agent-purple-1164", "type": "purple", "trips": [{"trip_id": 0, "transport_method": "car", "start_time": 0, "path": [[1.7340687, 42.5429619], [1.7350354, 42.5456288], [1.7337756, 42.5471673], [1.7310146, 42.5455645], [1.7264524, 42.5439918], [1.7216156, 42.5437701], [1.7167695, 42.5439346], [1.7119222, 42.5440591], [1.7070829, 42.5443599], [1.7022849, 42.5449804], [1.6983447, 42.5476244], [1.6952382, 42.5512726], [1.6915309, 42.5543665], [1.6882134, 42.5578795], [1.6869213, 42.5555822], [1.6824366, 42.5539532], [1.6832854, 42.5539181], [1.6841494, 42.5545087], [1.6798168, 42.5525858], [1.6798819, 42.5511895], [1.6824191, 42.5485419], [1.6841591, 42.5461932], [1.6839987, 42.5424945], [1.6798458, 42.5403049], [1.6754965, 42.5382056], [1.6727762, 42.5389993], [1.6679929, 42.539165], [1.6637548, 42.5381984], [1.661371, 42.5393742], [1.656882, 42.5410367], [1.6523564, 42.5423957], [1.6480469, 42.5418749], [1.6433143, 42.5409348], [1.6385578, 42.5399922], [1.6376874, 42.5397591], [1.6420376, 42.5414789], [1.646458, 42.5416414], [1.6419173, 42.5406557], [1.6371612, 42.539711], [1.6331795, 42.5390954], [1.6284017, 42.538765], [1.6237221, 42.5380609], [1.6192268, 42.536243], [1.619313, 42.5357914], [1.624111, 42.5351554], [1.6253462, 42.5374763], [1.6210279, 42.5369762], [1.6165276, 42.5351722], [1.6191212, 42.5370563], [1.6143829, 42.5365185], [1.6096268, 42.5361553], [1.6048035, 42.5364032], [1.6010349, 42.5368667], [1.6056986, 42.5370079], [1.6061715, 42.5362654], [1.6013355, 42.5366186], [1.5965517, 42.5361128], [1.5923197, 42.5359822], [1.590089, 42.5356218], [1.5947656, 42.5363959], [1.5907065, 42.5357649], [1.5878712, 42.5351045], [1.585116, 42.5333261], [1.5807857, 42.5317348], [1.5759547, 42.5315432], [1.573887, 42.5307372], [1.5717916, 42.529354], [1.5710852, 42.5291158], [1.5676223, 42.5269088], [1.5667911, 42.5262602], [1.5624514, 42.5242744], [1.5587067, 42.5213096], [1.5562601, 42.518712], [1.5545637, 42.5175505], [1.5533198, 42.5157372], [1.5505127, 42.5122269], [1.5463349, 42.510326], [1.5431237, 42.5089708], [1.538737, 42.5104402], [1.5342558, 42.5113581]], "mood_vectors": [[0.0585, 0.0318, 0.0514, 0.0484, 0.033, 0.6933, 0.0837], [0.037, 0.0756, 0.0219, 0.0754, 0.0297, 0.7339, 0.0265], [0.0813, 0.0619, 0.0307, 0.0801, 0.0861, 0.607, 0.0529], [0.0905, 0.033, 0.1021, 0.0266, 0.039, 0.6855, 0.0232], [0.0189, 0.0527, 0.0637, 0.0429, 0.0526, 0.7302, 0.039], [0.0597, 0.0715, 0.031, 0.07, 0.0159, 0.6931, 0.0589], [0.0674, 0.0638, 0.0354, 0.054, 0.0259, 0.7062, 0.0472], [0.0334, 0.0214, 0.0534, 0.0413, 0.0492, 0.7456, 0.0558], [0.0729, 0.0745, 0.0134, 0.0321, 0.0495, 0.7293, 0.0283], [0.0148, 0.0488, 0.0292, 0.074, 0.0233, 0.7579, 0.0521], [0.1021, 0.0419, 0.0929, 0.033, 0.0224, 0.6633, 0.0445], [0.025, 0.0584, 0.0586, 0.0297, 0.023, 0.7439, 0.0614], [0.017, 0.0521, 0.0532, 0.036, 0.0438, 0.7562, 0.0418], [0.0462, 0.0181, 0.0163, 0.0882, 0.028, 0.7803, 0.0229], [0.0783, 0.0655, 0.0534, 0.065, 0.0541, 0.6681, 0.0156], [0.0468, 0.0375, 0.0567, 0.0635, 0.0515, 0.6725, 0.0715], [0.0239, 0.0285, 0.0842, 0.0802, 0.0558, 0.7093, 0.0182], [0.0559, 0.0267, 0.0167, 0.0322, 0.0201, 0.7789, 0.0694], [0.0175, 0.0718, 0.0388, 0.0829, 0.0688, 0.6668, 0.0533], [0.0629, 0.058, 0.0289, 0.0383, 0.0482, 0.6962, 0.0677], [0.0138, 0.0732, 0.0627, 0.0223, 0.0559, 0.749, 0.0232], [0.044, 0.0623, 0.0469, 0.0934, 0.0233, 0.6484, 0.0818], [0.0261, 0.0644, 0.0862, 0.0364, 0.0275, 0.6601, 0.0993], [0.0585, 0.0385, 0.0755, 0.0429, 0.0125, 0.7069, 0.0653], [0.0674, 0.0592, 0.0503, 0.0673, 0.0329, 0.6851, 0.0378], [0.0588, 0.0662, 0.0333, 0.042, 0.0523, 0.7339, 0.0136], [0.0594, 0.055, 0.0621, 0.0421, 0.0547, 0.6639, 0.0627], [0.0737, 0.0713, 0.075, 0.0775, 0.0282, 0.6309, 0.0434], [0.017, 0.0573, 0.0728, 0.0347, 0.0143, 0.7836, 0.0202], [0.0365, 0.0502, 0.0356, 0.0555, 0.0708, 0.7342, 0.0172], [0.0598, 0.026, 0.0441, 0.0435, 0.0462, 0.7309, 0.0495], [0.066, 0.0121, 0.0422, 0.0716, 0.0801, 0.7127, 0.0152], [0.0255, 0.0524, 0.0769, 0.0148, 0.0689, 0.738, 0.0235], [0.0195, 0.0821, 0.0552, 0.0834, 0.0311, 0.6878, 0.0409], [0.0267, 0.0533, 0.026, 0.0588, 0.0747, 0.745, 0.0155], [0.0851, 0.0629, 0.0357, 0.0184, 0.0709, 0.6445, 0.0826], [0.0249, 0.0173, 0.049, 0.0311, 0.0178, 0.7876, 0.0723], [0.0844, 0.0234, 0.0798, 0.0567, 0.0528, 0.6373, 0.0656], [0.0538, 0.033, 0.0722, 0.0689, 0.0529, 0.6742, 0.045], [0.0177, 0.0763, 0.0247, 0.0574, 0.0769, 0.7294, 0.0175], [0.0293, 0.076, 0.0703, 0.0468, 0.089, 0.6496, 0.0389], [0.0474, 0.0334, 0.0494, 0.0368, 0.0804, 0.711, 0.0416], [0.0777, 0.0379, 0.0308, 0.0831, 0.0142, 0.7337, 0.0226], [0.0322, 0.0775, 0.0372, 0.0695, 0.0469, 0.6831, 0.0536], [0.0513, 0.0666, 0.0786, 0.0198, 0.033, 0.6687, 0.082], [0.062, 0.0526, 0.0635, 0.078, 0.0686, 0.6459, 0.0294], [0.0721, 0.083, 0.08, 0.0306, 0.0164, 0.6566, 0.0614], [0.0343, 0.0457, 0.0598, 0.0604, 0.0614, 0.6882, 0.0501], [0.0212, 0.0984, 0.0312, 0.0233, 0.054, 0.7491, 0.0227], [0.0805, 0.0772, 0.0647, 0.0515, 0.0373, 0.6486, 0.0402], [0.0755, 0.081, 0.0832, 0.0694, 0.0424, 0.6168, 0.0316], [0.0751, 0.0407, 0.0882, 0.0189, 0.0727, 0.6272, 0.0771], [0.0758, 0.0344, 0.0453, 0.0452, 0.0586, 0.6746, 0.066], [0.0659, 0.0155, 0.0441, 0.0613, 0.0584, 0.7362, 0.0187], [0.0431, 0.0505, 0.0371, 0.0855, 0.0813, 0.6544, 0.0481], [0.015, 0.0194, 0.0242, 0.0911, 0.0662, 0.7678, 0.0162], [0.0504, 0.0575, 0.0354, 0.0157, 0.0292, 0.7918, 0.0201], [0.0777, 0.0578, 0.0669, 0.0734, 0.0393, 0.6495, 0.0353], [0.041, 0.0131, 0.055, 0.0214, 0.0512, 0.748, 0.0703], [0.0281, 0.072, 0.0717, 0.0774, 0.0223, 0.6754, 0.0532], [0.016, 0.0231, 0.0424, 0.0584, 0.0422, 0.7431, 0.0748], [0.027, 0.0713, 0.0147, 0.0663, 0.049, 0.7115, 0.0602], [0.0133, 0.07, 0.0287, 0.0692, 0.0408, 0.7324, 0.0456], [0.0189, 0.0246, 0.0609, 0.0571, 0.0773, 0.694, 0.0672], [0.0146, 0.0691, 0.0809, 0.0395, 0.0828, 0.6948, 0.0183], [0.0449, 0.0253, 0.0316, 0.0471, 0.0171, 0.7583, 0.0757], [0.0469, 0.0344, 0.0532, 0.0723, 0.0505, 0.7264, 0.0161], [0.0224, 0.027, 0.0137, 0.0144, 0.0798, 0.7707, 0.0719], [0.0445, 0.0583, 0.0132, 0.05, 0.0456, 0.7522, 0.0363], [0.0199, 0.0315, 0.0227, 0.0469, 0.0821, 0.7723, 0.0247], [0.0269, 0.0455, 0.0148, 0.0337, 0.0169, 0.8127, 0.0495], [0.0353, 0.0266, 0.042, 0.04, 0.0435, 0.7444, 0.0682], [0.0229, 0.0555, 0.0182, 0.0691, 0.0164, 0.7942, 0.0237], [0.0754, 0.037, 0.0621, 0.0325, 0.0745, 0.6503, 0.0682], [0.0444, 0.0633, 0.0745, 0.0152, 0.0625, 0.6966, 0.0435], [0.0374, 0.0697, 0.0462, 0.0787, 0.0764, 0.6188, 0.0728], [0.0695, 0.0297, 0.0183, 0.0963, 0.0578, 0.6902, 0.0382], [0.0582, 0.0717, 0.0498, 0.0714, 0.0662, 0.6377, 0.045], [0.0189, 0.0473, 0.0394, 0.0517, 0.0401, 0.7595, 0.0431], [0.0396, 0.0178, 0.0865, 0.014, 0.0221, 0.7932, 0.0269]], "emotions": ["purple", "purple", "purple", "purple", "purple", "purple", "purple", "purple", "purple", "purple", "purple", "purple", "purple", "purple", "purple", "purple", "purple", "purple", "purple", "purple", "purple", "purple", "purple", "purple", "purple", "purple", "purple", "purple", "purple", "purple", "purple", "purple", "purple", "purple", "purple", "purple", "purple", "purple", "purple", "purple", "purple", "purple", "purple", "purple", "purple", "purple", "purple", "purple", "purple", "purple", "purple", "purple", "purple", "purple", "purple", "purple", "purple", "purple", "purple", "purple", "purple", "purple", "purple", "purple", "purple", "purple", "purple", "purple", "purple", "purple", "purple", "purple", "purple", "purple", "purple", "purple", "purple", "purple", "purple", "purple"], "timestamps": [0, 40, 80, 120, 160, 200, 240, 280, 320, 360, 400, 440, 480, 520, 560, 600, 640, 680, 720, 760, 800, 840, 880, 920, 960, 1000, 1040, 1080, 1120, 1160, 1200, 1240, 1280, 1320, 1360, 1400, 1440, 1480, 1520, 1560, 1600, 1640, 1680, 1720, 1760, 1800, 1840, 1880, 1920, 1960, 2000, 2040, 2080, 2120, 2160, 2200, 2240, 2280, 2320, 2360, 2400, 2440, 2480, 2520, 2560, 2600, 2640, 2680, 2720, 2760, 2800, 2840, 2880, 2920, 2960, 3000, 3040, 3080, 3120, 3160]}], "conversation": [], "conversation_timestamps": []}