{"agent_id": "agent-green-937", "type": "green", "trips": [{"trip_id": 0, "transport_method": "foot", "start_time": 0, "path": [[1.5396327, 42.5094847], [1.5396072, 42.5097339], [1.5395776, 42.5099826], [1.539397, 42.5101092], [1.5391826, 42.5102237], [1.5391037, 42.5104327], [1.5390838, 42.5106681], [1.5388618, 42.510784], [1.5386397, 42.5109], [1.538539, 42.511127], [1.5384045, 42.5113311], [1.538213, 42.5114684], [1.5379813, 42.5115629], [1.5377668, 42.5116923], [1.5375319, 42.5117776], [1.5372945, 42.5118575], [1.5370746, 42.5119669], [1.5368836, 42.5121281], [1.5366916, 42.5122861], [1.5364621, 42.5123865], [1.5362328, 42.5124873], [1.536004, 42.5125831], [1.535791, 42.5126986], [1.5355437, 42.5127384], [1.5352969, 42.5127807], [1.5350581, 42.5128536], [1.5349214, 42.5126918], [1.5348115, 42.5124668], [1.5347015, 42.5122417], [1.5347637, 42.512194], [1.5349217, 42.5123844], [1.5349922, 42.5126243], [1.5350118, 42.5128608], [1.5348542, 42.5126851], [1.5346937, 42.5124928], [1.5345332, 42.5123005], [1.5343727, 42.5121082], [1.5341805, 42.5119598], [1.5339486, 42.5118654], [1.533733, 42.5117399], [1.5335825, 42.5115429], [1.5333693, 42.5114419], [1.5333006, 42.511201], [1.533152, 42.5110143], [1.5329228, 42.5109152], [1.5326851, 42.5108363], [1.5324462, 42.5107611], [1.5322073, 42.5106859], [1.5319689, 42.510609], [1.5317316, 42.5105287], [1.5314962, 42.5104433], [1.5312633, 42.5103511], [1.5310369, 42.5102442], [1.5307932, 42.5101962], [1.5305467, 42.5102351], [1.5302983, 42.5102333], [1.5300504, 42.5101972], [1.5298018, 42.5101686], [1.5295515, 42.5101684], [1.5294586, 42.5102642], [1.5295765, 42.5104768], [1.5293609, 42.5104713], [1.5291313, 42.5103712], [1.5289017, 42.510271], [1.5286711, 42.5101732], [1.5284405, 42.5100754], [1.5282099, 42.5099776], [1.5279793, 42.5098799], [1.5277513, 42.5097762], [1.5275234, 42.5096744], [1.5272746, 42.5096919], [1.5270272, 42.5097309], [1.5267783, 42.5097536], [1.526537, 42.5096908], [1.5263065, 42.5095927], [1.5260779, 42.5094905], [1.5258578, 42.509371], [1.5256137, 42.50933], [1.5254049, 42.5092197], [1.5253027, 42.5090063]], "mood_vectors": [[0.0258, 0.1045, 0.0923, 0.0224, 0.0488, 0.0178, 0.6884], [0.0546, 0.0382, 0.0219, 0.0284, 0.0564, 0.0419, 0.7586], [0.0417, 0.0372, 0.064, 0.0724, 0.0583, 0.0372, 0.6893], [0.0466, 0.0951, 0.0625, 0.0267, 0.0202, 0.0182, 0.7306], [0.022, 0.0732, 0.0502, 0.0334, 0.0763, 0.0127, 0.7322], [0.0162, 0.0206, 0.0493, 0.0631, 0.0579, 0.019, 0.774], [0.0193, 0.0269, 0.0615, 0.0146, 0.0754, 0.0549, 0.7474], [0.0802, 0.0861, 0.0362, 0.0867, 0.0154, 0.0865, 0.6089], [0.08, 0.0175, 0.0577, 0.0334, 0.0251, 0.0528, 0.7335], [0.018, 0.0197, 0.0476, 0.0871, 0.0156, 0.0425, 0.7695], [0.0429, 0.0651, 0.0221, 0.045, 0.0241, 0.0137, 0.7872], [0.0737, 0.0158, 0.0509, 0.0519, 0.0776, 0.0499, 0.6802], [0.0695, 0.0636, 0.0621, 0.0669, 0.0182, 0.0156, 0.7039], [0.0286, 0.053, 0.035, 0.0578, 0.0484, 0.082, 0.6951], [0.0167, 0.069, 0.0826, 0.0411, 0.0508, 0.0148, 0.725], [0.0238, 0.0291, 0.022, 0.0614, 0.0772, 0.0462, 0.7404], [0.0136, 0.0307, 0.056, 0.0222, 0.0319, 0.0129, 0.8328], [0.0301, 0.042, 0.0537, 0.0768, 0.0679, 0.0156, 0.7141], [0.0704, 0.0599, 0.0355, 0.1031, 0.0291, 0.0198, 0.6822], [0.0338, 0.0257, 0.043, 0.0718, 0.0816, 0.0238, 0.7203], [0.0322, 0.052, 0.0325, 0.0747, 0.0665, 0.0742, 0.6679], [0.0567, 0.0423, 0.0639, 0.0394, 0.0506, 0.0258, 0.7213], [0.0229, 0.027, 0.0603, 0.0438, 0.0284, 0.0573, 0.7603], [0.0569, 0.0249, 0.0554, 0.0486, 0.04, 0.0417, 0.7325], [0.0249, 0.0358, 0.0702, 0.0194, 0.0229, 0.0392, 0.7877], [0.0175, 0.0507, 0.0533, 0.0454, 0.0578, 0.0818, 0.6935], [0.0786, 0.0358, 0.016, 0.0652, 0.0849, 0.0729, 0.6464], [0.0214, 0.0563, 0.0405, 0.0835, 0.0661, 0.0641, 0.6681], [0.0196, 0.0215, 0.0532, 0.0672, 0.06, 0.033, 0.7455], [0.0197, 0.0614, 0.0435, 0.0566, 0.0528, 0.0611, 0.705], [0.0459, 0.0736, 0.017, 0.0582, 0.0301, 0.0317, 0.7435], [0.07, 0.071, 0.0412, 0.0538, 0.0597, 0.0439, 0.6604], [0.0685, 0.0385, 0.0841, 0.0233, 0.0177, 0.0892, 0.6786], [0.0555, 0.0528, 0.0718, 0.0663, 0.0356, 0.0587, 0.6594], [0.0253, 0.0119, 0.0406, 0.0136, 0.0694, 0.0435, 0.7956], [0.026, 0.0609, 0.0396, 0.0579, 0.0413, 0.0756, 0.6987], [0.0446, 0.0354, 0.0218, 0.0654, 0.0438, 0.0584, 0.7305], [0.0643, 0.0529, 0.0727, 0.068, 0.0204, 0.0121, 0.7097], [0.0619, 0.0278, 0.0705, 0.0122, 0.0771, 0.0623, 0.6883], [0.082, 0.057, 0.0643, 0.0656, 0.0368, 0.0366, 0.6577], [0.0384, 0.0179, 0.0317, 0.073, 0.0553, 0.0843, 0.6993], [0.0625, 0.0718, 0.0853, 0.0398, 0.029, 0.0591, 0.6524], [0.0789, 0.0741, 0.0118, 0.0382, 0.0743, 0.0406, 0.6821], [0.0772, 0.0574, 0.0573, 0.0315, 0.076, 0.051, 0.6495], [0.0526, 0.0278, 0.0264, 0.0446, 0.0505, 0.0734, 0.7247], [0.0813, 0.0712, 0.0158, 0.0386, 0.0341, 0.0317, 0.7272], [0.0842, 0.0427, 0.0219, 0.0608, 0.0151, 0.0848, 0.6906], [0.046, 0.0167, 0.0216, 0.0253, 0.0657, 0.0235, 0.8012], [0.0295, 0.0145, 0.0357, 0.0775, 0.0824, 0.0218, 0.7388], [0.0673, 0.0784, 0.0285, 0.0529, 0.089, 0.0648, 0.6191], [0.0533, 0.0531, 0.0526, 0.0507, 0.0369, 0.0597, 0.6938], [0.0343, 0.049, 0.0192, 0.0442, 0.0681, 0.0606, 0.7247], [0.0485, 0.0351, 0.067, 0.0403, 0.0381, 0.0588, 0.7122], [0.0518, 0.0436, 0.0912, 0.0525, 0.0437, 0.0571, 0.6601], [0.0725, 0.0595, 0.0237, 0.0514, 0.0626, 0.0396, 0.6908], [0.0488, 0.0524, 0.0151, 0.0882, 0.0824, 0.0474, 0.6657], [0.0196, 0.0542, 0.0629, 0.0257, 0.0877, 0.0779, 0.6719], [0.0357, 0.0545, 0.0138, 0.0448, 0.0514, 0.0335, 0.7663], [0.0174, 0.0528, 0.0741, 0.0385, 0.0175, 0.0785, 0.7212], [0.0165, 0.078, 0.0392, 0.0214, 0.0856, 0.0959, 0.6634], [0.057, 0.0545, 0.05, 0.0429, 0.0167, 0.0832, 0.6957], [0.0242, 0.0558, 0.0671, 0.0145, 0.0373, 0.0797, 0.7213], [0.0669, 0.0718, 0.0698, 0.0524, 0.0568, 0.065, 0.6172], [0.0189, 0.073, 0.0524, 0.0445, 0.0298, 0.0204, 0.761], [0.0238, 0.0595, 0.0608, 0.0275, 0.0658, 0.0443, 0.7183], [0.0528, 0.0338, 0.0117, 0.0291, 0.0756, 0.0746, 0.7223], [0.0752, 0.0313, 0.0935, 0.0353, 0.0237, 0.0852, 0.6558], [0.0325, 0.0513, 0.02, 0.0744, 0.0181, 0.0554, 0.7483], [0.0113, 0.0213, 0.0756, 0.0185, 0.0765, 0.0652, 0.7316], [0.0848, 0.0666, 0.014, 0.0284, 0.0456, 0.0515, 0.7091], [0.0418, 0.0518, 0.0815, 0.0391, 0.0388, 0.0382, 0.7089], [0.0486, 0.0394, 0.0184, 0.0345, 0.0316, 0.0862, 0.7413], [0.0453, 0.0594, 0.0756, 0.0266, 0.0167, 0.0131, 0.7633], [0.0219, 0.0687, 0.0754, 0.0337, 0.0425, 0.015, 0.7427], [0.058, 0.0244, 0.0279, 0.0552, 0.0599, 0.0141, 0.7605], [0.0675, 0.0643, 0.0835, 0.0128, 0.0532, 0.0673, 0.6514], [0.0486, 0.0441, 0.0196, 0.0187, 0.0758, 0.0678, 0.7256], [0.0504, 0.0719, 0.0294, 0.0604, 0.0548, 0.0303, 0.7028], [0.069, 0.0814, 0.0846, 0.042, 0.0217, 0.0501, 0.6513], [0.0401, 0.0677, 0.0655, 0.0301, 0.0567, 0.0129, 0.727]], "emotions": ["purple", "purple", "purple", "purple", "purple", "purple", "purple", "purple", "purple", "purple", "purple", "purple", "purple", "purple", "purple", "purple", "purple", "purple", "purple", "purple", "purple", "purple", "purple", "purple", "purple", "purple", "purple", "purple", "purple", "purple", "purple", "purple", "purple", "purple", "purple", "purple", "purple", "purple", "purple", "purple", "purple", "purple", "purple", "purple", "purple", "purple", "purple", "purple", "purple", "purple", "purple", "purple", "purple", "purple", "purple", "purple", "purple", "purple", "purple", "purple", "purple", "purple", "purple", "purple", "purple", "purple", "purple", "purple", "purple", "purple", "purple", "purple", "purple", "purple", "purple", "purple", "purple", "purple", "purple", "purple"], "timestamps": [0, 40, 80, 120, 160, 200, 240, 280, 320, 360, 400, 440, 480, 520, 560, 600, 640, 680, 720, 760, 800, 840, 880, 920, 960, 1000, 1040, 1080, 1120, 1160, 1200, 1240, 1280, 1320, 1360, 1400, 1440, 1480, 1520, 1560, 1600, 1640, 1680, 1720, 1760, 1800, 1840, 1880, 1920, 1960, 2000, 2040, 2080, 2120, 2160, 2200, 2240, 2280, 2320, 2360, 2400, 2440, 2480, 2520, 2560, 2600, 2640, 2680, 2720, 2760, 2800, 2840, 2880, 2920, 2960, 3000, 3040, 3080, 3120, 3160]}], "conversation": [], "conversation_timestamps": []}