{"agent_id": "agent-orange-1533", "type": "orange", "trips": [{"trip_id": 0, "transport_method": "foot", "start_time": 0, "path": [[1.5373167, 42.5073357], [1.5377551, 42.5077014], [1.5378794, 42.5083184], [1.5375489, 42.5088806], [1.536901, 42.5091792], [1.536233, 42.5092806], [1.5355159, 42.5092188], [1.5347979, 42.5092364], [1.5340795, 42.5092808], [1.5339113, 42.5099329], [1.5333504, 42.5103761], [1.5329326, 42.5109559], [1.53245, 42.5114879], [1.5318863, 42.5119331], [1.5312517, 42.5122715], [1.5305987, 42.5125742], [1.5299427, 42.51287], [1.5292811, 42.5131533], [1.5286226, 42.5134438], [1.5279658, 42.5137381], [1.5273113, 42.5140371], [1.5266651, 42.5143542], [1.5260457, 42.5147187], [1.5254951, 42.5151802], [1.5250102, 42.5157106], [1.5246291, 42.5163179], [1.5243428, 42.5169774], [1.5241496, 42.5176686], [1.5240469, 42.518381], [1.5239302, 42.5190904], [1.5238388, 42.5198043], [1.5236292, 42.5204876], [1.5233248, 42.5211394], [1.5228248, 42.521648], [1.5222351, 42.5220579], [1.5218481, 42.522656], [1.5215798, 42.5233182], [1.5211172, 42.5238691], [1.5207308, 42.5244743], [1.5206166, 42.5251778], [1.5205925, 42.5258971], [1.5203631, 42.5265648], [1.5199753, 42.5271614], [1.5201698, 42.5278162], [1.520567, 42.5284126], [1.5206412, 42.5291181], [1.520303, 42.5297475], [1.5197092, 42.5301212], [1.5198252, 42.5307617], [1.5196053, 42.5314335], [1.5195704, 42.5321325], [1.519741, 42.5328249], [1.5195495, 42.5335063], [1.5196394, 42.5341725], [1.5201479, 42.5346817], [1.520672, 42.5351746], [1.521223, 42.5356366], [1.5209244, 42.5361345], [1.5203853, 42.5366007], [1.5200312, 42.5372248], [1.5197522, 42.5378875], [1.5195221, 42.5385677], [1.5193985, 42.5392714], [1.5193824, 42.5399797], [1.5194274, 42.5406481], [1.5191049, 42.5412367], [1.5184505, 42.5415363], [1.5180789, 42.5417075], [1.5187418, 42.5414272], [1.5189049, 42.541332], [1.5182544, 42.54164], [1.5176635, 42.5420275], [1.5172959, 42.5426451], [1.5171807, 42.5432979], [1.5167832, 42.5438466], [1.5163462, 42.5443863], [1.5160505, 42.5449458], [1.5154507, 42.5453424], [1.5152492, 42.5456845], [1.5152296, 42.5462879]], "mood_vectors": [[0.0266, 0.0869, 0.0304, 0.0726, 0.7078, 0.0449, 0.0308], [0.0419, 0.0619, 0.0248, 0.0324, 0.7562, 0.0647, 0.0183], [0.0309, 0.0352, 0.0171, 0.0584, 0.775, 0.0417, 0.0416], [0.0444, 0.0579, 0.0589, 0.0816, 0.6853, 0.042, 0.0299], [0.087, 0.0184, 0.0345, 0.0253, 0.781, 0.0265, 0.0272], [0.0761, 0.0608, 0.061, 0.0751, 0.6177, 0.0275, 0.0819], [0.0183, 0.0418, 0.0224, 0.0441, 0.7318, 0.0971, 0.0445], [0.0296, 0.035, 0.027, 0.0739, 0.6847, 0.0786, 0.0712], [0.0434, 0.0177, 0.0667, 0.0383, 0.7272, 0.0141, 0.0927], [0.0601, 0.0666, 0.0818, 0.0567, 0.6488, 0.0313, 0.0547], [0.0366, 0.0659, 0.069, 0.0608, 0.674, 0.051, 0.0427], [0.0309, 0.0397, 0.0691, 0.0635, 0.6802, 0.082, 0.0346], [0.03, 0.0735, 0.0689, 0.0716, 0.6895, 0.0299, 0.0365], [0.0591, 0.0349, 0.0649, 0.0316, 0.705, 0.0205, 0.0841], [0.0652, 0.0309, 0.0634, 0.0134, 0.717, 0.0596, 0.0505], [0.0388, 0.0518, 0.0629, 0.0127, 0.7662, 0.0295, 0.0382], [0.08, 0.0154, 0.0562, 0.0264, 0.7739, 0.0201, 0.028], [0.0671, 0.0694, 0.0374, 0.0808, 0.6297, 0.061, 0.0547], [0.0533, 0.0446, 0.0397, 0.0437, 0.6608, 0.0672, 0.0907], [0.029, 0.0756, 0.0654, 0.0156, 0.6761, 0.0695, 0.0687], [0.0267, 0.033, 0.062, 0.0774, 0.658, 0.0736, 0.0692], [0.0433, 0.0592, 0.0685, 0.0652, 0.7057, 0.0437, 0.0143], [0.0736, 0.0727, 0.0292, 0.0172, 0.7062, 0.0284, 0.0727], [0.0832, 0.0268, 0.0424, 0.0741, 0.6978, 0.0322, 0.0434], [0.0617, 0.0219, 0.0255, 0.0463, 0.7124, 0.0621, 0.0701], [0.0545, 0.0733, 0.0438, 0.043, 0.7167, 0.0371, 0.0317], [0.0438, 0.0299, 0.0434, 0.0512, 0.7047, 0.027, 0.1], [0.0162, 0.0226, 0.0292, 0.0297, 0.781, 0.0721, 0.0494], [0.0602, 0.0731, 0.0459, 0.068, 0.6511, 0.0171, 0.0847], [0.0752, 0.0284, 0.0744, 0.0678, 0.6376, 0.0524, 0.0642], [0.0389, 0.0544, 0.0314, 0.0207, 0.715, 0.0691, 0.0706], [0.0466, 0.0631, 0.021, 0.0718, 0.6955, 0.061, 0.0411], [0.0752, 0.0128, 0.0449, 0.0456, 0.7589, 0.0401, 0.0225], [0.0486, 0.0787, 0.0853, 0.0256, 0.6591, 0.0762, 0.0266], [0.0476, 0.0425, 0.0537, 0.0798, 0.6514, 0.047, 0.078], [0.0759, 0.0236, 0.0562, 0.0167, 0.7034, 0.075, 0.0492], [0.0389, 0.0935, 0.0576, 0.0677, 0.6602, 0.0629, 0.0193], [0.0737, 0.0748, 0.0694, 0.0424, 0.6134, 0.0388, 0.0876], [0.0576, 0.0688, 0.0324, 0.0369, 0.7168, 0.025, 0.0625], [0.0427, 0.0708, 0.0243, 0.0645, 0.7123, 0.0612, 0.0242], [0.0433, 0.0346, 0.0522, 0.0389, 0.7202, 0.0907, 0.02], [0.0639, 0.0741, 0.0354, 0.0832, 0.6886, 0.0348, 0.0201], [0.0958, 0.0339, 0.0506, 0.0945, 0.655, 0.0155, 0.0547], [0.0514, 0.0487, 0.0197, 0.0555, 0.7132, 0.0519, 0.0595], [0.0994, 0.0338, 0.018, 0.0436, 0.6545, 0.0991, 0.0514], [0.0747, 0.0478, 0.0461, 0.0303, 0.7509, 0.0134, 0.0367], [0.0177, 0.0275, 0.0321, 0.0322, 0.8443, 0.0251, 0.0211], [0.0833, 0.0982, 0.0242, 0.0177, 0.656, 0.0342, 0.0864], [0.0587, 0.0575, 0.0707, 0.0879, 0.6594, 0.0517, 0.0141], [0.0355, 0.0154, 0.0403, 0.0507, 0.7611, 0.0502, 0.0468], [0.0627, 0.0298, 0.0244, 0.0307, 0.7545, 0.0336, 0.0644], [0.0756, 0.0276, 0.1011, 0.0425, 0.6969, 0.0384, 0.0179], [0.0661, 0.0743, 0.0339, 0.0239, 0.7068, 0.0632, 0.0318], [0.0405, 0.0823, 0.0152, 0.0509, 0.7316, 0.0185, 0.0609], [0.0352, 0.0692, 0.0698, 0.0924, 0.7012, 0.0161, 0.0161], [0.045, 0.0574, 0.0709, 0.0165, 0.7028, 0.0704, 0.037], [0.0163, 0.0195, 0.0643, 0.0385, 0.731, 0.0425, 0.0879], [0.0997, 0.0543, 0.0596, 0.0492, 0.6993, 0.0179, 0.0199], [0.0734, 0.032, 0.046, 0.0474, 0.7423, 0.0158, 0.0431], [0.0427, 0.0282, 0.0502, 0.0648, 0.725, 0.0261, 0.063], [0.0789, 0.0238, 0.0431, 0.0894, 0.726, 0.0258, 0.0131], [0.0588, 0.019, 0.0361, 0.0829, 0.646, 0.0802, 0.0771], [0.0773, 0.0745, 0.0544, 0.0382, 0.6424, 0.0527, 0.0605], [0.0776, 0.084, 0.0601, 0.0534, 0.6781, 0.0288, 0.018], [0.0164, 0.0223, 0.0454, 0.0677, 0.713, 0.0747, 0.0607], [0.0705, 0.0327, 0.0945, 0.0857, 0.6719, 0.028, 0.0167], [0.0606, 0.0711, 0.0319, 0.0521, 0.6983, 0.0122, 0.0738], [0.0595, 0.0417, 0.088, 0.0504, 0.7054, 0.0159, 0.0391], [0.0123, 0.0691, 0.0595, 0.0297, 0.7151, 0.0554, 0.0589], [0.0351, 0.0531, 0.0516, 0.0532, 0.7263, 0.0567, 0.024], [0.0803, 0.0407, 0.0677, 0.0488, 0.6511, 0.0641, 0.0473], [0.0324, 0.0438, 0.0493, 0.0412, 0.72, 0.0793, 0.0341], [0.0648, 0.0354, 0.0124, 0.0543, 0.7655, 0.0262, 0.0413], [0.0554, 0.045, 0.0422, 0.0407, 0.689, 0.0741, 0.0537], [0.0584, 0.0362, 0.0681, 0.0525, 0.6466, 0.0644, 0.0738], [0.0144, 0.0301, 0.0837, 0.0832, 0.7051, 0.0316, 0.0519], [0.0663, 0.043, 0.0579, 0.0374, 0.6542, 0.0728, 0.0684], [0.0508, 0.0283, 0.0695, 0.039, 0.7018, 0.0806, 0.03], [0.0662, 0.016, 0.0477, 0.0622, 0.6783, 0.0463, 0.0832], [0.0651, 0.0475, 0.032, 0.0515, 0.7082, 0.0474, 0.0483]], "emotions": ["red", "red", "red", "red", "red", "red", "red", "red", "red", "red", "red", "red", "red", "red", "red", "red", "red", "red", "red", "red", "red", "red", "red", "red", "red", "red", "red", "red", "red", "red", "red", "red", "red", "red", "red", "red", "red", "red", "red", "red", "red", "red", "red", "red", "red", "red", "red", "red", "red", "red", "red", "red", "red", "red", "red", "red", "red", "red", "red", "red", "red", "red", "red", "red", "red", "red", "red", "red", "red", "red", "red", "red", "red", "red", "red", "red", "red", "red", "red", "red"], "timestamps": [0, 40, 80, 120, 160, 200, 240, 280, 320, 360, 400, 440, 480, 520, 560, 600, 640, 680, 720, 760, 800, 840, 880, 920, 960, 1000, 1040, 1080, 1120, 1160, 1200, 1240, 1280, 1320, 1360, 1400, 1440, 1480, 1520, 1560, 1600, 1640, 1680, 1720, 1760, 1800, 1840, 1880, 1920, 1960, 2000, 2040, 2080, 2120, 2160, 2200, 2240, 2280, 2320, 2360, 2400, 2440, 2480, 2520, 2560, 2600, 2640, 2680, 2720, 2760, 2800, 2840, 2880, 2920, 2960, 3000, 3040, 3080, 3120, 3160]}], "conversation": [], "conversation_timestamps": []}