{"agent_id": "agent-green-1362", "type": "green", "trips": [{"trip_id": 0, "transport_method": "foot", "start_time": 0, "path": [[1.5155904, 42.5407705], [1.516464, 42.5399756], [1.5165452, 42.5387224], [1.5160642, 42.5375502], [1.5164069, 42.5368832], [1.5168409, 42.5365171], [1.517991, 42.5369069], [1.5191768, 42.5370196], [1.5198423, 42.5368646], [1.5203539, 42.536283], [1.5201077, 42.5354903], [1.5199356, 42.5358063], [1.5199404, 42.5368379], [1.5206958, 42.5362801], [1.5210101, 42.5354536], [1.5200664, 42.5346018], [1.5195267, 42.5335542], [1.5196596, 42.532333], [1.5197188, 42.5310957], [1.5196308, 42.5313918], [1.5196597, 42.5310594], [1.5199394, 42.5300032], [1.5206604, 42.529021], [1.5202106, 42.5278698], [1.5202221, 42.5267519], [1.5206036, 42.5255793], [1.520801, 42.5243409], [1.5215708, 42.5233318], [1.5221103, 42.5221921], [1.5231109, 42.5214155], [1.5236369, 42.5202734], [1.5237602, 42.5201897], [1.5234504, 42.5208463], [1.5239206, 42.5196641], [1.5245154, 42.5185727], [1.5255301, 42.5178637], [1.5265075, 42.5171113], [1.5276129, 42.5165478], [1.5287363, 42.5159897], [1.5295387, 42.5150095], [1.5304116, 42.5141373], [1.5305224, 42.5129453], [1.530832, 42.5118689], [1.5297909, 42.5112408], [1.529462, 42.5102672], [1.5285419, 42.5093887], [1.529301, 42.5101457], [1.5285498, 42.5094065], [1.5275588, 42.5086208], [1.5263085, 42.5084487], [1.5251743, 42.5079918], [1.5239278, 42.5077754], [1.5226796, 42.5077507], [1.5215294, 42.5075218], [1.5202783, 42.5073973], [1.5191053, 42.5070524], [1.5186054, 42.5066027], [1.5175018, 42.5060148], [1.5163547, 42.5055888], [1.5152559, 42.5050466], [1.5147541, 42.5044858], [1.5138659, 42.5035851], [1.5130071, 42.5026621], [1.5119743, 42.5019215], [1.5108878, 42.5012666], [1.5097331, 42.5007671], [1.5085878, 42.5002132], [1.5074614, 42.499636], [1.5063104, 42.4990939], [1.5051744, 42.4985223], [1.5040115, 42.4980068], [1.5028625, 42.497462], [1.501749, 42.4968537], [1.5010371, 42.4966833], [1.4999506, 42.4960252], [1.4988342, 42.4954164], [1.4987014, 42.4943832], [1.4976471, 42.4938485], [1.4965582, 42.4933534], [1.49532, 42.4935679]], "mood_vectors": [[0.066, 0.0263, 0.0377, 0.0193, 0.0596, 0.0347, 0.7564], [0.0548, 0.0679, 0.0239, 0.0673, 0.0645, 0.0382, 0.6834], [0.0702, 0.0808, 0.0296, 0.0827, 0.0469, 0.0147, 0.675], [0.0213, 0.0351, 0.0484, 0.0586, 0.0705, 0.0129, 0.7531], [0.0479, 0.0683, 0.0275, 0.0425, 0.0782, 0.0167, 0.7188], [0.0177, 0.0792, 0.0462, 0.0593, 0.083, 0.0339, 0.6806], [0.068, 0.0154, 0.0276, 0.0657, 0.0323, 0.0115, 0.7796], [0.0158, 0.0376, 0.044, 0.022, 0.0728, 0.0275, 0.7804], [0.0592, 0.0263, 0.027, 0.0186, 0.0255, 0.054, 0.7894], [0.0488, 0.0565, 0.0725, 0.0465, 0.023, 0.0198, 0.733], [0.0462, 0.0362, 0.0332, 0.0697, 0.0265, 0.0285, 0.7597], [0.076, 0.0225, 0.0711, 0.0784, 0.0541, 0.0526, 0.6454], [0.0812, 0.0194, 0.0333, 0.0742, 0.0671, 0.0637, 0.6612], [0.0284, 0.0168, 0.0443, 0.0796, 0.0562, 0.0217, 0.7531], [0.0472, 0.0578, 0.0644, 0.0386, 0.0661, 0.062, 0.6639], [0.0337, 0.0585, 0.0459, 0.0699, 0.0557, 0.032, 0.7043], [0.0455, 0.0465, 0.0232, 0.0462, 0.0528, 0.0306, 0.7551], [0.0868, 0.0561, 0.0501, 0.0868, 0.0366, 0.0362, 0.6474], [0.052, 0.0294, 0.0566, 0.0513, 0.0412, 0.0264, 0.7431], [0.0634, 0.0356, 0.0191, 0.0153, 0.0765, 0.0116, 0.7786], [0.0499, 0.0711, 0.0192, 0.0933, 0.0499, 0.069, 0.6475], [0.0272, 0.0287, 0.0459, 0.0731, 0.0666, 0.036, 0.7224], [0.0663, 0.0658, 0.0424, 0.0601, 0.0297, 0.0501, 0.6856], [0.0784, 0.0675, 0.032, 0.0422, 0.0344, 0.0166, 0.7289], [0.044, 0.0695, 0.0156, 0.0198, 0.064, 0.0302, 0.7569], [0.0659, 0.0361, 0.0492, 0.0724, 0.0202, 0.0128, 0.7433], [0.081, 0.0659, 0.043, 0.0191, 0.0357, 0.0444, 0.711], [0.0459, 0.0441, 0.0735, 0.0533, 0.0356, 0.0844, 0.6633], [0.0314, 0.0448, 0.0181, 0.0487, 0.0634, 0.0738, 0.7197], [0.0249, 0.0127, 0.0253, 0.0754, 0.0362, 0.0632, 0.7623], [0.0159, 0.0949, 0.0574, 0.0748, 0.0822, 0.077, 0.5977], [0.0417, 0.0524, 0.0501, 0.0669, 0.0293, 0.0279, 0.7318], [0.0313, 0.0509, 0.0563, 0.0241, 0.0198, 0.0868, 0.7309], [0.0184, 0.0351, 0.056, 0.0249, 0.0642, 0.0272, 0.7742], [0.0728, 0.0801, 0.0783, 0.03, 0.0323, 0.0801, 0.6266], [0.0771, 0.0237, 0.0332, 0.0348, 0.067, 0.0641, 0.7002], [0.0475, 0.0491, 0.0121, 0.0836, 0.0414, 0.0608, 0.7054], [0.0439, 0.0418, 0.0706, 0.0789, 0.0598, 0.0209, 0.6841], [0.048, 0.0564, 0.052, 0.0557, 0.0716, 0.0675, 0.6489], [0.0206, 0.0357, 0.0605, 0.0434, 0.0831, 0.0616, 0.695], [0.0661, 0.0426, 0.0321, 0.0201, 0.0577, 0.0328, 0.7485], [0.0507, 0.0654, 0.0436, 0.0399, 0.0663, 0.0476, 0.6865], [0.0813, 0.0718, 0.0313, 0.0763, 0.0174, 0.0202, 0.7017], [0.0391, 0.0165, 0.0535, 0.0512, 0.0292, 0.0555, 0.7551], [0.0327, 0.0768, 0.0299, 0.0305, 0.0444, 0.0325, 0.7532], [0.0487, 0.0747, 0.0241, 0.0385, 0.0328, 0.073, 0.7083], [0.0245, 0.0441, 0.0775, 0.0638, 0.0768, 0.0673, 0.646], [0.0449, 0.0581, 0.062, 0.0488, 0.0506, 0.0238, 0.7118], [0.0339, 0.0384, 0.0675, 0.0355, 0.0364, 0.0485, 0.7397], [0.0538, 0.0604, 0.0154, 0.0478, 0.068, 0.069, 0.6855], [0.0769, 0.0333, 0.0268, 0.0409, 0.0799, 0.0817, 0.6606], [0.0864, 0.09, 0.0679, 0.0279, 0.054, 0.0203, 0.6535], [0.0293, 0.0335, 0.077, 0.0709, 0.0552, 0.0785, 0.6556], [0.0279, 0.0548, 0.0816, 0.0758, 0.0235, 0.0813, 0.6553], [0.0202, 0.0645, 0.0775, 0.0611, 0.0538, 0.0439, 0.6789], [0.0291, 0.0551, 0.0622, 0.0736, 0.0688, 0.0295, 0.6816], [0.0662, 0.0235, 0.0726, 0.0157, 0.0443, 0.0441, 0.7336], [0.0196, 0.0537, 0.0854, 0.0271, 0.0434, 0.0776, 0.6932], [0.09, 0.034, 0.057, 0.0174, 0.0206, 0.1033, 0.6777], [0.0575, 0.0125, 0.0262, 0.0663, 0.0166, 0.0382, 0.7827], [0.0195, 0.0654, 0.027, 0.0331, 0.0373, 0.0718, 0.7459], [0.0538, 0.029, 0.0756, 0.0651, 0.089, 0.0429, 0.6446], [0.0517, 0.054, 0.0651, 0.0749, 0.0524, 0.0709, 0.631], [0.0457, 0.0297, 0.0849, 0.0648, 0.0434, 0.0261, 0.7053], [0.0309, 0.0684, 0.02, 0.0613, 0.0523, 0.0725, 0.6947], [0.0717, 0.0338, 0.0258, 0.0413, 0.0715, 0.0319, 0.7241], [0.0757, 0.0363, 0.0808, 0.0312, 0.0577, 0.0188, 0.6995], [0.0161, 0.0719, 0.057, 0.0717, 0.0507, 0.0126, 0.72], [0.0866, 0.0861, 0.0398, 0.0276, 0.0213, 0.0676, 0.6709], [0.0234, 0.0423, 0.0147, 0.0301, 0.052, 0.073, 0.7646], [0.0173, 0.0831, 0.0311, 0.0375, 0.0179, 0.0463, 0.7667], [0.034, 0.0577, 0.0581, 0.0501, 0.0424, 0.0745, 0.6831], [0.0809, 0.0291, 0.012, 0.0218, 0.0321, 0.0831, 0.7409], [0.0322, 0.0745, 0.0487, 0.0745, 0.0525, 0.0278, 0.6898], [0.0624, 0.0469, 0.0205, 0.0386, 0.0458, 0.0604, 0.7253], [0.0233, 0.0446, 0.0279, 0.0229, 0.0169, 0.059, 0.8053], [0.0263, 0.0669, 0.0289, 0.0394, 0.067, 0.0444, 0.7272], [0.0617, 0.0479, 0.0652, 0.0219, 0.0718, 0.0249, 0.7066], [0.0436, 0.068, 0.0341, 0.0325, 0.0354, 0.0555, 0.7308], [0.0877, 0.0787, 0.0187, 0.0723, 0.0482, 0.0406, 0.6539]], "emotions": ["purple", "purple", "purple", "purple", "purple", "purple", "purple", "purple", "purple", "purple", "purple", "purple", "purple", "purple", "purple", "purple", "purple", "purple", "purple", "purple", "purple", "purple", "purple", "purple", "purple", "purple", "purple", "purple", "purple", "purple", "purple", "purple", "purple", "purple", "purple", "purple", "purple", "purple", "purple", "purple", "purple", "purple", "purple", "purple", "purple", "purple", "purple", "purple", "purple", "purple", "purple", "purple", "purple", "purple", "purple", "purple", "purple", "purple", "purple", "purple", "purple", "purple", "purple", "purple", "purple", "purple", "purple", "purple", "purple", "purple", "purple", "purple", "purple", "purple", "purple", "purple", "purple", "purple", "purple", "purple"], "timestamps": [0, 40, 80, 120, 160, 200, 240, 280, 320, 360, 400, 440, 480, 520, 560, 600, 640, 680, 720, 760, 800, 840, 880, 920, 960, 1000, 1040, 1080, 1120, 1160, 1200, 1240, 1280, 1320, 1360, 1400, 1440, 1480, 1520, 1560, 1600, 1640, 1680, 1720, 1760, 1800, 1840, 1880, 1920, 1960, 2000, 2040, 2080, 2120, 2160, 2200, 2240, 2280, 2320, 2360, 2400, 2440, 2480, 2520, 2560, 2600, 2640, 2680, 2720, 2760, 2800, 2840, 2880, 2920, 2960, 3000, 3040, 3080, 3120, 3160]}], "conversation": [], "conversation_timestamps": []}