{"agent_id": "agent-purple-1044", "type": "purple", "trips": [{"trip_id": 0, "transport_method": "car", "start_time": 0, "path": [[1.5412537, 42.509521], [1.5412693, 42.5095801], [1.5412208, 42.5096305], [1.5411723, 42.5096808], [1.5411112, 42.509702], [1.5410413, 42.5097032], [1.5409714, 42.5097037], [1.5409015, 42.5097046], [1.5408316, 42.5097054], [1.54082, 42.5097623], [1.5408219, 42.5098322], [1.5408311, 42.5099014], [1.5408518, 42.5099678], [1.5408791, 42.510032], [1.5409099, 42.5100948], [1.5409414, 42.5101571], [1.5409705, 42.5102205], [1.5409719, 42.5102842], [1.5409315, 42.5103412], [1.5408911, 42.5103982], [1.5408507, 42.5104552], [1.5408845, 42.510458], [1.5409511, 42.5104369], [1.5409916, 42.5103977], [1.540988, 42.5103279], [1.5409777, 42.51027], [1.5409165, 42.5103038], [1.5408554, 42.5103376], [1.5407942, 42.5103715], [1.5407331, 42.5104053], [1.5406719, 42.5104391], [1.5406107, 42.5104729], [1.5405496, 42.5105067], [1.5404884, 42.5105405], [1.5404234, 42.5105599], [1.5403535, 42.5105612], [1.5402836, 42.5105625], [1.5402138, 42.510563], [1.5401439, 42.5105605], [1.5400741, 42.5105582], [1.5400042, 42.510556], [1.5399344, 42.5105538], [1.5398645, 42.5105515], [1.5397946, 42.5105493], [1.5397248, 42.5105471], [1.5396549, 42.5105448], [1.5395851, 42.5105426], [1.5395152, 42.5105403], [1.5394454, 42.510538], [1.5393789, 42.5105568], [1.5393132, 42.5105807], [1.5392475, 42.5106046], [1.5391819, 42.5106285], [1.5391162, 42.5106524], [1.5390538, 42.5106837], [1.5389919, 42.5107161], [1.5389299, 42.5107484], [1.5388679, 42.5107808], [1.538806, 42.5108131], [1.538744, 42.5108455], [1.5386821, 42.5108778], [1.5386266, 42.5109161], [1.5385998, 42.5109807], [1.538573, 42.5110452], [1.5385462, 42.5111097], [1.5385194, 42.5111743], [1.5384926, 42.5112388], [1.5384489, 42.5112914], [1.5383968, 42.5113379], [1.5383447, 42.5113845], [1.5383064, 42.5114317], [1.5382414, 42.5114573], [1.5381763, 42.5114828], [1.5381113, 42.5115084], [1.5380462, 42.5115339], [1.5379825, 42.5115621], [1.5379227, 42.5115982], [1.5378628, 42.5116344], [1.537803, 42.5116705], [1.5377432, 42.5117066]], "mood_vectors": [[0.0641, 0.0235, 0.0528, 0.0712, 0.0288, 0.7194, 0.0402], [0.0633, 0.0315, 0.0582, 0.0368, 0.0413, 0.7529, 0.016], [0.0376, 0.0454, 0.0267, 0.0417, 0.0783, 0.7417, 0.0286], [0.0334, 0.066, 0.0512, 0.0413, 0.0459, 0.7248, 0.0375], [0.0717, 0.0398, 0.012, 0.0664, 0.0213, 0.7745, 0.0142], [0.0478, 0.0796, 0.0253, 0.0223, 0.0284, 0.7451, 0.0514], [0.0473, 0.0643, 0.0574, 0.0364, 0.0806, 0.6528, 0.0611], [0.0782, 0.0722, 0.0228, 0.0304, 0.0549, 0.6908, 0.0507], [0.0814, 0.0851, 0.0824, 0.0275, 0.0263, 0.6754, 0.0219], [0.0554, 0.0325, 0.0485, 0.0672, 0.065, 0.7007, 0.0307], [0.0167, 0.0336, 0.067, 0.0313, 0.0552, 0.7286, 0.0676], [0.0342, 0.0528, 0.0435, 0.0787, 0.0208, 0.7565, 0.0135], [0.0254, 0.0945, 0.0867, 0.0586, 0.0772, 0.5905, 0.0671], [0.0254, 0.0652, 0.0301, 0.0713, 0.0884, 0.6322, 0.0874], [0.0238, 0.0557, 0.0382, 0.0618, 0.046, 0.724, 0.0504], [0.0853, 0.0161, 0.0434, 0.0463, 0.0635, 0.655, 0.0904], [0.0339, 0.073, 0.0703, 0.0644, 0.0781, 0.6394, 0.0409], [0.0238, 0.0406, 0.0545, 0.0532, 0.0339, 0.7683, 0.0257], [0.0356, 0.02, 0.0587, 0.0794, 0.0279, 0.734, 0.0443], [0.079, 0.018, 0.0859, 0.0836, 0.0486, 0.6187, 0.0661], [0.0473, 0.0766, 0.0432, 0.05, 0.0577, 0.7059, 0.0195], [0.0767, 0.0773, 0.0245, 0.0596, 0.0171, 0.7287, 0.0162], [0.0158, 0.0332, 0.0677, 0.093, 0.0209, 0.7449, 0.0245], [0.0798, 0.0255, 0.0453, 0.0636, 0.0196, 0.7034, 0.0626], [0.0418, 0.0318, 0.0966, 0.0178, 0.0445, 0.6667, 0.1007], [0.0533, 0.0346, 0.0495, 0.0559, 0.0327, 0.7434, 0.0306], [0.0668, 0.0471, 0.0125, 0.0458, 0.0257, 0.7418, 0.0603], [0.0259, 0.0398, 0.0534, 0.0587, 0.0442, 0.6982, 0.0797], [0.0783, 0.0446, 0.0199, 0.0338, 0.0497, 0.748, 0.0255], [0.08, 0.0885, 0.0297, 0.0459, 0.0637, 0.6763, 0.0159], [0.0823, 0.0576, 0.0155, 0.0593, 0.0486, 0.701, 0.0357], [0.0427, 0.0501, 0.0243, 0.0209, 0.0503, 0.7754, 0.0364], [0.0305, 0.0285, 0.0671, 0.0732, 0.0377, 0.7018, 0.0612], [0.0246, 0.0368, 0.0523, 0.0331, 0.0614, 0.7505, 0.0414], [0.0195, 0.0638, 0.0136, 0.0651, 0.0692, 0.6958, 0.0731], [0.0282, 0.0315, 0.0561, 0.052, 0.0745, 0.7109, 0.0468], [0.0236, 0.0362, 0.0981, 0.0731, 0.0543, 0.6844, 0.0303], [0.0742, 0.0433, 0.0195, 0.024, 0.0629, 0.7477, 0.0284], [0.0515, 0.0603, 0.0718, 0.0394, 0.0192, 0.6976, 0.0603], [0.0431, 0.0195, 0.0362, 0.0549, 0.0257, 0.7604, 0.0601], [0.0392, 0.0536, 0.026, 0.0797, 0.0278, 0.7145, 0.0592], [0.0121, 0.0692, 0.0551, 0.0702, 0.0333, 0.7072, 0.0529], [0.0147, 0.0396, 0.0525, 0.049, 0.0144, 0.7909, 0.039], [0.0773, 0.04, 0.0365, 0.0531, 0.0526, 0.7002, 0.0403], [0.0688, 0.0613, 0.0541, 0.0565, 0.0657, 0.6603, 0.0334], [0.0728, 0.0243, 0.059, 0.0344, 0.0762, 0.7089, 0.0244], [0.0248, 0.0617, 0.0455, 0.0362, 0.0622, 0.7134, 0.0562], [0.0609, 0.0272, 0.0247, 0.0414, 0.0555, 0.7501, 0.0402], [0.0776, 0.0272, 0.0505, 0.0544, 0.029, 0.6729, 0.0883], [0.0303, 0.0552, 0.0564, 0.0435, 0.0399, 0.7033, 0.0715], [0.0771, 0.0176, 0.0297, 0.0128, 0.0461, 0.7944, 0.0223], [0.0817, 0.0536, 0.0486, 0.0793, 0.0232, 0.6424, 0.0713], [0.0687, 0.0595, 0.0415, 0.0887, 0.0146, 0.6404, 0.0867], [0.0323, 0.0683, 0.034, 0.0406, 0.0476, 0.7395, 0.0376], [0.0162, 0.069, 0.0677, 0.0611, 0.0504, 0.6807, 0.0548], [0.0831, 0.0705, 0.0224, 0.0488, 0.0773, 0.6508, 0.0471], [0.064, 0.0373, 0.038, 0.0886, 0.0843, 0.6336, 0.0541], [0.0288, 0.0491, 0.0158, 0.0405, 0.0742, 0.731, 0.0606], [0.0134, 0.018, 0.0349, 0.0223, 0.0466, 0.8072, 0.0576], [0.0269, 0.0727, 0.0673, 0.0192, 0.0257, 0.7016, 0.0866], [0.0244, 0.0282, 0.0197, 0.0545, 0.0831, 0.7697, 0.0204], [0.0943, 0.0827, 0.027, 0.0396, 0.0517, 0.6656, 0.039], [0.0632, 0.0721, 0.0586, 0.0441, 0.0508, 0.675, 0.0361], [0.0459, 0.0627, 0.0148, 0.0284, 0.0299, 0.775, 0.0432], [0.0985, 0.0355, 0.0268, 0.0952, 0.016, 0.6594, 0.0685], [0.0692, 0.0537, 0.0533, 0.0313, 0.0403, 0.6906, 0.0616], [0.0192, 0.0849, 0.019, 0.0179, 0.0221, 0.8076, 0.0294], [0.0708, 0.0459, 0.0629, 0.0238, 0.0444, 0.6747, 0.0774], [0.0665, 0.0599, 0.0512, 0.028, 0.0542, 0.7052, 0.0349], [0.0451, 0.1017, 0.0438, 0.0469, 0.0387, 0.6808, 0.043], [0.0731, 0.0883, 0.0595, 0.0206, 0.0669, 0.6029, 0.0886], [0.0545, 0.0281, 0.0166, 0.071, 0.0163, 0.747, 0.0665], [0.0322, 0.0513, 0.0461, 0.036, 0.0333, 0.7203, 0.0808], [0.0386, 0.0883, 0.0504, 0.0781, 0.0173, 0.7048, 0.0225], [0.034, 0.0199, 0.0551, 0.0163, 0.0684, 0.7514, 0.055], [0.0579, 0.057, 0.0161, 0.0677, 0.0749, 0.6937, 0.0328], [0.0712, 0.0287, 0.0375, 0.0249, 0.077, 0.7339, 0.0267], [0.0602, 0.0278, 0.0734, 0.0743, 0.0238, 0.6906, 0.0498], [0.0744, 0.0293, 0.0602, 0.0227, 0.0353, 0.7597, 0.0184], [0.0196, 0.0444, 0.0932, 0.064, 0.0343, 0.6922, 0.0524]], "emotions": ["purple", "purple", "purple", "purple", "purple", "purple", "purple", "purple", "purple", "purple", "purple", "purple", "purple", "purple", "purple", "purple", "purple", "purple", "purple", "purple", "purple", "purple", "purple", "purple", "purple", "purple", "purple", "purple", "purple", "purple", "purple", "purple", "purple", "purple", "purple", "purple", "purple", "purple", "purple", "purple", "purple", "purple", "purple", "purple", "purple", "purple", "purple", "purple", "purple", "purple", "purple", "purple", "purple", "purple", "purple", "purple", "purple", "purple", "purple", "purple", "purple", "purple", "purple", "purple", "purple", "purple", "purple", "purple", "purple", "purple", "purple", "purple", "purple", "purple", "purple", "purple", "purple", "purple", "purple", "purple"], "timestamps": [0, 40, 80, 120, 160, 200, 240, 280, 320, 360, 400, 440, 480, 520, 560, 600, 640, 680, 720, 760, 800, 840, 880, 920, 960, 1000, 1040, 1080, 1120, 1160, 1200, 1240, 1280, 1320, 1360, 1400, 1440, 1480, 1520, 1560, 1600, 1640, 1680, 1720, 1760, 1800, 1840, 1880, 1920, 1960, 2000, 2040, 2080, 2120, 2160, 2200, 2240, 2280, 2320, 2360, 2400, 2440, 2480, 2520, 2560, 2600, 2640, 2680, 2720, 2760, 2800, 2840, 2880, 2920, 2960, 3000, 3040, 3080, 3120, 3160]}], "conversation": [], "conversation_timestamps": []}