{"agent_id": "agent-orange-1613", "type": "orange", "trips": [{"trip_id": 0, "transport_method": "bicycle", "start_time": 0, "path": [[1.5214643, 42.5041651], [1.5215471, 42.5044147], [1.5218185, 42.5044992], [1.5220445, 42.5045961], [1.5221361, 42.5048449], [1.5224151, 42.5049057], [1.5226969, 42.5049507], [1.5229793, 42.504992], [1.523238, 42.5050977], [1.5235009, 42.5051975], [1.5237596, 42.505318], [1.5240175, 42.5054282], [1.5242445, 42.5055804], [1.5244201, 42.5058053], [1.5246055, 42.5060214], [1.5248203, 42.5062092], [1.5250511, 42.506373], [1.5253209, 42.5062797], [1.5255992, 42.5063261], [1.5258784, 42.5063856], [1.5261576, 42.5064451], [1.5264368, 42.5065046], [1.526716, 42.5065642], [1.5269952, 42.5066237], [1.5267567, 42.5066141], [1.5264714, 42.5066029], [1.5261874, 42.5065775], [1.525907, 42.5065264], [1.5256322, 42.5064502], [1.5253879, 42.5063087], [1.5255671, 42.5063194], [1.5258462, 42.5063791], [1.5261254, 42.5064389], [1.5264045, 42.5064986], [1.5266837, 42.5065584], [1.5269628, 42.5066181], [1.5272379, 42.5066923], [1.5274828, 42.5068327], [1.5276651, 42.5070512], [1.527874, 42.5072295], [1.5281259, 42.5073596], [1.5283572, 42.5075269], [1.5285885, 42.5076942], [1.5288126, 42.5078709], [1.5290329, 42.5080295], [1.52928, 42.5081725], [1.5294901, 42.5083649], [1.5295728, 42.5084726], [1.5293251, 42.5083309], [1.5293758, 42.5082433], [1.5296013, 42.5084183], [1.5298268, 42.5085934], [1.5300723, 42.5087372], [1.5303213, 42.5088766], [1.5305643, 42.509026], [1.5305706, 42.5092439], [1.5306926, 42.5093394], [1.5309611, 42.5094362], [1.5312282, 42.5095369], [1.5314947, 42.5096394], [1.5317634, 42.5097355], [1.5320331, 42.5098289], [1.5322999, 42.5098822], [1.5325279, 42.5100541], [1.5327558, 42.5102259], [1.5329883, 42.5103898], [1.5332431, 42.5105176], [1.5334778, 42.5106781], [1.5336893, 42.5108689], [1.5338576, 42.5110991], [1.5340494, 42.5113094], [1.5343054, 42.5113941], [1.5345403, 42.5115563], [1.5347755, 42.5117181], [1.5350158, 42.5118721], [1.5352578, 42.5120235], [1.5354492, 42.5122295], [1.535442, 42.5125085], [1.5352458, 42.5127113], [1.5350085, 42.5128699]], "mood_vectors": [[0.0553, 0.0283, 0.0651, 0.0576, 0.658, 0.0654, 0.0702], [0.0799, 0.028, 0.0214, 0.0275, 0.729, 0.0837, 0.0305], [0.0721, 0.0361, 0.0509, 0.0327, 0.6759, 0.0554, 0.0769], [0.0385, 0.0304, 0.081, 0.0727, 0.6603, 0.0378, 0.0791], [0.0691, 0.07, 0.0931, 0.0215, 0.6416, 0.0569, 0.0479], [0.043, 0.0304, 0.0642, 0.0669, 0.6702, 0.058, 0.0673], [0.078, 0.0478, 0.0453, 0.0137, 0.7547, 0.0288, 0.0317], [0.0358, 0.0651, 0.0599, 0.0536, 0.6773, 0.0479, 0.0605], [0.0426, 0.055, 0.0466, 0.0513, 0.6781, 0.0811, 0.0452], [0.066, 0.038, 0.0849, 0.073, 0.6227, 0.0316, 0.0836], [0.0214, 0.0247, 0.0452, 0.0773, 0.7149, 0.0234, 0.0931], [0.0812, 0.024, 0.018, 0.0337, 0.7454, 0.0128, 0.0849], [0.0281, 0.0166, 0.0777, 0.0519, 0.7782, 0.0165, 0.031], [0.0439, 0.0391, 0.0379, 0.0513, 0.7223, 0.0686, 0.0369], [0.0218, 0.08, 0.046, 0.0769, 0.6364, 0.0818, 0.0571], [0.0608, 0.035, 0.0132, 0.0399, 0.7685, 0.0202, 0.0624], [0.0192, 0.0774, 0.0324, 0.0794, 0.6444, 0.0691, 0.0782], [0.0289, 0.0273, 0.0787, 0.0533, 0.7467, 0.0338, 0.0314], [0.0355, 0.0651, 0.0284, 0.0777, 0.7519, 0.0234, 0.018], [0.0335, 0.0113, 0.0452, 0.0285, 0.7589, 0.0592, 0.0634], [0.0429, 0.0862, 0.0168, 0.0554, 0.7176, 0.0387, 0.0423], [0.0524, 0.0731, 0.0318, 0.0227, 0.7186, 0.0354, 0.066], [0.0653, 0.0692, 0.0542, 0.0595, 0.6919, 0.0117, 0.0481], [0.0818, 0.0677, 0.0617, 0.0513, 0.6732, 0.0313, 0.0331], [0.044, 0.052, 0.0322, 0.0441, 0.7464, 0.0262, 0.055], [0.0692, 0.0353, 0.0746, 0.0823, 0.6276, 0.0682, 0.0428], [0.0513, 0.012, 0.0517, 0.0501, 0.7296, 0.0748, 0.0305], [0.0849, 0.0693, 0.0638, 0.0765, 0.6015, 0.0683, 0.0357], [0.0736, 0.0322, 0.034, 0.0588, 0.7647, 0.0158, 0.021], [0.0658, 0.064, 0.0294, 0.0458, 0.6606, 0.0621, 0.0724], [0.0206, 0.0819, 0.0895, 0.0519, 0.6666, 0.0419, 0.0477], [0.0521, 0.0261, 0.079, 0.0514, 0.694, 0.0475, 0.0498], [0.0447, 0.0403, 0.0743, 0.0299, 0.701, 0.0685, 0.0414], [0.0332, 0.016, 0.0256, 0.0423, 0.7299, 0.078, 0.075], [0.0665, 0.0703, 0.0709, 0.0152, 0.7453, 0.0131, 0.0188], [0.0327, 0.0491, 0.0648, 0.0525, 0.7094, 0.0285, 0.0629], [0.037, 0.0846, 0.0876, 0.0406, 0.6218, 0.0618, 0.0666], [0.0162, 0.0591, 0.0687, 0.0505, 0.7211, 0.0687, 0.0158], [0.0175, 0.0535, 0.0606, 0.0673, 0.6507, 0.0657, 0.0847], [0.0659, 0.0272, 0.0794, 0.0847, 0.6328, 0.0829, 0.0271], [0.0343, 0.0221, 0.0727, 0.0501, 0.7221, 0.0561, 0.0426], [0.018, 0.0532, 0.0425, 0.087, 0.7058, 0.0721, 0.0215], [0.0718, 0.0721, 0.0215, 0.0145, 0.738, 0.0282, 0.0539], [0.0227, 0.0203, 0.0818, 0.0526, 0.6548, 0.0853, 0.0825], [0.0267, 0.0612, 0.0493, 0.0318, 0.7149, 0.0287, 0.0874], [0.0639, 0.0194, 0.0402, 0.0517, 0.7193, 0.0206, 0.085], [0.026, 0.0486, 0.0528, 0.0774, 0.6202, 0.0868, 0.0881], [0.0273, 0.028, 0.0847, 0.0882, 0.6241, 0.0793, 0.0683], [0.0209, 0.0698, 0.0681, 0.0251, 0.7296, 0.0622, 0.0243], [0.0639, 0.0746, 0.0614, 0.0453, 0.6716, 0.0303, 0.0528], [0.0531, 0.0518, 0.0456, 0.0134, 0.6941, 0.075, 0.067], [0.0371, 0.09, 0.0211, 0.08, 0.6538, 0.024, 0.094], [0.034, 0.0263, 0.0615, 0.0518, 0.7296, 0.0651, 0.0317], [0.0411, 0.0417, 0.0445, 0.0222, 0.772, 0.0399, 0.0386], [0.0569, 0.0194, 0.0536, 0.0487, 0.7315, 0.0482, 0.0417], [0.0598, 0.0315, 0.0734, 0.0507, 0.6769, 0.0181, 0.0895], [0.0345, 0.0449, 0.0539, 0.0324, 0.7454, 0.0251, 0.0638], [0.0287, 0.0217, 0.0837, 0.063, 0.6683, 0.058, 0.0766], [0.0569, 0.0637, 0.0758, 0.0179, 0.707, 0.052, 0.0267], [0.0261, 0.0216, 0.0363, 0.0865, 0.7793, 0.0155, 0.0346], [0.0423, 0.029, 0.0507, 0.0706, 0.685, 0.0535, 0.0688], [0.0415, 0.0534, 0.0788, 0.0166, 0.7316, 0.0613, 0.0167], [0.0622, 0.0627, 0.0369, 0.021, 0.7667, 0.02, 0.0305], [0.0118, 0.0642, 0.0616, 0.0764, 0.6361, 0.0774, 0.0726], [0.0519, 0.0363, 0.0165, 0.0496, 0.6947, 0.0738, 0.0772], [0.0116, 0.0577, 0.0645, 0.075, 0.6823, 0.048, 0.0608], [0.074, 0.0674, 0.0385, 0.0343, 0.7079, 0.0129, 0.0648], [0.0242, 0.0386, 0.0609, 0.0533, 0.6795, 0.0742, 0.0694], [0.0558, 0.0652, 0.0674, 0.0251, 0.6948, 0.0627, 0.029], [0.0431, 0.045, 0.0174, 0.0687, 0.7195, 0.0616, 0.0448], [0.0474, 0.0716, 0.0682, 0.0298, 0.6828, 0.0322, 0.068], [0.0759, 0.0322, 0.0296, 0.0776, 0.6196, 0.0846, 0.0804], [0.0467, 0.0834, 0.0293, 0.0604, 0.6553, 0.0585, 0.0663], [0.019, 0.0456, 0.0202, 0.0861, 0.7369, 0.0429, 0.0493], [0.0801, 0.0663, 0.0268, 0.0546, 0.6915, 0.0642, 0.0165], [0.0244, 0.0341, 0.036, 0.0671, 0.7088, 0.0534, 0.0761], [0.0194, 0.036, 0.047, 0.0337, 0.7451, 0.032, 0.0867], [0.0473, 0.067, 0.0687, 0.0153, 0.6818, 0.04, 0.0799], [0.0147, 0.0863, 0.0693, 0.0668, 0.7062, 0.0273, 0.0294], [0.0457, 0.0462, 0.0495, 0.0166, 0.716, 0.0426, 0.0833]], "emotions": ["red", "red", "red", "red", "red", "red", "red", "red", "red", "red", "red", "red", "red", "red", "red", "red", "red", "red", "red", "red", "red", "red", "red", "red", "red", "red", "red", "red", "red", "red", "red", "red", "red", "red", "red", "red", "red", "red", "red", "red", "red", "red", "red", "red", "red", "red", "red", "red", "red", "red", "red", "red", "red", "red", "red", "red", "red", "red", "red", "red", "red", "red", "red", "red", "red", "red", "red", "red", "red", "red", "red", "red", "red", "red", "red", "red", "red", "red", "red", "red"], "timestamps": [0, 40, 80, 120, 160, 200, 240, 280, 320, 360, 400, 440, 480, 520, 560, 600, 640, 680, 720, 760, 800, 840, 880, 920, 960, 1000, 1040, 1080, 1120, 1160, 1200, 1240, 1280, 1320, 1360, 1400, 1440, 1480, 1520, 1560, 1600, 1640, 1680, 1720, 1760, 1800, 1840, 1880, 1920, 1960, 2000, 2040, 2080, 2120, 2160, 2200, 2240, 2280, 2320, 2360, 2400, 2440, 2480, 2520, 2560, 2600, 2640, 2680, 2720, 2760, 2800, 2840, 2880, 2920, 2960, 3000, 3040, 3080, 3120, 3160]}], "conversation": [], "conversation_timestamps": []}