{"agent_id": "agent-purple-584", "type": "purple", "trips": [{"trip_id": 0, "transport_method": "bicycle", "start_time": 0, "path": [[1.5304868, 42.5513301], [1.5294778, 42.5510498], [1.528469, 42.5507402], [1.5286571, 42.5503052], [1.52773, 42.5498326], [1.5287357, 42.5498219], [1.5297635, 42.5496222], [1.5307979, 42.5493888], [1.5309768, 42.549158], [1.5299447, 42.5488643], [1.529873, 42.549001], [1.5309149, 42.5490171], [1.5309441, 42.5490601], [1.5299751, 42.548599], [1.5289884, 42.5481838], [1.5279244, 42.5480656], [1.5269723, 42.5480649], [1.5269493, 42.5473219], [1.5258986, 42.5471178], [1.5250128, 42.5465581], [1.5245806, 42.5460604], [1.5240207, 42.5451458], [1.5235677, 42.5441864], [1.5234045, 42.5438557], [1.5229764, 42.5428727], [1.5228378, 42.5418211], [1.523453, 42.5409718], [1.5234326, 42.5405893], [1.5231734, 42.5395805], [1.523129, 42.5385153], [1.5238342, 42.5378405], [1.5248377, 42.5375995], [1.5250315, 42.5370039], [1.5242749, 42.5366685], [1.5232655, 42.536353], [1.5226002, 42.5356121], [1.5219188, 42.5347934], [1.521043, 42.5342248], [1.5209038, 42.5333598], [1.5213202, 42.5324763], [1.5209048, 42.5315231], [1.5212439, 42.5306565], [1.5216769, 42.5297922], [1.5216026, 42.5291084], [1.5210417, 42.5282502], [1.5206344, 42.527316], [1.5207215, 42.5262464], [1.5207901, 42.5259502], [1.5205963, 42.5269729], [1.5206586, 42.5268806], [1.5207249, 42.5258096], [1.5206411, 42.5247569], [1.5211522, 42.5238257], [1.5217657, 42.5229553], [1.5222673, 42.5220298], [1.5231305, 42.5213967], [1.5235804, 42.5204359], [1.5238356, 42.5198271], [1.5234722, 42.5208296], [1.5235569, 42.5203525], [1.5238438, 42.5193185], [1.5240628, 42.5182703], [1.5242624, 42.5172188], [1.5246769, 42.5162314], [1.5253015, 42.5153648], [1.5261145, 42.5146674], [1.5270594, 42.5141607], [1.5280323, 42.5137083], [1.5290116, 42.5132695], [1.5299977, 42.5128465], [1.5309736, 42.5124004], [1.5319241, 42.5119054], [1.5327339, 42.5112061], [1.5333791, 42.5103581], [1.5339971, 42.5095614], [1.5340626, 42.5098437], [1.5350211, 42.5093614], [1.536054, 42.5092652], [1.5370512, 42.5091045], [1.5378896, 42.5085108]], "mood_vectors": [[0.06, 0.0242, 0.0822, 0.048, 0.0821, 0.6565, 0.047], [0.0561, 0.0224, 0.0257, 0.0294, 0.0318, 0.7878, 0.0468], [0.0265, 0.058, 0.0209, 0.0368, 0.0524, 0.7927, 0.0126], [0.0121, 0.0709, 0.0317, 0.0496, 0.0662, 0.7025, 0.0668], [0.0357, 0.0701, 0.0392, 0.0375, 0.0753, 0.6923, 0.05], [0.0351, 0.0182, 0.0407, 0.0167, 0.0842, 0.7713, 0.0337], [0.068, 0.0249, 0.0417, 0.079, 0.0685, 0.6531, 0.0648], [0.0683, 0.0695, 0.0635, 0.0791, 0.0132, 0.6284, 0.0781], [0.0683, 0.067, 0.0805, 0.0322, 0.0223, 0.6857, 0.0441], [0.0764, 0.0736, 0.061, 0.0247, 0.065, 0.6802, 0.0191], [0.0784, 0.064, 0.0713, 0.0171, 0.0818, 0.6717, 0.0157], [0.0384, 0.032, 0.0659, 0.0425, 0.0541, 0.7059, 0.0612], [0.0475, 0.0538, 0.0156, 0.0583, 0.0517, 0.7292, 0.044], [0.0243, 0.0442, 0.0505, 0.0895, 0.0267, 0.6739, 0.0908], [0.0463, 0.0208, 0.0747, 0.0347, 0.016, 0.7907, 0.0168], [0.0619, 0.0763, 0.0125, 0.0142, 0.0543, 0.7017, 0.0791], [0.0239, 0.0379, 0.0224, 0.0629, 0.0364, 0.7382, 0.0783], [0.0752, 0.0473, 0.0573, 0.0122, 0.064, 0.7248, 0.0193], [0.0605, 0.0406, 0.0544, 0.0715, 0.033, 0.7269, 0.0131], [0.0664, 0.023, 0.0699, 0.0167, 0.0675, 0.7092, 0.0472], [0.0374, 0.0768, 0.0577, 0.04, 0.0705, 0.6281, 0.0895], [0.0619, 0.041, 0.0264, 0.0271, 0.0194, 0.7489, 0.0753], [0.0292, 0.0356, 0.034, 0.0187, 0.0523, 0.7379, 0.0923], [0.015, 0.0583, 0.0786, 0.0694, 0.0409, 0.6824, 0.0555], [0.0582, 0.0707, 0.0608, 0.0684, 0.0367, 0.6668, 0.0384], [0.0349, 0.0772, 0.0507, 0.0369, 0.0826, 0.6978, 0.0199], [0.0509, 0.0634, 0.0339, 0.0641, 0.0715, 0.6798, 0.0364], [0.0582, 0.0427, 0.078, 0.0316, 0.0318, 0.7088, 0.0488], [0.014, 0.0507, 0.0511, 0.0414, 0.0731, 0.7229, 0.0467], [0.0597, 0.0434, 0.016, 0.0798, 0.0319, 0.7037, 0.0656], [0.0438, 0.06, 0.033, 0.0701, 0.0609, 0.6657, 0.0665], [0.0184, 0.0164, 0.0609, 0.0387, 0.0677, 0.7249, 0.0731], [0.0301, 0.0255, 0.062, 0.0623, 0.0376, 0.7247, 0.0577], [0.0321, 0.0578, 0.0204, 0.1084, 0.027, 0.7272, 0.0271], [0.0455, 0.0665, 0.0499, 0.0711, 0.0374, 0.6712, 0.0584], [0.0681, 0.037, 0.0421, 0.053, 0.0489, 0.7214, 0.0296], [0.0342, 0.0541, 0.0451, 0.0836, 0.0477, 0.7092, 0.0261], [0.0262, 0.0714, 0.0599, 0.0697, 0.0396, 0.634, 0.0992], [0.0713, 0.0297, 0.0941, 0.0491, 0.0732, 0.6342, 0.0484], [0.0561, 0.0413, 0.0351, 0.0111, 0.0659, 0.7452, 0.0453], [0.037, 0.0495, 0.0163, 0.0601, 0.033, 0.7618, 0.0423], [0.0687, 0.0677, 0.0769, 0.0598, 0.0352, 0.6455, 0.0462], [0.0297, 0.0787, 0.0139, 0.0347, 0.0531, 0.7188, 0.0711], [0.0537, 0.0387, 0.0384, 0.0742, 0.0423, 0.6973, 0.0553], [0.0361, 0.0176, 0.0241, 0.0355, 0.0445, 0.8023, 0.0401], [0.0355, 0.034, 0.0489, 0.059, 0.0338, 0.7259, 0.0628], [0.0279, 0.0643, 0.0121, 0.0467, 0.0527, 0.7701, 0.0262], [0.0322, 0.012, 0.0618, 0.0637, 0.0526, 0.7151, 0.0626], [0.0435, 0.0173, 0.0156, 0.0424, 0.0758, 0.738, 0.0673], [0.0182, 0.0388, 0.0691, 0.0324, 0.0525, 0.7094, 0.0795], [0.047, 0.0638, 0.0604, 0.0173, 0.057, 0.6753, 0.0792], [0.0422, 0.0459, 0.0669, 0.0248, 0.0172, 0.7513, 0.0517], [0.0347, 0.0835, 0.0162, 0.0602, 0.049, 0.7044, 0.0522], [0.0471, 0.0758, 0.0299, 0.0643, 0.0269, 0.7399, 0.016], [0.0332, 0.0838, 0.046, 0.0176, 0.0711, 0.6809, 0.0673], [0.0451, 0.0659, 0.0617, 0.0518, 0.0418, 0.6954, 0.0383], [0.0292, 0.0726, 0.0276, 0.0332, 0.0335, 0.7313, 0.0726], [0.0482, 0.0219, 0.0171, 0.06, 0.0684, 0.7229, 0.0616], [0.0661, 0.0751, 0.0301, 0.0916, 0.0436, 0.659, 0.0346], [0.0345, 0.018, 0.0809, 0.0516, 0.0461, 0.6966, 0.0722], [0.0404, 0.034, 0.0793, 0.0255, 0.0924, 0.6869, 0.0415], [0.0577, 0.0666, 0.0319, 0.0619, 0.0759, 0.6389, 0.0671], [0.0343, 0.0751, 0.0439, 0.0166, 0.0418, 0.7617, 0.0265], [0.0713, 0.0601, 0.0537, 0.0768, 0.0409, 0.6176, 0.0795], [0.0697, 0.0737, 0.0335, 0.0772, 0.0289, 0.6422, 0.0749], [0.0784, 0.0542, 0.022, 0.0566, 0.0971, 0.648, 0.0437], [0.0726, 0.0528, 0.0717, 0.0448, 0.0592, 0.6365, 0.0624], [0.0277, 0.0608, 0.0731, 0.0508, 0.0176, 0.7513, 0.0187], [0.0374, 0.0222, 0.063, 0.0344, 0.0303, 0.7524, 0.0604], [0.0462, 0.0153, 0.0154, 0.0535, 0.0204, 0.8268, 0.0225], [0.0379, 0.0344, 0.082, 0.048, 0.05, 0.6821, 0.0656], [0.0584, 0.0651, 0.0514, 0.0503, 0.0227, 0.6962, 0.0559], [0.0343, 0.0506, 0.0235, 0.0563, 0.0293, 0.7883, 0.0177], [0.0209, 0.0186, 0.0346, 0.0205, 0.0675, 0.7988, 0.0391], [0.063, 0.0265, 0.0618, 0.0564, 0.0447, 0.6752, 0.0724], [0.0422, 0.0657, 0.0365, 0.0433, 0.0185, 0.7499, 0.0438], [0.0452, 0.078, 0.0162, 0.0878, 0.063, 0.6927, 0.0172], [0.061, 0.0856, 0.0867, 0.023, 0.0255, 0.6293, 0.0888], [0.0659, 0.0535, 0.0761, 0.0597, 0.0631, 0.6525, 0.0292], [0.0374, 0.022, 0.0741, 0.0848, 0.0211, 0.6954, 0.0652]], "emotions": ["purple", "purple", "purple", "purple", "purple", "purple", "purple", "purple", "purple", "purple", "purple", "purple", "purple", "purple", "purple", "purple", "purple", "purple", "purple", "purple", "purple", "purple", "purple", "purple", "purple", "purple", "purple", "purple", "purple", "purple", "purple", "purple", "purple", "purple", "purple", "purple", "purple", "purple", "purple", "purple", "purple", "purple", "purple", "purple", "purple", "purple", "purple", "purple", "purple", "purple", "purple", "purple", "purple", "purple", "purple", "purple", "purple", "purple", "purple", "purple", "purple", "purple", "purple", "purple", "purple", "purple", "purple", "purple", "purple", "purple", "purple", "purple", "purple", "purple", "purple", "purple", "purple", "purple", "purple", "purple"], "timestamps": [0, 40, 80, 120, 160, 200, 240, 280, 320, 360, 400, 440, 480, 520, 560, 600, 640, 680, 720, 760, 800, 840, 880, 920, 960, 1000, 1040, 1080, 1120, 1160, 1200, 1240, 1280, 1320, 1360, 1400, 1440, 1480, 1520, 1560, 1600, 1640, 1680, 1720, 1760, 1800, 1840, 1880, 1920, 1960, 2000, 2040, 2080, 2120, 2160, 2200, 2240, 2280, 2320, 2360, 2400, 2440, 2480, 2520, 2560, 2600, 2640, 2680, 2720, 2760, 2800, 2840, 2880, 2920, 2960, 3000, 3040, 3080, 3120, 3160]}], "conversation": [], "conversation_timestamps": []}