{"agent_id": "agent-red-461", "type": "red", "trips": [{"trip_id": 0, "transport_method": "foot", "start_time": 0, "path": [[1.5349296, 42.5071092], [1.5349955, 42.5069996], [1.5350615, 42.50689], [1.5351274, 42.5067804], [1.5352507, 42.5068105], [1.5353605, 42.5068658], [1.5354348, 42.5069697], [1.5355061, 42.5070759], [1.5355692, 42.5071868], [1.5356083, 42.507308], [1.5356082, 42.5074355], [1.5356362, 42.5075603], [1.5356643, 42.507685], [1.5356148, 42.507798], [1.5355618, 42.5079071], [1.5355464, 42.5080341], [1.535531, 42.5081611], [1.5355156, 42.508288], [1.5355001, 42.508415], [1.5355308, 42.5085388], [1.5355219, 42.508661], [1.5354803, 42.5087819], [1.5354388, 42.5089029], [1.5353972, 42.5090238], [1.5353556, 42.5091448], [1.5353278, 42.5092689], [1.5353127, 42.5093959], [1.5352977, 42.5095229], [1.5352827, 42.50965], [1.5352676, 42.509777], [1.53525, 42.5099034], [1.5352064, 42.5100236], [1.535171, 42.5101459], [1.5351553, 42.5102728], [1.5351395, 42.5103997], [1.5351238, 42.5105267], [1.5350684, 42.5106401], [1.5350018, 42.5107493], [1.5349285, 42.5108525], [1.5348263, 42.5109293], [1.534724, 42.5110062], [1.5346218, 42.511083], [1.5345195, 42.5111599], [1.5344173, 42.5112367], [1.534315, 42.5113135], [1.5342993, 42.5113897], [1.5344043, 42.5114627], [1.5345097, 42.5115352], [1.534615, 42.5116077], [1.5347204, 42.5116802], [1.5348257, 42.5117527], [1.5349209, 42.5118377], [1.5350129, 42.5119266], [1.5351176, 42.512], [1.5352229, 42.5120726], [1.5353057, 42.5121696], [1.5353693, 42.5122799], [1.5353936, 42.5124035], [1.5353581, 42.5125241], [1.5352856, 42.5126273], [1.5351817, 42.5127018], [1.535069, 42.5127543], [1.5350318, 42.5126409], [1.5350048, 42.5125163], [1.5349696, 42.5123933], [1.5349077, 42.5122827], [1.5348201, 42.5121941], [1.5347095, 42.5121297], [1.5345968, 42.51208], [1.5344736, 42.5120545], [1.5343507, 42.5120191], [1.5342294, 42.5119789], [1.5341102, 42.5119324], [1.5339918, 42.5118841], [1.5338747, 42.5118327], [1.5337663, 42.511765], [1.5336716, 42.5116797], [1.5335985, 42.5115756], [1.5334999, 42.5115101], [1.5333779, 42.5114718]], "mood_vectors": [[0.7015, 0.0473, 0.073, 0.0477, 0.0401, 0.0395, 0.0508], [0.6271, 0.074, 0.0412, 0.0631, 0.0761, 0.0359, 0.0826], [0.7172, 0.0355, 0.0311, 0.0311, 0.0512, 0.0785, 0.0554], [0.7082, 0.0781, 0.0126, 0.0828, 0.0319, 0.0674, 0.019], [0.6864, 0.0354, 0.054, 0.0716, 0.0185, 0.0627, 0.0714], [0.6728, 0.0764, 0.0224, 0.0445, 0.067, 0.043, 0.0739], [0.6971, 0.0772, 0.0352, 0.0813, 0.0527, 0.0366, 0.0199], [0.7464, 0.0132, 0.0393, 0.0417, 0.0487, 0.0505, 0.0602], [0.7319, 0.0843, 0.0141, 0.0516, 0.0206, 0.0515, 0.046], [0.6913, 0.0352, 0.0859, 0.0612, 0.0684, 0.0259, 0.0322], [0.7473, 0.0353, 0.0371, 0.0688, 0.0327, 0.0322, 0.0466], [0.7176, 0.0725, 0.0155, 0.0606, 0.0569, 0.0537, 0.0233], [0.7444, 0.0163, 0.0349, 0.0729, 0.0338, 0.0734, 0.0243], [0.6346, 0.0359, 0.0959, 0.0709, 0.0722, 0.0313, 0.0592], [0.6812, 0.0708, 0.0585, 0.0511, 0.0568, 0.0426, 0.0391], [0.6569, 0.0399, 0.06, 0.0764, 0.0643, 0.0286, 0.0739], [0.6752, 0.0637, 0.0486, 0.0782, 0.0764, 0.0376, 0.0203], [0.5759, 0.0846, 0.0559, 0.0546, 0.0865, 0.0621, 0.0805], [0.7505, 0.0305, 0.0241, 0.02, 0.0788, 0.0234, 0.0727], [0.7699, 0.0563, 0.0337, 0.0316, 0.0392, 0.0482, 0.0212], [0.6299, 0.087, 0.0224, 0.0759, 0.0724, 0.0173, 0.095], [0.6721, 0.0557, 0.0611, 0.0724, 0.0533, 0.0277, 0.0576], [0.689, 0.0327, 0.0459, 0.0402, 0.0508, 0.0971, 0.0444], [0.7743, 0.0274, 0.0311, 0.0618, 0.0316, 0.0605, 0.0132], [0.6981, 0.0809, 0.0408, 0.0454, 0.0311, 0.0503, 0.0535], [0.6396, 0.0891, 0.0198, 0.0635, 0.0604, 0.0522, 0.0754], [0.764, 0.0159, 0.0791, 0.0258, 0.0472, 0.0218, 0.0463], [0.7432, 0.0468, 0.048, 0.0568, 0.0317, 0.0131, 0.0605], [0.622, 0.0729, 0.0358, 0.0577, 0.0752, 0.0705, 0.0658], [0.7131, 0.0551, 0.0465, 0.0194, 0.0209, 0.0751, 0.0698], [0.7086, 0.0586, 0.0208, 0.0688, 0.0345, 0.0564, 0.0524], [0.699, 0.0518, 0.0511, 0.0784, 0.0614, 0.0341, 0.0242], [0.7677, 0.0704, 0.0609, 0.0209, 0.0196, 0.0369, 0.0235], [0.6978, 0.0414, 0.0428, 0.0679, 0.0938, 0.023, 0.0333], [0.6926, 0.0949, 0.0237, 0.032, 0.0775, 0.0333, 0.046], [0.6525, 0.0241, 0.0934, 0.0252, 0.0747, 0.0742, 0.0559], [0.7318, 0.0571, 0.054, 0.0578, 0.0163, 0.0371, 0.0458], [0.7347, 0.0642, 0.0338, 0.0402, 0.0565, 0.0193, 0.0513], [0.7345, 0.0682, 0.0399, 0.0321, 0.0321, 0.0769, 0.0164], [0.6641, 0.0614, 0.0672, 0.0431, 0.0471, 0.0689, 0.048], [0.6865, 0.0578, 0.0508, 0.0166, 0.0708, 0.0579, 0.0596], [0.7424, 0.0229, 0.0611, 0.0161, 0.0341, 0.0851, 0.0384], [0.7798, 0.0463, 0.0483, 0.0211, 0.0509, 0.0282, 0.0255], [0.8308, 0.0189, 0.0138, 0.0256, 0.0479, 0.0297, 0.0333], [0.686, 0.0386, 0.0705, 0.049, 0.0656, 0.0619, 0.0283], [0.6591, 0.0798, 0.0488, 0.0423, 0.0616, 0.0479, 0.0606], [0.7065, 0.071, 0.0491, 0.0457, 0.0794, 0.0312, 0.017], [0.6256, 0.0756, 0.0355, 0.0666, 0.0789, 0.0353, 0.0825], [0.7429, 0.0571, 0.0655, 0.0266, 0.0124, 0.0553, 0.0401], [0.6823, 0.0534, 0.0795, 0.0826, 0.0439, 0.0442, 0.0141], [0.7172, 0.023, 0.0413, 0.0892, 0.0225, 0.034, 0.0728], [0.7559, 0.0248, 0.0703, 0.0282, 0.0485, 0.0476, 0.0248], [0.7272, 0.0647, 0.0284, 0.0141, 0.0714, 0.0773, 0.0168], [0.7237, 0.0262, 0.0605, 0.0806, 0.0453, 0.0259, 0.0377], [0.6908, 0.0189, 0.0635, 0.0699, 0.0685, 0.0452, 0.0433], [0.6761, 0.0728, 0.0222, 0.0733, 0.0748, 0.0537, 0.0273], [0.6399, 0.071, 0.0316, 0.0573, 0.0773, 0.0455, 0.0773], [0.7741, 0.0568, 0.0208, 0.0454, 0.0274, 0.0339, 0.0415], [0.7617, 0.0257, 0.0671, 0.0557, 0.0372, 0.0352, 0.0173], [0.7205, 0.0868, 0.0239, 0.0197, 0.0577, 0.0239, 0.0674], [0.7297, 0.0301, 0.0781, 0.0316, 0.0377, 0.0492, 0.0436], [0.6504, 0.0425, 0.0543, 0.0779, 0.0859, 0.074, 0.015], [0.6829, 0.0807, 0.0413, 0.0658, 0.0329, 0.0549, 0.0414], [0.6377, 0.0829, 0.0177, 0.0577, 0.0845, 0.0358, 0.0836], [0.6315, 0.0769, 0.0637, 0.0722, 0.038, 0.0393, 0.0783], [0.7484, 0.0354, 0.025, 0.0976, 0.033, 0.028, 0.0325], [0.7387, 0.0557, 0.0673, 0.0289, 0.0161, 0.034, 0.0593], [0.6762, 0.0593, 0.0317, 0.0497, 0.0578, 0.0757, 0.0496], [0.6905, 0.0808, 0.0597, 0.0506, 0.0335, 0.0338, 0.051], [0.6968, 0.0464, 0.0129, 0.0521, 0.0667, 0.0689, 0.0562], [0.7605, 0.0204, 0.0552, 0.0346, 0.0399, 0.0519, 0.0375], [0.7174, 0.0308, 0.0229, 0.0347, 0.082, 0.0842, 0.0279], [0.797, 0.0239, 0.0254, 0.0424, 0.0455, 0.0424, 0.0233], [0.7136, 0.0405, 0.0465, 0.0303, 0.0716, 0.0598, 0.0378], [0.6296, 0.0465, 0.0321, 0.0895, 0.0752, 0.0827, 0.0445], [0.6771, 0.0545, 0.047, 0.0426, 0.0729, 0.0903, 0.0156], [0.6086, 0.0597, 0.0258, 0.0845, 0.0257, 0.1001, 0.0956], [0.7072, 0.0481, 0.0153, 0.062, 0.0269, 0.059, 0.0815], [0.6499, 0.0672, 0.0855, 0.0326, 0.0842, 0.0168, 0.0637], [0.7266, 0.0453, 0.0609, 0.0216, 0.0351, 0.0523, 0.0582]], "emotions": ["red", "red", "red", "red", "red", "red", "red", "red", "red", "red", "red", "red", "red", "red", "red", "red", "red", "red", "red", "red", "red", "red", "red", "red", "red", "red", "red", "red", "red", "red", "red", "red", "red", "red", "red", "red", "red", "red", "red", "red", "red", "red", "red", "red", "red", "red", "red", "red", "red", "red", "red", "red", "red", "red", "red", "red", "red", "red", "red", "red", "red", "red", "red", "red", "red", "red", "red", "red", "red", "red", "red", "red", "red", "red", "red", "red", "red", "red", "red", "red"], "timestamps": [0, 40, 80, 120, 160, 200, 240, 280, 320, 360, 400, 440, 480, 520, 560, 600, 640, 680, 720, 760, 800, 840, 880, 920, 960, 1000, 1040, 1080, 1120, 1160, 1200, 1240, 1280, 1320, 1360, 1400, 1440, 1480, 1520, 1560, 1600, 1640, 1680, 1720, 1760, 1800, 1840, 1880, 1920, 1960, 2000, 2040, 2080, 2120, 2160, 2200, 2240, 2280, 2320, 2360, 2400, 2440, 2480, 2520, 2560, 2600, 2640, 2680, 2720, 2760, 2800, 2840, 2880, 2920, 2960, 3000, 3040, 3080, 3120, 3160]}], "conversation": [], "conversation_timestamps": []}