{"agent_id": "agent-orange-383", "type": "orange", "trips": [{"trip_id": 0, "transport_method": "bus", "start_time": 0, "path": [[1.48698, 42.4534016], [1.4868059, 42.4547857], [1.4866146, 42.4560632], [1.4866673, 42.4557313], [1.4869222, 42.4570962], [1.4877659, 42.4582071], [1.4886824, 42.4592714], [1.4894547, 42.4604527], [1.4902834, 42.4615831], [1.490493, 42.4617611], [1.4911243, 42.4629408], [1.4908889, 42.4642749], [1.4914791, 42.4655003], [1.4918476, 42.4666007], [1.4915651, 42.4678069], [1.4919638, 42.4691591], [1.4918988, 42.4705424], [1.4912607, 42.4718015], [1.4906186, 42.4730586], [1.4906907, 42.474425], [1.4908575, 42.4758124], [1.4905256, 42.4771476], [1.4903044, 42.4785432], [1.4900832, 42.4799388], [1.489862, 42.4813344], [1.4895006, 42.4811982], [1.4893669, 42.4797931], [1.489925, 42.4785134], [1.4905803, 42.4772647], [1.4905834, 42.4770778], [1.4904718, 42.4784864], [1.4903602, 42.479895], [1.4902487, 42.4813036], [1.4902211, 42.4826923], [1.4908941, 42.4839245], [1.4918969, 42.484748], [1.4931628, 42.4852216], [1.494278, 42.4860815], [1.4947092, 42.4873624], [1.4950837, 42.4886424], [1.4960043, 42.4897144], [1.4963451, 42.4910432], [1.4974733, 42.4918715], [1.4987091, 42.4925556], [1.4998984, 42.4933097], [1.5008782, 42.4942533], [1.5021593, 42.4948493], [1.50345, 42.4954181], [1.5047369, 42.4959864], [1.5060611, 42.4964714], [1.507392, 42.496946], [1.5086855, 42.4975115], [1.5099518, 42.4981384], [1.5109301, 42.499136], [1.5118035, 42.5002466], [1.5126522, 42.5013764], [1.5137667, 42.5022122], [1.5133043, 42.5016879], [1.5137284, 42.5020858], [1.5146533, 42.5024978], [1.5158073, 42.5032658], [1.5154844, 42.5030492], [1.5167212, 42.5037021], [1.5181254, 42.5036575], [1.5194351, 42.5038229], [1.5207675, 42.5041764], [1.5220309, 42.5047689], [1.5233908, 42.5048016], [1.5247782, 42.5050672], [1.5261658, 42.5053254], [1.5275666, 42.5053917], [1.5278243, 42.5054617], [1.5291727, 42.5058757], [1.5303321, 42.5066832], [1.5316365, 42.5071887], [1.5324521, 42.5082557], [1.5338016, 42.5084876], [1.535205, 42.5085696], [1.5366118, 42.5086931], [1.5377089, 42.5090866]], "mood_vectors": [[0.062, 0.0553, 0.0489, 0.0641, 0.6463, 0.0607, 0.0629], [0.0933, 0.0232, 0.0801, 0.0232, 0.6806, 0.0585, 0.0412], [0.0796, 0.0368, 0.0231, 0.0734, 0.746, 0.0154, 0.0258], [0.0444, 0.0242, 0.0243, 0.0846, 0.7172, 0.0568, 0.0484], [0.0623, 0.0376, 0.0263, 0.0448, 0.7812, 0.0308, 0.017], [0.0445, 0.038, 0.0146, 0.026, 0.7671, 0.0287, 0.0812], [0.0283, 0.0341, 0.0356, 0.0848, 0.7783, 0.0188, 0.0202], [0.0557, 0.0668, 0.061, 0.0212, 0.6501, 0.0878, 0.0574], [0.0809, 0.0666, 0.0331, 0.0638, 0.6868, 0.0471, 0.0216], [0.0189, 0.0505, 0.062, 0.0889, 0.7176, 0.0469, 0.0152], [0.0263, 0.064, 0.038, 0.0347, 0.7276, 0.0259, 0.0836], [0.0348, 0.0442, 0.0661, 0.0692, 0.6573, 0.063, 0.0653], [0.075, 0.032, 0.0181, 0.0741, 0.6977, 0.0307, 0.0724], [0.0766, 0.0342, 0.0176, 0.0733, 0.678, 0.0362, 0.0841], [0.0366, 0.0179, 0.0625, 0.0789, 0.6975, 0.0459, 0.0607], [0.057, 0.054, 0.0515, 0.0516, 0.7079, 0.0198, 0.0582], [0.0796, 0.0702, 0.0218, 0.0152, 0.6825, 0.0615, 0.0692], [0.0314, 0.0275, 0.0387, 0.013, 0.7649, 0.0807, 0.0438], [0.0131, 0.0778, 0.0841, 0.016, 0.7019, 0.0423, 0.0648], [0.0133, 0.0362, 0.0472, 0.0695, 0.7307, 0.0631, 0.0401], [0.0538, 0.0722, 0.0472, 0.0623, 0.6448, 0.0618, 0.058], [0.0177, 0.0452, 0.0664, 0.0767, 0.7096, 0.0194, 0.065], [0.0445, 0.0603, 0.0643, 0.0414, 0.7132, 0.0327, 0.0435], [0.0515, 0.0151, 0.0441, 0.0215, 0.8038, 0.0312, 0.0328], [0.0757, 0.0573, 0.016, 0.0331, 0.7282, 0.0459, 0.0438], [0.0857, 0.0318, 0.0481, 0.0441, 0.6945, 0.0707, 0.0251], [0.0522, 0.0502, 0.0315, 0.0738, 0.7372, 0.0188, 0.0363], [0.0541, 0.023, 0.0687, 0.0401, 0.6989, 0.0448, 0.0705], [0.0644, 0.0385, 0.0527, 0.0277, 0.7001, 0.0538, 0.0627], [0.0177, 0.0719, 0.0624, 0.0365, 0.7094, 0.0692, 0.0329], [0.0521, 0.0839, 0.0834, 0.0298, 0.6486, 0.0691, 0.033], [0.0819, 0.0252, 0.0832, 0.0154, 0.6588, 0.0711, 0.0642], [0.0693, 0.019, 0.0814, 0.0627, 0.6719, 0.0372, 0.0585], [0.0629, 0.0611, 0.0644, 0.0186, 0.6395, 0.076, 0.0775], [0.0238, 0.0387, 0.0508, 0.068, 0.6689, 0.0634, 0.0864], [0.0239, 0.0549, 0.0511, 0.0739, 0.7092, 0.0219, 0.0651], [0.0716, 0.0681, 0.0721, 0.0485, 0.6142, 0.0689, 0.0567], [0.0608, 0.014, 0.0499, 0.0313, 0.7873, 0.0132, 0.0435], [0.0215, 0.0153, 0.0517, 0.0314, 0.7719, 0.0674, 0.0408], [0.018, 0.0417, 0.0482, 0.0731, 0.6555, 0.0911, 0.0724], [0.0211, 0.0738, 0.0143, 0.077, 0.6992, 0.0467, 0.0678], [0.063, 0.0196, 0.0223, 0.0383, 0.7499, 0.045, 0.062], [0.0737, 0.0512, 0.0505, 0.0421, 0.6945, 0.0421, 0.0458], [0.0391, 0.0413, 0.0856, 0.0482, 0.6852, 0.0764, 0.0242], [0.0832, 0.0522, 0.0121, 0.0402, 0.7431, 0.0361, 0.0331], [0.0908, 0.0729, 0.0168, 0.0735, 0.6503, 0.0749, 0.0208], [0.0318, 0.0531, 0.0231, 0.0668, 0.6946, 0.0778, 0.0529], [0.0318, 0.0383, 0.0176, 0.0412, 0.7891, 0.0523, 0.0298], [0.0654, 0.0185, 0.0658, 0.0639, 0.6475, 0.0636, 0.0754], [0.0347, 0.0282, 0.0143, 0.0352, 0.7513, 0.0633, 0.0729], [0.0567, 0.0712, 0.0211, 0.0232, 0.786, 0.0198, 0.0219], [0.0455, 0.0585, 0.0554, 0.0301, 0.7671, 0.0282, 0.0151], [0.0226, 0.0579, 0.077, 0.0757, 0.6395, 0.0749, 0.0523], [0.0799, 0.0538, 0.0374, 0.0424, 0.6667, 0.0806, 0.0392], [0.0737, 0.0463, 0.0412, 0.0734, 0.6855, 0.0611, 0.0187], [0.0425, 0.0195, 0.0764, 0.013, 0.7759, 0.0123, 0.0604], [0.0291, 0.0633, 0.0261, 0.0507, 0.7278, 0.0198, 0.0833], [0.0596, 0.0232, 0.0464, 0.058, 0.7234, 0.0427, 0.0467], [0.046, 0.0284, 0.0475, 0.0499, 0.7214, 0.0717, 0.0349], [0.0585, 0.0709, 0.0157, 0.0645, 0.6982, 0.0535, 0.0388], [0.0447, 0.0355, 0.0699, 0.0449, 0.6935, 0.0649, 0.0466], [0.0618, 0.067, 0.0756, 0.0733, 0.6421, 0.016, 0.0641], [0.0433, 0.0646, 0.0255, 0.0478, 0.6585, 0.0526, 0.1076], [0.0454, 0.0761, 0.0647, 0.0613, 0.651, 0.0779, 0.0236], [0.023, 0.04, 0.0175, 0.0497, 0.7317, 0.0899, 0.0481], [0.0201, 0.055, 0.0724, 0.0253, 0.7743, 0.0168, 0.0362], [0.0198, 0.0462, 0.057, 0.0579, 0.6878, 0.0625, 0.0689], [0.0762, 0.0512, 0.0233, 0.0495, 0.7469, 0.0254, 0.0275], [0.0577, 0.0338, 0.0724, 0.0797, 0.6374, 0.0708, 0.048], [0.0408, 0.0397, 0.07, 0.0553, 0.7275, 0.0336, 0.0331], [0.0542, 0.0697, 0.0181, 0.0183, 0.7288, 0.0587, 0.0521], [0.0853, 0.0334, 0.034, 0.0824, 0.6891, 0.0519, 0.0238], [0.0605, 0.0511, 0.0439, 0.0623, 0.6904, 0.035, 0.0568], [0.0698, 0.0236, 0.0481, 0.0334, 0.7359, 0.0197, 0.0694], [0.0306, 0.072, 0.0865, 0.0328, 0.6907, 0.0446, 0.0428], [0.0563, 0.018, 0.0736, 0.0507, 0.7006, 0.046, 0.0548], [0.0962, 0.0828, 0.0238, 0.0711, 0.6722, 0.022, 0.032], [0.0386, 0.0794, 0.0723, 0.0691, 0.6471, 0.0583, 0.0351], [0.0289, 0.0183, 0.0302, 0.0574, 0.7325, 0.0663, 0.0662], [0.0246, 0.0603, 0.0309, 0.038, 0.7429, 0.0413, 0.0621]], "emotions": ["red", "red", "red", "red", "red", "red", "red", "red", "red", "red", "red", "red", "red", "red", "red", "red", "red", "red", "red", "red", "red", "red", "red", "red", "red", "red", "red", "red", "red", "red", "red", "red", "red", "red", "red", "red", "red", "red", "red", "red", "red", "red", "red", "red", "red", "red", "red", "red", "red", "red", "red", "red", "red", "red", "red", "red", "red", "red", "red", "red", "red", "red", "red", "red", "red", "red", "red", "red", "red", "red", "red", "red", "red", "red", "red", "red", "red", "red", "red", "red"], "timestamps": [0, 40, 80, 120, 160, 200, 240, 280, 320, 360, 400, 440, 480, 520, 560, 600, 640, 680, 720, 760, 800, 840, 880, 920, 960, 1000, 1040, 1080, 1120, 1160, 1200, 1240, 1280, 1320, 1360, 1400, 1440, 1480, 1520, 1560, 1600, 1640, 1680, 1720, 1760, 1800, 1840, 1880, 1920, 1960, 2000, 2040, 2080, 2120, 2160, 2200, 2240, 2280, 2320, 2360, 2400, 2440, 2480, 2520, 2560, 2600, 2640, 2680, 2720, 2760, 2800, 2840, 2880, 2920, 2960, 3000, 3040, 3080, 3120, 3160]}], "conversation": [], "conversation_timestamps": []}