{"agent_id": "agent-red-381", "type": "red", "trips": [{"trip_id": 0, "transport_method": "car", "start_time": 0, "path": [[1.5109443, 42.5519126], [1.51192, 42.5508927], [1.51173, 42.5498664], [1.5123185, 42.5492026], [1.5133202, 42.5481643], [1.5134162, 42.5474757], [1.5137913, 42.5468009], [1.5145619, 42.5460022], [1.5148399, 42.5457021], [1.5156121, 42.544493], [1.5166596, 42.5435024], [1.5174639, 42.5423314], [1.5185763, 42.5414974], [1.5194182, 42.5405174], [1.5194795, 42.5391271], [1.5193968, 42.5400705], [1.5195431, 42.5386328], [1.5200108, 42.5372758], [1.5208821, 42.5361599], [1.5207052, 42.535203], [1.5196649, 42.5342006], [1.519745, 42.5328568], [1.5197201, 42.5314693], [1.5195859, 42.531795], [1.5203217, 42.5307378], [1.5208705, 42.5303785], [1.5215617, 42.5294322], [1.5226979, 42.5285407], [1.5238996, 42.5277383], [1.5251494, 42.5270142], [1.526434, 42.5263523], [1.5277573, 42.5257717], [1.5291057, 42.5252531], [1.5304812, 42.5248152], [1.5318793, 42.5244497], [1.5332845, 42.5241136], [1.5346977, 42.5238111], [1.5361168, 42.5235393], [1.5375399, 42.5232876], [1.5389638, 42.5230408], [1.5403898, 42.5228063], [1.5418147, 42.5225653], [1.5432274, 42.5222611], [1.5446376, 42.5219451], [1.5460432, 42.5216099], [1.5474412, 42.5212444], [1.548823, 42.5208211], [1.550194, 42.5203649], [1.5515415, 42.5198438], [1.5528665, 42.5192674], [1.5541386, 42.5185832], [1.555404, 42.5182135], [1.5565044, 42.5189996], [1.5574069, 42.5200652], [1.5584424, 42.5210725], [1.5595812, 42.5219515], [1.5597582, 42.5221484], [1.5609861, 42.522893], [1.5620777, 42.5238294], [1.5631854, 42.524708], [1.5645126, 42.52523], [1.5658716, 42.5256716], [1.5670616, 42.5264829], [1.5682654, 42.5272695], [1.5694982, 42.5279991], [1.5707057, 42.5287931], [1.5718135, 42.5297049], [1.5727063, 42.5308332], [1.5736983, 42.5318815], [1.5749608, 42.5324223], [1.5763545, 42.5327077], [1.5777828, 42.5329189], [1.5791724, 42.5332515], [1.5804685, 42.5338497], [1.581808, 42.5342622], [1.5828383, 42.5352185], [1.5842294, 42.5350399], [1.5855775, 42.5355468], [1.5865642, 42.5360527], [1.5875673, 42.5368703]], "mood_vectors": [[0.7001, 0.0719, 0.0499, 0.0396, 0.0387, 0.0713, 0.0285], [0.643, 0.0775, 0.0478, 0.0745, 0.069, 0.0312, 0.057], [0.6864, 0.0204, 0.0582, 0.0625, 0.0612, 0.0531, 0.0581], [0.7083, 0.0656, 0.0159, 0.0232, 0.0734, 0.0768, 0.0369], [0.6986, 0.071, 0.0423, 0.0571, 0.0278, 0.0356, 0.0676], [0.7008, 0.043, 0.0669, 0.0268, 0.048, 0.0586, 0.0558], [0.8068, 0.0277, 0.0452, 0.0265, 0.0284, 0.0144, 0.051], [0.7394, 0.0507, 0.0798, 0.0712, 0.0137, 0.0206, 0.0246], [0.6956, 0.0385, 0.0637, 0.0398, 0.0602, 0.0767, 0.0254], [0.6798, 0.0789, 0.0458, 0.0374, 0.0353, 0.0465, 0.0764], [0.7182, 0.0184, 0.067, 0.0746, 0.0248, 0.0403, 0.0568], [0.6753, 0.0622, 0.0536, 0.0754, 0.0641, 0.0433, 0.026], [0.7003, 0.081, 0.0422, 0.0701, 0.0265, 0.0456, 0.0343], [0.6319, 0.0152, 0.0819, 0.0179, 0.0903, 0.0908, 0.072], [0.7349, 0.0587, 0.0146, 0.0628, 0.0517, 0.0356, 0.0416], [0.6788, 0.0603, 0.0343, 0.0553, 0.0574, 0.0539, 0.0599], [0.7664, 0.028, 0.0329, 0.0584, 0.0155, 0.0225, 0.0763], [0.6057, 0.0324, 0.0436, 0.091, 0.0901, 0.0795, 0.0576], [0.7415, 0.0217, 0.0193, 0.0608, 0.0613, 0.0314, 0.0638], [0.6723, 0.0522, 0.0461, 0.0641, 0.0339, 0.0686, 0.0629], [0.6548, 0.0717, 0.0434, 0.0549, 0.0812, 0.0573, 0.0367], [0.718, 0.035, 0.1069, 0.0183, 0.042, 0.0593, 0.0206], [0.6699, 0.0752, 0.0631, 0.0143, 0.052, 0.0912, 0.0344], [0.7059, 0.0637, 0.0359, 0.0512, 0.0858, 0.039, 0.0185], [0.7239, 0.0306, 0.0415, 0.0206, 0.0752, 0.0835, 0.0248], [0.6374, 0.0217, 0.0714, 0.0656, 0.0646, 0.0699, 0.0694], [0.7455, 0.0326, 0.0719, 0.0669, 0.0121, 0.0239, 0.047], [0.6496, 0.0544, 0.0781, 0.0842, 0.0516, 0.0285, 0.0535], [0.7456, 0.0159, 0.0443, 0.03, 0.0168, 0.0753, 0.072], [0.6189, 0.0768, 0.0356, 0.0763, 0.0828, 0.0637, 0.0458], [0.7134, 0.0522, 0.0343, 0.078, 0.047, 0.0319, 0.0433], [0.6946, 0.0468, 0.0454, 0.0145, 0.0704, 0.0845, 0.0438], [0.7535, 0.0158, 0.066, 0.0636, 0.0307, 0.0369, 0.0334], [0.7132, 0.0566, 0.0376, 0.0602, 0.0542, 0.0566, 0.0216], [0.6716, 0.0694, 0.0435, 0.0897, 0.0686, 0.0188, 0.0384], [0.5711, 0.0687, 0.0833, 0.0818, 0.0659, 0.0744, 0.0548], [0.7049, 0.0397, 0.0408, 0.0353, 0.0241, 0.0827, 0.0726], [0.6097, 0.0795, 0.0544, 0.0546, 0.0513, 0.0635, 0.0871], [0.6813, 0.0424, 0.0731, 0.0202, 0.067, 0.0406, 0.0756], [0.7346, 0.0635, 0.0216, 0.0433, 0.0781, 0.036, 0.0228], [0.7268, 0.0447, 0.0229, 0.0703, 0.0576, 0.0385, 0.0391], [0.7009, 0.0684, 0.0549, 0.0231, 0.0152, 0.0741, 0.0634], [0.6453, 0.0783, 0.0817, 0.0723, 0.0132, 0.0599, 0.0493], [0.679, 0.0868, 0.0218, 0.0833, 0.0183, 0.096, 0.0148], [0.658, 0.0874, 0.0623, 0.0862, 0.0287, 0.0434, 0.034], [0.721, 0.0735, 0.0183, 0.0494, 0.0257, 0.0419, 0.0702], [0.743, 0.0293, 0.0398, 0.0727, 0.0258, 0.02, 0.0695], [0.7396, 0.0619, 0.0197, 0.0758, 0.054, 0.0125, 0.0365], [0.7061, 0.0499, 0.0305, 0.0269, 0.0612, 0.0556, 0.0698], [0.7568, 0.0511, 0.0423, 0.067, 0.0148, 0.0224, 0.0457], [0.6256, 0.0758, 0.0694, 0.0775, 0.0625, 0.0614, 0.0278], [0.7008, 0.0696, 0.0538, 0.0447, 0.0599, 0.0608, 0.0104], [0.6594, 0.0768, 0.0416, 0.0561, 0.0577, 0.0516, 0.0568], [0.7091, 0.0242, 0.0707, 0.0121, 0.0531, 0.062, 0.0689], [0.7978, 0.0202, 0.0234, 0.0389, 0.0377, 0.0406, 0.0413], [0.6767, 0.0507, 0.0576, 0.0409, 0.0601, 0.0551, 0.0589], [0.6155, 0.0807, 0.0428, 0.0707, 0.0515, 0.0661, 0.0727], [0.6895, 0.0653, 0.0365, 0.0626, 0.0163, 0.0662, 0.0636], [0.6981, 0.0201, 0.0521, 0.0831, 0.0606, 0.0175, 0.0684], [0.6742, 0.0544, 0.0552, 0.0262, 0.0863, 0.0186, 0.0849], [0.7983, 0.02, 0.0304, 0.014, 0.0945, 0.0291, 0.0137], [0.7166, 0.0849, 0.0631, 0.0249, 0.0151, 0.0452, 0.0504], [0.7229, 0.0367, 0.0517, 0.0536, 0.0651, 0.0426, 0.0274], [0.6681, 0.0759, 0.0541, 0.0183, 0.0607, 0.077, 0.0459], [0.7224, 0.0642, 0.0553, 0.0279, 0.0402, 0.0269, 0.0632], [0.6827, 0.0476, 0.0571, 0.0371, 0.069, 0.0235, 0.0829], [0.7348, 0.0324, 0.0362, 0.0345, 0.0513, 0.0703, 0.0404], [0.7161, 0.0478, 0.0149, 0.0686, 0.0139, 0.0627, 0.076], [0.7017, 0.0773, 0.0251, 0.0584, 0.0606, 0.0401, 0.0368], [0.662, 0.0382, 0.0616, 0.0513, 0.0573, 0.0824, 0.0472], [0.6828, 0.0211, 0.0805, 0.0335, 0.0385, 0.0951, 0.0485], [0.6715, 0.0184, 0.0483, 0.0504, 0.0743, 0.0359, 0.1012], [0.6515, 0.0316, 0.0585, 0.0786, 0.0337, 0.0837, 0.0625], [0.7617, 0.0708, 0.0159, 0.0383, 0.0388, 0.0326, 0.0419], [0.7028, 0.0672, 0.0364, 0.0693, 0.02, 0.0644, 0.0401], [0.7156, 0.021, 0.0508, 0.0503, 0.0433, 0.0546, 0.0645], [0.6921, 0.0236, 0.069, 0.031, 0.0541, 0.0438, 0.0864], [0.7469, 0.0366, 0.0759, 0.0597, 0.013, 0.0214, 0.0466], [0.6605, 0.02, 0.0694, 0.0615, 0.0768, 0.0771, 0.0348], [0.7538, 0.042, 0.0559, 0.0327, 0.0381, 0.0639, 0.0136]], "emotions": ["red", "red", "red", "red", "red", "red", "red", "red", "red", "red", "red", "red", "red", "red", "red", "red", "red", "red", "red", "red", "red", "red", "red", "red", "red", "red", "red", "red", "red", "red", "red", "red", "red", "red", "red", "red", "red", "red", "red", "red", "red", "red", "red", "red", "red", "red", "red", "red", "red", "red", "red", "red", "red", "red", "red", "red", "red", "red", "red", "red", "red", "red", "red", "red", "red", "red", "red", "red", "red", "red", "red", "red", "red", "red", "red", "red", "red", "red", "red", "red"], "timestamps": [0, 40, 80, 120, 160, 200, 240, 280, 320, 360, 400, 440, 480, 520, 560, 600, 640, 680, 720, 760, 800, 840, 880, 920, 960, 1000, 1040, 1080, 1120, 1160, 1200, 1240, 1280, 1320, 1360, 1400, 1440, 1480, 1520, 1560, 1600, 1640, 1680, 1720, 1760, 1800, 1840, 1880, 1920, 1960, 2000, 2040, 2080, 2120, 2160, 2200, 2240, 2280, 2320, 2360, 2400, 2440, 2480, 2520, 2560, 2600, 2640, 2680, 2720, 2760, 2800, 2840, 2880, 2920, 2960, 3000, 3040, 3080, 3120, 3160]}], "conversation": [], "conversation_timestamps": []}