{"agent_id": "agent-green-192", "type": "green", "trips": [{"trip_id": 0, "transport_method": "foot", "start_time": 0, "path": [[1.5287307, 42.5083656], [1.5289098, 42.5086595], [1.5286504, 42.508916], [1.5283625, 42.5092141], [1.5288432, 42.5097052], [1.5293307, 42.5101651], [1.5295492, 42.510734], [1.529755, 42.5111888], [1.5302484, 42.5116057], [1.5308599, 42.5118983], [1.5308307, 42.5124974], [1.5304414, 42.5130647], [1.5302932, 42.5137272], [1.5303046, 42.5143534], [1.5297834, 42.5148], [1.5293041, 42.5152704], [1.528871, 42.5157967], [1.5282752, 42.5161408], [1.5276794, 42.5164848], [1.5270837, 42.5168289], [1.5264879, 42.517173], [1.5266518, 42.5170743], [1.5272618, 42.5167954], [1.5278599, 42.516492], [1.5284796, 42.5161969], [1.5288539, 42.515811], [1.528277, 42.5161859], [1.5277001, 42.5165608], [1.5271232, 42.5169356], [1.5265464, 42.5173105], [1.5259695, 42.5176854], [1.5253926, 42.5180602], [1.5248157, 42.5184351], [1.5250114, 42.5183117], [1.5255306, 42.517863], [1.5260305, 42.5174064], [1.5259461, 42.5175498], [1.5253865, 42.51795], [1.5248268, 42.5183501], [1.52428, 42.5187669], [1.5239085, 42.5192647], [1.5238177, 42.5199466], [1.5235813, 42.5205889], [1.5232821, 42.5212074], [1.5227852, 42.5216762], [1.5222227, 42.5220694], [1.5218524, 42.5226417], [1.5216055, 42.5232793], [1.5211664, 42.5238082], [1.5207818, 42.5243768], [1.5206208, 42.5250361], [1.5205986, 42.5257237], [1.5204765, 42.5263944], [1.5200671, 42.5269451], [1.5200134, 42.5275983], [1.5204239, 42.5281496], [1.5206498, 42.5287893], [1.5205037, 42.5294439], [1.5200557, 42.5299486], [1.5197624, 42.5299619], [1.5194981, 42.5297341], [1.5190598, 42.5292466], [1.5183766, 42.5292678], [1.5177063, 42.5291954], [1.5170266, 42.5292349], [1.5163484, 42.5292565], [1.5156703, 42.5292139], [1.514999, 42.5291391], [1.5143544, 42.5292728], [1.5137249, 42.5295472], [1.5130637, 42.5297054], [1.5123809, 42.5297197], [1.5119152, 42.5300233], [1.5125522, 42.5302784], [1.5130433, 42.530643], [1.5131931, 42.5309954], [1.513878, 42.5309887], [1.5145565, 42.5310632], [1.5144673, 42.5316906], [1.5143376, 42.5322638]], "mood_vectors": [[0.0718, 0.0587, 0.0364, 0.0929, 0.0413, 0.0608, 0.6381], [0.0234, 0.0178, 0.0464, 0.0778, 0.0564, 0.0304, 0.7479], [0.0492, 0.0509, 0.0281, 0.0356, 0.0696, 0.0599, 0.7066], [0.0284, 0.0529, 0.0503, 0.034, 0.098, 0.0291, 0.7072], [0.0727, 0.0615, 0.022, 0.081, 0.0787, 0.0172, 0.667], [0.0703, 0.0729, 0.0261, 0.0177, 0.0527, 0.0137, 0.7466], [0.0437, 0.0258, 0.0822, 0.0147, 0.0269, 0.0513, 0.7554], [0.0706, 0.0712, 0.0301, 0.024, 0.0405, 0.0454, 0.7183], [0.0616, 0.028, 0.072, 0.0215, 0.048, 0.0194, 0.7494], [0.0751, 0.0818, 0.0139, 0.0667, 0.0234, 0.0384, 0.7007], [0.0404, 0.0221, 0.0328, 0.0335, 0.08, 0.0508, 0.7404], [0.073, 0.06, 0.067, 0.0739, 0.0476, 0.0198, 0.6587], [0.0687, 0.0523, 0.0158, 0.0548, 0.042, 0.0358, 0.7306], [0.045, 0.0623, 0.0646, 0.0804, 0.0616, 0.0487, 0.6374], [0.0273, 0.0487, 0.0485, 0.0509, 0.0666, 0.0187, 0.7393], [0.0647, 0.0144, 0.0641, 0.0724, 0.0778, 0.029, 0.6777], [0.0222, 0.0604, 0.0346, 0.0161, 0.0811, 0.07, 0.7156], [0.054, 0.085, 0.029, 0.0325, 0.0669, 0.0646, 0.668], [0.03, 0.0494, 0.0486, 0.0304, 0.0643, 0.0767, 0.7006], [0.099, 0.0541, 0.0802, 0.056, 0.0198, 0.0359, 0.655], [0.0623, 0.0486, 0.0544, 0.0533, 0.0458, 0.0607, 0.675], [0.0204, 0.0303, 0.0725, 0.0552, 0.0165, 0.0545, 0.7505], [0.0561, 0.024, 0.0162, 0.0788, 0.0336, 0.0804, 0.7109], [0.0326, 0.065, 0.0824, 0.0599, 0.074, 0.0801, 0.606], [0.0614, 0.0484, 0.0445, 0.0442, 0.0259, 0.0417, 0.7338], [0.0579, 0.0701, 0.0679, 0.0219, 0.0498, 0.028, 0.7044], [0.0725, 0.0464, 0.0873, 0.053, 0.0703, 0.0676, 0.6029], [0.0463, 0.0405, 0.0489, 0.0569, 0.0417, 0.059, 0.7066], [0.0779, 0.0322, 0.0408, 0.0479, 0.0518, 0.082, 0.6674], [0.0599, 0.0505, 0.0305, 0.0526, 0.042, 0.0716, 0.6929], [0.0719, 0.0152, 0.0312, 0.0533, 0.0546, 0.0667, 0.7071], [0.0509, 0.0223, 0.0756, 0.0583, 0.0332, 0.0835, 0.6761], [0.0516, 0.0345, 0.0379, 0.0367, 0.0744, 0.0562, 0.7087], [0.0445, 0.0748, 0.0365, 0.0668, 0.0442, 0.0197, 0.7135], [0.0398, 0.0768, 0.0662, 0.0146, 0.0399, 0.0235, 0.7393], [0.0751, 0.0753, 0.0354, 0.0519, 0.0604, 0.0642, 0.6376], [0.0653, 0.0457, 0.0664, 0.0754, 0.0756, 0.0739, 0.5977], [0.0644, 0.0743, 0.0645, 0.0309, 0.0263, 0.0514, 0.6882], [0.0469, 0.0805, 0.0568, 0.0777, 0.0667, 0.0394, 0.632], [0.0431, 0.0455, 0.0597, 0.0597, 0.0472, 0.0647, 0.6801], [0.0419, 0.0707, 0.0432, 0.0718, 0.0458, 0.0501, 0.6764], [0.0407, 0.0625, 0.0314, 0.0668, 0.0689, 0.0612, 0.6684], [0.0235, 0.0838, 0.0306, 0.0378, 0.0716, 0.0347, 0.7181], [0.0315, 0.0139, 0.0486, 0.0331, 0.0676, 0.0236, 0.7817], [0.018, 0.0386, 0.0458, 0.0288, 0.0286, 0.0456, 0.7947], [0.0634, 0.0249, 0.0415, 0.0686, 0.0452, 0.022, 0.7344], [0.0453, 0.0559, 0.072, 0.0463, 0.056, 0.0293, 0.6951], [0.0882, 0.0185, 0.0272, 0.1009, 0.0705, 0.0281, 0.6666], [0.0225, 0.0656, 0.0649, 0.0437, 0.0176, 0.015, 0.7706], [0.0673, 0.0201, 0.0601, 0.038, 0.0842, 0.0194, 0.7108], [0.0437, 0.0437, 0.0239, 0.0657, 0.0866, 0.0846, 0.6519], [0.0619, 0.0459, 0.0633, 0.0223, 0.0927, 0.0689, 0.645], [0.0469, 0.0743, 0.0802, 0.0785, 0.0706, 0.015, 0.6344], [0.0528, 0.0256, 0.04, 0.0493, 0.0665, 0.0518, 0.714], [0.0351, 0.0294, 0.0148, 0.0344, 0.0427, 0.0667, 0.777], [0.0358, 0.0822, 0.0659, 0.0867, 0.0259, 0.0371, 0.6665], [0.0236, 0.0209, 0.0254, 0.0664, 0.0452, 0.0541, 0.7644], [0.0293, 0.0646, 0.0137, 0.0509, 0.0281, 0.0277, 0.7859], [0.0605, 0.0695, 0.0473, 0.0158, 0.0364, 0.0542, 0.7162], [0.0568, 0.0591, 0.0351, 0.0363, 0.028, 0.0611, 0.7235], [0.0463, 0.0407, 0.0482, 0.0817, 0.0169, 0.0149, 0.7514], [0.0812, 0.0647, 0.0399, 0.0165, 0.0237, 0.0149, 0.7591], [0.0244, 0.0275, 0.052, 0.0763, 0.0591, 0.0231, 0.7377], [0.0682, 0.04, 0.069, 0.0317, 0.0508, 0.0226, 0.7176], [0.0522, 0.0456, 0.0389, 0.0598, 0.0503, 0.0567, 0.6964], [0.0749, 0.0446, 0.0551, 0.0463, 0.0208, 0.0529, 0.7054], [0.062, 0.0351, 0.0468, 0.0548, 0.066, 0.057, 0.6782], [0.0357, 0.0314, 0.0268, 0.0536, 0.0735, 0.0494, 0.7296], [0.0466, 0.0562, 0.0581, 0.0688, 0.0729, 0.0229, 0.6746], [0.0519, 0.0694, 0.0671, 0.044, 0.058, 0.0569, 0.6527], [0.076, 0.0252, 0.0413, 0.0377, 0.0778, 0.0606, 0.6815], [0.0882, 0.0403, 0.0641, 0.056, 0.0319, 0.0705, 0.6491], [0.0648, 0.0722, 0.027, 0.0683, 0.0356, 0.0321, 0.7001], [0.0739, 0.0757, 0.0468, 0.0309, 0.0182, 0.0393, 0.7151], [0.0253, 0.0641, 0.0256, 0.0416, 0.0812, 0.0376, 0.7246], [0.0286, 0.0493, 0.0354, 0.0278, 0.0374, 0.0127, 0.8088], [0.0321, 0.0726, 0.0744, 0.0393, 0.0641, 0.0252, 0.6924], [0.0431, 0.0893, 0.0428, 0.0238, 0.0203, 0.0562, 0.7245], [0.068, 0.062, 0.0785, 0.0193, 0.0426, 0.026, 0.7036], [0.0693, 0.061, 0.0384, 0.0483, 0.0661, 0.0379, 0.6791]], "emotions": ["purple", "purple", "purple", "purple", "purple", "purple", "purple", "purple", "purple", "purple", "purple", "purple", "purple", "purple", "purple", "purple", "purple", "purple", "purple", "purple", "purple", "purple", "purple", "purple", "purple", "purple", "purple", "purple", "purple", "purple", "purple", "purple", "purple", "purple", "purple", "purple", "purple", "purple", "purple", "purple", "purple", "purple", "purple", "purple", "purple", "purple", "purple", "purple", "purple", "purple", "purple", "purple", "purple", "purple", "purple", "purple", "purple", "purple", "purple", "purple", "purple", "purple", "purple", "purple", "purple", "purple", "purple", "purple", "purple", "purple", "purple", "purple", "purple", "purple", "purple", "purple", "purple", "purple", "purple", "purple"], "timestamps": [0, 40, 80, 120, 160, 200, 240, 280, 320, 360, 400, 440, 480, 520, 560, 600, 640, 680, 720, 760, 800, 840, 880, 920, 960, 1000, 1040, 1080, 1120, 1160, 1200, 1240, 1280, 1320, 1360, 1400, 1440, 1480, 1520, 1560, 1600, 1640, 1680, 1720, 1760, 1800, 1840, 1880, 1920, 1960, 2000, 2040, 2080, 2120, 2160, 2200, 2240, 2280, 2320, 2360, 2400, 2440, 2480, 2520, 2560, 2600, 2640, 2680, 2720, 2760, 2800, 2840, 2880, 2920, 2960, 3000, 3040, 3080, 3120, 3160]}], "conversation": [], "conversation_timestamps": []}