{"agent_id": "agent-purple-444", "type": "purple", "trips": [{"trip_id": 0, "transport_method": "car", "start_time": 0, "path": [[1.5861378, 42.5367992], [1.5851584, 42.53686], [1.5840461, 42.5365803], [1.5829145, 42.5363416], [1.5820763, 42.5356803], [1.581233, 42.5349844], [1.5805947, 42.5340076], [1.5802192, 42.5336945], [1.5791423, 42.5332427], [1.5780169, 42.5329636], [1.5768558, 42.5327894], [1.5767443, 42.53276], [1.5779005, 42.5329528], [1.5767534, 42.5327342], [1.5755999, 42.5325141], [1.5746021, 42.5323291], [1.5757436, 42.5325893], [1.5753844, 42.5322666], [1.5743279, 42.5317538], [1.5732714, 42.531241], [1.5734875, 42.5316935], [1.5740722, 42.5321541], [1.573242, 42.5313236], [1.5724335, 42.5304753], [1.5716697, 42.5295974], [1.5707153, 42.5289158], [1.5697761, 42.5282108], [1.5701194, 42.5284075], [1.5710653, 42.529095], [1.5707046, 42.5289618], [1.5697272, 42.5283108], [1.5687498, 42.5276597], [1.5677724, 42.5270087], [1.5682166, 42.5272484], [1.5690169, 42.5277537], [1.5680418, 42.5270994], [1.5670666, 42.5264451], [1.5660959, 42.5257878], [1.5650198, 42.5253216], [1.5639283, 42.5249714], [1.5628354, 42.5245607], [1.5620112, 42.5237425], [1.5611178, 42.5229862], [1.5601076, 42.522401], [1.559196, 42.521714], [1.5583051, 42.5209494], [1.5574666, 42.5201275], [1.5568444, 42.5195019], [1.5563838, 42.5188844], [1.5565108, 42.5190075], [1.5560825, 42.5187942], [1.5556754, 42.5181918], [1.5550432, 42.5179589], [1.5543861, 42.5173944], [1.5538314, 42.516985], [1.5544886, 42.5176275], [1.5537343, 42.5167275], [1.5532801, 42.5156622], [1.5527083, 42.5146553], [1.5524888, 42.5135669], [1.55147, 42.5129929], [1.5505756, 42.5122488], [1.5495165, 42.5117738], [1.548377, 42.5114904], [1.5472383, 42.5112039], [1.546346, 42.5105399], [1.5464109, 42.5100298], [1.5457515, 42.509522], [1.5446117, 42.5093129], [1.543488, 42.5090327], [1.5423304, 42.5088914], [1.541246, 42.5091716], [1.5402051, 42.5096445], [1.5392009, 42.5102101], [1.5385777, 42.5110339], [1.5377016, 42.5117206], [1.5366976, 42.5122835], [1.5356273, 42.512725], [1.5347729, 42.5123879], [1.5350085, 42.5128699]], "mood_vectors": [[0.0726, 0.0193, 0.0595, 0.0317, 0.0639, 0.723, 0.03], [0.0665, 0.037, 0.0565, 0.0677, 0.0338, 0.6641, 0.0743], [0.0738, 0.0864, 0.0553, 0.0221, 0.0738, 0.5976, 0.091], [0.0581, 0.0591, 0.0666, 0.0505, 0.013, 0.6878, 0.0648], [0.0822, 0.0639, 0.028, 0.0417, 0.0676, 0.6506, 0.066], [0.0195, 0.0282, 0.0465, 0.0522, 0.0631, 0.7541, 0.0363], [0.048, 0.0213, 0.0214, 0.0968, 0.0383, 0.6797, 0.0945], [0.0658, 0.067, 0.0422, 0.0415, 0.0402, 0.6871, 0.0562], [0.0197, 0.0673, 0.073, 0.0289, 0.04, 0.6912, 0.0799], [0.0265, 0.0673, 0.0469, 0.0273, 0.0557, 0.7011, 0.0752], [0.0895, 0.0718, 0.0163, 0.0596, 0.0931, 0.6108, 0.0588], [0.0453, 0.0733, 0.04, 0.0509, 0.0294, 0.6887, 0.0723], [0.0693, 0.0464, 0.076, 0.0295, 0.0874, 0.6656, 0.0257], [0.0249, 0.0547, 0.0465, 0.0381, 0.0754, 0.7306, 0.0299], [0.0494, 0.0673, 0.0693, 0.0254, 0.0691, 0.6817, 0.0379], [0.0338, 0.041, 0.0464, 0.0902, 0.0212, 0.6943, 0.0733], [0.0721, 0.0494, 0.0742, 0.0377, 0.0803, 0.6148, 0.0714], [0.0713, 0.0817, 0.0134, 0.0169, 0.0158, 0.7412, 0.0598], [0.0656, 0.0713, 0.0724, 0.0138, 0.0431, 0.7108, 0.023], [0.0843, 0.0809, 0.0598, 0.062, 0.0281, 0.6119, 0.073], [0.0729, 0.0347, 0.0307, 0.0792, 0.0614, 0.6645, 0.0566], [0.0748, 0.0781, 0.0303, 0.0205, 0.0669, 0.6596, 0.0698], [0.05, 0.0709, 0.0562, 0.0621, 0.0638, 0.6492, 0.0477], [0.0351, 0.0515, 0.0742, 0.0556, 0.0747, 0.686, 0.0228], [0.0149, 0.0228, 0.0461, 0.0609, 0.0203, 0.7647, 0.0704], [0.0779, 0.0779, 0.0642, 0.0165, 0.0617, 0.6762, 0.0256], [0.0889, 0.0402, 0.0536, 0.0237, 0.0481, 0.7269, 0.0185], [0.0176, 0.0188, 0.0224, 0.0444, 0.0176, 0.7994, 0.0798], [0.0169, 0.0184, 0.0776, 0.0403, 0.06, 0.7663, 0.0204], [0.045, 0.0302, 0.0718, 0.056, 0.0419, 0.6859, 0.0692], [0.0603, 0.0785, 0.0393, 0.0757, 0.0668, 0.6436, 0.0359], [0.0211, 0.0295, 0.0207, 0.0723, 0.0937, 0.6606, 0.1021], [0.0328, 0.0551, 0.0805, 0.0362, 0.0646, 0.6704, 0.0604], [0.059, 0.0618, 0.0157, 0.0647, 0.0652, 0.6792, 0.0543], [0.0176, 0.0573, 0.0461, 0.0214, 0.0289, 0.8103, 0.0184], [0.0213, 0.0781, 0.03, 0.0436, 0.0186, 0.7563, 0.052], [0.0251, 0.08, 0.0823, 0.0587, 0.0169, 0.6725, 0.0644], [0.0492, 0.069, 0.0522, 0.0675, 0.0666, 0.652, 0.0434], [0.0559, 0.038, 0.0801, 0.0292, 0.0179, 0.712, 0.0668], [0.069, 0.0526, 0.0526, 0.0738, 0.0155, 0.6947, 0.0418], [0.0774, 0.0286, 0.0914, 0.0496, 0.0211, 0.6751, 0.0568], [0.033, 0.0807, 0.0204, 0.0153, 0.0293, 0.7378, 0.0834], [0.0478, 0.0291, 0.0704, 0.0776, 0.0176, 0.6774, 0.0802], [0.0506, 0.0358, 0.0463, 0.0748, 0.0717, 0.6542, 0.0667], [0.077, 0.053, 0.0769, 0.0462, 0.0621, 0.6313, 0.0536], [0.0676, 0.0164, 0.0184, 0.0224, 0.0664, 0.7495, 0.0593], [0.0571, 0.0781, 0.0155, 0.0368, 0.0165, 0.7608, 0.0352], [0.0448, 0.0181, 0.0656, 0.0608, 0.0194, 0.7599, 0.0314], [0.0525, 0.039, 0.0163, 0.042, 0.0511, 0.7807, 0.0183], [0.0142, 0.0624, 0.0605, 0.0712, 0.0777, 0.6677, 0.0463], [0.0538, 0.0825, 0.0517, 0.0691, 0.0671, 0.5965, 0.0794], [0.0449, 0.0371, 0.0867, 0.0465, 0.0686, 0.7007, 0.0156], [0.0869, 0.0561, 0.0791, 0.0616, 0.0386, 0.6489, 0.0289], [0.0353, 0.0245, 0.0359, 0.0747, 0.0721, 0.686, 0.0713], [0.0193, 0.0527, 0.0697, 0.0662, 0.0632, 0.6808, 0.0482], [0.0851, 0.041, 0.081, 0.0564, 0.0597, 0.635, 0.0418], [0.0181, 0.0626, 0.0445, 0.0418, 0.0631, 0.7162, 0.0535], [0.0332, 0.0287, 0.047, 0.0633, 0.077, 0.6806, 0.0701], [0.0417, 0.0493, 0.0343, 0.0495, 0.0254, 0.7474, 0.0524], [0.0197, 0.0753, 0.0957, 0.0214, 0.0321, 0.6967, 0.059], [0.0652, 0.0215, 0.0459, 0.0374, 0.0545, 0.7603, 0.0152], [0.0329, 0.0157, 0.0693, 0.0409, 0.0481, 0.7663, 0.0267], [0.0246, 0.0734, 0.0126, 0.0533, 0.0836, 0.6879, 0.0645], [0.023, 0.0177, 0.0292, 0.0731, 0.0373, 0.7299, 0.0899], [0.0341, 0.0497, 0.0486, 0.0323, 0.0428, 0.7469, 0.0456], [0.0685, 0.0366, 0.0303, 0.0675, 0.0785, 0.658, 0.0606], [0.0541, 0.051, 0.0629, 0.0441, 0.0296, 0.6746, 0.0837], [0.0231, 0.0248, 0.0581, 0.0834, 0.0433, 0.7172, 0.0501], [0.0834, 0.0742, 0.0247, 0.0637, 0.043, 0.674, 0.037], [0.0582, 0.033, 0.023, 0.0733, 0.0148, 0.7254, 0.0723], [0.0361, 0.0908, 0.0244, 0.0231, 0.0366, 0.744, 0.045], [0.0121, 0.0409, 0.035, 0.049, 0.0569, 0.7682, 0.038], [0.0444, 0.0761, 0.0316, 0.0468, 0.062, 0.689, 0.05], [0.0568, 0.0501, 0.0342, 0.0807, 0.0578, 0.676, 0.0444], [0.0447, 0.0611, 0.0537, 0.049, 0.023, 0.7477, 0.0207], [0.0572, 0.0676, 0.0728, 0.0441, 0.0433, 0.6877, 0.0273], [0.0408, 0.0547, 0.0755, 0.0277, 0.0814, 0.6842, 0.0358], [0.0645, 0.0694, 0.0676, 0.0355, 0.0358, 0.6584, 0.0688], [0.0824, 0.0378, 0.0809, 0.0869, 0.0138, 0.6739, 0.0243], [0.0293, 0.0687, 0.0403, 0.0762, 0.028, 0.7251, 0.0323]], "emotions": ["purple", "purple", "purple", "purple", "purple", "purple", "purple", "purple", "purple", "purple", "purple", "purple", "purple", "purple", "purple", "purple", "purple", "purple", "purple", "purple", "purple", "purple", "purple", "purple", "purple", "purple", "purple", "purple", "purple", "purple", "purple", "purple", "purple", "purple", "purple", "purple", "purple", "purple", "purple", "purple", "purple", "purple", "purple", "purple", "purple", "purple", "purple", "purple", "purple", "purple", "purple", "purple", "purple", "purple", "purple", "purple", "purple", "purple", "purple", "purple", "purple", "purple", "purple", "purple", "purple", "purple", "purple", "purple", "purple", "purple", "purple", "purple", "purple", "purple", "purple", "purple", "purple", "purple", "purple", "purple"], "timestamps": [0, 40, 80, 120, 160, 200, 240, 280, 320, 360, 400, 440, 480, 520, 560, 600, 640, 680, 720, 760, 800, 840, 880, 920, 960, 1000, 1040, 1080, 1120, 1160, 1200, 1240, 1280, 1320, 1360, 1400, 1440, 1480, 1520, 1560, 1600, 1640, 1680, 1720, 1760, 1800, 1840, 1880, 1920, 1960, 2000, 2040, 2080, 2120, 2160, 2200, 2240, 2280, 2320, 2360, 2400, 2440, 2480, 2520, 2560, 2600, 2640, 2680, 2720, 2760, 2800, 2840, 2880, 2920, 2960, 3000, 3040, 3080, 3120, 3160]}], "conversation": [], "conversation_timestamps": []}