{"agent_id": "agent-red-231", "type": "red", "trips": [{"trip_id": 0, "transport_method": "foot", "start_time": 0, "path": [[1.5412537, 42.509521], [1.5412535, 42.5095965], [1.5411893, 42.5096632], [1.5411129, 42.509702], [1.5410203, 42.5097034], [1.5409277, 42.5097042], [1.5408351, 42.5097054], [1.5408205, 42.5097815], [1.5408265, 42.5098737], [1.5408499, 42.5099629], [1.5408868, 42.5100477], [1.540928, 42.5101306], [1.5409685, 42.5102138], [1.5409492, 42.5102788], [1.5408619, 42.5103098], [1.5407746, 42.5103408], [1.5406874, 42.5103718], [1.5407293, 42.5103619], [1.5408185, 42.5103371], [1.5409046, 42.510304], [1.5409807, 42.5102664], [1.5408884, 42.5102736], [1.5407961, 42.5102807], [1.5407038, 42.5102879], [1.5406115, 42.510295], [1.5405191, 42.5103022], [1.5404268, 42.5103093], [1.5403345, 42.5103165], [1.5402422, 42.5103236], [1.5401499, 42.5103308], [1.5400575, 42.5103379], [1.5399652, 42.5103451], [1.5398729, 42.5103522], [1.5397806, 42.5103594], [1.5396883, 42.5103665], [1.5395959, 42.5103737], [1.5395036, 42.5103808], [1.5394113, 42.510388], [1.5393188, 42.5103887], [1.5392264, 42.510386], [1.5391543, 42.5103279], [1.5390807, 42.5102719], [1.5390024, 42.5102225], [1.5389241, 42.510173], [1.5388458, 42.5101236], [1.5387676, 42.5100741], [1.5386775, 42.5100633], [1.538585, 42.5100608], [1.5384924, 42.5100583], [1.5383999, 42.5100558], [1.5383073, 42.5100533], [1.5382147, 42.5100508], [1.5381222, 42.5100483], [1.5380296, 42.5100458], [1.537937, 42.5100433], [1.5378445, 42.5100409], [1.5377519, 42.5100387], [1.5376593, 42.5100365], [1.5375668, 42.5100343], [1.5374743, 42.5100302], [1.5373818, 42.5100252], [1.5372893, 42.5100237], [1.5371968, 42.5100267], [1.5371042, 42.5100297], [1.5370117, 42.5100327], [1.5369191, 42.5100356], [1.5368266, 42.5100386], [1.536734, 42.5100416], [1.5366415, 42.5100446], [1.5365494, 42.5100542], [1.5364573, 42.5100642], [1.5363779, 42.5100976], [1.5362912, 42.5101281], [1.5362016, 42.5101515], [1.5361337, 42.5102038], [1.536086, 42.5102832], [1.5360384, 42.5103626], [1.535971, 42.5103892], [1.535883, 42.5103605], [1.5357949, 42.5103319]], "mood_vectors": [[0.7392, 0.0548, 0.0554, 0.025, 0.0623, 0.0281, 0.0351], [0.6322, 0.0598, 0.0302, 0.0699, 0.0682, 0.0689, 0.0709], [0.6838, 0.0686, 0.0397, 0.0339, 0.0359, 0.0729, 0.0652], [0.6693, 0.0985, 0.0341, 0.0239, 0.0643, 0.0952, 0.0147], [0.7219, 0.0582, 0.0437, 0.0454, 0.065, 0.0256, 0.0403], [0.6767, 0.0557, 0.0512, 0.0764, 0.0337, 0.078, 0.0284], [0.7098, 0.0415, 0.0146, 0.0489, 0.0642, 0.0925, 0.0285], [0.7407, 0.0489, 0.0264, 0.0319, 0.039, 0.0376, 0.0755], [0.7266, 0.0391, 0.0744, 0.0148, 0.0389, 0.0413, 0.0649], [0.6264, 0.0448, 0.0893, 0.0347, 0.0601, 0.0513, 0.0934], [0.7257, 0.0672, 0.0342, 0.0443, 0.033, 0.0781, 0.0176], [0.6635, 0.0432, 0.0683, 0.0716, 0.0187, 0.0699, 0.0649], [0.7359, 0.0295, 0.0563, 0.0205, 0.0402, 0.0224, 0.0952], [0.7157, 0.0187, 0.0669, 0.0145, 0.0789, 0.0629, 0.0425], [0.7726, 0.0218, 0.0834, 0.0351, 0.0128, 0.0374, 0.0369], [0.7916, 0.0287, 0.0495, 0.0138, 0.0243, 0.0151, 0.0771], [0.7912, 0.0213, 0.0396, 0.0171, 0.0269, 0.0628, 0.0412], [0.7274, 0.055, 0.0262, 0.0655, 0.056, 0.0188, 0.051], [0.7496, 0.0188, 0.0252, 0.0433, 0.079, 0.0326, 0.0515], [0.6811, 0.0453, 0.0238, 0.0716, 0.0605, 0.0478, 0.0698], [0.6407, 0.0801, 0.0602, 0.0419, 0.0762, 0.0579, 0.0431], [0.689, 0.0532, 0.057, 0.0476, 0.053, 0.0452, 0.055], [0.6906, 0.0223, 0.0645, 0.0721, 0.0424, 0.0841, 0.024], [0.6627, 0.0685, 0.0515, 0.0637, 0.029, 0.0535, 0.0712], [0.7943, 0.0405, 0.0206, 0.0498, 0.0472, 0.033, 0.0147], [0.656, 0.0583, 0.0759, 0.0203, 0.0808, 0.0861, 0.0227], [0.7663, 0.0288, 0.0239, 0.0461, 0.0154, 0.0424, 0.0772], [0.6298, 0.0725, 0.0235, 0.0761, 0.0572, 0.0557, 0.0851], [0.659, 0.0872, 0.0326, 0.0517, 0.0664, 0.0767, 0.0265], [0.6991, 0.065, 0.0281, 0.0382, 0.0455, 0.0646, 0.0596], [0.7261, 0.0339, 0.0495, 0.0555, 0.0652, 0.0545, 0.0153], [0.6988, 0.058, 0.0139, 0.0633, 0.0666, 0.082, 0.0175], [0.7502, 0.0209, 0.0661, 0.0215, 0.02, 0.0548, 0.0665], [0.7661, 0.0265, 0.065, 0.012, 0.0439, 0.0712, 0.0153], [0.7161, 0.0348, 0.0657, 0.0752, 0.0492, 0.041, 0.0179], [0.7091, 0.0336, 0.0625, 0.0776, 0.0623, 0.0213, 0.0337], [0.7002, 0.0168, 0.0502, 0.0752, 0.0148, 0.0527, 0.0901], [0.7156, 0.017, 0.0546, 0.0709, 0.058, 0.0322, 0.0516], [0.7389, 0.0622, 0.0599, 0.0673, 0.021, 0.0219, 0.0289], [0.7564, 0.0326, 0.0507, 0.0355, 0.047, 0.0572, 0.0206], [0.7326, 0.0728, 0.0553, 0.0281, 0.0223, 0.051, 0.038], [0.7043, 0.0423, 0.0294, 0.0689, 0.0242, 0.042, 0.0889], [0.7359, 0.0241, 0.0681, 0.0338, 0.053, 0.0522, 0.0329], [0.714, 0.0413, 0.0513, 0.029, 0.0222, 0.0816, 0.0606], [0.7541, 0.073, 0.0186, 0.0146, 0.048, 0.031, 0.0607], [0.6676, 0.0798, 0.0515, 0.0329, 0.0718, 0.0429, 0.0535], [0.698, 0.0412, 0.0466, 0.0688, 0.0626, 0.0299, 0.0528], [0.6774, 0.0567, 0.0569, 0.0796, 0.0678, 0.0442, 0.0175], [0.7216, 0.0568, 0.0622, 0.0202, 0.0693, 0.0493, 0.0206], [0.6906, 0.0197, 0.0679, 0.0496, 0.0798, 0.0756, 0.0167], [0.7873, 0.0194, 0.0244, 0.0701, 0.0547, 0.0209, 0.0232], [0.6428, 0.0453, 0.0801, 0.0747, 0.0492, 0.0681, 0.0397], [0.7396, 0.0312, 0.0437, 0.014, 0.0337, 0.0769, 0.0608], [0.7213, 0.0436, 0.0662, 0.0581, 0.0565, 0.0273, 0.027], [0.7619, 0.0517, 0.0188, 0.0515, 0.0405, 0.0307, 0.0449], [0.7382, 0.0416, 0.0255, 0.0637, 0.0317, 0.0543, 0.0451], [0.6881, 0.083, 0.0508, 0.0408, 0.0425, 0.0564, 0.0384], [0.6663, 0.0423, 0.0526, 0.0581, 0.0765, 0.0802, 0.0241], [0.7613, 0.0119, 0.073, 0.0755, 0.0304, 0.0251, 0.0228], [0.7136, 0.0311, 0.0848, 0.0704, 0.0242, 0.034, 0.0419], [0.6723, 0.0816, 0.0771, 0.0244, 0.0294, 0.0817, 0.0334], [0.6816, 0.0633, 0.0154, 0.073, 0.0602, 0.0689, 0.0376], [0.746, 0.018, 0.0689, 0.0661, 0.0222, 0.0658, 0.0131], [0.7433, 0.0684, 0.0269, 0.0221, 0.0162, 0.071, 0.0522], [0.7117, 0.0767, 0.0485, 0.0366, 0.0365, 0.0674, 0.0225], [0.7014, 0.0492, 0.0738, 0.066, 0.0708, 0.0217, 0.017], [0.7296, 0.0655, 0.041, 0.0422, 0.0358, 0.0478, 0.038], [0.6344, 0.0497, 0.069, 0.0521, 0.049, 0.0734, 0.0724], [0.7025, 0.0662, 0.0584, 0.0274, 0.0137, 0.0509, 0.0807], [0.764, 0.0402, 0.0462, 0.038, 0.0164, 0.0399, 0.0552], [0.7019, 0.0331, 0.0771, 0.0547, 0.061, 0.0553, 0.0169], [0.7291, 0.0369, 0.0229, 0.0351, 0.0442, 0.0598, 0.0721], [0.671, 0.0752, 0.0332, 0.0788, 0.0372, 0.0656, 0.039], [0.6536, 0.086, 0.0149, 0.0438, 0.081, 0.0369, 0.0839], [0.6595, 0.0945, 0.0354, 0.0569, 0.0463, 0.0862, 0.0211], [0.6454, 0.0709, 0.0683, 0.0355, 0.0756, 0.028, 0.0762], [0.6179, 0.0847, 0.0399, 0.0885, 0.0451, 0.0875, 0.0363], [0.7, 0.0587, 0.0584, 0.0651, 0.0179, 0.0569, 0.0429], [0.7421, 0.0143, 0.0686, 0.017, 0.0669, 0.021, 0.0701], [0.6762, 0.0484, 0.0365, 0.0821, 0.0657, 0.0189, 0.0721]], "emotions": ["red", "red", "red", "red", "red", "red", "red", "red", "red", "red", "red", "red", "red", "red", "red", "red", "red", "red", "red", "red", "red", "red", "red", "red", "red", "red", "red", "red", "red", "red", "red", "red", "red", "red", "red", "red", "red", "red", "red", "red", "red", "red", "red", "red", "red", "red", "red", "red", "red", "red", "red", "red", "red", "red", "red", "red", "red", "red", "red", "red", "red", "red", "red", "red", "red", "red", "red", "red", "red", "red", "red", "red", "red", "red", "red", "red", "red", "red", "red", "red"], "timestamps": [0, 40, 80, 120, 160, 200, 240, 280, 320, 360, 400, 440, 480, 520, 560, 600, 640, 680, 720, 760, 800, 840, 880, 920, 960, 1000, 1040, 1080, 1120, 1160, 1200, 1240, 1280, 1320, 1360, 1400, 1440, 1480, 1520, 1560, 1600, 1640, 1680, 1720, 1760, 1800, 1840, 1880, 1920, 1960, 2000, 2040, 2080, 2120, 2160, 2200, 2240, 2280, 2320, 2360, 2400, 2440, 2480, 2520, 2560, 2600, 2640, 2680, 2720, 2760, 2800, 2840, 2880, 2920, 2960, 3000, 3040, 3080, 3120, 3160]}], "conversation": [], "conversation_timestamps": []}