{"agent_id": "agent-orange-1008", "type": "orange", "trips": [{"trip_id": 0, "transport_method": "bus", "start_time": 0, "path": [[1.5165892, 42.5410686], [1.5159237, 42.5415909], [1.5153797, 42.5424263], [1.5154252, 42.5429934], [1.5150873, 42.5428675], [1.5156861, 42.5431613], [1.5165764, 42.543562], [1.5172304, 42.5427716], [1.5177851, 42.5418862], [1.5187183, 42.5414372], [1.5194123, 42.5407572], [1.519423, 42.5397628], [1.5194145, 42.5392214], [1.5193982, 42.540056], [1.5195045, 42.5390124], [1.5197099, 42.5379925], [1.5201202, 42.5370287], [1.5207749, 42.5362243], [1.5211078, 42.535534], [1.5203172, 42.5348456], [1.5195821, 42.534099], [1.5197112, 42.5331193], [1.51957, 42.5321002], [1.5197246, 42.5310671], [1.5197274, 42.5312236], [1.5196108, 42.5314739], [1.5197329, 42.5304322], [1.5202753, 42.5297824], [1.5206561, 42.5288364], [1.5202339, 42.5279003], [1.52006, 42.5269567], [1.520577, 42.5260634], [1.5206214, 42.5250157], [1.5209803, 42.5240517], [1.5216354, 42.523234], [1.5220474, 42.5222774], [1.5228561, 42.5216236], [1.5234554, 42.5207954], [1.5237999, 42.5198047], [1.5236517, 42.5204401], [1.5234687, 42.5208001], [1.5238564, 42.5198254], [1.5242441, 42.5188507], [1.525062, 42.518268], [1.5258193, 42.5175473], [1.5267069, 42.517071], [1.5275961, 42.5165541], [1.528551, 42.5161436], [1.5292267, 42.5153518], [1.5299804, 42.5146494], [1.5302908, 42.5138061], [1.5306005, 42.5128318], [1.5308904, 42.5119315], [1.5299665, 42.5114949], [1.5295417, 42.5107421], [1.5290868, 42.509912], [1.5286136, 42.5094741], [1.5293596, 42.5101841], [1.528661, 42.5095119], [1.5278847, 42.5088082], [1.5269023, 42.5085182], [1.5258737, 42.5083366], [1.5249571, 42.5079305], [1.5239253, 42.5077755], [1.5228941, 42.507683], [1.5223398, 42.5069297], [1.5217846, 42.5067367], [1.521964, 42.5064588], [1.5220595, 42.5055732], [1.521815, 42.5047067], [1.5208618, 42.5042689], [1.5199085, 42.5038311], [1.5207628, 42.5041745], [1.521743, 42.5045459], [1.5215498, 42.5046332], [1.5205664, 42.5042683], [1.519583, 42.5039034], [1.5186498, 42.5035898], [1.5176095, 42.5037241], [1.5165686, 42.5036692]], "mood_vectors": [[0.0718, 0.0474, 0.0212, 0.0173, 0.767, 0.0436, 0.0316], [0.0388, 0.0779, 0.0158, 0.0394, 0.7035, 0.0766, 0.0481], [0.0709, 0.0691, 0.0342, 0.0763, 0.6683, 0.066, 0.0153], [0.0498, 0.0339, 0.0172, 0.0587, 0.7228, 0.0447, 0.0729], [0.0479, 0.0728, 0.0808, 0.0215, 0.7054, 0.0455, 0.0262], [0.022, 0.0384, 0.0712, 0.0712, 0.6941, 0.0592, 0.0438], [0.0613, 0.0246, 0.0435, 0.0768, 0.7421, 0.026, 0.0256], [0.0291, 0.0296, 0.0806, 0.0725, 0.6852, 0.0638, 0.0392], [0.0239, 0.0374, 0.0338, 0.0455, 0.7016, 0.0606, 0.0971], [0.0273, 0.0248, 0.0184, 0.0831, 0.7687, 0.0235, 0.0542], [0.0556, 0.0677, 0.0491, 0.0421, 0.6866, 0.0663, 0.0326], [0.0752, 0.0359, 0.0512, 0.0481, 0.6989, 0.0539, 0.0369], [0.0373, 0.019, 0.0778, 0.0594, 0.7051, 0.0541, 0.0473], [0.0158, 0.0643, 0.073, 0.0635, 0.6676, 0.0455, 0.0702], [0.0238, 0.028, 0.0139, 0.0649, 0.7304, 0.0678, 0.0713], [0.0182, 0.0789, 0.0661, 0.0135, 0.7291, 0.0602, 0.034], [0.0599, 0.0307, 0.0552, 0.0527, 0.7512, 0.0199, 0.0305], [0.0506, 0.0544, 0.0217, 0.0461, 0.6859, 0.0679, 0.0734], [0.0187, 0.055, 0.0706, 0.0637, 0.7379, 0.0398, 0.0143], [0.0338, 0.0577, 0.0963, 0.0321, 0.6342, 0.0952, 0.0508], [0.0299, 0.0697, 0.0338, 0.0287, 0.7594, 0.046, 0.0324], [0.0772, 0.0242, 0.0816, 0.0608, 0.6388, 0.0534, 0.0639], [0.0297, 0.0327, 0.0537, 0.0393, 0.67, 0.0927, 0.0819], [0.0653, 0.0489, 0.0806, 0.0436, 0.6424, 0.0494, 0.0698], [0.0684, 0.0417, 0.0297, 0.0211, 0.7983, 0.0135, 0.0274], [0.0522, 0.0505, 0.0451, 0.0393, 0.7381, 0.0167, 0.0579], [0.0616, 0.0173, 0.051, 0.102, 0.7158, 0.0171, 0.0352], [0.0136, 0.0744, 0.0168, 0.0646, 0.6975, 0.0723, 0.0607], [0.0785, 0.0771, 0.0556, 0.0442, 0.7034, 0.0182, 0.0229], [0.0143, 0.0467, 0.0223, 0.0684, 0.7002, 0.0684, 0.0797], [0.0341, 0.0859, 0.0846, 0.017, 0.6684, 0.08, 0.03], [0.0887, 0.0395, 0.0632, 0.0469, 0.6703, 0.0342, 0.0572], [0.0826, 0.0788, 0.066, 0.0314, 0.6901, 0.0281, 0.0231], [0.0609, 0.0497, 0.0476, 0.0359, 0.7604, 0.0232, 0.0223], [0.0418, 0.0667, 0.037, 0.0619, 0.7125, 0.0286, 0.0515], [0.0468, 0.0518, 0.0746, 0.0163, 0.7169, 0.03, 0.0635], [0.0274, 0.0584, 0.0314, 0.0369, 0.7677, 0.0148, 0.0634], [0.0591, 0.0194, 0.0877, 0.0242, 0.7552, 0.03, 0.0245], [0.0156, 0.048, 0.0514, 0.04, 0.7934, 0.0328, 0.0189], [0.0633, 0.0249, 0.0824, 0.0423, 0.667, 0.0595, 0.0606], [0.0288, 0.0366, 0.0636, 0.015, 0.7987, 0.0369, 0.0204], [0.033, 0.0371, 0.0663, 0.0264, 0.6856, 0.0479, 0.1037], [0.0636, 0.0253, 0.0156, 0.088, 0.7227, 0.0215, 0.0633], [0.0814, 0.0278, 0.0581, 0.0829, 0.602, 0.07, 0.0777], [0.0336, 0.0146, 0.0665, 0.0907, 0.6997, 0.0594, 0.0354], [0.0508, 0.0631, 0.0754, 0.0386, 0.6869, 0.0626, 0.0225], [0.0753, 0.0233, 0.0715, 0.0175, 0.6844, 0.0424, 0.0856], [0.0149, 0.0594, 0.0345, 0.0749, 0.7493, 0.0266, 0.0403], [0.0498, 0.038, 0.0426, 0.0291, 0.7703, 0.03, 0.0403], [0.0413, 0.0366, 0.0347, 0.0525, 0.7193, 0.0376, 0.0781], [0.044, 0.0183, 0.0528, 0.0457, 0.7122, 0.0627, 0.0643], [0.094, 0.0803, 0.0445, 0.0825, 0.5939, 0.0767, 0.0281], [0.0702, 0.017, 0.0642, 0.0408, 0.7317, 0.0491, 0.027], [0.028, 0.053, 0.0868, 0.0557, 0.6881, 0.0159, 0.0725], [0.0786, 0.0783, 0.0318, 0.0365, 0.6617, 0.0697, 0.0434], [0.0273, 0.0585, 0.0581, 0.0424, 0.7461, 0.0346, 0.033], [0.0568, 0.0635, 0.0265, 0.0419, 0.713, 0.0588, 0.0397], [0.0383, 0.0183, 0.0456, 0.0677, 0.7686, 0.0127, 0.0488], [0.0469, 0.0406, 0.0179, 0.0816, 0.7005, 0.0486, 0.0639], [0.0611, 0.0171, 0.0462, 0.0145, 0.766, 0.0273, 0.0678], [0.0626, 0.0652, 0.0618, 0.0715, 0.6532, 0.0115, 0.0742], [0.0674, 0.0837, 0.0151, 0.0346, 0.6639, 0.0644, 0.0708], [0.0793, 0.036, 0.0664, 0.041, 0.6541, 0.0364, 0.0867], [0.0285, 0.0506, 0.0862, 0.0271, 0.7033, 0.0491, 0.055], [0.0786, 0.0247, 0.0836, 0.0405, 0.7001, 0.0376, 0.035], [0.0419, 0.074, 0.0674, 0.0436, 0.7125, 0.0304, 0.0302], [0.0306, 0.0316, 0.0529, 0.06, 0.7137, 0.0645, 0.0468], [0.0301, 0.0614, 0.079, 0.03, 0.6792, 0.0375, 0.0829], [0.0655, 0.0695, 0.0219, 0.0732, 0.7064, 0.0184, 0.045], [0.0562, 0.0466, 0.0337, 0.0594, 0.6955, 0.0427, 0.0659], [0.0697, 0.0937, 0.048, 0.0858, 0.5938, 0.0455, 0.0635], [0.0207, 0.0605, 0.0458, 0.0181, 0.7722, 0.0499, 0.0328], [0.0284, 0.062, 0.0237, 0.0572, 0.704, 0.0525, 0.072], [0.0463, 0.0425, 0.023, 0.0212, 0.8088, 0.0314, 0.0268], [0.0604, 0.043, 0.0204, 0.0144, 0.7585, 0.051, 0.0523], [0.027, 0.0711, 0.0395, 0.0476, 0.6824, 0.07, 0.0625], [0.0522, 0.0569, 0.0561, 0.0482, 0.6729, 0.0897, 0.0241], [0.074, 0.0685, 0.0218, 0.0403, 0.7224, 0.0298, 0.0431], [0.04, 0.0279, 0.0437, 0.0651, 0.7371, 0.0241, 0.0621], [0.0254, 0.0664, 0.0574, 0.0681, 0.7276, 0.0249, 0.0302]], "emotions": ["red", "red", "red", "red", "red", "red", "red", "red", "red", "red", "red", "red", "red", "red", "red", "red", "red", "red", "red", "red", "red", "red", "red", "red", "red", "red", "red", "red", "red", "red", "red", "red", "red", "red", "red", "red", "red", "red", "red", "red", "red", "red", "red", "red", "red", "red", "red", "red", "red", "red", "red", "red", "red", "red", "red", "red", "red", "red", "red", "red", "red", "red", "red", "red", "red", "red", "red", "red", "red", "red", "red", "red", "red", "red", "red", "red", "red", "red", "red", "red"], "timestamps": [0, 40, 80, 120, 160, 200, 240, 280, 320, 360, 400, 440, 480, 520, 560, 600, 640, 680, 720, 760, 800, 840, 880, 920, 960, 1000, 1040, 1080, 1120, 1160, 1200, 1240, 1280, 1320, 1360, 1400, 1440, 1480, 1520, 1560, 1600, 1640, 1680, 1720, 1760, 1800, 1840, 1880, 1920, 1960, 2000, 2040, 2080, 2120, 2160, 2200, 2240, 2280, 2320, 2360, 2400, 2440, 2480, 2520, 2560, 2600, 2640, 2680, 2720, 2760, 2800, 2840, 2880, 2920, 2960, 3000, 3040, 3080, 3120, 3160]}], "conversation": [], "conversation_timestamps": []}