{
  "agent_id": "agent-type-red-36",
  "type": "red",
  "trips": [
    {
      "trip_id": 0,
      "transport_method": "car",
      "start_time": 0,
      "path": [
        [
          1.5282434000000005,
          42.5063407
        ],
        [
          1.5281735107407128,
          42.50650220931873
        ],
        [
          1.52818780003877,
          42.506642171338186
        ],
        [
          1.5283295110032693,
          42.5067464277273
        ],
        [
          1.5284758832945666,
          42.506844073249646
        ],
        [
          1.5286236188424747,
          42.506939697391395
        ],
        [
          1.52858800589056,
          42.506798897332594
        ],
        [
          1.5285321623532417,
          42.50663201034107
        ],
        [
          1.528526173779984,
          42.506479568266506
        ],
        [
          1.5286035113227923,
          42.50637115053844
        ],
        [
          1.5287409696698007,
          42.50626126436352
        ],
        [
          1.5288763493138218,
          42.50615140737709
        ],
        [
          1.5287380081498636,
          42.506218751528216
        ],
        [
          1.5286001886660057,
          42.50632818442304
        ],
        [
          1.5284916308178518,
          42.506414382682145
        ],
        [
          1.5286294503017097,
          42.50630494978732
        ],
        [
          1.5287672697855677,
          42.5061955168925
        ],
        [
          1.5288492430571645,
          42.506174709064105
        ],
        [
          1.5287117847101561,
          42.50628459523902
        ],
        [
          1.5285743263631475,
          42.50639448141394
        ],
        [
          1.5286174760028501,
          42.50640505404758
        ],
        [
          1.5284947658383659,
          42.506520251807125
        ],
        [
          1.5285506093756842,
          42.50668713879865
        ],
        [
          1.5286064529130026,
          42.506854025790176
        ],
        [
          1.5286988302017146,
          42.50695129606399
        ],
        [
          1.5288374651008574,
          42.50684289803199
        ],
        [
          1.5289761000000002,
          42.5067345
        ]
      ],
      "emotions": [
        "red",
        "red",
        "red",
        "red",
        "red",
        "green",
        "green",
        "green",
        "green",
        "green",
        "green",
        "green",
        "green",
        "green",
        "green",
        "red",
        "red",
        "red",
        "red",
        "red",
        "green",
        "green",
        "green",
        "green",
        "green",
        "green",
        "green"
      ],
      "mood_vectors": [
        [
          0.019723873647712695,
          0.05490974490337301,
          0.09680947312489076,
          0.27855462230981504,
          0.13897299495018778,
          0.24379801340987758,
          0.16723127765414308
        ],
        [
          0.004636020069306382,
          0.20198030247972673,
          0.1600691081563635,
          0.012678272522803406,
          0.17001295242223127,
          0.29262948406983796,
          0.15799386027973075
        ],
        [
          0.2357586784483033,
          0.14702070031560507,
          0.13634276665526196,
          0.13137119246639975,
          0.10654512597465562,
          0.022739669020434224,
          0.22022186711934
        ],
        [
          0.01606194992119592,
          0.0368052694857586,
          0.022066736144443388,
          0.12095358411091726,
          0.4651654805102106,
          0.2366944788486408,
          0.10225250097883348
        ],
        [
          0.33893643603882245,
          0.0939661075589874,
          0.018944420402556783,
          0.04449542672238541,
          0.25997192167532496,
          0.03756311591711469,
          0.2061225716848082
        ],
        [
          0.24670974859021397,
          0.12938422236862732,
          0.22831944279152994,
          0.11590819593972629,
          0.20652532856687061,
          0.01964037655564854,
          0.05351268518738329
        ],
        [
          0.04411279296403356,
          0.19193749508648958,
          0.21517996192298353,
          0.11314953266900159,
          0.04936861104914534,
          0.21216043547908744,
          0.174091170829259
        ],
        [
          0.1033875247465275,
          0.015778721901403964,
          0.2268851256291627,
          0.07257627015871213,
          0.09904994949504023,
          0.1676998937084324,
          0.3146225143607211
        ],
        [
          0.13452525985157873,
          0.1947900902985901,
          0.20827892607097773,
          0.045538841686820694,
          0.16597144563967892,
          0.2384956867311829,
          0.01239974972117091
        ],
        [
          0.0790578246775596,
          0.12099825814800605,
          0.1883938108467617,
          0.22341216480021914,
          0.025492659647201134,
          0.09451478552847803,
          0.2681304963517744
        ],
        [
          0.1245389682074328,
          0.06692919669933374,
          0.15492802700715427,
          0.18658778501776682,
          0.013743924178795643,
          0.08962888337687115,
          0.3636432155126456
        ],
        [
          0.23159807933155094,
          0.18667315115992916,
          0.2199420790796596,
          0.020871931998310823,
          0.05396336957710273,
          0.14955988772044693,
          0.13739150113299986
        ],
        [
          0.1560844913987963,
          0.039418809046881026,
          0.1575586591728361,
          0.27816926742204584,
          0.020694393309889692,
          0.24234655018413437,
          0.10572782946541669
        ],
        [
          0.1836220467644167,
          0.06272462611346459,
          0.19339376018644971,
          0.2234551505365234,
          0.059575943466989426,
          0.025505555495677082,
          0.2517229174364791
        ],
        [
          0.17433946610464718,
          0.2408406013364565,
          0.23805260292551852,
          0.07639740376419442,
          0.08308960774926956,
          0.15883423394077067,
          0.028446084179143027
        ],
        [
          0.029251571734005336,
          0.0769229645058651,
          0.31279449331762327,
          0.21419638695335264,
          0.0411829358926573,
          0.05574915001750845,
          0.26990249757898793
        ],
        [
          0.10710936703760847,
          0.09866719745164394,
          0.08336511260888384,
          0.19703521856921413,
          0.24308646849347076,
          0.22435856849193067,
          0.046378067347248184
        ],
        [
          0.07391554893958029,
          0.20472852346498274,
          0.20147310664188678,
          0.0011125477791394131,
          0.14377634610780587,
          0.21182382779585773,
          0.16317009927074722
        ],
        [
          0.11569664177662782,
          0.04791589746581891,
          0.04024266879044907,
          0.038125157721502434,
          0.20777849211899202,
          0.1549378336397922,
          0.3953033084868175
        ],
        [
          0.20676296814562714,
          0.046535074408519644,
          0.18055006261264933,
          0.010033632435707346,
          0.20606271370891419,
          0.1819916590396571,
          0.16806388964892527
        ],
        [
          0.0642010615593156,
          0.1996497075470375,
          0.22455313964234772,
          0.08175285350913834,
          0.014909865708547009,
          0.17737185830359495,
          0.23756151373001896
        ],
        [
          0.18320022969498242,
          0.12059966690893459,
          0.18856861118102222,
          0.17413464531266495,
          0.05117751461799516,
          0.15273298620620332,
          0.12958634607819727
        ],
        [
          0.05573248784773597,
          0.02767267024177593,
          0.01927625464682079,
          0.193348335299679,
          0.22602768736967907,
          0.3652544392367255,
          0.11268812535758377
        ],
        [
          0.04491083968696336,
          0.1970810313027837,
          0.21097994340873102,
          0.20767846901127746,
          0.11030179586061095,
          0.2023171808166552,
          0.026730739912978224
        ],
        [
          0.4223193388173665,
          0.16239773759212936,
          0.06321788585064653,
          0.25610705479580614,
          0.06746506820964963,
          0.020586864496712622,
          0.007906050237689154
        ],
        [
          0.2540118023388882,
          0.0891667016119686,
          0.09427740800614663,
          0.22520966786636532,
          0.21240456669490118,
          0.09186646185480907,
          0.03306339162692102
        ],
        [
          0.16573959126629137,
          0.009197455577642535,
          0.009730119521485335,
          0.12836076660877782,
          0.2582667240254741,
          0.24804311637380286,
          0.18066222662652592
        ]
      ],
      "timestamps": [
        0,
        1,
        2,
        3,
        4,
        5,
        6,
        7,
        8,
        9,
        10,
        11,
        12,
        13,
        14,
        15,
        16,
        17,
        18,
        19,
        20,
        21,
        22,
        23,
        24,
        25,
        26
      ],
      "distance": 127.4
    },
    {
      "trip_id": 1,
      "transport_method": "stopped",
      "start_time": 27,
      "path": [
        [
          1.5289761000000002,
          42.5067345
        ],
        [
          1.5289761000000002,
          42.5067345
        ],
        [
          1.5289761000000002,
          42.5067345
        ],
        [
          1.5289761000000002,
          42.5067345
        ],
        [
          1.5289761000000002,
          42.5067345
        ]
      ],
      "emotions": [
        "green",
        "green",
        "green",
        "red",
        "red"
      ],
      "mood_vectors": [
        [
          0.23060716996970876,
          0.13798073599460517,
          0.17802307649728638,
          0.20142283647601972,
          0.07568015756369466,
          0.10703871082570185,
          0.06924731267298347
        ],
        [
          0.2837790952364639,
          0.25367937246799965,
          0.16079550962270586,
          0.08354904804896757,
          0.01369419849518679,
          0.1304980172488162,
          0.07400475887986005
        ],
        [
          0.0597672608671572,
          0.24695250031313154,
          0.14267394072088824,
          0.12402670194900517,
          0.22568039094452752,
          0.10410428616588425,
          0.09679491903940601
        ],
        [
          0.19601627505018354,
          0.036022980834628626,
          0.14976821081823313,
          0.18316321216738796,
          0.19201148419976788,
          0.147200699005652,
          0.09581713792414687
        ],
        [
          0.21479609125603,
          0.14864144544927574,
          0.05829184190509522,
          0.010421698369588003,
          0.27440111681353885,
          0.10285131965666827,
          0.190596486549804
        ]
      ],
      "timestamps": [
        27,
        28,
        29,
        30,
        31
      ]
    },
    {
      "trip_id": 2,
      "transport_method": "car",
      "start_time": 32,
      "path": [
        [
          1.5293513,
          42.507062
        ],
        [
          1.529363075118524,
          42.506485773615736
        ],
        [
          1.5293622018077209,
          42.506542996755826
        ],
        [
          1.5301454461462485,
          42.50702371814185
        ],
        [
          1.5296789644660584,
          42.507077272974534
        ],
        [
          1.5298899975332605,
          42.506851998463866
        ],
        [
          1.5290535524108955,
          42.50667491616906
        ],
        [
          1.5282171687832604,
          42.50671205123967
        ],
        [
          1.527892184104203,
          42.5071844762704
        ],
        [
          1.526954982512084,
          42.50714957504761
        ],
        [
          1.5262046616554477,
          42.5068622491374
        ],
        [
          1.527231992855457,
          42.506948095913536
        ],
        [
          1.5263076759445342,
          42.50687085731032
        ],
        [
          1.5254754259279373,
          42.50702130327836
        ],
        [
          1.5253728456537283,
          42.506855536546794
        ],
        [
          1.524514405719071,
          42.506744862632665
        ],
        [
          1.523575952585081,
          42.50674824179477
        ],
        [
          1.5225711410988612,
          42.5065177359583
        ],
        [
          1.521707296723997,
          42.506156174589954
        ],
        [
          1.5207331013858374,
          42.5058811579808
        ],
        [
          1.5210910792525583,
          42.50633345262864
        ],
        [
          1.5209146791703112,
          42.505998374415476
        ],
        [
          1.5214443816546441,
          42.506148453577026
        ],
        [
          1.5221232081781007,
          42.506914636911354
        ],
        [
          1.5221610832906989,
          42.50754319775995
        ],
        [
          1.5213159213563332,
          42.50705279858541
        ],
        [
          1.5208248995457188,
          42.50719497654834
        ],
        [
          1.5205813742853496,
          42.507671706811976
        ],
        [
          1.5214914829664667,
          42.508155939454454
        ],
        [
          1.5211020999999998,
          42.508253900000014
        ]
      ],
      "emotions": [
        "red",
        "red",
        "red",
        "purple",
        "purple",
        "purple",
        "purple",
        "purple",
        "purple",
        "purple",
        "purple",
        "purple",
        "purple",
        "green",
        "green",
        "green",
        "green",
        "green",
        "green",
        "green",
        "green",
        "green",
        "green",
        "green",
        "green",
        "green",
        "green",
        "green",
        "green",
        "green"
      ],
      "mood_vectors": [
        [
          0.37052610125123925,
          0.1101498605222657,
          0.13855625007272437,
          0.1864289157736785,
          0.053137497265971965,
          0.017785984658781156,
          0.12341539045533899
        ],
        [
          0.07962332614254625,
          0.2342021289615413,
          0.06451904273780065,
          0.2654578884608888,
          0.07958558768292248,
          0.0133828897427746,
          0.26322913627152594
        ],
        [
          0.19349814660393405,
          0.0008223623221059225,
          0.10907363830303048,
          0.20281237619811754,
          0.23208662318242018,
          0.22682312930659695,
          0.03488372408379493
        ],
        [
          0.19654276711043125,
          0.025751090802419843,
          0.1714129581803661,
          0.18830993289079667,
          0.19040783882075052,
          0.1501601644043029,
          0.0774152477909328
        ],
        [
          0.059409053937446214,
          0.2841520512896214,
          0.0424332653185853,
          0.1851860450438581,
          0.055208047334903344,
          0.08855906764891877,
          0.28505246942666684
        ],
        [
          0.16063450864193687,
          0.16599557728458547,
          0.006178815551330298,
          0.22737642769042438,
          0.22917146585279827,
          0.16293251986457355,
          0.0477106851143512
        ],
        [
          0.19585439509170924,
          0.09025113693527717,
          0.052217688675631126,
          0.17361931605587388,
          0.22002346806491982,
          0.19359208231939584,
          0.07444191285719287
        ],
        [
          0.13502481558745166,
          0.22457405419918142,
          0.01241374919273246,
          0.03717965189821091,
          0.2680747853997111,
          0.18091772034217832,
          0.14181522338053418
        ],
        [
          0.20075328242394785,
          0.1627444768827903,
          0.28895382850094364,
          0.018832697043785703,
          0.1595174118461936,
          0.13187699376474948,
          0.03732130953758931
        ],
        [
          0.24876570636917966,
          0.23036843555943534,
          0.09032708688420121,
          0.04695327612351246,
          0.20760930354279564,
          0.17048306155829307,
          0.005493129962582551
        ],
        [
          0.009504062562813338,
          0.2413708500748645,
          0.15170463357940503,
          0.060270961313756755,
          0.2413090240917414,
          0.14199339677691653,
          0.15384707160050243
        ],
        [
          0.10045301218104681,
          0.07569317096364911,
          0.22219839717086393,
          0.2455334165746526,
          0.005459162808249759,
          0.24493674910085655,
          0.10572609120068119
        ],
        [
          0.19803226248543976,
          0.06205509014279147,
          0.1998348555413962,
          0.2564068649361238,
          0.06509946495751985,
          0.025969174108770858,
          0.19260228782795796
        ],
        [
          0.09417230144075166,
          0.2692303729217534,
          0.20807409561925147,
          0.08785500864593175,
          0.1422435135099206,
          0.04022316437359494,
          0.1582015434887962
        ],
        [
          0.17002712971943695,
          0.10477042781546642,
          0.18672353985981305,
          0.042868761042896796,
          0.16297337384274066,
          0.06384002179339328,
          0.2687967459262528
        ],
        [
          0.24092666478753438,
          0.21471279556675824,
          0.05569818715485842,
          0.15343072514348216,
          0.2771297550497729,
          0.0356447764708887,
          0.02245709582670528
        ],
        [
          0.10686783201228311,
          0.16127657803485693,
          0.16807817666764677,
          0.24758453627517277,
          0.15252717649255476,
          0.08022931475236193,
          0.08343638576512373
        ],
        [
          0.12261413265132783,
          0.2705006753033582,
          0.004674675291837647,
          0.14794591540727517,
          0.10922865864419919,
          0.07701603470817472,
          0.26801990799382724
        ],
        [
          0.22190825976421485,
          0.24909408002473393,
          0.173410685990851,
          0.03763240633316691,
          0.04559029713190925,
          0.25713054510116606,
          0.015233725653957988
        ],
        [
          0.08689640445033447,
          0.18741945675860464,
          0.1106934610659364,
          0.21065526170398496,
          0.06180727518909292,
          0.17654776539668068,
          0.16598037543536595
        ],
        [
          0.1382514456285488,
          0.05518161128663538,
          0.1990239104555042,
          0.16646878922613131,
          0.16440780443210637,
          0.19167817250048047,
          0.0849882664705934
        ],
        [
          0.0608176768436353,
          0.16093117062955875,
          0.16244220678303872,
          0.18697362706808224,
          0.07303173489807846,
          0.1505026202743276,
          0.20530096350327898
        ],
        [
          0.011416910139752953,
          0.4222550273914822,
          0.22801426350883536,
          0.11335660526523006,
          0.010992903246151068,
          0.09329221821863741,
          0.120672072229911
        ],
        [
          0.1471756276245757,
          0.07392124834697901,
          0.10827257819695604,
          0.08316243574122861,
          0.1903024904393736,
          0.20998604322940945,
          0.18717957642147756
        ],
        [
          0.19560517408155423,
          0.21513678025174227,
          0.09689697857743333,
          0.2413159484428488,
          0.013320862107238996,
          0.15055685028466295,
          0.08716740625451935
        ],
        [
          0.2017224378195417,
          0.04589950369027004,
          0.1620961412063101,
          0.04259615599436017,
          0.2196262154630439,
          0.15777931680159837,
          0.17028022902487575
        ],
        [
          0.2238391519457089,
          0.0619514125039775,
          0.23509227579332823,
          0.23827049399261407,
          0.18524476668145198,
          0.01214796398912876,
          0.04345393509379062
        ],
        [
          0.12653908413038725,
          0.1711478992150356,
          0.16611662674715189,
          0.17075647878213632,
          0.14680776130071155,
          0.09960558905656636,
          0.11902656076801099
        ],
        [
          0.05459196136425406,
          0.0878699513858208,
          0.09160260409505554,
          0.21730927142873435,
          0.17028315743181494,
          0.21733261085041025,
          0.16101044344391016
        ],
        [
          0.13826607135124747,
          0.18031121337607803,
          0.04099590011106261,
          0.22772180364644853,
          0.29172640093439983,
          0.03414629792317728,
          0.08683231265758623
        ]
      ],
      "timestamps": [
        32,
        33,
        34,
        35,
        36,
        37,
        38,
        39,
        40,
        41,
        42,
        43,
        44,
        45,
        46,
        47,
        48,
        49,
        50,
        51,
        52,
        53,
        54,
        55,
        56,
        57,
        58,
        59,
        60,
        61
      ],
      "distance": 1068.9
    },
    {
      "trip_id": 3,
      "transport_method": "foot",
      "start_time": 62,
      "path": [
        [
          1.5211020999999998,
          42.508253900000014
        ],
        [
          1.5215391977128465,
          42.5084237150631
        ],
        [
          1.5220084367219298,
          42.50835564148477
        ],
        [
          1.522481711735855,
          42.508426385658595
        ],
        [
          1.522416348235211,
          42.50804122990654
        ],
        [
          1.5222220534152173,
          42.50810547679322
        ],
        [
          1.5226965471332488,
          42.508081313302974
        ],
        [
          1.5230802665848877,
          42.50826156466979
        ],
        [
          1.5235196149904036,
          42.50853291247731
        ],
        [
          1.5239231036229626,
          42.50877483790746
        ],
        [
          1.5238471473324358,
          42.50885542640334
        ],
        [
          1.5243174836365097,
          42.50881391485714
        ],
        [
          1.5248335662026706,
          42.508914691317926
        ],
        [
          1.5253492015536385,
          42.50901751786836
        ],
        [
          1.5258603681237004,
          42.509140829862076
        ],
        [
          1.526371534693762,
          42.509264141855795
        ],
        [
          1.526882701263824,
          42.50938745384951
        ],
        [
          1.526783132166115,
          42.50936343415677
        ],
        [
          1.526271965596053,
          42.50924012216306
        ],
        [
          1.5257607990259912,
          42.50911681016934
        ],
        [
          1.5253356386780843,
          42.509049832682294
        ],
        [
          1.5257159124268496,
          42.509366028944285
        ],
        [
          1.526233832062312,
          42.509456893466215
        ],
        [
          1.5267517516977742,
          42.509547757988145
        ],
        [
          1.5272696713332365,
          42.509638622510074
        ],
        [
          1.5277683242928861,
          42.50979660196874
        ],
        [
          1.5282555774665427,
          42.50999429226922
        ],
        [
          1.5287428306401993,
          42.5101919825697
        ],
        [
          1.5292300838138557,
          42.51038967287018
        ],
        [
          1.5294951614997134,
          42.51034877382061
        ],
        [
          1.529140907826079,
          42.50996281860186
        ],
        [
          1.5287624642091138,
          42.50959774663784
        ],
        [
          1.5283840205921486,
          42.509232674673804
        ],
        [
          1.5284710606466918,
          42.50890968181559
        ],
        [
          1.5289212999999995,
          42.50898130000001
        ]
      ],
      "emotions": [
        "green",
        "green",
        "green",
        "green",
        "green",
        "green",
        "green",
        "green",
        "green",
        "green",
        "green",
        "green",
        "green",
        "red",
        "red",
        "red",
        "red",
        "red",
        "purple",
        "purple",
        "purple",
        "purple",
        "purple",
        "red",
        "red",
        "red",
        "red",
        "red",
        "green",
        "green",
        "green",
        "green",
        "green",
        "green",
        "green"
      ],
      "mood_vectors": [
        [
          0.20324966823407045,
          0.12268377462062105,
          0.12384569037142773,
          0.14465475325902108,
          0.09866737429875949,
          0.1528953617215088,
          0.15400337749459136
        ],
        [
          0.02113309262216284,
          0.20852429336086967,
          0.40519386184437944,
          0.01046935570604593,
          0.023136425255857015,
          0.05379655641251222,
          0.2777464147981729
        ],
        [
          0.2261304306706146,
          0.15186742464723765,
          0.09623147671213104,
          0.0984505546829969,
          0.1565301393524079,
          0.10671344207483388,
          0.16407653185977789
        ],
        [
          0.15884943348967367,
          0.15886682922826437,
          0.003389680700091838,
          0.29762756305395804,
          0.12503114247094202,
          0.22912973421425,
          0.0271056168428201
        ],
        [
          0.023624942717128523,
          0.13110922509044418,
          0.16249401512938036,
          0.12530377700174156,
          0.22135587885939217,
          0.18842315657640898,
          0.14768900462550424
        ],
        [
          0.17180826676675873,
          0.07057199999106477,
          0.20233878462136073,
          0.09781008423481824,
          0.22721039775341417,
          0.2267017749026727,
          0.003558691729910522
        ],
        [
          0.08011839845829426,
          0.1648325665935405,
          0.19966383001573634,
          0.3146896705132927,
          0.19373099099635172,
          0.03096112658105951,
          0.016003416841724953
        ],
        [
          0.27618905244121245,
          0.01700441262916539,
          0.25888448378143075,
          0.1850589607530851,
          0.018042082521623412,
          0.23796540593956994,
          0.006855601933913064
        ],
        [
          0.2709706685420164,
          0.2699214514190986,
          0.12280167882363725,
          0.05623819975591455,
          0.06296098873022876,
          0.02271663728524346,
          0.194390375443861
        ],
        [
          0.12509648610056917,
          0.18576482876222425,
          0.22230189044632775,
          0.035506155055944115,
          0.12399323174611128,
          0.07210100966410553,
          0.235236398224718
        ],
        [
          0.02371401854814601,
          0.020515520425511847,
          0.09001500144947003,
          0.1837893874896331,
          0.20071177091689074,
          0.22283651110626773,
          0.2584177900640805
        ],
        [
          0.000638711708912935,
          0.26194657327789944,
          0.29381048346561023,
          0.10523264177004077,
          0.041643859920997464,
          0.24683028979814328,
          0.0498974400583958
        ],
        [
          0.08551914732011395,
          0.010602087105096459,
          0.1604643225001814,
          0.06449748252753389,
          0.23106882968270717,
          0.08502329315263753,
          0.3628248377117295
        ],
        [
          0.19004807575808672,
          0.26233450096513056,
          0.008320900906651704,
          0.23650576743398666,
          0.04887559760515074,
          0.12469798398582409,
          0.12921717334516952
        ],
        [
          0.05542288684522642,
          0.28616559628999694,
          0.1740964613383474,
          0.06944937411690265,
          0.2692964661602808,
          0.12436625941837388,
          0.0212029558308719
        ],
        [
          0.00836297987395867,
          0.24895135533385615,
          0.2690857772714645,
          0.0578022209530416,
          0.19931092792196647,
          0.06491311449248259,
          0.15157362415323003
        ],
        [
          0.3008485339381079,
          0.19617537077437952,
          0.007243480684375159,
          0.17700108344182872,
          0.19375658793611392,
          0.004516654747640674,
          0.1204582884775541
        ],
        [
          0.18284619406895888,
          0.20931812789627785,
          0.010842918259578236,
          0.1671090541787688,
          0.24111718704890753,
          0.1606013707581048,
          0.028165147789403936
        ],
        [
          0.2236108305670151,
          0.08878435100241343,
          0.03185387923742799,
          0.06618380866104863,
          0.25594735662042506,
          0.2555145891086364,
          0.07810518480303348
        ],
        [
          0.2208374573380153,
          0.2883286002306018,
          0.0456561773944409,
          0.025107738965487653,
          0.1378894282330976,
          0.08973005153702943,
          0.19245054630132724
        ],
        [
          0.05484305199118375,
          0.31052049761308553,
          0.2133389604256928,
          0.02580011943363112,
          0.22902526611288582,
          0.07202535761752647,
          0.09444674680599457
        ],
        [
          0.11485409346161324,
          0.386509691189663,
          0.029594729222198364,
          0.05521884505688168,
          0.13907949888069057,
          0.03214696852370605,
          0.242596173665247
        ],
        [
          0.23723002800537232,
          0.012424657488330128,
          0.3786144206599527,
          0.0737235210808226,
          0.03647779741766717,
          0.06927303119480271,
          0.1922565441530523
        ],
        [
          0.10415207849777842,
          0.16878059015582372,
          0.010075581614770814,
          0.15266920652760174,
          0.2621733954057237,
          0.09766044140670796,
          0.2044887063915936
        ],
        [
          0.19953422640446924,
          0.3703592565286942,
          0.09990456701993987,
          0.00095324946765986,
          0.1980833023693028,
          0.09975937066999874,
          0.031406027539935356
        ],
        [
          0.1706335600864497,
          0.05028190053674906,
          0.2835292261892332,
          0.11597559288388341,
          0.13410323714373049,
          0.13782775523500748,
          0.10764872792494658
        ],
        [
          0.08332663180623746,
          0.21846687612775587,
          0.20381927011457496,
          0.13282703684455588,
          0.012267266348652201,
          0.09351674365919765,
          0.25577617509902595
        ],
        [
          0.18204550205456127,
          0.070552061120244,
          0.11389502058678463,
          0.19692044145232013,
          0.20285704390980383,
          0.1560852579378325,
          0.07764467293845359
        ],
        [
          0.1895959863470685,
          0.20349356308380723,
          0.08643991341493752,
          0.09226883207247347,
          0.1391080375475698,
          0.1490895661771924,
          0.14000410135695102
        ],
        [
          0.3170830964529746,
          0.26532171243452896,
          0.028026232954217623,
          0.1455104769495681,
          0.030775814037872943,
          0.125861481028542,
          0.08742118614229578
        ],
        [
          0.11695016014680781,
          0.027304355314291935,
          0.11433126250937369,
          0.17420713443223004,
          0.11159514563884648,
          0.23901919805663624,
          0.2165927439018138
        ],
        [
          0.31358480724728643,
          0.09784380886624937,
          0.13136283225655668,
          0.14377566667316383,
          0.022211537543000332,
          0.12340969244850909,
          0.16781165496523426
        ],
        [
          0.20296939376641723,
          0.058429993226889396,
          0.08534981390800586,
          0.0910019461487577,
          0.1932986798703205,
          0.10943805271190298,
          0.2595121203677063
        ],
        [
          0.3341669491359948,
          0.30691472199644565,
          0.022574146528261545,
          0.0707740168864404,
          0.06243543919534279,
          0.1847847601449784,
          0.01834996611253636
        ],
        [
          0.16720412435977278,
          0.22144285583138248,
          0.049443011596115506,
          0.20592089388089588,
          0.005235106133611809,
          0.04414186709444363,
          0.306612141103778
        ]
      ],
      "timestamps": [
        62,
        63,
        64,
        65,
        66,
        67,
        68,
        69,
        70,
        71,
        72,
        73,
        74,
        75,
        76,
        77,
        78,
        79,
        80,
        81,
        82,
        83,
        84,
        85,
        86,
        87,
        88,
        89,
        90,
        91,
        92,
        93,
        94,
        95,
        96
      ],
      "distance": 823.8
    },
    {
      "trip_id": 4,
      "transport_method": "bicycle",
      "start_time": 97,
      "path": [
        [
          1.5289212999999995,
          42.50898130000001
        ],
        [
          1.5285600686596383,
          42.50884092152424
        ],
        [
          1.5282214,
          42.50907579999999
        ]
      ],
      "emotions": [
        "green",
        "green",
        "green"
      ],
      "mood_vectors": [
        [
          0.11761716350414396,
          0.0946713267223245,
          0.18259679256068728,
          0.0892432203017194,
          0.016538576095321535,
          0.3289151121919549,
          0.17041780862384845
        ],
        [
          0.027572256373950076,
          0.19394578600691073,
          0.19470410091713236,
          0.09761201854223088,
          0.17971604350965817,
          0.10796847073083038,
          0.19848132391928744
        ],
        [
          0.17383198693254565,
          0.17967967015974626,
          0.06458949481766896,
          0.01795143706110962,
          0.11136335117332358,
          0.0967316815231035,
          0.3558523783325024
        ]
      ],
      "timestamps": [
        97,
        98,
        99
      ],
      "distance": 1343.8
    }
  ],
  "conversation": [
    "Where did the time go?",
    "I could really go for some Hokkaido milk soft serve.",
    "Almost forgot my keys!"
  ],
  "conversation_timestamps": [
    5,
    36,
    40
  ]
}
