{"agent_id": "agent-blue-1485", "type": "blue", "trips": [{"trip_id": 0, "transport_method": "foot", "start_time": 0, "path": [[1.5853325, 42.5340806], [1.5853043, 42.5339221], [1.5856806, 42.5340126], [1.5855439, 42.5337545], [1.5858412, 42.5338634], [1.5861495, 42.5340962], [1.5864911, 42.5342776], [1.5868411, 42.5344426], [1.5871884, 42.5346134], [1.5875193, 42.534814], [1.5878212, 42.5350515], [1.5881129, 42.5352915], [1.5883994, 42.5355138], [1.5885677, 42.535862], [1.5887289, 42.5362138], [1.5889378, 42.5365311], [1.5891617, 42.5368445], [1.5894947, 42.5370123], [1.5898497, 42.5371659], [1.5902015, 42.5373271], [1.5905517, 42.5374919], [1.5909016, 42.5376571], [1.5912432, 42.5378377], [1.5915397, 42.5380837], [1.5917382, 42.5384118], [1.5918037, 42.5387905], [1.5918296, 42.5391766], [1.5918493, 42.5395631], [1.591886, 42.5399482], [1.5920352, 42.5403014], [1.5922913, 42.5405915], [1.5924028, 42.5409557], [1.5922429, 42.5412994], [1.5919671, 42.5415708], [1.5917364, 42.5418761], [1.5916318, 42.5422463], [1.5915849, 42.5426304], [1.5915776, 42.5430173], [1.591664, 42.5433939], [1.5918185, 42.5437481], [1.591901, 42.5441235], [1.5918569, 42.5445061], [1.5917005, 42.5448595], [1.591538, 42.5452107], [1.5914256, 42.5455793], [1.5914249, 42.5459647], [1.5915411, 42.5463326], [1.5916773, 42.5466946], [1.5917381, 42.5468625], [1.5916545, 42.5466146], [1.5918066, 42.5469704], [1.5919716, 42.5473055], [1.5921524, 42.547644], [1.5923395, 42.5479441], [1.5922528, 42.5483052], [1.5923505, 42.5486711], [1.5921973, 42.5490014], [1.5921473, 42.5493808], [1.5920525, 42.5497557], [1.5920014, 42.5501373], [1.5918597, 42.5504974], [1.591747, 42.5508671], [1.591726, 42.5512517], [1.5917219, 42.551636], [1.5916206, 42.5520095], [1.5914522, 42.5523579], [1.5911881, 42.5526402], [1.5910719, 42.5527785], [1.5913125, 42.5524766], [1.5913287, 42.5525123], [1.5910839, 42.552812], [1.5908391, 42.5531117], [1.5906076, 42.5533936], [1.5908534, 42.5530976], [1.5909045, 42.5529688], [1.5907154, 42.5533065], [1.5905263, 42.5536441], [1.5904676, 42.5540113], [1.5907274, 42.5542187], [1.5911143, 42.5542251]], "mood_vectors": [[0.0225, 0.0842, 0.0494, 0.6639, 0.0552, 0.0517, 0.0732], [0.0718, 0.0377, 0.0292, 0.6922, 0.0595, 0.0236, 0.0859], [0.0397, 0.0844, 0.0533, 0.7124, 0.0548, 0.0272, 0.0282], [0.0334, 0.0485, 0.0136, 0.7761, 0.0372, 0.0554, 0.0358], [0.0217, 0.0724, 0.0522, 0.7214, 0.0502, 0.0401, 0.042], [0.0442, 0.0469, 0.08, 0.5976, 0.0959, 0.0785, 0.0567], [0.07, 0.0369, 0.0225, 0.7016, 0.0859, 0.0473, 0.0357], [0.0128, 0.0381, 0.0564, 0.7371, 0.0626, 0.0739, 0.0191], [0.0819, 0.0857, 0.0637, 0.5972, 0.0771, 0.0541, 0.0403], [0.0704, 0.0539, 0.0674, 0.6917, 0.0566, 0.049, 0.0109], [0.0847, 0.0328, 0.0829, 0.6407, 0.0372, 0.0715, 0.0503], [0.0621, 0.014, 0.0237, 0.7121, 0.0185, 0.086, 0.0836], [0.0659, 0.0459, 0.0508, 0.6534, 0.0653, 0.0492, 0.0695], [0.0327, 0.0232, 0.0127, 0.741, 0.0551, 0.0563, 0.079], [0.0983, 0.042, 0.0643, 0.6621, 0.0994, 0.0158, 0.0181], [0.0229, 0.0912, 0.0899, 0.6506, 0.0593, 0.0472, 0.0388], [0.0792, 0.0507, 0.0487, 0.7301, 0.0147, 0.0501, 0.0265], [0.0352, 0.0218, 0.0518, 0.7812, 0.0498, 0.031, 0.0291], [0.0649, 0.0647, 0.0821, 0.6276, 0.0937, 0.0305, 0.0364], [0.0218, 0.0133, 0.032, 0.7336, 0.0501, 0.086, 0.0631], [0.0403, 0.0702, 0.0294, 0.6878, 0.0733, 0.0228, 0.0762], [0.0192, 0.0475, 0.0525, 0.6931, 0.0376, 0.0813, 0.0687], [0.0407, 0.026, 0.0205, 0.752, 0.0666, 0.0713, 0.023], [0.0641, 0.0219, 0.0698, 0.6846, 0.0589, 0.0259, 0.0748], [0.0209, 0.0835, 0.0316, 0.7113, 0.0427, 0.0302, 0.0799], [0.0713, 0.0453, 0.0618, 0.6446, 0.0315, 0.0626, 0.0828], [0.0644, 0.0797, 0.0856, 0.6491, 0.0189, 0.0734, 0.0288], [0.0268, 0.0586, 0.0521, 0.7134, 0.03, 0.0526, 0.0665], [0.0534, 0.0294, 0.0831, 0.6003, 0.079, 0.0844, 0.0704], [0.0855, 0.0598, 0.0378, 0.6075, 0.0852, 0.046, 0.0781], [0.0773, 0.0247, 0.0664, 0.7078, 0.0399, 0.0505, 0.0335], [0.0291, 0.0491, 0.0308, 0.7485, 0.0566, 0.0556, 0.0303], [0.0743, 0.0231, 0.0629, 0.6853, 0.027, 0.068, 0.0594], [0.0582, 0.0849, 0.0541, 0.6491, 0.0841, 0.0279, 0.0415], [0.0644, 0.0156, 0.0244, 0.7265, 0.0526, 0.0629, 0.0535], [0.0696, 0.082, 0.0319, 0.6175, 0.0786, 0.0481, 0.0723], [0.0688, 0.0284, 0.0278, 0.7328, 0.0784, 0.0417, 0.0222], [0.0162, 0.025, 0.0631, 0.6747, 0.0725, 0.0716, 0.0768], [0.0699, 0.0546, 0.0631, 0.7, 0.0271, 0.0321, 0.0532], [0.0763, 0.0256, 0.0356, 0.6511, 0.0609, 0.0915, 0.059], [0.0618, 0.0948, 0.0635, 0.6596, 0.0226, 0.0244, 0.0733], [0.0569, 0.051, 0.0362, 0.6996, 0.0653, 0.0753, 0.0157], [0.0387, 0.0776, 0.0375, 0.7148, 0.0356, 0.0463, 0.0495], [0.0689, 0.0781, 0.0416, 0.7387, 0.0419, 0.0166, 0.0141], [0.0624, 0.0624, 0.0271, 0.7497, 0.0155, 0.0372, 0.0457], [0.0144, 0.0754, 0.0341, 0.7117, 0.053, 0.0649, 0.0464], [0.029, 0.0695, 0.0555, 0.7046, 0.0426, 0.0672, 0.0316], [0.0238, 0.0376, 0.0621, 0.7292, 0.0702, 0.0152, 0.0619], [0.0708, 0.0693, 0.0533, 0.6409, 0.0597, 0.052, 0.054], [0.0316, 0.0386, 0.0461, 0.6845, 0.0528, 0.0795, 0.0669], [0.0218, 0.0333, 0.032, 0.7495, 0.0308, 0.0632, 0.0693], [0.0564, 0.0216, 0.0163, 0.7308, 0.1023, 0.0246, 0.0481], [0.0844, 0.0867, 0.0573, 0.6899, 0.0227, 0.0339, 0.0251], [0.0221, 0.052, 0.0753, 0.794, 0.014, 0.0191, 0.0235], [0.079, 0.05, 0.0185, 0.7284, 0.0216, 0.0625, 0.0399], [0.0405, 0.0542, 0.0248, 0.7001, 0.0587, 0.0482, 0.0734], [0.0286, 0.0487, 0.0435, 0.7387, 0.0264, 0.0776, 0.0364], [0.0503, 0.0564, 0.0383, 0.7425, 0.0363, 0.0464, 0.0298], [0.0643, 0.0293, 0.0778, 0.731, 0.042, 0.0297, 0.026], [0.0544, 0.0358, 0.0577, 0.6905, 0.0351, 0.0549, 0.0716], [0.0277, 0.0214, 0.0782, 0.7129, 0.0307, 0.0636, 0.0657], [0.0888, 0.016, 0.0156, 0.7414, 0.0966, 0.0211, 0.0205], [0.0786, 0.0385, 0.0493, 0.6966, 0.0406, 0.0218, 0.0745], [0.0991, 0.098, 0.0238, 0.6353, 0.0484, 0.0254, 0.07], [0.0322, 0.0453, 0.0338, 0.7455, 0.0708, 0.0342, 0.0382], [0.0641, 0.0645, 0.0177, 0.6609, 0.0738, 0.0487, 0.0703], [0.04, 0.0624, 0.0459, 0.6947, 0.0281, 0.0724, 0.0564], [0.0584, 0.048, 0.0436, 0.744, 0.0121, 0.0775, 0.0164], [0.0213, 0.0415, 0.0162, 0.7585, 0.0535, 0.0651, 0.0438], [0.0358, 0.0548, 0.073, 0.6741, 0.0387, 0.0673, 0.0563], [0.0856, 0.0621, 0.0652, 0.6925, 0.0191, 0.0462, 0.0293], [0.066, 0.038, 0.0744, 0.6747, 0.0578, 0.0224, 0.0666], [0.0632, 0.0361, 0.0612, 0.7427, 0.022, 0.0536, 0.0211], [0.0493, 0.0419, 0.0773, 0.6704, 0.0445, 0.0537, 0.0629], [0.0218, 0.0426, 0.0465, 0.7563, 0.0269, 0.0634, 0.0424], [0.0626, 0.0217, 0.0291, 0.7779, 0.0341, 0.0443, 0.0304], [0.0669, 0.0462, 0.056, 0.7365, 0.0397, 0.0159, 0.0388], [0.101, 0.0495, 0.0218, 0.6676, 0.0496, 0.0376, 0.073], [0.0652, 0.0693, 0.045, 0.7071, 0.0846, 0.013, 0.0158], [0.0435, 0.0289, 0.0119, 0.7944, 0.0162, 0.0594, 0.0456]], "emotions": ["green", "green", "green", "green", "green", "green", "green", "green", "green", "green", "green", "green", "green", "green", "green", "green", "green", "green", "green", "green", "green", "green", "green", "green", "green", "green", "green", "green", "green", "green", "green", "green", "green", "green", "green", "green", "green", "green", "green", "green", "green", "green", "green", "green", "green", "green", "green", "green", "green", "green", "green", "green", "green", "green", "green", "green", "green", "green", "green", "green", "green", "green", "green", "green", "green", "green", "green", "green", "green", "green", "green", "green", "green", "green", "green", "green", "green", "green", "green", "green"], "timestamps": [0, 40, 80, 120, 160, 200, 240, 280, 320, 360, 400, 440, 480, 520, 560, 600, 640, 680, 720, 760, 800, 840, 880, 920, 960, 1000, 1040, 1080, 1120, 1160, 1200, 1240, 1280, 1320, 1360, 1400, 1440, 1480, 1520, 1560, 1600, 1640, 1680, 1720, 1760, 1800, 1840, 1880, 1920, 1960, 2000, 2040, 2080, 2120, 2160, 2200, 2240, 2280, 2320, 2360, 2400, 2440, 2480, 2520, 2560, 2600, 2640, 2680, 2720, 2760, 2800, 2840, 2880, 2920, 2960, 3000, 3040, 3080, 3120, 3160]}], "conversation": [], "conversation_timestamps": []}