{"agent_id": "agent-blue-1070", "type": "blue", "trips": [{"trip_id": 0, "transport_method": "foot", "start_time": 0, "path": [[1.5135881, 42.5049673], [1.5137352, 42.5050774], [1.5138824, 42.5051874], [1.514057, 42.5052394], [1.5142107, 42.5051554], [1.5141439, 42.5049936], [1.5140091, 42.5048692], [1.5138692, 42.5047501], [1.5137297, 42.5046305], [1.5135902, 42.5045108], [1.5134508, 42.5043912], [1.5133113, 42.5042715], [1.5131988, 42.5041328], [1.5132505, 42.503999], [1.513394, 42.5040086], [1.5135237, 42.5041388], [1.5136534, 42.5042689], [1.5137831, 42.5043991], [1.513922, 42.5045181], [1.5140746, 42.5046205], [1.5142272, 42.5047229], [1.5143797, 42.5048253], [1.5145383, 42.5049171], [1.5147052, 42.5049939], [1.5148722, 42.5050706], [1.5148502, 42.5051069], [1.5147594, 42.5049551], [1.5146675, 42.5047964], [1.5145232, 42.5047372], [1.5144751, 42.5048866], [1.5146548, 42.5049252], [1.5148344, 42.5049639], [1.5150141, 42.5050025], [1.5149858, 42.504851], [1.5149244, 42.5046786], [1.5148751, 42.5045589], [1.5149544, 42.5047235], [1.5149714, 42.5046264], [1.5149928, 42.5045367], [1.5151045, 42.5046803], [1.5152455, 42.5047978], [1.515395, 42.5049046], [1.515545, 42.5050107], [1.5157014, 42.5051044], [1.5158815, 42.5051391], [1.5160644, 42.5051561], [1.5162474, 42.5051732], [1.5164285, 42.5051992], [1.5165931, 42.5052811], [1.5167593, 42.5053594], [1.5169259, 42.5054368], [1.5169759, 42.5053238], [1.5171525, 42.5053746], [1.5173327, 42.50541], [1.5175156, 42.5054262], [1.5176715, 42.5053765], [1.5178413, 42.5053987], [1.5180176, 42.5053477], [1.518186, 42.5052741], [1.5183437, 42.5051804], [1.5184842, 42.5050625], [1.5185863, 42.504943], [1.5187615, 42.5049972], [1.5189414, 42.5050345], [1.5191216, 42.5050705], [1.5193017, 42.5051065], [1.5194818, 42.5051061], [1.5196618, 42.505069], [1.5198414, 42.5050642], [1.5200205, 42.5051054], [1.5201995, 42.5051467], [1.5203786, 42.505188], [1.5205577, 42.5052292], [1.5207367, 42.5052705], [1.5209158, 42.5053118], [1.5210829, 42.5053649], [1.5210044, 42.5055174], [1.5209571, 42.505695], [1.5208822, 42.5058511], [1.5209467, 42.5059008]], "mood_vectors": [[0.0283, 0.061, 0.0208, 0.705, 0.0645, 0.0735, 0.047], [0.0702, 0.0587, 0.0739, 0.6315, 0.0497, 0.0571, 0.0589], [0.0723, 0.059, 0.044, 0.6468, 0.0803, 0.0587, 0.0389], [0.0144, 0.0655, 0.0485, 0.6921, 0.0673, 0.066, 0.0462], [0.041, 0.0509, 0.0489, 0.6574, 0.0885, 0.0869, 0.0263], [0.0243, 0.0759, 0.0712, 0.6964, 0.0133, 0.0702, 0.0487], [0.0843, 0.0318, 0.0157, 0.728, 0.0401, 0.05, 0.0501], [0.039, 0.0521, 0.0539, 0.7155, 0.0364, 0.0655, 0.0375], [0.0143, 0.0231, 0.0242, 0.7899, 0.0484, 0.0629, 0.0372], [0.0806, 0.0395, 0.0627, 0.7403, 0.0157, 0.0261, 0.0351], [0.0751, 0.0584, 0.0449, 0.6174, 0.0886, 0.086, 0.0296], [0.0245, 0.0261, 0.0427, 0.7667, 0.0612, 0.0586, 0.0203], [0.0687, 0.0544, 0.0591, 0.6449, 0.0703, 0.0436, 0.0589], [0.0564, 0.0272, 0.0307, 0.7161, 0.0924, 0.0245, 0.0526], [0.0722, 0.0302, 0.0316, 0.7492, 0.0499, 0.0169, 0.0501], [0.0463, 0.0457, 0.0796, 0.6886, 0.0611, 0.0195, 0.0592], [0.0249, 0.0452, 0.0433, 0.699, 0.0743, 0.0623, 0.0509], [0.0421, 0.0504, 0.0544, 0.674, 0.0768, 0.0847, 0.0176], [0.045, 0.0725, 0.0612, 0.7074, 0.0477, 0.0347, 0.0315], [0.0589, 0.0689, 0.0819, 0.6449, 0.0294, 0.0766, 0.0393], [0.0407, 0.043, 0.0167, 0.696, 0.0647, 0.0594, 0.0796], [0.0629, 0.0558, 0.0398, 0.6277, 0.0724, 0.0905, 0.0507], [0.0305, 0.0312, 0.0724, 0.7125, 0.029, 0.0651, 0.0593], [0.0647, 0.0746, 0.0769, 0.7, 0.038, 0.0291, 0.0166], [0.061, 0.0934, 0.0742, 0.649, 0.0306, 0.0662, 0.0257], [0.073, 0.0722, 0.028, 0.7157, 0.0362, 0.0408, 0.0341], [0.0365, 0.0899, 0.0379, 0.6113, 0.0907, 0.0905, 0.0432], [0.0531, 0.065, 0.0278, 0.7307, 0.043, 0.0324, 0.0482], [0.0845, 0.0276, 0.0781, 0.6559, 0.0326, 0.0675, 0.0537], [0.0461, 0.0367, 0.0795, 0.6703, 0.0162, 0.0835, 0.0677], [0.0819, 0.072, 0.0273, 0.6584, 0.0604, 0.0201, 0.0799], [0.0478, 0.0276, 0.075, 0.7664, 0.0225, 0.0458, 0.0148], [0.0318, 0.0443, 0.0551, 0.7296, 0.0458, 0.0497, 0.0437], [0.0555, 0.0225, 0.0155, 0.724, 0.0674, 0.0852, 0.0297], [0.0504, 0.0515, 0.0376, 0.6665, 0.0687, 0.069, 0.0564], [0.0361, 0.0402, 0.0322, 0.751, 0.0336, 0.0575, 0.0493], [0.0558, 0.062, 0.0528, 0.655, 0.0654, 0.0502, 0.0589], [0.063, 0.0293, 0.0262, 0.7133, 0.0709, 0.0808, 0.0165], [0.0213, 0.0516, 0.0151, 0.7631, 0.0841, 0.0215, 0.0434], [0.0405, 0.0323, 0.0271, 0.7692, 0.0591, 0.0437, 0.0281], [0.0691, 0.0802, 0.0818, 0.6149, 0.0167, 0.0823, 0.0551], [0.0353, 0.075, 0.0294, 0.7218, 0.0619, 0.031, 0.0455], [0.0212, 0.0739, 0.0552, 0.7377, 0.0427, 0.0362, 0.033], [0.0272, 0.037, 0.0226, 0.8275, 0.0478, 0.0177, 0.0202], [0.0646, 0.0366, 0.0244, 0.6867, 0.0581, 0.0736, 0.056], [0.0502, 0.0294, 0.0749, 0.7271, 0.0514, 0.033, 0.0338], [0.0488, 0.0695, 0.0353, 0.7257, 0.0161, 0.0884, 0.0163], [0.0686, 0.0622, 0.0529, 0.6595, 0.0215, 0.0654, 0.0699], [0.0538, 0.0641, 0.0192, 0.6865, 0.0708, 0.0321, 0.0733], [0.043, 0.0766, 0.0554, 0.725, 0.0503, 0.0248, 0.0249], [0.047, 0.0291, 0.0686, 0.7507, 0.03, 0.0483, 0.0263], [0.0701, 0.0336, 0.0708, 0.6772, 0.0591, 0.0435, 0.0457], [0.0509, 0.0872, 0.0457, 0.6948, 0.0331, 0.0459, 0.0424], [0.0516, 0.048, 0.0704, 0.6867, 0.0364, 0.0539, 0.053], [0.0132, 0.0527, 0.0475, 0.7632, 0.0418, 0.0573, 0.0244], [0.069, 0.0437, 0.0148, 0.7023, 0.0531, 0.0797, 0.0373], [0.0641, 0.0682, 0.0467, 0.6522, 0.0374, 0.0617, 0.0697], [0.0461, 0.0792, 0.0416, 0.6552, 0.0698, 0.0314, 0.0768], [0.0337, 0.019, 0.0671, 0.7799, 0.0258, 0.0221, 0.0524], [0.031, 0.0473, 0.0474, 0.701, 0.0619, 0.0574, 0.0541], [0.0602, 0.0221, 0.0905, 0.6437, 0.0647, 0.0273, 0.0916], [0.0801, 0.0631, 0.0272, 0.6825, 0.0519, 0.0216, 0.0736], [0.0456, 0.0576, 0.0608, 0.657, 0.0526, 0.0585, 0.0679], [0.02, 0.0493, 0.072, 0.7323, 0.0378, 0.0746, 0.0139], [0.0329, 0.0607, 0.0706, 0.7047, 0.0402, 0.0698, 0.0212], [0.0343, 0.0254, 0.0427, 0.7485, 0.0512, 0.0468, 0.0511], [0.0558, 0.0317, 0.0685, 0.6416, 0.0855, 0.0355, 0.0815], [0.0143, 0.0163, 0.0436, 0.7789, 0.045, 0.0319, 0.0701], [0.0326, 0.0707, 0.0766, 0.6817, 0.0205, 0.0508, 0.0671], [0.0348, 0.0194, 0.0187, 0.8059, 0.0248, 0.0164, 0.0799], [0.0282, 0.0226, 0.0848, 0.7102, 0.0383, 0.0498, 0.0662], [0.0652, 0.0547, 0.0566, 0.6686, 0.0611, 0.0336, 0.0601], [0.0174, 0.0287, 0.0212, 0.8221, 0.0477, 0.0207, 0.0422], [0.0645, 0.0544, 0.068, 0.653, 0.0588, 0.0599, 0.0413], [0.0341, 0.057, 0.0308, 0.7137, 0.0135, 0.0833, 0.0677], [0.0888, 0.0217, 0.0235, 0.6693, 0.082, 0.0452, 0.0694], [0.0341, 0.0493, 0.0241, 0.7466, 0.0171, 0.0644, 0.0644], [0.0692, 0.0541, 0.067, 0.6543, 0.0758, 0.0514, 0.0282], [0.0836, 0.0375, 0.0297, 0.7164, 0.0203, 0.0518, 0.0606], [0.0401, 0.0383, 0.055, 0.7094, 0.0311, 0.042, 0.0841]], "emotions": ["green", "green", "green", "green", "green", "green", "green", "green", "green", "green", "green", "green", "green", "green", "green", "green", "green", "green", "green", "green", "green", "green", "green", "green", "green", "green", "green", "green", "green", "green", "green", "green", "green", "green", "green", "green", "green", "green", "green", "green", "green", "green", "green", "green", "green", "green", "green", "green", "green", "green", "green", "green", "green", "green", "green", "green", "green", "green", "green", "green", "green", "green", "green", "green", "green", "green", "green", "green", "green", "green", "green", "green", "green", "green", "green", "green", "green", "green", "green", "green"], "timestamps": [0, 40, 80, 120, 160, 200, 240, 280, 320, 360, 400, 440, 480, 520, 560, 600, 640, 680, 720, 760, 800, 840, 880, 920, 960, 1000, 1040, 1080, 1120, 1160, 1200, 1240, 1280, 1320, 1360, 1400, 1440, 1480, 1520, 1560, 1600, 1640, 1680, 1720, 1760, 1800, 1840, 1880, 1920, 1960, 2000, 2040, 2080, 2120, 2160, 2200, 2240, 2280, 2320, 2360, 2400, 2440, 2480, 2520, 2560, 2600, 2640, 2680, 2720, 2760, 2800, 2840, 2880, 2920, 2960, 3000, 3040, 3080, 3120, 3160]}], "conversation": [], "conversation_timestamps": []}