{"agent_id": "agent-red-941", "type": "red", "trips": [{"trip_id": 0, "transport_method": "foot", "start_time": 0, "path": [[1.585104, 42.5334054], [1.5843996, 42.5327377], [1.5836382, 42.5321405], [1.5827578, 42.5317486], [1.5817914, 42.5316964], [1.5808213, 42.5317341], [1.5798512, 42.531767], [1.578881, 42.5318013], [1.5779107, 42.5317809], [1.5769437, 42.5316966], [1.5759845, 42.531549], [1.5750363, 42.5313425], [1.5742797, 42.5307568], [1.5735679, 42.5300966], [1.5733185, 42.5299356], [1.5738674, 42.5307217], [1.5747009, 42.5312122], [1.5742301, 42.5307148], [1.5735159, 42.5300572], [1.5727647, 42.5294524], [1.5718105, 42.529358], [1.570992, 42.5291234], [1.5702155, 42.5285406], [1.5694903, 42.5279938], [1.5703014, 42.5285272], [1.5710753, 42.5291054], [1.5708619, 42.5290666], [1.5700539, 42.5285284], [1.5692459, 42.5279902], [1.5684379, 42.527452], [1.5676299, 42.5269138], [1.568187, 42.5272356], [1.569012, 42.5277306], [1.5684065, 42.5273442], [1.5676004, 42.5268032], [1.5667942, 42.5262623], [1.5659853, 42.5257305], [1.5650946, 42.5253468], [1.5641628, 42.5251287], [1.5632865, 42.5247389], [1.5624504, 42.5242732], [1.5618153, 42.5235415], [1.5610543, 42.5229412], [1.5602234, 42.5224495], [1.5594787, 42.5218691], [1.5587016, 42.521305], [1.5579873, 42.5206478], [1.5573041, 42.5199582], [1.5568682, 42.519522], [1.5565002, 42.5190114], [1.5562691, 42.5187202], [1.5565241, 42.5191691], [1.555784, 42.5185408], [1.5555731, 42.5181355], [1.5550322, 42.5179479], [1.5545506, 42.517539], [1.5538215, 42.5168979], [1.554175, 42.5174102], [1.5542671, 42.5173632], [1.5536435, 42.5166191], [1.5533103, 42.5157166], [1.5527757, 42.5149105], [1.5527101, 42.513954], [1.5520684, 42.5132978], [1.5512381, 42.5128061], [1.5504866, 42.512217], [1.5496187, 42.5118113], [1.5486811, 42.5115614], [1.5477363, 42.5113384], [1.5468036, 42.511071], [1.5463411, 42.5102932], [1.5464035, 42.5100772], [1.5458945, 42.5095832], [1.5449702, 42.5093313], [1.5440113, 42.5092304], [1.5430854, 42.5089651], [1.5421264, 42.5088974], [1.5412447, 42.5091719], [1.5403948, 42.5095746], [1.539566, 42.5100539]], "mood_vectors": [[0.6728, 0.0499, 0.0453, 0.0905, 0.0777, 0.035, 0.0288], [0.7292, 0.019, 0.0397, 0.0699, 0.0416, 0.0434, 0.0572], [0.76, 0.04, 0.0385, 0.0151, 0.0514, 0.0472, 0.0478], [0.7938, 0.0432, 0.0133, 0.0259, 0.0484, 0.0406, 0.0349], [0.6897, 0.0151, 0.0557, 0.0637, 0.0625, 0.0717, 0.0416], [0.7158, 0.0505, 0.0311, 0.0647, 0.0128, 0.0627, 0.0625], [0.6802, 0.0313, 0.0473, 0.0358, 0.0724, 0.0711, 0.0617], [0.6459, 0.0306, 0.0211, 0.0689, 0.0867, 0.0475, 0.0993], [0.7741, 0.0668, 0.0279, 0.0651, 0.027, 0.0254, 0.0137], [0.6944, 0.0637, 0.0303, 0.0762, 0.0592, 0.0147, 0.0615], [0.7439, 0.0682, 0.0182, 0.0422, 0.0717, 0.0355, 0.0203], [0.7308, 0.0282, 0.0264, 0.031, 0.0532, 0.0686, 0.0618], [0.6841, 0.0662, 0.03, 0.0841, 0.0179, 0.0613, 0.0563], [0.7203, 0.0666, 0.0963, 0.0236, 0.0514, 0.0213, 0.0205], [0.6964, 0.0765, 0.0187, 0.028, 0.0593, 0.0274, 0.0937], [0.7889, 0.0463, 0.0227, 0.0357, 0.0315, 0.0259, 0.0491], [0.7454, 0.0262, 0.0521, 0.0302, 0.0533, 0.0399, 0.0529], [0.5812, 0.0777, 0.0654, 0.0378, 0.0881, 0.0938, 0.0561], [0.7155, 0.0561, 0.0634, 0.0166, 0.0531, 0.0704, 0.0248], [0.6532, 0.07, 0.0386, 0.0687, 0.0345, 0.0631, 0.0719], [0.7561, 0.0139, 0.0729, 0.0183, 0.039, 0.0677, 0.0322], [0.6792, 0.0763, 0.0676, 0.0263, 0.0693, 0.0531, 0.0282], [0.7272, 0.039, 0.0282, 0.0609, 0.0572, 0.0595, 0.028], [0.5852, 0.0234, 0.054, 0.0883, 0.0916, 0.0767, 0.0807], [0.6515, 0.0224, 0.0897, 0.0432, 0.0703, 0.0445, 0.0782], [0.7773, 0.0275, 0.0364, 0.0524, 0.0189, 0.0261, 0.0614], [0.7027, 0.0743, 0.0196, 0.0775, 0.066, 0.0196, 0.0403], [0.8004, 0.0528, 0.0445, 0.0427, 0.0227, 0.0164, 0.0205], [0.6737, 0.066, 0.0615, 0.0348, 0.0397, 0.0421, 0.0822], [0.6424, 0.0219, 0.0654, 0.0631, 0.054, 0.075, 0.0782], [0.7192, 0.077, 0.0607, 0.0535, 0.0502, 0.0132, 0.0263], [0.6999, 0.0694, 0.0696, 0.0534, 0.0273, 0.0515, 0.029], [0.7227, 0.0339, 0.0656, 0.0588, 0.0493, 0.0317, 0.0379], [0.76, 0.0226, 0.0589, 0.0537, 0.0328, 0.0273, 0.0447], [0.7321, 0.0404, 0.057, 0.0573, 0.0599, 0.0135, 0.0397], [0.8362, 0.0192, 0.0692, 0.0139, 0.0186, 0.0304, 0.0126], [0.6372, 0.0629, 0.0603, 0.0557, 0.0633, 0.0766, 0.044], [0.6328, 0.0703, 0.0677, 0.069, 0.0881, 0.0292, 0.0429], [0.759, 0.0316, 0.0206, 0.0261, 0.0391, 0.0502, 0.0734], [0.7848, 0.0127, 0.0556, 0.0151, 0.0539, 0.0216, 0.0563], [0.6825, 0.0802, 0.0353, 0.0741, 0.0338, 0.0271, 0.067], [0.6118, 0.0361, 0.1002, 0.0595, 0.0673, 0.0885, 0.0367], [0.7321, 0.0552, 0.0598, 0.0586, 0.0295, 0.0292, 0.0356], [0.664, 0.0594, 0.0563, 0.057, 0.054, 0.0617, 0.0477], [0.7093, 0.0706, 0.0656, 0.0779, 0.0149, 0.0192, 0.0425], [0.7188, 0.0537, 0.0581, 0.0172, 0.0565, 0.0449, 0.0507], [0.6963, 0.018, 0.0224, 0.0477, 0.1046, 0.0532, 0.0578], [0.7268, 0.0114, 0.0711, 0.0611, 0.067, 0.0422, 0.0204], [0.6833, 0.04, 0.0562, 0.0153, 0.0672, 0.0707, 0.0673], [0.7437, 0.0378, 0.0426, 0.0242, 0.0349, 0.0675, 0.0493], [0.6465, 0.076, 0.068, 0.0231, 0.0701, 0.0502, 0.0661], [0.7441, 0.0462, 0.0379, 0.0631, 0.0207, 0.0196, 0.0684], [0.7847, 0.047, 0.0338, 0.0244, 0.0403, 0.0183, 0.0515], [0.7495, 0.0304, 0.0158, 0.0697, 0.0482, 0.0119, 0.0745], [0.7229, 0.0741, 0.0695, 0.0384, 0.0529, 0.0167, 0.0256], [0.71, 0.0755, 0.0593, 0.0709, 0.0186, 0.0281, 0.0375], [0.6888, 0.0643, 0.0532, 0.0508, 0.0396, 0.0429, 0.0605], [0.7741, 0.0189, 0.0798, 0.0221, 0.0734, 0.0169, 0.0148], [0.6779, 0.0717, 0.0154, 0.0572, 0.0724, 0.0811, 0.0245], [0.7125, 0.0659, 0.0484, 0.0475, 0.029, 0.0758, 0.0209], [0.7155, 0.0656, 0.0221, 0.0574, 0.0492, 0.0725, 0.0177], [0.7045, 0.0227, 0.0716, 0.0384, 0.0371, 0.0651, 0.0605], [0.7261, 0.0268, 0.0773, 0.0373, 0.0444, 0.0487, 0.0394], [0.6853, 0.0582, 0.0677, 0.0603, 0.062, 0.0546, 0.0119], [0.7449, 0.0257, 0.0289, 0.085, 0.0195, 0.0779, 0.0181], [0.7628, 0.0571, 0.0263, 0.0324, 0.0586, 0.041, 0.0218], [0.721, 0.0488, 0.0406, 0.0274, 0.0576, 0.0167, 0.0879], [0.6474, 0.0915, 0.0243, 0.0464, 0.052, 0.0681, 0.0704], [0.601, 0.0257, 0.0631, 0.0742, 0.0777, 0.0764, 0.082], [0.6712, 0.076, 0.0656, 0.035, 0.0331, 0.0433, 0.0758], [0.6674, 0.0789, 0.0767, 0.0187, 0.055, 0.0356, 0.0676], [0.721, 0.083, 0.0385, 0.0259, 0.0445, 0.0707, 0.0163], [0.7077, 0.0838, 0.0392, 0.0185, 0.0633, 0.0451, 0.0425], [0.6742, 0.0397, 0.0253, 0.0831, 0.0211, 0.0881, 0.0687], [0.717, 0.0751, 0.0534, 0.038, 0.0559, 0.0203, 0.0403], [0.7041, 0.0227, 0.0823, 0.023, 0.0714, 0.0211, 0.0753], [0.7331, 0.0871, 0.019, 0.0251, 0.0368, 0.0326, 0.0663], [0.6604, 0.0858, 0.0616, 0.0587, 0.0218, 0.0559, 0.0559], [0.7356, 0.0187, 0.0703, 0.042, 0.0379, 0.0504, 0.0452], [0.7197, 0.0337, 0.0806, 0.0316, 0.0779, 0.0363, 0.0203]], "emotions": ["red", "red", "red", "red", "red", "red", "red", "red", "red", "red", "red", "red", "red", "red", "red", "red", "red", "red", "red", "red", "red", "red", "red", "red", "red", "red", "red", "red", "red", "red", "red", "red", "red", "red", "red", "red", "red", "red", "red", "red", "red", "red", "red", "red", "red", "red", "red", "red", "red", "red", "red", "red", "red", "red", "red", "red", "red", "red", "red", "red", "red", "red", "red", "red", "red", "red", "red", "red", "red", "red", "red", "red", "red", "red", "red", "red", "red", "red", "red", "red"], "timestamps": [0, 40, 80, 120, 160, 200, 240, 280, 320, 360, 400, 440, 480, 520, 560, 600, 640, 680, 720, 760, 800, 840, 880, 920, 960, 1000, 1040, 1080, 1120, 1160, 1200, 1240, 1280, 1320, 1360, 1400, 1440, 1480, 1520, 1560, 1600, 1640, 1680, 1720, 1760, 1800, 1840, 1880, 1920, 1960, 2000, 2040, 2080, 2120, 2160, 2200, 2240, 2280, 2320, 2360, 2400, 2440, 2480, 2520, 2560, 2600, 2640, 2680, 2720, 2760, 2800, 2840, 2880, 2920, 2960, 3000, 3040, 3080, 3120, 3160]}], "conversation": [], "conversation_timestamps": []}