{"agent_id": "agent-green-1847", "type": "green", "trips": [{"trip_id": 0, "transport_method": "foot", "start_time": 0, "path": [[1.5832103, 42.5339377], [1.5823683, 42.53361], [1.5810951, 42.5338964], [1.5799149, 42.5342719], [1.5792405, 42.5352051], [1.5799388, 42.5360948], [1.57925, 42.5370999], [1.5787284, 42.5377856], [1.5774819, 42.5375515], [1.5768826, 42.5378549], [1.576493, 42.5384431], [1.57605, 42.5389435], [1.575656, 42.5394264], [1.5749567, 42.5398823], [1.5747146, 42.5407357], [1.5752261, 42.5415338], [1.5757846, 42.5421764], [1.5767058, 42.542836], [1.5777668, 42.5434394], [1.5784611, 42.5441791], [1.578591, 42.5449364], [1.5794899, 42.5456183], [1.5790419, 42.5463935], [1.5798076, 42.5473466], [1.5802313, 42.5485329], [1.5802016, 42.5498406], [1.5796919, 42.5510284], [1.5792219, 42.5522282], [1.5782398, 42.5530922], [1.5770321, 42.5536085], [1.5758403, 42.5541405], [1.5748166, 42.5548596], [1.5735236, 42.5550911], [1.5745662, 42.555035], [1.5743479, 42.554961], [1.5730605, 42.5552224], [1.5719351, 42.5556294], [1.5709905, 42.5560286], [1.5696959, 42.5558326], [1.5683949, 42.5556647], [1.5671312, 42.5553175], [1.5658725, 42.5549421], [1.5645918, 42.5547646], [1.5634675, 42.5553244], [1.563046, 42.5558095], [1.5639827, 42.5549299], [1.5631307, 42.5554853], [1.5621261, 42.5562946], [1.5616494, 42.5568261], [1.5629018, 42.5572009], [1.5628056, 42.5576247], [1.5615221, 42.5578732], [1.5602192, 42.5580052], [1.5589199, 42.5580909], [1.5576144, 42.5579707], [1.5563054, 42.5580361], [1.554996, 42.5581131], [1.5537676, 42.5582446], [1.5549991, 42.5585084], [1.5563044, 42.5586432], [1.5558264, 42.5589442], [1.5545242, 42.5590065], [1.5534571, 42.5590684], [1.5521951, 42.5587599], [1.5509178, 42.5586673], [1.5496464, 42.5584337], [1.54835, 42.5582698], [1.5470455, 42.5582904], [1.5459497, 42.5578692], [1.5452559, 42.5572523], [1.5440941, 42.5574503], [1.5428464, 42.5578339], [1.541821, 42.5579107], [1.5410964, 42.5580892], [1.5398667, 42.5579202], [1.5386452, 42.5574443], [1.5374844, 42.5571594], [1.5371155, 42.5566229], [1.5370561, 42.5554061], [1.5369913, 42.5542108]], "mood_vectors": [[0.0592, 0.028, 0.0761, 0.043, 0.0282, 0.037, 0.7285], [0.0257, 0.0133, 0.0675, 0.085, 0.0519, 0.0574, 0.6992], [0.0655, 0.0637, 0.0472, 0.0587, 0.0512, 0.0424, 0.6713], [0.0628, 0.0545, 0.0446, 0.0612, 0.0246, 0.0654, 0.6869], [0.0245, 0.0768, 0.0328, 0.0347, 0.0779, 0.013, 0.7402], [0.0146, 0.0488, 0.077, 0.0689, 0.0161, 0.0439, 0.7308], [0.0539, 0.0581, 0.046, 0.0475, 0.0716, 0.0716, 0.6513], [0.0612, 0.0703, 0.0486, 0.0389, 0.0731, 0.0726, 0.6354], [0.0176, 0.0557, 0.0661, 0.0398, 0.0675, 0.0247, 0.7286], [0.0504, 0.033, 0.0453, 0.0152, 0.0556, 0.0679, 0.7326], [0.057, 0.027, 0.0208, 0.0329, 0.0189, 0.0802, 0.7633], [0.0202, 0.0216, 0.0619, 0.0903, 0.0712, 0.0444, 0.6902], [0.0119, 0.0722, 0.0285, 0.0126, 0.0775, 0.0295, 0.7678], [0.0565, 0.0252, 0.0657, 0.085, 0.0474, 0.0539, 0.6664], [0.0503, 0.0838, 0.076, 0.0557, 0.0665, 0.0467, 0.6209], [0.0797, 0.0501, 0.0779, 0.0592, 0.0125, 0.0599, 0.6607], [0.0515, 0.0844, 0.0361, 0.066, 0.0306, 0.0306, 0.7007], [0.0601, 0.0588, 0.0806, 0.0728, 0.0199, 0.0298, 0.678], [0.036, 0.0741, 0.0457, 0.047, 0.0857, 0.0837, 0.6279], [0.0141, 0.0394, 0.0715, 0.0636, 0.061, 0.0246, 0.7257], [0.0189, 0.0399, 0.0462, 0.0481, 0.0412, 0.0769, 0.729], [0.0671, 0.0274, 0.0552, 0.0433, 0.0334, 0.0581, 0.7154], [0.0485, 0.0351, 0.0198, 0.0985, 0.0791, 0.0218, 0.6972], [0.0599, 0.0132, 0.0635, 0.0616, 0.0517, 0.0209, 0.7293], [0.028, 0.0537, 0.0458, 0.0627, 0.0848, 0.0799, 0.6452], [0.0342, 0.0501, 0.0756, 0.079, 0.0399, 0.0582, 0.6629], [0.0237, 0.0757, 0.0156, 0.0228, 0.0219, 0.0683, 0.7721], [0.0539, 0.0312, 0.0784, 0.0457, 0.029, 0.08, 0.6818], [0.0194, 0.0278, 0.0455, 0.021, 0.0649, 0.0698, 0.7515], [0.0373, 0.025, 0.0362, 0.0647, 0.0848, 0.0223, 0.7297], [0.0621, 0.0156, 0.0179, 0.0413, 0.0619, 0.0734, 0.7278], [0.0498, 0.0715, 0.0322, 0.0184, 0.0726, 0.0603, 0.6952], [0.0534, 0.0457, 0.0462, 0.0388, 0.0428, 0.0475, 0.7257], [0.0385, 0.0717, 0.0409, 0.0491, 0.0777, 0.0286, 0.6934], [0.0465, 0.0234, 0.0481, 0.071, 0.0123, 0.0708, 0.7279], [0.0417, 0.0527, 0.072, 0.0523, 0.0564, 0.0307, 0.6942], [0.0314, 0.0563, 0.074, 0.0284, 0.0243, 0.0413, 0.7444], [0.0317, 0.0889, 0.0595, 0.0289, 0.0402, 0.0269, 0.7239], [0.0626, 0.0678, 0.0842, 0.0157, 0.0441, 0.0207, 0.7049], [0.059, 0.0119, 0.0619, 0.0145, 0.0472, 0.0574, 0.7481], [0.0596, 0.0376, 0.0415, 0.0194, 0.0569, 0.0641, 0.7208], [0.0555, 0.0498, 0.0747, 0.0753, 0.0793, 0.0778, 0.5877], [0.0281, 0.0126, 0.0375, 0.0576, 0.0613, 0.0484, 0.7544], [0.0205, 0.0412, 0.0654, 0.0139, 0.0788, 0.0242, 0.756], [0.0657, 0.0339, 0.0578, 0.0588, 0.051, 0.051, 0.6819], [0.0516, 0.0683, 0.0211, 0.062, 0.0145, 0.0923, 0.6902], [0.0166, 0.0147, 0.0636, 0.0649, 0.0321, 0.0642, 0.7438], [0.0608, 0.0527, 0.0423, 0.0432, 0.0644, 0.0446, 0.692], [0.0503, 0.0677, 0.0532, 0.0422, 0.0676, 0.0246, 0.6943], [0.0211, 0.0737, 0.0438, 0.0468, 0.0472, 0.0662, 0.7013], [0.0882, 0.0169, 0.1023, 0.0382, 0.0203, 0.0513, 0.6828], [0.0152, 0.018, 0.0671, 0.0284, 0.0768, 0.0347, 0.7599], [0.0584, 0.0368, 0.0787, 0.0583, 0.0886, 0.0339, 0.6452], [0.038, 0.0579, 0.0379, 0.0709, 0.0221, 0.0397, 0.7336], [0.0649, 0.0526, 0.0456, 0.0392, 0.0671, 0.0157, 0.7149], [0.0705, 0.0377, 0.0639, 0.0277, 0.0316, 0.0706, 0.698], [0.0702, 0.0187, 0.0604, 0.0303, 0.0215, 0.0952, 0.7037], [0.0379, 0.0398, 0.0454, 0.0752, 0.0777, 0.0405, 0.6834], [0.0333, 0.0528, 0.0857, 0.0305, 0.0279, 0.0436, 0.7262], [0.0551, 0.0788, 0.0808, 0.0555, 0.0423, 0.0213, 0.6662], [0.0757, 0.0261, 0.0303, 0.0182, 0.0721, 0.0837, 0.6939], [0.0171, 0.0234, 0.044, 0.0735, 0.018, 0.094, 0.73], [0.0502, 0.0413, 0.0501, 0.0413, 0.0322, 0.0362, 0.7487], [0.0937, 0.0473, 0.0436, 0.0513, 0.0781, 0.075, 0.6111], [0.0236, 0.0631, 0.0254, 0.064, 0.0257, 0.0481, 0.7501], [0.0437, 0.0922, 0.0859, 0.0203, 0.0227, 0.066, 0.6692], [0.025, 0.0281, 0.0593, 0.0769, 0.0167, 0.0185, 0.7756], [0.0616, 0.0522, 0.0387, 0.0452, 0.0329, 0.0541, 0.7153], [0.0702, 0.0691, 0.0648, 0.0248, 0.0217, 0.0563, 0.693], [0.052, 0.0365, 0.0382, 0.0519, 0.02, 0.0555, 0.7459], [0.097, 0.0376, 0.0544, 0.0684, 0.0638, 0.0268, 0.6519], [0.0403, 0.0238, 0.0202, 0.0241, 0.0379, 0.0471, 0.8066], [0.0411, 0.067, 0.0655, 0.0271, 0.0713, 0.0783, 0.6497], [0.0425, 0.09, 0.0439, 0.0356, 0.0318, 0.0212, 0.735], [0.0193, 0.027, 0.0425, 0.0444, 0.0586, 0.0272, 0.7809], [0.0632, 0.0661, 0.0246, 0.066, 0.0648, 0.0571, 0.6583], [0.0699, 0.0535, 0.0381, 0.0581, 0.0634, 0.0537, 0.6633], [0.0873, 0.0269, 0.0799, 0.0296, 0.0669, 0.0708, 0.6384], [0.0496, 0.057, 0.0568, 0.0621, 0.0417, 0.0426, 0.6903], [0.0207, 0.0881, 0.0378, 0.0431, 0.0365, 0.0258, 0.7481]], "emotions": ["purple", "purple", "purple", "purple", "purple", "purple", "purple", "purple", "purple", "purple", "purple", "purple", "purple", "purple", "purple", "purple", "purple", "purple", "purple", "purple", "purple", "purple", "purple", "purple", "purple", "purple", "purple", "purple", "purple", "purple", "purple", "purple", "purple", "purple", "purple", "purple", "purple", "purple", "purple", "purple", "purple", "purple", "purple", "purple", "purple", "purple", "purple", "purple", "purple", "purple", "purple", "purple", "purple", "purple", "purple", "purple", "purple", "purple", "purple", "purple", "purple", "purple", "purple", "purple", "purple", "purple", "purple", "purple", "purple", "purple", "purple", "purple", "purple", "purple", "purple", "purple", "purple", "purple", "purple", "purple"], "timestamps": [0, 40, 80, 120, 160, 200, 240, 280, 320, 360, 400, 440, 480, 520, 560, 600, 640, 680, 720, 760, 800, 840, 880, 920, 960, 1000, 1040, 1080, 1120, 1160, 1200, 1240, 1280, 1320, 1360, 1400, 1440, 1480, 1520, 1560, 1600, 1640, 1680, 1720, 1760, 1800, 1840, 1880, 1920, 1960, 2000, 2040, 2080, 2120, 2160, 2200, 2240, 2280, 2320, 2360, 2400, 2440, 2480, 2520, 2560, 2600, 2640, 2680, 2720, 2760, 2800, 2840, 2880, 2920, 2960, 3000, 3040, 3080, 3120, 3160]}], "conversation": [], "conversation_timestamps": []}