{
  "agent_id": "agent-type-orange-40",
  "type": "orange",
  "trips": [
    {
      "trip_id": 0,
      "transport_method": "car",
      "start_time": 0,
      "path": [
        [
          1.5253026999999995,
          42.5090063
        ],
        [
          1.5250347647349263,
          42.50895397975223
        ],
        [
          1.5247668294698533,
          42.50890165950445
        ],
        [
          1.5244988942047801,
          42.508849339256685
        ],
        [
          1.5242309589397072,
          42.50879701900891
        ],
        [
          1.523963023674634,
          42.508744698761134
        ],
        [
          1.5238916276850498,
          42.50891701662735
        ],
        [
          1.52382718430025,
          42.50887953771146
        ],
        [
          1.523750549994271,
          42.50887071692417
        ],
        [
          1.523943157989184,
          42.50873789164146
        ],
        [
          1.5236974271543182,
          42.5086189669956
        ],
        [
          1.5234516963194524,
          42.50850004234974
        ],
        [
          1.5232227952337936,
          42.50835347096848
        ],
        [
          1.5229708562628106,
          42.50832442202009
        ],
        [
          1.522709439606274,
          42.50840308615602
        ],
        [
          1.5224724336457482,
          42.508457317948675
        ],
        [
          1.5225508660307452,
          42.50819583166685
        ],
        [
          1.5224280162090484,
          42.508044553482556
        ],
        [
          1.5224874424953279,
          42.5079254393621
        ],
        [
          1.5225149817358548,
          42.507908512470216
        ],
        [
          1.5223969274730766,
          42.50803569797956
        ],
        [
          1.5226623540495339,
          42.50808353770039
        ],
        [
          1.5229347740282966,
          42.50806581568674
        ],
        [
          1.5231638703763364,
          42.50793658161834
        ],
        [
          1.523179667548479,
          42.50774722659439
        ],
        [
          1.5229128026793917,
          42.507689695244295
        ],
        [
          1.5226459378103043,
          42.5076321638942
        ],
        [
          1.5224828,
          42.50742999999999
        ]
      ],
      "emotions": [
        "red",
        "red",
        "red",
        "red",
        "red",
        "purple",
        "purple",
        "purple",
        "purple",
        "purple",
        "purple",
        "purple",
        "purple",
        "purple",
        "purple",
        "green",
        "green",
        "green",
        "green",
        "green",
        "red",
        "red",
        "red",
        "red",
        "red",
        "red",
        "red",
        "red"
      ],
      "mood_vectors": [
        [
          0.14096838775973952,
          0.08854997490355321,
          0.14785040914528505,
          0.10880387929765521,
          0.1835490494024803,
          0.13424053525390334,
          0.19603776423738345
        ],
        [
          0.15256276753422968,
          0.1883860043452163,
          0.10484751587669641,
          0.19651679137799968,
          0.049951010358483476,
          0.26049005634557243,
          0.047245854161801985
        ],
        [
          0.17805781834132423,
          0.16684974913859169,
          0.1806930103595046,
          0.15006182841206195,
          0.060849445231154584,
          0.12784894927098467,
          0.1356391992463782
        ],
        [
          0.1480055634028027,
          0.3292701357767559,
          0.23776131172882434,
          0.037139040195383805,
          0.05467727820597932,
          0.0018492866824940902,
          0.19129738400775992
        ],
        [
          0.09974835601073069,
          0.0707344376304098,
          0.22809546789802565,
          0.08007727747884101,
          0.13158359538152475,
          0.20090102416980446,
          0.18885984143066362
        ],
        [
          0.11518393224633687,
          0.2791708430144472,
          0.15935654573089694,
          0.15771554958907968,
          0.157126828310177,
          0.04976915539731668,
          0.08167714571174564
        ],
        [
          0.02032333796430172,
          0.2893515259398597,
          0.25585867209659113,
          0.01810709477950082,
          0.2131958115683344,
          0.03320063589171533,
          0.16996292175969696
        ],
        [
          0.06755732917434533,
          0.2232809316526341,
          0.22520671225591987,
          0.15564727969429645,
          0.12491612023607179,
          0.19096214182127158,
          0.012429485165460887
        ],
        [
          0.16545222338736718,
          0.057553705859354716,
          0.20406411228600274,
          0.1339039216556992,
          0.0804100362264,
          0.21524821767470062,
          0.14336778291047556
        ],
        [
          0.09808384520972073,
          0.15528680118145535,
          0.21684946502641428,
          0.2566536536322905,
          0.16648309810302026,
          0.025955439133902417,
          0.08068769771319646
        ],
        [
          0.11433024551797799,
          0.23164471481239993,
          0.16856204581641848,
          0.1737093602992334,
          0.19196047279874415,
          0.008921438534164737,
          0.11087172222106127
        ],
        [
          0.05168215044023539,
          0.2025334705395748,
          0.09715852552455816,
          0.009300949301087868,
          0.1802846465846671,
          0.18449709260937483,
          0.2745431650005018
        ],
        [
          0.09953150393398846,
          0.3530506851069792,
          0.25683335924320233,
          0.10862084423230743,
          0.06720789221829203,
          0.10536206551337378,
          0.009393649751856747
        ],
        [
          0.22333736135177976,
          0.12993217594793316,
          0.18517444254252938,
          0.182903254254083,
          0.03930105219954409,
          0.2362493331933166,
          0.0031023805108139745
        ],
        [
          0.11541604343235774,
          0.2537153119203465,
          0.040284330539156255,
          0.1324459240300702,
          0.2975738273545407,
          0.052533761619058546,
          0.1080308011044701
        ],
        [
          0.16590591799328452,
          0.052005674630524676,
          0.1244076784123319,
          0.2110763192968747,
          0.14056312690401335,
          0.1340858696634289,
          0.17195541309954193
        ],
        [
          0.21875214525367334,
          0.022136510731858593,
          0.13485909052372336,
          0.2181646662464405,
          0.2162387943978258,
          0.07888596866404973,
          0.11096282418242859
        ],
        [
          0.18679497992103625,
          0.20033612914212628,
          0.1641388819155532,
          0.26458703261349786,
          0.009874977230406118,
          0.10626963758175585,
          0.06799836159562432
        ],
        [
          0.12520402807876171,
          0.21801359079673996,
          0.1819404392947396,
          0.06441213581676242,
          0.03928925506717974,
          0.20033324109569345,
          0.170807309850123
        ],
        [
          0.17553018682672486,
          0.13612746986013907,
          0.21845189426641648,
          0.25478104905755766,
          0.061615952383420644,
          0.12443664706483636,
          0.02905680054090497
        ],
        [
          0.04493689212060446,
          0.02819909151858797,
          0.12843501166429683,
          0.10396547044997152,
          0.19752966210207754,
          0.3110031828263053,
          0.18593068931815637
        ],
        [
          0.14964073465084984,
          0.19159749227382117,
          0.27633341894682983,
          0.08288511926849983,
          0.14545632874111522,
          0.13507269358482274,
          0.01901421253406143
        ],
        [
          0.1651344545438296,
          0.12597686287810375,
          0.2198375878269033,
          0.022224122548299523,
          0.13206706853602532,
          0.1569061809929408,
          0.17785372267389765
        ],
        [
          0.22845969688438672,
          0.20772443777059268,
          0.2166235029368712,
          0.022654449368249636,
          0.10619723501633566,
          0.1970535595081057,
          0.021287118515458434
        ],
        [
          0.04093215235883811,
          0.21344968489818447,
          0.05677595651124454,
          0.23795681212029368,
          0.14646926315717648,
          0.14801894893895404,
          0.15639718201530864
        ],
        [
          0.3189659401760798,
          0.06569170245401108,
          0.1237738963356289,
          0.04762803076532976,
          0.08279861972565845,
          0.12261404907315107,
          0.23852776147014096
        ],
        [
          0.23392184984451478,
          0.14847170260171696,
          0.21355482755410446,
          0.15872237245282164,
          0.18395697383263418,
          0.05869102497923084,
          0.0026812487349771497
        ],
        [
          0.08611135334558931,
          0.20124225841596854,
          0.010679633266679452,
          0.23282277379646715,
          0.15983260687665335,
          0.14804534120502788,
          0.16126603309361426
        ]
      ],
      "timestamps": [
        0,
        1,
        2,
        3,
        4,
        5,
        6,
        7,
        8,
        9,
        10,
        11,
        12,
        13,
        14,
        15,
        16,
        17,
        18,
        19,
        20,
        21,
        22,
        23,
        24,
        25,
        26,
        27
      ],
      "distance": 403.8
    },
    {
      "trip_id": 1,
      "transport_method": "foot",
      "start_time": 28,
      "path": [
        [
          1.522488400000001,
          42.5072953
        ],
        [
          1.5220446734203732,
          42.506832775046846
        ],
        [
          1.5217082457049549,
          42.50637394211781
        ],
        [
          1.522119533381027,
          42.506611827817416
        ],
        [
          1.5223785415293942,
          42.50691526575228
        ],
        [
          1.5219624164398158,
          42.50642775932199
        ],
        [
          1.5224133993142785,
          42.50641517233072
        ],
        [
          1.5230368883581602,
          42.506563779268376
        ],
        [
          1.5236383303023573,
          42.506663769592215
        ],
        [
          1.5242638708566725,
          42.50680348939993
        ],
        [
          1.5248907833313183,
          42.50693678197802
        ],
        [
          1.525524873208174,
          42.50702593238544
        ],
        [
          1.5261630372790775,
          42.507085675404845
        ],
        [
          1.5261651663527966,
          42.50707228259832
        ],
        [
          1.526788675668803,
          42.50713615696982
        ],
        [
          1.5274275540437643,
          42.50718770337384
        ],
        [
          1.5278396189381622,
          42.507118763985225
        ],
        [
          1.5277398203336834,
          42.50665820556493
        ],
        [
          1.5282597418459913,
          42.50669743075094
        ],
        [
          1.5287859784379887,
          42.50688315523248
        ],
        [
          1.5293026376578633,
          42.50696485960107
        ],
        [
          1.5291594388140282,
          42.507251111573815
        ],
        [
          1.5292162579613473,
          42.50764565624295
        ],
        [
          1.5296908055614091,
          42.50775911171386
        ],
        [
          1.5301209245854162,
          42.50728456277477
        ],
        [
          1.5298883512642383,
          42.507086087464955
        ],
        [
          1.529802436014019,
          42.50708247071759
        ],
        [
          1.5301110670458027,
          42.50700060755226
        ],
        [
          1.5295817422661426,
          42.506639221499576
        ],
        [
          1.5290657420020617,
          42.50666553876517
        ],
        [
          1.5285541242923741,
          42.50689471595799
        ],
        [
          1.5280188431355817,
          42.50683926256131
        ],
        [
          1.52753820399036,
          42.50670656891051
        ],
        [
          1.527248401769567,
          42.50614903117686
        ],
        [
          1.5267536175362277,
          42.505808422845504
        ],
        [
          1.526826141806778,
          42.50632798994395
        ],
        [
          1.5269276947868118,
          42.5064551588972
        ],
        [
          1.5268373802631667,
          42.505947953329624
        ],
        [
          1.5271397339301143,
          42.50602792842429
        ],
        [
          1.5274834609854513,
          42.50655680820566
        ],
        [
          1.5278190935857525,
          42.50709310501917
        ],
        [
          1.5274603059864789,
          42.50719034588756
        ],
        [
          1.5268214276115175,
          42.50713879948354
        ],
        [
          1.5261825492365564,
          42.507087253079526
        ],
        [
          1.5255443636438604,
          42.50702775702197
        ],
        [
          1.5249100183548971,
          42.50694041794414
        ],
        [
          1.5244481403707895,
          42.50667548953595
        ],
        [
          1.5240005398938714,
          42.506744672187786
        ],
        [
          1.5233753322939023,
          42.50660362544413
        ],
        [
          1.5227633167168197,
          42.50641320605654
        ],
        [
          1.52213653935183,
          42.5062987438426
        ],
        [
          1.5219538147625935,
          42.50580349359762
        ],
        [
          1.5222682854965708,
          42.50569632910776
        ],
        [
          1.5223403273848466,
          42.505706212903405
        ],
        [
          1.5219536253448231,
          42.50573077711253
        ],
        [
          1.5220655460934247,
          42.50628300597922
        ],
        [
          1.5226607184123804,
          42.50632178851573
        ],
        [
          1.5229343544928482,
          42.50574218010893
        ],
        [
          1.523207990573316,
          42.50516257170214
        ],
        [
          1.5229521733462157,
          42.50570443670465
        ],
        [
          1.5226785372657479,
          42.50628404511144
        ],
        [
          1.5221016100252456,
          42.50630239119801
        ],
        [
          1.5217995718844952,
          42.50587197822873
        ],
        [
          1.5219607200747982,
          42.50525161898975
        ],
        [
          1.522285294949149,
          42.50473254959812
        ],
        [
          1.5226644555589584,
          42.50459385684988
        ],
        [
          1.5232480000745654,
          42.504607191309795
        ],
        [
          1.52387645161743,
          42.50473317253074
        ],
        [
          1.5245092037405996,
          42.50483269296645
        ],
        [
          1.525145227428057,
          42.50491204190805
        ],
        [
          1.5256112161788107,
          42.504733219540995
        ],
        [
          1.5262412000000003,
          42.5048513
        ]
      ],
      "emotions": [
        "red",
        "red",
        "purple",
        "purple",
        "purple",
        "purple",
        "purple",
        "green",
        "green",
        "green",
        "green",
        "green",
        "red",
        "red",
        "red",
        "red",
        "red",
        "purple",
        "purple",
        "purple",
        "purple",
        "purple",
        "purple",
        "purple",
        "purple",
        "purple",
        "purple",
        "green",
        "green",
        "green",
        "green",
        "green",
        "purple",
        "purple",
        "purple",
        "purple",
        "purple",
        "purple",
        "purple",
        "purple",
        "purple",
        "purple",
        "green",
        "green",
        "green",
        "green",
        "green",
        "purple",
        "purple",
        "purple",
        "purple",
        "purple",
        "red",
        "red",
        "red",
        "red",
        "red",
        "green",
        "green",
        "green",
        "green",
        "green",
        "red",
        "red",
        "red",
        "red",
        "red",
        "red",
        "red",
        "red",
        "red",
        "red"
      ],
      "mood_vectors": [
        [
          0.08217055401859862,
          0.2247717235803658,
          0.06430523323494701,
          0.1941802881094477,
          0.16031183987057435,
          0.0898073300049279,
          0.1844530311811386
        ],
        [
          0.12639686351506157,
          0.160445576910699,
          0.14904475562467437,
          0.18142849651000187,
          0.181066651139284,
          0.13716850760761823,
          0.06444914869266093
        ],
        [
          0.1553315160671494,
          0.18164175087770856,
          0.13541069288263385,
          0.12468877939960893,
          0.1867914396653427,
          0.15307757257036916,
          0.06305824853718736
        ],
        [
          0.18470160671830443,
          0.09620088371957898,
          0.2246228855059619,
          0.1867915518783938,
          0.022563443946617783,
          0.13070042697516204,
          0.15441920125598102
        ],
        [
          0.06695556005789019,
          0.16069478508586332,
          0.1738069172402167,
          0.16350558790007189,
          0.16364964537725943,
          0.08375715477003204,
          0.18763034956866648
        ],
        [
          0.15033129996709205,
          0.1987633635842119,
          0.20909100710126796,
          0.022510868960775927,
          0.1846112036352732,
          0.10672453146910248,
          0.12796772528227654
        ],
        [
          0.09423030169706971,
          0.129841983241301,
          0.1326663357743694,
          0.08438158761021884,
          0.307748789325297,
          0.09151616547445848,
          0.15961483687728564
        ],
        [
          0.17705056910098335,
          0.0878652576450271,
          0.05252385162422292,
          0.272890031995005,
          0.14644915322525198,
          0.18732329533101738,
          0.07589784107849233
        ],
        [
          0.21275650083013412,
          0.02906665998454656,
          0.22155401086334847,
          0.14107957391036982,
          0.19437931370422432,
          0.15384381771490968,
          0.047320122992467
        ],
        [
          0.11929340991936915,
          0.08681285920432587,
          0.21175944122948645,
          0.22862030108925468,
          0.12625268380015478,
          0.22332861890358324,
          0.003932685853825815
        ],
        [
          0.01636648182120286,
          0.20727999747902606,
          0.21277989312246878,
          0.012891071903797988,
          0.14024974951744662,
          0.2800339269339552,
          0.13039887922210255
        ],
        [
          0.17625738686453316,
          0.19046231439614417,
          0.11496890819018786,
          0.10015458536031614,
          0.1528673619731533,
          0.11866848333371569,
          0.14662095988194962
        ],
        [
          0.11487305360292804,
          0.14668058563845832,
          0.16072898107265335,
          0.1089063101410142,
          0.10870663040033873,
          0.1741614411763027,
          0.1859429979683046
        ],
        [
          0.1829082249757169,
          0.2342532245365482,
          0.06353567012193131,
          0.31004540446886175,
          0.07770776906548463,
          0.061430672928103766,
          0.07011903390335342
        ],
        [
          0.09119573624867561,
          0.164155509486723,
          0.1942003070355983,
          0.18414007388238351,
          0.115491461389992,
          0.03935783910292672,
          0.21145907285370077
        ],
        [
          0.0807125463144008,
          0.024125853839752024,
          0.12890822141166816,
          0.19150606558522795,
          0.2219143350729156,
          0.16731543755836287,
          0.18551754021767256
        ],
        [
          0.10412322441369473,
          0.14541682677973228,
          0.22882793734615248,
          0.035264886308573704,
          0.15919298612691118,
          0.018137292416878694,
          0.3090368466080569
        ],
        [
          0.031248544718380157,
          0.21128149499897028,
          0.20506956012743754,
          0.19529696264029714,
          0.138534159269246,
          0.08157591810952528,
          0.13699336013614363
        ],
        [
          0.21264133213908876,
          0.13858420515871867,
          0.16590598081605185,
          0.11138509528998693,
          0.13517875898699347,
          0.09174996518972954,
          0.1445546624194308
        ],
        [
          0.1726205459804922,
          0.22552235271741586,
          0.20880691879412955,
          0.21737156159044962,
          0.07845972429945793,
          0.033410143416389905,
          0.06380875320166492
        ],
        [
          0.059420320599890726,
          0.055961540990394104,
          0.09226235456215763,
          0.10691138379762972,
          0.20103808916028446,
          0.32470826277029036,
          0.15969804811935306
        ],
        [
          0.013998650619715863,
          0.16568821424013983,
          0.031215755245819942,
          0.1231759695543584,
          0.2503706090861404,
          0.19264811358278147,
          0.22290268767104407
        ],
        [
          0.23663302965778163,
          0.14150546385081875,
          0.09699731408112107,
          0.10984214555297928,
          0.07723511343114113,
          0.1960467962653917,
          0.14174013716076636
        ],
        [
          0.05063156287184978,
          0.015787681615081355,
          0.20656148635970886,
          0.003603069315068319,
          0.2549947504802658,
          0.20376508955716888,
          0.26465635980085694
        ],
        [
          0.10665078025729063,
          0.16634089567020313,
          0.3219188128220708,
          0.10207575713208326,
          0.1950141053458083,
          0.006696508133938159,
          0.10130314063860567
        ],
        [
          0.07942760643245211,
          0.2579635745828376,
          0.13037388500058653,
          0.21805588838283957,
          0.1595197035554925,
          0.11427940633116854,
          0.04037993571462317
        ],
        [
          0.09176995446930362,
          0.0491999859904167,
          0.1817660711365682,
          0.0903437968191186,
          0.20933103963389688,
          0.08104040986413191,
          0.29654874208656407
        ],
        [
          0.14988238458424602,
          0.22386877902148825,
          0.22075684267830395,
          0.17932956452017854,
          0.007860576827508571,
          0.17876891378472565,
          0.039532938583549025
        ],
        [
          0.23887948378933704,
          0.11487788945905923,
          0.21151673031969895,
          0.0832703137267234,
          0.06260637015647602,
          0.2593213848711253,
          0.029527827677580006
        ],
        [
          0.07058527089205567,
          0.03257565185814522,
          0.17194885353862208,
          0.20851401514625678,
          0.09695391339420976,
          0.28388484128584135,
          0.13553745388486918
        ],
        [
          0.09350023253776332,
          0.2065938969133893,
          0.09589753492815221,
          0.11787773632052327,
          0.1959986597672925,
          0.13806618363751377,
          0.15206575589536567
        ],
        [
          0.2656361992257877,
          0.03797465535395062,
          0.1558755328900756,
          0.20200622646154198,
          0.04200083090329476,
          0.16924963738465895,
          0.12725691778069034
        ],
        [
          0.2024141318603649,
          0.23055414484972878,
          0.10731867961239595,
          0.2128361089381984,
          0.03838622046504892,
          0.006650101766728644,
          0.2018406125075345
        ],
        [
          0.049168842320663,
          0.07450297836939793,
          0.11308567983473486,
          0.19540484343351408,
          0.08029087728304919,
          0.2865135104731566,
          0.20103326828548423
        ],
        [
          0.030418822987714332,
          0.048202091539476175,
          0.297079934086581,
          0.18044049512863813,
          0.11088729120750589,
          0.12329271154864965,
          0.2096786535014348
        ],
        [
          0.2562548405624365,
          0.06123138196421803,
          0.1797355755569192,
          0.06447676592247385,
          0.18257663075519975,
          0.17707362208804203,
          0.0786511831507107
        ],
        [
          0.24575381586795722,
          0.058289471425329746,
          0.10606678516643184,
          0.11279197396457995,
          0.1911787013654381,
          0.21349971496773984,
          0.0724195372425233
        ],
        [
          0.11967283512827434,
          0.24352031098093757,
          0.1423616116722218,
          0.15513615199562544,
          0.22520816929766246,
          0.028915248779451116,
          0.08518567214582734
        ],
        [
          0.11329536153073567,
          0.21319907275307837,
          0.060460417830709524,
          0.2288117188819825,
          0.06816244383409936,
          0.11842775524634794,
          0.19764322992304656
        ],
        [
          0.1335586223297716,
          0.10217557083912615,
          0.03776550584639993,
          0.16803470944002394,
          0.2701752604905308,
          0.2748275827007224,
          0.013462748353425197
        ],
        [
          0.18756152999954293,
          0.06024515731326438,
          0.18744652931146355,
          0.1342880732573593,
          0.09435285106065598,
          0.07083129744473168,
          0.26527456161298213
        ],
        [
          0.0369545211730068,
          0.12445993281153989,
          0.011470879447285798,
          0.2467953531151545,
          0.16817832824503062,
          0.23091076522276235,
          0.18123021998522
        ],
        [
          0.18586808688351475,
          0.0579827369165732,
          0.2367931494969359,
          0.15058163879599099,
          0.04560824259807164,
          0.11174600475282896,
          0.2114201405560846
        ],
        [
          0.25157156551590576,
          0.0468673517105469,
          0.030141525658717746,
          0.19981939227073459,
          0.15757854426073442,
          0.1959255038768742,
          0.11809611670648641
        ],
        [
          0.13321308388327732,
          0.14419016646811247,
          0.10029890063765315,
          0.23977763929365636,
          0.14853999478567323,
          0.18796757202784065,
          0.04601264290378676
        ],
        [
          0.10423257484525582,
          0.17817133761524148,
          0.1516228986918475,
          0.15114177021267133,
          0.00023901799517621745,
          0.1274000579593486,
          0.287192342680459
        ],
        [
          0.18972999927083137,
          0.18494045012868562,
          0.19953107879943127,
          0.06133679023968323,
          0.0982768863427335,
          0.18827066541016038,
          0.07791412980847462
        ],
        [
          0.033699309898907966,
          0.04537088736854743,
          0.15495742441520022,
          0.15615158767085038,
          0.14356488851913424,
          0.2325200887636514,
          0.23373581336370836
        ],
        [
          0.3671526649815092,
          0.17177905801993926,
          0.14520419527855255,
          0.09736299409981902,
          0.17185946815609707,
          0.034499628202799726,
          0.01214199126128304
        ],
        [
          0.11270334854501601,
          0.09328298819897288,
          0.14824620286826598,
          0.21749950556004863,
          0.13510562989035035,
          0.20692815733628875,
          0.08623416760105734
        ],
        [
          0.08787449745828306,
          0.10606097024605014,
          0.1038895321075771,
          0.19321412192878012,
          0.09804492876124035,
          0.2274807985886899,
          0.18343515090937934
        ],
        [
          0.1688164216429988,
          0.07131102077613465,
          0.21413361700183864,
          0.22003463532297565,
          0.14478431041434733,
          0.07505825363403137,
          0.10586174120767364
        ],
        [
          0.19985281098207228,
          0.20654642422489614,
          0.22656501556117206,
          0.0744417229987686,
          0.0025981282417012574,
          0.22876612231028495,
          0.061229775681104714
        ],
        [
          0.1786565060956912,
          0.19977038055469074,
          0.1374502433986817,
          0.04793724548483332,
          0.18211682713856567,
          0.231910919360051,
          0.02215787796748631
        ],
        [
          0.15003661461513423,
          0.17604991255895405,
          0.18903971068681466,
          0.012369472138827522,
          0.23614719827997555,
          0.1288155055495528,
          0.10754158617074121
        ],
        [
          0.14779791183822766,
          0.20890431830958187,
          0.09268004670185626,
          0.07063811662390301,
          0.14468562416908073,
          0.17891322359983908,
          0.15638075875751148
        ],
        [
          0.22703644347067575,
          0.18566740756804595,
          0.19014010897529038,
          0.11936756886929034,
          0.051019217418720585,
          0.17111524565517716,
          0.05565400804279992
        ],
        [
          0.27632657628085217,
          0.22582137575909222,
          0.0232414628001389,
          0.032200863322243534,
          0.28328591518948326,
          0.08413416197050597,
          0.07498964467768392
        ],
        [
          0.09546087539648959,
          0.1756417941346508,
          0.08791782732619545,
          0.18900357485470684,
          0.19503535553262313,
          0.11010910466592341,
          0.1468314680894108
        ],
        [
          0.21665959017628753,
          0.19749003274450566,
          0.2200220317537328,
          0.011552966719420648,
          0.11087086861077863,
          0.0483616324898696,
          0.19504287750540514
        ],
        [
          0.04124993606799107,
          0.08217736506384977,
          0.1645325846925122,
          0.14366189488048015,
          0.016019227761240692,
          0.2767213456761241,
          0.27563764585780204
        ],
        [
          0.07121675267258891,
          0.17956955912901165,
          0.0927432178155567,
          0.006623513975381258,
          0.09481853460424192,
          0.42808123562486294,
          0.1269471861783567
        ],
        [
          0.13696092613649685,
          0.14431306650887699,
          0.15879134980906373,
          0.24160371547211115,
          0.11846928753776821,
          0.12524579531619043,
          0.07461585921949268
        ],
        [
          0.15392260289407286,
          0.29670081375308666,
          0.1512618276848367,
          0.10795967914497986,
          0.2515700351329891,
          0.005714024742371968,
          0.03287101664766284
        ],
        [
          0.1454267518475399,
          0.012395398935233422,
          0.0059084337989438965,
          0.28060669480360045,
          0.21343281190387753,
          0.09287148781158953,
          0.24935842089921534
        ],
        [
          0.005607715720086184,
          0.021881235658680002,
          0.07852027293115521,
          0.2877797747068132,
          0.07173074039781262,
          0.28007948252631104,
          0.2544007780591418
        ],
        [
          0.06567228641494641,
          0.18365495921765432,
          0.005172652422010732,
          0.05997962707668778,
          0.2112764643189117,
          0.3065808441310704,
          0.1676631664187187
        ],
        [
          0.19176080548721947,
          0.2621524887635784,
          0.031589180606291484,
          0.09989975225586761,
          0.13767444777445376,
          0.0982170037993928,
          0.17870632131319647
        ],
        [
          0.05651007477371923,
          0.32727568722389005,
          0.15038008142036338,
          0.25136092829538836,
          0.11437884691225804,
          0.07983930398222452,
          0.020255077392156526
        ],
        [
          0.1241216796561079,
          0.15565330964944304,
          0.02447721960221893,
          0.11753790013918786,
          0.13407118958259104,
          0.2887709581972075,
          0.15536774317324378
        ],
        [
          0.15999762338105714,
          0.07087312186515463,
          0.23052812128132602,
          0.07764964817719114,
          0.09172165703641315,
          0.21233129955687785,
          0.1568985287019801
        ],
        [
          0.26320035354737625,
          0.03127961488270117,
          0.013175642829157336,
          0.14730304243858908,
          0.18086590452968912,
          0.16374871788524695,
          0.2004267238872401
        ]
      ],
      "timestamps": [
        28,
        29,
        30,
        31,
        32,
        33,
        34,
        35,
        36,
        37,
        38,
        39,
        40,
        41,
        42,
        43,
        44,
        45,
        46,
        47,
        48,
        49,
        50,
        51,
        52,
        53,
        54,
        55,
        56,
        57,
        58,
        59,
        60,
        61,
        62,
        63,
        64,
        65,
        66,
        67,
        68,
        69,
        70,
        71,
        72,
        73,
        74,
        75,
        76,
        77,
        78,
        79,
        80,
        81,
        82,
        83,
        84,
        85,
        86,
        87,
        88,
        89,
        90,
        91,
        92,
        93,
        94,
        95,
        96,
        97,
        98,
        99
      ],
      "distance": 781.5
    }
  ],
  "conversation": [
    "I should call them back.",
    "Hmm, where should I go next?",
    "Wonder what's new around here."
  ],
  "conversation_timestamps": [
    80,
    81,
    99
  ]
}
