{"agent_id": "agent-purple-1614", "type": "purple", "trips": [{"trip_id": 0, "transport_method": "foot", "start_time": 0, "path": [[1.5378964, 42.5100422], [1.5377635, 42.510039], [1.5376307, 42.5100358], [1.5374979, 42.5100315], [1.5373652, 42.5100243], [1.5372325, 42.5100256], [1.5370997, 42.5100298], [1.5369669, 42.5100341], [1.5368341, 42.5100384], [1.5367013, 42.5100427], [1.536571, 42.510026], [1.5364432, 42.5099897], [1.5363144, 42.5099598], [1.5361817, 42.5099522], [1.536049, 42.5099446], [1.5359164, 42.509937], [1.5357837, 42.5099295], [1.5356511, 42.5099219], [1.5355184, 42.5099143], [1.5353859, 42.5099058], [1.5352537, 42.5098922], [1.5351209, 42.5098979], [1.5349882, 42.5099035], [1.5348554, 42.5099092], [1.5347227, 42.5099148], [1.5345899, 42.5099205], [1.5344572, 42.5099174], [1.5343245, 42.5099194], [1.5341917, 42.5099257], [1.5340598, 42.5099246], [1.5339282, 42.5099062], [1.533796, 42.5098929], [1.5336638, 42.5098796], [1.5335379, 42.50988], [1.5334579, 42.5099719], [1.5333342, 42.5100206], [1.5332026, 42.5100118], [1.5330703, 42.5099989], [1.5329381, 42.509986], [1.5328057, 42.5099752], [1.532673, 42.5099681], [1.5325409, 42.5099536], [1.532411, 42.5099277], [1.5322922, 42.5098693], [1.5321656, 42.5098711], [1.532039, 42.5098308], [1.5319125, 42.5097901], [1.5317878, 42.5097444], [1.5316626, 42.5096999], [1.5315373, 42.5096557], [1.5314132, 42.5096083], [1.5312892, 42.5095606], [1.5311653, 42.5095125], [1.5310409, 42.509466], [1.5309164, 42.5094196], [1.5307914, 42.5093745], [1.5306661, 42.5093455], [1.5305406, 42.509368], [1.5304146, 42.509326], [1.5302889, 42.5092829], [1.5301634, 42.5092393], [1.5300379, 42.5091957], [1.5299123, 42.5091521], [1.529785, 42.5091143], [1.5296577, 42.5090765], [1.5295307, 42.5090374], [1.5294031, 42.5090003], [1.5292736, 42.508971], [1.5291523, 42.508924], [1.5290304, 42.5088914], [1.5288978, 42.5088834], [1.5287663, 42.5088938], [1.5286359, 42.5089188], [1.5285054, 42.5089439], [1.5283759, 42.5089375], [1.5282834, 42.5090302], [1.5281787, 42.5090398], [1.5280771, 42.5089542], [1.5279722, 42.5088728], [1.5278653, 42.5087938]], "mood_vectors": [[0.05, 0.0768, 0.027, 0.0599, 0.0161, 0.727, 0.0431], [0.037, 0.0238, 0.0272, 0.0703, 0.0654, 0.7277, 0.0486], [0.0888, 0.0279, 0.0736, 0.0381, 0.0865, 0.6635, 0.0217], [0.0383, 0.0562, 0.0522, 0.0537, 0.0366, 0.695, 0.068], [0.0342, 0.0699, 0.0742, 0.027, 0.0549, 0.6634, 0.0764], [0.0808, 0.0729, 0.0711, 0.0701, 0.0341, 0.64, 0.0309], [0.0316, 0.0803, 0.0338, 0.0161, 0.0439, 0.7144, 0.0799], [0.0464, 0.0478, 0.0531, 0.0308, 0.0814, 0.7134, 0.0272], [0.0331, 0.0823, 0.082, 0.0552, 0.0434, 0.6845, 0.0196], [0.0402, 0.0402, 0.0719, 0.0457, 0.0365, 0.702, 0.0635], [0.0376, 0.0135, 0.062, 0.0823, 0.0648, 0.6874, 0.0524], [0.0643, 0.0438, 0.057, 0.0165, 0.0788, 0.6783, 0.0613], [0.0366, 0.0813, 0.071, 0.0188, 0.0246, 0.692, 0.0757], [0.0744, 0.052, 0.0306, 0.0559, 0.04, 0.71, 0.0371], [0.0692, 0.061, 0.0732, 0.0585, 0.0201, 0.6582, 0.0599], [0.0636, 0.0322, 0.0597, 0.07, 0.0705, 0.6552, 0.0489], [0.0276, 0.0734, 0.0134, 0.0284, 0.0515, 0.7842, 0.0215], [0.0515, 0.023, 0.0308, 0.0626, 0.0708, 0.7272, 0.0341], [0.0779, 0.0715, 0.0267, 0.0741, 0.0673, 0.6673, 0.0152], [0.0364, 0.0635, 0.0713, 0.0602, 0.0936, 0.6192, 0.0556], [0.0442, 0.0625, 0.0592, 0.0341, 0.0701, 0.6938, 0.0361], [0.0648, 0.0669, 0.0672, 0.0347, 0.0666, 0.6495, 0.0502], [0.0547, 0.0447, 0.0686, 0.0488, 0.0433, 0.7269, 0.013], [0.0263, 0.0311, 0.0589, 0.0416, 0.0297, 0.7323, 0.0801], [0.0711, 0.032, 0.0393, 0.0411, 0.0222, 0.758, 0.0363], [0.0955, 0.0461, 0.0906, 0.0212, 0.0967, 0.6125, 0.0373], [0.0364, 0.0469, 0.0269, 0.0436, 0.059, 0.7345, 0.0527], [0.025, 0.0433, 0.0215, 0.0496, 0.0482, 0.7223, 0.0902], [0.0696, 0.0598, 0.067, 0.0486, 0.0543, 0.6336, 0.0673], [0.0234, 0.0619, 0.0567, 0.0393, 0.0509, 0.7155, 0.0522], [0.0297, 0.0969, 0.0877, 0.0372, 0.0419, 0.6129, 0.0938], [0.0748, 0.0666, 0.0785, 0.0307, 0.0962, 0.632, 0.0212], [0.0294, 0.0217, 0.0217, 0.0768, 0.027, 0.786, 0.0373], [0.0337, 0.0299, 0.0227, 0.0722, 0.029, 0.7645, 0.048], [0.0358, 0.0381, 0.0576, 0.0819, 0.0167, 0.7547, 0.0151], [0.0571, 0.0581, 0.0737, 0.0238, 0.0484, 0.6981, 0.0408], [0.0773, 0.0759, 0.0257, 0.0577, 0.0364, 0.6519, 0.0752], [0.0806, 0.0578, 0.0702, 0.0178, 0.0162, 0.6714, 0.0859], [0.026, 0.0451, 0.0802, 0.0227, 0.0629, 0.7236, 0.0394], [0.0925, 0.0712, 0.0169, 0.0573, 0.0931, 0.6424, 0.0267], [0.0329, 0.0602, 0.0194, 0.0412, 0.0583, 0.7071, 0.081], [0.067, 0.063, 0.0667, 0.0464, 0.0547, 0.6548, 0.0474], [0.0291, 0.0649, 0.0695, 0.0285, 0.0533, 0.7075, 0.0471], [0.0188, 0.0631, 0.0716, 0.017, 0.0362, 0.7757, 0.0177], [0.0185, 0.0411, 0.0261, 0.0707, 0.036, 0.7597, 0.0479], [0.0662, 0.0168, 0.0264, 0.0354, 0.0407, 0.7531, 0.0612], [0.0156, 0.085, 0.0696, 0.0234, 0.0819, 0.6344, 0.0901], [0.0746, 0.0436, 0.0371, 0.0768, 0.0265, 0.6737, 0.0676], [0.0506, 0.0596, 0.0555, 0.011, 0.0384, 0.7259, 0.0589], [0.0564, 0.0413, 0.0211, 0.0234, 0.0701, 0.7734, 0.0143], [0.0606, 0.0798, 0.0583, 0.0274, 0.0361, 0.6582, 0.0796], [0.0411, 0.0376, 0.0268, 0.0455, 0.0344, 0.7675, 0.0471], [0.012, 0.0448, 0.058, 0.0707, 0.065, 0.6744, 0.0751], [0.0657, 0.0539, 0.0275, 0.0559, 0.0402, 0.7121, 0.0446], [0.0732, 0.02, 0.054, 0.0278, 0.0768, 0.6656, 0.0826], [0.0646, 0.0516, 0.0117, 0.0109, 0.0644, 0.7304, 0.0664], [0.0789, 0.0254, 0.0738, 0.0139, 0.0576, 0.715, 0.0353], [0.0608, 0.0491, 0.058, 0.0616, 0.0183, 0.6964, 0.0559], [0.0199, 0.0405, 0.0536, 0.0551, 0.0524, 0.7498, 0.0287], [0.0808, 0.0518, 0.05, 0.0235, 0.0321, 0.7166, 0.0452], [0.0653, 0.0579, 0.0391, 0.0714, 0.0384, 0.6638, 0.0641], [0.0707, 0.0553, 0.0726, 0.0307, 0.0261, 0.67, 0.0745], [0.051, 0.0629, 0.0128, 0.0744, 0.014, 0.7428, 0.042], [0.0489, 0.0455, 0.0622, 0.0259, 0.06, 0.7328, 0.0247], [0.0284, 0.0318, 0.0611, 0.0726, 0.0621, 0.7093, 0.0347], [0.0603, 0.0279, 0.0784, 0.0811, 0.0602, 0.6642, 0.0278], [0.0509, 0.048, 0.0443, 0.0166, 0.049, 0.7449, 0.0464], [0.0125, 0.0128, 0.0806, 0.0497, 0.0369, 0.7701, 0.0374], [0.0722, 0.079, 0.0165, 0.0245, 0.0799, 0.6814, 0.0465], [0.0563, 0.022, 0.0693, 0.0574, 0.0175, 0.7186, 0.0589], [0.0223, 0.095, 0.0689, 0.065, 0.0189, 0.6856, 0.0443], [0.0388, 0.0205, 0.0298, 0.0759, 0.0204, 0.7429, 0.0717], [0.0634, 0.0812, 0.0482, 0.0268, 0.0657, 0.6939, 0.0208], [0.0433, 0.017, 0.0483, 0.0558, 0.0476, 0.7663, 0.0216], [0.0639, 0.0136, 0.0352, 0.0865, 0.0684, 0.7182, 0.0142], [0.0315, 0.0758, 0.0732, 0.0179, 0.0708, 0.6911, 0.0397], [0.0321, 0.0148, 0.0561, 0.0739, 0.0547, 0.7116, 0.0567], [0.0676, 0.0194, 0.0427, 0.0788, 0.0714, 0.6818, 0.0384], [0.0905, 0.0591, 0.077, 0.03, 0.064, 0.5881, 0.0912], [0.0655, 0.0898, 0.0696, 0.053, 0.0631, 0.6318, 0.0271]], "emotions": ["purple", "purple", "purple", "purple", "purple", "purple", "purple", "purple", "purple", "purple", "purple", "purple", "purple", "purple", "purple", "purple", "purple", "purple", "purple", "purple", "purple", "purple", "purple", "purple", "purple", "purple", "purple", "purple", "purple", "purple", "purple", "purple", "purple", "purple", "purple", "purple", "purple", "purple", "purple", "purple", "purple", "purple", "purple", "purple", "purple", "purple", "purple", "purple", "purple", "purple", "purple", "purple", "purple", "purple", "purple", "purple", "purple", "purple", "purple", "purple", "purple", "purple", "purple", "purple", "purple", "purple", "purple", "purple", "purple", "purple", "purple", "purple", "purple", "purple", "purple", "purple", "purple", "purple", "purple", "purple"], "timestamps": [0, 40, 80, 120, 160, 200, 240, 280, 320, 360, 400, 440, 480, 520, 560, 600, 640, 680, 720, 760, 800, 840, 880, 920, 960, 1000, 1040, 1080, 1120, 1160, 1200, 1240, 1280, 1320, 1360, 1400, 1440, 1480, 1520, 1560, 1600, 1640, 1680, 1720, 1760, 1800, 1840, 1880, 1920, 1960, 2000, 2040, 2080, 2120, 2160, 2200, 2240, 2280, 2320, 2360, 2400, 2440, 2480, 2520, 2560, 2600, 2640, 2680, 2720, 2760, 2800, 2840, 2880, 2920, 2960, 3000, 3040, 3080, 3120, 3160]}], "conversation": [], "conversation_timestamps": []}