{"agent_id": "agent-orange-1678", "type": "orange", "trips": [{"trip_id": 0, "transport_method": "foot", "start_time": 0, "path": [[1.5385826, 42.5126504], [1.5382925, 42.5126872], [1.5380025, 42.512724], [1.5377114, 42.5127499], [1.5374284, 42.5128208], [1.5371461, 42.5128967], [1.5368601, 42.5129555], [1.5365793, 42.5130367], [1.5363011, 42.5131022], [1.5360618, 42.5129933], [1.5359847, 42.5127214], [1.5357759, 42.5125345], [1.5356062, 42.5122965], [1.5355127, 42.5122197], [1.5354967, 42.5125033], [1.535613, 42.5126729], [1.5358788, 42.5126809], [1.5356526, 42.5124957], [1.5354264, 42.5123105], [1.5352002, 42.5121254], [1.534974, 42.5119402], [1.5347478, 42.511755], [1.5345216, 42.5115698], [1.5342943, 42.511386], [1.5340329, 42.5112971], [1.5338422, 42.5110763], [1.5336668, 42.510843], [1.5334458, 42.5106521], [1.5332009, 42.5104946], [1.5329399, 42.5103647], [1.5327064, 42.5101887], [1.532473, 42.5100127], [1.5322349, 42.5098575], [1.5319546, 42.5098039], [1.5316794, 42.5097054], [1.5314048, 42.5096051], [1.5311321, 42.5095], [1.530858, 42.5093981], [1.5305824, 42.5093749], [1.5303055, 42.5092886], [1.5300293, 42.5091927], [1.5297507, 42.5091048], [1.5294712, 42.5090192], [1.5291873, 42.5089505], [1.5289152, 42.5088844], [1.5287961, 42.5087096], [1.5285426, 42.5085641], [1.5283055, 42.5083936], [1.5280826, 42.5082065], [1.5279213, 42.5080111], [1.5277788, 42.5077674], [1.5275774, 42.5075615], [1.5274145, 42.5073201], [1.5271318, 42.5072646], [1.5268409, 42.5072383], [1.5265501, 42.5072237], [1.5262586, 42.5072012], [1.5259679, 42.5071716], [1.5256785, 42.5071305], [1.525389, 42.5070894], [1.5251038, 42.5070345], [1.5248408, 42.5069068], [1.5245609, 42.5068716], [1.5242697, 42.5068975], [1.5239861, 42.5068334], [1.5237033, 42.5067593], [1.5234205, 42.5066851], [1.5231336, 42.5066297], [1.5228457, 42.5065788], [1.5225646, 42.5064997], [1.522285, 42.5064145], [1.5220053, 42.5063294], [1.5217261, 42.5062429], [1.521452, 42.5061414], [1.5211778, 42.5060398], [1.5209037, 42.5059383], [1.5209257, 42.5059437], [1.5211999, 42.5060449], [1.5214735, 42.5061478], [1.5217472, 42.5062507]], "mood_vectors": [[0.0782, 0.0556, 0.0642, 0.0665, 0.6896, 0.0217, 0.0241], [0.0661, 0.0227, 0.0657, 0.0384, 0.7678, 0.0142, 0.025], [0.0231, 0.0527, 0.0249, 0.0721, 0.7756, 0.0344, 0.0172], [0.0508, 0.0256, 0.0825, 0.0571, 0.6851, 0.0265, 0.0724], [0.0187, 0.0609, 0.07, 0.0248, 0.6855, 0.0659, 0.074], [0.0181, 0.0216, 0.0673, 0.0606, 0.7211, 0.0574, 0.0539], [0.0335, 0.0741, 0.0615, 0.0596, 0.6897, 0.0428, 0.0387], [0.0584, 0.0813, 0.0696, 0.0535, 0.6196, 0.0882, 0.0293], [0.0376, 0.0298, 0.0734, 0.0279, 0.7149, 0.0881, 0.0283], [0.0735, 0.0959, 0.0197, 0.0467, 0.7036, 0.0263, 0.0343], [0.024, 0.036, 0.0257, 0.1, 0.7116, 0.0825, 0.0201], [0.0269, 0.0832, 0.0521, 0.0755, 0.6219, 0.0601, 0.0804], [0.0744, 0.0522, 0.0392, 0.0794, 0.6604, 0.0391, 0.0554], [0.0895, 0.02, 0.0779, 0.0299, 0.6196, 0.0921, 0.0711], [0.0327, 0.0261, 0.0421, 0.0783, 0.7155, 0.053, 0.0523], [0.0479, 0.0442, 0.0279, 0.0661, 0.7239, 0.0637, 0.0263], [0.0301, 0.0581, 0.0726, 0.0425, 0.6654, 0.0845, 0.0468], [0.0611, 0.0306, 0.0196, 0.0398, 0.7324, 0.0536, 0.0628], [0.0709, 0.0206, 0.0386, 0.0441, 0.7569, 0.0315, 0.0373], [0.0402, 0.0613, 0.0514, 0.027, 0.6647, 0.0724, 0.0831], [0.0386, 0.0461, 0.0454, 0.081, 0.686, 0.0508, 0.0522], [0.0314, 0.064, 0.0503, 0.0322, 0.7698, 0.0162, 0.0361], [0.0316, 0.0506, 0.0712, 0.0354, 0.6939, 0.0478, 0.0694], [0.0393, 0.0401, 0.0688, 0.0346, 0.7089, 0.0383, 0.0699], [0.0819, 0.0264, 0.0747, 0.084, 0.6168, 0.0388, 0.0774], [0.0537, 0.033, 0.0157, 0.0665, 0.7176, 0.0776, 0.0359], [0.077, 0.0554, 0.0872, 0.0697, 0.6371, 0.0418, 0.0317], [0.0243, 0.0413, 0.0814, 0.0951, 0.6638, 0.0332, 0.0608], [0.015, 0.0717, 0.0266, 0.0424, 0.8029, 0.021, 0.0205], [0.0319, 0.09, 0.0464, 0.031, 0.7276, 0.0292, 0.0438], [0.0868, 0.0786, 0.0941, 0.0524, 0.6289, 0.0274, 0.0318], [0.0162, 0.053, 0.0407, 0.0625, 0.7252, 0.0203, 0.0821], [0.0276, 0.0407, 0.0219, 0.0257, 0.7534, 0.0751, 0.0556], [0.0426, 0.0634, 0.0181, 0.0818, 0.6946, 0.0741, 0.0254], [0.0613, 0.0303, 0.0471, 0.0473, 0.7311, 0.0376, 0.0453], [0.02, 0.0841, 0.0466, 0.0541, 0.7091, 0.0393, 0.0467], [0.0187, 0.0202, 0.0661, 0.0122, 0.8267, 0.0282, 0.0279], [0.0194, 0.0164, 0.0381, 0.0784, 0.7348, 0.0277, 0.0853], [0.0611, 0.0679, 0.0511, 0.0614, 0.6729, 0.062, 0.0236], [0.0121, 0.0545, 0.0234, 0.0401, 0.745, 0.0612, 0.0636], [0.0214, 0.046, 0.0552, 0.0732, 0.684, 0.0666, 0.0536], [0.0505, 0.0519, 0.0171, 0.0351, 0.7025, 0.07, 0.0729], [0.0228, 0.0342, 0.0607, 0.0569, 0.7084, 0.058, 0.0589], [0.0869, 0.089, 0.0429, 0.0945, 0.5959, 0.0716, 0.0191], [0.0556, 0.0748, 0.0348, 0.0663, 0.6944, 0.0176, 0.0566], [0.037, 0.0249, 0.0639, 0.0314, 0.7482, 0.0423, 0.0522], [0.0315, 0.0862, 0.0223, 0.0194, 0.7174, 0.0473, 0.076], [0.0253, 0.044, 0.0177, 0.0799, 0.7498, 0.0294, 0.0538], [0.0642, 0.0203, 0.0231, 0.0166, 0.6906, 0.0852, 0.1], [0.055, 0.016, 0.0199, 0.0665, 0.7929, 0.0347, 0.0149], [0.071, 0.0324, 0.0765, 0.0756, 0.6275, 0.0534, 0.0637], [0.0317, 0.0543, 0.0615, 0.0321, 0.7307, 0.0247, 0.065], [0.0431, 0.0733, 0.0597, 0.0641, 0.6477, 0.0269, 0.0852], [0.0271, 0.0344, 0.0235, 0.0281, 0.8085, 0.021, 0.0574], [0.1026, 0.0203, 0.0262, 0.0477, 0.6941, 0.0881, 0.0211], [0.0492, 0.0428, 0.0172, 0.0716, 0.6899, 0.071, 0.0583], [0.0855, 0.0497, 0.0334, 0.035, 0.7441, 0.02, 0.0322], [0.0173, 0.0473, 0.0488, 0.0676, 0.7031, 0.0515, 0.0643], [0.0334, 0.0747, 0.0618, 0.0312, 0.7034, 0.0397, 0.0558], [0.0568, 0.0323, 0.0172, 0.0373, 0.7601, 0.0776, 0.0187], [0.0192, 0.0534, 0.0598, 0.0492, 0.7544, 0.0231, 0.0409], [0.073, 0.0301, 0.0514, 0.0179, 0.7275, 0.0568, 0.0433], [0.0799, 0.0525, 0.0767, 0.0631, 0.6653, 0.0117, 0.0508], [0.0709, 0.0821, 0.0167, 0.0802, 0.6456, 0.0338, 0.0708], [0.0159, 0.0557, 0.0818, 0.0177, 0.7085, 0.065, 0.0554], [0.0918, 0.0209, 0.0881, 0.0884, 0.6457, 0.0143, 0.0508], [0.0745, 0.0363, 0.0328, 0.0241, 0.7563, 0.0254, 0.0506], [0.0129, 0.0507, 0.0165, 0.0463, 0.7247, 0.0782, 0.0707], [0.0822, 0.0317, 0.0947, 0.0578, 0.5686, 0.0705, 0.0945], [0.0938, 0.0297, 0.0384, 0.0573, 0.6999, 0.0481, 0.0328], [0.0819, 0.0925, 0.0914, 0.0488, 0.5564, 0.0857, 0.0433], [0.0552, 0.0416, 0.0349, 0.0265, 0.748, 0.0289, 0.0649], [0.0714, 0.0729, 0.029, 0.0261, 0.691, 0.0879, 0.0217], [0.0183, 0.0628, 0.0687, 0.0641, 0.706, 0.0113, 0.0686], [0.0269, 0.0725, 0.0307, 0.0231, 0.7059, 0.0436, 0.0972], [0.0192, 0.0206, 0.0366, 0.0311, 0.8419, 0.0181, 0.0325], [0.0684, 0.0484, 0.0562, 0.0528, 0.6923, 0.0255, 0.0564], [0.0319, 0.0288, 0.0496, 0.0597, 0.725, 0.0799, 0.0252], [0.0788, 0.0796, 0.0365, 0.0764, 0.6794, 0.0226, 0.0266], [0.0519, 0.0671, 0.0408, 0.0468, 0.7017, 0.0194, 0.0724]], "emotions": ["red", "red", "red", "red", "red", "red", "red", "red", "red", "red", "red", "red", "red", "red", "red", "red", "red", "red", "red", "red", "red", "red", "red", "red", "red", "red", "red", "red", "red", "red", "red", "red", "red", "red", "red", "red", "red", "red", "red", "red", "red", "red", "red", "red", "red", "red", "red", "red", "red", "red", "red", "red", "red", "red", "red", "red", "red", "red", "red", "red", "red", "red", "red", "red", "red", "red", "red", "red", "red", "red", "red", "red", "red", "red", "red", "red", "red", "red", "red", "red"], "timestamps": [0, 40, 80, 120, 160, 200, 240, 280, 320, 360, 400, 440, 480, 520, 560, 600, 640, 680, 720, 760, 800, 840, 880, 920, 960, 1000, 1040, 1080, 1120, 1160, 1200, 1240, 1280, 1320, 1360, 1400, 1440, 1480, 1520, 1560, 1600, 1640, 1680, 1720, 1760, 1800, 1840, 1880, 1920, 1960, 2000, 2040, 2080, 2120, 2160, 2200, 2240, 2280, 2320, 2360, 2400, 2440, 2480, 2520, 2560, 2600, 2640, 2680, 2720, 2760, 2800, 2840, 2880, 2920, 2960, 3000, 3040, 3080, 3120, 3160]}], "conversation": [], "conversation_timestamps": []}