{"agent_id": "agent-blue-1445", "type": "blue", "trips": [{"trip_id": 0, "transport_method": "car", "start_time": 0, "path": [[1.5294479, 42.5108161], [1.5294725, 42.5109799], [1.5296466, 42.5110704], [1.529773, 42.5112149], [1.5298846, 42.5113763], [1.5299961, 42.5115377], [1.5301826, 42.5115898], [1.5303722, 42.5116403], [1.5305596, 42.5116981], [1.5307313, 42.5117924], [1.5308796, 42.5119198], [1.5309741, 42.5120875], [1.5310153, 42.5122695], [1.5311899, 42.5123592], [1.5313665, 42.5122808], [1.5315432, 42.5121956], [1.5317251, 42.5121662], [1.5319158, 42.5121968], [1.5321097, 42.512211], [1.5323022, 42.5122482], [1.5324922, 42.5122968], [1.5326671, 42.5123831], [1.5328196, 42.5125059], [1.5329857, 42.5126102], [1.5331095, 42.512676], [1.5331548, 42.5127754], [1.53303, 42.5129074], [1.5332095, 42.5129709], [1.5334042, 42.5129478], [1.5335835, 42.5129848], [1.5337626, 42.5130359], [1.5339585, 42.5130464], [1.5341544, 42.5130569], [1.5343487, 42.5130761], [1.5345326, 42.5130824], [1.5347123, 42.5130038], [1.5348911, 42.5129229], [1.5350725, 42.5128488], [1.5352584, 42.512788], [1.5354515, 42.5127533], [1.5356452, 42.5127221], [1.5358389, 42.5126909], [1.5359995, 42.5125868], [1.5361774, 42.5125104], [1.5363574, 42.5124325], [1.5365371, 42.5123537], [1.5367169, 42.5122751], [1.5368614, 42.5121428], [1.537015, 42.5120217], [1.5371663, 42.5119006], [1.5373523, 42.511838], [1.5375383, 42.5117755], [1.5377243, 42.511713], [1.5378941, 42.5116155], [1.5380676, 42.5115255], [1.5382503, 42.5114538], [1.5383939, 42.5113405], [1.5385381, 42.5112076], [1.538679, 42.5110711], [1.53882, 42.5109346], [1.5389609, 42.5107981], [1.5391019, 42.5106616], [1.5392842, 42.5105913], [1.539471, 42.5105389], [1.5396671, 42.5105452], [1.5398632, 42.5105515], [1.5400593, 42.5105577], [1.5402554, 42.510563], [1.5404515, 42.5105594], [1.540643, 42.5105168], [1.5408344, 42.5104736], [1.5409914, 42.5103937], [1.5410398, 42.5102255], [1.5411976, 42.5101089], [1.541354, 42.5099909], [1.5414749, 42.5098363], [1.5416092, 42.5096936], [1.5417458, 42.5095527], [1.5418843, 42.509414], [1.541988, 42.5092533]], "mood_vectors": [[0.0781, 0.0424, 0.0692, 0.6817, 0.0182, 0.0688, 0.0416], [0.0698, 0.0897, 0.0859, 0.6531, 0.0138, 0.0129, 0.0748], [0.0238, 0.0197, 0.0684, 0.7618, 0.038, 0.0332, 0.0551], [0.033, 0.0466, 0.0183, 0.76, 0.0542, 0.0675, 0.0202], [0.0382, 0.0672, 0.0629, 0.7081, 0.0344, 0.053, 0.0363], [0.0664, 0.0754, 0.0597, 0.6118, 0.0704, 0.0463, 0.07], [0.0537, 0.039, 0.0323, 0.7607, 0.0181, 0.02, 0.0762], [0.084, 0.0297, 0.0593, 0.6207, 0.0573, 0.0845, 0.0645], [0.0247, 0.0475, 0.0356, 0.7501, 0.0508, 0.0643, 0.0271], [0.0417, 0.0654, 0.0518, 0.6791, 0.0361, 0.0583, 0.0675], [0.072, 0.0138, 0.0561, 0.5926, 0.0894, 0.0912, 0.085], [0.0651, 0.0634, 0.0572, 0.5814, 0.0596, 0.0851, 0.0881], [0.0358, 0.0276, 0.0641, 0.6901, 0.0355, 0.0724, 0.0745], [0.0537, 0.0379, 0.0531, 0.7387, 0.0311, 0.0441, 0.0414], [0.0173, 0.0371, 0.0999, 0.7318, 0.03, 0.0553, 0.0287], [0.0161, 0.0295, 0.0692, 0.717, 0.0755, 0.0218, 0.0708], [0.052, 0.0601, 0.0415, 0.6147, 0.0476, 0.0993, 0.0849], [0.0266, 0.0853, 0.0745, 0.6586, 0.0293, 0.0727, 0.053], [0.0562, 0.0895, 0.0807, 0.5949, 0.0972, 0.0191, 0.0623], [0.0786, 0.0841, 0.0648, 0.6331, 0.0664, 0.0529, 0.0201], [0.0795, 0.027, 0.0184, 0.6984, 0.0371, 0.055, 0.0845], [0.0614, 0.0504, 0.0306, 0.6869, 0.0351, 0.0618, 0.0739], [0.0459, 0.0812, 0.0233, 0.6887, 0.0145, 0.086, 0.0604], [0.0193, 0.0363, 0.0275, 0.7409, 0.0703, 0.0606, 0.0451], [0.0258, 0.0713, 0.0439, 0.6955, 0.0724, 0.0328, 0.0584], [0.0431, 0.0366, 0.0214, 0.7838, 0.0315, 0.0571, 0.0265], [0.0246, 0.0624, 0.0785, 0.6579, 0.0905, 0.0295, 0.0565], [0.0509, 0.0352, 0.0279, 0.7453, 0.0347, 0.0556, 0.0504], [0.0611, 0.0682, 0.0253, 0.6333, 0.0623, 0.0826, 0.0673], [0.0407, 0.0393, 0.0651, 0.75, 0.0358, 0.0143, 0.0547], [0.0679, 0.035, 0.0488, 0.6917, 0.0756, 0.0483, 0.0327], [0.043, 0.095, 0.0164, 0.6998, 0.0193, 0.0804, 0.0461], [0.0538, 0.0182, 0.0409, 0.782, 0.0217, 0.0521, 0.0314], [0.0335, 0.0548, 0.0624, 0.6633, 0.0483, 0.0745, 0.0632], [0.0429, 0.0323, 0.0486, 0.6677, 0.062, 0.0704, 0.0761], [0.0374, 0.0203, 0.0372, 0.7563, 0.0738, 0.0333, 0.0416], [0.0601, 0.0247, 0.0676, 0.7206, 0.0355, 0.04, 0.0515], [0.0736, 0.0914, 0.0692, 0.6529, 0.0331, 0.0227, 0.0571], [0.0812, 0.0716, 0.0462, 0.6726, 0.0297, 0.0526, 0.0461], [0.0542, 0.071, 0.0764, 0.6249, 0.0779, 0.0639, 0.0318], [0.0889, 0.0365, 0.0751, 0.6074, 0.0611, 0.0557, 0.0753], [0.0368, 0.0523, 0.0876, 0.6417, 0.0848, 0.0406, 0.0561], [0.0653, 0.0405, 0.0582, 0.6827, 0.0439, 0.0672, 0.0423], [0.04, 0.0718, 0.0553, 0.6746, 0.017, 0.0779, 0.0635], [0.078, 0.0541, 0.0411, 0.7515, 0.0205, 0.0215, 0.0334], [0.071, 0.0331, 0.0852, 0.7, 0.0234, 0.0234, 0.0638], [0.0949, 0.0453, 0.0305, 0.6815, 0.018, 0.0747, 0.0551], [0.0211, 0.0751, 0.0564, 0.6971, 0.0734, 0.0463, 0.0307], [0.017, 0.0914, 0.0149, 0.7188, 0.0299, 0.0424, 0.0858], [0.0504, 0.0891, 0.0221, 0.6605, 0.0597, 0.0797, 0.0384], [0.0783, 0.0515, 0.0589, 0.6267, 0.0734, 0.0684, 0.0427], [0.0385, 0.0477, 0.0807, 0.6891, 0.0577, 0.041, 0.0453], [0.0355, 0.0131, 0.0409, 0.769, 0.0263, 0.0383, 0.0769], [0.0565, 0.0228, 0.0288, 0.7158, 0.0631, 0.0417, 0.0712], [0.0187, 0.0902, 0.0196, 0.6893, 0.061, 0.0637, 0.0574], [0.0397, 0.0517, 0.0186, 0.7774, 0.0371, 0.0245, 0.0511], [0.0581, 0.0713, 0.0557, 0.6779, 0.0138, 0.0629, 0.0602], [0.0641, 0.0657, 0.0392, 0.7446, 0.0144, 0.0285, 0.0434], [0.0969, 0.049, 0.0168, 0.6129, 0.0628, 0.0748, 0.0867], [0.0678, 0.0545, 0.0342, 0.6602, 0.0575, 0.0576, 0.0683], [0.088, 0.0345, 0.0387, 0.6123, 0.0857, 0.0797, 0.0612], [0.0146, 0.0873, 0.0157, 0.7351, 0.03, 0.0644, 0.0529], [0.0399, 0.0694, 0.0305, 0.6724, 0.0414, 0.0758, 0.0707], [0.0483, 0.0799, 0.0375, 0.7173, 0.0395, 0.0205, 0.057], [0.0271, 0.0406, 0.0292, 0.6859, 0.0845, 0.077, 0.0558], [0.0344, 0.0183, 0.0754, 0.7815, 0.0308, 0.0338, 0.0257], [0.0332, 0.032, 0.0738, 0.7596, 0.0345, 0.0276, 0.0394], [0.0351, 0.0824, 0.0605, 0.6745, 0.0227, 0.0548, 0.07], [0.0331, 0.0711, 0.0437, 0.6619, 0.0916, 0.0488, 0.0498], [0.0335, 0.0226, 0.0471, 0.6841, 0.0771, 0.0289, 0.1067], [0.056, 0.0444, 0.0458, 0.7276, 0.0156, 0.074, 0.0366], [0.0757, 0.0537, 0.0545, 0.7326, 0.0501, 0.0207, 0.0127], [0.0612, 0.0858, 0.0699, 0.6727, 0.0549, 0.0264, 0.0291], [0.0761, 0.0413, 0.0654, 0.6471, 0.062, 0.0403, 0.0678], [0.0248, 0.0468, 0.0491, 0.6987, 0.0522, 0.0814, 0.0471], [0.0498, 0.0644, 0.0209, 0.7209, 0.0521, 0.0327, 0.0592], [0.067, 0.0459, 0.0763, 0.7056, 0.0309, 0.04, 0.0343], [0.0535, 0.0376, 0.0144, 0.7255, 0.0758, 0.0731, 0.0202], [0.0582, 0.0328, 0.0251, 0.7346, 0.0531, 0.0212, 0.075], [0.0569, 0.0346, 0.0556, 0.6497, 0.0675, 0.0743, 0.0613]], "emotions": ["green", "green", "green", "green", "green", "green", "green", "green", "green", "green", "green", "green", "green", "green", "green", "green", "green", "green", "green", "green", "green", "green", "green", "green", "green", "green", "green", "green", "green", "green", "green", "green", "green", "green", "green", "green", "green", "green", "green", "green", "green", "green", "green", "green", "green", "green", "green", "green", "green", "green", "green", "green", "green", "green", "green", "green", "green", "green", "green", "green", "green", "green", "green", "green", "green", "green", "green", "green", "green", "green", "green", "green", "green", "green", "green", "green", "green", "green", "green", "green"], "timestamps": [0, 40, 80, 120, 160, 200, 240, 280, 320, 360, 400, 440, 480, 520, 560, 600, 640, 680, 720, 760, 800, 840, 880, 920, 960, 1000, 1040, 1080, 1120, 1160, 1200, 1240, 1280, 1320, 1360, 1400, 1440, 1480, 1520, 1560, 1600, 1640, 1680, 1720, 1760, 1800, 1840, 1880, 1920, 1960, 2000, 2040, 2080, 2120, 2160, 2200, 2240, 2280, 2320, 2360, 2400, 2440, 2480, 2520, 2560, 2600, 2640, 2680, 2720, 2760, 2800, 2840, 2880, 2920, 2960, 3000, 3040, 3080, 3120, 3160]}], "conversation": [], "conversation_timestamps": []}