{"agent_id": "agent-orange-318", "type": "orange", "trips": [{"trip_id": 0, "transport_method": "car", "start_time": 0, "path": [[1.5978408, 42.5669337], [1.5965568, 42.5658648], [1.5944854, 42.5647922], [1.5953002, 42.5653228], [1.5947573, 42.5650008], [1.5925517, 42.5642389], [1.5906968, 42.5631614], [1.5902111, 42.5609], [1.5892527, 42.5588603], [1.5886928, 42.5566219], [1.5885992, 42.5543211], [1.589577, 42.5523265], [1.5908824, 42.5505488], [1.5906143, 42.5482068], [1.5903461, 42.5458648], [1.590078, 42.5435227], [1.5898098, 42.5411807], [1.5895417, 42.5388387], [1.5897598, 42.5372102], [1.5916718, 42.5384687], [1.592229, 42.5406801], [1.5914979, 42.5427717], [1.5915486, 42.5450169], [1.5917783, 42.5472652], [1.5913713, 42.5495666], [1.5908168, 42.5500662], [1.5905218, 42.5477274], [1.5902267, 42.5453886], [1.5899316, 42.5430498], [1.5896365, 42.540711], [1.5893414, 42.5383722], [1.5887092, 42.5361708], [1.5872809, 42.5346689], [1.5868484, 42.5344934], [1.5856397, 42.5336889], [1.5839832, 42.532372], [1.5817924, 42.5316964], [1.579437, 42.5317844], [1.5770835, 42.5317117], [1.5747899, 42.5312299], [1.5731513, 42.5297126], [1.5748246, 42.5312674], [1.5731104, 42.5296839], [1.5709953, 42.5291259], [1.5698341, 42.5282199], [1.5709815, 42.5291463], [1.5690196, 42.5278395], [1.5679304, 42.527116], [1.5682966, 42.5272704], [1.5663525, 42.5259381], [1.5641688, 42.5251328], [1.562182, 42.5239657], [1.5603589, 42.5225062], [1.5585015, 42.5211255], [1.5568601, 42.5194725], [1.5563545, 42.5188168], [1.5554383, 42.5182112], [1.5545583, 42.5175458], [1.5544909, 42.5176634], [1.5533685, 42.5158547], [1.5526245, 42.5137175], [1.5507463, 42.5123352], [1.5485583, 42.5115327], [1.5464271, 42.5106973], [1.5459068, 42.5095885], [1.5436431, 42.5090726], [1.5413252, 42.508752], [1.5392975, 42.5082528], [1.5375838, 42.5080231], [1.5358474, 42.5077381], [1.534873, 42.5074752], [1.5342714, 42.5070974], [1.532022, 42.5067295], [1.5299095, 42.5064835], [1.5278656, 42.5072781], [1.5255186, 42.5071078], [1.5232441, 42.5066492], [1.5209915, 42.5059708], [1.5207092, 42.5059037], [1.5184055, 42.5054325]], "mood_vectors": [[0.0618, 0.0391, 0.064, 0.0287, 0.6861, 0.0549, 0.0655], [0.0408, 0.0389, 0.0593, 0.0431, 0.6953, 0.044, 0.0787], [0.0367, 0.0769, 0.0257, 0.0434, 0.7151, 0.0652, 0.037], [0.0834, 0.0524, 0.02, 0.059, 0.6957, 0.0753, 0.0142], [0.0592, 0.0391, 0.039, 0.0428, 0.6952, 0.0586, 0.0662], [0.0375, 0.0982, 0.0887, 0.0536, 0.6087, 0.0206, 0.0928], [0.0556, 0.0365, 0.0168, 0.0509, 0.712, 0.0452, 0.0831], [0.0815, 0.0736, 0.0631, 0.0526, 0.6526, 0.0559, 0.0207], [0.1011, 0.0271, 0.0246, 0.0211, 0.7238, 0.0739, 0.0284], [0.0724, 0.0349, 0.0482, 0.0632, 0.6917, 0.0526, 0.037], [0.0633, 0.032, 0.0286, 0.0391, 0.7302, 0.0387, 0.068], [0.0656, 0.0486, 0.0253, 0.0311, 0.696, 0.062, 0.0714], [0.0491, 0.0406, 0.0219, 0.0762, 0.7501, 0.0227, 0.0394], [0.0258, 0.0769, 0.0995, 0.0222, 0.693, 0.0257, 0.057], [0.0538, 0.0725, 0.0491, 0.0425, 0.7005, 0.0328, 0.0488], [0.0997, 0.0311, 0.0732, 0.0629, 0.6259, 0.0662, 0.041], [0.029, 0.081, 0.025, 0.0987, 0.6741, 0.0632, 0.029], [0.0193, 0.0586, 0.0721, 0.0769, 0.7244, 0.0197, 0.029], [0.0341, 0.0498, 0.046, 0.0442, 0.7282, 0.0594, 0.0383], [0.0152, 0.0418, 0.0421, 0.0581, 0.7465, 0.0813, 0.0151], [0.0259, 0.0163, 0.0379, 0.024, 0.7985, 0.0816, 0.0158], [0.0527, 0.0391, 0.043, 0.051, 0.748, 0.0377, 0.0285], [0.0515, 0.0317, 0.051, 0.0633, 0.7075, 0.0661, 0.0289], [0.0221, 0.0563, 0.016, 0.0478, 0.7528, 0.0504, 0.0547], [0.0443, 0.0642, 0.0829, 0.0903, 0.656, 0.0229, 0.0395], [0.0605, 0.0492, 0.0224, 0.0646, 0.7184, 0.0395, 0.0453], [0.081, 0.0314, 0.0611, 0.0397, 0.6557, 0.0486, 0.0825], [0.0769, 0.0209, 0.0519, 0.0287, 0.7344, 0.0352, 0.052], [0.0547, 0.0272, 0.0847, 0.0752, 0.6462, 0.0557, 0.0564], [0.0645, 0.0863, 0.0399, 0.014, 0.6909, 0.0255, 0.079], [0.0861, 0.0173, 0.0183, 0.0221, 0.6783, 0.0892, 0.0887], [0.0279, 0.0507, 0.0856, 0.028, 0.6622, 0.0792, 0.0663], [0.0619, 0.0382, 0.0185, 0.0742, 0.6516, 0.0692, 0.0863], [0.0504, 0.0396, 0.0453, 0.0329, 0.7072, 0.0423, 0.0823], [0.042, 0.0855, 0.0237, 0.0291, 0.762, 0.0222, 0.0355], [0.0588, 0.0872, 0.0707, 0.0312, 0.6899, 0.015, 0.0471], [0.0807, 0.0566, 0.035, 0.0493, 0.6688, 0.0625, 0.047], [0.0695, 0.0376, 0.0263, 0.0718, 0.7049, 0.0418, 0.048], [0.0194, 0.0213, 0.0548, 0.0248, 0.8033, 0.051, 0.0254], [0.0762, 0.0383, 0.0595, 0.0679, 0.6883, 0.0289, 0.0408], [0.055, 0.077, 0.0751, 0.0753, 0.6607, 0.0208, 0.036], [0.0794, 0.0293, 0.054, 0.0222, 0.699, 0.0552, 0.0609], [0.0414, 0.019, 0.0804, 0.0564, 0.7154, 0.0179, 0.0695], [0.0141, 0.0491, 0.0262, 0.0389, 0.7814, 0.0683, 0.022], [0.0499, 0.0436, 0.0659, 0.0605, 0.6975, 0.0253, 0.0573], [0.1091, 0.0201, 0.0375, 0.0244, 0.7013, 0.0276, 0.08], [0.0529, 0.0706, 0.0424, 0.0235, 0.719, 0.0383, 0.0533], [0.0634, 0.0329, 0.021, 0.0784, 0.6754, 0.0562, 0.0727], [0.056, 0.0754, 0.0284, 0.0495, 0.7353, 0.0238, 0.0317], [0.0406, 0.0418, 0.0228, 0.0362, 0.6968, 0.0742, 0.0875], [0.0198, 0.0352, 0.0598, 0.0213, 0.7801, 0.025, 0.0589], [0.0612, 0.0394, 0.0375, 0.0682, 0.7085, 0.0703, 0.0148], [0.0162, 0.0131, 0.0193, 0.0155, 0.8523, 0.0297, 0.0539], [0.0323, 0.0619, 0.0259, 0.0214, 0.7198, 0.065, 0.0738], [0.0679, 0.0463, 0.0455, 0.0813, 0.7227, 0.0213, 0.0151], [0.0412, 0.059, 0.061, 0.0585, 0.7169, 0.0468, 0.0165], [0.069, 0.0528, 0.0527, 0.0136, 0.7589, 0.0323, 0.0208], [0.0185, 0.0202, 0.0459, 0.0569, 0.7833, 0.0269, 0.0484], [0.0736, 0.0239, 0.0544, 0.0452, 0.734, 0.0341, 0.0349], [0.0376, 0.0915, 0.0279, 0.0185, 0.7494, 0.0507, 0.0245], [0.0605, 0.02, 0.0673, 0.0228, 0.7606, 0.0404, 0.0284], [0.0776, 0.0714, 0.025, 0.0336, 0.6951, 0.0405, 0.0568], [0.0495, 0.0565, 0.0884, 0.0259, 0.6819, 0.031, 0.0668], [0.0287, 0.0211, 0.0559, 0.0536, 0.7482, 0.0701, 0.0225], [0.0549, 0.0414, 0.0249, 0.0577, 0.7535, 0.0139, 0.0537], [0.0779, 0.0714, 0.0383, 0.0867, 0.6497, 0.0196, 0.0563], [0.025, 0.0816, 0.0572, 0.0661, 0.6439, 0.0801, 0.0461], [0.0652, 0.0341, 0.0141, 0.0669, 0.7139, 0.0857, 0.0202], [0.0581, 0.0237, 0.0676, 0.09, 0.6372, 0.0797, 0.0436], [0.0516, 0.0431, 0.0757, 0.0173, 0.7194, 0.0472, 0.0458], [0.0142, 0.0506, 0.07, 0.0437, 0.6565, 0.0815, 0.0837], [0.0687, 0.068, 0.0281, 0.0679, 0.6952, 0.0556, 0.0164], [0.0575, 0.0609, 0.0544, 0.0373, 0.6985, 0.0694, 0.0221], [0.0522, 0.0345, 0.0146, 0.0458, 0.6988, 0.0762, 0.0779], [0.0649, 0.0758, 0.0848, 0.0695, 0.6627, 0.0249, 0.0175], [0.0394, 0.0363, 0.0505, 0.0432, 0.7174, 0.0818, 0.0314], [0.0256, 0.0563, 0.0274, 0.0423, 0.7485, 0.0495, 0.0504], [0.0846, 0.0816, 0.0675, 0.0235, 0.6542, 0.0393, 0.0492], [0.0638, 0.0269, 0.0331, 0.0397, 0.7109, 0.0608, 0.0649], [0.0191, 0.0596, 0.0297, 0.0474, 0.7789, 0.0157, 0.0497]], "emotions": ["red", "red", "red", "red", "red", "red", "red", "red", "red", "red", "red", "red", "red", "red", "red", "red", "red", "red", "red", "red", "red", "red", "red", "red", "red", "red", "red", "red", "red", "red", "red", "red", "red", "red", "red", "red", "red", "red", "red", "red", "red", "red", "red", "red", "red", "red", "red", "red", "red", "red", "red", "red", "red", "red", "red", "red", "red", "red", "red", "red", "red", "red", "red", "red", "red", "red", "red", "red", "red", "red", "red", "red", "red", "red", "red", "red", "red", "red", "red", "red"], "timestamps": [0, 40, 80, 120, 160, 200, 240, 280, 320, 360, 400, 440, 480, 520, 560, 600, 640, 680, 720, 760, 800, 840, 880, 920, 960, 1000, 1040, 1080, 1120, 1160, 1200, 1240, 1280, 1320, 1360, 1400, 1440, 1480, 1520, 1560, 1600, 1640, 1680, 1720, 1760, 1800, 1840, 1880, 1920, 1960, 2000, 2040, 2080, 2120, 2160, 2200, 2240, 2280, 2320, 2360, 2400, 2440, 2480, 2520, 2560, 2600, 2640, 2680, 2720, 2760, 2800, 2840, 2880, 2920, 2960, 3000, 3040, 3080, 3120, 3160]}], "conversation": [], "conversation_timestamps": []}