{
  "agent_id": "agent-type-red-29",
  "type": "red",
  "trips": [
    {
      "trip_id": 0,
      "transport_method": "car",
      "start_time": 0,
      "path": [
        [
          1.5294420000000004,
          42.507011000000006
        ],
        [
          1.529355253396174,
          42.506502245467445
        ],
        [
          1.5297527430761193,
          42.50675921992051
        ],
        [
          1.5299120744756511,
          42.50647311968844
        ],
        [
          1.529708627520023,
          42.5062875513444
        ],
        [
          1.5300889974014433,
          42.50649172302213
        ],
        [
          1.5304920146314636,
          42.506169336204806
        ],
        [
          1.530422896318819,
          42.50588819685995
        ],
        [
          1.530127495108627,
          42.50562831945209
        ],
        [
          1.5296261691937372,
          42.505510175130354
        ],
        [
          1.5291308915343158,
          42.505376163093224
        ],
        [
          1.5286249791247122,
          42.50527413965725
        ],
        [
          1.5281155557081918,
          42.50519373204595
        ],
        [
          1.5275997247735267,
          42.50519721206735
        ],
        [
          1.5271540969345285,
          42.50517331748248
        ],
        [
          1.5266424566146062,
          42.50510563934193
        ],
        [
          1.526337116406254,
          42.50487945894495
        ],
        [
          1.525832189937736,
          42.50477463756159
        ],
        [
          1.5253249264653033,
          42.504679559082355
        ],
        [
          1.5249800811921412,
          42.50489151025487
        ],
        [
          1.524467963851305,
          42.50482754169312
        ],
        [
          1.5239888491640616,
          42.50480043827888
        ],
        [
          1.523490558738308,
          42.5047153469382
        ],
        [
          1.522981404655035,
          42.504632897733
        ],
        [
          1.5224691705801883,
          42.50456987094293
        ],
        [
          1.522002583644906,
          42.50460991106736
        ],
        [
          1.5217077955633616,
          42.50489311080306
        ],
        [
          1.521209968792195,
          42.504757156533714
        ],
        [
          1.5207323861285198,
          42.504562530254404
        ],
        [
          1.5207038316990247,
          42.50453488235039
        ],
        [
          1.5210620039714864,
          42.50470448029843
        ],
        [
          1.5215560045064047,
          42.50485225401461
        ],
        [
          1.521973630400411,
          42.50474424676919
        ],
        [
          1.521970619789175,
          42.50521429646576
        ],
        [
          1.5218400494097317,
          42.505713598318465
        ],
        [
          1.5216282121696303,
          42.50615912043638
        ],
        [
          1.5211357491728463,
          42.50603027847347
        ],
        [
          1.5207422793082703,
          42.505933134253915
        ],
        [
          1.5212249705594585,
          42.50611579597324
        ],
        [
          1.5210455363390711,
          42.5063928727502
        ],
        [
          1.521417789690916,
          42.50642779563014
        ],
        [
          1.5213476485328403,
          42.506190590345426
        ],
        [
          1.5208801536479775,
          42.505985309146
        ],
        [
          1.5209980798454865,
          42.50597756501012
        ],
        [
          1.5214816258907702,
          42.50615476729837
        ],
        [
          1.5217609617308878,
          42.506331650895504
        ],
        [
          1.521424142774651,
          42.50614070412782
        ],
        [
          1.5209421692615612,
          42.50595615689713
        ],
        [
          1.5209361474919887,
          42.506006498533196
        ],
        [
          1.5212017816590973,
          42.506204025934885
        ],
        [
          1.52107791827357,
          42.50631310093932
        ],
        [
          1.5211235641029446,
          42.50607742138565
        ],
        [
          1.520755031329868,
          42.505884501949055
        ],
        [
          1.5212370048429578,
          42.50606904917975
        ],
        [
          1.5216274279897612,
          42.506372836206175
        ],
        [
          1.52197036660091,
          42.50675532023623
        ],
        [
          1.522327655594725,
          42.507127745695314
        ],
        [
          1.5223630763927318,
          42.507518846144755
        ],
        [
          1.521868464768485,
          42.50749474649421
        ],
        [
          1.5214669846744069,
          42.50721026728437
        ],
        [
          1.5210314150952817,
          42.50713613001945
        ],
        [
          1.5208948731656216,
          42.50712119325668
        ],
        [
          1.5205365460167612,
          42.50727468402789
        ],
        [
          1.5205791102016037,
          42.50767050218304
        ],
        [
          1.5210347305630987,
          42.507912919661514
        ],
        [
          1.5214903509245938,
          42.50815533713998
        ],
        [
          1.5215314027819196,
          42.50842954329069
        ],
        [
          1.5211020999999998,
          42.508253900000014
        ]
      ],
      "emotions": [
        "green",
        "green",
        "green",
        "green",
        "green",
        "red",
        "red",
        "red",
        "red",
        "red",
        "red",
        "red",
        "red",
        "red",
        "red",
        "purple",
        "purple",
        "purple",
        "purple",
        "purple",
        "red",
        "red",
        "red",
        "red",
        "red",
        "green",
        "green",
        "green",
        "green",
        "green",
        "red",
        "red",
        "red",
        "red",
        "red",
        "purple",
        "purple",
        "purple",
        "purple",
        "purple",
        "green",
        "green",
        "green",
        "green",
        "green",
        "green",
        "green",
        "green",
        "green",
        "green",
        "red",
        "red",
        "red",
        "red",
        "red",
        "red",
        "red",
        "red",
        "red",
        "red",
        "purple",
        "purple",
        "purple",
        "purple",
        "purple",
        "purple",
        "purple",
        "purple"
      ],
      "mood_vectors": [
        [
          0.15663947984238796,
          0.03172084513514465,
          0.09914855229778112,
          0.05276615188377747,
          0.2165908359601546,
          0.26224568862025255,
          0.18088844626050157
        ],
        [
          0.1350374667964332,
          0.29306556441618736,
          0.04962247870832123,
          0.07991879072671769,
          0.19248686966976616,
          0.045570831525613816,
          0.20429799815696056
        ],
        [
          0.203692455976541,
          0.03311188128122841,
          0.1198335874783466,
          0.2159271526380025,
          0.14211452593068277,
          0.09340088746836556,
          0.19191950922683318
        ],
        [
          0.1088263069931724,
          0.3596695463266863,
          0.01681665956193759,
          0.034769196777904514,
          0.1444658269691882,
          0.2033093482935109,
          0.13214311507760002
        ],
        [
          0.049362519726984196,
          0.03134641867166539,
          0.2781071513883609,
          0.09103133486878753,
          0.262370008061533,
          0.13861443983648003,
          0.14916812744618904
        ],
        [
          0.15608466497916165,
          0.05630040444950908,
          0.13118113642046225,
          0.13960146743149426,
          0.2583676564616119,
          0.05749854916018488,
          0.20096612109757592
        ],
        [
          0.20405225207422498,
          0.19890272150538071,
          0.21656511228788838,
          0.1763625838865737,
          0.042485920279184436,
          0.13488896565022984,
          0.02674244431651798
        ],
        [
          0.09636123968144351,
          0.15116319694805302,
          0.10048400730676212,
          0.2332118648798906,
          0.04571608080815506,
          0.24324515496247734,
          0.12981845541321843
        ],
        [
          0.19167557746544361,
          0.2688800881060501,
          0.03949789841227791,
          0.07418501452626994,
          0.14646937832400134,
          0.10442455701649739,
          0.17486748614945974
        ],
        [
          0.2706494661250305,
          0.1301776122685394,
          0.27611627161847174,
          0.1943847782309432,
          0.06942296541289643,
          0.023662435773546035,
          0.035586470570572695
        ],
        [
          0.2488245684069589,
          0.03263573487995022,
          0.16638050966473758,
          0.17652773459225388,
          0.12439643795305033,
          0.21411384419793117,
          0.037121170305117905
        ],
        [
          0.1888786657202508,
          0.02722085211795684,
          0.2607289234329636,
          0.07779345887820661,
          0.28464519615379685,
          0.13080074220497012,
          0.02993216149185522
        ],
        [
          0.14498103291854347,
          0.30153800198344166,
          0.11820263015386358,
          0.25293674978296116,
          0.0730793902097888,
          0.015638745626825067,
          0.09362344932457627
        ],
        [
          0.23849392497628707,
          0.38462385283829553,
          0.06982358276886852,
          0.061139395536330375,
          0.044485293858919084,
          0.17290345857079845,
          0.028530491450500926
        ],
        [
          0.25048747126049925,
          0.10022129646166951,
          0.0729101701057639,
          0.06152468826968875,
          0.1341815278532797,
          0.175998044719183,
          0.20467680132991597
        ],
        [
          0.12752588304066684,
          0.23575195032805196,
          0.05839783159856531,
          0.042461257199105935,
          0.1434693083610279,
          0.01718999139982198,
          0.3752037780727601
        ],
        [
          0.018689300244413797,
          0.05758749359576103,
          0.1808616455823465,
          0.2575367819750837,
          0.24676304062921675,
          0.16898463149796575,
          0.06957710647521255
        ],
        [
          0.07415642708681404,
          0.2129976137944096,
          0.11949991479558575,
          0.04073338753541928,
          0.2770872599134624,
          0.06807250776557423,
          0.2074528891087348
        ],
        [
          0.22959056692807828,
          0.08188914767834,
          0.13382836385800742,
          0.24231698068603852,
          0.020736874266262875,
          0.09150815491981538,
          0.20012991166345753
        ],
        [
          0.14398935251222347,
          0.2790949936464747,
          0.09244911904292805,
          0.040881214172920746,
          0.25656341200687516,
          0.045770646374719226,
          0.1412512622438586
        ],
        [
          0.101329034083394,
          0.13347435471115787,
          0.12288868820226256,
          0.2140554183820209,
          0.17782252581918245,
          0.21264762155379704,
          0.03778235724818519
        ],
        [
          0.03276045327929826,
          0.19112873089457677,
          0.21308593967325307,
          0.08277808739500926,
          0.0897028958918081,
          0.2598906837817299,
          0.1306532090843246
        ],
        [
          0.01926519478567156,
          0.12423908771048127,
          0.28061083212632415,
          0.09913514548164858,
          0.000836230554108696,
          0.33986327570814734,
          0.1360502336336185
        ],
        [
          0.24918446640310213,
          0.13966890584135758,
          0.010189859850733212,
          0.17258323675128873,
          0.19104174964454615,
          0.050011807788986715,
          0.18731997371998546
        ],
        [
          0.1786277654247699,
          0.3291516979475772,
          0.08142356908672803,
          0.07462902003302108,
          0.02017941553116296,
          0.2905969296836853,
          0.025391602293055628
        ],
        [
          0.3003549545244879,
          0.007488699911862688,
          0.13887139711207844,
          0.2975478153246385,
          0.010960340403971045,
          0.10334561618962228,
          0.14143117653333925
        ],
        [
          0.20854086532190338,
          0.22980994585064185,
          0.01586881193371869,
          0.0467439156370092,
          0.1463017182654088,
          0.18217991367350014,
          0.1705548293178179
        ],
        [
          0.2385390682293517,
          0.023732519426802136,
          0.20960258890754568,
          0.09346927850777652,
          0.1528000787927665,
          0.1869851042937966,
          0.09487136184196081
        ],
        [
          0.018626046237357207,
          0.19856674141089198,
          0.2060101509265222,
          0.20119015579464655,
          0.07315368394607842,
          0.1149182114748594,
          0.18753501020964422
        ],
        [
          0.15604251569072836,
          0.17225212174059285,
          0.2036961024648555,
          0.14286565614934332,
          0.23266577299041274,
          0.04817745557232099,
          0.04430037539174621
        ],
        [
          0.2368613188890288,
          0.15035561272986095,
          0.05902727897100259,
          0.2752087805048186,
          0.03693973119312187,
          0.12894083713285884,
          0.11266644057930836
        ],
        [
          0.15408591248594458,
          0.021367878124703935,
          0.27982722398248366,
          0.22618213806047593,
          0.02465835573015625,
          0.25506924398761066,
          0.03880924762862507
        ],
        [
          0.016718611009744783,
          0.19890337683501327,
          0.1653387317617201,
          0.2949241693760304,
          0.2166831788894246,
          0.1023757643410125,
          0.0050561677870543794
        ],
        [
          0.22031051889462497,
          0.08160831007242562,
          0.11997549090991164,
          0.03486431033515959,
          0.23222557138139543,
          0.15063544333030524,
          0.16038035507617754
        ],
        [
          0.026771298138194188,
          0.20774507264639866,
          0.07868941201052142,
          0.09970594730616918,
          0.2804648017461919,
          0.15491636836574904,
          0.15170709978677557
        ],
        [
          0.0806598410812527,
          0.14695868781405103,
          0.03111737959841875,
          0.11389246959378253,
          0.20984415915855584,
          0.17447851269498985,
          0.2430489500589493
        ],
        [
          0.14891663418750706,
          0.05800092844698554,
          0.15065121513524987,
          0.0295279258535266,
          0.22966516858780175,
          0.16994145946718053,
          0.2132966683217486
        ],
        [
          0.11046208940905687,
          0.13435931387081057,
          0.13420594635904162,
          0.21581363638223705,
          0.0997247649632253,
          0.15918809812067383,
          0.14624615089495485
        ],
        [
          0.00441252848308572,
          0.2905074606354657,
          0.2169169935430736,
          0.07846901727461064,
          0.0889485084527525,
          0.06324643233979786,
          0.257499059271214
        ],
        [
          0.1134811918578734,
          0.22044557454746525,
          0.0701836433061075,
          0.23583156560285454,
          0.08143335660693242,
          0.13690910358446007,
          0.14171556449430686
        ],
        [
          0.07667378159749097,
          0.2030782186040349,
          0.18592173802998033,
          0.17062827157731225,
          0.16684614729862085,
          0.14266119211868164,
          0.05419065077387907
        ],
        [
          0.132865492837612,
          0.19203101001496015,
          0.2767473412047114,
          0.020639264861884207,
          0.21251893552468212,
          0.055035253319001866,
          0.11016270223714819
        ],
        [
          0.22577829202567373,
          0.09729446815040257,
          0.06525397974033516,
          0.17262430053875988,
          0.21582647228916366,
          0.19282991680520828,
          0.03039257045045672
        ],
        [
          0.1272098620186089,
          0.2613541426396649,
          0.17245904819507576,
          0.21445576556112544,
          0.17688143883819696,
          0.029624412727771544,
          0.018015330019556543
        ],
        [
          0.14196998635291846,
          0.12292986732717362,
          0.046672427147784995,
          0.4670483352096323,
          0.007545284125007124,
          0.16599872672959093,
          0.04783537310789253
        ],
        [
          0.07331628892566076,
          0.1231498573924429,
          0.3451782695242398,
          0.09996670445820843,
          0.12647291638032424,
          0.052363929162458855,
          0.17955203415666493
        ],
        [
          0.09401600554358651,
          0.13121029899644007,
          0.07250414708785362,
          0.13066101962604265,
          0.26378897252604544,
          0.09094654527254327,
          0.21687301094748845
        ],
        [
          0.17444915880987072,
          0.10425239635220467,
          0.19703535741622313,
          0.08665577789527673,
          0.21563055652179594,
          0.21683569463921523,
          0.005141058365413602
        ],
        [
          0.1420727676449814,
          0.1741519987920125,
          0.13502026642210996,
          0.08468784233408738,
          0.11303730653675591,
          0.14246532702299622,
          0.20856449124705662
        ],
        [
          0.11538449424391169,
          0.21154262845726451,
          0.02684332065387038,
          0.22742997728905584,
          0.13568761235757099,
          0.18756381514980383,
          0.09554815184852282
        ],
        [
          0.05032243074081049,
          0.06500633918367284,
          0.2369085403177924,
          0.15919933343012807,
          0.12568846315145196,
          0.19304115402565664,
          0.16983373915048755
        ],
        [
          0.17859234185325037,
          0.18882294647031103,
          0.026115580354310133,
          0.08031949454807882,
          0.15801398406105321,
          0.20258744364565326,
          0.16554820906734322
        ],
        [
          0.09422025050345836,
          0.2604609189361045,
          0.05842279836751236,
          0.11863025774675673,
          0.2183021147904519,
          0.12362804780949677,
          0.1263356118462194
        ],
        [
          0.16807152914807327,
          0.11487613329112514,
          0.143167505115885,
          0.02301708146594539,
          0.13768673540709145,
          0.051878393920076274,
          0.36130262165180355
        ],
        [
          0.14497220677961917,
          0.10554330458290502,
          0.17061834415951366,
          0.09828470360335045,
          0.2080484214511407,
          0.05954603437173652,
          0.2129869850517344
        ],
        [
          0.05398985344316702,
          0.30384605555481153,
          0.2649831815616273,
          0.016106815004794734,
          0.15679371616823184,
          0.15603291155945193,
          0.04824746670791554
        ],
        [
          0.2972089581144916,
          0.03495392354556798,
          0.18050254861004178,
          0.061000253596320324,
          0.18026438624928054,
          0.14326756319567452,
          0.10280236668862325
        ],
        [
          0.004521783151602683,
          0.2820815107061921,
          0.02369247426373309,
          0.26350575410250693,
          0.1746354926482093,
          0.181740096036568,
          0.06982288909118797
        ],
        [
          0.06831700394012574,
          0.0860212319966609,
          0.14154804026803142,
          0.22876080226245904,
          0.07342107375399445,
          0.2285855644669572,
          0.17334628331177124
        ],
        [
          0.12501393810022124,
          0.15302115414902212,
          0.23207867423145834,
          0.10136997572414598,
          0.05039485500145764,
          0.14786048360609857,
          0.1902609191875962
        ],
        [
          0.20553593442945692,
          0.10539650345367496,
          0.151305495889932,
          0.15582760649021257,
          0.08892256073038078,
          0.20739993980258736,
          0.08561195920375543
        ],
        [
          0.010231875766735723,
          0.266487798129432,
          0.10404611313720294,
          0.03249962986269064,
          0.16443007186612688,
          0.1613978862838308,
          0.26090662495398087
        ],
        [
          0.1887740616365353,
          0.054088007798345356,
          0.11287886714545328,
          0.1448334559513123,
          0.048063282856159815,
          0.2888580190807839,
          0.16250430553141004
        ],
        [
          0.28990141433815686,
          0.27462591063546915,
          0.058186780740897864,
          0.0501875382303892,
          0.2408050021238304,
          0.04090888354767255,
          0.04538447038358392
        ],
        [
          0.09435130488362313,
          0.07504836007206492,
          0.23621180907978204,
          0.19254867476208432,
          0.08376682210458221,
          0.17384015650792883,
          0.14423287258993456
        ],
        [
          0.1154317876445275,
          0.07883281023959368,
          0.09810008805935173,
          0.08956549951551128,
          0.184759158349789,
          0.20853304681271212,
          0.22477760937851468
        ],
        [
          0.04368756154205995,
          0.18266165951427865,
          0.2314837948206044,
          0.20169483045972433,
          0.013257802107680823,
          0.16700674966947146,
          0.16020760188618036
        ],
        [
          0.13583954753421232,
          0.12231722826711247,
          0.14765888301229527,
          0.03966533857273491,
          0.22729863044787585,
          0.22967098765039098,
          0.09754938451537824
        ]
      ],
      "timestamps": [
        0,
        1,
        2,
        3,
        4,
        5,
        6,
        7,
        8,
        9,
        10,
        11,
        12,
        13,
        14,
        15,
        16,
        17,
        18,
        19,
        20,
        21,
        22,
        23,
        24,
        25,
        26,
        27,
        28,
        29,
        30,
        31,
        32,
        33,
        34,
        35,
        36,
        37,
        38,
        39,
        40,
        41,
        42,
        43,
        44,
        45,
        46,
        47,
        48,
        49,
        50,
        51,
        52,
        53,
        54,
        55,
        56,
        57,
        58,
        59,
        60,
        61,
        62,
        63,
        64,
        65,
        66,
        67
      ],
      "distance": 1248.5
    },
    {
      "trip_id": 1,
      "transport_method": "bicycle",
      "start_time": 68,
      "path": [
        [
          1.5211020999999998,
          42.508253900000014
        ],
        [
          1.5214537011558171,
          42.50848233192706
        ],
        [
          1.5218023555098468,
          42.5083014830519
        ],
        [
          1.5222078762262705,
          42.50840805446748
        ],
        [
          1.5226119456923248,
          42.50843242351578
        ],
        [
          1.523013451917869,
          42.50831160435788
        ],
        [
          1.5233776890205772,
          42.50846422555119
        ],
        [
          1.5237551036096622,
          42.5086468802692
        ],
        [
          1.5238128393618242,
          42.508877193915936
        ],
        [
          1.5238842032161886,
          42.508816110661165
        ],
        [
          1.524265944173113,
          42.508803850644455
        ],
        [
          1.5246774622393098,
          42.50888420858905
        ],
        [
          1.5250889803055065,
          42.50896456653365
        ],
        [
          1.525424302679269,
          42.50916701351705
        ],
        [
          1.525755709553871,
          42.50937301100612
        ],
        [
          1.5261686924771583,
          42.50944546528922
        ],
        [
          1.5265816754004458,
          42.50951791957232
        ],
        [
          1.5269946583237333,
          42.50959037385542
        ],
        [
          1.5274076412470206,
          42.50966282813852
        ],
        [
          1.5277994015705523,
          42.50980921076575
        ],
        [
          1.5281879314239497,
          42.50996684664709
        ],
        [
          1.528576461277347,
          42.510124482528425
        ],
        [
          1.5289649911307444,
          42.51028211840977
        ],
        [
          1.5293535209841416,
          42.510439754291106
        ],
        [
          1.5294796443300092,
          42.51032708205738
        ],
        [
          1.529198390081955,
          42.5100182698213
        ],
        [
          1.5288966236677617,
          42.50972716580324
        ],
        [
          1.5285948572535686,
          42.50943606178518
        ],
        [
          1.5282930908393753,
          42.50914495776712
        ],
        [
          1.5284875477701272,
          42.50889871168054
        ],
        [
          1.5288645939798524,
          42.50894670450075
        ],
        [
          1.5292401,
          42.5090071
        ]
      ],
      "emotions": [
        "purple",
        "purple",
        "purple",
        "purple",
        "purple",
        "purple",
        "purple",
        "purple",
        "purple",
        "purple",
        "purple",
        "purple",
        "green",
        "green",
        "green",
        "green",
        "green",
        "purple",
        "purple",
        "purple",
        "purple",
        "purple",
        "green",
        "green",
        "green",
        "green",
        "green",
        "purple",
        "purple",
        "purple",
        "purple",
        "purple"
      ],
      "mood_vectors": [
        [
          0.08526963542901192,
          0.04337268699982178,
          0.16812330131863573,
          0.2286818962007878,
          0.042045014107499515,
          0.21053521342738574,
          0.2219722525168576
        ],
        [
          0.029384085830440856,
          0.07687831714865698,
          0.04396759262794539,
          0.14134497865197035,
          0.2758153557900537,
          0.29004764223326973,
          0.14256202771766294
        ],
        [
          0.18107284862323608,
          0.22334637579921626,
          0.0913367147353704,
          0.1749432130607548,
          0.14095768882473825,
          0.05891417569928459,
          0.12942898325739957
        ],
        [
          0.0020892475594333684,
          0.32246455682994357,
          0.10560365405715019,
          0.22912951896453837,
          0.004812138243657072,
          0.29055660032952363,
          0.04534428401575386
        ],
        [
          0.15618488908747857,
          0.14868031187825925,
          0.16908688417478113,
          0.03345775601825119,
          0.1769043314148739,
          0.1625371997996388,
          0.1531486276267172
        ],
        [
          0.04281645870846883,
          0.3470013833321568,
          0.040417434401978494,
          0.10966358613154663,
          0.14527221431053947,
          0.18433075521426023,
          0.13049816790104957
        ],
        [
          0.18713260264751158,
          0.15662638662163228,
          0.11976342586318801,
          0.165175653792839,
          0.10343067872183337,
          0.19936315792036174,
          0.06850809443263396
        ],
        [
          0.000853450094848209,
          0.14169089394603082,
          0.10761151248440426,
          0.260802370578706,
          0.12173340853501821,
          0.15555333515607292,
          0.2117550292049196
        ],
        [
          0.11276238304280126,
          0.08420081753794892,
          0.11299642019098648,
          0.22789426789102657,
          0.13192223098539818,
          0.13503376555765956,
          0.19519011479417914
        ],
        [
          0.22661221815688906,
          0.07952780711175711,
          0.19025206168078893,
          0.1407869490199827,
          0.002210806093106915,
          0.14149230570262838,
          0.21911785223484698
        ],
        [
          0.1341103175143666,
          0.10641877087130464,
          0.1578131723473735,
          0.08202633917868443,
          0.09562923552148175,
          0.19295067636440297,
          0.23105148820238613
        ],
        [
          0.13432888892030284,
          0.24960112442955026,
          0.14287658914223914,
          0.07769434876148175,
          0.13050688800986293,
          0.08018071254245432,
          0.1848114481941087
        ],
        [
          0.1199978773327131,
          0.1697549088536527,
          0.17757727343352941,
          0.19415572171395742,
          0.06589312111709016,
          0.14163506727376435,
          0.1309860302752929
        ],
        [
          0.25026941815460524,
          0.10491936496798955,
          0.0809843149102368,
          0.19912700616844425,
          0.14009127251590778,
          0.13604090579115038,
          0.08856771749166592
        ],
        [
          0.0709358613138869,
          0.015394758074723907,
          0.2228876883670196,
          0.17810658947976954,
          0.07515763711646191,
          0.13409874550407433,
          0.30341872014406374
        ],
        [
          0.12351701002202917,
          0.21868976241361757,
          0.18780006958927156,
          0.16200535288235138,
          0.15064211725424387,
          0.039336559177202614,
          0.11800912866128375
        ],
        [
          0.03354378269299891,
          0.10907225387069533,
          0.12909195017248973,
          0.12074175395855812,
          0.31162964702960627,
          0.045018727183131185,
          0.25090188509252037
        ],
        [
          0.053853120090558565,
          0.20710651550329665,
          0.21976637155541712,
          0.26211494656355006,
          0.09785266529606929,
          0.0035861960607358914,
          0.15572018493037246
        ],
        [
          0.02630500239858088,
          0.2530341386606523,
          0.010862742501009605,
          0.21374503790845756,
          0.21735362555803503,
          0.06089259889433616,
          0.21780685407892858
        ],
        [
          0.08874578309249559,
          0.17127126179680557,
          0.198439076182252,
          0.01657794507048966,
          0.26430660381087095,
          0.13589644152429795,
          0.12476288852278822
        ],
        [
          0.16061245322696385,
          0.23052574561349237,
          0.01569000978412647,
          0.12749099833702177,
          0.09689939146716796,
          0.14131990269822653,
          0.22746149887300113
        ],
        [
          0.10720058694681442,
          0.18071179392532122,
          0.22383369485184065,
          0.13059845421493826,
          0.10650247333953623,
          0.005151013719262562,
          0.2460019830022866
        ],
        [
          0.172904961156183,
          0.23462550398682322,
          0.07507627442522977,
          0.0024100506263814545,
          0.23679608015484832,
          0.21063699030628938,
          0.06755013934424481
        ],
        [
          0.12124318867804945,
          0.13357702530673884,
          0.29907467027791346,
          0.04255126439097065,
          0.13784777209309285,
          0.20126313554763028,
          0.0644429437056044
        ],
        [
          0.039543322252255216,
          0.2576360616096747,
          0.014846286138764776,
          0.2536839128728552,
          0.20449498373991987,
          0.22482101724189954,
          0.004974416144630755
        ],
        [
          0.2073498983250356,
          0.1721060849891375,
          0.08885646737335429,
          0.06954056179791836,
          0.11107068736953032,
          0.19906223913261792,
          0.15201406101240605
        ],
        [
          0.23724455371953093,
          0.06237099805233923,
          0.0011926340876680258,
          0.052621675010088236,
          0.27314679423380617,
          0.08516008401655331,
          0.288263260880014
        ],
        [
          0.04478550978609828,
          0.2345332182438736,
          0.07624975005287117,
          0.08458577090773552,
          0.15878367652268352,
          0.21929462979807726,
          0.18176744468866057
        ],
        [
          0.2489744046779829,
          0.06548465066716715,
          0.1972123762247515,
          0.18689729358353552,
          0.06676342376322329,
          0.17201916062484418,
          0.0626486904584955
        ],
        [
          0.06492462183775063,
          0.07170279429685462,
          0.2274490208842764,
          0.20715472728670573,
          0.2666262713190231,
          0.05762734117583546,
          0.10451522319955406
        ],
        [
          0.18759238847927237,
          0.21041385688466668,
          0.03893942752625191,
          0.2223052964531578,
          0.10907536320741226,
          0.039897201334221456,
          0.1917764661150175
        ],
        [
          0.05064292889253924,
          0.048706273408460274,
          0.25269660058340343,
          0.039228952401514604,
          0.1901799300501679,
          0.014802829411578495,
          0.4037424852523361
        ]
      ],
      "timestamps": [
        68,
        69,
        70,
        71,
        72,
        73,
        74,
        75,
        76,
        77,
        78,
        79,
        80,
        81,
        82,
        83,
        84,
        85,
        86,
        87,
        88,
        89,
        90,
        91,
        92,
        93,
        94,
        95,
        96,
        97,
        98,
        99
      ],
      "distance": 900.8
    }
  ],
  "conversation": [
    "So many tiny businesses tucked into corners.",
    "The city feels like it's thinking too.",
    "Clouds are rolling down from the mountains again."
  ],
  "conversation_timestamps": [
    14,
    47,
    54
  ]
}
