{"agent_id": "agent-purple-439", "type": "purple", "trips": [{"trip_id": 0, "transport_method": "bus", "start_time": 0, "path": [[1.597751, 42.5654925], [1.59617, 42.5655205], [1.5943091, 42.56511], [1.5949843, 42.5650826], [1.5920251, 42.5640665], [1.5903678, 42.5618872], [1.5892796, 42.5590638], [1.5887311, 42.5560412], [1.5888769, 42.5529794], [1.5909017, 42.5507173], [1.5905428, 42.5475827], [1.5901839, 42.5444481], [1.589825, 42.5413136], [1.5894661, 42.538179], [1.5910855, 42.5378254], [1.5921796, 42.540596], [1.591593, 42.5434596], [1.5915106, 42.5464512], [1.5913902, 42.5495075], [1.5907247, 42.5493363], [1.5903298, 42.5462061], [1.5899349, 42.5430758], [1.5895399, 42.5399456], [1.589145, 42.5368153], [1.5872892, 42.5346739], [1.5861476, 42.534095], [1.5845395, 42.5328778], [1.581747, 42.5316982], [1.5785941, 42.5318039], [1.5754647, 42.5314481], [1.5732063, 42.5297722], [1.574198, 42.5306852], [1.5715722, 42.5293013], [1.569932, 42.5282843], [1.5702201, 42.5286391], [1.5675942, 42.52689], [1.5681696, 42.5271852], [1.5655073, 42.5255074], [1.5625936, 42.5244121], [1.5601846, 42.5224333], [1.5577832, 42.5204495], [1.5561441, 42.5186228], [1.5556623, 42.518193], [1.5537905, 42.5168707], [1.5535111, 42.5163723], [1.5524458, 42.5135293], [1.5498076, 42.5118829], [1.5467674, 42.5110529], [1.5456343, 42.5094718], [1.5425705, 42.508878], [1.5397558, 42.5083341], [1.5378377, 42.5081117], [1.5347979, 42.5073294], [1.5346654, 42.5072686], [1.5316869, 42.5065771], [1.5288603, 42.5053634], [1.5257285, 42.5052537], [1.5226221, 42.5047251], [1.5199795, 42.5038518], [1.521353, 42.5045602], [1.5184335, 42.5036177], [1.5154786, 42.5030263], [1.5128425, 42.5016297], [1.5109225, 42.4991264], [1.508378, 42.4973636], [1.5054235, 42.4962645], [1.5025304, 42.495032], [1.4999646, 42.4933625], [1.4972662, 42.4917417], [1.4956303, 42.4892797], [1.4945803, 42.4864891], [1.4920752, 42.4847809], [1.4901447, 42.4825661], [1.4894047, 42.4795805], [1.4905575, 42.4767563], [1.4914559, 42.4740668], [1.4922738, 42.4736117], [1.4934044, 42.4723832], [1.4932765, 42.4693733], [1.4939707, 42.467503]], "mood_vectors": [[0.0331, 0.0588, 0.0766, 0.0341, 0.0501, 0.6858, 0.0615], [0.0212, 0.0724, 0.0359, 0.0887, 0.0873, 0.6231, 0.0716], [0.0504, 0.0297, 0.0243, 0.0744, 0.0579, 0.6773, 0.0859], [0.0881, 0.0871, 0.0529, 0.0874, 0.0524, 0.6169, 0.0153], [0.0589, 0.049, 0.0386, 0.0586, 0.0192, 0.7548, 0.021], [0.0158, 0.0281, 0.0664, 0.0792, 0.029, 0.7677, 0.0138], [0.0669, 0.0769, 0.071, 0.0663, 0.0764, 0.5764, 0.0661], [0.0324, 0.069, 0.0386, 0.0209, 0.0208, 0.8005, 0.0177], [0.0776, 0.0178, 0.014, 0.0781, 0.0278, 0.7527, 0.0321], [0.0717, 0.0136, 0.0798, 0.0475, 0.0789, 0.6252, 0.0834], [0.0457, 0.084, 0.0741, 0.0389, 0.021, 0.6959, 0.0404], [0.0604, 0.041, 0.067, 0.0645, 0.0389, 0.6733, 0.0549], [0.0124, 0.0352, 0.0691, 0.0543, 0.0649, 0.7434, 0.0207], [0.0389, 0.0183, 0.0319, 0.0468, 0.0728, 0.7386, 0.0527], [0.0187, 0.075, 0.0538, 0.0764, 0.0508, 0.6742, 0.0512], [0.0406, 0.0402, 0.07, 0.0474, 0.0439, 0.7196, 0.0381], [0.0611, 0.0159, 0.0394, 0.0374, 0.0579, 0.771, 0.0174], [0.0401, 0.0545, 0.0336, 0.0844, 0.0332, 0.6852, 0.0691], [0.0265, 0.0723, 0.0224, 0.0591, 0.0619, 0.7414, 0.0164], [0.0723, 0.0528, 0.0288, 0.0177, 0.085, 0.7101, 0.0332], [0.025, 0.0492, 0.0201, 0.1035, 0.0844, 0.6417, 0.0761], [0.0678, 0.0711, 0.0493, 0.023, 0.0708, 0.6898, 0.0281], [0.0663, 0.0449, 0.037, 0.0605, 0.0791, 0.6611, 0.0512], [0.0417, 0.0335, 0.0593, 0.0561, 0.0263, 0.7174, 0.0657], [0.0851, 0.0742, 0.0596, 0.0293, 0.0742, 0.6079, 0.0697], [0.0143, 0.0707, 0.0374, 0.0318, 0.0547, 0.7663, 0.0246], [0.0147, 0.0132, 0.0579, 0.035, 0.0525, 0.7528, 0.0738], [0.0328, 0.071, 0.0629, 0.0814, 0.0361, 0.6764, 0.0394], [0.0184, 0.0222, 0.071, 0.0666, 0.0401, 0.7165, 0.0652], [0.0831, 0.0802, 0.0315, 0.0384, 0.0607, 0.6922, 0.014], [0.0516, 0.0389, 0.0576, 0.0719, 0.0606, 0.6454, 0.074], [0.0195, 0.0363, 0.0651, 0.0402, 0.0708, 0.736, 0.0321], [0.0676, 0.0477, 0.0327, 0.0156, 0.0879, 0.6797, 0.0689], [0.0435, 0.0405, 0.0484, 0.0386, 0.0272, 0.7282, 0.0735], [0.0321, 0.0619, 0.0323, 0.0768, 0.0571, 0.6732, 0.0666], [0.0604, 0.042, 0.0457, 0.0241, 0.054, 0.7512, 0.0227], [0.0807, 0.0744, 0.0189, 0.0501, 0.0554, 0.6567, 0.0639], [0.0524, 0.0304, 0.0168, 0.0935, 0.0932, 0.6736, 0.0401], [0.0589, 0.0291, 0.0731, 0.0731, 0.0677, 0.6471, 0.0511], [0.028, 0.0462, 0.0969, 0.0205, 0.0325, 0.6826, 0.0932], [0.0472, 0.0784, 0.0639, 0.0153, 0.0433, 0.7015, 0.0506], [0.0199, 0.0403, 0.0414, 0.0905, 0.0733, 0.6785, 0.0561], [0.0513, 0.0321, 0.0357, 0.0264, 0.0751, 0.7635, 0.016], [0.0777, 0.0258, 0.0822, 0.0455, 0.0443, 0.6824, 0.0421], [0.0835, 0.0309, 0.0211, 0.0533, 0.0693, 0.719, 0.0229], [0.0552, 0.0654, 0.0983, 0.0244, 0.067, 0.6725, 0.0172], [0.0361, 0.0765, 0.0473, 0.0798, 0.0238, 0.7131, 0.0234], [0.0619, 0.0182, 0.0665, 0.085, 0.0348, 0.684, 0.0497], [0.0216, 0.057, 0.1015, 0.0406, 0.0439, 0.667, 0.0685], [0.0619, 0.0511, 0.0307, 0.0568, 0.0817, 0.6854, 0.0324], [0.0954, 0.0767, 0.0372, 0.0346, 0.0466, 0.6754, 0.034], [0.0797, 0.0147, 0.0233, 0.0684, 0.057, 0.7054, 0.0515], [0.06, 0.0936, 0.0261, 0.0713, 0.0552, 0.6476, 0.0461], [0.0403, 0.0686, 0.0313, 0.0655, 0.0409, 0.7011, 0.0522], [0.0302, 0.0309, 0.0142, 0.0426, 0.0796, 0.725, 0.0775], [0.0449, 0.0573, 0.0481, 0.0449, 0.0125, 0.7773, 0.0152], [0.0328, 0.0763, 0.0892, 0.0438, 0.0229, 0.7191, 0.0158], [0.052, 0.0438, 0.0419, 0.0474, 0.0499, 0.724, 0.0409], [0.0883, 0.0378, 0.0333, 0.0559, 0.0205, 0.7221, 0.0421], [0.0322, 0.0539, 0.0307, 0.0894, 0.0391, 0.6949, 0.0597], [0.0266, 0.0472, 0.0459, 0.0401, 0.0576, 0.7362, 0.0463], [0.0537, 0.0462, 0.0463, 0.0354, 0.0539, 0.7287, 0.0357], [0.0203, 0.0168, 0.0448, 0.0201, 0.0621, 0.8165, 0.0196], [0.0421, 0.0382, 0.0398, 0.0423, 0.0401, 0.7178, 0.0796], [0.0347, 0.044, 0.0824, 0.0236, 0.0359, 0.7196, 0.0598], [0.0635, 0.0467, 0.0146, 0.0818, 0.0146, 0.7461, 0.0327], [0.0828, 0.0359, 0.0191, 0.0868, 0.033, 0.6916, 0.0507], [0.0528, 0.064, 0.0417, 0.0516, 0.0617, 0.7029, 0.0253], [0.0922, 0.0386, 0.0829, 0.0709, 0.0819, 0.6103, 0.0233], [0.0841, 0.0148, 0.0761, 0.0651, 0.0494, 0.6198, 0.0906], [0.0232, 0.0717, 0.0178, 0.0239, 0.0843, 0.6986, 0.0805], [0.0212, 0.0181, 0.0206, 0.055, 0.0701, 0.7338, 0.0812], [0.0192, 0.0923, 0.0277, 0.0394, 0.0447, 0.6794, 0.0973], [0.0389, 0.0498, 0.0381, 0.0699, 0.0147, 0.7193, 0.0693], [0.0225, 0.0754, 0.0736, 0.0383, 0.073, 0.6699, 0.0472], [0.0945, 0.0246, 0.068, 0.0235, 0.0163, 0.7196, 0.0535], [0.0478, 0.0709, 0.0239, 0.0548, 0.0418, 0.7116, 0.0491], [0.0434, 0.0701, 0.0679, 0.0301, 0.0468, 0.7105, 0.0311], [0.0269, 0.0151, 0.0601, 0.0184, 0.0753, 0.7285, 0.0757], [0.0729, 0.0463, 0.0389, 0.043, 0.0442, 0.7078, 0.0469]], "emotions": ["purple", "purple", "purple", "purple", "purple", "purple", "purple", "purple", "purple", "purple", "purple", "purple", "purple", "purple", "purple", "purple", "purple", "purple", "purple", "purple", "purple", "purple", "purple", "purple", "purple", "purple", "purple", "purple", "purple", "purple", "purple", "purple", "purple", "purple", "purple", "purple", "purple", "purple", "purple", "purple", "purple", "purple", "purple", "purple", "purple", "purple", "purple", "purple", "purple", "purple", "purple", "purple", "purple", "purple", "purple", "purple", "purple", "purple", "purple", "purple", "purple", "purple", "purple", "purple", "purple", "purple", "purple", "purple", "purple", "purple", "purple", "purple", "purple", "purple", "purple", "purple", "purple", "purple", "purple", "purple"], "timestamps": [0, 40, 80, 120, 160, 200, 240, 280, 320, 360, 400, 440, 480, 520, 560, 600, 640, 680, 720, 760, 800, 840, 880, 920, 960, 1000, 1040, 1080, 1120, 1160, 1200, 1240, 1280, 1320, 1360, 1400, 1440, 1480, 1520, 1560, 1600, 1640, 1680, 1720, 1760, 1800, 1840, 1880, 1920, 1960, 2000, 2040, 2080, 2120, 2160, 2200, 2240, 2280, 2320, 2360, 2400, 2440, 2480, 2520, 2560, 2600, 2640, 2680, 2720, 2760, 2800, 2840, 2880, 2920, 2960, 3000, 3040, 3080, 3120, 3160]}], "conversation": [], "conversation_timestamps": []}