{"agent_id": "agent-green-1077", "type": "green", "trips": [{"trip_id": 0, "transport_method": "car", "start_time": 0, "path": [[1.4893467, 42.475866], [1.4898766, 42.4764286], [1.490029, 42.4775526], [1.4899073, 42.4795811], [1.4897855, 42.4816095], [1.4894055, 42.4803021], [1.4899814, 42.4784221], [1.490605, 42.4765811], [1.4904772, 42.4784191], [1.4903167, 42.4804449], [1.4901562, 42.4824707], [1.4910291, 42.4842722], [1.492461, 42.485503], [1.4932848, 42.4873575], [1.4942806, 42.4891289], [1.4951957, 42.4909165], [1.4967146, 42.4922564], [1.4982531, 42.493564], [1.4986964, 42.4952268], [1.5003577, 42.4962381], [1.5021394, 42.4970823], [1.5039592, 42.49798], [1.5058009, 42.4988358], [1.5076323, 42.4997157], [1.5094409, 42.5006276], [1.5099102, 42.5008389], [1.510802, 42.5012334], [1.5113236, 42.5015712], [1.5125237, 42.5023113], [1.5139695, 42.5037061], [1.5153239, 42.5051578], [1.5171832, 42.505923], [1.5188269, 42.5067664], [1.5206105, 42.5074836], [1.5225186, 42.5077367], [1.5245217, 42.5078247], [1.5263925, 42.5084683], [1.5282494, 42.5091033], [1.529587, 42.5105613], [1.5306848, 42.5117637], [1.5303155, 42.5134746], [1.5294974, 42.5150611], [1.5279543, 42.5163261], [1.5263467, 42.517225], [1.5281363, 42.5163612], [1.5280463, 42.5163358], [1.5263423, 42.5174431], [1.5246384, 42.5185504], [1.5261978, 42.5173408], [1.5247066, 42.5184361], [1.5237965, 42.5200605], [1.5227141, 42.5217212], [1.5215766, 42.523323], [1.5206937, 42.5250452], [1.5205877, 42.5270071], [1.521397, 42.5287376], [1.5213366, 42.5301787], [1.5209975, 42.5319046], [1.5207062, 42.5335633], [1.5220608, 42.534914], [1.5233337, 42.5363785], [1.5249998, 42.5369797], [1.5239761, 42.5377808], [1.5231413, 42.5393149], [1.5234209, 42.5406421], [1.5229241, 42.5425022], [1.5236766, 42.5443539], [1.5246027, 42.5461461], [1.5249876, 42.5480044], [1.5259149, 42.5497822], [1.5263903, 42.5506405], [1.5254234, 42.5489979], [1.5260327, 42.5509365], [1.5267146, 42.5528027], [1.527961, 42.5543563], [1.5292937, 42.5557529], [1.5307065, 42.5570029], [1.5322321, 42.5582817], [1.5314111, 42.5599325], [1.5299771, 42.5611907]], "mood_vectors": [[0.0586, 0.0373, 0.0588, 0.0243, 0.0274, 0.0508, 0.7429], [0.0655, 0.0831, 0.0912, 0.0251, 0.0516, 0.0643, 0.6192], [0.0284, 0.0493, 0.0525, 0.0354, 0.0327, 0.0481, 0.7534], [0.0306, 0.0282, 0.0702, 0.0734, 0.086, 0.0221, 0.6896], [0.0629, 0.0493, 0.0683, 0.0672, 0.0331, 0.0111, 0.7081], [0.0188, 0.0757, 0.0266, 0.0802, 0.0273, 0.057, 0.7144], [0.0939, 0.0944, 0.0473, 0.0834, 0.0449, 0.015, 0.621], [0.047, 0.0461, 0.0317, 0.0563, 0.0857, 0.0899, 0.6433], [0.0604, 0.0513, 0.0592, 0.0186, 0.0347, 0.0485, 0.7274], [0.0215, 0.0669, 0.0148, 0.0433, 0.0619, 0.0705, 0.7211], [0.0307, 0.0371, 0.0376, 0.0696, 0.0699, 0.0548, 0.7004], [0.0615, 0.0151, 0.0767, 0.0367, 0.0607, 0.0114, 0.738], [0.0276, 0.073, 0.0466, 0.0643, 0.0457, 0.0203, 0.7224], [0.0682, 0.0513, 0.067, 0.0655, 0.0146, 0.05, 0.6835], [0.0454, 0.0679, 0.0861, 0.0439, 0.071, 0.0798, 0.606], [0.0521, 0.0584, 0.0282, 0.0281, 0.0709, 0.0393, 0.7229], [0.0167, 0.0401, 0.0636, 0.0679, 0.0594, 0.0468, 0.7054], [0.0567, 0.0488, 0.0604, 0.0614, 0.0473, 0.069, 0.6564], [0.0394, 0.0323, 0.0697, 0.0508, 0.092, 0.0282, 0.6876], [0.0326, 0.0527, 0.07, 0.0517, 0.0468, 0.0781, 0.668], [0.0519, 0.028, 0.0564, 0.0665, 0.0437, 0.0433, 0.7101], [0.0446, 0.059, 0.0531, 0.0435, 0.0481, 0.0585, 0.6932], [0.082, 0.0663, 0.0719, 0.0309, 0.0245, 0.0511, 0.6734], [0.0681, 0.0739, 0.0652, 0.0696, 0.0705, 0.0158, 0.637], [0.0625, 0.0561, 0.0479, 0.0676, 0.0619, 0.0476, 0.6563], [0.0272, 0.0739, 0.0375, 0.0931, 0.0173, 0.0371, 0.7138], [0.0122, 0.0724, 0.0465, 0.0188, 0.0402, 0.0508, 0.7592], [0.0537, 0.0204, 0.053, 0.0478, 0.0256, 0.0323, 0.7672], [0.0862, 0.0789, 0.0487, 0.0552, 0.0328, 0.0643, 0.634], [0.0213, 0.0603, 0.0358, 0.0215, 0.0357, 0.0752, 0.7501], [0.0803, 0.0164, 0.0805, 0.0746, 0.031, 0.0558, 0.6614], [0.0429, 0.102, 0.0207, 0.0297, 0.0349, 0.0211, 0.7488], [0.0418, 0.0159, 0.0314, 0.0744, 0.0318, 0.0357, 0.7689], [0.0588, 0.0629, 0.026, 0.0779, 0.0585, 0.0212, 0.6947], [0.0574, 0.0568, 0.0167, 0.0715, 0.0343, 0.036, 0.7273], [0.0258, 0.063, 0.067, 0.0355, 0.0236, 0.067, 0.7182], [0.0708, 0.0771, 0.0682, 0.0195, 0.0173, 0.015, 0.7321], [0.0576, 0.0228, 0.0444, 0.0689, 0.0126, 0.0595, 0.7343], [0.0275, 0.0392, 0.0546, 0.0574, 0.0475, 0.0603, 0.7135], [0.0369, 0.0601, 0.0371, 0.0886, 0.0376, 0.0178, 0.7219], [0.0661, 0.0506, 0.0701, 0.0566, 0.0624, 0.0245, 0.6696], [0.0649, 0.0601, 0.0477, 0.0661, 0.0337, 0.0303, 0.6971], [0.0411, 0.0635, 0.0329, 0.0225, 0.0159, 0.0383, 0.7858], [0.0634, 0.0659, 0.0621, 0.0867, 0.0246, 0.0604, 0.637], [0.0492, 0.0433, 0.0701, 0.0603, 0.0521, 0.0581, 0.6669], [0.0578, 0.0836, 0.0614, 0.0783, 0.0376, 0.0427, 0.6386], [0.0709, 0.0329, 0.0605, 0.0398, 0.0408, 0.0754, 0.6797], [0.068, 0.071, 0.0362, 0.0433, 0.0378, 0.0119, 0.7317], [0.0206, 0.042, 0.0557, 0.0388, 0.0873, 0.0923, 0.6633], [0.0722, 0.0668, 0.0513, 0.0299, 0.04, 0.018, 0.7219], [0.0192, 0.033, 0.0542, 0.0519, 0.0553, 0.0288, 0.7576], [0.0619, 0.05, 0.0317, 0.0774, 0.0204, 0.0683, 0.6904], [0.03, 0.0715, 0.0569, 0.0593, 0.0176, 0.066, 0.6987], [0.0298, 0.0603, 0.023, 0.0608, 0.0217, 0.0393, 0.7652], [0.0765, 0.0508, 0.0388, 0.0152, 0.0806, 0.0807, 0.6575], [0.0833, 0.0709, 0.065, 0.0187, 0.0508, 0.0225, 0.6888], [0.0353, 0.0412, 0.0702, 0.029, 0.0549, 0.0444, 0.7251], [0.0821, 0.0403, 0.0262, 0.0162, 0.062, 0.0476, 0.7257], [0.0912, 0.0322, 0.0544, 0.0323, 0.0667, 0.0631, 0.6601], [0.0133, 0.0611, 0.0128, 0.0374, 0.0524, 0.0381, 0.785], [0.0637, 0.0424, 0.0631, 0.0419, 0.0631, 0.0649, 0.6608], [0.0327, 0.0279, 0.0687, 0.0271, 0.0507, 0.0368, 0.7563], [0.0493, 0.059, 0.0414, 0.0249, 0.0358, 0.0278, 0.7617], [0.0818, 0.0485, 0.0697, 0.0417, 0.0606, 0.0217, 0.676], [0.0722, 0.0541, 0.0151, 0.0293, 0.019, 0.0693, 0.741], [0.0332, 0.0599, 0.0646, 0.0921, 0.0494, 0.0161, 0.6846], [0.0186, 0.0801, 0.0935, 0.0867, 0.0362, 0.067, 0.6178], [0.0473, 0.0429, 0.0935, 0.0945, 0.0723, 0.0147, 0.6349], [0.0331, 0.0635, 0.0821, 0.0429, 0.0663, 0.0211, 0.6911], [0.0584, 0.0275, 0.06, 0.0573, 0.082, 0.0273, 0.6875], [0.0531, 0.0283, 0.0804, 0.0907, 0.0559, 0.0865, 0.6051], [0.0387, 0.0143, 0.0322, 0.0904, 0.0328, 0.0863, 0.7051], [0.0743, 0.0242, 0.0715, 0.0583, 0.0844, 0.0635, 0.6238], [0.0674, 0.0319, 0.0403, 0.0728, 0.0738, 0.0126, 0.7012], [0.0128, 0.0796, 0.0807, 0.0666, 0.0416, 0.053, 0.6657], [0.0415, 0.0458, 0.0479, 0.0473, 0.0214, 0.0327, 0.7634], [0.0806, 0.0171, 0.0145, 0.0558, 0.0645, 0.0248, 0.7426], [0.0285, 0.0243, 0.0148, 0.091, 0.0458, 0.0489, 0.7466], [0.0604, 0.0525, 0.031, 0.0251, 0.0323, 0.0443, 0.7544], [0.0291, 0.085, 0.0492, 0.0493, 0.0328, 0.0804, 0.6743]], "emotions": ["purple", "purple", "purple", "purple", "purple", "purple", "purple", "purple", "purple", "purple", "purple", "purple", "purple", "purple", "purple", "purple", "purple", "purple", "purple", "purple", "purple", "purple", "purple", "purple", "purple", "purple", "purple", "purple", "purple", "purple", "purple", "purple", "purple", "purple", "purple", "purple", "purple", "purple", "purple", "purple", "purple", "purple", "purple", "purple", "purple", "purple", "purple", "purple", "purple", "purple", "purple", "purple", "purple", "purple", "purple", "purple", "purple", "purple", "purple", "purple", "purple", "purple", "purple", "purple", "purple", "purple", "purple", "purple", "purple", "purple", "purple", "purple", "purple", "purple", "purple", "purple", "purple", "purple", "purple", "purple"], "timestamps": [0, 40, 80, 120, 160, 200, 240, 280, 320, 360, 400, 440, 480, 520, 560, 600, 640, 680, 720, 760, 800, 840, 880, 920, 960, 1000, 1040, 1080, 1120, 1160, 1200, 1240, 1280, 1320, 1360, 1400, 1440, 1480, 1520, 1560, 1600, 1640, 1680, 1720, 1760, 1800, 1840, 1880, 1920, 1960, 2000, 2040, 2080, 2120, 2160, 2200, 2240, 2280, 2320, 2360, 2400, 2440, 2480, 2520, 2560, 2600, 2640, 2680, 2720, 2760, 2800, 2840, 2880, 2920, 2960, 3000, 3040, 3080, 3120, 3160]}], "conversation": [], "conversation_timestamps": []}