{"agent_id": "agent-purple-1309", "type": "purple", "trips": [{"trip_id": 0, "transport_method": "foot", "start_time": 0, "path": [[1.5355281, 42.5112041], [1.5359106, 42.5118272], [1.5359478, 42.5124564], [1.5352496, 42.5127897], [1.5344105, 42.5130964], [1.5338355, 42.5136822], [1.5329662, 42.5139341], [1.5322003, 42.514407], [1.5315567, 42.5150384], [1.5311866, 42.5153279], [1.5304514, 42.5158567], [1.5296646, 42.5162833], [1.5288744, 42.5167161], [1.5280933, 42.5168135], [1.5272676, 42.517188], [1.5264321, 42.5175406], [1.5256988, 42.5180599], [1.5249965, 42.5186327], [1.524271, 42.5191771], [1.5239134, 42.5199618], [1.5235271, 42.5207776], [1.5230039, 42.5215082], [1.5222651, 42.5220317], [1.5218093, 42.5227981], [1.5213659, 42.5235754], [1.5208232, 42.5242996], [1.5206169, 42.5251674], [1.5205757, 42.5260731], [1.5201381, 42.5268506], [1.520069, 42.5276814], [1.5205742, 42.5284302], [1.520576, 42.5293135], [1.5199919, 42.5299764], [1.5198095, 42.5306243], [1.5195814, 42.5314757], [1.5196644, 42.5323479], [1.5196797, 42.5332398], [1.5195736, 42.5340856], [1.5202039, 42.5347359], [1.5208756, 42.5353445], [1.5211048, 42.5359519], [1.5204336, 42.5365371], [1.5199952, 42.5373257], [1.5196422, 42.5381609], [1.5194708, 42.539045], [1.5193808, 42.5399294], [1.519407, 42.5407827], [1.5188101, 42.5413716], [1.5179854, 42.5417492], [1.5187226, 42.5414354], [1.5187545, 42.5414032], [1.5179348, 42.5417913], [1.517378, 42.5424864], [1.5169051, 42.5432443], [1.5162531, 42.5438639], [1.5156067, 42.544499], [1.5148778, 42.5448662], [1.5141725, 42.5452143], [1.5133077, 42.5450765], [1.512978, 42.5455634], [1.5121898, 42.5456404], [1.5113552, 42.5459361], [1.5106139, 42.546402], [1.5099089, 42.5468755], [1.5099038, 42.5471791], [1.5097393, 42.5479575], [1.5090902, 42.5483804], [1.5085795, 42.5490735], [1.5084022, 42.5495524], [1.5075307, 42.5497044], [1.5066325, 42.5497955], [1.5058473, 42.550218], [1.5053762, 42.5509553], [1.5045832, 42.5513913], [1.5036855, 42.551319], [1.5028094, 42.5510902], [1.5019369, 42.550851], [1.5010575, 42.5506834], [1.5001657, 42.5505227], [1.4993271, 42.5501928]], "mood_vectors": [[0.0242, 0.0735, 0.0448, 0.0744, 0.0613, 0.6301, 0.0918], [0.0754, 0.0125, 0.0786, 0.0496, 0.0185, 0.7171, 0.0483], [0.0791, 0.0163, 0.0949, 0.0146, 0.0624, 0.6545, 0.0781], [0.0209, 0.0163, 0.0496, 0.0283, 0.072, 0.7733, 0.0398], [0.0712, 0.0555, 0.0522, 0.0835, 0.0516, 0.646, 0.04], [0.0705, 0.055, 0.0347, 0.0818, 0.0517, 0.6557, 0.0505], [0.0246, 0.0295, 0.0242, 0.0223, 0.0633, 0.8206, 0.0156], [0.0277, 0.0359, 0.0401, 0.0623, 0.0607, 0.7358, 0.0376], [0.0635, 0.0629, 0.0795, 0.0706, 0.05, 0.5942, 0.0792], [0.0495, 0.0711, 0.0508, 0.0462, 0.0698, 0.7, 0.0126], [0.0274, 0.0587, 0.0183, 0.0614, 0.0303, 0.7066, 0.0973], [0.0917, 0.0651, 0.02, 0.0529, 0.0763, 0.6009, 0.0932], [0.059, 0.0548, 0.0661, 0.0536, 0.0771, 0.6496, 0.0398], [0.0607, 0.0598, 0.0621, 0.029, 0.0645, 0.6652, 0.0586], [0.0672, 0.0538, 0.0708, 0.0104, 0.0651, 0.6784, 0.0543], [0.0709, 0.0307, 0.0507, 0.0138, 0.0866, 0.662, 0.0854], [0.0898, 0.0661, 0.0168, 0.0661, 0.0678, 0.6548, 0.0387], [0.0608, 0.0751, 0.0637, 0.0755, 0.0687, 0.6165, 0.0397], [0.0502, 0.022, 0.0731, 0.0607, 0.0139, 0.7009, 0.0792], [0.0681, 0.0647, 0.0493, 0.0418, 0.0606, 0.6377, 0.0778], [0.0201, 0.0727, 0.0138, 0.0748, 0.0208, 0.7472, 0.0506], [0.0725, 0.0696, 0.0475, 0.0161, 0.0742, 0.6826, 0.0375], [0.0603, 0.0448, 0.0285, 0.0622, 0.0265, 0.7214, 0.0563], [0.0109, 0.0678, 0.0591, 0.0621, 0.0657, 0.6847, 0.0498], [0.0324, 0.0498, 0.0559, 0.0657, 0.0263, 0.7268, 0.0431], [0.0406, 0.047, 0.08, 0.0419, 0.0116, 0.7611, 0.0178], [0.0222, 0.0763, 0.0767, 0.0555, 0.074, 0.6177, 0.0776], [0.0352, 0.0579, 0.0542, 0.0592, 0.0894, 0.635, 0.0691], [0.0468, 0.0199, 0.0488, 0.0454, 0.0408, 0.7344, 0.064], [0.027, 0.0677, 0.076, 0.0729, 0.0117, 0.6661, 0.0786], [0.0368, 0.0632, 0.0449, 0.0491, 0.0951, 0.6402, 0.0707], [0.0448, 0.0568, 0.0613, 0.0347, 0.0722, 0.6649, 0.0652], [0.0814, 0.0396, 0.0601, 0.0493, 0.0266, 0.6762, 0.0668], [0.0669, 0.0654, 0.0461, 0.0381, 0.0799, 0.6239, 0.0798], [0.0366, 0.0283, 0.0443, 0.0416, 0.039, 0.7401, 0.07], [0.0714, 0.075, 0.0677, 0.0221, 0.0521, 0.6985, 0.0131], [0.0277, 0.078, 0.0767, 0.0223, 0.0534, 0.688, 0.0539], [0.0802, 0.0575, 0.0678, 0.049, 0.0672, 0.6642, 0.0141], [0.0385, 0.0525, 0.0576, 0.0558, 0.0488, 0.7029, 0.0439], [0.0774, 0.0595, 0.0315, 0.0575, 0.0335, 0.6761, 0.0646], [0.0567, 0.0208, 0.0309, 0.0171, 0.03, 0.7503, 0.0944], [0.0541, 0.056, 0.0341, 0.0559, 0.0713, 0.6808, 0.0478], [0.0686, 0.0652, 0.0496, 0.0145, 0.0732, 0.7083, 0.0207], [0.0131, 0.0493, 0.0608, 0.031, 0.0409, 0.7367, 0.0683], [0.0718, 0.0163, 0.0364, 0.0374, 0.0669, 0.7289, 0.0423], [0.0667, 0.0128, 0.0529, 0.0463, 0.0413, 0.7391, 0.0409], [0.0806, 0.0182, 0.0405, 0.0269, 0.055, 0.7252, 0.0537], [0.099, 0.0311, 0.0148, 0.0167, 0.0311, 0.7602, 0.0471], [0.073, 0.0522, 0.024, 0.0599, 0.0599, 0.7167, 0.0144], [0.0179, 0.0858, 0.0744, 0.028, 0.0177, 0.7036, 0.0726], [0.0715, 0.0346, 0.0146, 0.0706, 0.024, 0.7415, 0.0432], [0.0182, 0.0567, 0.0339, 0.0424, 0.0376, 0.7571, 0.0541], [0.0411, 0.0386, 0.0204, 0.0326, 0.0575, 0.7806, 0.0291], [0.0732, 0.0708, 0.0295, 0.0735, 0.0193, 0.7037, 0.03], [0.0165, 0.0472, 0.0604, 0.0701, 0.0166, 0.738, 0.0512], [0.06, 0.0662, 0.049, 0.0454, 0.0688, 0.6714, 0.0393], [0.0637, 0.0272, 0.0137, 0.0195, 0.0655, 0.7484, 0.062], [0.0474, 0.0342, 0.0542, 0.0573, 0.0205, 0.7015, 0.0849], [0.0613, 0.0289, 0.0724, 0.0476, 0.0538, 0.6652, 0.0708], [0.0884, 0.0809, 0.0546, 0.0764, 0.0829, 0.575, 0.0417], [0.057, 0.0818, 0.0236, 0.0765, 0.0468, 0.6477, 0.0667], [0.0695, 0.045, 0.0587, 0.0476, 0.0404, 0.6841, 0.0548], [0.0701, 0.0166, 0.0142, 0.0545, 0.0661, 0.7106, 0.0678], [0.0173, 0.0796, 0.0268, 0.0584, 0.0228, 0.7641, 0.0309], [0.0437, 0.0582, 0.019, 0.0811, 0.0551, 0.6469, 0.0961], [0.0266, 0.0815, 0.0291, 0.0286, 0.0544, 0.7251, 0.0546], [0.044, 0.0585, 0.0734, 0.0158, 0.0211, 0.7094, 0.0778], [0.0654, 0.0538, 0.0499, 0.0576, 0.0663, 0.678, 0.029], [0.0333, 0.0406, 0.0589, 0.0734, 0.0485, 0.6981, 0.0471], [0.016, 0.0962, 0.017, 0.0589, 0.0221, 0.7073, 0.0824], [0.0259, 0.0605, 0.0236, 0.0782, 0.0437, 0.6929, 0.0752], [0.0462, 0.0448, 0.028, 0.0377, 0.0578, 0.7572, 0.0284], [0.0588, 0.0701, 0.0327, 0.0597, 0.0352, 0.6995, 0.0441], [0.0187, 0.0339, 0.0578, 0.0498, 0.0875, 0.7291, 0.0233], [0.0269, 0.0288, 0.0828, 0.0427, 0.044, 0.712, 0.0628], [0.0582, 0.0459, 0.0178, 0.02, 0.0677, 0.7406, 0.05], [0.0158, 0.1018, 0.0278, 0.0474, 0.0417, 0.7211, 0.0443], [0.0215, 0.0481, 0.0405, 0.0479, 0.0723, 0.743, 0.0265], [0.0482, 0.034, 0.0369, 0.0184, 0.0718, 0.7337, 0.057], [0.0194, 0.0461, 0.015, 0.0366, 0.0254, 0.7786, 0.0789]], "emotions": ["purple", "purple", "purple", "purple", "purple", "purple", "purple", "purple", "purple", "purple", "purple", "purple", "purple", "purple", "purple", "purple", "purple", "purple", "purple", "purple", "purple", "purple", "purple", "purple", "purple", "purple", "purple", "purple", "purple", "purple", "purple", "purple", "purple", "purple", "purple", "purple", "purple", "purple", "purple", "purple", "purple", "purple", "purple", "purple", "purple", "purple", "purple", "purple", "purple", "purple", "purple", "purple", "purple", "purple", "purple", "purple", "purple", "purple", "purple", "purple", "purple", "purple", "purple", "purple", "purple", "purple", "purple", "purple", "purple", "purple", "purple", "purple", "purple", "purple", "purple", "purple", "purple", "purple", "purple", "purple"], "timestamps": [0, 40, 80, 120, 160, 200, 240, 280, 320, 360, 400, 440, 480, 520, 560, 600, 640, 680, 720, 760, 800, 840, 880, 920, 960, 1000, 1040, 1080, 1120, 1160, 1200, 1240, 1280, 1320, 1360, 1400, 1440, 1480, 1520, 1560, 1600, 1640, 1680, 1720, 1760, 1800, 1840, 1880, 1920, 1960, 2000, 2040, 2080, 2120, 2160, 2200, 2240, 2280, 2320, 2360, 2400, 2440, 2480, 2520, 2560, 2600, 2640, 2680, 2720, 2760, 2800, 2840, 2880, 2920, 2960, 3000, 3040, 3080, 3120, 3160]}], "conversation": [], "conversation_timestamps": []}