{"agent_id": "agent-purple-1739", "type": "purple", "trips": [{"trip_id": 0, "transport_method": "car", "start_time": 0, "path": [[1.5426669, 42.5136334], [1.5420524, 42.5133006], [1.5414414, 42.5130139], [1.5416852, 42.5126318], [1.5410107, 42.5124232], [1.5402975, 42.5124035], [1.5396057, 42.5125625], [1.5392375, 42.5123382], [1.5392776, 42.5124029], [1.538732, 42.5125423], [1.538028, 42.5127033], [1.5373176, 42.5128516], [1.5366127, 42.513027], [1.5360596, 42.512886], [1.5356306, 42.5123306], [1.5354618, 42.5125961], [1.5356906, 42.5125268], [1.5351278, 42.5120661], [1.5345651, 42.5116054], [1.533972, 42.5112359], [1.533495, 42.510692], [1.5328766, 42.510317], [1.5322959, 42.5098792], [1.5316108, 42.509683], [1.5309309, 42.509425], [1.5302441, 42.5092673], [1.5295522, 42.5090441], [1.5288574, 42.5088809], [1.5281729, 42.5086505], [1.5274999, 42.5083765], [1.5267737, 42.5083524], [1.5260561, 42.5082426], [1.5253591, 42.5080516], [1.5246597, 42.5078533], [1.5239397, 42.5077752], [1.5232201, 42.5078244], [1.5225099, 42.5077359], [1.5218583, 42.5076169], [1.521177, 42.507511], [1.5204638, 42.5074238], [1.519754, 42.507401], [1.5191142, 42.507057], [1.5186178, 42.5066999], [1.5184637, 42.5065049], [1.5178651, 42.5060919], [1.5172022, 42.5059266], [1.5165255, 42.5056732], [1.5158599, 42.5053823], [1.5152626, 42.5050514], [1.5148886, 42.5045798], [1.5146496, 42.5043466], [1.5141265, 42.5038436], [1.5136151, 42.5033345], [1.5131461, 42.5027892], [1.5125718, 42.5023455], [1.5119792, 42.5019256], [1.5113708, 42.5015313], [1.5107237, 42.5012032], [1.5100382, 42.5009746], [1.5094099, 42.5006128], [1.5087554, 42.5002957], [1.5080963, 42.4999886], [1.5074655, 42.4996379], [1.5068063, 42.4993306], [1.5061509, 42.4990155], [1.5055064, 42.4986787], [1.5048443, 42.4983786], [1.5041774, 42.4980885], [1.503527, 42.4977633], [1.502865, 42.497463], [1.50222, 42.497132], [1.5015794, 42.4967976], [1.5009053, 42.4965729], [1.5007371, 42.496481], [1.500113, 42.4961098], [1.4994679, 42.495774], [1.4988349, 42.4954168], [1.4988538, 42.4948348], [1.4985263, 42.4943393], [1.4983657, 42.4936654]], "mood_vectors": [[0.0736, 0.0385, 0.0556, 0.0226, 0.0397, 0.7278, 0.0422], [0.0639, 0.0541, 0.024, 0.0431, 0.0369, 0.7452, 0.0328], [0.0722, 0.0273, 0.0198, 0.062, 0.0568, 0.6958, 0.0661], [0.0642, 0.0222, 0.0701, 0.0492, 0.0385, 0.693, 0.0628], [0.0285, 0.0625, 0.0234, 0.0725, 0.0404, 0.7241, 0.0485], [0.0227, 0.0754, 0.044, 0.0396, 0.0562, 0.6929, 0.0692], [0.0433, 0.0419, 0.0482, 0.0452, 0.0361, 0.7274, 0.0577], [0.045, 0.0717, 0.0352, 0.0476, 0.0736, 0.651, 0.076], [0.0155, 0.0492, 0.0685, 0.0465, 0.0216, 0.7568, 0.0419], [0.0583, 0.0287, 0.0468, 0.055, 0.077, 0.7043, 0.0299], [0.0593, 0.0199, 0.0476, 0.0582, 0.0238, 0.7269, 0.0644], [0.0778, 0.0518, 0.0528, 0.0435, 0.027, 0.7115, 0.0355], [0.0542, 0.0474, 0.0155, 0.0769, 0.0786, 0.6824, 0.045], [0.0695, 0.0779, 0.0432, 0.0487, 0.0673, 0.6786, 0.0147], [0.0228, 0.0812, 0.029, 0.0354, 0.0737, 0.6755, 0.0823], [0.0775, 0.0566, 0.0331, 0.0766, 0.0556, 0.6552, 0.0454], [0.0707, 0.0642, 0.0819, 0.0315, 0.0614, 0.6283, 0.062], [0.0611, 0.0156, 0.0721, 0.0214, 0.0418, 0.7684, 0.0195], [0.0134, 0.0682, 0.06, 0.0267, 0.0776, 0.6902, 0.064], [0.0514, 0.0139, 0.0541, 0.0281, 0.0567, 0.7765, 0.0193], [0.0576, 0.0651, 0.0526, 0.0274, 0.0601, 0.6873, 0.0499], [0.048, 0.0699, 0.078, 0.0755, 0.0712, 0.6268, 0.0307], [0.068, 0.0661, 0.0302, 0.0552, 0.0317, 0.6859, 0.0629], [0.0873, 0.0245, 0.0643, 0.0663, 0.0581, 0.6621, 0.0374], [0.0526, 0.081, 0.0689, 0.0295, 0.032, 0.6716, 0.0643], [0.0781, 0.0542, 0.0747, 0.0173, 0.0229, 0.7259, 0.0268], [0.0392, 0.0423, 0.0752, 0.0874, 0.073, 0.6505, 0.0324], [0.0852, 0.0163, 0.0288, 0.031, 0.0712, 0.7086, 0.0588], [0.025, 0.0515, 0.0606, 0.0857, 0.032, 0.7171, 0.028], [0.0594, 0.0555, 0.0405, 0.0723, 0.0125, 0.7246, 0.0353], [0.0535, 0.0195, 0.0676, 0.0334, 0.0468, 0.7257, 0.0535], [0.0284, 0.0129, 0.0443, 0.0337, 0.0513, 0.7673, 0.0621], [0.0324, 0.0704, 0.0155, 0.0347, 0.0608, 0.7682, 0.0181], [0.069, 0.0188, 0.0171, 0.0983, 0.041, 0.7159, 0.04], [0.0716, 0.032, 0.0439, 0.0674, 0.0218, 0.7423, 0.021], [0.0185, 0.013, 0.0457, 0.0626, 0.0711, 0.7217, 0.0673], [0.0686, 0.0655, 0.0757, 0.0401, 0.0557, 0.664, 0.0304], [0.0679, 0.0434, 0.0141, 0.0866, 0.0498, 0.683, 0.0553], [0.0286, 0.0139, 0.0619, 0.0946, 0.0229, 0.7436, 0.0345], [0.025, 0.0628, 0.0459, 0.0691, 0.0405, 0.6915, 0.0653], [0.0272, 0.05, 0.0877, 0.0723, 0.0637, 0.6647, 0.0344], [0.0777, 0.0304, 0.0559, 0.0145, 0.0581, 0.6824, 0.0809], [0.0132, 0.0497, 0.0292, 0.0547, 0.0793, 0.7157, 0.0582], [0.0475, 0.0668, 0.0644, 0.0175, 0.0615, 0.7135, 0.0288], [0.0493, 0.0145, 0.0534, 0.0474, 0.0627, 0.6985, 0.0743], [0.0133, 0.0522, 0.0336, 0.0343, 0.0518, 0.7931, 0.0216], [0.0498, 0.0753, 0.0439, 0.0638, 0.0687, 0.6458, 0.0526], [0.0638, 0.0626, 0.0339, 0.0605, 0.013, 0.7043, 0.062], [0.0409, 0.0664, 0.0927, 0.0252, 0.0382, 0.6768, 0.0596], [0.049, 0.0523, 0.0603, 0.0627, 0.0359, 0.6754, 0.0642], [0.0731, 0.0619, 0.0714, 0.0429, 0.0201, 0.6736, 0.0571], [0.0792, 0.0272, 0.0701, 0.0572, 0.044, 0.6763, 0.046], [0.0514, 0.0485, 0.0405, 0.0254, 0.0702, 0.75, 0.0141], [0.0681, 0.0484, 0.0608, 0.0713, 0.0317, 0.6969, 0.0229], [0.0667, 0.0546, 0.0366, 0.0401, 0.0532, 0.6894, 0.0594], [0.0714, 0.0258, 0.0334, 0.0815, 0.0788, 0.652, 0.0571], [0.0776, 0.0739, 0.0785, 0.0391, 0.0806, 0.6264, 0.024], [0.0419, 0.078, 0.0776, 0.0322, 0.0153, 0.7366, 0.0184], [0.084, 0.0188, 0.0541, 0.0532, 0.0427, 0.7019, 0.0452], [0.0207, 0.0413, 0.0711, 0.0324, 0.034, 0.7153, 0.0852], [0.0336, 0.0535, 0.0535, 0.0619, 0.0675, 0.6908, 0.0392], [0.0224, 0.0396, 0.0594, 0.084, 0.0792, 0.6405, 0.0749], [0.0639, 0.0233, 0.0183, 0.0656, 0.0161, 0.7735, 0.0394], [0.0224, 0.0514, 0.0202, 0.0456, 0.0246, 0.7603, 0.0756], [0.0273, 0.0313, 0.0376, 0.0852, 0.0853, 0.6886, 0.0447], [0.0379, 0.0638, 0.0782, 0.0215, 0.0717, 0.6899, 0.037], [0.0408, 0.0375, 0.0737, 0.041, 0.0745, 0.6526, 0.0799], [0.0463, 0.0213, 0.0172, 0.051, 0.0764, 0.7222, 0.0656], [0.0378, 0.0779, 0.0644, 0.0675, 0.035, 0.6975, 0.0199], [0.0305, 0.0689, 0.0366, 0.0548, 0.0385, 0.6845, 0.0862], [0.0267, 0.0457, 0.027, 0.0389, 0.077, 0.7405, 0.0442], [0.0366, 0.0575, 0.0338, 0.0591, 0.0598, 0.7359, 0.0172], [0.0653, 0.0686, 0.0166, 0.0527, 0.0294, 0.7376, 0.0297], [0.0281, 0.0827, 0.0376, 0.0619, 0.0526, 0.6786, 0.0585], [0.0648, 0.0559, 0.0157, 0.0662, 0.0371, 0.6826, 0.0778], [0.0142, 0.0667, 0.0563, 0.0365, 0.0231, 0.7461, 0.0572], [0.0304, 0.0649, 0.0437, 0.0663, 0.0706, 0.6895, 0.0346], [0.0327, 0.0471, 0.0637, 0.0561, 0.0715, 0.7027, 0.0263], [0.0809, 0.0481, 0.0974, 0.0273, 0.0531, 0.6667, 0.0265], [0.0224, 0.0614, 0.0397, 0.0312, 0.0618, 0.7572, 0.0265]], "emotions": ["purple", "purple", "purple", "purple", "purple", "purple", "purple", "purple", "purple", "purple", "purple", "purple", "purple", "purple", "purple", "purple", "purple", "purple", "purple", "purple", "purple", "purple", "purple", "purple", "purple", "purple", "purple", "purple", "purple", "purple", "purple", "purple", "purple", "purple", "purple", "purple", "purple", "purple", "purple", "purple", "purple", "purple", "purple", "purple", "purple", "purple", "purple", "purple", "purple", "purple", "purple", "purple", "purple", "purple", "purple", "purple", "purple", "purple", "purple", "purple", "purple", "purple", "purple", "purple", "purple", "purple", "purple", "purple", "purple", "purple", "purple", "purple", "purple", "purple", "purple", "purple", "purple", "purple", "purple", "purple"], "timestamps": [0, 40, 80, 120, 160, 200, 240, 280, 320, 360, 400, 440, 480, 520, 560, 600, 640, 680, 720, 760, 800, 840, 880, 920, 960, 1000, 1040, 1080, 1120, 1160, 1200, 1240, 1280, 1320, 1360, 1400, 1440, 1480, 1520, 1560, 1600, 1640, 1680, 1720, 1760, 1800, 1840, 1880, 1920, 1960, 2000, 2040, 2080, 2120, 2160, 2200, 2240, 2280, 2320, 2360, 2400, 2440, 2480, 2520, 2560, 2600, 2640, 2680, 2720, 2760, 2800, 2840, 2880, 2920, 2960, 3000, 3040, 3080, 3120, 3160]}], "conversation": [], "conversation_timestamps": []}