{"agent_id": "agent-green-187", "type": "green", "trips": [{"trip_id": 0, "transport_method": "foot", "start_time": 0, "path": [[1.6006984, 42.565797], [1.6000787, 42.5659292], [1.5994535, 42.5658684], [1.5990495, 42.5653907], [1.5986845, 42.564874], [1.5981939, 42.5644724], [1.5975878, 42.5644676], [1.5969614, 42.5645468], [1.5963415, 42.5644516], [1.5957387, 42.5642447], [1.5951259, 42.5640702], [1.5945295, 42.5638507], [1.5940453, 42.563442], [1.5936496, 42.5629434], [1.5933831, 42.562368], [1.5936064, 42.5618768], [1.5937556, 42.5613027], [1.593664, 42.56078], [1.5938692, 42.5601825], [1.5937417, 42.5595967], [1.5933739, 42.5590809], [1.5934131, 42.5584931], [1.5930292, 42.5580228], [1.592478, 42.5577162], [1.5918966, 42.5574813], [1.5916811, 42.5569927], [1.5917149, 42.5564302], [1.59159, 42.5558148], [1.5914525, 42.5552023], [1.5912544, 42.554598], [1.5908753, 42.5542211], [1.5904609, 42.553909], [1.5906586, 42.5533186], [1.5910013, 42.5528389], [1.5914121, 42.5523576], [1.5916737, 42.5518149], [1.5917239, 42.5511866], [1.5918356, 42.5505646], [1.5920296, 42.5499621], [1.59216, 42.5493403], [1.5923014, 42.5487463], [1.5923259, 42.5481738], [1.5921422, 42.5476271], [1.5918075, 42.5471193], [1.5916149, 42.5465123], [1.5914181, 42.5459093], [1.5915041, 42.5452838], [1.5917719, 42.5447053], [1.5919006, 42.5440902], [1.5917004, 42.5434902], [1.5915799, 42.5428701], [1.5916332, 42.5422358], [1.5918753, 42.541657], [1.5923163, 42.5412001], [1.5922989, 42.5406009], [1.5919258, 42.5400912], [1.5918441, 42.5394615], [1.5918067, 42.5388253], [1.591646, 42.5382177], [1.5911772, 42.5377943], [1.5906038, 42.5375164], [1.590027, 42.5372451], [1.589444, 42.536988], [1.5889793, 42.5365993], [1.5886581, 42.5360592], [1.5883833, 42.5354843], [1.5878344, 42.5352809], [1.5872003, 42.5353451], [1.5865661, 42.5354093], [1.587104, 42.5355033], [1.5877071, 42.535301], [1.5877092, 42.5352849], [1.5870734, 42.5353313], [1.5864377, 42.5353778], [1.5858079, 42.5354039], [1.5852234, 42.5354266], [1.5846432, 42.5351644], [1.5840289, 42.5350045], [1.583708, 42.5346187], [1.5831776, 42.5343298]], "mood_vectors": [[0.0301, 0.0413, 0.0218, 0.0217, 0.044, 0.0409, 0.8003], [0.0443, 0.0372, 0.0564, 0.046, 0.0479, 0.0708, 0.6973], [0.0933, 0.0907, 0.0351, 0.0157, 0.0968, 0.0495, 0.6189], [0.0601, 0.0531, 0.0859, 0.0271, 0.0175, 0.0363, 0.7199], [0.0252, 0.0131, 0.0671, 0.0282, 0.0133, 0.0867, 0.7663], [0.0759, 0.0691, 0.0299, 0.0712, 0.0741, 0.08, 0.5998], [0.0651, 0.0453, 0.0436, 0.0604, 0.0163, 0.0628, 0.7064], [0.04, 0.0689, 0.0147, 0.0614, 0.0666, 0.0259, 0.7224], [0.0264, 0.0656, 0.0327, 0.0506, 0.0562, 0.0691, 0.6993], [0.0575, 0.0709, 0.054, 0.0233, 0.0237, 0.0446, 0.7259], [0.0178, 0.0463, 0.0509, 0.0675, 0.0705, 0.0406, 0.7064], [0.0265, 0.0721, 0.0297, 0.0629, 0.0133, 0.0185, 0.7769], [0.0562, 0.0474, 0.0486, 0.0163, 0.0403, 0.047, 0.7442], [0.0275, 0.0242, 0.0579, 0.049, 0.0958, 0.0563, 0.6893], [0.0595, 0.0493, 0.0273, 0.05, 0.0686, 0.0524, 0.693], [0.0525, 0.0842, 0.0172, 0.0621, 0.0372, 0.0369, 0.71], [0.0698, 0.0162, 0.0263, 0.0216, 0.0472, 0.0271, 0.7918], [0.0518, 0.0291, 0.0691, 0.0473, 0.0848, 0.0165, 0.7014], [0.0487, 0.02, 0.0278, 0.0305, 0.0995, 0.0537, 0.7197], [0.0839, 0.0512, 0.0155, 0.0202, 0.0665, 0.0518, 0.7109], [0.0588, 0.0604, 0.0448, 0.0252, 0.0658, 0.0651, 0.6799], [0.0503, 0.0757, 0.036, 0.0209, 0.0289, 0.0751, 0.713], [0.0275, 0.0496, 0.0772, 0.0406, 0.0361, 0.0229, 0.7462], [0.0661, 0.0487, 0.0464, 0.046, 0.0414, 0.0602, 0.6912], [0.0769, 0.0169, 0.0306, 0.0263, 0.062, 0.018, 0.7695], [0.0649, 0.0231, 0.0589, 0.0745, 0.0297, 0.0201, 0.7288], [0.0456, 0.0398, 0.0459, 0.0291, 0.0378, 0.074, 0.7278], [0.0442, 0.0561, 0.0562, 0.0514, 0.0422, 0.0245, 0.7253], [0.0455, 0.0611, 0.0715, 0.0241, 0.0323, 0.0311, 0.7345], [0.0784, 0.0589, 0.0334, 0.0516, 0.0468, 0.0194, 0.7114], [0.0523, 0.0377, 0.0652, 0.0486, 0.0888, 0.0279, 0.6794], [0.0803, 0.0206, 0.034, 0.0424, 0.0383, 0.0867, 0.6978], [0.0782, 0.0181, 0.0244, 0.0402, 0.0736, 0.075, 0.6905], [0.0266, 0.0375, 0.0347, 0.0403, 0.0611, 0.0475, 0.7522], [0.0258, 0.0779, 0.0714, 0.0229, 0.0576, 0.0289, 0.7154], [0.0877, 0.0406, 0.076, 0.0258, 0.0407, 0.0364, 0.6929], [0.0646, 0.0819, 0.0287, 0.0839, 0.0902, 0.0145, 0.6362], [0.0845, 0.0142, 0.0423, 0.0761, 0.0175, 0.064, 0.7014], [0.0603, 0.0689, 0.0648, 0.0403, 0.0663, 0.0608, 0.6385], [0.0662, 0.0669, 0.0436, 0.0287, 0.0645, 0.0709, 0.6593], [0.0177, 0.0586, 0.0475, 0.0694, 0.0275, 0.0821, 0.6972], [0.039, 0.0147, 0.0641, 0.0468, 0.0753, 0.0813, 0.6788], [0.0264, 0.0476, 0.077, 0.0688, 0.0463, 0.0134, 0.7206], [0.0605, 0.0629, 0.0191, 0.0308, 0.072, 0.0182, 0.7365], [0.0867, 0.0217, 0.0421, 0.0706, 0.0411, 0.0234, 0.7146], [0.0607, 0.0359, 0.0442, 0.0657, 0.0246, 0.0942, 0.6747], [0.0711, 0.0471, 0.025, 0.0417, 0.0531, 0.0809, 0.6811], [0.0439, 0.0586, 0.0297, 0.0755, 0.0431, 0.0197, 0.7295], [0.0789, 0.0373, 0.0633, 0.0422, 0.0779, 0.0167, 0.6837], [0.0188, 0.06, 0.0147, 0.055, 0.0742, 0.0523, 0.7248], [0.033, 0.068, 0.0626, 0.0467, 0.0481, 0.1009, 0.6407], [0.032, 0.0563, 0.069, 0.0158, 0.0444, 0.0872, 0.6952], [0.0633, 0.0379, 0.0519, 0.0736, 0.072, 0.0545, 0.6468], [0.0209, 0.0281, 0.0143, 0.0542, 0.0742, 0.0746, 0.7337], [0.0339, 0.0338, 0.095, 0.0824, 0.0606, 0.0709, 0.6235], [0.0631, 0.048, 0.0557, 0.0624, 0.0615, 0.0384, 0.6708], [0.0789, 0.0363, 0.0592, 0.0291, 0.071, 0.0774, 0.648], [0.0453, 0.0471, 0.0651, 0.0631, 0.0511, 0.0136, 0.7147], [0.0209, 0.0336, 0.057, 0.057, 0.0165, 0.0467, 0.7682], [0.0436, 0.0745, 0.0883, 0.0594, 0.0581, 0.0284, 0.6477], [0.0477, 0.0633, 0.0404, 0.056, 0.0756, 0.0792, 0.6378], [0.0187, 0.0127, 0.0376, 0.0292, 0.086, 0.0667, 0.7491], [0.0278, 0.0667, 0.068, 0.0384, 0.0314, 0.0433, 0.7244], [0.0794, 0.0886, 0.0731, 0.034, 0.0553, 0.0263, 0.6433], [0.0193, 0.0919, 0.0604, 0.0265, 0.058, 0.0494, 0.6945], [0.0185, 0.0764, 0.0652, 0.0348, 0.0366, 0.0196, 0.7491], [0.0673, 0.015, 0.0795, 0.0532, 0.0352, 0.0398, 0.71], [0.0234, 0.0778, 0.0607, 0.0196, 0.0806, 0.0304, 0.7075], [0.0438, 0.0416, 0.0944, 0.0666, 0.0867, 0.0238, 0.6431], [0.0502, 0.0131, 0.0867, 0.0596, 0.0678, 0.0345, 0.6879], [0.0396, 0.0212, 0.0716, 0.0736, 0.0383, 0.0467, 0.7089], [0.032, 0.0808, 0.0181, 0.0526, 0.0768, 0.0452, 0.6946], [0.025, 0.0242, 0.0548, 0.0219, 0.0396, 0.0826, 0.752], [0.0149, 0.0926, 0.0775, 0.0707, 0.0852, 0.0229, 0.6362], [0.0651, 0.0312, 0.0495, 0.0712, 0.0741, 0.0263, 0.6825], [0.0689, 0.0316, 0.0182, 0.0502, 0.0579, 0.0744, 0.6988], [0.0406, 0.0688, 0.0648, 0.0623, 0.0153, 0.0325, 0.7157], [0.0727, 0.0733, 0.031, 0.0499, 0.0536, 0.0478, 0.6717], [0.0225, 0.0412, 0.0155, 0.0334, 0.0622, 0.0732, 0.7519], [0.0586, 0.0756, 0.015, 0.0412, 0.0739, 0.0595, 0.6762]], "emotions": ["purple", "purple", "purple", "purple", "purple", "purple", "purple", "purple", "purple", "purple", "purple", "purple", "purple", "purple", "purple", "purple", "purple", "purple", "purple", "purple", "purple", "purple", "purple", "purple", "purple", "purple", "purple", "purple", "purple", "purple", "purple", "purple", "purple", "purple", "purple", "purple", "purple", "purple", "purple", "purple", "purple", "purple", "purple", "purple", "purple", "purple", "purple", "purple", "purple", "purple", "purple", "purple", "purple", "purple", "purple", "purple", "purple", "purple", "purple", "purple", "purple", "purple", "purple", "purple", "purple", "purple", "purple", "purple", "purple", "purple", "purple", "purple", "purple", "purple", "purple", "purple", "purple", "purple", "purple", "purple"], "timestamps": [0, 40, 80, 120, 160, 200, 240, 280, 320, 360, 400, 440, 480, 520, 560, 600, 640, 680, 720, 760, 800, 840, 880, 920, 960, 1000, 1040, 1080, 1120, 1160, 1200, 1240, 1280, 1320, 1360, 1400, 1440, 1480, 1520, 1560, 1600, 1640, 1680, 1720, 1760, 1800, 1840, 1880, 1920, 1960, 2000, 2040, 2080, 2120, 2160, 2200, 2240, 2280, 2320, 2360, 2400, 2440, 2480, 2520, 2560, 2600, 2640, 2680, 2720, 2760, 2800, 2840, 2880, 2920, 2960, 3000, 3040, 3080, 3120, 3160]}], "conversation": [], "conversation_timestamps": []}