{"agent_id": "agent-red-396", "type": "red", "trips": [{"trip_id": 0, "transport_method": "foot", "start_time": 0, "path": [[1.5208132, 42.5045679], [1.5209124, 42.5046232], [1.521018, 42.5046631], [1.5211266, 42.504696], [1.5212352, 42.504729], [1.5213323, 42.5047853], [1.5214365, 42.5048263], [1.5215459, 42.5048567], [1.5216559, 42.504879], [1.5217689, 42.5048681], [1.5218819, 42.5048573], [1.5219948, 42.5048465], [1.5220976, 42.5048465], [1.5220934, 42.5049599], [1.5220881, 42.5050733], [1.5220816, 42.5051866], [1.5220751, 42.5052999], [1.5220686, 42.5054132], [1.5220622, 42.5055265], [1.5220427, 42.5056365], [1.5219935, 42.5057387], [1.5219443, 42.505841], [1.5218951, 42.5059433], [1.5218459, 42.5060455], [1.5217967, 42.5061478], [1.5217475, 42.5062501], [1.5217143, 42.5063586], [1.5216812, 42.5064672], [1.5216482, 42.5065757], [1.5216446, 42.5066742], [1.5217463, 42.5067219], [1.5218522, 42.5067627], [1.5219581, 42.5068034], [1.5220641, 42.5068441], [1.5221714, 42.5068401], [1.5222797, 42.5068062], [1.5223288, 42.5068709], [1.5223536, 42.5069801], [1.522433, 42.5070606], [1.5224742, 42.5071658], [1.5224903, 42.5072778], [1.5225022, 42.5073907], [1.5225142, 42.5075036], [1.5226078, 42.5075632], [1.5227062, 42.5076197], [1.5228085, 42.5076658], [1.5229194, 42.5076897], [1.5230292, 42.5077184], [1.5231389, 42.5077472], [1.5232487, 42.507776], [1.5233585, 42.5078048], [1.5232989, 42.5078379], [1.5231993, 42.5078827], [1.5231657, 42.5079911], [1.5231321, 42.5080995], [1.5231088, 42.5082045], [1.5231998, 42.5082724], [1.5232907, 42.5083402], [1.5233817, 42.5084081], [1.523484, 42.5084423], [1.5235619, 42.5085181], [1.523658, 42.5085769], [1.5237577, 42.5086312], [1.5238573, 42.5086855], [1.52381, 42.5087881], [1.5237906, 42.508863], [1.5238947, 42.5088178], [1.5239987, 42.508773], [1.5240875, 42.5088431], [1.5241882, 42.5088945], [1.524297, 42.5089269], [1.5244099, 42.5089309], [1.5245232, 42.5089246], [1.5246305, 42.5089572], [1.5247414, 42.5089612], [1.5248548, 42.5089573], [1.5249681, 42.5089508], [1.5250808, 42.5089606], [1.5251928, 42.5089779], [1.5253027, 42.5090063]], "mood_vectors": [[0.6633, 0.0626, 0.0728, 0.029, 0.056, 0.0603, 0.0561], [0.6359, 0.0667, 0.0767, 0.0716, 0.0318, 0.0498, 0.0676], [0.7116, 0.0632, 0.0148, 0.0449, 0.0722, 0.0524, 0.0409], [0.67, 0.0828, 0.062, 0.0174, 0.0566, 0.0452, 0.0661], [0.725, 0.064, 0.0289, 0.0146, 0.0828, 0.053, 0.0317], [0.6243, 0.0903, 0.0663, 0.0845, 0.0182, 0.056, 0.0605], [0.7288, 0.0396, 0.052, 0.0424, 0.0738, 0.0396, 0.0238], [0.6433, 0.0792, 0.0368, 0.0874, 0.0363, 0.0633, 0.0538], [0.735, 0.0734, 0.0639, 0.0169, 0.0638, 0.031, 0.016], [0.6384, 0.0323, 0.0974, 0.0524, 0.0771, 0.0485, 0.0539], [0.715, 0.072, 0.0229, 0.0181, 0.0738, 0.0405, 0.0577], [0.7075, 0.0689, 0.0416, 0.0577, 0.0457, 0.052, 0.0266], [0.7476, 0.034, 0.0182, 0.0496, 0.0267, 0.0808, 0.0432], [0.6543, 0.0329, 0.0769, 0.0647, 0.0703, 0.02, 0.0809], [0.6958, 0.0557, 0.0599, 0.0304, 0.0591, 0.0432, 0.0559], [0.6339, 0.084, 0.0533, 0.0842, 0.0793, 0.0421, 0.0231], [0.7218, 0.0232, 0.0582, 0.0431, 0.0133, 0.0681, 0.0724], [0.7139, 0.0493, 0.0693, 0.0505, 0.0413, 0.0608, 0.0148], [0.7524, 0.0253, 0.0452, 0.0614, 0.054, 0.0305, 0.0314], [0.7669, 0.0221, 0.0274, 0.0441, 0.0518, 0.0214, 0.0664], [0.6534, 0.0786, 0.0553, 0.0743, 0.0183, 0.0724, 0.0476], [0.7839, 0.0181, 0.0365, 0.0189, 0.0633, 0.0248, 0.0545], [0.7246, 0.0741, 0.0469, 0.0478, 0.0322, 0.0482, 0.0262], [0.7055, 0.05, 0.0721, 0.068, 0.0703, 0.0144, 0.0197], [0.698, 0.0425, 0.0506, 0.0185, 0.0771, 0.073, 0.0404], [0.6684, 0.0807, 0.0334, 0.0357, 0.0631, 0.0791, 0.0395], [0.74, 0.0661, 0.0356, 0.0216, 0.0257, 0.0528, 0.0583], [0.651, 0.0698, 0.0394, 0.0871, 0.0266, 0.0436, 0.0824], [0.6737, 0.0626, 0.068, 0.0127, 0.0516, 0.0744, 0.0571], [0.7298, 0.0278, 0.0308, 0.0751, 0.0133, 0.0629, 0.0604], [0.762, 0.0652, 0.0121, 0.0299, 0.0572, 0.0256, 0.048], [0.7401, 0.0637, 0.0389, 0.0186, 0.0454, 0.0381, 0.0552], [0.7028, 0.0415, 0.0604, 0.0742, 0.0213, 0.0656, 0.0342], [0.7681, 0.0203, 0.0196, 0.0754, 0.0211, 0.0193, 0.0763], [0.7516, 0.0253, 0.0299, 0.0396, 0.0421, 0.0499, 0.0617], [0.6593, 0.0623, 0.0663, 0.0331, 0.0786, 0.0661, 0.0344], [0.7263, 0.0639, 0.0388, 0.0539, 0.0698, 0.0134, 0.034], [0.5909, 0.0715, 0.039, 0.0744, 0.086, 0.0573, 0.0809], [0.7007, 0.0597, 0.03, 0.027, 0.0585, 0.0691, 0.0551], [0.7171, 0.0321, 0.0581, 0.0487, 0.0547, 0.0186, 0.0706], [0.6752, 0.0656, 0.0295, 0.0604, 0.069, 0.03, 0.0703], [0.6463, 0.0168, 0.0522, 0.0731, 0.0736, 0.0669, 0.0711], [0.7439, 0.0285, 0.0351, 0.0583, 0.048, 0.0657, 0.0205], [0.788, 0.0428, 0.0212, 0.0287, 0.0267, 0.0228, 0.0698], [0.7173, 0.0255, 0.0332, 0.0769, 0.0422, 0.0413, 0.0635], [0.6891, 0.0158, 0.035, 0.0637, 0.0966, 0.077, 0.0228], [0.7798, 0.0711, 0.0438, 0.0483, 0.0252, 0.0128, 0.019], [0.7107, 0.0547, 0.048, 0.0679, 0.0124, 0.0803, 0.0261], [0.7185, 0.033, 0.0506, 0.0427, 0.0647, 0.0474, 0.0431], [0.7299, 0.0275, 0.0563, 0.0512, 0.0425, 0.0308, 0.0617], [0.7125, 0.0726, 0.0452, 0.0531, 0.0657, 0.0204, 0.0305], [0.6753, 0.0697, 0.0697, 0.0261, 0.0581, 0.0354, 0.0658], [0.7394, 0.0529, 0.0273, 0.0445, 0.0376, 0.0747, 0.0236], [0.7718, 0.0296, 0.0143, 0.079, 0.0369, 0.048, 0.0205], [0.7298, 0.0155, 0.0284, 0.0501, 0.0774, 0.0593, 0.0395], [0.6514, 0.0871, 0.0692, 0.0177, 0.0817, 0.0777, 0.0151], [0.6818, 0.0386, 0.0435, 0.0854, 0.0473, 0.0729, 0.0305], [0.6828, 0.0529, 0.019, 0.0903, 0.0649, 0.0553, 0.035], [0.7135, 0.0238, 0.045, 0.0628, 0.071, 0.0496, 0.0343], [0.7449, 0.042, 0.0178, 0.0493, 0.074, 0.0458, 0.0261], [0.7021, 0.0413, 0.0606, 0.0416, 0.0623, 0.0198, 0.0722], [0.6739, 0.0882, 0.0327, 0.0876, 0.0171, 0.0558, 0.0446], [0.7578, 0.0843, 0.0219, 0.0353, 0.0191, 0.0423, 0.0393], [0.6897, 0.0153, 0.0594, 0.0683, 0.0267, 0.0838, 0.0568], [0.6807, 0.0741, 0.0679, 0.0549, 0.0656, 0.0227, 0.034], [0.6694, 0.07, 0.0546, 0.0616, 0.0152, 0.0568, 0.0724], [0.7416, 0.0161, 0.0451, 0.0487, 0.02, 0.0604, 0.068], [0.79, 0.0257, 0.0402, 0.0204, 0.023, 0.0296, 0.0711], [0.638, 0.0658, 0.0653, 0.0392, 0.0736, 0.048, 0.0701], [0.72, 0.0671, 0.0535, 0.0242, 0.0326, 0.0362, 0.0663], [0.7656, 0.0182, 0.0195, 0.0686, 0.0333, 0.031, 0.0638], [0.6683, 0.0308, 0.0802, 0.079, 0.017, 0.0627, 0.062], [0.8152, 0.0277, 0.0368, 0.014, 0.0121, 0.0777, 0.0166], [0.7374, 0.0608, 0.0618, 0.0276, 0.0142, 0.0287, 0.0695], [0.8205, 0.0403, 0.0547, 0.0245, 0.0192, 0.0229, 0.0178], [0.7022, 0.0725, 0.0366, 0.0307, 0.0657, 0.0408, 0.0515], [0.7084, 0.0427, 0.0341, 0.0416, 0.0529, 0.0734, 0.0468], [0.6303, 0.0953, 0.0185, 0.0776, 0.049, 0.0604, 0.069], [0.7215, 0.0568, 0.0694, 0.0729, 0.0152, 0.0344, 0.0296], [0.6032, 0.0703, 0.0778, 0.0783, 0.032, 0.063, 0.0755]], "emotions": ["red", "red", "red", "red", "red", "red", "red", "red", "red", "red", "red", "red", "red", "red", "red", "red", "red", "red", "red", "red", "red", "red", "red", "red", "red", "red", "red", "red", "red", "red", "red", "red", "red", "red", "red", "red", "red", "red", "red", "red", "red", "red", "red", "red", "red", "red", "red", "red", "red", "red", "red", "red", "red", "red", "red", "red", "red", "red", "red", "red", "red", "red", "red", "red", "red", "red", "red", "red", "red", "red", "red", "red", "red", "red", "red", "red", "red", "red", "red", "red"], "timestamps": [0, 40, 80, 120, 160, 200, 240, 280, 320, 360, 400, 440, 480, 520, 560, 600, 640, 680, 720, 760, 800, 840, 880, 920, 960, 1000, 1040, 1080, 1120, 1160, 1200, 1240, 1280, 1320, 1360, 1400, 1440, 1480, 1520, 1560, 1600, 1640, 1680, 1720, 1760, 1800, 1840, 1880, 1920, 1960, 2000, 2040, 2080, 2120, 2160, 2200, 2240, 2280, 2320, 2360, 2400, 2440, 2480, 2520, 2560, 2600, 2640, 2680, 2720, 2760, 2800, 2840, 2880, 2920, 2960, 3000, 3040, 3080, 3120, 3160]}], "conversation": [], "conversation_timestamps": []}