{"agent_id": "agent-purple-354", "type": "purple", "trips": [{"trip_id": 0, "transport_method": "car", "start_time": 0, "path": [[1.5087725, 42.498974], [1.5084497, 42.4993821], [1.5081269, 42.4997901], [1.5083076, 42.5000837], [1.5087776, 42.5003066], [1.5092454, 42.5005343], [1.5097149, 42.5007584], [1.5093098, 42.500565], [1.5092857, 42.5005502], [1.509758, 42.5007685], [1.5102302, 42.5009869], [1.5107025, 42.5012052], [1.5111747, 42.5014236], [1.5109128, 42.5012762], [1.5104188, 42.5011146], [1.5103107, 42.5011165], [1.5107853, 42.5013296], [1.51126, 42.5015427], [1.5117346, 42.5017557], [1.5116475, 42.5017125], [1.512077, 42.5020061], [1.5125066, 42.5022996], [1.5129318, 42.5025994], [1.5133067, 42.5029577], [1.5136311, 42.5033557], [1.5139908, 42.5037248], [1.5143805, 42.5040694], [1.5147733, 42.5044094], [1.5150142, 42.5048639], [1.5153671, 42.5052179], [1.5158606, 42.5053825], [1.5163406, 42.5055818], [1.5168054, 42.5058153], [1.5173072, 42.5059465], [1.5177707, 42.50606], [1.5180528, 42.5063887], [1.5185049, 42.5066462], [1.5189401, 42.5068933], [1.5193644, 42.5071745], [1.5198142, 42.507434], [1.5203329, 42.5073934], [1.5208326, 42.5075003], [1.5213526, 42.5075166], [1.5218355, 42.5075954], [1.5222725, 42.5077153], [1.5227908, 42.5077604], [1.5232893, 42.5078224], [1.5238079, 42.5077817], [1.5243272, 42.5077872], [1.5248336, 42.5079043], [1.5253335, 42.5080485], [1.5257611, 42.508269], [1.5262473, 42.5084345], [1.52676, 42.508516], [1.5272798, 42.5085307], [1.5277584, 42.508726], [1.5281749, 42.5090366], [1.5285459, 42.5094009], [1.5289243, 42.5097521], [1.52927, 42.5101238], [1.5297605, 42.5101662], [1.5302765, 42.51023], [1.5307905, 42.5101962], [1.5312788, 42.5103572], [1.5317657, 42.5105402], [1.5322599, 42.5107025], [1.5327562, 42.5108587], [1.5332303, 42.5110659], [1.533425, 42.5115389], [1.5337241, 42.5119646], [1.5340232, 42.5123903], [1.5343138, 42.5128093], [1.5338527, 42.5125725], [1.5336003, 42.51213], [1.5334315, 42.5116645], [1.5334933, 42.5117445], [1.5336962, 42.5122236], [1.5338991, 42.5127027], [1.5341019, 42.5131818], [1.5339534, 42.5136421]], "mood_vectors": [[0.0163, 0.0195, 0.0776, 0.0718, 0.042, 0.6868, 0.0859], [0.0639, 0.0652, 0.0676, 0.0256, 0.0597, 0.641, 0.0771], [0.0452, 0.0483, 0.0358, 0.0412, 0.0672, 0.6896, 0.0728], [0.0392, 0.0198, 0.0523, 0.026, 0.0264, 0.7508, 0.0855], [0.0746, 0.0325, 0.0756, 0.0412, 0.0661, 0.6442, 0.0657], [0.0177, 0.0464, 0.0255, 0.0308, 0.024, 0.79, 0.0657], [0.0461, 0.035, 0.0371, 0.0742, 0.0664, 0.7044, 0.0367], [0.0503, 0.0472, 0.0601, 0.0152, 0.0492, 0.7483, 0.0297], [0.0664, 0.0472, 0.0413, 0.0555, 0.0521, 0.6928, 0.0448], [0.0666, 0.0246, 0.0791, 0.0198, 0.0593, 0.7186, 0.032], [0.0588, 0.0226, 0.0764, 0.0815, 0.0576, 0.667, 0.0362], [0.0506, 0.073, 0.024, 0.0485, 0.0462, 0.7246, 0.033], [0.0295, 0.0139, 0.0489, 0.0148, 0.056, 0.7664, 0.0705], [0.0445, 0.0526, 0.0574, 0.0535, 0.0716, 0.6956, 0.0248], [0.0606, 0.0322, 0.0594, 0.0562, 0.0196, 0.7486, 0.0234], [0.0871, 0.0777, 0.018, 0.0767, 0.0828, 0.6364, 0.0213], [0.0347, 0.0767, 0.0693, 0.0357, 0.0395, 0.6956, 0.0485], [0.0441, 0.0346, 0.0278, 0.0649, 0.0778, 0.7083, 0.0425], [0.0513, 0.0767, 0.0305, 0.0171, 0.0605, 0.6668, 0.097], [0.0881, 0.0246, 0.0186, 0.0268, 0.0492, 0.7339, 0.0588], [0.093, 0.0639, 0.089, 0.0298, 0.0343, 0.6401, 0.0498], [0.055, 0.0375, 0.079, 0.0485, 0.064, 0.6638, 0.0523], [0.064, 0.0718, 0.0797, 0.0565, 0.0327, 0.6575, 0.0378], [0.0802, 0.0373, 0.0294, 0.0264, 0.0198, 0.7607, 0.0463], [0.0881, 0.0317, 0.0731, 0.0247, 0.0542, 0.7021, 0.026], [0.0836, 0.0242, 0.0153, 0.0495, 0.0868, 0.6977, 0.0429], [0.0788, 0.0816, 0.0176, 0.0733, 0.0232, 0.6456, 0.0799], [0.0516, 0.0264, 0.0686, 0.0673, 0.0233, 0.7315, 0.0313], [0.0552, 0.0206, 0.0169, 0.0159, 0.0816, 0.7506, 0.0592], [0.0548, 0.0326, 0.0718, 0.0201, 0.0721, 0.675, 0.0736], [0.0274, 0.0687, 0.0568, 0.0747, 0.0365, 0.6839, 0.0519], [0.0214, 0.0669, 0.0591, 0.035, 0.0254, 0.7428, 0.0495], [0.0541, 0.0268, 0.0199, 0.0724, 0.0511, 0.7024, 0.0733], [0.0414, 0.0187, 0.0472, 0.0457, 0.0184, 0.7365, 0.0921], [0.0541, 0.054, 0.0252, 0.0713, 0.0447, 0.6933, 0.0573], [0.0604, 0.054, 0.0661, 0.0225, 0.0881, 0.6256, 0.0833], [0.0533, 0.059, 0.0433, 0.0591, 0.0703, 0.6847, 0.0303], [0.044, 0.0387, 0.088, 0.0231, 0.0823, 0.6505, 0.0735], [0.0348, 0.0668, 0.0434, 0.0677, 0.0764, 0.6355, 0.0754], [0.0772, 0.0632, 0.0398, 0.0382, 0.0635, 0.6961, 0.022], [0.0125, 0.0446, 0.0424, 0.0681, 0.0622, 0.7196, 0.0506], [0.0785, 0.042, 0.0994, 0.0872, 0.0198, 0.6569, 0.0162], [0.0679, 0.0128, 0.0339, 0.0292, 0.0287, 0.8053, 0.0222], [0.0182, 0.0461, 0.0569, 0.0658, 0.0129, 0.7341, 0.066], [0.0745, 0.0613, 0.0185, 0.0385, 0.0228, 0.7448, 0.0395], [0.0712, 0.077, 0.0335, 0.0787, 0.0694, 0.6118, 0.0584], [0.0784, 0.0462, 0.042, 0.0381, 0.0151, 0.7243, 0.056], [0.0248, 0.0682, 0.0322, 0.0227, 0.089, 0.7239, 0.0392], [0.0447, 0.0468, 0.0816, 0.0332, 0.0431, 0.7332, 0.0175], [0.0756, 0.0518, 0.0306, 0.0663, 0.0527, 0.6514, 0.0717], [0.0964, 0.037, 0.0176, 0.0303, 0.0215, 0.7128, 0.0846], [0.0341, 0.067, 0.0404, 0.0578, 0.0659, 0.6776, 0.0572], [0.0526, 0.0513, 0.0622, 0.087, 0.0835, 0.648, 0.0154], [0.014, 0.0353, 0.0203, 0.0337, 0.0819, 0.7785, 0.0363], [0.0524, 0.0439, 0.0138, 0.0609, 0.0457, 0.7644, 0.0188], [0.0643, 0.0644, 0.0689, 0.0819, 0.0323, 0.5986, 0.0895], [0.019, 0.0683, 0.0266, 0.0661, 0.0598, 0.6859, 0.0743], [0.0681, 0.0514, 0.0822, 0.0299, 0.0762, 0.632, 0.0601], [0.031, 0.0741, 0.0877, 0.0489, 0.0576, 0.612, 0.0888], [0.022, 0.0539, 0.0322, 0.0712, 0.0718, 0.676, 0.0728], [0.0262, 0.0642, 0.0272, 0.0786, 0.0519, 0.6761, 0.0758], [0.0563, 0.021, 0.0318, 0.0307, 0.0741, 0.7469, 0.0393], [0.0221, 0.0657, 0.0335, 0.0732, 0.0534, 0.6751, 0.077], [0.0668, 0.0321, 0.0531, 0.0204, 0.0756, 0.73, 0.022], [0.0578, 0.0132, 0.0746, 0.0269, 0.0203, 0.7644, 0.0426], [0.0534, 0.0288, 0.0555, 0.0327, 0.0558, 0.7193, 0.0546], [0.0642, 0.0234, 0.0252, 0.0878, 0.0345, 0.7067, 0.0581], [0.0353, 0.0632, 0.0536, 0.0195, 0.083, 0.724, 0.0214], [0.0727, 0.0765, 0.0677, 0.0332, 0.0678, 0.6665, 0.0157], [0.0659, 0.0192, 0.0577, 0.0662, 0.0511, 0.6577, 0.0823], [0.0281, 0.0771, 0.0551, 0.0454, 0.0184, 0.7416, 0.0344], [0.0487, 0.0657, 0.0354, 0.0337, 0.0516, 0.7355, 0.0294], [0.0426, 0.0533, 0.0482, 0.0651, 0.0763, 0.6826, 0.032], [0.0694, 0.0526, 0.0262, 0.0759, 0.0124, 0.6911, 0.0723], [0.0405, 0.0737, 0.0339, 0.0463, 0.0937, 0.662, 0.0499], [0.0608, 0.0711, 0.0415, 0.0759, 0.04, 0.6519, 0.0588], [0.021, 0.0369, 0.0451, 0.0418, 0.0633, 0.6938, 0.0982], [0.0502, 0.0724, 0.0188, 0.079, 0.0596, 0.688, 0.032], [0.0772, 0.0378, 0.0842, 0.0538, 0.0436, 0.6598, 0.0435], [0.0299, 0.0716, 0.0651, 0.0584, 0.0375, 0.6905, 0.0471]], "emotions": ["purple", "purple", "purple", "purple", "purple", "purple", "purple", "purple", "purple", "purple", "purple", "purple", "purple", "purple", "purple", "purple", "purple", "purple", "purple", "purple", "purple", "purple", "purple", "purple", "purple", "purple", "purple", "purple", "purple", "purple", "purple", "purple", "purple", "purple", "purple", "purple", "purple", "purple", "purple", "purple", "purple", "purple", "purple", "purple", "purple", "purple", "purple", "purple", "purple", "purple", "purple", "purple", "purple", "purple", "purple", "purple", "purple", "purple", "purple", "purple", "purple", "purple", "purple", "purple", "purple", "purple", "purple", "purple", "purple", "purple", "purple", "purple", "purple", "purple", "purple", "purple", "purple", "purple", "purple", "purple"], "timestamps": [0, 40, 80, 120, 160, 200, 240, 280, 320, 360, 400, 440, 480, 520, 560, 600, 640, 680, 720, 760, 800, 840, 880, 920, 960, 1000, 1040, 1080, 1120, 1160, 1200, 1240, 1280, 1320, 1360, 1400, 1440, 1480, 1520, 1560, 1600, 1640, 1680, 1720, 1760, 1800, 1840, 1880, 1920, 1960, 2000, 2040, 2080, 2120, 2160, 2200, 2240, 2280, 2320, 2360, 2400, 2440, 2480, 2520, 2560, 2600, 2640, 2680, 2720, 2760, 2800, 2840, 2880, 2920, 2960, 3000, 3040, 3080, 3120, 3160]}], "conversation": [], "conversation_timestamps": []}