{
  "agent_id": "agent-type-purple-10",
  "type": "purple",
  "trips": [
    {
      "trip_id": 0,
      "transport_method": "bicycle",
      "start_time": 0,
      "path": [
        [
          1.5232168999999998,
          42.5051437
        ],
        [
          1.5227102705877238,
          42.50621682846311
        ],
        [
          1.522893740089801,
          42.50558497365701
        ],
        [
          1.5229196934192095,
          42.5055311933833
        ],
        [
          1.5222724725194208,
          42.50632887765627
        ],
        [
          1.5219067952254584,
          42.505454918944345
        ],
        [
          1.5226204096464477,
          42.50477167195422
        ],
        [
          1.5237996335524375,
          42.504904747268476
        ],
        [
          1.5249788574584273,
          42.50503782258273
        ],
        [
          1.526158081364417,
          42.50517089789699
        ],
        [
          1.5250195168923937,
          42.50505899160503
        ],
        [
          1.5238446386383009,
          42.50489184152941
        ],
        [
          1.5236820396157928,
          42.504868708546205
        ],
        [
          1.5248569178698856,
          42.50503585862184
        ],
        [
          1.5260317961239784,
          42.505203008697464
        ],
        [
          1.5251420579038895,
          42.50505623973867
        ],
        [
          1.5239628339978997,
          42.50492316442442
        ],
        [
          1.5227836100919099,
          42.50479008911016
        ],
        [
          1.521948902461496,
          42.505296172109084
        ],
        [
          1.5224273883130621,
          42.50477559735795
        ],
        [
          1.5220924526995994,
          42.50530771013136
        ],
        [
          1.5222369077516924,
          42.50476315180629
        ],
        [
          1.522467924552705,
          42.504569717899415
        ],
        [
          1.5219343619820167,
          42.505350990599155
        ],
        [
          1.5224576000000003,
          42.50472760000001
        ]
      ],
      "emotions": [
        "red",
        "red",
        "red",
        "red",
        "red",
        "green",
        "green",
        "green",
        "green",
        "green",
        "red",
        "red",
        "red",
        "red",
        "red",
        "purple",
        "purple",
        "purple",
        "purple",
        "purple",
        "red",
        "red",
        "red",
        "red",
        "red"
      ],
      "mood_vectors": [
        [
          0.24037989532344306,
          0.09939945289475022,
          0.09732020725848806,
          0.08159933117520009,
          0.33106624016460745,
          0.07204880969726656,
          0.07818606348624452
        ],
        [
          0.12042031006128515,
          0.21289537235691164,
          0.265736323786937,
          0.17929478240829816,
          0.10109884572822095,
          0.06240541563495204,
          0.05814895002339508
        ],
        [
          0.11691755124678004,
          0.11010790886279036,
          0.2782533486113504,
          0.16129482937129763,
          0.09710883850969076,
          0.21214828315888454,
          0.024169240239206295
        ],
        [
          0.21124315641188243,
          0.1920314599463577,
          0.03574234544283468,
          0.1130020020433086,
          0.16995291956870523,
          0.14012388245533144,
          0.1379042341315799
        ],
        [
          0.09583635988083944,
          0.3320008337751082,
          0.15149039343667167,
          0.006318022944822202,
          0.08722038060916108,
          0.15999606830946816,
          0.1671379410439292
        ],
        [
          0.2013342176258533,
          0.10229381010239887,
          0.054804232545341273,
          0.2044959509719918,
          0.17349027005540504,
          0.20700203448791404,
          0.05657948421109569
        ],
        [
          0.217562794126472,
          0.22817811239203736,
          0.04538416773934519,
          0.06788791050821769,
          0.07160051867950655,
          0.1527440688307815,
          0.21664242772363967
        ],
        [
          0.16883202399979347,
          0.15594671028910664,
          0.09710182005059484,
          0.15304148920967228,
          0.1512059640903939,
          0.20954979069420612,
          0.06432220166623263
        ],
        [
          0.017939132564936348,
          0.03920659653636292,
          0.021713641864921345,
          0.05133627750179567,
          0.29279300859072904,
          0.2739394539749296,
          0.30307188896632514
        ],
        [
          0.07840520046016519,
          0.16425169423741454,
          0.06790915789868572,
          0.05612504211761918,
          0.18451037963122432,
          0.2287244184018766,
          0.2200741072530145
        ],
        [
          0.19340448190170018,
          0.1754982032666825,
          0.34599004119196836,
          0.07835998893155822,
          0.16029089801771745,
          0.017611563568764418,
          0.02884482312160883
        ],
        [
          0.31228456855538217,
          0.018703390542269546,
          0.3566966693082733,
          0.06711215714394879,
          0.095719698138083,
          0.06025136942472855,
          0.08923214688731464
        ],
        [
          0.2283338590137698,
          0.02240674363025318,
          0.15295492081470569,
          0.12331617239101089,
          0.08775968964825122,
          0.19686935038660597,
          0.1883592641154032
        ],
        [
          0.046736046237386676,
          0.26390640346954763,
          0.1993364574940025,
          0.04439778850991608,
          0.10871561420806501,
          0.19678286826373606,
          0.140124821817346
        ],
        [
          0.19066566120761225,
          0.12487450159001529,
          0.15045548771430553,
          0.05179127107475485,
          0.15623687644146325,
          0.1705678626391484,
          0.15540833933270046
        ],
        [
          0.15008713680311014,
          0.06422511638676008,
          0.14781839720271187,
          0.28949750216595055,
          0.07727798488036262,
          0.21390810015368267,
          0.057185762407422146
        ],
        [
          0.2414967602095008,
          0.25945894557484067,
          0.061610216495129135,
          0.14432655602087743,
          0.0930540129404349,
          0.056862578493472364,
          0.14319093026574464
        ],
        [
          0.10957589090402438,
          0.21614282143476807,
          0.17071041855003394,
          0.19591314979406102,
          0.027364057436456465,
          0.1938227796669463,
          0.08647088221370981
        ],
        [
          0.17606156463408718,
          0.10660273760985811,
          0.009772113011513598,
          0.12314105805306082,
          0.09457545671456523,
          0.25244532656403645,
          0.2374017434128786
        ],
        [
          0.15785362498913788,
          0.20415436055833672,
          0.2540349661789714,
          0.015970545211061563,
          0.0820055959626539,
          0.2211553198970491,
          0.06482558720278943
        ],
        [
          0.07232840501229303,
          0.15282364891236913,
          0.22082339404707313,
          0.10549852500519111,
          0.05585107288669137,
          0.17500154484523456,
          0.21767340929114773
        ],
        [
          0.07590953248349785,
          0.05188550305461021,
          0.24814944985166973,
          0.22043612364360093,
          0.08130646057204662,
          0.022840654741846163,
          0.2994722756527284
        ],
        [
          0.2702296088651841,
          0.1338328845468226,
          0.11926473322793256,
          0.09389325814556009,
          0.05034458117069274,
          0.30491566052635505,
          0.02751927351745275
        ],
        [
          0.151333782952337,
          0.1658383430972755,
          0.24434627346061844,
          0.0722870417353722,
          0.021512942325773797,
          0.2539869624153407,
          0.09069465401328237
        ],
        [
          0.2625243958989232,
          0.28397053240183323,
          0.137507036049741,
          0.0163718479406512,
          0.11460540867794537,
          0.13742093105778935,
          0.047599847973116734
        ]
      ],
      "timestamps": [
        0,
        1,
        2,
        3,
        4,
        5,
        6,
        7,
        8,
        9,
        10,
        11,
        12,
        13,
        14,
        15,
        16,
        17,
        18,
        19,
        20,
        21,
        22,
        23,
        24
      ],
      "distance": 131.9
    },
    {
      "trip_id": 1,
      "transport_method": "car",
      "start_time": 25,
      "path": [
        [
          1.5224576000000003,
          42.50472760000001
        ],
        [
          1.522238701503431,
          42.50507536441031
        ],
        [
          1.522019803006862,
          42.50542312882062
        ],
        [
          1.5219461699495997,
          42.50530647384477
        ],
        [
          1.5220743865873398,
          42.504921891367474
        ],
        [
          1.5222496300245563,
          42.50461364605434
        ],
        [
          1.5222031551797945,
          42.504538629522735
        ],
        [
          1.5226111442275758,
          42.50458730887757
        ],
        [
          1.52268301538108,
          42.50453073132436
        ],
        [
          1.5222736527613192,
          42.50449496985885
        ],
        [
          1.5218642901415582,
          42.504459208393335
        ],
        [
          1.5222276724782031,
          42.504490953072185
        ],
        [
          1.5226370350979639,
          42.504526714537704
        ],
        [
          1.5226569553679232,
          42.50459293563779
        ],
        [
          1.5222490986268173,
          42.504542840572086
        ],
        [
          1.5226139581142877,
          42.504587654493626
        ],
        [
          1.5230217981670437,
          42.504637885075006
        ],
        [
          1.5234272741286643,
          42.50470301417301
        ],
        [
          1.5238306084023663,
          42.50478161506696
        ],
        [
          1.523846754193409,
          42.50478476152312
        ],
        [
          1.523443419919707,
          42.50470616062917
        ],
        [
          1.5230381237211326,
          42.50463990077301
        ],
        [
          1.5226302849432893,
          42.504589659838864
        ],
        [
          1.5222290970365173,
          42.50454519098062
        ],
        [
          1.5221230171888167,
          42.5048695199505
        ],
        [
          1.5219644931015965,
          42.50523739444974
        ],
        [
          1.5218601750970218,
          42.505634850802934
        ],
        [
          1.5217584253231233,
          42.5060329759345
        ],
        [
          1.522038364531576,
          42.5062935515158
        ],
        [
          1.522445330403603,
          42.50635043223203
        ],
        [
          1.5228454817106742,
          42.5064387704513
        ],
        [
          1.5232378504282185,
          42.50656085004159
        ],
        [
          1.5235041598300711,
          42.50639905979135
        ],
        [
          1.52367467062825,
          42.50602518453866
        ],
        [
          1.5238451814264289,
          42.50565130928596
        ],
        [
          1.5238581077753925,
          42.50562296596673
        ],
        [
          1.5236875969772137,
          42.50599684121943
        ],
        [
          1.5235170861790348,
          42.50637071647212
        ],
        [
          1.5234948873798524,
          42.506672759094904
        ],
        [
          1.523365039607308,
          42.50664199323653
        ],
        [
          1.5229653151465075,
          42.506546719985764
        ],
        [
          1.5225655906857072,
          42.50645144673501
        ],
        [
          1.522165866224907,
          42.50635617348424
        ],
        [
          1.5217647803202003,
          42.506329922774796
        ],
        [
          1.5218353716952933,
          42.506614606302776
        ],
        [
          1.5221198488156613,
          42.506911135230304
        ],
        [
          1.5224043259360294,
          42.50720766415783
        ],
        [
          1.522562158971523,
          42.50756274969319
        ],
        [
          1.5229319547222568,
          42.50769382408631
        ],
        [
          1.523334367533725,
          42.50777680706153
        ],
        [
          1.5237084331959245,
          42.507729941499015
        ],
        [
          1.5240999000000004,
          42.507604999999984
        ]
      ],
      "emotions": [
        "red",
        "red",
        "red",
        "red",
        "red",
        "green",
        "green",
        "green",
        "green",
        "green",
        "purple",
        "purple",
        "purple",
        "purple",
        "purple",
        "purple",
        "purple",
        "purple",
        "purple",
        "purple",
        "green",
        "green",
        "green",
        "green",
        "green",
        "green",
        "green",
        "green",
        "green",
        "green",
        "red",
        "red",
        "red",
        "red",
        "red",
        "purple",
        "purple",
        "purple",
        "purple",
        "purple",
        "green",
        "green",
        "green",
        "green",
        "green",
        "purple",
        "purple",
        "purple",
        "purple",
        "purple",
        "purple",
        "purple"
      ],
      "mood_vectors": [
        [
          0.188653901559929,
          0.22923765297464843,
          0.01722643901813984,
          0.16417732120465814,
          0.18218652863251392,
          0.08996331264827111,
          0.12855484396183964
        ],
        [
          0.19099705608986825,
          0.049027334392642515,
          0.18495644880332424,
          0.025639348360119465,
          0.21124621159750348,
          0.22185961131220105,
          0.11627398944434106
        ],
        [
          0.08902798554288503,
          0.1434528916836554,
          0.08228793451761565,
          0.16802745500093036,
          0.18981305218300956,
          0.12540250345211904,
          0.20198817761978496
        ],
        [
          0.1548970666215983,
          0.16686663580437647,
          0.1192813611519368,
          0.15561602938497604,
          0.09703073381075779,
          0.19918703771799415,
          0.1071211355083604
        ],
        [
          0.2344781787702203,
          0.13055805996309475,
          0.14203177735142528,
          0.12736382651634334,
          0.15295434314053136,
          0.06319928743453572,
          0.14941452682384926
        ],
        [
          0.257331493155303,
          0.008620869963252419,
          0.26964604860056807,
          0.1560659266879778,
          0.07715904233912488,
          0.06528662392834837,
          0.16588999532542548
        ],
        [
          0.16003674782541358,
          0.2172770985862398,
          0.07416333891338407,
          0.08874161728779657,
          0.20348659368583882,
          0.17089061169255124,
          0.0854039920087759
        ],
        [
          0.05966478895039362,
          0.04078428716447702,
          0.12009244842990204,
          0.20118746865366227,
          0.17294459463787357,
          0.21045575781110712,
          0.19487065435258433
        ],
        [
          0.17956592508486324,
          0.030915019641248532,
          0.09584380808107792,
          0.3440114305536008,
          0.2087580430507135,
          0.08146275414465742,
          0.05944301944383859
        ],
        [
          0.0593059622499734,
          0.19485257699457278,
          0.037705709556279644,
          0.08025073885899711,
          0.2941386314009855,
          0.28062147545578575,
          0.05312490548340576
        ],
        [
          0.03207319776499698,
          0.11914055591034521,
          0.3187370719872667,
          0.05645360155816316,
          0.31186246752325625,
          0.06944528624746814,
          0.09228781900850352
        ],
        [
          0.17298296806244304,
          0.18518483080743098,
          0.08179108666453054,
          0.11859855521174498,
          0.17742461363370843,
          0.07647527395701881,
          0.1875426716631232
        ],
        [
          0.11143855994782749,
          0.23344852460262658,
          0.22615265200625312,
          0.2773184411875427,
          0.01129605108301987,
          0.030187106512742378,
          0.1101586646599879
        ],
        [
          0.22122139022902423,
          0.15942648828121422,
          0.09211078272201943,
          0.14090709324663858,
          0.08324164152266658,
          0.04346969880486948,
          0.2596229051935675
        ],
        [
          0.16721563751598428,
          0.1387282124167204,
          0.04924806034177972,
          0.17262717761966895,
          0.19808573925701622,
          0.2495967259242803,
          0.024498446924550107
        ],
        [
          0.11844405103470013,
          0.11978613338441203,
          0.2108355805861892,
          0.19205767836313192,
          0.10485853972363217,
          0.16828203354657845,
          0.08573598336135613
        ],
        [
          0.05505876190378276,
          0.0038723108603515377,
          0.21203719521720757,
          0.2878711260017299,
          0.17779766421995277,
          0.024218650868819153,
          0.2391442909281562
        ],
        [
          0.1377554071729175,
          0.03161045885812281,
          0.2125137211927982,
          0.12111750180056931,
          0.1546696827652833,
          0.22354848888063658,
          0.11878473932967219
        ],
        [
          0.11890590998309569,
          0.06747001258548257,
          0.045110410418436164,
          0.016487321116697064,
          0.26502184430227654,
          0.22804127344721437,
          0.2589632281467976
        ],
        [
          0.17340229198664792,
          0.18931826298608878,
          0.06285192973344003,
          0.19817798301708606,
          0.046621840879284435,
          0.19597857131636673,
          0.13364912008108593
        ],
        [
          0.15257163158273032,
          0.08963640031245165,
          0.011557471975923972,
          0.28512815411207676,
          0.14813887289862648,
          0.13126531711289469,
          0.18170215200529616
        ],
        [
          0.206124092548371,
          0.22887018032400228,
          0.03158272027105824,
          0.012769346875444714,
          0.21765148881077206,
          0.1946527565402697,
          0.108349414630082
        ],
        [
          0.2540042199501955,
          0.37329141232926394,
          0.10239454518091344,
          0.1010584862432865,
          0.0552014267616435,
          0.1014897857073176,
          0.012560123827379527
        ],
        [
          0.22668669589206605,
          0.28296525100204983,
          0.01143349669566986,
          0.11557199931871656,
          0.003072812138949209,
          0.20511317113960148,
          0.15515657381294698
        ],
        [
          0.14770689548365257,
          0.18116292557949606,
          0.00823207691975428,
          0.10373973600813557,
          0.10826086363986388,
          0.20509317855231632,
          0.24580432381678122
        ],
        [
          0.21203259034501162,
          0.16994531532060092,
          0.06259909149373959,
          0.1453173304617963,
          0.06211758507158371,
          0.19594328021535393,
          0.1520448070919139
        ],
        [
          0.17170588337825077,
          0.2174394270197828,
          0.12986747979359803,
          0.08170344516821593,
          0.0445333868022627,
          0.09476886558031146,
          0.25998151225757826
        ],
        [
          0.18165341751253142,
          0.19361621866920273,
          0.06762443881141793,
          0.181294631405549,
          0.14382134833480964,
          0.10490162194999364,
          0.12708832331649567
        ],
        [
          0.22381675484554728,
          0.19296777667951054,
          0.1461013855892472,
          0.008553043055297574,
          0.23264017129179704,
          0.06734420804451936,
          0.1285766604940811
        ],
        [
          0.12264485020125114,
          0.25103683032014407,
          0.07774262840848613,
          0.016979330986473484,
          0.24102574358245302,
          0.24075303829682101,
          0.04981757820437111
        ],
        [
          0.21613480367814678,
          0.07636913702130813,
          0.17445419298917442,
          0.13912580063288243,
          0.014249159536659334,
          0.14305187297943725,
          0.2366150331623916
        ],
        [
          0.123651795410059,
          0.19142310231716714,
          0.25157960737452434,
          0.09472939469234479,
          0.2538331079598269,
          0.035425690543899,
          0.04935730170217892
        ],
        [
          0.17949402815608442,
          0.2871402059056631,
          0.05368328534474523,
          0.13196323758384232,
          0.016237248699000742,
          0.049899304285409146,
          0.281582690025255
        ],
        [
          0.028917684141236747,
          0.13257735580016464,
          0.2716751357369802,
          0.12979105225024803,
          0.14494780280086164,
          0.054715194516365084,
          0.23737577475414365
        ],
        [
          0.05023845987611991,
          0.10497021484304295,
          0.3946110392230308,
          0.060160932414686105,
          0.05189474148388253,
          0.31235003344226525,
          0.02577457871697252
        ],
        [
          0.17955880807890678,
          0.06986258613442345,
          0.17690393792073536,
          0.04607770016278406,
          0.10685447935579649,
          0.22743540018618175,
          0.19330708816117215
        ],
        [
          0.09074353022959727,
          0.2228953824981806,
          0.015019445945183878,
          0.16675621446694178,
          0.17050442325051016,
          0.16924700236562168,
          0.16483400124396472
        ],
        [
          0.05299214877176817,
          0.16888164070254458,
          0.027265439487394936,
          0.07020720772674859,
          0.029694948305752367,
          0.3599433678949384,
          0.291015247110853
        ],
        [
          0.20064079652605826,
          0.10126219334042488,
          0.14477287927198404,
          0.20463991699868184,
          0.04933400189551952,
          0.21477783809218648,
          0.08457237387514496
        ],
        [
          0.20839787504885687,
          0.08520628687149422,
          0.12946225647773593,
          0.15746957419965946,
          0.0830681296995487,
          0.14029295589359833,
          0.1961029218091065
        ],
        [
          0.2258589093293674,
          0.18745367430154047,
          0.07214567103333237,
          0.11457735369050712,
          0.1343726903774453,
          0.13146203983074198,
          0.13412966143706548
        ],
        [
          0.09078556585454915,
          0.07954708896256807,
          0.1542252262126663,
          0.29404004185910476,
          0.12551619311035073,
          0.1607920697617279,
          0.09509381423903318
        ],
        [
          0.11683873631060818,
          0.006587161657948176,
          0.29631210459078916,
          0.07965774599964964,
          0.1338716246915731,
          0.1781255544244849,
          0.1886070723249469
        ],
        [
          0.1692173613393028,
          0.18004458057608574,
          0.20683884631634936,
          0.08142377038821978,
          0.06638916536079832,
          0.11149853615023358,
          0.1845877398690104
        ],
        [
          0.28195272155596446,
          0.14125549040087818,
          0.062297929142821035,
          0.1800671432052382,
          0.15394408409938865,
          0.10742093220896395,
          0.07306169938674557
        ],
        [
          0.10233450701263956,
          0.07603375240598542,
          0.04092212524645318,
          0.30545526702990355,
          0.1648330868698887,
          0.17861086125758843,
          0.13181040017754111
        ],
        [
          0.16377375149798243,
          0.13144527104270673,
          0.1890662620202376,
          0.14518296632670147,
          0.04601442036271072,
          0.17615787877809583,
          0.14835944997156517
        ],
        [
          0.14691896389312656,
          0.1333864070092533,
          0.05556476726563433,
          0.25234520258597337,
          0.09869318079758839,
          0.21982495268317098,
          0.0932665257652531
        ],
        [
          0.0977922654275117,
          0.24418738286338182,
          0.15611407947474515,
          0.21669141818058607,
          0.0964053980666688,
          0.14716873300171807,
          0.041640722985388366
        ],
        [
          0.326525567119776,
          0.08870723010635782,
          0.18851598954386298,
          0.04528322187894029,
          0.04327446059492726,
          0.11627631298223022,
          0.19141721777390538
        ],
        [
          0.14127065293913177,
          0.120413250585471,
          0.22978007781580545,
          0.24539931696010597,
          0.06309660451475291,
          0.08344209775540323,
          0.11659799942932958
        ],
        [
          0.289647239999544,
          0.062457137867753566,
          0.28658870851529017,
          0.11610642148956041,
          0.01193665668888472,
          0.19869032866128414,
          0.03457350677768309
        ]
      ],
      "timestamps": [
        25,
        26,
        27,
        28,
        29,
        30,
        31,
        32,
        33,
        34,
        35,
        36,
        37,
        38,
        39,
        40,
        41,
        42,
        43,
        44,
        45,
        46,
        47,
        48,
        49,
        50,
        51,
        52,
        53,
        54,
        55,
        56,
        57,
        58,
        59,
        60,
        61,
        62,
        63,
        64,
        65,
        66,
        67,
        68,
        69,
        70,
        71,
        72,
        73,
        74,
        75,
        76
      ],
      "distance": 92.7
    },
    {
      "trip_id": 2,
      "transport_method": "bicycle",
      "start_time": 77,
      "path": [
        [
          1.5241413000000006,
          42.5072446
        ],
        [
          1.5239238296202702,
          42.50766119505139
        ],
        [
          1.5234223442112567,
          42.5077928756685
        ],
        [
          1.5228857786489696,
          42.50768386934087
        ],
        [
          1.5224840147343164,
          42.50740078130136
        ],
        [
          1.5221823950195326,
          42.506976331189584
        ],
        [
          1.5218033032730969,
          42.50658117930932
        ],
        [
          1.521944146635269,
          42.50630332721604
        ],
        [
          1.5224768159892819,
          42.506430287524736
        ],
        [
          1.5230094853432945,
          42.50655724783344
        ],
        [
          1.5235422146550275,
          42.506683955648256
        ],
        [
          1.5240752744218697,
          42.50680926616862
        ],
        [
          1.52373243066977,
          42.50672877241813
        ],
        [
          1.5240604642385904,
          42.50680578899515
        ],
        [
          1.5244996925456242,
          42.50661891040535
        ],
        [
          1.5247718399756078,
          42.50682528021374
        ],
        [
          1.5251461118135146,
          42.50684544701786
        ],
        [
          1.5252165041332248,
          42.50664140469573
        ],
        [
          1.5252532767606735,
          42.50693111134139
        ],
        [
          1.5254976420895396,
          42.50677665762803
        ],
        [
          1.5253985809535862,
          42.50701410928075
        ],
        [
          1.5259437877166206,
          42.50706514991389
        ],
        [
          1.5262127000000003,
          42.5067624
        ]
      ],
      "emotions": [
        "purple",
        "purple",
        "purple",
        "purple",
        "purple",
        "purple",
        "purple",
        "purple",
        "green",
        "green",
        "green",
        "green",
        "green",
        "green",
        "green",
        "green",
        "green",
        "green",
        "green",
        "green",
        "green",
        "green",
        "green"
      ],
      "mood_vectors": [
        [
          0.03999993215632106,
          0.14424798665085103,
          0.09604175552333011,
          0.03989940801347443,
          0.2593107907415186,
          0.14499856602338412,
          0.2755015608911206
        ],
        [
          0.12087702568890166,
          0.2182005929522082,
          0.17169195241639035,
          0.02339409189859758,
          0.14330092791269308,
          0.17316168206414614,
          0.14937372706706287
        ],
        [
          0.20542350227188622,
          0.15668325673054986,
          0.141573820096878,
          0.19817412730007994,
          0.1888285524469959,
          0.049420009584670035,
          0.05989673156894003
        ],
        [
          0.14264148740644259,
          0.16534394395636853,
          0.011994528107262984,
          0.11668598193408063,
          0.27865752170761954,
          0.20303559452356407,
          0.08164094236466168
        ],
        [
          0.07023401627956413,
          0.16952877877576836,
          0.26816313350480525,
          0.28601088489492493,
          0.04507610298364169,
          0.09901384789544444,
          0.06197323566585126
        ],
        [
          0.26088288460917775,
          0.1447793311773951,
          0.034251020723149256,
          0.0987688896820937,
          0.30315191870696095,
          0.12178229312318148,
          0.03638366197804173
        ],
        [
          0.18927203532418846,
          0.13319991410188414,
          0.14928159204904226,
          0.14819908646558538,
          0.09484113805657528,
          0.11152261390118565,
          0.1736836201015388
        ],
        [
          0.18732876603755633,
          0.18403007720235212,
          0.10987590646665761,
          0.019507922937704564,
          0.16297204817932878,
          0.12390059772800802,
          0.2123846814483926
        ],
        [
          0.17879003248339928,
          0.09862383667876573,
          0.1611053125900417,
          0.1639807325873181,
          0.18020988805257954,
          0.033641107901566165,
          0.1836490897063295
        ],
        [
          0.22493223872892104,
          0.0941567210736484,
          0.15952462762111927,
          0.0654762475866641,
          0.07332571152084896,
          0.17513654233477094,
          0.20744791113402722
        ],
        [
          0.021192360706195564,
          0.0307002613074343,
          0.27677608718819946,
          0.26455473318044187,
          0.08214469903489552,
          0.1834263425989323,
          0.141205515983901
        ],
        [
          0.05065597500229755,
          0.008062568411157024,
          0.10251912814335219,
          0.1546475623416378,
          0.22268335530763328,
          0.20280166956211634,
          0.2586297412318058
        ],
        [
          0.1905436743031751,
          0.06646765188470656,
          0.10182307896919841,
          0.263089123054982,
          0.06869754176557161,
          0.1063187231239466,
          0.2030602068984197
        ],
        [
          0.32223534833365153,
          0.04883014296610295,
          0.12639142506270695,
          0.26941461352874674,
          0.05768747709873636,
          0.14744333906695611,
          0.027997653943099398
        ],
        [
          0.13786451599485816,
          0.11017592102129643,
          0.15238269784100925,
          0.16438895451614832,
          0.1543394050826536,
          0.07906546613327801,
          0.20178303941075626
        ],
        [
          0.22213361064508444,
          0.13117964442158664,
          0.17405193297814495,
          0.12047456860284306,
          0.09918363041099507,
          0.09078046647262765,
          0.1621961464687182
        ],
        [
          0.23204096317701517,
          0.15176538776725174,
          0.016297882421609948,
          0.0890077983284242,
          0.08734060552082884,
          0.15364774879850154,
          0.2698996139863686
        ],
        [
          0.15865882893638317,
          0.07730875801542135,
          0.08708675168920464,
          0.22310783087696984,
          0.24462949322076652,
          0.016482701419997733,
          0.19272563584125674
        ],
        [
          0.21704088736374896,
          0.19693871516141193,
          0.19698963510796838,
          0.12076115084292445,
          0.006867705844730883,
          0.12880723800464006,
          0.13259466767457526
        ],
        [
          0.23348835636265872,
          0.1883272324702789,
          0.03278795156043411,
          0.07203113039835855,
          0.23818193967707982,
          0.07242722902139784,
          0.16275616050979205
        ],
        [
          0.07327373959494123,
          0.24962301109756385,
          0.12187860620578754,
          0.1088066204524289,
          0.19535218089397133,
          0.045151173662434825,
          0.20591466809287237
        ],
        [
          0.2115921499255804,
          0.06354857773501606,
          0.16678132339356969,
          0.21422309372251952,
          0.04293890090395253,
          0.09128681195565944,
          0.2096291423637024
        ],
        [
          0.1992351726936109,
          0.19246960590413695,
          0.11755076798337963,
          0.31473750431778225,
          0.02357592722307888,
          0.0016968105743610266,
          0.15073421130365033
        ]
      ],
      "timestamps": [
        77,
        78,
        79,
        80,
        81,
        82,
        83,
        84,
        85,
        86,
        87,
        88,
        89,
        90,
        91,
        92,
        93,
        94,
        95,
        96,
        97,
        98,
        99
      ],
      "distance": 362.9
    }
  ],
  "conversation": [
    "I should really touch grass more often.",
    "I always forget how green this neighborhood is.",
    "The old town feels like its own little city."
  ],
  "conversation_timestamps": [
    20,
    58,
    91
  ]
}
