{"agent_id": "agent-orange-728", "type": "orange", "trips": [{"trip_id": 0, "transport_method": "foot", "start_time": 0, "path": [[1.5354891, 42.5121322], [1.5358569, 42.5126719], [1.5351809, 42.5121096], [1.5344577, 42.5115174], [1.5337635, 42.5109601], [1.5330246, 42.5104046], [1.5322687, 42.5098587], [1.531385, 42.5095975], [1.5305076, 42.509357], [1.5296199, 42.5090649], [1.5288643, 42.5087646], [1.5281175, 42.5082264], [1.5275666, 42.5075476], [1.5267663, 42.5072281], [1.5258361, 42.5071529], [1.5249322, 42.5069512], [1.5240284, 42.5068445], [1.5231199, 42.5066272], [1.5222164, 42.5063936], [1.5213306, 42.5060964], [1.5211015, 42.5060079], [1.5215149, 42.5061731], [1.5206284, 42.5058767], [1.5197231, 42.5056459], [1.5188062, 42.505471], [1.5181911, 42.5053931], [1.5176908, 42.505377], [1.5171659, 42.5053781], [1.5172076, 42.5052968], [1.5163145, 42.5050507], [1.5155616, 42.5045139], [1.5148662, 42.5038892], [1.5141708, 42.5032646], [1.5135186, 42.5025989], [1.5129592, 42.5018516], [1.5124325, 42.5010839], [1.511871, 42.5003365], [1.5112968, 42.499599], [1.5107164, 42.4988663], [1.5100706, 42.4982006], [1.5092375, 42.497777], [1.5083951, 42.4973719], [1.5075378, 42.4970015], [1.5066588, 42.4966836], [1.5057755, 42.496378], [1.5048935, 42.4960705], [1.5040718, 42.4956251], [1.5031854, 42.4953316], [1.5023383, 42.4949376], [1.5014923, 42.4945403], [1.500646, 42.4941434], [1.5000712, 42.4934481], [1.499324, 42.4928884], [1.4985006, 42.4924471], [1.4976802, 42.4919992], [1.4968952, 42.4914922], [1.4962998, 42.4908355], [1.496168, 42.4899221], [1.4955675, 42.4892067], [1.4949623, 42.4884944], [1.4946554, 42.4876426], [1.4946737, 42.4867258], [1.494153, 42.4859667], [1.493419, 42.48539], [1.4926486, 42.4848826], [1.4917509, 42.4847249], [1.4910214, 42.4842264], [1.4905811, 42.4834084], [1.4901559, 42.4825844], [1.4896809, 42.4817798], [1.4894717, 42.4808776], [1.4893653, 42.479949], [1.4895832, 42.4790481], [1.4900819, 42.4782575], [1.4905158, 42.4774305], [1.4906129, 42.476552], [1.4905064, 42.4764727], [1.4895794, 42.4763526], [1.4887255, 42.4760327], [1.4889266, 42.4767802]], "mood_vectors": [[0.0321, 0.068, 0.0673, 0.0531, 0.6895, 0.047, 0.043], [0.0286, 0.0594, 0.0379, 0.1013, 0.6532, 0.07, 0.0497], [0.0497, 0.0644, 0.0286, 0.0747, 0.6874, 0.0547, 0.0404], [0.0141, 0.0876, 0.0468, 0.0884, 0.6907, 0.0375, 0.0349], [0.0593, 0.0152, 0.0507, 0.0342, 0.7595, 0.0435, 0.0376], [0.0591, 0.0466, 0.0475, 0.0265, 0.6874, 0.0722, 0.0607], [0.0548, 0.0599, 0.0439, 0.0538, 0.7121, 0.0613, 0.0143], [0.0696, 0.0293, 0.076, 0.0648, 0.6627, 0.067, 0.0305], [0.0296, 0.0703, 0.0105, 0.0685, 0.7135, 0.0359, 0.0717], [0.0829, 0.0245, 0.0752, 0.0517, 0.7025, 0.0293, 0.034], [0.0886, 0.0179, 0.062, 0.0258, 0.6964, 0.0644, 0.0448], [0.0594, 0.0834, 0.0397, 0.0682, 0.5924, 0.0773, 0.0796], [0.0149, 0.0591, 0.0541, 0.0811, 0.6562, 0.0817, 0.0529], [0.0429, 0.0357, 0.0867, 0.0367, 0.7497, 0.0205, 0.0278], [0.0376, 0.0554, 0.0705, 0.0751, 0.6374, 0.0786, 0.0453], [0.0393, 0.0703, 0.0531, 0.054, 0.7125, 0.0462, 0.0248], [0.0467, 0.0335, 0.0623, 0.0162, 0.8003, 0.0268, 0.0142], [0.0469, 0.0691, 0.0506, 0.0767, 0.6631, 0.0679, 0.0257], [0.0773, 0.0637, 0.0746, 0.0609, 0.6624, 0.0285, 0.0326], [0.0323, 0.0297, 0.0745, 0.0471, 0.733, 0.066, 0.0174], [0.1032, 0.0294, 0.0792, 0.0269, 0.6975, 0.0149, 0.049], [0.0747, 0.0438, 0.0293, 0.055, 0.7226, 0.0325, 0.0421], [0.0714, 0.0553, 0.014, 0.0804, 0.6787, 0.0567, 0.0434], [0.0648, 0.0301, 0.0766, 0.0305, 0.6966, 0.07, 0.0314], [0.0407, 0.0875, 0.0351, 0.0317, 0.7198, 0.0351, 0.0501], [0.0602, 0.0297, 0.0247, 0.0739, 0.6757, 0.0751, 0.0608], [0.0353, 0.0502, 0.0906, 0.0822, 0.642, 0.0594, 0.0402], [0.0836, 0.0407, 0.0242, 0.0476, 0.7615, 0.0178, 0.0247], [0.048, 0.0649, 0.0564, 0.067, 0.6499, 0.0713, 0.0425], [0.0293, 0.0477, 0.057, 0.0235, 0.7274, 0.0616, 0.0535], [0.029, 0.0252, 0.0853, 0.0321, 0.7687, 0.0348, 0.0249], [0.0172, 0.0573, 0.0327, 0.0922, 0.6529, 0.077, 0.0706], [0.0147, 0.0154, 0.0427, 0.0743, 0.7129, 0.0614, 0.0786], [0.0673, 0.0644, 0.0441, 0.0373, 0.7147, 0.0478, 0.0244], [0.0198, 0.0276, 0.0542, 0.0819, 0.6873, 0.0994, 0.0298], [0.0519, 0.0305, 0.0199, 0.0383, 0.7436, 0.0422, 0.0735], [0.0343, 0.0368, 0.0769, 0.0548, 0.7288, 0.0179, 0.0506], [0.0786, 0.0787, 0.0871, 0.026, 0.6433, 0.0226, 0.0637], [0.0867, 0.0353, 0.0466, 0.0548, 0.6896, 0.0405, 0.0464], [0.049, 0.0282, 0.0639, 0.0589, 0.6705, 0.0649, 0.0646], [0.0665, 0.0853, 0.0726, 0.0688, 0.5617, 0.0668, 0.0783], [0.0604, 0.0671, 0.0319, 0.0293, 0.7012, 0.0239, 0.0863], [0.0602, 0.0545, 0.0887, 0.0395, 0.6503, 0.0279, 0.0789], [0.0574, 0.0203, 0.0786, 0.0437, 0.7136, 0.0229, 0.0634], [0.0304, 0.0454, 0.0145, 0.0218, 0.7993, 0.042, 0.0467], [0.0655, 0.0684, 0.0462, 0.0605, 0.6817, 0.0636, 0.0142], [0.0678, 0.013, 0.0204, 0.019, 0.7838, 0.0557, 0.0403], [0.0293, 0.0238, 0.0436, 0.0846, 0.7096, 0.0422, 0.067], [0.0547, 0.0731, 0.0139, 0.068, 0.7073, 0.0625, 0.0205], [0.0796, 0.0628, 0.0793, 0.0369, 0.6633, 0.0179, 0.0602], [0.0214, 0.043, 0.0196, 0.0652, 0.7399, 0.0657, 0.0452], [0.0531, 0.0855, 0.0826, 0.0636, 0.6556, 0.0419, 0.0177], [0.0759, 0.0567, 0.0626, 0.0538, 0.7159, 0.0207, 0.0144], [0.0429, 0.0374, 0.073, 0.0527, 0.7172, 0.0191, 0.0577], [0.0603, 0.0482, 0.0729, 0.0795, 0.6327, 0.0543, 0.0521], [0.0883, 0.0797, 0.038, 0.0721, 0.6704, 0.0199, 0.0317], [0.0182, 0.0483, 0.0592, 0.0822, 0.6791, 0.036, 0.077], [0.0727, 0.0833, 0.0408, 0.0433, 0.6142, 0.0577, 0.0879], [0.0783, 0.0387, 0.0651, 0.0177, 0.6783, 0.0535, 0.0685], [0.017, 0.0386, 0.0535, 0.028, 0.7586, 0.0756, 0.0287], [0.0307, 0.0847, 0.0861, 0.0763, 0.6129, 0.0408, 0.0685], [0.0701, 0.0304, 0.0677, 0.0436, 0.6982, 0.0197, 0.0703], [0.037, 0.0839, 0.0331, 0.0782, 0.629, 0.076, 0.0629], [0.0161, 0.0349, 0.0297, 0.0934, 0.6665, 0.0907, 0.0687], [0.023, 0.0308, 0.0447, 0.0128, 0.7471, 0.0551, 0.0863], [0.0747, 0.0852, 0.0567, 0.0394, 0.6487, 0.032, 0.0632], [0.0218, 0.0584, 0.0167, 0.0659, 0.7487, 0.0576, 0.0309], [0.0202, 0.0422, 0.0713, 0.0691, 0.7026, 0.0319, 0.0628], [0.0382, 0.0122, 0.0673, 0.0726, 0.7298, 0.0232, 0.0567], [0.0296, 0.0235, 0.0622, 0.0771, 0.7162, 0.0184, 0.073], [0.0319, 0.0361, 0.0686, 0.0291, 0.766, 0.0453, 0.0229], [0.0727, 0.0172, 0.031, 0.0906, 0.7212, 0.0337, 0.0336], [0.0454, 0.0148, 0.0751, 0.05, 0.7202, 0.0668, 0.0277], [0.0171, 0.0549, 0.022, 0.0744, 0.7474, 0.04, 0.0443], [0.042, 0.0659, 0.0349, 0.0434, 0.6885, 0.0589, 0.0664], [0.0503, 0.064, 0.0328, 0.0798, 0.712, 0.0376, 0.0235], [0.0459, 0.0257, 0.0333, 0.0332, 0.7581, 0.0344, 0.0694], [0.0775, 0.0584, 0.0421, 0.0746, 0.6491, 0.0811, 0.0173], [0.0712, 0.0443, 0.0627, 0.0226, 0.7132, 0.0635, 0.0224], [0.0334, 0.0186, 0.0648, 0.0593, 0.6742, 0.0747, 0.075]], "emotions": ["red", "red", "red", "red", "red", "red", "red", "red", "red", "red", "red", "red", "red", "red", "red", "red", "red", "red", "red", "red", "red", "red", "red", "red", "red", "red", "red", "red", "red", "red", "red", "red", "red", "red", "red", "red", "red", "red", "red", "red", "red", "red", "red", "red", "red", "red", "red", "red", "red", "red", "red", "red", "red", "red", "red", "red", "red", "red", "red", "red", "red", "red", "red", "red", "red", "red", "red", "red", "red", "red", "red", "red", "red", "red", "red", "red", "red", "red", "red", "red"], "timestamps": [0, 40, 80, 120, 160, 200, 240, 280, 320, 360, 400, 440, 480, 520, 560, 600, 640, 680, 720, 760, 800, 840, 880, 920, 960, 1000, 1040, 1080, 1120, 1160, 1200, 1240, 1280, 1320, 1360, 1400, 1440, 1480, 1520, 1560, 1600, 1640, 1680, 1720, 1760, 1800, 1840, 1880, 1920, 1960, 2000, 2040, 2080, 2120, 2160, 2200, 2240, 2280, 2320, 2360, 2400, 2440, 2480, 2520, 2560, 2600, 2640, 2680, 2720, 2760, 2800, 2840, 2880, 2920, 2960, 3000, 3040, 3080, 3120, 3160]}], "conversation": [], "conversation_timestamps": []}