{"agent_id": "agent-purple-1609", "type": "purple", "trips": [{"trip_id": 0, "transport_method": "car", "start_time": 0, "path": [[1.521785, 42.5073472], [1.5219652, 42.507509], [1.5222111, 42.507551], [1.5224555, 42.5075224], [1.5226785, 42.5076038], [1.5229102, 42.5076872], [1.5231514, 42.5077505], [1.523393, 42.5078105], [1.5236418, 42.5077932], [1.5238907, 42.5077762], [1.52414, 42.5077729], [1.5243876, 42.5077989], [1.5246325, 42.5078463], [1.5248722, 42.5079154], [1.5251118, 42.5079845], [1.5253515, 42.5080536], [1.5255891, 42.5081284], [1.525824, 42.5082069], [1.52607, 42.5082462], [1.5263139, 42.5082976], [1.5265603, 42.5083357], [1.526809, 42.5083537], [1.5270583, 42.5083595], [1.5273077, 42.508362], [1.5275541, 42.508392], [1.5277853, 42.5084848], [1.5280147, 42.5085829], [1.5282426, 42.5086839], [1.5284672, 42.5087919], [1.52871, 42.5088493], [1.5289534, 42.5089034], [1.5291825, 42.5089471], [1.5289521, 42.5088867], [1.5289709, 42.5089124], [1.5292131, 42.508972], [1.5294553, 42.5090317], [1.5296975, 42.5090914], [1.5299369, 42.5091607], [1.5301726, 42.5092425], [1.5304083, 42.5093239], [1.5306445, 42.5093531], [1.5308796, 42.5094059], [1.5311133, 42.509493], [1.5313461, 42.5095826], [1.5315791, 42.5096717], [1.5318144, 42.5097541], [1.5320505, 42.5098344], [1.5322884, 42.5098673], [1.5325205, 42.5099514], [1.5327689, 42.5099734], [1.5330174, 42.5099937], [1.5332657, 42.510018], [1.5335017, 42.5099546], [1.5336944, 42.5098827], [1.5339425, 42.5099079], [1.5341899, 42.5099258], [1.534439, 42.5099166], [1.5346882, 42.5099163], [1.5349374, 42.5099057], [1.5351866, 42.5098951], [1.5354351, 42.5099095], [1.5356842, 42.5099238], [1.5359332, 42.509938], [1.5361822, 42.5099522], [1.536428, 42.5099853], [1.5366691, 42.5100437], [1.5369184, 42.5100357], [1.5371677, 42.5100276], [1.537417, 42.5100271], [1.5376662, 42.5100367], [1.5379155, 42.5100427], [1.5381649, 42.5100494], [1.5384142, 42.5100562], [1.5386635, 42.5100629], [1.5388883, 42.5101504], [1.5390992, 42.5102836], [1.5391059, 42.5105323], [1.5392275, 42.5106119], [1.5394638, 42.5105386], [1.5397131, 42.5105467]], "mood_vectors": [[0.0659, 0.0413, 0.0638, 0.0152, 0.0382, 0.704, 0.0717], [0.0866, 0.0383, 0.057, 0.0833, 0.0182, 0.6467, 0.07], [0.0339, 0.0224, 0.0743, 0.0558, 0.0579, 0.7336, 0.022], [0.068, 0.0251, 0.0528, 0.0517, 0.0142, 0.7161, 0.0721], [0.0741, 0.0891, 0.0716, 0.0739, 0.0469, 0.6259, 0.0185], [0.0141, 0.0257, 0.0505, 0.0632, 0.0491, 0.7302, 0.0672], [0.0251, 0.0312, 0.0711, 0.0286, 0.0798, 0.6979, 0.0663], [0.0735, 0.0345, 0.0887, 0.0209, 0.0187, 0.7278, 0.0359], [0.0311, 0.0847, 0.0373, 0.0675, 0.0895, 0.6396, 0.0503], [0.0682, 0.0332, 0.0959, 0.0679, 0.0431, 0.6526, 0.0391], [0.0541, 0.0584, 0.0283, 0.0655, 0.0734, 0.6912, 0.0292], [0.0749, 0.0744, 0.0523, 0.0787, 0.0641, 0.5837, 0.0718], [0.0541, 0.0185, 0.0758, 0.0699, 0.0383, 0.7162, 0.0272], [0.0468, 0.0568, 0.0781, 0.0327, 0.0151, 0.7195, 0.051], [0.054, 0.0375, 0.0686, 0.0504, 0.0561, 0.6567, 0.0767], [0.0286, 0.0476, 0.053, 0.0459, 0.05, 0.753, 0.0219], [0.0755, 0.0615, 0.0446, 0.0136, 0.0305, 0.7019, 0.0725], [0.0419, 0.0239, 0.0437, 0.0532, 0.0427, 0.7438, 0.0508], [0.047, 0.0762, 0.0712, 0.0485, 0.02, 0.6892, 0.048], [0.0775, 0.0742, 0.0563, 0.0591, 0.0516, 0.655, 0.0264], [0.0756, 0.0515, 0.0747, 0.0631, 0.0234, 0.6535, 0.0582], [0.0669, 0.0474, 0.0937, 0.0171, 0.0422, 0.6911, 0.0417], [0.0347, 0.0541, 0.0441, 0.0668, 0.0145, 0.6987, 0.0872], [0.0552, 0.0219, 0.0215, 0.0563, 0.0911, 0.7023, 0.0516], [0.0567, 0.0218, 0.0779, 0.0257, 0.0204, 0.7644, 0.033], [0.0395, 0.0516, 0.0421, 0.0712, 0.0874, 0.6828, 0.0253], [0.0493, 0.0328, 0.0531, 0.0399, 0.0692, 0.6868, 0.0689], [0.0158, 0.0616, 0.0586, 0.0141, 0.0264, 0.7754, 0.0482], [0.0465, 0.0752, 0.077, 0.0613, 0.0674, 0.6434, 0.0292], [0.0644, 0.0576, 0.0742, 0.0758, 0.0264, 0.6785, 0.0231], [0.0778, 0.0346, 0.0331, 0.0885, 0.0567, 0.6386, 0.0707], [0.0161, 0.0355, 0.0539, 0.0348, 0.0358, 0.7778, 0.046], [0.0467, 0.0456, 0.0908, 0.0588, 0.0299, 0.6785, 0.0497], [0.0686, 0.0412, 0.0499, 0.0404, 0.0801, 0.6596, 0.0603], [0.0778, 0.0261, 0.0608, 0.0745, 0.0462, 0.6787, 0.036], [0.0735, 0.0319, 0.0685, 0.0117, 0.0539, 0.7423, 0.0182], [0.0688, 0.0169, 0.0684, 0.0658, 0.0776, 0.6689, 0.0336], [0.0928, 0.0822, 0.0637, 0.0251, 0.0196, 0.6936, 0.023], [0.0667, 0.0392, 0.0273, 0.0783, 0.0252, 0.7298, 0.0336], [0.0857, 0.0191, 0.0508, 0.0572, 0.0301, 0.6664, 0.0907], [0.072, 0.0337, 0.078, 0.0387, 0.0581, 0.6431, 0.0764], [0.0164, 0.022, 0.0277, 0.0455, 0.0526, 0.7576, 0.0783], [0.0622, 0.0715, 0.0149, 0.0466, 0.0414, 0.6771, 0.0862], [0.0769, 0.0297, 0.0642, 0.0579, 0.0341, 0.6679, 0.0692], [0.0539, 0.0364, 0.0676, 0.0638, 0.0543, 0.6875, 0.0364], [0.0209, 0.0237, 0.0233, 0.0162, 0.0728, 0.8001, 0.043], [0.0405, 0.0725, 0.0487, 0.0232, 0.0591, 0.7222, 0.0337], [0.0168, 0.0166, 0.0554, 0.0497, 0.0793, 0.7461, 0.0361], [0.043, 0.0401, 0.0597, 0.0678, 0.0553, 0.6494, 0.0848], [0.0321, 0.0329, 0.0195, 0.0252, 0.0823, 0.7782, 0.0298], [0.0523, 0.0532, 0.0151, 0.1, 0.0376, 0.6762, 0.0656], [0.0686, 0.0762, 0.0757, 0.0326, 0.0603, 0.6291, 0.0575], [0.0226, 0.074, 0.0571, 0.0497, 0.0682, 0.6548, 0.0735], [0.0272, 0.051, 0.0465, 0.0395, 0.0187, 0.7904, 0.0267], [0.0236, 0.0323, 0.0755, 0.0352, 0.0719, 0.7364, 0.0251], [0.0798, 0.0742, 0.0455, 0.0611, 0.0265, 0.6453, 0.0675], [0.08, 0.0954, 0.0524, 0.0166, 0.086, 0.5772, 0.0924], [0.0826, 0.0544, 0.0277, 0.0698, 0.0679, 0.6259, 0.0717], [0.0447, 0.0591, 0.0778, 0.0825, 0.0332, 0.6238, 0.079], [0.0244, 0.0699, 0.0525, 0.0478, 0.0538, 0.7292, 0.0224], [0.0771, 0.0297, 0.069, 0.0594, 0.0397, 0.7101, 0.015], [0.048, 0.0551, 0.0218, 0.0914, 0.0474, 0.6512, 0.085], [0.0557, 0.047, 0.0333, 0.0914, 0.0712, 0.6754, 0.0259], [0.0865, 0.0207, 0.0758, 0.0729, 0.0524, 0.6215, 0.0703], [0.0836, 0.0469, 0.088, 0.066, 0.047, 0.614, 0.0545], [0.0661, 0.044, 0.021, 0.0355, 0.0674, 0.7235, 0.0425], [0.0649, 0.0595, 0.073, 0.0242, 0.0373, 0.7005, 0.0406], [0.0831, 0.0778, 0.0337, 0.0635, 0.0171, 0.6626, 0.0623], [0.0753, 0.0496, 0.0507, 0.0722, 0.036, 0.6414, 0.0746], [0.046, 0.0254, 0.0739, 0.0475, 0.0256, 0.7333, 0.0483], [0.0541, 0.0625, 0.0709, 0.0562, 0.0536, 0.6584, 0.0442], [0.0269, 0.0481, 0.0876, 0.0753, 0.0306, 0.7023, 0.0291], [0.0285, 0.0338, 0.0521, 0.0219, 0.0351, 0.7866, 0.0419], [0.0166, 0.04, 0.0271, 0.0408, 0.0604, 0.7589, 0.0561], [0.0359, 0.0644, 0.0599, 0.063, 0.0126, 0.7239, 0.0402], [0.0735, 0.0475, 0.0203, 0.0543, 0.0544, 0.6868, 0.0633], [0.0809, 0.0412, 0.0303, 0.0592, 0.0795, 0.6687, 0.0403], [0.0563, 0.074, 0.033, 0.0516, 0.0281, 0.7399, 0.0172], [0.0243, 0.0481, 0.0408, 0.0367, 0.0679, 0.7477, 0.0346], [0.037, 0.0718, 0.0192, 0.0234, 0.0612, 0.7618, 0.0257]], "emotions": ["purple", "purple", "purple", "purple", "purple", "purple", "purple", "purple", "purple", "purple", "purple", "purple", "purple", "purple", "purple", "purple", "purple", "purple", "purple", "purple", "purple", "purple", "purple", "purple", "purple", "purple", "purple", "purple", "purple", "purple", "purple", "purple", "purple", "purple", "purple", "purple", "purple", "purple", "purple", "purple", "purple", "purple", "purple", "purple", "purple", "purple", "purple", "purple", "purple", "purple", "purple", "purple", "purple", "purple", "purple", "purple", "purple", "purple", "purple", "purple", "purple", "purple", "purple", "purple", "purple", "purple", "purple", "purple", "purple", "purple", "purple", "purple", "purple", "purple", "purple", "purple", "purple", "purple", "purple", "purple"], "timestamps": [0, 40, 80, 120, 160, 200, 240, 280, 320, 360, 400, 440, 480, 520, 560, 600, 640, 680, 720, 760, 800, 840, 880, 920, 960, 1000, 1040, 1080, 1120, 1160, 1200, 1240, 1280, 1320, 1360, 1400, 1440, 1480, 1520, 1560, 1600, 1640, 1680, 1720, 1760, 1800, 1840, 1880, 1920, 1960, 2000, 2040, 2080, 2120, 2160, 2200, 2240, 2280, 2320, 2360, 2400, 2440, 2480, 2520, 2560, 2600, 2640, 2680, 2720, 2760, 2800, 2840, 2880, 2920, 2960, 3000, 3040, 3080, 3120, 3160]}], "conversation": [], "conversation_timestamps": []}