{"agent_id": "agent-green-237", "type": "green", "trips": [{"trip_id": 0, "transport_method": "foot", "start_time": 0, "path": [[1.4868279, 42.4571593], [1.4874347, 42.4579119], [1.4881632, 42.4586112], [1.4887862, 42.4594136], [1.4893416, 42.4602635], [1.4899282, 42.4610903], [1.4904019, 42.4619644], [1.4904946, 42.4617631], [1.4911213, 42.4625549], [1.4909401, 42.4635248], [1.4909575, 42.4644802], [1.4913615, 42.4653763], [1.4919332, 42.4661264], [1.4918811, 42.4670149], [1.4915729, 42.4678586], [1.4918527, 42.4688332], [1.4920502, 42.4698204], [1.4917937, 42.4707966], [1.4913179, 42.4716946], [1.4908384, 42.4725908], [1.4905103, 42.473544], [1.4907293, 42.4745193], [1.4908432, 42.4755182], [1.4906496, 42.4764743], [1.4904748, 42.4774686], [1.4903156, 42.4784725], [1.4901565, 42.4794763], [1.4899974, 42.4804802], [1.4898383, 42.481484], [1.4895479, 42.4814383], [1.4894218, 42.4804311], [1.4894464, 42.4794278], [1.4899132, 42.4785319], [1.4904171, 42.4776497], [1.4905713, 42.4767053], [1.4905675, 42.4772783], [1.4904873, 42.4782916], [1.490407, 42.4793048], [1.4903267, 42.480318], [1.4902465, 42.4813312], [1.4901662, 42.4823444], [1.4905178, 42.4832634], [1.4910076, 42.4841481], [1.4917529, 42.4847252], [1.4924079, 42.4853895], [1.4927898, 42.4863309], [1.4932252, 42.4872479], [1.4937218, 42.4881347], [1.4942195, 42.4890209], [1.4947139, 42.4899089], [1.4951115, 42.4908275], [1.4958623, 42.4915007], [1.4966233, 42.4921744], [1.4973773, 42.4928458], [1.4981636, 42.493481], [1.4985395, 42.4943475], [1.4987529, 42.4951193], [1.4993484, 42.4957145], [1.5002501, 42.4961833], [1.5010245, 42.4967235], [1.5006633, 42.4973818], [1.5010205, 42.4982181], [1.5016124, 42.4990429], [1.5024004, 42.4994468], [1.5033804, 42.4996428], [1.5038148, 42.500461], [1.5046487, 42.5009251], [1.5052259, 42.5013554], [1.5061333, 42.5017209], [1.5067225, 42.5021846], [1.5073477, 42.5027532], [1.5081612, 42.503233], [1.508924, 42.5038584], [1.5097966, 42.5043453], [1.510653, 42.5047353], [1.511618, 42.5048505], [1.5126053, 42.5050144], [1.5135525, 42.5053697], [1.5140775, 42.5056769], [1.5140693, 42.5053393]], "mood_vectors": [[0.015, 0.0299, 0.0699, 0.0171, 0.0668, 0.0631, 0.7383], [0.0679, 0.0632, 0.0317, 0.0244, 0.0725, 0.0254, 0.7148], [0.0358, 0.0222, 0.0311, 0.0584, 0.0742, 0.0687, 0.7095], [0.0224, 0.0164, 0.0751, 0.0414, 0.0743, 0.0792, 0.6911], [0.0413, 0.0483, 0.0274, 0.0645, 0.0737, 0.0738, 0.6709], [0.0493, 0.0581, 0.0339, 0.0342, 0.0612, 0.065, 0.6982], [0.0527, 0.0559, 0.0758, 0.0853, 0.0823, 0.0709, 0.5771], [0.0884, 0.0144, 0.0204, 0.0387, 0.0858, 0.0752, 0.6771], [0.0764, 0.0302, 0.0265, 0.057, 0.0712, 0.0206, 0.7181], [0.0698, 0.0734, 0.07, 0.0412, 0.0358, 0.0146, 0.6953], [0.0202, 0.0517, 0.0708, 0.0475, 0.0396, 0.0481, 0.7221], [0.0862, 0.0451, 0.0396, 0.062, 0.0213, 0.0377, 0.708], [0.0201, 0.0568, 0.0761, 0.018, 0.0524, 0.05, 0.7267], [0.0637, 0.0682, 0.0683, 0.0567, 0.0203, 0.0652, 0.6577], [0.0165, 0.0776, 0.0825, 0.0402, 0.0611, 0.0156, 0.7065], [0.0614, 0.0697, 0.0606, 0.031, 0.0393, 0.0843, 0.6536], [0.0755, 0.0212, 0.027, 0.0297, 0.0382, 0.0581, 0.7502], [0.1009, 0.0719, 0.0222, 0.0503, 0.0573, 0.0264, 0.6711], [0.0259, 0.067, 0.0351, 0.0139, 0.0852, 0.045, 0.7278], [0.0718, 0.0883, 0.0263, 0.0805, 0.0214, 0.0308, 0.6808], [0.0284, 0.0364, 0.0143, 0.019, 0.0147, 0.0153, 0.8719], [0.0503, 0.0363, 0.0714, 0.0199, 0.0588, 0.0652, 0.6981], [0.0406, 0.0755, 0.0155, 0.0763, 0.0126, 0.0608, 0.7188], [0.0665, 0.0442, 0.0797, 0.0803, 0.0172, 0.0661, 0.646], [0.0633, 0.0133, 0.0213, 0.0417, 0.0776, 0.0212, 0.7617], [0.0666, 0.0817, 0.0357, 0.0645, 0.0778, 0.0696, 0.6042], [0.0552, 0.0551, 0.0566, 0.0271, 0.038, 0.0403, 0.7276], [0.0289, 0.0946, 0.0188, 0.0365, 0.0158, 0.086, 0.7195], [0.0714, 0.0207, 0.0622, 0.0208, 0.0311, 0.013, 0.7808], [0.0538, 0.0541, 0.0614, 0.0148, 0.0403, 0.0339, 0.7418], [0.0262, 0.0344, 0.0709, 0.0688, 0.0256, 0.0959, 0.6782], [0.082, 0.0766, 0.058, 0.0833, 0.0365, 0.051, 0.6127], [0.061, 0.0631, 0.0209, 0.0593, 0.0547, 0.0549, 0.6861], [0.0567, 0.0201, 0.0845, 0.0815, 0.0203, 0.0675, 0.6695], [0.1031, 0.0254, 0.0206, 0.0702, 0.0412, 0.0286, 0.7109], [0.056, 0.0311, 0.0678, 0.0599, 0.0221, 0.0647, 0.6984], [0.0868, 0.0275, 0.0604, 0.0364, 0.0913, 0.0732, 0.6243], [0.0489, 0.0224, 0.0365, 0.0913, 0.0498, 0.0281, 0.7231], [0.0829, 0.0384, 0.0465, 0.0186, 0.0722, 0.0529, 0.6886], [0.0131, 0.051, 0.072, 0.0727, 0.0713, 0.0698, 0.6501], [0.0255, 0.058, 0.045, 0.0135, 0.0632, 0.0657, 0.729], [0.0927, 0.0521, 0.0559, 0.0499, 0.0393, 0.0382, 0.6719], [0.0128, 0.0654, 0.0797, 0.058, 0.073, 0.0759, 0.6351], [0.0133, 0.0136, 0.0858, 0.0373, 0.0132, 0.0416, 0.7952], [0.0308, 0.0546, 0.0423, 0.0576, 0.0469, 0.0545, 0.7132], [0.0685, 0.0618, 0.057, 0.0705, 0.0666, 0.0531, 0.6225], [0.021, 0.0738, 0.0307, 0.1024, 0.0354, 0.0826, 0.6542], [0.0178, 0.0809, 0.0582, 0.0394, 0.0313, 0.0648, 0.7076], [0.0353, 0.0867, 0.0602, 0.0546, 0.0698, 0.0269, 0.6664], [0.0528, 0.049, 0.0392, 0.0726, 0.0638, 0.0368, 0.6859], [0.079, 0.0545, 0.0217, 0.0436, 0.0535, 0.0774, 0.6703], [0.0623, 0.0698, 0.055, 0.0506, 0.061, 0.0389, 0.6623], [0.0721, 0.0736, 0.0674, 0.0257, 0.0233, 0.0746, 0.6632], [0.0749, 0.0757, 0.0264, 0.0368, 0.0465, 0.0728, 0.6669], [0.0559, 0.0417, 0.0333, 0.024, 0.0526, 0.0909, 0.7016], [0.0462, 0.023, 0.0188, 0.0482, 0.0343, 0.0385, 0.791], [0.0752, 0.014, 0.046, 0.0377, 0.0577, 0.04, 0.7294], [0.0624, 0.0293, 0.0668, 0.0556, 0.0271, 0.0409, 0.718], [0.0205, 0.0668, 0.0788, 0.0574, 0.076, 0.0474, 0.6532], [0.0386, 0.0142, 0.0683, 0.0626, 0.0422, 0.0586, 0.7154], [0.0264, 0.0674, 0.0438, 0.0182, 0.0752, 0.0394, 0.7296], [0.0712, 0.0725, 0.0689, 0.0205, 0.0454, 0.0253, 0.6962], [0.0532, 0.0746, 0.0694, 0.0551, 0.0638, 0.0259, 0.658], [0.0945, 0.021, 0.0725, 0.058, 0.041, 0.0233, 0.6898], [0.0261, 0.0555, 0.0348, 0.0283, 0.0588, 0.0667, 0.7298], [0.0235, 0.0452, 0.0628, 0.0714, 0.0559, 0.0156, 0.7257], [0.0252, 0.0548, 0.0643, 0.0594, 0.0301, 0.0518, 0.7143], [0.0557, 0.0451, 0.0336, 0.0466, 0.073, 0.0619, 0.6841], [0.0605, 0.0539, 0.0325, 0.069, 0.018, 0.0294, 0.7367], [0.031, 0.0417, 0.0912, 0.0765, 0.051, 0.0545, 0.6541], [0.0672, 0.086, 0.0313, 0.0841, 0.0203, 0.0545, 0.6567], [0.0908, 0.0243, 0.0899, 0.073, 0.0151, 0.0545, 0.6524], [0.0884, 0.0584, 0.0413, 0.0369, 0.0612, 0.0446, 0.6692], [0.0694, 0.0388, 0.0278, 0.0277, 0.0541, 0.057, 0.7251], [0.0699, 0.0315, 0.0243, 0.0755, 0.0554, 0.0737, 0.6697], [0.0689, 0.02, 0.022, 0.0841, 0.0601, 0.0342, 0.7106], [0.0314, 0.085, 0.0418, 0.0481, 0.0763, 0.0869, 0.6306], [0.0841, 0.0735, 0.055, 0.0167, 0.0531, 0.0503, 0.6672], [0.0139, 0.0316, 0.021, 0.023, 0.0186, 0.0542, 0.8377], [0.0706, 0.0653, 0.057, 0.0481, 0.0292, 0.0492, 0.6806]], "emotions": ["purple", "purple", "purple", "purple", "purple", "purple", "purple", "purple", "purple", "purple", "purple", "purple", "purple", "purple", "purple", "purple", "purple", "purple", "purple", "purple", "purple", "purple", "purple", "purple", "purple", "purple", "purple", "purple", "purple", "purple", "purple", "purple", "purple", "purple", "purple", "purple", "purple", "purple", "purple", "purple", "purple", "purple", "purple", "purple", "purple", "purple", "purple", "purple", "purple", "purple", "purple", "purple", "purple", "purple", "purple", "purple", "purple", "purple", "purple", "purple", "purple", "purple", "purple", "purple", "purple", "purple", "purple", "purple", "purple", "purple", "purple", "purple", "purple", "purple", "purple", "purple", "purple", "purple", "purple", "purple"], "timestamps": [0, 40, 80, 120, 160, 200, 240, 280, 320, 360, 400, 440, 480, 520, 560, 600, 640, 680, 720, 760, 800, 840, 880, 920, 960, 1000, 1040, 1080, 1120, 1160, 1200, 1240, 1280, 1320, 1360, 1400, 1440, 1480, 1520, 1560, 1600, 1640, 1680, 1720, 1760, 1800, 1840, 1880, 1920, 1960, 2000, 2040, 2080, 2120, 2160, 2200, 2240, 2280, 2320, 2360, 2400, 2440, 2480, 2520, 2560, 2600, 2640, 2680, 2720, 2760, 2800, 2840, 2880, 2920, 2960, 3000, 3040, 3080, 3120, 3160]}], "conversation": [], "conversation_timestamps": []}