{"agent_id": "agent-orange-543", "type": "orange", "trips": [{"trip_id": 0, "transport_method": "foot", "start_time": 0, "path": [[1.5104043, 42.5046403], [1.5118573, 42.5048493], [1.5133066, 42.5052699], [1.5138676, 42.5055582], [1.5150499, 42.5063187], [1.51656, 42.5064864], [1.5180706, 42.5066804], [1.5193672, 42.5071759], [1.520802, 42.5074993], [1.5222085, 42.5077097], [1.5237103, 42.5077885], [1.5252072, 42.508012], [1.5266896, 42.5083484], [1.5281623, 42.508646], [1.5289144, 42.5088984], [1.5303821, 42.5093152], [1.5318172, 42.5097552], [1.5332991, 42.5100212], [1.5347524, 42.5099136], [1.5362769, 42.5099576], [1.5377916, 42.5100397], [1.5392249, 42.5101925], [1.5405641, 42.5095122], [1.5418979, 42.5088974], [1.5426544, 42.5089166], [1.5441265, 42.5092709], [1.5456276, 42.5094631], [1.5454922, 42.5094142], [1.5462919, 42.5102255], [1.5472472, 42.5112063], [1.5487296, 42.5115727], [1.5496608, 42.5118325], [1.5501048, 42.5120167], [1.5513604, 42.5128606], [1.5511918, 42.5126993], [1.5524533, 42.5135447], [1.5527167, 42.514282], [1.5532693, 42.5156428], [1.5538661, 42.5170347], [1.5550468, 42.5179625], [1.5562741, 42.5187248], [1.5572144, 42.5198663], [1.5582974, 42.5209425], [1.5594806, 42.521901], [1.5597338, 42.5221299], [1.561028, 42.5229227], [1.5621588, 42.5239353], [1.5633921, 42.5247682], [1.5648038, 42.5252556], [1.5662086, 42.5258462], [1.5674246, 42.526768], [1.5687553, 42.5275048], [1.570021, 42.5283428], [1.5712275, 42.5292651], [1.5726307, 42.5294015], [1.5735073, 42.5303192], [1.5747128, 42.5312176], [1.5761901, 42.5315878], [1.5777064, 42.5317584], [1.5782454, 42.5317958], [1.5780304, 42.531745], [1.5795576, 42.5317491], [1.5810844, 42.5317244], [1.5826092, 42.5317207], [1.5839745, 42.5323644], [1.5850971, 42.5333991], [1.5863662, 42.5342158], [1.5877102, 42.5349361], [1.5888214, 42.5354687], [1.5902527, 42.5355966], [1.5916647, 42.5359649], [1.5931654, 42.536157], [1.5946642, 42.5363877], [1.5958964, 42.5365899], [1.597116, 42.5362456], [1.5986145, 42.5365276], [1.600128, 42.5367285], [1.6000778, 42.5361427], [1.5994027, 42.5350909], [1.5982573, 42.5343047]], "mood_vectors": [[0.0478, 0.0754, 0.0557, 0.0234, 0.7271, 0.0267, 0.0439], [0.053, 0.0818, 0.0175, 0.0744, 0.6915, 0.0159, 0.0659], [0.0866, 0.0227, 0.0932, 0.0801, 0.6323, 0.0201, 0.0649], [0.0177, 0.0183, 0.0485, 0.0805, 0.7923, 0.0207, 0.0221], [0.0375, 0.0217, 0.0746, 0.0568, 0.7395, 0.0258, 0.044], [0.0622, 0.0604, 0.0494, 0.0905, 0.6671, 0.0474, 0.023], [0.0348, 0.0559, 0.0771, 0.083, 0.6414, 0.0375, 0.0703], [0.0283, 0.0167, 0.0512, 0.0543, 0.752, 0.0742, 0.0232], [0.0412, 0.0395, 0.0149, 0.0155, 0.8221, 0.0409, 0.026], [0.0449, 0.0305, 0.0704, 0.024, 0.7102, 0.0573, 0.0627], [0.0738, 0.046, 0.062, 0.039, 0.7145, 0.0455, 0.0193], [0.0499, 0.0243, 0.0252, 0.0795, 0.7032, 0.0403, 0.0775], [0.0667, 0.0288, 0.0497, 0.0579, 0.6747, 0.0449, 0.0772], [0.0689, 0.0358, 0.0323, 0.0388, 0.7196, 0.0838, 0.0208], [0.033, 0.0494, 0.0238, 0.059, 0.6633, 0.0805, 0.0911], [0.0744, 0.044, 0.0536, 0.07, 0.6533, 0.0281, 0.0765], [0.0296, 0.0429, 0.0155, 0.069, 0.7349, 0.0859, 0.0221], [0.0741, 0.0323, 0.0693, 0.0474, 0.6677, 0.0341, 0.0752], [0.0495, 0.0517, 0.0686, 0.033, 0.6809, 0.0566, 0.0596], [0.0138, 0.0833, 0.0553, 0.0245, 0.7756, 0.0145, 0.033], [0.0743, 0.0394, 0.0247, 0.0865, 0.6572, 0.0322, 0.0857], [0.0531, 0.0637, 0.052, 0.052, 0.6738, 0.0685, 0.0368], [0.0528, 0.088, 0.0279, 0.0793, 0.6569, 0.042, 0.0532], [0.0601, 0.0212, 0.0231, 0.0779, 0.6784, 0.0647, 0.0746], [0.0556, 0.017, 0.0711, 0.0781, 0.7105, 0.0383, 0.0295], [0.0266, 0.0568, 0.0513, 0.0255, 0.7592, 0.0433, 0.0373], [0.0655, 0.0496, 0.0321, 0.0536, 0.7137, 0.0412, 0.0443], [0.0921, 0.0316, 0.0292, 0.0658, 0.7038, 0.0623, 0.0151], [0.0463, 0.0625, 0.0334, 0.0386, 0.7319, 0.0277, 0.0596], [0.03, 0.0708, 0.0423, 0.0597, 0.6951, 0.0681, 0.034], [0.0469, 0.057, 0.022, 0.0216, 0.7763, 0.0265, 0.0499], [0.0564, 0.086, 0.0829, 0.0831, 0.6269, 0.0495, 0.0153], [0.0747, 0.0478, 0.0462, 0.0696, 0.6942, 0.0379, 0.0297], [0.017, 0.0641, 0.0382, 0.0647, 0.769, 0.0141, 0.0329], [0.041, 0.0761, 0.0278, 0.0455, 0.6228, 0.0933, 0.0934], [0.0528, 0.0705, 0.0381, 0.0729, 0.6871, 0.0593, 0.0194], [0.0366, 0.0668, 0.0224, 0.0435, 0.7059, 0.0696, 0.0552], [0.0433, 0.0259, 0.0331, 0.0359, 0.7651, 0.0519, 0.0447], [0.0701, 0.0778, 0.0547, 0.0203, 0.6856, 0.031, 0.0604], [0.0352, 0.0685, 0.0193, 0.0545, 0.7032, 0.0456, 0.0737], [0.0584, 0.0808, 0.0904, 0.052, 0.6432, 0.0561, 0.0191], [0.0299, 0.0784, 0.0533, 0.0616, 0.6845, 0.0783, 0.014], [0.0144, 0.019, 0.0643, 0.0749, 0.7411, 0.0592, 0.0272], [0.0508, 0.0672, 0.0359, 0.0408, 0.654, 0.0692, 0.0822], [0.0786, 0.0823, 0.0825, 0.0325, 0.5652, 0.0756, 0.0833], [0.019, 0.0765, 0.0683, 0.0405, 0.6664, 0.079, 0.0503], [0.0581, 0.0556, 0.0728, 0.0472, 0.6844, 0.0347, 0.0473], [0.0196, 0.0723, 0.0139, 0.0758, 0.7283, 0.0472, 0.0428], [0.0493, 0.0456, 0.0774, 0.0346, 0.6863, 0.0485, 0.0583], [0.0665, 0.0466, 0.0757, 0.0114, 0.7226, 0.0253, 0.0519], [0.0775, 0.0719, 0.0537, 0.0328, 0.6318, 0.0626, 0.0698], [0.0653, 0.0148, 0.0438, 0.0779, 0.7473, 0.0291, 0.0217], [0.0484, 0.0741, 0.0216, 0.0648, 0.6892, 0.0555, 0.0464], [0.047, 0.0819, 0.0187, 0.0525, 0.7019, 0.0245, 0.0736], [0.0446, 0.0254, 0.0728, 0.0175, 0.7306, 0.0451, 0.064], [0.0399, 0.0454, 0.0329, 0.0619, 0.7113, 0.0418, 0.0668], [0.0166, 0.017, 0.0763, 0.0719, 0.7089, 0.0593, 0.0499], [0.0885, 0.0308, 0.0322, 0.0546, 0.701, 0.0276, 0.0652], [0.0764, 0.0236, 0.0892, 0.0709, 0.6667, 0.0325, 0.0407], [0.0322, 0.0565, 0.0297, 0.0549, 0.774, 0.0374, 0.0153], [0.0795, 0.0499, 0.0349, 0.064, 0.6734, 0.0423, 0.0561], [0.0858, 0.035, 0.017, 0.0678, 0.7443, 0.031, 0.0191], [0.0261, 0.0445, 0.0427, 0.1032, 0.7426, 0.017, 0.0238], [0.038, 0.0667, 0.0301, 0.0767, 0.661, 0.0818, 0.0457], [0.0258, 0.0321, 0.058, 0.0409, 0.6953, 0.0856, 0.0623], [0.091, 0.0781, 0.0285, 0.0759, 0.6883, 0.0207, 0.0175], [0.0698, 0.048, 0.0586, 0.0217, 0.7387, 0.0346, 0.0285], [0.0204, 0.0249, 0.0991, 0.0263, 0.6987, 0.0285, 0.1022], [0.0347, 0.0452, 0.0318, 0.038, 0.7173, 0.058, 0.0751], [0.0272, 0.0436, 0.0527, 0.0328, 0.7329, 0.0314, 0.0794], [0.0421, 0.0777, 0.0791, 0.0503, 0.6227, 0.0589, 0.0691], [0.0564, 0.0612, 0.0625, 0.0347, 0.7073, 0.0588, 0.0191], [0.0266, 0.0893, 0.0934, 0.047, 0.6906, 0.0225, 0.0306], [0.0353, 0.0589, 0.0166, 0.0678, 0.6817, 0.0681, 0.0716], [0.0549, 0.0567, 0.017, 0.0683, 0.7478, 0.0444, 0.0108], [0.0896, 0.0805, 0.0487, 0.0196, 0.7126, 0.0165, 0.0325], [0.0254, 0.0217, 0.0223, 0.071, 0.7903, 0.0219, 0.0474], [0.0173, 0.0207, 0.016, 0.0933, 0.7709, 0.0617, 0.0201], [0.0332, 0.0655, 0.038, 0.0486, 0.7789, 0.0136, 0.0223], [0.0374, 0.0519, 0.0637, 0.0253, 0.738, 0.0321, 0.0517]], "emotions": ["red", "red", "red", "red", "red", "red", "red", "red", "red", "red", "red", "red", "red", "red", "red", "red", "red", "red", "red", "red", "red", "red", "red", "red", "red", "red", "red", "red", "red", "red", "red", "red", "red", "red", "red", "red", "red", "red", "red", "red", "red", "red", "red", "red", "red", "red", "red", "red", "red", "red", "red", "red", "red", "red", "red", "red", "red", "red", "red", "red", "red", "red", "red", "red", "red", "red", "red", "red", "red", "red", "red", "red", "red", "red", "red", "red", "red", "red", "red", "red"], "timestamps": [0, 40, 80, 120, 160, 200, 240, 280, 320, 360, 400, 440, 480, 520, 560, 600, 640, 680, 720, 760, 800, 840, 880, 920, 960, 1000, 1040, 1080, 1120, 1160, 1200, 1240, 1280, 1320, 1360, 1400, 1440, 1480, 1520, 1560, 1600, 1640, 1680, 1720, 1760, 1800, 1840, 1880, 1920, 1960, 2000, 2040, 2080, 2120, 2160, 2200, 2240, 2280, 2320, 2360, 2400, 2440, 2480, 2520, 2560, 2600, 2640, 2680, 2720, 2760, 2800, 2840, 2880, 2920, 2960, 3000, 3040, 3080, 3120, 3160]}], "conversation": [], "conversation_timestamps": []}