{"agent_id": "agent-red-1451", "type": "red", "trips": [{"trip_id": 0, "transport_method": "car", "start_time": 0, "path": [[1.5396765, 42.5096943], [1.5396401, 42.5096918], [1.5396037, 42.5096894], [1.5395673, 42.5096869], [1.539531, 42.5096844], [1.5394945, 42.5096825], [1.5394581, 42.5096805], [1.5394217, 42.5096786], [1.5393853, 42.5096766], [1.5393489, 42.5096747], [1.5393125, 42.5096727], [1.539276, 42.5096707], [1.5392396, 42.5096688], [1.5392032, 42.5096668], [1.5391668, 42.5096649], [1.5391304, 42.5096629], [1.539094, 42.509661], [1.5390575, 42.509659], [1.5390211, 42.5096571], [1.5389977, 42.5096323], [1.5389774, 42.509602], [1.5390034, 42.5095962], [1.5390399, 42.509596], [1.5390764, 42.5095956], [1.5391121, 42.5095885], [1.5391479, 42.5095814], [1.5391837, 42.5095743], [1.5392194, 42.5095671], [1.5392552, 42.50956], [1.539291, 42.5095529], [1.5393267, 42.5095457], [1.5393625, 42.5095386], [1.5393982, 42.5095315], [1.539434, 42.5095243], [1.5394698, 42.5095172], [1.5395055, 42.5095101], [1.5395413, 42.509503], [1.5395771, 42.5094958], [1.5396128, 42.5094887], [1.5396309, 42.5095008], [1.5396268, 42.5095371], [1.5396227, 42.5095733], [1.5396186, 42.5096096], [1.5396145, 42.5096458], [1.5396115, 42.5096821], [1.5396087, 42.5097185], [1.5396048, 42.5097547], [1.5396005, 42.509791], [1.5395961, 42.5098272], [1.5395918, 42.5098634], [1.5395875, 42.5098996], [1.5395832, 42.5099358], [1.5395789, 42.509972], [1.5395745, 42.5100082], [1.5395693, 42.5100443], [1.5395418, 42.5100642], [1.5395074, 42.5100764], [1.539473, 42.5100883], [1.5394381, 42.5100987], [1.5394027, 42.5101077], [1.5393668, 42.5101132], [1.5393304, 42.5101156], [1.5393008, 42.5101364], [1.5392714, 42.5101581], [1.5392421, 42.5101798], [1.5392128, 42.5102014], [1.5391834, 42.5102231], [1.5391541, 42.5102447], [1.5391247, 42.5102664], [1.5391005, 42.5102906], [1.5391013, 42.510327], [1.5391021, 42.5103635], [1.5391029, 42.5103999], [1.5391037, 42.5104364], [1.5391045, 42.5104729], [1.5391053, 42.5105093], [1.5391062, 42.5105458], [1.539107, 42.5105822], [1.5391078, 42.5106187], [1.5391086, 42.5106552]], "mood_vectors": [[0.6611, 0.043, 0.0776, 0.0598, 0.0468, 0.0633, 0.0484], [0.6242, 0.0969, 0.0937, 0.029, 0.027, 0.0805, 0.0487], [0.7307, 0.0235, 0.0296, 0.0353, 0.0462, 0.0664, 0.0683], [0.7149, 0.0777, 0.0207, 0.0639, 0.0759, 0.0167, 0.0302], [0.632, 0.0604, 0.0199, 0.0854, 0.0435, 0.0811, 0.0777], [0.7006, 0.0406, 0.084, 0.0417, 0.0605, 0.0147, 0.058], [0.7156, 0.0291, 0.0771, 0.0854, 0.0359, 0.0345, 0.0223], [0.7255, 0.0257, 0.1012, 0.0632, 0.0189, 0.0304, 0.0352], [0.6479, 0.0796, 0.0429, 0.0622, 0.083, 0.0652, 0.0192], [0.7168, 0.0343, 0.0692, 0.0493, 0.0256, 0.0438, 0.0611], [0.7124, 0.0154, 0.0609, 0.0487, 0.0751, 0.0365, 0.051], [0.5965, 0.0755, 0.0632, 0.0827, 0.0153, 0.0936, 0.0733], [0.8325, 0.0225, 0.028, 0.0291, 0.0355, 0.038, 0.0144], [0.7424, 0.0784, 0.0309, 0.044, 0.0205, 0.0354, 0.0485], [0.7161, 0.0696, 0.0557, 0.0595, 0.0182, 0.0312, 0.0497], [0.7538, 0.061, 0.0199, 0.0319, 0.0316, 0.0387, 0.063], [0.7406, 0.0687, 0.0431, 0.0214, 0.0413, 0.0533, 0.0316], [0.688, 0.0826, 0.0144, 0.0594, 0.0159, 0.0715, 0.0682], [0.645, 0.022, 0.0856, 0.0866, 0.0605, 0.0312, 0.0691], [0.6873, 0.0698, 0.0322, 0.0615, 0.073, 0.0372, 0.039], [0.7568, 0.0248, 0.0187, 0.0523, 0.0529, 0.0727, 0.0218], [0.6836, 0.0318, 0.0698, 0.0451, 0.0367, 0.0598, 0.0732], [0.6337, 0.0747, 0.0514, 0.075, 0.0463, 0.0257, 0.0933], [0.663, 0.0525, 0.0548, 0.0663, 0.0337, 0.0816, 0.0481], [0.5946, 0.0328, 0.0853, 0.0606, 0.0665, 0.0775, 0.0827], [0.717, 0.052, 0.0478, 0.0738, 0.0144, 0.0292, 0.0659], [0.7207, 0.068, 0.0483, 0.0418, 0.0465, 0.0318, 0.0428], [0.7105, 0.0245, 0.0793, 0.0502, 0.0219, 0.0478, 0.0657], [0.729, 0.045, 0.0519, 0.0469, 0.0559, 0.0198, 0.0515], [0.6849, 0.0336, 0.0559, 0.0602, 0.036, 0.0559, 0.0736], [0.6844, 0.0715, 0.078, 0.0159, 0.0442, 0.0446, 0.0615], [0.68, 0.064, 0.0516, 0.0596, 0.0274, 0.0527, 0.0647], [0.7231, 0.0159, 0.042, 0.0586, 0.0781, 0.0452, 0.0371], [0.7868, 0.0332, 0.0198, 0.0314, 0.0341, 0.0209, 0.0737], [0.6574, 0.0463, 0.0912, 0.0202, 0.0806, 0.0466, 0.0576], [0.6333, 0.079, 0.0851, 0.0478, 0.0526, 0.0799, 0.0222], [0.6568, 0.029, 0.0574, 0.0794, 0.0604, 0.0356, 0.0814], [0.6783, 0.0417, 0.0889, 0.0261, 0.048, 0.0752, 0.0418], [0.6546, 0.0643, 0.037, 0.0544, 0.07, 0.0811, 0.0387], [0.6884, 0.0238, 0.0976, 0.0186, 0.0337, 0.0455, 0.0924], [0.7616, 0.0189, 0.0669, 0.0427, 0.0202, 0.0468, 0.0429], [0.6794, 0.0423, 0.0441, 0.0143, 0.0793, 0.0715, 0.0692], [0.757, 0.0358, 0.012, 0.0197, 0.0741, 0.063, 0.0383], [0.7075, 0.0343, 0.0306, 0.0691, 0.0733, 0.0502, 0.0349], [0.6543, 0.0419, 0.078, 0.0348, 0.0891, 0.0839, 0.0181], [0.7399, 0.0329, 0.032, 0.039, 0.0868, 0.032, 0.0375], [0.7416, 0.0445, 0.0813, 0.014, 0.0396, 0.0308, 0.0481], [0.6578, 0.0498, 0.0807, 0.0412, 0.0398, 0.0746, 0.0561], [0.7096, 0.0216, 0.0449, 0.0372, 0.0469, 0.0725, 0.0675], [0.7296, 0.0199, 0.058, 0.0296, 0.0515, 0.072, 0.0394], [0.6846, 0.0639, 0.0492, 0.0461, 0.0466, 0.0677, 0.0419], [0.6865, 0.0468, 0.0583, 0.0602, 0.0301, 0.0478, 0.0702], [0.7199, 0.0517, 0.0338, 0.0227, 0.0611, 0.0608, 0.05], [0.6457, 0.0536, 0.0185, 0.0481, 0.0671, 0.0933, 0.0737], [0.6875, 0.071, 0.0371, 0.0569, 0.0271, 0.04, 0.0804], [0.6274, 0.0167, 0.0894, 0.0337, 0.0756, 0.0896, 0.0675], [0.7231, 0.0406, 0.0381, 0.016, 0.075, 0.0455, 0.0616], [0.7401, 0.0387, 0.0332, 0.0599, 0.0352, 0.0302, 0.0627], [0.5805, 0.0613, 0.0834, 0.0829, 0.0408, 0.0685, 0.0826], [0.8041, 0.058, 0.0647, 0.0177, 0.0221, 0.0164, 0.017], [0.7753, 0.0353, 0.052, 0.0165, 0.0563, 0.0517, 0.0129], [0.7399, 0.0535, 0.0403, 0.043, 0.0599, 0.0413, 0.0222], [0.7103, 0.0481, 0.0831, 0.0555, 0.0535, 0.0314, 0.0183], [0.6856, 0.0301, 0.0232, 0.0703, 0.0719, 0.0755, 0.0433], [0.7896, 0.0841, 0.0205, 0.0138, 0.0336, 0.0381, 0.0203], [0.7388, 0.0699, 0.075, 0.0131, 0.0695, 0.0155, 0.0182], [0.669, 0.047, 0.0615, 0.0633, 0.0233, 0.0598, 0.0761], [0.6832, 0.0617, 0.0162, 0.052, 0.0847, 0.0144, 0.0879], [0.6753, 0.059, 0.0317, 0.0722, 0.061, 0.0548, 0.0459], [0.7655, 0.016, 0.0743, 0.0191, 0.0164, 0.0453, 0.0634], [0.7391, 0.0475, 0.0263, 0.0537, 0.0201, 0.061, 0.0523], [0.793, 0.0538, 0.0556, 0.0466, 0.0165, 0.0195, 0.0149], [0.6883, 0.0647, 0.0915, 0.0428, 0.0345, 0.0564, 0.0218], [0.6265, 0.0704, 0.069, 0.0756, 0.0921, 0.0265, 0.0399], [0.7057, 0.0639, 0.0368, 0.0649, 0.0562, 0.0118, 0.0608], [0.7199, 0.0353, 0.0717, 0.0697, 0.0433, 0.0392, 0.0208], [0.7377, 0.04, 0.029, 0.0643, 0.0216, 0.072, 0.0354], [0.7031, 0.0219, 0.0582, 0.0668, 0.0579, 0.0244, 0.0677], [0.7418, 0.0812, 0.0126, 0.0743, 0.0583, 0.0155, 0.0163], [0.6781, 0.0564, 0.0823, 0.0381, 0.0527, 0.0601, 0.0322]], "emotions": ["red", "red", "red", "red", "red", "red", "red", "red", "red", "red", "red", "red", "red", "red", "red", "red", "red", "red", "red", "red", "red", "red", "red", "red", "red", "red", "red", "red", "red", "red", "red", "red", "red", "red", "red", "red", "red", "red", "red", "red", "red", "red", "red", "red", "red", "red", "red", "red", "red", "red", "red", "red", "red", "red", "red", "red", "red", "red", "red", "red", "red", "red", "red", "red", "red", "red", "red", "red", "red", "red", "red", "red", "red", "red", "red", "red", "red", "red", "red", "red"], "timestamps": [0, 40, 80, 120, 160, 200, 240, 280, 320, 360, 400, 440, 480, 520, 560, 600, 640, 680, 720, 760, 800, 840, 880, 920, 960, 1000, 1040, 1080, 1120, 1160, 1200, 1240, 1280, 1320, 1360, 1400, 1440, 1480, 1520, 1560, 1600, 1640, 1680, 1720, 1760, 1800, 1840, 1880, 1920, 1960, 2000, 2040, 2080, 2120, 2160, 2200, 2240, 2280, 2320, 2360, 2400, 2440, 2480, 2520, 2560, 2600, 2640, 2680, 2720, 2760, 2800, 2840, 2880, 2920, 2960, 3000, 3040, 3080, 3120, 3160]}], "conversation": [], "conversation_timestamps": []}