{"agent_id": "agent-green-1537", "type": "green", "trips": [{"trip_id": 0, "transport_method": "foot", "start_time": 0, "path": [[1.5888219, 42.5354871], [1.5900382, 42.5356296], [1.5912825, 42.5358229], [1.5925514, 42.5361696], [1.5938768, 42.5362016], [1.595091, 42.5364358], [1.5937778, 42.5362349], [1.5924647, 42.536034], [1.5911515, 42.535833], [1.5898383, 42.5356321], [1.5885497, 42.535492], [1.5875701, 42.5349099], [1.5878813, 42.5351151], [1.5870786, 42.5346444], [1.5859474, 42.5339532], [1.5856577, 42.533705], [1.5847271, 42.5330456], [1.5837175, 42.5321889], [1.5824967, 42.5317059], [1.5811696, 42.531721], [1.5798422, 42.5317676], [1.5785145, 42.531803], [1.5771889, 42.5317231], [1.5758755, 42.5315279], [1.574648, 42.5310983], [1.573674, 42.530195], [1.5734133, 42.5301262], [1.5743396, 42.5310399], [1.5742616, 42.5307438], [1.5732843, 42.5298439], [1.5721089, 42.5293527], [1.5709447, 42.5290879], [1.5698822, 42.5282904], [1.5701372, 42.5284193], [1.5711864, 42.529222], [1.5704303, 42.5287791], [1.5693246, 42.5280426], [1.568219, 42.5273062], [1.567871, 42.5270851], [1.5690175, 42.5277354], [1.5681035, 42.5271408], [1.5670004, 42.5264006], [1.5658883, 42.5256802], [1.5646459, 42.525223], [1.5634275, 42.5247781], [1.5623087, 42.5241166], [1.5613825, 42.5231734], [1.5602645, 42.5224667], [1.5592084, 42.5217242], [1.5582025, 42.520857], [1.557264, 42.5199171], [1.5568757, 42.5194212], [1.5561229, 42.5185863], [1.5564026, 42.519066], [1.5554105, 42.518213], [1.554947, 42.5179036], [1.5543543, 42.5173664], [1.5539438, 42.517146], [1.5542634, 42.5173589], [1.5534882, 42.5162963], [1.5528961, 42.5151284], [1.552693, 42.5138478], [1.5516508, 42.5130941], [1.550626, 42.5122665], [1.5494192, 42.5117481], [1.5481289, 42.5114326], [1.5468463, 42.5110884], [1.546231, 42.5100398], [1.5461545, 42.5097044], [1.5449146, 42.5093272], [1.5436327, 42.5090687], [1.5423254, 42.5088917], [1.5410173, 42.5087102], [1.5400026, 42.5083865], [1.5386895, 42.5082283], [1.5374095, 42.5079415], [1.53727, 42.5080051], [1.5359644, 42.5077601], [1.5346864, 42.5074936], [1.534662, 42.5078489]], "mood_vectors": [[0.0265, 0.0532, 0.0341, 0.0329, 0.0249, 0.0498, 0.7787], [0.026, 0.019, 0.0714, 0.0487, 0.0637, 0.0393, 0.7319], [0.0365, 0.0362, 0.0708, 0.0545, 0.0342, 0.0501, 0.7177], [0.0137, 0.0403, 0.0832, 0.0662, 0.0196, 0.0844, 0.6926], [0.0251, 0.0372, 0.047, 0.0136, 0.0556, 0.0422, 0.7792], [0.0194, 0.042, 0.0782, 0.0377, 0.0731, 0.0391, 0.7105], [0.0613, 0.0139, 0.0196, 0.0283, 0.0322, 0.0567, 0.788], [0.0478, 0.0176, 0.0571, 0.0382, 0.09, 0.0636, 0.6858], [0.0232, 0.0727, 0.0234, 0.0832, 0.0729, 0.0843, 0.6403], [0.0135, 0.0586, 0.0355, 0.0511, 0.0695, 0.0434, 0.7283], [0.0705, 0.0552, 0.0533, 0.0555, 0.0421, 0.0114, 0.7119], [0.0812, 0.0804, 0.0237, 0.0612, 0.0304, 0.0824, 0.6407], [0.0482, 0.0281, 0.0618, 0.0272, 0.0328, 0.0192, 0.7827], [0.027, 0.0728, 0.0264, 0.0196, 0.0261, 0.025, 0.8032], [0.0473, 0.0217, 0.0642, 0.0929, 0.0335, 0.0398, 0.7006], [0.0216, 0.0748, 0.0226, 0.0397, 0.0565, 0.073, 0.7119], [0.024, 0.0297, 0.0458, 0.0582, 0.0528, 0.0807, 0.7089], [0.0279, 0.0356, 0.0562, 0.063, 0.0316, 0.0614, 0.7243], [0.0554, 0.0202, 0.0279, 0.0532, 0.0259, 0.0707, 0.7467], [0.038, 0.031, 0.0683, 0.0594, 0.0361, 0.0476, 0.7196], [0.046, 0.0833, 0.0683, 0.0751, 0.058, 0.0499, 0.6194], [0.0262, 0.028, 0.064, 0.0773, 0.0576, 0.0429, 0.7041], [0.0663, 0.0732, 0.0396, 0.0187, 0.0321, 0.0644, 0.7056], [0.0234, 0.0622, 0.0667, 0.0425, 0.0216, 0.0332, 0.7504], [0.0502, 0.0387, 0.0756, 0.0281, 0.0736, 0.074, 0.6599], [0.0679, 0.0701, 0.0357, 0.0179, 0.0347, 0.0813, 0.6924], [0.0496, 0.0434, 0.0125, 0.06, 0.0553, 0.0587, 0.7204], [0.029, 0.0427, 0.0289, 0.0209, 0.0545, 0.0533, 0.7707], [0.0242, 0.0586, 0.0414, 0.0379, 0.0898, 0.0842, 0.664], [0.0519, 0.0824, 0.0574, 0.0344, 0.0297, 0.0661, 0.6781], [0.0311, 0.016, 0.0775, 0.0191, 0.0188, 0.0323, 0.8053], [0.073, 0.0642, 0.0228, 0.0395, 0.0273, 0.0173, 0.7559], [0.0557, 0.0634, 0.0186, 0.0466, 0.0228, 0.0634, 0.7295], [0.0509, 0.0262, 0.063, 0.0424, 0.0664, 0.0329, 0.7182], [0.0172, 0.0285, 0.0408, 0.0508, 0.0219, 0.0661, 0.7747], [0.0477, 0.1009, 0.0628, 0.0258, 0.0553, 0.0762, 0.6314], [0.0838, 0.0643, 0.0303, 0.0569, 0.0655, 0.0412, 0.658], [0.0729, 0.0398, 0.0222, 0.0632, 0.0753, 0.0457, 0.681], [0.0517, 0.0578, 0.0512, 0.0272, 0.0589, 0.0742, 0.6789], [0.0456, 0.0644, 0.018, 0.0423, 0.0637, 0.066, 0.7], [0.0173, 0.0749, 0.0643, 0.053, 0.0194, 0.0313, 0.7397], [0.0401, 0.033, 0.0596, 0.0145, 0.0687, 0.0232, 0.7608], [0.0721, 0.0328, 0.0706, 0.0393, 0.0503, 0.0704, 0.6646], [0.0551, 0.0205, 0.0887, 0.0545, 0.0526, 0.0296, 0.699], [0.026, 0.0752, 0.0671, 0.0814, 0.0485, 0.0419, 0.6599], [0.086, 0.0262, 0.0329, 0.0546, 0.0715, 0.0511, 0.6777], [0.027, 0.0682, 0.0473, 0.0607, 0.0131, 0.0697, 0.7139], [0.0526, 0.0624, 0.0285, 0.0577, 0.0544, 0.0347, 0.7097], [0.0484, 0.067, 0.098, 0.0528, 0.073, 0.0427, 0.6181], [0.0689, 0.0577, 0.0697, 0.0164, 0.0342, 0.013, 0.7401], [0.0321, 0.0114, 0.0705, 0.0562, 0.0499, 0.0617, 0.7182], [0.0729, 0.0349, 0.0181, 0.0487, 0.0153, 0.072, 0.7381], [0.0863, 0.0471, 0.0606, 0.0481, 0.0469, 0.0585, 0.6526], [0.0246, 0.0391, 0.0647, 0.0436, 0.0396, 0.0603, 0.7281], [0.0318, 0.0213, 0.0831, 0.0556, 0.0151, 0.0643, 0.7287], [0.0829, 0.0902, 0.0237, 0.0417, 0.0419, 0.0408, 0.6787], [0.0449, 0.0368, 0.1022, 0.0341, 0.0358, 0.0609, 0.6852], [0.0446, 0.0773, 0.0156, 0.0469, 0.0652, 0.0843, 0.6661], [0.0188, 0.0242, 0.0219, 0.0338, 0.0748, 0.0177, 0.8088], [0.0394, 0.0237, 0.0138, 0.0241, 0.0382, 0.0198, 0.841], [0.0625, 0.0282, 0.0588, 0.0245, 0.0208, 0.05, 0.7551], [0.0324, 0.0628, 0.0448, 0.0735, 0.033, 0.0434, 0.7101], [0.0601, 0.0256, 0.0493, 0.0591, 0.0126, 0.0398, 0.7535], [0.0914, 0.035, 0.0489, 0.0803, 0.0571, 0.0796, 0.6077], [0.0397, 0.0472, 0.0414, 0.0391, 0.089, 0.0765, 0.6671], [0.0676, 0.0379, 0.0396, 0.0838, 0.0406, 0.0456, 0.6848], [0.0348, 0.0568, 0.0615, 0.0138, 0.0647, 0.0269, 0.7414], [0.0238, 0.0145, 0.0391, 0.0408, 0.07, 0.0164, 0.7953], [0.0256, 0.0479, 0.0481, 0.0884, 0.0534, 0.0537, 0.6828], [0.024, 0.0441, 0.0356, 0.034, 0.0359, 0.0164, 0.81], [0.0248, 0.0711, 0.0729, 0.0726, 0.058, 0.0289, 0.6716], [0.0707, 0.0635, 0.0359, 0.0119, 0.0396, 0.0618, 0.7166], [0.0226, 0.0611, 0.092, 0.0194, 0.0812, 0.0217, 0.7019], [0.0282, 0.031, 0.0712, 0.0528, 0.0492, 0.0198, 0.7478], [0.0389, 0.0296, 0.0317, 0.0195, 0.0619, 0.0464, 0.772], [0.0648, 0.012, 0.0711, 0.059, 0.0341, 0.03, 0.7289], [0.0159, 0.0645, 0.0402, 0.0381, 0.0472, 0.0185, 0.7754], [0.0811, 0.0327, 0.024, 0.0267, 0.0772, 0.0682, 0.69], [0.0444, 0.0632, 0.064, 0.0185, 0.0163, 0.0228, 0.7708], [0.0799, 0.0543, 0.0515, 0.0181, 0.0839, 0.0429, 0.6693]], "emotions": ["purple", "purple", "purple", "purple", "purple", "purple", "purple", "purple", "purple", "purple", "purple", "purple", "purple", "purple", "purple", "purple", "purple", "purple", "purple", "purple", "purple", "purple", "purple", "purple", "purple", "purple", "purple", "purple", "purple", "purple", "purple", "purple", "purple", "purple", "purple", "purple", "purple", "purple", "purple", "purple", "purple", "purple", "purple", "purple", "purple", "purple", "purple", "purple", "purple", "purple", "purple", "purple", "purple", "purple", "purple", "purple", "purple", "purple", "purple", "purple", "purple", "purple", "purple", "purple", "purple", "purple", "purple", "purple", "purple", "purple", "purple", "purple", "purple", "purple", "purple", "purple", "purple", "purple", "purple", "purple"], "timestamps": [0, 40, 80, 120, 160, 200, 240, 280, 320, 360, 400, 440, 480, 520, 560, 600, 640, 680, 720, 760, 800, 840, 880, 920, 960, 1000, 1040, 1080, 1120, 1160, 1200, 1240, 1280, 1320, 1360, 1400, 1440, 1480, 1520, 1560, 1600, 1640, 1680, 1720, 1760, 1800, 1840, 1880, 1920, 1960, 2000, 2040, 2080, 2120, 2160, 2200, 2240, 2280, 2320, 2360, 2400, 2440, 2480, 2520, 2560, 2600, 2640, 2680, 2720, 2760, 2800, 2840, 2880, 2920, 2960, 3000, 3040, 3080, 3120, 3160]}], "conversation": [], "conversation_timestamps": []}