{"agent_id": "agent-blue-975", "type": "blue", "trips": [{"trip_id": 0, "transport_method": "car", "start_time": 0, "path": [[1.6509087, 42.580722], [1.6522878, 42.5801515], [1.6546655, 42.5792207], [1.6521689, 42.5792004], [1.6496374, 42.5794298], [1.6489181, 42.5796387], [1.6462136, 42.5800578], [1.6434602, 42.5795588], [1.6406452, 42.5794567], [1.6379596, 42.5788182], [1.6352029, 42.5783621], [1.6371355, 42.5788514], [1.6345327, 42.5782428], [1.6317475, 42.5783692], [1.6290716, 42.5779368], [1.6264384, 42.5773832], [1.6265469, 42.5777735], [1.6251992, 42.5765464], [1.6225368, 42.5756766], [1.6201471, 42.5743166], [1.6175937, 42.5732735], [1.6150518, 42.5724887], [1.6122961, 42.5720093], [1.6096157, 42.5715047], [1.6069181, 42.5708023], [1.6050771, 42.5701182], [1.6033837, 42.568275], [1.6009805, 42.5668683], [1.6013192, 42.5669674], [1.5994942, 42.5658845], [1.5973662, 42.5644983], [1.5946591, 42.563911], [1.5936913, 42.5617864], [1.593537, 42.5592607], [1.591877, 42.5574661], [1.591375, 42.5549199], [1.5909638, 42.5528906], [1.5919027, 42.5503829], [1.5922758, 42.5477248], [1.5915436, 42.5451986], [1.5915996, 42.5425085], [1.5919275, 42.5400969], [1.5909423, 42.5376768], [1.5887021, 42.5361554], [1.587688, 42.5349196], [1.5860373, 42.5340227], [1.5846884, 42.5330177], [1.5822879, 42.5316903], [1.5794715, 42.5317834], [1.5766599, 42.5316618], [1.574139, 42.5306262], [1.5739442, 42.5307824], [1.5735131, 42.5300546], [1.5710641, 42.5291776], [1.5701474, 42.528426], [1.5702856, 42.5286827], [1.5679398, 42.5271202], [1.5687939, 42.5276041], [1.5664626, 42.5260207], [1.5639002, 42.5249526], [1.5616533, 42.5233894], [1.5593555, 42.5218338], [1.5572803, 42.5199338], [1.5562248, 42.5186797], [1.5557093, 42.5181889], [1.5540078, 42.5170617], [1.5538632, 42.5168813], [1.552705, 42.5143875], [1.5509269, 42.5124944], [1.5483437, 42.5114827], [1.5462252, 42.5100985], [1.5448121, 42.5093213], [1.5420622, 42.5088931], [1.5395855, 42.5083028], [1.5377414, 42.5080836], [1.535257, 42.5075273], [1.5354327, 42.507602], [1.5328001, 42.5066506], [1.5302235, 42.5066094], [1.5279359, 42.5061911]], "mood_vectors": [[0.0144, 0.0705, 0.0278, 0.7512, 0.0612, 0.0508, 0.024], [0.0476, 0.0973, 0.0193, 0.6669, 0.0203, 0.0512, 0.0974], [0.0548, 0.0729, 0.0417, 0.6655, 0.05, 0.0576, 0.0576], [0.0421, 0.0253, 0.023, 0.6679, 0.0815, 0.0867, 0.0736], [0.04, 0.0321, 0.0581, 0.7107, 0.0711, 0.0174, 0.0707], [0.0662, 0.0164, 0.0467, 0.7149, 0.0243, 0.0588, 0.0726], [0.0232, 0.0208, 0.0799, 0.7039, 0.0694, 0.0557, 0.0471], [0.0658, 0.0652, 0.0487, 0.6155, 0.0852, 0.0313, 0.0883], [0.0379, 0.0442, 0.0248, 0.7182, 0.0425, 0.0734, 0.059], [0.0592, 0.073, 0.0522, 0.6017, 0.0376, 0.0853, 0.091], [0.0151, 0.0203, 0.0949, 0.7112, 0.0212, 0.0911, 0.0462], [0.0725, 0.0678, 0.0401, 0.7149, 0.0384, 0.0405, 0.0257], [0.0893, 0.0394, 0.022, 0.7629, 0.0278, 0.0393, 0.0193], [0.0842, 0.0403, 0.0585, 0.7587, 0.0185, 0.0151, 0.0247], [0.079, 0.0335, 0.0846, 0.656, 0.0417, 0.0157, 0.0894], [0.049, 0.0157, 0.0592, 0.7193, 0.0561, 0.0497, 0.0511], [0.0175, 0.066, 0.0118, 0.8133, 0.0434, 0.0274, 0.0205], [0.0701, 0.0482, 0.0428, 0.6876, 0.0336, 0.071, 0.0466], [0.0831, 0.0687, 0.024, 0.6167, 0.0705, 0.0832, 0.0538], [0.0705, 0.0461, 0.0252, 0.7455, 0.0393, 0.0521, 0.0212], [0.0141, 0.0202, 0.0262, 0.814, 0.0154, 0.0307, 0.0794], [0.0546, 0.026, 0.0323, 0.7347, 0.0811, 0.0424, 0.0288], [0.0665, 0.0333, 0.0243, 0.668, 0.0768, 0.0514, 0.0796], [0.083, 0.0771, 0.0722, 0.6086, 0.0807, 0.0291, 0.0493], [0.0511, 0.045, 0.0406, 0.7548, 0.0429, 0.034, 0.0317], [0.081, 0.0565, 0.062, 0.6665, 0.0474, 0.0503, 0.0364], [0.0719, 0.0691, 0.0192, 0.7368, 0.0298, 0.0585, 0.0148], [0.02, 0.022, 0.0562, 0.7188, 0.0748, 0.0876, 0.0206], [0.0266, 0.0468, 0.0551, 0.7285, 0.0615, 0.0244, 0.0572], [0.0651, 0.033, 0.0665, 0.7345, 0.0194, 0.0685, 0.0131], [0.0395, 0.0627, 0.0395, 0.7716, 0.0177, 0.0512, 0.0179], [0.0539, 0.0616, 0.0815, 0.7091, 0.0355, 0.0246, 0.0337], [0.0913, 0.062, 0.0412, 0.6939, 0.0198, 0.0232, 0.0685], [0.0443, 0.0746, 0.0472, 0.6977, 0.0885, 0.0338, 0.0139], [0.0347, 0.0256, 0.0356, 0.7322, 0.086, 0.0245, 0.0613], [0.0775, 0.0203, 0.027, 0.753, 0.0299, 0.0602, 0.032], [0.0215, 0.0536, 0.0751, 0.7098, 0.0524, 0.0389, 0.0487], [0.0532, 0.0484, 0.0266, 0.7413, 0.0628, 0.0222, 0.0455], [0.0287, 0.0274, 0.0251, 0.7278, 0.0539, 0.0977, 0.0394], [0.0565, 0.0192, 0.0271, 0.7002, 0.0427, 0.0806, 0.0737], [0.0707, 0.0183, 0.0259, 0.6982, 0.0669, 0.0788, 0.0412], [0.0773, 0.0436, 0.0399, 0.7139, 0.0375, 0.0378, 0.0499], [0.0675, 0.0185, 0.037, 0.6939, 0.0917, 0.0623, 0.029], [0.0844, 0.0324, 0.0621, 0.609, 0.0649, 0.0669, 0.0803], [0.0257, 0.0723, 0.0423, 0.7222, 0.0315, 0.0721, 0.0339], [0.0128, 0.0348, 0.0671, 0.7666, 0.0245, 0.0143, 0.0801], [0.0268, 0.0299, 0.03, 0.6982, 0.075, 0.0593, 0.0807], [0.0618, 0.0367, 0.0444, 0.7292, 0.0149, 0.0618, 0.0512], [0.0243, 0.0706, 0.0387, 0.7191, 0.0511, 0.0673, 0.029], [0.0819, 0.0437, 0.0602, 0.7078, 0.0258, 0.0132, 0.0675], [0.061, 0.0718, 0.0784, 0.6183, 0.0328, 0.0579, 0.0799], [0.0355, 0.0799, 0.079, 0.5942, 0.0762, 0.0709, 0.0643], [0.0388, 0.0218, 0.0373, 0.7526, 0.0727, 0.0522, 0.0245], [0.0829, 0.0216, 0.0257, 0.7351, 0.0418, 0.0515, 0.0413], [0.0634, 0.0422, 0.0278, 0.6792, 0.0749, 0.0573, 0.0552], [0.0812, 0.0179, 0.043, 0.6732, 0.081, 0.0192, 0.0845], [0.0548, 0.0184, 0.024, 0.7227, 0.0808, 0.0272, 0.0719], [0.0242, 0.0686, 0.0393, 0.6613, 0.0575, 0.0675, 0.0816], [0.0572, 0.0785, 0.0629, 0.5952, 0.0617, 0.064, 0.0805], [0.0391, 0.0486, 0.0152, 0.6784, 0.0608, 0.0724, 0.0856], [0.0288, 0.0228, 0.0231, 0.772, 0.0416, 0.0874, 0.0243], [0.015, 0.0204, 0.0307, 0.789, 0.0657, 0.0169, 0.0622], [0.0529, 0.0451, 0.0698, 0.692, 0.0269, 0.0565, 0.0569], [0.0623, 0.0299, 0.0604, 0.7071, 0.0242, 0.0737, 0.0423], [0.0307, 0.0469, 0.0184, 0.758, 0.0887, 0.0374, 0.0199], [0.0214, 0.0757, 0.0203, 0.7372, 0.0476, 0.0615, 0.0363], [0.0412, 0.0305, 0.064, 0.7672, 0.0494, 0.024, 0.0237], [0.0355, 0.0488, 0.0565, 0.7384, 0.033, 0.0654, 0.0224], [0.0557, 0.0337, 0.0978, 0.6585, 0.0331, 0.0537, 0.0674], [0.0819, 0.0293, 0.0365, 0.703, 0.0171, 0.0499, 0.0822], [0.0384, 0.0282, 0.0598, 0.745, 0.0261, 0.0356, 0.067], [0.0638, 0.0191, 0.0434, 0.674, 0.0555, 0.0632, 0.0811], [0.0221, 0.0269, 0.0552, 0.7705, 0.0219, 0.0184, 0.0849], [0.0816, 0.0743, 0.0402, 0.7105, 0.0308, 0.0367, 0.0258], [0.0571, 0.038, 0.0846, 0.665, 0.0687, 0.034, 0.0528], [0.0762, 0.0701, 0.0175, 0.6882, 0.0431, 0.0351, 0.0698], [0.0307, 0.0276, 0.0454, 0.7134, 0.0529, 0.0787, 0.0513], [0.0718, 0.052, 0.019, 0.6996, 0.0657, 0.0412, 0.0507], [0.0716, 0.0186, 0.0662, 0.7083, 0.0481, 0.0543, 0.0329], [0.0377, 0.0461, 0.0214, 0.7596, 0.0151, 0.0627, 0.0573]], "emotions": ["green", "green", "green", "green", "green", "green", "green", "green", "green", "green", "green", "green", "green", "green", "green", "green", "green", "green", "green", "green", "green", "green", "green", "green", "green", "green", "green", "green", "green", "green", "green", "green", "green", "green", "green", "green", "green", "green", "green", "green", "green", "green", "green", "green", "green", "green", "green", "green", "green", "green", "green", "green", "green", "green", "green", "green", "green", "green", "green", "green", "green", "green", "green", "green", "green", "green", "green", "green", "green", "green", "green", "green", "green", "green", "green", "green", "green", "green", "green", "green"], "timestamps": [0, 40, 80, 120, 160, 200, 240, 280, 320, 360, 400, 440, 480, 520, 560, 600, 640, 680, 720, 760, 800, 840, 880, 920, 960, 1000, 1040, 1080, 1120, 1160, 1200, 1240, 1280, 1320, 1360, 1400, 1440, 1480, 1520, 1560, 1600, 1640, 1680, 1720, 1760, 1800, 1840, 1880, 1920, 1960, 2000, 2040, 2080, 2120, 2160, 2200, 2240, 2280, 2320, 2360, 2400, 2440, 2480, 2520, 2560, 2600, 2640, 2680, 2720, 2760, 2800, 2840, 2880, 2920, 2960, 3000, 3040, 3080, 3120, 3160]}], "conversation": [], "conversation_timestamps": []}