{"agent_id": "agent-green-942", "type": "green", "trips": [{"trip_id": 0, "transport_method": "car", "start_time": 0, "path": [[1.5225983, 42.5434841], [1.522889, 42.5428553], [1.5228327, 42.5419206], [1.5232725, 42.5411085], [1.5235226, 42.5409095], [1.5232265, 42.5400547], [1.523161, 42.5391168], [1.5232087, 42.5381857], [1.5240286, 42.5377511], [1.524924, 42.5376161], [1.5250639, 42.5370248], [1.5244351, 42.5367083], [1.5235248, 42.5364819], [1.52287, 42.5359303], [1.5222976, 42.5351786], [1.5215443, 42.5346465], [1.5209786, 42.5339665], [1.5210308, 42.5332815], [1.5213089, 42.5324563], [1.5208731, 42.5316205], [1.5213083, 42.5307898], [1.5214181, 42.5300314], [1.5219983, 42.529334], [1.5213864, 42.5287043], [1.5209791, 42.5279234], [1.5206515, 42.5271058], [1.5207283, 42.5261623], [1.5207886, 42.5259082], [1.5206285, 42.5268093], [1.5206403, 42.5271749], [1.5206989, 42.5262301], [1.5207458, 42.525286], [1.5207776, 42.5243846], [1.5213282, 42.5236179], [1.5218051, 42.5228148], [1.522282, 42.522017], [1.5230527, 42.52147], [1.5235037, 42.5206564], [1.5238146, 42.5197622], [1.5236763, 42.5203883], [1.5234097, 42.5209486], [1.5237596, 42.5200689], [1.5241094, 42.5191893], [1.5246892, 42.5185375], [1.5254345, 42.5179664], [1.5261398, 42.5173635], [1.5269614, 42.5169816], [1.5277629, 42.5165102], [1.5286077, 42.5161013], [1.5292105, 42.515379], [1.5298723, 42.5147285], [1.5303611, 42.5140257], [1.53041, 42.5131118], [1.5309453, 42.512331], [1.5304666, 42.5116691], [1.5297372, 42.5111631], [1.5295745, 42.5104622], [1.5289435, 42.5097744], [1.5286791, 42.5095449], [1.5293547, 42.5101809], [1.5287395, 42.5095864], [1.5280526, 42.5089351], [1.5272151, 42.5085241], [1.5262754, 42.508441], [1.5254518, 42.5080816], [1.5245404, 42.5078283], [1.5235992, 42.5077962], [1.5226759, 42.5077504], [1.52182, 42.5075807], [1.5209051, 42.5075025], [1.51998, 42.5074191], [1.5191292, 42.5070639], [1.5183578, 42.5068155], [1.5174542, 42.5065704], [1.5165117, 42.506482], [1.5155986, 42.5062538], [1.5154775, 42.5062562], [1.5157656, 42.5063152], [1.5148768, 42.5060265], [1.5142439, 42.5053229]], "mood_vectors": [[0.0752, 0.0978, 0.0184, 0.049, 0.0202, 0.0341, 0.7052], [0.0644, 0.024, 0.0291, 0.0688, 0.0302, 0.0204, 0.763], [0.02, 0.1031, 0.0944, 0.0184, 0.0474, 0.0184, 0.6983], [0.0273, 0.024, 0.0664, 0.063, 0.0122, 0.0612, 0.7458], [0.0594, 0.0251, 0.0748, 0.0458, 0.0494, 0.0643, 0.6811], [0.0622, 0.021, 0.0596, 0.0724, 0.0659, 0.0619, 0.657], [0.0441, 0.0693, 0.0587, 0.0774, 0.0232, 0.0777, 0.6495], [0.0496, 0.0236, 0.0381, 0.0451, 0.0445, 0.0513, 0.7478], [0.0545, 0.056, 0.0172, 0.0459, 0.0648, 0.0437, 0.7179], [0.0469, 0.0686, 0.045, 0.0526, 0.039, 0.0755, 0.6724], [0.0842, 0.0674, 0.0891, 0.0146, 0.0155, 0.0172, 0.7121], [0.0404, 0.0499, 0.023, 0.0778, 0.0567, 0.0567, 0.6956], [0.0728, 0.067, 0.0136, 0.0349, 0.0743, 0.0345, 0.7028], [0.0236, 0.0918, 0.032, 0.0862, 0.072, 0.0254, 0.669], [0.0393, 0.0771, 0.0849, 0.0854, 0.0279, 0.0528, 0.6327], [0.0468, 0.0647, 0.0832, 0.0349, 0.0829, 0.0712, 0.6162], [0.0792, 0.0233, 0.0376, 0.0462, 0.04, 0.0631, 0.7106], [0.0402, 0.0585, 0.0238, 0.0585, 0.034, 0.0375, 0.7475], [0.0322, 0.0335, 0.0482, 0.0553, 0.0803, 0.0304, 0.7201], [0.0312, 0.0298, 0.0426, 0.0944, 0.0745, 0.0144, 0.7132], [0.0446, 0.0548, 0.0709, 0.0724, 0.0644, 0.0394, 0.6534], [0.0432, 0.0213, 0.069, 0.0711, 0.0583, 0.0702, 0.667], [0.0341, 0.0449, 0.0539, 0.067, 0.0451, 0.0787, 0.6763], [0.0128, 0.0326, 0.075, 0.0692, 0.0469, 0.0211, 0.7424], [0.0868, 0.0806, 0.0774, 0.0492, 0.0369, 0.0801, 0.5889], [0.065, 0.082, 0.0339, 0.0226, 0.057, 0.0513, 0.6882], [0.1058, 0.0167, 0.0441, 0.0339, 0.0211, 0.039, 0.7395], [0.0877, 0.0868, 0.0687, 0.0781, 0.0275, 0.0146, 0.6367], [0.0483, 0.0261, 0.0257, 0.0183, 0.0865, 0.0874, 0.7077], [0.0485, 0.0503, 0.0626, 0.0575, 0.0767, 0.0583, 0.6462], [0.046, 0.0413, 0.0709, 0.0705, 0.0165, 0.0256, 0.7291], [0.0691, 0.0681, 0.0602, 0.0664, 0.0414, 0.0541, 0.6407], [0.0487, 0.0777, 0.0533, 0.0506, 0.0712, 0.0646, 0.6338], [0.0161, 0.0433, 0.056, 0.0362, 0.0416, 0.0449, 0.762], [0.0564, 0.0845, 0.0435, 0.031, 0.0671, 0.0254, 0.6921], [0.0654, 0.0138, 0.0153, 0.0778, 0.0756, 0.0259, 0.7261], [0.0183, 0.0224, 0.0327, 0.0212, 0.0535, 0.0546, 0.7973], [0.078, 0.0309, 0.0141, 0.0333, 0.0314, 0.015, 0.7973], [0.0392, 0.0246, 0.0532, 0.0455, 0.0282, 0.0675, 0.7419], [0.0387, 0.0549, 0.069, 0.0175, 0.0283, 0.0415, 0.7501], [0.0664, 0.0786, 0.063, 0.0223, 0.0263, 0.0339, 0.7096], [0.0532, 0.0224, 0.018, 0.0942, 0.0853, 0.032, 0.6949], [0.0695, 0.0215, 0.0263, 0.0303, 0.0242, 0.0522, 0.7759], [0.0306, 0.0252, 0.027, 0.0607, 0.0165, 0.0333, 0.8068], [0.0333, 0.055, 0.0643, 0.0696, 0.0673, 0.0341, 0.6764], [0.0488, 0.0471, 0.0667, 0.0649, 0.0532, 0.0537, 0.6656], [0.0466, 0.0631, 0.0117, 0.0662, 0.0556, 0.048, 0.7087], [0.0715, 0.0733, 0.0306, 0.0368, 0.0457, 0.0177, 0.7243], [0.0169, 0.0263, 0.0419, 0.0148, 0.0778, 0.0915, 0.7308], [0.0148, 0.0354, 0.0357, 0.0546, 0.0327, 0.0623, 0.7644], [0.066, 0.0637, 0.0617, 0.0414, 0.0614, 0.0578, 0.648], [0.0392, 0.0607, 0.0312, 0.0704, 0.0319, 0.0502, 0.7165], [0.0876, 0.0841, 0.026, 0.0641, 0.0513, 0.0702, 0.6167], [0.0244, 0.0816, 0.0168, 0.0178, 0.0272, 0.1023, 0.7299], [0.0598, 0.0659, 0.0628, 0.0645, 0.0286, 0.066, 0.6523], [0.0506, 0.0155, 0.0389, 0.1015, 0.0926, 0.0881, 0.6128], [0.0737, 0.0402, 0.0652, 0.0331, 0.0226, 0.0423, 0.7229], [0.0307, 0.051, 0.0441, 0.0646, 0.0678, 0.0533, 0.6884], [0.0402, 0.0685, 0.0758, 0.0568, 0.0187, 0.0438, 0.6963], [0.032, 0.0722, 0.0145, 0.0538, 0.0542, 0.0388, 0.7346], [0.065, 0.0201, 0.0829, 0.0643, 0.0732, 0.0339, 0.6606], [0.0679, 0.0403, 0.0249, 0.053, 0.0232, 0.0913, 0.6994], [0.0108, 0.0662, 0.0701, 0.0503, 0.0687, 0.0388, 0.6951], [0.0345, 0.0286, 0.0489, 0.079, 0.0843, 0.0283, 0.6964], [0.0189, 0.0753, 0.0507, 0.0655, 0.0245, 0.0334, 0.7317], [0.0225, 0.0411, 0.0989, 0.0312, 0.0818, 0.0317, 0.6928], [0.0606, 0.0647, 0.0891, 0.0503, 0.0248, 0.0755, 0.635], [0.0357, 0.0181, 0.0346, 0.069, 0.0357, 0.0795, 0.7274], [0.0256, 0.0309, 0.0839, 0.0227, 0.0671, 0.0553, 0.7144], [0.0299, 0.0789, 0.0265, 0.0456, 0.0716, 0.0395, 0.7081], [0.0553, 0.0453, 0.0746, 0.0398, 0.0343, 0.0126, 0.7382], [0.0228, 0.0876, 0.0481, 0.0464, 0.078, 0.0442, 0.6729], [0.0589, 0.0555, 0.0432, 0.0525, 0.0849, 0.0207, 0.6842], [0.0693, 0.0655, 0.044, 0.0615, 0.0454, 0.0801, 0.6343], [0.0692, 0.0942, 0.0486, 0.0631, 0.0435, 0.0348, 0.6465], [0.0547, 0.0277, 0.0198, 0.0765, 0.0373, 0.0926, 0.6914], [0.0251, 0.0608, 0.046, 0.0641, 0.0669, 0.0685, 0.6686], [0.0793, 0.071, 0.0764, 0.0881, 0.0223, 0.0161, 0.647], [0.0485, 0.0249, 0.0791, 0.0254, 0.0593, 0.0401, 0.7227], [0.0227, 0.0575, 0.0388, 0.0725, 0.0545, 0.0686, 0.6854]], "emotions": ["purple", "purple", "purple", "purple", "purple", "purple", "purple", "purple", "purple", "purple", "purple", "purple", "purple", "purple", "purple", "purple", "purple", "purple", "purple", "purple", "purple", "purple", "purple", "purple", "purple", "purple", "purple", "purple", "purple", "purple", "purple", "purple", "purple", "purple", "purple", "purple", "purple", "purple", "purple", "purple", "purple", "purple", "purple", "purple", "purple", "purple", "purple", "purple", "purple", "purple", "purple", "purple", "purple", "purple", "purple", "purple", "purple", "purple", "purple", "purple", "purple", "purple", "purple", "purple", "purple", "purple", "purple", "purple", "purple", "purple", "purple", "purple", "purple", "purple", "purple", "purple", "purple", "purple", "purple", "purple"], "timestamps": [0, 40, 80, 120, 160, 200, 240, 280, 320, 360, 400, 440, 480, 520, 560, 600, 640, 680, 720, 760, 800, 840, 880, 920, 960, 1000, 1040, 1080, 1120, 1160, 1200, 1240, 1280, 1320, 1360, 1400, 1440, 1480, 1520, 1560, 1600, 1640, 1680, 1720, 1760, 1800, 1840, 1880, 1920, 1960, 2000, 2040, 2080, 2120, 2160, 2200, 2240, 2280, 2320, 2360, 2400, 2440, 2480, 2520, 2560, 2600, 2640, 2680, 2720, 2760, 2800, 2840, 2880, 2920, 2960, 3000, 3040, 3080, 3120, 3160]}], "conversation": [], "conversation_timestamps": []}