{"agent_id": "agent-orange-1928", "type": "orange", "trips": [{"trip_id": 0, "transport_method": "foot", "start_time": 0, "path": [[1.5047717, 42.4611439], [1.5039253, 42.4611232], [1.50252, 42.4614933], [1.50326, 42.4635462], [1.5013162, 42.4649684], [1.4989003, 42.4644844], [1.4964802, 42.4647184], [1.4951408, 42.464949], [1.4928707, 42.4661981], [1.4916657, 42.4682854], [1.4917306, 42.4709233], [1.490532, 42.4733913], [1.4908126, 42.4760787], [1.4902733, 42.4787395], [1.4898423, 42.4814588], [1.4893762, 42.4797407], [1.4905741, 42.4772832], [1.4904791, 42.4783944], [1.4902617, 42.4811391], [1.4907794, 42.4837162], [1.4925053, 42.4855999], [1.4936906, 42.4880788], [1.4950235, 42.4904874], [1.4968915, 42.4924154], [1.4986026, 42.4943617], [1.5000441, 42.4960784], [1.5024536, 42.4972763], [1.5049537, 42.4984262], [1.5074324, 42.4996225], [1.5096015, 42.5007043], [1.5110191, 42.5013516], [1.5112422, 42.5015347], [1.5130331, 42.5026844], [1.5149257, 42.5046463], [1.5172246, 42.5059309], [1.5194249, 42.5072049], [1.5219956, 42.5077457], [1.5246907, 42.5078631], [1.5272829, 42.5085311], [1.5293982, 42.5102106], [1.530916, 42.5119593], [1.53025, 42.5144175], [1.5282011, 42.5161836], [1.5267386, 42.5170686], [1.5287798, 42.5158592], [1.5264712, 42.5173594], [1.5250803, 42.5182523], [1.5253113, 42.5180037], [1.5238021, 42.5200389], [1.5221564, 42.5221374], [1.520737, 42.5244622], [1.5200162, 42.5270286], [1.520449, 42.5295266], [1.5195537, 42.5317429], [1.5197805, 42.5343192], [1.5208575, 42.5361746], [1.5195329, 42.5385214], [1.5191692, 42.5411022], [1.5191181, 42.5412445], [1.5171602, 42.5429074], [1.5152965, 42.5448908], [1.5136976, 42.5469385], [1.5123587, 42.5491022], [1.5103165, 42.5508893], [1.5088854, 42.5520344], [1.5074028, 42.5533522], [1.5061924, 42.555671], [1.5047853, 42.5579422], [1.5030145, 42.5595799], [1.5007888, 42.5611657], [1.4984241, 42.5615472], [1.4958732, 42.5620126], [1.4937301, 42.5636064], [1.4915447, 42.5651584], [1.4896935, 42.5671804], [1.4887391, 42.5684409], [1.487613, 42.5698614], [1.4873168, 42.5701784], [1.4851988, 42.5715663], [1.4835535, 42.5710039]], "mood_vectors": [[0.0754, 0.018, 0.062, 0.0504, 0.7104, 0.0646, 0.0193], [0.0506, 0.0339, 0.0277, 0.0405, 0.7429, 0.02, 0.0843], [0.0245, 0.0203, 0.0455, 0.0806, 0.7002, 0.0662, 0.0628], [0.0686, 0.0539, 0.0132, 0.0797, 0.675, 0.072, 0.0376], [0.049, 0.0742, 0.0358, 0.0624, 0.6618, 0.0199, 0.0969], [0.0643, 0.0339, 0.0851, 0.0302, 0.6816, 0.0304, 0.0746], [0.0212, 0.0756, 0.0746, 0.0224, 0.6747, 0.0568, 0.0747], [0.0432, 0.0276, 0.0609, 0.0363, 0.7231, 0.0366, 0.0724], [0.038, 0.0735, 0.0635, 0.0135, 0.712, 0.0486, 0.0508], [0.0658, 0.0665, 0.0423, 0.0654, 0.6577, 0.0474, 0.0548], [0.0462, 0.0812, 0.0479, 0.0441, 0.692, 0.0466, 0.0419], [0.0683, 0.0463, 0.059, 0.015, 0.7268, 0.0447, 0.0398], [0.0279, 0.0735, 0.0841, 0.0521, 0.6477, 0.0271, 0.0876], [0.0888, 0.0675, 0.0434, 0.0187, 0.6585, 0.0557, 0.0675], [0.0263, 0.0784, 0.0601, 0.0336, 0.6868, 0.042, 0.0728], [0.0985, 0.0304, 0.0608, 0.0302, 0.6869, 0.077, 0.0163], [0.0432, 0.0185, 0.0218, 0.063, 0.782, 0.0389, 0.0326], [0.0421, 0.0371, 0.0358, 0.0128, 0.7751, 0.0602, 0.0368], [0.0619, 0.0747, 0.0492, 0.0238, 0.6981, 0.0642, 0.0281], [0.0769, 0.0606, 0.0639, 0.0315, 0.6564, 0.0551, 0.0557], [0.0456, 0.056, 0.0284, 0.0367, 0.7373, 0.0329, 0.0632], [0.0127, 0.0346, 0.0433, 0.0779, 0.689, 0.0812, 0.0613], [0.0405, 0.067, 0.051, 0.0153, 0.7495, 0.0447, 0.0319], [0.0193, 0.0778, 0.0477, 0.0743, 0.6832, 0.0752, 0.0227], [0.0558, 0.0817, 0.0718, 0.0412, 0.6838, 0.0366, 0.0291], [0.035, 0.0705, 0.0267, 0.0659, 0.7458, 0.0272, 0.029], [0.0694, 0.0142, 0.0442, 0.034, 0.7155, 0.0588, 0.064], [0.0632, 0.0635, 0.0822, 0.0694, 0.6669, 0.0203, 0.0344], [0.0289, 0.0632, 0.0337, 0.0679, 0.7329, 0.0258, 0.0478], [0.0429, 0.0341, 0.0579, 0.0814, 0.6595, 0.0981, 0.026], [0.0418, 0.0404, 0.0443, 0.0679, 0.7418, 0.0518, 0.0121], [0.0486, 0.0388, 0.0622, 0.0184, 0.7644, 0.0231, 0.0445], [0.0669, 0.0673, 0.039, 0.0356, 0.6391, 0.0781, 0.074], [0.0604, 0.0135, 0.0611, 0.0464, 0.6889, 0.0665, 0.0632], [0.0413, 0.0977, 0.0427, 0.0626, 0.6811, 0.0148, 0.0598], [0.0232, 0.0417, 0.0356, 0.0701, 0.7433, 0.0667, 0.0195], [0.0435, 0.0197, 0.0586, 0.0789, 0.7017, 0.0569, 0.0405], [0.03, 0.0731, 0.0389, 0.0531, 0.7348, 0.0167, 0.0534], [0.0436, 0.0232, 0.039, 0.0318, 0.7732, 0.0737, 0.0155], [0.0753, 0.0327, 0.056, 0.0397, 0.6734, 0.0829, 0.04], [0.0203, 0.0228, 0.0376, 0.0669, 0.7694, 0.0442, 0.0388], [0.0675, 0.0507, 0.0913, 0.017, 0.6851, 0.0438, 0.0446], [0.0724, 0.0736, 0.0286, 0.0515, 0.6908, 0.069, 0.0142], [0.0742, 0.0734, 0.0418, 0.0513, 0.7174, 0.0146, 0.0273], [0.0494, 0.0602, 0.0631, 0.0147, 0.6971, 0.0937, 0.0218], [0.0629, 0.0366, 0.0744, 0.0421, 0.7461, 0.0231, 0.0148], [0.0573, 0.0828, 0.0773, 0.0159, 0.6991, 0.0143, 0.0534], [0.0664, 0.013, 0.0688, 0.0321, 0.6822, 0.0728, 0.0648], [0.0256, 0.018, 0.0406, 0.0746, 0.7325, 0.0634, 0.0453], [0.0681, 0.0363, 0.0661, 0.0393, 0.7518, 0.0263, 0.0122], [0.0639, 0.0574, 0.0128, 0.0348, 0.7656, 0.0445, 0.021], [0.0378, 0.0429, 0.0641, 0.0161, 0.7166, 0.0646, 0.058], [0.0344, 0.0137, 0.0278, 0.081, 0.7405, 0.0813, 0.0214], [0.0222, 0.0384, 0.0566, 0.0487, 0.7345, 0.045, 0.0546], [0.0809, 0.0601, 0.0492, 0.0852, 0.6487, 0.0128, 0.0631], [0.0452, 0.0594, 0.059, 0.0193, 0.7119, 0.0497, 0.0555], [0.0404, 0.047, 0.0656, 0.0245, 0.7247, 0.0194, 0.0783], [0.0367, 0.058, 0.0223, 0.0434, 0.7641, 0.0381, 0.0373], [0.076, 0.0933, 0.0787, 0.0246, 0.6042, 0.0794, 0.0437], [0.0543, 0.0591, 0.0958, 0.0873, 0.6441, 0.0343, 0.025], [0.0462, 0.0536, 0.0207, 0.0749, 0.7148, 0.0245, 0.0654], [0.0619, 0.1018, 0.0184, 0.016, 0.6843, 0.025, 0.0926], [0.068, 0.0702, 0.0465, 0.0193, 0.6814, 0.0572, 0.0573], [0.0181, 0.0498, 0.0163, 0.0393, 0.7546, 0.0382, 0.0838], [0.0727, 0.0466, 0.0584, 0.0765, 0.6758, 0.025, 0.0451], [0.0241, 0.0824, 0.0284, 0.0141, 0.7469, 0.0648, 0.0392], [0.0123, 0.0509, 0.0281, 0.0471, 0.7858, 0.0603, 0.0155], [0.0574, 0.0532, 0.0758, 0.0735, 0.6738, 0.045, 0.0213], [0.0264, 0.0467, 0.0885, 0.0481, 0.7233, 0.0133, 0.0536], [0.0629, 0.0536, 0.0395, 0.0348, 0.7037, 0.0636, 0.0419], [0.0731, 0.0338, 0.0508, 0.081, 0.6179, 0.0618, 0.0816], [0.084, 0.0575, 0.0184, 0.0157, 0.7162, 0.0827, 0.0255], [0.0266, 0.0378, 0.0892, 0.0409, 0.7103, 0.0168, 0.0784], [0.0287, 0.0805, 0.0388, 0.0721, 0.6583, 0.0414, 0.0802], [0.065, 0.0452, 0.0601, 0.0767, 0.6297, 0.0619, 0.0616], [0.0662, 0.0371, 0.0715, 0.0225, 0.6934, 0.0463, 0.0629], [0.0789, 0.0628, 0.0837, 0.0761, 0.6323, 0.0506, 0.0157], [0.0331, 0.0136, 0.0512, 0.0591, 0.7282, 0.0702, 0.0446], [0.0868, 0.0357, 0.0307, 0.0155, 0.7442, 0.0444, 0.0427], [0.0197, 0.0559, 0.0185, 0.067, 0.7392, 0.0704, 0.0293]], "emotions": ["red", "red", "red", "red", "red", "red", "red", "red", "red", "red", "red", "red", "red", "red", "red", "red", "red", "red", "red", "red", "red", "red", "red", "red", "red", "red", "red", "red", "red", "red", "red", "red", "red", "red", "red", "red", "red", "red", "red", "red", "red", "red", "red", "red", "red", "red", "red", "red", "red", "red", "red", "red", "red", "red", "red", "red", "red", "red", "red", "red", "red", "red", "red", "red", "red", "red", "red", "red", "red", "red", "red", "red", "red", "red", "red", "red", "red", "red", "red", "red"], "timestamps": [0, 40, 80, 120, 160, 200, 240, 280, 320, 360, 400, 440, 480, 520, 560, 600, 640, 680, 720, 760, 800, 840, 880, 920, 960, 1000, 1040, 1080, 1120, 1160, 1200, 1240, 1280, 1320, 1360, 1400, 1440, 1480, 1520, 1560, 1600, 1640, 1680, 1720, 1760, 1800, 1840, 1880, 1920, 1960, 2000, 2040, 2080, 2120, 2160, 2200, 2240, 2280, 2320, 2360, 2400, 2440, 2480, 2520, 2560, 2600, 2640, 2680, 2720, 2760, 2800, 2840, 2880, 2920, 2960, 3000, 3040, 3080, 3120, 3160]}], "conversation": [], "conversation_timestamps": []}