{"agent_id": "agent-red-1496", "type": "red", "trips": [{"trip_id": 0, "transport_method": "foot", "start_time": 0, "path": [[1.4946403, 42.4909107], [1.4944171, 42.4912309], [1.4950545, 42.4905693], [1.4946083, 42.489715], [1.4941362, 42.4888735], [1.4936644, 42.4880318], [1.4931942, 42.4871893], [1.492785, 42.4863169], [1.4924235, 42.4854227], [1.4918401, 42.484739], [1.4910314, 42.4842857], [1.4905983, 42.483433], [1.4901558, 42.4825843], [1.489667, 42.4817529], [1.4894663, 42.4808174], [1.4893629, 42.4798587], [1.4896482, 42.4789464], [1.4901586, 42.4781277], [1.4905813, 42.477262], [1.4907393, 42.4763979], [1.4908377, 42.4754486], [1.4907223, 42.4745024], [1.4905072, 42.4735771], [1.4907984, 42.4726654], [1.4912536, 42.4718147], [1.4917088, 42.4709639], [1.4920277, 42.4700584], [1.4919468, 42.4691082], [1.4916377, 42.4681943], [1.491578, 42.467238], [1.4918357, 42.466479], [1.4917312, 42.4657056], [1.4910744, 42.4650073], [1.4908372, 42.4640911], [1.4910728, 42.4631882], [1.4909178, 42.4623233], [1.4905143, 42.4620639], [1.490073, 42.4612502], [1.4894798, 42.4604923], [1.4889711, 42.4596734], [1.4883997, 42.4588962], [1.4877367, 42.4582013], [1.4878876, 42.4583462], [1.4872655, 42.4576086], [1.4867772, 42.4567813], [1.4865984, 42.4558364], [1.4867643, 42.4548935], [1.4870033, 42.4539648], [1.4867201, 42.4531069], [1.4866266, 42.4521913], [1.4866286, 42.4513673], [1.4866008, 42.450488], [1.4865445, 42.4498071], [1.4860243, 42.4490194], [1.4860813, 42.4484791], [1.4867381, 42.4478053], [1.4865257, 42.4472124], [1.4859661, 42.4465174], [1.4862305, 42.445664], [1.4866674, 42.4448167], [1.4869753, 42.4439101], [1.4875431, 42.443179], [1.4880006, 42.4428868], [1.4881382, 42.4438418], [1.4882758, 42.4447969], [1.4882184, 42.4453522], [1.4882011, 42.4444514], [1.4881399, 42.4435073], [1.4880263, 42.4426727], [1.4881047, 42.4435121], [1.4882571, 42.4444649], [1.4884096, 42.4454176], [1.4887166, 42.4445965], [1.4890163, 42.4437023], [1.4897129, 42.4431158], [1.4897967, 42.4421642], [1.489433, 42.4413417], [1.4899746, 42.4405706], [1.4904085, 42.4405764], [1.4903528, 42.4415397]], "mood_vectors": [[0.7044, 0.0683, 0.0241, 0.0192, 0.0651, 0.0815, 0.0375], [0.7778, 0.0348, 0.0334, 0.0216, 0.0592, 0.025, 0.0482], [0.7631, 0.054, 0.0607, 0.0446, 0.0403, 0.0262, 0.0111], [0.7542, 0.0523, 0.0374, 0.0804, 0.028, 0.0301, 0.0175], [0.6232, 0.0643, 0.0824, 0.0505, 0.0636, 0.0798, 0.036], [0.6447, 0.0617, 0.0575, 0.0678, 0.0276, 0.0719, 0.0688], [0.6595, 0.086, 0.0401, 0.0197, 0.0343, 0.083, 0.0775], [0.7196, 0.0682, 0.0216, 0.0247, 0.086, 0.0587, 0.0212], [0.7172, 0.0694, 0.0449, 0.0184, 0.0476, 0.0466, 0.0559], [0.68, 0.024, 0.0337, 0.0748, 0.0729, 0.0419, 0.0727], [0.7089, 0.0496, 0.0249, 0.046, 0.0565, 0.0244, 0.0896], [0.6705, 0.0612, 0.0344, 0.0303, 0.0153, 0.0945, 0.0939], [0.7158, 0.0388, 0.0627, 0.0713, 0.0522, 0.0196, 0.0395], [0.7093, 0.0341, 0.077, 0.0351, 0.0675, 0.064, 0.013], [0.7253, 0.0357, 0.0879, 0.0301, 0.0183, 0.057, 0.0457], [0.7267, 0.0328, 0.0765, 0.0315, 0.0238, 0.0715, 0.0373], [0.6993, 0.0734, 0.016, 0.0707, 0.0909, 0.016, 0.0337], [0.7108, 0.0465, 0.0502, 0.0521, 0.0692, 0.0486, 0.0226], [0.7422, 0.0385, 0.0566, 0.0197, 0.0666, 0.0415, 0.0349], [0.6684, 0.0808, 0.0404, 0.0211, 0.0561, 0.0806, 0.0526], [0.6719, 0.0836, 0.0389, 0.0829, 0.0206, 0.0497, 0.0524], [0.7557, 0.03, 0.0208, 0.0201, 0.0518, 0.0466, 0.075], [0.6176, 0.0812, 0.0906, 0.0507, 0.0532, 0.0762, 0.0306], [0.7172, 0.0787, 0.0149, 0.0521, 0.0158, 0.0365, 0.0848], [0.7355, 0.0665, 0.0349, 0.0124, 0.0778, 0.0145, 0.0585], [0.6754, 0.072, 0.0355, 0.0263, 0.0607, 0.0659, 0.0642], [0.7488, 0.0607, 0.078, 0.0384, 0.027, 0.0178, 0.0293], [0.653, 0.0746, 0.0236, 0.0614, 0.0755, 0.0444, 0.0676], [0.6847, 0.0638, 0.0476, 0.0453, 0.0429, 0.0543, 0.0614], [0.7151, 0.0543, 0.0338, 0.0417, 0.0601, 0.0667, 0.0282], [0.6759, 0.0651, 0.0473, 0.0569, 0.0785, 0.0117, 0.0646], [0.7232, 0.0321, 0.0631, 0.0149, 0.0196, 0.0632, 0.0839], [0.7245, 0.0485, 0.0737, 0.0343, 0.0213, 0.0698, 0.028], [0.7138, 0.0705, 0.0704, 0.0188, 0.061, 0.0212, 0.0443], [0.7187, 0.0297, 0.028, 0.0633, 0.0672, 0.0475, 0.0456], [0.7334, 0.0307, 0.0557, 0.0236, 0.0632, 0.0473, 0.0461], [0.7664, 0.0433, 0.0673, 0.0395, 0.0295, 0.0324, 0.0216], [0.7404, 0.0885, 0.0227, 0.0383, 0.024, 0.0591, 0.027], [0.7414, 0.0827, 0.0189, 0.0392, 0.0511, 0.035, 0.0316], [0.7821, 0.0293, 0.0398, 0.0499, 0.0162, 0.0628, 0.0199], [0.7723, 0.0317, 0.0315, 0.0635, 0.0316, 0.0366, 0.0328], [0.7828, 0.0277, 0.0363, 0.0401, 0.0515, 0.0194, 0.0422], [0.7302, 0.0763, 0.0214, 0.0377, 0.0247, 0.0639, 0.0459], [0.7226, 0.0597, 0.0315, 0.0145, 0.0634, 0.0594, 0.0489], [0.6939, 0.0407, 0.0802, 0.0565, 0.0267, 0.0204, 0.0816], [0.714, 0.0372, 0.0532, 0.061, 0.0698, 0.0137, 0.051], [0.5994, 0.0787, 0.0544, 0.0815, 0.0512, 0.0541, 0.0807], [0.7137, 0.0687, 0.0218, 0.0662, 0.0234, 0.07, 0.0362], [0.6418, 0.0653, 0.0647, 0.0655, 0.0394, 0.0667, 0.0566], [0.7462, 0.0438, 0.0462, 0.0423, 0.0496, 0.0437, 0.0282], [0.6786, 0.065, 0.0488, 0.0572, 0.0629, 0.0326, 0.0549], [0.743, 0.0251, 0.0273, 0.0447, 0.077, 0.0232, 0.0596], [0.706, 0.034, 0.0474, 0.0662, 0.0275, 0.0688, 0.0501], [0.6825, 0.0211, 0.0866, 0.0567, 0.0616, 0.0393, 0.0522], [0.6866, 0.0472, 0.0646, 0.0852, 0.0656, 0.0317, 0.0191], [0.6885, 0.0908, 0.0452, 0.0867, 0.0179, 0.025, 0.0459], [0.5905, 0.0781, 0.0829, 0.0797, 0.0174, 0.0863, 0.065], [0.7784, 0.0633, 0.0261, 0.0146, 0.0311, 0.0629, 0.0236], [0.6721, 0.0429, 0.0823, 0.0809, 0.0431, 0.0607, 0.0179], [0.6856, 0.0622, 0.0782, 0.0136, 0.0444, 0.0595, 0.0565], [0.7333, 0.013, 0.0815, 0.0546, 0.0395, 0.0268, 0.0514], [0.6471, 0.0554, 0.055, 0.0752, 0.0398, 0.0827, 0.0448], [0.7048, 0.0802, 0.0154, 0.0362, 0.0394, 0.0617, 0.0623], [0.6465, 0.0613, 0.05, 0.0771, 0.0308, 0.0679, 0.0663], [0.7782, 0.047, 0.04, 0.0177, 0.0786, 0.0141, 0.0245], [0.7226, 0.0731, 0.0348, 0.0566, 0.0244, 0.0723, 0.0162], [0.7612, 0.0391, 0.032, 0.0388, 0.0445, 0.0684, 0.0159], [0.6995, 0.0525, 0.0365, 0.0561, 0.0878, 0.039, 0.0286], [0.7322, 0.0581, 0.0419, 0.0396, 0.0395, 0.0272, 0.0615], [0.7022, 0.0532, 0.0223, 0.0356, 0.0696, 0.0338, 0.0833], [0.7893, 0.0362, 0.0346, 0.0289, 0.0525, 0.031, 0.0275], [0.644, 0.0686, 0.0314, 0.0726, 0.079, 0.0688, 0.0356], [0.7617, 0.0747, 0.0376, 0.0157, 0.024, 0.0357, 0.0506], [0.7031, 0.0522, 0.0732, 0.0396, 0.0658, 0.0543, 0.0118], [0.7176, 0.0522, 0.0378, 0.0285, 0.046, 0.0974, 0.0205], [0.683, 0.0622, 0.0706, 0.0443, 0.0169, 0.0544, 0.0686], [0.7648, 0.041, 0.056, 0.0533, 0.0472, 0.0153, 0.0223], [0.7144, 0.0552, 0.0659, 0.0677, 0.0339, 0.0466, 0.0163], [0.7025, 0.0756, 0.0283, 0.0732, 0.0407, 0.0429, 0.0367], [0.6617, 0.0346, 0.0659, 0.0566, 0.0564, 0.0777, 0.0472]], "emotions": ["red", "red", "red", "red", "red", "red", "red", "red", "red", "red", "red", "red", "red", "red", "red", "red", "red", "red", "red", "red", "red", "red", "red", "red", "red", "red", "red", "red", "red", "red", "red", "red", "red", "red", "red", "red", "red", "red", "red", "red", "red", "red", "red", "red", "red", "red", "red", "red", "red", "red", "red", "red", "red", "red", "red", "red", "red", "red", "red", "red", "red", "red", "red", "red", "red", "red", "red", "red", "red", "red", "red", "red", "red", "red", "red", "red", "red", "red", "red", "red"], "timestamps": [0, 40, 80, 120, 160, 200, 240, 280, 320, 360, 400, 440, 480, 520, 560, 600, 640, 680, 720, 760, 800, 840, 880, 920, 960, 1000, 1040, 1080, 1120, 1160, 1200, 1240, 1280, 1320, 1360, 1400, 1440, 1480, 1520, 1560, 1600, 1640, 1680, 1720, 1760, 1800, 1840, 1880, 1920, 1960, 2000, 2040, 2080, 2120, 2160, 2200, 2240, 2280, 2320, 2360, 2400, 2440, 2480, 2520, 2560, 2600, 2640, 2680, 2720, 2760, 2800, 2840, 2880, 2920, 2960, 3000, 3040, 3080, 3120, 3160]}], "conversation": [], "conversation_timestamps": []}