{
  "agent_id": "agent-type-purple-31",
  "type": "purple",
  "trips": [
    {
      "trip_id": 0,
      "transport_method": "car",
      "start_time": 0,
      "path": [
        [
          1.5204326000000001,
          42.5062134
        ],
        [
          1.519598433467502,
          42.506183889732775
        ],
        [
          1.518791156444768,
          42.50634925503876
        ],
        [
          1.5183450730271661,
          42.505653360746955
        ],
        [
          1.5190691443423388,
          42.50554076690148
        ],
        [
          1.5198877558240356,
          42.50573028288351
        ],
        [
          1.5207063673057324,
          42.50591979886555
        ],
        [
          1.520071635387396,
          42.50577285267004
        ],
        [
          1.5192530239056992,
          42.50558333668801
        ],
        [
          1.5184345167025037,
          42.50556122845001
        ],
        [
          1.5186700376560065,
          42.50621073727065
        ],
        [
          1.5194115899738043,
          42.50621059908338
        ],
        [
          1.5202450017766127,
          42.50619264458797
        ],
        [
          1.5197852769611995,
          42.506157180382175
        ],
        [
          1.5197467816478931,
          42.50639766978394
        ],
        [
          1.5202189959785979,
          42.506420529525286
        ],
        [
          1.519430030530329,
          42.50627202684789
        ],
        [
          1.5189413478919758,
          42.506728087121495
        ],
        [
          1.5183264718160772,
          42.50665685298999
        ],
        [
          1.517705681758052,
          42.506602832479444
        ],
        [
          1.5168700887229696,
          42.50651621453953
        ],
        [
          1.5160408347040455,
          42.506399899613086
        ],
        [
          1.5165999803302008,
          42.50638543268788
        ],
        [
          1.5164146600728865,
          42.50637433381734
        ],
        [
          1.5161855548224643,
          42.50649013766032
        ],
        [
          1.5154254363493798,
          42.50684827307087
        ],
        [
          1.515563571273596,
          42.507113023883626
        ],
        [
          1.5163811034551968,
          42.50730714291272
        ],
        [
          1.516733164363202,
          42.50739073805819
        ],
        [
          1.5159156321816012,
          42.507196619029095
        ],
        [
          1.5150981000000001,
          42.50700249999999
        ]
      ],
      "emotions": [
        "green",
        "green",
        "green",
        "green",
        "green",
        "purple",
        "purple",
        "purple",
        "purple",
        "purple",
        "red",
        "red",
        "red",
        "red",
        "red",
        "purple",
        "purple",
        "purple",
        "purple",
        "purple",
        "red",
        "red",
        "red",
        "red",
        "red",
        "green",
        "green",
        "green",
        "green",
        "green",
        "red"
      ],
      "mood_vectors": [
        [
          0.06664359997611753,
          0.3343670665929109,
          0.2540498794241678,
          0.016043114869171482,
          0.2718021344521985,
          0.053585389355408734,
          0.0035088153300251576
        ],
        [
          0.043823147619636606,
          0.1291473245491184,
          0.19741710311671676,
          0.05094080328568932,
          0.22112282360840568,
          0.2206674191814686,
          0.1368813786389647
        ],
        [
          0.240185461169629,
          0.07198612572136154,
          0.177131586413887,
          0.04651093983132266,
          0.11638938630254489,
          0.18216443309082192,
          0.16563206747043302
        ],
        [
          0.12146365832078038,
          0.017473944817132384,
          0.14055832549557287,
          0.13980621953642802,
          0.1723293879147598,
          0.18397084853303558,
          0.22439761538229086
        ],
        [
          0.25258446169288756,
          0.22981128869053544,
          0.018655946800418526,
          0.2660125808408427,
          0.02637099525383246,
          0.1657306520712657,
          0.04083407465021753
        ],
        [
          0.14994662137318354,
          0.106210240880249,
          0.0700928216128311,
          0.04899849544722441,
          0.13593306233769634,
          0.37053046301174136,
          0.1182882953370742
        ],
        [
          0.10333816815387392,
          0.2095739752393832,
          0.016319867647692714,
          0.09527020253506303,
          0.3376481209638788,
          0.024983528548790726,
          0.2128661369113176
        ],
        [
          0.1815515262743357,
          0.18989397701138808,
          0.1053995748576401,
          0.04379558475575529,
          0.13691921905115584,
          0.14382431984679103,
          0.19861579820293385
        ],
        [
          0.26862867054244904,
          0.13887240298158532,
          0.19920468020586232,
          0.17844619353899432,
          0.1678781682431887,
          0.034758643966991645,
          0.012211240520928658
        ],
        [
          0.16098421245419856,
          0.14118552156377828,
          0.0019723039971879922,
          0.052333594774468806,
          0.22665356596678923,
          0.17323493933242481,
          0.24363586191115238
        ],
        [
          0.08990595609131341,
          0.21360939138716764,
          0.1557799709904992,
          0.031215376666590914,
          0.16894913980266127,
          0.20100268603037522,
          0.13953747903139238
        ],
        [
          0.10368827063996065,
          0.2827234958170953,
          0.018016930269018377,
          0.15130228769413756,
          0.3145435050741062,
          0.037292481872734894,
          0.09243302863294695
        ],
        [
          0.151858103495251,
          0.17635013567164703,
          0.16200707662169764,
          0.022990938060299622,
          0.10273581677081978,
          0.2351494313908703,
          0.1489084979894146
        ],
        [
          0.21871248376832417,
          0.16086529106270317,
          0.09660612318470235,
          0.13869096183119342,
          0.07727082603527292,
          0.2254960304731058,
          0.08235828364469809
        ],
        [
          0.09613146025951952,
          0.23759979975988374,
          0.16383224908648186,
          0.08815293367320733,
          0.0693947356360882,
          0.1052057959126828,
          0.2396830256721366
        ],
        [
          0.010128285002955761,
          0.15090750732340644,
          0.29787645750932906,
          0.18862576756602098,
          0.11402846882076337,
          0.056953457985736824,
          0.18148005579178766
        ],
        [
          0.1732347046694881,
          0.029523102842360205,
          0.22099927094712113,
          0.14239642477881698,
          0.044213705144332156,
          0.30538792395950326,
          0.08424486765837812
        ],
        [
          0.15875786762243074,
          0.17083135869706498,
          0.21659812222635155,
          0.029088957168191886,
          0.13944519723495835,
          0.0581585940384787,
          0.22711990301252374
        ],
        [
          0.035793260400428024,
          0.10544119866432611,
          0.17996709356615528,
          0.09191620442691205,
          0.17186489526255155,
          0.17889432208128817,
          0.23612302559833873
        ],
        [
          0.20691208794972246,
          0.015957503444677307,
          0.016569594501468544,
          0.1546975717428657,
          0.2972647309953183,
          0.29655791340287574,
          0.012040597963072023
        ],
        [
          0.19511078124679523,
          0.20517572807572967,
          0.1275543578484368,
          0.15955588871087298,
          0.020823318597182457,
          0.04320698748908405,
          0.24857293803189878
        ],
        [
          0.1935353721825083,
          0.179051853596324,
          0.1405324604969829,
          0.1926755001534518,
          0.05098255130307141,
          0.075294606837442,
          0.1679276554302195
        ],
        [
          0.14840471158961183,
          0.13014978632619742,
          0.1616721516388331,
          0.15624700594991267,
          0.0949731832455081,
          0.09973503069885369,
          0.2088181305510832
        ],
        [
          0.10090897519526718,
          0.13888525183832112,
          0.05605072881344819,
          0.161288837343224,
          0.13511586107483778,
          0.2054626031652518,
          0.2022877425696499
        ],
        [
          0.19065179250767328,
          0.15640603474505133,
          0.11758228888286708,
          0.12742013048625045,
          0.12672648562518515,
          0.11009724758795283,
          0.1711160201650199
        ],
        [
          0.19260808462966278,
          0.19614883651010342,
          0.06253106131693348,
          0.21528995179988822,
          0.09481638013606854,
          0.052200371369840765,
          0.18640531423750284
        ],
        [
          0.326124925804148,
          0.2766968437768746,
          0.07078037234042858,
          0.0855257660778068,
          0.13393323662239792,
          0.0846490074925735,
          0.022289847885770594
        ],
        [
          0.15389052227254743,
          0.20339092144911447,
          0.15623348202240067,
          0.09550882674444966,
          0.07234053502768768,
          0.08554453482060537,
          0.23309117766319473
        ],
        [
          0.21095973990641356,
          0.09753367598419642,
          0.20618611997429817,
          0.06862720626339278,
          0.23600113549985458,
          0.029328602588809673,
          0.15136351978303486
        ],
        [
          0.15932172608484266,
          0.1499943233253722,
          0.11723516169579741,
          0.16996341661653977,
          0.15345507947657377,
          0.1453882195775537,
          0.10464207322332057
        ],
        [
          0.08900864659642957,
          0.21073086030071,
          0.2095983693392931,
          0.09205111049605243,
          0.22896125480643537,
          0.10528183040802752,
          0.06436792805305194
        ]
      ],
      "timestamps": [
        0,
        1,
        2,
        3,
        4,
        5,
        6,
        7,
        8,
        9,
        10,
        11,
        12,
        13,
        14,
        15,
        16,
        17,
        18,
        19,
        20,
        21,
        22,
        23,
        24,
        25,
        26,
        27,
        28,
        29,
        30
      ],
      "distance": 595.2
    },
    {
      "trip_id": 1,
      "transport_method": "bicycle",
      "start_time": 31,
      "path": [
        [
          1.5150981000000001,
          42.50700249999999
        ],
        [
          1.51564507073666,
          42.50674479071352
        ],
        [
          1.5161920414733197,
          42.50648708142705
        ],
        [
          1.515648387790021,
          42.50674322785943
        ],
        [
          1.5151014170533612,
          42.5070009371459
        ],
        [
          1.5156828172480088,
          42.50714133825864
        ],
        [
          1.516271102094973,
          42.507281023626255
        ],
        [
          1.5168593869419373,
          42.50742070899388
        ],
        [
          1.517378513419681,
          42.50771975224643
        ],
        [
          1.5179530075566896,
          42.507886175301984
        ],
        [
          1.518452355087835,
          42.508172816004006
        ],
        [
          1.5189594487238212,
          42.508101321072
        ],
        [
          1.5195039241814152,
          42.50783838089026
        ],
        [
          1.5200536433468153,
          42.507591679249686
        ],
        [
          1.5206056562517005,
          42.5076846262808
        ],
        [
          1.5211394451623637,
          42.50796863413623
        ],
        [
          1.5216732340730266,
          42.50825264199167
        ],
        [
          1.5222527291364916,
          42.50841984187547
        ],
        [
          1.5228338436709246,
          42.50836565113416
        ],
        [
          1.5233756970235004,
          42.50846326149819
        ],
        [
          1.5239199508026833,
          42.50872666022055
        ],
        [
          1.523957081083479,
          42.50895508294592
        ],
        [
          1.524214207129747,
          42.50879374784993
        ],
        [
          1.5248076401055968,
          42.508909628677806
        ],
        [
          1.525363177900646,
          42.50908622929248
        ],
        [
          1.5253785907854827,
          42.50910659939406
        ],
        [
          1.5248327106348174,
          42.508914524249505
        ],
        [
          1.5242392776589675,
          42.50879864342163
        ],
        [
          1.5236713242336493,
          42.50860633414633
        ],
        [
          1.5231461738661538,
          42.508312221128996
        ],
        [
          1.5232443487742982,
          42.50787201098745
        ],
        [
          1.523831919354242,
          42.507799150128825
        ],
        [
          1.5244353660132346,
          42.50783713950688
        ],
        [
          1.5246199167640637,
          42.50819371551129
        ],
        [
          1.5250351435251086,
          42.50844144246124
        ],
        [
          1.5256073794823861,
          42.508615019613444
        ],
        [
          1.5254390702580114,
          42.508544682259604
        ],
        [
          1.5248532607325802,
          42.50839495496413
        ],
        [
          1.5246713723397534,
          42.50801317531816
        ],
        [
          1.525127660959843,
          42.50792590744599
        ],
        [
          1.525564399497352,
          42.50760202069282
        ],
        [
          1.5260992387746235,
          42.50788404553319
        ],
        [
          1.5264980112865012,
          42.50769072500653
        ],
        [
          1.5267636269229061,
          42.50719079293783
        ],
        [
          1.5261611532018151,
          42.507139641413026
        ],
        [
          1.525558679480724,
          42.507088489888226
        ],
        [
          1.5254639172072375,
          42.507020225866206
        ],
        [
          1.5260659261827298,
          42.507076584153275
        ],
        [
          1.5261836071100565,
          42.50693971010301
        ],
        [
          1.526619064746524,
          42.50712247231016
        ],
        [
          1.5272217475572785,
          42.507171098359926
        ],
        [
          1.5278244303680328,
          42.507219724409694
        ],
        [
          1.5276209093581286,
          42.506830715210675
        ],
        [
          1.5273637465867922,
          42.50629421147514
        ],
        [
          1.5269375290057647,
          42.50587800564291
        ],
        [
          1.5267518273822815,
          42.50612538252081
        ],
        [
          1.5263623179765713,
          42.506373283928504
        ],
        [
          1.5268356631956557,
          42.506015922472116
        ],
        [
          1.5264371148181763,
          42.50564196610354
        ],
        [
          1.526132492778747,
          42.505265446852476
        ],
        [
          1.5266949090804858,
          42.50530490828122
        ],
        [
          1.5272923235564728,
          42.5053981123958
        ],
        [
          1.5269375000000003,
          42.5054942
        ]
      ],
      "emotions": [
        "red",
        "red",
        "red",
        "red",
        "red",
        "red",
        "red",
        "red",
        "red",
        "purple",
        "purple",
        "purple",
        "purple",
        "purple",
        "red",
        "red",
        "red",
        "red",
        "red",
        "purple",
        "purple",
        "purple",
        "purple",
        "purple",
        "red",
        "red",
        "red",
        "red",
        "red",
        "red",
        "red",
        "red",
        "red",
        "red",
        "purple",
        "purple",
        "purple",
        "purple",
        "purple",
        "green",
        "green",
        "green",
        "green",
        "green",
        "purple",
        "purple",
        "purple",
        "purple",
        "purple",
        "purple",
        "purple",
        "purple",
        "purple",
        "purple",
        "red",
        "red",
        "red",
        "red",
        "red",
        "green",
        "green",
        "green",
        "green"
      ],
      "mood_vectors": [
        [
          0.07892625331811114,
          0.21525206985175302,
          0.042904057595925575,
          0.12127481382255385,
          0.10921359682410295,
          0.21537053478730916,
          0.21705867380024427
        ],
        [
          0.1482864140627765,
          0.1139086267548959,
          0.17081887408760663,
          0.20185139157440682,
          0.05342851792585123,
          0.13935435441738084,
          0.172351821177082
        ],
        [
          0.022167985828815844,
          0.14379785489786098,
          0.13391731836125326,
          0.22412775757334097,
          0.16040567967335922,
          0.20029919207301344,
          0.1152842115923563
        ],
        [
          0.041042674718553114,
          0.14596359157828923,
          0.19580982136624459,
          0.114190052337316,
          0.1316401271826776,
          0.2582277273269332,
          0.11312600548998625
        ],
        [
          0.13646562573341464,
          0.22546104578117682,
          0.043741588571682685,
          0.23990126257323668,
          0.2245686825869736,
          0.0027919745860454166,
          0.12706982016747015
        ],
        [
          0.24557803647746784,
          0.19709116943619817,
          0.20614695909291092,
          0.0999381638885541,
          0.0016838434984039088,
          0.08336864600064965,
          0.16619318160581545
        ],
        [
          0.2708839621539816,
          0.061265541140924716,
          0.28187563633897056,
          0.06672058582664225,
          0.16389740790665402,
          0.15116240917619178,
          0.004194457456635035
        ],
        [
          0.14435791136480117,
          0.10448732368434781,
          0.09007463274106735,
          0.17773729426314275,
          0.0794743227361402,
          0.1865396938014232,
          0.21732882140907747
        ],
        [
          0.31279076267160283,
          0.27187690744182696,
          0.04237439750023584,
          0.34099331231485136,
          0.01578898728344416,
          1.1589932688603557e-05,
          0.01616404285535033
        ],
        [
          0.15080124677580398,
          0.1835011137777682,
          0.09680440531972168,
          0.14108670896512154,
          0.19819135660913734,
          0.029708250616052107,
          0.19990691793639512
        ],
        [
          0.15538768505942357,
          0.06248116014219767,
          0.1937416682083747,
          0.15543559215879196,
          0.14008159652366828,
          0.2062190379366797,
          0.0866532599708641
        ],
        [
          0.014344843095884444,
          0.0334138646326761,
          0.05694529709748847,
          0.23143573957686323,
          0.30674928371215243,
          0.3069268651937928,
          0.0501841066911425
        ],
        [
          0.28442238345076143,
          0.08153336071059528,
          0.2364248463836678,
          0.06933816025313679,
          0.012311826423721724,
          0.2534623039410076,
          0.06250711883710948
        ],
        [
          0.04570227751824292,
          0.21394484899942778,
          0.013600418222954573,
          0.005509766195741914,
          0.17633377254965069,
          0.2692973777431014,
          0.2756115387708807
        ],
        [
          0.3096518536467597,
          0.16374388564364717,
          0.2119043299433102,
          0.09777476013585085,
          0.07005074296549312,
          0.003426863388853109,
          0.14344756427608582
        ],
        [
          0.03024667183647052,
          0.03826818145522297,
          0.11006218662459914,
          0.1489813282841036,
          0.127007132412317,
          0.2827367083761634,
          0.2626977910111234
        ],
        [
          0.08341563420222485,
          0.026002471190943312,
          0.3426513160458239,
          0.18651740738393208,
          0.08649509287116867,
          0.09783613446278236,
          0.17708194384312495
        ],
        [
          0.25642564187003863,
          0.12559816154651157,
          0.18092861673013136,
          0.0894303391264186,
          0.11705687666199871,
          0.159689284112512,
          0.07087107995238909
        ],
        [
          0.1783732474283107,
          0.16880675461262212,
          0.09435139952717082,
          0.1095631498275158,
          0.10712371296046548,
          0.13184756918615093,
          0.20993416645776417
        ],
        [
          0.10304766322513803,
          0.12670415841199134,
          0.1680355252280507,
          0.13662092243117882,
          0.1853971562415239,
          0.07339188377150603,
          0.20680269069061122
        ],
        [
          0.05010776544741803,
          0.029195155629720387,
          0.2459264604588207,
          0.32347216297658377,
          0.12830114842707682,
          0.08204103823657952,
          0.14095626882380075
        ],
        [
          0.16954919667203197,
          0.20201270782710104,
          0.2532186210039894,
          0.02738950858565821,
          0.02884847037131962,
          0.19128363489259662,
          0.1276978606473031
        ],
        [
          0.05744096121748495,
          0.18515876364778938,
          0.1614000117799934,
          0.1621624661436308,
          0.18828110302833023,
          0.055671520345005096,
          0.18988517383776615
        ],
        [
          0.2163556336943331,
          0.07650305321036519,
          0.18385617793799103,
          0.03757797198965334,
          0.267826946870002,
          0.18475850905194557,
          0.03312170724570972
        ],
        [
          0.15627699804230083,
          0.008876354649126993,
          0.13291917361989092,
          0.16300256009457786,
          0.19742784714533057,
          0.13781455857406633,
          0.20368250787470651
        ],
        [
          0.17429486733281696,
          0.19122103646902375,
          0.10897884266285263,
          0.04017596129467009,
          0.13614964799205032,
          0.2262875596119085,
          0.12289208463667783
        ],
        [
          0.21581531139424412,
          0.07254847548662526,
          0.1608846531140789,
          0.0005971666193090636,
          0.16855676398504324,
          0.24001904823850023,
          0.1415785811621992
        ],
        [
          0.12310209760827134,
          0.2527144985869808,
          0.007753332067273324,
          0.1875766251087145,
          0.16334999517281235,
          0.0882599836264437,
          0.17724346782950395
        ],
        [
          0.035948576987571076,
          0.0326693939315492,
          0.06656248020216116,
          0.3018472190276943,
          0.24217701253293478,
          0.07562354483050977,
          0.24517177248757968
        ],
        [
          0.015009160566266881,
          0.11211290395860649,
          0.10496923440018967,
          0.2441630376683307,
          0.1122109068655898,
          0.2473117402082853,
          0.1642230163327312
        ],
        [
          0.20055372239282349,
          0.18432614463011324,
          0.029170643157683418,
          0.0917669030516743,
          0.23122875314745633,
          0.03935222820285576,
          0.22360160541739352
        ],
        [
          0.15447004037671036,
          0.16787484771061265,
          0.13667929783044602,
          0.14951676782722262,
          0.14996829443181264,
          0.07273912827938175,
          0.16875162354381398
        ],
        [
          0.20845413352901127,
          0.22405374708119224,
          0.04094178296354762,
          0.08990269404083666,
          0.13373744769112253,
          0.1788329045559629,
          0.12407729013832672
        ],
        [
          0.12156553300640097,
          0.10390363424275267,
          0.012841716766653558,
          0.21665115772299345,
          0.2352499113475369,
          0.019686476080322823,
          0.29010157083333965
        ],
        [
          0.02793598237110807,
          0.072372736084074,
          0.19009325411644362,
          0.1651653195830893,
          0.0920208836965836,
          0.2174360355039155,
          0.23497578864478594
        ],
        [
          0.17676218031168586,
          0.2908648340299994,
          0.11210978827408273,
          0.0006886527713946376,
          0.2204877063408856,
          0.04126638954747753,
          0.15782044872447418
        ],
        [
          0.17720820648355373,
          0.22829325755159666,
          0.2108850768945347,
          0.035529479337580314,
          0.27890376688685814,
          0.04183603163357189,
          0.02734418121230461
        ],
        [
          0.06399209254041212,
          0.07484495192059086,
          0.13612977193046846,
          0.39058681428128994,
          0.10372947000642462,
          0.22720061812571715,
          0.0035162811950968124
        ],
        [
          0.15116543731896082,
          0.16101111391014447,
          0.12634822440401555,
          0.1068054947221695,
          0.12541831626589245,
          0.18414302895455031,
          0.14510838442426688
        ],
        [
          0.03645538551952305,
          0.15135443518416924,
          0.16927618842754336,
          0.23272981607603532,
          0.30266914187677424,
          0.10383093591171069,
          0.00368409700424404
        ],
        [
          0.2812720426071141,
          0.03092253094931582,
          0.009680436788829965,
          0.16547722742350962,
          0.1286487962955515,
          0.1792580564361027,
          0.20474090949957627
        ],
        [
          0.12855865550433257,
          0.25025521584051713,
          0.08962775332765138,
          0.031417537182818346,
          0.07893631330812588,
          0.24752970875465727,
          0.17367481608189742
        ],
        [
          0.15615159449150057,
          0.06339706584555656,
          0.23600382000383233,
          0.09602097422835765,
          0.09514167119749722,
          0.219707983566341,
          0.1335768906669147
        ],
        [
          0.22456661255211363,
          0.23981110668765804,
          0.03211726040026698,
          0.06244946427298264,
          0.12541670762778534,
          0.1015518932749346,
          0.21408695518425871
        ],
        [
          0.21493962607472894,
          0.10081535447623596,
          0.05131284610856987,
          0.26398102832255416,
          0.11423875258696058,
          0.21772196323764464,
          0.03699042919330591
        ],
        [
          0.08409947488272314,
          0.2857916867553867,
          0.11330936860524791,
          0.08260444971915343,
          0.1645581993466015,
          0.13043392027073944,
          0.13920290042014788
        ],
        [
          0.18905225652661461,
          0.2288664474973244,
          0.1013123456662621,
          0.06953321029308608,
          0.26963763862340984,
          0.00769779822524494,
          0.13390030316805804
        ],
        [
          0.1615409186100764,
          0.16604832673855804,
          0.23587301202390548,
          0.16182404358059616,
          0.08713607788032339,
          0.15375051294050077,
          0.03382710822603976
        ],
        [
          0.0330019790551251,
          0.22588276125918164,
          0.18267210161361377,
          0.2366632519639702,
          0.19747425736219235,
          0.09262173295654014,
          0.03168391578937679
        ],
        [
          0.01170421492104182,
          0.2462119684141889,
          0.08480874162264616,
          0.14293736970423782,
          0.09925801795431828,
          0.28346599334873024,
          0.13161369403483675
        ],
        [
          0.2318437211778589,
          0.07533437602757162,
          0.2697396786333153,
          0.1408810298904664,
          0.2254891149660949,
          0.01782072315408831,
          0.03889135615060453
        ],
        [
          0.14297253422817519,
          0.18691409735305897,
          0.1775511057202239,
          0.14123412932667248,
          0.13613815141399402,
          0.07007541946751655,
          0.14511456249035895
        ],
        [
          0.20193951757777928,
          0.06907891448731272,
          0.28527452313962465,
          0.08314972160104103,
          0.03463673028617101,
          0.06467928970523226,
          0.26124130320283906
        ],
        [
          0.017531460872127744,
          0.07231120071263125,
          0.10029233278954951,
          0.2585551840230981,
          0.02230055793608375,
          0.25731822909709906,
          0.2716910345694107
        ],
        [
          0.10901825216500294,
          0.15478913140414421,
          0.1507058685056964,
          0.16240475069298851,
          0.20056476053048775,
          0.03663288902118329,
          0.18588434768049694
        ],
        [
          0.1645908503548777,
          0.2517184470611607,
          0.07851340093939564,
          0.21256348340942477,
          0.08142722039816405,
          0.053890806618088295,
          0.1572957912188888
        ],
        [
          0.12555820398261366,
          0.24127640009921666,
          0.04647271355630466,
          0.14299717480400315,
          0.10049262277746504,
          0.22750944468253936,
          0.11569344009785747
        ],
        [
          0.08345662346412838,
          0.046121544152429146,
          0.19182806681743392,
          0.2528363002434449,
          0.08166650625338723,
          0.21152273335462426,
          0.13256822571455218
        ],
        [
          0.041266150839343194,
          0.08914463486710646,
          0.1948629341601283,
          0.1432309717471459,
          0.06551198021156451,
          0.13048002105889217,
          0.3355033071158194
        ],
        [
          0.12412625703244531,
          0.08841574123441219,
          0.1754082023193203,
          0.12839457506585084,
          0.01220355744802807,
          0.16131171261493157,
          0.3101399542850117
        ],
        [
          0.14258320443444705,
          0.09077435020391454,
          0.19554443599419968,
          0.12016880234963603,
          0.21015174217471308,
          0.12484396708783163,
          0.11593349775525802
        ],
        [
          0.14535337095475495,
          0.009923523319471111,
          0.11725640608385225,
          0.11998050463505516,
          0.19735956537863625,
          0.22052465078526498,
          0.1896019788429652
        ],
        [
          0.0007539969778803296,
          2.7575949118066532e-05,
          0.29374144951832115,
          0.0604242993175724,
          0.29608139281482027,
          0.31800833543513196,
          0.030962949987155895
        ]
      ],
      "timestamps": [
        31,
        32,
        33,
        34,
        35,
        36,
        37,
        38,
        39,
        40,
        41,
        42,
        43,
        44,
        45,
        46,
        47,
        48,
        49,
        50,
        51,
        52,
        53,
        54,
        55,
        56,
        57,
        58,
        59,
        60,
        61,
        62,
        63,
        64,
        65,
        66,
        67,
        68,
        69,
        70,
        71,
        72,
        73,
        74,
        75,
        76,
        77,
        78,
        79,
        80,
        81,
        82,
        83,
        84,
        85,
        86,
        87,
        88,
        89,
        90,
        91,
        92,
        93
      ],
      "distance": 1108.2
    },
    {
      "trip_id": 2,
      "transport_method": "car",
      "start_time": 94,
      "path": [
        [
          1.5272086000000002,
          42.5052155
        ],
        [
          1.527863671181816,
          42.505193838279695
        ],
        [
          1.527149404057875,
          42.50537581517025
        ],
        [
          1.5270058993189441,
          42.505353426639886
        ],
        [
          1.5279606888801702,
          42.505243202298956
        ],
        [
          1.5262412000000003,
          42.5048513
        ]
      ],
      "emotions": [
        "green",
        "purple",
        "purple",
        "purple",
        "purple",
        "purple"
      ],
      "mood_vectors": [
        [
          0.2839507980152244,
          0.1549393726107311,
          0.009556305408209493,
          0.24456259019439464,
          0.02684872182770861,
          0.278300553130201,
          0.0018416588135307436
        ],
        [
          0.17860415165756255,
          0.2089556421523302,
          0.242460587647793,
          0.23594188913320574,
          0.031152537438848864,
          0.050568394729402534,
          0.052316797240857034
        ],
        [
          0.1475994260124228,
          0.16940755207024535,
          0.1718375595473213,
          0.19748520133298933,
          0.1334682746381061,
          0.0032031067148431793,
          0.17699887968407202
        ],
        [
          0.18954563327156043,
          0.2397418608062544,
          0.06141373064766713,
          0.07296136746790721,
          0.12110402565755847,
          0.24406943514980192,
          0.07116394699925041
        ],
        [
          0.1604914914520336,
          0.022052857872958544,
          0.17380820984166992,
          0.14778545226096476,
          0.19738490159173155,
          0.160769165003289,
          0.13770792197735265
        ],
        [
          0.08648269171646093,
          0.06584685330682194,
          0.15088044431904266,
          0.14343135533660498,
          0.18172133976847932,
          0.19239786872688044,
          0.17923944682570975
        ]
      ],
      "timestamps": [
        94,
        95,
        96,
        97,
        98,
        99
      ],
      "distance": 1102.4
    }
  ],
  "conversation": [
    "Feeling pretty good.",
    "Wait, is this Parc Central or the old quarter?",
    "This place has a kind of quiet magic."
  ],
  "conversation_timestamps": [
    47,
    53,
    96
  ]
}
