{"agent_id": "agent-green-1237", "type": "green", "trips": [{"trip_id": 0, "transport_method": "bus", "start_time": 0, "path": [[1.540531, 42.511786], [1.5413788, 42.5116426], [1.5417998, 42.5110419], [1.5420842, 42.5102404], [1.5423032, 42.5099129], [1.5427599, 42.5096139], [1.5435107, 42.5095988], [1.5441627, 42.5098308], [1.5450044, 42.5099916], [1.545687, 42.5104898], [1.5462113, 42.5111108], [1.5470011, 42.5114364], [1.5478419, 42.5116264], [1.5486823, 42.5118175], [1.5494444, 42.5118774], [1.5496747, 42.5118382], [1.5503728, 42.5121247], [1.5502974, 42.512106], [1.5510143, 42.5125688], [1.5515634, 42.5130489], [1.5509888, 42.5125443], [1.5516741, 42.5130675], [1.5524128, 42.5135028], [1.5525113, 42.513627], [1.5527014, 42.5144202], [1.5529626, 42.5152167], [1.5533972, 42.5159524], [1.5536802, 42.5167638], [1.5542085, 42.5174413], [1.5549336, 42.5178978], [1.555693, 42.5181903], [1.5563186, 42.5187731], [1.5568161, 42.5194737], [1.5573974, 42.5200553], [1.5580059, 42.5206659], [1.5586401, 42.5212498], [1.5593028, 42.5218012], [1.5596719, 42.5219764], [1.5597279, 42.5221254], [1.5604691, 42.5225523], [1.561183, 42.5230323], [1.561851, 42.5235751], [1.5624104, 42.524229], [1.5631272, 42.5246853], [1.5639329, 42.5249745], [1.5647263, 42.5252334], [1.5655384, 42.5255205], [1.5663087, 42.5259052], [1.5669933, 42.5264292], [1.5676758, 42.526956], [1.5684398, 42.5273507], [1.5691458, 42.5278319], [1.5698924, 42.5282582], [1.5706128, 42.528732], [1.5712574, 42.5292965], [1.5719335, 42.5298224], [1.5724533, 42.5305055], [1.5730124, 42.5311593], [1.5735971, 42.5317913], [1.5742568, 42.5323004], [1.5750991, 42.5324464], [1.5759409, 42.5326331], [1.5767737, 42.5327639], [1.5776283, 42.5328785], [1.5784779, 42.533004], [1.5792869, 42.533285], [1.5800854, 42.5335997], [1.5808515, 42.5339336], [1.5816406, 42.534185], [1.582314, 42.534688], [1.5829285, 42.5351892], [1.58378, 42.5351086], [1.5845861, 42.5351489], [1.5853789, 42.5354829], [1.5859802, 42.5359791], [1.5866059, 42.5360152], [1.5872855, 42.5364456], [1.5878889, 42.536964], [1.5883185, 42.5368427], [1.5877578, 42.5361905]], "mood_vectors": [[0.0858, 0.0549, 0.0396, 0.0439, 0.0919, 0.0405, 0.6434], [0.0281, 0.0332, 0.0725, 0.0679, 0.0199, 0.0553, 0.7232], [0.0368, 0.0808, 0.0359, 0.0318, 0.0264, 0.0789, 0.7095], [0.0251, 0.0509, 0.0674, 0.0701, 0.0416, 0.0437, 0.7012], [0.0559, 0.0282, 0.0276, 0.0208, 0.0654, 0.0676, 0.7346], [0.0501, 0.0621, 0.0709, 0.0344, 0.0504, 0.0267, 0.7054], [0.0646, 0.0672, 0.0354, 0.0652, 0.0301, 0.0128, 0.7247], [0.0738, 0.0622, 0.042, 0.0196, 0.0652, 0.0416, 0.6956], [0.0653, 0.0812, 0.0166, 0.0628, 0.0542, 0.0785, 0.6415], [0.0317, 0.0282, 0.0303, 0.044, 0.0753, 0.0761, 0.7144], [0.0296, 0.0306, 0.0832, 0.0665, 0.0181, 0.0672, 0.7048], [0.0422, 0.0452, 0.0726, 0.0685, 0.044, 0.0393, 0.6881], [0.0166, 0.0778, 0.0413, 0.0639, 0.033, 0.0572, 0.7102], [0.035, 0.0275, 0.0795, 0.043, 0.0484, 0.0451, 0.7217], [0.0169, 0.0518, 0.0526, 0.0434, 0.049, 0.023, 0.7633], [0.0172, 0.0525, 0.0167, 0.0218, 0.0184, 0.0756, 0.7978], [0.0675, 0.0141, 0.0519, 0.0657, 0.0349, 0.0723, 0.6936], [0.0478, 0.0375, 0.0175, 0.0689, 0.0528, 0.0632, 0.7122], [0.0745, 0.0239, 0.0399, 0.02, 0.0723, 0.0334, 0.736], [0.0636, 0.0773, 0.0244, 0.0178, 0.0915, 0.0406, 0.6848], [0.0301, 0.0829, 0.09, 0.0282, 0.0182, 0.068, 0.6826], [0.051, 0.0616, 0.0469, 0.0663, 0.0426, 0.0629, 0.6686], [0.0765, 0.0213, 0.0575, 0.0156, 0.047, 0.0755, 0.7066], [0.0455, 0.0433, 0.0691, 0.0592, 0.0767, 0.0175, 0.6887], [0.0584, 0.0506, 0.0381, 0.0505, 0.0174, 0.049, 0.736], [0.0887, 0.0171, 0.018, 0.0715, 0.0805, 0.0408, 0.6834], [0.0334, 0.0631, 0.0247, 0.0596, 0.0157, 0.0413, 0.7621], [0.036, 0.0304, 0.0268, 0.0694, 0.0539, 0.0738, 0.7097], [0.0389, 0.0122, 0.0338, 0.0716, 0.0721, 0.0153, 0.7561], [0.0719, 0.0413, 0.0447, 0.0682, 0.0314, 0.0114, 0.7312], [0.0258, 0.0368, 0.0514, 0.0243, 0.0126, 0.0645, 0.7846], [0.0653, 0.0673, 0.0577, 0.0308, 0.0351, 0.0525, 0.6913], [0.0387, 0.0208, 0.09, 0.0841, 0.0417, 0.0523, 0.6726], [0.0404, 0.0449, 0.0641, 0.0781, 0.0814, 0.0875, 0.6036], [0.0543, 0.0622, 0.0253, 0.0186, 0.0497, 0.0636, 0.7262], [0.04, 0.0162, 0.0134, 0.0229, 0.05, 0.051, 0.8065], [0.0831, 0.0367, 0.0273, 0.0329, 0.073, 0.0217, 0.7253], [0.031, 0.0146, 0.0339, 0.0995, 0.04, 0.0391, 0.7418], [0.0856, 0.0754, 0.0199, 0.0269, 0.0458, 0.0135, 0.733], [0.0634, 0.0666, 0.0162, 0.0497, 0.0616, 0.05, 0.6927], [0.0316, 0.0364, 0.0318, 0.0902, 0.0135, 0.0913, 0.7052], [0.0545, 0.0848, 0.0315, 0.041, 0.0489, 0.0332, 0.706], [0.0781, 0.0821, 0.0157, 0.0727, 0.0184, 0.0331, 0.6999], [0.0687, 0.0389, 0.0576, 0.0421, 0.0662, 0.0749, 0.6516], [0.044, 0.065, 0.0766, 0.0252, 0.0502, 0.0438, 0.6951], [0.0704, 0.0504, 0.0298, 0.0501, 0.0604, 0.0235, 0.7153], [0.0718, 0.0316, 0.048, 0.0623, 0.0493, 0.0424, 0.6947], [0.0883, 0.0704, 0.0142, 0.0168, 0.0925, 0.0295, 0.6883], [0.0179, 0.0803, 0.083, 0.045, 0.0251, 0.0165, 0.7322], [0.0608, 0.0748, 0.0189, 0.0395, 0.0268, 0.0525, 0.7266], [0.024, 0.0767, 0.0521, 0.0895, 0.0617, 0.0341, 0.662], [0.0264, 0.0761, 0.0308, 0.0825, 0.0135, 0.0596, 0.711], [0.0626, 0.0394, 0.0333, 0.0179, 0.0558, 0.0784, 0.7126], [0.0424, 0.0249, 0.0634, 0.063, 0.0941, 0.0369, 0.6753], [0.0711, 0.0615, 0.0506, 0.0219, 0.0721, 0.0203, 0.7025], [0.0244, 0.0632, 0.0411, 0.0158, 0.0505, 0.0451, 0.7599], [0.0608, 0.0766, 0.0545, 0.0278, 0.0466, 0.0523, 0.6814], [0.0142, 0.0266, 0.0353, 0.0249, 0.0522, 0.0613, 0.7855], [0.071, 0.0617, 0.0886, 0.0888, 0.0188, 0.044, 0.6271], [0.0533, 0.0404, 0.0725, 0.0152, 0.0377, 0.0633, 0.7177], [0.0372, 0.0318, 0.046, 0.076, 0.0386, 0.0246, 0.7459], [0.0214, 0.0627, 0.0336, 0.0937, 0.0396, 0.0634, 0.6856], [0.0628, 0.0492, 0.0667, 0.0154, 0.0571, 0.0446, 0.7043], [0.0657, 0.0307, 0.0768, 0.0422, 0.031, 0.0644, 0.6892], [0.0344, 0.0449, 0.0965, 0.0672, 0.0195, 0.0879, 0.6495], [0.0252, 0.057, 0.0203, 0.0904, 0.0191, 0.0326, 0.7554], [0.0389, 0.0681, 0.0504, 0.0303, 0.0597, 0.0312, 0.7214], [0.0172, 0.0337, 0.0419, 0.0374, 0.0884, 0.0162, 0.7652], [0.0754, 0.0565, 0.0397, 0.0126, 0.0366, 0.0685, 0.7108], [0.0381, 0.0437, 0.0448, 0.0669, 0.0532, 0.0738, 0.6795], [0.063, 0.0624, 0.0754, 0.0123, 0.0563, 0.057, 0.6736], [0.0758, 0.0248, 0.0539, 0.0139, 0.0282, 0.0541, 0.7493], [0.0534, 0.0411, 0.0518, 0.0788, 0.0521, 0.0218, 0.701], [0.0486, 0.0685, 0.0557, 0.0654, 0.0546, 0.0132, 0.6939], [0.0532, 0.0349, 0.0332, 0.0435, 0.0838, 0.0286, 0.7227], [0.0479, 0.0226, 0.0663, 0.0741, 0.0525, 0.0199, 0.7167], [0.0157, 0.081, 0.0657, 0.0227, 0.0756, 0.0259, 0.7135], [0.039, 0.0638, 0.0439, 0.0532, 0.0557, 0.093, 0.6514], [0.086, 0.0478, 0.0841, 0.0488, 0.0868, 0.0421, 0.6044], [0.0228, 0.0457, 0.0677, 0.0944, 0.0849, 0.0295, 0.6549]], "emotions": ["purple", "purple", "purple", "purple", "purple", "purple", "purple", "purple", "purple", "purple", "purple", "purple", "purple", "purple", "purple", "purple", "purple", "purple", "purple", "purple", "purple", "purple", "purple", "purple", "purple", "purple", "purple", "purple", "purple", "purple", "purple", "purple", "purple", "purple", "purple", "purple", "purple", "purple", "purple", "purple", "purple", "purple", "purple", "purple", "purple", "purple", "purple", "purple", "purple", "purple", "purple", "purple", "purple", "purple", "purple", "purple", "purple", "purple", "purple", "purple", "purple", "purple", "purple", "purple", "purple", "purple", "purple", "purple", "purple", "purple", "purple", "purple", "purple", "purple", "purple", "purple", "purple", "purple", "purple", "purple"], "timestamps": [0, 40, 80, 120, 160, 200, 240, 280, 320, 360, 400, 440, 480, 520, 560, 600, 640, 680, 720, 760, 800, 840, 880, 920, 960, 1000, 1040, 1080, 1120, 1160, 1200, 1240, 1280, 1320, 1360, 1400, 1440, 1480, 1520, 1560, 1600, 1640, 1680, 1720, 1760, 1800, 1840, 1880, 1920, 1960, 2000, 2040, 2080, 2120, 2160, 2200, 2240, 2280, 2320, 2360, 2400, 2440, 2480, 2520, 2560, 2600, 2640, 2680, 2720, 2760, 2800, 2840, 2880, 2920, 2960, 3000, 3040, 3080, 3120, 3160]}], "conversation": [], "conversation_timestamps": []}