{"agent_id": "agent-orange-1298", "type": "orange", "trips": [{"trip_id": 0, "transport_method": "car", "start_time": 0, "path": [[1.5119024, 42.5443653], [1.5110357, 42.5437431], [1.5106405, 42.5435371], [1.5116803, 42.5439101], [1.5127202, 42.544283], [1.5137105, 42.5446367], [1.5126663, 42.5443475], [1.5122225, 42.544457], [1.5132845, 42.544761], [1.5143604, 42.5449313], [1.5154172, 42.5447591], [1.5161644, 42.5439559], [1.5169372, 42.5431822], [1.5175135, 42.5422561], [1.5183457, 42.5415948], [1.5192377, 42.5410486], [1.5193971, 42.5400547], [1.5194866, 42.5389954], [1.5193855, 42.5400749], [1.5194917, 42.5391375], [1.5196838, 42.5380574], [1.5201126, 42.5370408], [1.5208104, 42.536203], [1.5210327, 42.5354723], [1.5202073, 42.5347392], [1.5194928, 42.533912], [1.519745, 42.5328571], [1.5195799, 42.5317814], [1.5197992, 42.5306986], [1.5195357, 42.5316034], [1.5196679, 42.5309899], [1.5198599, 42.5300593], [1.5205916, 42.5292757], [1.5204682, 42.5282171], [1.5199541, 42.5272746], [1.5205008, 42.5263346], [1.5206146, 42.5252427], [1.520885, 42.524194], [1.5215717, 42.5233305], [1.5220107, 42.5223247], [1.5228528, 42.5216261], [1.5234723, 42.5207467], [1.5238351, 42.5197032], [1.5235819, 42.5205876], [1.5235496, 42.5205967], [1.5239579, 42.5195703], [1.5244637, 42.5186147], [1.5253666, 42.5180311], [1.5261997, 42.5173401], [1.5271385, 42.5168497], [1.5281131, 42.5163717], [1.5289692, 42.5157068], [1.5296616, 42.5148593], [1.5304052, 42.5141065], [1.5304466, 42.5130569], [1.5309808, 42.5121234], [1.5300979, 42.5115695], [1.5294602, 42.5108082], [1.5291227, 42.5099464], [1.5286177, 42.5094786], [1.5293773, 42.5101911], [1.5285757, 42.509431], [1.5277386, 42.5087152], [1.5266735, 42.50851], [1.5256826, 42.5081677], [1.5246274, 42.507845], [1.5235299, 42.507801], [1.5224493, 42.5077306], [1.5214658, 42.5075201], [1.5203819, 42.5073903], [1.5193509, 42.5071679], [1.5187283, 42.506735], [1.5180575, 42.5062247], [1.5170621, 42.5058953], [1.5160535, 42.5054534], [1.5151242, 42.5049508], [1.5147569, 42.5044895], [1.513977, 42.5037127], [1.5132296, 42.5029969], [1.5122325, 42.5027135]], "mood_vectors": [[0.0392, 0.0672, 0.0541, 0.0628, 0.7071, 0.0441, 0.0254], [0.0699, 0.0356, 0.0524, 0.0815, 0.6972, 0.0374, 0.026], [0.0404, 0.0485, 0.0444, 0.0521, 0.6492, 0.0999, 0.0654], [0.0666, 0.0198, 0.0758, 0.0393, 0.648, 0.0562, 0.0943], [0.056, 0.0407, 0.0401, 0.0756, 0.6793, 0.0555, 0.0528], [0.0618, 0.0494, 0.0414, 0.0796, 0.6532, 0.042, 0.0726], [0.0701, 0.0701, 0.0706, 0.0427, 0.6834, 0.0452, 0.0179], [0.0309, 0.0699, 0.0525, 0.0624, 0.6738, 0.075, 0.0355], [0.0574, 0.0289, 0.0221, 0.0689, 0.7539, 0.0491, 0.0198], [0.0863, 0.0171, 0.0911, 0.0263, 0.6264, 0.062, 0.0909], [0.0636, 0.0465, 0.0394, 0.0195, 0.7723, 0.0433, 0.0154], [0.0604, 0.0701, 0.0239, 0.0154, 0.7677, 0.04, 0.0224], [0.0404, 0.0409, 0.0488, 0.0433, 0.7234, 0.0483, 0.0549], [0.0159, 0.0948, 0.0151, 0.0504, 0.6873, 0.0643, 0.0721], [0.0381, 0.0621, 0.0537, 0.0503, 0.7165, 0.027, 0.0524], [0.0698, 0.0156, 0.0182, 0.0611, 0.7825, 0.0322, 0.0207], [0.0705, 0.0485, 0.0135, 0.0575, 0.7083, 0.0822, 0.0196], [0.0164, 0.0708, 0.0497, 0.0764, 0.686, 0.0466, 0.054], [0.0219, 0.0341, 0.0381, 0.0382, 0.7981, 0.0377, 0.0319], [0.0483, 0.0353, 0.028, 0.0194, 0.7976, 0.0339, 0.0374], [0.0604, 0.0259, 0.042, 0.0676, 0.6932, 0.091, 0.0199], [0.0464, 0.0364, 0.032, 0.0869, 0.6408, 0.0661, 0.0914], [0.0546, 0.0747, 0.0146, 0.0878, 0.6616, 0.0647, 0.0421], [0.0823, 0.0318, 0.0378, 0.0405, 0.6573, 0.0702, 0.0801], [0.0166, 0.0261, 0.0393, 0.0676, 0.7502, 0.0504, 0.0499], [0.0778, 0.0578, 0.0883, 0.0151, 0.6578, 0.0424, 0.0609], [0.061, 0.0366, 0.0468, 0.0397, 0.7098, 0.0464, 0.0597], [0.0614, 0.06, 0.0507, 0.0485, 0.6811, 0.0397, 0.0586], [0.0508, 0.035, 0.051, 0.0258, 0.7361, 0.0427, 0.0585], [0.0639, 0.023, 0.0192, 0.0356, 0.7303, 0.0596, 0.0684], [0.0446, 0.0694, 0.0644, 0.0511, 0.6449, 0.0438, 0.0818], [0.0412, 0.0204, 0.0379, 0.0509, 0.7214, 0.06, 0.0682], [0.0227, 0.0151, 0.0883, 0.0258, 0.6598, 0.0971, 0.0912], [0.0278, 0.0611, 0.0368, 0.0767, 0.6855, 0.0313, 0.0808], [0.0205, 0.0382, 0.0361, 0.0885, 0.7437, 0.0351, 0.0379], [0.0492, 0.0185, 0.0392, 0.0331, 0.7295, 0.07, 0.0607], [0.0366, 0.0752, 0.0579, 0.0503, 0.6572, 0.06, 0.0628], [0.0664, 0.0379, 0.0291, 0.0501, 0.6742, 0.064, 0.0783], [0.0744, 0.0869, 0.0267, 0.0802, 0.66, 0.045, 0.0269], [0.0282, 0.0325, 0.03, 0.0509, 0.7577, 0.0385, 0.0623], [0.041, 0.0625, 0.0372, 0.0337, 0.6811, 0.0702, 0.0744], [0.019, 0.0884, 0.0557, 0.0699, 0.6478, 0.0791, 0.0401], [0.0752, 0.0786, 0.0127, 0.0464, 0.6938, 0.0278, 0.0655], [0.0214, 0.0515, 0.048, 0.0166, 0.7818, 0.0213, 0.0595], [0.0324, 0.0675, 0.0212, 0.0685, 0.7508, 0.0279, 0.0317], [0.0608, 0.0607, 0.0225, 0.0725, 0.6792, 0.0703, 0.034], [0.0547, 0.0547, 0.0272, 0.0848, 0.6869, 0.0453, 0.0464], [0.0753, 0.0141, 0.0344, 0.0539, 0.7153, 0.0759, 0.0311], [0.0527, 0.0693, 0.0376, 0.0417, 0.7432, 0.0321, 0.0234], [0.027, 0.029, 0.0803, 0.0272, 0.7181, 0.0901, 0.0283], [0.0676, 0.0729, 0.0385, 0.024, 0.7353, 0.0363, 0.0255], [0.0462, 0.0202, 0.0211, 0.0433, 0.7764, 0.0753, 0.0174], [0.028, 0.0783, 0.0822, 0.0566, 0.6103, 0.0704, 0.0741], [0.0686, 0.0522, 0.0663, 0.0601, 0.6467, 0.061, 0.0451], [0.0557, 0.0752, 0.0702, 0.0335, 0.5875, 0.0877, 0.0902], [0.0252, 0.0599, 0.0367, 0.0629, 0.7107, 0.0516, 0.053], [0.0852, 0.0243, 0.0287, 0.0167, 0.6849, 0.0787, 0.0816], [0.0778, 0.0315, 0.0834, 0.0864, 0.6055, 0.0739, 0.0415], [0.0652, 0.0594, 0.0759, 0.0846, 0.6299, 0.064, 0.021], [0.0318, 0.0138, 0.0486, 0.0336, 0.8099, 0.0365, 0.0258], [0.0777, 0.0364, 0.1067, 0.0375, 0.6619, 0.0632, 0.0165], [0.0564, 0.0434, 0.0687, 0.0831, 0.6323, 0.0585, 0.0576], [0.0382, 0.0168, 0.0361, 0.0195, 0.7761, 0.0355, 0.0778], [0.0205, 0.0325, 0.0674, 0.022, 0.7304, 0.0705, 0.0567], [0.0197, 0.0483, 0.0734, 0.0571, 0.7068, 0.0521, 0.0426], [0.0609, 0.075, 0.0576, 0.0217, 0.7263, 0.0398, 0.0188], [0.0679, 0.053, 0.0685, 0.039, 0.6886, 0.0632, 0.0198], [0.0258, 0.0179, 0.0647, 0.013, 0.7684, 0.0431, 0.0671], [0.0407, 0.0385, 0.0134, 0.0688, 0.7185, 0.071, 0.049], [0.045, 0.0541, 0.0381, 0.0869, 0.6181, 0.0897, 0.0681], [0.014, 0.0337, 0.0318, 0.0679, 0.7679, 0.0355, 0.0494], [0.0574, 0.0526, 0.0705, 0.0572, 0.6833, 0.02, 0.059], [0.0762, 0.0373, 0.0632, 0.0284, 0.6346, 0.0845, 0.0759], [0.0761, 0.0636, 0.0718, 0.027, 0.6471, 0.0517, 0.0626], [0.0664, 0.0207, 0.0357, 0.0371, 0.7559, 0.0298, 0.0544], [0.0301, 0.0499, 0.0504, 0.0745, 0.7234, 0.023, 0.0488], [0.0789, 0.0741, 0.0475, 0.0765, 0.66, 0.047, 0.0158], [0.0732, 0.088, 0.0466, 0.0521, 0.6782, 0.0362, 0.0258], [0.0642, 0.0399, 0.0193, 0.0746, 0.7355, 0.0517, 0.0148], [0.0686, 0.0896, 0.0353, 0.0907, 0.6481, 0.0303, 0.0374]], "emotions": ["red", "red", "red", "red", "red", "red", "red", "red", "red", "red", "red", "red", "red", "red", "red", "red", "red", "red", "red", "red", "red", "red", "red", "red", "red", "red", "red", "red", "red", "red", "red", "red", "red", "red", "red", "red", "red", "red", "red", "red", "red", "red", "red", "red", "red", "red", "red", "red", "red", "red", "red", "red", "red", "red", "red", "red", "red", "red", "red", "red", "red", "red", "red", "red", "red", "red", "red", "red", "red", "red", "red", "red", "red", "red", "red", "red", "red", "red", "red", "red"], "timestamps": [0, 40, 80, 120, 160, 200, 240, 280, 320, 360, 400, 440, 480, 520, 560, 600, 640, 680, 720, 760, 800, 840, 880, 920, 960, 1000, 1040, 1080, 1120, 1160, 1200, 1240, 1280, 1320, 1360, 1400, 1440, 1480, 1520, 1560, 1600, 1640, 1680, 1720, 1760, 1800, 1840, 1880, 1920, 1960, 2000, 2040, 2080, 2120, 2160, 2200, 2240, 2280, 2320, 2360, 2400, 2440, 2480, 2520, 2560, 2600, 2640, 2680, 2720, 2760, 2800, 2840, 2880, 2920, 2960, 3000, 3040, 3080, 3120, 3160]}], "conversation": [], "conversation_timestamps": []}