{"agent_id": "agent-blue-1490", "type": "blue", "trips": [{"trip_id": 0, "transport_method": "foot", "start_time": 0, "path": [[1.5234548, 42.5074548], [1.5234101, 42.5078094], [1.524012, 42.5077736], [1.5246091, 42.5078415], [1.525189, 42.5080068], [1.5257531, 42.508204], [1.5262621, 42.5084379], [1.526858, 42.5085175], [1.527454, 42.5085765], [1.5279755, 42.5088752], [1.5284253, 42.5092757], [1.5288457, 42.5097071], [1.5292633, 42.5101188], [1.5295898, 42.5105846], [1.5295693, 42.5110302], [1.5299548, 42.511478], [1.5305042, 42.5116806], [1.5309631, 42.5120453], [1.5307758, 42.5125771], [1.5304349, 42.5130745], [1.5302955, 42.5136542], [1.5303921, 42.514223], [1.5299762, 42.5146525], [1.5295238, 42.5150281], [1.5291434, 42.5154912], [1.5287061, 42.5158919], [1.5281838, 42.5161935], [1.5276616, 42.5164951], [1.5271394, 42.5167967], [1.5266171, 42.5170983], [1.526433, 42.51715], [1.5269922, 42.5169586], [1.5274792, 42.5166153], [1.5280388, 42.5164071], [1.5285712, 42.5161285], [1.5288293, 42.515827], [1.5283236, 42.5161556], [1.5278179, 42.5164842], [1.5273122, 42.5168128], [1.5268065, 42.5171414], [1.5263009, 42.51747], [1.5257952, 42.5177986], [1.5252895, 42.5181272], [1.5247838, 42.5184559], [1.5249761, 42.5183425], [1.5254413, 42.5179599], [1.5258491, 42.5175157], [1.5261914, 42.5173744], [1.5257008, 42.5177252], [1.5252103, 42.518076], [1.5247197, 42.5184267], [1.5242405, 42.5187918], [1.5239132, 42.5192268], [1.5238359, 42.5198249], [1.5236703, 42.520401], [1.5234181, 42.5209488], [1.5230822, 42.5214432], [1.5225934, 42.5217943], [1.522127, 42.5221719], [1.5218363, 42.5226949], [1.5216216, 42.5232548], [1.5212389, 42.5237198], [1.5208795, 42.5242033], [1.5206417, 42.5247532], [1.5207549, 42.5253367], [1.5207893, 42.5259279], [1.5206289, 42.5265002], [1.520578, 42.5270813], [1.5207817, 42.5276115], [1.5210398, 42.528144], [1.5213075, 42.5286313], [1.5216263, 42.5291203], [1.5219874, 42.5294771], [1.5215718, 42.5299101], [1.5212672, 42.5304001], [1.5212642, 42.5308349], [1.5209595, 42.5313549], [1.521003, 42.5319129], [1.5212986, 42.5324379], [1.5211952, 42.5329766]], "mood_vectors": [[0.0341, 0.0469, 0.0814, 0.6833, 0.0752, 0.0311, 0.0479], [0.0901, 0.0479, 0.0898, 0.632, 0.0473, 0.0578, 0.0349], [0.0173, 0.0156, 0.0793, 0.7474, 0.0878, 0.0179, 0.0347], [0.0466, 0.0552, 0.0311, 0.7352, 0.0659, 0.0154, 0.0506], [0.0414, 0.0414, 0.0428, 0.7296, 0.0157, 0.0541, 0.075], [0.0389, 0.0417, 0.0561, 0.663, 0.0698, 0.057, 0.0735], [0.0404, 0.0308, 0.0521, 0.6706, 0.0724, 0.0617, 0.0719], [0.0147, 0.0728, 0.0292, 0.7604, 0.0328, 0.0701, 0.0201], [0.0542, 0.0424, 0.0729, 0.6927, 0.0413, 0.0779, 0.0187], [0.0437, 0.0541, 0.0753, 0.6491, 0.0534, 0.0496, 0.0748], [0.062, 0.0483, 0.0604, 0.6848, 0.031, 0.0551, 0.0584], [0.0342, 0.0658, 0.0603, 0.6566, 0.0674, 0.0716, 0.0441], [0.017, 0.067, 0.0794, 0.6551, 0.0595, 0.0493, 0.0727], [0.0295, 0.0842, 0.051, 0.6406, 0.0795, 0.0284, 0.0868], [0.0253, 0.0522, 0.0778, 0.6422, 0.0741, 0.0848, 0.0435], [0.0732, 0.0668, 0.0881, 0.6524, 0.0162, 0.0493, 0.054], [0.0771, 0.0192, 0.0545, 0.7212, 0.0191, 0.0563, 0.0526], [0.0397, 0.0787, 0.0707, 0.665, 0.039, 0.0364, 0.0705], [0.0334, 0.0924, 0.0342, 0.6099, 0.0694, 0.0856, 0.0751], [0.0301, 0.0731, 0.0253, 0.6715, 0.0467, 0.069, 0.0844], [0.0613, 0.0542, 0.0468, 0.6596, 0.0345, 0.0499, 0.0936], [0.0395, 0.0354, 0.0242, 0.7529, 0.035, 0.0259, 0.0872], [0.0631, 0.0655, 0.0528, 0.6609, 0.037, 0.0702, 0.0505], [0.0425, 0.0806, 0.0696, 0.6549, 0.0569, 0.0502, 0.0453], [0.0503, 0.026, 0.0149, 0.768, 0.0254, 0.07, 0.0453], [0.0161, 0.0335, 0.0438, 0.7445, 0.064, 0.0532, 0.0449], [0.0638, 0.0729, 0.0782, 0.6605, 0.0773, 0.0349, 0.0123], [0.0872, 0.0224, 0.066, 0.7308, 0.0652, 0.0128, 0.0157], [0.0394, 0.0397, 0.0209, 0.6636, 0.0802, 0.0651, 0.0912], [0.0493, 0.0458, 0.0886, 0.6849, 0.0378, 0.0445, 0.0491], [0.0545, 0.0535, 0.0837, 0.6885, 0.0226, 0.0267, 0.0705], [0.0691, 0.0579, 0.0571, 0.6825, 0.0647, 0.0451, 0.0235], [0.0686, 0.0438, 0.0166, 0.791, 0.045, 0.017, 0.0182], [0.0179, 0.0458, 0.0775, 0.7213, 0.0557, 0.0336, 0.0482], [0.0529, 0.0662, 0.0794, 0.6807, 0.0541, 0.017, 0.0497], [0.021, 0.0427, 0.028, 0.7439, 0.0409, 0.0486, 0.075], [0.0256, 0.0455, 0.0642, 0.7319, 0.0124, 0.0387, 0.0818], [0.0363, 0.0649, 0.0339, 0.7051, 0.0788, 0.0467, 0.0343], [0.0937, 0.0152, 0.0752, 0.6731, 0.0573, 0.0613, 0.0241], [0.054, 0.0531, 0.0169, 0.7658, 0.0299, 0.0316, 0.0488], [0.047, 0.037, 0.0462, 0.6905, 0.0512, 0.0359, 0.0923], [0.0749, 0.066, 0.0221, 0.7334, 0.0435, 0.0453, 0.0148], [0.0801, 0.0847, 0.0679, 0.6195, 0.0885, 0.0302, 0.0291], [0.0206, 0.0247, 0.0532, 0.722, 0.0505, 0.0465, 0.0824], [0.0718, 0.036, 0.0347, 0.7463, 0.0404, 0.0334, 0.0374], [0.0233, 0.0203, 0.0622, 0.8052, 0.0265, 0.0282, 0.0342], [0.0186, 0.041, 0.0845, 0.7352, 0.0369, 0.0458, 0.038], [0.0341, 0.0726, 0.0194, 0.7015, 0.0371, 0.0598, 0.0754], [0.0608, 0.0292, 0.0301, 0.7147, 0.0197, 0.074, 0.0715], [0.0606, 0.0586, 0.0417, 0.6415, 0.074, 0.088, 0.0356], [0.0828, 0.0358, 0.0238, 0.7326, 0.0585, 0.0462, 0.0204], [0.0204, 0.0278, 0.026, 0.8045, 0.0322, 0.0542, 0.0349], [0.019, 0.0961, 0.0518, 0.7234, 0.0152, 0.0793, 0.0153], [0.0774, 0.0393, 0.0493, 0.7721, 0.0257, 0.0188, 0.0174], [0.0847, 0.0386, 0.0191, 0.6886, 0.0344, 0.0743, 0.0603], [0.0597, 0.0559, 0.0586, 0.7024, 0.0256, 0.0741, 0.0237], [0.0208, 0.015, 0.0164, 0.8018, 0.0571, 0.0343, 0.0546], [0.0684, 0.0452, 0.0228, 0.7095, 0.0781, 0.015, 0.061], [0.0803, 0.0874, 0.0274, 0.6812, 0.016, 0.0892, 0.0184], [0.0825, 0.0325, 0.0532, 0.6873, 0.0462, 0.0804, 0.0179], [0.0526, 0.0756, 0.0865, 0.6702, 0.0561, 0.0339, 0.0251], [0.0738, 0.0356, 0.0351, 0.6686, 0.0642, 0.0504, 0.0722], [0.0208, 0.0588, 0.0581, 0.7476, 0.058, 0.034, 0.0227], [0.0146, 0.0404, 0.0491, 0.6938, 0.0827, 0.0774, 0.042], [0.0837, 0.0704, 0.0201, 0.6898, 0.0585, 0.0372, 0.0403], [0.0608, 0.0676, 0.0641, 0.6054, 0.0471, 0.07, 0.0851], [0.0342, 0.046, 0.0658, 0.7214, 0.0792, 0.0142, 0.0392], [0.0762, 0.0797, 0.0528, 0.6268, 0.0161, 0.0649, 0.0834], [0.0429, 0.0654, 0.0834, 0.642, 0.0581, 0.0191, 0.089], [0.0169, 0.0595, 0.0453, 0.7003, 0.0383, 0.0668, 0.0728], [0.0274, 0.0246, 0.0382, 0.8377, 0.0325, 0.014, 0.0255], [0.025, 0.1041, 0.0271, 0.7189, 0.0152, 0.0794, 0.0303], [0.0146, 0.083, 0.06, 0.7256, 0.0175, 0.0619, 0.0375], [0.0834, 0.0253, 0.0694, 0.6773, 0.0287, 0.0811, 0.0348], [0.045, 0.0541, 0.032, 0.7403, 0.0784, 0.036, 0.0142], [0.0494, 0.07, 0.0437, 0.711, 0.0591, 0.0256, 0.0411], [0.0404, 0.0419, 0.0204, 0.7592, 0.048, 0.0669, 0.0233], [0.0592, 0.0285, 0.0532, 0.7132, 0.0616, 0.0588, 0.0255], [0.0213, 0.0173, 0.0302, 0.8138, 0.0437, 0.0486, 0.0251], [0.0795, 0.0261, 0.0725, 0.6487, 0.0892, 0.0572, 0.0268]], "emotions": ["green", "green", "green", "green", "green", "green", "green", "green", "green", "green", "green", "green", "green", "green", "green", "green", "green", "green", "green", "green", "green", "green", "green", "green", "green", "green", "green", "green", "green", "green", "green", "green", "green", "green", "green", "green", "green", "green", "green", "green", "green", "green", "green", "green", "green", "green", "green", "green", "green", "green", "green", "green", "green", "green", "green", "green", "green", "green", "green", "green", "green", "green", "green", "green", "green", "green", "green", "green", "green", "green", "green", "green", "green", "green", "green", "green", "green", "green", "green", "green"], "timestamps": [0, 40, 80, 120, 160, 200, 240, 280, 320, 360, 400, 440, 480, 520, 560, 600, 640, 680, 720, 760, 800, 840, 880, 920, 960, 1000, 1040, 1080, 1120, 1160, 1200, 1240, 1280, 1320, 1360, 1400, 1440, 1480, 1520, 1560, 1600, 1640, 1680, 1720, 1760, 1800, 1840, 1880, 1920, 1960, 2000, 2040, 2080, 2120, 2160, 2200, 2240, 2280, 2320, 2360, 2400, 2440, 2480, 2520, 2560, 2600, 2640, 2680, 2720, 2760, 2800, 2840, 2880, 2920, 2960, 3000, 3040, 3080, 3120, 3160]}], "conversation": [], "conversation_timestamps": []}