{"agent_id": "agent-red-26", "type": "red", "trips": [{"trip_id": 0, "transport_method": "bicycle", "start_time": 0, "path": [[1.5223067, 42.5075415], [1.522025, 42.5075192], [1.5228472, 42.507673], [1.5237014, 42.5077891], [1.5245683, 42.5078336], [1.525408, 42.5080699], [1.5261591, 42.508414], [1.5270217, 42.5085199], [1.5278375, 42.5087762], [1.5284955, 42.5093464], [1.529125, 42.509934], [1.5295941, 42.5106198], [1.5297854, 42.5112327], [1.5304768, 42.5116722], [1.5309813, 42.5122787], [1.5304864, 42.5129974], [1.53029, 42.5138308], [1.5300965, 42.5145519], [1.5294534, 42.5151159], [1.5288975, 42.5157814], [1.5281419, 42.5162177], [1.5273863, 42.5166541], [1.5266308, 42.5170905], [1.5266714, 42.5170731], [1.5274123, 42.5166589], [1.5282105, 42.5163269], [1.5288921, 42.5158049], [1.5282184, 42.516224], [1.5274868, 42.5166994], [1.5267551, 42.5171749], [1.5260235, 42.5176503], [1.5252918, 42.5181257], [1.524705, 42.5185325], [1.5253929, 42.5180061], [1.5260174, 42.5174116], [1.5258075, 42.517649], [1.5250977, 42.5181565], [1.5243944, 42.5186723], [1.523904, 42.5193005], [1.5237703, 42.5201619], [1.5234139, 42.520958], [1.5228638, 42.5216175], [1.5221621, 42.5221308], [1.5217814, 42.5229032], [1.5213167, 42.5236309], [1.5208044, 42.5243346], [1.5206167, 42.5251727], [1.5205797, 42.5260442], [1.5201793, 42.5268021], [1.5200143, 42.5276005], [1.5205224, 42.5283082], [1.5206303, 42.5291558], [1.5201718, 42.5298862], [1.519728, 42.5304038], [1.5197186, 42.5312427], [1.5195696, 42.5320633], [1.5197384, 42.5329078], [1.5194854, 42.5337325], [1.5199125, 42.5344497], [1.5205374, 42.5350588], [1.5212074, 42.5356174], [1.5208146, 42.5362004], [1.5202354, 42.536838], [1.5198646, 42.5376246], [1.5195523, 42.538438], [1.5193925, 42.5392901], [1.519388, 42.5401521], [1.5193329, 42.5409545], [1.5186702, 42.5414357], [1.5179978, 42.5417435], [1.5188008, 42.5414023], [1.5187089, 42.5414248], [1.5179203, 42.5417982], [1.5173865, 42.54247], [1.5171793, 42.5432535], [1.5166953, 42.5439101], [1.5163563, 42.5446472], [1.5157023, 42.5451699], [1.5153187, 42.5455486], [1.5152296, 42.5462879]], "mood_vectors": [[0.7377, 0.0437, 0.0174, 0.0135, 0.0618, 0.0436, 0.0823], [0.7142, 0.0242, 0.0168, 0.0762, 0.1013, 0.0436, 0.0237], [0.7215, 0.0818, 0.0276, 0.0316, 0.0687, 0.0499, 0.0188], [0.725, 0.0503, 0.0623, 0.0422, 0.0458, 0.0121, 0.0624], [0.6814, 0.0615, 0.0396, 0.0264, 0.0603, 0.0631, 0.0678], [0.6347, 0.0761, 0.0556, 0.0565, 0.058, 0.0549, 0.0642], [0.6952, 0.0645, 0.0614, 0.0721, 0.0182, 0.015, 0.0737], [0.7329, 0.0666, 0.0485, 0.0701, 0.0125, 0.0502, 0.0193], [0.6733, 0.0676, 0.0601, 0.0339, 0.0656, 0.0515, 0.048], [0.6608, 0.014, 0.0884, 0.0556, 0.0133, 0.0857, 0.0822], [0.7114, 0.0192, 0.0503, 0.0403, 0.0385, 0.0901, 0.0503], [0.7424, 0.0601, 0.0219, 0.0333, 0.0552, 0.0682, 0.0189], [0.656, 0.056, 0.0349, 0.0605, 0.0592, 0.0864, 0.047], [0.6828, 0.0703, 0.0317, 0.0478, 0.039, 0.0619, 0.0664], [0.7174, 0.0706, 0.0341, 0.0235, 0.0779, 0.0404, 0.0362], [0.694, 0.0366, 0.0714, 0.0221, 0.0763, 0.0233, 0.0763], [0.7476, 0.0575, 0.0121, 0.059, 0.0151, 0.0371, 0.0716], [0.6621, 0.0927, 0.0519, 0.0313, 0.0251, 0.0841, 0.0528], [0.7241, 0.0574, 0.0391, 0.0702, 0.0754, 0.0136, 0.0202], [0.7158, 0.0739, 0.0263, 0.0643, 0.0664, 0.0306, 0.0228], [0.6555, 0.083, 0.0823, 0.0725, 0.0407, 0.0489, 0.017], [0.6902, 0.0547, 0.0706, 0.0163, 0.0469, 0.0722, 0.0492], [0.774, 0.0197, 0.0703, 0.0181, 0.0252, 0.0177, 0.0749], [0.6797, 0.0909, 0.0888, 0.0203, 0.068, 0.0338, 0.0184], [0.6431, 0.0405, 0.0153, 0.0948, 0.0357, 0.0732, 0.0974], [0.7123, 0.0699, 0.0535, 0.0363, 0.0337, 0.0718, 0.0226], [0.7465, 0.0503, 0.0489, 0.0682, 0.0383, 0.0197, 0.028], [0.6777, 0.0411, 0.0637, 0.0797, 0.0679, 0.0482, 0.0218], [0.6703, 0.0837, 0.0214, 0.0915, 0.0764, 0.0203, 0.0364], [0.7706, 0.05, 0.0533, 0.0267, 0.024, 0.0436, 0.0318], [0.6377, 0.0692, 0.0467, 0.0534, 0.081, 0.0316, 0.0803], [0.7697, 0.0457, 0.0351, 0.0568, 0.0164, 0.0476, 0.0288], [0.6105, 0.0776, 0.0706, 0.0733, 0.0447, 0.0476, 0.0757], [0.6048, 0.0906, 0.0804, 0.0664, 0.0847, 0.0477, 0.0254], [0.7298, 0.0517, 0.0516, 0.0375, 0.0183, 0.0445, 0.0665], [0.6963, 0.0457, 0.0302, 0.0283, 0.0804, 0.0617, 0.0574], [0.7246, 0.0175, 0.0423, 0.0555, 0.0575, 0.0534, 0.0491], [0.6377, 0.0227, 0.0243, 0.086, 0.1008, 0.0238, 0.1048], [0.6538, 0.0416, 0.0999, 0.0764, 0.0199, 0.0783, 0.0302], [0.6671, 0.0433, 0.0322, 0.0792, 0.0884, 0.0696, 0.0201], [0.7587, 0.0181, 0.0219, 0.0438, 0.0348, 0.0696, 0.0531], [0.6901, 0.0288, 0.0518, 0.0868, 0.0962, 0.0218, 0.0246], [0.6877, 0.0236, 0.0705, 0.0765, 0.0554, 0.0576, 0.0288], [0.7216, 0.0131, 0.0295, 0.0738, 0.0433, 0.0613, 0.0573], [0.6643, 0.0577, 0.0883, 0.0704, 0.0609, 0.0429, 0.0157], [0.729, 0.0157, 0.0119, 0.0377, 0.0758, 0.0532, 0.0767], [0.6605, 0.0656, 0.0571, 0.013, 0.0394, 0.0845, 0.08], [0.7109, 0.0543, 0.0582, 0.0145, 0.0446, 0.0498, 0.0676], [0.6423, 0.0366, 0.0568, 0.0769, 0.0819, 0.0382, 0.0673], [0.7514, 0.0576, 0.0246, 0.0414, 0.0186, 0.0177, 0.0887], [0.6942, 0.0581, 0.0404, 0.0426, 0.0774, 0.071, 0.0162], [0.7642, 0.0474, 0.0155, 0.0634, 0.03, 0.0475, 0.0319], [0.6447, 0.0795, 0.0586, 0.0521, 0.0322, 0.0529, 0.0799], [0.7132, 0.0152, 0.0589, 0.0487, 0.0908, 0.029, 0.0443], [0.693, 0.0838, 0.0202, 0.0319, 0.046, 0.0355, 0.0897], [0.6764, 0.063, 0.0313, 0.0204, 0.0316, 0.0996, 0.0777], [0.7886, 0.033, 0.071, 0.0164, 0.0628, 0.0138, 0.0143], [0.6879, 0.0618, 0.0383, 0.0126, 0.0683, 0.0519, 0.0792], [0.791, 0.023, 0.0773, 0.0184, 0.0404, 0.0279, 0.0219], [0.6206, 0.0556, 0.074, 0.0717, 0.041, 0.0606, 0.0765], [0.6831, 0.0441, 0.073, 0.0733, 0.0181, 0.0542, 0.0542], [0.6995, 0.0139, 0.0733, 0.0266, 0.0548, 0.0687, 0.0631], [0.7642, 0.0434, 0.0555, 0.0197, 0.0508, 0.0509, 0.0155], [0.6965, 0.0561, 0.0236, 0.0469, 0.0302, 0.0808, 0.0658], [0.7295, 0.0742, 0.0175, 0.0635, 0.0589, 0.0223, 0.0343], [0.6913, 0.0439, 0.0687, 0.0567, 0.0544, 0.0467, 0.0383], [0.7705, 0.0279, 0.0396, 0.0528, 0.0183, 0.0556, 0.0353], [0.7997, 0.0437, 0.0597, 0.0179, 0.0496, 0.0145, 0.0149], [0.6888, 0.0318, 0.0553, 0.0769, 0.0607, 0.0302, 0.0563], [0.6433, 0.0479, 0.0531, 0.0756, 0.0688, 0.0314, 0.08], [0.7697, 0.022, 0.057, 0.0281, 0.0772, 0.0276, 0.0185], [0.6774, 0.0561, 0.0631, 0.0801, 0.0315, 0.0661, 0.0257], [0.6911, 0.0597, 0.0407, 0.0345, 0.0272, 0.0836, 0.0631], [0.7523, 0.0854, 0.0401, 0.0586, 0.0277, 0.0135, 0.0224], [0.7014, 0.0192, 0.0355, 0.0206, 0.1047, 0.0818, 0.0366], [0.6417, 0.0552, 0.0845, 0.0244, 0.0866, 0.0341, 0.0735], [0.8356, 0.0238, 0.0208, 0.0401, 0.0171, 0.0336, 0.0291], [0.7402, 0.0331, 0.0622, 0.0258, 0.0645, 0.0404, 0.0339], [0.7744, 0.0629, 0.0267, 0.0213, 0.017, 0.0294, 0.0684], [0.6385, 0.065, 0.0693, 0.0485, 0.0415, 0.059, 0.0783]], "emotions": ["red", "red", "red", "red", "red", "red", "red", "red", "red", "red", "red", "red", "red", "red", "red", "red", "red", "red", "red", "red", "red", "red", "red", "red", "red", "red", "red", "red", "red", "red", "red", "red", "red", "red", "red", "red", "red", "red", "red", "red", "red", "red", "red", "red", "red", "red", "red", "red", "red", "red", "red", "red", "red", "red", "red", "red", "red", "red", "red", "red", "red", "red", "red", "red", "red", "red", "red", "red", "red", "red", "red", "red", "red", "red", "red", "red", "red", "red", "red", "red"], "timestamps": [0, 40, 80, 120, 160, 200, 240, 280, 320, 360, 400, 440, 480, 520, 560, 600, 640, 680, 720, 760, 800, 840, 880, 920, 960, 1000, 1040, 1080, 1120, 1160, 1200, 1240, 1280, 1320, 1360, 1400, 1440, 1480, 1520, 1560, 1600, 1640, 1680, 1720, 1760, 1800, 1840, 1880, 1920, 1960, 2000, 2040, 2080, 2120, 2160, 2200, 2240, 2280, 2320, 2360, 2400, 2440, 2480, 2520, 2560, 2600, 2640, 2680, 2720, 2760, 2800, 2840, 2880, 2920, 2960, 3000, 3040, 3080, 3120, 3160]}], "conversation": [], "conversation_timestamps": []}