{"agent_id": "agent-green-482", "type": "green", "trips": [{"trip_id": 0, "transport_method": "bicycle", "start_time": 0, "path": [[1.5370604, 42.5107434], [1.5366221, 42.5106432], [1.5361755, 42.5106007], [1.5357268, 42.5105728], [1.5352836, 42.5105823], [1.5349285, 42.5108283], [1.5345299, 42.5106204], [1.5341313, 42.5104125], [1.5337327, 42.5102046], [1.5333216, 42.5100234], [1.5328742, 42.5099798], [1.5324281, 42.5099323], [1.5320073, 42.5098207], [1.5315828, 42.5096731], [1.5311632, 42.5095117], [1.5307413, 42.5093567], [1.530316, 42.5092923], [1.5298914, 42.5091448], [1.5294607, 42.509016], [1.5290391, 42.5088919], [1.5285966, 42.5088225], [1.5281822, 42.5086546], [1.5277689, 42.5084778], [1.5273392, 42.5083623], [1.5268897, 42.5083566], [1.5264421, 42.5083195], [1.5260017, 42.5082306], [1.5255699, 42.5081203], [1.5251425, 42.5079815], [1.5247082, 42.5078659], [1.5242672, 42.5077805], [1.5238182, 42.507781], [1.5233697, 42.5078128], [1.522942, 42.5077735], [1.5224941, 42.5077345], [1.5220551, 42.507731], [1.5217136, 42.5075063], [1.5212669, 42.5075139], [1.5208176, 42.5074998], [1.520388, 42.5073928], [1.5199402, 42.5074227], [1.5195361, 42.5072712], [1.5191361, 42.5070671], [1.5188208, 42.5067644], [1.5187586, 42.5067447], [1.5185706, 42.5065787], [1.5182006, 42.5063234], [1.5178264, 42.5060767], [1.5173854, 42.5059948], [1.5169937, 42.5058793], [1.5165828, 42.5057016], [1.5161795, 42.5055031], [1.5157576, 42.5053481], [1.5153386, 42.505193], [1.5150344, 42.5048899], [1.5148896, 42.5045815], [1.5148151, 42.5045671], [1.5145359, 42.5042158], [1.5142047, 42.503912], [1.5138771, 42.5036077], [1.5135741, 42.5032802], [1.5132888, 42.502942], [1.5129683, 42.5026288], [1.5126035, 42.5023663], [1.5122276, 42.5021197], [1.5118762, 42.50184], [1.5114919, 42.5016088], [1.511106, 42.5013787], [1.5106974, 42.5011936], [1.5102648, 42.5010714], [1.5098736, 42.5008611], [1.5094802, 42.5006463], [1.5090745, 42.5004527], [1.5086711, 42.5002542], [1.5082638, 42.500064], [1.5081128, 42.499808], [1.5083917, 42.4994554], [1.5086706, 42.4991028], [1.508908, 42.4987229], [1.5091216, 42.4983273]], "mood_vectors": [[0.0674, 0.059, 0.0444, 0.0469, 0.0649, 0.0186, 0.6987], [0.0492, 0.0819, 0.0661, 0.0783, 0.0173, 0.0489, 0.6583], [0.0634, 0.0518, 0.063, 0.0382, 0.0392, 0.0332, 0.7112], [0.082, 0.0156, 0.0694, 0.0411, 0.0625, 0.024, 0.7055], [0.0686, 0.0227, 0.0577, 0.0677, 0.0274, 0.0628, 0.6931], [0.1, 0.031, 0.0429, 0.0324, 0.0549, 0.0676, 0.6712], [0.0498, 0.0642, 0.0172, 0.0523, 0.0346, 0.0328, 0.7491], [0.0491, 0.0464, 0.0809, 0.0571, 0.0389, 0.074, 0.6536], [0.1003, 0.0466, 0.0571, 0.0152, 0.0391, 0.0292, 0.7126], [0.0405, 0.0584, 0.0215, 0.0502, 0.0201, 0.0558, 0.7536], [0.055, 0.0153, 0.0311, 0.0501, 0.0705, 0.0601, 0.7178], [0.0355, 0.0771, 0.0937, 0.0179, 0.0407, 0.0772, 0.6578], [0.074, 0.0769, 0.0543, 0.0414, 0.0792, 0.0287, 0.6456], [0.0352, 0.0814, 0.0536, 0.03, 0.0511, 0.0249, 0.7237], [0.0214, 0.0371, 0.0419, 0.0308, 0.0276, 0.0418, 0.7995], [0.0175, 0.0457, 0.046, 0.0581, 0.0318, 0.0549, 0.7461], [0.0862, 0.0599, 0.0223, 0.025, 0.0604, 0.0431, 0.7031], [0.0315, 0.0577, 0.0161, 0.0522, 0.0735, 0.0703, 0.6987], [0.0681, 0.0129, 0.0686, 0.0622, 0.0523, 0.0513, 0.6846], [0.0177, 0.0516, 0.0295, 0.0546, 0.062, 0.0239, 0.7606], [0.0188, 0.041, 0.0505, 0.0499, 0.019, 0.0501, 0.7707], [0.0408, 0.0742, 0.0453, 0.0188, 0.0608, 0.03, 0.7301], [0.0162, 0.0611, 0.0839, 0.0247, 0.0876, 0.0578, 0.6687], [0.0293, 0.0202, 0.0586, 0.0382, 0.0375, 0.0532, 0.7631], [0.0815, 0.0693, 0.0428, 0.0455, 0.0783, 0.0204, 0.6622], [0.0171, 0.0176, 0.0618, 0.0729, 0.0374, 0.079, 0.7142], [0.0673, 0.0681, 0.0419, 0.0139, 0.0735, 0.0701, 0.6652], [0.0658, 0.0164, 0.0275, 0.0243, 0.0725, 0.0357, 0.7578], [0.0249, 0.0275, 0.0489, 0.0424, 0.0517, 0.0716, 0.733], [0.0154, 0.0561, 0.0199, 0.0187, 0.0905, 0.0652, 0.7342], [0.0213, 0.0634, 0.0143, 0.0348, 0.0416, 0.074, 0.7506], [0.0246, 0.0546, 0.0538, 0.0661, 0.0456, 0.0531, 0.7022], [0.1035, 0.0799, 0.0416, 0.0343, 0.0282, 0.0214, 0.6911], [0.025, 0.0568, 0.0475, 0.0484, 0.0382, 0.0693, 0.7149], [0.0673, 0.0295, 0.0347, 0.0698, 0.0283, 0.0346, 0.7357], [0.0696, 0.0737, 0.0553, 0.0716, 0.0457, 0.0353, 0.649], [0.0242, 0.0398, 0.0474, 0.051, 0.033, 0.0898, 0.7149], [0.0148, 0.0663, 0.0534, 0.0829, 0.0826, 0.076, 0.6239], [0.0484, 0.0598, 0.0796, 0.0554, 0.0525, 0.0551, 0.6492], [0.0657, 0.0631, 0.027, 0.0199, 0.0597, 0.0599, 0.7047], [0.0384, 0.0793, 0.0939, 0.0145, 0.0972, 0.0779, 0.5988], [0.0529, 0.0288, 0.0179, 0.0235, 0.0395, 0.0897, 0.7478], [0.0702, 0.0764, 0.0426, 0.0304, 0.0213, 0.0471, 0.7119], [0.0137, 0.0234, 0.0733, 0.0356, 0.0606, 0.0404, 0.7531], [0.0381, 0.0495, 0.0788, 0.0533, 0.067, 0.0456, 0.6677], [0.0256, 0.0236, 0.0217, 0.0388, 0.0176, 0.0558, 0.817], [0.0491, 0.0559, 0.0811, 0.0623, 0.0238, 0.0762, 0.6516], [0.0179, 0.0435, 0.0418, 0.0288, 0.0722, 0.0566, 0.7392], [0.0211, 0.0142, 0.0491, 0.0151, 0.0668, 0.0681, 0.7655], [0.0427, 0.077, 0.0695, 0.0426, 0.0745, 0.0537, 0.64], [0.0178, 0.0363, 0.0181, 0.0723, 0.0976, 0.0193, 0.7386], [0.0703, 0.0415, 0.035, 0.0456, 0.0462, 0.0139, 0.7475], [0.0146, 0.0668, 0.0206, 0.0791, 0.0773, 0.027, 0.7147], [0.0728, 0.0425, 0.0876, 0.0505, 0.0904, 0.0387, 0.6175], [0.0875, 0.0277, 0.0421, 0.0313, 0.0531, 0.0148, 0.7435], [0.041, 0.018, 0.0188, 0.0553, 0.0667, 0.0437, 0.7565], [0.0852, 0.079, 0.0223, 0.0555, 0.0628, 0.0209, 0.6743], [0.0857, 0.0277, 0.0218, 0.0816, 0.0553, 0.0173, 0.7107], [0.0649, 0.0387, 0.0601, 0.0494, 0.0421, 0.0252, 0.7196], [0.067, 0.0675, 0.0511, 0.0499, 0.0362, 0.0132, 0.7151], [0.0173, 0.0773, 0.0701, 0.0267, 0.0761, 0.0385, 0.6942], [0.0564, 0.0387, 0.078, 0.0615, 0.0325, 0.0847, 0.6482], [0.0166, 0.0714, 0.0459, 0.0726, 0.0328, 0.0533, 0.7074], [0.0365, 0.0701, 0.021, 0.0319, 0.0459, 0.0215, 0.7731], [0.016, 0.0668, 0.0342, 0.0447, 0.0237, 0.0209, 0.7936], [0.0208, 0.0462, 0.0378, 0.0314, 0.0539, 0.045, 0.7649], [0.0402, 0.0709, 0.0751, 0.0382, 0.056, 0.0612, 0.6584], [0.0414, 0.0392, 0.0154, 0.0297, 0.053, 0.0225, 0.7987], [0.0775, 0.0391, 0.0902, 0.0603, 0.0195, 0.0577, 0.6558], [0.0668, 0.0827, 0.0154, 0.0698, 0.0317, 0.0153, 0.7184], [0.0444, 0.0424, 0.0355, 0.0678, 0.0518, 0.0346, 0.7235], [0.0293, 0.0576, 0.0584, 0.0306, 0.0558, 0.0528, 0.7155], [0.0486, 0.0347, 0.0611, 0.0672, 0.0957, 0.0569, 0.6358], [0.0802, 0.0736, 0.0844, 0.0284, 0.0331, 0.0709, 0.6293], [0.0153, 0.0336, 0.0786, 0.0629, 0.0779, 0.0561, 0.6757], [0.012, 0.0602, 0.0218, 0.0571, 0.0682, 0.0128, 0.7679], [0.0201, 0.0226, 0.0789, 0.0207, 0.1011, 0.0432, 0.7133], [0.038, 0.0649, 0.0454, 0.0254, 0.0529, 0.0331, 0.7403], [0.0148, 0.0507, 0.0892, 0.0207, 0.0869, 0.0275, 0.71], [0.0261, 0.0217, 0.0669, 0.0868, 0.0701, 0.0196, 0.7088]], "emotions": ["purple", "purple", "purple", "purple", "purple", "purple", "purple", "purple", "purple", "purple", "purple", "purple", "purple", "purple", "purple", "purple", "purple", "purple", "purple", "purple", "purple", "purple", "purple", "purple", "purple", "purple", "purple", "purple", "purple", "purple", "purple", "purple", "purple", "purple", "purple", "purple", "purple", "purple", "purple", "purple", "purple", "purple", "purple", "purple", "purple", "purple", "purple", "purple", "purple", "purple", "purple", "purple", "purple", "purple", "purple", "purple", "purple", "purple", "purple", "purple", "purple", "purple", "purple", "purple", "purple", "purple", "purple", "purple", "purple", "purple", "purple", "purple", "purple", "purple", "purple", "purple", "purple", "purple", "purple", "purple"], "timestamps": [0, 40, 80, 120, 160, 200, 240, 280, 320, 360, 400, 440, 480, 520, 560, 600, 640, 680, 720, 760, 800, 840, 880, 920, 960, 1000, 1040, 1080, 1120, 1160, 1200, 1240, 1280, 1320, 1360, 1400, 1440, 1480, 1520, 1560, 1600, 1640, 1680, 1720, 1760, 1800, 1840, 1880, 1920, 1960, 2000, 2040, 2080, 2120, 2160, 2200, 2240, 2280, 2320, 2360, 2400, 2440, 2480, 2520, 2560, 2600, 2640, 2680, 2720, 2760, 2800, 2840, 2880, 2920, 2960, 3000, 3040, 3080, 3120, 3160]}], "conversation": [], "conversation_timestamps": []}