{"agent_id": "agent-blue-935", "type": "blue", "trips": [{"trip_id": 0, "transport_method": "car", "start_time": 0, "path": [[1.5363987, 42.5550751], [1.53625, 42.5541765], [1.5365538, 42.5534351], [1.5368016, 42.5529603], [1.5365215, 42.5521379], [1.5357628, 42.5515095], [1.5350014, 42.5508999], [1.5340885, 42.5506012], [1.533166, 42.5502903], [1.5322871, 42.549835], [1.5314502, 42.54931], [1.5305046, 42.5490237], [1.5295519, 42.5487525], [1.5301736, 42.5490918], [1.5311324, 42.5491261], [1.530799, 42.548991], [1.5299045, 42.5485654], [1.5289925, 42.5481852], [1.5280107, 42.5480762], [1.5271206, 42.5481462], [1.5270272, 42.5475098], [1.5262304, 42.5471592], [1.5253291, 42.5468298], [1.5246909, 42.5463047], [1.524338, 42.5456335], [1.5238625, 42.5447767], [1.5234477, 42.5438862], [1.5233039, 42.5436341], [1.5229273, 42.5427195], [1.5228588, 42.5417461], [1.5234496, 42.5409744], [1.5234555, 42.540673], [1.5231938, 42.5397476], [1.523143, 42.5387639], [1.5235399, 42.537994], [1.5244239, 42.5375638], [1.5251386, 42.5373517], [1.5248432, 42.5367938], [1.5238705, 42.5366132], [1.5230966, 42.5361689], [1.5224587, 42.5354139], [1.5217688, 42.534735], [1.5210242, 42.5341496], [1.5209003, 42.5333619], [1.5213557, 42.5325551], [1.5208862, 42.5316849], [1.5212931, 42.5308054], [1.5214333, 42.5300154], [1.521983, 42.529278], [1.5213096, 42.5286327], [1.5209037, 42.5277901], [1.5206675, 42.5269086], [1.5207479, 42.5259214], [1.52076, 42.5261898], [1.52058, 42.5271316], [1.5206634, 42.5268022], [1.5207247, 42.5258136], [1.520628, 42.5248425], [1.5210463, 42.5239575], [1.5216638, 42.5231851], [1.5220463, 42.5222788], [1.5228086, 42.5216607], [1.5234164, 42.5209074], [1.5237417, 42.5199718], [1.5237458, 42.5202244], [1.5233602, 42.5210731], [1.5237262, 42.5201527], [1.5240923, 42.5192323], [1.524687, 42.5185383], [1.5254638, 42.517937], [1.5262195, 42.5173326], [1.5270624, 42.5169011], [1.5279299, 42.5164671], [1.5287695, 42.5159571], [1.5293885, 42.5151901], [1.530111, 42.5145392], [1.5302943, 42.5136936], [1.5306312, 42.5127871], [1.5308932, 42.5119345], [1.5300021, 42.5115464]], "mood_vectors": [[0.0623, 0.0886, 0.0602, 0.6259, 0.0533, 0.0271, 0.0825], [0.0483, 0.0564, 0.083, 0.6547, 0.0339, 0.0749, 0.0488], [0.0464, 0.0346, 0.0389, 0.7091, 0.0586, 0.0852, 0.0272], [0.0519, 0.0339, 0.0424, 0.7465, 0.0393, 0.0282, 0.0578], [0.0317, 0.0815, 0.0229, 0.6466, 0.0562, 0.0789, 0.0822], [0.0657, 0.0535, 0.0461, 0.738, 0.0195, 0.0547, 0.0225], [0.0384, 0.0588, 0.0403, 0.7197, 0.0282, 0.0529, 0.0617], [0.024, 0.0562, 0.0282, 0.7492, 0.0234, 0.0622, 0.0568], [0.0182, 0.014, 0.014, 0.7672, 0.0831, 0.0252, 0.0783], [0.0742, 0.0855, 0.0498, 0.59, 0.0864, 0.0458, 0.0683], [0.025, 0.0652, 0.0875, 0.6808, 0.0575, 0.0554, 0.0287], [0.0623, 0.0376, 0.0663, 0.6814, 0.058, 0.0823, 0.0121], [0.0601, 0.0276, 0.0135, 0.7175, 0.057, 0.0767, 0.0475], [0.0147, 0.0379, 0.0564, 0.7026, 0.0864, 0.0326, 0.0694], [0.0535, 0.0496, 0.0196, 0.7872, 0.0291, 0.0341, 0.027], [0.0581, 0.0479, 0.0202, 0.6873, 0.0584, 0.0635, 0.0646], [0.059, 0.0185, 0.0687, 0.6747, 0.0427, 0.0593, 0.0771], [0.041, 0.0634, 0.0251, 0.748, 0.0455, 0.0178, 0.0593], [0.0678, 0.0642, 0.0452, 0.7081, 0.0441, 0.0533, 0.0173], [0.0289, 0.033, 0.0769, 0.7913, 0.0211, 0.0148, 0.034], [0.0604, 0.0514, 0.0457, 0.7358, 0.0254, 0.0575, 0.0239], [0.0785, 0.0836, 0.0547, 0.6189, 0.0744, 0.0583, 0.0316], [0.0645, 0.0419, 0.0665, 0.7376, 0.0372, 0.0356, 0.0168], [0.0708, 0.0485, 0.0184, 0.7062, 0.0183, 0.0733, 0.0645], [0.0564, 0.0426, 0.0509, 0.7107, 0.0507, 0.0195, 0.0692], [0.044, 0.067, 0.0657, 0.67, 0.0669, 0.0405, 0.0459], [0.0517, 0.0284, 0.0137, 0.7866, 0.058, 0.0197, 0.042], [0.0658, 0.0418, 0.0586, 0.6767, 0.0615, 0.0268, 0.0688], [0.0482, 0.0949, 0.0622, 0.642, 0.0395, 0.0433, 0.0699], [0.0791, 0.0607, 0.0283, 0.6773, 0.0368, 0.0889, 0.0289], [0.0546, 0.0301, 0.0511, 0.7011, 0.0676, 0.0472, 0.0482], [0.0241, 0.0542, 0.0482, 0.6805, 0.0765, 0.0538, 0.0626], [0.0556, 0.0761, 0.0396, 0.6555, 0.0401, 0.0645, 0.0686], [0.0525, 0.0378, 0.0807, 0.6861, 0.083, 0.0324, 0.0275], [0.0131, 0.0298, 0.0211, 0.7428, 0.0595, 0.0637, 0.07], [0.0682, 0.0692, 0.0629, 0.5721, 0.0708, 0.0861, 0.0706], [0.0652, 0.0772, 0.0769, 0.6751, 0.0309, 0.0294, 0.0452], [0.037, 0.0246, 0.0368, 0.7572, 0.0524, 0.0747, 0.0172], [0.0416, 0.0516, 0.0659, 0.7072, 0.0382, 0.0391, 0.0562], [0.0418, 0.0664, 0.072, 0.6638, 0.0188, 0.073, 0.0643], [0.0177, 0.0851, 0.0705, 0.6599, 0.0929, 0.0532, 0.0206], [0.0706, 0.041, 0.0542, 0.6559, 0.0366, 0.0581, 0.0836], [0.0177, 0.0284, 0.0782, 0.6924, 0.0621, 0.0633, 0.0579], [0.0153, 0.0259, 0.0787, 0.7519, 0.0662, 0.0372, 0.0247], [0.058, 0.034, 0.0235, 0.7233, 0.0238, 0.0865, 0.0508], [0.0684, 0.078, 0.0585, 0.6293, 0.0343, 0.0529, 0.0786], [0.0535, 0.0506, 0.0463, 0.7127, 0.0238, 0.0353, 0.0777], [0.057, 0.0763, 0.0534, 0.6561, 0.0347, 0.0476, 0.0748], [0.0479, 0.0624, 0.0317, 0.6954, 0.0843, 0.0237, 0.0545], [0.0723, 0.0254, 0.0155, 0.7393, 0.077, 0.0572, 0.0134], [0.0581, 0.0682, 0.0211, 0.6765, 0.0559, 0.0565, 0.0637], [0.0829, 0.063, 0.0309, 0.6888, 0.0271, 0.0193, 0.0879], [0.037, 0.0317, 0.1009, 0.6628, 0.0527, 0.0627, 0.0523], [0.0394, 0.0303, 0.0182, 0.786, 0.028, 0.0486, 0.0495], [0.0514, 0.038, 0.0406, 0.7133, 0.0657, 0.0397, 0.0513], [0.0123, 0.0175, 0.0721, 0.7153, 0.0596, 0.0663, 0.057], [0.06, 0.0793, 0.0219, 0.6304, 0.0541, 0.0748, 0.0795], [0.0515, 0.0626, 0.0447, 0.6365, 0.0755, 0.0753, 0.0539], [0.0257, 0.0771, 0.012, 0.7022, 0.0501, 0.0777, 0.0551], [0.0149, 0.0762, 0.0454, 0.6658, 0.0602, 0.071, 0.0664], [0.0347, 0.0615, 0.0202, 0.7278, 0.0452, 0.0297, 0.0809], [0.0807, 0.0517, 0.017, 0.7098, 0.0706, 0.0342, 0.036], [0.0438, 0.0289, 0.0658, 0.7202, 0.0314, 0.069, 0.041], [0.0223, 0.0191, 0.0199, 0.8003, 0.0632, 0.0167, 0.0584], [0.0605, 0.0726, 0.027, 0.765, 0.0167, 0.0207, 0.0375], [0.0514, 0.0595, 0.0812, 0.7036, 0.0484, 0.0405, 0.0154], [0.0511, 0.072, 0.0566, 0.6829, 0.0666, 0.0567, 0.0141], [0.098, 0.0601, 0.0809, 0.6038, 0.069, 0.0564, 0.0319], [0.0675, 0.0631, 0.0648, 0.6384, 0.0793, 0.0333, 0.0537], [0.0163, 0.0679, 0.0569, 0.6572, 0.0476, 0.0736, 0.0805], [0.0347, 0.06, 0.0619, 0.7133, 0.0358, 0.0197, 0.0745], [0.0655, 0.0179, 0.029, 0.6742, 0.0797, 0.0778, 0.056], [0.0464, 0.027, 0.0563, 0.7547, 0.0231, 0.0616, 0.0309], [0.0314, 0.0469, 0.046, 0.6736, 0.0818, 0.0404, 0.0799], [0.0455, 0.0156, 0.0346, 0.7505, 0.0272, 0.0532, 0.0734], [0.0617, 0.0774, 0.0804, 0.5783, 0.0783, 0.0738, 0.0501], [0.0774, 0.044, 0.0313, 0.6919, 0.054, 0.077, 0.0242], [0.0495, 0.0611, 0.0609, 0.6561, 0.0569, 0.0519, 0.0635], [0.023, 0.0817, 0.0622, 0.6634, 0.0577, 0.0438, 0.0681], [0.0924, 0.0568, 0.0233, 0.6677, 0.0837, 0.0208, 0.0553]], "emotions": ["green", "green", "green", "green", "green", "green", "green", "green", "green", "green", "green", "green", "green", "green", "green", "green", "green", "green", "green", "green", "green", "green", "green", "green", "green", "green", "green", "green", "green", "green", "green", "green", "green", "green", "green", "green", "green", "green", "green", "green", "green", "green", "green", "green", "green", "green", "green", "green", "green", "green", "green", "green", "green", "green", "green", "green", "green", "green", "green", "green", "green", "green", "green", "green", "green", "green", "green", "green", "green", "green", "green", "green", "green", "green", "green", "green", "green", "green", "green", "green"], "timestamps": [0, 40, 80, 120, 160, 200, 240, 280, 320, 360, 400, 440, 480, 520, 560, 600, 640, 680, 720, 760, 800, 840, 880, 920, 960, 1000, 1040, 1080, 1120, 1160, 1200, 1240, 1280, 1320, 1360, 1400, 1440, 1480, 1520, 1560, 1600, 1640, 1680, 1720, 1760, 1800, 1840, 1880, 1920, 1960, 2000, 2040, 2080, 2120, 2160, 2200, 2240, 2280, 2320, 2360, 2400, 2440, 2480, 2520, 2560, 2600, 2640, 2680, 2720, 2760, 2800, 2840, 2880, 2920, 2960, 3000, 3040, 3080, 3120, 3160]}], "conversation": [], "conversation_timestamps": []}