{
  "agent_id": "agent-type-orange-31",
  "type": "orange",
  "trips": [
    {
      "trip_id": 0,
      "transport_method": "car",
      "start_time": 0,
      "path": [
        [
          1.5255532999999997,
          42.509337499999994
        ],
        [
          1.5255209019616245,
          42.5090589382602
        ],
        [
          1.5261428458861077,
          42.50920897378639
        ],
        [
          1.5267647898105907,
          42.509359009312575
        ],
        [
          1.5267902662649266,
          42.509365155161234
        ],
        [
          1.5261683223404434,
          42.509215119635044
        ],
        [
          1.5255463784159604,
          42.50906508410886
        ],
        [
          1.525537486931149,
          42.509316601003974
        ],
        [
          1.526157647453055,
          42.50944352753524
        ],
        [
          1.5267878079320694,
          42.5095540837427
        ],
        [
          1.5274179684110838,
          42.50966463995016
        ],
        [
          1.5280134355425232,
          42.50989604948229
        ],
        [
          1.5286062836839895,
          42.510136582194164
        ],
        [
          1.5291991318254559,
          42.510377114906035
        ],
        [
          1.5294482951564492,
          42.51028325841793
        ],
        [
          1.5290009192034328,
          42.50982777623592
        ],
        [
          1.5285404612585745,
          42.50938358777891
        ],
        [
          1.5283849654405626,
          42.50896696749324
        ],
        [
          1.5289207145129022,
          42.508842633256016
        ],
        [
          1.528459479595843,
          42.50842820745625
        ],
        [
          1.5279684950859245,
          42.50802323497669
        ],
        [
          1.5277498675571597,
          42.50752193482174
        ],
        [
          1.528269922884029,
          42.5073038678777
        ],
        [
          1.5286132057123747,
          42.50687420635941
        ],
        [
          1.5286872071532802,
          42.50634727676672
        ],
        [
          1.5291563057770432,
          42.505945335436664
        ],
        [
          1.5285464534156095,
          42.505754219932946
        ],
        [
          1.5282955999999999,
          42.5054154
        ]
      ],
      "emotions": [
        "green",
        "green",
        "green",
        "green",
        "green",
        "green",
        "green",
        "green",
        "green",
        "green",
        "red",
        "red",
        "red",
        "red",
        "red",
        "green",
        "green",
        "green",
        "green",
        "green",
        "purple",
        "purple",
        "purple",
        "purple",
        "purple",
        "red",
        "red",
        "red"
      ],
      "mood_vectors": [
        [
          0.21266235976737805,
          0.049919944353526445,
          0.08503756720039292,
          0.24826332626151043,
          0.05658683915018785,
          0.23747914362017222,
          0.11005081964683203
        ],
        [
          0.15974765035416896,
          0.13420989580939202,
          0.1095594065984639,
          0.26022350887064916,
          0.09470538679800411,
          0.1860830882718954,
          0.05547106329742643
        ],
        [
          0.20235850944368425,
          0.1869260057580041,
          0.09683147335860867,
          0.20928809426273076,
          0.051215518122233045,
          0.0766815863506607,
          0.1766988127040785
        ],
        [
          0.1320688325231564,
          0.18236619482933233,
          0.19802745795121418,
          0.07984655965802721,
          0.16371568632139197,
          0.17388725650377318,
          0.07008801221310469
        ],
        [
          0.19493981334583899,
          0.20387568996389696,
          0.008367269199099945,
          0.21408348083989848,
          0.16301895797490176,
          0.08097668598841723,
          0.13473810268794653
        ],
        [
          0.048426572588223755,
          0.24775386576655495,
          0.2775086891461988,
          0.09899633400142124,
          0.10614615287157267,
          0.04009561084425182,
          0.18107277478177672
        ],
        [
          0.011925312729178015,
          0.1629507874714729,
          0.06479443342908316,
          0.21077403268831782,
          0.18277827747019468,
          0.19712333841679802,
          0.16965381779495536
        ],
        [
          0.2614994388489571,
          0.13700237996345416,
          0.010802346791004504,
          0.2702797893853611,
          0.3087232408942607,
          0.011682489971822379,
          1.0314145139994343e-05
        ],
        [
          0.010542993742883179,
          0.09547441945101438,
          0.24290538033730746,
          0.22774173690840283,
          0.10548564996560174,
          0.06836603627876332,
          0.24948378331602714
        ],
        [
          0.09473954884821488,
          0.16084952812777886,
          0.16926430259911285,
          0.1388073557343312,
          0.1244300463725684,
          0.1973290109062579,
          0.11458020741173583
        ],
        [
          0.08271490432302867,
          0.08470473979482807,
          0.23192522007316768,
          0.21266045531336872,
          0.18928484153379363,
          0.15360739538592263,
          0.04510244357589052
        ],
        [
          0.2348699413301598,
          0.15904050571890782,
          0.07053489930208555,
          0.24561334621373226,
          0.0075839346187790814,
          0.06164603867999138,
          0.22071133413634403
        ],
        [
          0.11973956461692013,
          0.1412068621580981,
          0.20378498303461587,
          0.07948788863046606,
          0.14925733465123728,
          0.15167160188977138,
          0.15485176501889114
        ],
        [
          0.04129487045793108,
          0.17030842350268938,
          0.15745066255838308,
          0.16911771991512464,
          0.1399579252755287,
          0.15881163636782727,
          0.1630587619225158
        ],
        [
          0.02424257677696883,
          0.1749936273904142,
          0.061096843267271904,
          0.02119904640416249,
          0.3152536137705768,
          0.19173100939553986,
          0.21148328299506586
        ],
        [
          0.23165418685064412,
          0.22836251200455424,
          0.034412803589307706,
          0.15277813922319916,
          0.13216994071468322,
          0.058564867393301766,
          0.16205755022430984
        ],
        [
          0.2231747624707339,
          0.2440381878634613,
          0.13837774319821505,
          0.1419209747439139,
          0.182357656278373,
          0.0262773953132125,
          0.04385328013209041
        ],
        [
          0.1573286766367613,
          0.04338240701836147,
          0.023668307409833313,
          0.11692958784966123,
          0.30403791138617003,
          0.14424044850093637,
          0.21041266119827634
        ],
        [
          0.17639209396561428,
          0.18464569081528978,
          0.09878260408430567,
          0.09914028125287372,
          0.14599564298275639,
          0.1630270804733641,
          0.1320166064257961
        ],
        [
          0.11510218383655799,
          0.19331721204305663,
          0.05215748486408413,
          0.187099415217927,
          0.21042661859408085,
          0.1854628102246357,
          0.05643427521965777
        ],
        [
          0.20973464921041196,
          0.052801402899591475,
          0.2000768599041811,
          0.06632472518088874,
          0.04100449764266972,
          0.22633518160496402,
          0.20372268355729295
        ],
        [
          0.059930902187940914,
          0.04382437011643478,
          0.1261103344690724,
          0.23971593411041447,
          0.24789478906673745,
          0.061862616683532066,
          0.22066105336586786
        ],
        [
          0.2886785278192958,
          0.21051374912416276,
          0.1700110030195613,
          0.05633137060521031,
          0.1598850185668156,
          0.11173449895389323,
          0.0028458319110609134
        ],
        [
          0.07184696377595497,
          0.2600350855444696,
          0.07051213463237306,
          0.09440532954851073,
          0.1866840237780197,
          0.22759007290553435,
          0.08892638981513756
        ],
        [
          0.027414450554250604,
          0.07152059703996053,
          0.32112911147004075,
          0.17189441084265747,
          0.0915065933460301,
          0.18310375965611908,
          0.13343107709094149
        ],
        [
          0.1479209500484114,
          0.03873134909250841,
          0.1982561745791788,
          0.1021244694456556,
          0.1312639087666873,
          0.2372588476396136,
          0.14444430042794493
        ],
        [
          0.19034938980096575,
          0.01092834741641858,
          0.006764952237755835,
          0.3405838513137341,
          0.07922782408392869,
          0.17512048119765655,
          0.19702515394954048
        ],
        [
          0.0024741273410712134,
          0.029422753536707754,
          0.17167869899255894,
          0.2604403027861105,
          0.23261216732830287,
          0.26340304051552244,
          0.03996890949972633
        ]
      ],
      "timestamps": [
        0,
        1,
        2,
        3,
        4,
        5,
        6,
        7,
        8,
        9,
        10,
        11,
        12,
        13,
        14,
        15,
        16,
        17,
        18,
        19,
        20,
        21,
        22,
        23,
        24,
        25,
        26,
        27
      ],
      "distance": 684.4
    },
    {
      "trip_id": 1,
      "transport_method": "foot",
      "start_time": 28,
      "path": [
        [
          1.5282955999999999,
          42.5054154
        ],
        [
          1.5281668189394204,
          42.50564095484095
        ],
        [
          1.5278279183982233,
          42.50554140620686
        ],
        [
          1.527489017857026,
          42.50544185757278
        ],
        [
          1.5275218692363024,
          42.50545150733587
        ],
        [
          1.5278607697774997,
          42.50555105596995
        ],
        [
          1.5281996703186969,
          42.50565060460404
        ],
        [
          1.528262371706052,
          42.5054071409831
        ],
        [
          1.527962578406467,
          42.505292244095116
        ],
        [
          1.5277047939032247,
          42.50519516250391
        ],
        [
          1.5273518695478967,
          42.50518873767432
        ],
        [
          1.5270280626917385,
          42.50519570239503
        ],
        [
          1.5266769487053011,
          42.50515719946137
        ],
        [
          1.526585728277044,
          42.50495244591619
        ],
        [
          1.526246812894299,
          42.50485294782218
        ],
        [
          1.5258997765940732,
          42.5047873056066
        ],
        [
          1.5255526035356382,
          42.504722233532185
        ],
        [
          1.5252610783001395,
          42.504756396659175
        ],
        [
          1.5250210640552353,
          42.50489662942308
        ],
        [
          1.5246705689907218,
          42.50485284909503
        ],
        [
          1.5243200739262082,
          42.50480906876699
        ],
        [
          1.5239927621266234,
          42.50478716392487
        ],
        [
          1.5236640130790253,
          42.50474914933767
        ],
        [
          1.5233173162670284,
          42.50468158582738
        ],
        [
          1.5229678841116223,
          42.50463122836655
        ],
        [
          1.5226173123692905,
          42.50458806648051
        ],
        [
          1.5222667281489242,
          42.5045450059208
        ],
        [
          1.522192651670242,
          42.504794528970514
        ],
        [
          1.5220055241300536,
          42.50508270498238
        ],
        [
          1.5219149652066428,
          42.50542411761946
        ],
        [
          1.5218266291086795,
          42.50576610908991
        ],
        [
          1.5217926299238704,
          42.50609629276323
        ],
        [
          1.5220582426872056,
          42.506296329841476
        ],
        [
          1.5224080611371185,
          42.50634522318941
        ],
        [
          1.5227544515836624,
          42.50641044780448
        ],
        [
          1.5230917226572345,
          42.506515384596426
        ],
        [
          1.5234167137504426,
          42.50659080087442
        ],
        [
          1.5235632808884074,
          42.50626942635546
        ],
        [
          1.5237098480263724,
          42.50594805183649
        ],
        [
          1.5238564151643375,
          42.50562667731752
        ],
        [
          1.524045638254697,
          42.5054054304217
        ],
        [
          1.5238391281157107,
          42.505664582246375
        ],
        [
          1.5236925609777456,
          42.50598595676534
        ],
        [
          1.5235459938397808,
          42.50630733128431
        ],
        [
          1.5234248123220626,
          42.50661607853375
        ],
        [
          1.5237695367738853,
          42.50669307567453
        ],
        [
          1.5241142612257081,
          42.50677007281531
        ],
        [
          1.5244043391094533,
          42.50667570680391
        ],
        [
          1.52456068483968,
          42.50635905053098
        ],
        [
          1.5245487500896793,
          42.5062767254376
        ],
        [
          1.5244436485613784,
          42.50659107842863
        ],
        [
          1.5242062066433346,
          42.50682153283869
        ],
        [
          1.52386274191626,
          42.50675936723252
        ],
        [
          1.523518917993754,
          42.5066784441898
        ],
        [
          1.523231994334482,
          42.50655902800662
        ],
        [
          1.52289472326091,
          42.50645409121468
        ],
        [
          1.5225535512919124,
          42.50636555802527
        ],
        [
          1.5222037328419993,
          42.506316664677335
        ],
        [
          1.5219097,
          42.506366
        ]
      ],
      "emotions": [
        "red",
        "red",
        "red",
        "red",
        "red",
        "red",
        "red",
        "purple",
        "purple",
        "purple",
        "purple",
        "purple",
        "green",
        "green",
        "green",
        "green",
        "green",
        "purple",
        "purple",
        "purple",
        "purple",
        "purple",
        "purple",
        "purple",
        "purple",
        "purple",
        "purple",
        "purple",
        "purple",
        "purple",
        "purple",
        "purple",
        "green",
        "green",
        "green",
        "green",
        "green",
        "purple",
        "purple",
        "purple",
        "purple",
        "purple",
        "red",
        "red",
        "red",
        "red",
        "red",
        "purple",
        "purple",
        "purple",
        "purple",
        "purple",
        "red",
        "red",
        "red",
        "red",
        "red",
        "green",
        "green"
      ],
      "mood_vectors": [
        [
          0.20228616920997552,
          0.003307751987001042,
          0.0670039115921444,
          0.15170251111272184,
          0.22655513254497997,
          0.020803853145318373,
          0.3283406704078588
        ],
        [
          0.05654234926190755,
          0.031507771375722284,
          0.06870838316025671,
          0.12832176876349127,
          0.36466098214298,
          0.08691098146595615,
          0.26334776382968605
        ],
        [
          0.13045934849103455,
          0.300977160454449,
          0.18508466533426443,
          0.16728993340089135,
          0.023625905885082406,
          0.149924639322325,
          0.04263834711195331
        ],
        [
          0.1733304449081274,
          0.021475033029035157,
          0.15337877447617634,
          0.09194161994736902,
          0.17250603162360076,
          0.19280062248479657,
          0.1945674735308948
        ],
        [
          0.1988800178224707,
          0.1552919226428008,
          0.014550277090730545,
          0.19754518224150894,
          0.18284425210764768,
          0.1502012775813899,
          0.10068707051345141
        ],
        [
          0.18989643234412476,
          0.1988876261094068,
          0.13244326919561675,
          0.025585797206487394,
          0.23471124647459607,
          0.12191575255887267,
          0.0965598761108956
        ],
        [
          0.16373384166285354,
          0.3319678430736093,
          0.27887652979162514,
          0.15079292702012934,
          0.010047137297581797,
          0.03658357149978797,
          0.027998149654412902
        ],
        [
          0.13497998936668398,
          0.10821758531887549,
          0.03207049727649807,
          0.2747531052723618,
          0.06088671758055066,
          0.07206797515522452,
          0.3170241300298055
        ],
        [
          0.06464841954406245,
          0.060391525190670564,
          0.24373415975441173,
          0.12168239457500601,
          0.19489532455303563,
          0.061606553823517866,
          0.25304162255929574
        ],
        [
          0.001594165573920496,
          0.12922318501596575,
          0.05383080156712437,
          0.29283428753754387,
          0.17416227308699853,
          0.2549473269911002,
          0.0934079602273467
        ],
        [
          0.06608646539815882,
          0.1840908731261103,
          0.22786356876694633,
          0.1862397175139376,
          0.01814335202195502,
          0.05633299266639132,
          0.2612430305065005
        ],
        [
          0.2377307505789544,
          0.15013797385281297,
          0.1390874023842978,
          0.19728221361055925,
          0.14886448332075097,
          0.0047617189611134335,
          0.12213545729151114
        ],
        [
          0.2558243044183825,
          0.027586613959724036,
          0.04479844833511654,
          0.1715998708818755,
          0.031004434337045094,
          0.33084772267966384,
          0.1383386053881925
        ],
        [
          0.11781740303422936,
          0.13902519902515187,
          0.05848405065279397,
          0.12382871559228195,
          0.039919225360334265,
          0.37979028606668486,
          0.14113512026852376
        ],
        [
          0.10760456884742528,
          0.15654174732640483,
          0.02608071320564873,
          0.2198786054887871,
          0.09042825853740735,
          0.20165626265596787,
          0.19780984393835893
        ],
        [
          0.08904229068347765,
          0.029689543614114158,
          0.11686262543803169,
          0.12800890468548082,
          0.21929089426838708,
          0.21123546777683985,
          0.20587027353366885
        ],
        [
          0.021858447836983413,
          0.2060261820644326,
          0.1672352019326954,
          0.1507212423159686,
          0.1153603011680479,
          0.1351716046259382,
          0.20362702005593383
        ],
        [
          0.10272210220175866,
          0.18013011712998667,
          0.2232514959520192,
          0.20602704481154469,
          0.1456571128253901,
          0.08068131576510433,
          0.06153081131419643
        ],
        [
          0.0002720787276262403,
          0.11526788536081173,
          0.25061830845035055,
          0.32751377378318164,
          0.15045990417065347,
          0.11569317457346832,
          0.040174874933907964
        ],
        [
          0.0749097287404159,
          0.09170915050961873,
          0.20266699776082162,
          0.055291524545150655,
          0.010837017844403937,
          0.297870599477032,
          0.2667149811225572
        ],
        [
          0.2626783463937103,
          0.09162965630058757,
          0.14846247237137508,
          0.07309496739967955,
          0.23598438399109128,
          0.1381878817943678,
          0.04996229174918837
        ],
        [
          0.16368810652078944,
          0.2746264325556817,
          0.0889990959188313,
          0.0800259845457529,
          0.09710488539519453,
          0.21513451678465828,
          0.08042097827909178
        ],
        [
          0.04283475057295814,
          0.1541952664665405,
          0.10548364014646465,
          0.17805430383722637,
          0.17272449400394682,
          0.18005750091675352,
          0.1666500440561101
        ],
        [
          0.12586288266221077,
          0.21604781169286846,
          0.1207898438605761,
          0.16591318877259456,
          0.16145407356960073,
          0.021187160338655767,
          0.1887450391034937
        ],
        [
          0.001304136289238076,
          0.15448911605945695,
          0.024960376802207255,
          0.24665900661234458,
          0.24168286775897466,
          0.09794282799637688,
          0.2329616684814016
        ],
        [
          0.10799887303185135,
          0.07207793780044808,
          0.09414045336904188,
          0.15667616003315726,
          0.25038617012756925,
          0.09762586977141123,
          0.2210945358665209
        ],
        [
          0.22421600048317195,
          0.14750761071874416,
          0.25660740858819897,
          0.14636422967738402,
          0.1099474716983025,
          0.05694540803222438,
          0.05841187080197405
        ],
        [
          0.2688972642778723,
          0.13968883226348922,
          0.21564693794222303,
          0.10907677134600507,
          0.1363889641820722,
          0.04795676649962748,
          0.08234446348871068
        ],
        [
          0.09445983507858007,
          0.09753251059735578,
          0.006633778721477217,
          0.3450709202998185,
          0.06278430673632131,
          0.06450657644355424,
          0.32901207212289285
        ],
        [
          0.4812194967059822,
          0.041735165908314276,
          0.22267854099560064,
          0.07495314615267883,
          0.08087284554962713,
          0.07338076274482971,
          0.025160041942967285
        ],
        [
          0.15360492251375998,
          0.1881336627047664,
          0.10838829304179588,
          0.15364648457218413,
          0.15585469008363426,
          0.05047829474815287,
          0.1898936523357064
        ],
        [
          0.06275110742393973,
          0.1647284441774904,
          0.2088642097980711,
          0.11473740375523467,
          0.15819303398362447,
          0.12224520489108658,
          0.16848059597055298
        ],
        [
          0.09480372675967585,
          0.3028003600630284,
          0.02538675758819167,
          0.059385155067116654,
          0.16378290166844067,
          0.3510062295413745,
          0.002834869312172207
        ],
        [
          0.11488623763129877,
          0.20141311583396299,
          0.22044375282685086,
          0.04330284422139699,
          0.019518253478373344,
          0.19434080763649333,
          0.2060949883716238
        ],
        [
          0.08230293718434407,
          0.01031817558280604,
          0.04527740129913804,
          0.3057657436031113,
          0.17213324833730861,
          0.12660678148403873,
          0.2575957125092532
        ],
        [
          0.15102226855645232,
          0.1873183840042622,
          0.21953243006379244,
          0.17123222623097092,
          0.01599485188163325,
          0.05898409334678379,
          0.19591574591610494
        ],
        [
          0.18037354984320825,
          0.027627115882468394,
          0.1941986244798145,
          0.05365077620882826,
          0.18744387676659524,
          0.20363350086361073,
          0.15307255595547462
        ],
        [
          0.19835562789716418,
          0.14578113127460143,
          0.1665966587142936,
          0.06815086010048654,
          0.2038731634806241,
          0.16823543664785554,
          0.04900712188497462
        ],
        [
          0.21406601956409463,
          0.027651626525038428,
          0.2143781717873483,
          0.23516117796906622,
          0.06936264067763784,
          0.14138708360166446,
          0.09799327987515008
        ],
        [
          0.19235842259062794,
          0.14812258826930974,
          0.22747688708573388,
          0.2207439879200684,
          0.05722972400571842,
          0.049092873361437354,
          0.10497551676710425
        ],
        [
          0.18516144558486525,
          0.23123846137925716,
          0.08001077578855487,
          0.1526855429674885,
          0.007595944037839317,
          0.1651734289046963,
          0.17813440133729863
        ],
        [
          0.08542881448671209,
          0.1696984762525826,
          0.11073343229624447,
          0.08598409870226788,
          0.2452870126191773,
          0.12492286638842648,
          0.17794529925458918
        ],
        [
          0.1459146542713395,
          0.07175544853338264,
          0.11241065144635244,
          0.05598393562600081,
          0.20951945193196303,
          0.16322474273160523,
          0.2411911154593563
        ],
        [
          0.14589734615363015,
          0.06672049308996973,
          0.2229671742062569,
          0.04435377721688479,
          0.11748275949601526,
          0.27602756775336107,
          0.12655088208388213
        ],
        [
          0.1507623340110849,
          0.18059704919242028,
          0.18510793734169417,
          0.1874129806960499,
          0.17542127549307676,
          0.010427350118756524,
          0.11027107314691743
        ],
        [
          0.04200122250782937,
          0.2269935297072304,
          0.2147273466718164,
          0.05482677868694164,
          0.2000764872119216,
          0.11795788796783574,
          0.1434167472464248
        ],
        [
          0.2641551385299488,
          0.1358809483058315,
          0.08351019766466374,
          0.12633041273070744,
          0.15565303588194906,
          0.11525314334914756,
          0.11921712353775184
        ],
        [
          0.10678266071803674,
          0.1387561144164933,
          0.09733911210564156,
          0.18814867840185143,
          0.06529039324815294,
          0.17096948229409162,
          0.2327135588157324
        ],
        [
          0.16725415828913873,
          0.03712189376598726,
          0.22768058865888846,
          0.011464852830871357,
          0.1964737115465828,
          0.23014033963214228,
          0.1298644552763891
        ],
        [
          0.0732660723569897,
          0.0452143734361931,
          0.09953070093719353,
          0.2624417705999118,
          0.32432411216743423,
          0.16613648639431708,
          0.029086484107960546
        ],
        [
          0.02387002483361172,
          0.23120501226429582,
          0.05774963152919431,
          0.08197088836572804,
          0.10028941731484209,
          0.28301877995857244,
          0.22189624573375555
        ],
        [
          0.00963126389757513,
          0.00813195268181299,
          0.1311814807892215,
          0.0837432270357741,
          0.25680485020860433,
          0.2907893663565582,
          0.21971785903045377
        ],
        [
          0.1875171363119259,
          0.1658811018083999,
          0.17447369442138824,
          0.15189269142772951,
          0.019062847018671236,
          0.020306002120515247,
          0.28086652689136987
        ],
        [
          0.14332074392193858,
          0.1586590993293849,
          0.17858034219181076,
          0.24020536572061202,
          0.21428606527073168,
          0.016387668087945076,
          0.04856071547757697
        ],
        [
          0.11467789998754835,
          0.1432200545761441,
          0.1627388762057606,
          0.2061565027461943,
          0.1265995873993948,
          0.19230520337083967,
          0.054301875714118146
        ],
        [
          0.106907970934138,
          0.13488953093595735,
          0.19158903550271286,
          0.19931454332792392,
          0.3027042722043444,
          0.005523265955046679,
          0.05907138113987678
        ],
        [
          0.235756234211874,
          0.03192814780286901,
          0.2139922170261841,
          0.21324865791510947,
          0.19709404902858843,
          0.03177211790919275,
          0.0762085761061823
        ],
        [
          0.04974279575415786,
          0.17143830238921495,
          0.08796183872165551,
          0.24583877323370576,
          0.15779355245349186,
          0.07770133308140068,
          0.20952340436637334
        ],
        [
          0.1114030776901715,
          0.1815857705610385,
          0.2178232059958003,
          0.13016748172517464,
          0.1634946386039841,
          0.11499015108308373,
          0.08053567434074728
        ]
      ],
      "timestamps": [
        28,
        29,
        30,
        31,
        32,
        33,
        34,
        35,
        36,
        37,
        38,
        39,
        40,
        41,
        42,
        43,
        44,
        45,
        46,
        47,
        48,
        49,
        50,
        51,
        52,
        53,
        54,
        55,
        56,
        57,
        58,
        59,
        60,
        61,
        62,
        63,
        64,
        65,
        66,
        67,
        68,
        69,
        70,
        71,
        72,
        73,
        74,
        75,
        76,
        77,
        78,
        79,
        80,
        81,
        82,
        83,
        84,
        85,
        86
      ],
      "distance": 532.1
    },
    {
      "trip_id": 2,
      "transport_method": "car",
      "start_time": 87,
      "path": [
        [
          1.5219097,
          42.506366
        ],
        [
          1.5221052092396705,
          42.50629179854898
        ],
        [
          1.5223693084813772,
          42.506350344358516
        ],
        [
          1.5226362803972409,
          42.50637732837982
        ],
        [
          1.5228955509332567,
          42.506454348732404
        ],
        [
          1.5231538481363982,
          42.506534713999365
        ],
        [
          1.5234047310004573,
          42.50661739921183
        ],
        [
          1.5236220329193695,
          42.50670283882825
        ],
        [
          1.5238853794963705,
          42.50676468214263
        ],
        [
          1.5241487292262492,
          42.506826512079215
        ],
        [
          1.5243815208505889,
          42.50671883843087
        ],
        [
          1.5245831923223658,
          42.5066289042265
        ],
        [
          1.5248521999999998,
          42.50665229999999
        ]
      ],
      "emotions": [
        "green",
        "green",
        "green",
        "red",
        "red",
        "red",
        "red",
        "red",
        "red",
        "red",
        "red",
        "red",
        "red"
      ],
      "mood_vectors": [
        [
          0.27660368050632483,
          0.19790780282888,
          0.08543176088288204,
          0.15825378935632878,
          0.105377683964103,
          0.10085921085084275,
          0.0755660716106386
        ],
        [
          0.14724785400697082,
          0.17025827061290524,
          0.19939510259474116,
          0.1733750839617712,
          0.13746533781132525,
          0.14333762305122696,
          0.028920727961059448
        ],
        [
          0.18433594379249055,
          0.1291630260240405,
          0.17422468645402694,
          0.21438025769772415,
          0.07678099347411624,
          0.008815077926526017,
          0.2123000146310756
        ],
        [
          0.11240308170875822,
          0.1913674533907071,
          0.032761951295978864,
          0.2038467737155632,
          0.19997757866880286,
          0.0771650883669643,
          0.18247807285322554
        ],
        [
          0.19634667094053238,
          0.13691372281163064,
          0.04147891572267767,
          0.04313184061468051,
          0.1279113319279244,
          0.12557297912649493,
          0.32864453885605943
        ],
        [
          0.04778700571240995,
          0.15421967762889469,
          0.14862543644802764,
          0.2794737813177188,
          0.11267989540052503,
          0.12953639589690888,
          0.127677807595515
        ],
        [
          0.13203452138988525,
          0.16271114655661664,
          0.04133666652668735,
          0.22807853071903972,
          0.14160177784528857,
          0.15099756522941535,
          0.14323979173306706
        ],
        [
          0.1587308009774614,
          0.23676183971596523,
          0.036365148240306774,
          0.15809553585533848,
          0.2885987489544765,
          0.07106774213371882,
          0.050380184122732756
        ],
        [
          0.1083262363183185,
          0.18405381056736836,
          0.19740181919672461,
          0.1655905038192149,
          0.20374536221627818,
          0.07385009310181961,
          0.06703217478027591
        ],
        [
          0.06362337762925806,
          0.017502596802089206,
          0.24677295926549103,
          0.16102223786111117,
          0.10853036897909067,
          0.27237658237513074,
          0.13017187708782907
        ],
        [
          0.17599232359059874,
          0.09024483843258567,
          0.06947223019957335,
          0.20486951408611354,
          0.186206180470192,
          0.07347503097299567,
          0.19973988224794112
        ],
        [
          0.010656270791022129,
          0.12760106017576428,
          0.0781011994687217,
          0.21164161638862383,
          0.23558161873214925,
          0.17879054060390165,
          0.1576276938398172
        ],
        [
          0.21394594112913848,
          0.036882969759285095,
          0.17405947648698233,
          0.22633634946977635,
          0.18264252330747177,
          0.02988481577564743,
          0.13624792407169856
        ]
      ],
      "timestamps": [
        87,
        88,
        89,
        90,
        91,
        92,
        93,
        94,
        95,
        96,
        97,
        98,
        99
      ],
      "distance": 539.8
    }
  ],
  "conversation": [
    "Need a break.",
    "These houses have such character.",
    "How is this just a neighborhood and not a whole city?"
  ],
  "conversation_timestamps": [
    1,
    56,
    79
  ]
}
