{"agent_id": "agent-orange-1508", "type": "orange", "trips": [{"trip_id": 0, "transport_method": "bus", "start_time": 0, "path": [[1.5210901, 42.5053891], [1.5211068, 42.5053689], [1.5211236, 42.5053487], [1.5211403, 42.5053286], [1.5211542, 42.5053065], [1.5211668, 42.5052835], [1.5211775, 42.5052598], [1.5211846, 42.5052346], [1.5211915, 42.5052093], [1.5211984, 42.5051841], [1.5212054, 42.5051588], [1.5212123, 42.5051336], [1.5212192, 42.5051083], [1.521226, 42.505083], [1.5212323, 42.5050576], [1.5212385, 42.5050321], [1.5212447, 42.5050067], [1.5212509, 42.5049813], [1.5212571, 42.5049558], [1.5212633, 42.5049304], [1.5212815, 42.5049138], [1.521304, 42.5049003], [1.5213084, 42.5048878], [1.5212848, 42.5048765], [1.5212611, 42.5048653], [1.5212375, 42.504854], [1.5212138, 42.5048428], [1.5211899, 42.5048322], [1.5211655, 42.5048227], [1.5211416, 42.5048119], [1.5211178, 42.504801], [1.521094, 42.5047901], [1.5210702, 42.5047792], [1.5210464, 42.5047683], [1.5210226, 42.5047573], [1.5209988, 42.5047464], [1.520975, 42.5047355], [1.5209512, 42.5047246], [1.5209274, 42.5047137], [1.5209036, 42.5047027], [1.5208798, 42.5046918], [1.520856, 42.5046809], [1.5208322, 42.50467], [1.5208084, 42.504659], [1.5207846, 42.5046481], [1.5207608, 42.5046372], [1.520737, 42.5046263], [1.5207131, 42.5046154], [1.5206893, 42.5046044], [1.5206655, 42.5045935], [1.5206417, 42.5045826], [1.5206179, 42.5045717], [1.5205941, 42.5045608], [1.5205703, 42.5045498], [1.5205465, 42.5045389], [1.5205227, 42.504528], [1.5204989, 42.5045171], [1.5204751, 42.5045061], [1.5204507, 42.5044969], [1.5204253, 42.5044907], [1.5203998, 42.5044846], [1.5203756, 42.5044748], [1.5203514, 42.5044647], [1.5203272, 42.5044547], [1.520303, 42.5044446], [1.5202788, 42.5044346], [1.5202546, 42.5044245], [1.5202305, 42.5044145], [1.5202063, 42.5044044], [1.5201821, 42.5043944], [1.5201579, 42.5043843], [1.5201337, 42.5043743], [1.5201095, 42.5043642], [1.5200854, 42.5043542], [1.5200612, 42.5043441], [1.5200768, 42.5043418], [1.520103, 42.5043416], [1.5201292, 42.5043413], [1.5201554, 42.5043411], [1.5201816, 42.5043408]], "mood_vectors": [[0.0664, 0.0409, 0.0558, 0.0548, 0.6749, 0.0492, 0.0581], [0.061, 0.0421, 0.07, 0.0751, 0.6636, 0.0699, 0.0183], [0.0437, 0.0596, 0.0326, 0.0753, 0.6872, 0.0325, 0.0692], [0.0531, 0.0382, 0.0604, 0.0464, 0.7435, 0.0359, 0.0225], [0.0966, 0.0178, 0.0801, 0.0706, 0.6607, 0.0506, 0.0236], [0.0331, 0.0129, 0.0204, 0.0287, 0.8044, 0.0335, 0.0671], [0.0401, 0.0767, 0.0251, 0.0855, 0.6628, 0.0716, 0.0383], [0.0224, 0.0759, 0.0807, 0.0165, 0.6336, 0.0841, 0.0868], [0.03, 0.0234, 0.0133, 0.0586, 0.7457, 0.0783, 0.0508], [0.0768, 0.0274, 0.0512, 0.0397, 0.7211, 0.0474, 0.0364], [0.0674, 0.0708, 0.0174, 0.0461, 0.6848, 0.0724, 0.0411], [0.0241, 0.0465, 0.0157, 0.0666, 0.7173, 0.059, 0.0709], [0.0709, 0.0267, 0.0751, 0.0562, 0.6908, 0.0225, 0.0577], [0.0241, 0.0406, 0.0649, 0.0885, 0.6832, 0.0454, 0.0534], [0.0686, 0.0543, 0.0774, 0.0479, 0.6721, 0.0441, 0.0355], [0.0447, 0.067, 0.0192, 0.0638, 0.6844, 0.0536, 0.0673], [0.0696, 0.0681, 0.0689, 0.0158, 0.6835, 0.0664, 0.0277], [0.0368, 0.0508, 0.0674, 0.0417, 0.7319, 0.0454, 0.0259], [0.0287, 0.087, 0.0755, 0.0456, 0.6449, 0.0211, 0.0972], [0.0844, 0.0535, 0.0468, 0.0612, 0.6351, 0.0457, 0.0734], [0.0216, 0.0588, 0.0696, 0.0588, 0.6841, 0.0367, 0.0704], [0.0692, 0.0211, 0.0243, 0.036, 0.8214, 0.012, 0.016], [0.0823, 0.0418, 0.0501, 0.0481, 0.6718, 0.0674, 0.0384], [0.0328, 0.0432, 0.0782, 0.0209, 0.7639, 0.0275, 0.0336], [0.0673, 0.0598, 0.031, 0.068, 0.6744, 0.0687, 0.0307], [0.0708, 0.0531, 0.0372, 0.0537, 0.7525, 0.0195, 0.0131], [0.0457, 0.0289, 0.02, 0.0351, 0.7505, 0.0589, 0.061], [0.0451, 0.0727, 0.0128, 0.0713, 0.7276, 0.0281, 0.0424], [0.0301, 0.0277, 0.0122, 0.057, 0.7864, 0.0544, 0.0321], [0.0233, 0.0707, 0.0752, 0.082, 0.5995, 0.0736, 0.0758], [0.0657, 0.0145, 0.04, 0.0552, 0.6991, 0.0625, 0.0629], [0.058, 0.0681, 0.0503, 0.0416, 0.6905, 0.0298, 0.0616], [0.0553, 0.045, 0.06, 0.0447, 0.681, 0.0707, 0.0434], [0.0455, 0.0586, 0.0413, 0.0536, 0.6922, 0.0416, 0.0672], [0.0134, 0.0688, 0.0461, 0.0129, 0.7664, 0.058, 0.0343], [0.0841, 0.0602, 0.0359, 0.0357, 0.7092, 0.0239, 0.0509], [0.0646, 0.0426, 0.0592, 0.0496, 0.6716, 0.0479, 0.0645], [0.0721, 0.0263, 0.0602, 0.014, 0.7327, 0.0596, 0.035], [0.0555, 0.07, 0.0358, 0.0326, 0.7156, 0.0543, 0.0363], [0.051, 0.0626, 0.0198, 0.0551, 0.7021, 0.0658, 0.0436], [0.0368, 0.0536, 0.0373, 0.0411, 0.7043, 0.0829, 0.0438], [0.0587, 0.0205, 0.0316, 0.0642, 0.7422, 0.012, 0.0708], [0.0282, 0.0597, 0.0775, 0.0354, 0.7538, 0.0202, 0.0252], [0.0169, 0.0534, 0.0403, 0.0608, 0.6841, 0.0714, 0.073], [0.0839, 0.0368, 0.0907, 0.0275, 0.5917, 0.0854, 0.0839], [0.0669, 0.0282, 0.0622, 0.0509, 0.7179, 0.0275, 0.0464], [0.0902, 0.0277, 0.0439, 0.056, 0.7355, 0.0273, 0.0194], [0.0185, 0.0174, 0.028, 0.0937, 0.7061, 0.0397, 0.0966], [0.072, 0.0271, 0.0144, 0.0467, 0.7822, 0.0234, 0.0342], [0.0736, 0.0714, 0.0768, 0.0784, 0.6146, 0.0304, 0.0549], [0.0228, 0.0399, 0.0165, 0.0747, 0.7391, 0.0619, 0.0451], [0.0324, 0.0604, 0.0346, 0.0925, 0.6621, 0.0737, 0.0443], [0.075, 0.0309, 0.0844, 0.0228, 0.7251, 0.0474, 0.0145], [0.0456, 0.0617, 0.0482, 0.0236, 0.745, 0.0205, 0.0554], [0.0137, 0.0712, 0.0646, 0.0551, 0.672, 0.0862, 0.0374], [0.0293, 0.0801, 0.017, 0.0442, 0.7527, 0.0629, 0.0138], [0.0325, 0.0376, 0.0341, 0.0619, 0.7388, 0.0199, 0.0752], [0.0641, 0.0688, 0.0495, 0.063, 0.6776, 0.0146, 0.0625], [0.0591, 0.0358, 0.0814, 0.037, 0.7059, 0.0358, 0.045], [0.0721, 0.0732, 0.0528, 0.0477, 0.6924, 0.0182, 0.0435], [0.0641, 0.0638, 0.0282, 0.0873, 0.646, 0.0521, 0.0586], [0.0431, 0.0335, 0.044, 0.0332, 0.754, 0.0322, 0.06], [0.0362, 0.0336, 0.0202, 0.0774, 0.7495, 0.0227, 0.0604], [0.0244, 0.0647, 0.0591, 0.071, 0.6771, 0.0678, 0.0359], [0.0467, 0.0551, 0.0858, 0.0136, 0.7178, 0.0152, 0.0659], [0.031, 0.0562, 0.0169, 0.0227, 0.815, 0.0367, 0.0215], [0.022, 0.0388, 0.0316, 0.0518, 0.7555, 0.0639, 0.0365], [0.0663, 0.0778, 0.0597, 0.0668, 0.6146, 0.0477, 0.0672], [0.028, 0.0315, 0.0512, 0.066, 0.6889, 0.0675, 0.067], [0.071, 0.0324, 0.054, 0.0311, 0.7225, 0.0308, 0.0582], [0.0637, 0.0725, 0.0333, 0.0643, 0.7265, 0.0193, 0.0205], [0.0526, 0.0309, 0.0755, 0.0606, 0.7321, 0.0305, 0.0177], [0.0168, 0.0187, 0.084, 0.0321, 0.7279, 0.0833, 0.0372], [0.0707, 0.0799, 0.0221, 0.0993, 0.6677, 0.017, 0.0433], [0.0911, 0.0508, 0.028, 0.0651, 0.6272, 0.0666, 0.0712], [0.0405, 0.0468, 0.0185, 0.0646, 0.7082, 0.0803, 0.0412], [0.075, 0.0781, 0.0815, 0.0833, 0.6335, 0.0132, 0.0354], [0.0447, 0.0273, 0.0182, 0.0719, 0.6934, 0.0998, 0.0446], [0.0576, 0.0291, 0.0948, 0.0266, 0.7489, 0.0143, 0.0287], [0.0776, 0.0302, 0.0614, 0.0503, 0.6543, 0.052, 0.0741]], "emotions": ["red", "red", "red", "red", "red", "red", "red", "red", "red", "red", "red", "red", "red", "red", "red", "red", "red", "red", "red", "red", "red", "red", "red", "red", "red", "red", "red", "red", "red", "red", "red", "red", "red", "red", "red", "red", "red", "red", "red", "red", "red", "red", "red", "red", "red", "red", "red", "red", "red", "red", "red", "red", "red", "red", "red", "red", "red", "red", "red", "red", "red", "red", "red", "red", "red", "red", "red", "red", "red", "red", "red", "red", "red", "red", "red", "red", "red", "red", "red", "red"], "timestamps": [0, 40, 80, 120, 160, 200, 240, 280, 320, 360, 400, 440, 480, 520, 560, 600, 640, 680, 720, 760, 800, 840, 880, 920, 960, 1000, 1040, 1080, 1120, 1160, 1200, 1240, 1280, 1320, 1360, 1400, 1440, 1480, 1520, 1560, 1600, 1640, 1680, 1720, 1760, 1800, 1840, 1880, 1920, 1960, 2000, 2040, 2080, 2120, 2160, 2200, 2240, 2280, 2320, 2360, 2400, 2440, 2480, 2520, 2560, 2600, 2640, 2680, 2720, 2760, 2800, 2840, 2880, 2920, 2960, 3000, 3040, 3080, 3120, 3160]}], "conversation": [], "conversation_timestamps": []}