{"agent_id": "agent-blue-1350", "type": "blue", "trips": [{"trip_id": 0, "transport_method": "foot", "start_time": 0, "path": [[1.731542, 42.5421201], [1.7338035, 42.5424865], [1.7349501, 42.5457095], [1.7337507, 42.5472029], [1.7308981, 42.5455075], [1.7263179, 42.5439731], [1.7214739, 42.5437749], [1.7166218, 42.5439396], [1.7117684, 42.5440626], [1.7069235, 42.5443713], [1.7021235, 42.5450184], [1.6982188, 42.5477413], [1.6951215, 42.5514067], [1.6914043, 42.5544999], [1.6880549, 42.557984], [1.6868213, 42.5554138], [1.6822463, 42.5538858], [1.6834833, 42.5539817], [1.6839497, 42.5544321], [1.6799478, 42.5524153], [1.6799726, 42.5509826], [1.6826034, 42.5484019], [1.6842443, 42.5464154], [1.683911, 42.5422805], [1.6796163, 42.5402056], [1.6752468, 42.5381503], [1.67252, 42.5390541], [1.667725, 42.5391718], [1.6638652, 42.5379578], [1.6611514, 42.5395479], [1.6566051, 42.5411082], [1.6520665, 42.5424282], [1.6477667, 42.5417738], [1.643016, 42.5408757], [1.6382536, 42.5399319], [1.6379476, 42.5399297], [1.6423505, 42.5415493], [1.6463514, 42.5415365], [1.6415895, 42.5405906], [1.6368276, 42.5396448], [1.6328337, 42.5390853], [1.6280498, 42.5387792], [1.62339, 42.5379266], [1.6188891, 42.5361065], [1.6196816, 42.5357569], [1.6244869, 42.5351518], [1.6249761, 42.5375698], [1.6206677, 42.5368311], [1.6161364, 42.5351402], [1.6187228, 42.5370956], [1.6139832, 42.536564], [1.6092237, 42.5360777], [1.6043867, 42.5364383], [1.601443, 42.5369021], [1.6059151, 42.5366364], [1.6057363, 42.5362972], [1.6008943, 42.5366508], [1.596137, 42.5361573], [1.5918713, 42.5359088], [1.590534, 42.5356399], [1.5950385, 42.5364278], [1.5902394, 42.5356935], [1.5878015, 42.5351187], [1.5847231, 42.5330427], [1.5802953, 42.5317454], [1.5754673, 42.5314487], [1.5743019, 42.5310194], [1.5713462, 42.5293877], [1.5712297, 42.5293116], [1.5677944, 42.5270362], [1.5663666, 42.5259487], [1.5621075, 42.5238683], [1.5583058, 42.52095], [1.5566026, 42.5191344], [1.5541502, 42.517187], [1.5530108, 42.515276], [1.5500255, 42.511968], [1.5462529, 42.5098171], [1.5425601, 42.5088786], [1.5393284, 42.5091743]], "mood_vectors": [[0.0282, 0.0962, 0.0524, 0.6242, 0.0719, 0.0577, 0.0695], [0.0455, 0.0639, 0.0128, 0.755, 0.0129, 0.0401, 0.0698], [0.0783, 0.0216, 0.0147, 0.7829, 0.0361, 0.0306, 0.0359], [0.0404, 0.0705, 0.0551, 0.6788, 0.0469, 0.0219, 0.0865], [0.0804, 0.0287, 0.0531, 0.6563, 0.0688, 0.0797, 0.0329], [0.0423, 0.0532, 0.0593, 0.723, 0.0134, 0.0725, 0.0364], [0.0349, 0.0543, 0.0588, 0.6699, 0.065, 0.0578, 0.0593], [0.0678, 0.013, 0.0219, 0.7534, 0.0549, 0.0295, 0.0595], [0.0655, 0.0642, 0.0449, 0.6563, 0.0606, 0.0646, 0.0439], [0.023, 0.0981, 0.0406, 0.6886, 0.0473, 0.0337, 0.0687], [0.0552, 0.0375, 0.0348, 0.7763, 0.0584, 0.0252, 0.0125], [0.0443, 0.0679, 0.0501, 0.6403, 0.0768, 0.06, 0.0606], [0.0225, 0.0144, 0.0307, 0.7568, 0.0339, 0.0762, 0.0655], [0.0391, 0.0438, 0.0338, 0.714, 0.0698, 0.0628, 0.0368], [0.015, 0.0627, 0.0785, 0.7255, 0.0664, 0.0181, 0.0337], [0.0585, 0.066, 0.069, 0.7096, 0.0381, 0.0317, 0.0272], [0.0276, 0.0431, 0.0807, 0.6468, 0.0299, 0.0827, 0.0892], [0.0699, 0.0461, 0.0234, 0.6825, 0.0459, 0.0553, 0.0769], [0.0817, 0.019, 0.0299, 0.7782, 0.0206, 0.0433, 0.0273], [0.0608, 0.0383, 0.0311, 0.7807, 0.045, 0.0277, 0.0164], [0.0539, 0.012, 0.0645, 0.6861, 0.0688, 0.0562, 0.0585], [0.0346, 0.031, 0.0479, 0.78, 0.0165, 0.0389, 0.0511], [0.0315, 0.0697, 0.0697, 0.7005, 0.0243, 0.0796, 0.0247], [0.0354, 0.0808, 0.0164, 0.6858, 0.0395, 0.0742, 0.068], [0.0218, 0.018, 0.0127, 0.8091, 0.0756, 0.0147, 0.0481], [0.0584, 0.0205, 0.0253, 0.7111, 0.0245, 0.0768, 0.0834], [0.0397, 0.043, 0.0617, 0.7189, 0.0375, 0.0691, 0.03], [0.038, 0.0549, 0.0558, 0.6887, 0.0863, 0.0594, 0.0169], [0.0902, 0.0255, 0.0285, 0.6613, 0.0582, 0.0825, 0.0538], [0.0425, 0.0556, 0.0209, 0.7806, 0.0463, 0.0197, 0.0343], [0.0174, 0.0377, 0.0731, 0.766, 0.0184, 0.0503, 0.037], [0.0478, 0.0163, 0.0597, 0.7489, 0.0214, 0.0431, 0.0629], [0.0274, 0.0487, 0.0401, 0.6524, 0.0683, 0.0764, 0.0867], [0.0178, 0.0492, 0.0387, 0.7585, 0.0193, 0.0704, 0.046], [0.0528, 0.0582, 0.0142, 0.7189, 0.059, 0.0465, 0.0505], [0.0624, 0.0529, 0.0678, 0.6619, 0.0537, 0.0656, 0.0357], [0.04, 0.0429, 0.0724, 0.6691, 0.0435, 0.077, 0.0551], [0.0752, 0.052, 0.0322, 0.6934, 0.0373, 0.0512, 0.0587], [0.0682, 0.0655, 0.077, 0.6331, 0.0317, 0.0535, 0.071], [0.0227, 0.026, 0.0585, 0.7383, 0.0723, 0.0208, 0.0613], [0.0752, 0.0197, 0.0574, 0.7231, 0.0772, 0.0236, 0.0237], [0.0476, 0.0338, 0.062, 0.7081, 0.0208, 0.0641, 0.0637], [0.0124, 0.0444, 0.0622, 0.7018, 0.0627, 0.0682, 0.0483], [0.0662, 0.0249, 0.0584, 0.6557, 0.0467, 0.0517, 0.0964], [0.0647, 0.042, 0.0498, 0.769, 0.0266, 0.031, 0.0168], [0.0263, 0.0881, 0.0884, 0.6374, 0.0719, 0.0224, 0.0655], [0.0274, 0.0336, 0.0142, 0.8138, 0.0509, 0.0131, 0.047], [0.0482, 0.0551, 0.0777, 0.6682, 0.0453, 0.0676, 0.0379], [0.0388, 0.056, 0.0531, 0.6867, 0.0704, 0.0275, 0.0676], [0.0563, 0.0843, 0.0316, 0.6612, 0.0375, 0.0879, 0.0412], [0.0389, 0.0407, 0.0175, 0.7027, 0.0648, 0.068, 0.0673], [0.0323, 0.0755, 0.0611, 0.6349, 0.0644, 0.0683, 0.0634], [0.0737, 0.0713, 0.0587, 0.7249, 0.0282, 0.0142, 0.0289], [0.0788, 0.0266, 0.049, 0.7435, 0.037, 0.0452, 0.0199], [0.0442, 0.0342, 0.0456, 0.7086, 0.0538, 0.0413, 0.0722], [0.023, 0.0719, 0.063, 0.735, 0.0201, 0.0535, 0.0335], [0.0405, 0.0728, 0.0449, 0.6568, 0.0751, 0.0682, 0.0417], [0.026, 0.0599, 0.0222, 0.769, 0.0485, 0.021, 0.0534], [0.0546, 0.0524, 0.068, 0.7017, 0.0183, 0.0685, 0.0364], [0.0705, 0.0429, 0.022, 0.7082, 0.0693, 0.0575, 0.0295], [0.0777, 0.0251, 0.081, 0.6825, 0.0868, 0.0204, 0.0266], [0.0537, 0.0702, 0.0392, 0.7058, 0.041, 0.0537, 0.0363], [0.072, 0.0533, 0.0297, 0.7288, 0.0238, 0.0449, 0.0476], [0.0698, 0.0513, 0.022, 0.6787, 0.062, 0.0611, 0.055], [0.0342, 0.0408, 0.0139, 0.7709, 0.0329, 0.0813, 0.0261], [0.0565, 0.0694, 0.0218, 0.749, 0.0417, 0.0161, 0.0455], [0.0132, 0.0366, 0.0359, 0.7384, 0.0782, 0.0295, 0.0683], [0.0463, 0.0684, 0.0493, 0.6598, 0.0751, 0.0599, 0.0412], [0.0147, 0.0383, 0.065, 0.7599, 0.0253, 0.0716, 0.0252], [0.063, 0.0609, 0.0406, 0.6497, 0.0693, 0.0718, 0.0446], [0.0521, 0.0624, 0.0751, 0.7114, 0.0207, 0.0318, 0.0465], [0.076, 0.0742, 0.0466, 0.6872, 0.0308, 0.0452, 0.0401], [0.0357, 0.0648, 0.0581, 0.6418, 0.0712, 0.057, 0.0715], [0.03, 0.0412, 0.0887, 0.6301, 0.0603, 0.0685, 0.081], [0.0461, 0.0245, 0.0321, 0.7854, 0.0361, 0.0413, 0.0345], [0.0194, 0.0723, 0.0173, 0.712, 0.0226, 0.0909, 0.0656], [0.0173, 0.0439, 0.0731, 0.7188, 0.0643, 0.0576, 0.0249], [0.0771, 0.0409, 0.0539, 0.6433, 0.0514, 0.0782, 0.0552], [0.0902, 0.0681, 0.0414, 0.6325, 0.0469, 0.0896, 0.0312], [0.0575, 0.0297, 0.0674, 0.6835, 0.0629, 0.0512, 0.0478]], "emotions": ["green", "green", "green", "green", "green", "green", "green", "green", "green", "green", "green", "green", "green", "green", "green", "green", "green", "green", "green", "green", "green", "green", "green", "green", "green", "green", "green", "green", "green", "green", "green", "green", "green", "green", "green", "green", "green", "green", "green", "green", "green", "green", "green", "green", "green", "green", "green", "green", "green", "green", "green", "green", "green", "green", "green", "green", "green", "green", "green", "green", "green", "green", "green", "green", "green", "green", "green", "green", "green", "green", "green", "green", "green", "green", "green", "green", "green", "green", "green", "green"], "timestamps": [0, 40, 80, 120, 160, 200, 240, 280, 320, 360, 400, 440, 480, 520, 560, 600, 640, 680, 720, 760, 800, 840, 880, 920, 960, 1000, 1040, 1080, 1120, 1160, 1200, 1240, 1280, 1320, 1360, 1400, 1440, 1480, 1520, 1560, 1600, 1640, 1680, 1720, 1760, 1800, 1840, 1880, 1920, 1960, 2000, 2040, 2080, 2120, 2160, 2200, 2240, 2280, 2320, 2360, 2400, 2440, 2480, 2520, 2560, 2600, 2640, 2680, 2720, 2760, 2800, 2840, 2880, 2920, 2960, 3000, 3040, 3080, 3120, 3160]}], "conversation": [], "conversation_timestamps": []}