{
  "agent_id": "agent-type-orange-63",
  "type": "orange",
  "trips": [
    {
      "trip_id": 0,
      "transport_method": "bicycle",
      "start_time": 0,
      "path": [
        [
          1.5197458000000004,
          42.50516729999999
        ],
        [
          1.5185911813737174,
          42.504952285605405
        ],
        [
          1.5185285994366562,
          42.50602788735949
        ],
        [
          1.5195321546855687,
          42.50619336431061
        ],
        [
          1.519353955183383,
          42.50623059472524
        ],
        [
          1.5184326229893,
          42.50587334187925
        ],
        [
          1.519182346184926,
          42.50556697415467
        ],
        [
          1.5203448217959254,
          42.50583609780116
        ],
        [
          1.521148726257173,
          42.50623290904843
        ],
        [
          1.5209164619893478,
          42.50599904907612
        ],
        [
          1.5216036393983128,
          42.50616162537692
        ],
        [
          1.522625212426583,
          42.506530140032886
        ],
        [
          1.5237552274726909,
          42.50673412471099
        ],
        [
          1.5247382617230885,
          42.506745625449035
        ],
        [
          1.5252262030963224,
          42.50661329084807
        ],
        [
          1.5259050993907848,
          42.50706152802807
        ],
        [
          1.5264420487313817,
          42.50710819018794
        ],
        [
          1.5276314051448885,
          42.50720415062206
        ],
        [
          1.5271810050202728,
          42.50722223138815
        ],
        [
          1.5263848686901227,
          42.50788469579
        ],
        [
          1.5265241140323607,
          42.50804212531999
        ],
        [
          1.5254497465422572,
          42.50758100076332
        ],
        [
          1.5244576870244213,
          42.507838544703716
        ],
        [
          1.523277613649418,
          42.507853632258815
        ],
        [
          1.523622278432677,
          42.50858259779059
        ],
        [
          1.5247634695145342,
          42.50890100339935
        ],
        [
          1.525928553004227,
          42.509157278538595
        ],
        [
          1.5270885000000003,
          42.5094371
        ]
      ],
      "emotions": [
        "red",
        "red",
        "red",
        "red",
        "red",
        "green",
        "green",
        "green",
        "green",
        "green",
        "green",
        "green",
        "green",
        "green",
        "green",
        "purple",
        "purple",
        "purple",
        "purple",
        "purple",
        "purple",
        "purple",
        "purple",
        "purple",
        "purple",
        "red",
        "red",
        "red"
      ],
      "mood_vectors": [
        [
          0.16253472879792102,
          0.14352116568949774,
          0.09090476463572211,
          0.12993109713583972,
          0.1595895090280243,
          0.13775853700441823,
          0.17576019770857687
        ],
        [
          0.2675369145075773,
          0.22330136950494103,
          0.06545305930251198,
          0.008342466198698604,
          0.16061735077119735,
          0.13677478362657763,
          0.13797405608849614
        ],
        [
          0.11657063437364407,
          0.08313968570301526,
          0.1184799728982354,
          0.06279442061502083,
          0.12926770431364173,
          0.25074700264334976,
          0.23900057945309297
        ],
        [
          0.04601004128908695,
          0.09120801881814022,
          0.1795690186776116,
          0.18249490059509388,
          0.10244669474919456,
          0.21090703538590275,
          0.18736429048497003
        ],
        [
          0.13408670342507478,
          0.10880312861222892,
          0.10349237140251044,
          0.20214163682872846,
          0.12588468098796501,
          0.17867825782748428,
          0.14691322091600809
        ],
        [
          0.22338853830945596,
          0.008185400926049469,
          0.224299824779744,
          0.13202274173476086,
          0.13366311919943044,
          0.22300443353612306,
          0.05543594151443613
        ],
        [
          0.10825443472825225,
          0.04642624637552231,
          0.24138139126993416,
          0.06006492723497479,
          0.10579873664677134,
          0.1882022136279211,
          0.24987205011662406
        ],
        [
          0.05858366012290332,
          0.14610217502462827,
          0.14788810047076606,
          0.23601380377624454,
          0.20214680570380217,
          0.05838620076541425,
          0.15087925413624137
        ],
        [
          0.1794625124306736,
          0.18341039291074485,
          0.1291481163334444,
          0.13789654533135662,
          0.04031943389502511,
          0.21398805410561345,
          0.11577494499314203
        ],
        [
          0.18417273526008032,
          0.14499477000260272,
          0.18343378180388342,
          0.020493258758279922,
          0.18626616090101905,
          0.10056910239053951,
          0.18007019088359508
        ],
        [
          0.10922572190090968,
          0.19899629086673917,
          0.14782825130098676,
          0.06453640448264249,
          0.20954643706312115,
          0.1895248242734341,
          0.08034207011216662
        ],
        [
          0.19631487210298174,
          0.22756516740404822,
          0.019714777783368064,
          0.239182718722487,
          0.21057805250377631,
          0.10421616580563108,
          0.002428245677707577
        ],
        [
          0.23992156454785973,
          0.1324137367467657,
          0.08240043953572067,
          0.04122518807560268,
          0.231181709231215,
          0.08659737219460724,
          0.186259989668229
        ],
        [
          0.13011534300200564,
          0.11578847035279827,
          0.04817427437602496,
          0.24816151002188172,
          0.17440968776329785,
          0.11487133377934604,
          0.16847938070464552
        ],
        [
          0.17698688264370196,
          0.5349604181543555,
          0.10202828156385899,
          0.10824290599156226,
          0.06759854935296544,
          0.005928375435043024,
          0.004254586858512834
        ],
        [
          0.12284216585732402,
          0.14715211617040613,
          0.17882863159576634,
          0.1685777657314417,
          0.17035575925317925,
          0.10382709044066825,
          0.10841647095121434
        ],
        [
          0.2767607806358971,
          0.10042028997265035,
          0.195275189554156,
          0.20909797723960402,
          0.005715352574331718,
          0.023663863699017688,
          0.1890665463243431
        ],
        [
          0.20385115643907784,
          0.08231354223177349,
          0.20630889435606284,
          0.09959782373262611,
          0.14099779235545648,
          0.0687946563151908,
          0.19813613456981238
        ],
        [
          0.03956111715568003,
          0.2175598499224178,
          0.05258699883077838,
          0.20906684204130513,
          0.05401052782944331,
          0.2705560118803927,
          0.1566586523399826
        ],
        [
          0.21332467095702132,
          0.08749008963232657,
          0.12042002790309944,
          0.02653903694759336,
          0.20538454392883276,
          0.2596480521448488,
          0.08719357848627775
        ],
        [
          0.0297653864258499,
          0.15788114506098413,
          0.2229404720763587,
          0.12071591756137705,
          0.19435616822336294,
          0.06782051148219616,
          0.20652039916987108
        ],
        [
          0.2438499804390645,
          0.22503387961848773,
          0.10296034635931287,
          0.16204636013389143,
          0.07916001763712885,
          0.18634192381519063,
          0.0006074919969240341
        ],
        [
          0.0016417228379733,
          0.06075140946223393,
          0.2508955097338207,
          0.21881156701486504,
          0.08193455679448633,
          0.1395024309945066,
          0.24646280316211408
        ],
        [
          0.05617592392268815,
          0.27439564192878935,
          0.2752790981993489,
          0.054862353514553534,
          0.2107103241862094,
          0.10639285155423545,
          0.022183806694175162
        ],
        [
          0.25570330092656846,
          0.22450442189558317,
          0.05103795221411118,
          0.09288725606610393,
          0.28246024580568907,
          0.07672738564920838,
          0.016679437442735884
        ],
        [
          0.19851407066572838,
          0.18179855162194425,
          0.2091767540419876,
          0.01605232559841534,
          0.19181035635051774,
          0.16400324079886577,
          0.038644700922540964
        ],
        [
          0.11662473418745473,
          0.03328482736378848,
          0.2805644047373889,
          0.2359463264727595,
          0.03383981014931154,
          0.04730997630715656,
          0.2524299207821404
        ],
        [
          0.19053075198828037,
          0.12226642502069737,
          0.1840735810238074,
          0.11376632337329357,
          0.10879397207067001,
          0.23134513331873793,
          0.04922381320451341
        ]
      ],
      "timestamps": [
        0,
        1,
        2,
        3,
        4,
        5,
        6,
        7,
        8,
        9,
        10,
        11,
        12,
        13,
        14,
        15,
        16,
        17,
        18,
        19,
        20,
        21,
        22,
        23,
        24,
        25,
        26,
        27
      ],
      "distance": 1042
    },
    {
      "trip_id": 1,
      "transport_method": "car",
      "start_time": 28,
      "path": [
        [
          1.5269420000000007,
          42.508114499999984
        ],
        [
          1.5264381166927097,
          42.5077933292911
        ],
        [
          1.5266136192373223,
          42.50717805691038
        ],
        [
          1.5257427571367,
          42.507104118541314
        ],
        [
          1.525548162893869,
          42.50702811269644
        ],
        [
          1.526224105699186,
          42.506863873938116
        ],
        [
          1.5270950653792115,
          42.50693665385629
        ],
        [
          1.5266009749407636,
          42.50689536622553
        ],
        [
          1.5264021678389024,
          42.507104972491625
        ],
        [
          1.5272733321738912,
          42.50717526034379
        ],
        [
          1.5277906968642896,
          42.507057605969145
        ],
        [
          1.527372160034111,
          42.50630562711787
        ],
        [
          1.526770771594851,
          42.50583699777604
        ],
        [
          1.5269923594911303,
          42.50653613478543
        ],
        [
          1.5265794877626937,
          42.506254805195525
        ],
        [
          1.526507685084563,
          42.5061536823267
        ],
        [
          1.526028871938142,
          42.505753236793005
        ],
        [
          1.526390881236201,
          42.50525747614294
        ],
        [
          1.527254430312762,
          42.50539220057684
        ],
        [
          1.5271683722560623,
          42.50548644863491
        ],
        [
          1.5279856460244654,
          42.50558773711472
        ],
        [
          1.5279728352855662,
          42.50533786464417
        ],
        [
          1.5272399819608977,
          42.50518273052287
        ],
        [
          1.5266242944413322,
          42.50498831877848
        ],
        [
          1.525807439264001,
          42.504769998441
        ],
        [
          1.5251120726195289,
          42.50490799730013
        ],
        [
          1.524244816871552,
          42.504799668410534
        ],
        [
          1.5233867126470892,
          42.504634998034824
        ],
        [
          1.522521484794585,
          42.50451662019105
        ],
        [
          1.5220317944331954,
          42.50447384138291
        ],
        [
          1.5228003499865794,
          42.504610548103436
        ],
        [
          1.521990638557747,
          42.504630992121605
        ],
        [
          1.5213388003606723,
          42.50479379033426
        ],
        [
          1.5205266999999998,
          42.504473999999995
        ]
      ],
      "emotions": [
        "red",
        "red",
        "green",
        "green",
        "green",
        "green",
        "green",
        "purple",
        "purple",
        "purple",
        "purple",
        "purple",
        "green",
        "green",
        "green",
        "green",
        "green",
        "red",
        "red",
        "red",
        "red",
        "red",
        "purple",
        "purple",
        "purple",
        "purple",
        "purple",
        "red",
        "red",
        "red",
        "red",
        "red",
        "purple",
        "purple"
      ],
      "mood_vectors": [
        [
          0.1270316428357111,
          0.18525839815651993,
          0.09246552393141996,
          0.06521331584381872,
          0.21663351113543364,
          0.16887540997087727,
          0.14452219812621933
        ],
        [
          0.13273165271745974,
          0.06593145085484321,
          0.23486728414401234,
          0.0171707842928799,
          0.1511077205600663,
          0.25263992263611,
          0.14555118479462847
        ],
        [
          0.0019359828531632206,
          0.1798723769346776,
          0.1452111104104279,
          0.1481892847759679,
          0.15012264599582895,
          0.05212583933984088,
          0.32254275969009344
        ],
        [
          0.03974385451084678,
          0.2092877487745925,
          0.15921548815744113,
          0.2024943109960828,
          0.10633997161698151,
          0.17014756881470006,
          0.11277105712935527
        ],
        [
          0.2273822274503434,
          0.0844062006360793,
          0.29127424686359393,
          0.1841344534700339,
          0.19760034648535751,
          0.012287781281186334,
          0.002914743813405632
        ],
        [
          0.03630132779371801,
          0.0791342255667883,
          0.18433880361870683,
          0.17751078395852535,
          0.1414159694735113,
          0.18588529412944382,
          0.1954135954593064
        ],
        [
          0.13152394047851215,
          0.12971973060007747,
          0.16734818299652246,
          0.22266607344165595,
          0.23790104370365558,
          0.00517214749659171,
          0.10566888128298468
        ],
        [
          0.056040176542793314,
          0.24538997222320538,
          0.1354894990412536,
          0.12903571676070585,
          0.2573064390975109,
          0.07577199925648191,
          0.10096619707804905
        ],
        [
          0.21843317909089077,
          0.19979092936561144,
          0.03999494510812382,
          0.10903382571129266,
          0.037395915070109115,
          0.09636024625234281,
          0.2989909594016294
        ],
        [
          0.12702189454726193,
          0.03342064611015484,
          0.13244344247294218,
          0.2501492398437018,
          0.16747106679419943,
          0.2498652161829087,
          0.039628494048831224
        ],
        [
          0.043956341076272686,
          0.2503011094776646,
          0.07910706072724678,
          0.040532845561029006,
          0.17994097076151658,
          0.3179457813166944,
          0.088215891079576
        ],
        [
          0.26286237280449354,
          0.14129789254763012,
          0.17460115971402282,
          0.07585665671478303,
          0.055941904984818755,
          0.2598654605683018,
          0.029574552665949924
        ],
        [
          0.06606728854221522,
          0.09876676846923721,
          0.11358000205305152,
          0.12441212418095926,
          0.1959214340075992,
          0.19859353837488603,
          0.20265884437205148
        ],
        [
          0.07054431019705425,
          0.11575353831767936,
          0.17782659858633612,
          0.12190096091433335,
          0.16648493682294502,
          0.199607596992693,
          0.1478820581689588
        ],
        [
          0.2908415593967148,
          0.07873117307623033,
          0.1876458172647222,
          0.21159497591749332,
          0.0047416065159986255,
          0.020029149871583718,
          0.206415717957257
        ],
        [
          0.17060040612318886,
          0.027336732142263547,
          0.0766637517532186,
          0.23604144838131857,
          0.32342365280378277,
          0.04557641829143802,
          0.1203575905047897
        ],
        [
          0.1670702364125625,
          0.10121129291400807,
          0.23843615930986972,
          0.016632014379080875,
          0.039671690739061474,
          0.13503947551815326,
          0.3019391307272641
        ],
        [
          0.16675521263119325,
          0.12331125679904548,
          0.08507513745970091,
          0.06352665839744154,
          0.21006795448737645,
          0.089330507652626,
          0.26193327257261634
        ],
        [
          0.1733742060501448,
          0.2360510776525088,
          0.20666647851588676,
          0.013235138697725152,
          0.1455867227502746,
          0.18645418352015586,
          0.03863219281330396
        ],
        [
          0.2966721400803935,
          0.15278441273530835,
          0.048359265325666936,
          0.0221029509557449,
          0.15500734245577502,
          0.08303255385770562,
          0.24204133458940574
        ],
        [
          0.008132672446546618,
          0.17283399251284198,
          0.100893099713708,
          0.09589750623809583,
          0.042204147344676916,
          0.2989999299098533,
          0.2810386518342774
        ],
        [
          0.040897468036374306,
          0.3396677367275459,
          0.004556134665079606,
          0.016648339324684135,
          0.20569018375492604,
          0.3062852584353146,
          0.0862548790560754
        ],
        [
          0.08087163086914666,
          0.0694374775560655,
          0.12876291058925865,
          0.013034286012769717,
          0.26366005126268927,
          0.18978563709977633,
          0.2544480066102938
        ],
        [
          0.20893108893788367,
          0.05240665605993505,
          0.20577772793973367,
          0.09301576532427537,
          0.15535410161326343,
          0.1505424558581529,
          0.133972204266756
        ],
        [
          0.15814831500611487,
          0.2590883605862635,
          0.28257020853218023,
          0.1457249485136544,
          0.011400518677509849,
          0.046707324066468596,
          0.09636032461780862
        ],
        [
          0.10825957253738919,
          0.157380383593798,
          0.0068359758759420726,
          0.21719468112855395,
          0.22769065238190606,
          0.07803656417721994,
          0.20460217030519087
        ],
        [
          0.15238122408839866,
          0.0012378637405234605,
          0.1439245473144153,
          0.2041413767283751,
          0.12247578132929632,
          0.2489356432762837,
          0.12690356352270749
        ],
        [
          0.030193248441190465,
          0.4072181008834064,
          0.3137828032441394,
          0.04185073636180226,
          0.058598902198565575,
          0.05836038586317844,
          0.0899958230077175
        ],
        [
          0.025818341558797215,
          0.16363543774107042,
          0.16410853002436265,
          0.16300981131250963,
          0.21418837697171875,
          0.05121725468662023,
          0.218022247704921
        ],
        [
          0.05332455662434837,
          0.24476288394092846,
          0.16302157988244828,
          0.1397069304761747,
          0.1678438587344024,
          0.13054590766159252,
          0.1007942826801052
        ],
        [
          0.13726404329412642,
          0.26352399377780156,
          0.0010219113018215904,
          0.05414935072994302,
          0.22049860941464366,
          0.17757811444937044,
          0.1459639770322933
        ],
        [
          0.12441432085132988,
          0.09355460453452036,
          0.1808044782684244,
          0.11791377885144994,
          0.12417466270586786,
          0.17404776026542668,
          0.18509039452298093
        ],
        [
          0.18797663065841688,
          0.3121199232051078,
          0.07211254005081179,
          0.012348762123632062,
          0.22860503845502814,
          0.06646468974735327,
          0.12037241575965
        ],
        [
          0.12842417380019433,
          0.14508889443353915,
          0.12516092330669593,
          0.15518212971752848,
          0.17636264727107348,
          0.13311760654602045,
          0.13666362492494813
        ]
      ],
      "timestamps": [
        28,
        29,
        30,
        31,
        32,
        33,
        34,
        35,
        36,
        37,
        38,
        39,
        40,
        41,
        42,
        43,
        44,
        45,
        46,
        47,
        48,
        49,
        50,
        51,
        52,
        53,
        54,
        55,
        56,
        57,
        58,
        59,
        60,
        61
      ],
      "distance": 1045.7
    },
    {
      "trip_id": 2,
      "transport_method": "foot",
      "start_time": 62,
      "path": [
        [
          1.5206392,
          42.504464399999996
        ],
        [
          1.5206611385130362,
          42.504531828383385
        ],
        [
          1.5211581739314082,
          42.50474063817271
        ],
        [
          1.521677717009992,
          42.50488501471943
        ],
        [
          1.5220253966936097,
          42.50485692705214
        ],
        [
          1.521926399942182,
          42.50538100797253
        ],
        [
          1.5217915933116704,
          42.50590319667998
        ],
        [
          1.5214132881182534,
          42.50613654788952
        ],
        [
          1.5209096336051717,
          42.50594369902315
        ],
        [
          1.5204139934396903,
          42.505852111664005
        ],
        [
          1.5198885768622843,
          42.50573047296131
        ],
        [
          1.519363160284878,
          42.505608834258624
        ],
        [
          1.518837743707472,
          42.50548719555593
        ],
        [
          1.518321618451972,
          42.50559442795152
        ],
        [
          1.5185625769376243,
          42.5060718131319
        ],
        [
          1.5189658565368407,
          42.50635831668406
        ],
        [
          1.5194736870938137,
          42.506201722275755
        ],
        [
          1.5200082254434844,
          42.50616644822925
        ],
        [
          1.5203209322978857,
          42.50620104535652
        ],
        [
          1.5197851358918064,
          42.5061572005481
        ],
        [
          1.5194686279634548,
          42.50632318295068
        ],
        [
          1.5192759384874768,
          42.50666974079427
        ],
        [
          1.5196593937414635,
          42.506991855057024
        ],
        [
          1.5201671619504604,
          42.5071726693274
        ],
        [
          1.5204486896210998,
          42.507414173645515
        ],
        [
          1.5204971280612112,
          42.50762688274582
        ],
        [
          1.5209732439578045,
          42.507880205083595
        ],
        [
          1.5214493598543977,
          42.50813352742138
        ],
        [
          1.5215499961415908,
          42.50841564113648
        ],
        [
          1.5211020999999998,
          42.508253900000014
        ]
      ],
      "emotions": [
        "purple",
        "purple",
        "purple",
        "red",
        "red",
        "red",
        "red",
        "red",
        "purple",
        "purple",
        "purple",
        "purple",
        "purple",
        "red",
        "red",
        "red",
        "red",
        "red",
        "purple",
        "purple",
        "purple",
        "purple",
        "purple",
        "purple",
        "purple",
        "purple",
        "purple",
        "purple",
        "red",
        "red"
      ],
      "mood_vectors": [
        [
          0.016680075064354885,
          0.08134062315532582,
          0.12564041116540745,
          0.12820336308185762,
          0.31947695374741947,
          0.12759875381193642,
          0.2010598199736984
        ],
        [
          0.08622121396404274,
          0.13318885421583004,
          0.05052830643970104,
          0.286754200291409,
          0.10405105865828596,
          0.3244641931202803,
          0.014792173310450909
        ],
        [
          0.08122005774277229,
          0.08486241784015106,
          0.16319834423993596,
          0.1297293616939383,
          0.19281104597084178,
          0.12397278651641165,
          0.22420598599594896
        ],
        [
          0.10769907696564927,
          0.20125035782907585,
          0.10896172579252542,
          0.2564573307580796,
          0.032389318146935506,
          0.02164126212290114,
          0.2716009283848332
        ],
        [
          0.1847168197986291,
          0.1605130565913809,
          0.34386547470314455,
          0.1710334690913407,
          0.039723773312490114,
          0.032422068359684364,
          0.06772533814333027
        ],
        [
          0.19726088286856533,
          0.20556467254267738,
          0.07007419922137416,
          0.01468331781885247,
          0.21202740044325138,
          0.2718220922933521,
          0.028567434811927216
        ],
        [
          0.07872971830186026,
          0.2535139318683829,
          0.015916667297424435,
          0.21549949281788897,
          0.12356092097159972,
          0.14046567771896737,
          0.1723135910238764
        ],
        [
          0.07119801785019937,
          0.1475144276915222,
          0.23835722103925386,
          0.020844974069022918,
          0.049870829805609,
          0.32841980118377256,
          0.14379472836062016
        ],
        [
          0.26207929187491424,
          0.010941524773926176,
          0.16270492999310615,
          0.21137149930056318,
          0.00757688195794442,
          0.15517165894511217,
          0.19015421315443362
        ],
        [
          0.018043914394511036,
          0.20730021573040497,
          0.10318610842950149,
          0.1910797049435255,
          0.28434208265938393,
          0.0035917908044740795,
          0.19245618303819903
        ],
        [
          0.21899892734226292,
          0.16473525350191864,
          0.0355229777777102,
          0.22002923536468622,
          0.07373217964897123,
          0.13653204643559,
          0.15044937992886073
        ],
        [
          0.14188280562591993,
          0.09475743403136787,
          0.16867683045512386,
          0.20928011201382715,
          0.20177558590300168,
          0.007168321575125164,
          0.17645891039563433
        ],
        [
          0.060969508574651755,
          0.06969395247194593,
          0.12992366850139786,
          0.3059778287916816,
          0.13960849122304636,
          0.08156940870775828,
          0.21225714172951823
        ],
        [
          0.11614039955043001,
          0.18167936780782123,
          0.13927369678504664,
          0.04746587404746692,
          0.20536136786742581,
          0.14368675184337668,
          0.16639254209843274
        ],
        [
          0.01351939117998517,
          0.24893644469000933,
          0.25815930258047687,
          0.025220113023023214,
          0.23172007172071898,
          0.18818753275112182,
          0.034257144054664526
        ],
        [
          0.15570246892365783,
          0.19519993005702835,
          0.15898839913203483,
          0.160352157839147,
          0.1470439904769148,
          0.007345687840327971,
          0.17536736573088926
        ],
        [
          0.06862934378286831,
          0.12012646322264255,
          0.149795072457236,
          0.18143781849641324,
          0.11484113634680619,
          0.20838620010893383,
          0.15678396558509983
        ],
        [
          0.10882993817205486,
          0.23778957851992163,
          0.26396010442168655,
          0.06375434220205717,
          0.1349737069930408,
          0.18120558744756443,
          0.009486742243674618
        ],
        [
          0.22330208828196904,
          0.2255432550097507,
          0.13479928013559211,
          0.21643650342942652,
          0.06207793221606094,
          0.10164501901045565,
          0.036195921916745026
        ],
        [
          0.13697184293857934,
          0.2559350947597782,
          0.10330193948961428,
          0.25344089629815975,
          0.030388927960333087,
          0.09072970970966815,
          0.12923158884386718
        ],
        [
          0.16718644811338534,
          0.2678989651515514,
          0.25269455693643295,
          0.18020806339281364,
          0.06186514163574683,
          0.04602482856084653,
          0.024121996209223222
        ],
        [
          0.09708337645955162,
          0.12028895495672519,
          0.20029514277212587,
          0.11104672575635317,
          0.14573274059958707,
          0.13862544417069347,
          0.18692761528496366
        ],
        [
          0.1855070229199781,
          0.13550944125011724,
          0.13381012637090234,
          0.13091470575619046,
          0.1603081778651628,
          0.08732580387976564,
          0.16662472195788344
        ],
        [
          0.32208455878998965,
          0.08921088283066873,
          0.10521414277254054,
          0.07234217437817522,
          0.30355218580964183,
          0.007551303144651685,
          0.10004475227433238
        ],
        [
          0.044501390613806556,
          0.032107292890433674,
          0.0902661914649267,
          0.11875378028729708,
          0.19255501604287364,
          0.25054747540494365,
          0.2712688532957187
        ],
        [
          0.11062555544833026,
          0.03881407374667753,
          0.17214866221683786,
          0.14426314780101948,
          0.26333575971074064,
          0.24173575881465326,
          0.02907704226174104
        ],
        [
          0.12932576936225804,
          0.030993939071341726,
          0.1983577271377388,
          0.16817745215956695,
          0.13111569437927154,
          0.10033551501171749,
          0.24169390287810547
        ],
        [
          0.20957411525725647,
          0.09410884813888822,
          0.11857200187323956,
          0.027677812287309263,
          0.11886377567251732,
          0.14548597677225328,
          0.2857174699985359
        ],
        [
          0.08112798245589428,
          0.11606630101307779,
          0.11094157751763735,
          0.09008992596320564,
          0.10262587583746126,
          0.2754498549432043,
          0.2236984822695194
        ],
        [
          0.21539479313451498,
          0.007209882779190233,
          0.18856692564089972,
          0.026251911720354678,
          0.17046522694103666,
          0.04357324730306752,
          0.3485380124809363
        ]
      ],
      "timestamps": [
        62,
        63,
        64,
        65,
        66,
        67,
        68,
        69,
        70,
        71,
        72,
        73,
        74,
        75,
        76,
        77,
        78,
        79,
        80,
        81,
        82,
        83,
        84,
        85,
        86,
        87,
        88,
        89,
        90,
        91
      ],
      "distance": 494.8
    },
    {
      "trip_id": 3,
      "transport_method": "stopped",
      "start_time": 92,
      "path": [
        [
          1.5211020999999998,
          42.508253900000014
        ],
        [
          1.5211020999999998,
          42.508253900000014
        ],
        [
          1.5211020999999998,
          42.508253900000014
        ],
        [
          1.5211020999999998,
          42.508253900000014
        ],
        [
          1.5211020999999998,
          42.508253900000014
        ],
        [
          1.5211020999999998,
          42.508253900000014
        ],
        [
          1.5211020999999998,
          42.508253900000014
        ],
        [
          1.5211020999999998,
          42.508253900000014
        ]
      ],
      "emotions": [
        "red",
        "red",
        "red",
        "green",
        "green",
        "green",
        "green",
        "green"
      ],
      "mood_vectors": [
        [
          0.2516594419859373,
          0.1631812960606749,
          0.16133237499808534,
          0.1348758540626728,
          0.12792332221379948,
          0.09920028075493907,
          0.061827429923891085
        ],
        [
          0.3106261849277829,
          0.23333131775128396,
          0.07481027046292203,
          0.027867615891580624,
          0.24900998572262928,
          0.06401698175302399,
          0.040337643490777154
        ],
        [
          0.047205244170174514,
          0.027366324813312484,
          0.30985394700954516,
          0.19507839905264066,
          0.07323808152690778,
          0.007585663287620943,
          0.33967234013979847
        ],
        [
          0.05445392811176775,
          0.1348304491244831,
          0.22853943770281515,
          0.08701969983196653,
          0.19677396794563606,
          0.15484572512490966,
          0.14353679215842177
        ],
        [
          0.2556894659612396,
          0.26840954414889023,
          0.07692190022983292,
          0.0024776391235439886,
          0.07126914037953816,
          0.2898135699370432,
          0.035418740219911815
        ],
        [
          0.19920746616786877,
          0.27428542916302223,
          0.12989140562460105,
          0.01879090845295447,
          0.15163321383812411,
          0.04121938094427583,
          0.18497219580915364
        ],
        [
          0.1982770441901036,
          0.12421861226241725,
          0.05880998041558876,
          0.11639709986575046,
          0.21669623101282792,
          0.17589679115458284,
          0.1097042410987292
        ],
        [
          0.12531686168053008,
          0.16945134616872862,
          0.1408569758180264,
          0.10913354492399667,
          0.10157548614572323,
          0.17459724356485376,
          0.17906854169814124
        ]
      ],
      "timestamps": [
        92,
        93,
        94,
        95,
        96,
        97,
        98,
        99
      ]
    }
  ],
  "conversation": [
    "I wonder what that shop sells — never seen it open.",
    "Let's loop around the park before heading back.",
    "Thinking about that meeting later."
  ],
  "conversation_timestamps": [
    33,
    45,
    89
  ]
}
