{"agent_id": "agent-green-947", "type": "green", "trips": [{"trip_id": 0, "transport_method": "bicycle", "start_time": 0, "path": [[1.5215655, 42.5053333], [1.5220882, 42.5050709], [1.5216587, 42.506541], [1.5225068, 42.5074337], [1.5239332, 42.5077753], [1.5254485, 42.5080816], [1.5268738, 42.5085177], [1.5282551, 42.5091088], [1.5293546, 42.5101808], [1.5298731, 42.5113597], [1.5309942, 42.5122472], [1.5303004, 42.5136052], [1.5297344, 42.5148276], [1.5286668, 42.5159146], [1.5273202, 42.5166923], [1.5265593, 42.5170911], [1.5279394, 42.5164628], [1.5286326, 42.5159548], [1.5273287, 42.5168021], [1.5260249, 42.5176494], [1.524721, 42.5184967], [1.5257263, 42.5176463], [1.525563, 42.5178238], [1.5243093, 42.5187427], [1.5237903, 42.5200848], [1.5230751, 42.52145], [1.5219272, 42.5224686], [1.5211727, 42.5238006], [1.5206157, 42.5252051], [1.5202812, 42.5266818], [1.5203264, 42.5280217], [1.5204937, 42.5294591], [1.5197799, 42.5305377], [1.519569, 42.5320178], [1.5195491, 42.5335071], [1.5202315, 42.5347626], [1.5212218, 42.5357912], [1.5202007, 42.5368948], [1.5195844, 42.5383189], [1.5193712, 42.5398396], [1.5191282, 42.541226], [1.5181617, 42.5416725], [1.5187192, 42.5414199], [1.5174873, 42.5422958], [1.516605, 42.5435415], [1.5155214, 42.5446438], [1.51475, 42.5459176], [1.5136869, 42.5469545], [1.5131674, 42.5483439], [1.5121321, 42.5493882], [1.5110214, 42.5504658], [1.5097975, 42.5514002], [1.50854, 42.5523118], [1.5086452, 42.5522464], [1.5074825, 42.5532779], [1.5066529, 42.5544883], [1.5060495, 42.5558734], [1.5050481, 42.5570512], [1.5047988, 42.5585454], [1.5035947, 42.5594546], [1.5022778, 42.5601805], [1.5010021, 42.5610658], [1.4998459, 42.5617386], [1.4983057, 42.5615311], [1.4967569, 42.5614892], [1.4955112, 42.5623174], [1.4944143, 42.5633958], [1.4929385, 42.5638626], [1.4918082, 42.5649053], [1.4907063, 42.5659959], [1.4896997, 42.5671743], [1.4887204, 42.5683566], [1.4888429, 42.5681089], [1.4881295, 42.5691897], [1.4886167, 42.5695877], [1.4898326, 42.5694831], [1.4909044, 42.5688759], [1.491606, 42.5683726], [1.4918206, 42.5697811], [1.490732, 42.5701787]], "mood_vectors": [[0.0512, 0.0218, 0.0482, 0.0634, 0.0269, 0.047, 0.7416], [0.1025, 0.0206, 0.0296, 0.0164, 0.0822, 0.0895, 0.6592], [0.0437, 0.0299, 0.0635, 0.0607, 0.0463, 0.0382, 0.7177], [0.0763, 0.0595, 0.0432, 0.0806, 0.0872, 0.0155, 0.6377], [0.0475, 0.0524, 0.0744, 0.0272, 0.0387, 0.0232, 0.7366], [0.0239, 0.0871, 0.0739, 0.0451, 0.0377, 0.0613, 0.671], [0.0392, 0.0282, 0.0483, 0.0405, 0.0235, 0.0633, 0.757], [0.0213, 0.0629, 0.0229, 0.045, 0.0363, 0.0619, 0.7498], [0.0436, 0.0713, 0.014, 0.0856, 0.0847, 0.0807, 0.62], [0.0818, 0.0488, 0.0198, 0.0643, 0.0385, 0.0766, 0.6702], [0.0506, 0.0166, 0.0506, 0.0678, 0.0751, 0.0678, 0.6714], [0.0748, 0.058, 0.0405, 0.0318, 0.0244, 0.0226, 0.7479], [0.0576, 0.0163, 0.0343, 0.0685, 0.0525, 0.0535, 0.7173], [0.0174, 0.0536, 0.0274, 0.0633, 0.1035, 0.0479, 0.687], [0.0536, 0.0366, 0.0206, 0.0339, 0.0152, 0.0209, 0.8193], [0.05, 0.075, 0.0311, 0.0697, 0.0636, 0.0203, 0.6902], [0.0383, 0.0275, 0.0589, 0.0219, 0.0215, 0.0909, 0.741], [0.0165, 0.0399, 0.104, 0.0165, 0.0444, 0.0928, 0.6859], [0.069, 0.0588, 0.0662, 0.0345, 0.0173, 0.0364, 0.7177], [0.0291, 0.049, 0.076, 0.0651, 0.0206, 0.0445, 0.7157], [0.0629, 0.0599, 0.047, 0.025, 0.0774, 0.058, 0.6699], [0.0474, 0.0609, 0.0388, 0.0206, 0.0968, 0.0718, 0.6638], [0.0753, 0.0577, 0.0881, 0.0564, 0.0477, 0.0387, 0.6361], [0.0503, 0.0447, 0.0302, 0.0505, 0.0262, 0.0683, 0.7298], [0.0544, 0.0372, 0.0626, 0.0367, 0.0533, 0.0714, 0.6844], [0.0583, 0.0567, 0.0731, 0.037, 0.0237, 0.0361, 0.7151], [0.0176, 0.0314, 0.0371, 0.0777, 0.0779, 0.0313, 0.7268], [0.0683, 0.0243, 0.0542, 0.039, 0.0584, 0.0706, 0.6851], [0.0252, 0.0835, 0.0521, 0.0814, 0.0708, 0.0592, 0.6277], [0.0177, 0.0276, 0.0564, 0.0397, 0.0424, 0.0745, 0.7417], [0.0203, 0.0939, 0.0377, 0.0202, 0.0615, 0.0931, 0.6734], [0.0856, 0.0577, 0.0365, 0.0641, 0.0381, 0.0308, 0.6873], [0.0505, 0.0662, 0.0622, 0.0225, 0.0568, 0.0444, 0.6974], [0.0611, 0.0386, 0.0256, 0.0504, 0.0258, 0.0419, 0.7567], [0.0707, 0.0275, 0.0511, 0.0513, 0.043, 0.0637, 0.6926], [0.0666, 0.0767, 0.0205, 0.074, 0.0722, 0.0624, 0.6276], [0.0682, 0.0136, 0.0633, 0.0676, 0.0832, 0.0241, 0.68], [0.0732, 0.0767, 0.0408, 0.0211, 0.0361, 0.0641, 0.6881], [0.0521, 0.0851, 0.0168, 0.0203, 0.0238, 0.0532, 0.7486], [0.0679, 0.0779, 0.0695, 0.0238, 0.0783, 0.0439, 0.6385], [0.0308, 0.0671, 0.0501, 0.0705, 0.0434, 0.0366, 0.7016], [0.0603, 0.0736, 0.0365, 0.0468, 0.0748, 0.0555, 0.6525], [0.0783, 0.0807, 0.0156, 0.0615, 0.0302, 0.0596, 0.6741], [0.0679, 0.0755, 0.0668, 0.0767, 0.0538, 0.0813, 0.5779], [0.0201, 0.0707, 0.0474, 0.0231, 0.0692, 0.0345, 0.7349], [0.0733, 0.0863, 0.0512, 0.0334, 0.0371, 0.0211, 0.6974], [0.0144, 0.0537, 0.014, 0.0255, 0.0566, 0.0521, 0.7837], [0.0582, 0.0375, 0.0833, 0.0276, 0.0345, 0.0672, 0.6917], [0.0369, 0.0172, 0.0217, 0.0627, 0.0469, 0.0375, 0.777], [0.0663, 0.0674, 0.0664, 0.0574, 0.0455, 0.0763, 0.6208], [0.0605, 0.0477, 0.028, 0.044, 0.0697, 0.0257, 0.7244], [0.04, 0.0241, 0.037, 0.0753, 0.0815, 0.0642, 0.678], [0.0604, 0.0349, 0.048, 0.0365, 0.0361, 0.0405, 0.7436], [0.0728, 0.0734, 0.044, 0.0669, 0.045, 0.0584, 0.6395], [0.0515, 0.0402, 0.0446, 0.0715, 0.0558, 0.0511, 0.6853], [0.0302, 0.037, 0.0493, 0.0138, 0.0772, 0.0682, 0.7243], [0.0291, 0.0238, 0.0332, 0.0498, 0.0434, 0.076, 0.7448], [0.0725, 0.0352, 0.0816, 0.033, 0.0599, 0.0843, 0.6335], [0.0199, 0.0216, 0.0283, 0.043, 0.0427, 0.0285, 0.8161], [0.046, 0.0162, 0.0587, 0.0146, 0.0239, 0.0246, 0.8159], [0.0786, 0.0136, 0.031, 0.071, 0.0444, 0.0268, 0.7346], [0.0724, 0.0292, 0.0177, 0.0155, 0.0487, 0.0261, 0.7904], [0.0564, 0.084, 0.0314, 0.0421, 0.0373, 0.0703, 0.6786], [0.0516, 0.0285, 0.0132, 0.0343, 0.0444, 0.0566, 0.7713], [0.0716, 0.0225, 0.0145, 0.0336, 0.0425, 0.0578, 0.7575], [0.0332, 0.0505, 0.0477, 0.0494, 0.0461, 0.0607, 0.7124], [0.0449, 0.0743, 0.0705, 0.0848, 0.0844, 0.0448, 0.5962], [0.0391, 0.0645, 0.0419, 0.0596, 0.0823, 0.0221, 0.6906], [0.0334, 0.0324, 0.0469, 0.0133, 0.0475, 0.0671, 0.7594], [0.0152, 0.081, 0.0257, 0.0733, 0.065, 0.0679, 0.672], [0.083, 0.0619, 0.0132, 0.0727, 0.0744, 0.0273, 0.6674], [0.042, 0.0674, 0.0191, 0.0664, 0.0277, 0.094, 0.6834], [0.0474, 0.0195, 0.0357, 0.076, 0.0435, 0.0552, 0.7227], [0.0538, 0.0536, 0.0424, 0.0365, 0.0219, 0.078, 0.7139], [0.0535, 0.0498, 0.0134, 0.0758, 0.017, 0.0232, 0.7673], [0.0513, 0.0172, 0.0505, 0.06, 0.05, 0.0465, 0.7245], [0.0449, 0.0151, 0.021, 0.0316, 0.0713, 0.0311, 0.785], [0.0166, 0.0162, 0.0846, 0.0814, 0.0335, 0.0723, 0.6954], [0.0224, 0.0847, 0.09, 0.0874, 0.0608, 0.0529, 0.6017], [0.0535, 0.0438, 0.0193, 0.043, 0.0825, 0.0309, 0.7271]], "emotions": ["purple", "purple", "purple", "purple", "purple", "purple", "purple", "purple", "purple", "purple", "purple", "purple", "purple", "purple", "purple", "purple", "purple", "purple", "purple", "purple", "purple", "purple", "purple", "purple", "purple", "purple", "purple", "purple", "purple", "purple", "purple", "purple", "purple", "purple", "purple", "purple", "purple", "purple", "purple", "purple", "purple", "purple", "purple", "purple", "purple", "purple", "purple", "purple", "purple", "purple", "purple", "purple", "purple", "purple", "purple", "purple", "purple", "purple", "purple", "purple", "purple", "purple", "purple", "purple", "purple", "purple", "purple", "purple", "purple", "purple", "purple", "purple", "purple", "purple", "purple", "purple", "purple", "purple", "purple", "purple"], "timestamps": [0, 40, 80, 120, 160, 200, 240, 280, 320, 360, 400, 440, 480, 520, 560, 600, 640, 680, 720, 760, 800, 840, 880, 920, 960, 1000, 1040, 1080, 1120, 1160, 1200, 1240, 1280, 1320, 1360, 1400, 1440, 1480, 1520, 1560, 1600, 1640, 1680, 1720, 1760, 1800, 1840, 1880, 1920, 1960, 2000, 2040, 2080, 2120, 2160, 2200, 2240, 2280, 2320, 2360, 2400, 2440, 2480, 2520, 2560, 2600, 2640, 2680, 2720, 2760, 2800, 2840, 2880, 2920, 2960, 3000, 3040, 3080, 3120, 3160]}], "conversation": [], "conversation_timestamps": []}