{"agent_id": "agent-red-266", "type": "red", "trips": [{"trip_id": 0, "transport_method": "foot", "start_time": 0, "path": [[1.537419, 42.51053], [1.5374147, 42.5104946], [1.5374103, 42.5104593], [1.537406, 42.510424], [1.5374016, 42.5103887], [1.5373973, 42.5103534], [1.5373929, 42.5103181], [1.5373886, 42.5102828], [1.537383, 42.5102478], [1.5373749, 42.5102131], [1.5373669, 42.5101785], [1.5373588, 42.5101438], [1.5373508, 42.5101092], [1.5373649, 42.5100932], [1.5374004, 42.5100951], [1.5374359, 42.510097], [1.5374714, 42.5100988], [1.537507, 42.5101007], [1.5375425, 42.5101026], [1.537578, 42.5101045], [1.5376135, 42.5101064], [1.537649, 42.5101083], [1.5376845, 42.5101102], [1.5377201, 42.5101121], [1.5377554, 42.5101131], [1.5377872, 42.5100971], [1.5378189, 42.5100811], [1.5378507, 42.5100651], [1.5378825, 42.5100492], [1.5379164, 42.5100427], [1.5379519, 42.5100437], [1.5379875, 42.5100446], [1.538023, 42.5100456], [1.5380586, 42.5100466], [1.5380941, 42.5100475], [1.5381297, 42.5100485], [1.5381653, 42.5100494], [1.5382008, 42.5100504], [1.5382364, 42.5100514], [1.5382719, 42.5100523], [1.5383075, 42.5100533], [1.538343, 42.5100542], [1.5383786, 42.5100552], [1.5384141, 42.5100562], [1.5384497, 42.5100571], [1.5384852, 42.5100581], [1.5385208, 42.510059], [1.5385564, 42.51006], [1.5385919, 42.510061], [1.5386275, 42.5100619], [1.538663, 42.5100629], [1.5386986, 42.5100638], [1.5387341, 42.5100648], [1.5387672, 42.5100739], [1.5387973, 42.5100929], [1.5388273, 42.5101119], [1.5388574, 42.5101309], [1.5388875, 42.5101499], [1.5389176, 42.5101689], [1.5389476, 42.5101879], [1.5389777, 42.5102069], [1.5390078, 42.5102259], [1.5390378, 42.5102449], [1.5390679, 42.5102638], [1.539098, 42.5102828], [1.5391267, 42.5102649], [1.5391553, 42.5102438], [1.5391839, 42.5102227], [1.5392126, 42.5102016], [1.5392412, 42.5101804], [1.5392698, 42.5101593], [1.5392984, 42.5101382], [1.539327, 42.5101171], [1.5393621, 42.5101135], [1.5393972, 42.5101091], [1.5394317, 42.5101004], [1.5394659, 42.5100908], [1.5394995, 42.5100791], [1.5395332, 42.5100675], [1.539566, 42.5100539]], "mood_vectors": [[0.7545, 0.052, 0.0315, 0.0657, 0.0133, 0.0625, 0.0207], [0.63, 0.0423, 0.0497, 0.0893, 0.0216, 0.1004, 0.0668], [0.7087, 0.0154, 0.0757, 0.0394, 0.0808, 0.0198, 0.0603], [0.6172, 0.1, 0.0934, 0.0851, 0.0517, 0.0346, 0.018], [0.6886, 0.0718, 0.0398, 0.0222, 0.0497, 0.0888, 0.039], [0.696, 0.06, 0.085, 0.0759, 0.0262, 0.0224, 0.0345], [0.6705, 0.0266, 0.0338, 0.031, 0.0697, 0.084, 0.0844], [0.6573, 0.0473, 0.0419, 0.0719, 0.0578, 0.0528, 0.0711], [0.7383, 0.0626, 0.0198, 0.0376, 0.0197, 0.0876, 0.0345], [0.7181, 0.0349, 0.0443, 0.0408, 0.0555, 0.0516, 0.0548], [0.7249, 0.0355, 0.0392, 0.0608, 0.0843, 0.0166, 0.0388], [0.689, 0.0718, 0.0456, 0.0271, 0.0727, 0.024, 0.0699], [0.6251, 0.0745, 0.0442, 0.0717, 0.0607, 0.047, 0.0769], [0.7292, 0.0377, 0.0636, 0.0697, 0.0471, 0.0239, 0.0289], [0.6404, 0.07, 0.052, 0.0639, 0.0671, 0.0715, 0.0352], [0.7696, 0.0394, 0.0318, 0.0414, 0.0369, 0.0349, 0.046], [0.7605, 0.0612, 0.02, 0.0629, 0.0212, 0.0279, 0.0463], [0.737, 0.0768, 0.0143, 0.0129, 0.0515, 0.0532, 0.0543], [0.735, 0.035, 0.0345, 0.0716, 0.0652, 0.0245, 0.0343], [0.6556, 0.0857, 0.0363, 0.0497, 0.0838, 0.0431, 0.0459], [0.6788, 0.0202, 0.0793, 0.0218, 0.0253, 0.0853, 0.0892], [0.6582, 0.059, 0.0375, 0.0548, 0.0402, 0.0505, 0.0997], [0.7412, 0.0131, 0.0447, 0.0424, 0.0752, 0.0289, 0.0545], [0.6948, 0.0407, 0.095, 0.0162, 0.0468, 0.075, 0.0315], [0.7634, 0.0238, 0.0337, 0.0735, 0.0186, 0.0339, 0.0531], [0.7357, 0.0487, 0.0454, 0.0493, 0.0436, 0.0173, 0.06], [0.7589, 0.0326, 0.0195, 0.0543, 0.0363, 0.0333, 0.0651], [0.7491, 0.0407, 0.0638, 0.0442, 0.026, 0.0637, 0.0124], [0.6726, 0.0206, 0.0695, 0.0472, 0.0482, 0.0437, 0.0982], [0.6356, 0.0992, 0.0175, 0.0259, 0.0908, 0.0628, 0.0682], [0.7945, 0.0453, 0.0131, 0.0125, 0.0386, 0.0412, 0.0548], [0.6696, 0.0539, 0.0594, 0.0212, 0.0526, 0.0741, 0.0692], [0.7332, 0.0828, 0.021, 0.0771, 0.0275, 0.0312, 0.0272], [0.7324, 0.0359, 0.0259, 0.0625, 0.0117, 0.06, 0.0717], [0.6614, 0.0501, 0.0677, 0.032, 0.0949, 0.0594, 0.0345], [0.8312, 0.0189, 0.0307, 0.075, 0.0144, 0.0133, 0.0165], [0.672, 0.0405, 0.0749, 0.0596, 0.0702, 0.0509, 0.0319], [0.7939, 0.0462, 0.0303, 0.0279, 0.0183, 0.0688, 0.0145], [0.7148, 0.0316, 0.044, 0.0444, 0.0603, 0.0303, 0.0746], [0.6938, 0.0305, 0.0739, 0.0596, 0.0318, 0.0656, 0.0448], [0.6224, 0.0172, 0.0386, 0.0882, 0.0856, 0.0662, 0.0819], [0.6107, 0.0737, 0.0874, 0.0797, 0.0519, 0.0799, 0.0166], [0.6334, 0.0307, 0.0765, 0.051, 0.092, 0.0821, 0.0343], [0.6869, 0.0457, 0.0321, 0.0146, 0.0738, 0.0598, 0.0871], [0.6922, 0.0712, 0.0778, 0.0415, 0.0268, 0.067, 0.0235], [0.7283, 0.0583, 0.0464, 0.0483, 0.0346, 0.0511, 0.033], [0.7428, 0.0721, 0.0647, 0.0425, 0.0198, 0.0408, 0.0174], [0.7722, 0.0246, 0.0687, 0.0548, 0.0321, 0.0211, 0.0264], [0.6858, 0.0703, 0.0658, 0.0473, 0.0272, 0.0576, 0.046], [0.6981, 0.0302, 0.0628, 0.0754, 0.0589, 0.0469, 0.0279], [0.6752, 0.0376, 0.1006, 0.0463, 0.045, 0.0236, 0.0718], [0.782, 0.029, 0.0192, 0.0724, 0.0366, 0.0202, 0.0407], [0.7509, 0.0672, 0.0274, 0.0359, 0.0372, 0.0531, 0.0283], [0.7442, 0.0562, 0.0299, 0.0255, 0.0581, 0.0576, 0.0284], [0.7809, 0.0193, 0.036, 0.0335, 0.0319, 0.0473, 0.0511], [0.7586, 0.0662, 0.0428, 0.0242, 0.044, 0.0191, 0.0451], [0.6919, 0.0305, 0.0585, 0.0197, 0.0238, 0.0867, 0.0888], [0.659, 0.06, 0.0916, 0.0151, 0.0714, 0.0619, 0.0411], [0.6461, 0.0255, 0.0603, 0.0208, 0.0874, 0.0773, 0.0825], [0.683, 0.0757, 0.0384, 0.0437, 0.0754, 0.0635, 0.0203], [0.697, 0.0253, 0.0731, 0.0262, 0.0634, 0.0377, 0.0773], [0.7254, 0.0748, 0.0291, 0.0404, 0.024, 0.0274, 0.079], [0.6923, 0.052, 0.0339, 0.0485, 0.0303, 0.0364, 0.1065], [0.658, 0.058, 0.061, 0.079, 0.0269, 0.0318, 0.0853], [0.5723, 0.0751, 0.07, 0.081, 0.0715, 0.0531, 0.0771], [0.6981, 0.0267, 0.0744, 0.0183, 0.0827, 0.0601, 0.0396], [0.7185, 0.0398, 0.04, 0.0387, 0.0668, 0.0714, 0.0249], [0.718, 0.0559, 0.0191, 0.0519, 0.0551, 0.0574, 0.0427], [0.6281, 0.0631, 0.0165, 0.09, 0.0509, 0.0907, 0.0607], [0.7146, 0.0662, 0.0559, 0.0527, 0.0294, 0.0136, 0.0677], [0.7228, 0.043, 0.0441, 0.0329, 0.0367, 0.0544, 0.0661], [0.7433, 0.0508, 0.024, 0.0885, 0.014, 0.0378, 0.0416], [0.6167, 0.0633, 0.0593, 0.0769, 0.0538, 0.0388, 0.0912], [0.6521, 0.0842, 0.0537, 0.0242, 0.0866, 0.0537, 0.0455], [0.7151, 0.0447, 0.0336, 0.0909, 0.0473, 0.0379, 0.0305], [0.7264, 0.0698, 0.0281, 0.0372, 0.0663, 0.0353, 0.0369], [0.7577, 0.0485, 0.0779, 0.0257, 0.0392, 0.0377, 0.0133], [0.7233, 0.0906, 0.027, 0.0345, 0.0547, 0.0186, 0.0512], [0.7812, 0.049, 0.0286, 0.0508, 0.0426, 0.0291, 0.0187], [0.6746, 0.1114, 0.0414, 0.0321, 0.025, 0.0755, 0.0399]], "emotions": ["red", "red", "red", "red", "red", "red", "red", "red", "red", "red", "red", "red", "red", "red", "red", "red", "red", "red", "red", "red", "red", "red", "red", "red", "red", "red", "red", "red", "red", "red", "red", "red", "red", "red", "red", "red", "red", "red", "red", "red", "red", "red", "red", "red", "red", "red", "red", "red", "red", "red", "red", "red", "red", "red", "red", "red", "red", "red", "red", "red", "red", "red", "red", "red", "red", "red", "red", "red", "red", "red", "red", "red", "red", "red", "red", "red", "red", "red", "red", "red"], "timestamps": [0, 40, 80, 120, 160, 200, 240, 280, 320, 360, 400, 440, 480, 520, 560, 600, 640, 680, 720, 760, 800, 840, 880, 920, 960, 1000, 1040, 1080, 1120, 1160, 1200, 1240, 1280, 1320, 1360, 1400, 1440, 1480, 1520, 1560, 1600, 1640, 1680, 1720, 1760, 1800, 1840, 1880, 1920, 1960, 2000, 2040, 2080, 2120, 2160, 2200, 2240, 2280, 2320, 2360, 2400, 2440, 2480, 2520, 2560, 2600, 2640, 2680, 2720, 2760, 2800, 2840, 2880, 2920, 2960, 3000, 3040, 3080, 3120, 3160]}], "conversation": [], "conversation_timestamps": []}