{"agent_id": "agent-red-856", "type": "red", "trips": [{"trip_id": 0, "transport_method": "bus", "start_time": 0, "path": [[1.5214643, 42.5041651], [1.5237564, 42.5047091], [1.5251459, 42.5049486], [1.5276358, 42.5053177], [1.5293453, 42.5054482], [1.5315808, 42.5065287], [1.532856, 42.5067261], [1.535148, 42.5075917], [1.5376187, 42.5080372], [1.5399576, 42.5085356], [1.5421628, 42.5088999], [1.5441556, 42.5092811], [1.5456973, 42.5094988], [1.5464379, 42.5107155], [1.5487631, 42.5115805], [1.5502138, 42.51205], [1.5514474, 42.5129774], [1.5524798, 42.5135721], [1.5529977, 42.5152605], [1.5542205, 42.517452], [1.5563034, 42.5187545], [1.5579599, 42.5206212], [1.559761, 42.5220307], [1.5610651, 42.5229489], [1.5629553, 42.5246182], [1.5653313, 42.5254333], [1.5674631, 42.5267983], [1.5696376, 42.5280907], [1.5716991, 42.5292897], [1.5735331, 42.530365], [1.575743, 42.5315022], [1.5782699, 42.5317841], [1.5780867, 42.5317451], [1.5806331, 42.5317381], [1.5831557, 42.5318694], [1.585148, 42.5334304], [1.5873304, 42.534699], [1.5889392, 42.5365342], [1.5911067, 42.5377565], [1.5919017, 42.5400115], [1.5916458, 42.5421503], [1.5918095, 42.5446239], [1.5917487, 42.546896], [1.5922976, 42.5484882], [1.5917407, 42.5508933], [1.5912372, 42.5525894], [1.590861, 42.5530464], [1.5913612, 42.5548805], [1.591641, 42.55728], [1.5933107, 42.5587636], [1.5937747, 42.5603961], [1.5935025, 42.5620253], [1.595474, 42.563637], [1.5955067, 42.5641692], [1.5935333, 42.5627333], [1.5948397, 42.5630106], [1.5968883, 42.5645231], [1.5990045, 42.5653172], [1.6010628, 42.5666201], [1.602972, 42.5681396], [1.6048433, 42.5694727], [1.6067487, 42.5707397], [1.6091641, 42.5715048], [1.611618, 42.5717818], [1.6140997, 42.5721948], [1.6163766, 42.5729522], [1.6186701, 42.5739397], [1.6211114, 42.5745889], [1.6232325, 42.5759021], [1.625555, 42.5768376], [1.6276755, 42.5777343], [1.6300704, 42.5783979], [1.6325645, 42.5782322], [1.6350859, 42.5783077], [1.637554, 42.5788541], [1.6390462, 42.5793335], [1.637042, 42.5803713], [1.6369804, 42.5824638], [1.6368061, 42.5847275], [1.637607, 42.5870546]], "mood_vectors": [[0.7295, 0.0663, 0.0463, 0.0666, 0.0293, 0.0447, 0.0173], [0.7079, 0.0666, 0.0558, 0.0635, 0.0426, 0.0282, 0.0354], [0.6797, 0.0481, 0.0599, 0.0195, 0.0499, 0.0821, 0.0608], [0.6732, 0.0954, 0.0248, 0.0272, 0.0929, 0.024, 0.0626], [0.6561, 0.0597, 0.0932, 0.0213, 0.0605, 0.0614, 0.0478], [0.668, 0.0217, 0.043, 0.0374, 0.082, 0.0783, 0.0696], [0.6782, 0.0256, 0.0257, 0.0853, 0.064, 0.0703, 0.0509], [0.7238, 0.0381, 0.0653, 0.0188, 0.0298, 0.062, 0.0623], [0.648, 0.0528, 0.0215, 0.0661, 0.0522, 0.0766, 0.0828], [0.5925, 0.0449, 0.0919, 0.0523, 0.0873, 0.0451, 0.0861], [0.6989, 0.0447, 0.0754, 0.0172, 0.0382, 0.061, 0.0646], [0.7191, 0.0239, 0.025, 0.082, 0.0676, 0.0661, 0.0165], [0.7059, 0.0595, 0.0842, 0.0179, 0.0805, 0.0241, 0.0278], [0.7627, 0.096, 0.0162, 0.0458, 0.0284, 0.0298, 0.0211], [0.6791, 0.0565, 0.0515, 0.0222, 0.0576, 0.0733, 0.0598], [0.7196, 0.0357, 0.0442, 0.0155, 0.0589, 0.0563, 0.0697], [0.7501, 0.0231, 0.0488, 0.0168, 0.0591, 0.0501, 0.052], [0.6993, 0.0728, 0.0513, 0.0361, 0.0413, 0.0677, 0.0315], [0.6625, 0.0281, 0.0879, 0.0916, 0.0238, 0.09, 0.0162], [0.6958, 0.0547, 0.0598, 0.0595, 0.0591, 0.0588, 0.0122], [0.7481, 0.0367, 0.0236, 0.0528, 0.0259, 0.0442, 0.0688], [0.6957, 0.0474, 0.0834, 0.0429, 0.0444, 0.0464, 0.0399], [0.7128, 0.0356, 0.0146, 0.0546, 0.0501, 0.071, 0.0612], [0.7141, 0.0535, 0.0401, 0.019, 0.0771, 0.0223, 0.0738], [0.6314, 0.0969, 0.0172, 0.0731, 0.0824, 0.0447, 0.0542], [0.7025, 0.0644, 0.0477, 0.0635, 0.0507, 0.049, 0.0223], [0.7131, 0.0492, 0.0268, 0.0407, 0.0581, 0.0378, 0.0742], [0.6106, 0.0462, 0.0829, 0.0678, 0.059, 0.0762, 0.0573], [0.7282, 0.0693, 0.0514, 0.0244, 0.0202, 0.0245, 0.082], [0.6512, 0.0829, 0.0583, 0.054, 0.0399, 0.0544, 0.0593], [0.6805, 0.0665, 0.0364, 0.0205, 0.0785, 0.0738, 0.0437], [0.7775, 0.0148, 0.0797, 0.021, 0.0121, 0.0474, 0.0475], [0.7285, 0.0579, 0.0168, 0.0226, 0.0758, 0.0254, 0.0729], [0.6818, 0.069, 0.0374, 0.0544, 0.073, 0.0618, 0.0226], [0.7467, 0.0715, 0.051, 0.0199, 0.0187, 0.0526, 0.0394], [0.6746, 0.0362, 0.0378, 0.0485, 0.0676, 0.0944, 0.0408], [0.6774, 0.0745, 0.0284, 0.0304, 0.0966, 0.0439, 0.0489], [0.649, 0.0806, 0.0491, 0.0364, 0.0792, 0.0369, 0.0689], [0.7355, 0.0167, 0.0466, 0.0837, 0.0348, 0.0372, 0.0455], [0.6222, 0.0356, 0.0756, 0.0332, 0.0742, 0.0802, 0.079], [0.6437, 0.0368, 0.0804, 0.0157, 0.0913, 0.0903, 0.0418], [0.6361, 0.0653, 0.0753, 0.0429, 0.09, 0.0241, 0.0662], [0.6969, 0.0761, 0.059, 0.0786, 0.0232, 0.0387, 0.0276], [0.7507, 0.0238, 0.0849, 0.0656, 0.0245, 0.0343, 0.0163], [0.7165, 0.021, 0.0716, 0.0521, 0.0253, 0.0799, 0.0337], [0.7036, 0.0678, 0.0671, 0.0492, 0.0462, 0.0391, 0.027], [0.7228, 0.0421, 0.0585, 0.0247, 0.067, 0.0474, 0.0374], [0.7752, 0.052, 0.0455, 0.0253, 0.0341, 0.0158, 0.052], [0.6365, 0.0897, 0.0709, 0.0285, 0.0528, 0.0526, 0.0691], [0.7136, 0.0746, 0.0444, 0.0453, 0.043, 0.058, 0.021], [0.6429, 0.0161, 0.0839, 0.042, 0.0846, 0.0762, 0.0542], [0.7337, 0.0141, 0.0785, 0.0664, 0.0607, 0.0168, 0.0298], [0.6688, 0.0669, 0.0631, 0.0398, 0.0193, 0.0597, 0.0823], [0.7075, 0.0667, 0.0694, 0.0109, 0.0375, 0.0445, 0.0636], [0.7441, 0.0735, 0.0247, 0.0323, 0.0203, 0.0696, 0.0356], [0.6784, 0.0236, 0.0356, 0.0888, 0.0879, 0.0271, 0.0587], [0.6752, 0.0533, 0.0154, 0.0424, 0.0515, 0.0731, 0.0891], [0.7211, 0.0592, 0.0734, 0.0402, 0.0418, 0.031, 0.0333], [0.6613, 0.0216, 0.0556, 0.0668, 0.057, 0.0665, 0.0712], [0.7092, 0.0303, 0.0604, 0.0602, 0.0474, 0.0447, 0.0478], [0.7142, 0.048, 0.0892, 0.0179, 0.0275, 0.0845, 0.0187], [0.6931, 0.0693, 0.0387, 0.0713, 0.0114, 0.0517, 0.0645], [0.6607, 0.074, 0.0531, 0.0744, 0.0389, 0.0384, 0.0606], [0.6819, 0.0398, 0.073, 0.0742, 0.0302, 0.0544, 0.0466], [0.6904, 0.0647, 0.0246, 0.0477, 0.0664, 0.0704, 0.0358], [0.6666, 0.0692, 0.0168, 0.0606, 0.0737, 0.0469, 0.0661], [0.6752, 0.0272, 0.069, 0.0178, 0.0805, 0.0461, 0.0842], [0.6127, 0.057, 0.046, 0.0835, 0.0338, 0.0726, 0.0945], [0.6481, 0.0177, 0.0926, 0.0817, 0.0723, 0.0512, 0.0365], [0.7502, 0.0275, 0.0219, 0.02, 0.0844, 0.0496, 0.0465], [0.7181, 0.0409, 0.0432, 0.0464, 0.0748, 0.0421, 0.0344], [0.7555, 0.0181, 0.0488, 0.0717, 0.0341, 0.0132, 0.0587], [0.6561, 0.064, 0.0711, 0.0826, 0.0535, 0.0147, 0.0578], [0.8057, 0.0179, 0.0454, 0.0687, 0.0151, 0.0253, 0.0219], [0.7185, 0.0553, 0.056, 0.0604, 0.0285, 0.0401, 0.0413], [0.6792, 0.0391, 0.0743, 0.0302, 0.0653, 0.0267, 0.0852], [0.6936, 0.0391, 0.0821, 0.021, 0.055, 0.0844, 0.0248], [0.6819, 0.0649, 0.0727, 0.0225, 0.0381, 0.054, 0.0659], [0.6244, 0.0533, 0.0571, 0.0678, 0.0436, 0.0829, 0.071], [0.7293, 0.0892, 0.0448, 0.0169, 0.0309, 0.0239, 0.0649]], "emotions": ["red", "red", "red", "red", "red", "red", "red", "red", "red", "red", "red", "red", "red", "red", "red", "red", "red", "red", "red", "red", "red", "red", "red", "red", "red", "red", "red", "red", "red", "red", "red", "red", "red", "red", "red", "red", "red", "red", "red", "red", "red", "red", "red", "red", "red", "red", "red", "red", "red", "red", "red", "red", "red", "red", "red", "red", "red", "red", "red", "red", "red", "red", "red", "red", "red", "red", "red", "red", "red", "red", "red", "red", "red", "red", "red", "red", "red", "red", "red", "red"], "timestamps": [0, 40, 80, 120, 160, 200, 240, 280, 320, 360, 400, 440, 480, 520, 560, 600, 640, 680, 720, 760, 800, 840, 880, 920, 960, 1000, 1040, 1080, 1120, 1160, 1200, 1240, 1280, 1320, 1360, 1400, 1440, 1480, 1520, 1560, 1600, 1640, 1680, 1720, 1760, 1800, 1840, 1880, 1920, 1960, 2000, 2040, 2080, 2120, 2160, 2200, 2240, 2280, 2320, 2360, 2400, 2440, 2480, 2520, 2560, 2600, 2640, 2680, 2720, 2760, 2800, 2840, 2880, 2920, 2960, 3000, 3040, 3080, 3120, 3160]}], "conversation": [], "conversation_timestamps": []}