{
  "agent_id": "agent-type-purple-43",
  "type": "purple",
  "trips": [
    {
      "trip_id": 0,
      "transport_method": "car",
      "start_time": 0,
      "path": [
        [
          1.5161151999999996,
          42.5064309
        ],
        [
          1.5164392458739648,
          42.50646752238378
        ],
        [
          1.51676329174793,
          42.50650414476756
        ],
        [
          1.5170873376218952,
          42.50654076715134
        ],
        [
          1.5174113834958602,
          42.506577389535124
        ],
        [
          1.517736224343835,
          42.50660447930036
        ],
        [
          1.518054573283823,
          42.50666925808298
        ],
        [
          1.5183617230403068,
          42.50677882976965
        ],
        [
          1.5186688727967905,
          42.50688840145632
        ],
        [
          1.5187996596959468,
          42.506818821715235
        ],
        [
          1.5187836898898026,
          42.50649310421077
        ],
        [
          1.5186656544489896,
          42.50620507070459
        ],
        [
          1.5184661279135951,
          42.505947124801146
        ],
        [
          1.5183421658616039,
          42.50564605609991
        ],
        [
          1.5180563389107982,
          42.505565498475114
        ],
        [
          1.517731429876115,
          42.505537551264005
        ],
        [
          1.517406520841432,
          42.50550960405289
        ],
        [
          1.5170816118067487,
          42.50548165684178
        ],
        [
          1.5169258421529344,
          42.50553732272251
        ],
        [
          1.517112822655968,
          42.505426183824206
        ],
        [
          1.5168022510519905,
          42.50532737791365
        ],
        [
          1.5164965467656908,
          42.50521383577713
        ],
        [
          1.5162003714358914,
          42.50508495361159
        ],
        [
          1.5161316000000005,
          42.5048543
        ]
      ],
      "emotions": [
        "purple",
        "purple",
        "purple",
        "purple",
        "purple",
        "green",
        "green",
        "green",
        "green",
        "green",
        "red",
        "red",
        "red",
        "red",
        "red",
        "purple",
        "purple",
        "purple",
        "purple",
        "purple",
        "green",
        "green",
        "green",
        "green"
      ],
      "mood_vectors": [
        [
          0.14045718082645922,
          0.09296983487208087,
          0.24242257589081626,
          0.12398490292763423,
          0.18218185185502087,
          0.07886248638158432,
          0.1391211672464043
        ],
        [
          0.2524796034514795,
          0.05883536703845063,
          0.01109866523337267,
          0.06245761176717156,
          0.10934684534507962,
          0.24172023460686456,
          0.2640616725575814
        ],
        [
          0.016203408026017864,
          0.14876088446512842,
          0.2180558741887869,
          0.16375481204985406,
          0.22188497932729814,
          0.20678478957161425,
          0.024555252371300317
        ],
        [
          0.3100053927305431,
          0.05970266519447414,
          0.10406462660248847,
          0.03410410905834109,
          0.07578945074267866,
          0.2132398354224606,
          0.20309392024901388
        ],
        [
          0.1905285420222359,
          0.06301161793213264,
          0.18418061034239253,
          0.09032207151721487,
          0.16865086427806955,
          0.1588759111184114,
          0.1444303827895432
        ],
        [
          0.10337572898302536,
          0.17599567373939762,
          0.06570746075895795,
          0.18501584238882152,
          0.15993673221503896,
          0.13156596771073464,
          0.1784025942040239
        ],
        [
          0.17649953530248869,
          0.15169698830666592,
          0.02585018517388953,
          0.08771412477488266,
          0.08574117561149588,
          0.18836591259650035,
          0.28413207823407693
        ],
        [
          0.1847954125238631,
          0.2756659781432621,
          0.012606704316358503,
          0.07291401806610164,
          0.12346447006308493,
          0.20311208264107178,
          0.12744133424625786
        ],
        [
          0.2376123129732408,
          0.02061899816018225,
          0.10462137937541094,
          0.08728428157257079,
          0.1431374581893873,
          0.09707342952824725,
          0.30965214020096077
        ],
        [
          0.08654520706887793,
          0.2651444163177318,
          0.10331866534012359,
          0.09003222790201466,
          0.026007890928651137,
          0.40631782391916077,
          0.022633768523440175
        ],
        [
          0.12440987079915977,
          0.21410133540581858,
          0.0368248751422338,
          0.07322331194102019,
          0.06482479632348158,
          0.2567971418429758,
          0.22981866854531033
        ],
        [
          0.33740071687819284,
          0.11882275875608483,
          0.18847031027175984,
          0.10304687195117421,
          0.0728203205583501,
          0.08729470863024387,
          0.09214431295419433
        ],
        [
          0.0009075034460525734,
          0.2654442714724971,
          0.14923520976576007,
          0.176853145823208,
          0.2345744713736791,
          0.159187123708106,
          0.01379827441069715
        ],
        [
          0.08272940582612523,
          0.05167311505214887,
          0.21744479262323413,
          0.1759842844589539,
          0.16817980932392834,
          0.2585731772423849,
          0.04541541547322474
        ],
        [
          0.13028309863482426,
          0.1574551989600888,
          0.03513593311261714,
          0.06602824434179416,
          0.24339366269160695,
          0.19176187110544293,
          0.1759419911536258
        ],
        [
          0.3055433258307609,
          0.3518624445403727,
          0.07113093052801947,
          0.03020418312012975,
          0.10899543769508718,
          0.017212564473439454,
          0.11505111381219058
        ],
        [
          0.09876488127432796,
          0.1321911037286037,
          0.07381693502688691,
          0.23225255185949956,
          0.1177714725180343,
          0.1139371543997902,
          0.23126590119285734
        ],
        [
          0.15742655920408172,
          0.17306110257803775,
          0.136622462161962,
          0.08000925963960705,
          0.23487439890798104,
          0.20728517040267846,
          0.010721047105651946
        ],
        [
          0.1617395689298845,
          0.17677860222565642,
          0.21163008988848975,
          0.01974255483996448,
          0.2632289472485439,
          0.006023296509941037,
          0.16085694035751988
        ],
        [
          0.1824951295864761,
          0.03848371339510388,
          0.19161149404129033,
          0.18842065347311357,
          0.12306403650816666,
          0.019424457489673308,
          0.2565005155061761
        ],
        [
          0.14790505045925398,
          0.0019607092501603618,
          0.32112982667364054,
          0.16058445464912294,
          0.034584496486586805,
          0.3082934903061904,
          0.02554197217504487
        ],
        [
          0.020912623294923705,
          0.13271488469543072,
          0.13647595988033534,
          0.12723537693734582,
          0.14575342098283994,
          0.14095838344906586,
          0.29594935076005857
        ],
        [
          0.17979191734408784,
          0.11130791956510679,
          0.21917166416500067,
          0.03506085212917794,
          0.1683702833715374,
          0.21891428199771384,
          0.0673830814273755
        ],
        [
          0.20440291294078508,
          0.02077519362923966,
          0.22780483085537911,
          0.0891530026402673,
          0.1995394500393165,
          0.00798645195188886,
          0.25033815794312353
        ]
      ],
      "timestamps": [
        0,
        1,
        2,
        3,
        4,
        5,
        6,
        7,
        8,
        9,
        10,
        11,
        12,
        13,
        14,
        15,
        16,
        17,
        18,
        19,
        20,
        21,
        22,
        23
      ],
      "distance": 161.3
    },
    {
      "trip_id": 1,
      "transport_method": "foot",
      "start_time": 24,
      "path": [
        [
          1.5161316000000005,
          42.5048543
        ],
        [
          1.5165782218071793,
          42.50510884179652
        ],
        [
          1.5170394766841597,
          42.505324054129446
        ],
        [
          1.5175438609034422,
          42.505423347251885
        ],
        [
          1.5171811836414602,
          42.50526237090205
        ],
        [
          1.5171137094412561,
          42.504752753597465
        ],
        [
          1.5170462352410519,
          42.504243136292885
        ],
        [
          1.517295316630565,
          42.50401792958475
        ],
        [
          1.517132287584907,
          42.504013959323416
        ],
        [
          1.5170676401817336,
          42.50440480294683
        ],
        [
          1.5171351143819378,
          42.50491442025142
        ],
        [
          1.5173308886351708,
          42.505280418149276
        ],
        [
          1.5177010885562214,
          42.505473008041285
        ],
        [
          1.518186311039046,
          42.50531940163612
        ],
        [
          1.518567519331703,
          42.50498959662901
        ],
        [
          1.5187809006682962,
          42.50452278574522
        ],
        [
          1.5191758473300214,
          42.50445346327765
        ],
        [
          1.519672674806588,
          42.50458546715393
        ],
        [
          1.5197207102940382,
          42.50487816444291
        ],
        [
          1.5196149495073086,
          42.50513974889968
        ],
        [
          1.519111914370944,
          42.50503383281776
        ],
        [
          1.5186088792345795,
          42.504927916735845
        ],
        [
          1.5183870582693595,
          42.50538238506705
        ],
        [
          1.5184278617534146,
          42.50586137862952
        ],
        [
          1.5187229203715134,
          42.50627910351477
        ],
        [
          1.5191951149036065,
          42.50631085847814
        ],
        [
          1.5196831287779287,
          42.50617178250498
        ],
        [
          1.5194999797309976,
          42.50619796373297
        ],
        [
          1.519409929646078,
          42.50621083642788
        ],
        [
          1.5199019050094857,
          42.50619631121287
        ],
        [
          1.5197681280134205,
          42.506159631830975
        ],
        [
          1.5194637689146475,
          42.506316742885105
        ],
        [
          1.5199501068882608,
          42.50642527225442
        ],
        [
          1.5203395118086112,
          42.50640963258496
        ],
        [
          1.5198283481257813,
          42.50640874286219
        ],
        [
          1.5193897611676777,
          42.50621865481021
        ],
        [
          1.5189085879562987,
          42.50635534617868
        ],
        [
          1.518542938524899,
          42.50604642478893
        ],
        [
          1.5183191372935039,
          42.50558809131725
        ],
        [
          1.5188198184969262,
          42.50548304570712
        ],
        [
          1.5193206373551311,
          42.50559898981474
        ],
        [
          1.519821456213336,
          42.50571493392236
        ],
        [
          1.520322275071541,
          42.50583087802998
        ],
        [
          1.5208184951844572,
          42.505961976133584
        ],
        [
          1.521299285695341,
          42.50614391856808
        ],
        [
          1.5210298663490112,
          42.50640749807425
        ],
        [
          1.5214919365173583,
          42.506429903975416
        ],
        [
          1.5212942319841964,
          42.50614200612495
        ],
        [
          1.5208134414733128,
          42.50596006369046
        ],
        [
          1.5210627949084385,
          42.50600234435033
        ],
        [
          1.5215487844642546,
          42.50615854211627
        ],
        [
          1.5219097,
          42.506366
        ]
      ],
      "emotions": [
        "green",
        "red",
        "red",
        "red",
        "red",
        "red",
        "green",
        "green",
        "green",
        "green",
        "green",
        "green",
        "green",
        "green",
        "green",
        "green",
        "green",
        "green",
        "green",
        "green",
        "green",
        "red",
        "red",
        "red",
        "red",
        "red",
        "red",
        "red",
        "red",
        "red",
        "red",
        "red",
        "red",
        "red",
        "red",
        "red",
        "green",
        "green",
        "green",
        "green",
        "green",
        "purple",
        "purple",
        "purple",
        "purple",
        "purple",
        "red",
        "red",
        "red",
        "red",
        "red",
        "purple"
      ],
      "mood_vectors": [
        [
          0.17015614147418948,
          0.15988565870335977,
          0.19363764554565052,
          0.08785532883509409,
          0.20502176683263607,
          0.013823594449190393,
          0.16961986415987976
        ],
        [
          0.12623257816718644,
          0.08955963720662574,
          0.2174731233048325,
          0.18052622344029623,
          0.08090926791393697,
          0.23415881401613348,
          0.07114035595098865
        ],
        [
          0.22361277158284582,
          0.01996484609941088,
          0.2604876765616063,
          0.009830287017913464,
          0.11640935148699162,
          0.16407120077195192,
          0.20562386647928
        ],
        [
          0.04986104434605997,
          0.10168528540692083,
          0.31330741722066807,
          0.21601386307139422,
          0.2712204626757446,
          0.0014777735039437421,
          0.0464341537752686
        ],
        [
          0.24510858815195843,
          0.20198880437364788,
          0.158259833177863,
          0.035558745858302605,
          0.10511329519461238,
          0.2261319029728366,
          0.027838830270779165
        ],
        [
          0.05445608010564842,
          0.15486148090227453,
          0.13540527265048474,
          0.10116373736835092,
          0.10523910509456554,
          0.21163531691921264,
          0.2372390069594632
        ],
        [
          0.1879028733033594,
          0.14171474242760732,
          0.2026910725595355,
          0.056200921540093284,
          0.11003611726955541,
          0.12028986186842068,
          0.18116441103142833
        ],
        [
          0.12462092605278516,
          0.09359326054526176,
          0.0767406930425944,
          0.11452527057052878,
          0.10619805330730478,
          0.2607373847451912,
          0.22358441173633395
        ],
        [
          0.1600199760409632,
          0.14233503657932967,
          0.10766488085926437,
          0.23050709288691015,
          0.10024741904089218,
          0.06802794584871978,
          0.1911976487439206
        ],
        [
          0.002661342551737037,
          0.03692997880776047,
          0.12967426619453215,
          0.16011887419632373,
          0.22522671122024032,
          0.2448681115547004,
          0.20052071547470593
        ],
        [
          0.07073441798698729,
          0.20432331806462933,
          0.20480033394677372,
          0.0603360863593874,
          0.20977019539323474,
          0.056581207815593525,
          0.19345444043339394
        ],
        [
          0.27193305266433393,
          0.3025559034230868,
          0.08409202359334512,
          0.12549781990404985,
          0.00017371488189482293,
          0.09946348567879024,
          0.11628399985449929
        ],
        [
          0.040917787404222604,
          0.20375182370147774,
          0.20856030328880726,
          0.019660244792482552,
          0.17830203666393366,
          0.13249633764159502,
          0.21631146650748112
        ],
        [
          0.024508163592919775,
          0.01603428888008139,
          0.26820279032103844,
          0.059279422141470646,
          0.2700133000815519,
          0.14285434229952823,
          0.21910769268340954
        ],
        [
          0.16956469719292921,
          0.1542855403958654,
          0.15574220695006918,
          0.03964177202343894,
          0.20511515967619665,
          0.07997442676996104,
          0.19567619699153949
        ],
        [
          0.023390060268256224,
          0.2677134478029778,
          0.15988337791726492,
          0.16214436000450427,
          0.1413464685878932,
          0.04357966778968989,
          0.20194261762941362
        ],
        [
          0.20869678714926734,
          0.14887649617036058,
          0.1989863746807912,
          0.11573696421383999,
          0.12166159976876964,
          0.19254970628469012,
          0.013492071732281116
        ],
        [
          0.26074301395819866,
          0.13732307423537687,
          0.08346233691176996,
          0.24022798273373244,
          0.02501117541961279,
          0.25147104011638693,
          0.0017613766249224337
        ],
        [
          0.3143353393612351,
          0.14858927527840343,
          0.1242128236777783,
          0.037729694953534815,
          0.31003506390662844,
          0.04946473920999819,
          0.015633063612421824
        ],
        [
          0.17141078792895478,
          0.04875054197363183,
          0.16769201004782072,
          0.2274766915937602,
          0.13874651364161122,
          0.04849566802724993,
          0.19742778678697132
        ],
        [
          0.2258163499682686,
          0.0006313835666866842,
          0.12214395488657506,
          0.20611927090589086,
          0.16936468955770995,
          0.05883577950920476,
          0.2170885716056641
        ],
        [
          0.12025940675438432,
          0.23594935815978615,
          0.1481392496537953,
          0.03207959783475863,
          0.23956030887248722,
          0.008155197234122074,
          0.21585688149066626
        ],
        [
          0.13063916016877103,
          0.09831944212571307,
          0.1479283187375142,
          0.1906723249199142,
          0.07050702624083646,
          0.19086542653036148,
          0.1710683012768895
        ],
        [
          0.0811964338035576,
          0.2863925448365296,
          0.29758890525015347,
          0.06787281496551725,
          0.0022537573709756516,
          0.008453904262193477,
          0.256241639511073
        ],
        [
          0.1351308752331431,
          0.3062014192781194,
          0.09693175016524826,
          0.06497423272454964,
          0.2211676180332147,
          0.005337462368091158,
          0.17025664219763378
        ],
        [
          0.2690527666703179,
          0.06109012529039898,
          0.09755297587772227,
          0.02750532786950625,
          0.1343679460558214,
          0.25018555844681295,
          0.16024529978942023
        ],
        [
          0.1872386828767693,
          0.12068121325499645,
          0.11112256051316302,
          0.0948884744680659,
          0.05175611028155847,
          0.3012379687396052,
          0.1330749898658416
        ],
        [
          0.10926162981212083,
          0.030809653857136524,
          0.18735475932472492,
          0.2442432403957923,
          0.23898413128916807,
          0.11842831321444572,
          0.07091827210661167
        ],
        [
          0.020091093093034994,
          0.019790069371637405,
          0.040347638112751716,
          0.43741514330479736,
          0.1781942747091139,
          0.022286918541660813,
          0.2818748628670038
        ],
        [
          0.09158479782037465,
          0.22234997190368397,
          0.18107730321059573,
          0.09624175151013119,
          0.23248633479797656,
          0.12437289769572933,
          0.05188694306150852
        ],
        [
          0.0701951539070379,
          0.0835380948134029,
          0.17819127516985978,
          0.1158074618220951,
          0.18185663098545074,
          0.1815289232238694,
          0.1888824600782842
        ],
        [
          0.16953530818082255,
          0.015147308798518536,
          0.2511332524732786,
          0.05813389328010614,
          0.1624981546135007,
          0.15488967693257466,
          0.18866240572119874
        ],
        [
          0.04038099058894842,
          0.249230200628828,
          0.2473507234735003,
          0.028997032711278015,
          0.04205240218690594,
          0.1832033839586504,
          0.20878526645188888
        ],
        [
          0.22561457506918856,
          0.12148881849750873,
          0.11738583878471574,
          0.1903447818597032,
          0.1938722391075728,
          0.11240312582730368,
          0.03889062085400719
        ],
        [
          0.04030819868839552,
          0.14051939213166603,
          0.11914557709698595,
          0.09986995246925694,
          0.21111742577059753,
          0.1692896163897994,
          0.21974983745329854
        ],
        [
          0.1192529865608241,
          0.18755193001149495,
          0.11801992325198253,
          0.24295566955480336,
          0.18434864871511922,
          0.09891270908574465,
          0.04895813282003117
        ],
        [
          0.06157513802149694,
          0.18613051511545625,
          0.1698409664998632,
          0.1443056035070423,
          0.02700252025717102,
          0.2015945718884677,
          0.20955068471050256
        ],
        [
          0.3040199111854759,
          0.08504426330398898,
          0.17225602563739692,
          0.11402160845257053,
          0.16627269707652811,
          0.15538575408794209,
          0.002999740256097513
        ],
        [
          0.20317008786528695,
          0.14604365049914236,
          0.1870058604753654,
          0.0422747619076352,
          0.12504407104327253,
          0.18732038491360956,
          0.10914118329568805
        ],
        [
          0.08034919817191374,
          0.30090257421815425,
          0.14095361040767027,
          0.10687077509796773,
          0.18517418511179407,
          0.04199536860151806,
          0.14375428839098178
        ],
        [
          0.04720503519851839,
          0.16992096604666942,
          0.159745030228543,
          0.10975723369105864,
          0.12771393510211826,
          0.1538699695418766,
          0.2317878301912157
        ],
        [
          0.30379998879928166,
          0.14769365385197067,
          0.10345389058323004,
          0.062046888909628894,
          0.12233141471363247,
          0.0059312431712174,
          0.2547429199710388
        ],
        [
          0.02734770418893236,
          0.18990780796172166,
          0.12282398390314773,
          0.2713543664004946,
          0.05232631197759654,
          0.0993611459717658,
          0.2368786795963413
        ],
        [
          0.2045738795658487,
          0.025142547884918525,
          0.08784339614287816,
          0.12358649952276533,
          0.19746542728076094,
          0.3312713571158998,
          0.030116892486928573
        ],
        [
          0.2768409611368732,
          0.2626875607656836,
          0.13077629913845992,
          0.3186531880732219,
          0.005523890108261189,
          0.0019734280368290747,
          0.0035446727406711273
        ],
        [
          0.0880925563252944,
          0.06465218570626313,
          0.13388594256605385,
          0.18636209202562523,
          0.07004500843433879,
          0.13872954135320206,
          0.31823267358922264
        ],
        [
          0.028988912003808695,
          0.10932738505528512,
          0.04349491298439533,
          0.08755847594771266,
          0.21438008057838098,
          0.2441709904153823,
          0.2720792430150349
        ],
        [
          0.10027733531360565,
          0.17046732003227824,
          0.13188594805349924,
          0.14996270624795863,
          0.1910839354584099,
          0.17254769296342165,
          0.08377506193082673
        ],
        [
          0.08197716587779447,
          0.17725502271202712,
          0.008036053483326788,
          0.21446513864756783,
          0.07203717853796401,
          0.21924658121724797,
          0.22698285952407188
        ],
        [
          0.051864757839543155,
          0.1624981533042129,
          0.2700393531298122,
          0.07280274298158788,
          0.24163549512615096,
          0.061023907861849025,
          0.1401355897568438
        ],
        [
          0.08491987871612502,
          0.048318260273984594,
          0.09808903465197001,
          0.19105392666080467,
          0.1879050778444052,
          0.23275645855216284,
          0.1569573633005477
        ],
        [
          0.021958589484314846,
          0.23586072497644522,
          0.22658073755026092,
          0.034037589821286796,
          0.01617059352925656,
          0.2174237702682146,
          0.2479679943702211
        ]
      ],
      "timestamps": [
        24,
        25,
        26,
        27,
        28,
        29,
        30,
        31,
        32,
        33,
        34,
        35,
        36,
        37,
        38,
        39,
        40,
        41,
        42,
        43,
        44,
        45,
        46,
        47,
        48,
        49,
        50,
        51,
        52,
        53,
        54,
        55,
        56,
        57,
        58,
        59,
        60,
        61,
        62,
        63,
        64,
        65,
        66,
        67,
        68,
        69,
        70,
        71,
        72,
        73,
        74,
        75
      ],
      "distance": 488.3
    },
    {
      "trip_id": 2,
      "transport_method": "bicycle",
      "start_time": 76,
      "path": [
        [
          1.5219097,
          42.506366
        ],
        [
          1.5224763838650188,
          42.50637408094699
        ],
        [
          1.5223392956087813,
          42.506343691072004
        ],
        [
          1.5219543303625847,
          42.50600142972057
        ],
        [
          1.5220961862795224,
          42.50563559096452
        ],
        [
          1.522517120296606,
          42.50573050047357
        ],
        [
          1.5219531858723998,
          42.505562065962195
        ],
        [
          1.5219548808524883,
          42.50621275989735
        ],
        [
          1.5225464730492522,
          42.506380068565676
        ],
        [
          1.5228748048940968,
          42.505868316428376
        ],
        [
          1.5231525998941586,
          42.50527989871268
        ],
        [
          1.5230034051057793,
          42.505595919003014
        ],
        [
          1.5227256101057176,
          42.50618433671871
        ],
        [
          1.5222044324809567,
          42.506313794465925
        ],
        [
          1.521953970533024,
          42.50586329304613
        ],
        [
          1.5221217009894006,
          42.50526124332408
        ],
        [
          1.5224777322371421,
          42.5047280892623
        ],
        [
          1.5223370480515066,
          42.50491912108369
        ],
        [
          1.5219904214066204,
          42.50546980741842
        ],
        [
          1.5220217847631519,
          42.50502140140877
        ],
        [
          1.5222743528993292,
          42.50454594243192
        ],
        [
          1.5229201869270366,
          42.504625339248214
        ],
        [
          1.5235101875514927,
          42.504659750172664
        ],
        [
          1.5241482,
          42.50478759999999
        ]
      ],
      "emotions": [
        "purple",
        "purple",
        "purple",
        "purple",
        "green",
        "green",
        "green",
        "green",
        "green",
        "green",
        "green",
        "green",
        "green",
        "green",
        "purple",
        "purple",
        "purple",
        "purple",
        "purple",
        "red",
        "red",
        "red",
        "red",
        "red"
      ],
      "mood_vectors": [
        [
          0.20266150562173102,
          0.038614238146069055,
          0.366501360595544,
          0.06791456508392794,
          0.04961588785732786,
          0.09952880577222244,
          0.17516363692317763
        ],
        [
          0.1498718192269695,
          0.12007433020302515,
          0.08463762585036044,
          0.21750447700240635,
          0.10677228853312172,
          0.2110650273286615,
          0.1100744318554553
        ],
        [
          0.08495426173878533,
          0.325717766312973,
          0.10563254380359453,
          0.18638310645855505,
          0.019607535182615425,
          0.22912790759053908,
          0.048576878912937535
        ],
        [
          0.1899049426223314,
          0.201879555018364,
          0.14652173900241985,
          0.15962956040248769,
          0.20789480098719973,
          0.037164147303667835,
          0.0570052546635294
        ],
        [
          0.0581358005597616,
          0.04000127749051603,
          0.23696911150316766,
          0.04741814242621511,
          0.1690989982552853,
          0.3006955435256478,
          0.14768112623940652
        ],
        [
          0.040340540391112845,
          0.10332520127874913,
          0.2290500714146645,
          0.1804363288448217,
          0.07555997406358206,
          0.2603695353151279,
          0.1109183486919419
        ],
        [
          0.15827606592731577,
          0.13986528311396892,
          0.0980400932947129,
          0.1324851198014053,
          0.09851731212617931,
          0.19124443528596743,
          0.18157169045045035
        ],
        [
          0.13075351072520863,
          0.08201475836631406,
          0.22901644271478638,
          0.126955318347071,
          0.08334160217588402,
          0.2835900031859697,
          0.0643283644847661
        ],
        [
          0.25928202531971295,
          0.07354466046931274,
          0.09098323642981669,
          0.03130627187992204,
          0.1794447839884846,
          0.29126513409661403,
          0.07417388781613694
        ],
        [
          0.16621484368814052,
          0.23902033757329325,
          0.20191523343507767,
          0.1844676147829229,
          0.004033009856637082,
          0.04638255171734792,
          0.15796640894658065
        ],
        [
          0.015969754526339586,
          0.03834256838725446,
          0.2865851130740633,
          0.25191065000005664,
          0.2676632642820126,
          0.05831044279353289,
          0.08121820693674046
        ],
        [
          0.1779270331835399,
          0.06271636094641153,
          0.02262974844080064,
          0.19961439845546555,
          0.07958815565272218,
          0.22864919486973231,
          0.22887510845132789
        ],
        [
          0.05436674112680443,
          0.23961293556403157,
          0.08928966229840478,
          0.11869962467208399,
          0.12878677516835155,
          0.18751817831481746,
          0.18172608285550615
        ],
        [
          0.23298467167627776,
          0.204731245661693,
          0.11312894278922209,
          0.1236023311200544,
          0.13436792405727474,
          0.12364455407702687,
          0.06754033061845109
        ],
        [
          0.12711853306046736,
          0.18390607126228262,
          0.11766408262905455,
          0.11262680834821909,
          0.043962326901155806,
          0.1718621129579628,
          0.2428600648408577
        ],
        [
          0.22122853088166258,
          0.15217969654083002,
          0.3019742622123613,
          0.015326421661994164,
          0.15358795440514297,
          0.0706934501819776,
          0.08500968411603135
        ],
        [
          0.002090910016071936,
          0.0715742088447867,
          0.170062212255313,
          0.21424972385325824,
          0.18378589726779607,
          0.18476621276942026,
          0.17347083499335375
        ],
        [
          0.23180263006944898,
          0.29581179175405986,
          0.03233194067518273,
          0.029070900317495128,
          0.2516067320239611,
          0.037530424381994644,
          0.12184558077785757
        ],
        [
          0.059347849788763965,
          0.07781541263836397,
          0.26480010575972096,
          0.18167381151256032,
          0.222172101294751,
          0.00010392514096390435,
          0.1940867938648759
        ],
        [
          0.12880124379663663,
          0.1778766722252746,
          0.15013229513223827,
          0.16872800890403683,
          0.05015546597056234,
          0.1788375897746951,
          0.1454687241965563
        ],
        [
          0.07685169705706568,
          0.24539250580514937,
          0.1929837821714145,
          0.035520866431066556,
          0.12682870457251152,
          0.17386107849996496,
          0.1485613654628274
        ],
        [
          0.2179736240966844,
          0.14304303052081746,
          0.14307939912789572,
          0.22441097303318489,
          0.06802509152870118,
          0.09682902918349763,
          0.10663885250921867
        ],
        [
          0.11874888143633643,
          0.20325087397047992,
          0.0714605502950058,
          0.20169046139800978,
          0.10175968936257886,
          0.1442967701176202,
          0.15879277341996903
        ],
        [
          0.006807349617763768,
          0.045146871975228695,
          0.10645482930777003,
          0.21931885420314481,
          0.24796514644578932,
          0.13458424955626747,
          0.23972269889403583
        ]
      ],
      "timestamps": [
        76,
        77,
        78,
        79,
        80,
        81,
        82,
        83,
        84,
        85,
        86,
        87,
        88,
        89,
        90,
        91,
        92,
        93,
        94,
        95,
        96,
        97,
        98,
        99
      ],
      "distance": 433.8
    }
  ],
  "conversation": [
    "I swear I just smelled five different cuisines.",
    "I love how quiet it gets near the river.",
    "There's a temple hidden back here? No way."
  ],
  "conversation_timestamps": [
    28,
    49,
    90
  ]
}
