{
  "agent_id": "agent-type-orange-50",
  "type": "orange",
  "trips": [
    {
      "trip_id": 0,
      "transport_method": "stopped",
      "start_time": 0,
      "path": [
        [
          1.5258473,
          42.5058767
        ],
        [
          1.5258473,
          42.5058767
        ],
        [
          1.5258473,
          42.5058767
        ],
        [
          1.5258473,
          42.5058767
        ]
      ],
      "emotions": [
        "red",
        "red",
        "red",
        "red"
      ],
      "mood_vectors": [
        [
          0.20779962265593582,
          0.12770575656804847,
          0.22097484842313247,
          0.02390585456013188,
          0.15980102072237554,
          0.14185860234523304,
          0.11795429472514285
        ],
        [
          0.20564514131159708,
          0.02139662871777682,
          0.05940428064712822,
          0.10822033825067216,
          0.09618422174719034,
          0.18939511039390153,
          0.3197542789317338
        ],
        [
          0.19367775910388876,
          0.02689657770818631,
          0.1666293880715402,
          0.17513561424665636,
          0.20237991947878975,
          0.08097682773336982,
          0.1543039136575688
        ],
        [
          0.05083472210225614,
          0.11081318678884827,
          0.21340677673397343,
          0.21516901086819634,
          0.18918363787434483,
          0.048055987549551815,
          0.17253667808282913
        ]
      ],
      "timestamps": [
        0,
        1,
        2,
        3
      ]
    },
    {
      "trip_id": 1,
      "transport_method": "bicycle",
      "start_time": 4,
      "path": [
        [
          1.5259751999999998,
          42.505731
        ],
        [
          1.5261459157830932,
          42.50521539085264
        ],
        [
          1.5267962216110293,
          42.50532071430047
        ],
        [
          1.5274496848167103,
          42.505430303886776
        ],
        [
          1.528085853497387,
          42.505617172054606
        ],
        [
          1.528076439542914,
          42.50536256449973
        ],
        [
          1.5275570113804982,
          42.505198045269346
        ],
        [
          1.5268971982953579,
          42.505139335754436
        ],
        [
          1.5264426730006686,
          42.50491044803689
        ],
        [
          1.5257958844179993,
          42.50476783266868
        ],
        [
          1.525238931795234,
          42.50481463816511
        ],
        [
          1.5246517961713615,
          42.50485050418273
        ],
        [
          1.5239956881786703,
          42.504757075038
        ],
        [
          1.5233455757962815,
          42.504626751622276
        ],
        [
          1.5227413032585169,
          42.50460329568016
        ],
        [
          1.5222693975195805,
          42.50467954904549
        ],
        [
          1.5219692426310916,
          42.50521948843531
        ],
        [
          1.5221061704713659,
          42.505285916684244
        ],
        [
          1.522455823977189,
          42.50473042157044
        ],
        [
          1.5221026184257436,
          42.50529155982511
        ],
        [
          1.521970952182981,
          42.505213043320936
        ],
        [
          1.5218822439117992,
          42.504860974186336
        ],
        [
          1.5212709549567285,
          42.50477552874908
        ],
        [
          1.5211742643685295,
          42.50470235904353
        ],
        [
          1.5205521715430874,
          42.50448495363286
        ],
        [
          1.5199604276552021,
          42.50422811973016
        ],
        [
          1.5198146856675883,
          42.50462316017509
        ],
        [
          1.5197458000000004,
          42.50516729999999
        ]
      ],
      "emotions": [
        "purple",
        "red",
        "red",
        "red",
        "red",
        "red",
        "green",
        "green",
        "green",
        "green",
        "green",
        "green",
        "green",
        "green",
        "green",
        "green",
        "green",
        "green",
        "green",
        "green",
        "green",
        "red",
        "red",
        "red",
        "red",
        "red",
        "purple",
        "purple"
      ],
      "mood_vectors": [
        [
          0.21090491081093776,
          0.21219343822909856,
          0.17423864509475948,
          0.07470094130902084,
          0.13962265175430863,
          0.07981451443209588,
          0.10852489836977891
        ],
        [
          0.2715403762260707,
          0.02181759530254612,
          0.1843594519008422,
          0.11870451418864118,
          0.0024759767704834383,
          0.281112562622929,
          0.11998952298848747
        ],
        [
          0.09596832773047193,
          0.238368217119955,
          0.04735923962752735,
          0.23421177620850944,
          0.10662226472560156,
          0.18226926437566277,
          0.09520091021227191
        ],
        [
          0.015090130247857821,
          0.2322126801717414,
          0.03445210186345854,
          0.27987850977504136,
          0.27500648563590946,
          0.024868289537249587,
          0.13849180276874176
        ],
        [
          0.24017627401658243,
          0.1400827501402657,
          0.12818523445301538,
          0.17585475163415668,
          0.1180568101689725,
          0.07578422417345464,
          0.12185995541355263
        ],
        [
          0.12718655290794664,
          0.06897358293487843,
          0.026780517804035713,
          0.12926993129774492,
          0.19136665062474165,
          0.29885629606933783,
          0.1575664683613148
        ],
        [
          0.2347869472557312,
          0.09137992997902032,
          0.016581750183614546,
          0.17898659145949344,
          0.19214792747180384,
          0.22298205132582982,
          0.06313480232450684
        ],
        [
          0.16937634782963848,
          0.06536881642552643,
          0.282270865246484,
          0.10565120053753187,
          0.001424026109816883,
          0.29676380930421936,
          0.07914493454678298
        ],
        [
          0.2463589423759507,
          0.1226327164613673,
          0.1158241012106395,
          0.09902271929217153,
          0.26640910838530385,
          0.07231832213348001,
          0.07743409014108708
        ],
        [
          0.11546573931492261,
          0.2302835123217861,
          0.05527169861828593,
          0.12848312171104204,
          0.14403022668015278,
          0.14139161199506553,
          0.185074089358745
        ],
        [
          0.05265447138384824,
          0.03013384236272498,
          0.3053934460227345,
          0.12157734704256791,
          0.19547129658502455,
          0.1033637940141877,
          0.19140580258891218
        ],
        [
          0.033588721510065166,
          0.16219384470652623,
          0.29363584997674114,
          0.24256814597464196,
          0.0692075511154072,
          0.17627366898731917,
          0.022532217729299222
        ],
        [
          0.14671596480317237,
          0.013200294758984866,
          0.22073783145091455,
          0.17282058162957717,
          0.08211058876469622,
          0.21645180725252333,
          0.14796293134013144
        ],
        [
          0.10504199272380349,
          0.22224444006494395,
          0.23039004108445588,
          0.03197548023079865,
          0.11633907304330547,
          0.19078839850926294,
          0.1032205743434297
        ],
        [
          0.2141177664609263,
          0.0024222771616490904,
          0.19969699994692527,
          0.15932374369458283,
          0.008609005585522115,
          0.35826725270739773,
          0.05756295444299662
        ],
        [
          0.21438137656164255,
          0.04658239498305325,
          0.180820657384276,
          0.012645532114696257,
          0.13660599185700317,
          0.25076993450846496,
          0.15819411259086386
        ],
        [
          0.07851222596272363,
          0.05549690035218826,
          0.2200075534077325,
          0.17404207204156036,
          0.39354688875119365,
          0.04887936735342916,
          0.029514992131172438
        ],
        [
          0.03642178429671536,
          0.11243725032134491,
          0.003068369206785674,
          0.16118037435043675,
          0.2927394727843766,
          0.11717840559258835,
          0.2769743434477523
        ],
        [
          0.15064156624825023,
          0.10189736817745995,
          0.13692878061009592,
          0.09048746430908496,
          0.14927491651873587,
          0.2096925923277834,
          0.16107731180858964
        ],
        [
          0.20736490199628133,
          0.14277727764513726,
          0.1657803726423512,
          0.20603261138096352,
          0.16308590893655375,
          0.04236468748796188,
          0.07259423991075101
        ],
        [
          0.2374751964277578,
          0.1206812754867217,
          0.1569826898991074,
          0.21936123353824846,
          0.06588271271196483,
          0.14516942996098878,
          0.054447461975211005
        ],
        [
          0.160378048712615,
          0.07188649257321728,
          0.17164715414162018,
          0.15808136529763614,
          0.18663117906489274,
          0.1362357146614735,
          0.11514004554854511
        ],
        [
          0.24494457973353026,
          0.17360779985215705,
          0.13060806396964125,
          0.021621694666941405,
          0.12258679066996701,
          0.07558018323417859,
          0.2310508878735844
        ],
        [
          0.09471872211411934,
          0.22489749958195565,
          0.04376596346459126,
          0.22981687121547473,
          0.24469722372767327,
          0.0979281335228185,
          0.06417558637336719
        ],
        [
          0.004284392991605221,
          0.2124176844214418,
          0.06197206584581915,
          0.0913698386149029,
          0.21142470012593995,
          0.1429715541709124,
          0.27555976382937863
        ],
        [
          0.06217951227067021,
          0.20364943836729144,
          0.11302485883948452,
          0.12505548077587378,
          0.15193801034636303,
          0.13884183130286157,
          0.20531086809745544
        ],
        [
          0.3017175590527303,
          0.007313858587787396,
          0.07558975090175384,
          0.14319374154764775,
          0.08032211041981151,
          0.3030801909204725,
          0.08878278856979675
        ],
        [
          0.15621361588605973,
          0.2550819802984223,
          0.04569233996383964,
          0.08408546231115975,
          0.15729560375768376,
          0.297322954616675,
          0.004308043166159758
        ]
      ],
      "timestamps": [
        4,
        5,
        6,
        7,
        8,
        9,
        10,
        11,
        12,
        13,
        14,
        15,
        16,
        17,
        18,
        19,
        20,
        21,
        22,
        23,
        24,
        25,
        26,
        27,
        28,
        29,
        30,
        31
      ],
      "distance": 742.7
    },
    {
      "trip_id": 2,
      "transport_method": "car",
      "start_time": 32,
      "path": [
        [
          1.5197458000000004,
          42.50516729999999
        ],
        [
          1.5184048167403361,
          42.50531156149951
        ],
        [
          1.5191772029308475,
          42.50631742809895
        ],
        [
          1.5189795213007258,
          42.506359025471575
        ],
        [
          1.5188064255558327,
          42.505479945119795
        ],
        [
          1.5203646876973937,
          42.50584069693751
        ],
        [
          1.521093689565036,
          42.50633748912688
        ],
        [
          1.5212576822066004,
          42.50607696652395
        ],
        [
          1.5226264367848932,
          42.50637574506878
        ],
        [
          1.5241718800129522,
          42.50678294246191
        ],
        [
          1.5252281785499084,
          42.506607564710066
        ],
        [
          1.5261827077395016,
          42.506946175770175
        ],
        [
          1.5272458882391151,
          42.50717304609425
        ],
        [
          1.5271773520703251,
          42.50722664364227
        ],
        [
          1.5281159228625707,
          42.50831080814874
        ],
        [
          1.5283259461870118,
          42.509006237483824
        ],
        [
          1.526846165988828,
          42.50876090514942
        ],
        [
          1.5252719223459228,
          42.5085019608566
        ],
        [
          1.524289851273108,
          42.50782797877264
        ],
        [
          1.523087344041048,
          42.50828142692654
        ],
        [
          1.5245548651227927,
          42.508860268808256
        ],
        [
          1.5261168613107694,
          42.509202705360444
        ],
        [
          1.5265052660771707,
          42.509296402736055
        ],
        [
          1.5255213743657212,
          42.50929530618486
        ],
        [
          1.527076599221682,
          42.50960474967747
        ],
        [
          1.5271308700565238,
          42.50950024801209
        ],
        [
          1.5263410645808513,
          42.50947570648442
        ],
        [
          1.5260563000000005,
          42.5097849
        ]
      ],
      "emotions": [
        "purple",
        "purple",
        "purple",
        "green",
        "green",
        "green",
        "green",
        "green",
        "red",
        "red",
        "red",
        "red",
        "red",
        "purple",
        "purple",
        "purple",
        "purple",
        "purple",
        "red",
        "red",
        "red",
        "red",
        "red",
        "red",
        "red",
        "red",
        "red",
        "red"
      ],
      "mood_vectors": [
        [
          0.196315984168797,
          0.03718006096751471,
          0.23800441341026457,
          0.09620809320908777,
          0.0023182016499988596,
          0.1869663836912699,
          0.24300686290306725
        ],
        [
          0.15097214883308901,
          0.0828673019730046,
          0.10488057575649191,
          0.18116438772695556,
          0.16106178622376807,
          0.16842388419902382,
          0.1506299152876671
        ],
        [
          0.11427708789327061,
          0.213947949805899,
          0.25874537615404547,
          0.15522807542436343,
          0.003546503135581662,
          0.12089851681590282,
          0.13335649077093698
        ],
        [
          0.19386967266469063,
          0.04843900806084408,
          0.12899988249971645,
          0.1849864135982706,
          0.21048133234177854,
          0.21092420127895628,
          0.022299489555743377
        ],
        [
          0.08345555032330161,
          0.09413807930421983,
          0.04256359577238649,
          0.1462837906934399,
          0.09103651166090544,
          0.2655058724350486,
          0.27701659981069815
        ],
        [
          0.20931255355802833,
          0.15257489603923324,
          0.12571648134291452,
          0.07884487950924317,
          0.13380175719786236,
          0.17594033722915095,
          0.1238090951235674
        ],
        [
          0.10278884465733823,
          0.1964646945477116,
          0.11309616265798016,
          0.24849212101475368,
          0.11008251430251739,
          0.14245605163044825,
          0.08661961118925081
        ],
        [
          0.1380596254078623,
          0.16291893299689958,
          0.029710286540794464,
          0.127192834151048,
          0.29351154836972826,
          0.19817240150477294,
          0.05043437102889437
        ],
        [
          0.20176886474924463,
          0.10027357589738166,
          0.003958441572902555,
          0.20046715582542757,
          0.20949665049848257,
          0.19242485900268458,
          0.0916104524538766
        ],
        [
          0.08764122081876487,
          0.04049359070415832,
          0.16241461314106181,
          0.014435600254010701,
          0.03728597963877943,
          0.3496553716509364,
          0.3080736237922885
        ],
        [
          0.22159870510563892,
          0.18385858919188006,
          0.04636855549220126,
          0.21801768641432612,
          0.007758133813857568,
          0.17819751769967576,
          0.14420081228242035
        ],
        [
          0.19448372199117492,
          0.08135173405859665,
          0.1869402549337272,
          0.1626537315932697,
          0.12788975891597373,
          0.18055415558965981,
          0.06612664291759796
        ],
        [
          0.1292888144429449,
          0.11145799165404267,
          0.15032896360311757,
          0.15292687446796155,
          0.23803189391277754,
          0.06985783481655927,
          0.14810762710259642
        ],
        [
          0.19938793673785035,
          0.09606941048336423,
          0.04368171215255592,
          0.13054740097472617,
          0.30375048023021173,
          0.1352504402910758,
          0.09131261913021582
        ],
        [
          0.22409239433743058,
          0.049734628055092496,
          0.046492020186776936,
          0.21347461802315182,
          0.07786883650459173,
          0.27948114308749317,
          0.10885635980546332
        ],
        [
          0.07370291038261859,
          0.1945482393386323,
          0.21850223835095925,
          0.12775415253150205,
          0.2156027988725267,
          0.11520986344548016,
          0.05467979707828096
        ],
        [
          0.20809714035883034,
          0.12870644825363745,
          0.34829805839254446,
          0.03746331197961511,
          0.04415688382865616,
          0.03316219066893063,
          0.20011596651778585
        ],
        [
          0.09519404225636888,
          0.20732252861471945,
          0.1993032013197152,
          0.11159059971660021,
          0.023856621082358222,
          0.14146605785140431,
          0.22126694915883374
        ],
        [
          0.23709386980408598,
          0.005386696171086759,
          0.21462144268482358,
          0.322588737988916,
          0.016608597037449536,
          0.09367540308022393,
          0.11002525323341411
        ],
        [
          0.14067985495238272,
          0.16760948938960066,
          0.09089904740118258,
          0.195156828243985,
          0.19359591967197828,
          0.11200989843556221,
          0.10004896190530861
        ],
        [
          0.09869548949650557,
          0.235659758765914,
          0.08903955960466038,
          0.03585759900111045,
          0.19030008968697984,
          0.1875009174045083,
          0.16294658604032144
        ],
        [
          0.2194468321316314,
          0.18982289136320335,
          0.059272500822870076,
          0.10193697454412556,
          0.16122417476028464,
          0.1883799199474028,
          0.07991670643048213
        ],
        [
          0.20761143428949877,
          0.17838011373319537,
          0.2543550088488864,
          0.0046201795985374924,
          0.12572739931151786,
          0.09249010361614375,
          0.13681576060222037
        ],
        [
          0.014272999699379878,
          0.24199647994434417,
          0.1140985617896514,
          0.22640348247704245,
          0.24932395991271813,
          0.0757886432309195,
          0.07811587294594448
        ],
        [
          0.25208907291607235,
          0.027224057387631284,
          0.3135707794830432,
          0.012779516305895232,
          0.0033099634911692146,
          0.24643259167527937,
          0.14459401874090935
        ],
        [
          0.19002277730700182,
          0.12139449034408416,
          0.23751162909443865,
          0.13281684470608693,
          0.0892794229467807,
          0.12884256866662733,
          0.10013226693498048
        ],
        [
          0.20918539463623592,
          0.18081851275354846,
          0.0492744710624151,
          0.18625273391419048,
          0.2205773200207834,
          0.14922464989744844,
          0.004666917715378209
        ],
        [
          0.09732897106746309,
          0.3195261135507997,
          0.058500933877494256,
          0.04928578614778739,
          0.08228312517218363,
          0.12647019910073615,
          0.26660487108353575
        ]
      ],
      "timestamps": [
        32,
        33,
        34,
        35,
        36,
        37,
        38,
        39,
        40,
        41,
        42,
        43,
        44,
        45,
        46,
        47,
        48,
        49,
        50,
        51,
        52,
        53,
        54,
        55,
        56,
        57,
        58,
        59
      ],
      "distance": 1180.3
    },
    {
      "trip_id": 3,
      "transport_method": "bicycle",
      "start_time": 60,
      "path": [
        [
          1.5270918999999996,
          42.50948
        ],
        [
          1.5272804000214606,
          42.50957794059986
        ],
        [
          1.5274554999570789,
          42.509668918800266
        ],
        [
          1.5268568207494178,
          42.50956619144479
        ],
        [
          1.526244004631506,
          42.509458678155525
        ],
        [
          1.5256311885135945,
          42.50935116486625
        ],
        [
          1.5254269108120655,
          42.50903626417171
        ],
        [
          1.526031736525599,
          42.509182170161964
        ],
        [
          1.5266365622391325,
          42.50932807615221
        ],
        [
          1.5269356120473347,
          42.50940021785754
        ],
        [
          1.5263307863338014,
          42.50925431186729
        ],
        [
          1.5257259606202678,
          42.509108405877036
        ],
        [
          1.525119388757157,
          42.50897050445199
        ],
        [
          1.5245087463079008,
          42.5088512630963
        ],
        [
          1.5239147268668147,
          42.5087837255213
        ],
        [
          1.5237841138005421,
          42.50887420696598
        ],
        [
          1.5235984771914217,
          42.50857107886913
        ],
        [
          1.5230773351364022,
          42.50825333781806
        ],
        [
          1.5225916893977793,
          42.50808813471977
        ],
        [
          1.522210505777453,
          42.508190337374934
        ],
        [
          1.5225472336129622,
          42.508207941810134
        ],
        [
          1.5221358241582903,
          42.50838911908251
        ],
        [
          1.5215675227244243,
          42.50840253660553
        ],
        [
          1.52115323446,
          42.508287121572366
        ],
        [
          1.52166519667693,
          42.50832950632087
        ],
        [
          1.5212492210233484,
          42.50802704150708
        ],
        [
          1.5206999523088378,
          42.507734797463506
        ],
        [
          1.5205180534030136,
          42.50729756111906
        ],
        [
          1.5208287592432095,
          42.50708520241755
        ],
        [
          1.5207764382394335,
          42.50679039826832
        ],
        [
          1.5208259863758606,
          42.506796009065496
        ],
        [
          1.521346059002657,
          42.50708421412703
        ],
        [
          1.5218006070370835,
          42.507484846486534
        ],
        [
          1.5223931737911636,
          42.507496511052466
        ],
        [
          1.5222282716354196,
          42.50702415135765
        ],
        [
          1.5217975453489612,
          42.50657517745206
        ],
        [
          1.521386782016614,
          42.50612639872671
        ],
        [
          1.520805743515406,
          42.505903919599916
        ],
        [
          1.5211719889108273,
          42.5060957464716
        ],
        [
          1.5210094000000005,
          42.5064266
        ]
      ],
      "emotions": [
        "green",
        "green",
        "green",
        "green",
        "green",
        "red",
        "red",
        "red",
        "red",
        "red",
        "purple",
        "purple",
        "purple",
        "purple",
        "purple",
        "green",
        "green",
        "green",
        "green",
        "green",
        "green",
        "green",
        "green",
        "green",
        "green",
        "green",
        "green",
        "green",
        "green",
        "green",
        "purple",
        "purple",
        "purple",
        "purple",
        "purple",
        "purple",
        "purple",
        "purple",
        "purple",
        "purple"
      ],
      "mood_vectors": [
        [
          0.022895470258936665,
          0.10038647765658192,
          0.08230284468272865,
          0.31932859723061,
          0.2032369081535208,
          0.22940262348575519,
          0.04244707853186674
        ],
        [
          0.2699172305578418,
          0.021335008933157686,
          0.15416392128441997,
          0.29747756158839594,
          0.15004081718736617,
          0.03755633421833525,
          0.06950912623048318
        ],
        [
          0.08960245166692073,
          0.18758979418340377,
          0.17941624566307432,
          0.10289117791265265,
          0.18251208122647922,
          0.15071768402265434,
          0.10727056532481503
        ],
        [
          0.2039687355074242,
          0.16121389292724136,
          0.0777573714934052,
          0.22953620430037028,
          0.08099169188286892,
          0.08574701000176335,
          0.16078509388692672
        ],
        [
          0.10137959026905217,
          0.25376849447098515,
          0.25904503115095734,
          0.010920304010403342,
          0.11950697952781208,
          0.11148781757816394,
          0.14389178299262598
        ],
        [
          0.3045772391145549,
          0.10826315958732635,
          0.025259486154339483,
          0.06109262586180289,
          0.25093207183953004,
          0.10611327384223801,
          0.1437621436002083
        ],
        [
          0.13243113881550161,
          0.23501330101339082,
          0.1134358706113815,
          0.26215022912005825,
          0.14561120304011763,
          0.09659043491375732,
          0.01476782248579277
        ],
        [
          0.1371807168540292,
          0.193083579635475,
          0.004640655756336133,
          0.29094423556215826,
          0.14094891499570955,
          0.21490651537775704,
          0.018295381818534913
        ],
        [
          0.09317883636979224,
          0.126865479506557,
          0.21755886665038196,
          0.06295955021084317,
          0.014879898517683496,
          0.22362195752597458,
          0.26093541121876757
        ],
        [
          0.16119634851825035,
          0.09825628444445121,
          0.14469881131232595,
          0.1553219274337392,
          0.07092949391095166,
          0.18958983413564257,
          0.1800073002446391
        ],
        [
          0.051521616225344215,
          0.042580773875991754,
          0.14210153943478293,
          0.31365756811586903,
          0.10617769139769324,
          0.21449772402826875,
          0.1294630869220501
        ],
        [
          0.19465897639489083,
          0.20486405193597032,
          0.14543657814660044,
          0.07304002982164033,
          0.055789859489460684,
          0.15547002410004054,
          0.17074048011139695
        ],
        [
          0.12422512508655684,
          0.012983748894707547,
          0.2289275722576904,
          0.037210031667658086,
          0.19401434288355143,
          0.14174877116416018,
          0.26089040804567554
        ],
        [
          0.24991756043941984,
          0.03710615433307759,
          0.060503811863305286,
          0.1449605858356789,
          0.06435072988517404,
          0.23668786704247208,
          0.2064732906008723
        ],
        [
          0.2153078238564167,
          0.05448702501099221,
          0.14377286240195983,
          0.08059226139449097,
          0.2197916616132411,
          0.09132816887809742,
          0.19472019684480174
        ],
        [
          0.17635290698318148,
          0.12208743572435096,
          0.09636819255582894,
          0.16378338021339092,
          0.12047245022003066,
          0.1581157584983,
          0.162819875804917
        ],
        [
          0.07809550292397947,
          0.16685366823499034,
          0.07866944422171777,
          0.060512666570663565,
          0.2326721715489848,
          0.13272626334276005,
          0.250470283156904
        ],
        [
          0.06312636903604026,
          0.10662540491141129,
          0.13556865836908513,
          0.1958936049907019,
          0.21923133339944503,
          0.25058807283235285,
          0.028966556460963532
        ],
        [
          0.06243379885251746,
          0.11955498210989625,
          0.12624922809828834,
          0.22445387024680974,
          0.2565474109606492,
          0.06810778919812072,
          0.14265292053371828
        ],
        [
          0.22624740512635366,
          0.06122610130944934,
          0.1469777730344378,
          0.30170542226935904,
          0.14097811485314854,
          0.06351202383937786,
          0.05935315956787374
        ],
        [
          0.09925623966691509,
          0.19695437953796088,
          0.03340617298798038,
          0.051169187027442095,
          0.12629235089448101,
          0.23527531568450294,
          0.25764635420071763
        ],
        [
          0.028921635961049907,
          0.0669933830730166,
          0.173263963073606,
          0.11045725991970852,
          0.21973096675846035,
          0.18833293474509308,
          0.21229985646906563
        ],
        [
          0.22529749037756036,
          0.19178025498382173,
          0.1665767934109507,
          0.015037261856238429,
          0.046251411446745105,
          0.13301491972357243,
          0.22204186820111127
        ],
        [
          0.108908915758094,
          0.24489328957653012,
          0.02852298851639232,
          0.160244948585209,
          0.11859321985478662,
          0.3051553399915624,
          0.03368129771742559
        ],
        [
          0.12594821503239637,
          0.18342806318402027,
          0.17142162703179423,
          0.1855987691268509,
          0.16530420437211035,
          0.11846678116788951,
          0.04983234008493834
        ],
        [
          0.1694593644889872,
          0.19049455932810258,
          0.08652415399573773,
          0.1796522344310457,
          0.191052628154767,
          0.1320469574838823,
          0.05077010211747756
        ],
        [
          0.20655418768372608,
          0.024908162415890472,
          0.15328442471789988,
          0.17229462547322233,
          0.12002320400382303,
          0.11325469741595857,
          0.2096806982894796
        ],
        [
          0.05783309621009134,
          0.19338227831190383,
          0.08483520055424375,
          0.12493442998122933,
          0.2593090591698984,
          0.10885839420296561,
          0.17084754156966783
        ],
        [
          0.17386627884061814,
          0.15868958644589645,
          0.1252442541077354,
          0.08805946023911021,
          0.16890909414094057,
          0.12523662754679618,
          0.15999469867890315
        ],
        [
          0.2624425273549136,
          0.11007796716612908,
          0.2674885887651524,
          0.0008776144402463994,
          0.09241275876399532,
          0.043170536906290434,
          0.22353000660327274
        ],
        [
          0.06286717193080928,
          0.2143550682319261,
          0.03005493243216775,
          0.24534178568552636,
          0.069319080091259,
          0.30852577958445637,
          0.06953618204385519
        ],
        [
          0.14245666500524015,
          0.20719819907097023,
          0.27148012703474705,
          0.01019186850823058,
          0.0991453444580644,
          0.25909560685524613,
          0.010432189067501514
        ],
        [
          0.23040799862107336,
          0.020478085719598502,
          0.18530249922162909,
          0.18819091068176538,
          0.1589526933241749,
          0.10857110438873074,
          0.10809670804302798
        ],
        [
          0.0836754183305096,
          0.0032963567623248147,
          0.19373552983409761,
          0.26518245423979103,
          0.18565537611105865,
          0.06169189299623194,
          0.2067629717259864
        ],
        [
          0.14195581696433593,
          0.11943628296247355,
          0.020620850245083304,
          0.05281993563722996,
          0.31156502978084394,
          0.11071033116115958,
          0.2428917532488737
        ],
        [
          0.139563045428851,
          0.1378204018213353,
          0.13015612150199565,
          0.22450836685902834,
          0.22625807575246495,
          0.1342002442911751,
          0.007493744345149642
        ],
        [
          0.32491614441030187,
          0.30548226294405817,
          0.017002081056959467,
          0.06307869452563605,
          0.06594489137880422,
          0.1957915091888664,
          0.027784416495373856
        ],
        [
          0.11892423735026873,
          0.10594238565285556,
          0.19962211285663625,
          0.16848759985748027,
          0.08757353921084446,
          0.13597916076174874,
          0.1834709643101659
        ],
        [
          0.1297252319046888,
          0.01037148200169138,
          0.11751952168201184,
          0.31561622083262647,
          0.2053983328564622,
          0.09698762970630226,
          0.12438158101621709
        ],
        [
          0.3616412754395081,
          0.09231314893232893,
          0.19068456216004281,
          0.06651693421296917,
          0.05285908679227509,
          0.02453922542601787,
          0.21144576703685802
        ]
      ],
      "timestamps": [
        60,
        61,
        62,
        63,
        64,
        65,
        66,
        67,
        68,
        69,
        70,
        71,
        72,
        73,
        74,
        75,
        76,
        77,
        78,
        79,
        80,
        81,
        82,
        83,
        84,
        85,
        86,
        87,
        88,
        89,
        90,
        91,
        92,
        93,
        94,
        95,
        96,
        97,
        98,
        99
      ],
      "distance": 834.2
    }
  ],
  "conversation": [
    "Every other block feels like a different country.",
    "Feeling pretty good.",
    "Everyone looks like they're on their own quest."
  ],
  "conversation_timestamps": [
    1,
    28,
    66
  ]
}
