{"agent_id": "agent-red-451", "type": "red", "trips": [{"trip_id": 0, "transport_method": "foot", "start_time": 0, "path": [[1.5839052, 42.5346355], [1.5827269, 42.5345093], [1.581508, 42.5341238], [1.5802763, 42.5337538], [1.5796981, 42.5334148], [1.5784424, 42.5330009], [1.5771246, 42.5328316], [1.5766283, 42.5327444], [1.5778697, 42.5329472], [1.5765638, 42.532698], [1.5752579, 42.5324489], [1.5750883, 42.532444], [1.5758487, 42.532492], [1.5746527, 42.5319115], [1.5734567, 42.5313309], [1.5734495, 42.5316596], [1.5739986, 42.5320805], [1.5730588, 42.5311402], [1.5722065, 42.5301288], [1.5711992, 42.529279], [1.570136, 42.5284809], [1.569873, 42.5282455], [1.5709689, 42.5289937], [1.5706919, 42.5289534], [1.5695854, 42.5282164], [1.568479, 42.5274794], [1.5676133, 42.5269106], [1.5687844, 42.5275305], [1.5683605, 42.5273133], [1.5672566, 42.5265725], [1.5661613, 42.5258217], [1.564942, 42.5252979], [1.5637212, 42.5248624], [1.5625131, 42.5243425], [1.5616216, 42.5233604], [1.5605437, 42.5225835], [1.5594677, 42.5218659], [1.5584262, 42.5210579], [1.5574719, 42.520133], [1.5569695, 42.519574], [1.5561794, 42.5186613], [1.5566289, 42.5192581], [1.5556154, 42.5183977], [1.5550309, 42.5179302], [1.554575, 42.5175605], [1.5537762, 42.5169058], [1.5544509, 42.5175826], [1.553597, 42.5165637], [1.5530772, 42.5153548], [1.5527273, 42.5141338], [1.5519062, 42.5132269], [1.5508553, 42.5124318], [1.5496906, 42.5118376], [1.5484065, 42.5114973], [1.5471179, 42.5111714], [1.5463399, 42.5102676], [1.5461939, 42.5099838], [1.5451951, 42.5093479], [1.5438857, 42.5091864], [1.5426043, 42.5088762], [1.5412931, 42.5087476], [1.5402644, 42.5084778], [1.5389658, 42.5082214], [1.5376666, 42.50804], [1.5375397, 42.5080558], [1.5362331, 42.5078105], [1.5349752, 42.5074058], [1.5347902, 42.5074375], [1.5352976, 42.5075433], [1.5340783, 42.5070135], [1.5328124, 42.5066522], [1.531556, 42.5065175], [1.5304342, 42.5058073], [1.5292073, 42.5054241], [1.5278917, 42.505291], [1.5265694, 42.5053064], [1.5252567, 42.5051611], [1.5239497, 42.5049189], [1.5226374, 42.5047272], [1.5220576, 42.5056055]], "mood_vectors": [[0.7063, 0.0759, 0.0285, 0.0321, 0.0766, 0.0224, 0.0582], [0.7065, 0.0164, 0.0673, 0.0551, 0.0732, 0.0705, 0.0111], [0.6501, 0.0583, 0.0776, 0.0747, 0.0609, 0.0565, 0.0219], [0.6407, 0.0468, 0.0176, 0.0659, 0.0583, 0.0817, 0.089], [0.6326, 0.1038, 0.0408, 0.1025, 0.0198, 0.0747, 0.0257], [0.7393, 0.0616, 0.0462, 0.032, 0.0156, 0.0364, 0.0689], [0.7343, 0.0539, 0.0218, 0.0462, 0.0408, 0.0272, 0.0758], [0.7213, 0.0626, 0.0411, 0.0297, 0.0321, 0.047, 0.0662], [0.7759, 0.0552, 0.0184, 0.0281, 0.0134, 0.0716, 0.0373], [0.7517, 0.0202, 0.058, 0.0428, 0.0529, 0.0399, 0.0344], [0.7551, 0.0317, 0.056, 0.0266, 0.0309, 0.0366, 0.0631], [0.7411, 0.0382, 0.0233, 0.0721, 0.0467, 0.0155, 0.063], [0.7663, 0.0218, 0.082, 0.0182, 0.0216, 0.0591, 0.0309], [0.6736, 0.0332, 0.0681, 0.0324, 0.0716, 0.0471, 0.0741], [0.6415, 0.021, 0.0559, 0.0506, 0.0791, 0.0753, 0.0765], [0.6845, 0.0261, 0.0924, 0.0794, 0.0495, 0.0225, 0.0458], [0.7471, 0.0178, 0.0351, 0.0233, 0.0493, 0.0591, 0.0683], [0.6077, 0.0491, 0.0414, 0.0785, 0.0655, 0.0753, 0.0825], [0.7521, 0.0308, 0.0224, 0.0636, 0.0161, 0.0531, 0.062], [0.7263, 0.0392, 0.0394, 0.0243, 0.0757, 0.0747, 0.0205], [0.671, 0.042, 0.0411, 0.0273, 0.086, 0.0444, 0.0882], [0.7205, 0.0231, 0.0307, 0.0844, 0.0338, 0.0317, 0.0758], [0.6429, 0.0473, 0.0801, 0.0792, 0.0863, 0.016, 0.0482], [0.6999, 0.0185, 0.0735, 0.0594, 0.0884, 0.0227, 0.0375], [0.702, 0.0763, 0.0517, 0.0154, 0.0363, 0.0569, 0.0615], [0.715, 0.0695, 0.0534, 0.0624, 0.0246, 0.0221, 0.053], [0.7414, 0.0566, 0.0491, 0.0603, 0.0322, 0.0222, 0.0381], [0.6793, 0.0914, 0.0193, 0.0588, 0.047, 0.0719, 0.0322], [0.7169, 0.0886, 0.0161, 0.0366, 0.0566, 0.0433, 0.0418], [0.7376, 0.0205, 0.0858, 0.0265, 0.0493, 0.0173, 0.063], [0.676, 0.0575, 0.0539, 0.074, 0.0364, 0.0504, 0.0519], [0.5985, 0.0426, 0.0794, 0.069, 0.054, 0.0747, 0.0819], [0.646, 0.0697, 0.0419, 0.0324, 0.091, 0.0924, 0.0266], [0.6663, 0.0483, 0.0783, 0.0248, 0.0442, 0.0728, 0.0652], [0.6892, 0.0475, 0.0322, 0.0821, 0.0394, 0.084, 0.0256], [0.7036, 0.025, 0.0907, 0.0262, 0.048, 0.0301, 0.0764], [0.7127, 0.0645, 0.0527, 0.0759, 0.0455, 0.0152, 0.0334], [0.6322, 0.0261, 0.03, 0.0396, 0.093, 0.0942, 0.0849], [0.7148, 0.0574, 0.0648, 0.0449, 0.029, 0.0177, 0.0716], [0.6332, 0.052, 0.0494, 0.0467, 0.0809, 0.0717, 0.0661], [0.6401, 0.056, 0.0382, 0.075, 0.0797, 0.0831, 0.0279], [0.7318, 0.0501, 0.0323, 0.0769, 0.0245, 0.0679, 0.0165], [0.7195, 0.0266, 0.0753, 0.0455, 0.0544, 0.0266, 0.0523], [0.7207, 0.0207, 0.0617, 0.0642, 0.0202, 0.0712, 0.0413], [0.7261, 0.0761, 0.0233, 0.0591, 0.0446, 0.0264, 0.0444], [0.7681, 0.0171, 0.0137, 0.0227, 0.0512, 0.051, 0.0762], [0.8026, 0.027, 0.0122, 0.0324, 0.0406, 0.0373, 0.0479], [0.7087, 0.039, 0.0703, 0.0641, 0.0361, 0.0612, 0.0206], [0.6951, 0.0425, 0.0839, 0.041, 0.0418, 0.0193, 0.0764], [0.7532, 0.0696, 0.0417, 0.0423, 0.0269, 0.0522, 0.0141], [0.6701, 0.0197, 0.056, 0.0339, 0.04, 0.0963, 0.0841], [0.611, 0.0644, 0.0793, 0.0758, 0.0754, 0.0619, 0.0322], [0.7378, 0.0499, 0.0786, 0.0256, 0.0622, 0.0282, 0.0176], [0.7128, 0.0391, 0.0939, 0.0636, 0.0431, 0.0326, 0.0149], [0.6616, 0.0563, 0.0324, 0.0633, 0.0399, 0.0559, 0.0905], [0.6596, 0.0324, 0.0493, 0.0915, 0.0732, 0.0716, 0.0224], [0.7899, 0.0532, 0.0162, 0.0488, 0.0516, 0.0247, 0.0157], [0.7443, 0.0181, 0.0582, 0.0395, 0.044, 0.0522, 0.0438], [0.7845, 0.0332, 0.0193, 0.0569, 0.0213, 0.0246, 0.0602], [0.7227, 0.0598, 0.0131, 0.0566, 0.0698, 0.0218, 0.0561], [0.6696, 0.0694, 0.0392, 0.0338, 0.0866, 0.0224, 0.0789], [0.6936, 0.0687, 0.0315, 0.0329, 0.0523, 0.0408, 0.0803], [0.6762, 0.079, 0.0735, 0.0383, 0.0777, 0.0211, 0.0342], [0.6772, 0.0929, 0.0319, 0.0811, 0.0412, 0.0345, 0.0412], [0.6961, 0.0233, 0.0644, 0.0479, 0.0732, 0.0698, 0.0254], [0.6985, 0.0541, 0.0354, 0.0924, 0.0319, 0.0531, 0.0346], [0.7348, 0.0419, 0.0687, 0.0572, 0.0333, 0.0139, 0.0502], [0.7128, 0.092, 0.0706, 0.0582, 0.0283, 0.0236, 0.0144], [0.679, 0.0757, 0.0886, 0.0271, 0.0265, 0.017, 0.0862], [0.6957, 0.0658, 0.0523, 0.0356, 0.0592, 0.0407, 0.0507], [0.7149, 0.0159, 0.0592, 0.0435, 0.0768, 0.0205, 0.0691], [0.7242, 0.0754, 0.0255, 0.0162, 0.078, 0.0304, 0.0503], [0.6794, 0.1071, 0.0788, 0.0339, 0.0472, 0.0187, 0.0349], [0.6913, 0.0325, 0.0194, 0.0452, 0.0966, 0.0295, 0.0855], [0.6828, 0.029, 0.0164, 0.0414, 0.0747, 0.065, 0.0908], [0.7083, 0.0613, 0.0301, 0.0706, 0.049, 0.0622, 0.0185], [0.715, 0.0225, 0.0709, 0.059, 0.0689, 0.0412, 0.0225], [0.6992, 0.0694, 0.0487, 0.0117, 0.064, 0.0528, 0.0542], [0.6457, 0.0314, 0.079, 0.0606, 0.0331, 0.0735, 0.0766], [0.6817, 0.0745, 0.056, 0.0342, 0.0343, 0.062, 0.0574]], "emotions": ["red", "red", "red", "red", "red", "red", "red", "red", "red", "red", "red", "red", "red", "red", "red", "red", "red", "red", "red", "red", "red", "red", "red", "red", "red", "red", "red", "red", "red", "red", "red", "red", "red", "red", "red", "red", "red", "red", "red", "red", "red", "red", "red", "red", "red", "red", "red", "red", "red", "red", "red", "red", "red", "red", "red", "red", "red", "red", "red", "red", "red", "red", "red", "red", "red", "red", "red", "red", "red", "red", "red", "red", "red", "red", "red", "red", "red", "red", "red", "red"], "timestamps": [0, 40, 80, 120, 160, 200, 240, 280, 320, 360, 400, 440, 480, 520, 560, 600, 640, 680, 720, 760, 800, 840, 880, 920, 960, 1000, 1040, 1080, 1120, 1160, 1200, 1240, 1280, 1320, 1360, 1400, 1440, 1480, 1520, 1560, 1600, 1640, 1680, 1720, 1760, 1800, 1840, 1880, 1920, 1960, 2000, 2040, 2080, 2120, 2160, 2200, 2240, 2280, 2320, 2360, 2400, 2440, 2480, 2520, 2560, 2600, 2640, 2680, 2720, 2760, 2800, 2840, 2880, 2920, 2960, 3000, 3040, 3080, 3120, 3160]}], "conversation": [], "conversation_timestamps": []}