{"agent_id": "agent-blue-250", "type": "blue", "trips": [{"trip_id": 0, "transport_method": "bus", "start_time": 0, "path": [[1.4978403, 42.4707614], [1.4976269, 42.4698111], [1.4968316, 42.4705487], [1.4967606, 42.469999], [1.4976984, 42.4706529], [1.4985732, 42.471459], [1.4994902, 42.4715992], [1.5006705, 42.4718241], [1.5009847, 42.4723652], [1.5000298, 42.4726366], [1.4991395, 42.4733054], [1.4980398, 42.4737909], [1.4970249, 42.4743404], [1.4962296, 42.4752467], [1.4951951, 42.4756293], [1.4941356, 42.4761868], [1.4930854, 42.4768019], [1.4920353, 42.477417], [1.4909852, 42.4780322], [1.4902146, 42.4787022], [1.4913953, 42.4785686], [1.4923848, 42.4779282], [1.4933822, 42.4772368], [1.4941854, 42.4764966], [1.4934031, 42.4766099], [1.4923494, 42.4772188], [1.4912957, 42.4778278], [1.490242, 42.4784368], [1.4895443, 42.4793897], [1.4895284, 42.4805931], [1.4897922, 42.481772], [1.4904103, 42.4828193], [1.4909939, 42.4838871], [1.4916402, 42.4846797], [1.4927579, 42.4849988], [1.4937782, 42.4856471], [1.4945969, 42.4865297], [1.4946584, 42.4877142], [1.495189, 42.4887661], [1.4959824, 42.489689], [1.4962986, 42.4908193], [1.4971169, 42.4916394], [1.498159, 42.4922663], [1.4992353, 42.4928339], [1.5002101, 42.4935597], [1.5010622, 42.4943404], [1.5021661, 42.4948527], [1.5032694, 42.4953646], [1.5043991, 42.4958029], [1.505509, 42.4962921], [1.506661, 42.4966843], [1.5078037, 42.4971029], [1.508906, 42.4976176], [1.5099952, 42.4981604], [1.5108386, 42.4990205], [1.5115942, 42.4999745], [1.5123283, 42.5009452], [1.5131375, 42.5018317], [1.5139487, 42.5023485], [1.5130513, 42.5016401], [1.5138092, 42.5021248], [1.5147405, 42.5025586], [1.5155557, 42.5030983], [1.5151448, 42.5028167], [1.5160791, 42.503453], [1.5172411, 42.5037464], [1.5184496, 42.5036157], [1.5195634, 42.5038484], [1.5207072, 42.5041515], [1.521841, 42.5045901], [1.522936, 42.5047659], [1.524136, 42.5049491], [1.5253316, 42.5051758], [1.5265333, 42.5053081], [1.5277296, 42.5054463], [1.5278012, 42.5054549], [1.5289686, 42.5057991], [1.5299882, 42.5064492], [1.5310422, 42.5070458], [1.5319996, 42.5076017]], "mood_vectors": [[0.0879, 0.0562, 0.0429, 0.6438, 0.0576, 0.0766, 0.0351], [0.029, 0.0738, 0.0536, 0.7102, 0.0211, 0.066, 0.0463], [0.0465, 0.0314, 0.0428, 0.6995, 0.0609, 0.0667, 0.0523], [0.0161, 0.0775, 0.0721, 0.6931, 0.0405, 0.0346, 0.0661], [0.0652, 0.015, 0.0153, 0.7327, 0.0674, 0.0834, 0.021], [0.085, 0.0474, 0.0679, 0.6321, 0.0673, 0.0347, 0.0656], [0.0463, 0.0675, 0.0174, 0.6992, 0.0443, 0.0566, 0.0686], [0.019, 0.035, 0.0186, 0.8231, 0.0275, 0.0375, 0.0393], [0.031, 0.0707, 0.012, 0.6937, 0.0486, 0.0706, 0.0734], [0.0679, 0.0275, 0.0389, 0.7152, 0.0699, 0.0498, 0.0307], [0.0374, 0.023, 0.0214, 0.803, 0.0354, 0.0208, 0.059], [0.0589, 0.0736, 0.0585, 0.6345, 0.0556, 0.0501, 0.0687], [0.069, 0.0225, 0.0373, 0.7764, 0.0195, 0.0623, 0.0131], [0.069, 0.0744, 0.0477, 0.594, 0.0525, 0.0777, 0.0847], [0.0519, 0.0569, 0.0383, 0.7074, 0.048, 0.07, 0.0273], [0.0614, 0.0888, 0.0592, 0.6152, 0.0289, 0.0748, 0.0716], [0.0663, 0.0748, 0.0623, 0.6064, 0.0378, 0.0834, 0.069], [0.0692, 0.0473, 0.0555, 0.6595, 0.0474, 0.0265, 0.0946], [0.0364, 0.0727, 0.0356, 0.7252, 0.0593, 0.0208, 0.05], [0.0263, 0.0341, 0.0868, 0.6764, 0.0282, 0.0925, 0.0558], [0.0303, 0.066, 0.0479, 0.6986, 0.0544, 0.0286, 0.0741], [0.0295, 0.0674, 0.0774, 0.6974, 0.0415, 0.0596, 0.0273], [0.0523, 0.072, 0.0471, 0.6415, 0.035, 0.0716, 0.0806], [0.0613, 0.0244, 0.064, 0.7237, 0.0482, 0.056, 0.0225], [0.0289, 0.0177, 0.0512, 0.7599, 0.0488, 0.0793, 0.0143], [0.0251, 0.0303, 0.0576, 0.7039, 0.0701, 0.0742, 0.0388], [0.0336, 0.0615, 0.0415, 0.6853, 0.038, 0.058, 0.0821], [0.0359, 0.0387, 0.0351, 0.7045, 0.0366, 0.0672, 0.0819], [0.0718, 0.047, 0.081, 0.6438, 0.0259, 0.0816, 0.049], [0.0617, 0.0659, 0.0189, 0.7472, 0.0517, 0.0227, 0.0319], [0.0426, 0.0305, 0.0181, 0.7068, 0.0665, 0.0798, 0.0557], [0.0751, 0.0732, 0.0739, 0.6996, 0.0264, 0.0134, 0.0384], [0.0383, 0.0698, 0.017, 0.7202, 0.0576, 0.0699, 0.0272], [0.0356, 0.0752, 0.0677, 0.6724, 0.0432, 0.0652, 0.0407], [0.0627, 0.0685, 0.0151, 0.6939, 0.0539, 0.0707, 0.0352], [0.0853, 0.0315, 0.0311, 0.6713, 0.0489, 0.0651, 0.0668], [0.0286, 0.0485, 0.0133, 0.773, 0.0407, 0.0732, 0.0228], [0.0346, 0.0326, 0.0251, 0.6775, 0.0478, 0.0916, 0.0908], [0.0572, 0.086, 0.0336, 0.6659, 0.0395, 0.0208, 0.0971], [0.0384, 0.013, 0.0445, 0.7516, 0.0393, 0.0754, 0.0378], [0.081, 0.0627, 0.0215, 0.7318, 0.023, 0.0352, 0.0448], [0.0325, 0.0251, 0.0303, 0.8306, 0.0302, 0.0226, 0.0288], [0.0439, 0.0633, 0.0916, 0.6834, 0.0521, 0.0322, 0.0334], [0.0614, 0.0557, 0.0351, 0.7042, 0.0638, 0.0359, 0.0439], [0.038, 0.0183, 0.0323, 0.7674, 0.053, 0.059, 0.0321], [0.0226, 0.0413, 0.0683, 0.6669, 0.0677, 0.0684, 0.0649], [0.0561, 0.0584, 0.0422, 0.65, 0.0835, 0.0842, 0.0256], [0.0307, 0.0653, 0.0924, 0.6375, 0.0522, 0.0421, 0.0799], [0.0368, 0.0497, 0.033, 0.7384, 0.0471, 0.0369, 0.0581], [0.0248, 0.0536, 0.0258, 0.7494, 0.0728, 0.0321, 0.0415], [0.0269, 0.0151, 0.0397, 0.7009, 0.0504, 0.0754, 0.0915], [0.0809, 0.0586, 0.0762, 0.6488, 0.0329, 0.0821, 0.0204], [0.0509, 0.0546, 0.032, 0.6931, 0.0264, 0.0669, 0.076], [0.0473, 0.0154, 0.0583, 0.7236, 0.0448, 0.0581, 0.0524], [0.0499, 0.0398, 0.0389, 0.8011, 0.0322, 0.016, 0.0221], [0.0317, 0.0764, 0.0188, 0.6552, 0.0642, 0.0731, 0.0806], [0.0754, 0.0349, 0.0164, 0.7806, 0.0219, 0.0399, 0.031], [0.0854, 0.0287, 0.0373, 0.7083, 0.0277, 0.0792, 0.0334], [0.0196, 0.0635, 0.042, 0.7734, 0.0568, 0.0248, 0.0198], [0.0324, 0.0585, 0.0637, 0.6716, 0.0723, 0.0614, 0.0401], [0.0318, 0.0502, 0.0406, 0.7023, 0.054, 0.0597, 0.0613], [0.0714, 0.0124, 0.0404, 0.6974, 0.037, 0.0708, 0.0707], [0.0723, 0.0376, 0.045, 0.7037, 0.0379, 0.0603, 0.0432], [0.0981, 0.0341, 0.0213, 0.6546, 0.0889, 0.0865, 0.0166], [0.0307, 0.0366, 0.0182, 0.7404, 0.065, 0.0615, 0.0476], [0.0175, 0.019, 0.0834, 0.707, 0.0193, 0.1025, 0.0513], [0.0671, 0.0542, 0.0336, 0.7123, 0.0572, 0.0413, 0.0342], [0.0137, 0.0181, 0.0764, 0.7347, 0.0205, 0.0776, 0.059], [0.0209, 0.0181, 0.0507, 0.7657, 0.0644, 0.0336, 0.0467], [0.0313, 0.0672, 0.0537, 0.6934, 0.0492, 0.0587, 0.0465], [0.0228, 0.069, 0.0831, 0.6898, 0.0436, 0.0725, 0.0192], [0.0215, 0.0498, 0.082, 0.684, 0.0448, 0.0408, 0.0771], [0.0742, 0.0558, 0.061, 0.6462, 0.0684, 0.0296, 0.0648], [0.0848, 0.0321, 0.0893, 0.6295, 0.0387, 0.0634, 0.0622], [0.0115, 0.0428, 0.0513, 0.7338, 0.0559, 0.0592, 0.0455], [0.0941, 0.015, 0.0895, 0.6564, 0.0255, 0.0249, 0.0947], [0.0304, 0.0533, 0.0785, 0.702, 0.0883, 0.0345, 0.013], [0.0143, 0.0142, 0.0143, 0.733, 0.0865, 0.0546, 0.0831], [0.0676, 0.0553, 0.055, 0.7518, 0.0138, 0.0383, 0.0182], [0.0758, 0.0424, 0.0199, 0.7709, 0.0189, 0.0541, 0.0179]], "emotions": ["green", "green", "green", "green", "green", "green", "green", "green", "green", "green", "green", "green", "green", "green", "green", "green", "green", "green", "green", "green", "green", "green", "green", "green", "green", "green", "green", "green", "green", "green", "green", "green", "green", "green", "green", "green", "green", "green", "green", "green", "green", "green", "green", "green", "green", "green", "green", "green", "green", "green", "green", "green", "green", "green", "green", "green", "green", "green", "green", "green", "green", "green", "green", "green", "green", "green", "green", "green", "green", "green", "green", "green", "green", "green", "green", "green", "green", "green", "green", "green"], "timestamps": [0, 40, 80, 120, 160, 200, 240, 280, 320, 360, 400, 440, 480, 520, 560, 600, 640, 680, 720, 760, 800, 840, 880, 920, 960, 1000, 1040, 1080, 1120, 1160, 1200, 1240, 1280, 1320, 1360, 1400, 1440, 1480, 1520, 1560, 1600, 1640, 1680, 1720, 1760, 1800, 1840, 1880, 1920, 1960, 2000, 2040, 2080, 2120, 2160, 2200, 2240, 2280, 2320, 2360, 2400, 2440, 2480, 2520, 2560, 2600, 2640, 2680, 2720, 2760, 2800, 2840, 2880, 2920, 2960, 3000, 3040, 3080, 3120, 3160]}], "conversation": [], "conversation_timestamps": []}