{
  "agent_id": "agent-type-blue-53",
  "type": "blue",
  "trips": [
    {
      "trip_id": 0,
      "transport_method": "car",
      "start_time": 0,
      "path": [
        [
          1.5291141000000001,
          42.505923999999986
        ],
        [
          1.5288952615013203,
          42.505858546571744
        ],
        [
          1.5286764230026404,
          42.50579309314351
        ],
        [
          1.5284575845039605,
          42.50572763971527
        ],
        [
          1.5282387460052806,
          42.50566218628703
        ],
        [
          1.528254635240076,
          42.50549575199493
        ],
        [
          1.5281612776812805,
          42.50538279040373
        ],
        [
          1.5279616736022843,
          42.50531302726512
        ],
        [
          1.527752510057134,
          42.505310892548046
        ],
        [
          1.5276734892389874,
          42.505316716964785
        ],
        [
          1.527901288535108,
          42.505299926477605
        ],
        [
          1.5278943072651396,
          42.50519417385535
        ],
        [
          1.527665921883581,
          42.50519592077297
        ],
        [
          1.5274376680958133,
          42.50519334412696
        ],
        [
          1.5272141304143674,
          42.50518692619244
        ],
        [
          1.5270520408963724,
          42.505159817837075
        ],
        [
          1.5268255961253625,
          42.50512986444903
        ],
        [
          1.5265991513543526,
          42.505099911060995
        ],
        [
          1.5265712331780126,
          42.504948190474266
        ],
        [
          1.52635206555841,
          42.50488384768687
        ],
        [
          1.5263495020611932,
          42.50488309510053
        ],
        [
          1.5265686696807959,
          42.50494743788793
        ],
        [
          1.5265732685242976,
          42.50511528423657
        ],
        [
          1.5267622743997764,
          42.505166556222086
        ],
        [
          1.5269893305339461,
          42.505191455051545
        ],
        [
          1.5272100885073854,
          42.50520780937851
        ],
        [
          1.5274164279442668,
          42.5051922037609
        ],
        [
          1.5276446551871807,
          42.50519633561835
        ],
        [
          1.5278730377989027,
          42.50519394087795
        ],
        [
          1.5279225017320508,
          42.50529836290863
        ],
        [
          1.5276947024359302,
          42.50531515339581
        ],
        [
          1.5277312968601913,
          42.50531245611702
        ],
        [
          1.5279590961563119,
          42.50529566562984
        ],
        [
          1.5281405868198585,
          42.50537785758242
        ],
        [
          1.5282642963309445,
          42.5054768018552
        ],
        [
          1.528219882841191,
          42.505655436241284
        ],
        [
          1.5284372057571853,
          42.505721544540755
        ],
        [
          1.5286560442558652,
          42.505786997969
        ],
        [
          1.528874882754545,
          42.50585245139723
        ],
        [
          1.529093721253225,
          42.50591790482547
        ],
        [
          1.5289507179048565,
          42.50605134192709
        ],
        [
          1.52882770247337,
          42.50619192891587
        ],
        [
          1.5286492876090285,
          42.50633455631841
        ],
        [
          1.5286040183131937,
          42.50647306174447
        ],
        [
          1.5287909132109947,
          42.506604380962216
        ],
        [
          1.528974455436787,
          42.50673578587691
        ],
        [
          1.5287945134597307,
          42.506876481735645
        ],
        [
          1.5286157448680684,
          42.50701863863445
        ],
        [
          1.528439531423872,
          42.507163977073475
        ],
        [
          1.5282633179796752,
          42.507309315512494
        ],
        [
          1.5280603955702712,
          42.50732408077622
        ],
        [
          1.5278761519942017,
          42.507401669549445
        ],
        [
          1.5277107427236447,
          42.50755919482674
        ],
        [
          1.5277544222088957,
          42.5077371156021
        ],
        [
          1.527891261104448,
          42.50792000780105
        ],
        [
          1.5280281000000002,
          42.5081029
        ]
      ],
      "emotions": [
        "purple",
        "purple",
        "purple",
        "purple",
        "purple",
        "red",
        "red",
        "red",
        "red",
        "red",
        "purple",
        "purple",
        "purple",
        "purple",
        "purple",
        "red",
        "red",
        "red",
        "red",
        "red",
        "green",
        "green",
        "green",
        "green",
        "green",
        "purple",
        "purple",
        "purple",
        "purple",
        "purple",
        "red",
        "red",
        "red",
        "red",
        "red",
        "green",
        "green",
        "green",
        "green",
        "green",
        "red",
        "red",
        "red",
        "red",
        "red",
        "green",
        "green",
        "green",
        "green",
        "green",
        "purple",
        "purple",
        "purple",
        "purple",
        "purple",
        "green"
      ],
      "mood_vectors": [
        [
          0.14844721844761463,
          0.10704968293819378,
          0.16352622877646458,
          0.1649934818144642,
          0.15745728838430406,
          0.08835884549900505,
          0.17016725413995376
        ],
        [
          0.057318609381247734,
          0.14353532988651518,
          0.13413802092796803,
          0.14881972194153445,
          0.18233219965113315,
          0.13303366237236774,
          0.20082245583923375
        ],
        [
          0.2601757373730945,
          0.17402153248675273,
          0.08967842003817829,
          0.24541868089141067,
          0.0299963074124923,
          0.06589719992548076,
          0.13481212187259078
        ],
        [
          0.11387741606526404,
          0.21848139654166135,
          0.20442561049736224,
          0.22038522470673286,
          0.06261094693665843,
          0.02531272501730943,
          0.15490668023501164
        ],
        [
          0.11567290758968793,
          0.329422158949402,
          0.11563116486596707,
          0.2857265700697973,
          0.028925632321032048,
          0.11170113721803279,
          0.01292042898608092
        ],
        [
          0.022953913424986986,
          0.29102220365745296,
          0.17313190165226072,
          0.00046704381515168844,
          0.223688109961077,
          0.22439703562674762,
          0.06433979186232312
        ],
        [
          0.13441413155629306,
          0.1819184393140932,
          0.19041680092780805,
          0.07422581948646303,
          0.06258972600757885,
          0.16988591964018496,
          0.18654916306757885
        ],
        [
          0.15087860260164324,
          0.3386767238183773,
          0.07288636457790923,
          0.25148279180325533,
          0.028122075509070858,
          0.1333599346758991,
          0.024593507013845033
        ],
        [
          0.2677774353202657,
          0.14206101486024145,
          0.04458261175101792,
          0.2148246159884626,
          0.15194716721286322,
          0.03353117528574549,
          0.1452759795814036
        ],
        [
          0.23373271021035458,
          0.17787353784222512,
          0.007363889575890046,
          0.12282463186382084,
          0.13561328710542028,
          0.22089069500330832,
          0.10170124839898084
        ],
        [
          0.0475007117349197,
          0.19476801734678129,
          0.07997243060785932,
          0.24232279448392952,
          0.05228103313965994,
          0.2132845155380586,
          0.16987049714879154
        ],
        [
          0.2022884089551814,
          0.23342832483187825,
          0.021898391976317735,
          0.11055138608972595,
          0.12263129510144108,
          0.13275960337357304,
          0.17644258967188264
        ],
        [
          0.062437097590467235,
          0.07210682142404687,
          0.1457588784123513,
          0.3754209006797551,
          0.04480557663346009,
          0.2259445178308707,
          0.07352620742904863
        ],
        [
          0.17826895154508088,
          0.1285240981416826,
          0.18602029261540864,
          0.0800976404429763,
          0.1536321256156793,
          0.17382470566853403,
          0.09963218597063819
        ],
        [
          0.22229444670862794,
          0.07762791829485627,
          0.04775567807649194,
          0.0730321795536094,
          0.16916762553124856,
          0.2290592891238056,
          0.18106286271136035
        ],
        [
          0.17039423204580703,
          0.09126815544181612,
          0.15724437488742093,
          0.13664961197694608,
          0.19692350245296256,
          0.2187185997671917,
          0.02880152342785554
        ],
        [
          0.26721539039116277,
          0.07371877665147655,
          0.05526935793459528,
          0.07867221817556824,
          0.4617630852891834,
          0.0033408811176519853,
          0.060020290440361765
        ],
        [
          0.008670227795005647,
          0.36636039897564715,
          0.01949792538424494,
          0.1764031535973794,
          0.08674223052892413,
          0.30871792354161565,
          0.03360814017718309
        ],
        [
          0.20183022068045509,
          0.16848577475052717,
          0.17726549421135532,
          0.0019162814499489168,
          0.2053449374692448,
          0.203558522522303,
          0.04159876891616565
        ],
        [
          0.02948514365634523,
          0.07478848349308545,
          0.14926604840439484,
          0.17575795834098606,
          0.21137052757961355,
          0.21180600596807445,
          0.14752583255750046
        ],
        [
          0.012365918597315886,
          0.3974350734831854,
          0.16707673714217178,
          0.08033448105044036,
          0.08033391507172954,
          0.20285065478088704,
          0.05960321987426997
        ],
        [
          0.15625476785604137,
          0.14446437516285718,
          0.010835287785147111,
          0.059560329120532204,
          0.28743393953666224,
          0.19583649695524574,
          0.14561480358351425
        ],
        [
          0.21490914781225315,
          0.12672550074947106,
          0.0052778872318935115,
          0.06347293523658945,
          0.1848817928167639,
          0.02075082172608091,
          0.383981914426948
        ],
        [
          0.1122037026375288,
          0.15566687934829632,
          0.087068698420944,
          0.15550083320338165,
          0.14334355579978417,
          0.13551136535991168,
          0.2107049652301535
        ],
        [
          0.06787523332527833,
          0.010166431815784811,
          0.33980035331119685,
          0.00857719857338222,
          0.130015645440459,
          0.1515706158938995,
          0.29199452163999934
        ],
        [
          0.15426132305177948,
          0.21368557734082155,
          0.10579533047224883,
          0.06793447976940344,
          0.21063443096400955,
          0.21006226888978446,
          0.037626589511952774
        ],
        [
          0.21587416656486855,
          0.1369991592568951,
          0.0756311673739148,
          0.2116156782361766,
          0.001558506659735387,
          0.23262203212203955,
          0.12569928978636993
        ],
        [
          0.034649560249073445,
          0.2780982572337315,
          0.054266790293587,
          0.002040389799885627,
          0.16179919243999952,
          0.1400805236297467,
          0.3290652863539762
        ],
        [
          0.12578952386725217,
          0.34895852248161685,
          0.0020327574988065135,
          0.18287578396753779,
          0.2155975562197904,
          0.018035723777246705,
          0.10671013218774952
        ],
        [
          0.17586153729430543,
          0.053199981649869846,
          0.11199905884306996,
          0.16735184462519165,
          0.15076464724420124,
          0.23863423613202625,
          0.10218869421133571
        ],
        [
          0.3259928227603434,
          0.05869106237868706,
          0.06417745314803644,
          0.023197934073153407,
          0.037888055146295216,
          0.29970000486967696,
          0.19035266762380743
        ],
        [
          0.020072908943153313,
          0.10390768764683696,
          0.26556848557145074,
          0.1905757514322839,
          0.09016365058722663,
          0.04090017955022028,
          0.28881133626882816
        ],
        [
          0.10142421051970633,
          0.20597511802910992,
          0.19726745066358822,
          0.08076357335117637,
          0.2688800004835366,
          0.056543590496762317,
          0.08914605645612027
        ],
        [
          0.20933738636945812,
          0.05812579802503758,
          0.11014201808404897,
          0.16301458423969434,
          0.1240131057801204,
          0.13609840040372095,
          0.19926870709791966
        ],
        [
          0.06759849664487905,
          0.08171266932293202,
          0.17948036687891739,
          0.06610235957842751,
          0.16422129843844332,
          0.24475902984168438,
          0.1961257792947164
        ],
        [
          0.15065882904425196,
          0.15090193327520482,
          0.21484724883634299,
          0.1344268552162849,
          0.041354871868859486,
          0.18694248739618505,
          0.12086777436287088
        ],
        [
          0.040763983146214496,
          0.11196747878481628,
          0.2497510263383923,
          0.0671801783433571,
          0.0997199803463682,
          0.24010609666787872,
          0.19051125637297286
        ],
        [
          0.3392696567977409,
          0.06081822051108309,
          0.10575945232646984,
          0.030952081598507885,
          0.05326448800849695,
          0.32609568522683585,
          0.08384041553086549
        ],
        [
          0.19052945292516554,
          0.1819877639251478,
          0.1432884810423246,
          0.2281857281850219,
          0.17639299014567297,
          0.003785962777017145,
          0.07582962099965011
        ],
        [
          0.06964209143634077,
          0.21177178260405669,
          0.1703889291909694,
          0.18231196862301863,
          0.04387592584006802,
          0.10518271508746747,
          0.216826587218079
        ],
        [
          0.06105438523021652,
          0.00557028806443875,
          0.28347653623650704,
          0.21222489609091333,
          0.31936387220302115,
          0.0580816931897345,
          0.06022832898516863
        ],
        [
          0.16854320701713513,
          0.005805153849371302,
          0.11177224399858557,
          0.16541659369309916,
          0.11511098716175105,
          0.16419008957522394,
          0.26916172470483385
        ],
        [
          0.14059172685530355,
          0.09597867177622257,
          0.011738973804006939,
          0.073877823982492,
          0.16736311662281703,
          0.26324471671484684,
          0.247204970244311
        ],
        [
          0.16754114823603447,
          0.19498943784859613,
          0.06166730208792618,
          0.21502521747645162,
          0.29751842361808706,
          0.045316153889977014,
          0.017942316842927516
        ],
        [
          0.10039589157428319,
          0.2409005029515363,
          0.025977787160531184,
          0.16134410589271847,
          0.15712771114636012,
          0.17310797285390217,
          0.1411460284206685
        ],
        [
          0.04037256151963862,
          0.08908866603630032,
          0.2603879094818951,
          0.04059141812915336,
          0.14533404933060545,
          0.2924964644701408,
          0.13172893103226638
        ],
        [
          0.3719151583688989,
          0.06506782201301041,
          0.05178962804570392,
          0.10083707752044477,
          0.26816594147557615,
          0.12478527081828682,
          0.017439101758079025
        ],
        [
          0.023519193589033708,
          0.24941303945961646,
          0.21768373433136148,
          0.0674287299381014,
          0.06267886057650757,
          0.32690291552866185,
          0.052373526576717504
        ],
        [
          0.11561015818789351,
          0.1582256786797507,
          0.07196735664971675,
          0.11676153133676273,
          0.22230914807906274,
          0.24642680318425741,
          0.06869932388255615
        ],
        [
          0.11513198789305847,
          0.15181539715031997,
          0.19968147937206415,
          0.16285500922577034,
          0.19944320757398024,
          0.10507815139135118,
          0.0659947673934556
        ],
        [
          0.025999208588332635,
          0.16985822151671057,
          0.10657932430620169,
          0.3246829864984212,
          0.2383483644993904,
          0.13287881666784954,
          0.00165307792309391
        ],
        [
          0.02413433044309015,
          0.2576084381927992,
          0.03469035092014441,
          0.06346921738403219,
          0.2607041504651625,
          0.22576798434262066,
          0.1336255282521509
        ],
        [
          0.05929142006685635,
          0.12245589233787495,
          0.2581125407143692,
          0.044834186005340185,
          0.15564051821718644,
          0.2051256341189898,
          0.15453980853938307
        ],
        [
          0.1984074941059325,
          0.12874418130796333,
          0.17788779581394348,
          0.175486754235775,
          0.19137882742492998,
          0.10098785537223426,
          0.02710709173922132
        ],
        [
          0.04673501426892945,
          0.042690059996280054,
          0.2739339397411419,
          0.24773917892430727,
          0.0795030397466768,
          0.16048480756378972,
          0.1489139597588748
        ],
        [
          0.05023664749170586,
          0.10384362257560925,
          0.12070591702089296,
          0.0678868794113575,
          0.024541416986608472,
          0.346101447310752,
          0.2866840692030739
        ]
      ],
      "timestamps": [
        0,
        1,
        2,
        3,
        4,
        5,
        6,
        7,
        8,
        9,
        10,
        11,
        12,
        13,
        14,
        15,
        16,
        17,
        18,
        19,
        20,
        21,
        22,
        23,
        24,
        25,
        26,
        27,
        28,
        29,
        30,
        31,
        32,
        33,
        34,
        35,
        36,
        37,
        38,
        39,
        40,
        41,
        42,
        43,
        44,
        45,
        46,
        47,
        48,
        49,
        50,
        51,
        52,
        53,
        54,
        55
      ],
      "distance": 358.6
    },
    {
      "trip_id": 1,
      "transport_method": "foot",
      "start_time": 56,
      "path": [
        [
          1.5285067999999997,
          42.5076338
        ],
        [
          1.5282774722888706,
          42.50729764123183
        ],
        [
          1.5285845586367925,
          42.50691441506295
        ],
        [
          1.528083929644216,
          42.50655831976343
        ],
        [
          1.5276046727629184,
          42.5064033856092
        ],
        [
          1.5274402253151018,
          42.50614932969231
        ],
        [
          1.527269154479819,
          42.505924924945745
        ],
        [
          1.5266873763975062,
          42.50576692802575
        ],
        [
          1.5261372134598974,
          42.50549221778699
        ],
        [
          1.526438868210145,
          42.5052649627098
        ],
        [
          1.5270464533202153,
          42.50535975357024
        ],
        [
          1.5275324167584745,
          42.50557341255809
        ],
        [
          1.527719935805206,
          42.505679149700626
        ],
        [
          1.5275377801564225,
          42.50545618100903
        ],
        [
          1.5281277878034778,
          42.50562948983633
        ],
        [
          1.5280807247489354,
          42.50536358611768
        ],
        [
          1.5276859491288208,
          42.50531579857906
        ],
        [
          1.5282501157610564,
          42.505404101508745
        ],
        [
          1.5279606785664792,
          42.50558040317442
        ],
        [
          1.5274478189933474,
          42.505405483043184
        ],
        [
          1.526915367112794,
          42.505339302485794
        ],
        [
          1.5263077820027238,
          42.50524451162536
        ],
        [
          1.5265541231854862,
          42.50522792525798
        ],
        [
          1.5271627803965244,
          42.50531556869843
        ],
        [
          1.5269809623924373,
          42.505289387861126
        ],
        [
          1.526372305181399,
          42.50520174442068
        ],
        [
          1.5264892797489469,
          42.50527282753904
        ],
        [
          1.527096864859017,
          42.50536761839948
        ],
        [
          1.5276954694091553,
          42.505502500645065
        ],
        [
          1.5282502390341364,
          42.50559482193173
        ],
        [
          1.5279626581265613,
          42.50529431319392
        ],
        [
          1.527445308237269,
          42.5051937543198
        ],
        [
          1.5272663116821494,
          42.50491652339449
        ],
        [
          1.5275475946151387,
          42.50517627213191
        ],
        [
          1.5275831000000002,
          42.5047708
        ]
      ],
      "emotions": [
        "green",
        "green",
        "green",
        "green",
        "red",
        "red",
        "red",
        "red",
        "red",
        "red",
        "red",
        "red",
        "red",
        "red",
        "purple",
        "purple",
        "purple",
        "purple",
        "purple",
        "green",
        "green",
        "green",
        "green",
        "green",
        "red",
        "red",
        "red",
        "red",
        "red",
        "purple",
        "purple",
        "purple",
        "purple",
        "purple",
        "red"
      ],
      "mood_vectors": [
        [
          0.05504776328032644,
          0.2249028739288415,
          0.20982496086675517,
          0.17511330406990355,
          0.1460181341131003,
          0.10038484494368669,
          0.08870811879738633
        ],
        [
          0.18999402621362232,
          0.15532305325445464,
          0.17868435244028313,
          0.29836444514350186,
          0.06611968252083766,
          0.02089179764106866,
          0.09062264278623168
        ],
        [
          0.1426869290471238,
          0.06001078331631929,
          0.19214693278609557,
          0.22286392385161502,
          0.024311359312903756,
          0.21107256352343307,
          0.14690750816250958
        ],
        [
          0.2881813707440237,
          0.15779359021353037,
          0.1950979755892608,
          0.031994137071259726,
          0.27895683160521184,
          0.024472013108174533,
          0.02350408166853898
        ],
        [
          0.18878891007658424,
          0.17099267463243437,
          0.14029498341255844,
          0.18761800561605516,
          0.04122843828619822,
          0.18846140733520497,
          0.08261558064096453
        ],
        [
          0.06640564982284569,
          0.0688280639023867,
          0.07165132418456206,
          0.20480899962580107,
          0.20868536818316502,
          0.14723216095522124,
          0.23238843332601825
        ],
        [
          0.05959242553629012,
          0.12137787155874509,
          0.3773311590969023,
          0.03449427800041603,
          0.05360586696964491,
          0.274874413062078,
          0.07872398577592354
        ],
        [
          0.19779017227584644,
          0.190361569120853,
          0.052705706425682314,
          0.3322076492714734,
          0.160055346163193,
          0.025216106451205592,
          0.041663450291746285
        ],
        [
          0.2247985609181634,
          0.1590773838052187,
          0.05464117544848573,
          0.06585200692061449,
          0.20117620351006596,
          0.13586146711044825,
          0.15859320228700344
        ],
        [
          0.12266361300058133,
          0.0915953740859787,
          0.08569304763639268,
          0.1946613186211311,
          0.142674250172722,
          0.17952141684413075,
          0.18319097963906344
        ],
        [
          0.14149633609196433,
          0.14032197718405337,
          0.20095808730382392,
          0.01526714716962262,
          0.187068940081422,
          0.15253129059985904,
          0.16235622156925475
        ],
        [
          0.10964097529249843,
          0.35857290628546623,
          0.10166043011131144,
          0.020892275563046705,
          0.05084984329146113,
          0.10075073722046463,
          0.25763283223575134
        ],
        [
          0.19199574964059588,
          0.054966712454726306,
          0.16876435673716583,
          0.2756758659989406,
          0.12550969783305368,
          0.1423976617172448,
          0.04068995561827294
        ],
        [
          0.11297338179101113,
          0.05144551859817511,
          0.16397971424738983,
          0.2272364629767564,
          0.16690420312332974,
          0.11976344424979334,
          0.15769727501354444
        ],
        [
          0.07673649098581639,
          0.024600147019979954,
          0.2459166754431092,
          0.29714757361221267,
          0.25313493931129133,
          0.07876199494239601,
          0.02370217868519452
        ],
        [
          0.059850974015687314,
          0.0902642290644946,
          0.10393292602281434,
          0.09890935256250905,
          0.2307923097201329,
          0.20626609557518583,
          0.20998411303917594
        ],
        [
          0.30536931350049734,
          0.00444676656375794,
          0.05377232233308785,
          0.0038375501602103076,
          0.21975697993611676,
          0.07037345743231344,
          0.3424436100740163
        ],
        [
          0.2863305944191026,
          0.18682273418977655,
          0.15253294654901967,
          0.12437193766051287,
          0.02226639343349043,
          0.12863866870053448,
          0.0990367250475635
        ],
        [
          0.13826065376800536,
          0.13075047603315143,
          0.1892537416536681,
          0.18951944831033649,
          0.07368286158367178,
          0.08197940736090271,
          0.19655341129026413
        ],
        [
          0.22722974650513128,
          0.18422716352704338,
          0.14852480245690422,
          0.08143210474244708,
          0.11999386962644243,
          0.1455392560194126,
          0.09305305712261902
        ],
        [
          0.12515926550975548,
          0.031072634873187715,
          0.18548937359341425,
          0.20458707858778888,
          0.10203973070415102,
          0.2292539988444902,
          0.12239791788721242
        ],
        [
          0.05785504463093097,
          0.1034080410057162,
          0.21430108972134737,
          0.0925304484024265,
          0.21010380779204,
          0.23807441690050915,
          0.08372715154702984
        ],
        [
          0.1466496482983898,
          0.0578494350725042,
          0.12057197891331978,
          0.2747683061351096,
          0.15256303984552677,
          0.2408581126835446,
          0.006739479051605294
        ],
        [
          0.1606947132751678,
          0.08709997860174089,
          0.007537856982284602,
          0.26260925295189,
          0.06884213993039993,
          0.15150746168130685,
          0.2617085965772099
        ],
        [
          0.2034687297948689,
          0.1954591020924704,
          0.12423779797042822,
          0.17822276136871268,
          0.020734921715940987,
          0.107816405806327,
          0.17006028125125175
        ],
        [
          0.24815032305526497,
          0.06723811653991633,
          0.18257693980609824,
          0.08500928502243345,
          0.1784747917988574,
          0.1427755075765197,
          0.09577503620090996
        ],
        [
          0.07356415262635109,
          0.05766094012587762,
          0.2160470603948058,
          0.15480106545511282,
          0.17847897085605155,
          0.13468898309465452,
          0.18475882744714653
        ],
        [
          0.04547595324369691,
          0.1000419757644816,
          0.17498180869041738,
          0.2544634165260281,
          0.07873656504081168,
          0.10827041839396882,
          0.23802986234059548
        ],
        [
          0.21503744067135588,
          0.11953608349387378,
          0.10332812322995583,
          0.1952466109915449,
          0.11765777086418162,
          0.1616989122126237,
          0.08749505853646428
        ],
        [
          0.15387645442782835,
          0.04885796282956142,
          0.18392226155019656,
          0.09942285246334807,
          0.15386081427202206,
          0.2238456407992881,
          0.13621401365775554
        ],
        [
          0.25097967671237364,
          0.15764221014616459,
          0.06349409573509242,
          0.17085250723986606,
          0.09835595600427288,
          0.010369563056419815,
          0.24830599110581061
        ],
        [
          0.2084273564269814,
          0.16571879240516782,
          0.15137196389090085,
          0.10536682214129935,
          0.0764844909806379,
          0.1015036186843606,
          0.19112695547065203
        ],
        [
          0.02058770959379235,
          0.10797938041980652,
          0.08789343103649773,
          0.1557901514092024,
          0.0033377761204453904,
          0.2971950269067718,
          0.3272165245134838
        ],
        [
          0.12280428081523027,
          0.014047497232293623,
          0.057608457890120895,
          0.20593118823186693,
          0.08074943808710983,
          0.2683152142073212,
          0.2505439235360572
        ],
        [
          0.15593508954765897,
          0.16779207181798989,
          0.01207853884625534,
          0.12212734273246366,
          0.20709131455179777,
          0.1722396124382109,
          0.1627360300656235
        ]
      ],
      "timestamps": [
        56,
        57,
        58,
        59,
        60,
        61,
        62,
        63,
        64,
        65,
        66,
        67,
        68,
        69,
        70,
        71,
        72,
        73,
        74,
        75,
        76,
        77,
        78,
        79,
        80,
        81,
        82,
        83,
        84,
        85,
        86,
        87,
        88,
        89,
        90
      ],
      "distance": 517.3
    },
    {
      "trip_id": 2,
      "transport_method": "car",
      "start_time": 91,
      "path": [
        [
          1.5272706,
          42.5048943
        ],
        [
          1.5272628524008889,
          42.504934450463985
        ],
        [
          1.5272551048017777,
          42.50497460092797
        ],
        [
          1.5272473572026666,
          42.505014751391954
        ],
        [
          1.5272396096035554,
          42.50505490185594
        ],
        [
          1.5272318620044443,
          42.50509505231993
        ],
        [
          1.5272241144053331,
          42.50513520278392
        ],
        [
          1.527216366806222,
          42.50517535324791
        ],
        [
          1.5272086000000002,
          42.5052155
        ]
      ],
      "emotions": [
        "red",
        "red",
        "red",
        "red",
        "green",
        "green",
        "green",
        "green",
        "green"
      ],
      "mood_vectors": [
        [
          0.012340471544524298,
          0.2305567692309753,
          0.07672361776174205,
          0.19511365419622417,
          0.2205783119605097,
          0.2301266408523548,
          0.03456053445366968
        ],
        [
          0.027676738536182598,
          0.30900354685611436,
          0.19273146049317905,
          0.057512377232807485,
          0.008455841888813126,
          0.32681354890497316,
          0.07780648608793019
        ],
        [
          0.20195267247335547,
          0.16293508221614275,
          0.1310280010138578,
          0.199176241598451,
          0.05366468303984323,
          0.13625031577021346,
          0.11499300388813632
        ],
        [
          0.21920397700375321,
          0.06114071190925968,
          0.044705464519860495,
          0.2536817222248478,
          0.1119368518448237,
          0.2566228890335465,
          0.05270838346390859
        ],
        [
          0.13295528850140406,
          0.04341056991800597,
          0.23541603536886627,
          0.07021353952532278,
          0.13968287273626825,
          0.1798972497708077,
          0.19842444417932498
        ],
        [
          0.2945157979643207,
          0.1142707558178907,
          0.24811287104733704,
          0.03948437120910645,
          0.08510501187241995,
          0.07691559252621247,
          0.14159559956271262
        ],
        [
          0.06525177591106769,
          0.1184384181647416,
          0.22829110403773567,
          0.11791221487320813,
          0.15512568852238304,
          0.05939249818209823,
          0.2555883003087656
        ],
        [
          0.126248089229772,
          0.25864193257586937,
          0.27597642541947426,
          0.120851737873133,
          0.1671874729682439,
          0.027961047027651807,
          0.023133294905855615
        ],
        [
          0.257074857117724,
          0.1801319298985874,
          0.11591611524823162,
          0.17059008457437896,
          0.15574212607190605,
          0.10595749631469416,
          0.014587390774477795
        ]
      ],
      "timestamps": [
        91,
        92,
        93,
        94,
        95,
        96,
        97,
        98,
        99
      ],
      "distance": 699.3
    }
  ],
  "conversation": [
    "How is this just a neighborhood and not a whole city?",
    "So many dogs around here!",
    "How did I end up walking 10k steps already?"
  ],
  "conversation_timestamps": [
    40,
    41,
    92
  ]
}
