{"agent_id": "agent-purple-1659", "type": "purple", "trips": [{"trip_id": 0, "transport_method": "foot", "start_time": 0, "path": [[1.5164469, 42.5366199], [1.5154117, 42.5373068], [1.5143826, 42.5379366], [1.5137137, 42.5380304], [1.5147984, 42.5374248], [1.5158832, 42.5368191], [1.5165966, 42.5363475], [1.5176585, 42.5368694], [1.518849, 42.537023], [1.5196848, 42.5365013], [1.5200997, 42.5366202], [1.5204901, 42.5357373], [1.5196706, 42.5353993], [1.519648, 42.5364132], [1.5203314, 42.5366812], [1.521172, 42.5358285], [1.5205008, 42.5350233], [1.5196182, 42.5341492], [1.519728, 42.5329891], [1.5195808, 42.5317769], [1.5198235, 42.5307077], [1.5195712, 42.531809], [1.5197169, 42.5305752], [1.5203058, 42.5297435], [1.5206238, 42.5285957], [1.5199901, 42.5275411], [1.5204396, 42.5264556], [1.5206146, 42.5252414], [1.5209618, 42.5240783], [1.5217102, 42.5230916], [1.5222839, 42.5220153], [1.5232525, 42.52125], [1.5236988, 42.5200953], [1.523699, 42.5203361], [1.523498, 42.5207266], [1.5239571, 42.5195722], [1.5245763, 42.5185513], [1.5255563, 42.5178347], [1.5265157, 42.5171072], [1.5275937, 42.5165554], [1.5287001, 42.5160252], [1.5294883, 42.5150723], [1.5303825, 42.514241], [1.5304436, 42.5130614], [1.5309422, 42.511998], [1.5299047, 42.5114054], [1.5295744, 42.5104611], [1.5287294, 42.5095687], [1.5291213, 42.5099253], [1.5287818, 42.5096265], [1.527863, 42.5087923], [1.5266822, 42.5085106], [1.5255637, 42.5081177], [1.5243656, 42.5077946], [1.523147, 42.5077913], [1.5219489, 42.5077022], [1.5207865, 42.5074988], [1.5196007, 42.5073097], [1.5185856, 42.5066896], [1.5180675, 42.5062315], [1.5169402, 42.505865], [1.515806, 42.505364], [1.5149021, 42.50463], [1.5144005, 42.5040882], [1.5135292, 42.5032143], [1.5126255, 42.5023811], [1.511606, 42.5016767], [1.510495, 42.5011359], [1.5093862, 42.5006014], [1.5082658, 42.5000649], [1.5071671, 42.4994988], [1.5060459, 42.4989639], [1.5049316, 42.4984166], [1.5038024, 42.4978997], [1.5026732, 42.4973832], [1.5015837, 42.4967986], [1.5003726, 42.4968545], [1.5005813, 42.4967867], [1.499367, 42.4967041], [1.4990738, 42.4968466]], "mood_vectors": [[0.0429, 0.0787, 0.0474, 0.0452, 0.068, 0.6433, 0.0744], [0.0542, 0.0605, 0.0567, 0.0714, 0.0598, 0.6572, 0.0401], [0.0418, 0.0739, 0.0608, 0.0834, 0.0234, 0.6473, 0.0695], [0.0188, 0.0532, 0.0417, 0.0707, 0.0733, 0.6731, 0.0692], [0.0553, 0.0443, 0.0393, 0.0312, 0.0528, 0.7255, 0.0517], [0.0761, 0.0415, 0.0744, 0.0266, 0.0821, 0.6712, 0.0281], [0.0424, 0.0522, 0.0676, 0.0622, 0.0871, 0.6224, 0.066], [0.033, 0.0461, 0.0438, 0.0542, 0.032, 0.718, 0.0729], [0.043, 0.0328, 0.0522, 0.0714, 0.0804, 0.6637, 0.0564], [0.0752, 0.0321, 0.048, 0.0368, 0.0553, 0.7187, 0.0339], [0.04, 0.0773, 0.0526, 0.0414, 0.0644, 0.6651, 0.0591], [0.0899, 0.029, 0.0417, 0.0272, 0.0397, 0.6824, 0.0901], [0.0507, 0.0879, 0.0944, 0.0262, 0.0508, 0.659, 0.031], [0.0604, 0.0771, 0.0622, 0.0519, 0.0705, 0.6444, 0.0334], [0.0631, 0.021, 0.0712, 0.0537, 0.0508, 0.6829, 0.0574], [0.0352, 0.0714, 0.0388, 0.0443, 0.0403, 0.6925, 0.0775], [0.0375, 0.0669, 0.0321, 0.0488, 0.0237, 0.7422, 0.0488], [0.0465, 0.0492, 0.0702, 0.0535, 0.0666, 0.6542, 0.0597], [0.0213, 0.0799, 0.0742, 0.0528, 0.0815, 0.6174, 0.0729], [0.029, 0.042, 0.0147, 0.0745, 0.0198, 0.7403, 0.0797], [0.0892, 0.0342, 0.0617, 0.0657, 0.0471, 0.6752, 0.0269], [0.07, 0.0678, 0.0235, 0.0312, 0.0778, 0.6639, 0.0658], [0.0386, 0.0258, 0.0675, 0.0375, 0.016, 0.7805, 0.034], [0.0336, 0.0273, 0.0877, 0.0722, 0.0873, 0.6694, 0.0225], [0.0511, 0.0401, 0.0444, 0.0702, 0.086, 0.6116, 0.0966], [0.0451, 0.047, 0.0254, 0.0841, 0.0767, 0.6357, 0.0859], [0.0753, 0.0594, 0.0719, 0.0478, 0.0588, 0.6522, 0.0345], [0.0422, 0.0129, 0.031, 0.0231, 0.0665, 0.7402, 0.0842], [0.0235, 0.0942, 0.0628, 0.0507, 0.0576, 0.6375, 0.0738], [0.0476, 0.0137, 0.0788, 0.0667, 0.016, 0.7294, 0.0477], [0.0205, 0.0465, 0.0652, 0.0204, 0.0324, 0.7563, 0.0587], [0.0661, 0.0403, 0.0295, 0.0466, 0.0763, 0.7207, 0.0205], [0.0133, 0.076, 0.0484, 0.0664, 0.0744, 0.6683, 0.0531], [0.0652, 0.0675, 0.0503, 0.0586, 0.0549, 0.692, 0.0114], [0.0255, 0.0297, 0.0212, 0.0798, 0.0568, 0.7356, 0.0514], [0.0338, 0.0728, 0.0532, 0.0528, 0.035, 0.736, 0.0163], [0.0771, 0.0333, 0.0537, 0.0465, 0.0835, 0.6832, 0.0227], [0.0367, 0.077, 0.019, 0.0397, 0.0337, 0.7011, 0.0929], [0.0558, 0.0323, 0.0811, 0.062, 0.0483, 0.6956, 0.0249], [0.0552, 0.0518, 0.0558, 0.0321, 0.0733, 0.6867, 0.0451], [0.0141, 0.0499, 0.0636, 0.0598, 0.0356, 0.7514, 0.0256], [0.0387, 0.0902, 0.0261, 0.078, 0.0275, 0.6524, 0.0871], [0.0394, 0.043, 0.0369, 0.0879, 0.0752, 0.674, 0.0437], [0.07, 0.0658, 0.0644, 0.0649, 0.0568, 0.6333, 0.0448], [0.0353, 0.0514, 0.0703, 0.0838, 0.0882, 0.5878, 0.0832], [0.0156, 0.0519, 0.0393, 0.0216, 0.0663, 0.7762, 0.0291], [0.0197, 0.047, 0.0476, 0.0347, 0.0156, 0.8004, 0.035], [0.0173, 0.025, 0.0309, 0.0193, 0.0703, 0.8023, 0.0348], [0.0383, 0.079, 0.0162, 0.0882, 0.027, 0.7015, 0.0497], [0.0691, 0.0715, 0.0221, 0.0274, 0.0727, 0.6938, 0.0434], [0.0531, 0.0428, 0.0135, 0.0808, 0.0819, 0.6849, 0.043], [0.0314, 0.0843, 0.0554, 0.0403, 0.0233, 0.7312, 0.034], [0.0421, 0.0362, 0.0647, 0.0755, 0.068, 0.6858, 0.0278], [0.0808, 0.0318, 0.0158, 0.0666, 0.0527, 0.7179, 0.0345], [0.0235, 0.0649, 0.0618, 0.0396, 0.046, 0.6986, 0.0656], [0.0549, 0.0247, 0.045, 0.0507, 0.0631, 0.7283, 0.0333], [0.0705, 0.0181, 0.075, 0.0358, 0.0735, 0.7109, 0.0163], [0.0232, 0.0452, 0.0574, 0.0693, 0.0704, 0.6767, 0.0578], [0.0714, 0.0194, 0.0687, 0.0292, 0.0484, 0.7158, 0.0472], [0.0715, 0.0253, 0.0634, 0.025, 0.0615, 0.6771, 0.0762], [0.0599, 0.0553, 0.026, 0.0349, 0.0709, 0.6637, 0.0892], [0.0143, 0.0145, 0.0299, 0.0404, 0.0461, 0.7898, 0.065], [0.0343, 0.0188, 0.0823, 0.0681, 0.0629, 0.6708, 0.0629], [0.0765, 0.0231, 0.0483, 0.0875, 0.0569, 0.6186, 0.089], [0.05, 0.0133, 0.0831, 0.0712, 0.034, 0.6855, 0.063], [0.0624, 0.0455, 0.0291, 0.0342, 0.0288, 0.7701, 0.0299], [0.0267, 0.0266, 0.0692, 0.0302, 0.0513, 0.7542, 0.0418], [0.0648, 0.0586, 0.0149, 0.0259, 0.091, 0.7287, 0.0161], [0.0621, 0.0516, 0.0743, 0.0946, 0.043, 0.6602, 0.0142], [0.063, 0.0574, 0.0486, 0.0433, 0.0622, 0.7078, 0.0178], [0.0353, 0.0661, 0.0692, 0.0709, 0.0164, 0.6764, 0.0657], [0.0227, 0.0761, 0.059, 0.0499, 0.0683, 0.6786, 0.0454], [0.0591, 0.032, 0.0277, 0.0661, 0.0525, 0.6858, 0.0768], [0.0208, 0.032, 0.0543, 0.0635, 0.0773, 0.6824, 0.0697], [0.0163, 0.085, 0.0301, 0.0807, 0.0738, 0.6616, 0.0525], [0.0731, 0.0168, 0.0332, 0.0523, 0.0291, 0.7426, 0.0528], [0.0641, 0.0794, 0.0812, 0.0756, 0.0309, 0.6113, 0.0575], [0.0155, 0.0554, 0.0401, 0.0433, 0.0259, 0.7549, 0.065], [0.0791, 0.0425, 0.0459, 0.0582, 0.0133, 0.7016, 0.0594], [0.0569, 0.0368, 0.0757, 0.0423, 0.0568, 0.7134, 0.0181]], "emotions": ["purple", "purple", "purple", "purple", "purple", "purple", "purple", "purple", "purple", "purple", "purple", "purple", "purple", "purple", "purple", "purple", "purple", "purple", "purple", "purple", "purple", "purple", "purple", "purple", "purple", "purple", "purple", "purple", "purple", "purple", "purple", "purple", "purple", "purple", "purple", "purple", "purple", "purple", "purple", "purple", "purple", "purple", "purple", "purple", "purple", "purple", "purple", "purple", "purple", "purple", "purple", "purple", "purple", "purple", "purple", "purple", "purple", "purple", "purple", "purple", "purple", "purple", "purple", "purple", "purple", "purple", "purple", "purple", "purple", "purple", "purple", "purple", "purple", "purple", "purple", "purple", "purple", "purple", "purple", "purple"], "timestamps": [0, 40, 80, 120, 160, 200, 240, 280, 320, 360, 400, 440, 480, 520, 560, 600, 640, 680, 720, 760, 800, 840, 880, 920, 960, 1000, 1040, 1080, 1120, 1160, 1200, 1240, 1280, 1320, 1360, 1400, 1440, 1480, 1520, 1560, 1600, 1640, 1680, 1720, 1760, 1800, 1840, 1880, 1920, 1960, 2000, 2040, 2080, 2120, 2160, 2200, 2240, 2280, 2320, 2360, 2400, 2440, 2480, 2520, 2560, 2600, 2640, 2680, 2720, 2760, 2800, 2840, 2880, 2920, 2960, 3000, 3040, 3080, 3120, 3160]}], "conversation": [], "conversation_timestamps": []}