{"agent_id": "agent-blue-595", "type": "blue", "trips": [{"trip_id": 0, "transport_method": "car", "start_time": 0, "path": [[1.6969174, 42.5495428], [1.693572, 42.5527403], [1.6899995, 42.5560683], [1.6869965, 42.5573414], [1.6847395, 42.5547686], [1.6812023, 42.5533347], [1.6854363, 42.5550596], [1.6817402, 42.5535843], [1.679724, 42.5510617], [1.6814192, 42.5499569], [1.6842912, 42.5469133], [1.6837908, 42.5444715], [1.6815429, 42.5412754], [1.6772153, 42.5390244], [1.674384, 42.5391355], [1.6697771, 42.5393668], [1.6649314, 42.539331], [1.6623975, 42.5381585], [1.6584476, 42.5406008], [1.6538208, 42.542077], [1.6494625, 42.5422812], [1.6447406, 42.5412174], [1.6399271, 42.5402636], [1.6363718, 42.5395842], [1.6409435, 42.5408805], [1.6453031, 42.5420123], [1.6430581, 42.5408824], [1.6382451, 42.5399263], [1.6342245, 42.5390721], [1.6293886, 42.5388126], [1.6245803, 42.5381129], [1.6200355, 42.5365701], [1.6185006, 42.53581], [1.623358, 42.5352185], [1.6260196, 42.5372982], [1.6216211, 42.5372152], [1.6170695, 42.5353816], [1.6191381, 42.5368664], [1.6148465, 42.5364825], [1.6100285, 42.5361915], [1.605151, 42.536374], [1.6007591, 42.5367923], [1.6055969, 42.5372169], [1.6063453, 42.5362527], [1.6014512, 42.5366101], [1.5966096, 42.5361147], [1.5923195, 42.5359821], [1.5901468, 42.5356129], [1.5948818, 42.5364056], [1.5905337, 42.5357385], [1.5880068, 42.5352533], [1.5848798, 42.5331558], [1.5804365, 42.5317423], [1.5755547, 42.5314657], [1.5742702, 42.5310005], [1.5713337, 42.52938], [1.5711736, 42.5292742], [1.5678964, 42.5270983], [1.5662239, 42.5258541], [1.5619714, 42.5236905], [1.5581041, 42.5207615], [1.5566081, 42.5192404], [1.5538645, 42.5169357], [1.5527776, 42.5149145], [1.5495732, 42.5117946], [1.5463169, 42.5101214], [1.5419725, 42.508887], [1.5374586, 42.5079603], [1.5346213, 42.5073555], [1.5321005, 42.5067242], [1.5275731, 42.5053199], [1.5227266, 42.504739], [1.521507, 42.5044654], [1.5181918, 42.5036489], [1.5137097, 42.5021827], [1.5105544, 42.4986618], [1.506193, 42.4965182], [1.5016808, 42.4946259], [1.4974342, 42.4927022], [1.4949368, 42.4916615]], "mood_vectors": [[0.0616, 0.0306, 0.0687, 0.7357, 0.0489, 0.0343, 0.0203], [0.0147, 0.0658, 0.0194, 0.7088, 0.0407, 0.071, 0.0796], [0.0214, 0.0512, 0.0376, 0.7004, 0.0737, 0.0452, 0.0705], [0.0185, 0.0583, 0.0418, 0.6582, 0.0831, 0.0887, 0.0514], [0.0726, 0.0375, 0.0627, 0.6937, 0.0412, 0.0536, 0.0386], [0.0224, 0.0403, 0.0541, 0.7677, 0.0339, 0.027, 0.0546], [0.0283, 0.0256, 0.0343, 0.7651, 0.0383, 0.0316, 0.0767], [0.0151, 0.0282, 0.0658, 0.7033, 0.079, 0.037, 0.0717], [0.0605, 0.0298, 0.0382, 0.697, 0.0472, 0.0566, 0.0706], [0.0148, 0.0271, 0.059, 0.7574, 0.0322, 0.0489, 0.0606], [0.0932, 0.0254, 0.0673, 0.6814, 0.024, 0.0708, 0.0378], [0.0494, 0.0303, 0.0361, 0.7232, 0.0501, 0.0324, 0.0786], [0.0683, 0.067, 0.0393, 0.6347, 0.0542, 0.0822, 0.0544], [0.0575, 0.0174, 0.0726, 0.7017, 0.066, 0.0442, 0.0407], [0.072, 0.0739, 0.0667, 0.709, 0.0287, 0.0141, 0.0357], [0.037, 0.0228, 0.0662, 0.7673, 0.023, 0.0695, 0.0142], [0.0407, 0.0404, 0.0467, 0.6513, 0.0521, 0.093, 0.0758], [0.0704, 0.016, 0.0259, 0.7152, 0.0561, 0.0986, 0.0179], [0.0432, 0.0238, 0.0803, 0.6913, 0.058, 0.0661, 0.0373], [0.0645, 0.0606, 0.0275, 0.7134, 0.0433, 0.0244, 0.0663], [0.0787, 0.0666, 0.0351, 0.6604, 0.0961, 0.0163, 0.0468], [0.0542, 0.0445, 0.0258, 0.7255, 0.0828, 0.0438, 0.0234], [0.0589, 0.0663, 0.0567, 0.6651, 0.0206, 0.0654, 0.0669], [0.0206, 0.0329, 0.0167, 0.7826, 0.0457, 0.0291, 0.0724], [0.0362, 0.0343, 0.0184, 0.6924, 0.0686, 0.093, 0.0571], [0.0787, 0.0636, 0.0528, 0.7111, 0.0547, 0.0146, 0.0246], [0.0376, 0.0762, 0.0699, 0.7062, 0.0205, 0.061, 0.0286], [0.0246, 0.0214, 0.07, 0.8269, 0.0223, 0.019, 0.0158], [0.0791, 0.0502, 0.0415, 0.7041, 0.0861, 0.0205, 0.0186], [0.0687, 0.0765, 0.0746, 0.6383, 0.0716, 0.0116, 0.0587], [0.0664, 0.0281, 0.0741, 0.7321, 0.0559, 0.0244, 0.0189], [0.0481, 0.0517, 0.0642, 0.7185, 0.0191, 0.0561, 0.0422], [0.0432, 0.084, 0.0198, 0.7451, 0.0344, 0.0423, 0.0313], [0.0246, 0.0247, 0.0582, 0.738, 0.0727, 0.0386, 0.0433], [0.0963, 0.0659, 0.0422, 0.6746, 0.0177, 0.0383, 0.0649], [0.0747, 0.0458, 0.066, 0.6524, 0.0488, 0.0426, 0.0697], [0.025, 0.061, 0.0564, 0.6669, 0.059, 0.0853, 0.0464], [0.0665, 0.0251, 0.0316, 0.727, 0.0513, 0.0519, 0.0465], [0.0369, 0.0593, 0.0666, 0.6411, 0.0603, 0.0733, 0.0626], [0.0386, 0.0638, 0.0234, 0.7095, 0.0745, 0.0485, 0.0417], [0.0216, 0.0136, 0.0831, 0.6945, 0.0725, 0.06, 0.0547], [0.0495, 0.0629, 0.0521, 0.6673, 0.0226, 0.0617, 0.0838], [0.0838, 0.0419, 0.074, 0.6683, 0.0314, 0.0779, 0.0225], [0.0407, 0.0712, 0.0425, 0.7114, 0.0706, 0.029, 0.0345], [0.0264, 0.0968, 0.0303, 0.6976, 0.0515, 0.0461, 0.0514], [0.027, 0.0306, 0.029, 0.7396, 0.0695, 0.0744, 0.0299], [0.0382, 0.0716, 0.0864, 0.657, 0.0154, 0.088, 0.0434], [0.0239, 0.034, 0.0731, 0.7591, 0.056, 0.0418, 0.0121], [0.0333, 0.0541, 0.0812, 0.6961, 0.0748, 0.0175, 0.0431], [0.0567, 0.0168, 0.062, 0.7129, 0.0248, 0.0994, 0.0273], [0.0149, 0.0394, 0.0331, 0.7703, 0.0638, 0.0604, 0.0181], [0.0257, 0.0845, 0.05, 0.6931, 0.0299, 0.0599, 0.0569], [0.0393, 0.055, 0.0388, 0.7201, 0.0263, 0.0726, 0.0479], [0.0757, 0.0235, 0.0693, 0.6739, 0.0619, 0.0467, 0.0491], [0.0716, 0.0505, 0.0654, 0.7079, 0.0309, 0.0482, 0.0256], [0.0617, 0.057, 0.0216, 0.6391, 0.0533, 0.0773, 0.0899], [0.07, 0.0365, 0.0282, 0.7229, 0.0488, 0.0315, 0.0622], [0.044, 0.0288, 0.0138, 0.7951, 0.0151, 0.0381, 0.0652], [0.0174, 0.0898, 0.0262, 0.7383, 0.0203, 0.0617, 0.0463], [0.0329, 0.0301, 0.0374, 0.7522, 0.0651, 0.0297, 0.0526], [0.0173, 0.0624, 0.0584, 0.7095, 0.0651, 0.0482, 0.0391], [0.0593, 0.038, 0.0325, 0.6537, 0.0823, 0.0695, 0.0647], [0.0442, 0.0185, 0.0279, 0.7316, 0.0473, 0.0829, 0.0475], [0.0255, 0.0707, 0.0725, 0.6184, 0.0683, 0.0691, 0.0754], [0.0639, 0.0528, 0.0601, 0.6831, 0.0614, 0.0201, 0.0586], [0.0795, 0.0361, 0.0377, 0.7767, 0.0385, 0.016, 0.0156], [0.047, 0.0167, 0.0702, 0.7239, 0.0393, 0.0424, 0.0604], [0.0807, 0.0646, 0.031, 0.6621, 0.0192, 0.0703, 0.072], [0.0457, 0.0632, 0.0669, 0.7056, 0.0513, 0.0556, 0.0117], [0.0273, 0.0473, 0.0724, 0.7428, 0.0524, 0.0147, 0.0432], [0.0312, 0.0246, 0.0221, 0.7606, 0.0382, 0.047, 0.0762], [0.0618, 0.0555, 0.0451, 0.6817, 0.0271, 0.0763, 0.0524], [0.057, 0.074, 0.0591, 0.6884, 0.0259, 0.0433, 0.0522], [0.0763, 0.0416, 0.07, 0.6594, 0.0665, 0.0223, 0.0639], [0.046, 0.069, 0.0808, 0.73, 0.0302, 0.0216, 0.0224], [0.0394, 0.0256, 0.0547, 0.7346, 0.0602, 0.0331, 0.0525], [0.0577, 0.0343, 0.0137, 0.7364, 0.0322, 0.0758, 0.0498], [0.0118, 0.0615, 0.0637, 0.6685, 0.0559, 0.0667, 0.0719], [0.0296, 0.0252, 0.06, 0.7096, 0.0309, 0.0508, 0.0939], [0.0122, 0.0592, 0.0671, 0.698, 0.0724, 0.0279, 0.0631]], "emotions": ["green", "green", "green", "green", "green", "green", "green", "green", "green", "green", "green", "green", "green", "green", "green", "green", "green", "green", "green", "green", "green", "green", "green", "green", "green", "green", "green", "green", "green", "green", "green", "green", "green", "green", "green", "green", "green", "green", "green", "green", "green", "green", "green", "green", "green", "green", "green", "green", "green", "green", "green", "green", "green", "green", "green", "green", "green", "green", "green", "green", "green", "green", "green", "green", "green", "green", "green", "green", "green", "green", "green", "green", "green", "green", "green", "green", "green", "green", "green", "green"], "timestamps": [0, 40, 80, 120, 160, 200, 240, 280, 320, 360, 400, 440, 480, 520, 560, 600, 640, 680, 720, 760, 800, 840, 880, 920, 960, 1000, 1040, 1080, 1120, 1160, 1200, 1240, 1280, 1320, 1360, 1400, 1440, 1480, 1520, 1560, 1600, 1640, 1680, 1720, 1760, 1800, 1840, 1880, 1920, 1960, 2000, 2040, 2080, 2120, 2160, 2200, 2240, 2280, 2320, 2360, 2400, 2440, 2480, 2520, 2560, 2600, 2640, 2680, 2720, 2760, 2800, 2840, 2880, 2920, 2960, 3000, 3040, 3080, 3120, 3160]}], "conversation": [], "conversation_timestamps": []}