{"agent_id": "agent-red-821", "type": "red", "trips": [{"trip_id": 0, "transport_method": "car", "start_time": 0, "path": [[1.7336306, 42.5461512], [1.7340124, 42.5473925], [1.7315662, 42.5458635], [1.7281091, 42.5443696], [1.7243908, 42.5437927], [1.7206183, 42.543804], [1.716846, 42.543932], [1.713073, 42.5440323], [1.709303, 42.5442038], [1.7055387, 42.5444782], [1.7018232, 42.545089], [1.6988043, 42.5472388], [1.6963036, 42.5499822], [1.6936824, 42.5526686], [1.6908358, 42.55512], [1.6882546, 42.5578524], [1.687012, 42.5565765], [1.6845088, 42.5546869], [1.6809508, 42.5534271], [1.683708, 42.5541335], [1.6846842, 42.5547139], [1.6811603, 42.5533618], [1.6798906, 42.5509023], [1.6803081, 42.5502317], [1.6824004, 42.5485534], [1.6840788, 42.5459659], [1.683822, 42.544603], [1.6826304, 42.5419071], [1.6793601, 42.5400948], [1.6760194, 42.5383608], [1.6742425, 42.5393224], [1.6706581, 42.5393929], [1.6669132, 42.5391917], [1.6637555, 42.5381929], [1.6621548, 42.5387165], [1.6589459, 42.54048], [1.655298, 42.5413947], [1.6518044, 42.5424613], [1.6485153, 42.5420918], [1.6448764, 42.5412443], [1.641174, 42.5405107], [1.6374715, 42.539777], [1.6377188, 42.5397692], [1.6411566, 42.5409843], [1.6446018, 42.541618], [1.6450467, 42.5412774], [1.6413446, 42.540542], [1.6376425, 42.5398066], [1.6339626, 42.5391229], [1.6310134, 42.5390852], [1.6273017, 42.5386172], [1.6236662, 42.5380383], [1.620167, 42.5366233], [1.6172827, 42.5354824], [1.6209897, 42.5356179], [1.6247199, 42.5351787], [1.6257972, 42.5373708], [1.6224542, 42.5375508], [1.6189532, 42.5361404], [1.6164382, 42.5353273], [1.619034, 42.5370648], [1.615366, 42.5365268], [1.6116541, 42.5363542], [1.6079283, 42.5361401], [1.6041672, 42.5364568], [1.6006147, 42.5367763], [1.6043359, 42.5371027], [1.6076478, 42.5361189], [1.6049851, 42.536352], [1.6012207, 42.536627], [1.5974778, 42.5363441], [1.594327, 42.5363105], [1.5906021, 42.5357013], [1.5907177, 42.5357029], [1.5943612, 42.5363466], [1.5921724, 42.5359893], [1.5884983, 42.5355594], [1.58798, 42.5352651], [1.5861985, 42.536398], [1.5834897, 42.5379103]], "mood_vectors": [[0.719, 0.0177, 0.0638, 0.0182, 0.0278, 0.079, 0.0746], [0.7451, 0.0366, 0.0734, 0.0555, 0.0589, 0.0163, 0.0142], [0.6266, 0.0809, 0.0257, 0.0919, 0.0573, 0.0516, 0.066], [0.7149, 0.0396, 0.0459, 0.0719, 0.0165, 0.0782, 0.0331], [0.7088, 0.0492, 0.0522, 0.0272, 0.0373, 0.073, 0.0524], [0.7702, 0.0642, 0.0284, 0.0191, 0.0512, 0.0516, 0.0152], [0.6599, 0.021, 0.0913, 0.0576, 0.0591, 0.0424, 0.0686], [0.7382, 0.0319, 0.0314, 0.0499, 0.0992, 0.0259, 0.0236], [0.6499, 0.0191, 0.06, 0.082, 0.0484, 0.0543, 0.0864], [0.7398, 0.0615, 0.0593, 0.0154, 0.0169, 0.0289, 0.0782], [0.6953, 0.0368, 0.0172, 0.0849, 0.0638, 0.0839, 0.0181], [0.6992, 0.0698, 0.0241, 0.0168, 0.0877, 0.0861, 0.0163], [0.6923, 0.0802, 0.1031, 0.0241, 0.0387, 0.0397, 0.0219], [0.731, 0.0701, 0.0676, 0.0576, 0.0243, 0.0178, 0.0316], [0.684, 0.0478, 0.0424, 0.0456, 0.0266, 0.0765, 0.0771], [0.6257, 0.0759, 0.0512, 0.0811, 0.0901, 0.0317, 0.0443], [0.7058, 0.0227, 0.0699, 0.072, 0.0628, 0.0355, 0.0312], [0.6463, 0.0433, 0.0972, 0.0734, 0.0265, 0.0747, 0.0386], [0.7057, 0.0126, 0.0531, 0.0711, 0.0339, 0.0587, 0.0649], [0.704, 0.0772, 0.0189, 0.066, 0.0254, 0.0779, 0.0306], [0.7049, 0.0346, 0.0259, 0.0716, 0.0711, 0.0395, 0.0523], [0.6883, 0.0329, 0.069, 0.0798, 0.0186, 0.0398, 0.0715], [0.6917, 0.0463, 0.075, 0.0866, 0.0169, 0.0493, 0.0342], [0.6868, 0.0846, 0.0479, 0.0153, 0.0626, 0.0749, 0.0279], [0.7046, 0.041, 0.0179, 0.0676, 0.0911, 0.0324, 0.0454], [0.6073, 0.081, 0.0453, 0.0565, 0.0837, 0.0475, 0.0787], [0.6476, 0.0746, 0.0794, 0.0703, 0.0719, 0.0444, 0.0118], [0.6859, 0.0129, 0.0773, 0.0509, 0.029, 0.0781, 0.0659], [0.7191, 0.0212, 0.0679, 0.0463, 0.0335, 0.084, 0.028], [0.6514, 0.051, 0.0399, 0.0745, 0.0724, 0.0788, 0.032], [0.7544, 0.0161, 0.0662, 0.0444, 0.073, 0.0194, 0.0265], [0.6429, 0.0793, 0.0226, 0.0726, 0.0536, 0.0532, 0.0759], [0.6598, 0.0302, 0.0711, 0.0705, 0.0662, 0.0591, 0.043], [0.7759, 0.0264, 0.0601, 0.0468, 0.0218, 0.0146, 0.0543], [0.6713, 0.0885, 0.0433, 0.0185, 0.0164, 0.0848, 0.0771], [0.7807, 0.0313, 0.028, 0.0404, 0.0277, 0.0537, 0.0383], [0.6529, 0.0605, 0.0599, 0.0182, 0.0983, 0.0552, 0.0549], [0.6628, 0.0506, 0.086, 0.0526, 0.0273, 0.0784, 0.0423], [0.6141, 0.0448, 0.0439, 0.0394, 0.086, 0.0842, 0.0875], [0.6687, 0.0145, 0.0905, 0.049, 0.0522, 0.0371, 0.0879], [0.7496, 0.0731, 0.0763, 0.0168, 0.0177, 0.0394, 0.027], [0.7065, 0.064, 0.0509, 0.0572, 0.0487, 0.0489, 0.0238], [0.7905, 0.0171, 0.0409, 0.0282, 0.0509, 0.0223, 0.0501], [0.6395, 0.078, 0.0452, 0.0562, 0.08, 0.0686, 0.0323], [0.7158, 0.0681, 0.0384, 0.0633, 0.0557, 0.0399, 0.0188], [0.7238, 0.033, 0.0618, 0.058, 0.0404, 0.0205, 0.0625], [0.6662, 0.0581, 0.0867, 0.021, 0.0846, 0.0169, 0.0664], [0.6645, 0.0229, 0.0264, 0.046, 0.0833, 0.0749, 0.0821], [0.7046, 0.0536, 0.0234, 0.0562, 0.0219, 0.0574, 0.0831], [0.6764, 0.0509, 0.0505, 0.0208, 0.0735, 0.0727, 0.0551], [0.6959, 0.0589, 0.0331, 0.0551, 0.0212, 0.0867, 0.0491], [0.6361, 0.0689, 0.083, 0.0716, 0.0457, 0.0312, 0.0634], [0.6346, 0.0444, 0.0341, 0.0874, 0.0674, 0.0759, 0.0563], [0.7848, 0.021, 0.078, 0.0222, 0.0269, 0.046, 0.0211], [0.6175, 0.033, 0.0776, 0.0816, 0.0825, 0.0509, 0.0568], [0.7451, 0.0323, 0.0651, 0.0314, 0.019, 0.0697, 0.0374], [0.7567, 0.0466, 0.0671, 0.0341, 0.0522, 0.0194, 0.0239], [0.6698, 0.084, 0.0641, 0.0195, 0.0517, 0.0667, 0.0443], [0.7932, 0.0592, 0.0562, 0.0288, 0.0129, 0.0308, 0.0189], [0.7582, 0.0187, 0.0388, 0.0535, 0.0298, 0.0376, 0.0634], [0.6217, 0.062, 0.066, 0.0712, 0.0682, 0.0592, 0.0516], [0.6961, 0.0313, 0.0519, 0.0718, 0.0444, 0.0587, 0.0459], [0.5661, 0.0709, 0.0854, 0.0596, 0.0671, 0.0817, 0.0693], [0.6597, 0.0397, 0.0806, 0.063, 0.0753, 0.067, 0.0147], [0.7403, 0.0461, 0.0201, 0.0617, 0.0418, 0.0274, 0.0626], [0.657, 0.0523, 0.0566, 0.0126, 0.0623, 0.0783, 0.081], [0.7408, 0.053, 0.0457, 0.0623, 0.0133, 0.0233, 0.0616], [0.7134, 0.0262, 0.0291, 0.0356, 0.088, 0.0212, 0.0865], [0.6624, 0.0454, 0.1004, 0.0298, 0.0806, 0.0558, 0.0256], [0.7616, 0.0218, 0.0223, 0.0345, 0.0659, 0.0715, 0.0223], [0.6702, 0.0449, 0.0826, 0.0292, 0.0709, 0.0287, 0.0734], [0.749, 0.0288, 0.045, 0.0691, 0.0358, 0.0294, 0.0429], [0.725, 0.0259, 0.065, 0.0742, 0.0139, 0.0466, 0.0494], [0.6598, 0.0547, 0.0845, 0.0316, 0.0744, 0.079, 0.0161], [0.6934, 0.0452, 0.0226, 0.0517, 0.0872, 0.0534, 0.0464], [0.7217, 0.0329, 0.0355, 0.0537, 0.0723, 0.0305, 0.0534], [0.6539, 0.0427, 0.0727, 0.0627, 0.0871, 0.065, 0.0159], [0.7129, 0.0361, 0.0254, 0.0858, 0.0804, 0.0234, 0.0361], [0.6867, 0.0536, 0.0417, 0.0764, 0.0374, 0.0213, 0.0829], [0.7473, 0.033, 0.0274, 0.0391, 0.047, 0.0495, 0.0567]], "emotions": ["red", "red", "red", "red", "red", "red", "red", "red", "red", "red", "red", "red", "red", "red", "red", "red", "red", "red", "red", "red", "red", "red", "red", "red", "red", "red", "red", "red", "red", "red", "red", "red", "red", "red", "red", "red", "red", "red", "red", "red", "red", "red", "red", "red", "red", "red", "red", "red", "red", "red", "red", "red", "red", "red", "red", "red", "red", "red", "red", "red", "red", "red", "red", "red", "red", "red", "red", "red", "red", "red", "red", "red", "red", "red", "red", "red", "red", "red", "red", "red"], "timestamps": [0, 40, 80, 120, 160, 200, 240, 280, 320, 360, 400, 440, 480, 520, 560, 600, 640, 680, 720, 760, 800, 840, 880, 920, 960, 1000, 1040, 1080, 1120, 1160, 1200, 1240, 1280, 1320, 1360, 1400, 1440, 1480, 1520, 1560, 1600, 1640, 1680, 1720, 1760, 1800, 1840, 1880, 1920, 1960, 2000, 2040, 2080, 2120, 2160, 2200, 2240, 2280, 2320, 2360, 2400, 2440, 2480, 2520, 2560, 2600, 2640, 2680, 2720, 2760, 2800, 2840, 2880, 2920, 2960, 3000, 3040, 3080, 3120, 3160]}], "conversation": [], "conversation_timestamps": []}