{"agent_id": "agent-orange-1528", "type": "orange", "trips": [{"trip_id": 0, "transport_method": "foot", "start_time": 0, "path": [[1.5183878, 42.5738319], [1.5188278, 42.5728475], [1.5201155, 42.5717221], [1.521026, 42.5700933], [1.5217583, 42.5683968], [1.5232677, 42.5672398], [1.5241714, 42.5655455], [1.5255379, 42.5641968], [1.5271824, 42.5632972], [1.5274092, 42.5632448], [1.5290024, 42.5621486], [1.5305955, 42.5610524], [1.5294768, 42.5618966], [1.5292458, 42.5622654], [1.5306802, 42.5609684], [1.5318188, 42.559429], [1.5324409, 42.5576549], [1.5324577, 42.5585027], [1.5325525, 42.5575906], [1.5336467, 42.5565232], [1.5354185, 42.5568516], [1.5372538, 42.5569784], [1.5389134, 42.5575608], [1.5407012, 42.5581139], [1.5425794, 42.5578713], [1.5444095, 42.5572984], [1.5453633, 42.5573126], [1.5464797, 42.5582949], [1.5484001, 42.5582634], [1.5502874, 42.558575], [1.5521725, 42.5587597], [1.5540366, 42.5591816], [1.5557309, 42.5589525], [1.5557855, 42.5585762], [1.5538817, 42.558362], [1.5554471, 42.5581065], [1.5573723, 42.5579682], [1.5592977, 42.5581006], [1.5612119, 42.5579294], [1.5630895, 42.557517], [1.5620186, 42.5569472], [1.5622493, 42.5561132], [1.5637993, 42.5550924], [1.5655988, 42.5548364], [1.56744, 42.5554229], [1.5693345, 42.5557734], [1.5712327, 42.5560997], [1.572626, 42.5552942], [1.5745364, 42.5550371], [1.5760827, 42.5539783], [1.5778714, 42.5532524], [1.5793749, 42.5520723], [1.580086, 42.5502954], [1.5801698, 42.54841], [1.5793724, 42.5467613], [1.5794188, 42.5456064], [1.5780702, 42.5445764], [1.5796762, 42.5442786], [1.5808787, 42.5439426], [1.5827789, 42.5441942], [1.5845581, 42.5448976], [1.5856575, 42.5446132], [1.5859426, 42.5434999], [1.5851098, 42.5424888], [1.5863711, 42.5423292], [1.5867336, 42.5415367], [1.5864363, 42.5401911], [1.5870211, 42.5393865], [1.5865796, 42.5386424], [1.5874788, 42.5381239], [1.5891092, 42.5375119], [1.5885963, 42.5359245], [1.5880714, 42.5345949], [1.5893828, 42.5346436], [1.5898786, 42.5333098], [1.590996, 42.5324509], [1.5927565, 42.5319383], [1.5924924, 42.5336044], [1.5931639, 42.534913], [1.5943178, 42.5352884]], "mood_vectors": [[0.0881, 0.0375, 0.0664, 0.0844, 0.6423, 0.026, 0.0553], [0.0566, 0.064, 0.0548, 0.0195, 0.704, 0.0381, 0.0631], [0.0831, 0.0178, 0.0794, 0.0652, 0.7016, 0.036, 0.017], [0.0703, 0.0608, 0.0199, 0.0547, 0.6933, 0.0334, 0.0675], [0.0495, 0.0499, 0.0657, 0.0591, 0.6482, 0.0261, 0.1014], [0.0881, 0.0226, 0.037, 0.102, 0.6894, 0.0233, 0.0376], [0.0159, 0.0227, 0.0484, 0.0696, 0.7661, 0.0597, 0.0176], [0.0374, 0.082, 0.0244, 0.0198, 0.7193, 0.0836, 0.0335], [0.0407, 0.0693, 0.0764, 0.0316, 0.6818, 0.0743, 0.0258], [0.0747, 0.0718, 0.0156, 0.075, 0.646, 0.0818, 0.0351], [0.0381, 0.0222, 0.0218, 0.032, 0.7581, 0.0582, 0.0696], [0.0865, 0.0536, 0.0725, 0.0256, 0.6227, 0.0817, 0.0574], [0.0414, 0.0765, 0.0281, 0.0223, 0.6809, 0.0777, 0.0731], [0.0142, 0.022, 0.0619, 0.0423, 0.7166, 0.0819, 0.0612], [0.0772, 0.0479, 0.0608, 0.0776, 0.658, 0.0519, 0.0267], [0.0508, 0.0665, 0.0411, 0.0346, 0.66, 0.0679, 0.0792], [0.0412, 0.0498, 0.0499, 0.0439, 0.6625, 0.0958, 0.0569], [0.0549, 0.0392, 0.0675, 0.0554, 0.6394, 0.0576, 0.0859], [0.022, 0.0385, 0.062, 0.0509, 0.6898, 0.0762, 0.0606], [0.046, 0.0449, 0.0664, 0.013, 0.7427, 0.0575, 0.0294], [0.019, 0.0697, 0.0552, 0.0578, 0.7458, 0.014, 0.0385], [0.0695, 0.0199, 0.0637, 0.0275, 0.7194, 0.0844, 0.0155], [0.0735, 0.0198, 0.0848, 0.0448, 0.6398, 0.077, 0.0603], [0.0756, 0.0207, 0.014, 0.0396, 0.7347, 0.0699, 0.0455], [0.0397, 0.0622, 0.0649, 0.0705, 0.6536, 0.0373, 0.0718], [0.0593, 0.0449, 0.0801, 0.0625, 0.6642, 0.0208, 0.0683], [0.0708, 0.0316, 0.0652, 0.0496, 0.7075, 0.0446, 0.0305], [0.0557, 0.0413, 0.0321, 0.0503, 0.7425, 0.052, 0.0262], [0.0768, 0.0298, 0.02, 0.0641, 0.7583, 0.0342, 0.0169], [0.0763, 0.0416, 0.056, 0.0766, 0.6507, 0.0739, 0.025], [0.0236, 0.075, 0.0596, 0.0204, 0.7299, 0.04, 0.0517], [0.0536, 0.0203, 0.0746, 0.0264, 0.7291, 0.0206, 0.0753], [0.0899, 0.0669, 0.0389, 0.0562, 0.5833, 0.0745, 0.0902], [0.0631, 0.0158, 0.0655, 0.0736, 0.6917, 0.035, 0.0553], [0.0473, 0.0743, 0.0142, 0.0862, 0.6994, 0.0138, 0.0648], [0.0455, 0.0485, 0.0285, 0.0714, 0.7428, 0.043, 0.0204], [0.0486, 0.0709, 0.0434, 0.0522, 0.7171, 0.0246, 0.0432], [0.067, 0.0347, 0.0617, 0.0623, 0.6927, 0.0377, 0.0439], [0.0661, 0.0484, 0.031, 0.0464, 0.6729, 0.0698, 0.0655], [0.0129, 0.0743, 0.0183, 0.0542, 0.7221, 0.0613, 0.0569], [0.0637, 0.0333, 0.0243, 0.0724, 0.669, 0.0453, 0.092], [0.0526, 0.0691, 0.0347, 0.0308, 0.7038, 0.0683, 0.0408], [0.0309, 0.0323, 0.0709, 0.0666, 0.6988, 0.0736, 0.027], [0.0593, 0.0527, 0.0456, 0.0751, 0.6845, 0.0125, 0.0703], [0.027, 0.0863, 0.0474, 0.0838, 0.6451, 0.0796, 0.0307], [0.0244, 0.0401, 0.0609, 0.0728, 0.7099, 0.0582, 0.0337], [0.029, 0.0651, 0.0848, 0.0284, 0.6215, 0.0866, 0.0846], [0.0465, 0.059, 0.0617, 0.0259, 0.7306, 0.0184, 0.0579], [0.0731, 0.0416, 0.0564, 0.0602, 0.7209, 0.0253, 0.0225], [0.0207, 0.0419, 0.0858, 0.0225, 0.7103, 0.0591, 0.0596], [0.054, 0.0656, 0.0354, 0.0733, 0.6586, 0.0491, 0.0639], [0.0451, 0.0141, 0.0778, 0.048, 0.7169, 0.0439, 0.0543], [0.0116, 0.0476, 0.0404, 0.0726, 0.7327, 0.0385, 0.0565], [0.0349, 0.0671, 0.0706, 0.0352, 0.7494, 0.012, 0.0308], [0.0345, 0.0658, 0.0699, 0.0599, 0.6812, 0.0242, 0.0645], [0.0802, 0.0368, 0.0349, 0.0615, 0.7307, 0.0242, 0.0318], [0.0489, 0.0881, 0.0137, 0.0823, 0.6852, 0.0145, 0.0673], [0.0163, 0.067, 0.0677, 0.0375, 0.6562, 0.0812, 0.0741], [0.0341, 0.0418, 0.0491, 0.0889, 0.6594, 0.0854, 0.0414], [0.0488, 0.0315, 0.0273, 0.0658, 0.7569, 0.0541, 0.0156], [0.0504, 0.0537, 0.0553, 0.0583, 0.6944, 0.0721, 0.0159], [0.04, 0.0825, 0.0256, 0.0362, 0.6984, 0.0745, 0.0429], [0.0236, 0.0429, 0.0722, 0.068, 0.7011, 0.0729, 0.0192], [0.0789, 0.0647, 0.034, 0.0489, 0.7103, 0.044, 0.0192], [0.0774, 0.0617, 0.0419, 0.0725, 0.6093, 0.0631, 0.0741], [0.0416, 0.0532, 0.0296, 0.0555, 0.6967, 0.0531, 0.0703], [0.07, 0.0605, 0.0731, 0.0286, 0.6783, 0.0315, 0.0579], [0.055, 0.0652, 0.0636, 0.0611, 0.6327, 0.0546, 0.0678], [0.0229, 0.0596, 0.0709, 0.0624, 0.7086, 0.0239, 0.0518], [0.0288, 0.0446, 0.0302, 0.0584, 0.7156, 0.0811, 0.0413], [0.0783, 0.0266, 0.0301, 0.0707, 0.6686, 0.0723, 0.0533], [0.0717, 0.0473, 0.0618, 0.0919, 0.6209, 0.0353, 0.0711], [0.0525, 0.0521, 0.0695, 0.0321, 0.6164, 0.0869, 0.0905], [0.0466, 0.0678, 0.0373, 0.053, 0.6503, 0.0651, 0.0799], [0.0694, 0.0864, 0.0191, 0.0732, 0.5819, 0.0821, 0.0879], [0.0144, 0.0582, 0.0839, 0.0176, 0.7538, 0.0393, 0.0329], [0.0739, 0.0377, 0.0506, 0.0883, 0.6598, 0.0479, 0.0417], [0.0229, 0.08, 0.063, 0.0628, 0.6114, 0.0787, 0.0811], [0.0369, 0.0591, 0.0389, 0.0817, 0.7058, 0.0568, 0.0208], [0.0829, 0.0803, 0.0144, 0.0329, 0.7387, 0.0169, 0.0339]], "emotions": ["red", "red", "red", "red", "red", "red", "red", "red", "red", "red", "red", "red", "red", "red", "red", "red", "red", "red", "red", "red", "red", "red", "red", "red", "red", "red", "red", "red", "red", "red", "red", "red", "red", "red", "red", "red", "red", "red", "red", "red", "red", "red", "red", "red", "red", "red", "red", "red", "red", "red", "red", "red", "red", "red", "red", "red", "red", "red", "red", "red", "red", "red", "red", "red", "red", "red", "red", "red", "red", "red", "red", "red", "red", "red", "red", "red", "red", "red", "red", "red"], "timestamps": [0, 40, 80, 120, 160, 200, 240, 280, 320, 360, 400, 440, 480, 520, 560, 600, 640, 680, 720, 760, 800, 840, 880, 920, 960, 1000, 1040, 1080, 1120, 1160, 1200, 1240, 1280, 1320, 1360, 1400, 1440, 1480, 1520, 1560, 1600, 1640, 1680, 1720, 1760, 1800, 1840, 1880, 1920, 1960, 2000, 2040, 2080, 2120, 2160, 2200, 2240, 2280, 2320, 2360, 2400, 2440, 2480, 2520, 2560, 2600, 2640, 2680, 2720, 2760, 2800, 2840, 2880, 2920, 2960, 3000, 3040, 3080, 3120, 3160]}], "conversation": [], "conversation_timestamps": []}