{
  "agent_id": "agent-type-purple-41",
  "type": "purple",
  "trips": [
    {
      "trip_id": 0,
      "transport_method": "car",
      "start_time": 0,
      "path": [
        [
          1.5222027,
          42.5082477
        ],
        [
          1.5224684334985847,
          42.50805606618699
        ],
        [
          1.5224918304676587,
          42.50839265074723
        ],
        [
          1.5228013138050591,
          42.50837543985162
        ],
        [
          1.5232119144926564,
          42.50834532045021
        ],
        [
          1.5235865914189197,
          42.50856532659435
        ],
        [
          1.5239333706694655,
          42.50876394472365
        ],
        [
          1.5237586094241657,
          42.50887155496224
        ],
        [
          1.5238374913562254,
          42.50886567125066
        ],
        [
          1.5237124197666592,
          42.508626222866084
        ],
        [
          1.523323795685299,
          42.508429128133265
        ],
        [
          1.5230356651908008,
          42.50813639478947
        ],
        [
          1.523292489002847,
          42.50784775332462
        ],
        [
          1.5237183772844831,
          42.50779200220192
        ],
        [
          1.5241539680290397,
          42.50781942437955
        ],
        [
          1.5245892044937734,
          42.50784907228563
        ],
        [
          1.5246236691658648,
          42.50818054960387
        ],
        [
          1.52485892977399,
          42.50839640391674
        ],
        [
          1.525281789364889,
          42.508504482772
        ],
        [
          1.5257067426833948,
          42.50860296072603
        ],
        [
          1.526136206971765,
          42.50868075338368
        ],
        [
          1.5265663792990845,
          42.50875187440248
        ],
        [
          1.5270026051823613,
          42.508765954577505
        ],
        [
          1.5274388310656382,
          42.50878003475253
        ],
        [
          1.5278729529636965,
          42.508799860476735
        ],
        [
          1.528215111242608,
          42.50907081985513
        ],
        [
          1.5285732805412946,
          42.50884258070251
        ],
        [
          1.528949513576377,
          42.50896673817319
        ],
        [
          1.529360085527297,
          42.509085038977524
        ],
        [
          1.529358501262427,
          42.50908400988687
        ],
        [
          1.5295316698545616,
          42.50905281842549
        ],
        [
          1.5292125000000003,
          42.5089637
        ]
      ],
      "emotions": [
        "green",
        "green",
        "green",
        "green",
        "green",
        "red",
        "red",
        "red",
        "red",
        "red",
        "purple",
        "purple",
        "purple",
        "purple",
        "purple",
        "green",
        "green",
        "green",
        "green",
        "green",
        "purple",
        "purple",
        "purple",
        "purple",
        "purple",
        "red",
        "red",
        "red",
        "red",
        "red",
        "purple",
        "purple"
      ],
      "mood_vectors": [
        [
          0.1821989765092817,
          0.24591810958631144,
          0.11622256187774918,
          0.04520101728085623,
          0.1639919437170783,
          0.1917827257907842,
          0.05468466523793889
        ],
        [
          0.2677163725864386,
          0.08774769019106811,
          0.1881608970969348,
          0.22724472152594077,
          0.0393510871374642,
          0.1104241383236682,
          0.0793550931384853
        ],
        [
          0.0885778569227052,
          0.21669500014585644,
          0.2022594617712807,
          0.1323535686273014,
          0.18255788719966196,
          0.1552707278839386,
          0.022285497449255773
        ],
        [
          0.24385134798796326,
          0.3613536068028486,
          0.10229886905780804,
          0.040936681081477924,
          0.20654545185303183,
          0.04299526443755537,
          0.002018778779314988
        ],
        [
          0.19859038479422994,
          0.15631519103240282,
          0.1638445437852405,
          0.005819725870899495,
          0.20289720824305824,
          0.17835087847554537,
          0.09418206779862365
        ],
        [
          0.07328933376940713,
          0.14329388795850956,
          0.17208782236187567,
          0.16283964360307468,
          0.2637091860727893,
          0.08378906011613524,
          0.10099106611820846
        ],
        [
          0.08860882175445332,
          0.07205478226901828,
          0.21177415749834003,
          0.19434972578328813,
          0.15465504872108382,
          0.18405801032657632,
          0.09449945364724015
        ],
        [
          0.09040643488821885,
          0.1910737837092892,
          0.023760893338453548,
          0.09732040718839546,
          0.04000049252595912,
          0.3036266109568587,
          0.25381137739282517
        ],
        [
          0.14629677390031331,
          0.14732756891814222,
          0.2288175740320571,
          0.20188665921775126,
          0.028927850979445256,
          0.18489907821688345,
          0.061844494735407485
        ],
        [
          0.07566203758083995,
          0.0124761117261218,
          0.2793606818649537,
          0.06080474787412417,
          0.1660870362390085,
          0.2328370863214657,
          0.17277229839348615
        ],
        [
          0.11484215852582468,
          0.20921687745385842,
          0.14646847833472035,
          0.1522255370177688,
          0.09005334094095627,
          0.14378953629719474,
          0.1434040714296767
        ],
        [
          0.07110345605624993,
          0.035912868632025405,
          0.25948288126320945,
          0.0944284894491133,
          0.24897423518053463,
          0.18581314083401398,
          0.10428492858485337
        ],
        [
          0.09197556142659746,
          0.2651359516755052,
          0.2799910871394632,
          0.08682099288386419,
          0.036962872359330684,
          0.08021101045443377,
          0.15890252406080552
        ],
        [
          0.01086384864536385,
          0.30845230256439465,
          0.03148463518108143,
          0.28423556965247876,
          0.20150007717290036,
          0.05230945596185402,
          0.11115411082192692
        ],
        [
          0.14615301281180557,
          0.06687345922056392,
          0.13767657590323573,
          0.10333604088563518,
          0.1636803291391669,
          0.19185792065766086,
          0.1904226613819318
        ],
        [
          0.10551800141921475,
          0.1691235237994431,
          0.0883387832628377,
          0.09885570898399024,
          0.1882820295115131,
          0.0950385383033006,
          0.2548434147197005
        ],
        [
          0.1736315885395947,
          0.27291047155664755,
          0.1910842719080436,
          0.19681546711214748,
          0.11066054538720516,
          0.0029572002634971816,
          0.05194045523286434
        ],
        [
          0.35904422552653564,
          0.038973037552300416,
          0.05496956374146747,
          0.23799798165050307,
          0.06234946231246127,
          0.21311987515243888,
          0.03354585406429335
        ],
        [
          0.005106216159927022,
          0.19267240894483592,
          0.35091479715163415,
          0.19162507512255736,
          0.018588633688127427,
          0.14213259992403957,
          0.09896026900887862
        ],
        [
          0.20809040277771965,
          0.18263892698268924,
          0.043368383382492846,
          0.09242175123473792,
          0.06448043586056056,
          0.18090438896388833,
          0.2280957107979115
        ],
        [
          0.051384830298086735,
          0.1385456035918724,
          0.22576739556353603,
          0.20360191498158223,
          0.11153878482645316,
          0.07089754684885634,
          0.19826392388961314
        ],
        [
          0.08409093225702571,
          0.1147543613477468,
          0.20694178069758015,
          0.2410156080471505,
          0.06763806785808277,
          0.19500169894637823,
          0.09055755084603592
        ],
        [
          0.056084659299085717,
          0.1467120515097085,
          0.1858104999743893,
          0.184884231709901,
          0.05369231750616451,
          0.21975460108734748,
          0.15306163891340344
        ],
        [
          0.21085953970904733,
          0.022552608796273164,
          0.24350399074192658,
          0.08271529078015177,
          0.1561374707647994,
          0.15208466234531107,
          0.13214643686249072
        ],
        [
          0.2642606677548307,
          0.023539091048926604,
          0.29570325298007283,
          0.017700441544292112,
          0.020491994531935207,
          0.06839406533984857,
          0.30991048680009403
        ],
        [
          0.28272404494566195,
          0.15279970503763182,
          0.1710143667859105,
          0.06103905377456621,
          0.16518915189727607,
          0.04400158858926578,
          0.12323208896968765
        ],
        [
          0.13142043409079993,
          0.15888755352040768,
          0.3222390665199823,
          0.0794191539091856,
          0.2213883563415522,
          0.03611586920154973,
          0.050529566416522655
        ],
        [
          0.13934710431772884,
          0.17710486077492613,
          0.022918648199298976,
          0.04035839424884908,
          0.18272207867284992,
          0.2378137910416515,
          0.19973512274469543
        ],
        [
          0.029558880408369587,
          0.1724609777569398,
          0.15224377698637756,
          0.1762398355430663,
          0.13759096462427725,
          0.08228972458836231,
          0.24961584009260715
        ],
        [
          0.016298551847393587,
          0.24874523695704376,
          0.10621239888880034,
          0.14626131205727316,
          0.026090691717048854,
          0.35153852741283453,
          0.10485328111960573
        ],
        [
          0.19632316945715989,
          0.04921511426207867,
          0.023243945818637285,
          0.04530192037181026,
          0.16614957181249285,
          0.07905442505850534,
          0.44071185321931583
        ],
        [
          0.16924859405102644,
          0.13365050844127713,
          0.12546309814677634,
          0.09298893714197845,
          0.1791197741171498,
          0.179697528810872,
          0.11983155929091988
        ]
      ],
      "timestamps": [
        0,
        1,
        2,
        3,
        4,
        5,
        6,
        7,
        8,
        9,
        10,
        11,
        12,
        13,
        14,
        15,
        16,
        17,
        18,
        19,
        20,
        21,
        22,
        23,
        24,
        25,
        26,
        27,
        28,
        29,
        30,
        31
      ],
      "distance": 786.2
    },
    {
      "trip_id": 1,
      "transport_method": "bicycle",
      "start_time": 32,
      "path": [
        [
          1.5293578,
          42.508282
        ],
        [
          1.5295653360564458,
          42.50790558478942
        ],
        [
          1.529905284598139,
          42.507508728928315
        ],
        [
          1.5302710897042373,
          42.507135933276935
        ],
        [
          1.5297955543779853,
          42.50708218102352
        ],
        [
          1.529776934258303,
          42.507081397178176
        ],
        [
          1.5302305147084432,
          42.507080903600546
        ],
        [
          1.5297968422826373,
          42.5067893769078
        ],
        [
          1.5299157795877736,
          42.506475786019124
        ],
        [
          1.5297101905276629,
          42.50628861256443
        ],
        [
          1.530095512582662,
          42.5064865113131
        ],
        [
          1.5305035697068614,
          42.50616009291766
        ],
        [
          1.530404250837862,
          42.505878000728195
        ],
        [
          1.5301003971500273,
          42.505622550487566
        ],
        [
          1.52959530625492,
          42.505495535018355
        ],
        [
          1.5290910797474349,
          42.505368134558616
        ],
        [
          1.5285788406976322,
          42.50526483527813
        ],
        [
          1.528068026667581,
          42.50524377541227
        ],
        [
          1.5282698279820859,
          42.505408990139564
        ],
        [
          1.5284856881909001,
          42.50568470968495
        ],
        [
          1.5289826377801168,
          42.50584626676857
        ],
        [
          1.528855012630667,
          42.50580477614782
        ],
        [
          1.5283580630414504,
          42.5056432190642
        ],
        [
          1.5281614904620138,
          42.5054665824898
        ],
        [
          1.5280202009729995,
          42.50534915689864
        ],
        [
          1.5282742161659046,
          42.5052002111626
        ],
        [
          1.5279283,
          42.5048785
        ]
      ],
      "emotions": [
        "purple",
        "purple",
        "purple",
        "green",
        "green",
        "green",
        "green",
        "green",
        "purple",
        "purple",
        "purple",
        "purple",
        "purple",
        "green",
        "green",
        "green",
        "green",
        "green",
        "red",
        "red",
        "red",
        "red",
        "red",
        "red",
        "red",
        "red",
        "red"
      ],
      "mood_vectors": [
        [
          0.1965681983155519,
          0.19816859329017292,
          0.16017791995783748,
          0.0335339165421136,
          0.1756359725690357,
          0.08115104265292616,
          0.1547643566723623
        ],
        [
          0.2651773819740247,
          0.22159817387033565,
          0.011451183647645925,
          0.1487005489860602,
          0.13561494397366786,
          0.18343323081058893,
          0.03402453673767684
        ],
        [
          0.0940814261507846,
          0.2168110830185105,
          0.24893726866073526,
          0.13326320603780495,
          0.1592805630372686,
          0.11541881856918139,
          0.03220763452571471
        ],
        [
          0.31813637719515697,
          0.19443441409999904,
          0.01791378358224317,
          0.04736146520023756,
          0.18980386107646005,
          0.22726761966612188,
          0.0050824791797813035
        ],
        [
          0.11794265156398796,
          0.025001811215102157,
          0.24270810832288506,
          0.1331434154663344,
          0.341246765753683,
          0.05003450401805298,
          0.0899227436599544
        ],
        [
          0.14510070845417614,
          0.09162400298624156,
          0.14566604937173197,
          0.18715570231071313,
          0.15504209815050127,
          0.011894598298316255,
          0.26351684042831963
        ],
        [
          0.323637695792439,
          0.19289850143882808,
          0.20068237864782992,
          0.056962624464839955,
          0.028815924657735265,
          0.11726796027928114,
          0.0797349147190467
        ],
        [
          0.07081613980697116,
          0.20435335828499895,
          0.012807969917559867,
          0.13471883303428342,
          0.2253471118293439,
          0.24818679983206413,
          0.10376978729477852
        ],
        [
          0.1130754384196522,
          0.2687074533005676,
          0.051676903855713545,
          0.004070500762651102,
          0.3430324166988081,
          0.04220778331318822,
          0.17722950364941928
        ],
        [
          0.006336193267190248,
          0.3723855919489857,
          0.014026962996991965,
          0.11323813627061675,
          0.3007773525365918,
          0.16540227293592216,
          0.02783349004370129
        ],
        [
          0.23342524349899202,
          0.048388241358203375,
          0.12787507693744926,
          0.13976211467326982,
          0.08108336612274124,
          0.14527543037151305,
          0.2241905270378313
        ],
        [
          0.2663452953056782,
          0.2532248440993789,
          0.01799102965407902,
          0.21350381607636645,
          0.12719253050295282,
          0.028634922404172414,
          0.09310756195737217
        ],
        [
          0.24075497863630554,
          0.24220635779691724,
          0.1887082647759595,
          0.07281121050592054,
          0.023234552542777037,
          0.11184035976197652,
          0.12044427598014357
        ],
        [
          0.05419042778096385,
          0.17938237146877797,
          0.06027362474780416,
          0.10380413727466245,
          0.21308526743928527,
          0.20843178347432603,
          0.18083238781418018
        ],
        [
          0.19125959321139643,
          0.09396910584531286,
          0.11414662805026955,
          0.10743994347790299,
          0.2261941171656643,
          0.10989390759877897,
          0.15709670465067493
        ],
        [
          0.40100174548227613,
          0.13519855981561688,
          0.14446692301774622,
          0.013076249862511083,
          0.04401212768071442,
          0.055077556341401886,
          0.20716683779973338
        ],
        [
          0.07311513323070976,
          0.31743229192963945,
          0.04034738708329029,
          0.096914824613159,
          0.2433625895102912,
          0.22145482967225025,
          0.007372943960660104
        ],
        [
          0.10954247681564734,
          0.004976102148815643,
          0.14542013651080868,
          0.23062802132599153,
          0.2397040799931367,
          0.16529632491270765,
          0.10443285829289249
        ],
        [
          0.18785189388351772,
          0.10285039210054336,
          0.08158107416228454,
          0.07677014504503218,
          0.26221444390037,
          0.16875677479102144,
          0.11997527611723081
        ],
        [
          0.22312741841703496,
          0.04198286001697057,
          0.047145227821746384,
          0.18384230886456773,
          0.04696183056212255,
          0.23234019408718176,
          0.2246001602303761
        ],
        [
          0.22365521109076125,
          0.19024599789174254,
          0.21467623051597876,
          0.10760738181952186,
          0.057723817352226425,
          0.08114246031230202,
          0.12494890101746717
        ],
        [
          0.11728909595665839,
          0.17249244502444855,
          0.18416936571964454,
          0.11025868228869602,
          0.03775797208612735,
          0.028938103604489132,
          0.34909433531993606
        ],
        [
          0.02312025957221265,
          0.10163842200671576,
          0.07968541193694037,
          0.3468738575626272,
          0.14323938789949858,
          0.26561002972539605,
          0.039832631296609314
        ],
        [
          0.04255368024111595,
          0.1916108569463174,
          0.13845404493821803,
          0.16984501098370483,
          0.18875435622630996,
          0.20610920398978783,
          0.06267284667454591
        ],
        [
          0.3345634078228361,
          0.3358791787742798,
          0.023407153392111725,
          0.010047761354812623,
          0.009229814048764391,
          0.06155637973599772,
          0.2253163048711976
        ],
        [
          0.1379079795028556,
          0.058685703540207336,
          0.1925992217688241,
          0.19633654795778305,
          0.1291560950784889,
          0.1770266767114998,
          0.10828777544034122
        ],
        [
          0.03740118934378147,
          0.197408985669338,
          0.0087641027942264,
          0.135137161152977,
          0.29478097657038965,
          0.0001896463819080947,
          0.3263179380873794
        ]
      ],
      "timestamps": [
        32,
        33,
        34,
        35,
        36,
        37,
        38,
        39,
        40,
        41,
        42,
        43,
        44,
        45,
        46,
        47,
        48,
        49,
        50,
        51,
        52,
        53,
        54,
        55,
        56,
        57,
        58
      ],
      "distance": 634.1
    },
    {
      "trip_id": 2,
      "transport_method": "car",
      "start_time": 59,
      "path": [
        [
          1.5279283,
          42.5048785
        ],
        [
          1.5280614679534217,
          42.50524344143313
        ],
        [
          1.5277594077398782,
          42.505310384137985
        ],
        [
          1.52750238840921,
          42.50519681890673
        ],
        [
          1.5276203610002115,
          42.50519680952042
        ],
        [
          1.5282350146676393,
          42.50540036972874
        ],
        [
          1.5278338244836827,
          42.505543141060215
        ],
        [
          1.5271214541709996,
          42.50548802387488
        ],
        [
          1.5273180080470357,
          42.5054021194969
        ],
        [
          1.5265644201359096,
          42.50528455037723
        ],
        [
          1.5261557315464014,
          42.5055014643349
        ],
        [
          1.5267991536326362,
          42.50588427607771
        ],
        [
          1.52684919363124,
          42.50596763183135
        ],
        [
          1.5272067462017613,
          42.50610052505192
        ],
        [
          1.5275689194275137,
          42.50675553786493
        ],
        [
          1.527757996836306,
          42.50721436437592
        ],
        [
          1.5269977633657703,
          42.5071530267205
        ],
        [
          1.5262375298952349,
          42.507091689065085
        ],
        [
          1.5254780634175367,
          42.50702155019227
        ],
        [
          1.5247688515642652,
          42.506851466801265
        ],
        [
          1.5243802379535365,
          42.50672079744934
        ],
        [
          1.5236672855816484,
          42.506713477484396
        ],
        [
          1.52292523996442,
          42.50653716817384
        ],
        [
          1.5221833190319736,
          42.50636033331389
        ],
        [
          1.5214836614053733,
          42.50615488170963
        ],
        [
          1.520769682165805,
          42.50589011174114
        ],
        [
          1.5212762524887853,
          42.506163484362276
        ],
        [
          1.5211679049156936,
          42.506222468276114
        ],
        [
          1.520741577696221,
          42.50593286874742
        ],
        [
          1.5199999209478388,
          42.50575625012691
        ],
        [
          1.5192568696150957,
          42.50558422700461
        ],
        [
          1.5185138995974339,
          42.50554274636395
        ],
        [
          1.5185727154866953,
          42.506084920146435
        ],
        [
          1.5188451041806827,
          42.50635205329285
        ],
        [
          1.5187675000000005,
          42.5067614
        ]
      ],
      "emotions": [
        "red",
        "purple",
        "purple",
        "purple",
        "purple",
        "purple",
        "red",
        "red",
        "red",
        "red",
        "red",
        "red",
        "red",
        "red",
        "red",
        "red",
        "green",
        "green",
        "green",
        "green",
        "green",
        "red",
        "red",
        "red",
        "red",
        "red",
        "purple",
        "purple",
        "purple",
        "purple",
        "purple",
        "red",
        "red",
        "red",
        "red"
      ],
      "mood_vectors": [
        [
          0.05675828463458176,
          0.2570217202501724,
          0.24477972820254468,
          0.07081876018996093,
          0.12543473708075664,
          0.005251663873065387,
          0.23993510576891827
        ],
        [
          0.08301759961211683,
          0.1974741137919544,
          0.26781140349107196,
          0.05307276941792268,
          0.029269995791725796,
          0.13258790627383352,
          0.23676621162137482
        ],
        [
          0.2329883527304824,
          0.02453555744126218,
          0.07396273279147882,
          0.2312183378931345,
          0.21484229291539061,
          0.21397029016996794,
          0.008482436058283584
        ],
        [
          0.19394406684042098,
          0.39832378926599366,
          0.05275597610321423,
          0.014620659235838464,
          0.03470251213750922,
          0.2524584754306057,
          0.053194520986417776
        ],
        [
          0.22580681468838065,
          0.03181098549134462,
          0.12414476119806912,
          0.27064466940627174,
          0.009501580686627386,
          0.09057574357828135,
          0.24751544495102507
        ],
        [
          0.26963973863124135,
          0.1482954151177381,
          0.16227816541070683,
          0.07953732487223716,
          0.0024716961095182016,
          0.20777219145378403,
          0.13000546840477425
        ],
        [
          0.18535790822952988,
          0.09186461387788143,
          0.022375383534426332,
          0.24314473239920184,
          0.19116363385373047,
          0.22028331055725833,
          0.04581041754797168
        ],
        [
          0.060377494481037845,
          0.18995171636544017,
          0.1183172613693133,
          0.09710926831917185,
          0.21749890209160028,
          0.14796034495365012,
          0.16878501241978633
        ],
        [
          0.15373507782836165,
          0.00807195070774353,
          0.13417386552500193,
          0.17620912777340744,
          0.19740026701925273,
          0.06405668081465388,
          0.26635303033157887
        ],
        [
          0.0921781609326378,
          0.20583550120682034,
          0.08990683243369459,
          0.2177516279334039,
          0.15779763497408217,
          0.015640088464419628,
          0.22089015405494156
        ],
        [
          0.22432077275589632,
          0.1908935592587787,
          0.20826542360255013,
          0.04851744542551412,
          0.24994937079250115,
          0.02932517368343939,
          0.04872825448132024
        ],
        [
          0.21534761916148562,
          0.2143622524580942,
          0.21153617835552607,
          0.04551845414278814,
          0.12337616712976487,
          0.04201244904557641,
          0.14784687970676466
        ],
        [
          0.2160555316577377,
          0.006613660842275277,
          0.21914693128944215,
          0.010183574868903195,
          0.24199873505213748,
          0.19119831576433105,
          0.11480325052517322
        ],
        [
          0.10949307615225105,
          0.23063560929067986,
          0.11137001135481231,
          0.09730487838730062,
          0.05084014426335229,
          0.27830573339361975,
          0.12205054715798415
        ],
        [
          0.153658066757097,
          0.23319037502374287,
          0.2559645469281656,
          0.10993502921147447,
          0.046901970485086875,
          0.05346589144406613,
          0.146884120150367
        ],
        [
          0.04840906066274226,
          0.19547611168641402,
          0.1981446294110212,
          0.14863941757614535,
          0.20622511976411478,
          0.12030939596851407,
          0.0827962649310482
        ],
        [
          0.05410659737515278,
          0.22053867140117242,
          0.1951150666840099,
          0.2052078485791188,
          0.017465940078022237,
          0.08446728283410758,
          0.22309859304841625
        ],
        [
          0.2103515294734868,
          0.07716652957326886,
          0.16630956027289492,
          0.042580724865560596,
          0.17720894444996846,
          0.254921580888102,
          0.07146113047671837
        ],
        [
          0.09992699540296468,
          0.13254686043705322,
          0.046094901839403936,
          0.31196885778350314,
          0.1261435719988984,
          0.1139474730018322,
          0.16937133953634445
        ],
        [
          0.10397851128048052,
          0.11623272989556173,
          0.214062319780156,
          0.21765762456999213,
          0.2257404580267816,
          0.1114651423743283,
          0.010863214072699783
        ],
        [
          0.30446505744412206,
          0.05544112006485157,
          0.053831446416413915,
          0.1295157791836456,
          0.2321385985942916,
          0.21501900838465302,
          0.009588989912022209
        ],
        [
          0.12810519952071592,
          0.20440954951234908,
          0.13324739103013372,
          0.04924770902517812,
          0.028928884534475372,
          0.22987195615363398,
          0.22618931022351382
        ],
        [
          0.22383790893338495,
          0.10423444114955312,
          0.03528344076069001,
          0.23683966142222362,
          0.08949136631217953,
          0.21726680011496174,
          0.09304638130700699
        ],
        [
          0.2644154263130652,
          0.2035393535881067,
          0.11746244162312099,
          0.15183792646124006,
          0.05818136386795888,
          0.12027282060445246,
          0.08429066754205572
        ],
        [
          0.19591369530357833,
          0.012303723156544315,
          0.24729985014908928,
          0.25069019557439287,
          0.07761997712713405,
          0.13107650969411022,
          0.08509604899515097
        ],
        [
          0.14934550624515744,
          0.043337199339513445,
          0.057033618091320036,
          0.2875486716233332,
          0.39623656765076404,
          0.05318361929215561,
          0.013314817757756177
        ],
        [
          0.11336148932973211,
          0.2244449808563838,
          0.24888328362270165,
          0.03864079141328271,
          0.08485611457205357,
          0.06630845521759886,
          0.2235048849882473
        ],
        [
          0.2515747629962482,
          0.16017322181688243,
          0.19216528717923323,
          0.07954769263629108,
          0.22379945131294818,
          0.0261093593629454,
          0.06663022469545149
        ],
        [
          0.06078119757099861,
          0.3624957754149254,
          0.20640027087289367,
          0.014090838614949155,
          0.05075530485263834,
          0.021824444830663384,
          0.2836521678429315
        ],
        [
          0.00961563503830535,
          0.10261428006402758,
          0.2577989935802985,
          0.12753453430996353,
          0.1295938334610945,
          0.20390965351818655,
          0.16893307002812394
        ],
        [
          0.14980705514033707,
          0.1150437722731762,
          0.30329896402888945,
          0.002883177195627738,
          0.07221692282970966,
          0.2135338700141836,
          0.14321623851807622
        ],
        [
          0.250144722189097,
          0.23541105922454406,
          0.03605045211041092,
          0.05211452680026895,
          0.11071198629860726,
          0.23569647941348223,
          0.07987077396358955
        ],
        [
          0.194433524920074,
          0.04938592974988028,
          0.1453825110896584,
          0.08666587377806753,
          0.09476108926055891,
          0.16291973171035704,
          0.2664513394914038
        ],
        [
          0.11624003873162182,
          0.028561300818656533,
          0.265638347305221,
          0.04320524575871435,
          0.3833805393546495,
          0.0780652977838215,
          0.08490923024731524
        ],
        [
          0.131115346760538,
          0.1026746753901114,
          0.13223736253197296,
          0.21491173013164935,
          0.2422059243372417,
          0.08122369040296092,
          0.0956312704455257
        ]
      ],
      "timestamps": [
        59,
        60,
        61,
        62,
        63,
        64,
        65,
        66,
        67,
        68,
        69,
        70,
        71,
        72,
        73,
        74,
        75,
        76,
        77,
        78,
        79,
        80,
        81,
        82,
        83,
        84,
        85,
        86,
        87,
        88,
        89,
        90,
        91,
        92,
        93
      ],
      "distance": 1124.9
    },
    {
      "trip_id": 3,
      "transport_method": "bicycle",
      "start_time": 94,
      "path": [
        [
          1.5187675000000005,
          42.5067614
        ],
        [
          1.5187532183942791,
          42.50676735615354
        ],
        [
          1.5187389367885578,
          42.506773312307075
        ],
        [
          1.5187246551828364,
          42.50677926846061
        ],
        [
          1.5187103775118456,
          42.5067852340397
        ],
        [
          1.5186960999999999,
          42.50679120000001
        ]
      ],
      "emotions": [
        "red",
        "red",
        "red",
        "red",
        "red",
        "red"
      ],
      "mood_vectors": [
        [
          0.1786615131404989,
          0.2636933069890407,
          0.019570018118705092,
          0.22180643690169966,
          0.1398868805717725,
          0.00792991598333151,
          0.16845192829495162
        ],
        [
          0.08817478624253457,
          0.13517461184815463,
          0.23179782150185327,
          0.19536543830912834,
          0.10858738680427855,
          0.1803788181269361,
          0.06052113716711463
        ],
        [
          0.22330899335359525,
          0.0796793137105775,
          0.009881268698993072,
          0.10507800789458592,
          0.24902485783550304,
          0.0835028340046809,
          0.24952472450206425
        ],
        [
          0.03841680146338986,
          0.1575952761360307,
          0.20746514567911448,
          0.24873766723993018,
          0.11008726439786104,
          0.02914916530618873,
          0.20854867977748498
        ],
        [
          0.26229467190791533,
          0.015729060138748877,
          0.056470694637486635,
          0.055543031990961035,
          0.2623843145577727,
          0.33294161883284623,
          0.014636607934269052
        ],
        [
          0.22278565594723787,
          0.10861773770759153,
          0.1389907093227388,
          0.15528389562436723,
          0.012134425264336656,
          0.21273868968044882,
          0.14944888645327906
        ]
      ],
      "timestamps": [
        94,
        95,
        96,
        97,
        98,
        99
      ],
      "distance": 549.4
    }
  ],
  "conversation": [
    "The old town feels like its own little city.",
    "Is that a sushi place... next to a Russian bakery?",
    "Is that a new mural?"
  ],
  "conversation_timestamps": [
    13,
    24,
    91
  ]
}
