{"agent_id": "agent-blue-1365", "type": "blue", "trips": [{"trip_id": 0, "transport_method": "bus", "start_time": 0, "path": [[1.5113719, 42.4988528], [1.5115686, 42.4991004], [1.5117653, 42.499348], [1.5115981, 42.4991075], [1.511417, 42.4988483], [1.5112359, 42.4985891], [1.5112185, 42.4986327], [1.5113362, 42.4989262], [1.5114864, 42.4992007], [1.5116845, 42.4994471], [1.51188, 42.4996956], [1.5120745, 42.4999449], [1.512269, 42.5001942], [1.5124581, 42.5004463], [1.5125699, 42.5007409], [1.5127502, 42.5010001], [1.5129481, 42.5012467], [1.5131462, 42.5014931], [1.5129902, 42.5016458], [1.5129864, 42.5018365], [1.5131645, 42.5020978], [1.5132698, 42.5022584], [1.5130779, 42.5020071], [1.5129065, 42.5017437], [1.5130113, 42.5018691], [1.5131917, 42.5021288], [1.5133721, 42.5023885], [1.5134925, 42.5025555], [1.5135689, 42.5025848], [1.5137969, 42.5028039], [1.5140248, 42.503023], [1.5142528, 42.5032422], [1.5144807, 42.5034613], [1.5147086, 42.5036805], [1.5149366, 42.5038996], [1.5151645, 42.5041188], [1.5153925, 42.5043379], [1.5156204, 42.504557], [1.5158543, 42.5047694], [1.5161007, 42.5049675], [1.5163954, 42.5050808], [1.5166861, 42.5052049], [1.5169523, 42.5053736], [1.5171839, 42.5053827], [1.5174968, 42.5054251], [1.5177904, 42.5053725], [1.5180979, 42.505376], [1.5184089, 42.5054328], [1.5187237, 42.5054631], [1.5190379, 42.5054973], [1.5193482, 42.505557], [1.5196559, 42.5056299], [1.5199635, 42.5057031], [1.5202712, 42.5057762], [1.5205711, 42.5058714], [1.5208585, 42.50592], [1.5211556, 42.5060282], [1.5214515, 42.5061395], [1.5217471, 42.506251], [1.5216549, 42.5065535], [1.5218078, 42.5067456], [1.522103, 42.5068591], [1.522332, 42.506888], [1.5224723, 42.5071592], [1.5225109, 42.5074726], [1.5227566, 42.5076486], [1.5230619, 42.507727], [1.5233677, 42.5078072], [1.5236827, 42.5077904], [1.5239984, 42.5077739], [1.524314, 42.5077853], [1.5246245, 42.5078444], [1.5245792, 42.5081333], [1.5246679, 42.5083862], [1.5249726, 42.5084698], [1.5252763, 42.508558], [1.5255799, 42.5086462], [1.5258921, 42.508687], [1.5262074, 42.5087101], [1.5265207, 42.5087504]], "mood_vectors": [[0.0397, 0.0268, 0.0352, 0.717, 0.0441, 0.0607, 0.0765], [0.0494, 0.0643, 0.0352, 0.6331, 0.0518, 0.0853, 0.081], [0.046, 0.0562, 0.036, 0.6938, 0.028, 0.0733, 0.0665], [0.0401, 0.0535, 0.0591, 0.6729, 0.0359, 0.0825, 0.056], [0.0369, 0.0462, 0.061, 0.6657, 0.0575, 0.0428, 0.0899], [0.0709, 0.0849, 0.0164, 0.6164, 0.0731, 0.09, 0.0482], [0.036, 0.0796, 0.0226, 0.7356, 0.0604, 0.0422, 0.0235], [0.0629, 0.0299, 0.0743, 0.6462, 0.0554, 0.0535, 0.0778], [0.0167, 0.0765, 0.0231, 0.7998, 0.0144, 0.0488, 0.0208], [0.0463, 0.0128, 0.0436, 0.7281, 0.0297, 0.0618, 0.0778], [0.0545, 0.0483, 0.0702, 0.6188, 0.0565, 0.0738, 0.0779], [0.0526, 0.0428, 0.0683, 0.7338, 0.0296, 0.0508, 0.022], [0.0732, 0.0531, 0.0186, 0.7034, 0.0817, 0.0321, 0.0379], [0.0238, 0.0437, 0.0712, 0.7115, 0.0701, 0.013, 0.0667], [0.0452, 0.0638, 0.0362, 0.7368, 0.0479, 0.0127, 0.0573], [0.0423, 0.0887, 0.0325, 0.6625, 0.054, 0.0827, 0.0374], [0.0452, 0.0435, 0.0514, 0.7133, 0.0741, 0.0483, 0.0244], [0.0714, 0.029, 0.0814, 0.6342, 0.0436, 0.0722, 0.0683], [0.0449, 0.0324, 0.0987, 0.7251, 0.0454, 0.0297, 0.0238], [0.0522, 0.0653, 0.0524, 0.6638, 0.0519, 0.0573, 0.0571], [0.0843, 0.0819, 0.0379, 0.6364, 0.0786, 0.0501, 0.0308], [0.0295, 0.0331, 0.0973, 0.6524, 0.0239, 0.0943, 0.0697], [0.0514, 0.0199, 0.0839, 0.6481, 0.0692, 0.072, 0.0554], [0.025, 0.0499, 0.0175, 0.6464, 0.0975, 0.0873, 0.0762], [0.0819, 0.0282, 0.0585, 0.6834, 0.0426, 0.0736, 0.0317], [0.0423, 0.0288, 0.0185, 0.7492, 0.082, 0.06, 0.0193], [0.0531, 0.0142, 0.0634, 0.6945, 0.0639, 0.0359, 0.0749], [0.0285, 0.0404, 0.0216, 0.809, 0.0305, 0.0301, 0.0401], [0.0247, 0.0699, 0.0198, 0.7121, 0.0365, 0.0631, 0.074], [0.06, 0.0885, 0.0583, 0.6558, 0.0222, 0.0539, 0.0613], [0.0683, 0.0194, 0.0563, 0.6195, 0.0694, 0.0798, 0.0873], [0.0734, 0.0228, 0.0634, 0.7273, 0.0216, 0.0484, 0.0432], [0.0558, 0.0284, 0.0414, 0.729, 0.0375, 0.0828, 0.0252], [0.0424, 0.0528, 0.0705, 0.6886, 0.0559, 0.0207, 0.069], [0.056, 0.0412, 0.0625, 0.6609, 0.049, 0.0558, 0.0745], [0.072, 0.0238, 0.0417, 0.7392, 0.0647, 0.0238, 0.0347], [0.0501, 0.0549, 0.0636, 0.7, 0.0151, 0.0475, 0.0688], [0.0705, 0.0296, 0.066, 0.6153, 0.0635, 0.0847, 0.0703], [0.069, 0.0798, 0.0824, 0.6014, 0.0143, 0.092, 0.0611], [0.0508, 0.0839, 0.0734, 0.5973, 0.0472, 0.0768, 0.0707], [0.0344, 0.043, 0.0716, 0.7126, 0.0197, 0.0711, 0.0476], [0.0543, 0.0705, 0.0601, 0.6694, 0.0451, 0.0779, 0.0227], [0.0421, 0.0626, 0.0452, 0.7124, 0.0378, 0.0259, 0.0739], [0.0695, 0.0766, 0.0665, 0.6792, 0.0158, 0.0305, 0.0619], [0.0545, 0.064, 0.0575, 0.6923, 0.0144, 0.0609, 0.0563], [0.052, 0.0335, 0.0371, 0.7435, 0.0268, 0.06, 0.0472], [0.0684, 0.0318, 0.0776, 0.6252, 0.0206, 0.0936, 0.0829], [0.0236, 0.02, 0.0525, 0.7564, 0.0274, 0.0257, 0.0944], [0.0367, 0.0514, 0.0761, 0.6738, 0.0407, 0.1008, 0.0205], [0.0506, 0.0643, 0.0509, 0.6811, 0.0558, 0.054, 0.0434], [0.0455, 0.0707, 0.0169, 0.7172, 0.0556, 0.0348, 0.0594], [0.0243, 0.0442, 0.0725, 0.7147, 0.0665, 0.0191, 0.0587], [0.0494, 0.0261, 0.0355, 0.7835, 0.0177, 0.052, 0.0358], [0.0193, 0.019, 0.0522, 0.77, 0.0549, 0.0462, 0.0384], [0.0581, 0.0236, 0.0153, 0.7656, 0.0879, 0.0355, 0.014], [0.0366, 0.0442, 0.0304, 0.7116, 0.0608, 0.0701, 0.0463], [0.0596, 0.038, 0.025, 0.7525, 0.0507, 0.0421, 0.0321], [0.0383, 0.0591, 0.0493, 0.6913, 0.0639, 0.0668, 0.0313], [0.069, 0.0503, 0.0175, 0.7465, 0.0376, 0.0282, 0.0509], [0.0763, 0.0553, 0.0167, 0.7093, 0.012, 0.0625, 0.0678], [0.0644, 0.0303, 0.042, 0.7234, 0.0384, 0.0393, 0.0622], [0.0362, 0.0641, 0.0986, 0.7282, 0.033, 0.0223, 0.0176], [0.032, 0.0411, 0.0554, 0.685, 0.0725, 0.0368, 0.0773], [0.0574, 0.0769, 0.0453, 0.6891, 0.0263, 0.0724, 0.0325], [0.0293, 0.0415, 0.0138, 0.7427, 0.0347, 0.0753, 0.0627], [0.0322, 0.0165, 0.0157, 0.7357, 0.0962, 0.0862, 0.0176], [0.0595, 0.0376, 0.0332, 0.7005, 0.0502, 0.0504, 0.0686], [0.0448, 0.0741, 0.0573, 0.651, 0.07, 0.0558, 0.0471], [0.0375, 0.0757, 0.0417, 0.6599, 0.064, 0.0492, 0.072], [0.028, 0.0188, 0.0466, 0.7402, 0.0198, 0.0945, 0.0522], [0.0629, 0.0636, 0.0327, 0.6697, 0.0514, 0.0751, 0.0446], [0.029, 0.02, 0.086, 0.7322, 0.02, 0.0581, 0.0547], [0.0527, 0.0784, 0.0261, 0.7013, 0.0379, 0.0737, 0.0299], [0.0573, 0.0433, 0.0473, 0.6904, 0.0422, 0.0535, 0.0661], [0.0292, 0.081, 0.0885, 0.636, 0.0816, 0.0205, 0.0631], [0.0133, 0.0628, 0.072, 0.7303, 0.0539, 0.0151, 0.0526], [0.021, 0.0605, 0.0629, 0.6713, 0.0341, 0.0788, 0.0714], [0.074, 0.0664, 0.0164, 0.6766, 0.0732, 0.0145, 0.0788], [0.0436, 0.0667, 0.0132, 0.7116, 0.0631, 0.0328, 0.069], [0.0248, 0.0487, 0.038, 0.7142, 0.0248, 0.0737, 0.0757]], "emotions": ["green", "green", "green", "green", "green", "green", "green", "green", "green", "green", "green", "green", "green", "green", "green", "green", "green", "green", "green", "green", "green", "green", "green", "green", "green", "green", "green", "green", "green", "green", "green", "green", "green", "green", "green", "green", "green", "green", "green", "green", "green", "green", "green", "green", "green", "green", "green", "green", "green", "green", "green", "green", "green", "green", "green", "green", "green", "green", "green", "green", "green", "green", "green", "green", "green", "green", "green", "green", "green", "green", "green", "green", "green", "green", "green", "green", "green", "green", "green", "green"], "timestamps": [0, 40, 80, 120, 160, 200, 240, 280, 320, 360, 400, 440, 480, 520, 560, 600, 640, 680, 720, 760, 800, 840, 880, 920, 960, 1000, 1040, 1080, 1120, 1160, 1200, 1240, 1280, 1320, 1360, 1400, 1440, 1480, 1520, 1560, 1600, 1640, 1680, 1720, 1760, 1800, 1840, 1880, 1920, 1960, 2000, 2040, 2080, 2120, 2160, 2200, 2240, 2280, 2320, 2360, 2400, 2440, 2480, 2520, 2560, 2600, 2640, 2680, 2720, 2760, 2800, 2840, 2880, 2920, 2960, 3000, 3040, 3080, 3120, 3160]}], "conversation": [], "conversation_timestamps": []}