{"agent_id": "agent-green-522", "type": "green", "trips": [{"trip_id": 0, "transport_method": "bus", "start_time": 0, "path": [[1.6963707, 42.532181], [1.6973783, 42.531973], [1.6989522, 42.5326526], [1.6980438, 42.5321891], [1.6998421, 42.5332735], [1.7008318, 42.535138], [1.7014987, 42.5368271], [1.7011992, 42.5388642], [1.7012836, 42.5408993], [1.7010775, 42.5428609], [1.7011253, 42.5447325], [1.7007064, 42.5467033], [1.6997572, 42.5485792], [1.6981165, 42.5498816], [1.6962984, 42.5509592], [1.6946321, 42.5520299], [1.6928764, 42.5532114], [1.6912975, 42.5546124], [1.6898904, 42.556193], [1.6884439, 42.5577254], [1.6866827, 42.5588989], [1.6849712, 42.5601433], [1.6831605, 42.5612285], [1.6815636, 42.5626147], [1.6802611, 42.5642359], [1.6795132, 42.5662157], [1.6787652, 42.5681954], [1.6785306, 42.5685109], [1.6790119, 42.5665151], [1.6796801, 42.5645607], [1.6801184, 42.564624], [1.6793779, 42.5666066], [1.6786373, 42.5685891], [1.677659, 42.5704305], [1.6763024, 42.5720402], [1.6746687, 42.5733738], [1.6730577, 42.5745265], [1.6722663, 42.5751468], [1.6702645, 42.5758321], [1.6683073, 42.5766115], [1.6666258, 42.5761407], [1.6648409, 42.5761293], [1.6627295, 42.5762575], [1.6606334, 42.5761965], [1.6586198, 42.5761266], [1.6586647, 42.5761796], [1.6567021, 42.5754719], [1.6546232, 42.5751011], [1.6526247, 42.574747], [1.6507024, 42.5754998], [1.6487558, 42.5762191], [1.6470367, 42.5773003], [1.6449452, 42.5775093], [1.6428764, 42.577904], [1.640789, 42.578223], [1.6386868, 42.5781859], [1.6365937, 42.5779906], [1.6349407, 42.5778638], [1.6335249, 42.5781563], [1.6314319, 42.5784409], [1.629411, 42.5781043], [1.6273861, 42.5777738], [1.6255757, 42.57681], [1.6268776, 42.5778113], [1.6255052, 42.5767519], [1.6235617, 42.5759779], [1.6217501, 42.5750021], [1.61981, 42.5742502], [1.617924, 42.5734126], [1.6160652, 42.5728018], [1.6140423, 42.5721805], [1.6119522, 42.5719371], [1.6099624, 42.5714699], [1.6079067, 42.5711441], [1.6066576, 42.5707464], [1.6049316, 42.5697896], [1.6037073, 42.5683267], [1.6017828, 42.5675222], [1.6002059, 42.5661221], [1.6014449, 42.5673157]], "mood_vectors": [[0.0293, 0.0648, 0.0661, 0.0572, 0.0518, 0.0154, 0.7154], [0.0358, 0.0254, 0.0651, 0.0217, 0.056, 0.0615, 0.7345], [0.0461, 0.0448, 0.0797, 0.0427, 0.0575, 0.0217, 0.7075], [0.0598, 0.0389, 0.0478, 0.0157, 0.0137, 0.0684, 0.7557], [0.0892, 0.0222, 0.061, 0.042, 0.0269, 0.0336, 0.7253], [0.0428, 0.0687, 0.0875, 0.0165, 0.0759, 0.0394, 0.6693], [0.0698, 0.0294, 0.0649, 0.0394, 0.051, 0.0342, 0.7113], [0.0243, 0.0616, 0.075, 0.0693, 0.0636, 0.0679, 0.6384], [0.0783, 0.06, 0.0169, 0.0175, 0.0184, 0.022, 0.7869], [0.0433, 0.0162, 0.0479, 0.0634, 0.0345, 0.0664, 0.7283], [0.0771, 0.0641, 0.021, 0.0403, 0.0287, 0.0515, 0.7173], [0.0335, 0.0129, 0.0455, 0.0637, 0.0129, 0.0369, 0.7946], [0.0139, 0.0471, 0.081, 0.0172, 0.0464, 0.0673, 0.7271], [0.0256, 0.0669, 0.0771, 0.0437, 0.0125, 0.0413, 0.733], [0.0296, 0.0619, 0.0665, 0.0295, 0.0174, 0.0859, 0.7092], [0.0755, 0.0574, 0.0544, 0.0378, 0.0231, 0.0383, 0.7133], [0.0505, 0.0264, 0.0479, 0.0196, 0.0237, 0.0144, 0.8175], [0.0738, 0.0777, 0.0409, 0.0411, 0.0649, 0.0418, 0.6598], [0.0579, 0.0523, 0.0492, 0.095, 0.0468, 0.0426, 0.6562], [0.0839, 0.0145, 0.0624, 0.0597, 0.0226, 0.0388, 0.7181], [0.0859, 0.0579, 0.0632, 0.027, 0.0221, 0.0326, 0.7113], [0.0412, 0.0831, 0.0816, 0.0624, 0.0663, 0.0147, 0.6507], [0.018, 0.0378, 0.0452, 0.0268, 0.0521, 0.0413, 0.7788], [0.0615, 0.0725, 0.0168, 0.0585, 0.0531, 0.0595, 0.6782], [0.0515, 0.03, 0.0666, 0.0496, 0.0977, 0.0817, 0.623], [0.0334, 0.0287, 0.0772, 0.0433, 0.0263, 0.0574, 0.7336], [0.0662, 0.0998, 0.0603, 0.0531, 0.0263, 0.0429, 0.6513], [0.0797, 0.0741, 0.0514, 0.0599, 0.0303, 0.0247, 0.6799], [0.0837, 0.0137, 0.0355, 0.0584, 0.0666, 0.0326, 0.7094], [0.06, 0.0802, 0.0302, 0.0336, 0.0367, 0.0442, 0.7151], [0.0209, 0.0236, 0.071, 0.0215, 0.0653, 0.0365, 0.7612], [0.0918, 0.0819, 0.0321, 0.0693, 0.0651, 0.0418, 0.618], [0.0717, 0.0164, 0.0162, 0.0223, 0.0684, 0.0445, 0.7605], [0.0216, 0.0288, 0.0477, 0.0493, 0.0258, 0.0284, 0.7983], [0.0895, 0.0771, 0.0217, 0.0463, 0.0192, 0.0548, 0.6915], [0.0667, 0.0856, 0.0679, 0.0395, 0.0408, 0.0875, 0.612], [0.0685, 0.0672, 0.0337, 0.0731, 0.022, 0.0149, 0.7206], [0.0516, 0.0718, 0.0548, 0.0422, 0.0603, 0.0797, 0.6396], [0.0812, 0.0326, 0.03, 0.0338, 0.0253, 0.0309, 0.7661], [0.0435, 0.0284, 0.047, 0.0432, 0.0687, 0.0533, 0.7158], [0.0587, 0.0568, 0.077, 0.0159, 0.0463, 0.027, 0.7182], [0.0211, 0.0258, 0.02, 0.0901, 0.0412, 0.0596, 0.7423], [0.0765, 0.0633, 0.0607, 0.0328, 0.0824, 0.0656, 0.6187], [0.0489, 0.0249, 0.0495, 0.0636, 0.0423, 0.0694, 0.7014], [0.0368, 0.0182, 0.0751, 0.0431, 0.0433, 0.0787, 0.7048], [0.0399, 0.0679, 0.0794, 0.0857, 0.0143, 0.0153, 0.6974], [0.0673, 0.0588, 0.069, 0.0366, 0.0798, 0.0608, 0.6277], [0.0166, 0.0611, 0.0451, 0.0317, 0.062, 0.0535, 0.73], [0.0865, 0.0218, 0.0803, 0.0312, 0.0591, 0.0346, 0.6865], [0.0645, 0.0381, 0.0184, 0.0829, 0.0538, 0.095, 0.6474], [0.0391, 0.0445, 0.0826, 0.0361, 0.056, 0.0396, 0.7021], [0.0274, 0.0393, 0.076, 0.0666, 0.0808, 0.0322, 0.6776], [0.0725, 0.0374, 0.0693, 0.0128, 0.0541, 0.0702, 0.6836], [0.0504, 0.0264, 0.0677, 0.0108, 0.0675, 0.0681, 0.709], [0.0245, 0.0374, 0.0346, 0.058, 0.0591, 0.0243, 0.7621], [0.097, 0.0214, 0.0864, 0.0718, 0.0393, 0.0622, 0.6218], [0.0451, 0.0608, 0.0162, 0.0831, 0.0522, 0.0349, 0.7077], [0.0543, 0.0335, 0.0877, 0.0253, 0.0745, 0.0592, 0.6654], [0.0533, 0.0489, 0.0449, 0.0678, 0.0719, 0.0308, 0.6823], [0.091, 0.0506, 0.0379, 0.0979, 0.0248, 0.0757, 0.622], [0.0805, 0.0242, 0.0531, 0.0543, 0.0753, 0.0655, 0.6471], [0.0486, 0.0493, 0.0404, 0.071, 0.0144, 0.0492, 0.7272], [0.0383, 0.0734, 0.0529, 0.0175, 0.0797, 0.0718, 0.6664], [0.0936, 0.0551, 0.015, 0.0579, 0.0827, 0.0272, 0.6685], [0.0459, 0.0418, 0.0458, 0.0656, 0.037, 0.0495, 0.7145], [0.0482, 0.0299, 0.0628, 0.0418, 0.0665, 0.0611, 0.6897], [0.0399, 0.0544, 0.0481, 0.0621, 0.0669, 0.0265, 0.7022], [0.0373, 0.0515, 0.0508, 0.0769, 0.0185, 0.0619, 0.7031], [0.0197, 0.0814, 0.0647, 0.0305, 0.0201, 0.0238, 0.7598], [0.0485, 0.0467, 0.0371, 0.0596, 0.0895, 0.0771, 0.6415], [0.0579, 0.0552, 0.0702, 0.0776, 0.0688, 0.0789, 0.5915], [0.0185, 0.0644, 0.0808, 0.04, 0.0386, 0.0433, 0.7144], [0.053, 0.0268, 0.0223, 0.0694, 0.0498, 0.0403, 0.7383], [0.0516, 0.083, 0.0352, 0.0152, 0.0496, 0.0132, 0.7522], [0.0374, 0.079, 0.0531, 0.0407, 0.0596, 0.0664, 0.6638], [0.0402, 0.0473, 0.0628, 0.061, 0.0818, 0.0282, 0.6787], [0.0509, 0.0545, 0.0314, 0.0574, 0.0565, 0.0536, 0.6958], [0.0798, 0.0538, 0.0464, 0.0455, 0.0432, 0.0876, 0.6437], [0.0262, 0.0897, 0.0195, 0.0145, 0.0953, 0.0578, 0.697], [0.0775, 0.0597, 0.0771, 0.022, 0.0639, 0.0246, 0.6753]], "emotions": ["purple", "purple", "purple", "purple", "purple", "purple", "purple", "purple", "purple", "purple", "purple", "purple", "purple", "purple", "purple", "purple", "purple", "purple", "purple", "purple", "purple", "purple", "purple", "purple", "purple", "purple", "purple", "purple", "purple", "purple", "purple", "purple", "purple", "purple", "purple", "purple", "purple", "purple", "purple", "purple", "purple", "purple", "purple", "purple", "purple", "purple", "purple", "purple", "purple", "purple", "purple", "purple", "purple", "purple", "purple", "purple", "purple", "purple", "purple", "purple", "purple", "purple", "purple", "purple", "purple", "purple", "purple", "purple", "purple", "purple", "purple", "purple", "purple", "purple", "purple", "purple", "purple", "purple", "purple", "purple"], "timestamps": [0, 40, 80, 120, 160, 200, 240, 280, 320, 360, 400, 440, 480, 520, 560, 600, 640, 680, 720, 760, 800, 840, 880, 920, 960, 1000, 1040, 1080, 1120, 1160, 1200, 1240, 1280, 1320, 1360, 1400, 1440, 1480, 1520, 1560, 1600, 1640, 1680, 1720, 1760, 1800, 1840, 1880, 1920, 1960, 2000, 2040, 2080, 2120, 2160, 2200, 2240, 2280, 2320, 2360, 2400, 2440, 2480, 2520, 2560, 2600, 2640, 2680, 2720, 2760, 2800, 2840, 2880, 2920, 2960, 3000, 3040, 3080, 3120, 3160]}], "conversation": [], "conversation_timestamps": []}