{"agent_id": "agent-orange-538", "type": "orange", "trips": [{"trip_id": 0, "transport_method": "foot", "start_time": 0, "path": [[1.5263688, 42.5927453], [1.5251388, 42.592164], [1.524346, 42.5900669], [1.5228219, 42.5883872], [1.5211531, 42.5869113], [1.520567, 42.5848045], [1.5193112, 42.5830003], [1.5188703, 42.5807703], [1.5184933, 42.5785251], [1.5192029, 42.5803457], [1.5190078, 42.5819142], [1.5182665, 42.5797616], [1.5175252, 42.577609], [1.5185872, 42.5764406], [1.5173682, 42.5773763], [1.5185313, 42.5757304], [1.5184881, 42.573779], [1.5189674, 42.5726996], [1.5206397, 42.5711813], [1.5212007, 42.5690129], [1.5229454, 42.5676078], [1.5240901, 42.5656713], [1.5256897, 42.5640776], [1.527338, 42.5629618], [1.5287525, 42.5613464], [1.5304816, 42.559882], [1.5313036, 42.5590525], [1.5299473, 42.5607641], [1.5303037, 42.5600564], [1.5319134, 42.558466], [1.5307257, 42.5570199], [1.5291789, 42.5555719], [1.5277379, 42.553972], [1.5265844, 42.552107], [1.526488, 42.550779], [1.5253714, 42.5488078], [1.5247168, 42.5467522], [1.5239847, 42.5450922], [1.5233239, 42.5436781], [1.522969, 42.5415248], [1.523233, 42.5401921], [1.5234015, 42.538054], [1.5252184, 42.5372602], [1.5234656, 42.536453], [1.5219937, 42.5348496], [1.5209345, 42.5333421], [1.5209543, 42.5313647], [1.5218889, 42.5295859], [1.5209379, 42.5278445], [1.5207667, 42.5256909], [1.5206347, 42.527265], [1.5206784, 42.5250016], [1.521719, 42.5230704], [1.523135, 42.5213923], [1.5238153, 42.5199624], [1.5237349, 42.5201308], [1.5249488, 42.5183663], [1.5267357, 42.517069], [1.5287122, 42.5160133], [1.5302698, 42.5143942], [1.5309209, 42.5123664], [1.5294627, 42.5109747], [1.5285278, 42.5093814], [1.528623, 42.5094759], [1.5266715, 42.5085099], [1.5245594, 42.5078319], [1.5223132, 42.5077188], [1.5201786, 42.5074043], [1.5187437, 42.506698], [1.5167438, 42.5057852], [1.5149001, 42.5046257], [1.5136488, 42.5033787], [1.5119491, 42.5019005], [1.5099279, 42.5008985], [1.5079166, 42.4998495], [1.5058625, 42.4988686], [1.5038036, 42.4979004], [1.5017803, 42.4968677], [1.5002187, 42.4961648], [1.4988559, 42.4948589]], "mood_vectors": [[0.0703, 0.0558, 0.0329, 0.0514, 0.663, 0.0746, 0.052], [0.0615, 0.0581, 0.0565, 0.0676, 0.6943, 0.0406, 0.0215], [0.0749, 0.0723, 0.0607, 0.0199, 0.6621, 0.0486, 0.0615], [0.0147, 0.0841, 0.0708, 0.0327, 0.6325, 0.0838, 0.0813], [0.0325, 0.0554, 0.0844, 0.073, 0.6657, 0.039, 0.05], [0.0518, 0.0648, 0.0183, 0.0275, 0.7649, 0.0126, 0.06], [0.0249, 0.0431, 0.0885, 0.0397, 0.7519, 0.0184, 0.0335], [0.0797, 0.018, 0.0522, 0.0745, 0.6898, 0.0385, 0.0474], [0.0763, 0.0478, 0.0449, 0.0507, 0.6913, 0.0567, 0.0322], [0.0257, 0.0667, 0.0592, 0.0857, 0.6574, 0.0892, 0.0161], [0.0793, 0.0631, 0.0139, 0.0739, 0.6921, 0.0415, 0.0362], [0.0503, 0.067, 0.044, 0.0268, 0.762, 0.0351, 0.0147], [0.0473, 0.0568, 0.0686, 0.0944, 0.5881, 0.0954, 0.0494], [0.069, 0.0586, 0.0458, 0.0201, 0.6966, 0.0225, 0.0874], [0.0704, 0.0609, 0.0232, 0.0848, 0.6857, 0.0539, 0.0211], [0.039, 0.057, 0.0486, 0.0167, 0.6856, 0.0734, 0.0796], [0.0282, 0.0537, 0.0193, 0.0588, 0.7464, 0.0519, 0.0417], [0.0862, 0.0514, 0.0601, 0.0628, 0.6575, 0.0399, 0.0421], [0.0406, 0.0221, 0.0614, 0.0338, 0.6775, 0.0653, 0.0992], [0.0656, 0.0523, 0.0525, 0.0305, 0.7115, 0.0374, 0.0503], [0.0176, 0.0939, 0.0378, 0.0437, 0.6596, 0.0864, 0.061], [0.0659, 0.065, 0.0474, 0.0225, 0.691, 0.08, 0.0283], [0.027, 0.0753, 0.0774, 0.06, 0.6335, 0.048, 0.0788], [0.0645, 0.0481, 0.0308, 0.0407, 0.7238, 0.0675, 0.0245], [0.0577, 0.0647, 0.0422, 0.0616, 0.7441, 0.0143, 0.0154], [0.0849, 0.015, 0.0557, 0.0407, 0.7018, 0.02, 0.082], [0.0475, 0.0252, 0.0213, 0.0416, 0.7501, 0.0839, 0.0305], [0.0135, 0.07, 0.0798, 0.0293, 0.754, 0.0283, 0.0251], [0.0159, 0.0528, 0.0796, 0.0286, 0.6916, 0.0694, 0.0621], [0.039, 0.0369, 0.0835, 0.0282, 0.6571, 0.0799, 0.0754], [0.0714, 0.0483, 0.0316, 0.0694, 0.7202, 0.0444, 0.0147], [0.0253, 0.0585, 0.0677, 0.0954, 0.645, 0.0434, 0.0647], [0.0416, 0.0149, 0.087, 0.0863, 0.6765, 0.0385, 0.0552], [0.0329, 0.0236, 0.1005, 0.063, 0.6846, 0.0475, 0.0479], [0.0544, 0.0646, 0.0637, 0.063, 0.6898, 0.0506, 0.0138], [0.0247, 0.1008, 0.0208, 0.0422, 0.6871, 0.0399, 0.0845], [0.0147, 0.075, 0.0693, 0.0315, 0.6929, 0.0555, 0.0611], [0.014, 0.0318, 0.0431, 0.0177, 0.8117, 0.0563, 0.0253], [0.0632, 0.0751, 0.0511, 0.0837, 0.6231, 0.0302, 0.0737], [0.0205, 0.0564, 0.0851, 0.0387, 0.7471, 0.0277, 0.0245], [0.0654, 0.0653, 0.0129, 0.038, 0.6697, 0.0662, 0.0826], [0.0494, 0.0932, 0.0157, 0.0891, 0.6187, 0.0458, 0.0881], [0.0714, 0.0228, 0.1005, 0.0955, 0.629, 0.0482, 0.0326], [0.048, 0.0673, 0.0204, 0.0269, 0.7156, 0.03, 0.0919], [0.0553, 0.0118, 0.0677, 0.054, 0.7587, 0.0177, 0.0348], [0.0627, 0.0335, 0.0617, 0.0701, 0.6951, 0.0461, 0.0308], [0.0498, 0.0416, 0.0583, 0.0408, 0.7123, 0.0752, 0.022], [0.0392, 0.0464, 0.0501, 0.0929, 0.682, 0.0682, 0.0212], [0.0235, 0.0602, 0.0659, 0.0502, 0.7306, 0.0421, 0.0275], [0.0674, 0.0847, 0.0936, 0.0458, 0.6405, 0.053, 0.0149], [0.029, 0.0418, 0.0466, 0.0556, 0.6971, 0.0532, 0.0768], [0.0468, 0.0466, 0.0517, 0.0727, 0.6448, 0.0438, 0.0935], [0.0429, 0.0396, 0.0272, 0.0469, 0.698, 0.0667, 0.0787], [0.0271, 0.0716, 0.0678, 0.0723, 0.6844, 0.0356, 0.0412], [0.0408, 0.0626, 0.0221, 0.014, 0.741, 0.0545, 0.065], [0.0609, 0.0292, 0.0855, 0.0351, 0.6935, 0.0328, 0.0629], [0.0764, 0.0235, 0.0596, 0.0726, 0.674, 0.0316, 0.0623], [0.0444, 0.0798, 0.0138, 0.0543, 0.7142, 0.0755, 0.0179], [0.0591, 0.0259, 0.0648, 0.0355, 0.7048, 0.0273, 0.0826], [0.0776, 0.0667, 0.0276, 0.0731, 0.6414, 0.0833, 0.0302], [0.0495, 0.0139, 0.0314, 0.0565, 0.6994, 0.0745, 0.0748], [0.0329, 0.0444, 0.0394, 0.064, 0.7569, 0.0408, 0.0216], [0.0252, 0.0616, 0.0317, 0.0159, 0.7668, 0.0807, 0.0181], [0.0305, 0.0298, 0.0308, 0.0366, 0.7464, 0.0366, 0.0894], [0.0572, 0.0606, 0.0719, 0.0439, 0.6504, 0.0482, 0.0679], [0.0431, 0.0276, 0.0227, 0.0555, 0.7609, 0.0339, 0.0563], [0.05, 0.0321, 0.0204, 0.0731, 0.7459, 0.052, 0.0265], [0.0355, 0.0577, 0.065, 0.0717, 0.6275, 0.0656, 0.0769], [0.0392, 0.0354, 0.0179, 0.0847, 0.7899, 0.0148, 0.0181], [0.0377, 0.0318, 0.0617, 0.0868, 0.6419, 0.0735, 0.0667], [0.0691, 0.0723, 0.0159, 0.0393, 0.6884, 0.0241, 0.091], [0.0723, 0.0164, 0.0153, 0.074, 0.7281, 0.0401, 0.0538], [0.0941, 0.0671, 0.0566, 0.0312, 0.7111, 0.02, 0.0199], [0.0289, 0.0724, 0.06, 0.0659, 0.7182, 0.0231, 0.0316], [0.0332, 0.0475, 0.0794, 0.0536, 0.6667, 0.0581, 0.0615], [0.032, 0.0731, 0.0955, 0.086, 0.6487, 0.0171, 0.0476], [0.0309, 0.087, 0.027, 0.0823, 0.6612, 0.0654, 0.0463], [0.0552, 0.0515, 0.0643, 0.0551, 0.7304, 0.0215, 0.022], [0.0768, 0.0465, 0.0187, 0.0485, 0.6779, 0.0552, 0.0762], [0.0179, 0.0419, 0.0903, 0.0345, 0.7143, 0.0738, 0.0273]], "emotions": ["red", "red", "red", "red", "red", "red", "red", "red", "red", "red", "red", "red", "red", "red", "red", "red", "red", "red", "red", "red", "red", "red", "red", "red", "red", "red", "red", "red", "red", "red", "red", "red", "red", "red", "red", "red", "red", "red", "red", "red", "red", "red", "red", "red", "red", "red", "red", "red", "red", "red", "red", "red", "red", "red", "red", "red", "red", "red", "red", "red", "red", "red", "red", "red", "red", "red", "red", "red", "red", "red", "red", "red", "red", "red", "red", "red", "red", "red", "red", "red"], "timestamps": [0, 40, 80, 120, 160, 200, 240, 280, 320, 360, 400, 440, 480, 520, 560, 600, 640, 680, 720, 760, 800, 840, 880, 920, 960, 1000, 1040, 1080, 1120, 1160, 1200, 1240, 1280, 1320, 1360, 1400, 1440, 1480, 1520, 1560, 1600, 1640, 1680, 1720, 1760, 1800, 1840, 1880, 1920, 1960, 2000, 2040, 2080, 2120, 2160, 2200, 2240, 2280, 2320, 2360, 2400, 2440, 2480, 2520, 2560, 2600, 2640, 2680, 2720, 2760, 2800, 2840, 2880, 2920, 2960, 3000, 3040, 3080, 3120, 3160]}], "conversation": [], "conversation_timestamps": []}