{"agent_id": "agent-orange-1038", "type": "orange", "trips": [{"trip_id": 0, "transport_method": "bicycle", "start_time": 0, "path": [[1.5113456, 42.5019962], [1.5115991, 42.5016573], [1.5121463, 42.5017779], [1.5118845, 42.5017202], [1.5117703, 42.5016511], [1.5123305, 42.5016622], [1.5128885, 42.5016811], [1.513368, 42.5019711], [1.5138475, 42.502261], [1.5138031, 42.5022551], [1.5134259, 42.5018441], [1.512976, 42.5016542], [1.513287, 42.5018723], [1.5137914, 42.5021163], [1.5142959, 42.5023603], [1.5148003, 42.5026042], [1.5149125, 42.50267], [1.5153789, 42.5029806], [1.5158453, 42.5032911], [1.5154065, 42.5029806], [1.5152804, 42.5029107], [1.5157439, 42.5032255], [1.5162122, 42.5035329], [1.5167421, 42.5037066], [1.5173, 42.503747], [1.5178567, 42.5036922], [1.5184124, 42.5036204], [1.5189682, 42.5035487], [1.5194322, 42.5038223], [1.5199763, 42.5038505], [1.5204945, 42.5040637], [1.5210125, 42.5042775], [1.5215367, 42.5044741], [1.5220117, 42.5047496], [1.5225166, 42.5047125], [1.5230724, 42.5047834], [1.5236258, 42.5048536], [1.5241766, 42.5049557], [1.5247276, 42.5050573], [1.5252774, 42.5051652], [1.5258273, 42.5052731], [1.526382, 42.5053152], [1.5269412, 42.5052912], [1.5274983, 42.5053329], [1.5275964, 42.5053166], [1.5277966, 42.505319], [1.5283559, 42.5052855], [1.5289085, 42.5053719], [1.5294605, 42.5054683], [1.5300123, 42.5055654], [1.5304715, 42.505838], [1.5309355, 42.5061518], [1.5314096, 42.5064505], [1.5319194, 42.5066828], [1.5324592, 42.5066684], [1.5322865, 42.5066424], [1.5323627, 42.5067376], [1.5329229, 42.5067245], [1.5334676, 42.5068326], [1.5340071, 42.5069834], [1.5344338, 42.5072385], [1.5349286, 42.507499], [1.5354608, 42.5076622], [1.5360154, 42.5077257], [1.5365747, 42.5077596], [1.5371331, 42.5077966], [1.5376345, 42.5080435], [1.5381821, 42.5081386], [1.5387274, 42.5082273], [1.5392857, 42.5082508], [1.5398373, 42.508349], [1.5401822, 42.5086089], [1.5407382, 42.5086779], [1.5412941, 42.5087477], [1.5418413, 42.508861], [1.5421956, 42.5088985], [1.5421908, 42.5089251], [1.54268, 42.5090578], [1.5425022, 42.5095716], [1.5422016, 42.5100342]], "mood_vectors": [[0.0576, 0.0317, 0.0406, 0.0238, 0.7991, 0.0194, 0.0278], [0.0719, 0.0781, 0.0487, 0.0191, 0.6663, 0.0374, 0.0786], [0.0273, 0.0403, 0.0793, 0.0181, 0.755, 0.026, 0.0541], [0.0124, 0.0824, 0.0467, 0.026, 0.7144, 0.0608, 0.0573], [0.0475, 0.0418, 0.0294, 0.0257, 0.7253, 0.068, 0.0622], [0.0219, 0.0804, 0.0761, 0.0542, 0.6917, 0.04, 0.0357], [0.0695, 0.0569, 0.0932, 0.0142, 0.652, 0.0532, 0.0611], [0.0228, 0.0343, 0.0351, 0.0486, 0.7518, 0.0161, 0.0911], [0.0554, 0.027, 0.0682, 0.0678, 0.6883, 0.0731, 0.0202], [0.0351, 0.0149, 0.0543, 0.0693, 0.7674, 0.0275, 0.0315], [0.0575, 0.0715, 0.0767, 0.0203, 0.6952, 0.0145, 0.0643], [0.0225, 0.0738, 0.0826, 0.0255, 0.6555, 0.0773, 0.0628], [0.04, 0.0594, 0.0533, 0.0304, 0.7411, 0.061, 0.0148], [0.0692, 0.0378, 0.055, 0.0623, 0.6656, 0.0713, 0.0388], [0.0791, 0.0507, 0.0248, 0.0396, 0.7112, 0.044, 0.0507], [0.0209, 0.0557, 0.0706, 0.0445, 0.7672, 0.0205, 0.0205], [0.0271, 0.0581, 0.0467, 0.0599, 0.6493, 0.0798, 0.0792], [0.0828, 0.0326, 0.0399, 0.0227, 0.6959, 0.0822, 0.044], [0.0797, 0.0318, 0.024, 0.034, 0.725, 0.0308, 0.0747], [0.0191, 0.0423, 0.0744, 0.0671, 0.66, 0.0581, 0.0791], [0.0167, 0.0629, 0.0264, 0.0163, 0.7256, 0.068, 0.084], [0.0731, 0.0427, 0.0612, 0.0735, 0.6432, 0.033, 0.0733], [0.0399, 0.0594, 0.0672, 0.0331, 0.6555, 0.0802, 0.0647], [0.0562, 0.0537, 0.0632, 0.0151, 0.767, 0.0122, 0.0326], [0.0307, 0.0822, 0.0343, 0.0469, 0.7058, 0.0347, 0.0655], [0.0294, 0.0327, 0.0358, 0.0687, 0.7251, 0.0765, 0.0318], [0.0941, 0.0941, 0.0215, 0.0159, 0.6384, 0.0645, 0.0715], [0.03, 0.0219, 0.0268, 0.0142, 0.7852, 0.0482, 0.0737], [0.043, 0.0744, 0.0289, 0.0454, 0.7493, 0.0411, 0.0179], [0.0339, 0.048, 0.016, 0.0522, 0.7636, 0.064, 0.0224], [0.0462, 0.0904, 0.0208, 0.0289, 0.7429, 0.0148, 0.0559], [0.0159, 0.0532, 0.0731, 0.0614, 0.6854, 0.0649, 0.0461], [0.0583, 0.0786, 0.0247, 0.0636, 0.7079, 0.0309, 0.0361], [0.0267, 0.0677, 0.0528, 0.0616, 0.7274, 0.053, 0.0109], [0.0303, 0.033, 0.0557, 0.0838, 0.7246, 0.0292, 0.0434], [0.0637, 0.0373, 0.0558, 0.0663, 0.6764, 0.0726, 0.0279], [0.034, 0.0343, 0.0478, 0.0257, 0.7516, 0.0389, 0.0678], [0.0732, 0.0504, 0.022, 0.0582, 0.7471, 0.0172, 0.032], [0.081, 0.0567, 0.0385, 0.0794, 0.66, 0.0422, 0.0423], [0.0568, 0.091, 0.051, 0.0552, 0.7042, 0.0209, 0.021], [0.0612, 0.0519, 0.0539, 0.0425, 0.691, 0.0634, 0.0362], [0.0804, 0.0815, 0.0291, 0.0858, 0.5801, 0.0667, 0.0764], [0.013, 0.0219, 0.0769, 0.0401, 0.7634, 0.0181, 0.0665], [0.0264, 0.0764, 0.0332, 0.0321, 0.7235, 0.0628, 0.0456], [0.0717, 0.0505, 0.0413, 0.0729, 0.708, 0.0447, 0.011], [0.0934, 0.0201, 0.0317, 0.0493, 0.7216, 0.0403, 0.0436], [0.0479, 0.0146, 0.0636, 0.0126, 0.7917, 0.0424, 0.0272], [0.0297, 0.0906, 0.066, 0.0737, 0.6204, 0.0546, 0.065], [0.0617, 0.0202, 0.014, 0.027, 0.816, 0.0158, 0.0453], [0.0311, 0.0574, 0.0893, 0.0773, 0.6447, 0.0827, 0.0175], [0.0167, 0.0362, 0.042, 0.0729, 0.7755, 0.0336, 0.0231], [0.061, 0.0281, 0.0368, 0.0487, 0.6822, 0.077, 0.0662], [0.0146, 0.0556, 0.0124, 0.05, 0.7353, 0.0688, 0.0634], [0.0453, 0.0917, 0.0179, 0.0869, 0.6685, 0.0643, 0.0255], [0.052, 0.0756, 0.0447, 0.0942, 0.6866, 0.0293, 0.0176], [0.0548, 0.0449, 0.0751, 0.0534, 0.6955, 0.0238, 0.0524], [0.0487, 0.0241, 0.0718, 0.0767, 0.6503, 0.0481, 0.0802], [0.0425, 0.0408, 0.081, 0.0695, 0.6258, 0.0589, 0.0816], [0.0657, 0.048, 0.0253, 0.0667, 0.6392, 0.0886, 0.0666], [0.0687, 0.0128, 0.0625, 0.0474, 0.7316, 0.0447, 0.0324], [0.0894, 0.076, 0.0674, 0.0675, 0.5808, 0.0848, 0.034], [0.0412, 0.0788, 0.0607, 0.0134, 0.6768, 0.0556, 0.0735], [0.0179, 0.0407, 0.0877, 0.043, 0.6375, 0.0795, 0.0937], [0.0797, 0.0383, 0.0661, 0.0458, 0.6901, 0.0301, 0.05], [0.0274, 0.0718, 0.0457, 0.0637, 0.6517, 0.0649, 0.0748], [0.0444, 0.0777, 0.0148, 0.0826, 0.6965, 0.063, 0.021], [0.0727, 0.0596, 0.0364, 0.0259, 0.717, 0.0663, 0.0222], [0.0475, 0.0632, 0.0769, 0.0684, 0.6951, 0.0283, 0.0206], [0.0891, 0.0605, 0.0856, 0.0728, 0.6267, 0.0192, 0.0462], [0.015, 0.0835, 0.0676, 0.0197, 0.6948, 0.084, 0.0353], [0.0636, 0.0854, 0.0235, 0.0697, 0.6525, 0.0719, 0.0334], [0.0274, 0.0667, 0.0497, 0.0329, 0.6906, 0.058, 0.0747], [0.0317, 0.0785, 0.0166, 0.0454, 0.7438, 0.0241, 0.06], [0.0394, 0.0647, 0.0197, 0.021, 0.7174, 0.069, 0.0688], [0.0635, 0.046, 0.0834, 0.0608, 0.609, 0.0586, 0.0787], [0.0357, 0.0186, 0.0548, 0.0763, 0.7064, 0.0713, 0.0369], [0.0324, 0.0266, 0.0643, 0.0709, 0.7072, 0.0472, 0.0514], [0.0658, 0.0114, 0.0308, 0.074, 0.7065, 0.0635, 0.0478], [0.0359, 0.0524, 0.078, 0.0407, 0.7041, 0.0177, 0.0712], [0.0396, 0.068, 0.0378, 0.0487, 0.7144, 0.0693, 0.0223]], "emotions": ["red", "red", "red", "red", "red", "red", "red", "red", "red", "red", "red", "red", "red", "red", "red", "red", "red", "red", "red", "red", "red", "red", "red", "red", "red", "red", "red", "red", "red", "red", "red", "red", "red", "red", "red", "red", "red", "red", "red", "red", "red", "red", "red", "red", "red", "red", "red", "red", "red", "red", "red", "red", "red", "red", "red", "red", "red", "red", "red", "red", "red", "red", "red", "red", "red", "red", "red", "red", "red", "red", "red", "red", "red", "red", "red", "red", "red", "red", "red", "red"], "timestamps": [0, 40, 80, 120, 160, 200, 240, 280, 320, 360, 400, 440, 480, 520, 560, 600, 640, 680, 720, 760, 800, 840, 880, 920, 960, 1000, 1040, 1080, 1120, 1160, 1200, 1240, 1280, 1320, 1360, 1400, 1440, 1480, 1520, 1560, 1600, 1640, 1680, 1720, 1760, 1800, 1840, 1880, 1920, 1960, 2000, 2040, 2080, 2120, 2160, 2200, 2240, 2280, 2320, 2360, 2400, 2440, 2480, 2520, 2560, 2600, 2640, 2680, 2720, 2760, 2800, 2840, 2880, 2920, 2960, 3000, 3040, 3080, 3120, 3160]}], "conversation": [], "conversation_timestamps": []}