{"agent_id": "agent-green-742", "type": "green", "trips": [{"trip_id": 0, "transport_method": "car", "start_time": 0, "path": [[1.5348505, 42.5117698], [1.5346431, 42.511627], [1.5344356, 42.5114842], [1.5342814, 42.5113388], [1.5344827, 42.5111875], [1.534684, 42.5110362], [1.5348853, 42.5108849], [1.5350382, 42.5106897], [1.5351319, 42.5104613], [1.5351629, 42.5102114], [1.5352261, 42.5099692], [1.535274, 42.5097235], [1.5353036, 42.5094734], [1.5353332, 42.5092233], [1.5354108, 42.5089842], [1.5354927, 42.5087461], [1.5355222, 42.5085061], [1.5355192, 42.5082584], [1.5355495, 42.5080084], [1.5356257, 42.5077791], [1.5356376, 42.5075417], [1.5355903, 42.5072944], [1.5356105, 42.5073256], [1.5356393, 42.5075737], [1.5356405, 42.5075904], [1.5355802, 42.5073459], [1.5355198, 42.5071015], [1.5355877, 42.5068917], [1.5358352, 42.5069091], [1.5360821, 42.5069587], [1.5363287, 42.5070093], [1.5365617, 42.5070654], [1.5367934, 42.5069914], [1.5369573, 42.5071358], [1.5372062, 42.5071742], [1.537455, 42.5072127], [1.5377039, 42.5072511], [1.5379528, 42.5072895], [1.5382016, 42.5073279], [1.5384505, 42.5073664], [1.5386993, 42.5074048], [1.5389482, 42.5074432], [1.5391971, 42.5074816], [1.5394459, 42.5075201], [1.5396948, 42.5075585], [1.5399437, 42.5075969], [1.5400478, 42.5076148], [1.5397981, 42.5075826], [1.5395511, 42.5075337], [1.5393041, 42.5074847], [1.5390571, 42.5074357], [1.5388099, 42.5073875], [1.5385624, 42.507341], [1.5383148, 42.5072955], [1.5380669, 42.507251], [1.5378191, 42.5072064], [1.5375711, 42.5071629], [1.5373232, 42.5071186], [1.5370732, 42.507119], [1.5370316, 42.5071453], [1.5372812, 42.5071789], [1.5375307, 42.5072126], [1.5377803, 42.5072463], [1.5380298, 42.50728], [1.5382794, 42.5073136], [1.5385289, 42.5073473], [1.5387785, 42.507381], [1.539028, 42.5074146], [1.5392776, 42.5074483], [1.5395271, 42.507482], [1.5397767, 42.5075157], [1.5400262, 42.5075493], [1.5402758, 42.507583], [1.5405253, 42.5076167], [1.5407749, 42.5076504], [1.5410244, 42.507684], [1.5411228, 42.5076603], [1.5409138, 42.5075199], [1.5407036, 42.5073812], [1.5404924, 42.5072442]], "mood_vectors": [[0.0491, 0.0365, 0.0228, 0.0578, 0.0381, 0.0789, 0.7168], [0.0544, 0.0672, 0.0559, 0.0439, 0.0527, 0.0536, 0.6724], [0.0215, 0.0721, 0.0355, 0.0683, 0.069, 0.0635, 0.6701], [0.0187, 0.0553, 0.0804, 0.0289, 0.0127, 0.0528, 0.7511], [0.0743, 0.0737, 0.0403, 0.0187, 0.043, 0.0948, 0.6553], [0.0286, 0.0207, 0.0365, 0.0627, 0.0323, 0.0429, 0.7762], [0.0608, 0.0798, 0.0329, 0.0339, 0.0634, 0.02, 0.7092], [0.0689, 0.0577, 0.0818, 0.0553, 0.0587, 0.0504, 0.6272], [0.0695, 0.0452, 0.0278, 0.0246, 0.0468, 0.0638, 0.7223], [0.0786, 0.0803, 0.0189, 0.0485, 0.0382, 0.0424, 0.6931], [0.0528, 0.0236, 0.0316, 0.0309, 0.035, 0.0714, 0.7548], [0.0157, 0.0328, 0.0317, 0.0755, 0.0793, 0.0615, 0.7035], [0.0645, 0.0457, 0.0697, 0.0599, 0.026, 0.0679, 0.6665], [0.018, 0.0613, 0.0425, 0.0292, 0.0853, 0.0627, 0.701], [0.0717, 0.0138, 0.044, 0.0451, 0.0718, 0.0482, 0.7054], [0.0124, 0.0613, 0.0375, 0.0652, 0.0751, 0.0662, 0.6824], [0.0145, 0.0586, 0.0136, 0.0589, 0.0753, 0.053, 0.7261], [0.0564, 0.0601, 0.053, 0.0434, 0.0452, 0.0749, 0.6671], [0.0484, 0.0953, 0.0247, 0.0184, 0.0393, 0.0172, 0.7567], [0.0387, 0.0754, 0.0535, 0.0119, 0.0695, 0.0156, 0.7353], [0.0372, 0.0286, 0.0296, 0.0752, 0.0535, 0.0348, 0.741], [0.0646, 0.05, 0.0633, 0.0543, 0.0654, 0.0626, 0.6399], [0.0441, 0.0308, 0.0739, 0.0544, 0.0722, 0.0568, 0.6678], [0.0692, 0.0387, 0.0356, 0.0651, 0.0908, 0.0276, 0.6731], [0.0145, 0.0442, 0.0327, 0.0847, 0.0946, 0.0541, 0.6753], [0.0115, 0.0294, 0.0425, 0.0383, 0.0722, 0.0373, 0.7689], [0.0236, 0.0722, 0.0409, 0.0684, 0.0531, 0.0935, 0.6484], [0.0674, 0.0692, 0.0656, 0.0664, 0.0368, 0.0179, 0.6768], [0.0559, 0.0364, 0.0444, 0.0415, 0.0637, 0.0256, 0.7325], [0.0746, 0.0691, 0.063, 0.0351, 0.0211, 0.0568, 0.6802], [0.0233, 0.0752, 0.0409, 0.0375, 0.0223, 0.0666, 0.7342], [0.0609, 0.0322, 0.0631, 0.0187, 0.0607, 0.0384, 0.7259], [0.0324, 0.0521, 0.0596, 0.037, 0.0514, 0.0593, 0.7081], [0.0295, 0.0194, 0.0428, 0.0318, 0.0722, 0.0896, 0.7146], [0.0804, 0.0282, 0.0816, 0.0301, 0.0432, 0.0311, 0.7053], [0.0508, 0.0505, 0.0227, 0.0387, 0.0541, 0.0468, 0.7364], [0.0496, 0.0149, 0.0605, 0.0717, 0.0973, 0.0437, 0.6623], [0.0549, 0.0655, 0.0521, 0.0591, 0.0271, 0.0347, 0.7064], [0.0262, 0.0645, 0.0388, 0.0507, 0.0681, 0.0393, 0.7122], [0.0705, 0.0823, 0.026, 0.0304, 0.0337, 0.0347, 0.7224], [0.0769, 0.063, 0.0193, 0.0719, 0.0683, 0.0411, 0.6594], [0.0273, 0.0559, 0.0718, 0.0724, 0.0487, 0.0495, 0.6745], [0.0443, 0.0759, 0.0314, 0.032, 0.0169, 0.0417, 0.7578], [0.0766, 0.0609, 0.0539, 0.089, 0.0705, 0.04, 0.6091], [0.0463, 0.0585, 0.0515, 0.036, 0.0693, 0.0306, 0.7079], [0.0517, 0.0153, 0.0394, 0.0205, 0.0972, 0.0205, 0.7554], [0.0402, 0.0192, 0.043, 0.0694, 0.0483, 0.0246, 0.7554], [0.0314, 0.0494, 0.0497, 0.0409, 0.0335, 0.0337, 0.7614], [0.0837, 0.0865, 0.0618, 0.0464, 0.0831, 0.0209, 0.6176], [0.0464, 0.0785, 0.0342, 0.0426, 0.04, 0.0662, 0.6922], [0.0729, 0.0438, 0.0631, 0.0571, 0.0124, 0.0166, 0.7341], [0.0635, 0.0122, 0.0252, 0.0688, 0.0475, 0.0376, 0.7453], [0.022, 0.0269, 0.0761, 0.0225, 0.08, 0.037, 0.7354], [0.067, 0.0648, 0.068, 0.0639, 0.0645, 0.0651, 0.6067], [0.059, 0.0574, 0.0184, 0.0193, 0.0993, 0.0208, 0.7258], [0.045, 0.0525, 0.0606, 0.03, 0.0667, 0.0732, 0.672], [0.0704, 0.0455, 0.0547, 0.0526, 0.0432, 0.084, 0.6497], [0.0918, 0.0333, 0.0365, 0.0587, 0.0169, 0.02, 0.7428], [0.0123, 0.0511, 0.0549, 0.0703, 0.0514, 0.0367, 0.7233], [0.0736, 0.0288, 0.0165, 0.0419, 0.0672, 0.0256, 0.7464], [0.071, 0.0255, 0.079, 0.0598, 0.0453, 0.0364, 0.6831], [0.0401, 0.0721, 0.0265, 0.0639, 0.0212, 0.0637, 0.7125], [0.0335, 0.0409, 0.058, 0.0166, 0.0575, 0.0544, 0.7391], [0.0476, 0.0434, 0.0679, 0.0831, 0.0718, 0.0695, 0.6167], [0.0459, 0.0516, 0.0466, 0.0483, 0.0302, 0.0608, 0.7166], [0.0324, 0.0617, 0.0422, 0.0323, 0.0528, 0.0853, 0.6932], [0.0537, 0.0578, 0.0837, 0.0757, 0.0643, 0.0584, 0.6065], [0.0505, 0.0698, 0.0637, 0.0371, 0.0526, 0.0445, 0.6819], [0.068, 0.0511, 0.0659, 0.0418, 0.0187, 0.0227, 0.7317], [0.0418, 0.0138, 0.06, 0.0545, 0.0731, 0.0415, 0.7153], [0.0578, 0.0352, 0.067, 0.0452, 0.0657, 0.0607, 0.6683], [0.056, 0.0529, 0.0732, 0.0685, 0.0218, 0.0698, 0.6577], [0.0278, 0.0173, 0.0224, 0.0155, 0.0399, 0.0951, 0.7821], [0.041, 0.0309, 0.0245, 0.0916, 0.0496, 0.0248, 0.7375], [0.0257, 0.0546, 0.0605, 0.0313, 0.0713, 0.0817, 0.6749], [0.106, 0.0233, 0.0325, 0.0344, 0.0197, 0.0873, 0.6968], [0.052, 0.0604, 0.0302, 0.027, 0.0293, 0.0536, 0.7475], [0.0467, 0.0346, 0.0431, 0.0492, 0.0513, 0.0956, 0.6794], [0.0654, 0.0518, 0.0446, 0.076, 0.0654, 0.0162, 0.6805], [0.0638, 0.0771, 0.024, 0.02, 0.0321, 0.05, 0.733]], "emotions": ["purple", "purple", "purple", "purple", "purple", "purple", "purple", "purple", "purple", "purple", "purple", "purple", "purple", "purple", "purple", "purple", "purple", "purple", "purple", "purple", "purple", "purple", "purple", "purple", "purple", "purple", "purple", "purple", "purple", "purple", "purple", "purple", "purple", "purple", "purple", "purple", "purple", "purple", "purple", "purple", "purple", "purple", "purple", "purple", "purple", "purple", "purple", "purple", "purple", "purple", "purple", "purple", "purple", "purple", "purple", "purple", "purple", "purple", "purple", "purple", "purple", "purple", "purple", "purple", "purple", "purple", "purple", "purple", "purple", "purple", "purple", "purple", "purple", "purple", "purple", "purple", "purple", "purple", "purple", "purple"], "timestamps": [0, 40, 80, 120, 160, 200, 240, 280, 320, 360, 400, 440, 480, 520, 560, 600, 640, 680, 720, 760, 800, 840, 880, 920, 960, 1000, 1040, 1080, 1120, 1160, 1200, 1240, 1280, 1320, 1360, 1400, 1440, 1480, 1520, 1560, 1600, 1640, 1680, 1720, 1760, 1800, 1840, 1880, 1920, 1960, 2000, 2040, 2080, 2120, 2160, 2200, 2240, 2280, 2320, 2360, 2400, 2440, 2480, 2520, 2560, 2600, 2640, 2680, 2720, 2760, 2800, 2840, 2880, 2920, 2960, 3000, 3040, 3080, 3120, 3160]}], "conversation": [], "conversation_timestamps": []}