{"agent_id": "agent-orange-1358", "type": "orange", "trips": [{"trip_id": 0, "transport_method": "car", "start_time": 0, "path": [[1.4908547, 42.5665491], [1.4922705, 42.5655802], [1.492387, 42.5650187], [1.4909247, 42.565882], [1.4921464, 42.5647081], [1.4935907, 42.5636807], [1.495035, 42.5626532], [1.4947331, 42.5631867], [1.4930909, 42.563802], [1.4917699, 42.5649427], [1.4929383, 42.5641283], [1.4943739, 42.5630887], [1.4958109, 42.5620511], [1.4973749, 42.5614892], [1.497709, 42.5614768], [1.4990928, 42.5616541], [1.5004388, 42.5610626], [1.501967, 42.5601647], [1.5024449, 42.56005], [1.5009974, 42.5610686], [1.5005683, 42.5610399], [1.5021537, 42.5602473], [1.5037391, 42.5594547], [1.5048009, 42.5581897], [1.5054321, 42.5566273], [1.50651, 42.5552301], [1.5070864, 42.5536539], [1.5083862, 42.552449], [1.5098045, 42.5513926], [1.5112032, 42.5503289], [1.5122249, 42.5492972], [1.5132898, 42.5482], [1.5135102, 42.5472192], [1.5139819, 42.5465868], [1.5150165, 42.5454927], [1.5155186, 42.5446487], [1.5167743, 42.5434149], [1.5177306, 42.5419426], [1.5191942, 42.5410826], [1.5194513, 42.5394445], [1.5193977, 42.5400618], [1.5195906, 42.5383014], [1.5203239, 42.5366935], [1.5210562, 42.5354916], [1.5197531, 42.5342921], [1.5197173, 42.5326586], [1.5197523, 42.5309304], [1.519589, 42.5316586], [1.5198558, 42.5300631], [1.5206279, 42.5286262], [1.5200062, 42.5270557], [1.5206079, 42.5254542], [1.5211526, 42.5238252], [1.5220225, 42.5223095], [1.5233263, 42.521137], [1.5238421, 42.5197802], [1.5234806, 42.5207704], [1.5241356, 42.5191234], [1.5253984, 42.5180008], [1.5268107, 42.5170588], [1.5283623, 42.5162559], [1.5295606, 42.5149783], [1.5302977, 42.513629], [1.5309671, 42.5120561], [1.5296121, 42.5110525], [1.5289065, 42.5097389], [1.5292965, 42.5101427], [1.5281907, 42.509066], [1.5265804, 42.5085012], [1.5249598, 42.5079312], [1.523219, 42.5078166], [1.5215783, 42.5075214], [1.5198283, 42.5074327], [1.5183286, 42.5068036], [1.5166006, 42.5064902], [1.5152787, 42.5061899], [1.5151986, 42.5060737], [1.514196, 42.504702], [1.5133905, 42.5043784], [1.5136303, 42.5049493]], "mood_vectors": [[0.0681, 0.0955, 0.0513, 0.0295, 0.7039, 0.0275, 0.0242], [0.0216, 0.0649, 0.0389, 0.0614, 0.7492, 0.0401, 0.0238], [0.0127, 0.066, 0.0346, 0.0813, 0.7041, 0.04, 0.0613], [0.06, 0.0468, 0.0542, 0.0393, 0.6896, 0.0574, 0.0527], [0.0252, 0.0709, 0.0367, 0.0843, 0.7249, 0.0295, 0.0286], [0.0296, 0.0534, 0.0693, 0.0139, 0.7481, 0.0696, 0.0162], [0.055, 0.0197, 0.0723, 0.099, 0.6879, 0.0379, 0.0281], [0.0486, 0.0313, 0.0158, 0.0583, 0.7499, 0.029, 0.0671], [0.0729, 0.065, 0.0601, 0.0579, 0.6585, 0.0456, 0.0401], [0.0306, 0.0599, 0.0425, 0.0567, 0.6682, 0.0728, 0.0693], [0.0688, 0.0652, 0.037, 0.0702, 0.7026, 0.0324, 0.0238], [0.0172, 0.0831, 0.0869, 0.0863, 0.6384, 0.0358, 0.0523], [0.044, 0.0447, 0.015, 0.0405, 0.7353, 0.0434, 0.0772], [0.0699, 0.0576, 0.0641, 0.045, 0.7102, 0.0393, 0.0139], [0.0737, 0.0222, 0.0961, 0.0791, 0.646, 0.0667, 0.0162], [0.0475, 0.0301, 0.0264, 0.0199, 0.742, 0.062, 0.0722], [0.0656, 0.0788, 0.0852, 0.0695, 0.6572, 0.0272, 0.0164], [0.0395, 0.0472, 0.0388, 0.0702, 0.6822, 0.0492, 0.0729], [0.0729, 0.0473, 0.0534, 0.032, 0.7206, 0.0278, 0.046], [0.0557, 0.0422, 0.0498, 0.04, 0.6571, 0.0692, 0.0861], [0.0553, 0.0573, 0.0847, 0.0543, 0.6392, 0.0589, 0.0504], [0.0289, 0.0862, 0.03, 0.0555, 0.6907, 0.0346, 0.0741], [0.0731, 0.0519, 0.0193, 0.0652, 0.7354, 0.0186, 0.0364], [0.0763, 0.0207, 0.0282, 0.0839, 0.6835, 0.0354, 0.072], [0.0163, 0.0692, 0.0644, 0.0623, 0.6802, 0.0764, 0.0311], [0.0248, 0.0163, 0.0394, 0.0542, 0.8212, 0.0169, 0.0272], [0.0641, 0.0364, 0.084, 0.0677, 0.6291, 0.0815, 0.0371], [0.0203, 0.0894, 0.0519, 0.0338, 0.6801, 0.0596, 0.0649], [0.0682, 0.0436, 0.06, 0.0322, 0.6875, 0.0624, 0.0461], [0.0491, 0.0167, 0.0179, 0.0525, 0.7979, 0.0195, 0.0465], [0.0811, 0.0876, 0.0885, 0.0281, 0.6499, 0.0319, 0.033], [0.0638, 0.0698, 0.0668, 0.0168, 0.6809, 0.0561, 0.0457], [0.0486, 0.065, 0.0714, 0.0713, 0.6363, 0.0595, 0.0479], [0.038, 0.0464, 0.0281, 0.0169, 0.7272, 0.0732, 0.0702], [0.0646, 0.0766, 0.0815, 0.0159, 0.6304, 0.0925, 0.0385], [0.0661, 0.0204, 0.0495, 0.0615, 0.6934, 0.0675, 0.0417], [0.0568, 0.0378, 0.081, 0.0179, 0.6819, 0.0701, 0.0546], [0.0151, 0.0843, 0.0845, 0.0481, 0.7261, 0.0218, 0.0201], [0.0307, 0.049, 0.0745, 0.0376, 0.7325, 0.0381, 0.0377], [0.0209, 0.0676, 0.0256, 0.0319, 0.6969, 0.0654, 0.0917], [0.0408, 0.0568, 0.0338, 0.0287, 0.7992, 0.0128, 0.0278], [0.0468, 0.0815, 0.0395, 0.029, 0.7312, 0.0177, 0.0543], [0.0194, 0.0152, 0.0803, 0.0755, 0.7119, 0.0457, 0.0521], [0.064, 0.0658, 0.0642, 0.0138, 0.7069, 0.0636, 0.0217], [0.071, 0.0547, 0.0591, 0.0188, 0.7085, 0.0175, 0.0704], [0.0162, 0.0335, 0.056, 0.0552, 0.7576, 0.062, 0.0196], [0.0818, 0.0352, 0.0705, 0.074, 0.6711, 0.022, 0.0454], [0.0486, 0.0606, 0.0677, 0.0151, 0.7052, 0.0415, 0.0612], [0.0233, 0.0614, 0.0308, 0.0659, 0.7067, 0.0975, 0.0144], [0.0435, 0.0524, 0.0285, 0.0789, 0.6481, 0.0962, 0.0524], [0.0973, 0.027, 0.0481, 0.0954, 0.6914, 0.0243, 0.0164], [0.0744, 0.0808, 0.0783, 0.0325, 0.6677, 0.014, 0.0523], [0.0664, 0.0445, 0.0506, 0.0721, 0.641, 0.0466, 0.0789], [0.0468, 0.0265, 0.0752, 0.036, 0.7284, 0.0586, 0.0285], [0.0903, 0.088, 0.0628, 0.0378, 0.6129, 0.052, 0.0563], [0.0449, 0.0378, 0.0768, 0.0626, 0.6475, 0.0867, 0.0437], [0.0437, 0.0758, 0.0439, 0.0732, 0.6577, 0.0429, 0.0628], [0.0479, 0.0742, 0.073, 0.032, 0.652, 0.0437, 0.0772], [0.0642, 0.0556, 0.0301, 0.025, 0.6689, 0.0761, 0.08], [0.0561, 0.056, 0.0337, 0.064, 0.6539, 0.0556, 0.0807], [0.0437, 0.076, 0.0659, 0.0689, 0.6617, 0.0457, 0.0381], [0.0404, 0.0599, 0.09, 0.0251, 0.67, 0.0549, 0.0599], [0.0803, 0.0238, 0.0393, 0.0412, 0.7245, 0.0454, 0.0455], [0.0695, 0.0136, 0.0714, 0.0412, 0.6875, 0.0413, 0.0755], [0.0642, 0.0399, 0.0319, 0.0319, 0.7381, 0.0717, 0.0223], [0.0159, 0.0878, 0.0551, 0.0831, 0.6134, 0.0775, 0.0672], [0.014, 0.0531, 0.0601, 0.0255, 0.7586, 0.0737, 0.015], [0.0697, 0.0515, 0.0954, 0.023, 0.6513, 0.0339, 0.0752], [0.0254, 0.0365, 0.0212, 0.0452, 0.802, 0.0151, 0.0546], [0.072, 0.0251, 0.0363, 0.0803, 0.6787, 0.038, 0.0697], [0.0845, 0.0752, 0.0501, 0.0684, 0.6528, 0.0337, 0.0354], [0.0796, 0.059, 0.0741, 0.0383, 0.6947, 0.0373, 0.0169], [0.0447, 0.025, 0.0518, 0.0862, 0.7044, 0.0332, 0.0547], [0.0151, 0.0315, 0.0307, 0.0422, 0.7224, 0.0712, 0.0869], [0.0713, 0.0629, 0.0168, 0.0252, 0.6906, 0.0733, 0.0598], [0.0312, 0.0772, 0.0809, 0.0213, 0.7403, 0.0174, 0.0317], [0.0822, 0.0231, 0.0493, 0.0476, 0.6602, 0.0826, 0.0551], [0.0305, 0.017, 0.0301, 0.014, 0.8431, 0.0261, 0.0392], [0.0721, 0.0496, 0.0323, 0.0398, 0.699, 0.0516, 0.0557], [0.0507, 0.0394, 0.015, 0.0735, 0.7321, 0.0737, 0.0156]], "emotions": ["red", "red", "red", "red", "red", "red", "red", "red", "red", "red", "red", "red", "red", "red", "red", "red", "red", "red", "red", "red", "red", "red", "red", "red", "red", "red", "red", "red", "red", "red", "red", "red", "red", "red", "red", "red", "red", "red", "red", "red", "red", "red", "red", "red", "red", "red", "red", "red", "red", "red", "red", "red", "red", "red", "red", "red", "red", "red", "red", "red", "red", "red", "red", "red", "red", "red", "red", "red", "red", "red", "red", "red", "red", "red", "red", "red", "red", "red", "red", "red"], "timestamps": [0, 40, 80, 120, 160, 200, 240, 280, 320, 360, 400, 440, 480, 520, 560, 600, 640, 680, 720, 760, 800, 840, 880, 920, 960, 1000, 1040, 1080, 1120, 1160, 1200, 1240, 1280, 1320, 1360, 1400, 1440, 1480, 1520, 1560, 1600, 1640, 1680, 1720, 1760, 1800, 1840, 1880, 1920, 1960, 2000, 2040, 2080, 2120, 2160, 2200, 2240, 2280, 2320, 2360, 2400, 2440, 2480, 2520, 2560, 2600, 2640, 2680, 2720, 2760, 2800, 2840, 2880, 2920, 2960, 3000, 3040, 3080, 3120, 3160]}], "conversation": [], "conversation_timestamps": []}