{"agent_id": "agent-blue-1210", "type": "blue", "trips": [{"trip_id": 0, "transport_method": "bus", "start_time": 0, "path": [[1.7328299, 42.5426276], [1.7337159, 42.5443743], [1.735286, 42.5452804], [1.7336042, 42.5464976], [1.7342952, 42.5471445], [1.7335942, 42.5470731], [1.7315514, 42.5458553], [1.7294084, 42.5448291], [1.7271425, 42.5441097], [1.7247843, 42.5438195], [1.722407, 42.5437521], [1.7200291, 42.543824], [1.7176513, 42.5439047], [1.7152733, 42.5439811], [1.7128948, 42.5440364], [1.7105179, 42.5441311], [1.7081436, 42.5442835], [1.7057708, 42.5444567], [1.7034082, 42.544716], [1.7011241, 42.5453476], [1.6993352, 42.5468744], [1.6975368, 42.5483583], [1.696082, 42.5502387], [1.6945055, 42.5520136], [1.6925947, 42.5534215], [1.6908835, 42.5550664], [1.6893335, 42.5568705], [1.6874929, 42.5583544], [1.6855554, 42.5597339], [1.6835615, 42.5610239], [1.6816965, 42.5624821], [1.6802346, 42.5643061], [1.6793937, 42.5665318], [1.6785529, 42.5687574], [1.6785912, 42.5676576], [1.6795587, 42.5655358], [1.6803728, 42.5639428], [1.6795403, 42.5661716], [1.6787078, 42.5684004], [1.6776174, 42.5704756], [1.6760367, 42.5722258], [1.674248, 42.5737824], [1.6724147, 42.5750815], [1.6712202, 42.5755256], [1.6689848, 42.5763193], [1.6668077, 42.5763357], [1.6650537, 42.5760973], [1.6626819, 42.5762565], [1.6603254, 42.576231], [1.658127, 42.5758336], [1.6578989, 42.5758439], [1.6556314, 42.5752254], [1.65337, 42.5747346], [1.6511008, 42.5752415], [1.6489561, 42.5761082], [1.647003, 42.5773035], [1.6446519, 42.5775544], [1.6423312, 42.5780275], [1.6399722, 42.5782188], [1.6376071, 42.5781703], [1.635262, 42.5778005], [1.6340278, 42.5781303], [1.6316685, 42.5783871], [1.6293929, 42.5780954], [1.6271057, 42.577812], [1.6256601, 42.576974], [1.6265908, 42.5774809], [1.6245733, 42.5762308], [1.6223063, 42.575551], [1.6203194, 42.5743505], [1.6181489, 42.573534], [1.6160591, 42.5727999], [1.613781, 42.5721155], [1.6114798, 42.5716994], [1.6091704, 42.5715053], [1.6069115, 42.5707999], [1.6053843, 42.5704154], [1.6041786, 42.5685149], [1.6020133, 42.5676631], [1.6011847, 42.5670443]], "mood_vectors": [[0.0357, 0.07, 0.0433, 0.6919, 0.0508, 0.0358, 0.0725], [0.017, 0.0619, 0.0746, 0.718, 0.0493, 0.0345, 0.0447], [0.0236, 0.0612, 0.0629, 0.7234, 0.0237, 0.0728, 0.0323], [0.0304, 0.0901, 0.0382, 0.6413, 0.0586, 0.0763, 0.0651], [0.0658, 0.0237, 0.0443, 0.6904, 0.0398, 0.0681, 0.0679], [0.0598, 0.0178, 0.055, 0.7268, 0.0178, 0.065, 0.0577], [0.0711, 0.0578, 0.049, 0.6396, 0.0379, 0.0765, 0.0681], [0.0725, 0.0532, 0.0494, 0.6706, 0.0718, 0.0179, 0.0646], [0.0461, 0.0291, 0.0384, 0.747, 0.0342, 0.0698, 0.0353], [0.0377, 0.0282, 0.0702, 0.6956, 0.0542, 0.0591, 0.0549], [0.0832, 0.0404, 0.0807, 0.5839, 0.0466, 0.0685, 0.0967], [0.0229, 0.0373, 0.0237, 0.7341, 0.0924, 0.0226, 0.067], [0.0721, 0.0207, 0.0649, 0.7539, 0.0482, 0.0239, 0.0163], [0.0492, 0.0385, 0.0162, 0.7325, 0.0503, 0.0546, 0.0586], [0.0238, 0.0413, 0.0251, 0.7158, 0.0861, 0.0194, 0.0886], [0.0344, 0.067, 0.0607, 0.7518, 0.039, 0.0263, 0.0208], [0.0442, 0.0831, 0.0909, 0.6481, 0.0187, 0.0668, 0.048], [0.0221, 0.0232, 0.0935, 0.6466, 0.0915, 0.0708, 0.0522], [0.0329, 0.0241, 0.0492, 0.724, 0.0775, 0.0232, 0.069], [0.0343, 0.0514, 0.02, 0.7347, 0.0591, 0.0492, 0.0515], [0.0775, 0.0555, 0.084, 0.6116, 0.0515, 0.0954, 0.0244], [0.0144, 0.0251, 0.0382, 0.7348, 0.0553, 0.062, 0.0702], [0.0223, 0.0147, 0.0161, 0.7929, 0.0801, 0.0578, 0.0162], [0.0951, 0.0282, 0.0622, 0.6738, 0.0593, 0.0318, 0.0496], [0.0327, 0.0648, 0.0512, 0.7454, 0.0454, 0.0378, 0.0226], [0.0688, 0.0617, 0.0377, 0.7562, 0.0181, 0.0172, 0.0403], [0.064, 0.0557, 0.0231, 0.7477, 0.0354, 0.0311, 0.0429], [0.0608, 0.0467, 0.0823, 0.6902, 0.0478, 0.0182, 0.0539], [0.0425, 0.0698, 0.0605, 0.666, 0.076, 0.0411, 0.0441], [0.0704, 0.0643, 0.0575, 0.6278, 0.0502, 0.067, 0.0629], [0.0399, 0.0152, 0.0149, 0.7795, 0.0226, 0.0783, 0.0495], [0.0664, 0.0404, 0.0485, 0.7186, 0.0151, 0.0924, 0.0185], [0.059, 0.0399, 0.0804, 0.6544, 0.024, 0.0542, 0.0882], [0.0919, 0.0904, 0.0376, 0.6517, 0.03, 0.041, 0.0575], [0.0503, 0.0267, 0.0687, 0.7436, 0.0608, 0.035, 0.0148], [0.0404, 0.0319, 0.029, 0.7172, 0.0492, 0.0751, 0.0572], [0.0836, 0.0887, 0.0208, 0.6094, 0.0757, 0.0339, 0.0878], [0.0405, 0.0152, 0.0389, 0.7356, 0.0586, 0.0769, 0.0343], [0.0704, 0.0585, 0.0322, 0.6691, 0.0262, 0.0723, 0.0713], [0.0499, 0.0157, 0.0287, 0.784, 0.0412, 0.0442, 0.0364], [0.0497, 0.0746, 0.0891, 0.6789, 0.0332, 0.0206, 0.0538], [0.0522, 0.0462, 0.041, 0.7065, 0.0147, 0.0759, 0.0636], [0.0279, 0.0405, 0.0764, 0.7907, 0.0156, 0.0129, 0.0361], [0.0393, 0.0566, 0.0434, 0.7487, 0.0145, 0.0793, 0.0182], [0.0208, 0.0365, 0.0451, 0.7638, 0.0273, 0.0689, 0.0376], [0.0776, 0.0731, 0.023, 0.6258, 0.0823, 0.0688, 0.0494], [0.04, 0.0183, 0.0738, 0.7078, 0.0694, 0.0626, 0.0281], [0.0567, 0.0593, 0.0524, 0.6312, 0.0756, 0.0737, 0.0512], [0.0502, 0.0317, 0.0233, 0.7742, 0.0229, 0.0613, 0.0365], [0.0455, 0.0132, 0.0181, 0.837, 0.0474, 0.0154, 0.0234], [0.0726, 0.0843, 0.0149, 0.6501, 0.069, 0.0351, 0.0741], [0.0655, 0.0502, 0.0584, 0.6558, 0.0558, 0.0547, 0.0596], [0.0687, 0.0251, 0.0646, 0.7087, 0.0575, 0.0142, 0.0611], [0.0687, 0.0555, 0.0827, 0.6555, 0.0193, 0.0762, 0.042], [0.0353, 0.0509, 0.0271, 0.77, 0.0215, 0.0393, 0.0559], [0.0604, 0.0267, 0.0542, 0.7404, 0.0244, 0.0424, 0.0515], [0.0568, 0.0801, 0.0751, 0.6559, 0.0463, 0.0183, 0.0674], [0.0559, 0.0374, 0.0561, 0.6885, 0.0292, 0.0608, 0.0722], [0.0581, 0.0454, 0.0719, 0.7156, 0.0244, 0.0576, 0.027], [0.0672, 0.0826, 0.0194, 0.7353, 0.0184, 0.0487, 0.0283], [0.0532, 0.0271, 0.0627, 0.6855, 0.0606, 0.085, 0.0258], [0.0662, 0.0382, 0.0162, 0.6832, 0.0838, 0.0422, 0.0702], [0.0497, 0.0147, 0.066, 0.7397, 0.034, 0.0451, 0.0509], [0.016, 0.0303, 0.0555, 0.7068, 0.0831, 0.0875, 0.0209], [0.0446, 0.0186, 0.0417, 0.7634, 0.0226, 0.0771, 0.032], [0.0393, 0.0244, 0.0937, 0.6503, 0.0736, 0.0565, 0.0621], [0.0464, 0.0555, 0.0553, 0.6666, 0.0949, 0.0423, 0.0389], [0.0237, 0.0321, 0.0634, 0.7823, 0.0616, 0.0222, 0.0146], [0.0581, 0.0362, 0.0225, 0.7103, 0.0493, 0.041, 0.0827], [0.0882, 0.0292, 0.0847, 0.6085, 0.0367, 0.0664, 0.0863], [0.0303, 0.0359, 0.0719, 0.7039, 0.0831, 0.0389, 0.036], [0.0834, 0.048, 0.0357, 0.6213, 0.0882, 0.0352, 0.0884], [0.0725, 0.0453, 0.078, 0.6693, 0.0608, 0.0201, 0.054], [0.0811, 0.0531, 0.0749, 0.6352, 0.0552, 0.0227, 0.0777], [0.0614, 0.0859, 0.0559, 0.6726, 0.0537, 0.0231, 0.0474], [0.0443, 0.0245, 0.0376, 0.7578, 0.0637, 0.0162, 0.0559], [0.0914, 0.061, 0.0205, 0.7311, 0.0334, 0.0361, 0.0265], [0.0733, 0.0197, 0.0725, 0.6907, 0.0733, 0.0439, 0.0266], [0.0262, 0.0752, 0.0362, 0.7585, 0.0313, 0.0212, 0.0513], [0.0284, 0.0627, 0.0252, 0.6785, 0.0708, 0.0614, 0.0729]], "emotions": ["green", "green", "green", "green", "green", "green", "green", "green", "green", "green", "green", "green", "green", "green", "green", "green", "green", "green", "green", "green", "green", "green", "green", "green", "green", "green", "green", "green", "green", "green", "green", "green", "green", "green", "green", "green", "green", "green", "green", "green", "green", "green", "green", "green", "green", "green", "green", "green", "green", "green", "green", "green", "green", "green", "green", "green", "green", "green", "green", "green", "green", "green", "green", "green", "green", "green", "green", "green", "green", "green", "green", "green", "green", "green", "green", "green", "green", "green", "green", "green"], "timestamps": [0, 40, 80, 120, 160, 200, 240, 280, 320, 360, 400, 440, 480, 520, 560, 600, 640, 680, 720, 760, 800, 840, 880, 920, 960, 1000, 1040, 1080, 1120, 1160, 1200, 1240, 1280, 1320, 1360, 1400, 1440, 1480, 1520, 1560, 1600, 1640, 1680, 1720, 1760, 1800, 1840, 1880, 1920, 1960, 2000, 2040, 2080, 2120, 2160, 2200, 2240, 2280, 2320, 2360, 2400, 2440, 2480, 2520, 2560, 2600, 2640, 2680, 2720, 2760, 2800, 2840, 2880, 2920, 2960, 3000, 3040, 3080, 3120, 3160]}], "conversation": [], "conversation_timestamps": []}