{"agent_id": "agent-green-1252", "type": "green", "trips": [{"trip_id": 0, "transport_method": "foot", "start_time": 0, "path": [[1.53023, 42.5056037], [1.5313025, 42.506383], [1.5325439, 42.5066524], [1.5326616, 42.5067306], [1.5339615, 42.5069665], [1.5350796, 42.5075635], [1.5363916, 42.5077485], [1.5376617, 42.5080546], [1.5389695, 42.5082213], [1.5400775, 42.5085959], [1.5414005, 42.5087625], [1.5419537, 42.5088849], [1.543281, 42.5089943], [1.5445602, 42.5093108], [1.5458543, 42.5095549], [1.5455384, 42.5094353], [1.5462616, 42.5101442], [1.5469235, 42.5111143], [1.5482131, 42.5114522], [1.5495078, 42.5117708], [1.5502255, 42.5120613], [1.5504819, 42.5121914], [1.5515301, 42.5130036], [1.5512142, 42.5127164], [1.5523276, 42.5134382], [1.5527055, 42.5139252], [1.5529462, 42.515195], [1.5535138, 42.5163809], [1.5542482, 42.5174767], [1.5553621, 42.5181921], [1.5564032, 42.5188762], [1.5572183, 42.5198702], [1.5581591, 42.5208149], [1.5591654, 42.5216891], [1.5594093, 42.5218492], [1.5603796, 42.5225149], [1.5614854, 42.5232524], [1.5623991, 42.5242166], [1.5635622, 42.5248155], [1.5647873, 42.5252506], [1.5660213, 42.5257491], [1.5671064, 42.526518], [1.5682151, 42.5272477], [1.5693497, 42.5279246], [1.5704732, 42.5286402], [1.5715106, 42.5293249], [1.5727743, 42.5294564], [1.5734898, 42.5302833], [1.5745005, 42.5311202], [1.5757703, 42.5315075], [1.5770873, 42.5317121], [1.578418, 42.5317909], [1.5777276, 42.5317686], [1.5783553, 42.5317459], [1.5796887, 42.5317495], [1.5810219, 42.5317269], [1.5823544, 42.5316938], [1.5835999, 42.5321169], [1.584624, 42.5329625], [1.5856872, 42.5337313], [1.5868136, 42.5344297], [1.5879187, 42.5351547], [1.5888685, 42.5354193], [1.5901684, 42.5356096], [1.5913943, 42.5358965], [1.5926929, 42.536161], [1.5940175, 42.5362412], [1.595226, 42.5366133], [1.5961265, 42.5361763], [1.597383, 42.5363283], [1.5986995, 42.5365391], [1.6000203, 42.5367213], [1.6003765, 42.5361853], [1.5996018, 42.5355061], [1.5989068, 42.5345075], [1.5983025, 42.5336814], [1.5988247, 42.5327074], [1.5987843, 42.5326982], [1.5986413, 42.5327895], [1.599138, 42.5322852]], "mood_vectors": [[0.0813, 0.0859, 0.052, 0.086, 0.0753, 0.0216, 0.5978], [0.0309, 0.0389, 0.0395, 0.0368, 0.0431, 0.0424, 0.7684], [0.0771, 0.0684, 0.0336, 0.0644, 0.0411, 0.0709, 0.6444], [0.0306, 0.0513, 0.0318, 0.0322, 0.0198, 0.0484, 0.7859], [0.0182, 0.0521, 0.0706, 0.0427, 0.0485, 0.0334, 0.7345], [0.0332, 0.039, 0.0604, 0.0765, 0.0871, 0.0719, 0.6319], [0.0276, 0.0137, 0.0223, 0.0784, 0.0778, 0.0256, 0.7547], [0.0239, 0.0244, 0.0224, 0.0236, 0.0433, 0.0254, 0.837], [0.0757, 0.0615, 0.058, 0.0534, 0.0619, 0.0157, 0.6739], [0.0512, 0.0657, 0.016, 0.0567, 0.0519, 0.0719, 0.6867], [0.0158, 0.0752, 0.0236, 0.0226, 0.0575, 0.0436, 0.7618], [0.0591, 0.0171, 0.0708, 0.0946, 0.0499, 0.022, 0.6867], [0.0796, 0.0223, 0.0133, 0.0859, 0.0784, 0.0705, 0.65], [0.0777, 0.0232, 0.0421, 0.0836, 0.0288, 0.059, 0.6855], [0.0682, 0.0292, 0.0146, 0.0536, 0.0648, 0.0704, 0.6993], [0.0708, 0.0207, 0.0671, 0.0768, 0.0406, 0.0518, 0.672], [0.0347, 0.0172, 0.0673, 0.0511, 0.0379, 0.0786, 0.7133], [0.0253, 0.0865, 0.0258, 0.0347, 0.032, 0.0769, 0.7188], [0.0552, 0.0321, 0.0751, 0.0644, 0.0408, 0.0636, 0.6687], [0.0166, 0.0682, 0.0381, 0.0542, 0.0559, 0.0192, 0.7478], [0.0469, 0.0286, 0.0652, 0.0606, 0.0477, 0.0182, 0.7329], [0.0704, 0.0257, 0.0646, 0.0687, 0.0384, 0.0198, 0.7124], [0.0182, 0.0906, 0.0431, 0.0375, 0.0332, 0.0435, 0.734], [0.0532, 0.0387, 0.0635, 0.0585, 0.0611, 0.0396, 0.6855], [0.0399, 0.0383, 0.0625, 0.0349, 0.0486, 0.0697, 0.706], [0.0457, 0.073, 0.0234, 0.0354, 0.0718, 0.0289, 0.7218], [0.0503, 0.0605, 0.0504, 0.0179, 0.0326, 0.0204, 0.7679], [0.0373, 0.0684, 0.0366, 0.0407, 0.0564, 0.0162, 0.7443], [0.0713, 0.0271, 0.016, 0.0539, 0.096, 0.0442, 0.6915], [0.0384, 0.0322, 0.026, 0.0266, 0.0339, 0.038, 0.8049], [0.0822, 0.0244, 0.0589, 0.033, 0.0183, 0.0343, 0.7488], [0.0746, 0.0418, 0.0767, 0.0339, 0.0262, 0.0372, 0.7095], [0.0806, 0.0399, 0.0679, 0.0645, 0.068, 0.0748, 0.6044], [0.0263, 0.0774, 0.0383, 0.0368, 0.0479, 0.0285, 0.7447], [0.0455, 0.0365, 0.0428, 0.0588, 0.0829, 0.051, 0.6825], [0.0188, 0.0643, 0.0708, 0.0441, 0.0731, 0.0126, 0.7164], [0.031, 0.0517, 0.0241, 0.069, 0.0668, 0.0418, 0.7155], [0.0342, 0.0321, 0.0629, 0.0444, 0.0561, 0.0412, 0.7291], [0.0544, 0.0882, 0.0802, 0.0488, 0.026, 0.0445, 0.6579], [0.09, 0.0601, 0.0963, 0.016, 0.0462, 0.0341, 0.6572], [0.0256, 0.0789, 0.0889, 0.0792, 0.0229, 0.0409, 0.6635], [0.0844, 0.0432, 0.0747, 0.0538, 0.029, 0.0737, 0.6413], [0.0182, 0.0243, 0.0429, 0.0293, 0.0859, 0.0254, 0.7741], [0.0378, 0.0859, 0.0592, 0.013, 0.0164, 0.0185, 0.7693], [0.0486, 0.0763, 0.0191, 0.0622, 0.0573, 0.0209, 0.7155], [0.0505, 0.0552, 0.0493, 0.0814, 0.0461, 0.0442, 0.6734], [0.0345, 0.0562, 0.0351, 0.0711, 0.046, 0.0631, 0.6941], [0.0388, 0.0694, 0.0797, 0.0715, 0.0372, 0.0235, 0.6799], [0.0478, 0.072, 0.0281, 0.0645, 0.0985, 0.0345, 0.6546], [0.025, 0.052, 0.0428, 0.0227, 0.0304, 0.0572, 0.77], [0.0561, 0.0549, 0.0531, 0.0244, 0.0564, 0.0176, 0.7375], [0.0607, 0.0804, 0.0897, 0.0428, 0.0151, 0.0201, 0.6912], [0.0387, 0.0315, 0.0397, 0.0207, 0.0446, 0.0593, 0.7656], [0.0672, 0.0439, 0.0307, 0.0121, 0.0478, 0.0329, 0.7654], [0.0593, 0.0699, 0.0436, 0.0257, 0.0493, 0.031, 0.7212], [0.0225, 0.0795, 0.0558, 0.0607, 0.0385, 0.0659, 0.677], [0.0153, 0.0225, 0.0739, 0.058, 0.081, 0.0972, 0.652], [0.0295, 0.0552, 0.051, 0.0396, 0.0275, 0.0359, 0.7614], [0.0457, 0.0247, 0.0443, 0.0373, 0.0645, 0.0781, 0.7053], [0.078, 0.0471, 0.0174, 0.0677, 0.0597, 0.034, 0.696], [0.0682, 0.019, 0.0712, 0.0368, 0.0188, 0.0356, 0.7504], [0.0548, 0.045, 0.0199, 0.0698, 0.0477, 0.0512, 0.7117], [0.02, 0.0168, 0.0217, 0.029, 0.0675, 0.0352, 0.8099], [0.0295, 0.066, 0.0742, 0.0314, 0.0359, 0.0507, 0.7123], [0.0781, 0.0685, 0.0773, 0.0434, 0.0623, 0.0394, 0.6309], [0.017, 0.0451, 0.0745, 0.0395, 0.0916, 0.0495, 0.6828], [0.0437, 0.0168, 0.0456, 0.0175, 0.0275, 0.0312, 0.8176], [0.0373, 0.0449, 0.076, 0.0743, 0.0303, 0.0631, 0.674], [0.0825, 0.0865, 0.0668, 0.0393, 0.0742, 0.0333, 0.6174], [0.0733, 0.0354, 0.0597, 0.0298, 0.0643, 0.0597, 0.6779], [0.0255, 0.0624, 0.0505, 0.041, 0.085, 0.0369, 0.6987], [0.0728, 0.0661, 0.0239, 0.05, 0.067, 0.0719, 0.6482], [0.0693, 0.0677, 0.0721, 0.062, 0.015, 0.0517, 0.6621], [0.0789, 0.0456, 0.0344, 0.0354, 0.0834, 0.0625, 0.6598], [0.0885, 0.0845, 0.0162, 0.0611, 0.0302, 0.0852, 0.6343], [0.0813, 0.0519, 0.065, 0.0428, 0.0311, 0.0222, 0.7057], [0.0414, 0.079, 0.0286, 0.0744, 0.0235, 0.0548, 0.6983], [0.0584, 0.0357, 0.0637, 0.0593, 0.0821, 0.0662, 0.6346], [0.0734, 0.0447, 0.1033, 0.0262, 0.042, 0.0168, 0.6937], [0.0357, 0.0379, 0.065, 0.0712, 0.0829, 0.0789, 0.6283]], "emotions": ["purple", "purple", "purple", "purple", "purple", "purple", "purple", "purple", "purple", "purple", "purple", "purple", "purple", "purple", "purple", "purple", "purple", "purple", "purple", "purple", "purple", "purple", "purple", "purple", "purple", "purple", "purple", "purple", "purple", "purple", "purple", "purple", "purple", "purple", "purple", "purple", "purple", "purple", "purple", "purple", "purple", "purple", "purple", "purple", "purple", "purple", "purple", "purple", "purple", "purple", "purple", "purple", "purple", "purple", "purple", "purple", "purple", "purple", "purple", "purple", "purple", "purple", "purple", "purple", "purple", "purple", "purple", "purple", "purple", "purple", "purple", "purple", "purple", "purple", "purple", "purple", "purple", "purple", "purple", "purple"], "timestamps": [0, 40, 80, 120, 160, 200, 240, 280, 320, 360, 400, 440, 480, 520, 560, 600, 640, 680, 720, 760, 800, 840, 880, 920, 960, 1000, 1040, 1080, 1120, 1160, 1200, 1240, 1280, 1320, 1360, 1400, 1440, 1480, 1520, 1560, 1600, 1640, 1680, 1720, 1760, 1800, 1840, 1880, 1920, 1960, 2000, 2040, 2080, 2120, 2160, 2200, 2240, 2280, 2320, 2360, 2400, 2440, 2480, 2520, 2560, 2600, 2640, 2680, 2720, 2760, 2800, 2840, 2880, 2920, 2960, 3000, 3040, 3080, 3120, 3160]}], "conversation": [], "conversation_timestamps": []}