{"agent_id": "agent-orange-103", "type": "orange", "trips": [{"trip_id": 0, "transport_method": "bus", "start_time": 0, "path": [[1.5322592, 42.5078832], [1.5321624, 42.5077782], [1.5320655, 42.5076731], [1.5319546, 42.5076088], [1.5318135, 42.507631], [1.5316724, 42.5076533], [1.5315313, 42.5076755], [1.5315106, 42.5077164], [1.5315708, 42.507786], [1.5314454, 42.5078543], [1.5313199, 42.5079226], [1.5311945, 42.5079909], [1.531069, 42.5080592], [1.5309436, 42.5081275], [1.5308181, 42.5081958], [1.5306927, 42.5082641], [1.5305527, 42.5082902], [1.5304118, 42.5083134], [1.5302773, 42.5083613], [1.5301434, 42.5084108], [1.5300094, 42.5084603], [1.5298759, 42.5085112], [1.5297441, 42.5085662], [1.5296117, 42.5086197], [1.5294763, 42.5086653], [1.5293409, 42.5087108], [1.5292056, 42.5087564], [1.5290702, 42.508802], [1.5289348, 42.5088475], [1.528798, 42.5088877], [1.5286577, 42.5089146], [1.5285174, 42.5089416], [1.5283781, 42.5089381], [1.5282773, 42.5090347], [1.5282739, 42.5091273], [1.5283759, 42.5092273], [1.5284778, 42.5093273], [1.5285748, 42.5094322], [1.5286718, 42.509537], [1.5287688, 42.5096419], [1.5288794, 42.509732], [1.5290048, 42.5097995], [1.529109, 42.5098958], [1.5291744, 42.5100224], [1.5292715, 42.5101249], [1.5293902, 42.5102042], [1.5294944, 42.5103014], [1.5295691, 42.5104216], [1.5295872, 42.5105632], [1.5295799, 42.5107006], [1.5294761, 42.510798], [1.5293451, 42.5108494], [1.5292027, 42.5108511], [1.529068, 42.510805], [1.5289351, 42.5107525], [1.5288022, 42.5107001], [1.5286694, 42.5106476], [1.5285365, 42.5105951], [1.5284037, 42.5105426], [1.5282701, 42.5104921], [1.5281363, 42.5104419], [1.5280026, 42.5103917], [1.5278689, 42.5103414], [1.5277352, 42.5102912], [1.5276015, 42.5102409], [1.5274667, 42.5101939], [1.5273301, 42.5101521], [1.5271974, 42.5100999], [1.5270764, 42.5100244], [1.5269595, 42.5099423], [1.5268372, 42.5098692], [1.5267029, 42.5098215], [1.5265694, 42.5097708], [1.5264375, 42.5097162], [1.5263025, 42.5096712], [1.5261631, 42.5096889], [1.5260584, 42.5097816], [1.5259186, 42.5097682], [1.5257852, 42.5097181], [1.5256442, 42.5097067]], "mood_vectors": [[0.0252, 0.0457, 0.0765, 0.0522, 0.6901, 0.0781, 0.0322], [0.0877, 0.04, 0.0462, 0.0153, 0.6451, 0.087, 0.0788], [0.0427, 0.0781, 0.0359, 0.0237, 0.6908, 0.0703, 0.0584], [0.0125, 0.0294, 0.082, 0.0147, 0.7707, 0.0204, 0.0703], [0.052, 0.0725, 0.072, 0.065, 0.715, 0.0111, 0.0124], [0.0598, 0.0343, 0.0144, 0.0656, 0.7449, 0.043, 0.038], [0.0223, 0.0193, 0.077, 0.0373, 0.7781, 0.0127, 0.0533], [0.085, 0.0733, 0.0365, 0.0313, 0.7017, 0.0485, 0.0237], [0.0306, 0.03, 0.0452, 0.0322, 0.7925, 0.0507, 0.0188], [0.0655, 0.0585, 0.0785, 0.0689, 0.6362, 0.0369, 0.0555], [0.0626, 0.0399, 0.0279, 0.0672, 0.7605, 0.0145, 0.0273], [0.0538, 0.044, 0.0693, 0.0544, 0.6716, 0.0422, 0.0646], [0.0208, 0.0794, 0.0504, 0.0456, 0.7143, 0.0666, 0.0229], [0.0728, 0.0467, 0.059, 0.0486, 0.7295, 0.0184, 0.0251], [0.0642, 0.0603, 0.0232, 0.023, 0.7265, 0.0213, 0.0815], [0.0715, 0.0557, 0.0322, 0.059, 0.6814, 0.0503, 0.0499], [0.0725, 0.0278, 0.0375, 0.0567, 0.6561, 0.0773, 0.0722], [0.0388, 0.0159, 0.0471, 0.043, 0.7044, 0.064, 0.0866], [0.0531, 0.0635, 0.0757, 0.0677, 0.6332, 0.0607, 0.046], [0.0405, 0.0391, 0.0463, 0.0299, 0.794, 0.0225, 0.0277], [0.0291, 0.0847, 0.0806, 0.0842, 0.6687, 0.0353, 0.0174], [0.056, 0.0703, 0.0293, 0.0558, 0.7349, 0.0391, 0.0146], [0.0192, 0.0726, 0.0354, 0.0854, 0.6895, 0.0365, 0.0614], [0.0245, 0.0796, 0.029, 0.0698, 0.6681, 0.0552, 0.0738], [0.061, 0.016, 0.0661, 0.0211, 0.7321, 0.0461, 0.0576], [0.0618, 0.0297, 0.0475, 0.0685, 0.7019, 0.0174, 0.0732], [0.0235, 0.0183, 0.0884, 0.0543, 0.7131, 0.019, 0.0834], [0.0607, 0.0725, 0.0538, 0.0394, 0.6703, 0.0697, 0.0336], [0.0553, 0.0535, 0.0682, 0.0312, 0.7102, 0.0183, 0.0634], [0.0782, 0.0253, 0.0353, 0.0269, 0.7528, 0.0586, 0.0228], [0.0809, 0.0726, 0.0336, 0.0775, 0.6214, 0.0624, 0.0515], [0.0209, 0.0626, 0.0317, 0.0303, 0.7435, 0.0512, 0.0598], [0.0261, 0.0466, 0.0524, 0.0657, 0.7215, 0.0374, 0.0503], [0.0311, 0.0581, 0.0556, 0.0231, 0.7361, 0.0457, 0.0503], [0.0484, 0.063, 0.0555, 0.0201, 0.7159, 0.0654, 0.0317], [0.0511, 0.0177, 0.027, 0.0566, 0.7299, 0.0466, 0.0712], [0.0418, 0.038, 0.0302, 0.0568, 0.7733, 0.0271, 0.0327], [0.0164, 0.0288, 0.0414, 0.08, 0.721, 0.0397, 0.0727], [0.0493, 0.0354, 0.0363, 0.0484, 0.7053, 0.0557, 0.0696], [0.0152, 0.0514, 0.0451, 0.0666, 0.7277, 0.0574, 0.0366], [0.0301, 0.0586, 0.0822, 0.0931, 0.6627, 0.0383, 0.0351], [0.079, 0.064, 0.0522, 0.0441, 0.7136, 0.0171, 0.03], [0.0366, 0.0392, 0.0637, 0.0413, 0.6639, 0.0771, 0.0783], [0.0854, 0.0218, 0.0585, 0.0234, 0.6806, 0.0941, 0.0363], [0.0761, 0.031, 0.0396, 0.0858, 0.655, 0.0255, 0.0869], [0.0715, 0.0295, 0.068, 0.0406, 0.7175, 0.0236, 0.0493], [0.0731, 0.0552, 0.0193, 0.0393, 0.7205, 0.0512, 0.0415], [0.0543, 0.0286, 0.0643, 0.0327, 0.7312, 0.0245, 0.0644], [0.0202, 0.0732, 0.0394, 0.072, 0.7127, 0.0164, 0.0661], [0.0801, 0.0643, 0.0485, 0.0786, 0.6952, 0.0119, 0.0214], [0.0713, 0.0167, 0.0446, 0.0501, 0.6337, 0.0946, 0.0891], [0.0488, 0.0376, 0.0602, 0.0679, 0.6927, 0.0715, 0.0213], [0.0509, 0.0776, 0.0706, 0.041, 0.6555, 0.0638, 0.0407], [0.0695, 0.035, 0.0751, 0.0138, 0.7027, 0.0583, 0.0456], [0.058, 0.0767, 0.02, 0.0871, 0.646, 0.0858, 0.0265], [0.0295, 0.0776, 0.0199, 0.0899, 0.7135, 0.0216, 0.048], [0.0606, 0.0707, 0.0742, 0.0606, 0.585, 0.082, 0.0669], [0.0526, 0.0536, 0.0241, 0.0226, 0.7445, 0.0701, 0.0325], [0.0463, 0.021, 0.0467, 0.0164, 0.7501, 0.0692, 0.0503], [0.0736, 0.0425, 0.0378, 0.0745, 0.6326, 0.0671, 0.0719], [0.0284, 0.0347, 0.0516, 0.0634, 0.7308, 0.0275, 0.0637], [0.0714, 0.0488, 0.0533, 0.0223, 0.6965, 0.0498, 0.0579], [0.0804, 0.0897, 0.0573, 0.0248, 0.6323, 0.057, 0.0586], [0.0297, 0.059, 0.0519, 0.0422, 0.6703, 0.0628, 0.084], [0.0484, 0.0564, 0.0416, 0.057, 0.7457, 0.035, 0.0158], [0.0473, 0.0745, 0.0189, 0.0484, 0.7598, 0.0222, 0.0288], [0.0707, 0.0612, 0.0533, 0.0668, 0.6306, 0.0601, 0.0573], [0.0549, 0.0598, 0.0765, 0.0695, 0.6582, 0.036, 0.0452], [0.0787, 0.0251, 0.0509, 0.0262, 0.7129, 0.0426, 0.0636], [0.0753, 0.0468, 0.0458, 0.014, 0.6852, 0.0804, 0.0524], [0.0731, 0.042, 0.0411, 0.0547, 0.6839, 0.048, 0.0571], [0.0358, 0.0495, 0.0335, 0.0701, 0.7069, 0.0156, 0.0885], [0.033, 0.0169, 0.017, 0.0636, 0.7329, 0.0728, 0.0638], [0.0475, 0.0554, 0.0393, 0.0415, 0.7045, 0.0512, 0.0606], [0.0507, 0.0642, 0.0606, 0.0694, 0.6362, 0.0671, 0.0518], [0.0245, 0.0429, 0.0954, 0.0578, 0.6942, 0.0149, 0.0703], [0.0676, 0.0689, 0.0227, 0.0736, 0.6585, 0.0152, 0.0935], [0.0377, 0.0616, 0.0181, 0.0221, 0.7046, 0.084, 0.072], [0.066, 0.0477, 0.0291, 0.0699, 0.697, 0.0429, 0.0474], [0.0283, 0.0171, 0.0465, 0.0403, 0.7968, 0.0421, 0.0288]], "emotions": ["red", "red", "red", "red", "red", "red", "red", "red", "red", "red", "red", "red", "red", "red", "red", "red", "red", "red", "red", "red", "red", "red", "red", "red", "red", "red", "red", "red", "red", "red", "red", "red", "red", "red", "red", "red", "red", "red", "red", "red", "red", "red", "red", "red", "red", "red", "red", "red", "red", "red", "red", "red", "red", "red", "red", "red", "red", "red", "red", "red", "red", "red", "red", "red", "red", "red", "red", "red", "red", "red", "red", "red", "red", "red", "red", "red", "red", "red", "red", "red"], "timestamps": [0, 40, 80, 120, 160, 200, 240, 280, 320, 360, 400, 440, 480, 520, 560, 600, 640, 680, 720, 760, 800, 840, 880, 920, 960, 1000, 1040, 1080, 1120, 1160, 1200, 1240, 1280, 1320, 1360, 1400, 1440, 1480, 1520, 1560, 1600, 1640, 1680, 1720, 1760, 1800, 1840, 1880, 1920, 1960, 2000, 2040, 2080, 2120, 2160, 2200, 2240, 2280, 2320, 2360, 2400, 2440, 2480, 2520, 2560, 2600, 2640, 2680, 2720, 2760, 2800, 2840, 2880, 2920, 2960, 3000, 3040, 3080, 3120, 3160]}], "conversation": [], "conversation_timestamps": []}