{"agent_id": "agent-purple-1744", "type": "purple", "trips": [{"trip_id": 0, "transport_method": "foot", "start_time": 0, "path": [[1.5362098, 42.5552216], [1.5355216, 42.5559947], [1.5348572, 42.556632], [1.5338989, 42.5561317], [1.5329516, 42.5556053], [1.5323876, 42.5556484], [1.5312981, 42.5556435], [1.5302854, 42.55521], [1.5293463, 42.5546512], [1.5287, 42.5537619], [1.5278873, 42.553018], [1.5270623, 42.5522859], [1.5267366, 42.5520565], [1.5276149, 42.5527237], [1.5284383, 42.553454], [1.528107, 42.5531066], [1.5273598, 42.5522952], [1.5266125, 42.5514838], [1.5263923, 42.5506433], [1.5257913, 42.5497207], [1.5253525, 42.5487142], [1.5247823, 42.5478048], [1.5247186, 42.5467271], [1.5245859, 42.5460698], [1.52401, 42.5451299], [1.5235404, 42.5441455], [1.5233718, 42.5437836], [1.5229431, 42.5427687], [1.5228846, 42.5416909], [1.5235146, 42.5408382], [1.5233483, 42.5404143], [1.523143, 42.5393536], [1.5231962, 42.5382663], [1.5240924, 42.5377119], [1.5251414, 42.5375613], [1.524983, 42.5368153], [1.5238993, 42.5366183], [1.5230403, 42.5361075], [1.5223479, 42.5352525], [1.5214821, 42.5346214], [1.5208373, 42.5337953], [1.521205, 42.5329648], [1.5210512, 42.5319861], [1.5211659, 42.530998], [1.5213563, 42.5301049], [1.5219893, 42.5292808], [1.5212209, 42.5285753], [1.5207816, 42.5276114], [1.5206944, 42.526579], [1.5207876, 42.5256467], [1.5206113, 42.5267057], [1.5206435, 42.5271238], [1.5207117, 42.5260228], [1.5206548, 42.5249346], [1.5210559, 42.5239454], [1.5217192, 42.5230698], [1.5221978, 42.5220925], [1.5230847, 42.5214408], [1.5236725, 42.5205136], [1.5240018, 42.5194725], [1.5248276, 42.5187632], [1.525686, 42.5180716], [1.5265981, 42.5174745], [1.5276065, 42.5170281], [1.5285585, 42.5166282], [1.5295475, 42.5163601], [1.5305017, 42.5158323], [1.531385, 42.5151786], [1.5321771, 42.514418], [1.5331293, 42.5138855], [1.5340702, 42.5134302], [1.5343272, 42.513253], [1.5353045, 42.5127792], [1.5363325, 42.5124434], [1.5372562, 42.5118703], [1.5382696, 42.5114462], [1.5390635, 42.5106988], [1.5401279, 42.51056], [1.5409661, 42.5102061], [1.5412537, 42.509521]], "mood_vectors": [[0.02, 0.0262, 0.0449, 0.0425, 0.039, 0.7688, 0.0586], [0.0613, 0.0601, 0.0423, 0.044, 0.0806, 0.6298, 0.082], [0.0658, 0.0444, 0.0592, 0.0594, 0.047, 0.68, 0.0441], [0.0789, 0.0381, 0.0475, 0.0524, 0.0733, 0.693, 0.0169], [0.033, 0.0468, 0.0745, 0.0577, 0.0319, 0.7082, 0.048], [0.0192, 0.0572, 0.0605, 0.032, 0.0734, 0.7285, 0.0292], [0.0756, 0.0434, 0.0726, 0.0384, 0.0525, 0.656, 0.0614], [0.0714, 0.048, 0.0655, 0.036, 0.0552, 0.7033, 0.0206], [0.0462, 0.0327, 0.0137, 0.0163, 0.0408, 0.8168, 0.0335], [0.0726, 0.0526, 0.0404, 0.0727, 0.0361, 0.6651, 0.0604], [0.0334, 0.0353, 0.0526, 0.0747, 0.0545, 0.715, 0.0345], [0.0745, 0.0325, 0.073, 0.0198, 0.0223, 0.7345, 0.0434], [0.0683, 0.048, 0.015, 0.0901, 0.0734, 0.6508, 0.0544], [0.0461, 0.0805, 0.0163, 0.0355, 0.044, 0.7528, 0.0247], [0.066, 0.0777, 0.0252, 0.0617, 0.069, 0.6428, 0.0576], [0.0808, 0.0487, 0.0231, 0.0473, 0.0269, 0.7078, 0.0654], [0.0577, 0.036, 0.0364, 0.0459, 0.0721, 0.6763, 0.0756], [0.0856, 0.0387, 0.0148, 0.061, 0.0222, 0.7533, 0.0244], [0.0375, 0.0567, 0.0489, 0.0348, 0.0581, 0.686, 0.0779], [0.084, 0.0764, 0.0196, 0.0176, 0.0191, 0.7108, 0.0724], [0.1007, 0.0345, 0.0351, 0.0537, 0.0932, 0.6577, 0.0252], [0.0368, 0.0138, 0.0397, 0.0606, 0.0831, 0.732, 0.034], [0.0556, 0.0672, 0.0234, 0.0601, 0.0522, 0.6654, 0.076], [0.015, 0.0783, 0.0616, 0.0149, 0.0393, 0.7569, 0.034], [0.0559, 0.0371, 0.0438, 0.0659, 0.0294, 0.7004, 0.0676], [0.0374, 0.028, 0.0351, 0.0649, 0.0703, 0.6937, 0.0705], [0.0463, 0.0619, 0.0362, 0.021, 0.0472, 0.7029, 0.0845], [0.016, 0.0716, 0.0694, 0.0413, 0.0351, 0.7489, 0.0176], [0.0963, 0.019, 0.0567, 0.0205, 0.0382, 0.7188, 0.0506], [0.0505, 0.0609, 0.0164, 0.0349, 0.0809, 0.6943, 0.0622], [0.0433, 0.0286, 0.068, 0.0176, 0.0702, 0.6884, 0.0838], [0.0668, 0.0376, 0.0751, 0.0195, 0.041, 0.7257, 0.0342], [0.0623, 0.0535, 0.0411, 0.0691, 0.0626, 0.6395, 0.072], [0.0618, 0.0362, 0.056, 0.0633, 0.0731, 0.6888, 0.0208], [0.0748, 0.0612, 0.0825, 0.0255, 0.0701, 0.6546, 0.0314], [0.0885, 0.071, 0.0258, 0.0801, 0.0738, 0.5829, 0.0779], [0.0399, 0.052, 0.0332, 0.034, 0.0743, 0.6868, 0.0797], [0.0312, 0.0743, 0.0635, 0.0499, 0.026, 0.6841, 0.071], [0.0531, 0.0764, 0.0735, 0.0395, 0.0605, 0.6522, 0.0447], [0.0375, 0.0327, 0.0694, 0.0211, 0.0714, 0.7385, 0.0294], [0.0183, 0.0789, 0.0236, 0.0421, 0.0319, 0.7404, 0.0648], [0.0399, 0.0824, 0.0778, 0.0502, 0.0767, 0.624, 0.049], [0.0774, 0.0487, 0.0172, 0.0764, 0.0481, 0.6791, 0.0531], [0.0426, 0.0687, 0.0636, 0.0755, 0.0592, 0.6289, 0.0614], [0.0373, 0.054, 0.0257, 0.0341, 0.0332, 0.7332, 0.0825], [0.0638, 0.0697, 0.0635, 0.0501, 0.0809, 0.5937, 0.0785], [0.0944, 0.0359, 0.0241, 0.0785, 0.0757, 0.6611, 0.0302], [0.0175, 0.0151, 0.0235, 0.0433, 0.0416, 0.8069, 0.052], [0.0265, 0.0708, 0.0314, 0.0769, 0.0904, 0.6595, 0.0444], [0.0548, 0.0788, 0.0561, 0.031, 0.0381, 0.664, 0.0771], [0.0337, 0.0779, 0.0458, 0.0614, 0.0614, 0.6931, 0.0267], [0.0546, 0.0625, 0.061, 0.0842, 0.0748, 0.6362, 0.0266], [0.0288, 0.0169, 0.0988, 0.055, 0.0274, 0.737, 0.0361], [0.0128, 0.0287, 0.0723, 0.0486, 0.0316, 0.7842, 0.0219], [0.0595, 0.0208, 0.047, 0.0424, 0.0459, 0.7386, 0.0458], [0.0607, 0.0166, 0.0241, 0.057, 0.0285, 0.7587, 0.0544], [0.0799, 0.0167, 0.0546, 0.0749, 0.0833, 0.6459, 0.0447], [0.0662, 0.0669, 0.0321, 0.0775, 0.0201, 0.6813, 0.0559], [0.0338, 0.044, 0.0154, 0.053, 0.044, 0.7645, 0.0454], [0.0162, 0.0371, 0.0861, 0.0447, 0.0599, 0.7354, 0.0205], [0.0574, 0.0643, 0.0573, 0.0593, 0.013, 0.688, 0.0608], [0.0728, 0.0252, 0.04, 0.0246, 0.0378, 0.7501, 0.0495], [0.0656, 0.0401, 0.0276, 0.0196, 0.0877, 0.7133, 0.0461], [0.0712, 0.0555, 0.0503, 0.0185, 0.0139, 0.7413, 0.0492], [0.0158, 0.0141, 0.0688, 0.0749, 0.0588, 0.6955, 0.0722], [0.0206, 0.0403, 0.0758, 0.0519, 0.0424, 0.7269, 0.0421], [0.0154, 0.0235, 0.0488, 0.0587, 0.0173, 0.7462, 0.0902], [0.0504, 0.0564, 0.0492, 0.0553, 0.0211, 0.699, 0.0686], [0.0911, 0.081, 0.0172, 0.0464, 0.0427, 0.7056, 0.0159], [0.0629, 0.0378, 0.0318, 0.0218, 0.0737, 0.7007, 0.0713], [0.0502, 0.0617, 0.0561, 0.0604, 0.0364, 0.6947, 0.0405], [0.0592, 0.0575, 0.053, 0.0667, 0.0386, 0.6572, 0.0679], [0.0207, 0.0262, 0.021, 0.0619, 0.0205, 0.8283, 0.0213], [0.0407, 0.0467, 0.0456, 0.035, 0.0455, 0.7565, 0.0301], [0.0585, 0.0191, 0.0311, 0.0507, 0.0579, 0.7259, 0.0568], [0.048, 0.0197, 0.0708, 0.0255, 0.0587, 0.7346, 0.0427], [0.0749, 0.0633, 0.0529, 0.0586, 0.052, 0.6801, 0.0183], [0.017, 0.0918, 0.0486, 0.0748, 0.1007, 0.6103, 0.0568], [0.079, 0.0233, 0.0333, 0.0851, 0.0627, 0.6424, 0.0742], [0.015, 0.0247, 0.0779, 0.0434, 0.0914, 0.6981, 0.0495]], "emotions": ["purple", "purple", "purple", "purple", "purple", "purple", "purple", "purple", "purple", "purple", "purple", "purple", "purple", "purple", "purple", "purple", "purple", "purple", "purple", "purple", "purple", "purple", "purple", "purple", "purple", "purple", "purple", "purple", "purple", "purple", "purple", "purple", "purple", "purple", "purple", "purple", "purple", "purple", "purple", "purple", "purple", "purple", "purple", "purple", "purple", "purple", "purple", "purple", "purple", "purple", "purple", "purple", "purple", "purple", "purple", "purple", "purple", "purple", "purple", "purple", "purple", "purple", "purple", "purple", "purple", "purple", "purple", "purple", "purple", "purple", "purple", "purple", "purple", "purple", "purple", "purple", "purple", "purple", "purple", "purple"], "timestamps": [0, 40, 80, 120, 160, 200, 240, 280, 320, 360, 400, 440, 480, 520, 560, 600, 640, 680, 720, 760, 800, 840, 880, 920, 960, 1000, 1040, 1080, 1120, 1160, 1200, 1240, 1280, 1320, 1360, 1400, 1440, 1480, 1520, 1560, 1600, 1640, 1680, 1720, 1760, 1800, 1840, 1880, 1920, 1960, 2000, 2040, 2080, 2120, 2160, 2200, 2240, 2280, 2320, 2360, 2400, 2440, 2480, 2520, 2560, 2600, 2640, 2680, 2720, 2760, 2800, 2840, 2880, 2920, 2960, 3000, 3040, 3080, 3120, 3160]}], "conversation": [], "conversation_timestamps": []}