{"agent_id": "agent-green-1457", "type": "green", "trips": [{"trip_id": 0, "transport_method": "car", "start_time": 0, "path": [[1.532387, 42.535864], [1.5331174, 42.5361552], [1.5342925, 42.5365097], [1.5354057, 42.5365703], [1.5342808, 42.5361311], [1.5333566, 42.5354448], [1.5324041, 42.5347494], [1.5312603, 42.5343389], [1.5309598, 42.533895], [1.5321414, 42.5335317], [1.533323, 42.5331683], [1.5345046, 42.532805], [1.5356862, 42.5324417], [1.5348439, 42.5325258], [1.5336792, 42.5328999], [1.5325163, 42.533281], [1.5313225, 42.5335339], [1.5307001, 42.5339803], [1.5318923, 42.5336534], [1.5330845, 42.5333264], [1.5342767, 42.5329995], [1.5354688, 42.5326726], [1.5366683, 42.5323919], [1.5376125, 42.5317054], [1.5387871, 42.5313941], [1.5399613, 42.531051], [1.541174, 42.5308809], [1.5423969, 42.5307725], [1.5435476, 42.5303355], [1.5447221, 42.5299805], [1.5453536, 42.5290408], [1.5458961, 42.529019], [1.5467131, 42.5282459], [1.5478548, 42.5277725], [1.5483386, 42.5270211], [1.5491652, 42.5265583], [1.5503135, 42.5270057], [1.5515197, 42.5272417], [1.5524946, 42.5277912], [1.553673, 42.5281525], [1.5548061, 42.5286359], [1.5559725, 42.52904], [1.5571426, 42.5294363], [1.556899, 42.528797], [1.5565671, 42.5276707], [1.5575579, 42.5279107], [1.5580585, 42.527812], [1.5590368, 42.5280553], [1.5599764, 42.5282301], [1.560904, 42.5290006], [1.5619131, 42.5296557], [1.5620371, 42.530699], [1.5627446, 42.5316223], [1.5630282, 42.53169], [1.5632086, 42.5313892], [1.5642304, 42.5320509], [1.5647018, 42.5322132], [1.5644596, 42.532197], [1.565657, 42.5319507], [1.5667834, 42.531462], [1.5680178, 42.5313956], [1.568714, 42.5312541], [1.5674914, 42.5311885], [1.5671432, 42.5314749], [1.5683788, 42.5315127], [1.5695667, 42.5317082], [1.5704873, 42.5322968], [1.5710443, 42.5324762], [1.5721638, 42.5328313], [1.5731953, 42.5334558], [1.5740492, 42.5338157], [1.5751879, 42.5340251], [1.5760409, 42.5342158], [1.5771674, 42.5344789], [1.578325, 42.5341218], [1.5791751, 42.5345643], [1.5801312, 42.5352266], [1.5812144, 42.5353413], [1.5818062, 42.5355416], [1.5830275, 42.5355315]], "mood_vectors": [[0.0475, 0.0439, 0.0821, 0.0346, 0.0427, 0.0589, 0.6904], [0.0757, 0.0813, 0.0664, 0.0781, 0.0343, 0.0185, 0.6457], [0.046, 0.0726, 0.0507, 0.0698, 0.0763, 0.0731, 0.6113], [0.0418, 0.1007, 0.0443, 0.0931, 0.0198, 0.0317, 0.6685], [0.0261, 0.0472, 0.0701, 0.0846, 0.026, 0.0361, 0.7099], [0.0135, 0.0638, 0.0503, 0.0714, 0.0484, 0.0632, 0.6893], [0.0586, 0.0426, 0.0316, 0.0385, 0.0418, 0.0289, 0.758], [0.0692, 0.0365, 0.0198, 0.0432, 0.0611, 0.0767, 0.6935], [0.0708, 0.0812, 0.0823, 0.0235, 0.0525, 0.0726, 0.6171], [0.0354, 0.014, 0.0367, 0.0241, 0.0753, 0.0221, 0.7923], [0.0723, 0.0445, 0.0603, 0.0447, 0.0453, 0.0955, 0.6374], [0.0525, 0.052, 0.0714, 0.0608, 0.0503, 0.0673, 0.6456], [0.0885, 0.0179, 0.094, 0.0553, 0.0285, 0.034, 0.6819], [0.0676, 0.069, 0.0609, 0.0509, 0.0272, 0.0547, 0.6697], [0.0577, 0.0573, 0.0352, 0.0435, 0.032, 0.0486, 0.7257], [0.0539, 0.0287, 0.0774, 0.0151, 0.0442, 0.0418, 0.7388], [0.0616, 0.018, 0.0707, 0.0159, 0.0243, 0.055, 0.7545], [0.0256, 0.072, 0.0224, 0.0403, 0.0157, 0.0171, 0.8069], [0.0563, 0.0139, 0.0585, 0.0409, 0.0775, 0.0567, 0.6963], [0.0733, 0.0238, 0.0753, 0.0124, 0.036, 0.0516, 0.7276], [0.0756, 0.0521, 0.0482, 0.0367, 0.0737, 0.013, 0.7007], [0.0141, 0.0601, 0.0398, 0.0282, 0.0701, 0.0731, 0.7145], [0.0419, 0.0344, 0.017, 0.0876, 0.0443, 0.0876, 0.6871], [0.0255, 0.0182, 0.0766, 0.0759, 0.0207, 0.0278, 0.7553], [0.0523, 0.0397, 0.0361, 0.0684, 0.0481, 0.051, 0.7043], [0.093, 0.0811, 0.0303, 0.0524, 0.0332, 0.0186, 0.6914], [0.0366, 0.0515, 0.0196, 0.0463, 0.0407, 0.0345, 0.7709], [0.0669, 0.0694, 0.0569, 0.044, 0.0259, 0.0574, 0.6795], [0.0727, 0.0231, 0.0566, 0.0785, 0.0546, 0.0291, 0.6855], [0.0701, 0.0479, 0.032, 0.0795, 0.0384, 0.0185, 0.7135], [0.0345, 0.0561, 0.0904, 0.0177, 0.0652, 0.0733, 0.6628], [0.0183, 0.0727, 0.04, 0.0823, 0.0505, 0.0402, 0.696], [0.087, 0.0761, 0.0839, 0.0396, 0.0184, 0.0883, 0.6068], [0.0635, 0.0454, 0.0841, 0.0136, 0.0535, 0.0901, 0.6497], [0.0678, 0.0715, 0.0706, 0.0422, 0.0609, 0.0175, 0.6695], [0.0405, 0.0446, 0.0615, 0.0337, 0.0677, 0.0592, 0.6929], [0.0892, 0.0445, 0.0375, 0.0152, 0.0227, 0.096, 0.6948], [0.0443, 0.0342, 0.0564, 0.0702, 0.0934, 0.0398, 0.6618], [0.0276, 0.0591, 0.035, 0.0413, 0.0768, 0.0638, 0.6965], [0.029, 0.0681, 0.0791, 0.0308, 0.0156, 0.0381, 0.7393], [0.0341, 0.0723, 0.0574, 0.0852, 0.0876, 0.0448, 0.6185], [0.0824, 0.0322, 0.0251, 0.0602, 0.0739, 0.0811, 0.645], [0.0155, 0.0285, 0.0446, 0.075, 0.0699, 0.0171, 0.7494], [0.0582, 0.086, 0.025, 0.0781, 0.0462, 0.0125, 0.6941], [0.0342, 0.0307, 0.0346, 0.0376, 0.0697, 0.0768, 0.7164], [0.0208, 0.0646, 0.041, 0.0129, 0.0179, 0.0856, 0.7572], [0.0539, 0.0163, 0.0975, 0.0313, 0.0545, 0.0404, 0.706], [0.0536, 0.0684, 0.0507, 0.0523, 0.015, 0.0186, 0.7414], [0.07, 0.0761, 0.0364, 0.0135, 0.0418, 0.0428, 0.7193], [0.0555, 0.0678, 0.0115, 0.0218, 0.069, 0.0421, 0.7323], [0.0775, 0.0546, 0.0463, 0.0504, 0.0325, 0.031, 0.7077], [0.054, 0.0346, 0.0677, 0.0434, 0.0263, 0.062, 0.7119], [0.0168, 0.0457, 0.0222, 0.0862, 0.0457, 0.0146, 0.7689], [0.0733, 0.0535, 0.0129, 0.0515, 0.0738, 0.0773, 0.6577], [0.0316, 0.0626, 0.074, 0.0849, 0.0459, 0.0725, 0.6285], [0.0125, 0.0588, 0.0658, 0.0274, 0.0582, 0.0253, 0.7521], [0.031, 0.0251, 0.0981, 0.04, 0.0405, 0.0793, 0.686], [0.0727, 0.0381, 0.0538, 0.032, 0.0496, 0.0384, 0.7153], [0.0791, 0.0541, 0.0732, 0.0198, 0.0853, 0.0812, 0.6073], [0.0339, 0.0671, 0.022, 0.0657, 0.0584, 0.0349, 0.718], [0.0492, 0.0521, 0.0294, 0.0213, 0.0355, 0.09, 0.7225], [0.0175, 0.0569, 0.0217, 0.0323, 0.0702, 0.0404, 0.7611], [0.0789, 0.0364, 0.0643, 0.015, 0.0501, 0.0263, 0.729], [0.0843, 0.0823, 0.0153, 0.0302, 0.0743, 0.0525, 0.6611], [0.0192, 0.0583, 0.0458, 0.0444, 0.0659, 0.0544, 0.712], [0.0163, 0.0192, 0.0328, 0.0541, 0.0419, 0.0936, 0.7421], [0.0174, 0.0182, 0.0524, 0.0391, 0.0475, 0.054, 0.7714], [0.0394, 0.0221, 0.0497, 0.0317, 0.0516, 0.0692, 0.7362], [0.0404, 0.0381, 0.0574, 0.0284, 0.0628, 0.0375, 0.7354], [0.0251, 0.0588, 0.0564, 0.0278, 0.077, 0.0702, 0.6847], [0.0286, 0.0536, 0.0408, 0.0565, 0.0927, 0.0937, 0.6342], [0.0629, 0.0523, 0.0339, 0.0461, 0.0805, 0.0677, 0.6565], [0.0478, 0.038, 0.0728, 0.0483, 0.0745, 0.0553, 0.6633], [0.0548, 0.0542, 0.0574, 0.0711, 0.0378, 0.0545, 0.6701], [0.0355, 0.0359, 0.0693, 0.0789, 0.0241, 0.0171, 0.7393], [0.0582, 0.0138, 0.0505, 0.0487, 0.0602, 0.0586, 0.7102], [0.0627, 0.0262, 0.0515, 0.0756, 0.0751, 0.0188, 0.6902], [0.0443, 0.0137, 0.0229, 0.0348, 0.0635, 0.0683, 0.7524], [0.0682, 0.0321, 0.0614, 0.0514, 0.0234, 0.0196, 0.7439], [0.052, 0.0663, 0.0317, 0.0795, 0.0288, 0.0571, 0.6847]], "emotions": ["purple", "purple", "purple", "purple", "purple", "purple", "purple", "purple", "purple", "purple", "purple", "purple", "purple", "purple", "purple", "purple", "purple", "purple", "purple", "purple", "purple", "purple", "purple", "purple", "purple", "purple", "purple", "purple", "purple", "purple", "purple", "purple", "purple", "purple", "purple", "purple", "purple", "purple", "purple", "purple", "purple", "purple", "purple", "purple", "purple", "purple", "purple", "purple", "purple", "purple", "purple", "purple", "purple", "purple", "purple", "purple", "purple", "purple", "purple", "purple", "purple", "purple", "purple", "purple", "purple", "purple", "purple", "purple", "purple", "purple", "purple", "purple", "purple", "purple", "purple", "purple", "purple", "purple", "purple", "purple"], "timestamps": [0, 40, 80, 120, 160, 200, 240, 280, 320, 360, 400, 440, 480, 520, 560, 600, 640, 680, 720, 760, 800, 840, 880, 920, 960, 1000, 1040, 1080, 1120, 1160, 1200, 1240, 1280, 1320, 1360, 1400, 1440, 1480, 1520, 1560, 1600, 1640, 1680, 1720, 1760, 1800, 1840, 1880, 1920, 1960, 2000, 2040, 2080, 2120, 2160, 2200, 2240, 2280, 2320, 2360, 2400, 2440, 2480, 2520, 2560, 2600, 2640, 2680, 2720, 2760, 2800, 2840, 2880, 2920, 2960, 3000, 3040, 3080, 3120, 3160]}], "conversation": [], "conversation_timestamps": []}