{"agent_id": "agent-red-901", "type": "red", "trips": [{"trip_id": 0, "transport_method": "car", "start_time": 0, "path": [[1.4798551, 42.5772534], [1.4791381, 42.5782225], [1.4806237, 42.5773028], [1.4814647, 42.5757946], [1.4821336, 42.5744449], [1.4833357, 42.5733619], [1.484077, 42.5719557], [1.4856785, 42.5714017], [1.4870758, 42.5703917], [1.488274, 42.5691215], [1.4891852, 42.5676641], [1.4903521, 42.566372], [1.4912807, 42.565425], [1.4926521, 42.5643484], [1.4940767, 42.5633349], [1.4955014, 42.5623214], [1.4942694, 42.5634752], [1.4926283, 42.5640444], [1.4919076, 42.5648746], [1.4933236, 42.5638492], [1.4947397, 42.5628238], [1.4961719, 42.5618225], [1.4977768, 42.5614957], [1.497709, 42.5614952], [1.4994444, 42.561704], [1.5007241, 42.560895], [1.5022315, 42.5600093], [1.5022221, 42.560224], [1.500763, 42.5611734], [1.500778, 42.560935], [1.5023418, 42.5601532], [1.5038899, 42.5593483], [1.5047904, 42.5580281], [1.5055337, 42.5565342], [1.5065599, 42.5551281], [1.507151, 42.5535918], [1.5084349, 42.5524053], [1.5098324, 42.5513622], [1.5112168, 42.5503184], [1.5122299, 42.5492924], [1.5132697, 42.5482236], [1.5134805, 42.5472657], [1.5139319, 42.5466485], [1.5150795, 42.5454225], [1.515434, 42.544743], [1.5166538, 42.5435066], [1.5176264, 42.542084], [1.519117, 42.5412456], [1.5194315, 42.5396678], [1.5193831, 42.5400023], [1.5195495, 42.5385695], [1.5201691, 42.5369465], [1.5212856, 42.5357135], [1.5199983, 42.5345346], [1.5197234, 42.5330243], [1.5196742, 42.5313157], [1.5195375, 42.5316174], [1.519719, 42.5303375], [1.5206499, 42.5290881], [1.5199865, 42.5275322], [1.5205879, 42.5259677], [1.5208434, 42.5242645], [1.5218032, 42.5228226], [1.5229322, 42.5215641], [1.5237168, 42.5200436], [1.5234649, 42.5208456], [1.5238922, 42.5197354], [1.5248713, 42.5184339], [1.5262042, 42.5173384], [1.5276882, 42.5165235], [1.5290895, 42.5155631], [1.5303091, 42.5143481], [1.5306557, 42.5127516], [1.5301865, 42.5115908], [1.5295166, 42.5103319], [1.5286799, 42.5095457], [1.5288802, 42.5096495], [1.5287183, 42.508667], [1.5275965, 42.5074595], [1.5270769, 42.506642]], "mood_vectors": [[0.6569, 0.0503, 0.0638, 0.0639, 0.0539, 0.0486, 0.0628], [0.6705, 0.0609, 0.0705, 0.0689, 0.053, 0.0108, 0.0654], [0.7749, 0.0463, 0.0321, 0.0613, 0.016, 0.0121, 0.0573], [0.6489, 0.0281, 0.0644, 0.0641, 0.0783, 0.0825, 0.0336], [0.6447, 0.0653, 0.0668, 0.0505, 0.0701, 0.0435, 0.0592], [0.7498, 0.0342, 0.0433, 0.0422, 0.0321, 0.0487, 0.0497], [0.7621, 0.0602, 0.0307, 0.0342, 0.0692, 0.0258, 0.0178], [0.778, 0.0584, 0.0308, 0.0328, 0.0201, 0.0279, 0.052], [0.743, 0.0328, 0.0559, 0.0709, 0.0494, 0.0289, 0.0193], [0.7254, 0.0131, 0.0634, 0.0526, 0.077, 0.0527, 0.0158], [0.6501, 0.0605, 0.0642, 0.0793, 0.0774, 0.0333, 0.0352], [0.6559, 0.093, 0.018, 0.0188, 0.0969, 0.0229, 0.0945], [0.6791, 0.0523, 0.0314, 0.0686, 0.0336, 0.073, 0.062], [0.6832, 0.0716, 0.074, 0.0577, 0.034, 0.0594, 0.02], [0.6711, 0.0479, 0.0409, 0.0771, 0.0344, 0.05, 0.0786], [0.6041, 0.0775, 0.0711, 0.0671, 0.0346, 0.0826, 0.063], [0.7719, 0.0677, 0.0288, 0.0533, 0.0281, 0.0361, 0.0142], [0.7389, 0.0196, 0.0866, 0.0742, 0.0192, 0.0378, 0.0237], [0.7, 0.0505, 0.0441, 0.0427, 0.0682, 0.0508, 0.0437], [0.7182, 0.0293, 0.027, 0.047, 0.023, 0.0668, 0.0886], [0.7377, 0.0254, 0.0772, 0.0666, 0.0164, 0.0613, 0.0153], [0.6777, 0.0624, 0.0723, 0.0437, 0.0606, 0.0286, 0.0547], [0.6786, 0.0702, 0.0558, 0.048, 0.0788, 0.0289, 0.0397], [0.7051, 0.0339, 0.0879, 0.0456, 0.0252, 0.0745, 0.0279], [0.6223, 0.0583, 0.0586, 0.0767, 0.0452, 0.075, 0.064], [0.679, 0.0523, 0.0595, 0.0575, 0.0286, 0.0557, 0.0674], [0.6591, 0.0189, 0.0217, 0.084, 0.0776, 0.0593, 0.0793], [0.6748, 0.0592, 0.0684, 0.055, 0.0566, 0.0236, 0.0625], [0.804, 0.0179, 0.0206, 0.0822, 0.0373, 0.0154, 0.0226], [0.6446, 0.029, 0.0974, 0.046, 0.0953, 0.0715, 0.0163], [0.7508, 0.0573, 0.0717, 0.0362, 0.0465, 0.015, 0.0225], [0.7301, 0.0201, 0.0691, 0.0488, 0.0363, 0.0209, 0.0747], [0.6799, 0.0652, 0.071, 0.0636, 0.0144, 0.0488, 0.0572], [0.6933, 0.0807, 0.0595, 0.0846, 0.0298, 0.0257, 0.0263], [0.6608, 0.0629, 0.0653, 0.0686, 0.0698, 0.035, 0.0376], [0.8146, 0.0222, 0.0213, 0.0165, 0.0162, 0.0608, 0.0484], [0.6461, 0.0511, 0.07, 0.0526, 0.0675, 0.0567, 0.056], [0.6942, 0.0455, 0.0311, 0.0688, 0.0758, 0.0166, 0.068], [0.6228, 0.0839, 0.0412, 0.0763, 0.0395, 0.0452, 0.0912], [0.6841, 0.0627, 0.0579, 0.0489, 0.0602, 0.0338, 0.0524], [0.7062, 0.0202, 0.0185, 0.0827, 0.0302, 0.0573, 0.0849], [0.7285, 0.058, 0.0579, 0.0177, 0.0504, 0.0188, 0.0688], [0.7022, 0.0677, 0.0409, 0.0596, 0.0326, 0.0309, 0.0662], [0.7865, 0.0529, 0.0324, 0.0322, 0.0156, 0.056, 0.0245], [0.6869, 0.0483, 0.0784, 0.0708, 0.0159, 0.0537, 0.046], [0.7055, 0.0579, 0.0586, 0.0503, 0.0488, 0.0378, 0.0413], [0.6921, 0.0583, 0.0269, 0.0724, 0.057, 0.0389, 0.0544], [0.6205, 0.0551, 0.0273, 0.0758, 0.0813, 0.0651, 0.075], [0.7176, 0.0632, 0.0139, 0.0575, 0.0475, 0.0615, 0.0388], [0.6948, 0.038, 0.0721, 0.0373, 0.0496, 0.0651, 0.0432], [0.7181, 0.0384, 0.0994, 0.0363, 0.0255, 0.06, 0.0223], [0.6321, 0.0313, 0.0806, 0.0619, 0.0805, 0.0566, 0.057], [0.7226, 0.0321, 0.0393, 0.061, 0.05, 0.0662, 0.0287], [0.7063, 0.0438, 0.0696, 0.063, 0.0497, 0.0459, 0.0216], [0.6839, 0.0135, 0.0498, 0.0352, 0.073, 0.0713, 0.0734], [0.7882, 0.021, 0.0343, 0.0321, 0.0256, 0.0446, 0.0542], [0.7369, 0.0563, 0.0757, 0.0478, 0.0223, 0.026, 0.0348], [0.6306, 0.0731, 0.0903, 0.0685, 0.0148, 0.0834, 0.0395], [0.7645, 0.0254, 0.0603, 0.0707, 0.0482, 0.0169, 0.0139], [0.6672, 0.0615, 0.0686, 0.0397, 0.0553, 0.0345, 0.0734], [0.7122, 0.0537, 0.031, 0.0462, 0.0723, 0.0269, 0.0576], [0.6402, 0.0204, 0.0447, 0.0522, 0.0957, 0.0381, 0.1088], [0.7139, 0.0484, 0.0613, 0.0169, 0.0385, 0.0661, 0.0549], [0.692, 0.0455, 0.0646, 0.0262, 0.0514, 0.0589, 0.0613], [0.6538, 0.0845, 0.0859, 0.0525, 0.0429, 0.0162, 0.0643], [0.6673, 0.0815, 0.0622, 0.0604, 0.0478, 0.0238, 0.057], [0.5998, 0.0854, 0.0659, 0.0842, 0.0165, 0.0643, 0.0839], [0.7068, 0.0553, 0.0301, 0.0617, 0.0395, 0.0558, 0.0507], [0.7035, 0.064, 0.0167, 0.0184, 0.0838, 0.0775, 0.0361], [0.7407, 0.0478, 0.057, 0.0488, 0.0308, 0.0299, 0.045], [0.7022, 0.068, 0.062, 0.0705, 0.0137, 0.0384, 0.0452], [0.6347, 0.046, 0.0922, 0.0938, 0.0366, 0.069, 0.0277], [0.6593, 0.0746, 0.0592, 0.0402, 0.0441, 0.0436, 0.079], [0.6751, 0.0295, 0.0359, 0.0317, 0.0782, 0.0615, 0.0881], [0.7251, 0.0406, 0.0218, 0.0509, 0.078, 0.0487, 0.0349], [0.6175, 0.0478, 0.0676, 0.0803, 0.0439, 0.0567, 0.0861], [0.6942, 0.0322, 0.0474, 0.0147, 0.0453, 0.0814, 0.0847], [0.7356, 0.0337, 0.0201, 0.0374, 0.0775, 0.0309, 0.0649], [0.7301, 0.06, 0.055, 0.0391, 0.0618, 0.0394, 0.0148], [0.7168, 0.0709, 0.0491, 0.0693, 0.0205, 0.0481, 0.0254]], "emotions": ["red", "red", "red", "red", "red", "red", "red", "red", "red", "red", "red", "red", "red", "red", "red", "red", "red", "red", "red", "red", "red", "red", "red", "red", "red", "red", "red", "red", "red", "red", "red", "red", "red", "red", "red", "red", "red", "red", "red", "red", "red", "red", "red", "red", "red", "red", "red", "red", "red", "red", "red", "red", "red", "red", "red", "red", "red", "red", "red", "red", "red", "red", "red", "red", "red", "red", "red", "red", "red", "red", "red", "red", "red", "red", "red", "red", "red", "red", "red", "red"], "timestamps": [0, 40, 80, 120, 160, 200, 240, 280, 320, 360, 400, 440, 480, 520, 560, 600, 640, 680, 720, 760, 800, 840, 880, 920, 960, 1000, 1040, 1080, 1120, 1160, 1200, 1240, 1280, 1320, 1360, 1400, 1440, 1480, 1520, 1560, 1600, 1640, 1680, 1720, 1760, 1800, 1840, 1880, 1920, 1960, 2000, 2040, 2080, 2120, 2160, 2200, 2240, 2280, 2320, 2360, 2400, 2440, 2480, 2520, 2560, 2600, 2640, 2680, 2720, 2760, 2800, 2840, 2880, 2920, 2960, 3000, 3040, 3080, 3120, 3160]}], "conversation": [], "conversation_timestamps": []}