{"agent_id": "agent-purple-1899", "type": "purple", "trips": [{"trip_id": 0, "transport_method": "foot", "start_time": 0, "path": [[1.5189897, 42.5035459], [1.5175872, 42.503727], [1.5162079, 42.5035305], [1.5150325, 42.5027465], [1.5137531, 42.5022165], [1.5127225, 42.5014699], [1.5118731, 42.5003392], [1.5110013, 42.4992259], [1.5100531, 42.4981897], [1.5087868, 42.4975603], [1.5074959, 42.4969856], [1.5061648, 42.4965082], [1.5048327, 42.4960384], [1.5035528, 42.4954508], [1.5022549, 42.4948965], [1.5009736, 42.4942985], [1.49998, 42.4933749], [1.4988009, 42.4926027], [1.4975599, 42.4919257], [1.4963985, 42.4911232], [1.4960693, 42.4897901], [1.4951477, 42.4887176], [1.4946834, 42.4874564], [1.4943454, 42.4861501], [1.4932489, 42.4852623], [1.4919899, 42.4847627], [1.4909381, 42.4840064], [1.4902685, 42.4827709], [1.4895804, 42.4815393], [1.4893853, 42.4801418], [1.489737, 42.4788074], [1.4904476, 42.4775859], [1.4903884, 42.4764539], [1.4897238, 42.4763713], [1.4884248, 42.4758935], [1.4873636, 42.4754191], [1.487269, 42.4746409], [1.4879441, 42.4741473], [1.4883083, 42.4729381], [1.4892094, 42.4718755], [1.4887516, 42.4707268], [1.4884139, 42.4694429], [1.4881291, 42.4681227], [1.4872802, 42.4671958], [1.4862836, 42.466376], [1.4859213, 42.4650474], [1.4848924, 42.4647139], [1.4834977, 42.464914], [1.4823534, 42.4642077], [1.4822456, 42.4628648], [1.4817167, 42.4616373], [1.480693, 42.4608529], [1.4805612, 42.4594618], [1.4793878, 42.4588051], [1.4792718, 42.457485], [1.4796906, 42.4566433], [1.4782951, 42.4568415], [1.4769098, 42.4570688], [1.4755397, 42.4574191], [1.4743478, 42.457781], [1.4756887, 42.4573764], [1.4770648, 42.4570741], [1.4761181, 42.457231], [1.4747372, 42.457536], [1.4735459, 42.4572213], [1.4735843, 42.457546], [1.4723341, 42.4569], [1.4710675, 42.4563016], [1.4697431, 42.4561027], [1.4683979, 42.455722], [1.4670759, 42.455402], [1.4657576, 42.4550124], [1.464822, 42.4542548], [1.4638801, 42.4540739], [1.4629329, 42.4538306], [1.4617497, 42.4531721], [1.4627911, 42.452435], [1.4639877, 42.4526965], [1.4641024, 42.4526367], [1.4653696, 42.4524228]], "mood_vectors": [[0.0601, 0.0687, 0.0513, 0.0528, 0.073, 0.6362, 0.058], [0.032, 0.0572, 0.0363, 0.0499, 0.0653, 0.686, 0.0733], [0.0156, 0.044, 0.0281, 0.0341, 0.0624, 0.7944, 0.0214], [0.0373, 0.0489, 0.072, 0.0545, 0.0461, 0.6552, 0.086], [0.0515, 0.0295, 0.0339, 0.0657, 0.0422, 0.7015, 0.0758], [0.045, 0.0599, 0.0384, 0.081, 0.0605, 0.6723, 0.0429], [0.0315, 0.0565, 0.0403, 0.0551, 0.0517, 0.7439, 0.0209], [0.0401, 0.0423, 0.0146, 0.038, 0.0866, 0.7168, 0.0618], [0.063, 0.026, 0.0252, 0.0641, 0.0675, 0.7002, 0.0539], [0.0423, 0.0206, 0.0801, 0.0423, 0.0592, 0.7355, 0.02], [0.0294, 0.062, 0.0506, 0.0496, 0.0735, 0.7076, 0.0273], [0.0657, 0.0247, 0.0483, 0.0519, 0.0262, 0.754, 0.0292], [0.0454, 0.0634, 0.0384, 0.0699, 0.0676, 0.6453, 0.07], [0.0207, 0.0589, 0.024, 0.0416, 0.0386, 0.7406, 0.0756], [0.0714, 0.0684, 0.0728, 0.0354, 0.0142, 0.6874, 0.0505], [0.0797, 0.0269, 0.0509, 0.0157, 0.0626, 0.711, 0.0531], [0.0173, 0.0699, 0.0271, 0.0391, 0.0691, 0.7301, 0.0474], [0.0378, 0.0472, 0.0658, 0.0419, 0.0575, 0.711, 0.0388], [0.0399, 0.0642, 0.0209, 0.0341, 0.0435, 0.7566, 0.0408], [0.0638, 0.0282, 0.0894, 0.0766, 0.0543, 0.6321, 0.0556], [0.0143, 0.0694, 0.0139, 0.0262, 0.0496, 0.7979, 0.0288], [0.028, 0.0714, 0.0186, 0.0556, 0.0656, 0.7284, 0.0323], [0.048, 0.045, 0.0143, 0.0303, 0.0798, 0.7502, 0.0324], [0.0252, 0.0137, 0.0665, 0.0765, 0.0518, 0.7369, 0.0294], [0.0772, 0.0501, 0.0591, 0.0511, 0.0458, 0.6247, 0.0921], [0.0685, 0.0248, 0.056, 0.0148, 0.0735, 0.7177, 0.0447], [0.042, 0.0817, 0.0831, 0.0357, 0.0336, 0.6854, 0.0386], [0.0811, 0.0297, 0.0233, 0.0797, 0.0797, 0.6797, 0.0269], [0.056, 0.0567, 0.0616, 0.0184, 0.0451, 0.7137, 0.0484], [0.0181, 0.0307, 0.0528, 0.0312, 0.0765, 0.7083, 0.0823], [0.0375, 0.0456, 0.0657, 0.0318, 0.0255, 0.727, 0.0669], [0.029, 0.0562, 0.0632, 0.0738, 0.023, 0.7267, 0.0281], [0.0591, 0.027, 0.0681, 0.0148, 0.0117, 0.7761, 0.0431], [0.0487, 0.0631, 0.0688, 0.0213, 0.0838, 0.6646, 0.0497], [0.0425, 0.0298, 0.0652, 0.0483, 0.0565, 0.6957, 0.062], [0.0606, 0.0672, 0.0403, 0.0517, 0.0615, 0.694, 0.0246], [0.0596, 0.0299, 0.0642, 0.0375, 0.06, 0.6869, 0.0619], [0.0783, 0.0411, 0.0167, 0.0714, 0.0327, 0.6958, 0.064], [0.0786, 0.0484, 0.0203, 0.0433, 0.03, 0.6875, 0.0918], [0.0937, 0.029, 0.0195, 0.0458, 0.0304, 0.7386, 0.043], [0.026, 0.087, 0.0699, 0.0575, 0.0637, 0.6193, 0.0767], [0.0272, 0.047, 0.0448, 0.0865, 0.0296, 0.6966, 0.0683], [0.0622, 0.0435, 0.0679, 0.0297, 0.04, 0.7074, 0.0493], [0.0182, 0.07, 0.0755, 0.0889, 0.0399, 0.6257, 0.0817], [0.0891, 0.0234, 0.0256, 0.027, 0.0766, 0.7378, 0.0205], [0.0414, 0.0442, 0.0414, 0.0327, 0.0585, 0.7172, 0.0646], [0.0697, 0.0793, 0.0818, 0.0535, 0.02, 0.6271, 0.0688], [0.0569, 0.0517, 0.0259, 0.0183, 0.05, 0.728, 0.0693], [0.0826, 0.0204, 0.0463, 0.0594, 0.0876, 0.6564, 0.0473], [0.0544, 0.0204, 0.0407, 0.0519, 0.0742, 0.742, 0.0164], [0.0618, 0.0144, 0.0377, 0.075, 0.0825, 0.7058, 0.0228], [0.094, 0.0589, 0.0512, 0.0692, 0.0357, 0.6265, 0.0645], [0.0531, 0.0457, 0.0563, 0.0612, 0.0784, 0.6381, 0.0673], [0.0292, 0.0562, 0.0649, 0.015, 0.0152, 0.783, 0.0365], [0.0296, 0.0403, 0.0784, 0.0207, 0.0731, 0.6904, 0.0676], [0.0173, 0.0153, 0.0859, 0.0377, 0.0852, 0.7103, 0.0484], [0.0295, 0.024, 0.0903, 0.0165, 0.0654, 0.6978, 0.0765], [0.0434, 0.0364, 0.081, 0.0807, 0.0374, 0.6493, 0.0719], [0.0512, 0.0283, 0.0791, 0.0433, 0.0436, 0.6837, 0.0708], [0.042, 0.074, 0.0799, 0.0282, 0.0224, 0.6782, 0.0754], [0.0186, 0.0595, 0.0629, 0.0443, 0.0563, 0.7215, 0.0368], [0.0609, 0.05, 0.0163, 0.0629, 0.066, 0.6685, 0.0754], [0.0519, 0.0597, 0.0236, 0.0798, 0.0251, 0.6923, 0.0677], [0.0387, 0.0337, 0.0949, 0.0145, 0.0246, 0.7263, 0.0672], [0.0438, 0.0159, 0.0685, 0.0185, 0.0457, 0.7332, 0.0744], [0.0584, 0.0648, 0.0433, 0.0618, 0.1034, 0.6289, 0.0395], [0.0409, 0.0493, 0.0735, 0.0735, 0.0228, 0.6913, 0.0487], [0.0421, 0.0724, 0.0581, 0.0211, 0.0648, 0.6777, 0.0639], [0.0147, 0.0273, 0.0461, 0.0784, 0.082, 0.6881, 0.0634], [0.0414, 0.0501, 0.0412, 0.0684, 0.0711, 0.7059, 0.0218], [0.0672, 0.0625, 0.0374, 0.068, 0.0603, 0.6803, 0.0243], [0.078, 0.0398, 0.0213, 0.063, 0.0805, 0.679, 0.0384], [0.0572, 0.0624, 0.0648, 0.0511, 0.0763, 0.6343, 0.0539], [0.0454, 0.0312, 0.02, 0.0521, 0.0547, 0.7421, 0.0545], [0.0675, 0.0729, 0.066, 0.0498, 0.0595, 0.6135, 0.0708], [0.0326, 0.0485, 0.0337, 0.0127, 0.0731, 0.7265, 0.0728], [0.0165, 0.0721, 0.0516, 0.0249, 0.0698, 0.7205, 0.0447], [0.0149, 0.0708, 0.0182, 0.0729, 0.0692, 0.7172, 0.0368], [0.0507, 0.0537, 0.0556, 0.0521, 0.0611, 0.6721, 0.0547], [0.0661, 0.0728, 0.0192, 0.0179, 0.0401, 0.7101, 0.0738]], "emotions": ["purple", "purple", "purple", "purple", "purple", "purple", "purple", "purple", "purple", "purple", "purple", "purple", "purple", "purple", "purple", "purple", "purple", "purple", "purple", "purple", "purple", "purple", "purple", "purple", "purple", "purple", "purple", "purple", "purple", "purple", "purple", "purple", "purple", "purple", "purple", "purple", "purple", "purple", "purple", "purple", "purple", "purple", "purple", "purple", "purple", "purple", "purple", "purple", "purple", "purple", "purple", "purple", "purple", "purple", "purple", "purple", "purple", "purple", "purple", "purple", "purple", "purple", "purple", "purple", "purple", "purple", "purple", "purple", "purple", "purple", "purple", "purple", "purple", "purple", "purple", "purple", "purple", "purple", "purple", "purple"], "timestamps": [0, 40, 80, 120, 160, 200, 240, 280, 320, 360, 400, 440, 480, 520, 560, 600, 640, 680, 720, 760, 800, 840, 880, 920, 960, 1000, 1040, 1080, 1120, 1160, 1200, 1240, 1280, 1320, 1360, 1400, 1440, 1480, 1520, 1560, 1600, 1640, 1680, 1720, 1760, 1800, 1840, 1880, 1920, 1960, 2000, 2040, 2080, 2120, 2160, 2200, 2240, 2280, 2320, 2360, 2400, 2440, 2480, 2520, 2560, 2600, 2640, 2680, 2720, 2760, 2800, 2840, 2880, 2920, 2960, 3000, 3040, 3080, 3120, 3160]}], "conversation": [], "conversation_timestamps": []}