{"agent_id": "agent-orange-1778", "type": "orange", "trips": [{"trip_id": 0, "transport_method": "foot", "start_time": 0, "path": [[1.492646, 42.4643946], [1.4934862, 42.4660454], [1.4919096, 42.4669841], [1.4917946, 42.468666], [1.4919104, 42.4705078], [1.4910492, 42.4721968], [1.4905215, 42.4739767], [1.4908574, 42.4758174], [1.490449, 42.4776313], [1.4901518, 42.4795058], [1.4898547, 42.4813802], [1.4894519, 42.4806692], [1.4897112, 42.4788479], [1.4906074, 42.4771811], [1.4905382, 42.4776487], [1.4903883, 42.4795406], [1.4902384, 42.4814325], [1.4905104, 42.4832309], [1.4916046, 42.4846547], [1.4926808, 42.486048], [1.4935082, 42.4877521], [1.4944377, 42.4894067], [1.4953115, 42.4910606], [1.4967523, 42.4922903], [1.4981918, 42.4935072], [1.4987855, 42.4950288], [1.5000439, 42.4960783], [1.5017184, 42.4968401], [1.5033989, 42.4977133], [1.5051249, 42.4985007], [1.5068263, 42.4993399], [1.5085204, 42.50018], [1.5092643, 42.5005433], [1.5105818, 42.5011494], [1.5102223, 42.5010595], [1.5117536, 42.5017642], [1.5127994, 42.5025053], [1.5141221, 42.5038397], [1.5153606, 42.5052121], [1.517119, 42.5059087], [1.5186363, 42.5067057], [1.5202947, 42.5073961], [1.5220597, 42.5077279], [1.5239232, 42.5077755], [1.5257531, 42.5082038], [1.5275356, 42.5086106], [1.5289983, 42.5097953], [1.529763, 42.5112004], [1.5309169, 42.5123722], [1.5303873, 42.5140735], [1.5291801, 42.5154297], [1.5276469, 42.5165036], [1.5265269, 42.5171017], [1.5282147, 42.5163249], [1.5280864, 42.5163097], [1.5264951, 42.5173438], [1.5249037, 42.5183779], [1.5258118, 42.5175553], [1.5251825, 42.5180959], [1.523898, 42.5193487], [1.5233254, 42.5211385], [1.5219557, 42.5224174], [1.5209989, 42.5240253], [1.5205945, 42.5258318], [1.5199916, 42.5275447], [1.5206044, 42.5292446], [1.5198125, 42.530633], [1.5196876, 42.5324377], [1.5196848, 42.5342225], [1.5210776, 42.5355092], [1.5211089, 42.5364234], [1.5202498, 42.5380305], [1.5199361, 42.5398861], [1.5193743, 42.541383], [1.5179347, 42.5425921], [1.5170021, 42.5442186], [1.5182157, 42.5447647], [1.519817, 42.5455908], [1.5213023, 42.5467022], [1.5211215, 42.5465433]], "mood_vectors": [[0.0212, 0.0829, 0.0486, 0.0413, 0.7439, 0.0134, 0.0487], [0.0243, 0.0225, 0.0243, 0.0638, 0.7208, 0.074, 0.0703], [0.0282, 0.0723, 0.0875, 0.049, 0.6723, 0.0553, 0.0353], [0.0876, 0.0441, 0.0393, 0.068, 0.6662, 0.0728, 0.0219], [0.0235, 0.0494, 0.0689, 0.0163, 0.7156, 0.0667, 0.0595], [0.0319, 0.0422, 0.0135, 0.0246, 0.7819, 0.0446, 0.0612], [0.0248, 0.0218, 0.0744, 0.0606, 0.7035, 0.0425, 0.0725], [0.0348, 0.0149, 0.0727, 0.0352, 0.7859, 0.013, 0.0435], [0.0573, 0.0634, 0.0498, 0.0553, 0.7065, 0.0135, 0.0542], [0.0529, 0.026, 0.0438, 0.0134, 0.7803, 0.0299, 0.0537], [0.0765, 0.0506, 0.0132, 0.0707, 0.7513, 0.0133, 0.0244], [0.0554, 0.0746, 0.0122, 0.0595, 0.7321, 0.0334, 0.0329], [0.061, 0.0536, 0.038, 0.0818, 0.6226, 0.0693, 0.0737], [0.0334, 0.0705, 0.0484, 0.0397, 0.6963, 0.0581, 0.0537], [0.0689, 0.0368, 0.0453, 0.0515, 0.7211, 0.0381, 0.0383], [0.0453, 0.0398, 0.0334, 0.0762, 0.7362, 0.0425, 0.0267], [0.0539, 0.0148, 0.0653, 0.0689, 0.6836, 0.0446, 0.0689], [0.0562, 0.0425, 0.0192, 0.0348, 0.7967, 0.0159, 0.0347], [0.0632, 0.0229, 0.0168, 0.0402, 0.7149, 0.0866, 0.0555], [0.0419, 0.0875, 0.0881, 0.0705, 0.6509, 0.0379, 0.0232], [0.0509, 0.0567, 0.0559, 0.0181, 0.7725, 0.0227, 0.0233], [0.0267, 0.0618, 0.0489, 0.0466, 0.7727, 0.0217, 0.0216], [0.0178, 0.0901, 0.0335, 0.0674, 0.7098, 0.0434, 0.0381], [0.059, 0.0197, 0.0244, 0.0873, 0.7013, 0.0631, 0.0452], [0.041, 0.0393, 0.0663, 0.0691, 0.6329, 0.0656, 0.0859], [0.0537, 0.0134, 0.0809, 0.0403, 0.7217, 0.0573, 0.0326], [0.0462, 0.0526, 0.0742, 0.0917, 0.6234, 0.0428, 0.0692], [0.0706, 0.0399, 0.0774, 0.0181, 0.7478, 0.0255, 0.0207], [0.0777, 0.0149, 0.0764, 0.0146, 0.6698, 0.0842, 0.0624], [0.0492, 0.0145, 0.0128, 0.0621, 0.7247, 0.0659, 0.0707], [0.0802, 0.07, 0.0254, 0.0522, 0.6855, 0.0286, 0.0581], [0.0768, 0.045, 0.0658, 0.048, 0.6894, 0.0598, 0.0152], [0.0559, 0.0584, 0.0703, 0.0718, 0.6492, 0.0795, 0.0148], [0.017, 0.0474, 0.0253, 0.0599, 0.7005, 0.0878, 0.0622], [0.0457, 0.0871, 0.031, 0.0367, 0.6958, 0.0818, 0.022], [0.0141, 0.0459, 0.0726, 0.0299, 0.7481, 0.0448, 0.0446], [0.055, 0.0488, 0.0788, 0.0351, 0.7127, 0.0197, 0.0499], [0.086, 0.0324, 0.0335, 0.0673, 0.7007, 0.0394, 0.0407], [0.0669, 0.0305, 0.0591, 0.0682, 0.6667, 0.0632, 0.0454], [0.0241, 0.0631, 0.076, 0.0307, 0.7236, 0.0528, 0.0297], [0.046, 0.0297, 0.0461, 0.0527, 0.6736, 0.0649, 0.0872], [0.0384, 0.044, 0.0681, 0.0859, 0.6832, 0.0657, 0.0147], [0.0457, 0.064, 0.0435, 0.0612, 0.7008, 0.0287, 0.0561], [0.0696, 0.087, 0.028, 0.0393, 0.6658, 0.0867, 0.0237], [0.0375, 0.0368, 0.0544, 0.088, 0.6788, 0.0196, 0.085], [0.0567, 0.0665, 0.0568, 0.0719, 0.6817, 0.0152, 0.0512], [0.0517, 0.0247, 0.0813, 0.0809, 0.6979, 0.0513, 0.0123], [0.0207, 0.0386, 0.0695, 0.0696, 0.7135, 0.059, 0.0291], [0.0654, 0.0338, 0.042, 0.068, 0.7356, 0.0141, 0.0411], [0.0615, 0.0616, 0.0282, 0.0847, 0.6956, 0.0195, 0.0488], [0.0211, 0.0806, 0.0326, 0.0581, 0.7676, 0.0162, 0.0237], [0.0575, 0.0742, 0.0514, 0.0465, 0.7164, 0.0168, 0.0373], [0.0208, 0.0635, 0.037, 0.0565, 0.702, 0.0581, 0.0621], [0.0415, 0.0824, 0.0354, 0.0892, 0.6853, 0.0228, 0.0434], [0.0492, 0.0476, 0.0761, 0.0223, 0.7203, 0.0322, 0.0523], [0.0635, 0.0514, 0.0152, 0.0501, 0.7252, 0.055, 0.0396], [0.0244, 0.0664, 0.0709, 0.0507, 0.6736, 0.0586, 0.0555], [0.0157, 0.0745, 0.0276, 0.0148, 0.7846, 0.0515, 0.0313], [0.0138, 0.0422, 0.0788, 0.0259, 0.7597, 0.0393, 0.0403], [0.0285, 0.0709, 0.0742, 0.0626, 0.6878, 0.0605, 0.0156], [0.0472, 0.0216, 0.0926, 0.0882, 0.6307, 0.0492, 0.0704], [0.0439, 0.0204, 0.0456, 0.0717, 0.7394, 0.0154, 0.0635], [0.0446, 0.0721, 0.0596, 0.0397, 0.7241, 0.0345, 0.0252], [0.0662, 0.0214, 0.074, 0.0482, 0.698, 0.0756, 0.0166], [0.0287, 0.0288, 0.0301, 0.0194, 0.7433, 0.0725, 0.0772], [0.0381, 0.0481, 0.0863, 0.04, 0.6828, 0.0798, 0.0249], [0.068, 0.0452, 0.0577, 0.0753, 0.607, 0.0745, 0.0724], [0.0624, 0.0478, 0.0314, 0.0307, 0.7274, 0.0696, 0.0307], [0.0669, 0.0144, 0.0878, 0.065, 0.6606, 0.0308, 0.0745], [0.0633, 0.0726, 0.0568, 0.0326, 0.6587, 0.0415, 0.0744], [0.0684, 0.0154, 0.0766, 0.0919, 0.6841, 0.0235, 0.0401], [0.0538, 0.0664, 0.0488, 0.0604, 0.697, 0.0338, 0.0398], [0.0326, 0.088, 0.1012, 0.0194, 0.6727, 0.0242, 0.0619], [0.0203, 0.0687, 0.0541, 0.0443, 0.7074, 0.0833, 0.0219], [0.0396, 0.0545, 0.0852, 0.0591, 0.6054, 0.093, 0.0633], [0.0226, 0.0366, 0.0599, 0.0519, 0.7298, 0.0563, 0.0429], [0.0503, 0.0342, 0.071, 0.0455, 0.6818, 0.0444, 0.0728], [0.0162, 0.0231, 0.0474, 0.0706, 0.7409, 0.0617, 0.04], [0.0286, 0.0293, 0.0223, 0.0878, 0.691, 0.0495, 0.0915], [0.0293, 0.0244, 0.0495, 0.0601, 0.7093, 0.0654, 0.062]], "emotions": ["red", "red", "red", "red", "red", "red", "red", "red", "red", "red", "red", "red", "red", "red", "red", "red", "red", "red", "red", "red", "red", "red", "red", "red", "red", "red", "red", "red", "red", "red", "red", "red", "red", "red", "red", "red", "red", "red", "red", "red", "red", "red", "red", "red", "red", "red", "red", "red", "red", "red", "red", "red", "red", "red", "red", "red", "red", "red", "red", "red", "red", "red", "red", "red", "red", "red", "red", "red", "red", "red", "red", "red", "red", "red", "red", "red", "red", "red", "red", "red"], "timestamps": [0, 40, 80, 120, 160, 200, 240, 280, 320, 360, 400, 440, 480, 520, 560, 600, 640, 680, 720, 760, 800, 840, 880, 920, 960, 1000, 1040, 1080, 1120, 1160, 1200, 1240, 1280, 1320, 1360, 1400, 1440, 1480, 1520, 1560, 1600, 1640, 1680, 1720, 1760, 1800, 1840, 1880, 1920, 1960, 2000, 2040, 2080, 2120, 2160, 2200, 2240, 2280, 2320, 2360, 2400, 2440, 2480, 2520, 2560, 2600, 2640, 2680, 2720, 2760, 2800, 2840, 2880, 2920, 2960, 3000, 3040, 3080, 3120, 3160]}], "conversation": [], "conversation_timestamps": []}