{"agent_id": "agent-blue-1430", "type": "blue", "trips": [{"trip_id": 0, "transport_method": "foot", "start_time": 0, "path": [[1.5234098, 42.5069677], [1.5241325, 42.5072651], [1.5244835, 42.5077794], [1.5252779, 42.5080324], [1.5259917, 42.5083707], [1.5268112, 42.5085168], [1.527623, 42.5086519], [1.5282925, 42.5091455], [1.5288831, 42.5097336], [1.5294837, 42.5102868], [1.5294866, 42.5109872], [1.530056, 42.5115594], [1.5308238, 42.5118627], [1.5307762, 42.5125766], [1.5303487, 42.5132866], [1.530397, 42.5140914], [1.5299016, 42.5147064], [1.5293069, 42.5152678], [1.5287469, 42.5158684], [1.5280238, 42.5162859], [1.5273008, 42.5167035], [1.5265777, 42.5171211], [1.5266951, 42.5170717], [1.5274017, 42.5166677], [1.5281639, 42.5163486], [1.5288417, 42.5158782], [1.5283245, 42.5161551], [1.5276243, 42.51661], [1.5269241, 42.517065], [1.526224, 42.51752], [1.5255238, 42.517975], [1.5248237, 42.5184299], [1.5251156, 42.518222], [1.5257213, 42.5176519], [1.5261547, 42.5174007], [1.5254755, 42.5178863], [1.5247963, 42.518372], [1.5241227, 42.5188634], [1.5238674, 42.5195937], [1.5236709, 42.5203997], [1.5233153, 42.5211546], [1.5227137, 42.5217215], [1.5220707, 42.5222437], [1.5217457, 42.5230046], [1.5212701, 42.5236835], [1.520789, 42.5243634], [1.5206169, 42.5251678], [1.5205852, 42.5260021], [1.5202312, 42.5267412], [1.51997, 42.5274916], [1.5204431, 42.528175], [1.5206604, 42.5289674], [1.5203245, 42.5297161], [1.5196701, 42.5301523], [1.5198123, 42.5309536], [1.519551, 42.5317215], [1.5197001, 42.532531], [1.5196287, 42.5333431], [1.5195969, 42.534122], [1.5201831, 42.5347158], [1.5207973, 42.535281], [1.5211836, 42.5358198], [1.5206004, 42.5363586], [1.5201167, 42.5370342], [1.5197873, 42.5378], [1.5195173, 42.5385882], [1.5193627, 42.5394028], [1.5193368, 42.5402111], [1.519305, 42.5409853], [1.5186665, 42.5414374], [1.5179673, 42.5417575], [1.5187354, 42.54143], [1.5188071, 42.5413783], [1.5180524, 42.5417356], [1.5174775, 42.5423107], [1.5172233, 42.5430455], [1.5169054, 42.5437589], [1.5163471, 42.5443512], [1.5160093, 42.5450058], [1.5159865, 42.545607]], "mood_vectors": [[0.0869, 0.0361, 0.0672, 0.7134, 0.0558, 0.0203, 0.0205], [0.0184, 0.0573, 0.0385, 0.6819, 0.0579, 0.0628, 0.083], [0.0493, 0.0741, 0.0526, 0.6707, 0.0519, 0.0382, 0.0632], [0.0764, 0.029, 0.0807, 0.638, 0.0397, 0.0563, 0.0799], [0.0239, 0.043, 0.0347, 0.7387, 0.0931, 0.0412, 0.0254], [0.013, 0.0213, 0.0507, 0.6803, 0.0758, 0.0874, 0.0716], [0.0705, 0.0437, 0.0647, 0.6664, 0.0136, 0.0668, 0.0743], [0.0654, 0.0514, 0.0253, 0.7336, 0.0288, 0.0452, 0.0503], [0.0179, 0.0621, 0.0645, 0.6749, 0.049, 0.056, 0.0757], [0.0459, 0.0681, 0.0497, 0.7477, 0.0355, 0.0366, 0.0165], [0.0148, 0.0304, 0.0673, 0.802, 0.0361, 0.0328, 0.0167], [0.0335, 0.034, 0.0318, 0.7617, 0.0965, 0.0193, 0.0233], [0.078, 0.0434, 0.0844, 0.6662, 0.013, 0.0636, 0.0514], [0.0452, 0.0506, 0.0688, 0.7237, 0.0162, 0.0186, 0.077], [0.0677, 0.0534, 0.0234, 0.7579, 0.0609, 0.0138, 0.0228], [0.0198, 0.0142, 0.0666, 0.6938, 0.0716, 0.0549, 0.0791], [0.0618, 0.0518, 0.0298, 0.7105, 0.0423, 0.0644, 0.0394], [0.0476, 0.0774, 0.0595, 0.7284, 0.0314, 0.0185, 0.0372], [0.024, 0.027, 0.0695, 0.7587, 0.0618, 0.0353, 0.0235], [0.0527, 0.0471, 0.0441, 0.7042, 0.0552, 0.0716, 0.0251], [0.0268, 0.0653, 0.0501, 0.7526, 0.0481, 0.0362, 0.0211], [0.0145, 0.0758, 0.0445, 0.7947, 0.0186, 0.0264, 0.0255], [0.0228, 0.0745, 0.0652, 0.7443, 0.0437, 0.0254, 0.024], [0.0725, 0.0318, 0.0393, 0.7033, 0.0427, 0.0619, 0.0484], [0.0475, 0.0611, 0.0456, 0.7133, 0.0729, 0.0262, 0.0333], [0.0743, 0.0503, 0.0574, 0.6886, 0.0322, 0.0171, 0.0802], [0.0688, 0.0387, 0.0789, 0.6547, 0.021, 0.0822, 0.0558], [0.0302, 0.0637, 0.0151, 0.8325, 0.0192, 0.0171, 0.0221], [0.0328, 0.0678, 0.0492, 0.6956, 0.0214, 0.0509, 0.0824], [0.0291, 0.0352, 0.0724, 0.6892, 0.0415, 0.0543, 0.0784], [0.0458, 0.0655, 0.0307, 0.6955, 0.0473, 0.0699, 0.0453], [0.0493, 0.0153, 0.0154, 0.6831, 0.0724, 0.0855, 0.0789], [0.0585, 0.0406, 0.0371, 0.7206, 0.0388, 0.0682, 0.0363], [0.0462, 0.0435, 0.051, 0.6672, 0.0583, 0.0488, 0.085], [0.0426, 0.0548, 0.0588, 0.7795, 0.0225, 0.0213, 0.0206], [0.0301, 0.0681, 0.0693, 0.6647, 0.041, 0.0429, 0.0839], [0.0537, 0.0335, 0.0412, 0.6684, 0.0687, 0.0765, 0.058], [0.0237, 0.068, 0.0701, 0.671, 0.0559, 0.0515, 0.0598], [0.0714, 0.0291, 0.0493, 0.7016, 0.0719, 0.0648, 0.0119], [0.0837, 0.0283, 0.0167, 0.7256, 0.0355, 0.0422, 0.0679], [0.0372, 0.0559, 0.1026, 0.713, 0.0236, 0.0464, 0.0213], [0.0182, 0.0253, 0.0314, 0.7018, 0.0729, 0.0875, 0.063], [0.0307, 0.0682, 0.0181, 0.7505, 0.0612, 0.0212, 0.0501], [0.0767, 0.0278, 0.0496, 0.6501, 0.0792, 0.0676, 0.0489], [0.0356, 0.0275, 0.0705, 0.7297, 0.0553, 0.0352, 0.0461], [0.0532, 0.0881, 0.0204, 0.6387, 0.0686, 0.0671, 0.0639], [0.074, 0.0816, 0.0193, 0.6834, 0.0412, 0.0567, 0.0439], [0.0508, 0.048, 0.0634, 0.6833, 0.0669, 0.0443, 0.0432], [0.0405, 0.0168, 0.0163, 0.8021, 0.0407, 0.0315, 0.0521], [0.0644, 0.0196, 0.0629, 0.67, 0.0182, 0.0848, 0.0801], [0.0832, 0.0846, 0.0319, 0.6685, 0.0524, 0.0628, 0.0167], [0.0697, 0.0195, 0.0543, 0.6875, 0.0824, 0.0536, 0.033], [0.0318, 0.0136, 0.09, 0.7466, 0.031, 0.0296, 0.0574], [0.0447, 0.0355, 0.0595, 0.6824, 0.0625, 0.0437, 0.0718], [0.0176, 0.067, 0.0318, 0.7182, 0.07, 0.0594, 0.0359], [0.0244, 0.0573, 0.0628, 0.7084, 0.0502, 0.0446, 0.0522], [0.081, 0.0516, 0.0152, 0.6946, 0.0475, 0.0357, 0.0744], [0.0476, 0.0313, 0.0397, 0.6927, 0.0989, 0.0277, 0.0621], [0.0736, 0.089, 0.0263, 0.6949, 0.0277, 0.0501, 0.0384], [0.0649, 0.0298, 0.0724, 0.6983, 0.0408, 0.058, 0.0358], [0.0566, 0.0431, 0.071, 0.6364, 0.0535, 0.0725, 0.067], [0.0407, 0.0369, 0.0467, 0.6538, 0.0536, 0.0798, 0.0886], [0.0578, 0.0266, 0.0552, 0.6625, 0.0645, 0.0638, 0.0696], [0.0876, 0.0586, 0.081, 0.6727, 0.0252, 0.0608, 0.0141], [0.0458, 0.0503, 0.0443, 0.7455, 0.029, 0.0617, 0.0234], [0.0321, 0.0505, 0.0294, 0.6873, 0.0584, 0.07, 0.0723], [0.0672, 0.0487, 0.0579, 0.7128, 0.0186, 0.0652, 0.0295], [0.0715, 0.0267, 0.051, 0.6264, 0.0717, 0.0786, 0.0742], [0.0311, 0.0214, 0.0753, 0.7199, 0.0197, 0.0718, 0.0607], [0.031, 0.0749, 0.042, 0.6841, 0.062, 0.0659, 0.0401], [0.0369, 0.0176, 0.087, 0.6671, 0.0544, 0.0557, 0.0814], [0.0155, 0.0509, 0.0527, 0.7543, 0.0301, 0.0528, 0.0438], [0.0363, 0.0364, 0.062, 0.7096, 0.0328, 0.0682, 0.0547], [0.053, 0.0913, 0.0514, 0.6607, 0.0588, 0.0597, 0.0252], [0.0835, 0.0681, 0.0801, 0.5988, 0.0749, 0.0658, 0.0289], [0.022, 0.0604, 0.0654, 0.738, 0.0224, 0.0436, 0.0483], [0.0589, 0.0785, 0.0124, 0.7232, 0.0571, 0.042, 0.0278], [0.0872, 0.0526, 0.0874, 0.5951, 0.0616, 0.0437, 0.0723], [0.0441, 0.0144, 0.0143, 0.7884, 0.0259, 0.0335, 0.0795], [0.0923, 0.0325, 0.0224, 0.7333, 0.0815, 0.014, 0.024]], "emotions": ["green", "green", "green", "green", "green", "green", "green", "green", "green", "green", "green", "green", "green", "green", "green", "green", "green", "green", "green", "green", "green", "green", "green", "green", "green", "green", "green", "green", "green", "green", "green", "green", "green", "green", "green", "green", "green", "green", "green", "green", "green", "green", "green", "green", "green", "green", "green", "green", "green", "green", "green", "green", "green", "green", "green", "green", "green", "green", "green", "green", "green", "green", "green", "green", "green", "green", "green", "green", "green", "green", "green", "green", "green", "green", "green", "green", "green", "green", "green", "green"], "timestamps": [0, 40, 80, 120, 160, 200, 240, 280, 320, 360, 400, 440, 480, 520, 560, 600, 640, 680, 720, 760, 800, 840, 880, 920, 960, 1000, 1040, 1080, 1120, 1160, 1200, 1240, 1280, 1320, 1360, 1400, 1440, 1480, 1520, 1560, 1600, 1640, 1680, 1720, 1760, 1800, 1840, 1880, 1920, 1960, 2000, 2040, 2080, 2120, 2160, 2200, 2240, 2280, 2320, 2360, 2400, 2440, 2480, 2520, 2560, 2600, 2640, 2680, 2720, 2760, 2800, 2840, 2880, 2920, 2960, 3000, 3040, 3080, 3120, 3160]}], "conversation": [], "conversation_timestamps": []}