{"agent_id": "agent-blue-1180", "type": "blue", "trips": [{"trip_id": 0, "transport_method": "foot", "start_time": 0, "path": [[1.7326442, 42.5428615], [1.7352199, 42.5453795], [1.7339035, 42.5471617], [1.7309658, 42.5455406], [1.7262179, 42.5439592], [1.7211967, 42.5437843], [1.7161683, 42.543955], [1.7111392, 42.5440939], [1.7061191, 42.5444293], [1.7011923, 42.5453128], [1.6974204, 42.5485164], [1.6941369, 42.5523038], [1.6903905, 42.5556213], [1.6872919, 42.5576847], [1.6850652, 42.5548839], [1.6809852, 42.5533275], [1.6853426, 42.5550344], [1.6817149, 42.5535746], [1.6796772, 42.5512024], [1.6812928, 42.5497142], [1.6842439, 42.5465405], [1.6837091, 42.5439597], [1.6809734, 42.5409682], [1.67656, 42.5386157], [1.673637, 42.5392767], [1.6687747, 42.5391747], [1.6639908, 42.5386929], [1.6617429, 42.5392016], [1.6571069, 42.5409681], [1.6524087, 42.5423897], [1.6479263, 42.5418279], [1.6430083, 42.5408741], [1.6380729, 42.5398961], [1.6382138, 42.5401516], [1.6428727, 42.5416647], [1.6456518, 42.5413976], [1.6407169, 42.5404173], [1.635782, 42.5394371], [1.6315963, 42.539102], [1.6266802, 42.5384828], [1.6219112, 42.5373286], [1.6172469, 42.5354424], [1.621614, 42.5355231], [1.6263469, 42.536032], [1.6230371, 42.5377856], [1.6183702, 42.5359056], [1.6179624, 42.5364105], [1.615979, 42.5366559], [1.611035, 42.5363019], [1.6060534, 42.536298], [1.6010398, 42.5367201], [1.6049491, 42.5371995], [1.6068768, 42.5362139], [1.6018588, 42.5365804], [1.5968855, 42.5361737], [1.5924777, 42.536008], [1.5901111, 42.5356184], [1.594969, 42.5364183], [1.5903238, 42.5357064], [1.5877254, 42.5350687], [1.5845254, 42.5328637], [1.5798522, 42.531767], [1.57487, 42.531285], [1.5746845, 42.5311332], [1.5705679, 42.5288051], [1.5702733, 42.5286745], [1.568947, 42.5276735], [1.5650087, 42.5253182], [1.5608358, 42.5227867], [1.5570337, 42.5196221], [1.555515, 42.5182056], [1.5543776, 42.5174951], [1.5520639, 42.5132956], [1.5475605, 42.5112909], [1.5446116, 42.5093129], [1.539958, 42.5098669], [1.5351129, 42.5098982], [1.5302981, 42.509286], [1.5254701, 42.5080875], [1.521346, 42.5085642]], "mood_vectors": [[0.0533, 0.0559, 0.0716, 0.7133, 0.0126, 0.0667, 0.0266], [0.0334, 0.061, 0.0355, 0.7249, 0.0694, 0.0181, 0.0578], [0.0695, 0.0462, 0.0689, 0.7203, 0.0348, 0.0477, 0.0126], [0.0229, 0.0127, 0.043, 0.7269, 0.0637, 0.0594, 0.0714], [0.0451, 0.0704, 0.0136, 0.7167, 0.0432, 0.0628, 0.0481], [0.0349, 0.0698, 0.0177, 0.695, 0.0431, 0.0878, 0.0518], [0.0799, 0.0663, 0.0853, 0.6204, 0.0139, 0.0775, 0.0567], [0.038, 0.0947, 0.0506, 0.6288, 0.0419, 0.0557, 0.0904], [0.0387, 0.069, 0.0595, 0.6543, 0.0709, 0.0335, 0.0741], [0.0457, 0.0205, 0.0202, 0.7268, 0.0316, 0.0979, 0.0574], [0.0758, 0.0834, 0.0225, 0.6861, 0.0213, 0.0869, 0.0239], [0.0771, 0.0658, 0.0385, 0.6293, 0.0843, 0.0422, 0.0629], [0.0742, 0.0755, 0.022, 0.635, 0.0705, 0.0425, 0.0803], [0.0757, 0.031, 0.0217, 0.6841, 0.0426, 0.0637, 0.0811], [0.018, 0.0571, 0.0531, 0.7116, 0.0498, 0.0739, 0.0364], [0.023, 0.0877, 0.0751, 0.6048, 0.0795, 0.0667, 0.0632], [0.0434, 0.0284, 0.0336, 0.7258, 0.019, 0.036, 0.1139], [0.0243, 0.0145, 0.0406, 0.806, 0.0301, 0.0273, 0.0573], [0.0183, 0.079, 0.0159, 0.793, 0.0235, 0.0565, 0.0138], [0.0573, 0.0422, 0.0716, 0.618, 0.0973, 0.0523, 0.0614], [0.0265, 0.0149, 0.0434, 0.712, 0.0844, 0.0815, 0.0373], [0.0501, 0.0156, 0.0466, 0.6776, 0.0772, 0.0411, 0.0918], [0.0694, 0.0299, 0.0573, 0.7314, 0.0426, 0.0248, 0.0445], [0.0541, 0.0281, 0.0293, 0.6819, 0.0677, 0.0856, 0.0533], [0.0427, 0.0829, 0.062, 0.7301, 0.0219, 0.0392, 0.0213], [0.042, 0.0693, 0.0733, 0.6753, 0.0645, 0.0128, 0.0627], [0.0215, 0.0256, 0.0134, 0.7801, 0.0562, 0.0482, 0.0549], [0.06, 0.0508, 0.04, 0.6909, 0.0665, 0.0761, 0.0156], [0.0687, 0.0362, 0.0744, 0.6402, 0.0552, 0.0696, 0.0557], [0.0411, 0.026, 0.019, 0.7205, 0.0448, 0.0731, 0.0756], [0.0631, 0.066, 0.0601, 0.6872, 0.0137, 0.0535, 0.0564], [0.0364, 0.0504, 0.0539, 0.703, 0.0426, 0.0516, 0.0622], [0.0352, 0.0247, 0.0651, 0.6672, 0.0475, 0.0561, 0.1043], [0.0674, 0.0577, 0.041, 0.6869, 0.0228, 0.0727, 0.0514], [0.0806, 0.0821, 0.0221, 0.6786, 0.0816, 0.0257, 0.0294], [0.0183, 0.0874, 0.0189, 0.7519, 0.0609, 0.0355, 0.027], [0.0844, 0.0279, 0.038, 0.6678, 0.0615, 0.0719, 0.0485], [0.019, 0.0739, 0.0151, 0.7659, 0.0371, 0.0743, 0.0148], [0.0534, 0.0393, 0.0696, 0.6681, 0.0371, 0.0693, 0.0633], [0.0627, 0.0389, 0.0149, 0.7783, 0.0146, 0.0236, 0.067], [0.0264, 0.0548, 0.0384, 0.7504, 0.0705, 0.0355, 0.024], [0.0776, 0.0379, 0.0751, 0.6068, 0.0444, 0.0768, 0.0815], [0.0353, 0.0678, 0.045, 0.6565, 0.0789, 0.0699, 0.0465], [0.0276, 0.0441, 0.0343, 0.6622, 0.0833, 0.0906, 0.0578], [0.0246, 0.0673, 0.06, 0.6699, 0.0559, 0.0492, 0.0731], [0.0735, 0.0681, 0.0592, 0.6349, 0.0582, 0.0722, 0.0338], [0.0856, 0.0384, 0.0231, 0.6861, 0.0863, 0.0664, 0.014], [0.0304, 0.0792, 0.0285, 0.7463, 0.0174, 0.0161, 0.0822], [0.0787, 0.0697, 0.022, 0.6927, 0.0598, 0.0344, 0.0426], [0.0742, 0.0678, 0.0465, 0.6576, 0.0394, 0.0743, 0.0403], [0.0793, 0.0467, 0.0461, 0.671, 0.054, 0.0836, 0.0193], [0.0531, 0.0314, 0.0682, 0.7073, 0.0521, 0.0155, 0.0725], [0.0418, 0.0151, 0.0153, 0.7382, 0.0592, 0.0488, 0.0817], [0.0214, 0.0312, 0.0396, 0.7306, 0.0715, 0.0191, 0.0866], [0.0478, 0.0641, 0.052, 0.6765, 0.0598, 0.0316, 0.0684], [0.0661, 0.0606, 0.0263, 0.686, 0.0658, 0.0687, 0.0266], [0.087, 0.0309, 0.0321, 0.6845, 0.0949, 0.031, 0.0397], [0.0212, 0.0563, 0.0495, 0.7556, 0.0308, 0.0228, 0.0639], [0.0153, 0.0748, 0.0676, 0.7132, 0.0599, 0.0288, 0.0404], [0.0189, 0.0752, 0.0464, 0.7678, 0.0367, 0.0399, 0.0152], [0.0867, 0.092, 0.0936, 0.5572, 0.0783, 0.0592, 0.033], [0.0268, 0.0704, 0.0812, 0.6831, 0.0529, 0.051, 0.0346], [0.0573, 0.0697, 0.0249, 0.6916, 0.0573, 0.0273, 0.0719], [0.0608, 0.037, 0.0175, 0.7358, 0.0894, 0.0447, 0.0149], [0.0704, 0.0636, 0.0362, 0.6826, 0.0378, 0.0679, 0.0415], [0.0513, 0.042, 0.0446, 0.7086, 0.0451, 0.0695, 0.0389], [0.0778, 0.0132, 0.0476, 0.7327, 0.0328, 0.0174, 0.0785], [0.0217, 0.02, 0.0522, 0.7221, 0.0508, 0.09, 0.0432], [0.0614, 0.032, 0.0372, 0.6723, 0.0277, 0.0779, 0.0915], [0.068, 0.0488, 0.0274, 0.6712, 0.0725, 0.0622, 0.05], [0.0562, 0.0402, 0.0648, 0.6804, 0.043, 0.0495, 0.0659], [0.0582, 0.0694, 0.0358, 0.6156, 0.0847, 0.0863, 0.05], [0.0599, 0.0236, 0.0374, 0.6656, 0.0728, 0.0727, 0.068], [0.0287, 0.0617, 0.0343, 0.7172, 0.0736, 0.039, 0.0455], [0.0414, 0.0281, 0.029, 0.7244, 0.0562, 0.0719, 0.049], [0.0611, 0.0257, 0.0499, 0.7003, 0.0808, 0.0667, 0.0156], [0.0336, 0.0938, 0.0243, 0.7055, 0.0821, 0.0236, 0.0373], [0.0501, 0.0718, 0.0537, 0.6156, 0.0818, 0.0461, 0.081], [0.0171, 0.0188, 0.0376, 0.7776, 0.0328, 0.0875, 0.0287], [0.0568, 0.0164, 0.0297, 0.749, 0.0403, 0.0812, 0.0265]], "emotions": ["green", "green", "green", "green", "green", "green", "green", "green", "green", "green", "green", "green", "green", "green", "green", "green", "green", "green", "green", "green", "green", "green", "green", "green", "green", "green", "green", "green", "green", "green", "green", "green", "green", "green", "green", "green", "green", "green", "green", "green", "green", "green", "green", "green", "green", "green", "green", "green", "green", "green", "green", "green", "green", "green", "green", "green", "green", "green", "green", "green", "green", "green", "green", "green", "green", "green", "green", "green", "green", "green", "green", "green", "green", "green", "green", "green", "green", "green", "green", "green"], "timestamps": [0, 40, 80, 120, 160, 200, 240, 280, 320, 360, 400, 440, 480, 520, 560, 600, 640, 680, 720, 760, 800, 840, 880, 920, 960, 1000, 1040, 1080, 1120, 1160, 1200, 1240, 1280, 1320, 1360, 1400, 1440, 1480, 1520, 1560, 1600, 1640, 1680, 1720, 1760, 1800, 1840, 1880, 1920, 1960, 2000, 2040, 2080, 2120, 2160, 2200, 2240, 2280, 2320, 2360, 2400, 2440, 2480, 2520, 2560, 2600, 2640, 2680, 2720, 2760, 2800, 2840, 2880, 2920, 2960, 3000, 3040, 3080, 3120, 3160]}], "conversation": [], "conversation_timestamps": []}