{"agent_id": "agent-red-21", "type": "red", "trips": [{"trip_id": 0, "transport_method": "foot", "start_time": 0, "path": [[1.542634, 42.5093933], [1.5425923, 42.5094498], [1.5425505, 42.5095063], [1.5425087, 42.5095628], [1.542467, 42.5096193], [1.5424252, 42.5096758], [1.5423875, 42.5097348], [1.542354, 42.5097965], [1.5423259, 42.5098609], [1.5422978, 42.5099253], [1.5422649, 42.5099858], [1.5422091, 42.5100285], [1.5422275, 42.5099792], [1.5422574, 42.5099156], [1.5422873, 42.509852], [1.5423172, 42.5097885], [1.5423471, 42.5097249], [1.542377, 42.5096614], [1.5424069, 42.5095978], [1.5424368, 42.5095343], [1.5424667, 42.5094707], [1.5424966, 42.5094071], [1.5425265, 42.5093436], [1.5425564, 42.50928], [1.5425863, 42.5092165], [1.5426162, 42.5091529], [1.5426461, 42.5090893], [1.542676, 42.5090258], [1.542674, 42.5089605], [1.5426512, 42.5088941], [1.5425954, 42.5088767], [1.5425252, 42.5088806], [1.5424551, 42.5088845], [1.542385, 42.5088884], [1.5423148, 42.5088923], [1.5422446, 42.5088934], [1.5421751, 42.5089007], [1.542105, 42.508896], [1.5420349, 42.5088912], [1.5419648, 42.5088865], [1.5418955, 42.5088773], [1.5418283, 42.5088572], [1.541761, 42.508837], [1.5416937, 42.5088169], [1.5416264, 42.5087968], [1.5415574, 42.5087843], [1.5414878, 42.5087746], [1.5414183, 42.508765], [1.5413487, 42.5087553], [1.5412791, 42.5087457], [1.5412095, 42.508736], [1.54114, 42.5087264], [1.5410704, 42.5087168], [1.5410007, 42.5087081], [1.540931, 42.5086993], [1.5408613, 42.5086909], [1.5407914, 42.5086837], [1.5407821, 42.5086827], [1.5408519, 42.50869], [1.540841, 42.5086911], [1.5407708, 42.5086876], [1.5407007, 42.5086842], [1.5406305, 42.5086808], [1.5405603, 42.5086774], [1.5404902, 42.508674], [1.54042, 42.5086706], [1.5403499, 42.5086671], [1.5402797, 42.5086637], [1.5402096, 42.5086603], [1.5401394, 42.5086569], [1.5400692, 42.5086535], [1.5399991, 42.50865], [1.5399289, 42.5086466], [1.5398588, 42.5086432], [1.5397886, 42.5086398], [1.5397187, 42.5086412], [1.539649, 42.5086501], [1.5395793, 42.508659], [1.5395096, 42.5086678], [1.53944, 42.5086767]], "mood_vectors": [[0.7704, 0.0499, 0.0258, 0.0716, 0.0322, 0.0266, 0.0235], [0.7189, 0.0376, 0.0632, 0.0334, 0.0574, 0.0628, 0.0266], [0.6465, 0.0739, 0.0652, 0.0272, 0.0651, 0.0671, 0.0549], [0.7397, 0.0511, 0.0211, 0.0662, 0.0341, 0.0308, 0.0569], [0.6398, 0.0742, 0.0688, 0.0382, 0.0393, 0.0622, 0.0774], [0.7289, 0.0412, 0.0233, 0.0285, 0.0531, 0.0702, 0.0548], [0.6729, 0.0302, 0.0474, 0.0789, 0.0514, 0.0707, 0.0485], [0.66, 0.0987, 0.0683, 0.0564, 0.0236, 0.0519, 0.0412], [0.6809, 0.0843, 0.1056, 0.0189, 0.0215, 0.0249, 0.0638], [0.7836, 0.0648, 0.042, 0.0147, 0.0589, 0.0161, 0.0198], [0.6914, 0.0345, 0.0312, 0.0297, 0.059, 0.0704, 0.0838], [0.7056, 0.0143, 0.0568, 0.0703, 0.0256, 0.0857, 0.0416], [0.6493, 0.027, 0.0608, 0.0644, 0.094, 0.0805, 0.024], [0.7179, 0.0292, 0.0555, 0.0757, 0.0776, 0.0319, 0.0121], [0.6625, 0.0747, 0.0738, 0.0445, 0.029, 0.0737, 0.0418], [0.6859, 0.0739, 0.0713, 0.0643, 0.0133, 0.0653, 0.0261], [0.6944, 0.089, 0.0435, 0.016, 0.0576, 0.0474, 0.052], [0.7138, 0.0206, 0.0848, 0.0718, 0.0283, 0.0482, 0.0325], [0.6315, 0.0589, 0.0711, 0.0365, 0.0698, 0.0753, 0.057], [0.7716, 0.0192, 0.073, 0.0156, 0.0613, 0.0437, 0.0155], [0.685, 0.051, 0.0521, 0.0444, 0.0376, 0.0931, 0.0368], [0.6907, 0.0716, 0.0651, 0.0664, 0.0345, 0.0193, 0.0522], [0.6808, 0.0732, 0.0273, 0.0655, 0.0603, 0.0349, 0.058], [0.6934, 0.0294, 0.0575, 0.0991, 0.0337, 0.055, 0.0318], [0.6201, 0.0548, 0.0515, 0.0661, 0.0723, 0.072, 0.0632], [0.7641, 0.0428, 0.0243, 0.0133, 0.0819, 0.0559, 0.0177], [0.6896, 0.0702, 0.0518, 0.0699, 0.0532, 0.0396, 0.0256], [0.7352, 0.0652, 0.0337, 0.0232, 0.03, 0.067, 0.0457], [0.7392, 0.0235, 0.0448, 0.0714, 0.0288, 0.0547, 0.0376], [0.7554, 0.0412, 0.0581, 0.0584, 0.0218, 0.0512, 0.0139], [0.7111, 0.0302, 0.0463, 0.0437, 0.0614, 0.0478, 0.0595], [0.6362, 0.062, 0.0523, 0.0726, 0.0567, 0.0765, 0.0436], [0.776, 0.023, 0.0705, 0.0202, 0.014, 0.0165, 0.0799], [0.671, 0.0916, 0.047, 0.0399, 0.0163, 0.0559, 0.0784], [0.6738, 0.0667, 0.0449, 0.0551, 0.0673, 0.0223, 0.0699], [0.6329, 0.0863, 0.0865, 0.0339, 0.0458, 0.0711, 0.0435], [0.7085, 0.0947, 0.0347, 0.0263, 0.0678, 0.0225, 0.0455], [0.6372, 0.0849, 0.0837, 0.0197, 0.0371, 0.0796, 0.0579], [0.7282, 0.0896, 0.0207, 0.044, 0.0422, 0.0595, 0.0157], [0.7147, 0.058, 0.0181, 0.0539, 0.0635, 0.0429, 0.049], [0.711, 0.0344, 0.0331, 0.0358, 0.0649, 0.0504, 0.0704], [0.6134, 0.0528, 0.0646, 0.0555, 0.071, 0.0522, 0.0904], [0.6625, 0.0388, 0.0689, 0.0702, 0.0627, 0.0243, 0.0726], [0.797, 0.0427, 0.0373, 0.0203, 0.0173, 0.0289, 0.0565], [0.6212, 0.0784, 0.0444, 0.0549, 0.0865, 0.0282, 0.0865], [0.6208, 0.0755, 0.0806, 0.0326, 0.0914, 0.0281, 0.0709], [0.6792, 0.0671, 0.0349, 0.0613, 0.0369, 0.0436, 0.077], [0.7002, 0.0721, 0.0614, 0.0539, 0.0333, 0.0218, 0.0573], [0.7135, 0.0365, 0.0622, 0.087, 0.0321, 0.0155, 0.0532], [0.6214, 0.0531, 0.0711, 0.0456, 0.0893, 0.0373, 0.0822], [0.6656, 0.0263, 0.064, 0.0705, 0.028, 0.0722, 0.0736], [0.7611, 0.0391, 0.0382, 0.0494, 0.0314, 0.0276, 0.0532], [0.7426, 0.0604, 0.0701, 0.0143, 0.0367, 0.0384, 0.0373], [0.6424, 0.0428, 0.0378, 0.0521, 0.0928, 0.0872, 0.0449], [0.7395, 0.0275, 0.028, 0.0664, 0.0344, 0.0523, 0.052], [0.7077, 0.0172, 0.0625, 0.0219, 0.0411, 0.0735, 0.0761], [0.7847, 0.0241, 0.0165, 0.0483, 0.0151, 0.0347, 0.0765], [0.7972, 0.058, 0.0558, 0.017, 0.0222, 0.0319, 0.0179], [0.667, 0.0154, 0.0124, 0.0811, 0.0712, 0.0792, 0.0738], [0.7573, 0.0326, 0.0713, 0.0169, 0.0554, 0.0217, 0.0447], [0.6949, 0.078, 0.0564, 0.0548, 0.0323, 0.0373, 0.0463], [0.6526, 0.0477, 0.0462, 0.0835, 0.0353, 0.0613, 0.0733], [0.6284, 0.0763, 0.0805, 0.0661, 0.0299, 0.0498, 0.069], [0.666, 0.0838, 0.0253, 0.0937, 0.0236, 0.0716, 0.0361], [0.6984, 0.0278, 0.0444, 0.0395, 0.0751, 0.0572, 0.0574], [0.6273, 0.0748, 0.0908, 0.0703, 0.0454, 0.0476, 0.0437], [0.6834, 0.0588, 0.0337, 0.0594, 0.0382, 0.0687, 0.0576], [0.6592, 0.0594, 0.0551, 0.0529, 0.0499, 0.068, 0.0555], [0.6672, 0.0961, 0.0307, 0.0387, 0.0241, 0.0967, 0.0465], [0.7215, 0.0699, 0.0681, 0.0457, 0.038, 0.0357, 0.0211], [0.6599, 0.0419, 0.0642, 0.0414, 0.0223, 0.0771, 0.0933], [0.6784, 0.0609, 0.0736, 0.0654, 0.0316, 0.04, 0.05], [0.6763, 0.0274, 0.0706, 0.0677, 0.0155, 0.0853, 0.0571], [0.7698, 0.0425, 0.0308, 0.0126, 0.0516, 0.0772, 0.0156], [0.6303, 0.0475, 0.0793, 0.0557, 0.0822, 0.0756, 0.0294], [0.6679, 0.0784, 0.0757, 0.0643, 0.0574, 0.0432, 0.0132], [0.7564, 0.0805, 0.033, 0.0138, 0.0175, 0.0198, 0.079], [0.6815, 0.069, 0.0114, 0.0645, 0.056, 0.0582, 0.0595], [0.7029, 0.0411, 0.0462, 0.0434, 0.0445, 0.0586, 0.0633], [0.7122, 0.0771, 0.0297, 0.0711, 0.0156, 0.0515, 0.0428]], "emotions": ["red", "red", "red", "red", "red", "red", "red", "red", "red", "red", "red", "red", "red", "red", "red", "red", "red", "red", "red", "red", "red", "red", "red", "red", "red", "red", "red", "red", "red", "red", "red", "red", "red", "red", "red", "red", "red", "red", "red", "red", "red", "red", "red", "red", "red", "red", "red", "red", "red", "red", "red", "red", "red", "red", "red", "red", "red", "red", "red", "red", "red", "red", "red", "red", "red", "red", "red", "red", "red", "red", "red", "red", "red", "red", "red", "red", "red", "red", "red", "red"], "timestamps": [0, 40, 80, 120, 160, 200, 240, 280, 320, 360, 400, 440, 480, 520, 560, 600, 640, 680, 720, 760, 800, 840, 880, 920, 960, 1000, 1040, 1080, 1120, 1160, 1200, 1240, 1280, 1320, 1360, 1400, 1440, 1480, 1520, 1560, 1600, 1640, 1680, 1720, 1760, 1800, 1840, 1880, 1920, 1960, 2000, 2040, 2080, 2120, 2160, 2200, 2240, 2280, 2320, 2360, 2400, 2440, 2480, 2520, 2560, 2600, 2640, 2680, 2720, 2760, 2800, 2840, 2880, 2920, 2960, 3000, 3040, 3080, 3120, 3160]}], "conversation": [], "conversation_timestamps": []}