{"agent_id": "agent-blue-1605", "type": "blue", "trips": [{"trip_id": 0, "transport_method": "foot", "start_time": 0, "path": [[1.571802, 42.5293582], [1.5709059, 42.5290588], [1.5700501, 42.5284165], [1.5697459, 42.5281619], [1.57064, 42.5287499], [1.5712502, 42.5293253], [1.5703597, 42.5287321], [1.5694691, 42.5281389], [1.5685786, 42.5275457], [1.567688, 42.5269525], [1.568214, 42.5272472], [1.569106, 42.5278135], [1.5682175, 42.5272173], [1.567329, 42.5266211], [1.5664501, 42.5260113], [1.5655098, 42.5255084], [1.5644911, 42.5252255], [1.5635247, 42.5248051], [1.562551, 42.5243817], [1.561851, 42.523575], [1.5610133, 42.5229123], [1.5600856, 42.5223919], [1.5592584, 42.521765], [1.5584428, 42.5210728], [1.5576668, 42.5203363], [1.5569737, 42.5195516], [1.5567202, 42.5192515], [1.5561021, 42.5185672], [1.5566211, 42.5192515], [1.5558054, 42.518559], [1.5554933, 42.5182092], [1.5549064, 42.5181739], [1.5544461, 42.5184161], [1.5535094, 42.5189332], [1.552552, 42.5194089], [1.5515696, 42.5198325], [1.5505767, 42.5202311], [1.5495666, 42.5205842], [1.5485462, 42.5209059], [1.5475231, 42.5212193], [1.5464897, 42.5214959], [1.5454517, 42.5217557], [1.5444095, 42.5219981], [1.5433652, 42.5222311], [1.5423196, 42.5224584], [1.5412686, 42.5226577], [1.5402135, 42.522836], [1.5391576, 42.523009], [1.5381027, 42.5231881], [1.537049, 42.5233744], [1.5359953, 42.5235607], [1.5349441, 42.5237595], [1.5338969, 42.5239792], [1.5328517, 42.5242085], [1.5318135, 42.5244669], [1.5307783, 42.5247375], [1.5297461, 42.5250179], [1.5287417, 42.5253869], [1.5277458, 42.5257768], [1.5267659, 42.5262067], [1.525803, 42.5266724], [1.5248572, 42.5271726], [1.5239358, 42.5277157], [1.5230423, 42.5283042], [1.5221707, 42.5289242], [1.5213613, 42.5296233], [1.5208556, 42.5302861], [1.5200746, 42.5307445], [1.5195906, 42.5316512], [1.5197223, 42.5326935], [1.5198528, 42.5334151], [1.5201266, 42.5343371], [1.5210634, 42.5348437], [1.5220443, 42.5348979], [1.5226976, 42.5357414], [1.5229021, 42.5364709], [1.5220791, 42.5369665], [1.5215779, 42.53784], [1.5207926, 42.5385608], [1.5208175, 42.5395563]], "mood_vectors": [[0.0188, 0.0941, 0.0737, 0.6743, 0.0209, 0.036, 0.0823], [0.0889, 0.0695, 0.0166, 0.6916, 0.0285, 0.0601, 0.0448], [0.0305, 0.0741, 0.0178, 0.6519, 0.061, 0.0778, 0.0869], [0.0394, 0.0694, 0.0607, 0.7539, 0.022, 0.0329, 0.0217], [0.0415, 0.0822, 0.0325, 0.6676, 0.0627, 0.0213, 0.0922], [0.0542, 0.0218, 0.0787, 0.7284, 0.0151, 0.0403, 0.0615], [0.0775, 0.0281, 0.0695, 0.6509, 0.0855, 0.062, 0.0264], [0.0857, 0.0922, 0.0333, 0.6017, 0.0388, 0.0581, 0.0901], [0.025, 0.0513, 0.0344, 0.7676, 0.0744, 0.0215, 0.0258], [0.0206, 0.0363, 0.0789, 0.7668, 0.0153, 0.0349, 0.0472], [0.039, 0.0341, 0.0851, 0.7657, 0.0311, 0.0286, 0.0165], [0.019, 0.0694, 0.0602, 0.696, 0.072, 0.0245, 0.0589], [0.066, 0.0633, 0.0488, 0.6681, 0.0263, 0.0622, 0.0653], [0.0647, 0.0135, 0.0201, 0.7344, 0.059, 0.0437, 0.0646], [0.0133, 0.0561, 0.0764, 0.7265, 0.0341, 0.0616, 0.032], [0.0307, 0.0244, 0.0199, 0.7843, 0.0499, 0.0777, 0.0131], [0.0239, 0.0118, 0.0619, 0.7411, 0.0516, 0.0506, 0.059], [0.0778, 0.0265, 0.0361, 0.7561, 0.0153, 0.0743, 0.014], [0.0402, 0.0703, 0.0768, 0.6973, 0.0582, 0.0256, 0.0317], [0.0301, 0.0791, 0.0707, 0.6178, 0.0423, 0.0925, 0.0674], [0.0405, 0.0772, 0.0488, 0.644, 0.0782, 0.022, 0.0893], [0.0562, 0.0851, 0.0236, 0.7006, 0.0395, 0.0585, 0.0365], [0.071, 0.0602, 0.0325, 0.7122, 0.0718, 0.0204, 0.0318], [0.0144, 0.0799, 0.0257, 0.7703, 0.0449, 0.0485, 0.0163], [0.0293, 0.0484, 0.0238, 0.7373, 0.0533, 0.0623, 0.0456], [0.0173, 0.0708, 0.017, 0.74, 0.0638, 0.0137, 0.0775], [0.0792, 0.0448, 0.0662, 0.6872, 0.0582, 0.0297, 0.0348], [0.0334, 0.0492, 0.0316, 0.7524, 0.0261, 0.0877, 0.0195], [0.0184, 0.0688, 0.0826, 0.7013, 0.0295, 0.0141, 0.0853], [0.0362, 0.0595, 0.021, 0.729, 0.0475, 0.0563, 0.0506], [0.0607, 0.0562, 0.0221, 0.7092, 0.0444, 0.0767, 0.0306], [0.0728, 0.0659, 0.0135, 0.6907, 0.0296, 0.0442, 0.0833], [0.0236, 0.037, 0.0693, 0.7543, 0.0739, 0.019, 0.0229], [0.0258, 0.0397, 0.012, 0.7113, 0.0789, 0.0627, 0.0696], [0.0495, 0.0309, 0.0746, 0.6799, 0.032, 0.0668, 0.0664], [0.031, 0.072, 0.0558, 0.7048, 0.0802, 0.0283, 0.0279], [0.071, 0.036, 0.043, 0.6764, 0.0745, 0.0549, 0.0441], [0.055, 0.0223, 0.0682, 0.6253, 0.0862, 0.0869, 0.0562], [0.0805, 0.0707, 0.0134, 0.7668, 0.0276, 0.0152, 0.0259], [0.0273, 0.064, 0.0513, 0.6997, 0.056, 0.0246, 0.0771], [0.0564, 0.0386, 0.0608, 0.6838, 0.0194, 0.0748, 0.0661], [0.0752, 0.0501, 0.0437, 0.7234, 0.0412, 0.0307, 0.0357], [0.0223, 0.0333, 0.0733, 0.7071, 0.048, 0.0477, 0.0684], [0.0559, 0.0366, 0.0732, 0.6649, 0.071, 0.0571, 0.0413], [0.0679, 0.0652, 0.0574, 0.6644, 0.0551, 0.032, 0.0581], [0.0524, 0.0276, 0.0769, 0.6781, 0.0445, 0.0677, 0.0528], [0.0674, 0.0737, 0.0217, 0.6672, 0.0863, 0.0252, 0.0586], [0.0677, 0.0273, 0.0619, 0.6375, 0.0692, 0.0646, 0.0717], [0.0347, 0.0451, 0.055, 0.6973, 0.0781, 0.0605, 0.0293], [0.0297, 0.0192, 0.0498, 0.7677, 0.0207, 0.036, 0.0769], [0.0118, 0.0655, 0.0476, 0.7104, 0.0525, 0.0562, 0.0559], [0.0502, 0.013, 0.0346, 0.7336, 0.0293, 0.0805, 0.0588], [0.0157, 0.0798, 0.068, 0.6808, 0.0408, 0.0425, 0.0725], [0.0768, 0.0471, 0.0773, 0.7236, 0.024, 0.0188, 0.0324], [0.0635, 0.0443, 0.0534, 0.7134, 0.0408, 0.0384, 0.0463], [0.0184, 0.0326, 0.0537, 0.7649, 0.0618, 0.0201, 0.0485], [0.0558, 0.0767, 0.0468, 0.707, 0.0769, 0.0123, 0.0244], [0.047, 0.0559, 0.0642, 0.6912, 0.0482, 0.0549, 0.0386], [0.0598, 0.0742, 0.0454, 0.6758, 0.0277, 0.0362, 0.0809], [0.0655, 0.0632, 0.0157, 0.6766, 0.0759, 0.0766, 0.0267], [0.0687, 0.0713, 0.023, 0.6446, 0.0706, 0.0468, 0.075], [0.0299, 0.055, 0.0324, 0.7251, 0.0111, 0.0761, 0.0704], [0.0602, 0.0711, 0.066, 0.6469, 0.0423, 0.0515, 0.062], [0.015, 0.0401, 0.0541, 0.7483, 0.0664, 0.056, 0.0201], [0.0173, 0.0526, 0.0203, 0.7652, 0.0385, 0.0427, 0.0633], [0.052, 0.055, 0.0311, 0.6956, 0.0681, 0.0208, 0.0774], [0.0683, 0.0201, 0.0521, 0.6889, 0.0463, 0.0676, 0.0567], [0.0163, 0.0191, 0.058, 0.7128, 0.0636, 0.07, 0.0602], [0.0253, 0.0339, 0.0651, 0.6902, 0.0519, 0.0695, 0.0641], [0.1, 0.0282, 0.0281, 0.7017, 0.0774, 0.0477, 0.017], [0.0546, 0.0477, 0.053, 0.6579, 0.0525, 0.0796, 0.0548], [0.0192, 0.0265, 0.0797, 0.791, 0.0179, 0.0463, 0.0194], [0.0515, 0.0555, 0.0621, 0.7463, 0.0348, 0.0273, 0.0225], [0.0282, 0.0427, 0.0358, 0.6818, 0.0769, 0.0911, 0.0435], [0.0355, 0.0481, 0.0496, 0.707, 0.0151, 0.0565, 0.0882], [0.0236, 0.0757, 0.0356, 0.7567, 0.0495, 0.0432, 0.0158], [0.0331, 0.0218, 0.0439, 0.7696, 0.0633, 0.0256, 0.0428], [0.0877, 0.0554, 0.0321, 0.6846, 0.059, 0.0518, 0.0295], [0.0438, 0.0863, 0.0241, 0.6772, 0.0698, 0.073, 0.0258], [0.0423, 0.0597, 0.0777, 0.6472, 0.077, 0.0349, 0.0613]], "emotions": ["green", "green", "green", "green", "green", "green", "green", "green", "green", "green", "green", "green", "green", "green", "green", "green", "green", "green", "green", "green", "green", "green", "green", "green", "green", "green", "green", "green", "green", "green", "green", "green", "green", "green", "green", "green", "green", "green", "green", "green", "green", "green", "green", "green", "green", "green", "green", "green", "green", "green", "green", "green", "green", "green", "green", "green", "green", "green", "green", "green", "green", "green", "green", "green", "green", "green", "green", "green", "green", "green", "green", "green", "green", "green", "green", "green", "green", "green", "green", "green"], "timestamps": [0, 40, 80, 120, 160, 200, 240, 280, 320, 360, 400, 440, 480, 520, 560, 600, 640, 680, 720, 760, 800, 840, 880, 920, 960, 1000, 1040, 1080, 1120, 1160, 1200, 1240, 1280, 1320, 1360, 1400, 1440, 1480, 1520, 1560, 1600, 1640, 1680, 1720, 1760, 1800, 1840, 1880, 1920, 1960, 2000, 2040, 2080, 2120, 2160, 2200, 2240, 2280, 2320, 2360, 2400, 2440, 2480, 2520, 2560, 2600, 2640, 2680, 2720, 2760, 2800, 2840, 2880, 2920, 2960, 3000, 3040, 3080, 3120, 3160]}], "conversation": [], "conversation_timestamps": []}