{"agent_id": "agent-purple-789", "type": "purple", "trips": [{"trip_id": 0, "transport_method": "bus", "start_time": 0, "path": [[1.5165268, 42.5440597], [1.5163784, 42.5446696], [1.5166552, 42.543945], [1.5171845, 42.5433936], [1.5172819, 42.5426722], [1.5176843, 42.5419992], [1.5183357, 42.541599], [1.5190569, 42.5412883], [1.5194276, 42.5406526], [1.5194091, 42.5399195], [1.5194786, 42.5391373], [1.5193396, 42.5395766], [1.5194084, 42.5399558], [1.519488, 42.5391746], [1.5195675, 42.5383933], [1.5198475, 42.5376613], [1.5201688, 42.536947], [1.520639, 42.5363239], [1.5211853, 42.5358185], [1.5208342, 42.5353109], [1.520253, 42.5347834], [1.5196937, 42.5342322], [1.519543, 42.53352], [1.5197339, 42.5327749], [1.519569, 42.5320165], [1.5196889, 42.5312434], [1.5198258, 42.5307948], [1.5195579, 42.5315201], [1.5196199, 42.5313964], [1.519712, 42.5306165], [1.5199048, 42.5300252], [1.5204638, 42.5295043], [1.5206465, 42.5287646], [1.5203498, 42.5280523], [1.519952, 42.5273901], [1.5202666, 42.5266995], [1.5205856, 42.5259971], [1.5206155, 42.5252124], [1.5207448, 42.5244467], [1.521178, 42.5237941], [1.5216659, 42.523181], [1.5219385, 42.5224475], [1.5224652, 42.5218767], [1.5231037, 42.5214225], [1.5234736, 42.5207429], [1.5237315, 42.5200012], [1.5238099, 42.5199977], [1.5235198, 42.5207246], [1.5234872, 42.5207537], [1.5237774, 42.520024], [1.5240677, 42.5192943], [1.5244465, 42.518629], [1.5250956, 42.5182392], [1.5256704, 42.5177083], [1.5262913, 42.5172808], [1.5269831, 42.5169654], [1.5276326, 42.5165414], [1.5283585, 42.5162576], [1.528938, 42.5157442], [1.5294337, 42.5151405], [1.5300072, 42.5146301], [1.5303583, 42.5140207], [1.5303546, 42.5132562], [1.5307655, 42.5125921], [1.5308718, 42.5119113], [1.5301709, 42.511587], [1.5296355, 42.5110646], [1.5295766, 42.5104777], [1.5290711, 42.5098969], [1.5285047, 42.509353], [1.5290281, 42.509817], [1.5292191, 42.5100412], [1.5286493, 42.5095008], [1.5280794, 42.5089605], [1.5273517, 42.5087926], [1.5265692, 42.508757], [1.5257884, 42.5086795], [1.5250323, 42.5084775], [1.5249086, 42.5084512], [1.5256627, 42.5086703]], "mood_vectors": [[0.0165, 0.0467, 0.0182, 0.0593, 0.0415, 0.7794, 0.0384], [0.0202, 0.0704, 0.0706, 0.0379, 0.0133, 0.7744, 0.0131], [0.0534, 0.0846, 0.0857, 0.0459, 0.0833, 0.616, 0.031], [0.0312, 0.0945, 0.0351, 0.0492, 0.0728, 0.7012, 0.0162], [0.0582, 0.0191, 0.082, 0.0308, 0.053, 0.6827, 0.0742], [0.0192, 0.0324, 0.0895, 0.0542, 0.0925, 0.6907, 0.0216], [0.0699, 0.0597, 0.0295, 0.0185, 0.0122, 0.7362, 0.0739], [0.0401, 0.0223, 0.079, 0.0843, 0.024, 0.6936, 0.0566], [0.0176, 0.0322, 0.0576, 0.0438, 0.0434, 0.7362, 0.0692], [0.0646, 0.044, 0.0465, 0.0663, 0.0578, 0.6582, 0.0625], [0.0491, 0.0715, 0.0592, 0.0293, 0.0348, 0.6936, 0.0625], [0.0147, 0.077, 0.0477, 0.0287, 0.013, 0.7777, 0.0412], [0.0351, 0.0358, 0.0623, 0.0713, 0.0494, 0.7198, 0.0262], [0.0476, 0.0333, 0.0626, 0.025, 0.0651, 0.7218, 0.0445], [0.0713, 0.0219, 0.0519, 0.052, 0.0749, 0.6869, 0.0411], [0.0716, 0.0858, 0.0331, 0.0344, 0.0636, 0.6638, 0.0476], [0.0262, 0.0516, 0.064, 0.0613, 0.0301, 0.6662, 0.1007], [0.0426, 0.0662, 0.0284, 0.0588, 0.0465, 0.7301, 0.0275], [0.0611, 0.0517, 0.0667, 0.0152, 0.0564, 0.7104, 0.0384], [0.0777, 0.0778, 0.0789, 0.0673, 0.0185, 0.6309, 0.0489], [0.0813, 0.0579, 0.0537, 0.0863, 0.0485, 0.5871, 0.0852], [0.0527, 0.0371, 0.0127, 0.0723, 0.06, 0.7077, 0.0575], [0.0472, 0.0383, 0.0196, 0.0972, 0.0373, 0.6989, 0.0615], [0.0124, 0.0223, 0.0416, 0.0485, 0.0265, 0.7739, 0.0747], [0.034, 0.0221, 0.0178, 0.0421, 0.0469, 0.8145, 0.0226], [0.0205, 0.0606, 0.0729, 0.0651, 0.0216, 0.7002, 0.0591], [0.059, 0.0698, 0.0268, 0.0503, 0.0549, 0.6914, 0.0479], [0.0362, 0.0694, 0.0654, 0.0745, 0.0418, 0.6743, 0.0384], [0.0456, 0.0148, 0.0523, 0.0846, 0.0148, 0.6975, 0.0905], [0.0544, 0.0367, 0.0868, 0.0402, 0.0575, 0.6826, 0.0419], [0.0347, 0.0309, 0.0669, 0.0253, 0.0125, 0.7583, 0.0713], [0.0413, 0.0353, 0.0209, 0.0189, 0.0321, 0.8198, 0.0318], [0.0653, 0.0758, 0.0205, 0.0759, 0.0266, 0.6969, 0.0391], [0.0677, 0.0414, 0.017, 0.0175, 0.0324, 0.7658, 0.0582], [0.073, 0.0367, 0.0481, 0.0463, 0.1027, 0.6694, 0.0238], [0.0495, 0.0595, 0.0655, 0.0758, 0.0789, 0.6065, 0.0642], [0.0776, 0.0735, 0.077, 0.0615, 0.0403, 0.625, 0.0451], [0.0432, 0.0246, 0.0641, 0.0629, 0.0257, 0.7207, 0.0589], [0.0746, 0.0825, 0.0471, 0.0202, 0.0179, 0.6841, 0.0735], [0.0614, 0.0685, 0.046, 0.0536, 0.024, 0.7165, 0.0302], [0.0329, 0.0558, 0.0598, 0.0272, 0.0272, 0.7635, 0.0337], [0.0883, 0.0306, 0.0573, 0.0394, 0.0657, 0.6987, 0.02], [0.0469, 0.0471, 0.0797, 0.0606, 0.0405, 0.6435, 0.0817], [0.015, 0.0248, 0.0461, 0.0194, 0.0331, 0.7978, 0.0638], [0.0815, 0.0275, 0.0326, 0.0984, 0.0818, 0.6494, 0.029], [0.0319, 0.0815, 0.0622, 0.0834, 0.0628, 0.6073, 0.0709], [0.0201, 0.0202, 0.0566, 0.0748, 0.043, 0.7453, 0.04], [0.0663, 0.0404, 0.0463, 0.0516, 0.0707, 0.6377, 0.0871], [0.0585, 0.0682, 0.0525, 0.0583, 0.0525, 0.6405, 0.0695], [0.0484, 0.0324, 0.0459, 0.0905, 0.0424, 0.7022, 0.0383], [0.0442, 0.0607, 0.0324, 0.0322, 0.0301, 0.7199, 0.0805], [0.0305, 0.062, 0.0368, 0.0697, 0.0575, 0.6933, 0.0502], [0.0319, 0.0531, 0.0137, 0.0696, 0.0364, 0.7451, 0.0501], [0.0762, 0.0376, 0.0898, 0.0782, 0.0148, 0.6796, 0.0237], [0.0333, 0.0651, 0.088, 0.0636, 0.0216, 0.6769, 0.0514], [0.0744, 0.0736, 0.0469, 0.0449, 0.0528, 0.6288, 0.0786], [0.0341, 0.0674, 0.0739, 0.0711, 0.045, 0.6222, 0.0863], [0.051, 0.0192, 0.0674, 0.0208, 0.0171, 0.8059, 0.0186], [0.0331, 0.0777, 0.0662, 0.0513, 0.0766, 0.6744, 0.0208], [0.0351, 0.0178, 0.023, 0.021, 0.0444, 0.8022, 0.0564], [0.0504, 0.0559, 0.0161, 0.0348, 0.0754, 0.7525, 0.0149], [0.0475, 0.0779, 0.0429, 0.0903, 0.0445, 0.6236, 0.0732], [0.0868, 0.0827, 0.0822, 0.028, 0.07, 0.6334, 0.017], [0.0601, 0.0273, 0.0631, 0.0235, 0.0819, 0.7166, 0.0273], [0.0732, 0.0448, 0.0549, 0.0715, 0.0541, 0.6205, 0.0811], [0.0381, 0.0815, 0.0406, 0.0282, 0.046, 0.7482, 0.0174], [0.0405, 0.0225, 0.0385, 0.0164, 0.0127, 0.7978, 0.0716], [0.0651, 0.0213, 0.0562, 0.058, 0.0421, 0.7351, 0.0222], [0.0776, 0.0385, 0.04, 0.0562, 0.0339, 0.7201, 0.0337], [0.0272, 0.0486, 0.0467, 0.05, 0.0716, 0.7001, 0.0558], [0.035, 0.0471, 0.0431, 0.0839, 0.057, 0.7151, 0.0188], [0.0496, 0.0807, 0.0553, 0.0652, 0.0757, 0.6571, 0.0165], [0.0503, 0.0423, 0.0497, 0.0245, 0.073, 0.74, 0.0202], [0.0598, 0.0523, 0.0606, 0.0603, 0.0374, 0.673, 0.0566], [0.0164, 0.0475, 0.0708, 0.0769, 0.0278, 0.7032, 0.0573], [0.0672, 0.086, 0.0772, 0.039, 0.0428, 0.6463, 0.0414], [0.0255, 0.0357, 0.0425, 0.0625, 0.0304, 0.7476, 0.0558], [0.0681, 0.0376, 0.0333, 0.0761, 0.0752, 0.6485, 0.0611], [0.0189, 0.0417, 0.056, 0.022, 0.0965, 0.6908, 0.074], [0.0542, 0.0176, 0.0215, 0.0498, 0.0392, 0.7536, 0.0641]], "emotions": ["purple", "purple", "purple", "purple", "purple", "purple", "purple", "purple", "purple", "purple", "purple", "purple", "purple", "purple", "purple", "purple", "purple", "purple", "purple", "purple", "purple", "purple", "purple", "purple", "purple", "purple", "purple", "purple", "purple", "purple", "purple", "purple", "purple", "purple", "purple", "purple", "purple", "purple", "purple", "purple", "purple", "purple", "purple", "purple", "purple", "purple", "purple", "purple", "purple", "purple", "purple", "purple", "purple", "purple", "purple", "purple", "purple", "purple", "purple", "purple", "purple", "purple", "purple", "purple", "purple", "purple", "purple", "purple", "purple", "purple", "purple", "purple", "purple", "purple", "purple", "purple", "purple", "purple", "purple", "purple"], "timestamps": [0, 40, 80, 120, 160, 200, 240, 280, 320, 360, 400, 440, 480, 520, 560, 600, 640, 680, 720, 760, 800, 840, 880, 920, 960, 1000, 1040, 1080, 1120, 1160, 1200, 1240, 1280, 1320, 1360, 1400, 1440, 1480, 1520, 1560, 1600, 1640, 1680, 1720, 1760, 1800, 1840, 1880, 1920, 1960, 2000, 2040, 2080, 2120, 2160, 2200, 2240, 2280, 2320, 2360, 2400, 2440, 2480, 2520, 2560, 2600, 2640, 2680, 2720, 2760, 2800, 2840, 2880, 2920, 2960, 3000, 3040, 3080, 3120, 3160]}], "conversation": [], "conversation_timestamps": []}