{"agent_id": "agent-purple-1644", "type": "purple", "trips": [{"trip_id": 0, "transport_method": "foot", "start_time": 0, "path": [[1.5319214, 42.5058608], [1.5329594, 42.5063059], [1.5340773, 42.5065311], [1.535179, 42.5067922], [1.5356927, 42.5077061], [1.536832, 42.5077753], [1.5379009, 42.5081209], [1.5390265, 42.5082199], [1.5399572, 42.5085672], [1.5410764, 42.5087176], [1.5421992, 42.5088907], [1.5425752, 42.508913], [1.5436944, 42.5091019], [1.544798, 42.5093208], [1.5458969, 42.5095721], [1.5454054, 42.5093747], [1.5464014, 42.5099039], [1.546498, 42.510817], [1.5475121, 42.5112779], [1.5486211, 42.5115474], [1.5497209, 42.5118487], [1.5502578, 42.5120744], [1.5503392, 42.5121253], [1.551263, 42.5127785], [1.5510992, 42.5126662], [1.5516911, 42.5130805], [1.5526218, 42.5137188], [1.5527271, 42.514139], [1.5529605, 42.515214], [1.5534677, 42.5162189], [1.5539964, 42.5172195], [1.5549078, 42.5178866], [1.5558777, 42.5183503], [1.556637, 42.5191956], [1.5573608, 42.520017], [1.5581681, 42.5208236], [1.5590264, 42.5215755], [1.5597382, 42.5220168], [1.5598885, 42.5222472], [1.5608714, 42.522812], [1.5617764, 42.523505], [1.562529, 42.5243601], [1.5635636, 42.5248159], [1.5646007, 42.5252289], [1.5656785, 42.5255794], [1.5666535, 42.526164], [1.567553, 42.5268665], [1.5685541, 42.5274065], [1.5695115, 42.5280078], [1.5704652, 42.5286349], [1.5713281, 42.5293707], [1.5723978, 42.5293476], [1.5732067, 42.5297727], [1.5738464, 42.5307036], [1.5748313, 42.5312705], [1.5759385, 42.5315401], [1.5770667, 42.5317099], [1.5782054, 42.5317812], [1.5781318, 42.5317915], [1.5777583, 42.5317442], [1.5788996, 42.5317473], [1.580041, 42.5317504], [1.5811819, 42.5317206], [1.5823226, 42.5316919], [1.58341, 42.5319982], [1.5843263, 42.5326721], [1.5851668, 42.533441], [1.5861021, 42.5340652], [1.5867446, 42.5332706], [1.5872542, 42.5331723], [1.586798, 42.5321904], [1.5871727, 42.5321995], [1.5882387, 42.5323698], [1.58928, 42.5327367], [1.5904151, 42.5327032], [1.591441, 42.5322101], [1.5924813, 42.5318635], [1.5926446, 42.5325867], [1.5924638, 42.53366], [1.5921654, 42.5340287]], "mood_vectors": [[0.0688, 0.0115, 0.0306, 0.0689, 0.027, 0.7219, 0.0713], [0.023, 0.0237, 0.0444, 0.0545, 0.0334, 0.745, 0.0761], [0.0676, 0.0577, 0.0171, 0.0912, 0.0811, 0.6604, 0.0249], [0.0187, 0.0861, 0.0514, 0.0727, 0.0626, 0.6384, 0.0701], [0.0285, 0.0233, 0.0402, 0.0651, 0.0741, 0.7119, 0.057], [0.0667, 0.0172, 0.0706, 0.0242, 0.0195, 0.7501, 0.0517], [0.0795, 0.0732, 0.0817, 0.0267, 0.0889, 0.5857, 0.0643], [0.0219, 0.0244, 0.0723, 0.0826, 0.0833, 0.6907, 0.0248], [0.0213, 0.0496, 0.0571, 0.0565, 0.0501, 0.7015, 0.0638], [0.0271, 0.0534, 0.0837, 0.0589, 0.0616, 0.6429, 0.0724], [0.0586, 0.0163, 0.0821, 0.0659, 0.0484, 0.6439, 0.0848], [0.0673, 0.0595, 0.0406, 0.0841, 0.0313, 0.6593, 0.0578], [0.0504, 0.0518, 0.0439, 0.024, 0.0192, 0.7573, 0.0534], [0.0688, 0.0713, 0.0188, 0.0798, 0.0281, 0.6489, 0.0843], [0.0458, 0.0188, 0.0452, 0.0642, 0.0313, 0.7549, 0.0399], [0.0733, 0.0619, 0.0875, 0.0382, 0.0498, 0.6736, 0.0156], [0.0717, 0.026, 0.0248, 0.0794, 0.0373, 0.7347, 0.0262], [0.0225, 0.094, 0.0775, 0.0415, 0.0794, 0.6611, 0.0239], [0.0604, 0.0378, 0.0485, 0.0659, 0.0126, 0.7418, 0.033], [0.0462, 0.0463, 0.0201, 0.0195, 0.0763, 0.7191, 0.0725], [0.0683, 0.0204, 0.0245, 0.0812, 0.0551, 0.6742, 0.0763], [0.0436, 0.0615, 0.0551, 0.0777, 0.0674, 0.6308, 0.064], [0.0271, 0.0202, 0.0464, 0.0475, 0.0437, 0.7781, 0.0369], [0.0201, 0.0196, 0.0541, 0.0599, 0.0656, 0.7676, 0.013], [0.0599, 0.0197, 0.0784, 0.0195, 0.0304, 0.7277, 0.0644], [0.0527, 0.0495, 0.0376, 0.042, 0.0826, 0.7166, 0.019], [0.0505, 0.0795, 0.0781, 0.0164, 0.0292, 0.7061, 0.0401], [0.0615, 0.099, 0.0829, 0.0721, 0.0364, 0.6073, 0.0407], [0.0537, 0.0855, 0.0411, 0.0665, 0.0857, 0.6203, 0.0472], [0.031, 0.0395, 0.0687, 0.0242, 0.0245, 0.782, 0.0301], [0.0482, 0.0568, 0.0541, 0.0498, 0.0594, 0.6591, 0.0727], [0.0327, 0.0203, 0.0254, 0.0242, 0.1077, 0.753, 0.0367], [0.0847, 0.0893, 0.0864, 0.021, 0.0742, 0.6067, 0.0377], [0.0645, 0.065, 0.0727, 0.0156, 0.0465, 0.6789, 0.0569], [0.0508, 0.0331, 0.0127, 0.0221, 0.0632, 0.7807, 0.0374], [0.0627, 0.0383, 0.079, 0.0289, 0.0168, 0.731, 0.0435], [0.0711, 0.0545, 0.0975, 0.0164, 0.0153, 0.7135, 0.0317], [0.032, 0.0782, 0.0353, 0.0317, 0.084, 0.6692, 0.0696], [0.0401, 0.0409, 0.0696, 0.062, 0.0284, 0.696, 0.0629], [0.0312, 0.0902, 0.0739, 0.0203, 0.0553, 0.6922, 0.037], [0.0337, 0.0299, 0.0621, 0.029, 0.0879, 0.735, 0.0224], [0.0376, 0.0132, 0.0284, 0.0627, 0.0619, 0.7236, 0.0726], [0.0569, 0.06, 0.0582, 0.0356, 0.0263, 0.7211, 0.0418], [0.0594, 0.0496, 0.0742, 0.0127, 0.0586, 0.7226, 0.0229], [0.0473, 0.072, 0.0495, 0.0316, 0.048, 0.7163, 0.0352], [0.0819, 0.0556, 0.083, 0.0513, 0.0733, 0.6247, 0.0302], [0.0597, 0.0555, 0.0214, 0.0533, 0.0304, 0.7619, 0.0178], [0.0653, 0.0659, 0.0525, 0.045, 0.0162, 0.6762, 0.0788], [0.0202, 0.0425, 0.0195, 0.0794, 0.0982, 0.7077, 0.0327], [0.0536, 0.0525, 0.0127, 0.0537, 0.0722, 0.7376, 0.0177], [0.0731, 0.0791, 0.0494, 0.036, 0.0402, 0.6653, 0.0569], [0.0465, 0.064, 0.0677, 0.0813, 0.0786, 0.6353, 0.0266], [0.0433, 0.0782, 0.033, 0.0331, 0.0568, 0.6705, 0.0852], [0.0692, 0.0353, 0.0566, 0.0471, 0.0219, 0.7193, 0.0506], [0.0447, 0.0392, 0.0568, 0.0444, 0.0725, 0.6852, 0.0572], [0.083, 0.0211, 0.0317, 0.0182, 0.0289, 0.8025, 0.0146], [0.0805, 0.0139, 0.0712, 0.0402, 0.0423, 0.7192, 0.0327], [0.0601, 0.0219, 0.0429, 0.0573, 0.0842, 0.6892, 0.0444], [0.0521, 0.0496, 0.021, 0.0818, 0.0532, 0.6907, 0.0516], [0.0196, 0.0771, 0.0721, 0.0543, 0.0705, 0.6916, 0.0148], [0.0535, 0.0366, 0.076, 0.0585, 0.0701, 0.6801, 0.0252], [0.0472, 0.0667, 0.0567, 0.0598, 0.0504, 0.6856, 0.0336], [0.0321, 0.074, 0.0252, 0.051, 0.0667, 0.71, 0.0411], [0.0758, 0.0348, 0.0207, 0.095, 0.0283, 0.6777, 0.0677], [0.0243, 0.0715, 0.075, 0.028, 0.0734, 0.6564, 0.0714], [0.0356, 0.0877, 0.0804, 0.0179, 0.0624, 0.6438, 0.0721], [0.0137, 0.0336, 0.0606, 0.0116, 0.0633, 0.7422, 0.075], [0.0155, 0.0903, 0.0195, 0.0886, 0.0241, 0.671, 0.091], [0.0904, 0.0445, 0.019, 0.0468, 0.0208, 0.7046, 0.0739], [0.0781, 0.081, 0.0624, 0.0333, 0.0178, 0.6779, 0.0494], [0.0653, 0.0625, 0.0429, 0.0684, 0.0124, 0.688, 0.0605], [0.0754, 0.0579, 0.089, 0.0642, 0.0741, 0.6253, 0.0141], [0.0167, 0.0687, 0.0785, 0.0644, 0.0184, 0.6823, 0.071], [0.0563, 0.0694, 0.0753, 0.064, 0.0192, 0.6696, 0.0463], [0.0739, 0.056, 0.0133, 0.0674, 0.0546, 0.7064, 0.0284], [0.089, 0.0369, 0.0294, 0.0821, 0.0206, 0.7046, 0.0375], [0.0512, 0.0897, 0.0754, 0.0365, 0.0767, 0.5987, 0.0719], [0.0153, 0.059, 0.0588, 0.0324, 0.0514, 0.6999, 0.0831], [0.0137, 0.0441, 0.0808, 0.0765, 0.0654, 0.7069, 0.0126], [0.0835, 0.0161, 0.0826, 0.0259, 0.0504, 0.6947, 0.0467]], "emotions": ["purple", "purple", "purple", "purple", "purple", "purple", "purple", "purple", "purple", "purple", "purple", "purple", "purple", "purple", "purple", "purple", "purple", "purple", "purple", "purple", "purple", "purple", "purple", "purple", "purple", "purple", "purple", "purple", "purple", "purple", "purple", "purple", "purple", "purple", "purple", "purple", "purple", "purple", "purple", "purple", "purple", "purple", "purple", "purple", "purple", "purple", "purple", "purple", "purple", "purple", "purple", "purple", "purple", "purple", "purple", "purple", "purple", "purple", "purple", "purple", "purple", "purple", "purple", "purple", "purple", "purple", "purple", "purple", "purple", "purple", "purple", "purple", "purple", "purple", "purple", "purple", "purple", "purple", "purple", "purple"], "timestamps": [0, 40, 80, 120, 160, 200, 240, 280, 320, 360, 400, 440, 480, 520, 560, 600, 640, 680, 720, 760, 800, 840, 880, 920, 960, 1000, 1040, 1080, 1120, 1160, 1200, 1240, 1280, 1320, 1360, 1400, 1440, 1480, 1520, 1560, 1600, 1640, 1680, 1720, 1760, 1800, 1840, 1880, 1920, 1960, 2000, 2040, 2080, 2120, 2160, 2200, 2240, 2280, 2320, 2360, 2400, 2440, 2480, 2520, 2560, 2600, 2640, 2680, 2720, 2760, 2800, 2840, 2880, 2920, 2960, 3000, 3040, 3080, 3120, 3160]}], "conversation": [], "conversation_timestamps": []}