{"agent_id": "agent-blue-720", "type": "blue", "trips": [{"trip_id": 0, "transport_method": "foot", "start_time": 0, "path": [[1.5357949, 42.5103319], [1.5359031, 42.5103671], [1.5360113, 42.5104023], [1.5360404, 42.5102955], [1.5360675, 42.510185], [1.5359792, 42.5101799], [1.5358675, 42.5102015], [1.5357558, 42.5102231], [1.5356441, 42.5102447], [1.5355438, 42.510298], [1.5354444, 42.5103526], [1.5353477, 42.5104097], [1.5353342, 42.5104818], [1.5353421, 42.510563], [1.5352335, 42.5105944], [1.5351461, 42.5106667], [1.53506, 42.510741], [1.5349739, 42.5108154], [1.5348986, 42.5107782], [1.5348052, 42.5107132], [1.5347118, 42.5106483], [1.5346184, 42.5105833], [1.5345262, 42.5105167], [1.534435, 42.5104488], [1.5343438, 42.5103808], [1.5342525, 42.5103128], [1.5341615, 42.5102446], [1.5340705, 42.5101763], [1.5339786, 42.5101092], [1.5338855, 42.5100439], [1.5337882, 42.5099849], [1.5336875, 42.5099328], [1.5335816, 42.5098913], [1.5334742, 42.5098537], [1.5333658, 42.5098194], [1.5332565, 42.509788], [1.5331453, 42.5097638], [1.5330333, 42.5097441], [1.5329207, 42.509728], [1.5328073, 42.5097187], [1.5326939, 42.5097099], [1.532581, 42.5096964], [1.5324682, 42.5096814], [1.5323567, 42.5096597], [1.5322463, 42.5096323], [1.5321382, 42.5095969], [1.5320377, 42.5095444], [1.5319393, 42.5094872], [1.531841, 42.5094301], [1.5317426, 42.509373], [1.5316422, 42.5093205], [1.531533, 42.5092884], [1.5314249, 42.5092533], [1.531319, 42.5092117], [1.5312132, 42.5091701], [1.5311073, 42.5091285], [1.5310014, 42.5090869], [1.5308955, 42.5090453], [1.5307896, 42.5090038], [1.530795, 42.5088921], [1.5307489, 42.5088417], [1.5306378, 42.5088664], [1.5305268, 42.5088911], [1.5304168, 42.5089068], [1.5303142, 42.5088575], [1.5302117, 42.5088081], [1.5301101, 42.5087569], [1.5300093, 42.5087043], [1.5299084, 42.5086518], [1.5297977, 42.5086311], [1.5296847, 42.5086182], [1.5295715, 42.5086176], [1.5294581, 42.5086272], [1.5293447, 42.5086367], [1.5292414, 42.5086123], [1.5291354, 42.5085708], [1.5290313, 42.5085256], [1.5289322, 42.5084696], [1.5288332, 42.5084136], [1.5287307, 42.5083656]], "mood_vectors": [[0.0308, 0.0509, 0.0159, 0.675, 0.0885, 0.0486, 0.0903], [0.0453, 0.067, 0.0444, 0.6531, 0.0539, 0.0891, 0.0472], [0.0164, 0.0203, 0.04, 0.7787, 0.0447, 0.0303, 0.0697], [0.082, 0.0757, 0.0748, 0.6284, 0.0574, 0.0444, 0.0372], [0.0663, 0.0825, 0.0391, 0.621, 0.0674, 0.0878, 0.036], [0.0232, 0.0381, 0.0663, 0.6996, 0.0765, 0.0757, 0.0206], [0.0218, 0.0578, 0.0527, 0.7291, 0.0366, 0.0498, 0.0523], [0.0396, 0.0222, 0.0657, 0.7274, 0.0553, 0.0588, 0.0311], [0.0159, 0.0783, 0.0401, 0.6755, 0.0382, 0.0831, 0.0688], [0.0365, 0.0818, 0.0595, 0.6441, 0.0736, 0.0216, 0.083], [0.0757, 0.0684, 0.0258, 0.7083, 0.0161, 0.0282, 0.0775], [0.0812, 0.0343, 0.0488, 0.6634, 0.0698, 0.0355, 0.0671], [0.0583, 0.0723, 0.0254, 0.7037, 0.0667, 0.0583, 0.0153], [0.0189, 0.0331, 0.0263, 0.771, 0.0437, 0.0533, 0.0536], [0.0749, 0.0452, 0.0733, 0.6381, 0.0216, 0.082, 0.0649], [0.0177, 0.0752, 0.0372, 0.7413, 0.0465, 0.0462, 0.0358], [0.0225, 0.0521, 0.0481, 0.7795, 0.0245, 0.0514, 0.0221], [0.0474, 0.044, 0.0379, 0.7244, 0.0581, 0.0152, 0.0729], [0.0265, 0.0415, 0.0615, 0.6822, 0.0703, 0.0547, 0.0634], [0.0798, 0.0484, 0.0183, 0.7135, 0.0542, 0.0651, 0.0208], [0.0582, 0.0226, 0.0596, 0.6971, 0.0215, 0.0575, 0.0834], [0.0154, 0.0563, 0.044, 0.7042, 0.0533, 0.0529, 0.0738], [0.0492, 0.0584, 0.0371, 0.6581, 0.0816, 0.0532, 0.0625], [0.0328, 0.0674, 0.0176, 0.7339, 0.0285, 0.0528, 0.0671], [0.0468, 0.0753, 0.0357, 0.7829, 0.0183, 0.0143, 0.0267], [0.0993, 0.0625, 0.0175, 0.7311, 0.033, 0.0194, 0.0371], [0.0322, 0.0449, 0.043, 0.7347, 0.0487, 0.0601, 0.0363], [0.0619, 0.0476, 0.0422, 0.7571, 0.0299, 0.025, 0.0364], [0.0359, 0.0674, 0.0859, 0.6687, 0.0495, 0.0459, 0.0468], [0.0782, 0.0717, 0.0189, 0.6159, 0.0538, 0.0799, 0.0816], [0.0591, 0.044, 0.0397, 0.6853, 0.071, 0.0157, 0.0853], [0.0259, 0.0154, 0.0979, 0.7259, 0.0208, 0.083, 0.0311], [0.0148, 0.0771, 0.0215, 0.7758, 0.0253, 0.0317, 0.0538], [0.0587, 0.0239, 0.0679, 0.7197, 0.0372, 0.0616, 0.0311], [0.0472, 0.0726, 0.0555, 0.7163, 0.017, 0.0501, 0.0414], [0.0142, 0.0388, 0.0635, 0.7089, 0.0804, 0.056, 0.0381], [0.0485, 0.0494, 0.0499, 0.6665, 0.0585, 0.0596, 0.0678], [0.0678, 0.088, 0.0336, 0.7331, 0.04, 0.0202, 0.0174], [0.0504, 0.0378, 0.0528, 0.7198, 0.0616, 0.024, 0.0536], [0.0767, 0.0611, 0.0582, 0.6182, 0.0717, 0.0689, 0.0452], [0.0803, 0.0567, 0.0853, 0.6458, 0.0576, 0.023, 0.0513], [0.0256, 0.081, 0.0775, 0.6716, 0.0184, 0.0468, 0.0791], [0.0764, 0.0787, 0.064, 0.6201, 0.0291, 0.0716, 0.06], [0.0385, 0.0304, 0.0812, 0.7759, 0.0319, 0.0257, 0.0164], [0.0506, 0.0659, 0.0449, 0.7255, 0.0353, 0.0288, 0.0491], [0.0485, 0.0678, 0.0679, 0.703, 0.0796, 0.0177, 0.0155], [0.0747, 0.0135, 0.0775, 0.6477, 0.0743, 0.0817, 0.0306], [0.0688, 0.0536, 0.0293, 0.7086, 0.048, 0.0385, 0.0533], [0.062, 0.0573, 0.0781, 0.6558, 0.048, 0.0729, 0.0259], [0.0252, 0.0337, 0.0515, 0.6386, 0.0839, 0.063, 0.1042], [0.0456, 0.0366, 0.052, 0.7413, 0.0492, 0.0376, 0.0377], [0.0731, 0.0351, 0.0484, 0.6718, 0.0785, 0.0326, 0.0606], [0.07, 0.0496, 0.0584, 0.655, 0.0644, 0.0769, 0.0257], [0.0551, 0.0257, 0.0689, 0.7376, 0.027, 0.0259, 0.0599], [0.028, 0.0684, 0.0429, 0.7525, 0.0632, 0.02, 0.0251], [0.0894, 0.0347, 0.0527, 0.6559, 0.0752, 0.0567, 0.0353], [0.0325, 0.0555, 0.0595, 0.6986, 0.036, 0.0645, 0.0534], [0.026, 0.0155, 0.0375, 0.7561, 0.0657, 0.0244, 0.0748], [0.0157, 0.0185, 0.0398, 0.7919, 0.0804, 0.0385, 0.0152], [0.0353, 0.0633, 0.0655, 0.6672, 0.0487, 0.0756, 0.0444], [0.0367, 0.0184, 0.0789, 0.655, 0.0691, 0.0577, 0.0842], [0.0657, 0.0358, 0.0712, 0.7744, 0.0254, 0.0161, 0.0114], [0.052, 0.0263, 0.0474, 0.732, 0.076, 0.0277, 0.0387], [0.0565, 0.0279, 0.0577, 0.6685, 0.0728, 0.0562, 0.0603], [0.0707, 0.0539, 0.0736, 0.7008, 0.0594, 0.0176, 0.0239], [0.046, 0.0821, 0.0623, 0.6873, 0.0178, 0.0585, 0.046], [0.043, 0.039, 0.0303, 0.7851, 0.0727, 0.0139, 0.016], [0.0605, 0.0847, 0.0368, 0.6991, 0.0538, 0.0402, 0.0249], [0.0443, 0.0562, 0.025, 0.6974, 0.0608, 0.0478, 0.0685], [0.0325, 0.0642, 0.07, 0.6828, 0.0738, 0.0365, 0.0402], [0.0522, 0.035, 0.0598, 0.7484, 0.0307, 0.0442, 0.0298], [0.0242, 0.0379, 0.0269, 0.7365, 0.0485, 0.0711, 0.0549], [0.0295, 0.0276, 0.0484, 0.6973, 0.0767, 0.0553, 0.0651], [0.0296, 0.052, 0.0172, 0.6841, 0.0523, 0.0816, 0.0833], [0.0234, 0.0347, 0.0269, 0.7264, 0.075, 0.0761, 0.0375], [0.0275, 0.02, 0.0486, 0.6866, 0.0468, 0.0882, 0.0824], [0.0175, 0.0907, 0.0204, 0.7053, 0.0752, 0.0623, 0.0287], [0.0361, 0.0741, 0.0207, 0.6934, 0.0621, 0.0723, 0.0413], [0.0735, 0.0434, 0.0257, 0.6135, 0.0946, 0.0898, 0.0595], [0.0311, 0.0682, 0.0277, 0.7278, 0.0597, 0.0129, 0.0726]], "emotions": ["green", "green", "green", "green", "green", "green", "green", "green", "green", "green", "green", "green", "green", "green", "green", "green", "green", "green", "green", "green", "green", "green", "green", "green", "green", "green", "green", "green", "green", "green", "green", "green", "green", "green", "green", "green", "green", "green", "green", "green", "green", "green", "green", "green", "green", "green", "green", "green", "green", "green", "green", "green", "green", "green", "green", "green", "green", "green", "green", "green", "green", "green", "green", "green", "green", "green", "green", "green", "green", "green", "green", "green", "green", "green", "green", "green", "green", "green", "green", "green"], "timestamps": [0, 40, 80, 120, 160, 200, 240, 280, 320, 360, 400, 440, 480, 520, 560, 600, 640, 680, 720, 760, 800, 840, 880, 920, 960, 1000, 1040, 1080, 1120, 1160, 1200, 1240, 1280, 1320, 1360, 1400, 1440, 1480, 1520, 1560, 1600, 1640, 1680, 1720, 1760, 1800, 1840, 1880, 1920, 1960, 2000, 2040, 2080, 2120, 2160, 2200, 2240, 2280, 2320, 2360, 2400, 2440, 2480, 2520, 2560, 2600, 2640, 2680, 2720, 2760, 2800, 2840, 2880, 2920, 2960, 3000, 3040, 3080, 3120, 3160]}], "conversation": [], "conversation_timestamps": []}