{
  "agent_id": "agent-type-blue-17",
  "type": "blue",
  "trips": [
    {
      "trip_id": 0,
      "transport_method": "car",
      "start_time": 0,
      "path": [
        [
          1.5182521999999998,
          42.5079515
        ],
        [
          1.5186926430957834,
          42.50823016787188
        ],
        [
          1.5192390205607833,
          42.50796630916541
        ],
        [
          1.5197828548556638,
          42.507697323807584
        ],
        [
          1.520075426001716,
          42.507447355770395
        ],
        [
          1.5195148757495636,
          42.507218409025796
        ],
        [
          1.5189738625919174,
          42.506943719174345
        ],
        [
          1.5187808452229057,
          42.50643508485885
        ],
        [
          1.5184584034487993,
          42.50593713869055
        ],
        [
          1.5185439777799137,
          42.50553574350071
        ],
        [
          1.5191350244211554,
          42.505556018737195
        ],
        [
          1.5197261436766378,
          42.50569286820573
        ],
        [
          1.5203172629321204,
          42.50582971767425
        ],
        [
          1.5208798909076102,
          42.505932310570635
        ],
        [
          1.5214465267801651,
          42.50614927494368
        ],
        [
          1.5219947129163205,
          42.5063153795532
        ],
        [
          1.5225849329050196,
          42.50645605690099
        ],
        [
          1.5231751528937187,
          42.50659673424877
        ],
        [
          1.5234942783232461,
          42.50667261500601
        ],
        [
          1.5229040174469908,
          42.50653210984385
        ],
        [
          1.5223137974582917,
          42.50639143249607
        ],
        [
          1.521820136816395,
          42.50612941301431
        ],
        [
          1.521878747164115,
          42.50556218227138
        ],
        [
          1.5220339305680133,
          42.504975610987344
        ],
        [
          1.5222777584831093,
          42.50454636072325
        ],
        [
          1.5228799807159852,
          42.504620375032054
        ],
        [
          1.5234792340961192,
          42.504713140016904
        ],
        [
          1.5240357013775314,
          42.504765084959146
        ],
        [
          1.5246364298514083,
          42.50484858477616
        ],
        [
          1.5252385191072009,
          42.504923665477435
        ],
        [
          1.52584024884121,
          42.505001582602944
        ],
        [
          1.526441978575219,
          42.50507949972846
        ],
        [
          1.527043541215219,
          42.50515869352651
        ],
        [
          1.5276483188924461,
          42.50519626415115
        ],
        [
          1.5281105166059035,
          42.50537068866909
        ],
        [
          1.5281062523380449,
          42.50562316400941
        ],
        [
          1.5275240945249826,
          42.50545216099209
        ],
        [
          1.526928468082961,
          42.505341346400655
        ],
        [
          1.526328966668542,
          42.505247816697626
        ],
        [
          1.5259134636684224,
          42.505440871680115
        ],
        [
          1.5253122170802818,
          42.50535931009916
        ],
        [
          1.5249809231081617,
          42.5055097798835
        ],
        [
          1.5255145106111276,
          42.50538675205146
        ],
        [
          1.5260889617380544,
          42.50542805592344
        ],
        [
          1.5265306730237411,
          42.50527928540654
        ],
        [
          1.52713017443816,
          42.50537281510957
        ],
        [
          1.5277199655067673,
          42.505509696127994
        ],
        [
          1.5282485803405284,
          42.50558336927535
        ],
        [
          1.5279623051528026,
          42.50528515192046
        ],
        [
          1.527444323067698,
          42.50519370142686
        ],
        [
          1.5268411577513614,
          42.50513192289101
        ],
        [
          1.5264424466387723,
          42.504910381582015
        ],
        [
          1.5258509818065193,
          42.50477815979885
        ],
        [
          1.5253305864015065,
          42.50468061994748
        ],
        [
          1.5259269546095318,
          42.504792399693834
        ],
        [
          1.5265166123926681,
          42.50493215501435
        ],
        [
          1.5269177860744145,
          42.50514205903982
        ],
        [
          1.5275215077089375,
          42.50519784540603
        ],
        [
          1.5279871242440495,
          42.505341271214704
        ],
        [
          1.528223396631327,
          42.50564842266017
        ],
        [
          1.5276458030006868,
          42.50548791163584
        ],
        [
          1.527081461932382,
          42.50548936658469
        ],
        [
          1.5273821276070605,
          42.50545015246673
        ],
        [
          1.5268330566212922,
          42.5053264610218
        ],
        [
          1.5262335552068733,
          42.50523293131877
        ],
        [
          1.5259879566959764,
          42.50568274101104
        ],
        [
          1.5264896327561335,
          42.50594413436985
        ],
        [
          1.5267144222147953,
          42.506188089927576
        ],
        [
          1.5270607562207554,
          42.5066217840742
        ],
        [
          1.5267351781199414,
          42.50614712059423
        ],
        [
          1.5269142894345398,
          42.50586808312936
        ],
        [
          1.5273500078165438,
          42.50627557025867
        ],
        [
          1.5276088565362511,
          42.506813463668806
        ],
        [
          1.527843301722553,
          42.50722124700069
        ],
        [
          1.5272385135695774,
          42.507172451086326
        ],
        [
          1.5266337254166018,
          42.50712365517196
        ],
        [
          1.5260290874891644,
          42.50707313542451
        ],
        [
          1.525424975525349,
          42.50701658026194
        ],
        [
          1.5251922061151222,
          42.50671183601632
        ],
        [
          1.525151115262608,
          42.50683094379683
        ],
        [
          1.525401877603737,
          42.50712414839727
        ],
        [
          1.5260064208580926,
          42.50717589011015
        ],
        [
          1.5266109641124481,
          42.507227631823035
        ],
        [
          1.526509252177629,
          42.507671495187765
        ],
        [
          1.5261170732853704,
          42.50789344980707
        ],
        [
          1.525580365662608,
          42.50761043977384
        ],
        [
          1.525138195819901,
          42.50791394801712
        ],
        [
          1.5245655493482027,
          42.50780564409635
        ],
        [
          1.5240944434431931,
          42.507637004376036
        ],
        [
          1.5235802532158589,
          42.50778813698061
        ],
        [
          1.5230460640087213,
          42.50803110178366
        ],
        [
          1.5233577999999997,
          42.5084546
        ]
      ],
      "emotions": [
        "purple",
        "purple",
        "purple",
        "purple",
        "purple",
        "red",
        "red",
        "red",
        "red",
        "red",
        "purple",
        "purple",
        "purple",
        "purple",
        "purple",
        "red",
        "red",
        "red",
        "red",
        "red",
        "purple",
        "purple",
        "purple",
        "purple",
        "purple",
        "purple",
        "purple",
        "purple",
        "purple",
        "purple",
        "green",
        "green",
        "green",
        "green",
        "green",
        "red",
        "red",
        "red",
        "red",
        "red",
        "red",
        "red",
        "red",
        "red",
        "red",
        "red",
        "red",
        "red",
        "red",
        "red",
        "red",
        "red",
        "red",
        "red",
        "red",
        "purple",
        "purple",
        "purple",
        "purple",
        "purple",
        "red",
        "red",
        "red",
        "red",
        "red",
        "purple",
        "purple",
        "purple",
        "purple",
        "purple",
        "green",
        "green",
        "green",
        "green",
        "green",
        "green",
        "green",
        "green",
        "green",
        "green",
        "red",
        "red",
        "red",
        "red",
        "red",
        "green",
        "green",
        "green",
        "green",
        "green",
        "purple",
        "purple"
      ],
      "mood_vectors": [
        [
          0.2947504106047726,
          0.10784384566367045,
          0.16516897585204865,
          0.2973105209928933,
          0.0041814597999830705,
          0.1030775838342155,
          0.027667203252416502
        ],
        [
          0.06399238812676096,
          0.23025579241740154,
          0.13824834592146512,
          0.07897719406843014,
          0.17183341775739672,
          0.28608979891626224,
          0.0306030627922833
        ],
        [
          0.1743366253908075,
          0.1045566678488506,
          0.13389324652434972,
          0.10607261624281811,
          0.14110874240126536,
          0.1142632947102132,
          0.22576880688169548
        ],
        [
          0.05188893547920008,
          0.10386173888084634,
          0.045456270871638685,
          0.19799265157032556,
          0.3220325063554762,
          0.12681583944676209,
          0.15195205739575104
        ],
        [
          0.039653425890418,
          0.1019311255640954,
          0.23173353309909447,
          0.12884275476393775,
          0.19731157194182292,
          0.20784731497462186,
          0.09268027376600965
        ],
        [
          0.16289475290098632,
          0.03661277525304811,
          0.20558631051539397,
          0.1455183437111414,
          0.1684244444216179,
          0.10949863209540264,
          0.17146474110240953
        ],
        [
          0.16059811146927921,
          0.25652914954584854,
          0.2037872203786628,
          0.015531585693579087,
          0.13760718696099133,
          0.04277367410087646,
          0.1831730718507626
        ],
        [
          0.10065543012710006,
          0.08573088817941424,
          0.12672635969185528,
          0.17862905318469552,
          0.16005945120072224,
          0.16828411985423603,
          0.17991469776197672
        ],
        [
          0.08254723966545481,
          0.11995372926235019,
          0.22427769428872316,
          0.22484031219695483,
          0.1079783824142708,
          0.22507845719569475,
          0.015324184976551527
        ],
        [
          0.020431719394569205,
          0.2350000930759743,
          0.16041040249881977,
          0.13273760255840977,
          0.1096399033429623,
          0.12806487142233128,
          0.21371540770693342
        ],
        [
          0.17324972191990726,
          0.039597278553356124,
          0.1070081355526522,
          0.11811409755522839,
          0.16547817129944964,
          0.2007912106615927,
          0.1957613844578137
        ],
        [
          0.16044379109984958,
          0.07918325321359432,
          0.20353776584430908,
          0.1720659725977382,
          0.050055814016633886,
          0.1312620771491867,
          0.2034513260786882
        ],
        [
          0.11772181482146057,
          0.13388632849208845,
          0.25805539979657177,
          0.052881889422215396,
          0.2075381283708551,
          0.1341364380431953,
          0.09578000105361341
        ],
        [
          0.08524168377546129,
          0.010341094817713826,
          0.09518613575812154,
          0.22283180601040958,
          0.10995618672667389,
          0.1860888266057082,
          0.2903542663059117
        ],
        [
          0.017253110547968808,
          0.1268654641191451,
          0.17900882147316935,
          0.09278575091082816,
          0.21998536555271572,
          0.239706108625618,
          0.12439537877055483
        ],
        [
          0.030660658751017734,
          0.2849973905794271,
          0.041461796352563,
          0.13238445588625547,
          0.17362054024718587,
          0.3036910193131585,
          0.033184138870392385
        ],
        [
          0.11522945803636178,
          0.169220397188568,
          0.2626640992053558,
          0.07978668090314721,
          0.16114690331005166,
          0.17507427049089608,
          0.036878190865619415
        ],
        [
          0.05376753078752782,
          0.213632439216388,
          0.28307907440983504,
          0.13051191657415925,
          0.06642576206035343,
          0.013819729091699495,
          0.23876354786003698
        ],
        [
          0.15617080438180939,
          0.1991350927965871,
          0.01630119704640289,
          0.03851115339206547,
          0.12493684234963812,
          0.2797033450269394,
          0.18524156500655772
        ],
        [
          0.27180817904595883,
          0.2521953909551492,
          0.041895497056964014,
          0.008466191309780853,
          0.21156913588736972,
          0.08200719485047135,
          0.1320584108943061
        ],
        [
          0.34954779492252525,
          0.1749699405165522,
          0.00637538266490379,
          0.046495459474043245,
          0.21483383138959894,
          0.09684933568973707,
          0.1109282553426395
        ],
        [
          0.009968489562435635,
          0.17720567542605342,
          0.3032887351355782,
          0.050863770224650426,
          0.1378277806123466,
          0.12257584783465264,
          0.1982697012042831
        ],
        [
          0.27278930164299753,
          0.16217853088935397,
          0.12957841764862899,
          0.022883065057878755,
          0.07595133832876572,
          0.12238494174892152,
          0.21423440468345348
        ],
        [
          0.07096386483519611,
          0.13541560352390672,
          0.2107697495527641,
          0.10769616694417597,
          0.026996212738954133,
          0.24123068413979284,
          0.20692771826521011
        ],
        [
          0.18628242212046128,
          0.17248621425380406,
          0.12574202029076426,
          0.0010073347187237985,
          0.20626204820625665,
          0.20783295248134043,
          0.10038700792864953
        ],
        [
          0.3113215500283023,
          0.005645498817227915,
          0.024571513260717756,
          0.2576929541822941,
          0.01530233929150233,
          0.08637879197611092,
          0.2990873524438447
        ],
        [
          0.10588139731425959,
          0.16315075592693182,
          0.20972371674897064,
          0.19447400113548738,
          0.18590901790683315,
          0.1135629571322375,
          0.02729815383527996
        ],
        [
          0.2053015285927194,
          0.053427530582338845,
          0.1788643314640544,
          0.16595231113440284,
          0.10089978389211289,
          0.15684522021480676,
          0.1387092941195648
        ],
        [
          0.07665863261189466,
          0.09716138539683385,
          0.2664994417976854,
          0.10143310696373352,
          0.2692410120317398,
          0.16891326998674666,
          0.02009315121136603
        ],
        [
          0.08254757570521283,
          0.21822804109490518,
          0.13717527492088702,
          0.15416304198759032,
          0.0397096824576033,
          0.23715920567130672,
          0.13101717816249467
        ],
        [
          0.07213117750677281,
          0.06869222133544393,
          0.2278916852980887,
          0.05733462106992804,
          0.10612458157368099,
          0.3133016789024479,
          0.15452403431363768
        ],
        [
          0.21229720006587396,
          0.15753848061698325,
          0.08048152950717222,
          0.1872108420486883,
          0.10069207812525233,
          0.13805118022194365,
          0.1237286894140863
        ],
        [
          0.013352794662995167,
          0.14558470930986017,
          0.16528342735262752,
          0.08822318853066159,
          0.19274145391988556,
          0.30263806275385435,
          0.09217636347011572
        ],
        [
          0.21062080695150148,
          0.060035743671620616,
          0.3354147441836318,
          0.08434199165860591,
          0.04326179543027477,
          0.0746066077821535,
          0.19171831032221187
        ],
        [
          0.22314866296082564,
          0.1869389662500946,
          0.11524113982686415,
          0.15233780811191042,
          0.17730632504110697,
          0.0928163926993962,
          0.05221070510980206
        ],
        [
          0.0342931014455168,
          0.03460112143876438,
          0.05810375146708616,
          0.218017604660429,
          0.05219767760714564,
          0.24103307074937905,
          0.36175367263167896
        ],
        [
          0.1537492993701787,
          0.22528145761051022,
          0.04572752447983154,
          0.23946431772744106,
          0.14130725287827664,
          0.015487538496867698,
          0.17898260943689417
        ],
        [
          0.26382756842708827,
          0.21437637302683554,
          0.008363564604088616,
          0.15966389930595334,
          0.01117418593400299,
          0.10988376034888918,
          0.23271064835314212
        ],
        [
          0.2327011924209748,
          0.025454035253093546,
          0.012131251784461715,
          0.20349513566392272,
          0.16239634192566316,
          0.24690468505065383,
          0.11691735790123027
        ],
        [
          0.10862441332809664,
          0.0028267895014314217,
          0.22201181016358854,
          0.1439128248892794,
          0.29317857740094716,
          0.16068019685287113,
          0.0687653878637857
        ],
        [
          0.21088166841336037,
          0.048183528511232365,
          0.18170863674204696,
          0.2060212240497178,
          0.11177069095689929,
          0.19868250616102573,
          0.04275174516571758
        ],
        [
          0.3018773108115303,
          0.026930440858329047,
          0.17919718616263333,
          0.2015610711592204,
          0.06894609871307292,
          0.13017550371440625,
          0.0913123885808077
        ],
        [
          0.26072171965106633,
          0.04603342345384717,
          0.058528746789922675,
          0.24423651668203092,
          0.06858931058425558,
          0.21643336949612016,
          0.10545691334275722
        ],
        [
          0.09763619696317538,
          0.24435645717003987,
          0.12324008828239191,
          0.029481580108247554,
          0.2244728925321719,
          0.12470450654823786,
          0.1561082783957355
        ],
        [
          0.15038317884855537,
          0.12539361714642194,
          0.25319722702915254,
          0.18985525968535266,
          0.043558202113516624,
          0.23047948350078404,
          0.00713303167621686
        ],
        [
          0.2616052599754446,
          0.14869686864473916,
          0.061996321963495304,
          0.13279271942774612,
          0.2672210123305737,
          0.09001672342397443,
          0.037671094234026634
        ],
        [
          0.14403608746989544,
          0.13205185016429621,
          0.14932547022252132,
          0.14121710644776825,
          0.07653061173253307,
          0.18626816463632964,
          0.17057070932665616
        ],
        [
          0.2038038370516954,
          0.07179597464180845,
          0.08222001722494404,
          0.22011571400598928,
          0.12716064293225726,
          0.2386774370892591,
          0.05622637705404648
        ],
        [
          0.3124377942839838,
          0.02846448882475253,
          0.011177980126361,
          0.26784771784957506,
          0.24214451535724546,
          0.09428689849118294,
          0.04364060506689916
        ],
        [
          0.12245081175030256,
          0.08977952091210058,
          0.03178098733014307,
          0.005813261813633099,
          0.3853155372556322,
          0.0011614823001634487,
          0.363698398638025
        ],
        [
          0.20572545788130459,
          0.09058665137872746,
          0.20476857144704638,
          0.1581168590038804,
          0.20171429003661723,
          0.05208699561721749,
          0.0870011746352064
        ],
        [
          0.08572454078954701,
          0.11870079481548941,
          0.23074367421523778,
          0.11097009293951872,
          0.18148213451979064,
          0.030868260988077937,
          0.24151050173233846
        ],
        [
          0.018359024404041357,
          0.07565321462225424,
          0.0471635097510052,
          0.15402746105955242,
          0.26564231002859956,
          0.2501279398841644,
          0.18902654025038285
        ],
        [
          0.08551373288867312,
          0.1756793274926791,
          0.15311142659453167,
          0.19844491285172555,
          0.06014941888655913,
          0.18859836825379683,
          0.13850281303203466
        ],
        [
          0.31307323639668927,
          0.23172756006061837,
          0.032992425880568506,
          0.0043842344984284685,
          0.20332930857566633,
          0.16836002508472783,
          0.04613320950330123
        ],
        [
          0.17663164341474336,
          0.19720540233170064,
          0.12698952648843653,
          0.0384526397976324,
          0.19828426155389872,
          0.17484123382742894,
          0.08759529258615949
        ],
        [
          0.16732092214635408,
          0.018961707669094774,
          0.14270120992843127,
          0.21232608827740798,
          0.11108867200620698,
          0.16219068383972074,
          0.1854107161327842
        ],
        [
          0.05300429164891273,
          0.19265164832682777,
          0.11485781836332716,
          0.34246601993773446,
          0.01288848834466357,
          0.1817925970741233,
          0.10233913630441101
        ],
        [
          0.04862860381252505,
          0.23221508290945087,
          0.10231153088687349,
          0.475611949270965,
          0.051777687515108715,
          0.05158295879069949,
          0.037872186814377456
        ],
        [
          0.1507269882620776,
          0.09825054735643493,
          0.09516145664401968,
          0.014643090732860575,
          0.1367413418910353,
          0.2715239078357291,
          0.23295266727784286
        ],
        [
          0.20710403905937896,
          0.21579817594449865,
          0.14331328353209188,
          0.14792121181495704,
          0.09525206071700237,
          0.026374576611070094,
          0.1642366523210009
        ],
        [
          0.18949228645881044,
          0.13935017879365963,
          0.012633551858434167,
          0.14119763611418593,
          0.15872391982560402,
          0.12596840181701652,
          0.23263402513228934
        ],
        [
          0.20009105869717145,
          0.0602717100675198,
          0.037296612156223014,
          0.14690493568351998,
          0.18097859625148205,
          0.10905433418453427,
          0.2654027529595494
        ],
        [
          0.2609216033352022,
          0.07540048002875717,
          0.20027709242706015,
          0.07664696636361933,
          0.10206663256259006,
          0.019278329463606213,
          0.2654088958191649
        ],
        [
          0.0068294116684459545,
          0.12923732817364447,
          0.29436374480177013,
          0.10941084701396152,
          0.12421841634373033,
          0.1306676750820497,
          0.20527257691639783
        ],
        [
          0.02805173768853751,
          0.3780478379283881,
          0.004498351685385413,
          0.0838035203277772,
          0.31506986556701355,
          0.1484013357670637,
          0.042127351035834454
        ],
        [
          0.017741638392294378,
          0.2011800130478068,
          0.14174917744310378,
          0.2660777720021803,
          0.08413699402201846,
          0.2522751019281415,
          0.03683930316445468
        ],
        [
          0.15293507038928758,
          0.07097157099989643,
          0.17807539895967828,
          0.03946754191844178,
          0.16820092241943693,
          0.1475476027577815,
          0.24280189255547754
        ],
        [
          0.03669665993777535,
          0.053973677308831985,
          0.02867979833796615,
          0.23717392320821357,
          0.25910735124684137,
          0.08004320133094596,
          0.3043253886294257
        ],
        [
          0.34169713615071645,
          0.09107802765796681,
          0.10682602565077252,
          0.008597243239083056,
          0.14979587481247014,
          0.2419751843393095,
          0.06003050814968153
        ],
        [
          0.2583299469532223,
          0.2839990848607841,
          0.020738307835489602,
          0.15393876773336573,
          0.16652955382578144,
          0.06531912346232685,
          0.05114521532902998
        ],
        [
          0.11451766438610252,
          0.21420153024202765,
          0.1700584665306183,
          0.12062502516962412,
          0.1620370976939913,
          0.192719986786945,
          0.02584022919069109
        ],
        [
          0.17982345854157245,
          0.01700184113528493,
          0.019510163611023798,
          0.222839975960457,
          0.15118811865307932,
          0.20219966033078088,
          0.2074367817678017
        ],
        [
          0.17121649110915077,
          0.012669227798707298,
          0.24738070998291367,
          0.13811291592832609,
          0.13990673667019046,
          0.24024715620956943,
          0.0504667623011423
        ],
        [
          0.06825205416797497,
          0.11092607565034525,
          0.17071740747781233,
          0.2077965139538209,
          0.041196627898021546,
          0.20381515902643216,
          0.1972961618255929
        ],
        [
          0.14457423637074435,
          0.1744068803745523,
          0.06578623010400814,
          0.0014826276317348671,
          0.23886813812948204,
          0.2490111147943806,
          0.12587077259509777
        ],
        [
          0.02831793723743082,
          0.14757140897682453,
          0.3225533496467391,
          0.1448754858108335,
          0.15877577768227868,
          0.19541809811933844,
          0.0024879425265548656
        ],
        [
          0.2416522967162165,
          0.017270107725781046,
          0.1442398104389762,
          0.17085730577244526,
          0.2589357713500878,
          0.07600180874965697,
          0.09104289924683619
        ],
        [
          0.09038829859664234,
          0.099639366282586,
          0.11313731327285229,
          0.2533423086817144,
          0.11850894515827007,
          0.02860886575627863,
          0.2963749022516563
        ],
        [
          0.3201063667882642,
          0.11679438270246698,
          0.1557809083994719,
          0.05099030473546612,
          0.07075609697758313,
          0.2318645721415799,
          0.05370736825516771
        ],
        [
          0.02287326839341919,
          0.27098370767405927,
          0.24329322853345092,
          0.13107904232773995,
          0.01792327536727369,
          0.1496102427310208,
          0.16423723497303622
        ],
        [
          0.09283818333425439,
          0.23575871928154865,
          0.20962082873523882,
          0.12020751441592831,
          0.20449577174378225,
          0.006397290797045215,
          0.13068169169220237
        ],
        [
          0.10463130211615514,
          0.00954393547733603,
          0.16905830115482662,
          0.12507209766193986,
          0.0026948871233368524,
          0.2851340457419205,
          0.3038654307244851
        ],
        [
          0.2898112917132999,
          0.03748345535854447,
          0.01474997927554858,
          0.22943956520350153,
          0.24734832178305272,
          0.05394250426766816,
          0.12722488239838461
        ],
        [
          0.1458005079022847,
          0.01980767411245812,
          0.20832076686108336,
          0.18947105727464725,
          0.18823926655204423,
          0.08190030407795684,
          0.16646042321952553
        ],
        [
          0.05855841372177516,
          0.06615758796902951,
          0.189289701582776,
          0.15152424919601817,
          0.32843944386849216,
          0.16249526314485088,
          0.04353534051705816
        ],
        [
          0.08599168431259897,
          0.20559102601704704,
          0.1928413395264739,
          0.16838722818033694,
          0.18602438327407547,
          0.09636304091818565,
          0.06480129777128198
        ],
        [
          0.07766078408649792,
          0.15152079773238492,
          0.22607998027961923,
          0.07473953260211672,
          0.16584567728310406,
          0.11429308416477336,
          0.18986014385150388
        ],
        [
          0.05262948189311454,
          0.230028595134792,
          0.005009260593111147,
          0.22329227243839866,
          0.10886124499199974,
          0.2341663235596803,
          0.14601282138890348
        ],
        [
          0.10953672261595225,
          0.28469248626908755,
          0.2433609813160143,
          0.24425393522969638,
          0.009926752035589478,
          0.10614112699409618,
          0.002087995539563804
        ],
        [
          0.01131898902250706,
          0.18651559003165974,
          0.17343386178663248,
          0.091679828796275,
          0.22800080326929875,
          0.10447425187698856,
          0.2045766752166385
        ],
        [
          0.24282534152007948,
          0.1898169481865969,
          0.20454781793957516,
          0.23072038966322322,
          0.06417099351836851,
          0.06557392621821637,
          0.002344582953940337
        ]
      ],
      "timestamps": [
        0,
        1,
        2,
        3,
        4,
        5,
        6,
        7,
        8,
        9,
        10,
        11,
        12,
        13,
        14,
        15,
        16,
        17,
        18,
        19,
        20,
        21,
        22,
        23,
        24,
        25,
        26,
        27,
        28,
        29,
        30,
        31,
        32,
        33,
        34,
        35,
        36,
        37,
        38,
        39,
        40,
        41,
        42,
        43,
        44,
        45,
        46,
        47,
        48,
        49,
        50,
        51,
        52,
        53,
        54,
        55,
        56,
        57,
        58,
        59,
        60,
        61,
        62,
        63,
        64,
        65,
        66,
        67,
        68,
        69,
        70,
        71,
        72,
        73,
        74,
        75,
        76,
        77,
        78,
        79,
        80,
        81,
        82,
        83,
        84,
        85,
        86,
        87,
        88,
        89,
        90,
        91
      ],
      "distance": 1055.7
    },
    {
      "trip_id": 1,
      "transport_method": "stopped",
      "start_time": 92,
      "path": [
        [
          1.5233577999999997,
          42.5084546
        ],
        [
          1.5233577999999997,
          42.5084546
        ],
        [
          1.5233577999999997,
          42.5084546
        ],
        [
          1.5233577999999997,
          42.5084546
        ],
        [
          1.5233577999999997,
          42.5084546
        ],
        [
          1.5233577999999997,
          42.5084546
        ]
      ],
      "emotions": [
        "purple",
        "purple",
        "purple",
        "red",
        "red",
        "red"
      ],
      "mood_vectors": [
        [
          0.23271780049846874,
          0.3569060944494805,
          0.07460568559268735,
          0.13415342219452178,
          0.15604226345106134,
          0.01242792614754917,
          0.03314680766623102
        ],
        [
          0.14148059179078712,
          0.16998871089275122,
          0.1063806374816429,
          0.18909790262505927,
          0.10848915360718688,
          0.17306069757065148,
          0.11150230603192104
        ],
        [
          0.0952123697861094,
          0.11605496366810923,
          0.013172107107240986,
          0.2943199946514833,
          0.30900293021808534,
          0.08896827634409014,
          0.0832693582248816
        ],
        [
          0.010704428746701421,
          0.01653334167833688,
          0.19971528990663617,
          0.2797942520345501,
          0.10538098919150327,
          0.20733984579866355,
          0.1805318526436086
        ],
        [
          0.06899083877915241,
          0.038104636985009856,
          0.19903927757288387,
          0.10584825943570365,
          0.2167579418972671,
          0.212514366837493,
          0.15874467849249013
        ],
        [
          0.06014488675601413,
          0.28411382696258924,
          0.11252751118321579,
          0.25201035076437256,
          0.08864448426988715,
          0.06314840053959951,
          0.13941053952432161
        ]
      ],
      "timestamps": [
        92,
        93,
        94,
        95,
        96,
        97
      ]
    },
    {
      "trip_id": 2,
      "transport_method": "bicycle",
      "start_time": 98,
      "path": [
        [
          1.5230899,
          42.50828859999999
        ],
        [
          1.5224668000000008,
          42.50847609999999
        ]
      ],
      "emotions": [
        "red",
        "red"
      ],
      "mood_vectors": [
        [
          0.0399228442021659,
          0.09007325309494804,
          0.12257008819092509,
          0.1842583067167952,
          0.27178178438144307,
          0.2144663416417514,
          0.07692738177197134
        ],
        [
          0.25225094511144336,
          0.0312784813472706,
          0.1789206666168464,
          0.06856162875251674,
          0.2532154062419828,
          0.10813040136948965,
          0.10764247056045047
        ]
      ],
      "timestamps": [
        98,
        99
      ],
      "distance": 553.9
    }
  ],
  "conversation": [
    "No idea where this path goes, but I'm following it.",
    "Wonder what's new around here.",
    "Is that a sushi place... next to a Russian bakery?"
  ],
  "conversation_timestamps": [
    25,
    65,
    90
  ]
}
