{
  "agent_id": "agent-type-purple-34",
  "type": "purple",
  "trips": [
    {
      "trip_id": 0,
      "transport_method": "foot",
      "start_time": 0,
      "path": [
        [
          1.5279604000000004,
          42.5053349
        ],
        [
          1.527974462522135,
          42.5053382525868
        ],
        [
          1.5280331963361793,
          42.50560170454176
        ],
        [
          1.5272393091287666,
          42.50538984148341
        ],
        [
          1.5264263798264595,
          42.50526301436608
        ],
        [
          1.5266410226203875,
          42.50524043832002
        ],
        [
          1.5272970136407507,
          42.50533489758032
        ],
        [
          1.526482649901889,
          42.50521763348067
        ],
        [
          1.5265844735840886,
          42.50528767896544
        ],
        [
          1.5273973237436802,
          42.50541485540627
        ],
        [
          1.5281867164346918,
          42.50564679953057
        ],
        [
          1.52795516016725,
          42.5051948404142
        ],
        [
          1.5271613326088078,
          42.50521031668832
        ],
        [
          1.5266027530256725,
          42.50495744400752
        ],
        [
          1.5258028816213953,
          42.5047691441833
        ],
        [
          1.5251583262481894,
          42.50491362764164
        ],
        [
          1.5243418897241068,
          42.50481179377765
        ],
        [
          1.5235328643125752,
          42.50466429602203
        ],
        [
          1.5227723674985403,
          42.50460711115012
        ],
        [
          1.5222242252858433,
          42.50477075516639
        ],
        [
          1.5218953697277828,
          42.505497993763974
        ],
        [
          1.5223447423329626,
          42.504906897165775
        ],
        [
          1.5223689730545829,
          42.504868401777514
        ],
        [
          1.5219532096023503,
          42.50557117576526
        ],
        [
          1.5220872265551697,
          42.50628781212776
        ],
        [
          1.5226790495914437,
          42.50602985352518
        ],
        [
          1.5230366382515907,
          42.505288861272604
        ],
        [
          1.5229349730882626,
          42.50549953097995
        ],
        [
          1.5225773844281156,
          42.50624052323252
        ],
        [
          1.5228656462138548,
          42.50588771609254
        ],
        [
          1.5232168999999998,
          42.5051437
        ]
      ],
      "emotions": [
        "green",
        "green",
        "green",
        "green",
        "green",
        "purple",
        "purple",
        "purple",
        "purple",
        "purple",
        "red",
        "red",
        "red",
        "red",
        "red",
        "green",
        "green",
        "green",
        "green",
        "green",
        "green",
        "green",
        "green",
        "green",
        "green",
        "green",
        "green",
        "green",
        "green",
        "green",
        "red"
      ],
      "mood_vectors": [
        [
          0.08153947014014983,
          0.08099206373271922,
          0.13734670917829828,
          0.19849687351706946,
          0.16782361754113742,
          0.11080597638377346,
          0.22299528950685238
        ],
        [
          0.03924651934875749,
          0.09399810538894436,
          0.1495615133600333,
          0.11154757802373154,
          0.1590421657277452,
          0.2701406319757489,
          0.17646348617503935
        ],
        [
          0.3015909716346613,
          0.3046311927441822,
          0.03047918348932512,
          0.07205632833788589,
          0.05147775529740453,
          0.1853230727143081,
          0.05444149578223289
        ],
        [
          0.015818533333095033,
          0.11985264963312595,
          0.18522594313368929,
          0.15985924431963228,
          0.09956088656773404,
          0.2153849684302995,
          0.20429777458242399
        ],
        [
          0.11714845281071905,
          0.05413186980631832,
          0.16114935108082892,
          0.2641948840520291,
          0.15434181744787712,
          0.1627484871583866,
          0.08628513764384088
        ],
        [
          0.03929546867732067,
          0.18070026939749878,
          0.21010183367671967,
          0.10076412366315841,
          0.20741419234091119,
          0.06681339315005068,
          0.1949107190943406
        ],
        [
          0.02742242682718954,
          0.08264911606829375,
          0.1954057018831717,
          0.16051148246657065,
          0.21787334723101887,
          0.09164030523038721,
          0.22449762029336834
        ],
        [
          0.14554471220860313,
          0.01637799966589849,
          0.017252720861881423,
          0.3035274138794589,
          0.15324981018713568,
          0.30517039944495206,
          0.05887694375207034
        ],
        [
          0.08632899190964394,
          0.06492982012113883,
          0.2438051932191408,
          0.1761573212616909,
          0.19325496949174478,
          0.00976858186438937,
          0.22575512213225143
        ],
        [
          0.20887806617261334,
          0.006115583638109722,
          0.10622773940363206,
          0.19683231707298662,
          0.11054193234384106,
          0.15238292880174859,
          0.21902143256706869
        ],
        [
          0.10734799052335765,
          0.12631439337084205,
          0.1963768998517928,
          0.057875964607027715,
          0.2984242262706609,
          0.09177279822324746,
          0.12188772715307139
        ],
        [
          0.16373935865295988,
          0.04891990302772949,
          0.12401094533806117,
          0.276143592014638,
          0.058196910865805154,
          0.22562286530112022,
          0.10336642479968611
        ],
        [
          0.17220668710551162,
          0.15462063453194283,
          0.13969065524477373,
          0.16938491986988968,
          0.16932935456426473,
          0.07893582818925081,
          0.1158319204943665
        ],
        [
          0.34779936079896656,
          0.06190998091828446,
          0.19330425915485394,
          0.1674918425845169,
          0.03385960774262611,
          0.019503066069251153,
          0.1761318827315009
        ],
        [
          0.09158043621357174,
          0.12151670321010079,
          0.18562663012483996,
          0.2405706068414111,
          0.21080875409316227,
          0.10688376541735575,
          0.04301310409955834
        ],
        [
          0.19057726157621616,
          0.14991841691765545,
          0.15215781428157743,
          0.006968779093853601,
          0.11741667218404123,
          0.268897107946265,
          0.11406394800039125
        ],
        [
          0.058597467951345565,
          0.1537607603291029,
          0.10567165862063145,
          0.17771673284231843,
          0.14183603997989006,
          0.1679032467499145,
          0.1945140935267971
        ],
        [
          0.24302268987268635,
          0.0488094582238762,
          0.19528526075299682,
          0.037258225193094095,
          0.1834924597880485,
          0.07827840299348432,
          0.21385350317581373
        ],
        [
          0.10694153520318765,
          0.2161430800115358,
          0.19739647376386127,
          0.05465213303173744,
          0.05550661637682902,
          0.31963085185897,
          0.04972930975387878
        ],
        [
          0.09346862666707327,
          0.22599200844062795,
          0.11078503642285066,
          0.2054711188089369,
          0.12500690261141162,
          0.1434594403299506,
          0.09581686671914905
        ],
        [
          0.20687965650159915,
          0.014660770013576433,
          0.1914946894825668,
          0.08707918521642126,
          0.17117651242429813,
          0.15710961082842484,
          0.17159957553311345
        ],
        [
          0.07986221075681951,
          0.23659512985868253,
          0.10111522320228053,
          0.23410292846742894,
          0.026471304360138843,
          0.17918066144725614,
          0.14267254190739356
        ],
        [
          0.025910231738556926,
          0.15551640698823455,
          0.21955333243670436,
          0.1269189519236398,
          0.03710340391562198,
          0.19243805583831647,
          0.24255961715892596
        ],
        [
          0.29470176487529604,
          0.0877833646682798,
          0.061662403039148043,
          0.15825475903783312,
          0.22643081814626664,
          0.06459303609328501,
          0.10657385413989132
        ],
        [
          0.1827167722896625,
          0.09816770717976807,
          0.0073805456024322764,
          0.27238864312915867,
          0.19051374001624094,
          0.1663424006793297,
          0.08249019110340777
        ],
        [
          0.19114675623172578,
          0.1472311147103211,
          0.12928168144774757,
          0.13434604637091416,
          0.0646556535652082,
          0.1644421030346503,
          0.16889664463943294
        ],
        [
          0.3004482450112236,
          0.06029751654316955,
          0.21175959251901916,
          0.13392850136689025,
          0.06393522485538623,
          0.10373860943245145,
          0.12589231027185974
        ],
        [
          0.05581593974557194,
          0.0772485794425597,
          0.23865937472470333,
          0.21829471648117382,
          0.06651279935270409,
          0.26820762507197127,
          0.07526096518131581
        ],
        [
          0.17370624106294066,
          0.22955821083631991,
          0.14650765689548884,
          0.05377165122034496,
          0.2236321148609565,
          0.16409744499674825,
          0.008726680127200957
        ],
        [
          0.17539483061948044,
          0.0958931463133755,
          0.19060014721911553,
          0.04982273788976823,
          0.19566661516931783,
          0.1765736745222643,
          0.11604884826667825
        ],
        [
          0.08723788332497874,
          0.08695647626128028,
          0.13722232992930386,
          0.20938808146098953,
          0.19767113090237243,
          0.13538420583720104,
          0.14613989228387406
        ]
      ],
      "timestamps": [
        0,
        1,
        2,
        3,
        4,
        5,
        6,
        7,
        8,
        9,
        10,
        11,
        12,
        13,
        14,
        15,
        16,
        17,
        18,
        19,
        20,
        21,
        22,
        23,
        24,
        25,
        26,
        27,
        28,
        29,
        30
      ],
      "distance": 540.5
    },
    {
      "trip_id": 1,
      "transport_method": "car",
      "start_time": 31,
      "path": [
        [
          1.5226218000000005,
          42.505744899999996
        ],
        [
          1.5223854424780097,
          42.50571240247412
        ],
        [
          1.5221506310646078,
          42.50567611111569
        ],
        [
          1.521959238557018,
          42.505533668578195
        ],
        [
          1.5219537015407523,
          42.50576002832871
        ],
        [
          1.5219543230141006,
          42.50599860867622
        ],
        [
          1.5219549444874487,
          42.50623718902374
        ],
        [
          1.5221671205473373,
          42.50630552311556
        ],
        [
          1.5224000470459271,
          42.50635715851722
        ],
        [
          1.522635851167171,
          42.50637721203344
        ],
        [
          1.5225868399759406,
          42.50637861883567
        ],
        [
          1.5223521267991587,
          42.506346535504356
        ],
        [
          1.522119200300569,
          42.5062949001027
        ],
        [
          1.5219134080723322,
          42.506304314906664
        ],
        [
          1.5216975946784612,
          42.50638361578212
        ],
        [
          1.5217760751770153,
          42.50655279770127
        ],
        [
          1.5219412426087668,
          42.50672496241292
        ],
        [
          1.5221064100405186,
          42.506897127124574
        ],
        [
          1.5222715774722704,
          42.507069291836224
        ],
        [
          1.522436744904022,
          42.507241456547874
        ],
        [
          1.5224593914541895,
          42.50744737133633
        ],
        [
          1.5222605803196554,
          42.50755967230487
        ],
        [
          1.522025203904552,
          42.50752069908763
        ],
        [
          1.5218427731313684,
          42.507457122467386
        ],
        [
          1.5219647600145518,
          42.507252085473695
        ],
        [
          1.522096748505815,
          42.507053971727544
        ],
        [
          1.5222456999999998,
          42.50686759999999
        ]
      ],
      "emotions": [
        "red",
        "red",
        "red",
        "red",
        "red",
        "red",
        "red",
        "red",
        "red",
        "green",
        "green",
        "green",
        "green",
        "green",
        "red",
        "red",
        "red",
        "red",
        "red",
        "purple",
        "purple",
        "purple",
        "purple",
        "purple",
        "red",
        "red",
        "red"
      ],
      "mood_vectors": [
        [
          0.21817609484338993,
          0.14143250170468952,
          0.22461328542589012,
          0.06258297902883293,
          0.03602056896113944,
          0.14800781085754014,
          0.16916675917851784
        ],
        [
          0.2901054176370382,
          0.11021266066326728,
          0.11578212730331294,
          0.24398820320897716,
          0.12670617286590316,
          0.04810623950329969,
          0.06509917881820157
        ],
        [
          0.159106934105939,
          0.17790007045017886,
          0.17336688159995384,
          0.1551700185125329,
          0.07625478309971677,
          0.11657257146787614,
          0.14162874076380255
        ],
        [
          0.17595213977005333,
          0.1923574889899159,
          0.10626648313786498,
          0.06750987783942078,
          0.20018531275780482,
          0.14581917417648596,
          0.11190952332845426
        ],
        [
          0.2092967154642382,
          0.06014112934001244,
          0.041620453164997906,
          0.3048883137245415,
          0.04783260502037469,
          0.13148766205114246,
          0.20473312123469278
        ],
        [
          0.19544278529740003,
          0.10906039117687719,
          0.13474225285674263,
          0.21398300595948203,
          0.1787603696645937,
          0.10012108241415099,
          0.06789011263075354
        ],
        [
          0.04441085659730076,
          0.13869129212137296,
          0.0014313936429972023,
          0.290903074092601,
          0.2568774278605243,
          0.029957251062328938,
          0.23772870462287485
        ],
        [
          0.19613286285641413,
          0.2305405576465169,
          0.16436544947817242,
          0.0064088161481842066,
          0.1123937863977133,
          0.05417148506351354,
          0.23598704240948556
        ],
        [
          0.11072656287231233,
          0.0868234932329402,
          0.16508539477869724,
          0.07451444771361257,
          0.32198062521414883,
          0.23328795755948228,
          0.0075815186288065925
        ],
        [
          0.18622398599467457,
          0.09516160806850782,
          0.16366234306445182,
          0.21157576102731723,
          0.1884484093111823,
          0.10488530922110052,
          0.050042583312765704
        ],
        [
          0.2698806459221831,
          0.1889515722143907,
          0.1469499324681364,
          0.0031348906524777103,
          0.05391417416860847,
          0.1963663141843097,
          0.14080247038989388
        ],
        [
          0.20077938298890727,
          0.06149894901723505,
          0.15665464517554895,
          0.10793701431717784,
          0.02767098512327937,
          0.22166267076618054,
          0.2237963526116709
        ],
        [
          0.1997482250874429,
          0.11538975682289555,
          0.004005552107047125,
          0.2690873129820196,
          0.24419432748823505,
          0.01968660639030021,
          0.1478882191220596
        ],
        [
          0.1034769575430641,
          0.1148033628112873,
          0.05513347312504488,
          0.20981324340309074,
          0.24438840496778486,
          0.018075023572649673,
          0.2543095345770785
        ],
        [
          0.17827504618033754,
          0.08574435387917233,
          0.33053626921270995,
          0.07387440036993739,
          0.03804839377064997,
          0.12167700163454513,
          0.1718445349526478
        ],
        [
          0.059169037418114155,
          0.023392716505959307,
          0.07145570828746066,
          0.2795997762294836,
          0.3071507594116802,
          0.25343752676316006,
          0.0057944753841420405
        ],
        [
          0.18860079485389977,
          0.1649686388508924,
          0.17491541880207398,
          0.10349073550667136,
          0.09098482687461652,
          0.2420206697367566,
          0.035018915375089436
        ],
        [
          0.0148944559909144,
          0.16662311893108567,
          0.18931115478805177,
          0.16449190757486296,
          0.035865677163336454,
          0.1549894802266361,
          0.2738242053251126
        ],
        [
          0.13469608111417078,
          0.07572154694514145,
          0.14448027419785828,
          0.2388230024488002,
          0.123764530570821,
          0.0861477417695677,
          0.1963668229536406
        ],
        [
          0.14468928517869462,
          0.23433647396686574,
          0.23309943532563673,
          0.12280425883430392,
          0.05172508968743483,
          0.18725759191716665,
          0.02608786508989747
        ],
        [
          0.16918742194971506,
          0.2876444482324033,
          0.05017120587466192,
          0.26829592934264573,
          0.031186235652515742,
          0.09130727756800967,
          0.10220748138004851
        ],
        [
          0.19509334847994933,
          0.07469643179360484,
          0.09302379350343405,
          0.1863192516392587,
          0.14128062693123727,
          0.11961668626083179,
          0.18996986139168406
        ],
        [
          0.2081732055206052,
          0.19737080471314994,
          0.294754935062083,
          0.06133794609150572,
          0.11663604254088515,
          0.02852332235678262,
          0.0932037437149884
        ],
        [
          0.07899162724421716,
          0.363978676567115,
          0.16643721379630785,
          0.0017977163341120093,
          0.17481247651480852,
          0.1578562724978793,
          0.0561260170455602
        ],
        [
          0.08316041409944823,
          0.02291353683864492,
          0.23007040956688474,
          0.381917747345537,
          0.11885868681998281,
          0.09605905378559727,
          0.06702015154390496
        ],
        [
          0.06122767779875096,
          0.04467090802230271,
          0.34538949462556906,
          0.17484903164449497,
          0.1685951862134068,
          0.0019392826869414383,
          0.2033284190085341
        ],
        [
          0.09376367071807735,
          0.007079396830209529,
          0.06350683891280492,
          0.23019809280635706,
          0.27680109457158525,
          0.09410806740387169,
          0.23454283875709417
        ]
      ],
      "timestamps": [
        31,
        32,
        33,
        34,
        35,
        36,
        37,
        38,
        39,
        40,
        41,
        42,
        43,
        44,
        45,
        46,
        47,
        48,
        49,
        50,
        51,
        52,
        53,
        54,
        55,
        56,
        57
      ],
      "distance": 218.3
    },
    {
      "trip_id": 2,
      "transport_method": "foot",
      "start_time": 58,
      "path": [
        [
          1.5222456999999998,
          42.50686759999999
        ],
        [
          1.521893212240868,
          42.50737234381655
        ],
        [
          1.5223009546506103,
          42.50756494630345
        ],
        [
          1.5223112902200544,
          42.507110687005344
        ],
        [
          1.521884081317978,
          42.50666537949732
        ],
        [
          1.5218974342841671,
          42.50630616095968
        ],
        [
          1.5224949583758598,
          42.50635736862351
        ],
        [
          1.5230901942551989,
          42.50651490905725
        ],
        [
          1.5231519052776417,
          42.50659119324197
        ],
        [
          1.5225516255510658,
          42.5064481181827
        ],
        [
          1.52195134582449,
          42.50630504312344
        ],
        [
          1.5218462968878503,
          42.50662599433858
        ],
        [
          1.5222735057899268,
          42.50707130184661
        ],
        [
          1.5227945733020976,
          42.50727760062224
        ],
        [
          1.5234106397598646,
          42.50724198682806
        ],
        [
          1.5228390937823684,
          42.5072750269661
        ],
        [
          1.522550017390538,
          42.507542439561654
        ],
        [
          1.523110366572122,
          42.50773228652849
        ],
        [
          1.5235343241540908,
          42.50778991146017
        ],
        [
          1.5230116628804247,
          42.50806903442151
        ],
        [
          1.5234177902053407,
          42.50848363304312
        ],
        [
          1.5239380954200592,
          42.508758931833455
        ],
        [
          1.523894752696836,
          42.50880491781892
        ],
        [
          1.524475177702168,
          42.50884470808843
        ],
        [
          1.5250808335409445,
          42.508962975698864
        ],
        [
          1.5256828335556005,
          42.50909800205832
        ],
        [
          1.526282720159111,
          42.50924271655535
        ],
        [
          1.5268826067626216,
          42.50938743105238
        ],
        [
          1.5266945066338686,
          42.50934205445059
        ],
        [
          1.526094620030358,
          42.509197339953566
        ],
        [
          1.5254947334268474,
          42.50905262545654
        ],
        [
          1.5255574655274022,
          42.50933823080576
        ],
        [
          1.5261652772842849,
          42.509444866123154
        ],
        [
          1.5267730890411675,
          42.509551501440555
        ],
        [
          1.5273809007980501,
          42.50965813675795
        ],
        [
          1.527957537299062,
          42.50987337022407
        ],
        [
          1.5285293600052283,
          42.51010537241249
        ],
        [
          1.5291011827113947,
          42.510337374600915
        ],
        [
          1.5295229961144514,
          42.51038768438769
        ],
        [
          1.5291096554896892,
          42.50993267051292
        ],
        [
          1.5286655277448447,
          42.50950423525645
        ],
        [
          1.5282214,
          42.50907579999999
        ]
      ],
      "emotions": [
        "red",
        "red",
        "green",
        "green",
        "green",
        "green",
        "green",
        "red",
        "red",
        "red",
        "red",
        "red",
        "green",
        "green",
        "green",
        "green",
        "green",
        "red",
        "red",
        "red",
        "red",
        "red",
        "red",
        "red",
        "red",
        "red",
        "red",
        "red",
        "red",
        "red",
        "red",
        "red",
        "green",
        "green",
        "green",
        "green",
        "green",
        "purple",
        "purple",
        "purple",
        "purple",
        "purple"
      ],
      "mood_vectors": [
        [
          0.15932379965853682,
          0.03955548926988994,
          0.0991205246245064,
          0.26917121722999104,
          0.08503050177737793,
          0.1629001863939001,
          0.18489828104579775
        ],
        [
          0.21354752305963598,
          0.07166810923441795,
          0.1901894099971452,
          0.2318110128161103,
          0.07490153131659241,
          0.13570531666736363,
          0.08217709690873456
        ],
        [
          0.18540179108411844,
          0.1445966245933296,
          0.037580437544367996,
          0.2574226113629621,
          0.08436285102327624,
          0.06358309065120514,
          0.2270525937407405
        ],
        [
          0.11795899960720581,
          0.047118284139397316,
          0.12697944294624522,
          0.2508028734252586,
          0.05740390764290275,
          0.12461888942627873,
          0.27511760281271164
        ],
        [
          0.12173959145722743,
          0.1848327854428412,
          0.22942396192194603,
          0.10774773208003946,
          0.023478970535919207,
          0.13386583316327974,
          0.19891112539874695
        ],
        [
          0.24479939798401026,
          0.22470677837659309,
          0.09117833936663815,
          0.004874808329953746,
          0.04286924595252687,
          0.26103754490680753,
          0.13053388508347039
        ],
        [
          0.1343549691508936,
          0.16240727419577905,
          0.08496759555765737,
          0.14395163238939473,
          0.09341647000142876,
          0.1872553699739807,
          0.19364668873086574
        ],
        [
          0.2505227970799089,
          0.030828622491955025,
          0.1782449381223989,
          0.06099461031796457,
          0.11143974942417921,
          0.15727221954303694,
          0.21069706302055646
        ],
        [
          0.032396604408611925,
          0.25211863740770557,
          0.19686105939925205,
          0.16143662004461723,
          0.07352167064889258,
          0.18247895697634683,
          0.10118645111457378
        ],
        [
          0.0723682109884527,
          0.12207635287711768,
          0.3459368351485193,
          0.05736452013455223,
          0.2349970046009169,
          0.018179470578055863,
          0.14907760567238534
        ],
        [
          0.05078506969282311,
          0.13871194543805052,
          0.2350655148511294,
          0.2581539887291231,
          0.05685276752617987,
          0.08085977394216182,
          0.1795709398205322
        ],
        [
          0.0934222840191615,
          0.0465131154762846,
          0.015404904459214568,
          0.2874798390538286,
          0.2736134035342948,
          0.030461788831401097,
          0.2531046646258148
        ],
        [
          0.0129061611478374,
          0.20478375655454123,
          0.26930130426780546,
          0.1725208113000548,
          0.01246297868891375,
          0.17695498602436832,
          0.15107000201647905
        ],
        [
          0.2735431896078279,
          0.23571113049220926,
          0.14504144158827442,
          0.028570016545027492,
          0.1334223199706819,
          0.12110040424565598,
          0.06261149755032303
        ],
        [
          0.041044022998581044,
          0.3664712767833732,
          0.24418051268678906,
          0.09682353772398825,
          0.1582468110178356,
          0.029707401956696772,
          0.06352643683273605
        ],
        [
          0.13290214322147392,
          0.07544378272996309,
          0.19405096461243376,
          0.09969908169917373,
          0.08083568794359929,
          0.2596954956630804,
          0.15737284413027583
        ],
        [
          0.14382243012240808,
          0.12010260749509952,
          0.211002850639301,
          0.06756824983930483,
          0.1505465543594079,
          0.2912155464723982,
          0.01574176107208045
        ],
        [
          0.10812102437822696,
          0.14243917578990528,
          0.0875851243067239,
          0.19903065653006952,
          0.17111266267032055,
          0.09158891135395664,
          0.20012244497079706
        ],
        [
          0.11276197935305786,
          0.1272774117517721,
          0.03073477897159262,
          0.1932214668773955,
          0.15917753071494667,
          0.18866185505013075,
          0.18816497728110454
        ],
        [
          0.2031796724331746,
          0.052428686196232456,
          0.1912566588062117,
          0.03479520111344643,
          0.12741125800040498,
          0.1941958322643041,
          0.19673269118622577
        ],
        [
          0.19395836235732936,
          0.1728149575099987,
          0.11518513055656887,
          0.13816020383748287,
          0.1851922271967879,
          0.06481918719797941,
          0.12986993134385294
        ],
        [
          0.08781184652761344,
          0.09366753008682584,
          0.0542232611050427,
          0.30815109179170913,
          0.18234869305492166,
          0.03540921232759378,
          0.23838836510629346
        ],
        [
          0.2371604232778845,
          0.20635328350834398,
          0.010021641874642884,
          0.1260886164624377,
          0.17187421680093515,
          0.1470414460594545,
          0.10146037201630129
        ],
        [
          0.009688587771087893,
          0.07348438273071103,
          0.2599297271070485,
          0.14162684499745995,
          0.24467778417320735,
          0.02137832220808623,
          0.2492143510123991
        ],
        [
          0.07190687082785834,
          0.34850293055696435,
          0.02396424387960717,
          0.22457275965066364,
          0.02751079695749263,
          0.11497169608356037,
          0.18857070204385346
        ],
        [
          0.19498664202121707,
          0.153650107589881,
          0.18913048513327868,
          0.17992542145414367,
          0.12639524277185357,
          0.12128964589366581,
          0.03462245513596022
        ],
        [
          0.26837878805778365,
          0.04832283789548061,
          0.2528865240940516,
          0.2219798190127353,
          0.15821749883767647,
          0.008209707693304771,
          0.04200482440896766
        ],
        [
          0.026379080514995462,
          0.21032254007065534,
          0.2603798881194391,
          0.1716116651296948,
          0.18161055560947909,
          0.10614597751351945,
          0.04355029304221669
        ],
        [
          0.12076005037036157,
          0.16591815844790933,
          0.13796838134346545,
          0.02939805704804345,
          0.21702842227045452,
          0.05868514276582674,
          0.270241787753939
        ],
        [
          0.1571808574781924,
          0.0729981286476613,
          0.14219486478416157,
          0.09509011166993679,
          0.1625720354021593,
          0.20690258169414216,
          0.16306142032374635
        ],
        [
          0.0725205931166229,
          0.18140955008067725,
          0.13418302309448438,
          0.14601242423599167,
          0.08431121669205086,
          0.18189285775608047,
          0.19967033502409257
        ],
        [
          0.2352322649353631,
          0.03615765348004203,
          0.2064466367392388,
          0.057291329715035054,
          0.16089060625347443,
          0.18492710901186804,
          0.11905439986497855
        ],
        [
          0.1621921541500555,
          0.0010793147285850133,
          0.08833695465386528,
          0.21314501083869633,
          0.21475244090054071,
          0.11579078803802015,
          0.2047033366902369
        ],
        [
          0.08597106896497463,
          0.13347484802663284,
          0.2527857802657878,
          0.18678979338492588,
          0.12724315689136434,
          0.11514960389418255,
          0.09858574857213197
        ],
        [
          0.07329696066835396,
          0.07473901351754994,
          0.07292267665426273,
          0.25902799574595436,
          0.2569360756287981,
          0.049453597348174984,
          0.21362368043690597
        ],
        [
          0.02876506986889068,
          0.21369791169497152,
          0.2120698840486756,
          0.1698262021656074,
          0.17975079628520632,
          0.05652139067991975,
          0.13936874525672865
        ],
        [
          0.07608082188835168,
          0.2044342709593944,
          0.22104739300737214,
          0.06567138840785147,
          0.017060201279915654,
          0.2986393886982442,
          0.11706653575887051
        ],
        [
          0.18646690262126853,
          0.0727771481829311,
          0.09535748633052837,
          0.09972335434721204,
          0.18471579642274716,
          0.20499029748323574,
          0.15596901461207707
        ],
        [
          0.22670544997459438,
          0.1208259101756737,
          0.05346013573467373,
          0.01511264043437244,
          0.14092114228324099,
          0.2542589316672018,
          0.18871578973024294
        ],
        [
          0.1763427140845124,
          0.19064572741318514,
          0.11257305078506807,
          0.2449026137909194,
          0.14620634742817232,
          0.054133395267843595,
          0.07519615123029907
        ],
        [
          0.1130507098208457,
          0.22591699363955603,
          0.1253446346700079,
          0.11383708328350627,
          0.1490438958640131,
          0.16253033283169016,
          0.11027634989038089
        ],
        [
          0.14076805703838063,
          0.13121941375555882,
          0.14143826835080572,
          0.028160450450330006,
          0.1956747158321094,
          0.15168158179609895,
          0.2110575127767165
        ]
      ],
      "timestamps": [
        58,
        59,
        60,
        61,
        62,
        63,
        64,
        65,
        66,
        67,
        68,
        69,
        70,
        71,
        72,
        73,
        74,
        75,
        76,
        77,
        78,
        79,
        80,
        81,
        82,
        83,
        84,
        85,
        86,
        87,
        88,
        89,
        90,
        91,
        92,
        93,
        94,
        95,
        96,
        97,
        98,
        99
      ],
      "distance": 885.2
    }
  ],
  "conversation": [
    "Tempted to sit and people-watch for a bit.",
    "This fog has me in my feelings.",
    "Korean BBQ for dinner? Tempting."
  ],
  "conversation_timestamps": [
    7,
    24,
    43
  ]
}
