{"agent_id": "agent-blue-1095", "type": "blue", "trips": [{"trip_id": 0, "transport_method": "foot", "start_time": 0, "path": [[1.5177675, 42.5066056], [1.5180636, 42.5066768], [1.5183396, 42.5068081], [1.5186318, 42.5068968], [1.5188855, 42.5068166], [1.5190866, 42.5070407], [1.519362, 42.5071733], [1.5196271, 42.5073254], [1.5199026, 42.5074261], [1.5202075, 42.5074022], [1.5205031, 42.5074398], [1.5207983, 42.5074992], [1.521104, 42.5075088], [1.5214097, 42.5075183], [1.5217127, 42.5075063], [1.5219436, 42.5076973], [1.5222068, 42.5077096], [1.5225115, 42.5077361], [1.5228162, 42.5077626], [1.5231209, 42.5077891], [1.5234055, 42.5078097], [1.5237106, 42.5077885], [1.524016, 42.5077735], [1.5243212, 42.5077861], [1.5246216, 42.5078439], [1.5249156, 42.507928], [1.5252095, 42.5080127], [1.5255034, 42.5080973], [1.5257893, 42.5082023], [1.5260907, 42.5082516], [1.5263906, 42.5083113], [1.526694, 42.5083488], [1.5269997, 42.5083589], [1.5273055, 42.5083619], [1.5276058, 42.508408], [1.527887, 42.5085283], [1.5281682, 42.5086485], [1.5284432, 42.5087823], [1.5287396, 42.5088563], [1.5290385, 42.5089209], [1.5290581, 42.5088931], [1.5289226, 42.5089004], [1.5292196, 42.5089736], [1.5295166, 42.5090468], [1.529813, 42.509122], [1.5301031, 42.5092184], [1.5303921, 42.5093185], [1.5306817, 42.5093401], [1.5309694, 42.5094393], [1.5312554, 42.5095475], [1.531541, 42.5096571], [1.5318291, 42.5097595], [1.5321192, 42.5098563], [1.5324027, 42.5099255], [1.5327044, 42.5099702], [1.5330093, 42.509993], [1.5333137, 42.5100226], [1.5335955, 42.5101401], [1.5338694, 42.5102759], [1.5341406, 42.5104173], [1.5344117, 42.5105588], [1.5346829, 42.5107002], [1.5349531, 42.5108333], [1.5351846, 42.5106334], [1.5354688, 42.5105568], [1.5357741, 42.5105758], [1.5360793, 42.5105948], [1.5363846, 42.5106138], [1.5366862, 42.5106579], [1.5369844, 42.510726], [1.5372882, 42.5107382], [1.537594, 42.5107311], [1.5378853, 42.5107393], [1.5380738, 42.5108012], [1.5382578, 42.5110437], [1.5384786, 42.5112554], [1.5387815, 42.5112353], [1.5390863, 42.5112099], [1.5393309, 42.5113197], [1.5395163, 42.511563]], "mood_vectors": [[0.032, 0.0203, 0.0548, 0.7716, 0.0389, 0.0152, 0.0671], [0.0732, 0.0932, 0.0669, 0.5865, 0.0747, 0.0719, 0.0337], [0.0593, 0.0213, 0.0587, 0.6374, 0.0751, 0.0727, 0.0754], [0.032, 0.0419, 0.0287, 0.7628, 0.0721, 0.0314, 0.031], [0.1007, 0.0158, 0.0647, 0.6971, 0.0373, 0.0362, 0.0482], [0.0784, 0.0371, 0.0496, 0.6956, 0.0439, 0.0144, 0.081], [0.0215, 0.093, 0.043, 0.7206, 0.0171, 0.0448, 0.06], [0.0396, 0.0656, 0.0443, 0.6836, 0.0611, 0.0542, 0.0515], [0.073, 0.0284, 0.0535, 0.7111, 0.0676, 0.016, 0.0504], [0.0637, 0.0411, 0.0251, 0.7106, 0.0507, 0.0436, 0.0652], [0.0198, 0.036, 0.0166, 0.7663, 0.0497, 0.0324, 0.0793], [0.0226, 0.0814, 0.0649, 0.7459, 0.0435, 0.0281, 0.0136], [0.0339, 0.0767, 0.0249, 0.7266, 0.0288, 0.0749, 0.0342], [0.0222, 0.0194, 0.0378, 0.744, 0.0701, 0.0633, 0.0432], [0.0542, 0.063, 0.0293, 0.6962, 0.0621, 0.0598, 0.0353], [0.0486, 0.0736, 0.059, 0.6889, 0.0493, 0.045, 0.0356], [0.0809, 0.0337, 0.0606, 0.6096, 0.0707, 0.0689, 0.0756], [0.0359, 0.0669, 0.0748, 0.6758, 0.0714, 0.0128, 0.0623], [0.0712, 0.0397, 0.057, 0.7285, 0.0128, 0.0776, 0.0132], [0.0414, 0.0694, 0.0424, 0.6997, 0.043, 0.0497, 0.0543], [0.0425, 0.0803, 0.0266, 0.7429, 0.0307, 0.0177, 0.0594], [0.0605, 0.0274, 0.0576, 0.6237, 0.0869, 0.0478, 0.0961], [0.0918, 0.0523, 0.0452, 0.6429, 0.0234, 0.0615, 0.0829], [0.0444, 0.0186, 0.0177, 0.7778, 0.0292, 0.034, 0.0784], [0.0926, 0.0157, 0.0566, 0.7199, 0.0375, 0.038, 0.0398], [0.0508, 0.051, 0.0628, 0.7573, 0.0248, 0.0191, 0.0342], [0.0226, 0.0243, 0.0463, 0.7318, 0.0751, 0.0147, 0.0852], [0.0671, 0.0267, 0.0212, 0.6523, 0.0579, 0.0804, 0.0944], [0.0442, 0.0593, 0.0689, 0.6509, 0.0615, 0.0626, 0.0525], [0.0195, 0.018, 0.0717, 0.7573, 0.0666, 0.0309, 0.0359], [0.0618, 0.0319, 0.0421, 0.7055, 0.0237, 0.0579, 0.0771], [0.0565, 0.088, 0.0777, 0.6317, 0.0457, 0.0744, 0.026], [0.0864, 0.0717, 0.0605, 0.6323, 0.0687, 0.0306, 0.0498], [0.0382, 0.0831, 0.0362, 0.6806, 0.0643, 0.0367, 0.0609], [0.0726, 0.0439, 0.0678, 0.693, 0.038, 0.0534, 0.0314], [0.0607, 0.0537, 0.0788, 0.648, 0.0696, 0.0195, 0.0698], [0.0352, 0.0813, 0.074, 0.5933, 0.0613, 0.0805, 0.0744], [0.0152, 0.038, 0.0349, 0.7724, 0.0584, 0.0148, 0.0663], [0.063, 0.0582, 0.0408, 0.665, 0.054, 0.0531, 0.0658], [0.0578, 0.0667, 0.0816, 0.6683, 0.0666, 0.0333, 0.0257], [0.0484, 0.0234, 0.0409, 0.7444, 0.075, 0.0449, 0.0231], [0.0334, 0.0304, 0.0634, 0.6561, 0.0695, 0.0784, 0.0689], [0.0434, 0.0682, 0.0711, 0.7295, 0.0202, 0.0152, 0.0524], [0.0428, 0.0584, 0.0185, 0.6914, 0.0439, 0.0665, 0.0785], [0.0657, 0.0441, 0.0474, 0.7631, 0.0179, 0.0156, 0.0463], [0.0318, 0.0361, 0.0221, 0.7949, 0.0717, 0.0149, 0.0286], [0.0673, 0.0731, 0.0266, 0.6385, 0.066, 0.0601, 0.0684], [0.0501, 0.0728, 0.0554, 0.6289, 0.0543, 0.0891, 0.0495], [0.0331, 0.0146, 0.0139, 0.7838, 0.0669, 0.0507, 0.0369], [0.0366, 0.0605, 0.0501, 0.7028, 0.0369, 0.0503, 0.0629], [0.0459, 0.056, 0.0626, 0.7083, 0.0527, 0.0603, 0.0141], [0.0772, 0.015, 0.04, 0.6742, 0.0961, 0.0568, 0.0407], [0.0417, 0.0473, 0.0385, 0.7528, 0.0222, 0.0462, 0.0514], [0.0856, 0.0212, 0.0342, 0.6483, 0.0921, 0.0924, 0.026], [0.0337, 0.018, 0.0608, 0.803, 0.0459, 0.0241, 0.0144], [0.0713, 0.0505, 0.0344, 0.7116, 0.0142, 0.0878, 0.0302], [0.0306, 0.0756, 0.0422, 0.709, 0.0552, 0.0415, 0.046], [0.0892, 0.0668, 0.0432, 0.7068, 0.0145, 0.0425, 0.0371], [0.0327, 0.0494, 0.0548, 0.6805, 0.0911, 0.0423, 0.0492], [0.0289, 0.0236, 0.0719, 0.7571, 0.0451, 0.0402, 0.0331], [0.056, 0.0558, 0.0312, 0.725, 0.0165, 0.0699, 0.0456], [0.0311, 0.0583, 0.0305, 0.76, 0.0275, 0.0559, 0.0367], [0.014, 0.0149, 0.0775, 0.7228, 0.0379, 0.0648, 0.0682], [0.05, 0.023, 0.024, 0.7863, 0.0544, 0.0448, 0.0175], [0.0229, 0.0198, 0.0477, 0.7824, 0.0362, 0.0714, 0.0195], [0.0203, 0.0503, 0.0506, 0.7307, 0.0202, 0.0553, 0.0726], [0.0168, 0.0766, 0.0355, 0.7783, 0.0185, 0.0532, 0.0211], [0.0402, 0.0288, 0.0326, 0.7765, 0.037, 0.0659, 0.0191], [0.07, 0.0439, 0.0547, 0.685, 0.0561, 0.0221, 0.0682], [0.0454, 0.0399, 0.0179, 0.7263, 0.0681, 0.0705, 0.032], [0.0282, 0.0313, 0.0702, 0.7453, 0.0481, 0.0378, 0.0391], [0.0208, 0.0779, 0.0688, 0.6977, 0.0282, 0.0256, 0.0809], [0.0906, 0.0635, 0.0619, 0.653, 0.0314, 0.0811, 0.0185], [0.0714, 0.0211, 0.0722, 0.7125, 0.0233, 0.0804, 0.0192], [0.041, 0.05, 0.0251, 0.7463, 0.0389, 0.0705, 0.0281], [0.089, 0.0378, 0.0364, 0.6356, 0.0507, 0.0677, 0.0829], [0.055, 0.0266, 0.0551, 0.7068, 0.0708, 0.0417, 0.044], [0.0219, 0.0508, 0.0247, 0.7448, 0.0437, 0.0293, 0.0848], [0.0915, 0.0712, 0.0876, 0.6689, 0.0206, 0.041, 0.0191], [0.0512, 0.0281, 0.0517, 0.7184, 0.0618, 0.0186, 0.0702]], "emotions": ["green", "green", "green", "green", "green", "green", "green", "green", "green", "green", "green", "green", "green", "green", "green", "green", "green", "green", "green", "green", "green", "green", "green", "green", "green", "green", "green", "green", "green", "green", "green", "green", "green", "green", "green", "green", "green", "green", "green", "green", "green", "green", "green", "green", "green", "green", "green", "green", "green", "green", "green", "green", "green", "green", "green", "green", "green", "green", "green", "green", "green", "green", "green", "green", "green", "green", "green", "green", "green", "green", "green", "green", "green", "green", "green", "green", "green", "green", "green", "green"], "timestamps": [0, 40, 80, 120, 160, 200, 240, 280, 320, 360, 400, 440, 480, 520, 560, 600, 640, 680, 720, 760, 800, 840, 880, 920, 960, 1000, 1040, 1080, 1120, 1160, 1200, 1240, 1280, 1320, 1360, 1400, 1440, 1480, 1520, 1560, 1600, 1640, 1680, 1720, 1760, 1800, 1840, 1880, 1920, 1960, 2000, 2040, 2080, 2120, 2160, 2200, 2240, 2280, 2320, 2360, 2400, 2440, 2480, 2520, 2560, 2600, 2640, 2680, 2720, 2760, 2800, 2840, 2880, 2920, 2960, 3000, 3040, 3080, 3120, 3160]}], "conversation": [], "conversation_timestamps": []}