{"agent_id": "agent-red-496", "type": "red", "trips": [{"trip_id": 0, "transport_method": "car", "start_time": 0, "path": [[1.5210071, 42.5070076], [1.5208545, 42.5068756], [1.520702, 42.5067436], [1.5206146, 42.5066347], [1.5208162, 42.5066281], [1.5210178, 42.5066216], [1.5212194, 42.5066151], [1.5214211, 42.5066086], [1.5214943, 42.5066033], [1.5213297, 42.5067023], [1.5211836, 42.5068414], [1.5210367, 42.5069797], [1.5211196, 42.5068925], [1.5212607, 42.5067483], [1.5214017, 42.506604], [1.5215427, 42.5064598], [1.5216838, 42.5063156], [1.5218534, 42.5062831], [1.5220464, 42.5063419], [1.5222394, 42.5064006], [1.5224323, 42.5064594], [1.5226253, 42.5065181], [1.522819, 42.5065741], [1.5230176, 42.5066092], [1.5232163, 42.5066443], [1.523414, 42.5066834], [1.5236091, 42.5067346], [1.5238043, 42.5067857], [1.5239994, 42.5068369], [1.5241945, 42.506888], [1.5243941, 42.5068865], [1.524595, 42.5068686], [1.5247902, 42.5068822], [1.5249717, 42.5069703], [1.5251539, 42.5070558], [1.5253543, 42.5070791], [1.5255546, 42.5071024], [1.525755, 42.5071257], [1.5259554, 42.507149], [1.5261558, 42.5071723], [1.5263561, 42.5071956], [1.5265565, 42.5072189], [1.5266313, 42.50723], [1.5264302, 42.5072145], [1.526229, 42.5071989], [1.5260283, 42.5071802], [1.5258285, 42.5071518], [1.5256288, 42.5071235], [1.5254291, 42.5070951], [1.5252294, 42.5070668], [1.5252631, 42.5070645], [1.5254641, 42.5070811], [1.5256652, 42.5070976], [1.5258662, 42.5071141], [1.5260672, 42.5071306], [1.5262683, 42.5071471], [1.5264693, 42.5071636], [1.5266704, 42.5071801], [1.5268714, 42.5071966], [1.5270725, 42.5072132], [1.5272737, 42.5072273], [1.5274751, 42.5072392], [1.5276759, 42.5072578], [1.5278765, 42.5072793], [1.5280718, 42.507277], [1.5282448, 42.5071732], [1.5284178, 42.5070695], [1.5285908, 42.5069657], [1.5287637, 42.5068619], [1.5289367, 42.5067581], [1.5290997, 42.5066396], [1.5292596, 42.5065167], [1.5294196, 42.5063938], [1.5296121, 42.5064176], [1.5298091, 42.5064613], [1.530006, 42.5065049], [1.5302056, 42.5065228], [1.5304073, 42.5065203], [1.530609, 42.5065178], [1.5308107, 42.5065153]], "mood_vectors": [[0.746, 0.0394, 0.0656, 0.0545, 0.0492, 0.0283, 0.0171], [0.7147, 0.0671, 0.048, 0.0539, 0.077, 0.0179, 0.0215], [0.7644, 0.0137, 0.0475, 0.0395, 0.0322, 0.0782, 0.0246], [0.7042, 0.0771, 0.0791, 0.0576, 0.018, 0.0386, 0.0255], [0.6259, 0.0417, 0.0571, 0.0776, 0.0947, 0.0679, 0.035], [0.7611, 0.0321, 0.0673, 0.0372, 0.0316, 0.0549, 0.0157], [0.6567, 0.057, 0.0719, 0.0561, 0.0548, 0.045, 0.0585], [0.8426, 0.0197, 0.0236, 0.0399, 0.0133, 0.03, 0.0309], [0.7535, 0.0506, 0.018, 0.0606, 0.0629, 0.0172, 0.0371], [0.7528, 0.0235, 0.0562, 0.0458, 0.019, 0.0668, 0.0359], [0.6898, 0.0257, 0.0655, 0.029, 0.0759, 0.0711, 0.0431], [0.731, 0.0371, 0.0611, 0.0214, 0.0686, 0.0674, 0.0134], [0.6922, 0.0401, 0.0539, 0.0716, 0.0198, 0.0486, 0.0739], [0.7347, 0.0403, 0.038, 0.0763, 0.0193, 0.0776, 0.0139], [0.678, 0.0515, 0.0707, 0.02, 0.0714, 0.0911, 0.0172], [0.6892, 0.0759, 0.0685, 0.0351, 0.0519, 0.0409, 0.0385], [0.6425, 0.0697, 0.0701, 0.0654, 0.0281, 0.0583, 0.0659], [0.5562, 0.0886, 0.0828, 0.0877, 0.0405, 0.0625, 0.0817], [0.672, 0.0296, 0.0676, 0.0679, 0.0407, 0.0643, 0.058], [0.667, 0.0695, 0.0701, 0.0525, 0.0207, 0.0603, 0.0599], [0.6905, 0.0318, 0.0603, 0.0603, 0.0569, 0.0526, 0.0476], [0.6263, 0.0722, 0.0651, 0.056, 0.0695, 0.0513, 0.0595], [0.6868, 0.0164, 0.0573, 0.0817, 0.0345, 0.045, 0.0782], [0.6205, 0.0483, 0.0654, 0.0582, 0.0477, 0.0831, 0.0768], [0.6933, 0.0855, 0.0299, 0.0602, 0.0782, 0.036, 0.017], [0.7331, 0.0865, 0.0285, 0.0266, 0.0584, 0.0409, 0.0259], [0.6072, 0.0429, 0.0767, 0.0666, 0.0729, 0.0587, 0.0749], [0.696, 0.0548, 0.0855, 0.0722, 0.039, 0.0352, 0.0173], [0.6548, 0.0665, 0.0528, 0.0357, 0.0589, 0.0728, 0.0584], [0.684, 0.0679, 0.0623, 0.0721, 0.0168, 0.0438, 0.0531], [0.6579, 0.0682, 0.062, 0.0719, 0.0136, 0.0456, 0.0808], [0.6208, 0.0727, 0.0228, 0.0759, 0.0741, 0.0566, 0.0771], [0.6829, 0.0756, 0.0162, 0.063, 0.0709, 0.0363, 0.0552], [0.7279, 0.0626, 0.0491, 0.0268, 0.0319, 0.0621, 0.0397], [0.7968, 0.0403, 0.0475, 0.0396, 0.0176, 0.0213, 0.0368], [0.7542, 0.074, 0.0148, 0.0694, 0.0407, 0.0326, 0.0143], [0.7474, 0.0483, 0.0286, 0.0203, 0.0633, 0.0775, 0.0145], [0.6704, 0.0545, 0.0767, 0.0479, 0.0461, 0.074, 0.0304], [0.6696, 0.0831, 0.0289, 0.0271, 0.0432, 0.0794, 0.0687], [0.752, 0.0795, 0.0394, 0.043, 0.0158, 0.0536, 0.0167], [0.7791, 0.0207, 0.062, 0.0247, 0.0271, 0.0202, 0.0662], [0.8169, 0.0503, 0.0358, 0.031, 0.024, 0.0147, 0.0273], [0.7488, 0.0207, 0.0642, 0.0382, 0.0641, 0.0337, 0.0303], [0.6877, 0.0716, 0.0315, 0.029, 0.0565, 0.0809, 0.0428], [0.6911, 0.0551, 0.0278, 0.0834, 0.0519, 0.0578, 0.033], [0.6654, 0.0548, 0.0406, 0.0838, 0.0956, 0.0348, 0.0248], [0.6808, 0.0552, 0.0626, 0.0329, 0.0187, 0.0696, 0.0802], [0.7084, 0.0658, 0.0321, 0.034, 0.081, 0.0495, 0.0293], [0.699, 0.0382, 0.0369, 0.0505, 0.0411, 0.0592, 0.0751], [0.7334, 0.0212, 0.03, 0.0631, 0.0615, 0.0561, 0.0346], [0.7283, 0.0213, 0.0527, 0.0551, 0.0434, 0.0565, 0.0427], [0.7225, 0.0619, 0.0679, 0.0182, 0.0834, 0.0304, 0.0158], [0.7156, 0.059, 0.0241, 0.0768, 0.0126, 0.0709, 0.041], [0.688, 0.0331, 0.0343, 0.0876, 0.0683, 0.0271, 0.0616], [0.6719, 0.0684, 0.0757, 0.0765, 0.0243, 0.0671, 0.016], [0.6779, 0.0489, 0.0418, 0.0629, 0.0467, 0.0646, 0.0573], [0.6808, 0.0625, 0.0684, 0.0121, 0.0588, 0.0489, 0.0685], [0.6003, 0.0642, 0.0694, 0.074, 0.0655, 0.046, 0.0807], [0.6677, 0.0488, 0.0481, 0.0614, 0.0717, 0.0732, 0.0291], [0.6791, 0.0611, 0.0152, 0.06, 0.0483, 0.0582, 0.0782], [0.7434, 0.0221, 0.0302, 0.0485, 0.0201, 0.0872, 0.0485], [0.7193, 0.046, 0.0621, 0.0656, 0.0159, 0.0374, 0.0537], [0.6778, 0.0266, 0.0828, 0.0843, 0.0193, 0.0374, 0.0718], [0.7329, 0.0759, 0.0527, 0.0189, 0.065, 0.039, 0.0157], [0.6495, 0.0751, 0.0472, 0.0568, 0.031, 0.0657, 0.0747], [0.6934, 0.0674, 0.0322, 0.0499, 0.0656, 0.0555, 0.036], [0.604, 0.074, 0.0789, 0.0268, 0.0757, 0.0733, 0.0673], [0.636, 0.0624, 0.0609, 0.0759, 0.0778, 0.0368, 0.0503], [0.7558, 0.0484, 0.031, 0.0335, 0.0225, 0.0634, 0.0453], [0.6784, 0.0298, 0.0569, 0.0913, 0.0204, 0.0628, 0.0604], [0.6853, 0.0339, 0.0731, 0.0748, 0.0516, 0.0358, 0.0455], [0.6715, 0.0843, 0.0561, 0.0664, 0.0561, 0.043, 0.0225], [0.7172, 0.0415, 0.0475, 0.0295, 0.0404, 0.0524, 0.0715], [0.6807, 0.0391, 0.0552, 0.0577, 0.07, 0.0455, 0.0518], [0.8225, 0.0392, 0.0357, 0.0321, 0.0304, 0.0223, 0.0178], [0.6946, 0.0428, 0.0271, 0.0345, 0.0749, 0.0763, 0.0499], [0.6806, 0.0774, 0.033, 0.0605, 0.0249, 0.0754, 0.0482], [0.6967, 0.0803, 0.0663, 0.0164, 0.0346, 0.0636, 0.0422], [0.8063, 0.0389, 0.0369, 0.0202, 0.0531, 0.0306, 0.0139], [0.6571, 0.0498, 0.0702, 0.043, 0.0478, 0.0631, 0.0691]], "emotions": ["red", "red", "red", "red", "red", "red", "red", "red", "red", "red", "red", "red", "red", "red", "red", "red", "red", "red", "red", "red", "red", "red", "red", "red", "red", "red", "red", "red", "red", "red", "red", "red", "red", "red", "red", "red", "red", "red", "red", "red", "red", "red", "red", "red", "red", "red", "red", "red", "red", "red", "red", "red", "red", "red", "red", "red", "red", "red", "red", "red", "red", "red", "red", "red", "red", "red", "red", "red", "red", "red", "red", "red", "red", "red", "red", "red", "red", "red", "red", "red"], "timestamps": [0, 40, 80, 120, 160, 200, 240, 280, 320, 360, 400, 440, 480, 520, 560, 600, 640, 680, 720, 760, 800, 840, 880, 920, 960, 1000, 1040, 1080, 1120, 1160, 1200, 1240, 1280, 1320, 1360, 1400, 1440, 1480, 1520, 1560, 1600, 1640, 1680, 1720, 1760, 1800, 1840, 1880, 1920, 1960, 2000, 2040, 2080, 2120, 2160, 2200, 2240, 2280, 2320, 2360, 2400, 2440, 2480, 2520, 2560, 2600, 2640, 2680, 2720, 2760, 2800, 2840, 2880, 2920, 2960, 3000, 3040, 3080, 3120, 3160]}], "conversation": [], "conversation_timestamps": []}