{"agent_id": "agent-red-326", "type": "red", "trips": [{"trip_id": 0, "transport_method": "car", "start_time": 0, "path": [[1.540099, 42.5102616], [1.5403532, 42.5102778], [1.5406066, 42.510266], [1.5408613, 42.5102661], [1.540861, 42.5103101], [1.5407079, 42.5103679], [1.5409474, 42.5102838], [1.540772, 42.5102826], [1.5405181, 42.5103023], [1.5402641, 42.5103219], [1.5400102, 42.5103416], [1.5397563, 42.5103613], [1.5395024, 42.5103809], [1.5392481, 42.510387], [1.5390404, 42.5102465], [1.5388251, 42.5101105], [1.5385835, 42.5100607], [1.5383289, 42.5100539], [1.5380743, 42.510047], [1.5378197, 42.5100403], [1.5375651, 42.5100343], [1.5373108, 42.510023], [1.5370562, 42.5100312], [1.5368017, 42.5100394], [1.5365505, 42.5100202], [1.5363041, 42.5099592], [1.5360498, 42.5099447], [1.5357955, 42.5099301], [1.5355412, 42.5099156], [1.5352874, 42.5098956], [1.5350331, 42.5099016], [1.5347787, 42.5099124], [1.5345242, 42.5099203], [1.5342698, 42.509922], [1.5340165, 42.5099185], [1.5337654, 42.509876], [1.5335155, 42.5098278], [1.533273, 42.5097499], [1.5330233, 42.509702], [1.53277, 42.5096756], [1.5325175, 42.5096425], [1.5322743, 42.5095735], [1.5320381, 42.5094781], [1.531802, 42.5093828], [1.5315624, 42.5092971], [1.5313223, 42.509213], [1.5310852, 42.5091199], [1.5308482, 42.5090268], [1.5307838, 42.5088339], [1.5305352, 42.5088892], [1.5302975, 42.5088494], [1.5300696, 42.5087358], [1.5298384, 42.5086358], [1.5296371, 42.5085641], [1.5294659, 42.5084152], [1.52927, 42.5082757], [1.5291617, 42.508104], [1.5289413, 42.5079765], [1.5287541, 42.5078238], [1.5286405, 42.507634], [1.5284184, 42.5075095], [1.5281962, 42.5073849], [1.527965, 42.5072888], [1.5277118, 42.5072616], [1.5274582, 42.5072382], [1.527204, 42.5072232], [1.5269494, 42.5072249], [1.5266951, 42.5072348], [1.5264412, 42.5072153], [1.5261872, 42.5071957], [1.5259343, 42.5071669], [1.5256822, 42.5071311], [1.52543, 42.5070953], [1.5251778, 42.5070595], [1.5249458, 42.5069578], [1.5247496, 42.5068388], [1.5245225, 42.5067654], [1.5243643, 42.5067056], [1.5244827, 42.5064801], [1.5245313, 42.5062452]], "mood_vectors": [[0.6888, 0.0656, 0.0695, 0.0172, 0.0692, 0.05, 0.0397], [0.7788, 0.0576, 0.0288, 0.0154, 0.0663, 0.0322, 0.0208], [0.6437, 0.0673, 0.0425, 0.0403, 0.0669, 0.0641, 0.0753], [0.7401, 0.0923, 0.0313, 0.0258, 0.0585, 0.0347, 0.0173], [0.7137, 0.0802, 0.0385, 0.0468, 0.0594, 0.0352, 0.0262], [0.7249, 0.0367, 0.073, 0.04, 0.019, 0.0355, 0.071], [0.7473, 0.0328, 0.0296, 0.0633, 0.0539, 0.046, 0.0271], [0.7278, 0.0455, 0.019, 0.0799, 0.0662, 0.0331, 0.0285], [0.6325, 0.076, 0.0606, 0.0272, 0.062, 0.0752, 0.0667], [0.6907, 0.0446, 0.0284, 0.055, 0.0311, 0.0775, 0.0726], [0.6573, 0.0585, 0.0423, 0.0466, 0.0332, 0.0842, 0.078], [0.7442, 0.0216, 0.0701, 0.0408, 0.0291, 0.0171, 0.0771], [0.754, 0.0311, 0.0878, 0.0366, 0.0159, 0.0589, 0.0156], [0.7351, 0.0504, 0.0247, 0.0794, 0.0183, 0.0247, 0.0674], [0.7872, 0.0206, 0.0212, 0.0703, 0.0348, 0.0509, 0.015], [0.7747, 0.0502, 0.0651, 0.0207, 0.0295, 0.0363, 0.0235], [0.69, 0.0752, 0.0385, 0.0717, 0.0642, 0.012, 0.0483], [0.7483, 0.0407, 0.0492, 0.037, 0.0506, 0.0496, 0.0247], [0.803, 0.0256, 0.0596, 0.0148, 0.0209, 0.0415, 0.0346], [0.7069, 0.0344, 0.0566, 0.0292, 0.0711, 0.0588, 0.0432], [0.7293, 0.0484, 0.0716, 0.0605, 0.039, 0.0129, 0.0382], [0.8319, 0.0472, 0.0433, 0.0186, 0.0151, 0.0302, 0.0139], [0.7434, 0.0258, 0.0516, 0.0579, 0.0275, 0.0777, 0.0161], [0.6926, 0.0459, 0.0352, 0.0558, 0.0573, 0.0283, 0.085], [0.6925, 0.0574, 0.044, 0.0628, 0.0588, 0.0608, 0.0237], [0.6926, 0.0817, 0.0315, 0.0364, 0.0294, 0.0726, 0.0558], [0.6646, 0.0854, 0.0276, 0.0571, 0.0423, 0.0773, 0.0458], [0.6554, 0.0749, 0.0589, 0.0672, 0.031, 0.0465, 0.0662], [0.75, 0.0276, 0.0141, 0.0714, 0.0372, 0.0746, 0.0251], [0.7151, 0.0186, 0.0684, 0.0515, 0.046, 0.0743, 0.0261], [0.74, 0.0384, 0.0638, 0.0252, 0.0115, 0.0684, 0.0526], [0.7522, 0.052, 0.0311, 0.0453, 0.049, 0.0153, 0.0551], [0.7283, 0.0447, 0.0412, 0.0534, 0.0458, 0.0712, 0.0154], [0.7756, 0.0429, 0.0375, 0.0629, 0.0203, 0.0483, 0.0124], [0.7252, 0.0227, 0.0485, 0.0242, 0.0464, 0.0595, 0.0736], [0.8351, 0.0222, 0.0182, 0.0148, 0.0142, 0.0659, 0.0297], [0.6525, 0.0758, 0.0686, 0.0631, 0.0407, 0.0406, 0.0587], [0.7752, 0.0182, 0.0237, 0.0357, 0.0388, 0.0682, 0.0401], [0.7209, 0.0144, 0.0201, 0.0615, 0.0641, 0.0327, 0.0862], [0.7547, 0.0302, 0.0327, 0.0437, 0.0712, 0.0233, 0.0443], [0.6853, 0.0523, 0.066, 0.0138, 0.0688, 0.0686, 0.0452], [0.7735, 0.0204, 0.037, 0.0487, 0.0278, 0.0144, 0.0782], [0.7005, 0.0776, 0.0611, 0.0118, 0.0525, 0.064, 0.0324], [0.6779, 0.0576, 0.0539, 0.0611, 0.0627, 0.0304, 0.0565], [0.7769, 0.0322, 0.0581, 0.0153, 0.0256, 0.0669, 0.0251], [0.7207, 0.0385, 0.0224, 0.0332, 0.075, 0.0285, 0.0818], [0.7325, 0.057, 0.0207, 0.0405, 0.0557, 0.0397, 0.0539], [0.7059, 0.022, 0.0455, 0.0685, 0.0249, 0.0787, 0.0545], [0.7054, 0.0379, 0.0381, 0.0199, 0.0374, 0.0857, 0.0756], [0.6937, 0.0662, 0.0217, 0.0276, 0.0438, 0.0707, 0.0763], [0.684, 0.0291, 0.0749, 0.0489, 0.084, 0.0581, 0.0211], [0.7271, 0.0625, 0.0284, 0.0394, 0.0216, 0.0443, 0.0768], [0.6758, 0.077, 0.0647, 0.041, 0.0686, 0.0572, 0.0157], [0.7337, 0.0521, 0.0122, 0.068, 0.0632, 0.0379, 0.033], [0.6688, 0.0827, 0.0633, 0.05, 0.0799, 0.0378, 0.0177], [0.7739, 0.0266, 0.0381, 0.018, 0.0398, 0.0462, 0.0574], [0.7203, 0.0177, 0.0427, 0.039, 0.0407, 0.0792, 0.0605], [0.7072, 0.0559, 0.0275, 0.0518, 0.0379, 0.0514, 0.0682], [0.7392, 0.0461, 0.072, 0.0274, 0.0542, 0.0128, 0.0484], [0.8131, 0.0308, 0.0203, 0.0145, 0.0332, 0.0197, 0.0685], [0.6412, 0.0887, 0.061, 0.0988, 0.0274, 0.0331, 0.0499], [0.6575, 0.0767, 0.0832, 0.0394, 0.0702, 0.0492, 0.0238], [0.6457, 0.0609, 0.0721, 0.089, 0.015, 0.0704, 0.0469], [0.7205, 0.0557, 0.015, 0.0301, 0.0571, 0.0586, 0.063], [0.6345, 0.0568, 0.0545, 0.0628, 0.0707, 0.0534, 0.0672], [0.778, 0.0327, 0.0174, 0.0384, 0.0611, 0.0545, 0.0178], [0.7382, 0.0144, 0.0194, 0.072, 0.0808, 0.0221, 0.0532], [0.6375, 0.0906, 0.0209, 0.044, 0.0168, 0.0973, 0.0927], [0.7574, 0.045, 0.0343, 0.0342, 0.0363, 0.0207, 0.0722], [0.7034, 0.0407, 0.0416, 0.0185, 0.082, 0.0579, 0.0558], [0.6126, 0.0592, 0.0731, 0.0357, 0.0841, 0.0873, 0.048], [0.7047, 0.049, 0.0567, 0.0382, 0.049, 0.041, 0.0614], [0.7661, 0.026, 0.0209, 0.0243, 0.1052, 0.0395, 0.018], [0.72, 0.0417, 0.0331, 0.0302, 0.0258, 0.0685, 0.0807], [0.6416, 0.0572, 0.0266, 0.0773, 0.0535, 0.0662, 0.0776], [0.7355, 0.0236, 0.0202, 0.0702, 0.0153, 0.0644, 0.0707], [0.6674, 0.0899, 0.0436, 0.0617, 0.0617, 0.0281, 0.0475], [0.7021, 0.0645, 0.0417, 0.0844, 0.0254, 0.0186, 0.0634], [0.7166, 0.0537, 0.0658, 0.0619, 0.0156, 0.0573, 0.0291], [0.7111, 0.0543, 0.0267, 0.0574, 0.0271, 0.0403, 0.0831]], "emotions": ["red", "red", "red", "red", "red", "red", "red", "red", "red", "red", "red", "red", "red", "red", "red", "red", "red", "red", "red", "red", "red", "red", "red", "red", "red", "red", "red", "red", "red", "red", "red", "red", "red", "red", "red", "red", "red", "red", "red", "red", "red", "red", "red", "red", "red", "red", "red", "red", "red", "red", "red", "red", "red", "red", "red", "red", "red", "red", "red", "red", "red", "red", "red", "red", "red", "red", "red", "red", "red", "red", "red", "red", "red", "red", "red", "red", "red", "red", "red", "red"], "timestamps": [0, 40, 80, 120, 160, 200, 240, 280, 320, 360, 400, 440, 480, 520, 560, 600, 640, 680, 720, 760, 800, 840, 880, 920, 960, 1000, 1040, 1080, 1120, 1160, 1200, 1240, 1280, 1320, 1360, 1400, 1440, 1480, 1520, 1560, 1600, 1640, 1680, 1720, 1760, 1800, 1840, 1880, 1920, 1960, 2000, 2040, 2080, 2120, 2160, 2200, 2240, 2280, 2320, 2360, 2400, 2440, 2480, 2520, 2560, 2600, 2640, 2680, 2720, 2760, 2800, 2840, 2880, 2920, 2960, 3000, 3040, 3080, 3120, 3160]}], "conversation": [], "conversation_timestamps": []}