{"agent_id": "agent-green-1837", "type": "green", "trips": [{"trip_id": 0, "transport_method": "car", "start_time": 0, "path": [[1.522351, 42.5092848], [1.5239511, 42.5096556], [1.5255742, 42.5097245], [1.5268814, 42.5105936], [1.5260743, 42.5097891], [1.5275459, 42.5104563], [1.5290522, 42.5111352], [1.529006, 42.5113352], [1.527425, 42.5108874], [1.5282578, 42.5110692], [1.5298535, 42.5114981], [1.5309061, 42.5123879], [1.5302887, 42.5138705], [1.5294865, 42.5150746], [1.5282682, 42.5161448], [1.5268373, 42.5169712], [1.527146, 42.5168468], [1.5285992, 42.5161076], [1.5279201, 42.5164178], [1.5265347, 42.5173181], [1.5251492, 42.5182184], [1.5254489, 42.5179527], [1.52582, 42.51764], [1.5244775, 42.5186031], [1.5238147, 42.5199661], [1.5230924, 42.5214334], [1.5218953, 42.5225347], [1.5210655, 42.5239335], [1.5206072, 42.5254731], [1.5200538, 42.526967], [1.5205675, 42.5284139], [1.5201533, 42.5298987], [1.5197468, 42.5311781], [1.5197298, 42.532746], [1.5197304, 42.5342697], [1.5209384, 42.5353955], [1.5204835, 42.5364735], [1.5197327, 42.5379359], [1.5193447, 42.5395301], [1.5192232, 42.5410599], [1.5180523, 42.5417187], [1.5187386, 42.5414107], [1.5174456, 42.5423592], [1.5164654, 42.5436438], [1.5153348, 42.5448378], [1.5144396, 42.5460622], [1.5134338, 42.5473447], [1.5127725, 42.5487423], [1.5117057, 42.5498905], [1.5103723, 42.5508558], [1.5090904, 42.5518787], [1.5091118, 42.5518644], [1.5078527, 42.5529333], [1.5066681, 42.5540802], [1.5062299, 42.5556201], [1.5051775, 42.5568813], [1.5048063, 42.5584292], [1.5036135, 42.5594515], [1.5022161, 42.5602287], [1.5008477, 42.5611479], [1.4995738, 42.561718], [1.4979383, 42.5614851], [1.4963796, 42.561672], [1.4951703, 42.5627678], [1.4937878, 42.563591], [1.4923279, 42.5643047], [1.4911983, 42.5655073], [1.4900897, 42.5667203], [1.4889499, 42.5679097], [1.4887222, 42.5684964], [1.4882956, 42.5689295], [1.4872602, 42.5702034], [1.4868356, 42.5705445], [1.4866099, 42.5707113], [1.485235, 42.5715233], [1.4837168, 42.5719826], [1.482178, 42.5714118], [1.4810116, 42.5709809], [1.4810783, 42.5726268], [1.4809151, 42.5741849]], "mood_vectors": [[0.0396, 0.0763, 0.0576, 0.0565, 0.0158, 0.0696, 0.6846], [0.0517, 0.0704, 0.0546, 0.056, 0.0638, 0.0325, 0.671], [0.0313, 0.0591, 0.0565, 0.0286, 0.0225, 0.0737, 0.7283], [0.0413, 0.0376, 0.0788, 0.0594, 0.0676, 0.0444, 0.671], [0.0456, 0.0752, 0.0799, 0.0561, 0.0814, 0.0619, 0.5999], [0.0495, 0.0703, 0.0648, 0.0705, 0.0161, 0.0307, 0.6981], [0.0141, 0.0157, 0.0624, 0.0131, 0.0284, 0.0811, 0.7852], [0.0274, 0.0167, 0.0311, 0.0404, 0.0345, 0.0254, 0.8246], [0.0679, 0.0861, 0.0514, 0.0631, 0.0345, 0.0796, 0.6175], [0.0218, 0.0154, 0.072, 0.0596, 0.0734, 0.0772, 0.6807], [0.074, 0.0127, 0.0343, 0.0149, 0.0653, 0.0339, 0.7649], [0.0727, 0.0495, 0.039, 0.0612, 0.0291, 0.0634, 0.6849], [0.0342, 0.0409, 0.0343, 0.0291, 0.0734, 0.0247, 0.7633], [0.0888, 0.0567, 0.0802, 0.0336, 0.0441, 0.0228, 0.6737], [0.0398, 0.0187, 0.0514, 0.0607, 0.0197, 0.0619, 0.7478], [0.0246, 0.0706, 0.0269, 0.0288, 0.0741, 0.0744, 0.7006], [0.0583, 0.0738, 0.0688, 0.025, 0.0288, 0.0144, 0.7309], [0.0799, 0.0766, 0.0572, 0.0533, 0.0414, 0.0606, 0.631], [0.0461, 0.0272, 0.0279, 0.0225, 0.0633, 0.0667, 0.7461], [0.0308, 0.034, 0.0559, 0.0801, 0.0461, 0.0714, 0.6816], [0.011, 0.0627, 0.0687, 0.0732, 0.0374, 0.0418, 0.7053], [0.0905, 0.018, 0.0715, 0.0242, 0.0403, 0.0364, 0.7191], [0.0516, 0.0797, 0.0762, 0.0577, 0.0456, 0.0284, 0.6608], [0.0358, 0.074, 0.048, 0.0267, 0.0505, 0.0124, 0.7526], [0.0245, 0.0437, 0.0363, 0.0851, 0.0304, 0.0812, 0.6988], [0.0606, 0.0606, 0.0322, 0.0993, 0.0351, 0.0625, 0.6496], [0.028, 0.0155, 0.0283, 0.0492, 0.0996, 0.0276, 0.7518], [0.036, 0.04, 0.0371, 0.0399, 0.0655, 0.0728, 0.7086], [0.076, 0.0396, 0.0526, 0.068, 0.029, 0.0208, 0.714], [0.0739, 0.019, 0.0545, 0.023, 0.0616, 0.0669, 0.7011], [0.0219, 0.0463, 0.0333, 0.0417, 0.0582, 0.0633, 0.7352], [0.047, 0.055, 0.0764, 0.0263, 0.0792, 0.0227, 0.6932], [0.0743, 0.0263, 0.0307, 0.0575, 0.0337, 0.0405, 0.737], [0.0521, 0.0114, 0.0672, 0.0603, 0.0555, 0.0391, 0.7144], [0.0137, 0.0588, 0.0769, 0.0594, 0.0332, 0.0406, 0.7175], [0.0361, 0.0703, 0.0373, 0.0443, 0.0159, 0.0163, 0.7798], [0.0153, 0.0927, 0.0255, 0.0907, 0.0168, 0.0368, 0.7223], [0.0644, 0.051, 0.0479, 0.0371, 0.0437, 0.0316, 0.7242], [0.0602, 0.0732, 0.0293, 0.0289, 0.0366, 0.0653, 0.7065], [0.0821, 0.0317, 0.0812, 0.0405, 0.0316, 0.0611, 0.6719], [0.0675, 0.0147, 0.0727, 0.0485, 0.065, 0.0725, 0.6591], [0.0448, 0.0475, 0.0563, 0.0554, 0.0411, 0.0235, 0.7315], [0.0637, 0.0409, 0.0714, 0.0478, 0.0818, 0.0538, 0.6406], [0.0664, 0.0202, 0.037, 0.0723, 0.016, 0.0536, 0.7344], [0.0646, 0.0271, 0.0286, 0.0695, 0.032, 0.0642, 0.7141], [0.045, 0.0606, 0.0475, 0.0696, 0.0778, 0.0467, 0.6529], [0.0921, 0.0684, 0.0298, 0.0673, 0.0767, 0.0723, 0.5933], [0.0537, 0.0671, 0.0752, 0.0584, 0.0301, 0.0367, 0.6787], [0.0779, 0.0427, 0.0423, 0.0361, 0.0404, 0.0185, 0.7421], [0.0773, 0.0594, 0.0434, 0.0532, 0.0612, 0.024, 0.6815], [0.0168, 0.0769, 0.076, 0.0443, 0.0614, 0.0234, 0.7013], [0.0127, 0.0271, 0.0173, 0.072, 0.0245, 0.0776, 0.7689], [0.0906, 0.0292, 0.0182, 0.0238, 0.0443, 0.0886, 0.7054], [0.0393, 0.0631, 0.0603, 0.0199, 0.0141, 0.049, 0.7544], [0.0492, 0.0221, 0.0168, 0.022, 0.0493, 0.0679, 0.7727], [0.0638, 0.0359, 0.0502, 0.0734, 0.0136, 0.0292, 0.734], [0.043, 0.0612, 0.0229, 0.019, 0.0574, 0.0358, 0.7608], [0.0155, 0.0373, 0.0679, 0.0387, 0.0229, 0.0424, 0.7752], [0.0298, 0.0294, 0.0374, 0.0598, 0.0517, 0.0375, 0.7545], [0.0579, 0.0393, 0.0735, 0.0654, 0.0428, 0.0532, 0.6678], [0.0589, 0.0711, 0.0382, 0.0492, 0.0274, 0.0597, 0.6955], [0.0594, 0.077, 0.0244, 0.0207, 0.0817, 0.0385, 0.6983], [0.0195, 0.0325, 0.0389, 0.045, 0.0686, 0.051, 0.7446], [0.0467, 0.0301, 0.0413, 0.029, 0.0533, 0.0688, 0.7308], [0.0175, 0.0429, 0.0273, 0.0568, 0.0646, 0.0154, 0.7755], [0.0626, 0.0444, 0.0854, 0.0787, 0.0169, 0.0771, 0.6349], [0.0574, 0.0182, 0.0213, 0.0879, 0.0258, 0.0393, 0.7501], [0.0356, 0.0629, 0.0391, 0.0565, 0.0544, 0.0617, 0.6897], [0.0697, 0.0363, 0.0611, 0.0757, 0.0745, 0.0703, 0.6123], [0.0827, 0.0705, 0.0396, 0.046, 0.0424, 0.0285, 0.6904], [0.0406, 0.0419, 0.0562, 0.0748, 0.0342, 0.0526, 0.6997], [0.021, 0.0227, 0.0197, 0.037, 0.0521, 0.0331, 0.8144], [0.0625, 0.037, 0.0483, 0.0591, 0.0779, 0.0337, 0.6814], [0.0792, 0.0475, 0.0655, 0.0857, 0.0344, 0.0816, 0.6061], [0.0287, 0.0569, 0.0437, 0.04, 0.0819, 0.0598, 0.689], [0.0668, 0.0386, 0.0514, 0.0344, 0.0318, 0.0165, 0.7604], [0.0654, 0.0212, 0.0199, 0.0619, 0.0334, 0.0616, 0.7366], [0.0235, 0.0367, 0.0476, 0.0515, 0.0138, 0.0489, 0.7779], [0.0299, 0.0968, 0.083, 0.0619, 0.0735, 0.0777, 0.5772], [0.03, 0.09, 0.0701, 0.0875, 0.0375, 0.0539, 0.6309]], "emotions": ["purple", "purple", "purple", "purple", "purple", "purple", "purple", "purple", "purple", "purple", "purple", "purple", "purple", "purple", "purple", "purple", "purple", "purple", "purple", "purple", "purple", "purple", "purple", "purple", "purple", "purple", "purple", "purple", "purple", "purple", "purple", "purple", "purple", "purple", "purple", "purple", "purple", "purple", "purple", "purple", "purple", "purple", "purple", "purple", "purple", "purple", "purple", "purple", "purple", "purple", "purple", "purple", "purple", "purple", "purple", "purple", "purple", "purple", "purple", "purple", "purple", "purple", "purple", "purple", "purple", "purple", "purple", "purple", "purple", "purple", "purple", "purple", "purple", "purple", "purple", "purple", "purple", "purple", "purple", "purple"], "timestamps": [0, 40, 80, 120, 160, 200, 240, 280, 320, 360, 400, 440, 480, 520, 560, 600, 640, 680, 720, 760, 800, 840, 880, 920, 960, 1000, 1040, 1080, 1120, 1160, 1200, 1240, 1280, 1320, 1360, 1400, 1440, 1480, 1520, 1560, 1600, 1640, 1680, 1720, 1760, 1800, 1840, 1880, 1920, 1960, 2000, 2040, 2080, 2120, 2160, 2200, 2240, 2280, 2320, 2360, 2400, 2440, 2480, 2520, 2560, 2600, 2640, 2680, 2720, 2760, 2800, 2840, 2880, 2920, 2960, 3000, 3040, 3080, 3120, 3160]}], "conversation": [], "conversation_timestamps": []}