{
  "agent_id": "agent-type-blue-15",
  "type": "blue",
  "trips": [
    {
      "trip_id": 0,
      "transport_method": "stopped",
      "start_time": 0,
      "path": [
        [
          1.5214328,
          42.506931599999994
        ],
        [
          1.5214328,
          42.506931599999994
        ],
        [
          1.5214328,
          42.506931599999994
        ]
      ],
      "emotions": [
        "green",
        "green",
        "green"
      ],
      "mood_vectors": [
        [
          0.16206313994604885,
          0.15042829700144048,
          0.11830634348662411,
          0.1391179409709111,
          0.16962372476449442,
          0.07156271587556483,
          0.1888978379549163
        ],
        [
          0.18752842518491428,
          0.08046693185988478,
          0.05203226517054658,
          0.22551577754198193,
          0.19941878672198635,
          0.23216208367111202,
          0.022875729849574148
        ],
        [
          0.14042945840280435,
          0.0728826122723428,
          0.0011420671627189831,
          0.1894950024375793,
          0.17187695794968874,
          0.1892230581053388,
          0.23495084366952712
        ]
      ],
      "timestamps": [
        0,
        1,
        2
      ]
    },
    {
      "trip_id": 1,
      "transport_method": "car",
      "start_time": 3,
      "path": [
        [
          1.5214328,
          42.506931599999994
        ],
        [
          1.5215771683596089,
          42.50697701899271
        ],
        [
          1.5217215367192176,
          42.50702243798543
        ],
        [
          1.5218659050788266,
          42.50706785697814
        ],
        [
          1.5220102734384353,
          42.50711327597086
        ],
        [
          1.521980855108609,
          42.50722503264955
        ],
        [
          1.5219034725352352,
          42.50735509819262
        ],
        [
          1.5218260899618614,
          42.50748516373569
        ],
        [
          1.521676700329541,
          42.50747547476564
        ],
        [
          1.5215253752996951,
          42.5074730574329
        ],
        [
          1.5213740502698492,
          42.50747064010015
        ],
        [
          1.5212227252400032,
          42.5074682227674
        ],
        [
          1.5210714002101573,
          42.507465805434656
        ],
        [
          1.5209200751803114,
          42.50746338810191
        ],
        [
          1.5207687501504656,
          42.507460970769166
        ],
        [
          1.5206174251206197,
          42.50745855343642
        ],
        [
          1.5205993072964754,
          42.50745758450037
        ],
        [
          1.5207506491112646,
          42.50745845814318
        ],
        [
          1.520901990926054,
          42.50745933178598
        ],
        [
          1.5210533327408433,
          42.507460205428785
        ],
        [
          1.5212046745556325,
          42.50746107907159
        ],
        [
          1.5213560163704218,
          42.5074619527144
        ],
        [
          1.521507358185211,
          42.507462826357205
        ],
        [
          1.5216587000000004,
          42.50746370000001
        ]
      ],
      "emotions": [
        "purple",
        "purple",
        "red",
        "red",
        "red",
        "red",
        "red",
        "green",
        "green",
        "green",
        "green",
        "green",
        "red",
        "red",
        "red",
        "red",
        "red",
        "purple",
        "purple",
        "purple",
        "purple",
        "purple",
        "green",
        "green"
      ],
      "mood_vectors": [
        [
          0.07204834485572152,
          0.22191543455048965,
          0.17388133106948123,
          0.08772683808578004,
          0.13308628958338778,
          0.08089013472408066,
          0.23045162713105907
        ],
        [
          0.20137485084274906,
          0.11045684340712757,
          0.007544083326478941,
          0.27064299369464606,
          0.18441952881195978,
          0.1018064885680228,
          0.12375521134901574
        ],
        [
          0.22691526917054042,
          0.21754926657514184,
          0.11140576261123707,
          0.11012271212289443,
          0.12545202377278236,
          0.010253580522003551,
          0.1983013852254003
        ],
        [
          0.1442415092777249,
          0.04200364297869475,
          0.20394809149736662,
          0.20464504322206117,
          0.26578488335833844,
          0.12310970175667037,
          0.016267127909143805
        ],
        [
          0.2948848105204673,
          0.17888272329932783,
          0.03713786967674903,
          0.013353732139455923,
          0.23900417764876433,
          0.12120853196616974,
          0.11552815474906589
        ],
        [
          0.2844492043216737,
          0.04880557628812652,
          0.08736964799616992,
          0.30197475143537,
          0.22251628947299584,
          0.05205225440073346,
          0.0028322760849305716
        ],
        [
          0.17303163564683274,
          0.24575924393794643,
          0.19429730026802297,
          0.011159279662337988,
          0.23466371308450784,
          0.08455449872763822,
          0.05653432867271372
        ],
        [
          0.10150144356313993,
          0.14690741260056167,
          0.0884826816474625,
          0.217683743558339,
          0.18018453243425261,
          0.06243489204733381,
          0.20280529414891052
        ],
        [
          0.21473797335723704,
          0.13965524965543427,
          0.13136510737366017,
          0.04435197173869225,
          0.13131225078004385,
          0.09901667264526941,
          0.23956077444966312
        ],
        [
          0.0702209173013342,
          0.11479281852365202,
          0.06851797784736585,
          0.044625685000069346,
          0.273253834183841,
          0.12484879171000307,
          0.30373997543373443
        ],
        [
          0.199069886295399,
          0.07933210962689846,
          0.07188384848925526,
          0.029284427573687603,
          0.22383027415463003,
          0.22158746400598603,
          0.17501198985414362
        ],
        [
          0.08667502572597575,
          0.005804150522341312,
          0.0945399485286923,
          0.05367766067998286,
          0.1383928186394994,
          0.4130168930723276,
          0.20789350283118083
        ],
        [
          0.23734375069444633,
          0.04912972862097824,
          0.1993296548734574,
          0.0950804274928464,
          0.05508634327687891,
          0.16016145317122163,
          0.20386864187017104
        ],
        [
          0.09006382678266069,
          0.1414387056200395,
          0.19503045868546337,
          0.09450613141794395,
          0.1347701310428042,
          0.20521706485337454,
          0.13897368159771367
        ],
        [
          0.018370941950531263,
          0.20687669776613873,
          0.13036524203173255,
          0.2483570413501683,
          0.15632432165036828,
          0.037063210119286615,
          0.20264254513177418
        ],
        [
          0.2717934828483262,
          0.09791804392785203,
          0.17491424839970407,
          0.12074606374337488,
          0.22706626074083228,
          0.043347507383005995,
          0.06421439295690451
        ],
        [
          0.03725598857729313,
          0.09636277648183882,
          0.31226401637767237,
          0.08001589668255003,
          0.1673274696390446,
          0.019347107335068142,
          0.2874267449065329
        ],
        [
          0.03748341064179713,
          0.13155724259645085,
          0.2627050550992153,
          0.0444326947498702,
          0.27364051767524844,
          0.17982216123001526,
          0.07035891800740278
        ],
        [
          0.22589666590729793,
          0.1682894111979251,
          0.08098416140551905,
          0.1480122005480275,
          0.12636528063625418,
          0.20421308726357076,
          0.04623919304140552
        ],
        [
          0.17313642017598052,
          0.24133512516324443,
          0.08583016905763217,
          0.07287546896306107,
          0.280427433553755,
          0.12784512576589804,
          0.018550257320428785
        ],
        [
          0.05711530167598735,
          0.13598868779228673,
          0.22731485496611797,
          0.17266170134830855,
          0.050741275668537256,
          0.28371340773550646,
          0.07246477081325575
        ],
        [
          0.04516012177927727,
          0.10173134124455821,
          0.12371940356143067,
          0.11974215028340714,
          0.236373031193944,
          0.2008607543089936,
          0.17241319762838916
        ],
        [
          0.15018019366168692,
          0.16783309532025978,
          0.03381303579325606,
          0.1480253852359663,
          0.08153465093962792,
          0.3020966287793699,
          0.11651701026983313
        ],
        [
          0.21559038990911214,
          0.02555288504272334,
          0.06373266187143857,
          0.1124233342470109,
          0.16911452803010732,
          0.23050067469119181,
          0.18308552620841592
        ]
      ],
      "timestamps": [
        3,
        4,
        5,
        6,
        7,
        8,
        9,
        10,
        11,
        12,
        13,
        14,
        15,
        16,
        17,
        18,
        19,
        20,
        21,
        22,
        23,
        24,
        25,
        26
      ],
      "distance": 70.3
    },
    {
      "trip_id": 2,
      "transport_method": "foot",
      "start_time": 27,
      "path": [
        [
          1.5216587000000004,
          42.50746370000001
        ],
        [
          1.5207155923214812,
          42.50745825577272
        ],
        [
          1.521292831043448,
          42.507469342668415
        ],
        [
          1.5220346297632497,
          42.50713464757506
        ],
        [
          1.5217109341993074,
          42.50701910238075
        ],
        [
          1.5216740919440381,
          42.50742615630833
        ],
        [
          1.52126582100034,
          42.50676542662231
        ],
        [
          1.5213209916113757,
          42.50672292163793
        ],
        [
          1.521625878060061,
          42.507375898061134
        ],
        [
          1.5224758645800682,
          42.507435146732014
        ],
        [
          1.521934795798701,
          42.50671824248524
        ],
        [
          1.5221341429341084,
          42.50630693825044
        ],
        [
          1.523053628966663,
          42.50650353232093
        ],
        [
          1.523911307861289,
          42.50677076967179
        ],
        [
          1.524226853388251,
          42.50679522123325
        ],
        [
          1.5234497678002976,
          42.506518323990996
        ],
        [
          1.5238411141944004,
          42.505660227415596
        ],
        [
          1.5236413394114974,
          42.5060982691598
        ],
        [
          1.523045346472611,
          42.50650095534821
        ],
        [
          1.5221255523093626,
          42.506305737557895
        ],
        [
          1.5218684069450776,
          42.50560264133981
        ],
        [
          1.5222347697388654,
          42.50476443358237
        ],
        [
          1.5229040250593764,
          42.50462334376039
        ],
        [
          1.5238331727585543,
          42.50478211480304
        ],
        [
          1.5247259475563757,
          42.504859766430016
        ],
        [
          1.5254929188576494,
          42.50471104658748
        ],
        [
          1.5264156492132361,
          42.50490251444791
        ],
        [
          1.527146935800734,
          42.50517237023067
        ],
        [
          1.5279610838648663,
          42.50532315536426
        ],
        [
          1.5279428733063927,
          42.50557517305789
        ],
        [
          1.5270273735097168,
          42.50535677688167
        ],
        [
          1.5261581000000004,
          42.50517090000001
        ]
      ],
      "emotions": [
        "green",
        "green",
        "green",
        "red",
        "red",
        "red",
        "red",
        "red",
        "red",
        "red",
        "red",
        "red",
        "red",
        "red",
        "red",
        "red",
        "red",
        "red",
        "red",
        "red",
        "red",
        "red",
        "red",
        "green",
        "green",
        "green",
        "green",
        "green",
        "green",
        "green",
        "green",
        "green"
      ],
      "mood_vectors": [
        [
          0.06177351962054241,
          0.2710885346420508,
          0.19674077939989484,
          0.05299586742351316,
          0.19608110046689467,
          0.12035303047274704,
          0.10096716797435704
        ],
        [
          0.053354040892914754,
          0.11985963619190379,
          0.23447321816692698,
          0.24652775991410605,
          0.1259686924948875,
          0.056664299513072044,
          0.1631523528261888
        ],
        [
          0.07130533310441589,
          0.011183077877471592,
          0.1503257596767878,
          0.18306653953542987,
          0.14120804706332102,
          0.27559841245359595,
          0.16731283028897787
        ],
        [
          0.5258009857138402,
          0.06794273499266494,
          0.02488202061734835,
          0.2542450899031091,
          0.028971020137725755,
          0.03476574482496318,
          0.06339240381034845
        ],
        [
          0.16595998608921234,
          0.030947788351496586,
          0.12424542905809215,
          0.24596289274548308,
          0.018845678832575673,
          0.16626725368215534,
          0.24777097124098488
        ],
        [
          0.17588734185755978,
          0.23708303235003425,
          0.06812609011697107,
          0.14536721264041746,
          0.1797006845513349,
          0.0938928094536767,
          0.09994282903000586
        ],
        [
          0.018703839915899023,
          0.08762135317622195,
          0.04633523769449841,
          0.2772716990564814,
          0.1524573952255221,
          0.3094485569877941,
          0.10816191794358294
        ],
        [
          0.03924575036834593,
          0.24942827113430913,
          0.21967930248099454,
          0.16447467433540944,
          0.0031064227005137258,
          0.16100083963603906,
          0.16306473934438814
        ],
        [
          0.1618654877032083,
          0.025956607252384644,
          0.22309739564486705,
          0.16125373412552776,
          0.1306666144274966,
          0.27348026503816475,
          0.023679895808350837
        ],
        [
          0.22091230405499798,
          0.2899245611275676,
          0.11710215135594643,
          0.039036909682485986,
          0.16542265101963588,
          0.08214302534574501,
          0.08545839741362116
        ],
        [
          0.009889975441654562,
          0.3037302823602308,
          0.10020890558784248,
          0.2417520151053823,
          0.2945371724614032,
          0.03997226733865448,
          0.009909381704832156
        ],
        [
          0.21229916648775576,
          0.03210721772753421,
          0.07468428032864297,
          0.23827754877147264,
          0.1903845541049531,
          0.09070987573218006,
          0.16153735684746123
        ],
        [
          0.14485053238221346,
          0.07434362485213228,
          0.2008171931214703,
          0.23409924874530466,
          0.17303793343158602,
          0.03722016658333146,
          0.13563130088396189
        ],
        [
          0.02069069060325922,
          0.06651622461394402,
          0.11186999834966663,
          0.23387338157830773,
          0.1595535170223621,
          0.08207752997535929,
          0.325418657857101
        ],
        [
          0.13255477578084712,
          0.06766439133255885,
          0.03844979364310203,
          0.10060560103251774,
          0.15026996677338234,
          0.2732004467258767,
          0.23725502471171517
        ],
        [
          0.0022206964043203687,
          0.17147849079998875,
          0.08496257590968474,
          0.3573717533461697,
          0.33218252218352995,
          0.029839635070860362,
          0.021944326285446073
        ],
        [
          0.20677204479819128,
          0.20760517921137991,
          0.11368138287124405,
          0.015585736693029303,
          0.1338185959707613,
          0.2085806895283435,
          0.11395637092705065
        ],
        [
          0.138715547624948,
          0.19785859970003974,
          0.042208483855289046,
          0.05182054005562247,
          0.18035112533478406,
          0.23481286108715696,
          0.15423284234215973
        ],
        [
          0.21026887663153654,
          0.03391651591969601,
          0.03843622687539106,
          0.23034739340042523,
          0.13919186713979012,
          0.20351147763720015,
          0.14432764239596088
        ],
        [
          0.216171586809822,
          0.045721294949771646,
          0.2839454794269163,
          0.11234150838574622,
          0.09587890618560467,
          0.21547848349735932,
          0.030462740744779886
        ],
        [
          0.1997864662684029,
          0.09859008675105083,
          0.21716679358553065,
          0.10866054211505588,
          0.055203307575630696,
          0.21731142807211787,
          0.10328137563221107
        ],
        [
          0.09971469279402581,
          0.14650893345337263,
          0.2636550768197327,
          0.18908025746187443,
          0.22510485128865276,
          0.0741569420834373,
          0.001779246098904281
        ],
        [
          0.204085207293908,
          0.12435940996772114,
          2.6500294470707303e-05,
          0.06603418631269597,
          0.24063490638932955,
          0.10317737685202526,
          0.2616824128898494
        ],
        [
          0.0037876170340714025,
          0.10435976323443986,
          0.04349418370471337,
          0.2701853537485345,
          0.22301015360971352,
          0.259867782631803,
          0.09529514603672444
        ],
        [
          0.13794318287471607,
          0.17059496116587375,
          0.18309329900504936,
          0.15211620789686833,
          0.1893155188048969,
          0.10388481377271565,
          0.06305201647988007
        ],
        [
          0.17849479847096417,
          0.07933491766618399,
          0.07188266507888659,
          0.1663235885278733,
          0.17230624830906363,
          0.1983710063543141,
          0.13328677559271415
        ],
        [
          0.05956127277512858,
          0.13204437136370067,
          0.2216261777510892,
          0.17583209844679648,
          0.16507197900929396,
          0.12795840796573374,
          0.11790569268825744
        ],
        [
          0.22828277932828148,
          0.25248663054038717,
          0.05388225343993159,
          0.1520424884448004,
          0.25554529500975626,
          0.007021752971336545,
          0.050738800265506624
        ],
        [
          0.1750148218166326,
          0.2523338159769292,
          0.024166590421505367,
          0.005971232270914751,
          0.09156347488234397,
          0.19772812266088569,
          0.25322194197078834
        ],
        [
          0.10684469910073431,
          0.25657607841364855,
          0.09927696749311654,
          0.07546222018343174,
          0.15178558719470434,
          0.14873578230312073,
          0.16131866531124375
        ],
        [
          0.13150920312037354,
          0.23532398992540837,
          0.04184559658723733,
          0.2666092215927156,
          0.018976115321249067,
          0.16955279458850267,
          0.13618307886451342
        ],
        [
          0.1319416454258671,
          0.18394407598836085,
          0.08383409973832352,
          0.290707939599696,
          0.12583000486374904,
          0.13566262753198802,
          0.048079606852015414
        ]
      ],
      "timestamps": [
        27,
        28,
        29,
        30,
        31,
        32,
        33,
        34,
        35,
        36,
        37,
        38,
        39,
        40,
        41,
        42,
        43,
        44,
        45,
        46,
        47,
        48,
        49,
        50,
        51,
        52,
        53,
        54,
        55,
        56,
        57,
        58
      ],
      "distance": 704.3
    },
    {
      "trip_id": 3,
      "transport_method": "bicycle",
      "start_time": 59,
      "path": [
        [
          1.5261581000000004,
          42.50517090000001
        ],
        [
          1.5267104996431446,
          42.50530734060358
        ],
        [
          1.5273254767712985,
          42.5054032847111
        ],
        [
          1.527924645735801,
          42.50556981889189
        ],
        [
          1.5282793041936773,
          42.50541134482239
        ],
        [
          1.5278062424349337,
          42.505193209227706
        ],
        [
          1.5271846030329135,
          42.50517735273133
        ],
        [
          1.5265819911653264,
          42.50508750742924
        ],
        [
          1.5261606994073704,
          42.504836211442786
        ],
        [
          1.5255489363671628,
          42.50472154617971
        ],
        [
          1.5251007350886268,
          42.50490658112948
        ],
        [
          1.5244831182516199,
          42.5048294346288
        ],
        [
          1.5239077603126763,
          42.504796650261135
        ],
        [
          1.5232968364792039,
          42.50467759477148
        ],
        [
          1.5226799974474738,
          42.50459576578468
        ],
        [
          1.5220613235414113,
          42.504529517434236
        ],
        [
          1.5217026195541334,
          42.50445828634132
        ],
        [
          1.521962036295037,
          42.50475905585087
        ],
        [
          1.5214278298012782,
          42.50485224370308
        ],
        [
          1.5208439086767667,
          42.50464351910996
        ],
        [
          1.5202771943560203,
          42.50444148309264
        ],
        [
          1.5198893490302834,
          42.50456168152082
        ],
        [
          1.5194488427121287,
          42.50452599640101
        ],
        [
          1.5188496721956548,
          42.504362827638644
        ],
        [
          1.5186012897902552,
          42.50492212786189
        ],
        [
          1.518546663134851,
          42.505022483311095
        ],
        [
          1.5186461643190614,
          42.505407526523015
        ],
        [
          1.5185278262677087,
          42.505722836096005
        ],
        [
          1.5185422079541333,
          42.50553615555512
        ],
        [
          1.5184690984691867,
          42.50595096510562
        ],
        [
          1.5187824682620537,
          42.50646818809481
        ],
        [
          1.518799694024868,
          42.50683730719549
        ],
        [
          1.5193465033287905,
          42.5071329209104
        ],
        [
          1.519910813699224,
          42.50739359436522
        ],
        [
          1.5199241554759555,
          42.507628267537356
        ],
        [
          1.519366749377153,
          42.50790462587423
        ],
        [
          1.5188062675563732,
          42.50817529591043
        ],
        [
          1.5183263305891315,
          42.50803346786771
        ],
        [
          1.5183845506260247,
          42.507457006357626
        ],
        [
          1.5184131246869876,
          42.50735024682118
        ],
        [
          1.5182521999999998,
          42.5079515
        ]
      ],
      "emotions": [
        "green",
        "purple",
        "purple",
        "purple",
        "purple",
        "purple",
        "red",
        "red",
        "red",
        "red",
        "red",
        "green",
        "green",
        "green",
        "green",
        "green",
        "purple",
        "purple",
        "purple",
        "purple",
        "purple",
        "green",
        "green",
        "green",
        "green",
        "green",
        "purple",
        "purple",
        "purple",
        "purple",
        "purple",
        "green",
        "green",
        "green",
        "green",
        "green",
        "green",
        "green",
        "green",
        "green",
        "green"
      ],
      "mood_vectors": [
        [
          0.17673314684906513,
          0.12324648065156942,
          0.24294606758467702,
          0.21811190990631626,
          0.18039144825884285,
          0.022898355847643163,
          0.035672590901886216
        ],
        [
          0.18272261702366113,
          0.2469072657306992,
          0.10743026573410351,
          0.19724110273279818,
          0.03303568888794315,
          0.17430136304484484,
          0.05836169684594993
        ],
        [
          0.15511823644947825,
          0.16299369031031433,
          0.17319221832643852,
          0.0560771715347975,
          0.16904832539151016,
          0.0751293763189884,
          0.20844098166847289
        ],
        [
          0.10164346812964145,
          0.05622398941565915,
          0.09266239076444913,
          0.030308056253281496,
          0.20788801882650182,
          0.228736513677283,
          0.282537562933184
        ],
        [
          0.15568563715532746,
          0.1479951879166229,
          0.214253022711282,
          0.14142857178953397,
          0.007640277931980295,
          0.13219667019766201,
          0.20080063229759143
        ],
        [
          0.22152456782072102,
          0.1442962412605845,
          0.1412591520998923,
          0.19751806291912713,
          0.17327919377271941,
          0.0998844995382077,
          0.02223828258874806
        ],
        [
          0.17637197062161994,
          0.1329487236761458,
          0.014283132472168232,
          0.25830007154475537,
          0.06242447092049811,
          0.2676455582580895,
          0.0880260725067231
        ],
        [
          0.30032478872888546,
          0.2995494459954602,
          0.10695825476506195,
          0.002634485504819248,
          0.14692045402174314,
          0.05706679962088146,
          0.0865457713631485
        ],
        [
          0.30125903776805746,
          0.16872534480321363,
          0.020976219960715865,
          0.22838862632113277,
          0.001761170788497801,
          0.24008445912158385,
          0.03880514123679863
        ],
        [
          0.05189162975208149,
          0.23905179853314779,
          0.2543798120489049,
          0.12885704920373198,
          0.18227720318674867,
          0.11813562462124365,
          0.025406882654141514
        ],
        [
          0.2717780285331882,
          0.0343571669204145,
          0.20396226579082005,
          0.0857479325807835,
          0.12126920584407129,
          0.050234155647781366,
          0.232651244682941
        ],
        [
          0.11982198220907243,
          0.18275968472205603,
          0.18942963401606303,
          0.061593616795385366,
          0.14031641718160426,
          0.1915063103002581,
          0.11457235477556071
        ],
        [
          0.04567985463901963,
          0.20750891894267354,
          0.10562514936414993,
          0.06740703689923529,
          0.14893811313566296,
          0.19509741453538446,
          0.2297435124838741
        ],
        [
          0.18431266232611077,
          0.043235683054455715,
          0.14615703259568036,
          0.17483287747529108,
          0.19971211120146762,
          0.19892139833163733,
          0.05282823501535718
        ],
        [
          0.23723385759766513,
          0.2018719453535366,
          0.20714574567158184,
          0.10532057137773612,
          0.013716296969352625,
          0.16991649296599642,
          0.06479509006413131
        ],
        [
          0.21728770571449396,
          0.01031504718995722,
          0.06913000680659857,
          0.3211889448536347,
          0.2873088293256759,
          0.05933730876100767,
          0.035432157348631976
        ],
        [
          0.08746042448282317,
          0.0512059398097125,
          0.23960195117133423,
          0.20789853742537007,
          0.15579752826713544,
          0.20508846089518543,
          0.05294715794843908
        ],
        [
          0.09348874787932827,
          0.09182331906018142,
          0.10545690184656344,
          0.24926893490415353,
          0.07410663320026453,
          0.24677939499427437,
          0.13907606811523446
        ],
        [
          0.25374491001323435,
          0.11114316734619414,
          0.11492650435680465,
          0.11858843051052993,
          0.020972261637269705,
          0.2120667730579072,
          0.16855795307806007
        ],
        [
          0.18771289823627688,
          0.24961380297899982,
          0.006474240920427579,
          0.13239498704430902,
          0.189667744570729,
          0.21034470700067145,
          0.0237916192485862
        ],
        [
          0.03806299872402129,
          0.21181878950738092,
          0.0484505804096424,
          0.05923604006694662,
          0.23051848337810574,
          0.19833009356480424,
          0.21358301434909874
        ],
        [
          0.08480228494072331,
          0.01433960606221275,
          0.27093098276744365,
          0.05260719297510931,
          0.11684724328982106,
          0.11629533289782441,
          0.3441773570668655
        ],
        [
          0.17252300675914148,
          0.044771658667811125,
          0.08624143456523813,
          0.2520257778542075,
          0.0024915710002336544,
          0.1685370297310421,
          0.27340952142232594
        ],
        [
          0.19803689088167198,
          0.20649407637918185,
          0.21730065356863518,
          0.027459184834959512,
          0.19554377653519542,
          0.05770507029656766,
          0.09746034750378837
        ],
        [
          0.024889910843080308,
          0.10837919518942465,
          0.20220468549901566,
          0.24504329199371602,
          0.18399284390912812,
          0.22849072467921672,
          0.006999347886418499
        ],
        [
          0.013691488861644494,
          0.3148927197390958,
          0.24608765749880424,
          0.06768950117140617,
          0.12402020017898718,
          0.030551395677520018,
          0.20306703687254204
        ],
        [
          0.10466171442470788,
          0.00946070791656392,
          0.135450558076518,
          0.04967826467378625,
          0.054337229411379105,
          0.30194704136894274,
          0.3444644841281022
        ],
        [
          0.2643647132842642,
          0.18698334534665176,
          0.09362416661971996,
          0.1273616702987316,
          0.1653796274015303,
          0.03983097260263044,
          0.12245550444647173
        ],
        [
          0.18581398848536382,
          0.08517084119581392,
          0.0535877012142467,
          0.21665948572990953,
          0.06339426473125542,
          0.17205234986313384,
          0.2233213687802768
        ],
        [
          0.03264835441171372,
          0.054879134221624576,
          0.2187381331414605,
          0.18011886497040688,
          0.1572690276041939,
          0.16793259690595125,
          0.18841388874464912
        ],
        [
          0.008878118876539345,
          0.025166269238404954,
          0.1277275917285975,
          0.021427755902862146,
          0.34949734702384044,
          0.1000684955766688,
          0.36723442165308695
        ],
        [
          0.04167019598373269,
          0.19923519729885192,
          0.24336766550643296,
          0.2416667529093392,
          0.07094478228961476,
          0.10505230701371202,
          0.09806309899831639
        ],
        [
          0.21027153497102066,
          0.23305554312663732,
          0.15602800238335787,
          0.21868155713864257,
          0.020012019473192644,
          0.013876506146425136,
          0.14807483676072378
        ],
        [
          0.17429240937550639,
          0.21469620916624388,
          0.0999414557354074,
          0.2470400551320607,
          0.17473908441011302,
          0.07731497456847113,
          0.011975811612197483
        ],
        [
          0.19109669219734907,
          0.17421575849103665,
          0.00944533130139152,
          0.22416530851969488,
          0.10243240605599681,
          0.15844405958624933,
          0.1402004438482818
        ],
        [
          0.020010757438924307,
          0.15268148361272055,
          0.05842775914236402,
          0.05049481732729887,
          0.3052269036055067,
          0.16902418041522765,
          0.24413409845795792
        ],
        [
          0.12628882986110068,
          0.1739672634804988,
          0.035183317273679474,
          0.09508026197607299,
          0.23387880214896412,
          0.23983521852273731,
          0.09576630673694662
        ],
        [
          0.20316178413734087,
          0.13909949008514844,
          0.17459709222663017,
          0.15854461448388402,
          0.12057133058153278,
          0.01776620565227002,
          0.18625948283319374
        ],
        [
          0.2508214717328322,
          0.2811371835934264,
          0.1473906696943046,
          0.17001954313072076,
          0.0018235994181748072,
          0.04718552547439163,
          0.10162200695614965
        ],
        [
          0.10354726507265623,
          0.04535108160827754,
          0.07435307274990592,
          0.1914824267132755,
          0.20067919226749156,
          0.16077772288883418,
          0.22380923869955902
        ],
        [
          0.13732416589605698,
          0.1997505810469908,
          0.24168731067197405,
          0.026462281561451615,
          0.25498504060244204,
          0.13505515614624097,
          0.004735464074843582
        ]
      ],
      "timestamps": [
        59,
        60,
        61,
        62,
        63,
        64,
        65,
        66,
        67,
        68,
        69,
        70,
        71,
        72,
        73,
        74,
        75,
        76,
        77,
        78,
        79,
        80,
        81,
        82,
        83,
        84,
        85,
        86,
        87,
        88,
        89,
        90,
        91,
        92,
        93,
        94,
        95,
        96,
        97,
        98,
        99
      ],
      "distance": 805.6
    }
  ],
  "conversation": [
    "Need to remember to pick up groceries.",
    "What a day!",
    "There's a temple hidden back here? No way."
  ],
  "conversation_timestamps": [
    16,
    41,
    64
  ]
}
