{"agent_id": "agent-red-841", "type": "red", "trips": [{"trip_id": 0, "transport_method": "foot", "start_time": 0, "path": [[1.5334563, 42.514621], [1.5338228, 42.5145329], [1.5341893, 42.5144448], [1.5345559, 42.5143566], [1.5349242, 42.5142784], [1.5352986, 42.5142346], [1.5350407, 42.5142858], [1.5346699, 42.5143539], [1.5342992, 42.5144221], [1.5339284, 42.5144902], [1.5335577, 42.5145583], [1.5331986, 42.5145359], [1.5328326, 42.514625], [1.5324832, 42.5147633], [1.5321509, 42.5149413], [1.5318408, 42.5151551], [1.5315116, 42.5152925], [1.5315235, 42.5150658], [1.531806, 42.5148164], [1.5320503, 42.5145292], [1.532346, 42.5143063], [1.5326548, 42.5140906], [1.5329926, 42.5139255], [1.5333597, 42.5138428], [1.5337169, 42.5137226], [1.5340148, 42.5135308], [1.5341056, 42.5133823], [1.5339838, 42.513573], [1.5341357, 42.5132279], [1.5342876, 42.5128829], [1.5340449, 42.5126932], [1.5337466, 42.5124673], [1.5335992, 42.5121236], [1.5335289, 42.5117587], [1.5333734, 42.5114563], [1.5332612, 42.5110988], [1.5329346, 42.5109195], [1.5325764, 42.5108021], [1.5322168, 42.5106889], [1.5318586, 42.5105716], [1.5315033, 42.510446], [1.5311555, 42.510301], [1.5307983, 42.5101962], [1.5304265, 42.5102483], [1.530053, 42.5101975], [1.529678, 42.5101658], [1.52933, 42.5101455], [1.5290581, 42.5098844], [1.5287862, 42.5096233], [1.5285143, 42.5093622], [1.5286963, 42.5095635], [1.5289918, 42.509791], [1.5292193, 42.5100831], [1.5292743, 42.5100935], [1.5290008, 42.5098341], [1.5287272, 42.5095748], [1.5284537, 42.5093154], [1.5281801, 42.509056], [1.5278923, 42.5088137], [1.5275669, 42.5086244], [1.5272066, 42.5085232], [1.5268298, 42.5085171], [1.5264548, 42.5084828], [1.5260877, 42.5083973], [1.5257525, 42.508251], [1.5254518, 42.5080815], [1.525093, 42.5079658], [1.5247281, 42.5078711], [1.5243594, 42.5077934], [1.5239838, 42.5077742], [1.5236075, 42.5077956], [1.5232321, 42.5078292], [1.5228762, 42.5077678], [1.5225007, 42.5077351], [1.5221251, 42.5077025], [1.5218321, 42.5075922], [1.5214912, 42.5075209], [1.5211144, 42.5075091], [1.5207376, 42.5074973], [1.5203811, 42.50739]], "mood_vectors": [[0.7439, 0.0359, 0.019, 0.0755, 0.0693, 0.0311, 0.0253], [0.6499, 0.0559, 0.0192, 0.0279, 0.0741, 0.1019, 0.071], [0.6634, 0.0652, 0.0123, 0.048, 0.0701, 0.0736, 0.0673], [0.6533, 0.0301, 0.0791, 0.0696, 0.033, 0.0522, 0.0827], [0.748, 0.0182, 0.0284, 0.0662, 0.0125, 0.0751, 0.0515], [0.6978, 0.0698, 0.0766, 0.061, 0.0225, 0.0307, 0.0417], [0.7008, 0.0549, 0.0439, 0.0309, 0.0687, 0.0589, 0.0419], [0.7036, 0.0685, 0.0526, 0.0828, 0.0317, 0.0394, 0.0214], [0.7408, 0.0153, 0.0762, 0.0128, 0.0767, 0.0252, 0.053], [0.8342, 0.0227, 0.0178, 0.0346, 0.0253, 0.0434, 0.0221], [0.6583, 0.0501, 0.0321, 0.0696, 0.0826, 0.0232, 0.0841], [0.6546, 0.0727, 0.0678, 0.0709, 0.0554, 0.0559, 0.0228], [0.7208, 0.0693, 0.0375, 0.051, 0.0411, 0.0614, 0.0188], [0.7115, 0.0449, 0.044, 0.0758, 0.0127, 0.0511, 0.06], [0.7185, 0.0271, 0.016, 0.0454, 0.0503, 0.074, 0.0687], [0.6827, 0.0396, 0.0452, 0.0809, 0.0647, 0.0219, 0.065], [0.7297, 0.044, 0.0254, 0.0955, 0.0498, 0.0234, 0.0321], [0.7278, 0.028, 0.0757, 0.0478, 0.0161, 0.0539, 0.0507], [0.7151, 0.0256, 0.0415, 0.0456, 0.0491, 0.0699, 0.0532], [0.7341, 0.0436, 0.0385, 0.0247, 0.0366, 0.0786, 0.044], [0.6294, 0.0773, 0.043, 0.0815, 0.0814, 0.015, 0.0723], [0.716, 0.044, 0.0452, 0.0542, 0.0268, 0.0567, 0.0571], [0.7463, 0.0128, 0.0672, 0.0754, 0.0204, 0.034, 0.0438], [0.7363, 0.075, 0.0457, 0.0302, 0.0708, 0.023, 0.0191], [0.7534, 0.067, 0.0587, 0.0381, 0.0341, 0.0229, 0.0258], [0.7434, 0.0357, 0.0228, 0.0554, 0.0219, 0.0666, 0.0542], [0.7506, 0.0546, 0.0243, 0.0287, 0.0365, 0.0714, 0.0339], [0.6551, 0.0835, 0.0667, 0.0503, 0.0897, 0.0326, 0.0221], [0.6594, 0.0295, 0.086, 0.0384, 0.033, 0.0779, 0.0758], [0.6866, 0.0484, 0.0453, 0.0334, 0.072, 0.0727, 0.0416], [0.6584, 0.0264, 0.096, 0.0198, 0.0934, 0.0526, 0.0534], [0.6397, 0.0764, 0.0632, 0.0194, 0.0594, 0.0518, 0.0901], [0.6916, 0.0843, 0.0632, 0.0811, 0.0168, 0.0347, 0.0283], [0.7399, 0.0264, 0.0815, 0.0449, 0.0455, 0.0198, 0.0419], [0.6902, 0.0214, 0.0409, 0.0229, 0.055, 0.0806, 0.0891], [0.7837, 0.0292, 0.0308, 0.0381, 0.0229, 0.0295, 0.0657], [0.6144, 0.0455, 0.0878, 0.0837, 0.0696, 0.0392, 0.0598], [0.7385, 0.0276, 0.0811, 0.0506, 0.0262, 0.0395, 0.0365], [0.6879, 0.0668, 0.0614, 0.0293, 0.072, 0.0414, 0.0411], [0.7437, 0.0338, 0.0431, 0.0242, 0.0489, 0.0188, 0.0875], [0.738, 0.052, 0.0729, 0.0314, 0.026, 0.0251, 0.0547], [0.6261, 0.0173, 0.0212, 0.0731, 0.0908, 0.0738, 0.0977], [0.7325, 0.0208, 0.0154, 0.0425, 0.0587, 0.072, 0.0581], [0.6537, 0.0531, 0.0523, 0.0801, 0.0675, 0.0703, 0.0229], [0.7054, 0.0149, 0.0483, 0.0656, 0.0641, 0.0513, 0.0506], [0.7668, 0.019, 0.0236, 0.0466, 0.0416, 0.0802, 0.0223], [0.6847, 0.0948, 0.0277, 0.026, 0.0183, 0.1032, 0.0452], [0.7049, 0.0185, 0.0381, 0.0538, 0.057, 0.0854, 0.0424], [0.6657, 0.0676, 0.0639, 0.0514, 0.0716, 0.0645, 0.0153], [0.6768, 0.0737, 0.0626, 0.0329, 0.0486, 0.0367, 0.0685], [0.7184, 0.069, 0.0525, 0.0242, 0.0808, 0.0137, 0.0414], [0.6956, 0.0789, 0.0387, 0.05, 0.0519, 0.0151, 0.0698], [0.7628, 0.0607, 0.0551, 0.0346, 0.0317, 0.018, 0.0372], [0.7067, 0.0421, 0.0613, 0.0496, 0.0157, 0.0507, 0.074], [0.7466, 0.0616, 0.0367, 0.0575, 0.0376, 0.019, 0.041], [0.7221, 0.0407, 0.0482, 0.0194, 0.0864, 0.068, 0.0152], [0.74, 0.0436, 0.0388, 0.0763, 0.0211, 0.0358, 0.0444], [0.6543, 0.0313, 0.0805, 0.0761, 0.021, 0.0941, 0.0427], [0.7217, 0.0257, 0.0449, 0.0677, 0.0654, 0.0309, 0.0436], [0.7069, 0.0434, 0.0448, 0.0814, 0.0359, 0.0405, 0.047], [0.6667, 0.0735, 0.0524, 0.0248, 0.0368, 0.0873, 0.0584], [0.682, 0.0209, 0.0697, 0.1045, 0.0174, 0.0677, 0.0377], [0.7104, 0.0399, 0.0344, 0.0335, 0.0731, 0.0603, 0.0485], [0.6925, 0.0714, 0.0321, 0.0701, 0.0656, 0.0347, 0.0336], [0.7674, 0.0636, 0.0408, 0.013, 0.028, 0.048, 0.0392], [0.7568, 0.0147, 0.0399, 0.0258, 0.0752, 0.0327, 0.0548], [0.7749, 0.0295, 0.0564, 0.0532, 0.0373, 0.029, 0.0197], [0.5925, 0.0778, 0.0702, 0.0744, 0.0771, 0.0269, 0.0813], [0.6767, 0.0472, 0.0529, 0.056, 0.0711, 0.0584, 0.0377], [0.7871, 0.0327, 0.0672, 0.0132, 0.0475, 0.0256, 0.0268], [0.7457, 0.025, 0.0408, 0.0354, 0.0494, 0.0508, 0.0528], [0.6687, 0.0458, 0.0197, 0.0831, 0.0435, 0.0553, 0.0839], [0.7138, 0.0474, 0.0198, 0.0545, 0.0197, 0.0648, 0.08], [0.7416, 0.0137, 0.0321, 0.0342, 0.0424, 0.062, 0.074], [0.7404, 0.0383, 0.0414, 0.0266, 0.0426, 0.0771, 0.0335], [0.6834, 0.022, 0.0518, 0.0545, 0.0617, 0.0565, 0.07], [0.7907, 0.0184, 0.0513, 0.0846, 0.021, 0.0136, 0.0203], [0.6691, 0.0525, 0.0726, 0.0511, 0.0832, 0.033, 0.0384], [0.6848, 0.0344, 0.1006, 0.042, 0.0638, 0.0375, 0.037], [0.7357, 0.0345, 0.0423, 0.0204, 0.0242, 0.0378, 0.1051]], "emotions": ["red", "red", "red", "red", "red", "red", "red", "red", "red", "red", "red", "red", "red", "red", "red", "red", "red", "red", "red", "red", "red", "red", "red", "red", "red", "red", "red", "red", "red", "red", "red", "red", "red", "red", "red", "red", "red", "red", "red", "red", "red", "red", "red", "red", "red", "red", "red", "red", "red", "red", "red", "red", "red", "red", "red", "red", "red", "red", "red", "red", "red", "red", "red", "red", "red", "red", "red", "red", "red", "red", "red", "red", "red", "red", "red", "red", "red", "red", "red", "red"], "timestamps": [0, 40, 80, 120, 160, 200, 240, 280, 320, 360, 400, 440, 480, 520, 560, 600, 640, 680, 720, 760, 800, 840, 880, 920, 960, 1000, 1040, 1080, 1120, 1160, 1200, 1240, 1280, 1320, 1360, 1400, 1440, 1480, 1520, 1560, 1600, 1640, 1680, 1720, 1760, 1800, 1840, 1880, 1920, 1960, 2000, 2040, 2080, 2120, 2160, 2200, 2240, 2280, 2320, 2360, 2400, 2440, 2480, 2520, 2560, 2600, 2640, 2680, 2720, 2760, 2800, 2840, 2880, 2920, 2960, 3000, 3040, 3080, 3120, 3160]}], "conversation": [], "conversation_timestamps": []}