{"agent_id": "agent-orange-733", "type": "orange", "trips": [{"trip_id": 0, "transport_method": "car", "start_time": 0, "path": [[1.5370604, 42.5107434], [1.5362382, 42.5109799], [1.5358566, 42.5117364], [1.5359537, 42.5124492], [1.5351666, 42.5128151], [1.5342655, 42.5131336], [1.5335702, 42.5137724], [1.5326316, 42.5141054], [1.5318707, 42.5147403], [1.5312784, 42.515261], [1.5306526, 42.5157263], [1.5297869, 42.5162068], [1.5289212, 42.5167061], [1.5280475, 42.51683], [1.5271352, 42.5172477], [1.5262127, 42.5176409], [1.5254464, 42.5182847], [1.52465, 42.5188952], [1.5239765, 42.5195913], [1.5236619, 42.520533], [1.5231405, 42.521387], [1.5223303, 42.5219751], [1.5218068, 42.522808], [1.5212952, 42.5236552], [1.5207283, 42.5244792], [1.5207771, 42.5254465], [1.5206618, 42.5264159], [1.5205999, 42.5273899], [1.5210417, 42.5282512], [1.52156, 42.5290547], [1.5217818, 42.5297024], [1.5212406, 42.5304991], [1.5210096, 42.5312682], [1.521153, 42.5321725], [1.521127, 42.5330465], [1.5208438, 42.533807], [1.5214065, 42.5345807], [1.5222435, 42.5350989], [1.5228422, 42.5359023], [1.5235404, 42.5364896], [1.5245076, 42.5367247], [1.5251147, 42.5371384], [1.5247393, 42.5375805], [1.5238057, 42.5378516], [1.5231366, 42.5384772], [1.5231541, 42.5394738], [1.5233641, 42.5404285], [1.5233841, 42.5407715], [1.522912, 42.5416341], [1.5229153, 42.5426113], [1.5232883, 42.5435319], [1.5237154, 42.5444289], [1.5241403, 42.5453241], [1.5246306, 42.5461984], [1.5253637, 42.5468586], [1.5262859, 42.5471758], [1.5269786, 42.5475563], [1.527197, 42.548181], [1.5281071, 42.5480859], [1.5290962, 42.5482217], [1.5300251, 42.5485887], [1.5309272, 42.5490285], [1.5307986, 42.5490207], [1.5298331, 42.5489757], [1.5295979, 42.5483868], [1.530479, 42.5488672], [1.53136, 42.5493476], [1.532247, 42.5498163], [1.5331388, 42.550275], [1.5340703, 42.5505992], [1.5349723, 42.5509235], [1.5356603, 42.551654], [1.5363483, 42.5523845], [1.5363026, 42.5519563], [1.5355735, 42.5512799], [1.5348093, 42.5507511], [1.535487, 42.5514912], [1.5361647, 42.5522313], [1.5368209, 42.5529886], [1.5367738, 42.5537563]], "mood_vectors": [[0.0229, 0.0298, 0.0597, 0.0378, 0.698, 0.0731, 0.0786], [0.0333, 0.0412, 0.0654, 0.0862, 0.6552, 0.0514, 0.0673], [0.0627, 0.0732, 0.0648, 0.0755, 0.6195, 0.0353, 0.069], [0.0239, 0.0849, 0.0704, 0.0572, 0.6472, 0.0594, 0.057], [0.0463, 0.0822, 0.0234, 0.0829, 0.7095, 0.0187, 0.0369], [0.0714, 0.0278, 0.0476, 0.0564, 0.7332, 0.0504, 0.0132], [0.0563, 0.0455, 0.0423, 0.0644, 0.6992, 0.0372, 0.0552], [0.0679, 0.0759, 0.0335, 0.0659, 0.717, 0.0259, 0.0139], [0.0831, 0.0894, 0.0473, 0.0524, 0.6335, 0.0479, 0.0464], [0.0587, 0.068, 0.0494, 0.0684, 0.626, 0.0767, 0.0528], [0.0325, 0.0731, 0.06, 0.034, 0.6414, 0.0798, 0.0792], [0.0719, 0.0201, 0.0845, 0.0233, 0.7406, 0.0146, 0.045], [0.0916, 0.0401, 0.0408, 0.0424, 0.636, 0.0714, 0.0778], [0.0163, 0.0675, 0.0438, 0.0788, 0.7248, 0.0553, 0.0137], [0.0441, 0.058, 0.0222, 0.0618, 0.7294, 0.0619, 0.0225], [0.0713, 0.0234, 0.0574, 0.0526, 0.6791, 0.064, 0.0523], [0.0637, 0.0452, 0.0291, 0.0626, 0.6729, 0.0765, 0.0499], [0.0769, 0.0539, 0.0115, 0.0385, 0.6726, 0.0705, 0.0761], [0.0409, 0.0863, 0.0196, 0.0168, 0.7252, 0.0682, 0.043], [0.038, 0.032, 0.045, 0.0668, 0.6729, 0.0637, 0.0815], [0.0488, 0.0284, 0.0537, 0.0139, 0.743, 0.0668, 0.0454], [0.0726, 0.0586, 0.0377, 0.0476, 0.7129, 0.0124, 0.0581], [0.0201, 0.0552, 0.0426, 0.0502, 0.7039, 0.0434, 0.0846], [0.0163, 0.0269, 0.0701, 0.0712, 0.7515, 0.0492, 0.0146], [0.0666, 0.0446, 0.0464, 0.055, 0.6298, 0.0886, 0.0691], [0.0265, 0.1015, 0.0859, 0.0283, 0.65, 0.0905, 0.0173], [0.0501, 0.0691, 0.0686, 0.0963, 0.6254, 0.072, 0.0186], [0.0758, 0.048, 0.0526, 0.0403, 0.6813, 0.0323, 0.0696], [0.0385, 0.0541, 0.0151, 0.0684, 0.7131, 0.0632, 0.0477], [0.0276, 0.0346, 0.0688, 0.0181, 0.728, 0.0815, 0.0413], [0.0285, 0.0386, 0.0464, 0.03, 0.7359, 0.0875, 0.0332], [0.0539, 0.0685, 0.052, 0.0444, 0.6599, 0.0647, 0.0567], [0.0517, 0.0209, 0.0466, 0.0278, 0.7069, 0.0622, 0.0838], [0.0979, 0.0861, 0.034, 0.0547, 0.6113, 0.0802, 0.0359], [0.048, 0.0778, 0.0368, 0.0722, 0.6751, 0.0334, 0.0567], [0.0561, 0.0371, 0.0823, 0.0496, 0.6794, 0.0509, 0.0448], [0.022, 0.0589, 0.0497, 0.0525, 0.7173, 0.0255, 0.0741], [0.0139, 0.0286, 0.0862, 0.0417, 0.6695, 0.0867, 0.0734], [0.0518, 0.0318, 0.0503, 0.0614, 0.7268, 0.0301, 0.0478], [0.0603, 0.0445, 0.0727, 0.0435, 0.6422, 0.0702, 0.0667], [0.0481, 0.0444, 0.0116, 0.0274, 0.7645, 0.0402, 0.0638], [0.0347, 0.0154, 0.0617, 0.0336, 0.7353, 0.0784, 0.0409], [0.0641, 0.0341, 0.045, 0.0425, 0.7691, 0.0229, 0.0223], [0.077, 0.072, 0.0758, 0.0214, 0.6646, 0.0119, 0.0772], [0.0309, 0.0175, 0.0239, 0.0281, 0.8344, 0.042, 0.0232], [0.0228, 0.075, 0.0359, 0.0676, 0.6416, 0.0735, 0.0837], [0.0686, 0.0303, 0.0216, 0.0622, 0.7199, 0.0451, 0.0523], [0.0277, 0.0622, 0.031, 0.0412, 0.6937, 0.0845, 0.0597], [0.0227, 0.063, 0.0376, 0.0392, 0.7166, 0.0496, 0.0714], [0.0567, 0.0192, 0.0436, 0.0422, 0.7198, 0.047, 0.0715], [0.0641, 0.0247, 0.069, 0.0743, 0.713, 0.0347, 0.0202], [0.0277, 0.0793, 0.032, 0.0612, 0.7143, 0.06, 0.0254], [0.0307, 0.0159, 0.0258, 0.0587, 0.7789, 0.0668, 0.0232], [0.0351, 0.075, 0.0213, 0.048, 0.6776, 0.0823, 0.0607], [0.0702, 0.0611, 0.05, 0.081, 0.6328, 0.0442, 0.0607], [0.058, 0.0333, 0.0372, 0.0503, 0.7668, 0.026, 0.0284], [0.0467, 0.0198, 0.0164, 0.0637, 0.7796, 0.0191, 0.0546], [0.0495, 0.0717, 0.0489, 0.0577, 0.6632, 0.0836, 0.0253], [0.0568, 0.0731, 0.0517, 0.0744, 0.6341, 0.0417, 0.0682], [0.0552, 0.0663, 0.0581, 0.0166, 0.667, 0.069, 0.0677], [0.0603, 0.0166, 0.0325, 0.0423, 0.7418, 0.0425, 0.0639], [0.048, 0.0925, 0.0851, 0.0384, 0.6291, 0.0415, 0.0654], [0.0314, 0.0418, 0.0576, 0.0438, 0.7085, 0.0573, 0.0596], [0.0536, 0.0548, 0.068, 0.054, 0.6774, 0.0331, 0.059], [0.0734, 0.0143, 0.0338, 0.0299, 0.7436, 0.0691, 0.0358], [0.0333, 0.0499, 0.0791, 0.0485, 0.7029, 0.0733, 0.013], [0.0264, 0.0351, 0.0775, 0.0395, 0.7455, 0.0193, 0.0567], [0.0962, 0.062, 0.0542, 0.0164, 0.6454, 0.0846, 0.0413], [0.0463, 0.0465, 0.0535, 0.0754, 0.7027, 0.0245, 0.0511], [0.0683, 0.014, 0.037, 0.0561, 0.705, 0.0649, 0.0548], [0.0431, 0.0331, 0.0324, 0.0673, 0.7621, 0.0181, 0.0438], [0.0533, 0.0232, 0.0195, 0.0698, 0.6854, 0.0691, 0.0797], [0.053, 0.0285, 0.0332, 0.0433, 0.6747, 0.0881, 0.0793], [0.0172, 0.0409, 0.0149, 0.0406, 0.7983, 0.0489, 0.0393], [0.0132, 0.0535, 0.0761, 0.0171, 0.7469, 0.0565, 0.0368], [0.0408, 0.0251, 0.0634, 0.0221, 0.75, 0.0232, 0.0753], [0.0663, 0.0619, 0.0546, 0.0754, 0.6404, 0.0823, 0.0192], [0.0797, 0.0175, 0.0527, 0.0754, 0.7261, 0.0328, 0.0159], [0.0631, 0.0818, 0.0429, 0.0791, 0.6189, 0.0824, 0.0317], [0.0471, 0.0351, 0.027, 0.0767, 0.675, 0.0934, 0.0457]], "emotions": ["red", "red", "red", "red", "red", "red", "red", "red", "red", "red", "red", "red", "red", "red", "red", "red", "red", "red", "red", "red", "red", "red", "red", "red", "red", "red", "red", "red", "red", "red", "red", "red", "red", "red", "red", "red", "red", "red", "red", "red", "red", "red", "red", "red", "red", "red", "red", "red", "red", "red", "red", "red", "red", "red", "red", "red", "red", "red", "red", "red", "red", "red", "red", "red", "red", "red", "red", "red", "red", "red", "red", "red", "red", "red", "red", "red", "red", "red", "red", "red"], "timestamps": [0, 40, 80, 120, 160, 200, 240, 280, 320, 360, 400, 440, 480, 520, 560, 600, 640, 680, 720, 760, 800, 840, 880, 920, 960, 1000, 1040, 1080, 1120, 1160, 1200, 1240, 1280, 1320, 1360, 1400, 1440, 1480, 1520, 1560, 1600, 1640, 1680, 1720, 1760, 1800, 1840, 1880, 1920, 1960, 2000, 2040, 2080, 2120, 2160, 2200, 2240, 2280, 2320, 2360, 2400, 2440, 2480, 2520, 2560, 2600, 2640, 2680, 2720, 2760, 2800, 2840, 2880, 2920, 2960, 3000, 3040, 3080, 3120, 3160]}], "conversation": [], "conversation_timestamps": []}