{"agent_id": "agent-red-1256", "type": "red", "trips": [{"trip_id": 0, "transport_method": "foot", "start_time": 0, "path": [[1.4889025, 42.4614895], [1.4894668, 42.4626544], [1.4893019, 42.4627542], [1.4895325, 42.461912], [1.4893804, 42.4638995], [1.4902409, 42.4653808], [1.4918386, 42.4665085], [1.491665, 42.4682833], [1.4919964, 42.4702116], [1.4911498, 42.4720088], [1.4905061, 42.47386], [1.4908579, 42.475795], [1.4904375, 42.4777035], [1.4901255, 42.4796722], [1.4898134, 42.4816409], [1.4894069, 42.4803127], [1.4899556, 42.4784644], [1.4905819, 42.4766665], [1.4904872, 42.4782923], [1.4903298, 42.4802793], [1.4901724, 42.4822663], [1.4909567, 42.4840419], [1.4923356, 42.4852503], [1.4931332, 42.4870739], [1.4941032, 42.4888151], [1.4950532, 42.490566], [1.4963882, 42.4919642], [1.49791, 42.4932377], [1.4988459, 42.4947453], [1.4998634, 42.4959864], [1.5016176, 42.4968059], [1.5033883, 42.4977085], [1.5052018, 42.4985342], [1.5069887, 42.4994157], [1.5087668, 42.5003013], [1.5091951, 42.5005083], [1.5110044, 42.5013448], [1.510534, 42.5012168], [1.511777, 42.501801], [1.5133649, 42.5029947], [1.5147584, 42.504398], [1.516245, 42.5055345], [1.5178838, 42.5062924], [1.5195711, 42.507292], [1.5215026, 42.5075213], [1.5233511, 42.507815], [1.5253089, 42.5080414], [1.5271668, 42.508522], [1.5287626, 42.5096351], [1.5296348, 42.5110643], [1.5309716, 42.5122928], [1.5303869, 42.5140727], [1.5291316, 42.5155108], [1.5274824, 42.5165986], [1.5268079, 42.5170597], [1.5285487, 42.5161453], [1.5276871, 42.5165692], [1.5260157, 42.5176553], [1.5249165, 42.5183944], [1.526106, 42.5174355], [1.5244857, 42.5185963], [1.5237218, 42.5202817], [1.5225471, 42.5218224], [1.5214803, 42.5234462], [1.520723, 42.5251586], [1.5205781, 42.5270845], [1.5214091, 42.5287755], [1.5213365, 42.5301796], [1.5209786, 42.5318718], [1.5207232, 42.5334933], [1.5219772, 42.5348341], [1.523186, 42.5363403], [1.5250781, 42.5368451], [1.5241722, 42.5376567], [1.5231612, 42.5390452], [1.5235063, 42.5407307], [1.5237986, 42.5405109], [1.5251139, 42.5390233], [1.5269929, 42.5385912], [1.52541, 42.5388863]], "mood_vectors": [[0.6759, 0.1012, 0.0272, 0.0274, 0.0482, 0.0379, 0.0822], [0.7299, 0.0608, 0.0651, 0.0212, 0.0781, 0.0234, 0.0215], [0.7481, 0.0132, 0.0282, 0.0694, 0.0327, 0.0465, 0.0619], [0.7366, 0.0617, 0.0401, 0.0553, 0.0284, 0.0167, 0.0613], [0.6966, 0.0189, 0.0247, 0.0708, 0.0686, 0.0806, 0.0398], [0.72, 0.0365, 0.0553, 0.0167, 0.0761, 0.0404, 0.0552], [0.7334, 0.0314, 0.0566, 0.0517, 0.057, 0.0275, 0.0423], [0.7433, 0.0198, 0.0245, 0.0643, 0.0486, 0.0688, 0.0307], [0.659, 0.0194, 0.0534, 0.0717, 0.0624, 0.0629, 0.0712], [0.7503, 0.0755, 0.0193, 0.0569, 0.0237, 0.0308, 0.0435], [0.6609, 0.0454, 0.0959, 0.035, 0.0464, 0.0489, 0.0675], [0.6354, 0.0385, 0.0684, 0.0699, 0.0773, 0.0892, 0.0212], [0.758, 0.0761, 0.0226, 0.0199, 0.0547, 0.0437, 0.025], [0.6775, 0.0802, 0.0726, 0.066, 0.04, 0.0332, 0.0305], [0.712, 0.0373, 0.0556, 0.0468, 0.0224, 0.0403, 0.0856], [0.697, 0.0355, 0.0676, 0.03, 0.0719, 0.0415, 0.0566], [0.7132, 0.023, 0.0881, 0.0396, 0.066, 0.041, 0.029], [0.7217, 0.0357, 0.0652, 0.0552, 0.0458, 0.0648, 0.0116], [0.6749, 0.056, 0.0548, 0.044, 0.0623, 0.0482, 0.0598], [0.6821, 0.0483, 0.0736, 0.0686, 0.0438, 0.0388, 0.0447], [0.7313, 0.0556, 0.0575, 0.0334, 0.0374, 0.0609, 0.0239], [0.6944, 0.0367, 0.0673, 0.0227, 0.0443, 0.0481, 0.0864], [0.69, 0.0316, 0.0845, 0.0409, 0.0276, 0.0383, 0.0871], [0.7221, 0.0804, 0.0572, 0.0463, 0.0562, 0.0196, 0.0182], [0.6603, 0.0616, 0.0459, 0.0342, 0.0731, 0.0908, 0.0341], [0.6872, 0.0866, 0.079, 0.0231, 0.0222, 0.0788, 0.0231], [0.6267, 0.0831, 0.0815, 0.0675, 0.0519, 0.0229, 0.0663], [0.6004, 0.0217, 0.0859, 0.0694, 0.0749, 0.0699, 0.0779], [0.7308, 0.0741, 0.0189, 0.0388, 0.0457, 0.0143, 0.0773], [0.7584, 0.0196, 0.0247, 0.069, 0.0257, 0.0757, 0.0269], [0.6882, 0.0722, 0.0303, 0.0525, 0.0835, 0.0398, 0.0336], [0.7174, 0.0161, 0.0758, 0.0509, 0.0766, 0.04, 0.0231], [0.6784, 0.0372, 0.0521, 0.0804, 0.0433, 0.0865, 0.0221], [0.6858, 0.0629, 0.0327, 0.0676, 0.062, 0.067, 0.0219], [0.6958, 0.0229, 0.0297, 0.0378, 0.1025, 0.0397, 0.0716], [0.6256, 0.0782, 0.0807, 0.0489, 0.0712, 0.0341, 0.0613], [0.5636, 0.0691, 0.0563, 0.0571, 0.0837, 0.0855, 0.0848], [0.7855, 0.0776, 0.0195, 0.0201, 0.0374, 0.0397, 0.0202], [0.6717, 0.0727, 0.0289, 0.066, 0.0449, 0.087, 0.0288], [0.7189, 0.027, 0.043, 0.0229, 0.0696, 0.0771, 0.0414], [0.6709, 0.0577, 0.053, 0.0293, 0.0623, 0.0615, 0.0653], [0.724, 0.0489, 0.0192, 0.0581, 0.0509, 0.0591, 0.0399], [0.6589, 0.0624, 0.0879, 0.0473, 0.0594, 0.0182, 0.0659], [0.6717, 0.0563, 0.0532, 0.0614, 0.0811, 0.0525, 0.0238], [0.7534, 0.0575, 0.0363, 0.0357, 0.0805, 0.022, 0.0146], [0.7483, 0.0185, 0.0548, 0.0705, 0.0232, 0.0242, 0.0606], [0.6567, 0.0534, 0.0595, 0.0421, 0.0816, 0.059, 0.0477], [0.5971, 0.06, 0.0637, 0.0858, 0.0846, 0.049, 0.0599], [0.701, 0.0355, 0.0495, 0.0726, 0.0422, 0.0388, 0.0605], [0.7248, 0.0175, 0.0398, 0.046, 0.0366, 0.0542, 0.0812], [0.6593, 0.0717, 0.056, 0.0235, 0.0646, 0.0793, 0.0455], [0.6349, 0.016, 0.0711, 0.0778, 0.0574, 0.0868, 0.0562], [0.7547, 0.0313, 0.0643, 0.0344, 0.0447, 0.0317, 0.0389], [0.6894, 0.0511, 0.0507, 0.0763, 0.0521, 0.0513, 0.029], [0.6185, 0.0557, 0.0792, 0.0684, 0.0797, 0.0618, 0.0366], [0.7197, 0.0425, 0.0542, 0.0121, 0.0312, 0.0821, 0.0582], [0.6347, 0.0634, 0.0595, 0.0263, 0.0883, 0.0886, 0.0391], [0.7003, 0.0495, 0.0575, 0.0196, 0.0324, 0.0624, 0.0784], [0.7166, 0.0175, 0.0375, 0.0385, 0.0883, 0.0237, 0.0779], [0.7691, 0.0144, 0.04, 0.0546, 0.0416, 0.043, 0.0374], [0.7073, 0.0442, 0.0338, 0.0368, 0.0577, 0.0595, 0.0607], [0.7269, 0.0404, 0.0831, 0.015, 0.0155, 0.0499, 0.0691], [0.7056, 0.0601, 0.0525, 0.0264, 0.0459, 0.0766, 0.0329], [0.6807, 0.0607, 0.0504, 0.042, 0.0718, 0.0617, 0.0326], [0.6252, 0.0901, 0.0301, 0.0218, 0.0805, 0.0598, 0.0925], [0.7785, 0.0245, 0.0487, 0.0445, 0.0742, 0.014, 0.0157], [0.7974, 0.0339, 0.0309, 0.0526, 0.0232, 0.0432, 0.0189], [0.6194, 0.0793, 0.0471, 0.0486, 0.051, 0.0781, 0.0765], [0.7315, 0.0232, 0.0518, 0.0306, 0.0236, 0.0693, 0.07], [0.7252, 0.0666, 0.0307, 0.0211, 0.0514, 0.0525, 0.0525], [0.6366, 0.0255, 0.0749, 0.0487, 0.0689, 0.0785, 0.0669], [0.7504, 0.057, 0.0263, 0.0524, 0.0278, 0.061, 0.0251], [0.7193, 0.0677, 0.0239, 0.0216, 0.0799, 0.0677, 0.0198], [0.6787, 0.0667, 0.0547, 0.0613, 0.044, 0.0147, 0.08], [0.7251, 0.0717, 0.0567, 0.0358, 0.0359, 0.0549, 0.0199], [0.6877, 0.0515, 0.0418, 0.0501, 0.0534, 0.0793, 0.0363], [0.6405, 0.0798, 0.0773, 0.083, 0.0231, 0.0461, 0.0503], [0.6277, 0.0218, 0.0231, 0.0856, 0.0991, 0.0868, 0.056], [0.6076, 0.0697, 0.0885, 0.05, 0.0895, 0.0314, 0.0633], [0.6485, 0.0899, 0.0289, 0.0929, 0.0796, 0.0368, 0.0235]], "emotions": ["red", "red", "red", "red", "red", "red", "red", "red", "red", "red", "red", "red", "red", "red", "red", "red", "red", "red", "red", "red", "red", "red", "red", "red", "red", "red", "red", "red", "red", "red", "red", "red", "red", "red", "red", "red", "red", "red", "red", "red", "red", "red", "red", "red", "red", "red", "red", "red", "red", "red", "red", "red", "red", "red", "red", "red", "red", "red", "red", "red", "red", "red", "red", "red", "red", "red", "red", "red", "red", "red", "red", "red", "red", "red", "red", "red", "red", "red", "red", "red"], "timestamps": [0, 40, 80, 120, 160, 200, 240, 280, 320, 360, 400, 440, 480, 520, 560, 600, 640, 680, 720, 760, 800, 840, 880, 920, 960, 1000, 1040, 1080, 1120, 1160, 1200, 1240, 1280, 1320, 1360, 1400, 1440, 1480, 1520, 1560, 1600, 1640, 1680, 1720, 1760, 1800, 1840, 1880, 1920, 1960, 2000, 2040, 2080, 2120, 2160, 2200, 2240, 2280, 2320, 2360, 2400, 2440, 2480, 2520, 2560, 2600, 2640, 2680, 2720, 2760, 2800, 2840, 2880, 2920, 2960, 3000, 3040, 3080, 3120, 3160]}], "conversation": [], "conversation_timestamps": []}