{"agent_id": "agent-blue-830", "type": "blue", "trips": [{"trip_id": 0, "transport_method": "foot", "start_time": 0, "path": [[1.5075754, 42.5001155], [1.5071011, 42.5003806], [1.5073276, 42.4999519], [1.5077696, 42.4998283], [1.5082725, 42.5000679], [1.5087766, 42.5003062], [1.5092782, 42.5005499], [1.5097128, 42.5007574], [1.5092096, 42.5005171], [1.5094204, 42.5006124], [1.5099266, 42.5008465], [1.5104328, 42.5010805], [1.5109389, 42.5013145], [1.5111091, 42.5013804], [1.5105969, 42.5011647], [1.5101777, 42.5010516], [1.5107026, 42.50124], [1.5112274, 42.5014284], [1.5117523, 42.5016168], [1.5122772, 42.5018051], [1.5117567, 42.5016921], [1.5118985, 42.5016536], [1.512456, 42.5016647], [1.5129936, 42.5017446], [1.5134707, 42.5020332], [1.5139479, 42.5023217], [1.5137123, 42.502185], [1.5133571, 42.5017558], [1.512881, 42.5016759], [1.513383, 42.5019187], [1.513885, 42.5021615], [1.514387, 42.5024043], [1.5147549, 42.5025686], [1.5149922, 42.5027231], [1.5154564, 42.5030322], [1.5157922, 42.5032484], [1.5153321, 42.5029341], [1.5153507, 42.5029585], [1.5158121, 42.5032717], [1.5162832, 42.5035689], [1.5168181, 42.5037183], [1.5173742, 42.5037477], [1.5179276, 42.503683], [1.5184807, 42.5036116], [1.5190216, 42.5035768], [1.5194945, 42.5038347], [1.5200326, 42.5038734], [1.5205482, 42.5040858], [1.5210636, 42.5042987], [1.5215871, 42.5044893], [1.5220468, 42.504785], [1.5225636, 42.504717], [1.5231166, 42.5047891], [1.5236668, 42.5048624], [1.5242153, 42.5049619], [1.5247634, 42.5050643], [1.5253106, 42.5051717], [1.5258578, 42.5052791], [1.5264103, 42.5053139], [1.5269667, 42.5052948], [1.5275164, 42.5053749], [1.5278732, 42.5055002], [1.5274879, 42.5053625], [1.5280228, 42.5055202], [1.5285577, 42.5056779], [1.5290926, 42.5058356], [1.5295561, 42.5061422], [1.5300106, 42.5064653], [1.5304721, 42.5067781], [1.530974, 42.5070167], [1.531511, 42.5071606], [1.5319108, 42.5074498], [1.5322584, 42.5078823], [1.5325312, 42.5083179], [1.5330844, 42.5083878], [1.5336367, 42.5084647], [1.5341013, 42.5086249], [1.5343555, 42.5086708], [1.5348455, 42.508937], [1.5353355, 42.5092032]], "mood_vectors": [[0.0178, 0.0735, 0.0399, 0.6905, 0.0817, 0.0707, 0.0258], [0.0543, 0.0646, 0.051, 0.6929, 0.0493, 0.0615, 0.0264], [0.0757, 0.033, 0.0843, 0.6704, 0.0173, 0.0511, 0.0683], [0.0786, 0.037, 0.0391, 0.6514, 0.0753, 0.0625, 0.056], [0.0129, 0.0754, 0.0559, 0.6737, 0.0664, 0.0575, 0.0582], [0.0761, 0.0231, 0.067, 0.6401, 0.0899, 0.0818, 0.0221], [0.0337, 0.0632, 0.0282, 0.7413, 0.0492, 0.0682, 0.0163], [0.0763, 0.0683, 0.057, 0.6534, 0.0701, 0.0444, 0.0304], [0.0771, 0.0151, 0.086, 0.6725, 0.0607, 0.0486, 0.04], [0.052, 0.0696, 0.017, 0.7273, 0.0557, 0.0243, 0.0542], [0.039, 0.0221, 0.0707, 0.6654, 0.0298, 0.0946, 0.0784], [0.0345, 0.0656, 0.0798, 0.6987, 0.032, 0.0612, 0.0282], [0.076, 0.0706, 0.0699, 0.6143, 0.0691, 0.0671, 0.0331], [0.0804, 0.0644, 0.021, 0.6519, 0.0868, 0.0453, 0.0502], [0.0218, 0.0519, 0.0232, 0.7788, 0.0432, 0.0689, 0.0122], [0.0338, 0.0672, 0.0409, 0.7198, 0.0576, 0.0338, 0.047], [0.0261, 0.0144, 0.0283, 0.78, 0.0642, 0.0625, 0.0245], [0.068, 0.0319, 0.0636, 0.7269, 0.0538, 0.038, 0.0179], [0.0255, 0.0819, 0.0764, 0.6449, 0.0346, 0.0825, 0.0542], [0.0518, 0.0715, 0.042, 0.6431, 0.0723, 0.0347, 0.0846], [0.0801, 0.0565, 0.0324, 0.7307, 0.0253, 0.0376, 0.0374], [0.0673, 0.0723, 0.0274, 0.7132, 0.0633, 0.0311, 0.0254], [0.0683, 0.0795, 0.026, 0.705, 0.0461, 0.0326, 0.0425], [0.0789, 0.0256, 0.0205, 0.757, 0.0684, 0.0336, 0.0159], [0.0393, 0.0764, 0.0527, 0.6895, 0.0737, 0.0263, 0.0422], [0.0825, 0.0662, 0.0425, 0.6808, 0.0248, 0.0664, 0.0369], [0.0689, 0.0247, 0.0212, 0.7163, 0.0599, 0.0878, 0.0211], [0.0761, 0.0406, 0.069, 0.6897, 0.0615, 0.0188, 0.0443], [0.0276, 0.0166, 0.0943, 0.638, 0.0738, 0.086, 0.0638], [0.0554, 0.032, 0.0804, 0.67, 0.0796, 0.0626, 0.0199], [0.0327, 0.0385, 0.0901, 0.732, 0.0194, 0.0691, 0.0181], [0.0398, 0.0239, 0.0121, 0.7567, 0.0729, 0.0228, 0.0717], [0.0509, 0.0288, 0.0642, 0.6831, 0.0451, 0.0821, 0.0459], [0.0399, 0.0438, 0.0693, 0.7506, 0.0441, 0.0272, 0.0251], [0.0249, 0.0903, 0.0477, 0.7524, 0.0248, 0.0182, 0.0417], [0.0697, 0.0834, 0.0653, 0.6553, 0.0735, 0.0302, 0.0226], [0.0825, 0.0228, 0.0275, 0.6307, 0.0752, 0.086, 0.0752], [0.0866, 0.0271, 0.0288, 0.7317, 0.0228, 0.0594, 0.0436], [0.0189, 0.0498, 0.0492, 0.7022, 0.0662, 0.0507, 0.063], [0.0605, 0.0916, 0.043, 0.6314, 0.0979, 0.0393, 0.0364], [0.0606, 0.0508, 0.0762, 0.6188, 0.072, 0.0422, 0.0794], [0.0165, 0.0633, 0.0265, 0.717, 0.0711, 0.0331, 0.0724], [0.0734, 0.0302, 0.0524, 0.7334, 0.0407, 0.0461, 0.0237], [0.0385, 0.0761, 0.0837, 0.7047, 0.0244, 0.0278, 0.0448], [0.0281, 0.0558, 0.081, 0.6668, 0.085, 0.0565, 0.0267], [0.0629, 0.0602, 0.0664, 0.6944, 0.0543, 0.0369, 0.0248], [0.0697, 0.036, 0.0566, 0.6685, 0.0536, 0.0453, 0.0703], [0.0183, 0.0355, 0.0146, 0.8052, 0.0647, 0.0466, 0.0151], [0.0486, 0.0393, 0.0699, 0.6657, 0.0687, 0.0466, 0.0612], [0.0885, 0.0739, 0.0712, 0.6234, 0.0476, 0.0317, 0.0637], [0.077, 0.0759, 0.0154, 0.7434, 0.0311, 0.0224, 0.0348], [0.0291, 0.0683, 0.0387, 0.6839, 0.0724, 0.0749, 0.0328], [0.0588, 0.0897, 0.0279, 0.638, 0.0936, 0.0731, 0.0188], [0.054, 0.0624, 0.048, 0.6862, 0.0566, 0.0415, 0.0514], [0.0918, 0.0404, 0.0833, 0.6427, 0.0431, 0.061, 0.0377], [0.0526, 0.058, 0.0242, 0.7439, 0.0268, 0.0589, 0.0357], [0.0619, 0.0623, 0.0234, 0.6716, 0.0323, 0.0752, 0.0733], [0.0271, 0.0203, 0.0833, 0.7483, 0.0501, 0.0497, 0.0212], [0.0461, 0.0834, 0.0326, 0.7106, 0.0328, 0.0167, 0.0778], [0.0256, 0.0333, 0.0714, 0.7468, 0.0152, 0.0349, 0.0729], [0.0296, 0.0367, 0.0525, 0.6985, 0.0684, 0.0506, 0.0638], [0.0765, 0.0676, 0.0574, 0.6257, 0.054, 0.052, 0.0668], [0.0787, 0.022, 0.0217, 0.7355, 0.0358, 0.0464, 0.0599], [0.0874, 0.0573, 0.0147, 0.7283, 0.0693, 0.0273, 0.0157], [0.0774, 0.0328, 0.0568, 0.6763, 0.0487, 0.0372, 0.0708], [0.0247, 0.0729, 0.0331, 0.6812, 0.048, 0.0817, 0.0584], [0.0684, 0.052, 0.0604, 0.6438, 0.0443, 0.0514, 0.0797], [0.0753, 0.0557, 0.0212, 0.7386, 0.0495, 0.045, 0.0147], [0.0295, 0.0719, 0.0332, 0.7793, 0.0313, 0.0224, 0.0324], [0.0393, 0.0231, 0.0546, 0.7872, 0.0404, 0.0397, 0.0157], [0.049, 0.0652, 0.0704, 0.6657, 0.0586, 0.0244, 0.0668], [0.0786, 0.0401, 0.078, 0.596, 0.0578, 0.0854, 0.0642], [0.0165, 0.0621, 0.0509, 0.6346, 0.0745, 0.081, 0.0804], [0.0404, 0.0399, 0.0673, 0.6846, 0.0525, 0.068, 0.0473], [0.0671, 0.0777, 0.0776, 0.602, 0.0722, 0.0801, 0.0234], [0.0772, 0.0673, 0.0539, 0.6984, 0.0125, 0.0766, 0.0141], [0.0791, 0.0771, 0.0516, 0.6527, 0.0463, 0.0551, 0.038], [0.0337, 0.0639, 0.0829, 0.6281, 0.0343, 0.0813, 0.0758], [0.0833, 0.0576, 0.1115, 0.6847, 0.0186, 0.0208, 0.0236], [0.0588, 0.0767, 0.0641, 0.6579, 0.0402, 0.0679, 0.0344]], "emotions": ["green", "green", "green", "green", "green", "green", "green", "green", "green", "green", "green", "green", "green", "green", "green", "green", "green", "green", "green", "green", "green", "green", "green", "green", "green", "green", "green", "green", "green", "green", "green", "green", "green", "green", "green", "green", "green", "green", "green", "green", "green", "green", "green", "green", "green", "green", "green", "green", "green", "green", "green", "green", "green", "green", "green", "green", "green", "green", "green", "green", "green", "green", "green", "green", "green", "green", "green", "green", "green", "green", "green", "green", "green", "green", "green", "green", "green", "green", "green", "green"], "timestamps": [0, 40, 80, 120, 160, 200, 240, 280, 320, 360, 400, 440, 480, 520, 560, 600, 640, 680, 720, 760, 800, 840, 880, 920, 960, 1000, 1040, 1080, 1120, 1160, 1200, 1240, 1280, 1320, 1360, 1400, 1440, 1480, 1520, 1560, 1600, 1640, 1680, 1720, 1760, 1800, 1840, 1880, 1920, 1960, 2000, 2040, 2080, 2120, 2160, 2200, 2240, 2280, 2320, 2360, 2400, 2440, 2480, 2520, 2560, 2600, 2640, 2680, 2720, 2760, 2800, 2840, 2880, 2920, 2960, 3000, 3040, 3080, 3120, 3160]}], "conversation": [], "conversation_timestamps": []}