{"agent_id": "agent-blue-10", "type": "blue", "trips": [{"trip_id": 0, "transport_method": "foot", "start_time": 0, "path": [[1.5289761, 42.5067345], [1.5291265, 42.5066189], [1.5292769, 42.5065034], [1.5294274, 42.5063878], [1.5296099, 42.5064171], [1.5297951, 42.5064582], [1.5299803, 42.5064993], [1.5301552, 42.5065648], [1.5303129, 42.5066702], [1.5304699, 42.5067767], [1.5306331, 42.5068712], [1.5308076, 42.5069456], [1.530982, 42.5070201], [1.5311605, 42.5070823], [1.5313456, 42.5071236], [1.5315307, 42.507165], [1.5317158, 42.5072064], [1.5318113, 42.5073298], [1.5319267, 42.5074771], [1.5320304, 42.507635], [1.532159, 42.5077745], [1.5322805, 42.5079192], [1.5323772, 42.5080823], [1.532452, 42.5082518], [1.5325853, 42.5083244], [1.5327736, 42.5083471], [1.5329618, 42.5083707], [1.5331497, 42.5083969], [1.5333376, 42.508423], [1.5335255, 42.5084492], [1.5337133, 42.5084753], [1.5339012, 42.5085015], [1.5340891, 42.5085276], [1.5342745, 42.5085006], [1.5344637, 42.5085148], [1.5346528, 42.5085288], [1.534842, 42.5085428], [1.5350312, 42.5085568], [1.5352203, 42.5085707], [1.5354095, 42.5085844], [1.5355988, 42.508597], [1.535788, 42.5086104], [1.5359772, 42.5086239], [1.5361665, 42.5086373], [1.5363554, 42.5086534], [1.5365428, 42.5086824], [1.5367303, 42.5087115], [1.536919, 42.5087296], [1.537108, 42.5087454], [1.5372971, 42.5087613], [1.5374861, 42.5087771], [1.5376751, 42.5087929], [1.5377676, 42.5089274], [1.5378214, 42.5091093], [1.5378752, 42.5092912], [1.5379033, 42.5094767], [1.537901, 42.5096663], [1.5378986, 42.509856], [1.5378968, 42.5100456], [1.5379206, 42.5102338], [1.5379443, 42.510422], [1.5379681, 42.5106102], [1.5380559, 42.5107745], [1.5381613, 42.5109322], [1.5382877, 42.5110724], [1.5384246, 42.5112036], [1.5385912, 42.5112512], [1.5387802, 42.5112354], [1.5389693, 42.5112196], [1.5391583, 42.5112038], [1.5392537, 42.5113062], [1.5392817, 42.5114938], [1.5391771, 42.511612], [1.53908, 42.5116844], [1.5391595, 42.5118037], [1.5393361, 42.5118644], [1.5395012, 42.5119261], [1.5396444, 42.5118028], [1.5398305, 42.5117806], [1.5399972, 42.5118703]], "mood_vectors": [[0.0729, 0.0599, 0.08, 0.6368, 0.069, 0.0294, 0.052], [0.0704, 0.0331, 0.0612, 0.6719, 0.0646, 0.064, 0.0347], [0.0385, 0.0788, 0.0291, 0.7319, 0.0681, 0.0277, 0.026], [0.0687, 0.0506, 0.0664, 0.6997, 0.0363, 0.0127, 0.0655], [0.0677, 0.039, 0.0355, 0.6795, 0.0541, 0.0638, 0.0604], [0.0714, 0.0556, 0.0428, 0.6234, 0.0809, 0.0747, 0.0512], [0.0176, 0.0651, 0.0642, 0.7191, 0.0244, 0.0457, 0.064], [0.0168, 0.0218, 0.046, 0.7175, 0.0671, 0.0626, 0.0682], [0.0628, 0.0318, 0.0423, 0.714, 0.028, 0.056, 0.0651], [0.0236, 0.0375, 0.0225, 0.7518, 0.0717, 0.0678, 0.0252], [0.0806, 0.0602, 0.0587, 0.6248, 0.0844, 0.027, 0.0642], [0.0422, 0.0443, 0.0318, 0.7379, 0.0398, 0.0829, 0.0211], [0.0403, 0.0728, 0.0416, 0.7434, 0.0191, 0.059, 0.0239], [0.0721, 0.0346, 0.0502, 0.6188, 0.0777, 0.0583, 0.0883], [0.0585, 0.0405, 0.0399, 0.7455, 0.0317, 0.0297, 0.0543], [0.0401, 0.0637, 0.0467, 0.7261, 0.0224, 0.0367, 0.0643], [0.0751, 0.0747, 0.0771, 0.6888, 0.0224, 0.0192, 0.0426], [0.0763, 0.0825, 0.0785, 0.6285, 0.0543, 0.0649, 0.0151], [0.0618, 0.0369, 0.0442, 0.652, 0.0893, 0.0571, 0.0588], [0.057, 0.0933, 0.0889, 0.634, 0.0412, 0.0593, 0.0262], [0.0138, 0.0192, 0.0678, 0.7389, 0.0597, 0.0713, 0.0293], [0.0514, 0.0612, 0.0284, 0.6809, 0.0698, 0.0318, 0.0766], [0.0292, 0.0938, 0.0758, 0.7155, 0.0202, 0.029, 0.0365], [0.0294, 0.0601, 0.0416, 0.7431, 0.0754, 0.0143, 0.0361], [0.0527, 0.0534, 0.0819, 0.6838, 0.0235, 0.0211, 0.0837], [0.0239, 0.0482, 0.0314, 0.7079, 0.0537, 0.0536, 0.0813], [0.0523, 0.0414, 0.0173, 0.7407, 0.0599, 0.0748, 0.0137], [0.0566, 0.0374, 0.0505, 0.7506, 0.067, 0.0214, 0.0165], [0.0513, 0.0386, 0.0697, 0.7079, 0.0107, 0.0706, 0.0511], [0.0349, 0.0637, 0.0639, 0.7431, 0.0522, 0.0268, 0.0153], [0.0345, 0.0156, 0.0167, 0.8306, 0.0386, 0.0398, 0.0242], [0.072, 0.0178, 0.071, 0.6777, 0.066, 0.0315, 0.0641], [0.0211, 0.0484, 0.0441, 0.7666, 0.0351, 0.0627, 0.0219], [0.0658, 0.0448, 0.0433, 0.7167, 0.0424, 0.0481, 0.0389], [0.0822, 0.0656, 0.0505, 0.6886, 0.0174, 0.0427, 0.053], [0.0575, 0.0217, 0.0446, 0.758, 0.0466, 0.0308, 0.0407], [0.0568, 0.0278, 0.0259, 0.6992, 0.0888, 0.0608, 0.0407], [0.0224, 0.0195, 0.0252, 0.7651, 0.024, 0.0761, 0.0676], [0.0368, 0.0217, 0.0585, 0.7499, 0.0723, 0.0302, 0.0305], [0.0199, 0.0833, 0.0371, 0.6803, 0.0496, 0.0668, 0.0631], [0.0892, 0.0817, 0.0278, 0.5871, 0.0719, 0.0606, 0.0817], [0.0476, 0.0117, 0.0192, 0.7491, 0.0437, 0.0583, 0.0703], [0.0554, 0.0471, 0.0565, 0.6808, 0.038, 0.0605, 0.0617], [0.0423, 0.0263, 0.0163, 0.704, 0.0164, 0.1024, 0.0924], [0.0608, 0.0609, 0.0449, 0.7004, 0.0714, 0.0267, 0.0349], [0.0446, 0.0131, 0.0232, 0.7355, 0.0605, 0.0787, 0.0444], [0.0549, 0.0269, 0.0538, 0.7775, 0.0159, 0.0128, 0.0583], [0.0799, 0.0707, 0.063, 0.6587, 0.0502, 0.0319, 0.0456], [0.054, 0.0555, 0.0603, 0.6711, 0.0467, 0.0628, 0.0496], [0.0375, 0.0179, 0.0823, 0.6754, 0.0497, 0.0514, 0.0859], [0.0635, 0.0138, 0.0334, 0.7942, 0.0375, 0.0293, 0.0284], [0.0328, 0.0499, 0.0655, 0.7456, 0.0193, 0.0299, 0.057], [0.0698, 0.0587, 0.063, 0.6153, 0.0675, 0.0706, 0.0551], [0.0617, 0.0562, 0.0199, 0.7529, 0.052, 0.018, 0.0393], [0.0355, 0.0284, 0.0161, 0.777, 0.079, 0.0395, 0.0245], [0.094, 0.0176, 0.0204, 0.7385, 0.0695, 0.0255, 0.0346], [0.0399, 0.0411, 0.0168, 0.7757, 0.0342, 0.025, 0.0674], [0.0673, 0.0703, 0.088, 0.6207, 0.0502, 0.0812, 0.0223], [0.0505, 0.0616, 0.0723, 0.7327, 0.0135, 0.0177, 0.0517], [0.0788, 0.0237, 0.0336, 0.7295, 0.0492, 0.0658, 0.0195], [0.0348, 0.0211, 0.0705, 0.7394, 0.0405, 0.065, 0.0286], [0.044, 0.0582, 0.0218, 0.6786, 0.0798, 0.0457, 0.072], [0.0619, 0.0396, 0.0266, 0.7522, 0.039, 0.0387, 0.0421], [0.0852, 0.0469, 0.0174, 0.6501, 0.0157, 0.0863, 0.0984], [0.0317, 0.0757, 0.0218, 0.7021, 0.061, 0.0545, 0.0532], [0.0161, 0.0572, 0.0631, 0.7405, 0.0492, 0.0331, 0.0408], [0.048, 0.0314, 0.0606, 0.7722, 0.0116, 0.0298, 0.0463], [0.0557, 0.0394, 0.0239, 0.7116, 0.0614, 0.0526, 0.0555], [0.0692, 0.0417, 0.0266, 0.746, 0.0149, 0.0366, 0.0651], [0.0248, 0.098, 0.0381, 0.6421, 0.0608, 0.0582, 0.0781], [0.0156, 0.0774, 0.061, 0.6057, 0.0756, 0.0718, 0.0927], [0.02, 0.0477, 0.0702, 0.7451, 0.019, 0.0723, 0.0258], [0.0569, 0.039, 0.0724, 0.6459, 0.0728, 0.0461, 0.0668], [0.0475, 0.0517, 0.0351, 0.6846, 0.0645, 0.0598, 0.0569], [0.0499, 0.0301, 0.0359, 0.7545, 0.0719, 0.0384, 0.0192], [0.0755, 0.0189, 0.0174, 0.7523, 0.0488, 0.0465, 0.0407], [0.0509, 0.0462, 0.0378, 0.7396, 0.0448, 0.0398, 0.0409], [0.0463, 0.0805, 0.0699, 0.6997, 0.0207, 0.062, 0.0209], [0.0663, 0.0183, 0.0244, 0.726, 0.0588, 0.0715, 0.0345], [0.054, 0.0404, 0.0202, 0.8105, 0.0145, 0.0225, 0.0378]], "emotions": ["green", "green", "green", "green", "green", "green", "green", "green", "green", "green", "green", "green", "green", "green", "green", "green", "green", "green", "green", "green", "green", "green", "green", "green", "green", "green", "green", "green", "green", "green", "green", "green", "green", "green", "green", "green", "green", "green", "green", "green", "green", "green", "green", "green", "green", "green", "green", "green", "green", "green", "green", "green", "green", "green", "green", "green", "green", "green", "green", "green", "green", "green", "green", "green", "green", "green", "green", "green", "green", "green", "green", "green", "green", "green", "green", "green", "green", "green", "green", "green"], "timestamps": [0, 40, 80, 120, 160, 200, 240, 280, 320, 360, 400, 440, 480, 520, 560, 600, 640, 680, 720, 760, 800, 840, 880, 920, 960, 1000, 1040, 1080, 1120, 1160, 1200, 1240, 1280, 1320, 1360, 1400, 1440, 1480, 1520, 1560, 1600, 1640, 1680, 1720, 1760, 1800, 1840, 1880, 1920, 1960, 2000, 2040, 2080, 2120, 2160, 2200, 2240, 2280, 2320, 2360, 2400, 2440, 2480, 2520, 2560, 2600, 2640, 2680, 2720, 2760, 2800, 2840, 2880, 2920, 2960, 3000, 3040, 3080, 3120, 3160]}], "conversation": [], "conversation_timestamps": []}