{
  "agent_id": "agent-type-purple-9",
  "type": "purple",
  "trips": [
    {
      "trip_id": 0,
      "transport_method": "bicycle",
      "start_time": 0,
      "path": [
        [
          1.5187402000000005,
          42.5085045
        ],
        [
          1.5186222308031836,
          42.50826417164699
        ],
        [
          1.5192721145926151,
          42.5079503272683
        ],
        [
          1.5196160729106833,
          42.508234857100696
        ],
        [
          1.5197597964168392,
          42.508605811463376
        ],
        [
          1.519565726894204,
          42.50795121863117
        ],
        [
          1.5200789628275753,
          42.50758452493909
        ],
        [
          1.52073222342329,
          42.507751967640374
        ],
        [
          1.5213693517918505,
          42.508090958312486
        ],
        [
          1.5220330274491185,
          42.50836210396252
        ],
        [
          1.5227284081842032,
          42.50839737823055
        ],
        [
          1.5233819534133852,
          42.50846628935976
        ],
        [
          1.5238936574467383,
          42.508806079863
        ],
        [
          1.5238908197320888,
          42.508916546738924
        ],
        [
          1.5244043250333204,
          42.50883087254801
        ],
        [
          1.5251126443262097,
          42.50896918745365
        ],
        [
          1.5254852813778768,
          42.50924760467818
        ],
        [
          1.5248913667559745,
          42.508925978145996
        ],
        [
          1.5241830474630849,
          42.508787663240355
        ],
        [
          1.523514388551561,
          42.50853038307399
        ],
        [
          1.5230125738141895,
          42.50807159087681
        ],
        [
          1.5236361265099676,
          42.50778682418705
        ],
        [
          1.5243563980961266,
          42.507832168161016
        ],
        [
          1.5246095198445857,
          42.508230194781525
        ],
        [
          1.5251853045225847,
          42.508479822171815
        ],
        [
          1.5257098994849492,
          42.508717372735916
        ],
        [
          1.5250620883671824,
          42.50844832930441
        ],
        [
          1.5246443783274712,
          42.50810788816756
        ],
        [
          1.525176310238368,
          42.50801035853631
        ],
        [
          1.5257601,
          42.5081691
        ]
      ],
      "emotions": [
        "red",
        "red",
        "red",
        "red",
        "red",
        "purple",
        "purple",
        "purple",
        "purple",
        "purple",
        "green",
        "green",
        "green",
        "green",
        "green",
        "green",
        "green",
        "green",
        "green",
        "green",
        "red",
        "red",
        "red",
        "red",
        "red",
        "purple",
        "purple",
        "purple",
        "purple",
        "purple"
      ],
      "mood_vectors": [
        [
          0.04820059605898405,
          0.27355646524479416,
          0.010745906060762951,
          0.2007568139018549,
          0.25361090133154707,
          0.13150647195834547,
          0.0816228454437114
        ],
        [
          0.16202408411015906,
          0.07255937443298592,
          0.2485397368677586,
          0.16531453511857977,
          0.21723888588242352,
          0.04065640738326787,
          0.09366697620482523
        ],
        [
          0.17447318223123406,
          0.16575941057340263,
          0.16741301481080975,
          0.0918370908096851,
          0.11938961592913458,
          0.17338572111637005,
          0.10774196452936378
        ],
        [
          0.10406902233392348,
          0.16061886285000332,
          0.1941084590395132,
          0.19008252189907324,
          0.19319830970422955,
          0.08500931033393645,
          0.07291351383932068
        ],
        [
          0.14154114892222483,
          0.13503608981463122,
          0.05088257236521755,
          0.1712724497263785,
          0.18706661120727375,
          0.1946342758194793,
          0.11956685214479489
        ],
        [
          0.131140925697172,
          0.08247824442254656,
          0.1949388407462499,
          0.20625148280436104,
          0.18644434395054638,
          0.023938629822811096,
          0.17480753255631296
        ],
        [
          0.20317674579071515,
          0.21856464162058145,
          0.15212820065601473,
          0.13362472726654678,
          0.15391013630916167,
          0.1275187521782453,
          0.011076796178734886
        ],
        [
          0.007157385892209417,
          0.06618587103806033,
          0.24507339858716218,
          0.1321509718567293,
          0.1130664187589524,
          0.228134034454781,
          0.20823191941210537
        ],
        [
          0.171033067422924,
          0.17973408212686617,
          0.10147619989316761,
          0.18762709452735601,
          0.15941872012623676,
          0.10532987996848092,
          0.0953809559349684
        ],
        [
          0.07309251372534607,
          0.14093887004100536,
          0.19917264657005357,
          0.13287826025815974,
          0.12681551829503188,
          0.18113646682616896,
          0.14596572428423443
        ],
        [
          0.23122818460885738,
          0.045627343997738004,
          0.2667823292642427,
          0.15540407761832278,
          0.013349388813515621,
          0.05610488929635027,
          0.23150378640097324
        ],
        [
          0.21154559840560125,
          0.09204596363424412,
          0.15243139320666027,
          0.18435514035977163,
          0.020871190627195953,
          0.1912785384509867,
          0.1474721753155401
        ],
        [
          0.23460926489331474,
          0.05543078071013132,
          0.10506272013509103,
          0.22427338451749337,
          0.09318038091860688,
          0.0923603467823792,
          0.19508312204298336
        ],
        [
          0.28374546344227214,
          0.24789114987344096,
          0.058203849300639855,
          0.020942527403178837,
          0.21978161004481436,
          0.04678739924845082,
          0.12264800068720301
        ],
        [
          0.09319820449567356,
          0.1696515338879824,
          0.08388819185732597,
          0.21810936071310263,
          0.27984296850985635,
          0.007886512707470077,
          0.14742322782858894
        ],
        [
          0.2693053892622857,
          0.3179365270746316,
          0.043908236226847565,
          0.21498164830869232,
          0.011616646313832647,
          0.06422796259598147,
          0.07802359021772867
        ],
        [
          0.03231251052254446,
          0.049564526301914255,
          0.15219036590240362,
          0.04246921797702381,
          0.03233462774945033,
          0.35575677003347433,
          0.3353719815131892
        ],
        [
          0.01309117712007386,
          0.07396968893117817,
          0.15417328417566517,
          0.10130911286823273,
          0.301227260344358,
          0.31492965543934337,
          0.04129982112114867
        ],
        [
          0.09842995404024381,
          0.10845912048301432,
          0.21196811098973156,
          0.08760071230793179,
          0.12384291983975391,
          0.12275966768388812,
          0.24693951465543645
        ],
        [
          0.14794635025185127,
          0.17979221823018038,
          0.14531486608592903,
          0.13905376374988,
          0.22663593229587597,
          0.06488625658846373,
          0.09637061279781971
        ],
        [
          0.1777611451333933,
          0.04475996200943003,
          0.008095083454952655,
          0.2725115531465614,
          0.1384465220710935,
          0.2998019172441524,
          0.05862381694041675
        ],
        [
          0.029022055240658495,
          0.08848614524782913,
          0.19161419800357138,
          0.18784496497423142,
          0.03396083413292091,
          0.22574735031684579,
          0.24332445208394293
        ],
        [
          0.18053368401017095,
          0.09074235144239372,
          0.09815419967121759,
          0.07080244461640682,
          0.2618614675067915,
          0.13695282215264595,
          0.16095303060037347
        ],
        [
          0.01452594510953883,
          0.2266917468716061,
          0.20783058514668679,
          0.07268456834843777,
          0.18229089646324934,
          0.12485263031180482,
          0.17112362774867637
        ],
        [
          0.06996181924976913,
          0.326455906280663,
          0.23549257365594145,
          0.06631247043374108,
          0.20236007621602461,
          0.0831427711683755,
          0.01627438299548529
        ],
        [
          0.14704378182714886,
          0.04727377164857664,
          0.1139240256309891,
          0.20158707026039646,
          0.10734648334374172,
          0.24473848096776007,
          0.13808638632138706
        ],
        [
          0.23614122004820148,
          0.11493133119063301,
          0.25715244639182855,
          0.03721229178380741,
          0.023178003230709936,
          0.17285893923344783,
          0.15852576812137167
        ],
        [
          0.05266628266783257,
          0.14103843340410774,
          0.0966134888558349,
          0.0072836514247662364,
          0.22189447046577768,
          0.19377817823111018,
          0.28672549495057065
        ],
        [
          0.02605186455328187,
          0.31536990757081773,
          0.1582690679046635,
          0.06354309878158157,
          0.19849971387618554,
          0.041661616016403384,
          0.19660473129706632
        ],
        [
          0.17325148984517844,
          0.005913857927988484,
          0.03514529181024114,
          0.09528929423206525,
          0.13743740489481598,
          0.20169321190738296,
          0.35126944938232785
        ]
      ],
      "timestamps": [
        0,
        1,
        2,
        3,
        4,
        5,
        6,
        7,
        8,
        9,
        10,
        11,
        12,
        13,
        14,
        15,
        16,
        17,
        18,
        19,
        20,
        21,
        22,
        23,
        24,
        25,
        26,
        27,
        28,
        29
      ],
      "distance": 1022.6
    },
    {
      "trip_id": 1,
      "transport_method": "car",
      "start_time": 30,
      "path": [
        [
          1.5257463000000009,
          42.50822579999999
        ],
        [
          1.5255481902406811,
          42.508111478459554
        ],
        [
          1.5252799699022979,
          42.508038545201885
        ],
        [
          1.5250119187707722,
          42.507964999380654
        ],
        [
          1.5247442920813326,
          42.50788991699194
        ],
        [
          1.524643074432568,
          42.5081124630933
        ],
        [
          1.524636779578066,
          42.50833962445758
        ],
        [
          1.524906081813573,
          42.50840845552576
        ],
        [
          1.5251753840490798,
          42.508477286593944
        ],
        [
          1.525444686284587,
          42.50854611766213
        ],
        [
          1.525675335571979,
          42.50868286508542
        ],
        [
          1.5256377574416273,
          42.50864534812403
        ],
        [
          1.5253932398428747,
          42.50853296844511
        ],
        [
          1.5251239376073678,
          42.508464137376926
        ],
        [
          1.5248546353718608,
          42.50839530630875
        ],
        [
          1.524585333136354,
          42.508326475240565
        ],
        [
          1.5246576288950255,
          42.50806139641242
        ],
        [
          1.5246227002076438,
          42.507857726193464
        ],
        [
          1.5243466757905746,
          42.507831556103035
        ],
        [
          1.5240692655962689,
          42.507814092023004
        ],
        [
          1.5237918554019634,
          42.507796627942966
        ],
        [
          1.523514305479549,
          42.50779068488613
        ],
        [
          1.523251040428881,
          42.50786664203915
        ],
        [
          1.5230342377855093,
          42.50804059037579
        ],
        [
          1.5230933379740608,
          42.50829004310022
        ],
        [
          1.523329249365806,
          42.50843321336258
        ],
        [
          1.5235758888940492,
          42.5085601469677
        ],
        [
          1.5238260875559935,
          42.508681233876814
        ],
        [
          1.5240873993486692,
          42.50876898584436
        ],
        [
          1.5243602061571662,
          42.50882225736803
        ],
        [
          1.524633012965663,
          42.5088755288917
        ],
        [
          1.5249058197741596,
          42.50892880041537
        ],
        [
          1.5251786265826563,
          42.50898207193904
        ],
        [
          1.5253941384618297,
          42.509127147639894
        ],
        [
          1.5255447450976833,
          42.509326193600764
        ],
        [
          1.525377028657197,
          42.509104534841434
        ],
        [
          1.52515079585132,
          42.50897663737722
        ],
        [
          1.5248779890428232,
          42.508923365853555
        ],
        [
          1.5246051822343265,
          42.508870094329886
        ],
        [
          1.5243323754258298,
          42.508816822806224
        ],
        [
          1.524059568617333,
          42.508763551282556
        ],
        [
          1.5238369168675847,
          42.508866280774576
        ],
        [
          1.5239036363403697,
          42.508924000608474
        ],
        [
          1.5237274897770654,
          42.50893652694656
        ],
        [
          1.5239071765029504,
          42.508791736345195
        ],
        [
          1.5237636320534897,
          42.508651007720935
        ],
        [
          1.5235134333915454,
          42.50852992081183
        ],
        [
          1.523452365270398,
          42.50850036609728
        ],
        [
          1.5237025639323423,
          42.508621453006384
        ],
        [
          1.5239527625942864,
          42.508742539915495
        ],
        [
          1.5237350000000003,
          42.50886909999999
        ]
      ],
      "emotions": [
        "purple",
        "purple",
        "purple",
        "purple",
        "purple",
        "purple",
        "purple",
        "purple",
        "purple",
        "purple",
        "purple",
        "purple",
        "purple",
        "purple",
        "purple",
        "green",
        "green",
        "green",
        "green",
        "green",
        "green",
        "green",
        "green",
        "green",
        "green",
        "red",
        "red",
        "red",
        "red",
        "red",
        "purple",
        "purple",
        "purple",
        "purple",
        "purple",
        "green",
        "green",
        "green",
        "green",
        "green",
        "green",
        "green",
        "green",
        "green",
        "green",
        "red",
        "red",
        "red",
        "red",
        "red",
        "purple"
      ],
      "mood_vectors": [
        [
          0.19255153897794755,
          0.10597165548122918,
          0.07425350105574671,
          0.12334087127313444,
          0.19120040788244672,
          0.11513027626482976,
          0.19755174906466558
        ],
        [
          0.1605544843487048,
          0.13324616992975447,
          0.19743058561419655,
          0.21119535278328178,
          0.12545052106048726,
          0.0026097664984054466,
          0.16951311976516967
        ],
        [
          0.5076966043694842,
          0.01455967345173448,
          0.10939128104530152,
          0.032714924432576446,
          0.02974651590773899,
          0.06968694202722966,
          0.23620405876593484
        ],
        [
          0.07211613053360183,
          0.02855209612676938,
          0.1541095118986428,
          0.23724301470563383,
          0.010724938311156696,
          0.29659137640715,
          0.20066293201704555
        ],
        [
          0.22439232128297384,
          0.04451805381848883,
          0.11688677394732427,
          0.10302181786573801,
          0.2326569476233002,
          0.04663273794956311,
          0.23189134751261187
        ],
        [
          0.1927566951132288,
          0.10970574318606362,
          0.2048965630098776,
          0.1963447446345635,
          0.006770245379984254,
          0.17178620206677478,
          0.11773980660950735
        ],
        [
          0.21149180857157732,
          0.16166706308905548,
          0.06043331697399305,
          0.14465844352726023,
          0.22447011739470024,
          0.14153272487796775,
          0.055746525565445924
        ],
        [
          0.040880119150227885,
          0.3105991132669168,
          0.29125439084406757,
          0.09902450634181349,
          0.1738111927690059,
          0.04598931319228665,
          0.03844136443568167
        ],
        [
          0.22867359179192975,
          0.06009653233327139,
          0.35329398166255965,
          0.08631581569968129,
          0.03597223292810821,
          0.2212322319706963,
          0.014415613613753495
        ],
        [
          0.13534198980761455,
          0.09099129682431975,
          0.2037946281442601,
          0.23944102855854368,
          0.12570928313248037,
          0.04936646803823814,
          0.15535530549454338
        ],
        [
          0.07336931645674255,
          0.0026972051861519886,
          0.2886636783253428,
          0.1580844327361681,
          0.29388133449102255,
          0.07540426489967413,
          0.10789976790489797
        ],
        [
          0.023465810211352012,
          0.1200342640649596,
          0.1763572952298488,
          0.17559069159459958,
          0.24147636557556693,
          0.21242097513924652,
          0.05065459818442663
        ],
        [
          0.2130646783255852,
          0.11222946385196987,
          0.06042096466814379,
          0.1822057688865237,
          0.13207802809739536,
          0.17778741150177987,
          0.12221368466860225
        ],
        [
          0.19388441417534674,
          0.03160838192540269,
          0.24215428148788173,
          0.13494532530571843,
          0.015442673442393575,
          0.08430238618402593,
          0.29766253747923094
        ],
        [
          0.07702429386018995,
          0.2925138165127175,
          0.05041592514300085,
          0.028594825121074408,
          0.02405364590205007,
          0.254287497586633,
          0.27310999587433415
        ],
        [
          0.23364441676802647,
          0.21151454458125984,
          0.1960767496683969,
          0.09826008028208484,
          0.0034682387885057522,
          0.1624236462572902,
          0.09461232365443602
        ],
        [
          0.11088379764914101,
          0.31785092715259405,
          0.018176654472214584,
          0.12543902547728053,
          0.0842913877696732,
          0.06707476994498925,
          0.2762834375341074
        ],
        [
          0.2346466180639224,
          0.07825063401117739,
          0.24467022543086359,
          0.06031885071327645,
          0.15942201591936955,
          0.039834664525257135,
          0.1828569913361335
        ],
        [
          0.13564134158020905,
          0.20982471533421954,
          0.015515534503794136,
          0.19896597271045321,
          0.11524825873166156,
          0.08132101823283394,
          0.24348315890682856
        ],
        [
          0.12257725380989316,
          0.14308795861086926,
          0.21213846067402042,
          0.022349257709926525,
          0.1591624458358786,
          0.16815477951037003,
          0.17252984384904205
        ],
        [
          0.22397802062942973,
          0.06394550818440439,
          0.13619267628551757,
          0.15373513816376075,
          0.2706684733341322,
          0.11605497803986604,
          0.0354252053628893
        ],
        [
          0.24606355108532882,
          0.284494328332938,
          0.13071401938467772,
          0.1692566840153142,
          0.06049524142828102,
          0.04780049819916736,
          0.06117567755429288
        ],
        [
          0.062143852517428017,
          0.2496935468355534,
          0.16270455963129346,
          0.008089366823219112,
          0.09743637837602832,
          0.1959437120580857,
          0.22398858375839203
        ],
        [
          0.07159061928877006,
          0.20683463527639778,
          0.14855835507194104,
          0.014067932832115531,
          0.2064594009012614,
          0.18192477833666387,
          0.17056427829285026
        ],
        [
          0.014573829144229776,
          0.1508078859332809,
          0.2176539047435613,
          0.21526576305045994,
          0.1825570602647323,
          0.027091413685146334,
          0.19205014317858948
        ],
        [
          0.1336114484343169,
          0.22606185003456042,
          0.05695800363410727,
          0.0873172600663764,
          0.23347217379126878,
          0.08760845522599482,
          0.17497080881337537
        ],
        [
          0.15145083379508695,
          0.22815580260559667,
          0.057287738525097484,
          0.16899890099863576,
          0.14724359297674794,
          0.10639373144082173,
          0.1404693996580134
        ],
        [
          0.21379010340621032,
          0.030382907033409866,
          0.24201787082387796,
          0.2464811169198115,
          0.01727704927004479,
          0.1684844105662674,
          0.0815665419803782
        ],
        [
          0.24568366739646286,
          0.08123172235600516,
          0.25958474241162777,
          0.01562635577274898,
          0.018401123620114517,
          0.3113662873974597,
          0.068106101045581
        ],
        [
          0.1904982300388209,
          0.10262883012721083,
          0.16829085362844906,
          0.2029935085758109,
          0.06751123555897716,
          0.16194909407748528,
          0.10612824799324586
        ],
        [
          0.12546893395021386,
          0.18265430875776117,
          0.026078476036590536,
          0.003339453264519739,
          0.281358212084924,
          0.32170867103963596,
          0.05939194486635482
        ],
        [
          0.23316159614766455,
          0.12584737358450696,
          0.14687116862818925,
          0.2093811098485397,
          0.02319598848428417,
          0.09578269055249362,
          0.1657600727543217
        ],
        [
          0.029614430066466097,
          0.272848836981372,
          0.10047595631522926,
          0.18010736867041005,
          0.09921832358911617,
          0.13696074169957795,
          0.18077434267782833
        ],
        [
          0.2250879502266787,
          0.24789617383412293,
          0.014715461997896315,
          0.21089268548120332,
          0.24299063415063973,
          0.02098017390319449,
          0.03743692040626449
        ],
        [
          0.12093126568322407,
          0.13784957063085349,
          0.13767973844266648,
          0.17541854897162806,
          0.18430377702643655,
          0.12113405434776905,
          0.12268304489742234
        ],
        [
          0.29782534318063214,
          0.051299762322823315,
          0.18410163216526126,
          0.2475025585210995,
          0.0938041983236644,
          0.099077026828689,
          0.026389478657830298
        ],
        [
          0.013193795733449835,
          0.14298306881447317,
          0.24629182072622843,
          0.03126543161511549,
          0.23726512642016315,
          0.1214479081871342,
          0.2075528485034357
        ],
        [
          0.12311050450043873,
          0.21365970170654844,
          0.1845426357201145,
          0.2068259823559566,
          0.11839547491336612,
          0.06355420455339858,
          0.08991149625017715
        ],
        [
          0.23619866821505123,
          0.12048285759205453,
          0.13587134482173766,
          0.03399588366564988,
          0.19388550648480202,
          0.10357582884404784,
          0.17598991037665673
        ],
        [
          0.2988141333013999,
          0.056229792917651365,
          0.2573540949637623,
          0.01756847217843934,
          0.14322661896634853,
          0.11160064747476597,
          0.11520624019763259
        ],
        [
          0.07156309036042213,
          0.006172153786108929,
          0.21818969683670117,
          0.17808897087576192,
          0.2338470750326612,
          0.05996776067050613,
          0.23217125243783845
        ],
        [
          0.36803271206072646,
          0.13028825085770243,
          0.0992237808049268,
          0.01307279828907751,
          0.13730151345858185,
          0.13314031262398118,
          0.11894063190500385
        ],
        [
          0.15890561811912693,
          0.21456433232859332,
          0.17833229754689486,
          0.047031871454136606,
          0.1707279516869007,
          0.08233293908305507,
          0.14810498978129255
        ],
        [
          0.26930758779075836,
          0.21710942787949855,
          0.018789178296901386,
          0.025441898145804092,
          0.238054001404366,
          0.010273909850742892,
          0.22102399663192865
        ],
        [
          0.10042059762975748,
          0.07156496529874595,
          0.28771810035386036,
          0.14965471665543775,
          0.14191148372024856,
          0.18148915375548633,
          0.06724098258646359
        ],
        [
          0.24188172442073327,
          0.2538981524407858,
          0.07169395306341024,
          0.2214260094699232,
          0.027733431842609523,
          0.06143787021061717,
          0.12192885855192086
        ],
        [
          0.3199680679599985,
          0.025796094078818922,
          0.011974978459543878,
          0.15265390420880953,
          0.08041004577233751,
          0.2406407160953785,
          0.16855619342511322
        ],
        [
          0.34620952403890537,
          0.3330549490168065,
          0.05447757878532515,
          0.11286481030642323,
          0.03813393222663469,
          0.05722943113698039,
          0.05802977448892464
        ],
        [
          0.11029076544711844,
          0.23696568881908944,
          0.07478832353857605,
          0.21256585649375973,
          0.18431580906343675,
          0.015898270594552007,
          0.1651752860434676
        ],
        [
          0.1395561766453841,
          0.27854241861968676,
          0.05478923237527834,
          0.16541345468756946,
          0.15991880377042808,
          0.06085744029739521,
          0.14092247360425805
        ],
        [
          0.003471704954259603,
          0.3884248165343086,
          0.28013750612134064,
          0.06395247406650136,
          0.16857350102472782,
          0.07451739234507011,
          0.020922604953791918
        ]
      ],
      "timestamps": [
        30,
        31,
        32,
        33,
        34,
        35,
        36,
        37,
        38,
        39,
        40,
        41,
        42,
        43,
        44,
        45,
        46,
        47,
        48,
        49,
        50,
        51,
        52,
        53,
        54,
        55,
        56,
        57,
        58,
        59,
        60,
        61,
        62,
        63,
        64,
        65,
        66,
        67,
        68,
        69,
        70,
        71,
        72,
        73,
        74,
        75,
        76,
        77,
        78,
        79,
        80
      ],
      "distance": 393.4
    },
    {
      "trip_id": 2,
      "transport_method": "foot",
      "start_time": 81,
      "path": [
        [
          1.5237350000000003,
          42.50886909999999
        ],
        [
          1.5238357272090468,
          42.50886754298461
        ],
        [
          1.523908392549803,
          42.508790446137546
        ],
        [
          1.523916871604888,
          42.50872517000258
        ],
        [
          1.5238215083877737,
          42.50867901772856
        ],
        [
          1.5237261451706596,
          42.50863286545455
        ],
        [
          1.5236307819535453,
          42.50858671318054
        ],
        [
          1.5235354187364312,
          42.50854056090653
        ],
        [
          1.523440055519317,
          42.50849440863252
        ],
        [
          1.5233461451949524,
          42.50844586964788
        ],
        [
          1.523261352295287,
          42.50838235319536
        ],
        [
          1.5231737247367287,
          42.50832378569195
        ],
        [
          1.5230755034227081,
          42.50829293214289
        ],
        [
          1.522974052852257,
          42.50832346011908
        ],
        [
          1.5228726022818058,
          42.50835398809526
        ],
        [
          1.5227711517113545,
          42.508384516071445
        ],
        [
          1.5226697011409032,
          42.508415044047624
        ],
        [
          1.522568250570452,
          42.50844557202381
        ],
        [
          1.5224668000000008,
          42.50847609999999
        ]
      ],
      "emotions": [
        "purple",
        "purple",
        "purple",
        "purple",
        "red",
        "red",
        "red",
        "red",
        "red",
        "purple",
        "purple",
        "purple",
        "purple",
        "purple",
        "purple",
        "purple",
        "purple",
        "purple",
        "purple"
      ],
      "mood_vectors": [
        [
          0.019698018826506996,
          0.206742171138202,
          0.09396889624003073,
          0.24910659544990785,
          0.19725064406751555,
          0.08324018033284343,
          0.14999349394499342
        ],
        [
          0.10458904730419265,
          0.18597960405438188,
          0.16518148787665338,
          0.1594110096757256,
          0.15279466620915302,
          0.16360908832657436,
          0.06843509655331911
        ],
        [
          0.18845200075261187,
          0.132844455756586,
          0.15466997289512688,
          0.1749054431691208,
          0.18386267867998887,
          0.14030407115474836,
          0.024961377591817192
        ],
        [
          0.006506151053050201,
          0.23532467976943747,
          0.018264984848605562,
          0.06280061499988336,
          0.2818204710480712,
          0.09372561971054831,
          0.301557478570404
        ],
        [
          0.10343552153488696,
          0.20660428425738786,
          0.19484884940444674,
          0.02793313984129802,
          0.18630568602067948,
          0.19212675109369579,
          0.08874576784760517
        ],
        [
          0.06571815615961499,
          0.09532331282300811,
          0.19758992776889842,
          0.09233557207529391,
          0.17043588261400727,
          0.20284938263635777,
          0.17574776592281943
        ],
        [
          0.37808714558002576,
          0.02973464942056846,
          0.019929873732898958,
          0.20509440477524077,
          0.12993804067477252,
          0.2313941956667035,
          0.005821690149789996
        ],
        [
          0.22504935864722853,
          0.2342015368822385,
          0.06602778776240734,
          0.026306274370702928,
          0.19126795849982775,
          0.03723340816372383,
          0.21991367567387124
        ],
        [
          0.36442538223882315,
          0.11096788691498263,
          0.163491771382746,
          0.07992646436811916,
          0.027883618108882825,
          0.06767711176221079,
          0.18562776522423546
        ],
        [
          0.12415072777025206,
          0.18546721281377732,
          0.03293218414568773,
          0.16853863394223823,
          0.15412606354682185,
          0.23779105409330892,
          0.0969941236879139
        ],
        [
          0.025427385350438925,
          0.06286289190542184,
          0.20239290845910418,
          0.12005535763991948,
          0.08107539680059742,
          0.36242628930387955,
          0.1457597705406387
        ],
        [
          0.09072867411365901,
          0.15853778830102958,
          0.15523140402189053,
          0.0693481529040901,
          0.0493542795075241,
          0.18458261616160898,
          0.2922170849901977
        ],
        [
          0.3351129645969634,
          0.2503282069290519,
          0.025619947545204778,
          0.0015721052893845414,
          0.06030268795945252,
          0.01750888462267945,
          0.3095552030572634
        ],
        [
          0.13048779471690156,
          0.10479023018198938,
          0.07273437190788791,
          0.11552909628633536,
          0.2198817555610602,
          0.2374225760985942,
          0.11915417524723132
        ],
        [
          0.15528805995710704,
          0.26327444384000964,
          0.18517203596578943,
          0.167141124367955,
          0.20225806460699122,
          0.002190254300911138,
          0.02467601696123649
        ],
        [
          0.07731657828888999,
          0.23991471103508435,
          0.07806596253376975,
          0.15426326598326118,
          0.0845080844586534,
          0.15385826953277756,
          0.21207312816756368
        ],
        [
          0.17721927505022395,
          0.04919455563850429,
          0.17814758211625462,
          0.044151407255681625,
          0.20009001682885239,
          0.08061504093531241,
          0.2705821221751708
        ],
        [
          0.06333130660602226,
          0.1963327647343954,
          0.029737064408586856,
          0.22300700741561824,
          0.13428970964563644,
          0.13513708219699083,
          0.21816506499274999
        ],
        [
          0.27466278366525837,
          0.014170622703104645,
          0.21613323863206652,
          0.24628525915283977,
          0.03547057206101438,
          0.03203204533668638,
          0.18124547844902994
        ]
      ],
      "timestamps": [
        81,
        82,
        83,
        84,
        85,
        86,
        87,
        88,
        89,
        90,
        91,
        92,
        93,
        94,
        95,
        96,
        97,
        98,
        99
      ],
      "distance": 332.9
    }
  ],
  "conversation": [
    "I always forget how much I like walking here.",
    "Is that a sushi place... next to a Russian bakery?",
    "Where did the time go?"
  ],
  "conversation_timestamps": [
    3,
    67,
    83
  ]
}
