{"agent_id": "agent-orange-578", "type": "orange", "trips": [{"trip_id": 0, "transport_method": "bicycle", "start_time": 0, "path": [[1.5819423, 42.5364895], [1.581987, 42.5355598], [1.5811539, 42.5348138], [1.5804642, 42.5338423], [1.5799853, 42.5335617], [1.5788525, 42.5331392], [1.5776719, 42.5329174], [1.5764725, 42.5327293], [1.5771681, 42.5328168], [1.577448, 42.5328668], [1.5762555, 42.5326392], [1.575063, 42.5324117], [1.5751695, 42.532462], [1.5758777, 42.5325061], [1.5747856, 42.531976], [1.5736934, 42.5314458], [1.5731985, 42.5313763], [1.574119, 42.5321513], [1.5734895, 42.5315712], [1.5726313, 42.5307125], [1.5718793, 42.5297671], [1.5709001, 42.5290545], [1.5699292, 42.5283257], [1.5699925, 42.5283241], [1.570988, 42.5290138], [1.5707649, 42.529002], [1.5697545, 42.5283289], [1.5687441, 42.5276559], [1.5677337, 42.5269829], [1.5682957, 42.5272826], [1.5689124, 42.5276836], [1.5679043, 42.5270072], [1.5668962, 42.5263307], [1.5658785, 42.5256751], [1.5647475, 42.5252392], [1.5636371, 42.5248373], [1.5625316, 42.524363], [1.5617263, 42.5234579], [1.560756, 42.5227304], [1.5597921, 42.5220496], [1.5587913, 42.5213836], [1.5578984, 42.5205614], [1.557049, 42.5196942], [1.5567438, 42.5192773], [1.5561825, 42.5186409], [1.5564282, 42.5190877], [1.5555028, 42.518302], [1.5550007, 42.5179188], [1.5546374, 42.5176153], [1.5537257, 42.5168137], [1.5544634, 42.5176424], [1.5538727, 42.5168927], [1.5533546, 42.5158213], [1.5527339, 42.5147892], [1.5525582, 42.5136337], [1.5515178, 42.5130237], [1.5505918, 42.5122545], [1.549495, 42.5117675], [1.5483165, 42.5114763], [1.5471401, 42.5111774], [1.546324, 42.5104016], [1.5462876, 42.5101335], [1.5455486, 42.5094351], [1.5443516, 42.509302], [1.5431925, 42.5089811], [1.5419918, 42.5088883], [1.5407985, 42.5086844], [1.5399002, 42.5083606], [1.538698, 42.5082281], [1.5375243, 42.5079855], [1.5375033, 42.5080489], [1.5363101, 42.507825], [1.5351531, 42.5074825], [1.5345179, 42.507292], [1.5356493, 42.5077], [1.5345736, 42.5072287], [1.5334325, 42.5068231], [1.5322572, 42.5066524], [1.5311523, 42.5065692], [1.5300931, 42.5065243]], "mood_vectors": [[0.0282, 0.0521, 0.1013, 0.0546, 0.7071, 0.0379, 0.0189], [0.035, 0.0575, 0.0938, 0.0785, 0.6594, 0.0417, 0.0342], [0.0516, 0.0694, 0.0658, 0.0791, 0.6157, 0.0404, 0.0779], [0.0299, 0.0758, 0.0699, 0.0744, 0.6549, 0.0566, 0.0385], [0.0604, 0.0219, 0.0255, 0.0498, 0.7417, 0.0409, 0.0597], [0.0654, 0.0234, 0.0323, 0.0493, 0.6996, 0.0687, 0.0613], [0.0788, 0.0467, 0.0773, 0.0751, 0.6286, 0.0351, 0.0583], [0.0181, 0.0805, 0.0301, 0.0802, 0.7467, 0.0278, 0.0166], [0.0522, 0.0232, 0.0797, 0.0484, 0.7042, 0.0144, 0.0779], [0.0583, 0.057, 0.0651, 0.0559, 0.7071, 0.0296, 0.0271], [0.0281, 0.0647, 0.0553, 0.0686, 0.6618, 0.0495, 0.0719], [0.0732, 0.0507, 0.0352, 0.0355, 0.7279, 0.0509, 0.0267], [0.0822, 0.0142, 0.0654, 0.0692, 0.6654, 0.0275, 0.076], [0.066, 0.0459, 0.0491, 0.0582, 0.6616, 0.0569, 0.0623], [0.0449, 0.0212, 0.0746, 0.0501, 0.7072, 0.0614, 0.0405], [0.0531, 0.0584, 0.0279, 0.0798, 0.6893, 0.047, 0.0445], [0.0196, 0.0591, 0.0932, 0.066, 0.6898, 0.0302, 0.0421], [0.015, 0.0624, 0.0438, 0.0478, 0.7396, 0.0441, 0.0473], [0.026, 0.0892, 0.0191, 0.0595, 0.6952, 0.0665, 0.0445], [0.026, 0.0414, 0.0728, 0.0414, 0.7189, 0.0389, 0.0605], [0.0486, 0.0295, 0.0356, 0.0836, 0.7163, 0.0515, 0.035], [0.0461, 0.0363, 0.0391, 0.057, 0.7061, 0.0604, 0.055], [0.041, 0.045, 0.0243, 0.0711, 0.6738, 0.0657, 0.0791], [0.0471, 0.078, 0.0182, 0.0386, 0.7097, 0.0624, 0.0461], [0.058, 0.0754, 0.0194, 0.0543, 0.6983, 0.0193, 0.0754], [0.064, 0.0643, 0.0348, 0.0337, 0.7402, 0.041, 0.022], [0.0659, 0.0149, 0.0588, 0.0154, 0.7111, 0.0599, 0.0739], [0.0547, 0.076, 0.0818, 0.0645, 0.5697, 0.0779, 0.0754], [0.0917, 0.0789, 0.0868, 0.0567, 0.6128, 0.0389, 0.0342], [0.0182, 0.0203, 0.0574, 0.0827, 0.7363, 0.0179, 0.0672], [0.0735, 0.0694, 0.0374, 0.0765, 0.6656, 0.0592, 0.0184], [0.0185, 0.0407, 0.0522, 0.0324, 0.718, 0.0675, 0.0708], [0.0367, 0.0241, 0.0606, 0.0503, 0.774, 0.0299, 0.0244], [0.0198, 0.0914, 0.0791, 0.0753, 0.6411, 0.0531, 0.0403], [0.0681, 0.0715, 0.0475, 0.0887, 0.6081, 0.0775, 0.0385], [0.0485, 0.0211, 0.0354, 0.0884, 0.6949, 0.0615, 0.0502], [0.0863, 0.0195, 0.0203, 0.0916, 0.6575, 0.0839, 0.041], [0.0307, 0.0231, 0.0642, 0.0501, 0.7176, 0.0587, 0.0556], [0.0532, 0.0638, 0.0787, 0.0852, 0.6629, 0.0325, 0.0239], [0.0331, 0.0486, 0.0646, 0.0232, 0.721, 0.0669, 0.0425], [0.0648, 0.0685, 0.0695, 0.0397, 0.6949, 0.0217, 0.0409], [0.0594, 0.068, 0.0315, 0.0422, 0.7185, 0.0698, 0.0107], [0.0223, 0.0708, 0.0763, 0.077, 0.6476, 0.0195, 0.0865], [0.0289, 0.0689, 0.0239, 0.0763, 0.6284, 0.082, 0.0916], [0.0577, 0.047, 0.0678, 0.0478, 0.6778, 0.0192, 0.0826], [0.0656, 0.0383, 0.0457, 0.0407, 0.6844, 0.0485, 0.0767], [0.0447, 0.0314, 0.0513, 0.0633, 0.6906, 0.0517, 0.0669], [0.0541, 0.0295, 0.0257, 0.0321, 0.7438, 0.0352, 0.0796], [0.0429, 0.0598, 0.0344, 0.0732, 0.6802, 0.0688, 0.0408], [0.0207, 0.0158, 0.014, 0.0462, 0.7468, 0.0628, 0.0937], [0.0321, 0.0671, 0.0345, 0.0174, 0.7342, 0.0344, 0.0803], [0.0618, 0.0718, 0.0245, 0.0272, 0.6252, 0.0932, 0.0964], [0.084, 0.0233, 0.0632, 0.0155, 0.6232, 0.0934, 0.0973], [0.0807, 0.0339, 0.0343, 0.0649, 0.7053, 0.0232, 0.0577], [0.0815, 0.032, 0.0402, 0.0664, 0.6917, 0.0598, 0.0283], [0.0848, 0.0671, 0.0586, 0.0255, 0.6333, 0.081, 0.0496], [0.0228, 0.0745, 0.0193, 0.0807, 0.7672, 0.0193, 0.0162], [0.0566, 0.0324, 0.0382, 0.0597, 0.7013, 0.0374, 0.0744], [0.027, 0.055, 0.0857, 0.0785, 0.6562, 0.0594, 0.0382], [0.0459, 0.0238, 0.0211, 0.0732, 0.7344, 0.0404, 0.0612], [0.0705, 0.0288, 0.0295, 0.0559, 0.7494, 0.0327, 0.0332], [0.0247, 0.0546, 0.0749, 0.0454, 0.7416, 0.0194, 0.0394], [0.0751, 0.0386, 0.0664, 0.0532, 0.641, 0.0737, 0.052], [0.0537, 0.0266, 0.0361, 0.0581, 0.698, 0.0628, 0.0647], [0.0264, 0.0624, 0.077, 0.031, 0.7044, 0.0181, 0.0808], [0.0288, 0.0581, 0.0687, 0.0338, 0.7268, 0.0611, 0.0228], [0.0589, 0.0339, 0.0241, 0.0697, 0.7114, 0.0498, 0.0522], [0.0187, 0.0665, 0.0518, 0.0543, 0.7526, 0.0113, 0.0449], [0.0815, 0.0978, 0.0288, 0.0263, 0.7158, 0.0223, 0.0274], [0.0585, 0.0712, 0.0424, 0.0837, 0.6474, 0.0225, 0.0742], [0.0187, 0.0755, 0.0351, 0.0422, 0.7175, 0.0746, 0.0364], [0.0569, 0.0734, 0.0761, 0.0657, 0.5844, 0.0733, 0.0702], [0.0506, 0.0643, 0.057, 0.0659, 0.6593, 0.0646, 0.0383], [0.0321, 0.0763, 0.0683, 0.0363, 0.6979, 0.0715, 0.0176], [0.0531, 0.065, 0.039, 0.0419, 0.6913, 0.0642, 0.0455], [0.0737, 0.0371, 0.0925, 0.0288, 0.6456, 0.0367, 0.0856], [0.072, 0.0155, 0.0715, 0.0533, 0.6981, 0.0137, 0.076], [0.0715, 0.0455, 0.0621, 0.0456, 0.6524, 0.0603, 0.0625], [0.0395, 0.0766, 0.0644, 0.0224, 0.6961, 0.0731, 0.0279], [0.0392, 0.0548, 0.0718, 0.0347, 0.6777, 0.0519, 0.0699]], "emotions": ["red", "red", "red", "red", "red", "red", "red", "red", "red", "red", "red", "red", "red", "red", "red", "red", "red", "red", "red", "red", "red", "red", "red", "red", "red", "red", "red", "red", "red", "red", "red", "red", "red", "red", "red", "red", "red", "red", "red", "red", "red", "red", "red", "red", "red", "red", "red", "red", "red", "red", "red", "red", "red", "red", "red", "red", "red", "red", "red", "red", "red", "red", "red", "red", "red", "red", "red", "red", "red", "red", "red", "red", "red", "red", "red", "red", "red", "red", "red", "red"], "timestamps": [0, 40, 80, 120, 160, 200, 240, 280, 320, 360, 400, 440, 480, 520, 560, 600, 640, 680, 720, 760, 800, 840, 880, 920, 960, 1000, 1040, 1080, 1120, 1160, 1200, 1240, 1280, 1320, 1360, 1400, 1440, 1480, 1520, 1560, 1600, 1640, 1680, 1720, 1760, 1800, 1840, 1880, 1920, 1960, 2000, 2040, 2080, 2120, 2160, 2200, 2240, 2280, 2320, 2360, 2400, 2440, 2480, 2520, 2560, 2600, 2640, 2680, 2720, 2760, 2800, 2840, 2880, 2920, 2960, 3000, 3040, 3080, 3120, 3160]}], "conversation": [], "conversation_timestamps": []}