{"agent_id": "agent-blue-105", "type": "blue", "trips": [{"trip_id": 0, "transport_method": "car", "start_time": 0, "path": [[1.5363231, 42.5086484], [1.5355515, 42.5085937], [1.5352136, 42.5092107], [1.5344415, 42.5092584], [1.5339474, 42.5096464], [1.5335667, 42.5102409], [1.5330572, 42.510798], [1.5325554, 42.511385], [1.5319618, 42.5118779], [1.5312877, 42.5122548], [1.5305859, 42.5125801], [1.5298802, 42.5128968], [1.5291691, 42.5132012], [1.5284624, 42.5135156], [1.5277564, 42.5138319], [1.5270569, 42.5141619], [1.5263702, 42.5145173], [1.525733, 42.5149533], [1.5251865, 42.5154996], [1.524736, 42.5161243], [1.5244062, 42.5168226], [1.5241661, 42.5175564], [1.5240554, 42.5183219], [1.523931, 42.5190847], [1.5238322, 42.5198519], [1.5235856, 42.5205796], [1.5232384, 42.5212687], [1.5226485, 42.5217609], [1.5220624, 42.5222558], [1.5217632, 42.5229613], [1.5213419, 42.5236025], [1.5208722, 42.5242156], [1.5206539, 42.5249321], [1.5207872, 42.5256802], [1.5206571, 42.5264283], [1.5205818, 42.5271744], [1.5209279, 42.5278286], [1.5211686, 42.5285361], [1.5216277, 42.5291209], [1.521872, 42.5296046], [1.5213424, 42.5301515], [1.5213272, 42.5307704], [1.5209338, 42.5314308], [1.5211303, 42.5321285], [1.5213086, 42.5328348], [1.5217152, 42.5329988], [1.5222125, 42.5325182], [1.5225868, 42.5328481], [1.5225399, 42.5334169], [1.5231748, 42.533025], [1.5234225, 42.5324095], [1.5238198, 42.5325312], [1.5240302, 42.5331197], [1.5247323, 42.5333096], [1.5250063, 42.5339737], [1.5246048, 42.5344182], [1.525079, 42.5345706], [1.5258068, 42.534778], [1.5264333, 42.5352275], [1.5270547, 42.5356882], [1.5269666, 42.5356458], [1.5263455, 42.5351851], [1.5264162, 42.5352094], [1.5270423, 42.5356635], [1.5276685, 42.5361177], [1.5283462, 42.5364311], [1.527803, 42.5359336], [1.5272268, 42.5354188], [1.5275828, 42.5354549], [1.5282414, 42.5358603], [1.5289676, 42.5361229], [1.5297267, 42.5362373], [1.5303859, 42.5366179], [1.531042, 42.5369649], [1.5316462, 42.5374351], [1.5320293, 42.5376564], [1.53183, 42.5371654], [1.5321696, 42.5377749], [1.5318055, 42.5371813], [1.531371, 42.5365517]], "mood_vectors": [[0.0696, 0.0382, 0.0912, 0.6135, 0.0705, 0.0296, 0.0874], [0.077, 0.0297, 0.0793, 0.6779, 0.0741, 0.0126, 0.0495], [0.0641, 0.0706, 0.0464, 0.7231, 0.0268, 0.0121, 0.0569], [0.0215, 0.0217, 0.0148, 0.7733, 0.055, 0.0388, 0.0749], [0.062, 0.0627, 0.0736, 0.6577, 0.0525, 0.0409, 0.0506], [0.0194, 0.1013, 0.0295, 0.6964, 0.0616, 0.0396, 0.0522], [0.0588, 0.0669, 0.0506, 0.7003, 0.0234, 0.0281, 0.0719], [0.0142, 0.0731, 0.0191, 0.6783, 0.0699, 0.087, 0.0583], [0.0581, 0.0271, 0.0642, 0.7625, 0.0229, 0.032, 0.0332], [0.073, 0.0325, 0.0376, 0.7098, 0.0428, 0.0401, 0.0642], [0.039, 0.0395, 0.0194, 0.7119, 0.0485, 0.0864, 0.0553], [0.0585, 0.027, 0.0161, 0.6725, 0.0588, 0.0837, 0.0834], [0.0434, 0.0339, 0.04, 0.7106, 0.047, 0.0782, 0.0468], [0.0461, 0.0676, 0.0371, 0.7904, 0.018, 0.0253, 0.0154], [0.0432, 0.0559, 0.0132, 0.8155, 0.0427, 0.0161, 0.0134], [0.0481, 0.0753, 0.0222, 0.6673, 0.0793, 0.0598, 0.0481], [0.0687, 0.0755, 0.0779, 0.5701, 0.05, 0.0777, 0.0801], [0.038, 0.0652, 0.0388, 0.6719, 0.081, 0.0348, 0.0704], [0.0922, 0.0271, 0.0247, 0.6577, 0.0889, 0.0469, 0.0625], [0.048, 0.0631, 0.019, 0.6913, 0.0603, 0.0525, 0.0657], [0.0571, 0.047, 0.0539, 0.6557, 0.076, 0.0651, 0.0452], [0.0665, 0.0434, 0.0403, 0.682, 0.0792, 0.0423, 0.0463], [0.0505, 0.0435, 0.0313, 0.673, 0.0683, 0.0662, 0.0672], [0.0507, 0.0418, 0.0192, 0.7355, 0.0686, 0.0449, 0.0393], [0.0257, 0.0453, 0.0494, 0.7382, 0.0784, 0.0224, 0.0406], [0.0638, 0.0237, 0.0396, 0.7468, 0.0288, 0.0167, 0.0806], [0.0259, 0.0316, 0.0432, 0.7432, 0.0141, 0.076, 0.066], [0.0453, 0.0716, 0.0565, 0.6594, 0.0511, 0.0484, 0.0677], [0.038, 0.0599, 0.0294, 0.7467, 0.0718, 0.0204, 0.0337], [0.021, 0.0225, 0.0644, 0.7843, 0.0631, 0.0191, 0.0256], [0.051, 0.0378, 0.0758, 0.6556, 0.0377, 0.0701, 0.072], [0.0347, 0.0521, 0.0231, 0.6916, 0.051, 0.0657, 0.0818], [0.0761, 0.0239, 0.0165, 0.7643, 0.0294, 0.0701, 0.0197], [0.0681, 0.0584, 0.0708, 0.651, 0.0656, 0.0527, 0.0333], [0.054, 0.041, 0.0812, 0.768, 0.0239, 0.018, 0.014], [0.0765, 0.0206, 0.0657, 0.6641, 0.0392, 0.0341, 0.0997], [0.0684, 0.0527, 0.0261, 0.7697, 0.0312, 0.0227, 0.0292], [0.0749, 0.0418, 0.0759, 0.7121, 0.0213, 0.0574, 0.0165], [0.0617, 0.02, 0.0325, 0.7713, 0.0778, 0.0178, 0.0188], [0.0557, 0.0251, 0.0294, 0.761, 0.0732, 0.0397, 0.0159], [0.0146, 0.0773, 0.0317, 0.7512, 0.0376, 0.0206, 0.067], [0.0609, 0.0658, 0.0191, 0.6967, 0.0649, 0.0587, 0.0338], [0.0399, 0.071, 0.0375, 0.6916, 0.0506, 0.0785, 0.0308], [0.0625, 0.0393, 0.0144, 0.7259, 0.0422, 0.0431, 0.0726], [0.0815, 0.0499, 0.0288, 0.6646, 0.0673, 0.0602, 0.0477], [0.0264, 0.0625, 0.0183, 0.6387, 0.0887, 0.0888, 0.0767], [0.0551, 0.0691, 0.0369, 0.7116, 0.0291, 0.0727, 0.0255], [0.0195, 0.0232, 0.0826, 0.7207, 0.0454, 0.072, 0.0366], [0.0681, 0.0622, 0.0242, 0.7265, 0.0593, 0.0477, 0.0121], [0.0573, 0.0787, 0.0165, 0.6575, 0.0336, 0.089, 0.0674], [0.0197, 0.0564, 0.0733, 0.6695, 0.0522, 0.0503, 0.0786], [0.0674, 0.0508, 0.0616, 0.6804, 0.0324, 0.0403, 0.0671], [0.0411, 0.0161, 0.0677, 0.7833, 0.017, 0.0459, 0.0289], [0.0428, 0.0545, 0.0171, 0.7073, 0.0856, 0.042, 0.0508], [0.0391, 0.0207, 0.0986, 0.6947, 0.061, 0.0254, 0.0606], [0.0273, 0.0549, 0.0338, 0.7532, 0.0416, 0.0273, 0.0619], [0.0416, 0.0202, 0.0488, 0.7302, 0.0552, 0.0339, 0.0701], [0.019, 0.0165, 0.0423, 0.7609, 0.0362, 0.0573, 0.0679], [0.0144, 0.0702, 0.0215, 0.7712, 0.0318, 0.0441, 0.0469], [0.0502, 0.0189, 0.0925, 0.6115, 0.0856, 0.0605, 0.0808], [0.0304, 0.0185, 0.0239, 0.7582, 0.0773, 0.0669, 0.0247], [0.0412, 0.0151, 0.0907, 0.6871, 0.0542, 0.0614, 0.0503], [0.0446, 0.0524, 0.0544, 0.7732, 0.0275, 0.0362, 0.0115], [0.0565, 0.0127, 0.0419, 0.7211, 0.0282, 0.063, 0.0766], [0.0648, 0.0287, 0.0608, 0.7491, 0.031, 0.0289, 0.0368], [0.0736, 0.0405, 0.0131, 0.7305, 0.059, 0.031, 0.0524], [0.0674, 0.0527, 0.0464, 0.6897, 0.0381, 0.0376, 0.0682], [0.0475, 0.0448, 0.0867, 0.6346, 0.0494, 0.0845, 0.0525], [0.0905, 0.0602, 0.0373, 0.7048, 0.0335, 0.0588, 0.0149], [0.0669, 0.0292, 0.0603, 0.658, 0.0562, 0.0894, 0.04], [0.0749, 0.0508, 0.064, 0.6888, 0.0427, 0.0662, 0.0125], [0.0486, 0.0672, 0.0437, 0.7189, 0.0112, 0.0457, 0.0647], [0.0537, 0.0279, 0.0686, 0.7504, 0.0168, 0.067, 0.0156], [0.0126, 0.0669, 0.0627, 0.7111, 0.061, 0.0342, 0.0516], [0.0507, 0.067, 0.035, 0.7238, 0.0311, 0.0762, 0.0162], [0.0733, 0.0308, 0.0691, 0.7112, 0.0407, 0.0128, 0.062], [0.0267, 0.0692, 0.0472, 0.6504, 0.0832, 0.0829, 0.0403], [0.0672, 0.0321, 0.0793, 0.6271, 0.0678, 0.0463, 0.0801], [0.0598, 0.0153, 0.0649, 0.726, 0.0518, 0.0524, 0.0298], [0.0626, 0.0129, 0.058, 0.7036, 0.055, 0.0356, 0.0723]], "emotions": ["green", "green", "green", "green", "green", "green", "green", "green", "green", "green", "green", "green", "green", "green", "green", "green", "green", "green", "green", "green", "green", "green", "green", "green", "green", "green", "green", "green", "green", "green", "green", "green", "green", "green", "green", "green", "green", "green", "green", "green", "green", "green", "green", "green", "green", "green", "green", "green", "green", "green", "green", "green", "green", "green", "green", "green", "green", "green", "green", "green", "green", "green", "green", "green", "green", "green", "green", "green", "green", "green", "green", "green", "green", "green", "green", "green", "green", "green", "green", "green"], "timestamps": [0, 40, 80, 120, 160, 200, 240, 280, 320, 360, 400, 440, 480, 520, 560, 600, 640, 680, 720, 760, 800, 840, 880, 920, 960, 1000, 1040, 1080, 1120, 1160, 1200, 1240, 1280, 1320, 1360, 1400, 1440, 1480, 1520, 1560, 1600, 1640, 1680, 1720, 1760, 1800, 1840, 1880, 1920, 1960, 2000, 2040, 2080, 2120, 2160, 2200, 2240, 2280, 2320, 2360, 2400, 2440, 2480, 2520, 2560, 2600, 2640, 2680, 2720, 2760, 2800, 2840, 2880, 2920, 2960, 3000, 3040, 3080, 3120, 3160]}], "conversation": [], "conversation_timestamps": []}