{"agent_id": "agent-red-1871", "type": "red", "trips": [{"trip_id": 0, "transport_method": "bicycle", "start_time": 0, "path": [[1.4822728, 42.4590083], [1.4828977, 42.4600075], [1.4843799, 42.4600758], [1.4858901, 42.4602705], [1.4861966, 42.4602342], [1.4874002, 42.4610405], [1.4867996, 42.4607585], [1.4866898, 42.4604538], [1.4879319, 42.4610993], [1.4893103, 42.4614063], [1.4894713, 42.4626011], [1.4893356, 42.4632757], [1.4894721, 42.4617711], [1.489492, 42.4624414], [1.4893757, 42.4639606], [1.4899172, 42.4651347], [1.4911743, 42.4659902], [1.4918017, 42.4670767], [1.4917197, 42.4684507], [1.4920437, 42.4699224], [1.4915098, 42.4713359], [1.490791, 42.4726793], [1.4905746, 42.474141], [1.4908496, 42.4756165], [1.490539, 42.4770631], [1.4903005, 42.4785679], [1.490062, 42.4800728], [1.4898234, 42.4815776], [1.4894686, 42.4808427], [1.4894764, 42.4793399], [1.4902191, 42.4780158], [1.4905952, 42.4766175], [1.4905203, 42.4778747], [1.4904, 42.4793936], [1.4902796, 42.4809125], [1.4901593, 42.4824314], [1.4908116, 42.4837746], [1.4918372, 42.4847385], [1.4932081, 42.485243], [1.494387, 42.4861993], [1.4946548, 42.4876273], [1.4953319, 42.4889328], [1.4962462, 42.4901329], [1.4967965, 42.4914273], [1.4980905, 42.49223], [1.4994304, 42.4929538], [1.5005734, 42.493946], [1.501826, 42.4946951], [1.5032059, 42.4953399], [1.5046087, 42.4959167], [1.5060277, 42.4964596], [1.5074623, 42.4969728], [1.5088531, 42.4975921], [1.5102048, 42.498292], [1.5111829, 42.4994551], [1.5121145, 42.5006606], [1.5130953, 42.5018062], [1.5137364, 42.5022036], [1.5132213, 42.5018404], [1.5145929, 42.5025039], [1.5155225, 42.5030762], [1.5152929, 42.5029192], [1.5166031, 42.5036766], [1.5181153, 42.5036588], [1.5195336, 42.5038425], [1.5209625, 42.5042569], [1.522314, 42.504769], [1.5238131, 42.5048938], [1.525311, 42.5051718], [1.5268187, 42.5052989], [1.5275165, 42.5053358], [1.529029, 42.5053929], [1.5305253, 42.5056772], [1.5320129, 42.5059135], [1.5334372, 42.5064047], [1.534934, 42.5066285], [1.5364227, 42.5069483], [1.53778, 42.5074753], [1.5371316, 42.5072785], [1.5373167, 42.5073357]], "mood_vectors": [[0.7413, 0.0442, 0.0544, 0.0268, 0.0631, 0.0265, 0.0438], [0.7745, 0.0488, 0.0301, 0.077, 0.0202, 0.0233, 0.0262], [0.8162, 0.0175, 0.055, 0.0306, 0.0326, 0.024, 0.0241], [0.6608, 0.0516, 0.044, 0.0759, 0.0615, 0.0464, 0.0599], [0.6914, 0.0685, 0.0503, 0.0309, 0.0305, 0.046, 0.0825], [0.6912, 0.0657, 0.0512, 0.0723, 0.0719, 0.0314, 0.0163], [0.6926, 0.0389, 0.0522, 0.0776, 0.0223, 0.0638, 0.0527], [0.72, 0.0622, 0.0332, 0.0558, 0.0184, 0.0564, 0.0541], [0.67, 0.021, 0.0745, 0.0301, 0.0665, 0.0682, 0.0696], [0.7137, 0.0325, 0.0457, 0.0801, 0.0576, 0.0369, 0.0335], [0.755, 0.0566, 0.0186, 0.0297, 0.0221, 0.03, 0.088], [0.6569, 0.0433, 0.0635, 0.0704, 0.0572, 0.0273, 0.0814], [0.7359, 0.0441, 0.0474, 0.0182, 0.0654, 0.0672, 0.0218], [0.689, 0.0561, 0.0448, 0.0585, 0.0398, 0.0461, 0.0657], [0.7261, 0.0238, 0.0515, 0.0399, 0.0682, 0.0369, 0.0536], [0.6694, 0.0658, 0.039, 0.0636, 0.0776, 0.0362, 0.0483], [0.7074, 0.0809, 0.0253, 0.0519, 0.0421, 0.0686, 0.0239], [0.636, 0.0746, 0.0254, 0.0686, 0.0548, 0.0731, 0.0674], [0.7408, 0.0523, 0.0364, 0.0287, 0.0509, 0.0278, 0.063], [0.7282, 0.0266, 0.0787, 0.0398, 0.0464, 0.017, 0.0634], [0.7095, 0.0249, 0.0686, 0.0503, 0.0563, 0.0304, 0.0599], [0.7301, 0.0434, 0.0406, 0.0218, 0.0691, 0.067, 0.028], [0.6596, 0.0449, 0.0822, 0.0735, 0.0252, 0.0458, 0.0687], [0.7656, 0.0449, 0.0262, 0.0541, 0.0576, 0.0149, 0.0366], [0.7395, 0.0201, 0.0647, 0.0458, 0.0204, 0.0857, 0.024], [0.7239, 0.0675, 0.0148, 0.0534, 0.0755, 0.0343, 0.0307], [0.6816, 0.0637, 0.0268, 0.0686, 0.0548, 0.0874, 0.0171], [0.6737, 0.0515, 0.0548, 0.0607, 0.0455, 0.0598, 0.054], [0.5991, 0.0548, 0.0633, 0.0796, 0.065, 0.075, 0.0633], [0.6885, 0.0434, 0.0557, 0.0624, 0.0172, 0.0447, 0.0881], [0.7554, 0.0456, 0.0426, 0.0711, 0.0239, 0.0448, 0.0166], [0.7398, 0.0176, 0.0322, 0.0393, 0.038, 0.065, 0.0682], [0.7582, 0.0618, 0.0631, 0.0489, 0.0221, 0.0281, 0.0178], [0.7383, 0.0362, 0.0408, 0.0603, 0.0127, 0.0587, 0.053], [0.7058, 0.0362, 0.0378, 0.0519, 0.0752, 0.0195, 0.0736], [0.6095, 0.028, 0.0542, 0.056, 0.0889, 0.0935, 0.0699], [0.8049, 0.0473, 0.0338, 0.0193, 0.0169, 0.05, 0.0278], [0.7109, 0.0689, 0.026, 0.0349, 0.0829, 0.0274, 0.049], [0.5855, 0.0509, 0.051, 0.0682, 0.0825, 0.0769, 0.085], [0.7032, 0.0759, 0.0266, 0.0396, 0.0428, 0.0692, 0.0428], [0.6556, 0.0791, 0.0626, 0.0223, 0.0496, 0.052, 0.0789], [0.6675, 0.0712, 0.0616, 0.0156, 0.0692, 0.0562, 0.0587], [0.6406, 0.0498, 0.0482, 0.077, 0.0436, 0.0532, 0.0877], [0.6271, 0.0646, 0.093, 0.0722, 0.0321, 0.0738, 0.0372], [0.6169, 0.0753, 0.0208, 0.0716, 0.0853, 0.0705, 0.0595], [0.6624, 0.0351, 0.0153, 0.0602, 0.0692, 0.0618, 0.096], [0.7167, 0.0294, 0.0757, 0.0357, 0.0262, 0.0559, 0.0604], [0.7, 0.0172, 0.0461, 0.0509, 0.0536, 0.0453, 0.0867], [0.6916, 0.0374, 0.0523, 0.0691, 0.0203, 0.0605, 0.0687], [0.7377, 0.0208, 0.0432, 0.0382, 0.0224, 0.0616, 0.0761], [0.7086, 0.0149, 0.0689, 0.0546, 0.0534, 0.036, 0.0636], [0.732, 0.0339, 0.0632, 0.0343, 0.0551, 0.0218, 0.0596], [0.775, 0.0154, 0.0457, 0.0611, 0.059, 0.026, 0.0178], [0.711, 0.013, 0.0868, 0.0305, 0.073, 0.0673, 0.0185], [0.6599, 0.0828, 0.0459, 0.0902, 0.067, 0.0333, 0.0208], [0.6929, 0.0477, 0.0701, 0.0326, 0.0476, 0.0207, 0.0883], [0.7094, 0.081, 0.0426, 0.0145, 0.0203, 0.0517, 0.0804], [0.7461, 0.0145, 0.0531, 0.0771, 0.0778, 0.0124, 0.019], [0.6017, 0.0904, 0.0573, 0.0441, 0.0817, 0.062, 0.0628], [0.6411, 0.0722, 0.0194, 0.061, 0.0814, 0.1064, 0.0185], [0.7076, 0.0396, 0.07, 0.0376, 0.0504, 0.0783, 0.0164], [0.7223, 0.0401, 0.026, 0.0641, 0.067, 0.0558, 0.0246], [0.6724, 0.0322, 0.0547, 0.082, 0.0778, 0.0527, 0.0283], [0.6802, 0.071, 0.0571, 0.034, 0.0715, 0.023, 0.0632], [0.6488, 0.0691, 0.0688, 0.0468, 0.0501, 0.0485, 0.0679], [0.7721, 0.0396, 0.0229, 0.0565, 0.0586, 0.0133, 0.037], [0.7234, 0.0136, 0.0693, 0.0525, 0.0501, 0.0575, 0.0336], [0.7236, 0.0641, 0.064, 0.0145, 0.0594, 0.0272, 0.0472], [0.6062, 0.089, 0.0321, 0.0817, 0.09, 0.0169, 0.0841], [0.7639, 0.0423, 0.0727, 0.0224, 0.0326, 0.0248, 0.0414], [0.6312, 0.0321, 0.0852, 0.0442, 0.0736, 0.0794, 0.0543], [0.7882, 0.0372, 0.0599, 0.013, 0.0225, 0.0641, 0.015], [0.7125, 0.0892, 0.0382, 0.0648, 0.0278, 0.0381, 0.0295], [0.7129, 0.044, 0.0339, 0.042, 0.0548, 0.0382, 0.0742], [0.7445, 0.0193, 0.0293, 0.05, 0.0489, 0.0701, 0.0378], [0.6306, 0.0351, 0.0791, 0.0854, 0.0965, 0.0275, 0.0457], [0.6298, 0.0787, 0.0549, 0.0508, 0.0672, 0.0421, 0.0765], [0.6926, 0.0341, 0.0222, 0.0485, 0.0799, 0.0549, 0.0679], [0.6128, 0.0747, 0.0624, 0.059, 0.0805, 0.0323, 0.0782], [0.6345, 0.0683, 0.097, 0.017, 0.0923, 0.0705, 0.0205]], "emotions": ["red", "red", "red", "red", "red", "red", "red", "red", "red", "red", "red", "red", "red", "red", "red", "red", "red", "red", "red", "red", "red", "red", "red", "red", "red", "red", "red", "red", "red", "red", "red", "red", "red", "red", "red", "red", "red", "red", "red", "red", "red", "red", "red", "red", "red", "red", "red", "red", "red", "red", "red", "red", "red", "red", "red", "red", "red", "red", "red", "red", "red", "red", "red", "red", "red", "red", "red", "red", "red", "red", "red", "red", "red", "red", "red", "red", "red", "red", "red", "red"], "timestamps": [0, 40, 80, 120, 160, 200, 240, 280, 320, 360, 400, 440, 480, 520, 560, 600, 640, 680, 720, 760, 800, 840, 880, 920, 960, 1000, 1040, 1080, 1120, 1160, 1200, 1240, 1280, 1320, 1360, 1400, 1440, 1480, 1520, 1560, 1600, 1640, 1680, 1720, 1760, 1800, 1840, 1880, 1920, 1960, 2000, 2040, 2080, 2120, 2160, 2200, 2240, 2280, 2320, 2360, 2400, 2440, 2480, 2520, 2560, 2600, 2640, 2680, 2720, 2760, 2800, 2840, 2880, 2920, 2960, 3000, 3040, 3080, 3120, 3160]}], "conversation": [], "conversation_timestamps": []}