{"agent_id": "agent-blue-610", "type": "blue", "trips": [{"trip_id": 0, "transport_method": "foot", "start_time": 0, "path": [[1.5321871, 42.5154355], [1.5322903, 42.51535], [1.5323936, 42.5152645], [1.5324968, 42.515179], [1.5326001, 42.5150936], [1.5327023, 42.5150069], [1.5328042, 42.5149198], [1.5329164, 42.5148471], [1.5330442, 42.5148273], [1.5331684, 42.5148693], [1.5332807, 42.5149176], [1.5334145, 42.514911], [1.5335485, 42.5149078], [1.5336823, 42.5149013], [1.5338162, 42.5148976], [1.5339276, 42.5148479], [1.5340372, 42.5147752], [1.5341507, 42.5147073], [1.5342436, 42.5147923], [1.5343156, 42.5148118], [1.5344085, 42.5148706], [1.5345307, 42.5148262], [1.5346398, 42.5147576], [1.5346951, 42.5148751], [1.5348223, 42.5148828], [1.5349506, 42.5148441], [1.5350816, 42.5148165], [1.5352149, 42.514803], [1.5353488, 42.5147985], [1.5354827, 42.5148003], [1.535612, 42.5147646], [1.5357416, 42.5147308], [1.5358729, 42.5147037], [1.536005, 42.5146812], [1.5361373, 42.5146599], [1.53627, 42.514641], [1.5364032, 42.5146258], [1.5365365, 42.5146122], [1.5366694, 42.5145947], [1.5368023, 42.5145771], [1.5369351, 42.5145595], [1.537068, 42.5145419], [1.5372009, 42.5145243], [1.5373338, 42.5145066], [1.5374666, 42.5144884], [1.5375994, 42.5144702], [1.5377322, 42.514452], [1.5378652, 42.5144356], [1.5379974, 42.5144162], [1.5381207, 42.5143639], [1.5382436, 42.5143146], [1.5383769, 42.5143059], [1.5385084, 42.5143297], [1.53864, 42.5143376], [1.5387563, 42.5142727], [1.5388571, 42.514185], [1.538965, 42.5141056], [1.5390418, 42.5139986], [1.5391377, 42.5139066], [1.5392394, 42.5138192], [1.5393371, 42.5137276], [1.5394266, 42.5136278], [1.5393931, 42.5135169], [1.5392976, 42.5134334], [1.5391662, 42.5134084], [1.5390448, 42.513354], [1.5389286, 42.5132876], [1.5388037, 42.5132391], [1.5386787, 42.5131906], [1.5385537, 42.5131421], [1.5384288, 42.5130936], [1.5383038, 42.5130452], [1.5382891, 42.5129791], [1.5383024, 42.5130305], [1.53839, 42.5131181], [1.5385062, 42.5131813], [1.5386135, 42.5132605], [1.5387183, 42.5133441], [1.538834, 42.5133639], [1.5389442, 42.5132936]], "mood_vectors": [[0.0818, 0.0409, 0.017, 0.6844, 0.0836, 0.0646, 0.0276], [0.0511, 0.0382, 0.0735, 0.6968, 0.0428, 0.063, 0.0345], [0.0282, 0.0368, 0.0205, 0.7843, 0.0491, 0.0181, 0.0629], [0.0222, 0.0607, 0.0335, 0.686, 0.0646, 0.0362, 0.0968], [0.0222, 0.072, 0.0266, 0.7221, 0.0284, 0.0503, 0.0785], [0.0339, 0.0343, 0.0839, 0.6637, 0.0902, 0.0497, 0.0444], [0.0626, 0.0757, 0.0546, 0.6252, 0.0832, 0.0637, 0.035], [0.0707, 0.0819, 0.0221, 0.6679, 0.0791, 0.0443, 0.034], [0.0316, 0.0452, 0.0203, 0.7758, 0.0175, 0.0524, 0.0572], [0.0487, 0.0458, 0.0753, 0.686, 0.0611, 0.0363, 0.0468], [0.0332, 0.031, 0.0743, 0.7245, 0.0416, 0.0724, 0.0229], [0.0363, 0.0875, 0.0183, 0.7402, 0.0398, 0.0335, 0.0444], [0.0751, 0.0761, 0.0489, 0.6385, 0.0513, 0.0621, 0.0481], [0.0178, 0.0524, 0.0605, 0.6948, 0.0296, 0.0863, 0.0587], [0.0156, 0.0435, 0.0796, 0.6935, 0.0163, 0.0882, 0.0633], [0.0507, 0.0439, 0.0575, 0.7314, 0.0214, 0.0362, 0.0591], [0.0268, 0.0325, 0.0718, 0.681, 0.0838, 0.074, 0.03], [0.0236, 0.075, 0.0255, 0.6922, 0.1009, 0.0514, 0.0314], [0.0529, 0.0638, 0.0326, 0.6625, 0.0492, 0.0679, 0.0712], [0.0393, 0.0678, 0.0195, 0.7505, 0.0525, 0.0526, 0.0178], [0.0547, 0.0827, 0.0191, 0.7724, 0.0152, 0.03, 0.0259], [0.0144, 0.0802, 0.0904, 0.6568, 0.0436, 0.0851, 0.0295], [0.0753, 0.0361, 0.0646, 0.714, 0.0624, 0.0278, 0.0198], [0.0596, 0.0325, 0.0589, 0.7343, 0.0337, 0.0211, 0.0599], [0.0411, 0.0656, 0.0394, 0.6197, 0.0747, 0.0825, 0.077], [0.0337, 0.0304, 0.0585, 0.6979, 0.0798, 0.0204, 0.0793], [0.0467, 0.0373, 0.0367, 0.728, 0.0712, 0.0211, 0.059], [0.0178, 0.0189, 0.0676, 0.7449, 0.0471, 0.0366, 0.067], [0.0555, 0.0771, 0.0734, 0.6608, 0.0124, 0.0515, 0.0691], [0.033, 0.0667, 0.0385, 0.7222, 0.0239, 0.0603, 0.0554], [0.0389, 0.058, 0.0641, 0.7058, 0.0696, 0.0113, 0.0523], [0.0207, 0.0772, 0.0793, 0.6531, 0.0852, 0.0512, 0.0333], [0.0162, 0.0532, 0.0236, 0.7126, 0.0978, 0.0794, 0.0173], [0.044, 0.0697, 0.0211, 0.764, 0.0211, 0.0248, 0.0554], [0.0389, 0.0372, 0.0822, 0.6591, 0.0496, 0.0337, 0.0993], [0.04, 0.0466, 0.0764, 0.6665, 0.0543, 0.0476, 0.0687], [0.0663, 0.0567, 0.0572, 0.7032, 0.0264, 0.0721, 0.0181], [0.0757, 0.0474, 0.045, 0.671, 0.0768, 0.0284, 0.0557], [0.0233, 0.0985, 0.021, 0.7796, 0.0273, 0.0281, 0.0222], [0.0425, 0.0766, 0.044, 0.6933, 0.0346, 0.0427, 0.0662], [0.0493, 0.0884, 0.0758, 0.5941, 0.0484, 0.0929, 0.0511], [0.0368, 0.031, 0.0957, 0.69, 0.0425, 0.0605, 0.0436], [0.0425, 0.0674, 0.0398, 0.6462, 0.0396, 0.0729, 0.0916], [0.0853, 0.073, 0.0243, 0.7143, 0.0255, 0.0252, 0.0525], [0.0503, 0.0697, 0.085, 0.7004, 0.0157, 0.0462, 0.0327], [0.0327, 0.0508, 0.0362, 0.7211, 0.0585, 0.0822, 0.0186], [0.0229, 0.0643, 0.0499, 0.8012, 0.0142, 0.0226, 0.0249], [0.0241, 0.0654, 0.0803, 0.6902, 0.0533, 0.0363, 0.0503], [0.0146, 0.069, 0.0613, 0.6879, 0.0758, 0.0129, 0.0785], [0.0114, 0.0347, 0.0715, 0.7513, 0.0674, 0.0485, 0.0153], [0.0218, 0.0756, 0.0399, 0.7221, 0.0693, 0.0152, 0.0561], [0.0698, 0.0259, 0.0881, 0.7131, 0.0502, 0.0265, 0.0264], [0.0329, 0.0599, 0.0289, 0.8131, 0.02, 0.025, 0.0202], [0.0247, 0.0802, 0.0634, 0.6605, 0.034, 0.0916, 0.0457], [0.0799, 0.0234, 0.0871, 0.6677, 0.0762, 0.0243, 0.0413], [0.0655, 0.0146, 0.0198, 0.7561, 0.0453, 0.0835, 0.0152], [0.0833, 0.0861, 0.0432, 0.6384, 0.0382, 0.0374, 0.0734], [0.0741, 0.0375, 0.0223, 0.7179, 0.0298, 0.0671, 0.0512], [0.0493, 0.0435, 0.0437, 0.6763, 0.0758, 0.0844, 0.0269], [0.0905, 0.0926, 0.0187, 0.6687, 0.0392, 0.0309, 0.0593], [0.0204, 0.0242, 0.0342, 0.7379, 0.0441, 0.0693, 0.0699], [0.0241, 0.0251, 0.0447, 0.7418, 0.0709, 0.0523, 0.0411], [0.0605, 0.0667, 0.0572, 0.7136, 0.0236, 0.0582, 0.0202], [0.0379, 0.0466, 0.0406, 0.686, 0.0535, 0.0576, 0.0779], [0.0521, 0.0611, 0.0237, 0.694, 0.0402, 0.0845, 0.0445], [0.0624, 0.029, 0.049, 0.6929, 0.0683, 0.0366, 0.0619], [0.0582, 0.0351, 0.0713, 0.6907, 0.0768, 0.026, 0.0418], [0.06, 0.0316, 0.0232, 0.7387, 0.031, 0.0754, 0.0402], [0.0576, 0.0447, 0.063, 0.7682, 0.0255, 0.0163, 0.0247], [0.0416, 0.0287, 0.0663, 0.7483, 0.0276, 0.0567, 0.0307], [0.0627, 0.0229, 0.0464, 0.7507, 0.0285, 0.0314, 0.0575], [0.068, 0.0751, 0.062, 0.6435, 0.0596, 0.0676, 0.0243], [0.051, 0.0621, 0.0746, 0.687, 0.0255, 0.0475, 0.0522], [0.0571, 0.0737, 0.029, 0.7165, 0.0263, 0.0778, 0.0197], [0.0309, 0.0714, 0.0219, 0.7155, 0.0787, 0.0482, 0.0336], [0.0439, 0.0318, 0.0912, 0.6798, 0.0553, 0.055, 0.043], [0.0313, 0.0483, 0.0714, 0.6871, 0.0755, 0.0414, 0.045], [0.0576, 0.03, 0.062, 0.7095, 0.0394, 0.0694, 0.0322], [0.049, 0.0578, 0.0632, 0.6914, 0.0646, 0.0363, 0.0378], [0.0653, 0.0721, 0.0683, 0.6713, 0.0384, 0.0633, 0.0214]], "emotions": ["green", "green", "green", "green", "green", "green", "green", "green", "green", "green", "green", "green", "green", "green", "green", "green", "green", "green", "green", "green", "green", "green", "green", "green", "green", "green", "green", "green", "green", "green", "green", "green", "green", "green", "green", "green", "green", "green", "green", "green", "green", "green", "green", "green", "green", "green", "green", "green", "green", "green", "green", "green", "green", "green", "green", "green", "green", "green", "green", "green", "green", "green", "green", "green", "green", "green", "green", "green", "green", "green", "green", "green", "green", "green", "green", "green", "green", "green", "green", "green"], "timestamps": [0, 40, 80, 120, 160, 200, 240, 280, 320, 360, 400, 440, 480, 520, 560, 600, 640, 680, 720, 760, 800, 840, 880, 920, 960, 1000, 1040, 1080, 1120, 1160, 1200, 1240, 1280, 1320, 1360, 1400, 1440, 1480, 1520, 1560, 1600, 1640, 1680, 1720, 1760, 1800, 1840, 1880, 1920, 1960, 2000, 2040, 2080, 2120, 2160, 2200, 2240, 2280, 2320, 2360, 2400, 2440, 2480, 2520, 2560, 2600, 2640, 2680, 2720, 2760, 2800, 2840, 2880, 2920, 2960, 3000, 3040, 3080, 3120, 3160]}], "conversation": [], "conversation_timestamps": []}