{"agent_id": "agent-purple-269", "type": "purple", "trips": [{"trip_id": 0, "transport_method": "foot", "start_time": 0, "path": [[1.5391086, 42.5106552], [1.5381549, 42.5100492], [1.5367757, 42.5100403], [1.5354089, 42.509908], [1.5340319, 42.5099207], [1.5326796, 42.5096649], [1.5313755, 42.5092339], [1.530253, 42.508828], [1.5292471, 42.5081535], [1.5281894, 42.507381], [1.526835, 42.5072268], [1.5254634, 42.5071], [1.5241377, 42.5068732], [1.5227928, 42.5065691], [1.5214781, 42.506151], [1.521371, 42.5061093], [1.5208195, 42.5059406], [1.5194861, 42.5055894], [1.5181202, 42.5054076], [1.5174919, 42.5053616], [1.517495, 42.5053359], [1.516169, 42.5049966], [1.5151149, 42.5041126], [1.5140882, 42.5031904], [1.5131889, 42.5021525], [1.5123924, 42.5010305], [1.5115594, 42.4999304], [1.5107025, 42.4988487], [1.5096544, 42.4979877], [1.5084148, 42.4973813], [1.5071406, 42.4968547], [1.5058384, 42.4963983], [1.50456, 42.4958903], [1.5032887, 42.4953701], [1.5020369, 42.4947918], [1.5007858, 42.4942096], [1.4998441, 42.4932668], [1.4986769, 42.4925391], [1.4974706, 42.4918698], [1.4963528, 42.491072], [1.4960453, 42.4897621], [1.4951459, 42.4887155], [1.4946751, 42.4874867], [1.4943878, 42.4862002], [1.4933269, 42.4853236], [1.4921201, 42.4847932], [1.4910098, 42.484158], [1.4903703, 42.4829457], [1.4896694, 42.4817576], [1.4894192, 42.4804103], [1.4895757, 42.4790657], [1.4902895, 42.4778856], [1.4905963, 42.4766133], [1.4908336, 42.4753082], [1.4905235, 42.4739843], [1.4908012, 42.4726603], [1.4914522, 42.4714436], [1.4920028, 42.4701846], [1.4918541, 42.4688374], [1.4915624, 42.4675004], [1.4918863, 42.4663486], [1.4913134, 42.4653255], [1.4908326, 42.4640749], [1.4911517, 42.4627684], [1.4906119, 42.4621299], [1.4898753, 42.4610285], [1.4891169, 42.4598796], [1.4882943, 42.4587725], [1.4878163, 42.4582533], [1.4872487, 42.4575863], [1.4866636, 42.4563532], [1.4867655, 42.4559975], [1.4870916, 42.4554686], [1.4879099, 42.4543942], [1.4885473, 42.4542023], [1.4888856, 42.4544714], [1.489576, 42.4552847], [1.4906331, 42.4556277], [1.490597, 42.4544447], [1.4908394, 42.4533711]], "mood_vectors": [[0.0505, 0.0287, 0.0634, 0.0289, 0.0754, 0.7308, 0.0223], [0.0412, 0.0554, 0.0135, 0.0558, 0.0384, 0.7455, 0.0502], [0.0721, 0.0672, 0.0358, 0.0332, 0.0313, 0.7249, 0.0354], [0.0285, 0.018, 0.0511, 0.0605, 0.0763, 0.7132, 0.0524], [0.0198, 0.0353, 0.089, 0.0823, 0.0681, 0.6835, 0.022], [0.034, 0.0601, 0.0646, 0.0158, 0.0368, 0.7283, 0.0603], [0.0255, 0.0558, 0.0684, 0.053, 0.0539, 0.7313, 0.012], [0.067, 0.0944, 0.0729, 0.0305, 0.0945, 0.6235, 0.0171], [0.054, 0.0512, 0.0578, 0.0695, 0.0611, 0.6574, 0.049], [0.0558, 0.0288, 0.0401, 0.0551, 0.0446, 0.7393, 0.0363], [0.0174, 0.0661, 0.072, 0.0283, 0.0577, 0.7398, 0.0188], [0.0526, 0.0604, 0.0168, 0.0464, 0.0422, 0.7664, 0.0151], [0.0568, 0.017, 0.061, 0.0162, 0.0713, 0.7166, 0.061], [0.0317, 0.0666, 0.0636, 0.0438, 0.036, 0.7424, 0.016], [0.0354, 0.0851, 0.0681, 0.0143, 0.0142, 0.7413, 0.0416], [0.0401, 0.033, 0.0891, 0.0801, 0.0475, 0.6345, 0.0758], [0.0558, 0.0776, 0.0595, 0.055, 0.0273, 0.6793, 0.0456], [0.0774, 0.0374, 0.0617, 0.0704, 0.0256, 0.6537, 0.0738], [0.0207, 0.0404, 0.0287, 0.0435, 0.0816, 0.7657, 0.0194], [0.0595, 0.0543, 0.051, 0.0602, 0.0243, 0.6556, 0.0951], [0.0589, 0.054, 0.0537, 0.0614, 0.0384, 0.6641, 0.0695], [0.06, 0.0603, 0.0402, 0.0382, 0.0208, 0.7141, 0.0664], [0.072, 0.0712, 0.0176, 0.0202, 0.0518, 0.7295, 0.0377], [0.037, 0.036, 0.0459, 0.0768, 0.0596, 0.7314, 0.0133], [0.0588, 0.0157, 0.0336, 0.051, 0.0718, 0.738, 0.0312], [0.0487, 0.0679, 0.058, 0.0522, 0.0359, 0.7068, 0.0303], [0.0177, 0.0558, 0.0278, 0.0634, 0.0669, 0.731, 0.0373], [0.058, 0.0764, 0.0616, 0.0154, 0.0276, 0.7055, 0.0555], [0.0502, 0.0174, 0.0219, 0.0399, 0.0567, 0.7443, 0.0696], [0.04, 0.088, 0.0408, 0.0304, 0.0696, 0.693, 0.0382], [0.024, 0.0301, 0.0552, 0.0891, 0.0556, 0.6842, 0.0618], [0.0141, 0.0674, 0.0136, 0.0608, 0.0829, 0.7432, 0.018], [0.0546, 0.0259, 0.0134, 0.0818, 0.0344, 0.7388, 0.0511], [0.0542, 0.0424, 0.0535, 0.0391, 0.0779, 0.7134, 0.0196], [0.0584, 0.041, 0.0514, 0.0418, 0.0244, 0.7098, 0.0733], [0.0189, 0.0279, 0.0439, 0.0183, 0.0516, 0.7656, 0.0739], [0.064, 0.032, 0.0318, 0.0357, 0.0684, 0.7354, 0.0326], [0.074, 0.0691, 0.0185, 0.0592, 0.0161, 0.7277, 0.0353], [0.0739, 0.0768, 0.0267, 0.0519, 0.0803, 0.6399, 0.0505], [0.0372, 0.0182, 0.0449, 0.0634, 0.0736, 0.6965, 0.0662], [0.0542, 0.0295, 0.0449, 0.0367, 0.0425, 0.6817, 0.1105], [0.0595, 0.0486, 0.0712, 0.0534, 0.025, 0.6697, 0.0727], [0.0427, 0.0442, 0.0323, 0.0724, 0.0492, 0.686, 0.0732], [0.071, 0.0138, 0.074, 0.0448, 0.0391, 0.712, 0.0453], [0.0764, 0.0793, 0.0813, 0.0249, 0.0238, 0.6902, 0.024], [0.0819, 0.0493, 0.0708, 0.0806, 0.0647, 0.6343, 0.0184], [0.0752, 0.0345, 0.032, 0.0613, 0.0252, 0.714, 0.0578], [0.0244, 0.081, 0.0448, 0.0578, 0.0549, 0.676, 0.0612], [0.0714, 0.0587, 0.0608, 0.0222, 0.0621, 0.7038, 0.0209], [0.0194, 0.0413, 0.0378, 0.0873, 0.0164, 0.7106, 0.0871], [0.0265, 0.0486, 0.0722, 0.0572, 0.0909, 0.6353, 0.0693], [0.0537, 0.0553, 0.0766, 0.0845, 0.0875, 0.6087, 0.0337], [0.0204, 0.0415, 0.055, 0.0179, 0.0442, 0.7806, 0.0404], [0.0448, 0.0416, 0.0398, 0.0361, 0.0494, 0.6933, 0.095], [0.021, 0.0621, 0.0711, 0.0673, 0.0272, 0.7255, 0.0259], [0.0333, 0.0625, 0.0756, 0.0242, 0.072, 0.6551, 0.0774], [0.0117, 0.0432, 0.0347, 0.0267, 0.0313, 0.7728, 0.0795], [0.0312, 0.027, 0.0263, 0.0318, 0.0842, 0.7765, 0.0229], [0.0674, 0.0503, 0.0876, 0.0854, 0.071, 0.6202, 0.0182], [0.0375, 0.0469, 0.0902, 0.0839, 0.0197, 0.6392, 0.0826], [0.0124, 0.0169, 0.065, 0.0337, 0.0678, 0.7531, 0.0511], [0.0706, 0.0334, 0.0525, 0.0605, 0.0807, 0.6849, 0.0174], [0.0942, 0.08, 0.0229, 0.0507, 0.0581, 0.6763, 0.0178], [0.0428, 0.0328, 0.0401, 0.0429, 0.0183, 0.7514, 0.0716], [0.0714, 0.0442, 0.0672, 0.0695, 0.07, 0.6451, 0.0326], [0.0609, 0.0388, 0.0482, 0.0482, 0.0714, 0.6795, 0.0532], [0.0658, 0.0421, 0.0786, 0.031, 0.0542, 0.6558, 0.0725], [0.0286, 0.0666, 0.0383, 0.0402, 0.0828, 0.7161, 0.0273], [0.0421, 0.0794, 0.0332, 0.0189, 0.0657, 0.7044, 0.0564], [0.087, 0.0516, 0.054, 0.0282, 0.0918, 0.6563, 0.031], [0.0744, 0.0337, 0.0645, 0.0513, 0.0303, 0.7168, 0.029], [0.0373, 0.0551, 0.0236, 0.0391, 0.0811, 0.7311, 0.0326], [0.0522, 0.0734, 0.0238, 0.0504, 0.0234, 0.7514, 0.0253], [0.0459, 0.0643, 0.0171, 0.0746, 0.0258, 0.7262, 0.0461], [0.0685, 0.0401, 0.0606, 0.0631, 0.0171, 0.7175, 0.0332], [0.0432, 0.0384, 0.0725, 0.0443, 0.0202, 0.7233, 0.0581], [0.0813, 0.04, 0.0892, 0.04, 0.0485, 0.6398, 0.0613], [0.0836, 0.0199, 0.084, 0.0422, 0.0737, 0.6337, 0.0629], [0.052, 0.0547, 0.0722, 0.0328, 0.0132, 0.6997, 0.0753], [0.0435, 0.0407, 0.0115, 0.0211, 0.0529, 0.7629, 0.0674]], "emotions": ["purple", "purple", "purple", "purple", "purple", "purple", "purple", "purple", "purple", "purple", "purple", "purple", "purple", "purple", "purple", "purple", "purple", "purple", "purple", "purple", "purple", "purple", "purple", "purple", "purple", "purple", "purple", "purple", "purple", "purple", "purple", "purple", "purple", "purple", "purple", "purple", "purple", "purple", "purple", "purple", "purple", "purple", "purple", "purple", "purple", "purple", "purple", "purple", "purple", "purple", "purple", "purple", "purple", "purple", "purple", "purple", "purple", "purple", "purple", "purple", "purple", "purple", "purple", "purple", "purple", "purple", "purple", "purple", "purple", "purple", "purple", "purple", "purple", "purple", "purple", "purple", "purple", "purple", "purple", "purple"], "timestamps": [0, 40, 80, 120, 160, 200, 240, 280, 320, 360, 400, 440, 480, 520, 560, 600, 640, 680, 720, 760, 800, 840, 880, 920, 960, 1000, 1040, 1080, 1120, 1160, 1200, 1240, 1280, 1320, 1360, 1400, 1440, 1480, 1520, 1560, 1600, 1640, 1680, 1720, 1760, 1800, 1840, 1880, 1920, 1960, 2000, 2040, 2080, 2120, 2160, 2200, 2240, 2280, 2320, 2360, 2400, 2440, 2480, 2520, 2560, 2600, 2640, 2680, 2720, 2760, 2800, 2840, 2880, 2920, 2960, 3000, 3040, 3080, 3120, 3160]}], "conversation": [], "conversation_timestamps": []}