{"agent_id": "agent-red-1521", "type": "red", "trips": [{"trip_id": 0, "transport_method": "car", "start_time": 0, "path": [[1.5393284, 42.5091743], [1.5392799, 42.5091579], [1.5392315, 42.5091415], [1.539183, 42.5091251], [1.5391346, 42.5091086], [1.5390861, 42.5090922], [1.5390377, 42.5090758], [1.5389892, 42.5090594], [1.5389408, 42.509043], [1.5388923, 42.5090266], [1.5388439, 42.5090101], [1.5387954, 42.5089937], [1.5387706, 42.5089534], [1.5387535, 42.5089051], [1.5387365, 42.5088569], [1.5387194, 42.5088087], [1.5387023, 42.5087605], [1.5386853, 42.5087122], [1.5386402, 42.5087043], [1.5385891, 42.5087052], [1.5385379, 42.5087061], [1.5384868, 42.508707], [1.5384356, 42.5087078], [1.5383845, 42.5087087], [1.5383333, 42.5087096], [1.5382822, 42.5087105], [1.538231, 42.5087114], [1.5381799, 42.5087122], [1.5381287, 42.5087131], [1.5380776, 42.508714], [1.5380264, 42.5087149], [1.5379753, 42.5087157], [1.5379244, 42.5087181], [1.537877, 42.5087373], [1.5378297, 42.5087566], [1.5377823, 42.5087759], [1.5377349, 42.5087951], [1.5376843, 42.5087937], [1.5376333, 42.5087894], [1.5375824, 42.5087852], [1.5375314, 42.5087809], [1.5374804, 42.5087766], [1.5374294, 42.5087724], [1.5373785, 42.5087681], [1.5373275, 42.5087638], [1.5372765, 42.5087595], [1.5372255, 42.5087553], [1.5371745, 42.508751], [1.5371236, 42.5087467], [1.5370726, 42.5087425], [1.5370216, 42.5087382], [1.5369706, 42.5087339], [1.5369197, 42.5087296], [1.5368687, 42.5087254], [1.5368177, 42.5087211], [1.5367667, 42.5087168], [1.5367158, 42.5087117], [1.5366649, 42.5087066], [1.536614, 42.5087014], [1.5365631, 42.5086963], [1.5365122, 42.5086911], [1.5364613, 42.508686], [1.5364104, 42.5086808], [1.5363595, 42.5086757], [1.5363086, 42.5086705], [1.5362577, 42.5086654], [1.5362069, 42.5086602], [1.536156, 42.5086551], [1.5361051, 42.5086499], [1.5360542, 42.5086448], [1.5360033, 42.5086396], [1.5359524, 42.5086344], [1.5359015, 42.5086293], [1.5358506, 42.5086241], [1.5357997, 42.508619], [1.5357488, 42.5086138], [1.5356979, 42.5086087], [1.535647, 42.5086035], [1.5355961, 42.5085984], [1.5355452, 42.5085932]], "mood_vectors": [[0.7031, 0.0508, 0.0542, 0.0674, 0.0209, 0.0351, 0.0686], [0.712, 0.0575, 0.0712, 0.0423, 0.0208, 0.0713, 0.0248], [0.6287, 0.033, 0.0698, 0.0788, 0.0331, 0.0847, 0.072], [0.6463, 0.0443, 0.0208, 0.075, 0.0893, 0.0849, 0.0394], [0.6935, 0.0465, 0.0755, 0.0256, 0.0684, 0.0667, 0.0238], [0.746, 0.0787, 0.0319, 0.0291, 0.0533, 0.0328, 0.0281], [0.697, 0.03, 0.038, 0.0757, 0.0501, 0.037, 0.0722], [0.6735, 0.0554, 0.0556, 0.0777, 0.0217, 0.0467, 0.0695], [0.7174, 0.0639, 0.0193, 0.0222, 0.0733, 0.0586, 0.0455], [0.6932, 0.0841, 0.0477, 0.0372, 0.059, 0.0264, 0.0524], [0.6969, 0.0406, 0.031, 0.0724, 0.0472, 0.049, 0.0629], [0.6672, 0.063, 0.0456, 0.08, 0.0182, 0.069, 0.057], [0.6563, 0.0671, 0.0398, 0.0856, 0.0798, 0.046, 0.0254], [0.643, 0.0739, 0.0675, 0.0453, 0.0692, 0.0331, 0.068], [0.6244, 0.0156, 0.064, 0.0633, 0.076, 0.0878, 0.0688], [0.6816, 0.0548, 0.0631, 0.0419, 0.0607, 0.0712, 0.0267], [0.6634, 0.0748, 0.0145, 0.0447, 0.0796, 0.0743, 0.0487], [0.6988, 0.0366, 0.0785, 0.0772, 0.0125, 0.056, 0.0404], [0.7877, 0.0356, 0.0253, 0.0365, 0.0669, 0.0142, 0.0338], [0.6953, 0.049, 0.0483, 0.0696, 0.0558, 0.0643, 0.0177], [0.7518, 0.0424, 0.0279, 0.0334, 0.0702, 0.0307, 0.0436], [0.7257, 0.0136, 0.0247, 0.0478, 0.0569, 0.0752, 0.056], [0.7607, 0.0143, 0.0536, 0.0579, 0.0146, 0.0385, 0.0606], [0.7513, 0.0241, 0.0655, 0.0155, 0.093, 0.0153, 0.0353], [0.6841, 0.0454, 0.026, 0.0794, 0.0598, 0.0327, 0.0725], [0.7246, 0.0379, 0.0367, 0.0704, 0.0663, 0.0348, 0.0293], [0.6886, 0.0344, 0.0594, 0.0632, 0.0305, 0.0633, 0.0606], [0.706, 0.0212, 0.0552, 0.0342, 0.0535, 0.084, 0.0458], [0.7109, 0.0115, 0.0456, 0.0455, 0.066, 0.0662, 0.0543], [0.6905, 0.0659, 0.0639, 0.0481, 0.0161, 0.0589, 0.0566], [0.6684, 0.0644, 0.0345, 0.0721, 0.0647, 0.0339, 0.0619], [0.7086, 0.0544, 0.0426, 0.0738, 0.0397, 0.0154, 0.0655], [0.7464, 0.0431, 0.0177, 0.0231, 0.0576, 0.0291, 0.083], [0.7068, 0.0496, 0.0538, 0.0443, 0.0511, 0.0515, 0.0429], [0.6357, 0.033, 0.054, 0.073, 0.0642, 0.0619, 0.0782], [0.7308, 0.0578, 0.0605, 0.0186, 0.056, 0.0346, 0.0418], [0.7065, 0.0341, 0.077, 0.0488, 0.0642, 0.0183, 0.051], [0.6966, 0.0327, 0.0177, 0.0813, 0.0517, 0.0739, 0.0461], [0.6005, 0.0686, 0.0837, 0.0756, 0.0672, 0.0815, 0.0228], [0.8105, 0.0188, 0.0622, 0.0446, 0.017, 0.0251, 0.0218], [0.6938, 0.0961, 0.0729, 0.0355, 0.0477, 0.0314, 0.0225], [0.5869, 0.0681, 0.0835, 0.0641, 0.0771, 0.0627, 0.0578], [0.6931, 0.0654, 0.0639, 0.0696, 0.0727, 0.0146, 0.0209], [0.6574, 0.0612, 0.0719, 0.0685, 0.0581, 0.0596, 0.0233], [0.705, 0.026, 0.074, 0.0601, 0.0399, 0.0543, 0.0408], [0.7561, 0.066, 0.0318, 0.0481, 0.0269, 0.0469, 0.0243], [0.7265, 0.0479, 0.0548, 0.0223, 0.0501, 0.0478, 0.0505], [0.6625, 0.08, 0.0954, 0.0472, 0.0241, 0.0259, 0.0648], [0.7201, 0.0137, 0.077, 0.016, 0.0525, 0.0518, 0.0689], [0.6628, 0.0585, 0.0484, 0.0364, 0.0639, 0.0813, 0.0487], [0.649, 0.0635, 0.0733, 0.0614, 0.0324, 0.0653, 0.0551], [0.664, 0.0356, 0.0293, 0.0899, 0.0584, 0.081, 0.0418], [0.6897, 0.0684, 0.0526, 0.0145, 0.0509, 0.0549, 0.069], [0.724, 0.0726, 0.0579, 0.0213, 0.0337, 0.0268, 0.0636], [0.715, 0.0696, 0.0471, 0.0775, 0.049, 0.0252, 0.0167], [0.7384, 0.0833, 0.0306, 0.0736, 0.019, 0.013, 0.0422], [0.6968, 0.0645, 0.0394, 0.0563, 0.0458, 0.0141, 0.0831], [0.7338, 0.0268, 0.0166, 0.0737, 0.0585, 0.0739, 0.0168], [0.7013, 0.0727, 0.0509, 0.0309, 0.0337, 0.0671, 0.0435], [0.707, 0.0637, 0.0271, 0.071, 0.0164, 0.0479, 0.0669], [0.7514, 0.0212, 0.0226, 0.0487, 0.0447, 0.0411, 0.0704], [0.6908, 0.0588, 0.0199, 0.0768, 0.0386, 0.0788, 0.0363], [0.7303, 0.0456, 0.0588, 0.0166, 0.0618, 0.052, 0.0349], [0.7035, 0.0649, 0.0689, 0.0243, 0.0379, 0.0524, 0.0481], [0.6938, 0.0336, 0.0821, 0.029, 0.1001, 0.0195, 0.042], [0.6511, 0.0504, 0.0722, 0.025, 0.0786, 0.0248, 0.0979], [0.7326, 0.0289, 0.0531, 0.0599, 0.0287, 0.0305, 0.0662], [0.6476, 0.0768, 0.0515, 0.0303, 0.0632, 0.0889, 0.0417], [0.6488, 0.0499, 0.0557, 0.0358, 0.0868, 0.097, 0.026], [0.7184, 0.0216, 0.0874, 0.0539, 0.042, 0.0429, 0.0339], [0.7375, 0.0212, 0.0528, 0.0746, 0.0187, 0.0524, 0.0429], [0.6933, 0.0185, 0.0549, 0.0699, 0.0692, 0.0441, 0.0501], [0.6857, 0.0578, 0.0813, 0.0397, 0.0204, 0.0461, 0.069], [0.7309, 0.0351, 0.0651, 0.0392, 0.0186, 0.0544, 0.0568], [0.6985, 0.0768, 0.0661, 0.0225, 0.0506, 0.0157, 0.0698], [0.6706, 0.0728, 0.0593, 0.0798, 0.0359, 0.0214, 0.0603], [0.6932, 0.021, 0.0694, 0.0745, 0.07, 0.0259, 0.046], [0.7585, 0.0419, 0.0178, 0.0157, 0.0762, 0.0715, 0.0184], [0.7405, 0.0234, 0.0548, 0.0337, 0.0135, 0.062, 0.0722], [0.7671, 0.0893, 0.0281, 0.0244, 0.0162, 0.0215, 0.0534]], "emotions": ["red", "red", "red", "red", "red", "red", "red", "red", "red", "red", "red", "red", "red", "red", "red", "red", "red", "red", "red", "red", "red", "red", "red", "red", "red", "red", "red", "red", "red", "red", "red", "red", "red", "red", "red", "red", "red", "red", "red", "red", "red", "red", "red", "red", "red", "red", "red", "red", "red", "red", "red", "red", "red", "red", "red", "red", "red", "red", "red", "red", "red", "red", "red", "red", "red", "red", "red", "red", "red", "red", "red", "red", "red", "red", "red", "red", "red", "red", "red", "red"], "timestamps": [0, 40, 80, 120, 160, 200, 240, 280, 320, 360, 400, 440, 480, 520, 560, 600, 640, 680, 720, 760, 800, 840, 880, 920, 960, 1000, 1040, 1080, 1120, 1160, 1200, 1240, 1280, 1320, 1360, 1400, 1440, 1480, 1520, 1560, 1600, 1640, 1680, 1720, 1760, 1800, 1840, 1880, 1920, 1960, 2000, 2040, 2080, 2120, 2160, 2200, 2240, 2280, 2320, 2360, 2400, 2440, 2480, 2520, 2560, 2600, 2640, 2680, 2720, 2760, 2800, 2840, 2880, 2920, 2960, 3000, 3040, 3080, 3120, 3160]}], "conversation": [], "conversation_timestamps": []}