{"agent_id": "agent-orange-1438", "type": "orange", "trips": [{"trip_id": 0, "transport_method": "foot", "start_time": 0, "path": [[1.5363642, 42.5077797], [1.5362865, 42.5077713], [1.5362088, 42.5077629], [1.5361312, 42.5077545], [1.5360535, 42.5077461], [1.5359759, 42.5077377], [1.5358982, 42.5077294], [1.5358206, 42.507721], [1.5357429, 42.5077126], [1.5356655, 42.5077032], [1.5355938, 42.5076723], [1.535522, 42.5076414], [1.5354503, 42.5076105], [1.5353786, 42.5075796], [1.5353068, 42.5075487], [1.5352351, 42.5075178], [1.5351633, 42.5074869], [1.5350916, 42.507456], [1.5350199, 42.5074251], [1.5349481, 42.5073942], [1.5348764, 42.5073633], [1.5348047, 42.5073324], [1.5347329, 42.5073015], [1.5346612, 42.5072706], [1.5345895, 42.5072396], [1.5345177, 42.5072087], [1.534446, 42.5071778], [1.5343743, 42.5071469], [1.5343025, 42.507116], [1.5343455, 42.507173], [1.5344072, 42.507221], [1.5344728, 42.5072633], [1.5345387, 42.5073052], [1.5346046, 42.5073472], [1.5346748, 42.5073815], [1.534745, 42.5074156], [1.5348153, 42.5074497], [1.5348868, 42.5074811], [1.5349586, 42.5075118], [1.5350304, 42.5075425], [1.5351023, 42.5075732], [1.5351756, 42.5075997], [1.5352507, 42.5076212], [1.5353261, 42.5076415], [1.5354021, 42.5076591], [1.5354798, 42.5076611], [1.5355559, 42.5076781], [1.535632, 42.507696], [1.5356328, 42.5076861], [1.5355634, 42.5076502], [1.535494, 42.5076144], [1.5354246, 42.5075785], [1.5353552, 42.5075427], [1.5352858, 42.5075068], [1.5352164, 42.507471], [1.535147, 42.5074351], [1.5350776, 42.5073993], [1.5350082, 42.5073634], [1.5349388, 42.5073276], [1.5348694, 42.5072917], [1.5348, 42.5072559], [1.5347307, 42.50722], [1.5346613, 42.5071842], [1.5345919, 42.5071483], [1.5345225, 42.5071125], [1.5344531, 42.5070766], [1.5343837, 42.5070408], [1.5343143, 42.5070049], [1.5342449, 42.5069691], [1.5341755, 42.5069332], [1.5341056, 42.5069419], [1.5340324, 42.5069283], [1.5339584, 42.5069032], [1.5338844, 42.5068782], [1.5338104, 42.5068532], [1.5337364, 42.5068281], [1.5336624, 42.5068031], [1.5335884, 42.5067781], [1.5335144, 42.5067531], [1.5334404, 42.506728]], "mood_vectors": [[0.0849, 0.0661, 0.0179, 0.0366, 0.6595, 0.0478, 0.0874], [0.0862, 0.0187, 0.0362, 0.0616, 0.6535, 0.0614, 0.0823], [0.0555, 0.0267, 0.0728, 0.0366, 0.7454, 0.0149, 0.048], [0.0799, 0.0505, 0.069, 0.0124, 0.6692, 0.0731, 0.0459], [0.073, 0.033, 0.05, 0.0234, 0.6895, 0.0746, 0.0565], [0.0492, 0.0888, 0.0793, 0.0282, 0.7137, 0.0147, 0.0261], [0.0628, 0.064, 0.0571, 0.0573, 0.6525, 0.0596, 0.0467], [0.0526, 0.057, 0.0377, 0.022, 0.705, 0.0569, 0.0688], [0.0905, 0.0556, 0.0846, 0.0314, 0.6092, 0.0465, 0.0823], [0.029, 0.0337, 0.033, 0.0149, 0.7713, 0.05, 0.0681], [0.0675, 0.0193, 0.0306, 0.0657, 0.7813, 0.0137, 0.0219], [0.0606, 0.045, 0.0582, 0.0821, 0.6253, 0.0613, 0.0675], [0.0646, 0.0383, 0.0655, 0.053, 0.7015, 0.0469, 0.0302], [0.0195, 0.0479, 0.0428, 0.0692, 0.743, 0.0626, 0.0149], [0.0415, 0.0747, 0.0167, 0.0579, 0.7187, 0.0663, 0.0242], [0.0557, 0.0865, 0.0342, 0.0508, 0.6682, 0.0749, 0.0296], [0.0421, 0.0616, 0.0685, 0.0708, 0.6615, 0.0473, 0.0482], [0.0475, 0.0567, 0.0651, 0.025, 0.6934, 0.0789, 0.0334], [0.0211, 0.075, 0.0413, 0.0733, 0.6905, 0.0562, 0.0427], [0.0396, 0.0447, 0.0731, 0.0183, 0.75, 0.0184, 0.0559], [0.0428, 0.0742, 0.0784, 0.0211, 0.6282, 0.083, 0.0722], [0.0281, 0.0224, 0.0653, 0.0659, 0.7314, 0.0371, 0.0498], [0.0225, 0.0537, 0.0787, 0.0451, 0.6653, 0.0503, 0.0843], [0.0721, 0.0756, 0.0476, 0.0733, 0.6425, 0.0776, 0.0113], [0.0647, 0.0238, 0.0413, 0.0735, 0.6704, 0.0736, 0.0527], [0.052, 0.0802, 0.0572, 0.0448, 0.6495, 0.0814, 0.035], [0.0679, 0.0603, 0.0231, 0.0513, 0.6641, 0.0666, 0.0667], [0.0757, 0.0697, 0.0674, 0.0242, 0.7146, 0.0299, 0.0186], [0.0761, 0.0398, 0.016, 0.0584, 0.714, 0.0432, 0.0525], [0.0444, 0.0641, 0.0598, 0.0663, 0.682, 0.0413, 0.042], [0.0226, 0.0541, 0.061, 0.0234, 0.7902, 0.0341, 0.0145], [0.0347, 0.0354, 0.078, 0.059, 0.7386, 0.0173, 0.037], [0.0793, 0.0223, 0.0707, 0.0463, 0.6621, 0.0513, 0.0681], [0.024, 0.057, 0.0529, 0.0647, 0.7139, 0.0287, 0.0588], [0.0287, 0.0332, 0.048, 0.0768, 0.6581, 0.0849, 0.0704], [0.0737, 0.0565, 0.07, 0.0269, 0.7127, 0.0165, 0.0437], [0.0691, 0.0524, 0.0657, 0.0464, 0.7126, 0.0334, 0.0203], [0.0286, 0.06, 0.0691, 0.0767, 0.637, 0.0896, 0.0391], [0.0872, 0.0242, 0.0851, 0.0814, 0.6626, 0.0296, 0.0298], [0.0246, 0.0655, 0.0506, 0.0664, 0.6742, 0.0477, 0.071], [0.0497, 0.0561, 0.0465, 0.0269, 0.7384, 0.0156, 0.0668], [0.0644, 0.0366, 0.0462, 0.0563, 0.6845, 0.0465, 0.0655], [0.0535, 0.0709, 0.0444, 0.0418, 0.6682, 0.0575, 0.0637], [0.0342, 0.0535, 0.0662, 0.0315, 0.7109, 0.0754, 0.0282], [0.0121, 0.0519, 0.0137, 0.0162, 0.8249, 0.0152, 0.066], [0.0679, 0.0328, 0.0587, 0.0222, 0.6976, 0.0361, 0.0847], [0.03, 0.0689, 0.076, 0.0473, 0.7122, 0.0188, 0.0466], [0.0498, 0.075, 0.0395, 0.0325, 0.7046, 0.0356, 0.063], [0.0235, 0.0812, 0.0399, 0.043, 0.6993, 0.03, 0.0831], [0.0137, 0.0127, 0.075, 0.0541, 0.7644, 0.0428, 0.0374], [0.0633, 0.042, 0.0134, 0.0862, 0.6529, 0.0551, 0.087], [0.0686, 0.0357, 0.0611, 0.0147, 0.7156, 0.0488, 0.0556], [0.0775, 0.032, 0.0272, 0.0775, 0.7068, 0.0264, 0.0526], [0.0419, 0.0232, 0.0745, 0.0294, 0.7704, 0.0277, 0.0328], [0.0396, 0.0282, 0.0702, 0.0654, 0.6975, 0.0472, 0.0519], [0.043, 0.0235, 0.076, 0.0647, 0.7129, 0.0431, 0.0368], [0.0609, 0.0622, 0.0335, 0.0762, 0.6718, 0.0483, 0.0471], [0.0444, 0.0714, 0.0719, 0.0599, 0.6164, 0.0833, 0.0526], [0.0172, 0.0831, 0.0322, 0.0944, 0.6879, 0.0454, 0.0397], [0.0238, 0.0215, 0.0711, 0.0551, 0.7444, 0.0259, 0.0581], [0.0319, 0.0907, 0.0159, 0.0788, 0.6955, 0.0191, 0.068], [0.0623, 0.0319, 0.0698, 0.0336, 0.7015, 0.0218, 0.079], [0.0648, 0.0418, 0.0461, 0.0245, 0.7238, 0.0732, 0.0258], [0.0326, 0.0589, 0.0326, 0.0349, 0.7482, 0.0171, 0.0757], [0.0365, 0.0175, 0.0392, 0.0338, 0.7454, 0.0228, 0.1048], [0.0214, 0.0796, 0.014, 0.0651, 0.7736, 0.021, 0.0253], [0.0584, 0.0459, 0.0426, 0.0654, 0.6778, 0.0509, 0.059], [0.0305, 0.0178, 0.0486, 0.0465, 0.7726, 0.0556, 0.0284], [0.053, 0.0556, 0.0634, 0.0721, 0.6619, 0.0294, 0.0645], [0.046, 0.0616, 0.0307, 0.051, 0.7162, 0.0577, 0.0369], [0.0781, 0.0454, 0.0542, 0.0667, 0.6765, 0.0403, 0.0388], [0.0417, 0.019, 0.0166, 0.055, 0.7509, 0.0907, 0.0262], [0.0446, 0.0213, 0.0565, 0.0829, 0.7328, 0.0287, 0.0331], [0.0583, 0.0583, 0.0242, 0.0293, 0.7112, 0.0846, 0.0341], [0.0413, 0.0418, 0.0401, 0.0314, 0.7265, 0.0299, 0.0889], [0.0333, 0.0118, 0.0205, 0.0775, 0.7993, 0.037, 0.0207], [0.0488, 0.0633, 0.0435, 0.0612, 0.6696, 0.0615, 0.0522], [0.0785, 0.0366, 0.0135, 0.0657, 0.7188, 0.0746, 0.0123], [0.0484, 0.0474, 0.0224, 0.0716, 0.7418, 0.039, 0.0294], [0.0264, 0.0728, 0.0592, 0.0478, 0.6189, 0.0901, 0.0847]], "emotions": ["red", "red", "red", "red", "red", "red", "red", "red", "red", "red", "red", "red", "red", "red", "red", "red", "red", "red", "red", "red", "red", "red", "red", "red", "red", "red", "red", "red", "red", "red", "red", "red", "red", "red", "red", "red", "red", "red", "red", "red", "red", "red", "red", "red", "red", "red", "red", "red", "red", "red", "red", "red", "red", "red", "red", "red", "red", "red", "red", "red", "red", "red", "red", "red", "red", "red", "red", "red", "red", "red", "red", "red", "red", "red", "red", "red", "red", "red", "red", "red"], "timestamps": [0, 40, 80, 120, 160, 200, 240, 280, 320, 360, 400, 440, 480, 520, 560, 600, 640, 680, 720, 760, 800, 840, 880, 920, 960, 1000, 1040, 1080, 1120, 1160, 1200, 1240, 1280, 1320, 1360, 1400, 1440, 1480, 1520, 1560, 1600, 1640, 1680, 1720, 1760, 1800, 1840, 1880, 1920, 1960, 2000, 2040, 2080, 2120, 2160, 2200, 2240, 2280, 2320, 2360, 2400, 2440, 2480, 2520, 2560, 2600, 2640, 2680, 2720, 2760, 2800, 2840, 2880, 2920, 2960, 3000, 3040, 3080, 3120, 3160]}], "conversation": [], "conversation_timestamps": []}