{"agent_id": "agent-blue-1870", "type": "blue", "trips": [{"trip_id": 0, "transport_method": "car", "start_time": 0, "path": [[1.542634, 42.5093933], [1.5423649, 42.5097751], [1.5422668, 42.5098956], [1.5424659, 42.5094725], [1.542665, 42.5090493], [1.5423649, 42.5088895], [1.5418993, 42.5088784], [1.541446, 42.5087688], [1.5409827, 42.5087058], [1.5407824, 42.5086585], [1.5403409, 42.5085045], [1.5398969, 42.50836], [1.5394368, 42.5082763], [1.5389734, 42.5082212], [1.5385104, 42.5082051], [1.5380534, 42.5081327], [1.5376052, 42.5080165], [1.5374377, 42.5079568], [1.5378624, 42.5081163], [1.5374029, 42.5080301], [1.5369433, 42.5079438], [1.5364837, 42.5078576], [1.5360241, 42.5077713], [1.5355713, 42.5076627], [1.5351419, 42.5074776], [1.5347124, 42.5072926], [1.534309, 42.5071309], [1.534693, 42.5073903], [1.5351199, 42.5075807], [1.5355736, 42.5076823], [1.5353294, 42.5075572], [1.5349006, 42.5073708], [1.5344717, 42.5071844], [1.5340428, 42.5069981], [1.5335944, 42.506867], [1.5331431, 42.5067447], [1.5327011, 42.5066383], [1.5322381, 42.5066611], [1.5318127, 42.5066343], [1.531387, 42.5064628], [1.5309611, 42.5066558], [1.5305377, 42.5068244], [1.5301508, 42.5065619], [1.5297038, 42.506438], [1.5292832, 42.5064985], [1.5288997, 42.5067592], [1.5284618, 42.5069153], [1.5281146, 42.5072285], [1.5276753, 42.5072577], [1.527209, 42.5072235], [1.5267417, 42.5072303], [1.5262755, 42.5072025], [1.5258112, 42.5071494], [1.5253482, 42.5070836], [1.5249091, 42.5069399], [1.5244618, 42.5068804], [1.5240031, 42.5068379], [1.5235508, 42.5067193], [1.5230936, 42.5066226], [1.5226378, 42.5065219], [1.5221905, 42.5063857], [1.5217432, 42.5062493], [1.5213047, 42.5060868], [1.5208662, 42.5059244], [1.5211278, 42.5060178], [1.5215654, 42.5061824], [1.5214878, 42.506164], [1.5210443, 42.5060158], [1.5206008, 42.5058675], [1.5201494, 42.5057472], [1.5196944, 42.5056391], [1.5192393, 42.5055319], [1.5187764, 42.5054682], [1.5183108, 42.5054242], [1.5182211, 42.5053986], [1.5181261, 42.5054108], [1.5176599, 42.5053746], [1.5171937, 42.5053385], [1.5171963, 42.5053859], [1.5176394, 42.5053555]], "mood_vectors": [[0.0619, 0.0705, 0.0432, 0.7256, 0.0289, 0.0194, 0.0505], [0.0353, 0.0363, 0.0322, 0.7557, 0.028, 0.0543, 0.0582], [0.0647, 0.069, 0.0682, 0.7051, 0.0127, 0.0313, 0.0489], [0.0705, 0.0187, 0.0816, 0.6441, 0.084, 0.0533, 0.0477], [0.0592, 0.0554, 0.0206, 0.6575, 0.0937, 0.0206, 0.093], [0.0646, 0.0721, 0.0783, 0.6898, 0.0154, 0.0213, 0.0586], [0.0429, 0.0735, 0.0493, 0.6717, 0.0877, 0.0579, 0.0169], [0.0233, 0.0291, 0.1016, 0.6613, 0.0743, 0.0383, 0.0721], [0.0891, 0.0198, 0.0691, 0.5773, 0.0718, 0.0897, 0.0833], [0.0662, 0.0318, 0.0533, 0.6777, 0.0522, 0.0736, 0.0451], [0.0146, 0.0284, 0.0298, 0.7948, 0.0259, 0.072, 0.0345], [0.0201, 0.085, 0.0709, 0.6624, 0.0154, 0.0702, 0.076], [0.0649, 0.0833, 0.0156, 0.7234, 0.0314, 0.0348, 0.0466], [0.0528, 0.0244, 0.024, 0.7196, 0.0312, 0.0794, 0.0685], [0.0599, 0.0248, 0.0706, 0.7098, 0.0602, 0.0359, 0.0388], [0.032, 0.0675, 0.0216, 0.7311, 0.0529, 0.0447, 0.0502], [0.0232, 0.0841, 0.0217, 0.7563, 0.0703, 0.0196, 0.0247], [0.0532, 0.0634, 0.0451, 0.6936, 0.0457, 0.0552, 0.044], [0.0378, 0.0371, 0.0431, 0.6864, 0.0597, 0.0627, 0.0733], [0.0473, 0.0742, 0.0531, 0.6972, 0.0177, 0.0433, 0.0672], [0.0536, 0.0167, 0.0223, 0.7922, 0.0218, 0.0575, 0.0359], [0.0229, 0.0574, 0.0299, 0.7217, 0.0426, 0.0719, 0.0536], [0.0787, 0.048, 0.0655, 0.6903, 0.0419, 0.0234, 0.0521], [0.0145, 0.0363, 0.0593, 0.7251, 0.0689, 0.0796, 0.0161], [0.0561, 0.0818, 0.0647, 0.6792, 0.0185, 0.0396, 0.0601], [0.079, 0.047, 0.0341, 0.6246, 0.082, 0.0638, 0.0697], [0.0157, 0.0773, 0.0249, 0.6981, 0.0697, 0.0504, 0.064], [0.0448, 0.0323, 0.0418, 0.7262, 0.0499, 0.0628, 0.0422], [0.0146, 0.0365, 0.0566, 0.6926, 0.0657, 0.0546, 0.0794], [0.0118, 0.0516, 0.0588, 0.7699, 0.0325, 0.0229, 0.0525], [0.0423, 0.063, 0.0371, 0.7407, 0.0245, 0.0331, 0.0592], [0.0459, 0.0336, 0.0548, 0.8001, 0.0163, 0.029, 0.0203], [0.0741, 0.0638, 0.0502, 0.6836, 0.038, 0.0158, 0.0745], [0.0775, 0.0661, 0.0698, 0.6278, 0.0575, 0.0486, 0.0527], [0.0483, 0.053, 0.0194, 0.7311, 0.0969, 0.0231, 0.0282], [0.0666, 0.0767, 0.0491, 0.7332, 0.0233, 0.0305, 0.0207], [0.0426, 0.0118, 0.0415, 0.7541, 0.0451, 0.0529, 0.052], [0.0313, 0.0741, 0.0504, 0.7253, 0.0418, 0.021, 0.056], [0.0835, 0.0792, 0.0368, 0.6505, 0.0488, 0.055, 0.0462], [0.0295, 0.0822, 0.0342, 0.7223, 0.0365, 0.0315, 0.0639], [0.0683, 0.0325, 0.0311, 0.6647, 0.0709, 0.0619, 0.0706], [0.0608, 0.0166, 0.0181, 0.7871, 0.0368, 0.0259, 0.0547], [0.0662, 0.0524, 0.0118, 0.6582, 0.0579, 0.0781, 0.0755], [0.0715, 0.0816, 0.0413, 0.6895, 0.0171, 0.0768, 0.0222], [0.0614, 0.0475, 0.0119, 0.6648, 0.0726, 0.0759, 0.0661], [0.0228, 0.0617, 0.0146, 0.7503, 0.0461, 0.0615, 0.0432], [0.0559, 0.0597, 0.0209, 0.6891, 0.0764, 0.0655, 0.0324], [0.0209, 0.083, 0.0486, 0.6222, 0.0833, 0.0667, 0.0753], [0.0668, 0.0291, 0.0499, 0.6764, 0.0593, 0.082, 0.0365], [0.0516, 0.0419, 0.0333, 0.6416, 0.0711, 0.0669, 0.0936], [0.0493, 0.0279, 0.0901, 0.6545, 0.0158, 0.091, 0.0713], [0.0378, 0.0308, 0.0355, 0.7552, 0.0675, 0.0238, 0.0493], [0.0787, 0.0596, 0.0293, 0.7369, 0.0446, 0.026, 0.0249], [0.0485, 0.0793, 0.0609, 0.6437, 0.0702, 0.0187, 0.0787], [0.0658, 0.0345, 0.0643, 0.6646, 0.0738, 0.0768, 0.0201], [0.0154, 0.0202, 0.0902, 0.7113, 0.0154, 0.0491, 0.0984], [0.0338, 0.04, 0.0444, 0.7269, 0.0552, 0.0565, 0.0432], [0.0454, 0.0223, 0.0197, 0.7234, 0.0825, 0.0696, 0.0372], [0.0157, 0.0809, 0.0255, 0.7743, 0.0666, 0.0191, 0.0178], [0.0156, 0.0314, 0.0778, 0.6677, 0.053, 0.0771, 0.0774], [0.0588, 0.0238, 0.0614, 0.6904, 0.1031, 0.0173, 0.0453], [0.0461, 0.0729, 0.0343, 0.7344, 0.0287, 0.0629, 0.0207], [0.0751, 0.0624, 0.0231, 0.6761, 0.0573, 0.0704, 0.0357], [0.0706, 0.0339, 0.053, 0.7351, 0.0194, 0.0296, 0.0583], [0.0681, 0.0299, 0.0878, 0.6319, 0.0592, 0.0988, 0.0244], [0.0347, 0.0446, 0.0536, 0.7429, 0.0211, 0.0252, 0.0779], [0.0336, 0.0204, 0.0316, 0.6769, 0.079, 0.0795, 0.0791], [0.0744, 0.0362, 0.0753, 0.6442, 0.0717, 0.0201, 0.078], [0.0692, 0.0419, 0.0574, 0.711, 0.0391, 0.0538, 0.0276], [0.0273, 0.0728, 0.0531, 0.7127, 0.0518, 0.0193, 0.0631], [0.0662, 0.0336, 0.0512, 0.7532, 0.0176, 0.05, 0.0283], [0.0476, 0.0795, 0.0154, 0.7201, 0.0548, 0.0247, 0.0577], [0.0118, 0.0178, 0.0537, 0.7823, 0.0322, 0.0747, 0.0274], [0.0333, 0.0763, 0.0443, 0.695, 0.0434, 0.0508, 0.0569], [0.0804, 0.0847, 0.0666, 0.5425, 0.0689, 0.0775, 0.0794], [0.0202, 0.0563, 0.0556, 0.7423, 0.0222, 0.0631, 0.0404], [0.0284, 0.0872, 0.0607, 0.6335, 0.039, 0.0875, 0.0638], [0.0307, 0.047, 0.0509, 0.7199, 0.0469, 0.0622, 0.0423], [0.0463, 0.0784, 0.073, 0.6454, 0.0496, 0.0574, 0.0498], [0.0349, 0.0288, 0.0312, 0.7738, 0.0235, 0.048, 0.0597]], "emotions": ["green", "green", "green", "green", "green", "green", "green", "green", "green", "green", "green", "green", "green", "green", "green", "green", "green", "green", "green", "green", "green", "green", "green", "green", "green", "green", "green", "green", "green", "green", "green", "green", "green", "green", "green", "green", "green", "green", "green", "green", "green", "green", "green", "green", "green", "green", "green", "green", "green", "green", "green", "green", "green", "green", "green", "green", "green", "green", "green", "green", "green", "green", "green", "green", "green", "green", "green", "green", "green", "green", "green", "green", "green", "green", "green", "green", "green", "green", "green", "green"], "timestamps": [0, 40, 80, 120, 160, 200, 240, 280, 320, 360, 400, 440, 480, 520, 560, 600, 640, 680, 720, 760, 800, 840, 880, 920, 960, 1000, 1040, 1080, 1120, 1160, 1200, 1240, 1280, 1320, 1360, 1400, 1440, 1480, 1520, 1560, 1600, 1640, 1680, 1720, 1760, 1800, 1840, 1880, 1920, 1960, 2000, 2040, 2080, 2120, 2160, 2200, 2240, 2280, 2320, 2360, 2400, 2440, 2480, 2520, 2560, 2600, 2640, 2680, 2720, 2760, 2800, 2840, 2880, 2920, 2960, 3000, 3040, 3080, 3120, 3160]}], "conversation": [], "conversation_timestamps": []}