{"agent_id": "agent-purple-1064", "type": "purple", "trips": [{"trip_id": 0, "transport_method": "car", "start_time": 0, "path": [[1.5218993, 42.5329815], [1.5215906, 42.5334783], [1.5217834, 42.5330949], [1.5214153, 42.533073], [1.5213627, 42.5326331], [1.5210967, 42.5320636], [1.5209143, 42.531494], [1.5212041, 42.5309327], [1.5212455, 42.530481], [1.5215291, 42.5299405], [1.5219732, 42.5294928], [1.521617, 42.5291162], [1.5212726, 42.5286088], [1.5210338, 42.5280715], [1.5207065, 42.5275394], [1.5206648, 42.5269425], [1.5207163, 42.5263102], [1.5207678, 42.5256779], [1.520784, 42.5260812], [1.520602, 42.5266738], [1.5205868, 42.5272979], [1.5206517, 42.5269916], [1.5206909, 42.5263585], [1.5207302, 42.5257253], [1.5207114, 42.5250955], [1.5207229, 42.5244899], [1.5210528, 42.5239493], [1.5214631, 42.5234657], [1.5217768, 42.5229199], [1.5220049, 42.522332], [1.5224507, 42.5218869], [1.5229748, 42.5215309], [1.5233687, 42.5210447], [1.523577, 42.5204455], [1.5237854, 42.5198463], [1.5238079, 42.5200105], [1.5235768, 42.520599], [1.5233805, 42.5210221], [1.5236149, 42.5204326], [1.5238494, 42.5198431], [1.5240838, 42.5192537], [1.524364, 42.5186974], [1.5249006, 42.5184083], [1.5253915, 42.5180073], [1.5258234, 42.5175429], [1.5263437, 42.5172279], [1.5269218, 42.5170112], [1.5274313, 42.5166456], [1.5280174, 42.5164206], [1.528576, 42.5161249], [1.5290055, 42.5156635], [1.5294041, 42.5151753], [1.5298492, 42.5147471], [1.5303246, 42.51433], [1.5302925, 42.51375], [1.530399, 42.5131282], [1.530757, 42.5126045], [1.5309638, 42.5120471], [1.5304761, 42.511672], [1.5299203, 42.5114281], [1.5294877, 42.5109878], [1.5295745, 42.5104622], [1.5291687, 42.5099906], [1.5287111, 42.5095512], [1.5286858, 42.5095522], [1.5291443, 42.5099714], [1.5291855, 42.5100093], [1.5287251, 42.5095728], [1.5282648, 42.5091363], [1.5277748, 42.5087363], [1.5271855, 42.5085223], [1.5265521, 42.508497], [1.5259346, 42.5083542], [1.5254142, 42.5080694], [1.5248056, 42.5078912], [1.5241833, 42.5077741], [1.5235498, 42.5077996], [1.5229311, 42.5076927], [1.5223441, 42.5075462], [1.521785, 42.5073472]], "mood_vectors": [[0.038, 0.0478, 0.0507, 0.0676, 0.0534, 0.6804, 0.0621], [0.0663, 0.0569, 0.0388, 0.0494, 0.0193, 0.7565, 0.0129], [0.0699, 0.0372, 0.0503, 0.0802, 0.0877, 0.633, 0.0418], [0.0473, 0.0662, 0.0994, 0.039, 0.0625, 0.6605, 0.025], [0.0491, 0.0734, 0.069, 0.0638, 0.0259, 0.6462, 0.0726], [0.0759, 0.0686, 0.0414, 0.0459, 0.0486, 0.6766, 0.0431], [0.069, 0.0606, 0.0469, 0.0792, 0.0567, 0.667, 0.0206], [0.0179, 0.0453, 0.068, 0.0272, 0.0392, 0.7287, 0.0737], [0.0306, 0.0885, 0.0291, 0.0867, 0.0158, 0.7198, 0.0296], [0.0599, 0.0451, 0.0398, 0.0208, 0.025, 0.7059, 0.1035], [0.0768, 0.0469, 0.0604, 0.0709, 0.0765, 0.6468, 0.0218], [0.0353, 0.0872, 0.0384, 0.0824, 0.0742, 0.6343, 0.0481], [0.0164, 0.0439, 0.0229, 0.0778, 0.0729, 0.6892, 0.0768], [0.0881, 0.0854, 0.0624, 0.0145, 0.0229, 0.6671, 0.0595], [0.0436, 0.0167, 0.0609, 0.023, 0.0415, 0.7636, 0.0507], [0.0841, 0.0536, 0.0405, 0.0144, 0.0212, 0.7664, 0.0199], [0.0446, 0.0574, 0.0663, 0.0237, 0.0614, 0.6877, 0.0589], [0.066, 0.0381, 0.0525, 0.0236, 0.0265, 0.7516, 0.0416], [0.0629, 0.0174, 0.0724, 0.0581, 0.0332, 0.7404, 0.0156], [0.0286, 0.0183, 0.0294, 0.0699, 0.0621, 0.7011, 0.0907], [0.0257, 0.0364, 0.0648, 0.0307, 0.0223, 0.7867, 0.0334], [0.0838, 0.0671, 0.0649, 0.0532, 0.0463, 0.594, 0.0907], [0.0471, 0.0354, 0.0787, 0.0391, 0.0562, 0.6814, 0.0621], [0.0211, 0.0797, 0.0909, 0.0687, 0.0451, 0.64, 0.0544], [0.0742, 0.0322, 0.0408, 0.0269, 0.0676, 0.7347, 0.0237], [0.014, 0.0532, 0.0184, 0.0438, 0.0596, 0.7533, 0.0577], [0.0255, 0.029, 0.0369, 0.0685, 0.0313, 0.7575, 0.0514], [0.0498, 0.0217, 0.0205, 0.0733, 0.0284, 0.732, 0.0743], [0.029, 0.0899, 0.0155, 0.0186, 0.0828, 0.6872, 0.0771], [0.033, 0.0316, 0.0357, 0.0373, 0.0727, 0.7357, 0.054], [0.0619, 0.0641, 0.0185, 0.0575, 0.0498, 0.683, 0.0651], [0.0774, 0.0194, 0.0827, 0.0425, 0.0354, 0.6978, 0.0449], [0.0452, 0.0112, 0.0361, 0.0378, 0.0331, 0.777, 0.0597], [0.0741, 0.0272, 0.0423, 0.0748, 0.0558, 0.7073, 0.0185], [0.0752, 0.0458, 0.0289, 0.0362, 0.068, 0.6829, 0.063], [0.0314, 0.054, 0.0699, 0.0621, 0.0261, 0.6652, 0.0912], [0.0138, 0.0297, 0.07, 0.0224, 0.022, 0.7927, 0.0495], [0.0231, 0.0345, 0.0601, 0.0257, 0.0733, 0.74, 0.0434], [0.0506, 0.0707, 0.0282, 0.0413, 0.0559, 0.6741, 0.0792], [0.0602, 0.0114, 0.0462, 0.0518, 0.0299, 0.7301, 0.0703], [0.0547, 0.0177, 0.0742, 0.0736, 0.0443, 0.6546, 0.0809], [0.0389, 0.0214, 0.0274, 0.1053, 0.0455, 0.7187, 0.0427], [0.0376, 0.0818, 0.0544, 0.0722, 0.0332, 0.6478, 0.073], [0.0354, 0.0279, 0.0309, 0.0401, 0.0449, 0.7703, 0.0505], [0.0142, 0.0825, 0.0229, 0.0308, 0.0866, 0.6793, 0.0838], [0.0152, 0.0476, 0.0617, 0.0836, 0.0163, 0.7587, 0.0171], [0.0166, 0.0229, 0.0722, 0.0596, 0.0722, 0.7278, 0.0287], [0.0248, 0.0153, 0.0357, 0.0385, 0.0303, 0.8056, 0.0498], [0.0132, 0.0621, 0.0345, 0.0733, 0.0154, 0.7606, 0.0408], [0.0265, 0.055, 0.0444, 0.0259, 0.0793, 0.747, 0.022], [0.0185, 0.0278, 0.0732, 0.0463, 0.0514, 0.7435, 0.0392], [0.0743, 0.074, 0.0581, 0.0303, 0.0445, 0.6213, 0.0975], [0.0118, 0.0566, 0.0416, 0.0774, 0.0758, 0.6792, 0.0577], [0.0747, 0.0798, 0.0574, 0.032, 0.0134, 0.7217, 0.021], [0.0708, 0.0626, 0.0585, 0.0166, 0.015, 0.7471, 0.0293], [0.0415, 0.0669, 0.0486, 0.0344, 0.0365, 0.7492, 0.023], [0.0658, 0.0355, 0.0197, 0.0384, 0.1007, 0.7092, 0.0307], [0.0165, 0.0392, 0.0928, 0.0682, 0.037, 0.658, 0.0884], [0.0543, 0.0325, 0.0755, 0.0303, 0.0631, 0.6893, 0.0549], [0.035, 0.0558, 0.0475, 0.0514, 0.0492, 0.6806, 0.0805], [0.0364, 0.0416, 0.0429, 0.0151, 0.0434, 0.7794, 0.0411], [0.0508, 0.0431, 0.0546, 0.0498, 0.0719, 0.6601, 0.0698], [0.0321, 0.0393, 0.0177, 0.0404, 0.018, 0.7766, 0.076], [0.0261, 0.0379, 0.0749, 0.0683, 0.0158, 0.7327, 0.0443], [0.0285, 0.095, 0.0484, 0.046, 0.0161, 0.7378, 0.0281], [0.05, 0.0468, 0.0221, 0.0361, 0.0307, 0.7256, 0.0887], [0.0563, 0.0273, 0.0619, 0.0675, 0.0234, 0.7465, 0.0171], [0.0877, 0.0139, 0.0602, 0.0652, 0.0229, 0.7081, 0.042], [0.0617, 0.0504, 0.0964, 0.0772, 0.0488, 0.6512, 0.0143], [0.0641, 0.064, 0.0486, 0.0133, 0.058, 0.7337, 0.0183], [0.0895, 0.0178, 0.0553, 0.0177, 0.0728, 0.6638, 0.0831], [0.019, 0.025, 0.0292, 0.0652, 0.0303, 0.7902, 0.0412], [0.0395, 0.0871, 0.0759, 0.0468, 0.0819, 0.629, 0.0398], [0.0349, 0.0644, 0.0356, 0.0711, 0.0525, 0.7087, 0.0328], [0.0591, 0.058, 0.0198, 0.0663, 0.0523, 0.6973, 0.0472], [0.0218, 0.0773, 0.028, 0.0531, 0.0719, 0.7243, 0.0236], [0.0733, 0.0757, 0.0124, 0.0841, 0.0323, 0.7028, 0.0195], [0.0307, 0.0332, 0.0706, 0.0139, 0.0862, 0.7064, 0.0589], [0.0734, 0.0158, 0.037, 0.052, 0.023, 0.7846, 0.0143], [0.0756, 0.0167, 0.0463, 0.0457, 0.0258, 0.7346, 0.0553]], "emotions": ["purple", "purple", "purple", "purple", "purple", "purple", "purple", "purple", "purple", "purple", "purple", "purple", "purple", "purple", "purple", "purple", "purple", "purple", "purple", "purple", "purple", "purple", "purple", "purple", "purple", "purple", "purple", "purple", "purple", "purple", "purple", "purple", "purple", "purple", "purple", "purple", "purple", "purple", "purple", "purple", "purple", "purple", "purple", "purple", "purple", "purple", "purple", "purple", "purple", "purple", "purple", "purple", "purple", "purple", "purple", "purple", "purple", "purple", "purple", "purple", "purple", "purple", "purple", "purple", "purple", "purple", "purple", "purple", "purple", "purple", "purple", "purple", "purple", "purple", "purple", "purple", "purple", "purple", "purple", "purple"], "timestamps": [0, 40, 80, 120, 160, 200, 240, 280, 320, 360, 400, 440, 480, 520, 560, 600, 640, 680, 720, 760, 800, 840, 880, 920, 960, 1000, 1040, 1080, 1120, 1160, 1200, 1240, 1280, 1320, 1360, 1400, 1440, 1480, 1520, 1560, 1600, 1640, 1680, 1720, 1760, 1800, 1840, 1880, 1920, 1960, 2000, 2040, 2080, 2120, 2160, 2200, 2240, 2280, 2320, 2360, 2400, 2440, 2480, 2520, 2560, 2600, 2640, 2680, 2720, 2760, 2800, 2840, 2880, 2920, 2960, 3000, 3040, 3080, 3120, 3160]}], "conversation": [], "conversation_timestamps": []}