{"agent_id": "agent-blue-650", "type": "blue", "trips": [{"trip_id": 0, "transport_method": "foot", "start_time": 0, "path": [[1.531835, 42.5313374], [1.5324355, 42.5312385], [1.5316946, 42.5320427], [1.5306072, 42.5324885], [1.5295823, 42.5330521], [1.5286579, 42.5337727], [1.5280749, 42.5346045], [1.5289787, 42.535354], [1.5300967, 42.5357129], [1.5307563, 42.536596], [1.5302833, 42.5365622], [1.5292193, 42.5361462], [1.5281142, 42.5357807], [1.5271272, 42.5352555], [1.5279167, 42.5360771], [1.5278253, 42.5362197], [1.5268499, 42.5355619], [1.5259103, 42.5348552], [1.5248101, 42.5345413], [1.5249761, 42.5340672], [1.5244848, 42.5331478], [1.523885, 42.5325365], [1.5231531, 42.5325973], [1.5225697, 42.5334041], [1.5225245, 42.53255], [1.5217147, 42.5329991], [1.5213072, 42.5324531], [1.5209438, 42.5313988], [1.5212474, 42.5304737], [1.5219166, 42.5295553], [1.5213932, 42.5287256], [1.5208789, 42.5277423], [1.520687, 42.5266693], [1.5207878, 42.5256298], [1.5206214, 42.5267615], [1.5206516, 42.5269935], [1.5207244, 42.525819], [1.5206625, 42.5246653], [1.5212789, 42.5236736], [1.5218455, 42.5226644], [1.5225955, 42.5217931], [1.5233952, 42.5209685], [1.5237817, 42.519857], [1.5236207, 42.5205056], [1.5235428, 42.520614], [1.5239777, 42.5195206], [1.5245663, 42.5185502], [1.5255056, 42.5178908], [1.5263948, 42.5171783], [1.5274142, 42.5166573], [1.5284856, 42.5161924], [1.5292558, 42.5153165], [1.5301133, 42.5145372], [1.5303119, 42.5135052], [1.5308442, 42.5124779], [1.530417, 42.511654], [1.5295145, 42.5110017], [1.5292568, 42.5100753], [1.5285404, 42.509395], [1.5293763, 42.5101951], [1.5285537, 42.5094102], [1.5276488, 42.508666], [1.5265004, 42.5084895], [1.5254519, 42.5080816], [1.5243144, 42.5077853], [1.5231474, 42.5077495], [1.5224118, 42.5070352], [1.5217788, 42.5067344], [1.5218762, 42.5063746], [1.5208114, 42.5059041], [1.5216467, 42.5062172], [1.5205307, 42.5058441], [1.5193874, 42.5055661], [1.5182217, 42.5054165], [1.5177972, 42.5053713], [1.5170186, 42.5046591], [1.5166841, 42.5037522], [1.5156416, 42.5032407], [1.5146348, 42.5026412], [1.5138995, 42.502291]], "mood_vectors": [[0.0467, 0.0828, 0.0321, 0.7291, 0.0332, 0.0241, 0.052], [0.0393, 0.0437, 0.0316, 0.7779, 0.0178, 0.0499, 0.0399], [0.0828, 0.0276, 0.017, 0.6648, 0.0776, 0.0678, 0.0624], [0.0577, 0.0583, 0.0445, 0.7654, 0.0189, 0.0416, 0.0135], [0.0195, 0.0177, 0.0645, 0.7203, 0.0681, 0.0612, 0.0488], [0.0883, 0.0555, 0.022, 0.6954, 0.039, 0.0792, 0.0206], [0.0534, 0.0908, 0.0347, 0.6644, 0.02, 0.0758, 0.0609], [0.0801, 0.0604, 0.0312, 0.7, 0.0639, 0.0238, 0.0406], [0.0195, 0.0633, 0.0631, 0.703, 0.0387, 0.0807, 0.0317], [0.0479, 0.0587, 0.0755, 0.6363, 0.0602, 0.0717, 0.0496], [0.0769, 0.0283, 0.0224, 0.7528, 0.0674, 0.032, 0.0201], [0.0799, 0.0425, 0.0233, 0.6665, 0.0427, 0.0739, 0.0711], [0.0461, 0.0181, 0.0563, 0.7137, 0.0491, 0.0529, 0.0637], [0.0529, 0.0609, 0.0189, 0.6899, 0.0826, 0.0187, 0.0762], [0.0714, 0.0508, 0.0221, 0.7261, 0.0812, 0.0305, 0.018], [0.06, 0.0396, 0.0384, 0.7708, 0.0288, 0.0232, 0.0392], [0.0245, 0.0634, 0.0794, 0.6393, 0.0936, 0.0492, 0.0506], [0.0476, 0.0315, 0.014, 0.745, 0.026, 0.0552, 0.0807], [0.0239, 0.0566, 0.0614, 0.7022, 0.059, 0.0501, 0.0468], [0.0526, 0.0133, 0.0706, 0.7084, 0.0592, 0.0239, 0.072], [0.0647, 0.0626, 0.0788, 0.6168, 0.0816, 0.0375, 0.0579], [0.0137, 0.0324, 0.0904, 0.7024, 0.018, 0.0507, 0.0923], [0.0693, 0.0715, 0.0273, 0.6964, 0.0576, 0.041, 0.0368], [0.0307, 0.0255, 0.0294, 0.7213, 0.0649, 0.0612, 0.0669], [0.0532, 0.0663, 0.0809, 0.6332, 0.053, 0.087, 0.0264], [0.0554, 0.063, 0.0295, 0.7012, 0.0707, 0.0186, 0.0615], [0.0609, 0.0625, 0.0774, 0.6406, 0.0193, 0.0609, 0.0784], [0.0367, 0.0157, 0.0898, 0.6978, 0.0152, 0.0805, 0.0642], [0.0622, 0.0576, 0.0763, 0.6223, 0.0606, 0.0571, 0.0639], [0.0438, 0.0647, 0.0749, 0.7347, 0.0519, 0.016, 0.014], [0.042, 0.0797, 0.0587, 0.7539, 0.0138, 0.0254, 0.0263], [0.0434, 0.0425, 0.0202, 0.7476, 0.0491, 0.0526, 0.0445], [0.0783, 0.0353, 0.0992, 0.7244, 0.0174, 0.0283, 0.0172], [0.056, 0.0726, 0.05, 0.6617, 0.0933, 0.0265, 0.0399], [0.03, 0.0814, 0.0182, 0.7235, 0.0682, 0.0648, 0.0139], [0.0598, 0.0426, 0.0914, 0.7044, 0.0237, 0.047, 0.0311], [0.0306, 0.0567, 0.0882, 0.6895, 0.0552, 0.0657, 0.0142], [0.0288, 0.0826, 0.0553, 0.6685, 0.0342, 0.0436, 0.0869], [0.0366, 0.0219, 0.0748, 0.7512, 0.0354, 0.0366, 0.0436], [0.0204, 0.049, 0.0738, 0.7261, 0.0411, 0.0256, 0.064], [0.0815, 0.0468, 0.0429, 0.6137, 0.0631, 0.1004, 0.0516], [0.0181, 0.0872, 0.0345, 0.7153, 0.0307, 0.067, 0.0472], [0.0449, 0.0842, 0.0224, 0.7028, 0.0379, 0.0877, 0.02], [0.0387, 0.021, 0.0537, 0.7408, 0.0639, 0.064, 0.0178], [0.0523, 0.0189, 0.0532, 0.7243, 0.0227, 0.0787, 0.05], [0.0308, 0.0852, 0.0217, 0.7054, 0.0489, 0.0806, 0.0273], [0.0649, 0.0618, 0.0462, 0.6759, 0.0776, 0.0248, 0.0488], [0.039, 0.0172, 0.0305, 0.766, 0.0648, 0.059, 0.0236], [0.0305, 0.033, 0.0607, 0.7493, 0.0428, 0.0224, 0.0613], [0.0502, 0.0452, 0.0526, 0.6648, 0.0617, 0.0794, 0.0461], [0.0382, 0.0452, 0.0258, 0.7482, 0.0219, 0.0354, 0.0852], [0.0272, 0.0609, 0.0163, 0.7543, 0.046, 0.0298, 0.0654], [0.056, 0.031, 0.0243, 0.6756, 0.0579, 0.0717, 0.0835], [0.0721, 0.0147, 0.0249, 0.7845, 0.0526, 0.0245, 0.0267], [0.057, 0.0155, 0.0315, 0.7241, 0.0714, 0.0661, 0.0345], [0.0816, 0.0737, 0.0297, 0.6553, 0.0479, 0.0219, 0.0899], [0.0379, 0.0837, 0.0367, 0.7239, 0.0565, 0.0439, 0.0173], [0.0298, 0.0148, 0.0347, 0.7619, 0.0665, 0.0336, 0.0587], [0.0156, 0.0133, 0.0777, 0.753, 0.0633, 0.0321, 0.045], [0.059, 0.0476, 0.061, 0.6467, 0.0353, 0.081, 0.0694], [0.0642, 0.0796, 0.0244, 0.6562, 0.0309, 0.0889, 0.0558], [0.0289, 0.0414, 0.0503, 0.6863, 0.0539, 0.0623, 0.0768], [0.0821, 0.0769, 0.0802, 0.5809, 0.0851, 0.0335, 0.0612], [0.0175, 0.0593, 0.0812, 0.7371, 0.0359, 0.0533, 0.0157], [0.0501, 0.0508, 0.0595, 0.6534, 0.037, 0.0678, 0.0814], [0.0257, 0.0202, 0.0686, 0.7773, 0.0127, 0.0341, 0.0615], [0.067, 0.0295, 0.0541, 0.719, 0.0211, 0.0174, 0.0918], [0.05, 0.0948, 0.0587, 0.7057, 0.0211, 0.05, 0.0197], [0.0487, 0.0217, 0.0256, 0.7307, 0.0664, 0.0668, 0.04], [0.0681, 0.0447, 0.0842, 0.6436, 0.0441, 0.0774, 0.038], [0.0776, 0.0213, 0.0475, 0.7217, 0.0518, 0.0591, 0.021], [0.045, 0.0725, 0.0345, 0.6949, 0.0625, 0.0323, 0.0583], [0.0198, 0.0562, 0.0637, 0.7529, 0.0471, 0.0433, 0.0169], [0.0186, 0.026, 0.0577, 0.7585, 0.0553, 0.0178, 0.0661], [0.0213, 0.0169, 0.027, 0.7806, 0.0646, 0.0217, 0.0679], [0.0638, 0.0702, 0.0735, 0.6795, 0.0322, 0.0269, 0.054], [0.0518, 0.0711, 0.084, 0.596, 0.0297, 0.0752, 0.0922], [0.0242, 0.0847, 0.0504, 0.6718, 0.0216, 0.0841, 0.0633], [0.0427, 0.0602, 0.0819, 0.6108, 0.0429, 0.0849, 0.0766], [0.0367, 0.0776, 0.0718, 0.7006, 0.0194, 0.0366, 0.0573]], "emotions": ["green", "green", "green", "green", "green", "green", "green", "green", "green", "green", "green", "green", "green", "green", "green", "green", "green", "green", "green", "green", "green", "green", "green", "green", "green", "green", "green", "green", "green", "green", "green", "green", "green", "green", "green", "green", "green", "green", "green", "green", "green", "green", "green", "green", "green", "green", "green", "green", "green", "green", "green", "green", "green", "green", "green", "green", "green", "green", "green", "green", "green", "green", "green", "green", "green", "green", "green", "green", "green", "green", "green", "green", "green", "green", "green", "green", "green", "green", "green", "green"], "timestamps": [0, 40, 80, 120, 160, 200, 240, 280, 320, 360, 400, 440, 480, 520, 560, 600, 640, 680, 720, 760, 800, 840, 880, 920, 960, 1000, 1040, 1080, 1120, 1160, 1200, 1240, 1280, 1320, 1360, 1400, 1440, 1480, 1520, 1560, 1600, 1640, 1680, 1720, 1760, 1800, 1840, 1880, 1920, 1960, 2000, 2040, 2080, 2120, 2160, 2200, 2240, 2280, 2320, 2360, 2400, 2440, 2480, 2520, 2560, 2600, 2640, 2680, 2720, 2760, 2800, 2840, 2880, 2920, 2960, 3000, 3040, 3080, 3120, 3160]}], "conversation": [], "conversation_timestamps": []}