{
  "agent_id": "agent-type-blue-35",
  "type": "blue",
  "trips": [
    {
      "trip_id": 0,
      "transport_method": "foot",
      "start_time": 0,
      "path": [
        [
          1.5249079000000003,
          42.50558109999999
        ],
        [
          1.525958065613808,
          42.505446922118075
        ],
        [
          1.5269165598736054,
          42.505339488571366
        ],
        [
          1.5280399390360684,
          42.50560368514221
        ],
        [
          1.527774472590126,
          42.50519380329508
        ],
        [
          1.5266236853907742,
          42.505103156344646
        ],
        [
          1.5254768326106718,
          42.50495452435329
        ],
        [
          1.524329427980533,
          42.50481023718163
        ],
        [
          1.5232315682398976,
          42.504664875440916
        ],
        [
          1.5222691803597872,
          42.504678825054924
        ],
        [
          1.521844527110773,
          42.505696078030724
        ],
        [
          1.5224323310669707,
          42.50634861534362
        ],
        [
          1.5234670442219616,
          42.50648044236365
        ],
        [
          1.5239268925219756,
          42.50547214317554
        ],
        [
          1.5234470292659121,
          42.506524328714725
        ],
        [
          1.5243961115208058,
          42.506691639594635
        ],
        [
          1.5234895915192408,
          42.50667150621513
        ],
        [
          1.522364620331574,
          42.50640354599131
        ],
        [
          1.5219255626726136,
          42.50670861819991
        ],
        [
          1.5228312641491786,
          42.507275479584386
        ],
        [
          1.5228800191426797,
          42.50727266113797
        ],
        [
          1.5229942937514567,
          42.507707263279435
        ],
        [
          1.5231554018643934,
          42.507943376201396
        ],
        [
          1.5230016586475958,
          42.50831515312722
        ],
        [
          1.5218885406799425,
          42.50832413263603
        ],
        [
          1.520853662102841,
          42.507816580333255
        ],
        [
          1.519801732904313,
          42.507687708233334
        ],
        [
          1.519769349890889,
          42.50860949261851
        ],
        [
          1.5195212924528223,
          42.50782999333784
        ],
        [
          1.518500734227023,
          42.50822630991155
        ],
        [
          1.517484370632909,
          42.50778385465115
        ],
        [
          1.5174127999999998,
          42.507742499999985
        ]
      ],
      "emotions": [
        "green",
        "green",
        "green",
        "green",
        "green",
        "green",
        "green",
        "green",
        "green",
        "green",
        "red",
        "red",
        "red",
        "red",
        "red",
        "purple",
        "purple",
        "purple",
        "purple",
        "purple",
        "purple",
        "purple",
        "purple",
        "purple",
        "purple",
        "red",
        "red",
        "red",
        "red",
        "red",
        "red",
        "red"
      ],
      "mood_vectors": [
        [
          0.32815266739939086,
          0.05573547835379921,
          0.11661409034916237,
          0.01604817357646676,
          0.1238632298991096,
          0.1418127044935524,
          0.21777365592851888
        ],
        [
          0.21047736764116862,
          0.11486564356746432,
          0.06816334896251208,
          0.23489635646018492,
          0.15071905076853528,
          0.14940662055572893,
          0.07147161204440587
        ],
        [
          0.0229916495805835,
          0.00088097354912707,
          0.1870112789230896,
          0.04889465250519846,
          0.054083110045969066,
          0.426852792277085,
          0.25928554311894736
        ],
        [
          0.3098241037112578,
          0.01821265482747447,
          0.21084838671773762,
          0.12754612822756084,
          0.06376000624237384,
          0.14774498755706822,
          0.12206373271652732
        ],
        [
          0.190435738320191,
          0.044016751054024285,
          0.24614426235814077,
          0.09338493166045447,
          0.0684490957025491,
          0.14448316057741545,
          0.21308606032722496
        ],
        [
          0.1418620199073155,
          0.10743190588512015,
          0.14221658933907663,
          0.07160128201910307,
          0.156654573212648,
          0.1851266136171586,
          0.19510701601957808
        ],
        [
          0.09029147781585967,
          0.17859172816066893,
          0.17790818392573526,
          0.1624811469600358,
          0.10985241477555754,
          0.11204607372663639,
          0.16882897463550645
        ],
        [
          0.07016914487482014,
          0.0859309003976841,
          0.2422745015493304,
          0.18484600460244222,
          0.06466400162615651,
          0.1804988957885369,
          0.17161655116102978
        ],
        [
          0.24865596822190322,
          0.07316052343488255,
          0.04178908147158784,
          0.1690087713305694,
          0.2723940860318518,
          0.01610792490505234,
          0.17888364460415282
        ],
        [
          0.03021242516676284,
          0.2571225952217606,
          0.05058502296228503,
          0.01056742485092595,
          0.27902338998618265,
          0.16409063823467834,
          0.20839850357740453
        ],
        [
          0.3116352253039536,
          0.1575770156227676,
          0.01889657926582291,
          0.09864848780085338,
          0.364456768143588,
          0.019814903310701796,
          0.028971020552312658
        ],
        [
          0.2698898442289124,
          0.150378604456807,
          0.042542737131649605,
          0.11539524558628403,
          0.1962170682097516,
          0.10760397083926934,
          0.1179725295473261
        ],
        [
          0.16300042511903048,
          0.3399466757625327,
          0.03489416148345015,
          0.18874498798084832,
          0.05903130504887489,
          0.20550238806114332,
          0.008880056544120057
        ],
        [
          0.02919704903599744,
          0.4244285050367318,
          0.020893193623022086,
          0.04724811129594251,
          0.13417355473573508,
          0.24570221414213123,
          0.09835737213043985
        ],
        [
          0.13758044256588153,
          0.19555749747549836,
          0.01089909784534792,
          0.23256203162055375,
          0.11274842869058185,
          0.2538746942676187,
          0.05677780753451782
        ],
        [
          0.09554324572493397,
          0.2123692250821339,
          0.2554971789422984,
          0.1724961257381594,
          0.04872320459358211,
          0.08215536283818867,
          0.13321565708070357
        ],
        [
          0.02147893745457094,
          0.17655575899586867,
          0.0701467333115336,
          0.09474929761405793,
          0.24231239745943273,
          0.24656946150953782,
          0.14818741365499827
        ],
        [
          0.18333646833406872,
          0.047550754401285186,
          0.16574084767357794,
          0.07484547591793499,
          0.2407846761228012,
          0.15071319549001067,
          0.13702858206032129
        ],
        [
          0.007730313711914825,
          0.3353563401751864,
          0.018885965770518418,
          0.03449327134217489,
          0.18377132543447625,
          0.17903435462924358,
          0.24072842893648566
        ],
        [
          0.07145887587320951,
          0.23331263121914075,
          0.18945030903727555,
          0.10629719461933251,
          0.18205010772257899,
          0.06254762042158876,
          0.15488326110687398
        ],
        [
          0.3038599536537761,
          0.046028686835999096,
          0.014454562574679152,
          0.11187685819269212,
          0.22433040326581608,
          0.19112603088312732,
          0.10832350459391019
        ],
        [
          0.2150823225891569,
          0.21047576492744857,
          0.17709073668585631,
          0.15859803421435056,
          0.06554396199739115,
          0.1373937829070261,
          0.03581539667877032
        ],
        [
          0.05151150781394769,
          0.09773946944431089,
          0.18902898890689412,
          0.1795041127244922,
          0.16941241517447644,
          0.15556822512298324,
          0.15723528081289542
        ],
        [
          0.03669347722757255,
          0.22045866067663042,
          0.1468188634019312,
          0.03251908906895793,
          0.28259797207031484,
          0.1285449775242694,
          0.15236696003032363
        ],
        [
          0.05859746428917023,
          0.20984816488802635,
          0.03625307721276993,
          0.23475848245326494,
          0.06718206855914731,
          0.18963958869414252,
          0.20372115390347867
        ],
        [
          0.27942029738732627,
          0.01611723292033318,
          0.1730548709080022,
          0.2619062571314672,
          0.09834858595512826,
          0.07610322068100372,
          0.09504953501673911
        ],
        [
          0.20669488257126284,
          0.08671982723631386,
          0.0941530707497992,
          0.22638582789026693,
          0.08660618789497644,
          0.12036989457930414,
          0.17907030907807653
        ],
        [
          0.32306595948453115,
          0.07774069763951372,
          0.3348977015800747,
          0.0233071984085212,
          0.009352931122785483,
          0.18107676987114601,
          0.05055874189342777
        ],
        [
          0.1070785204433563,
          0.14578954544480666,
          0.2118014435811746,
          0.16045564165049825,
          0.154941639468356,
          0.21679641100990804,
          0.0031367984019000485
        ],
        [
          0.25525477522513634,
          0.06172486203720693,
          0.0092207138389392,
          0.13167000701681192,
          0.27573366790012493,
          0.06685165717773273,
          0.19954431680404788
        ],
        [
          0.09521036496204825,
          0.09970811042536416,
          0.08596701795326252,
          0.14592133435957552,
          0.01634329095305232,
          0.299946847751013,
          0.25690303359568417
        ],
        [
          0.3668674978174659,
          0.19579831218796898,
          0.03186239996833766,
          0.09627753106765792,
          0.23962231294967598,
          0.062259343418365753,
          0.007312602590527785
        ]
      ],
      "timestamps": [
        0,
        1,
        2,
        3,
        4,
        5,
        6,
        7,
        8,
        9,
        10,
        11,
        12,
        13,
        14,
        15,
        16,
        17,
        18,
        19,
        20,
        21,
        22,
        23,
        24,
        25,
        26,
        27,
        28,
        29,
        30,
        31
      ],
      "distance": 1335.7
    },
    {
      "trip_id": 1,
      "transport_method": "bicycle",
      "start_time": 32,
      "path": [
        [
          1.5174127999999998,
          42.507742499999985
        ],
        [
          1.5171332058425135,
          42.5075570006317
        ],
        [
          1.5170781883149729,
          42.50752049873661
        ],
        [
          1.5173577824724591,
          42.507705998104896
        ],
        [
          1.5176346581695255,
          42.507895509115706
        ],
        [
          1.517911443192703,
          42.508085174503904
        ],
        [
          1.5181882282158807,
          42.5082748398921
        ],
        [
          1.5184809098959324,
          42.50832509893676
        ],
        [
          1.518785695981856,
          42.508185230414306
        ],
        [
          1.5190878419165625,
          42.50803931693763
        ],
        [
          1.5193899878512693,
          42.507893403460955
        ],
        [
          1.5195714605133273,
          42.507983520590024
        ],
        [
          1.5196301013598479,
          42.50831389032177
        ],
        [
          1.5197431652772762,
          42.50859940313437
        ],
        [
          1.5197321398467807,
          42.50859515480335
        ],
        [
          1.519628036360938,
          42.50830225656858
        ],
        [
          1.5195693955144174,
          42.50797188683683
        ],
        [
          1.519703745548697,
          42.50773761830143
        ],
        [
          1.520010040216724,
          42.50760399981574
        ],
        [
          1.5203225929548747,
          42.507548657856994
        ],
        [
          1.52062429777218,
          42.50769454469264
        ],
        [
          1.5209205134180808,
          42.507852149260025
        ],
        [
          1.5212167290639813,
          42.50800975382741
        ],
        [
          1.521512944709882,
          42.508167358394786
        ],
        [
          1.5216555163911494,
          42.508336744218056
        ],
        [
          1.5213834659311198,
          42.50843670076954
        ],
        [
          1.5211020999999998,
          42.508253900000014
        ]
      ],
      "emotions": [
        "red",
        "red",
        "red",
        "green",
        "green",
        "green",
        "green",
        "green",
        "purple",
        "purple",
        "purple",
        "purple",
        "purple",
        "red",
        "red",
        "red",
        "red",
        "red",
        "green",
        "green",
        "green",
        "green",
        "green",
        "red",
        "red",
        "red",
        "red"
      ],
      "mood_vectors": [
        [
          0.2400643451020879,
          0.2429472744966147,
          0.00279972673246512,
          0.12332094674507331,
          0.2259961157160649,
          0.007756330852993105,
          0.15711526035470103
        ],
        [
          0.26091702123553434,
          0.08748098039962414,
          0.26170760604572385,
          0.030107959714814458,
          0.09707031239762942,
          0.0014158475276506075,
          0.26130027267902317
        ],
        [
          0.1551254347794169,
          0.12656797758703314,
          0.21459518612713188,
          0.2917680077138821,
          0.0021453504582936043,
          0.050081857357948956,
          0.15971618597629336
        ],
        [
          0.14408758877961028,
          0.29743018265773896,
          0.12018055319479523,
          0.27713566262328976,
          0.006400664418602349,
          0.11106222339514142,
          0.043703124930821985
        ],
        [
          0.07885516879751821,
          0.0699466460605912,
          0.15812654901620274,
          0.2300856197935753,
          0.2796373295049962,
          0.14870729649238787,
          0.03464139033472836
        ],
        [
          0.24412536649430983,
          0.0056657524074836905,
          0.2890496638182067,
          0.20531905570184497,
          0.2272072252202629,
          0.010324574278580446,
          0.018308362079311375
        ],
        [
          0.21098585261873853,
          0.08233756252398663,
          0.22406111076176125,
          0.008808420737143911,
          0.10772520085114745,
          0.15821723042283842,
          0.20786462208438386
        ],
        [
          0.2201937535565232,
          0.11525437605463101,
          0.11008242723187725,
          0.17597385282961717,
          0.19636926510494004,
          0.016198287583436242,
          0.1659280376389751
        ],
        [
          0.06622955610816904,
          0.1424366069934612,
          0.1362491947418204,
          0.2610696535478717,
          0.15885469250829384,
          0.21779142046663658,
          0.017368875633747297
        ],
        [
          0.22594570206863626,
          0.2312590449862357,
          0.2647716749705669,
          0.08334508772915586,
          0.01651003696070393,
          0.058901813204870555,
          0.11926664007983079
        ],
        [
          0.03705955645135894,
          0.12550261104851848,
          0.24360233897663186,
          0.13516319592048867,
          0.21364955491957147,
          0.15820299431461893,
          0.08681974836881166
        ],
        [
          0.17756257263845213,
          0.05562714370972478,
          0.20328296735665013,
          0.13052142667533806,
          0.15315485676112328,
          0.24614880875101935,
          0.03370222410769223
        ],
        [
          0.18901787062796296,
          0.11189023504688023,
          0.03142434206406165,
          0.2538721854876532,
          0.05319431424387225,
          0.1912278199444474,
          0.16937323258512227
        ],
        [
          0.20237804711582363,
          0.008455501891807094,
          0.18977568880317758,
          0.14800997525078435,
          0.05841438162562574,
          0.2204484797145453,
          0.1725179255982363
        ],
        [
          0.12470892477724214,
          0.18226980465145295,
          0.15985361135409137,
          0.26941939098470175,
          0.07680873512959627,
          0.09246754143437093,
          0.09447199166854464
        ],
        [
          0.04204836279303645,
          0.23342247520402315,
          0.28597833952201357,
          0.2062410634561419,
          0.03815323448168792,
          0.02463194401510983,
          0.16952458052798725
        ],
        [
          0.023336726565855927,
          0.03520641193082978,
          0.2349371976250472,
          0.24973232755348404,
          0.21332005351152625,
          0.05367114380070201,
          0.18979613901255485
        ],
        [
          0.13861653293867127,
          0.23836880385001855,
          0.24340122897780667,
          0.09216867796258942,
          0.09102008180045576,
          0.11985456060694967,
          0.07657011386350862
        ],
        [
          0.12287799213747291,
          0.0699550056993069,
          0.12427094094115705,
          0.09572325729739825,
          0.20949237547869648,
          0.20031995173887246,
          0.17736047670709598
        ],
        [
          0.23733503111421983,
          0.11267624654763815,
          0.20979893720982828,
          0.09465747696417093,
          0.04766179880093217,
          0.0638312473971936,
          0.23403926196601704
        ],
        [
          0.043349908151177625,
          0.15934905193735707,
          0.19933315588023046,
          0.119574224907338,
          0.23492904754750046,
          0.044997363005993454,
          0.19846724857040293
        ],
        [
          0.10219941566150584,
          0.1768188981389982,
          0.1191660179038919,
          0.22572606934872189,
          0.13107616075925202,
          0.23846776953888255,
          0.006545668648747522
        ],
        [
          0.17404283737072873,
          0.23787873597082465,
          0.018217293211927468,
          0.20561281226504166,
          0.18850456375199096,
          0.0017308543620176491,
          0.17401290306746886
        ],
        [
          0.06094764909586011,
          0.12203475796250007,
          0.16800906929986986,
          0.08132073054805962,
          0.25010014163762095,
          0.05681485103126503,
          0.26077280042482426
        ],
        [
          0.24166665230149018,
          0.20369715228880253,
          0.17847521003862926,
          0.014957911181160927,
          0.2123339899996175,
          0.10416722415666488,
          0.044701860033634716
        ],
        [
          0.17730269824283953,
          0.1352254994846331,
          0.022069721222311503,
          0.2554950747557942,
          0.08564426501835427,
          0.18326943507204604,
          0.14099330620402128
        ],
        [
          0.2028339135294696,
          0.06546883429843926,
          0.11586858427838229,
          0.11010870441984703,
          0.20831006351092266,
          0.18623042275956878,
          0.1111794772033704
        ]
      ],
      "timestamps": [
        32,
        33,
        34,
        35,
        36,
        37,
        38,
        39,
        40,
        41,
        42,
        43,
        44,
        45,
        46,
        47,
        48,
        49,
        50,
        51,
        52,
        53,
        54,
        55,
        56,
        57,
        58
      ],
      "distance": 431
    },
    {
      "trip_id": 2,
      "transport_method": "car",
      "start_time": 59,
      "path": [
        [
          1.5211020999999998,
          42.508253900000014
        ],
        [
          1.5214687077795226,
          42.50847642000402
        ],
        [
          1.5218381876496128,
          42.50831089978872
        ],
        [
          1.5222616244359195,
          42.5084221795727
        ],
        [
          1.5222767220993436,
          42.50847316595179
        ],
        [
          1.5218498790557762,
          42.50837576513825
        ],
        [
          1.5220149639877918,
          42.50841343567529
        ],
        [
          1.5224418070313595,
          42.508510836488824
        ],
        [
          1.5228320907118102,
          42.50836617862547
        ],
        [
          1.5232387279566002,
          42.508365405812505
        ],
        [
          1.5231160125439371,
          42.5082995608209
        ],
        [
          1.523139741286132,
          42.50795594123057
        ],
        [
          1.5235314533005484,
          42.50779002237624
        ],
        [
          1.5239233646907135,
          42.50766134343944
        ],
        [
          1.5238593485259435,
          42.507681774994566
        ],
        [
          1.5234643057941348,
          42.50779261663515
        ],
        [
          1.5230342339423362,
          42.50771587367882
        ],
        [
          1.5226062514801615,
          42.50762360822271
        ],
        [
          1.522439523727147,
          42.507244353095196
        ],
        [
          1.522136428686051,
          42.506928417503055
        ],
        [
          1.5218333336449548,
          42.506612481910906
        ],
        [
          1.5217921589368995,
          42.50631832738323
        ],
        [
          1.5222210507515248,
          42.50636932656782
        ],
        [
          1.5226469356230978,
          42.506470835082176
        ],
        [
          1.5230728204946709,
          42.506572343596524
        ],
        [
          1.5234987480319522,
          42.506673672437095
        ],
        [
          1.5239249205852192,
          42.50677396570262
        ],
        [
          1.524344092906742,
          42.506768330446306
        ],
        [
          1.52454860975335,
          42.50638298974825
        ],
        [
          1.5245767000000001,
          42.5063273
        ]
      ],
      "emotions": [
        "red",
        "purple",
        "purple",
        "purple",
        "purple",
        "purple",
        "red",
        "red",
        "red",
        "red",
        "red",
        "purple",
        "purple",
        "purple",
        "purple",
        "purple",
        "green",
        "green",
        "green",
        "green",
        "green",
        "purple",
        "purple",
        "purple",
        "purple",
        "purple",
        "red",
        "red",
        "red",
        "red"
      ],
      "mood_vectors": [
        [
          0.31798040349277334,
          0.043815763108191685,
          0.2005431877047109,
          0.13080874922215055,
          0.07294305281338002,
          0.23022495196580675,
          0.0036838916929866966
        ],
        [
          0.16849163037574277,
          0.06992127674491813,
          0.2556993943972637,
          0.07431870897759572,
          0.07620450934704846,
          0.23059097386115868,
          0.12477350629627261
        ],
        [
          0.22996150468307208,
          0.20428677907924564,
          0.06748615264907017,
          0.2910070137241415,
          0.003007730339404267,
          0.05425089179795919,
          0.1499999277271071
        ],
        [
          0.21102346522404455,
          0.20487957482329872,
          0.14765178546205862,
          0.20899492751736737,
          0.173154607169705,
          0.017643960542275183,
          0.03665167926125054
        ],
        [
          0.11196210469547667,
          0.24170517987876294,
          0.11715739592803102,
          0.3002348734883093,
          0.02467535987184217,
          0.15581285019248023,
          0.04845223594509767
        ],
        [
          0.13135692850192976,
          0.09579202653931104,
          0.08675403221522691,
          0.15562414409068412,
          0.2495130844043063,
          0.06750235623343445,
          0.21345742801510742
        ],
        [
          0.07609740968392609,
          0.18995657185827428,
          0.09598849316745003,
          0.26834300615405754,
          0.3178032820202621,
          0.004186688044539114,
          0.04762454907149083
        ],
        [
          0.029779345639708483,
          0.010365965638898609,
          0.2487543704621152,
          0.21562677821953263,
          0.2651165716483037,
          0.11317226577022556,
          0.11718470262121573
        ],
        [
          0.19616035087824427,
          0.1768604502692293,
          0.13066284081155383,
          0.11373328133907974,
          0.18683202468235946,
          0.15484706037776022,
          0.040903991641773184
        ],
        [
          0.03324915992646141,
          0.18919345211885022,
          0.18071663385371753,
          0.08128509147056946,
          0.1327435863939769,
          0.15412813704752706,
          0.22868393918889737
        ],
        [
          0.2857551568645583,
          0.0707250610140903,
          0.04462505461491608,
          0.11322781747333728,
          0.11508453934984075,
          0.034653822166558546,
          0.3359285485166988
        ],
        [
          0.08580505003953805,
          0.08564405801101486,
          0.26509277178770474,
          0.2851155509447671,
          0.035640471797571155,
          0.04561781392838243,
          0.1970842834910216
        ],
        [
          0.15707191022975586,
          0.02782702752478474,
          0.1744861059818366,
          0.2737181930345043,
          0.053578080940064346,
          0.15453892356116786,
          0.1587797587278863
        ],
        [
          0.2583821101988725,
          0.08791170529034478,
          0.16957136788267377,
          0.037969531720465036,
          0.20593525973510846,
          0.05699575719158447,
          0.18323426798095102
        ],
        [
          0.2558766237101096,
          0.021965837698083152,
          0.013716020280274894,
          0.20267155172979667,
          0.08739506934922564,
          0.2420323785798547,
          0.17634251865265535
        ],
        [
          0.13736932214895056,
          0.1476025792441807,
          0.18333818244344835,
          0.005092693114966031,
          0.19403782333237282,
          0.17333535809058762,
          0.15922404162549397
        ],
        [
          0.04970687697401206,
          0.2329240506575305,
          0.4170055030129147,
          0.09304061007881753,
          0.001561269569718071,
          0.19993469399708097,
          0.005826995709926053
        ],
        [
          0.33682284178820515,
          0.04810968967809052,
          0.1069285466006896,
          0.09858866621429858,
          0.04193204616863186,
          0.3262284330408951,
          0.04138977650918916
        ],
        [
          0.14103862914746673,
          0.24174474476381455,
          0.3246223658152923,
          0.03592341598296689,
          0.0075406048925248876,
          0.11351975087262471,
          0.13561048852530985
        ],
        [
          0.1854784685026384,
          0.1732239254664245,
          0.16984216666573765,
          0.10140111940822948,
          0.15835059771269167,
          0.03309720629274983,
          0.1786065159515284
        ],
        [
          0.20592706357739543,
          0.016940857116458166,
          0.20901524925915113,
          0.21036914488496625,
          0.07383051615738874,
          0.1540313363091702,
          0.12988583269547016
        ],
        [
          0.08591043438744671,
          0.09919650439014949,
          0.06968250178615058,
          0.3460732830412356,
          0.1996941706268859,
          0.15153906021946795,
          0.04790404554866374
        ],
        [
          0.1844884775669134,
          0.04778633582474041,
          0.3689691402055283,
          0.023742871234107926,
          0.18812256952762482,
          0.055398766918780436,
          0.13149183872230472
        ],
        [
          0.24072751486979757,
          0.2578906739547851,
          0.06958012753324234,
          0.0416987353961084,
          0.05899205536109698,
          0.09346086420899015,
          0.23765002867597954
        ],
        [
          0.12682817838353574,
          0.240847125820911,
          0.09747736464403083,
          0.20975876994355758,
          0.04124938118658289,
          0.21235711287645892,
          0.071482067144923
        ],
        [
          0.13717145631033648,
          0.3304353494241508,
          0.2036092636949938,
          0.0977832737521825,
          0.07502748890822465,
          0.012011582026125277,
          0.1439615858839865
        ],
        [
          0.2557279078282344,
          0.1309954761926153,
          0.034862901255269724,
          0.18858313207759062,
          0.01241550455541666,
          0.17346162034396664,
          0.20395345774690665
        ],
        [
          0.2620364892887786,
          0.15487988297087402,
          0.14790762085191708,
          0.10677385046173443,
          0.13935209816721114,
          0.08017424232898387,
          0.10887581593050089
        ],
        [
          0.15430597125190149,
          0.11637746750077607,
          0.446749213092099,
          0.022901326099657265,
          0.004108888274564394,
          0.014630860819002379,
          0.2409262729619995
        ],
        [
          0.033235938615369276,
          0.1279632861313339,
          0.29228126229105655,
          0.0795283520783344,
          0.36180368524866896,
          0.02812417842895322,
          0.07706329720628362
        ]
      ],
      "timestamps": [
        59,
        60,
        61,
        62,
        63,
        64,
        65,
        66,
        67,
        68,
        69,
        70,
        71,
        72,
        73,
        74,
        75,
        76,
        77,
        78,
        79,
        80,
        81,
        82,
        83,
        84,
        85,
        86,
        87,
        88
      ],
      "distance": 617.8
    },
    {
      "trip_id": 3,
      "transport_method": "bicycle",
      "start_time": 89,
      "path": [
        [
          1.5245767000000001,
          42.5063273
        ],
        [
          1.5244953692741667,
          42.50648854057945
        ],
        [
          1.5244767275379287,
          42.50661616179705
        ],
        [
          1.5246560390748682,
          42.50663762302127
        ],
        [
          1.5248247928601573,
          42.50668293279114
        ],
        [
          1.5247688521614884,
          42.506851461567976
        ],
        [
          1.5249023997174866,
          42.50693897780515
        ],
        [
          1.5250798485471937,
          42.506972520677124
        ],
        [
          1.525152808649557,
          42.50682603526978
        ],
        [
          1.5252117043247788,
          42.50665531763488
        ],
        [
          1.5252706000000007,
          42.506484599999986
        ]
      ],
      "emotions": [
        "red",
        "red",
        "red",
        "red",
        "red",
        "red",
        "purple",
        "purple",
        "purple",
        "purple",
        "purple"
      ],
      "mood_vectors": [
        [
          0.21587924983419063,
          0.025493384417626608,
          0.00879768189084927,
          0.3280680409193614,
          0.03710635141326638,
          0.3176358302857919,
          0.06701946123891374
        ],
        [
          0.05783474191194356,
          0.008449995444004203,
          0.1304060097476459,
          0.2714839700727776,
          0.10977737640691998,
          0.12322686298169604,
          0.29882104343501276
        ],
        [
          0.2191960312854195,
          0.21560602912402863,
          0.004352484278315947,
          0.11202510444239908,
          0.13217847667089572,
          0.11594085867858736,
          0.20070101552035377
        ],
        [
          0.16932367012548832,
          0.057505890910074534,
          0.19302267917663457,
          0.16560600474161097,
          0.046344061566804144,
          0.17510884775690463,
          0.1930888457224828
        ],
        [
          0.18684411501938974,
          0.03387932933136204,
          0.2812234708800826,
          0.10606328805122653,
          0.17757136832178727,
          0.013245910435680004,
          0.20117251796047178
        ],
        [
          0.353863248882123,
          0.11000927425019509,
          0.019759085058352183,
          0.01146982399619176,
          0.17646082548038422,
          0.3004965618399114,
          0.027941180492842325
        ],
        [
          0.2479284549488489,
          0.1024340705578906,
          0.06876041697546248,
          0.18749497237363058,
          0.06437147376474722,
          0.028789395269029027,
          0.3002212161103912
        ],
        [
          0.032608481716359994,
          0.2571316480352122,
          0.17993836397283128,
          0.20301385047229473,
          0.009784378034814968,
          0.2608705669615849,
          0.05665271080690197
        ],
        [
          0.13933054455836535,
          0.2077660373857601,
          0.15115923269827614,
          0.16845748304324293,
          0.1728197153989748,
          0.1333021533648603,
          0.02716483355052039
        ],
        [
          0.10881307902258593,
          0.16444964345983482,
          0.05763670857854339,
          0.3071420591139257,
          0.0973803152109986,
          0.058170488173646576,
          0.20640770644046494
        ],
        [
          0.24469602706699514,
          0.22608767958816628,
          0.17431331072254824,
          0.18908973401923854,
          0.033127796153194555,
          0.10997094048995577,
          0.02271451195990142
        ]
      ],
      "timestamps": [
        89,
        90,
        91,
        92,
        93,
        94,
        95,
        96,
        97,
        98,
        99
      ],
      "distance": 528.4
    }
  ],
  "conversation": [
    "I always forget how green this neighborhood is.",
    "This fog has me in my feelings.",
    "What a day!"
  ],
  "conversation_timestamps": [
    10,
    65,
    71
  ]
}
