{"agent_id": "agent-green-1952", "type": "green", "trips": [{"trip_id": 0, "transport_method": "car", "start_time": 0, "path": [[1.5361208, 42.5130775], [1.5355563, 42.5133801], [1.5349053, 42.5134821], [1.5342555, 42.5135908], [1.5336197, 42.5137556], [1.5329854, 42.5139279], [1.5324154, 42.5142532], [1.5319243, 42.5146774], [1.5314464, 42.5151286], [1.5312713, 42.5152647], [1.5307432, 42.5156588], [1.5301657, 42.5159615], [1.5296169, 42.5163146], [1.5290565, 42.5166599], [1.5284372, 42.516577], [1.5278901, 42.5168965], [1.5272933, 42.5171758], [1.5266892, 42.5174387], [1.5260927, 42.5177143], [1.5255997, 42.5181503], [1.5250865, 42.518563], [1.5245615, 42.5189611], [1.524047, 42.5193697], [1.5239014, 42.520009], [1.5236233, 42.520603], [1.5233009, 42.5211775], [1.5228372, 42.5216383], [1.5222928, 42.5220076], [1.5218981, 42.5225282], [1.5216819, 42.5231487], [1.5212824, 42.5236696], [1.5208849, 42.5241941], [1.5206348, 42.5247979], [1.5207749, 42.5254357], [1.5207835, 42.526084], [1.5206096, 42.5267], [1.5205922, 42.5273493], [1.5209603, 42.52788], [1.5211336, 42.5284951], [1.521516, 42.5289981], [1.5219981, 42.5293698], [1.5216151, 42.5298761], [1.5212671, 42.5304005], [1.5212338, 42.5308819], [1.5209245, 42.5314612], [1.5210922, 42.5320549], [1.5213621, 42.5326478], [1.5210602, 42.5332059], [1.5207574, 42.5336726], [1.5210472, 42.5342341], [1.5215428, 42.5346459], [1.5221083, 42.5349611], [1.5225067, 42.5354832], [1.5229275, 42.5359885], [1.5233436, 42.5363843], [1.5239492, 42.5366272], [1.5245966, 42.536743], [1.5249828, 42.5369397], [1.5251826, 42.5374129], [1.524679, 42.5375758], [1.5240626, 42.5377319], [1.5234782, 42.5380281], [1.5231307, 42.5385068], [1.5231552, 42.5391607], [1.5232101, 42.5398123], [1.523364, 42.5404284], [1.523494, 42.5406317], [1.523298, 42.5410736], [1.5229261, 42.5416071], [1.5229029, 42.542239], [1.5229801, 42.5428841], [1.5232554, 42.5434807], [1.5235084, 42.5440811], [1.5238318, 42.544654], [1.5244196, 42.5447207], [1.5242272, 42.5441115], [1.5241523, 42.5434608], [1.5240581, 42.5428133], [1.5240669, 42.5421597], [1.5239182, 42.5415592]], "mood_vectors": [[0.0526, 0.0798, 0.0351, 0.0909, 0.0627, 0.0168, 0.662], [0.0761, 0.0427, 0.0536, 0.0197, 0.0823, 0.0372, 0.6884], [0.0575, 0.0489, 0.0312, 0.0663, 0.0308, 0.0473, 0.7181], [0.0555, 0.0226, 0.0186, 0.0401, 0.0742, 0.0708, 0.7182], [0.0498, 0.0304, 0.0588, 0.0415, 0.0795, 0.0454, 0.6946], [0.0627, 0.0617, 0.0753, 0.0601, 0.0416, 0.0154, 0.6832], [0.0364, 0.0401, 0.0518, 0.0735, 0.0657, 0.0629, 0.6697], [0.053, 0.049, 0.0604, 0.0523, 0.0816, 0.046, 0.6578], [0.0138, 0.019, 0.069, 0.0484, 0.0239, 0.0687, 0.7572], [0.0363, 0.0177, 0.0906, 0.0283, 0.053, 0.0457, 0.7283], [0.0612, 0.0512, 0.0571, 0.076, 0.0378, 0.0238, 0.6929], [0.0536, 0.0525, 0.0676, 0.074, 0.0706, 0.0738, 0.6079], [0.0194, 0.0707, 0.0318, 0.0571, 0.0249, 0.0182, 0.7779], [0.0236, 0.0307, 0.0246, 0.0259, 0.0144, 0.0646, 0.8162], [0.0251, 0.0365, 0.0671, 0.0498, 0.0255, 0.0649, 0.7312], [0.0451, 0.0255, 0.0399, 0.0245, 0.0231, 0.0276, 0.8142], [0.0154, 0.0751, 0.0797, 0.0844, 0.0321, 0.0256, 0.6877], [0.0648, 0.0662, 0.0642, 0.0604, 0.0731, 0.0492, 0.6221], [0.0268, 0.0398, 0.015, 0.0149, 0.0589, 0.0295, 0.8151], [0.0316, 0.0424, 0.0474, 0.0196, 0.0286, 0.1042, 0.7262], [0.0329, 0.0458, 0.0729, 0.045, 0.0306, 0.0537, 0.719], [0.0302, 0.0349, 0.0183, 0.0747, 0.073, 0.0229, 0.746], [0.0408, 0.0488, 0.0158, 0.0745, 0.0943, 0.0554, 0.6704], [0.0461, 0.0877, 0.0757, 0.0722, 0.017, 0.0477, 0.6537], [0.046, 0.041, 0.0521, 0.0492, 0.0125, 0.0778, 0.7214], [0.0613, 0.026, 0.0574, 0.028, 0.0696, 0.0675, 0.6902], [0.0442, 0.058, 0.0409, 0.0359, 0.0843, 0.0441, 0.6926], [0.0392, 0.0358, 0.0611, 0.0628, 0.0503, 0.0473, 0.7034], [0.0326, 0.0665, 0.0675, 0.0223, 0.0681, 0.0663, 0.6766], [0.0352, 0.0143, 0.0735, 0.0571, 0.07, 0.042, 0.7081], [0.0385, 0.0819, 0.0687, 0.0234, 0.033, 0.0324, 0.722], [0.0443, 0.0582, 0.0263, 0.0755, 0.0238, 0.0167, 0.755], [0.0141, 0.0165, 0.0242, 0.0249, 0.0229, 0.068, 0.8294], [0.0476, 0.0373, 0.03, 0.0504, 0.0246, 0.0792, 0.7309], [0.0679, 0.033, 0.0727, 0.0263, 0.0514, 0.0361, 0.7125], [0.0238, 0.0243, 0.0514, 0.0675, 0.0398, 0.0702, 0.723], [0.0481, 0.0549, 0.0695, 0.0718, 0.0169, 0.026, 0.7128], [0.0441, 0.0531, 0.0572, 0.0706, 0.0698, 0.0365, 0.6687], [0.0282, 0.0681, 0.036, 0.0807, 0.0215, 0.0196, 0.746], [0.0258, 0.0658, 0.06, 0.089, 0.0161, 0.0318, 0.7114], [0.0644, 0.0466, 0.0423, 0.019, 0.0495, 0.0915, 0.6867], [0.035, 0.0814, 0.054, 0.0464, 0.0511, 0.0259, 0.7062], [0.0281, 0.0131, 0.0602, 0.0478, 0.0616, 0.0233, 0.7659], [0.0138, 0.0263, 0.0756, 0.0476, 0.0372, 0.0373, 0.7621], [0.0195, 0.0634, 0.0808, 0.0782, 0.0259, 0.0735, 0.6586], [0.0661, 0.0479, 0.0371, 0.0496, 0.0275, 0.0621, 0.7097], [0.0716, 0.0645, 0.0217, 0.0757, 0.0689, 0.0346, 0.6629], [0.0741, 0.0461, 0.051, 0.0601, 0.0346, 0.0388, 0.6954], [0.079, 0.0302, 0.0139, 0.0311, 0.0487, 0.053, 0.7441], [0.0578, 0.0521, 0.0527, 0.0151, 0.0487, 0.0217, 0.7519], [0.0364, 0.0526, 0.063, 0.0472, 0.0694, 0.0706, 0.6607], [0.0503, 0.0375, 0.0757, 0.0366, 0.0558, 0.0378, 0.7062], [0.0634, 0.0242, 0.0558, 0.0756, 0.0363, 0.0975, 0.6473], [0.0368, 0.0734, 0.0204, 0.0275, 0.0544, 0.0439, 0.7437], [0.0822, 0.017, 0.0281, 0.0744, 0.0337, 0.0525, 0.712], [0.0573, 0.0689, 0.0871, 0.0608, 0.0365, 0.0227, 0.6667], [0.0581, 0.03, 0.0822, 0.0745, 0.0226, 0.0784, 0.6543], [0.0645, 0.031, 0.0257, 0.0659, 0.0186, 0.0777, 0.7167], [0.0683, 0.063, 0.0643, 0.0543, 0.0368, 0.0683, 0.645], [0.0891, 0.0643, 0.0137, 0.0348, 0.0522, 0.0654, 0.6805], [0.0319, 0.0215, 0.0184, 0.0889, 0.054, 0.0744, 0.7108], [0.0549, 0.0567, 0.065, 0.012, 0.0208, 0.0725, 0.7182], [0.0369, 0.0358, 0.0641, 0.027, 0.0384, 0.0589, 0.7389], [0.0309, 0.019, 0.0391, 0.0419, 0.0681, 0.0717, 0.7294], [0.0641, 0.0515, 0.0428, 0.0233, 0.051, 0.054, 0.7133], [0.0597, 0.0481, 0.0817, 0.0259, 0.024, 0.0702, 0.6905], [0.0588, 0.0317, 0.0661, 0.0878, 0.0751, 0.0855, 0.595], [0.0162, 0.0657, 0.0389, 0.0248, 0.0733, 0.0661, 0.7151], [0.0699, 0.0739, 0.0623, 0.0409, 0.0125, 0.0817, 0.6588], [0.0803, 0.0401, 0.0783, 0.0438, 0.0758, 0.0573, 0.6243], [0.0627, 0.015, 0.0296, 0.016, 0.049, 0.0675, 0.7603], [0.0623, 0.0369, 0.0596, 0.0579, 0.0464, 0.0598, 0.6771], [0.0542, 0.0282, 0.0469, 0.0264, 0.0705, 0.0813, 0.6926], [0.091, 0.0402, 0.09, 0.0652, 0.0301, 0.0841, 0.5994], [0.0124, 0.0336, 0.0169, 0.0611, 0.0158, 0.0162, 0.844], [0.0628, 0.0425, 0.0447, 0.0616, 0.0552, 0.064, 0.6692], [0.0138, 0.0484, 0.0476, 0.0375, 0.0429, 0.0311, 0.7786], [0.0128, 0.0547, 0.02, 0.0467, 0.0373, 0.0696, 0.7589], [0.0298, 0.0922, 0.0577, 0.034, 0.0163, 0.0397, 0.7303], [0.0236, 0.044, 0.0521, 0.0328, 0.0648, 0.0354, 0.7474]], "emotions": ["purple", "purple", "purple", "purple", "purple", "purple", "purple", "purple", "purple", "purple", "purple", "purple", "purple", "purple", "purple", "purple", "purple", "purple", "purple", "purple", "purple", "purple", "purple", "purple", "purple", "purple", "purple", "purple", "purple", "purple", "purple", "purple", "purple", "purple", "purple", "purple", "purple", "purple", "purple", "purple", "purple", "purple", "purple", "purple", "purple", "purple", "purple", "purple", "purple", "purple", "purple", "purple", "purple", "purple", "purple", "purple", "purple", "purple", "purple", "purple", "purple", "purple", "purple", "purple", "purple", "purple", "purple", "purple", "purple", "purple", "purple", "purple", "purple", "purple", "purple", "purple", "purple", "purple", "purple", "purple"], "timestamps": [0, 40, 80, 120, 160, 200, 240, 280, 320, 360, 400, 440, 480, 520, 560, 600, 640, 680, 720, 760, 800, 840, 880, 920, 960, 1000, 1040, 1080, 1120, 1160, 1200, 1240, 1280, 1320, 1360, 1400, 1440, 1480, 1520, 1560, 1600, 1640, 1680, 1720, 1760, 1800, 1840, 1880, 1920, 1960, 2000, 2040, 2080, 2120, 2160, 2200, 2240, 2280, 2320, 2360, 2400, 2440, 2480, 2520, 2560, 2600, 2640, 2680, 2720, 2760, 2800, 2840, 2880, 2920, 2960, 3000, 3040, 3080, 3120, 3160]}], "conversation": [], "conversation_timestamps": []}