{"agent_id": "agent-orange-1193", "type": "orange", "trips": [{"trip_id": 0, "transport_method": "foot", "start_time": 0, "path": [[1.5433174, 42.5128155], [1.5432972, 42.5125265], [1.5430771, 42.5123721], [1.5429344, 42.5122967], [1.5432297, 42.5123687], [1.5430802, 42.512415], [1.5427664, 42.5123782], [1.5424525, 42.5123414], [1.5425108, 42.5121153], [1.5427045, 42.5118817], [1.542731, 42.5116308], [1.5426124, 42.5113774], [1.542306, 42.5113013], [1.5420508, 42.5111401], [1.5419354, 42.5108503], [1.5418547, 42.5105484], [1.5417949, 42.5102699], [1.5417908, 42.5105826], [1.5419108, 42.510732], [1.541948, 42.5104182], [1.5419851, 42.5101045], [1.5420223, 42.5097907], [1.542062, 42.5094776], [1.5420389, 42.5091775], [1.5419163, 42.5088863], [1.5416156, 42.5087935], [1.5413029, 42.508749], [1.5409898, 42.5087067], [1.5408278, 42.5086875], [1.5406341, 42.5086068], [1.5403358, 42.5085027], [1.5400375, 42.5083987], [1.53973, 42.5083293], [1.539419, 42.5082733], [1.5391066, 42.5082275], [1.5387911, 42.5082257], [1.5384815, 42.5081947], [1.5381742, 42.5081382], [1.5378598, 42.5081141], [1.5375647, 42.508001], [1.5373377, 42.507915], [1.5376274, 42.5080407], [1.5378075, 42.508106], [1.537497, 42.5080477], [1.5371864, 42.5079895], [1.5368759, 42.5079312], [1.5365654, 42.5078729], [1.5362549, 42.5078146], [1.5359443, 42.5077563], [1.5356361, 42.5076906], [1.5353459, 42.5075655], [1.5350558, 42.5074405], [1.5347656, 42.5073155], [1.5344754, 42.5071905], [1.5343847, 42.5072034], [1.5346522, 42.5073705], [1.5349388, 42.5075033], [1.5352334, 42.5076162], [1.5355418, 42.5076748], [1.5354985, 42.5076306], [1.5352087, 42.5075047], [1.5349189, 42.5073788], [1.5346292, 42.5072529], [1.5343394, 42.5071269], [1.5340496, 42.507001], [1.533748, 42.5069086], [1.533443, 42.506826], [1.5331381, 42.5067433], [1.5328464, 42.5066564], [1.532532, 42.5066333], [1.5322219, 42.5066686], [1.5319345, 42.5066897], [1.5316469, 42.5065588], [1.5313593, 42.5064754], [1.5310715, 42.5066058], [1.5307837, 42.5067361], [1.5305109, 42.5068876], [1.5302937, 42.507117], [1.5300323, 42.5069477], [1.5297701, 42.5067714]], "mood_vectors": [[0.0302, 0.0582, 0.0237, 0.0255, 0.808, 0.0311, 0.0233], [0.0294, 0.0493, 0.0318, 0.0348, 0.7845, 0.0165, 0.0537], [0.0271, 0.095, 0.0673, 0.0599, 0.6304, 0.091, 0.0293], [0.0155, 0.0355, 0.0951, 0.0639, 0.6901, 0.0321, 0.0677], [0.0641, 0.0802, 0.0806, 0.0633, 0.6068, 0.0866, 0.0184], [0.0178, 0.0467, 0.0759, 0.0739, 0.7198, 0.0496, 0.0162], [0.0583, 0.0481, 0.0701, 0.0873, 0.6257, 0.0277, 0.0828], [0.0112, 0.0643, 0.0342, 0.0701, 0.7218, 0.031, 0.0673], [0.0248, 0.0138, 0.0415, 0.0222, 0.8067, 0.025, 0.0661], [0.0373, 0.0625, 0.0524, 0.0517, 0.7015, 0.0546, 0.0401], [0.0901, 0.041, 0.0685, 0.0581, 0.6443, 0.0645, 0.0334], [0.0361, 0.0172, 0.0387, 0.0595, 0.7269, 0.0892, 0.0324], [0.0419, 0.0838, 0.057, 0.0191, 0.7078, 0.0435, 0.0468], [0.0562, 0.0617, 0.03, 0.0763, 0.7028, 0.0447, 0.0282], [0.0498, 0.0667, 0.033, 0.0335, 0.7209, 0.0631, 0.0331], [0.0808, 0.0588, 0.0285, 0.052, 0.6727, 0.0401, 0.0672], [0.04, 0.0203, 0.0184, 0.0558, 0.7174, 0.0748, 0.0733], [0.0611, 0.0329, 0.0641, 0.0567, 0.6897, 0.0395, 0.0561], [0.0446, 0.0509, 0.0703, 0.0358, 0.7562, 0.0245, 0.0178], [0.0442, 0.0256, 0.0298, 0.0251, 0.7339, 0.099, 0.0424], [0.0775, 0.0806, 0.0212, 0.0357, 0.6668, 0.0812, 0.0369], [0.0343, 0.053, 0.0283, 0.0369, 0.7296, 0.0619, 0.056], [0.0539, 0.0814, 0.0271, 0.0224, 0.6863, 0.0631, 0.0658], [0.0176, 0.0418, 0.0702, 0.0527, 0.7331, 0.0609, 0.0238], [0.0663, 0.0291, 0.0488, 0.0618, 0.6766, 0.0609, 0.0565], [0.039, 0.024, 0.0637, 0.0764, 0.704, 0.0514, 0.0417], [0.055, 0.0429, 0.0735, 0.0152, 0.7207, 0.0162, 0.0765], [0.0541, 0.073, 0.0382, 0.058, 0.7027, 0.03, 0.0439], [0.0157, 0.0159, 0.0195, 0.0261, 0.7843, 0.0705, 0.0681], [0.0708, 0.0936, 0.0316, 0.0889, 0.6417, 0.014, 0.0595], [0.0434, 0.023, 0.0492, 0.0612, 0.7366, 0.0449, 0.0418], [0.0436, 0.0354, 0.0367, 0.0379, 0.7254, 0.0712, 0.0499], [0.0211, 0.0529, 0.0387, 0.0467, 0.7366, 0.0806, 0.0234], [0.0418, 0.0438, 0.0756, 0.0843, 0.6579, 0.046, 0.0505], [0.0676, 0.0247, 0.0552, 0.0672, 0.7009, 0.018, 0.0664], [0.0426, 0.0593, 0.0457, 0.0395, 0.673, 0.0699, 0.0699], [0.081, 0.051, 0.0654, 0.0458, 0.6185, 0.0561, 0.0822], [0.0659, 0.047, 0.0409, 0.053, 0.6619, 0.0658, 0.0655], [0.0181, 0.0711, 0.0727, 0.0421, 0.7055, 0.0358, 0.0547], [0.0347, 0.0549, 0.0699, 0.0194, 0.6873, 0.0569, 0.0769], [0.051, 0.0467, 0.0573, 0.0332, 0.7479, 0.0422, 0.0217], [0.0547, 0.0452, 0.0155, 0.0467, 0.7575, 0.0384, 0.0419], [0.05, 0.0751, 0.0354, 0.0408, 0.7143, 0.044, 0.0404], [0.0229, 0.0128, 0.0403, 0.0638, 0.721, 0.0603, 0.0788], [0.0687, 0.0432, 0.0386, 0.0665, 0.7153, 0.0328, 0.0349], [0.0805, 0.015, 0.0375, 0.0267, 0.7674, 0.0538, 0.0191], [0.0181, 0.0356, 0.0296, 0.0755, 0.7504, 0.0198, 0.071], [0.091, 0.0183, 0.0418, 0.0352, 0.712, 0.0148, 0.0868], [0.064, 0.0286, 0.0468, 0.0236, 0.7161, 0.0969, 0.0238], [0.04, 0.0536, 0.0521, 0.0151, 0.7209, 0.064, 0.0542], [0.0143, 0.0281, 0.0669, 0.0716, 0.6884, 0.089, 0.0417], [0.0367, 0.0701, 0.1002, 0.0861, 0.6374, 0.0292, 0.0404], [0.0464, 0.0392, 0.0379, 0.0747, 0.7041, 0.0444, 0.0534], [0.0502, 0.0288, 0.0799, 0.0243, 0.729, 0.0421, 0.0456], [0.0301, 0.0675, 0.0744, 0.0653, 0.7249, 0.0127, 0.0251], [0.0889, 0.0586, 0.0915, 0.0224, 0.6414, 0.079, 0.0182], [0.0503, 0.0657, 0.0672, 0.0118, 0.7234, 0.0132, 0.0684], [0.0567, 0.0722, 0.0403, 0.0528, 0.7261, 0.037, 0.0149], [0.0632, 0.0791, 0.0234, 0.0763, 0.6909, 0.0169, 0.0502], [0.0481, 0.0413, 0.0493, 0.0216, 0.7634, 0.0361, 0.0403], [0.0341, 0.0609, 0.0596, 0.0984, 0.6236, 0.0721, 0.0513], [0.0309, 0.0777, 0.0126, 0.0494, 0.7287, 0.0762, 0.0245], [0.0543, 0.0486, 0.0765, 0.0869, 0.5886, 0.0613, 0.0838], [0.0441, 0.0933, 0.047, 0.0254, 0.6349, 0.0694, 0.0859], [0.0649, 0.0179, 0.0145, 0.0165, 0.8336, 0.0228, 0.03], [0.0439, 0.0265, 0.0205, 0.0204, 0.7692, 0.0463, 0.0732], [0.0761, 0.0151, 0.0465, 0.0547, 0.7268, 0.0368, 0.0441], [0.0129, 0.0589, 0.0181, 0.0504, 0.7726, 0.0534, 0.0338], [0.0634, 0.0954, 0.059, 0.0848, 0.648, 0.0298, 0.0196], [0.0828, 0.0506, 0.0338, 0.0126, 0.7538, 0.0451, 0.0214], [0.0442, 0.0551, 0.0616, 0.0816, 0.6095, 0.0721, 0.076], [0.0426, 0.0456, 0.0451, 0.0746, 0.6733, 0.0585, 0.0603], [0.026, 0.0512, 0.0758, 0.0346, 0.7418, 0.0228, 0.0477], [0.0295, 0.0597, 0.0231, 0.0671, 0.6952, 0.0727, 0.0526], [0.065, 0.0715, 0.0494, 0.0635, 0.6548, 0.0721, 0.0237], [0.0838, 0.0814, 0.0635, 0.0605, 0.6272, 0.0596, 0.024], [0.0321, 0.0841, 0.0576, 0.0169, 0.7149, 0.0726, 0.0218], [0.041, 0.0817, 0.0646, 0.0747, 0.6103, 0.0759, 0.0518], [0.0822, 0.0458, 0.046, 0.0711, 0.6419, 0.0541, 0.0588], [0.0646, 0.032, 0.0215, 0.0719, 0.6936, 0.0353, 0.0812]], "emotions": ["red", "red", "red", "red", "red", "red", "red", "red", "red", "red", "red", "red", "red", "red", "red", "red", "red", "red", "red", "red", "red", "red", "red", "red", "red", "red", "red", "red", "red", "red", "red", "red", "red", "red", "red", "red", "red", "red", "red", "red", "red", "red", "red", "red", "red", "red", "red", "red", "red", "red", "red", "red", "red", "red", "red", "red", "red", "red", "red", "red", "red", "red", "red", "red", "red", "red", "red", "red", "red", "red", "red", "red", "red", "red", "red", "red", "red", "red", "red", "red"], "timestamps": [0, 40, 80, 120, 160, 200, 240, 280, 320, 360, 400, 440, 480, 520, 560, 600, 640, 680, 720, 760, 800, 840, 880, 920, 960, 1000, 1040, 1080, 1120, 1160, 1200, 1240, 1280, 1320, 1360, 1400, 1440, 1480, 1520, 1560, 1600, 1640, 1680, 1720, 1760, 1800, 1840, 1880, 1920, 1960, 2000, 2040, 2080, 2120, 2160, 2200, 2240, 2280, 2320, 2360, 2400, 2440, 2480, 2520, 2560, 2600, 2640, 2680, 2720, 2760, 2800, 2840, 2880, 2920, 2960, 3000, 3040, 3080, 3120, 3160]}], "conversation": [], "conversation_timestamps": []}