{
  "agent_id": "agent-type-purple-40",
  "type": "purple",
  "trips": [
    {
      "trip_id": 0,
      "transport_method": "car",
      "start_time": 0,
      "path": [
        [
          1.5224668000000008,
          42.50847609999999
        ],
        [
          1.5230619178152114,
          42.508297020252996
        ],
        [
          1.5236052410969176,
          42.50857435234951
        ],
        [
          1.5237773338520082,
          42.50887350197133
        ],
        [
          1.5238496522968512,
          42.50889260462527
        ],
        [
          1.5243527037795408,
          42.50882079236395
        ],
        [
          1.5249626612768197,
          42.50893989996772
        ],
        [
          1.5254686409318325,
          42.50922561219721
        ],
        [
          1.5253667109962388,
          42.50902174178362
        ],
        [
          1.5259708582823734,
          42.50916748411247
        ],
        [
          1.526575005568508,
          42.50931322644132
        ],
        [
          1.526997847145358,
          42.50941523122982
        ],
        [
          1.5263936998592236,
          42.50926948890097
        ],
        [
          1.525789552573089,
          42.50912374657212
        ],
        [
          1.5253755040624781,
          42.50910251989423
        ],
        [
          1.5258751971987508,
          42.50939397408028
        ],
        [
          1.526487325926501,
          42.50950136677289
        ],
        [
          1.5270994546542513,
          42.5096087594655
        ],
        [
          1.5276968171799974,
          42.50976758981777
        ],
        [
          1.5282727012455173,
          42.510001239797106
        ],
        [
          1.5288485853110374,
          42.51023488977644
        ],
        [
          1.5294244693765573,
          42.51046853975578
        ],
        [
          1.5292995360031107,
          42.51011584192567
        ],
        [
          1.528852253849826,
          42.50968436371635
        ],
        [
          1.528404971696541,
          42.50925288550703
        ],
        [
          1.5285264560672385,
          42.50887282303625
        ],
        [
          1.5288492237465827,
          42.508722117227336
        ],
        [
          1.5283530219366719,
          42.508347926722905
        ],
        [
          1.5278995848476025,
          42.50793113291049
        ],
        [
          1.5278199082552488,
          42.50745523251206
        ],
        [
          1.5283397000000003,
          42.50737339999999
        ]
      ],
      "emotions": [
        "green",
        "green",
        "green",
        "green",
        "green",
        "purple",
        "purple",
        "purple",
        "purple",
        "purple",
        "red",
        "red",
        "red",
        "red",
        "red",
        "green",
        "green",
        "green",
        "green",
        "green",
        "red",
        "red",
        "red",
        "red",
        "red",
        "green",
        "green",
        "green",
        "green",
        "green",
        "red"
      ],
      "mood_vectors": [
        [
          0.19145268736931184,
          0.08693598158661618,
          0.1756139288980173,
          0.10761673952651796,
          0.03365380195501273,
          0.16949906249121155,
          0.23522779817331238
        ],
        [
          0.06656291370694381,
          0.07465335876191115,
          0.12699943635484232,
          0.19985706059750502,
          0.1800459684015263,
          0.13911059588632788,
          0.2127706662909435
        ],
        [
          0.1655268457455862,
          0.08140705380664266,
          0.210836495190231,
          0.0041496509559365725,
          0.007627504191454441,
          0.2888089233505057,
          0.24164352675964343
        ],
        [
          0.23814391414801817,
          0.11525207512790288,
          0.20111978797989324,
          0.035016282507974866,
          0.23190760900605123,
          0.06946950599058453,
          0.1090908252395752
        ],
        [
          0.2335480712583144,
          0.18361746901198023,
          0.17985303654391657,
          0.043334210615417236,
          0.09881855760248492,
          0.03132998485697285,
          0.22949867011091382
        ],
        [
          0.009560160157473485,
          0.11966279909458884,
          0.037603880955870514,
          0.22299579492396543,
          0.09801976525067427,
          0.2672347658878695,
          0.24492283372955803
        ],
        [
          0.28381417164896816,
          0.02712842043844299,
          0.39703845819788597,
          0.02153344076056485,
          0.11284774820989188,
          0.08720797291819637,
          0.07042978782604971
        ],
        [
          0.11200413531639979,
          0.13834214016030724,
          0.20506901696205498,
          0.07393827063314065,
          0.17194081249608026,
          0.22164112605492192,
          0.07706449837709511
        ],
        [
          0.20738871535044226,
          0.1674435885618972,
          0.1334535176992485,
          0.01513097750851423,
          0.12882208394442657,
          0.2938513976052647,
          0.05390971933020659
        ],
        [
          0.21469539520983363,
          0.20754357558788522,
          0.13496845813587327,
          0.2613002524432962,
          0.0023303737286129284,
          0.126186875444979,
          0.05297506944951977
        ],
        [
          0.08779776345277905,
          0.13495627540708371,
          0.08949765430895858,
          0.12380353806435572,
          0.2262049747025318,
          0.19365259699089282,
          0.14408719707339837
        ],
        [
          0.10862869889866997,
          0.03224837532251905,
          0.17470524788102693,
          0.06118023777764036,
          0.29304668307543263,
          0.19231105257969183,
          0.13787970446501932
        ],
        [
          0.08290822499327428,
          0.17519423887084556,
          0.1072974027674534,
          0.14635929565944752,
          0.16044556229205253,
          0.1490008522299842,
          0.17879442318694252
        ],
        [
          0.034340041237493985,
          0.054694832816912745,
          0.2041584203192989,
          0.18916797503225172,
          0.15450772374631283,
          0.1869983770516049,
          0.17613262979612482
        ],
        [
          0.03250854069400715,
          0.2948084230780062,
          0.09763596189192668,
          0.28361710955834035,
          0.021373127011200976,
          0.04430246939318131,
          0.22575436837333737
        ],
        [
          0.014582604626974562,
          0.10305358382061877,
          0.024461357284537473,
          0.0005501733733120062,
          0.34182030889980325,
          0.368595783231242,
          0.14693618876351203
        ],
        [
          0.19697460332764014,
          0.18120809244770403,
          0.14687403715842745,
          0.14080793933982175,
          0.1047525611566156,
          0.15516372302951098,
          0.07421904354028004
        ],
        [
          0.17483760239336824,
          0.21421134106211026,
          0.15726356708224926,
          0.11685446476134707,
          0.16163497447992198,
          0.027924985069898847,
          0.14727306515110436
        ],
        [
          0.22347767459467557,
          0.013533935864098566,
          0.13863026596960015,
          0.1960724186018264,
          0.11801606562589527,
          0.11839688222076723,
          0.19187275712313673
        ],
        [
          0.19867431320178208,
          0.043796548190887664,
          0.18216103447141008,
          0.1088817307448971,
          0.19383374318321994,
          0.10656374658177527,
          0.16608888362602786
        ],
        [
          0.09954947284224977,
          0.2481356987855176,
          0.2597162687804015,
          0.220421870625506,
          0.09079937530354504,
          0.06630788435111729,
          0.015069429311662847
        ],
        [
          0.15209185415633467,
          0.06584871450690832,
          0.15233218190503545,
          0.18867814922183934,
          0.20433790805995805,
          0.22742791669063508,
          0.009283275459288982
        ],
        [
          0.1171196594016554,
          0.04388524894004223,
          0.19466409747562483,
          0.060368868660688475,
          0.2180555738051519,
          0.20118750345858835,
          0.16471904825824887
        ],
        [
          0.02705240004210374,
          0.1693699508687777,
          0.12474127337434061,
          0.05450470443191411,
          0.15464880031780062,
          0.2197544610068923,
          0.24992840995817084
        ],
        [
          0.17029147067770117,
          0.052112487082744366,
          0.2666491579514336,
          0.0040512451725132955,
          0.196354995779005,
          0.19242925925369186,
          0.11811138408291066
        ],
        [
          0.08781705044661119,
          0.12775133446859865,
          0.17179187079211508,
          0.13691517782842663,
          0.04927005876751571,
          0.16147002992574766,
          0.26498447777098505
        ],
        [
          0.21976918597075082,
          0.02936544960529614,
          0.0007914095809175779,
          0.26678708984433913,
          0.2537465511816085,
          0.115918274258217,
          0.11362203955887082
        ],
        [
          0.05751185228778685,
          0.15783583921040809,
          0.18934438303550502,
          0.2067311258902236,
          0.24901474581472186,
          0.08260989078323516,
          0.05695216297811935
        ],
        [
          0.1898505613991834,
          0.19553888580546655,
          0.11980172089913634,
          0.07620178957564214,
          0.13102799021005834,
          0.18324647907545097,
          0.1043325730350623
        ],
        [
          0.26061174865310166,
          0.05331100013440722,
          0.1905524583296094,
          0.15754750833536485,
          0.2121949508611945,
          0.09068485598791856,
          0.03509747769840374
        ],
        [
          0.08355852957680611,
          0.02749386999305845,
          0.03282031988282623,
          0.16803709707207318,
          0.28362029494662166,
          0.11266241740459981,
          0.2918074711240146
        ]
      ],
      "timestamps": [
        0,
        1,
        2,
        3,
        4,
        5,
        6,
        7,
        8,
        9,
        10,
        11,
        12,
        13,
        14,
        15,
        16,
        17,
        18,
        19,
        20,
        21,
        22,
        23,
        24,
        25,
        26,
        27,
        28,
        29,
        30
      ],
      "distance": 772.9
    },
    {
      "trip_id": 1,
      "transport_method": "foot",
      "start_time": 31,
      "path": [
        [
          1.5283397000000003,
          42.50737339999999
        ],
        [
          1.5285086821710563,
          42.50710694248284
        ],
        [
          1.528480186488541,
          42.506846858559186
        ],
        [
          1.5281229916624717,
          42.50659118827486
        ],
        [
          1.527763679701672,
          42.50664316330786
        ],
        [
          1.5276966375910623,
          42.506939136248505
        ],
        [
          1.5278571596707817,
          42.507222365096766
        ],
        [
          1.527419027138463,
          42.50718701540047
        ],
        [
          1.5269808946061443,
          42.50715166570418
        ],
        [
          1.5265427620738254,
          42.50711631600788
        ],
        [
          1.5261046951385722,
          42.507080213587436
        ],
        [
          1.525667052464508,
          42.507039242783904
        ],
        [
          1.5252294097904437,
          42.50699827198037
        ],
        [
          1.524797091990219,
          42.506919038301575
        ],
        [
          1.5243675007482513,
          42.50682597336871
        ],
        [
          1.5239383760990672,
          42.50673078737505
        ],
        [
          1.523509390430008,
          42.50663496977413
        ],
        [
          1.5230871072223413,
          42.506513948573684
        ],
        [
          1.5226667492563326,
          42.50638558721744
        ],
        [
          1.5222322613029693,
          42.506320652036976
        ],
        [
          1.5218103023694756,
          42.506316230589526
        ],
        [
          1.5218218950446851,
          42.506600558717
        ],
        [
          1.5221261956089378,
          42.506917750904
        ],
        [
          1.5224304961731905,
          42.507234943091014
        ],
        [
          1.5223052493119844,
          42.50756175926193
        ],
        [
          1.52187293421195,
          42.50749548653688
        ],
        [
          1.5214346917306005,
          42.50747160881358
        ],
        [
          1.520995191530722,
          42.50746458804361
        ],
        [
          1.5205556913308438,
          42.50745756727365
        ],
        [
          1.5201179951104822,
          42.50742398763111
        ],
        [
          1.519696281737654,
          42.50730868625495
        ],
        [
          1.5193036607931245,
          42.5071111683715
        ],
        [
          1.5189117293976249,
          42.50691217214509
        ],
        [
          1.5184927185318433,
          42.50682556071002
        ],
        [
          1.5180787167750567,
          42.506677870959926
        ],
        [
          1.5176485379708315,
          42.50659975135251
        ],
        [
          1.5179351401820245,
          42.50663446159116
        ],
        [
          1.5178452808958092,
          42.50701860906331
        ],
        [
          1.5177672626980683,
          42.5072461892523
        ],
        [
          1.517909806291946,
          42.5068303875679
        ],
        [
          1.5182000348779492,
          42.506721149617576
        ],
        [
          1.5186140366347358,
          42.50686883936766
        ],
        [
          1.5190265800536586,
          42.50697048553211
        ],
        [
          1.519418511449158,
          42.507169481758524
        ],
        [
          1.5198147665012955,
          42.50735920837963
        ],
        [
          1.5201847431467532,
          42.507543102328114
        ],
        [
          1.5197854495860765,
          42.507696002176125
        ],
        [
          1.5193922026867854,
          42.50789233386407
        ],
        [
          1.5189963851742159,
          42.508083483579334
        ],
        [
          1.5186005676616463,
          42.508274633294604
        ],
        [
          1.5182957639794032,
          42.50799966967654
        ],
        [
          1.5185034727819868,
          42.50822933799366
        ],
        [
          1.5188794161376291,
          42.508139970716286
        ],
        [
          1.5192752336501987,
          42.507948821001015
        ],
        [
          1.5195673687724507,
          42.50796046861489
        ],
        [
          1.5196441895114992,
          42.50839325989364
        ],
        [
          1.519631389749452,
          42.50832114882763
        ],
        [
          1.5195545690104033,
          42.507888357548886
        ],
        [
          1.5198720305628435,
          42.50765190197137
        ],
        [
          1.5202830970545023,
          42.507532551284655
        ],
        [
          1.5206784752311724,
          42.50772337036443
        ],
        [
          1.5210665239410066,
          42.50792983565376
        ],
        [
          1.5214545726508408,
          42.5081363009431
        ],
        [
          1.5218535143944785,
          42.50831492767886
        ],
        [
          1.522278635348396,
          42.50842665006446
        ],
        [
          1.5225371897897164,
          42.50824142698333
        ],
        [
          1.5228625160513853,
          42.50807051635832
        ],
        [
          1.5232373052585717,
          42.507877662246244
        ],
        [
          1.5236271,
          42.5077559
        ]
      ],
      "emotions": [
        "red",
        "red",
        "red",
        "red",
        "red",
        "red",
        "red",
        "red",
        "red",
        "purple",
        "purple",
        "purple",
        "purple",
        "purple",
        "red",
        "red",
        "red",
        "red",
        "red",
        "green",
        "green",
        "green",
        "green",
        "green",
        "red",
        "red",
        "red",
        "red",
        "red",
        "red",
        "red",
        "red",
        "red",
        "red",
        "red",
        "red",
        "red",
        "red",
        "red",
        "green",
        "green",
        "green",
        "green",
        "green",
        "purple",
        "purple",
        "purple",
        "purple",
        "purple",
        "green",
        "green",
        "green",
        "green",
        "green",
        "green",
        "green",
        "green",
        "green",
        "green",
        "green",
        "green",
        "green",
        "green",
        "green",
        "green",
        "green",
        "green",
        "green",
        "green"
      ],
      "mood_vectors": [
        [
          0.009139209906316052,
          0.24241874541072117,
          0.22016018414852126,
          0.14383751391669283,
          0.21014246910688633,
          0.14114882590106176,
          0.033153051609800664
        ],
        [
          0.22180820142134172,
          0.0747699493320423,
          0.026167091035478592,
          0.21085883734840194,
          0.04960649225843755,
          0.07736798920797176,
          0.3394214393963262
        ],
        [
          0.20391635151624574,
          0.10179408818963895,
          0.12654752193438373,
          0.16733152905207127,
          0.16723338302188476,
          0.125462897986921,
          0.10771422829885452
        ],
        [
          0.03506886889840005,
          0.23313863271869717,
          0.08517298800319117,
          0.26477894492131515,
          0.10989765423124409,
          0.08255716767187389,
          0.1893857435552785
        ],
        [
          0.18652782445673036,
          0.0903399297522188,
          0.21508026090503948,
          0.16142975905234508,
          0.060916514809047674,
          0.14033277318800044,
          0.14537293783661823
        ],
        [
          0.19561506238632106,
          0.1840113690959248,
          0.18021205573601012,
          0.09039468438713934,
          0.10664668106680199,
          0.19925909845141038,
          0.043861048876392326
        ],
        [
          0.043092345618878806,
          0.0964834488072331,
          0.3854820891196996,
          0.08340182889494574,
          0.23264672835248484,
          0.03689627545408488,
          0.12199728375267296
        ],
        [
          0.2656092304346564,
          0.013318820204219005,
          0.08481654103075424,
          0.18832993185651506,
          0.361420894358886,
          0.012642115967230435,
          0.07386246614773886
        ],
        [
          0.12444136351382061,
          0.15386284751771875,
          0.06306138527700271,
          0.19830636226396742,
          0.16093543946383454,
          0.10463988952576869,
          0.19475271243788725
        ],
        [
          0.06435644015690459,
          0.00016850989045608353,
          0.12258765449287311,
          0.20560362425949996,
          0.232171843652646,
          0.1252266155965012,
          0.2498853119511191
        ],
        [
          0.30230728093284936,
          0.03175731284307445,
          0.26851232331474684,
          0.11787884473175457,
          0.10459704666207638,
          0.07417017892438377,
          0.10077701259111461
        ],
        [
          0.10297855159750613,
          0.20886477933770004,
          0.25186783123711354,
          0.20764800373774742,
          0.01286065039514633,
          0.20740820595718065,
          0.008371977737605901
        ],
        [
          0.06480281963336128,
          0.12664808905075048,
          0.08697645587890053,
          0.10607281873795697,
          0.06240826566592755,
          0.3030702054673509,
          0.25002134556575234
        ],
        [
          0.13193193329611194,
          0.1404705120621393,
          0.03576827894719123,
          0.13827789055951886,
          0.068360010137214,
          0.2353791066254924,
          0.2498122683723323
        ],
        [
          0.22547270752302295,
          0.07958868602454665,
          0.051309267729473244,
          0.04649240850207461,
          0.09989667318145865,
          0.3279180629359217,
          0.16932219410350224
        ],
        [
          0.26299623208209477,
          0.05024223387260397,
          0.22208218549727934,
          0.2016442790886093,
          0.011961489037605896,
          0.21084811590370267,
          0.04022546451810404
        ],
        [
          0.22304856224938158,
          0.1638974821529549,
          0.00025808416465740214,
          0.13725451585901302,
          0.1547236519780324,
          0.12103631255968961,
          0.19978139103627102
        ],
        [
          0.15492548466857883,
          0.044660802289768195,
          0.09170085940260565,
          0.19263631227096453,
          0.11742514039154983,
          0.15793631700840144,
          0.24071508396813152
        ],
        [
          0.04354549324689158,
          0.19184839935369138,
          0.20352047762076955,
          0.15111355883370517,
          0.137053307165835,
          0.0638288274261045,
          0.20908993635300277
        ],
        [
          0.1630664303825459,
          0.12928178130378076,
          0.1757768488732614,
          0.03572167499804073,
          0.08020953659359492,
          0.22390166450326954,
          0.19204206334550683
        ],
        [
          0.029239763877910233,
          0.13497409692490878,
          0.13648370542272673,
          0.2192976339238932,
          0.18387454939000686,
          0.07315753632545112,
          0.22297271413510308
        ],
        [
          0.06334632915623166,
          0.15351812014582,
          0.14075358866497864,
          0.15745770658883373,
          0.1958151250166241,
          0.18408363381390133,
          0.10502549661361056
        ],
        [
          0.16688923729330815,
          0.11380074678355005,
          0.17807302457709712,
          0.2062022942701074,
          0.12703858991971304,
          0.06441706409805599,
          0.14357904305816835
        ],
        [
          0.018271410399322983,
          0.0663289986854005,
          0.18347366116316638,
          0.2109681128758419,
          0.22958825308030498,
          0.21688857097167655,
          0.07448099282428676
        ],
        [
          0.2281242150665156,
          0.04399785456558411,
          0.20075499580309683,
          0.09639972837352752,
          0.23037314259775543,
          0.02035483648670427,
          0.17999522710681629
        ],
        [
          0.06237930598105372,
          0.19373292405284973,
          0.12199975671070465,
          0.09230769938096003,
          0.1843483024381526,
          0.08820954608848929,
          0.25702246534779005
        ],
        [
          0.049898549150573325,
          0.19991221933519931,
          0.053904989254005845,
          0.206410275545114,
          0.1708112087423768,
          0.12903085132284509,
          0.1900319066498857
        ],
        [
          0.22796496776980157,
          0.07631805809835308,
          0.22299015688945314,
          0.0617794642859518,
          0.14619221817880448,
          0.13628620649819395,
          0.12846892827944198
        ],
        [
          0.18865447227523144,
          0.18025168825509982,
          0.19777781115223866,
          0.15372984659445524,
          0.10702121281663647,
          0.025120487918444026,
          0.14744448098789434
        ],
        [
          0.1917511600396598,
          0.07551448146023083,
          0.11054499195063897,
          0.036263273833200084,
          0.10066792156518102,
          0.22552531001532788,
          0.25973286113576144
        ],
        [
          0.07357467076274002,
          0.006608009090416942,
          0.09992592048689844,
          0.1522924690621286,
          0.2507672073081731,
          0.1818302824004513,
          0.23500144088919164
        ],
        [
          0.04151255397704209,
          0.21967239022389673,
          0.007306165602981207,
          0.09157643174565952,
          0.26573212561483833,
          0.21300267269381232,
          0.16119766014176987
        ],
        [
          0.17991047281447933,
          0.06438593268461773,
          0.18202157017296045,
          0.051631004289836795,
          0.2601610006612821,
          0.07863956017588178,
          0.18325045920094174
        ],
        [
          0.16051817078749053,
          0.017134247786422366,
          0.11973918132584886,
          0.28105100095083235,
          0.27655876314979155,
          0.12933138298910543,
          0.015667253010508874
        ],
        [
          0.08275132712741792,
          0.29874922789973896,
          0.13171397123342352,
          0.08336823656826506,
          0.004357038246671583,
          0.17443460303281183,
          0.2246255958916711
        ],
        [
          0.2576819347339848,
          0.18096240553012738,
          0.0028333182535782114,
          0.27385804380333734,
          0.1430440102394758,
          0.07220799280251704,
          0.06941229463697947
        ],
        [
          0.19410938765955765,
          0.18271989889400092,
          0.16260979188825644,
          0.03646248433929149,
          0.17157240147052,
          0.08946449467996294,
          0.16306154106841056
        ],
        [
          0.19355645174070987,
          0.14663925002149558,
          0.006983787494687991,
          0.2630387054615008,
          0.14336396281540945,
          0.16390898840177576,
          0.08250885406442053
        ],
        [
          0.046652553713323434,
          0.017040847783695377,
          0.2190566653894534,
          0.04015109078714329,
          0.2864335628912494,
          0.18404909842093317,
          0.206616181014202
        ],
        [
          0.09274979077788205,
          0.044979827914825396,
          0.14959824738504918,
          0.20943552732153362,
          0.05742544443799383,
          0.22574709620548775,
          0.22006406595722816
        ],
        [
          0.016414447562788155,
          0.25294670178458384,
          0.09733957436505193,
          0.22968666734699508,
          0.10716586694185093,
          0.14750964172297543,
          0.14893710027575466
        ],
        [
          0.18737186047536583,
          0.0653180022618357,
          0.12717481811445347,
          0.2268242012418598,
          0.2914956842541404,
          0.01654070953797348,
          0.08527472411437136
        ],
        [
          0.178394263185243,
          0.20282098380743627,
          0.026652351935731445,
          0.21033706587264991,
          0.08962978109920575,
          0.06001912267180929,
          0.23214643142792432
        ],
        [
          0.10319526582900436,
          0.14515663841211263,
          0.06583559999346436,
          0.16373266146498394,
          0.3275453336970366,
          0.14989580974760536,
          0.04463869085579267
        ],
        [
          0.05935668403911092,
          0.023574013286319744,
          0.2354965807849894,
          0.2159873852583555,
          0.1967554495744235,
          0.1237097161847104,
          0.14512017087209048
        ],
        [
          0.20728709389975064,
          0.0786210960344647,
          0.10918799547414876,
          0.21605499848703189,
          0.20208681924617244,
          0.18392925664860155,
          0.002832740209830153
        ],
        [
          0.12014263928420141,
          0.1940819892438085,
          0.22512007161865466,
          0.0572230111914406,
          0.06934143962558165,
          0.19726646570079814,
          0.13682438333551505
        ],
        [
          0.08619483042885952,
          0.2719079398211329,
          0.23827877777538697,
          0.04634509777794096,
          0.11223135006052226,
          0.17246316140062806,
          0.07257884273552928
        ],
        [
          0.1606251972083379,
          0.055069790428334424,
          0.10942660523083873,
          0.2542766833508909,
          0.23972601677615038,
          0.11216379064380366,
          0.06871191636164398
        ],
        [
          0.1435821719415058,
          0.31928457247805747,
          0.07314120258059931,
          0.073058239758158,
          0.03490546299592272,
          0.15768741042125936,
          0.19834093982449721
        ],
        [
          0.02101230156148145,
          0.3308762682568223,
          0.03610939929361229,
          0.228638783330573,
          0.22609166918238174,
          0.1308111686677595,
          0.02646040970736969
        ],
        [
          0.05118555426437345,
          0.23585107964938828,
          0.0478341031728918,
          0.14426911254849964,
          0.21244857685037355,
          0.16598179977673216,
          0.14242977373774104
        ],
        [
          0.11319466648994782,
          0.12907089842712163,
          0.04722900999132177,
          0.09115067170845302,
          0.08456569241508939,
          0.34061871834863144,
          0.19417034261943494
        ],
        [
          0.22874138278678083,
          0.22010880221003518,
          0.0873870940673019,
          0.02195798453183246,
          0.08861004565870576,
          0.1422308787132013,
          0.21096381203214265
        ],
        [
          0.08377511382615761,
          0.11439739675638917,
          0.1627335112248464,
          0.15943507049323657,
          0.08932461215467338,
          0.016562951903018337,
          0.37377134364167863
        ],
        [
          0.2204603485839955,
          0.21667690799681996,
          0.274800681356778,
          0.10085047799393411,
          0.05336737559757066,
          0.12095515802928787,
          0.01288905044161393
        ],
        [
          0.21116906183455278,
          0.1759833415984925,
          0.19156131806876942,
          0.17762846193461,
          0.09541817052949703,
          0.09678911812380274,
          0.05145052791027552
        ],
        [
          0.19167379113569533,
          0.018673712307252118,
          0.14610962536555358,
          0.13891087465497853,
          0.12622457039408225,
          0.18387784018248526,
          0.19452958595995296
        ],
        [
          0.2336465093575319,
          0.04046173357515087,
          0.006807975015402212,
          0.18997428741873212,
          0.27799908313641664,
          0.17341676928129818,
          0.077693642215468
        ],
        [
          0.12561802697678556,
          0.12087904052589249,
          0.13631785436034996,
          0.0269262893351504,
          0.1236589595895941,
          0.21809767856181905,
          0.24850215065040843
        ],
        [
          0.12121930829347774,
          0.25769647679271374,
          0.24598824822955145,
          0.2716361390755894,
          0.037087471144071904,
          0.0024647232573517326,
          0.06390763320724409
        ],
        [
          0.14107821080987282,
          0.04362551166707467,
          0.24007013569522492,
          0.0856650037072821,
          0.21657207350366756,
          0.09486509676508006,
          0.17812396785179793
        ],
        [
          0.1170036268409385,
          0.15376257084666958,
          0.21754451908578132,
          0.14535042404119253,
          0.09927446955257895,
          0.23186759616172253,
          0.035196793471116615
        ],
        [
          0.10170585859054691,
          0.20482869981290464,
          0.030808484929296512,
          0.08685848770341324,
          0.21186957208388016,
          0.11518242036038874,
          0.2487464765195698
        ],
        [
          0.012905246597175594,
          0.2051629734413426,
          0.20089074775649945,
          0.07382689842364565,
          0.19249412904683852,
          0.20145216984181152,
          0.11326783489268662
        ],
        [
          0.060028732028667126,
          0.13187626128842142,
          0.0401051106474249,
          0.28491121211856163,
          0.2668569576354882,
          0.0963507567801118,
          0.11987096950132495
        ],
        [
          0.24113263779100524,
          0.06352040121703806,
          0.057721609434529204,
          0.23920225645293905,
          0.173749995545371,
          2.060280041822237e-05,
          0.22465249675869925
        ],
        [
          0.17877577607549888,
          0.07982278296230637,
          0.058792396417383486,
          0.3178280189076154,
          0.1011085439502817,
          0.11177323771287219,
          0.151899243974042
        ],
        [
          0.011350083696299565,
          0.15590674083660458,
          0.3716801009450858,
          0.1642200275008659,
          0.07496312015476968,
          0.00023944506141996725,
          0.22164048180495455
        ]
      ],
      "timestamps": [
        31,
        32,
        33,
        34,
        35,
        36,
        37,
        38,
        39,
        40,
        41,
        42,
        43,
        44,
        45,
        46,
        47,
        48,
        49,
        50,
        51,
        52,
        53,
        54,
        55,
        56,
        57,
        58,
        59,
        60,
        61,
        62,
        63,
        64,
        65,
        66,
        67,
        68,
        69,
        70,
        71,
        72,
        73,
        74,
        75,
        76,
        77,
        78,
        79,
        80,
        81,
        82,
        83,
        84,
        85,
        86,
        87,
        88,
        89,
        90,
        91,
        92,
        93,
        94,
        95,
        96,
        97,
        98,
        99
      ],
      "distance": 1127.5
    }
  ],
  "conversation": [
    "Feels like everyone's out today.",
    "This is giving real 'main character energy'.",
    "Need a break."
  ],
  "conversation_timestamps": [
    29,
    54,
    78
  ]
}
