{"agent_id": "agent-green-1172", "type": "green", "trips": [{"trip_id": 0, "transport_method": "foot", "start_time": 0, "path": [[1.5389172, 42.5124055], [1.5388437, 42.5124598], [1.5387702, 42.5125141], [1.5386946, 42.5125652], [1.5386106, 42.5126009], [1.538522, 42.5126224], [1.5384319, 42.5126377], [1.5383417, 42.5126526], [1.5382516, 42.5126675], [1.5381614, 42.5126823], [1.5380712, 42.5126967], [1.5379808, 42.5127105], [1.5378905, 42.5127243], [1.5378002, 42.512738], [1.5377095, 42.5127493], [1.5377216, 42.5127381], [1.5378091, 42.5127116], [1.5378965, 42.5126851], [1.537984, 42.5126586], [1.5380714, 42.5126321], [1.5381589, 42.5126056], [1.5382463, 42.5125791], [1.5383338, 42.5125526], [1.5384212, 42.5125261], [1.5385087, 42.5124996], [1.5385962, 42.5124731], [1.5386836, 42.5124466], [1.5387711, 42.5124202], [1.5388585, 42.5123937], [1.538946, 42.5123672], [1.5390316, 42.5123367], [1.5391141, 42.5122982], [1.5392012, 42.5122708], [1.539291, 42.5122567], [1.5393567, 42.5122786], [1.5392826, 42.5123256], [1.5391955, 42.5123528], [1.5391148, 42.5123946], [1.5390989, 42.5124751], [1.539162, 42.5125407], [1.5392345, 42.5125956], [1.5393237, 42.5126029], [1.5394128, 42.5125831], [1.5395015, 42.5125611], [1.5395902, 42.5125392], [1.5396789, 42.5125172], [1.5397676, 42.5124952], [1.5398563, 42.5124733], [1.539945, 42.5124513], [1.5400337, 42.5124294], [1.5400988, 42.512412], [1.5400115, 42.5124347], [1.539937, 42.512487], [1.5398578, 42.5125307], [1.5397673, 42.5125428], [1.5396766, 42.5125544], [1.5395858, 42.5125647], [1.539495, 42.5125751], [1.5394049, 42.5125899], [1.5393685, 42.5125971], [1.5394591, 42.5125848], [1.5395496, 42.5125726], [1.5396402, 42.5125604], [1.5397308, 42.5125482], [1.5398213, 42.512536], [1.5399119, 42.5125238], [1.5400024, 42.5125115], [1.540093, 42.5124993], [1.5401836, 42.5124871], [1.5402741, 42.5124749], [1.5403566, 42.5124683], [1.5403129, 42.5125486], [1.5402525, 42.5126169], [1.5401863, 42.5126795], [1.5401427, 42.5127527], [1.5401965, 42.5128183], [1.540284, 42.5128439], [1.5403738, 42.5128607], [1.5404648, 42.5128679], [1.5405562, 42.5128679]], "mood_vectors": [[0.0809, 0.0451, 0.0386, 0.0477, 0.0318, 0.0719, 0.6839], [0.036, 0.0198, 0.0977, 0.0526, 0.0381, 0.0731, 0.6828], [0.0181, 0.0202, 0.0194, 0.0378, 0.0561, 0.0672, 0.7812], [0.032, 0.0654, 0.0542, 0.028, 0.0597, 0.0546, 0.7061], [0.0693, 0.0878, 0.0534, 0.0186, 0.0486, 0.029, 0.6932], [0.0176, 0.0477, 0.0948, 0.0226, 0.0844, 0.0782, 0.6546], [0.0457, 0.044, 0.0616, 0.0378, 0.0635, 0.0338, 0.7135], [0.0656, 0.0187, 0.0356, 0.0694, 0.0533, 0.0526, 0.7049], [0.0789, 0.0417, 0.0178, 0.0373, 0.0418, 0.0313, 0.7512], [0.0447, 0.0275, 0.0641, 0.0796, 0.0261, 0.0494, 0.7087], [0.0406, 0.0706, 0.0137, 0.0362, 0.0799, 0.0467, 0.7123], [0.0422, 0.0549, 0.0327, 0.0412, 0.039, 0.0455, 0.7444], [0.0426, 0.0495, 0.0372, 0.0529, 0.044, 0.0294, 0.7442], [0.0985, 0.0319, 0.0291, 0.0517, 0.0932, 0.0209, 0.6747], [0.0826, 0.0672, 0.0735, 0.0444, 0.0472, 0.0695, 0.6157], [0.087, 0.0144, 0.0584, 0.0138, 0.0282, 0.0708, 0.7274], [0.0666, 0.0465, 0.0608, 0.0429, 0.0491, 0.0179, 0.7161], [0.0707, 0.0658, 0.0766, 0.0196, 0.0445, 0.0522, 0.6706], [0.0156, 0.0292, 0.0618, 0.0742, 0.0649, 0.0396, 0.7146], [0.0705, 0.0348, 0.0379, 0.0563, 0.0676, 0.0776, 0.6553], [0.0399, 0.0371, 0.0233, 0.0658, 0.0497, 0.0541, 0.7302], [0.0434, 0.0692, 0.0522, 0.0257, 0.0226, 0.0636, 0.7232], [0.0174, 0.0765, 0.0836, 0.0353, 0.0525, 0.0559, 0.6789], [0.0224, 0.0392, 0.0727, 0.0507, 0.0193, 0.0647, 0.731], [0.0723, 0.0501, 0.0221, 0.0737, 0.0714, 0.0478, 0.6626], [0.035, 0.0808, 0.0185, 0.0732, 0.0492, 0.0206, 0.7227], [0.0418, 0.024, 0.054, 0.0826, 0.0649, 0.0304, 0.7023], [0.0267, 0.0474, 0.0598, 0.0164, 0.0445, 0.0696, 0.7356], [0.0458, 0.0354, 0.0584, 0.0371, 0.0451, 0.0431, 0.7352], [0.033, 0.0878, 0.0423, 0.0746, 0.0841, 0.0781, 0.6001], [0.0901, 0.0297, 0.047, 0.0746, 0.0401, 0.0396, 0.6789], [0.0501, 0.0389, 0.0513, 0.0127, 0.068, 0.076, 0.7031], [0.0423, 0.0487, 0.057, 0.0378, 0.0125, 0.0422, 0.7595], [0.0526, 0.0713, 0.0127, 0.0521, 0.0532, 0.0499, 0.7082], [0.0194, 0.0352, 0.0427, 0.0578, 0.058, 0.035, 0.752], [0.0709, 0.0141, 0.0541, 0.0302, 0.0702, 0.0779, 0.6825], [0.0544, 0.064, 0.0337, 0.0352, 0.0262, 0.0523, 0.7341], [0.0213, 0.0541, 0.0641, 0.0247, 0.0325, 0.0689, 0.7345], [0.043, 0.0505, 0.0905, 0.0691, 0.058, 0.021, 0.6678], [0.0712, 0.02, 0.0664, 0.0746, 0.0264, 0.056, 0.6854], [0.0673, 0.0492, 0.048, 0.0631, 0.0548, 0.0304, 0.6872], [0.037, 0.0551, 0.0843, 0.0351, 0.0653, 0.041, 0.6822], [0.0233, 0.0833, 0.0144, 0.0211, 0.0521, 0.0722, 0.7336], [0.0362, 0.0279, 0.0605, 0.0756, 0.0273, 0.0364, 0.7361], [0.064, 0.0533, 0.0152, 0.0246, 0.0187, 0.0594, 0.7648], [0.0263, 0.0292, 0.0546, 0.0291, 0.0715, 0.0553, 0.734], [0.0244, 0.0396, 0.0466, 0.0706, 0.0594, 0.0321, 0.7272], [0.0369, 0.0157, 0.0282, 0.0548, 0.073, 0.0752, 0.7163], [0.0385, 0.0871, 0.0178, 0.0714, 0.066, 0.0703, 0.649], [0.0299, 0.0754, 0.0512, 0.0518, 0.0194, 0.0699, 0.7024], [0.096, 0.024, 0.0765, 0.0281, 0.0333, 0.0896, 0.6525], [0.0207, 0.0672, 0.0661, 0.0693, 0.0278, 0.0497, 0.6991], [0.0347, 0.0263, 0.0713, 0.0351, 0.0735, 0.0485, 0.7106], [0.064, 0.0756, 0.0708, 0.0126, 0.0624, 0.0642, 0.6504], [0.0414, 0.0165, 0.0548, 0.0356, 0.0716, 0.0767, 0.7034], [0.0832, 0.0509, 0.0221, 0.0899, 0.0232, 0.0441, 0.6865], [0.0307, 0.0673, 0.0234, 0.0661, 0.0594, 0.0368, 0.7164], [0.0128, 0.077, 0.0181, 0.013, 0.0656, 0.0595, 0.754], [0.0157, 0.059, 0.0419, 0.0647, 0.0326, 0.0488, 0.7372], [0.0521, 0.0658, 0.0442, 0.026, 0.0392, 0.0496, 0.7232], [0.047, 0.0884, 0.0238, 0.0856, 0.0208, 0.096, 0.6382], [0.0661, 0.0369, 0.0344, 0.0326, 0.0607, 0.0761, 0.6932], [0.0741, 0.0218, 0.0734, 0.0779, 0.0875, 0.0848, 0.5805], [0.0216, 0.0938, 0.0156, 0.0944, 0.0512, 0.053, 0.6703], [0.0778, 0.0281, 0.069, 0.0748, 0.0229, 0.0606, 0.6668], [0.08, 0.0135, 0.0552, 0.0489, 0.0635, 0.0778, 0.6612], [0.0818, 0.0555, 0.0412, 0.0604, 0.0261, 0.0509, 0.6841], [0.053, 0.0371, 0.0532, 0.0227, 0.0467, 0.064, 0.7234], [0.0619, 0.0712, 0.0454, 0.0341, 0.0507, 0.0563, 0.6805], [0.0706, 0.0576, 0.0553, 0.0167, 0.0537, 0.0512, 0.695], [0.0579, 0.0581, 0.0806, 0.0265, 0.058, 0.0465, 0.6724], [0.0935, 0.0328, 0.0439, 0.0429, 0.0332, 0.0398, 0.7138], [0.0347, 0.0393, 0.0727, 0.0349, 0.0412, 0.054, 0.7232], [0.0496, 0.033, 0.0133, 0.0495, 0.066, 0.0527, 0.7359], [0.0402, 0.0309, 0.0525, 0.0798, 0.0215, 0.034, 0.7411], [0.0764, 0.0629, 0.0209, 0.0264, 0.0838, 0.0893, 0.6405], [0.0817, 0.0582, 0.0465, 0.0505, 0.0274, 0.0169, 0.7187], [0.0307, 0.0334, 0.063, 0.0487, 0.0228, 0.0656, 0.7357], [0.0374, 0.0736, 0.0625, 0.0127, 0.0584, 0.0129, 0.7425], [0.0619, 0.0852, 0.0467, 0.0776, 0.0163, 0.0916, 0.6206]], "emotions": ["purple", "purple", "purple", "purple", "purple", "purple", "purple", "purple", "purple", "purple", "purple", "purple", "purple", "purple", "purple", "purple", "purple", "purple", "purple", "purple", "purple", "purple", "purple", "purple", "purple", "purple", "purple", "purple", "purple", "purple", "purple", "purple", "purple", "purple", "purple", "purple", "purple", "purple", "purple", "purple", "purple", "purple", "purple", "purple", "purple", "purple", "purple", "purple", "purple", "purple", "purple", "purple", "purple", "purple", "purple", "purple", "purple", "purple", "purple", "purple", "purple", "purple", "purple", "purple", "purple", "purple", "purple", "purple", "purple", "purple", "purple", "purple", "purple", "purple", "purple", "purple", "purple", "purple", "purple", "purple"], "timestamps": [0, 40, 80, 120, 160, 200, 240, 280, 320, 360, 400, 440, 480, 520, 560, 600, 640, 680, 720, 760, 800, 840, 880, 920, 960, 1000, 1040, 1080, 1120, 1160, 1200, 1240, 1280, 1320, 1360, 1400, 1440, 1480, 1520, 1560, 1600, 1640, 1680, 1720, 1760, 1800, 1840, 1880, 1920, 1960, 2000, 2040, 2080, 2120, 2160, 2200, 2240, 2280, 2320, 2360, 2400, 2440, 2480, 2520, 2560, 2600, 2640, 2680, 2720, 2760, 2800, 2840, 2880, 2920, 2960, 3000, 3040, 3080, 3120, 3160]}], "conversation": [], "conversation_timestamps": []}