{"agent_id": "agent-red-1586", "type": "red", "trips": [{"trip_id": 0, "transport_method": "bus", "start_time": 0, "path": [[1.5061558, 42.475792], [1.5056502, 42.4752503], [1.5055932, 42.4746311], [1.5061902, 42.4742621], [1.5069062, 42.474068], [1.5075864, 42.4737374], [1.5082667, 42.4734069], [1.5089469, 42.4730764], [1.5088134, 42.4728562], [1.5080612, 42.4727959], [1.5073199, 42.4729427], [1.5067299, 42.4733576], [1.50699, 42.4740129], [1.5066749, 42.474182], [1.5073587, 42.4738589], [1.5080426, 42.4735359], [1.5087264, 42.4732128], [1.5094092, 42.4728877], [1.5100585, 42.4725007], [1.5104865, 42.4719661], [1.5099238, 42.4721335], [1.5092616, 42.4724212], [1.5085174, 42.4724408], [1.5077957, 42.472218], [1.5070415, 42.4721816], [1.5063046, 42.4720374], [1.5060956, 42.4726332], [1.5057007, 42.4732264], [1.5049575, 42.4732628], [1.5042198, 42.4734041], [1.5035053, 42.4736507], [1.5027742, 42.4737935], [1.5020635, 42.474042], [1.5013505, 42.4742831], [1.500695, 42.4741907], [1.5014158, 42.4741458], [1.5020413, 42.4737418], [1.5027112, 42.4734327], [1.5034021, 42.4731436], [1.5040307, 42.4727335], [1.5038083, 42.4720423], [1.5035217, 42.4713761], [1.5042114, 42.4716714], [1.503992, 42.4723157], [1.50386, 42.4722088], [1.5035174, 42.4715346], [1.5034621, 42.4708492], [1.5030635, 42.4703058], [1.5023399, 42.4701249], [1.5016129, 42.4700519], [1.5010186, 42.4696076], [1.5003534, 42.4694401], [1.4996385, 42.469216], [1.498965, 42.4689329], [1.4985289, 42.4685697], [1.49838, 42.4682184], [1.4983875, 42.467871], [1.497711, 42.4676152], [1.4970245, 42.4674359], [1.4970889, 42.4678415], [1.4965105, 42.467373], [1.4959942, 42.466901], [1.4960594, 42.4673387], [1.4962774, 42.4676417], [1.4956636, 42.4672051], [1.4954059, 42.4671449], [1.4958629, 42.4677445], [1.496048, 42.468465], [1.4961129, 42.4692169], [1.4958556, 42.4693699], [1.4954766, 42.4687935], [1.4948863, 42.4691728], [1.495067, 42.4687961], [1.4948527, 42.468608], [1.4942464, 42.4690249], [1.4935274, 42.4692441], [1.4939733, 42.4690392], [1.4933301, 42.4686414], [1.4927509, 42.4690013], [1.4927847, 42.4688547]], "mood_vectors": [[0.6402, 0.0614, 0.054, 0.0577, 0.0784, 0.0373, 0.071], [0.7099, 0.0425, 0.0181, 0.0446, 0.0501, 0.0741, 0.0608], [0.7368, 0.0277, 0.0643, 0.0344, 0.0258, 0.0182, 0.0928], [0.7063, 0.0166, 0.0361, 0.0668, 0.0942, 0.047, 0.0329], [0.6446, 0.0635, 0.0676, 0.0868, 0.0473, 0.0248, 0.0654], [0.758, 0.0578, 0.0396, 0.033, 0.0296, 0.0355, 0.0465], [0.7069, 0.0217, 0.0774, 0.0559, 0.0417, 0.0734, 0.0229], [0.686, 0.0266, 0.0429, 0.0539, 0.0703, 0.0479, 0.0724], [0.7983, 0.0213, 0.057, 0.0346, 0.0177, 0.0529, 0.0181], [0.674, 0.0573, 0.0651, 0.0326, 0.0664, 0.047, 0.0575], [0.6542, 0.0194, 0.0757, 0.0667, 0.0881, 0.0256, 0.0703], [0.7233, 0.059, 0.0543, 0.0777, 0.0333, 0.0205, 0.032], [0.7085, 0.0722, 0.0584, 0.0724, 0.0176, 0.0284, 0.0425], [0.6666, 0.0524, 0.0351, 0.0578, 0.0441, 0.0656, 0.0784], [0.7473, 0.0378, 0.0478, 0.0419, 0.0221, 0.0668, 0.0362], [0.7319, 0.0719, 0.0336, 0.0405, 0.02, 0.0377, 0.0643], [0.6659, 0.0632, 0.0789, 0.0248, 0.0869, 0.0423, 0.038], [0.7105, 0.0684, 0.0386, 0.0524, 0.0289, 0.0307, 0.0704], [0.657, 0.0611, 0.074, 0.0637, 0.0292, 0.0781, 0.0369], [0.7214, 0.0763, 0.0309, 0.0277, 0.027, 0.072, 0.0448], [0.704, 0.0733, 0.0328, 0.0631, 0.0585, 0.0483, 0.0199], [0.6882, 0.0388, 0.0416, 0.0619, 0.0873, 0.0478, 0.0343], [0.7256, 0.0556, 0.0741, 0.0266, 0.0201, 0.0252, 0.0727], [0.7639, 0.0342, 0.0588, 0.0372, 0.0633, 0.0123, 0.0304], [0.6667, 0.0578, 0.0668, 0.0451, 0.0445, 0.0673, 0.0517], [0.7024, 0.0471, 0.0485, 0.0338, 0.0425, 0.0414, 0.0844], [0.6948, 0.0484, 0.0649, 0.0122, 0.0614, 0.0562, 0.0622], [0.7561, 0.0796, 0.0143, 0.032, 0.0129, 0.0366, 0.0686], [0.7315, 0.0695, 0.0559, 0.0255, 0.0183, 0.0564, 0.0429], [0.6653, 0.0798, 0.0473, 0.0463, 0.0626, 0.0635, 0.0353], [0.7332, 0.0537, 0.0497, 0.0416, 0.0565, 0.038, 0.0272], [0.7921, 0.0164, 0.0903, 0.0173, 0.0162, 0.0415, 0.0263], [0.6869, 0.0558, 0.075, 0.0137, 0.0412, 0.0537, 0.0738], [0.6817, 0.0331, 0.0406, 0.0681, 0.0783, 0.0163, 0.082], [0.7547, 0.0432, 0.0673, 0.0217, 0.0258, 0.0306, 0.0567], [0.6633, 0.073, 0.0266, 0.0587, 0.0658, 0.0577, 0.0549], [0.6885, 0.0575, 0.0652, 0.0181, 0.0429, 0.0513, 0.0765], [0.7515, 0.0645, 0.0285, 0.0225, 0.0649, 0.0213, 0.0469], [0.7278, 0.0478, 0.031, 0.0646, 0.0274, 0.0282, 0.0732], [0.6662, 0.0433, 0.0762, 0.0501, 0.0487, 0.0898, 0.0257], [0.6929, 0.0166, 0.0667, 0.0785, 0.0236, 0.0539, 0.0678], [0.6524, 0.0379, 0.0574, 0.0876, 0.0197, 0.0576, 0.0875], [0.6815, 0.0633, 0.0174, 0.0389, 0.0561, 0.0792, 0.0636], [0.6363, 0.017, 0.0872, 0.0825, 0.0365, 0.0465, 0.094], [0.68, 0.0145, 0.0513, 0.0601, 0.0626, 0.0603, 0.0712], [0.703, 0.057, 0.0456, 0.0383, 0.0876, 0.0409, 0.0276], [0.8121, 0.0365, 0.0244, 0.0476, 0.0204, 0.0401, 0.0189], [0.6163, 0.052, 0.0761, 0.0559, 0.0816, 0.0494, 0.0686], [0.6682, 0.0716, 0.0648, 0.0355, 0.0791, 0.0495, 0.0314], [0.6849, 0.019, 0.0929, 0.0538, 0.0701, 0.0166, 0.0628], [0.7891, 0.0192, 0.0393, 0.059, 0.0262, 0.0443, 0.0229], [0.7427, 0.0271, 0.0168, 0.0205, 0.0846, 0.0678, 0.0405], [0.6577, 0.0575, 0.0758, 0.065, 0.0161, 0.0845, 0.0433], [0.7365, 0.0732, 0.0634, 0.0259, 0.039, 0.0203, 0.0416], [0.6493, 0.0473, 0.0444, 0.0672, 0.0917, 0.0831, 0.017], [0.6108, 0.0649, 0.0828, 0.0684, 0.0782, 0.0394, 0.0555], [0.711, 0.0602, 0.0316, 0.0416, 0.0722, 0.0348, 0.0487], [0.648, 0.0581, 0.0475, 0.0779, 0.0728, 0.023, 0.0726], [0.737, 0.0115, 0.0749, 0.0363, 0.0145, 0.0764, 0.0495], [0.7499, 0.0478, 0.045, 0.0361, 0.0275, 0.0505, 0.0432], [0.6871, 0.0454, 0.0601, 0.0656, 0.0338, 0.0778, 0.0303], [0.7934, 0.0157, 0.029, 0.0594, 0.0277, 0.0376, 0.0372], [0.6344, 0.0825, 0.0354, 0.0477, 0.0625, 0.0887, 0.0489], [0.7212, 0.0213, 0.0801, 0.0731, 0.0172, 0.0291, 0.0579], [0.6414, 0.0647, 0.0851, 0.0331, 0.0759, 0.0562, 0.0436], [0.7312, 0.058, 0.0256, 0.0735, 0.0767, 0.0185, 0.0165], [0.6844, 0.0561, 0.0602, 0.0606, 0.0261, 0.0882, 0.0244], [0.787, 0.0173, 0.0477, 0.0358, 0.0714, 0.0197, 0.021], [0.7499, 0.0197, 0.0544, 0.0445, 0.0131, 0.0653, 0.0531], [0.7792, 0.0444, 0.0517, 0.0627, 0.0252, 0.0218, 0.0151], [0.656, 0.0695, 0.0845, 0.0598, 0.0745, 0.0174, 0.0383], [0.681, 0.0699, 0.0413, 0.0633, 0.043, 0.0631, 0.0385], [0.7353, 0.0303, 0.0674, 0.0275, 0.0828, 0.0159, 0.0407], [0.6153, 0.0783, 0.0193, 0.0747, 0.0673, 0.0551, 0.0901], [0.7447, 0.053, 0.0345, 0.0402, 0.0222, 0.0817, 0.0236], [0.644, 0.0533, 0.0746, 0.0818, 0.0498, 0.0671, 0.0294], [0.6644, 0.0434, 0.0575, 0.0725, 0.05, 0.049, 0.0631], [0.7097, 0.0623, 0.0349, 0.0312, 0.0322, 0.0897, 0.04], [0.6028, 0.0691, 0.0458, 0.0718, 0.0803, 0.0668, 0.0634], [0.6705, 0.0237, 0.0733, 0.0697, 0.0643, 0.0732, 0.0253]], "emotions": ["red", "red", "red", "red", "red", "red", "red", "red", "red", "red", "red", "red", "red", "red", "red", "red", "red", "red", "red", "red", "red", "red", "red", "red", "red", "red", "red", "red", "red", "red", "red", "red", "red", "red", "red", "red", "red", "red", "red", "red", "red", "red", "red", "red", "red", "red", "red", "red", "red", "red", "red", "red", "red", "red", "red", "red", "red", "red", "red", "red", "red", "red", "red", "red", "red", "red", "red", "red", "red", "red", "red", "red", "red", "red", "red", "red", "red", "red", "red", "red"], "timestamps": [0, 40, 80, 120, 160, 200, 240, 280, 320, 360, 400, 440, 480, 520, 560, 600, 640, 680, 720, 760, 800, 840, 880, 920, 960, 1000, 1040, 1080, 1120, 1160, 1200, 1240, 1280, 1320, 1360, 1400, 1440, 1480, 1520, 1560, 1600, 1640, 1680, 1720, 1760, 1800, 1840, 1880, 1920, 1960, 2000, 2040, 2080, 2120, 2160, 2200, 2240, 2280, 2320, 2360, 2400, 2440, 2480, 2520, 2560, 2600, 2640, 2680, 2720, 2760, 2800, 2840, 2880, 2920, 2960, 3000, 3040, 3080, 3120, 3160]}], "conversation": [], "conversation_timestamps": []}