{"agent_id": "agent-blue-1005", "type": "blue", "trips": [{"trip_id": 0, "transport_method": "car", "start_time": 0, "path": [[1.5232022, 42.505068], [1.5231895, 42.5051177], [1.5231768, 42.5051673], [1.5231575, 42.5052147], [1.5231362, 42.5052613], [1.5231148, 42.5053079], [1.5230935, 42.5053545], [1.5230721, 42.5054011], [1.5230508, 42.5054477], [1.5230294, 42.5054943], [1.5230081, 42.5055408], [1.5229867, 42.5055874], [1.522965, 42.5056339], [1.522943, 42.5056802], [1.522921, 42.5057265], [1.522899, 42.5057727], [1.522877, 42.505819], [1.522855, 42.5058653], [1.5228329, 42.5059116], [1.5228109, 42.5059579], [1.5227889, 42.5060042], [1.5227669, 42.5060504], [1.5227449, 42.5060967], [1.5227229, 42.506143], [1.5227008, 42.5061893], [1.5226788, 42.5062356], [1.5226568, 42.5062819], [1.5226348, 42.5063281], [1.5226128, 42.5063744], [1.5225813, 42.5064023], [1.5225309, 42.5063931], [1.5224805, 42.506384], [1.52243, 42.5063748], [1.5223796, 42.5063656], [1.5223292, 42.5063565], [1.5222788, 42.5063473], [1.5222283, 42.5063382], [1.5221779, 42.506329], [1.5221275, 42.5063198], [1.522077, 42.5063107], [1.5220266, 42.5063015], [1.5219762, 42.5062924], [1.5219258, 42.5062832], [1.5218753, 42.506274], [1.5218249, 42.5062649], [1.5217745, 42.5062557], [1.5217403, 42.5062732], [1.5217254, 42.5063222], [1.5217104, 42.5063713], [1.5216955, 42.5064203], [1.5216806, 42.5064693], [1.5216656, 42.5065184], [1.5216507, 42.5065674], [1.521625, 42.5066023], [1.5215738, 42.5066038], [1.5215225, 42.5066037], [1.5214715, 42.5066065], [1.5214219, 42.5066186], [1.5213815, 42.5066467], [1.5213476, 42.5066849], [1.5213108, 42.5067206], [1.521274, 42.5067563], [1.5212367, 42.5067915], [1.5211994, 42.5068266], [1.5211621, 42.5068617], [1.5211248, 42.5068968], [1.5210874, 42.506932], [1.5210501, 42.5069671], [1.5210128, 42.5070022], [1.5210279, 42.5069695], [1.5210525, 42.5069245], [1.5210771, 42.5068796], [1.5210917, 42.5068374], [1.5210474, 42.5068115], [1.5210031, 42.5067857], [1.5209588, 42.5067599], [1.5209146, 42.5067341], [1.5208703, 42.5067083], [1.520826, 42.5066825], [1.520817, 42.5066528]], "mood_vectors": [[0.0728, 0.0546, 0.0743, 0.6657, 0.0355, 0.0248, 0.0722], [0.0168, 0.0943, 0.0144, 0.773, 0.0366, 0.0466, 0.0183], [0.0719, 0.0299, 0.0658, 0.6922, 0.0766, 0.035, 0.0286], [0.0302, 0.0227, 0.041, 0.7211, 0.0565, 0.0504, 0.0781], [0.0391, 0.0202, 0.0949, 0.7221, 0.0185, 0.0647, 0.0406], [0.0658, 0.0397, 0.0412, 0.6773, 0.0688, 0.0655, 0.0417], [0.0389, 0.052, 0.0855, 0.7146, 0.072, 0.0138, 0.0232], [0.0702, 0.0256, 0.0309, 0.7362, 0.0566, 0.016, 0.0645], [0.0221, 0.0753, 0.0352, 0.7406, 0.0453, 0.0324, 0.0492], [0.0589, 0.0886, 0.0768, 0.6708, 0.0463, 0.034, 0.0245], [0.0591, 0.0534, 0.0589, 0.6726, 0.0836, 0.0297, 0.0426], [0.0688, 0.0544, 0.0292, 0.6657, 0.0564, 0.0466, 0.0789], [0.0145, 0.0162, 0.0402, 0.7471, 0.075, 0.0458, 0.0613], [0.0133, 0.0551, 0.0517, 0.7147, 0.0781, 0.0326, 0.0545], [0.0617, 0.0215, 0.0432, 0.7457, 0.046, 0.021, 0.0609], [0.025, 0.0397, 0.0393, 0.7202, 0.0584, 0.0605, 0.0568], [0.0428, 0.0628, 0.0189, 0.7529, 0.0145, 0.0491, 0.0591], [0.0213, 0.0255, 0.0673, 0.7681, 0.0605, 0.0298, 0.0275], [0.0561, 0.0602, 0.0347, 0.695, 0.049, 0.0386, 0.0664], [0.0504, 0.0451, 0.0647, 0.679, 0.0489, 0.0779, 0.034], [0.025, 0.07, 0.0304, 0.6908, 0.0396, 0.0705, 0.0736], [0.0646, 0.0591, 0.049, 0.6685, 0.0694, 0.0192, 0.0703], [0.067, 0.0429, 0.0144, 0.7479, 0.0152, 0.0778, 0.0348], [0.0203, 0.0693, 0.0261, 0.763, 0.063, 0.0221, 0.0363], [0.0404, 0.0239, 0.0651, 0.7518, 0.0544, 0.0353, 0.0291], [0.0805, 0.0166, 0.0711, 0.6799, 0.0853, 0.0186, 0.048], [0.0549, 0.0302, 0.0539, 0.6873, 0.0966, 0.0516, 0.0255], [0.0565, 0.0393, 0.0337, 0.6757, 0.0818, 0.0533, 0.0597], [0.0793, 0.0454, 0.0742, 0.6018, 0.0237, 0.0862, 0.0894], [0.0245, 0.0613, 0.0325, 0.6675, 0.0684, 0.08, 0.0659], [0.0813, 0.0648, 0.0361, 0.6601, 0.0359, 0.0892, 0.0326], [0.0599, 0.0533, 0.017, 0.6673, 0.081, 0.0808, 0.0407], [0.0544, 0.016, 0.0587, 0.7217, 0.0461, 0.0731, 0.0299], [0.0121, 0.0563, 0.0692, 0.7071, 0.061, 0.0539, 0.0404], [0.0411, 0.0549, 0.0143, 0.6858, 0.0669, 0.0605, 0.0765], [0.0659, 0.0608, 0.0123, 0.7221, 0.0413, 0.051, 0.0466], [0.0578, 0.0628, 0.0382, 0.7164, 0.0501, 0.0356, 0.039], [0.1068, 0.0425, 0.0215, 0.7581, 0.028, 0.0165, 0.0266], [0.0129, 0.0604, 0.051, 0.7121, 0.0741, 0.0263, 0.0633], [0.0392, 0.0335, 0.0152, 0.7621, 0.0503, 0.0461, 0.0536], [0.0784, 0.0662, 0.0715, 0.5855, 0.0802, 0.041, 0.0772], [0.0141, 0.0441, 0.0471, 0.7515, 0.0576, 0.0322, 0.0533], [0.0404, 0.052, 0.0371, 0.6563, 0.0955, 0.0606, 0.0582], [0.0239, 0.0535, 0.0448, 0.7236, 0.0653, 0.0465, 0.0425], [0.084, 0.0206, 0.0827, 0.6249, 0.036, 0.0806, 0.0713], [0.0464, 0.0504, 0.0409, 0.6992, 0.0322, 0.0821, 0.0489], [0.0734, 0.0535, 0.0237, 0.6858, 0.0589, 0.0663, 0.0384], [0.0176, 0.0882, 0.0826, 0.6951, 0.0473, 0.0269, 0.0422], [0.0902, 0.0138, 0.0451, 0.754, 0.0144, 0.0161, 0.0665], [0.024, 0.0352, 0.0162, 0.7913, 0.0302, 0.0466, 0.0565], [0.0262, 0.0715, 0.0731, 0.7413, 0.022, 0.045, 0.0209], [0.0205, 0.0496, 0.0516, 0.6916, 0.0863, 0.0717, 0.0286], [0.0807, 0.0426, 0.0396, 0.6534, 0.0487, 0.0837, 0.0513], [0.0439, 0.059, 0.0113, 0.75, 0.014, 0.0571, 0.0647], [0.0861, 0.0414, 0.0167, 0.6741, 0.0863, 0.0596, 0.0358], [0.051, 0.0413, 0.0615, 0.6868, 0.0615, 0.0627, 0.0352], [0.0386, 0.027, 0.0662, 0.7716, 0.0324, 0.0448, 0.0194], [0.0832, 0.0267, 0.0721, 0.7055, 0.0735, 0.0144, 0.0246], [0.0966, 0.0273, 0.0568, 0.6709, 0.0238, 0.0276, 0.097], [0.0769, 0.0492, 0.0453, 0.7305, 0.0138, 0.0298, 0.0544], [0.0658, 0.032, 0.0497, 0.6734, 0.0791, 0.0549, 0.0451], [0.0528, 0.062, 0.0669, 0.6746, 0.022, 0.0735, 0.0482], [0.0491, 0.0737, 0.0488, 0.7136, 0.0207, 0.0345, 0.0596], [0.0246, 0.0385, 0.0354, 0.7375, 0.0358, 0.0528, 0.0753], [0.0622, 0.0627, 0.0459, 0.6795, 0.0626, 0.0277, 0.0594], [0.0209, 0.0334, 0.056, 0.7674, 0.0288, 0.0468, 0.0468], [0.0356, 0.071, 0.0205, 0.7045, 0.0285, 0.0528, 0.0871], [0.025, 0.0293, 0.0792, 0.7492, 0.052, 0.027, 0.0383], [0.0237, 0.0978, 0.0827, 0.6494, 0.0888, 0.043, 0.0147], [0.056, 0.0499, 0.0476, 0.634, 0.0648, 0.0658, 0.0819], [0.0261, 0.0264, 0.07, 0.7629, 0.0317, 0.03, 0.0529], [0.0193, 0.0321, 0.0398, 0.7451, 0.0722, 0.0158, 0.0756], [0.0336, 0.0755, 0.0347, 0.7003, 0.0332, 0.0659, 0.0567], [0.0625, 0.0324, 0.0224, 0.7918, 0.0287, 0.0425, 0.0197], [0.0859, 0.0329, 0.0793, 0.6372, 0.077, 0.046, 0.0417], [0.0741, 0.0761, 0.087, 0.6271, 0.0699, 0.0273, 0.0384], [0.0803, 0.0166, 0.0443, 0.7185, 0.0698, 0.0166, 0.0539], [0.0652, 0.0425, 0.0434, 0.6331, 0.0426, 0.0841, 0.0891], [0.0462, 0.0626, 0.0799, 0.6441, 0.0424, 0.075, 0.0498], [0.0295, 0.0943, 0.0298, 0.6656, 0.0551, 0.0957, 0.03]], "emotions": ["green", "green", "green", "green", "green", "green", "green", "green", "green", "green", "green", "green", "green", "green", "green", "green", "green", "green", "green", "green", "green", "green", "green", "green", "green", "green", "green", "green", "green", "green", "green", "green", "green", "green", "green", "green", "green", "green", "green", "green", "green", "green", "green", "green", "green", "green", "green", "green", "green", "green", "green", "green", "green", "green", "green", "green", "green", "green", "green", "green", "green", "green", "green", "green", "green", "green", "green", "green", "green", "green", "green", "green", "green", "green", "green", "green", "green", "green", "green", "green"], "timestamps": [0, 40, 80, 120, 160, 200, 240, 280, 320, 360, 400, 440, 480, 520, 560, 600, 640, 680, 720, 760, 800, 840, 880, 920, 960, 1000, 1040, 1080, 1120, 1160, 1200, 1240, 1280, 1320, 1360, 1400, 1440, 1480, 1520, 1560, 1600, 1640, 1680, 1720, 1760, 1800, 1840, 1880, 1920, 1960, 2000, 2040, 2080, 2120, 2160, 2200, 2240, 2280, 2320, 2360, 2400, 2440, 2480, 2520, 2560, 2600, 2640, 2680, 2720, 2760, 2800, 2840, 2880, 2920, 2960, 3000, 3040, 3080, 3120, 3160]}], "conversation": [], "conversation_timestamps": []}