{"agent_id": "agent-red-1691", "type": "red", "trips": [{"trip_id": 0, "transport_method": "car", "start_time": 0, "path": [[1.5215865, 42.5065915], [1.5212661, 42.5070997], [1.5221313, 42.5075374], [1.5230974, 42.5077363], [1.5241092, 42.5077721], [1.5251063, 42.5079829], [1.5260887, 42.5082511], [1.5271028, 42.5083599], [1.5280786, 42.5086102], [1.5290461, 42.5089225], [1.5293293, 42.5090007], [1.5303093, 42.5092899], [1.5312719, 42.5095539], [1.5322381, 42.5098568], [1.5332363, 42.5100151], [1.5341855, 42.509926], [1.5352073, 42.5098942], [1.5362279, 42.5099548], [1.5372385, 42.5100254], [1.5382607, 42.510052], [1.5391966, 42.5102134], [1.5400872, 42.5097474], [1.5409486, 42.5092529], [1.5418816, 42.5089109], [1.5421293, 42.5088928], [1.5431476, 42.5089744], [1.5441196, 42.5092685], [1.5451365, 42.5093436], [1.5461014, 42.5096549], [1.5454983, 42.509417], [1.5463944, 42.5098892], [1.5464291, 42.5107007], [1.5472672, 42.5112117], [1.5482585, 42.5114628], [1.5492521, 42.5117054], [1.5496929, 42.5118456], [1.5502107, 42.5120481], [1.5506066, 42.5122492], [1.5513976, 42.512892], [1.5510589, 42.5126252], [1.5516425, 42.5130434], [1.5524969, 42.5135897], [1.5526888, 42.5138454], [1.55275, 42.5148566], [1.5533065, 42.5157097], [1.5536339, 42.5166761], [1.5542544, 42.5174822], [1.5551108, 42.5180266], [1.5559715, 42.5184426], [1.5566429, 42.5192072], [1.5572874, 42.5199411], [1.5580073, 42.5206674], [1.5587612, 42.5213584], [1.5595864, 42.5219542], [1.5594263, 42.5218968], [1.5602681, 42.5224682], [1.5611362, 42.5229992], [1.5619263, 42.5236457], [1.5625966, 42.5244143], [1.5635332, 42.5248074], [1.5644534, 42.5252176], [1.5654308, 42.5254752], [1.5663437, 42.5259315], [1.5671541, 42.5265555], [1.5679871, 42.5271454], [1.5688862, 42.52762], [1.5697452, 42.5281615], [1.5705998, 42.5287234], [1.5713597, 42.5293988], [1.5721474, 42.5300406], [1.5727419, 42.5308701], [1.573424, 42.5316319], [1.5742024, 42.5322671], [1.5751827, 42.5324649], [1.5761716, 42.532659], [1.5771768, 42.532818], [1.5781842, 42.5329783], [1.579158, 42.5332473], [1.5799913, 42.5335664], [1.5789843, 42.5334392]], "mood_vectors": [[0.7394, 0.0531, 0.0494, 0.0582, 0.0198, 0.0163, 0.0638], [0.6744, 0.0627, 0.0586, 0.0183, 0.0574, 0.0636, 0.065], [0.6852, 0.0749, 0.0325, 0.0633, 0.0595, 0.058, 0.0268], [0.7148, 0.0211, 0.0276, 0.0719, 0.0812, 0.0586, 0.025], [0.7287, 0.0402, 0.0577, 0.0753, 0.0168, 0.0447, 0.0366], [0.7428, 0.054, 0.0457, 0.0636, 0.0286, 0.0194, 0.0459], [0.7328, 0.0372, 0.0537, 0.059, 0.0211, 0.0541, 0.0421], [0.7069, 0.0198, 0.0368, 0.0541, 0.0352, 0.0673, 0.0799], [0.6325, 0.0776, 0.0666, 0.0863, 0.0271, 0.0746, 0.0353], [0.6708, 0.0232, 0.0966, 0.0254, 0.0211, 0.0692, 0.0936], [0.6472, 0.0691, 0.0734, 0.0486, 0.0169, 0.0517, 0.0932], [0.7452, 0.0218, 0.0402, 0.0734, 0.0135, 0.0845, 0.0213], [0.7342, 0.0291, 0.0136, 0.0351, 0.0477, 0.0633, 0.077], [0.7554, 0.0355, 0.0237, 0.0597, 0.0124, 0.0562, 0.0571], [0.7853, 0.0204, 0.0621, 0.0213, 0.0127, 0.0534, 0.0448], [0.74, 0.0539, 0.048, 0.0217, 0.0525, 0.03, 0.0539], [0.7296, 0.0717, 0.0618, 0.0221, 0.0451, 0.039, 0.0306], [0.6634, 0.0808, 0.045, 0.0649, 0.0197, 0.0511, 0.0752], [0.7091, 0.0646, 0.043, 0.0329, 0.0183, 0.05, 0.0822], [0.5822, 0.0754, 0.0565, 0.0655, 0.0757, 0.0772, 0.0675], [0.6558, 0.0685, 0.0742, 0.0619, 0.0344, 0.0493, 0.0559], [0.5823, 0.0562, 0.0764, 0.0655, 0.0687, 0.0797, 0.0712], [0.6977, 0.0401, 0.0963, 0.0195, 0.0228, 0.0376, 0.0861], [0.7575, 0.0358, 0.0305, 0.0195, 0.0766, 0.0132, 0.067], [0.6497, 0.0767, 0.0524, 0.0751, 0.0401, 0.0498, 0.0562], [0.7354, 0.0348, 0.0346, 0.0623, 0.0437, 0.0404, 0.0488], [0.6509, 0.0315, 0.0844, 0.0479, 0.052, 0.0373, 0.096], [0.6279, 0.0369, 0.0839, 0.0388, 0.0568, 0.082, 0.0736], [0.8127, 0.0154, 0.0324, 0.0218, 0.0151, 0.0345, 0.0681], [0.7373, 0.0588, 0.0276, 0.0627, 0.0297, 0.0459, 0.0379], [0.6678, 0.0576, 0.0364, 0.0762, 0.0766, 0.0222, 0.0631], [0.7051, 0.0455, 0.0765, 0.0598, 0.024, 0.0496, 0.0396], [0.7132, 0.0582, 0.0201, 0.0349, 0.077, 0.0653, 0.0313], [0.6916, 0.07, 0.0194, 0.0271, 0.0792, 0.0498, 0.0629], [0.6281, 0.0538, 0.0825, 0.0876, 0.0797, 0.0183, 0.0499], [0.7545, 0.0312, 0.0155, 0.0546, 0.0185, 0.0762, 0.0494], [0.5809, 0.0375, 0.0834, 0.08, 0.0772, 0.0708, 0.0702], [0.7614, 0.0325, 0.0139, 0.0308, 0.0615, 0.0154, 0.0846], [0.6653, 0.0503, 0.0658, 0.062, 0.0309, 0.0567, 0.069], [0.699, 0.0732, 0.0689, 0.0609, 0.0263, 0.0567, 0.0149], [0.758, 0.081, 0.0483, 0.0172, 0.048, 0.0223, 0.0251], [0.6345, 0.0703, 0.043, 0.0858, 0.079, 0.0696, 0.0178], [0.6973, 0.0657, 0.0388, 0.0725, 0.0469, 0.0275, 0.0513], [0.7368, 0.0485, 0.0643, 0.0125, 0.0345, 0.028, 0.0754], [0.6884, 0.0221, 0.0475, 0.0217, 0.0705, 0.0722, 0.0776], [0.7154, 0.0356, 0.058, 0.074, 0.0256, 0.0566, 0.0348], [0.6118, 0.0849, 0.0675, 0.0293, 0.057, 0.0681, 0.0814], [0.6642, 0.0591, 0.0727, 0.0831, 0.0409, 0.043, 0.037], [0.7416, 0.08, 0.0492, 0.0165, 0.0466, 0.0508, 0.0153], [0.7006, 0.0488, 0.0323, 0.0486, 0.079, 0.0424, 0.0482], [0.7214, 0.0597, 0.0247, 0.0391, 0.0411, 0.0466, 0.0676], [0.6612, 0.0471, 0.0174, 0.0765, 0.0663, 0.0637, 0.0678], [0.6913, 0.0523, 0.0488, 0.0385, 0.0673, 0.058, 0.044], [0.6468, 0.0811, 0.0178, 0.0699, 0.0394, 0.0748, 0.0702], [0.7302, 0.0573, 0.0385, 0.0484, 0.0239, 0.0869, 0.0147], [0.7116, 0.0496, 0.0626, 0.0225, 0.0424, 0.0277, 0.0835], [0.6684, 0.0721, 0.0542, 0.0682, 0.0205, 0.0865, 0.0301], [0.7639, 0.0168, 0.0766, 0.0177, 0.0202, 0.0668, 0.0381], [0.6851, 0.0573, 0.0678, 0.0293, 0.0256, 0.0661, 0.0689], [0.6933, 0.0719, 0.0407, 0.047, 0.0561, 0.0383, 0.0527], [0.715, 0.0637, 0.0522, 0.0242, 0.0849, 0.0222, 0.0378], [0.7558, 0.0122, 0.0443, 0.0465, 0.0449, 0.0455, 0.0509], [0.7136, 0.067, 0.069, 0.0488, 0.0266, 0.0591, 0.0159], [0.6986, 0.0714, 0.0509, 0.0109, 0.0727, 0.0408, 0.0546], [0.6117, 0.0246, 0.0884, 0.0637, 0.0481, 0.0764, 0.0871], [0.6556, 0.0634, 0.0726, 0.0584, 0.0694, 0.0362, 0.0444], [0.6402, 0.0524, 0.0677, 0.0583, 0.0605, 0.0287, 0.0922], [0.6948, 0.0165, 0.0487, 0.0341, 0.0807, 0.0893, 0.0359], [0.6542, 0.0762, 0.0503, 0.082, 0.0329, 0.057, 0.0474], [0.7618, 0.0506, 0.0541, 0.0166, 0.044, 0.0132, 0.0597], [0.7873, 0.0147, 0.0595, 0.0685, 0.026, 0.0172, 0.0269], [0.7718, 0.0299, 0.0136, 0.0642, 0.0387, 0.0449, 0.0369], [0.6751, 0.0178, 0.0415, 0.0957, 0.022, 0.0885, 0.0593], [0.6726, 0.043, 0.0651, 0.0584, 0.0455, 0.0381, 0.0773], [0.7228, 0.0177, 0.0261, 0.0673, 0.0523, 0.0511, 0.0626], [0.7294, 0.0846, 0.0774, 0.017, 0.0236, 0.053, 0.015], [0.6853, 0.0533, 0.0584, 0.0598, 0.0678, 0.0186, 0.0567], [0.7035, 0.0508, 0.0128, 0.0173, 0.0555, 0.0828, 0.0773], [0.7416, 0.0525, 0.0163, 0.0386, 0.064, 0.0636, 0.0234], [0.7134, 0.0609, 0.0602, 0.0607, 0.0298, 0.0487, 0.0263]], "emotions": ["red", "red", "red", "red", "red", "red", "red", "red", "red", "red", "red", "red", "red", "red", "red", "red", "red", "red", "red", "red", "red", "red", "red", "red", "red", "red", "red", "red", "red", "red", "red", "red", "red", "red", "red", "red", "red", "red", "red", "red", "red", "red", "red", "red", "red", "red", "red", "red", "red", "red", "red", "red", "red", "red", "red", "red", "red", "red", "red", "red", "red", "red", "red", "red", "red", "red", "red", "red", "red", "red", "red", "red", "red", "red", "red", "red", "red", "red", "red", "red"], "timestamps": [0, 40, 80, 120, 160, 200, 240, 280, 320, 360, 400, 440, 480, 520, 560, 600, 640, 680, 720, 760, 800, 840, 880, 920, 960, 1000, 1040, 1080, 1120, 1160, 1200, 1240, 1280, 1320, 1360, 1400, 1440, 1480, 1520, 1560, 1600, 1640, 1680, 1720, 1760, 1800, 1840, 1880, 1920, 1960, 2000, 2040, 2080, 2120, 2160, 2200, 2240, 2280, 2320, 2360, 2400, 2440, 2480, 2520, 2560, 2600, 2640, 2680, 2720, 2760, 2800, 2840, 2880, 2920, 2960, 3000, 3040, 3080, 3120, 3160]}], "conversation": [], "conversation_timestamps": []}