{"agent_id": "agent-red-71", "type": "red", "trips": [{"trip_id": 0, "transport_method": "car", "start_time": 0, "path": [[1.7285775, 42.5384168], [1.7286013, 42.536555], [1.7314709, 42.5390695], [1.7337202, 42.5413339], [1.7344628, 42.544394], [1.7335815, 42.5464761], [1.7343119, 42.5474661], [1.730868, 42.5454927], [1.7271552, 42.5441132], [1.7232072, 42.5437581], [1.7192376, 42.5438508], [1.7152684, 42.5439812], [1.7112985, 42.5440843], [1.7073356, 42.5443417], [1.7033858, 42.5447213], [1.6999063, 42.5463709], [1.6970255, 42.5490094], [1.6944743, 42.5520404], [1.6913879, 42.5545171], [1.6887506, 42.5574803], [1.6855069, 42.5597679], [1.6822294, 42.5619868], [1.6799291, 42.5651148], [1.6785256, 42.5688298], [1.6792354, 42.5661633], [1.680064, 42.5647696], [1.6786744, 42.5684899], [1.6765806, 42.5718003], [1.6735879, 42.5741916], [1.6711121, 42.5755603], [1.6674791, 42.5762909], [1.6641405, 42.576186], [1.6601965, 42.5762577], [1.6584991, 42.576107], [1.6547036, 42.5751052], [1.6509791, 42.575325], [1.6476089, 42.57712], [1.6437339, 42.5777975], [1.6398059, 42.578196], [1.6358716, 42.5778943], [1.6330581, 42.578182], [1.6292262, 42.5780129], [1.6256217, 42.5768406], [1.625768, 42.5769284], [1.6221589, 42.5754103], [1.6186114, 42.5738869], [1.6150948, 42.572502], [1.6112926, 42.571581], [1.6074309, 42.5710209], [1.6048745, 42.5695789], [1.6018082, 42.5675377], [1.5987273, 42.5662526], [1.5969793, 42.5658316], [1.5942026, 42.5650728], [1.5943225, 42.5648441], [1.5908206, 42.5634136], [1.589529, 42.5597694], [1.5860043, 42.5590457], [1.5850438, 42.5581419], [1.5835539, 42.5562366], [1.5813999, 42.5552233], [1.5775387, 42.554931], [1.5754758, 42.5549902], [1.5750069, 42.5548273], [1.5716137, 42.5561097], [1.5677091, 42.5555145], [1.5639121, 42.5549502], [1.5635792, 42.5551659], [1.5623932, 42.5571004], [1.560706, 42.5579622], [1.5567642, 42.5580281], [1.5545711, 42.5584918], [1.5549158, 42.5590358], [1.5512576, 42.558802], [1.547381, 42.5582542], [1.5443711, 42.557318], [1.5413608, 42.5580375], [1.5376392, 42.5573508], [1.5345687, 42.5564297], [1.5314793, 42.5560616]], "mood_vectors": [[0.7133, 0.0262, 0.049, 0.0452, 0.046, 0.0525, 0.0678], [0.7752, 0.0331, 0.0407, 0.0644, 0.0178, 0.0405, 0.0283], [0.6971, 0.0607, 0.073, 0.0294, 0.0828, 0.0317, 0.0254], [0.6705, 0.0802, 0.0452, 0.0265, 0.0685, 0.0329, 0.0762], [0.6838, 0.0377, 0.0528, 0.0736, 0.0446, 0.0667, 0.0408], [0.6622, 0.0437, 0.0756, 0.058, 0.0241, 0.0688, 0.0676], [0.7698, 0.0389, 0.0399, 0.0233, 0.0451, 0.0165, 0.0665], [0.6526, 0.0799, 0.088, 0.0396, 0.0718, 0.0399, 0.0281], [0.7047, 0.0182, 0.0706, 0.0584, 0.0427, 0.0802, 0.0251], [0.751, 0.0702, 0.0169, 0.0548, 0.0465, 0.0235, 0.037], [0.7258, 0.041, 0.0248, 0.0669, 0.0524, 0.0722, 0.0168], [0.6845, 0.0296, 0.0741, 0.036, 0.0328, 0.0715, 0.0716], [0.7151, 0.0463, 0.0398, 0.0258, 0.0934, 0.0439, 0.0357], [0.6192, 0.0423, 0.0717, 0.0676, 0.0632, 0.0498, 0.0862], [0.6651, 0.069, 0.0379, 0.0698, 0.0613, 0.0252, 0.0717], [0.6931, 0.0461, 0.0742, 0.0497, 0.0185, 0.0615, 0.0568], [0.7364, 0.0635, 0.0771, 0.018, 0.0692, 0.0129, 0.0229], [0.7162, 0.0875, 0.045, 0.0415, 0.0163, 0.0223, 0.0711], [0.7178, 0.0528, 0.0221, 0.0546, 0.0716, 0.0184, 0.0627], [0.745, 0.0581, 0.0404, 0.0178, 0.0697, 0.0363, 0.0327], [0.7087, 0.0249, 0.0535, 0.0634, 0.0845, 0.0354, 0.0295], [0.7001, 0.015, 0.06, 0.0833, 0.0394, 0.0669, 0.0354], [0.7189, 0.0296, 0.0652, 0.0262, 0.0248, 0.0731, 0.0621], [0.6927, 0.0707, 0.0703, 0.0691, 0.034, 0.0493, 0.014], [0.7069, 0.0746, 0.0565, 0.0359, 0.0292, 0.0221, 0.0748], [0.724, 0.0306, 0.0744, 0.0312, 0.0544, 0.0267, 0.0585], [0.6193, 0.0333, 0.0799, 0.0823, 0.0618, 0.0659, 0.0576], [0.6879, 0.0537, 0.0252, 0.0577, 0.0501, 0.0707, 0.0547], [0.7115, 0.0478, 0.0659, 0.0669, 0.0179, 0.0681, 0.0219], [0.65, 0.0725, 0.0574, 0.0507, 0.0778, 0.0161, 0.0755], [0.5988, 0.0533, 0.0653, 0.0642, 0.0768, 0.0551, 0.0865], [0.6914, 0.0357, 0.0629, 0.0362, 0.0503, 0.0661, 0.0574], [0.6718, 0.0699, 0.0606, 0.0379, 0.0561, 0.035, 0.0688], [0.7662, 0.0177, 0.0181, 0.063, 0.0273, 0.0352, 0.0726], [0.6458, 0.0323, 0.089, 0.0674, 0.0255, 0.0756, 0.0644], [0.733, 0.0937, 0.0257, 0.0324, 0.053, 0.0423, 0.02], [0.7668, 0.0527, 0.0131, 0.0246, 0.0578, 0.0641, 0.0209], [0.6653, 0.0575, 0.0296, 0.0822, 0.0698, 0.0768, 0.0189], [0.6959, 0.0324, 0.0313, 0.0565, 0.0503, 0.0936, 0.0401], [0.7702, 0.0545, 0.0169, 0.0266, 0.036, 0.0429, 0.053], [0.7513, 0.0863, 0.0404, 0.0391, 0.038, 0.0267, 0.0183], [0.681, 0.0536, 0.0748, 0.0575, 0.0655, 0.0355, 0.0319], [0.7638, 0.0337, 0.0538, 0.012, 0.0309, 0.0376, 0.0682], [0.752, 0.0921, 0.0146, 0.0288, 0.0244, 0.0218, 0.0663], [0.6712, 0.0176, 0.0406, 0.0332, 0.0845, 0.0606, 0.0923], [0.7242, 0.0914, 0.0304, 0.014, 0.0357, 0.0721, 0.0321], [0.6871, 0.015, 0.0738, 0.0688, 0.067, 0.0397, 0.0487], [0.6733, 0.0836, 0.0758, 0.0203, 0.0431, 0.0454, 0.0584], [0.6975, 0.0735, 0.0861, 0.0715, 0.0294, 0.0149, 0.0272], [0.6698, 0.0442, 0.0743, 0.0585, 0.0253, 0.0795, 0.0486], [0.7309, 0.0252, 0.0315, 0.05, 0.0594, 0.0489, 0.0541], [0.7076, 0.069, 0.0353, 0.0144, 0.0701, 0.0478, 0.0558], [0.6548, 0.09, 0.0621, 0.0882, 0.0205, 0.0394, 0.045], [0.6753, 0.0606, 0.0552, 0.0555, 0.0643, 0.0686, 0.0205], [0.7102, 0.0718, 0.0399, 0.0456, 0.0367, 0.051, 0.0448], [0.7819, 0.0602, 0.0466, 0.0122, 0.0203, 0.0409, 0.0379], [0.7341, 0.0581, 0.0714, 0.044, 0.0339, 0.0382, 0.0202], [0.6252, 0.065, 0.0864, 0.0839, 0.0481, 0.0517, 0.0396], [0.6256, 0.0843, 0.05, 0.0393, 0.0761, 0.0534, 0.0714], [0.6199, 0.078, 0.0666, 0.0616, 0.03, 0.0675, 0.0764], [0.7538, 0.0674, 0.0205, 0.0236, 0.0482, 0.0127, 0.0737], [0.6867, 0.0776, 0.0345, 0.0339, 0.0349, 0.0936, 0.0388], [0.6963, 0.0523, 0.028, 0.0541, 0.0343, 0.072, 0.063], [0.682, 0.0365, 0.0658, 0.0783, 0.0342, 0.0469, 0.0563], [0.707, 0.0628, 0.0224, 0.0574, 0.0372, 0.0403, 0.073], [0.6631, 0.0538, 0.0295, 0.0603, 0.0779, 0.0376, 0.0778], [0.6771, 0.0763, 0.0647, 0.0769, 0.0178, 0.0576, 0.0297], [0.6533, 0.0671, 0.0725, 0.0255, 0.0591, 0.0528, 0.0698], [0.7148, 0.0595, 0.017, 0.0576, 0.0535, 0.0378, 0.0598], [0.7012, 0.0183, 0.0788, 0.0438, 0.028, 0.0756, 0.0543], [0.6698, 0.0812, 0.0377, 0.0133, 0.0657, 0.0719, 0.0604], [0.7337, 0.0562, 0.0443, 0.0584, 0.0312, 0.0139, 0.0624], [0.6767, 0.0614, 0.0383, 0.075, 0.0409, 0.0686, 0.0393], [0.6874, 0.0223, 0.057, 0.0725, 0.0663, 0.0706, 0.0239], [0.7397, 0.0336, 0.0508, 0.069, 0.0492, 0.0235, 0.0342], [0.6871, 0.0334, 0.0702, 0.0515, 0.0494, 0.0416, 0.0668], [0.6834, 0.0658, 0.0585, 0.057, 0.0427, 0.0313, 0.0613], [0.6708, 0.0211, 0.0682, 0.0614, 0.0228, 0.0756, 0.0801], [0.6588, 0.064, 0.0485, 0.0366, 0.0515, 0.0768, 0.0638], [0.6721, 0.0701, 0.0402, 0.0558, 0.0531, 0.0463, 0.0625]], "emotions": ["red", "red", "red", "red", "red", "red", "red", "red", "red", "red", "red", "red", "red", "red", "red", "red", "red", "red", "red", "red", "red", "red", "red", "red", "red", "red", "red", "red", "red", "red", "red", "red", "red", "red", "red", "red", "red", "red", "red", "red", "red", "red", "red", "red", "red", "red", "red", "red", "red", "red", "red", "red", "red", "red", "red", "red", "red", "red", "red", "red", "red", "red", "red", "red", "red", "red", "red", "red", "red", "red", "red", "red", "red", "red", "red", "red", "red", "red", "red", "red"], "timestamps": [0, 40, 80, 120, 160, 200, 240, 280, 320, 360, 400, 440, 480, 520, 560, 600, 640, 680, 720, 760, 800, 840, 880, 920, 960, 1000, 1040, 1080, 1120, 1160, 1200, 1240, 1280, 1320, 1360, 1400, 1440, 1480, 1520, 1560, 1600, 1640, 1680, 1720, 1760, 1800, 1840, 1880, 1920, 1960, 2000, 2040, 2080, 2120, 2160, 2200, 2240, 2280, 2320, 2360, 2400, 2440, 2480, 2520, 2560, 2600, 2640, 2680, 2720, 2760, 2800, 2840, 2880, 2920, 2960, 3000, 3040, 3080, 3120, 3160]}], "conversation": [], "conversation_timestamps": []}