{"agent_id": "agent-purple-1089", "type": "purple", "trips": [{"trip_id": 0, "transport_method": "bicycle", "start_time": 0, "path": [[1.4901516, 42.4754799], [1.4895298, 42.4758373], [1.488693, 42.4760089], [1.4895394, 42.4763611], [1.4904278, 42.4763666], [1.4900591, 42.4770514], [1.490003, 42.4779867], [1.4899468, 42.4789219], [1.4898907, 42.4798572], [1.4898346, 42.4807924], [1.4897784, 42.4817277], [1.4895111, 42.4812729], [1.4894105, 42.4803416], [1.4894499, 42.4794177], [1.4898762, 42.4785899], [1.4903466, 42.47778], [1.4906282, 42.4769051], [1.4905918, 42.4769722], [1.4905178, 42.4779062], [1.4904438, 42.4788402], [1.4903698, 42.4797743], [1.4902958, 42.4807083], [1.4902218, 42.4816423], [1.4901506, 42.4825757], [1.4905766, 42.4834018], [1.4910204, 42.4842207], [1.4917473, 42.4847243], [1.492371, 42.4853127], [1.4927324, 42.4861767], [1.4931112, 42.4870322], [1.4935641, 42.4878523], [1.4940212, 42.4886702], [1.4944824, 42.4894857], [1.4949313, 42.4903081], [1.495354, 42.4911121], [1.4960852, 42.491695], [1.4967842, 42.4923189], [1.4974853, 42.4929298], [1.4982056, 42.4935201], [1.4985208, 42.4943358], [1.4987874, 42.4950242], [1.4991887, 42.4956293], [1.5000181, 42.4960651], [1.5008369, 42.4965194], [1.5016701, 42.4968186], [1.5024777, 42.4972912], [1.5033288, 42.4976819], [1.5041734, 42.4980867], [1.5050325, 42.4984605], [1.5058725, 42.498874], [1.5067132, 42.4992872], [1.5075624, 42.4996831], [1.508385, 42.5001186], [1.5092286, 42.5005262], [1.5094201, 42.5006176], [1.509553, 42.5006737], [1.5104034, 42.5010669], [1.5112538, 42.5014602], [1.5104346, 42.501119], [1.5106758, 42.5012805], [1.5115306, 42.5016641], [1.5118068, 42.5018214], [1.5125804, 42.5023501], [1.513296, 42.5029483], [1.5139021, 42.5036472], [1.5145978, 42.5042745], [1.5151675, 42.5049826], [1.5159467, 42.5054138], [1.5167946, 42.5058102], [1.5176568, 42.5060408], [1.5183145, 42.5065377], [1.5190745, 42.5070331], [1.5199078, 42.5074256], [1.5208228, 42.5074999], [1.5217543, 42.5075164], [1.5225747, 42.5077416], [1.5234881, 42.5078039], [1.5244216, 42.5078054], [1.5247623, 42.5084116], [1.5256627, 42.5086703]], "mood_vectors": [[0.0301, 0.0817, 0.0728, 0.0121, 0.0557, 0.6989, 0.0487], [0.0308, 0.0506, 0.0263, 0.0251, 0.0362, 0.7531, 0.0778], [0.0724, 0.0162, 0.0253, 0.0714, 0.0325, 0.7485, 0.0337], [0.0249, 0.042, 0.0404, 0.0233, 0.0674, 0.7897, 0.0123], [0.08, 0.0587, 0.0711, 0.061, 0.0377, 0.6111, 0.0805], [0.0827, 0.0329, 0.0422, 0.0538, 0.0398, 0.7178, 0.0308], [0.023, 0.0344, 0.0398, 0.0514, 0.0866, 0.736, 0.0289], [0.0419, 0.0726, 0.064, 0.0393, 0.0494, 0.6901, 0.0427], [0.0604, 0.0704, 0.0621, 0.018, 0.0153, 0.718, 0.0557], [0.0742, 0.0745, 0.0747, 0.0226, 0.0187, 0.6565, 0.0787], [0.0543, 0.0716, 0.0196, 0.0329, 0.0185, 0.7334, 0.0696], [0.0636, 0.0455, 0.0289, 0.0352, 0.037, 0.7585, 0.0313], [0.0876, 0.0685, 0.0507, 0.0183, 0.0571, 0.6326, 0.0852], [0.049, 0.0769, 0.0436, 0.0375, 0.0487, 0.6914, 0.0529], [0.0832, 0.0542, 0.0127, 0.0291, 0.0637, 0.7344, 0.0228], [0.041, 0.0749, 0.0638, 0.0762, 0.0453, 0.6622, 0.0367], [0.0456, 0.0274, 0.0417, 0.062, 0.0704, 0.723, 0.0299], [0.0716, 0.0845, 0.0337, 0.0509, 0.0323, 0.6357, 0.0914], [0.054, 0.0356, 0.0833, 0.0355, 0.0423, 0.7198, 0.0296], [0.023, 0.051, 0.0459, 0.094, 0.0307, 0.7224, 0.033], [0.038, 0.0759, 0.025, 0.0285, 0.0745, 0.7363, 0.0219], [0.0568, 0.0615, 0.0931, 0.062, 0.0659, 0.608, 0.0527], [0.0632, 0.0439, 0.0256, 0.0481, 0.0346, 0.734, 0.0505], [0.0594, 0.044, 0.0336, 0.0777, 0.0487, 0.6842, 0.0525], [0.0711, 0.0842, 0.0434, 0.0634, 0.0549, 0.6397, 0.0432], [0.0777, 0.0182, 0.0441, 0.0381, 0.0695, 0.7093, 0.043], [0.0304, 0.0752, 0.0809, 0.0512, 0.0755, 0.6679, 0.0187], [0.0376, 0.033, 0.0642, 0.0559, 0.0188, 0.7484, 0.0422], [0.0227, 0.0421, 0.0545, 0.02, 0.0614, 0.7308, 0.0685], [0.0314, 0.0795, 0.0275, 0.0644, 0.0796, 0.6751, 0.0426], [0.0247, 0.0235, 0.0375, 0.0786, 0.049, 0.7076, 0.079], [0.0182, 0.0685, 0.0608, 0.0759, 0.0621, 0.6484, 0.0661], [0.0181, 0.0833, 0.0999, 0.0758, 0.0469, 0.6599, 0.0161], [0.0796, 0.0609, 0.0282, 0.0501, 0.0333, 0.7066, 0.0412], [0.0818, 0.042, 0.0707, 0.0644, 0.0593, 0.6537, 0.0281], [0.0565, 0.0342, 0.0794, 0.04, 0.0401, 0.7038, 0.0459], [0.029, 0.0138, 0.081, 0.0352, 0.0562, 0.7201, 0.0649], [0.0724, 0.0613, 0.0262, 0.0449, 0.0451, 0.717, 0.033], [0.0248, 0.031, 0.1, 0.0933, 0.0464, 0.6688, 0.0357], [0.0488, 0.0515, 0.0191, 0.0168, 0.0631, 0.7413, 0.0594], [0.0401, 0.0211, 0.0929, 0.0188, 0.0472, 0.7337, 0.0462], [0.0225, 0.0763, 0.027, 0.0447, 0.0427, 0.7171, 0.0697], [0.0492, 0.0409, 0.0711, 0.0232, 0.0722, 0.674, 0.0694], [0.0555, 0.0285, 0.0652, 0.0397, 0.049, 0.7098, 0.0523], [0.0664, 0.0133, 0.0779, 0.0287, 0.0418, 0.7312, 0.0407], [0.0689, 0.0547, 0.0424, 0.0171, 0.0778, 0.7026, 0.0364], [0.0603, 0.0705, 0.0467, 0.0706, 0.0424, 0.653, 0.0565], [0.0791, 0.0719, 0.0311, 0.0148, 0.0475, 0.6789, 0.0768], [0.0685, 0.0632, 0.0171, 0.0337, 0.0703, 0.7004, 0.0469], [0.0296, 0.0145, 0.0907, 0.0752, 0.0701, 0.6246, 0.0953], [0.0287, 0.0373, 0.0507, 0.0712, 0.0581, 0.7101, 0.0439], [0.0291, 0.0733, 0.0817, 0.0365, 0.0416, 0.6536, 0.0841], [0.0573, 0.0671, 0.061, 0.0613, 0.0593, 0.6609, 0.033], [0.0489, 0.0296, 0.0333, 0.0401, 0.0481, 0.7235, 0.0766], [0.0448, 0.0194, 0.0418, 0.069, 0.0311, 0.7163, 0.0776], [0.0352, 0.0275, 0.0333, 0.0602, 0.0795, 0.7402, 0.024], [0.0516, 0.0708, 0.0662, 0.0895, 0.0166, 0.6826, 0.0227], [0.0734, 0.0357, 0.0483, 0.0576, 0.0718, 0.6945, 0.0187], [0.0324, 0.0811, 0.0718, 0.02, 0.0418, 0.7283, 0.0245], [0.0577, 0.0375, 0.0482, 0.0202, 0.0949, 0.6472, 0.0943], [0.0764, 0.0232, 0.086, 0.0415, 0.0435, 0.6489, 0.0806], [0.0626, 0.0379, 0.0165, 0.0548, 0.0144, 0.7533, 0.0604], [0.065, 0.0391, 0.0479, 0.0577, 0.0455, 0.6797, 0.0651], [0.0653, 0.0526, 0.0391, 0.0688, 0.0322, 0.7198, 0.0221], [0.0177, 0.0807, 0.0785, 0.064, 0.0363, 0.647, 0.0759], [0.0441, 0.0716, 0.075, 0.0565, 0.0293, 0.6624, 0.0612], [0.0344, 0.0439, 0.06, 0.0256, 0.0174, 0.7478, 0.0709], [0.0422, 0.0531, 0.0829, 0.0575, 0.053, 0.6774, 0.0339], [0.0761, 0.0624, 0.0333, 0.0664, 0.0743, 0.6644, 0.0231], [0.0443, 0.0419, 0.034, 0.0747, 0.0876, 0.68, 0.0375], [0.0682, 0.0217, 0.0892, 0.0626, 0.0857, 0.6533, 0.0193], [0.0486, 0.0361, 0.0792, 0.0499, 0.0537, 0.7165, 0.016], [0.0465, 0.0699, 0.0901, 0.0896, 0.0321, 0.6493, 0.0225], [0.0621, 0.0201, 0.0272, 0.0707, 0.0735, 0.662, 0.0844], [0.0799, 0.0387, 0.0277, 0.0386, 0.0352, 0.7022, 0.0778], [0.0335, 0.0496, 0.0442, 0.088, 0.0669, 0.6732, 0.0445], [0.0494, 0.0722, 0.0452, 0.0625, 0.0683, 0.6327, 0.0697], [0.0822, 0.0818, 0.0451, 0.0351, 0.0695, 0.6209, 0.0654], [0.0834, 0.0696, 0.063, 0.0331, 0.0369, 0.6753, 0.0388], [0.0468, 0.03, 0.0712, 0.0524, 0.0711, 0.7069, 0.0216]], "emotions": ["purple", "purple", "purple", "purple", "purple", "purple", "purple", "purple", "purple", "purple", "purple", "purple", "purple", "purple", "purple", "purple", "purple", "purple", "purple", "purple", "purple", "purple", "purple", "purple", "purple", "purple", "purple", "purple", "purple", "purple", "purple", "purple", "purple", "purple", "purple", "purple", "purple", "purple", "purple", "purple", "purple", "purple", "purple", "purple", "purple", "purple", "purple", "purple", "purple", "purple", "purple", "purple", "purple", "purple", "purple", "purple", "purple", "purple", "purple", "purple", "purple", "purple", "purple", "purple", "purple", "purple", "purple", "purple", "purple", "purple", "purple", "purple", "purple", "purple", "purple", "purple", "purple", "purple", "purple", "purple"], "timestamps": [0, 40, 80, 120, 160, 200, 240, 280, 320, 360, 400, 440, 480, 520, 560, 600, 640, 680, 720, 760, 800, 840, 880, 920, 960, 1000, 1040, 1080, 1120, 1160, 1200, 1240, 1280, 1320, 1360, 1400, 1440, 1480, 1520, 1560, 1600, 1640, 1680, 1720, 1760, 1800, 1840, 1880, 1920, 1960, 2000, 2040, 2080, 2120, 2160, 2200, 2240, 2280, 2320, 2360, 2400, 2440, 2480, 2520, 2560, 2600, 2640, 2680, 2720, 2760, 2800, 2840, 2880, 2920, 2960, 3000, 3040, 3080, 3120, 3160]}], "conversation": [], "conversation_timestamps": []}