{"agent_id": "agent-blue-690", "type": "blue", "trips": [{"trip_id": 0, "transport_method": "car", "start_time": 0, "path": [[1.5361606, 42.5566754], [1.5352457, 42.5562917], [1.5343524, 42.5563031], [1.5332821, 42.5557278], [1.5326245, 42.555633], [1.531406, 42.5556707], [1.5302718, 42.555204], [1.5292544, 42.5545442], [1.5285126, 42.5535729], [1.5275932, 42.552757], [1.5266737, 42.5519411], [1.5272485, 42.5524497], [1.5282089, 42.5532149], [1.5282461, 42.5532576], [1.5274134, 42.5523534], [1.5265807, 42.5514492], [1.5262924, 42.5505019], [1.5256575, 42.549453], [1.5252223, 42.5483121], [1.5246663, 42.5472761], [1.5247331, 42.546352], [1.5241768, 42.5453784], [1.5236365, 42.5442895], [1.5233912, 42.5438264], [1.5229189, 42.5426933], [1.5229777, 42.541508], [1.5235014, 42.5406912], [1.5232223, 42.5399919], [1.5231442, 42.5387722], [1.5237373, 42.5378781], [1.5248889, 42.5376093], [1.5250537, 42.5368509], [1.523914, 42.5366209], [1.5229646, 42.536026], [1.5222075, 42.5350618], [1.521183, 42.5344187], [1.520834, 42.5334065], [1.5212848, 42.5324134], [1.5209851, 42.5313106], [1.5212874, 42.5303287], [1.521998, 42.5293837], [1.5212064, 42.5285659], [1.5206781, 42.5275121], [1.5207163, 42.5263103], [1.5207905, 42.526042], [1.5205836, 42.5272187], [1.5206836, 42.526477], [1.5207396, 42.5252513], [1.5209389, 42.524111], [1.5216866, 42.5231392], [1.5222341, 42.5220589], [1.5232049, 42.5213134], [1.5236684, 42.5201826], [1.5237398, 42.5202387], [1.5234541, 42.5208369], [1.5239084, 42.5196947], [1.5244565, 42.5186207], [1.5254499, 42.5179517], [1.5263732, 42.5171993], [1.5274326, 42.5166448], [1.5285455, 42.5161477], [1.5293479, 42.5152288], [1.5302485, 42.514419], [1.5303506, 42.5132766], [1.5309939, 42.5122403], [1.5300915, 42.5115679], [1.5295591, 42.5107231], [1.5289382, 42.5097693], [1.528893, 42.5097381], [1.529011, 42.5098438], [1.528119, 42.5089981], [1.5270241, 42.5085199], [1.5258196, 42.5083147], [1.524726, 42.5078705], [1.5235072, 42.5078026], [1.5224961, 42.507333], [1.5216878, 42.5066528], [1.5220283, 42.5065205], [1.5209599, 42.5059591], [1.5217472, 42.5062507]], "mood_vectors": [[0.0299, 0.0591, 0.0469, 0.7272, 0.026, 0.0737, 0.0371], [0.0275, 0.0411, 0.09, 0.7127, 0.0517, 0.0261, 0.0509], [0.0492, 0.0662, 0.0523, 0.7108, 0.0333, 0.0658, 0.0224], [0.0315, 0.0647, 0.0806, 0.7486, 0.0284, 0.0259, 0.0203], [0.0629, 0.066, 0.0392, 0.7124, 0.0691, 0.0368, 0.0136], [0.0629, 0.0221, 0.035, 0.7381, 0.0316, 0.0603, 0.05], [0.0752, 0.0179, 0.0213, 0.6858, 0.0577, 0.0692, 0.0729], [0.0408, 0.0636, 0.0797, 0.6535, 0.0804, 0.0364, 0.0457], [0.0413, 0.0322, 0.0391, 0.782, 0.0523, 0.0261, 0.0271], [0.0654, 0.0498, 0.0374, 0.6162, 0.0867, 0.0685, 0.0759], [0.0215, 0.0206, 0.0328, 0.7634, 0.0625, 0.0804, 0.0188], [0.0842, 0.0844, 0.0125, 0.6823, 0.0716, 0.0321, 0.0328], [0.0271, 0.0672, 0.032, 0.7395, 0.0436, 0.0767, 0.0139], [0.0636, 0.0298, 0.0847, 0.6725, 0.0461, 0.0403, 0.0631], [0.0391, 0.0851, 0.0241, 0.7965, 0.0174, 0.0164, 0.0213], [0.0784, 0.0297, 0.0478, 0.733, 0.0432, 0.0453, 0.0228], [0.0155, 0.0207, 0.0452, 0.7701, 0.0437, 0.0795, 0.0254], [0.0434, 0.072, 0.0817, 0.676, 0.0493, 0.0443, 0.0333], [0.0297, 0.066, 0.0482, 0.7483, 0.0209, 0.0684, 0.0186], [0.0398, 0.0171, 0.0595, 0.7089, 0.0376, 0.0746, 0.0625], [0.0699, 0.0325, 0.0344, 0.7491, 0.0282, 0.0585, 0.0274], [0.022, 0.0772, 0.0572, 0.7477, 0.0226, 0.017, 0.0563], [0.0665, 0.0399, 0.0876, 0.6878, 0.0194, 0.0838, 0.015], [0.0494, 0.0415, 0.0644, 0.7075, 0.0555, 0.0412, 0.0404], [0.0252, 0.0542, 0.0732, 0.6455, 0.0583, 0.0727, 0.0708], [0.028, 0.0314, 0.0844, 0.7392, 0.0387, 0.054, 0.0243], [0.0323, 0.0526, 0.0289, 0.6926, 0.0843, 0.0869, 0.0223], [0.0294, 0.0183, 0.0176, 0.8054, 0.0612, 0.0474, 0.0208], [0.0796, 0.0304, 0.0166, 0.7153, 0.0304, 0.0778, 0.0498], [0.0513, 0.0674, 0.0484, 0.6749, 0.0241, 0.0686, 0.0653], [0.0446, 0.0475, 0.049, 0.7229, 0.0602, 0.059, 0.0168], [0.0881, 0.0891, 0.0357, 0.58, 0.0605, 0.0876, 0.059], [0.0242, 0.0204, 0.0541, 0.7359, 0.0521, 0.0918, 0.0216], [0.0204, 0.0887, 0.0347, 0.6392, 0.0795, 0.0823, 0.0553], [0.0197, 0.0181, 0.0152, 0.7897, 0.0399, 0.0434, 0.074], [0.0671, 0.0592, 0.0686, 0.669, 0.0166, 0.0734, 0.046], [0.0787, 0.0626, 0.0265, 0.7352, 0.0548, 0.0242, 0.0179], [0.092, 0.0605, 0.0674, 0.6326, 0.0425, 0.0871, 0.0179], [0.0465, 0.0567, 0.0447, 0.7033, 0.0265, 0.0529, 0.0694], [0.0352, 0.015, 0.0309, 0.7487, 0.0318, 0.072, 0.0665], [0.0689, 0.0419, 0.0696, 0.6479, 0.081, 0.0624, 0.0283], [0.0295, 0.0427, 0.0545, 0.7237, 0.0766, 0.0547, 0.0182], [0.0243, 0.0457, 0.0754, 0.6919, 0.0721, 0.0446, 0.0461], [0.0405, 0.0421, 0.0133, 0.7115, 0.0774, 0.0395, 0.0758], [0.0353, 0.0316, 0.0599, 0.6896, 0.0717, 0.0692, 0.0427], [0.051, 0.0604, 0.0744, 0.6344, 0.0388, 0.0643, 0.0766], [0.0216, 0.0636, 0.0192, 0.8133, 0.0131, 0.0551, 0.014], [0.034, 0.0235, 0.0268, 0.7573, 0.0331, 0.0422, 0.0833], [0.0274, 0.0427, 0.0547, 0.6776, 0.0815, 0.0552, 0.0609], [0.0694, 0.0286, 0.0686, 0.6688, 0.0618, 0.0364, 0.0664], [0.0886, 0.0247, 0.0216, 0.7307, 0.0337, 0.0603, 0.0403], [0.0277, 0.0356, 0.0801, 0.7056, 0.0676, 0.0506, 0.0328], [0.0899, 0.0417, 0.0233, 0.6355, 0.0492, 0.0916, 0.0688], [0.0368, 0.0406, 0.0656, 0.6972, 0.0481, 0.08, 0.0317], [0.0179, 0.029, 0.0893, 0.7288, 0.0334, 0.0513, 0.0503], [0.0782, 0.0322, 0.0407, 0.747, 0.0411, 0.0323, 0.0284], [0.0435, 0.0681, 0.067, 0.6684, 0.0684, 0.0471, 0.0374], [0.0166, 0.0223, 0.0396, 0.7505, 0.0224, 0.0724, 0.0762], [0.096, 0.0151, 0.0589, 0.6455, 0.0231, 0.0774, 0.0839], [0.0797, 0.0201, 0.0503, 0.6862, 0.0697, 0.0803, 0.0137], [0.0569, 0.0146, 0.0371, 0.7525, 0.0271, 0.0773, 0.0344], [0.0394, 0.0745, 0.0653, 0.6943, 0.0447, 0.0436, 0.0381], [0.0518, 0.0493, 0.044, 0.675, 0.0817, 0.0735, 0.0246], [0.0597, 0.0167, 0.0788, 0.6967, 0.0584, 0.0192, 0.0705], [0.0807, 0.0712, 0.0438, 0.689, 0.0678, 0.0303, 0.0172], [0.0395, 0.0181, 0.0748, 0.7447, 0.0571, 0.0318, 0.034], [0.0515, 0.0512, 0.0387, 0.7335, 0.0411, 0.0307, 0.0533], [0.0421, 0.0594, 0.0202, 0.7635, 0.0288, 0.034, 0.0519], [0.0202, 0.0891, 0.0395, 0.716, 0.0451, 0.0546, 0.0355], [0.0107, 0.0582, 0.0595, 0.7287, 0.0564, 0.0559, 0.0306], [0.0437, 0.031, 0.0377, 0.7264, 0.0376, 0.0543, 0.0692], [0.0664, 0.0186, 0.0355, 0.7186, 0.0676, 0.043, 0.0504], [0.0198, 0.0689, 0.0282, 0.7348, 0.0589, 0.0691, 0.0202], [0.0653, 0.0572, 0.0843, 0.7047, 0.0305, 0.0135, 0.0445], [0.0322, 0.0727, 0.035, 0.7461, 0.0489, 0.0478, 0.0173], [0.041, 0.0194, 0.0412, 0.7868, 0.0265, 0.0175, 0.0677], [0.07, 0.0434, 0.017, 0.7182, 0.0748, 0.0409, 0.0356], [0.0849, 0.0521, 0.0301, 0.6699, 0.0421, 0.089, 0.0319], [0.0516, 0.0452, 0.0268, 0.7001, 0.0567, 0.075, 0.0446], [0.0332, 0.0301, 0.083, 0.6671, 0.0608, 0.0483, 0.0775]], "emotions": ["green", "green", "green", "green", "green", "green", "green", "green", "green", "green", "green", "green", "green", "green", "green", "green", "green", "green", "green", "green", "green", "green", "green", "green", "green", "green", "green", "green", "green", "green", "green", "green", "green", "green", "green", "green", "green", "green", "green", "green", "green", "green", "green", "green", "green", "green", "green", "green", "green", "green", "green", "green", "green", "green", "green", "green", "green", "green", "green", "green", "green", "green", "green", "green", "green", "green", "green", "green", "green", "green", "green", "green", "green", "green", "green", "green", "green", "green", "green", "green"], "timestamps": [0, 40, 80, 120, 160, 200, 240, 280, 320, 360, 400, 440, 480, 520, 560, 600, 640, 680, 720, 760, 800, 840, 880, 920, 960, 1000, 1040, 1080, 1120, 1160, 1200, 1240, 1280, 1320, 1360, 1400, 1440, 1480, 1520, 1560, 1600, 1640, 1680, 1720, 1760, 1800, 1840, 1880, 1920, 1960, 2000, 2040, 2080, 2120, 2160, 2200, 2240, 2280, 2320, 2360, 2400, 2440, 2480, 2520, 2560, 2600, 2640, 2680, 2720, 2760, 2800, 2840, 2880, 2920, 2960, 3000, 3040, 3080, 3120, 3160]}], "conversation": [], "conversation_timestamps": []}