{"agent_id": "agent-orange-1423", "type": "orange", "trips": [{"trip_id": 0, "transport_method": "foot", "start_time": 0, "path": [[1.5262049, 42.5068655], [1.526126, 42.5068798], [1.5260471, 42.506894], [1.5259682, 42.5069083], [1.5258892, 42.5069226], [1.5258103, 42.5069369], [1.5257314, 42.5069511], [1.5256525, 42.5069654], [1.5255736, 42.5069797], [1.5254947, 42.506994], [1.5254158, 42.5070082], [1.5253368, 42.5070223], [1.5252578, 42.5070358], [1.5251787, 42.5070493], [1.5251037, 42.5070344], [1.5250316, 42.5069994], [1.5249595, 42.5069644], [1.5248873, 42.5069294], [1.5248152, 42.5068944], [1.524743, 42.5068593], [1.5246639, 42.5068625], [1.524584, 42.5068696], [1.5245041, 42.5068767], [1.5244242, 42.5068838], [1.5243444, 42.5068909], [1.5242645, 42.506898], [1.5241862, 42.5068859], [1.5241087, 42.5068655], [1.5240311, 42.5068452], [1.5239535, 42.5068249], [1.5238759, 42.5068045], [1.5237984, 42.5067842], [1.5237208, 42.5067639], [1.5236432, 42.5067435], [1.5235657, 42.5067232], [1.5234881, 42.5067029], [1.5234105, 42.5066825], [1.5233324, 42.5066648], [1.5232534, 42.5066508], [1.5231744, 42.5066369], [1.5230955, 42.5066229], [1.5230165, 42.506609], [1.5229375, 42.506595], [1.5228586, 42.5065811], [1.5227801, 42.5065653], [1.5227033, 42.5065419], [1.5226266, 42.5065185], [1.5225499, 42.5064952], [1.5224732, 42.5064718], [1.5223965, 42.5064485], [1.5223198, 42.5064251], [1.5222431, 42.5064017], [1.5221663, 42.5063784], [1.5220896, 42.506355], [1.5220129, 42.5063317], [1.5219362, 42.5063083], [1.5218595, 42.5062849], [1.5217828, 42.5062616], [1.5217346, 42.5062918], [1.5217113, 42.5063685], [1.5216879, 42.5064453], [1.5216645, 42.506522], [1.5216412, 42.5065987], [1.5215634, 42.5066041], [1.5214833, 42.5066049], [1.5214059, 42.5066242], [1.5213514, 42.5066812], [1.5212938, 42.5067371], [1.5212358, 42.5067924], [1.5211774, 42.5068473], [1.521119, 42.5069023], [1.5210606, 42.5069572], [1.521002, 42.5070032], [1.5209413, 42.5069507], [1.5208807, 42.5068982], [1.5208201, 42.5068458], [1.5207594, 42.5067933], [1.5206988, 42.5067408], [1.5206381, 42.5066883], [1.5205775, 42.5066359]], "mood_vectors": [[0.0324, 0.0734, 0.0158, 0.0498, 0.6911, 0.0561, 0.0813], [0.045, 0.0757, 0.0206, 0.0294, 0.7166, 0.025, 0.0878], [0.0783, 0.068, 0.0513, 0.0714, 0.6007, 0.0604, 0.0699], [0.0353, 0.0504, 0.0807, 0.026, 0.7153, 0.0373, 0.0552], [0.052, 0.0431, 0.0592, 0.0182, 0.7043, 0.0297, 0.0934], [0.0153, 0.0821, 0.0647, 0.0223, 0.7457, 0.0338, 0.0361], [0.0267, 0.035, 0.0416, 0.072, 0.723, 0.0226, 0.079], [0.0756, 0.0774, 0.0288, 0.0314, 0.6579, 0.0769, 0.0521], [0.0743, 0.0543, 0.0535, 0.0784, 0.6697, 0.0382, 0.0315], [0.0429, 0.0566, 0.0634, 0.0271, 0.7477, 0.0273, 0.0351], [0.0654, 0.0477, 0.0348, 0.0782, 0.6316, 0.0705, 0.0718], [0.0204, 0.0223, 0.0267, 0.0886, 0.7675, 0.0505, 0.0241], [0.0451, 0.0461, 0.036, 0.0656, 0.7113, 0.0478, 0.0481], [0.0169, 0.0515, 0.0712, 0.036, 0.6985, 0.045, 0.0809], [0.0771, 0.0373, 0.0829, 0.0363, 0.6579, 0.0683, 0.0403], [0.0336, 0.0354, 0.0167, 0.0787, 0.7397, 0.0673, 0.0287], [0.0515, 0.0406, 0.0929, 0.0469, 0.6928, 0.0391, 0.0363], [0.0651, 0.075, 0.0572, 0.0448, 0.712, 0.0313, 0.0146], [0.0799, 0.0468, 0.0162, 0.0816, 0.6354, 0.0433, 0.0967], [0.0717, 0.0321, 0.046, 0.043, 0.6938, 0.0462, 0.0671], [0.0374, 0.0628, 0.0523, 0.0325, 0.6964, 0.1002, 0.0184], [0.0759, 0.0283, 0.0766, 0.0321, 0.692, 0.0467, 0.0484], [0.021, 0.0192, 0.0783, 0.0155, 0.806, 0.0371, 0.0229], [0.0464, 0.0273, 0.0398, 0.0674, 0.6599, 0.0842, 0.0749], [0.0368, 0.084, 0.0263, 0.0921, 0.6516, 0.0709, 0.0382], [0.0655, 0.0678, 0.0285, 0.0643, 0.678, 0.0287, 0.0672], [0.0478, 0.0728, 0.0175, 0.0251, 0.6966, 0.0611, 0.0791], [0.0449, 0.0479, 0.0768, 0.0708, 0.6425, 0.0511, 0.0659], [0.041, 0.076, 0.054, 0.0572, 0.7111, 0.0136, 0.047], [0.0583, 0.0175, 0.0479, 0.0726, 0.686, 0.0488, 0.069], [0.0438, 0.041, 0.0712, 0.0621, 0.7097, 0.0359, 0.0364], [0.0325, 0.0245, 0.0206, 0.074, 0.7189, 0.0539, 0.0756], [0.0636, 0.0271, 0.0825, 0.0235, 0.7064, 0.0255, 0.0714], [0.0535, 0.0598, 0.095, 0.0736, 0.6065, 0.0464, 0.0653], [0.0312, 0.0709, 0.0871, 0.0658, 0.6382, 0.0869, 0.0199], [0.0681, 0.0251, 0.0297, 0.0242, 0.6999, 0.0667, 0.0862], [0.0262, 0.0434, 0.0527, 0.0882, 0.6938, 0.0813, 0.0143], [0.0372, 0.0706, 0.0381, 0.0793, 0.6883, 0.0396, 0.0471], [0.0174, 0.0626, 0.0315, 0.0323, 0.7225, 0.0667, 0.0671], [0.0341, 0.0781, 0.0862, 0.0395, 0.6656, 0.0594, 0.0371], [0.0256, 0.063, 0.0393, 0.024, 0.6887, 0.0872, 0.0721], [0.0576, 0.0691, 0.0373, 0.0741, 0.6822, 0.0485, 0.0311], [0.0813, 0.0306, 0.0785, 0.0592, 0.6244, 0.0465, 0.0795], [0.031, 0.0516, 0.0867, 0.078, 0.6518, 0.0535, 0.0474], [0.0853, 0.0273, 0.0785, 0.0147, 0.6652, 0.089, 0.04], [0.0677, 0.0208, 0.0215, 0.0468, 0.6865, 0.0742, 0.0826], [0.0513, 0.0457, 0.0531, 0.0218, 0.7037, 0.0712, 0.0531], [0.0189, 0.0787, 0.0521, 0.079, 0.6565, 0.0797, 0.0353], [0.0652, 0.0548, 0.0625, 0.0266, 0.6962, 0.0503, 0.0445], [0.0382, 0.0279, 0.0864, 0.082, 0.6407, 0.0724, 0.0525], [0.0575, 0.026, 0.0152, 0.0604, 0.735, 0.0242, 0.0817], [0.0811, 0.0306, 0.0353, 0.0649, 0.7, 0.0642, 0.024], [0.0677, 0.0716, 0.0658, 0.025, 0.6617, 0.0821, 0.0263], [0.0702, 0.0587, 0.0313, 0.0253, 0.6756, 0.0541, 0.0847], [0.0243, 0.0442, 0.055, 0.0259, 0.7322, 0.0461, 0.0723], [0.0167, 0.0617, 0.0392, 0.084, 0.683, 0.0846, 0.0308], [0.061, 0.0454, 0.0832, 0.0661, 0.6263, 0.0867, 0.0313], [0.0629, 0.0198, 0.0577, 0.0646, 0.664, 0.0684, 0.0626], [0.0513, 0.0622, 0.0837, 0.091, 0.6071, 0.0747, 0.03], [0.0618, 0.0386, 0.0558, 0.015, 0.743, 0.0368, 0.0489], [0.0598, 0.0933, 0.0174, 0.0849, 0.6788, 0.0299, 0.036], [0.0429, 0.0631, 0.0291, 0.0338, 0.6795, 0.0745, 0.0771], [0.0592, 0.0674, 0.0346, 0.0742, 0.708, 0.0201, 0.0365], [0.0295, 0.0323, 0.0242, 0.0183, 0.7932, 0.0881, 0.0144], [0.0325, 0.0815, 0.0788, 0.0754, 0.6376, 0.0139, 0.0802], [0.0198, 0.0638, 0.0805, 0.0297, 0.6729, 0.0776, 0.0557], [0.0555, 0.0465, 0.0282, 0.0482, 0.6313, 0.0903, 0.1], [0.0369, 0.0163, 0.0761, 0.0225, 0.7804, 0.0275, 0.0404], [0.0469, 0.0608, 0.0402, 0.0465, 0.6877, 0.0588, 0.059], [0.0384, 0.0657, 0.0152, 0.018, 0.7309, 0.0683, 0.0636], [0.0507, 0.0412, 0.0223, 0.042, 0.7301, 0.0511, 0.0625], [0.0534, 0.0497, 0.0147, 0.0434, 0.7304, 0.0892, 0.019], [0.0915, 0.0881, 0.0495, 0.0172, 0.6605, 0.076, 0.0172], [0.077, 0.0892, 0.0438, 0.0797, 0.6119, 0.0196, 0.0788], [0.0457, 0.0384, 0.0657, 0.0649, 0.6935, 0.0238, 0.068], [0.0425, 0.0884, 0.083, 0.0409, 0.6662, 0.0316, 0.0475], [0.0942, 0.0229, 0.0923, 0.041, 0.6761, 0.0572, 0.0163], [0.0735, 0.0232, 0.0263, 0.0343, 0.7255, 0.0492, 0.0681], [0.0583, 0.0258, 0.017, 0.0802, 0.715, 0.031, 0.0727], [0.0564, 0.0547, 0.0314, 0.0723, 0.6296, 0.0867, 0.0689]], "emotions": ["red", "red", "red", "red", "red", "red", "red", "red", "red", "red", "red", "red", "red", "red", "red", "red", "red", "red", "red", "red", "red", "red", "red", "red", "red", "red", "red", "red", "red", "red", "red", "red", "red", "red", "red", "red", "red", "red", "red", "red", "red", "red", "red", "red", "red", "red", "red", "red", "red", "red", "red", "red", "red", "red", "red", "red", "red", "red", "red", "red", "red", "red", "red", "red", "red", "red", "red", "red", "red", "red", "red", "red", "red", "red", "red", "red", "red", "red", "red", "red"], "timestamps": [0, 40, 80, 120, 160, 200, 240, 280, 320, 360, 400, 440, 480, 520, 560, 600, 640, 680, 720, 760, 800, 840, 880, 920, 960, 1000, 1040, 1080, 1120, 1160, 1200, 1240, 1280, 1320, 1360, 1400, 1440, 1480, 1520, 1560, 1600, 1640, 1680, 1720, 1760, 1800, 1840, 1880, 1920, 1960, 2000, 2040, 2080, 2120, 2160, 2200, 2240, 2280, 2320, 2360, 2400, 2440, 2480, 2520, 2560, 2600, 2640, 2680, 2720, 2760, 2800, 2840, 2880, 2920, 2960, 3000, 3040, 3080, 3120, 3160]}], "conversation": [], "conversation_timestamps": []}