{"agent_id": "agent-red-541", "type": "red", "trips": [{"trip_id": 0, "transport_method": "foot", "start_time": 0, "path": [[1.5337299, 42.5556248], [1.5329101, 42.5556057], [1.5321653, 42.555663], [1.5311263, 42.5555907], [1.5301601, 42.5551543], [1.5292849, 42.5545797], [1.5286684, 42.5537213], [1.5278809, 42.5530124], [1.5270879, 42.5523086], [1.5266788, 42.5520055], [1.5275188, 42.5526519], [1.5283265, 42.5533356], [1.5282464, 42.5532579], [1.5275281, 42.552478], [1.5268099, 42.5516981], [1.5265852, 42.5509163], [1.5259702, 42.5500526], [1.5254859, 42.5491096], [1.5251107, 42.5481287], [1.5246712, 42.5472305], [1.5246603, 42.5462536], [1.5243331, 42.5456249], [1.5238449, 42.5446991], [1.523409, 42.5437419], [1.5232134, 42.5434347], [1.5229296, 42.5424341], [1.5230201, 42.5414261], [1.5234919, 42.5406151], [1.5232442, 42.5402355], [1.5231525, 42.5391852], [1.5232263, 42.5381478], [1.5241609, 42.5376646], [1.5251733, 42.5375375], [1.5249854, 42.5368154], [1.5239439, 42.5366262], [1.5230999, 42.5361724], [1.5224218, 42.5353606], [1.5216434, 42.5346861], [1.5209738, 42.5339617], [1.5210648, 42.5331708], [1.5211942, 42.5322523], [1.520993, 42.5312968], [1.5212467, 42.5304762], [1.5218366, 42.5296437], [1.5214779, 42.5289451], [1.5210314, 42.5280581], [1.520649, 42.5271366], [1.520735, 42.5260799], [1.5207803, 42.5261034], [1.5205792, 42.527112], [1.5206665, 42.5267523], [1.5207321, 42.525694], [1.5206649, 42.524657], [1.5212092, 42.523756], [1.5217874, 42.5228812], [1.5223159, 42.5219876], [1.5231676, 42.5213609], [1.5235931, 42.5203993], [1.5238321, 42.5198527], [1.5234668, 42.5208415], [1.5235569, 42.5203523], [1.5238404, 42.5193307], [1.5240592, 42.5182955], [1.5242508, 42.5172553], [1.5246521, 42.5162761], [1.5252591, 42.5154127], [1.5260529, 42.5147133], [1.5269789, 42.5142002], [1.5279388, 42.5137502], [1.5289063, 42.5133166], [1.5298799, 42.5128969], [1.5308457, 42.5124597], [1.5317947, 42.5119879], [1.5326171, 42.5113248], [1.5332561, 42.5104826], [1.5337807, 42.5098788], [1.5327442, 42.5096729], [1.5317394, 42.5093575], [1.5323105, 42.5090022], [1.5332403, 42.5090121]], "mood_vectors": [[0.7046, 0.0664, 0.0521, 0.0307, 0.09, 0.0303, 0.026], [0.6557, 0.0643, 0.0483, 0.0566, 0.0692, 0.0504, 0.0555], [0.751, 0.0177, 0.0766, 0.0493, 0.0722, 0.0126, 0.0206], [0.7351, 0.0466, 0.0635, 0.0782, 0.0292, 0.0287, 0.0187], [0.6867, 0.0665, 0.0551, 0.0653, 0.0146, 0.0757, 0.036], [0.6597, 0.0561, 0.0591, 0.0416, 0.0604, 0.0652, 0.058], [0.7613, 0.0676, 0.0431, 0.0384, 0.0292, 0.0152, 0.0452], [0.6676, 0.0791, 0.0218, 0.0917, 0.092, 0.015, 0.0329], [0.6537, 0.0964, 0.0582, 0.0689, 0.0657, 0.0208, 0.0363], [0.7484, 0.0433, 0.0272, 0.0836, 0.0259, 0.0176, 0.0539], [0.7645, 0.0271, 0.0244, 0.0556, 0.0286, 0.0666, 0.0332], [0.6968, 0.0409, 0.0495, 0.0699, 0.017, 0.0435, 0.0823], [0.6551, 0.0451, 0.0643, 0.0748, 0.0223, 0.0644, 0.074], [0.756, 0.0569, 0.0439, 0.0264, 0.0493, 0.0224, 0.0451], [0.6403, 0.0605, 0.0494, 0.057, 0.0693, 0.0608, 0.0627], [0.6838, 0.0352, 0.0727, 0.0229, 0.0688, 0.0617, 0.0548], [0.7249, 0.0516, 0.0131, 0.0149, 0.0823, 0.0563, 0.0569], [0.7694, 0.0353, 0.0165, 0.0566, 0.0533, 0.057, 0.0119], [0.6107, 0.0305, 0.0798, 0.0677, 0.0832, 0.0585, 0.0696], [0.7136, 0.0777, 0.0345, 0.04, 0.0643, 0.0269, 0.043], [0.6394, 0.0884, 0.0575, 0.0313, 0.0652, 0.087, 0.0311], [0.6791, 0.0681, 0.0413, 0.0714, 0.0337, 0.0769, 0.0293], [0.6352, 0.0523, 0.0795, 0.0494, 0.0428, 0.0785, 0.0621], [0.7047, 0.0286, 0.0401, 0.0452, 0.0746, 0.0676, 0.0392], [0.6844, 0.0433, 0.0251, 0.0622, 0.0208, 0.0791, 0.0849], [0.7107, 0.0687, 0.0214, 0.0271, 0.0602, 0.0541, 0.0578], [0.6817, 0.0628, 0.0351, 0.0851, 0.0518, 0.0516, 0.0318], [0.7167, 0.064, 0.0423, 0.0733, 0.0145, 0.0559, 0.0333], [0.6358, 0.0877, 0.083, 0.0778, 0.0206, 0.0669, 0.0281], [0.609, 0.0868, 0.0612, 0.0809, 0.0555, 0.0235, 0.0831], [0.7314, 0.0805, 0.0182, 0.0701, 0.0369, 0.0377, 0.0252], [0.7213, 0.0849, 0.0497, 0.0292, 0.0154, 0.0559, 0.0437], [0.6916, 0.0434, 0.0746, 0.0359, 0.0294, 0.0651, 0.06], [0.7397, 0.011, 0.0368, 0.0421, 0.0683, 0.0464, 0.0557], [0.7061, 0.0481, 0.0746, 0.0314, 0.0524, 0.0593, 0.0281], [0.6788, 0.0479, 0.0539, 0.068, 0.0653, 0.0235, 0.0625], [0.6886, 0.0542, 0.041, 0.0728, 0.0384, 0.0551, 0.0498], [0.7321, 0.0171, 0.0611, 0.0544, 0.0618, 0.0153, 0.0582], [0.7601, 0.0464, 0.017, 0.0366, 0.0521, 0.0726, 0.0154], [0.6817, 0.0738, 0.0265, 0.0718, 0.0427, 0.0428, 0.0606], [0.7288, 0.0792, 0.0655, 0.022, 0.0383, 0.0358, 0.0305], [0.7155, 0.0264, 0.0355, 0.0638, 0.0535, 0.082, 0.0233], [0.7905, 0.0295, 0.0609, 0.0126, 0.0594, 0.0264, 0.0206], [0.7875, 0.0156, 0.0135, 0.0781, 0.0488, 0.0424, 0.0141], [0.7321, 0.0763, 0.0616, 0.0468, 0.0188, 0.0201, 0.0444], [0.6808, 0.0758, 0.0521, 0.0316, 0.0178, 0.0565, 0.0853], [0.6894, 0.0526, 0.0553, 0.0409, 0.06, 0.0325, 0.0693], [0.7631, 0.0688, 0.0473, 0.0182, 0.0616, 0.027, 0.014], [0.679, 0.0912, 0.0289, 0.0233, 0.0837, 0.0791, 0.0147], [0.7492, 0.0513, 0.082, 0.0164, 0.0481, 0.014, 0.0391], [0.7749, 0.0173, 0.0705, 0.0186, 0.0154, 0.0793, 0.0241], [0.6897, 0.0574, 0.0309, 0.0313, 0.041, 0.0796, 0.0702], [0.7197, 0.0562, 0.0506, 0.012, 0.0622, 0.0264, 0.0729], [0.7167, 0.0754, 0.0674, 0.0186, 0.0366, 0.0267, 0.0585], [0.6349, 0.0589, 0.0736, 0.0635, 0.0776, 0.0708, 0.0207], [0.7408, 0.0814, 0.0284, 0.0677, 0.0372, 0.0319, 0.0125], [0.7264, 0.0485, 0.0364, 0.0614, 0.0518, 0.017, 0.0585], [0.6793, 0.025, 0.0352, 0.0612, 0.0666, 0.062, 0.0709], [0.6984, 0.0327, 0.0438, 0.0526, 0.035, 0.0609, 0.0765], [0.6662, 0.0827, 0.0729, 0.0419, 0.0678, 0.044, 0.0246], [0.714, 0.0366, 0.0713, 0.0646, 0.0132, 0.0433, 0.0569], [0.702, 0.0499, 0.0443, 0.0707, 0.0561, 0.0166, 0.0605], [0.7773, 0.013, 0.0669, 0.0127, 0.019, 0.0396, 0.0715], [0.702, 0.0875, 0.0197, 0.0782, 0.0303, 0.0439, 0.0384], [0.702, 0.0224, 0.0557, 0.041, 0.0637, 0.042, 0.0731], [0.7116, 0.0559, 0.0501, 0.0403, 0.0718, 0.0193, 0.051], [0.6136, 0.0527, 0.0702, 0.0823, 0.0566, 0.0526, 0.0722], [0.7002, 0.0272, 0.0396, 0.0734, 0.0464, 0.0359, 0.0773], [0.6837, 0.0759, 0.0751, 0.0686, 0.0111, 0.053, 0.0327], [0.6516, 0.0814, 0.0441, 0.0694, 0.0389, 0.0644, 0.0502], [0.678, 0.0681, 0.0775, 0.0644, 0.0156, 0.0272, 0.0692], [0.6926, 0.0363, 0.0499, 0.0272, 0.1023, 0.0328, 0.0589], [0.6183, 0.0826, 0.0646, 0.0973, 0.0351, 0.0267, 0.0754], [0.6939, 0.0157, 0.0704, 0.0741, 0.0474, 0.0264, 0.0722], [0.7112, 0.0239, 0.0626, 0.0294, 0.0675, 0.0666, 0.0388], [0.6805, 0.0297, 0.0341, 0.0426, 0.0795, 0.0947, 0.0389], [0.7589, 0.0207, 0.0415, 0.0441, 0.0238, 0.066, 0.045], [0.6599, 0.0437, 0.068, 0.0624, 0.0555, 0.0538, 0.0566], [0.7857, 0.0163, 0.0624, 0.0209, 0.023, 0.0271, 0.0647], [0.7244, 0.0365, 0.0316, 0.0324, 0.0654, 0.0609, 0.0488]], "emotions": ["red", "red", "red", "red", "red", "red", "red", "red", "red", "red", "red", "red", "red", "red", "red", "red", "red", "red", "red", "red", "red", "red", "red", "red", "red", "red", "red", "red", "red", "red", "red", "red", "red", "red", "red", "red", "red", "red", "red", "red", "red", "red", "red", "red", "red", "red", "red", "red", "red", "red", "red", "red", "red", "red", "red", "red", "red", "red", "red", "red", "red", "red", "red", "red", "red", "red", "red", "red", "red", "red", "red", "red", "red", "red", "red", "red", "red", "red", "red", "red"], "timestamps": [0, 40, 80, 120, 160, 200, 240, 280, 320, 360, 400, 440, 480, 520, 560, 600, 640, 680, 720, 760, 800, 840, 880, 920, 960, 1000, 1040, 1080, 1120, 1160, 1200, 1240, 1280, 1320, 1360, 1400, 1440, 1480, 1520, 1560, 1600, 1640, 1680, 1720, 1760, 1800, 1840, 1880, 1920, 1960, 2000, 2040, 2080, 2120, 2160, 2200, 2240, 2280, 2320, 2360, 2400, 2440, 2480, 2520, 2560, 2600, 2640, 2680, 2720, 2760, 2800, 2840, 2880, 2920, 2960, 3000, 3040, 3080, 3120, 3160]}], "conversation": [], "conversation_timestamps": []}