{"agent_id": "agent-orange-113", "type": "orange", "trips": [{"trip_id": 0, "transport_method": "foot", "start_time": 0, "path": [[1.5319592, 42.5528139], [1.5310531, 42.553032], [1.5293181, 42.552873], [1.5296742, 42.5528475], [1.528184, 42.5523322], [1.5286493, 42.5534681], [1.5278426, 42.5523836], [1.5266327, 42.551959], [1.5280156, 42.5530383], [1.528067, 42.5530632], [1.5268778, 42.5517719], [1.5262412, 42.5504308], [1.5253948, 42.5488993], [1.5246658, 42.547365], [1.5245802, 42.5460597], [1.5237639, 42.5445227], [1.5232837, 42.5435894], [1.5228327, 42.5419188], [1.5235118, 42.5407741], [1.5231463, 42.5393892], [1.5236522, 42.5379154], [1.5251905, 42.5374233], [1.524182, 42.5366531], [1.5227844, 42.5358438], [1.5215593, 42.5346526], [1.5208998, 42.5333621], [1.5209864, 42.531887], [1.5212612, 42.5304224], [1.5216966, 42.5291514], [1.5208617, 42.5277134], [1.5207367, 42.526059], [1.520623, 42.5267755], [1.5206882, 42.5264018], [1.520661, 42.5246704], [1.521639, 42.5232285], [1.5225743, 42.5218059], [1.5235771, 42.5204454], [1.5236396, 42.5204656], [1.5237403, 42.5201175], [1.5245115, 42.5185755], [1.5258534, 42.5175111], [1.5273503, 42.5167106], [1.5288522, 42.5158628], [1.530036, 42.5146048], [1.5304475, 42.5130556], [1.5305338, 42.5116896], [1.5295962, 42.5106682], [1.5285102, 42.5093582], [1.5290905, 42.5099192], [1.527789, 42.5087453], [1.526093, 42.5083986], [1.5244918, 42.5078189], [1.5227639, 42.507758], [1.521131, 42.5075096], [1.5194561, 42.5072235], [1.5185291, 42.50655], [1.5169863, 42.5058775], [1.5153651, 42.5052161], [1.5145919, 42.5042699], [1.5133885, 42.5030092], [1.5120019, 42.5019444], [1.5104633, 42.501127], [1.5088944, 42.5003642], [1.5073332, 42.4995762], [1.5057538, 42.4988107], [1.5041586, 42.4980803], [1.5025682, 42.4973395], [1.5009862, 42.4966397], [1.4999392, 42.4960193], [1.4987785, 42.4950499], [1.4979152, 42.493943], [1.4963779, 42.493414], [1.4947336, 42.4932627], [1.493335, 42.4923414], [1.4925075, 42.491024], [1.4911467, 42.489944], [1.4904101, 42.4887634], [1.4903808, 42.4877957], [1.4894743, 42.486326], [1.4901698, 42.4872886]], "mood_vectors": [[0.0545, 0.0638, 0.0787, 0.0467, 0.6681, 0.0731, 0.0151], [0.0339, 0.0158, 0.0226, 0.0201, 0.8129, 0.0648, 0.03], [0.0233, 0.0654, 0.0757, 0.0254, 0.6913, 0.0704, 0.0485], [0.0437, 0.0923, 0.0237, 0.0585, 0.6904, 0.0517, 0.0395], [0.0154, 0.0611, 0.0351, 0.0565, 0.7161, 0.0477, 0.0682], [0.0452, 0.0328, 0.0548, 0.0622, 0.7133, 0.0216, 0.0701], [0.082, 0.0802, 0.0672, 0.0161, 0.7049, 0.027, 0.0225], [0.0492, 0.0667, 0.0852, 0.0836, 0.6227, 0.0326, 0.06], [0.0379, 0.0278, 0.0401, 0.094, 0.7277, 0.0419, 0.0305], [0.0309, 0.025, 0.0136, 0.0558, 0.7817, 0.0651, 0.0279], [0.0809, 0.0816, 0.0434, 0.0164, 0.7207, 0.0139, 0.0431], [0.0347, 0.0338, 0.0269, 0.0227, 0.7609, 0.0895, 0.0315], [0.0552, 0.0805, 0.0442, 0.0829, 0.6049, 0.0775, 0.0549], [0.0223, 0.0557, 0.0759, 0.0819, 0.6461, 0.0857, 0.0324], [0.0459, 0.0441, 0.0342, 0.0534, 0.7077, 0.0672, 0.0475], [0.0126, 0.0279, 0.0535, 0.0587, 0.7313, 0.0527, 0.0634], [0.0354, 0.0467, 0.0508, 0.0459, 0.7447, 0.0576, 0.0188], [0.0494, 0.0745, 0.0296, 0.0236, 0.7117, 0.0854, 0.0259], [0.0373, 0.0232, 0.0204, 0.0949, 0.7187, 0.0298, 0.0758], [0.0314, 0.0603, 0.0829, 0.0344, 0.7045, 0.0155, 0.0711], [0.0581, 0.0293, 0.0223, 0.0524, 0.7573, 0.0128, 0.0677], [0.0737, 0.0894, 0.0712, 0.0844, 0.5822, 0.0786, 0.0205], [0.0712, 0.0612, 0.0301, 0.0415, 0.6697, 0.0524, 0.0738], [0.0755, 0.0854, 0.0548, 0.0639, 0.5936, 0.0436, 0.0831], [0.0232, 0.056, 0.0515, 0.0457, 0.6902, 0.0719, 0.0616], [0.0703, 0.0364, 0.072, 0.0507, 0.6448, 0.0615, 0.0642], [0.04, 0.0684, 0.0805, 0.015, 0.7367, 0.0215, 0.0379], [0.0366, 0.0279, 0.0836, 0.0264, 0.7344, 0.074, 0.017], [0.0358, 0.0465, 0.0361, 0.0441, 0.7511, 0.0699, 0.0165], [0.0814, 0.0592, 0.0219, 0.0795, 0.6096, 0.0698, 0.0786], [0.0433, 0.0284, 0.0668, 0.0383, 0.7191, 0.0557, 0.0483], [0.0763, 0.057, 0.0842, 0.0844, 0.5877, 0.0439, 0.0666], [0.0133, 0.0224, 0.0147, 0.037, 0.8492, 0.026, 0.0375], [0.0674, 0.0348, 0.0495, 0.062, 0.6978, 0.0581, 0.0303], [0.0427, 0.0225, 0.0174, 0.0647, 0.6816, 0.0878, 0.0833], [0.0386, 0.0192, 0.0314, 0.0177, 0.8074, 0.0428, 0.0429], [0.028, 0.0425, 0.0252, 0.0188, 0.78, 0.0509, 0.0545], [0.0908, 0.0509, 0.0173, 0.0298, 0.6288, 0.0938, 0.0886], [0.0254, 0.0487, 0.0617, 0.053, 0.6981, 0.0625, 0.0506], [0.0557, 0.0395, 0.0752, 0.0151, 0.6716, 0.0686, 0.0744], [0.0634, 0.0527, 0.0197, 0.0247, 0.7529, 0.0249, 0.0616], [0.0606, 0.021, 0.0759, 0.0212, 0.6773, 0.062, 0.0821], [0.0496, 0.0432, 0.0259, 0.0369, 0.7767, 0.0215, 0.0462], [0.056, 0.0627, 0.0224, 0.0759, 0.7294, 0.0217, 0.0319], [0.0595, 0.0514, 0.0849, 0.0514, 0.6074, 0.0679, 0.0774], [0.0372, 0.0467, 0.0698, 0.0472, 0.6837, 0.0344, 0.081], [0.0551, 0.0731, 0.0186, 0.0509, 0.7034, 0.0622, 0.0367], [0.065, 0.0547, 0.0936, 0.0389, 0.6864, 0.0475, 0.014], [0.0154, 0.0787, 0.0335, 0.0654, 0.6704, 0.0922, 0.0444], [0.0674, 0.0754, 0.0585, 0.0819, 0.6667, 0.0233, 0.0269], [0.0489, 0.0673, 0.069, 0.0163, 0.6754, 0.0544, 0.0686], [0.0282, 0.0135, 0.0239, 0.0451, 0.7401, 0.0823, 0.0669], [0.0398, 0.0213, 0.0577, 0.0141, 0.7199, 0.0747, 0.0725], [0.0704, 0.0113, 0.0242, 0.0265, 0.7593, 0.0453, 0.063], [0.0544, 0.0328, 0.0163, 0.0143, 0.7713, 0.0396, 0.0713], [0.0288, 0.0703, 0.0701, 0.0609, 0.6655, 0.0661, 0.0383], [0.064, 0.0766, 0.0363, 0.0163, 0.733, 0.0476, 0.0262], [0.0686, 0.0296, 0.0669, 0.0583, 0.7002, 0.0322, 0.0442], [0.0123, 0.0172, 0.0684, 0.0534, 0.7503, 0.0667, 0.0317], [0.0634, 0.0799, 0.0557, 0.0176, 0.7212, 0.029, 0.0333], [0.0381, 0.0169, 0.0504, 0.0655, 0.7145, 0.0616, 0.0529], [0.0525, 0.0479, 0.0902, 0.0569, 0.6272, 0.0505, 0.0749], [0.0444, 0.0645, 0.0871, 0.0377, 0.7111, 0.0231, 0.0322], [0.0408, 0.0307, 0.0159, 0.0437, 0.7431, 0.0783, 0.0474], [0.0236, 0.0535, 0.0774, 0.0652, 0.6535, 0.0464, 0.0804], [0.0442, 0.0581, 0.0664, 0.0111, 0.7458, 0.0536, 0.0208], [0.0589, 0.0205, 0.084, 0.0175, 0.7176, 0.0271, 0.0743], [0.0148, 0.0261, 0.0145, 0.0282, 0.8277, 0.0387, 0.0501], [0.0646, 0.049, 0.0351, 0.0252, 0.7101, 0.0704, 0.0454], [0.0639, 0.0638, 0.0164, 0.0787, 0.678, 0.067, 0.0323], [0.0469, 0.0625, 0.0728, 0.0662, 0.697, 0.0243, 0.0304], [0.0719, 0.0277, 0.0211, 0.0754, 0.7177, 0.0366, 0.0497], [0.0252, 0.0533, 0.0235, 0.0748, 0.7425, 0.0338, 0.0468], [0.0129, 0.0592, 0.0196, 0.0718, 0.7015, 0.0765, 0.0585], [0.0564, 0.0588, 0.0385, 0.0158, 0.7269, 0.0289, 0.0746], [0.0564, 0.0339, 0.0162, 0.03, 0.7475, 0.0589, 0.0571], [0.0164, 0.088, 0.0788, 0.0597, 0.661, 0.0172, 0.0789], [0.0842, 0.029, 0.088, 0.0713, 0.6381, 0.0131, 0.0762], [0.0291, 0.0198, 0.045, 0.0524, 0.7303, 0.0577, 0.0657], [0.0699, 0.058, 0.0531, 0.0698, 0.6517, 0.06, 0.0376]], "emotions": ["red", "red", "red", "red", "red", "red", "red", "red", "red", "red", "red", "red", "red", "red", "red", "red", "red", "red", "red", "red", "red", "red", "red", "red", "red", "red", "red", "red", "red", "red", "red", "red", "red", "red", "red", "red", "red", "red", "red", "red", "red", "red", "red", "red", "red", "red", "red", "red", "red", "red", "red", "red", "red", "red", "red", "red", "red", "red", "red", "red", "red", "red", "red", "red", "red", "red", "red", "red", "red", "red", "red", "red", "red", "red", "red", "red", "red", "red", "red", "red"], "timestamps": [0, 40, 80, 120, 160, 200, 240, 280, 320, 360, 400, 440, 480, 520, 560, 600, 640, 680, 720, 760, 800, 840, 880, 920, 960, 1000, 1040, 1080, 1120, 1160, 1200, 1240, 1280, 1320, 1360, 1400, 1440, 1480, 1520, 1560, 1600, 1640, 1680, 1720, 1760, 1800, 1840, 1880, 1920, 1960, 2000, 2040, 2080, 2120, 2160, 2200, 2240, 2280, 2320, 2360, 2400, 2440, 2480, 2520, 2560, 2600, 2640, 2680, 2720, 2760, 2800, 2840, 2880, 2920, 2960, 3000, 3040, 3080, 3120, 3160]}], "conversation": [], "conversation_timestamps": []}