{"agent_id": "agent-orange-1718", "type": "orange", "trips": [{"trip_id": 0, "transport_method": "car", "start_time": 0, "path": [[1.5239127, 42.5342399], [1.5236011, 42.5343863], [1.5232912, 42.5345311], [1.5235203, 42.5346348], [1.5238529, 42.534547], [1.5241927, 42.5344939], [1.5244841, 42.5343959], [1.5242943, 42.5346313], [1.5239621, 42.5346917], [1.523696, 42.5348886], [1.5238322, 42.5351921], [1.524102, 42.535384], [1.5244383, 42.5354556], [1.5244954, 42.5355932], [1.5241618, 42.5355869], [1.5242858, 42.5358216], [1.5244242, 42.5360549], [1.5244428, 42.5362685], [1.5247326, 42.5364096], [1.5249224, 42.5366624], [1.525052, 42.5368513], [1.5251136, 42.5371063], [1.52513, 42.5373365], [1.5250772, 42.5375948], [1.5247421, 42.537581], [1.5244001, 42.5375702], [1.5240907, 42.5377131], [1.523781, 42.5378611], [1.5234821, 42.5380266], [1.5232065, 42.5381988], [1.5231257, 42.5385318], [1.5230153, 42.5388363], [1.5227307, 42.5390032], [1.5224502, 42.5391914], [1.5224157, 42.539483], [1.5222131, 42.5397557], [1.5222, 42.5400631], [1.5221047, 42.540373], [1.5219596, 42.5406768], [1.5216858, 42.5408651], [1.5214666, 42.5411306], [1.5212475, 42.5413961], [1.5210941, 42.5416184], [1.5214339, 42.5415678], [1.5216196, 42.5413554], [1.5216703, 42.5410154], [1.5215603, 42.540995], [1.5213219, 42.5412434], [1.5210835, 42.5414917], [1.5208451, 42.54174], [1.5205687, 42.5419443], [1.5202877, 42.5421431], [1.5199632, 42.5422292], [1.5196331, 42.5423208], [1.5193294, 42.5424819], [1.5190577, 42.5426923], [1.5188663, 42.5429514], [1.5188574, 42.5430225], [1.5188269, 42.5429596], [1.5186868, 42.543274], [1.5184766, 42.5435378], [1.518254, 42.5437928], [1.5181787, 42.5441257], [1.5181524, 42.5444586], [1.5179832, 42.5445152], [1.5176391, 42.544508], [1.5173448, 42.5445055], [1.5176841, 42.5445636], [1.5180252, 42.5445452], [1.5180901, 42.5445232], [1.5177459, 42.5445303], [1.5174017, 42.5445373], [1.5170576, 42.5445444], [1.5167174, 42.5445808], [1.5163977, 42.5447068], [1.5160589, 42.5447478], [1.5157185, 42.5447979], [1.5153786, 42.5448526], [1.5151052, 42.5446895], [1.5153212, 42.5444244]], "mood_vectors": [[0.0622, 0.0485, 0.0427, 0.0781, 0.6625, 0.0421, 0.0639], [0.0666, 0.0571, 0.0445, 0.0678, 0.6987, 0.0524, 0.0129], [0.0694, 0.0706, 0.0567, 0.0279, 0.6638, 0.0463, 0.0654], [0.0356, 0.0643, 0.0215, 0.0729, 0.655, 0.0515, 0.0992], [0.05, 0.0149, 0.0408, 0.0662, 0.7193, 0.065, 0.0438], [0.079, 0.0244, 0.0634, 0.0806, 0.6329, 0.064, 0.0556], [0.0383, 0.0918, 0.0373, 0.0341, 0.73, 0.0407, 0.0279], [0.0263, 0.0357, 0.0153, 0.0227, 0.7929, 0.0646, 0.0426], [0.0752, 0.0676, 0.0398, 0.0753, 0.6855, 0.0265, 0.0301], [0.0305, 0.0659, 0.0384, 0.0685, 0.7347, 0.0198, 0.0421], [0.0759, 0.0626, 0.0725, 0.0635, 0.6623, 0.0122, 0.051], [0.0485, 0.0385, 0.0227, 0.0612, 0.7163, 0.0749, 0.0381], [0.0468, 0.039, 0.0636, 0.0669, 0.6581, 0.0651, 0.0605], [0.0785, 0.0341, 0.0778, 0.0326, 0.6323, 0.0546, 0.0902], [0.0448, 0.0511, 0.0324, 0.0669, 0.7185, 0.0389, 0.0474], [0.0125, 0.0287, 0.0283, 0.0586, 0.7361, 0.0668, 0.0691], [0.0487, 0.029, 0.0796, 0.0641, 0.6402, 0.0631, 0.0753], [0.0372, 0.029, 0.0517, 0.0287, 0.7539, 0.0428, 0.0566], [0.0573, 0.0728, 0.0475, 0.0212, 0.6773, 0.0672, 0.0567], [0.0323, 0.0727, 0.0187, 0.045, 0.7542, 0.0303, 0.0468], [0.0329, 0.0309, 0.0781, 0.0371, 0.6842, 0.0523, 0.0845], [0.0627, 0.0264, 0.0579, 0.0475, 0.7038, 0.0349, 0.0667], [0.0261, 0.047, 0.0849, 0.0345, 0.6984, 0.0486, 0.0605], [0.0857, 0.0788, 0.0812, 0.0477, 0.6304, 0.021, 0.0552], [0.0756, 0.06, 0.0357, 0.037, 0.6995, 0.0734, 0.0187], [0.0708, 0.066, 0.0535, 0.0176, 0.698, 0.0413, 0.0528], [0.0828, 0.0648, 0.0211, 0.0745, 0.5897, 0.0835, 0.0835], [0.0714, 0.0572, 0.0548, 0.0443, 0.6265, 0.0731, 0.0727], [0.0449, 0.0523, 0.0477, 0.0411, 0.722, 0.0183, 0.0736], [0.0567, 0.0229, 0.0304, 0.017, 0.7551, 0.0533, 0.0645], [0.0756, 0.0958, 0.0175, 0.0391, 0.6497, 0.062, 0.0602], [0.0142, 0.0368, 0.0456, 0.0607, 0.712, 0.0893, 0.0414], [0.0519, 0.0307, 0.0428, 0.0625, 0.7583, 0.0309, 0.023], [0.0744, 0.0657, 0.0274, 0.0336, 0.7253, 0.046, 0.0275], [0.0412, 0.0668, 0.0741, 0.0816, 0.6862, 0.028, 0.0221], [0.0175, 0.045, 0.0271, 0.0546, 0.7666, 0.0453, 0.0439], [0.0582, 0.0456, 0.0534, 0.068, 0.7105, 0.0473, 0.0171], [0.0229, 0.0856, 0.0417, 0.072, 0.6662, 0.0873, 0.0243], [0.0718, 0.0259, 0.018, 0.0282, 0.7364, 0.0598, 0.06], [0.078, 0.0717, 0.0131, 0.0493, 0.6605, 0.0758, 0.0517], [0.0891, 0.0746, 0.0363, 0.0787, 0.677, 0.0157, 0.0285], [0.0747, 0.0518, 0.0642, 0.0733, 0.5994, 0.0807, 0.0559], [0.0126, 0.0563, 0.0741, 0.049, 0.7583, 0.0297, 0.0199], [0.0871, 0.0276, 0.0257, 0.059, 0.6631, 0.0492, 0.0883], [0.0775, 0.0153, 0.0439, 0.0757, 0.7066, 0.031, 0.05], [0.0431, 0.0393, 0.0578, 0.0328, 0.7396, 0.0522, 0.0354], [0.0765, 0.0603, 0.0494, 0.049, 0.6755, 0.0626, 0.0267], [0.0473, 0.0826, 0.0666, 0.0702, 0.6288, 0.0681, 0.0364], [0.0297, 0.0791, 0.0363, 0.0469, 0.7483, 0.0363, 0.0235], [0.0582, 0.0694, 0.0305, 0.0574, 0.7016, 0.0541, 0.0288], [0.0859, 0.0467, 0.0319, 0.0418, 0.7116, 0.0325, 0.0496], [0.044, 0.0742, 0.0365, 0.0502, 0.6996, 0.0794, 0.0162], [0.0167, 0.0772, 0.0766, 0.0557, 0.6639, 0.0542, 0.0557], [0.0825, 0.0679, 0.0392, 0.069, 0.613, 0.0636, 0.0647], [0.0724, 0.0844, 0.0441, 0.0351, 0.6798, 0.0292, 0.0549], [0.0689, 0.0533, 0.029, 0.0277, 0.7005, 0.0651, 0.0555], [0.0727, 0.013, 0.065, 0.0785, 0.6925, 0.0207, 0.0575], [0.0606, 0.0182, 0.0784, 0.0615, 0.7266, 0.0248, 0.0299], [0.0244, 0.0761, 0.0769, 0.0387, 0.6529, 0.0636, 0.0675], [0.0313, 0.0625, 0.0861, 0.0243, 0.7063, 0.0229, 0.0667], [0.0589, 0.0408, 0.033, 0.0354, 0.7859, 0.0253, 0.0208], [0.0225, 0.0818, 0.0414, 0.0189, 0.7733, 0.0392, 0.0229], [0.0416, 0.0656, 0.0374, 0.0352, 0.6862, 0.0399, 0.0941], [0.0792, 0.0402, 0.0679, 0.0625, 0.6586, 0.0512, 0.0403], [0.0641, 0.0276, 0.0368, 0.0844, 0.6554, 0.0445, 0.0871], [0.0462, 0.0313, 0.0749, 0.0367, 0.753, 0.0314, 0.0265], [0.0415, 0.0539, 0.0274, 0.0368, 0.726, 0.0504, 0.064], [0.0754, 0.0332, 0.0216, 0.0418, 0.7604, 0.0225, 0.0451], [0.075, 0.0831, 0.0356, 0.0129, 0.718, 0.0306, 0.0448], [0.074, 0.0704, 0.0755, 0.0277, 0.7048, 0.0238, 0.0238], [0.0296, 0.0338, 0.0252, 0.0197, 0.7782, 0.0863, 0.0271], [0.0363, 0.0219, 0.0303, 0.0583, 0.7718, 0.0407, 0.0407], [0.0452, 0.0642, 0.0799, 0.0144, 0.7415, 0.0225, 0.0323], [0.0715, 0.0121, 0.0728, 0.0745, 0.6461, 0.067, 0.056], [0.0507, 0.0557, 0.0793, 0.0648, 0.6561, 0.0538, 0.0397], [0.0632, 0.0245, 0.0368, 0.0832, 0.7341, 0.0405, 0.0176], [0.0604, 0.0296, 0.019, 0.0576, 0.7339, 0.0715, 0.0279], [0.0344, 0.0318, 0.0229, 0.0187, 0.8003, 0.0467, 0.0453], [0.0618, 0.0342, 0.0164, 0.0373, 0.7512, 0.0783, 0.0207], [0.0235, 0.0487, 0.0561, 0.0172, 0.7254, 0.0854, 0.0437]], "emotions": ["red", "red", "red", "red", "red", "red", "red", "red", "red", "red", "red", "red", "red", "red", "red", "red", "red", "red", "red", "red", "red", "red", "red", "red", "red", "red", "red", "red", "red", "red", "red", "red", "red", "red", "red", "red", "red", "red", "red", "red", "red", "red", "red", "red", "red", "red", "red", "red", "red", "red", "red", "red", "red", "red", "red", "red", "red", "red", "red", "red", "red", "red", "red", "red", "red", "red", "red", "red", "red", "red", "red", "red", "red", "red", "red", "red", "red", "red", "red", "red"], "timestamps": [0, 40, 80, 120, 160, 200, 240, 280, 320, 360, 400, 440, 480, 520, 560, 600, 640, 680, 720, 760, 800, 840, 880, 920, 960, 1000, 1040, 1080, 1120, 1160, 1200, 1240, 1280, 1320, 1360, 1400, 1440, 1480, 1520, 1560, 1600, 1640, 1680, 1720, 1760, 1800, 1840, 1880, 1920, 1960, 2000, 2040, 2080, 2120, 2160, 2200, 2240, 2280, 2320, 2360, 2400, 2440, 2480, 2520, 2560, 2600, 2640, 2680, 2720, 2760, 2800, 2840, 2880, 2920, 2960, 3000, 3040, 3080, 3120, 3160]}], "conversation": [], "conversation_timestamps": []}