{
  "agent_id": "agent-type-orange-32",
  "type": "orange",
  "trips": [
    {
      "trip_id": 0,
      "transport_method": "stopped",
      "start_time": 0,
      "path": [
        [
          1.5244859000000006,
          42.506162999999994
        ],
        [
          1.5244859000000006,
          42.506162999999994
        ],
        [
          1.5244859000000006,
          42.506162999999994
        ],
        [
          1.5244859000000006,
          42.506162999999994
        ],
        [
          1.5244859000000006,
          42.506162999999994
        ],
        [
          1.5244859000000006,
          42.506162999999994
        ]
      ],
      "emotions": [
        "green",
        "green",
        "green",
        "green",
        "green",
        "purple"
      ],
      "mood_vectors": [
        [
          0.07395812848393643,
          0.13469681668072364,
          0.1740235912028685,
          0.27450129205174223,
          0.015332145318581535,
          0.26720716313902326,
          0.060280863123124306
        ],
        [
          0.13771933402361697,
          0.18443656807245865,
          0.2412574098765763,
          0.0683942647493604,
          0.24106092340287782,
          0.0015723002498494588,
          0.1255591996252604
        ],
        [
          0.24141522596091625,
          0.09954116371623578,
          0.2344765988313613,
          0.08943583087238438,
          0.12526411591752165,
          0.08132052506268789,
          0.1285465396388927
        ],
        [
          0.030809488503002195,
          0.14521984376112893,
          0.2952785106241453,
          0.08806676839550336,
          0.2879438987694013,
          0.11661533695166704,
          0.03606615299515186
        ],
        [
          0.05499835527141777,
          0.027588839944483613,
          0.09021293144250875,
          0.29240012734517584,
          0.03773607802562226,
          0.18397681967340968,
          0.31308684829738204
        ],
        [
          0.16374077495390926,
          0.10303168337465168,
          0.1844588288625232,
          0.14410046277881192,
          0.21938397019389058,
          0.1406203308294901,
          0.04466394900672319
        ]
      ],
      "timestamps": [
        0,
        1,
        2,
        3,
        4,
        5
      ]
    },
    {
      "trip_id": 1,
      "transport_method": "car",
      "start_time": 6,
      "path": [
        [
          1.5244859000000006,
          42.506162999999994
        ],
        [
          1.5244704913248244,
          42.506537861852884
        ],
        [
          1.524772816013041,
          42.506651599679415
        ],
        [
          1.5248340312685797,
          42.506954325773144
        ],
        [
          1.5251753760864322,
          42.50710476256112
        ],
        [
          1.5255973857810943,
          42.50714088157212
        ],
        [
          1.5260193954757562,
          42.50717700058312
        ],
        [
          1.5264414051704183,
          42.50721311959412
        ],
        [
          1.5266263677045886,
          42.507371553805314
        ],
        [
          1.526473838916588,
          42.50773207673633
        ],
        [
          1.526217053000717,
          42.50794616987543
        ],
        [
          1.5258423968973316,
          42.50774861084744
        ],
        [
          1.525467272309745,
          42.507552002317624
        ],
        [
          1.5250823872677537,
          42.50737519657734
        ],
        [
          1.5253984977742383,
          42.50752040916295
        ],
        [
          1.5252508030952743,
          42.50778611350464
        ],
        [
          1.5249297973230613,
          42.50794196029411
        ],
        [
          1.524519194824474,
          42.507842416865465
        ],
        [
          1.5240964790975877,
          42.50781580522163
        ],
        [
          1.5236737633707014,
          42.5077891935778
        ],
        [
          1.523262913272522,
          42.50785944203999
        ],
        [
          1.5230420094735106,
          42.50815419945957
        ],
        [
          1.5233285983843807,
          42.50843272572705
        ],
        [
          1.5237062090819853,
          42.508623217124146
        ],
        [
          1.5240995828731732,
          42.508771364945225
        ],
        [
          1.524515283992744,
          42.50885253972291
        ],
        [
          1.5249309851123152,
          42.50893371450059
        ],
        [
          1.5253297418992946,
          42.509042039333785
        ],
        [
          1.5255212929538344,
          42.509295198588624
        ],
        [
          1.5252425611969354,
          42.50899455657729
        ],
        [
          1.5248268600773642,
          42.50891338179961
        ],
        [
          1.5244111589577933,
          42.508832207021925
        ],
        [
          1.5239954578382222,
          42.50875103224424
        ],
        [
          1.5236107131353733,
          42.50857700061397
        ],
        [
          1.5232436874673148,
          42.50836912087034
        ],
        [
          1.5230143786080124,
          42.508056524087856
        ],
        [
          1.5233615789339634,
          42.507820448080395
        ],
        [
          1.52377964542818,
          42.507795859276335
        ],
        [
          1.5242023611550664,
          42.50782247092017
        ],
        [
          1.524623661501753,
          42.507857974552124
        ],
        [
          1.5246174505450536,
          42.50820236863878
        ],
        [
          1.52486841235233,
          42.508398827572805
        ],
        [
          1.5252787732279256,
          42.50850371187632
        ],
        [
          1.5256909855026872,
          42.50860010648879
        ],
        [
          1.5261077558567382,
          42.508675599782066
        ],
        [
          1.5265245864516241,
          42.50875052544399
        ],
        [
          1.5269479185440535,
          42.508764189442815
        ],
        [
          1.527371250636483,
          42.508777853441636
        ],
        [
          1.5277945827289123,
          42.50879151744046
        ],
        [
          1.5281418770785598,
          42.50901282481368
        ],
        [
          1.5284895747448906,
          42.50889736298032
        ],
        [
          1.5288739525074533,
          42.508888648733226
        ],
        [
          1.5287044476105573,
          42.50861294016613
        ],
        [
          1.5283662738052788,
          42.508357920083064
        ],
        [
          1.5280281000000002,
          42.5081029
        ]
      ],
      "emotions": [
        "red",
        "red",
        "red",
        "red",
        "purple",
        "purple",
        "purple",
        "purple",
        "purple",
        "green",
        "green",
        "green",
        "green",
        "green",
        "purple",
        "purple",
        "purple",
        "purple",
        "purple",
        "purple",
        "purple",
        "purple",
        "purple",
        "purple",
        "purple",
        "purple",
        "purple",
        "purple",
        "purple",
        "green",
        "green",
        "green",
        "green",
        "green",
        "purple",
        "purple",
        "purple",
        "purple",
        "purple",
        "green",
        "green",
        "green",
        "green",
        "green",
        "purple",
        "purple",
        "purple",
        "purple",
        "purple",
        "purple",
        "purple",
        "purple",
        "purple",
        "purple",
        "purple"
      ],
      "mood_vectors": [
        [
          0.24898648334626874,
          0.11304740066832479,
          0.10550282917300342,
          0.011017001719837336,
          0.06543610063243176,
          0.2091518183967816,
          0.24685836606335237
        ],
        [
          0.06804146311155994,
          0.11567774764683461,
          0.17159313478104762,
          0.28200350326002016,
          0.1357596169621837,
          0.16781187911516174,
          0.05911265512319229
        ],
        [
          0.19033410969275813,
          0.04738100791729461,
          0.08069304879279915,
          0.22729438323510878,
          0.20983874413558398,
          0.02076872634073715,
          0.2236899798857182
        ],
        [
          0.12119516707883325,
          0.014561034995699926,
          0.13819218100852632,
          0.1525093038116225,
          0.180962257499913,
          0.19575644003093975,
          0.1968236155744653
        ],
        [
          0.24281880576588424,
          0.1303304148085522,
          0.23674674574440846,
          0.14695860437467897,
          0.016317459993727634,
          0.12057417481733482,
          0.1062537944954137
        ],
        [
          0.008709056837936971,
          0.10982005084406647,
          0.27139077045813736,
          0.2594307661739393,
          0.23703332605005395,
          0.008742652665332366,
          0.10487337697053367
        ],
        [
          0.154432810925633,
          0.16138382181778377,
          0.21890132832026515,
          0.09583135277977639,
          0.09530729637267076,
          0.09175553407646966,
          0.1823878557074013
        ],
        [
          0.0017958179033675454,
          0.3476182621302115,
          0.11346305043739043,
          0.11374822461037945,
          0.06337017313059347,
          0.07015492705940826,
          0.2898495447286494
        ],
        [
          0.1454892096743013,
          0.1697674980857486,
          0.11046596594072623,
          0.15633931773089274,
          0.14484823037826539,
          0.11326702186168097,
          0.15982275632838486
        ],
        [
          0.16907379686742652,
          0.03823144571793956,
          0.1896823271160047,
          0.19349495720493365,
          0.17219142881250954,
          0.1732604203698062,
          0.06406562391137981
        ],
        [
          0.0658267295808749,
          0.017745774727348285,
          0.221704201385481,
          0.2127357618007647,
          0.08944268995389448,
          0.23432485926327992,
          0.15821998328835676
        ],
        [
          0.17540317280215145,
          0.11505954887613598,
          0.016430751476989337,
          0.17106503045089036,
          0.2104082415708895,
          0.15591135565950442,
          0.15572189916343895
        ],
        [
          0.33817444721423656,
          0.09074813599602712,
          0.3333946011083266,
          0.008577574340001434,
          0.13193739834196663,
          0.03129663154711647,
          0.06587121145232519
        ],
        [
          0.03136057793411531,
          0.08374745990165612,
          0.17648098858976824,
          0.11109865909831279,
          0.21148443879714712,
          0.1596676494917828,
          0.22616022618721762
        ],
        [
          0.03969319462799385,
          0.24365986125404288,
          0.051126918813863546,
          0.03914910820747112,
          0.025361633854481185,
          0.26666144269565745,
          0.33434784054649
        ],
        [
          0.2298743849986028,
          0.004627658081156115,
          0.12893644632474588,
          0.19447517797491667,
          0.22324184699165328,
          0.11685125676495563,
          0.10199322886396962
        ],
        [
          0.08840730662288293,
          0.23433757395355134,
          0.11816897238946215,
          0.14380790625192066,
          0.12952638542518272,
          0.1645553357355797,
          0.12119651962142051
        ],
        [
          0.013869807499443972,
          0.3523206396272088,
          0.02680798019468925,
          0.01472856104884594,
          0.19463613727373297,
          0.29619532980236507,
          0.101441544553714
        ],
        [
          0.17766016097153653,
          0.05726122151660857,
          0.10382566105708925,
          0.275991184695825,
          0.02232326948488249,
          0.10312923286583209,
          0.25980926940822596
        ],
        [
          0.09743836328497997,
          0.235821426701741,
          0.2012338822591033,
          0.23619844515179036,
          0.11754067534977027,
          0.04149834736076343,
          0.07026885989185165
        ],
        [
          0.14793877149416057,
          0.029235931493322525,
          0.35468305268750727,
          0.1339937741878201,
          0.12421429004442407,
          0.11560780437018923,
          0.09432637572257625
        ],
        [
          0.09715972489690095,
          0.01917590268389859,
          0.15817293584710604,
          0.2399068783769707,
          0.06895084524536817,
          0.1817940801352758,
          0.2348396328144798
        ],
        [
          0.08146817220350948,
          0.011962364118337733,
          0.22251605012156503,
          0.09285589455006368,
          0.1809193597672855,
          0.1677091908171989,
          0.24256896842203976
        ],
        [
          0.0844064813385935,
          0.2031175599782932,
          0.09074745568657541,
          0.22439586599039335,
          0.10695588254574134,
          0.12346915676466783,
          0.16690759769573543
        ],
        [
          0.2680780001712193,
          0.1869015650138561,
          0.01783532197974002,
          0.1477597863017585,
          0.0794560576189278,
          0.1333022172049575,
          0.16666705170954074
        ],
        [
          0.15905887149679682,
          0.1639452282943725,
          0.11860653287779743,
          0.19199782737382312,
          0.08919060394742519,
          0.0997894310366463,
          0.17741150497313868
        ],
        [
          0.058407005516889814,
          0.18218402015803634,
          0.17342242213628817,
          0.18608206946254305,
          0.17196834240331352,
          0.11415387543615513,
          0.11378226488677406
        ],
        [
          0.14623444624843143,
          0.1425774720548095,
          0.02010888655124624,
          0.013664277030486054,
          0.2314315109866923,
          0.20713210003831994,
          0.2388513070900146
        ],
        [
          0.02992953058753259,
          0.1811655466235522,
          0.27009744433519695,
          0.2223795715893521,
          0.04102715279124304,
          0.12486539177135256,
          0.13053536230177065
        ],
        [
          0.086314864902928,
          0.048077218628483465,
          0.09550102064732452,
          0.25514321506076637,
          0.287930768241378,
          0.15031850664328397,
          0.07671440587583574
        ],
        [
          0.0251835615169411,
          0.23626674219621008,
          0.0952672862888679,
          0.1624006288343246,
          0.23150014206549133,
          0.16336011604105288,
          0.08602152305711211
        ],
        [
          0.16866629956135817,
          0.14153813602827425,
          0.12267152817397191,
          0.07464407077234442,
          0.18494569430625643,
          0.17766794216977827,
          0.12986632898801656
        ],
        [
          0.12413924644303184,
          0.09076337979840983,
          0.013312832263641128,
          0.24206196359815318,
          0.1093318905330916,
          0.11982199119603008,
          0.30056869616764237
        ],
        [
          0.23952983554884763,
          0.28469723343668146,
          0.07718676641798643,
          0.24268281930436506,
          0.01805402426386525,
          0.07795420532358845,
          0.05989511570466568
        ],
        [
          0.11904851128529824,
          0.0791367397430151,
          0.1742044236256246,
          0.18300946123182313,
          0.10588003137323336,
          0.21999476564680012,
          0.11872606709420548
        ],
        [
          0.1322202559340123,
          0.209272720328943,
          0.13800357222579832,
          0.18382793506141135,
          0.10028712313968566,
          0.04165919856112399,
          0.19472919474902536
        ],
        [
          0.15130763895616986,
          0.20650396980576255,
          0.1103741499759597,
          0.1932610918688745,
          0.1531477662116851,
          0.04737506566666542,
          0.13803031751488284
        ],
        [
          0.007412333584375455,
          0.15869675258264104,
          0.10471705184437469,
          0.26291304586881253,
          0.21352561122923916,
          0.13019216782523535,
          0.12254303706532171
        ],
        [
          0.02927157331811438,
          0.09788380283607792,
          0.1288564762147461,
          0.17822048046814606,
          0.15146725868560654,
          0.25775029724436044,
          0.15655011123294865
        ],
        [
          0.04575482396595576,
          0.01658323736623215,
          0.17599525387191756,
          0.21238002252253782,
          0.22326672868562225,
          0.2682249443946582,
          0.05779498919307624
        ],
        [
          0.2262223747409592,
          0.20787124420055741,
          0.1088084421750309,
          0.12279480804235346,
          0.1913591441921856,
          0.040588159541346584,
          0.10235582710756684
        ],
        [
          0.0801886532447734,
          0.1603499999619879,
          0.18627706777748215,
          0.18856608559925456,
          0.08233880891622798,
          0.1245687198532569,
          0.17771066464701712
        ],
        [
          0.01537324814074126,
          0.23024953691952657,
          0.11225670644933586,
          0.21456681854695434,
          0.18407865368194642,
          0.0480095051710811,
          0.1954655310904146
        ],
        [
          0.1847157974704966,
          0.18552707192617848,
          0.16926630050739314,
          0.21328285616942924,
          0.0035499223320105892,
          0.05157286207669411,
          0.19208518951779774
        ],
        [
          0.14322776379831412,
          0.14460778990365164,
          0.10642661913848844,
          0.14941892888699468,
          0.14314678837351633,
          0.1675827397341598,
          0.14558937016487508
        ],
        [
          0.20280049650118528,
          0.27804573375671215,
          0.02394645222657579,
          0.14189835330816455,
          0.11571657148641261,
          0.2244030478890481,
          0.013189344831901472
        ],
        [
          0.0258001048925008,
          0.06368441993792401,
          0.23067165876203444,
          0.22178830911340935,
          0.16997457985467285,
          0.18452995804427746,
          0.10355096939518106
        ],
        [
          0.15696875361648657,
          0.05542154937287805,
          0.18094183468801814,
          0.027638843342571166,
          0.16255271463667972,
          0.218752523988174,
          0.19772378035519234
        ],
        [
          0.14781670991823373,
          0.11772217221159598,
          0.1181149309870569,
          0.17574710654511683,
          0.20156733360907111,
          0.19749204318431016,
          0.041539703544615364
        ],
        [
          0.20042261770791686,
          0.21021872190186058,
          0.004814436361007704,
          0.10398966251049067,
          0.12913562497665312,
          0.17544285057514575,
          0.17597608596692532
        ],
        [
          0.21849362966160177,
          0.4188465258073247,
          0.028197737349863947,
          0.05083042399176568,
          0.12283193486528177,
          0.01848463680283217,
          0.14231511152133003
        ],
        [
          0.2087730188953798,
          0.15312552802522716,
          0.045735302216719106,
          0.16577213661076565,
          0.1866938418680192,
          0.16121626492878088,
          0.0786839074551082
        ],
        [
          0.1549778236503963,
          0.1080803406243713,
          0.2743337163262542,
          0.0872086853519044,
          0.26157269302134706,
          0.09725069110932077,
          0.01657604991640597
        ],
        [
          0.18761293012103428,
          0.12053204820104278,
          0.1891688082080393,
          0.22142075721932816,
          0.06537881198090413,
          0.0566381384527779,
          0.15924850581687344
        ],
        [
          0.18719681810271316,
          0.1826051864163082,
          0.02269990645621806,
          0.16885215758456912,
          0.19319415163703743,
          0.19363330874135745,
          0.051818471061796545
        ]
      ],
      "timestamps": [
        6,
        7,
        8,
        9,
        10,
        11,
        12,
        13,
        14,
        15,
        16,
        17,
        18,
        19,
        20,
        21,
        22,
        23,
        24,
        25,
        26,
        27,
        28,
        29,
        30,
        31,
        32,
        33,
        34,
        35,
        36,
        37,
        38,
        39,
        40,
        41,
        42,
        43,
        44,
        45,
        46,
        47,
        48,
        49,
        50,
        51,
        52,
        53,
        54,
        55,
        56,
        57,
        58,
        59,
        60
      ],
      "distance": 370.6
    },
    {
      "trip_id": 2,
      "transport_method": "foot",
      "start_time": 61,
      "path": [
        [
          1.5285632,
          42.508837799999995
        ],
        [
          1.5285957326369937,
          42.50943690623844
        ],
        [
          1.5292703807434218,
          42.51008771681683
        ],
        [
          1.5291692694336623,
          42.51036499901736
        ],
        [
          1.5283006474878233,
          42.510012578257964
        ],
        [
          1.5274301264391887,
          42.509666772971066
        ],
        [
          1.5265068356616913,
          42.50950478958724
        ],
        [
          1.5255835448841937,
          42.50934280620342
        ],
        [
          1.5257803596580322,
          42.50912152890619
        ],
        [
          1.5266916118052534,
          42.5093413561125
        ],
        [
          1.526574136047526,
          42.50931301668119
        ],
        [
          1.5256628839003046,
          42.50909318947489
        ],
        [
          1.5247463320141903,
          42.50889765692585
        ],
        [
          1.5238368396153148,
          42.5086864374763
        ],
        [
          1.5230604158751,
          42.50820585540286
        ],
        [
          1.5237091432819607,
          42.507791420884566
        ],
        [
          1.5246426824970898,
          42.507862888791045
        ],
        [
          1.5249749212938928,
          42.50842605023661
        ],
        [
          1.5258879995570855,
          42.50863579338361
        ],
        [
          1.5262310181986176,
          42.508697927378144
        ],
        [
          1.5253126646787487,
          42.508512374206056
        ],
        [
          1.5246326096766856,
          42.5081491803785
        ],
        [
          1.524057055202714,
          42.50781332332995
        ],
        [
          1.523160758688535,
          42.507939078234195
        ],
        [
          1.5235230548343885,
          42.50853457723471
        ],
        [
          1.5244041933953258,
          42.5088308468428
        ],
        [
          1.5252811907544566,
          42.509002099847194
        ],
        [
          1.52436117490424,
          42.50882244653718
        ],
        [
          1.523839520215735,
          42.5088867120202
        ],
        [
          1.5232526000000002,
          42.50911870000001
        ]
      ],
      "emotions": [
        "purple",
        "purple",
        "purple",
        "purple",
        "green",
        "green",
        "green",
        "green",
        "green",
        "purple",
        "purple",
        "purple",
        "purple",
        "purple",
        "red",
        "red",
        "red",
        "red",
        "red",
        "red",
        "red",
        "red",
        "red",
        "red",
        "green",
        "green",
        "green",
        "green",
        "green",
        "green"
      ],
      "mood_vectors": [
        [
          0.19406692656850494,
          0.03890218287067534,
          0.197419727293744,
          0.18029252004055277,
          0.16419524596279533,
          0.03928632004191738,
          0.18583707722181028
        ],
        [
          0.18973944170579982,
          0.1154204920328291,
          0.16212496079960073,
          0.12771598023561664,
          0.1344514808095264,
          0.045253862042922914,
          0.2252937823737043
        ],
        [
          0.01431889005587614,
          0.1710547350915686,
          0.24993889979020845,
          0.0761703277377007,
          0.22018327383787334,
          0.1164688202923883,
          0.1518650531943845
        ],
        [
          0.13501684316172322,
          0.10197690436182404,
          0.08469521628366705,
          0.0712476745825996,
          0.1438145535597601,
          0.22240879504624994,
          0.24084001300417604
        ],
        [
          0.07830929653602772,
          0.2742995494989474,
          0.13109088897940668,
          0.09413595827526672,
          0.03019765025685427,
          0.28234477651980056,
          0.10962187993369663
        ],
        [
          0.16235390540396996,
          0.06959367609856269,
          0.07297067931602429,
          0.20503493629130498,
          0.15763623732099713,
          0.08290240918337097,
          0.2495081563857699
        ],
        [
          0.12574098339456266,
          0.1663569497076253,
          0.15269030230401057,
          0.17194303672679925,
          0.039007319276438704,
          0.1567491566545361,
          0.1875122519360274
        ],
        [
          0.07681356552881939,
          0.15331717316057752,
          0.10772849202243306,
          0.0010911844568833521,
          0.3117201895237411,
          0.06336834790949183,
          0.2859610473980537
        ],
        [
          0.24510588986859358,
          0.04508196840323908,
          0.2118962101261899,
          0.090788149542849,
          0.14443703450332107,
          0.1610888470998753,
          0.10160190045593206
        ],
        [
          0.1102844307563145,
          0.2990482068210453,
          0.061691643093346134,
          0.104554568120249,
          0.15463245358637046,
          0.24488403631643704,
          0.024904661306237547
        ],
        [
          0.17578294870007974,
          0.12773605423798587,
          0.17954572597366036,
          0.03224462450175407,
          0.21127375129903395,
          0.19511224350195655,
          0.07830465178552938
        ],
        [
          0.15592828903741576,
          0.06639785185724713,
          0.2763177060093724,
          0.15457005009557967,
          0.1819052831396269,
          0.11644457553147038,
          0.04843624432928779
        ],
        [
          0.27650516845280626,
          0.2661910743002004,
          0.2825188350692347,
          0.008610688583623387,
          0.10122791627793805,
          0.006176664594094693,
          0.05876965272210248
        ],
        [
          0.21409265799533353,
          0.07442314883544549,
          0.10670459677515741,
          0.21395432118693927,
          0.011724996315925496,
          0.2244067857564565,
          0.15469349313474232
        ],
        [
          0.16600698674415965,
          0.12976684553979936,
          0.17185523775611156,
          0.1129883976076564,
          0.12074514516043619,
          0.1205343196100096,
          0.17810306758182726
        ],
        [
          0.23362807352162354,
          0.08743678164192646,
          0.06703810448644823,
          0.2206239454096852,
          0.16055280613598488,
          0.09044292497778048,
          0.1402773638265512
        ],
        [
          0.042509154965750105,
          0.2611225272353401,
          0.14048538595365975,
          0.015038583748157018,
          0.24715984414457254,
          0.13182929543809566,
          0.16185520851442484
        ],
        [
          0.19883519368981462,
          0.10984244998722832,
          0.17085125215665806,
          0.13264363006092292,
          0.19600617838305198,
          0.006872288208837638,
          0.18494900751348642
        ],
        [
          0.3386716939663922,
          0.08672779026748455,
          0.025061822226463297,
          0.04892353355946689,
          0.1901950705570527,
          0.04404606783598718,
          0.26637402158715323
        ],
        [
          0.17584822759168872,
          0.050386512115125764,
          0.18318399725071424,
          0.15366799047296598,
          0.10373521284580181,
          0.16418723888720743,
          0.16899082083649605
        ],
        [
          0.11897449286493726,
          0.21983219603060994,
          0.12452649198557843,
          0.055429103834303196,
          0.25987539480788635,
          0.17078967722247726,
          0.050572643254207544
        ],
        [
          0.06413617432311686,
          0.0549159335539511,
          0.03004776908587835,
          0.4382804042577399,
          0.18506243436163625,
          0.17543766929441854,
          0.05211961512325903
        ],
        [
          0.08004998975621569,
          0.18750038296705132,
          0.11872134166008662,
          0.08773192751077294,
          0.17774658815850725,
          0.1665932502102106,
          0.1816565197371556
        ],
        [
          0.12412115070425302,
          0.12506192849267933,
          0.22166883199057086,
          0.22805046807630192,
          0.14343339999117735,
          0.10981836693749183,
          0.0478458538075257
        ],
        [
          0.08190376750196211,
          0.05778297309715863,
          0.08696035313852424,
          0.3852663600542522,
          0.004830486973645797,
          0.23541786741744422,
          0.14783819181701283
        ],
        [
          0.0792184979649224,
          0.20858508551092161,
          0.04106212682791022,
          0.25287449660654965,
          0.18298393790490594,
          0.0045624708013627694,
          0.2307133843834274
        ],
        [
          0.14703634392288822,
          0.09434340437749374,
          0.3560482649685606,
          0.0027558129604352438,
          0.17895224633821138,
          0.20730634003130083,
          0.013557587401109879
        ],
        [
          0.22075065460483542,
          0.25098105990464803,
          0.16829999715412894,
          0.13913721856191177,
          0.20472641220465504,
          0.010034248527533597,
          0.006070409042287152
        ],
        [
          0.12688739610048141,
          0.12163388142566674,
          0.13496786896272348,
          0.20251979173248766,
          0.18898109266902954,
          0.16114584387126527,
          0.06386412523834581
        ],
        [
          0.047451897797121896,
          0.04477669914802234,
          0.2757872554178847,
          0.23197219678023767,
          0.12646473620777568,
          0.25030187759361666,
          0.02324533705534098
        ]
      ],
      "timestamps": [
        61,
        62,
        63,
        64,
        65,
        66,
        67,
        68,
        69,
        70,
        71,
        72,
        73,
        74,
        75,
        76,
        77,
        78,
        79,
        80,
        81,
        82,
        83,
        84,
        85,
        86,
        87,
        88,
        89,
        90
      ],
      "distance": 512.2
    },
    {
      "trip_id": 3,
      "transport_method": "car",
      "start_time": 91,
      "path": [
        [
          1.5237259000000005,
          42.508950799999994
        ],
        [
          1.5237259000000005,
          42.508950799999994
        ],
        [
          1.5237259000000005,
          42.508950799999994
        ],
        [
          1.5237259000000005,
          42.508950799999994
        ],
        [
          1.5237259000000005,
          42.508950799999994
        ],
        [
          1.5237259000000005,
          42.508950799999994
        ],
        [
          1.5237259000000005,
          42.508950799999994
        ],
        [
          1.5237259000000005,
          42.508950799999994
        ],
        [
          1.5237259000000005,
          42.508950799999994
        ]
      ],
      "emotions": [
        "green",
        "green",
        "green",
        "green",
        "green",
        "green",
        "green",
        "green",
        "green"
      ],
      "mood_vectors": [
        [
          0.0870687097233356,
          0.16499849650920972,
          0.1408317389154356,
          0.17191518193421007,
          0.2199579343881974,
          0.1856383127386556,
          0.029589625790956038
        ],
        [
          0.2715447544018523,
          0.20761699219790447,
          0.033619434738998914,
          0.04342936428039024,
          0.03635813548447689,
          0.28559701227744366,
          0.12183430661893362
        ],
        [
          0.05143996871719341,
          0.17943959101706403,
          0.1726472718197495,
          0.2308240188973671,
          0.031965484918003495,
          0.11862297339057218,
          0.21506069124005026
        ],
        [
          0.19008108378618493,
          0.003582470236469488,
          0.22199607094808788,
          0.2169806673658215,
          0.08968886047651929,
          0.16877073621114744,
          0.10890011097576958
        ],
        [
          0.20306531687503024,
          0.050536165207123625,
          0.1590717319738214,
          0.2015194774236825,
          0.032166879109300564,
          0.2021938609782768,
          0.15144656843276497
        ],
        [
          0.06119983902600728,
          0.09010791455383209,
          0.2298222986781953,
          0.13354911663324073,
          0.21986116518831778,
          0.1194902240504892,
          0.14596944186991762
        ],
        [
          0.24247315806901837,
          0.21183794780902554,
          0.0364845731704653,
          0.0557796230100096,
          0.20513008817899453,
          0.04819537207744408,
          0.2000992376850426
        ],
        [
          0.235980386812272,
          0.06089975242093426,
          0.024220671354737936,
          0.11705548935676678,
          0.2178053386545655,
          0.15843598463783037,
          0.18560237676289307
        ],
        [
          0.20393208200155882,
          0.2023315464051349,
          0.1077677715681461,
          0.012117266116665575,
          0.21872390539455433,
          0.13387583788365512,
          0.12125159063028522
        ]
      ],
      "timestamps": [
        91,
        92,
        93,
        94,
        95,
        96,
        97,
        98,
        99
      ],
      "distance": 235.4
    }
  ],
  "conversation": [
    "I always forget how much I like walking here.",
    "Clouds are rolling down from the mountains again.",
    "The old town feels like its own little city."
  ],
  "conversation_timestamps": [
    0,
    29,
    58
  ]
}
