{"agent_id": "agent-red-66", "type": "red", "trips": [{"trip_id": 0, "transport_method": "foot", "start_time": 0, "path": [[1.5233646, 42.5066705], [1.523275, 42.5066547], [1.5231854, 42.5066388], [1.5230958, 42.506623], [1.5230062, 42.5066072], [1.5229166, 42.5065913], [1.5228269, 42.5065755], [1.522739, 42.5065528], [1.5226519, 42.5065262], [1.5225649, 42.5064997], [1.5224778, 42.5064732], [1.5223908, 42.5064467], [1.5223037, 42.5064202], [1.5222166, 42.5063937], [1.5221296, 42.5063672], [1.5220425, 42.5063407], [1.5219555, 42.5063142], [1.5218684, 42.5062877], [1.5217814, 42.5062612], [1.5217711, 42.5062009], [1.5218106, 42.5061189], [1.52185, 42.5060369], [1.5218895, 42.5059549], [1.521929, 42.5058729], [1.5219684, 42.5057909], [1.5220079, 42.5057089], [1.5220473, 42.5056269], [1.5220615, 42.5055384], [1.5220667, 42.5054475], [1.5220719, 42.5053567], [1.5220771, 42.5052658], [1.5220823, 42.5051749], [1.5220875, 42.5050841], [1.5220922, 42.5049932], [1.5220955, 42.5049023], [1.5220727, 42.5048355], [1.5219817, 42.5048316], [1.5218908, 42.5048277], [1.5217999, 42.5048238], [1.521709, 42.5048199], [1.5216181, 42.504816], [1.5215271, 42.5048121], [1.5214362, 42.5048082], [1.5213732, 42.5048087], [1.5214609, 42.5048331], [1.5215485, 42.5048574], [1.5216363, 42.5048808], [1.5217269, 42.5048722], [1.5218175, 42.5048635], [1.5219081, 42.5048548], [1.5219987, 42.5048461], [1.5220893, 42.5048374], [1.5220168, 42.5048228], [1.5219271, 42.5048076], [1.5218374, 42.5047923], [1.5217477, 42.5047771], [1.5216579, 42.5047619], [1.5215682, 42.5047466], [1.5214785, 42.5047314], [1.5213888, 42.5047161], [1.5212991, 42.5047009], [1.5212094, 42.5046857], [1.5211196, 42.5046704], [1.5210299, 42.5046552], [1.5209406, 42.5046389], [1.5208611, 42.5045946], [1.5207791, 42.5045557], [1.5206935, 42.5045249], [1.5206078, 42.5044941], [1.5205222, 42.5044633], [1.5204366, 42.5044325], [1.5203509, 42.5044017], [1.5202653, 42.504371], [1.5201795, 42.5043408], [1.5200886, 42.5043381], [1.5199976, 42.5043354], [1.5199327, 42.5043745], [1.5198951, 42.5044574], [1.5198575, 42.5045402], [1.51982, 42.5046231]], "mood_vectors": [[0.6406, 0.0709, 0.0614, 0.0639, 0.0611, 0.0435, 0.0586], [0.7565, 0.0498, 0.0288, 0.0208, 0.0845, 0.0391, 0.0204], [0.72, 0.0504, 0.0438, 0.0797, 0.027, 0.012, 0.0669], [0.6262, 0.0682, 0.0321, 0.0866, 0.0444, 0.0662, 0.0763], [0.7076, 0.0597, 0.0524, 0.0382, 0.0713, 0.0444, 0.0264], [0.7261, 0.0224, 0.0444, 0.068, 0.0657, 0.0383, 0.0353], [0.7347, 0.07, 0.0122, 0.0133, 0.068, 0.0424, 0.0594], [0.7094, 0.0523, 0.0471, 0.0564, 0.055, 0.0226, 0.0572], [0.7049, 0.0439, 0.0483, 0.0685, 0.0265, 0.0564, 0.0516], [0.6902, 0.0248, 0.0356, 0.0247, 0.0835, 0.0816, 0.0596], [0.6544, 0.0592, 0.0746, 0.0694, 0.0339, 0.0466, 0.0618], [0.6849, 0.0788, 0.0215, 0.0657, 0.0603, 0.0223, 0.0664], [0.6413, 0.068, 0.0485, 0.0546, 0.0695, 0.0525, 0.0656], [0.6656, 0.0933, 0.0405, 0.0351, 0.0612, 0.0895, 0.0147], [0.6553, 0.0168, 0.0736, 0.08, 0.0603, 0.0755, 0.0385], [0.7005, 0.073, 0.0564, 0.0734, 0.0193, 0.0453, 0.0321], [0.7195, 0.013, 0.0498, 0.0592, 0.014, 0.0696, 0.075], [0.7162, 0.026, 0.0625, 0.0802, 0.0334, 0.0205, 0.0611], [0.7614, 0.0386, 0.0268, 0.0611, 0.0527, 0.0349, 0.0245], [0.7673, 0.0534, 0.0255, 0.0156, 0.0289, 0.0618, 0.0475], [0.8181, 0.0151, 0.0129, 0.0125, 0.0535, 0.0138, 0.0742], [0.7235, 0.0595, 0.0152, 0.0363, 0.0147, 0.0961, 0.0547], [0.6021, 0.0775, 0.0678, 0.0598, 0.0715, 0.0617, 0.0596], [0.7462, 0.0267, 0.0465, 0.0171, 0.0768, 0.0172, 0.0696], [0.6905, 0.027, 0.0842, 0.0613, 0.0441, 0.0659, 0.027], [0.6891, 0.0691, 0.0586, 0.0776, 0.0787, 0.0154, 0.0115], [0.7318, 0.0408, 0.0197, 0.0545, 0.0655, 0.0565, 0.0312], [0.7456, 0.0507, 0.0268, 0.0493, 0.0712, 0.0331, 0.0234], [0.6269, 0.0553, 0.0784, 0.0728, 0.0483, 0.0606, 0.0577], [0.631, 0.0543, 0.0656, 0.0639, 0.0774, 0.0368, 0.071], [0.6781, 0.0719, 0.0672, 0.0518, 0.0272, 0.0521, 0.0517], [0.6698, 0.0517, 0.0712, 0.0166, 0.0419, 0.0925, 0.0563], [0.775, 0.0226, 0.0413, 0.0314, 0.0538, 0.0599, 0.016], [0.7213, 0.0699, 0.0548, 0.0163, 0.0448, 0.0349, 0.0582], [0.6547, 0.0615, 0.0874, 0.0631, 0.0724, 0.0212, 0.0399], [0.6739, 0.0749, 0.056, 0.0601, 0.0221, 0.0609, 0.0522], [0.7187, 0.0555, 0.0513, 0.0595, 0.0165, 0.0166, 0.0818], [0.6902, 0.0645, 0.0775, 0.035, 0.0482, 0.0129, 0.0717], [0.73, 0.0627, 0.0456, 0.0522, 0.0329, 0.061, 0.0156], [0.7608, 0.0263, 0.0649, 0.058, 0.0341, 0.0341, 0.0219], [0.6935, 0.0358, 0.0691, 0.0606, 0.0379, 0.0563, 0.0468], [0.6996, 0.0523, 0.0678, 0.0159, 0.0239, 0.0761, 0.0644], [0.683, 0.0772, 0.0332, 0.0267, 0.0594, 0.0865, 0.0341], [0.7318, 0.0208, 0.0741, 0.0195, 0.0591, 0.0385, 0.0562], [0.7155, 0.0287, 0.0389, 0.0518, 0.0346, 0.0742, 0.0563], [0.7415, 0.0492, 0.0458, 0.044, 0.0288, 0.075, 0.0156], [0.6162, 0.0513, 0.0707, 0.0651, 0.094, 0.0221, 0.0805], [0.6624, 0.0867, 0.0363, 0.0703, 0.0413, 0.0816, 0.0215], [0.7304, 0.0757, 0.0171, 0.0258, 0.0291, 0.0388, 0.0832], [0.6647, 0.025, 0.0692, 0.0597, 0.0697, 0.0566, 0.0552], [0.73, 0.0398, 0.082, 0.0384, 0.0382, 0.0223, 0.0493], [0.6745, 0.0714, 0.036, 0.061, 0.0406, 0.0377, 0.0788], [0.6868, 0.07, 0.0405, 0.0968, 0.0543, 0.0332, 0.0185], [0.6762, 0.0499, 0.0377, 0.0885, 0.0354, 0.0533, 0.059], [0.6808, 0.0643, 0.0548, 0.0369, 0.014, 0.0799, 0.0694], [0.6737, 0.0586, 0.0389, 0.0656, 0.0457, 0.0418, 0.0757], [0.6736, 0.0504, 0.0554, 0.0597, 0.0267, 0.0594, 0.0748], [0.8106, 0.0358, 0.0325, 0.0251, 0.0503, 0.0196, 0.026], [0.6111, 0.0356, 0.0612, 0.0611, 0.0792, 0.0826, 0.0692], [0.6704, 0.0219, 0.0685, 0.0484, 0.0757, 0.0367, 0.0784], [0.7048, 0.0425, 0.068, 0.0616, 0.041, 0.046, 0.0361], [0.6959, 0.0394, 0.0633, 0.0431, 0.0788, 0.0252, 0.0543], [0.6602, 0.0968, 0.0608, 0.0329, 0.0584, 0.0216, 0.0693], [0.6753, 0.0562, 0.0656, 0.0371, 0.0766, 0.0326, 0.0567], [0.6708, 0.0684, 0.0416, 0.0347, 0.0639, 0.0767, 0.0439], [0.6766, 0.0788, 0.0847, 0.0297, 0.0191, 0.0957, 0.0154], [0.6984, 0.0358, 0.0236, 0.0611, 0.0743, 0.0707, 0.036], [0.6703, 0.0631, 0.0753, 0.0401, 0.0331, 0.0497, 0.0684], [0.7668, 0.0194, 0.0152, 0.0518, 0.0467, 0.0284, 0.0717], [0.7422, 0.0584, 0.037, 0.0264, 0.0314, 0.0711, 0.0334], [0.7469, 0.0244, 0.0382, 0.0486, 0.0805, 0.0248, 0.0366], [0.7209, 0.0264, 0.054, 0.034, 0.0851, 0.0429, 0.0368], [0.6958, 0.0662, 0.059, 0.0501, 0.026, 0.0752, 0.0278], [0.7352, 0.0809, 0.0151, 0.0523, 0.0182, 0.0854, 0.0128], [0.8146, 0.0283, 0.0329, 0.0266, 0.0317, 0.0413, 0.0247], [0.7251, 0.0379, 0.0787, 0.0288, 0.0373, 0.031, 0.0613], [0.7648, 0.0523, 0.0813, 0.015, 0.0248, 0.0233, 0.0386], [0.6786, 0.0595, 0.0792, 0.0278, 0.0365, 0.0732, 0.0452], [0.6463, 0.0858, 0.0419, 0.0339, 0.0717, 0.065, 0.0553], [0.7375, 0.0735, 0.0216, 0.0622, 0.0289, 0.0318, 0.0446]], "emotions": ["red", "red", "red", "red", "red", "red", "red", "red", "red", "red", "red", "red", "red", "red", "red", "red", "red", "red", "red", "red", "red", "red", "red", "red", "red", "red", "red", "red", "red", "red", "red", "red", "red", "red", "red", "red", "red", "red", "red", "red", "red", "red", "red", "red", "red", "red", "red", "red", "red", "red", "red", "red", "red", "red", "red", "red", "red", "red", "red", "red", "red", "red", "red", "red", "red", "red", "red", "red", "red", "red", "red", "red", "red", "red", "red", "red", "red", "red", "red", "red"], "timestamps": [0, 40, 80, 120, 160, 200, 240, 280, 320, 360, 400, 440, 480, 520, 560, 600, 640, 680, 720, 760, 800, 840, 880, 920, 960, 1000, 1040, 1080, 1120, 1160, 1200, 1240, 1280, 1320, 1360, 1400, 1440, 1480, 1520, 1560, 1600, 1640, 1680, 1720, 1760, 1800, 1840, 1880, 1920, 1960, 2000, 2040, 2080, 2120, 2160, 2200, 2240, 2280, 2320, 2360, 2400, 2440, 2480, 2520, 2560, 2600, 2640, 2680, 2720, 2760, 2800, 2840, 2880, 2920, 2960, 3000, 3040, 3080, 3120, 3160]}], "conversation": [], "conversation_timestamps": []}