{"agent_id": "agent-orange-8", "type": "orange", "trips": [{"trip_id": 0, "transport_method": "car", "start_time": 0, "path": [[1.5005388, 42.4952962], [1.499826, 42.4949711], [1.4991677, 42.4945496], [1.4988516, 42.49481], [1.4988616, 42.4954332], [1.4995434, 42.4958185], [1.5002395, 42.4961779], [1.5009184, 42.4965681], [1.5016133, 42.496805], [1.5022974, 42.4971798], [1.5029953, 42.4975323], [1.5037101, 42.4978529], [1.5044159, 42.4981922], [1.5051343, 42.4985048], [1.505835, 42.498854], [1.5065356, 42.4992044], [1.5072457, 42.4995355], [1.5079475, 42.4998787], [1.5086387, 42.5002383], [1.5093432, 42.500581], [1.509444, 42.5006291], [1.5093896, 42.5005982], [1.5101007, 42.500927], [1.5108119, 42.5012558], [1.5110336, 42.5013396], [1.5102969, 42.5010804], [1.5106663, 42.5012762], [1.511381, 42.501597], [1.5115582, 42.5016505], [1.5121916, 42.5020844], [1.5128353, 42.5025309], [1.5134169, 42.5030475], [1.5139063, 42.5036508], [1.5144903, 42.5041729], [1.5149661, 42.5047693], [1.5155157, 42.5052684], [1.5162508, 42.5055374], [1.5169585, 42.50587], [1.517678, 42.5060444], [1.5181998, 42.5064724], [1.5188891, 42.5068217], [1.5195173, 42.5072599], [1.5202513, 42.5073992], [1.5210138, 42.5075059], [1.5217811, 42.5075427], [1.5224592, 42.5077315], [1.5232209, 42.5078296], [1.5240012, 42.5077739], [1.5247725, 42.5078867], [1.5255254, 42.5081034], [1.5262812, 42.5082912], [1.5270601, 42.5083595], [1.5278193, 42.5084993], [1.5285374, 42.5088085], [1.5290939, 42.5088953], [1.5293515, 42.5090061], [1.5301048, 42.5092189], [1.5308452, 42.5093936], [1.5315778, 42.5096712], [1.5323127, 42.5098919], [1.5329383, 42.5103635], [1.5335988, 42.5107759], [1.5341159, 42.5113585], [1.5347835, 42.5117236], [1.5354611, 42.5121163], [1.5356862, 42.5126531], [1.5361805, 42.5130857], [1.5369343, 42.512935], [1.5376946, 42.5127488], [1.5384635, 42.5125988], [1.5382258, 42.5126717], [1.5378842, 42.5126888], [1.538634, 42.5124617], [1.5393565, 42.5122791], [1.5394643, 42.5125703], [1.5399991, 42.5124413], [1.5394345, 42.5125884], [1.5402111, 42.5124851], [1.5409772, 42.5124234], [1.541702, 42.512647]], "mood_vectors": [[0.0519, 0.0192, 0.0507, 0.0512, 0.6784, 0.0793, 0.0693], [0.0309, 0.0437, 0.0968, 0.0646, 0.6484, 0.0179, 0.0978], [0.0409, 0.0188, 0.0415, 0.0647, 0.7115, 0.0591, 0.0636], [0.0361, 0.0345, 0.0252, 0.0639, 0.7481, 0.0169, 0.0753], [0.0516, 0.0182, 0.068, 0.0608, 0.7109, 0.0335, 0.057], [0.0427, 0.0747, 0.0208, 0.0712, 0.7316, 0.0355, 0.0235], [0.0355, 0.0733, 0.0351, 0.0467, 0.7435, 0.0199, 0.046], [0.0343, 0.0394, 0.0566, 0.0515, 0.73, 0.0673, 0.0209], [0.02, 0.0394, 0.0527, 0.0636, 0.7626, 0.0345, 0.0273], [0.0166, 0.0268, 0.0614, 0.0427, 0.7639, 0.0524, 0.0363], [0.0261, 0.0642, 0.0695, 0.0674, 0.6927, 0.0216, 0.0585], [0.0184, 0.0425, 0.033, 0.0398, 0.754, 0.0592, 0.053], [0.0355, 0.0583, 0.0164, 0.0276, 0.7426, 0.0536, 0.0661], [0.0619, 0.0555, 0.0415, 0.0307, 0.7443, 0.0411, 0.025], [0.0271, 0.0558, 0.0491, 0.063, 0.6908, 0.0514, 0.0628], [0.0462, 0.0479, 0.0417, 0.0625, 0.7218, 0.0141, 0.0658], [0.0132, 0.0573, 0.0903, 0.0218, 0.7547, 0.0156, 0.0472], [0.0616, 0.0684, 0.0446, 0.0468, 0.7283, 0.0265, 0.0238], [0.0751, 0.0392, 0.0434, 0.0338, 0.7736, 0.0217, 0.0133], [0.0205, 0.0694, 0.0544, 0.0753, 0.6962, 0.02, 0.0642], [0.0743, 0.0604, 0.0768, 0.0553, 0.6227, 0.0414, 0.0691], [0.0269, 0.0406, 0.012, 0.0457, 0.7845, 0.0603, 0.0299], [0.0663, 0.0179, 0.0182, 0.058, 0.6723, 0.0666, 0.1007], [0.0616, 0.0476, 0.0705, 0.063, 0.663, 0.0469, 0.0474], [0.0286, 0.0554, 0.0577, 0.058, 0.6995, 0.049, 0.0518], [0.0822, 0.0539, 0.0136, 0.0477, 0.7074, 0.0569, 0.0383], [0.0898, 0.0362, 0.0262, 0.0676, 0.6684, 0.0369, 0.0747], [0.0596, 0.0558, 0.0554, 0.0617, 0.6852, 0.0677, 0.0145], [0.0221, 0.0183, 0.0714, 0.0315, 0.7918, 0.0332, 0.0318], [0.059, 0.0825, 0.0694, 0.0632, 0.627, 0.0262, 0.0727], [0.0225, 0.045, 0.0129, 0.0746, 0.7316, 0.0494, 0.064], [0.0612, 0.0386, 0.0366, 0.0551, 0.7367, 0.0222, 0.0496], [0.0154, 0.03, 0.0685, 0.0152, 0.7816, 0.0447, 0.0447], [0.0872, 0.032, 0.068, 0.0446, 0.6643, 0.0558, 0.0481], [0.0746, 0.0425, 0.0373, 0.054, 0.7171, 0.0204, 0.054], [0.0723, 0.0556, 0.0586, 0.0314, 0.6825, 0.0693, 0.0302], [0.0393, 0.0527, 0.0255, 0.0524, 0.7343, 0.0429, 0.0528], [0.0424, 0.0157, 0.0155, 0.0207, 0.7693, 0.0611, 0.0753], [0.0749, 0.0351, 0.0168, 0.066, 0.6543, 0.0639, 0.089], [0.0546, 0.0205, 0.0801, 0.018, 0.7219, 0.0386, 0.0663], [0.0806, 0.0292, 0.0231, 0.0292, 0.7492, 0.0687, 0.0201], [0.0835, 0.0672, 0.0617, 0.0599, 0.6292, 0.0305, 0.0681], [0.0156, 0.0378, 0.0792, 0.0289, 0.7989, 0.0235, 0.0161], [0.0328, 0.0499, 0.0725, 0.0245, 0.6973, 0.0533, 0.0696], [0.0497, 0.0348, 0.0165, 0.0194, 0.7874, 0.0771, 0.0152], [0.0836, 0.0171, 0.0209, 0.0568, 0.7141, 0.0506, 0.0569], [0.0686, 0.0736, 0.0506, 0.0448, 0.6671, 0.0768, 0.0186], [0.0426, 0.0662, 0.0732, 0.0223, 0.6675, 0.0896, 0.0387], [0.0147, 0.0771, 0.0539, 0.0352, 0.7188, 0.0336, 0.0667], [0.0392, 0.0318, 0.0619, 0.0974, 0.6819, 0.04, 0.0478], [0.0581, 0.0443, 0.0714, 0.041, 0.7584, 0.0137, 0.013], [0.025, 0.0343, 0.0592, 0.05, 0.7012, 0.0699, 0.0604], [0.0144, 0.0398, 0.0397, 0.0699, 0.7417, 0.0298, 0.0646], [0.0791, 0.0741, 0.0502, 0.0648, 0.6503, 0.0171, 0.0644], [0.0126, 0.0731, 0.0535, 0.0279, 0.7661, 0.0123, 0.0544], [0.0722, 0.0193, 0.0569, 0.0733, 0.6858, 0.072, 0.0205], [0.0678, 0.0199, 0.032, 0.0437, 0.7087, 0.0784, 0.0493], [0.077, 0.0645, 0.0442, 0.1024, 0.6618, 0.0192, 0.0308], [0.0402, 0.0844, 0.0306, 0.049, 0.6899, 0.0375, 0.0684], [0.0655, 0.0547, 0.0371, 0.0222, 0.7917, 0.0169, 0.0119], [0.0722, 0.0628, 0.0372, 0.0711, 0.6794, 0.0531, 0.0243], [0.0324, 0.0456, 0.03, 0.0252, 0.745, 0.0564, 0.0654], [0.0167, 0.065, 0.0306, 0.0383, 0.7504, 0.0235, 0.0755], [0.0637, 0.0835, 0.0936, 0.0547, 0.6098, 0.0643, 0.0304], [0.024, 0.0271, 0.0867, 0.0925, 0.6483, 0.028, 0.0935], [0.0485, 0.0344, 0.0382, 0.0716, 0.7259, 0.0566, 0.0248], [0.0575, 0.0265, 0.016, 0.0557, 0.7615, 0.0328, 0.05], [0.0472, 0.0736, 0.0857, 0.0319, 0.6974, 0.0318, 0.0325], [0.0286, 0.0825, 0.0187, 0.0586, 0.7348, 0.047, 0.0298], [0.034, 0.0533, 0.0616, 0.0356, 0.7228, 0.0431, 0.0496], [0.0619, 0.0376, 0.0234, 0.0532, 0.7135, 0.078, 0.0325], [0.0236, 0.0701, 0.0816, 0.0782, 0.6653, 0.0524, 0.0289], [0.0476, 0.0712, 0.0265, 0.0443, 0.7566, 0.0125, 0.0412], [0.0293, 0.0424, 0.0275, 0.0772, 0.6721, 0.0763, 0.0752], [0.0144, 0.0791, 0.0615, 0.0458, 0.6942, 0.0383, 0.0667], [0.0219, 0.0548, 0.0207, 0.0762, 0.7471, 0.0475, 0.0319], [0.0303, 0.0871, 0.0136, 0.0625, 0.7046, 0.0468, 0.0551], [0.0776, 0.0428, 0.0207, 0.059, 0.6755, 0.0705, 0.0539], [0.012, 0.0566, 0.0393, 0.0611, 0.7324, 0.033, 0.0656], [0.0559, 0.0532, 0.0268, 0.061, 0.6883, 0.036, 0.0788]], "emotions": ["red", "red", "red", "red", "red", "red", "red", "red", "red", "red", "red", "red", "red", "red", "red", "red", "red", "red", "red", "red", "red", "red", "red", "red", "red", "red", "red", "red", "red", "red", "red", "red", "red", "red", "red", "red", "red", "red", "red", "red", "red", "red", "red", "red", "red", "red", "red", "red", "red", "red", "red", "red", "red", "red", "red", "red", "red", "red", "red", "red", "red", "red", "red", "red", "red", "red", "red", "red", "red", "red", "red", "red", "red", "red", "red", "red", "red", "red", "red", "red"], "timestamps": [0, 40, 80, 120, 160, 200, 240, 280, 320, 360, 400, 440, 480, 520, 560, 600, 640, 680, 720, 760, 800, 840, 880, 920, 960, 1000, 1040, 1080, 1120, 1160, 1200, 1240, 1280, 1320, 1360, 1400, 1440, 1480, 1520, 1560, 1600, 1640, 1680, 1720, 1760, 1800, 1840, 1880, 1920, 1960, 2000, 2040, 2080, 2120, 2160, 2200, 2240, 2280, 2320, 2360, 2400, 2440, 2480, 2520, 2560, 2600, 2640, 2680, 2720, 2760, 2800, 2840, 2880, 2920, 2960, 3000, 3040, 3080, 3120, 3160]}], "conversation": [], "conversation_timestamps": []}