{"agent_id": "agent-purple-1084", "type": "purple", "trips": [{"trip_id": 0, "transport_method": "foot", "start_time": 0, "path": [[1.5387536, 42.5100653], [1.5387023, 42.5101098], [1.5386509, 42.5101542], [1.5385996, 42.5101986], [1.5385482, 42.510243], [1.5384968, 42.5102875], [1.5384455, 42.5103319], [1.538394, 42.5103762], [1.5383417, 42.5104195], [1.5382894, 42.5104628], [1.5382371, 42.5105061], [1.5381848, 42.5105495], [1.5381325, 42.5105928], [1.5380798, 42.5106352], [1.5380126, 42.510645], [1.537949, 42.510665], [1.5378905, 42.5106994], [1.5378319, 42.5107339], [1.5377734, 42.5107683], [1.5377149, 42.5108028], [1.5376564, 42.5108372], [1.5375978, 42.5108716], [1.5375393, 42.5109061], [1.5374794, 42.5109378], [1.5374162, 42.5109625], [1.5373529, 42.5109872], [1.5372896, 42.5110118], [1.5372266, 42.5110371], [1.5371637, 42.5110626], [1.5371007, 42.5110881], [1.5370378, 42.5111136], [1.5369748, 42.511139], [1.5369119, 42.5111645], [1.5368489, 42.51119], [1.536786, 42.5112155], [1.536723, 42.511241], [1.5366601, 42.5112664], [1.5365971, 42.5112919], [1.5365342, 42.5113174], [1.5364707, 42.5113414], [1.5364068, 42.5113645], [1.5363429, 42.5113875], [1.5362776, 42.5114058], [1.5362117, 42.5114224], [1.5361442, 42.5114283], [1.5360764, 42.5114328], [1.5360087, 42.5114374], [1.5359409, 42.5114419], [1.5358732, 42.5114464], [1.5358102, 42.5114642], [1.5357554, 42.5115043], [1.5357006, 42.5115444], [1.5356458, 42.5115845], [1.535591, 42.5116246], [1.5355381, 42.5116672], [1.5354857, 42.5117103], [1.5354227, 42.511717], [1.5353572, 42.5116991], [1.5352917, 42.5116811], [1.5352262, 42.5116631], [1.5351607, 42.5116452], [1.5350952, 42.5116272], [1.5350297, 42.5116093], [1.5349643, 42.5115913], [1.5348988, 42.5115733], [1.5348333, 42.5115554], [1.5348379, 42.5116218], [1.5348437, 42.5116894], [1.5348494, 42.5117571], [1.5348985, 42.511797], [1.5349576, 42.5118305], [1.5350166, 42.511864], [1.5350757, 42.5118976], [1.5351347, 42.5119311], [1.5351938, 42.5119646], [1.5352529, 42.5119981], [1.5353119, 42.5120316], [1.535371, 42.5120652], [1.53543, 42.5120987], [1.5354891, 42.5121322]], "mood_vectors": [[0.0517, 0.0408, 0.0306, 0.0192, 0.0608, 0.7127, 0.0843], [0.0596, 0.0659, 0.0563, 0.0648, 0.067, 0.6404, 0.0461], [0.0787, 0.0379, 0.039, 0.0424, 0.0756, 0.6958, 0.0307], [0.073, 0.0621, 0.0818, 0.0257, 0.0688, 0.6534, 0.0352], [0.0526, 0.044, 0.0744, 0.0257, 0.0589, 0.6987, 0.0457], [0.0708, 0.0667, 0.0232, 0.0341, 0.0598, 0.6949, 0.0507], [0.0646, 0.062, 0.0209, 0.0481, 0.0713, 0.6612, 0.0719], [0.0735, 0.0686, 0.0654, 0.0783, 0.0331, 0.6645, 0.0166], [0.0714, 0.0448, 0.0581, 0.0447, 0.0249, 0.7106, 0.0455], [0.0948, 0.0413, 0.0846, 0.0307, 0.095, 0.6335, 0.0201], [0.0807, 0.0907, 0.0443, 0.0879, 0.0554, 0.627, 0.014], [0.0715, 0.0521, 0.0227, 0.0828, 0.0472, 0.6946, 0.0292], [0.0283, 0.0381, 0.0297, 0.0352, 0.0217, 0.8039, 0.0431], [0.0426, 0.0392, 0.0597, 0.0504, 0.0605, 0.687, 0.0606], [0.0124, 0.0234, 0.0666, 0.02, 0.0672, 0.7936, 0.0168], [0.0572, 0.0747, 0.0132, 0.0274, 0.0446, 0.7192, 0.0638], [0.0389, 0.035, 0.0525, 0.047, 0.0832, 0.7302, 0.0133], [0.0303, 0.0561, 0.0707, 0.0156, 0.0331, 0.7562, 0.038], [0.0359, 0.0256, 0.0554, 0.0685, 0.0533, 0.7195, 0.0417], [0.0145, 0.0668, 0.0551, 0.0328, 0.0407, 0.7551, 0.0351], [0.0457, 0.0156, 0.0397, 0.0573, 0.035, 0.7367, 0.0701], [0.0625, 0.0162, 0.0633, 0.0748, 0.0188, 0.7401, 0.0243], [0.0646, 0.0373, 0.0702, 0.0323, 0.0691, 0.6727, 0.0538], [0.0646, 0.0348, 0.0241, 0.0496, 0.0686, 0.7273, 0.031], [0.0238, 0.0544, 0.0195, 0.046, 0.0328, 0.7658, 0.0576], [0.0205, 0.0586, 0.0644, 0.0257, 0.0695, 0.723, 0.0383], [0.0272, 0.0808, 0.015, 0.0576, 0.0921, 0.6532, 0.0741], [0.0662, 0.0712, 0.0641, 0.0585, 0.0183, 0.6958, 0.0259], [0.0119, 0.065, 0.0678, 0.0709, 0.035, 0.6952, 0.0542], [0.0803, 0.0237, 0.035, 0.0249, 0.0187, 0.7589, 0.0586], [0.0585, 0.0655, 0.0777, 0.0582, 0.0214, 0.655, 0.0636], [0.0597, 0.0209, 0.0154, 0.0153, 0.082, 0.7388, 0.0678], [0.0291, 0.0531, 0.049, 0.0918, 0.0434, 0.6965, 0.0371], [0.0199, 0.084, 0.0195, 0.0298, 0.024, 0.7485, 0.0743], [0.0746, 0.0481, 0.0686, 0.1021, 0.0198, 0.6329, 0.0539], [0.0782, 0.0858, 0.0586, 0.035, 0.0748, 0.6478, 0.0197], [0.018, 0.0485, 0.0713, 0.0436, 0.0247, 0.7154, 0.0785], [0.0244, 0.0601, 0.0842, 0.0615, 0.053, 0.6356, 0.0811], [0.0414, 0.0167, 0.0291, 0.0538, 0.0501, 0.7286, 0.0803], [0.0597, 0.0818, 0.0132, 0.0316, 0.0735, 0.7163, 0.024], [0.0465, 0.0296, 0.063, 0.0559, 0.0755, 0.7144, 0.0151], [0.0177, 0.0698, 0.0654, 0.0602, 0.0411, 0.7108, 0.035], [0.0556, 0.0663, 0.0483, 0.0235, 0.0742, 0.7178, 0.0143], [0.0143, 0.0538, 0.0694, 0.0348, 0.041, 0.7005, 0.0862], [0.0514, 0.0438, 0.0391, 0.0141, 0.0863, 0.6913, 0.074], [0.0222, 0.0389, 0.0656, 0.0899, 0.0319, 0.6878, 0.0637], [0.0737, 0.0572, 0.0459, 0.0236, 0.026, 0.7165, 0.0572], [0.051, 0.0566, 0.0582, 0.0387, 0.0673, 0.6801, 0.0482], [0.0803, 0.033, 0.0303, 0.0459, 0.025, 0.7611, 0.0243], [0.0472, 0.0596, 0.0404, 0.0405, 0.0509, 0.7013, 0.0602], [0.0248, 0.0224, 0.0706, 0.0383, 0.0247, 0.7721, 0.047], [0.021, 0.0704, 0.03, 0.0527, 0.025, 0.7494, 0.0514], [0.0192, 0.0952, 0.0721, 0.0686, 0.0306, 0.656, 0.0583], [0.1087, 0.0374, 0.0204, 0.0684, 0.026, 0.6992, 0.0399], [0.0442, 0.0254, 0.0456, 0.046, 0.0542, 0.7101, 0.0746], [0.0388, 0.0835, 0.0377, 0.0318, 0.0162, 0.7568, 0.0351], [0.0582, 0.0698, 0.0671, 0.0559, 0.0162, 0.6598, 0.073], [0.022, 0.0182, 0.0458, 0.0613, 0.0797, 0.7517, 0.0213], [0.0417, 0.034, 0.0745, 0.0524, 0.0112, 0.7515, 0.0347], [0.0748, 0.0695, 0.0649, 0.0509, 0.0386, 0.6798, 0.0215], [0.0655, 0.0699, 0.0144, 0.0477, 0.0391, 0.6964, 0.067], [0.0273, 0.0856, 0.0873, 0.0412, 0.0149, 0.7049, 0.0387], [0.0453, 0.021, 0.0345, 0.0644, 0.0588, 0.7153, 0.0607], [0.064, 0.0515, 0.0245, 0.0316, 0.0195, 0.754, 0.055], [0.0721, 0.0115, 0.0476, 0.0658, 0.044, 0.7259, 0.0331], [0.037, 0.0572, 0.0555, 0.0274, 0.0563, 0.7352, 0.0313], [0.0305, 0.0702, 0.0712, 0.0413, 0.0443, 0.7033, 0.0392], [0.0522, 0.0575, 0.093, 0.0579, 0.037, 0.675, 0.0274], [0.0736, 0.0301, 0.0659, 0.0508, 0.0406, 0.702, 0.0369], [0.0226, 0.0414, 0.0207, 0.0426, 0.0318, 0.7552, 0.0858], [0.0256, 0.0581, 0.0613, 0.0831, 0.0257, 0.7247, 0.0215], [0.0766, 0.0333, 0.0286, 0.0598, 0.0351, 0.7154, 0.0513], [0.0595, 0.0735, 0.0588, 0.0138, 0.071, 0.7062, 0.0172], [0.0613, 0.0213, 0.0586, 0.0819, 0.0594, 0.6344, 0.083], [0.0379, 0.0385, 0.0635, 0.0709, 0.0667, 0.6978, 0.0247], [0.0395, 0.0393, 0.0578, 0.0442, 0.0603, 0.6919, 0.067], [0.0616, 0.0818, 0.0566, 0.0139, 0.0276, 0.7023, 0.0562], [0.0247, 0.0802, 0.0576, 0.0194, 0.0561, 0.6614, 0.1005], [0.0467, 0.0394, 0.0663, 0.0504, 0.0621, 0.6971, 0.0379], [0.0404, 0.0851, 0.0682, 0.0753, 0.076, 0.6409, 0.0142]], "emotions": ["purple", "purple", "purple", "purple", "purple", "purple", "purple", "purple", "purple", "purple", "purple", "purple", "purple", "purple", "purple", "purple", "purple", "purple", "purple", "purple", "purple", "purple", "purple", "purple", "purple", "purple", "purple", "purple", "purple", "purple", "purple", "purple", "purple", "purple", "purple", "purple", "purple", "purple", "purple", "purple", "purple", "purple", "purple", "purple", "purple", "purple", "purple", "purple", "purple", "purple", "purple", "purple", "purple", "purple", "purple", "purple", "purple", "purple", "purple", "purple", "purple", "purple", "purple", "purple", "purple", "purple", "purple", "purple", "purple", "purple", "purple", "purple", "purple", "purple", "purple", "purple", "purple", "purple", "purple", "purple"], "timestamps": [0, 40, 80, 120, 160, 200, 240, 280, 320, 360, 400, 440, 480, 520, 560, 600, 640, 680, 720, 760, 800, 840, 880, 920, 960, 1000, 1040, 1080, 1120, 1160, 1200, 1240, 1280, 1320, 1360, 1400, 1440, 1480, 1520, 1560, 1600, 1640, 1680, 1720, 1760, 1800, 1840, 1880, 1920, 1960, 2000, 2040, 2080, 2120, 2160, 2200, 2240, 2280, 2320, 2360, 2400, 2440, 2480, 2520, 2560, 2600, 2640, 2680, 2720, 2760, 2800, 2840, 2880, 2920, 2960, 3000, 3040, 3080, 3120, 3160]}], "conversation": [], "conversation_timestamps": []}