{"agent_id": "agent-blue-400", "type": "blue", "trips": [{"trip_id": 0, "transport_method": "foot", "start_time": 0, "path": [[1.5412709, 42.5145779], [1.542346, 42.5141748], [1.5414316, 42.51464], [1.541916, 42.5144505], [1.5419468, 42.5143834], [1.5408949, 42.5148499], [1.5402544, 42.515185], [1.5391199, 42.5154152], [1.538049, 42.5150806], [1.5370303, 42.515614], [1.5362012, 42.5153289], [1.5351954, 42.5151144], [1.5343254, 42.5147818], [1.5332878, 42.5149169], [1.5331691, 42.5145393], [1.532095, 42.5149752], [1.5312607, 42.5152746], [1.5305398, 42.5158105], [1.5295311, 42.5163709], [1.5284819, 42.5165958], [1.5274737, 42.5170904], [1.5264029, 42.5175527], [1.5254835, 42.5182559], [1.5245568, 42.5189646], [1.5239303, 42.5198668], [1.5234484, 42.5209205], [1.5226604, 42.5217537], [1.5218742, 42.5225835], [1.5213427, 42.5236016], [1.5206938, 42.5245638], [1.520787, 42.5256917], [1.520629, 42.5268127], [1.5209408, 42.5278491], [1.5214287, 42.5288334], [1.5218472, 42.529632], [1.5212232, 42.5305637], [1.5209192, 42.5314782], [1.5213406, 42.5325179], [1.5207879, 42.5334383], [1.5211782, 42.5344142], [1.522159, 42.5350125], [1.522872, 42.5359324], [1.523725, 42.53658], [1.5248686, 42.536799], [1.5251815, 42.5375289], [1.5240831, 42.5377184], [1.5231851, 42.5383402], [1.5231558, 42.5394915], [1.5234591, 42.540579], [1.523284, 42.5410986], [1.5228779, 42.5421203], [1.5231296, 42.5432397], [1.5236311, 42.5442814], [1.5241365, 42.5453184], [1.5247134, 42.5463299], [1.5256201, 42.5470491], [1.5267554, 42.5472816], [1.5268818, 42.5480127], [1.5279136, 42.5480643], [1.5290664, 42.5482112], [1.5301434, 42.5486464], [1.5311921, 42.5491577], [1.5303448, 42.549076], [1.5294463, 42.5485814], [1.5302865, 42.5487622], [1.5313107, 42.5493207], [1.532344, 42.5498615], [1.5333744, 42.5504071], [1.5345011, 42.5506461], [1.5353812, 42.5513577], [1.5361811, 42.552207], [1.5363652, 42.5520074], [1.5355132, 42.551224], [1.5349751, 42.5509322], [1.535763, 42.5517926], [1.5365509, 42.552653], [1.5370067, 42.5536226], [1.5372211, 42.5544994], [1.5370025, 42.5556387], [1.5376334, 42.5558846]], "mood_vectors": [[0.0216, 0.0932, 0.063, 0.6506, 0.0373, 0.0698, 0.0644], [0.0404, 0.0311, 0.0603, 0.6615, 0.0892, 0.022, 0.0954], [0.015, 0.0433, 0.0657, 0.6931, 0.0722, 0.0511, 0.0597], [0.0218, 0.076, 0.0357, 0.7454, 0.055, 0.0496, 0.0165], [0.0494, 0.0222, 0.0128, 0.7117, 0.0806, 0.0428, 0.0804], [0.0341, 0.0393, 0.0486, 0.7997, 0.0275, 0.0128, 0.0381], [0.0644, 0.0224, 0.0575, 0.7434, 0.0434, 0.0159, 0.053], [0.045, 0.0986, 0.0349, 0.6864, 0.0188, 0.0427, 0.0737], [0.0497, 0.0678, 0.0496, 0.6775, 0.0314, 0.068, 0.056], [0.0638, 0.0454, 0.0117, 0.754, 0.0321, 0.0488, 0.0442], [0.0741, 0.073, 0.0629, 0.6406, 0.0505, 0.0777, 0.0213], [0.0223, 0.0152, 0.1011, 0.6325, 0.0997, 0.0483, 0.0808], [0.06, 0.0586, 0.0403, 0.6802, 0.0624, 0.0309, 0.0676], [0.0514, 0.0179, 0.0725, 0.7239, 0.0172, 0.0338, 0.0832], [0.0671, 0.0182, 0.0315, 0.7817, 0.0151, 0.0178, 0.0684], [0.0619, 0.0591, 0.08, 0.6808, 0.0512, 0.049, 0.018], [0.0731, 0.0769, 0.082, 0.5954, 0.0829, 0.0206, 0.0692], [0.0827, 0.0321, 0.0478, 0.6455, 0.0543, 0.0669, 0.0707], [0.0259, 0.0188, 0.0821, 0.7467, 0.0192, 0.0771, 0.0303], [0.0209, 0.0306, 0.0536, 0.735, 0.0443, 0.0607, 0.055], [0.0268, 0.0585, 0.0283, 0.7303, 0.0604, 0.0603, 0.0352], [0.0186, 0.057, 0.0425, 0.697, 0.0677, 0.0668, 0.0505], [0.0929, 0.0643, 0.0368, 0.6978, 0.049, 0.0246, 0.0345], [0.0519, 0.0627, 0.0181, 0.6736, 0.0972, 0.0391, 0.0573], [0.0175, 0.0131, 0.0422, 0.7785, 0.0615, 0.0247, 0.0626], [0.0479, 0.0633, 0.0283, 0.7198, 0.0387, 0.0473, 0.0546], [0.0548, 0.0318, 0.0885, 0.708, 0.0346, 0.0362, 0.046], [0.0515, 0.0564, 0.0638, 0.6769, 0.0292, 0.0484, 0.0738], [0.0305, 0.0363, 0.0136, 0.7534, 0.0753, 0.0218, 0.069], [0.0504, 0.031, 0.0245, 0.7488, 0.0692, 0.0138, 0.0623], [0.0675, 0.0191, 0.0165, 0.7589, 0.039, 0.065, 0.0341], [0.0899, 0.0384, 0.0823, 0.6076, 0.0761, 0.0865, 0.0192], [0.0721, 0.0159, 0.0685, 0.6785, 0.0766, 0.0195, 0.0688], [0.0251, 0.0876, 0.0539, 0.6363, 0.0549, 0.0897, 0.0524], [0.0711, 0.0323, 0.0467, 0.7181, 0.0393, 0.0694, 0.023], [0.0569, 0.0872, 0.0726, 0.5982, 0.0941, 0.0416, 0.0493], [0.0164, 0.0283, 0.0535, 0.6401, 0.0766, 0.0918, 0.0935], [0.0543, 0.0773, 0.0673, 0.61, 0.0689, 0.0624, 0.0598], [0.044, 0.0413, 0.0226, 0.7135, 0.0579, 0.0844, 0.0362], [0.0859, 0.0512, 0.0569, 0.6129, 0.079, 0.0744, 0.0396], [0.0662, 0.0436, 0.0169, 0.7142, 0.0542, 0.0377, 0.0673], [0.0463, 0.0413, 0.0999, 0.6635, 0.0528, 0.025, 0.0712], [0.0448, 0.0451, 0.0332, 0.7387, 0.0592, 0.0207, 0.0582], [0.0208, 0.0128, 0.0636, 0.7895, 0.0445, 0.0212, 0.0476], [0.0612, 0.0898, 0.0678, 0.6429, 0.0302, 0.0166, 0.0915], [0.0444, 0.0734, 0.0813, 0.6183, 0.0385, 0.0616, 0.0824], [0.0448, 0.0571, 0.0605, 0.7068, 0.0493, 0.0357, 0.0458], [0.0604, 0.0205, 0.0606, 0.7158, 0.028, 0.0436, 0.0712], [0.0941, 0.0195, 0.0556, 0.6865, 0.064, 0.0212, 0.0591], [0.0207, 0.0277, 0.0551, 0.6877, 0.0745, 0.0948, 0.0395], [0.0597, 0.0501, 0.0384, 0.7148, 0.0562, 0.0498, 0.031], [0.0389, 0.0717, 0.0783, 0.68, 0.0616, 0.0548, 0.0148], [0.0701, 0.0679, 0.0486, 0.621, 0.0535, 0.0796, 0.0592], [0.0721, 0.0687, 0.0387, 0.6436, 0.0714, 0.0458, 0.0597], [0.0377, 0.0394, 0.06, 0.7081, 0.0219, 0.0559, 0.077], [0.0342, 0.0313, 0.0421, 0.7682, 0.0152, 0.0357, 0.0733], [0.0598, 0.0257, 0.0851, 0.66, 0.0565, 0.0176, 0.0953], [0.0649, 0.0553, 0.0623, 0.669, 0.0356, 0.0611, 0.052], [0.0144, 0.0563, 0.0725, 0.7598, 0.0418, 0.0249, 0.0303], [0.0784, 0.068, 0.0337, 0.7158, 0.0129, 0.0327, 0.0585], [0.036, 0.0252, 0.0896, 0.6725, 0.0917, 0.0387, 0.0464], [0.09, 0.0353, 0.0334, 0.6735, 0.0526, 0.0349, 0.0803], [0.0302, 0.0142, 0.0752, 0.7722, 0.0147, 0.0807, 0.0128], [0.0168, 0.0274, 0.0428, 0.8046, 0.034, 0.0203, 0.0542], [0.0832, 0.0397, 0.0356, 0.65, 0.0678, 0.0534, 0.0702], [0.0801, 0.0689, 0.0131, 0.7197, 0.0394, 0.0609, 0.0179], [0.0374, 0.0179, 0.0342, 0.7579, 0.0239, 0.0626, 0.0661], [0.0371, 0.0752, 0.0665, 0.6395, 0.0798, 0.0687, 0.0332], [0.0415, 0.0133, 0.076, 0.691, 0.0486, 0.0671, 0.0624], [0.0193, 0.0733, 0.0878, 0.6719, 0.0647, 0.0355, 0.0475], [0.0697, 0.0598, 0.0726, 0.6528, 0.0622, 0.0296, 0.0532], [0.0843, 0.0814, 0.0342, 0.6524, 0.0302, 0.0928, 0.0248], [0.0295, 0.0535, 0.0455, 0.7131, 0.0496, 0.0754, 0.0334], [0.0451, 0.0405, 0.0288, 0.7408, 0.0168, 0.0958, 0.0322], [0.0394, 0.0692, 0.0395, 0.7337, 0.0378, 0.0458, 0.0347], [0.075, 0.0392, 0.0652, 0.6775, 0.0407, 0.0301, 0.0723], [0.0575, 0.0801, 0.0256, 0.7286, 0.0271, 0.0376, 0.0435], [0.0515, 0.0662, 0.0826, 0.7183, 0.0297, 0.0268, 0.0249], [0.0806, 0.0741, 0.0129, 0.7009, 0.0422, 0.0508, 0.0384], [0.0389, 0.0431, 0.0396, 0.7522, 0.0231, 0.0364, 0.0668]], "emotions": ["green", "green", "green", "green", "green", "green", "green", "green", "green", "green", "green", "green", "green", "green", "green", "green", "green", "green", "green", "green", "green", "green", "green", "green", "green", "green", "green", "green", "green", "green", "green", "green", "green", "green", "green", "green", "green", "green", "green", "green", "green", "green", "green", "green", "green", "green", "green", "green", "green", "green", "green", "green", "green", "green", "green", "green", "green", "green", "green", "green", "green", "green", "green", "green", "green", "green", "green", "green", "green", "green", "green", "green", "green", "green", "green", "green", "green", "green", "green", "green"], "timestamps": [0, 40, 80, 120, 160, 200, 240, 280, 320, 360, 400, 440, 480, 520, 560, 600, 640, 680, 720, 760, 800, 840, 880, 920, 960, 1000, 1040, 1080, 1120, 1160, 1200, 1240, 1280, 1320, 1360, 1400, 1440, 1480, 1520, 1560, 1600, 1640, 1680, 1720, 1760, 1800, 1840, 1880, 1920, 1960, 2000, 2040, 2080, 2120, 2160, 2200, 2240, 2280, 2320, 2360, 2400, 2440, 2480, 2520, 2560, 2600, 2640, 2680, 2720, 2760, 2800, 2840, 2880, 2920, 2960, 3000, 3040, 3080, 3120, 3160]}], "conversation": [], "conversation_timestamps": []}