{"agent_id": "agent-red-1306", "type": "red", "trips": [{"trip_id": 0, "transport_method": "bus", "start_time": 0, "path": [[1.5448016, 42.509669], [1.5443721, 42.5094752], [1.5440089, 42.5092296], [1.5435738, 42.509054], [1.5431105, 42.5089688], [1.5426495, 42.5088755], [1.5421795, 42.508901], [1.5417173, 42.508824], [1.541254, 42.5087422], [1.5407863, 42.5086832], [1.5405921, 42.5085921], [1.540147, 42.5084369], [1.5396911, 42.5083222], [1.5392267, 42.5082409], [1.5387565, 42.5082266], [1.5382999, 42.508144], [1.537832, 42.5081034], [1.5373917, 42.5079347], [1.5376505, 42.50805], [1.5376302, 42.5080727], [1.5371669, 42.5079858], [1.5367035, 42.5078988], [1.5362401, 42.5078118], [1.5357767, 42.5077249], [1.5353367, 42.5075615], [1.5349037, 42.507375], [1.5344707, 42.5071885], [1.5345184, 42.5072923], [1.5349391, 42.5075034], [1.5353839, 42.5076563], [1.5355027, 42.5076325], [1.5350703, 42.5074446], [1.5346379, 42.5072567], [1.5342055, 42.5070688], [1.5337619, 42.5069124], [1.5333069, 42.5067891], [1.5328656, 42.5066588], [1.5323958, 42.5066359], [1.5319566, 42.5066997], [1.5315274, 42.5065045], [1.5310981, 42.5065937], [1.5306686, 42.5067883], [1.5302697, 42.5066408], [1.5298393, 42.506468], [1.5293902, 42.5064163], [1.5290164, 42.5067036], [1.5285758, 42.5068639], [1.5282062, 42.5071459], [1.5277941, 42.5072705], [1.5273245, 42.5072303], [1.5268534, 42.5072265], [1.5263832, 42.5072108], [1.5259142, 42.507164], [1.5254475, 42.5070977], [1.5249958, 42.506982], [1.524554, 42.5068723], [1.5240889, 42.5068604], [1.5236328, 42.5067408], [1.5231734, 42.5066367], [1.5227116, 42.5065444], [1.5222605, 42.5064071], [1.5218095, 42.5062697], [1.5213662, 42.5061096], [1.5209241, 42.5059458], [1.5210736, 42.5059974], [1.5215149, 42.5061634], [1.5215353, 42.5061799], [1.5210882, 42.5060304], [1.5206411, 42.505881], [1.5201869, 42.5057562], [1.5197282, 42.5056471], [1.5192693, 42.5055388], [1.5188033, 42.5054708], [1.5183339, 42.5054262], [1.5182022, 42.5053952], [1.5181415, 42.505412], [1.5176714, 42.5053755], [1.5172014, 42.5053391], [1.5171926, 42.5053849], [1.5176394, 42.5053555]], "mood_vectors": [[0.7378, 0.0118, 0.0576, 0.0632, 0.0174, 0.0583, 0.0538], [0.61, 0.0679, 0.0527, 0.0778, 0.0659, 0.0926, 0.0331], [0.6925, 0.0585, 0.0453, 0.0759, 0.0413, 0.0623, 0.0242], [0.6374, 0.0214, 0.0565, 0.0632, 0.0811, 0.0793, 0.0612], [0.6934, 0.073, 0.0685, 0.0563, 0.0427, 0.0166, 0.0496], [0.7278, 0.0193, 0.0783, 0.0506, 0.0349, 0.0373, 0.0519], [0.7441, 0.053, 0.0465, 0.0407, 0.0618, 0.0152, 0.0387], [0.7392, 0.0219, 0.0333, 0.0151, 0.062, 0.0372, 0.0913], [0.6475, 0.0246, 0.0181, 0.0948, 0.0711, 0.0815, 0.0624], [0.608, 0.0814, 0.0803, 0.0638, 0.0229, 0.0585, 0.0852], [0.6852, 0.0896, 0.0713, 0.0439, 0.0493, 0.0392, 0.0216], [0.6871, 0.0463, 0.0606, 0.0312, 0.0473, 0.041, 0.0865], [0.6149, 0.0859, 0.0662, 0.0763, 0.0525, 0.0703, 0.0338], [0.681, 0.0141, 0.0759, 0.0378, 0.0551, 0.0745, 0.0616], [0.6963, 0.0615, 0.0689, 0.0188, 0.0661, 0.0638, 0.0246], [0.6797, 0.082, 0.091, 0.0524, 0.0225, 0.0428, 0.0296], [0.7232, 0.0501, 0.027, 0.0418, 0.0241, 0.0869, 0.0469], [0.656, 0.0571, 0.0553, 0.023, 0.0932, 0.0713, 0.044], [0.7165, 0.0907, 0.0609, 0.0385, 0.035, 0.0257, 0.0327], [0.739, 0.0554, 0.0395, 0.0726, 0.0339, 0.0381, 0.0213], [0.709, 0.0556, 0.0412, 0.0728, 0.0541, 0.024, 0.0434], [0.6635, 0.0398, 0.0807, 0.0487, 0.0497, 0.0594, 0.0581], [0.7306, 0.0809, 0.0543, 0.0434, 0.029, 0.0195, 0.0424], [0.7777, 0.0431, 0.0215, 0.0387, 0.04, 0.0656, 0.0135], [0.6324, 0.0844, 0.0293, 0.0793, 0.0572, 0.0692, 0.0482], [0.693, 0.0129, 0.0559, 0.0609, 0.0424, 0.0711, 0.0639], [0.7798, 0.0609, 0.0278, 0.0557, 0.0214, 0.013, 0.0413], [0.7126, 0.076, 0.0718, 0.0412, 0.0348, 0.0231, 0.0405], [0.7446, 0.0186, 0.0199, 0.0533, 0.0805, 0.0585, 0.0246], [0.6816, 0.0522, 0.0205, 0.0265, 0.0817, 0.0394, 0.098], [0.7695, 0.0575, 0.0278, 0.0306, 0.0224, 0.041, 0.0512], [0.6777, 0.0268, 0.0463, 0.0622, 0.0482, 0.0683, 0.0705], [0.6285, 0.0254, 0.0795, 0.0261, 0.0745, 0.0928, 0.0732], [0.6885, 0.0702, 0.0601, 0.06, 0.0168, 0.0601, 0.0443], [0.6743, 0.0689, 0.0614, 0.0496, 0.0672, 0.0112, 0.0674], [0.6412, 0.0357, 0.0715, 0.0505, 0.0493, 0.0761, 0.0757], [0.6945, 0.0367, 0.0275, 0.0899, 0.0861, 0.0174, 0.0479], [0.7605, 0.0268, 0.0706, 0.0671, 0.0191, 0.0149, 0.041], [0.7123, 0.0529, 0.0337, 0.033, 0.0193, 0.087, 0.0618], [0.7431, 0.0272, 0.0662, 0.0216, 0.0572, 0.0616, 0.023], [0.6337, 0.0659, 0.0879, 0.0788, 0.0235, 0.0805, 0.0296], [0.7597, 0.0333, 0.0389, 0.0597, 0.0165, 0.0295, 0.0625], [0.7053, 0.0654, 0.0212, 0.0183, 0.0545, 0.0657, 0.0697], [0.7177, 0.0422, 0.0551, 0.0416, 0.0519, 0.0628, 0.0288], [0.6889, 0.022, 0.0256, 0.0625, 0.0608, 0.0711, 0.0691], [0.6098, 0.0663, 0.098, 0.0141, 0.0654, 0.098, 0.0482], [0.7167, 0.0475, 0.0572, 0.0473, 0.0358, 0.0126, 0.0829], [0.6521, 0.0422, 0.075, 0.0671, 0.074, 0.065, 0.0245], [0.6305, 0.0449, 0.0746, 0.0716, 0.0755, 0.0615, 0.0414], [0.7002, 0.0184, 0.058, 0.084, 0.034, 0.0796, 0.0259], [0.7518, 0.0419, 0.0479, 0.0334, 0.0505, 0.0547, 0.0198], [0.6613, 0.0948, 0.0411, 0.0403, 0.0727, 0.0497, 0.04], [0.7589, 0.0259, 0.0653, 0.021, 0.0488, 0.0208, 0.0593], [0.6428, 0.0367, 0.0255, 0.0464, 0.0888, 0.072, 0.0878], [0.6567, 0.0372, 0.0536, 0.0748, 0.0535, 0.0517, 0.0725], [0.6842, 0.0414, 0.0737, 0.0373, 0.0181, 0.0826, 0.0626], [0.7222, 0.0205, 0.0546, 0.0687, 0.027, 0.0735, 0.0335], [0.7208, 0.0589, 0.0485, 0.0623, 0.0498, 0.0448, 0.015], [0.7837, 0.0429, 0.0394, 0.021, 0.0152, 0.0468, 0.051], [0.7267, 0.0706, 0.0703, 0.0471, 0.016, 0.0277, 0.0416], [0.6957, 0.0783, 0.0706, 0.0286, 0.0356, 0.076, 0.0152], [0.7815, 0.0374, 0.0689, 0.0646, 0.0155, 0.0161, 0.0161], [0.7519, 0.0237, 0.0342, 0.077, 0.0395, 0.0281, 0.0456], [0.7142, 0.0175, 0.0215, 0.0921, 0.0427, 0.0602, 0.0518], [0.7436, 0.0385, 0.0333, 0.0674, 0.018, 0.0389, 0.0603], [0.71, 0.0274, 0.0761, 0.0576, 0.0392, 0.0731, 0.0165], [0.784, 0.0244, 0.0212, 0.036, 0.0676, 0.0419, 0.0251], [0.6744, 0.0963, 0.0682, 0.0795, 0.0345, 0.0289, 0.0182], [0.6357, 0.0448, 0.034, 0.0854, 0.0783, 0.0524, 0.0693], [0.6878, 0.0272, 0.0769, 0.0557, 0.0762, 0.0158, 0.0605], [0.6038, 0.0669, 0.0777, 0.0497, 0.0452, 0.0775, 0.0792], [0.7844, 0.0178, 0.0402, 0.0255, 0.0265, 0.0659, 0.0398], [0.7711, 0.0386, 0.0125, 0.0433, 0.0194, 0.042, 0.0731], [0.7836, 0.0182, 0.052, 0.0476, 0.0345, 0.0295, 0.0346], [0.7642, 0.0563, 0.0462, 0.0631, 0.0127, 0.0382, 0.0192], [0.6707, 0.0316, 0.0196, 0.0799, 0.0695, 0.0481, 0.0806], [0.7559, 0.0582, 0.0209, 0.048, 0.0293, 0.0517, 0.036], [0.7952, 0.0469, 0.0515, 0.0532, 0.0229, 0.0156, 0.0147], [0.6501, 0.019, 0.0429, 0.0779, 0.0913, 0.0697, 0.0489], [0.7185, 0.0601, 0.0284, 0.0502, 0.0239, 0.0428, 0.0761]], "emotions": ["red", "red", "red", "red", "red", "red", "red", "red", "red", "red", "red", "red", "red", "red", "red", "red", "red", "red", "red", "red", "red", "red", "red", "red", "red", "red", "red", "red", "red", "red", "red", "red", "red", "red", "red", "red", "red", "red", "red", "red", "red", "red", "red", "red", "red", "red", "red", "red", "red", "red", "red", "red", "red", "red", "red", "red", "red", "red", "red", "red", "red", "red", "red", "red", "red", "red", "red", "red", "red", "red", "red", "red", "red", "red", "red", "red", "red", "red", "red", "red"], "timestamps": [0, 40, 80, 120, 160, 200, 240, 280, 320, 360, 400, 440, 480, 520, 560, 600, 640, 680, 720, 760, 800, 840, 880, 920, 960, 1000, 1040, 1080, 1120, 1160, 1200, 1240, 1280, 1320, 1360, 1400, 1440, 1480, 1520, 1560, 1600, 1640, 1680, 1720, 1760, 1800, 1840, 1880, 1920, 1960, 2000, 2040, 2080, 2120, 2160, 2200, 2240, 2280, 2320, 2360, 2400, 2440, 2480, 2520, 2560, 2600, 2640, 2680, 2720, 2760, 2800, 2840, 2880, 2920, 2960, 3000, 3040, 3080, 3120, 3160]}], "conversation": [], "conversation_timestamps": []}