{"agent_id": "agent-green-1977", "type": "green", "trips": [{"trip_id": 0, "transport_method": "car", "start_time": 0, "path": [[1.5144942, 42.546193], [1.5152166, 42.5462705], [1.5152729, 42.545634], [1.5155568, 42.5452623], [1.5162223, 42.5448238], [1.5164962, 42.5441126], [1.516387, 42.5446434], [1.516685, 42.5439191], [1.5171832, 42.5433425], [1.5173109, 42.542616], [1.5177319, 42.5419412], [1.5184159, 42.5415652], [1.5191338, 42.5412286], [1.5194216, 42.5405421], [1.5194199, 42.5397974], [1.5194905, 42.5390033], [1.519343, 42.5397228], [1.5194245, 42.5397983], [1.5195052, 42.5390053], [1.5196193, 42.5382196], [1.5199293, 42.5374855], [1.5202762, 42.5367714], [1.520817, 42.536199], [1.5212533, 42.5356737], [1.5206495, 42.5351553], [1.5200714, 42.5346068], [1.5195332, 42.5340223], [1.5196644, 42.5332709], [1.5196959, 42.5324885], [1.5195927, 42.5317182], [1.519751, 42.5309368], [1.5197735, 42.531114], [1.5195673, 42.531842], [1.5196608, 42.5310503], [1.5197278, 42.5302593], [1.5202262, 42.5298417], [1.520629, 42.5291604], [1.5205543, 42.5283817], [1.5201031, 42.5277276], [1.5200418, 42.5269867], [1.5204993, 42.5263383], [1.5206045, 42.5255541], [1.5206409, 42.5247583], [1.5209842, 42.5240462], [1.5214915, 42.523432], [1.5218288, 42.5227197], [1.5222433, 42.5220507], [1.5228944, 42.5215936], [1.5234071, 42.5209954], [1.5237918, 42.5202972], [1.5239876, 42.5195294], [1.5245349, 42.5189809], [1.5251697, 42.5184987], [1.5257798, 42.5179866], [1.5264315, 42.5175408], [1.5271671, 42.5172339], [1.5278895, 42.5168968], [1.528564, 42.5166305], [1.5292967, 42.5165246], [1.5299571, 42.5160799], [1.5306516, 42.5157144], [1.5312945, 42.5152487], [1.5318884, 42.5147196], [1.5324813, 42.5142028], [1.5331991, 42.513873], [1.5339568, 42.513636], [1.5339541, 42.513641], [1.5345188, 42.5130884], [1.5352558, 42.5127885], [1.536007, 42.5125806], [1.5367336, 42.5122609], [1.5373849, 42.5118271], [1.5381112, 42.5115084], [1.5387215, 42.5110299], [1.5391029, 42.5103968], [1.5397071, 42.5099921], [1.5403765, 42.5095814], [1.5408116, 42.5090201], [1.540779, 42.5087447], [1.5403185, 42.5090788]], "mood_vectors": [[0.043, 0.0653, 0.0562, 0.0692, 0.0181, 0.0688, 0.6793], [0.0718, 0.0699, 0.0335, 0.0655, 0.0571, 0.0365, 0.6657], [0.0535, 0.061, 0.0468, 0.0555, 0.0562, 0.0293, 0.6977], [0.0765, 0.067, 0.0173, 0.0568, 0.0249, 0.0362, 0.7213], [0.0594, 0.0246, 0.0436, 0.0773, 0.0603, 0.0738, 0.661], [0.0415, 0.0826, 0.0544, 0.021, 0.0854, 0.0318, 0.6833], [0.0248, 0.0768, 0.0536, 0.0782, 0.0167, 0.0658, 0.684], [0.0256, 0.0755, 0.0451, 0.0673, 0.0809, 0.0205, 0.6852], [0.0154, 0.023, 0.0594, 0.0419, 0.0137, 0.0541, 0.7925], [0.0306, 0.0159, 0.0873, 0.0533, 0.0699, 0.02, 0.723], [0.0485, 0.0315, 0.0269, 0.0177, 0.0485, 0.0625, 0.7645], [0.0836, 0.0451, 0.0236, 0.0223, 0.0639, 0.0863, 0.6753], [0.0734, 0.0472, 0.0596, 0.0439, 0.0361, 0.0418, 0.698], [0.0643, 0.0665, 0.0283, 0.0457, 0.0776, 0.0445, 0.6731], [0.0547, 0.0609, 0.0695, 0.0458, 0.0591, 0.0576, 0.6525], [0.0317, 0.0812, 0.0311, 0.0768, 0.0225, 0.0856, 0.6711], [0.0508, 0.0153, 0.0752, 0.0295, 0.0349, 0.0777, 0.7166], [0.0702, 0.0372, 0.0245, 0.0608, 0.0574, 0.0594, 0.6907], [0.0707, 0.08, 0.017, 0.0137, 0.0385, 0.0601, 0.7199], [0.0738, 0.0553, 0.0602, 0.0282, 0.056, 0.0215, 0.705], [0.0364, 0.0476, 0.0906, 0.0561, 0.0226, 0.0785, 0.6682], [0.0309, 0.0433, 0.0209, 0.0156, 0.06, 0.0277, 0.8016], [0.0245, 0.0562, 0.0474, 0.0731, 0.0594, 0.0736, 0.6658], [0.0385, 0.0392, 0.0558, 0.0398, 0.0325, 0.0247, 0.7695], [0.0452, 0.0654, 0.03, 0.0154, 0.046, 0.0614, 0.7365], [0.0951, 0.0186, 0.0444, 0.0916, 0.0246, 0.0215, 0.7041], [0.0773, 0.0496, 0.0816, 0.0316, 0.0547, 0.0691, 0.6361], [0.0744, 0.0728, 0.0782, 0.0795, 0.0563, 0.0753, 0.5634], [0.0493, 0.0743, 0.0685, 0.0169, 0.0709, 0.0386, 0.6815], [0.037, 0.0374, 0.0619, 0.0381, 0.0786, 0.0631, 0.684], [0.0186, 0.043, 0.0369, 0.0523, 0.0332, 0.057, 0.7591], [0.038, 0.0801, 0.0655, 0.0206, 0.0302, 0.0304, 0.7352], [0.0418, 0.0451, 0.0703, 0.0605, 0.0768, 0.0895, 0.6159], [0.0882, 0.0626, 0.0423, 0.0322, 0.0557, 0.0392, 0.6798], [0.0809, 0.0369, 0.0623, 0.0484, 0.0655, 0.0149, 0.6911], [0.0734, 0.0266, 0.0792, 0.0148, 0.0537, 0.0672, 0.6851], [0.0426, 0.0187, 0.0727, 0.0482, 0.0474, 0.0436, 0.7267], [0.0583, 0.0381, 0.0169, 0.0533, 0.0731, 0.0449, 0.7155], [0.0535, 0.0379, 0.0495, 0.0409, 0.0374, 0.0748, 0.7061], [0.039, 0.0652, 0.0322, 0.0217, 0.0151, 0.0206, 0.8062], [0.0127, 0.0734, 0.0148, 0.0437, 0.0448, 0.0198, 0.7909], [0.0278, 0.0864, 0.0165, 0.0263, 0.0361, 0.075, 0.732], [0.0363, 0.0735, 0.087, 0.0751, 0.0753, 0.078, 0.5748], [0.0622, 0.0734, 0.0748, 0.0806, 0.0346, 0.0316, 0.6427], [0.0487, 0.0278, 0.0574, 0.0661, 0.0653, 0.0641, 0.6707], [0.0364, 0.0605, 0.0665, 0.0135, 0.0383, 0.0677, 0.7172], [0.0141, 0.0199, 0.0434, 0.0797, 0.0409, 0.019, 0.7829], [0.0258, 0.0481, 0.0355, 0.0475, 0.0479, 0.04, 0.7552], [0.0384, 0.0672, 0.0523, 0.0491, 0.0466, 0.0617, 0.6847], [0.0625, 0.0754, 0.043, 0.0435, 0.0255, 0.0467, 0.7034], [0.0661, 0.0503, 0.0282, 0.0594, 0.0711, 0.0466, 0.6782], [0.0208, 0.0708, 0.0808, 0.0696, 0.0391, 0.0465, 0.6724], [0.0218, 0.0685, 0.032, 0.0541, 0.0491, 0.0211, 0.7534], [0.0774, 0.0591, 0.0348, 0.0734, 0.0971, 0.0422, 0.6158], [0.07, 0.0206, 0.0765, 0.0783, 0.0473, 0.0221, 0.6852], [0.0698, 0.0666, 0.0774, 0.0812, 0.0452, 0.0246, 0.6352], [0.0305, 0.0524, 0.0455, 0.0374, 0.0769, 0.0777, 0.6795], [0.0458, 0.0317, 0.0915, 0.0538, 0.0369, 0.0866, 0.6538], [0.0857, 0.0182, 0.0201, 0.0955, 0.0553, 0.095, 0.6301], [0.0733, 0.0167, 0.0322, 0.0408, 0.0589, 0.0549, 0.7232], [0.0658, 0.0612, 0.0402, 0.0513, 0.0199, 0.0776, 0.6841], [0.068, 0.0626, 0.0454, 0.0751, 0.0274, 0.0678, 0.6537], [0.0941, 0.0342, 0.0524, 0.0302, 0.0548, 0.0522, 0.6822], [0.0838, 0.0555, 0.0799, 0.037, 0.0586, 0.0818, 0.6034], [0.059, 0.0771, 0.0581, 0.0386, 0.0557, 0.0215, 0.6901], [0.0769, 0.0874, 0.0669, 0.0335, 0.0291, 0.0729, 0.6334], [0.0256, 0.0391, 0.0583, 0.0321, 0.0452, 0.0388, 0.7608], [0.0358, 0.0439, 0.0188, 0.0168, 0.073, 0.0761, 0.7356], [0.0525, 0.0836, 0.0374, 0.0835, 0.0649, 0.0685, 0.6095], [0.0482, 0.0169, 0.0289, 0.0282, 0.061, 0.0931, 0.7236], [0.0646, 0.0321, 0.0375, 0.0332, 0.0894, 0.0985, 0.6448], [0.0539, 0.0633, 0.0372, 0.0709, 0.077, 0.0382, 0.6595], [0.0576, 0.0427, 0.0607, 0.0214, 0.0192, 0.035, 0.7634], [0.0242, 0.0194, 0.0412, 0.0285, 0.0238, 0.0563, 0.8066], [0.0673, 0.0398, 0.0711, 0.0637, 0.0207, 0.0639, 0.6735], [0.0678, 0.0121, 0.0791, 0.0396, 0.0543, 0.0204, 0.7268], [0.0182, 0.0273, 0.0329, 0.0713, 0.0387, 0.049, 0.7625], [0.0926, 0.0566, 0.0533, 0.043, 0.0205, 0.0682, 0.6657], [0.0195, 0.0203, 0.0587, 0.0447, 0.0287, 0.0747, 0.7535], [0.0989, 0.066, 0.0982, 0.0332, 0.0274, 0.0179, 0.6584]], "emotions": ["purple", "purple", "purple", "purple", "purple", "purple", "purple", "purple", "purple", "purple", "purple", "purple", "purple", "purple", "purple", "purple", "purple", "purple", "purple", "purple", "purple", "purple", "purple", "purple", "purple", "purple", "purple", "purple", "purple", "purple", "purple", "purple", "purple", "purple", "purple", "purple", "purple", "purple", "purple", "purple", "purple", "purple", "purple", "purple", "purple", "purple", "purple", "purple", "purple", "purple", "purple", "purple", "purple", "purple", "purple", "purple", "purple", "purple", "purple", "purple", "purple", "purple", "purple", "purple", "purple", "purple", "purple", "purple", "purple", "purple", "purple", "purple", "purple", "purple", "purple", "purple", "purple", "purple", "purple", "purple"], "timestamps": [0, 40, 80, 120, 160, 200, 240, 280, 320, 360, 400, 440, 480, 520, 560, 600, 640, 680, 720, 760, 800, 840, 880, 920, 960, 1000, 1040, 1080, 1120, 1160, 1200, 1240, 1280, 1320, 1360, 1400, 1440, 1480, 1520, 1560, 1600, 1640, 1680, 1720, 1760, 1800, 1840, 1880, 1920, 1960, 2000, 2040, 2080, 2120, 2160, 2200, 2240, 2280, 2320, 2360, 2400, 2440, 2480, 2520, 2560, 2600, 2640, 2680, 2720, 2760, 2800, 2840, 2880, 2920, 2960, 3000, 3040, 3080, 3120, 3160]}], "conversation": [], "conversation_timestamps": []}