{"agent_id": "agent-green-1917", "type": "green", "trips": [{"trip_id": 0, "transport_method": "bicycle", "start_time": 0, "path": [[1.5361606, 42.5566754], [1.5352803, 42.5562861], [1.5344155, 42.5563346], [1.5333678, 42.5557894], [1.5327651, 42.5556238], [1.53158, 42.5556974], [1.5304649, 42.5552901], [1.5294217, 42.554725], [1.5287053, 42.5537754], [1.5278304, 42.5529675], [1.5269373, 42.552175], [1.5269393, 42.5522158], [1.5278941, 42.5529326], [1.5285564, 42.5535946], [1.5277476, 42.5527163], [1.5269387, 42.551838], [1.5266178, 42.5509623], [1.525933, 42.5499848], [1.5253995, 42.5489176], [1.5248581, 42.5478952], [1.5247167, 42.5467542], [1.5245544, 42.5460143], [1.5239238, 42.5450014], [1.5234557, 42.5439163], [1.5232327, 42.5434772], [1.5229207, 42.5423478], [1.5231355, 42.5412384], [1.5235103, 42.5408735], [1.5231949, 42.539752], [1.5231187, 42.5385672], [1.5238973, 42.537815], [1.5250245, 42.5376176], [1.5250223, 42.5368172], [1.5238486, 42.5366093], [1.5229427, 42.5360039], [1.5222104, 42.5350648], [1.5212118, 42.5344455], [1.5207726, 42.5334488], [1.5213373, 42.5325098], [1.5209298, 42.5314438], [1.5212397, 42.5305025], [1.5219081, 42.5295647], [1.5213918, 42.5287213], [1.520868, 42.5277235], [1.5206902, 42.5266305], [1.5207871, 42.5256859], [1.5206319, 42.5268338], [1.5206572, 42.5269032], [1.520731, 42.5257115], [1.5206998, 42.5245461], [1.5213731, 42.5235672], [1.5219033, 42.5225163], [1.5227462, 42.5217012], [1.5234588, 42.5207856], [1.5238509, 42.5196579], [1.5235252, 42.5207126], [1.5236334, 42.5203862], [1.5240746, 42.5192767], [1.5248256, 42.5184737], [1.5257045, 42.5176705], [1.5266836, 42.5170724], [1.5277123, 42.5165186], [1.5287544, 42.5159719], [1.5295057, 42.5150507], [1.5303728, 42.5142593], [1.5304053, 42.5131189], [1.5309781, 42.5121088], [1.5299989, 42.5115418], [1.5295942, 42.5106727], [1.5289188, 42.5097506], [1.5288855, 42.5097347], [1.5290426, 42.5098737], [1.5281761, 42.5090522], [1.5271381, 42.5085216], [1.5259609, 42.5083618], [1.5249045, 42.5079169], [1.5237263, 42.5077874], [1.5225565, 42.50774], [1.5214842, 42.5075207], [1.5215321, 42.5080651]], "mood_vectors": [[0.0485, 0.0131, 0.0543, 0.0341, 0.0128, 0.0407, 0.7965], [0.0763, 0.0284, 0.0199, 0.0826, 0.0519, 0.0706, 0.6703], [0.0204, 0.0313, 0.072, 0.0181, 0.078, 0.0286, 0.7516], [0.0806, 0.0493, 0.0489, 0.0151, 0.0555, 0.0506, 0.6999], [0.0377, 0.0219, 0.088, 0.0273, 0.0158, 0.0641, 0.7452], [0.0261, 0.1035, 0.0151, 0.0167, 0.0306, 0.0367, 0.7712], [0.0504, 0.0199, 0.0592, 0.032, 0.0464, 0.0426, 0.7495], [0.0959, 0.0292, 0.0371, 0.0977, 0.0308, 0.0939, 0.6155], [0.0691, 0.0593, 0.0261, 0.0477, 0.0691, 0.0281, 0.7006], [0.0636, 0.0252, 0.0701, 0.0692, 0.0689, 0.0754, 0.6276], [0.0802, 0.0583, 0.0267, 0.0533, 0.0535, 0.064, 0.6641], [0.0407, 0.0521, 0.0369, 0.0271, 0.0375, 0.0127, 0.793], [0.0229, 0.0673, 0.0638, 0.0192, 0.02, 0.0619, 0.7448], [0.0346, 0.055, 0.0581, 0.0228, 0.065, 0.0639, 0.7006], [0.0146, 0.049, 0.08, 0.0715, 0.0369, 0.0194, 0.7286], [0.0433, 0.0561, 0.0352, 0.0358, 0.0619, 0.0396, 0.728], [0.0234, 0.0133, 0.0132, 0.0628, 0.0649, 0.0748, 0.7476], [0.0224, 0.0261, 0.0577, 0.0273, 0.0872, 0.033, 0.7462], [0.057, 0.0622, 0.0423, 0.0596, 0.0588, 0.0693, 0.6507], [0.058, 0.0239, 0.0638, 0.0477, 0.0614, 0.0302, 0.715], [0.0627, 0.076, 0.0741, 0.018, 0.0874, 0.0311, 0.6507], [0.0552, 0.0585, 0.0619, 0.0653, 0.0211, 0.0479, 0.6902], [0.0191, 0.0727, 0.0804, 0.0591, 0.0284, 0.0622, 0.6782], [0.0446, 0.0283, 0.014, 0.0636, 0.0195, 0.0264, 0.8036], [0.0267, 0.0776, 0.0561, 0.0619, 0.0192, 0.0227, 0.7358], [0.0509, 0.0639, 0.0686, 0.0698, 0.0435, 0.0628, 0.6406], [0.0421, 0.0788, 0.0435, 0.0268, 0.0374, 0.0783, 0.6931], [0.0139, 0.0475, 0.0719, 0.0804, 0.0553, 0.0841, 0.6468], [0.062, 0.0478, 0.0246, 0.0682, 0.0628, 0.0303, 0.7044], [0.0461, 0.0279, 0.0322, 0.0262, 0.0291, 0.0169, 0.8216], [0.0451, 0.0654, 0.0611, 0.0479, 0.0675, 0.04, 0.6729], [0.0822, 0.0172, 0.067, 0.0566, 0.0794, 0.0867, 0.6108], [0.0727, 0.0223, 0.0429, 0.0487, 0.0668, 0.0194, 0.7273], [0.0885, 0.0562, 0.0801, 0.0222, 0.0807, 0.0145, 0.6577], [0.0672, 0.0269, 0.0615, 0.057, 0.0459, 0.0611, 0.6803], [0.0533, 0.0413, 0.0223, 0.065, 0.0197, 0.0673, 0.731], [0.0499, 0.0593, 0.0472, 0.0708, 0.0579, 0.0657, 0.6492], [0.0799, 0.0502, 0.0784, 0.0743, 0.0164, 0.0583, 0.6423], [0.0453, 0.0429, 0.0199, 0.0799, 0.0565, 0.0407, 0.7149], [0.0409, 0.0334, 0.0308, 0.051, 0.0722, 0.0201, 0.7518], [0.0361, 0.0768, 0.0759, 0.0227, 0.0447, 0.0147, 0.7292], [0.0521, 0.0652, 0.0721, 0.0685, 0.0177, 0.0802, 0.6442], [0.0238, 0.0227, 0.0379, 0.0202, 0.0402, 0.0174, 0.8377], [0.0638, 0.0708, 0.0591, 0.0131, 0.0646, 0.0469, 0.6817], [0.0451, 0.0139, 0.0754, 0.0788, 0.0647, 0.0272, 0.6948], [0.0733, 0.027, 0.0381, 0.0731, 0.0697, 0.0472, 0.6717], [0.0561, 0.0582, 0.0346, 0.0361, 0.0443, 0.0755, 0.6951], [0.0635, 0.049, 0.0405, 0.0607, 0.0738, 0.0509, 0.6615], [0.0554, 0.0311, 0.0637, 0.021, 0.0358, 0.0629, 0.73], [0.03, 0.0168, 0.0298, 0.0274, 0.0719, 0.0725, 0.7516], [0.0624, 0.0434, 0.0322, 0.0217, 0.0548, 0.0512, 0.7343], [0.0472, 0.0151, 0.0586, 0.0618, 0.0756, 0.0645, 0.6772], [0.06, 0.0362, 0.0266, 0.0537, 0.0647, 0.0458, 0.7131], [0.0703, 0.0676, 0.0401, 0.0439, 0.0312, 0.0399, 0.707], [0.026, 0.0191, 0.0235, 0.0307, 0.0174, 0.0395, 0.8439], [0.0496, 0.068, 0.023, 0.0773, 0.0678, 0.046, 0.6682], [0.0527, 0.0526, 0.0749, 0.0329, 0.0208, 0.0649, 0.7011], [0.014, 0.0576, 0.0622, 0.091, 0.0159, 0.0381, 0.7212], [0.0313, 0.037, 0.0909, 0.0742, 0.0507, 0.0745, 0.6415], [0.0304, 0.0606, 0.0531, 0.0725, 0.0407, 0.0553, 0.6875], [0.0366, 0.0773, 0.0722, 0.0194, 0.0686, 0.0679, 0.658], [0.0422, 0.0854, 0.0762, 0.0838, 0.0211, 0.0687, 0.6225], [0.0813, 0.0628, 0.071, 0.0488, 0.0343, 0.0743, 0.6274], [0.0589, 0.0269, 0.0202, 0.0161, 0.0275, 0.0627, 0.7877], [0.0409, 0.0688, 0.0462, 0.0182, 0.0193, 0.0364, 0.7702], [0.0861, 0.0595, 0.0194, 0.0534, 0.078, 0.0168, 0.6868], [0.0877, 0.0269, 0.0406, 0.0856, 0.0393, 0.0134, 0.7066], [0.0826, 0.0232, 0.0562, 0.0159, 0.0496, 0.0915, 0.681], [0.0239, 0.0332, 0.0753, 0.0695, 0.0503, 0.054, 0.6937], [0.0868, 0.0414, 0.0688, 0.0145, 0.027, 0.0998, 0.6618], [0.0632, 0.0524, 0.0606, 0.0545, 0.0475, 0.0387, 0.6832], [0.0211, 0.0695, 0.0706, 0.0805, 0.0548, 0.0206, 0.6829], [0.0843, 0.0357, 0.0273, 0.0184, 0.0614, 0.0446, 0.7283], [0.0445, 0.025, 0.1003, 0.0643, 0.0892, 0.0398, 0.637], [0.0334, 0.039, 0.0892, 0.0689, 0.0269, 0.0426, 0.7], [0.091, 0.0693, 0.0529, 0.0257, 0.0433, 0.0397, 0.6781], [0.0548, 0.0628, 0.0531, 0.0821, 0.0416, 0.0176, 0.6879], [0.0848, 0.0156, 0.0298, 0.0269, 0.0747, 0.0371, 0.7311], [0.0378, 0.0806, 0.0464, 0.0425, 0.0478, 0.0695, 0.6755], [0.0219, 0.0897, 0.058, 0.0468, 0.0154, 0.0221, 0.7463]], "emotions": ["purple", "purple", "purple", "purple", "purple", "purple", "purple", "purple", "purple", "purple", "purple", "purple", "purple", "purple", "purple", "purple", "purple", "purple", "purple", "purple", "purple", "purple", "purple", "purple", "purple", "purple", "purple", "purple", "purple", "purple", "purple", "purple", "purple", "purple", "purple", "purple", "purple", "purple", "purple", "purple", "purple", "purple", "purple", "purple", "purple", "purple", "purple", "purple", "purple", "purple", "purple", "purple", "purple", "purple", "purple", "purple", "purple", "purple", "purple", "purple", "purple", "purple", "purple", "purple", "purple", "purple", "purple", "purple", "purple", "purple", "purple", "purple", "purple", "purple", "purple", "purple", "purple", "purple", "purple", "purple"], "timestamps": [0, 40, 80, 120, 160, 200, 240, 280, 320, 360, 400, 440, 480, 520, 560, 600, 640, 680, 720, 760, 800, 840, 880, 920, 960, 1000, 1040, 1080, 1120, 1160, 1200, 1240, 1280, 1320, 1360, 1400, 1440, 1480, 1520, 1560, 1600, 1640, 1680, 1720, 1760, 1800, 1840, 1880, 1920, 1960, 2000, 2040, 2080, 2120, 2160, 2200, 2240, 2280, 2320, 2360, 2400, 2440, 2480, 2520, 2560, 2600, 2640, 2680, 2720, 2760, 2800, 2840, 2880, 2920, 2960, 3000, 3040, 3080, 3120, 3160]}], "conversation": [], "conversation_timestamps": []}