{"agent_id": "agent-blue-790", "type": "blue", "trips": [{"trip_id": 0, "transport_method": "bus", "start_time": 0, "path": [[1.5210737, 42.5027129], [1.5211966, 42.5028455], [1.5213195, 42.5029782], [1.5214785, 42.5030556], [1.5216124, 42.5031692], [1.5214891, 42.5032723], [1.5213192, 42.5033339], [1.5212776, 42.5034009], [1.5214165, 42.5035078], [1.521507, 42.5036637], [1.5215696, 42.503833], [1.5216014, 42.5040105], [1.5216084, 42.5041908], [1.5216543, 42.5043398], [1.5218213, 42.5044091], [1.5219484, 42.504468], [1.5221283, 42.5044861], [1.5223082, 42.5045043], [1.5224881, 42.5045224], [1.5226679, 42.504541], [1.5228302, 42.5045732], [1.5230036, 42.5045837], [1.5231819, 42.5045674], [1.5233393, 42.5046255], [1.5235166, 42.5046611], [1.5236939, 42.5046966], [1.5238712, 42.5047321], [1.5240434, 42.5047853], [1.5242231, 42.5048053], [1.5244029, 42.5048249], [1.5245826, 42.5048445], [1.524455, 42.5048306], [1.5242753, 42.504811], [1.5240955, 42.5047914], [1.5241736, 42.5048049], [1.5243525, 42.5048313], [1.5245313, 42.5048577], [1.5247102, 42.5048842], [1.5248891, 42.5049106], [1.525068, 42.504937], [1.5252468, 42.5049635], [1.5254257, 42.5049899], [1.5256046, 42.5050163], [1.5257835, 42.5050428], [1.5259623, 42.5050692], [1.5261413, 42.5050931], [1.5263219, 42.5050837], [1.5265025, 42.5050742], [1.5266793, 42.5050957], [1.5268524, 42.5051478], [1.5270252, 42.5052011], [1.5271954, 42.5052621], [1.5273656, 42.5053232], [1.5275367, 42.5053817], [1.5277081, 42.5054391], [1.5278796, 42.5054966], [1.5278673, 42.5054986], [1.5276932, 42.5054495], [1.5275218, 42.5053935], [1.5274793, 42.50536], [1.5276527, 42.5054111], [1.5278262, 42.5054623], [1.5279996, 42.5055134], [1.528173, 42.5055645], [1.5283465, 42.5056157], [1.5285199, 42.5056668], [1.5286933, 42.5057179], [1.5288668, 42.5057691], [1.5290402, 42.5058202], [1.5292018, 42.505896], [1.5293503, 42.5059992], [1.5294988, 42.5061024], [1.5296473, 42.5062056], [1.5297944, 42.5063107], [1.5299415, 42.5064159], [1.5300886, 42.506521], [1.5302683, 42.5065221], [1.5304491, 42.5065198], [1.5306299, 42.5065175], [1.5308107, 42.5065153]], "mood_vectors": [[0.0172, 0.0351, 0.0976, 0.7302, 0.0178, 0.0362, 0.0659], [0.0632, 0.0412, 0.0421, 0.6745, 0.0686, 0.0516, 0.0589], [0.0755, 0.0489, 0.0281, 0.732, 0.0159, 0.0655, 0.0342], [0.0173, 0.0359, 0.07, 0.7357, 0.0642, 0.0451, 0.0317], [0.0811, 0.0324, 0.0583, 0.7099, 0.0633, 0.0243, 0.0306], [0.0645, 0.0476, 0.0526, 0.6956, 0.0608, 0.0468, 0.0321], [0.0206, 0.0378, 0.0522, 0.7371, 0.0441, 0.0375, 0.0707], [0.0659, 0.0704, 0.0613, 0.6827, 0.0521, 0.0286, 0.0391], [0.0355, 0.0317, 0.0284, 0.7477, 0.0393, 0.043, 0.0745], [0.0723, 0.0342, 0.0119, 0.7079, 0.0617, 0.0369, 0.0751], [0.0445, 0.0676, 0.03, 0.7655, 0.0387, 0.0251, 0.0286], [0.0718, 0.0442, 0.0868, 0.6817, 0.0362, 0.0146, 0.0646], [0.0829, 0.0188, 0.0411, 0.6569, 0.0558, 0.0672, 0.0774], [0.014, 0.0527, 0.0789, 0.6931, 0.0696, 0.028, 0.0637], [0.025, 0.0477, 0.0496, 0.6998, 0.0752, 0.0656, 0.0371], [0.0242, 0.0819, 0.0319, 0.7073, 0.0582, 0.046, 0.0505], [0.0442, 0.0821, 0.0616, 0.67, 0.0636, 0.0439, 0.0347], [0.0716, 0.068, 0.0598, 0.6389, 0.0558, 0.0807, 0.0252], [0.0407, 0.0253, 0.034, 0.7528, 0.0238, 0.0341, 0.0894], [0.0506, 0.0236, 0.0193, 0.7598, 0.0608, 0.063, 0.0229], [0.0401, 0.045, 0.0815, 0.629, 0.0601, 0.074, 0.0704], [0.0715, 0.0674, 0.0769, 0.6454, 0.0138, 0.0468, 0.0781], [0.0273, 0.0744, 0.0769, 0.6331, 0.0763, 0.0722, 0.0398], [0.0832, 0.0389, 0.0504, 0.6747, 0.0726, 0.0332, 0.0471], [0.0746, 0.0712, 0.0498, 0.6772, 0.023, 0.0568, 0.0474], [0.0348, 0.0584, 0.0272, 0.7118, 0.0771, 0.0782, 0.0125], [0.0372, 0.0631, 0.0227, 0.7515, 0.0472, 0.0491, 0.0293], [0.0571, 0.0246, 0.0241, 0.7569, 0.0157, 0.0487, 0.0729], [0.0424, 0.0348, 0.0415, 0.6962, 0.0347, 0.0698, 0.0806], [0.0331, 0.0676, 0.0737, 0.6681, 0.058, 0.0143, 0.0853], [0.036, 0.0785, 0.0347, 0.7187, 0.0538, 0.0584, 0.0201], [0.0503, 0.073, 0.0229, 0.731, 0.0495, 0.0446, 0.0287], [0.0185, 0.0644, 0.0672, 0.7618, 0.0233, 0.0265, 0.0383], [0.066, 0.0649, 0.0265, 0.6997, 0.0477, 0.0598, 0.0354], [0.0626, 0.0718, 0.026, 0.6559, 0.067, 0.0533, 0.0635], [0.0374, 0.075, 0.0736, 0.6815, 0.0667, 0.0232, 0.0427], [0.0741, 0.0678, 0.0442, 0.6633, 0.0141, 0.069, 0.0674], [0.0826, 0.022, 0.0808, 0.7153, 0.0274, 0.0526, 0.0193], [0.083, 0.0744, 0.0368, 0.708, 0.0176, 0.0172, 0.063], [0.063, 0.0786, 0.0626, 0.6056, 0.074, 0.026, 0.0902], [0.045, 0.0378, 0.0409, 0.7858, 0.0358, 0.0412, 0.0135], [0.0442, 0.0436, 0.0543, 0.6514, 0.0793, 0.0486, 0.0786], [0.0434, 0.0722, 0.0665, 0.679, 0.0341, 0.0278, 0.077], [0.0345, 0.0649, 0.0695, 0.7375, 0.03, 0.0151, 0.0484], [0.071, 0.0553, 0.045, 0.7095, 0.0122, 0.0544, 0.0526], [0.0443, 0.0321, 0.0863, 0.7051, 0.054, 0.033, 0.0452], [0.0923, 0.0629, 0.0219, 0.7308, 0.027, 0.0256, 0.0394], [0.0637, 0.0531, 0.027, 0.6779, 0.0588, 0.0611, 0.0584], [0.0131, 0.051, 0.0415, 0.7321, 0.07, 0.039, 0.0532], [0.0236, 0.0618, 0.0464, 0.6969, 0.0319, 0.089, 0.0503], [0.0389, 0.0648, 0.0602, 0.7486, 0.0157, 0.0513, 0.0207], [0.0907, 0.0483, 0.0291, 0.6692, 0.0622, 0.0186, 0.0819], [0.0673, 0.0549, 0.0469, 0.6497, 0.0322, 0.0667, 0.0823], [0.0278, 0.0369, 0.0478, 0.7545, 0.0793, 0.0399, 0.0138], [0.068, 0.035, 0.0416, 0.6235, 0.0814, 0.0715, 0.079], [0.0328, 0.0642, 0.0592, 0.6759, 0.0713, 0.0187, 0.0779], [0.0266, 0.0382, 0.0213, 0.7452, 0.0441, 0.0573, 0.0674], [0.0506, 0.0708, 0.0533, 0.6764, 0.0181, 0.0657, 0.0652], [0.0418, 0.0392, 0.0409, 0.7245, 0.043, 0.0764, 0.0342], [0.0655, 0.0237, 0.0637, 0.6963, 0.0677, 0.0132, 0.0699], [0.0372, 0.0339, 0.0275, 0.7013, 0.0564, 0.0812, 0.0626], [0.0192, 0.0667, 0.0805, 0.716, 0.0451, 0.0365, 0.036], [0.0581, 0.0903, 0.0805, 0.6779, 0.0273, 0.0137, 0.0522], [0.075, 0.0619, 0.0583, 0.6915, 0.0626, 0.0344, 0.0163], [0.0589, 0.0226, 0.0348, 0.6886, 0.0364, 0.0919, 0.0668], [0.0423, 0.0481, 0.0245, 0.7074, 0.0865, 0.0593, 0.0319], [0.0364, 0.0693, 0.023, 0.7051, 0.0386, 0.0658, 0.0619], [0.0553, 0.0295, 0.0276, 0.6945, 0.0533, 0.0973, 0.0425], [0.0487, 0.0621, 0.0573, 0.6735, 0.0682, 0.0615, 0.0288], [0.0376, 0.0528, 0.0576, 0.7532, 0.028, 0.0511, 0.0196], [0.0687, 0.0557, 0.0453, 0.6827, 0.0689, 0.0493, 0.0295], [0.0786, 0.0245, 0.0497, 0.6693, 0.0363, 0.0749, 0.0667], [0.0559, 0.0327, 0.0158, 0.7438, 0.032, 0.0572, 0.0626], [0.0231, 0.0379, 0.0572, 0.7069, 0.0326, 0.0909, 0.0513], [0.0195, 0.0167, 0.0822, 0.7839, 0.0167, 0.0422, 0.0387], [0.048, 0.0567, 0.0526, 0.7148, 0.022, 0.0595, 0.0463], [0.0214, 0.0326, 0.0128, 0.7733, 0.0276, 0.0738, 0.0584], [0.0426, 0.065, 0.0361, 0.7364, 0.0443, 0.0434, 0.0321], [0.0192, 0.0319, 0.0668, 0.7302, 0.0719, 0.0619, 0.0181], [0.0756, 0.035, 0.0348, 0.6662, 0.0519, 0.0601, 0.0764]], "emotions": ["green", "green", "green", "green", "green", "green", "green", "green", "green", "green", "green", "green", "green", "green", "green", "green", "green", "green", "green", "green", "green", "green", "green", "green", "green", "green", "green", "green", "green", "green", "green", "green", "green", "green", "green", "green", "green", "green", "green", "green", "green", "green", "green", "green", "green", "green", "green", "green", "green", "green", "green", "green", "green", "green", "green", "green", "green", "green", "green", "green", "green", "green", "green", "green", "green", "green", "green", "green", "green", "green", "green", "green", "green", "green", "green", "green", "green", "green", "green", "green"], "timestamps": [0, 40, 80, 120, 160, 200, 240, 280, 320, 360, 400, 440, 480, 520, 560, 600, 640, 680, 720, 760, 800, 840, 880, 920, 960, 1000, 1040, 1080, 1120, 1160, 1200, 1240, 1280, 1320, 1360, 1400, 1440, 1480, 1520, 1560, 1600, 1640, 1680, 1720, 1760, 1800, 1840, 1880, 1920, 1960, 2000, 2040, 2080, 2120, 2160, 2200, 2240, 2280, 2320, 2360, 2400, 2440, 2480, 2520, 2560, 2600, 2640, 2680, 2720, 2760, 2800, 2840, 2880, 2920, 2960, 3000, 3040, 3080, 3120, 3160]}], "conversation": [], "conversation_timestamps": []}