{"agent_id": "agent-green-447", "type": "green", "trips": [{"trip_id": 0, "transport_method": "foot", "start_time": 0, "path": [[1.5857658, 42.5341892], [1.5856636, 42.5337236], [1.5852781, 42.533443], [1.5839196, 42.5323164], [1.5822966, 42.5316907], [1.5805292, 42.5317403], [1.5787622, 42.5318049], [1.5769978, 42.5317025], [1.5752562, 42.5314014], [1.5738619, 42.5303692], [1.5734938, 42.5302914], [1.57478, 42.5312211], [1.573479, 42.5300232], [1.5719336, 42.5293558], [1.5704526, 42.5287185], [1.569909, 42.5282692], [1.5713015, 42.5293428], [1.5699252, 42.5284427], [1.5684534, 42.5274623], [1.5680115, 42.5271581], [1.5687097, 42.5275476], [1.5672413, 42.5265622], [1.5657549, 42.5256116], [1.5640914, 42.5250809], [1.562509, 42.524338], [1.561267, 42.5230917], [1.5598531, 42.5220868], [1.5584309, 42.5210621], [1.5571711, 42.5198219], [1.5564886, 42.5189987], [1.5566431, 42.5192701], [1.5555347, 42.5182039], [1.554928, 42.5178709], [1.5537584, 42.5168804], [1.5541889, 42.5172699], [1.5533308, 42.5157638], [1.5527257, 42.5141771], [1.5515554, 42.5130444], [1.5501513, 42.5120165], [1.5484608, 42.51151], [1.5467562, 42.5110473], [1.5464163, 42.5099588], [1.5452629, 42.5093529], [1.5435447, 42.5090468], [1.541801, 42.508849], [1.5403404, 42.5085043], [1.5386073, 42.5082303], [1.5376799, 42.5080619], [1.5363243, 42.5078276], [1.5346572, 42.5072688], [1.5355329, 42.5076727], [1.5341748, 42.5070554], [1.5324797, 42.506634], [1.5308987, 42.5061136], [1.5293231, 42.5054443], [1.5275721, 42.50532], [1.5258149, 42.5052707], [1.5240778, 42.5049397], [1.5223368, 42.5047618], [1.5207183, 42.504203], [1.5206042, 42.504109], [1.5220196, 42.5048075], [1.5203616, 42.5041923], [1.51876, 42.5035756], [1.5170027, 42.5037409], [1.5154342, 42.502998], [1.51385, 42.5022866], [1.5125815, 42.5012823], [1.5115137, 42.4998728], [1.5104155, 42.4984866], [1.508892, 42.4976108], [1.5072733, 42.4969027], [1.5056029, 42.4963224], [1.5039987, 42.4955927], [1.502357, 42.4949468], [1.5007561, 42.4941956], [1.4994283, 42.4932729], [1.4977638, 42.4928161], [1.496379, 42.4917853], [1.4955558, 42.4915159]], "mood_vectors": [[0.0579, 0.0542, 0.0445, 0.0418, 0.0404, 0.0477, 0.7135], [0.0776, 0.0697, 0.0319, 0.072, 0.0253, 0.0656, 0.6578], [0.019, 0.0429, 0.0146, 0.0389, 0.0326, 0.049, 0.8032], [0.0445, 0.0592, 0.061, 0.0262, 0.0246, 0.0441, 0.7403], [0.0814, 0.0266, 0.0469, 0.0371, 0.025, 0.063, 0.7199], [0.0587, 0.059, 0.0128, 0.0258, 0.0699, 0.0458, 0.7279], [0.0246, 0.0816, 0.0505, 0.0669, 0.0142, 0.0579, 0.7042], [0.0503, 0.0278, 0.0552, 0.0168, 0.0415, 0.0307, 0.7776], [0.0479, 0.0579, 0.0647, 0.0469, 0.0866, 0.0389, 0.657], [0.0241, 0.0614, 0.0639, 0.0493, 0.0538, 0.034, 0.7135], [0.0141, 0.0751, 0.0172, 0.088, 0.0505, 0.0939, 0.6612], [0.0529, 0.0538, 0.0465, 0.0218, 0.0713, 0.0619, 0.6918], [0.0192, 0.0582, 0.0464, 0.0699, 0.0713, 0.0452, 0.6898], [0.0526, 0.0204, 0.0442, 0.0839, 0.0406, 0.0173, 0.7411], [0.0259, 0.0431, 0.0625, 0.0152, 0.0547, 0.0153, 0.7832], [0.0208, 0.0739, 0.0601, 0.0616, 0.0657, 0.0238, 0.6942], [0.014, 0.0218, 0.0677, 0.0423, 0.029, 0.0622, 0.763], [0.0605, 0.0462, 0.0709, 0.0477, 0.0232, 0.0224, 0.729], [0.0742, 0.0363, 0.0447, 0.0408, 0.0351, 0.0578, 0.7111], [0.0601, 0.0117, 0.0533, 0.0135, 0.0337, 0.0286, 0.7992], [0.0436, 0.0388, 0.081, 0.0316, 0.0351, 0.0312, 0.7387], [0.0736, 0.0637, 0.031, 0.0199, 0.0186, 0.0865, 0.7067], [0.0959, 0.032, 0.0461, 0.0504, 0.0926, 0.0519, 0.631], [0.0895, 0.028, 0.0795, 0.0624, 0.0192, 0.0286, 0.6928], [0.0591, 0.076, 0.0704, 0.0314, 0.0773, 0.0551, 0.6308], [0.0657, 0.064, 0.045, 0.0781, 0.0446, 0.0563, 0.6463], [0.0374, 0.0196, 0.0272, 0.0751, 0.0291, 0.0383, 0.7733], [0.0663, 0.0632, 0.0692, 0.0147, 0.0142, 0.0594, 0.713], [0.0771, 0.0483, 0.036, 0.0668, 0.0588, 0.0828, 0.6302], [0.0289, 0.0441, 0.0326, 0.0256, 0.0972, 0.0748, 0.6967], [0.0756, 0.0353, 0.064, 0.0297, 0.0381, 0.0351, 0.7221], [0.0878, 0.0161, 0.0197, 0.088, 0.0159, 0.0783, 0.6942], [0.024, 0.0798, 0.0503, 0.0848, 0.0712, 0.0429, 0.647], [0.0497, 0.0356, 0.0135, 0.0664, 0.0454, 0.0505, 0.739], [0.0694, 0.0716, 0.0164, 0.0356, 0.0315, 0.0734, 0.7021], [0.0357, 0.0736, 0.0283, 0.0763, 0.0348, 0.077, 0.6743], [0.0439, 0.0238, 0.049, 0.0339, 0.043, 0.037, 0.7695], [0.019, 0.0646, 0.0461, 0.0659, 0.0751, 0.0318, 0.6975], [0.0428, 0.069, 0.0402, 0.0243, 0.0243, 0.0374, 0.762], [0.0766, 0.0742, 0.0771, 0.0203, 0.0918, 0.0159, 0.6442], [0.0389, 0.0281, 0.0728, 0.0626, 0.0628, 0.0231, 0.7117], [0.0552, 0.0803, 0.0857, 0.0285, 0.0298, 0.0263, 0.6942], [0.0575, 0.0631, 0.0457, 0.0757, 0.0728, 0.0617, 0.6235], [0.041, 0.053, 0.0461, 0.0656, 0.0337, 0.0731, 0.6875], [0.0663, 0.0953, 0.0477, 0.0423, 0.0541, 0.0437, 0.6506], [0.015, 0.0283, 0.0638, 0.0674, 0.0463, 0.0497, 0.7294], [0.0448, 0.0663, 0.0681, 0.0177, 0.0856, 0.0628, 0.6546], [0.0345, 0.0424, 0.0599, 0.0665, 0.0515, 0.0763, 0.669], [0.0448, 0.0448, 0.0416, 0.0853, 0.0233, 0.0581, 0.7021], [0.0434, 0.0511, 0.0754, 0.0336, 0.0137, 0.0424, 0.7405], [0.0775, 0.0622, 0.0717, 0.0847, 0.0524, 0.063, 0.5885], [0.0661, 0.0931, 0.0832, 0.0285, 0.045, 0.0555, 0.6285], [0.0805, 0.0591, 0.0715, 0.0249, 0.0197, 0.0505, 0.6938], [0.0336, 0.0739, 0.0445, 0.0214, 0.0204, 0.075, 0.7311], [0.0131, 0.0533, 0.0275, 0.0317, 0.0306, 0.0564, 0.7874], [0.0278, 0.0877, 0.057, 0.0263, 0.0279, 0.0621, 0.7112], [0.0604, 0.0161, 0.053, 0.046, 0.0246, 0.0521, 0.748], [0.0295, 0.0559, 0.0296, 0.0574, 0.0659, 0.0744, 0.6873], [0.0592, 0.0703, 0.027, 0.0739, 0.0731, 0.0678, 0.6288], [0.0249, 0.0611, 0.0445, 0.0776, 0.0529, 0.0319, 0.7072], [0.0315, 0.0376, 0.0459, 0.0817, 0.0918, 0.0515, 0.66], [0.0554, 0.0227, 0.0215, 0.0421, 0.0827, 0.0347, 0.7409], [0.0804, 0.0662, 0.0317, 0.0684, 0.0426, 0.0277, 0.6829], [0.0203, 0.0518, 0.0123, 0.0814, 0.0589, 0.066, 0.7094], [0.0517, 0.0603, 0.0358, 0.029, 0.0269, 0.0275, 0.7688], [0.012, 0.0741, 0.0532, 0.0654, 0.0189, 0.0727, 0.7037], [0.0214, 0.0365, 0.0749, 0.0235, 0.0308, 0.0566, 0.7563], [0.018, 0.0541, 0.0369, 0.1047, 0.056, 0.0635, 0.6669], [0.0129, 0.0333, 0.0833, 0.0673, 0.0841, 0.0772, 0.6419], [0.0209, 0.0319, 0.0793, 0.0396, 0.0235, 0.0616, 0.7431], [0.0747, 0.0221, 0.0719, 0.0571, 0.0231, 0.0247, 0.7263], [0.0282, 0.0457, 0.0224, 0.0415, 0.0491, 0.0409, 0.7722], [0.0632, 0.0235, 0.0753, 0.0163, 0.063, 0.0337, 0.725], [0.0208, 0.0154, 0.0381, 0.0712, 0.0596, 0.0312, 0.7638], [0.0832, 0.0258, 0.0367, 0.0657, 0.0477, 0.0165, 0.7245], [0.0184, 0.0527, 0.04, 0.0386, 0.0968, 0.079, 0.6745], [0.0181, 0.0703, 0.0125, 0.0601, 0.0143, 0.0359, 0.7887], [0.0715, 0.0285, 0.0576, 0.0628, 0.0363, 0.0708, 0.6725], [0.0468, 0.015, 0.017, 0.0856, 0.0185, 0.0747, 0.7424], [0.076, 0.032, 0.0514, 0.033, 0.0151, 0.0667, 0.7259]], "emotions": ["purple", "purple", "purple", "purple", "purple", "purple", "purple", "purple", "purple", "purple", "purple", "purple", "purple", "purple", "purple", "purple", "purple", "purple", "purple", "purple", "purple", "purple", "purple", "purple", "purple", "purple", "purple", "purple", "purple", "purple", "purple", "purple", "purple", "purple", "purple", "purple", "purple", "purple", "purple", "purple", "purple", "purple", "purple", "purple", "purple", "purple", "purple", "purple", "purple", "purple", "purple", "purple", "purple", "purple", "purple", "purple", "purple", "purple", "purple", "purple", "purple", "purple", "purple", "purple", "purple", "purple", "purple", "purple", "purple", "purple", "purple", "purple", "purple", "purple", "purple", "purple", "purple", "purple", "purple", "purple"], "timestamps": [0, 40, 80, 120, 160, 200, 240, 280, 320, 360, 400, 440, 480, 520, 560, 600, 640, 680, 720, 760, 800, 840, 880, 920, 960, 1000, 1040, 1080, 1120, 1160, 1200, 1240, 1280, 1320, 1360, 1400, 1440, 1480, 1520, 1560, 1600, 1640, 1680, 1720, 1760, 1800, 1840, 1880, 1920, 1960, 2000, 2040, 2080, 2120, 2160, 2200, 2240, 2280, 2320, 2360, 2400, 2440, 2480, 2520, 2560, 2600, 2640, 2680, 2720, 2760, 2800, 2840, 2880, 2920, 2960, 3000, 3040, 3080, 3120, 3160]}], "conversation": [], "conversation_timestamps": []}