{"agent_id": "agent-red-456", "type": "red", "trips": [{"trip_id": 0, "transport_method": "car", "start_time": 0, "path": [[1.5410993, 42.5092422], [1.5409187, 42.5097043], [1.5409288, 42.5103451], [1.5407096, 42.5104182], [1.5399555, 42.5105544], [1.5391811, 42.5106288], [1.5385643, 42.5110663], [1.5380045, 42.5115503], [1.5372824, 42.5118615], [1.5366439, 42.512307], [1.5359337, 42.5126414], [1.535171, 42.5128133], [1.5344426, 42.513107], [1.5339667, 42.5136204], [1.5332237, 42.5138687], [1.5325073, 42.5141852], [1.5319129, 42.5146907], [1.5313297, 42.5152218], [1.5310459, 42.5154329], [1.530398, 42.5158826], [1.5297126, 42.5162525], [1.5290403, 42.5166671], [1.5283236, 42.5166488], [1.5276347, 42.517015], [1.5269152, 42.5173427], [1.5261897, 42.517655], [1.5255863, 42.5181626], [1.5249679, 42.5186548], [1.5243354, 42.5191293], [1.5239478, 42.5197683], [1.523678, 42.5205037], [1.5232911, 42.5211931], [1.5227126, 42.5217221], [1.5220963, 42.5222091], [1.5217759, 42.5229229], [1.5213574, 42.523585], [1.5208754, 42.5242103], [1.5206235, 42.5249478], [1.520598, 42.5257381], [1.5204132, 42.5264925], [1.5199801, 42.5271451], [1.5202025, 42.5278591], [1.5206073, 42.5285308], [1.5205799, 42.529304], [1.5201065, 42.5299228], [1.5197268, 42.530397], [1.5197539, 42.5311614], [1.5195676, 42.5318929], [1.5197172, 42.532658], [1.5195915, 42.5334183], [1.5196215, 42.5341529], [1.5201798, 42.5347126], [1.5207597, 42.5352496], [1.5212599, 42.5357666], [1.520707, 42.5362721], [1.5202106, 42.5368787], [1.519879, 42.5375936], [1.5195819, 42.5383261], [1.5194527, 42.5391018], [1.5193789, 42.5398727], [1.5194264, 42.540612], [1.5190731, 42.5412512], [1.5183541, 42.5415804], [1.518242, 42.5416386], [1.5189691, 42.5413279], [1.5186166, 42.5414685], [1.5179019, 42.5418069], [1.5174147, 42.5424154], [1.5169906, 42.5430678], [1.51647, 42.543639], [1.5159129, 42.5441998], [1.5153908, 42.5447843], [1.5150328, 42.5454772], [1.5145727, 42.5460008], [1.5139599, 42.5464879], [1.5135493, 42.5471586], [1.513372, 42.547899], [1.5129666, 42.5485269], [1.5123519, 42.5489372], [1.5115774, 42.5487809]], "mood_vectors": [[0.6702, 0.027, 0.0495, 0.0567, 0.0519, 0.0703, 0.0743], [0.7778, 0.0692, 0.0186, 0.0158, 0.0181, 0.0694, 0.0312], [0.7338, 0.0635, 0.0428, 0.0253, 0.0331, 0.051, 0.0505], [0.6434, 0.0825, 0.0343, 0.049, 0.0276, 0.0685, 0.0946], [0.7127, 0.0125, 0.0707, 0.0395, 0.0371, 0.0555, 0.072], [0.6128, 0.0572, 0.0737, 0.088, 0.0584, 0.0559, 0.0542], [0.7013, 0.0388, 0.0822, 0.0454, 0.0501, 0.0412, 0.041], [0.6508, 0.0506, 0.0617, 0.0727, 0.0747, 0.0693, 0.0201], [0.7122, 0.0519, 0.0609, 0.0369, 0.078, 0.0379, 0.0221], [0.7042, 0.0647, 0.0266, 0.0499, 0.0364, 0.0601, 0.0582], [0.657, 0.0678, 0.07, 0.0648, 0.0597, 0.0248, 0.0558], [0.6616, 0.0386, 0.0872, 0.0252, 0.0585, 0.0462, 0.0827], [0.6898, 0.0318, 0.017, 0.0661, 0.0814, 0.0528, 0.061], [0.6284, 0.0173, 0.0837, 0.0673, 0.0777, 0.0485, 0.0771], [0.6546, 0.0436, 0.0345, 0.0416, 0.0715, 0.0595, 0.0946], [0.7459, 0.0202, 0.0231, 0.0856, 0.0512, 0.0151, 0.0589], [0.701, 0.026, 0.0596, 0.0774, 0.0319, 0.0343, 0.0699], [0.6079, 0.0424, 0.0477, 0.075, 0.0651, 0.0797, 0.0822], [0.7296, 0.0192, 0.0594, 0.0303, 0.0701, 0.0187, 0.0727], [0.7297, 0.0696, 0.0148, 0.0775, 0.0212, 0.0299, 0.0573], [0.7271, 0.0645, 0.0401, 0.0417, 0.0878, 0.0247, 0.0141], [0.682, 0.0427, 0.0131, 0.0489, 0.0683, 0.0713, 0.0737], [0.755, 0.0265, 0.0534, 0.0614, 0.0223, 0.0306, 0.0509], [0.739, 0.0171, 0.0389, 0.0616, 0.0363, 0.0311, 0.076], [0.6843, 0.0798, 0.0152, 0.0414, 0.0622, 0.0483, 0.0688], [0.7705, 0.0261, 0.042, 0.0209, 0.0327, 0.0245, 0.0832], [0.7253, 0.0366, 0.0581, 0.0289, 0.0705, 0.036, 0.0446], [0.7341, 0.0179, 0.0468, 0.0219, 0.0788, 0.0407, 0.0599], [0.7027, 0.0649, 0.0284, 0.065, 0.0301, 0.0342, 0.0746], [0.6641, 0.0885, 0.0451, 0.0336, 0.0326, 0.0564, 0.0797], [0.6396, 0.0413, 0.0789, 0.083, 0.0206, 0.056, 0.0807], [0.6854, 0.0755, 0.0677, 0.0237, 0.039, 0.0595, 0.0491], [0.6992, 0.0383, 0.0791, 0.0176, 0.0426, 0.0445, 0.0787], [0.6457, 0.0329, 0.0726, 0.0772, 0.0806, 0.0569, 0.0341], [0.6364, 0.0483, 0.0753, 0.0609, 0.0934, 0.0646, 0.0211], [0.7524, 0.0522, 0.0432, 0.0236, 0.0409, 0.0587, 0.0291], [0.6893, 0.0675, 0.0629, 0.0679, 0.0109, 0.0631, 0.0385], [0.6981, 0.0289, 0.0281, 0.0682, 0.0591, 0.0745, 0.0431], [0.6645, 0.0527, 0.0443, 0.0787, 0.024, 0.0684, 0.0674], [0.7354, 0.0638, 0.0545, 0.0313, 0.0774, 0.0227, 0.0148], [0.7069, 0.032, 0.0421, 0.0523, 0.0288, 0.0743, 0.0636], [0.7361, 0.0563, 0.0236, 0.0331, 0.0526, 0.0773, 0.021], [0.7073, 0.0405, 0.0413, 0.0574, 0.011, 0.0716, 0.0709], [0.7396, 0.0538, 0.0688, 0.0238, 0.0566, 0.0457, 0.0117], [0.6648, 0.0492, 0.0806, 0.0672, 0.0203, 0.0618, 0.0561], [0.7699, 0.0568, 0.0573, 0.0171, 0.0372, 0.0306, 0.0311], [0.678, 0.021, 0.0302, 0.0321, 0.077, 0.0654, 0.0964], [0.716, 0.0602, 0.066, 0.0515, 0.0535, 0.0214, 0.0315], [0.7558, 0.0519, 0.0439, 0.0539, 0.0445, 0.0322, 0.0177], [0.7001, 0.018, 0.0603, 0.0853, 0.0388, 0.0509, 0.0467], [0.7178, 0.0402, 0.0554, 0.0527, 0.0111, 0.059, 0.0638], [0.6964, 0.0385, 0.0236, 0.0758, 0.0572, 0.0693, 0.0392], [0.8276, 0.0224, 0.0366, 0.0315, 0.0136, 0.0382, 0.0301], [0.6683, 0.0155, 0.0624, 0.0475, 0.0797, 0.0527, 0.0738], [0.7215, 0.0715, 0.0659, 0.0194, 0.0581, 0.0348, 0.0289], [0.6611, 0.0721, 0.0813, 0.0275, 0.0408, 0.0941, 0.0231], [0.777, 0.0194, 0.0344, 0.0353, 0.0326, 0.0807, 0.0206], [0.6959, 0.0276, 0.0734, 0.0423, 0.0775, 0.0294, 0.0539], [0.7169, 0.0787, 0.0487, 0.0456, 0.0835, 0.0139, 0.0128], [0.7124, 0.0291, 0.0449, 0.0383, 0.05, 0.0546, 0.0706], [0.754, 0.0218, 0.0652, 0.0588, 0.0379, 0.0416, 0.0206], [0.6823, 0.0837, 0.0688, 0.0326, 0.0783, 0.027, 0.0272], [0.6596, 0.0702, 0.0696, 0.0371, 0.051, 0.0455, 0.067], [0.7097, 0.0617, 0.0624, 0.039, 0.0201, 0.0525, 0.0546], [0.6901, 0.0514, 0.0638, 0.0347, 0.0588, 0.0739, 0.0272], [0.6827, 0.0497, 0.0217, 0.1007, 0.0322, 0.0625, 0.0505], [0.725, 0.0694, 0.0718, 0.0659, 0.0145, 0.0276, 0.0258], [0.6754, 0.0636, 0.026, 0.0565, 0.0529, 0.0629, 0.0628], [0.6572, 0.0549, 0.0705, 0.0779, 0.0197, 0.0439, 0.0758], [0.5949, 0.087, 0.0587, 0.0637, 0.0814, 0.0782, 0.0363], [0.7017, 0.0159, 0.0562, 0.0299, 0.0424, 0.0678, 0.0861], [0.7772, 0.0212, 0.0661, 0.0262, 0.0226, 0.0449, 0.0417], [0.6461, 0.0567, 0.0308, 0.0813, 0.093, 0.0671, 0.0251], [0.7261, 0.0584, 0.056, 0.0488, 0.0231, 0.027, 0.0605], [0.6993, 0.0197, 0.0786, 0.0416, 0.0788, 0.0318, 0.0501], [0.7076, 0.0531, 0.0841, 0.0544, 0.0521, 0.0236, 0.0251], [0.7368, 0.0879, 0.0441, 0.0154, 0.0302, 0.0262, 0.0594], [0.6591, 0.0722, 0.0572, 0.0483, 0.0444, 0.0735, 0.0452], [0.727, 0.0387, 0.0326, 0.069, 0.0319, 0.0717, 0.0292], [0.6197, 0.0664, 0.0694, 0.0409, 0.0756, 0.0628, 0.0653]], "emotions": ["red", "red", "red", "red", "red", "red", "red", "red", "red", "red", "red", "red", "red", "red", "red", "red", "red", "red", "red", "red", "red", "red", "red", "red", "red", "red", "red", "red", "red", "red", "red", "red", "red", "red", "red", "red", "red", "red", "red", "red", "red", "red", "red", "red", "red", "red", "red", "red", "red", "red", "red", "red", "red", "red", "red", "red", "red", "red", "red", "red", "red", "red", "red", "red", "red", "red", "red", "red", "red", "red", "red", "red", "red", "red", "red", "red", "red", "red", "red", "red"], "timestamps": [0, 40, 80, 120, 160, 200, 240, 280, 320, 360, 400, 440, 480, 520, 560, 600, 640, 680, 720, 760, 800, 840, 880, 920, 960, 1000, 1040, 1080, 1120, 1160, 1200, 1240, 1280, 1320, 1360, 1400, 1440, 1480, 1520, 1560, 1600, 1640, 1680, 1720, 1760, 1800, 1840, 1880, 1920, 1960, 2000, 2040, 2080, 2120, 2160, 2200, 2240, 2280, 2320, 2360, 2400, 2440, 2480, 2520, 2560, 2600, 2640, 2680, 2720, 2760, 2800, 2840, 2880, 2920, 2960, 3000, 3040, 3080, 3120, 3160]}], "conversation": [], "conversation_timestamps": []}