{"agent_id": "agent-red-1976", "type": "red", "trips": [{"trip_id": 0, "transport_method": "foot", "start_time": 0, "path": [[1.519658, 42.5301303], [1.5205828, 42.5299973], [1.5213762, 42.5296089], [1.5221324, 42.5289562], [1.5229425, 42.5283716], [1.5237737, 42.5278169], [1.5246271, 42.5272973], [1.5255069, 42.5268233], [1.5263974, 42.5263696], [1.5273122, 42.525967], [1.528231, 42.5255745], [1.5291691, 42.5252298], [1.5301153, 42.5249109], [1.5310822, 42.5246581], [1.5320491, 42.5244053], [1.5330206, 42.5241715], [1.5339969, 42.523958], [1.5349751, 42.523753], [1.535957, 42.5235675], [1.5369412, 42.5233935], [1.5379253, 42.5232195], [1.5389102, 42.5230496], [1.5398964, 42.522888], [1.5408821, 42.522723], [1.5418676, 42.5225564], [1.5428442, 42.5223444], [1.5438208, 42.5221321], [1.5447949, 42.5219085], [1.5457679, 42.5216803], [1.5467362, 42.5214329], [1.5476989, 42.5211655], [1.5486545, 42.5208728], [1.5496068, 42.5205701], [1.5505502, 42.5202403], [1.5514782, 42.5198694], [1.5523977, 42.5194784], [1.5532998, 42.5190498], [1.5541733, 42.518564], [1.5550522, 42.5180915], [1.5559151, 42.518387], [1.5565915, 42.5191187], [1.5571995, 42.5198509], [1.5579003, 42.5205633], [1.5586326, 42.5212431], [1.5594113, 42.5218661], [1.5594377, 42.5218573], [1.5600479, 42.522368], [1.5609189, 42.5228455], [1.5617153, 42.5234476], [1.5623775, 42.5241926], [1.5632093, 42.5247174], [1.56412, 42.5251], [1.565073, 42.5253389], [1.5659903, 42.525733], [1.5668162, 42.52629], [1.5676046, 42.5269042], [1.5684839, 42.5273723], [1.5693154, 42.527909], [1.5701627, 42.528436], [1.5709804, 42.5290059], [1.5717556, 42.5293396], [1.572737, 42.5294411], [1.5733246, 42.5299474], [1.5739003, 42.5307477], [1.5747653, 42.531241], [1.5757281, 42.5314993], [1.5767127, 42.5316696], [1.5777077, 42.5317584], [1.578706, 42.5318041], [1.5777731, 42.5317719], [1.5779756, 42.5317448], [1.578975, 42.5317475], [1.5799744, 42.5317503], [1.5809735, 42.5317288], [1.5819722, 42.5316899], [1.5829608, 42.5317999], [1.5838413, 42.5322645], [1.584588, 42.5329263], [1.5853752, 42.5335126], [1.5861699, 42.5341096]], "mood_vectors": [[0.5632, 0.0379, 0.093, 0.0542, 0.0913, 0.067, 0.0934], [0.7616, 0.0379, 0.0254, 0.0347, 0.062, 0.045, 0.0335], [0.7249, 0.0163, 0.0822, 0.0403, 0.0147, 0.0861, 0.0355], [0.6956, 0.0138, 0.0534, 0.0487, 0.0598, 0.0805, 0.0482], [0.7418, 0.0176, 0.0757, 0.0177, 0.0541, 0.0532, 0.0398], [0.6372, 0.0625, 0.0705, 0.07, 0.0523, 0.0325, 0.0749], [0.7393, 0.0322, 0.055, 0.0255, 0.0688, 0.0219, 0.0574], [0.6406, 0.0903, 0.0823, 0.021, 0.0957, 0.0457, 0.0245], [0.6652, 0.0583, 0.0658, 0.0782, 0.0588, 0.0228, 0.0508], [0.7092, 0.0615, 0.0516, 0.0789, 0.0231, 0.0224, 0.0532], [0.6566, 0.0881, 0.0712, 0.062, 0.0149, 0.0474, 0.0597], [0.6811, 0.0224, 0.0855, 0.0543, 0.019, 0.0737, 0.0641], [0.6812, 0.0488, 0.0756, 0.056, 0.0452, 0.0372, 0.0562], [0.7365, 0.0174, 0.046, 0.0384, 0.0489, 0.0496, 0.0633], [0.6605, 0.0359, 0.0768, 0.0743, 0.0177, 0.0676, 0.0672], [0.6942, 0.0375, 0.016, 0.0878, 0.0174, 0.0722, 0.0748], [0.6398, 0.0269, 0.0741, 0.0747, 0.0387, 0.0648, 0.081], [0.6568, 0.0724, 0.056, 0.0539, 0.0673, 0.0627, 0.0309], [0.6594, 0.0306, 0.0635, 0.0711, 0.0562, 0.0446, 0.0747], [0.7178, 0.0164, 0.0264, 0.0195, 0.061, 0.082, 0.0769], [0.5814, 0.0782, 0.0826, 0.0737, 0.0696, 0.0566, 0.0579], [0.6373, 0.0666, 0.0238, 0.0707, 0.0871, 0.0685, 0.046], [0.6896, 0.0386, 0.0747, 0.0573, 0.0441, 0.0378, 0.058], [0.7175, 0.0274, 0.0265, 0.0557, 0.0507, 0.0663, 0.0559], [0.7312, 0.0221, 0.0622, 0.0165, 0.0768, 0.0255, 0.0657], [0.731, 0.0182, 0.0473, 0.0759, 0.0505, 0.0266, 0.0505], [0.6892, 0.0706, 0.0436, 0.0894, 0.038, 0.0352, 0.034], [0.786, 0.0679, 0.071, 0.0156, 0.014, 0.0219, 0.0235], [0.6606, 0.0693, 0.06, 0.0358, 0.0477, 0.0599, 0.0667], [0.6925, 0.0816, 0.0146, 0.0776, 0.0276, 0.0511, 0.055], [0.6772, 0.0785, 0.0497, 0.0182, 0.0688, 0.0272, 0.0804], [0.7038, 0.0219, 0.0676, 0.0458, 0.0558, 0.0622, 0.0429], [0.7666, 0.0155, 0.0435, 0.0168, 0.0654, 0.0614, 0.0306], [0.8447, 0.0129, 0.0417, 0.016, 0.015, 0.023, 0.0467], [0.7383, 0.0392, 0.0364, 0.0621, 0.0239, 0.0642, 0.0359], [0.7, 0.0484, 0.0536, 0.0404, 0.0514, 0.0707, 0.0356], [0.7303, 0.0177, 0.0348, 0.0565, 0.0536, 0.0754, 0.0316], [0.7727, 0.0288, 0.0772, 0.038, 0.0203, 0.0236, 0.0393], [0.6957, 0.0763, 0.02, 0.0642, 0.0426, 0.0323, 0.0691], [0.6631, 0.0791, 0.0542, 0.0703, 0.0578, 0.0344, 0.0412], [0.6709, 0.0273, 0.0848, 0.0794, 0.0551, 0.0538, 0.0287], [0.7119, 0.0801, 0.0243, 0.0523, 0.0627, 0.021, 0.0477], [0.6677, 0.0244, 0.0941, 0.1053, 0.0646, 0.0236, 0.0202], [0.7366, 0.0743, 0.0294, 0.0572, 0.0462, 0.0367, 0.0196], [0.7012, 0.0472, 0.0678, 0.0357, 0.0287, 0.0653, 0.0542], [0.7568, 0.0279, 0.0212, 0.0809, 0.0301, 0.0263, 0.0569], [0.7041, 0.0375, 0.0232, 0.0454, 0.0944, 0.0748, 0.0206], [0.674, 0.0387, 0.0532, 0.0673, 0.0276, 0.0816, 0.0576], [0.6691, 0.0657, 0.0235, 0.0339, 0.0683, 0.0728, 0.0668], [0.7287, 0.06, 0.026, 0.0325, 0.068, 0.0147, 0.0701], [0.7221, 0.0387, 0.0539, 0.0491, 0.0212, 0.059, 0.0559], [0.7302, 0.0864, 0.0553, 0.0243, 0.0651, 0.0228, 0.0158], [0.7751, 0.0264, 0.0297, 0.0422, 0.0175, 0.0728, 0.0363], [0.6921, 0.0658, 0.0524, 0.0393, 0.0728, 0.0666, 0.0111], [0.6646, 0.0509, 0.0623, 0.0699, 0.0451, 0.0343, 0.073], [0.7091, 0.0705, 0.0543, 0.0421, 0.0229, 0.0192, 0.0818], [0.6956, 0.0582, 0.0568, 0.0411, 0.0296, 0.0684, 0.0502], [0.7392, 0.0312, 0.0505, 0.0367, 0.0549, 0.016, 0.0715], [0.6917, 0.0151, 0.0756, 0.0703, 0.0595, 0.0512, 0.0366], [0.7306, 0.0628, 0.0702, 0.0176, 0.0339, 0.0155, 0.0693], [0.6517, 0.0297, 0.074, 0.0734, 0.0555, 0.0582, 0.0574], [0.7595, 0.0543, 0.0287, 0.0246, 0.0651, 0.0227, 0.0451], [0.6932, 0.0125, 0.0558, 0.0518, 0.0596, 0.0626, 0.0645], [0.771, 0.0435, 0.0509, 0.0259, 0.0621, 0.0121, 0.0345], [0.6773, 0.0583, 0.0764, 0.025, 0.0249, 0.0515, 0.0867], [0.6911, 0.0166, 0.0396, 0.0432, 0.06, 0.0819, 0.0677], [0.7164, 0.0448, 0.0309, 0.062, 0.0718, 0.0443, 0.0298], [0.7645, 0.0305, 0.0791, 0.0234, 0.0296, 0.014, 0.0589], [0.7536, 0.0403, 0.0588, 0.0214, 0.0529, 0.0411, 0.0319], [0.7608, 0.0511, 0.0295, 0.0205, 0.0505, 0.058, 0.0295], [0.6834, 0.0598, 0.0506, 0.0235, 0.0641, 0.0471, 0.0716], [0.7585, 0.0126, 0.0509, 0.06, 0.0502, 0.0275, 0.0403], [0.6105, 0.0502, 0.0779, 0.0843, 0.0399, 0.0705, 0.0669], [0.7079, 0.0765, 0.0588, 0.0432, 0.0167, 0.0731, 0.0239], [0.7077, 0.0526, 0.0178, 0.0632, 0.0712, 0.0708, 0.0167], [0.6708, 0.0595, 0.0736, 0.0443, 0.0541, 0.0329, 0.0647], [0.7075, 0.0616, 0.0443, 0.0584, 0.0408, 0.0405, 0.0469], [0.7155, 0.0328, 0.0107, 0.0613, 0.0381, 0.068, 0.0737], [0.7473, 0.0201, 0.0584, 0.0554, 0.0648, 0.0145, 0.0395], [0.6837, 0.0236, 0.0583, 0.0546, 0.0589, 0.0479, 0.0729]], "emotions": ["red", "red", "red", "red", "red", "red", "red", "red", "red", "red", "red", "red", "red", "red", "red", "red", "red", "red", "red", "red", "red", "red", "red", "red", "red", "red", "red", "red", "red", "red", "red", "red", "red", "red", "red", "red", "red", "red", "red", "red", "red", "red", "red", "red", "red", "red", "red", "red", "red", "red", "red", "red", "red", "red", "red", "red", "red", "red", "red", "red", "red", "red", "red", "red", "red", "red", "red", "red", "red", "red", "red", "red", "red", "red", "red", "red", "red", "red", "red", "red"], "timestamps": [0, 40, 80, 120, 160, 200, 240, 280, 320, 360, 400, 440, 480, 520, 560, 600, 640, 680, 720, 760, 800, 840, 880, 920, 960, 1000, 1040, 1080, 1120, 1160, 1200, 1240, 1280, 1320, 1360, 1400, 1440, 1480, 1520, 1560, 1600, 1640, 1680, 1720, 1760, 1800, 1840, 1880, 1920, 1960, 2000, 2040, 2080, 2120, 2160, 2200, 2240, 2280, 2320, 2360, 2400, 2440, 2480, 2520, 2560, 2600, 2640, 2680, 2720, 2760, 2800, 2840, 2880, 2920, 2960, 3000, 3040, 3080, 3120, 3160]}], "conversation": [], "conversation_timestamps": []}