{"agent_id": "agent-blue-630", "type": "blue", "trips": [{"trip_id": 0, "transport_method": "foot", "start_time": 0, "path": [[1.5853325, 42.5340806], [1.5855808, 42.5338987], [1.585289, 42.5335112], [1.5854626, 42.5335762], [1.5846888, 42.533018], [1.5839856, 42.5323741], [1.583174, 42.5318774], [1.5822444, 42.5316883], [1.5812908, 42.5317162], [1.580337, 42.5317445], [1.5793839, 42.531786], [1.57843, 42.5318021], [1.5774774, 42.5317506], [1.5765295, 42.5316426], [1.5755907, 42.5314727], [1.5747097, 42.5311555], [1.5740101, 42.5305067], [1.5733105, 42.5298578], [1.5734665, 42.5302355], [1.5741219, 42.5309119], [1.5747227, 42.5311684], [1.5740208, 42.5305221], [1.5733188, 42.5298758], [1.5725269, 42.5293728], [1.5716205, 42.5292829], [1.5708177, 42.5289926], [1.5700546, 42.5284198], [1.5696445, 42.5280952], [1.5704417, 42.5286195], [1.5711796, 42.5292149], [1.5707499, 42.528992], [1.5699558, 42.528463], [1.5691616, 42.5279341], [1.5683675, 42.5274051], [1.5675733, 42.5268761], [1.5682341, 42.5272559], [1.569038, 42.5277535], [1.5683916, 42.5273341], [1.5675993, 42.5268025], [1.5668069, 42.5262708], [1.5660137, 42.5257452], [1.5651403, 42.5253635], [1.564217, 42.5251651], [1.5633654, 42.5247608], [1.5625165, 42.5243463], [1.5618993, 42.5236204], [1.561162, 42.5230174], [1.5603605, 42.5225069], [1.5596237, 42.5219469], [1.5588398, 42.5214232], [1.5581296, 42.5207862], [1.5574531, 42.5201135], [1.5568154, 42.5194413], [1.5566681, 42.5191947], [1.5560735, 42.5185411], [1.5566763, 42.5192724], [1.5560115, 42.518734], [1.5555488, 42.5182027], [1.5549754, 42.5179092], [1.5548123, 42.5177691], [1.5540957, 42.517139], [1.5539267, 42.5171216], [1.554523, 42.5176686], [1.5539101, 42.5169372], [1.5534432, 42.5161262], [1.5530181, 42.5152847], [1.5527018, 42.5144161], [1.5524737, 42.5135538], [1.5516441, 42.5130911], [1.5509154, 42.5124843], [1.550115, 42.5120005], [1.5493378, 42.5120013], [1.5484183, 42.5117469], [1.5474843, 42.5115516], [1.5465614, 42.5113142], [1.545775, 42.5107834], [1.5452033, 42.5100764], [1.5442865, 42.5098666], [1.5435462, 42.5096091], [1.542634, 42.5093933]], "mood_vectors": [[0.023, 0.0179, 0.0733, 0.7432, 0.0543, 0.0306, 0.0576], [0.062, 0.0727, 0.063, 0.647, 0.0416, 0.0546, 0.0592], [0.0689, 0.0788, 0.0203, 0.7186, 0.034, 0.0341, 0.0452], [0.0372, 0.0434, 0.035, 0.7688, 0.0353, 0.0237, 0.0567], [0.0331, 0.0285, 0.0293, 0.6701, 0.1024, 0.0327, 0.1039], [0.0217, 0.0183, 0.0285, 0.7606, 0.0753, 0.0676, 0.0281], [0.0507, 0.0457, 0.0433, 0.711, 0.0765, 0.0162, 0.0566], [0.0592, 0.0481, 0.0495, 0.6936, 0.0604, 0.0641, 0.0251], [0.072, 0.0531, 0.029, 0.7055, 0.0829, 0.0207, 0.0368], [0.0877, 0.0349, 0.0486, 0.6228, 0.043, 0.0785, 0.0845], [0.0375, 0.0241, 0.0819, 0.6435, 0.0672, 0.0843, 0.0616], [0.0201, 0.0755, 0.0453, 0.6715, 0.0654, 0.0722, 0.05], [0.0356, 0.0509, 0.0545, 0.6631, 0.0712, 0.0599, 0.0648], [0.0339, 0.0263, 0.0367, 0.7371, 0.0826, 0.0451, 0.0383], [0.0176, 0.0873, 0.0304, 0.6806, 0.0353, 0.0702, 0.0786], [0.0231, 0.0468, 0.0582, 0.6662, 0.0273, 0.0899, 0.0886], [0.0576, 0.0737, 0.0362, 0.7218, 0.0153, 0.067, 0.0284], [0.056, 0.0329, 0.0559, 0.7099, 0.0401, 0.0641, 0.0411], [0.0424, 0.0799, 0.027, 0.6884, 0.0492, 0.0751, 0.038], [0.0618, 0.0838, 0.0378, 0.7333, 0.0197, 0.0188, 0.0449], [0.0839, 0.08, 0.0556, 0.6083, 0.0637, 0.035, 0.0735], [0.0262, 0.0617, 0.064, 0.7064, 0.0573, 0.0268, 0.0577], [0.0456, 0.0624, 0.0356, 0.6576, 0.0703, 0.0506, 0.078], [0.0754, 0.0565, 0.0308, 0.739, 0.0201, 0.021, 0.0573], [0.0247, 0.0252, 0.0444, 0.7871, 0.0535, 0.0298, 0.0352], [0.0752, 0.0502, 0.0715, 0.7252, 0.0142, 0.0459, 0.0177], [0.0482, 0.0283, 0.0781, 0.7059, 0.0207, 0.0438, 0.0749], [0.0471, 0.0554, 0.0336, 0.7289, 0.0348, 0.0631, 0.0372], [0.0812, 0.0559, 0.0753, 0.6542, 0.0204, 0.0681, 0.0449], [0.0722, 0.052, 0.0195, 0.6537, 0.0717, 0.0759, 0.0549], [0.0555, 0.0775, 0.0726, 0.6328, 0.0714, 0.0583, 0.0319], [0.0746, 0.0281, 0.0485, 0.6665, 0.0788, 0.0251, 0.0785], [0.0698, 0.0629, 0.0566, 0.6259, 0.0729, 0.0443, 0.0676], [0.0548, 0.0405, 0.0247, 0.7365, 0.0445, 0.0396, 0.0594], [0.0751, 0.0224, 0.0777, 0.7025, 0.0248, 0.025, 0.0724], [0.0442, 0.0404, 0.0238, 0.7564, 0.0716, 0.0402, 0.0234], [0.0196, 0.0681, 0.0218, 0.7772, 0.0686, 0.0227, 0.0221], [0.0655, 0.0707, 0.0638, 0.6549, 0.0573, 0.0449, 0.043], [0.0466, 0.0611, 0.0251, 0.7208, 0.0555, 0.079, 0.0118], [0.0156, 0.087, 0.0779, 0.6384, 0.0211, 0.0754, 0.0846], [0.0152, 0.0719, 0.0588, 0.6818, 0.0662, 0.0539, 0.0523], [0.0328, 0.0542, 0.0289, 0.6827, 0.0877, 0.0377, 0.0759], [0.0387, 0.0317, 0.024, 0.7029, 0.066, 0.0542, 0.0825], [0.023, 0.0644, 0.058, 0.7203, 0.0533, 0.0333, 0.0478], [0.0572, 0.0591, 0.0575, 0.7186, 0.0527, 0.0311, 0.0237], [0.0748, 0.0285, 0.0545, 0.6969, 0.0428, 0.06, 0.0425], [0.0684, 0.0325, 0.0238, 0.727, 0.0366, 0.0691, 0.0426], [0.0536, 0.0715, 0.0431, 0.6495, 0.0749, 0.0223, 0.0852], [0.0619, 0.0184, 0.0701, 0.6994, 0.0522, 0.0369, 0.0612], [0.0733, 0.0715, 0.0386, 0.691, 0.0355, 0.0422, 0.048], [0.0738, 0.0764, 0.0909, 0.6585, 0.0359, 0.0315, 0.0331], [0.0554, 0.0842, 0.0396, 0.6281, 0.0769, 0.0769, 0.0388], [0.0303, 0.0564, 0.0314, 0.6957, 0.0237, 0.0968, 0.0657], [0.0534, 0.0316, 0.0222, 0.7497, 0.0237, 0.0668, 0.0526], [0.0343, 0.0913, 0.0192, 0.688, 0.1006, 0.0155, 0.0512], [0.072, 0.0132, 0.0682, 0.7236, 0.073, 0.0345, 0.0155], [0.0208, 0.0591, 0.0322, 0.7594, 0.0356, 0.0725, 0.0205], [0.0235, 0.0568, 0.0769, 0.7125, 0.0302, 0.0436, 0.0565], [0.0504, 0.0763, 0.087, 0.5457, 0.084, 0.0721, 0.0845], [0.069, 0.053, 0.0325, 0.6923, 0.0469, 0.0289, 0.0775], [0.0363, 0.0743, 0.0411, 0.5928, 0.0899, 0.0879, 0.0776], [0.0715, 0.053, 0.0688, 0.7011, 0.0535, 0.0155, 0.0366], [0.0372, 0.0164, 0.0615, 0.6405, 0.0931, 0.0807, 0.0706], [0.062, 0.0424, 0.0786, 0.7119, 0.0217, 0.0192, 0.0643], [0.0616, 0.059, 0.0421, 0.6562, 0.0553, 0.0659, 0.0599], [0.0282, 0.0378, 0.0493, 0.711, 0.049, 0.0769, 0.0479], [0.0856, 0.0382, 0.0514, 0.6717, 0.0637, 0.0546, 0.0348], [0.0705, 0.052, 0.0403, 0.6697, 0.0468, 0.065, 0.0557], [0.0457, 0.0417, 0.0316, 0.736, 0.0287, 0.0392, 0.0771], [0.0461, 0.0566, 0.0287, 0.7024, 0.063, 0.0373, 0.0659], [0.0492, 0.0676, 0.0654, 0.6483, 0.087, 0.0367, 0.0459], [0.0716, 0.0368, 0.0594, 0.7197, 0.0549, 0.0386, 0.0191], [0.0527, 0.0686, 0.0568, 0.7115, 0.0449, 0.0429, 0.0226], [0.0712, 0.0761, 0.0539, 0.635, 0.0558, 0.0321, 0.0758], [0.0374, 0.0604, 0.0732, 0.6859, 0.0697, 0.0517, 0.0217], [0.0335, 0.064, 0.0371, 0.726, 0.0234, 0.059, 0.057], [0.0836, 0.0785, 0.0271, 0.693, 0.0542, 0.0309, 0.0327], [0.0416, 0.0442, 0.0473, 0.6879, 0.0285, 0.0734, 0.0771], [0.0844, 0.0669, 0.0788, 0.6451, 0.0806, 0.0196, 0.0247], [0.0722, 0.0141, 0.0596, 0.7284, 0.0281, 0.0472, 0.0503]], "emotions": ["green", "green", "green", "green", "green", "green", "green", "green", "green", "green", "green", "green", "green", "green", "green", "green", "green", "green", "green", "green", "green", "green", "green", "green", "green", "green", "green", "green", "green", "green", "green", "green", "green", "green", "green", "green", "green", "green", "green", "green", "green", "green", "green", "green", "green", "green", "green", "green", "green", "green", "green", "green", "green", "green", "green", "green", "green", "green", "green", "green", "green", "green", "green", "green", "green", "green", "green", "green", "green", "green", "green", "green", "green", "green", "green", "green", "green", "green", "green", "green"], "timestamps": [0, 40, 80, 120, 160, 200, 240, 280, 320, 360, 400, 440, 480, 520, 560, 600, 640, 680, 720, 760, 800, 840, 880, 920, 960, 1000, 1040, 1080, 1120, 1160, 1200, 1240, 1280, 1320, 1360, 1400, 1440, 1480, 1520, 1560, 1600, 1640, 1680, 1720, 1760, 1800, 1840, 1880, 1920, 1960, 2000, 2040, 2080, 2120, 2160, 2200, 2240, 2280, 2320, 2360, 2400, 2440, 2480, 2520, 2560, 2600, 2640, 2680, 2720, 2760, 2800, 2840, 2880, 2920, 2960, 3000, 3040, 3080, 3120, 3160]}], "conversation": [], "conversation_timestamps": []}