{"agent_id": "agent-blue-560", "type": "blue", "trips": [{"trip_id": 0, "transport_method": "foot", "start_time": 0, "path": [[1.5340343, 42.5554222], [1.5337216, 42.5556228], [1.5328814, 42.555606], [1.5322309, 42.5556587], [1.5312238, 42.555623], [1.530288, 42.5552112], [1.5294048, 42.5547096], [1.5287756, 42.5539046], [1.5280689, 42.5531791], [1.5273036, 42.5525001], [1.5265384, 42.551821], [1.5272284, 42.5524346], [1.5280385, 42.5530586], [1.5285423, 42.5535793], [1.5278492, 42.5528267], [1.5271561, 42.5520741], [1.526463, 42.5513215], [1.5263113, 42.5505283], [1.5257642, 42.5496664], [1.5253561, 42.5487331], [1.5248461, 42.5478808], [1.5247061, 42.5469059], [1.5247139, 42.5462951], [1.5241989, 42.5454115], [1.5237547, 42.5445049], [1.5234314, 42.5438382], [1.5231552, 42.5433064], [1.5229185, 42.5423312], [1.5230506, 42.5413668], [1.5234956, 42.5406444], [1.5232464, 42.5402427], [1.5231487, 42.5392297], [1.5232025, 42.5382224], [1.5240629, 42.5377318], [1.525039, 42.5376148], [1.5250119, 42.5368774], [1.5241726, 42.5366521], [1.5232123, 42.5363445], [1.5225978, 42.5356089], [1.521958, 42.534816], [1.5210939, 42.5343059], [1.520783, 42.5334416], [1.5213614, 42.5326639], [1.5209177, 42.5317543], [1.5212622, 42.5308369], [1.5214254, 42.5300237], [1.5219637, 42.5292695], [1.5212645, 42.5286035], [1.5208623, 42.5277144], [1.5206772, 42.5267902], [1.5207602, 42.5257704], [1.5206855, 42.526358], [1.5205919, 42.5273477], [1.5206788, 42.5265535], [1.5207421, 42.5255323], [1.5207026, 42.5245379], [1.5212655, 42.5236886], [1.5218008, 42.5228323], [1.5223262, 42.5219787], [1.5231507, 42.5213772], [1.5235732, 42.5204566], [1.5238454, 42.5197559], [1.5235225, 42.5207187], [1.5235727, 42.5205388], [1.5239508, 42.5195881], [1.5243862, 42.5186791], [1.5252202, 42.5181398], [1.525954, 42.5174365], [1.5268556, 42.5170434], [1.5277168, 42.5165179], [1.5286315, 42.5160834], [1.5292764, 42.5152969], [1.530019, 42.5146197], [1.5302915, 42.5137832], [1.5305989, 42.5128341], [1.5309098, 42.5119525], [1.5299945, 42.5115436], [1.5289985, 42.5113348], [1.5280084, 42.5111021], [1.5270498, 42.5107445]], "mood_vectors": [[0.0873, 0.035, 0.0607, 0.6154, 0.072, 0.0598, 0.0697], [0.0306, 0.0378, 0.0654, 0.6663, 0.071, 0.0491, 0.0798], [0.0774, 0.0275, 0.0502, 0.6847, 0.0789, 0.0562, 0.0252], [0.0668, 0.0737, 0.0448, 0.6443, 0.0701, 0.0551, 0.0452], [0.0683, 0.0185, 0.0564, 0.6704, 0.0776, 0.0648, 0.0439], [0.0469, 0.0341, 0.0577, 0.7111, 0.0673, 0.0178, 0.065], [0.0816, 0.0552, 0.0367, 0.6507, 0.0636, 0.0719, 0.0403], [0.0926, 0.0488, 0.0366, 0.6477, 0.0572, 0.028, 0.0892], [0.0354, 0.0621, 0.0227, 0.699, 0.0706, 0.0628, 0.0474], [0.0783, 0.0135, 0.0427, 0.6456, 0.0702, 0.0784, 0.0713], [0.039, 0.0444, 0.0218, 0.76, 0.0287, 0.0429, 0.0632], [0.0753, 0.0728, 0.088, 0.6576, 0.0276, 0.0392, 0.0394], [0.0562, 0.0489, 0.0675, 0.7004, 0.036, 0.0688, 0.0223], [0.0494, 0.0334, 0.0819, 0.7102, 0.0488, 0.0335, 0.0428], [0.0625, 0.094, 0.027, 0.703, 0.0281, 0.0333, 0.0521], [0.0285, 0.0459, 0.0268, 0.763, 0.046, 0.0221, 0.0678], [0.0328, 0.0343, 0.017, 0.7096, 0.0777, 0.0774, 0.0512], [0.0575, 0.0158, 0.018, 0.764, 0.0712, 0.0621, 0.0114], [0.0182, 0.0404, 0.0618, 0.719, 0.0594, 0.0364, 0.0647], [0.0768, 0.0557, 0.014, 0.7501, 0.0143, 0.0294, 0.0596], [0.0651, 0.0623, 0.0247, 0.7075, 0.0618, 0.068, 0.0106], [0.0811, 0.0568, 0.0611, 0.6681, 0.0412, 0.0677, 0.024], [0.0665, 0.0858, 0.0462, 0.6582, 0.0198, 0.1007, 0.0228], [0.0593, 0.0438, 0.0307, 0.7051, 0.0188, 0.0971, 0.0452], [0.0197, 0.0854, 0.0361, 0.6602, 0.0846, 0.0269, 0.0872], [0.0768, 0.0484, 0.0384, 0.6713, 0.0854, 0.0264, 0.0534], [0.0541, 0.0161, 0.0202, 0.7031, 0.0509, 0.0917, 0.0639], [0.0588, 0.0397, 0.0543, 0.6861, 0.0302, 0.0423, 0.0886], [0.0469, 0.0292, 0.0556, 0.6763, 0.0507, 0.0526, 0.0888], [0.0889, 0.0194, 0.077, 0.6371, 0.0691, 0.0806, 0.028], [0.0708, 0.0192, 0.0391, 0.6723, 0.0796, 0.0777, 0.0413], [0.0811, 0.0788, 0.0792, 0.6088, 0.0372, 0.0691, 0.0458], [0.0519, 0.0327, 0.0855, 0.6911, 0.0535, 0.0384, 0.047], [0.0393, 0.0378, 0.058, 0.7208, 0.0393, 0.0324, 0.0723], [0.0671, 0.0556, 0.0754, 0.6304, 0.0441, 0.0751, 0.0523], [0.0175, 0.0396, 0.0629, 0.7526, 0.0634, 0.0171, 0.0469], [0.0533, 0.0388, 0.034, 0.6881, 0.0535, 0.0427, 0.0896], [0.0708, 0.0627, 0.0514, 0.6458, 0.0742, 0.0672, 0.0279], [0.0566, 0.0389, 0.0476, 0.6545, 0.0813, 0.043, 0.0781], [0.0368, 0.0909, 0.0282, 0.6774, 0.0208, 0.057, 0.0889], [0.0256, 0.0433, 0.0505, 0.6998, 0.0586, 0.0747, 0.0475], [0.0662, 0.0222, 0.0856, 0.6763, 0.0624, 0.0385, 0.0488], [0.0752, 0.0401, 0.0543, 0.7216, 0.0206, 0.0137, 0.0746], [0.0581, 0.0281, 0.0531, 0.6828, 0.0661, 0.068, 0.0439], [0.0747, 0.0373, 0.0202, 0.6814, 0.047, 0.0712, 0.0681], [0.0301, 0.0532, 0.0464, 0.7294, 0.0317, 0.0396, 0.0697], [0.0267, 0.0558, 0.0521, 0.7271, 0.0297, 0.0588, 0.0498], [0.0515, 0.0501, 0.0522, 0.6916, 0.0522, 0.0518, 0.0505], [0.0377, 0.0281, 0.0706, 0.7244, 0.0508, 0.0457, 0.0427], [0.0689, 0.0793, 0.0446, 0.6307, 0.0379, 0.0426, 0.0961], [0.0681, 0.0343, 0.0528, 0.7048, 0.0652, 0.0327, 0.0421], [0.0379, 0.0206, 0.0386, 0.7748, 0.0753, 0.0156, 0.0371], [0.0444, 0.0612, 0.0802, 0.6873, 0.0177, 0.0509, 0.0584], [0.0126, 0.0797, 0.0219, 0.7664, 0.0755, 0.0142, 0.0296], [0.0789, 0.0684, 0.0384, 0.7009, 0.0261, 0.0156, 0.0716], [0.0345, 0.0543, 0.0238, 0.7624, 0.0155, 0.0698, 0.0397], [0.0268, 0.0559, 0.0715, 0.7286, 0.041, 0.0246, 0.0515], [0.0391, 0.0315, 0.0441, 0.6747, 0.0717, 0.0731, 0.0657], [0.0309, 0.0945, 0.0402, 0.6562, 0.0215, 0.0872, 0.0696], [0.0577, 0.0151, 0.0334, 0.7177, 0.0733, 0.055, 0.0478], [0.0731, 0.0607, 0.0633, 0.6106, 0.077, 0.0645, 0.0508], [0.0572, 0.0804, 0.04, 0.6994, 0.0514, 0.0228, 0.0489], [0.0375, 0.033, 0.0464, 0.6921, 0.0831, 0.0704, 0.0376], [0.0418, 0.059, 0.0477, 0.7057, 0.0434, 0.0353, 0.0671], [0.0375, 0.0633, 0.091, 0.6272, 0.0809, 0.0463, 0.0538], [0.0196, 0.0623, 0.0271, 0.7647, 0.0322, 0.0656, 0.0285], [0.0576, 0.0656, 0.023, 0.7036, 0.0316, 0.0457, 0.0728], [0.0148, 0.0701, 0.0318, 0.6883, 0.0752, 0.0443, 0.0755], [0.0773, 0.0283, 0.0261, 0.716, 0.0788, 0.0477, 0.0258], [0.0465, 0.0222, 0.0797, 0.7016, 0.0875, 0.0339, 0.0285], [0.0692, 0.029, 0.0362, 0.6406, 0.0649, 0.085, 0.0751], [0.0382, 0.0734, 0.0156, 0.7046, 0.0672, 0.072, 0.029], [0.0371, 0.029, 0.0582, 0.7468, 0.0394, 0.0772, 0.0123], [0.076, 0.0591, 0.0651, 0.6569, 0.0552, 0.0285, 0.0592], [0.0177, 0.0556, 0.0197, 0.7597, 0.0737, 0.0282, 0.0455], [0.062, 0.0675, 0.0172, 0.7009, 0.0574, 0.0736, 0.0215], [0.0256, 0.0507, 0.0263, 0.7706, 0.0503, 0.0262, 0.0503], [0.0143, 0.0655, 0.0348, 0.7701, 0.0362, 0.0354, 0.0438], [0.0307, 0.0144, 0.0672, 0.7596, 0.045, 0.0589, 0.0241], [0.0648, 0.0411, 0.0565, 0.6948, 0.0443, 0.0693, 0.0292]], "emotions": ["green", "green", "green", "green", "green", "green", "green", "green", "green", "green", "green", "green", "green", "green", "green", "green", "green", "green", "green", "green", "green", "green", "green", "green", "green", "green", "green", "green", "green", "green", "green", "green", "green", "green", "green", "green", "green", "green", "green", "green", "green", "green", "green", "green", "green", "green", "green", "green", "green", "green", "green", "green", "green", "green", "green", "green", "green", "green", "green", "green", "green", "green", "green", "green", "green", "green", "green", "green", "green", "green", "green", "green", "green", "green", "green", "green", "green", "green", "green", "green"], "timestamps": [0, 40, 80, 120, 160, 200, 240, 280, 320, 360, 400, 440, 480, 520, 560, 600, 640, 680, 720, 760, 800, 840, 880, 920, 960, 1000, 1040, 1080, 1120, 1160, 1200, 1240, 1280, 1320, 1360, 1400, 1440, 1480, 1520, 1560, 1600, 1640, 1680, 1720, 1760, 1800, 1840, 1880, 1920, 1960, 2000, 2040, 2080, 2120, 2160, 2200, 2240, 2280, 2320, 2360, 2400, 2440, 2480, 2520, 2560, 2600, 2640, 2680, 2720, 2760, 2800, 2840, 2880, 2920, 2960, 3000, 3040, 3080, 3120, 3160]}], "conversation": [], "conversation_timestamps": []}