{"agent_id": "agent-green-1712", "type": "green", "trips": [{"trip_id": 0, "transport_method": "foot", "start_time": 0, "path": [[1.524345, 42.5186708], [1.5241469, 42.5188197], [1.5239488, 42.5189686], [1.5241529, 42.5188451], [1.5243559, 42.5187041], [1.5245487, 42.5185485], [1.524788, 42.518506], [1.524975, 42.5183435], [1.525163, 42.518182], [1.5253625, 42.5180349], [1.5255354, 42.5178577], [1.5257015, 42.5176738], [1.5258708, 42.5174927], [1.5260889, 42.5173835], [1.5263097, 42.5173367], [1.5265158, 42.5173703], [1.5267498, 42.5172892], [1.5269778, 42.5171919], [1.5272052, 42.5170934], [1.5274313, 42.516992], [1.5276557, 42.5168869], [1.5278844, 42.5167917], [1.5280288, 42.5166082], [1.5282232, 42.5164737], [1.5284122, 42.5163961], [1.5284821, 42.5165959], [1.5287104, 42.5166923], [1.528949, 42.5166993], [1.5291747, 42.5165985], [1.5293846, 42.5164669], [1.5295919, 42.516331], [1.529801, 42.5161981], [1.5299949, 42.5160452], [1.530218, 42.5159457], [1.530449, 42.5158579], [1.5306499, 42.5157158], [1.5308389, 42.5155556], [1.5310386, 42.5154109], [1.5312501, 42.5152827], [1.531445, 42.5151297], [1.5316343, 42.5149698], [1.5318173, 42.5148031], [1.5319779, 42.5146143], [1.532146, 42.5144326], [1.5323515, 42.5143021], [1.5325519, 42.5141565], [1.5327648, 42.5140302], [1.5329893, 42.5139266], [1.5332294, 42.5138676], [1.533469, 42.5138068], [1.5337037, 42.513727], [1.5339383, 42.5136473], [1.5340653, 42.513439], [1.5341156, 42.5133601], [1.5339941, 42.5135757], [1.5340711, 42.5135196], [1.5342428, 42.5133409], [1.5344144, 42.5131622], [1.5346267, 42.5130419], [1.5348527, 42.5129403], [1.5350815, 42.5128459], [1.5353184, 42.5127766], [1.5355628, 42.5127354], [1.5358075, 42.512696], [1.5360147, 42.5125741], [1.5362432, 42.5124827], [1.53647, 42.512383], [1.5366971, 42.5122837], [1.5368864, 42.5121262], [1.5370751, 42.5119664], [1.5372927, 42.5118581], [1.5375276, 42.5117791], [1.5377606, 42.5116961], [1.5379728, 42.511568], [1.5382013, 42.511473], [1.5383931, 42.5113412], [1.5385744, 42.5111723], [1.5387525, 42.5109999], [1.5389305, 42.5108275], [1.5391086, 42.5106552]], "mood_vectors": [[0.0667, 0.0282, 0.0161, 0.0817, 0.0632, 0.0226, 0.7216], [0.0632, 0.0314, 0.02, 0.0564, 0.0702, 0.0546, 0.7042], [0.0167, 0.0494, 0.0156, 0.0762, 0.0206, 0.0501, 0.7714], [0.0183, 0.0773, 0.0341, 0.0708, 0.0515, 0.0748, 0.6732], [0.0711, 0.0301, 0.0486, 0.0657, 0.0246, 0.0649, 0.6949], [0.0433, 0.0875, 0.0236, 0.0287, 0.0805, 0.0403, 0.6961], [0.0458, 0.0719, 0.0158, 0.0294, 0.0229, 0.0364, 0.7778], [0.0694, 0.0325, 0.0204, 0.0801, 0.0309, 0.0332, 0.7334], [0.0545, 0.0312, 0.0587, 0.041, 0.0862, 0.0713, 0.6571], [0.0484, 0.0246, 0.0703, 0.0292, 0.0496, 0.0197, 0.7583], [0.0451, 0.0247, 0.085, 0.0404, 0.0339, 0.0738, 0.6971], [0.0681, 0.0653, 0.0286, 0.079, 0.0207, 0.0188, 0.7196], [0.0694, 0.0147, 0.0635, 0.0644, 0.021, 0.0624, 0.7047], [0.0425, 0.0886, 0.0415, 0.0765, 0.1039, 0.0233, 0.6236], [0.0298, 0.0705, 0.0518, 0.0894, 0.0396, 0.0698, 0.649], [0.0431, 0.0648, 0.0784, 0.0159, 0.064, 0.037, 0.6967], [0.0201, 0.0844, 0.022, 0.0138, 0.0548, 0.0344, 0.7706], [0.0455, 0.0682, 0.0505, 0.0604, 0.0356, 0.0256, 0.7142], [0.044, 0.0175, 0.0725, 0.0433, 0.0814, 0.0485, 0.6928], [0.0841, 0.0124, 0.0179, 0.0236, 0.0216, 0.0159, 0.8244], [0.0743, 0.0517, 0.0404, 0.0499, 0.0708, 0.0696, 0.6433], [0.0738, 0.0399, 0.0546, 0.0486, 0.0304, 0.0835, 0.6693], [0.0537, 0.0727, 0.0786, 0.0241, 0.0435, 0.0572, 0.6702], [0.0467, 0.032, 0.0346, 0.0635, 0.0409, 0.0627, 0.7196], [0.0138, 0.0629, 0.0396, 0.046, 0.0479, 0.0759, 0.7139], [0.0768, 0.0445, 0.058, 0.0828, 0.0748, 0.075, 0.5881], [0.0612, 0.0213, 0.0251, 0.0729, 0.0431, 0.0529, 0.7235], [0.0669, 0.0711, 0.0586, 0.0338, 0.056, 0.0537, 0.66], [0.0473, 0.0459, 0.0356, 0.0717, 0.0706, 0.0565, 0.6724], [0.0515, 0.0189, 0.0793, 0.0794, 0.0412, 0.0592, 0.6704], [0.0414, 0.0378, 0.024, 0.0427, 0.0677, 0.0449, 0.7416], [0.0689, 0.0812, 0.0623, 0.0724, 0.0252, 0.0681, 0.622], [0.0383, 0.0334, 0.0396, 0.0409, 0.0598, 0.0324, 0.7557], [0.019, 0.0147, 0.0396, 0.0473, 0.0422, 0.0351, 0.8022], [0.0182, 0.0164, 0.0425, 0.0631, 0.0638, 0.0695, 0.7263], [0.0546, 0.0453, 0.0447, 0.0583, 0.0313, 0.0489, 0.7169], [0.0666, 0.0248, 0.0249, 0.0185, 0.0522, 0.0419, 0.7711], [0.0513, 0.0234, 0.0591, 0.0531, 0.0589, 0.0644, 0.6897], [0.0815, 0.0513, 0.0379, 0.0722, 0.0125, 0.0469, 0.6977], [0.0673, 0.0198, 0.0775, 0.0686, 0.0222, 0.0194, 0.7254], [0.0272, 0.0412, 0.0536, 0.0372, 0.0681, 0.018, 0.7547], [0.0653, 0.07, 0.0154, 0.0548, 0.0604, 0.0392, 0.6949], [0.0335, 0.066, 0.0194, 0.0566, 0.0113, 0.0191, 0.7942], [0.0293, 0.0828, 0.0188, 0.0528, 0.0344, 0.0492, 0.7326], [0.0446, 0.0687, 0.0153, 0.0156, 0.0761, 0.0723, 0.7074], [0.0663, 0.073, 0.0543, 0.0281, 0.0659, 0.0357, 0.6767], [0.0293, 0.0173, 0.0251, 0.0498, 0.0384, 0.0587, 0.7814], [0.0783, 0.0264, 0.0223, 0.0501, 0.0335, 0.0197, 0.7697], [0.0143, 0.0652, 0.0646, 0.071, 0.0552, 0.0109, 0.7188], [0.0319, 0.0219, 0.0754, 0.0257, 0.0456, 0.0585, 0.741], [0.0865, 0.0487, 0.0437, 0.015, 0.0671, 0.0299, 0.7091], [0.0929, 0.0152, 0.0252, 0.0689, 0.0669, 0.0448, 0.6861], [0.0411, 0.0781, 0.0399, 0.0722, 0.0513, 0.0717, 0.6457], [0.0637, 0.0535, 0.0554, 0.0631, 0.0399, 0.0471, 0.6774], [0.0794, 0.0175, 0.054, 0.0379, 0.0278, 0.0668, 0.7166], [0.0246, 0.0672, 0.026, 0.0349, 0.0654, 0.059, 0.7228], [0.0406, 0.0651, 0.0709, 0.0568, 0.0191, 0.0319, 0.7155], [0.0171, 0.0146, 0.0732, 0.0168, 0.0736, 0.0626, 0.7423], [0.0946, 0.0365, 0.0339, 0.0441, 0.0942, 0.0896, 0.607], [0.0291, 0.0432, 0.0121, 0.0637, 0.0682, 0.0443, 0.7395], [0.0398, 0.0818, 0.0402, 0.0631, 0.0825, 0.0698, 0.6229], [0.0197, 0.0588, 0.0254, 0.0568, 0.0426, 0.0426, 0.7542], [0.0704, 0.0741, 0.0787, 0.0716, 0.0257, 0.049, 0.6305], [0.0598, 0.0495, 0.0654, 0.0648, 0.0225, 0.0528, 0.6852], [0.0424, 0.0485, 0.0842, 0.0475, 0.0698, 0.0855, 0.622], [0.0546, 0.0331, 0.0283, 0.0346, 0.0537, 0.042, 0.7537], [0.0131, 0.0611, 0.0191, 0.0845, 0.0315, 0.0716, 0.719], [0.0553, 0.0582, 0.0929, 0.0184, 0.0156, 0.0812, 0.6784], [0.0165, 0.0651, 0.066, 0.0478, 0.0629, 0.0836, 0.658], [0.0634, 0.058, 0.0243, 0.0681, 0.0381, 0.0509, 0.6973], [0.0601, 0.0662, 0.0159, 0.0486, 0.0579, 0.0211, 0.7302], [0.0184, 0.0838, 0.0234, 0.0224, 0.0371, 0.0672, 0.7478], [0.0161, 0.0671, 0.0442, 0.0148, 0.0417, 0.0799, 0.7362], [0.0744, 0.0203, 0.0635, 0.0806, 0.0437, 0.0535, 0.664], [0.0867, 0.0488, 0.0301, 0.0643, 0.0325, 0.016, 0.7216], [0.0597, 0.0238, 0.0398, 0.0191, 0.0317, 0.0544, 0.7714], [0.057, 0.069, 0.0492, 0.0716, 0.0468, 0.0136, 0.6929], [0.0176, 0.0745, 0.077, 0.0135, 0.0559, 0.0177, 0.7438], [0.0453, 0.0465, 0.0494, 0.0856, 0.0549, 0.0319, 0.6864], [0.0857, 0.0685, 0.0377, 0.0418, 0.0724, 0.0576, 0.6362]], "emotions": ["purple", "purple", "purple", "purple", "purple", "purple", "purple", "purple", "purple", "purple", "purple", "purple", "purple", "purple", "purple", "purple", "purple", "purple", "purple", "purple", "purple", "purple", "purple", "purple", "purple", "purple", "purple", "purple", "purple", "purple", "purple", "purple", "purple", "purple", "purple", "purple", "purple", "purple", "purple", "purple", "purple", "purple", "purple", "purple", "purple", "purple", "purple", "purple", "purple", "purple", "purple", "purple", "purple", "purple", "purple", "purple", "purple", "purple", "purple", "purple", "purple", "purple", "purple", "purple", "purple", "purple", "purple", "purple", "purple", "purple", "purple", "purple", "purple", "purple", "purple", "purple", "purple", "purple", "purple", "purple"], "timestamps": [0, 40, 80, 120, 160, 200, 240, 280, 320, 360, 400, 440, 480, 520, 560, 600, 640, 680, 720, 760, 800, 840, 880, 920, 960, 1000, 1040, 1080, 1120, 1160, 1200, 1240, 1280, 1320, 1360, 1400, 1440, 1480, 1520, 1560, 1600, 1640, 1680, 1720, 1760, 1800, 1840, 1880, 1920, 1960, 2000, 2040, 2080, 2120, 2160, 2200, 2240, 2280, 2320, 2360, 2400, 2440, 2480, 2520, 2560, 2600, 2640, 2680, 2720, 2760, 2800, 2840, 2880, 2920, 2960, 3000, 3040, 3080, 3120, 3160]}], "conversation": [], "conversation_timestamps": []}