{"agent_id": "agent-green-732", "type": "green", "trips": [{"trip_id": 0, "transport_method": "car", "start_time": 0, "path": [[1.4966328, 42.4925449], [1.4970619, 42.4927007], [1.498403, 42.4939202], [1.4988183, 42.4954067], [1.5004899, 42.4963105], [1.5021563, 42.4970927], [1.5038603, 42.4979294], [1.5055873, 42.4987219], [1.5072942, 42.4995581], [1.5089866, 42.5004096], [1.5093339, 42.5005724], [1.5110595, 42.5013703], [1.5105053, 42.5012039], [1.5116751, 42.5017314], [1.5132031, 42.5028549], [1.5145215, 42.5042023], [1.5158736, 42.5053873], [1.5176069, 42.5060325], [1.5190548, 42.5070208], [1.5208269, 42.5075001], [1.5226058, 42.5077443], [1.5244791, 42.5078165], [1.5262226, 42.5084288], [1.5280168, 42.5089058], [1.5293822, 42.5101989], [1.5301501, 42.511582], [1.5305902, 42.5128467], [1.5301168, 42.5145342], [1.5287857, 42.515846], [1.5271393, 42.5167967], [1.5270631, 42.5169003], [1.5287132, 42.5160123], [1.5275866, 42.5166345], [1.5259925, 42.5176704], [1.524868, 42.5184367], [1.5262332, 42.5173445], [1.5246868, 42.5184503], [1.5238163, 42.5199559], [1.5229074, 42.5215836], [1.5217483, 42.5229983], [1.5206931, 42.5245656], [1.5204545, 42.5264347], [1.5203533, 42.5280569], [1.5202752, 42.5297825], [1.5197144, 42.5312503], [1.5197174, 42.5330712], [1.520141, 42.534675], [1.5211048, 42.5359514], [1.5199631, 42.5374063], [1.5194179, 42.5392106], [1.5192842, 42.5410083], [1.5182078, 42.5416531], [1.5183612, 42.5415894], [1.5171279, 42.542942], [1.5158151, 42.5442872], [1.5147871, 42.5458031], [1.5135606, 42.5471419], [1.5127661, 42.5487494], [1.5115165, 42.5500662], [1.509994, 42.5511862], [1.5085657, 42.552291], [1.5083343, 42.552501], [1.5069452, 42.5537981], [1.5063195, 42.5555001], [1.5051153, 42.5569584], [1.5046747, 42.5587335], [1.5030302, 42.5595761], [1.5015381, 42.5607332], [1.4999387, 42.5615163], [1.498245, 42.5615228], [1.496412, 42.5616226], [1.4950496, 42.5629128], [1.4933663, 42.5637076], [1.4918851, 42.5648281], [1.4905375, 42.5661626], [1.4892801, 42.5675794], [1.4886215, 42.5686905], [1.4882797, 42.5689543], [1.4886402, 42.5695158], [1.4899127, 42.5684386]], "mood_vectors": [[0.0172, 0.027, 0.0846, 0.0828, 0.061, 0.0597, 0.6678], [0.0928, 0.0446, 0.0336, 0.0206, 0.0813, 0.0401, 0.6869], [0.0457, 0.0816, 0.0287, 0.0623, 0.0213, 0.0523, 0.7081], [0.0421, 0.0297, 0.0785, 0.0406, 0.0248, 0.0169, 0.7675], [0.0242, 0.0634, 0.0604, 0.0256, 0.0504, 0.0363, 0.7396], [0.0379, 0.0723, 0.0703, 0.0928, 0.0629, 0.0196, 0.6441], [0.05, 0.0727, 0.0407, 0.0723, 0.0472, 0.0572, 0.6599], [0.0169, 0.0289, 0.0609, 0.0386, 0.0568, 0.0164, 0.7815], [0.0339, 0.0288, 0.0579, 0.0324, 0.0414, 0.0352, 0.7702], [0.056, 0.0456, 0.0191, 0.0791, 0.0669, 0.0698, 0.6637], [0.0695, 0.0664, 0.0773, 0.0795, 0.0328, 0.0842, 0.5903], [0.0409, 0.0432, 0.05, 0.055, 0.0636, 0.0781, 0.6692], [0.0194, 0.0666, 0.0525, 0.0716, 0.0709, 0.0495, 0.6694], [0.0302, 0.071, 0.0385, 0.072, 0.0617, 0.0355, 0.691], [0.0728, 0.0454, 0.0364, 0.0501, 0.0669, 0.0444, 0.684], [0.0425, 0.076, 0.0142, 0.067, 0.0372, 0.027, 0.7361], [0.0386, 0.0617, 0.0351, 0.0252, 0.039, 0.0384, 0.7619], [0.0311, 0.0257, 0.0704, 0.0168, 0.0212, 0.0641, 0.7708], [0.0733, 0.059, 0.0295, 0.0413, 0.0769, 0.0942, 0.6257], [0.0274, 0.0494, 0.0558, 0.0244, 0.0534, 0.0324, 0.7573], [0.014, 0.0552, 0.0167, 0.0549, 0.0155, 0.0458, 0.7978], [0.0509, 0.0152, 0.0506, 0.0614, 0.0602, 0.0133, 0.7484], [0.0194, 0.0757, 0.0425, 0.06, 0.059, 0.0545, 0.6889], [0.0532, 0.064, 0.0655, 0.0622, 0.0461, 0.0303, 0.6788], [0.079, 0.0261, 0.0656, 0.0562, 0.0578, 0.0815, 0.6338], [0.0589, 0.0411, 0.0622, 0.0446, 0.0521, 0.0691, 0.6719], [0.0725, 0.04, 0.0242, 0.0417, 0.0515, 0.0468, 0.7232], [0.0684, 0.0538, 0.0574, 0.0346, 0.0594, 0.0455, 0.6809], [0.0432, 0.0675, 0.02, 0.06, 0.0677, 0.0341, 0.7075], [0.0154, 0.0903, 0.0915, 0.0476, 0.0654, 0.0157, 0.674], [0.0803, 0.083, 0.0286, 0.0349, 0.0516, 0.0748, 0.6467], [0.0668, 0.0543, 0.0465, 0.0159, 0.0732, 0.0438, 0.6996], [0.0822, 0.0458, 0.0532, 0.0721, 0.0347, 0.0451, 0.6669], [0.0816, 0.084, 0.0436, 0.0631, 0.0865, 0.0345, 0.6067], [0.0753, 0.0541, 0.0202, 0.0643, 0.0769, 0.0401, 0.6691], [0.066, 0.0668, 0.0484, 0.076, 0.053, 0.0714, 0.6184], [0.0434, 0.0536, 0.0749, 0.0578, 0.076, 0.0144, 0.68], [0.0744, 0.036, 0.0467, 0.0161, 0.058, 0.0284, 0.7404], [0.0617, 0.016, 0.029, 0.0413, 0.0825, 0.0824, 0.6871], [0.0489, 0.0165, 0.0411, 0.089, 0.031, 0.0321, 0.7414], [0.0774, 0.0344, 0.0773, 0.0653, 0.0201, 0.0357, 0.6898], [0.0472, 0.0416, 0.0266, 0.0434, 0.0641, 0.0708, 0.7063], [0.0389, 0.0446, 0.0748, 0.0289, 0.0692, 0.0524, 0.6912], [0.0675, 0.0573, 0.0381, 0.0448, 0.0445, 0.0451, 0.7026], [0.0902, 0.0625, 0.0533, 0.0841, 0.0533, 0.048, 0.6087], [0.057, 0.0884, 0.0358, 0.0606, 0.0385, 0.076, 0.6436], [0.0897, 0.0762, 0.0374, 0.0667, 0.0459, 0.0318, 0.6523], [0.0338, 0.0506, 0.0154, 0.0732, 0.0171, 0.0311, 0.7787], [0.0282, 0.0396, 0.0661, 0.0548, 0.025, 0.0583, 0.728], [0.0713, 0.056, 0.0407, 0.0325, 0.0265, 0.042, 0.7309], [0.0403, 0.0698, 0.021, 0.0702, 0.0322, 0.0484, 0.718], [0.0529, 0.0233, 0.0399, 0.0372, 0.0781, 0.0295, 0.7392], [0.0961, 0.017, 0.0225, 0.0703, 0.0426, 0.0396, 0.7119], [0.0151, 0.0765, 0.0254, 0.0695, 0.036, 0.0255, 0.752], [0.017, 0.0246, 0.0606, 0.0565, 0.0424, 0.0551, 0.7437], [0.0467, 0.0369, 0.0726, 0.0147, 0.0618, 0.031, 0.7363], [0.0824, 0.0739, 0.0473, 0.0302, 0.0823, 0.0407, 0.6432], [0.0305, 0.1036, 0.0451, 0.0403, 0.0806, 0.0223, 0.6775], [0.0304, 0.0533, 0.0478, 0.0449, 0.0326, 0.0347, 0.7564], [0.0441, 0.0579, 0.0417, 0.0132, 0.0754, 0.0345, 0.7333], [0.0774, 0.0503, 0.0492, 0.0551, 0.0308, 0.0566, 0.6806], [0.0528, 0.0461, 0.037, 0.0398, 0.0253, 0.0876, 0.7115], [0.0781, 0.0612, 0.0626, 0.0285, 0.0755, 0.0205, 0.6737], [0.0217, 0.0196, 0.0443, 0.0443, 0.0163, 0.056, 0.7979], [0.0682, 0.051, 0.0179, 0.0706, 0.0588, 0.0243, 0.7092], [0.0408, 0.0199, 0.0218, 0.0974, 0.0855, 0.0729, 0.6617], [0.0188, 0.0213, 0.0768, 0.0442, 0.0208, 0.0242, 0.7938], [0.0506, 0.0154, 0.0348, 0.047, 0.0288, 0.0645, 0.7587], [0.0336, 0.0632, 0.0809, 0.0621, 0.0258, 0.0164, 0.718], [0.0405, 0.0658, 0.0766, 0.0176, 0.0207, 0.0504, 0.7284], [0.0284, 0.0373, 0.0221, 0.0803, 0.0629, 0.0444, 0.7246], [0.0127, 0.0227, 0.0639, 0.0145, 0.0751, 0.0651, 0.746], [0.0444, 0.0458, 0.0306, 0.0579, 0.0583, 0.0504, 0.7126], [0.0799, 0.0748, 0.0754, 0.0425, 0.0808, 0.0757, 0.5709], [0.0563, 0.0648, 0.0459, 0.0638, 0.0194, 0.0562, 0.6935], [0.0792, 0.0568, 0.0555, 0.04, 0.0774, 0.0452, 0.646], [0.0257, 0.039, 0.0567, 0.0472, 0.0845, 0.0324, 0.7146], [0.0581, 0.0189, 0.068, 0.0533, 0.0215, 0.0359, 0.7442], [0.052, 0.0434, 0.0241, 0.0592, 0.0798, 0.0365, 0.705], [0.0161, 0.084, 0.0811, 0.0405, 0.0306, 0.0817, 0.6659]], "emotions": ["purple", "purple", "purple", "purple", "purple", "purple", "purple", "purple", "purple", "purple", "purple", "purple", "purple", "purple", "purple", "purple", "purple", "purple", "purple", "purple", "purple", "purple", "purple", "purple", "purple", "purple", "purple", "purple", "purple", "purple", "purple", "purple", "purple", "purple", "purple", "purple", "purple", "purple", "purple", "purple", "purple", "purple", "purple", "purple", "purple", "purple", "purple", "purple", "purple", "purple", "purple", "purple", "purple", "purple", "purple", "purple", "purple", "purple", "purple", "purple", "purple", "purple", "purple", "purple", "purple", "purple", "purple", "purple", "purple", "purple", "purple", "purple", "purple", "purple", "purple", "purple", "purple", "purple", "purple", "purple"], "timestamps": [0, 40, 80, 120, 160, 200, 240, 280, 320, 360, 400, 440, 480, 520, 560, 600, 640, 680, 720, 760, 800, 840, 880, 920, 960, 1000, 1040, 1080, 1120, 1160, 1200, 1240, 1280, 1320, 1360, 1400, 1440, 1480, 1520, 1560, 1600, 1640, 1680, 1720, 1760, 1800, 1840, 1880, 1920, 1960, 2000, 2040, 2080, 2120, 2160, 2200, 2240, 2280, 2320, 2360, 2400, 2440, 2480, 2520, 2560, 2600, 2640, 2680, 2720, 2760, 2800, 2840, 2880, 2920, 2960, 3000, 3040, 3080, 3120, 3160]}], "conversation": [], "conversation_timestamps": []}