{"agent_id": "agent-red-1661", "type": "red", "trips": [{"trip_id": 0, "transport_method": "bus", "start_time": 0, "path": [[1.4977643, 42.4627235], [1.4954662, 42.4627162], [1.4935953, 42.4625192], [1.4953504, 42.4626605], [1.4948209, 42.4626967], [1.4935529, 42.4633799], [1.4950472, 42.4646286], [1.4936334, 42.4660225], [1.4916888, 42.4671171], [1.4920076, 42.4693138], [1.4914265, 42.4714916], [1.4905058, 42.4735945], [1.4908566, 42.4758493], [1.4903789, 42.4780736], [1.4900166, 42.4803587], [1.4895135, 42.4812843], [1.4896021, 42.4790185], [1.4906418, 42.4769727], [1.4904885, 42.4782758], [1.4903058, 42.4805823], [1.4903124, 42.4828441], [1.4915867, 42.4846434], [1.4928226, 42.4864162], [1.4939033, 42.4884598], [1.4950223, 42.4904844], [1.496562, 42.4921196], [1.4983101, 42.4936153], [1.4988835, 42.4954466], [1.500909, 42.4965625], [1.5029518, 42.4975128], [1.5050569, 42.4984711], [1.507136, 42.4994843], [1.5092008, 42.500513], [1.5099243, 42.5008454], [1.5105194, 42.5011428], [1.5117931, 42.5017791], [1.5131945, 42.502845], [1.5148188, 42.5044645], [1.5166144, 42.5057172], [1.5185204, 42.506655], [1.5205682, 42.5074664], [1.5227536, 42.5077571], [1.5250212, 42.5079584], [1.5271877, 42.5085223], [1.5290415, 42.5098279], [1.5300502, 42.511558], [1.530416, 42.5131028], [1.5295619, 42.5149761], [1.5278029, 42.5164135], [1.5267586, 42.5170661], [1.5287551, 42.5159712], [1.5271915, 42.5168913], [1.5252514, 42.518152], [1.5258126, 42.5175544], [1.5248432, 42.5183384], [1.5237681, 42.5201705], [1.522382, 42.521935], [1.5211405, 42.5238401], [1.5207914, 42.5259847], [1.5210364, 42.5281024], [1.521664, 42.5298066], [1.5208906, 42.531702], [1.5207239, 42.5336124], [1.5222851, 42.5351601], [1.5238952, 42.5366176], [1.5250499, 42.5376092], [1.5231385, 42.5384678], [1.5234855, 42.5406922], [1.5228978, 42.5422148], [1.5236726, 42.5443461], [1.5247515, 42.5463727], [1.5252927, 42.5484602], [1.5263476, 42.5504975], [1.5257834, 42.5497047], [1.5258429, 42.5503326], [1.5266499, 42.5524572], [1.5279524, 42.5542869], [1.5293819, 42.5559453], [1.5311471, 42.5572202], [1.5322055, 42.5589584]], "mood_vectors": [[0.599, 0.0855, 0.0501, 0.0154, 0.0912, 0.0888, 0.07], [0.6918, 0.0417, 0.0631, 0.0645, 0.0381, 0.0748, 0.026], [0.6263, 0.0737, 0.0883, 0.0395, 0.0621, 0.0757, 0.0344], [0.6976, 0.0755, 0.0607, 0.0114, 0.0164, 0.0725, 0.066], [0.6841, 0.0496, 0.0818, 0.0147, 0.0633, 0.0745, 0.0319], [0.6637, 0.0509, 0.0667, 0.0412, 0.0683, 0.0693, 0.0399], [0.7203, 0.0675, 0.0259, 0.0309, 0.0395, 0.0188, 0.0972], [0.7446, 0.0687, 0.0217, 0.0612, 0.0216, 0.0664, 0.0158], [0.6618, 0.0707, 0.0534, 0.0723, 0.0624, 0.0202, 0.0592], [0.7388, 0.0138, 0.0613, 0.0667, 0.0678, 0.0121, 0.0396], [0.7041, 0.0313, 0.0447, 0.0772, 0.0812, 0.0213, 0.0403], [0.7138, 0.0264, 0.0417, 0.0507, 0.0338, 0.0767, 0.0569], [0.6433, 0.0663, 0.064, 0.0637, 0.0566, 0.0469, 0.0591], [0.6568, 0.056, 0.0135, 0.081, 0.0399, 0.0744, 0.0784], [0.5568, 0.076, 0.0834, 0.0846, 0.0396, 0.0856, 0.074], [0.7233, 0.0728, 0.0156, 0.0473, 0.0457, 0.067, 0.0282], [0.779, 0.0379, 0.0502, 0.0541, 0.014, 0.0415, 0.0233], [0.696, 0.0744, 0.0631, 0.0375, 0.0212, 0.0497, 0.0581], [0.7556, 0.0157, 0.082, 0.0233, 0.0319, 0.0401, 0.0514], [0.659, 0.0553, 0.0754, 0.0728, 0.0763, 0.0467, 0.0145], [0.7377, 0.0788, 0.0423, 0.017, 0.0502, 0.0359, 0.0381], [0.6534, 0.0829, 0.0627, 0.0435, 0.087, 0.0315, 0.039], [0.7424, 0.0269, 0.0392, 0.042, 0.0632, 0.0174, 0.0688], [0.7417, 0.0121, 0.0197, 0.0628, 0.0196, 0.0773, 0.0669], [0.6984, 0.0539, 0.0624, 0.017, 0.0628, 0.068, 0.0375], [0.6483, 0.0387, 0.0931, 0.041, 0.0942, 0.0603, 0.0244], [0.6869, 0.0327, 0.0686, 0.0658, 0.0654, 0.0107, 0.07], [0.7138, 0.032, 0.0614, 0.0465, 0.0496, 0.0201, 0.0766], [0.6979, 0.06, 0.0225, 0.0291, 0.0321, 0.0707, 0.0877], [0.6604, 0.0849, 0.018, 0.0663, 0.0763, 0.023, 0.071], [0.7309, 0.0761, 0.0214, 0.0146, 0.0808, 0.0196, 0.0566], [0.729, 0.034, 0.0716, 0.0673, 0.023, 0.0544, 0.0207], [0.6732, 0.0294, 0.0193, 0.0983, 0.0512, 0.1038, 0.0248], [0.753, 0.0258, 0.0249, 0.0698, 0.0335, 0.076, 0.0169], [0.6805, 0.0169, 0.0924, 0.0428, 0.0877, 0.0403, 0.0394], [0.6478, 0.0837, 0.0682, 0.0353, 0.0547, 0.075, 0.0353], [0.6764, 0.051, 0.0925, 0.0515, 0.0381, 0.0351, 0.0555], [0.6728, 0.0259, 0.0446, 0.0749, 0.0741, 0.0582, 0.0496], [0.7477, 0.0133, 0.0369, 0.0656, 0.0456, 0.0675, 0.0234], [0.7402, 0.0409, 0.0289, 0.0576, 0.0702, 0.0181, 0.0441], [0.6682, 0.0224, 0.0667, 0.0815, 0.0713, 0.0778, 0.012], [0.6886, 0.0305, 0.0631, 0.0767, 0.0697, 0.037, 0.0343], [0.6799, 0.0596, 0.0826, 0.0788, 0.0624, 0.0203, 0.0164], [0.6157, 0.0717, 0.0482, 0.0276, 0.0772, 0.0935, 0.0661], [0.7423, 0.0246, 0.0224, 0.0629, 0.0182, 0.075, 0.0545], [0.7032, 0.0645, 0.0467, 0.023, 0.0301, 0.0613, 0.0712], [0.738, 0.0306, 0.0382, 0.0548, 0.0764, 0.0456, 0.0164], [0.643, 0.0649, 0.0586, 0.0258, 0.0793, 0.058, 0.0703], [0.6779, 0.0558, 0.0599, 0.0317, 0.0877, 0.0264, 0.0607], [0.6962, 0.0445, 0.0399, 0.0569, 0.0659, 0.0497, 0.0471], [0.6794, 0.0128, 0.0601, 0.0591, 0.0573, 0.0658, 0.0655], [0.7202, 0.0446, 0.0191, 0.0806, 0.0951, 0.0236, 0.0169], [0.7865, 0.0334, 0.0816, 0.0274, 0.0236, 0.0291, 0.0184], [0.6538, 0.0575, 0.069, 0.0489, 0.0268, 0.0728, 0.0711], [0.6719, 0.0232, 0.0247, 0.092, 0.0628, 0.0409, 0.0846], [0.6316, 0.0566, 0.0752, 0.0573, 0.0424, 0.0713, 0.0656], [0.6442, 0.0578, 0.0451, 0.0471, 0.0736, 0.0712, 0.061], [0.6597, 0.0613, 0.0697, 0.0615, 0.084, 0.0494, 0.0144], [0.7407, 0.0649, 0.0338, 0.0127, 0.0445, 0.0253, 0.0781], [0.7739, 0.0208, 0.0425, 0.0272, 0.0626, 0.0347, 0.0383], [0.7472, 0.0284, 0.0311, 0.0612, 0.0328, 0.0378, 0.0614], [0.7599, 0.0436, 0.0781, 0.0316, 0.0434, 0.0195, 0.0239], [0.7113, 0.0445, 0.0636, 0.0412, 0.0345, 0.0359, 0.069], [0.6709, 0.0639, 0.064, 0.0795, 0.0285, 0.0148, 0.0784], [0.6976, 0.0573, 0.0242, 0.065, 0.0541, 0.0639, 0.0379], [0.734, 0.0538, 0.0375, 0.0657, 0.039, 0.0434, 0.0266], [0.6761, 0.0138, 0.0783, 0.0852, 0.0546, 0.0783, 0.0138], [0.7195, 0.0188, 0.0447, 0.0698, 0.0487, 0.0688, 0.0297], [0.7113, 0.071, 0.0669, 0.0302, 0.0415, 0.0261, 0.053], [0.6469, 0.0854, 0.0384, 0.0813, 0.0372, 0.0828, 0.0279], [0.7255, 0.0137, 0.0647, 0.0574, 0.0523, 0.0579, 0.0285], [0.6956, 0.0556, 0.0445, 0.0644, 0.0718, 0.0276, 0.0405], [0.6846, 0.0555, 0.0596, 0.0392, 0.0825, 0.0557, 0.0229], [0.6865, 0.0641, 0.0527, 0.0247, 0.0522, 0.0354, 0.0844], [0.6621, 0.0554, 0.0665, 0.0657, 0.0751, 0.0197, 0.0555], [0.6834, 0.0354, 0.059, 0.0368, 0.0367, 0.077, 0.0717], [0.6643, 0.0313, 0.0306, 0.0238, 0.0869, 0.0826, 0.0804], [0.7076, 0.0634, 0.05, 0.038, 0.0524, 0.0584, 0.0302], [0.6336, 0.0727, 0.0591, 0.0689, 0.0665, 0.076, 0.0232], [0.6571, 0.0659, 0.0568, 0.0729, 0.0458, 0.062, 0.0396]], "emotions": ["red", "red", "red", "red", "red", "red", "red", "red", "red", "red", "red", "red", "red", "red", "red", "red", "red", "red", "red", "red", "red", "red", "red", "red", "red", "red", "red", "red", "red", "red", "red", "red", "red", "red", "red", "red", "red", "red", "red", "red", "red", "red", "red", "red", "red", "red", "red", "red", "red", "red", "red", "red", "red", "red", "red", "red", "red", "red", "red", "red", "red", "red", "red", "red", "red", "red", "red", "red", "red", "red", "red", "red", "red", "red", "red", "red", "red", "red", "red", "red"], "timestamps": [0, 40, 80, 120, 160, 200, 240, 280, 320, 360, 400, 440, 480, 520, 560, 600, 640, 680, 720, 760, 800, 840, 880, 920, 960, 1000, 1040, 1080, 1120, 1160, 1200, 1240, 1280, 1320, 1360, 1400, 1440, 1480, 1520, 1560, 1600, 1640, 1680, 1720, 1760, 1800, 1840, 1880, 1920, 1960, 2000, 2040, 2080, 2120, 2160, 2200, 2240, 2280, 2320, 2360, 2400, 2440, 2480, 2520, 2560, 2600, 2640, 2680, 2720, 2760, 2800, 2840, 2880, 2920, 2960, 3000, 3040, 3080, 3120, 3160]}], "conversation": [], "conversation_timestamps": []}