{"agent_id": "agent-purple-1189", "type": "purple", "trips": [{"trip_id": 0, "transport_method": "foot", "start_time": 0, "path": [[1.5142398, 42.503696], [1.5143774, 42.5040665], [1.5152843, 42.5048255], [1.5164009, 42.5051901], [1.5174099, 42.5054183], [1.5185818, 42.5054494], [1.519771, 42.5056573], [1.5209179, 42.5059409], [1.5220573, 42.5063452], [1.5232266, 42.5066461], [1.5244037, 42.5068856], [1.5255633, 42.5071034], [1.5266235, 42.5072294], [1.5254222, 42.5070942], [1.5260732, 42.5071311], [1.5272788, 42.5072276], [1.5284214, 42.5070673], [1.5294222, 42.5063917], [1.5305232, 42.5068136], [1.5316202, 42.5065467], [1.5325263, 42.5066334], [1.5327717, 42.506728], [1.5339482, 42.5069629], [1.5349528, 42.5075093], [1.5361303, 42.5077326], [1.5373073, 42.5079024], [1.538467, 42.5081895], [1.5396613, 42.5083167], [1.5406488, 42.5086668], [1.54184, 42.5088607], [1.542281, 42.5088997], [1.5434812, 42.509031], [1.5446398, 42.5093141], [1.5458132, 42.5095382], [1.5453852, 42.5093655], [1.5464134, 42.5099482], [1.5465727, 42.5109028], [1.5476879, 42.5113254], [1.5488642, 42.5116062], [1.5495235, 42.5117764], [1.5502336, 42.5120624], [1.5507417, 42.5123311], [1.5515761, 42.5130559], [1.5512532, 42.5127462], [1.5522641, 42.5133986], [1.5526154, 42.513755], [1.5527802, 42.51492], [1.5533965, 42.5159497], [1.5538751, 42.5170476], [1.5547789, 42.5178264], [1.5558248, 42.5182982], [1.5566342, 42.5191901], [1.5574036, 42.5200618], [1.5582634, 42.520912], [1.5591798, 42.5217008], [1.5595097, 42.5218804], [1.5601679, 42.5224263], [1.5611999, 42.5230443], [1.5620936, 42.5238502], [1.5629903, 42.5246319], [1.5640992, 42.5250861], [1.5652468, 42.5254023], [1.5663347, 42.5259247], [1.567292, 42.5266638], [1.5683179, 42.5272922], [1.5693388, 42.5279196], [1.5703596, 42.5285655], [1.5712879, 42.5293286], [1.5724077, 42.5293474], [1.5732544, 42.5298344], [1.5739602, 42.5307951], [1.5750333, 42.5313415], [1.5762158, 42.5315921], [1.5774151, 42.531745], [1.5786233, 42.5318003], [1.5776463, 42.5317628], [1.5783102, 42.5318133], [1.5795163, 42.5319037], [1.5806819, 42.5319494], [1.5818903, 42.5319235]], "mood_vectors": [[0.0125, 0.0527, 0.069, 0.059, 0.0178, 0.7286, 0.0604], [0.0212, 0.048, 0.0523, 0.0356, 0.0407, 0.7096, 0.0926], [0.0424, 0.0539, 0.0778, 0.023, 0.0441, 0.6801, 0.0787], [0.0737, 0.0518, 0.0576, 0.0263, 0.0255, 0.75, 0.0152], [0.0365, 0.0666, 0.0368, 0.0338, 0.0325, 0.7155, 0.0783], [0.0742, 0.0414, 0.0565, 0.0849, 0.0364, 0.671, 0.0355], [0.0355, 0.0344, 0.0455, 0.0587, 0.0691, 0.6973, 0.0593], [0.018, 0.0427, 0.0563, 0.0203, 0.0722, 0.7173, 0.0731], [0.0286, 0.0806, 0.0195, 0.0373, 0.0281, 0.7779, 0.028], [0.0409, 0.0709, 0.075, 0.0605, 0.0197, 0.6469, 0.086], [0.0182, 0.0823, 0.0921, 0.0361, 0.0836, 0.6708, 0.0169], [0.0768, 0.0691, 0.0553, 0.0129, 0.0435, 0.6864, 0.0561], [0.0188, 0.0772, 0.0337, 0.0874, 0.0598, 0.6584, 0.0648], [0.0289, 0.0238, 0.0231, 0.0751, 0.042, 0.7456, 0.0615], [0.0437, 0.0312, 0.0777, 0.0138, 0.0736, 0.6977, 0.0623], [0.0156, 0.0651, 0.0627, 0.0516, 0.0471, 0.6983, 0.0596], [0.0187, 0.0766, 0.0629, 0.0671, 0.0737, 0.6797, 0.0214], [0.0232, 0.0864, 0.0188, 0.0873, 0.0596, 0.707, 0.0177], [0.0187, 0.025, 0.0686, 0.0834, 0.044, 0.719, 0.0413], [0.0718, 0.047, 0.0641, 0.0411, 0.0661, 0.6587, 0.0513], [0.0593, 0.0697, 0.0687, 0.0735, 0.0511, 0.6598, 0.0179], [0.0474, 0.0552, 0.0328, 0.0676, 0.025, 0.7384, 0.0335], [0.04, 0.0699, 0.0693, 0.0767, 0.062, 0.6397, 0.0424], [0.0694, 0.0227, 0.0526, 0.057, 0.0334, 0.7209, 0.0441], [0.0411, 0.0542, 0.0529, 0.0387, 0.0374, 0.707, 0.0687], [0.0435, 0.0453, 0.0272, 0.0416, 0.0695, 0.7458, 0.0269], [0.0688, 0.0781, 0.0288, 0.0312, 0.0651, 0.7075, 0.0205], [0.0134, 0.0334, 0.0483, 0.046, 0.0552, 0.7467, 0.0571], [0.0744, 0.0231, 0.052, 0.0646, 0.0115, 0.7346, 0.0399], [0.0754, 0.0419, 0.0895, 0.0205, 0.0513, 0.6536, 0.0678], [0.0732, 0.0593, 0.0301, 0.0191, 0.0557, 0.6833, 0.0793], [0.021, 0.0638, 0.0639, 0.0202, 0.0628, 0.7097, 0.0586], [0.0687, 0.0156, 0.0761, 0.09, 0.0577, 0.659, 0.0329], [0.0381, 0.0441, 0.0342, 0.0213, 0.0954, 0.7439, 0.0229], [0.0522, 0.0733, 0.0509, 0.0772, 0.019, 0.6562, 0.0712], [0.0663, 0.0696, 0.0458, 0.0442, 0.0704, 0.646, 0.0577], [0.0648, 0.0479, 0.0705, 0.0546, 0.0698, 0.6281, 0.0641], [0.0643, 0.0782, 0.037, 0.0173, 0.056, 0.7146, 0.0326], [0.0325, 0.0407, 0.0853, 0.0236, 0.0821, 0.698, 0.0377], [0.02, 0.0293, 0.0399, 0.0374, 0.0664, 0.7415, 0.0655], [0.0263, 0.0389, 0.0736, 0.021, 0.083, 0.7231, 0.0341], [0.0715, 0.0169, 0.0664, 0.0235, 0.0557, 0.7389, 0.0272], [0.0576, 0.0264, 0.0204, 0.0656, 0.0338, 0.7496, 0.0466], [0.0612, 0.029, 0.0347, 0.0147, 0.0433, 0.7976, 0.0195], [0.0128, 0.0437, 0.0556, 0.063, 0.0754, 0.7008, 0.0487], [0.0933, 0.0712, 0.0848, 0.0454, 0.068, 0.6007, 0.0366], [0.0445, 0.019, 0.065, 0.0864, 0.0337, 0.7161, 0.0354], [0.0265, 0.018, 0.0468, 0.0928, 0.052, 0.675, 0.0888], [0.0704, 0.0664, 0.0158, 0.0661, 0.0283, 0.674, 0.0791], [0.0472, 0.0133, 0.0841, 0.0147, 0.0688, 0.7581, 0.0138], [0.045, 0.0767, 0.0683, 0.0292, 0.0528, 0.7033, 0.0247], [0.0268, 0.0607, 0.063, 0.0695, 0.0793, 0.6837, 0.017], [0.0305, 0.048, 0.0579, 0.0433, 0.0516, 0.7168, 0.0519], [0.0675, 0.0709, 0.062, 0.0342, 0.0205, 0.7014, 0.0435], [0.0699, 0.0523, 0.0368, 0.07, 0.0649, 0.6338, 0.0723], [0.0417, 0.039, 0.0959, 0.0952, 0.0229, 0.6313, 0.074], [0.0372, 0.0735, 0.041, 0.0192, 0.0488, 0.7521, 0.0283], [0.0328, 0.0735, 0.0954, 0.0584, 0.079, 0.6392, 0.0216], [0.0486, 0.0613, 0.0585, 0.0707, 0.0641, 0.6555, 0.0413], [0.0357, 0.0792, 0.0919, 0.0451, 0.0187, 0.7089, 0.0205], [0.0629, 0.0786, 0.0804, 0.019, 0.0181, 0.7173, 0.0236], [0.0455, 0.07, 0.015, 0.0701, 0.0789, 0.6555, 0.065], [0.091, 0.0159, 0.0684, 0.0786, 0.0308, 0.6743, 0.0409], [0.0368, 0.0517, 0.0354, 0.0231, 0.0944, 0.7115, 0.0472], [0.0728, 0.0539, 0.0718, 0.0458, 0.0417, 0.6994, 0.0146], [0.0799, 0.0257, 0.0245, 0.0707, 0.0669, 0.6891, 0.043], [0.0721, 0.0759, 0.0583, 0.0121, 0.0432, 0.7193, 0.0191], [0.0517, 0.0484, 0.0642, 0.0324, 0.0668, 0.6454, 0.091], [0.0531, 0.0743, 0.0621, 0.0381, 0.0191, 0.7151, 0.0382], [0.0194, 0.0785, 0.0458, 0.0353, 0.0424, 0.7302, 0.0484], [0.0433, 0.0602, 0.0815, 0.066, 0.0234, 0.6706, 0.0551], [0.0453, 0.0206, 0.0736, 0.0268, 0.0549, 0.7657, 0.0131], [0.0578, 0.0162, 0.0473, 0.0733, 0.0573, 0.6859, 0.0622], [0.0512, 0.0778, 0.0394, 0.0431, 0.0436, 0.6715, 0.0735], [0.0394, 0.0604, 0.0715, 0.0777, 0.0669, 0.6581, 0.026], [0.0662, 0.0784, 0.023, 0.0529, 0.0662, 0.6869, 0.0264], [0.042, 0.0736, 0.0176, 0.0599, 0.0508, 0.6804, 0.0758], [0.0307, 0.0235, 0.0326, 0.0761, 0.0604, 0.7027, 0.074], [0.0381, 0.0575, 0.0247, 0.0777, 0.0149, 0.7665, 0.0207], [0.0539, 0.0171, 0.0897, 0.0669, 0.0853, 0.6536, 0.0334]], "emotions": ["purple", "purple", "purple", "purple", "purple", "purple", "purple", "purple", "purple", "purple", "purple", "purple", "purple", "purple", "purple", "purple", "purple", "purple", "purple", "purple", "purple", "purple", "purple", "purple", "purple", "purple", "purple", "purple", "purple", "purple", "purple", "purple", "purple", "purple", "purple", "purple", "purple", "purple", "purple", "purple", "purple", "purple", "purple", "purple", "purple", "purple", "purple", "purple", "purple", "purple", "purple", "purple", "purple", "purple", "purple", "purple", "purple", "purple", "purple", "purple", "purple", "purple", "purple", "purple", "purple", "purple", "purple", "purple", "purple", "purple", "purple", "purple", "purple", "purple", "purple", "purple", "purple", "purple", "purple", "purple"], "timestamps": [0, 40, 80, 120, 160, 200, 240, 280, 320, 360, 400, 440, 480, 520, 560, 600, 640, 680, 720, 760, 800, 840, 880, 920, 960, 1000, 1040, 1080, 1120, 1160, 1200, 1240, 1280, 1320, 1360, 1400, 1440, 1480, 1520, 1560, 1600, 1640, 1680, 1720, 1760, 1800, 1840, 1880, 1920, 1960, 2000, 2040, 2080, 2120, 2160, 2200, 2240, 2280, 2320, 2360, 2400, 2440, 2480, 2520, 2560, 2600, 2640, 2680, 2720, 2760, 2800, 2840, 2880, 2920, 2960, 3000, 3040, 3080, 3120, 3160]}], "conversation": [], "conversation_timestamps": []}