{"agent_id": "agent-orange-1923", "type": "orange", "trips": [{"trip_id": 0, "transport_method": "car", "start_time": 0, "path": [[1.5229314, 42.5094868], [1.5232294, 42.5095559], [1.5235297, 42.5096149], [1.5238336, 42.5096512], [1.5241396, 42.5096523], [1.5244452, 42.5096604], [1.5247488, 42.5096983], [1.5250497, 42.5097547], [1.5253518, 42.5098022], [1.5256389, 42.5097079], [1.5259332, 42.5097718], [1.5261864, 42.5099124], [1.5264051, 42.5101267], [1.5266237, 42.510341], [1.5268424, 42.5105553], [1.5269943, 42.5106181], [1.5270192, 42.5103376], [1.5267574, 42.5101791], [1.5264958, 42.5100202], [1.5262323, 42.5098643], [1.5261579, 42.5098307], [1.526437, 42.5099565], [1.5267161, 42.5100823], [1.5269952, 42.5102081], [1.5272743, 42.5103339], [1.5275534, 42.5104597], [1.5278325, 42.5105855], [1.5281116, 42.5107113], [1.5283907, 42.5108371], [1.5286698, 42.5109629], [1.5289489, 42.5110887], [1.5292281, 42.5112144], [1.5295072, 42.5113402], [1.5297863, 42.511466], [1.5295423, 42.5114015], [1.5292402, 42.5113535], [1.5289348, 42.5113318], [1.5286312, 42.5112967], [1.528336, 42.5112163], [1.5280468, 42.5111162], [1.5277595, 42.5110105], [1.5274722, 42.5109047], [1.5271859, 42.5107964], [1.5272048, 42.5107862], [1.5275005, 42.5108656], [1.5277961, 42.5109451], [1.5280918, 42.5110246], [1.5283874, 42.511104], [1.5286831, 42.5111835], [1.5289787, 42.511263], [1.5292744, 42.5113425], [1.52957, 42.5114219], [1.5298657, 42.5115014], [1.5301613, 42.5115809], [1.5304554, 42.5116657], [1.5307319, 42.5117929], [1.5309478, 42.5120066], [1.5310371, 42.5122807], [1.5313108, 42.5123076], [1.5315866, 42.5121746], [1.531878, 42.5122023], [1.5321806, 42.5122224], [1.5324783, 42.5122932], [1.5327385, 42.5124462], [1.5329936, 42.512615], [1.5332034, 42.5127187], [1.5330569, 42.5129243], [1.5333513, 42.5129547], [1.5336255, 42.5130227], [1.5339288, 42.5130448], [1.5342346, 42.5130612], [1.5345271, 42.5130848], [1.534807, 42.5129609], [1.5350893, 42.5128433], [1.5353838, 42.5127642], [1.535686, 42.5127155], [1.535965, 42.5126154], [1.5362373, 42.5124853], [1.5365055, 42.5123413], [1.5365745, 42.5120745]], "mood_vectors": [[0.0294, 0.0679, 0.0266, 0.0987, 0.6643, 0.0175, 0.0956], [0.0296, 0.0616, 0.0727, 0.0671, 0.6866, 0.0255, 0.057], [0.0276, 0.0208, 0.0316, 0.0587, 0.659, 0.0992, 0.1031], [0.0455, 0.0318, 0.0648, 0.0752, 0.7072, 0.0345, 0.041], [0.0234, 0.0317, 0.0419, 0.0374, 0.7835, 0.0646, 0.0175], [0.0741, 0.0568, 0.0741, 0.0202, 0.6743, 0.0334, 0.0671], [0.0632, 0.0516, 0.0602, 0.0316, 0.7303, 0.0318, 0.0314], [0.0765, 0.0596, 0.0779, 0.0551, 0.6727, 0.0133, 0.045], [0.1016, 0.0674, 0.0394, 0.0217, 0.6846, 0.0312, 0.0541], [0.0314, 0.0833, 0.0946, 0.0349, 0.6335, 0.0491, 0.0732], [0.0578, 0.083, 0.0149, 0.0841, 0.7143, 0.0319, 0.014], [0.0286, 0.0181, 0.0453, 0.0465, 0.7474, 0.0749, 0.0393], [0.0425, 0.0532, 0.0841, 0.0539, 0.6974, 0.0396, 0.0293], [0.0529, 0.0727, 0.0399, 0.054, 0.6603, 0.0407, 0.0795], [0.0286, 0.0623, 0.0943, 0.0377, 0.7192, 0.0343, 0.0235], [0.0214, 0.0158, 0.0309, 0.0141, 0.8667, 0.0308, 0.0203], [0.0304, 0.0478, 0.0615, 0.0358, 0.7793, 0.0166, 0.0286], [0.0419, 0.0636, 0.0814, 0.0535, 0.6284, 0.0454, 0.0858], [0.0133, 0.079, 0.0228, 0.0174, 0.7267, 0.0774, 0.0634], [0.0613, 0.0692, 0.0488, 0.0626, 0.6933, 0.0365, 0.0283], [0.0214, 0.0518, 0.0372, 0.0182, 0.7553, 0.0702, 0.0459], [0.0355, 0.0672, 0.0466, 0.0133, 0.6968, 0.0556, 0.0849], [0.0206, 0.0657, 0.0741, 0.043, 0.6613, 0.0607, 0.0746], [0.0264, 0.0725, 0.0853, 0.0315, 0.7484, 0.0167, 0.0193], [0.0819, 0.0858, 0.0842, 0.0709, 0.6244, 0.037, 0.0158], [0.041, 0.0869, 0.0341, 0.0253, 0.6585, 0.0749, 0.0793], [0.0502, 0.0926, 0.0367, 0.095, 0.6608, 0.0432, 0.0215], [0.0276, 0.0562, 0.0263, 0.0828, 0.6598, 0.0673, 0.0801], [0.0163, 0.0705, 0.055, 0.0663, 0.703, 0.0307, 0.0583], [0.0508, 0.0202, 0.0439, 0.0665, 0.7394, 0.047, 0.0321], [0.0233, 0.0306, 0.018, 0.0445, 0.7545, 0.0412, 0.0879], [0.0457, 0.0253, 0.0415, 0.0226, 0.7349, 0.0893, 0.0406], [0.0658, 0.0449, 0.0444, 0.0522, 0.6912, 0.0301, 0.0714], [0.0547, 0.0539, 0.0156, 0.0407, 0.7766, 0.0468, 0.0116], [0.0653, 0.0379, 0.0308, 0.0464, 0.7432, 0.0528, 0.0236], [0.0487, 0.0776, 0.0159, 0.0558, 0.6612, 0.0781, 0.0628], [0.0368, 0.0587, 0.0732, 0.0727, 0.677, 0.0585, 0.0232], [0.0238, 0.0262, 0.0294, 0.0613, 0.779, 0.0208, 0.0595], [0.0211, 0.0743, 0.0529, 0.0455, 0.6935, 0.032, 0.0808], [0.0722, 0.0412, 0.0577, 0.0876, 0.6364, 0.074, 0.031], [0.0894, 0.0475, 0.0502, 0.0342, 0.6571, 0.0396, 0.082], [0.0453, 0.0527, 0.0557, 0.0816, 0.6335, 0.0632, 0.0681], [0.0452, 0.0315, 0.0531, 0.0435, 0.6974, 0.0805, 0.0487], [0.0746, 0.0689, 0.0181, 0.0287, 0.6604, 0.0759, 0.0735], [0.0339, 0.0308, 0.0818, 0.0817, 0.6817, 0.0712, 0.019], [0.0436, 0.0295, 0.0623, 0.0557, 0.7409, 0.0409, 0.0271], [0.0569, 0.0657, 0.0717, 0.0419, 0.6961, 0.0209, 0.0467], [0.0279, 0.0744, 0.0726, 0.0763, 0.6095, 0.0606, 0.0786], [0.0679, 0.0252, 0.0611, 0.0377, 0.7272, 0.0316, 0.0493], [0.0299, 0.0536, 0.0675, 0.048, 0.7516, 0.0171, 0.0322], [0.0758, 0.0493, 0.0657, 0.0604, 0.6301, 0.0452, 0.0735], [0.0575, 0.0566, 0.0561, 0.0624, 0.6732, 0.0365, 0.0577], [0.0587, 0.0222, 0.0197, 0.0542, 0.711, 0.0794, 0.0549], [0.0541, 0.0723, 0.0682, 0.0447, 0.6607, 0.0777, 0.0223], [0.0773, 0.0546, 0.0245, 0.0558, 0.715, 0.0263, 0.0466], [0.0457, 0.0642, 0.0512, 0.0267, 0.686, 0.0599, 0.0663], [0.0468, 0.0496, 0.0285, 0.0684, 0.7426, 0.0115, 0.0526], [0.0804, 0.0781, 0.0267, 0.0634, 0.6686, 0.0657, 0.017], [0.071, 0.0525, 0.074, 0.0628, 0.6644, 0.0581, 0.0172], [0.0367, 0.0401, 0.0686, 0.0601, 0.7507, 0.0258, 0.018], [0.021, 0.0655, 0.0773, 0.0617, 0.6494, 0.0775, 0.0477], [0.0272, 0.0683, 0.0236, 0.0644, 0.671, 0.0714, 0.0741], [0.029, 0.0661, 0.069, 0.0259, 0.7176, 0.0345, 0.0579], [0.0747, 0.069, 0.0149, 0.036, 0.6794, 0.0382, 0.0878], [0.0672, 0.0828, 0.0782, 0.033, 0.6601, 0.0357, 0.043], [0.0732, 0.0575, 0.0194, 0.0866, 0.7285, 0.0175, 0.0172], [0.0635, 0.016, 0.036, 0.019, 0.7597, 0.0281, 0.0777], [0.0567, 0.0396, 0.0794, 0.0323, 0.6743, 0.0715, 0.0462], [0.057, 0.088, 0.0891, 0.0652, 0.6185, 0.0675, 0.0146], [0.0784, 0.0855, 0.0721, 0.0564, 0.6202, 0.0618, 0.0256], [0.0158, 0.0175, 0.0574, 0.0638, 0.6839, 0.0907, 0.0709], [0.0318, 0.065, 0.0551, 0.0831, 0.6669, 0.0701, 0.028], [0.0792, 0.0738, 0.0789, 0.0698, 0.6501, 0.0234, 0.0247], [0.024, 0.0519, 0.0703, 0.0654, 0.7081, 0.0363, 0.044], [0.0599, 0.0468, 0.019, 0.0134, 0.7221, 0.0683, 0.0706], [0.0471, 0.0314, 0.062, 0.08, 0.6144, 0.0798, 0.0853], [0.0453, 0.0277, 0.0299, 0.0276, 0.7448, 0.0752, 0.0494], [0.04, 0.0548, 0.0346, 0.0178, 0.7454, 0.0416, 0.0659], [0.0371, 0.0643, 0.0177, 0.0213, 0.7995, 0.0238, 0.0362], [0.0478, 0.0716, 0.0176, 0.0461, 0.6816, 0.0785, 0.0568]], "emotions": ["red", "red", "red", "red", "red", "red", "red", "red", "red", "red", "red", "red", "red", "red", "red", "red", "red", "red", "red", "red", "red", "red", "red", "red", "red", "red", "red", "red", "red", "red", "red", "red", "red", "red", "red", "red", "red", "red", "red", "red", "red", "red", "red", "red", "red", "red", "red", "red", "red", "red", "red", "red", "red", "red", "red", "red", "red", "red", "red", "red", "red", "red", "red", "red", "red", "red", "red", "red", "red", "red", "red", "red", "red", "red", "red", "red", "red", "red", "red", "red"], "timestamps": [0, 40, 80, 120, 160, 200, 240, 280, 320, 360, 400, 440, 480, 520, 560, 600, 640, 680, 720, 760, 800, 840, 880, 920, 960, 1000, 1040, 1080, 1120, 1160, 1200, 1240, 1280, 1320, 1360, 1400, 1440, 1480, 1520, 1560, 1600, 1640, 1680, 1720, 1760, 1800, 1840, 1880, 1920, 1960, 2000, 2040, 2080, 2120, 2160, 2200, 2240, 2280, 2320, 2360, 2400, 2440, 2480, 2520, 2560, 2600, 2640, 2680, 2720, 2760, 2800, 2840, 2880, 2920, 2960, 3000, 3040, 3080, 3120, 3160]}], "conversation": [], "conversation_timestamps": []}