{"agent_id": "agent-blue-490", "type": "blue", "trips": [{"trip_id": 0, "transport_method": "bus", "start_time": 0, "path": [[1.524635, 42.544918], [1.5238952, 42.5449215], [1.523562, 42.544178], [1.5234806, 42.5440114], [1.5231634, 42.5433245], [1.5229202, 42.5425499], [1.522861, 42.5417413], [1.5233195, 42.5410711], [1.5235202, 42.5408462], [1.5232454, 42.5402395], [1.5231497, 42.5394256], [1.52312, 42.5386068], [1.523533, 42.5379991], [1.5242557, 42.5376137], [1.5250626, 42.5376025], [1.525048, 42.5370144], [1.5245371, 42.5367308], [1.5237295, 42.5365822], [1.5231117, 42.5361853], [1.5225684, 42.5355687], [1.5220666, 42.5349196], [1.5213452, 42.5345436], [1.5209078, 42.5338941], [1.521013, 42.5332946], [1.5213596, 42.532591], [1.520976, 42.5318668], [1.5210963, 42.5311181], [1.5212388, 42.5305059], [1.5216469, 42.529831], [1.5218755, 42.5292305], [1.5213514, 42.5286598], [1.5210013, 42.5279826], [1.5206363, 42.527292], [1.5207031, 42.5264715], [1.52077, 42.5256511], [1.5207167, 42.5262841], [1.5205774, 42.5270681], [1.5206491, 42.5270327], [1.5207001, 42.5262112], [1.520751, 42.5253896], [1.5206842, 42.5245919], [1.5211026, 42.5238872], [1.521624, 42.5232513], [1.521918, 42.5224865], [1.5224601, 42.5218803], [1.5231264, 42.5214006], [1.5234964, 42.5206773], [1.5237668, 42.5198998], [1.5237763, 42.5201388], [1.5234442, 42.5208913], [1.5235688, 42.5205485], [1.5238731, 42.5197836], [1.5241773, 42.5190187], [1.5247465, 42.5185192], [1.5253887, 42.5180101], [1.525966, 42.5174318], [1.526672, 42.5170731], [1.5273748, 42.5166902], [1.5281213, 42.5163679], [1.5288043, 42.515923], [1.5293026, 42.5152719], [1.5298872, 42.5147168], [1.5304111, 42.5141174], [1.5303407, 42.5133272], [1.530746, 42.5126205], [1.5308695, 42.5119088], [1.5301308, 42.5115774], [1.5295653, 42.5110281], [1.529543, 42.5103681], [1.5289595, 42.5097897], [1.5285802, 42.509438], [1.5291612, 42.5100001], [1.5290244, 42.5098565], [1.5284271, 42.5092901], [1.5278042, 42.508755], [1.5270316, 42.50852], [1.5262168, 42.5084274], [1.5255125, 42.5080998], [1.5247225, 42.5078696], [1.5241083, 42.5075245]], "mood_vectors": [[0.0351, 0.0608, 0.0441, 0.7514, 0.0201, 0.0476, 0.0409], [0.067, 0.0312, 0.0647, 0.7041, 0.0278, 0.0487, 0.0565], [0.048, 0.0784, 0.0188, 0.7066, 0.0643, 0.0349, 0.0489], [0.0567, 0.0572, 0.0242, 0.6886, 0.0537, 0.0992, 0.0205], [0.0743, 0.052, 0.0581, 0.7053, 0.0599, 0.0257, 0.0247], [0.0634, 0.0283, 0.0405, 0.7898, 0.026, 0.0136, 0.0384], [0.0155, 0.0169, 0.0468, 0.7239, 0.0303, 0.0798, 0.0868], [0.0415, 0.0277, 0.0695, 0.7268, 0.0197, 0.0749, 0.04], [0.0378, 0.0428, 0.0321, 0.7365, 0.064, 0.0524, 0.0343], [0.0715, 0.0481, 0.0155, 0.7824, 0.033, 0.0282, 0.0214], [0.0688, 0.0666, 0.0603, 0.6595, 0.0452, 0.0269, 0.0726], [0.0196, 0.0441, 0.0641, 0.7964, 0.0137, 0.0425, 0.0196], [0.0305, 0.0199, 0.0527, 0.7815, 0.0147, 0.0863, 0.0144], [0.0671, 0.0499, 0.058, 0.7158, 0.0288, 0.0605, 0.0199], [0.047, 0.0289, 0.0734, 0.6793, 0.06, 0.0761, 0.0353], [0.0237, 0.0455, 0.0794, 0.6996, 0.0516, 0.078, 0.0222], [0.0853, 0.0457, 0.0649, 0.6836, 0.0417, 0.0413, 0.0375], [0.058, 0.0642, 0.0435, 0.6354, 0.0626, 0.0677, 0.0687], [0.0249, 0.062, 0.0253, 0.7565, 0.0797, 0.039, 0.0127], [0.0547, 0.0553, 0.0313, 0.7779, 0.0238, 0.021, 0.036], [0.0789, 0.084, 0.0233, 0.573, 0.0898, 0.0649, 0.0861], [0.0673, 0.0556, 0.0733, 0.6478, 0.0554, 0.0661, 0.0345], [0.0566, 0.0592, 0.0224, 0.7351, 0.0283, 0.0615, 0.037], [0.0948, 0.056, 0.0393, 0.6313, 0.0503, 0.0469, 0.0814], [0.0828, 0.0754, 0.0592, 0.5846, 0.0697, 0.0627, 0.0655], [0.0546, 0.0169, 0.0215, 0.7258, 0.0734, 0.0503, 0.0575], [0.09, 0.0371, 0.082, 0.6648, 0.0297, 0.0463, 0.0501], [0.0177, 0.0796, 0.0849, 0.6409, 0.0452, 0.0718, 0.0599], [0.0148, 0.0799, 0.0415, 0.7526, 0.0252, 0.0372, 0.0488], [0.0712, 0.0743, 0.0732, 0.7003, 0.0278, 0.0189, 0.0342], [0.0639, 0.068, 0.066, 0.6144, 0.0321, 0.0635, 0.0922], [0.025, 0.0632, 0.0525, 0.7094, 0.0184, 0.0241, 0.1075], [0.0745, 0.0357, 0.08, 0.6315, 0.0519, 0.0796, 0.0467], [0.0717, 0.0125, 0.0779, 0.6729, 0.0649, 0.0607, 0.0394], [0.0177, 0.0434, 0.0927, 0.642, 0.0863, 0.0256, 0.0922], [0.0361, 0.0773, 0.0779, 0.6486, 0.0722, 0.0322, 0.0557], [0.0326, 0.0852, 0.0426, 0.6187, 0.0729, 0.0894, 0.0586], [0.0652, 0.0747, 0.0344, 0.6772, 0.0718, 0.0518, 0.0248], [0.0344, 0.0456, 0.0718, 0.7171, 0.0501, 0.0601, 0.0208], [0.0955, 0.0197, 0.0405, 0.6792, 0.0797, 0.063, 0.0224], [0.0711, 0.0704, 0.0544, 0.6697, 0.0526, 0.0674, 0.0145], [0.0768, 0.0621, 0.0839, 0.6479, 0.0308, 0.0216, 0.0769], [0.0943, 0.0235, 0.0312, 0.7114, 0.0226, 0.0673, 0.0498], [0.0361, 0.0583, 0.0199, 0.7547, 0.0136, 0.0628, 0.0546], [0.0161, 0.0188, 0.0586, 0.7845, 0.0661, 0.0226, 0.0333], [0.0727, 0.0691, 0.03, 0.6975, 0.054, 0.0367, 0.04], [0.0246, 0.0487, 0.0778, 0.7747, 0.0374, 0.0125, 0.0243], [0.0341, 0.0515, 0.0222, 0.7323, 0.0151, 0.0774, 0.0672], [0.0523, 0.0267, 0.0243, 0.7604, 0.0854, 0.0137, 0.0372], [0.0313, 0.0749, 0.0753, 0.6967, 0.0112, 0.0703, 0.0404], [0.0666, 0.0312, 0.0134, 0.744, 0.0313, 0.0429, 0.0706], [0.0187, 0.0449, 0.0497, 0.6585, 0.0575, 0.0858, 0.0849], [0.018, 0.0693, 0.0352, 0.7644, 0.0592, 0.0247, 0.0292], [0.0259, 0.0826, 0.0284, 0.6808, 0.0575, 0.0639, 0.0609], [0.0871, 0.0704, 0.0209, 0.6836, 0.0841, 0.0314, 0.0225], [0.0845, 0.0526, 0.0766, 0.6945, 0.025, 0.0207, 0.0462], [0.0271, 0.0685, 0.0451, 0.7309, 0.0422, 0.0535, 0.0328], [0.0144, 0.0559, 0.023, 0.7874, 0.0167, 0.0308, 0.0716], [0.0423, 0.0651, 0.0366, 0.7369, 0.0698, 0.0265, 0.0227], [0.0559, 0.0825, 0.0202, 0.6603, 0.0395, 0.047, 0.0946], [0.0616, 0.0518, 0.0587, 0.6858, 0.0644, 0.065, 0.0128], [0.044, 0.0742, 0.0606, 0.7189, 0.0417, 0.0121, 0.0484], [0.0681, 0.0628, 0.0594, 0.6531, 0.0632, 0.0643, 0.0291], [0.0778, 0.0262, 0.0278, 0.7201, 0.0359, 0.0907, 0.0216], [0.0832, 0.0314, 0.0711, 0.6381, 0.044, 0.0563, 0.0758], [0.0777, 0.0159, 0.0351, 0.6994, 0.0182, 0.0774, 0.0763], [0.0675, 0.0912, 0.0673, 0.6359, 0.0251, 0.036, 0.077], [0.075, 0.0305, 0.0834, 0.6336, 0.0802, 0.0546, 0.0428], [0.0222, 0.0165, 0.0344, 0.8275, 0.0172, 0.0322, 0.05], [0.0687, 0.0765, 0.0193, 0.6635, 0.024, 0.076, 0.072], [0.0651, 0.0631, 0.0577, 0.7322, 0.0242, 0.046, 0.0118], [0.0438, 0.0581, 0.0522, 0.6616, 0.0807, 0.0468, 0.0568], [0.0513, 0.0875, 0.0169, 0.7238, 0.0584, 0.0212, 0.0409], [0.0158, 0.0656, 0.0414, 0.8101, 0.0232, 0.0145, 0.0295], [0.0568, 0.0549, 0.0161, 0.6652, 0.0717, 0.0637, 0.0717], [0.035, 0.0827, 0.0773, 0.6769, 0.0428, 0.0553, 0.03], [0.0567, 0.0615, 0.0672, 0.7165, 0.014, 0.0262, 0.058], [0.015, 0.0378, 0.0588, 0.7151, 0.031, 0.0709, 0.0715], [0.0314, 0.0265, 0.0468, 0.7592, 0.0397, 0.0172, 0.0793], [0.0172, 0.0676, 0.0786, 0.7111, 0.0593, 0.0258, 0.0404]], "emotions": ["green", "green", "green", "green", "green", "green", "green", "green", "green", "green", "green", "green", "green", "green", "green", "green", "green", "green", "green", "green", "green", "green", "green", "green", "green", "green", "green", "green", "green", "green", "green", "green", "green", "green", "green", "green", "green", "green", "green", "green", "green", "green", "green", "green", "green", "green", "green", "green", "green", "green", "green", "green", "green", "green", "green", "green", "green", "green", "green", "green", "green", "green", "green", "green", "green", "green", "green", "green", "green", "green", "green", "green", "green", "green", "green", "green", "green", "green", "green", "green"], "timestamps": [0, 40, 80, 120, 160, 200, 240, 280, 320, 360, 400, 440, 480, 520, 560, 600, 640, 680, 720, 760, 800, 840, 880, 920, 960, 1000, 1040, 1080, 1120, 1160, 1200, 1240, 1280, 1320, 1360, 1400, 1440, 1480, 1520, 1560, 1600, 1640, 1680, 1720, 1760, 1800, 1840, 1880, 1920, 1960, 2000, 2040, 2080, 2120, 2160, 2200, 2240, 2280, 2320, 2360, 2400, 2440, 2480, 2520, 2560, 2600, 2640, 2680, 2720, 2760, 2800, 2840, 2880, 2920, 2960, 3000, 3040, 3080, 3120, 3160]}], "conversation": [], "conversation_timestamps": []}