{"agent_id": "agent-purple-1184", "type": "purple", "trips": [{"trip_id": 0, "transport_method": "foot", "start_time": 0, "path": [[1.4924393, 42.4392044], [1.4909593, 42.4387785], [1.4903131, 42.4379482], [1.4907398, 42.4392512], [1.4897546, 42.440807], [1.4897954, 42.4421393], [1.4890421, 42.4436132], [1.4884408, 42.4453576], [1.488465, 42.4453005], [1.4881267, 42.4440307], [1.4878389, 42.4428858], [1.4868678, 42.4443722], [1.4859777, 42.4459795], [1.4868178, 42.4473831], [1.4858606, 42.4486188], [1.486589, 42.4500052], [1.4865156, 42.451441], [1.4867566, 42.4531982], [1.4867557, 42.4549228], [1.4866277, 42.4554715], [1.4867714, 42.4567604], [1.4878248, 42.4582611], [1.4889907, 42.4597011], [1.4900509, 42.4612245], [1.4905016, 42.4617718], [1.4910115, 42.4633823], [1.4911531, 42.4651202], [1.4918425, 42.4665484], [1.4916381, 42.4681962], [1.4920354, 42.4699929], [1.4913167, 42.4716968], [1.490534, 42.4733774], [1.4908357, 42.4751794], [1.4905546, 42.4769649], [1.4902631, 42.4788039], [1.4899716, 42.4806429], [1.4895498, 42.4814441], [1.4894015, 42.4795984], [1.4902517, 42.4779556], [1.4906085, 42.4767614], [1.4904614, 42.4786175], [1.4903144, 42.4804736], [1.4901674, 42.4823297], [1.4909252, 42.4839819], [1.4923965, 42.48481], [1.4939446, 42.4857795], [1.4947094, 42.4873615], [1.4953749, 42.4889828], [1.4962857, 42.4905331], [1.4974164, 42.4918358], [1.4990488, 42.4927299], [1.5005154, 42.4938618], [1.5020386, 42.4947925], [1.5037507, 42.4955138], [1.5054442, 42.4962712], [1.5072044, 42.4968778], [1.5089102, 42.4976196], [1.5104862, 42.4985757], [1.5116424, 42.5000352], [1.5127622, 42.5015228], [1.5129515, 42.501783], [1.5139239, 42.502926], [1.5152661, 42.5042164], [1.5167796, 42.5052533], [1.5184791, 42.5054396], [1.5203054, 42.5057843], [1.52205, 42.5063429], [1.5238528, 42.5067985], [1.5256506, 42.5071136], [1.5258867, 42.5071601], [1.526256, 42.5071461], [1.5280976, 42.5073391], [1.529573, 42.5084435], [1.5303081, 42.5088545], [1.5318862, 42.5094168], [1.5336821, 42.5098609], [1.5355357, 42.5099153], [1.5373843, 42.5100253], [1.5391641, 42.5103357], [1.5409847, 42.5102661]], "mood_vectors": [[0.0684, 0.0339, 0.0582, 0.0878, 0.0376, 0.6557, 0.0584], [0.0634, 0.0735, 0.0791, 0.0511, 0.0207, 0.6796, 0.0327], [0.0226, 0.0331, 0.0634, 0.0741, 0.0176, 0.7444, 0.0449], [0.0244, 0.0871, 0.0249, 0.0241, 0.0426, 0.7677, 0.0292], [0.0563, 0.0386, 0.0827, 0.0473, 0.0692, 0.6764, 0.0294], [0.0902, 0.0745, 0.0239, 0.0877, 0.0295, 0.6464, 0.0479], [0.079, 0.0247, 0.0208, 0.063, 0.0781, 0.6891, 0.0454], [0.0452, 0.04, 0.0417, 0.0471, 0.0779, 0.6927, 0.0554], [0.0232, 0.0751, 0.0531, 0.0655, 0.0786, 0.6401, 0.0645], [0.012, 0.0483, 0.0663, 0.0674, 0.0327, 0.7453, 0.0279], [0.04, 0.0386, 0.0196, 0.064, 0.0774, 0.7122, 0.0484], [0.073, 0.0581, 0.0747, 0.0254, 0.0189, 0.6699, 0.08], [0.0144, 0.0845, 0.0653, 0.0222, 0.0399, 0.6859, 0.0878], [0.0861, 0.0548, 0.0234, 0.0229, 0.0886, 0.6713, 0.0528], [0.0651, 0.0173, 0.0182, 0.1008, 0.0877, 0.6866, 0.0243], [0.0615, 0.0811, 0.0758, 0.0214, 0.0817, 0.6014, 0.0772], [0.0669, 0.075, 0.0198, 0.0728, 0.0674, 0.6488, 0.0492], [0.0385, 0.0439, 0.0172, 0.0233, 0.0376, 0.8212, 0.0184], [0.0598, 0.0526, 0.0645, 0.017, 0.0249, 0.7106, 0.0705], [0.0284, 0.013, 0.0635, 0.0515, 0.0426, 0.735, 0.0659], [0.0614, 0.0141, 0.0327, 0.0752, 0.0405, 0.7438, 0.0323], [0.0529, 0.0525, 0.0728, 0.0533, 0.038, 0.7106, 0.0199], [0.0348, 0.0341, 0.0744, 0.0517, 0.0553, 0.7224, 0.0274], [0.0504, 0.0256, 0.0598, 0.0348, 0.061, 0.7226, 0.0458], [0.0228, 0.0632, 0.0813, 0.0665, 0.0709, 0.6706, 0.0248], [0.0322, 0.0447, 0.0301, 0.0775, 0.0346, 0.7646, 0.0162], [0.0684, 0.0713, 0.0839, 0.0359, 0.0416, 0.6776, 0.0214], [0.0466, 0.0831, 0.0651, 0.0658, 0.0759, 0.6392, 0.0243], [0.0343, 0.0694, 0.0293, 0.0711, 0.069, 0.6723, 0.0545], [0.022, 0.071, 0.0529, 0.0352, 0.0729, 0.6619, 0.0839], [0.0482, 0.0458, 0.0488, 0.0303, 0.0489, 0.763, 0.015], [0.0185, 0.0477, 0.0508, 0.0609, 0.0464, 0.7621, 0.0136], [0.0313, 0.0574, 0.0311, 0.0281, 0.0716, 0.7475, 0.033], [0.0597, 0.0745, 0.0755, 0.0414, 0.0287, 0.6885, 0.0316], [0.038, 0.0622, 0.0527, 0.0528, 0.0295, 0.7315, 0.0331], [0.0876, 0.0179, 0.0589, 0.0922, 0.0429, 0.6794, 0.0212], [0.0598, 0.0214, 0.0675, 0.0311, 0.0736, 0.674, 0.0725], [0.0896, 0.0596, 0.0597, 0.0404, 0.0677, 0.5917, 0.0913], [0.0825, 0.0472, 0.0473, 0.0196, 0.0446, 0.6782, 0.0807], [0.0501, 0.0714, 0.0543, 0.0586, 0.0546, 0.6932, 0.0178], [0.018, 0.0579, 0.0404, 0.0589, 0.0148, 0.781, 0.0289], [0.0322, 0.0568, 0.0747, 0.0521, 0.0369, 0.6835, 0.064], [0.0642, 0.0299, 0.0732, 0.0882, 0.0907, 0.6143, 0.0394], [0.0349, 0.0656, 0.0585, 0.0609, 0.0208, 0.6812, 0.078], [0.0448, 0.0839, 0.0526, 0.0279, 0.0242, 0.6961, 0.0705], [0.0699, 0.0769, 0.0742, 0.0512, 0.04, 0.6444, 0.0434], [0.0372, 0.0478, 0.0149, 0.0215, 0.0674, 0.7149, 0.0962], [0.0271, 0.0596, 0.0515, 0.0362, 0.0741, 0.7369, 0.0147], [0.0583, 0.0675, 0.0286, 0.0473, 0.0122, 0.7291, 0.0569], [0.0387, 0.0717, 0.0596, 0.0847, 0.0374, 0.6232, 0.0846], [0.0858, 0.0537, 0.023, 0.0541, 0.0544, 0.7018, 0.0272], [0.0713, 0.065, 0.0611, 0.0395, 0.0434, 0.7012, 0.0186], [0.0469, 0.0826, 0.038, 0.0179, 0.0237, 0.7141, 0.0768], [0.0605, 0.0115, 0.0663, 0.0485, 0.0227, 0.7299, 0.0606], [0.0381, 0.0822, 0.0534, 0.0729, 0.0898, 0.6153, 0.0483], [0.0327, 0.0142, 0.0568, 0.0484, 0.0488, 0.7575, 0.0415], [0.0707, 0.0833, 0.0614, 0.0762, 0.0708, 0.6136, 0.0239], [0.0515, 0.0478, 0.0176, 0.0472, 0.0532, 0.7136, 0.0691], [0.051, 0.0207, 0.0555, 0.0808, 0.0779, 0.6377, 0.0765], [0.0871, 0.0804, 0.0817, 0.0515, 0.0191, 0.6637, 0.0165], [0.022, 0.0305, 0.0384, 0.0658, 0.0577, 0.7182, 0.0673], [0.0949, 0.0183, 0.0902, 0.0483, 0.0503, 0.6818, 0.0162], [0.0347, 0.0558, 0.0374, 0.0535, 0.0523, 0.742, 0.0243], [0.0627, 0.0227, 0.0295, 0.024, 0.072, 0.7104, 0.0788], [0.021, 0.0485, 0.0643, 0.0376, 0.0278, 0.7842, 0.0167], [0.0549, 0.0772, 0.0688, 0.0138, 0.0539, 0.6969, 0.0344], [0.0128, 0.0461, 0.0496, 0.0752, 0.054, 0.7246, 0.0378], [0.0158, 0.0966, 0.0504, 0.0164, 0.0731, 0.7171, 0.0307], [0.0653, 0.0438, 0.085, 0.0421, 0.0872, 0.6214, 0.0553], [0.07, 0.0309, 0.0571, 0.0917, 0.025, 0.6858, 0.0395], [0.0373, 0.0482, 0.0742, 0.0218, 0.0358, 0.7401, 0.0425], [0.046, 0.0451, 0.0698, 0.0502, 0.0379, 0.6837, 0.0671], [0.0652, 0.0386, 0.0645, 0.0451, 0.0609, 0.6876, 0.0381], [0.0547, 0.0861, 0.0182, 0.0727, 0.0714, 0.665, 0.0319], [0.06, 0.052, 0.0391, 0.0457, 0.0397, 0.6881, 0.0754], [0.057, 0.0774, 0.07, 0.0554, 0.0142, 0.6436, 0.0824], [0.0353, 0.0849, 0.0659, 0.0319, 0.0457, 0.6424, 0.094], [0.0379, 0.0173, 0.0779, 0.0587, 0.0532, 0.7018, 0.0532], [0.012, 0.0667, 0.0671, 0.0593, 0.0429, 0.6817, 0.0703], [0.0129, 0.0212, 0.0623, 0.0684, 0.051, 0.713, 0.0711]], "emotions": ["purple", "purple", "purple", "purple", "purple", "purple", "purple", "purple", "purple", "purple", "purple", "purple", "purple", "purple", "purple", "purple", "purple", "purple", "purple", "purple", "purple", "purple", "purple", "purple", "purple", "purple", "purple", "purple", "purple", "purple", "purple", "purple", "purple", "purple", "purple", "purple", "purple", "purple", "purple", "purple", "purple", "purple", "purple", "purple", "purple", "purple", "purple", "purple", "purple", "purple", "purple", "purple", "purple", "purple", "purple", "purple", "purple", "purple", "purple", "purple", "purple", "purple", "purple", "purple", "purple", "purple", "purple", "purple", "purple", "purple", "purple", "purple", "purple", "purple", "purple", "purple", "purple", "purple", "purple", "purple"], "timestamps": [0, 40, 80, 120, 160, 200, 240, 280, 320, 360, 400, 440, 480, 520, 560, 600, 640, 680, 720, 760, 800, 840, 880, 920, 960, 1000, 1040, 1080, 1120, 1160, 1200, 1240, 1280, 1320, 1360, 1400, 1440, 1480, 1520, 1560, 1600, 1640, 1680, 1720, 1760, 1800, 1840, 1880, 1920, 1960, 2000, 2040, 2080, 2120, 2160, 2200, 2240, 2280, 2320, 2360, 2400, 2440, 2480, 2520, 2560, 2600, 2640, 2680, 2720, 2760, 2800, 2840, 2880, 2920, 2960, 3000, 3040, 3080, 3120, 3160]}], "conversation": [], "conversation_timestamps": []}