{"agent_id": "agent-blue-805", "type": "blue", "trips": [{"trip_id": 0, "transport_method": "car", "start_time": 0, "path": [[1.5210901, 42.5053891], [1.521111, 42.5047979], [1.5203858, 42.504479], [1.5199422, 42.5041427], [1.5192609, 42.5037828], [1.5185624, 42.5036011], [1.5177757, 42.5037027], [1.5169855, 42.5037404], [1.5162236, 42.5035387], [1.5155729, 42.5030868], [1.5149013, 42.5026647], [1.514168, 42.5024112], [1.5135306, 42.5019784], [1.5129144, 42.5016656], [1.5124226, 42.5010708], [1.5119462, 42.5004366], [1.5114624, 42.499808], [1.5109699, 42.4991862], [1.5104772, 42.4985645], [1.5098543, 42.498089], [1.5091455, 42.4977328], [1.5084307, 42.497389], [1.5077069, 42.497066], [1.5069627, 42.4967914], [1.5062152, 42.4965261], [1.5054621, 42.496277], [1.5047282, 42.4959817], [1.5040312, 42.4956031], [1.5032743, 42.495366], [1.5025508, 42.4950421], [1.5018355, 42.4946995], [1.5011159, 42.4943659], [1.5005497, 42.493901], [1.4999684, 42.4933656], [1.4993323, 42.4928935], [1.4986344, 42.4925173], [1.4979342, 42.4921447], [1.4972552, 42.4917349], [1.4965961, 42.4912937], [1.4962877, 42.4906183], [1.4961274, 42.4898578], [1.4956102, 42.4892563], [1.4950938, 42.4886543], [1.4946952, 42.4879876], [1.4947296, 42.4872063], [1.4945587, 42.4864456], [1.4940328, 42.4858586], [1.4934024, 42.4853785], [1.4927317, 42.484971], [1.4920105, 42.4847659], [1.4912818, 42.4844895], [1.4908659, 42.4838732], [1.4904987, 42.4831793], [1.4900998, 42.4824946], [1.4896973, 42.4818115], [1.4894876, 42.481054], [1.4894009, 42.4802657], [1.4894282, 42.4794812], [1.4897626, 42.4787675], [1.490178, 42.4780919], [1.4905359, 42.4773847], [1.490589, 42.4766403], [1.4908515, 42.4759217], [1.4908384, 42.4751299], [1.4906666, 42.4743661], [1.4905052, 42.4736014], [1.4907083, 42.4728395], [1.4910802, 42.4721389], [1.4914544, 42.4714395], [1.4918207, 42.4707362], [1.4920373, 42.4699767], [1.4919752, 42.469193], [1.4917171, 42.468443], [1.4915571, 42.4676695], [1.4918586, 42.4670393], [1.4924769, 42.466564], [1.4931104, 42.4661229], [1.4938886, 42.4659908], [1.4945485, 42.4657244], [1.4937771, 42.4655933]], "mood_vectors": [[0.0617, 0.0305, 0.0795, 0.6832, 0.0578, 0.036, 0.0513], [0.0384, 0.0618, 0.037, 0.7415, 0.03, 0.0541, 0.0371], [0.0142, 0.0406, 0.0155, 0.8124, 0.0305, 0.021, 0.0658], [0.0697, 0.0677, 0.0677, 0.6563, 0.0268, 0.0611, 0.0507], [0.0456, 0.0471, 0.0809, 0.7053, 0.0341, 0.0323, 0.0546], [0.0185, 0.0662, 0.0183, 0.8167, 0.0305, 0.0254, 0.0242], [0.0475, 0.0645, 0.0171, 0.7053, 0.0441, 0.0458, 0.0758], [0.0251, 0.036, 0.0236, 0.757, 0.0368, 0.0415, 0.0801], [0.0148, 0.0124, 0.0245, 0.7612, 0.0807, 0.0392, 0.0672], [0.0608, 0.0733, 0.0245, 0.7438, 0.0289, 0.0175, 0.0511], [0.0124, 0.0146, 0.0765, 0.6944, 0.0751, 0.0509, 0.0761], [0.0116, 0.0523, 0.0621, 0.7255, 0.0344, 0.0523, 0.0619], [0.0184, 0.0679, 0.0775, 0.6993, 0.0691, 0.0263, 0.0414], [0.0185, 0.079, 0.0441, 0.6928, 0.0813, 0.0576, 0.0267], [0.0248, 0.0856, 0.0177, 0.7221, 0.0661, 0.0152, 0.0685], [0.0656, 0.0207, 0.0289, 0.6677, 0.0791, 0.0823, 0.0557], [0.0343, 0.0663, 0.0252, 0.7126, 0.0387, 0.0488, 0.0741], [0.0364, 0.0978, 0.067, 0.6792, 0.0145, 0.057, 0.0481], [0.0794, 0.0354, 0.0746, 0.6612, 0.0725, 0.0449, 0.0319], [0.0163, 0.0366, 0.0588, 0.7266, 0.1024, 0.02, 0.0393], [0.0326, 0.0282, 0.0734, 0.6944, 0.0489, 0.0529, 0.0696], [0.0433, 0.0678, 0.0201, 0.7331, 0.0622, 0.0205, 0.0529], [0.0755, 0.0555, 0.0322, 0.7358, 0.0476, 0.0353, 0.0181], [0.0775, 0.0414, 0.0381, 0.6635, 0.0714, 0.0706, 0.0375], [0.0622, 0.0646, 0.0754, 0.7104, 0.0298, 0.0229, 0.0346], [0.0518, 0.0688, 0.0567, 0.6773, 0.0362, 0.0603, 0.049], [0.0565, 0.0577, 0.0475, 0.7257, 0.0203, 0.0351, 0.0572], [0.0731, 0.055, 0.0271, 0.7158, 0.0511, 0.043, 0.0349], [0.0728, 0.0366, 0.0359, 0.7436, 0.0217, 0.0222, 0.0672], [0.0231, 0.0779, 0.0681, 0.6538, 0.0559, 0.0328, 0.0884], [0.0588, 0.0317, 0.0254, 0.6897, 0.0525, 0.0823, 0.0596], [0.0473, 0.0303, 0.031, 0.787, 0.061, 0.0153, 0.0282], [0.024, 0.0598, 0.0289, 0.7332, 0.0343, 0.0459, 0.074], [0.0533, 0.0328, 0.08, 0.6945, 0.0372, 0.0743, 0.0278], [0.017, 0.0199, 0.0535, 0.7117, 0.0696, 0.0639, 0.0644], [0.0695, 0.0402, 0.0579, 0.6297, 0.0232, 0.0955, 0.0841], [0.03, 0.0531, 0.0819, 0.5896, 0.0709, 0.0802, 0.0943], [0.0743, 0.0365, 0.0867, 0.6822, 0.0462, 0.0456, 0.0285], [0.0682, 0.0785, 0.0245, 0.6711, 0.0271, 0.0372, 0.0933], [0.0509, 0.0723, 0.0829, 0.6459, 0.0456, 0.0559, 0.0464], [0.0173, 0.0674, 0.0635, 0.6646, 0.0731, 0.04, 0.0743], [0.055, 0.0747, 0.0679, 0.6423, 0.0754, 0.0546, 0.0302], [0.0641, 0.0156, 0.0614, 0.7055, 0.0449, 0.0488, 0.0598], [0.0263, 0.0719, 0.0219, 0.7295, 0.0205, 0.0565, 0.0735], [0.0425, 0.0793, 0.0489, 0.6684, 0.0437, 0.0691, 0.048], [0.0266, 0.0696, 0.0283, 0.7879, 0.0136, 0.0218, 0.0522], [0.0775, 0.0298, 0.0306, 0.7731, 0.0117, 0.0421, 0.0351], [0.0743, 0.0163, 0.0494, 0.6521, 0.0669, 0.0638, 0.0771], [0.0449, 0.0494, 0.0324, 0.6843, 0.0972, 0.0629, 0.0288], [0.0576, 0.036, 0.0355, 0.7905, 0.0315, 0.0345, 0.0144], [0.0404, 0.0562, 0.0261, 0.754, 0.0522, 0.0254, 0.0457], [0.063, 0.0531, 0.059, 0.7188, 0.0604, 0.0199, 0.0259], [0.0507, 0.0657, 0.0413, 0.6757, 0.0748, 0.0238, 0.0681], [0.0836, 0.0321, 0.0193, 0.7365, 0.0648, 0.0133, 0.0506], [0.0247, 0.0428, 0.0481, 0.7315, 0.0568, 0.0592, 0.037], [0.0781, 0.0252, 0.0473, 0.7214, 0.0116, 0.039, 0.0773], [0.031, 0.0706, 0.0314, 0.7451, 0.0555, 0.0107, 0.0558], [0.0511, 0.0715, 0.0661, 0.6336, 0.0711, 0.0776, 0.029], [0.0891, 0.0631, 0.0193, 0.6974, 0.0353, 0.0395, 0.0564], [0.0591, 0.0427, 0.0936, 0.6554, 0.0612, 0.0266, 0.0614], [0.0628, 0.0389, 0.0183, 0.76, 0.0594, 0.0343, 0.0263], [0.0698, 0.0455, 0.0515, 0.7275, 0.0195, 0.0647, 0.0215], [0.0666, 0.0346, 0.0557, 0.7305, 0.0574, 0.0415, 0.0136], [0.0306, 0.0215, 0.0322, 0.7843, 0.0852, 0.0245, 0.0216], [0.0846, 0.0251, 0.081, 0.6607, 0.075, 0.0223, 0.0512], [0.0376, 0.0316, 0.057, 0.6933, 0.0595, 0.0629, 0.0581], [0.035, 0.0902, 0.0462, 0.6708, 0.0517, 0.0302, 0.0759], [0.0611, 0.0691, 0.0651, 0.684, 0.062, 0.0229, 0.0358], [0.07, 0.0804, 0.0153, 0.7344, 0.0122, 0.0715, 0.0161], [0.0335, 0.0304, 0.0498, 0.7985, 0.0378, 0.0252, 0.0249], [0.0701, 0.0188, 0.0731, 0.7523, 0.0161, 0.0414, 0.0281], [0.0721, 0.0284, 0.0501, 0.6668, 0.0404, 0.0612, 0.0811], [0.0248, 0.0304, 0.0494, 0.7544, 0.0669, 0.0433, 0.0309], [0.0435, 0.0164, 0.0691, 0.6912, 0.0705, 0.0522, 0.0572], [0.0436, 0.0276, 0.052, 0.7339, 0.0793, 0.0274, 0.0363], [0.0173, 0.0313, 0.0768, 0.7671, 0.0236, 0.0623, 0.0216], [0.0554, 0.0572, 0.041, 0.6878, 0.0164, 0.0864, 0.0559], [0.0352, 0.0965, 0.0397, 0.6739, 0.0838, 0.049, 0.0219], [0.0459, 0.0275, 0.0867, 0.7663, 0.0241, 0.0346, 0.0149], [0.0503, 0.0187, 0.0815, 0.6834, 0.0796, 0.065, 0.0215]], "emotions": ["green", "green", "green", "green", "green", "green", "green", "green", "green", "green", "green", "green", "green", "green", "green", "green", "green", "green", "green", "green", "green", "green", "green", "green", "green", "green", "green", "green", "green", "green", "green", "green", "green", "green", "green", "green", "green", "green", "green", "green", "green", "green", "green", "green", "green", "green", "green", "green", "green", "green", "green", "green", "green", "green", "green", "green", "green", "green", "green", "green", "green", "green", "green", "green", "green", "green", "green", "green", "green", "green", "green", "green", "green", "green", "green", "green", "green", "green", "green", "green"], "timestamps": [0, 40, 80, 120, 160, 200, 240, 280, 320, 360, 400, 440, 480, 520, 560, 600, 640, 680, 720, 760, 800, 840, 880, 920, 960, 1000, 1040, 1080, 1120, 1160, 1200, 1240, 1280, 1320, 1360, 1400, 1440, 1480, 1520, 1560, 1600, 1640, 1680, 1720, 1760, 1800, 1840, 1880, 1920, 1960, 2000, 2040, 2080, 2120, 2160, 2200, 2240, 2280, 2320, 2360, 2400, 2440, 2480, 2520, 2560, 2600, 2640, 2680, 2720, 2760, 2800, 2840, 2880, 2920, 2960, 3000, 3040, 3080, 3120, 3160]}], "conversation": [], "conversation_timestamps": []}