{"agent_id": "agent-purple-974", "type": "purple", "trips": [{"trip_id": 0, "transport_method": "car", "start_time": 0, "path": [[1.5148746, 42.5464513], [1.5146922, 42.5466551], [1.5144487, 42.5469516], [1.514589, 42.547157], [1.5149639, 42.5470618], [1.5153084, 42.5468759], [1.515652, 42.546688], [1.5159934, 42.5464963], [1.5163373, 42.5463092], [1.5166802, 42.5461199], [1.5169769, 42.5458681], [1.5173146, 42.5456755], [1.5176971, 42.5455999], [1.5180863, 42.5455586], [1.5184768, 42.5455296], [1.5188674, 42.5455036], [1.5192579, 42.5455262], [1.5196488, 42.5455235], [1.5200038, 42.5456816], [1.520357, 42.5458491], [1.5206699, 42.5460834], [1.5209816, 42.5463194], [1.5212594, 42.5465879], [1.5213764, 42.5469594], [1.52159, 42.5472822], [1.521808, 42.5476073], [1.5219312, 42.5478001], [1.5217774, 42.5474423], [1.5217343, 42.5474607], [1.5219814, 42.5477645], [1.5222284, 42.5480683], [1.522481, 42.5483671], [1.5227618, 42.54864], [1.5230692, 42.5488816], [1.5234081, 42.5490722], [1.5237875, 42.549168], [1.5241706, 42.5492477], [1.5245152, 42.5494182], [1.5248078, 42.5496778], [1.525143, 42.5498763], [1.5254909, 42.5500561], [1.5257869, 42.5503059], [1.5260157, 42.5506232], [1.5262522, 42.5509344], [1.5264357, 42.5512803], [1.526267, 42.5516184], [1.5265458, 42.551852], [1.5268229, 42.5521263], [1.5271342, 42.5523638], [1.5274475, 42.5525987], [1.5277617, 42.5528325], [1.5280635, 42.5530814], [1.5283439, 42.5533544], [1.5286058, 42.5536436], [1.5288204, 42.553968], [1.5290508, 42.5542846], [1.5292945, 42.5545909], [1.5295789, 42.5548586], [1.5299212, 42.5550462], [1.5302783, 42.5552069], [1.5306341, 42.5553704], [1.5309907, 42.555532], [1.53136, 42.5556595], [1.5317424, 42.5557002], [1.5321319, 42.555663], [1.532522, 42.5556287], [1.5329127, 42.5556057], [1.5332727, 42.5557224], [1.533587, 42.5559552], [1.5339299, 42.5561421], [1.534294, 42.5562739], [1.5346208, 42.5564816], [1.5349532, 42.5566733], [1.5351413, 42.5563475], [1.5355138, 42.5562492], [1.5358985, 42.5561833], [1.5362825, 42.5561124], [1.5366694, 42.5560599], [1.5368611, 42.555883], [1.5367041, 42.5555242]], "mood_vectors": [[0.0139, 0.0582, 0.0489, 0.0173, 0.0739, 0.7125, 0.0751], [0.0594, 0.0762, 0.0128, 0.0344, 0.0498, 0.7049, 0.0624], [0.0728, 0.0619, 0.0666, 0.0785, 0.0793, 0.5787, 0.0622], [0.0175, 0.087, 0.0566, 0.0173, 0.0659, 0.6794, 0.0762], [0.0754, 0.0263, 0.013, 0.0459, 0.0678, 0.7008, 0.0708], [0.0642, 0.0599, 0.0158, 0.0274, 0.0376, 0.7491, 0.0459], [0.0636, 0.0823, 0.0331, 0.0808, 0.0361, 0.6629, 0.0411], [0.076, 0.0269, 0.0669, 0.0244, 0.0378, 0.7396, 0.0283], [0.044, 0.027, 0.0496, 0.0664, 0.0554, 0.7264, 0.0313], [0.0726, 0.0455, 0.0717, 0.0747, 0.0546, 0.6345, 0.0464], [0.0305, 0.0126, 0.071, 0.0807, 0.0489, 0.7087, 0.0476], [0.0278, 0.0206, 0.0151, 0.0374, 0.0726, 0.7588, 0.0676], [0.031, 0.0655, 0.0749, 0.0617, 0.0126, 0.7159, 0.0383], [0.0593, 0.0638, 0.0637, 0.0656, 0.0486, 0.6455, 0.0535], [0.0172, 0.0453, 0.0251, 0.012, 0.0515, 0.7731, 0.0758], [0.0628, 0.0401, 0.0892, 0.0218, 0.0196, 0.7029, 0.0636], [0.0633, 0.0531, 0.053, 0.0477, 0.0325, 0.6781, 0.0724], [0.0613, 0.0269, 0.0203, 0.0689, 0.0637, 0.7024, 0.0565], [0.0299, 0.0549, 0.0732, 0.0265, 0.0597, 0.6916, 0.0643], [0.0636, 0.0727, 0.0712, 0.0504, 0.0663, 0.6631, 0.0127], [0.0205, 0.0472, 0.0219, 0.0134, 0.0171, 0.8379, 0.042], [0.0365, 0.0619, 0.0154, 0.0461, 0.0483, 0.77, 0.0218], [0.0773, 0.0365, 0.0232, 0.0256, 0.058, 0.6996, 0.0798], [0.0601, 0.0281, 0.0462, 0.0311, 0.0684, 0.7145, 0.0515], [0.0219, 0.0246, 0.0653, 0.0706, 0.0269, 0.7358, 0.0549], [0.0428, 0.0745, 0.0735, 0.0717, 0.0211, 0.656, 0.0604], [0.0249, 0.0375, 0.0851, 0.0346, 0.0571, 0.709, 0.0519], [0.0267, 0.0703, 0.0175, 0.0767, 0.0695, 0.6529, 0.0863], [0.0636, 0.0667, 0.0257, 0.0848, 0.0631, 0.649, 0.0472], [0.0127, 0.0448, 0.0399, 0.0484, 0.0378, 0.7415, 0.0749], [0.0258, 0.0678, 0.0302, 0.0168, 0.0377, 0.7829, 0.0387], [0.0773, 0.0631, 0.0629, 0.039, 0.015, 0.6974, 0.0453], [0.041, 0.0584, 0.0226, 0.0369, 0.0321, 0.7159, 0.0932], [0.0356, 0.0774, 0.0545, 0.0237, 0.0847, 0.6804, 0.0436], [0.0243, 0.0188, 0.0208, 0.0861, 0.0426, 0.7758, 0.0316], [0.0804, 0.0243, 0.0708, 0.0685, 0.0371, 0.6706, 0.0483], [0.0331, 0.0456, 0.0818, 0.0429, 0.0586, 0.6632, 0.0747], [0.055, 0.0529, 0.0446, 0.056, 0.0349, 0.7168, 0.0396], [0.0595, 0.0207, 0.0648, 0.0735, 0.0806, 0.6754, 0.0256], [0.0273, 0.0666, 0.0414, 0.046, 0.0891, 0.6861, 0.0435], [0.0534, 0.0827, 0.0769, 0.0291, 0.047, 0.6626, 0.0483], [0.021, 0.0398, 0.0221, 0.0679, 0.0679, 0.734, 0.0473], [0.0468, 0.0389, 0.0604, 0.0311, 0.0528, 0.701, 0.069], [0.054, 0.0353, 0.0745, 0.0756, 0.0482, 0.6474, 0.0649], [0.049, 0.0493, 0.0173, 0.0363, 0.0481, 0.7517, 0.0482], [0.0148, 0.0933, 0.0462, 0.0252, 0.0335, 0.7629, 0.0241], [0.0909, 0.0907, 0.0384, 0.0259, 0.0207, 0.6807, 0.0527], [0.0191, 0.067, 0.0697, 0.0531, 0.0591, 0.7126, 0.0194], [0.0906, 0.0328, 0.0319, 0.022, 0.0797, 0.6901, 0.0529], [0.0841, 0.0853, 0.039, 0.0137, 0.0449, 0.6699, 0.0631], [0.0816, 0.0325, 0.0318, 0.054, 0.0841, 0.6339, 0.0821], [0.0543, 0.0421, 0.0637, 0.0279, 0.0198, 0.7614, 0.0307], [0.0712, 0.0539, 0.048, 0.0456, 0.0361, 0.6948, 0.0505], [0.0173, 0.07, 0.0423, 0.0618, 0.0339, 0.7239, 0.0509], [0.0207, 0.0598, 0.0244, 0.0209, 0.0225, 0.7361, 0.1156], [0.0354, 0.0265, 0.0646, 0.0657, 0.0603, 0.7137, 0.0338], [0.0971, 0.0244, 0.0763, 0.076, 0.0429, 0.6583, 0.025], [0.0928, 0.0485, 0.0398, 0.0296, 0.0381, 0.7026, 0.0485], [0.0386, 0.0536, 0.0822, 0.0399, 0.0702, 0.6689, 0.0466], [0.0609, 0.0583, 0.0451, 0.0807, 0.0379, 0.684, 0.0331], [0.0152, 0.0646, 0.0758, 0.0644, 0.0457, 0.6677, 0.0666], [0.0633, 0.0652, 0.051, 0.0189, 0.0455, 0.701, 0.0551], [0.0702, 0.0645, 0.0362, 0.0149, 0.0391, 0.7256, 0.0496], [0.0167, 0.0698, 0.0641, 0.0146, 0.0439, 0.7403, 0.0506], [0.0551, 0.013, 0.0464, 0.0599, 0.0636, 0.7114, 0.0505], [0.0631, 0.0165, 0.0354, 0.051, 0.0796, 0.7377, 0.0166], [0.0515, 0.0316, 0.0505, 0.0337, 0.043, 0.7101, 0.0796], [0.0397, 0.0733, 0.0143, 0.0239, 0.0572, 0.7032, 0.0883], [0.0151, 0.0444, 0.0571, 0.0267, 0.0562, 0.7616, 0.039], [0.021, 0.0704, 0.0384, 0.0565, 0.0662, 0.7281, 0.0196], [0.0824, 0.0353, 0.0319, 0.0309, 0.0617, 0.6773, 0.0806], [0.0576, 0.0443, 0.0453, 0.0621, 0.0198, 0.7257, 0.0452], [0.0431, 0.0142, 0.0673, 0.0252, 0.0734, 0.749, 0.0278], [0.0131, 0.0402, 0.0582, 0.0157, 0.0549, 0.8036, 0.0143], [0.0964, 0.0235, 0.0467, 0.0871, 0.0496, 0.6109, 0.0857], [0.0635, 0.0756, 0.028, 0.018, 0.0485, 0.7342, 0.0322], [0.0982, 0.059, 0.0186, 0.0599, 0.0316, 0.7085, 0.0242], [0.0192, 0.068, 0.0714, 0.0596, 0.0306, 0.7066, 0.0446], [0.0687, 0.0142, 0.092, 0.0612, 0.0827, 0.6611, 0.02], [0.014, 0.0658, 0.0122, 0.0738, 0.0446, 0.728, 0.0615]], "emotions": ["purple", "purple", "purple", "purple", "purple", "purple", "purple", "purple", "purple", "purple", "purple", "purple", "purple", "purple", "purple", "purple", "purple", "purple", "purple", "purple", "purple", "purple", "purple", "purple", "purple", "purple", "purple", "purple", "purple", "purple", "purple", "purple", "purple", "purple", "purple", "purple", "purple", "purple", "purple", "purple", "purple", "purple", "purple", "purple", "purple", "purple", "purple", "purple", "purple", "purple", "purple", "purple", "purple", "purple", "purple", "purple", "purple", "purple", "purple", "purple", "purple", "purple", "purple", "purple", "purple", "purple", "purple", "purple", "purple", "purple", "purple", "purple", "purple", "purple", "purple", "purple", "purple", "purple", "purple", "purple"], "timestamps": [0, 40, 80, 120, 160, 200, 240, 280, 320, 360, 400, 440, 480, 520, 560, 600, 640, 680, 720, 760, 800, 840, 880, 920, 960, 1000, 1040, 1080, 1120, 1160, 1200, 1240, 1280, 1320, 1360, 1400, 1440, 1480, 1520, 1560, 1600, 1640, 1680, 1720, 1760, 1800, 1840, 1880, 1920, 1960, 2000, 2040, 2080, 2120, 2160, 2200, 2240, 2280, 2320, 2360, 2400, 2440, 2480, 2520, 2560, 2600, 2640, 2680, 2720, 2760, 2800, 2840, 2880, 2920, 2960, 3000, 3040, 3080, 3120, 3160]}], "conversation": [], "conversation_timestamps": []}