{"agent_id": "agent-orange-493", "type": "orange", "trips": [{"trip_id": 0, "transport_method": "car", "start_time": 0, "path": [[1.5041354, 42.4980702], [1.5067217, 42.4992912], [1.5092828, 42.5005521], [1.510504, 42.5011134], [1.5108455, 42.5012913], [1.5121236, 42.5016581], [1.5135163, 42.5019603], [1.5147217, 42.5025662], [1.5152577, 42.5028953], [1.5178889, 42.5036881], [1.5205799, 42.5040989], [1.5232237, 42.5047972], [1.5260354, 42.505314], [1.528068, 42.5053028], [1.5307421, 42.50603], [1.532194, 42.5067415], [1.5348285, 42.5074561], [1.537589, 42.5080252], [1.5401929, 42.5086102], [1.5422643, 42.5088989], [1.545065, 42.5093383], [1.5461757, 42.5097255], [1.5477862, 42.5113519], [1.5499995, 42.5119698], [1.5514925, 42.5129719], [1.5524393, 42.5135302], [1.5531528, 42.5154648], [1.5546858, 42.5177805], [1.5568165, 42.5194742], [1.5588483, 42.5214301], [1.5601815, 42.522432], [1.5623857, 42.5242017], [1.5649543, 42.5253016], [1.5673967, 42.5267461], [1.5698303, 42.5282174], [1.5722168, 42.5293508], [1.5741667, 42.5309387], [1.5769028, 42.5316922], [1.5777185, 42.531768], [1.5798925, 42.53175], [1.5827488, 42.5317468], [1.5850597, 42.5333648], [1.587505, 42.5348053], [1.5892602, 42.5369231], [1.591702, 42.5383203], [1.5923921, 42.5410086], [1.5917448, 42.5435833], [1.5915301, 42.5463068], [1.5923339, 42.548068], [1.5917726, 42.5507602], [1.5913361, 42.5524412], [1.59062, 42.5534767], [1.5915171, 42.5556673], [1.5926186, 42.5577598], [1.5938207, 42.5600137], [1.5937632, 42.5613615], [1.5951039, 42.5633344], [1.5956618, 42.5642194], [1.5934656, 42.5625973], [1.5952154, 42.5632879], [1.5976473, 42.5644513], [1.5998154, 42.5659377], [1.6019616, 42.5676315], [1.6045288, 42.5687379], [1.6062537, 42.570647], [1.6089776, 42.5714756], [1.611727, 42.5718447], [1.614518, 42.572333], [1.6171109, 42.5731045], [1.6196851, 42.5742257], [1.6221863, 42.5754394], [1.6248658, 42.5763556], [1.6271498, 42.577806], [1.6298709, 42.5783163], [1.6326632, 42.5782194], [1.6354918, 42.5783913], [1.6382799, 42.5787825], [1.6380548, 42.5796194], [1.6367248, 42.5815975], [1.6372919, 42.5811553]], "mood_vectors": [[0.0601, 0.0752, 0.0215, 0.0769, 0.6161, 0.086, 0.0643], [0.0829, 0.0569, 0.0646, 0.0372, 0.5993, 0.0872, 0.0719], [0.0731, 0.0705, 0.0702, 0.019, 0.6741, 0.0418, 0.0512], [0.0243, 0.0257, 0.0769, 0.0185, 0.7615, 0.0433, 0.0498], [0.0154, 0.0576, 0.0329, 0.0409, 0.7268, 0.051, 0.0754], [0.0225, 0.0443, 0.0554, 0.042, 0.7389, 0.0627, 0.0343], [0.0668, 0.0543, 0.013, 0.0129, 0.7603, 0.0579, 0.0347], [0.0809, 0.0394, 0.0379, 0.035, 0.7121, 0.0336, 0.0612], [0.092, 0.0529, 0.0227, 0.0575, 0.6816, 0.018, 0.0754], [0.0183, 0.0368, 0.0957, 0.0653, 0.7176, 0.0357, 0.0306], [0.0403, 0.0502, 0.0651, 0.0549, 0.6891, 0.0631, 0.0373], [0.0769, 0.0699, 0.0403, 0.0409, 0.6564, 0.0719, 0.0436], [0.0317, 0.0195, 0.0495, 0.0146, 0.766, 0.0571, 0.0617], [0.0592, 0.0338, 0.0701, 0.0273, 0.6965, 0.0674, 0.0458], [0.0776, 0.0722, 0.0676, 0.0557, 0.5996, 0.0863, 0.041], [0.0701, 0.0325, 0.0767, 0.0226, 0.6782, 0.022, 0.0979], [0.0262, 0.027, 0.0807, 0.0293, 0.7215, 0.0428, 0.0726], [0.0638, 0.0465, 0.0919, 0.0563, 0.629, 0.0884, 0.0241], [0.0608, 0.0389, 0.0352, 0.0578, 0.6739, 0.0655, 0.068], [0.0391, 0.0623, 0.064, 0.0398, 0.7051, 0.0132, 0.0766], [0.0415, 0.0232, 0.0657, 0.0417, 0.7418, 0.0393, 0.0469], [0.0697, 0.0443, 0.033, 0.035, 0.7175, 0.0216, 0.079], [0.0696, 0.0797, 0.0413, 0.0401, 0.6852, 0.0569, 0.0272], [0.0563, 0.0314, 0.0708, 0.055, 0.7112, 0.0584, 0.0169], [0.0186, 0.0755, 0.0244, 0.0439, 0.6939, 0.0616, 0.0822], [0.078, 0.022, 0.0347, 0.0541, 0.7293, 0.0446, 0.0374], [0.0129, 0.0208, 0.0461, 0.038, 0.7594, 0.057, 0.0658], [0.0477, 0.0432, 0.0267, 0.029, 0.6779, 0.0901, 0.0853], [0.0516, 0.0766, 0.042, 0.0539, 0.6872, 0.0314, 0.0573], [0.0705, 0.0467, 0.0353, 0.0593, 0.6939, 0.0571, 0.0372], [0.0384, 0.0198, 0.0314, 0.0464, 0.7358, 0.0465, 0.0817], [0.0473, 0.0739, 0.0498, 0.0618, 0.6045, 0.0821, 0.0805], [0.0215, 0.0342, 0.0495, 0.0277, 0.7872, 0.0472, 0.0327], [0.0414, 0.0764, 0.0699, 0.0714, 0.6769, 0.0429, 0.0209], [0.0824, 0.0636, 0.0655, 0.0815, 0.5931, 0.0585, 0.0554], [0.0726, 0.0308, 0.0278, 0.0459, 0.7641, 0.0418, 0.0171], [0.0553, 0.0395, 0.0716, 0.0484, 0.6884, 0.0609, 0.0358], [0.0653, 0.045, 0.0746, 0.0306, 0.6954, 0.0519, 0.0372], [0.0303, 0.0294, 0.0258, 0.0827, 0.7063, 0.0964, 0.029], [0.0341, 0.071, 0.0595, 0.0778, 0.6891, 0.0402, 0.0283], [0.0347, 0.0609, 0.037, 0.0679, 0.7089, 0.0532, 0.0376], [0.0482, 0.0749, 0.0571, 0.0279, 0.6713, 0.0533, 0.0675], [0.0285, 0.0465, 0.037, 0.0381, 0.6923, 0.0858, 0.0718], [0.029, 0.0423, 0.0496, 0.0553, 0.7539, 0.0359, 0.0341], [0.0313, 0.0535, 0.052, 0.0202, 0.7654, 0.0142, 0.0635], [0.0328, 0.0778, 0.0288, 0.0396, 0.7141, 0.0638, 0.043], [0.0727, 0.0323, 0.032, 0.0201, 0.7458, 0.0535, 0.0436], [0.0249, 0.0705, 0.0528, 0.0295, 0.7677, 0.0243, 0.0303], [0.0139, 0.0379, 0.06, 0.065, 0.7078, 0.0546, 0.0607], [0.0448, 0.0633, 0.0599, 0.0472, 0.6605, 0.0546, 0.0697], [0.0592, 0.0314, 0.0846, 0.0675, 0.6767, 0.0577, 0.0229], [0.0313, 0.0641, 0.0708, 0.0371, 0.723, 0.0236, 0.0501], [0.0605, 0.0473, 0.0565, 0.0656, 0.6537, 0.0402, 0.0762], [0.0111, 0.0238, 0.0775, 0.0409, 0.7812, 0.0334, 0.032], [0.0684, 0.0163, 0.0773, 0.0201, 0.7145, 0.0371, 0.0663], [0.0619, 0.0386, 0.0507, 0.0241, 0.7367, 0.036, 0.052], [0.0244, 0.0915, 0.0333, 0.0315, 0.6778, 0.0474, 0.0941], [0.0737, 0.052, 0.0728, 0.05, 0.6658, 0.069, 0.0166], [0.0688, 0.0552, 0.0798, 0.0173, 0.6158, 0.0826, 0.0805], [0.0693, 0.0282, 0.0628, 0.0823, 0.6659, 0.0326, 0.0588], [0.0358, 0.0527, 0.0368, 0.0707, 0.7095, 0.0331, 0.0614], [0.0664, 0.0801, 0.0422, 0.0678, 0.6297, 0.0445, 0.0693], [0.0739, 0.0299, 0.051, 0.0603, 0.7126, 0.0174, 0.0549], [0.0576, 0.061, 0.0882, 0.0663, 0.6476, 0.013, 0.0663], [0.0604, 0.0678, 0.0563, 0.0521, 0.6582, 0.0483, 0.0569], [0.0164, 0.05, 0.0501, 0.0338, 0.7558, 0.0765, 0.0173], [0.0672, 0.0197, 0.0915, 0.0395, 0.6669, 0.055, 0.0601], [0.0181, 0.0653, 0.0362, 0.0347, 0.7604, 0.0332, 0.0521], [0.0377, 0.0472, 0.0862, 0.0233, 0.6631, 0.0628, 0.0796], [0.0363, 0.0296, 0.0219, 0.0915, 0.7304, 0.0419, 0.0485], [0.019, 0.0586, 0.015, 0.0491, 0.7046, 0.0839, 0.0698], [0.0736, 0.0252, 0.0552, 0.018, 0.7463, 0.0195, 0.0623], [0.0351, 0.0469, 0.0715, 0.059, 0.691, 0.0715, 0.0249], [0.0827, 0.0709, 0.0266, 0.0556, 0.6784, 0.0269, 0.059], [0.0233, 0.0772, 0.0657, 0.0359, 0.7364, 0.0436, 0.0178], [0.0462, 0.0347, 0.0696, 0.0755, 0.6089, 0.0801, 0.0849], [0.0817, 0.0743, 0.0186, 0.0528, 0.6742, 0.0673, 0.0311], [0.0178, 0.0352, 0.094, 0.0494, 0.7248, 0.0438, 0.0351], [0.0549, 0.0801, 0.0452, 0.0445, 0.6725, 0.0178, 0.0851], [0.079, 0.0837, 0.0691, 0.034, 0.6483, 0.0582, 0.0277]], "emotions": ["red", "red", "red", "red", "red", "red", "red", "red", "red", "red", "red", "red", "red", "red", "red", "red", "red", "red", "red", "red", "red", "red", "red", "red", "red", "red", "red", "red", "red", "red", "red", "red", "red", "red", "red", "red", "red", "red", "red", "red", "red", "red", "red", "red", "red", "red", "red", "red", "red", "red", "red", "red", "red", "red", "red", "red", "red", "red", "red", "red", "red", "red", "red", "red", "red", "red", "red", "red", "red", "red", "red", "red", "red", "red", "red", "red", "red", "red", "red", "red"], "timestamps": [0, 40, 80, 120, 160, 200, 240, 280, 320, 360, 400, 440, 480, 520, 560, 600, 640, 680, 720, 760, 800, 840, 880, 920, 960, 1000, 1040, 1080, 1120, 1160, 1200, 1240, 1280, 1320, 1360, 1400, 1440, 1480, 1520, 1560, 1600, 1640, 1680, 1720, 1760, 1800, 1840, 1880, 1920, 1960, 2000, 2040, 2080, 2120, 2160, 2200, 2240, 2280, 2320, 2360, 2400, 2440, 2480, 2520, 2560, 2600, 2640, 2680, 2720, 2760, 2800, 2840, 2880, 2920, 2960, 3000, 3040, 3080, 3120, 3160]}], "conversation": [], "conversation_timestamps": []}