{"agent_id": "agent-red-591", "type": "red", "trips": [{"trip_id": 0, "transport_method": "foot", "start_time": 0, "path": [[1.4889025, 42.4614895], [1.4895269, 42.4619332], [1.4894215, 42.4631985], [1.4893039, 42.4629319], [1.4894939, 42.4616824], [1.4895044, 42.4622792], [1.4894075, 42.4635451], [1.4897726, 42.4645133], [1.4904005, 42.4654849], [1.491457, 42.4661875], [1.4917158, 42.4671056], [1.4916689, 42.4682955], [1.4920458, 42.469506], [1.4918189, 42.4707402], [1.4912276, 42.4718634], [1.4906414, 42.472989], [1.4906087, 42.4742245], [1.490838, 42.4754531], [1.4906045, 42.4766504], [1.4904057, 42.4779043], [1.4902069, 42.4791583], [1.4900082, 42.4804122], [1.4898094, 42.4816662], [1.4894833, 42.4810064], [1.4893755, 42.4797447], [1.4898743, 42.4785929], [1.4904919, 42.477485], [1.4906135, 42.4766979], [1.4905133, 42.4779635], [1.490413, 42.4792292], [1.4903127, 42.4804948], [1.4902125, 42.4817604], [1.4903806, 42.4829637], [1.4909738, 42.4840763], [1.4919247, 42.4847524], [1.4930585, 42.4851722], [1.4940869, 42.485907], [1.4947322, 42.4869633], [1.4947568, 42.4882068], [1.495555, 42.4891921], [1.4962668, 42.4902184], [1.4966579, 42.4913358], [1.4977242, 42.4920244], [1.4988429, 42.4926243], [1.4999039, 42.4933141], [1.5007549, 42.494195], [1.5019055, 42.4947315], [1.5030513, 42.4952778], [1.504239, 42.4957159], [1.5053857, 42.4962523], [1.5065884, 42.4966586], [1.5077808, 42.4970942], [1.5089313, 42.4976297], [1.5100666, 42.4981979], [1.5109213, 42.4991249], [1.5117086, 42.500121], [1.5124715, 42.5011358], [1.5133865, 42.5019823], [1.5136734, 42.502145], [1.5130702, 42.5017674], [1.5142131, 42.5023202], [1.51496, 42.5027016], [1.5157012, 42.5031772], [1.515574, 42.5031101], [1.5166869, 42.5036947], [1.5179483, 42.5036804], [1.5191472, 42.5036989], [1.5203373, 42.5039987], [1.5215164, 42.5044682], [1.5226434, 42.504728], [1.5238966, 42.5049103], [1.5251452, 42.5051393], [1.5263962, 42.5053145], [1.5276605, 42.505315], [1.5281081, 42.5053004], [1.5293626, 42.5054512], [1.5306074, 42.5056976], [1.5318576, 42.5058633], [1.5330225, 42.506319], [1.5342699, 42.5065344]], "mood_vectors": [[0.7514, 0.0386, 0.0177, 0.0271, 0.0751, 0.0426, 0.0477], [0.7894, 0.0478, 0.0258, 0.0119, 0.0717, 0.0185, 0.0349], [0.7092, 0.0398, 0.0203, 0.0694, 0.0719, 0.0261, 0.0633], [0.6832, 0.0433, 0.0756, 0.0525, 0.0426, 0.0525, 0.0504], [0.7682, 0.0302, 0.0236, 0.0403, 0.0392, 0.0214, 0.0771], [0.7365, 0.0211, 0.0742, 0.0299, 0.0791, 0.0148, 0.0443], [0.7227, 0.0174, 0.0714, 0.0621, 0.0202, 0.0659, 0.0402], [0.6074, 0.0814, 0.045, 0.0822, 0.0739, 0.0303, 0.0798], [0.7718, 0.0208, 0.0434, 0.0196, 0.0585, 0.0525, 0.0334], [0.778, 0.0232, 0.0296, 0.0449, 0.034, 0.0594, 0.031], [0.6813, 0.0702, 0.0305, 0.0688, 0.0344, 0.0374, 0.0774], [0.6161, 0.0578, 0.0336, 0.0463, 0.0904, 0.0785, 0.0773], [0.6242, 0.0787, 0.0843, 0.062, 0.0213, 0.0726, 0.0569], [0.6933, 0.0508, 0.0812, 0.0612, 0.0394, 0.0176, 0.0564], [0.7299, 0.0325, 0.0724, 0.0194, 0.0136, 0.0741, 0.0581], [0.7064, 0.0354, 0.0623, 0.0655, 0.045, 0.017, 0.0685], [0.819, 0.0205, 0.0258, 0.036, 0.0283, 0.0263, 0.0441], [0.7083, 0.0229, 0.0549, 0.0606, 0.0187, 0.0604, 0.0742], [0.6161, 0.0397, 0.0907, 0.0305, 0.0711, 0.0725, 0.0794], [0.7098, 0.0601, 0.0478, 0.0392, 0.0748, 0.0154, 0.0529], [0.6664, 0.0599, 0.0642, 0.0376, 0.0381, 0.0743, 0.0596], [0.6695, 0.0505, 0.0594, 0.0594, 0.0633, 0.0551, 0.0427], [0.664, 0.05, 0.0835, 0.0555, 0.0359, 0.0657, 0.0453], [0.7438, 0.044, 0.0778, 0.0372, 0.044, 0.0354, 0.0179], [0.7253, 0.0559, 0.0489, 0.047, 0.0491, 0.0542, 0.0195], [0.7017, 0.058, 0.0224, 0.0511, 0.0774, 0.0254, 0.0639], [0.7551, 0.0581, 0.0196, 0.022, 0.0759, 0.0244, 0.0448], [0.724, 0.0518, 0.014, 0.0774, 0.0712, 0.0408, 0.0209], [0.7131, 0.0619, 0.0465, 0.0254, 0.0768, 0.0201, 0.0563], [0.6863, 0.0659, 0.0249, 0.0795, 0.0217, 0.09, 0.0318], [0.7032, 0.0699, 0.0264, 0.0427, 0.0366, 0.0592, 0.062], [0.6819, 0.044, 0.0669, 0.0696, 0.0505, 0.0508, 0.0362], [0.7387, 0.028, 0.0472, 0.035, 0.027, 0.0937, 0.0305], [0.7386, 0.0126, 0.0314, 0.0457, 0.0243, 0.0791, 0.0683], [0.681, 0.0149, 0.061, 0.071, 0.0836, 0.0317, 0.0567], [0.7053, 0.0421, 0.038, 0.0537, 0.0392, 0.0516, 0.07], [0.6977, 0.0281, 0.0681, 0.0487, 0.0521, 0.0574, 0.048], [0.7437, 0.0297, 0.0254, 0.0684, 0.062, 0.0354, 0.0354], [0.7305, 0.0488, 0.0365, 0.035, 0.0668, 0.0217, 0.0607], [0.6997, 0.0161, 0.0148, 0.0436, 0.052, 0.0955, 0.0783], [0.7165, 0.0182, 0.0325, 0.0361, 0.0695, 0.0715, 0.0557], [0.6737, 0.0589, 0.0632, 0.0494, 0.0352, 0.0569, 0.0626], [0.7909, 0.055, 0.0227, 0.0257, 0.0502, 0.0307, 0.0249], [0.7239, 0.0703, 0.0355, 0.0649, 0.0602, 0.0318, 0.0134], [0.714, 0.0751, 0.0266, 0.025, 0.0293, 0.0696, 0.0604], [0.7653, 0.0642, 0.0219, 0.0317, 0.0288, 0.0445, 0.0435], [0.6567, 0.0853, 0.0726, 0.0335, 0.0872, 0.0515, 0.0133], [0.6986, 0.0961, 0.0186, 0.0444, 0.0567, 0.0359, 0.0498], [0.6805, 0.0655, 0.0504, 0.0669, 0.0702, 0.0371, 0.0292], [0.7393, 0.0503, 0.0351, 0.0616, 0.0272, 0.0557, 0.0308], [0.7118, 0.0474, 0.0288, 0.0756, 0.0567, 0.0525, 0.0271], [0.7128, 0.0333, 0.044, 0.0708, 0.0424, 0.0276, 0.0691], [0.7084, 0.0238, 0.0956, 0.0576, 0.0272, 0.0377, 0.0497], [0.7234, 0.0621, 0.0253, 0.0608, 0.0463, 0.0127, 0.0694], [0.6863, 0.0647, 0.0434, 0.0517, 0.0535, 0.0243, 0.076], [0.7207, 0.0686, 0.0779, 0.0208, 0.0274, 0.0184, 0.0661], [0.6851, 0.0833, 0.0825, 0.0195, 0.0542, 0.0133, 0.0622], [0.6947, 0.0733, 0.0488, 0.0495, 0.0469, 0.0564, 0.0304], [0.695, 0.0689, 0.0366, 0.0335, 0.0696, 0.0525, 0.044], [0.6509, 0.0404, 0.0803, 0.0452, 0.0798, 0.0783, 0.025], [0.7385, 0.0476, 0.0177, 0.0291, 0.067, 0.0467, 0.0534], [0.6204, 0.0501, 0.0827, 0.0842, 0.0819, 0.0407, 0.04], [0.7254, 0.0465, 0.0523, 0.0811, 0.0123, 0.0271, 0.0553], [0.7428, 0.0384, 0.062, 0.0414, 0.0309, 0.045, 0.0394], [0.7052, 0.0253, 0.0402, 0.0689, 0.0576, 0.0673, 0.0354], [0.6666, 0.0634, 0.0358, 0.0199, 0.0505, 0.0881, 0.0757], [0.6302, 0.0646, 0.027, 0.0815, 0.0784, 0.0453, 0.073], [0.6958, 0.0415, 0.0637, 0.0656, 0.0421, 0.031, 0.0602], [0.7353, 0.0207, 0.0609, 0.0426, 0.0242, 0.0466, 0.0695], [0.7018, 0.0488, 0.059, 0.0445, 0.0467, 0.0708, 0.0284], [0.7091, 0.0506, 0.0482, 0.0347, 0.0138, 0.0572, 0.0863], [0.7544, 0.0419, 0.0416, 0.0845, 0.0236, 0.0186, 0.0353], [0.6645, 0.0696, 0.0845, 0.0691, 0.0256, 0.0556, 0.0312], [0.7052, 0.0693, 0.0203, 0.057, 0.0595, 0.0624, 0.0262], [0.641, 0.0402, 0.076, 0.0859, 0.0214, 0.073, 0.0627], [0.6925, 0.053, 0.0457, 0.0183, 0.0739, 0.0669, 0.0495], [0.708, 0.0662, 0.0277, 0.0541, 0.0496, 0.0513, 0.0432], [0.69, 0.0672, 0.0352, 0.0707, 0.0284, 0.0473, 0.0612], [0.7064, 0.0728, 0.0665, 0.0657, 0.0182, 0.0519, 0.0186], [0.631, 0.0417, 0.0757, 0.0578, 0.0721, 0.0771, 0.0446]], "emotions": ["red", "red", "red", "red", "red", "red", "red", "red", "red", "red", "red", "red", "red", "red", "red", "red", "red", "red", "red", "red", "red", "red", "red", "red", "red", "red", "red", "red", "red", "red", "red", "red", "red", "red", "red", "red", "red", "red", "red", "red", "red", "red", "red", "red", "red", "red", "red", "red", "red", "red", "red", "red", "red", "red", "red", "red", "red", "red", "red", "red", "red", "red", "red", "red", "red", "red", "red", "red", "red", "red", "red", "red", "red", "red", "red", "red", "red", "red", "red", "red"], "timestamps": [0, 40, 80, 120, 160, 200, 240, 280, 320, 360, 400, 440, 480, 520, 560, 600, 640, 680, 720, 760, 800, 840, 880, 920, 960, 1000, 1040, 1080, 1120, 1160, 1200, 1240, 1280, 1320, 1360, 1400, 1440, 1480, 1520, 1560, 1600, 1640, 1680, 1720, 1760, 1800, 1840, 1880, 1920, 1960, 2000, 2040, 2080, 2120, 2160, 2200, 2240, 2280, 2320, 2360, 2400, 2440, 2480, 2520, 2560, 2600, 2640, 2680, 2720, 2760, 2800, 2840, 2880, 2920, 2960, 3000, 3040, 3080, 3120, 3160]}], "conversation": [], "conversation_timestamps": []}