{"agent_id": "agent-orange-253", "type": "orange", "trips": [{"trip_id": 0, "transport_method": "car", "start_time": 0, "path": [[1.5337299, 42.5556248], [1.5328068, 42.5556068], [1.5323713, 42.5556495], [1.531424, 42.555675], [1.5305366, 42.5553241], [1.5296679, 42.554923], [1.5290127, 42.5542332], [1.5284215, 42.553492], [1.5277057, 42.5528568], [1.5269899, 42.5522217], [1.5266987, 42.5520249], [1.5274583, 42.5526068], [1.5282016, 42.5532079], [1.5284373, 42.5534653], [1.527789, 42.5527613], [1.5271407, 42.5520574], [1.5264924, 42.5513534], [1.5263743, 42.5506178], [1.5258445, 42.5498226], [1.5254161, 42.5489669], [1.525074, 42.5480871], [1.5246661, 42.5472778], [1.524732, 42.5463435], [1.5244586, 42.5458458], [1.5239478, 42.5450372], [1.5235595, 42.5441742], [1.5234464, 42.5439481], [1.5230509, 42.5430766], [1.5228838, 42.5421484], [1.5231155, 42.5412659], [1.5235022, 42.5406979], [1.52325, 42.5402544], [1.5231419, 42.5393078], [1.5231764, 42.5383639], [1.5238742, 42.5378244], [1.524766, 42.5375856], [1.5251128, 42.5371576], [1.5245721, 42.536738], [1.5236414, 42.5365391], [1.5229539, 42.5360153], [1.5223589, 42.5352688], [1.5216359, 42.5346832], [1.5210222, 42.5340406], [1.5209656, 42.533324], [1.5213399, 42.5325163], [1.5208845, 42.5316766], [1.5212755, 42.5308234], [1.5213929, 42.5300579], [1.5219981, 42.5293601], [1.5213912, 42.5287193], [1.5209807, 42.5279285], [1.5206519, 42.5271008], [1.5207296, 42.526147], [1.5207895, 42.5259339], [1.5206291, 42.5268446], [1.5206432, 42.5271286], [1.5207024, 42.5261734], [1.5207339, 42.5252199], [1.5208143, 42.5243163], [1.5213865, 42.5235521], [1.5218288, 42.5227195], [1.522365, 42.521947], [1.5231391, 42.5213883], [1.5236385, 42.5205753], [1.5239618, 42.519685], [1.5245366, 42.5189796], [1.5252978, 42.5183997], [1.5260185, 42.5177709], [1.5268773, 42.5173591], [1.5277481, 42.5169623], [1.5285677, 42.516632], [1.5294336, 42.5164348], [1.5302413, 42.5159387], [1.5310298, 42.5154157], [1.5318401, 42.5151556], [1.5326661, 42.5146773], [1.5334078, 42.5147151], [1.533513, 42.5149086], [1.5343236, 42.5147971], [1.5348185, 42.5148839]], "mood_vectors": [[0.0354, 0.0606, 0.0583, 0.0161, 0.7229, 0.0208, 0.0859], [0.0415, 0.0496, 0.0366, 0.0559, 0.6858, 0.0756, 0.0549], [0.092, 0.0402, 0.094, 0.0185, 0.6961, 0.0346, 0.0245], [0.0795, 0.0478, 0.0334, 0.0667, 0.6515, 0.0642, 0.0569], [0.0443, 0.0385, 0.054, 0.0441, 0.6784, 0.0729, 0.0677], [0.0136, 0.0367, 0.0383, 0.0663, 0.6844, 0.081, 0.0797], [0.0246, 0.0626, 0.0581, 0.0608, 0.6873, 0.0466, 0.06], [0.0639, 0.0786, 0.0486, 0.0443, 0.6192, 0.0718, 0.0736], [0.0769, 0.0319, 0.0727, 0.0578, 0.6942, 0.031, 0.0354], [0.0761, 0.0705, 0.0579, 0.0512, 0.6482, 0.061, 0.0351], [0.0727, 0.0305, 0.0353, 0.025, 0.7864, 0.0133, 0.0369], [0.0177, 0.015, 0.0874, 0.074, 0.7589, 0.0264, 0.0206], [0.08, 0.0324, 0.0266, 0.0694, 0.7051, 0.0644, 0.0219], [0.0552, 0.0533, 0.0385, 0.075, 0.7244, 0.0204, 0.033], [0.0778, 0.0332, 0.0942, 0.0227, 0.697, 0.0305, 0.0445], [0.0745, 0.0608, 0.0441, 0.0728, 0.6763, 0.0547, 0.0169], [0.0343, 0.0186, 0.0289, 0.096, 0.7506, 0.0168, 0.0548], [0.0445, 0.0517, 0.0715, 0.0253, 0.6753, 0.0916, 0.0402], [0.0337, 0.0176, 0.0255, 0.0655, 0.7563, 0.0148, 0.0866], [0.0414, 0.0259, 0.0207, 0.0255, 0.7919, 0.0649, 0.0297], [0.0827, 0.0822, 0.016, 0.0702, 0.6436, 0.0357, 0.0696], [0.0846, 0.0629, 0.0147, 0.0289, 0.6385, 0.0744, 0.0962], [0.0287, 0.0841, 0.0537, 0.0641, 0.6823, 0.0609, 0.0262], [0.0551, 0.0507, 0.0293, 0.0777, 0.6912, 0.0233, 0.0727], [0.0145, 0.0803, 0.0362, 0.0138, 0.8072, 0.0189, 0.029], [0.0179, 0.0733, 0.0906, 0.0673, 0.6653, 0.0725, 0.0131], [0.0779, 0.0892, 0.0405, 0.088, 0.6179, 0.014, 0.0724], [0.0509, 0.0464, 0.0794, 0.0333, 0.7009, 0.0734, 0.0156], [0.0761, 0.045, 0.0619, 0.0501, 0.6642, 0.0583, 0.0446], [0.0164, 0.0439, 0.0203, 0.067, 0.7041, 0.0775, 0.0707], [0.0257, 0.0747, 0.0341, 0.0344, 0.737, 0.0135, 0.0806], [0.06, 0.0578, 0.063, 0.058, 0.7137, 0.0139, 0.0336], [0.0743, 0.014, 0.0206, 0.0239, 0.7789, 0.0318, 0.0565], [0.0301, 0.0143, 0.0225, 0.0754, 0.7902, 0.0175, 0.05], [0.027, 0.0155, 0.0261, 0.068, 0.7385, 0.0442, 0.0807], [0.0636, 0.0427, 0.0709, 0.0476, 0.662, 0.0719, 0.0413], [0.0407, 0.0188, 0.0652, 0.0123, 0.7473, 0.0754, 0.0402], [0.0805, 0.07, 0.0676, 0.0316, 0.6516, 0.0442, 0.0544], [0.0594, 0.0725, 0.0308, 0.0277, 0.6952, 0.0776, 0.0369], [0.0715, 0.0717, 0.0439, 0.0636, 0.671, 0.0532, 0.0252], [0.0538, 0.0822, 0.0377, 0.0856, 0.6725, 0.03, 0.0382], [0.0193, 0.0643, 0.0681, 0.0373, 0.7082, 0.0781, 0.0246], [0.0727, 0.055, 0.0557, 0.035, 0.6726, 0.0562, 0.0528], [0.0399, 0.05, 0.0177, 0.0557, 0.6843, 0.0823, 0.07], [0.064, 0.0398, 0.0552, 0.0411, 0.7345, 0.0186, 0.0468], [0.0647, 0.0407, 0.0332, 0.0564, 0.677, 0.0675, 0.0604], [0.0312, 0.0815, 0.0773, 0.0313, 0.7412, 0.0173, 0.0202], [0.0722, 0.023, 0.0325, 0.0511, 0.7343, 0.0264, 0.0605], [0.0802, 0.0662, 0.0237, 0.0647, 0.6902, 0.0233, 0.0517], [0.0293, 0.0136, 0.0677, 0.0699, 0.7187, 0.0782, 0.0226], [0.038, 0.078, 0.0611, 0.0476, 0.7331, 0.0287, 0.0135], [0.0226, 0.0556, 0.0733, 0.0414, 0.715, 0.0477, 0.0444], [0.0495, 0.0373, 0.038, 0.0821, 0.6861, 0.0514, 0.0556], [0.0585, 0.0424, 0.0451, 0.0971, 0.6655, 0.0244, 0.067], [0.044, 0.0791, 0.0233, 0.0721, 0.6815, 0.0281, 0.0719], [0.0449, 0.0188, 0.0622, 0.0438, 0.7001, 0.0658, 0.0645], [0.0356, 0.0275, 0.0555, 0.0628, 0.7281, 0.0437, 0.0468], [0.0843, 0.0323, 0.0268, 0.0521, 0.7077, 0.0705, 0.0263], [0.0348, 0.034, 0.0597, 0.0331, 0.7566, 0.0371, 0.0446], [0.0608, 0.0611, 0.0716, 0.0286, 0.7016, 0.0369, 0.0394], [0.0639, 0.0343, 0.0555, 0.0262, 0.7175, 0.0709, 0.0318], [0.0315, 0.0446, 0.0367, 0.0325, 0.7768, 0.0197, 0.0582], [0.0613, 0.0689, 0.0497, 0.0558, 0.6829, 0.0165, 0.0649], [0.035, 0.0348, 0.0272, 0.0299, 0.6978, 0.0946, 0.0807], [0.0684, 0.0432, 0.0579, 0.042, 0.7116, 0.044, 0.0328], [0.0541, 0.051, 0.024, 0.0647, 0.6756, 0.0737, 0.0568], [0.0317, 0.0782, 0.0615, 0.0153, 0.667, 0.0754, 0.0709], [0.0798, 0.0648, 0.0667, 0.0546, 0.6765, 0.0192, 0.0384], [0.0165, 0.0707, 0.056, 0.0693, 0.643, 0.0815, 0.0629], [0.0708, 0.076, 0.0421, 0.0345, 0.6889, 0.0736, 0.014], [0.0599, 0.0763, 0.0212, 0.024, 0.676, 0.0573, 0.0854], [0.0143, 0.0339, 0.0449, 0.0536, 0.7154, 0.0671, 0.0708], [0.0255, 0.0455, 0.0408, 0.0255, 0.696, 0.0841, 0.0826], [0.0348, 0.0751, 0.0281, 0.0178, 0.6769, 0.0823, 0.085], [0.07, 0.085, 0.0347, 0.0402, 0.6999, 0.0534, 0.0169], [0.0437, 0.0476, 0.025, 0.0394, 0.6977, 0.0872, 0.0594], [0.0758, 0.0129, 0.0526, 0.0678, 0.7142, 0.055, 0.0216], [0.0547, 0.0652, 0.0396, 0.0759, 0.7105, 0.0311, 0.023], [0.0269, 0.0215, 0.0401, 0.0668, 0.7865, 0.0317, 0.0264], [0.0914, 0.0322, 0.0855, 0.0311, 0.67, 0.0174, 0.0725]], "emotions": ["red", "red", "red", "red", "red", "red", "red", "red", "red", "red", "red", "red", "red", "red", "red", "red", "red", "red", "red", "red", "red", "red", "red", "red", "red", "red", "red", "red", "red", "red", "red", "red", "red", "red", "red", "red", "red", "red", "red", "red", "red", "red", "red", "red", "red", "red", "red", "red", "red", "red", "red", "red", "red", "red", "red", "red", "red", "red", "red", "red", "red", "red", "red", "red", "red", "red", "red", "red", "red", "red", "red", "red", "red", "red", "red", "red", "red", "red", "red", "red"], "timestamps": [0, 40, 80, 120, 160, 200, 240, 280, 320, 360, 400, 440, 480, 520, 560, 600, 640, 680, 720, 760, 800, 840, 880, 920, 960, 1000, 1040, 1080, 1120, 1160, 1200, 1240, 1280, 1320, 1360, 1400, 1440, 1480, 1520, 1560, 1600, 1640, 1680, 1720, 1760, 1800, 1840, 1880, 1920, 1960, 2000, 2040, 2080, 2120, 2160, 2200, 2240, 2280, 2320, 2360, 2400, 2440, 2480, 2520, 2560, 2600, 2640, 2680, 2720, 2760, 2800, 2840, 2880, 2920, 2960, 3000, 3040, 3080, 3120, 3160]}], "conversation": [], "conversation_timestamps": []}