{"agent_id": "agent-orange-1328", "type": "orange", "trips": [{"trip_id": 0, "transport_method": "foot", "start_time": 0, "path": [[1.5250982, 42.5079672], [1.5239666, 42.5077746], [1.5228365, 42.5077643], [1.5217873, 42.5075488], [1.5206526, 42.5074946], [1.519562, 42.5072866], [1.5186071, 42.5066964], [1.5181766, 42.5063068], [1.5171554, 42.5059172], [1.5160973, 42.5054707], [1.5151227, 42.5049497], [1.5147265, 42.5044491], [1.5139022, 42.5036472], [1.513148, 42.5027914], [1.5122178, 42.5021133], [1.5112675, 42.5014659], [1.5101965, 42.5010523], [1.5091866, 42.5005062], [1.5081451, 42.5000106], [1.5071277, 42.4994804], [1.5060866, 42.4989839], [1.5050546, 42.4984702], [1.504001, 42.4980014], [1.5029612, 42.4975031], [1.501946, 42.4969628], [1.5008891, 42.4965595], [1.5003614, 42.4962391], [1.4993382, 42.4957064], [1.4988059, 42.4949795], [1.4983876, 42.4941142], [1.4978554, 42.493195], [1.4976574, 42.4930591], [1.4975002, 42.4929099], [1.4966171, 42.4921689], [1.4957527, 42.4914051], [1.4950508, 42.4905598], [1.4945132, 42.4895403], [1.4939459, 42.488536], [1.4933831, 42.4875291], [1.4928574, 42.4865034], [1.4924284, 42.4854331], [1.4916696, 42.4847003], [1.4909061, 42.4839462], [1.4903655, 42.4829372], [1.4897694, 42.4819498], [1.4894693, 42.4808506], [1.4893826, 42.4797049], [1.4898335, 42.4786566], [1.490412, 42.4776593], [1.4906044, 42.4765835], [1.4908421, 42.4755035], [1.4906718, 42.4743788], [1.4905605, 42.4732597], [1.4910394, 42.4722151], [1.4915836, 42.471198], [1.4920148, 42.470134], [1.4919114, 42.4690022], [1.4915793, 42.4678999], [1.4919545, 42.4669579], [1.492828, 42.4662251], [1.493944, 42.4659839], [1.4948377, 42.4653435], [1.495463, 42.464415], [1.4964229, 42.4647017], [1.4973266, 42.4645472], [1.4984043, 42.4645757], [1.4993634, 42.4648312], [1.5004298, 42.4652215], [1.5014718, 42.4648029], [1.5025054, 42.4642908], [1.5033348, 42.4639287], [1.502304, 42.4644235], [1.5012992, 42.4649741], [1.5014036, 42.4646881], [1.5023186, 42.4639856], [1.5032019, 42.4632637], [1.5031831, 42.4629806], [1.5027273, 42.4627351], [1.5024556, 42.4616323], [1.5022169, 42.4606897]], "mood_vectors": [[0.0167, 0.0425, 0.0217, 0.0318, 0.7258, 0.0816, 0.0799], [0.0484, 0.0652, 0.0492, 0.0849, 0.7033, 0.0189, 0.0299], [0.0158, 0.0645, 0.0285, 0.0248, 0.7431, 0.0726, 0.0507], [0.025, 0.0754, 0.0492, 0.0534, 0.6772, 0.0764, 0.0435], [0.0834, 0.0636, 0.0763, 0.0922, 0.5843, 0.0402, 0.0601], [0.0265, 0.018, 0.0769, 0.0247, 0.6797, 0.0841, 0.0901], [0.0212, 0.0544, 0.0351, 0.0698, 0.6913, 0.0746, 0.0537], [0.0653, 0.0572, 0.0385, 0.0437, 0.7134, 0.0462, 0.0357], [0.0624, 0.0704, 0.0875, 0.0161, 0.725, 0.016, 0.0225], [0.0507, 0.0565, 0.0301, 0.0708, 0.6885, 0.0682, 0.0353], [0.0388, 0.013, 0.0186, 0.0501, 0.7408, 0.0775, 0.0612], [0.0141, 0.0398, 0.0481, 0.0368, 0.7501, 0.031, 0.08], [0.0375, 0.0335, 0.0497, 0.0211, 0.7505, 0.0255, 0.0822], [0.0439, 0.0167, 0.0461, 0.0272, 0.7732, 0.016, 0.0769], [0.0646, 0.0355, 0.0149, 0.0449, 0.7777, 0.0384, 0.024], [0.0842, 0.025, 0.0851, 0.0439, 0.6913, 0.0223, 0.0483], [0.069, 0.0867, 0.0191, 0.0188, 0.7188, 0.044, 0.0437], [0.0116, 0.0621, 0.0483, 0.0677, 0.7325, 0.0139, 0.0639], [0.0565, 0.0656, 0.0396, 0.0703, 0.6861, 0.053, 0.0288], [0.0258, 0.0346, 0.0468, 0.05, 0.7331, 0.041, 0.0687], [0.02, 0.0814, 0.0315, 0.0467, 0.7505, 0.0352, 0.0347], [0.0609, 0.0303, 0.0426, 0.0339, 0.6917, 0.0547, 0.086], [0.0976, 0.0553, 0.0949, 0.0515, 0.614, 0.0341, 0.0527], [0.0669, 0.0337, 0.0213, 0.0574, 0.6891, 0.0738, 0.0577], [0.0658, 0.0197, 0.0429, 0.0223, 0.7233, 0.0839, 0.0422], [0.0315, 0.0629, 0.0657, 0.0615, 0.6904, 0.0311, 0.057], [0.0644, 0.0771, 0.0726, 0.0452, 0.6641, 0.0612, 0.0154], [0.0837, 0.0193, 0.051, 0.0152, 0.7334, 0.0655, 0.0319], [0.0548, 0.0605, 0.0679, 0.0542, 0.6292, 0.0746, 0.0588], [0.0656, 0.0576, 0.0471, 0.0463, 0.7114, 0.035, 0.0369], [0.0461, 0.0732, 0.0325, 0.0528, 0.7549, 0.018, 0.0225], [0.0399, 0.0655, 0.0361, 0.0632, 0.7202, 0.0235, 0.0516], [0.0298, 0.021, 0.0596, 0.0357, 0.7709, 0.0352, 0.0478], [0.0691, 0.0603, 0.0423, 0.0801, 0.606, 0.0583, 0.0839], [0.0657, 0.0275, 0.0615, 0.0612, 0.6931, 0.0279, 0.0629], [0.0636, 0.0616, 0.0119, 0.0689, 0.7, 0.0621, 0.0319], [0.0323, 0.023, 0.071, 0.0675, 0.7649, 0.0238, 0.0175], [0.0572, 0.0235, 0.0144, 0.0546, 0.7666, 0.0521, 0.0316], [0.0328, 0.0444, 0.0784, 0.0864, 0.5943, 0.0847, 0.079], [0.0347, 0.0547, 0.0308, 0.0424, 0.7411, 0.0345, 0.0618], [0.0433, 0.0449, 0.0859, 0.0283, 0.7088, 0.0557, 0.033], [0.057, 0.016, 0.0398, 0.0789, 0.6872, 0.0647, 0.0564], [0.0575, 0.0339, 0.0391, 0.0225, 0.7442, 0.0777, 0.0252], [0.0787, 0.0434, 0.0622, 0.0765, 0.626, 0.0311, 0.0821], [0.017, 0.0867, 0.0539, 0.0161, 0.7726, 0.0217, 0.0318], [0.0374, 0.0346, 0.0793, 0.0538, 0.6861, 0.0632, 0.0456], [0.0247, 0.0592, 0.0543, 0.0727, 0.641, 0.0744, 0.0738], [0.0358, 0.0542, 0.0338, 0.0746, 0.6833, 0.0754, 0.043], [0.0486, 0.0616, 0.0348, 0.0118, 0.7397, 0.0267, 0.0767], [0.0383, 0.0921, 0.0187, 0.0849, 0.6881, 0.0344, 0.0435], [0.0164, 0.0267, 0.0657, 0.0863, 0.6765, 0.0782, 0.0502], [0.0465, 0.0468, 0.0452, 0.0421, 0.7133, 0.0504, 0.0557], [0.0206, 0.0335, 0.0291, 0.0635, 0.7245, 0.0773, 0.0515], [0.0254, 0.0508, 0.0144, 0.0568, 0.7914, 0.0283, 0.0329], [0.0679, 0.0655, 0.0677, 0.0487, 0.6711, 0.0484, 0.0307], [0.0414, 0.0188, 0.0447, 0.06, 0.7919, 0.0223, 0.021], [0.0959, 0.0796, 0.0164, 0.038, 0.6931, 0.0313, 0.0457], [0.0268, 0.045, 0.0186, 0.0622, 0.746, 0.0618, 0.0396], [0.0203, 0.024, 0.0788, 0.0219, 0.7655, 0.0152, 0.0742], [0.0251, 0.0522, 0.0888, 0.0915, 0.5803, 0.0832, 0.0789], [0.0329, 0.0572, 0.0871, 0.0913, 0.6238, 0.0532, 0.0546], [0.0348, 0.065, 0.0792, 0.0324, 0.67, 0.0409, 0.0776], [0.0451, 0.0161, 0.0356, 0.0475, 0.7824, 0.0183, 0.055], [0.0136, 0.0251, 0.0616, 0.0522, 0.809, 0.0199, 0.0186], [0.047, 0.0123, 0.02, 0.0306, 0.7452, 0.0765, 0.0685], [0.0127, 0.0572, 0.0824, 0.0138, 0.7128, 0.0523, 0.0688], [0.0551, 0.0126, 0.0475, 0.0563, 0.7654, 0.0429, 0.0202], [0.0111, 0.0634, 0.0323, 0.0625, 0.7241, 0.038, 0.0686], [0.0446, 0.0445, 0.0322, 0.0775, 0.681, 0.0794, 0.0409], [0.0185, 0.0252, 0.0548, 0.066, 0.7383, 0.0288, 0.0684], [0.0199, 0.0476, 0.0588, 0.0171, 0.7526, 0.0339, 0.0701], [0.0764, 0.0426, 0.0282, 0.0403, 0.7355, 0.0526, 0.0245], [0.0664, 0.0788, 0.0562, 0.0703, 0.6556, 0.0569, 0.0159], [0.0746, 0.0687, 0.0698, 0.0769, 0.5711, 0.0627, 0.0762], [0.0617, 0.0352, 0.0369, 0.0262, 0.7383, 0.0481, 0.0536], [0.0807, 0.0792, 0.0524, 0.0792, 0.5933, 0.0463, 0.0688], [0.0297, 0.065, 0.0631, 0.0545, 0.7114, 0.0186, 0.0578], [0.0952, 0.0389, 0.0972, 0.097, 0.6318, 0.0191, 0.0207], [0.0761, 0.0636, 0.0316, 0.0174, 0.6738, 0.0656, 0.0719], [0.0746, 0.0737, 0.0694, 0.066, 0.6167, 0.0488, 0.0508]], "emotions": ["red", "red", "red", "red", "red", "red", "red", "red", "red", "red", "red", "red", "red", "red", "red", "red", "red", "red", "red", "red", "red", "red", "red", "red", "red", "red", "red", "red", "red", "red", "red", "red", "red", "red", "red", "red", "red", "red", "red", "red", "red", "red", "red", "red", "red", "red", "red", "red", "red", "red", "red", "red", "red", "red", "red", "red", "red", "red", "red", "red", "red", "red", "red", "red", "red", "red", "red", "red", "red", "red", "red", "red", "red", "red", "red", "red", "red", "red", "red", "red"], "timestamps": [0, 40, 80, 120, 160, 200, 240, 280, 320, 360, 400, 440, 480, 520, 560, 600, 640, 680, 720, 760, 800, 840, 880, 920, 960, 1000, 1040, 1080, 1120, 1160, 1200, 1240, 1280, 1320, 1360, 1400, 1440, 1480, 1520, 1560, 1600, 1640, 1680, 1720, 1760, 1800, 1840, 1880, 1920, 1960, 2000, 2040, 2080, 2120, 2160, 2200, 2240, 2280, 2320, 2360, 2400, 2440, 2480, 2520, 2560, 2600, 2640, 2680, 2720, 2760, 2800, 2840, 2880, 2920, 2960, 3000, 3040, 3080, 3120, 3160]}], "conversation": [], "conversation_timestamps": []}