{"agent_id": "agent-purple-399", "type": "purple", "trips": [{"trip_id": 0, "transport_method": "car", "start_time": 0, "path": [[1.5793951, 42.5354513], [1.5798351, 42.5343163], [1.5805537, 42.5338843], [1.5791839, 42.5332548], [1.5777215, 42.5329251], [1.5762242, 42.5326904], [1.5777143, 42.5328992], [1.5766086, 42.5327066], [1.5751198, 42.5324225], [1.5754074, 42.5325147], [1.5753871, 42.532268], [1.5740236, 42.5316061], [1.5731559, 42.5313267], [1.5741808, 42.5322628], [1.5731093, 42.5311908], [1.5721415, 42.5300346], [1.5709585, 42.5290983], [1.5697464, 42.5281885], [1.5704356, 42.5286154], [1.5710829, 42.5292138], [1.5698215, 42.5283736], [1.5685601, 42.5275334], [1.5676853, 42.5269624], [1.5689909, 42.527712], [1.5679775, 42.5270563], [1.566719, 42.5262118], [1.5654083, 42.5254657], [1.563989, 42.5250122], [1.5626069, 42.5244216], [1.5615724, 42.5233214], [1.5603139, 42.5224874], [1.5591049, 42.5216397], [1.5579725, 42.5206335], [1.5569578, 42.5195405], [1.5564061, 42.5189087], [1.556674, 42.519268], [1.5555873, 42.5183738], [1.5547647, 42.5182775], [1.5543503, 42.5184646], [1.5530235, 42.5191967], [1.5516359, 42.5198058], [1.5502234, 42.5203546], [1.5487855, 42.5208326], [1.5473363, 42.5212765], [1.5458686, 42.5216545], [1.5443934, 42.5220019], [1.5429136, 42.5223293], [1.5414286, 42.5226306], [1.5399339, 42.5228818], [1.5384385, 42.5231287], [1.536946, 42.5233926], [1.5354536, 42.5236566], [1.5339695, 42.5239637], [1.5324894, 42.5242901], [1.5310231, 42.5246735], [1.5295653, 42.5250843], [1.5281427, 42.5256069], [1.5267533, 42.5262122], [1.5253941, 42.5268817], [1.5240758, 42.5276283], [1.5228102, 42.5284618], [1.521613, 42.5293894], [1.5208702, 42.5303822], [1.5198421, 42.5311947], [1.5197114, 42.5326173], [1.5195606, 42.5340652], [1.5206284, 42.5351373], [1.5217482, 42.5357407], [1.5207106, 42.5368016], [1.5202084, 42.5381933], [1.5199276, 42.5396722], [1.5198877, 42.5410802], [1.5186134, 42.5418987], [1.517648, 42.5430439], [1.5169709, 42.5443702], [1.5182172, 42.5445662], [1.5193385, 42.545322], [1.5206036, 42.5460305], [1.5215062, 42.5471756], [1.5216168, 42.5473162]], "mood_vectors": [[0.0197, 0.0621, 0.0769, 0.0569, 0.0289, 0.7252, 0.0303], [0.0541, 0.0456, 0.0599, 0.0394, 0.0333, 0.7319, 0.0358], [0.0282, 0.0277, 0.0605, 0.0168, 0.072, 0.7496, 0.0451], [0.0156, 0.0652, 0.0462, 0.0578, 0.059, 0.7288, 0.0274], [0.048, 0.0523, 0.0454, 0.0641, 0.0713, 0.6695, 0.0494], [0.0276, 0.0577, 0.0196, 0.0578, 0.0416, 0.7569, 0.0387], [0.0254, 0.0605, 0.0447, 0.0333, 0.0712, 0.6973, 0.0678], [0.0477, 0.0578, 0.0834, 0.056, 0.0439, 0.6533, 0.0579], [0.0631, 0.0728, 0.021, 0.064, 0.0632, 0.6691, 0.0468], [0.0713, 0.0403, 0.0753, 0.0273, 0.0726, 0.6728, 0.0403], [0.0437, 0.0256, 0.0452, 0.0501, 0.0265, 0.7504, 0.0586], [0.0158, 0.0461, 0.068, 0.0493, 0.0512, 0.7298, 0.0399], [0.0355, 0.0652, 0.0255, 0.0578, 0.0746, 0.7229, 0.0186], [0.0657, 0.0161, 0.0808, 0.0657, 0.0462, 0.6745, 0.051], [0.0442, 0.0293, 0.0411, 0.0227, 0.0528, 0.7692, 0.0408], [0.0369, 0.0775, 0.0183, 0.0634, 0.0376, 0.6951, 0.0711], [0.0312, 0.0807, 0.0712, 0.0519, 0.0159, 0.674, 0.0751], [0.0373, 0.0213, 0.0458, 0.0446, 0.0928, 0.7056, 0.0525], [0.0795, 0.0717, 0.0443, 0.0687, 0.0425, 0.6282, 0.0651], [0.0234, 0.0371, 0.0523, 0.057, 0.0918, 0.6813, 0.0572], [0.0448, 0.0238, 0.0638, 0.0538, 0.0212, 0.7421, 0.0505], [0.0741, 0.0454, 0.0356, 0.0242, 0.0406, 0.7142, 0.066], [0.0598, 0.0578, 0.0611, 0.0232, 0.0642, 0.7122, 0.0218], [0.0273, 0.0526, 0.05, 0.0625, 0.0259, 0.7538, 0.0279], [0.0568, 0.064, 0.0387, 0.0799, 0.0717, 0.61, 0.0789], [0.0401, 0.0221, 0.072, 0.0623, 0.0119, 0.7541, 0.0375], [0.0795, 0.021, 0.0332, 0.0196, 0.0612, 0.7474, 0.0381], [0.025, 0.0303, 0.0169, 0.0807, 0.0874, 0.696, 0.0636], [0.0295, 0.0181, 0.0724, 0.0875, 0.0311, 0.7417, 0.0198], [0.0386, 0.0574, 0.0649, 0.0493, 0.0679, 0.7046, 0.0173], [0.0175, 0.0353, 0.0738, 0.0466, 0.0592, 0.7046, 0.063], [0.0313, 0.0851, 0.0593, 0.0309, 0.0582, 0.6514, 0.0839], [0.079, 0.0401, 0.0268, 0.0645, 0.0591, 0.6647, 0.0658], [0.0296, 0.0711, 0.0147, 0.0663, 0.0219, 0.7346, 0.0619], [0.0782, 0.0642, 0.0624, 0.0583, 0.0415, 0.6451, 0.0504], [0.0288, 0.086, 0.0463, 0.041, 0.019, 0.7284, 0.0506], [0.0205, 0.0331, 0.0416, 0.0252, 0.0193, 0.8329, 0.0275], [0.0677, 0.0372, 0.0481, 0.0502, 0.0726, 0.7057, 0.0186], [0.0296, 0.0707, 0.0292, 0.0629, 0.0586, 0.7297, 0.0193], [0.0747, 0.0433, 0.064, 0.0657, 0.0546, 0.6645, 0.0332], [0.051, 0.0637, 0.049, 0.0322, 0.0616, 0.6978, 0.0448], [0.035, 0.0873, 0.0232, 0.0157, 0.0544, 0.7254, 0.059], [0.056, 0.0722, 0.019, 0.0805, 0.0564, 0.6601, 0.0557], [0.057, 0.0232, 0.0672, 0.0686, 0.0612, 0.6755, 0.0473], [0.0804, 0.0697, 0.0607, 0.0334, 0.0285, 0.684, 0.0433], [0.0859, 0.0367, 0.0277, 0.0822, 0.0163, 0.7209, 0.0304], [0.0309, 0.0296, 0.0439, 0.066, 0.0821, 0.6933, 0.0542], [0.0825, 0.0371, 0.0281, 0.0875, 0.0677, 0.6756, 0.0215], [0.0791, 0.0543, 0.0781, 0.0575, 0.0197, 0.6429, 0.0684], [0.0175, 0.0157, 0.0262, 0.0788, 0.0174, 0.7861, 0.0582], [0.0339, 0.0405, 0.0472, 0.0249, 0.0494, 0.7339, 0.0702], [0.0166, 0.0636, 0.0449, 0.0645, 0.0197, 0.709, 0.0816], [0.0172, 0.083, 0.0593, 0.0613, 0.0446, 0.6634, 0.0712], [0.0503, 0.0608, 0.047, 0.0713, 0.0791, 0.6494, 0.042], [0.0626, 0.0566, 0.0593, 0.047, 0.0786, 0.6534, 0.0424], [0.0426, 0.0667, 0.0366, 0.0337, 0.0152, 0.7269, 0.0783], [0.067, 0.0699, 0.0137, 0.0445, 0.0388, 0.6798, 0.0864], [0.0956, 0.0142, 0.0192, 0.0317, 0.0372, 0.7062, 0.0959], [0.0303, 0.0423, 0.036, 0.0274, 0.0892, 0.7101, 0.0646], [0.0747, 0.0642, 0.0592, 0.0648, 0.0288, 0.6345, 0.0737], [0.0802, 0.0226, 0.0439, 0.0824, 0.0722, 0.6671, 0.0316], [0.0732, 0.0508, 0.0389, 0.0843, 0.0153, 0.6601, 0.0773], [0.0705, 0.0249, 0.021, 0.0194, 0.0272, 0.7636, 0.0734], [0.0254, 0.0315, 0.0784, 0.0334, 0.0555, 0.7108, 0.065], [0.0188, 0.0933, 0.0216, 0.0714, 0.072, 0.6658, 0.0572], [0.04, 0.046, 0.0732, 0.0374, 0.0714, 0.6923, 0.0398], [0.04, 0.0639, 0.0667, 0.032, 0.0528, 0.7183, 0.0263], [0.0573, 0.0321, 0.0632, 0.0713, 0.0191, 0.7417, 0.0153], [0.048, 0.0128, 0.0285, 0.0551, 0.0467, 0.7386, 0.0703], [0.0337, 0.0362, 0.0987, 0.0211, 0.0521, 0.6806, 0.0775], [0.0822, 0.0443, 0.0438, 0.0194, 0.058, 0.7362, 0.0162], [0.0795, 0.0255, 0.0884, 0.0798, 0.0403, 0.6185, 0.0681], [0.0366, 0.0365, 0.0356, 0.0836, 0.057, 0.7048, 0.0458], [0.0754, 0.0201, 0.0724, 0.0543, 0.0245, 0.6794, 0.0739], [0.035, 0.0375, 0.0681, 0.0199, 0.0623, 0.7155, 0.0616], [0.0858, 0.032, 0.0855, 0.0188, 0.0761, 0.6476, 0.0542], [0.0905, 0.0912, 0.041, 0.0223, 0.0361, 0.6709, 0.0481], [0.0288, 0.0704, 0.0696, 0.0392, 0.0542, 0.7045, 0.0334], [0.056, 0.0673, 0.0212, 0.0218, 0.0409, 0.7056, 0.0872], [0.0664, 0.0498, 0.0624, 0.0551, 0.0517, 0.648, 0.0666]], "emotions": ["purple", "purple", "purple", "purple", "purple", "purple", "purple", "purple", "purple", "purple", "purple", "purple", "purple", "purple", "purple", "purple", "purple", "purple", "purple", "purple", "purple", "purple", "purple", "purple", "purple", "purple", "purple", "purple", "purple", "purple", "purple", "purple", "purple", "purple", "purple", "purple", "purple", "purple", "purple", "purple", "purple", "purple", "purple", "purple", "purple", "purple", "purple", "purple", "purple", "purple", "purple", "purple", "purple", "purple", "purple", "purple", "purple", "purple", "purple", "purple", "purple", "purple", "purple", "purple", "purple", "purple", "purple", "purple", "purple", "purple", "purple", "purple", "purple", "purple", "purple", "purple", "purple", "purple", "purple", "purple"], "timestamps": [0, 40, 80, 120, 160, 200, 240, 280, 320, 360, 400, 440, 480, 520, 560, 600, 640, 680, 720, 760, 800, 840, 880, 920, 960, 1000, 1040, 1080, 1120, 1160, 1200, 1240, 1280, 1320, 1360, 1400, 1440, 1480, 1520, 1560, 1600, 1640, 1680, 1720, 1760, 1800, 1840, 1880, 1920, 1960, 2000, 2040, 2080, 2120, 2160, 2200, 2240, 2280, 2320, 2360, 2400, 2440, 2480, 2520, 2560, 2600, 2640, 2680, 2720, 2760, 2800, 2840, 2880, 2920, 2960, 3000, 3040, 3080, 3120, 3160]}], "conversation": [], "conversation_timestamps": []}