{"agent_id": "agent-green-652", "type": "green", "trips": [{"trip_id": 0, "transport_method": "bicycle", "start_time": 0, "path": [[1.5225981, 42.5064053], [1.5236077, 42.5067342], [1.5246479, 42.5068639], [1.5256615, 42.5071149], [1.5266707, 42.5072331], [1.5256139, 42.5071214], [1.5257345, 42.5071033], [1.5267941, 42.5071903], [1.5278536, 42.5072768], [1.5287908, 42.5068457], [1.5296962, 42.5064363], [1.5306446, 42.5067992], [1.5316129, 42.5065434], [1.5326223, 42.5066376], [1.5324712, 42.5067351], [1.5335169, 42.506846], [1.5344283, 42.5072351], [1.5353972, 42.5076585], [1.5364535, 42.5077523], [1.5374704, 42.5079724], [1.5384964, 42.5082001], [1.5395482, 42.508296], [1.5403895, 42.5086346], [1.5414442, 42.5087686], [1.542102, 42.5088958], [1.5427898, 42.5089227], [1.5438166, 42.5091621], [1.5448565, 42.5093232], [1.5458786, 42.5095647], [1.5454364, 42.5093871], [1.5462809, 42.5097799], [1.546369, 42.5105979], [1.5471912, 42.5111912], [1.5482212, 42.5114541], [1.5492541, 42.5117059], [1.5497323, 42.5118615], [1.5501372, 42.5120103], [1.5507149, 42.5123065], [1.5515228, 42.5129975], [1.5509918, 42.5125466], [1.5518369, 42.5131918], [1.5525953, 42.5136806], [1.5527261, 42.5141661], [1.5529298, 42.5151732], [1.5534347, 42.516094], [1.5538768, 42.5170501], [1.5546504, 42.517763], [1.5555806, 42.5181999], [1.5563745, 42.5188412], [1.5570339, 42.5196282], [1.557739, 42.5204065], [1.5585127, 42.5211355], [1.5593259, 42.5218201], [1.55947, 42.5218666], [1.560072, 42.5223862], [1.5609956, 42.5228998], [1.5618303, 42.5235556], [1.5625261, 42.5243569], [1.5634841, 42.5247938], [1.5644431, 42.5252155], [1.5654584, 42.5254868], [1.5664, 42.5259737], [1.5672411, 42.5266239], [1.5681243, 42.5272084], [1.56903, 42.5277464], [1.569939, 42.5282889], [1.5708273, 42.528873], [1.57162, 42.5295712], [1.5723418, 42.5303353], [1.5730108, 42.5311573], [1.5737472, 42.531921], [1.5746519, 42.532342], [1.5756853, 42.5325764], [1.5767134, 42.5327558], [1.5777637, 42.5329134], [1.5787965, 42.533113], [1.5797997, 42.5334582], [1.580612, 42.5340619], [1.5812161, 42.5349329], [1.5819779, 42.5355475]], "mood_vectors": [[0.0308, 0.0518, 0.0439, 0.059, 0.0441, 0.0501, 0.7202], [0.0327, 0.043, 0.0264, 0.0153, 0.081, 0.0684, 0.7333], [0.0226, 0.0149, 0.0169, 0.0263, 0.0884, 0.09, 0.7408], [0.0369, 0.0782, 0.0342, 0.0601, 0.0618, 0.0325, 0.6964], [0.0739, 0.0515, 0.0738, 0.058, 0.0145, 0.0397, 0.6886], [0.0309, 0.0352, 0.0429, 0.0619, 0.0608, 0.034, 0.7344], [0.0409, 0.0198, 0.0788, 0.0311, 0.0739, 0.069, 0.6864], [0.0178, 0.0628, 0.0561, 0.0237, 0.0642, 0.0656, 0.7099], [0.066, 0.0837, 0.047, 0.0191, 0.0542, 0.0155, 0.7145], [0.0603, 0.0311, 0.0451, 0.0906, 0.0445, 0.019, 0.7093], [0.0922, 0.0455, 0.0477, 0.0517, 0.0259, 0.0425, 0.6945], [0.026, 0.0423, 0.051, 0.019, 0.0604, 0.0437, 0.7576], [0.0162, 0.0334, 0.0671, 0.0151, 0.0482, 0.0653, 0.7547], [0.0171, 0.0373, 0.0645, 0.0343, 0.0942, 0.0843, 0.6683], [0.0502, 0.0407, 0.0575, 0.027, 0.0698, 0.0263, 0.7284], [0.0224, 0.066, 0.0463, 0.0476, 0.0577, 0.0273, 0.7326], [0.015, 0.0732, 0.0715, 0.0693, 0.0265, 0.0574, 0.687], [0.0999, 0.0825, 0.0586, 0.0152, 0.0379, 0.0144, 0.6915], [0.0708, 0.0653, 0.0188, 0.0631, 0.0154, 0.0264, 0.7403], [0.0678, 0.015, 0.0714, 0.0434, 0.0435, 0.0451, 0.7137], [0.0545, 0.017, 0.0456, 0.0308, 0.031, 0.053, 0.7682], [0.0389, 0.0544, 0.062, 0.0618, 0.0487, 0.0668, 0.6674], [0.0198, 0.025, 0.0761, 0.0408, 0.0667, 0.0313, 0.7404], [0.0498, 0.0163, 0.0487, 0.0367, 0.0641, 0.0624, 0.722], [0.0169, 0.0979, 0.0908, 0.0319, 0.0541, 0.0222, 0.6861], [0.0806, 0.0473, 0.071, 0.0343, 0.0621, 0.0496, 0.655], [0.0223, 0.026, 0.0517, 0.0552, 0.0461, 0.0737, 0.725], [0.0625, 0.0406, 0.0391, 0.0717, 0.0521, 0.059, 0.675], [0.0322, 0.0274, 0.0142, 0.0449, 0.092, 0.0663, 0.723], [0.0773, 0.0522, 0.0458, 0.0157, 0.0477, 0.0896, 0.6717], [0.0933, 0.0205, 0.0201, 0.0742, 0.019, 0.075, 0.6979], [0.0578, 0.0857, 0.0567, 0.0418, 0.0309, 0.0726, 0.6545], [0.0526, 0.0751, 0.065, 0.0441, 0.0514, 0.0188, 0.6931], [0.0178, 0.0701, 0.0172, 0.0372, 0.0581, 0.0492, 0.7503], [0.0455, 0.0807, 0.0728, 0.0534, 0.039, 0.0425, 0.6661], [0.0179, 0.0883, 0.0325, 0.0283, 0.0292, 0.0619, 0.742], [0.0281, 0.0763, 0.0943, 0.0554, 0.0879, 0.0395, 0.6185], [0.0712, 0.0689, 0.0417, 0.0466, 0.0711, 0.0621, 0.6385], [0.036, 0.0704, 0.0579, 0.0843, 0.0572, 0.0525, 0.6418], [0.0146, 0.0741, 0.0581, 0.0689, 0.0701, 0.0322, 0.682], [0.0327, 0.0184, 0.0446, 0.0425, 0.0659, 0.0159, 0.7799], [0.0816, 0.0879, 0.032, 0.0208, 0.0457, 0.0729, 0.6591], [0.0281, 0.0392, 0.0698, 0.0701, 0.0194, 0.0481, 0.7254], [0.0266, 0.0834, 0.0206, 0.0434, 0.0491, 0.0577, 0.7191], [0.044, 0.0495, 0.0603, 0.0645, 0.0623, 0.0178, 0.7015], [0.0664, 0.0566, 0.0496, 0.0418, 0.0568, 0.0624, 0.6664], [0.0428, 0.0696, 0.0625, 0.0632, 0.0651, 0.0403, 0.6564], [0.0714, 0.0483, 0.0533, 0.0518, 0.0497, 0.0666, 0.6589], [0.0819, 0.0579, 0.0163, 0.0463, 0.0594, 0.0499, 0.6883], [0.0548, 0.0687, 0.0267, 0.0388, 0.0371, 0.0291, 0.7448], [0.0355, 0.0349, 0.0684, 0.0676, 0.037, 0.0373, 0.7193], [0.0616, 0.0601, 0.0624, 0.0141, 0.0396, 0.08, 0.682], [0.023, 0.0866, 0.0754, 0.0378, 0.0727, 0.0319, 0.6726], [0.02, 0.0773, 0.0764, 0.0711, 0.0702, 0.0477, 0.6372], [0.0395, 0.047, 0.0476, 0.0351, 0.0584, 0.0542, 0.7182], [0.0505, 0.065, 0.0113, 0.0652, 0.0263, 0.051, 0.7307], [0.0718, 0.0611, 0.0519, 0.0286, 0.0377, 0.0648, 0.6841], [0.0275, 0.0731, 0.0258, 0.0622, 0.0358, 0.015, 0.7606], [0.0431, 0.051, 0.0485, 0.0151, 0.0725, 0.0838, 0.6859], [0.0606, 0.0348, 0.042, 0.0217, 0.0674, 0.0255, 0.748], [0.0224, 0.0232, 0.0538, 0.0686, 0.0652, 0.038, 0.7288], [0.0458, 0.0673, 0.0939, 0.047, 0.0444, 0.0432, 0.6584], [0.0819, 0.0396, 0.0682, 0.0684, 0.0546, 0.0823, 0.605], [0.0751, 0.0537, 0.0815, 0.0278, 0.0136, 0.0744, 0.6741], [0.0285, 0.0381, 0.0507, 0.0692, 0.0909, 0.0893, 0.6334], [0.0619, 0.0695, 0.0389, 0.0551, 0.0531, 0.0357, 0.6857], [0.0415, 0.0325, 0.0521, 0.0433, 0.0143, 0.0394, 0.7769], [0.0403, 0.0754, 0.0233, 0.0591, 0.0479, 0.0773, 0.6768], [0.0601, 0.0165, 0.0276, 0.0589, 0.0573, 0.031, 0.7487], [0.0611, 0.0701, 0.049, 0.0557, 0.0845, 0.0561, 0.6236], [0.0432, 0.0725, 0.0449, 0.0638, 0.0391, 0.0222, 0.7143], [0.0557, 0.0617, 0.0126, 0.0478, 0.0662, 0.0614, 0.6947], [0.0597, 0.0566, 0.031, 0.0508, 0.0762, 0.0341, 0.6915], [0.0221, 0.0369, 0.0572, 0.0505, 0.0214, 0.0688, 0.7431], [0.0439, 0.0159, 0.0146, 0.0197, 0.0918, 0.0439, 0.7703], [0.054, 0.0654, 0.076, 0.0589, 0.0575, 0.0543, 0.6338], [0.0299, 0.0415, 0.0626, 0.0393, 0.0484, 0.0577, 0.7207], [0.022, 0.0179, 0.0518, 0.073, 0.0644, 0.0784, 0.6926], [0.0343, 0.0522, 0.016, 0.0427, 0.085, 0.0611, 0.7087], [0.068, 0.0655, 0.0453, 0.0272, 0.0681, 0.0804, 0.6455]], "emotions": ["purple", "purple", "purple", "purple", "purple", "purple", "purple", "purple", "purple", "purple", "purple", "purple", "purple", "purple", "purple", "purple", "purple", "purple", "purple", "purple", "purple", "purple", "purple", "purple", "purple", "purple", "purple", "purple", "purple", "purple", "purple", "purple", "purple", "purple", "purple", "purple", "purple", "purple", "purple", "purple", "purple", "purple", "purple", "purple", "purple", "purple", "purple", "purple", "purple", "purple", "purple", "purple", "purple", "purple", "purple", "purple", "purple", "purple", "purple", "purple", "purple", "purple", "purple", "purple", "purple", "purple", "purple", "purple", "purple", "purple", "purple", "purple", "purple", "purple", "purple", "purple", "purple", "purple", "purple", "purple"], "timestamps": [0, 40, 80, 120, 160, 200, 240, 280, 320, 360, 400, 440, 480, 520, 560, 600, 640, 680, 720, 760, 800, 840, 880, 920, 960, 1000, 1040, 1080, 1120, 1160, 1200, 1240, 1280, 1320, 1360, 1400, 1440, 1480, 1520, 1560, 1600, 1640, 1680, 1720, 1760, 1800, 1840, 1880, 1920, 1960, 2000, 2040, 2080, 2120, 2160, 2200, 2240, 2280, 2320, 2360, 2400, 2440, 2480, 2520, 2560, 2600, 2640, 2680, 2720, 2760, 2800, 2840, 2880, 2920, 2960, 3000, 3040, 3080, 3120, 3160]}], "conversation": [], "conversation_timestamps": []}