{"agent_id": "agent-green-1482", "type": "green", "trips": [{"trip_id": 0, "transport_method": "car", "start_time": 0, "path": [[1.5319996, 42.5076017], [1.5329296, 42.5083663], [1.5341073, 42.5086937], [1.5339417, 42.5096631], [1.5331579, 42.5106384], [1.5322809, 42.5116449], [1.5311318, 42.5123271], [1.529912, 42.5128832], [1.5286823, 42.513417], [1.5274589, 42.5139653], [1.5262661, 42.5145763], [1.5252422, 42.515433], [1.5245173, 42.5165512], [1.5241263, 42.5178273], [1.5239226, 42.5191515], [1.5236451, 42.5204539], [1.522932, 42.5215643], [1.521942, 42.5224413], [1.5213319, 42.5236138], [1.5206427, 42.5247468], [1.5205741, 42.5260846], [1.5199585, 42.5272495], [1.5205635, 42.5284042], [1.5203633, 42.529658], [1.5197875, 42.53056], [1.5195647, 42.5318271], [1.5197088, 42.5331376], [1.5197897, 42.5343283], [1.5207615, 42.5352511], [1.5209081, 42.5361442], [1.5200652, 42.5371527], [1.5195625, 42.5383938], [1.5193424, 42.5397069], [1.5193207, 42.540968], [1.518228, 42.5416381], [1.518876, 42.54137], [1.5182118, 42.5416601], [1.5173196, 42.5425992], [1.5164971, 42.5436187], [1.5155615, 42.5445728], [1.514807, 42.5456319], [1.5139376, 42.5465129], [1.5134057, 42.5477014], [1.5127367, 42.548782], [1.5118835, 42.5497035], [1.5108608, 42.5505623], [1.5098158, 42.5513803], [1.5087297, 42.5521625], [1.5089978, 42.5519577], [1.5079733, 42.5528217], [1.506999, 42.5537425], [1.5066135, 42.5549422], [1.5059173, 42.556076], [1.5050319, 42.5570736], [1.5048109, 42.558359], [1.5039483, 42.5592997], [1.5027409, 42.5597761], [1.5017031, 42.5606224], [1.500525, 42.5612382], [1.4995503, 42.5617157], [1.4982243, 42.56152], [1.4968886, 42.5614993], [1.4957645, 42.5620831], [1.4948756, 42.5630779], [1.4936743, 42.5636211], [1.4924623, 42.5641645], [1.4915548, 42.5651483], [1.490609, 42.566092], [1.4897548, 42.5671197], [1.4888461, 42.5680931], [1.4886802, 42.5685869], [1.4885172, 42.5685822], [1.4877687, 42.5696918], [1.486759, 42.5705631], [1.4870912, 42.5703791], [1.486615, 42.5707074], [1.485514, 42.5714365], [1.4843013, 42.5718932], [1.4830936, 42.5722129], [1.4826858, 42.5721264]], "mood_vectors": [[0.0234, 0.0739, 0.0446, 0.0276, 0.0597, 0.0544, 0.7163], [0.0521, 0.0658, 0.0587, 0.0477, 0.0122, 0.0287, 0.7349], [0.0181, 0.03, 0.0529, 0.0454, 0.0312, 0.0522, 0.7703], [0.0194, 0.076, 0.0286, 0.0433, 0.0683, 0.0528, 0.7115], [0.0596, 0.0139, 0.0231, 0.0444, 0.0729, 0.0568, 0.7292], [0.063, 0.0257, 0.0646, 0.019, 0.0172, 0.0628, 0.7477], [0.0219, 0.0628, 0.0723, 0.0728, 0.0736, 0.0356, 0.6609], [0.0784, 0.0706, 0.0127, 0.0678, 0.0499, 0.0671, 0.6535], [0.0675, 0.0537, 0.0293, 0.0287, 0.0548, 0.0569, 0.7092], [0.0271, 0.0354, 0.086, 0.0424, 0.02, 0.0424, 0.7468], [0.0703, 0.0644, 0.0186, 0.0239, 0.0354, 0.0119, 0.7756], [0.0755, 0.0322, 0.1049, 0.0271, 0.055, 0.031, 0.6743], [0.0214, 0.0824, 0.0293, 0.0665, 0.0914, 0.0544, 0.6546], [0.0285, 0.0339, 0.0786, 0.0567, 0.0641, 0.0397, 0.6985], [0.015, 0.0726, 0.0154, 0.0586, 0.097, 0.0596, 0.6818], [0.0305, 0.0415, 0.018, 0.0359, 0.0635, 0.0328, 0.7777], [0.0212, 0.09, 0.091, 0.0178, 0.0347, 0.061, 0.6842], [0.0553, 0.0808, 0.0196, 0.0664, 0.0703, 0.0677, 0.6399], [0.0859, 0.0508, 0.0366, 0.0306, 0.0633, 0.0742, 0.6586], [0.0904, 0.0844, 0.0421, 0.0405, 0.0548, 0.0182, 0.6695], [0.0435, 0.0232, 0.0894, 0.0192, 0.0458, 0.0184, 0.7607], [0.0556, 0.0665, 0.0695, 0.0161, 0.0725, 0.0293, 0.6906], [0.0674, 0.0446, 0.0548, 0.0585, 0.0627, 0.0692, 0.6427], [0.09, 0.0712, 0.021, 0.0452, 0.0556, 0.0291, 0.6879], [0.0765, 0.0199, 0.0282, 0.066, 0.0171, 0.0523, 0.74], [0.0199, 0.0409, 0.0602, 0.0842, 0.059, 0.013, 0.7227], [0.0422, 0.015, 0.0575, 0.0669, 0.0678, 0.0678, 0.6827], [0.0417, 0.078, 0.0153, 0.0643, 0.0573, 0.0375, 0.7059], [0.0955, 0.0961, 0.0248, 0.0353, 0.0608, 0.0392, 0.6483], [0.0355, 0.0732, 0.076, 0.0205, 0.0685, 0.0554, 0.6709], [0.0506, 0.0506, 0.0277, 0.0753, 0.0717, 0.0255, 0.6987], [0.0159, 0.0656, 0.0314, 0.025, 0.081, 0.0903, 0.6908], [0.0592, 0.077, 0.0757, 0.0437, 0.0618, 0.0209, 0.6615], [0.0379, 0.0835, 0.0198, 0.035, 0.0588, 0.054, 0.7109], [0.0721, 0.0562, 0.0904, 0.0339, 0.0741, 0.0638, 0.6095], [0.0551, 0.0318, 0.0687, 0.0277, 0.0617, 0.035, 0.7198], [0.0597, 0.0405, 0.0767, 0.0341, 0.0731, 0.0556, 0.6604], [0.0705, 0.0407, 0.0628, 0.058, 0.0162, 0.0767, 0.675], [0.0578, 0.0765, 0.0468, 0.0147, 0.0767, 0.0475, 0.6801], [0.0415, 0.0594, 0.0768, 0.063, 0.0305, 0.0871, 0.6416], [0.054, 0.0555, 0.0444, 0.022, 0.026, 0.0279, 0.77], [0.0482, 0.09, 0.046, 0.0552, 0.0399, 0.0185, 0.7023], [0.0448, 0.0504, 0.057, 0.0412, 0.0701, 0.091, 0.6456], [0.0902, 0.0361, 0.046, 0.0318, 0.0893, 0.028, 0.6786], [0.0199, 0.0238, 0.0395, 0.0258, 0.0418, 0.0232, 0.826], [0.0558, 0.0391, 0.0192, 0.0556, 0.0117, 0.076, 0.7426], [0.0168, 0.0873, 0.0435, 0.032, 0.0263, 0.063, 0.7311], [0.0457, 0.0205, 0.0428, 0.0358, 0.0594, 0.043, 0.7528], [0.0274, 0.0173, 0.0871, 0.0206, 0.0157, 0.0355, 0.7964], [0.0684, 0.056, 0.0525, 0.0425, 0.0646, 0.0299, 0.6861], [0.0447, 0.0718, 0.0889, 0.013, 0.0201, 0.055, 0.7066], [0.0708, 0.0703, 0.0432, 0.0311, 0.0448, 0.0548, 0.685], [0.0301, 0.0244, 0.0246, 0.0615, 0.0924, 0.0816, 0.6854], [0.0778, 0.0327, 0.0287, 0.0322, 0.0602, 0.07, 0.6984], [0.0153, 0.0249, 0.0781, 0.0332, 0.0384, 0.0485, 0.7616], [0.0484, 0.0648, 0.0678, 0.0442, 0.0579, 0.0609, 0.6559], [0.0853, 0.0572, 0.0859, 0.07, 0.0446, 0.0652, 0.5918], [0.0668, 0.0317, 0.0454, 0.0692, 0.0576, 0.0477, 0.6816], [0.0338, 0.0227, 0.0847, 0.0792, 0.0588, 0.0262, 0.6946], [0.0357, 0.0327, 0.0659, 0.0281, 0.0536, 0.0999, 0.684], [0.0362, 0.0675, 0.0302, 0.0805, 0.0361, 0.0145, 0.735], [0.0624, 0.016, 0.06, 0.0654, 0.0556, 0.0638, 0.6769], [0.0243, 0.0444, 0.05, 0.0159, 0.0734, 0.0727, 0.7193], [0.0832, 0.0223, 0.0373, 0.0416, 0.0384, 0.0253, 0.752], [0.06, 0.0552, 0.0233, 0.0754, 0.0151, 0.0442, 0.7269], [0.0384, 0.0384, 0.0419, 0.0755, 0.0562, 0.0902, 0.6595], [0.062, 0.0542, 0.0217, 0.064, 0.0276, 0.0695, 0.7009], [0.0414, 0.0615, 0.0547, 0.0657, 0.0444, 0.0841, 0.6482], [0.0832, 0.0589, 0.043, 0.0237, 0.0764, 0.056, 0.6588], [0.0315, 0.0124, 0.0163, 0.056, 0.0521, 0.0639, 0.7678], [0.0208, 0.0445, 0.0598, 0.087, 0.0269, 0.0635, 0.6976], [0.081, 0.0544, 0.0287, 0.0716, 0.0805, 0.0679, 0.616], [0.0764, 0.0581, 0.028, 0.0348, 0.0373, 0.0389, 0.7266], [0.0319, 0.0714, 0.0621, 0.0386, 0.032, 0.0538, 0.7102], [0.0684, 0.054, 0.0149, 0.027, 0.0437, 0.0656, 0.7263], [0.0489, 0.0171, 0.0485, 0.0258, 0.0345, 0.0427, 0.7824], [0.0575, 0.044, 0.0891, 0.0658, 0.0395, 0.0318, 0.6722], [0.066, 0.0478, 0.024, 0.0868, 0.0806, 0.0493, 0.6454], [0.0635, 0.0473, 0.0357, 0.0532, 0.0363, 0.0729, 0.6912], [0.019, 0.0669, 0.0449, 0.0371, 0.0722, 0.0352, 0.7248]], "emotions": ["purple", "purple", "purple", "purple", "purple", "purple", "purple", "purple", "purple", "purple", "purple", "purple", "purple", "purple", "purple", "purple", "purple", "purple", "purple", "purple", "purple", "purple", "purple", "purple", "purple", "purple", "purple", "purple", "purple", "purple", "purple", "purple", "purple", "purple", "purple", "purple", "purple", "purple", "purple", "purple", "purple", "purple", "purple", "purple", "purple", "purple", "purple", "purple", "purple", "purple", "purple", "purple", "purple", "purple", "purple", "purple", "purple", "purple", "purple", "purple", "purple", "purple", "purple", "purple", "purple", "purple", "purple", "purple", "purple", "purple", "purple", "purple", "purple", "purple", "purple", "purple", "purple", "purple", "purple", "purple"], "timestamps": [0, 40, 80, 120, 160, 200, 240, 280, 320, 360, 400, 440, 480, 520, 560, 600, 640, 680, 720, 760, 800, 840, 880, 920, 960, 1000, 1040, 1080, 1120, 1160, 1200, 1240, 1280, 1320, 1360, 1400, 1440, 1480, 1520, 1560, 1600, 1640, 1680, 1720, 1760, 1800, 1840, 1880, 1920, 1960, 2000, 2040, 2080, 2120, 2160, 2200, 2240, 2280, 2320, 2360, 2400, 2440, 2480, 2520, 2560, 2600, 2640, 2680, 2720, 2760, 2800, 2840, 2880, 2920, 2960, 3000, 3040, 3080, 3120, 3160]}], "conversation": [], "conversation_timestamps": []}