{"agent_id": "agent-red-896", "type": "red", "trips": [{"trip_id": 0, "transport_method": "car", "start_time": 0, "path": [[1.5224862, 42.5328064], [1.522283, 42.5324716], [1.5219313, 42.5329045], [1.5214652, 42.5330912], [1.5213494, 42.532741], [1.5211728, 42.5322109], [1.5208926, 42.5317059], [1.5210644, 42.5311734], [1.521343, 42.5307001], [1.5213183, 42.530249], [1.5216608, 42.5298112], [1.5219981, 42.5293712], [1.5215666, 42.5290629], [1.5212572, 42.5285988], [1.5210369, 42.5281092], [1.5207745, 42.5276045], [1.5206526, 42.5270924], [1.5206995, 42.5265162], [1.5207464, 42.52594], [1.520786, 42.5257628], [1.5206999, 42.5263239], [1.5206221, 42.5268718], [1.5206158, 42.5274404], [1.5206572, 42.5269018], [1.520693, 42.5263247], [1.5207288, 42.5257477], [1.5207256, 42.525173], [1.5206765, 42.5246165], [1.5209426, 42.5241056], [1.521299, 42.5236509], [1.5216571, 42.5231987], [1.5218483, 42.5226552], [1.5221375, 42.5221591], [1.5225862, 42.5217987], [1.5230579, 42.521466], [1.5234015, 42.5210057], [1.5236804, 42.5204993], [1.5239113, 42.5199728], [1.5240274, 42.5194081], [1.524462, 42.5190351], [1.5249246, 42.5186883], [1.5253819, 42.5183346], [1.5258162, 42.5179536], [1.5262747, 42.5176063], [1.52681, 42.5173882], [1.5273387, 42.5171543], [1.5278622, 42.5169092], [1.5283511, 42.5166221], [1.5288734, 42.5167163], [1.5293887, 42.5164642], [1.5298749, 42.5161516], [1.5303787, 42.515892], [1.5308422, 42.5155527], [1.5313191, 42.51523], [1.5317611, 42.5148576], [1.5321496, 42.5144309], [1.5326246, 42.5141099], [1.5331517, 42.5138815], [1.533707, 42.5137259], [1.5341068, 42.5133638], [1.534016, 42.5135769], [1.5344165, 42.51316], [1.5349306, 42.5129051], [1.5354839, 42.5127481], [1.5360167, 42.5125725], [1.5365479, 42.512349], [1.5370159, 42.5120208], [1.5375296, 42.5117784], [1.5380493, 42.5115327], [1.5385164, 42.5112286], [1.5389317, 42.5108264], [1.5391012, 42.5103233], [1.5395738, 42.5100506], [1.5400686, 42.5097642], [1.5405767, 42.5095075], [1.5410526, 42.5092225], [1.5416201, 42.5091188], [1.5418838, 42.5086895], [1.5419501, 42.5081875], [1.5414609, 42.5078947]], "mood_vectors": [[0.7223, 0.0495, 0.0371, 0.026, 0.0284, 0.0864, 0.0503], [0.6275, 0.0497, 0.0447, 0.0281, 0.0824, 0.0919, 0.0758], [0.7469, 0.0517, 0.0166, 0.0456, 0.0491, 0.0285, 0.0616], [0.6627, 0.0817, 0.0506, 0.0566, 0.0295, 0.0865, 0.0324], [0.7403, 0.0383, 0.0468, 0.0794, 0.0213, 0.0126, 0.0612], [0.735, 0.0175, 0.0407, 0.0751, 0.0314, 0.0263, 0.0741], [0.7591, 0.0197, 0.0425, 0.0123, 0.0731, 0.0464, 0.0469], [0.7335, 0.0407, 0.0388, 0.0397, 0.0488, 0.041, 0.0574], [0.6174, 0.0336, 0.0853, 0.0789, 0.0506, 0.0772, 0.057], [0.7019, 0.0333, 0.0552, 0.0656, 0.0686, 0.015, 0.0605], [0.7145, 0.0146, 0.042, 0.0263, 0.0832, 0.0572, 0.0623], [0.7596, 0.0378, 0.0384, 0.0392, 0.0378, 0.0195, 0.0677], [0.7427, 0.0502, 0.0139, 0.0608, 0.0652, 0.0353, 0.0319], [0.6842, 0.035, 0.0656, 0.0514, 0.0488, 0.0403, 0.0748], [0.7054, 0.0652, 0.0637, 0.026, 0.0398, 0.0323, 0.0676], [0.6068, 0.0874, 0.0833, 0.079, 0.0416, 0.0275, 0.0743], [0.6182, 0.0476, 0.0202, 0.0635, 0.0884, 0.0891, 0.0729], [0.7043, 0.0756, 0.0895, 0.0387, 0.0241, 0.0309, 0.0368], [0.6577, 0.0607, 0.0803, 0.0835, 0.019, 0.0673, 0.0314], [0.7233, 0.0769, 0.0748, 0.0641, 0.0228, 0.0163, 0.0219], [0.7368, 0.0513, 0.0347, 0.0469, 0.0652, 0.05, 0.0151], [0.6955, 0.0374, 0.0709, 0.0465, 0.0569, 0.0654, 0.0274], [0.648, 0.0752, 0.0486, 0.0327, 0.048, 0.0726, 0.0749], [0.6833, 0.0498, 0.0513, 0.0596, 0.0809, 0.0389, 0.0362], [0.7113, 0.0642, 0.048, 0.0635, 0.015, 0.0559, 0.0422], [0.6732, 0.0523, 0.0642, 0.0478, 0.0614, 0.0758, 0.0253], [0.6821, 0.0561, 0.0627, 0.0484, 0.0624, 0.0641, 0.0242], [0.6704, 0.0388, 0.0848, 0.0707, 0.0206, 0.0566, 0.0581], [0.6881, 0.0503, 0.0307, 0.0358, 0.06, 0.0597, 0.0755], [0.7801, 0.0489, 0.0455, 0.0178, 0.0315, 0.0526, 0.0236], [0.6586, 0.0581, 0.0782, 0.0527, 0.0571, 0.0537, 0.0417], [0.6389, 0.0703, 0.0761, 0.0412, 0.0714, 0.0548, 0.0472], [0.742, 0.0246, 0.038, 0.0569, 0.0452, 0.0317, 0.0617], [0.6802, 0.0696, 0.0512, 0.0395, 0.0725, 0.0309, 0.056], [0.6515, 0.0419, 0.0653, 0.0824, 0.0576, 0.0823, 0.0189], [0.7045, 0.0706, 0.056, 0.0318, 0.021, 0.0535, 0.0626], [0.7133, 0.027, 0.0499, 0.0792, 0.0655, 0.05, 0.0151], [0.8079, 0.0212, 0.0282, 0.0271, 0.0294, 0.0332, 0.053], [0.6749, 0.0724, 0.0428, 0.0761, 0.0777, 0.0288, 0.0273], [0.6562, 0.0681, 0.0763, 0.0897, 0.0405, 0.054, 0.0151], [0.7225, 0.0539, 0.0528, 0.0464, 0.0562, 0.0154, 0.0527], [0.7362, 0.0142, 0.0216, 0.0681, 0.0416, 0.0544, 0.0638], [0.7593, 0.0171, 0.0595, 0.032, 0.0308, 0.0746, 0.0266], [0.674, 0.0859, 0.0231, 0.0611, 0.0818, 0.0528, 0.0212], [0.7299, 0.0325, 0.0176, 0.064, 0.0293, 0.0869, 0.0398], [0.6383, 0.0651, 0.0629, 0.064, 0.0498, 0.0728, 0.0471], [0.6707, 0.068, 0.0311, 0.0823, 0.044, 0.0691, 0.0348], [0.6611, 0.0428, 0.0616, 0.0448, 0.0638, 0.0632, 0.0627], [0.6799, 0.0727, 0.0351, 0.0721, 0.037, 0.0595, 0.0435], [0.6598, 0.0779, 0.0497, 0.0622, 0.0205, 0.0472, 0.0826], [0.7085, 0.0257, 0.0629, 0.0568, 0.0508, 0.0526, 0.0427], [0.6171, 0.0444, 0.0809, 0.0669, 0.0567, 0.0641, 0.0699], [0.6979, 0.0523, 0.0473, 0.0545, 0.062, 0.0482, 0.0377], [0.6794, 0.0449, 0.0459, 0.0515, 0.0745, 0.0559, 0.0477], [0.7622, 0.0629, 0.0156, 0.0172, 0.0197, 0.0215, 0.1009], [0.7188, 0.0193, 0.0432, 0.0721, 0.0498, 0.0495, 0.0473], [0.7141, 0.0445, 0.0339, 0.031, 0.0973, 0.046, 0.0331], [0.6768, 0.021, 0.0614, 0.0501, 0.0664, 0.0778, 0.0465], [0.7847, 0.0118, 0.0287, 0.0453, 0.0721, 0.0377, 0.0198], [0.7881, 0.0234, 0.033, 0.0444, 0.0226, 0.0655, 0.0232], [0.6706, 0.0378, 0.0424, 0.089, 0.068, 0.0416, 0.0506], [0.724, 0.0631, 0.0336, 0.0699, 0.0625, 0.0286, 0.0184], [0.7455, 0.069, 0.0796, 0.0501, 0.0183, 0.0224, 0.0151], [0.727, 0.0543, 0.068, 0.0302, 0.0324, 0.0307, 0.0574], [0.7193, 0.0841, 0.0664, 0.0148, 0.0171, 0.0722, 0.0262], [0.6492, 0.0239, 0.0893, 0.0199, 0.0513, 0.0839, 0.0824], [0.7133, 0.0201, 0.039, 0.0644, 0.044, 0.0683, 0.0509], [0.7597, 0.0161, 0.0427, 0.076, 0.0153, 0.0746, 0.0155], [0.7398, 0.0453, 0.0934, 0.0393, 0.0234, 0.0391, 0.0198], [0.6701, 0.083, 0.0492, 0.0646, 0.0409, 0.0231, 0.0691], [0.7423, 0.0303, 0.0242, 0.026, 0.0472, 0.063, 0.067], [0.7184, 0.0342, 0.0395, 0.0401, 0.0472, 0.081, 0.0395], [0.7259, 0.0364, 0.0757, 0.0602, 0.0729, 0.0132, 0.0157], [0.7381, 0.0474, 0.0641, 0.0261, 0.0328, 0.0325, 0.059], [0.7142, 0.066, 0.0557, 0.0657, 0.0326, 0.0114, 0.0544], [0.7234, 0.0569, 0.0225, 0.0364, 0.0429, 0.036, 0.0819], [0.7468, 0.046, 0.0312, 0.0144, 0.0294, 0.0446, 0.0876], [0.6459, 0.0785, 0.0187, 0.0756, 0.0553, 0.0687, 0.0573], [0.6064, 0.053, 0.071, 0.0665, 0.0657, 0.066, 0.0714], [0.706, 0.0293, 0.0806, 0.0419, 0.048, 0.0216, 0.0726]], "emotions": ["red", "red", "red", "red", "red", "red", "red", "red", "red", "red", "red", "red", "red", "red", "red", "red", "red", "red", "red", "red", "red", "red", "red", "red", "red", "red", "red", "red", "red", "red", "red", "red", "red", "red", "red", "red", "red", "red", "red", "red", "red", "red", "red", "red", "red", "red", "red", "red", "red", "red", "red", "red", "red", "red", "red", "red", "red", "red", "red", "red", "red", "red", "red", "red", "red", "red", "red", "red", "red", "red", "red", "red", "red", "red", "red", "red", "red", "red", "red", "red"], "timestamps": [0, 40, 80, 120, 160, 200, 240, 280, 320, 360, 400, 440, 480, 520, 560, 600, 640, 680, 720, 760, 800, 840, 880, 920, 960, 1000, 1040, 1080, 1120, 1160, 1200, 1240, 1280, 1320, 1360, 1400, 1440, 1480, 1520, 1560, 1600, 1640, 1680, 1720, 1760, 1800, 1840, 1880, 1920, 1960, 2000, 2040, 2080, 2120, 2160, 2200, 2240, 2280, 2320, 2360, 2400, 2440, 2480, 2520, 2560, 2600, 2640, 2680, 2720, 2760, 2800, 2840, 2880, 2920, 2960, 3000, 3040, 3080, 3120, 3160]}], "conversation": [], "conversation_timestamps": []}