{"agent_id": "agent-blue-50", "type": "blue", "trips": [{"trip_id": 0, "transport_method": "foot", "start_time": 0, "path": [[1.5385826, 42.5126504], [1.5382128, 42.5126973], [1.5378424, 42.5127385], [1.5374776, 42.5128071], [1.5371176, 42.5129037], [1.5367546, 42.5129858], [1.5364, 42.5130995], [1.5360598, 42.513015], [1.5359296, 42.5127012], [1.5356952, 42.5124213], [1.5354937, 42.5121493], [1.5354934, 42.51251], [1.5356976, 42.5126498], [1.5357486, 42.5125743], [1.5354601, 42.5123382], [1.5351717, 42.512102], [1.5348833, 42.5118659], [1.5345949, 42.5116298], [1.5343059, 42.5113944], [1.5339862, 42.5112503], [1.53376, 42.510955], [1.5334966, 42.5106933], [1.5331877, 42.5104875], [1.5328637, 42.5103072], [1.532566, 42.5100829], [1.5322684, 42.5098585], [1.5319125, 42.50979], [1.5315614, 42.5096649], [1.5312135, 42.5095312], [1.5308644, 42.5094004], [1.5305126, 42.5093587], [1.53016, 42.5092381], [1.5298065, 42.5091202], [1.5294496, 42.5090126], [1.5291042, 42.5088959], [1.5288619, 42.5087754], [1.528567, 42.5085791], [1.5282672, 42.5083587], [1.5279678, 42.5081409], [1.5278279, 42.5078302], [1.527577, 42.507561], [1.5273413, 42.5072896], [1.5269706, 42.5072557], [1.5266003, 42.5072276], [1.5262287, 42.5071989], [1.5258586, 42.5071561], [1.5254895, 42.5071037], [1.5251228, 42.5070437], [1.5247875, 42.5068809], [1.5244217, 42.506884], [1.5240559, 42.5068517], [1.5236953, 42.5067572], [1.5233342, 42.5066651], [1.5229672, 42.5066003], [1.5226057, 42.5065122], [1.5222491, 42.5064036], [1.5218925, 42.506295], [1.5215401, 42.506174], [1.5211906, 42.5060445], [1.520841, 42.5059151], [1.5210641, 42.5059938], [1.521413, 42.506125], [1.5217322, 42.5062458], [1.5213787, 42.5061276], [1.5210252, 42.5060094], [1.5206717, 42.5058912], [1.5203144, 42.5057864], [1.5199517, 42.5057003], [1.5195891, 42.505614], [1.5192262, 42.5055288], [1.5188574, 42.505476], [1.5184864, 42.5054403], [1.5181151, 42.5054072], [1.518321, 42.505417], [1.5181194, 42.5054103], [1.5177478, 42.5053814], [1.5173762, 42.5053526], [1.5170045, 42.5053238], [1.5172897, 42.5054027], [1.5176394, 42.5053555]], "mood_vectors": [[0.0649, 0.0618, 0.0553, 0.6883, 0.0595, 0.0353, 0.0349], [0.0163, 0.0126, 0.0462, 0.7777, 0.0597, 0.0481, 0.0394], [0.0567, 0.0743, 0.0366, 0.6269, 0.0588, 0.0615, 0.0852], [0.0479, 0.0508, 0.0544, 0.7311, 0.0272, 0.0221, 0.0665], [0.0362, 0.0548, 0.0176, 0.7888, 0.0312, 0.0328, 0.0386], [0.0231, 0.0377, 0.0351, 0.704, 0.0691, 0.0696, 0.0614], [0.055, 0.0365, 0.0186, 0.7182, 0.0583, 0.0368, 0.0767], [0.0743, 0.0132, 0.0396, 0.7563, 0.0188, 0.0272, 0.0705], [0.0294, 0.0686, 0.067, 0.661, 0.0759, 0.067, 0.0311], [0.0502, 0.0824, 0.0234, 0.6936, 0.0228, 0.0782, 0.0495], [0.0688, 0.0729, 0.0792, 0.6148, 0.0257, 0.0791, 0.0595], [0.066, 0.0185, 0.0454, 0.6653, 0.0701, 0.0692, 0.0654], [0.0478, 0.0257, 0.0721, 0.7004, 0.0396, 0.0551, 0.0594], [0.0749, 0.0192, 0.0715, 0.7247, 0.0323, 0.05, 0.0275], [0.068, 0.0247, 0.0163, 0.7187, 0.072, 0.0261, 0.0742], [0.0742, 0.0428, 0.021, 0.7099, 0.0628, 0.0574, 0.032], [0.0845, 0.0672, 0.0154, 0.6468, 0.0876, 0.021, 0.0775], [0.0581, 0.071, 0.0536, 0.7526, 0.0203, 0.021, 0.0233], [0.0206, 0.0357, 0.0605, 0.7708, 0.0257, 0.0365, 0.0502], [0.0535, 0.0522, 0.0603, 0.7357, 0.0262, 0.0172, 0.0548], [0.0825, 0.0818, 0.0302, 0.7238, 0.015, 0.0284, 0.0383], [0.041, 0.0401, 0.0509, 0.7577, 0.0624, 0.0251, 0.0228], [0.0733, 0.0122, 0.013, 0.8072, 0.0265, 0.0291, 0.0387], [0.0452, 0.0342, 0.0156, 0.7374, 0.0831, 0.0228, 0.0617], [0.0494, 0.0339, 0.0596, 0.7206, 0.0408, 0.0533, 0.0424], [0.0173, 0.0491, 0.0663, 0.7148, 0.0517, 0.0534, 0.0473], [0.071, 0.0434, 0.0413, 0.6694, 0.0759, 0.0721, 0.0269], [0.0598, 0.0215, 0.0276, 0.7299, 0.0508, 0.0538, 0.0567], [0.0842, 0.0182, 0.0587, 0.7392, 0.0385, 0.0247, 0.0366], [0.0504, 0.0828, 0.0736, 0.6106, 0.0682, 0.047, 0.0673], [0.049, 0.0741, 0.0137, 0.7384, 0.0518, 0.0396, 0.0333], [0.0269, 0.0519, 0.0178, 0.7455, 0.063, 0.0439, 0.051], [0.023, 0.0971, 0.0678, 0.6945, 0.0471, 0.0259, 0.0446], [0.0348, 0.0264, 0.0296, 0.8063, 0.0183, 0.0538, 0.0308], [0.0314, 0.0383, 0.0467, 0.791, 0.0244, 0.0176, 0.0506], [0.0685, 0.0267, 0.0532, 0.7192, 0.0163, 0.0778, 0.0385], [0.054, 0.0563, 0.0513, 0.6716, 0.0673, 0.062, 0.0376], [0.0439, 0.0489, 0.0373, 0.6847, 0.073, 0.067, 0.0453], [0.0839, 0.0254, 0.0677, 0.5901, 0.0876, 0.0741, 0.0713], [0.0157, 0.0724, 0.0647, 0.6814, 0.034, 0.0716, 0.0601], [0.0793, 0.0805, 0.0662, 0.6539, 0.019, 0.0426, 0.0583], [0.013, 0.0795, 0.0187, 0.6747, 0.0801, 0.0825, 0.0514], [0.0167, 0.0393, 0.0751, 0.7343, 0.0403, 0.0629, 0.0314], [0.0476, 0.0618, 0.0523, 0.6689, 0.0178, 0.0696, 0.0821], [0.053, 0.0151, 0.0342, 0.6776, 0.079, 0.072, 0.0692], [0.0632, 0.0432, 0.0207, 0.7016, 0.0567, 0.0644, 0.0503], [0.0509, 0.083, 0.0602, 0.6844, 0.0178, 0.0298, 0.0739], [0.0786, 0.0474, 0.0187, 0.6806, 0.0552, 0.0729, 0.0465], [0.0219, 0.0404, 0.0525, 0.7789, 0.0134, 0.0724, 0.0204], [0.0739, 0.0197, 0.0592, 0.7593, 0.0397, 0.0264, 0.0218], [0.0365, 0.038, 0.0374, 0.7711, 0.0203, 0.0439, 0.053], [0.0514, 0.0151, 0.0351, 0.7381, 0.0502, 0.0292, 0.0809], [0.0401, 0.0622, 0.0339, 0.6876, 0.0703, 0.0695, 0.0364], [0.045, 0.0974, 0.0784, 0.6839, 0.0224, 0.047, 0.0258], [0.0617, 0.0884, 0.0157, 0.7029, 0.0444, 0.0533, 0.0337], [0.0651, 0.019, 0.0173, 0.7281, 0.0298, 0.0993, 0.0413], [0.0685, 0.0632, 0.0401, 0.6745, 0.0273, 0.0612, 0.0653], [0.0587, 0.0339, 0.0415, 0.7123, 0.0405, 0.0794, 0.0337], [0.0526, 0.0555, 0.0311, 0.743, 0.0684, 0.018, 0.0315], [0.0333, 0.0419, 0.0651, 0.7408, 0.0486, 0.0222, 0.0482], [0.0697, 0.02, 0.0241, 0.6886, 0.0658, 0.0898, 0.0421], [0.088, 0.0274, 0.0468, 0.7346, 0.0361, 0.0469, 0.0203], [0.0583, 0.0767, 0.0349, 0.7557, 0.0471, 0.0137, 0.0136], [0.0339, 0.0731, 0.0621, 0.6482, 0.0529, 0.0738, 0.056], [0.0306, 0.0344, 0.0773, 0.7352, 0.0241, 0.0281, 0.0703], [0.0531, 0.034, 0.0766, 0.6797, 0.0452, 0.0779, 0.0334], [0.0394, 0.0192, 0.0527, 0.7415, 0.0612, 0.0594, 0.0265], [0.0491, 0.092, 0.0684, 0.6651, 0.0434, 0.0306, 0.0514], [0.0859, 0.095, 0.0423, 0.645, 0.0373, 0.0792, 0.0153], [0.0196, 0.0716, 0.0286, 0.7039, 0.0698, 0.0286, 0.0779], [0.0608, 0.0166, 0.0729, 0.6179, 0.079, 0.0617, 0.0911], [0.0643, 0.058, 0.0405, 0.7126, 0.0198, 0.0713, 0.0336], [0.0908, 0.0825, 0.0438, 0.6806, 0.053, 0.0211, 0.0282], [0.0597, 0.0551, 0.0689, 0.6919, 0.0279, 0.0506, 0.046], [0.0396, 0.0404, 0.0299, 0.7237, 0.0488, 0.0794, 0.0381], [0.0709, 0.0528, 0.03, 0.7074, 0.0299, 0.0761, 0.0329], [0.0876, 0.0724, 0.0429, 0.6674, 0.0556, 0.0233, 0.0507], [0.0206, 0.0654, 0.0339, 0.7286, 0.0616, 0.0232, 0.0668], [0.021, 0.0219, 0.0596, 0.7945, 0.023, 0.0537, 0.0263], [0.082, 0.0487, 0.0204, 0.637, 0.0745, 0.0666, 0.0708]], "emotions": ["green", "green", "green", "green", "green", "green", "green", "green", "green", "green", "green", "green", "green", "green", "green", "green", "green", "green", "green", "green", "green", "green", "green", "green", "green", "green", "green", "green", "green", "green", "green", "green", "green", "green", "green", "green", "green", "green", "green", "green", "green", "green", "green", "green", "green", "green", "green", "green", "green", "green", "green", "green", "green", "green", "green", "green", "green", "green", "green", "green", "green", "green", "green", "green", "green", "green", "green", "green", "green", "green", "green", "green", "green", "green", "green", "green", "green", "green", "green", "green"], "timestamps": [0, 40, 80, 120, 160, 200, 240, 280, 320, 360, 400, 440, 480, 520, 560, 600, 640, 680, 720, 760, 800, 840, 880, 920, 960, 1000, 1040, 1080, 1120, 1160, 1200, 1240, 1280, 1320, 1360, 1400, 1440, 1480, 1520, 1560, 1600, 1640, 1680, 1720, 1760, 1800, 1840, 1880, 1920, 1960, 2000, 2040, 2080, 2120, 2160, 2200, 2240, 2280, 2320, 2360, 2400, 2440, 2480, 2520, 2560, 2600, 2640, 2680, 2720, 2760, 2800, 2840, 2880, 2920, 2960, 3000, 3040, 3080, 3120, 3160]}], "conversation": [], "conversation_timestamps": []}