{"agent_id": "agent-blue-865", "type": "blue", "trips": [{"trip_id": 0, "transport_method": "bus", "start_time": 0, "path": [[1.5294386, 42.5063792], [1.53035, 42.5066953], [1.5312195, 42.5065387], [1.5321152, 42.5067335], [1.5322234, 42.5066679], [1.5328499, 42.5067262], [1.5338013, 42.5069231], [1.534606, 42.5073481], [1.5355222, 42.5076702], [1.5364957, 42.5077548], [1.5374327, 42.5079544], [1.538378, 42.5081575], [1.5393413, 42.5082602], [1.5400976, 42.5085984], [1.5410695, 42.5087167], [1.54203, 42.5088862], [1.5422439, 42.508898], [1.5432179, 42.5089849], [1.5441454, 42.5092775], [1.5451201, 42.5093424], [1.5460457, 42.5096324], [1.5454038, 42.509374], [1.5462906, 42.509787], [1.5463425, 42.5105309], [1.5470404, 42.5111504], [1.5479872, 42.5113995], [1.5489398, 42.5116256], [1.5496666, 42.5118288], [1.5502611, 42.5120757], [1.5501952, 42.5120586], [1.5510175, 42.5125715], [1.5514601, 42.5129861], [1.5511779, 42.5126887], [1.5519726, 42.513255], [1.5525544, 42.5136289], [1.5527267, 42.5141478], [1.5528682, 42.5150914], [1.553387, 42.5159137], [1.553722, 42.5168282], [1.5543582, 42.517564], [1.555178, 42.5180833], [1.5560035, 42.518474], [1.5566434, 42.5192082], [1.5572577, 42.5199106], [1.5579455, 42.5206072], [1.5586644, 42.5212716], [1.5594312, 42.5218762], [1.5594358, 42.5218568], [1.5600333, 42.5223569], [1.5608873, 42.5228232], [1.5616722, 42.5234072], [1.5623242, 42.5241338], [1.5631164, 42.5246811], [1.5640203, 42.5250331], [1.5649391, 42.525297], [1.5658475, 42.5256591], [1.5666733, 42.5261788], [1.5674437, 42.526783], [1.5682835, 42.5272773], [1.5690972, 42.5278055], [1.5699434, 42.5282918], [1.5707614, 42.5288297], [1.5715018, 42.5293282], [1.5724277, 42.529348], [1.5731154, 42.5296773], [1.5736368, 42.530497], [1.5744168, 42.5310785], [1.5753314, 42.5314185], [1.5762924, 42.5316051], [1.5772631, 42.5317311], [1.5782406, 42.5317828], [1.5782588, 42.5317963], [1.5774687, 42.5317502], [1.578445, 42.5318234], [1.5794213, 42.5318966], [1.5803566, 42.5319638], [1.581335, 42.5319265], [1.5822597, 42.5321153], [1.5827869, 42.5327777], [1.5836781, 42.5325044]], "mood_vectors": [[0.0597, 0.0581, 0.0549, 0.716, 0.0183, 0.0138, 0.0793], [0.0871, 0.0966, 0.0582, 0.6603, 0.0188, 0.0358, 0.0432], [0.0903, 0.0492, 0.0302, 0.7092, 0.0145, 0.0375, 0.0691], [0.0925, 0.0267, 0.0706, 0.6313, 0.074, 0.0424, 0.0625], [0.047, 0.0494, 0.0519, 0.6955, 0.074, 0.0202, 0.0619], [0.0234, 0.0297, 0.0466, 0.7156, 0.0521, 0.0628, 0.0698], [0.0442, 0.0483, 0.0447, 0.7249, 0.0509, 0.062, 0.025], [0.0847, 0.0484, 0.0231, 0.7301, 0.0271, 0.0652, 0.0215], [0.0284, 0.0623, 0.0273, 0.7387, 0.0737, 0.0466, 0.023], [0.0261, 0.0391, 0.015, 0.7391, 0.0712, 0.0413, 0.0681], [0.0247, 0.0344, 0.0313, 0.7658, 0.0451, 0.0427, 0.0561], [0.0214, 0.029, 0.0778, 0.7245, 0.0711, 0.0645, 0.0118], [0.039, 0.0515, 0.0766, 0.6328, 0.0726, 0.08, 0.0476], [0.057, 0.0229, 0.0733, 0.7283, 0.0583, 0.0207, 0.0395], [0.0295, 0.0721, 0.0726, 0.6074, 0.0871, 0.0467, 0.0846], [0.0523, 0.065, 0.0259, 0.6459, 0.0706, 0.0796, 0.0607], [0.0557, 0.076, 0.0288, 0.6649, 0.1, 0.0553, 0.0192], [0.019, 0.0375, 0.074, 0.6631, 0.0779, 0.0715, 0.057], [0.0699, 0.0257, 0.0366, 0.6712, 0.0825, 0.0206, 0.0935], [0.0605, 0.0678, 0.0739, 0.6653, 0.0537, 0.0675, 0.0114], [0.0884, 0.0567, 0.0506, 0.5766, 0.0524, 0.0869, 0.0884], [0.0226, 0.0859, 0.0891, 0.6925, 0.0469, 0.0332, 0.0298], [0.0433, 0.0321, 0.0148, 0.7965, 0.0336, 0.065, 0.0147], [0.0675, 0.0211, 0.0627, 0.6608, 0.0422, 0.0733, 0.0724], [0.0644, 0.0726, 0.045, 0.6537, 0.0419, 0.0622, 0.0601], [0.0484, 0.0427, 0.0656, 0.7213, 0.0649, 0.0183, 0.0387], [0.0401, 0.036, 0.0609, 0.6718, 0.0732, 0.0655, 0.0526], [0.0678, 0.0375, 0.0566, 0.7258, 0.0561, 0.0337, 0.0225], [0.0314, 0.0318, 0.0718, 0.6788, 0.0855, 0.0441, 0.0567], [0.0379, 0.0887, 0.039, 0.6224, 0.0909, 0.0905, 0.0305], [0.0193, 0.0904, 0.0453, 0.7296, 0.0543, 0.0448, 0.0162], [0.0522, 0.0799, 0.0415, 0.7312, 0.0304, 0.04, 0.0248], [0.0672, 0.0807, 0.0145, 0.6853, 0.0177, 0.0787, 0.056], [0.016, 0.0994, 0.0551, 0.637, 0.0653, 0.034, 0.0932], [0.0378, 0.0185, 0.0669, 0.7224, 0.0687, 0.0549, 0.0308], [0.0465, 0.0731, 0.0596, 0.7001, 0.0178, 0.0528, 0.0501], [0.0258, 0.0759, 0.0425, 0.778, 0.042, 0.0133, 0.0225], [0.0799, 0.084, 0.0895, 0.6064, 0.0758, 0.0344, 0.0299], [0.0461, 0.0686, 0.0886, 0.6695, 0.0583, 0.0256, 0.0433], [0.0389, 0.0355, 0.0639, 0.7006, 0.0432, 0.0604, 0.0574], [0.0723, 0.0723, 0.0367, 0.6718, 0.0309, 0.0476, 0.0684], [0.0148, 0.0483, 0.0352, 0.6948, 0.0894, 0.0353, 0.0823], [0.0713, 0.0756, 0.0598, 0.6544, 0.0807, 0.0303, 0.0279], [0.0227, 0.0559, 0.0398, 0.7272, 0.0263, 0.0494, 0.0788], [0.0301, 0.0262, 0.0751, 0.6572, 0.0496, 0.0816, 0.0801], [0.0433, 0.0236, 0.0661, 0.6552, 0.0521, 0.0827, 0.077], [0.0648, 0.0234, 0.0516, 0.6993, 0.0205, 0.0864, 0.0541], [0.0161, 0.0355, 0.0292, 0.7082, 0.0499, 0.0708, 0.0903], [0.0612, 0.0484, 0.023, 0.7959, 0.0291, 0.0179, 0.0245], [0.0231, 0.0349, 0.0265, 0.7333, 0.0725, 0.0389, 0.0708], [0.0702, 0.0315, 0.065, 0.7152, 0.0386, 0.0523, 0.0273], [0.0311, 0.0571, 0.0579, 0.7314, 0.0186, 0.0337, 0.0702], [0.0828, 0.0492, 0.0798, 0.6338, 0.059, 0.0623, 0.0331], [0.0626, 0.0129, 0.0741, 0.6901, 0.0615, 0.0411, 0.0577], [0.0405, 0.0253, 0.0314, 0.7543, 0.046, 0.07, 0.0325], [0.0593, 0.0574, 0.0765, 0.6329, 0.0703, 0.0512, 0.0523], [0.0265, 0.0369, 0.0549, 0.731, 0.0589, 0.0411, 0.0506], [0.0194, 0.0705, 0.0751, 0.6874, 0.0602, 0.0595, 0.0279], [0.0546, 0.0266, 0.085, 0.6842, 0.0132, 0.0494, 0.0871], [0.0371, 0.0623, 0.0484, 0.6424, 0.0682, 0.0784, 0.0631], [0.043, 0.0969, 0.0234, 0.6973, 0.0163, 0.054, 0.0692], [0.0134, 0.0853, 0.0391, 0.7343, 0.0568, 0.0412, 0.03], [0.0429, 0.0818, 0.0449, 0.6672, 0.0279, 0.077, 0.0583], [0.0854, 0.0353, 0.0772, 0.6507, 0.0293, 0.0319, 0.0902], [0.0882, 0.0479, 0.037, 0.6565, 0.0551, 0.0276, 0.0877], [0.0245, 0.0515, 0.0505, 0.7081, 0.0197, 0.0488, 0.0968], [0.0332, 0.0281, 0.0529, 0.6852, 0.0674, 0.0754, 0.0578], [0.0201, 0.0744, 0.0384, 0.7203, 0.0297, 0.0421, 0.0751], [0.0699, 0.0449, 0.0418, 0.7231, 0.0439, 0.0493, 0.0271], [0.0624, 0.0237, 0.0305, 0.7986, 0.0316, 0.0132, 0.0399], [0.043, 0.0757, 0.0611, 0.6971, 0.0353, 0.0421, 0.0458], [0.045, 0.0776, 0.0615, 0.6595, 0.0564, 0.0669, 0.0331], [0.0244, 0.0607, 0.0588, 0.7378, 0.0611, 0.0381, 0.0191], [0.047, 0.051, 0.0511, 0.6625, 0.0435, 0.0726, 0.0723], [0.0563, 0.0692, 0.0313, 0.6937, 0.0702, 0.032, 0.0471], [0.0144, 0.0269, 0.032, 0.7241, 0.0861, 0.0283, 0.0883], [0.0455, 0.0698, 0.0464, 0.6618, 0.0623, 0.0647, 0.0494], [0.0202, 0.0799, 0.0397, 0.6515, 0.0772, 0.0624, 0.0691], [0.0657, 0.0192, 0.0295, 0.741, 0.0714, 0.0568, 0.0164], [0.0386, 0.0625, 0.0202, 0.7246, 0.0355, 0.0777, 0.0409]], "emotions": ["green", "green", "green", "green", "green", "green", "green", "green", "green", "green", "green", "green", "green", "green", "green", "green", "green", "green", "green", "green", "green", "green", "green", "green", "green", "green", "green", "green", "green", "green", "green", "green", "green", "green", "green", "green", "green", "green", "green", "green", "green", "green", "green", "green", "green", "green", "green", "green", "green", "green", "green", "green", "green", "green", "green", "green", "green", "green", "green", "green", "green", "green", "green", "green", "green", "green", "green", "green", "green", "green", "green", "green", "green", "green", "green", "green", "green", "green", "green", "green"], "timestamps": [0, 40, 80, 120, 160, 200, 240, 280, 320, 360, 400, 440, 480, 520, 560, 600, 640, 680, 720, 760, 800, 840, 880, 920, 960, 1000, 1040, 1080, 1120, 1160, 1200, 1240, 1280, 1320, 1360, 1400, 1440, 1480, 1520, 1560, 1600, 1640, 1680, 1720, 1760, 1800, 1840, 1880, 1920, 1960, 2000, 2040, 2080, 2120, 2160, 2200, 2240, 2280, 2320, 2360, 2400, 2440, 2480, 2520, 2560, 2600, 2640, 2680, 2720, 2760, 2800, 2840, 2880, 2920, 2960, 3000, 3040, 3080, 3120, 3160]}], "conversation": [], "conversation_timestamps": []}