{"agent_id": "agent-blue-1860", "type": "blue", "trips": [{"trip_id": 0, "transport_method": "bicycle", "start_time": 0, "path": [[1.532852, 42.509411], [1.5330825, 42.5094325], [1.533313, 42.509454], [1.5335435, 42.5094754], [1.5337556, 42.5094008], [1.5339618, 42.5092957], [1.5340768, 42.5091299], [1.5340938, 42.5088991], [1.5341098, 42.5086681], [1.5340052, 42.5085164], [1.5337757, 42.5084857], [1.5335463, 42.508455], [1.5333168, 42.5084242], [1.5330874, 42.5083935], [1.5328579, 42.5083628], [1.5326285, 42.5083321], [1.5324521, 42.5082538], [1.5323569, 42.5080481], [1.5322322, 42.5078539], [1.5320753, 42.5076837], [1.5319256, 42.5075074], [1.5317825, 42.5073254], [1.5318975, 42.5074272], [1.5319743, 42.5075868], [1.5317749, 42.5074693], [1.5315754, 42.5073518], [1.5313759, 42.5072343], [1.5311764, 42.5071169], [1.5309693, 42.5070147], [1.5307563, 42.5069238], [1.5305452, 42.5068299], [1.5303546, 42.5066984], [1.5301624, 42.5065695], [1.5299721, 42.5064378], [1.5297838, 42.5063031], [1.5295949, 42.5061692], [1.5294048, 42.5060371], [1.5292148, 42.505905], [1.5290062, 42.5058121], [1.5287833, 42.5057498], [1.5285603, 42.5056874], [1.5283374, 42.5056251], [1.5281141, 42.5055641], [1.5278903, 42.5055048], [1.5276674, 42.5054422], [1.5274524, 42.5053591], [1.5272363, 42.5052768], [1.5270184, 42.5051986], [1.5267969, 42.5051311], [1.5265745, 42.5050705], [1.5263434, 42.5050826], [1.5261126, 42.5050899], [1.5258877, 42.5050352], [1.5256628, 42.5049804], [1.5254378, 42.5049257], [1.5252129, 42.504871], [1.5249819, 42.5048601], [1.5247506, 42.5048522], [1.5245197, 42.5048376], [1.5242896, 42.5048125], [1.5240594, 42.5047874], [1.5238374, 42.5047254], [1.5236104, 42.5046799], [1.5233834, 42.5046343], [1.5232222, 42.504507], [1.5232063, 42.5042773], [1.523071, 42.5040921], [1.522918, 42.5039183], [1.5227651, 42.5037446], [1.522741, 42.503563], [1.5227949, 42.503388], [1.5226413, 42.5032149], [1.5224876, 42.5030417], [1.5223144, 42.5028917], [1.5221012, 42.5028016], [1.5218898, 42.5027074], [1.5216905, 42.5025907], [1.5215215, 42.5024332], [1.5214535, 42.5024964], [1.5212264, 42.5025386]], "mood_vectors": [[0.0397, 0.0772, 0.0652, 0.633, 0.0471, 0.0597, 0.0782], [0.0164, 0.0565, 0.0405, 0.7644, 0.0392, 0.05, 0.033], [0.044, 0.0658, 0.0859, 0.6572, 0.0339, 0.053, 0.0601], [0.0624, 0.0703, 0.0227, 0.74, 0.0129, 0.0212, 0.0706], [0.0463, 0.0181, 0.0481, 0.7258, 0.0819, 0.0436, 0.0363], [0.0313, 0.0395, 0.0801, 0.7761, 0.0331, 0.0275, 0.0123], [0.0496, 0.0524, 0.0358, 0.7068, 0.0409, 0.0681, 0.0465], [0.0445, 0.0511, 0.0225, 0.782, 0.0453, 0.0336, 0.021], [0.031, 0.0442, 0.0647, 0.7157, 0.0681, 0.0138, 0.0623], [0.014, 0.0227, 0.0524, 0.7349, 0.0745, 0.023, 0.0786], [0.0383, 0.0505, 0.0793, 0.7222, 0.0289, 0.0629, 0.018], [0.0814, 0.0201, 0.0451, 0.7299, 0.0286, 0.0181, 0.0768], [0.023, 0.079, 0.0791, 0.6593, 0.048, 0.0842, 0.0274], [0.081, 0.0698, 0.0857, 0.6447, 0.0227, 0.0181, 0.0782], [0.0325, 0.0885, 0.0521, 0.7325, 0.05, 0.0172, 0.0271], [0.0225, 0.0422, 0.0583, 0.7777, 0.0343, 0.0169, 0.0482], [0.0352, 0.0742, 0.0265, 0.6781, 0.0416, 0.0823, 0.062], [0.0483, 0.0643, 0.0211, 0.7046, 0.0748, 0.0691, 0.0178], [0.0721, 0.0239, 0.0591, 0.6967, 0.0724, 0.0544, 0.0214], [0.0221, 0.0354, 0.053, 0.6676, 0.061, 0.0803, 0.0807], [0.0449, 0.0538, 0.0174, 0.6838, 0.0793, 0.0466, 0.0741], [0.0622, 0.0582, 0.0276, 0.7356, 0.0187, 0.0169, 0.0807], [0.0956, 0.0361, 0.0178, 0.6495, 0.07, 0.0461, 0.0849], [0.0766, 0.0689, 0.0809, 0.6206, 0.0712, 0.0514, 0.0304], [0.0377, 0.0157, 0.0551, 0.7714, 0.0237, 0.0457, 0.0508], [0.0218, 0.0385, 0.0255, 0.796, 0.035, 0.0291, 0.0541], [0.0582, 0.0586, 0.0308, 0.685, 0.04, 0.0673, 0.0601], [0.0322, 0.0618, 0.074, 0.6133, 0.0732, 0.0766, 0.0689], [0.0566, 0.0712, 0.0272, 0.7547, 0.0344, 0.0391, 0.0168], [0.0725, 0.0426, 0.0847, 0.7039, 0.0257, 0.0267, 0.0439], [0.06, 0.0596, 0.0178, 0.784, 0.048, 0.0147, 0.0159], [0.0615, 0.0737, 0.0281, 0.7164, 0.0661, 0.0183, 0.036], [0.0652, 0.0688, 0.0495, 0.6051, 0.0929, 0.0917, 0.0269], [0.0139, 0.0556, 0.069, 0.6974, 0.0566, 0.0427, 0.0647], [0.0821, 0.0747, 0.0703, 0.7039, 0.0158, 0.0254, 0.0278], [0.022, 0.0873, 0.04, 0.7342, 0.0321, 0.0608, 0.0237], [0.044, 0.0493, 0.0369, 0.7184, 0.0316, 0.0528, 0.0669], [0.0318, 0.0539, 0.0773, 0.7504, 0.0367, 0.0304, 0.0195], [0.0899, 0.0562, 0.0693, 0.6436, 0.0257, 0.0725, 0.0427], [0.0369, 0.0807, 0.072, 0.6392, 0.0456, 0.0592, 0.0664], [0.0404, 0.0263, 0.0774, 0.6581, 0.046, 0.0621, 0.0896], [0.0332, 0.0548, 0.0382, 0.7194, 0.0708, 0.0342, 0.0494], [0.0835, 0.0806, 0.0666, 0.6326, 0.0317, 0.0166, 0.0885], [0.0815, 0.0338, 0.0375, 0.6689, 0.0663, 0.078, 0.0341], [0.0188, 0.0662, 0.0228, 0.7033, 0.0716, 0.0899, 0.0274], [0.02, 0.0606, 0.0724, 0.7339, 0.0498, 0.0439, 0.0195], [0.0827, 0.082, 0.0836, 0.6195, 0.0676, 0.0169, 0.0476], [0.0453, 0.0413, 0.0389, 0.7373, 0.0551, 0.0592, 0.0228], [0.0842, 0.0675, 0.0843, 0.6418, 0.0383, 0.0499, 0.034], [0.0406, 0.0315, 0.0746, 0.709, 0.0428, 0.0209, 0.0806], [0.0545, 0.0996, 0.0423, 0.6198, 0.0793, 0.057, 0.0476], [0.0845, 0.0429, 0.0176, 0.6789, 0.0237, 0.078, 0.0744], [0.0275, 0.0188, 0.0914, 0.7084, 0.0387, 0.058, 0.0572], [0.0912, 0.016, 0.0433, 0.7248, 0.0423, 0.065, 0.0175], [0.0885, 0.0313, 0.0175, 0.6704, 0.0778, 0.0431, 0.0714], [0.0262, 0.0603, 0.0534, 0.7242, 0.0711, 0.0495, 0.0154], [0.0451, 0.0381, 0.0263, 0.7018, 0.0792, 0.0594, 0.05], [0.0297, 0.0581, 0.0763, 0.6765, 0.0548, 0.0323, 0.0723], [0.0559, 0.0672, 0.0199, 0.7181, 0.0563, 0.0341, 0.0485], [0.0153, 0.0405, 0.0444, 0.6767, 0.0907, 0.0703, 0.0621], [0.0702, 0.0669, 0.0372, 0.6609, 0.0338, 0.05, 0.0811], [0.0704, 0.0717, 0.0587, 0.5853, 0.071, 0.058, 0.085], [0.0744, 0.0416, 0.0391, 0.7222, 0.0515, 0.0343, 0.0368], [0.0714, 0.0755, 0.0449, 0.6562, 0.0776, 0.0296, 0.0449], [0.0272, 0.0321, 0.0565, 0.7353, 0.0132, 0.0635, 0.0723], [0.0397, 0.0324, 0.0314, 0.7006, 0.0707, 0.0421, 0.0831], [0.0245, 0.0389, 0.0565, 0.7295, 0.073, 0.0314, 0.0462], [0.0674, 0.0471, 0.0507, 0.6265, 0.0668, 0.0985, 0.043], [0.0206, 0.0803, 0.0141, 0.7538, 0.0234, 0.0332, 0.0747], [0.0272, 0.0165, 0.0422, 0.7552, 0.0779, 0.0424, 0.0385], [0.0449, 0.0338, 0.063, 0.6947, 0.0746, 0.0345, 0.0547], [0.013, 0.0318, 0.0586, 0.7367, 0.0519, 0.0275, 0.0804], [0.0796, 0.0733, 0.0811, 0.6449, 0.0769, 0.0203, 0.0238], [0.0663, 0.0511, 0.0613, 0.6657, 0.019, 0.0558, 0.0808], [0.0309, 0.0577, 0.0834, 0.646, 0.076, 0.0622, 0.0438], [0.0179, 0.0334, 0.0293, 0.6817, 0.0611, 0.095, 0.0818], [0.0614, 0.0755, 0.0622, 0.6767, 0.0485, 0.0546, 0.021], [0.0615, 0.0295, 0.0584, 0.7057, 0.0648, 0.0423, 0.0379], [0.0597, 0.0153, 0.0356, 0.7221, 0.0383, 0.0725, 0.0565], [0.0791, 0.0363, 0.0685, 0.6667, 0.0432, 0.0449, 0.0612]], "emotions": ["green", "green", "green", "green", "green", "green", "green", "green", "green", "green", "green", "green", "green", "green", "green", "green", "green", "green", "green", "green", "green", "green", "green", "green", "green", "green", "green", "green", "green", "green", "green", "green", "green", "green", "green", "green", "green", "green", "green", "green", "green", "green", "green", "green", "green", "green", "green", "green", "green", "green", "green", "green", "green", "green", "green", "green", "green", "green", "green", "green", "green", "green", "green", "green", "green", "green", "green", "green", "green", "green", "green", "green", "green", "green", "green", "green", "green", "green", "green", "green"], "timestamps": [0, 40, 80, 120, 160, 200, 240, 280, 320, 360, 400, 440, 480, 520, 560, 600, 640, 680, 720, 760, 800, 840, 880, 920, 960, 1000, 1040, 1080, 1120, 1160, 1200, 1240, 1280, 1320, 1360, 1400, 1440, 1480, 1520, 1560, 1600, 1640, 1680, 1720, 1760, 1800, 1840, 1880, 1920, 1960, 2000, 2040, 2080, 2120, 2160, 2200, 2240, 2280, 2320, 2360, 2400, 2440, 2480, 2520, 2560, 2600, 2640, 2680, 2720, 2760, 2800, 2840, 2880, 2920, 2960, 3000, 3040, 3080, 3120, 3160]}], "conversation": [], "conversation_timestamps": []}