{"agent_id": "agent-purple-1069", "type": "purple", "trips": [{"trip_id": 0, "transport_method": "foot", "start_time": 0, "path": [[1.5074888, 42.4997441], [1.5088205, 42.5003278], [1.5093587, 42.5005883], [1.5100884, 42.5009213], [1.5111407, 42.5013975], [1.5104672, 42.5011555], [1.5118403, 42.5016483], [1.5117778, 42.5016512], [1.5131842, 42.5018599], [1.5137062, 42.502179], [1.513198, 42.5018292], [1.5145112, 42.5024644], [1.515393, 42.50299], [1.5151106, 42.5027954], [1.5163306, 42.503593], [1.517768, 42.5037037], [1.5191525, 42.503704], [1.520519, 42.5040738], [1.5218707, 42.504614], [1.5232138, 42.5047971], [1.5246492, 42.5050419], [1.5260807, 42.5053229], [1.5275341, 42.5053289], [1.52817, 42.5052966], [1.52961, 42.5054944], [1.5308759, 42.5061143], [1.5321716, 42.5067228], [1.5324081, 42.5067365], [1.5338378, 42.506933], [1.5350769, 42.5075624], [1.5365139, 42.5077559], [1.5378996, 42.5081208], [1.5393398, 42.5082599], [1.5405722, 42.5086573], [1.5420088, 42.5088856], [1.542702, 42.5089187], [1.5441069, 42.509264], [1.545545, 42.5094297], [1.5454036, 42.5093731], [1.5463383, 42.5101126], [1.5469636, 42.5111277], [1.5483763, 42.5114903], [1.5497602, 42.5118631], [1.550236, 42.5120639], [1.5509266, 42.5124941], [1.5511853, 42.5127541], [1.5518456, 42.5131983], [1.5524798, 42.5135882], [1.552795, 42.5149511], [1.5534691, 42.516224], [1.55422, 42.5174515], [1.5554435, 42.5182108], [1.5565368, 42.5190419], [1.5574531, 42.5201135], [1.5585023, 42.5211262], [1.5596654, 42.5219938], [1.5598441, 42.5222135], [1.5610852, 42.5229631], [1.5621598, 42.5239366], [1.5633278, 42.5247503], [1.5646726, 42.5252251], [1.5660278, 42.5257525], [1.5672107, 42.5266], [1.5684494, 42.5273554], [1.5696794, 42.5281182], [1.5708982, 42.5289197], [1.5719867, 42.5298766], [1.5728851, 42.5310188], [1.5739137, 42.5320458], [1.5752371, 42.532477], [1.5766504, 42.5327474], [1.5780894, 42.53297], [1.5794852, 42.533343], [1.5806463, 42.5341108], [1.5814841, 42.5352941], [1.582419, 42.5362041], [1.5836609, 42.5364627], [1.5850448, 42.5368273], [1.5863354, 42.537469], [1.5874657, 42.5383746]], "mood_vectors": [[0.0232, 0.0278, 0.0153, 0.0718, 0.0919, 0.7115, 0.0585], [0.065, 0.0858, 0.0307, 0.0941, 0.0414, 0.6601, 0.0228], [0.0338, 0.0164, 0.0177, 0.0895, 0.0926, 0.6825, 0.0675], [0.0154, 0.0507, 0.0786, 0.0545, 0.0244, 0.6845, 0.0919], [0.0684, 0.0221, 0.0194, 0.0367, 0.02, 0.8126, 0.0208], [0.0587, 0.0473, 0.047, 0.0683, 0.0617, 0.6754, 0.0417], [0.0261, 0.063, 0.0503, 0.067, 0.0331, 0.6686, 0.0919], [0.0416, 0.0226, 0.0609, 0.0312, 0.0717, 0.733, 0.039], [0.0611, 0.0637, 0.0948, 0.0534, 0.0921, 0.6189, 0.016], [0.0246, 0.0279, 0.0195, 0.02, 0.0413, 0.8489, 0.0178], [0.0297, 0.0257, 0.0531, 0.074, 0.0312, 0.7304, 0.0558], [0.0707, 0.0325, 0.033, 0.0476, 0.0198, 0.7292, 0.0671], [0.075, 0.0395, 0.039, 0.0654, 0.0909, 0.6598, 0.0304], [0.0622, 0.0345, 0.0413, 0.0139, 0.0734, 0.7333, 0.0414], [0.0212, 0.068, 0.0316, 0.039, 0.0736, 0.7286, 0.038], [0.0663, 0.0517, 0.0167, 0.0863, 0.0195, 0.7138, 0.0457], [0.0807, 0.0479, 0.0844, 0.0647, 0.0288, 0.6675, 0.0261], [0.0246, 0.0523, 0.0795, 0.0719, 0.0183, 0.685, 0.0684], [0.015, 0.0138, 0.0492, 0.0773, 0.0573, 0.7417, 0.0458], [0.025, 0.0815, 0.0228, 0.0305, 0.0417, 0.7378, 0.0607], [0.0169, 0.0691, 0.0337, 0.0351, 0.0667, 0.6863, 0.0922], [0.0226, 0.0364, 0.0676, 0.0233, 0.0491, 0.7225, 0.0786], [0.0612, 0.0707, 0.0546, 0.0203, 0.0517, 0.7308, 0.0107], [0.0172, 0.057, 0.037, 0.052, 0.059, 0.7234, 0.0544], [0.0242, 0.0212, 0.0533, 0.0788, 0.0634, 0.7186, 0.0405], [0.0283, 0.0434, 0.0245, 0.0654, 0.0677, 0.7337, 0.0369], [0.0548, 0.0605, 0.0635, 0.0613, 0.0624, 0.642, 0.0555], [0.0767, 0.0411, 0.0239, 0.0221, 0.0247, 0.7896, 0.0218], [0.0319, 0.0603, 0.0644, 0.0176, 0.0479, 0.6772, 0.1008], [0.075, 0.0628, 0.0486, 0.0258, 0.0657, 0.6567, 0.0654], [0.0457, 0.051, 0.0521, 0.0228, 0.056, 0.7073, 0.065], [0.0226, 0.0808, 0.0395, 0.059, 0.0466, 0.7119, 0.0396], [0.0497, 0.0549, 0.0553, 0.0322, 0.0145, 0.7507, 0.0427], [0.0247, 0.0915, 0.0331, 0.0604, 0.0253, 0.6718, 0.0933], [0.0136, 0.0587, 0.026, 0.0226, 0.0631, 0.7648, 0.0513], [0.0239, 0.0353, 0.0145, 0.0423, 0.0352, 0.8079, 0.0409], [0.0567, 0.0564, 0.0733, 0.0346, 0.0864, 0.6032, 0.0894], [0.0129, 0.0511, 0.0462, 0.0604, 0.0577, 0.722, 0.0498], [0.0417, 0.0375, 0.0317, 0.0509, 0.0785, 0.6739, 0.0858], [0.0592, 0.0391, 0.0565, 0.0487, 0.0653, 0.6589, 0.0722], [0.0666, 0.0555, 0.0324, 0.0651, 0.0257, 0.6826, 0.0721], [0.0779, 0.0831, 0.0385, 0.073, 0.0463, 0.6424, 0.0389], [0.0691, 0.0145, 0.0347, 0.0821, 0.0679, 0.6753, 0.0564], [0.0431, 0.0734, 0.0673, 0.0333, 0.0551, 0.7005, 0.0273], [0.0447, 0.0372, 0.0582, 0.0275, 0.0841, 0.6676, 0.0807], [0.0483, 0.0393, 0.0241, 0.0787, 0.0187, 0.7546, 0.0363], [0.0809, 0.0334, 0.0221, 0.0635, 0.086, 0.6404, 0.0736], [0.0642, 0.0625, 0.0353, 0.0497, 0.0436, 0.6855, 0.0592], [0.0446, 0.0618, 0.0746, 0.0317, 0.0198, 0.6878, 0.0796], [0.0205, 0.0596, 0.0486, 0.0477, 0.0332, 0.7397, 0.0508], [0.0604, 0.0364, 0.0674, 0.0419, 0.0732, 0.7042, 0.0165], [0.025, 0.0813, 0.0559, 0.0444, 0.0437, 0.6772, 0.0725], [0.0602, 0.0452, 0.0125, 0.0501, 0.0458, 0.7296, 0.0565], [0.0164, 0.0552, 0.015, 0.0392, 0.1002, 0.7056, 0.0683], [0.0402, 0.0804, 0.0432, 0.0258, 0.0387, 0.737, 0.0348], [0.0579, 0.0217, 0.0148, 0.0866, 0.0841, 0.7058, 0.0291], [0.0929, 0.02, 0.049, 0.0152, 0.065, 0.7089, 0.049], [0.019, 0.0629, 0.0519, 0.0759, 0.0819, 0.6735, 0.0348], [0.0227, 0.0615, 0.0394, 0.0368, 0.0469, 0.7657, 0.027], [0.0522, 0.0692, 0.0466, 0.0752, 0.0256, 0.6594, 0.0718], [0.0911, 0.0417, 0.0846, 0.0216, 0.0664, 0.633, 0.0615], [0.0349, 0.0204, 0.0907, 0.0362, 0.0302, 0.7406, 0.047], [0.0686, 0.0221, 0.0671, 0.093, 0.0345, 0.6541, 0.0606], [0.0722, 0.0131, 0.0459, 0.061, 0.0536, 0.7335, 0.0207], [0.0416, 0.0468, 0.0821, 0.0747, 0.0815, 0.6217, 0.0515], [0.078, 0.0911, 0.0444, 0.0224, 0.0457, 0.665, 0.0534], [0.0624, 0.0615, 0.041, 0.057, 0.0731, 0.6431, 0.0619], [0.0647, 0.0187, 0.0424, 0.0677, 0.0528, 0.7352, 0.0186], [0.0647, 0.0148, 0.0384, 0.0588, 0.063, 0.6837, 0.0766], [0.0786, 0.0358, 0.0863, 0.0215, 0.068, 0.6764, 0.0335], [0.0683, 0.038, 0.0133, 0.0566, 0.0152, 0.7823, 0.0262], [0.0594, 0.0717, 0.0723, 0.0355, 0.047, 0.6584, 0.0557], [0.0506, 0.0324, 0.0764, 0.0639, 0.0851, 0.6543, 0.0373], [0.0628, 0.0471, 0.0137, 0.0271, 0.0696, 0.7194, 0.0603], [0.0213, 0.0307, 0.0443, 0.0666, 0.0279, 0.7467, 0.0625], [0.0221, 0.0336, 0.0496, 0.072, 0.0714, 0.7114, 0.04], [0.0617, 0.0485, 0.0333, 0.0384, 0.0627, 0.7222, 0.0331], [0.0267, 0.0541, 0.0503, 0.0516, 0.068, 0.7349, 0.0143], [0.0576, 0.0248, 0.0671, 0.0531, 0.0963, 0.6851, 0.016], [0.0903, 0.0891, 0.015, 0.0314, 0.0358, 0.7145, 0.024]], "emotions": ["purple", "purple", "purple", "purple", "purple", "purple", "purple", "purple", "purple", "purple", "purple", "purple", "purple", "purple", "purple", "purple", "purple", "purple", "purple", "purple", "purple", "purple", "purple", "purple", "purple", "purple", "purple", "purple", "purple", "purple", "purple", "purple", "purple", "purple", "purple", "purple", "purple", "purple", "purple", "purple", "purple", "purple", "purple", "purple", "purple", "purple", "purple", "purple", "purple", "purple", "purple", "purple", "purple", "purple", "purple", "purple", "purple", "purple", "purple", "purple", "purple", "purple", "purple", "purple", "purple", "purple", "purple", "purple", "purple", "purple", "purple", "purple", "purple", "purple", "purple", "purple", "purple", "purple", "purple", "purple"], "timestamps": [0, 40, 80, 120, 160, 200, 240, 280, 320, 360, 400, 440, 480, 520, 560, 600, 640, 680, 720, 760, 800, 840, 880, 920, 960, 1000, 1040, 1080, 1120, 1160, 1200, 1240, 1280, 1320, 1360, 1400, 1440, 1480, 1520, 1560, 1600, 1640, 1680, 1720, 1760, 1800, 1840, 1880, 1920, 1960, 2000, 2040, 2080, 2120, 2160, 2200, 2240, 2280, 2320, 2360, 2400, 2440, 2480, 2520, 2560, 2600, 2640, 2680, 2720, 2760, 2800, 2840, 2880, 2920, 2960, 3000, 3040, 3080, 3120, 3160]}], "conversation": [], "conversation_timestamps": []}