{"agent_id": "agent-purple-579", "type": "purple", "trips": [{"trip_id": 0, "transport_method": "foot", "start_time": 0, "path": [[1.5217472, 42.5062507], [1.522042, 42.5068356], [1.5224972, 42.5073429], [1.5231787, 42.5077577], [1.524054, 42.5077727], [1.5249195, 42.5079291], [1.5257531, 42.5082039], [1.5265364, 42.5084948], [1.5274148, 42.5085609], [1.5281608, 42.5090248], [1.5287809, 42.5096533], [1.5294228, 42.5102324], [1.5294571, 42.5109719], [1.530071, 42.511563], [1.5308687, 42.511908], [1.5307124, 42.5126693], [1.5303189, 42.5134448], [1.5303593, 42.5142845], [1.529688, 42.5148478], [1.5291292, 42.5155149], [1.5284393, 42.516046], [1.5276742, 42.5164879], [1.5269091, 42.5169297], [1.5263886, 42.5171843], [1.5271758, 42.5168355], [1.5279535, 42.5164565], [1.5287116, 42.5160139], [1.5284418, 42.5160788], [1.5277009, 42.5165603], [1.5269601, 42.5170417], [1.5262192, 42.5175231], [1.5254783, 42.5180045], [1.5247375, 42.518486], [1.5252349, 42.518129], [1.5258581, 42.5175061], [1.5259526, 42.5175452], [1.5252339, 42.5180591], [1.5245152, 42.518573], [1.523922, 42.5191562], [1.523804, 42.5200318], [1.5234649, 42.5208456], [1.5229524, 42.5215483], [1.5222337, 42.5220592], [1.5218048, 42.5228159], [1.5213693, 42.5235715], [1.5208374, 42.5242747], [1.5206184, 42.5251153], [1.5205855, 42.5259982], [1.5202022, 42.5267752], [1.5200051, 42.5275779], [1.5205156, 42.5282967], [1.520631, 42.5291535], [1.5201646, 42.529891], [1.5197313, 42.5304231], [1.5197036, 42.5312694], [1.5195701, 42.532105], [1.5197317, 42.53296], [1.5194792, 42.5337958], [1.5199656, 42.5345022], [1.5206021, 42.5351148], [1.5212684, 42.5356923], [1.5207247, 42.5362594], [1.5201736, 42.5369392], [1.5198105, 42.5377424], [1.5195204, 42.538575], [1.5193551, 42.5394369], [1.5193331, 42.5402806], [1.5192067, 42.5410728], [1.5185023, 42.5415125], [1.5181773, 42.5416659], [1.5189897, 42.5413186], [1.5185122, 42.5415179], [1.5177394, 42.541933], [1.5172764, 42.5426828], [1.5167872, 42.5434016], [1.5161322, 42.5439894], [1.5155307, 42.5446282], [1.5147511, 42.5448729], [1.5138799, 42.5449277], [1.5143665, 42.5444236]], "mood_vectors": [[0.0731, 0.0366, 0.0667, 0.0583, 0.0427, 0.6919, 0.0307], [0.0185, 0.0674, 0.0422, 0.0284, 0.0133, 0.7705, 0.0598], [0.0288, 0.0143, 0.0246, 0.0382, 0.0755, 0.7921, 0.0265], [0.0218, 0.072, 0.0757, 0.0431, 0.0159, 0.6955, 0.076], [0.0147, 0.024, 0.0851, 0.0688, 0.0237, 0.7072, 0.0765], [0.0284, 0.0809, 0.0763, 0.0256, 0.0398, 0.7105, 0.0385], [0.0838, 0.0969, 0.0446, 0.0161, 0.0861, 0.6507, 0.0217], [0.0766, 0.0365, 0.0247, 0.0201, 0.0356, 0.7533, 0.0531], [0.0558, 0.0294, 0.0268, 0.0635, 0.0742, 0.6969, 0.0533], [0.0327, 0.0534, 0.0437, 0.0181, 0.0616, 0.7559, 0.0347], [0.0156, 0.0688, 0.0522, 0.0784, 0.0502, 0.6883, 0.0464], [0.0352, 0.0671, 0.084, 0.0407, 0.0831, 0.6607, 0.0292], [0.0527, 0.0624, 0.069, 0.017, 0.0742, 0.6747, 0.05], [0.0381, 0.0778, 0.0176, 0.0483, 0.0606, 0.6878, 0.0699], [0.0755, 0.0715, 0.0244, 0.0642, 0.0641, 0.6226, 0.0778], [0.0566, 0.0529, 0.0736, 0.0722, 0.0327, 0.6827, 0.0292], [0.0492, 0.0674, 0.0709, 0.0658, 0.037, 0.6829, 0.0268], [0.0471, 0.0826, 0.0311, 0.0709, 0.0222, 0.6661, 0.0801], [0.0761, 0.0627, 0.0233, 0.0818, 0.0242, 0.6909, 0.0409], [0.0576, 0.0906, 0.0342, 0.0656, 0.0454, 0.6149, 0.0917], [0.0616, 0.069, 0.0222, 0.0272, 0.0135, 0.7638, 0.0425], [0.0167, 0.071, 0.0437, 0.0657, 0.0519, 0.6768, 0.0741], [0.0695, 0.0468, 0.0373, 0.0748, 0.033, 0.6899, 0.0487], [0.0601, 0.0421, 0.0272, 0.0546, 0.0536, 0.7207, 0.0416], [0.0583, 0.0235, 0.0631, 0.0806, 0.0206, 0.7239, 0.03], [0.0621, 0.0466, 0.0401, 0.0708, 0.0689, 0.6212, 0.0904], [0.0663, 0.0255, 0.0706, 0.0197, 0.0686, 0.6974, 0.0519], [0.0367, 0.054, 0.071, 0.0385, 0.0296, 0.7277, 0.0426], [0.0645, 0.0271, 0.045, 0.0723, 0.0546, 0.6597, 0.0768], [0.0242, 0.0564, 0.0831, 0.0699, 0.0526, 0.667, 0.0468], [0.0285, 0.0198, 0.0558, 0.0225, 0.0286, 0.8206, 0.0243], [0.0454, 0.0328, 0.0656, 0.0764, 0.0199, 0.7246, 0.0353], [0.0496, 0.0657, 0.0313, 0.0345, 0.082, 0.7172, 0.0198], [0.0657, 0.047, 0.0573, 0.0443, 0.064, 0.6874, 0.0342], [0.0427, 0.0279, 0.0992, 0.0258, 0.0508, 0.7137, 0.0399], [0.0148, 0.026, 0.0246, 0.0964, 0.032, 0.7544, 0.0518], [0.0678, 0.0225, 0.0247, 0.059, 0.0438, 0.732, 0.0502], [0.0216, 0.0412, 0.0805, 0.0188, 0.0627, 0.7275, 0.0477], [0.0446, 0.041, 0.0637, 0.0442, 0.0123, 0.7539, 0.0402], [0.0591, 0.0154, 0.0578, 0.0533, 0.0642, 0.7051, 0.0451], [0.0689, 0.0558, 0.0347, 0.0507, 0.011, 0.7327, 0.0461], [0.0362, 0.0334, 0.0271, 0.0596, 0.0408, 0.7603, 0.0427], [0.0545, 0.0694, 0.0774, 0.0636, 0.0402, 0.6784, 0.0165], [0.0746, 0.031, 0.0455, 0.0535, 0.0694, 0.6963, 0.0297], [0.0163, 0.0966, 0.0177, 0.0782, 0.0813, 0.6827, 0.0271], [0.073, 0.0326, 0.0346, 0.0651, 0.0554, 0.6693, 0.07], [0.071, 0.0261, 0.0277, 0.0829, 0.0553, 0.6857, 0.0514], [0.0156, 0.0476, 0.0825, 0.0331, 0.0572, 0.6911, 0.0729], [0.0417, 0.0304, 0.0983, 0.0235, 0.0696, 0.7023, 0.0342], [0.0339, 0.0325, 0.0535, 0.0555, 0.0524, 0.7039, 0.0682], [0.0381, 0.0286, 0.0363, 0.0324, 0.0246, 0.7846, 0.0552], [0.0779, 0.0528, 0.0689, 0.0352, 0.0498, 0.6685, 0.0469], [0.0459, 0.0683, 0.0197, 0.0675, 0.0167, 0.7479, 0.0341], [0.0232, 0.0274, 0.0489, 0.0634, 0.0226, 0.7427, 0.0718], [0.018, 0.0484, 0.0497, 0.0768, 0.0802, 0.6611, 0.0659], [0.025, 0.0972, 0.0602, 0.0819, 0.0369, 0.6617, 0.037], [0.0773, 0.0707, 0.0185, 0.0511, 0.0664, 0.6908, 0.0251], [0.0605, 0.0177, 0.0637, 0.0186, 0.0356, 0.7841, 0.0196], [0.0396, 0.0371, 0.0502, 0.0307, 0.0653, 0.7002, 0.0769], [0.03, 0.0769, 0.0776, 0.054, 0.0815, 0.6452, 0.0348], [0.0378, 0.0433, 0.0179, 0.0408, 0.0588, 0.7321, 0.0692], [0.0623, 0.0502, 0.032, 0.0169, 0.048, 0.7381, 0.0525], [0.0229, 0.0465, 0.0532, 0.0608, 0.0639, 0.6969, 0.0557], [0.0233, 0.0707, 0.0165, 0.0867, 0.022, 0.6967, 0.0841], [0.0496, 0.081, 0.0835, 0.0749, 0.0722, 0.6046, 0.0343], [0.0554, 0.0386, 0.0523, 0.0524, 0.033, 0.6925, 0.0759], [0.0447, 0.0457, 0.0747, 0.0684, 0.0236, 0.6698, 0.0731], [0.0302, 0.0251, 0.0182, 0.0155, 0.062, 0.7708, 0.0783], [0.0557, 0.0654, 0.0566, 0.024, 0.0562, 0.6782, 0.064], [0.0355, 0.0186, 0.101, 0.0429, 0.0706, 0.6411, 0.0902], [0.0302, 0.0736, 0.0522, 0.0335, 0.0707, 0.6897, 0.05], [0.0476, 0.024, 0.0688, 0.0277, 0.0403, 0.7139, 0.0776], [0.0549, 0.0333, 0.0276, 0.0751, 0.0696, 0.711, 0.0285], [0.0613, 0.0497, 0.0631, 0.0257, 0.0735, 0.6757, 0.0511], [0.0241, 0.0354, 0.0662, 0.0307, 0.015, 0.7787, 0.0498], [0.0393, 0.0521, 0.0456, 0.0869, 0.0925, 0.6493, 0.0343], [0.051, 0.0312, 0.0314, 0.0767, 0.0558, 0.7257, 0.0282], [0.0644, 0.0259, 0.0258, 0.0487, 0.0778, 0.7263, 0.0311], [0.0795, 0.0756, 0.0419, 0.0174, 0.055, 0.6934, 0.0373], [0.0221, 0.0699, 0.0483, 0.0334, 0.0766, 0.7135, 0.0362]], "emotions": ["purple", "purple", "purple", "purple", "purple", "purple", "purple", "purple", "purple", "purple", "purple", "purple", "purple", "purple", "purple", "purple", "purple", "purple", "purple", "purple", "purple", "purple", "purple", "purple", "purple", "purple", "purple", "purple", "purple", "purple", "purple", "purple", "purple", "purple", "purple", "purple", "purple", "purple", "purple", "purple", "purple", "purple", "purple", "purple", "purple", "purple", "purple", "purple", "purple", "purple", "purple", "purple", "purple", "purple", "purple", "purple", "purple", "purple", "purple", "purple", "purple", "purple", "purple", "purple", "purple", "purple", "purple", "purple", "purple", "purple", "purple", "purple", "purple", "purple", "purple", "purple", "purple", "purple", "purple", "purple"], "timestamps": [0, 40, 80, 120, 160, 200, 240, 280, 320, 360, 400, 440, 480, 520, 560, 600, 640, 680, 720, 760, 800, 840, 880, 920, 960, 1000, 1040, 1080, 1120, 1160, 1200, 1240, 1280, 1320, 1360, 1400, 1440, 1480, 1520, 1560, 1600, 1640, 1680, 1720, 1760, 1800, 1840, 1880, 1920, 1960, 2000, 2040, 2080, 2120, 2160, 2200, 2240, 2280, 2320, 2360, 2400, 2440, 2480, 2520, 2560, 2600, 2640, 2680, 2720, 2760, 2800, 2840, 2880, 2920, 2960, 3000, 3040, 3080, 3120, 3160]}], "conversation": [], "conversation_timestamps": []}