{"agent_id": "agent-orange-688", "type": "orange", "trips": [{"trip_id": 0, "transport_method": "car", "start_time": 0, "path": [[1.5306845, 42.5082686], [1.5306989, 42.5083756], [1.5307134, 42.5084826], [1.5307278, 42.5085897], [1.530766, 42.508683], [1.5307924, 42.5087816], [1.5307952, 42.5088889], [1.5307873, 42.5089966], [1.5308818, 42.50904], [1.5309823, 42.5090794], [1.5310828, 42.5091189], [1.5311833, 42.5091584], [1.5312839, 42.5091979], [1.5313844, 42.5092374], [1.5314857, 42.5092745], [1.5315893, 42.509305], [1.5316919, 42.5093384], [1.5317921, 42.5093788], [1.5318922, 42.5094192], [1.5319924, 42.5094596], [1.5320925, 42.5095001], [1.5321927, 42.5095405], [1.5322928, 42.5095809], [1.532393, 42.5096213], [1.5324989, 42.5096399], [1.5326059, 42.5096547], [1.5327129, 42.5096696], [1.5328203, 42.5096808], [1.5329277, 42.509692], [1.5330351, 42.5097032], [1.5331416, 42.50972], [1.5332471, 42.5097433], [1.5333506, 42.5097739], [1.5334532, 42.5098076], [1.5335567, 42.5098381], [1.533663, 42.5098574], [1.5337692, 42.5098767], [1.5338755, 42.509896], [1.5339046, 42.5099397], [1.5338288, 42.5100166], [1.5337531, 42.5100936], [1.5336773, 42.5101705], [1.53361, 42.510255], [1.5335431, 42.5103397], [1.5334762, 42.5104245], [1.5334093, 42.5105093], [1.5333702, 42.510591], [1.5334542, 42.5106589], [1.5335381, 42.5107269], [1.5336203, 42.5107968], [1.5336945, 42.5108751], [1.5337626, 42.5109589], [1.5338232, 42.5110483], [1.5338865, 42.5111357], [1.5339553, 42.5112188], [1.5340311, 42.5112958], [1.5341179, 42.51136], [1.5342248, 42.5113593], [1.5343181, 42.5114033], [1.5344071, 42.5114646], [1.534496, 42.5115258], [1.534585, 42.511587], [1.534674, 42.5116483], [1.5347629, 42.5117095], [1.534852, 42.5117707], [1.5349438, 42.5118275], [1.5350356, 42.5118844], [1.5351274, 42.5119412], [1.535219, 42.5119985], [1.5353098, 42.512057], [1.5353856, 42.5121334], [1.5354453, 42.5122229], [1.5354685, 42.5123271], [1.5354617, 42.512434], [1.5354258, 42.5125347], [1.5353589, 42.5126184], [1.5352773, 42.5126892], [1.5351881, 42.5127499], [1.5350983, 42.5128099], [1.5350085, 42.5128699]], "mood_vectors": [[0.0674, 0.075, 0.0154, 0.0688, 0.6865, 0.0681, 0.0188], [0.0133, 0.0259, 0.0458, 0.046, 0.7222, 0.0773, 0.0694], [0.0693, 0.0231, 0.0745, 0.0525, 0.636, 0.0906, 0.054], [0.0124, 0.0668, 0.0134, 0.0482, 0.7391, 0.0674, 0.0527], [0.0698, 0.0261, 0.0148, 0.0145, 0.802, 0.0137, 0.059], [0.0159, 0.0188, 0.0331, 0.0183, 0.7973, 0.0774, 0.0393], [0.0518, 0.0408, 0.0613, 0.0685, 0.7056, 0.0557, 0.0163], [0.0538, 0.0536, 0.0271, 0.0225, 0.7499, 0.0522, 0.0407], [0.0444, 0.04, 0.0411, 0.0662, 0.6907, 0.0476, 0.07], [0.0197, 0.0515, 0.0497, 0.0715, 0.6689, 0.0714, 0.0674], [0.0647, 0.0736, 0.0911, 0.0875, 0.6072, 0.0424, 0.0336], [0.0696, 0.0278, 0.0476, 0.0513, 0.7054, 0.0577, 0.0407], [0.0268, 0.0328, 0.0672, 0.0537, 0.7091, 0.0645, 0.0459], [0.0601, 0.0249, 0.0801, 0.0391, 0.6973, 0.0265, 0.072], [0.0558, 0.0209, 0.0305, 0.0576, 0.6973, 0.0643, 0.0735], [0.0728, 0.0718, 0.0488, 0.0423, 0.6908, 0.0185, 0.0549], [0.0581, 0.0204, 0.0159, 0.017, 0.8414, 0.0327, 0.0145], [0.0196, 0.0121, 0.0637, 0.0221, 0.7489, 0.0626, 0.0711], [0.0379, 0.0279, 0.0585, 0.058, 0.7744, 0.0219, 0.0214], [0.0521, 0.0775, 0.0371, 0.0677, 0.661, 0.0348, 0.0698], [0.0511, 0.05, 0.0673, 0.0527, 0.6724, 0.0467, 0.0599], [0.0512, 0.0511, 0.0575, 0.0615, 0.7256, 0.0188, 0.0344], [0.0597, 0.0176, 0.0711, 0.0773, 0.7146, 0.0449, 0.0149], [0.0608, 0.0426, 0.0303, 0.0234, 0.7319, 0.0688, 0.0423], [0.0583, 0.0885, 0.0746, 0.0477, 0.6379, 0.0681, 0.025], [0.0173, 0.0409, 0.0787, 0.0855, 0.6591, 0.0803, 0.0382], [0.0484, 0.0593, 0.0471, 0.0264, 0.7464, 0.0491, 0.0233], [0.0435, 0.0779, 0.0702, 0.0507, 0.6687, 0.0509, 0.0382], [0.0544, 0.0454, 0.0753, 0.0444, 0.626, 0.0639, 0.0905], [0.0786, 0.0282, 0.0633, 0.0516, 0.7159, 0.0509, 0.0115], [0.0449, 0.0314, 0.0852, 0.0273, 0.7005, 0.0579, 0.0529], [0.0481, 0.0731, 0.0589, 0.0199, 0.7052, 0.0468, 0.0481], [0.0505, 0.0933, 0.0734, 0.0691, 0.6425, 0.0501, 0.0212], [0.0388, 0.0151, 0.0224, 0.0729, 0.7123, 0.0732, 0.0654], [0.0823, 0.0637, 0.0564, 0.0445, 0.6766, 0.0245, 0.052], [0.0647, 0.0819, 0.016, 0.0802, 0.6601, 0.0826, 0.0144], [0.0879, 0.0315, 0.0346, 0.0249, 0.7231, 0.0219, 0.0761], [0.0722, 0.0234, 0.0385, 0.0566, 0.742, 0.0499, 0.0174], [0.0961, 0.0807, 0.0564, 0.0463, 0.6081, 0.0237, 0.0888], [0.0481, 0.0252, 0.0229, 0.0722, 0.7148, 0.0456, 0.0711], [0.0753, 0.0262, 0.0228, 0.0211, 0.7996, 0.014, 0.0409], [0.0485, 0.0363, 0.0588, 0.0407, 0.6766, 0.0671, 0.0718], [0.0889, 0.0778, 0.0865, 0.0646, 0.637, 0.0275, 0.0177], [0.0206, 0.0812, 0.0503, 0.0242, 0.7242, 0.0641, 0.0355], [0.0385, 0.0722, 0.0355, 0.0629, 0.7444, 0.0272, 0.0193], [0.063, 0.0619, 0.0713, 0.0542, 0.6241, 0.0597, 0.0658], [0.0438, 0.0338, 0.0212, 0.0287, 0.7479, 0.0385, 0.0861], [0.0179, 0.0464, 0.0392, 0.0509, 0.7954, 0.0124, 0.0378], [0.0576, 0.0586, 0.0209, 0.017, 0.7714, 0.0388, 0.0357], [0.0363, 0.0546, 0.0494, 0.0373, 0.6959, 0.0851, 0.0415], [0.0312, 0.0535, 0.0298, 0.0688, 0.6845, 0.0552, 0.0769], [0.0719, 0.0445, 0.0732, 0.0267, 0.7309, 0.0229, 0.0299], [0.0459, 0.0754, 0.0808, 0.0537, 0.6469, 0.0307, 0.0666], [0.0242, 0.0703, 0.0598, 0.0328, 0.7052, 0.0611, 0.0466], [0.0374, 0.0679, 0.0414, 0.0455, 0.679, 0.0641, 0.0646], [0.0716, 0.0486, 0.0448, 0.0569, 0.7021, 0.0138, 0.0623], [0.0724, 0.0594, 0.0309, 0.0241, 0.7412, 0.016, 0.0561], [0.0822, 0.0608, 0.031, 0.0844, 0.6153, 0.0515, 0.0747], [0.0749, 0.0212, 0.0674, 0.0622, 0.6456, 0.0733, 0.0554], [0.0437, 0.0496, 0.0547, 0.0458, 0.6941, 0.0324, 0.0797], [0.0763, 0.0271, 0.0485, 0.0179, 0.741, 0.0227, 0.0664], [0.0562, 0.0508, 0.0157, 0.0833, 0.6878, 0.0381, 0.0681], [0.032, 0.0676, 0.0706, 0.034, 0.6656, 0.054, 0.0762], [0.0504, 0.0442, 0.0121, 0.0326, 0.7646, 0.0168, 0.0792], [0.0297, 0.0131, 0.0752, 0.0464, 0.7547, 0.0473, 0.0335], [0.0842, 0.095, 0.026, 0.0418, 0.7054, 0.015, 0.0326], [0.0665, 0.0896, 0.0176, 0.0329, 0.6976, 0.043, 0.0529], [0.0594, 0.0566, 0.0297, 0.0719, 0.6622, 0.0541, 0.0661], [0.0479, 0.0808, 0.0258, 0.022, 0.7837, 0.0207, 0.0191], [0.0175, 0.0598, 0.0754, 0.0715, 0.608, 0.0836, 0.0843], [0.0806, 0.0128, 0.015, 0.0448, 0.7454, 0.0812, 0.0201], [0.0272, 0.0848, 0.0627, 0.0618, 0.6744, 0.0445, 0.0446], [0.0708, 0.0309, 0.0268, 0.0891, 0.6735, 0.0732, 0.0357], [0.0263, 0.0849, 0.0342, 0.0618, 0.6692, 0.056, 0.0675], [0.0683, 0.0825, 0.0318, 0.0227, 0.7099, 0.0637, 0.021], [0.0247, 0.0483, 0.0632, 0.035, 0.7948, 0.0115, 0.0224], [0.0169, 0.0937, 0.0368, 0.0363, 0.7409, 0.0363, 0.0392], [0.0464, 0.0429, 0.0694, 0.0358, 0.7191, 0.0391, 0.0472], [0.0174, 0.0534, 0.0666, 0.0499, 0.6465, 0.0862, 0.0799], [0.0581, 0.0649, 0.0619, 0.0609, 0.6082, 0.0727, 0.0732]], "emotions": ["red", "red", "red", "red", "red", "red", "red", "red", "red", "red", "red", "red", "red", "red", "red", "red", "red", "red", "red", "red", "red", "red", "red", "red", "red", "red", "red", "red", "red", "red", "red", "red", "red", "red", "red", "red", "red", "red", "red", "red", "red", "red", "red", "red", "red", "red", "red", "red", "red", "red", "red", "red", "red", "red", "red", "red", "red", "red", "red", "red", "red", "red", "red", "red", "red", "red", "red", "red", "red", "red", "red", "red", "red", "red", "red", "red", "red", "red", "red", "red"], "timestamps": [0, 40, 80, 120, 160, 200, 240, 280, 320, 360, 400, 440, 480, 520, 560, 600, 640, 680, 720, 760, 800, 840, 880, 920, 960, 1000, 1040, 1080, 1120, 1160, 1200, 1240, 1280, 1320, 1360, 1400, 1440, 1480, 1520, 1560, 1600, 1640, 1680, 1720, 1760, 1800, 1840, 1880, 1920, 1960, 2000, 2040, 2080, 2120, 2160, 2200, 2240, 2280, 2320, 2360, 2400, 2440, 2480, 2520, 2560, 2600, 2640, 2680, 2720, 2760, 2800, 2840, 2880, 2920, 2960, 3000, 3040, 3080, 3120, 3160]}], "conversation": [], "conversation_timestamps": []}