{
  "agent_id": "agent-type-purple-24",
  "type": "purple",
  "trips": [
    {
      "trip_id": 0,
      "transport_method": "bicycle",
      "start_time": 0,
      "path": [
        [
          1.5233713000000002,
          42.5095871
        ],
        [
          1.5223607140681716,
          42.50924326786131
        ],
        [
          1.5231929206391006,
          42.50856505000774
        ],
        [
          1.5237638331891532,
          42.50887209814134
        ],
        [
          1.5233793424663684,
          42.508465025757864
        ],
        [
          1.5225002447674383,
          42.50836459825381
        ],
        [
          1.522305581733972,
          42.50803358353392
        ],
        [
          1.522067211211654,
          42.50837108750347
        ],
        [
          1.521105477593517,
          42.5082560943904
        ],
        [
          1.5214266287446963,
          42.508121433101714
        ],
        [
          1.5204481099882572,
          42.5076008021782
        ],
        [
          1.519563425620768,
          42.50793825375885
        ],
        [
          1.5195952602084652,
          42.508117602878485
        ],
        [
          1.5188166524260491,
          42.50817028080924
        ],
        [
          1.5178558247094422,
          42.508047062249496
        ],
        [
          1.516932362127895,
          42.50743803659586
        ],
        [
          1.5158539437767748,
          42.50718197141824
        ],
        [
          1.5153980207840692,
          42.506861190116155
        ],
        [
          1.51642181361634,
          42.506504387721705
        ],
        [
          1.517526747759075,
          42.50659200082253
        ],
        [
          1.517761699060825,
          42.507262418461025
        ],
        [
          1.5176910921365523,
          42.50660204582392
        ],
        [
          1.5177417726804439,
          42.50606501665012
        ],
        [
          1.518132870560824,
          42.50625561743508
        ],
        [
          1.5187897207438823,
          42.506616108505426
        ],
        [
          1.5183396055543321,
          42.50563962298128
        ],
        [
          1.5175237000000004,
          42.5052188
        ]
      ],
      "emotions": [
        "purple",
        "purple",
        "purple",
        "purple",
        "purple",
        "red",
        "red",
        "red",
        "red",
        "red",
        "purple",
        "purple",
        "purple",
        "purple",
        "purple",
        "red",
        "red",
        "red",
        "red",
        "red",
        "red",
        "red",
        "red",
        "red",
        "red",
        "red",
        "red"
      ],
      "mood_vectors": [
        [
          0.09145844196855166,
          0.14193445015960254,
          0.18544121946706277,
          0.15467464691617344,
          0.07272948824867234,
          0.17915442907076778,
          0.1746073241691695
        ],
        [
          0.13351697131732967,
          0.1883821468053329,
          0.052952923441934724,
          0.07830276846330261,
          0.053406234728791156,
          0.2570761166150863,
          0.23636283862822258
        ],
        [
          0.17820173988890897,
          0.2606261548883679,
          0.028490233242170503,
          0.2049503589470638,
          0.1169417888918484,
          0.1865048109127289,
          0.024284913228911457
        ],
        [
          0.0897791863221585,
          0.03875040623259147,
          0.2256126742198669,
          0.1442037359990761,
          0.2372255870417796,
          0.027973535213260108,
          0.23645487497126735
        ],
        [
          0.18970566387106425,
          0.1046764073472347,
          0.17225315535147281,
          0.04109396548496747,
          0.2604572292248219,
          0.19828071610478393,
          0.033532862615654926
        ],
        [
          0.16000612935062355,
          0.10129201389097883,
          0.15654680661030138,
          0.10907750067013475,
          0.25493913113992106,
          0.12407275190342765,
          0.09406566643461273
        ],
        [
          0.057472431788265124,
          0.22281926944848643,
          0.15599235058722932,
          0.1441083076639941,
          0.198686909876359,
          0.11051746553065414,
          0.11040326510501183
        ],
        [
          0.14926372519501338,
          0.04324148364363861,
          0.214220909774497,
          0.14609787710173328,
          0.20091067872958163,
          0.14408929917378874,
          0.10217602638174722
        ],
        [
          0.1151251874223408,
          0.051307003755271904,
          0.3679884340952284,
          0.023820767576089988,
          0.29993281598203964,
          0.0066856436662402615,
          0.13514014750278897
        ],
        [
          0.19483941403011237,
          0.14569302193655106,
          0.11143619671303412,
          0.1926131046040891,
          0.10381666079676712,
          0.07137248675806057,
          0.1802291151613856
        ],
        [
          0.13859329204432402,
          0.27102427141781565,
          0.12141077683344534,
          0.12689042336615317,
          0.054794691378554174,
          0.08706510091815842,
          0.20022144404154923
        ],
        [
          0.13500870050396868,
          0.027359212318556456,
          0.08940609621185594,
          0.036012044756893014,
          0.2796657612065464,
          0.19217081782280332,
          0.24037736717937622
        ],
        [
          0.2078671644211382,
          0.3158347080967156,
          0.04829965683310358,
          0.023442533004100867,
          0.08279589282438862,
          0.15553350495563445,
          0.16622653986491862
        ],
        [
          0.11415807229924427,
          0.12104359837774112,
          0.1801380400723925,
          0.0426250999556441,
          0.15580877747523506,
          0.23965224650316347,
          0.14657416531657946
        ],
        [
          0.06971843014212784,
          0.3066735164316737,
          0.15036157181382653,
          0.10055626664107646,
          0.05061132455871399,
          0.1016910304840523,
          0.22038785992852925
        ],
        [
          0.23633451698690233,
          0.08912259092272075,
          0.29237831060393554,
          0.03987914179579268,
          0.15346976554996056,
          0.02300630819321557,
          0.16580936594747248
        ],
        [
          0.1949461234232844,
          0.18312872695114146,
          0.18839154859872678,
          0.11201084445254193,
          0.03383130651562476,
          0.11480938708246058,
          0.17288206297622005
        ],
        [
          0.09278634077299619,
          0.07887276186911699,
          0.2173308730401096,
          0.07455330730076483,
          0.20165376782457198,
          0.11764700856457018,
          0.2171559406278702
        ],
        [
          0.07189570997497288,
          0.09395899274582938,
          0.23077900398087606,
          0.029435023921073698,
          0.17039722923053266,
          0.13937108790548328,
          0.2641629522412321
        ],
        [
          0.09717136710411321,
          0.1732192322551082,
          0.12054885234446581,
          0.1414024436751061,
          0.21798875151803299,
          0.06221243900147316,
          0.18745691410170057
        ],
        [
          0.20155213160229454,
          0.16610212677615277,
          0.19793686715557918,
          0.12984573693016174,
          0.1526053113971276,
          0.09621383878427707,
          0.05574398735440714
        ],
        [
          0.1736610167468637,
          0.016559660297148657,
          0.07231475958474909,
          0.22978908646106397,
          0.21141338732234954,
          0.13856442709001038,
          0.15769766249781467
        ],
        [
          0.0029337592924249664,
          0.11981563905672418,
          0.14723240992006126,
          0.05454617499952827,
          0.15827164955775516,
          0.2621808401906329,
          0.25501952698287317
        ],
        [
          0.1339890303890298,
          0.1607614526677163,
          0.1093633354734742,
          0.17039236079436637,
          0.09893661145191582,
          0.11714133128245793,
          0.20941587794103964
        ],
        [
          0.17644015334937538,
          0.14767783289499334,
          0.1542286811842196,
          0.06663761942966914,
          0.09104850632299026,
          0.22499623048016373,
          0.13897097633858854
        ],
        [
          0.005510697707887971,
          0.04167123358808239,
          0.12540379861563225,
          0.1837810003828188,
          0.22655208025052767,
          0.3000174639965317,
          0.11706372545851926
        ],
        [
          0.03256892846218835,
          0.1475726329850327,
          0.279463919431517,
          0.29030343759313304,
          0.03139778831415732,
          0.2036897757776609,
          0.015003517436310655
        ]
      ],
      "timestamps": [
        0,
        1,
        2,
        3,
        4,
        5,
        6,
        7,
        8,
        9,
        10,
        11,
        12,
        13,
        14,
        15,
        16,
        17,
        18,
        19,
        20,
        21,
        22,
        23,
        24,
        25,
        26
      ],
      "distance": 1032.7
    },
    {
      "trip_id": 1,
      "transport_method": "foot",
      "start_time": 27,
      "path": [
        [
          1.5175237000000004,
          42.5052188
        ],
        [
          1.5178594044511202,
          42.50531856806025
        ],
        [
          1.5183315536643343,
          42.505053696981655
        ],
        [
          1.5184516301787772,
          42.504793165024736
        ],
        [
          1.518226245831513,
          42.504806134330344
        ],
        [
          1.5185224560070654,
          42.504937587688
        ],
        [
          1.5180562957843258,
          42.50520811395309
        ],
        [
          1.5175702949775347,
          42.50542622347368
        ],
        [
          1.5171764233173441,
          42.50522641725551
        ],
        [
          1.5171053651216722,
          42.50468973084741
        ],
        [
          1.517034306926,
          42.504153044439306
        ],
        [
          1.5174134698692416,
          42.50402060050865
        ],
        [
          1.5173237689417192,
          42.504018572766086
        ],
        [
          1.5170460837393758,
          42.50424199203514
        ],
        [
          1.5171171419350478,
          42.504778678443245
        ],
        [
          1.517221287492744,
          42.50527832677387
        ],
        [
          1.5176598309498646,
          42.50542042021621
        ],
        [
          1.5181365028023588,
          42.505342647758866
        ],
        [
          1.5185526814712733,
          42.50501299341617
        ],
        [
          1.5187807427765987,
          42.50452315299106
        ],
        [
          1.5192018507373155,
          42.50446037221631
        ],
        [
          1.5197250679660974,
          42.504599387680614
        ],
        [
          1.519938567296614,
          42.50436292224648
        ],
        [
          1.5203147881023549,
          42.5043822589129
        ],
        [
          1.5208118857006936,
          42.504596675338426
        ],
        [
          1.5210706371034317,
          42.50470805324184
        ],
        [
          1.5215894311361091,
          42.50486125128207
        ],
        [
          1.5215447878058241,
          42.504873721800735
        ],
        [
          1.521204578673085,
          42.50509778767028
        ],
        [
          1.5212166299105891,
          42.50506251011083
        ],
        [
          1.5215814538762908,
          42.50488045513588
        ],
        [
          1.5220145288478322,
          42.504764643250596
        ],
        [
          1.52194969595601,
          42.50529318058661
        ],
        [
          1.5218135832351345,
          42.5058171548065
        ],
        [
          1.5214968600452496,
          42.506155623572646
        ],
        [
          1.5209887271608593,
          42.50597398387547
        ],
        [
          1.5207399582488115,
          42.50593225591044
        ],
        [
          1.5212462866839205,
          42.506123862495954
        ],
        [
          1.5210103986006103,
          42.50642566797276
        ],
        [
          1.5214899065442253,
          42.506429576234375
        ],
        [
          1.5212706172229407,
          42.506133069744024
        ],
        [
          1.5207642887878317,
          42.50594146315851
        ],
        [
          1.52113737445689,
          42.50603090079329
        ],
        [
          1.521590107584218,
          42.50630058395585
        ],
        [
          1.521931502754516,
          42.50671480993201
        ],
        [
          1.5223062880373959,
          42.50710547290638
        ],
        [
          1.5223675669542716,
          42.50751551372695
        ],
        [
          1.5218490480558948,
          42.50749153150873
        ],
        [
          1.5214358639427847,
          42.507177826972715
        ],
        [
          1.52122016757273,
          42.50680059930195
        ],
        [
          1.521689123708024,
          42.50659703154756
        ],
        [
          1.521256045456873,
          42.50677295797486
        ],
        [
          1.5214045100731983,
          42.50714514363758
        ],
        [
          1.5218042125474214,
          42.507485243584654
        ],
        [
          1.5219492164899115,
          42.50709406715593
        ],
        [
          1.5214328,
          42.506931599999994
        ]
      ],
      "emotions": [
        "red",
        "red",
        "red",
        "purple",
        "purple",
        "purple",
        "purple",
        "purple",
        "purple",
        "purple",
        "purple",
        "purple",
        "purple",
        "purple",
        "purple",
        "purple",
        "purple",
        "purple",
        "green",
        "green",
        "green",
        "green",
        "green",
        "red",
        "red",
        "red",
        "red",
        "red",
        "red",
        "red",
        "red",
        "red",
        "red",
        "green",
        "green",
        "green",
        "green",
        "green",
        "green",
        "green",
        "green",
        "green",
        "green",
        "green",
        "green",
        "green",
        "green",
        "green",
        "red",
        "red",
        "red",
        "red",
        "red",
        "green",
        "green",
        "green"
      ],
      "mood_vectors": [
        [
          0.17938445129573796,
          0.1148097755016185,
          0.015905535843565292,
          0.044049152778771465,
          0.13160819302328028,
          0.31037235145599773,
          0.20387054010102873
        ],
        [
          0.17597758199747743,
          0.22625957067817723,
          0.13066384541716433,
          0.12331409724891972,
          0.05010004057837195,
          0.16094092008083405,
          0.13274394399905529
        ],
        [
          0.053702186058043326,
          0.08471804148894989,
          0.06631469834751536,
          0.02313055960215298,
          0.33244502747096566,
          0.2567041326266106,
          0.1829853544057622
        ],
        [
          0.33162476905020105,
          0.045523900025445985,
          0.05644216667991592,
          0.11402481152528388,
          0.2607041151551138,
          0.05076146219428602,
          0.14091877536975322
        ],
        [
          0.1018811099863588,
          0.17744892896296485,
          0.1559339001929401,
          0.22175447174770702,
          0.105553925174814,
          0.053793780166375635,
          0.1836338837688395
        ],
        [
          0.053135353511646555,
          0.33083603000544565,
          0.07892339721286065,
          0.06939116307771541,
          0.0883757612708132,
          0.0853382438126941,
          0.2940000511088245
        ],
        [
          0.09258375470371952,
          0.16184877009692844,
          0.11911912033443547,
          0.18517415893117734,
          0.19415387654272817,
          0.10034490801806821,
          0.1467754113729429
        ],
        [
          0.26032698391014153,
          0.04206019679808845,
          0.1322152918354645,
          0.0022397104503612793,
          0.12693850985688096,
          0.23266236284583475,
          0.20355694430322854
        ],
        [
          0.13811353126041337,
          0.11948101186976633,
          0.20346403728020493,
          0.18963645275734048,
          0.14268083782989335,
          0.0998770045124113,
          0.10674712448997015
        ],
        [
          0.15548519524906132,
          0.21702335615403912,
          0.19829899747815746,
          0.21114119612715965,
          0.02949682213053528,
          0.0852523590586747,
          0.10330207380237247
        ],
        [
          0.20722543763549933,
          0.10432208075047786,
          0.06550360036992615,
          0.25757845685246017,
          0.03807069914349137,
          0.0652320381132857,
          0.2620676871348594
        ],
        [
          0.09780947285223049,
          0.15702284812636796,
          0.16652088351736502,
          0.18883378540969561,
          0.04167145130792669,
          0.10951888022945969,
          0.23862267855695454
        ],
        [
          0.07020881116225042,
          0.22498470049624647,
          0.013766967538466061,
          0.18496981346975358,
          0.22902545035475685,
          0.2266390739759655,
          0.050405183002561096
        ],
        [
          0.19853593016108848,
          0.024128640718831248,
          0.13201265133287746,
          0.1696625995513588,
          0.046033055885480095,
          0.2134683452701462,
          0.21615877708021775
        ],
        [
          0.18411576236715838,
          0.23953455065864981,
          0.0018026105078191208,
          0.00785278724881724,
          0.26876199348354085,
          0.14585146264750057,
          0.152080833086514
        ],
        [
          0.07298232348081256,
          0.1770739918492171,
          0.10782681019130415,
          0.23998175264607768,
          0.10249783155309858,
          0.03317887973394996,
          0.2664584105455401
        ],
        [
          0.17294728514022845,
          0.12810130096569244,
          0.11897970927928796,
          0.24373593909181732,
          0.05819719608704313,
          0.06454298908343406,
          0.2134955803524967
        ],
        [
          0.24778498101903246,
          0.06258537590439024,
          0.24611706153378832,
          0.02794922417225887,
          0.23318677559533652,
          0.16285824158450943,
          0.019518340190684203
        ],
        [
          0.06578255103846227,
          0.21853606954077073,
          0.0814994870995582,
          0.1565202518723415,
          0.19583662410102237,
          0.053477044310188585,
          0.22834797203765642
        ],
        [
          0.2775552709616344,
          0.044875895137515824,
          0.16113733573603475,
          0.0012083651501821528,
          0.27111554854114167,
          0.2136784186135966,
          0.03042916585989459
        ],
        [
          0.03308649510723236,
          0.08332942866743973,
          0.05053950150720634,
          0.1793198356848399,
          0.26690852833552325,
          0.2525525327387477,
          0.13426367795901076
        ],
        [
          0.18849402948505375,
          0.20387727503129413,
          0.026464500190831762,
          0.13273794850234083,
          0.20519955051893357,
          0.16847067904897198,
          0.07475601722257395
        ],
        [
          0.13992081621837402,
          0.07551628796447028,
          0.05264319834816165,
          0.019248271104543586,
          0.23938789384410758,
          0.17165777246001931,
          0.30162576006032354
        ],
        [
          0.17978128928775722,
          0.0716645696041532,
          0.15636176277260824,
          0.1434183180354399,
          0.22631459965164685,
          0.15892624005761635,
          0.06353322059077826
        ],
        [
          0.16647385608645676,
          0.14241454667406936,
          0.09650819359676718,
          0.12430675565736582,
          0.17317356904524403,
          0.1211473082778788,
          0.1759757706622181
        ],
        [
          0.10958846019474608,
          0.16415405238923314,
          0.055379314805438125,
          0.1831908957160972,
          0.16135960089613427,
          0.07762720426317951,
          0.2487004717351717
        ],
        [
          0.13367788485369822,
          0.10739602341645371,
          0.17004037872935224,
          0.16011083185144923,
          0.0761344384941447,
          0.16485943510851847,
          0.18778100754638338
        ],
        [
          0.19393417801381058,
          0.2544778081025327,
          0.16317061714589093,
          0.09152626565692558,
          0.05820637638219773,
          0.04139120588804713,
          0.19729354881059535
        ],
        [
          0.1517936559244996,
          0.19988808253774112,
          0.22759409087152238,
          0.12771481576937713,
          0.06573338548387692,
          0.04669905871038704,
          0.18057691070259582
        ],
        [
          0.11948803029251963,
          0.10362744086141115,
          0.24204408535078356,
          0.136634469193369,
          0.014025758783036454,
          0.24774473304314534,
          0.1364354824757348
        ],
        [
          0.02131732408646012,
          0.2178341984121472,
          0.035925264114852515,
          0.25595657063009497,
          0.20140470071049008,
          0.11660673340141395,
          0.1509552086445412
        ],
        [
          0.14251570106120753,
          0.1878818847878849,
          0.19938316219307162,
          0.19000315858462208,
          0.11071899232507244,
          0.12709798730864244,
          0.04239911373949904
        ],
        [
          0.03295392990897431,
          0.19359934731505718,
          0.056103089124390854,
          0.27185874038245567,
          0.06583596825095013,
          0.2134977829456293,
          0.1661511420725425
        ],
        [
          0.1806675204931226,
          0.13445335784742715,
          0.01321191946257676,
          0.04577202477116003,
          0.21391269713063857,
          0.20398045258528277,
          0.2080020277097921
        ],
        [
          0.17884910393622694,
          0.15466978288861424,
          0.060765208810294485,
          0.17562596361161506,
          0.11054211086397463,
          0.17927493594758218,
          0.14027289394169248
        ],
        [
          0.2318435837725745,
          0.008867287805020862,
          0.28238861973372426,
          0.022340582227050036,
          0.0705732423925791,
          0.14897335236886416,
          0.2350133317001871
        ],
        [
          0.15940629487481883,
          0.2861768207258543,
          0.08998354093385838,
          0.002752568981910386,
          0.11270716123418639,
          0.1550498276642723,
          0.1939237855850994
        ],
        [
          0.09678483825258329,
          0.2204573534888117,
          0.11709927430206049,
          0.0009410731625599298,
          0.09384810568542383,
          0.2551229981376178,
          0.21574635697094288
        ],
        [
          0.16299800564516315,
          0.005999731943419769,
          0.18875265266127406,
          0.11383166480783447,
          0.1799074518521851,
          0.09066067450194933,
          0.25784981858817413
        ],
        [
          0.0636334135107913,
          0.12024592427885569,
          0.26253106000129917,
          0.05035059179680457,
          0.18781296356076674,
          0.1779640165394832,
          0.13746203031199938
        ],
        [
          0.21265463037616245,
          0.12479959139534164,
          0.005009014181076409,
          0.21130457018904478,
          0.11144603926054088,
          0.1666341098404425,
          0.16815204475739143
        ],
        [
          0.21508944646046518,
          0.0680125443495749,
          0.2146402321546585,
          0.02868170469534297,
          0.06249035853582998,
          0.18486184856503463,
          0.22622386523909385
        ],
        [
          0.2465107488087169,
          0.22973813299585935,
          0.1916041391796666,
          0.07968029947747861,
          0.05153962902346823,
          0.16824078041990848,
          0.032686270094901895
        ],
        [
          0.1069154219471111,
          0.01415429051514792,
          0.13758573928346035,
          0.15380389249720242,
          0.1591483620668232,
          0.2175206596340801,
          0.21087163405617487
        ],
        [
          0.18592981342374146,
          0.1436627505592288,
          0.23413760991234908,
          0.08729135568204237,
          0.036538015819302286,
          0.165929772561638,
          0.14651068204169795
        ],
        [
          0.09955501151897414,
          0.4087740589543437,
          0.0666661036013229,
          0.09498061508939705,
          0.2028601719055253,
          0.012782471240636365,
          0.11438156768980048
        ],
        [
          0.08449723379250144,
          0.22843401993313706,
          0.09526392663452772,
          0.21071359394558334,
          0.04522916034890219,
          0.24247209499731,
          0.09338997034803817
        ],
        [
          0.19132350385629573,
          0.11772917168517794,
          0.19264036375623173,
          0.17636204975210057,
          0.07841495132546372,
          0.13694104812404176,
          0.1065889115006886
        ],
        [
          0.1790579693128403,
          0.17648813645210532,
          0.07109506440974733,
          0.1702484267710826,
          0.16465381148369743,
          0.10594471358560704,
          0.1325118779849201
        ],
        [
          0.21759803020810115,
          0.2459737538825976,
          0.12584546531481058,
          0.290630627301418,
          0.01208021573372529,
          0.09126398765882722,
          0.0166079199005202
        ],
        [
          0.095184114226773,
          0.19715061315775978,
          0.16484824485692592,
          0.08210152943540701,
          0.18735971172434826,
          0.19789166898677957,
          0.07546411761200657
        ],
        [
          0.016655647679259578,
          0.04844517365446443,
          0.05629191023270937,
          0.2817229463346263,
          0.10275971105723174,
          0.19615583953169888,
          0.2979687715100097
        ],
        [
          0.1615663279392957,
          0.19471682092360815,
          0.20374357221257158,
          0.18315161828739898,
          0.0034962796879279877,
          0.04664816008815526,
          0.2066772208610424
        ],
        [
          0.1792197795792199,
          0.18375808715044342,
          0.16302320470351128,
          0.04846999671079747,
          0.1854646138071281,
          0.10837440238636552,
          0.1316899156625343
        ],
        [
          0.1883784673826703,
          0.14092833870580176,
          0.06616332439895081,
          0.18542334183076561,
          0.10177225129465124,
          0.05838973117370171,
          0.25894454521345855
        ],
        [
          0.24152923440121696,
          0.2664492455081406,
          0.0400637657550931,
          0.06650417289030527,
          0.11577605325013139,
          0.24292929401960936,
          0.026748234175503406
        ]
      ],
      "timestamps": [
        27,
        28,
        29,
        30,
        31,
        32,
        33,
        34,
        35,
        36,
        37,
        38,
        39,
        40,
        41,
        42,
        43,
        44,
        45,
        46,
        47,
        48,
        49,
        50,
        51,
        52,
        53,
        54,
        55,
        56,
        57,
        58,
        59,
        60,
        61,
        62,
        63,
        64,
        65,
        66,
        67,
        68,
        69,
        70,
        71,
        72,
        73,
        74,
        75,
        76,
        77,
        78,
        79,
        80,
        81,
        82
      ],
      "distance": 375.2
    },
    {
      "trip_id": 2,
      "transport_method": "bicycle",
      "start_time": 83,
      "path": [
        [
          1.5216587000000004,
          42.50746370000001
        ],
        [
          1.5207625814482235,
          42.50745852702434
        ],
        [
          1.5211622418815192,
          42.50750996238204
        ],
        [
          1.5214450436268903,
          42.50751180353923
        ],
        [
          1.5213168109007258,
          42.50793695494844
        ],
        [
          1.520975882321646,
          42.50773744310649
        ],
        [
          1.5205302374135183,
          42.507644498915724
        ],
        [
          1.521321361242941,
          42.50806542444956
        ],
        [
          1.5213767132483393,
          42.508432313615764
        ],
        [
          1.521573493613391,
          42.50839807220423
        ],
        [
          1.521108450563959,
          42.507952143142795
        ],
        [
          1.5203113119282807,
          42.50754405741317
        ],
        [
          1.5195522183922137,
          42.507875114678995
        ],
        [
          1.519850442470081,
          42.508640739300404
        ],
        [
          1.5195686094531555,
          42.50796745833922
        ],
        [
          1.5188704814821392,
          42.50814428547447
        ],
        [
          1.5185615000000001,
          42.5082935
        ]
      ],
      "emotions": [
        "green",
        "green",
        "purple",
        "purple",
        "purple",
        "purple",
        "purple",
        "purple",
        "purple",
        "purple",
        "purple",
        "purple",
        "green",
        "green",
        "green",
        "green",
        "green"
      ],
      "mood_vectors": [
        [
          0.045899346786557244,
          0.3217678947930884,
          0.24555055469896298,
          0.20759950023800805,
          0.09633992814209558,
          0.004375211145155911,
          0.07846756419613186
        ],
        [
          0.1985083216003983,
          0.29594062373120883,
          0.054403357139795584,
          0.024363970733215105,
          0.11556983029329493,
          0.04618724424444675,
          0.26502665225764055
        ],
        [
          0.21658121238578815,
          0.25344378950559404,
          0.007845145867721557,
          0.0019115113125339931,
          0.24503477075890606,
          0.061833058290667896,
          0.2133505118787884
        ],
        [
          0.1387561679694561,
          0.04111802511422312,
          0.069517739988425,
          0.28784612191477404,
          0.029750190084581758,
          0.1940368500750542,
          0.23897490485348585
        ],
        [
          0.2037583611236022,
          0.005647743689473012,
          0.21619891172492306,
          0.20956676050411754,
          0.04518130253984789,
          0.1733756600555502,
          0.14627126036248608
        ],
        [
          0.09482701195262386,
          0.20716381567502803,
          0.11931665522575773,
          0.011338587116037122,
          0.04243113815127607,
          0.2493757879913815,
          0.2755470038878956
        ],
        [
          0.2588827594463851,
          0.015965337343599763,
          0.10080264160589529,
          0.1616168459434141,
          0.0351695813976119,
          0.25728903817229226,
          0.1702737960908015
        ],
        [
          0.10578815326192405,
          0.13967129260639533,
          0.19891431108259783,
          0.12449421603462565,
          0.052711159421010755,
          0.21144624593014347,
          0.1669746216633029
        ],
        [
          0.010045834562629117,
          0.3775892135344811,
          0.2342832565546496,
          0.02532033733478683,
          0.28205065276481284,
          0.005984143039802332,
          0.06472656220883813
        ],
        [
          0.1427848637061856,
          0.16906253456761117,
          0.2557316627227364,
          0.09883021144210392,
          0.11910895005801868,
          0.1299534583477098,
          0.08452831915563451
        ],
        [
          0.27385016285762037,
          0.2854741692209547,
          0.045775033002765045,
          0.19498110342573305,
          0.12236008332252063,
          0.004634780371918851,
          0.07292466779848734
        ],
        [
          0.027770973482100617,
          0.16611608042208392,
          0.07840133921695285,
          0.2394190974296083,
          0.05844373005712592,
          0.1490956737159056,
          0.28075310567622286
        ],
        [
          0.046312977004385726,
          0.18303576104969554,
          0.09718282928647601,
          0.03053387897756928,
          0.2210927138134823,
          0.2353101233288135,
          0.18653171653957767
        ],
        [
          0.09618029401656515,
          0.29453107391029604,
          0.1224495196435676,
          0.30026050351074,
          0.09917993213931023,
          0.08487006495387307,
          0.002528611825647959
        ],
        [
          0.16111046055692232,
          0.18831523849671547,
          0.10402014025681147,
          0.050583329402819344,
          0.20053177957114904,
          0.1346071724326928,
          0.16083187928288964
        ],
        [
          0.2295728869508148,
          0.22674354953530984,
          0.03689072704260374,
          0.12306177674149534,
          0.0841313665983525,
          0.15059924684474862,
          0.14900044628667508
        ],
        [
          0.13583134372518052,
          0.18406938287794222,
          0.26273704505172213,
          0.27603890761557365,
          0.042497077279956844,
          0.001876485872089029,
          0.09694975757753557
        ]
      ],
      "timestamps": [
        83,
        84,
        85,
        86,
        87,
        88,
        89,
        90,
        91,
        92,
        93,
        94,
        95,
        96,
        97,
        98,
        99
      ],
      "distance": 554.4
    }
  ],
  "conversation": [
    "I wish I had more time to explore.I should be coding, but this walk is worth it.",
    "There's a temple hidden back here? No way.",
    "Oh nice, free books again."
  ],
  "conversation_timestamps": [
    9,
    63,
    69
  ]
}
