{"agent_id": "agent-purple-814", "type": "purple", "trips": [{"trip_id": 0, "transport_method": "foot", "start_time": 0, "path": [[1.491739, 42.4649267], [1.4916606, 42.4682695], [1.4912704, 42.4717834], [1.4908334, 42.4752991], [1.490241, 42.4789435], [1.4895137, 42.4812854], [1.4903394, 42.4777933], [1.4904452, 42.4788229], [1.4901494, 42.4825566], [1.4926325, 42.4848654], [1.4946547, 42.4876256], [1.496299, 42.490825], [1.4993206, 42.4928863], [1.5023404, 42.4949387], [1.5057839, 42.4963808], [1.5092513, 42.4977836], [1.5118841, 42.5003539], [1.5135251, 42.5019715], [1.5150973, 42.5027931], [1.5167865, 42.5037141], [1.5203727, 42.5040133], [1.5238718, 42.5049063], [1.5275725, 42.5053247], [1.5303882, 42.5057787], [1.5326438, 42.506731], [1.5361194, 42.507732], [1.5397658, 42.5083359], [1.542504, 42.5089098], [1.5461287, 42.509666], [1.5469625, 42.5111273], [1.5500274, 42.5119811], [1.5510483, 42.5126143], [1.5526992, 42.5145315], [1.5545295, 42.5176929], [1.5572881, 42.5199418], [1.5595524, 42.5219053], [1.5621347, 42.5239039], [1.5654186, 42.52547], [1.5685895, 42.5274238], [1.5716591, 42.5292681], [1.5744146, 42.5310774], [1.5780675, 42.5317749], [1.579083, 42.5317478], [1.5828216, 42.5317623], [1.5858527, 42.5338731], [1.5886833, 42.5361142], [1.5916371, 42.5382014], [1.5919464, 42.54159], [1.5915784, 42.5451233], [1.5922841, 42.5477305], [1.5917279, 42.5512932], [1.5906468, 42.5533471], [1.5914352, 42.5551222], [1.5929031, 42.5579225], [1.5938175, 42.560301], [1.5945115, 42.5628501], [1.5955491, 42.5641822], [1.5937199, 42.5621837], [1.596733, 42.5644085], [1.5997254, 42.5659416], [1.6026548, 42.5680127], [1.6051676, 42.5702395], [1.608691, 42.5713874], [1.6122802, 42.5720086], [1.615919, 42.5727639], [1.61918, 42.5741488], [1.6224864, 42.5756552], [1.6257822, 42.5771787], [1.6292191, 42.5780094], [1.6328249, 42.5781985], [1.6363065, 42.5779535], [1.6400171, 42.5782249], [1.6437214, 42.5777991], [1.6473898, 42.5772138], [1.6505855, 42.5755363], [1.654014, 42.5750785], [1.6576747, 42.575687], [1.66108, 42.5763014], [1.6648137, 42.5761334], [1.668493, 42.5757642]], "mood_vectors": [[0.0693, 0.0722, 0.0213, 0.0339, 0.0945, 0.6535, 0.0552], [0.0789, 0.0653, 0.0966, 0.0351, 0.0344, 0.6302, 0.0595], [0.019, 0.0682, 0.0737, 0.0346, 0.0563, 0.7268, 0.0214], [0.0327, 0.0526, 0.0202, 0.0628, 0.0444, 0.7644, 0.0228], [0.063, 0.0688, 0.0191, 0.0632, 0.0777, 0.6552, 0.053], [0.0837, 0.0337, 0.0422, 0.0725, 0.0831, 0.6489, 0.036], [0.0561, 0.0116, 0.0688, 0.0588, 0.0136, 0.7304, 0.0607], [0.0696, 0.0693, 0.05, 0.0157, 0.0141, 0.7415, 0.0399], [0.0623, 0.0228, 0.0654, 0.033, 0.0385, 0.743, 0.035], [0.0649, 0.0409, 0.0685, 0.0695, 0.0441, 0.6397, 0.0724], [0.064, 0.0937, 0.0417, 0.0712, 0.0572, 0.6415, 0.0305], [0.0541, 0.0349, 0.0704, 0.0175, 0.0632, 0.7134, 0.0465], [0.078, 0.0433, 0.0401, 0.0742, 0.0601, 0.6703, 0.034], [0.0689, 0.0669, 0.0678, 0.057, 0.0587, 0.6664, 0.0143], [0.0554, 0.0606, 0.029, 0.0613, 0.0477, 0.7009, 0.0451], [0.0574, 0.0616, 0.0762, 0.052, 0.0615, 0.6194, 0.0719], [0.0299, 0.0795, 0.0466, 0.0384, 0.0233, 0.76, 0.0223], [0.0516, 0.0656, 0.0139, 0.0506, 0.0635, 0.6951, 0.0599], [0.0342, 0.0557, 0.0768, 0.0601, 0.0204, 0.685, 0.0678], [0.0179, 0.0399, 0.039, 0.0553, 0.0562, 0.6909, 0.1008], [0.0577, 0.0273, 0.0317, 0.0352, 0.0191, 0.7581, 0.071], [0.0678, 0.0719, 0.0618, 0.0562, 0.0641, 0.6488, 0.0293], [0.0326, 0.038, 0.0601, 0.082, 0.0667, 0.6767, 0.0439], [0.0371, 0.0278, 0.0665, 0.0163, 0.0678, 0.7635, 0.0211], [0.0518, 0.0465, 0.0512, 0.0217, 0.061, 0.7305, 0.0373], [0.0225, 0.0535, 0.0585, 0.0644, 0.0413, 0.7251, 0.0347], [0.0384, 0.0419, 0.0173, 0.0858, 0.0767, 0.7042, 0.0357], [0.022, 0.0745, 0.0219, 0.0727, 0.0706, 0.6607, 0.0776], [0.0476, 0.0311, 0.0663, 0.064, 0.0679, 0.7056, 0.0175], [0.0267, 0.0753, 0.0464, 0.0706, 0.0694, 0.6816, 0.0301], [0.0968, 0.0412, 0.0513, 0.0263, 0.0513, 0.6873, 0.0458], [0.064, 0.0499, 0.0446, 0.0562, 0.02, 0.7369, 0.0283], [0.0228, 0.0729, 0.0419, 0.0135, 0.0541, 0.7203, 0.0746], [0.0434, 0.0624, 0.0561, 0.0456, 0.0243, 0.7301, 0.0382], [0.0317, 0.0425, 0.0312, 0.0468, 0.047, 0.7262, 0.0746], [0.046, 0.0407, 0.0127, 0.0217, 0.0434, 0.8061, 0.0295], [0.0262, 0.0339, 0.0629, 0.0571, 0.0551, 0.714, 0.0509], [0.0511, 0.0615, 0.0741, 0.028, 0.021, 0.7097, 0.0545], [0.0439, 0.0192, 0.0353, 0.0431, 0.0464, 0.7643, 0.0479], [0.0498, 0.0642, 0.0797, 0.042, 0.0787, 0.6516, 0.034], [0.0653, 0.0571, 0.0212, 0.0126, 0.0221, 0.7842, 0.0376], [0.0422, 0.0939, 0.082, 0.025, 0.0297, 0.6519, 0.0754], [0.0622, 0.0232, 0.0369, 0.0857, 0.0796, 0.6762, 0.0363], [0.0636, 0.0749, 0.0445, 0.0189, 0.0267, 0.7548, 0.0165], [0.0453, 0.0276, 0.0266, 0.0763, 0.0207, 0.7313, 0.0722], [0.0588, 0.0503, 0.0474, 0.0727, 0.0328, 0.6954, 0.0426], [0.0155, 0.0676, 0.0736, 0.0541, 0.0157, 0.7349, 0.0385], [0.0334, 0.0714, 0.0297, 0.0978, 0.0406, 0.6943, 0.0328], [0.0477, 0.051, 0.0437, 0.0426, 0.0986, 0.6987, 0.0176], [0.0411, 0.0355, 0.0644, 0.0782, 0.0526, 0.6861, 0.0422], [0.0413, 0.0583, 0.0529, 0.0646, 0.0149, 0.73, 0.038], [0.0745, 0.0189, 0.0386, 0.0274, 0.0209, 0.7769, 0.0428], [0.0344, 0.0201, 0.0324, 0.0661, 0.0253, 0.7907, 0.0309], [0.0471, 0.0176, 0.0139, 0.0524, 0.0517, 0.7565, 0.0608], [0.0468, 0.0745, 0.0212, 0.0473, 0.0252, 0.7686, 0.0165], [0.0604, 0.0362, 0.029, 0.0583, 0.0545, 0.7084, 0.0531], [0.0809, 0.0595, 0.0207, 0.0251, 0.0265, 0.7406, 0.0468], [0.0535, 0.0308, 0.026, 0.0712, 0.0155, 0.7353, 0.0677], [0.0762, 0.0641, 0.0479, 0.0124, 0.0549, 0.701, 0.0436], [0.0831, 0.0682, 0.0661, 0.0739, 0.0242, 0.6307, 0.0538], [0.0347, 0.0654, 0.0747, 0.0323, 0.0635, 0.6734, 0.056], [0.0865, 0.0207, 0.0959, 0.0719, 0.0445, 0.6604, 0.0202], [0.0457, 0.013, 0.0297, 0.0636, 0.0444, 0.743, 0.0605], [0.0479, 0.04, 0.0696, 0.0637, 0.0759, 0.6888, 0.014], [0.0179, 0.0167, 0.0745, 0.0735, 0.0298, 0.7361, 0.0515], [0.0164, 0.0386, 0.1029, 0.0316, 0.0206, 0.7317, 0.0582], [0.0324, 0.047, 0.0672, 0.0205, 0.0662, 0.7452, 0.0215], [0.0388, 0.0195, 0.0719, 0.0401, 0.079, 0.6682, 0.0825], [0.062, 0.0371, 0.0711, 0.0285, 0.0155, 0.6991, 0.0867], [0.0137, 0.0616, 0.0506, 0.0689, 0.0376, 0.6858, 0.0817], [0.0489, 0.0467, 0.0182, 0.0314, 0.0621, 0.7561, 0.0366], [0.0281, 0.0423, 0.0656, 0.0329, 0.0602, 0.7138, 0.0571], [0.0556, 0.0489, 0.0634, 0.0405, 0.0422, 0.6807, 0.0686], [0.0833, 0.0828, 0.0286, 0.0575, 0.0567, 0.6595, 0.0316], [0.0662, 0.061, 0.0391, 0.0296, 0.0658, 0.7206, 0.0177], [0.0603, 0.0125, 0.0647, 0.0442, 0.0562, 0.6956, 0.0665], [0.0202, 0.058, 0.0295, 0.0661, 0.0204, 0.719, 0.0868], [0.0783, 0.0339, 0.0928, 0.0215, 0.0357, 0.6561, 0.0817], [0.0677, 0.0677, 0.0562, 0.0563, 0.0448, 0.6563, 0.0511], [0.0702, 0.0552, 0.0532, 0.0635, 0.0825, 0.5954, 0.0799]], "emotions": ["purple", "purple", "purple", "purple", "purple", "purple", "purple", "purple", "purple", "purple", "purple", "purple", "purple", "purple", "purple", "purple", "purple", "purple", "purple", "purple", "purple", "purple", "purple", "purple", "purple", "purple", "purple", "purple", "purple", "purple", "purple", "purple", "purple", "purple", "purple", "purple", "purple", "purple", "purple", "purple", "purple", "purple", "purple", "purple", "purple", "purple", "purple", "purple", "purple", "purple", "purple", "purple", "purple", "purple", "purple", "purple", "purple", "purple", "purple", "purple", "purple", "purple", "purple", "purple", "purple", "purple", "purple", "purple", "purple", "purple", "purple", "purple", "purple", "purple", "purple", "purple", "purple", "purple", "purple", "purple"], "timestamps": [0, 40, 80, 120, 160, 200, 240, 280, 320, 360, 400, 440, 480, 520, 560, 600, 640, 680, 720, 760, 800, 840, 880, 920, 960, 1000, 1040, 1080, 1120, 1160, 1200, 1240, 1280, 1320, 1360, 1400, 1440, 1480, 1520, 1560, 1600, 1640, 1680, 1720, 1760, 1800, 1840, 1880, 1920, 1960, 2000, 2040, 2080, 2120, 2160, 2200, 2240, 2280, 2320, 2360, 2400, 2440, 2480, 2520, 2560, 2600, 2640, 2680, 2720, 2760, 2800, 2840, 2880, 2920, 2960, 3000, 3040, 3080, 3120, 3160]}], "conversation": [], "conversation_timestamps": []}