{
  "agent_id": "agent-type-orange-27",
  "type": "orange",
  "trips": [
    {
      "trip_id": 0,
      "transport_method": "bicycle",
      "start_time": 0,
      "path": [
        [
          1.5263018,
          42.50640630000001
        ],
        [
          1.526464151804725,
          42.50631772766007
        ],
        [
          1.5266265036094504,
          42.50622915532013
        ],
        [
          1.526764882772538,
          42.50625127878039
        ],
        [
          1.5268802882058874,
          42.50639579436382
        ],
        [
          1.5269956936392366,
          42.50654030994725
        ],
        [
          1.527042700927416,
          42.5065991744693
        ],
        [
          1.5269272954940665,
          42.50645465888587
        ],
        [
          1.5268118900607173,
          42.50631014330244
        ],
        [
          1.5267211952255513,
          42.50616537733009
        ],
        [
          1.5268336485524225,
          42.5060185528867
        ],
        [
          1.5267861940207321,
          42.50586268818308
        ],
        [
          1.5268453808586897,
          42.50583866149023
        ],
        [
          1.5270154671383998,
          42.50591128259842
        ],
        [
          1.5271487671761603,
          42.50603771444084
        ],
        [
          1.5272713779362266,
          42.506176115203615
        ],
        [
          1.5273844681065378,
          42.50632232711636
        ],
        [
          1.5274712868935507,
          42.506485140040354
        ],
        [
          1.5275113091698156,
          42.50666369108218
        ],
        [
          1.5276123805968231,
          42.506818507755504
        ],
        [
          1.5277307665381552,
          42.50694763260924
        ],
        [
          1.5279037404002507,
          42.50691309250341
        ],
        [
          1.5280594100015523,
          42.50681324189935
        ],
        [
          1.5282150796028542,
          42.50671339129529
        ],
        [
          1.5283674052027072,
          42.50677303979009
        ],
        [
          1.5285222768360833,
          42.50687410219429
        ],
        [
          1.5286234700125447,
          42.50690488095952
        ],
        [
          1.5285647836616363,
          42.506729498291854
        ],
        [
          1.5285060973107276,
          42.50655411562419
        ],
        [
          1.5285967598233134,
          42.506421978580285
        ],
        [
          1.528560429167816,
          42.506405591031296
        ],
        [
          1.5287048850740002,
          42.506290110907166
        ],
        [
          1.5288493409801844,
          42.50617463078304
        ],
        [
          1.5289382770183733,
          42.50606103850038
        ],
        [
          1.5290841450130257,
          42.50594734726925
        ],
        [
          1.5290901672853332,
          42.505881224345046
        ],
        [
          1.5289142871509458,
          42.50582404614791
        ],
        [
          1.5287384070165584,
          42.50576686795077
        ],
        [
          1.528562526882171,
          42.50570968975364
        ],
        [
          1.5283866467477834,
          42.5056525115565
        ],
        [
          1.5282435156263379,
          42.50558184605304
        ],
        [
          1.5282856221644068,
          42.505434971431555
        ],
        [
          1.5281372049566926,
          42.50537705132663
        ],
        [
          1.527960584903998,
          42.50533172447482
        ],
        [
          1.5280517943312504,
          42.5052429488384
        ],
        [
          1.5282362304806376,
          42.50525578413299
        ],
        [
          1.5284132517671083,
          42.50523144224145
        ],
        [
          1.5285945431392571,
          42.505268001867876
        ],
        [
          1.5287758345114058,
          42.5053045614943
        ],
        [
          1.5289571258835544,
          42.50534112112073
        ],
        [
          1.529138417255703,
          42.50537768074715
        ],
        [
          1.5293197086278518,
          42.505414240373575
        ],
        [
          1.5295010000000004,
          42.5054508
        ]
      ],
      "emotions": [
        "red",
        "red",
        "red",
        "red",
        "red",
        "purple",
        "purple",
        "purple",
        "purple",
        "purple",
        "red",
        "red",
        "red",
        "red",
        "red",
        "green",
        "green",
        "green",
        "green",
        "green",
        "green",
        "green",
        "green",
        "green",
        "green",
        "green",
        "green",
        "green",
        "green",
        "green",
        "green",
        "green",
        "green",
        "green",
        "green",
        "green",
        "green",
        "green",
        "green",
        "green",
        "purple",
        "purple",
        "purple",
        "purple",
        "purple",
        "green",
        "green",
        "green",
        "green",
        "green",
        "green",
        "green",
        "green"
      ],
      "mood_vectors": [
        [
          0.16043945215906702,
          0.22439520305644348,
          0.12005742611828674,
          0.044273619195905674,
          0.23033823367842932,
          0.18472901040809245,
          0.035767055383775295
        ],
        [
          0.12904819008451976,
          0.21142244733814733,
          0.1386733945912521,
          0.10275220603313581,
          0.17634016250814794,
          0.2122428596369441,
          0.029520739807853014
        ],
        [
          0.20789595103465813,
          0.19361535821861717,
          0.07523406198705399,
          0.1329831303872516,
          0.20187165689260309,
          0.10381972873609886,
          0.08458011274371716
        ],
        [
          0.030754638002405212,
          0.26394672796569135,
          0.2514210248887571,
          0.14925929794248186,
          0.06202652798117579,
          0.043335929512100135,
          0.19925585370738852
        ],
        [
          0.18335209078899647,
          0.0014504318773012137,
          0.14573488387049727,
          0.17996165021126787,
          0.19775407054746136,
          0.1204908144686023,
          0.17125605823587356
        ],
        [
          0.09849500750672625,
          0.19324328944176936,
          0.1448263232174154,
          0.1261555475049368,
          0.15106026202119913,
          0.18529185664139425,
          0.10092771366655875
        ],
        [
          0.11145552514115739,
          0.144897668688629,
          0.15994259550294077,
          0.125770904564918,
          0.1751262573569072,
          0.1218555424363566,
          0.16095150630909097
        ],
        [
          0.27864903970064187,
          0.12147630030339529,
          0.24743202085001723,
          0.062472259624114415,
          0.04965369402649895,
          0.1272036515231225,
          0.11311303397220984
        ],
        [
          0.051688845102145206,
          0.15421180507534046,
          0.19660597572187657,
          0.29114429515479445,
          0.09400205501100266,
          0.02903359629552021,
          0.18331342763932043
        ],
        [
          0.059642480800119975,
          0.039221358716264414,
          0.06720421933144867,
          0.4441732162300897,
          0.00625855400604784,
          0.11604235840252493,
          0.2674578125135044
        ],
        [
          0.2117497399663872,
          0.09755206048479481,
          0.17637173694098404,
          0.0387840481047738,
          0.35463373456839836,
          0.019645749767352925,
          0.10126293016730885
        ],
        [
          0.06297418269218391,
          0.13518367248381274,
          0.18182508822897164,
          0.0344045684191717,
          0.15392464963657596,
          0.20364611922075146,
          0.22804171931853265
        ],
        [
          0.27044200175346605,
          0.10874929098395743,
          0.12564452161376108,
          0.1360527045394361,
          0.005629634415840853,
          0.26673025676271234,
          0.08675158993082611
        ],
        [
          0.16076743429981216,
          0.15311106400976235,
          0.12964157878467128,
          0.16598293241908685,
          0.21629713898831815,
          0.12772716540058962,
          0.04647268609775954
        ],
        [
          0.21566135482811494,
          0.06383150666911268,
          0.07477079690738482,
          0.27395815977469873,
          0.009008471750772415,
          0.07692909791267918,
          0.2858406121572373
        ],
        [
          0.1453506085212284,
          0.018628543823315507,
          0.18163963132223238,
          0.01961046284172418,
          0.3128877163961581,
          0.030483077106653957,
          0.2913999599886875
        ],
        [
          0.15603682948121486,
          0.09735928664869087,
          0.20347844386436964,
          0.18600332126839797,
          0.011539899249702962,
          0.1321640672676887,
          0.213418152219935
        ],
        [
          0.13449762692837886,
          0.20063307388447207,
          0.1394430652742812,
          0.05078363868192465,
          0.16892811428398435,
          0.22983347910235524,
          0.0758810018446037
        ],
        [
          0.1413587584372772,
          0.15559203411098438,
          0.12423707580908694,
          0.08417845656189304,
          0.1463789678805069,
          0.17023804155529876,
          0.17801666564495286
        ],
        [
          0.11223394868913915,
          0.07871543335283916,
          0.22294931209994126,
          0.16429971371507016,
          0.21347910654547936,
          0.20418046866572506,
          0.004142016931805867
        ],
        [
          0.06846695603134782,
          0.10465355707848888,
          0.17690228202022903,
          0.05367251289214444,
          0.15186628815569053,
          0.22184986023299003,
          0.22258854358910923
        ],
        [
          0.24529529033086944,
          0.09679661504804518,
          0.041112358037928697,
          0.10468323524516966,
          0.24932588710083392,
          0.0216591491416146,
          0.24112746509553848
        ],
        [
          0.3414615519686451,
          0.15632718866130116,
          0.01064524650108197,
          0.15014626136508372,
          0.2686666976438609,
          0.0014262943506310169,
          0.0713267595093962
        ],
        [
          0.1105693165132171,
          0.13634484499418428,
          0.27251823747109716,
          0.12279850009170179,
          0.32089190161722997,
          0.025089797989554765,
          0.011787401323014967
        ],
        [
          0.2665660253641929,
          0.1402529996822094,
          0.1757332909549358,
          0.01851641312328895,
          0.06680548871223717,
          0.09891737161467483,
          0.2332084105484609
        ],
        [
          0.10915821931431983,
          0.13621375628104804,
          0.16411653938954582,
          0.13127231204284961,
          0.19464410730939716,
          0.184125652134177,
          0.08046941352866246
        ],
        [
          0.16843714459116105,
          0.11018432565313262,
          0.16806373138892816,
          0.20278027282381628,
          0.1339839993553041,
          0.054121368416448275,
          0.16242915777120956
        ],
        [
          0.1780351958686541,
          0.200789749211251,
          0.1786923306986939,
          0.09402531680082371,
          0.11240334663695517,
          0.19510455071775604,
          0.04094951006586604
        ],
        [
          0.10716541652478974,
          0.1913894862068038,
          0.15356686968298763,
          0.18580130270925316,
          0.17298483571847162,
          0.022192057994185634,
          0.16690003116350838
        ],
        [
          0.12816384078017332,
          0.2678700796884214,
          0.08745014224221416,
          0.027962682791779204,
          0.25843448520780055,
          0.11810275581579582,
          0.11201601347381548
        ],
        [
          0.12380532867200954,
          0.006811674371094672,
          0.08403151674660442,
          0.257150038807585,
          0.2787439292609998,
          0.03289424005341163,
          0.21656327208829487
        ],
        [
          0.254563324906648,
          0.2160833458411807,
          0.20835605507428767,
          0.033013943701995035,
          0.10551570207298062,
          0.044129380574568326,
          0.13833824782833962
        ],
        [
          0.016675996052962053,
          0.2254110551117716,
          0.18634279878811358,
          0.10761710363346305,
          0.13306411913543933,
          0.24904799963941887,
          0.08184092763883147
        ],
        [
          0.15821088865947594,
          0.08048153607271842,
          0.18366147644931746,
          0.265852897964446,
          0.13952892793755797,
          0.06326741043811879,
          0.10899686247836544
        ],
        [
          0.004492020622138899,
          0.17352111693133582,
          0.120960894672435,
          0.26224032203222214,
          0.20862515872729942,
          0.21047189110776757,
          0.019688595906801203
        ],
        [
          0.18896706370068134,
          0.1799429395413228,
          0.13445615374793243,
          0.09032144253910028,
          0.17357274194620986,
          0.20781015376269732,
          0.024929504762055944
        ],
        [
          0.23009830264898884,
          0.19189723065980718,
          0.06986870920857441,
          0.17088347760896172,
          0.22654399510343834,
          0.10781456890242477,
          0.002893715867804773
        ],
        [
          0.005018417646448075,
          0.15422133174139996,
          0.20716643327775103,
          0.13969830804108987,
          0.09974826220918724,
          0.2813490105327929,
          0.11279823655133099
        ],
        [
          0.034496836778256844,
          0.17501063322691832,
          0.12338870719048904,
          0.14467153752967168,
          0.258807854295441,
          0.20193339516109388,
          0.06169103581812916
        ],
        [
          0.22086939599378932,
          0.06602082844191022,
          0.06230532427291163,
          0.10553516111457306,
          0.2279957317030206,
          0.14282547122453423,
          0.17444808724926095
        ],
        [
          0.08650656211638422,
          0.1938498323086811,
          0.17434755003475588,
          0.1378296966912289,
          0.026466763686857082,
          0.289885301220916,
          0.09111429394117683
        ],
        [
          0.22612262242972364,
          0.06715445582419319,
          0.016869453462257242,
          0.14217750915804467,
          0.09394690401924519,
          0.2878490134517705,
          0.1658800416547656
        ],
        [
          0.016725976084914673,
          0.27266989861519586,
          0.12993662029582279,
          0.2819259148023521,
          0.14109411336601393,
          0.0490236313706147,
          0.10862384546508591
        ],
        [
          0.027777556917659596,
          0.07174298626512872,
          0.11779258938294636,
          0.12978253016274036,
          0.21574815816312434,
          0.2253272240550312,
          0.21182895505336946
        ],
        [
          0.3429180828994862,
          0.034697238829600775,
          0.08574021736835723,
          0.1388362082448881,
          0.3011377938532383,
          0.009573186966203946,
          0.08709727183822547
        ],
        [
          0.005181311459165248,
          0.22965443079940298,
          0.05012718891385463,
          0.19051219741201958,
          0.26295382076615254,
          0.12306831535747115,
          0.1385027352919338
        ],
        [
          0.10757491567334626,
          0.2200454007773951,
          0.1351071649613501,
          0.09003284796653048,
          0.03366593928624814,
          0.2032963281329422,
          0.21027740320218766
        ],
        [
          0.028919578045101507,
          0.23703379792746718,
          0.23326487517265673,
          0.0425435276358038,
          0.10444687066608935,
          0.1482286783330608,
          0.20556267221982055
        ],
        [
          0.025445563587587965,
          0.07677237152114129,
          0.05894171270754631,
          0.2626077416438756,
          0.24323856595722076,
          0.19333577907035288,
          0.13965826551227517
        ],
        [
          0.22370990872064989,
          0.1473110183109217,
          0.21811238028452945,
          0.07716497710080558,
          0.10872064139465754,
          0.0271244840407811,
          0.19785659014765475
        ],
        [
          0.08911488236868315,
          0.1416249160854573,
          0.1684218204088696,
          0.24403322361421395,
          0.21222500336156264,
          0.05920145843985189,
          0.08537869572136148
        ],
        [
          0.21756364508642967,
          0.25756265822524427,
          0.22422084060835304,
          0.05128732660976609,
          0.04669672291312011,
          0.02342705382031038,
          0.17924175273677645
        ],
        [
          0.021242621835403885,
          0.17177710122250966,
          0.19914486689681674,
          0.21949578578836657,
          0.052356104469061984,
          0.11541580885514612,
          0.22056771093269498
        ]
      ],
      "timestamps": [
        0,
        1,
        2,
        3,
        4,
        5,
        6,
        7,
        8,
        9,
        10,
        11,
        12,
        13,
        14,
        15,
        16,
        17,
        18,
        19,
        20,
        21,
        22,
        23,
        24,
        25,
        26,
        27,
        28,
        29,
        30,
        31,
        32,
        33,
        34,
        35,
        36,
        37,
        38,
        39,
        40,
        41,
        42,
        43,
        44,
        45,
        46,
        47,
        48,
        49,
        50,
        51,
        52
      ],
      "distance": 241.4
    },
    {
      "trip_id": 1,
      "transport_method": "car",
      "start_time": 53,
      "path": [
        [
          1.5291141000000001,
          42.505923999999986
        ],
        [
          1.5286949988134393,
          42.50579864906948
        ],
        [
          1.5282758976268784,
          42.50567329813898
        ],
        [
          1.5282178586179722,
          42.50539627962704
        ],
        [
          1.5278298558011492,
          42.50530519159661
        ],
        [
          1.5278046063550892,
          42.50530705266689
        ],
        [
          1.52778223309732,
          42.50519365191234
        ],
        [
          1.5273451063872014,
          42.50518837456584
        ],
        [
          1.5269376052213919,
          42.50518578288708
        ],
        [
          1.5265833458468643,
          42.505084331102324
        ],
        [
          1.5263367813147128,
          42.504879360569454
        ],
        [
          1.5265653501767085,
          42.50494646335462
        ],
        [
          1.5268002963283387,
          42.50512651787303
        ],
        [
          1.5272341006401762,
          42.50518241475965
        ],
        [
          1.5276710886209959,
          42.50519581998641
        ],
        [
          1.5279679776115047,
          42.505336706546515
        ],
        [
          1.52824995207995,
          42.50550493796988
        ],
        [
          1.527989577751269,
          42.50558889202003
        ],
        [
          1.5275698646404392,
          42.505465605504334
        ],
        [
          1.5271428860206862,
          42.50537479827509
        ],
        [
          1.526710668848732,
          42.50530736700176
        ],
        [
          1.526278451676778,
          42.50523993572843
        ],
        [
          1.5260925782317667,
          42.50541454660518
        ],
        [
          1.5259293798536055,
          42.50578761290037
        ],
        [
          1.5260064648423965,
          42.505612724101084
        ],
        [
          1.526143048859263,
          42.5052260148881
        ],
        [
          1.526471289380635,
          42.50527002081704
        ],
        [
          1.526903506552589,
          42.50533745209037
        ],
        [
          1.527335723724543,
          42.5054048833637
        ],
        [
          1.5277571235413414,
          42.505520610927874
        ],
        [
          1.528176836652171,
          42.50564389744357
        ],
        [
          1.528203647919755,
          42.5053928917142
        ],
        [
          1.5279133317840354,
          42.50519438224247
        ],
        [
          1.5274760274000183,
          42.50519540360609
        ],
        [
          1.5270404793700778,
          42.50515828851545
        ],
        [
          1.5266068112870248,
          42.50510092429232
        ],
        [
          1.5261729979581613,
          42.505044669811774
        ],
        [
          1.5257391742545656,
          42.5049884945988
        ],
        [
          1.52530535055097,
          42.50493231938582
        ],
        [
          1.5248713018967344,
          42.50487792263633
        ],
        [
          1.5244372294891253,
          42.50482370266485
        ],
        [
          1.5240048722224788,
          42.50475891493084
        ],
        [
          1.5235759595116156,
          42.50467293501075
        ],
        [
          1.523146369466725,
          42.50459084123416
        ],
        [
          1.5227128718046017,
          42.50453333954848
        ],
        [
          1.522277085902301,
          42.504495269774246
        ],
        [
          1.5218413000000002,
          42.504457200000004
        ]
      ],
      "emotions": [
        "green",
        "green",
        "purple",
        "purple",
        "purple",
        "purple",
        "purple",
        "purple",
        "purple",
        "purple",
        "purple",
        "purple",
        "red",
        "red",
        "red",
        "red",
        "red",
        "purple",
        "purple",
        "purple",
        "purple",
        "purple",
        "red",
        "red",
        "red",
        "red",
        "red",
        "red",
        "red",
        "red",
        "red",
        "red",
        "purple",
        "purple",
        "purple",
        "purple",
        "purple",
        "green",
        "green",
        "green",
        "green",
        "green",
        "purple",
        "purple",
        "purple",
        "purple",
        "purple"
      ],
      "mood_vectors": [
        [
          0.1592697263814497,
          0.17784227841694783,
          0.22608180504712724,
          0.0919338399899348,
          0.08652739012600887,
          0.12310085538397343,
          0.13524410465455805
        ],
        [
          0.1748383296180653,
          0.16915647308116227,
          0.19814123187343152,
          0.13032492955132732,
          0.1337620462671036,
          0.0812444963135893,
          0.11253249329532074
        ],
        [
          0.18073640483482162,
          0.13628704527989963,
          0.12247262108828698,
          0.2014935437509494,
          0.10174088764699166,
          0.12248807044075315,
          0.13478142695829765
        ],
        [
          0.14307092206261787,
          0.028043171754080543,
          0.21694337915718398,
          0.23507135401945914,
          0.19982323952462042,
          0.04026610157976916,
          0.1367818319022689
        ],
        [
          0.26642847373773165,
          0.03155192078295016,
          0.0946580584322316,
          0.13606152682541536,
          0.2112024632756628,
          0.06623094435663016,
          0.19386661258937826
        ],
        [
          0.18866224739019027,
          0.04366087642346391,
          0.2236115277565646,
          0.13758009819428707,
          0.0698340048864257,
          0.12002995049097714,
          0.21662129485809137
        ],
        [
          0.22437585733693544,
          0.2012353298184779,
          0.23967659224439555,
          0.09084074105014178,
          0.04612269647647889,
          0.10378776862302569,
          0.09396101445054471
        ],
        [
          0.01714804559571466,
          0.042486343099930074,
          0.2677431152898797,
          0.2647345267918922,
          0.16775877925065877,
          0.20879280845553758,
          0.0313363815163871
        ],
        [
          0.04897054707179492,
          0.22086296513031442,
          0.18721692850549015,
          0.05495566363700544,
          0.19781025462738772,
          0.17520075514480418,
          0.11498288588320314
        ],
        [
          0.18286668535641945,
          0.27086717993646287,
          0.06293423013629895,
          0.18361279451019624,
          0.051269341749312115,
          0.09832977591382719,
          0.1501199923974832
        ],
        [
          0.15709309739069144,
          0.26791631544820216,
          0.19014003072408098,
          0.20110283400290468,
          0.0569801312830191,
          0.03178858344269203,
          0.0949790077084096
        ],
        [
          0.013289322049171992,
          0.10376581038721838,
          0.18388155658989222,
          0.17141331217900765,
          0.18694451307940255,
          0.1420306611974144,
          0.19867482451789276
        ],
        [
          0.15714005667046002,
          0.21873484291310802,
          0.2591705759128163,
          0.13414016678385315,
          0.003340893750706646,
          0.1811373047619103,
          0.04633615920714559
        ],
        [
          0.13968379569071934,
          0.26221431143998986,
          0.12749133226066028,
          0.11315808975949135,
          0.04451823623241613,
          0.054388897482684675,
          0.2585453371340384
        ],
        [
          0.17465748155343058,
          0.054141368556047044,
          0.22640258970049681,
          0.0057879840876225675,
          0.2350087501085463,
          0.10183699531456043,
          0.20216483067929625
        ],
        [
          0.08187722716661326,
          0.20292546883385587,
          0.20040692215811365,
          0.1237681839205382,
          0.05156621823038426,
          0.1495401870837318,
          0.18991579260676297
        ],
        [
          0.19701913679719302,
          0.17341500391132458,
          0.06066127092381332,
          0.1456166373864716,
          0.294693139227358,
          0.025215420878823048,
          0.10337939087501646
        ],
        [
          0.018677866380730258,
          0.26574752572219473,
          0.2618791252010293,
          0.022248563557663522,
          0.16294796190123734,
          0.0572171316520706,
          0.21128182558507422
        ],
        [
          0.2143327973873699,
          0.19733677289484824,
          0.13045207959707372,
          0.11712708058861616,
          0.13265850605995388,
          0.028937834893460742,
          0.17915492857867735
        ],
        [
          0.21689600434848802,
          0.0491839447532488,
          0.09007736173652044,
          0.21746189224697748,
          0.08557163327296895,
          0.17665346770746468,
          0.16415569593433166
        ],
        [
          0.15054486527044755,
          0.24842152401057854,
          0.06697855068609275,
          0.24989497142403375,
          0.0037809860937973038,
          0.18239932709713597,
          0.09797977541791414
        ],
        [
          0.17739191593099157,
          0.2724173043151165,
          0.025872639571470103,
          0.19192345828689894,
          0.03498778590093215,
          0.1706607242620977,
          0.12674617173249306
        ],
        [
          0.10954339995316437,
          0.16970041605355113,
          0.016011383664468713,
          0.1254069041395021,
          0.18741629715993144,
          0.16825521015416084,
          0.22366638887522147
        ],
        [
          0.1259537234976869,
          0.08258100303465805,
          0.18669611330848399,
          0.24916072125116812,
          0.10071729758315295,
          0.18083795669754188,
          0.07405318462730805
        ],
        [
          0.11202715336851737,
          0.047778902672151805,
          0.1972267599016129,
          0.016388820526395946,
          0.22439333385548965,
          0.2345919767976895,
          0.1675930528781428
        ],
        [
          0.07121661078280371,
          0.02350501506242813,
          0.31823403765204517,
          0.12651980476284916,
          0.17543212575670986,
          0.0851320735039045,
          0.19996033247925957
        ],
        [
          0.005112629629156433,
          0.03360265730460767,
          0.2577224926905924,
          0.07589685773641675,
          0.35399095036613865,
          0.0031789293619227804,
          0.2704954829111653
        ],
        [
          0.255635222610038,
          0.06969872096907048,
          0.21862957494493185,
          0.19767176199501624,
          0.001265323236743446,
          0.01923777533702454,
          0.23786162090717541
        ],
        [
          0.14505351299853605,
          0.15889407968284022,
          0.15858985327612551,
          0.16866015281929483,
          0.12043774295824464,
          0.09197438972642318,
          0.15639026853853558
        ],
        [
          0.22497233463772423,
          0.17224803440637854,
          0.23076480660206491,
          0.22637649207882823,
          0.09676019707008685,
          0.014235622576437236,
          0.03464251262847994
        ],
        [
          0.27021963299913443,
          0.01569476059536831,
          0.13112125832392865,
          0.23438933031973755,
          0.09729271153894915,
          0.10553279864305883,
          0.14574950757982308
        ],
        [
          0.10644223088973824,
          0.19721468743327625,
          0.20791060535038394,
          0.09370777373723416,
          0.10188893498525652,
          0.03268455266043237,
          0.2601512149436786
        ],
        [
          0.2451069835126216,
          0.12803933961107045,
          0.23169071675185426,
          0.09362546479650827,
          0.1468137583176286,
          0.12905064527098953,
          0.02567309173932731
        ],
        [
          0.1445458410334979,
          0.01697109834097798,
          0.19316365323933504,
          0.22027038612427272,
          0.16349013310260715,
          0.0283607809737775,
          0.23319810718553177
        ],
        [
          0.19581062713981087,
          0.025390587446825617,
          0.14023451323616345,
          0.1953394119248943,
          0.1156392716092875,
          0.2698401226702152,
          0.05774546597280312
        ],
        [
          0.17570103236676524,
          0.2254160412070535,
          0.056811871665555305,
          0.15529320102028668,
          0.21380579366084487,
          0.044253010167860124,
          0.12871904991163433
        ],
        [
          0.22207911915946105,
          0.17241439922695923,
          0.16546930554219239,
          0.012552059223200223,
          0.27588309942005884,
          0.029353145735559583,
          0.12224887169256873
        ],
        [
          0.20050479006724922,
          0.1442114338233599,
          0.16078094053300115,
          0.1880961619211566,
          0.12264268329787648,
          0.1592403516197371,
          0.024523638737619466
        ],
        [
          0.18676518027051933,
          0.010393712151125186,
          0.13578810867356308,
          0.00999638973254871,
          0.14691434768511863,
          0.1709154279246193,
          0.33922683356250577
        ],
        [
          0.03369018887848357,
          0.17707958671859725,
          0.450799818856046,
          0.05820636377051295,
          0.006404926102001098,
          0.10642402047344257,
          0.1673950952009166
        ],
        [
          0.17361594767170127,
          0.06737316795074048,
          0.11803130488729795,
          0.16761456414219297,
          0.283901210153029,
          0.12191898210583783,
          0.06754482308920055
        ],
        [
          0.4193921616601415,
          0.006259835737649989,
          0.18715083500828847,
          0.02215159884528552,
          0.10387129544178203,
          0.1720488920636983,
          0.08912538124315413
        ],
        [
          0.01127190283537317,
          0.1939268333991606,
          0.2536358760841575,
          0.22111812853804833,
          0.08762603516268747,
          0.10853662557079215,
          0.12388459840978074
        ],
        [
          0.11859311627494144,
          0.061920825944271,
          0.18398977791916588,
          0.03439917046546946,
          0.24272334778737745,
          0.13920300969882313,
          0.2191707519099517
        ],
        [
          0.14298725267368484,
          0.11482713966857906,
          0.15081610266289677,
          0.11953142706314011,
          0.1476185159237093,
          0.13251027454812314,
          0.1917092874598668
        ],
        [
          0.030215281354254612,
          0.14483904806646464,
          0.24880736441799128,
          0.15445608610818884,
          0.13629404476535606,
          0.24470794252509973,
          0.040680232762644826
        ],
        [
          0.17719045925440627,
          0.11378785927170106,
          0.13981557418269389,
          0.28815735681995175,
          0.009257289408767376,
          0.24133357039972278,
          0.03045789066275677
        ]
      ],
      "timestamps": [
        53,
        54,
        55,
        56,
        57,
        58,
        59,
        60,
        61,
        62,
        63,
        64,
        65,
        66,
        67,
        68,
        69,
        70,
        71,
        72,
        73,
        74,
        75,
        76,
        77,
        78,
        79,
        80,
        81,
        82,
        83,
        84,
        85,
        86,
        87,
        88,
        89,
        90,
        91,
        92,
        93,
        94,
        95,
        96,
        97,
        98,
        99
      ],
      "distance": 402.3
    }
  ],
  "conversation": [
    "I could get used to this fog.",
    "Why are the best dumplings always cash only?",
    "So many tiny businesses tucked into corners."
  ],
  "conversation_timestamps": [
    4,
    26,
    84
  ]
}
