{"agent_id": "agent-blue-970", "type": "blue", "trips": [{"trip_id": 0, "transport_method": "foot", "start_time": 0, "path": [[1.5366367, 42.5093154], [1.536452, 42.5092995], [1.5362672, 42.5092836], [1.5360824, 42.5092676], [1.5358976, 42.5092517], [1.5357129, 42.5092358], [1.5355281, 42.5092198], [1.5353433, 42.5092039], [1.5351605, 42.5092334], [1.5349777, 42.5092649], [1.5347949, 42.5092964], [1.5346122, 42.5093279], [1.5344294, 42.5093595], [1.5342467, 42.509391], [1.5340639, 42.5094225], [1.5338811, 42.509454], [1.5338095, 42.5096168], [1.5336956, 42.5097406], [1.5335166, 42.5097842], [1.5333374, 42.5097397], [1.5331573, 42.5096959], [1.5329749, 42.509663], [1.53279, 42.5096478], [1.532606, 42.5096261], [1.5324232, 42.5095947], [1.532245, 42.5095443], [1.5320699, 42.5094834], [1.5318968, 42.5094167], [1.5317237, 42.5093501], [1.5315475, 42.5092927], [1.5313723, 42.5092326], [1.5311996, 42.5091648], [1.531027, 42.509097], [1.5308544, 42.5090292], [1.5307951, 42.5088901], [1.5306769, 42.5088577], [1.5304958, 42.508898], [1.5303236, 42.508862], [1.5301567, 42.5087812], [1.5299922, 42.5086954], [1.5298204, 42.5086337], [1.5296361, 42.5086127], [1.5294602, 42.5086707], [1.5292845, 42.5087298], [1.5291087, 42.508789], [1.5289329, 42.5088482], [1.528755, 42.50886], [1.5285745, 42.5088173], [1.528399, 42.5087606], [1.5282325, 42.5086789], [1.5280631, 42.5086036], [1.5278926, 42.5085307], [1.5277221, 42.5084577], [1.5275494, 42.5083907], [1.5273668, 42.5083641], [1.5271814, 42.5083607], [1.526996, 42.5083588], [1.5268106, 42.5083538], [1.5266256, 42.5083421], [1.5264416, 42.5083195], [1.5262591, 42.5082868], [1.5260777, 42.5082482], [1.5258953, 42.5082164], [1.5257144, 42.5081811], [1.5255435, 42.5081092], [1.5253665, 42.508054], [1.52519, 42.5079969], [1.5250121, 42.5079448], [1.5248326, 42.5078982], [1.5246531, 42.5078516], [1.5244828, 42.5077791], [1.5242999, 42.5077507], [1.5241398, 42.507717], [1.5241098, 42.507534], [1.5241155, 42.5073558], [1.5241152, 42.5071795], [1.5239452, 42.5071191], [1.5237667, 42.5070686], [1.5235883, 42.5070182], [1.5234098, 42.5069677]], "mood_vectors": [[0.0686, 0.0349, 0.0403, 0.667, 0.0422, 0.0832, 0.0637], [0.0274, 0.0836, 0.0372, 0.6641, 0.0767, 0.0602, 0.0508], [0.0409, 0.0675, 0.0729, 0.7402, 0.0242, 0.0207, 0.0336], [0.0646, 0.0499, 0.0846, 0.6365, 0.0664, 0.0643, 0.0337], [0.0715, 0.0446, 0.0369, 0.6245, 0.0863, 0.0511, 0.0851], [0.0285, 0.0113, 0.0464, 0.7379, 0.0227, 0.0765, 0.0767], [0.0178, 0.0824, 0.0993, 0.6986, 0.0486, 0.0216, 0.0318], [0.0753, 0.0642, 0.0804, 0.6417, 0.0324, 0.0341, 0.072], [0.0145, 0.0267, 0.0269, 0.8175, 0.0279, 0.0233, 0.0631], [0.0172, 0.0521, 0.0833, 0.705, 0.0294, 0.0696, 0.0435], [0.0131, 0.0551, 0.024, 0.7274, 0.0843, 0.0437, 0.0524], [0.0629, 0.0391, 0.0599, 0.7027, 0.0638, 0.0503, 0.0213], [0.0796, 0.0694, 0.0663, 0.6401, 0.0777, 0.0469, 0.02], [0.0407, 0.0731, 0.0572, 0.7318, 0.0555, 0.0151, 0.0266], [0.0661, 0.0577, 0.0569, 0.6431, 0.0867, 0.0736, 0.0158], [0.0243, 0.0415, 0.0451, 0.7526, 0.0364, 0.0475, 0.0525], [0.0751, 0.0708, 0.0442, 0.7104, 0.0484, 0.0126, 0.0385], [0.0518, 0.0692, 0.0771, 0.6799, 0.0738, 0.0253, 0.0229], [0.0211, 0.0554, 0.0156, 0.7327, 0.0521, 0.0462, 0.0769], [0.0623, 0.0201, 0.0488, 0.7644, 0.0127, 0.0249, 0.0668], [0.0396, 0.0647, 0.0196, 0.6958, 0.0453, 0.0781, 0.0569], [0.0601, 0.0144, 0.0788, 0.7009, 0.0914, 0.0181, 0.0363], [0.0295, 0.0343, 0.0911, 0.7405, 0.0622, 0.0288, 0.0137], [0.0623, 0.022, 0.0734, 0.676, 0.0994, 0.0194, 0.0476], [0.0294, 0.0374, 0.0647, 0.7278, 0.0537, 0.023, 0.0642], [0.0261, 0.0185, 0.0319, 0.7168, 0.0528, 0.0688, 0.0852], [0.0474, 0.0294, 0.0648, 0.7118, 0.0344, 0.0316, 0.0805], [0.0736, 0.0329, 0.0532, 0.7099, 0.0342, 0.0527, 0.0435], [0.043, 0.0349, 0.0598, 0.6867, 0.055, 0.0603, 0.0603], [0.0253, 0.0574, 0.0597, 0.7579, 0.0416, 0.0128, 0.0453], [0.0352, 0.0705, 0.0749, 0.7194, 0.0356, 0.0221, 0.0423], [0.0345, 0.0436, 0.0939, 0.6621, 0.0726, 0.0553, 0.038], [0.0328, 0.0395, 0.0473, 0.7502, 0.0519, 0.0668, 0.0113], [0.0533, 0.0337, 0.0544, 0.7135, 0.0357, 0.0512, 0.0582], [0.0661, 0.0622, 0.0544, 0.6423, 0.0294, 0.0709, 0.0746], [0.051, 0.0159, 0.0377, 0.7746, 0.0264, 0.0202, 0.0743], [0.0189, 0.0563, 0.0579, 0.687, 0.0726, 0.0557, 0.0516], [0.0223, 0.0377, 0.0654, 0.7105, 0.0848, 0.014, 0.0653], [0.0597, 0.0503, 0.031, 0.6554, 0.0568, 0.0697, 0.0771], [0.0309, 0.0475, 0.077, 0.7173, 0.0187, 0.0245, 0.0841], [0.0118, 0.0705, 0.0584, 0.7118, 0.0404, 0.0373, 0.0699], [0.0471, 0.0219, 0.0298, 0.7373, 0.018, 0.0545, 0.0914], [0.033, 0.0397, 0.0709, 0.7555, 0.0221, 0.0318, 0.0469], [0.0244, 0.0614, 0.0525, 0.6545, 0.0649, 0.0928, 0.0495], [0.0668, 0.0152, 0.0473, 0.7435, 0.072, 0.037, 0.0182], [0.0275, 0.065, 0.0441, 0.701, 0.0722, 0.0522, 0.038], [0.0158, 0.0431, 0.0443, 0.7019, 0.0462, 0.0544, 0.0944], [0.0708, 0.0325, 0.0746, 0.7147, 0.026, 0.0551, 0.0263], [0.0575, 0.0276, 0.0812, 0.6961, 0.0741, 0.0302, 0.0333], [0.0801, 0.0154, 0.0649, 0.6666, 0.024, 0.0733, 0.0758], [0.0373, 0.0534, 0.0202, 0.6643, 0.085, 0.061, 0.0787], [0.0447, 0.0611, 0.0511, 0.6484, 0.0834, 0.074, 0.0374], [0.0639, 0.0151, 0.0867, 0.6449, 0.0785, 0.0288, 0.082], [0.039, 0.0544, 0.0777, 0.649, 0.0787, 0.0503, 0.0511], [0.0622, 0.0722, 0.0523, 0.663, 0.0719, 0.0521, 0.0264], [0.0198, 0.0902, 0.0351, 0.7243, 0.0173, 0.0927, 0.0207], [0.0403, 0.0523, 0.0499, 0.7637, 0.014, 0.0276, 0.0522], [0.0423, 0.0134, 0.0152, 0.7829, 0.0147, 0.054, 0.0775], [0.0591, 0.0703, 0.0461, 0.6987, 0.04, 0.0231, 0.0628], [0.0795, 0.0522, 0.0493, 0.701, 0.017, 0.0813, 0.0196], [0.0774, 0.0286, 0.0308, 0.7412, 0.0337, 0.0481, 0.0402], [0.049, 0.1024, 0.084, 0.6315, 0.0316, 0.0739, 0.0275], [0.0959, 0.0158, 0.0394, 0.6387, 0.0569, 0.0609, 0.0924], [0.0452, 0.0661, 0.0867, 0.6667, 0.0334, 0.0656, 0.0363], [0.0903, 0.0281, 0.0182, 0.6742, 0.0547, 0.05, 0.0845], [0.0455, 0.0387, 0.0692, 0.6773, 0.0739, 0.0384, 0.0571], [0.0646, 0.0597, 0.0815, 0.6256, 0.0413, 0.0571, 0.0702], [0.0197, 0.0236, 0.0441, 0.7405, 0.0772, 0.0755, 0.0194], [0.0188, 0.0257, 0.0801, 0.8166, 0.0158, 0.0178, 0.0253], [0.0463, 0.0188, 0.0573, 0.7413, 0.0296, 0.0472, 0.0596], [0.0651, 0.0679, 0.0671, 0.6385, 0.0732, 0.0547, 0.0335], [0.0725, 0.0574, 0.0533, 0.6576, 0.0668, 0.0696, 0.0227], [0.0309, 0.0448, 0.0679, 0.6795, 0.0681, 0.0801, 0.0287], [0.0757, 0.0539, 0.0183, 0.6858, 0.0309, 0.0701, 0.0652], [0.0124, 0.072, 0.0127, 0.7881, 0.0486, 0.035, 0.0312], [0.0651, 0.025, 0.0185, 0.6934, 0.0884, 0.0488, 0.0609], [0.0161, 0.0579, 0.0653, 0.6948, 0.0475, 0.0594, 0.0591], [0.0718, 0.0602, 0.0356, 0.6989, 0.057, 0.0411, 0.0355], [0.0564, 0.047, 0.0522, 0.7001, 0.0838, 0.0303, 0.0302], [0.0378, 0.0278, 0.0184, 0.7971, 0.0149, 0.0725, 0.0314]], "emotions": ["green", "green", "green", "green", "green", "green", "green", "green", "green", "green", "green", "green", "green", "green", "green", "green", "green", "green", "green", "green", "green", "green", "green", "green", "green", "green", "green", "green", "green", "green", "green", "green", "green", "green", "green", "green", "green", "green", "green", "green", "green", "green", "green", "green", "green", "green", "green", "green", "green", "green", "green", "green", "green", "green", "green", "green", "green", "green", "green", "green", "green", "green", "green", "green", "green", "green", "green", "green", "green", "green", "green", "green", "green", "green", "green", "green", "green", "green", "green", "green"], "timestamps": [0, 40, 80, 120, 160, 200, 240, 280, 320, 360, 400, 440, 480, 520, 560, 600, 640, 680, 720, 760, 800, 840, 880, 920, 960, 1000, 1040, 1080, 1120, 1160, 1200, 1240, 1280, 1320, 1360, 1400, 1440, 1480, 1520, 1560, 1600, 1640, 1680, 1720, 1760, 1800, 1840, 1880, 1920, 1960, 2000, 2040, 2080, 2120, 2160, 2200, 2240, 2280, 2320, 2360, 2400, 2440, 2480, 2520, 2560, 2600, 2640, 2680, 2720, 2760, 2800, 2840, 2880, 2920, 2960, 3000, 3040, 3080, 3120, 3160]}], "conversation": [], "conversation_timestamps": []}