{"agent_id": "agent-green-827", "type": "green", "trips": [{"trip_id": 0, "transport_method": "bus", "start_time": 0, "path": [[1.5345772, 42.5120844], [1.5342641, 42.5119924], [1.5339613, 42.5118709], [1.5336882, 42.5116971], [1.5334555, 42.5114962], [1.5333107, 42.5112362], [1.5331177, 42.5109951], [1.5328141, 42.5108769], [1.5325028, 42.5107789], [1.5321915, 42.5106809], [1.5318813, 42.5105793], [1.5315726, 42.5104735], [1.5312691, 42.5103534], [1.5309717, 42.5102206], [1.5306494, 42.5102137], [1.530327, 42.5102375], [1.530004, 42.5101906], [1.5296791, 42.5101657], [1.5293673, 42.5101813], [1.5291319, 42.5099553], [1.5288965, 42.5097292], [1.5286611, 42.5095031], [1.5285238, 42.509377], [1.5287455, 42.5096166], [1.52901, 42.509803], [1.529201, 42.510061], [1.5293319, 42.5101481], [1.5290951, 42.5099235], [1.5288582, 42.509699], [1.5286214, 42.5094744], [1.5283846, 42.5092498], [1.5281477, 42.5090253], [1.527897, 42.5088172], [1.5276177, 42.508649], [1.5273127, 42.5085367], [1.5269874, 42.5085194], [1.5266612, 42.5085091], [1.5263397, 42.508456], [1.5260225, 42.5083795], [1.5257527, 42.508234], [1.5254837, 42.5080918], [1.5251732, 42.5079914], [1.5248585, 42.5079049], [1.5245414, 42.5078284], [1.5242196, 42.5077756], [1.5238933, 42.5077761], [1.5235677, 42.5077984], [1.5232464, 42.5077754], [1.5229307, 42.5076926], [1.5226302, 42.507576], [1.5224945, 42.5073175], [1.5223948, 42.5070149], [1.5222346, 42.5067771], [1.5219164, 42.5067048], [1.5216289, 42.506658], [1.5219236, 42.5067901], [1.522231, 42.5068214], [1.5221424, 42.50663], [1.5219069, 42.506404], [1.5217927, 42.5061561], [1.5219342, 42.505862], [1.52206, 42.5055638], [1.5220787, 42.5052379], [1.5220952, 42.504912], [1.5219123, 42.5046677], [1.5217128, 42.5044711], [1.5220297, 42.5045292], [1.5220887, 42.5048297], [1.5218283, 42.5046329], [1.5215679, 42.5044362], [1.5214728, 42.5041571], [1.5214807, 42.5038542], [1.5213492, 42.5035568], [1.5211259, 42.5033348], [1.5208731, 42.5031334], [1.5205976, 42.5029593], [1.520321, 42.502796], [1.5206028, 42.5027263], [1.5209101, 42.5026187], [1.5212264, 42.5025386]], "mood_vectors": [[0.02, 0.0704, 0.0422, 0.0602, 0.0485, 0.0499, 0.7088], [0.0348, 0.0221, 0.0187, 0.032, 0.0381, 0.0502, 0.8043], [0.0487, 0.0932, 0.0864, 0.0321, 0.0759, 0.0399, 0.6237], [0.0382, 0.0175, 0.0846, 0.0434, 0.0297, 0.076, 0.7107], [0.0211, 0.0634, 0.0631, 0.0863, 0.0602, 0.016, 0.6898], [0.0895, 0.0655, 0.0413, 0.063, 0.0232, 0.0418, 0.6757], [0.0289, 0.0291, 0.0418, 0.0248, 0.0449, 0.0548, 0.7758], [0.0621, 0.0501, 0.0207, 0.052, 0.0268, 0.0313, 0.7569], [0.0406, 0.056, 0.0464, 0.0347, 0.0701, 0.0548, 0.6974], [0.027, 0.0305, 0.0603, 0.0669, 0.0364, 0.0637, 0.7152], [0.0148, 0.0613, 0.0489, 0.0942, 0.0507, 0.084, 0.646], [0.0236, 0.0264, 0.0156, 0.0821, 0.0685, 0.0484, 0.7353], [0.0844, 0.076, 0.0319, 0.0812, 0.0135, 0.0366, 0.6763], [0.0618, 0.0179, 0.0791, 0.0205, 0.0581, 0.0631, 0.6995], [0.0715, 0.0501, 0.0473, 0.0245, 0.0198, 0.0343, 0.7525], [0.0837, 0.0857, 0.0148, 0.0477, 0.034, 0.0294, 0.7047], [0.0515, 0.0201, 0.0847, 0.0599, 0.0242, 0.0842, 0.6755], [0.0467, 0.0599, 0.0974, 0.0172, 0.0208, 0.0447, 0.7133], [0.0279, 0.0791, 0.0186, 0.0496, 0.0276, 0.0287, 0.7686], [0.0428, 0.0887, 0.0236, 0.0958, 0.0218, 0.0408, 0.6865], [0.0626, 0.0302, 0.0543, 0.0586, 0.0617, 0.0299, 0.7027], [0.0748, 0.0292, 0.0314, 0.0244, 0.0741, 0.0634, 0.7028], [0.0442, 0.066, 0.0545, 0.0381, 0.0416, 0.0601, 0.6955], [0.0207, 0.0181, 0.0318, 0.0196, 0.0414, 0.0347, 0.8337], [0.0839, 0.0575, 0.0434, 0.0888, 0.0741, 0.0173, 0.635], [0.0611, 0.0724, 0.0661, 0.0465, 0.032, 0.0828, 0.6392], [0.0309, 0.0388, 0.0222, 0.0433, 0.0165, 0.0134, 0.835], [0.0452, 0.0536, 0.0291, 0.0491, 0.0201, 0.0578, 0.7452], [0.0425, 0.067, 0.0279, 0.0808, 0.0877, 0.0737, 0.6205], [0.0373, 0.0542, 0.0667, 0.0523, 0.031, 0.0202, 0.7384], [0.0559, 0.06, 0.0422, 0.0442, 0.0493, 0.0511, 0.6972], [0.0697, 0.0243, 0.0764, 0.0397, 0.0772, 0.0249, 0.688], [0.0558, 0.0441, 0.0621, 0.074, 0.0626, 0.0897, 0.6118], [0.0455, 0.0505, 0.0775, 0.0841, 0.0738, 0.0142, 0.6544], [0.04, 0.0231, 0.0522, 0.0338, 0.0642, 0.0301, 0.7567], [0.064, 0.0403, 0.0707, 0.0704, 0.0741, 0.0563, 0.6241], [0.0596, 0.0251, 0.0439, 0.0343, 0.037, 0.0922, 0.7079], [0.0578, 0.0926, 0.0933, 0.0261, 0.0203, 0.0914, 0.6185], [0.0656, 0.0182, 0.0389, 0.0327, 0.0842, 0.04, 0.7204], [0.027, 0.0637, 0.0283, 0.0806, 0.0182, 0.0323, 0.7498], [0.0747, 0.0578, 0.0271, 0.0291, 0.0685, 0.0517, 0.691], [0.0371, 0.0814, 0.054, 0.0861, 0.0322, 0.071, 0.6382], [0.0278, 0.0665, 0.0506, 0.0489, 0.0347, 0.0834, 0.6882], [0.0645, 0.0878, 0.0448, 0.0568, 0.0628, 0.0598, 0.6234], [0.0616, 0.0636, 0.033, 0.0709, 0.0501, 0.0324, 0.6884], [0.0864, 0.0453, 0.0709, 0.0206, 0.0613, 0.0805, 0.635], [0.0843, 0.037, 0.0577, 0.021, 0.0691, 0.0956, 0.6354], [0.0703, 0.0706, 0.084, 0.0621, 0.0197, 0.0277, 0.6656], [0.0384, 0.0877, 0.0715, 0.0158, 0.0207, 0.0776, 0.6884], [0.0733, 0.0361, 0.0354, 0.0498, 0.0494, 0.0527, 0.7033], [0.0464, 0.1051, 0.027, 0.0181, 0.0372, 0.0438, 0.7223], [0.041, 0.044, 0.0247, 0.0512, 0.0722, 0.0678, 0.6992], [0.0503, 0.0278, 0.0699, 0.0212, 0.0126, 0.0355, 0.7828], [0.0799, 0.0378, 0.0174, 0.0588, 0.0629, 0.026, 0.7172], [0.0598, 0.0628, 0.0193, 0.0738, 0.0692, 0.0268, 0.6882], [0.0535, 0.0247, 0.0768, 0.0141, 0.048, 0.0671, 0.7159], [0.0578, 0.065, 0.0631, 0.0325, 0.0738, 0.066, 0.6418], [0.0634, 0.0658, 0.0257, 0.0689, 0.0534, 0.0297, 0.6931], [0.065, 0.0752, 0.0717, 0.0618, 0.0132, 0.0708, 0.6422], [0.0815, 0.0248, 0.0123, 0.0624, 0.0327, 0.0304, 0.7558], [0.0699, 0.0258, 0.0399, 0.0644, 0.0525, 0.052, 0.6956], [0.0211, 0.0388, 0.0663, 0.0439, 0.0186, 0.0138, 0.7975], [0.0765, 0.0614, 0.043, 0.0396, 0.029, 0.028, 0.7225], [0.0668, 0.0385, 0.0411, 0.0223, 0.0484, 0.0624, 0.7205], [0.0225, 0.0818, 0.0554, 0.0325, 0.0144, 0.0191, 0.7744], [0.0607, 0.0586, 0.0472, 0.0219, 0.0778, 0.0571, 0.6767], [0.0482, 0.0912, 0.0562, 0.0449, 0.0636, 0.0754, 0.6205], [0.0426, 0.0686, 0.0508, 0.023, 0.0762, 0.0575, 0.6811], [0.0458, 0.022, 0.0282, 0.0679, 0.072, 0.0555, 0.7087], [0.0271, 0.0755, 0.0542, 0.0419, 0.0825, 0.0635, 0.6552], [0.0182, 0.0402, 0.0554, 0.0329, 0.0598, 0.0325, 0.7608], [0.0169, 0.0644, 0.0203, 0.0568, 0.0175, 0.0723, 0.7517], [0.0266, 0.0798, 0.0696, 0.042, 0.0356, 0.0496, 0.6968], [0.0439, 0.0649, 0.0778, 0.0763, 0.033, 0.0585, 0.6457], [0.0686, 0.045, 0.0364, 0.0686, 0.0293, 0.0251, 0.7269], [0.0517, 0.0208, 0.0706, 0.0821, 0.0394, 0.0162, 0.7192], [0.0692, 0.0547, 0.032, 0.0956, 0.0571, 0.0233, 0.668], [0.0876, 0.0354, 0.0482, 0.0334, 0.0948, 0.0171, 0.6835], [0.0239, 0.0475, 0.0323, 0.0389, 0.0604, 0.0463, 0.7507], [0.0884, 0.0313, 0.0413, 0.0883, 0.033, 0.0576, 0.6601]], "emotions": ["purple", "purple", "purple", "purple", "purple", "purple", "purple", "purple", "purple", "purple", "purple", "purple", "purple", "purple", "purple", "purple", "purple", "purple", "purple", "purple", "purple", "purple", "purple", "purple", "purple", "purple", "purple", "purple", "purple", "purple", "purple", "purple", "purple", "purple", "purple", "purple", "purple", "purple", "purple", "purple", "purple", "purple", "purple", "purple", "purple", "purple", "purple", "purple", "purple", "purple", "purple", "purple", "purple", "purple", "purple", "purple", "purple", "purple", "purple", "purple", "purple", "purple", "purple", "purple", "purple", "purple", "purple", "purple", "purple", "purple", "purple", "purple", "purple", "purple", "purple", "purple", "purple", "purple", "purple", "purple"], "timestamps": [0, 40, 80, 120, 160, 200, 240, 280, 320, 360, 400, 440, 480, 520, 560, 600, 640, 680, 720, 760, 800, 840, 880, 920, 960, 1000, 1040, 1080, 1120, 1160, 1200, 1240, 1280, 1320, 1360, 1400, 1440, 1480, 1520, 1560, 1600, 1640, 1680, 1720, 1760, 1800, 1840, 1880, 1920, 1960, 2000, 2040, 2080, 2120, 2160, 2200, 2240, 2280, 2320, 2360, 2400, 2440, 2480, 2520, 2560, 2600, 2640, 2680, 2720, 2760, 2800, 2840, 2880, 2920, 2960, 3000, 3040, 3080, 3120, 3160]}], "conversation": [], "conversation_timestamps": []}