{"agent_id": "agent-red-1981", "type": "red", "trips": [{"trip_id": 0, "transport_method": "car", "start_time": 0, "path": [[1.5281385, 42.5341559], [1.5283275, 42.5348289], [1.529005, 42.5353648], [1.5298346, 42.5356133], [1.5303959, 42.5361992], [1.531013, 42.536649], [1.5303108, 42.5365807], [1.5295593, 42.5361783], [1.5287091, 42.5360416], [1.5279316, 42.5356679], [1.5272063, 42.5352103], [1.5276448, 42.5357789], [1.5282822, 42.5363399], [1.5276957, 42.5361387], [1.5269773, 42.5356531], [1.5262833, 42.5351337], [1.525571, 42.534651], [1.5247192, 42.5345336], [1.5249303, 42.5342703], [1.5248148, 42.5335167], [1.5241581, 42.5331001], [1.5238554, 42.5325341], [1.5233702, 42.5324343], [1.5231015, 42.5331524], [1.5225328, 42.5333357], [1.5225239, 42.5325821], [1.5219548, 42.532848], [1.5212557, 42.5330022], [1.5212014, 42.532265], [1.520916, 42.5314884], [1.5213456, 42.5307429], [1.521405, 42.5300451], [1.5219978, 42.5294324], [1.5214423, 42.5288731], [1.5210409, 42.5281702], [1.5206241, 42.5274414], [1.5206945, 42.5265771], [1.5207649, 42.5257128], [1.5207239, 42.5262677], [1.5205785, 42.5270942], [1.5206535, 42.5269627], [1.5207071, 42.5260972], [1.5207363, 42.5252331], [1.5207654, 42.5244073], [1.5212584, 42.5236967], [1.5217511, 42.5229912], [1.5220987, 42.5222063], [1.5227804, 42.5216793], [1.5233648, 42.521056], [1.5236496, 42.5202369], [1.523835, 42.5198319], [1.5235552, 42.5206465], [1.5234481, 42.5207447], [1.5236799, 42.5199091], [1.5239118, 42.5190735], [1.5240696, 42.5182224], [1.5242146, 42.5173689], [1.5245152, 42.5165562], [1.5249351, 42.5158005], [1.525517, 42.5151593], [1.526192, 42.5146183], [1.5269571, 42.5142109], [1.5277404, 42.5138391], [1.5285318, 42.5134845], [1.5293251, 42.5131344], [1.5301223, 42.5127931], [1.5309097, 42.51243], [1.5316868, 42.5120459], [1.5323913, 42.5115452], [1.5329733, 42.5109046], [1.533531, 42.5102632], [1.5339925, 42.5095878], [1.5339097, 42.5098192], [1.5346293, 42.5095586], [1.5354118, 42.5092098], [1.5362758, 42.5092843], [1.5370672, 42.5090996], [1.5377972, 42.5086759], [1.5377912, 42.5078441], [1.5373167, 42.5073357]], "mood_vectors": [[0.6368, 0.0597, 0.0761, 0.0565, 0.0431, 0.0768, 0.051], [0.6039, 0.0704, 0.0768, 0.07, 0.0394, 0.0743, 0.0651], [0.6075, 0.0579, 0.0643, 0.0799, 0.0509, 0.0789, 0.0606], [0.705, 0.0243, 0.0681, 0.0494, 0.0403, 0.0477, 0.0652], [0.6985, 0.0781, 0.0673, 0.0536, 0.0258, 0.0596, 0.017], [0.7125, 0.0515, 0.0448, 0.0321, 0.0674, 0.0758, 0.016], [0.6555, 0.0319, 0.0486, 0.0296, 0.0749, 0.0893, 0.0701], [0.6837, 0.0223, 0.0523, 0.0548, 0.0604, 0.1003, 0.0263], [0.7477, 0.0406, 0.0535, 0.0393, 0.0367, 0.0264, 0.0558], [0.6716, 0.0247, 0.0671, 0.0949, 0.0953, 0.0305, 0.0159], [0.6116, 0.0241, 0.0793, 0.0747, 0.0758, 0.0736, 0.0609], [0.6407, 0.0873, 0.0811, 0.0812, 0.0216, 0.0562, 0.0318], [0.7442, 0.0335, 0.0632, 0.0537, 0.0143, 0.0728, 0.0183], [0.6962, 0.0428, 0.0759, 0.0553, 0.049, 0.0354, 0.0454], [0.6385, 0.0417, 0.0953, 0.026, 0.0785, 0.0673, 0.0526], [0.6729, 0.0691, 0.0269, 0.0677, 0.0819, 0.0394, 0.0421], [0.6534, 0.0417, 0.0652, 0.0545, 0.0649, 0.053, 0.0673], [0.6593, 0.0555, 0.0757, 0.0834, 0.0293, 0.0397, 0.0571], [0.6956, 0.0212, 0.0822, 0.0866, 0.041, 0.027, 0.0464], [0.6074, 0.0776, 0.0616, 0.0652, 0.0721, 0.0378, 0.0782], [0.7823, 0.0491, 0.0327, 0.0149, 0.0652, 0.0409, 0.015], [0.7526, 0.0313, 0.0418, 0.025, 0.0601, 0.0396, 0.0497], [0.688, 0.0314, 0.0714, 0.0725, 0.0403, 0.0391, 0.0572], [0.6799, 0.0619, 0.0577, 0.0144, 0.0588, 0.0861, 0.0413], [0.7455, 0.047, 0.0371, 0.0402, 0.0714, 0.0467, 0.0122], [0.7618, 0.0456, 0.041, 0.059, 0.0259, 0.0493, 0.0174], [0.6489, 0.0193, 0.0153, 0.0898, 0.0826, 0.0867, 0.0574], [0.6824, 0.0602, 0.0703, 0.0286, 0.0389, 0.0818, 0.0378], [0.6616, 0.0609, 0.066, 0.0461, 0.0408, 0.0519, 0.0727], [0.7833, 0.0454, 0.0318, 0.0266, 0.0385, 0.0384, 0.0359], [0.806, 0.028, 0.0638, 0.033, 0.0229, 0.0334, 0.0127], [0.6416, 0.05, 0.0785, 0.0175, 0.0784, 0.0554, 0.0787], [0.6208, 0.0846, 0.0687, 0.0389, 0.0249, 0.0756, 0.0865], [0.742, 0.0833, 0.048, 0.0481, 0.0443, 0.0184, 0.0159], [0.811, 0.021, 0.027, 0.0152, 0.0258, 0.0684, 0.0317], [0.7402, 0.0534, 0.0616, 0.0633, 0.0309, 0.0237, 0.0268], [0.7356, 0.0219, 0.0291, 0.0431, 0.0328, 0.073, 0.0646], [0.7174, 0.0449, 0.0152, 0.0739, 0.0406, 0.063, 0.045], [0.751, 0.0251, 0.0888, 0.0242, 0.0363, 0.0174, 0.0572], [0.7193, 0.0277, 0.0265, 0.0347, 0.0608, 0.0735, 0.0575], [0.6786, 0.0544, 0.0516, 0.053, 0.0442, 0.0745, 0.0437], [0.6977, 0.0522, 0.0389, 0.0684, 0.0118, 0.0632, 0.0679], [0.6985, 0.0523, 0.0777, 0.0403, 0.0146, 0.0512, 0.0655], [0.6972, 0.0691, 0.048, 0.0202, 0.0831, 0.033, 0.0493], [0.7236, 0.0226, 0.0418, 0.0467, 0.0615, 0.0839, 0.0199], [0.6983, 0.0315, 0.0596, 0.0587, 0.0489, 0.0663, 0.0367], [0.7104, 0.0368, 0.0559, 0.027, 0.0647, 0.0684, 0.0368], [0.7581, 0.0337, 0.0643, 0.0384, 0.0588, 0.0207, 0.026], [0.6971, 0.0428, 0.0734, 0.0401, 0.058, 0.0149, 0.0738], [0.6976, 0.0541, 0.0786, 0.0622, 0.0366, 0.0376, 0.0332], [0.7151, 0.0872, 0.059, 0.0184, 0.0725, 0.0186, 0.0292], [0.7365, 0.0407, 0.0315, 0.0829, 0.0405, 0.0351, 0.0329], [0.7699, 0.0319, 0.0306, 0.0261, 0.0381, 0.0503, 0.053], [0.686, 0.0417, 0.0629, 0.0626, 0.0619, 0.0172, 0.0676], [0.6816, 0.0774, 0.0533, 0.0749, 0.0313, 0.0538, 0.0277], [0.6959, 0.0643, 0.018, 0.0714, 0.0554, 0.0434, 0.0515], [0.7087, 0.0196, 0.0153, 0.0853, 0.0603, 0.0563, 0.0546], [0.6423, 0.0527, 0.0299, 0.029, 0.0844, 0.084, 0.0778], [0.6567, 0.0294, 0.0507, 0.0823, 0.0395, 0.0803, 0.061], [0.6526, 0.0664, 0.0695, 0.0435, 0.0651, 0.0368, 0.0661], [0.6762, 0.0433, 0.0243, 0.0536, 0.0455, 0.0732, 0.0838], [0.5822, 0.065, 0.089, 0.0903, 0.0574, 0.0579, 0.0582], [0.7458, 0.0581, 0.0457, 0.0328, 0.0484, 0.0307, 0.0386], [0.7525, 0.0656, 0.0794, 0.0326, 0.0145, 0.0279, 0.0275], [0.7993, 0.0408, 0.019, 0.0648, 0.0247, 0.0289, 0.0225], [0.6396, 0.0864, 0.0205, 0.0442, 0.068, 0.0468, 0.0944], [0.7091, 0.0628, 0.0506, 0.0373, 0.0367, 0.0497, 0.0538], [0.7027, 0.0603, 0.0473, 0.0679, 0.0331, 0.0124, 0.0764], [0.6912, 0.0249, 0.0752, 0.051, 0.0274, 0.0699, 0.0604], [0.74, 0.044, 0.0446, 0.0295, 0.033, 0.0571, 0.0518], [0.7589, 0.0209, 0.0581, 0.0252, 0.0482, 0.0275, 0.0611], [0.7266, 0.0492, 0.0496, 0.019, 0.0653, 0.0349, 0.0555], [0.6763, 0.0432, 0.0592, 0.0279, 0.0681, 0.0526, 0.0726], [0.727, 0.0148, 0.0213, 0.0529, 0.0752, 0.0478, 0.0611], [0.6279, 0.0659, 0.0637, 0.069, 0.0873, 0.0414, 0.0448], [0.7035, 0.0515, 0.0215, 0.0506, 0.0428, 0.0734, 0.0567], [0.6958, 0.0508, 0.0517, 0.0722, 0.0743, 0.0344, 0.0208], [0.6617, 0.0766, 0.0379, 0.0449, 0.0721, 0.0756, 0.0312], [0.6515, 0.0672, 0.0533, 0.0152, 0.073, 0.0526, 0.087], [0.629, 0.0643, 0.0958, 0.0612, 0.0398, 0.0493, 0.0606]], "emotions": ["red", "red", "red", "red", "red", "red", "red", "red", "red", "red", "red", "red", "red", "red", "red", "red", "red", "red", "red", "red", "red", "red", "red", "red", "red", "red", "red", "red", "red", "red", "red", "red", "red", "red", "red", "red", "red", "red", "red", "red", "red", "red", "red", "red", "red", "red", "red", "red", "red", "red", "red", "red", "red", "red", "red", "red", "red", "red", "red", "red", "red", "red", "red", "red", "red", "red", "red", "red", "red", "red", "red", "red", "red", "red", "red", "red", "red", "red", "red", "red"], "timestamps": [0, 40, 80, 120, 160, 200, 240, 280, 320, 360, 400, 440, 480, 520, 560, 600, 640, 680, 720, 760, 800, 840, 880, 920, 960, 1000, 1040, 1080, 1120, 1160, 1200, 1240, 1280, 1320, 1360, 1400, 1440, 1480, 1520, 1560, 1600, 1640, 1680, 1720, 1760, 1800, 1840, 1880, 1920, 1960, 2000, 2040, 2080, 2120, 2160, 2200, 2240, 2280, 2320, 2360, 2400, 2440, 2480, 2520, 2560, 2600, 2640, 2680, 2720, 2760, 2800, 2840, 2880, 2920, 2960, 3000, 3040, 3080, 3120, 3160]}], "conversation": [], "conversation_timestamps": []}