{"agent_id": "agent-red-1396", "type": "red", "trips": [{"trip_id": 0, "transport_method": "foot", "start_time": 0, "path": [[1.5869067, 42.5344735], [1.5866991, 42.5339855], [1.5858463, 42.5338677], [1.5856881, 42.5337321], [1.5847685, 42.5330755], [1.5838393, 42.5322633], [1.5827282, 42.5317427], [1.5814956, 42.5317081], [1.5802595, 42.5317461], [1.579024, 42.531797], [1.5777881, 42.531773], [1.5765583, 42.5316469], [1.5753426, 42.531421], [1.5743167, 42.5307911], [1.57341, 42.5299501], [1.5735336, 42.5303659], [1.5744977, 42.5311188], [1.5741991, 42.5306862], [1.5732893, 42.5298485], [1.5722074, 42.529351], [1.5710968, 42.5292021], [1.5701077, 42.5284597], [1.569825, 42.5282139], [1.5708583, 42.5288934], [1.570894, 42.529088], [1.5698647, 42.5284024], [1.5688354, 42.5277168], [1.5678061, 42.5270312], [1.5682367, 42.5272571], [1.568947, 42.5277068], [1.56792, 42.5270177], [1.5668931, 42.5263286], [1.565855, 42.525663], [1.5646999, 42.5252272], [1.5635681, 42.5248171], [1.5624682, 42.5242929], [1.5616408, 42.5233777], [1.5606417, 42.5226496], [1.5596532, 42.5219649], [1.5586524, 42.5212609], [1.5577492, 42.5204164], [1.5569312, 42.519522], [1.5565726, 42.5190904], [1.5563732, 42.5188396], [1.5562004, 42.5188943], [1.5555834, 42.5181997], [1.5550199, 42.5179403], [1.5543618, 42.517373], [1.5538856, 42.5170626], [1.5543877, 42.5175071], [1.5535933, 42.5165593], [1.5531266, 42.5154262], [1.5527133, 42.5143128], [1.552154, 42.5133395], [1.5511178, 42.5126851], [1.5501174, 42.5120016], [1.5489417, 42.511626], [1.5477388, 42.5113391], [1.5465897, 42.5109217], [1.5462523, 42.5098231], [1.5460594, 42.5096438], [1.5448804, 42.5093247], [1.5436833, 42.5090956], [1.5424744, 42.5088834], [1.541256, 42.5087425], [1.5403167, 42.508496], [1.5391133, 42.5082282], [1.5378929, 42.5081201], [1.5378674, 42.5081173], [1.5366519, 42.5078891], [1.5354517, 42.5076111], [1.5343159, 42.5071218], [1.5353751, 42.507654], [1.5348092, 42.5073311], [1.5336587, 42.5068844], [1.5324665, 42.5066343], [1.5313243, 42.5064912], [1.5302321, 42.5066152], [1.5291213, 42.506623], [1.5279985, 42.507122]], "mood_vectors": [[0.6954, 0.0298, 0.0692, 0.0523, 0.063, 0.0478, 0.0425], [0.6943, 0.0443, 0.0433, 0.0823, 0.0162, 0.0393, 0.0804], [0.7445, 0.0655, 0.0535, 0.0651, 0.03, 0.0251, 0.0162], [0.6408, 0.0581, 0.0704, 0.0234, 0.0602, 0.0573, 0.0899], [0.7231, 0.0328, 0.0769, 0.0402, 0.0799, 0.0151, 0.032], [0.7731, 0.0247, 0.0303, 0.0435, 0.019, 0.0725, 0.037], [0.8211, 0.0363, 0.0601, 0.0325, 0.0147, 0.0206, 0.0148], [0.7265, 0.0726, 0.0407, 0.076, 0.0287, 0.0259, 0.0296], [0.7259, 0.0321, 0.0454, 0.044, 0.0524, 0.0369, 0.0632], [0.6173, 0.0867, 0.0822, 0.0305, 0.072, 0.0658, 0.0454], [0.7086, 0.0784, 0.0501, 0.0598, 0.0148, 0.0349, 0.0534], [0.6995, 0.0598, 0.0326, 0.0522, 0.0586, 0.0558, 0.0415], [0.7285, 0.0306, 0.0345, 0.082, 0.0227, 0.0569, 0.0448], [0.746, 0.0426, 0.0748, 0.0251, 0.0589, 0.0337, 0.0188], [0.7247, 0.0578, 0.0462, 0.0641, 0.0604, 0.0193, 0.0274], [0.72, 0.0487, 0.0662, 0.0355, 0.0267, 0.035, 0.0679], [0.6907, 0.049, 0.0509, 0.0727, 0.0505, 0.0689, 0.0174], [0.7674, 0.042, 0.0219, 0.0548, 0.0298, 0.0372, 0.047], [0.645, 0.0896, 0.0218, 0.0402, 0.085, 0.0525, 0.0657], [0.7358, 0.0912, 0.0655, 0.023, 0.0314, 0.0241, 0.029], [0.6171, 0.063, 0.0652, 0.0409, 0.0537, 0.0771, 0.0829], [0.672, 0.0731, 0.0408, 0.0709, 0.0293, 0.0554, 0.0585], [0.7421, 0.0696, 0.0114, 0.0575, 0.0122, 0.0595, 0.0477], [0.636, 0.0776, 0.0287, 0.0621, 0.0866, 0.0864, 0.0227], [0.6175, 0.0534, 0.0362, 0.0891, 0.0908, 0.0407, 0.0724], [0.6319, 0.0884, 0.0761, 0.0217, 0.0635, 0.0789, 0.0395], [0.662, 0.0255, 0.0735, 0.0471, 0.0654, 0.0703, 0.0562], [0.7324, 0.0166, 0.0847, 0.0651, 0.0166, 0.0668, 0.0179], [0.7065, 0.0431, 0.0407, 0.0753, 0.0508, 0.048, 0.0356], [0.64, 0.0486, 0.061, 0.0694, 0.073, 0.0497, 0.0584], [0.6955, 0.0629, 0.0307, 0.0762, 0.0563, 0.0132, 0.0652], [0.5899, 0.0759, 0.0901, 0.0272, 0.071, 0.0758, 0.0702], [0.6704, 0.0272, 0.0264, 0.0693, 0.0752, 0.0632, 0.0682], [0.7014, 0.0746, 0.0605, 0.0746, 0.0517, 0.0166, 0.0205], [0.701, 0.0853, 0.0594, 0.0342, 0.0529, 0.0261, 0.0411], [0.7083, 0.0475, 0.0699, 0.0797, 0.0308, 0.0356, 0.0283], [0.7602, 0.0299, 0.0489, 0.048, 0.0214, 0.064, 0.0277], [0.777, 0.0905, 0.0364, 0.0391, 0.0173, 0.0177, 0.022], [0.691, 0.0701, 0.0683, 0.0137, 0.0539, 0.0411, 0.0619], [0.7555, 0.0244, 0.0314, 0.0179, 0.0765, 0.0207, 0.0736], [0.7282, 0.0462, 0.0292, 0.0601, 0.0519, 0.0624, 0.022], [0.6329, 0.0483, 0.087, 0.0516, 0.0177, 0.0759, 0.0866], [0.6691, 0.0677, 0.0351, 0.0428, 0.0328, 0.0718, 0.0806], [0.6274, 0.0568, 0.0769, 0.0662, 0.08, 0.0142, 0.0785], [0.7306, 0.0478, 0.0783, 0.0644, 0.0195, 0.0253, 0.0342], [0.6829, 0.0839, 0.089, 0.0562, 0.031, 0.0202, 0.037], [0.7003, 0.0426, 0.078, 0.0524, 0.0786, 0.0326, 0.0154], [0.7282, 0.0346, 0.0208, 0.083, 0.0817, 0.0277, 0.024], [0.6211, 0.0744, 0.0699, 0.0666, 0.0726, 0.0374, 0.0579], [0.7355, 0.0633, 0.0158, 0.021, 0.0273, 0.047, 0.0901], [0.6619, 0.0819, 0.066, 0.0136, 0.0778, 0.0262, 0.0727], [0.693, 0.023, 0.0413, 0.0906, 0.0519, 0.0157, 0.0845], [0.7405, 0.0745, 0.0308, 0.0315, 0.0389, 0.0252, 0.0586], [0.7592, 0.0593, 0.0489, 0.0124, 0.0682, 0.034, 0.0181], [0.6549, 0.0795, 0.0386, 0.0462, 0.0772, 0.0606, 0.043], [0.6458, 0.0732, 0.0734, 0.0171, 0.0394, 0.0795, 0.0716], [0.6181, 0.0845, 0.0949, 0.0195, 0.0864, 0.0274, 0.0692], [0.7003, 0.0141, 0.0869, 0.0224, 0.0221, 0.0829, 0.0713], [0.6377, 0.0298, 0.0855, 0.0819, 0.0905, 0.0385, 0.0361], [0.5778, 0.0711, 0.089, 0.0659, 0.0718, 0.0782, 0.0463], [0.7346, 0.0396, 0.0186, 0.0168, 0.02, 0.0918, 0.0787], [0.6695, 0.0242, 0.0772, 0.0576, 0.0853, 0.041, 0.0453], [0.7395, 0.0244, 0.0343, 0.0439, 0.0533, 0.0244, 0.0803], [0.6627, 0.0626, 0.064, 0.0673, 0.0486, 0.0148, 0.08], [0.7748, 0.0173, 0.0791, 0.0603, 0.0124, 0.0287, 0.0274], [0.6934, 0.0664, 0.0464, 0.0518, 0.0319, 0.0363, 0.0738], [0.7708, 0.0541, 0.0239, 0.0568, 0.0283, 0.0212, 0.0448], [0.7337, 0.0591, 0.0303, 0.0372, 0.0542, 0.0446, 0.0409], [0.7856, 0.036, 0.0602, 0.0443, 0.0156, 0.0142, 0.0442], [0.8452, 0.0156, 0.0205, 0.0554, 0.0148, 0.0328, 0.0158], [0.61, 0.097, 0.0509, 0.0767, 0.0703, 0.0614, 0.0335], [0.6609, 0.0768, 0.0278, 0.0181, 0.064, 0.0752, 0.0772], [0.6746, 0.0599, 0.0649, 0.0593, 0.0445, 0.0684, 0.0283], [0.7112, 0.051, 0.0581, 0.0472, 0.0253, 0.0493, 0.0579], [0.6757, 0.0683, 0.0469, 0.0587, 0.0405, 0.0888, 0.021], [0.67, 0.0212, 0.039, 0.0849, 0.0731, 0.0606, 0.0512], [0.803, 0.0353, 0.0418, 0.0139, 0.027, 0.063, 0.016], [0.768, 0.0317, 0.0214, 0.0785, 0.0276, 0.0174, 0.0554], [0.647, 0.0698, 0.0426, 0.0717, 0.0814, 0.0205, 0.067], [0.6531, 0.0775, 0.0613, 0.047, 0.0478, 0.0545, 0.0589]], "emotions": ["red", "red", "red", "red", "red", "red", "red", "red", "red", "red", "red", "red", "red", "red", "red", "red", "red", "red", "red", "red", "red", "red", "red", "red", "red", "red", "red", "red", "red", "red", "red", "red", "red", "red", "red", "red", "red", "red", "red", "red", "red", "red", "red", "red", "red", "red", "red", "red", "red", "red", "red", "red", "red", "red", "red", "red", "red", "red", "red", "red", "red", "red", "red", "red", "red", "red", "red", "red", "red", "red", "red", "red", "red", "red", "red", "red", "red", "red", "red", "red"], "timestamps": [0, 40, 80, 120, 160, 200, 240, 280, 320, 360, 400, 440, 480, 520, 560, 600, 640, 680, 720, 760, 800, 840, 880, 920, 960, 1000, 1040, 1080, 1120, 1160, 1200, 1240, 1280, 1320, 1360, 1400, 1440, 1480, 1520, 1560, 1600, 1640, 1680, 1720, 1760, 1800, 1840, 1880, 1920, 1960, 2000, 2040, 2080, 2120, 2160, 2200, 2240, 2280, 2320, 2360, 2400, 2440, 2480, 2520, 2560, 2600, 2640, 2680, 2720, 2760, 2800, 2840, 2880, 2920, 2960, 3000, 3040, 3080, 3120, 3160]}], "conversation": [], "conversation_timestamps": []}