{"agent_id": "agent-purple-1024", "type": "purple", "trips": [{"trip_id": 0, "transport_method": "foot", "start_time": 0, "path": [[1.536014, 42.5104032], [1.5353168, 42.5104202], [1.5346205, 42.5106676], [1.5336863, 42.5101804], [1.5326678, 42.5099675], [1.5316664, 42.5097012], [1.5306788, 42.5093411], [1.5296794, 42.5090831], [1.5288322, 42.5087293], [1.527965, 42.5081393], [1.5274002, 42.5073065], [1.5263543, 42.5072086], [1.5253091, 42.5070781], [1.5243046, 42.5068944], [1.523282, 42.5066559], [1.5222602, 42.506407], [1.521262, 42.506071], [1.5212812, 42.5060755], [1.52122, 42.5060745], [1.5202144, 42.5057627], [1.5191887, 42.505522], [1.5181415, 42.5054095], [1.5178386, 42.5053885], [1.5171375, 42.5053707], [1.5171189, 42.5052848], [1.5161191, 42.504978], [1.515318, 42.5042951], [1.5145342, 42.503591], [1.5137518, 42.5028856], [1.5131113, 42.5020509], [1.5125117, 42.5011893], [1.5118788, 42.5003469], [1.511231, 42.4995159], [1.5105768, 42.4986901], [1.5097649, 42.4980437], [1.5088206, 42.4975765], [1.5078678, 42.4971273], [1.5068796, 42.4967619], [1.5058853, 42.4964135], [1.5048903, 42.4960691], [1.5039586, 42.49558], [1.5029615, 42.4952417], [1.5020139, 42.4947812], [1.5010579, 42.4943384], [1.5003338, 42.493659], [1.4995095, 42.4930027], [1.4985881, 42.4924934], [1.497663, 42.4919893], [1.4967793, 42.491416], [1.4962867, 42.4905782], [1.4959316, 42.4896298], [1.4952444, 42.4888311], [1.4946893, 42.4879601], [1.4947265, 42.4869193], [1.4942138, 42.4860226], [1.4933892, 42.4853693], [1.4925132, 42.4848184], [1.4915114, 42.4846003], [1.4908639, 42.4838696], [1.4903717, 42.482948], [1.4898258, 42.4820469], [1.4894883, 42.4810619], [1.4893706, 42.480015], [1.4896116, 42.4790036], [1.4901685, 42.4781094], [1.4906146, 42.4771576], [1.4907759, 42.4762039], [1.4908367, 42.4751618], [1.4905801, 42.4741546], [1.4905977, 42.4731224], [1.4910595, 42.4721776], [1.4915565, 42.4712486], [1.4919786, 42.470287], [1.4919906, 42.4692467], [1.4916539, 42.4682485], [1.4915904, 42.4672086], [1.4924289, 42.466612], [1.4933013, 42.4660982], [1.4943186, 42.4658606], [1.4943324, 42.4662405]], "mood_vectors": [[0.0529, 0.0363, 0.0615, 0.0169, 0.035, 0.7426, 0.0548], [0.0625, 0.0515, 0.043, 0.0268, 0.0361, 0.7297, 0.0504], [0.0141, 0.0171, 0.0415, 0.0487, 0.0206, 0.784, 0.074], [0.0472, 0.0525, 0.0663, 0.0687, 0.0537, 0.6739, 0.0378], [0.0212, 0.023, 0.0275, 0.0466, 0.086, 0.7557, 0.04], [0.0875, 0.0386, 0.0608, 0.084, 0.0295, 0.648, 0.0515], [0.0302, 0.0818, 0.0536, 0.0175, 0.0414, 0.7399, 0.0356], [0.0642, 0.0426, 0.0614, 0.0475, 0.0562, 0.703, 0.025], [0.0455, 0.0777, 0.0605, 0.0794, 0.0797, 0.623, 0.0343], [0.0751, 0.0279, 0.0382, 0.0167, 0.0463, 0.7585, 0.0374], [0.0552, 0.0447, 0.0678, 0.0226, 0.0125, 0.7731, 0.0241], [0.0196, 0.0677, 0.0352, 0.0461, 0.0615, 0.6839, 0.086], [0.074, 0.0612, 0.0238, 0.0742, 0.0425, 0.696, 0.0284], [0.0237, 0.0654, 0.0597, 0.0462, 0.0312, 0.7535, 0.0204], [0.022, 0.0274, 0.0553, 0.069, 0.0532, 0.704, 0.0691], [0.0576, 0.0205, 0.037, 0.0633, 0.0405, 0.7548, 0.0263], [0.0705, 0.0518, 0.0662, 0.0265, 0.0162, 0.7199, 0.0488], [0.0147, 0.0586, 0.0147, 0.0755, 0.0333, 0.7699, 0.0333], [0.0491, 0.0512, 0.0278, 0.0533, 0.0609, 0.6997, 0.058], [0.0147, 0.0191, 0.028, 0.0695, 0.0407, 0.769, 0.0589], [0.0617, 0.0413, 0.0916, 0.04, 0.0184, 0.6574, 0.0895], [0.0613, 0.0121, 0.0603, 0.0233, 0.0268, 0.751, 0.0653], [0.0714, 0.0436, 0.0398, 0.0414, 0.0312, 0.7415, 0.031], [0.0868, 0.0153, 0.0398, 0.072, 0.0301, 0.6955, 0.0604], [0.0591, 0.0776, 0.0689, 0.0596, 0.054, 0.6401, 0.0407], [0.0491, 0.035, 0.0339, 0.0662, 0.0685, 0.7169, 0.0304], [0.0593, 0.0722, 0.0685, 0.0735, 0.0757, 0.6273, 0.0234], [0.0228, 0.0785, 0.0801, 0.046, 0.0728, 0.6235, 0.0763], [0.0421, 0.0724, 0.0755, 0.0431, 0.0461, 0.6952, 0.0257], [0.0182, 0.0784, 0.0709, 0.0603, 0.0647, 0.6505, 0.0569], [0.0149, 0.042, 0.0843, 0.0367, 0.0142, 0.7644, 0.0434], [0.0258, 0.0176, 0.0685, 0.0895, 0.0406, 0.7194, 0.0386], [0.0853, 0.085, 0.0554, 0.0419, 0.0397, 0.6648, 0.0279], [0.0396, 0.0511, 0.0317, 0.0135, 0.0163, 0.8097, 0.0381], [0.0616, 0.0406, 0.023, 0.0451, 0.0868, 0.6856, 0.0573], [0.0505, 0.0876, 0.0913, 0.0194, 0.0666, 0.6273, 0.0573], [0.0428, 0.057, 0.0724, 0.0241, 0.0614, 0.7289, 0.0135], [0.0825, 0.0842, 0.0447, 0.0299, 0.0826, 0.6347, 0.0414], [0.0609, 0.0728, 0.0772, 0.0151, 0.0922, 0.5954, 0.0865], [0.0344, 0.0383, 0.0562, 0.0204, 0.0642, 0.7374, 0.0491], [0.0607, 0.0239, 0.0201, 0.0669, 0.0335, 0.7312, 0.0637], [0.0334, 0.0596, 0.0482, 0.0235, 0.0597, 0.7607, 0.0148], [0.0676, 0.0482, 0.0542, 0.0596, 0.0711, 0.6245, 0.0748], [0.0606, 0.0659, 0.0587, 0.0657, 0.0422, 0.6748, 0.0322], [0.0543, 0.0913, 0.0475, 0.037, 0.0505, 0.6637, 0.0557], [0.0564, 0.056, 0.0595, 0.0397, 0.0383, 0.6819, 0.0681], [0.0244, 0.0604, 0.0456, 0.0155, 0.0602, 0.7395, 0.0543], [0.0686, 0.0654, 0.0362, 0.0253, 0.0175, 0.7325, 0.0545], [0.07, 0.0316, 0.0576, 0.0298, 0.0686, 0.7308, 0.0116], [0.0607, 0.0372, 0.075, 0.0273, 0.0228, 0.7418, 0.0351], [0.0424, 0.0165, 0.0908, 0.0292, 0.0166, 0.7476, 0.0568], [0.0299, 0.0923, 0.055, 0.0623, 0.053, 0.6595, 0.048], [0.0356, 0.0838, 0.0203, 0.0765, 0.0381, 0.7019, 0.0439], [0.055, 0.0433, 0.0265, 0.0699, 0.0255, 0.7572, 0.0225], [0.0178, 0.0742, 0.0288, 0.0528, 0.0847, 0.6813, 0.0603], [0.0537, 0.0923, 0.0696, 0.0429, 0.0769, 0.6265, 0.0381], [0.0415, 0.0707, 0.074, 0.0537, 0.0259, 0.718, 0.0162], [0.0966, 0.0876, 0.0451, 0.0145, 0.0875, 0.64, 0.0286], [0.0461, 0.0376, 0.0758, 0.0505, 0.0516, 0.7063, 0.032], [0.0213, 0.0954, 0.0851, 0.0206, 0.0574, 0.6697, 0.0506], [0.0791, 0.0286, 0.0526, 0.0595, 0.0895, 0.6736, 0.0172], [0.0271, 0.0826, 0.0714, 0.0772, 0.0733, 0.621, 0.0474], [0.0598, 0.0167, 0.0638, 0.0692, 0.0825, 0.6488, 0.0592], [0.0452, 0.0565, 0.0441, 0.0186, 0.0471, 0.7458, 0.0428], [0.0254, 0.0524, 0.0167, 0.0216, 0.0231, 0.8011, 0.0598], [0.0861, 0.0131, 0.0191, 0.072, 0.0599, 0.6871, 0.0627], [0.0568, 0.0361, 0.0561, 0.0237, 0.039, 0.7319, 0.0565], [0.0373, 0.0199, 0.0255, 0.0715, 0.0697, 0.7047, 0.0714], [0.0417, 0.0585, 0.0536, 0.065, 0.0721, 0.6268, 0.0823], [0.0378, 0.0155, 0.0706, 0.0478, 0.0147, 0.786, 0.0276], [0.0381, 0.0683, 0.0639, 0.0655, 0.0308, 0.6806, 0.0529], [0.0341, 0.029, 0.0641, 0.0836, 0.0369, 0.7222, 0.0301], [0.0733, 0.0662, 0.0564, 0.0283, 0.0651, 0.6738, 0.0368], [0.0548, 0.0617, 0.0644, 0.0172, 0.0496, 0.6821, 0.0701], [0.068, 0.0746, 0.0543, 0.0671, 0.0215, 0.6737, 0.0406], [0.0231, 0.0398, 0.0509, 0.0338, 0.0386, 0.7672, 0.0466], [0.0308, 0.0304, 0.0319, 0.0754, 0.0208, 0.7228, 0.0878], [0.0299, 0.0327, 0.0603, 0.0445, 0.0697, 0.7305, 0.0324], [0.0662, 0.0425, 0.077, 0.0318, 0.067, 0.6355, 0.0799], [0.0634, 0.0238, 0.0584, 0.0665, 0.0581, 0.6718, 0.0581]], "emotions": ["purple", "purple", "purple", "purple", "purple", "purple", "purple", "purple", "purple", "purple", "purple", "purple", "purple", "purple", "purple", "purple", "purple", "purple", "purple", "purple", "purple", "purple", "purple", "purple", "purple", "purple", "purple", "purple", "purple", "purple", "purple", "purple", "purple", "purple", "purple", "purple", "purple", "purple", "purple", "purple", "purple", "purple", "purple", "purple", "purple", "purple", "purple", "purple", "purple", "purple", "purple", "purple", "purple", "purple", "purple", "purple", "purple", "purple", "purple", "purple", "purple", "purple", "purple", "purple", "purple", "purple", "purple", "purple", "purple", "purple", "purple", "purple", "purple", "purple", "purple", "purple", "purple", "purple", "purple", "purple"], "timestamps": [0, 40, 80, 120, 160, 200, 240, 280, 320, 360, 400, 440, 480, 520, 560, 600, 640, 680, 720, 760, 800, 840, 880, 920, 960, 1000, 1040, 1080, 1120, 1160, 1200, 1240, 1280, 1320, 1360, 1400, 1440, 1480, 1520, 1560, 1600, 1640, 1680, 1720, 1760, 1800, 1840, 1880, 1920, 1960, 2000, 2040, 2080, 2120, 2160, 2200, 2240, 2280, 2320, 2360, 2400, 2440, 2480, 2520, 2560, 2600, 2640, 2680, 2720, 2760, 2800, 2840, 2880, 2920, 2960, 3000, 3040, 3080, 3120, 3160]}], "conversation": [], "conversation_timestamps": []}