{"agent_id": "agent-purple-994", "type": "purple", "trips": [{"trip_id": 0, "transport_method": "foot", "start_time": 0, "path": [[1.5095598, 42.5309846], [1.510461, 42.5311828], [1.5113639, 42.5314147], [1.5121567, 42.5318957], [1.5129897, 42.5319737], [1.5139115, 42.532096], [1.5145338, 42.5326882], [1.5150726, 42.5334574], [1.515088, 42.5334843], [1.5155596, 42.5342606], [1.5157912, 42.5351494], [1.5162006, 42.5359941], [1.5164138, 42.5368382], [1.5161072, 42.5376388], [1.5164831, 42.5385008], [1.5165907, 42.5394281], [1.5163112, 42.540318], [1.5157968, 42.5410746], [1.5155845, 42.5417181], [1.5155452, 42.5422662], [1.5151358, 42.5428183], [1.5154994, 42.5430151], [1.5152058, 42.542885], [1.5157458, 42.5435061], [1.5154301, 42.5442906], [1.5152499, 42.5450056], [1.5147931, 42.545772], [1.5141235, 42.546339], [1.5135887, 42.5471002], [1.5133698, 42.5479792], [1.512812, 42.5486984], [1.5122104, 42.5493111], [1.5115825, 42.5500097], [1.5108346, 42.550578], [1.5100651, 42.5511087], [1.5093443, 42.5517037], [1.5085933, 42.5522699], [1.5091723, 42.5518148], [1.5084439, 42.5524113], [1.5077411, 42.5530371], [1.5070565, 42.5536832], [1.5066538, 42.5544628], [1.5064262, 42.5553573], [1.505885, 42.5561271], [1.5052404, 42.556807], [1.5047998, 42.557623], [1.5047977, 42.5585621], [1.5041063, 42.5591843], [1.5032569, 42.5595222], [1.5024889, 42.5600139], [1.5017468, 42.5605931], [1.5009512, 42.5610957], [1.5000465, 42.5613032], [1.4994605, 42.561706], [1.4985298, 42.5615645], [1.497594, 42.5614756], [1.4966559, 42.5614815], [1.4959045, 42.5619946], [1.4952541, 42.5626609], [1.4945699, 42.5632969], [1.4936963, 42.5636153], [1.4928105, 42.5639275], [1.4921265, 42.5645599], [1.4914701, 42.5652338], [1.4908189, 42.5659093], [1.4901719, 42.5665889], [1.4895676, 42.5673049], [1.4889074, 42.5679721], [1.4884992, 42.5688202], [1.4888116, 42.5682036], [1.4885133, 42.5685883], [1.4880069, 42.5693819], [1.487397, 42.5700964], [1.4866369, 42.5706507], [1.4868843, 42.5705162], [1.4871281, 42.5703114], [1.4863828, 42.5708865], [1.4856197, 42.5714345], [1.4847845, 42.5717472], [1.4838983, 42.5720495]], "mood_vectors": [[0.0445, 0.0353, 0.0178, 0.0756, 0.0879, 0.6879, 0.0511], [0.0226, 0.0407, 0.0552, 0.0781, 0.0238, 0.7448, 0.0347], [0.0766, 0.0649, 0.0727, 0.0333, 0.039, 0.6463, 0.0671], [0.025, 0.0706, 0.0431, 0.0609, 0.0266, 0.7098, 0.064], [0.0934, 0.0518, 0.0501, 0.0832, 0.0869, 0.6164, 0.0181], [0.0642, 0.076, 0.0742, 0.0648, 0.0262, 0.6456, 0.049], [0.069, 0.046, 0.0339, 0.0729, 0.0539, 0.655, 0.0692], [0.0719, 0.0628, 0.078, 0.0329, 0.0437, 0.6596, 0.0511], [0.0209, 0.0735, 0.0546, 0.0468, 0.0965, 0.6455, 0.0622], [0.0651, 0.0161, 0.0256, 0.0375, 0.0209, 0.7693, 0.0655], [0.0576, 0.0407, 0.0166, 0.0751, 0.0198, 0.7023, 0.0878], [0.082, 0.0801, 0.0512, 0.0168, 0.0517, 0.7033, 0.0149], [0.072, 0.0761, 0.0702, 0.0322, 0.0179, 0.6838, 0.0479], [0.0339, 0.0641, 0.047, 0.0158, 0.0552, 0.707, 0.0771], [0.0567, 0.0716, 0.0576, 0.0124, 0.0601, 0.688, 0.0536], [0.0329, 0.0677, 0.0613, 0.0713, 0.0659, 0.6852, 0.0156], [0.0625, 0.0614, 0.0769, 0.0326, 0.0427, 0.7101, 0.0138], [0.0315, 0.0353, 0.0773, 0.0613, 0.0688, 0.6882, 0.0376], [0.0625, 0.0577, 0.0672, 0.0382, 0.0571, 0.6313, 0.086], [0.0377, 0.0635, 0.0311, 0.0171, 0.0445, 0.7447, 0.0614], [0.0501, 0.068, 0.0958, 0.0757, 0.0315, 0.6377, 0.0413], [0.0377, 0.0636, 0.0296, 0.0908, 0.0301, 0.7086, 0.0396], [0.0486, 0.0666, 0.0743, 0.0381, 0.0243, 0.701, 0.0472], [0.0197, 0.0202, 0.0307, 0.0777, 0.0257, 0.7781, 0.0478], [0.0826, 0.0468, 0.0921, 0.0567, 0.0557, 0.6214, 0.0448], [0.0133, 0.0425, 0.0185, 0.054, 0.036, 0.7746, 0.0611], [0.0632, 0.0729, 0.0592, 0.0642, 0.0602, 0.6307, 0.0494], [0.0424, 0.0564, 0.027, 0.043, 0.0651, 0.7492, 0.017], [0.0569, 0.0868, 0.038, 0.0649, 0.0631, 0.6524, 0.0379], [0.0543, 0.0632, 0.0347, 0.0535, 0.0395, 0.7201, 0.0348], [0.0468, 0.0922, 0.0448, 0.0158, 0.0451, 0.6803, 0.0748], [0.0149, 0.0467, 0.0163, 0.0449, 0.0473, 0.7884, 0.0416], [0.0275, 0.0332, 0.0672, 0.0215, 0.0361, 0.732, 0.0825], [0.0245, 0.0727, 0.0932, 0.0712, 0.0295, 0.6663, 0.0426], [0.0471, 0.0604, 0.0499, 0.072, 0.057, 0.6566, 0.0569], [0.0612, 0.0684, 0.0463, 0.0638, 0.0155, 0.7235, 0.0214], [0.058, 0.0216, 0.087, 0.0704, 0.0192, 0.6547, 0.089], [0.0528, 0.0973, 0.0516, 0.0255, 0.0604, 0.6692, 0.0433], [0.0718, 0.0186, 0.0365, 0.0541, 0.0157, 0.7531, 0.0502], [0.1111, 0.0237, 0.017, 0.0216, 0.0352, 0.7299, 0.0616], [0.0628, 0.0252, 0.063, 0.0287, 0.0242, 0.6982, 0.0978], [0.0407, 0.0686, 0.0749, 0.0546, 0.0709, 0.617, 0.0734], [0.0508, 0.0668, 0.062, 0.0422, 0.0223, 0.7352, 0.0208], [0.0365, 0.0234, 0.0702, 0.0681, 0.0272, 0.7048, 0.0698], [0.0612, 0.0133, 0.068, 0.0543, 0.0576, 0.6742, 0.0715], [0.0571, 0.0321, 0.0164, 0.038, 0.067, 0.7481, 0.0413], [0.0701, 0.0288, 0.0636, 0.0225, 0.0469, 0.7066, 0.0616], [0.0688, 0.0219, 0.0641, 0.0171, 0.0615, 0.7255, 0.0411], [0.0695, 0.0486, 0.0658, 0.0268, 0.0691, 0.7089, 0.0114], [0.071, 0.016, 0.029, 0.061, 0.0389, 0.738, 0.0461], [0.0467, 0.0205, 0.024, 0.0479, 0.0248, 0.7603, 0.0758], [0.0225, 0.0543, 0.0645, 0.0548, 0.0543, 0.7098, 0.0399], [0.0217, 0.0284, 0.0647, 0.0815, 0.0824, 0.7064, 0.0147], [0.0558, 0.0436, 0.0624, 0.0419, 0.0764, 0.6868, 0.0332], [0.0548, 0.071, 0.0687, 0.0598, 0.0365, 0.6315, 0.0777], [0.0443, 0.0796, 0.034, 0.0341, 0.0154, 0.7306, 0.062], [0.0579, 0.0217, 0.0229, 0.0582, 0.0326, 0.7796, 0.0271], [0.0564, 0.0606, 0.0387, 0.0666, 0.0602, 0.6649, 0.0527], [0.0555, 0.0236, 0.0218, 0.0772, 0.0236, 0.7568, 0.0415], [0.0334, 0.0535, 0.0611, 0.0597, 0.0457, 0.7007, 0.0461], [0.0187, 0.0526, 0.0645, 0.0268, 0.049, 0.7258, 0.0626], [0.0766, 0.0476, 0.045, 0.0556, 0.0376, 0.6458, 0.0918], [0.0216, 0.0505, 0.0439, 0.0355, 0.03, 0.7675, 0.0509], [0.0777, 0.0433, 0.0867, 0.0478, 0.0238, 0.6522, 0.0686], [0.0565, 0.0226, 0.0519, 0.0158, 0.023, 0.7915, 0.0387], [0.0161, 0.0614, 0.043, 0.0628, 0.0151, 0.7393, 0.0623], [0.0729, 0.0149, 0.0173, 0.0246, 0.0152, 0.7862, 0.0688], [0.0767, 0.0484, 0.0377, 0.0322, 0.058, 0.6736, 0.0733], [0.0439, 0.0816, 0.068, 0.0246, 0.0457, 0.6744, 0.0618], [0.0493, 0.0612, 0.0909, 0.0844, 0.0445, 0.6329, 0.0369], [0.0682, 0.075, 0.0472, 0.0152, 0.0757, 0.7044, 0.0143], [0.0816, 0.0836, 0.0449, 0.0196, 0.0501, 0.6515, 0.0688], [0.0682, 0.0732, 0.0127, 0.0705, 0.0225, 0.7095, 0.0433], [0.0383, 0.0725, 0.019, 0.0689, 0.0186, 0.7301, 0.0525], [0.0128, 0.0644, 0.0376, 0.0433, 0.0549, 0.7591, 0.0279], [0.0281, 0.041, 0.0339, 0.0897, 0.0353, 0.7275, 0.0446], [0.02, 0.0384, 0.0231, 0.0865, 0.0835, 0.7035, 0.045], [0.0497, 0.0698, 0.0443, 0.0309, 0.032, 0.7475, 0.0258], [0.0435, 0.0896, 0.0478, 0.0205, 0.0176, 0.7393, 0.0417], [0.0415, 0.0833, 0.0307, 0.0737, 0.0278, 0.6698, 0.0732]], "emotions": ["purple", "purple", "purple", "purple", "purple", "purple", "purple", "purple", "purple", "purple", "purple", "purple", "purple", "purple", "purple", "purple", "purple", "purple", "purple", "purple", "purple", "purple", "purple", "purple", "purple", "purple", "purple", "purple", "purple", "purple", "purple", "purple", "purple", "purple", "purple", "purple", "purple", "purple", "purple", "purple", "purple", "purple", "purple", "purple", "purple", "purple", "purple", "purple", "purple", "purple", "purple", "purple", "purple", "purple", "purple", "purple", "purple", "purple", "purple", "purple", "purple", "purple", "purple", "purple", "purple", "purple", "purple", "purple", "purple", "purple", "purple", "purple", "purple", "purple", "purple", "purple", "purple", "purple", "purple", "purple"], "timestamps": [0, 40, 80, 120, 160, 200, 240, 280, 320, 360, 400, 440, 480, 520, 560, 600, 640, 680, 720, 760, 800, 840, 880, 920, 960, 1000, 1040, 1080, 1120, 1160, 1200, 1240, 1280, 1320, 1360, 1400, 1440, 1480, 1520, 1560, 1600, 1640, 1680, 1720, 1760, 1800, 1840, 1880, 1920, 1960, 2000, 2040, 2080, 2120, 2160, 2200, 2240, 2280, 2320, 2360, 2400, 2440, 2480, 2520, 2560, 2600, 2640, 2680, 2720, 2760, 2800, 2840, 2880, 2920, 2960, 3000, 3040, 3080, 3120, 3160]}], "conversation": [], "conversation_timestamps": []}