{"agent_id": "agent-green-97", "type": "green", "trips": [{"trip_id": 0, "transport_method": "bicycle", "start_time": 0, "path": [[1.5214328, 42.5069316], [1.5218764, 42.5074478], [1.5228771, 42.5076786], [1.5239357, 42.5077752], [1.5249916, 42.5079499], [1.5260256, 42.5082346], [1.5270917, 42.5083598], [1.5281182, 42.5086272], [1.5291414, 42.5089421], [1.5294764, 42.5090369], [1.5305042, 42.5093559], [1.5315145, 42.509647], [1.5325306, 42.5099525], [1.5335399, 42.509877], [1.5346075, 42.5099197], [1.5356826, 42.5099237], [1.5367469, 42.5100412], [1.5378231, 42.5100404], [1.5388772, 42.5101434], [1.5398227, 42.5099365], [1.540735, 42.5094076], [1.541712, 42.5090525], [1.5419627, 42.5088853], [1.5430362, 42.5089577], [1.5440645, 42.5092491], [1.5451322, 42.5093433], [1.5461477, 42.5096737], [1.5455931, 42.5094601], [1.546409, 42.5100424], [1.5465482, 42.5108756], [1.5475247, 42.5112813], [1.548571, 42.5115357], [1.5496121, 42.5118089], [1.5500907, 42.5120067], [1.5501173, 42.5120225], [1.5510267, 42.5125793], [1.5513712, 42.5129216], [1.551343, 42.5128148], [1.5522471, 42.513389], [1.5525195, 42.513637], [1.5527067, 42.5146472], [1.5532262, 42.5155714], [1.553592, 42.516579], [1.5542158, 42.5174479], [1.5551126, 42.5180283], [1.556012, 42.5184823], [1.5566934, 42.5193059], [1.5574019, 42.52006], [1.5581646, 42.5208202], [1.5589727, 42.5215317], [1.5598524, 42.5220864], [1.5597306, 42.5221275], [1.5606571, 42.5226604], [1.5615314, 42.5232889], [1.5622664, 42.5240699], [1.5631273, 42.5246854], [1.5641113, 42.5250942], [1.5651361, 42.5253619], [1.5661187, 42.5257996], [1.5669909, 42.5264273], [1.5678512, 42.5270745], [1.5688118, 42.5275546], [1.5697077, 42.5281368], [1.5706075, 42.5287285], [1.5714114, 42.5294356], [1.5722128, 42.5301383], [1.5728611, 42.5309939], [1.57359, 42.5317849], [1.574462, 42.532307], [1.5755092, 42.5325373], [1.5765483, 42.5327337], [1.5776157, 42.5328768], [1.5786705, 42.5330541], [1.5796845, 42.533409], [1.5805781, 42.5339557], [1.5811747, 42.5348454], [1.581894, 42.5355446], [1.5823799, 42.5361609], [1.5834245, 42.5363894], [1.5831667, 42.5355817]], "mood_vectors": [[0.0598, 0.0627, 0.0692, 0.0611, 0.049, 0.0199, 0.6783], [0.0855, 0.0595, 0.0569, 0.0468, 0.0145, 0.0542, 0.6826], [0.0268, 0.0239, 0.0151, 0.0131, 0.0509, 0.0688, 0.8014], [0.0562, 0.0733, 0.0168, 0.0585, 0.0295, 0.0426, 0.7231], [0.0139, 0.0392, 0.0538, 0.0513, 0.061, 0.0287, 0.7521], [0.0131, 0.0782, 0.0679, 0.0247, 0.0785, 0.0741, 0.6636], [0.0416, 0.0647, 0.013, 0.079, 0.0746, 0.0219, 0.7053], [0.0698, 0.0327, 0.0611, 0.0206, 0.0886, 0.0861, 0.6413], [0.0386, 0.0194, 0.0789, 0.0832, 0.0743, 0.0559, 0.6497], [0.041, 0.0122, 0.0698, 0.0509, 0.0547, 0.0472, 0.7242], [0.0629, 0.036, 0.0677, 0.0527, 0.0257, 0.0716, 0.6835], [0.0425, 0.0207, 0.0759, 0.0812, 0.0743, 0.0378, 0.6676], [0.0354, 0.0699, 0.0237, 0.0176, 0.0756, 0.0464, 0.7314], [0.0363, 0.0459, 0.0386, 0.0226, 0.028, 0.0208, 0.8077], [0.0421, 0.0585, 0.0344, 0.0371, 0.082, 0.0333, 0.7126], [0.084, 0.0741, 0.0642, 0.035, 0.0577, 0.0785, 0.6066], [0.0854, 0.0417, 0.0445, 0.0501, 0.0822, 0.0702, 0.6259], [0.017, 0.056, 0.0543, 0.0274, 0.0906, 0.0415, 0.7132], [0.0329, 0.0303, 0.0231, 0.0801, 0.0217, 0.0306, 0.7813], [0.0191, 0.022, 0.0346, 0.0432, 0.0487, 0.0241, 0.8083], [0.0251, 0.0724, 0.0652, 0.0683, 0.0316, 0.0375, 0.6999], [0.0281, 0.0272, 0.0903, 0.098, 0.0271, 0.0533, 0.676], [0.0515, 0.0719, 0.0198, 0.0681, 0.034, 0.0635, 0.6911], [0.0544, 0.0158, 0.082, 0.0242, 0.0708, 0.0461, 0.7068], [0.031, 0.0193, 0.0469, 0.0266, 0.0519, 0.0662, 0.7581], [0.067, 0.0569, 0.0322, 0.0207, 0.0598, 0.0332, 0.7302], [0.0684, 0.0232, 0.0731, 0.061, 0.0659, 0.0471, 0.6613], [0.0636, 0.0215, 0.0793, 0.0472, 0.0894, 0.0703, 0.6287], [0.045, 0.0662, 0.0581, 0.0743, 0.0787, 0.0337, 0.644], [0.0479, 0.0769, 0.059, 0.0878, 0.0432, 0.0682, 0.6172], [0.0458, 0.0209, 0.0645, 0.0397, 0.0297, 0.0499, 0.7495], [0.0524, 0.0367, 0.0337, 0.0353, 0.0402, 0.0339, 0.7677], [0.0796, 0.0142, 0.0189, 0.0449, 0.0378, 0.0283, 0.7764], [0.0967, 0.0772, 0.0586, 0.0341, 0.0251, 0.0366, 0.6718], [0.0293, 0.059, 0.0254, 0.0672, 0.021, 0.053, 0.7451], [0.0624, 0.0634, 0.0192, 0.0615, 0.0397, 0.0458, 0.708], [0.0184, 0.0762, 0.0185, 0.0176, 0.0307, 0.0185, 0.8201], [0.0851, 0.0751, 0.0679, 0.0251, 0.0216, 0.0445, 0.6807], [0.0606, 0.0195, 0.0629, 0.0431, 0.0431, 0.0935, 0.6772], [0.028, 0.0281, 0.0534, 0.023, 0.0679, 0.0437, 0.7559], [0.0346, 0.0659, 0.0341, 0.0543, 0.0373, 0.0499, 0.724], [0.0625, 0.0858, 0.066, 0.0367, 0.0425, 0.0189, 0.6876], [0.0777, 0.0811, 0.0756, 0.0487, 0.033, 0.0714, 0.6125], [0.0472, 0.0358, 0.0549, 0.0987, 0.0816, 0.0587, 0.6232], [0.057, 0.0394, 0.0838, 0.0173, 0.0624, 0.0289, 0.7111], [0.0319, 0.0293, 0.0806, 0.0222, 0.0283, 0.0384, 0.7693], [0.0304, 0.0936, 0.0322, 0.018, 0.0472, 0.0146, 0.764], [0.0215, 0.0705, 0.0579, 0.0144, 0.03, 0.0294, 0.7762], [0.0174, 0.0213, 0.0831, 0.0671, 0.0499, 0.0511, 0.71], [0.0449, 0.0487, 0.0172, 0.0409, 0.0754, 0.0738, 0.699], [0.0811, 0.081, 0.0307, 0.0619, 0.0166, 0.0578, 0.6709], [0.0293, 0.0603, 0.0644, 0.0604, 0.0265, 0.0683, 0.6908], [0.0767, 0.0433, 0.0333, 0.0668, 0.0556, 0.0302, 0.694], [0.0915, 0.062, 0.1009, 0.0185, 0.0496, 0.0359, 0.6417], [0.0507, 0.0547, 0.0342, 0.0714, 0.0673, 0.0457, 0.6761], [0.0862, 0.0346, 0.0307, 0.0408, 0.0803, 0.0585, 0.6689], [0.0265, 0.0711, 0.0326, 0.0333, 0.0416, 0.052, 0.743], [0.0277, 0.0677, 0.0602, 0.0655, 0.0504, 0.0363, 0.6923], [0.0633, 0.0429, 0.0514, 0.0665, 0.015, 0.0531, 0.7078], [0.0194, 0.0608, 0.078, 0.0849, 0.0145, 0.0136, 0.7288], [0.1006, 0.0268, 0.0532, 0.0201, 0.0173, 0.0757, 0.7064], [0.0229, 0.0785, 0.0546, 0.063, 0.017, 0.0467, 0.7172], [0.0543, 0.0687, 0.014, 0.0664, 0.0129, 0.0588, 0.7249], [0.0579, 0.0623, 0.0538, 0.0742, 0.063, 0.0402, 0.6485], [0.0661, 0.0692, 0.0466, 0.0158, 0.0461, 0.0457, 0.7106], [0.021, 0.0404, 0.0522, 0.0161, 0.0706, 0.0163, 0.7833], [0.0424, 0.0506, 0.0217, 0.0682, 0.0605, 0.0624, 0.6942], [0.0787, 0.0873, 0.0666, 0.0535, 0.0443, 0.0525, 0.6172], [0.0443, 0.0522, 0.0582, 0.0801, 0.0531, 0.0607, 0.6514], [0.0698, 0.0553, 0.0732, 0.0639, 0.0592, 0.0529, 0.6257], [0.093, 0.0738, 0.0582, 0.0411, 0.0258, 0.0262, 0.6819], [0.074, 0.0446, 0.0715, 0.0434, 0.0152, 0.0755, 0.6758], [0.0665, 0.0251, 0.0597, 0.07, 0.0282, 0.0704, 0.68], [0.0374, 0.0172, 0.0602, 0.0786, 0.029, 0.0447, 0.7328], [0.0721, 0.0532, 0.0456, 0.0327, 0.0193, 0.07, 0.7071], [0.0366, 0.0269, 0.03, 0.0188, 0.0796, 0.0366, 0.7715], [0.0438, 0.0633, 0.0701, 0.03, 0.0559, 0.0561, 0.6808], [0.0592, 0.0721, 0.0345, 0.0837, 0.0768, 0.0298, 0.6439], [0.0746, 0.0563, 0.0781, 0.0358, 0.0694, 0.0251, 0.6608], [0.049, 0.0663, 0.0605, 0.0503, 0.0442, 0.0425, 0.6873]], "emotions": ["purple", "purple", "purple", "purple", "purple", "purple", "purple", "purple", "purple", "purple", "purple", "purple", "purple", "purple", "purple", "purple", "purple", "purple", "purple", "purple", "purple", "purple", "purple", "purple", "purple", "purple", "purple", "purple", "purple", "purple", "purple", "purple", "purple", "purple", "purple", "purple", "purple", "purple", "purple", "purple", "purple", "purple", "purple", "purple", "purple", "purple", "purple", "purple", "purple", "purple", "purple", "purple", "purple", "purple", "purple", "purple", "purple", "purple", "purple", "purple", "purple", "purple", "purple", "purple", "purple", "purple", "purple", "purple", "purple", "purple", "purple", "purple", "purple", "purple", "purple", "purple", "purple", "purple", "purple", "purple"], "timestamps": [0, 40, 80, 120, 160, 200, 240, 280, 320, 360, 400, 440, 480, 520, 560, 600, 640, 680, 720, 760, 800, 840, 880, 920, 960, 1000, 1040, 1080, 1120, 1160, 1200, 1240, 1280, 1320, 1360, 1400, 1440, 1480, 1520, 1560, 1600, 1640, 1680, 1720, 1760, 1800, 1840, 1880, 1920, 1960, 2000, 2040, 2080, 2120, 2160, 2200, 2240, 2280, 2320, 2360, 2400, 2440, 2480, 2520, 2560, 2600, 2640, 2680, 2720, 2760, 2800, 2840, 2880, 2920, 2960, 3000, 3040, 3080, 3120, 3160]}], "conversation": [], "conversation_timestamps": []}