{"agent_id": "agent-red-316", "type": "red", "trips": [{"trip_id": 0, "transport_method": "foot", "start_time": 0, "path": [[1.5232236, 42.5045559], [1.5234646, 42.5046506], [1.5237247, 42.5047028], [1.5239828, 42.5047624], [1.5242427, 42.5048074], [1.5245064, 42.5048362], [1.5244472, 42.5048297], [1.5241834, 42.5048009], [1.5241698, 42.5048043], [1.5244323, 42.5048431], [1.5246948, 42.5048819], [1.5249572, 42.5049207], [1.5252197, 42.5049595], [1.5254822, 42.5049983], [1.5257447, 42.5050371], [1.5260072, 42.5050758], [1.526271, 42.5050864], [1.526536, 42.5050725], [1.5267924, 42.5051298], [1.5270458, 42.5052084], [1.5272955, 42.505298], [1.5275462, 42.5053849], [1.5277978, 42.5054692], [1.5278689, 42.5054991], [1.5276136, 42.5054268], [1.5274664, 42.5053562], [1.5277209, 42.5054312], [1.5279754, 42.5055063], [1.5282299, 42.5055813], [1.5284844, 42.5056563], [1.5287389, 42.5057314], [1.5289934, 42.5058064], [1.5292312, 42.5059164], [1.5294491, 42.5060678], [1.5296668, 42.5062195], [1.5298826, 42.5063738], [1.5300987, 42.5065279], [1.5303197, 42.5066747], [1.5305384, 42.5068249], [1.5307797, 42.5069338], [1.5310238, 42.5070379], [1.5312786, 42.5071087], [1.5315375, 42.5071665], [1.5317615, 42.507251], [1.5319109, 42.50745], [1.5320604, 42.5076676], [1.5322403, 42.5078626], [1.5323802, 42.5080874], [1.5324779, 42.5083115], [1.5327414, 42.5083432], [1.5330046, 42.5083767], [1.5332674, 42.5084133], [1.5335302, 42.5084498], [1.533793, 42.5084864], [1.5340558, 42.508523], [1.5343164, 42.5085037], [1.534581, 42.5085235], [1.5348457, 42.508543], [1.5351103, 42.5085626], [1.5353749, 42.5085821], [1.5356397, 42.5085999], [1.5359043, 42.5086187], [1.536169, 42.5086375], [1.5364327, 42.5086654], [1.5366949, 42.508706], [1.5369587, 42.5087329], [1.5372231, 42.5087551], [1.5374875, 42.5087772], [1.5377356, 42.5088194], [1.5378109, 42.5090739], [1.5378861, 42.5093283], [1.5381038, 42.5094156], [1.538367, 42.5094493], [1.5386302, 42.5094831], [1.5388944, 42.5094983], [1.5391597, 42.5094934], [1.539425, 42.5094886], [1.539688, 42.5095006], [1.5399431, 42.5095739], [1.5401981, 42.5096471]], "mood_vectors": [[0.6851, 0.0642, 0.0367, 0.071, 0.0292, 0.0855, 0.0283], [0.7224, 0.0705, 0.0494, 0.0472, 0.0178, 0.0317, 0.0611], [0.7507, 0.0406, 0.0252, 0.0418, 0.0533, 0.0469, 0.0415], [0.6927, 0.0653, 0.0577, 0.0232, 0.0649, 0.0278, 0.0684], [0.6378, 0.0559, 0.0788, 0.0633, 0.0394, 0.0705, 0.0543], [0.6876, 0.0131, 0.0699, 0.0578, 0.0701, 0.0728, 0.0288], [0.7797, 0.0173, 0.0532, 0.0282, 0.0569, 0.0225, 0.0422], [0.7066, 0.0608, 0.024, 0.0531, 0.0583, 0.0638, 0.0335], [0.6761, 0.0388, 0.0823, 0.0223, 0.0557, 0.0761, 0.0486], [0.783, 0.0125, 0.0198, 0.0698, 0.0326, 0.014, 0.0683], [0.6955, 0.0685, 0.0267, 0.0254, 0.0815, 0.0728, 0.0297], [0.6659, 0.0791, 0.0166, 0.0802, 0.0417, 0.0508, 0.0656], [0.7273, 0.0243, 0.0529, 0.0378, 0.0752, 0.0389, 0.0435], [0.7319, 0.0362, 0.0407, 0.027, 0.0717, 0.0611, 0.0314], [0.6992, 0.0295, 0.0508, 0.0723, 0.0626, 0.0586, 0.027], [0.7259, 0.0127, 0.0521, 0.0691, 0.0416, 0.0586, 0.04], [0.7503, 0.0714, 0.0182, 0.0221, 0.0253, 0.027, 0.0857], [0.6829, 0.039, 0.0388, 0.0813, 0.0637, 0.0173, 0.077], [0.7162, 0.0774, 0.0703, 0.0427, 0.0297, 0.0173, 0.0464], [0.6805, 0.0825, 0.0237, 0.0377, 0.0692, 0.0498, 0.0566], [0.6926, 0.0158, 0.0902, 0.07, 0.0196, 0.0152, 0.0966], [0.5709, 0.0384, 0.0788, 0.0775, 0.0742, 0.0898, 0.0704], [0.7294, 0.0505, 0.0683, 0.0543, 0.026, 0.0507, 0.0208], [0.59, 0.0739, 0.0406, 0.0891, 0.09, 0.054, 0.0624], [0.6658, 0.0678, 0.0395, 0.0583, 0.0743, 0.0615, 0.0328], [0.7071, 0.0697, 0.0517, 0.0566, 0.0591, 0.0381, 0.0179], [0.6528, 0.0308, 0.0477, 0.0748, 0.0934, 0.0293, 0.0712], [0.7659, 0.0297, 0.0399, 0.0566, 0.0505, 0.0405, 0.0168], [0.6767, 0.0312, 0.042, 0.0517, 0.0412, 0.078, 0.0791], [0.6842, 0.017, 0.0677, 0.0738, 0.0693, 0.0275, 0.0605], [0.6948, 0.0222, 0.0905, 0.0204, 0.055, 0.0304, 0.0867], [0.6836, 0.0336, 0.0578, 0.0753, 0.0248, 0.054, 0.071], [0.7112, 0.0555, 0.0314, 0.0385, 0.0221, 0.0556, 0.0857], [0.7064, 0.0765, 0.0198, 0.0334, 0.065, 0.0349, 0.064], [0.6971, 0.0139, 0.0396, 0.0762, 0.0238, 0.0828, 0.0667], [0.7273, 0.0331, 0.0371, 0.0599, 0.0452, 0.0511, 0.0464], [0.7327, 0.0364, 0.0161, 0.078, 0.0756, 0.0343, 0.0269], [0.6003, 0.0313, 0.0804, 0.0521, 0.0766, 0.0933, 0.0661], [0.6623, 0.0862, 0.0267, 0.051, 0.0621, 0.0266, 0.085], [0.7229, 0.018, 0.0493, 0.0679, 0.0611, 0.042, 0.0388], [0.7087, 0.0536, 0.0321, 0.0522, 0.0434, 0.0645, 0.0456], [0.6676, 0.0322, 0.0461, 0.0555, 0.0816, 0.0808, 0.0362], [0.6624, 0.0796, 0.0436, 0.0135, 0.075, 0.072, 0.0539], [0.595, 0.0796, 0.0519, 0.0896, 0.0511, 0.0642, 0.0684], [0.6322, 0.0876, 0.0359, 0.0618, 0.0813, 0.0172, 0.0841], [0.6495, 0.0544, 0.0492, 0.077, 0.0331, 0.0518, 0.0849], [0.8123, 0.0246, 0.0359, 0.0136, 0.0158, 0.0538, 0.044], [0.7123, 0.0322, 0.0423, 0.0625, 0.0899, 0.0432, 0.0176], [0.7639, 0.0204, 0.019, 0.0445, 0.0753, 0.0598, 0.017], [0.7426, 0.0332, 0.0411, 0.0803, 0.0528, 0.0332, 0.0169], [0.7223, 0.0199, 0.036, 0.0432, 0.047, 0.0837, 0.048], [0.6707, 0.0508, 0.0707, 0.0525, 0.0295, 0.0714, 0.0544], [0.7139, 0.0448, 0.0355, 0.0643, 0.0444, 0.0542, 0.0428], [0.6323, 0.0418, 0.048, 0.0806, 0.0313, 0.0844, 0.0817], [0.6782, 0.0855, 0.0372, 0.0753, 0.0304, 0.0742, 0.0192], [0.6314, 0.072, 0.0575, 0.0776, 0.0347, 0.0622, 0.0645], [0.7547, 0.034, 0.0332, 0.0338, 0.0787, 0.0346, 0.0309], [0.7115, 0.0725, 0.0535, 0.019, 0.0567, 0.0485, 0.0383], [0.7169, 0.0209, 0.0402, 0.0773, 0.0649, 0.0303, 0.0495], [0.6638, 0.0542, 0.0478, 0.0375, 0.0646, 0.066, 0.0662], [0.6236, 0.0552, 0.0738, 0.07, 0.0778, 0.0391, 0.0604], [0.7543, 0.0218, 0.0147, 0.0264, 0.0713, 0.0911, 0.0204], [0.6379, 0.0853, 0.0639, 0.0386, 0.0691, 0.05, 0.0551], [0.7433, 0.0329, 0.0141, 0.0388, 0.0426, 0.0777, 0.0506], [0.7413, 0.0135, 0.0288, 0.0429, 0.063, 0.0782, 0.0324], [0.6922, 0.0341, 0.056, 0.0763, 0.0659, 0.0281, 0.0473], [0.5797, 0.0757, 0.0687, 0.0732, 0.0777, 0.0661, 0.0589], [0.6497, 0.0728, 0.0776, 0.0753, 0.0605, 0.052, 0.012], [0.7479, 0.0518, 0.0496, 0.0207, 0.0801, 0.0341, 0.0158], [0.6403, 0.0788, 0.0729, 0.0319, 0.03, 0.0434, 0.1027], [0.5638, 0.0804, 0.0783, 0.0545, 0.0754, 0.0698, 0.0777], [0.7341, 0.017, 0.0298, 0.0412, 0.0553, 0.0691, 0.0536], [0.6616, 0.0338, 0.0563, 0.0513, 0.0637, 0.0602, 0.0731], [0.6003, 0.0773, 0.0909, 0.0824, 0.0327, 0.0921, 0.0243], [0.6622, 0.0744, 0.0574, 0.0664, 0.0198, 0.0736, 0.0463], [0.7056, 0.1064, 0.0272, 0.057, 0.024, 0.0577, 0.022], [0.7584, 0.0497, 0.0923, 0.0194, 0.0228, 0.0388, 0.0185], [0.763, 0.0764, 0.0226, 0.055, 0.0316, 0.0317, 0.0198], [0.7166, 0.0456, 0.0736, 0.025, 0.0682, 0.0144, 0.0567], [0.6751, 0.0368, 0.0825, 0.0573, 0.0356, 0.0487, 0.0641]], "emotions": ["red", "red", "red", "red", "red", "red", "red", "red", "red", "red", "red", "red", "red", "red", "red", "red", "red", "red", "red", "red", "red", "red", "red", "red", "red", "red", "red", "red", "red", "red", "red", "red", "red", "red", "red", "red", "red", "red", "red", "red", "red", "red", "red", "red", "red", "red", "red", "red", "red", "red", "red", "red", "red", "red", "red", "red", "red", "red", "red", "red", "red", "red", "red", "red", "red", "red", "red", "red", "red", "red", "red", "red", "red", "red", "red", "red", "red", "red", "red", "red"], "timestamps": [0, 40, 80, 120, 160, 200, 240, 280, 320, 360, 400, 440, 480, 520, 560, 600, 640, 680, 720, 760, 800, 840, 880, 920, 960, 1000, 1040, 1080, 1120, 1160, 1200, 1240, 1280, 1320, 1360, 1400, 1440, 1480, 1520, 1560, 1600, 1640, 1680, 1720, 1760, 1800, 1840, 1880, 1920, 1960, 2000, 2040, 2080, 2120, 2160, 2200, 2240, 2280, 2320, 2360, 2400, 2440, 2480, 2520, 2560, 2600, 2640, 2680, 2720, 2760, 2800, 2840, 2880, 2920, 2960, 3000, 3040, 3080, 3120, 3160]}], "conversation": [], "conversation_timestamps": []}