{"agent_id": "agent-red-416", "type": "red", "trips": [{"trip_id": 0, "transport_method": "foot", "start_time": 0, "path": [[1.5398518, 42.5129998], [1.5398407, 42.5132614], [1.5396143, 42.5134272], [1.5394111, 42.5135543], [1.5391922, 42.5134153], [1.5389403, 42.5132921], [1.5386768, 42.5131899], [1.5384133, 42.5130876], [1.5383164, 42.5129642], [1.5384278, 42.5131438], [1.5386605, 42.5132982], [1.5388885, 42.5133137], [1.5387417, 42.5131991], [1.5384856, 42.5130796], [1.5382327, 42.5129589], [1.5383851, 42.5127325], [1.5385147, 42.512659], [1.5382343, 42.5126946], [1.5379538, 42.5127287], [1.5376722, 42.5127533], [1.5373999, 42.5128287], [1.5371268, 42.5129015], [1.5368503, 42.5129583], [1.5365788, 42.5130369], [1.5363102, 42.5131035], [1.5360601, 42.5130122], [1.5359949, 42.5127452], [1.5357982, 42.5125658], [1.5356341, 42.5123356], [1.5354976, 42.5121639], [1.5355196, 42.5124402], [1.5355365, 42.5126675], [1.535808, 42.5126489], [1.5357273, 42.5125569], [1.5355086, 42.5123779], [1.5352899, 42.5121988], [1.5350712, 42.5120198], [1.5348526, 42.5118407], [1.5346339, 42.5116617], [1.5344152, 42.5114827], [1.5341756, 42.5113611], [1.5339498, 42.5112132], [1.5337814, 42.5109865], [1.5335963, 42.5107739], [1.5333766, 42.5105961], [1.5331312, 42.5104567], [1.5328843, 42.5103228], [1.5326586, 42.5101526], [1.5324329, 42.5099825], [1.5321952, 42.5098658], [1.5319252, 42.5097945], [1.5316593, 42.5096988], [1.5313942, 42.509601], [1.5311305, 42.5094994], [1.5308656, 42.5094008], [1.5305991, 42.5093691], [1.5306402, 42.5091815], [1.5304871, 42.5089736], [1.5302431, 42.5088309], [1.5299945, 42.5086966], [1.5297264, 42.508623], [1.5295663, 42.5084691], [1.5293212, 42.5083286], [1.529212, 42.5081331], [1.5289674, 42.5079916], [1.5287559, 42.5078252], [1.5286181, 42.5076214], [1.5283716, 42.5074832], [1.528125, 42.5073449], [1.5278686, 42.5072273], [1.5276633, 42.5070487], [1.5274827, 42.5068326], [1.5272404, 42.5066933], [1.5269674, 42.5066258], [1.5266852, 42.5066108], [1.5264028, 42.5066004], [1.5261221, 42.5065691], [1.5258458, 42.5065112], [1.5255754, 42.50643], [1.5253441, 42.5062717]], "mood_vectors": [[0.7547, 0.0383, 0.0453, 0.0225, 0.0736, 0.0169, 0.0487], [0.6606, 0.0279, 0.0739, 0.0723, 0.0563, 0.0632, 0.0458], [0.6282, 0.067, 0.0667, 0.0757, 0.0296, 0.0452, 0.0875], [0.7866, 0.0323, 0.0764, 0.0408, 0.0148, 0.0227, 0.0264], [0.7529, 0.0546, 0.063, 0.0237, 0.0233, 0.0276, 0.0549], [0.7273, 0.0334, 0.0439, 0.0346, 0.077, 0.0569, 0.0269], [0.6985, 0.0759, 0.0774, 0.0425, 0.0239, 0.0243, 0.0574], [0.7146, 0.0596, 0.0385, 0.0671, 0.0352, 0.0157, 0.0693], [0.5784, 0.0238, 0.0858, 0.0923, 0.0833, 0.0878, 0.0486], [0.6676, 0.0616, 0.0488, 0.0675, 0.0386, 0.0611, 0.0548], [0.6582, 0.0644, 0.0822, 0.0457, 0.0152, 0.0526, 0.0817], [0.6682, 0.0557, 0.0679, 0.0366, 0.0663, 0.0618, 0.0434], [0.7878, 0.0172, 0.0772, 0.0254, 0.0237, 0.0156, 0.0531], [0.6345, 0.0643, 0.0173, 0.068, 0.0598, 0.0768, 0.0793], [0.7188, 0.0144, 0.036, 0.0479, 0.055, 0.0631, 0.0648], [0.6978, 0.099, 0.0177, 0.0954, 0.0383, 0.0222, 0.0296], [0.6493, 0.0419, 0.0753, 0.0253, 0.0505, 0.0868, 0.0709], [0.7144, 0.0312, 0.0682, 0.0193, 0.0726, 0.0257, 0.0685], [0.7032, 0.063, 0.061, 0.0162, 0.0566, 0.0721, 0.0279], [0.731, 0.078, 0.0231, 0.0573, 0.0405, 0.0193, 0.0507], [0.7386, 0.0621, 0.0181, 0.0992, 0.0322, 0.0184, 0.0313], [0.7243, 0.047, 0.0638, 0.0227, 0.0885, 0.0217, 0.0319], [0.6929, 0.0244, 0.0432, 0.0759, 0.044, 0.0792, 0.0404], [0.5986, 0.0705, 0.0663, 0.0665, 0.0832, 0.0609, 0.0539], [0.6593, 0.0472, 0.0731, 0.0305, 0.074, 0.0567, 0.0592], [0.6696, 0.0724, 0.0839, 0.0355, 0.037, 0.0472, 0.0544], [0.7613, 0.0736, 0.0521, 0.0132, 0.0583, 0.016, 0.0255], [0.6912, 0.0411, 0.0591, 0.0686, 0.0364, 0.0213, 0.0823], [0.6868, 0.0728, 0.0633, 0.0609, 0.0531, 0.0309, 0.0322], [0.7015, 0.0131, 0.0753, 0.0737, 0.0244, 0.0353, 0.0767], [0.6216, 0.0917, 0.0656, 0.0455, 0.0801, 0.0204, 0.0751], [0.7194, 0.0386, 0.0364, 0.0236, 0.0752, 0.0738, 0.033], [0.7634, 0.0447, 0.0776, 0.0144, 0.0327, 0.0288, 0.0384], [0.69, 0.0149, 0.0141, 0.0632, 0.0684, 0.0807, 0.0688], [0.6441, 0.0842, 0.0514, 0.0528, 0.0408, 0.0906, 0.036], [0.772, 0.0173, 0.0255, 0.0797, 0.014, 0.0521, 0.0394], [0.6767, 0.0458, 0.0266, 0.0424, 0.0824, 0.0759, 0.0502], [0.7372, 0.0829, 0.0123, 0.0791, 0.0379, 0.0191, 0.0314], [0.7866, 0.0367, 0.0236, 0.0716, 0.0401, 0.0224, 0.019], [0.7013, 0.0252, 0.0449, 0.0491, 0.0523, 0.0206, 0.1066], [0.6351, 0.0756, 0.0923, 0.0584, 0.076, 0.0222, 0.0402], [0.6678, 0.0233, 0.0907, 0.0484, 0.0602, 0.069, 0.0406], [0.6139, 0.0835, 0.0806, 0.0652, 0.0723, 0.0678, 0.0168], [0.7631, 0.0624, 0.0171, 0.0463, 0.0625, 0.0295, 0.019], [0.6642, 0.0438, 0.0978, 0.0571, 0.0904, 0.0304, 0.0163], [0.7165, 0.075, 0.0347, 0.0649, 0.0442, 0.0119, 0.0527], [0.7812, 0.0886, 0.0251, 0.0218, 0.0264, 0.0397, 0.0172], [0.6286, 0.0379, 0.0654, 0.069, 0.078, 0.0349, 0.0861], [0.6494, 0.069, 0.0205, 0.0478, 0.0657, 0.0761, 0.0715], [0.7111, 0.0416, 0.0478, 0.0173, 0.0657, 0.0697, 0.0467], [0.7077, 0.0296, 0.0678, 0.0392, 0.0401, 0.0736, 0.0419], [0.6937, 0.0635, 0.0558, 0.0376, 0.0706, 0.033, 0.0458], [0.7171, 0.0352, 0.046, 0.0701, 0.0583, 0.0475, 0.0258], [0.68, 0.0395, 0.0311, 0.0676, 0.0581, 0.0616, 0.0621], [0.6618, 0.0676, 0.0667, 0.0257, 0.0352, 0.0556, 0.0873], [0.6466, 0.0631, 0.0487, 0.0487, 0.0793, 0.0576, 0.0559], [0.7095, 0.0445, 0.0519, 0.0656, 0.0506, 0.0459, 0.0319], [0.6452, 0.053, 0.0417, 0.058, 0.0592, 0.0774, 0.0655], [0.7517, 0.0638, 0.014, 0.0155, 0.0414, 0.0426, 0.0711], [0.6984, 0.0164, 0.0483, 0.0377, 0.0855, 0.0473, 0.0665], [0.6369, 0.0884, 0.0551, 0.0388, 0.0804, 0.0544, 0.0459], [0.6263, 0.0948, 0.0268, 0.0924, 0.0398, 0.0922, 0.0277], [0.6518, 0.0281, 0.0633, 0.0682, 0.0184, 0.0786, 0.0916], [0.7898, 0.0348, 0.0603, 0.0509, 0.0379, 0.0139, 0.0124], [0.6954, 0.0749, 0.0368, 0.0488, 0.0519, 0.0375, 0.0547], [0.7682, 0.0749, 0.0224, 0.0285, 0.0263, 0.0372, 0.0425], [0.6673, 0.0462, 0.0684, 0.0486, 0.0476, 0.0746, 0.0474], [0.5877, 0.0807, 0.0726, 0.0281, 0.0737, 0.0757, 0.0814], [0.6968, 0.0744, 0.0365, 0.0814, 0.0348, 0.0235, 0.0525], [0.7356, 0.0346, 0.0226, 0.0704, 0.0375, 0.0625, 0.0368], [0.6809, 0.0474, 0.0729, 0.0613, 0.0232, 0.0777, 0.0366], [0.6136, 0.0692, 0.0624, 0.0186, 0.0569, 0.0877, 0.0916], [0.6596, 0.0796, 0.0546, 0.0694, 0.0519, 0.0667, 0.0182], [0.6868, 0.0781, 0.069, 0.0313, 0.0339, 0.0676, 0.0332], [0.7274, 0.0514, 0.0681, 0.0227, 0.0145, 0.0603, 0.0556], [0.6745, 0.055, 0.0432, 0.1012, 0.0172, 0.0605, 0.0485], [0.7328, 0.0139, 0.0572, 0.0246, 0.0335, 0.0722, 0.0658], [0.6902, 0.0899, 0.0218, 0.0779, 0.0368, 0.0575, 0.0261], [0.6644, 0.0822, 0.0611, 0.053, 0.0546, 0.0196, 0.0651], [0.7065, 0.0396, 0.0368, 0.0737, 0.032, 0.0729, 0.0384]], "emotions": ["red", "red", "red", "red", "red", "red", "red", "red", "red", "red", "red", "red", "red", "red", "red", "red", "red", "red", "red", "red", "red", "red", "red", "red", "red", "red", "red", "red", "red", "red", "red", "red", "red", "red", "red", "red", "red", "red", "red", "red", "red", "red", "red", "red", "red", "red", "red", "red", "red", "red", "red", "red", "red", "red", "red", "red", "red", "red", "red", "red", "red", "red", "red", "red", "red", "red", "red", "red", "red", "red", "red", "red", "red", "red", "red", "red", "red", "red", "red", "red"], "timestamps": [0, 40, 80, 120, 160, 200, 240, 280, 320, 360, 400, 440, 480, 520, 560, 600, 640, 680, 720, 760, 800, 840, 880, 920, 960, 1000, 1040, 1080, 1120, 1160, 1200, 1240, 1280, 1320, 1360, 1400, 1440, 1480, 1520, 1560, 1600, 1640, 1680, 1720, 1760, 1800, 1840, 1880, 1920, 1960, 2000, 2040, 2080, 2120, 2160, 2200, 2240, 2280, 2320, 2360, 2400, 2440, 2480, 2520, 2560, 2600, 2640, 2680, 2720, 2760, 2800, 2840, 2880, 2920, 2960, 3000, 3040, 3080, 3120, 3160]}], "conversation": [], "conversation_timestamps": []}