{"agent_id": "agent-orange-1953", "type": "orange", "trips": [{"trip_id": 0, "transport_method": "bicycle", "start_time": 0, "path": [[1.5247363, 42.5068561], [1.5237566, 42.5067732], [1.5227812, 42.5065656], [1.5218265, 42.5062749], [1.5208891, 42.5059328], [1.5216014, 42.5061959], [1.5209483, 42.5059837], [1.5199898, 42.5057093], [1.5190158, 42.5054936], [1.5180504, 42.5053931], [1.5177748, 42.5053835], [1.5171455, 42.5053728], [1.5171658, 42.5052911], [1.5162156, 42.5050139], [1.515436, 42.5044011], [1.5146935, 42.5037342], [1.5139511, 42.5030672], [1.5133089, 42.5023095], [1.5127405, 42.5014939], [1.5121411, 42.500696], [1.5115367, 42.4999018], [1.510917, 42.4991195], [1.5102824, 42.4983503], [1.509413, 42.4978654], [1.5085152, 42.4974296], [1.5076032, 42.4970265], [1.5066651, 42.4966858], [1.5057217, 42.4963607], [1.5047879, 42.4960141], [1.5039008, 42.4955615], [1.502957, 42.4952395], [1.5020598, 42.4948023], [1.5011539, 42.4943838], [1.5004425, 42.4937785], [1.4996802, 42.4931375], [1.498831, 42.4926181], [1.4979482, 42.4921527], [1.4971001, 42.4916275], [1.4963371, 42.4910132], [1.4962208, 42.4900272], [1.4956039, 42.4892489], [1.4949576, 42.4884885], [1.4946597, 42.4875721], [1.4946259, 42.4866005], [1.4940062, 42.4858348], [1.4932061, 42.4852421], [1.4923457, 42.4848168], [1.4914144, 42.4845425], [1.4908362, 42.4838193], [1.4903708, 42.4829464], [1.4898529, 42.4820934], [1.4894981, 42.4811709], [1.48939, 42.4801789], [1.4895242, 42.4792052], [1.4900273, 42.4783469], [1.4904992, 42.4774684], [1.4906186, 42.4765309], [1.490849, 42.4756043], [1.4907656, 42.4746175], [1.4904998, 42.4736667], [1.4907716, 42.4727155], [1.4912425, 42.4718355], [1.4917133, 42.4709556], [1.4920327, 42.4700161], [1.4919228, 42.4690364], [1.4916116, 42.4680886], [1.4916654, 42.4671312], [1.4924672, 42.4665737], [1.4932999, 42.4660984], [1.4942677, 42.4658863], [1.4949149, 42.465176], [1.4947416, 42.4644909], [1.4940653, 42.4641081], [1.4935514, 42.4633623], [1.4934179, 42.4626176], [1.4939428, 42.4622208], [1.4948383, 42.4624949], [1.4957927, 42.462784], [1.4967795, 42.4627289], [1.4977643, 42.4627235]], "mood_vectors": [[0.0712, 0.0833, 0.0309, 0.051, 0.6619, 0.0589, 0.0427], [0.0445, 0.0311, 0.0447, 0.0284, 0.7132, 0.0611, 0.077], [0.0687, 0.0206, 0.0779, 0.0204, 0.7628, 0.0184, 0.0311], [0.0779, 0.0875, 0.0226, 0.0653, 0.6656, 0.0261, 0.0551], [0.0654, 0.0599, 0.0496, 0.0776, 0.6238, 0.0742, 0.0495], [0.0308, 0.0423, 0.0976, 0.0771, 0.6895, 0.0277, 0.0349], [0.0234, 0.0404, 0.0182, 0.0888, 0.7092, 0.0198, 0.1003], [0.0626, 0.0191, 0.0305, 0.0508, 0.7851, 0.0282, 0.0237], [0.0306, 0.0315, 0.0268, 0.0652, 0.6938, 0.0756, 0.0766], [0.0743, 0.0718, 0.0802, 0.0714, 0.5413, 0.0802, 0.0807], [0.0215, 0.0464, 0.0809, 0.0447, 0.7106, 0.0153, 0.0804], [0.0457, 0.0204, 0.074, 0.0563, 0.7278, 0.0512, 0.0246], [0.0499, 0.0241, 0.0188, 0.0289, 0.7486, 0.0704, 0.0593], [0.0727, 0.049, 0.0354, 0.0699, 0.675, 0.0337, 0.0644], [0.0635, 0.0242, 0.0899, 0.0446, 0.6261, 0.0929, 0.0588], [0.0243, 0.0167, 0.0497, 0.0224, 0.7276, 0.0753, 0.0839], [0.0765, 0.0421, 0.0828, 0.0296, 0.6748, 0.0504, 0.0438], [0.0508, 0.0407, 0.0668, 0.0428, 0.6987, 0.0359, 0.0642], [0.0199, 0.0543, 0.0194, 0.0362, 0.7171, 0.0881, 0.065], [0.0792, 0.0297, 0.0427, 0.0426, 0.7033, 0.0167, 0.0859], [0.0205, 0.0131, 0.063, 0.0645, 0.7826, 0.0432, 0.013], [0.0158, 0.0455, 0.0423, 0.0835, 0.724, 0.0366, 0.0524], [0.0894, 0.0473, 0.0169, 0.0376, 0.6577, 0.0739, 0.0772], [0.0388, 0.0698, 0.0437, 0.014, 0.7395, 0.0502, 0.0439], [0.0402, 0.0426, 0.0359, 0.0567, 0.7883, 0.0132, 0.0231], [0.0639, 0.0777, 0.0214, 0.015, 0.7147, 0.0871, 0.0201], [0.0397, 0.0342, 0.073, 0.0831, 0.7062, 0.0452, 0.0184], [0.0629, 0.0431, 0.0621, 0.0278, 0.6918, 0.0448, 0.0675], [0.0501, 0.0707, 0.0664, 0.0437, 0.6584, 0.0539, 0.0567], [0.0676, 0.0406, 0.0507, 0.051, 0.6755, 0.062, 0.0525], [0.029, 0.0724, 0.019, 0.0189, 0.7671, 0.0452, 0.0483], [0.0577, 0.0887, 0.0604, 0.0137, 0.6758, 0.0299, 0.0738], [0.0296, 0.0634, 0.0232, 0.0196, 0.7298, 0.0599, 0.0745], [0.0427, 0.0471, 0.0591, 0.0771, 0.726, 0.0302, 0.0176], [0.0122, 0.0464, 0.0339, 0.0353, 0.7203, 0.0805, 0.0715], [0.0426, 0.0283, 0.0178, 0.0442, 0.7641, 0.0618, 0.0413], [0.0279, 0.0418, 0.0847, 0.0391, 0.6952, 0.045, 0.0665], [0.0787, 0.0733, 0.0917, 0.064, 0.6272, 0.0267, 0.0384], [0.0842, 0.0796, 0.0416, 0.0349, 0.6933, 0.0229, 0.0435], [0.0303, 0.0608, 0.0689, 0.0851, 0.6919, 0.024, 0.039], [0.067, 0.0535, 0.0489, 0.0815, 0.6982, 0.0295, 0.0214], [0.0702, 0.0556, 0.0157, 0.028, 0.6993, 0.06, 0.0712], [0.0444, 0.0863, 0.0471, 0.0297, 0.6535, 0.0841, 0.0549], [0.0755, 0.0823, 0.0861, 0.0289, 0.6426, 0.0466, 0.0381], [0.0808, 0.0139, 0.0529, 0.0235, 0.7076, 0.0481, 0.0733], [0.0673, 0.0768, 0.0178, 0.0461, 0.6835, 0.0451, 0.0633], [0.0241, 0.0186, 0.0201, 0.0611, 0.8085, 0.0413, 0.0262], [0.034, 0.0338, 0.0207, 0.0753, 0.7, 0.0708, 0.0654], [0.0826, 0.0374, 0.0736, 0.0457, 0.6479, 0.0602, 0.0526], [0.0523, 0.0231, 0.0337, 0.0202, 0.7542, 0.0843, 0.0321], [0.0409, 0.0769, 0.0533, 0.0681, 0.6654, 0.0607, 0.0347], [0.0277, 0.0494, 0.0512, 0.0252, 0.7313, 0.0773, 0.0381], [0.0491, 0.0479, 0.0285, 0.0485, 0.7416, 0.0237, 0.0608], [0.0705, 0.019, 0.017, 0.0745, 0.7044, 0.059, 0.0557], [0.0358, 0.0555, 0.0419, 0.0445, 0.7039, 0.0548, 0.0637], [0.0381, 0.0345, 0.0693, 0.044, 0.7043, 0.0727, 0.0372], [0.05, 0.0608, 0.0712, 0.0958, 0.5848, 0.0752, 0.0622], [0.033, 0.0141, 0.0224, 0.0668, 0.7783, 0.0577, 0.0277], [0.0377, 0.0294, 0.033, 0.068, 0.68, 0.0777, 0.0741], [0.0437, 0.0573, 0.0294, 0.0901, 0.7357, 0.0294, 0.0144], [0.074, 0.0582, 0.0612, 0.0529, 0.6874, 0.0532, 0.0132], [0.0788, 0.0567, 0.0713, 0.0608, 0.6167, 0.072, 0.0436], [0.0344, 0.0331, 0.015, 0.0847, 0.6885, 0.0817, 0.0626], [0.0454, 0.0794, 0.0605, 0.0637, 0.6497, 0.0585, 0.0429], [0.0384, 0.0407, 0.0797, 0.0609, 0.6777, 0.0725, 0.0301], [0.072, 0.0926, 0.0703, 0.0272, 0.6219, 0.0927, 0.0233], [0.0728, 0.0251, 0.0534, 0.0229, 0.7175, 0.0166, 0.0918], [0.0776, 0.0556, 0.0354, 0.0419, 0.632, 0.0734, 0.0841], [0.0438, 0.056, 0.0811, 0.0575, 0.6783, 0.0296, 0.0539], [0.0526, 0.0529, 0.0558, 0.0798, 0.6041, 0.0838, 0.0709], [0.0214, 0.0773, 0.0499, 0.0492, 0.6898, 0.0648, 0.0476], [0.0165, 0.0753, 0.0354, 0.0263, 0.7495, 0.0288, 0.0682], [0.087, 0.0833, 0.0453, 0.0269, 0.6963, 0.0417, 0.0194], [0.0481, 0.0197, 0.0344, 0.0234, 0.7626, 0.0233, 0.0885], [0.014, 0.0615, 0.0614, 0.0437, 0.7135, 0.0326, 0.0733], [0.0609, 0.0495, 0.039, 0.0774, 0.6634, 0.0625, 0.0473], [0.0247, 0.0638, 0.0541, 0.0564, 0.6771, 0.083, 0.0409], [0.024, 0.0153, 0.0564, 0.0683, 0.7151, 0.0691, 0.0518], [0.0842, 0.0778, 0.0409, 0.0533, 0.6428, 0.0805, 0.0205], [0.087, 0.035, 0.0552, 0.0371, 0.6429, 0.0552, 0.0876]], "emotions": ["red", "red", "red", "red", "red", "red", "red", "red", "red", "red", "red", "red", "red", "red", "red", "red", "red", "red", "red", "red", "red", "red", "red", "red", "red", "red", "red", "red", "red", "red", "red", "red", "red", "red", "red", "red", "red", "red", "red", "red", "red", "red", "red", "red", "red", "red", "red", "red", "red", "red", "red", "red", "red", "red", "red", "red", "red", "red", "red", "red", "red", "red", "red", "red", "red", "red", "red", "red", "red", "red", "red", "red", "red", "red", "red", "red", "red", "red", "red", "red"], "timestamps": [0, 40, 80, 120, 160, 200, 240, 280, 320, 360, 400, 440, 480, 520, 560, 600, 640, 680, 720, 760, 800, 840, 880, 920, 960, 1000, 1040, 1080, 1120, 1160, 1200, 1240, 1280, 1320, 1360, 1400, 1440, 1480, 1520, 1560, 1600, 1640, 1680, 1720, 1760, 1800, 1840, 1880, 1920, 1960, 2000, 2040, 2080, 2120, 2160, 2200, 2240, 2280, 2320, 2360, 2400, 2440, 2480, 2520, 2560, 2600, 2640, 2680, 2720, 2760, 2800, 2840, 2880, 2920, 2960, 3000, 3040, 3080, 3120, 3160]}], "conversation": [], "conversation_timestamps": []}