{"agent_id": "agent-blue-1715", "type": "blue", "trips": [{"trip_id": 0, "transport_method": "bicycle", "start_time": 0, "path": [[1.5029019, 42.4987063], [1.5028094, 42.4982531], [1.5030493, 42.4977818], [1.503491, 42.4977456], [1.5040011, 42.4980015], [1.5045204, 42.4982377], [1.5050437, 42.4984654], [1.5055602, 42.4987074], [1.5060651, 42.4989733], [1.5065778, 42.4992241], [1.507095, 42.4994652], [1.5076123, 42.4997064], [1.5081013, 42.4999908], [1.5086199, 42.500229], [1.5091323, 42.5004803], [1.5096473, 42.5007262], [1.5093319, 42.5005755], [1.5093093, 42.5005611], [1.5098274, 42.5008006], [1.5103454, 42.5010401], [1.5108634, 42.5012796], [1.5111708, 42.5014137], [1.5106517, 42.5011804], [1.5101364, 42.5010368], [1.5106736, 42.5012296], [1.5112107, 42.5014224], [1.5117479, 42.5016152], [1.5122851, 42.501808], [1.5117357, 42.5016874], [1.511933, 42.5016543], [1.5125036, 42.5016656], [1.5130455, 42.5017761], [1.5135339, 42.5020714], [1.5140223, 42.5023667], [1.5136428, 42.5021132], [1.5132877, 42.5016665], [1.5129945, 42.5017308], [1.5135083, 42.5019793], [1.5140221, 42.5022278], [1.5145359, 42.5024763], [1.5146766, 42.502513], [1.5151517, 42.5028293], [1.5156267, 42.5031456], [1.5156178, 42.5031183], [1.5151366, 42.5028115], [1.5155525, 42.5030955], [1.5160246, 42.5034161], [1.5165367, 42.50366], [1.5170997, 42.5037436], [1.5176684, 42.5037165], [1.5182344, 42.5036434], [1.5188004, 42.5035703], [1.5192771, 42.5037895], [1.5198364, 42.5038071], [1.520367, 42.504011], [1.5208945, 42.5042288], [1.5214247, 42.5044397], [1.5219365, 42.5046737], [1.5224237, 42.5047346], [1.522987, 42.5047724], [1.5235519, 42.5048372], [1.5241122, 42.5049452], [1.5246737, 42.5050467], [1.5252337, 42.5051566], [1.5257938, 42.5052665], [1.5263582, 42.5053163], [1.526928, 42.5052893], [1.5274918, 42.5053667], [1.5278857, 42.5055036], [1.5274881, 42.5053626], [1.5280355, 42.505524], [1.5285829, 42.5056854], [1.5291304, 42.5058468], [1.5295992, 42.5061722], [1.5300639, 42.5065034], [1.5305364, 42.5068234], [1.5310583, 42.5070527], [1.5316133, 42.5071835], [1.5320657, 42.5074742], [1.5326067, 42.5073077]], "mood_vectors": [[0.0634, 0.0318, 0.046, 0.7888, 0.0238, 0.0122, 0.0339], [0.0615, 0.0706, 0.0277, 0.7388, 0.0193, 0.0158, 0.0662], [0.042, 0.0697, 0.0474, 0.6877, 0.0525, 0.0387, 0.062], [0.0237, 0.0771, 0.0326, 0.6958, 0.0648, 0.0665, 0.0395], [0.0779, 0.063, 0.0762, 0.6802, 0.0179, 0.0159, 0.069], [0.0396, 0.0757, 0.0564, 0.6547, 0.0503, 0.039, 0.0843], [0.0551, 0.037, 0.0907, 0.6832, 0.0308, 0.0332, 0.0699], [0.0144, 0.021, 0.0774, 0.7747, 0.024, 0.0125, 0.076], [0.061, 0.0554, 0.014, 0.7663, 0.0231, 0.0444, 0.0358], [0.0421, 0.0728, 0.0907, 0.6193, 0.0584, 0.0371, 0.0796], [0.0447, 0.0516, 0.0204, 0.7853, 0.0119, 0.0607, 0.0253], [0.0512, 0.0398, 0.0353, 0.7198, 0.0741, 0.0374, 0.0424], [0.0435, 0.0803, 0.0799, 0.5791, 0.0787, 0.0729, 0.0656], [0.0483, 0.0589, 0.0685, 0.672, 0.0501, 0.0322, 0.07], [0.0276, 0.0422, 0.0786, 0.682, 0.0539, 0.0219, 0.0938], [0.0233, 0.0248, 0.049, 0.7845, 0.0287, 0.0302, 0.0595], [0.0375, 0.0903, 0.0789, 0.6159, 0.0758, 0.0281, 0.0734], [0.0825, 0.03, 0.0242, 0.6708, 0.0739, 0.0746, 0.0441], [0.0817, 0.0717, 0.0768, 0.5921, 0.0884, 0.0418, 0.0476], [0.0863, 0.0605, 0.0547, 0.6859, 0.0299, 0.0565, 0.0261], [0.0316, 0.0346, 0.0295, 0.7768, 0.0675, 0.0403, 0.0196], [0.0226, 0.0905, 0.0275, 0.7385, 0.0377, 0.0589, 0.0244], [0.0617, 0.0744, 0.036, 0.6812, 0.0132, 0.0551, 0.0786], [0.06, 0.044, 0.0129, 0.6551, 0.0824, 0.0816, 0.0639], [0.0153, 0.0836, 0.0505, 0.6761, 0.0672, 0.0856, 0.0217], [0.02, 0.0494, 0.0752, 0.618, 0.0776, 0.0854, 0.0745], [0.0896, 0.0493, 0.0328, 0.6725, 0.0546, 0.0259, 0.0753], [0.0581, 0.0642, 0.0295, 0.7217, 0.0445, 0.0503, 0.0317], [0.0467, 0.0208, 0.039, 0.6883, 0.0919, 0.0785, 0.0348], [0.0495, 0.0161, 0.0366, 0.7205, 0.0531, 0.0724, 0.0516], [0.0159, 0.0331, 0.0478, 0.7859, 0.0703, 0.0177, 0.0292], [0.0271, 0.0808, 0.0539, 0.6643, 0.0643, 0.0231, 0.0865], [0.0564, 0.0556, 0.0664, 0.7135, 0.0612, 0.0159, 0.031], [0.0462, 0.0196, 0.0657, 0.634, 0.0685, 0.0779, 0.0881], [0.0731, 0.0478, 0.0712, 0.6853, 0.0269, 0.0673, 0.0284], [0.0294, 0.0299, 0.049, 0.7616, 0.0231, 0.0781, 0.0289], [0.061, 0.0676, 0.0575, 0.696, 0.0305, 0.023, 0.0644], [0.0719, 0.0155, 0.0747, 0.687, 0.0481, 0.0613, 0.0414], [0.0721, 0.0721, 0.0439, 0.6287, 0.0268, 0.0781, 0.0782], [0.0365, 0.0577, 0.019, 0.7335, 0.0516, 0.0543, 0.0475], [0.023, 0.0432, 0.038, 0.7174, 0.0561, 0.0585, 0.0639], [0.0244, 0.0281, 0.0783, 0.7324, 0.0272, 0.0769, 0.0327], [0.0479, 0.0298, 0.0843, 0.6984, 0.041, 0.0765, 0.0222], [0.0329, 0.0625, 0.0161, 0.767, 0.0296, 0.0526, 0.0393], [0.0671, 0.0631, 0.0203, 0.6913, 0.0708, 0.0239, 0.0635], [0.037, 0.053, 0.0481, 0.7187, 0.057, 0.0437, 0.0425], [0.0257, 0.073, 0.0441, 0.7434, 0.0184, 0.0578, 0.0377], [0.033, 0.0214, 0.0362, 0.6943, 0.0955, 0.0838, 0.0356], [0.0111, 0.067, 0.0331, 0.7646, 0.0235, 0.0624, 0.0382], [0.0759, 0.0295, 0.0854, 0.6534, 0.0334, 0.067, 0.0553], [0.0721, 0.0361, 0.0583, 0.705, 0.0317, 0.0274, 0.0694], [0.0173, 0.04, 0.0269, 0.8089, 0.0269, 0.0398, 0.0403], [0.0578, 0.0299, 0.0732, 0.682, 0.0638, 0.0281, 0.0652], [0.0571, 0.0297, 0.0848, 0.684, 0.0743, 0.0134, 0.0567], [0.0174, 0.0677, 0.0136, 0.7799, 0.0388, 0.064, 0.0185], [0.0733, 0.0719, 0.0266, 0.7027, 0.031, 0.0719, 0.0226], [0.0894, 0.0544, 0.0528, 0.6105, 0.0875, 0.0709, 0.0346], [0.0537, 0.0496, 0.0429, 0.7217, 0.0316, 0.0228, 0.0777], [0.0738, 0.0146, 0.0627, 0.7171, 0.047, 0.0344, 0.0503], [0.0601, 0.0432, 0.0524, 0.6807, 0.056, 0.0686, 0.039], [0.0233, 0.0597, 0.0245, 0.6781, 0.0996, 0.0758, 0.039], [0.0881, 0.0533, 0.0209, 0.7343, 0.0483, 0.0178, 0.0372], [0.0188, 0.0596, 0.0728, 0.694, 0.0742, 0.0315, 0.0491], [0.0556, 0.0164, 0.0609, 0.7657, 0.0153, 0.0303, 0.0558], [0.059, 0.059, 0.0168, 0.6884, 0.0703, 0.0468, 0.0597], [0.0696, 0.0616, 0.059, 0.6371, 0.0637, 0.069, 0.04], [0.0494, 0.0607, 0.0201, 0.7023, 0.0681, 0.0321, 0.0673], [0.0508, 0.0631, 0.0283, 0.6908, 0.0566, 0.0584, 0.0519], [0.0746, 0.0747, 0.0477, 0.7147, 0.055, 0.0151, 0.0183], [0.0581, 0.0229, 0.0804, 0.6713, 0.0295, 0.0713, 0.0667], [0.0434, 0.0724, 0.0716, 0.7255, 0.0343, 0.014, 0.0388], [0.0174, 0.0377, 0.0247, 0.748, 0.0293, 0.0485, 0.0945], [0.0313, 0.0867, 0.0167, 0.7676, 0.0226, 0.0429, 0.0322], [0.062, 0.0666, 0.0484, 0.6822, 0.0177, 0.0364, 0.0866], [0.0506, 0.0685, 0.0487, 0.631, 0.0704, 0.0596, 0.0713], [0.0698, 0.065, 0.0292, 0.6933, 0.0526, 0.0208, 0.0693], [0.0862, 0.06, 0.0746, 0.689, 0.0302, 0.0264, 0.0336], [0.0179, 0.0341, 0.0448, 0.742, 0.0665, 0.0245, 0.0702], [0.0317, 0.0727, 0.0535, 0.7212, 0.0296, 0.0318, 0.0596], [0.0276, 0.0466, 0.0869, 0.6766, 0.0531, 0.0871, 0.0221]], "emotions": ["green", "green", "green", "green", "green", "green", "green", "green", "green", "green", "green", "green", "green", "green", "green", "green", "green", "green", "green", "green", "green", "green", "green", "green", "green", "green", "green", "green", "green", "green", "green", "green", "green", "green", "green", "green", "green", "green", "green", "green", "green", "green", "green", "green", "green", "green", "green", "green", "green", "green", "green", "green", "green", "green", "green", "green", "green", "green", "green", "green", "green", "green", "green", "green", "green", "green", "green", "green", "green", "green", "green", "green", "green", "green", "green", "green", "green", "green", "green", "green"], "timestamps": [0, 40, 80, 120, 160, 200, 240, 280, 320, 360, 400, 440, 480, 520, 560, 600, 640, 680, 720, 760, 800, 840, 880, 920, 960, 1000, 1040, 1080, 1120, 1160, 1200, 1240, 1280, 1320, 1360, 1400, 1440, 1480, 1520, 1560, 1600, 1640, 1680, 1720, 1760, 1800, 1840, 1880, 1920, 1960, 2000, 2040, 2080, 2120, 2160, 2200, 2240, 2280, 2320, 2360, 2400, 2440, 2480, 2520, 2560, 2600, 2640, 2680, 2720, 2760, 2800, 2840, 2880, 2920, 2960, 3000, 3040, 3080, 3120, 3160]}], "conversation": [], "conversation_timestamps": []}