{"agent_id": "agent-red-531", "type": "red", "trips": [{"trip_id": 0, "transport_method": "car", "start_time": 0, "path": [[1.5395397, 42.5109056], [1.538764, 42.5100719], [1.5374992, 42.5100315], [1.5362443, 42.5099558], [1.5349795, 42.5099039], [1.5337187, 42.5098675], [1.5324765, 42.5096368], [1.5312896, 42.5092001], [1.5302714, 42.5088369], [1.5292766, 42.5082538], [1.5284039, 42.5075013], [1.5271935, 42.5072226], [1.52593, 42.5071663], [1.5247165, 42.5068578], [1.5234769, 42.5066999], [1.5222471, 42.506403], [1.5210489, 42.505992], [1.5216939, 42.5062307], [1.5205992, 42.505867], [1.5193698, 42.505562], [1.5181135, 42.505407], [1.5175976, 42.5053698], [1.5175785, 42.5053958], [1.5164796, 42.5051123], [1.5154453, 42.5044095], [1.5145025, 42.5035626], [1.5135898, 42.5026871], [1.5128623, 42.5016561], [1.5121012, 42.5006429], [1.5113283, 42.4996387], [1.5105414, 42.4986454], [1.5095235, 42.4979214], [1.5083842, 42.4973666], [1.5072147, 42.4968815], [1.5060206, 42.4964571], [1.5048274, 42.4960355], [1.503687, 42.4954935], [1.5025131, 42.4950235], [1.5013665, 42.4944844], [1.5004201, 42.4937529], [1.4994365, 42.4929576], [1.4983234, 42.4923533], [1.4972277, 42.4917177], [1.496308, 42.490904], [1.4960054, 42.4897157], [1.4951793, 42.4887547], [1.4946557, 42.4876491], [1.4945467, 42.4864262], [1.4936457, 42.4855478], [1.4926087, 42.4848438], [1.4914129, 42.4845418], [1.490703, 42.4835836], [1.4900928, 42.4824834], [1.4895285, 42.4813568], [1.4893799, 42.4800989], [1.4896811, 42.4788948], [1.4903316, 42.4778079], [1.4905899, 42.4766368], [1.4908374, 42.4754452], [1.4906066, 42.4742194], [1.4906424, 42.472986], [1.491228, 42.4718627], [1.4918183, 42.4707416], [1.4920462, 42.4695098], [1.4916708, 42.4683015], [1.4917079, 42.4671089], [1.4919018, 42.466091], [1.4911723, 42.4651462], [1.4908166, 42.4639606], [1.4911519, 42.4627656], [1.490703, 42.4621914], [1.4900244, 42.4611936], [1.4892874, 42.4601682], [1.4885728, 42.4591232], [1.4877251, 42.4581892], [1.4876816, 42.4581023], [1.4869201, 42.4570928], [1.4866006, 42.4558772], [1.4868642, 42.4546521], [1.48698, 42.4534016]], "mood_vectors": [[0.788, 0.0615, 0.0229, 0.0245, 0.0572, 0.0249, 0.021], [0.7363, 0.0336, 0.0352, 0.0282, 0.0677, 0.0559, 0.043], [0.6928, 0.0433, 0.0721, 0.0456, 0.0524, 0.026, 0.0679], [0.7116, 0.0838, 0.0412, 0.0527, 0.0581, 0.0395, 0.0131], [0.7458, 0.0176, 0.0422, 0.0418, 0.0584, 0.0428, 0.0514], [0.7145, 0.0814, 0.013, 0.0411, 0.0669, 0.0625, 0.0206], [0.734, 0.0311, 0.0752, 0.021, 0.0733, 0.0506, 0.0148], [0.6945, 0.0751, 0.0418, 0.0128, 0.0523, 0.065, 0.0585], [0.7145, 0.056, 0.0241, 0.0653, 0.0497, 0.0725, 0.0178], [0.7236, 0.0631, 0.0491, 0.0551, 0.0216, 0.0423, 0.0452], [0.747, 0.0473, 0.0119, 0.0567, 0.0694, 0.0381, 0.0296], [0.7131, 0.0377, 0.0523, 0.0394, 0.0239, 0.0843, 0.0493], [0.775, 0.0163, 0.023, 0.0257, 0.0419, 0.0696, 0.0486], [0.6763, 0.0671, 0.041, 0.0843, 0.0302, 0.0489, 0.0522], [0.7022, 0.0672, 0.0169, 0.0362, 0.0611, 0.0689, 0.0477], [0.7009, 0.0338, 0.0417, 0.0128, 0.0569, 0.0768, 0.0769], [0.6916, 0.0436, 0.0405, 0.0626, 0.0428, 0.0772, 0.0417], [0.6726, 0.0186, 0.0304, 0.0555, 0.0608, 0.0739, 0.0882], [0.7259, 0.0931, 0.018, 0.0921, 0.0329, 0.0213, 0.0166], [0.6893, 0.0656, 0.0322, 0.0798, 0.0183, 0.037, 0.0778], [0.6281, 0.0262, 0.0442, 0.0896, 0.0672, 0.0857, 0.0589], [0.6616, 0.0731, 0.0116, 0.0665, 0.0439, 0.0785, 0.0647], [0.7686, 0.0205, 0.0199, 0.055, 0.0451, 0.0283, 0.0627], [0.708, 0.0696, 0.0303, 0.043, 0.0312, 0.0567, 0.0612], [0.7261, 0.0393, 0.0581, 0.0283, 0.0452, 0.0587, 0.0441], [0.6832, 0.0788, 0.0413, 0.0138, 0.0514, 0.0501, 0.0815], [0.7171, 0.0204, 0.0583, 0.0507, 0.0478, 0.0683, 0.0372], [0.737, 0.0403, 0.0279, 0.0154, 0.0303, 0.0764, 0.0727], [0.7756, 0.0318, 0.0462, 0.0564, 0.0257, 0.0286, 0.0359], [0.7303, 0.0438, 0.0611, 0.0279, 0.0188, 0.0497, 0.0684], [0.6484, 0.0847, 0.0689, 0.0791, 0.054, 0.0221, 0.0428], [0.7546, 0.0194, 0.0509, 0.0502, 0.0545, 0.0213, 0.0491], [0.6645, 0.0418, 0.0242, 0.0427, 0.0707, 0.0831, 0.073], [0.6825, 0.076, 0.0135, 0.0925, 0.0666, 0.0496, 0.0193], [0.7828, 0.0452, 0.0541, 0.0422, 0.0301, 0.0181, 0.0276], [0.6872, 0.0468, 0.0742, 0.0697, 0.0703, 0.0321, 0.0197], [0.7729, 0.0832, 0.0576, 0.0134, 0.034, 0.0252, 0.0137], [0.7053, 0.0707, 0.0575, 0.0199, 0.0648, 0.0257, 0.0559], [0.6416, 0.0562, 0.0465, 0.0534, 0.0659, 0.0571, 0.0793], [0.6883, 0.0325, 0.0665, 0.0678, 0.0526, 0.0193, 0.0731], [0.7131, 0.0133, 0.0639, 0.034, 0.0496, 0.0605, 0.0655], [0.813, 0.0231, 0.016, 0.0144, 0.0746, 0.0126, 0.0464], [0.6437, 0.0808, 0.0348, 0.0835, 0.0699, 0.0438, 0.0435], [0.6251, 0.0549, 0.0651, 0.0715, 0.0782, 0.0327, 0.0724], [0.7093, 0.0722, 0.0572, 0.057, 0.0344, 0.0519, 0.018], [0.7047, 0.0588, 0.0374, 0.079, 0.0302, 0.0579, 0.032], [0.6476, 0.0713, 0.0477, 0.0707, 0.0479, 0.0629, 0.0518], [0.6442, 0.0858, 0.0709, 0.0838, 0.0687, 0.0231, 0.0235], [0.7584, 0.0765, 0.0404, 0.0171, 0.0375, 0.0469, 0.0232], [0.7322, 0.0414, 0.0681, 0.0146, 0.0803, 0.0275, 0.0358], [0.7362, 0.0279, 0.0461, 0.0206, 0.0582, 0.0816, 0.0295], [0.7817, 0.0414, 0.0146, 0.0223, 0.0562, 0.0265, 0.0571], [0.7242, 0.0465, 0.0507, 0.0537, 0.0704, 0.0307, 0.0239], [0.8079, 0.0418, 0.0366, 0.0231, 0.0308, 0.0257, 0.0341], [0.7289, 0.0649, 0.0765, 0.0394, 0.0231, 0.0184, 0.0488], [0.6932, 0.0175, 0.0641, 0.0632, 0.0455, 0.0712, 0.0453], [0.7429, 0.0754, 0.0755, 0.0228, 0.0467, 0.0204, 0.0163], [0.7406, 0.0438, 0.0703, 0.0155, 0.0288, 0.06, 0.041], [0.7239, 0.0452, 0.0617, 0.0822, 0.0168, 0.0395, 0.0308], [0.7715, 0.0576, 0.0311, 0.0608, 0.0207, 0.0177, 0.0407], [0.7011, 0.0342, 0.0586, 0.0626, 0.0697, 0.0517, 0.0222], [0.724, 0.0247, 0.0208, 0.0848, 0.0144, 0.079, 0.0522], [0.645, 0.0533, 0.0584, 0.0758, 0.0876, 0.023, 0.0569], [0.6792, 0.0679, 0.0705, 0.051, 0.0228, 0.0312, 0.0775], [0.8257, 0.0126, 0.0539, 0.044, 0.0173, 0.0192, 0.0273], [0.6667, 0.0616, 0.0815, 0.0649, 0.0648, 0.0154, 0.0451], [0.6866, 0.0721, 0.0109, 0.0649, 0.0451, 0.0619, 0.0586], [0.7371, 0.0739, 0.0551, 0.0512, 0.0145, 0.0172, 0.0511], [0.7064, 0.0234, 0.0803, 0.029, 0.0789, 0.0315, 0.0504], [0.64, 0.0803, 0.0733, 0.0244, 0.0651, 0.0884, 0.0286], [0.7631, 0.0547, 0.0186, 0.0275, 0.0608, 0.0352, 0.04], [0.6306, 0.0253, 0.0399, 0.0779, 0.0612, 0.0921, 0.073], [0.6556, 0.0367, 0.0614, 0.0601, 0.0448, 0.0815, 0.0599], [0.7443, 0.0172, 0.0604, 0.0485, 0.0479, 0.0171, 0.0645], [0.6956, 0.0724, 0.0428, 0.0471, 0.0604, 0.0227, 0.059], [0.7028, 0.0296, 0.0549, 0.0365, 0.084, 0.068, 0.0242], [0.642, 0.0795, 0.0583, 0.0705, 0.0711, 0.0248, 0.0538], [0.6974, 0.0727, 0.0673, 0.0204, 0.0683, 0.0596, 0.0141], [0.7067, 0.0715, 0.0347, 0.0563, 0.023, 0.054, 0.0539], [0.7444, 0.0305, 0.0289, 0.0357, 0.0859, 0.0505, 0.0241]], "emotions": ["red", "red", "red", "red", "red", "red", "red", "red", "red", "red", "red", "red", "red", "red", "red", "red", "red", "red", "red", "red", "red", "red", "red", "red", "red", "red", "red", "red", "red", "red", "red", "red", "red", "red", "red", "red", "red", "red", "red", "red", "red", "red", "red", "red", "red", "red", "red", "red", "red", "red", "red", "red", "red", "red", "red", "red", "red", "red", "red", "red", "red", "red", "red", "red", "red", "red", "red", "red", "red", "red", "red", "red", "red", "red", "red", "red", "red", "red", "red", "red"], "timestamps": [0, 40, 80, 120, 160, 200, 240, 280, 320, 360, 400, 440, 480, 520, 560, 600, 640, 680, 720, 760, 800, 840, 880, 920, 960, 1000, 1040, 1080, 1120, 1160, 1200, 1240, 1280, 1320, 1360, 1400, 1440, 1480, 1520, 1560, 1600, 1640, 1680, 1720, 1760, 1800, 1840, 1880, 1920, 1960, 2000, 2040, 2080, 2120, 2160, 2200, 2240, 2280, 2320, 2360, 2400, 2440, 2480, 2520, 2560, 2600, 2640, 2680, 2720, 2760, 2800, 2840, 2880, 2920, 2960, 3000, 3040, 3080, 3120, 3160]}], "conversation": [], "conversation_timestamps": []}