{"agent_id": "agent-blue-1675", "type": "blue", "trips": [{"trip_id": 0, "transport_method": "foot", "start_time": 0, "path": [[1.4811681, 42.5731567], [1.4810121, 42.5709133], [1.48279, 42.5716669], [1.4849198, 42.5717015], [1.4867731, 42.5705793], [1.4883758, 42.5690085], [1.4896646, 42.567209], [1.4908704, 42.5658324], [1.4925957, 42.5643885], [1.4944351, 42.5630799], [1.4949302, 42.5630311], [1.4928763, 42.5638939], [1.4920847, 42.5647464], [1.493913, 42.5634224], [1.4957416, 42.5620989], [1.4977741, 42.5614954], [1.4982125, 42.5615486], [1.5000922, 42.5612663], [1.5020384, 42.5601227], [1.5019975, 42.5603995], [1.4999943, 42.5613278], [1.5019435, 42.5603523], [1.5039384, 42.5593069], [1.5048346, 42.5574609], [1.5061871, 42.5556785], [1.5070384, 42.5537019], [1.5087043, 42.5521797], [1.5104704, 42.5507969], [1.5121739, 42.549346], [1.5133541, 42.5481244], [1.5138183, 42.5467236], [1.5147504, 42.5459165], [1.5153682, 42.5448059], [1.5169288, 42.5432002], [1.5183717, 42.5415839], [1.5194038, 42.5399789], [1.5193924, 42.5401131], [1.519748, 42.5378978], [1.5209961, 42.5360853], [1.5200158, 42.5345518], [1.5197013, 42.5325443], [1.5198145, 42.5309287], [1.5197162, 42.5305809], [1.5206548, 42.5288268], [1.5201621, 42.5268224], [1.5206554, 42.5246899], [1.5218133, 42.5227819], [1.5233076, 42.5211669], [1.5237483, 42.5202184], [1.5238259, 42.5199021], [1.5251204, 42.5182179], [1.5269303, 42.5170049], [1.528842, 42.5158776], [1.5303721, 42.5142606], [1.5309938, 42.5122397], [1.5294381, 42.51087], [1.5286032, 42.5094629], [1.5285564, 42.5094128], [1.5265992, 42.5085039], [1.5245071, 42.5078218], [1.5222794, 42.5077159], [1.520164, 42.5074053], [1.5187476, 42.5067007], [1.516765, 42.5057964], [1.5149182, 42.5046651], [1.5136891, 42.5034266], [1.5120121, 42.5019529], [1.5100112, 42.500956], [1.5080041, 42.4999323], [1.5059859, 42.4989344], [1.5039453, 42.4979729], [1.501935, 42.496956], [1.500394, 42.4962561], [1.4987752, 42.4950602], [1.497499, 42.4937186], [1.4954087, 42.4935764], [1.493544, 42.4924897], [1.4923012, 42.490902], [1.4904621, 42.4896992], [1.4906399, 42.4882355]], "mood_vectors": [[0.0247, 0.0445, 0.0659, 0.7097, 0.0632, 0.0224, 0.0696], [0.0422, 0.055, 0.0909, 0.6419, 0.0604, 0.034, 0.0756], [0.0436, 0.0361, 0.0155, 0.7325, 0.0449, 0.0796, 0.0478], [0.0438, 0.0844, 0.0665, 0.6374, 0.0315, 0.0872, 0.0493], [0.0717, 0.0725, 0.0617, 0.629, 0.0571, 0.0291, 0.0788], [0.0324, 0.0398, 0.0272, 0.7551, 0.053, 0.0181, 0.0744], [0.0275, 0.0539, 0.0656, 0.7002, 0.0283, 0.028, 0.0964], [0.0837, 0.0581, 0.0431, 0.6325, 0.0596, 0.0793, 0.0439], [0.0241, 0.0152, 0.0217, 0.8236, 0.0663, 0.0249, 0.0242], [0.0698, 0.0613, 0.0805, 0.6735, 0.0549, 0.0122, 0.0477], [0.0451, 0.0619, 0.0658, 0.7398, 0.0243, 0.0503, 0.0127], [0.029, 0.0843, 0.063, 0.6858, 0.0739, 0.0283, 0.0357], [0.0705, 0.0112, 0.0733, 0.7091, 0.0746, 0.0488, 0.0126], [0.0838, 0.044, 0.0475, 0.6309, 0.0458, 0.0816, 0.0665], [0.0133, 0.0637, 0.0502, 0.6707, 0.0551, 0.0755, 0.0714], [0.0584, 0.0138, 0.0767, 0.6951, 0.0601, 0.0225, 0.0734], [0.063, 0.0584, 0.0356, 0.6937, 0.0388, 0.0402, 0.0702], [0.013, 0.0231, 0.0508, 0.7609, 0.0606, 0.0637, 0.0279], [0.0714, 0.0602, 0.0663, 0.698, 0.0297, 0.0284, 0.046], [0.0711, 0.013, 0.0513, 0.6912, 0.0742, 0.0342, 0.065], [0.0485, 0.087, 0.0451, 0.6211, 0.0674, 0.041, 0.09], [0.0786, 0.0779, 0.0297, 0.688, 0.0409, 0.0724, 0.0126], [0.0608, 0.0745, 0.0275, 0.7008, 0.0551, 0.0163, 0.065], [0.0474, 0.0287, 0.0663, 0.7598, 0.0275, 0.0544, 0.0158], [0.0589, 0.0699, 0.0216, 0.7389, 0.0391, 0.0399, 0.0316], [0.0335, 0.0577, 0.0639, 0.7105, 0.0704, 0.0397, 0.0243], [0.0604, 0.0736, 0.0519, 0.6637, 0.0583, 0.0411, 0.0511], [0.0292, 0.0745, 0.0891, 0.6998, 0.0218, 0.0361, 0.0495], [0.073, 0.028, 0.0154, 0.7185, 0.0628, 0.0247, 0.0775], [0.082, 0.0783, 0.0156, 0.6949, 0.0538, 0.0547, 0.0207], [0.0386, 0.0404, 0.0538, 0.7553, 0.0254, 0.0612, 0.0253], [0.0667, 0.0201, 0.0676, 0.6553, 0.0369, 0.0765, 0.0771], [0.0525, 0.0433, 0.0322, 0.7672, 0.0193, 0.0197, 0.0658], [0.0456, 0.0362, 0.0529, 0.6428, 0.0773, 0.0824, 0.0629], [0.0361, 0.0608, 0.0377, 0.6811, 0.0717, 0.0586, 0.0541], [0.0532, 0.0758, 0.0188, 0.7585, 0.0608, 0.0123, 0.0207], [0.0377, 0.0563, 0.0268, 0.7384, 0.0515, 0.0717, 0.0175], [0.0487, 0.0547, 0.059, 0.6687, 0.0589, 0.047, 0.0631], [0.0581, 0.0329, 0.0549, 0.6905, 0.0587, 0.0308, 0.0741], [0.072, 0.0246, 0.0743, 0.7314, 0.0377, 0.042, 0.0179], [0.0295, 0.0181, 0.031, 0.8003, 0.0372, 0.0427, 0.0411], [0.0385, 0.0698, 0.039, 0.7304, 0.0163, 0.0727, 0.0333], [0.058, 0.0412, 0.0773, 0.6464, 0.0681, 0.0312, 0.0777], [0.0668, 0.0232, 0.0174, 0.7029, 0.0628, 0.0682, 0.0588], [0.0604, 0.018, 0.0196, 0.6749, 0.0641, 0.0815, 0.0815], [0.0412, 0.0281, 0.0701, 0.6802, 0.0713, 0.0297, 0.0793], [0.0593, 0.013, 0.0597, 0.6711, 0.0609, 0.0765, 0.0595], [0.062, 0.0636, 0.0658, 0.6539, 0.0243, 0.0768, 0.0537], [0.0418, 0.0543, 0.0204, 0.6957, 0.0651, 0.0769, 0.0458], [0.0766, 0.0221, 0.0567, 0.696, 0.0472, 0.0375, 0.0639], [0.0626, 0.0434, 0.0371, 0.6875, 0.0461, 0.054, 0.0693], [0.076, 0.0608, 0.0225, 0.6836, 0.056, 0.0681, 0.033], [0.0301, 0.0555, 0.029, 0.7164, 0.0476, 0.0489, 0.0725], [0.0738, 0.0534, 0.0559, 0.6417, 0.0453, 0.0809, 0.049], [0.0259, 0.0932, 0.0492, 0.7383, 0.0219, 0.0382, 0.0334], [0.0325, 0.0799, 0.0142, 0.7133, 0.0258, 0.0689, 0.0653], [0.0631, 0.0574, 0.0245, 0.6464, 0.0547, 0.0714, 0.0826], [0.0211, 0.0146, 0.0838, 0.718, 0.0583, 0.0844, 0.0198], [0.0163, 0.0574, 0.0506, 0.7465, 0.0238, 0.0603, 0.0451], [0.0171, 0.0526, 0.0542, 0.7067, 0.0769, 0.0282, 0.0643], [0.0604, 0.0148, 0.059, 0.729, 0.0506, 0.0303, 0.0558], [0.0482, 0.0544, 0.0549, 0.6771, 0.042, 0.0642, 0.0593], [0.0764, 0.0774, 0.0739, 0.5856, 0.0582, 0.0531, 0.0754], [0.0451, 0.0233, 0.0193, 0.6935, 0.0622, 0.077, 0.0795], [0.0222, 0.045, 0.037, 0.7609, 0.0644, 0.0346, 0.036], [0.0467, 0.0646, 0.0437, 0.697, 0.0714, 0.0273, 0.0494], [0.0402, 0.0176, 0.0811, 0.6857, 0.0996, 0.0252, 0.0505], [0.0411, 0.0211, 0.0498, 0.748, 0.0371, 0.0618, 0.0411], [0.037, 0.0607, 0.0681, 0.7409, 0.0194, 0.0518, 0.0221], [0.0242, 0.045, 0.0528, 0.7232, 0.0426, 0.0494, 0.0627], [0.0595, 0.0224, 0.0478, 0.7125, 0.0858, 0.0159, 0.056], [0.0256, 0.0955, 0.0795, 0.6543, 0.0222, 0.0895, 0.0334], [0.0648, 0.0182, 0.0572, 0.7083, 0.0562, 0.0747, 0.0206], [0.0413, 0.0877, 0.0748, 0.65, 0.0456, 0.0582, 0.0423], [0.0362, 0.027, 0.0321, 0.6841, 0.0887, 0.0921, 0.0397], [0.0608, 0.0271, 0.0635, 0.7304, 0.0466, 0.0322, 0.0394], [0.0755, 0.047, 0.0235, 0.7365, 0.0323, 0.033, 0.0522], [0.026, 0.0586, 0.0499, 0.7487, 0.0459, 0.0492, 0.0217], [0.0496, 0.0789, 0.0328, 0.7383, 0.0479, 0.039, 0.0134], [0.0754, 0.0501, 0.0141, 0.6928, 0.0544, 0.069, 0.0442]], "emotions": ["green", "green", "green", "green", "green", "green", "green", "green", "green", "green", "green", "green", "green", "green", "green", "green", "green", "green", "green", "green", "green", "green", "green", "green", "green", "green", "green", "green", "green", "green", "green", "green", "green", "green", "green", "green", "green", "green", "green", "green", "green", "green", "green", "green", "green", "green", "green", "green", "green", "green", "green", "green", "green", "green", "green", "green", "green", "green", "green", "green", "green", "green", "green", "green", "green", "green", "green", "green", "green", "green", "green", "green", "green", "green", "green", "green", "green", "green", "green", "green"], "timestamps": [0, 40, 80, 120, 160, 200, 240, 280, 320, 360, 400, 440, 480, 520, 560, 600, 640, 680, 720, 760, 800, 840, 880, 920, 960, 1000, 1040, 1080, 1120, 1160, 1200, 1240, 1280, 1320, 1360, 1400, 1440, 1480, 1520, 1560, 1600, 1640, 1680, 1720, 1760, 1800, 1840, 1880, 1920, 1960, 2000, 2040, 2080, 2120, 2160, 2200, 2240, 2280, 2320, 2360, 2400, 2440, 2480, 2520, 2560, 2600, 2640, 2680, 2720, 2760, 2800, 2840, 2880, 2920, 2960, 3000, 3040, 3080, 3120, 3160]}], "conversation": [], "conversation_timestamps": []}