{"agent_id": "agent-purple-464", "type": "purple", "trips": [{"trip_id": 0, "transport_method": "foot", "start_time": 0, "path": [[1.5183878, 42.5738319], [1.5187429, 42.5730396], [1.5192668, 42.5723356], [1.5206308, 42.5711931], [1.5210957, 42.5695023], [1.5220819, 42.5680859], [1.5233842, 42.5669602], [1.5242612, 42.5654158], [1.5255473, 42.5641894], [1.5270515, 42.5633241], [1.5282052, 42.5623114], [1.5292836, 42.5610118], [1.5305844, 42.559785], [1.5315712, 42.5588329], [1.5305638, 42.5602847], [1.5293373, 42.5609619], [1.5306421, 42.5597393], [1.5319064, 42.5584899], [1.531188, 42.5572413], [1.5296035, 42.5564647], [1.5285119, 42.5551707], [1.527536, 42.5537535], [1.5266195, 42.5522948], [1.5264628, 42.5512951], [1.5258664, 42.5498628], [1.5251749, 42.5482253], [1.524726, 42.5466212], [1.5241838, 42.5453889], [1.5234228, 42.5437932], [1.5229568, 42.5428116], [1.5232214, 42.5411525], [1.5232413, 42.5402259], [1.5231433, 42.5384541], [1.524545, 42.5375669], [1.5249129, 42.5368081], [1.5232045, 42.5363433], [1.5221373, 42.5349905], [1.5208797, 42.5338634], [1.5212904, 42.5324234], [1.5212611, 42.5308381], [1.5219702, 42.5294961], [1.5210411, 42.5281908], [1.5206972, 42.5265441], [1.5206898, 42.5263476], [1.5206622, 42.5268224], [1.5206933, 42.5250441], [1.521423, 42.523511], [1.5223104, 42.5219923], [1.5234815, 42.5207202], [1.5237437, 42.5202292], [1.5236568, 42.5203272], [1.5243627, 42.5186985], [1.5257433, 42.5176278], [1.5272582, 42.5167978], [1.5287915, 42.5159356], [1.5299875, 42.5146443], [1.5304309, 42.5130805], [1.5305313, 42.5116888], [1.5295957, 42.5106337], [1.5284903, 42.5093408], [1.5290176, 42.50985], [1.5276734, 42.5086794], [1.5259334, 42.5083538], [1.5242967, 42.5077835], [1.5225338, 42.507738], [1.5208676, 42.5075014], [1.5191907, 42.5070922], [1.5182585, 42.5063633], [1.5166545, 42.5057382], [1.5151094, 42.5049406], [1.5142805, 42.5039784], [1.5130524, 42.502701], [1.5115956, 42.501671], [1.5099816, 42.5009356], [1.5083927, 42.5001221], [1.5067986, 42.499327], [1.5051976, 42.4985323], [1.5035735, 42.4977859], [1.5020103, 42.4977083], [1.5006513, 42.4974382]], "mood_vectors": [[0.048, 0.0522, 0.0518, 0.022, 0.0668, 0.7142, 0.0449], [0.0531, 0.0458, 0.0472, 0.0868, 0.0933, 0.6036, 0.0702], [0.0277, 0.056, 0.0622, 0.071, 0.0246, 0.7073, 0.0512], [0.0603, 0.0688, 0.0295, 0.0439, 0.0362, 0.6875, 0.0739], [0.0434, 0.0352, 0.0255, 0.0498, 0.0457, 0.781, 0.0193], [0.0636, 0.0502, 0.07, 0.0708, 0.0541, 0.6602, 0.0311], [0.0433, 0.023, 0.0287, 0.0842, 0.095, 0.6913, 0.0344], [0.0782, 0.0777, 0.0283, 0.0448, 0.034, 0.7161, 0.0207], [0.0644, 0.0539, 0.0602, 0.0175, 0.0169, 0.7187, 0.0684], [0.0744, 0.0396, 0.0773, 0.043, 0.052, 0.6367, 0.0771], [0.022, 0.0734, 0.0591, 0.0663, 0.0441, 0.6797, 0.0554], [0.03, 0.0486, 0.0302, 0.0779, 0.068, 0.7282, 0.0171], [0.0561, 0.0748, 0.0643, 0.0697, 0.0171, 0.6567, 0.0613], [0.0795, 0.086, 0.0337, 0.0224, 0.043, 0.7141, 0.0213], [0.0625, 0.0526, 0.0443, 0.0609, 0.0715, 0.6596, 0.0485], [0.0577, 0.0639, 0.0183, 0.054, 0.057, 0.6802, 0.0689], [0.0433, 0.0172, 0.0951, 0.0549, 0.0561, 0.6375, 0.0959], [0.0697, 0.0697, 0.0746, 0.0157, 0.0919, 0.6444, 0.034], [0.0523, 0.0413, 0.0227, 0.0424, 0.0458, 0.7125, 0.0829], [0.0822, 0.0577, 0.0347, 0.042, 0.0593, 0.6664, 0.0577], [0.0638, 0.0239, 0.0293, 0.0771, 0.038, 0.7356, 0.0324], [0.0192, 0.0614, 0.0347, 0.0766, 0.0886, 0.6286, 0.0908], [0.0395, 0.0185, 0.0651, 0.019, 0.0748, 0.7364, 0.0466], [0.0351, 0.0446, 0.0865, 0.0694, 0.0846, 0.6344, 0.0455], [0.016, 0.044, 0.066, 0.0825, 0.0873, 0.6772, 0.027], [0.0707, 0.0632, 0.0403, 0.069, 0.0736, 0.6356, 0.0476], [0.0394, 0.0186, 0.0511, 0.0212, 0.0487, 0.7812, 0.0399], [0.0655, 0.0183, 0.0585, 0.0653, 0.0557, 0.6589, 0.0778], [0.0611, 0.0628, 0.064, 0.0399, 0.0387, 0.6637, 0.0698], [0.0892, 0.053, 0.0212, 0.0536, 0.0391, 0.6552, 0.0887], [0.0804, 0.0542, 0.0255, 0.0506, 0.0733, 0.6975, 0.0186], [0.0188, 0.0226, 0.0775, 0.0403, 0.0702, 0.7445, 0.026], [0.027, 0.0407, 0.0634, 0.0275, 0.0645, 0.7214, 0.0554], [0.0338, 0.0591, 0.0416, 0.0573, 0.0302, 0.7138, 0.0641], [0.0326, 0.0181, 0.0424, 0.0784, 0.0651, 0.7021, 0.0614], [0.0668, 0.0588, 0.042, 0.0566, 0.0474, 0.672, 0.0564], [0.0412, 0.1062, 0.0239, 0.0251, 0.1028, 0.6838, 0.017], [0.0365, 0.0724, 0.0189, 0.091, 0.0359, 0.6845, 0.0609], [0.0379, 0.0245, 0.0568, 0.0467, 0.0371, 0.7827, 0.0142], [0.0761, 0.0785, 0.0479, 0.0494, 0.0731, 0.6277, 0.0473], [0.0222, 0.035, 0.051, 0.0142, 0.0625, 0.7577, 0.0573], [0.0715, 0.0498, 0.0832, 0.0631, 0.0359, 0.6621, 0.0343], [0.0717, 0.0282, 0.0255, 0.0427, 0.0711, 0.6965, 0.0643], [0.0689, 0.061, 0.0345, 0.0847, 0.0205, 0.7077, 0.0227], [0.0374, 0.0271, 0.0571, 0.0531, 0.0897, 0.7094, 0.0261], [0.0646, 0.058, 0.0469, 0.0511, 0.0736, 0.6456, 0.0603], [0.061, 0.071, 0.0252, 0.0587, 0.025, 0.7421, 0.0169], [0.0663, 0.0407, 0.061, 0.076, 0.0799, 0.601, 0.075], [0.0532, 0.0889, 0.0317, 0.0248, 0.0671, 0.6935, 0.0409], [0.0723, 0.0729, 0.0305, 0.0298, 0.0717, 0.6552, 0.0676], [0.0283, 0.0458, 0.0262, 0.0235, 0.0506, 0.7847, 0.0408], [0.0463, 0.0217, 0.0203, 0.0734, 0.031, 0.7698, 0.0375], [0.0435, 0.0521, 0.0395, 0.0411, 0.0319, 0.7763, 0.0156], [0.0667, 0.0665, 0.0368, 0.069, 0.0747, 0.6554, 0.0309], [0.0135, 0.0589, 0.0234, 0.0228, 0.0272, 0.7969, 0.0572], [0.0472, 0.0637, 0.0305, 0.0441, 0.0844, 0.7112, 0.0189], [0.0578, 0.0389, 0.0526, 0.0462, 0.017, 0.7631, 0.0243], [0.0138, 0.0608, 0.0801, 0.0685, 0.0672, 0.6313, 0.0783], [0.0253, 0.0166, 0.024, 0.0264, 0.078, 0.8128, 0.0168], [0.0688, 0.0425, 0.041, 0.0198, 0.0552, 0.726, 0.0469], [0.0366, 0.0234, 0.0154, 0.0682, 0.0626, 0.7421, 0.0517], [0.0347, 0.0815, 0.0146, 0.023, 0.0591, 0.7363, 0.0508], [0.079, 0.0774, 0.0157, 0.0609, 0.024, 0.7102, 0.0327], [0.053, 0.075, 0.0147, 0.0733, 0.0219, 0.7372, 0.025], [0.0191, 0.0752, 0.0404, 0.0492, 0.0286, 0.7322, 0.0552], [0.0577, 0.0226, 0.0277, 0.0581, 0.0743, 0.6766, 0.083], [0.0563, 0.0579, 0.016, 0.0832, 0.0204, 0.7178, 0.0485], [0.0716, 0.0236, 0.0741, 0.0123, 0.0703, 0.7344, 0.0136], [0.0186, 0.1, 0.0993, 0.0623, 0.0399, 0.6299, 0.0501], [0.039, 0.061, 0.0305, 0.0198, 0.0706, 0.7006, 0.0785], [0.0497, 0.0647, 0.0455, 0.0316, 0.0236, 0.7717, 0.0132], [0.0636, 0.0727, 0.0132, 0.0477, 0.0616, 0.6904, 0.0509], [0.0289, 0.0209, 0.0646, 0.0435, 0.033, 0.7806, 0.0285], [0.0306, 0.0735, 0.0352, 0.0132, 0.0746, 0.7495, 0.0233], [0.0708, 0.072, 0.0732, 0.0532, 0.0363, 0.6364, 0.0581], [0.0743, 0.0189, 0.0586, 0.0434, 0.0807, 0.6422, 0.082], [0.0214, 0.019, 0.055, 0.0253, 0.0529, 0.7921, 0.0342], [0.0299, 0.0219, 0.0486, 0.0585, 0.0736, 0.7434, 0.0241], [0.0183, 0.043, 0.0758, 0.0797, 0.0386, 0.6643, 0.0803], [0.0188, 0.0421, 0.0804, 0.0888, 0.0924, 0.6527, 0.0247]], "emotions": ["purple", "purple", "purple", "purple", "purple", "purple", "purple", "purple", "purple", "purple", "purple", "purple", "purple", "purple", "purple", "purple", "purple", "purple", "purple", "purple", "purple", "purple", "purple", "purple", "purple", "purple", "purple", "purple", "purple", "purple", "purple", "purple", "purple", "purple", "purple", "purple", "purple", "purple", "purple", "purple", "purple", "purple", "purple", "purple", "purple", "purple", "purple", "purple", "purple", "purple", "purple", "purple", "purple", "purple", "purple", "purple", "purple", "purple", "purple", "purple", "purple", "purple", "purple", "purple", "purple", "purple", "purple", "purple", "purple", "purple", "purple", "purple", "purple", "purple", "purple", "purple", "purple", "purple", "purple", "purple"], "timestamps": [0, 40, 80, 120, 160, 200, 240, 280, 320, 360, 400, 440, 480, 520, 560, 600, 640, 680, 720, 760, 800, 840, 880, 920, 960, 1000, 1040, 1080, 1120, 1160, 1200, 1240, 1280, 1320, 1360, 1400, 1440, 1480, 1520, 1560, 1600, 1640, 1680, 1720, 1760, 1800, 1840, 1880, 1920, 1960, 2000, 2040, 2080, 2120, 2160, 2200, 2240, 2280, 2320, 2360, 2400, 2440, 2480, 2520, 2560, 2600, 2640, 2680, 2720, 2760, 2800, 2840, 2880, 2920, 2960, 3000, 3040, 3080, 3120, 3160]}], "conversation": [], "conversation_timestamps": []}