{"agent_id": "agent-purple-549", "type": "purple", "trips": [{"trip_id": 0, "transport_method": "foot", "start_time": 0, "path": [[1.5831776, 42.5343298], [1.5830367, 42.5336901], [1.5839342, 42.5348463], [1.5854016, 42.5354911], [1.5869954, 42.5355127], [1.5884579, 42.5356223], [1.5893732, 42.536963], [1.5909024, 42.5376575], [1.5918151, 42.5389232], [1.5922095, 42.5405016], [1.5917325, 42.5418861], [1.5917175, 42.5435261], [1.5915849, 42.5451094], [1.591684, 42.5467141], [1.5920313, 42.5474437], [1.5922042, 42.5488998], [1.5918494, 42.5505262], [1.5915497, 42.552156], [1.5913868, 42.5524411], [1.5908824, 42.5530695], [1.59053, 42.5541509], [1.5914525, 42.5552455], [1.5918006, 42.5568482], [1.5926821, 42.5577876], [1.593363, 42.5590701], [1.5937249, 42.5605662], [1.5937249, 42.5607599], [1.5937148, 42.5621989], [1.5950158, 42.5632623], [1.5963167, 42.5643258], [1.5952917, 42.5641133], [1.5938896, 42.5632675], [1.5936247, 42.5621135], [1.5949765, 42.5631115], [1.5963282, 42.5641096], [1.5978421, 42.5643979], [1.5990661, 42.5654178], [1.6004678, 42.5661722], [1.6015519, 42.5673811], [1.6030331, 42.5681641], [1.6045411, 42.5687523], [1.6051816, 42.5702571], [1.6067615, 42.5707444], [1.6083553, 42.5712547], [1.6099888, 42.5714666], [1.6115847, 42.5717626], [1.6132131, 42.5720296], [1.6148329, 42.5724468], [1.6162894, 42.5729272], [1.6178885, 42.5733974], [1.6193417, 42.5741734], [1.6209805, 42.5745319], [1.6222969, 42.5755429], [1.6238885, 42.5760445], [1.6254146, 42.5767026], [1.6266211, 42.5777897], [1.62829, 42.5776923], [1.6298417, 42.5783044], [1.6314701, 42.5784322], [1.6331286, 42.5781776], [1.6347223, 42.5779594], [1.6362276, 42.5779385], [1.6378821, 42.5782122], [1.6395562, 42.5781638], [1.6412247, 42.5781897], [1.6428783, 42.5779035], [1.6445185, 42.5775855], [1.6461723, 42.5773027], [1.6477436, 42.5769693], [1.6490921, 42.5760614], [1.6506433, 42.5755183], [1.6521508, 42.5748999], [1.6537161, 42.5749729], [1.6553583, 42.5748428], [1.6570346, 42.5747298], [1.6587042, 42.5745833], [1.6603706, 42.5743978], [1.6620491, 42.5743589], [1.6637196, 42.5742413], [1.6653968, 42.5742369]], "mood_vectors": [[0.0591, 0.0726, 0.0828, 0.0387, 0.0173, 0.7065, 0.0229], [0.0522, 0.0151, 0.0221, 0.0676, 0.0738, 0.7081, 0.061], [0.0427, 0.0229, 0.0728, 0.0172, 0.0729, 0.7351, 0.0364], [0.0696, 0.0371, 0.0374, 0.0498, 0.0949, 0.6712, 0.0399], [0.0726, 0.0217, 0.0705, 0.0357, 0.0815, 0.6336, 0.0844], [0.0223, 0.0861, 0.0206, 0.0215, 0.0418, 0.7118, 0.0958], [0.0818, 0.0598, 0.0251, 0.0521, 0.052, 0.6782, 0.051], [0.0696, 0.0206, 0.0399, 0.0745, 0.0112, 0.7554, 0.0288], [0.0807, 0.0356, 0.0498, 0.0867, 0.0284, 0.6712, 0.0476], [0.0194, 0.0199, 0.0219, 0.0564, 0.0277, 0.7974, 0.0574], [0.0189, 0.0354, 0.0527, 0.0276, 0.0347, 0.8121, 0.0185], [0.0537, 0.0421, 0.0636, 0.0371, 0.0542, 0.6846, 0.0646], [0.0852, 0.0277, 0.0942, 0.0564, 0.0499, 0.6527, 0.0339], [0.033, 0.0283, 0.045, 0.0138, 0.0155, 0.7916, 0.0728], [0.0581, 0.07, 0.06, 0.0736, 0.067, 0.5977, 0.0737], [0.0505, 0.049, 0.0566, 0.0614, 0.072, 0.6427, 0.0678], [0.0797, 0.0633, 0.0307, 0.0518, 0.0386, 0.6893, 0.0467], [0.0234, 0.0499, 0.0782, 0.0753, 0.0732, 0.6358, 0.0641], [0.0776, 0.0298, 0.0131, 0.0357, 0.0349, 0.7572, 0.0518], [0.0621, 0.0683, 0.0171, 0.0722, 0.0574, 0.6735, 0.0495], [0.0273, 0.0422, 0.0276, 0.0199, 0.0354, 0.7592, 0.0884], [0.0626, 0.0409, 0.0793, 0.0678, 0.0219, 0.6561, 0.0714], [0.069, 0.0767, 0.061, 0.0137, 0.054, 0.6487, 0.0769], [0.0476, 0.0224, 0.062, 0.0156, 0.0366, 0.7607, 0.055], [0.0352, 0.0159, 0.0957, 0.0799, 0.0267, 0.7259, 0.0207], [0.0342, 0.056, 0.023, 0.0191, 0.0509, 0.7796, 0.0372], [0.085, 0.0849, 0.0853, 0.0192, 0.0371, 0.6731, 0.0154], [0.0956, 0.0302, 0.0142, 0.0725, 0.0217, 0.7241, 0.0418], [0.0419, 0.0345, 0.0709, 0.0306, 0.0372, 0.7127, 0.0721], [0.0714, 0.0783, 0.0487, 0.0426, 0.0695, 0.64, 0.0494], [0.0268, 0.067, 0.0604, 0.0364, 0.0367, 0.7, 0.0726], [0.059, 0.0356, 0.0665, 0.0382, 0.0375, 0.7056, 0.0575], [0.0505, 0.0413, 0.0379, 0.0572, 0.0483, 0.7059, 0.0589], [0.0526, 0.0318, 0.0317, 0.0574, 0.0519, 0.7398, 0.0347], [0.0525, 0.0401, 0.0212, 0.0658, 0.0369, 0.7552, 0.0282], [0.0496, 0.0553, 0.0302, 0.061, 0.0409, 0.7256, 0.0373], [0.027, 0.0391, 0.0452, 0.0711, 0.0267, 0.7745, 0.0164], [0.0763, 0.0233, 0.0518, 0.0376, 0.0424, 0.7452, 0.0235], [0.0591, 0.0119, 0.0533, 0.0289, 0.0509, 0.724, 0.0718], [0.0426, 0.0802, 0.0285, 0.0893, 0.0723, 0.6298, 0.0574], [0.035, 0.0433, 0.0176, 0.0902, 0.0777, 0.7155, 0.0208], [0.0723, 0.0154, 0.0633, 0.061, 0.065, 0.6714, 0.0517], [0.0178, 0.0591, 0.048, 0.0442, 0.0443, 0.7031, 0.0835], [0.0596, 0.0299, 0.0255, 0.0436, 0.0838, 0.7185, 0.0391], [0.0584, 0.077, 0.048, 0.0736, 0.0328, 0.6885, 0.0218], [0.0203, 0.0663, 0.0703, 0.048, 0.0356, 0.7407, 0.0188], [0.0981, 0.065, 0.0358, 0.0195, 0.0566, 0.631, 0.094], [0.0149, 0.0326, 0.0365, 0.0204, 0.0122, 0.8172, 0.066], [0.0171, 0.0506, 0.0136, 0.0376, 0.0291, 0.799, 0.053], [0.0663, 0.0412, 0.0473, 0.0215, 0.0858, 0.6634, 0.0745], [0.0347, 0.0459, 0.0146, 0.0389, 0.035, 0.7574, 0.0735], [0.0228, 0.0777, 0.087, 0.0433, 0.0863, 0.5906, 0.0924], [0.0423, 0.0461, 0.0142, 0.0549, 0.0194, 0.7582, 0.0649], [0.0716, 0.0626, 0.0171, 0.0777, 0.0748, 0.6752, 0.021], [0.0745, 0.0674, 0.0791, 0.0771, 0.0268, 0.6591, 0.016], [0.0547, 0.0159, 0.0622, 0.0417, 0.084, 0.7158, 0.0257], [0.0615, 0.039, 0.0402, 0.1017, 0.0443, 0.654, 0.0592], [0.0447, 0.0419, 0.0235, 0.0611, 0.0587, 0.7113, 0.0589], [0.0339, 0.0935, 0.0798, 0.0308, 0.0843, 0.6488, 0.029], [0.0369, 0.018, 0.0229, 0.0505, 0.0567, 0.77, 0.0449], [0.0566, 0.0275, 0.0145, 0.0175, 0.0256, 0.7852, 0.073], [0.0701, 0.0246, 0.0384, 0.0603, 0.0199, 0.7471, 0.0396], [0.0422, 0.0215, 0.0314, 0.0411, 0.0322, 0.7669, 0.0647], [0.0133, 0.0774, 0.0213, 0.0738, 0.0772, 0.6736, 0.0634], [0.0815, 0.026, 0.0445, 0.0603, 0.0601, 0.6789, 0.0487], [0.0829, 0.0596, 0.0398, 0.0558, 0.0256, 0.6557, 0.0805], [0.0389, 0.0798, 0.0585, 0.0916, 0.0199, 0.6975, 0.0138], [0.0202, 0.0654, 0.0231, 0.0635, 0.0808, 0.6878, 0.0592], [0.0278, 0.0383, 0.0252, 0.0472, 0.0535, 0.7397, 0.0683], [0.0351, 0.0558, 0.0698, 0.066, 0.0803, 0.6225, 0.0704], [0.0247, 0.0399, 0.063, 0.0132, 0.0716, 0.7186, 0.069], [0.0377, 0.0404, 0.0776, 0.0704, 0.0295, 0.64, 0.1044], [0.0444, 0.0357, 0.0148, 0.0572, 0.0231, 0.7525, 0.0724], [0.0389, 0.0652, 0.0649, 0.0723, 0.072, 0.6484, 0.0384], [0.0362, 0.0528, 0.0826, 0.0728, 0.0667, 0.6605, 0.0283], [0.0433, 0.0874, 0.0645, 0.0773, 0.0424, 0.6648, 0.0202], [0.0219, 0.0686, 0.0314, 0.0481, 0.0534, 0.7498, 0.027], [0.0548, 0.0472, 0.0648, 0.066, 0.0204, 0.6722, 0.0747], [0.0695, 0.0682, 0.0613, 0.071, 0.0838, 0.6001, 0.0461], [0.0612, 0.0228, 0.0686, 0.0453, 0.0487, 0.703, 0.0503]], "emotions": ["purple", "purple", "purple", "purple", "purple", "purple", "purple", "purple", "purple", "purple", "purple", "purple", "purple", "purple", "purple", "purple", "purple", "purple", "purple", "purple", "purple", "purple", "purple", "purple", "purple", "purple", "purple", "purple", "purple", "purple", "purple", "purple", "purple", "purple", "purple", "purple", "purple", "purple", "purple", "purple", "purple", "purple", "purple", "purple", "purple", "purple", "purple", "purple", "purple", "purple", "purple", "purple", "purple", "purple", "purple", "purple", "purple", "purple", "purple", "purple", "purple", "purple", "purple", "purple", "purple", "purple", "purple", "purple", "purple", "purple", "purple", "purple", "purple", "purple", "purple", "purple", "purple", "purple", "purple", "purple"], "timestamps": [0, 40, 80, 120, 160, 200, 240, 280, 320, 360, 400, 440, 480, 520, 560, 600, 640, 680, 720, 760, 800, 840, 880, 920, 960, 1000, 1040, 1080, 1120, 1160, 1200, 1240, 1280, 1320, 1360, 1400, 1440, 1480, 1520, 1560, 1600, 1640, 1680, 1720, 1760, 1800, 1840, 1880, 1920, 1960, 2000, 2040, 2080, 2120, 2160, 2200, 2240, 2280, 2320, 2360, 2400, 2440, 2480, 2520, 2560, 2600, 2640, 2680, 2720, 2760, 2800, 2840, 2880, 2920, 2960, 3000, 3040, 3080, 3120, 3160]}], "conversation": [], "conversation_timestamps": []}