{"agent_id": "agent-green-1412", "type": "green", "trips": [{"trip_id": 0, "transport_method": "car", "start_time": 0, "path": [[1.5199173, 42.5069588], [1.5213904, 42.5075177], [1.5229386, 42.5077732], [1.5245815, 42.5078361], [1.5261003, 42.5084003], [1.527723, 42.5087066], [1.5289852, 42.5097867], [1.5295901, 42.511041], [1.5309054, 42.5119478], [1.5303256, 42.5134038], [1.5298067, 42.5147813], [1.528641, 42.5159295], [1.5271937, 42.5167654], [1.5268188, 42.517056], [1.5282784, 42.5162951], [1.5282173, 42.5162247], [1.5268158, 42.5171354], [1.5254144, 42.5180461], [1.5252193, 42.5181405], [1.5260463, 42.5174782], [1.5246867, 42.5184503], [1.5238492, 42.5197285], [1.5232386, 42.5212685], [1.5219903, 42.5223566], [1.5211804, 42.5237911], [1.5206126, 42.5253093], [1.5201385, 42.5268501], [1.5205169, 42.528299], [1.5202351, 42.529831], [1.5197786, 42.5310965], [1.5197201, 42.5326781], [1.5196956, 42.5342344], [1.5209147, 42.5353762], [1.5204915, 42.5364652], [1.5197299, 42.5379428], [1.5193418, 42.5395565], [1.5191873, 42.541088], [1.5181119, 42.5416936], [1.518663, 42.5414465], [1.517397, 42.5424496], [1.5163808, 42.5437315], [1.5152686, 42.5449594], [1.5143139, 42.5461599], [1.5134254, 42.5475215], [1.5126378, 42.5488874], [1.5115479, 42.5500393], [1.5101773, 42.5509865], [1.5088899, 42.5520365], [1.5088996, 42.5520381], [1.507638, 42.5531331], [1.5066565, 42.5543923], [1.5060378, 42.55589], [1.5049777, 42.5571682], [1.504659, 42.5587482], [1.5032328, 42.559528], [1.501895, 42.5604796], [1.500434, 42.5612457], [1.499132, 42.5616604], [1.497474, 42.5614796], [1.4959828, 42.5619477], [1.4948177, 42.5631234], [1.4932864, 42.5637347], [1.4919858, 42.5647232], [1.4908156, 42.5659118], [1.4897151, 42.5671591], [1.4886796, 42.5684421], [1.4888525, 42.5680569], [1.4879533, 42.5694657], [1.486728, 42.5705854], [1.487364, 42.5701314], [1.4860643, 42.5711389], [1.4845999, 42.5718096], [1.4837746, 42.5729626], [1.4825034, 42.5739797], [1.4815005, 42.5750505], [1.4810607, 42.5765832], [1.479935, 42.5777439], [1.4785758, 42.5781424], [1.4770333, 42.5787297], [1.4778646, 42.5796252]], "mood_vectors": [[0.0534, 0.0774, 0.068, 0.0445, 0.0478, 0.0698, 0.6392], [0.0565, 0.0696, 0.0607, 0.0443, 0.0445, 0.053, 0.6714], [0.0701, 0.0628, 0.0157, 0.0356, 0.0137, 0.0793, 0.7227], [0.0602, 0.0593, 0.0524, 0.0198, 0.0693, 0.0381, 0.7008], [0.0826, 0.063, 0.0307, 0.0821, 0.0245, 0.0845, 0.6326], [0.0707, 0.0224, 0.0482, 0.0333, 0.0335, 0.0834, 0.7085], [0.0504, 0.0393, 0.0509, 0.0449, 0.0355, 0.0919, 0.6871], [0.0565, 0.0299, 0.0512, 0.0535, 0.06, 0.0639, 0.6849], [0.0129, 0.0496, 0.0502, 0.0369, 0.0329, 0.0146, 0.803], [0.0624, 0.0237, 0.0617, 0.0321, 0.0819, 0.0743, 0.664], [0.0428, 0.022, 0.0918, 0.0744, 0.0317, 0.0406, 0.6967], [0.0789, 0.0365, 0.0672, 0.0589, 0.0572, 0.0891, 0.6122], [0.0598, 0.0551, 0.0747, 0.0197, 0.0606, 0.0652, 0.665], [0.073, 0.0581, 0.0621, 0.0344, 0.037, 0.0338, 0.7016], [0.0384, 0.0296, 0.0242, 0.0594, 0.0324, 0.0812, 0.7348], [0.0702, 0.0772, 0.0132, 0.0678, 0.0263, 0.0271, 0.7184], [0.072, 0.0407, 0.0448, 0.0538, 0.0786, 0.0592, 0.651], [0.0754, 0.0432, 0.0724, 0.0482, 0.0273, 0.0302, 0.7035], [0.0631, 0.0608, 0.0623, 0.0577, 0.0404, 0.028, 0.6876], [0.0504, 0.0259, 0.0969, 0.047, 0.0494, 0.0498, 0.6806], [0.0405, 0.0217, 0.0291, 0.0597, 0.0183, 0.0271, 0.8036], [0.0156, 0.0679, 0.0798, 0.0564, 0.03, 0.0263, 0.724], [0.0149, 0.0668, 0.0155, 0.0798, 0.0405, 0.0614, 0.7211], [0.0449, 0.0437, 0.0539, 0.0536, 0.0346, 0.0483, 0.721], [0.0359, 0.0527, 0.0697, 0.0594, 0.0797, 0.0719, 0.6306], [0.0219, 0.0284, 0.0484, 0.092, 0.0233, 0.0454, 0.7406], [0.0346, 0.0591, 0.0189, 0.0499, 0.0659, 0.0782, 0.6935], [0.0401, 0.0681, 0.0311, 0.0755, 0.0515, 0.0485, 0.6852], [0.0283, 0.0268, 0.0336, 0.0257, 0.0421, 0.0438, 0.7997], [0.0369, 0.0907, 0.0576, 0.0545, 0.0959, 0.034, 0.6305], [0.0551, 0.0689, 0.0145, 0.0729, 0.0763, 0.065, 0.6473], [0.0239, 0.0208, 0.0278, 0.0999, 0.0769, 0.0482, 0.7026], [0.0592, 0.0636, 0.0531, 0.0375, 0.0213, 0.0398, 0.7255], [0.0501, 0.0664, 0.0795, 0.0768, 0.0149, 0.0557, 0.6567], [0.0186, 0.0727, 0.0632, 0.0127, 0.0509, 0.0694, 0.7126], [0.0505, 0.0357, 0.0504, 0.013, 0.0574, 0.0784, 0.7147], [0.0255, 0.0711, 0.0748, 0.0242, 0.0511, 0.0687, 0.6847], [0.0239, 0.0475, 0.0133, 0.0146, 0.0419, 0.0296, 0.8291], [0.069, 0.0406, 0.0648, 0.0428, 0.0582, 0.0578, 0.6668], [0.0256, 0.0136, 0.0141, 0.0475, 0.0368, 0.0605, 0.802], [0.0359, 0.064, 0.0863, 0.0392, 0.0263, 0.0175, 0.7307], [0.0488, 0.065, 0.0785, 0.0183, 0.0251, 0.0448, 0.7195], [0.0414, 0.0193, 0.0258, 0.0427, 0.0798, 0.0574, 0.7335], [0.0257, 0.0149, 0.021, 0.0601, 0.0702, 0.0526, 0.7554], [0.081, 0.0274, 0.0846, 0.048, 0.078, 0.0502, 0.6307], [0.0251, 0.0436, 0.0241, 0.0822, 0.0689, 0.0834, 0.6728], [0.0734, 0.0316, 0.0594, 0.0618, 0.0335, 0.0304, 0.71], [0.0151, 0.0427, 0.0804, 0.0641, 0.017, 0.085, 0.6956], [0.0511, 0.0655, 0.0482, 0.054, 0.0605, 0.0654, 0.6553], [0.0562, 0.0545, 0.0521, 0.0195, 0.0448, 0.0242, 0.7487], [0.0353, 0.0655, 0.024, 0.0515, 0.0528, 0.0446, 0.7263], [0.0326, 0.0293, 0.0325, 0.0696, 0.0531, 0.0171, 0.7659], [0.0443, 0.0822, 0.0229, 0.0699, 0.0701, 0.0681, 0.6424], [0.0623, 0.0686, 0.0409, 0.0297, 0.0525, 0.0264, 0.7196], [0.0895, 0.0665, 0.0148, 0.0845, 0.0836, 0.0307, 0.6304], [0.044, 0.0344, 0.0704, 0.0331, 0.071, 0.0613, 0.6857], [0.0359, 0.0585, 0.0651, 0.0661, 0.0333, 0.0303, 0.7108], [0.0637, 0.0544, 0.0536, 0.0673, 0.0659, 0.0669, 0.6282], [0.0438, 0.0408, 0.0207, 0.0461, 0.0518, 0.0315, 0.7654], [0.0568, 0.0597, 0.0583, 0.0588, 0.0565, 0.043, 0.667], [0.0397, 0.0565, 0.0648, 0.0472, 0.0141, 0.0662, 0.7117], [0.07, 0.0264, 0.0392, 0.0492, 0.069, 0.0353, 0.711], [0.027, 0.0906, 0.0312, 0.0139, 0.0277, 0.0531, 0.7565], [0.0315, 0.0403, 0.0176, 0.0501, 0.0834, 0.0216, 0.7555], [0.0376, 0.0365, 0.0128, 0.0539, 0.0361, 0.052, 0.7711], [0.0836, 0.0152, 0.0421, 0.078, 0.0154, 0.0746, 0.6911], [0.0599, 0.0498, 0.0294, 0.055, 0.018, 0.0798, 0.7081], [0.0472, 0.094, 0.0247, 0.0473, 0.0275, 0.0683, 0.691], [0.0251, 0.0454, 0.0292, 0.0647, 0.0646, 0.0591, 0.712], [0.0418, 0.0161, 0.0207, 0.0778, 0.0499, 0.0775, 0.7163], [0.0694, 0.0411, 0.0361, 0.056, 0.0605, 0.0448, 0.692], [0.0734, 0.0312, 0.025, 0.0583, 0.0551, 0.0501, 0.707], [0.0303, 0.0843, 0.0201, 0.091, 0.0362, 0.0231, 0.7149], [0.0266, 0.0487, 0.0374, 0.017, 0.0684, 0.0723, 0.7297], [0.0531, 0.028, 0.0457, 0.0302, 0.0847, 0.0891, 0.6692], [0.0553, 0.0696, 0.0475, 0.0461, 0.0695, 0.0778, 0.6342], [0.0197, 0.076, 0.0201, 0.0758, 0.0593, 0.0189, 0.7302], [0.0402, 0.0232, 0.0226, 0.02, 0.0166, 0.0186, 0.8587], [0.0785, 0.0423, 0.0804, 0.0539, 0.0755, 0.025, 0.6443], [0.0897, 0.0195, 0.0688, 0.0852, 0.0275, 0.0944, 0.615]], "emotions": ["purple", "purple", "purple", "purple", "purple", "purple", "purple", "purple", "purple", "purple", "purple", "purple", "purple", "purple", "purple", "purple", "purple", "purple", "purple", "purple", "purple", "purple", "purple", "purple", "purple", "purple", "purple", "purple", "purple", "purple", "purple", "purple", "purple", "purple", "purple", "purple", "purple", "purple", "purple", "purple", "purple", "purple", "purple", "purple", "purple", "purple", "purple", "purple", "purple", "purple", "purple", "purple", "purple", "purple", "purple", "purple", "purple", "purple", "purple", "purple", "purple", "purple", "purple", "purple", "purple", "purple", "purple", "purple", "purple", "purple", "purple", "purple", "purple", "purple", "purple", "purple", "purple", "purple", "purple", "purple"], "timestamps": [0, 40, 80, 120, 160, 200, 240, 280, 320, 360, 400, 440, 480, 520, 560, 600, 640, 680, 720, 760, 800, 840, 880, 920, 960, 1000, 1040, 1080, 1120, 1160, 1200, 1240, 1280, 1320, 1360, 1400, 1440, 1480, 1520, 1560, 1600, 1640, 1680, 1720, 1760, 1800, 1840, 1880, 1920, 1960, 2000, 2040, 2080, 2120, 2160, 2200, 2240, 2280, 2320, 2360, 2400, 2440, 2480, 2520, 2560, 2600, 2640, 2680, 2720, 2760, 2800, 2840, 2880, 2920, 2960, 3000, 3040, 3080, 3120, 3160]}], "conversation": [], "conversation_timestamps": []}