{
  "agent_id": "agent-type-orange-22",
  "type": "orange",
  "trips": [
    {
      "trip_id": 0,
      "transport_method": "bicycle",
      "start_time": 0,
      "path": [
        [
          1.5205310000000003,
          42.50749189999999
        ],
        [
          1.5207672710381952,
          42.50721090637969
        ],
        [
          1.520831113577547,
          42.50694097916922
        ],
        [
          1.5205625902770399,
          42.5067661822709
        ],
        [
          1.5210097431687408,
          42.50682845748895
        ],
        [
          1.5209633870991361,
          42.506765443820036
        ],
        [
          1.5214071249863823,
          42.50714786942821
        ],
        [
          1.5218606983955245,
          42.507493460551686
        ],
        [
          1.5224198700230327,
          42.50747669994473
        ],
        [
          1.52222428336221,
          42.50701999412217
        ],
        [
          1.5218125833574714,
          42.50659085254232
        ],
        [
          1.5214327338536908,
          42.506143993644365
        ],
        [
          1.5208773613091742,
          42.50593134198964
        ],
        [
          1.5210745602888092,
          42.506058877190114
        ],
        [
          1.5210921457671764,
          42.50633510185049
        ],
        [
          1.5214142464730946,
          42.50642857752152
        ],
        [
          1.5212927301657233,
          42.506141437801524
        ],
        [
          1.520736530579838,
          42.5059309587999
        ],
        [
          1.5212148883846297,
          42.50606058080747
        ],
        [
          1.5217880594693876,
          42.50616860900509
        ],
        [
          1.5221749117142167,
          42.506312636412304
        ],
        [
          1.5227602362622887,
          42.506412247619714
        ],
        [
          1.523328078775118,
          42.50658892322666
        ],
        [
          1.5239070928680534,
          42.5067237999991
        ],
        [
          1.5244167201407113,
          42.50664927490727
        ],
        [
          1.5247903522017896,
          42.50676748256659
        ],
        [
          1.5250627000000008,
          42.50709489999999
        ]
      ],
      "emotions": [
        "green",
        "green",
        "green",
        "green",
        "green",
        "purple",
        "purple",
        "purple",
        "purple",
        "purple",
        "red",
        "red",
        "red",
        "red",
        "red",
        "red",
        "red",
        "red",
        "red",
        "red",
        "purple",
        "purple",
        "purple",
        "purple",
        "purple",
        "purple",
        "purple"
      ],
      "mood_vectors": [
        [
          0.06089620583486613,
          0.15003450027291307,
          0.09253304684256873,
          0.3266155611651007,
          0.0017492808558557489,
          0.20926482592027834,
          0.15890657910841718
        ],
        [
          0.26433477548691714,
          0.0362694517364313,
          0.1307563868225623,
          0.041525923429087376,
          0.21862964169371,
          0.24976207050978497,
          0.05872175032150686
        ],
        [
          0.169829829163033,
          0.033476960303716614,
          0.1465705723877248,
          0.15476235556974494,
          0.1000561991559531,
          0.21075630092830616,
          0.18454778249152146
        ],
        [
          0.2108911630838546,
          0.10164741784515936,
          0.06062901337742888,
          0.0769237020724785,
          0.21166399530116892,
          0.19568754731202664,
          0.142557161007883
        ],
        [
          0.1931183118636258,
          0.06342786065675324,
          0.08606648818540301,
          0.15858555663896254,
          0.2143497906213611,
          0.18405925568354714,
          0.10039273635034718
        ],
        [
          0.1566346218910003,
          0.09318725297085827,
          0.11025415250315874,
          0.11073451008094021,
          0.16893386627878673,
          0.034446769133011465,
          0.3258088271422442
        ],
        [
          0.023388233060485857,
          0.2417557361747732,
          0.00421806518796519,
          0.30065759890286264,
          0.05578484860473527,
          0.21056848536734327,
          0.16362703270183454
        ],
        [
          0.13981274754367287,
          0.23792380313594338,
          0.08648572784123415,
          0.2052917745188226,
          0.20975508971919343,
          0.044260668278789564,
          0.076470188962344
        ],
        [
          0.09161494353367687,
          0.16125755883381862,
          0.12466012687437074,
          0.22813863968253348,
          0.26797250185901644,
          0.05598628621298814,
          0.07036994300359573
        ],
        [
          0.2501369805768474,
          0.0027809335581513305,
          0.03415445169366932,
          0.20218730320923395,
          0.23648627078033618,
          0.24776830095365865,
          0.0264857592281031
        ],
        [
          0.20572026494806717,
          0.07357005866017897,
          0.20466236846448047,
          0.16139852991871553,
          0.19414138819047497,
          0.1426202005709813,
          0.01788718924710153
        ],
        [
          0.08208130336586437,
          0.22562331324217277,
          0.23529951931342719,
          0.04711560716935463,
          0.0385967598104364,
          0.28870290307490754,
          0.08258059402383709
        ],
        [
          0.18289112344524266,
          0.10778968362755831,
          0.005164106298028401,
          0.22016393665587303,
          0.011978414011466987,
          0.2512423076289411,
          0.2207704283328895
        ],
        [
          0.06115569660318688,
          0.1559104785576185,
          0.10332226494697891,
          0.2543621796590145,
          0.15243918607918314,
          0.06061848672995078,
          0.21219170742406737
        ],
        [
          0.2182832939136816,
          0.16285466362241655,
          0.1887353598158992,
          0.1251658395144485,
          0.09955982605674979,
          0.11393002633886544,
          0.09147099073793885
        ],
        [
          0.16609786648669622,
          0.23492833902618654,
          0.2615480580746361,
          0.049148952584184856,
          0.0992370260682421,
          0.08939154585514837,
          0.09964821190490569
        ],
        [
          0.18493340897989294,
          0.13670374394943688,
          0.05083830036918868,
          0.3274512825697955,
          0.019894785166765863,
          0.1634178164546389,
          0.11676066251028114
        ],
        [
          0.11542815825666136,
          0.1424857473051809,
          0.24172168301210134,
          0.08892473399385714,
          0.14966202284550376,
          0.23631800669019598,
          0.025459647896499536
        ],
        [
          0.06204399944863173,
          0.13128391709288845,
          0.16636573777565253,
          0.04957789475229655,
          0.08938234827837477,
          0.18515761045105084,
          0.3161884922011051
        ],
        [
          0.11857092698923556,
          0.1882718830145285,
          0.02939224481624543,
          0.0921144219816479,
          0.23286456963270616,
          0.20947150639165402,
          0.12931444717398244
        ],
        [
          0.13028835735597305,
          0.07627846118820854,
          0.21610060685605811,
          0.12589141586578523,
          0.15743756162241682,
          0.20041202059650795,
          0.0935915765150503
        ],
        [
          0.04993408612160837,
          0.2520304642303458,
          0.24201254260190364,
          0.18196669714100738,
          0.13615593392748376,
          0.12127699262869054,
          0.016623283348960443
        ],
        [
          0.15380177245278281,
          0.10848823058427168,
          0.22396042917985087,
          0.02603921651231451,
          0.16250738638467055,
          0.0512281932975223,
          0.2739747715885873
        ],
        [
          0.18586040365187198,
          0.18144448891666584,
          0.2164203841085969,
          0.221662014624729,
          0.09516897217578564,
          0.019401276870340836,
          0.08004245965200986
        ],
        [
          0.09918633121749024,
          0.234380317092631,
          0.09325187695006712,
          0.031188304429746242,
          0.2101230029617782,
          0.2686164940838104,
          0.06325367326447678
        ],
        [
          0.18160654088828873,
          0.06015109373539216,
          0.1162675658297471,
          0.14535531529730347,
          0.27938692583290303,
          0.12278540140728943,
          0.0944471570090761
        ],
        [
          0.03873046894228144,
          0.2610479701138373,
          0.10488066228848755,
          0.1269376411762174,
          0.04016479850407211,
          0.1903245109309577,
          0.23791394804414662
        ]
      ],
      "timestamps": [
        0,
        1,
        2,
        3,
        4,
        5,
        6,
        7,
        8,
        9,
        10,
        11,
        12,
        13,
        14,
        15,
        16,
        17,
        18,
        19,
        20,
        21,
        22,
        23,
        24,
        25,
        26
      ],
      "distance": 599.3
    },
    {
      "trip_id": 1,
      "transport_method": "car",
      "start_time": 27,
      "path": [
        [
          1.5250627000000008,
          42.50709489999999
        ],
        [
          1.524813934138155,
          42.506713483843356
        ],
        [
          1.525080173906685,
          42.506972582179316
        ],
        [
          1.5252340172399275,
          42.50659064042238
        ],
        [
          1.5252975074700281,
          42.506903154849624
        ],
        [
          1.5253637875530306,
          42.50686126181599
        ],
        [
          1.5256618060067497,
          42.50703875162616
        ],
        [
          1.5261839562061301,
          42.506937200415535
        ],
        [
          1.5263121246702065,
          42.507097707569635
        ],
        [
          1.526963623698869,
          42.50715027224151
        ],
        [
          1.5276151227275319,
          42.507202836913386
        ],
        [
          1.5277141620534822,
          42.50696192897062
        ],
        [
          1.5274235954717463,
          42.50638843049541
        ],
        [
          1.5269955269329665,
          42.50590276880284
        ],
        [
          1.5267603938320045,
          42.50611419775422
        ],
        [
          1.5270641214256917,
          42.506625998126694
        ],
        [
          1.5267354904431079,
          42.50614671281016
        ],
        [
          1.5269578604193343,
          42.50588668647118
        ],
        [
          1.5274054811590043,
          42.50635169795787
        ],
        [
          1.5274368508045817,
          42.50632916887623
        ],
        [
          1.5276831336620709,
          42.506043294017964
        ],
        [
          1.5270487894314564,
          42.50591798398048
        ],
        [
          1.5264544219684848,
          42.50565060800046
        ],
        [
          1.5261401550519902,
          42.50523682462995
        ],
        [
          1.526772574515106,
          42.50531702505836
        ],
        [
          1.5273868865637985,
          42.50543661341927
        ],
        [
          1.5278940000000005,
          42.505777300000005
        ]
      ],
      "emotions": [
        "purple",
        "purple",
        "purple",
        "purple",
        "purple",
        "purple",
        "purple",
        "purple",
        "green",
        "green",
        "green",
        "green",
        "green",
        "green",
        "green",
        "green",
        "green",
        "green",
        "red",
        "red",
        "red",
        "red",
        "red",
        "purple",
        "purple",
        "purple",
        "purple"
      ],
      "mood_vectors": [
        [
          0.1789594362107179,
          0.19877846258561585,
          0.1525695703701137,
          0.10938376162863919,
          0.10894555362183943,
          0.1357343220597428,
          0.11562889352333111
        ],
        [
          0.024060961214987017,
          0.30274534880854403,
          0.21678067285201547,
          0.09645443447169352,
          0.24250510149121998,
          0.036923298257442796,
          0.0805301829040972
        ],
        [
          0.06546272652704428,
          0.29486976168622653,
          0.11678969929608249,
          0.10947237963725409,
          0.21886069928502136,
          0.07581223390007533,
          0.11873249966829595
        ],
        [
          0.06574820738733614,
          0.0929598120914857,
          0.10493056014163386,
          0.28809231961159804,
          0.2547556616238916,
          0.08721358889979766,
          0.10629985024425695
        ],
        [
          0.06874755251770898,
          0.20407053682669277,
          0.10801367401701069,
          0.12277470878901851,
          0.20519823479099283,
          0.18403797113948542,
          0.10715732191909083
        ],
        [
          0.17124341581154653,
          0.21156149873524024,
          0.0171333628163446,
          0.17405148827480027,
          0.16824752939161902,
          0.04479392041227306,
          0.21296878455817628
        ],
        [
          0.33317123801455095,
          0.12311881032571237,
          0.14197964943044966,
          0.016756276546772638,
          0.08207105140774583,
          0.17934490952073012,
          0.1235580647540384
        ],
        [
          0.07205068074737722,
          0.02480106297195608,
          0.02887769598335923,
          0.22379358454169698,
          0.1239415657389099,
          0.2599967273560571,
          0.2665386826606435
        ],
        [
          0.10873968260088844,
          0.3294379493634473,
          0.32713096922698714,
          0.02037052748343025,
          0.11228077929085797,
          0.016265333640387344,
          0.0857747583940015
        ],
        [
          0.043556588679300026,
          0.16238175684785452,
          0.0055290655943281575,
          0.22465807122230194,
          0.20886231766429203,
          0.0946048156551405,
          0.26040738433678284
        ],
        [
          0.16844983527557444,
          0.08397145382093256,
          0.14427682546362783,
          0.1852891526523452,
          0.049699782505611516,
          0.2880168063347343,
          0.08029614394717415
        ],
        [
          0.16256519341047732,
          0.07477694597004407,
          0.23402660043607978,
          0.16072760869693095,
          0.25607659516285197,
          0.08623143979324245,
          0.02559561653037339
        ],
        [
          0.02260843138859395,
          0.11209370557035976,
          0.40998244520723803,
          0.0011071507743870429,
          0.11503808536957705,
          0.2740555855389447,
          0.06511459615089937
        ],
        [
          0.2237166440479331,
          0.2018060256995096,
          0.17564418948370103,
          0.07242843255236092,
          0.19401538130646048,
          0.13150597673716377,
          0.000883350172871107
        ],
        [
          0.1623806571618588,
          0.03922228523509702,
          0.08420591868905494,
          0.2422030984642984,
          0.24569892080864159,
          0.18921613900687378,
          0.03707298063417548
        ],
        [
          0.3070172207504265,
          0.05613390573172328,
          0.06208167643413146,
          0.09906878320048323,
          0.17741484970050742,
          0.07827092106979693,
          0.22001264311293117
        ],
        [
          0.14524889459996831,
          0.18106372146128089,
          0.06688936373043951,
          0.175918607892747,
          0.22464405234943863,
          0.1405587531338872,
          0.0656766068322384
        ],
        [
          0.06749266197081544,
          0.21304768218682715,
          0.09665192204842528,
          0.27622833772258903,
          0.07430671322157589,
          0.2441032118931965,
          0.028169470956570675
        ],
        [
          0.13519446434613464,
          0.10340153632815062,
          0.2060316173323234,
          0.19918792496530643,
          0.01075476759273141,
          0.12341388538195869,
          0.22201580405339483
        ],
        [
          0.06560316209625264,
          0.07273087323649532,
          0.10888064764761371,
          0.17529753544335583,
          0.2650509674419144,
          0.21008446824552085,
          0.10235234588884722
        ],
        [
          0.027677694365841162,
          0.2574469604007366,
          0.045274353824716874,
          0.19255178553356705,
          0.1367019236782344,
          0.10993164632839707,
          0.23041563586850686
        ],
        [
          0.05927034973669256,
          0.2913047147225269,
          0.1934176616578666,
          0.3313466365450824,
          0.031456138837610066,
          0.051645177945634946,
          0.04155932055458644
        ],
        [
          0.10220246878858345,
          0.26431716327500904,
          0.009608240773231904,
          0.04750229770336362,
          0.23623694300010395,
          0.1354664329568219,
          0.2046664535028862
        ],
        [
          0.16402107089617338,
          0.1791928626414643,
          0.1772469258882253,
          0.2090558244964562,
          0.10465476063003443,
          0.03991402277826138,
          0.125914532669385
        ],
        [
          0.2113010171793365,
          0.004128704398754599,
          0.20105845821557505,
          0.22530909621120884,
          0.0865314915108916,
          0.12332687918522484,
          0.1483443532990086
        ],
        [
          0.26730612875855037,
          0.13597434273045836,
          0.009524742948051237,
          0.05102764750244394,
          0.007734469143863836,
          0.323412361798541,
          0.20502030711809135
        ],
        [
          0.22233545734401752,
          0.07719209048730552,
          0.28480440917785915,
          0.04181765844545819,
          0.0005892718341933796,
          0.2850396059382045,
          0.08822150677296171
        ]
      ],
      "timestamps": [
        27,
        28,
        29,
        30,
        31,
        32,
        33,
        34,
        35,
        36,
        37,
        38,
        39,
        40,
        41,
        42,
        43,
        44,
        45,
        46,
        47,
        48,
        49,
        50,
        51,
        52,
        53
      ],
      "distance": 377.5
    },
    {
      "trip_id": 2,
      "transport_method": "bicycle",
      "start_time": 54,
      "path": [
        [
          1.5276381000000006,
          42.5060341
        ],
        [
          1.527738464203778,
          42.506992309352746
        ],
        [
          1.526758412618424,
          42.50713371526654
        ],
        [
          1.526842939595574,
          42.506915585494205
        ],
        [
          1.5262549749795173,
          42.50686645346476
        ],
        [
          1.527346515392285,
          42.507181164960215
        ],
        [
          1.5274689327234978,
          42.506480366210894
        ],
        [
          1.526721194922996,
          42.50616537772512
        ],
        [
          1.526845349126408,
          42.50596122772251
        ],
        [
          1.5275456814140154,
          42.50671849000466
        ],
        [
          1.5270923907315355,
          42.50716066150768
        ],
        [
          1.5256235642384026,
          42.507035171545716
        ],
        [
          1.524508214255716,
          42.506619930341564
        ],
        [
          1.5231670087940208,
          42.50659479312449
        ],
        [
          1.5217791920464152,
          42.50616724375657
        ],
        [
          1.5210113062562114,
          42.50603494037684
        ],
        [
          1.5211176954189747,
          42.50607520053764
        ],
        [
          1.5196985381556314,
          42.50568647727726
        ],
        [
          1.5183405997464277,
          42.50564212102351
        ],
        [
          1.519067435229179,
          42.50664523229807
        ],
        [
          1.5191294087151754,
          42.506914837688484
        ],
        [
          1.5178508022941064,
          42.50643110030028
        ],
        [
          1.5177510988053222,
          42.50729333955662
        ],
        [
          1.5172936501450471,
          42.506573517906695
        ],
        [
          1.5158582640581468,
          42.50664434311171
        ],
        [
          1.5157148450312896,
          42.507148943099565
        ],
        [
          1.5171228626702433,
          42.50755013835696
        ],
        [
          1.5183414,
          42.50837979999999
        ]
      ],
      "emotions": [
        "purple",
        "red",
        "red",
        "red",
        "red",
        "red",
        "purple",
        "purple",
        "purple",
        "purple",
        "purple",
        "green",
        "green",
        "green",
        "green",
        "green",
        "purple",
        "purple",
        "purple",
        "purple",
        "purple",
        "red",
        "red",
        "red",
        "red",
        "red",
        "red",
        "red"
      ],
      "mood_vectors": [
        [
          0.12837370437523804,
          0.1971948692629559,
          0.03888029428409758,
          0.18204493563904886,
          0.05000068924607999,
          0.21480495666074467,
          0.188700550531835
        ],
        [
          0.27773886910599543,
          0.1820946511598838,
          0.15218070244038934,
          0.028279940302672075,
          0.031436399020844864,
          0.10878223631438269,
          0.21948720165583177
        ],
        [
          0.28765171000601164,
          0.03588056700386589,
          0.18275290767056335,
          0.12103717908857303,
          0.031886654270141535,
          0.29638609829777074,
          0.04440488366307378
        ],
        [
          0.03501949031860058,
          0.06198285650462917,
          0.0860583576969036,
          0.28359187054145896,
          0.15074172927791699,
          0.2283556647616956,
          0.15425003089879505
        ],
        [
          0.1446626784178817,
          0.05873405689675695,
          0.16359225971863986,
          0.0806758707031076,
          0.1902732663417707,
          0.22160975703236613,
          0.14045211088947707
        ],
        [
          0.03238880397986645,
          0.0534558976876789,
          0.2569076316014203,
          0.04888556165755227,
          0.24631009867029346,
          0.09263627451923968,
          0.2694157318839489
        ],
        [
          0.13388794500497578,
          0.03949806495884964,
          0.045224293061779844,
          0.12131811640489135,
          0.30819625854070515,
          0.06825951752834776,
          0.2836158045004505
        ],
        [
          0.11898794464691628,
          0.24722812489229784,
          0.05514520072266719,
          0.0018355453469521752,
          0.3146379685663046,
          0.1262102947797607,
          0.13595492104510112
        ],
        [
          0.3231243267338203,
          0.12247675569107153,
          0.022325178404078393,
          0.14785348344813565,
          0.00677451378699678,
          0.3735153584615087,
          0.003930383474388762
        ],
        [
          0.19479558454711968,
          0.019566929415257787,
          0.2339066120136921,
          0.15754461010045712,
          0.13126420749142373,
          0.10784341178772855,
          0.1550786446443211
        ],
        [
          0.2105688071180473,
          0.09852272398041033,
          0.1191314975241976,
          0.20736182229967148,
          0.21083692826974607,
          0.03528223348178142,
          0.11829598732614574
        ],
        [
          0.1587747398513886,
          0.1530570730259824,
          0.09823344190850983,
          0.12484979264593482,
          0.1487688443340907,
          0.18375629311124872,
          0.13255981512284498
        ],
        [
          0.18335833374713192,
          0.10339502479651962,
          0.005184612410753066,
          0.1270859500627125,
          0.17757956002304948,
          0.19702472653018896,
          0.20637179242964446
        ],
        [
          0.11976252022473959,
          0.13327720381603206,
          0.2449695531986447,
          0.032889195487746464,
          0.2731645613154357,
          0.15566932043533266,
          0.040267645522068955
        ],
        [
          0.22206956978703452,
          0.07497818269861849,
          0.2192007098345986,
          0.016691469423071554,
          0.11206768299411153,
          0.16589156295002816,
          0.18910082231253714
        ],
        [
          0.13269212324137233,
          0.009490869960673937,
          0.05236360228836251,
          0.1779261707722341,
          0.0015503704170734052,
          0.2749755402360764,
          0.3510013230842073
        ],
        [
          0.12492632412849113,
          0.21499562266996206,
          0.12287542861480147,
          0.1048802810721256,
          0.010310471573053648,
          0.197492626214011,
          0.2245192457275551
        ],
        [
          0.3115220916627737,
          0.17754838543193274,
          0.07920162906623934,
          0.0013362629450004088,
          0.15712855891509858,
          0.06962874857300735,
          0.20363432340594778
        ],
        [
          0.2147328926891525,
          0.22391352021684965,
          0.21512034463993565,
          0.20497353372838606,
          0.033485994899811154,
          0.07457928023738461,
          0.0331944335884804
        ],
        [
          0.22994025788530945,
          0.11691343512939081,
          0.022921922948238308,
          0.09619804111659819,
          0.25359880683091635,
          0.1381333009176589,
          0.142294235171888
        ],
        [
          0.12869808538675875,
          0.14491442174618996,
          0.08965580590132673,
          0.014999797820548739,
          0.09495102906866877,
          0.2484783249062841,
          0.27830253517022285
        ],
        [
          0.22092850312104353,
          0.07273242739116627,
          0.13360161023044817,
          0.005843064413504694,
          0.06976601566316473,
          0.28823192970727063,
          0.20889644947340205
        ],
        [
          0.23942678909970877,
          0.03853036788788921,
          0.13225421857253591,
          0.0463242552604973,
          0.1799962992623252,
          0.32899841465206664,
          0.03446965526497699
        ],
        [
          0.41807719039145674,
          0.10577188361947831,
          0.02605244886774629,
          0.012444228621774016,
          0.18262198823043124,
          0.033022499250490174,
          0.22200976101862327
        ],
        [
          0.11747135430121801,
          0.08802472785032776,
          0.17400623525626982,
          0.10908534536381914,
          0.14820170666203478,
          0.15370872995050328,
          0.20950190061582724
        ],
        [
          0.027477654450086524,
          0.2321364199111403,
          0.042338578697820886,
          0.2288100897737226,
          0.24938901775894948,
          0.04622585461468082,
          0.17362238479359943
        ],
        [
          0.15422821648657303,
          0.07094927612086933,
          0.1677275234707617,
          0.1768495121242063,
          0.1400845371970018,
          0.19394398845068175,
          0.0962169461499061
        ],
        [
          0.20824685166366494,
          0.23299692764102936,
          0.14036134107591325,
          0.11738567460398718,
          0.09079327247915843,
          0.14515892467366692,
          0.06505700786257987
        ]
      ],
      "timestamps": [
        54,
        55,
        56,
        57,
        58,
        59,
        60,
        61,
        62,
        63,
        64,
        65,
        66,
        67,
        68,
        69,
        70,
        71,
        72,
        73,
        74,
        75,
        76,
        77,
        78,
        79,
        80,
        81
      ],
      "distance": 1284.4
    },
    {
      "trip_id": 3,
      "transport_method": "car",
      "start_time": 82,
      "path": [
        [
          1.5183414,
          42.50837979999999
        ],
        [
          1.5176832836552374,
          42.50792882945767
        ],
        [
          1.517987664689931,
          42.50789374222693
        ],
        [
          1.518620858942202,
          42.50826483415137
        ],
        [
          1.5193392763473457,
          42.50791789325544
        ],
        [
          1.5196424088314344,
          42.50838322793076
        ],
        [
          1.519570559854245,
          42.50797844647332
        ],
        [
          1.5201255904674311,
          42.507571349763
        ],
        [
          1.520842187414494,
          42.50781047510783
        ],
        [
          1.52154650427349,
          42.50818521410422
        ],
        [
          1.521245312173135,
          42.508346943586886
        ],
        [
          1.52162024032645,
          42.508363119940356
        ],
        [
          1.5223693472753062,
          42.508450489286645
        ],
        [
          1.5218171649371823,
          42.50836830014189
        ],
        [
          1.522398645873123,
          42.50850098759474
        ],
        [
          1.5231734734883715,
          42.508338160130016
        ],
        [
          1.5238729121410326,
          42.50870389524609
        ],
        [
          1.5239774000000006,
          42.5089669
        ]
      ],
      "emotions": [
        "red",
        "red",
        "red",
        "green",
        "green",
        "green",
        "green",
        "green",
        "purple",
        "purple",
        "purple",
        "purple",
        "purple",
        "purple",
        "purple",
        "purple",
        "purple",
        "purple"
      ],
      "mood_vectors": [
        [
          0.1714714468062988,
          0.1355193207322163,
          0.15663288010349194,
          0.17867976293318427,
          0.18975443109790152,
          0.10696593944909924,
          0.06097621887780799
        ],
        [
          0.1742666812726704,
          0.186146444984223,
          0.008403980714274726,
          0.16676426539163233,
          0.14631077328923214,
          0.051167060639379425,
          0.2669407937085879
        ],
        [
          0.05850084366324853,
          0.07131280445308752,
          0.17880069280703967,
          0.12950656266759591,
          0.12326851411122498,
          0.23275676855839225,
          0.20585381373941114
        ],
        [
          0.1427789402467176,
          0.08579654295990798,
          0.2139502148746832,
          0.198371646620097,
          0.22403417221644562,
          0.006652679818439867,
          0.12841580326370872
        ],
        [
          0.045901130346173005,
          0.06497116299778609,
          0.20634432263711727,
          0.188525137313557,
          0.18428908667729227,
          0.11274905629851892,
          0.19722010372955545
        ],
        [
          0.20833623986710662,
          0.22119776037121838,
          0.11376905953762659,
          0.15662399521382683,
          0.011603084186799844,
          0.07969255995817649,
          0.20877730086524526
        ],
        [
          0.19087463522187142,
          0.0030575206419076978,
          0.1580019319293294,
          0.054253130973714876,
          0.1726581844265061,
          0.265152735122823,
          0.15600186168384741
        ],
        [
          0.2866480296251147,
          0.048500758247783056,
          0.11562386372627696,
          0.19040653729934115,
          0.039508685587059396,
          0.14966935778263532,
          0.16964276773178943
        ],
        [
          0.22119630978997218,
          0.003973943505885606,
          0.02840646325472099,
          0.190164483443477,
          0.15773089750145225,
          0.2259718808608173,
          0.17255602164367476
        ],
        [
          0.01729697915986938,
          0.18104458440626886,
          0.04118330992295003,
          0.2285673581074971,
          0.14697210741160988,
          0.14345015059977614,
          0.24148551039202856
        ],
        [
          0.24122849325588466,
          0.023666922948030304,
          0.1471146154834995,
          0.06107558145379159,
          0.10108320488605081,
          0.216389405970955,
          0.20944177600178807
        ],
        [
          0.1666897160169662,
          0.06350252879661655,
          0.21551576951280885,
          0.042210648312564665,
          0.23561981075377664,
          0.09117637062430271,
          0.18528515598296433
        ],
        [
          0.20387068448775675,
          0.1408745191509725,
          0.12006540173625081,
          0.18923918396117562,
          0.0819468989576276,
          0.22881323473640428,
          0.03519007696981243
        ],
        [
          0.24283783561887623,
          0.014490092529102152,
          0.12269085039018598,
          0.024466462657154745,
          0.19763469424041386,
          0.24604410600613497,
          0.15183595855813198
        ],
        [
          0.18724135018595683,
          0.26070979286231766,
          0.14919081691783728,
          0.17813329667289243,
          0.17167285698100934,
          0.034068506747838255,
          0.018983379632148138
        ],
        [
          0.24846641751153054,
          0.12102919350971156,
          0.00045278733135832485,
          0.09624475872752078,
          0.2600627338003683,
          0.18864927931341316,
          0.08509482980609738
        ],
        [
          0.22911785582086852,
          0.1238983427932282,
          0.228995291008009,
          0.27173525211405875,
          0.049751039591660585,
          0.04266659661534973,
          0.05383562205682524
        ],
        [
          0.10093582241898447,
          0.17902937019016674,
          0.17975816112593682,
          0.07137085099753732,
          0.15729705567143046,
          0.13784907107851715,
          0.1737596685174271
        ]
      ],
      "timestamps": [
        82,
        83,
        84,
        85,
        86,
        87,
        88,
        89,
        90,
        91,
        92,
        93,
        94,
        95,
        96,
        97,
        98,
        99
      ],
      "distance": 1064.3
    }
  ],
  "conversation": [
    "Almost forgot my keys!",
    "I wonder what that shop sells — never seen it open.",
    "Ugh, stepped in eucalyptus again."
  ],
  "conversation_timestamps": [
    0,
    7,
    15
  ]
}
