{"agent_id": "agent-blue-765", "type": "blue", "trips": [{"trip_id": 0, "transport_method": "bus", "start_time": 0, "path": [[1.540477, 42.5165466], [1.5384856, 42.5163301], [1.5386321, 42.5161488], [1.540365, 42.5151666], [1.5421153, 42.513383], [1.54203, 42.5110556], [1.5441719, 42.5098331], [1.5478798, 42.5116343], [1.550359, 42.5121345], [1.5524803, 42.5135726], [1.5537502, 42.5168687], [1.5569387, 42.5195649], [1.559513, 42.5218824], [1.5625559, 42.5243852], [1.566503, 42.5260511], [1.5701198, 42.5284078], [1.5734534, 42.5302086], [1.5773426, 42.5317397], [1.578952, 42.5317475], [1.5832586, 42.5319148], [1.5867621, 42.5344054], [1.5904474, 42.5356009], [1.5946207, 42.5363842], [1.5983321, 42.5364894], [1.6026168, 42.5368984], [1.6065182, 42.5363859], [1.6107768, 42.5363163], [1.6150498, 42.5364995], [1.6192759, 42.5370224], [1.6161827, 42.5351376], [1.6203918, 42.5356797], [1.6246851, 42.5351729], [1.6252805, 42.5374906], [1.6270388, 42.5385428], [1.6254034, 42.5381933], [1.6296801, 42.5388445], [1.6339474, 42.539132], [1.6380694, 42.5400273], [1.642005, 42.5414759], [1.6459627, 42.5418568], [1.6498541, 42.5419016], [1.6538649, 42.5420386], [1.6579445, 42.5406735], [1.6578335, 42.5407414], [1.6580706, 42.5406141], [1.6621365, 42.5392916], [1.6664766, 42.5392499], [1.6708166, 42.5392081], [1.6683977, 42.5391581], [1.6642375, 42.5388866], [1.6623067, 42.5384068], [1.664777, 42.5392242], [1.6691161, 42.5391251], [1.6734065, 42.5391], [1.6756553, 42.5382524], [1.6795308, 42.5401686], [1.6833254, 42.542155], [1.684038, 42.545815], [1.6821033, 42.548811], [1.6797556, 42.5510179], [1.6816476, 42.553478], [1.6853429, 42.5550345], [1.6870342, 42.5561261], [1.6882975, 42.5578241], [1.6891036, 42.5570349], [1.6920566, 42.553858], [1.6953797, 42.5510988], [1.69814, 42.5478218], [1.7015128, 42.5451621], [1.7057845, 42.5444554], [1.7101143, 42.5441552], [1.7144511, 42.5440002], [1.7187893, 42.543866], [1.7231275, 42.5437575], [1.7274346, 42.5441883], [1.7314502, 42.5457992], [1.7345822, 42.5467989], [1.7345578, 42.5458858], [1.7337882, 42.5433971], [1.7314411, 42.541767]], "mood_vectors": [[0.0161, 0.0744, 0.0382, 0.7015, 0.0653, 0.0748, 0.0296], [0.0292, 0.0666, 0.0682, 0.6665, 0.0323, 0.0779, 0.0593], [0.0787, 0.0769, 0.057, 0.6146, 0.0459, 0.0518, 0.075], [0.0266, 0.0276, 0.0625, 0.7012, 0.0622, 0.06, 0.0599], [0.0505, 0.0171, 0.0504, 0.7481, 0.0495, 0.069, 0.0154], [0.0782, 0.0429, 0.0303, 0.6853, 0.0647, 0.0247, 0.0739], [0.0385, 0.0471, 0.0479, 0.7213, 0.0462, 0.0311, 0.068], [0.0684, 0.0727, 0.0409, 0.7303, 0.0257, 0.035, 0.027], [0.0679, 0.0717, 0.0855, 0.6443, 0.0856, 0.0172, 0.0277], [0.0403, 0.0647, 0.0163, 0.775, 0.0186, 0.0709, 0.0142], [0.0217, 0.0473, 0.057, 0.6876, 0.0174, 0.073, 0.096], [0.0589, 0.0568, 0.0644, 0.6707, 0.0649, 0.0375, 0.0468], [0.0208, 0.0412, 0.0256, 0.7771, 0.0556, 0.0407, 0.039], [0.0555, 0.0351, 0.0183, 0.7836, 0.0187, 0.0484, 0.0405], [0.05, 0.0541, 0.04, 0.6574, 0.0896, 0.0468, 0.0621], [0.0448, 0.0233, 0.0411, 0.7407, 0.0306, 0.0645, 0.055], [0.0423, 0.0521, 0.0594, 0.7205, 0.0328, 0.0334, 0.0595], [0.0426, 0.045, 0.0391, 0.7716, 0.0256, 0.0177, 0.0584], [0.0778, 0.0432, 0.0634, 0.6877, 0.0376, 0.0596, 0.0306], [0.0355, 0.0606, 0.0738, 0.7158, 0.0209, 0.051, 0.0424], [0.0561, 0.0552, 0.0219, 0.6847, 0.0623, 0.0443, 0.0755], [0.0513, 0.0696, 0.0652, 0.61, 0.0783, 0.0589, 0.0667], [0.0341, 0.0175, 0.0764, 0.7065, 0.0228, 0.081, 0.0616], [0.0179, 0.0258, 0.0226, 0.7321, 0.0798, 0.0848, 0.0371], [0.0387, 0.0189, 0.0525, 0.8037, 0.0233, 0.0431, 0.0197], [0.0227, 0.0455, 0.0698, 0.662, 0.0818, 0.0709, 0.0472], [0.0365, 0.0709, 0.0517, 0.7312, 0.018, 0.0647, 0.027], [0.041, 0.0669, 0.0528, 0.7511, 0.0306, 0.0327, 0.0249], [0.0879, 0.0466, 0.023, 0.681, 0.0567, 0.0698, 0.035], [0.0528, 0.0382, 0.0276, 0.7331, 0.0796, 0.031, 0.0377], [0.0196, 0.0676, 0.0434, 0.7713, 0.0629, 0.0139, 0.0213], [0.0304, 0.038, 0.098, 0.6687, 0.03, 0.0452, 0.0897], [0.0261, 0.031, 0.0805, 0.6885, 0.0681, 0.0566, 0.0491], [0.063, 0.0402, 0.0478, 0.6612, 0.0711, 0.0517, 0.065], [0.0884, 0.0265, 0.0654, 0.7463, 0.0359, 0.0209, 0.0167], [0.0701, 0.085, 0.0644, 0.6237, 0.0593, 0.038, 0.0595], [0.0563, 0.0277, 0.0672, 0.7295, 0.062, 0.0381, 0.0194], [0.0209, 0.0397, 0.0656, 0.7277, 0.0633, 0.0476, 0.0352], [0.0555, 0.0621, 0.0902, 0.5948, 0.0892, 0.0419, 0.0663], [0.0191, 0.0949, 0.0986, 0.6725, 0.0346, 0.0515, 0.0288], [0.017, 0.0792, 0.0312, 0.6401, 0.0707, 0.0696, 0.0922], [0.0616, 0.0978, 0.0841, 0.5915, 0.0661, 0.0425, 0.0566], [0.0675, 0.0222, 0.0491, 0.7351, 0.0468, 0.0599, 0.0194], [0.0227, 0.0227, 0.0871, 0.7658, 0.0231, 0.0489, 0.0298], [0.0936, 0.0531, 0.0399, 0.6558, 0.0372, 0.0511, 0.0693], [0.0471, 0.0318, 0.0623, 0.6982, 0.0913, 0.0249, 0.0445], [0.0677, 0.0177, 0.0583, 0.6396, 0.0814, 0.0609, 0.0743], [0.0795, 0.0507, 0.0259, 0.7184, 0.0608, 0.0186, 0.046], [0.081, 0.0296, 0.0315, 0.6774, 0.0515, 0.0802, 0.0488], [0.0839, 0.0681, 0.0664, 0.6432, 0.0787, 0.032, 0.0277], [0.0356, 0.0617, 0.0721, 0.6473, 0.0205, 0.0755, 0.0873], [0.047, 0.0678, 0.0198, 0.7257, 0.0466, 0.0457, 0.0475], [0.037, 0.0335, 0.0251, 0.7427, 0.0682, 0.0546, 0.0389], [0.0853, 0.0834, 0.0555, 0.5684, 0.0876, 0.074, 0.0458], [0.0524, 0.054, 0.0179, 0.7402, 0.0334, 0.0676, 0.0346], [0.0706, 0.0171, 0.0285, 0.6979, 0.0504, 0.0734, 0.062], [0.0555, 0.0535, 0.0276, 0.7585, 0.0326, 0.0297, 0.0427], [0.0152, 0.0224, 0.0566, 0.7235, 0.086, 0.0235, 0.0729], [0.0744, 0.0417, 0.0592, 0.6806, 0.029, 0.0794, 0.0358], [0.0545, 0.0646, 0.0199, 0.6648, 0.0655, 0.0582, 0.0724], [0.0192, 0.0265, 0.0579, 0.8009, 0.0123, 0.0136, 0.0695], [0.0448, 0.0995, 0.0289, 0.6824, 0.0326, 0.0514, 0.0605], [0.047, 0.0307, 0.0284, 0.7283, 0.0611, 0.0581, 0.0463], [0.0247, 0.0725, 0.0603, 0.7267, 0.0578, 0.0355, 0.0224], [0.0427, 0.0303, 0.0619, 0.6652, 0.0825, 0.0357, 0.0817], [0.0353, 0.0554, 0.0443, 0.644, 0.0673, 0.0755, 0.0783], [0.0782, 0.0366, 0.0291, 0.6743, 0.085, 0.0748, 0.0221], [0.0654, 0.0498, 0.0209, 0.6939, 0.0501, 0.0731, 0.047], [0.0488, 0.0583, 0.0445, 0.7133, 0.0115, 0.0667, 0.057], [0.0204, 0.0531, 0.0385, 0.7204, 0.0846, 0.0671, 0.0158], [0.0473, 0.0847, 0.0588, 0.6173, 0.073, 0.0258, 0.0931], [0.0194, 0.089, 0.0592, 0.6446, 0.0476, 0.0891, 0.0512], [0.092, 0.0384, 0.0585, 0.6945, 0.0226, 0.0485, 0.0454], [0.0655, 0.0405, 0.0424, 0.6944, 0.0559, 0.0677, 0.0336], [0.0525, 0.0844, 0.0207, 0.715, 0.0874, 0.0241, 0.0159], [0.0306, 0.0418, 0.0837, 0.6988, 0.05, 0.0564, 0.0389], [0.0379, 0.0376, 0.016, 0.7247, 0.0647, 0.0578, 0.0614], [0.0649, 0.0466, 0.0287, 0.7612, 0.0114, 0.0415, 0.0456], [0.087, 0.0236, 0.0813, 0.6843, 0.0171, 0.0713, 0.0354], [0.0355, 0.0624, 0.068, 0.6584, 0.0702, 0.0546, 0.0509]], "emotions": ["green", "green", "green", "green", "green", "green", "green", "green", "green", "green", "green", "green", "green", "green", "green", "green", "green", "green", "green", "green", "green", "green", "green", "green", "green", "green", "green", "green", "green", "green", "green", "green", "green", "green", "green", "green", "green", "green", "green", "green", "green", "green", "green", "green", "green", "green", "green", "green", "green", "green", "green", "green", "green", "green", "green", "green", "green", "green", "green", "green", "green", "green", "green", "green", "green", "green", "green", "green", "green", "green", "green", "green", "green", "green", "green", "green", "green", "green", "green", "green"], "timestamps": [0, 40, 80, 120, 160, 200, 240, 280, 320, 360, 400, 440, 480, 520, 560, 600, 640, 680, 720, 760, 800, 840, 880, 920, 960, 1000, 1040, 1080, 1120, 1160, 1200, 1240, 1280, 1320, 1360, 1400, 1440, 1480, 1520, 1560, 1600, 1640, 1680, 1720, 1760, 1800, 1840, 1880, 1920, 1960, 2000, 2040, 2080, 2120, 2160, 2200, 2240, 2280, 2320, 2360, 2400, 2440, 2480, 2520, 2560, 2600, 2640, 2680, 2720, 2760, 2800, 2840, 2880, 2920, 2960, 3000, 3040, 3080, 3120, 3160]}], "conversation": [], "conversation_timestamps": []}