{"agent_id": "agent-purple-1404", "type": "purple", "trips": [{"trip_id": 0, "transport_method": "foot", "start_time": 0, "path": [[1.5253027, 42.5090063], [1.525667, 42.5097057], [1.5264593, 42.5101799], [1.527038, 42.5105025], [1.5263484, 42.5099329], [1.5266366, 42.5100465], [1.5275174, 42.5104434], [1.5283981, 42.5108404], [1.5292789, 42.5112374], [1.5294411, 42.5113799], [1.5284847, 42.5112603], [1.527573, 42.5109418], [1.5274428, 42.5108501], [1.5283758, 42.5111009], [1.5293088, 42.5113517], [1.5302417, 42.5116025], [1.5309824, 42.5121322], [1.5305194, 42.5129496], [1.5302889, 42.5138662], [1.5299988, 42.5146361], [1.5292988, 42.5152755], [1.5286237, 42.5159395], [1.5277871, 42.5164226], [1.5269505, 42.5169058], [1.5264136, 42.5171603], [1.5272803, 42.5167834], [1.52813, 42.516364], [1.5288949, 42.5158009], [1.5281358, 42.5162777], [1.5273257, 42.5168041], [1.5265156, 42.5173305], [1.5257056, 42.5178569], [1.5248955, 42.5183833], [1.5251502, 42.5181924], [1.5258421, 42.5175231], [1.5259044, 42.5175796], [1.5251185, 42.5181416], [1.524342, 42.5187156], [1.523884, 42.5194608], [1.5236721, 42.5203971], [1.5232441, 42.5212612], [1.5224929, 42.5218573], [1.5218756, 42.5225802], [1.521478, 42.5234489], [1.5208787, 42.5242047], [1.5206184, 42.5251166], [1.5205745, 42.5260812], [1.5200945, 42.5269019], [1.5201444, 42.5277829], [1.5206255, 42.5286079], [1.5204512, 42.5295233], [1.5197313, 42.5301173], [1.5198068, 42.5309846], [1.5195674, 42.5318831], [1.5197406, 42.5328219], [1.5194847, 42.5337393], [1.519984, 42.5345203], [1.5206844, 42.5351852], [1.5212831, 42.5357703], [1.5213979, 42.5360487], [1.5207489, 42.5367573], [1.5203856, 42.5376117], [1.5201205, 42.5385396], [1.5199208, 42.5394801], [1.5200924, 42.5404219], [1.5196956, 42.5411957], [1.5188817, 42.5417151], [1.5181539, 42.5423356], [1.5176082, 42.5431262], [1.5170769, 42.5439249], [1.5172788, 42.5445049], [1.5182276, 42.544526], [1.5187757, 42.5451493], [1.5196663, 42.5454446], [1.5187912, 42.5455062], [1.5178282, 42.5455824], [1.5177036, 42.5457695], [1.5186677, 42.5457073], [1.51836, 42.5459229], [1.5174315, 42.5461856]], "mood_vectors": [[0.0398, 0.0423, 0.0207, 0.0484, 0.0215, 0.7683, 0.0591], [0.0938, 0.0821, 0.018, 0.041, 0.0184, 0.7266, 0.0202], [0.0124, 0.0577, 0.0607, 0.0567, 0.0606, 0.7021, 0.0499], [0.0352, 0.0608, 0.0764, 0.0878, 0.0779, 0.6403, 0.0215], [0.0719, 0.0766, 0.0287, 0.0387, 0.0166, 0.7033, 0.0643], [0.0772, 0.0396, 0.0672, 0.0309, 0.0448, 0.715, 0.0254], [0.0686, 0.0738, 0.0616, 0.0323, 0.0413, 0.6722, 0.0502], [0.021, 0.0758, 0.0666, 0.0364, 0.0519, 0.67, 0.0783], [0.0734, 0.0214, 0.0687, 0.014, 0.0218, 0.7153, 0.0853], [0.0633, 0.0501, 0.0685, 0.0577, 0.0358, 0.6605, 0.0642], [0.0514, 0.0345, 0.045, 0.0755, 0.017, 0.7044, 0.0721], [0.0528, 0.0531, 0.0149, 0.0768, 0.0346, 0.7135, 0.0542], [0.0701, 0.056, 0.0135, 0.057, 0.0624, 0.6707, 0.0703], [0.0586, 0.074, 0.0773, 0.0778, 0.0245, 0.6649, 0.023], [0.0523, 0.0194, 0.0425, 0.0617, 0.0506, 0.7171, 0.0564], [0.0496, 0.0651, 0.0397, 0.0524, 0.066, 0.6648, 0.0624], [0.0889, 0.0341, 0.1018, 0.0351, 0.0193, 0.6718, 0.0491], [0.0354, 0.08, 0.0506, 0.0746, 0.055, 0.6672, 0.0371], [0.0609, 0.0772, 0.0673, 0.0612, 0.0425, 0.6205, 0.0705], [0.0587, 0.0306, 0.057, 0.0148, 0.073, 0.6984, 0.0674], [0.0693, 0.0927, 0.0399, 0.0867, 0.049, 0.6186, 0.0438], [0.0268, 0.0336, 0.0759, 0.0126, 0.0587, 0.7228, 0.0696], [0.0292, 0.0582, 0.0304, 0.0591, 0.0764, 0.6898, 0.057], [0.0732, 0.0524, 0.0334, 0.0723, 0.0751, 0.646, 0.0475], [0.0258, 0.0248, 0.0479, 0.0749, 0.0677, 0.7209, 0.0379], [0.0678, 0.0213, 0.0265, 0.0241, 0.0398, 0.7372, 0.0834], [0.0732, 0.0243, 0.036, 0.0741, 0.0561, 0.6665, 0.0698], [0.0783, 0.0484, 0.0629, 0.0752, 0.0668, 0.6139, 0.0546], [0.0782, 0.0228, 0.0436, 0.0373, 0.0623, 0.6858, 0.0699], [0.0537, 0.037, 0.0709, 0.0247, 0.039, 0.7212, 0.0535], [0.0311, 0.0563, 0.066, 0.0651, 0.0573, 0.7041, 0.0202], [0.0462, 0.0238, 0.0677, 0.0736, 0.0752, 0.678, 0.0356], [0.0831, 0.0581, 0.059, 0.0463, 0.0546, 0.6693, 0.0296], [0.0567, 0.0703, 0.0628, 0.069, 0.0735, 0.633, 0.0347], [0.0452, 0.0619, 0.0464, 0.0239, 0.0131, 0.7667, 0.0428], [0.0282, 0.0782, 0.0809, 0.061, 0.0908, 0.5942, 0.0666], [0.0354, 0.0747, 0.0593, 0.0534, 0.0187, 0.7, 0.0585], [0.0414, 0.0573, 0.078, 0.0789, 0.0805, 0.6267, 0.0371], [0.026, 0.0358, 0.0322, 0.081, 0.0796, 0.6774, 0.068], [0.0213, 0.0739, 0.0702, 0.0558, 0.0188, 0.724, 0.0361], [0.0316, 0.0708, 0.0192, 0.0614, 0.0232, 0.7184, 0.0754], [0.0595, 0.068, 0.0157, 0.0574, 0.0602, 0.7036, 0.0357], [0.0667, 0.0614, 0.0844, 0.0277, 0.0174, 0.7174, 0.0251], [0.0686, 0.0599, 0.0638, 0.0144, 0.0324, 0.6941, 0.0669], [0.0352, 0.0119, 0.0395, 0.0682, 0.075, 0.721, 0.0492], [0.0775, 0.0332, 0.0735, 0.0308, 0.0625, 0.6495, 0.073], [0.0123, 0.0759, 0.0637, 0.0715, 0.0615, 0.6707, 0.0443], [0.078, 0.0342, 0.0201, 0.0192, 0.0424, 0.7563, 0.0498], [0.04, 0.0339, 0.0478, 0.0403, 0.0435, 0.776, 0.0185], [0.0934, 0.0219, 0.0619, 0.0648, 0.0921, 0.6515, 0.0144], [0.0403, 0.0738, 0.0567, 0.0172, 0.0734, 0.6713, 0.0673], [0.0919, 0.072, 0.0539, 0.0701, 0.0358, 0.6349, 0.0415], [0.0686, 0.0268, 0.028, 0.0394, 0.0178, 0.7591, 0.0604], [0.0295, 0.047, 0.0147, 0.0299, 0.0443, 0.7961, 0.0386], [0.0475, 0.0593, 0.0419, 0.0322, 0.0295, 0.7183, 0.0714], [0.052, 0.056, 0.019, 0.0278, 0.0451, 0.7551, 0.0449], [0.0358, 0.0794, 0.0657, 0.1001, 0.0158, 0.6691, 0.0342], [0.0725, 0.0207, 0.0674, 0.0612, 0.018, 0.7081, 0.052], [0.0594, 0.0161, 0.0324, 0.0438, 0.0305, 0.7945, 0.0233], [0.0559, 0.0714, 0.055, 0.0118, 0.0375, 0.7323, 0.0361], [0.0617, 0.0614, 0.0418, 0.057, 0.0206, 0.7081, 0.0494], [0.0687, 0.0322, 0.0785, 0.0553, 0.0118, 0.6915, 0.062], [0.044, 0.0427, 0.0353, 0.071, 0.0691, 0.6954, 0.0426], [0.0624, 0.0588, 0.0263, 0.0374, 0.069, 0.6904, 0.0557], [0.0465, 0.0329, 0.0745, 0.0283, 0.0558, 0.7301, 0.032], [0.0753, 0.0559, 0.0923, 0.052, 0.0806, 0.5915, 0.0523], [0.0186, 0.0674, 0.0596, 0.0236, 0.0251, 0.7202, 0.0855], [0.0584, 0.0166, 0.0383, 0.0449, 0.0591, 0.7606, 0.0223], [0.035, 0.0737, 0.0544, 0.0585, 0.0459, 0.6641, 0.0683], [0.0651, 0.0545, 0.0221, 0.0692, 0.0507, 0.7158, 0.0227], [0.0146, 0.0506, 0.0632, 0.0853, 0.0655, 0.6583, 0.0626], [0.0508, 0.0506, 0.0693, 0.0496, 0.0663, 0.6466, 0.0667], [0.0228, 0.0663, 0.0765, 0.0324, 0.0755, 0.6303, 0.0963], [0.0273, 0.054, 0.0263, 0.0244, 0.0367, 0.7817, 0.0496], [0.0757, 0.0145, 0.0255, 0.0395, 0.0223, 0.7605, 0.062], [0.0526, 0.0681, 0.0533, 0.0728, 0.0381, 0.6465, 0.0686], [0.0259, 0.0755, 0.0401, 0.0531, 0.0409, 0.7296, 0.0348], [0.0302, 0.0315, 0.068, 0.0715, 0.0561, 0.7136, 0.0291], [0.0237, 0.0494, 0.0369, 0.0588, 0.0229, 0.7428, 0.0655], [0.0556, 0.0509, 0.0636, 0.056, 0.0623, 0.6888, 0.0228]], "emotions": ["purple", "purple", "purple", "purple", "purple", "purple", "purple", "purple", "purple", "purple", "purple", "purple", "purple", "purple", "purple", "purple", "purple", "purple", "purple", "purple", "purple", "purple", "purple", "purple", "purple", "purple", "purple", "purple", "purple", "purple", "purple", "purple", "purple", "purple", "purple", "purple", "purple", "purple", "purple", "purple", "purple", "purple", "purple", "purple", "purple", "purple", "purple", "purple", "purple", "purple", "purple", "purple", "purple", "purple", "purple", "purple", "purple", "purple", "purple", "purple", "purple", "purple", "purple", "purple", "purple", "purple", "purple", "purple", "purple", "purple", "purple", "purple", "purple", "purple", "purple", "purple", "purple", "purple", "purple", "purple"], "timestamps": [0, 40, 80, 120, 160, 200, 240, 280, 320, 360, 400, 440, 480, 520, 560, 600, 640, 680, 720, 760, 800, 840, 880, 920, 960, 1000, 1040, 1080, 1120, 1160, 1200, 1240, 1280, 1320, 1360, 1400, 1440, 1480, 1520, 1560, 1600, 1640, 1680, 1720, 1760, 1800, 1840, 1880, 1920, 1960, 2000, 2040, 2080, 2120, 2160, 2200, 2240, 2280, 2320, 2360, 2400, 2440, 2480, 2520, 2560, 2600, 2640, 2680, 2720, 2760, 2800, 2840, 2880, 2920, 2960, 3000, 3040, 3080, 3120, 3160]}], "conversation": [], "conversation_timestamps": []}