{"agent_id": "agent-purple-1729", "type": "purple", "trips": [{"trip_id": 0, "transport_method": "foot", "start_time": 0, "path": [[1.5296334, 42.5086124], [1.5300441, 42.5087225], [1.5313412, 42.5092204], [1.53285, 42.5096527], [1.5341276, 42.5092395], [1.5357029, 42.5092349], [1.5372759, 42.5093473], [1.5388446, 42.5094992], [1.5403864, 42.5095777], [1.541791, 42.5089866], [1.5425652, 42.5089125], [1.5440895, 42.5092579], [1.5456377, 42.5094672], [1.5455476, 42.5094394], [1.5463376, 42.5103117], [1.5474026, 42.5112483], [1.5489342, 42.5116241], [1.5499028, 42.5119306], [1.5503872, 42.5121475], [1.5516057, 42.5130722], [1.5515187, 42.5129489], [1.5525209, 42.513595], [1.5527339, 42.5147892], [1.5534548, 42.51617], [1.5542667, 42.5174932], [1.555624, 42.5181962], [1.5566896, 42.5192985], [1.5577451, 42.5204125], [1.5589071, 42.5214781], [1.5594956, 42.5218739], [1.5605217, 42.5225743], [1.5617853, 42.5235133], [1.5629064, 42.5245983], [1.5643484, 42.5251957], [1.5658399, 42.5256551], [1.5671374, 42.5265424], [1.5684721, 42.5273665], [1.5697995, 42.5281971], [1.5710791, 42.5291095], [1.5724714, 42.5293589], [1.573457, 42.5302159], [1.5746536, 42.5311911], [1.5761754, 42.5315853], [1.5777416, 42.53176], [1.5781602, 42.5317928], [1.5781657, 42.5317453], [1.579743, 42.5317496], [1.5813196, 42.5317151], [1.5828882, 42.5317803], [1.5842271, 42.5325853], [1.5854488, 42.533545], [1.586759, 42.534404], [1.5880543, 42.5352729], [1.5889242, 42.5365017], [1.5901656, 42.5373945], [1.591517, 42.5381752], [1.5917686, 42.5397046], [1.5922527, 42.5411181], [1.5915307, 42.542456], [1.5918096, 42.5439745], [1.591375, 42.545464], [1.5917082, 42.5469734], [1.5916641, 42.5485276], [1.5912144, 42.5500378], [1.5905903, 42.5514548], [1.5893839, 42.5524542], [1.5887191, 42.5537873], [1.5885322, 42.5553426], [1.5886838, 42.5568702], [1.589033, 42.5583812], [1.5895466, 42.559792], [1.589794, 42.5600905], [1.5902878, 42.5615563], [1.590642, 42.5630563], [1.5916834, 42.5640525], [1.5931585, 42.5645315], [1.5942909, 42.5651037], [1.5957945, 42.5654682], [1.5972142, 42.5658132], [1.5984533, 42.5656205]], "mood_vectors": [[0.0674, 0.0298, 0.0664, 0.023, 0.0727, 0.6984, 0.0423], [0.0608, 0.062, 0.0686, 0.0197, 0.0494, 0.7067, 0.0327], [0.0434, 0.0448, 0.0639, 0.0612, 0.0567, 0.6614, 0.0687], [0.0313, 0.0399, 0.0486, 0.0881, 0.0233, 0.754, 0.0148], [0.0456, 0.0232, 0.0541, 0.084, 0.0604, 0.6453, 0.0873], [0.079, 0.0596, 0.0595, 0.0302, 0.0822, 0.633, 0.0565], [0.0348, 0.0419, 0.0496, 0.0405, 0.0215, 0.7504, 0.0613], [0.0248, 0.0255, 0.0723, 0.0711, 0.0441, 0.6904, 0.0718], [0.0535, 0.0388, 0.0861, 0.058, 0.0509, 0.6197, 0.093], [0.0603, 0.0582, 0.0423, 0.0707, 0.0126, 0.7133, 0.0427], [0.069, 0.0634, 0.079, 0.0441, 0.0237, 0.6251, 0.0957], [0.0136, 0.0189, 0.0335, 0.0541, 0.0178, 0.7888, 0.0733], [0.0173, 0.0693, 0.0586, 0.0563, 0.0618, 0.6752, 0.0615], [0.0707, 0.0154, 0.0199, 0.0657, 0.0696, 0.7051, 0.0535], [0.0315, 0.0196, 0.0466, 0.0352, 0.0806, 0.731, 0.0556], [0.0391, 0.0821, 0.0613, 0.0287, 0.0503, 0.676, 0.0626], [0.0239, 0.0238, 0.0692, 0.0446, 0.064, 0.719, 0.0555], [0.0882, 0.0725, 0.0803, 0.0167, 0.0706, 0.6547, 0.0169], [0.0356, 0.0788, 0.0202, 0.0287, 0.0476, 0.7715, 0.0176], [0.0299, 0.0567, 0.0754, 0.0218, 0.0413, 0.7325, 0.0424], [0.0496, 0.0791, 0.0272, 0.0366, 0.0435, 0.6852, 0.0788], [0.0247, 0.035, 0.0629, 0.0289, 0.0131, 0.7807, 0.0547], [0.0594, 0.049, 0.0394, 0.0651, 0.0609, 0.6815, 0.0448], [0.0208, 0.0489, 0.0287, 0.0692, 0.0143, 0.7502, 0.0679], [0.0776, 0.0265, 0.0662, 0.0846, 0.0374, 0.6353, 0.0723], [0.0777, 0.0737, 0.0562, 0.0503, 0.0374, 0.6414, 0.0634], [0.0926, 0.09, 0.0527, 0.0629, 0.055, 0.6106, 0.0362], [0.0465, 0.0682, 0.0647, 0.0432, 0.0739, 0.6692, 0.0344], [0.0414, 0.0379, 0.0222, 0.0627, 0.0764, 0.7442, 0.0153], [0.0451, 0.0419, 0.0204, 0.0527, 0.0287, 0.7798, 0.0314], [0.0939, 0.0879, 0.0259, 0.0681, 0.0248, 0.6757, 0.0238], [0.0476, 0.0212, 0.0536, 0.0419, 0.0681, 0.7513, 0.0162], [0.0816, 0.0708, 0.0805, 0.0744, 0.0288, 0.6254, 0.0384], [0.0351, 0.0399, 0.017, 0.0512, 0.0628, 0.7599, 0.0341], [0.0293, 0.0255, 0.0172, 0.0566, 0.077, 0.724, 0.0705], [0.0183, 0.0441, 0.0523, 0.0411, 0.0312, 0.7571, 0.0558], [0.0732, 0.0544, 0.0272, 0.0792, 0.0707, 0.6128, 0.0826], [0.0796, 0.0783, 0.0684, 0.0428, 0.0531, 0.6157, 0.0622], [0.0452, 0.0223, 0.0275, 0.0961, 0.0518, 0.7414, 0.0158], [0.054, 0.049, 0.0291, 0.0758, 0.0399, 0.7177, 0.0345], [0.0347, 0.0326, 0.0421, 0.0655, 0.0231, 0.757, 0.045], [0.0674, 0.0457, 0.0151, 0.0585, 0.0521, 0.6748, 0.0865], [0.0638, 0.0734, 0.0911, 0.0562, 0.0291, 0.6483, 0.038], [0.0713, 0.0333, 0.0642, 0.0655, 0.0562, 0.6779, 0.0317], [0.0698, 0.0591, 0.0607, 0.0382, 0.0218, 0.7156, 0.0348], [0.0462, 0.0393, 0.0619, 0.0612, 0.0292, 0.7097, 0.0524], [0.0123, 0.0333, 0.0173, 0.0678, 0.0318, 0.7544, 0.0831], [0.0378, 0.0806, 0.0403, 0.0224, 0.0366, 0.7206, 0.0618], [0.054, 0.0614, 0.0641, 0.0386, 0.0392, 0.69, 0.0526], [0.0351, 0.0785, 0.0673, 0.0282, 0.0405, 0.7371, 0.0134], [0.0711, 0.0303, 0.0797, 0.0738, 0.0709, 0.6037, 0.0705], [0.0153, 0.0181, 0.0898, 0.0199, 0.0896, 0.7354, 0.0321], [0.0488, 0.069, 0.0182, 0.0282, 0.0722, 0.6912, 0.0725], [0.0795, 0.0857, 0.0142, 0.0711, 0.0149, 0.6533, 0.0812], [0.0267, 0.031, 0.0482, 0.0522, 0.0821, 0.747, 0.0128], [0.0764, 0.0213, 0.044, 0.083, 0.037, 0.6741, 0.0642], [0.0432, 0.0725, 0.0488, 0.0416, 0.0549, 0.6792, 0.0599], [0.068, 0.0677, 0.0159, 0.0208, 0.0349, 0.7487, 0.044], [0.0135, 0.03, 0.0545, 0.0472, 0.0785, 0.724, 0.0522], [0.0869, 0.0431, 0.0607, 0.0303, 0.0328, 0.6741, 0.0722], [0.0739, 0.0478, 0.0674, 0.0151, 0.0798, 0.6421, 0.0739], [0.0256, 0.0281, 0.0549, 0.0493, 0.0602, 0.7254, 0.0563], [0.0331, 0.0645, 0.0669, 0.0321, 0.0634, 0.7239, 0.016], [0.0492, 0.0718, 0.0332, 0.0361, 0.0872, 0.7092, 0.0133], [0.0459, 0.0219, 0.0479, 0.0562, 0.0475, 0.7548, 0.0258], [0.05, 0.0684, 0.0398, 0.0254, 0.0543, 0.7093, 0.0528], [0.0236, 0.0193, 0.0505, 0.0157, 0.0451, 0.8191, 0.0268], [0.0348, 0.0767, 0.0257, 0.012, 0.076, 0.7268, 0.0479], [0.0822, 0.0598, 0.0433, 0.0735, 0.025, 0.6549, 0.0613], [0.0591, 0.0624, 0.035, 0.0298, 0.0752, 0.6722, 0.0663], [0.0219, 0.0218, 0.0523, 0.0761, 0.058, 0.7551, 0.0148], [0.0782, 0.0305, 0.0167, 0.0731, 0.0731, 0.6726, 0.0558], [0.0407, 0.0342, 0.0469, 0.0262, 0.0424, 0.7385, 0.0711], [0.0634, 0.0568, 0.0349, 0.078, 0.0411, 0.7055, 0.0204], [0.0282, 0.045, 0.0714, 0.0755, 0.0686, 0.6787, 0.0325], [0.0547, 0.0715, 0.0531, 0.0783, 0.0331, 0.6356, 0.0738], [0.0754, 0.0549, 0.0171, 0.0385, 0.0479, 0.7101, 0.0561], [0.0851, 0.0566, 0.0353, 0.041, 0.0413, 0.6746, 0.0661], [0.0256, 0.0462, 0.0331, 0.0736, 0.07, 0.6807, 0.0709], [0.0268, 0.0256, 0.0672, 0.0203, 0.0719, 0.7737, 0.0145]], "emotions": ["purple", "purple", "purple", "purple", "purple", "purple", "purple", "purple", "purple", "purple", "purple", "purple", "purple", "purple", "purple", "purple", "purple", "purple", "purple", "purple", "purple", "purple", "purple", "purple", "purple", "purple", "purple", "purple", "purple", "purple", "purple", "purple", "purple", "purple", "purple", "purple", "purple", "purple", "purple", "purple", "purple", "purple", "purple", "purple", "purple", "purple", "purple", "purple", "purple", "purple", "purple", "purple", "purple", "purple", "purple", "purple", "purple", "purple", "purple", "purple", "purple", "purple", "purple", "purple", "purple", "purple", "purple", "purple", "purple", "purple", "purple", "purple", "purple", "purple", "purple", "purple", "purple", "purple", "purple", "purple"], "timestamps": [0, 40, 80, 120, 160, 200, 240, 280, 320, 360, 400, 440, 480, 520, 560, 600, 640, 680, 720, 760, 800, 840, 880, 920, 960, 1000, 1040, 1080, 1120, 1160, 1200, 1240, 1280, 1320, 1360, 1400, 1440, 1480, 1520, 1560, 1600, 1640, 1680, 1720, 1760, 1800, 1840, 1880, 1920, 1960, 2000, 2040, 2080, 2120, 2160, 2200, 2240, 2280, 2320, 2360, 2400, 2440, 2480, 2520, 2560, 2600, 2640, 2680, 2720, 2760, 2800, 2840, 2880, 2920, 2960, 3000, 3040, 3080, 3120, 3160]}], "conversation": [], "conversation_timestamps": []}