{
  "agent_id": "agent-type-red-32",
  "type": "red",
  "trips": [
    {
      "trip_id": 0,
      "transport_method": "foot",
      "start_time": 0,
      "path": [
        [
          1.5272835000000002,
          42.506952399999996
        ],
        [
          1.5265328152189814,
          42.50688967060139
        ],
        [
          1.526350040415842,
          42.50710076671269
        ],
        [
          1.5271009015900625,
          42.50716134818635
        ],
        [
          1.5278517627642831,
          42.50722192966001
        ],
        [
          1.5275239299089793,
          42.50668381205255
        ],
        [
          1.5271556953670147,
          42.50604521998093
        ],
        [
          1.5268316280902128,
          42.50602119089883
        ],
        [
          1.5270532218131276,
          42.506612349169075
        ],
        [
          1.526785483107071,
          42.506081439996414
        ],
        [
          1.5271039989445954,
          42.50598967027879
        ],
        [
          1.527492844865353,
          42.50661605848868
        ],
        [
          1.527926744878871,
          42.50722768107031
        ],
        [
          1.5271765459180642,
          42.50716745137163
        ],
        [
          1.5264256847438438,
          42.50710686989797
        ],
        [
          1.526185918652951,
          42.50692309218407
        ],
        [
          1.5255767370079365,
          42.507030787719884
        ],
        [
          1.5248315757230138,
          42.50692559005735
        ],
        [
          1.5244318721931243,
          42.50661491778431
        ],
        [
          1.5237889455856826,
          42.50669741079786
        ],
        [
          1.5230610386422978,
          42.5065058377294
        ],
        [
          1.5223298231527642,
          42.50633428804008
        ],
        [
          1.522086787391522,
          42.506573464640454
        ],
        [
          1.5223383489844309,
          42.50686817865129
        ],
        [
          1.5219139053288806,
          42.5063042574399
        ],
        [
          1.521966896888188,
          42.506751703529936
        ],
        [
          1.522488400000001,
          42.5072953
        ]
      ],
      "emotions": [
        "purple",
        "purple",
        "purple",
        "purple",
        "purple",
        "green",
        "green",
        "green",
        "green",
        "green",
        "green",
        "green",
        "green",
        "green",
        "green",
        "green",
        "green",
        "green",
        "green",
        "green",
        "red",
        "red",
        "red",
        "red",
        "red",
        "purple",
        "purple"
      ],
      "mood_vectors": [
        [
          0.06138905293251589,
          0.13478934249842628,
          0.006004251226114816,
          0.06868918742135373,
          0.22958120612259222,
          0.3201343237890416,
          0.1794126360099555
        ],
        [
          0.011015726467932026,
          0.15387471962199883,
          0.1502386093736248,
          0.1589421926609738,
          0.1923719852584369,
          0.12240066924283176,
          0.21115609737420188
        ],
        [
          0.1667440993778973,
          0.17322027844411203,
          0.13424449157487905,
          0.07778763184498058,
          0.20327387826346674,
          0.06580892928388506,
          0.17892069121077925
        ],
        [
          0.04239172705498646,
          0.014865951452202075,
          0.21673692357816546,
          0.2109267625298701,
          0.12194822937985858,
          0.16541715447591834,
          0.22771325152899896
        ],
        [
          0.0012575125371106154,
          0.12635894052871632,
          0.04875043471552967,
          0.13101131726183807,
          0.18186428567579388,
          0.25961387415410964,
          0.25114363512690174
        ],
        [
          0.12440483614349737,
          0.2215481059003902,
          0.19366166966433168,
          0.19938843559039224,
          0.14614987502728158,
          0.07135170933770535,
          0.04349536833640167
        ],
        [
          0.17915557967008258,
          0.03370255788399346,
          0.031464836175342015,
          0.23030906565950815,
          0.12048592393885854,
          0.17281808427649586,
          0.23206395239571934
        ],
        [
          0.22438275142329409,
          0.17747285908033844,
          0.09828324562384674,
          0.20187906868752437,
          0.11289689850823427,
          0.07299070989198109,
          0.11209446678478094
        ],
        [
          0.18142488386378236,
          0.20769687219142996,
          0.07671989474535845,
          0.07789249500102716,
          0.17304344867013569,
          0.22716280299934014,
          0.05605960252892621
        ],
        [
          0.1444815196781363,
          0.10786434654759054,
          0.09662443231877844,
          0.21033846645687043,
          0.2037805114079103,
          0.22017573480025182,
          0.01673498879046217
        ],
        [
          0.24554027441930068,
          0.025664520266747835,
          0.21767155547590564,
          0.030790350211463664,
          0.06115378923505012,
          0.17420287293040054,
          0.2449766374611315
        ],
        [
          0.21587474864073364,
          0.08959665261563532,
          0.1685740535723909,
          0.04380055754180003,
          0.2475805700752837,
          0.14507679113974128,
          0.08949662641441518
        ],
        [
          0.16497003552937775,
          0.07865338599831216,
          0.001684929675150112,
          0.2081009956334307,
          0.2510910662605621,
          0.08273768877889101,
          0.21276189812427612
        ],
        [
          0.2138441472387369,
          0.17525713164348397,
          0.11273417822716357,
          0.07912801813180798,
          0.18560651448699322,
          0.18573177000694857,
          0.04769824026486586
        ],
        [
          0.25701184175906533,
          0.18868030203448527,
          0.24872482640147028,
          0.03252283617303902,
          0.08919385716396683,
          0.10032691579326658,
          0.08353942067470668
        ],
        [
          0.20617925046871857,
          0.04203024628095428,
          0.18764187229222837,
          0.11660656056037476,
          0.04985756865593202,
          0.22734509907484324,
          0.1703394026669488
        ],
        [
          0.1480196984983051,
          0.1617081283858877,
          0.16646354844996236,
          0.16037993885924204,
          0.17593010869196715,
          0.1239913991019431,
          0.06350717801269262
        ],
        [
          0.1676279044677043,
          0.13593413784478262,
          0.053005456830625415,
          0.2776672367817001,
          0.042955414080372865,
          0.2852677071270407,
          0.03754214286777412
        ],
        [
          0.15118480806492804,
          0.07548055410383646,
          0.12587802159522438,
          0.07247959663086936,
          0.14843280367653947,
          0.24994573147183075,
          0.17659848445677154
        ],
        [
          0.29332156457595826,
          0.272924272706941,
          0.18755563472278708,
          0.017549702558199223,
          0.03553321651643344,
          0.16339767086838278,
          0.029717938051298166
        ],
        [
          0.2774226299470583,
          0.16664698937793926,
          0.0012970937763068196,
          0.26072459468314896,
          0.033599252697496494,
          0.19203343557790986,
          0.06827600394014023
        ],
        [
          0.16171650028319973,
          0.030717923097324296,
          0.0038662527513596153,
          0.252520443459981,
          0.2546918067469047,
          0.20901701651655966,
          0.08747005714467099
        ],
        [
          0.14638157531415713,
          0.07346866482764682,
          0.11958103177284694,
          0.17575578796307667,
          0.21594124707313547,
          0.17960787810880244,
          0.08926381494033447
        ],
        [
          0.043031550689166746,
          0.4114408855656712,
          0.09948672599894655,
          0.008602376406931893,
          0.05453096596108871,
          0.33398343849595785,
          0.04892405688223703
        ],
        [
          0.188033639518497,
          0.09681437848488036,
          0.17136543327476236,
          0.0808260552192003,
          0.2594505747186691,
          0.17272619236625122,
          0.030783726417739722
        ],
        [
          0.20994498459838168,
          0.007762077722585727,
          0.25574652490952016,
          0.11483881553948717,
          0.2929073031050618,
          0.03973470795899907,
          0.07906558616596437
        ],
        [
          0.08828757540180383,
          0.21725300059211083,
          0.1377804320286978,
          0.25118201688188035,
          0.0463794343609189,
          0.19954255309619534,
          0.05957498763839291
        ]
      ],
      "timestamps": [
        0,
        1,
        2,
        3,
        4,
        5,
        6,
        7,
        8,
        9,
        10,
        11,
        12,
        13,
        14,
        15,
        16,
        17,
        18,
        19,
        20,
        21,
        22,
        23,
        24,
        25,
        26
      ],
      "distance": 472.2
    },
    {
      "trip_id": 1,
      "transport_method": "stopped",
      "start_time": 27,
      "path": [
        [
          1.522488400000001,
          42.5072953
        ],
        [
          1.522488400000001,
          42.5072953
        ],
        [
          1.522488400000001,
          42.5072953
        ],
        [
          1.522488400000001,
          42.5072953
        ],
        [
          1.522488400000001,
          42.5072953
        ]
      ],
      "emotions": [
        "purple",
        "purple",
        "purple",
        "purple",
        "purple"
      ],
      "mood_vectors": [
        [
          0.13654090510609448,
          0.10548520526952616,
          0.1297928039565005,
          0.006016123629287629,
          0.2253061519613812,
          0.21067765240818134,
          0.1861811576690287
        ],
        [
          0.17655321238379781,
          0.2475783169586372,
          0.048730701465603175,
          0.26126801542720607,
          0.018816105343658213,
          0.12329379970187385,
          0.12375984871922376
        ],
        [
          0.08869560636815466,
          0.0177241297452428,
          0.03520160895560116,
          0.18984585035984583,
          0.24467776053249496,
          0.25505399272116097,
          0.1688010513174996
        ],
        [
          0.012286564026437043,
          0.12517693486766543,
          0.17321281167097857,
          0.14604911830749853,
          0.22863229927389028,
          0.1462153727149499,
          0.1684268991385802
        ],
        [
          0.22653754663379574,
          0.17057613389639847,
          0.20081299553495688,
          0.03466767016779463,
          0.011504376560292287,
          0.1485061632834983,
          0.20739511392326376
        ]
      ],
      "timestamps": [
        27,
        28,
        29,
        30,
        31
      ]
    },
    {
      "trip_id": 2,
      "transport_method": "foot",
      "start_time": 32,
      "path": [
        [
          1.522488400000001,
          42.5072953
        ],
        [
          1.522805274448988,
          42.50766651405792
        ],
        [
          1.5232303096684432,
          42.507883275052656
        ],
        [
          1.5227225897532954,
          42.50807961912596
        ],
        [
          1.5224846993503673,
          42.50792712542596
        ],
        [
          1.5224176991203169,
          42.508041614700794
        ],
        [
          1.5224683854673078,
          42.50847081419934
        ],
        [
          1.5219456146290211,
          42.50839761092644
        ],
        [
          1.522048889988665,
          42.50842117720964
        ],
        [
          1.5223590115601509,
          42.50844777304614
        ],
        [
          1.5218069479142071,
          42.50830268994224
        ],
        [
          1.521330624906704,
          42.508402370458526
        ],
        [
          1.5213522342792192,
          42.508416409862335
        ],
        [
          1.5216343344812804,
          42.50823194506558
        ],
        [
          1.5211304129888654,
          42.507963828475845
        ],
        [
          1.5206264914964507,
          42.5076957118861
        ],
        [
          1.5201089120278954,
          42.507576062447974
        ],
        [
          1.5195856498577156,
          42.50779777059293
        ],
        [
          1.5196336769329972,
          42.50833403432058
        ],
        [
          1.5196189633706327,
          42.508251141321246
        ],
        [
          1.5194228813378814,
          42.50787751841191
        ],
        [
          1.518908871249449,
          42.508125746140415
        ],
        [
          1.518437373972102,
          42.508156251045776
        ],
        [
          1.5179642402607583,
          42.5078886278138
        ],
        [
          1.5174162205616764,
          42.50774490730094
        ],
        [
          1.5169911596445653,
          42.507462758748304
        ],
        [
          1.5174658000000008,
          42.507779799999994
        ]
      ],
      "emotions": [
        "purple",
        "purple",
        "purple",
        "purple",
        "purple",
        "purple",
        "purple",
        "purple",
        "red",
        "red",
        "red",
        "red",
        "red",
        "green",
        "green",
        "green",
        "green",
        "green",
        "red",
        "red",
        "red",
        "red",
        "red",
        "red",
        "red",
        "red",
        "red"
      ],
      "mood_vectors": [
        [
          0.1917535473745416,
          0.1437858637200894,
          0.003388409166701801,
          0.11045336695355272,
          0.2293633157346427,
          0.16237212225733974,
          0.1588833747931321
        ],
        [
          0.24235736783394293,
          0.03858994805405217,
          0.20526771207379502,
          0.2001682363330709,
          0.026172533075756996,
          0.03880557743486859,
          0.24863862519451335
        ],
        [
          0.14883547565617325,
          0.14041487719517415,
          0.13851112481314062,
          0.11437430488025083,
          0.06674921442958709,
          0.2684510946107305,
          0.12266390841494344
        ],
        [
          0.03740669638482165,
          0.09147141710146528,
          0.20761661958083769,
          0.09142985809336102,
          0.12757943778278003,
          0.23475599498956973,
          0.20973997606716457
        ],
        [
          0.056430186641411854,
          0.2510871074007065,
          0.1690497747399466,
          0.00015756009026186496,
          0.08469312112051808,
          0.18988532259430924,
          0.24869692741284585
        ],
        [
          0.1665295226294159,
          0.2520297168354551,
          0.1457247551945548,
          0.014987120561980477,
          0.049035203888131415,
          0.2640075150524272,
          0.10768616583803518
        ],
        [
          0.030029237340436624,
          0.08074978394017979,
          0.10878841306029718,
          0.05584035008149914,
          0.2934342560199198,
          0.1343500254986814,
          0.29680793405898614
        ],
        [
          0.013706869268052858,
          0.12236970615340988,
          0.10841126870917756,
          0.09252077641067263,
          0.01399461821927062,
          0.20998232452455598,
          0.43901443671486057
        ],
        [
          0.0645817274938034,
          0.07894613114296685,
          0.27911031396047054,
          0.13600976725774724,
          0.16433252228650733,
          0.19755152431304643,
          0.07946801354545814
        ],
        [
          0.036126413319068816,
          0.16918653270181405,
          0.266412187811607,
          0.09493701024436021,
          0.09989535755872225,
          0.08316030681546586,
          0.2502821915489617
        ],
        [
          0.05547562934412946,
          0.01245829412459557,
          0.028904946343315183,
          0.38214066585980766,
          0.077340116219761,
          0.08809058308812272,
          0.3555897650202684
        ],
        [
          0.2881533593693861,
          0.018914127528043185,
          0.04429716739047027,
          0.18439716990452815,
          0.2846050129312328,
          0.10780067447362522,
          0.07183248840271421
        ],
        [
          0.24042980154190033,
          0.2559799532692213,
          0.17156603701099635,
          0.034065596039641925,
          0.06908642113920825,
          0.21652376314295615,
          0.01234842785607562
        ],
        [
          0.29612914022002734,
          0.08842735074937816,
          0.014356573420448498,
          0.3609883914779761,
          0.14990044824480908,
          0.05928412274324861,
          0.03091397314411217
        ],
        [
          0.2111675651339084,
          0.08018412757964782,
          0.14340266291532897,
          0.0785902880418974,
          0.05685051056799327,
          0.21036659443430622,
          0.21943825132691802
        ],
        [
          0.1613193133821616,
          0.14374862002180472,
          0.08479521357389212,
          0.03319035952984147,
          0.1822707398116902,
          0.18149770204561363,
          0.2131780516349963
        ],
        [
          0.03279173776528775,
          0.15006800182359903,
          0.09361921426127158,
          0.1519391360581843,
          0.1629018998335174,
          0.16645625524498098,
          0.24222375501315904
        ],
        [
          0.039616853533690925,
          0.14477903567246958,
          0.018404239224137486,
          0.07544781496563427,
          0.11495843626608312,
          0.29839508974072565,
          0.30839853059725897
        ],
        [
          0.08233002353110784,
          0.13982161030274304,
          0.06995633081429062,
          0.26543694016108144,
          0.179017019817123,
          0.15905095668567742,
          0.10438711868797658
        ],
        [
          0.08276210262115072,
          0.19687261388381236,
          0.11072137772949538,
          0.1879800515664488,
          0.2056035980660696,
          0.10236283862288957,
          0.11369741751013358
        ],
        [
          0.14188827495477324,
          0.06738865289783146,
          0.1117279787211958,
          0.12011883217777206,
          0.28636262646389565,
          0.24034074645453496,
          0.032172888329996874
        ],
        [
          0.030734339028423336,
          0.09444259231640985,
          0.06275148296608671,
          0.2870778838669672,
          0.05727732662419738,
          0.2039370514891159,
          0.26377932370879964
        ],
        [
          0.1835528147742152,
          0.10183771882521489,
          0.16254520855063093,
          0.17830484337371386,
          0.03159067733729493,
          0.15744745464727522,
          0.1847212824916549
        ],
        [
          0.18669057797538582,
          0.2514890663501252,
          0.08866148230506725,
          0.13842442659883297,
          0.2339579688493366,
          0.053862756252665886,
          0.04691372166858626
        ],
        [
          0.004616722446196672,
          0.001971177804844476,
          0.17166861817846166,
          0.033002698108543616,
          0.3649075988363015,
          0.37103975131610345,
          0.05279343330954851
        ],
        [
          0.15041238055646303,
          0.12339453887121501,
          0.13973775258868584,
          0.13552612510407114,
          0.13645739743068994,
          0.15489073139213208,
          0.1595810740567429
        ],
        [
          0.03854027353663348,
          0.24158469487190745,
          0.14738719381486454,
          0.09671979563722577,
          0.10153883737670566,
          0.23030485450382543,
          0.14392435025883768
        ]
      ],
      "timestamps": [
        32,
        33,
        34,
        35,
        36,
        37,
        38,
        39,
        40,
        41,
        42,
        43,
        44,
        45,
        46,
        47,
        48,
        49,
        50,
        51,
        52,
        53,
        54,
        55,
        56,
        57,
        58
      ],
      "distance": 841.4
    },
    {
      "trip_id": 3,
      "transport_method": "stopped",
      "start_time": 59,
      "path": [
        [
          1.5174658000000008,
          42.507779799999994
        ],
        [
          1.5174658000000008,
          42.507779799999994
        ],
        [
          1.5174658000000008,
          42.507779799999994
        ],
        [
          1.5174658000000008,
          42.507779799999994
        ],
        [
          1.5174658000000008,
          42.507779799999994
        ],
        [
          1.5174658000000008,
          42.507779799999994
        ],
        [
          1.5174658000000008,
          42.507779799999994
        ],
        [
          1.5174658000000008,
          42.507779799999994
        ],
        [
          1.5174658000000008,
          42.507779799999994
        ],
        [
          1.5174658000000008,
          42.507779799999994
        ],
        [
          1.5174658000000008,
          42.507779799999994
        ],
        [
          1.5174658000000008,
          42.507779799999994
        ]
      ],
      "emotions": [
        "red",
        "green",
        "green",
        "green",
        "green",
        "green",
        "green",
        "green",
        "green",
        "green",
        "green",
        "red"
      ],
      "mood_vectors": [
        [
          0.1725989502123744,
          0.022119882929580514,
          0.1912806224620783,
          0.07931111750064017,
          0.17653312589342998,
          0.17597611957194637,
          0.1821801814299502
        ],
        [
          0.186177672073151,
          0.0040626096616397525,
          0.11149501339691052,
          0.22868815313375468,
          0.14863146266034172,
          0.31936792038074463,
          0.0015771686934577726
        ],
        [
          0.02790235541065797,
          0.15866973542204535,
          0.12025258300093829,
          0.16210663854034554,
          0.19309192275900255,
          0.20901781388372573,
          0.12895895098328458
        ],
        [
          0.2589109341696803,
          0.19711788929768592,
          0.10198288227191932,
          0.013217996582860547,
          0.2699215791244757,
          0.05790748854031625,
          0.10094123001306193
        ],
        [
          0.009891762010808295,
          0.11844601257029824,
          0.22282161731998543,
          0.14816119911193182,
          0.16164665944162196,
          0.23046478230173273,
          0.10856796724362149
        ],
        [
          0.18161530886647362,
          0.21037989460479395,
          0.35013162769434,
          0.06910864817242203,
          0.11547103230393045,
          0.06456830477440886,
          0.008725183583631092
        ],
        [
          0.14205767068551642,
          0.18695321103776646,
          0.14609302824130227,
          0.08693702602044949,
          0.1160417588820164,
          0.16016182495898404,
          0.16175548017396496
        ],
        [
          0.23422094141438515,
          0.1997242857107637,
          0.16557125710715234,
          0.10545873516038327,
          0.15036012972957608,
          0.009509227088785505,
          0.1351554237889539
        ],
        [
          0.1164285562067867,
          0.17307291597818475,
          0.10046537996691363,
          0.21053620732565448,
          0.14418513044864728,
          0.1705824536573476,
          0.08472935641646562
        ],
        [
          0.22914831891996665,
          0.09402342763385593,
          0.08570308203593521,
          0.018469549405280918,
          0.3249414216207513,
          0.16797127168402948,
          0.07974292870018046
        ],
        [
          0.08242527263907179,
          0.2933498554503381,
          0.026505634504599928,
          0.012603856463724625,
          0.10881008171410965,
          0.25040449131486076,
          0.2259008079132951
        ],
        [
          0.12790278496695237,
          0.08145722924225633,
          0.18542150951679726,
          0.21045887835165747,
          0.20079984065108752,
          0.041796256761328365,
          0.15216350050992067
        ]
      ],
      "timestamps": [
        59,
        60,
        61,
        62,
        63,
        64,
        65,
        66,
        67,
        68,
        69,
        70
      ]
    },
    {
      "trip_id": 4,
      "transport_method": "car",
      "start_time": 71,
      "path": [
        [
          1.5174658000000008,
          42.507779799999994
        ],
        [
          1.5173289567699142,
          42.50768687342196
        ],
        [
          1.5181846181425467,
          42.50827236610955
        ],
        [
          1.518698746529103,
          42.50822722037839
        ],
        [
          1.5195598661893388,
          42.507918200698974
        ],
        [
          1.519765848282048,
          42.50860814337474
        ],
        [
          1.5196984814757653,
          42.50774029956818
        ],
        [
          1.520645758282106,
          42.50770596297669
        ],
        [
          1.5215610810661753,
          42.508192969836024
        ],
        [
          1.5225470429957189,
          42.508451953696515
        ],
        [
          1.523495119090842,
          42.50852105736689
        ],
        [
          1.5238205656125157,
          42.50887799730926
        ],
        [
          1.5244379553043803,
          42.508837439597386
        ],
        [
          1.5253966715315666,
          42.509130495416024
        ],
        [
          1.524947497630333,
          42.508936938932564
        ],
        [
          1.5239318385381655,
          42.508732413445344
        ],
        [
          1.5230624680398375,
          42.508211614622276
        ],
        [
          1.5238022705832603,
          42.50779728362024
        ],
        [
          1.5246753309005134,
          42.50799928606875
        ],
        [
          1.5252579846065983,
          42.50849839850412
        ],
        [
          1.5253833222901818,
          42.50853043361377
        ],
        [
          1.5246398722264147,
          42.50812369855048
        ],
        [
          1.5254645256958557,
          42.50808872877606
        ],
        [
          1.5251678051162352,
          42.508008045862084
        ],
        [
          1.5258093714568566,
          42.50773119628016
        ],
        [
          1.5264817852014996,
          42.50764791930808
        ],
        [
          1.5263224852980446,
          42.507153338911245
        ],
        [
          1.5252917456252515,
          42.50706022944753
        ],
        [
          1.5261633000000003,
          42.5070857
        ]
      ],
      "emotions": [
        "green",
        "green",
        "green",
        "green",
        "red",
        "red",
        "red",
        "red",
        "red",
        "red",
        "red",
        "red",
        "red",
        "red",
        "purple",
        "purple",
        "purple",
        "purple",
        "purple",
        "red",
        "red",
        "red",
        "red",
        "red",
        "red",
        "red",
        "red",
        "red",
        "red"
      ],
      "mood_vectors": [
        [
          0.07876767508838592,
          0.06701168409743927,
          0.2580347673189825,
          0.024523436831536568,
          0.169037683806272,
          0.1865301576719624,
          0.2160945951854213
        ],
        [
          0.04207924316571005,
          0.31743511430493915,
          0.19884975898602214,
          0.03721606411150635,
          0.07470808758091108,
          0.10203065358956025,
          0.22768107826135103
        ],
        [
          0.21067327890120013,
          0.20093833603685307,
          0.0900632201140052,
          0.09566028859208728,
          0.185227667919712,
          0.21496511464883866,
          0.002472093787303713
        ],
        [
          0.019789050416793717,
          0.13921809692502524,
          0.18879670520555233,
          0.16686280517726457,
          0.14763077792607376,
          0.22827284852331314,
          0.10942971582597734
        ],
        [
          0.05129473574365748,
          0.04894861306306082,
          0.03848592322197718,
          0.21082637421259104,
          0.006109407291182595,
          0.1705942536222154,
          0.4737406928453156
        ],
        [
          0.17039857286428378,
          0.11859542149668546,
          0.27035811620310957,
          0.08838516360867978,
          0.08017339828987054,
          0.074214515896077,
          0.19787481164129384
        ],
        [
          0.23878208102633455,
          0.08324991610619349,
          0.19066566137543345,
          0.04430370219102961,
          0.17698970721787036,
          0.25905284392076794,
          0.006956088162370601
        ],
        [
          0.014810804973450812,
          0.17332607945995704,
          0.02386236795746054,
          0.252263604547231,
          0.14638169000853982,
          0.34958245272307853,
          0.03977300033028214
        ],
        [
          0.12197045378083259,
          0.18573423327877375,
          0.17529445418500156,
          0.2118618165528519,
          0.17668128243020173,
          0.07944890968487615,
          0.04900885008746241
        ],
        [
          0.22660857922883298,
          0.07202421511391446,
          0.08124426577409508,
          0.13071882820764233,
          0.19908834764076971,
          0.26747396755169656,
          0.02284179648304886
        ],
        [
          0.10586963300621717,
          0.27907332680982455,
          0.06977881757024863,
          0.23875805322756935,
          0.2454773426646907,
          1.4788323217241576e-05,
          0.06102803839823231
        ],
        [
          0.13258943182472943,
          0.04439662970516879,
          0.08599735944598698,
          0.2774083738313995,
          0.31871877141511484,
          0.09860829840696048,
          0.04228113537063996
        ],
        [
          0.07717563830336849,
          0.16069540900410598,
          0.150491695053387,
          0.15109170688380744,
          0.13922516408263683,
          0.17894292244796584,
          0.14237746422472844
        ],
        [
          0.05024529298425634,
          0.2095860357543023,
          0.10775485662392542,
          0.10067342214717076,
          0.11663023743587972,
          0.24007912082646118,
          0.17503103422800426
        ],
        [
          0.08817680481838977,
          0.0567252639227138,
          0.1738202646120076,
          0.030548618478396076,
          0.2312484650717174,
          0.11079118533916651,
          0.3086893977576088
        ],
        [
          0.25817817584686287,
          0.18206704462934445,
          0.1576082999758581,
          0.23439575629427026,
          0.03747472249399745,
          0.11584706832097841,
          0.014428932438688528
        ],
        [
          0.00819191485183731,
          0.08535938294070226,
          0.23981903847023442,
          0.19129467266953723,
          0.16933730048078507,
          0.1522193219273409,
          0.1537783686595629
        ],
        [
          0.2910090086815655,
          0.0215568677836317,
          0.08643205937381684,
          0.2744946352246135,
          0.15836701099634629,
          0.12873956083144136,
          0.039400857108584784
        ],
        [
          0.04111062311549435,
          0.07567779075595543,
          0.3820893223297887,
          0.06929592049897447,
          0.00270850958329462,
          0.0203561543465179,
          0.4087616793699746
        ],
        [
          0.24507199296883983,
          0.041541440161911455,
          0.24127284081228387,
          0.12444790486393326,
          0.24178536880201068,
          0.019628951800641278,
          0.08625150059037967
        ],
        [
          0.19244454155148868,
          0.024742870502595517,
          0.1934052329575848,
          0.24489998257685558,
          0.16317200910994178,
          0.14492480896935384,
          0.036410554332179726
        ],
        [
          0.14150587363798808,
          0.1661466787452322,
          0.17924620673900968,
          0.18884673984576142,
          0.15873114397390134,
          0.006382572459643543,
          0.15914078459846362
        ],
        [
          0.07407417503670159,
          0.15293559236738147,
          0.34638835994236955,
          0.11322471078791388,
          0.13618258072906758,
          0.12111131538955854,
          0.05608326574700739
        ],
        [
          0.0757301486521924,
          0.07064110837933034,
          0.13093264457605072,
          0.2864499816374372,
          0.022577858806673727,
          0.3200128531693162,
          0.09365540477899938
        ],
        [
          0.03544481453510732,
          0.041706978092696995,
          0.13022312482439918,
          0.3206193487437724,
          0.027725775964759114,
          0.32943642352275937,
          0.11484353431650567
        ],
        [
          0.10739718008989294,
          0.24309564799711345,
          0.04928221773719663,
          0.264325485684609,
          0.049676098011901294,
          0.06224820481333954,
          0.22397516566594716
        ],
        [
          0.2029105268594077,
          0.04518157908818396,
          0.10426371247740399,
          0.19276699633910316,
          0.2788673481888678,
          0.16213043503160107,
          0.013879402015432349
        ],
        [
          0.06762294737215445,
          0.2697952745618324,
          0.001681595127574145,
          0.27716711029712715,
          0.2831242576414715,
          0.02080430027757558,
          0.07980451472226477
        ],
        [
          0.1758428931867712,
          0.107586744576418,
          0.1228727680636064,
          0.07627148841517035,
          0.217385069511429,
          0.15421154331029974,
          0.14582949293630534
        ]
      ],
      "timestamps": [
        71,
        72,
        73,
        74,
        75,
        76,
        77,
        78,
        79,
        80,
        81,
        82,
        83,
        84,
        85,
        86,
        87,
        88,
        89,
        90,
        91,
        92,
        93,
        94,
        95,
        96,
        97,
        98,
        99
      ],
      "distance": 1283.4
    }
  ],
  "conversation": [
    "Forgot how steep that block is.",
    "Gotta beat the lunch crowd.",
    "These houses have such character."
  ],
  "conversation_timestamps": [
    68,
    73,
    79
  ]
}
