{"agent_id": "agent-green-717", "type": "green", "trips": [{"trip_id": 0, "transport_method": "car", "start_time": 0, "path": [[1.534662, 42.5078489], [1.5330852, 42.5073281], [1.533985, 42.5078006], [1.532882, 42.5071975], [1.5313817, 42.5064321], [1.5299738, 42.5055586], [1.5283117, 42.5052775], [1.5266339, 42.5053034], [1.5249699, 42.5051048], [1.5233132, 42.5047981], [1.5216923, 42.5046503], [1.5201599, 42.5039466], [1.5210962, 42.5043121], [1.5215976, 42.504651], [1.5200167, 42.5040643], [1.5184766, 42.5036122], [1.5168008, 42.503716], [1.5153314, 42.5029336], [1.5138175, 42.5022648], [1.5126074, 42.5013168], [1.5115915, 42.499971], [1.5105444, 42.4986492], [1.5091531, 42.4977364], [1.5076214, 42.4970334], [1.506035, 42.4964621], [1.5044725, 42.4958428], [1.5029128, 42.495218], [1.5013898, 42.4944947], [1.5001266, 42.4934926], [1.4987262, 42.4925644], [1.4972581, 42.4917366], [1.4962854, 42.490522], [1.4954823, 42.4891076], [1.4946576, 42.4876951], [1.4943259, 42.4861269], [1.4929756, 42.485133], [1.4914621, 42.4845691], [1.4905205, 42.4832751], [1.4896966, 42.4818101], [1.4893882, 42.4801651], [1.489871, 42.478598], [1.4906316, 42.4770997], [1.4908435, 42.4755219], [1.4905099, 42.4738933], [1.4909891, 42.472309], [1.4917827, 42.4708213], [1.4919731, 42.4691868], [1.4915604, 42.4675632], [1.4919666, 42.4661639], [1.4910178, 42.4648717], [1.4910525, 42.4632766], [1.4907924, 42.4622517], [1.4898168, 42.4609621], [1.4888891, 42.4595573], [1.4878069, 42.4582744], [1.4874875, 42.4578725], [1.4866791, 42.4564178], [1.4868125, 42.4547697], [1.486764, 42.4532077], [1.4864619, 42.4516031], [1.4864003, 42.4502327], [1.4859198, 42.4489531], [1.4866335, 42.4478631], [1.4860389, 42.4468713], [1.4864353, 42.4453774], [1.4870134, 42.4438028], [1.4879822, 42.442759], [1.4882227, 42.444428], [1.4880718, 42.4450469], [1.4881677, 42.4434059], [1.4880829, 42.4433755], [1.4883492, 42.4450406], [1.4888851, 42.4443133], [1.4897495, 42.4430288], [1.4894594, 42.4414848], [1.4902996, 42.4401005], [1.4904612, 42.4385989], [1.4909914, 42.4384385], [1.4924398, 42.4392049], [1.4924693, 42.4407993]], "mood_vectors": [[0.0818, 0.0138, 0.0298, 0.0192, 0.0514, 0.0688, 0.7351], [0.0393, 0.0499, 0.0542, 0.0532, 0.0381, 0.0644, 0.7009], [0.0611, 0.0253, 0.0721, 0.0936, 0.0716, 0.0427, 0.6335], [0.0657, 0.0773, 0.0186, 0.0569, 0.0132, 0.0457, 0.7225], [0.0759, 0.0242, 0.0544, 0.0245, 0.0391, 0.0559, 0.7261], [0.0181, 0.0758, 0.0399, 0.0195, 0.0271, 0.0205, 0.799], [0.0464, 0.0302, 0.0528, 0.0733, 0.0168, 0.0414, 0.7391], [0.0285, 0.067, 0.0569, 0.0606, 0.0453, 0.0456, 0.6961], [0.0836, 0.0657, 0.0193, 0.0864, 0.0531, 0.0472, 0.6448], [0.0833, 0.0714, 0.0752, 0.041, 0.0252, 0.0633, 0.6406], [0.0508, 0.068, 0.0385, 0.0526, 0.0744, 0.0709, 0.6447], [0.0215, 0.0205, 0.0319, 0.068, 0.0711, 0.0237, 0.7634], [0.0695, 0.0446, 0.0743, 0.0749, 0.0212, 0.042, 0.6735], [0.0162, 0.0731, 0.0217, 0.0614, 0.022, 0.0486, 0.757], [0.0136, 0.0262, 0.0191, 0.0238, 0.0318, 0.0817, 0.8039], [0.0591, 0.018, 0.0704, 0.0809, 0.0233, 0.0314, 0.7168], [0.0449, 0.0619, 0.0496, 0.0277, 0.0369, 0.047, 0.732], [0.0377, 0.0343, 0.0275, 0.0657, 0.0504, 0.0253, 0.7592], [0.0502, 0.034, 0.0539, 0.0885, 0.0298, 0.0261, 0.7176], [0.0329, 0.0671, 0.0136, 0.0661, 0.0159, 0.0766, 0.7278], [0.0688, 0.0262, 0.0801, 0.0549, 0.0767, 0.0319, 0.6614], [0.024, 0.0338, 0.0282, 0.0479, 0.1005, 0.0304, 0.7352], [0.0446, 0.0258, 0.0325, 0.0449, 0.0372, 0.0461, 0.7691], [0.0555, 0.0673, 0.0453, 0.0743, 0.0748, 0.0378, 0.6449], [0.061, 0.0535, 0.0393, 0.0614, 0.0611, 0.0851, 0.6387], [0.0489, 0.0284, 0.0485, 0.033, 0.0615, 0.0933, 0.6864], [0.0575, 0.0556, 0.0593, 0.0674, 0.0657, 0.0401, 0.6544], [0.0447, 0.065, 0.0584, 0.02, 0.0469, 0.0462, 0.7188], [0.0739, 0.0728, 0.0346, 0.0859, 0.0339, 0.0415, 0.6574], [0.0449, 0.0256, 0.0403, 0.0633, 0.0229, 0.0597, 0.7433], [0.0317, 0.0401, 0.0699, 0.051, 0.0683, 0.0329, 0.7061], [0.0542, 0.0602, 0.0262, 0.0667, 0.0268, 0.0241, 0.7419], [0.0591, 0.0679, 0.0503, 0.0774, 0.039, 0.0118, 0.6945], [0.0518, 0.0792, 0.0583, 0.0649, 0.072, 0.0401, 0.6335], [0.0367, 0.0179, 0.0486, 0.0166, 0.0222, 0.0514, 0.8067], [0.0589, 0.0445, 0.0703, 0.0681, 0.0669, 0.0133, 0.678], [0.0229, 0.0472, 0.0751, 0.0158, 0.0439, 0.0215, 0.7738], [0.0808, 0.0484, 0.0331, 0.0755, 0.0201, 0.0937, 0.6484], [0.063, 0.042, 0.0556, 0.0502, 0.056, 0.0613, 0.6719], [0.0415, 0.0669, 0.0692, 0.0383, 0.0334, 0.0466, 0.7041], [0.0739, 0.0628, 0.0228, 0.0864, 0.0871, 0.0173, 0.6496], [0.0722, 0.0631, 0.0271, 0.0749, 0.0232, 0.0672, 0.6722], [0.049, 0.0217, 0.0225, 0.0335, 0.0596, 0.0657, 0.748], [0.0137, 0.0348, 0.0304, 0.0325, 0.042, 0.0389, 0.8075], [0.0151, 0.0902, 0.0343, 0.0499, 0.0717, 0.0256, 0.7133], [0.0464, 0.0509, 0.069, 0.0415, 0.0245, 0.0611, 0.7067], [0.0287, 0.0714, 0.0378, 0.075, 0.0769, 0.06, 0.6502], [0.0464, 0.0816, 0.039, 0.0143, 0.0215, 0.0248, 0.7725], [0.0122, 0.0404, 0.0134, 0.0718, 0.0694, 0.0535, 0.7394], [0.0877, 0.0171, 0.026, 0.0508, 0.0943, 0.085, 0.639], [0.035, 0.048, 0.0565, 0.0213, 0.0729, 0.0182, 0.748], [0.0321, 0.0485, 0.0192, 0.0732, 0.0568, 0.0728, 0.6975], [0.0705, 0.0458, 0.0813, 0.0757, 0.0596, 0.0139, 0.6533], [0.0519, 0.0629, 0.0746, 0.0343, 0.0711, 0.072, 0.6333], [0.0122, 0.0614, 0.0377, 0.0506, 0.0493, 0.0736, 0.7153], [0.0762, 0.0559, 0.0578, 0.0711, 0.0319, 0.0701, 0.6369], [0.0269, 0.0664, 0.0228, 0.0248, 0.052, 0.0316, 0.7755], [0.052, 0.058, 0.0564, 0.0192, 0.0595, 0.0609, 0.694], [0.0624, 0.0395, 0.0494, 0.0675, 0.018, 0.0522, 0.711], [0.0578, 0.0268, 0.0779, 0.0141, 0.0763, 0.0219, 0.7251], [0.0571, 0.071, 0.0232, 0.049, 0.0715, 0.0335, 0.6947], [0.0258, 0.0717, 0.0539, 0.0464, 0.0617, 0.0764, 0.6641], [0.0868, 0.0506, 0.0522, 0.0643, 0.0723, 0.0505, 0.6234], [0.0623, 0.0421, 0.0411, 0.0907, 0.0645, 0.0741, 0.6251], [0.0532, 0.022, 0.0163, 0.0589, 0.0881, 0.087, 0.6745], [0.0476, 0.0725, 0.0221, 0.0778, 0.0933, 0.0552, 0.6315], [0.0645, 0.0434, 0.0525, 0.0284, 0.0438, 0.0533, 0.7141], [0.0389, 0.0213, 0.0343, 0.061, 0.0742, 0.0493, 0.721], [0.0329, 0.0197, 0.0627, 0.0426, 0.045, 0.015, 0.7821], [0.0765, 0.0729, 0.0206, 0.0726, 0.0357, 0.0391, 0.6827], [0.0906, 0.0372, 0.0854, 0.0213, 0.027, 0.0258, 0.7128], [0.0398, 0.0335, 0.0654, 0.0702, 0.0713, 0.0734, 0.6464], [0.0505, 0.0258, 0.0797, 0.0691, 0.0667, 0.0798, 0.6284], [0.066, 0.0266, 0.044, 0.0486, 0.0218, 0.0644, 0.7287], [0.0485, 0.0224, 0.0623, 0.0608, 0.0146, 0.0247, 0.7666], [0.0483, 0.0729, 0.0605, 0.0556, 0.057, 0.0804, 0.6253], [0.0929, 0.0324, 0.0535, 0.0238, 0.024, 0.0914, 0.682], [0.0233, 0.0249, 0.0741, 0.074, 0.0482, 0.014, 0.7415], [0.045, 0.0206, 0.0275, 0.0427, 0.0478, 0.0633, 0.7531], [0.0713, 0.044, 0.0525, 0.0651, 0.0587, 0.0218, 0.6867]], "emotions": ["purple", "purple", "purple", "purple", "purple", "purple", "purple", "purple", "purple", "purple", "purple", "purple", "purple", "purple", "purple", "purple", "purple", "purple", "purple", "purple", "purple", "purple", "purple", "purple", "purple", "purple", "purple", "purple", "purple", "purple", "purple", "purple", "purple", "purple", "purple", "purple", "purple", "purple", "purple", "purple", "purple", "purple", "purple", "purple", "purple", "purple", "purple", "purple", "purple", "purple", "purple", "purple", "purple", "purple", "purple", "purple", "purple", "purple", "purple", "purple", "purple", "purple", "purple", "purple", "purple", "purple", "purple", "purple", "purple", "purple", "purple", "purple", "purple", "purple", "purple", "purple", "purple", "purple", "purple", "purple"], "timestamps": [0, 40, 80, 120, 160, 200, 240, 280, 320, 360, 400, 440, 480, 520, 560, 600, 640, 680, 720, 760, 800, 840, 880, 920, 960, 1000, 1040, 1080, 1120, 1160, 1200, 1240, 1280, 1320, 1360, 1400, 1440, 1480, 1520, 1560, 1600, 1640, 1680, 1720, 1760, 1800, 1840, 1880, 1920, 1960, 2000, 2040, 2080, 2120, 2160, 2200, 2240, 2280, 2320, 2360, 2400, 2440, 2480, 2520, 2560, 2600, 2640, 2680, 2720, 2760, 2800, 2840, 2880, 2920, 2960, 3000, 3040, 3080, 3120, 3160]}], "conversation": [], "conversation_timestamps": []}