{"agent_id": "agent-red-1766", "type": "red", "trips": [{"trip_id": 0, "transport_method": "foot", "start_time": 0, "path": [[1.5240009, 42.5054239], [1.5242332, 42.5055668], [1.5244093, 42.5057907], [1.5245927, 42.5060079], [1.5248057, 42.5061968], [1.5250344, 42.5063666], [1.5253019, 42.5062863], [1.5255791, 42.5063218], [1.5258578, 42.5063812], [1.5261366, 42.5064406], [1.5264153, 42.5065001], [1.526694, 42.5065595], [1.5269727, 42.5066189], [1.5267801, 42.5066154], [1.5264954, 42.5066038], [1.5262117, 42.5065806], [1.5259312, 42.5065323], [1.5256562, 42.5064586], [1.5254077, 42.5063255], [1.5255413, 42.5063139], [1.5258199, 42.5063735], [1.5260986, 42.5064331], [1.5263773, 42.5064928], [1.5266559, 42.5065524], [1.5269346, 42.5066121], [1.5272104, 42.5066823], [1.527461, 42.5068123], [1.5276471, 42.5070267], [1.5278455, 42.5072179], [1.5281006, 42.5073412], [1.5283315, 42.5075082], [1.5285624, 42.5076753], [1.5287871, 42.5078504], [1.5290041, 42.5080129], [1.5292508, 42.5081556], [1.5294653, 42.5083414], [1.5296036, 42.5084886], [1.5293553, 42.508349], [1.5293476, 42.5082214], [1.5295727, 42.5083961], [1.5297978, 42.5085709], [1.5300393, 42.50872], [1.530294, 42.5088477], [1.530561, 42.5088835], [1.5307965, 42.5088709], [1.5309292, 42.5090586], [1.5311944, 42.5091628], [1.5314597, 42.5092669], [1.5317307, 42.509354], [1.531995, 42.5094607], [1.5322592, 42.5095674], [1.5325314, 42.5096444], [1.5328141, 42.5096802], [1.5330974, 42.5097103], [1.5333733, 42.5097809], [1.5336479, 42.5098547], [1.5339283, 42.5099055], [1.534211, 42.5099248], [1.5344956, 42.5099191], [1.5347804, 42.5099124], [1.5350651, 42.5099002], [1.5353494, 42.509902], [1.5356337, 42.5099209], [1.5359182, 42.5099371], [1.5362027, 42.5099534], [1.536482, 42.5100007], [1.5367247, 42.5101323], [1.5369266, 42.5103333], [1.5370142, 42.5105962], [1.5371911, 42.5107404], [1.537476, 42.5107338], [1.5377607, 42.5107351], [1.537985, 42.5106684], [1.5381434, 42.5109054], [1.5383332, 42.5111159], [1.5385599, 42.5112538], [1.5388439, 42.5112301], [1.5391279, 42.5112064], [1.5393436, 42.5113363], [1.5395163, 42.511563]], "mood_vectors": [[0.6459, 0.0303, 0.0539, 0.0578, 0.0565, 0.0751, 0.0806], [0.692, 0.049, 0.07, 0.0502, 0.0388, 0.0595, 0.0405], [0.6204, 0.0939, 0.102, 0.0275, 0.0764, 0.052, 0.0278], [0.6445, 0.0625, 0.0813, 0.0438, 0.0361, 0.0651, 0.0667], [0.7284, 0.0811, 0.0222, 0.0525, 0.043, 0.0149, 0.0579], [0.8139, 0.0516, 0.0324, 0.0356, 0.0218, 0.0212, 0.0235], [0.7989, 0.0138, 0.0251, 0.0293, 0.0367, 0.0485, 0.0478], [0.6659, 0.0726, 0.0586, 0.0729, 0.0725, 0.0143, 0.0431], [0.7406, 0.0155, 0.027, 0.0814, 0.0453, 0.0656, 0.0246], [0.7754, 0.0274, 0.0796, 0.0181, 0.0469, 0.0185, 0.0342], [0.7915, 0.0138, 0.0269, 0.0579, 0.0185, 0.0495, 0.0418], [0.6358, 0.0697, 0.0618, 0.0256, 0.0789, 0.0665, 0.0618], [0.7068, 0.0291, 0.0782, 0.0398, 0.0323, 0.0474, 0.0663], [0.6736, 0.042, 0.0268, 0.0791, 0.0767, 0.0277, 0.074], [0.7726, 0.078, 0.0161, 0.0528, 0.0148, 0.0297, 0.0359], [0.6734, 0.0409, 0.0632, 0.0394, 0.0274, 0.0757, 0.0799], [0.7114, 0.0403, 0.0154, 0.0858, 0.0182, 0.0858, 0.0431], [0.7536, 0.0441, 0.0126, 0.0545, 0.0676, 0.0467, 0.0208], [0.7167, 0.0285, 0.0383, 0.0813, 0.0133, 0.0447, 0.0773], [0.7386, 0.0533, 0.0149, 0.0656, 0.0482, 0.0405, 0.0389], [0.7386, 0.0558, 0.0664, 0.0333, 0.0285, 0.0546, 0.0229], [0.6819, 0.0491, 0.0565, 0.0322, 0.0567, 0.0882, 0.0354], [0.6974, 0.0549, 0.056, 0.0519, 0.0665, 0.0448, 0.0286], [0.7065, 0.0159, 0.0699, 0.0182, 0.0551, 0.0914, 0.043], [0.6991, 0.0609, 0.0611, 0.0353, 0.0529, 0.0409, 0.0498], [0.7177, 0.0408, 0.0319, 0.0433, 0.068, 0.0145, 0.0837], [0.6266, 0.0898, 0.0449, 0.0573, 0.0856, 0.0643, 0.0315], [0.709, 0.0538, 0.0672, 0.0242, 0.0618, 0.0571, 0.0269], [0.7332, 0.0494, 0.037, 0.0487, 0.0554, 0.0581, 0.0183], [0.7467, 0.0728, 0.0242, 0.0283, 0.0245, 0.0418, 0.0617], [0.6609, 0.075, 0.074, 0.0576, 0.0251, 0.0696, 0.0378], [0.7721, 0.0592, 0.0148, 0.0372, 0.0537, 0.0411, 0.0218], [0.7346, 0.0351, 0.0201, 0.0613, 0.0355, 0.0585, 0.0549], [0.7513, 0.0608, 0.0209, 0.024, 0.0418, 0.0655, 0.0357], [0.6919, 0.0457, 0.0676, 0.0195, 0.0452, 0.0572, 0.0728], [0.7313, 0.0177, 0.0153, 0.0222, 0.0835, 0.0646, 0.0654], [0.6563, 0.0561, 0.0427, 0.0715, 0.0488, 0.0524, 0.0722], [0.694, 0.064, 0.0137, 0.0529, 0.0572, 0.048, 0.0702], [0.693, 0.0708, 0.0421, 0.0563, 0.0774, 0.0332, 0.0271], [0.7874, 0.0552, 0.048, 0.0152, 0.0161, 0.0231, 0.055], [0.6973, 0.013, 0.0788, 0.027, 0.0629, 0.0379, 0.0832], [0.782, 0.0223, 0.0778, 0.0458, 0.0121, 0.046, 0.014], [0.673, 0.0303, 0.0284, 0.0754, 0.0749, 0.0657, 0.0523], [0.7637, 0.0159, 0.0659, 0.0328, 0.0409, 0.0464, 0.0344], [0.6471, 0.0516, 0.054, 0.038, 0.0446, 0.0721, 0.0926], [0.6131, 0.0219, 0.0831, 0.0388, 0.0746, 0.0777, 0.0907], [0.6815, 0.0434, 0.0637, 0.0793, 0.0286, 0.0629, 0.0406], [0.7618, 0.0144, 0.048, 0.0196, 0.0819, 0.0481, 0.0262], [0.7475, 0.0776, 0.0209, 0.0477, 0.0442, 0.0279, 0.0342], [0.6731, 0.0467, 0.0478, 0.0769, 0.0288, 0.0766, 0.0501], [0.7962, 0.0126, 0.016, 0.0573, 0.0295, 0.0426, 0.0457], [0.6422, 0.0752, 0.0322, 0.0328, 0.0402, 0.0815, 0.096], [0.7722, 0.0286, 0.052, 0.0262, 0.0437, 0.0574, 0.0199], [0.7711, 0.0246, 0.0271, 0.0615, 0.0375, 0.0596, 0.0185], [0.722, 0.0656, 0.0323, 0.0378, 0.0542, 0.0258, 0.0622], [0.6526, 0.0775, 0.0333, 0.0756, 0.0701, 0.0405, 0.0504], [0.68, 0.0812, 0.0812, 0.0456, 0.0631, 0.0276, 0.0214], [0.6759, 0.0586, 0.0349, 0.0497, 0.0744, 0.028, 0.0786], [0.7236, 0.0666, 0.0569, 0.0173, 0.0184, 0.0494, 0.0678], [0.7296, 0.0267, 0.0424, 0.0378, 0.0749, 0.0649, 0.0236], [0.7462, 0.0292, 0.0258, 0.0892, 0.0325, 0.0401, 0.0371], [0.7532, 0.0261, 0.0691, 0.0194, 0.0404, 0.0607, 0.0311], [0.6997, 0.0741, 0.0384, 0.0187, 0.0758, 0.0623, 0.031], [0.7186, 0.0666, 0.033, 0.046, 0.0375, 0.0371, 0.061], [0.7264, 0.0784, 0.0321, 0.0189, 0.0115, 0.0599, 0.0729], [0.743, 0.0399, 0.0446, 0.0609, 0.0466, 0.0369, 0.0281], [0.701, 0.0688, 0.027, 0.0194, 0.0525, 0.0827, 0.0484], [0.6775, 0.0219, 0.0448, 0.0763, 0.0751, 0.0451, 0.0593], [0.711, 0.022, 0.0596, 0.0699, 0.0212, 0.0577, 0.0586], [0.7419, 0.0608, 0.075, 0.0637, 0.0199, 0.0145, 0.0243], [0.6468, 0.0728, 0.0336, 0.0552, 0.0668, 0.0669, 0.0579], [0.6688, 0.0287, 0.0755, 0.0559, 0.0614, 0.0631, 0.0465], [0.6624, 0.0498, 0.0638, 0.0613, 0.0342, 0.0591, 0.0694], [0.6676, 0.0579, 0.0739, 0.0296, 0.0665, 0.0634, 0.0411], [0.6663, 0.0403, 0.056, 0.0822, 0.0472, 0.0767, 0.0313], [0.6628, 0.055, 0.0649, 0.07, 0.0525, 0.0145, 0.0804], [0.6683, 0.0744, 0.0481, 0.0709, 0.0775, 0.0436, 0.0172], [0.7094, 0.0501, 0.0403, 0.0686, 0.0501, 0.0691, 0.0124], [0.7039, 0.0346, 0.0551, 0.0582, 0.0623, 0.0392, 0.0467], [0.6539, 0.0532, 0.0474, 0.0804, 0.0897, 0.0345, 0.0408]], "emotions": ["red", "red", "red", "red", "red", "red", "red", "red", "red", "red", "red", "red", "red", "red", "red", "red", "red", "red", "red", "red", "red", "red", "red", "red", "red", "red", "red", "red", "red", "red", "red", "red", "red", "red", "red", "red", "red", "red", "red", "red", "red", "red", "red", "red", "red", "red", "red", "red", "red", "red", "red", "red", "red", "red", "red", "red", "red", "red", "red", "red", "red", "red", "red", "red", "red", "red", "red", "red", "red", "red", "red", "red", "red", "red", "red", "red", "red", "red", "red", "red"], "timestamps": [0, 40, 80, 120, 160, 200, 240, 280, 320, 360, 400, 440, 480, 520, 560, 600, 640, 680, 720, 760, 800, 840, 880, 920, 960, 1000, 1040, 1080, 1120, 1160, 1200, 1240, 1280, 1320, 1360, 1400, 1440, 1480, 1520, 1560, 1600, 1640, 1680, 1720, 1760, 1800, 1840, 1880, 1920, 1960, 2000, 2040, 2080, 2120, 2160, 2200, 2240, 2280, 2320, 2360, 2400, 2440, 2480, 2520, 2560, 2600, 2640, 2680, 2720, 2760, 2800, 2840, 2880, 2920, 2960, 3000, 3040, 3080, 3120, 3160]}], "conversation": [], "conversation_timestamps": []}