{"agent_id": "agent-green-712", "type": "green", "trips": [{"trip_id": 0, "transport_method": "car", "start_time": 0, "path": [[1.5394892, 42.5119405], [1.5394256, 42.5119089], [1.5393619, 42.5118773], [1.5392983, 42.5118456], [1.5392291, 42.5118327], [1.5391643, 42.5118063], [1.5391021, 42.511772], [1.5390765, 42.5117178], [1.5390633, 42.5116776], [1.5390951, 42.5116529], [1.5391603, 42.5116364], [1.5391888, 42.5115735], [1.5392446, 42.511541], [1.5392826, 42.5114999], [1.5392721, 42.5114296], [1.5392617, 42.5113594], [1.5392512, 42.5112891], [1.5392408, 42.5112188], [1.5391885, 42.5112013], [1.5391177, 42.5112072], [1.5390469, 42.5112131], [1.5389761, 42.5112191], [1.5389053, 42.511225], [1.5388346, 42.5112309], [1.5387638, 42.5112368], [1.538693, 42.5112427], [1.5386222, 42.5112486], [1.5385514, 42.5112546], [1.5384814, 42.511258], [1.5384302, 42.5112089], [1.5383789, 42.5111597], [1.5383276, 42.5111106], [1.5382763, 42.5110614], [1.538225, 42.5110123], [1.538179, 42.5109587], [1.5381395, 42.5108996], [1.5381001, 42.5108405], [1.5380606, 42.5107815], [1.5380211, 42.5107224], [1.5379817, 42.5106633], [1.5379338, 42.5106904], [1.5378838, 42.5107408], [1.5378254, 42.5107467], [1.5377554, 42.5107347], [1.5376846, 42.510729], [1.5376135, 42.5107307], [1.5375425, 42.5107323], [1.5374715, 42.5107339], [1.5374005, 42.5107356], [1.5373295, 42.5107372], [1.5372584, 42.5107388], [1.5371874, 42.5107405], [1.5371164, 42.5107421], [1.5370559, 42.5107291], [1.5370346, 42.5106613], [1.5370134, 42.5105935], [1.5369921, 42.5105257], [1.5369764, 42.5104567], [1.5369668, 42.5103863], [1.5369252, 42.5103319], [1.5368748, 42.5102817], [1.5368245, 42.5102316], [1.5367741, 42.5101815], [1.5367238, 42.5101314], [1.5366734, 42.5100813], [1.5366176, 42.5100468], [1.536547, 42.5100545], [1.5364763, 42.5100621], [1.5364057, 42.5100697], [1.5363515, 42.5101124], [1.5362827, 42.5101304], [1.536214, 42.5101483], [1.5361514, 42.5101744], [1.5361148, 42.5102353], [1.5360782, 42.5102962], [1.5360417, 42.5103571], [1.5359976, 42.5103978], [1.53593, 42.5103759], [1.5358625, 42.5103539], [1.5357949, 42.5103319]], "mood_vectors": [[0.0148, 0.0456, 0.0449, 0.0305, 0.0144, 0.0923, 0.7576], [0.037, 0.0457, 0.0302, 0.0328, 0.0323, 0.066, 0.7559], [0.0286, 0.0489, 0.0759, 0.0565, 0.017, 0.029, 0.7442], [0.0715, 0.0342, 0.0669, 0.0691, 0.025, 0.0309, 0.7024], [0.0405, 0.0264, 0.0599, 0.0526, 0.0473, 0.0668, 0.7066], [0.0578, 0.0362, 0.0239, 0.0211, 0.0265, 0.058, 0.7765], [0.0314, 0.0774, 0.0363, 0.0359, 0.0262, 0.0328, 0.76], [0.0579, 0.06, 0.0365, 0.0632, 0.0691, 0.0429, 0.6703], [0.0676, 0.0625, 0.0202, 0.0172, 0.0212, 0.0615, 0.7498], [0.0545, 0.0511, 0.0238, 0.0712, 0.0692, 0.0616, 0.6686], [0.0159, 0.0606, 0.0143, 0.0869, 0.0656, 0.0494, 0.7073], [0.0318, 0.0791, 0.0711, 0.0762, 0.0167, 0.0665, 0.6586], [0.0488, 0.0789, 0.0621, 0.0398, 0.0776, 0.0392, 0.6535], [0.0737, 0.0581, 0.0685, 0.051, 0.016, 0.0176, 0.7152], [0.0164, 0.0773, 0.0408, 0.0682, 0.0415, 0.0248, 0.7311], [0.0364, 0.0599, 0.0617, 0.0784, 0.0123, 0.0118, 0.7395], [0.0328, 0.0885, 0.03, 0.086, 0.0397, 0.062, 0.661], [0.0203, 0.0734, 0.0453, 0.0368, 0.0247, 0.0612, 0.7383], [0.0544, 0.0739, 0.0215, 0.0382, 0.048, 0.0714, 0.6925], [0.0672, 0.0542, 0.0684, 0.056, 0.0534, 0.0583, 0.6425], [0.0359, 0.0889, 0.0837, 0.0488, 0.0366, 0.0525, 0.6535], [0.0627, 0.0841, 0.0795, 0.0675, 0.0668, 0.0123, 0.6271], [0.0303, 0.0585, 0.0138, 0.0511, 0.0751, 0.0425, 0.7288], [0.0579, 0.026, 0.0634, 0.0559, 0.0611, 0.0297, 0.706], [0.0548, 0.0517, 0.0699, 0.0423, 0.0515, 0.0552, 0.6746], [0.0415, 0.0503, 0.0408, 0.0385, 0.0553, 0.0415, 0.7321], [0.0316, 0.0712, 0.0421, 0.0238, 0.0563, 0.0451, 0.7299], [0.0215, 0.0216, 0.0568, 0.0537, 0.065, 0.0331, 0.7483], [0.0311, 0.0351, 0.0739, 0.0442, 0.0213, 0.0332, 0.7612], [0.0221, 0.0369, 0.0628, 0.019, 0.0231, 0.0401, 0.796], [0.0558, 0.0657, 0.072, 0.0477, 0.0169, 0.056, 0.6859], [0.054, 0.0275, 0.0321, 0.0713, 0.0702, 0.0526, 0.6923], [0.0533, 0.0238, 0.0423, 0.0364, 0.0538, 0.0258, 0.7646], [0.0198, 0.07, 0.021, 0.095, 0.0851, 0.0507, 0.6583], [0.0735, 0.0281, 0.0244, 0.0572, 0.0498, 0.0723, 0.6947], [0.0263, 0.056, 0.036, 0.0671, 0.0621, 0.0613, 0.6911], [0.0519, 0.076, 0.021, 0.0716, 0.0477, 0.0886, 0.6431], [0.0467, 0.0294, 0.034, 0.0289, 0.0391, 0.0527, 0.7692], [0.0158, 0.0235, 0.0857, 0.1001, 0.0239, 0.0198, 0.7311], [0.0485, 0.0587, 0.0634, 0.0635, 0.029, 0.0567, 0.6802], [0.0389, 0.0286, 0.0518, 0.0426, 0.0405, 0.0263, 0.7712], [0.0683, 0.0134, 0.0916, 0.0746, 0.0863, 0.0778, 0.5882], [0.0685, 0.0471, 0.0646, 0.0141, 0.0745, 0.0423, 0.689], [0.0426, 0.0546, 0.0267, 0.079, 0.023, 0.0796, 0.6947], [0.044, 0.015, 0.0582, 0.0173, 0.0648, 0.0409, 0.7598], [0.0509, 0.0837, 0.0562, 0.0724, 0.0335, 0.0492, 0.6541], [0.0622, 0.0372, 0.0538, 0.0572, 0.0302, 0.0546, 0.7048], [0.0575, 0.0687, 0.016, 0.0637, 0.0634, 0.0287, 0.702], [0.0497, 0.0489, 0.0711, 0.0669, 0.0518, 0.0511, 0.6604], [0.0353, 0.0622, 0.0166, 0.0319, 0.0824, 0.0196, 0.7521], [0.0378, 0.0741, 0.0464, 0.0796, 0.0621, 0.0547, 0.6453], [0.0766, 0.0568, 0.0131, 0.0383, 0.0407, 0.0326, 0.7419], [0.0848, 0.0516, 0.0198, 0.053, 0.0333, 0.0768, 0.6807], [0.0537, 0.0765, 0.0745, 0.0543, 0.0279, 0.0228, 0.6903], [0.0235, 0.0328, 0.0361, 0.0149, 0.0153, 0.0258, 0.8515], [0.0943, 0.0156, 0.0501, 0.0727, 0.0485, 0.0547, 0.6641], [0.0117, 0.013, 0.0166, 0.0743, 0.0403, 0.0446, 0.7996], [0.0708, 0.0154, 0.075, 0.0577, 0.0282, 0.0729, 0.6801], [0.034, 0.0385, 0.0571, 0.0801, 0.0414, 0.0315, 0.7174], [0.0208, 0.0659, 0.0807, 0.0753, 0.0485, 0.0593, 0.6494], [0.049, 0.0675, 0.019, 0.0515, 0.0387, 0.0289, 0.7453], [0.0793, 0.0817, 0.0713, 0.0265, 0.0237, 0.0878, 0.6296], [0.0821, 0.0294, 0.0547, 0.0438, 0.0453, 0.0361, 0.7086], [0.0767, 0.0174, 0.0923, 0.0582, 0.0384, 0.0504, 0.6666], [0.043, 0.0188, 0.0713, 0.0347, 0.0358, 0.0273, 0.7692], [0.076, 0.0236, 0.0444, 0.049, 0.0372, 0.0593, 0.7105], [0.0683, 0.0719, 0.0691, 0.0221, 0.0564, 0.0163, 0.6959], [0.0453, 0.0498, 0.0362, 0.0152, 0.0848, 0.0338, 0.7349], [0.0633, 0.0508, 0.0796, 0.0381, 0.071, 0.0331, 0.6641], [0.0355, 0.0204, 0.0313, 0.0529, 0.0751, 0.0143, 0.7705], [0.0239, 0.0138, 0.0243, 0.0572, 0.0577, 0.0765, 0.7466], [0.0375, 0.0791, 0.0611, 0.0871, 0.041, 0.0535, 0.6407], [0.065, 0.078, 0.0508, 0.0333, 0.0643, 0.0138, 0.6949], [0.0426, 0.0772, 0.0452, 0.0266, 0.0562, 0.0283, 0.7238], [0.0561, 0.057, 0.0674, 0.0147, 0.0413, 0.0277, 0.7358], [0.075, 0.02, 0.0766, 0.0729, 0.0576, 0.0784, 0.6195], [0.0282, 0.0842, 0.0729, 0.0737, 0.0668, 0.0673, 0.6069], [0.0802, 0.0711, 0.0877, 0.0204, 0.0375, 0.0522, 0.6509], [0.0548, 0.0169, 0.0575, 0.0633, 0.0521, 0.0307, 0.7247], [0.0166, 0.0798, 0.044, 0.0249, 0.0323, 0.0745, 0.728]], "emotions": ["purple", "purple", "purple", "purple", "purple", "purple", "purple", "purple", "purple", "purple", "purple", "purple", "purple", "purple", "purple", "purple", "purple", "purple", "purple", "purple", "purple", "purple", "purple", "purple", "purple", "purple", "purple", "purple", "purple", "purple", "purple", "purple", "purple", "purple", "purple", "purple", "purple", "purple", "purple", "purple", "purple", "purple", "purple", "purple", "purple", "purple", "purple", "purple", "purple", "purple", "purple", "purple", "purple", "purple", "purple", "purple", "purple", "purple", "purple", "purple", "purple", "purple", "purple", "purple", "purple", "purple", "purple", "purple", "purple", "purple", "purple", "purple", "purple", "purple", "purple", "purple", "purple", "purple", "purple", "purple"], "timestamps": [0, 40, 80, 120, 160, 200, 240, 280, 320, 360, 400, 440, 480, 520, 560, 600, 640, 680, 720, 760, 800, 840, 880, 920, 960, 1000, 1040, 1080, 1120, 1160, 1200, 1240, 1280, 1320, 1360, 1400, 1440, 1480, 1520, 1560, 1600, 1640, 1680, 1720, 1760, 1800, 1840, 1880, 1920, 1960, 2000, 2040, 2080, 2120, 2160, 2200, 2240, 2280, 2320, 2360, 2400, 2440, 2480, 2520, 2560, 2600, 2640, 2680, 2720, 2760, 2800, 2840, 2880, 2920, 2960, 3000, 3040, 3080, 3120, 3160]}], "conversation": [], "conversation_timestamps": []}