{"agent_id": "agent-red-1076", "type": "red", "trips": [{"trip_id": 0, "transport_method": "foot", "start_time": 0, "path": [[1.5494349, 42.5079187], [1.5499935, 42.5071604], [1.5504895, 42.5063433], [1.5501038, 42.5068802], [1.549555, 42.507663], [1.549367, 42.5073692], [1.5493833, 42.5065408], [1.5488437, 42.5072979], [1.5480432, 42.5078124], [1.5475453, 42.5081199], [1.5482885, 42.5075471], [1.5485636, 42.5075054], [1.5477657, 42.5080319], [1.5470727, 42.5086494], [1.5462844, 42.5091573], [1.5453858, 42.5093573], [1.5444324, 42.5093054], [1.5434837, 42.5093259], [1.5426098, 42.509426], [1.5420954, 42.5102207], [1.5417988, 42.5110947], [1.5412323, 42.5116464], [1.5403473, 42.511941], [1.5394561, 42.5122301], [1.5385967, 42.5126062], [1.5376533, 42.5127583], [1.5367356, 42.5130229], [1.5358441, 42.5133604], [1.5348968, 42.5134834], [1.533954, 42.513642], [1.5330386, 42.5139106], [1.5322263, 42.5143996], [1.5315399, 42.5150524], [1.5311298, 42.5153703], [1.530343, 42.5159079], [1.5295234, 42.5163759], [1.5286674, 42.5166741], [1.5278471, 42.5169162], [1.5269785, 42.5173154], [1.5261076, 42.5177052], [1.5253865, 42.518331], [1.5246273, 42.5189121], [1.5239795, 42.5195723], [1.5236941, 42.5204745], [1.5232145, 42.5213005], [1.5224608, 42.5218798], [1.521864, 42.5226069], [1.5214654, 42.5234631], [1.5208741, 42.5242124], [1.5206184, 42.5251154], [1.5205761, 42.5260701], [1.5201082, 42.5268857], [1.5201255, 42.5277578], [1.5206184, 42.5285672], [1.5204796, 42.5294804], [1.5197919, 42.5301065], [1.5198158, 42.5309136], [1.5195614, 42.5318018], [1.5197276, 42.532731], [1.5195035, 42.5336396], [1.5199044, 42.5344417], [1.5205918, 42.5351059], [1.5213056, 42.535738], [1.5206212, 42.5363399], [1.5200778, 42.5371183], [1.5202029, 42.5364463], [1.5205525, 42.5357935], [1.5197814, 42.5352352], [1.5199769, 42.5358948], [1.519476, 42.5366612], [1.5187656, 42.5369335], [1.517819, 42.5369032], [1.5169829, 42.5364978], [1.5164812, 42.5364292], [1.5161154, 42.5372634], [1.5153578, 42.5378321], [1.5145667, 42.5383604], [1.513782, 42.5388065], [1.5132377, 42.5395915], [1.5125595, 42.5401235]], "mood_vectors": [[0.7478, 0.0361, 0.0861, 0.0248, 0.0378, 0.0403, 0.0271], [0.7713, 0.062, 0.046, 0.0276, 0.0162, 0.039, 0.038], [0.7599, 0.0263, 0.0323, 0.0813, 0.0156, 0.0335, 0.0511], [0.6923, 0.071, 0.0634, 0.0699, 0.025, 0.0368, 0.0417], [0.6982, 0.0671, 0.0306, 0.0614, 0.0553, 0.0118, 0.0756], [0.7226, 0.0312, 0.0508, 0.0138, 0.0459, 0.0675, 0.0681], [0.6602, 0.0572, 0.033, 0.0342, 0.0775, 0.0741, 0.0638], [0.6745, 0.0621, 0.0636, 0.0644, 0.0682, 0.0206, 0.0465], [0.6685, 0.0789, 0.0576, 0.0496, 0.0298, 0.0366, 0.079], [0.7355, 0.0306, 0.0358, 0.0769, 0.066, 0.022, 0.0333], [0.758, 0.0276, 0.0157, 0.06, 0.0747, 0.0174, 0.0467], [0.7785, 0.0276, 0.0305, 0.0264, 0.0176, 0.0467, 0.0728], [0.6517, 0.0517, 0.0669, 0.0557, 0.0808, 0.0497, 0.0434], [0.7303, 0.0268, 0.0242, 0.0767, 0.0436, 0.0799, 0.0185], [0.6772, 0.0593, 0.0229, 0.0537, 0.0585, 0.0297, 0.0987], [0.6875, 0.061, 0.0625, 0.0782, 0.0372, 0.044, 0.0295], [0.6843, 0.0824, 0.0421, 0.0521, 0.0416, 0.0574, 0.04], [0.6963, 0.0516, 0.0485, 0.0547, 0.0641, 0.0305, 0.0545], [0.6986, 0.0926, 0.082, 0.042, 0.0319, 0.0317, 0.0212], [0.651, 0.073, 0.057, 0.0366, 0.0856, 0.0436, 0.0532], [0.7183, 0.0245, 0.0445, 0.0305, 0.0843, 0.0576, 0.0402], [0.6686, 0.0666, 0.0598, 0.0662, 0.0127, 0.0596, 0.0666], [0.7224, 0.0223, 0.0245, 0.0543, 0.0654, 0.0603, 0.0508], [0.6778, 0.0392, 0.0684, 0.0571, 0.0724, 0.0676, 0.0176], [0.7256, 0.0156, 0.0586, 0.0658, 0.0684, 0.0425, 0.0234], [0.6642, 0.0743, 0.084, 0.026, 0.0796, 0.0405, 0.0313], [0.7853, 0.0331, 0.0223, 0.0548, 0.0184, 0.0176, 0.0686], [0.7509, 0.0136, 0.0465, 0.0662, 0.0805, 0.0267, 0.0155], [0.6432, 0.055, 0.0415, 0.0387, 0.0844, 0.0632, 0.074], [0.6535, 0.0701, 0.0551, 0.0357, 0.0786, 0.061, 0.0461], [0.6474, 0.0723, 0.0357, 0.0799, 0.0801, 0.0343, 0.0502], [0.7262, 0.0781, 0.0193, 0.0673, 0.0148, 0.0242, 0.0701], [0.7976, 0.0409, 0.0613, 0.0193, 0.0478, 0.0151, 0.0181], [0.7136, 0.0219, 0.0346, 0.0583, 0.0565, 0.0672, 0.0478], [0.656, 0.0406, 0.0896, 0.0301, 0.0375, 0.0808, 0.0653], [0.7262, 0.0358, 0.064, 0.0591, 0.0303, 0.0644, 0.0202], [0.6898, 0.0392, 0.0859, 0.0362, 0.0308, 0.043, 0.0751], [0.7599, 0.0374, 0.0347, 0.0427, 0.0662, 0.0153, 0.0437], [0.7098, 0.0498, 0.0276, 0.0503, 0.0501, 0.063, 0.0495], [0.7482, 0.0231, 0.0199, 0.0728, 0.0296, 0.0627, 0.0438], [0.7624, 0.0413, 0.0682, 0.031, 0.0219, 0.0419, 0.0332], [0.8057, 0.022, 0.0441, 0.0415, 0.0369, 0.0159, 0.0338], [0.6247, 0.0532, 0.0757, 0.05, 0.0575, 0.0822, 0.0566], [0.7569, 0.0479, 0.0617, 0.0754, 0.0194, 0.0252, 0.0135], [0.6496, 0.0799, 0.0537, 0.0715, 0.0404, 0.052, 0.0528], [0.7486, 0.0631, 0.0254, 0.0207, 0.0636, 0.0339, 0.0447], [0.7238, 0.0239, 0.0289, 0.0682, 0.0697, 0.0506, 0.035], [0.6981, 0.0523, 0.0696, 0.0648, 0.0419, 0.0195, 0.0538], [0.7441, 0.0759, 0.0351, 0.023, 0.0532, 0.0301, 0.0386], [0.7392, 0.0431, 0.022, 0.0302, 0.045, 0.0506, 0.0699], [0.666, 0.0374, 0.0477, 0.0448, 0.1028, 0.0324, 0.069], [0.7162, 0.0453, 0.0451, 0.0306, 0.0712, 0.0139, 0.0776], [0.6741, 0.072, 0.0763, 0.0566, 0.0434, 0.055, 0.0227], [0.6608, 0.0394, 0.0547, 0.0387, 0.0736, 0.0742, 0.0586], [0.6694, 0.0221, 0.0589, 0.0883, 0.0634, 0.0438, 0.0542], [0.653, 0.0201, 0.0818, 0.0499, 0.0819, 0.086, 0.0274], [0.6221, 0.024, 0.0831, 0.0891, 0.0394, 0.0591, 0.0832], [0.6867, 0.0409, 0.0159, 0.0692, 0.0477, 0.0589, 0.0806], [0.7255, 0.0306, 0.0485, 0.0327, 0.0547, 0.0685, 0.0394], [0.6368, 0.0679, 0.0398, 0.0628, 0.074, 0.0421, 0.0764], [0.6835, 0.0436, 0.0793, 0.0417, 0.0795, 0.0448, 0.0276], [0.7089, 0.0153, 0.0699, 0.0718, 0.0327, 0.0456, 0.0558], [0.6525, 0.0377, 0.0835, 0.0226, 0.0747, 0.0744, 0.0545], [0.6841, 0.0152, 0.0476, 0.0486, 0.0841, 0.0476, 0.0727], [0.6863, 0.0706, 0.0455, 0.0526, 0.0385, 0.0421, 0.0644], [0.6471, 0.0194, 0.0498, 0.0852, 0.0519, 0.0728, 0.0738], [0.6856, 0.0652, 0.0714, 0.0648, 0.0325, 0.0155, 0.065], [0.778, 0.0162, 0.0265, 0.0895, 0.0269, 0.0252, 0.0375], [0.7621, 0.0508, 0.0569, 0.0341, 0.0396, 0.0186, 0.0379], [0.7193, 0.0764, 0.0258, 0.0288, 0.0407, 0.0507, 0.0583], [0.6437, 0.0339, 0.0548, 0.0619, 0.0667, 0.0682, 0.0707], [0.6441, 0.0807, 0.0404, 0.0657, 0.0471, 0.0721, 0.05], [0.7594, 0.0535, 0.0352, 0.0132, 0.0291, 0.0385, 0.0712], [0.6916, 0.0361, 0.059, 0.0341, 0.0626, 0.0468, 0.0697], [0.6421, 0.0707, 0.0343, 0.0787, 0.0469, 0.0381, 0.0892], [0.7555, 0.0309, 0.0315, 0.0696, 0.0212, 0.062, 0.0293], [0.7386, 0.0414, 0.0389, 0.0318, 0.0297, 0.0767, 0.0429], [0.6758, 0.0694, 0.037, 0.064, 0.0336, 0.0604, 0.0598], [0.6542, 0.0155, 0.0721, 0.0681, 0.0532, 0.0616, 0.0753], [0.6884, 0.071, 0.0393, 0.0401, 0.0299, 0.0677, 0.0635]], "emotions": ["red", "red", "red", "red", "red", "red", "red", "red", "red", "red", "red", "red", "red", "red", "red", "red", "red", "red", "red", "red", "red", "red", "red", "red", "red", "red", "red", "red", "red", "red", "red", "red", "red", "red", "red", "red", "red", "red", "red", "red", "red", "red", "red", "red", "red", "red", "red", "red", "red", "red", "red", "red", "red", "red", "red", "red", "red", "red", "red", "red", "red", "red", "red", "red", "red", "red", "red", "red", "red", "red", "red", "red", "red", "red", "red", "red", "red", "red", "red", "red"], "timestamps": [0, 40, 80, 120, 160, 200, 240, 280, 320, 360, 400, 440, 480, 520, 560, 600, 640, 680, 720, 760, 800, 840, 880, 920, 960, 1000, 1040, 1080, 1120, 1160, 1200, 1240, 1280, 1320, 1360, 1400, 1440, 1480, 1520, 1560, 1600, 1640, 1680, 1720, 1760, 1800, 1840, 1880, 1920, 1960, 2000, 2040, 2080, 2120, 2160, 2200, 2240, 2280, 2320, 2360, 2400, 2440, 2480, 2520, 2560, 2600, 2640, 2680, 2720, 2760, 2800, 2840, 2880, 2920, 2960, 3000, 3040, 3080, 3120, 3160]}], "conversation": [], "conversation_timestamps": []}