{"agent_id": "agent-red-1116", "type": "red", "trips": [{"trip_id": 0, "transport_method": "foot", "start_time": 0, "path": [[1.5032778, 42.4954155], [1.5026312, 42.4951876], [1.5020399, 42.494858], [1.5014279, 42.4945488], [1.5008084, 42.4942552], [1.5006443, 42.4941426], [1.501264, 42.494436], [1.5018866, 42.4947229], [1.5025047, 42.4950194], [1.5031264, 42.4953079], [1.5037772, 42.4955222], [1.5043995, 42.4958031], [1.5050074, 42.496119], [1.5056562, 42.4963396], [1.5063059, 42.4965583], [1.506952, 42.4967876], [1.5075957, 42.4970236], [1.5082265, 42.4972908], [1.5088444, 42.4975879], [1.5094602, 42.4978893], [1.5100709, 42.4982008], [1.5105619, 42.4986713], [1.5109877, 42.4992087], [1.5114134, 42.4997462], [1.5118342, 42.5002874], [1.512246, 42.5008356], [1.5126578, 42.5013838], [1.5130574, 42.5019407], [1.513161, 42.5021159], [1.5129636, 42.5018004], [1.5133547, 42.5023635], [1.5135854, 42.5026006], [1.5140796, 42.5030758], [1.5145739, 42.5035509], [1.5150682, 42.5040261], [1.5155624, 42.5045013], [1.5160796, 42.5049505], [1.5167098, 42.5052155], [1.5172617, 42.505398], [1.5179221, 42.5053874], [1.5185938, 42.5054506], [1.519273, 42.5055397], [1.5199402, 42.5056975], [1.5205976, 42.5058838], [1.5212328, 42.5060573], [1.5218773, 42.5062904], [1.5225332, 42.5064901], [1.5232007, 42.5066415], [1.5238668, 42.5068021], [1.5245386, 42.5068736], [1.5251776, 42.5070586], [1.5258586, 42.5071378], [1.5265397, 42.5072169], [1.5261657, 42.507194], [1.5254863, 42.5071032], [1.5254867, 42.5070829], [1.52617, 42.507139], [1.5268533, 42.5071952], [1.5275373, 42.5072429], [1.5281857, 42.5074028], [1.5287371, 42.50781], [1.5292953, 42.5081814], [1.5294565, 42.5084096], [1.5295709, 42.5083948], [1.53014, 42.5087725], [1.5307846, 42.5088337], [1.5312501, 42.5091846], [1.5318935, 42.5094197], [1.5325375, 42.5096453], [1.5332165, 42.5097366], [1.5338816, 42.5098971], [1.5345638, 42.5099216], [1.5352488, 42.5098924], [1.5359328, 42.509938], [1.5366073, 42.5100364], [1.5372914, 42.5100237], [1.5379766, 42.5100443], [1.538662, 42.5100629], [1.5391044, 42.5104681], [1.5395397, 42.5109056]], "mood_vectors": [[0.6409, 0.0746, 0.072, 0.0737, 0.0602, 0.034, 0.0446], [0.6665, 0.0346, 0.0565, 0.0921, 0.0376, 0.0641, 0.0485], [0.6499, 0.0729, 0.0773, 0.0436, 0.037, 0.0653, 0.054], [0.71, 0.0396, 0.0715, 0.0178, 0.0508, 0.0511, 0.0593], [0.7724, 0.0183, 0.0123, 0.077, 0.0546, 0.018, 0.0474], [0.7945, 0.0176, 0.068, 0.018, 0.0241, 0.0517, 0.0261], [0.6806, 0.0736, 0.0313, 0.0346, 0.0801, 0.0298, 0.0701], [0.728, 0.0212, 0.0682, 0.054, 0.0649, 0.0161, 0.0475], [0.6798, 0.0597, 0.0701, 0.0198, 0.0788, 0.0722, 0.0195], [0.7287, 0.0417, 0.0545, 0.0167, 0.0777, 0.0268, 0.0539], [0.7897, 0.0236, 0.0336, 0.0203, 0.0333, 0.046, 0.0534], [0.6031, 0.0616, 0.0653, 0.0946, 0.0284, 0.0725, 0.0746], [0.7171, 0.0683, 0.0551, 0.0166, 0.0523, 0.0509, 0.0396], [0.7193, 0.027, 0.0591, 0.0504, 0.0677, 0.0362, 0.0402], [0.7423, 0.0222, 0.0374, 0.0726, 0.0421, 0.0623, 0.021], [0.6464, 0.0297, 0.0671, 0.089, 0.038, 0.0746, 0.0553], [0.7212, 0.0491, 0.0672, 0.0235, 0.0307, 0.0728, 0.0355], [0.7137, 0.0961, 0.0286, 0.0913, 0.0244, 0.018, 0.0279], [0.6899, 0.0737, 0.0332, 0.0876, 0.0285, 0.0298, 0.0572], [0.744, 0.0318, 0.0436, 0.0296, 0.0586, 0.0453, 0.0471], [0.7116, 0.0366, 0.0691, 0.072, 0.0153, 0.0314, 0.064], [0.6758, 0.0617, 0.0808, 0.0195, 0.0558, 0.0588, 0.0476], [0.6472, 0.0549, 0.0585, 0.0296, 0.0798, 0.0679, 0.0622], [0.7152, 0.0193, 0.0724, 0.0508, 0.0418, 0.0733, 0.0273], [0.8143, 0.0196, 0.0305, 0.03, 0.0344, 0.0157, 0.0556], [0.7052, 0.0522, 0.0747, 0.0314, 0.0469, 0.0333, 0.0562], [0.6846, 0.0285, 0.0533, 0.0612, 0.0632, 0.0508, 0.0584], [0.6373, 0.0766, 0.0619, 0.0548, 0.075, 0.0407, 0.0536], [0.7207, 0.0532, 0.0252, 0.0848, 0.0541, 0.0343, 0.0278], [0.7161, 0.055, 0.0255, 0.0774, 0.0652, 0.0355, 0.0253], [0.6822, 0.0625, 0.074, 0.0595, 0.0323, 0.0362, 0.0533], [0.719, 0.061, 0.0597, 0.0522, 0.0564, 0.0262, 0.0255], [0.7643, 0.0426, 0.0283, 0.0582, 0.0197, 0.0458, 0.0411], [0.7143, 0.0607, 0.0725, 0.0377, 0.014, 0.0761, 0.0247], [0.716, 0.0548, 0.0598, 0.0563, 0.013, 0.0592, 0.041], [0.8052, 0.0251, 0.0158, 0.0249, 0.0227, 0.0295, 0.0767], [0.6742, 0.075, 0.024, 0.0578, 0.0576, 0.0735, 0.0379], [0.6775, 0.04, 0.0433, 0.0888, 0.0689, 0.0568, 0.0247], [0.6884, 0.08, 0.0404, 0.0205, 0.0278, 0.0518, 0.0912], [0.7598, 0.067, 0.0475, 0.0283, 0.0202, 0.0383, 0.039], [0.7967, 0.0622, 0.0198, 0.0442, 0.022, 0.0371, 0.0181], [0.7038, 0.0794, 0.0815, 0.0242, 0.0335, 0.058, 0.0195], [0.6287, 0.0533, 0.0155, 0.0472, 0.0619, 0.09, 0.1034], [0.712, 0.0357, 0.0633, 0.0469, 0.0673, 0.0408, 0.034], [0.753, 0.0535, 0.0465, 0.0163, 0.0616, 0.0211, 0.048], [0.6987, 0.0335, 0.0214, 0.0601, 0.0588, 0.0781, 0.0494], [0.7594, 0.0169, 0.0663, 0.0381, 0.0363, 0.0553, 0.0277], [0.6789, 0.0213, 0.0427, 0.0541, 0.0711, 0.0565, 0.0754], [0.7315, 0.0472, 0.0152, 0.0451, 0.0742, 0.0588, 0.0279], [0.6767, 0.0447, 0.0806, 0.0676, 0.0587, 0.0549, 0.0168], [0.7533, 0.0316, 0.067, 0.0415, 0.0142, 0.0679, 0.0245], [0.7429, 0.0149, 0.0236, 0.0309, 0.062, 0.0837, 0.0419], [0.6869, 0.0473, 0.0615, 0.0761, 0.0137, 0.0838, 0.0306], [0.7267, 0.0362, 0.0532, 0.0376, 0.0708, 0.0409, 0.0346], [0.7387, 0.0262, 0.0412, 0.045, 0.0203, 0.0782, 0.0505], [0.7311, 0.0747, 0.031, 0.0801, 0.042, 0.0165, 0.0246], [0.6453, 0.0851, 0.0399, 0.068, 0.0781, 0.0596, 0.0239], [0.711, 0.0366, 0.0681, 0.0429, 0.053, 0.0227, 0.0657], [0.7409, 0.0665, 0.0429, 0.0539, 0.0148, 0.0433, 0.0377], [0.6221, 0.0893, 0.0376, 0.0647, 0.0838, 0.0216, 0.081], [0.6012, 0.0692, 0.0813, 0.0704, 0.081, 0.0485, 0.0485], [0.6722, 0.0251, 0.0322, 0.0837, 0.0939, 0.0317, 0.0612], [0.6251, 0.0271, 0.0972, 0.0622, 0.0655, 0.0683, 0.0546], [0.7079, 0.069, 0.0259, 0.0642, 0.0822, 0.0346, 0.0163], [0.8054, 0.024, 0.0515, 0.0158, 0.0484, 0.034, 0.0209], [0.6802, 0.0704, 0.0493, 0.0239, 0.054, 0.0379, 0.0843], [0.6673, 0.0797, 0.0333, 0.084, 0.0448, 0.039, 0.0519], [0.672, 0.0422, 0.0371, 0.0396, 0.0511, 0.1007, 0.0572], [0.6998, 0.0435, 0.048, 0.0941, 0.0254, 0.0591, 0.0301], [0.7876, 0.017, 0.0401, 0.0625, 0.0402, 0.0288, 0.0238], [0.7457, 0.0439, 0.0493, 0.0247, 0.0562, 0.0507, 0.0294], [0.8095, 0.0361, 0.0542, 0.0374, 0.0209, 0.0276, 0.0143], [0.6998, 0.0681, 0.0128, 0.0645, 0.0418, 0.0675, 0.0455], [0.7415, 0.0398, 0.0269, 0.0272, 0.0498, 0.0574, 0.0573], [0.6693, 0.0243, 0.0811, 0.0695, 0.0296, 0.0532, 0.073], [0.705, 0.0343, 0.0553, 0.0657, 0.0458, 0.0414, 0.0525], [0.6871, 0.0264, 0.0616, 0.055, 0.0485, 0.0766, 0.0448], [0.7131, 0.0132, 0.0613, 0.0628, 0.0289, 0.0681, 0.0525], [0.7204, 0.0414, 0.0512, 0.0231, 0.074, 0.0532, 0.0368], [0.6896, 0.03, 0.0152, 0.055, 0.0861, 0.047, 0.0771]], "emotions": ["red", "red", "red", "red", "red", "red", "red", "red", "red", "red", "red", "red", "red", "red", "red", "red", "red", "red", "red", "red", "red", "red", "red", "red", "red", "red", "red", "red", "red", "red", "red", "red", "red", "red", "red", "red", "red", "red", "red", "red", "red", "red", "red", "red", "red", "red", "red", "red", "red", "red", "red", "red", "red", "red", "red", "red", "red", "red", "red", "red", "red", "red", "red", "red", "red", "red", "red", "red", "red", "red", "red", "red", "red", "red", "red", "red", "red", "red", "red", "red"], "timestamps": [0, 40, 80, 120, 160, 200, 240, 280, 320, 360, 400, 440, 480, 520, 560, 600, 640, 680, 720, 760, 800, 840, 880, 920, 960, 1000, 1040, 1080, 1120, 1160, 1200, 1240, 1280, 1320, 1360, 1400, 1440, 1480, 1520, 1560, 1600, 1640, 1680, 1720, 1760, 1800, 1840, 1880, 1920, 1960, 2000, 2040, 2080, 2120, 2160, 2200, 2240, 2280, 2320, 2360, 2400, 2440, 2480, 2520, 2560, 2600, 2640, 2680, 2720, 2760, 2800, 2840, 2880, 2920, 2960, 3000, 3040, 3080, 3120, 3160]}], "conversation": [], "conversation_timestamps": []}