{"agent_id": "agent-green-1047", "type": "green", "trips": [{"trip_id": 0, "transport_method": "foot", "start_time": 0, "path": [[1.5398518, 42.5129998], [1.5398049, 42.5132923], [1.5395418, 42.5134926], [1.5393255, 42.5134416], [1.539016, 42.5133353], [1.5387125, 42.5132037], [1.5384035, 42.5130838], [1.5383229, 42.5129922], [1.5385236, 42.5131903], [1.5387919, 42.5133828], [1.5388113, 42.5132316], [1.5385109, 42.5130914], [1.5382415, 42.5129398], [1.5384471, 42.5127004], [1.538397, 42.5126739], [1.5380682, 42.5127156], [1.5377383, 42.5127475], [1.5374167, 42.5128241], [1.5370963, 42.512909], [1.5368467, 42.5126992], [1.5366217, 42.5124794], [1.5365143, 42.5123347], [1.5365482, 42.5120492], [1.5363275, 42.5118027], [1.5361044, 42.511559], [1.5358035, 42.5114369], [1.5355033, 42.5112964], [1.5352269, 42.5111174], [1.5349888, 42.5108905], [1.5347419, 42.5106713], [1.5344845, 42.5104624], [1.5342271, 42.5102535], [1.5339943, 42.5100244], [1.5339713, 42.5097093], [1.5340283, 42.5093827], [1.5339931, 42.5095068], [1.5339109, 42.509823], [1.5339711, 42.5096659], [1.5340179, 42.5093378], [1.5340647, 42.5090096], [1.5341092, 42.5086812], [1.533919, 42.5085049], [1.5335905, 42.5084609], [1.5332619, 42.5084169], [1.5329334, 42.5083729], [1.5326048, 42.5083289], [1.5324118, 42.5081407], [1.5322374, 42.5078596], [1.5320127, 42.5076159], [1.5318067, 42.5073562], [1.5319282, 42.5074797], [1.5318358, 42.5075052], [1.5315501, 42.5073369], [1.5312645, 42.5071687], [1.5309713, 42.5070155], [1.5306664, 42.5068854], [1.5303825, 42.5067174], [1.5301069, 42.5065333], [1.5298368, 42.5063411], [1.5295664, 42.5061494], [1.5292942, 42.5059602], [1.5290031, 42.5058112], [1.5286838, 42.505722], [1.5283646, 42.5056327], [1.5280447, 42.5055458], [1.527725, 42.5054585], [1.5274163, 42.5053414], [1.5271043, 42.5052294], [1.5267886, 42.5051286], [1.526466, 42.5050761], [1.526135, 42.5050935], [1.5258127, 42.5050169], [1.5254907, 42.5049386], [1.5251677, 42.5048664], [1.5248364, 42.5048551], [1.5245057, 42.5048361], [1.5241761, 42.5048002], [1.5238544, 42.5047288], [1.5235294, 42.5046636], [1.5232236, 42.5045559]], "mood_vectors": [[0.017, 0.0608, 0.0667, 0.0114, 0.0697, 0.067, 0.7074], [0.0489, 0.0203, 0.0312, 0.0349, 0.0398, 0.0368, 0.7882], [0.0711, 0.0607, 0.0147, 0.0689, 0.0155, 0.0979, 0.6712], [0.0126, 0.0349, 0.0194, 0.0723, 0.0154, 0.0382, 0.8071], [0.035, 0.0202, 0.0675, 0.0524, 0.0205, 0.0767, 0.7277], [0.0763, 0.0435, 0.0486, 0.0232, 0.0559, 0.0801, 0.6723], [0.0586, 0.0479, 0.0189, 0.0312, 0.0354, 0.0641, 0.7439], [0.0474, 0.0536, 0.0789, 0.0722, 0.0401, 0.0486, 0.6593], [0.0603, 0.0196, 0.0153, 0.0151, 0.0633, 0.0712, 0.7553], [0.04, 0.0477, 0.0542, 0.0466, 0.0693, 0.0328, 0.7094], [0.0717, 0.029, 0.0482, 0.0372, 0.0793, 0.059, 0.6756], [0.0612, 0.0631, 0.0164, 0.0695, 0.0142, 0.0322, 0.7434], [0.0563, 0.0485, 0.0503, 0.0213, 0.0653, 0.0152, 0.743], [0.0157, 0.0824, 0.0747, 0.0333, 0.044, 0.0275, 0.7225], [0.0207, 0.0394, 0.0283, 0.0605, 0.0607, 0.0685, 0.722], [0.0494, 0.0425, 0.0394, 0.0737, 0.0531, 0.0323, 0.7096], [0.0528, 0.0335, 0.0443, 0.0414, 0.0574, 0.0762, 0.6944], [0.0246, 0.0556, 0.0284, 0.0695, 0.0705, 0.0772, 0.6742], [0.0456, 0.019, 0.034, 0.0719, 0.0324, 0.0192, 0.7779], [0.0663, 0.0308, 0.0738, 0.0546, 0.0336, 0.0768, 0.6641], [0.0495, 0.0299, 0.0732, 0.0536, 0.0548, 0.0602, 0.6788], [0.0283, 0.0526, 0.0433, 0.0412, 0.0634, 0.0717, 0.6996], [0.0632, 0.0631, 0.0392, 0.0369, 0.0256, 0.0187, 0.7533], [0.0521, 0.0573, 0.0565, 0.0755, 0.0709, 0.0321, 0.6557], [0.065, 0.0512, 0.0278, 0.0298, 0.0223, 0.0776, 0.7263], [0.0819, 0.0876, 0.0705, 0.044, 0.0583, 0.0311, 0.6266], [0.0484, 0.0313, 0.0226, 0.0782, 0.03, 0.077, 0.7124], [0.026, 0.0859, 0.0394, 0.0419, 0.0537, 0.0241, 0.729], [0.0648, 0.0628, 0.0719, 0.0179, 0.0454, 0.0231, 0.7141], [0.0641, 0.0533, 0.0282, 0.0694, 0.0533, 0.0248, 0.7069], [0.045, 0.037, 0.0263, 0.0979, 0.0828, 0.0191, 0.6918], [0.0719, 0.0325, 0.0602, 0.0175, 0.0739, 0.0612, 0.6829], [0.0226, 0.0807, 0.0506, 0.0798, 0.0378, 0.0457, 0.6828], [0.1021, 0.0251, 0.0535, 0.0585, 0.0349, 0.0421, 0.6837], [0.018, 0.0559, 0.0908, 0.0444, 0.0808, 0.0193, 0.6908], [0.0297, 0.0748, 0.0376, 0.0515, 0.0499, 0.0277, 0.7287], [0.0714, 0.0519, 0.0506, 0.0379, 0.0335, 0.0628, 0.6918], [0.0723, 0.0507, 0.0255, 0.0487, 0.0708, 0.0758, 0.6561], [0.0652, 0.0263, 0.0408, 0.0843, 0.0393, 0.0814, 0.6627], [0.0603, 0.0352, 0.0827, 0.0398, 0.0552, 0.0183, 0.7085], [0.0771, 0.0749, 0.0642, 0.0456, 0.0765, 0.027, 0.6347], [0.0695, 0.0116, 0.0224, 0.0272, 0.0618, 0.0228, 0.7848], [0.0626, 0.0486, 0.0713, 0.0865, 0.0495, 0.0626, 0.6188], [0.0337, 0.0414, 0.0207, 0.051, 0.0613, 0.067, 0.725], [0.0835, 0.0531, 0.0641, 0.0354, 0.0254, 0.0266, 0.7117], [0.0513, 0.019, 0.0527, 0.0484, 0.0848, 0.0256, 0.7181], [0.0455, 0.0476, 0.0484, 0.03, 0.0291, 0.0407, 0.7586], [0.0499, 0.0129, 0.0398, 0.0655, 0.0794, 0.0286, 0.7238], [0.0191, 0.0541, 0.0809, 0.0562, 0.0642, 0.0344, 0.6912], [0.0544, 0.0869, 0.0317, 0.0156, 0.084, 0.0712, 0.6562], [0.0513, 0.0455, 0.0214, 0.0435, 0.0397, 0.0649, 0.7338], [0.0887, 0.0961, 0.0955, 0.0273, 0.0414, 0.0441, 0.607], [0.0277, 0.0254, 0.0712, 0.0296, 0.0249, 0.0489, 0.7723], [0.037, 0.0739, 0.0815, 0.0641, 0.0338, 0.0744, 0.6353], [0.0355, 0.0594, 0.0398, 0.0162, 0.0655, 0.0601, 0.7235], [0.0791, 0.0895, 0.0555, 0.063, 0.0431, 0.0428, 0.627], [0.0141, 0.0539, 0.0298, 0.028, 0.0249, 0.0708, 0.7786], [0.0484, 0.0378, 0.038, 0.0261, 0.0246, 0.0536, 0.7715], [0.0704, 0.0236, 0.0577, 0.0415, 0.0271, 0.0674, 0.7122], [0.0807, 0.0841, 0.0441, 0.0489, 0.0388, 0.0131, 0.6903], [0.0839, 0.0523, 0.0169, 0.0566, 0.0313, 0.0725, 0.6866], [0.0215, 0.0226, 0.0211, 0.0387, 0.0612, 0.0444, 0.7905], [0.0715, 0.0497, 0.0385, 0.0702, 0.0129, 0.051, 0.7062], [0.0289, 0.0451, 0.0512, 0.0725, 0.0127, 0.052, 0.7376], [0.0554, 0.0563, 0.0439, 0.0379, 0.0811, 0.0577, 0.6676], [0.0738, 0.0325, 0.0775, 0.0201, 0.0608, 0.0695, 0.6658], [0.0512, 0.0209, 0.0791, 0.094, 0.0342, 0.0903, 0.6303], [0.0786, 0.0196, 0.0588, 0.0729, 0.0273, 0.0554, 0.6875], [0.0602, 0.0832, 0.0829, 0.0307, 0.0446, 0.0547, 0.6437], [0.0604, 0.0294, 0.0391, 0.0201, 0.0326, 0.056, 0.7623], [0.0211, 0.0417, 0.0423, 0.0579, 0.0879, 0.0664, 0.6827], [0.0318, 0.0815, 0.0246, 0.0201, 0.0559, 0.0707, 0.7154], [0.0506, 0.0362, 0.0977, 0.0296, 0.054, 0.0819, 0.6499], [0.0404, 0.0215, 0.054, 0.067, 0.0728, 0.047, 0.6973], [0.0408, 0.081, 0.0758, 0.0704, 0.0555, 0.0533, 0.6232], [0.0487, 0.028, 0.0471, 0.0266, 0.0255, 0.0228, 0.8013], [0.0642, 0.0161, 0.0728, 0.0743, 0.0387, 0.0519, 0.682], [0.0939, 0.0644, 0.0378, 0.0591, 0.0312, 0.0305, 0.6831], [0.0187, 0.0202, 0.0186, 0.0677, 0.0505, 0.021, 0.8033], [0.0379, 0.0562, 0.0317, 0.0559, 0.0398, 0.0517, 0.7267]], "emotions": ["purple", "purple", "purple", "purple", "purple", "purple", "purple", "purple", "purple", "purple", "purple", "purple", "purple", "purple", "purple", "purple", "purple", "purple", "purple", "purple", "purple", "purple", "purple", "purple", "purple", "purple", "purple", "purple", "purple", "purple", "purple", "purple", "purple", "purple", "purple", "purple", "purple", "purple", "purple", "purple", "purple", "purple", "purple", "purple", "purple", "purple", "purple", "purple", "purple", "purple", "purple", "purple", "purple", "purple", "purple", "purple", "purple", "purple", "purple", "purple", "purple", "purple", "purple", "purple", "purple", "purple", "purple", "purple", "purple", "purple", "purple", "purple", "purple", "purple", "purple", "purple", "purple", "purple", "purple", "purple"], "timestamps": [0, 40, 80, 120, 160, 200, 240, 280, 320, 360, 400, 440, 480, 520, 560, 600, 640, 680, 720, 760, 800, 840, 880, 920, 960, 1000, 1040, 1080, 1120, 1160, 1200, 1240, 1280, 1320, 1360, 1400, 1440, 1480, 1520, 1560, 1600, 1640, 1680, 1720, 1760, 1800, 1840, 1880, 1920, 1960, 2000, 2040, 2080, 2120, 2160, 2200, 2240, 2280, 2320, 2360, 2400, 2440, 2480, 2520, 2560, 2600, 2640, 2680, 2720, 2760, 2800, 2840, 2880, 2920, 2960, 3000, 3040, 3080, 3120, 3160]}], "conversation": [], "conversation_timestamps": []}