{"agent_id": "agent-red-1736", "type": "red", "trips": [{"trip_id": 0, "transport_method": "bicycle", "start_time": 0, "path": [[1.5460558, 42.5117935], [1.5458491, 42.5120601], [1.5456843, 42.512306], [1.5452333, 42.5120136], [1.544788, 42.5121566], [1.5442529, 42.5122925], [1.544274, 42.512606], [1.5446015, 42.5129821], [1.544205, 42.5132008], [1.5440789, 42.5127387], [1.543727, 42.5127114], [1.5435197, 42.5130827], [1.5433666, 42.5126193], [1.5429528, 42.5123334], [1.5432641, 42.5124056], [1.5427921, 42.51243], [1.54224, 42.5124187], [1.541688, 42.5124109], [1.5411437, 42.5123313], [1.5405955, 42.5123926], [1.5400443, 42.5124196], [1.5395273, 42.5125714], [1.5393283, 42.5123091], [1.5392786, 42.5126083], [1.5391059, 42.5123012], [1.538638, 42.5125899], [1.5380965, 42.5126929], [1.5375531, 42.5127862], [1.5370226, 42.5129376], [1.5364958, 42.5131006], [1.5359887, 42.5133189], [1.5354456, 42.5133975], [1.5349, 42.5134829], [1.5343554, 42.5135738], [1.5338167, 42.5136886], [1.5332912, 42.513856], [1.5327704, 42.5140273], [1.5323133, 42.5143346], [1.5319088, 42.5146956], [1.5315106, 42.5150763], [1.5313119, 42.5152354], [1.5309806, 42.5154816], [1.5305381, 42.5158118], [1.5300274, 42.5160154], [1.5295814, 42.5163379], [1.5291145, 42.5166322], [1.5285947, 42.5166435], [1.5281482, 42.5167947], [1.5276411, 42.517012], [1.5271407, 42.5172453], [1.5266324, 42.517461], [1.5261318, 42.5176904], [1.5257124, 42.5180476], [1.5252916, 42.5184044], [1.5248548, 42.5187423], [1.5244121, 42.5190722], [1.5240123, 42.5194411], [1.5239086, 42.5199828], [1.5236879, 42.5204857], [1.5234215, 42.5209693], [1.5231067, 42.5214195], [1.522666, 42.5217503], [1.5222193, 42.5220725], [1.5219016, 42.5225202], [1.5217298, 42.5230438], [1.5214297, 42.5235034], [1.5210727, 42.5239245], [1.5207754, 42.5243887], [1.5206245, 42.5249138], [1.5206075, 42.5254657], [1.5205835, 42.5260172], [1.5203894, 42.5265258], [1.5200554, 42.5269643], [1.5199707, 42.5274933], [1.5202728, 42.5279514], [1.5205679, 42.5284149], [1.5206604, 42.5289557], [1.5204864, 42.5294701], [1.5201489, 42.5299013], [1.519658, 42.5301303]], "mood_vectors": [[0.688, 0.0825, 0.0557, 0.023, 0.0168, 0.0622, 0.0718], [0.7793, 0.0284, 0.0293, 0.0415, 0.0217, 0.0425, 0.0572], [0.7082, 0.0243, 0.0831, 0.0372, 0.0128, 0.0487, 0.0856], [0.7078, 0.0565, 0.0366, 0.071, 0.0262, 0.0876, 0.0143], [0.7066, 0.0704, 0.0518, 0.0474, 0.0606, 0.0518, 0.0113], [0.7588, 0.04, 0.0709, 0.0393, 0.0335, 0.0306, 0.0269], [0.5979, 0.0878, 0.0552, 0.078, 0.0878, 0.0769, 0.0163], [0.719, 0.0672, 0.0771, 0.0147, 0.0596, 0.0259, 0.0364], [0.7013, 0.0669, 0.0175, 0.0852, 0.0141, 0.0806, 0.0344], [0.7577, 0.0254, 0.0264, 0.0638, 0.0315, 0.0446, 0.0506], [0.699, 0.0725, 0.0343, 0.0613, 0.0509, 0.0535, 0.0286], [0.6411, 0.1015, 0.0861, 0.0357, 0.0213, 0.0194, 0.095], [0.6925, 0.0316, 0.0377, 0.0509, 0.0253, 0.0921, 0.0699], [0.6991, 0.0367, 0.0602, 0.0197, 0.0521, 0.0612, 0.0711], [0.6694, 0.0258, 0.0935, 0.0709, 0.0558, 0.0286, 0.0559], [0.6572, 0.0628, 0.0869, 0.0606, 0.0661, 0.0237, 0.0427], [0.6254, 0.0638, 0.0682, 0.074, 0.0675, 0.0282, 0.0728], [0.6528, 0.0417, 0.069, 0.0758, 0.0618, 0.0715, 0.0274], [0.7661, 0.023, 0.0255, 0.0694, 0.0248, 0.0402, 0.051], [0.7086, 0.0132, 0.0605, 0.0804, 0.0766, 0.0481, 0.0126], [0.6461, 0.0856, 0.0321, 0.0677, 0.0849, 0.0686, 0.0152], [0.6401, 0.0778, 0.0862, 0.0275, 0.0435, 0.0779, 0.047], [0.7475, 0.0162, 0.0591, 0.0626, 0.0665, 0.025, 0.0233], [0.7197, 0.0322, 0.0425, 0.049, 0.0611, 0.0174, 0.0781], [0.64, 0.0547, 0.0547, 0.0552, 0.047, 0.0784, 0.0701], [0.7077, 0.0146, 0.0658, 0.051, 0.0597, 0.0847, 0.0165], [0.7476, 0.0419, 0.0165, 0.0428, 0.0562, 0.0364, 0.0587], [0.7277, 0.0218, 0.0136, 0.0443, 0.0828, 0.0653, 0.0445], [0.6703, 0.0277, 0.0566, 0.0792, 0.0643, 0.047, 0.055], [0.6618, 0.0186, 0.0866, 0.0613, 0.0268, 0.0575, 0.0873], [0.6288, 0.0739, 0.0628, 0.0511, 0.0709, 0.0583, 0.0543], [0.8358, 0.0208, 0.0391, 0.0131, 0.0203, 0.0397, 0.0311], [0.8115, 0.0189, 0.0238, 0.0204, 0.0216, 0.0579, 0.0459], [0.6986, 0.0492, 0.0638, 0.0374, 0.0592, 0.0728, 0.019], [0.6659, 0.0178, 0.0795, 0.0833, 0.0601, 0.0554, 0.0379], [0.7642, 0.0582, 0.0764, 0.0189, 0.0513, 0.0121, 0.019], [0.7072, 0.0608, 0.0742, 0.019, 0.0549, 0.0271, 0.0568], [0.708, 0.0703, 0.0654, 0.0134, 0.0608, 0.0344, 0.0476], [0.7143, 0.0563, 0.031, 0.055, 0.051, 0.0744, 0.0182], [0.686, 0.0523, 0.0545, 0.0532, 0.0447, 0.0432, 0.0661], [0.6342, 0.0822, 0.0705, 0.0173, 0.0605, 0.0493, 0.0859], [0.6593, 0.0711, 0.0593, 0.0281, 0.0502, 0.0564, 0.0755], [0.7568, 0.0617, 0.0458, 0.0113, 0.0274, 0.0374, 0.0596], [0.755, 0.0495, 0.0812, 0.0246, 0.0268, 0.0284, 0.0346], [0.6788, 0.0628, 0.0721, 0.0638, 0.0245, 0.0627, 0.0353], [0.7041, 0.0507, 0.0341, 0.0648, 0.0486, 0.0328, 0.0648], [0.7479, 0.0441, 0.0224, 0.0324, 0.0582, 0.0692, 0.0257], [0.6749, 0.0215, 0.0725, 0.0408, 0.0624, 0.0624, 0.0656], [0.6693, 0.0263, 0.0176, 0.0625, 0.0531, 0.0904, 0.0808], [0.647, 0.0453, 0.0702, 0.0826, 0.0698, 0.0625, 0.0227], [0.7113, 0.0843, 0.0532, 0.0275, 0.0318, 0.0266, 0.0653], [0.6045, 0.0684, 0.0573, 0.0753, 0.06, 0.0848, 0.0497], [0.5863, 0.0237, 0.0945, 0.0454, 0.0724, 0.0923, 0.0854], [0.7344, 0.0536, 0.0204, 0.0726, 0.0302, 0.0206, 0.0681], [0.6831, 0.0689, 0.0634, 0.0253, 0.0728, 0.0629, 0.0237], [0.6104, 0.0658, 0.0784, 0.0722, 0.0395, 0.0844, 0.0494], [0.7538, 0.0692, 0.0745, 0.0213, 0.0246, 0.0246, 0.032], [0.7392, 0.024, 0.0427, 0.0779, 0.0588, 0.0225, 0.0348], [0.7605, 0.0444, 0.0621, 0.0202, 0.063, 0.0189, 0.0309], [0.6552, 0.0431, 0.0552, 0.0831, 0.0554, 0.091, 0.017], [0.7847, 0.022, 0.0807, 0.0299, 0.0306, 0.0369, 0.0152], [0.7333, 0.0182, 0.0554, 0.0203, 0.0681, 0.0748, 0.03], [0.6672, 0.031, 0.0192, 0.0909, 0.0868, 0.0774, 0.0275], [0.698, 0.0538, 0.0759, 0.0285, 0.0677, 0.0249, 0.0513], [0.726, 0.0507, 0.0641, 0.0344, 0.0539, 0.0445, 0.0263], [0.7641, 0.0461, 0.0368, 0.0308, 0.0393, 0.0557, 0.0272], [0.6912, 0.062, 0.059, 0.0602, 0.0426, 0.0376, 0.0474], [0.67, 0.0761, 0.0198, 0.0707, 0.0742, 0.0312, 0.058], [0.716, 0.0382, 0.047, 0.089, 0.0353, 0.0514, 0.023], [0.7166, 0.0704, 0.0557, 0.0113, 0.0372, 0.0491, 0.0597], [0.7533, 0.0534, 0.0275, 0.0381, 0.0561, 0.0245, 0.047], [0.7833, 0.0496, 0.0752, 0.0141, 0.0162, 0.0296, 0.032], [0.7237, 0.0725, 0.0836, 0.0306, 0.0343, 0.0136, 0.0418], [0.6785, 0.0687, 0.0545, 0.0155, 0.0633, 0.0711, 0.0484], [0.6127, 0.0577, 0.0646, 0.041, 0.0795, 0.0692, 0.0753], [0.8074, 0.0345, 0.0358, 0.0271, 0.0316, 0.0167, 0.0469], [0.6744, 0.056, 0.0707, 0.0431, 0.0458, 0.0541, 0.0559], [0.6901, 0.0309, 0.0295, 0.0497, 0.0769, 0.0271, 0.0958], [0.636, 0.0743, 0.0739, 0.0509, 0.0662, 0.0286, 0.0702], [0.6283, 0.0623, 0.0455, 0.0348, 0.0709, 0.0776, 0.0806]], "emotions": ["red", "red", "red", "red", "red", "red", "red", "red", "red", "red", "red", "red", "red", "red", "red", "red", "red", "red", "red", "red", "red", "red", "red", "red", "red", "red", "red", "red", "red", "red", "red", "red", "red", "red", "red", "red", "red", "red", "red", "red", "red", "red", "red", "red", "red", "red", "red", "red", "red", "red", "red", "red", "red", "red", "red", "red", "red", "red", "red", "red", "red", "red", "red", "red", "red", "red", "red", "red", "red", "red", "red", "red", "red", "red", "red", "red", "red", "red", "red", "red"], "timestamps": [0, 40, 80, 120, 160, 200, 240, 280, 320, 360, 400, 440, 480, 520, 560, 600, 640, 680, 720, 760, 800, 840, 880, 920, 960, 1000, 1040, 1080, 1120, 1160, 1200, 1240, 1280, 1320, 1360, 1400, 1440, 1480, 1520, 1560, 1600, 1640, 1680, 1720, 1760, 1800, 1840, 1880, 1920, 1960, 2000, 2040, 2080, 2120, 2160, 2200, 2240, 2280, 2320, 2360, 2400, 2440, 2480, 2520, 2560, 2600, 2640, 2680, 2720, 2760, 2800, 2840, 2880, 2920, 2960, 3000, 3040, 3080, 3120, 3160]}], "conversation": [], "conversation_timestamps": []}