{"agent_id": "agent-red-681", "type": "red", "trips": [{"trip_id": 0, "transport_method": "car", "start_time": 0, "path": [[1.5231947, 42.5309433], [1.5239963, 42.5298657], [1.5231441, 42.53123], [1.5229093, 42.5314616], [1.5228025, 42.5318585], [1.5231585, 42.5328842], [1.5226258, 42.5328882], [1.5216982, 42.5330105], [1.5210835, 42.5320379], [1.5212617, 42.5306644], [1.521998, 42.5293884], [1.5210416, 42.5282321], [1.5206809, 42.5267444], [1.5207921, 42.5260058], [1.52063, 42.5273418], [1.5207307, 42.5257165], [1.5209007, 42.5241673], [1.5218015, 42.5228295], [1.5228321, 42.5216423], [1.5236357, 42.5202769], [1.5236176, 42.520512], [1.5237123, 42.5201878], [1.5243553, 42.5187046], [1.5256297, 42.5177534], [1.5269808, 42.5169671], [1.5284083, 42.5162344], [1.5295042, 42.5150525], [1.5302889, 42.5138662], [1.530895, 42.512404], [1.5299382, 42.5114539], [1.5293895, 42.5102026], [1.5287222, 42.5095914], [1.5288857, 42.509725], [1.527654, 42.5086688], [1.5260656, 42.508392], [1.5245889, 42.5078376], [1.522989, 42.5077776], [1.5214838, 42.5075207], [1.5198777, 42.5074283], [1.5186566, 42.5067122], [1.5176578, 42.506041], [1.5161768, 42.5055021], [1.5149062, 42.5046389], [1.5141198, 42.5038377], [1.5130116, 42.5026659], [1.5116885, 42.5017219], [1.5102138, 42.5010572], [1.508776, 42.5003059], [1.5073287, 42.4995741], [1.5058615, 42.4988681], [1.504387, 42.4981797], [1.5029155, 42.4974841], [1.5014629, 42.4967724], [1.5004941, 42.4963173], [1.4990571, 42.4955526], [1.4986087, 42.494363], [1.497761, 42.4931261], [1.4979436, 42.4932546], [1.4966816, 42.4922269], [1.4954438, 42.4911715], [1.4946521, 42.4897954], [1.493856, 42.488375], [1.4930678, 42.4869501], [1.4924365, 42.4854506], [1.4912702, 42.4844864], [1.490476, 42.4831309], [1.4896532, 42.4817263], [1.4893836, 42.4801289], [1.4898594, 42.478616], [1.4906091, 42.4771756], [1.4908519, 42.4756587], [1.4905509, 42.4740832], [1.4908699, 42.4725318], [1.4916382, 42.471096], [1.4920491, 42.4695463], [1.4915934, 42.4679868], [1.4918444, 42.4665675], [1.491308, 42.4653198], [1.4908166, 42.4638199], [1.4909333, 42.4623469]], "mood_vectors": [[0.7241, 0.0722, 0.0348, 0.0705, 0.0212, 0.0412, 0.036], [0.6875, 0.07, 0.0369, 0.0508, 0.0465, 0.0499, 0.0584], [0.7008, 0.0358, 0.0512, 0.0719, 0.0502, 0.0372, 0.0529], [0.7205, 0.022, 0.0466, 0.0194, 0.0741, 0.0734, 0.044], [0.7756, 0.0458, 0.0517, 0.0301, 0.0173, 0.0223, 0.0571], [0.7335, 0.0252, 0.0643, 0.0421, 0.0486, 0.0144, 0.0719], [0.7721, 0.0216, 0.0208, 0.0711, 0.0306, 0.0248, 0.059], [0.6871, 0.0709, 0.093, 0.0611, 0.0235, 0.0309, 0.0335], [0.6768, 0.0343, 0.0149, 0.0683, 0.0803, 0.0625, 0.0628], [0.7345, 0.0332, 0.0144, 0.0541, 0.0604, 0.0409, 0.0625], [0.6046, 0.0303, 0.0677, 0.0732, 0.075, 0.0813, 0.0679], [0.7245, 0.0687, 0.0253, 0.0471, 0.0236, 0.0427, 0.0681], [0.7892, 0.0246, 0.0263, 0.0659, 0.0184, 0.0482, 0.0273], [0.6378, 0.053, 0.0629, 0.0788, 0.0808, 0.0293, 0.0573], [0.6807, 0.0736, 0.0426, 0.0685, 0.0765, 0.0326, 0.0254], [0.7172, 0.028, 0.0533, 0.0545, 0.0171, 0.0663, 0.0635], [0.7244, 0.0383, 0.0374, 0.0751, 0.0121, 0.0723, 0.0404], [0.717, 0.0393, 0.0665, 0.0613, 0.0785, 0.0122, 0.0252], [0.6729, 0.0371, 0.0425, 0.0694, 0.0288, 0.0754, 0.0739], [0.7282, 0.0416, 0.0638, 0.0649, 0.0269, 0.0296, 0.045], [0.699, 0.0365, 0.0403, 0.0546, 0.0541, 0.0715, 0.0439], [0.7029, 0.0302, 0.072, 0.0384, 0.082, 0.0184, 0.0561], [0.5711, 0.0714, 0.0678, 0.044, 0.0956, 0.0778, 0.0722], [0.7527, 0.0518, 0.0581, 0.0445, 0.0425, 0.0306, 0.0198], [0.715, 0.0573, 0.0433, 0.07, 0.0325, 0.0412, 0.0407], [0.6182, 0.097, 0.0989, 0.0304, 0.0318, 0.0565, 0.0673], [0.6846, 0.0346, 0.024, 0.0741, 0.0814, 0.0476, 0.0537], [0.6682, 0.0122, 0.0696, 0.0615, 0.0653, 0.0682, 0.0551], [0.6341, 0.0858, 0.0344, 0.0411, 0.0729, 0.0686, 0.0631], [0.7546, 0.0171, 0.0139, 0.0441, 0.0613, 0.0381, 0.0709], [0.6425, 0.0814, 0.081, 0.0241, 0.0478, 0.0415, 0.0816], [0.6708, 0.0231, 0.0437, 0.0617, 0.0513, 0.0783, 0.0712], [0.6736, 0.0526, 0.0364, 0.066, 0.0691, 0.0573, 0.045], [0.6782, 0.0502, 0.0803, 0.036, 0.0932, 0.0323, 0.0299], [0.6638, 0.0912, 0.0611, 0.0562, 0.0891, 0.017, 0.0215], [0.6313, 0.0447, 0.0908, 0.0445, 0.0706, 0.0973, 0.0208], [0.692, 0.0249, 0.0691, 0.0713, 0.0412, 0.0731, 0.0283], [0.634, 0.0822, 0.0776, 0.065, 0.0355, 0.0187, 0.087], [0.7413, 0.0594, 0.0278, 0.0477, 0.0165, 0.0416, 0.0657], [0.7627, 0.0443, 0.0525, 0.0164, 0.0765, 0.0205, 0.027], [0.7361, 0.0343, 0.0412, 0.0223, 0.0424, 0.0618, 0.0617], [0.7038, 0.0356, 0.0579, 0.0715, 0.0676, 0.0509, 0.0127], [0.7623, 0.0334, 0.0775, 0.028, 0.0409, 0.0362, 0.0218], [0.741, 0.0648, 0.0524, 0.0139, 0.0358, 0.0124, 0.0797], [0.669, 0.0761, 0.0123, 0.0505, 0.0693, 0.0735, 0.0493], [0.6365, 0.0666, 0.0337, 0.0605, 0.0659, 0.0487, 0.088], [0.7141, 0.0643, 0.0689, 0.079, 0.0308, 0.0146, 0.0284], [0.7507, 0.0363, 0.0262, 0.0537, 0.0799, 0.0369, 0.0162], [0.6947, 0.0626, 0.0542, 0.054, 0.0711, 0.0381, 0.0253], [0.766, 0.052, 0.0809, 0.0212, 0.0164, 0.0181, 0.0454], [0.6808, 0.0694, 0.0728, 0.0323, 0.0583, 0.0206, 0.0657], [0.7061, 0.0257, 0.0382, 0.0464, 0.0735, 0.0402, 0.0699], [0.7568, 0.0213, 0.0234, 0.0668, 0.013, 0.0457, 0.0729], [0.7292, 0.0478, 0.0332, 0.0533, 0.0673, 0.0223, 0.0469], [0.7008, 0.0538, 0.0428, 0.0351, 0.0684, 0.0241, 0.075], [0.7184, 0.0469, 0.0335, 0.0657, 0.0507, 0.0485, 0.0363], [0.6806, 0.0802, 0.0436, 0.0708, 0.0583, 0.0468, 0.0198], [0.6958, 0.0428, 0.0437, 0.0706, 0.0633, 0.0452, 0.0386], [0.7451, 0.0657, 0.0379, 0.0147, 0.0271, 0.0334, 0.0762], [0.7061, 0.0641, 0.0553, 0.0474, 0.0583, 0.0554, 0.0134], [0.7851, 0.0761, 0.0336, 0.018, 0.0199, 0.0488, 0.0185], [0.768, 0.0419, 0.0235, 0.0159, 0.0419, 0.0854, 0.0235], [0.7659, 0.0541, 0.0328, 0.0328, 0.0368, 0.0628, 0.0147], [0.6008, 0.0836, 0.0711, 0.0802, 0.0292, 0.0724, 0.0628], [0.7011, 0.012, 0.0436, 0.0408, 0.0787, 0.0723, 0.0515], [0.7331, 0.0602, 0.0146, 0.0197, 0.028, 0.0506, 0.0937], [0.7057, 0.0569, 0.0224, 0.065, 0.0216, 0.0587, 0.0696], [0.7134, 0.047, 0.0352, 0.0203, 0.0635, 0.0772, 0.0434], [0.6983, 0.077, 0.0686, 0.02, 0.0577, 0.0368, 0.0418], [0.7151, 0.0388, 0.052, 0.0629, 0.0522, 0.0537, 0.0254], [0.7053, 0.0536, 0.048, 0.0737, 0.0178, 0.0507, 0.0508], [0.7416, 0.0164, 0.0692, 0.0632, 0.0234, 0.0438, 0.0424], [0.7656, 0.0717, 0.0247, 0.0517, 0.0285, 0.0247, 0.033], [0.6549, 0.041, 0.0649, 0.0659, 0.0535, 0.0574, 0.0623], [0.6644, 0.0348, 0.0218, 0.0562, 0.0769, 0.09, 0.0559], [0.7576, 0.047, 0.0412, 0.0225, 0.0616, 0.0213, 0.0488], [0.7093, 0.0621, 0.0334, 0.0585, 0.0573, 0.0224, 0.0569], [0.737, 0.0173, 0.0334, 0.018, 0.089, 0.0257, 0.0796], [0.7208, 0.0359, 0.0791, 0.0249, 0.0392, 0.0559, 0.0441], [0.7681, 0.0458, 0.0324, 0.0414, 0.0232, 0.0599, 0.0292]], "emotions": ["red", "red", "red", "red", "red", "red", "red", "red", "red", "red", "red", "red", "red", "red", "red", "red", "red", "red", "red", "red", "red", "red", "red", "red", "red", "red", "red", "red", "red", "red", "red", "red", "red", "red", "red", "red", "red", "red", "red", "red", "red", "red", "red", "red", "red", "red", "red", "red", "red", "red", "red", "red", "red", "red", "red", "red", "red", "red", "red", "red", "red", "red", "red", "red", "red", "red", "red", "red", "red", "red", "red", "red", "red", "red", "red", "red", "red", "red", "red", "red"], "timestamps": [0, 40, 80, 120, 160, 200, 240, 280, 320, 360, 400, 440, 480, 520, 560, 600, 640, 680, 720, 760, 800, 840, 880, 920, 960, 1000, 1040, 1080, 1120, 1160, 1200, 1240, 1280, 1320, 1360, 1400, 1440, 1480, 1520, 1560, 1600, 1640, 1680, 1720, 1760, 1800, 1840, 1880, 1920, 1960, 2000, 2040, 2080, 2120, 2160, 2200, 2240, 2280, 2320, 2360, 2400, 2440, 2480, 2520, 2560, 2600, 2640, 2680, 2720, 2760, 2800, 2840, 2880, 2920, 2960, 3000, 3040, 3080, 3120, 3160]}], "conversation": [], "conversation_timestamps": []}