{
  "agent_id": "agent-type-blue-1",
  "type": "blue",
  "trips": [
    {
      "trip_id": 0,
      "transport_method": "car",
      "start_time": 0,
      "path": [
        [
          1.5245823,
          42.50832570000001
        ],
        [
          1.524669684853399,
          42.507869865083705
        ],
        [
          1.5241692531192788,
          42.50782038663704
        ],
        [
          1.5236659887200976,
          42.50778870413249
        ],
        [
          1.5231929648610703,
          42.50791323809657
        ],
        [
          1.5231143607876059,
          42.508298867491085
        ],
        [
          1.5235499127638508,
          42.50854757548034
        ],
        [
          1.5240083755333396,
          42.50875355470805
        ],
        [
          1.5245032886886196,
          42.50885019737621
        ],
        [
          1.5249982018438997,
          42.50894684004437
        ],
        [
          1.525419763522181,
          42.50916101443953
        ],
        [
          1.5258319918449472,
          42.509386394074525
        ],
        [
          1.5263286667139995,
          42.50947353138588
        ],
        [
          1.5268253415830515,
          42.50956066869723
        ],
        [
          1.5273220164521037,
          42.50964780600859
        ],
        [
          1.5277975831670414,
          42.50980847299583
        ],
        [
          1.5282648494949633,
          42.50999805415356
        ],
        [
          1.5287321158228853,
          42.5101876353113
        ],
        [
          1.5291993821508072,
          42.51037721646903
        ],
        [
          1.5295269874674196,
          42.51039326398018
        ],
        [
          1.5291958005148083,
          42.51001577175205
        ],
        [
          1.5288328804379667,
          42.50966567483061
        ],
        [
          1.528469960361125,
          42.50931557790916
        ],
        [
          1.5283536895025014,
          42.50898777774954
        ],
        [
          1.5287913162217341,
          42.50892726802222
        ],
        [
          1.5292871476463938,
          42.5090150179992
        ],
        [
          1.5293868704977962,
          42.50900733949823
        ],
        [
          1.5295273032656542,
          42.509042485440936
        ],
        [
          1.5291439682257488,
          42.50899374750412
        ],
        [
          1.5286893978996265,
          42.508897649426636
        ],
        [
          1.5282652621362756,
          42.50904661519038
        ],
        [
          1.5285464027716864,
          42.5093893193589
        ],
        [
          1.5289093228485282,
          42.50973941628035
        ],
        [
          1.5292722429253698,
          42.510089513201784
        ],
        [
          1.5295592777994984,
          42.5104765000016
        ],
        [
          1.5291009611298723,
          42.51033728469998
        ],
        [
          1.5286336948019503,
          42.510147703542245
        ],
        [
          1.5281664284740284,
          42.509958122384504
        ],
        [
          1.5276991621461065,
          42.50976854122677
        ],
        [
          1.5272174010651953,
          42.50962945214349
        ],
        [
          1.526720726196143,
          42.50954231483214
        ],
        [
          1.5262240513270908,
          42.509455177520785
        ],
        [
          1.5257273764580388,
          42.50936804020943
        ],
        [
          1.5253556760990856,
          42.509076314700785
        ],
        [
          1.5257075489532599,
          42.50910396431239
        ],
        [
          1.5261977477637814,
          42.50922221811885
        ],
        [
          1.5266879465743028,
          42.509340471925306
        ],
        [
          1.5269988546151765,
          42.50941547426824
        ],
        [
          1.526508655804655,
          42.50929722046178
        ],
        [
          1.5260184569941335,
          42.50917896665532
        ],
        [
          1.5255282581836123,
          42.509060712848864
        ],
        [
          1.525035514268685,
          42.508954126115164
        ],
        [
          1.524540601113405,
          42.508857483447
        ],
        [
          1.524045687958125,
          42.50876084077885
        ],
        [
          1.5235841330195938,
          42.5085641368199
        ],
        [
          1.523149415011135,
          42.508313581609606
        ],
        [
          1.5226688353700037,
          42.50841530457088
        ],
        [
          1.522183155007504,
          42.50840155769636
        ],
        [
          1.5216983449918466,
          42.50826600251314
        ],
        [
          1.5212531739872333,
          42.50802914472199
        ],
        [
          1.5208080029826199,
          42.50779228693083
        ],
        [
          1.5203590410927794,
          42.50756352154067
        ],
        [
          1.5198874565434533,
          42.50764404471532
        ],
        [
          1.5194370226273999,
          42.50787068924599
        ],
        [
          1.518982939221764,
          42.5080899769504
        ],
        [
          1.5185941441838722,
          42.508277735345196
        ],
        [
          1.519048227589508,
          42.508058447640785
        ],
        [
          1.519502310995144,
          42.50783915993638
        ],
        [
          1.5199553210254217,
          42.507619461352796
        ],
        [
          1.5199923454914646,
          42.50742022216673
        ],
        [
          1.5195283340502166,
          42.507225242239656
        ],
        [
          1.5190787088133524,
          42.50699695298684
        ],
        [
          1.5187916226767204,
          42.50665490001061
        ],
        [
          1.5186557660285742,
          42.50619228705387
        ],
        [
          1.5183909009142096,
          42.50576850951729
        ],
        [
          1.5182513873489976,
          42.505493321081346
        ],
        [
          1.5186084392391832,
          42.505429354659725
        ],
        [
          1.518368465919595,
          42.50571213855609
        ],
        [
          1.5186186448345238,
          42.50614429714658
        ],
        [
          1.5187886515517437,
          42.50659430144077
        ],
        [
          1.5187127994546632,
          42.50690407172104
        ],
        [
          1.5182378550126134,
          42.506734641459445
        ],
        [
          1.5177526434845519,
          42.506605364601434
        ],
        [
          1.517250697504638,
          42.50655922943956
        ],
        [
          1.5167496266635903,
          42.506502600393745
        ],
        [
          1.5162485558225423,
          42.50644597134793
        ],
        [
          1.5160501907481172,
          42.50635250567017
        ],
        [
          1.5165535495061133,
          42.50638265193572
        ],
        [
          1.5167964917358912,
          42.50639720179873
        ],
        [
          1.516293132977895,
          42.506367055533175
        ],
        [
          1.516014432284346,
          42.50638889333367
        ],
        [
          1.5159232115864694,
          42.50661374260594
        ],
        [
          1.5154670471599165,
          42.50682866783137
        ],
        [
          1.5151919050117075,
          42.5070247735425
        ],
        [
          1.5156825247137853,
          42.50714126879782
        ],
        [
          1.5161731444158633,
          42.50725776405313
        ],
        [
          1.516663764117941,
          42.50737425930845
        ],
        [
          1.5171273269563392,
          42.50755310022948
        ],
        [
          1.5173860912143895,
          42.507724779805464
        ],
        [
          1.5169659,
          42.50744600000001
        ]
      ],
      "emotions": [
        "red",
        "red",
        "red",
        "red",
        "red",
        "green",
        "green",
        "green",
        "green",
        "green",
        "green",
        "green",
        "green",
        "green",
        "green",
        "green",
        "green",
        "green",
        "green",
        "green",
        "purple",
        "purple",
        "purple",
        "purple",
        "purple",
        "purple",
        "purple",
        "purple",
        "purple",
        "purple",
        "red",
        "red",
        "red",
        "red",
        "red",
        "red",
        "red",
        "red",
        "red",
        "red",
        "green",
        "green",
        "green",
        "green",
        "green",
        "green",
        "green",
        "green",
        "green",
        "green",
        "green",
        "green",
        "green",
        "green",
        "green",
        "red",
        "red",
        "red",
        "red",
        "red",
        "green",
        "green",
        "green",
        "green",
        "green",
        "green",
        "green",
        "green",
        "green",
        "green",
        "red",
        "red",
        "red",
        "red",
        "red",
        "purple",
        "purple",
        "purple",
        "purple",
        "purple",
        "purple",
        "purple",
        "purple",
        "purple",
        "purple",
        "red",
        "red",
        "red",
        "red",
        "red",
        "green",
        "green",
        "green",
        "green",
        "green",
        "red",
        "red",
        "red",
        "red",
        "red"
      ],
      "mood_vectors": [
        [
          0.06158711209481541,
          0.29364605567593993,
          0.03806119680513019,
          0.0705275614637517,
          0.041878207788786335,
          0.14597615020979202,
          0.34832371596178446
        ],
        [
          0.19977015514246932,
          0.1368595383197039,
          0.19813016014915405,
          0.031187766492819853,
          0.02808481564847657,
          0.1997827328926518,
          0.2061848313547246
        ],
        [
          0.2976619936290129,
          0.26912152708415227,
          0.10491036843051818,
          0.021324653722926107,
          0.14656209555824562,
          0.12349543707939149,
          0.036923924495753394
        ],
        [
          0.4118600839332238,
          0.1588550122135229,
          0.02898638899704512,
          0.0020223694574203485,
          0.04345457818107414,
          0.3214517814425285,
          0.033369785775185165
        ],
        [
          0.18071498780942943,
          0.21956059487140636,
          0.05934903548293254,
          0.05804221149377568,
          0.2878046668680493,
          0.19095976910981416,
          0.0035687343645924886
        ],
        [
          0.09562142383990294,
          0.13600314622588355,
          0.11089077911536552,
          0.1716378954114728,
          0.205319882875889,
          0.021984747359421006,
          0.25854212517206526
        ],
        [
          0.21615648879805643,
          0.05120294508911169,
          0.15757765789381237,
          0.1098319669899428,
          0.25060881119663664,
          0.1508975009970136,
          0.06372462903542656
        ],
        [
          0.21655892602864588,
          0.07798207493082011,
          0.2131257171338128,
          0.19923954172164324,
          0.022148696738200184,
          0.21161530030173534,
          0.059329743145142465
        ],
        [
          0.15328629585219744,
          0.017644760802892633,
          0.24202599370558378,
          0.16161158051413121,
          0.08698361285598114,
          0.1466648173176265,
          0.19178293895158727
        ],
        [
          0.13676223361208945,
          0.22687159544024513,
          0.0501713583699152,
          0.26110807942824654,
          0.044021989307418144,
          0.23961392654974167,
          0.04145081729234387
        ],
        [
          0.03086593037713089,
          0.22274170059343973,
          0.16478692289099156,
          0.1259875152534875,
          0.11513708644107606,
          0.30930103134432485,
          0.031179813099549463
        ],
        [
          0.18230943254981347,
          0.17724280002561438,
          0.1961763479922672,
          0.018186482217930778,
          0.031987272108816904,
          0.1115417569843937,
          0.28255590812116355
        ],
        [
          0.16094701932166108,
          0.14411489005370154,
          0.261386296378036,
          8.488436195105425e-06,
          0.18348858316388517,
          0.04142987273951866,
          0.20862484990700247
        ],
        [
          0.14137958612136542,
          0.2062209389088376,
          0.17439592465908282,
          0.2225911524852911,
          0.2105852766826752,
          0.026746945935006042,
          0.0180801752077418
        ],
        [
          0.10995176433169972,
          0.2797109470091137,
          0.26384564474398914,
          0.22012006353538272,
          0.06685453763839203,
          0.0072107673314050465,
          0.0523062754100176
        ],
        [
          0.06253503406223176,
          0.2019048840601406,
          0.13520149555582214,
          0.20971327074056045,
          0.17659150877590568,
          0.04616988799580361,
          0.1678839188095358
        ],
        [
          0.1802963764302547,
          0.13758863312812272,
          0.2882645748250409,
          0.16132668058806338,
          0.015613291113791544,
          0.020291046283360085,
          0.19661939763136663
        ],
        [
          0.026492024960352908,
          0.4101310429407055,
          0.13487976637791815,
          0.21951232978497934,
          0.035790514277401105,
          0.011362790586500731,
          0.16183153107214238
        ],
        [
          0.24959020902769624,
          0.1924757402298898,
          0.1079601816212065,
          0.07194326849320201,
          0.15772624791129436,
          0.0870504096277872,
          0.13325394308892385
        ],
        [
          0.22254764771692503,
          0.19552725338386837,
          0.07731859841939313,
          0.06928889010888205,
          0.17235876554241056,
          0.22032206763243709,
          0.04263677719608383
        ],
        [
          0.21955137930732088,
          0.12049471593376877,
          0.15180360594296252,
          0.19136334492452323,
          0.07152722388601773,
          0.15249352469272343,
          0.09276620531268338
        ],
        [
          0.22558526618335037,
          0.03824386339911385,
          0.04313495938709032,
          0.24581930996107568,
          0.1409551706586224,
          0.08564407221004099,
          0.2206173582007064
        ],
        [
          0.224481690991204,
          0.05796261980622571,
          0.24029569950348428,
          0.12950672652235107,
          0.08409013043242379,
          0.000855337346380223,
          0.26280779539793103
        ],
        [
          0.15439857708938987,
          0.07904737095690423,
          0.19456343190163625,
          0.14590565533510377,
          0.14737040613496816,
          0.11294107719129676,
          0.1657734813907009
        ],
        [
          0.09576710691850823,
          0.07875194340616086,
          0.16351388787272347,
          0.18430765100035873,
          0.23159454702492693,
          0.1848324646221079,
          0.061232399155213835
        ],
        [
          0.05508054138056412,
          0.09690468623861684,
          0.3531998419891038,
          0.045638790895426384,
          0.08171967820593956,
          0.10131297265486042,
          0.2661434886354888
        ],
        [
          0.32316372017435924,
          0.17037782214686678,
          0.15400788705980492,
          0.058764967413253426,
          0.0764078136758194,
          0.04437809740972311,
          0.17289969212017312
        ],
        [
          0.1755579579440258,
          0.1775404851717357,
          0.27635802694578326,
          0.24159323396301988,
          0.003403684203682551,
          0.057291531116855254,
          0.06825508065489755
        ],
        [
          0.14231759292107501,
          0.19010968578417106,
          0.0708998598602848,
          0.061601670508045714,
          0.16290522391931814,
          0.20063541491018477,
          0.17153055209692042
        ],
        [
          0.19399956176237868,
          0.25346662478750087,
          0.08403468083019763,
          0.06528179869460896,
          0.07796463809139495,
          0.11808939484046746,
          0.2071633009934514
        ],
        [
          0.18604172059270044,
          0.11382444984993496,
          0.08541760006608484,
          0.1894744123109684,
          0.10882395963796875,
          0.12510063203585872,
          0.19131722550648392
        ],
        [
          0.172497465039,
          0.1111598463670459,
          0.16666601457161012,
          0.2731614728574027,
          0.10746793234960723,
          0.010802488660183454,
          0.1582447801551506
        ],
        [
          0.04070042878667429,
          0.21820308686712553,
          0.06530252536087629,
          0.08613199412923409,
          0.37196810497009586,
          0.15876721175107128,
          0.058926648134922696
        ],
        [
          0.08158291748435936,
          0.1294075145262947,
          0.18645528582183873,
          0.05182481623607625,
          0.24537277274254302,
          0.13429076627903805,
          0.17106592690984987
        ],
        [
          0.21152155379298074,
          0.18328511614326284,
          0.06785858015578601,
          0.20590854565220493,
          0.0659573812977049,
          0.1684139202190186,
          0.0970549027390419
        ],
        [
          0.18196528303029502,
          0.0544187975908488,
          0.21223865442302942,
          0.027649049096835944,
          0.20097000030895082,
          0.15251839609161022,
          0.1702398194584298
        ],
        [
          0.13108823755012666,
          0.13649464915509765,
          0.13128081634943803,
          0.10119128959933248,
          0.03221988156889316,
          0.2191522848189468,
          0.24857284095816526
        ],
        [
          0.14950905391148023,
          0.2058800382592617,
          0.16770741874687467,
          0.09164431127945016,
          0.19963880805723744,
          0.10834467357411863,
          0.07727569617157712
        ],
        [
          0.1691171526043856,
          0.3153583483640797,
          0.022123755897949408,
          0.15789511057791947,
          0.2103500150396627,
          0.0594730078506308,
          0.06568260966537239
        ],
        [
          0.12310327817087505,
          0.2060788483499027,
          0.302116046839693,
          0.08465298940808438,
          0.05620257128549862,
          0.08919279589397563,
          0.1386534700519706
        ],
        [
          0.08798054691433477,
          0.046344132871558266,
          0.08559298866837814,
          0.20502515317742676,
          0.11497918011150324,
          0.27626225588954695,
          0.1838157423672519
        ],
        [
          0.26959843955758733,
          0.042608325929332544,
          0.1044446846384318,
          0.1979452955147395,
          0.07967298541106972,
          0.07919846833964908,
          0.22653180060919
        ],
        [
          0.19831446278427214,
          0.13042445853998744,
          0.12628887017550133,
          0.16195213040886866,
          0.032744028292909164,
          0.15904288658014437,
          0.19123316321831682
        ],
        [
          0.2534425081346719,
          0.26708230967477126,
          0.006051160979320129,
          0.009143445113487202,
          0.00853783135094099,
          0.3368324303269725,
          0.11891031441983599
        ],
        [
          0.20038277395020068,
          0.20727650871722153,
          0.05802274020339043,
          0.046823649294716364,
          0.23478109235283692,
          0.007379729938155893,
          0.24533350554347821
        ],
        [
          0.2334696450208164,
          0.07652003247018385,
          0.08270662251705502,
          0.036788392537986304,
          0.15077697025324693,
          0.2603879904049602,
          0.15935034679575133
        ],
        [
          0.03169048177167847,
          0.1005364486203507,
          0.20232955417641343,
          0.11451464897536816,
          0.1889561467085564,
          0.17718771580504683,
          0.18478500394258604
        ],
        [
          0.19373950280510682,
          0.04854377183347329,
          0.31987909039282775,
          0.21952730035639853,
          0.10072022909390424,
          0.07022445617335443,
          0.047365649344934986
        ],
        [
          0.24496159435380682,
          0.0598513633805487,
          0.11225960252775684,
          0.22932013453913067,
          0.047019597473093984,
          0.18913567611232573,
          0.11745203161333725
        ],
        [
          0.1064642041543505,
          0.059210652530321664,
          0.14294364385710887,
          0.09011152098545319,
          0.26606023758921826,
          0.18639291098570643,
          0.14881682989784106
        ],
        [
          0.11678229838595844,
          0.120333849644259,
          0.1407458071567026,
          0.1651993672360478,
          0.12622203848139135,
          0.16487463718215564,
          0.1658420019134852
        ],
        [
          0.04461664895731767,
          0.1544963068998191,
          0.33304157643541227,
          0.12454930210918909,
          0.0681831355407522,
          0.07940370883578524,
          0.19570932122172435
        ],
        [
          0.2337922399167114,
          0.07041950891035209,
          0.17304705377070478,
          0.022812922337405412,
          0.13716076208508607,
          0.1890531981009902,
          0.1737143148787501
        ],
        [
          0.14433578337893851,
          0.15462531890809342,
          0.05253977090659797,
          0.17241433795217467,
          0.15855186031252913,
          0.05222537591158972,
          0.26530755263007655
        ],
        [
          0.22379244502281212,
          0.08454657781819373,
          0.06486342789260706,
          0.24746195942465163,
          0.13057913718852976,
          0.11575543823093731,
          0.13300101442226842
        ],
        [
          0.12285685611507909,
          0.2109027331956306,
          0.18526760825352576,
          0.09648601073316974,
          0.14988859567137916,
          0.16455883986872827,
          0.07003935616248735
        ],
        [
          0.09735194041930711,
          0.2605684988858727,
          0.2546208300925067,
          0.07804606916956358,
          0.04948872659456369,
          0.2542568003823786,
          0.005667134455807631
        ],
        [
          0.22668142611639605,
          0.012585815279673606,
          0.036879319209670185,
          0.06440153077385713,
          0.3551124170185833,
          0.2927682029152624,
          0.011571288686557402
        ],
        [
          0.09047435028191271,
          0.08717762670931678,
          0.1821859995506069,
          0.12875352689949027,
          0.1964777491165237,
          0.24935673847835552,
          0.06557400896379413
        ],
        [
          0.1958961207962401,
          0.16749563672829706,
          0.2568191452893979,
          0.02819158861577772,
          0.008835743600945658,
          0.12485163657129163,
          0.21791012839804985
        ],
        [
          0.22415311725504838,
          0.15610346539509656,
          0.07270104369116989,
          0.19980596770867715,
          0.06381394527123138,
          0.2455002778844135,
          0.03792218279436314
        ],
        [
          0.2261023857283622,
          0.06801633344525389,
          0.17383241212173603,
          0.1602832032991276,
          0.2779178294231775,
          0.08954433764324299,
          0.0043034983390999385
        ],
        [
          0.15632152098506336,
          0.10956763151178273,
          0.19855689285633335,
          0.20335848395286854,
          0.04036111533920431,
          0.0745737090393611,
          0.21726064631538666
        ],
        [
          0.30992979607923477,
          0.05252650427248805,
          0.23403119750275353,
          0.18449719367777204,
          0.002362608381121018,
          0.17027288451302566,
          0.04637981557360492
        ],
        [
          0.057173171907001434,
          0.1806074266956633,
          0.14657576325983346,
          0.08506963736084991,
          0.10164217797178397,
          0.22083893855539677,
          0.20809288424947112
        ],
        [
          0.16806905655451382,
          0.16988033358120616,
          0.16203968792685225,
          0.002405653563172898,
          0.19545545773683887,
          0.09558000339474917,
          0.20656980724266674
        ],
        [
          0.07853833631305332,
          0.07983527034087073,
          0.2274147013619805,
          0.2526012911555602,
          0.002810450684591524,
          0.21718148855402886,
          0.1416184615899149
        ],
        [
          0.018450174022093833,
          0.053797422711467265,
          0.23860176022550444,
          0.16904157258211605,
          0.13435168254618038,
          0.1638376421177779,
          0.22191974579486018
        ],
        [
          0.1084592223158182,
          0.22017407447407525,
          0.052454681744281126,
          0.3090535536617222,
          0.08804043908182793,
          0.22035982907524038,
          0.0014581996470349053
        ],
        [
          0.07598452472050352,
          0.0978627396717458,
          0.06499331856108086,
          0.2812005369895047,
          0.2947724318321061,
          0.054768934350069735,
          0.13041751387498932
        ],
        [
          0.08749586485585575,
          0.29246703121920753,
          0.12423116022394833,
          0.04936126358946968,
          0.14154814903203305,
          0.23449625338632596,
          0.07040027769315976
        ],
        [
          0.1604516955086139,
          0.13873565007712746,
          0.11534379662053633,
          0.19553229409849884,
          0.0012528036062411055,
          0.14537066553962855,
          0.24331309454935382
        ],
        [
          0.07734720130042907,
          0.36532190363832895,
          0.21702972252068053,
          0.1213305067532722,
          0.10925044716863076,
          0.08817308604117578,
          0.021547132577482645
        ],
        [
          0.13260086692188733,
          0.14926907613627624,
          0.08681654860431982,
          0.08205926924936292,
          0.18822331759210076,
          0.17846185582356744,
          0.18256906567248557
        ],
        [
          0.2629992236182617,
          0.31070424160916643,
          0.1831674659344967,
          0.07003708577850408,
          0.001058575088838759,
          0.048459434100176,
          0.12357397387055637
        ],
        [
          0.2055503251974999,
          0.05763108570673955,
          0.05464508858001788,
          0.2744632573417197,
          0.21772457273164245,
          0.1257859193217003,
          0.06419975112068015
        ],
        [
          0.2623106230622971,
          0.07016886087788367,
          0.1105477203794494,
          0.08307322405476296,
          0.09479598790405803,
          0.2753779786119428,
          0.103725605109606
        ],
        [
          0.25526851675064477,
          0.24244432172652167,
          0.08483547377234936,
          0.06862282670082294,
          0.23862694322466557,
          0.09552157906387558,
          0.014680338761120185
        ],
        [
          0.3386316549104649,
          0.13280619053146492,
          0.13744319226530108,
          0.1032400400935096,
          0.02886738418787082,
          0.015049470762399502,
          0.2439620672489891
        ],
        [
          0.22002233852694236,
          0.006144481281060698,
          0.2703680099438946,
          0.1306076349068283,
          0.18161427337788688,
          0.11393508534303134,
          0.07730817662035587
        ],
        [
          0.16367544868095377,
          0.05308189234277728,
          0.2150870755814736,
          0.1261314091853577,
          0.13323208280015786,
          0.0787458496547815,
          0.23004624175449837
        ],
        [
          0.12502323183369876,
          0.2930390695088291,
          0.27317853086349303,
          0.008810259613368093,
          0.12464986654068164,
          0.13493807359102872,
          0.040360968048900776
        ],
        [
          0.11447810968909244,
          0.05158962448385711,
          0.06224585697737932,
          0.3463196129289851,
          0.08017391648225404,
          0.17820474432809455,
          0.1669881351103373
        ],
        [
          0.2320105648634867,
          0.2108303538458183,
          0.21896664837449706,
          0.07902130019056115,
          0.1612571333429182,
          0.04513328622909485,
          0.052780713153623704
        ],
        [
          0.2939636898780954,
          0.1946487352458939,
          0.2962823501389771,
          0.10820434208887461,
          0.02907586833693503,
          0.07698635414209931,
          0.0008386601691246297
        ],
        [
          0.05042668843790836,
          0.15506056713099176,
          0.18976051867143626,
          0.15671565977401364,
          0.17512348418233836,
          0.12279413120327964,
          0.1501189506000319
        ],
        [
          0.06919374120440981,
          0.2274885565476837,
          0.1718213098237822,
          0.008053810577052655,
          0.02570606714041602,
          0.40318714350939977,
          0.09454937119725586
        ],
        [
          0.03238447001227679,
          0.24711477913535052,
          0.018169396437733652,
          0.1792494971533818,
          0.1372609338485404,
          0.13501287008205598,
          0.2508080533306609
        ],
        [
          0.05881644307826137,
          0.1497581523745975,
          0.061760548712113714,
          0.13590550245511568,
          0.25095825763708823,
          0.04712926009208353,
          0.29567183565074
        ],
        [
          0.16744988734044944,
          0.12270371934727325,
          0.10357155681280447,
          0.17260946790451265,
          0.1970767564518057,
          0.19416899873984553,
          0.04241961340330896
        ],
        [
          0.23782134538269334,
          0.1086366111940815,
          0.047454767488421944,
          0.21262266309539601,
          0.1348041786124145,
          0.09762729308152143,
          0.16103314114547118
        ],
        [
          0.027766246115884304,
          0.11848334631281923,
          0.20614104163423874,
          0.08356346849428467,
          0.077064132926722,
          0.28901168528469084,
          0.19797007923136023
        ],
        [
          0.13636784685098843,
          0.21074385402282997,
          0.2142100779455529,
          0.09038931916618816,
          0.08892561064323186,
          0.20967320833816253,
          0.04969008303304619
        ],
        [
          0.0653434223699995,
          0.22105559906327096,
          0.1630987618411348,
          0.11699531623442927,
          0.18568967465997185,
          0.03807901508016249,
          0.20973821075103113
        ],
        [
          0.2508492557635462,
          0.05303818480145712,
          0.015915412984063914,
          0.06944506716239837,
          0.12207970912859833,
          0.24740310418046232,
          0.24126926597947373
        ],
        [
          0.29433287266766084,
          0.14026464683247067,
          0.12613110563453625,
          0.054504215513431466,
          0.004885593229581438,
          0.12880334778348534,
          0.2510782183388339
        ],
        [
          0.18363024716751394,
          0.09207041683040554,
          0.21496678929704913,
          0.006592922199897866,
          0.14072349521290398,
          0.24829182593643664,
          0.11372430335579285
        ],
        [
          0.19394387350275546,
          0.09474196945169452,
          0.10416448476387104,
          0.11342740030202066,
          0.1260826183173626,
          0.14761891804936786,
          0.22002073561292776
        ],
        [
          0.09671970302830903,
          0.18564611342963416,
          0.12856615723103193,
          0.09290761122320261,
          0.28057261722413523,
          0.1778665822751455,
          0.037721215588541454
        ],
        [
          0.1618181474547341,
          0.05199399344881358,
          0.1373205313845301,
          0.22979291367888863,
          0.13550437984385338,
          0.10775047058410817,
          0.175819563605072
        ]
      ],
      "timestamps": [
        0,
        1,
        2,
        3,
        4,
        5,
        6,
        7,
        8,
        9,
        10,
        11,
        12,
        13,
        14,
        15,
        16,
        17,
        18,
        19,
        20,
        21,
        22,
        23,
        24,
        25,
        26,
        27,
        28,
        29,
        30,
        31,
        32,
        33,
        34,
        35,
        36,
        37,
        38,
        39,
        40,
        41,
        42,
        43,
        44,
        45,
        46,
        47,
        48,
        49,
        50,
        51,
        52,
        53,
        54,
        55,
        56,
        57,
        58,
        59,
        60,
        61,
        62,
        63,
        64,
        65,
        66,
        67,
        68,
        69,
        70,
        71,
        72,
        73,
        74,
        75,
        76,
        77,
        78,
        79,
        80,
        81,
        82,
        83,
        84,
        85,
        86,
        87,
        88,
        89,
        90,
        91,
        92,
        93,
        94,
        95,
        96,
        97,
        98,
        99
      ],
      "distance": 552.9
    }
  ],
  "conversation": [
    "Feels like the weekend already.",
    "You can feel the layers of stories here.",
    "Someone should train a model on these smells."
  ],
  "conversation_timestamps": [
    46,
    71,
    81
  ]
}
