{
  "agent_id": "agent-type-purple-47",
  "type": "purple",
  "trips": [
    {
      "trip_id": 0,
      "transport_method": "bicycle",
      "start_time": 0,
      "path": [
        [
          1.5214575000000001,
          42.5084848
        ],
        [
          1.5218059275101938,
          42.50830242177863
        ],
        [
          1.5222106388135672,
          42.508408780479314
        ],
        [
          1.5223469939824508,
          42.50848920121039
        ],
        [
          1.5219390270554278,
          42.50839610771574
        ],
        [
          1.5219069398715956,
          42.50838878577889
        ],
        [
          1.5223149067986186,
          42.50848187927354
        ],
        [
          1.522533439062739,
          42.50825393155847
        ],
        [
          1.5223464597454455,
          42.50802132244774
        ],
        [
          1.5222173735787694,
          42.50813986769215
        ],
        [
          1.5225557854938796,
          42.50808094805599
        ],
        [
          1.522470907036215,
          42.50846240752297
        ],
        [
          1.5228538159941998,
          42.50835964116688
        ],
        [
          1.5232413901412611,
          42.50836739999511
        ],
        [
          1.5236035397162297,
          42.50857352894411
        ],
        [
          1.5239328018479386,
          42.508764548234836
        ],
        [
          1.5237415313673877,
          42.5088697791466
        ],
        [
          1.523820389224631,
          42.50867847609495
        ],
        [
          1.523443727949203,
          42.508496185952914
        ],
        [
          1.5230894539022217,
          42.508634360695424
        ],
        [
          1.5227417965326393,
          42.50886725072455
        ],
        [
          1.522394183323135,
          42.50910017130131
        ],
        [
          1.5225671264702765,
          42.509360019757054
        ],
        [
          1.5229633045275452,
          42.50949418676253
        ],
        [
          1.5233713000000002,
          42.5095871
        ]
      ],
      "emotions": [
        "red",
        "red",
        "red",
        "red",
        "red",
        "purple",
        "purple",
        "purple",
        "purple",
        "purple",
        "red",
        "red",
        "red",
        "red",
        "red",
        "red",
        "red",
        "red",
        "red",
        "red",
        "red",
        "red",
        "red",
        "red",
        "red"
      ],
      "mood_vectors": [
        [
          0.012484071677839667,
          0.17155767462217497,
          0.1894986118944179,
          0.11507853998385698,
          0.14249658134858775,
          0.11699087740978761,
          0.25189364306333506
        ],
        [
          0.28034337850782337,
          0.1226797810790973,
          0.25579740962624214,
          0.29398704157453676,
          0.0006721298057490603,
          0.012879397483161362,
          0.03364086192338996
        ],
        [
          0.06083044074371629,
          0.21264848332781516,
          0.22446940874120333,
          0.19338143696232676,
          0.03460034972198993,
          0.23747806215541425,
          0.0365918183475343
        ],
        [
          0.15209437435699194,
          0.16247365375362022,
          0.13440069797180232,
          0.12533414456623387,
          0.19317015283992223,
          0.04324689413163479,
          0.1892800823797946
        ],
        [
          0.04344921049081825,
          0.17245159833296603,
          0.1606464609500668,
          0.21086411894045531,
          0.018276599983930854,
          0.21918807501498988,
          0.1751239362867728
        ],
        [
          0.04776008252754187,
          0.3111542088501264,
          0.13098925463928723,
          0.004209597734360113,
          0.2268488104074288,
          0.23954935798885693,
          0.03948868785239856
        ],
        [
          0.18120495527779076,
          0.10872982392992056,
          0.09639371908766259,
          0.20470951782062796,
          0.10044763574250241,
          0.2999648762995142,
          0.008549471841981519
        ],
        [
          0.19213336074744652,
          0.16843969274013287,
          0.1936800085117964,
          0.07487738352842002,
          0.19496367012480842,
          0.0524817494901589,
          0.12342413485723688
        ],
        [
          0.10853742336144506,
          0.17411259568083665,
          0.03137255769547544,
          0.2165911538708396,
          0.1306191690921841,
          0.11540025343166811,
          0.223366846867551
        ],
        [
          0.28236351411111155,
          0.08801875222644202,
          0.40139395735002154,
          0.10269195773923773,
          0.03061102551787869,
          0.020679757456984343,
          0.074241035598324
        ],
        [
          0.016803057401924473,
          0.16945309690531904,
          0.3177249553204529,
          0.32870927944882805,
          0.0928461295684855,
          0.03925948021032324,
          0.03520400114466674
        ],
        [
          0.18536113558121703,
          0.09068038789028557,
          0.2767945562549427,
          0.10173746757959948,
          0.009437262578999774,
          0.22188143729792212,
          0.11410775281703334
        ],
        [
          0.09039014503870309,
          0.14778028795934922,
          0.14565803909180516,
          0.22770710096078378,
          0.12209581106247254,
          0.1986278215899991,
          0.06774079429688719
        ],
        [
          0.056528585191904526,
          0.23405023021475377,
          0.22727307235568228,
          0.19345649498760967,
          0.029228322030422742,
          0.14168589177372642,
          0.11777740344590067
        ],
        [
          0.12884885229239482,
          0.18402932714676856,
          0.11962700264305727,
          0.026105168757478956,
          0.14706242389336777,
          0.21952108188289204,
          0.1748061433840407
        ],
        [
          0.3182215692555143,
          0.11153281746663504,
          0.059316580263578125,
          0.03177944025024448,
          0.0541944599675875,
          0.14418690792977523,
          0.2807682248666654
        ],
        [
          0.1991672253050352,
          0.07503244366548464,
          0.20162742147788767,
          0.14909603104889535,
          0.006519941295665712,
          0.1966198917016972,
          0.17193704550533423
        ],
        [
          0.1673154712230616,
          0.25096406754044087,
          0.0819832815689391,
          0.1386568434019365,
          0.03917399541841791,
          0.1361423240336321,
          0.18576401681357194
        ],
        [
          0.19030254958014112,
          0.2351100731751612,
          0.08606403209922682,
          0.0341804679690549,
          0.07642124992509314,
          0.2149865593531804,
          0.16293506789814247
        ],
        [
          0.05789301027862634,
          0.17283771643979692,
          0.03232030607831773,
          0.344713733727828,
          0.02191566612746746,
          0.0635834676131003,
          0.30673609973486327
        ],
        [
          0.22104434053591748,
          0.07031021687807289,
          0.11179124509782584,
          0.1553550405319202,
          0.03330139644574097,
          0.19622496505569867,
          0.21197279545482403
        ],
        [
          0.18413971383401606,
          0.1686674583592455,
          0.23125615060413693,
          0.05803251343760955,
          0.10469255840440543,
          0.22452733747852527,
          0.028684267882061187
        ],
        [
          0.16361617438413117,
          0.2290616028931384,
          0.026468862301690953,
          0.09016748312555614,
          0.18345188854191619,
          0.2114751690045804,
          0.09575881974898674
        ],
        [
          0.24689131767025058,
          0.21391991639983163,
          0.054696857966957446,
          0.17256649967687762,
          0.13637839704039115,
          0.12366344006053764,
          0.051883571185153986
        ],
        [
          0.4462110894396637,
          0.2509207982675753,
          0.014683247321555975,
          0.05125637418782169,
          0.17673367195331102,
          0.007311678457006375,
          0.052883140373065886
        ]
      ],
      "timestamps": [
        0,
        1,
        2,
        3,
        4,
        5,
        6,
        7,
        8,
        9,
        10,
        11,
        12,
        13,
        14,
        15,
        16,
        17,
        18,
        19,
        20,
        21,
        22,
        23,
        24
      ],
      "distance": 341
    },
    {
      "trip_id": 1,
      "transport_method": "foot",
      "start_time": 25,
      "path": [
        [
          1.5233713000000002,
          42.5095871
        ],
        [
          1.5223529884961473,
          42.50927629825837
        ],
        [
          1.523136555108326,
          42.50860280836195
        ],
        [
          1.52385274394989,
          42.50884948847537
        ],
        [
          1.5238456798111284,
          42.50885698342165
        ],
        [
          1.5231464787488256,
          42.508312349104436
        ],
        [
          1.5236077386550124,
          42.507722065403506
        ],
        [
          1.5232418078494576,
          42.50775990138574
        ],
        [
          1.5224487666758104,
          42.50725398761924
        ],
        [
          1.5217049142746193,
          42.50647862208376
        ],
        [
          1.5225949274262476,
          42.506458439068254
        ],
        [
          1.5236258657620785,
          42.506714516645616
        ],
        [
          1.5236712359464166,
          42.50603271568948
        ],
        [
          1.5237567114433974,
          42.50584529545936
        ],
        [
          1.5231854070573323,
          42.50654453308016
        ],
        [
          1.5221407310551,
          42.506307859057486
        ],
        [
          1.5218974117257786,
          42.5054902953076
        ],
        [
          1.522231685412087,
          42.504553820384196
        ],
        [
          1.5232792149802175,
          42.50467416073261
        ],
        [
          1.5236371442543415,
          42.504743913200365
        ],
        [
          1.5225754287944826,
          42.504582922124115
        ],
        [
          1.5217703399173246,
          42.50490994553292
        ],
        [
          1.5207530382451266,
          42.50457141976655
        ],
        [
          1.5202222316793208,
          42.50434209319491
        ],
        [
          1.519214040682582,
          42.504007308996705
        ],
        [
          1.5187238306534518,
          42.5046555268936
        ],
        [
          1.5180109192696114,
          42.50539440239448
        ],
        [
          1.517171455755519,
          42.50518889838963
        ],
        [
          1.5170304235114864,
          42.504123713891765
        ],
        [
          1.5179046000000003,
          42.5040989
        ]
      ],
      "emotions": [
        "purple",
        "purple",
        "purple",
        "purple",
        "purple",
        "green",
        "green",
        "green",
        "green",
        "green",
        "red",
        "red",
        "red",
        "red",
        "red",
        "green",
        "green",
        "green",
        "green",
        "green",
        "red",
        "red",
        "red",
        "red",
        "red",
        "red",
        "red",
        "red",
        "red",
        "red"
      ],
      "mood_vectors": [
        [
          0.1893971804491173,
          0.04079065583296628,
          0.015146691917617215,
          0.17064814098614584,
          0.15824646353438276,
          0.22234199343376024,
          0.20342887384601044
        ],
        [
          0.21099081173333464,
          0.16683153936711,
          0.1534218718252761,
          0.049750312677095364,
          0.0702614209675882,
          0.17916922021228976,
          0.16957482321730583
        ],
        [
          0.2655477484226446,
          0.16711228450895452,
          0.12280848623193037,
          0.14459774905926265,
          0.03791589254911277,
          0.2298290208514186,
          0.03218881837667643
        ],
        [
          0.12128893193177476,
          0.10519491151916925,
          0.16590046276595416,
          0.3464677032767824,
          0.1697768385812686,
          0.08854389049879192,
          0.0028272614262590087
        ],
        [
          0.13694453989247213,
          0.07827692812899353,
          0.15262006994485106,
          0.0742210041222341,
          0.3528917215287621,
          0.166064953896148,
          0.03898078248653908
        ],
        [
          0.12453270367624757,
          0.03706865270438585,
          0.10577635719500171,
          0.13884637129534927,
          0.29337917720023,
          0.1924914906809235,
          0.10790524724786216
        ],
        [
          0.16370790645157046,
          0.24253825944351506,
          0.2634875465405418,
          0.03019306225057577,
          0.021788900236090834,
          0.2730757436736037,
          0.005208581404102429
        ],
        [
          0.2168892674004137,
          0.31151872573819944,
          0.20643388417480077,
          0.01454020959885354,
          0.028006803365297962,
          0.18621108493328697,
          0.036400024789147715
        ],
        [
          0.21145793700299031,
          0.07267717681086583,
          0.22513185173728764,
          0.18702596973578514,
          0.23681178881286571,
          0.05473805757791932,
          0.012157218322285984
        ],
        [
          0.2756760946920536,
          0.2372114856200212,
          0.06189596389176714,
          0.13204197449953148,
          0.14515799909647487,
          0.08530209920840272,
          0.06271438299174892
        ],
        [
          0.11385155738634739,
          0.24562787874672434,
          0.07256012747794198,
          0.2029251060389529,
          0.16784646583769733,
          0.1149902171499938,
          0.0821986473623422
        ],
        [
          0.12046493191583262,
          0.23643184325770347,
          0.29056377729508065,
          0.09382559337443443,
          0.08482948256082619,
          0.15402024167196782,
          0.01986412992415488
        ],
        [
          0.11851677843166504,
          0.21511785118189014,
          0.03686362742181039,
          0.11044303988746138,
          0.24033333986259314,
          0.17356467677447107,
          0.10516068644010887
        ],
        [
          0.12554296967757253,
          0.0339289525076241,
          0.046185214415859516,
          0.27859394634567464,
          0.19555346463331247,
          0.15208751680667806,
          0.16810793561327872
        ],
        [
          0.21357632539389845,
          0.14551919698996604,
          0.09515493135558749,
          0.23848287879385166,
          0.18790929684150925,
          0.025556525397920065,
          0.09380084522726703
        ],
        [
          0.10767816585378379,
          0.1089961184315789,
          0.23223902808853786,
          0.20720848088052887,
          0.12621828966163637,
          0.21107168811502983,
          0.0065882289689044434
        ],
        [
          0.016612861519444227,
          0.14455916678093136,
          0.22028739176085674,
          0.03516240220529312,
          0.2586418923547561,
          0.22853994756566814,
          0.0961963378130503
        ],
        [
          0.14834387334086688,
          0.13162696685123276,
          0.18227012990407207,
          0.16188346902679762,
          0.11426334417176179,
          0.1393924566788221,
          0.12221976002644684
        ],
        [
          0.19678743004008992,
          0.15559565205787643,
          0.15339545040668565,
          0.12380698731326785,
          0.11628154191239577,
          0.15641053936859248,
          0.09772239890109188
        ],
        [
          0.058240777972886855,
          0.18227495204831057,
          0.161260525869721,
          0.024378383730528235,
          0.22715012037863835,
          0.20141569214813115,
          0.14527954785178376
        ],
        [
          0.05533527605337529,
          0.18402730138069173,
          0.12364729120559892,
          0.17370565090923382,
          0.18996291085929515,
          0.13578723699841055,
          0.13753433259339454
        ],
        [
          0.21687040009520786,
          0.15306258882823506,
          0.20828804853728863,
          0.05883009718726907,
          0.20427955852618795,
          0.09587370233962747,
          0.06279560448618401
        ],
        [
          0.04529200693613407,
          0.10677849318510858,
          0.1379664851138004,
          0.16742287119678034,
          0.2258038636992149,
          0.28013007131035533,
          0.03660620855860631
        ],
        [
          0.19111149027420798,
          0.17069210507509502,
          0.04190205578113371,
          0.21043135787809295,
          0.20433262359681775,
          0.17414484699695731,
          0.007385520397695272
        ],
        [
          0.2307052612168662,
          0.18784788495242796,
          0.1672072082399485,
          0.06486160773944041,
          0.06483261933682516,
          0.1065827588219987,
          0.17796265969249306
        ],
        [
          0.14764279159663496,
          0.21641673130303918,
          0.06744061427401016,
          0.22259891854816982,
          0.21145357108409948,
          0.13186043795190128,
          0.002586935242145085
        ],
        [
          0.2758514723993752,
          0.0567193617234101,
          0.10963552048821264,
          0.17443853490595326,
          0.17180693791507773,
          0.06994752713678297,
          0.14160064543118808
        ],
        [
          0.0515362697856929,
          0.09946598212638501,
          0.26507295047794677,
          0.15166134148727814,
          0.25135231940095615,
          0.12847873436268553,
          0.052432402359055524
        ],
        [
          0.06705673622012602,
          0.2746620922254516,
          0.07161348562200776,
          0.13525517656884908,
          0.2748182505392883,
          0.06995809617705286,
          0.10663616264722435
        ],
        [
          0.012980124647012444,
          0.06693997720329026,
          0.04521307886955768,
          0.3080121238372466,
          0.33966850904508655,
          0.08605341227794391,
          0.14113277411986255
        ]
      ],
      "timestamps": [
        25,
        26,
        27,
        28,
        29,
        30,
        31,
        32,
        33,
        34,
        35,
        36,
        37,
        38,
        39,
        40,
        41,
        42,
        43,
        44,
        45,
        46,
        47,
        48,
        49,
        50,
        51,
        52,
        53,
        54
      ],
      "distance": 1084.1
    },
    {
      "trip_id": 2,
      "transport_method": "car",
      "start_time": 55,
      "path": [
        [
          1.5188922000000002,
          42.5043781
        ],
        [
          1.5195066288702415,
          42.504541349812854
        ],
        [
          1.519932829464836,
          42.50438609346655
        ],
        [
          1.5204561117622404,
          42.50450527846812
        ],
        [
          1.5210359363347798,
          42.504722277639914
        ],
        [
          1.521645078172172,
          42.50489213906334
        ],
        [
          1.5220312802752731,
          42.50455926637861
        ],
        [
          1.5226457030323715,
          42.50459155356798
        ],
        [
          1.5232235046984148,
          42.504603078078695
        ],
        [
          1.5237821403386813,
          42.504772169717576
        ],
        [
          1.523564852044086,
          42.50472982505382
        ],
        [
          1.5229377775760087,
          42.50462751114608
        ],
        [
          1.5223067832736412,
          42.504549925697525
        ],
        [
          1.5220339946821495,
          42.504975369273154
        ],
        [
          1.5218716300676778,
          42.50559002994953
        ],
        [
          1.5218570243373373,
          42.50617382820784
        ],
        [
          1.5224378689362015,
          42.5063493893593
        ],
        [
          1.5230529617117239,
          42.50650332471464
        ],
        [
          1.5235171034841566,
          42.50637067852756
        ],
        [
          1.5237809046134474,
          42.505792247630936
        ],
        [
          1.523952659250568,
          42.505443711621055
        ],
        [
          1.523680170683949,
          42.50601312468827
        ],
        [
          1.5234163695546579,
          42.5065915555849
        ],
        [
          1.5240054205348468,
          42.50674576232049
        ],
        [
          1.5244786233533416,
          42.50652173986483
        ],
        [
          1.5245575464291032,
          42.506365272523155
        ],
        [
          1.5241776899708406,
          42.50682955039955
        ],
        [
          1.523700944701417,
          42.50672138006034
        ],
        [
          1.5243155639268096,
          42.50678278184029
        ],
        [
          1.5248521999999998,
          42.50665229999999
        ]
      ],
      "emotions": [
        "purple",
        "purple",
        "purple",
        "purple",
        "purple",
        "green",
        "green",
        "green",
        "green",
        "green",
        "green",
        "green",
        "green",
        "green",
        "green",
        "red",
        "red",
        "red",
        "red",
        "red",
        "red",
        "red",
        "red",
        "red",
        "red",
        "red",
        "red",
        "red",
        "red",
        "red"
      ],
      "mood_vectors": [
        [
          0.13705318901109337,
          0.18455434216910238,
          0.1816999267685714,
          0.1130332888811178,
          0.21452014456031754,
          0.15454437915794317,
          0.014594729451854364
        ],
        [
          0.18656873281042097,
          0.07889572471630771,
          0.18168467750274894,
          0.19398307629749897,
          0.1957205153092867,
          0.1470907380405437,
          0.016056535323193056
        ],
        [
          0.17783693869540326,
          0.2068459875564423,
          0.12071017636615565,
          0.15984710926140555,
          0.0583720015313663,
          0.009857085128942731,
          0.2665307014602842
        ],
        [
          0.11700405577193831,
          0.13769067561398957,
          0.18755037794694743,
          0.0045671754766228945,
          0.19864174804455545,
          0.20039341099053015,
          0.15415255615541612
        ],
        [
          0.3167743047146319,
          0.1712034827852124,
          0.04228194405899294,
          0.20737562941848886,
          0.036807727896987094,
          0.09350021778269367,
          0.13205669334299303
        ],
        [
          0.226763944391637,
          0.22055442267838696,
          0.007652524252248889,
          0.1160070717995861,
          0.1618890524397836,
          0.0678388294021852,
          0.1992941550361723
        ],
        [
          0.055106005645286775,
          0.010523880564871035,
          0.15269656526765957,
          0.2880482207800175,
          0.20492655423970316,
          0.062853430330771,
          0.22584534317169094
        ],
        [
          0.17253291788649394,
          0.14278389805024946,
          0.07347957428298907,
          0.18621342130748775,
          0.08383598771468492,
          0.16540730164899878,
          0.17574689910909613
        ],
        [
          0.08532467882132878,
          0.054568995944061824,
          0.1384135570344201,
          0.2755603755338112,
          0.2082774842716135,
          0.11470044546965617,
          0.1231544629251084
        ],
        [
          0.09250513629262735,
          0.19205637660313019,
          0.036904448180816035,
          0.13350223779706952,
          0.21664280287491197,
          0.06572357281260839,
          0.26266542543883653
        ],
        [
          0.10102055614193413,
          0.18139113887810976,
          0.12850862857448103,
          0.23113309990557265,
          0.18438128586889152,
          0.07326198550580769,
          0.1003033051252032
        ],
        [
          0.24379618256521643,
          0.08492596105749885,
          0.041639651548706066,
          0.22278603344228315,
          0.21150762240278725,
          0.019239490654026633,
          0.17610505832948153
        ],
        [
          0.17906119035756438,
          0.16434906277694863,
          0.19940741564378608,
          0.044028936810442294,
          0.2035281541538167,
          0.03158442091561904,
          0.1780408193418229
        ],
        [
          0.13318710035300285,
          0.16627278261215667,
          0.12922053078666934,
          0.09329981140373673,
          0.15877762695591324,
          0.16166818034671968,
          0.1575739675418014
        ],
        [
          0.3014860366543389,
          0.17092763558480342,
          0.22783637805675472,
          0.05028333814225865,
          0.08754761802177567,
          0.018462270435185193,
          0.14345672310488347
        ],
        [
          0.020179508268933367,
          0.3700309319290417,
          0.24927833784927306,
          0.14360528494614744,
          0.178826016670165,
          0.018390481923479824,
          0.019689438412959663
        ],
        [
          0.06853565954044627,
          0.2020827906265689,
          0.15573138210445192,
          0.16615061243993665,
          0.1690697280424888,
          0.1126499199854704,
          0.12577990726063706
        ],
        [
          0.1963177399618907,
          0.03257156817532389,
          0.1261439257812704,
          0.20518151142148827,
          0.25678521425786544,
          0.1753626546648538,
          0.007637385737307515
        ],
        [
          0.15963690959218327,
          0.14719885892615459,
          0.26008475342019693,
          0.20662287703991253,
          0.12280761862971601,
          0.05054987213097542,
          0.05309911026086121
        ],
        [
          0.1884559888223523,
          0.04375125458568027,
          0.05951380892469845,
          0.25614142866919787,
          0.15727184979935677,
          0.19255379294411448,
          0.10231187625459987
        ],
        [
          0.24393601449644112,
          0.10386318454299154,
          0.1983008533278295,
          0.05767706667638917,
          0.11675246314113752,
          0.1274296855286143,
          0.1520407322865968
        ],
        [
          0.22966838605764703,
          0.1389454376908985,
          0.22155009182426752,
          0.13194726871651005,
          0.058929432534122486,
          0.12476748939105456,
          0.0941918937854998
        ],
        [
          0.2969692386803021,
          0.2683667645662555,
          0.07286259624225291,
          0.15836642535198373,
          0.035882270222175855,
          0.011286655616362625,
          0.15626604932066732
        ],
        [
          0.28308773201489346,
          0.07797871091239227,
          0.21612041882332494,
          0.11598005634988795,
          0.0322808742214909,
          0.017477678060896985,
          0.2570745296171135
        ],
        [
          0.08553636171077086,
          0.19758725174894723,
          0.18914060765110663,
          0.1541133709830892,
          0.15082134319136944,
          0.1894566780831847,
          0.03334438663153187
        ],
        [
          0.02680948592576513,
          0.16448989300703132,
          0.06736951768172866,
          0.22542717605228088,
          0.07639037964810365,
          0.2952370230971315,
          0.14427652458795892
        ],
        [
          0.24082109323547024,
          0.14582621346935684,
          0.014161606227962597,
          0.12235213561689313,
          0.18570102359377866,
          0.04806933360028743,
          0.243068594256251
        ],
        [
          0.08992884844907974,
          0.19618755591301545,
          0.05921993197323083,
          0.29891942796832444,
          0.23962567902489124,
          0.10532526468131226,
          0.01079329199014605
        ],
        [
          0.10206570574815278,
          0.22353880337554785,
          0.08988220599644756,
          0.13062114156682245,
          0.14287531252918123,
          0.0936656195360178,
          0.21735121124783036
        ],
        [
          0.26375170336143877,
          0.01296672435674163,
          0.011690187535857275,
          0.1225341568889839,
          0.1593868288682624,
          0.12219959236422658,
          0.30747080662448945
        ]
      ],
      "timestamps": [
        55,
        56,
        57,
        58,
        59,
        60,
        61,
        62,
        63,
        64,
        65,
        66,
        67,
        68,
        69,
        70,
        71,
        72,
        73,
        74,
        75,
        76,
        77,
        78,
        79,
        80,
        81,
        82,
        83,
        84
      ],
      "distance": 872.4
    },
    {
      "trip_id": 3,
      "transport_method": "bicycle",
      "start_time": 85,
      "path": [
        [
          1.5248521999999998,
          42.50665229999999
        ],
        [
          1.524936983122888,
          42.50701428720595
        ],
        [
          1.52533151454074,
          42.50711812615589
        ],
        [
          1.5257979987927197,
          42.50715805166007
        ],
        [
          1.5262644830446992,
          42.50719797716425
        ],
        [
          1.526693877764323,
          42.5072570406896
        ],
        [
          1.5265183975018963,
          42.50765585026013
        ],
        [
          1.5262556705050008,
          42.50796653318071
        ],
        [
          1.5258415303220902,
          42.50774815389569
        ],
        [
          1.525425819993037,
          42.50753296024858
        ],
        [
          1.5250956271310048,
          42.50738127861111
        ],
        [
          1.5254506826086667,
          42.50758044421771
        ],
        [
          1.5251321346567437,
          42.50792082879667
        ],
        [
          1.5247139648525405,
          42.50788140871952
        ],
        [
          1.5245823,
          42.50832570000001
        ]
      ],
      "emotions": [
        "green",
        "green",
        "green",
        "green",
        "green",
        "purple",
        "purple",
        "purple",
        "purple",
        "purple",
        "green",
        "green",
        "green",
        "green",
        "green"
      ],
      "mood_vectors": [
        [
          0.17557419694737278,
          0.1704122556309797,
          0.15356983996233026,
          0.15010883215935605,
          0.13509993014643565,
          0.01365814602505731,
          0.20157679912846832
        ],
        [
          0.2159158329014813,
          0.07371676770458854,
          0.1383113754453121,
          0.005231625464918073,
          0.14518775796590888,
          0.16187561716649979,
          0.25976102335129136
        ],
        [
          0.23694857096056626,
          0.22236016021301092,
          0.11764703768492586,
          0.17676448994161872,
          0.21736766960688036,
          0.017518405271986885,
          0.011393666321011024
        ],
        [
          0.016703201298873618,
          0.20229417482063006,
          0.08126098519947567,
          0.1950581831078852,
          0.1794085878530797,
          0.13829844261571012,
          0.1869764251043456
        ],
        [
          0.1657361639556401,
          0.20737107092771476,
          0.16162704134322026,
          0.07443334126633395,
          0.0732173462258711,
          0.1404556008332848,
          0.17715943544793517
        ],
        [
          0.12828693557532656,
          0.16345498005580672,
          0.2033630124042989,
          0.16592456181756934,
          0.023998904212844143,
          0.14806310787198979,
          0.16690849806216446
        ],
        [
          0.17619509878612818,
          0.16126000230478404,
          0.12620565731892122,
          0.10360222887407887,
          0.1685735313605936,
          0.1804648595838662,
          0.08369862177162786
        ],
        [
          0.1286029423178922,
          0.22587270144615404,
          0.2438172673975433,
          0.06143096049812918,
          0.056847958135216606,
          0.11946426528640741,
          0.16396390491865728
        ],
        [
          0.11788995447552005,
          0.21748771988238333,
          0.11367638801343076,
          0.0007926535850881423,
          0.19016009763328276,
          0.16828818986280866,
          0.19170499654748624
        ],
        [
          0.26452753869011747,
          0.138033362377709,
          0.11541606475303039,
          0.13497372763138357,
          0.20851735256309945,
          0.021901211951194755,
          0.11663074203346538
        ],
        [
          0.26663607908239995,
          0.22568102953540276,
          0.06804328703817498,
          0.07866124276340383,
          0.16715407760465448,
          0.09150303788969544,
          0.10232124608626851
        ],
        [
          0.027352654767885832,
          0.07769338006892698,
          0.028818024064292614,
          0.20566408792980584,
          0.2977882666495903,
          0.21967153137691195,
          0.14301205514258655
        ],
        [
          0.11490522133109503,
          0.19050986169755132,
          0.10248336228428945,
          0.10746468075293594,
          0.21124960802027934,
          0.1966822042632904,
          0.07670506165055849
        ],
        [
          0.15611773901716625,
          0.0017355753919314452,
          0.17323054705806953,
          0.23356303476496115,
          0.12719236522872857,
          0.18988180747285874,
          0.11827893106628429
        ],
        [
          0.23793663056431963,
          0.0783100985065304,
          0.18376897517934504,
          0.1214777888194352,
          0.21515168380854433,
          0.14153598518491367,
          0.021818837936911747
        ]
      ],
      "timestamps": [
        85,
        86,
        87,
        88,
        89,
        90,
        91,
        92,
        93,
        94,
        95,
        96,
        97,
        98,
        99
      ],
      "distance": 433
    }
  ],
  "conversation": [
    "So peaceful, I forgot I have 47 unread emails.",
    "I should really touch grass more often.",
    "Oh nice, free books again."
  ],
  "conversation_timestamps": [
    58,
    90,
    92
  ]
}
