{"agent_id": "agent-orange-1933", "type": "orange", "trips": [{"trip_id": 0, "transport_method": "foot", "start_time": 0, "path": [[1.5866872, 42.5347597], [1.5861211, 42.5340776], [1.5854243, 42.5335313], [1.5850283, 42.5332628], [1.5840782, 42.5324551], [1.5830125, 42.5318167], [1.5817763, 42.531697], [1.5805273, 42.5317404], [1.5792786, 42.5317892], [1.5780294, 42.5317866], [1.5767845, 42.5316795], [1.5755534, 42.5314655], [1.5744651, 42.5309287], [1.5735487, 42.5300788], [1.5734537, 42.5302091], [1.5743518, 42.531046], [1.5743094, 42.5307878], [1.5733899, 42.5299412], [1.5723311, 42.5293488], [1.5711853, 42.5292685], [1.5701857, 42.5285183], [1.5697545, 42.5281675], [1.5707987, 42.5288542], [1.5709424, 42.5291203], [1.5699023, 42.5284274], [1.5688621, 42.5277345], [1.5678219, 42.5270417], [1.5682313, 42.5272547], [1.568941, 42.5277028], [1.5679032, 42.5270064], [1.5668653, 42.52631], [1.5658137, 42.5256415], [1.5646405, 42.5252225], [1.5634981, 42.5247977], [1.5624106, 42.5242292], [1.5615643, 42.523315], [1.5605496, 42.522586], [1.5595455, 42.5219012], [1.5585495, 42.5211686], [1.5576415, 42.5203101], [1.5567963, 42.519428], [1.5564526, 42.5189595], [1.5564941, 42.518987], [1.5560451, 42.5187625], [1.5556325, 42.518158], [1.5551179, 42.5180378], [1.5541793, 42.5172125], [1.5540382, 42.517268], [1.5542147, 42.5173008], [1.5534889, 42.516299], [1.5529451, 42.5151935], [1.5527185, 42.5140058], [1.5518616, 42.5132058], [1.5508781, 42.5124517], [1.5497933, 42.5118767], [1.548591, 42.5115404], [1.5473777, 42.5112415], [1.5463717, 42.5106038], [1.5464099, 42.5100363], [1.5456761, 42.5094897], [1.5444544, 42.5093063], [1.5432589, 42.508991], [1.542023, 42.5088904], [1.5408763, 42.5092741], [1.539847, 42.5099248], [1.5387539, 42.5100655], [1.5375046, 42.5100318], [1.5362672, 42.5099571], [1.5350198, 42.5099022], [1.5337737, 42.5098907], [1.5325971, 42.5099598], [1.5314155, 42.5096092], [1.5302403, 42.509266], [1.5290578, 42.5088931], [1.5278769, 42.508524], [1.5266568, 42.5083451], [1.5254424, 42.5080785], [1.5242319, 42.5077769], [1.5231407, 42.5080716], [1.522327, 42.5087522]], "mood_vectors": [[0.0224, 0.027, 0.0756, 0.0803, 0.7045, 0.0538, 0.0363], [0.0456, 0.0624, 0.093, 0.0376, 0.6784, 0.0593, 0.0238], [0.0481, 0.0517, 0.0523, 0.0165, 0.7518, 0.0579, 0.0218], [0.062, 0.0713, 0.0484, 0.0226, 0.6966, 0.0373, 0.0618], [0.0189, 0.0131, 0.0389, 0.0682, 0.7486, 0.0595, 0.0528], [0.0156, 0.027, 0.018, 0.0195, 0.7805, 0.0492, 0.0903], [0.0231, 0.0704, 0.0473, 0.0689, 0.6877, 0.0854, 0.0172], [0.0537, 0.0594, 0.0635, 0.072, 0.6848, 0.0314, 0.0352], [0.0352, 0.037, 0.0185, 0.0198, 0.7652, 0.0456, 0.0787], [0.0864, 0.0309, 0.0307, 0.0238, 0.7459, 0.0382, 0.0441], [0.0305, 0.0184, 0.023, 0.0802, 0.7151, 0.0478, 0.0849], [0.0611, 0.0766, 0.0256, 0.0209, 0.7514, 0.017, 0.0474], [0.0415, 0.0845, 0.018, 0.0904, 0.6842, 0.0494, 0.032], [0.0569, 0.0711, 0.066, 0.065, 0.6727, 0.0461, 0.0223], [0.0774, 0.0339, 0.0664, 0.0426, 0.6801, 0.0827, 0.0169], [0.0619, 0.0663, 0.0634, 0.036, 0.7005, 0.0235, 0.0484], [0.0128, 0.0574, 0.0531, 0.0158, 0.7603, 0.0224, 0.0782], [0.0903, 0.0907, 0.0653, 0.0233, 0.607, 0.0472, 0.0761], [0.0572, 0.0678, 0.0254, 0.0171, 0.7417, 0.0222, 0.0686], [0.044, 0.0436, 0.017, 0.0571, 0.6836, 0.0742, 0.0805], [0.06, 0.0329, 0.0624, 0.0778, 0.6636, 0.0313, 0.0719], [0.0428, 0.0763, 0.0554, 0.0578, 0.6233, 0.067, 0.0774], [0.0511, 0.0634, 0.063, 0.0614, 0.6217, 0.046, 0.0934], [0.0159, 0.0794, 0.0293, 0.0477, 0.7331, 0.0447, 0.0498], [0.0679, 0.0784, 0.0478, 0.051, 0.6498, 0.0605, 0.0446], [0.0521, 0.036, 0.0338, 0.021, 0.8058, 0.0256, 0.0257], [0.0264, 0.0665, 0.0427, 0.0816, 0.6899, 0.0712, 0.0217], [0.021, 0.0279, 0.0465, 0.0249, 0.8034, 0.025, 0.0514], [0.0446, 0.0683, 0.0522, 0.0601, 0.7412, 0.0207, 0.0129], [0.0517, 0.0483, 0.0528, 0.0439, 0.6793, 0.0767, 0.0474], [0.0215, 0.048, 0.0327, 0.0745, 0.769, 0.0377, 0.0166], [0.0282, 0.07, 0.0287, 0.0742, 0.7234, 0.0384, 0.0371], [0.0611, 0.0578, 0.0272, 0.0638, 0.6776, 0.0666, 0.0459], [0.0654, 0.0617, 0.0209, 0.0642, 0.708, 0.0346, 0.0451], [0.0787, 0.0669, 0.0289, 0.0381, 0.7138, 0.0563, 0.0173], [0.0379, 0.0754, 0.067, 0.0816, 0.6335, 0.0175, 0.087], [0.0129, 0.0224, 0.0359, 0.0258, 0.769, 0.0788, 0.0551], [0.064, 0.0643, 0.0195, 0.0742, 0.6701, 0.0488, 0.0592], [0.06, 0.029, 0.0593, 0.0442, 0.6901, 0.062, 0.0553], [0.0292, 0.0345, 0.0481, 0.0493, 0.7431, 0.0661, 0.0296], [0.0364, 0.0409, 0.0315, 0.0718, 0.6903, 0.0685, 0.0607], [0.0567, 0.0493, 0.014, 0.0426, 0.7574, 0.0648, 0.0151], [0.0265, 0.0728, 0.0269, 0.0551, 0.705, 0.0354, 0.0783], [0.0732, 0.0658, 0.0316, 0.0665, 0.6437, 0.0547, 0.0644], [0.0366, 0.0709, 0.0691, 0.0619, 0.6522, 0.061, 0.0482], [0.0405, 0.0706, 0.0721, 0.069, 0.6844, 0.0418, 0.0215], [0.037, 0.0261, 0.0746, 0.0805, 0.6891, 0.0764, 0.0162], [0.0309, 0.0906, 0.0663, 0.0557, 0.6167, 0.0454, 0.0945], [0.0153, 0.0394, 0.0678, 0.0572, 0.7009, 0.0507, 0.0687], [0.0362, 0.0461, 0.0206, 0.0679, 0.7229, 0.0227, 0.0836], [0.0185, 0.0501, 0.0629, 0.0277, 0.6963, 0.0777, 0.0667], [0.0728, 0.0527, 0.013, 0.0426, 0.7386, 0.0185, 0.0619], [0.069, 0.0407, 0.0222, 0.021, 0.7619, 0.0171, 0.0682], [0.0203, 0.0347, 0.0289, 0.0202, 0.8529, 0.016, 0.0271], [0.0663, 0.0392, 0.0656, 0.0632, 0.6797, 0.014, 0.072], [0.0741, 0.0746, 0.0508, 0.04, 0.6446, 0.0689, 0.0468], [0.0564, 0.0388, 0.0167, 0.0183, 0.7963, 0.0366, 0.0368], [0.076, 0.0471, 0.0774, 0.0736, 0.6486, 0.0273, 0.05], [0.0543, 0.055, 0.0314, 0.0447, 0.7315, 0.0648, 0.0183], [0.0264, 0.0425, 0.0436, 0.0974, 0.6796, 0.092, 0.0184], [0.0227, 0.063, 0.069, 0.0662, 0.6765, 0.0572, 0.0453], [0.0424, 0.0155, 0.0823, 0.0667, 0.6777, 0.0422, 0.0732], [0.0411, 0.05, 0.0543, 0.0251, 0.7181, 0.0412, 0.0702], [0.0366, 0.0746, 0.0132, 0.0813, 0.7057, 0.0764, 0.0122], [0.0768, 0.0586, 0.0323, 0.0534, 0.7369, 0.0268, 0.0151], [0.015, 0.0862, 0.0415, 0.0482, 0.7378, 0.043, 0.0282], [0.0738, 0.0583, 0.0299, 0.0309, 0.6411, 0.0829, 0.0831], [0.0549, 0.0249, 0.0596, 0.0593, 0.6773, 0.0616, 0.0624], [0.0418, 0.0512, 0.0173, 0.0982, 0.6968, 0.033, 0.0617], [0.036, 0.0509, 0.0329, 0.0729, 0.6786, 0.0755, 0.0532], [0.015, 0.0836, 0.0531, 0.0597, 0.6168, 0.0895, 0.0823], [0.0419, 0.0626, 0.0458, 0.0346, 0.7435, 0.0325, 0.0392], [0.0502, 0.052, 0.0296, 0.046, 0.7119, 0.0917, 0.0186], [0.0529, 0.0397, 0.0724, 0.0431, 0.6956, 0.074, 0.0223], [0.0671, 0.0732, 0.064, 0.0475, 0.6709, 0.0514, 0.0258], [0.0506, 0.047, 0.0734, 0.0185, 0.7235, 0.0572, 0.0298], [0.0775, 0.0412, 0.0749, 0.0249, 0.7307, 0.014, 0.0368], [0.017, 0.0835, 0.0338, 0.0382, 0.7207, 0.0746, 0.0322], [0.0311, 0.0446, 0.0491, 0.0559, 0.7129, 0.0434, 0.0631], [0.0236, 0.0843, 0.0693, 0.1037, 0.6319, 0.023, 0.0643]], "emotions": ["red", "red", "red", "red", "red", "red", "red", "red", "red", "red", "red", "red", "red", "red", "red", "red", "red", "red", "red", "red", "red", "red", "red", "red", "red", "red", "red", "red", "red", "red", "red", "red", "red", "red", "red", "red", "red", "red", "red", "red", "red", "red", "red", "red", "red", "red", "red", "red", "red", "red", "red", "red", "red", "red", "red", "red", "red", "red", "red", "red", "red", "red", "red", "red", "red", "red", "red", "red", "red", "red", "red", "red", "red", "red", "red", "red", "red", "red", "red", "red"], "timestamps": [0, 40, 80, 120, 160, 200, 240, 280, 320, 360, 400, 440, 480, 520, 560, 600, 640, 680, 720, 760, 800, 840, 880, 920, 960, 1000, 1040, 1080, 1120, 1160, 1200, 1240, 1280, 1320, 1360, 1400, 1440, 1480, 1520, 1560, 1600, 1640, 1680, 1720, 1760, 1800, 1840, 1880, 1920, 1960, 2000, 2040, 2080, 2120, 2160, 2200, 2240, 2280, 2320, 2360, 2400, 2440, 2480, 2520, 2560, 2600, 2640, 2680, 2720, 2760, 2800, 2840, 2880, 2920, 2960, 3000, 3040, 3080, 3120, 3160]}], "conversation": [], "conversation_timestamps": []}