{
  "agent_id": "agent-type-orange-45",
  "type": "orange",
  "trips": [
    {
      "trip_id": 0,
      "transport_method": "bicycle",
      "start_time": 0,
      "path": [
        [
          1.5233713000000002,
          42.5095871
        ],
        [
          1.5226817790988665,
          42.50939992298065
        ],
        [
          1.5225400779400522,
          42.509002378735666
        ],
        [
          1.5231345333829232,
          42.50860416268298
        ],
        [
          1.5237599558832946,
          42.50864922859038
        ],
        [
          1.5237936236990943,
          42.50887519582711
        ],
        [
          1.5240960175392613,
          42.508770668735444
        ],
        [
          1.5247982631973702,
          42.508907797630435
        ],
        [
          1.5254986246074425,
          42.50905356415102
        ],
        [
          1.526194180954301,
          42.5092213576745
        ],
        [
          1.5268897373011594,
          42.50938915119797
        ],
        [
          1.5265917063519827,
          42.50931725527855
        ],
        [
          1.5258961500051242,
          42.50914946175507
        ],
        [
          1.5253660767395818,
          42.50909006047945
        ],
        [
          1.5259524248462286,
          42.5094075230033
        ],
        [
          1.5266571702476441,
          42.509531164490504
        ],
        [
          1.5273619156490599,
          42.50965480597771
        ],
        [
          1.5280308703979335,
          42.50990312322135
        ],
        [
          1.5286938872251543,
          42.51017212505219
        ],
        [
          1.5293569040523753,
          42.51044112688304
        ],
        [
          1.5292843382122503,
          42.51010118112255
        ],
        [
          1.5287693811021317,
          42.50960441913436
        ],
        [
          1.5282544239920133,
          42.50910765714617
        ],
        [
          1.5287989151364725,
          42.50890097352421
        ],
        [
          1.5285320572454029,
          42.50848293895209
        ],
        [
          1.527977587390327,
          42.50803538730764
        ],
        [
          1.5277937127771208,
          42.50748017942067
        ],
        [
          1.5283750496316262,
          42.50721716077391
        ],
        [
          1.528932445338889,
          42.506768633391964
        ],
        [
          1.5286312678250273,
          42.506348961592295
        ],
        [
          1.52907513384435,
          42.50591234543057
        ],
        [
          1.5283896298305408,
          42.505707314834744
        ],
        [
          1.5280628497378526,
          42.50535932461142
        ],
        [
          1.5274906442644989,
          42.505196188373375
        ],
        [
          1.5268481943762517,
          42.50513285367318
        ],
        [
          1.5261387064311334,
          42.50504022945082
        ],
        [
          1.5254291214916567,
          42.504948346308495
        ],
        [
          1.5247192244679968,
          42.50485892664925
        ],
        [
          1.5240108760311182,
          42.50476011650997
        ],
        [
          1.5233476363634113,
          42.50468749454091
        ],
        [
          1.5226389685423027,
          42.50459072640322
        ],
        [
          1.5219886133374914,
          42.504634566292104
        ],
        [
          1.521487872717779,
          42.50483391534479
        ],
        [
          1.5208141027934892,
          42.50459762684849
        ],
        [
          1.5201572006395356,
          42.504314023716496
        ],
        [
          1.5195011867927843,
          42.50403123240702
        ],
        [
          1.5189244765462089,
          42.50423776067877
        ],
        [
          1.5186246274942654,
          42.50488626699957
        ],
        [
          1.5181032619762802,
          42.504813211198034
        ],
        [
          1.5185893085295539,
          42.50491065503107
        ],
        [
          1.518330719950397,
          42.50554896118059
        ],
        [
          1.5186412339590154,
          42.50617350014012
        ],
        [
          1.51879728189051,
          42.506835462622156
        ],
        [
          1.518257530641143,
          42.50636607750065
        ],
        [
          1.5176419502169884,
          42.50603471005221
        ],
        [
          1.517799356179121,
          42.50611597468081
        ],
        [
          1.5177196054212996,
          42.50660358322727
        ],
        [
          1.5170079086226176,
          42.50653179039981
        ],
        [
          1.5162969256576735,
          42.5064514379155
        ],
        [
          1.5162124706478348,
          42.506362224648676
        ],
        [
          1.5169267000000004,
          42.506405
        ]
      ],
      "emotions": [
        "red",
        "red",
        "red",
        "red",
        "red",
        "purple",
        "purple",
        "purple",
        "purple",
        "purple",
        "green",
        "green",
        "green",
        "green",
        "green",
        "red",
        "red",
        "red",
        "red",
        "red",
        "green",
        "green",
        "green",
        "green",
        "green",
        "purple",
        "purple",
        "purple",
        "purple",
        "purple",
        "green",
        "green",
        "green",
        "green",
        "green",
        "green",
        "green",
        "green",
        "green",
        "green",
        "purple",
        "purple",
        "purple",
        "purple",
        "purple",
        "purple",
        "purple",
        "purple",
        "purple",
        "purple",
        "red",
        "red",
        "red",
        "red",
        "red",
        "purple",
        "purple",
        "purple",
        "purple",
        "purple",
        "red"
      ],
      "mood_vectors": [
        [
          0.07326014779682355,
          0.1400405822383143,
          0.16966456991705825,
          0.21259408117260808,
          0.18555496870617913,
          0.20314720698149027,
          0.01573844318752642
        ],
        [
          0.09894137127738035,
          0.1788651683142982,
          0.1784854436999513,
          0.06690886635907758,
          0.19820153830022955,
          0.15477193271532055,
          0.12382567933374242
        ],
        [
          0.08147406291415774,
          0.08455491549395398,
          0.28077289393007976,
          0.14478642540309175,
          0.11695911865850715,
          0.032730053063141105,
          0.2587225305370685
        ],
        [
          0.11401083846883736,
          0.2020020806384063,
          0.177747465876095,
          0.07193407513521424,
          0.09231852031788561,
          0.1892153246246354,
          0.15277169493892617
        ],
        [
          0.30102130599267624,
          0.014936961231640535,
          0.2259177012482245,
          0.05434972449003711,
          0.17283270403826084,
          0.17552497919586152,
          0.055416623803299286
        ],
        [
          0.18136907556774143,
          0.059477392991956264,
          0.18770077040206226,
          0.003435958304761428,
          0.009143734635488501,
          0.400659910648551,
          0.1582131574494391
        ],
        [
          0.11740673405179183,
          0.22916830816496264,
          0.14176228715066136,
          0.08672376378719075,
          0.16216543038689143,
          0.13479363991907614,
          0.12797983653942588
        ],
        [
          0.09036031445961447,
          0.19126854637935822,
          0.14380358361381185,
          0.13042956211419837,
          0.23179637105441026,
          0.0010468948209483697,
          0.2112947275576585
        ],
        [
          0.09497526377735019,
          0.2010032375654356,
          0.11553801429544754,
          0.18426965336293827,
          0.0009540459757206132,
          0.1895952662321735,
          0.2136645187909344
        ],
        [
          0.20235055528473245,
          0.02608580292548814,
          0.19002188656754418,
          0.08512648908341919,
          0.19283386549533407,
          0.11117189233054794,
          0.19240950831293394
        ],
        [
          0.10039162571896218,
          0.15282872867677638,
          0.18714824050176193,
          0.17416085695182132,
          0.16240208137650675,
          0.04676754119817447,
          0.17630092557599703
        ],
        [
          0.08275573853638737,
          0.1282106888372333,
          0.03525592852618536,
          0.22820317942788854,
          0.09034067047644356,
          0.18417454229012545,
          0.25105925190573636
        ],
        [
          0.2991278890579411,
          0.08079817291968686,
          0.08268271402478784,
          0.23867774155788063,
          0.15347777910066965,
          0.06267881684987088,
          0.08255688648916305
        ],
        [
          0.29702985857221725,
          0.06808412357652839,
          0.13356016932431727,
          0.1376085212437674,
          0.04063806137334459,
          0.27407753863347,
          0.04900172727635511
        ],
        [
          0.10721985722753608,
          0.23139697923119726,
          0.1380149990611521,
          0.14053767349676183,
          0.15373725235008462,
          0.07018173087926202,
          0.15891150775400606
        ],
        [
          0.039629933648935134,
          0.18375249222475457,
          0.1699441746027966,
          0.27752953109309075,
          0.024192800135894373,
          0.2500356083702129,
          0.05491545992431564
        ],
        [
          0.16927632330382683,
          0.21671967032962497,
          0.19267577004756087,
          0.1417427366261517,
          0.1439919310327564,
          0.008979877450466715,
          0.12661369120961252
        ],
        [
          0.10787434175187541,
          0.07786616474510724,
          0.24314736306101084,
          0.03277797250043926,
          0.09328286708343198,
          0.19795603721486926,
          0.24709525364326604
        ],
        [
          0.20774618194492922,
          0.1318919797050678,
          0.03265882922067039,
          0.29678630607566664,
          0.019466314242206913,
          0.08614704549344472,
          0.2253033433180143
        ],
        [
          0.02588596716144299,
          0.1735083495882403,
          0.23974924823281113,
          0.14655312081218502,
          0.11118915079000748,
          0.11258378627609551,
          0.19053037713921755
        ],
        [
          0.0806626928972834,
          0.0182830814474908,
          0.2106643030394003,
          0.25420209826660783,
          0.11673352282498183,
          0.13418106163016208,
          0.18527323989407377
        ],
        [
          0.14045848807057648,
          0.16334313264094916,
          0.14943809523802784,
          0.17360216570144915,
          0.06511607042006497,
          0.2203652468884767,
          0.08767680104045561
        ],
        [
          0.22434457855128553,
          0.09059135979553914,
          0.23219223733378272,
          0.1303414844352412,
          0.04930537861123702,
          0.05017726835154363,
          0.22304769292137075
        ],
        [
          0.043368110873231606,
          0.06226429282118621,
          0.0665183784141729,
          0.09853410051328004,
          0.3176722741730692,
          0.24050108028884076,
          0.17114176291621933
        ],
        [
          0.0859506975584686,
          0.26760674657641076,
          0.07458470277424384,
          0.2735223269709419,
          0.2273954102677387,
          0.023024819495535455,
          0.0479152963566607
        ],
        [
          0.1929296797906844,
          0.1846342416455733,
          0.18416234280295352,
          0.05544711492677894,
          0.09407132614378644,
          0.0483997361411187,
          0.2403555585491047
        ],
        [
          0.17398307406369407,
          0.2073909970538292,
          0.024297531041354164,
          0.19413161656150846,
          0.19209955633536263,
          0.08178032779218654,
          0.126316897152065
        ],
        [
          0.03310952390087726,
          0.07414271430881123,
          0.21189647481665497,
          0.11832968972247032,
          0.2519146223444787,
          0.30280739067295515,
          0.0077995842337523665
        ],
        [
          0.08039410793644672,
          0.07344382296653401,
          0.2848027260425329,
          0.2520191519331469,
          0.008101586238869626,
          0.22224098144564342,
          0.07899762343682648
        ],
        [
          0.1331723355356243,
          0.11918472016594403,
          0.17604234475184177,
          0.16825961991126967,
          0.21145266089662906,
          0.18862125138160807,
          0.003267067357083035
        ],
        [
          0.12784695425340714,
          0.18938292547057184,
          0.03760060890811415,
          0.2944218853817836,
          0.006676826161464716,
          0.03704473715207976,
          0.3070260626725788
        ],
        [
          0.20482768046683103,
          0.0681769962086342,
          0.2709015665025744,
          0.04384301001609164,
          0.05732630692451874,
          0.3033200616681467,
          0.05160437821320336
        ],
        [
          0.2317510248435329,
          0.0883467363391497,
          0.20822190868466078,
          0.18831036827048087,
          0.10213206698393174,
          0.11302304206888604,
          0.06821485280935805
        ],
        [
          0.0623147869883571,
          0.1673005491533075,
          0.2222195313863384,
          0.21379887672030576,
          0.21530258991755608,
          0.07118004387094143,
          0.04788362196319365
        ],
        [
          0.2425236706419996,
          0.013085910769936778,
          0.26385699699991316,
          0.023738977341016907,
          0.19661512620850888,
          0.23130054709809567,
          0.028878770940528983
        ],
        [
          0.02696646299074856,
          0.017148463143513256,
          0.24639933736278172,
          0.21450271497492412,
          0.18325438611733305,
          0.027259961439349837,
          0.2844686739713494
        ],
        [
          0.13241999756698516,
          0.28438256447797144,
          0.30865819270156336,
          0.004395207208298561,
          0.06287878747226801,
          0.06320114796548645,
          0.144064102607427
        ],
        [
          0.23528402619070837,
          0.19313170772687874,
          0.06091965871466361,
          0.06835260850511178,
          0.1629629451221313,
          0.11117633525507778,
          0.1681727184854284
        ],
        [
          0.22342126331843581,
          0.25441225475235696,
          0.04798089775372806,
          0.13455981657689092,
          0.07275342105584143,
          0.05440511069619653,
          0.21246723584655033
        ],
        [
          0.15700608550998768,
          0.2777797780518919,
          0.04640519360878641,
          0.10551027496537266,
          0.2560414948985891,
          0.03629396863903088,
          0.1209632043263414
        ],
        [
          0.023248605882340036,
          0.2680765432794266,
          0.11591894555244395,
          0.06497275981390828,
          0.1208440958029453,
          0.14721500157088263,
          0.2597240480980532
        ],
        [
          0.23150969880143263,
          0.014673158888102375,
          0.2581239683229376,
          0.03274255961422273,
          0.29360253800778124,
          0.02074466510151917,
          0.14860341126400423
        ],
        [
          0.125219182828668,
          0.11669815532832344,
          0.19319278498623801,
          0.1660639330979631,
          0.1640872161356496,
          0.06327783495647793,
          0.1714608926666798
        ],
        [
          0.00015854246413182324,
          0.1246712800395951,
          0.28430247667728914,
          0.27933863222298627,
          0.030803407349668493,
          0.18088216664602938,
          0.09984349460029975
        ],
        [
          0.20952679277882366,
          0.23121306250968982,
          0.07647628715722318,
          0.22527299920610183,
          0.0021017971232359443,
          0.11631128224807154,
          0.13909777897685402
        ],
        [
          0.05142226329349523,
          0.09206701512668385,
          0.018962366535944443,
          0.18925832366705078,
          0.24407708054762134,
          0.2468210787771606,
          0.15739187205204375
        ],
        [
          0.02112023418823187,
          0.17787399672713763,
          0.19258575663619923,
          0.09899816543695965,
          0.02841464449999504,
          0.2896041116777205,
          0.19140309083375612
        ],
        [
          0.11423330156375693,
          0.18003026456973129,
          0.056568118830275675,
          0.15307483433341898,
          0.2133204657353605,
          0.10271544623842065,
          0.18005756872903592
        ],
        [
          0.0852886964438212,
          0.03629898326955655,
          0.23749968049794126,
          0.24634082520183195,
          0.1467678001498313,
          0.053410805046532894,
          0.19439320939048482
        ],
        [
          0.09140906205495353,
          0.12580613134996818,
          0.08312599704105393,
          0.15160009019424622,
          0.21459627627727343,
          0.06188772171057022,
          0.27157472137193445
        ],
        [
          0.11226153678634038,
          0.005273594347582346,
          0.10739973168561821,
          0.31116973279107885,
          0.11136693226725984,
          0.05128817329130451,
          0.3012402988308158
        ],
        [
          0.08950593998746888,
          0.2242739148719702,
          0.2392129659031207,
          0.024632441352411494,
          0.1939832004694494,
          0.11694837163221886,
          0.11144316578336043
        ],
        [
          0.05510930358977092,
          0.11449581772453385,
          0.21151454208688397,
          0.05195660374209833,
          0.18271758449902617,
          0.20169568369683433,
          0.18251046466085236
        ],
        [
          0.18029984767713617,
          0.12964841269075764,
          0.22473396549978686,
          0.18670975555569985,
          0.026832898444892804,
          0.205807113136033,
          0.045968006995693624
        ],
        [
          0.1790758334570678,
          0.22443644728815634,
          0.20020169750183772,
          0.005153993982940886,
          0.10990696147546188,
          0.2640385846332012,
          0.017186481661334234
        ],
        [
          0.20218992345170353,
          0.09953401082632013,
          0.11556892221074581,
          0.26074434860762513,
          0.056238697680666916,
          0.0774616939257595,
          0.18826240329717894
        ],
        [
          0.017850493174212927,
          0.15166469485053607,
          0.19308606987536098,
          0.16588585979135945,
          0.22346058080819092,
          0.006724952249144402,
          0.24132734925119523
        ],
        [
          0.08607134826045215,
          0.000921054596127198,
          0.0834011910972334,
          0.2840037247586081,
          0.15174332229068455,
          0.28555097753176134,
          0.10830838146513336
        ],
        [
          0.2329970165477723,
          0.054603494771526206,
          0.16758581295416958,
          0.13403702828635505,
          0.05789964834411757,
          0.16030954084125856,
          0.1925674582548007
        ],
        [
          0.1803925147319919,
          0.02526522088298704,
          0.18113483136640898,
          0.18002929082207855,
          0.07479292834675043,
          0.16990754907027192,
          0.1884776647795112
        ],
        [
          0.09408601291667479,
          0.03618472294828389,
          0.22379410187060897,
          0.19514255127488422,
          0.17994899547723278,
          0.09700130063744006,
          0.17384231487487536
        ]
      ],
      "timestamps": [
        0,
        1,
        2,
        3,
        4,
        5,
        6,
        7,
        8,
        9,
        10,
        11,
        12,
        13,
        14,
        15,
        16,
        17,
        18,
        19,
        20,
        21,
        22,
        23,
        24,
        25,
        26,
        27,
        28,
        29,
        30,
        31,
        32,
        33,
        34,
        35,
        36,
        37,
        38,
        39,
        40,
        41,
        42,
        43,
        44,
        45,
        46,
        47,
        48,
        49,
        50,
        51,
        52,
        53,
        54,
        55,
        56,
        57,
        58,
        59,
        60
      ],
      "distance": 871.3
    },
    {
      "trip_id": 1,
      "transport_method": "car",
      "start_time": 61,
      "path": [
        [
          1.5178826000000007,
          42.50637319999999
        ],
        [
          1.5182718695273227,
          42.50637878304604
        ],
        [
          1.5187329177884823,
          42.50678624301472
        ],
        [
          1.5189894295124842,
          42.50651271126699
        ],
        [
          1.5194274792579616,
          42.506268645453304
        ],
        [
          1.519990741809202,
          42.5064307886586
        ],
        [
          1.5198214877920502,
          42.506407811535816
        ],
        [
          1.5192948250556753,
          42.50626047383378
        ],
        [
          1.5187293187131348,
          42.506287375226634
        ],
        [
          1.518394285042647,
          42.50577701259813
        ],
        [
          1.5187203680443528,
          42.50549467596278
        ],
        [
          1.5193198158001202,
          42.5055987996173
        ],
        [
          1.5199192851449836,
          42.50573758220725
        ],
        [
          1.520518754489847,
          42.5058763647972
        ],
        [
          1.5211018224902488,
          42.50606919384818
        ],
        [
          1.5210692543055586,
          42.50637073598147
        ],
        [
          1.5214834367547163,
          42.506428531680875
        ],
        [
          1.521207579183457,
          42.506109214667624
        ],
        [
          1.5207638077747536,
          42.505887862442016
        ],
        [
          1.5213384478869578,
          42.50610789163133
        ],
        [
          1.5216340732467892,
          42.50615692253245
        ],
        [
          1.521666494441511,
          42.506411862191285
        ],
        [
          1.5220659760090756,
          42.506854980114774
        ],
        [
          1.5224881864485225,
          42.50730043667575
        ],
        [
          1.5220455895301166,
          42.50752407450403
        ],
        [
          1.5215225808072113,
          42.50726822080222
        ],
        [
          1.5211795224721645,
          42.50683191342612
        ],
        [
          1.5217116999999998,
          42.50659879999999
        ]
      ],
      "emotions": [
        "red",
        "red",
        "red",
        "red",
        "purple",
        "purple",
        "purple",
        "purple",
        "purple",
        "red",
        "red",
        "red",
        "red",
        "red",
        "green",
        "green",
        "green",
        "green",
        "green",
        "red",
        "red",
        "red",
        "red",
        "red",
        "purple",
        "purple",
        "purple",
        "purple"
      ],
      "mood_vectors": [
        [
          0.1366666126111909,
          0.022585708270724328,
          0.20255052227291948,
          0.11865532207057453,
          0.2268355690203644,
          0.07845711875175168,
          0.2142491470024747
        ],
        [
          0.05765653702253281,
          0.1538628154139348,
          0.19131681953844537,
          0.1652165533395671,
          0.23867215013149098,
          0.13436582146351733,
          0.05890930309051163
        ],
        [
          0.24782194721669046,
          0.08794698874388378,
          0.014623831602781016,
          0.21770095512365548,
          0.17021586237222375,
          0.17723096814817,
          0.08445944679259554
        ],
        [
          0.10311406707226076,
          0.22364048095805522,
          0.20847929714681498,
          0.15432631767962185,
          0.1899888211186902,
          0.033071828747278396,
          0.08737918727727857
        ],
        [
          0.16114702588782498,
          0.005776918893369388,
          0.27906952788612516,
          0.07219865861028944,
          0.2879605904051965,
          0.1779662551890489,
          0.015881023128145627
        ],
        [
          0.11603650120042056,
          0.027412555661166956,
          0.22268791488218764,
          0.1331385888292808,
          0.07451451795250988,
          0.19302110834107886,
          0.2331888131333552
        ],
        [
          0.06729858920493893,
          0.2644967639251923,
          0.10364463275410854,
          0.23035422029472735,
          0.04716854513585189,
          0.13319649591749902,
          0.15384075276768203
        ],
        [
          0.29238397961425194,
          0.05275800764522755,
          0.050387345944923265,
          0.20087588536822384,
          0.1576969755662828,
          0.0816201113710758,
          0.1642776944900148
        ],
        [
          0.052205875987100664,
          0.26630119217194603,
          0.22053411218114136,
          0.07756939050390214,
          0.0009467210696184825,
          0.25293041380429354,
          0.1295122942819978
        ],
        [
          0.2025407121512762,
          0.0937527568063002,
          0.13948755061850607,
          0.011846467226226896,
          0.2741288012267322,
          0.07877476094562699,
          0.19946895102533138
        ],
        [
          0.06816137799857765,
          0.21257329972928724,
          0.1567180435768079,
          0.24307285970509326,
          0.24808246213451468,
          0.021963297162716718,
          0.04942865969300252
        ],
        [
          0.015143475044659493,
          0.0064546976783480675,
          0.22721361321247835,
          0.16338058534149658,
          0.10995363693338957,
          0.20664960409149505,
          0.2712043876981329
        ],
        [
          0.1357470028468991,
          0.2120279527197933,
          0.08886010433577024,
          0.12342092399448942,
          0.13774050138141836,
          0.22352378783837334,
          0.0786797268832563
        ],
        [
          0.11297167741893618,
          0.07812574926083174,
          0.17351441571240198,
          0.18300755536200722,
          0.18421411982454103,
          0.17934087049470926,
          0.08882561192657261
        ],
        [
          0.006821063305335154,
          0.06819208128686051,
          0.06817962540867484,
          0.012794659999342296,
          0.14355928834089646,
          0.26187822401622984,
          0.43857505764266097
        ],
        [
          0.29371735283848616,
          0.08399113910568834,
          0.14635305170115695,
          0.10013295626681883,
          0.2117041711135977,
          0.13390026231621352,
          0.030201066658038428
        ],
        [
          0.15565366816829265,
          0.2424926480152516,
          0.11966981456980125,
          0.2103835539033687,
          0.013788819179459707,
          0.19631203816997345,
          0.06169945799385265
        ],
        [
          0.08566924281375793,
          0.14152232174742133,
          0.0006035374341079778,
          0.3915699652134659,
          0.019141972526169594,
          0.025599984615946515,
          0.33589297564913084
        ],
        [
          0.16025354399004973,
          0.006668595326669177,
          0.13878260113413657,
          0.11389796176056022,
          0.3397697670297146,
          0.17342184977895134,
          0.06720568097991834
        ],
        [
          0.123659097395231,
          0.10788694950016119,
          0.19685479446591897,
          0.11477569530977065,
          0.12054331823581729,
          0.1809684046678763,
          0.15531174042522455
        ],
        [
          0.21040642660559872,
          0.20973031747788945,
          0.19981924383294228,
          0.1891527354059809,
          0.012196009745369324,
          0.03770505374383624,
          0.14099021318838303
        ],
        [
          0.025685909585090327,
          0.24742609403448557,
          0.11926770272427183,
          0.0846913473347726,
          0.11484642446379441,
          0.19232079123427012,
          0.21576173062331513
        ],
        [
          0.21288138542201965,
          0.10278012693771309,
          0.10799297122573635,
          0.11060072248896571,
          0.20817576791966558,
          0.09011901033987103,
          0.1674500156660286
        ],
        [
          0.14009921126564293,
          0.23069431282595684,
          0.18277641655976715,
          0.06139539862442972,
          0.23888202976898115,
          0.031888653671237346,
          0.11426397728398484
        ],
        [
          0.23184023668178966,
          0.014273370027573812,
          0.007167443614561525,
          0.14853459333382849,
          0.06160678023564274,
          0.3217050493113231,
          0.21487252679528063
        ],
        [
          0.1545144201858666,
          0.212739651145834,
          0.1354918178903414,
          0.1221235722235945,
          0.20548992693965282,
          0.016185705181842598,
          0.15345490643286805
        ],
        [
          0.14980025278199882,
          0.07655497956685137,
          0.023541798083770587,
          0.08873828630727972,
          0.2566778780064881,
          0.11545600169145513,
          0.2892308035621562
        ],
        [
          0.20571692637545264,
          0.10947770875504087,
          0.09371226607303312,
          0.03297306988672894,
          0.2312764740815322,
          0.21236127641407634,
          0.11448227841413591
        ]
      ],
      "timestamps": [
        61,
        62,
        63,
        64,
        65,
        66,
        67,
        68,
        69,
        70,
        71,
        72,
        73,
        74,
        75,
        76,
        77,
        78,
        79,
        80,
        81,
        82,
        83,
        84,
        85,
        86,
        87,
        88
      ],
      "distance": 528.9
    },
    {
      "trip_id": 2,
      "transport_method": "bicycle",
      "start_time": 89,
      "path": [
        [
          1.5217116999999998,
          42.50659879999999
        ],
        [
          1.5217116999999998,
          42.50659879999999
        ],
        [
          1.5217116999999998,
          42.50659879999999
        ],
        [
          1.5217116999999998,
          42.50659879999999
        ],
        [
          1.5217116999999998,
          42.50659879999999
        ],
        [
          1.5217116999999998,
          42.50659879999999
        ],
        [
          1.5217116999999998,
          42.50659879999999
        ],
        [
          1.5217116999999998,
          42.50659879999999
        ],
        [
          1.5217116999999998,
          42.50659879999999
        ],
        [
          1.5217116999999998,
          42.50659879999999
        ],
        [
          1.5217116999999998,
          42.50659879999999
        ]
      ],
      "emotions": [
        "purple",
        "green",
        "green",
        "green",
        "green",
        "green",
        "purple",
        "purple",
        "purple",
        "purple",
        "purple"
      ],
      "mood_vectors": [
        [
          0.029278163244642868,
          0.05843034466230965,
          0.23716390678830432,
          0.1743503210163715,
          0.2439772791339917,
          0.06105975677713429,
          0.19574022837724572
        ],
        [
          0.17729273855073024,
          0.23590100465160319,
          0.3220524899687361,
          0.04641679255378556,
          0.07352913448386134,
          0.08446437079460047,
          0.06034346899668319
        ],
        [
          0.1650042436746106,
          0.222756762084433,
          0.1237537159227546,
          0.134871091227307,
          0.03268575338131786,
          0.3109941297135764,
          0.009934303996000557
        ],
        [
          0.1577836621157796,
          0.09982137268886646,
          0.19291218386682604,
          0.19942516501075144,
          0.031088326337331756,
          0.19049790429347424,
          0.1284713856869705
        ],
        [
          0.0653842526741289,
          0.07681438127296318,
          0.14881176565885126,
          0.1373328888271605,
          0.1753929025666928,
          0.21209570750067008,
          0.18416810149953328
        ],
        [
          0.2230140044684159,
          0.29964185770575535,
          0.1341337650370399,
          0.07488539141631272,
          0.19535187385935718,
          0.012423810985831802,
          0.06054929652728711
        ],
        [
          0.18952659667664715,
          0.006933869864859487,
          0.23966058698591475,
          0.039837220381393416,
          0.11976229745647536,
          0.23540390368911085,
          0.16887552494559901
        ],
        [
          0.18899101034497479,
          0.15652610548304058,
          0.15370144921235113,
          0.1491656348321887,
          0.19811637465907,
          0.072348211845762,
          0.08115121362261278
        ],
        [
          0.2587653245633993,
          0.16650301213331198,
          0.2753899861623128,
          0.016178548296167775,
          0.2062553797256197,
          0.006361320666933294,
          0.07054642845225524
        ],
        [
          0.11341866592314967,
          0.2888938114823731,
          0.20925451002828818,
          0.13925775323105954,
          0.10590145219955392,
          0.017671083517490447,
          0.1256027236180852
        ],
        [
          0.18673140810382055,
          0.17336092918019758,
          0.2808922004531446,
          0.02900386682926259,
          0.02452257555599713,
          0.25721622533721716,
          0.04827279454036037
        ]
      ],
      "timestamps": [
        89,
        90,
        91,
        92,
        93,
        94,
        95,
        96,
        97,
        98,
        99
      ],
      "distance": 235.9
    }
  ],
  "conversation": [
    "This is giving real 'main character energy'.",
    "These houses look like they're from a storybook.",
    "Feels like the weekend already."
  ],
  "conversation_timestamps": [
    42,
    48,
    53
  ]
}
