{"agent_id": "agent-red-946", "type": "red", "trips": [{"trip_id": 0, "transport_method": "car", "start_time": 0, "path": [[1.5331894, 42.5551412], [1.5330657, 42.555604], [1.5325081, 42.5556406], [1.5314217, 42.5556745], [1.5304078, 42.5552645], [1.5294475, 42.5547486], [1.5287666, 42.5538918], [1.5280024, 42.5531201], [1.5271822, 42.5523924], [1.5266164, 42.5519408], [1.5274758, 42.5526198], [1.5283146, 42.5533229], [1.5282336, 42.5532441], [1.5274908, 42.5524375], [1.5267481, 42.551631], [1.5265115, 42.5508122], [1.5258916, 42.5499089], [1.5254022, 42.5489283], [1.524941, 42.5479653], [1.5247005, 42.5469596], [1.5247044, 42.5462783], [1.5241473, 42.5453345], [1.5236784, 42.5443574], [1.5234791, 42.5440201], [1.5230259, 42.5430216], [1.5228396, 42.5419534], [1.5233646, 42.5410376], [1.5234555, 42.5406731], [1.5231858, 42.5396427], [1.5231212, 42.5385546], [1.5238187, 42.5378466], [1.5248443, 42.5376007], [1.5250073, 42.5369861], [1.5242226, 42.5366576], [1.5231895, 42.5363409], [1.5225409, 42.5355311], [1.5218035, 42.5347485], [1.5210229, 42.5340809], [1.5210468, 42.5332682], [1.5212251, 42.5323072], [1.5209796, 42.5313201], [1.5212492, 42.5304672], [1.5218672, 42.5296099], [1.5214417, 42.5288717], [1.5209876, 42.5279484], [1.5206615, 42.5269828], [1.5207505, 42.5258899], [1.5207036, 42.5263151], [1.5205968, 42.527374], [1.520685, 42.5264536], [1.5207529, 42.5253592], [1.5208135, 42.5243177], [1.5214779, 42.523449], [1.5219304, 42.5224622], [1.5227147, 42.5217208], [1.5234146, 42.5209127], [1.5237747, 42.5198771], [1.5236642, 42.5204138], [1.5234755, 42.5207831], [1.5238808, 42.5197642], [1.5242967, 42.5187532], [1.5251857, 42.5181652], [1.5259824, 42.5174254], [1.5269459, 42.5169932], [1.5278904, 42.5164833], [1.5288146, 42.5159129], [1.5294974, 42.515061], [1.5303086, 42.5143488], [1.5303429, 42.5133162], [1.5309073, 42.5123861], [1.5303873, 42.5116449], [1.5295582, 42.5110244], [1.5293503, 42.510165], [1.5285594, 42.5094055], [1.5291636, 42.5100042], [1.5288604, 42.5096279], [1.5285267, 42.5089398], [1.5283221, 42.508408], [1.5273258, 42.5081119], [1.5264187, 42.5077718]], "mood_vectors": [[0.6111, 0.0542, 0.0829, 0.0582, 0.0609, 0.0844, 0.0482], [0.7419, 0.048, 0.0187, 0.0286, 0.0553, 0.0438, 0.0636], [0.7221, 0.0257, 0.0235, 0.0593, 0.0603, 0.0284, 0.0806], [0.7051, 0.0253, 0.0668, 0.0597, 0.0298, 0.077, 0.0364], [0.6795, 0.0465, 0.0608, 0.0188, 0.0739, 0.0365, 0.084], [0.7178, 0.0172, 0.014, 0.0658, 0.0899, 0.0667, 0.0285], [0.7998, 0.0162, 0.0365, 0.0156, 0.0276, 0.0575, 0.0468], [0.6546, 0.0442, 0.0186, 0.054, 0.0883, 0.0895, 0.0507], [0.7344, 0.0736, 0.0317, 0.059, 0.0717, 0.014, 0.0155], [0.7608, 0.0331, 0.0633, 0.0328, 0.0673, 0.0211, 0.0218], [0.7605, 0.015, 0.093, 0.0533, 0.0244, 0.0351, 0.0186], [0.6197, 0.0833, 0.0383, 0.0652, 0.0676, 0.063, 0.063], [0.6567, 0.0247, 0.0712, 0.0714, 0.0242, 0.0658, 0.086], [0.7834, 0.0283, 0.0419, 0.0401, 0.0421, 0.0499, 0.0143], [0.6981, 0.0322, 0.0702, 0.0449, 0.0225, 0.1029, 0.0292], [0.7732, 0.0194, 0.099, 0.0267, 0.0187, 0.0186, 0.0445], [0.6065, 0.0855, 0.0821, 0.0881, 0.0272, 0.0516, 0.0591], [0.7754, 0.0195, 0.077, 0.0305, 0.0549, 0.0191, 0.0236], [0.7501, 0.08, 0.0714, 0.0417, 0.0195, 0.0204, 0.0169], [0.6737, 0.061, 0.071, 0.0383, 0.0386, 0.0531, 0.0642], [0.6568, 0.0702, 0.0788, 0.0702, 0.0257, 0.0557, 0.0425], [0.6904, 0.0757, 0.0204, 0.0399, 0.0295, 0.0778, 0.0663], [0.7541, 0.0473, 0.0174, 0.0405, 0.0188, 0.0343, 0.0876], [0.6297, 0.079, 0.0567, 0.0301, 0.0481, 0.0701, 0.0862], [0.7129, 0.0285, 0.048, 0.0182, 0.0698, 0.0556, 0.067], [0.7333, 0.0749, 0.051, 0.013, 0.0648, 0.05, 0.013], [0.717, 0.0631, 0.0654, 0.0419, 0.0122, 0.0686, 0.0317], [0.808, 0.0148, 0.0254, 0.0132, 0.0227, 0.0554, 0.0604], [0.7123, 0.0885, 0.0179, 0.0708, 0.0184, 0.0223, 0.0697], [0.6063, 0.0833, 0.0819, 0.0549, 0.0422, 0.0826, 0.0489], [0.7308, 0.0595, 0.0118, 0.071, 0.0367, 0.0575, 0.0327], [0.6702, 0.0575, 0.0466, 0.0798, 0.0804, 0.03, 0.0355], [0.6366, 0.0841, 0.0774, 0.0377, 0.0819, 0.064, 0.0183], [0.7126, 0.0437, 0.0268, 0.0408, 0.0366, 0.0588, 0.0807], [0.6719, 0.0845, 0.0456, 0.0495, 0.0318, 0.0907, 0.0259], [0.7363, 0.0422, 0.0583, 0.0746, 0.0176, 0.0211, 0.05], [0.758, 0.0617, 0.0575, 0.0334, 0.0387, 0.0288, 0.022], [0.6886, 0.0112, 0.051, 0.0723, 0.0343, 0.0719, 0.0707], [0.633, 0.0262, 0.0889, 0.05, 0.0408, 0.0702, 0.091], [0.6778, 0.0673, 0.07, 0.0723, 0.0398, 0.0449, 0.0279], [0.6444, 0.062, 0.0165, 0.0778, 0.0836, 0.0405, 0.0752], [0.7575, 0.0363, 0.0276, 0.0379, 0.0762, 0.0231, 0.0414], [0.6779, 0.0196, 0.0179, 0.0668, 0.0728, 0.0599, 0.0851], [0.682, 0.0444, 0.0447, 0.0566, 0.0213, 0.0726, 0.0784], [0.6778, 0.0376, 0.0377, 0.0815, 0.0541, 0.0657, 0.0455], [0.6782, 0.0633, 0.0498, 0.0588, 0.0547, 0.0728, 0.0224], [0.7311, 0.0553, 0.0202, 0.0275, 0.0796, 0.031, 0.0554], [0.6789, 0.0454, 0.0207, 0.0814, 0.0378, 0.0838, 0.0519], [0.6504, 0.0721, 0.0585, 0.0469, 0.0615, 0.0555, 0.0551], [0.6966, 0.0258, 0.0692, 0.0625, 0.073, 0.0241, 0.0488], [0.7424, 0.0554, 0.0206, 0.0737, 0.0368, 0.0476, 0.0236], [0.7051, 0.0723, 0.0645, 0.0422, 0.038, 0.0567, 0.0213], [0.7791, 0.0138, 0.0607, 0.0128, 0.0836, 0.0184, 0.0316], [0.7908, 0.0482, 0.0374, 0.0165, 0.0383, 0.0359, 0.0329], [0.6512, 0.0545, 0.0876, 0.0358, 0.0479, 0.0602, 0.0628], [0.7089, 0.0546, 0.0622, 0.033, 0.0174, 0.0563, 0.0677], [0.6451, 0.0279, 0.0508, 0.067, 0.0435, 0.0793, 0.0864], [0.698, 0.0598, 0.0321, 0.0292, 0.0548, 0.065, 0.0611], [0.6799, 0.0378, 0.049, 0.0779, 0.0564, 0.0376, 0.0614], [0.7436, 0.052, 0.0416, 0.0292, 0.0395, 0.0456, 0.0484], [0.7434, 0.0259, 0.0242, 0.0229, 0.0617, 0.0501, 0.0719], [0.5803, 0.0746, 0.0776, 0.0838, 0.0749, 0.0255, 0.0834], [0.6103, 0.0813, 0.0425, 0.0836, 0.0883, 0.0799, 0.014], [0.7462, 0.0257, 0.0374, 0.0624, 0.0333, 0.0186, 0.0765], [0.8368, 0.03, 0.0261, 0.0401, 0.0228, 0.0171, 0.027], [0.6657, 0.0365, 0.0767, 0.0743, 0.0694, 0.0514, 0.026], [0.7246, 0.0233, 0.0497, 0.0633, 0.0558, 0.0438, 0.0395], [0.7161, 0.0223, 0.0553, 0.0339, 0.0671, 0.063, 0.0423], [0.7445, 0.0135, 0.0589, 0.0768, 0.0345, 0.0256, 0.0461], [0.7296, 0.0519, 0.0262, 0.0643, 0.0543, 0.0254, 0.0482], [0.6983, 0.0556, 0.036, 0.0137, 0.076, 0.0692, 0.0512], [0.6966, 0.0206, 0.0329, 0.0414, 0.0624, 0.0708, 0.0753], [0.6696, 0.0429, 0.0643, 0.0612, 0.0469, 0.0651, 0.05], [0.7397, 0.0653, 0.043, 0.0359, 0.0514, 0.0517, 0.013], [0.7383, 0.0145, 0.0503, 0.0666, 0.0227, 0.0297, 0.078], [0.7049, 0.0298, 0.0486, 0.0415, 0.0457, 0.0548, 0.0748], [0.8055, 0.0296, 0.0367, 0.0231, 0.0588, 0.0181, 0.0282], [0.6603, 0.0504, 0.0769, 0.0771, 0.0386, 0.0422, 0.0545], [0.7063, 0.0391, 0.0736, 0.0176, 0.0603, 0.0421, 0.061], [0.6632, 0.0402, 0.0591, 0.0744, 0.0337, 0.0822, 0.0472]], "emotions": ["red", "red", "red", "red", "red", "red", "red", "red", "red", "red", "red", "red", "red", "red", "red", "red", "red", "red", "red", "red", "red", "red", "red", "red", "red", "red", "red", "red", "red", "red", "red", "red", "red", "red", "red", "red", "red", "red", "red", "red", "red", "red", "red", "red", "red", "red", "red", "red", "red", "red", "red", "red", "red", "red", "red", "red", "red", "red", "red", "red", "red", "red", "red", "red", "red", "red", "red", "red", "red", "red", "red", "red", "red", "red", "red", "red", "red", "red", "red", "red"], "timestamps": [0, 40, 80, 120, 160, 200, 240, 280, 320, 360, 400, 440, 480, 520, 560, 600, 640, 680, 720, 760, 800, 840, 880, 920, 960, 1000, 1040, 1080, 1120, 1160, 1200, 1240, 1280, 1320, 1360, 1400, 1440, 1480, 1520, 1560, 1600, 1640, 1680, 1720, 1760, 1800, 1840, 1880, 1920, 1960, 2000, 2040, 2080, 2120, 2160, 2200, 2240, 2280, 2320, 2360, 2400, 2440, 2480, 2520, 2560, 2600, 2640, 2680, 2720, 2760, 2800, 2840, 2880, 2920, 2960, 3000, 3040, 3080, 3120, 3160]}], "conversation": [], "conversation_timestamps": []}