{"agent_id": "agent-orange-483", "type": "orange", "trips": [{"trip_id": 0, "transport_method": "bus", "start_time": 0, "path": [[1.4899735, 42.4611432], [1.4904751, 42.4617389], [1.4910013, 42.4634082], [1.4912123, 42.4651981], [1.4918605, 42.4667153], [1.4917101, 42.4684229], [1.4919768, 42.4702947], [1.4911384, 42.47203], [1.4905024, 42.473823], [1.4908539, 42.4756967], [1.4904625, 42.4775457], [1.4901601, 42.4794538], [1.4898576, 42.481362], [1.48945, 42.4806537], [1.489738, 42.4788059], [1.4906315, 42.4771007], [1.4905289, 42.4777664], [1.4903763, 42.4796924], [1.4902237, 42.4816183], [1.490596, 42.4834297], [1.4918383, 42.4847387], [1.4927851, 42.4863172], [1.4936657, 42.4880341], [1.4946106, 42.4897192], [1.4956235, 42.4912925], [1.4970686, 42.4925747], [1.4984059, 42.4938835], [1.4988132, 42.4954036], [1.5005112, 42.4963233], [1.5022037, 42.4971219], [1.5039372, 42.4979688], [1.5056908, 42.4987771], [1.5074284, 42.4996206], [1.5091476, 42.5004876], [1.5095242, 42.5006604], [1.5112713, 42.501468], [1.5107529, 42.501315], [1.5119245, 42.5019019], [1.5134401, 42.503082], [1.5148014, 42.5044335], [1.5162403, 42.5055322], [1.5178368, 42.5062542], [1.5194614, 42.5072266], [1.5213137, 42.5075153], [1.5231218, 42.5077891], [1.5250095, 42.507955], [1.5267939, 42.5085166], [1.5284672, 42.5093168], [1.5295392, 42.5107448], [1.530771, 42.5118226], [1.5303149, 42.5134791], [1.5295561, 42.5149857], [1.5281238, 42.5162282], [1.5264507, 42.5171944], [1.5277725, 42.5165086], [1.5284623, 42.5160655], [1.5268423, 42.5171182], [1.5252224, 42.5181709], [1.5255783, 42.5178103], [1.525436, 42.5179146], [1.5239324, 42.5190733], [1.5234313, 42.5209196], [1.522071, 42.5222433], [1.5211041, 42.5238854], [1.5205998, 42.5256909], [1.5199552, 42.5274448], [1.5206248, 42.5291748], [1.5198, 42.5305965], [1.5196869, 42.5324333], [1.5197048, 42.5342444], [1.5211269, 42.5355497], [1.5201928, 42.5369077], [1.5195101, 42.5387023], [1.5194236, 42.5405564], [1.5180861, 42.5417031], [1.5187481, 42.5414062], [1.5173205, 42.5425975], [1.5159968, 42.5433421], [1.5155005, 42.5423131], [1.5165892, 42.5410686]], "mood_vectors": [[0.0937, 0.0349, 0.0538, 0.0574, 0.7076, 0.0349, 0.0178], [0.0497, 0.0363, 0.069, 0.0259, 0.7356, 0.071, 0.0126], [0.0138, 0.0906, 0.0478, 0.0238, 0.7137, 0.0282, 0.0822], [0.0707, 0.0526, 0.0704, 0.0776, 0.6809, 0.0157, 0.032], [0.0382, 0.0382, 0.0693, 0.0689, 0.7033, 0.0384, 0.0437], [0.0398, 0.0389, 0.0844, 0.0462, 0.6712, 0.0562, 0.0633], [0.0682, 0.0414, 0.068, 0.0665, 0.6897, 0.0501, 0.0161], [0.0216, 0.0233, 0.019, 0.0222, 0.7562, 0.0888, 0.0689], [0.0474, 0.0179, 0.0983, 0.0419, 0.7363, 0.0188, 0.0394], [0.0456, 0.0429, 0.0398, 0.0768, 0.6999, 0.0729, 0.022], [0.0685, 0.0337, 0.0479, 0.0744, 0.6883, 0.0309, 0.0562], [0.0353, 0.0675, 0.0875, 0.049, 0.6189, 0.0782, 0.0636], [0.0859, 0.0432, 0.0677, 0.0499, 0.6366, 0.0909, 0.0257], [0.0743, 0.0648, 0.039, 0.0284, 0.7283, 0.0167, 0.0484], [0.0496, 0.0646, 0.0627, 0.0396, 0.7014, 0.043, 0.0391], [0.0676, 0.0447, 0.0379, 0.0442, 0.7242, 0.0666, 0.0148], [0.0171, 0.0284, 0.0366, 0.0559, 0.7526, 0.0747, 0.0348], [0.0885, 0.0186, 0.0879, 0.0527, 0.721, 0.0153, 0.016], [0.0522, 0.065, 0.0485, 0.0442, 0.7309, 0.0288, 0.0304], [0.0552, 0.0269, 0.0788, 0.049, 0.7486, 0.026, 0.0155], [0.0201, 0.0492, 0.0571, 0.0146, 0.7669, 0.0616, 0.0305], [0.0968, 0.0687, 0.0839, 0.0471, 0.6547, 0.0314, 0.0173], [0.035, 0.0319, 0.0468, 0.0839, 0.6701, 0.0923, 0.0401], [0.0284, 0.0427, 0.0318, 0.0416, 0.7616, 0.0356, 0.0582], [0.0404, 0.042, 0.0511, 0.0692, 0.7104, 0.0526, 0.0343], [0.0549, 0.0786, 0.0509, 0.0595, 0.587, 0.0885, 0.0806], [0.0505, 0.0859, 0.0621, 0.019, 0.638, 0.0549, 0.0897], [0.0353, 0.085, 0.0404, 0.0195, 0.718, 0.0666, 0.0352], [0.0357, 0.0866, 0.0631, 0.0464, 0.6383, 0.0407, 0.0892], [0.0455, 0.0577, 0.0612, 0.0799, 0.6263, 0.0903, 0.0391], [0.0297, 0.0345, 0.0469, 0.0305, 0.7073, 0.0819, 0.0693], [0.021, 0.0726, 0.0293, 0.0671, 0.686, 0.0617, 0.0624], [0.0538, 0.0151, 0.0525, 0.0563, 0.7288, 0.0521, 0.0413], [0.0754, 0.0154, 0.041, 0.0443, 0.6709, 0.0842, 0.0688], [0.0617, 0.0221, 0.0275, 0.0653, 0.72, 0.0591, 0.0443], [0.082, 0.047, 0.0934, 0.0927, 0.5882, 0.0361, 0.0605], [0.0536, 0.0283, 0.0502, 0.086, 0.6678, 0.0555, 0.0585], [0.083, 0.0624, 0.0151, 0.0341, 0.6671, 0.0746, 0.0636], [0.0685, 0.0359, 0.0386, 0.0784, 0.6323, 0.0907, 0.0555], [0.0328, 0.0403, 0.0404, 0.0928, 0.6624, 0.0654, 0.066], [0.0403, 0.0553, 0.0249, 0.0389, 0.7703, 0.0487, 0.0216], [0.0197, 0.0373, 0.0631, 0.0561, 0.6582, 0.0822, 0.0834], [0.0877, 0.0296, 0.0224, 0.0485, 0.6908, 0.0676, 0.0534], [0.0689, 0.0246, 0.0571, 0.0169, 0.7513, 0.0153, 0.066], [0.0186, 0.0546, 0.0519, 0.0645, 0.684, 0.0535, 0.0728], [0.0226, 0.0742, 0.0412, 0.077, 0.7082, 0.0393, 0.0374], [0.0352, 0.0509, 0.0477, 0.0215, 0.711, 0.0765, 0.0571], [0.0675, 0.0162, 0.0414, 0.0504, 0.7248, 0.079, 0.0207], [0.0569, 0.0324, 0.0654, 0.0342, 0.7066, 0.0448, 0.0598], [0.0282, 0.0341, 0.0853, 0.0266, 0.7175, 0.075, 0.0333], [0.07, 0.0785, 0.0293, 0.0841, 0.6859, 0.0288, 0.0235], [0.028, 0.0657, 0.029, 0.0682, 0.6477, 0.0921, 0.0694], [0.074, 0.048, 0.0225, 0.0519, 0.7057, 0.0397, 0.0583], [0.0551, 0.0627, 0.0318, 0.053, 0.6887, 0.0609, 0.0478], [0.0468, 0.0282, 0.04, 0.0337, 0.7276, 0.0482, 0.0755], [0.0398, 0.0557, 0.0485, 0.0426, 0.708, 0.0404, 0.0649], [0.0439, 0.0665, 0.0609, 0.0562, 0.6532, 0.0501, 0.0692], [0.0121, 0.0535, 0.0637, 0.0174, 0.7429, 0.0459, 0.0646], [0.0605, 0.0346, 0.0638, 0.0521, 0.6652, 0.0594, 0.0645], [0.0931, 0.0914, 0.0199, 0.0249, 0.7164, 0.0348, 0.0194], [0.0731, 0.0763, 0.0392, 0.08, 0.6379, 0.0778, 0.0157], [0.0563, 0.0417, 0.0587, 0.0259, 0.7034, 0.0516, 0.0624], [0.0563, 0.0377, 0.0353, 0.0266, 0.7542, 0.0303, 0.0596], [0.0164, 0.0692, 0.0467, 0.0553, 0.688, 0.0745, 0.0499], [0.0687, 0.0722, 0.0435, 0.0605, 0.697, 0.0214, 0.0368], [0.0204, 0.0482, 0.048, 0.1015, 0.7271, 0.0251, 0.0297], [0.0459, 0.0595, 0.0446, 0.0324, 0.7268, 0.0782, 0.0127], [0.0732, 0.0245, 0.0403, 0.0662, 0.6905, 0.0749, 0.0303], [0.0869, 0.0576, 0.0764, 0.0696, 0.6615, 0.0156, 0.0324], [0.0727, 0.0125, 0.0226, 0.0797, 0.7392, 0.0549, 0.0184], [0.0591, 0.0148, 0.05, 0.1, 0.6073, 0.0972, 0.0715], [0.0718, 0.0247, 0.0623, 0.064, 0.6808, 0.0184, 0.0781], [0.0712, 0.0462, 0.0213, 0.0657, 0.6746, 0.0486, 0.0724], [0.0907, 0.0745, 0.075, 0.0248, 0.624, 0.0412, 0.0698], [0.063, 0.0277, 0.0547, 0.0147, 0.74, 0.0689, 0.031], [0.0684, 0.0164, 0.094, 0.0193, 0.7084, 0.0495, 0.044], [0.0141, 0.0753, 0.0689, 0.0878, 0.6336, 0.0564, 0.064], [0.0661, 0.048, 0.026, 0.0528, 0.6866, 0.0528, 0.0676], [0.0777, 0.0629, 0.0345, 0.0259, 0.7504, 0.0341, 0.0144], [0.0507, 0.0744, 0.0153, 0.0184, 0.7319, 0.037, 0.0722]], "emotions": ["red", "red", "red", "red", "red", "red", "red", "red", "red", "red", "red", "red", "red", "red", "red", "red", "red", "red", "red", "red", "red", "red", "red", "red", "red", "red", "red", "red", "red", "red", "red", "red", "red", "red", "red", "red", "red", "red", "red", "red", "red", "red", "red", "red", "red", "red", "red", "red", "red", "red", "red", "red", "red", "red", "red", "red", "red", "red", "red", "red", "red", "red", "red", "red", "red", "red", "red", "red", "red", "red", "red", "red", "red", "red", "red", "red", "red", "red", "red", "red"], "timestamps": [0, 40, 80, 120, 160, 200, 240, 280, 320, 360, 400, 440, 480, 520, 560, 600, 640, 680, 720, 760, 800, 840, 880, 920, 960, 1000, 1040, 1080, 1120, 1160, 1200, 1240, 1280, 1320, 1360, 1400, 1440, 1480, 1520, 1560, 1600, 1640, 1680, 1720, 1760, 1800, 1840, 1880, 1920, 1960, 2000, 2040, 2080, 2120, 2160, 2200, 2240, 2280, 2320, 2360, 2400, 2440, 2480, 2520, 2560, 2600, 2640, 2680, 2720, 2760, 2800, 2840, 2880, 2920, 2960, 3000, 3040, 3080, 3120, 3160]}], "conversation": [], "conversation_timestamps": []}