{"agent_id": "agent-red-1931", "type": "red", "trips": [{"trip_id": 0, "transport_method": "foot", "start_time": 0, "path": [[1.5847554, 42.5367682], [1.5860768, 42.5372861], [1.5872527, 42.538114], [1.5882567, 42.5380893], [1.5892002, 42.537238], [1.5900613, 42.5372612], [1.5913459, 42.5379053], [1.5918303, 42.5391904], [1.5922271, 42.540521], [1.5918411, 42.541702], [1.5915898, 42.5430895], [1.5918655, 42.5444714], [1.5914133, 42.5458205], [1.5916941, 42.5467371], [1.5921647, 42.5476643], [1.5922031, 42.5489162], [1.5919296, 42.5503159], [1.5917002, 42.5517164], [1.5910528, 42.5527959], [1.5909245, 42.5530072], [1.5908347, 42.5530934], [1.590761, 42.5542192], [1.5914525, 42.555252], [1.5918151, 42.556615], [1.5922251, 42.5576575], [1.5933886, 42.5584178], [1.5937526, 42.5596613], [1.5937566, 42.5604534], [1.5936905, 42.5609955], [1.5937123, 42.5621968], [1.5948263, 42.5631075], [1.5959403, 42.5640181], [1.595987, 42.5643266], [1.5946151, 42.5638956], [1.593611, 42.5628893], [1.5938084, 42.5622491], [1.5949659, 42.5631038], [1.5961235, 42.5639584], [1.5973586, 42.5644988], [1.5986373, 42.5648248], [1.5995443, 42.5658969], [1.6008496, 42.5664267], [1.6017384, 42.567495], [1.6030118, 42.5681555], [1.6043382, 42.5685895], [1.6049389, 42.569817], [1.6060284, 42.5706048], [1.6074008, 42.5710071], [1.6087719, 42.5714218], [1.6101959, 42.5714408], [1.6115564, 42.5717463], [1.6129389, 42.5720269], [1.614348, 42.5722716], [1.615718, 42.5727079], [1.6169583, 42.5730485], [1.6182717, 42.5736118], [1.6195383, 42.5742033], [1.62094, 42.5745189], [1.6220955, 42.5753431], [1.6233746, 42.5759354], [1.6247607, 42.5763061], [1.6258176, 42.5772343], [1.6270503, 42.5778139], [1.6284771, 42.5777161], [1.6297933, 42.5782845], [1.6311836, 42.5784973], [1.632596, 42.5782282], [1.634029, 42.5781304], [1.635442, 42.578378], [1.6368128, 42.5788099], [1.6382446, 42.5787853], [1.6396195, 42.5790912], [1.6409902, 42.5794771], [1.6424287, 42.579508], [1.6438645, 42.5795853], [1.6452888, 42.5797883], [1.6466758, 42.5800947], [1.6480772, 42.579987], [1.6493884, 42.5794767], [1.649492, 42.579405]], "mood_vectors": [[0.718, 0.0175, 0.0651, 0.0633, 0.0578, 0.0454, 0.033], [0.7069, 0.0502, 0.0715, 0.0535, 0.0152, 0.0607, 0.0419], [0.6985, 0.0637, 0.0262, 0.0253, 0.0413, 0.0669, 0.0781], [0.7098, 0.0333, 0.0344, 0.0779, 0.056, 0.0449, 0.0437], [0.6745, 0.0858, 0.0461, 0.0421, 0.085, 0.0249, 0.0417], [0.6097, 0.0727, 0.0574, 0.0565, 0.0567, 0.0658, 0.0812], [0.7085, 0.0384, 0.0602, 0.0525, 0.0306, 0.034, 0.0757], [0.6292, 0.0535, 0.0548, 0.0604, 0.0766, 0.073, 0.0526], [0.7579, 0.047, 0.0507, 0.0161, 0.0215, 0.0299, 0.0769], [0.6891, 0.0569, 0.0448, 0.0519, 0.067, 0.0583, 0.032], [0.8407, 0.0219, 0.0298, 0.0421, 0.026, 0.0259, 0.0135], [0.7314, 0.0307, 0.0438, 0.0132, 0.0478, 0.0708, 0.0623], [0.5742, 0.0689, 0.0707, 0.0555, 0.0791, 0.0743, 0.0772], [0.6645, 0.0662, 0.0947, 0.0263, 0.0968, 0.0192, 0.0324], [0.7429, 0.0667, 0.0234, 0.0415, 0.0436, 0.0654, 0.0165], [0.7215, 0.0621, 0.0351, 0.0677, 0.0223, 0.0642, 0.027], [0.805, 0.0392, 0.0257, 0.0183, 0.027, 0.0268, 0.0581], [0.6586, 0.088, 0.0658, 0.0527, 0.0261, 0.0716, 0.0372], [0.7746, 0.0296, 0.041, 0.0357, 0.046, 0.0496, 0.0234], [0.7882, 0.0438, 0.0525, 0.0323, 0.0471, 0.0178, 0.0183], [0.7797, 0.0421, 0.0315, 0.0341, 0.0398, 0.0395, 0.0333], [0.7202, 0.0349, 0.0674, 0.0355, 0.0502, 0.0335, 0.0582], [0.7555, 0.055, 0.0147, 0.0702, 0.0202, 0.0463, 0.038], [0.7194, 0.0541, 0.0528, 0.0175, 0.0564, 0.0469, 0.0529], [0.6241, 0.0861, 0.0604, 0.0928, 0.0204, 0.049, 0.0672], [0.7618, 0.0193, 0.0714, 0.0168, 0.0282, 0.0146, 0.0879], [0.7364, 0.0178, 0.0393, 0.0928, 0.0566, 0.0359, 0.0213], [0.6135, 0.0369, 0.091, 0.0588, 0.0753, 0.0514, 0.073], [0.7322, 0.0388, 0.0681, 0.049, 0.0136, 0.0532, 0.045], [0.7086, 0.0782, 0.0538, 0.0169, 0.0428, 0.076, 0.0236], [0.7952, 0.0472, 0.0322, 0.0372, 0.0253, 0.025, 0.0378], [0.6653, 0.0616, 0.0548, 0.0655, 0.0251, 0.054, 0.0735], [0.7279, 0.0695, 0.0284, 0.0743, 0.0217, 0.026, 0.0521], [0.7362, 0.0432, 0.0584, 0.0315, 0.0687, 0.0363, 0.0256], [0.7065, 0.0196, 0.0759, 0.0367, 0.0595, 0.0217, 0.0802], [0.6646, 0.0558, 0.0821, 0.0823, 0.0674, 0.0135, 0.0344], [0.7326, 0.0283, 0.0698, 0.0297, 0.0305, 0.0564, 0.0527], [0.7424, 0.0769, 0.0573, 0.0491, 0.0188, 0.0248, 0.0308], [0.7056, 0.0744, 0.0448, 0.0619, 0.0175, 0.0668, 0.029], [0.6558, 0.0745, 0.0529, 0.0446, 0.0252, 0.0598, 0.0871], [0.6327, 0.073, 0.0598, 0.0454, 0.0328, 0.0721, 0.0842], [0.6901, 0.0514, 0.0341, 0.0617, 0.0448, 0.051, 0.067], [0.754, 0.0312, 0.0388, 0.0449, 0.0138, 0.0561, 0.0611], [0.7143, 0.0129, 0.0783, 0.0201, 0.0766, 0.0337, 0.0641], [0.7003, 0.0388, 0.0231, 0.0304, 0.08, 0.0711, 0.0562], [0.6093, 0.0572, 0.0735, 0.0217, 0.0758, 0.0803, 0.0822], [0.7031, 0.0597, 0.0535, 0.0505, 0.0688, 0.0131, 0.0513], [0.7406, 0.0214, 0.0578, 0.0238, 0.0687, 0.0162, 0.0714], [0.677, 0.0769, 0.068, 0.0265, 0.042, 0.0686, 0.0411], [0.7219, 0.0271, 0.0261, 0.0618, 0.0562, 0.049, 0.0579], [0.7997, 0.0313, 0.0196, 0.0174, 0.0814, 0.016, 0.0347], [0.7153, 0.0714, 0.0598, 0.0449, 0.0664, 0.0161, 0.0262], [0.7236, 0.0349, 0.0753, 0.0825, 0.0313, 0.0297, 0.0228], [0.6183, 0.042, 0.0806, 0.0364, 0.0923, 0.079, 0.0514], [0.7802, 0.0551, 0.0312, 0.0457, 0.048, 0.0147, 0.0252], [0.7572, 0.0392, 0.0144, 0.0596, 0.0399, 0.0136, 0.0762], [0.684, 0.0434, 0.082, 0.0318, 0.0281, 0.0499, 0.0808], [0.7139, 0.0337, 0.0455, 0.0605, 0.0244, 0.0751, 0.0469], [0.6749, 0.0209, 0.067, 0.0971, 0.0268, 0.0278, 0.0855], [0.7377, 0.0548, 0.0294, 0.0463, 0.0191, 0.0868, 0.0259], [0.7384, 0.0431, 0.0475, 0.0225, 0.0507, 0.0445, 0.0533], [0.7513, 0.0663, 0.0419, 0.0271, 0.0176, 0.0452, 0.0506], [0.6232, 0.0939, 0.0442, 0.0891, 0.0666, 0.0281, 0.0549], [0.7025, 0.049, 0.0588, 0.0798, 0.0683, 0.0171, 0.0246], [0.7601, 0.0158, 0.0817, 0.0483, 0.0144, 0.0583, 0.0215], [0.7396, 0.0204, 0.0476, 0.057, 0.0717, 0.0297, 0.034], [0.6535, 0.0417, 0.066, 0.0645, 0.0636, 0.0611, 0.0497], [0.7685, 0.0191, 0.0368, 0.0552, 0.0257, 0.0648, 0.0299], [0.6721, 0.0737, 0.0699, 0.0393, 0.0786, 0.0124, 0.054], [0.7165, 0.0144, 0.0278, 0.0747, 0.0595, 0.0476, 0.0595], [0.7014, 0.0398, 0.0431, 0.0332, 0.0679, 0.0674, 0.0472], [0.7089, 0.017, 0.0531, 0.0574, 0.0314, 0.0706, 0.0615], [0.6477, 0.0643, 0.05, 0.0504, 0.0911, 0.0445, 0.0519], [0.6515, 0.0343, 0.042, 0.0406, 0.0734, 0.0584, 0.0998], [0.7502, 0.024, 0.0399, 0.0144, 0.0781, 0.0496, 0.0439], [0.7358, 0.0658, 0.0768, 0.0178, 0.0605, 0.0184, 0.0248], [0.7214, 0.0253, 0.0616, 0.0535, 0.0374, 0.0767, 0.0241], [0.7448, 0.0147, 0.0596, 0.0327, 0.0505, 0.0244, 0.0732], [0.6618, 0.0221, 0.025, 0.0819, 0.0692, 0.0541, 0.0859], [0.6777, 0.0161, 0.1012, 0.0284, 0.0735, 0.0828, 0.0204]], "emotions": ["red", "red", "red", "red", "red", "red", "red", "red", "red", "red", "red", "red", "red", "red", "red", "red", "red", "red", "red", "red", "red", "red", "red", "red", "red", "red", "red", "red", "red", "red", "red", "red", "red", "red", "red", "red", "red", "red", "red", "red", "red", "red", "red", "red", "red", "red", "red", "red", "red", "red", "red", "red", "red", "red", "red", "red", "red", "red", "red", "red", "red", "red", "red", "red", "red", "red", "red", "red", "red", "red", "red", "red", "red", "red", "red", "red", "red", "red", "red", "red"], "timestamps": [0, 40, 80, 120, 160, 200, 240, 280, 320, 360, 400, 440, 480, 520, 560, 600, 640, 680, 720, 760, 800, 840, 880, 920, 960, 1000, 1040, 1080, 1120, 1160, 1200, 1240, 1280, 1320, 1360, 1400, 1440, 1480, 1520, 1560, 1600, 1640, 1680, 1720, 1760, 1800, 1840, 1880, 1920, 1960, 2000, 2040, 2080, 2120, 2160, 2200, 2240, 2280, 2320, 2360, 2400, 2440, 2480, 2520, 2560, 2600, 2640, 2680, 2720, 2760, 2800, 2840, 2880, 2920, 2960, 3000, 3040, 3080, 3120, 3160]}], "conversation": [], "conversation_timestamps": []}