{"agent_id": "agent-green-72", "type": "green", "trips": [{"trip_id": 0, "transport_method": "car", "start_time": 0, "path": [[1.5228571, 42.507646], [1.52325, 42.5077331], [1.5234673, 42.5078054], [1.5238687, 42.5077775], [1.5242707, 42.5077809], [1.5246657, 42.5078559], [1.5250523, 42.5079674], [1.5254389, 42.5080789], [1.5258186, 42.5082062], [1.526214, 42.508278], [1.5266112, 42.5083407], [1.527013, 42.508359], [1.5274152, 42.5083676], [1.5277956, 42.5084892], [1.5281656, 42.5086474], [1.5285331, 42.5088075], [1.5289253, 42.5088976], [1.529077, 42.5088942], [1.5289979, 42.508919], [1.5293886, 42.5090153], [1.5297791, 42.5091126], [1.5301611, 42.5092385], [1.530542, 42.5093685], [1.5309212, 42.5094214], [1.5312976, 42.5095638], [1.5316747, 42.5097039], [1.5320548, 42.5098358], [1.5324307, 42.509933], [1.5328298, 42.5099764], [1.5332304, 42.5100145], [1.5335632, 42.5098695], [1.5339634, 42.5099109], [1.5343638, 42.5099176], [1.5347658, 42.509913], [1.5351678, 42.5098959], [1.5355691, 42.5099172], [1.5359708, 42.5099401], [1.5363715, 42.5099693], [1.5367633, 42.5100407], [1.5371655, 42.5100277], [1.5375675, 42.5100343], [1.5379698, 42.5100442], [1.5383721, 42.510055], [1.5387711, 42.5100764], [1.5391108, 42.5102766], [1.5394578, 42.5100936], [1.539827, 42.5099344], [1.5401449, 42.5096952], [1.5405084, 42.5095327], [1.5408176, 42.5093014], [1.5412004, 42.50918], [1.5415985, 42.5091216], [1.5419159, 42.5088831], [1.5422753, 42.5088934], [1.5419558, 42.5088849], [1.5423578, 42.5089031], [1.5427598, 42.5089214], [1.5431583, 42.508976], [1.5435537, 42.509049], [1.5439241, 42.5091998], [1.5443101, 42.5093003], [1.5447122, 42.5093171], [1.5451138, 42.5093419], [1.5455053, 42.5094136], [1.5458783, 42.5095646], [1.5460471, 42.5096397], [1.5456743, 42.5094889], [1.5454509, 42.5093832], [1.5458371, 42.5094963], [1.5462201, 42.5096191], [1.5465765, 42.5098025], [1.5467061, 42.5101545], [1.5470211, 42.5102607], [1.5474149, 42.5103226], [1.5477919, 42.5104555], [1.5480084, 42.5105545], [1.548332, 42.5107697], [1.5484823, 42.5110273], [1.5480931, 42.5109387], [1.547706, 42.5108287]], "mood_vectors": [[0.0537, 0.0577, 0.0692, 0.0389, 0.0588, 0.0741, 0.6477], [0.0147, 0.054, 0.027, 0.0462, 0.0146, 0.0263, 0.8173], [0.0582, 0.0137, 0.0558, 0.073, 0.0375, 0.0531, 0.7086], [0.039, 0.0737, 0.0289, 0.0332, 0.0333, 0.0281, 0.7638], [0.0477, 0.03, 0.0425, 0.0836, 0.0697, 0.0352, 0.6911], [0.0506, 0.0458, 0.0625, 0.0476, 0.0121, 0.0521, 0.7292], [0.0617, 0.0629, 0.0183, 0.0641, 0.0289, 0.0462, 0.7179], [0.0282, 0.0319, 0.0374, 0.0288, 0.0215, 0.0927, 0.7595], [0.0697, 0.02, 0.0494, 0.0491, 0.0579, 0.0306, 0.7233], [0.0791, 0.0656, 0.0814, 0.072, 0.029, 0.09, 0.5829], [0.0445, 0.0204, 0.069, 0.0311, 0.0453, 0.0545, 0.7352], [0.0206, 0.0486, 0.0697, 0.0698, 0.0196, 0.0774, 0.6945], [0.0835, 0.0173, 0.0394, 0.0265, 0.0893, 0.0997, 0.6444], [0.0874, 0.0736, 0.0624, 0.0305, 0.0407, 0.0243, 0.6812], [0.0668, 0.0566, 0.0768, 0.0269, 0.0548, 0.0181, 0.7001], [0.0295, 0.0158, 0.0906, 0.0843, 0.079, 0.0711, 0.6296], [0.064, 0.059, 0.0487, 0.0285, 0.0797, 0.0503, 0.6699], [0.0663, 0.0153, 0.0569, 0.0359, 0.0231, 0.0804, 0.7222], [0.055, 0.0891, 0.0436, 0.019, 0.0422, 0.0473, 0.7038], [0.0182, 0.0263, 0.0236, 0.0259, 0.0153, 0.0871, 0.8038], [0.0641, 0.0581, 0.0604, 0.0275, 0.0231, 0.0537, 0.7131], [0.0803, 0.038, 0.0608, 0.0203, 0.0309, 0.0322, 0.7375], [0.0549, 0.0738, 0.0633, 0.0316, 0.0485, 0.0633, 0.6644], [0.03, 0.0734, 0.0728, 0.0281, 0.0291, 0.0715, 0.6952], [0.0434, 0.0371, 0.0453, 0.0224, 0.0764, 0.0159, 0.7594], [0.0322, 0.0199, 0.0187, 0.0683, 0.0394, 0.05, 0.7716], [0.0766, 0.0385, 0.0812, 0.0365, 0.0369, 0.0672, 0.6631], [0.0176, 0.0344, 0.0364, 0.0363, 0.0653, 0.0509, 0.7592], [0.0346, 0.0337, 0.0637, 0.0649, 0.048, 0.0655, 0.6896], [0.0492, 0.0555, 0.0247, 0.031, 0.0584, 0.0299, 0.7513], [0.0726, 0.033, 0.0452, 0.0509, 0.0426, 0.0424, 0.7133], [0.0915, 0.0711, 0.0917, 0.0329, 0.025, 0.0334, 0.6544], [0.0703, 0.0729, 0.0669, 0.0771, 0.0639, 0.0334, 0.6155], [0.0225, 0.0293, 0.0763, 0.046, 0.0231, 0.0452, 0.7576], [0.0344, 0.0665, 0.0145, 0.0566, 0.0687, 0.0271, 0.7321], [0.0664, 0.0716, 0.0622, 0.0565, 0.0537, 0.0338, 0.6557], [0.0111, 0.0336, 0.046, 0.0749, 0.0414, 0.0346, 0.7585], [0.0619, 0.0738, 0.0722, 0.0212, 0.0165, 0.05, 0.7045], [0.0411, 0.0204, 0.0174, 0.0529, 0.0714, 0.056, 0.7409], [0.0789, 0.0234, 0.026, 0.024, 0.1008, 0.0708, 0.6761], [0.0718, 0.064, 0.0293, 0.022, 0.059, 0.0422, 0.7118], [0.052, 0.0567, 0.0792, 0.0349, 0.0674, 0.025, 0.6849], [0.0579, 0.0617, 0.0403, 0.0522, 0.0288, 0.0656, 0.6934], [0.0261, 0.0312, 0.0302, 0.0247, 0.0541, 0.064, 0.7697], [0.0646, 0.0205, 0.0751, 0.077, 0.0324, 0.045, 0.6854], [0.0296, 0.0619, 0.0617, 0.0624, 0.0699, 0.0253, 0.6892], [0.0732, 0.0658, 0.0794, 0.0208, 0.022, 0.0785, 0.6603], [0.0695, 0.0789, 0.0425, 0.0545, 0.0174, 0.0223, 0.7149], [0.0526, 0.0771, 0.0271, 0.0731, 0.0913, 0.0359, 0.6429], [0.0174, 0.047, 0.064, 0.0837, 0.0446, 0.0839, 0.6595], [0.0917, 0.061, 0.055, 0.0619, 0.0228, 0.0477, 0.66], [0.0217, 0.0556, 0.0174, 0.0351, 0.0903, 0.0728, 0.7072], [0.0197, 0.0715, 0.027, 0.0385, 0.0351, 0.0442, 0.764], [0.0129, 0.0383, 0.04, 0.0488, 0.0442, 0.0332, 0.7827], [0.0418, 0.0528, 0.0466, 0.0667, 0.0403, 0.0525, 0.6993], [0.0583, 0.0791, 0.0435, 0.0197, 0.0453, 0.0839, 0.6702], [0.0538, 0.0173, 0.0231, 0.0407, 0.0815, 0.0455, 0.7381], [0.022, 0.0644, 0.0581, 0.0167, 0.0876, 0.0947, 0.6565], [0.038, 0.0277, 0.0133, 0.0141, 0.0659, 0.0583, 0.7827], [0.0619, 0.024, 0.0854, 0.0545, 0.0362, 0.0746, 0.6635], [0.0763, 0.0675, 0.0345, 0.0421, 0.0759, 0.0465, 0.6571], [0.0667, 0.07, 0.0138, 0.0345, 0.0245, 0.073, 0.7175], [0.0217, 0.0732, 0.0405, 0.077, 0.0281, 0.0394, 0.7202], [0.0237, 0.0467, 0.0701, 0.0451, 0.0535, 0.0657, 0.6952], [0.0376, 0.0662, 0.0797, 0.0665, 0.0332, 0.0665, 0.6503], [0.0747, 0.0337, 0.0909, 0.042, 0.0607, 0.0551, 0.643], [0.0169, 0.0684, 0.0764, 0.0741, 0.014, 0.0552, 0.695], [0.0556, 0.0535, 0.0911, 0.0193, 0.0487, 0.0237, 0.7081], [0.0703, 0.0489, 0.0358, 0.0729, 0.0175, 0.0606, 0.6939], [0.0361, 0.0283, 0.0139, 0.0416, 0.0682, 0.0346, 0.7773], [0.0846, 0.0168, 0.0512, 0.0744, 0.0143, 0.0719, 0.6867], [0.0593, 0.0686, 0.0746, 0.0526, 0.0723, 0.0385, 0.6342], [0.0424, 0.0643, 0.0425, 0.0505, 0.064, 0.0448, 0.6915], [0.0889, 0.0652, 0.0665, 0.0183, 0.0764, 0.0384, 0.6463], [0.045, 0.0398, 0.0295, 0.0801, 0.0736, 0.0485, 0.6834], [0.0788, 0.0499, 0.0585, 0.0433, 0.0701, 0.0792, 0.6202], [0.0611, 0.0181, 0.046, 0.0469, 0.0377, 0.04, 0.7502], [0.0622, 0.044, 0.0224, 0.0915, 0.0628, 0.0318, 0.6854], [0.0378, 0.0546, 0.0683, 0.068, 0.0659, 0.027, 0.6785], [0.0785, 0.0138, 0.0129, 0.0231, 0.0709, 0.083, 0.7179]], "emotions": ["purple", "purple", "purple", "purple", "purple", "purple", "purple", "purple", "purple", "purple", "purple", "purple", "purple", "purple", "purple", "purple", "purple", "purple", "purple", "purple", "purple", "purple", "purple", "purple", "purple", "purple", "purple", "purple", "purple", "purple", "purple", "purple", "purple", "purple", "purple", "purple", "purple", "purple", "purple", "purple", "purple", "purple", "purple", "purple", "purple", "purple", "purple", "purple", "purple", "purple", "purple", "purple", "purple", "purple", "purple", "purple", "purple", "purple", "purple", "purple", "purple", "purple", "purple", "purple", "purple", "purple", "purple", "purple", "purple", "purple", "purple", "purple", "purple", "purple", "purple", "purple", "purple", "purple", "purple", "purple"], "timestamps": [0, 40, 80, 120, 160, 200, 240, 280, 320, 360, 400, 440, 480, 520, 560, 600, 640, 680, 720, 760, 800, 840, 880, 920, 960, 1000, 1040, 1080, 1120, 1160, 1200, 1240, 1280, 1320, 1360, 1400, 1440, 1480, 1520, 1560, 1600, 1640, 1680, 1720, 1760, 1800, 1840, 1880, 1920, 1960, 2000, 2040, 2080, 2120, 2160, 2200, 2240, 2280, 2320, 2360, 2400, 2440, 2480, 2520, 2560, 2600, 2640, 2680, 2720, 2760, 2800, 2840, 2880, 2920, 2960, 3000, 3040, 3080, 3120, 3160]}], "conversation": [], "conversation_timestamps": []}