{"agent_id": "agent-red-1386", "type": "red", "trips": [{"trip_id": 0, "transport_method": "car", "start_time": 0, "path": [[1.5203041, 42.5027809], [1.5205358, 42.5029312], [1.5207808, 42.5030683], [1.5210029, 42.50324], [1.5212397, 42.5033814], [1.521448, 42.5035563], [1.5215631, 42.5038113], [1.5216096, 42.5040878], [1.521652, 42.5043388], [1.5218658, 42.5044597], [1.5221456, 42.5044879], [1.5224255, 42.5045161], [1.5227049, 42.5045422], [1.5229613, 42.5045784], [1.523235, 42.5045646], [1.5234942, 42.5046566], [1.52377, 42.5047118], [1.5240408, 42.5047843], [1.5243201, 42.5048159], [1.5245997, 42.5048463], [1.5243381, 42.5048178], [1.5240585, 42.5047873], [1.5243098, 42.504825], [1.524588, 42.5048661], [1.5248662, 42.5049072], [1.5251444, 42.5049483], [1.5254227, 42.5049895], [1.5257009, 42.5050306], [1.5259791, 42.5050717], [1.5262585, 42.505087], [1.5265394, 42.5050723], [1.5268109, 42.5051353], [1.5270789, 42.5052203], [1.5273436, 42.5053153], [1.527619, 42.5053196], [1.5277527, 42.5052998], [1.527474, 42.5053338], [1.5276413, 42.5053284], [1.5279221, 42.5053115], [1.5282028, 42.5052947], [1.5284824, 42.5052975], [1.5287595, 42.5053458], [1.5290365, 42.5053942], [1.5293136, 42.5054426], [1.5295906, 42.505491], [1.5298676, 42.5055398], [1.5301445, 42.5055887], [1.5304187, 42.5056507], [1.5306916, 42.5057186], [1.5309675, 42.5057729], [1.5312443, 42.5058224], [1.5315212, 42.5058719], [1.5317999, 42.5058656], [1.5320597, 42.5059405], [1.5323033, 42.506081], [1.5325516, 42.5062123], [1.5328242, 42.506278], [1.5330997, 42.5063349], [1.5333751, 42.5063919], [1.5336505, 42.5064488], [1.5339259, 42.5065058], [1.534204, 42.5065333], [1.5344851, 42.506526], [1.5347568, 42.5065921], [1.5350323, 42.5066487], [1.5353078, 42.5067053], [1.5355833, 42.5067619], [1.5358588, 42.5068186], [1.5361343, 42.5068752], [1.5364065, 42.506943], [1.5366759, 42.507007], [1.5368887, 42.5070869], [1.5371337, 42.5072145], [1.5373945, 42.5073197], [1.5376553, 42.5074249], [1.5378893, 42.5074914], [1.5377234, 42.5072946], [1.5374472, 42.507246], [1.5371662, 42.5072363], [1.5369273, 42.5071312]], "mood_vectors": [[0.7465, 0.0531, 0.0164, 0.0711, 0.0504, 0.0176, 0.0449], [0.6053, 0.0839, 0.067, 0.0217, 0.0885, 0.04, 0.0934], [0.7019, 0.0342, 0.0257, 0.0541, 0.0705, 0.0411, 0.0724], [0.7002, 0.0303, 0.0496, 0.0286, 0.038, 0.0716, 0.0816], [0.7055, 0.0567, 0.0264, 0.0494, 0.0513, 0.08, 0.0308], [0.7012, 0.0213, 0.0249, 0.0793, 0.0233, 0.0491, 0.1009], [0.599, 0.0671, 0.0609, 0.0585, 0.0763, 0.0569, 0.0813], [0.6646, 0.0483, 0.0499, 0.0594, 0.0771, 0.0453, 0.0556], [0.7206, 0.0541, 0.0374, 0.0619, 0.0589, 0.0194, 0.0476], [0.7706, 0.0194, 0.0423, 0.0437, 0.0692, 0.0411, 0.0136], [0.6237, 0.0163, 0.0287, 0.0774, 0.0906, 0.0865, 0.0769], [0.6999, 0.0333, 0.0831, 0.063, 0.0219, 0.0471, 0.0518], [0.7127, 0.0324, 0.0673, 0.0478, 0.0418, 0.0516, 0.0465], [0.7078, 0.0523, 0.0148, 0.0792, 0.0471, 0.0711, 0.0276], [0.6975, 0.0569, 0.0427, 0.0366, 0.0712, 0.0401, 0.055], [0.7436, 0.0217, 0.0666, 0.0787, 0.018, 0.0518, 0.0197], [0.677, 0.0677, 0.0443, 0.0576, 0.0539, 0.0217, 0.0778], [0.6918, 0.0714, 0.0155, 0.0803, 0.0732, 0.0422, 0.0256], [0.6259, 0.0696, 0.0715, 0.0653, 0.0404, 0.0708, 0.0564], [0.6738, 0.0703, 0.039, 0.0729, 0.0334, 0.0572, 0.0535], [0.5876, 0.0876, 0.0542, 0.0319, 0.089, 0.0818, 0.0679], [0.6301, 0.0835, 0.0423, 0.0275, 0.094, 0.0369, 0.0856], [0.6697, 0.0245, 0.0253, 0.0916, 0.0809, 0.0385, 0.0695], [0.6841, 0.0615, 0.0166, 0.0284, 0.0796, 0.0648, 0.065], [0.7616, 0.0397, 0.033, 0.0567, 0.0182, 0.0366, 0.0543], [0.7244, 0.0557, 0.0516, 0.0226, 0.0207, 0.0362, 0.0888], [0.6792, 0.0502, 0.0547, 0.077, 0.0468, 0.0254, 0.0667], [0.7288, 0.0367, 0.0624, 0.0603, 0.0478, 0.0363, 0.0277], [0.6249, 0.0794, 0.0568, 0.03, 0.0661, 0.0788, 0.0641], [0.6741, 0.0312, 0.0502, 0.0615, 0.0885, 0.0394, 0.0551], [0.6198, 0.079, 0.0797, 0.0615, 0.074, 0.013, 0.0731], [0.7436, 0.0508, 0.0331, 0.0331, 0.0814, 0.0225, 0.0354], [0.6952, 0.0917, 0.0261, 0.0733, 0.0138, 0.0616, 0.0383], [0.5966, 0.0517, 0.0748, 0.0658, 0.058, 0.079, 0.074], [0.7107, 0.0409, 0.049, 0.0207, 0.0531, 0.0259, 0.0996], [0.6915, 0.0571, 0.0641, 0.0611, 0.0378, 0.0149, 0.0736], [0.7071, 0.0645, 0.0931, 0.0202, 0.0167, 0.0165, 0.0817], [0.6992, 0.0251, 0.0667, 0.0604, 0.0403, 0.016, 0.0924], [0.6447, 0.0724, 0.0895, 0.0236, 0.0223, 0.084, 0.0636], [0.678, 0.0805, 0.0417, 0.0387, 0.0746, 0.0732, 0.0133], [0.7091, 0.0578, 0.07, 0.0371, 0.0274, 0.0436, 0.055], [0.7777, 0.0175, 0.0439, 0.0374, 0.0188, 0.033, 0.0717], [0.7081, 0.0261, 0.034, 0.0708, 0.0774, 0.04, 0.0436], [0.6468, 0.0689, 0.0579, 0.0384, 0.0776, 0.0735, 0.0368], [0.7417, 0.0769, 0.0265, 0.0393, 0.0223, 0.0231, 0.0702], [0.696, 0.0762, 0.049, 0.0134, 0.0801, 0.0149, 0.0704], [0.6982, 0.0556, 0.0873, 0.0839, 0.0144, 0.0364, 0.0242], [0.6513, 0.0508, 0.0343, 0.0716, 0.0453, 0.0788, 0.068], [0.731, 0.0745, 0.0223, 0.0422, 0.0183, 0.0475, 0.0642], [0.6788, 0.0624, 0.0363, 0.0721, 0.0399, 0.09, 0.0205], [0.7341, 0.0473, 0.0226, 0.049, 0.0329, 0.0309, 0.0831], [0.6983, 0.0731, 0.0539, 0.0474, 0.0395, 0.0284, 0.0594], [0.6762, 0.027, 0.032, 0.0477, 0.0753, 0.0791, 0.0627], [0.785, 0.0406, 0.0248, 0.0358, 0.061, 0.0169, 0.0358], [0.631, 0.0258, 0.0745, 0.0812, 0.0969, 0.0223, 0.0683], [0.7211, 0.0175, 0.0564, 0.022, 0.0363, 0.0725, 0.0742], [0.7385, 0.0686, 0.0475, 0.0713, 0.0393, 0.0129, 0.0219], [0.7263, 0.0514, 0.0724, 0.0138, 0.0493, 0.0701, 0.0168], [0.6302, 0.0581, 0.0343, 0.0891, 0.0324, 0.0758, 0.0801], [0.6719, 0.0103, 0.0645, 0.0533, 0.0664, 0.0632, 0.0704], [0.7103, 0.0529, 0.0545, 0.0498, 0.0314, 0.0608, 0.0403], [0.7323, 0.0197, 0.0773, 0.0512, 0.0468, 0.0182, 0.0546], [0.6988, 0.0664, 0.0663, 0.0614, 0.0301, 0.0635, 0.0137], [0.6852, 0.0518, 0.0624, 0.0178, 0.0675, 0.0622, 0.0532], [0.7058, 0.0226, 0.0602, 0.0244, 0.0703, 0.0479, 0.0688], [0.7561, 0.0305, 0.0151, 0.0708, 0.0385, 0.0191, 0.0698], [0.6807, 0.0709, 0.0303, 0.0368, 0.0504, 0.0621, 0.0688], [0.763, 0.0146, 0.0597, 0.0574, 0.0275, 0.0598, 0.0179], [0.7568, 0.0247, 0.0138, 0.0475, 0.0493, 0.0672, 0.0407], [0.6803, 0.0222, 0.072, 0.0735, 0.061, 0.0668, 0.0241], [0.6832, 0.0832, 0.044, 0.0205, 0.0369, 0.0499, 0.0822], [0.7761, 0.0384, 0.0247, 0.0724, 0.0438, 0.0152, 0.0294], [0.752, 0.0244, 0.0482, 0.0265, 0.0767, 0.0169, 0.0553], [0.618, 0.0588, 0.0811, 0.0758, 0.0532, 0.03, 0.0831], [0.7824, 0.0377, 0.0142, 0.0441, 0.0144, 0.0677, 0.0395], [0.7805, 0.0234, 0.039, 0.0702, 0.0527, 0.0178, 0.0164], [0.6781, 0.0444, 0.0909, 0.0506, 0.0201, 0.035, 0.0809], [0.7306, 0.0202, 0.0634, 0.0662, 0.0114, 0.0658, 0.0424], [0.7392, 0.0503, 0.035, 0.0245, 0.0476, 0.0748, 0.0286], [0.6951, 0.0585, 0.0695, 0.0406, 0.0198, 0.0579, 0.0586]], "emotions": ["red", "red", "red", "red", "red", "red", "red", "red", "red", "red", "red", "red", "red", "red", "red", "red", "red", "red", "red", "red", "red", "red", "red", "red", "red", "red", "red", "red", "red", "red", "red", "red", "red", "red", "red", "red", "red", "red", "red", "red", "red", "red", "red", "red", "red", "red", "red", "red", "red", "red", "red", "red", "red", "red", "red", "red", "red", "red", "red", "red", "red", "red", "red", "red", "red", "red", "red", "red", "red", "red", "red", "red", "red", "red", "red", "red", "red", "red", "red", "red"], "timestamps": [0, 40, 80, 120, 160, 200, 240, 280, 320, 360, 400, 440, 480, 520, 560, 600, 640, 680, 720, 760, 800, 840, 880, 920, 960, 1000, 1040, 1080, 1120, 1160, 1200, 1240, 1280, 1320, 1360, 1400, 1440, 1480, 1520, 1560, 1600, 1640, 1680, 1720, 1760, 1800, 1840, 1880, 1920, 1960, 2000, 2040, 2080, 2120, 2160, 2200, 2240, 2280, 2320, 2360, 2400, 2440, 2480, 2520, 2560, 2600, 2640, 2680, 2720, 2760, 2800, 2840, 2880, 2920, 2960, 3000, 3040, 3080, 3120, 3160]}], "conversation": [], "conversation_timestamps": []}