{"agent_id": "agent-orange-68", "type": "orange", "trips": [{"trip_id": 0, "transport_method": "car", "start_time": 0, "path": [[1.5935567, 42.5609315], [1.5936099, 42.5593771], [1.5929846, 42.5579822], [1.5916539, 42.5571205], [1.591483, 42.55553], [1.5907642, 42.5542193], [1.5909685, 42.5528988], [1.5917355, 42.5514664], [1.5920428, 42.5498009], [1.5923066, 42.5482016], [1.5916911, 42.5467288], [1.5915933, 42.5450911], [1.5916932, 42.5434751], [1.5917701, 42.5418014], [1.5921242, 42.5404045], [1.5918009, 42.5387582], [1.5907199, 42.537571], [1.5891693, 42.53686], [1.588327, 42.5353808], [1.5874837, 42.5347924], [1.5871855, 42.5347146], [1.5857487, 42.5337851], [1.5852785, 42.5334434], [1.583959, 42.5323509], [1.5824005, 42.5316977], [1.5806851, 42.531737], [1.5789697, 42.5317986], [1.5772557, 42.5317303], [1.5755603, 42.5314668], [1.574128, 42.530616], [1.5733102, 42.5299195], [1.5744804, 42.5311102], [1.5738602, 42.5303742], [1.5725011, 42.5293664], [1.5709498, 42.5290918], [1.5695769, 42.5280613], [1.5707806, 42.5288423], [1.5705719, 42.5288735], [1.5691432, 42.5279218], [1.5677145, 42.5269701], [1.5687667, 42.5275149], [1.5680585, 42.5271106], [1.5666355, 42.5261505], [1.5651236, 42.5253574], [1.563533, 42.5248074], [1.5621325, 42.5239009], [1.560838, 42.5227883], [1.5594404, 42.5218581], [1.55812, 42.5207769], [1.5569617, 42.5195433], [1.5562735, 42.518764], [1.5564398, 42.5190976], [1.5556801, 42.518176], [1.5548055, 42.5177632], [1.5538222, 42.5169717], [1.5541506, 42.5172242], [1.5533278, 42.5157565], [1.5527234, 42.514221], [1.5516399, 42.5130892], [1.5502795, 42.5120889], [1.5486548, 42.5115553], [1.5469903, 42.5111366], [1.5462541, 42.5098046], [1.5455977, 42.5094562], [1.5439191, 42.5091981], [1.5422529, 42.5088934], [1.5408218, 42.5086722], [1.539168, 42.508234], [1.5374946, 42.5079741], [1.536978, 42.5079503], [1.5353156, 42.5075525], [1.5348051, 42.5074448], [1.5349272, 42.5073824], [1.5333196, 42.5067925], [1.5316935, 42.50658], [1.5301698, 42.5065744], [1.5286227, 42.5068488], [1.5270718, 42.5072229], [1.5253645, 42.507086], [1.5245313, 42.5062452]], "mood_vectors": [[0.04, 0.0644, 0.0341, 0.0125, 0.7603, 0.0548, 0.034], [0.0634, 0.0165, 0.0289, 0.0437, 0.7436, 0.0395, 0.0644], [0.0526, 0.0158, 0.09, 0.0884, 0.63, 0.0857, 0.0374], [0.0799, 0.049, 0.0253, 0.0317, 0.7658, 0.0251, 0.0232], [0.0241, 0.0557, 0.0777, 0.0539, 0.6975, 0.0392, 0.0519], [0.046, 0.0622, 0.073, 0.0533, 0.6787, 0.0397, 0.0471], [0.0349, 0.0869, 0.0225, 0.0527, 0.6832, 0.0972, 0.0225], [0.0413, 0.0388, 0.0345, 0.0728, 0.7226, 0.0613, 0.0286], [0.0325, 0.0666, 0.0581, 0.0174, 0.721, 0.0334, 0.071], [0.0662, 0.0492, 0.0137, 0.044, 0.7248, 0.035, 0.0671], [0.0177, 0.0463, 0.0358, 0.0467, 0.7214, 0.0821, 0.05], [0.0253, 0.0658, 0.0759, 0.0722, 0.6255, 0.0567, 0.0785], [0.0261, 0.0781, 0.047, 0.0486, 0.7409, 0.0443, 0.015], [0.0194, 0.0666, 0.0258, 0.017, 0.6925, 0.0808, 0.0978], [0.0228, 0.0291, 0.0769, 0.0701, 0.6904, 0.0547, 0.0559], [0.0472, 0.08, 0.0644, 0.0885, 0.6449, 0.0521, 0.023], [0.0748, 0.0305, 0.0309, 0.0547, 0.7085, 0.068, 0.0326], [0.0713, 0.0381, 0.0163, 0.0758, 0.6633, 0.0577, 0.0776], [0.0837, 0.0239, 0.0217, 0.0405, 0.6647, 0.0766, 0.0889], [0.0386, 0.0642, 0.0244, 0.0574, 0.7122, 0.0407, 0.0625], [0.0684, 0.0559, 0.0482, 0.0351, 0.7295, 0.0363, 0.0266], [0.0475, 0.0246, 0.023, 0.0481, 0.7569, 0.0332, 0.0668], [0.0573, 0.0281, 0.058, 0.0593, 0.6808, 0.078, 0.0386], [0.0695, 0.0784, 0.0647, 0.0723, 0.6103, 0.0421, 0.0627], [0.0893, 0.018, 0.039, 0.0398, 0.7269, 0.0499, 0.0372], [0.0277, 0.0503, 0.0278, 0.0305, 0.8269, 0.0132, 0.0235], [0.0231, 0.0455, 0.0768, 0.0354, 0.7251, 0.0321, 0.062], [0.0417, 0.0824, 0.0917, 0.0281, 0.6558, 0.0511, 0.0491], [0.0479, 0.0538, 0.0146, 0.0129, 0.796, 0.0412, 0.0336], [0.0429, 0.0591, 0.0611, 0.0207, 0.7247, 0.0412, 0.0503], [0.0279, 0.0714, 0.0303, 0.0584, 0.6877, 0.0599, 0.0644], [0.0144, 0.0312, 0.0579, 0.0442, 0.6974, 0.0837, 0.0713], [0.0679, 0.0339, 0.0561, 0.042, 0.7296, 0.0281, 0.0425], [0.0194, 0.0559, 0.0612, 0.0735, 0.6766, 0.046, 0.0674], [0.046, 0.0991, 0.017, 0.0165, 0.7104, 0.0867, 0.0244], [0.0335, 0.0508, 0.0485, 0.0433, 0.7354, 0.0385, 0.05], [0.0751, 0.0837, 0.0315, 0.0902, 0.6411, 0.0184, 0.06], [0.0825, 0.0648, 0.0366, 0.0655, 0.6773, 0.0261, 0.0472], [0.0367, 0.0513, 0.0836, 0.0369, 0.7012, 0.0148, 0.0755], [0.0591, 0.0255, 0.0841, 0.0649, 0.6723, 0.0193, 0.0748], [0.0534, 0.0485, 0.0818, 0.0396, 0.6481, 0.0386, 0.09], [0.066, 0.0698, 0.0548, 0.0676, 0.6472, 0.0562, 0.0384], [0.0273, 0.0396, 0.031, 0.0811, 0.7659, 0.0179, 0.0372], [0.0698, 0.0631, 0.0221, 0.0338, 0.7641, 0.0162, 0.0309], [0.0724, 0.0646, 0.0849, 0.0325, 0.6721, 0.0353, 0.0383], [0.0235, 0.0441, 0.0378, 0.0474, 0.7637, 0.0665, 0.0168], [0.0473, 0.0209, 0.0709, 0.0791, 0.6513, 0.0401, 0.0903], [0.0602, 0.0458, 0.03, 0.0512, 0.6968, 0.065, 0.0512], [0.0603, 0.0436, 0.0215, 0.0504, 0.6941, 0.083, 0.047], [0.0355, 0.012, 0.028, 0.0792, 0.788, 0.0206, 0.0366], [0.0441, 0.0588, 0.0123, 0.021, 0.77, 0.0235, 0.0702], [0.0664, 0.049, 0.0416, 0.0603, 0.695, 0.0445, 0.0433], [0.0423, 0.033, 0.0663, 0.0335, 0.7247, 0.0372, 0.0631], [0.0811, 0.0519, 0.0542, 0.0371, 0.6894, 0.0284, 0.0579], [0.0241, 0.0611, 0.0732, 0.0307, 0.75, 0.0303, 0.0306], [0.0394, 0.0783, 0.065, 0.0584, 0.6081, 0.0657, 0.0851], [0.0479, 0.054, 0.0363, 0.0564, 0.7244, 0.0659, 0.0151], [0.0454, 0.0333, 0.0596, 0.0692, 0.7073, 0.0154, 0.0698], [0.0483, 0.0309, 0.0803, 0.0666, 0.7001, 0.021, 0.0529], [0.0534, 0.0745, 0.0604, 0.0403, 0.7048, 0.029, 0.0377], [0.0777, 0.0684, 0.0721, 0.0513, 0.6173, 0.0633, 0.0499], [0.0691, 0.0616, 0.0681, 0.0562, 0.6424, 0.0547, 0.0479], [0.0831, 0.0329, 0.0643, 0.0511, 0.6717, 0.0759, 0.0211], [0.0544, 0.0274, 0.0721, 0.0535, 0.6728, 0.0435, 0.0764], [0.0199, 0.0564, 0.0469, 0.0551, 0.6667, 0.0783, 0.0766], [0.0322, 0.0607, 0.0806, 0.0752, 0.6408, 0.0709, 0.0396], [0.065, 0.0198, 0.0232, 0.0631, 0.7256, 0.0541, 0.0492], [0.0641, 0.0474, 0.0829, 0.0443, 0.718, 0.0192, 0.0242], [0.0544, 0.0588, 0.0257, 0.0313, 0.6647, 0.0843, 0.0808], [0.0174, 0.071, 0.0224, 0.0839, 0.7001, 0.0361, 0.0692], [0.0608, 0.0392, 0.0551, 0.0673, 0.7148, 0.0378, 0.0249], [0.0936, 0.0157, 0.0642, 0.0374, 0.679, 0.077, 0.0331], [0.0225, 0.0346, 0.0763, 0.0752, 0.694, 0.0177, 0.0796], [0.0303, 0.0299, 0.02, 0.0241, 0.852, 0.0216, 0.0222], [0.0116, 0.0683, 0.0415, 0.0441, 0.7517, 0.0576, 0.0251], [0.0253, 0.0646, 0.0375, 0.0693, 0.7305, 0.0485, 0.0242], [0.0249, 0.0371, 0.0133, 0.0295, 0.7819, 0.0311, 0.0823], [0.0928, 0.0804, 0.0209, 0.0219, 0.6991, 0.0382, 0.0467], [0.0749, 0.0173, 0.0546, 0.0611, 0.6635, 0.054, 0.0746], [0.017, 0.0213, 0.079, 0.0137, 0.778, 0.0671, 0.0238]], "emotions": ["red", "red", "red", "red", "red", "red", "red", "red", "red", "red", "red", "red", "red", "red", "red", "red", "red", "red", "red", "red", "red", "red", "red", "red", "red", "red", "red", "red", "red", "red", "red", "red", "red", "red", "red", "red", "red", "red", "red", "red", "red", "red", "red", "red", "red", "red", "red", "red", "red", "red", "red", "red", "red", "red", "red", "red", "red", "red", "red", "red", "red", "red", "red", "red", "red", "red", "red", "red", "red", "red", "red", "red", "red", "red", "red", "red", "red", "red", "red", "red"], "timestamps": [0, 40, 80, 120, 160, 200, 240, 280, 320, 360, 400, 440, 480, 520, 560, 600, 640, 680, 720, 760, 800, 840, 880, 920, 960, 1000, 1040, 1080, 1120, 1160, 1200, 1240, 1280, 1320, 1360, 1400, 1440, 1480, 1520, 1560, 1600, 1640, 1680, 1720, 1760, 1800, 1840, 1880, 1920, 1960, 2000, 2040, 2080, 2120, 2160, 2200, 2240, 2280, 2320, 2360, 2400, 2440, 2480, 2520, 2560, 2600, 2640, 2680, 2720, 2760, 2800, 2840, 2880, 2920, 2960, 3000, 3040, 3080, 3120, 3160]}], "conversation": [], "conversation_timestamps": []}