{
  "agent_id": "agent-type-blue-24",
  "type": "blue",
  "trips": [
    {
      "trip_id": 0,
      "transport_method": "foot",
      "start_time": 0,
      "path": [
        [
          1.5196762,
          42.508573600000005
        ],
        [
          1.5196967684277756,
          42.50858152544924
        ],
        [
          1.5196022444330797,
          42.50815695047575
        ],
        [
          1.5196339878404146,
          42.507773149538586
        ],
        [
          1.5200402431966133,
          42.50759546561629
        ],
        [
          1.5204526095209134,
          42.50760319620063
        ],
        [
          1.5208456447985534,
          42.50781231464442
        ],
        [
          1.5212386800761935,
          42.50802143308821
        ],
        [
          1.5216317153538335,
          42.50823055153201
        ],
        [
          1.5214599348892115,
          42.50848297944654
        ],
        [
          1.5211174824199938,
          42.50826389381199
        ],
        [
          1.5214893174574424,
          42.508461010259595
        ],
        [
          1.5218702232849752,
          42.50831931879882
        ],
        [
          1.52230080719859,
          42.50843247685793
        ],
        [
          1.5222300195173148,
          42.50846250894436
        ],
        [
          1.5217959718527236,
          42.5083634641168
        ],
        [
          1.5220760758118683,
          42.50842738071075
        ],
        [
          1.5224707442141228,
          42.508462950356694
        ],
        [
          1.5225306027907548,
          42.508073774863
        ],
        [
          1.5222102360092844,
          42.50819231983093
        ],
        [
          1.522423097947631,
          42.508043152535315
        ],
        [
          1.5225028592107346,
          42.50835588194286
        ],
        [
          1.522772935260261,
          42.50838397937521
        ],
        [
          1.5231951999999997,
          42.50833279999999
        ]
      ],
      "emotions": [
        "green",
        "green",
        "green",
        "green",
        "green",
        "green",
        "green",
        "green",
        "green",
        "green",
        "green",
        "green",
        "green",
        "green",
        "green",
        "green",
        "green",
        "green",
        "green",
        "green",
        "purple",
        "purple",
        "purple",
        "purple"
      ],
      "mood_vectors": [
        [
          0.26465063816835344,
          0.026875649156324895,
          0.12435307061418724,
          0.07963326602031111,
          0.12256126934016622,
          0.19417174125935385,
          0.18775436544130328
        ],
        [
          0.04622059473435964,
          0.0467207534907308,
          0.24912107819054619,
          0.10657709359890524,
          0.18506978938073634,
          0.22343009488195778,
          0.14286059572276408
        ],
        [
          0.006691539165434952,
          0.15421967103070577,
          0.01585139069247606,
          0.21828318766000485,
          0.20399198985175196,
          0.1686761640561409,
          0.23228605754348558
        ],
        [
          0.22937386138271848,
          0.18107731339284508,
          0.17103440995711067,
          0.07240445435432458,
          0.018705107936423878,
          0.11580878014757928,
          0.21159607282899798
        ],
        [
          0.1328389398900527,
          0.32487299164537875,
          0.10707196730451356,
          0.07714765372861936,
          0.17355287163062563,
          0.1171687388975136,
          0.06734683690329636
        ],
        [
          0.013115522731771141,
          0.025287923670761984,
          0.11141361469007058,
          0.2797413113184856,
          0.12146857205819095,
          0.24568305276344443,
          0.2032900027672753
        ],
        [
          0.34203141012891247,
          0.22066347108880713,
          0.02253964979243663,
          0.1021674882230155,
          0.01426339305335176,
          0.0946847630589011,
          0.20364982465457532
        ],
        [
          0.22278402552625817,
          0.14103501275892166,
          0.2245226011305883,
          0.17455469948467403,
          0.004208123063582285,
          0.08887457448391554,
          0.14402096355205996
        ],
        [
          0.2212346598136364,
          0.05760173273812633,
          0.23851627365530095,
          0.13786447733904958,
          0.13362362068607228,
          0.037653330459497876,
          0.17350590530831655
        ],
        [
          0.061522013479730416,
          0.2861727396441915,
          0.08510651922180086,
          0.17947821027293484,
          0.2756917116703011,
          0.08178529183754225,
          0.030243513873499127
        ],
        [
          0.1206472993734468,
          0.15481947766219528,
          0.16477865529834815,
          0.1780935192379779,
          0.0106809535706631,
          0.11271875122445922,
          0.25826134363290953
        ],
        [
          0.10042099544064775,
          0.17215611879520581,
          0.11952666397571662,
          0.2593427406479428,
          0.05458893453638891,
          0.12529026862546397,
          0.16867427797863405
        ],
        [
          0.27080552534081775,
          0.15312479722411892,
          0.16017728085796126,
          0.24332028266791067,
          0.130209959804886,
          0.03577852948429169,
          0.006583624620013625
        ],
        [
          0.04289984091290199,
          0.25643648811317543,
          0.19207113982626833,
          0.21373720066197163,
          0.0840144347424684,
          0.09659684935882717,
          0.11424404638438695
        ],
        [
          0.16499435271096385,
          0.16556638179898586,
          0.060247884126770714,
          0.09445622737225357,
          0.21422142625857896,
          0.2768362002410851,
          0.023677527491361993
        ],
        [
          0.05552341464010194,
          0.03404143428759558,
          0.22242628918758509,
          0.06895846192250463,
          0.2523615360736595,
          0.17574838841262824,
          0.190940475475925
        ],
        [
          0.20473460031661236,
          0.05260482244577604,
          0.27022277850577253,
          0.09529996469563261,
          0.027191087271471896,
          0.2012944288600282,
          0.14865231790470632
        ],
        [
          0.18753214394034126,
          0.18803014731623713,
          0.19471409944230392,
          0.011526966406494395,
          0.18077634688370983,
          0.021464373883062327,
          0.21595592212785114
        ],
        [
          0.10772266804606072,
          0.15517417213301737,
          0.02464917163758379,
          0.22441932160981717,
          0.22803937631050802,
          0.12093305404803018,
          0.13906223621498265
        ],
        [
          0.201322223536153,
          0.040258210845885746,
          0.18230131384918402,
          0.057440798062038986,
          0.03279773671850988,
          0.2359139078674532,
          0.24996580912077518
        ],
        [
          0.21870664855118266,
          0.21410081677460613,
          0.09397117075740986,
          0.14650588326755046,
          0.10774727001008497,
          0.16485139961946574,
          0.0541168110197002
        ],
        [
          0.16304082870288467,
          0.15014758016766608,
          0.1796240789722344,
          0.04025432883487231,
          0.13294104445999877,
          0.20192859071704441,
          0.13206354814529928
        ],
        [
          0.17320302662764978,
          0.21744963579555945,
          0.17318174356029253,
          0.22470984633002836,
          0.03223999574991434,
          0.05081593577779603,
          0.12839981615875962
        ],
        [
          0.11951785414167576,
          0.045729974872394635,
          0.05364008827467922,
          0.2963871495735027,
          0.10233103085979552,
          0.23307950319547305,
          0.14931439908247912
        ]
      ],
      "timestamps": [
        0,
        1,
        2,
        3,
        4,
        5,
        6,
        7,
        8,
        9,
        10,
        11,
        12,
        13,
        14,
        15,
        16,
        17,
        18,
        19,
        20,
        21,
        22,
        23
      ],
      "distance": 324.2
    },
    {
      "trip_id": 1,
      "transport_method": "bicycle",
      "start_time": 24,
      "path": [
        [
          1.5230899,
          42.50828859999999
        ],
        [
          1.5225388057304028,
          42.508236039587274
        ],
        [
          1.5222403082966884,
          42.508065952494626
        ],
        [
          1.5223668549940763,
          42.50849373327134
        ],
        [
          1.5219498836720577,
          42.50839858507436
        ],
        [
          1.5221375652116405,
          42.50838957663378
        ],
        [
          1.5213061935903982,
          42.50805735434472
        ],
        [
          1.520510485368026,
          42.507633989637675
        ],
        [
          1.521000017052026,
          42.5077507637452
        ],
        [
          1.5212886605970783,
          42.50792019923659
        ],
        [
          1.5214829953557594,
          42.5075120506208
        ],
        [
          1.5211191049035124,
          42.50750926282001
        ],
        [
          1.5208109189787502,
          42.507458806059816
        ],
        [
          1.5216051696546222,
          42.50746339098824
        ],
        [
          1.520703858287994,
          42.50745818803629
        ],
        [
          1.5212627720991767,
          42.50746886249359
        ],
        [
          1.5219978877521687,
          42.50719640398113
        ],
        [
          1.521602516232912,
          42.506984993557744
        ],
        [
          1.5218076882785447,
          42.50748562638935
        ],
        [
          1.5211564676640903,
          42.506889142541716
        ],
        [
          1.5215145437286506,
          42.506588372399555
        ],
        [
          1.5214314555086472,
          42.50717323161232
        ],
        [
          1.5221978867644732,
          42.5075492916151
        ],
        [
          1.5221870932932815,
          42.50698122850461
        ],
        [
          1.5217487000000003,
          42.50633719999999
        ]
      ],
      "emotions": [
        "purple",
        "green",
        "green",
        "green",
        "green",
        "green",
        "green",
        "green",
        "green",
        "green",
        "green",
        "purple",
        "purple",
        "purple",
        "purple",
        "purple",
        "purple",
        "purple",
        "purple",
        "purple",
        "purple",
        "red",
        "red",
        "red",
        "red"
      ],
      "mood_vectors": [
        [
          0.08374481379949071,
          0.2251758108007971,
          0.10730174649772294,
          0.2763611466994092,
          0.02173984983335041,
          0.17572338900444529,
          0.10995324336478435
        ],
        [
          0.10079788757936982,
          0.3030223128367983,
          0.24657331824054818,
          0.010927454201245183,
          0.05957090788758418,
          0.16709998057815534,
          0.11200813867629894
        ],
        [
          0.033573341250959274,
          0.21100365368783222,
          0.0061004638303580935,
          0.15133887476731053,
          0.10591356127262841,
          0.28409012975198666,
          0.20797997543892485
        ],
        [
          0.004493914292505368,
          0.1687091016899603,
          0.09080580540620367,
          0.05781827607162773,
          0.06874119842494046,
          0.35549854278166626,
          0.2539331613330962
        ],
        [
          0.10746840904987655,
          0.2660583425423666,
          0.1166071250659971,
          0.04611894523827768,
          0.031247273243094835,
          0.20459803100581098,
          0.22790187385457628
        ],
        [
          0.18179248841174056,
          0.13169931721894854,
          0.15763088917763834,
          0.11217865729893814,
          0.12173189800170028,
          0.20198266715016658,
          0.09298408274086752
        ],
        [
          0.12407886563596693,
          0.1440041268076487,
          0.06883930127452266,
          0.14361388384216625,
          0.17911223681923782,
          0.16475519070937023,
          0.17559639491108747
        ],
        [
          0.08763741325179313,
          0.19036771096843944,
          0.08771266104822434,
          0.19111753256669423,
          0.14740756557685825,
          0.1344750619131158,
          0.1612820546748749
        ],
        [
          0.11844975450192169,
          0.16987370012917533,
          0.1563544101526507,
          0.14937849766681385,
          0.16548080414512004,
          0.16263005696904298,
          0.0778327764352754
        ],
        [
          0.013271201621723587,
          0.24311605587693405,
          0.2607038776313696,
          0.18817485930070463,
          0.00826285818866684,
          0.1109020000193191,
          0.17556914736128218
        ],
        [
          0.07756553641378428,
          0.19050782560892845,
          0.16875977070799797,
          0.019323935744509708,
          0.19006870692126615,
          0.19721360183484,
          0.1565606227686734
        ],
        [
          0.16525261822985582,
          0.21193696993996128,
          0.16480282622845607,
          0.0256024033896483,
          0.14434030494138014,
          0.22754764710562866,
          0.060517230165069685
        ],
        [
          0.1777736423358953,
          0.14464059959797382,
          0.12664889620692257,
          0.2629564106075611,
          0.09747654877291871,
          0.036546011289121216,
          0.1539578911896073
        ],
        [
          0.11993542155711152,
          0.14575198386025068,
          0.0991144155076984,
          0.060349657307230166,
          0.20646365462348865,
          0.13553289255125706,
          0.23285197459296353
        ],
        [
          0.21829305519088835,
          0.07329004663245246,
          0.16986435300302663,
          0.018851248295052952,
          0.19265979339401643,
          0.2752264649157604,
          0.05181503856880282
        ],
        [
          0.11325428844480273,
          0.09918779083780137,
          0.097242170255458,
          0.21296248859642758,
          0.20185735902861346,
          0.1751002146711742,
          0.1003956881657226
        ],
        [
          0.045489947130889656,
          0.21018528092107958,
          0.04153577465946621,
          0.24725262900323028,
          0.03351470423698524,
          0.19741603598409319,
          0.2246056280642558
        ],
        [
          0.09690943734851679,
          0.1311277135160624,
          0.16405703050647533,
          0.17949417170045126,
          0.12815292961295166,
          0.01408227626282544,
          0.2861764410527171
        ],
        [
          0.18632864500030635,
          0.2770345473358661,
          0.1972178996187944,
          0.19823999666516498,
          0.020908659955114827,
          0.056266949259337555,
          0.06400330216541583
        ],
        [
          0.25648522893896786,
          0.1707636984125664,
          0.15775578669049586,
          0.07593414735419936,
          0.043145482246881965,
          0.08059504731400963,
          0.21532060904287886
        ],
        [
          0.09899454171533113,
          0.2251702075593036,
          0.22622735172820577,
          0.11730579165972203,
          0.13319911229904394,
          0.1675518683147694,
          0.031551126723624257
        ],
        [
          0.24273532872545447,
          0.18072559298781957,
          0.14148427795476146,
          0.036073605594325354,
          0.17367734278926408,
          0.07827508415769509,
          0.14702876779067994
        ],
        [
          0.10130825984592799,
          0.10208672493575907,
          0.22429835618895924,
          0.20054603747612454,
          0.17223838209391729,
          0.012599542554024566,
          0.18692269690528734
        ],
        [
          0.1281918331139939,
          0.13338158469617792,
          0.19344689277100832,
          0.091319352408346,
          0.1788071477904951,
          0.11961134414251383,
          0.1552418450774649
        ],
        [
          0.3050125289732204,
          0.11322232265027582,
          0.06068649681031055,
          0.0936219239701984,
          0.037342449901573836,
          0.16398259886979114,
          0.22613167882462995
        ]
      ],
      "timestamps": [
        24,
        25,
        26,
        27,
        28,
        29,
        30,
        31,
        32,
        33,
        34,
        35,
        36,
        37,
        38,
        39,
        40,
        41,
        42,
        43,
        44,
        45,
        46,
        47,
        48
      ],
      "distance": 371.6
    },
    {
      "trip_id": 2,
      "transport_method": "car",
      "start_time": 49,
      "path": [
        [
          1.5217487000000003,
          42.50633719999999
        ],
        [
          1.5220484293346945,
          42.50683669007961
        ],
        [
          1.5224856792671146,
          42.50736074334281
        ],
        [
          1.5219014881726636,
          42.50750021445201
        ],
        [
          1.521362133076648,
          42.50710096977328
        ],
        [
          1.5214310132399527,
          42.50663815789295
        ],
        [
          1.521168410260191,
          42.50690139766678
        ],
        [
          1.5216548938438579,
          42.50740614417106
        ],
        [
          1.522315111876056,
          42.50755444031444
        ],
        [
          1.5222409787236213,
          42.50703739677869
        ],
        [
          1.521755663127807,
          42.50653152090033
        ],
        [
          1.5212566444437305,
          42.50607656916547
        ],
        [
          1.5207941657294068,
          42.50595276929572
        ],
        [
          1.521410997561288,
          42.506258668277184
        ],
        [
          1.5211591750286937,
          42.50637274833785
        ],
        [
          1.5212747645541287,
          42.506134639191664
        ],
        [
          1.5206154045766604,
          42.505898740168824
        ],
        [
          1.5199324389866689,
          42.50574062744089
        ],
        [
          1.5192494733966773,
          42.50558251471297
        ],
        [
          1.5185665738844574,
          42.50553048262997
        ],
        [
          1.518501890059698,
          42.50599335774489
        ],
        [
          1.5190281866339632,
          42.506360564395436
        ],
        [
          1.5196230052421669,
          42.506380866486026
        ],
        [
          1.520319331937898,
          42.506411457231955
        ],
        [
          1.519794741043948,
          42.50651000211386
        ],
        [
          1.5194905989736864,
          42.50693958543342
        ],
        [
          1.5196738000000007,
          42.5072991
        ]
      ],
      "emotions": [
        "red",
        "green",
        "green",
        "green",
        "green",
        "green",
        "green",
        "green",
        "green",
        "green",
        "green",
        "red",
        "red",
        "red",
        "red",
        "red",
        "green",
        "green",
        "green",
        "green",
        "green",
        "purple",
        "purple",
        "purple",
        "purple",
        "purple",
        "purple"
      ],
      "mood_vectors": [
        [
          0.04322184950651825,
          0.16214361331154606,
          0.1062438171955195,
          0.08235378583920958,
          0.21070634206105163,
          0.034681956633576295,
          0.3606486354525787
        ],
        [
          0.06178949427733174,
          0.175833543408484,
          0.13424829281625694,
          0.1589868333256407,
          0.2108769060085777,
          0.025718068260785036,
          0.2325468619029239
        ],
        [
          0.2634423450019697,
          0.17526885436117143,
          0.14199666793930307,
          0.12027964882523733,
          0.013774522024517847,
          0.1556077591044142,
          0.12963020274338644
        ],
        [
          0.215209964221089,
          0.04087587246552812,
          0.1299146638603009,
          0.0785661919220153,
          0.2311516007191566,
          0.1269027835854169,
          0.17737892322649304
        ],
        [
          0.22785977733391774,
          0.05990834709782383,
          0.15102174348760955,
          0.1374861940207385,
          0.22457480768250443,
          0.1534386429391848,
          0.04571048743822123
        ],
        [
          0.16099306641529884,
          0.055254138590875315,
          0.10997694446565878,
          0.2789195480107276,
          0.054022594681251965,
          0.08516934313436238,
          0.25566436470182513
        ],
        [
          0.010845213724433136,
          0.21773081874527492,
          0.2782334420199083,
          0.032050622569504174,
          0.09369774935166382,
          0.27262500109703874,
          0.09481715249217698
        ],
        [
          0.03839716704363791,
          0.2314436343163318,
          0.3054951327669876,
          0.07189795413242808,
          0.1263117664988663,
          0.04346463859531496,
          0.18298970664643335
        ],
        [
          0.10318335176342407,
          0.08423257709189748,
          0.19298071177375112,
          0.006383318940578669,
          0.2602816140994356,
          0.12474981161658351,
          0.22818861471432955
        ],
        [
          0.03203299448111878,
          0.11864937321367842,
          0.17958135351245874,
          0.03117977918268669,
          0.19676410370079672,
          0.12148690008977311,
          0.3203054958194876
        ],
        [
          0.11066862561359386,
          0.15872634383866988,
          0.18284019793894293,
          0.18553859929004168,
          0.08990956612119592,
          0.052066621231089155,
          0.22025004596646647
        ],
        [
          0.0217452392903757,
          0.06370131254694883,
          0.10357825591678578,
          0.262265245065224,
          0.2987197159883032,
          0.0950645956252554,
          0.15492563556710712
        ],
        [
          0.11823136592854863,
          0.17712245284366074,
          0.008870892258415015,
          0.261411276422628,
          0.1458297240338298,
          0.08694957681284828,
          0.20158471170006953
        ],
        [
          0.3039132639570157,
          0.040713320946276194,
          0.27506040730987213,
          0.07009337382547766,
          0.1516248501582757,
          0.015306405986339654,
          0.14328837781674292
        ],
        [
          0.13708290330000136,
          0.18743882046920116,
          0.0781475207906779,
          0.0571441807598477,
          0.12692627961915937,
          0.15846405714469583,
          0.25479623791641665
        ],
        [
          0.1515185361699022,
          0.08954319092566725,
          0.1625978855386883,
          0.1351910430981223,
          0.1923035653144495,
          0.1534826478520278,
          0.11536313110114256
        ],
        [
          0.05470853715078006,
          0.2688291911575293,
          0.009871064176763965,
          0.03178928434772133,
          0.37212132394379976,
          0.07683621908335443,
          0.1858443801400512
        ],
        [
          0.13166061343578964,
          0.30970010038250284,
          0.3118082063334835,
          0.004467252651107013,
          0.08872428958588928,
          0.038826442359997576,
          0.11481309525123012
        ],
        [
          0.14532126014796276,
          0.16536197633326277,
          0.03689105938344426,
          0.184352334582821,
          0.17466261850048925,
          0.14143675921373988,
          0.15197399183828006
        ],
        [
          0.23268647768556674,
          0.0856731057067957,
          0.2651878324064165,
          0.0819890321328504,
          0.17376123167614926,
          0.030350671116032846,
          0.13035164927618859
        ],
        [
          0.18100414216717817,
          0.022059614916832147,
          0.28349764620928875,
          0.09410989662853604,
          0.022225666360571338,
          0.2562100276826461,
          0.14089300603494745
        ],
        [
          0.10570857365096993,
          0.2355170196173139,
          0.21965870812645757,
          0.1643370027180525,
          0.07356195475556263,
          0.09314804632954479,
          0.10806869480209871
        ],
        [
          0.005954434091221104,
          0.2504429838008411,
          0.04756679532446079,
          0.18914353153585217,
          0.29713337632870684,
          0.11637231168178519,
          0.09338656723713268
        ],
        [
          0.20072438682848054,
          0.19402842073179535,
          0.10703674463921811,
          0.21244640353536096,
          0.06987013451108225,
          0.17181285267728513,
          0.04408105707677773
        ],
        [
          0.09522450385628488,
          0.24957600535550845,
          0.17297956359662614,
          0.027929343297078486,
          0.1437476140373878,
          0.052154938835765184,
          0.2583880310213491
        ],
        [
          0.22968151526811753,
          0.025650403842889268,
          0.13250729563812874,
          0.06448146436381517,
          0.25827295918279874,
          0.006484532429490594,
          0.28292182927475995
        ],
        [
          0.14622281591305367,
          0.15998047199073728,
          0.18059507048928375,
          0.14515620958598727,
          0.04211286397770697,
          0.2777413617735969,
          0.04819120626963427
        ]
      ],
      "timestamps": [
        49,
        50,
        51,
        52,
        53,
        54,
        55,
        56,
        57,
        58,
        59,
        60,
        61,
        62,
        63,
        64,
        65,
        66,
        67,
        68,
        69,
        70,
        71,
        72,
        73,
        74,
        75
      ],
      "distance": 320
    },
    {
      "trip_id": 3,
      "transport_method": "bicycle",
      "start_time": 76,
      "path": [
        [
          1.5196738000000007,
          42.5072991
        ],
        [
          1.519636473406564,
          42.50698475745978
        ],
        [
          1.5195451697190683,
          42.50666306062603
        ],
        [
          1.5200193840556648,
          42.50643467699416
        ],
        [
          1.519485244944636,
          42.50634520669497
        ],
        [
          1.519766741110101,
          42.506159830089345
        ],
        [
          1.519876936099667,
          42.50617495724345
        ],
        [
          1.519412504669262,
          42.50624879849622
        ],
        [
          1.5198997105582999,
          42.50641843068764
        ],
        [
          1.5201545348650103,
          42.50642635804514
        ],
        [
          1.5201007723569149,
          42.50643121920605
        ],
        [
          1.5195568691164805,
          42.506371888159215
        ],
        [
          1.519685998795262,
          42.50617137223488
        ],
        [
          1.520230347642061,
          42.50619102329009
        ],
        [
          1.520089857207342,
          42.50617547976944
        ],
        [
          1.519546073570065,
          42.506191374600625
        ],
        [
          1.5190297103762973,
          42.50636012331213
        ],
        [
          1.5185962938118427,
          42.506115401968664
        ],
        [
          1.5183386651808748,
          42.50563726016566
        ],
        [
          1.5188016072044526,
          42.505478829627755
        ],
        [
          1.5193357992053995,
          42.505602499920585
        ],
        [
          1.5198699912063465,
          42.505726170213414
        ],
        [
          1.5204041832072932,
          42.50584984050624
        ],
        [
          1.5207357000000001,
          42.50587709999999
        ]
      ],
      "emotions": [
        "purple",
        "purple",
        "purple",
        "purple",
        "red",
        "red",
        "red",
        "red",
        "red",
        "green",
        "green",
        "green",
        "green",
        "green",
        "green",
        "green",
        "green",
        "green",
        "green",
        "purple",
        "purple",
        "purple",
        "purple",
        "purple"
      ],
      "mood_vectors": [
        [
          0.06327790526961069,
          0.2812004405012118,
          0.0887816328313355,
          0.1857381002991656,
          0.1203586506448492,
          0.027932640251447514,
          0.2327106302023796
        ],
        [
          0.155639327810594,
          0.043854136657141184,
          0.007132830953619496,
          0.27106684833553685,
          0.09688369380697436,
          0.16689111950272023,
          0.25853204293341386
        ],
        [
          0.2447333208958524,
          0.1862538565949552,
          0.09590719530027761,
          0.08718437056547887,
          0.024821110117804523,
          0.16274488212977892,
          0.1983552643958525
        ],
        [
          0.08561736829969341,
          0.29448279480956785,
          0.05898781522358895,
          0.09998263237518978,
          0.04323770120479335,
          0.2765192726973724,
          0.1411724153897943
        ],
        [
          0.09477153703529319,
          0.18489456723648762,
          0.23171661951094694,
          0.18669290849845285,
          0.005754155111168817,
          0.20413445161971497,
          0.09203576098793566
        ],
        [
          0.06606194180886113,
          0.17728380230807958,
          0.2395689739343883,
          0.1038291491668504,
          0.14647172456821694,
          0.21601985669353269,
          0.050764551520070984
        ],
        [
          0.15645507686558682,
          0.2107142341992575,
          0.17307688860623735,
          0.11752690673406548,
          0.12181751923987308,
          0.18046186645186993,
          0.039947507903109816
        ],
        [
          0.10204662618603555,
          0.06076978992978735,
          0.11281171493190278,
          0.1779432762092924,
          0.19891713632821204,
          0.13012584885298678,
          0.21738560756178307
        ],
        [
          0.13922893163588376,
          0.03338989029319393,
          0.1036321330481621,
          0.5262765022231081,
          0.13997043926742692,
          0.035693594684435094,
          0.021808508847790117
        ],
        [
          0.12015322838749212,
          0.06569709611341225,
          0.2006060892223319,
          0.03769929492168456,
          0.2441283253669076,
          0.19967768166998565,
          0.13203828431818598
        ],
        [
          0.20328044735721393,
          0.08357854288346746,
          0.24878763819486793,
          0.11978302095222561,
          0.07335136954720185,
          0.1876543532812839,
          0.08356462778373926
        ],
        [
          0.16061189316174662,
          0.05381767119330018,
          0.19159097106435882,
          0.1889941447094454,
          0.06417937266281816,
          0.2143281239540933,
          0.12647782325423748
        ],
        [
          0.06892765185661073,
          0.2510099050538902,
          0.03428638020144532,
          0.3331649401112676,
          0.12469089608726953,
          0.028140248374342352,
          0.1597799783151742
        ],
        [
          0.2839155921536403,
          0.14636149495285497,
          0.1265364162996672,
          0.026891867212848,
          0.17408632145366754,
          0.14377858916881192,
          0.09842971875851009
        ],
        [
          0.2065917264483593,
          0.16297132103061374,
          0.12380642476496323,
          0.011915901606132012,
          0.22990757029098563,
          0.14702212392636915,
          0.1177849319325769
        ],
        [
          0.06499998171500578,
          0.21129267332539645,
          0.2689643165289522,
          0.3404778926396518,
          0.019002340668545694,
          0.005981156960282893,
          0.08928163816216522
        ],
        [
          0.055866201729469,
          0.08575731984439659,
          0.19139714711092434,
          0.09774379798448388,
          0.20412097651219901,
          0.130881720290458,
          0.23423283652806923
        ],
        [
          0.17570352248530768,
          0.11245993551735413,
          0.11414444649560498,
          0.10202424097673087,
          0.0656639620586665,
          0.2692956174598788,
          0.16070827500645704
        ],
        [
          0.16122862071963276,
          0.14484628744337236,
          0.04974254512423435,
          0.21150147916709278,
          0.050610452937869865,
          0.27090584147433605,
          0.11116477313346182
        ],
        [
          0.22588090208694114,
          0.03430903956907385,
          0.14266077270391156,
          0.15991366037232227,
          0.1228855655197396,
          0.04236872601316195,
          0.2719813337348496
        ],
        [
          0.13538793646387035,
          0.04794894905915073,
          0.30019638849002356,
          0.06273453394738956,
          0.28498327193427986,
          0.0886571682147141,
          0.08009175189057183
        ],
        [
          0.24490870683035917,
          0.09949646938611327,
          0.11575206399593772,
          0.1747353917933029,
          0.21395873797763926,
          0.1127244025370547,
          0.038424227479592954
        ],
        [
          0.15926173377290215,
          0.2200974413593119,
          0.17337199132875095,
          0.08546614046525183,
          0.1236152175256217,
          0.044757783698604434,
          0.19342969184955705
        ],
        [
          0.030308037305583825,
          0.05942932300515019,
          0.2562085212621928,
          0.04143960115840696,
          0.24397365740765287,
          0.1646997537076257,
          0.20394110615338762
        ]
      ],
      "timestamps": [
        76,
        77,
        78,
        79,
        80,
        81,
        82,
        83,
        84,
        85,
        86,
        87,
        88,
        89,
        90,
        91,
        92,
        93,
        94,
        95,
        96,
        97,
        98,
        99
      ],
      "distance": 320.6
    }
  ],
  "conversation": [
    "Did I just walk past that guy twice?",
    "So many tiny businesses tucked into corners.",
    "I love how quiet it gets near the river."
  ],
  "conversation_timestamps": [
    29,
    89,
    98
  ]
}
