{"agent_id": "agent-orange-473", "type": "orange", "trips": [{"trip_id": 0, "transport_method": "bicycle", "start_time": 0, "path": [[1.5141751, 42.5474723], [1.5143109, 42.5470525], [1.514828, 42.545742], [1.515175, 42.5451013], [1.5162891, 42.5438266], [1.5173532, 42.5425344], [1.5186052, 42.5414851], [1.5193158, 42.5402435], [1.5193718, 42.5393615], [1.5194798, 42.5392545], [1.5198716, 42.5376096], [1.5207971, 42.536211], [1.5205808, 42.5350965], [1.5194803, 42.5338265], [1.5195953, 42.532189], [1.519825, 42.5307538], [1.5196312, 42.5313006], [1.5201129, 42.5299196], [1.5205636, 42.5284045], [1.5200881, 42.5269106], [1.5206113, 42.5253515], [1.5211769, 42.5237954], [1.5220065, 42.52233], [1.5232783, 42.5212136], [1.5238631, 42.5196268], [1.5233995, 42.5209741], [1.5240308, 42.519387], [1.5251242, 42.5182146], [1.5264166, 42.5171587], [1.5279344, 42.5164651], [1.5292069, 42.515385], [1.5304028, 42.5142031], [1.5307313, 42.5126418], [1.530096, 42.511569], [1.5294855, 42.5102893], [1.5286884, 42.5095549], [1.528864, 42.5097045], [1.5275563, 42.5086197], [1.5258839, 42.5083395], [1.524325, 42.5077868], [1.5226419, 42.5077474], [1.521056, 42.5075073], [1.5194323, 42.5072093], [1.5185454, 42.5065612], [1.5170516, 42.5058929], [1.5154729, 42.505254], [1.5146892, 42.5043994], [1.513507, 42.5031813], [1.512203, 42.5021036], [1.5107543, 42.501215], [1.5092107, 42.5005177], [1.5076948, 42.4997448], [1.5061504, 42.4990153], [1.5046114, 42.4982773], [1.5030679, 42.4975475], [1.5015464, 42.4967905], [1.5004988, 42.4963205], [1.498994, 42.4955141], [1.4984755, 42.4942968], [1.4975725, 42.4929887], [1.4976966, 42.4930626], [1.4963892, 42.4919651], [1.4951201, 42.4908339], [1.4943846, 42.4893129], [1.4935482, 42.4878236], [1.4927796, 42.486301], [1.4920387, 42.4847763], [1.4908229, 42.4837952], [1.4899878, 42.4823161], [1.4894578, 42.480723], [1.4895802, 42.4790536], [1.4904484, 42.4775841], [1.4908301, 42.4760155], [1.490657, 42.4743425], [1.4907753, 42.4727086], [1.4915811, 42.4712026], [1.4920524, 42.4695874], [1.4915873, 42.4679489], [1.4918328, 42.4664501], [1.491739, 42.4649267]], "mood_vectors": [[0.0673, 0.0722, 0.0694, 0.0309, 0.7254, 0.0195, 0.0154], [0.0553, 0.0365, 0.0509, 0.0779, 0.6912, 0.0312, 0.0569], [0.0211, 0.0773, 0.0575, 0.0298, 0.7483, 0.0503, 0.0157], [0.0439, 0.0601, 0.0567, 0.0595, 0.6214, 0.0873, 0.071], [0.0423, 0.0732, 0.0707, 0.0709, 0.6456, 0.0418, 0.0556], [0.0661, 0.0463, 0.0155, 0.0128, 0.8076, 0.0345, 0.0172], [0.0392, 0.0355, 0.0359, 0.0247, 0.7428, 0.0516, 0.0703], [0.0156, 0.0394, 0.054, 0.0166, 0.825, 0.0259, 0.0236], [0.0554, 0.092, 0.0264, 0.075, 0.645, 0.0639, 0.0423], [0.0547, 0.018, 0.0723, 0.0139, 0.698, 0.0784, 0.0647], [0.0196, 0.0271, 0.0619, 0.0376, 0.8017, 0.0188, 0.0332], [0.057, 0.017, 0.0186, 0.08, 0.707, 0.0778, 0.0426], [0.0475, 0.0353, 0.0173, 0.0826, 0.666, 0.0723, 0.0788], [0.0186, 0.0165, 0.0532, 0.0356, 0.7729, 0.0793, 0.024], [0.026, 0.0148, 0.0674, 0.0535, 0.7577, 0.0264, 0.0541], [0.0606, 0.0405, 0.079, 0.0648, 0.7089, 0.0147, 0.0314], [0.054, 0.0424, 0.0218, 0.024, 0.7928, 0.0294, 0.0357], [0.0678, 0.0549, 0.0902, 0.0406, 0.6307, 0.0689, 0.0469], [0.05, 0.0407, 0.0545, 0.0692, 0.6688, 0.0606, 0.0563], [0.0193, 0.0112, 0.0745, 0.0521, 0.7316, 0.0524, 0.059], [0.0725, 0.0285, 0.075, 0.0253, 0.6905, 0.0908, 0.0174], [0.0722, 0.0872, 0.0399, 0.0592, 0.7004, 0.0273, 0.0137], [0.0683, 0.0162, 0.0318, 0.0513, 0.7343, 0.0204, 0.0777], [0.0571, 0.0722, 0.0682, 0.0664, 0.6264, 0.0654, 0.0443], [0.062, 0.0685, 0.0522, 0.0792, 0.6376, 0.0482, 0.0522], [0.0534, 0.0556, 0.0255, 0.0199, 0.7575, 0.0311, 0.0569], [0.0726, 0.0843, 0.0793, 0.0241, 0.6587, 0.042, 0.0391], [0.0368, 0.0499, 0.0319, 0.0539, 0.7197, 0.0439, 0.064], [0.0598, 0.0577, 0.0196, 0.0303, 0.7156, 0.0448, 0.0722], [0.0363, 0.0368, 0.0217, 0.0679, 0.7107, 0.0612, 0.0655], [0.0289, 0.0784, 0.0238, 0.0434, 0.728, 0.0176, 0.0799], [0.071, 0.0239, 0.0833, 0.0649, 0.6669, 0.0757, 0.0143], [0.0733, 0.0758, 0.0707, 0.0556, 0.6286, 0.0477, 0.0481], [0.0639, 0.0191, 0.0791, 0.0283, 0.719, 0.0648, 0.0258], [0.0629, 0.0374, 0.0565, 0.0729, 0.6251, 0.0935, 0.0517], [0.0153, 0.0744, 0.0892, 0.0925, 0.5908, 0.0499, 0.0879], [0.0656, 0.0532, 0.0284, 0.0405, 0.7105, 0.056, 0.0458], [0.0588, 0.0852, 0.0421, 0.0521, 0.6425, 0.0651, 0.0542], [0.0448, 0.062, 0.0178, 0.0745, 0.6897, 0.0612, 0.05], [0.0302, 0.08, 0.0702, 0.06, 0.609, 0.0764, 0.0743], [0.0753, 0.0648, 0.0243, 0.0627, 0.7048, 0.0337, 0.0344], [0.0573, 0.0239, 0.0195, 0.0363, 0.7959, 0.0215, 0.0456], [0.0358, 0.0307, 0.0554, 0.0382, 0.6922, 0.0858, 0.062], [0.0702, 0.0751, 0.0177, 0.0536, 0.711, 0.0182, 0.0541], [0.0619, 0.0615, 0.0746, 0.0192, 0.6795, 0.0343, 0.069], [0.0425, 0.0597, 0.0127, 0.068, 0.7436, 0.0274, 0.0461], [0.0546, 0.0284, 0.0233, 0.041, 0.7671, 0.0561, 0.0295], [0.0542, 0.031, 0.0261, 0.0283, 0.7217, 0.0746, 0.0642], [0.0139, 0.0276, 0.0752, 0.0552, 0.7532, 0.0218, 0.053], [0.0494, 0.0799, 0.0843, 0.0459, 0.6774, 0.0312, 0.032], [0.0717, 0.0268, 0.0184, 0.0257, 0.7589, 0.0658, 0.0326], [0.052, 0.0461, 0.0331, 0.017, 0.7259, 0.0663, 0.0596], [0.0555, 0.0948, 0.0292, 0.0528, 0.6285, 0.0516, 0.0876], [0.0247, 0.0304, 0.0458, 0.0791, 0.7187, 0.0487, 0.0527], [0.0519, 0.0268, 0.0361, 0.0472, 0.7785, 0.0308, 0.0288], [0.0414, 0.0896, 0.0529, 0.0245, 0.7093, 0.0444, 0.0379], [0.0385, 0.0434, 0.0455, 0.0152, 0.7327, 0.0796, 0.045], [0.0351, 0.0754, 0.0575, 0.0397, 0.6932, 0.051, 0.0481], [0.0237, 0.0704, 0.0884, 0.0802, 0.6361, 0.0783, 0.0229], [0.0579, 0.0611, 0.0765, 0.0284, 0.6595, 0.0502, 0.0665], [0.0688, 0.0741, 0.0207, 0.0832, 0.6311, 0.0442, 0.0778], [0.0492, 0.0633, 0.0606, 0.0949, 0.6314, 0.0515, 0.0491], [0.093, 0.0866, 0.018, 0.0401, 0.6425, 0.0427, 0.077], [0.0669, 0.0297, 0.0408, 0.0363, 0.7214, 0.031, 0.074], [0.0642, 0.0221, 0.0342, 0.0298, 0.7534, 0.0305, 0.0659], [0.0246, 0.0786, 0.0381, 0.012, 0.7406, 0.0768, 0.0294], [0.0454, 0.0574, 0.0656, 0.052, 0.6896, 0.0745, 0.0156], [0.0441, 0.0306, 0.0533, 0.0313, 0.7193, 0.0689, 0.0524], [0.0425, 0.0422, 0.0548, 0.0221, 0.7379, 0.0469, 0.0537], [0.014, 0.0672, 0.0412, 0.0241, 0.7769, 0.0543, 0.0223], [0.0468, 0.0652, 0.0625, 0.053, 0.6737, 0.0378, 0.061], [0.0553, 0.0166, 0.0221, 0.0364, 0.7709, 0.0722, 0.0265], [0.0658, 0.0362, 0.077, 0.0618, 0.6839, 0.0434, 0.0319], [0.0533, 0.0845, 0.0897, 0.0691, 0.6167, 0.0727, 0.014], [0.064, 0.0591, 0.0181, 0.0188, 0.734, 0.023, 0.083], [0.0522, 0.0531, 0.0344, 0.0593, 0.7098, 0.0631, 0.0281], [0.0339, 0.0515, 0.0314, 0.0272, 0.7615, 0.0491, 0.0454], [0.0161, 0.0577, 0.0801, 0.0511, 0.7577, 0.0205, 0.0169], [0.052, 0.0165, 0.0534, 0.0767, 0.6618, 0.0634, 0.0763], [0.0592, 0.0909, 0.0541, 0.0757, 0.5999, 0.0886, 0.0317]], "emotions": ["red", "red", "red", "red", "red", "red", "red", "red", "red", "red", "red", "red", "red", "red", "red", "red", "red", "red", "red", "red", "red", "red", "red", "red", "red", "red", "red", "red", "red", "red", "red", "red", "red", "red", "red", "red", "red", "red", "red", "red", "red", "red", "red", "red", "red", "red", "red", "red", "red", "red", "red", "red", "red", "red", "red", "red", "red", "red", "red", "red", "red", "red", "red", "red", "red", "red", "red", "red", "red", "red", "red", "red", "red", "red", "red", "red", "red", "red", "red", "red"], "timestamps": [0, 40, 80, 120, 160, 200, 240, 280, 320, 360, 400, 440, 480, 520, 560, 600, 640, 680, 720, 760, 800, 840, 880, 920, 960, 1000, 1040, 1080, 1120, 1160, 1200, 1240, 1280, 1320, 1360, 1400, 1440, 1480, 1520, 1560, 1600, 1640, 1680, 1720, 1760, 1800, 1840, 1880, 1920, 1960, 2000, 2040, 2080, 2120, 2160, 2200, 2240, 2280, 2320, 2360, 2400, 2440, 2480, 2520, 2560, 2600, 2640, 2680, 2720, 2760, 2800, 2840, 2880, 2920, 2960, 3000, 3040, 3080, 3120, 3160]}], "conversation": [], "conversation_timestamps": []}