{"agent_id": "agent-orange-1828", "type": "orange", "trips": [{"trip_id": 0, "transport_method": "bus", "start_time": 0, "path": [[1.5322592, 42.5078832], [1.5334952, 42.508445], [1.5350119, 42.5085553], [1.5365349, 42.5086812], [1.5380417, 42.5087146], [1.539205, 42.5087482], [1.5406649, 42.5086688], [1.5421721, 42.50889], [1.5429339, 42.5089424], [1.5444048, 42.5093042], [1.5458911, 42.5095698], [1.5457523, 42.5095327], [1.5463302, 42.5104866], [1.5475263, 42.5112817], [1.5490114, 42.5116439], [1.5499316, 42.5119423], [1.5503714, 42.5121403], [1.5515863, 42.513051], [1.5514279, 42.5128796], [1.5526257, 42.513719], [1.5527001, 42.5145812], [1.5533884, 42.515919], [1.5540469, 42.5172779], [1.5552864, 42.5181473], [1.5564713, 42.5189593], [1.5574286, 42.5200878], [1.558528, 42.5211493], [1.5597588, 42.5220408], [1.5599832, 42.522319], [1.5612848, 42.5231043], [1.5623628, 42.5241764], [1.5636976, 42.5248554], [1.5651082, 42.5253518], [1.5664721, 42.5260279], [1.567683, 42.5269608], [1.5689987, 42.5277188], [1.5702931, 42.5285217], [1.5714916, 42.5293321], [1.5729309, 42.5295338], [1.5737113, 42.5305772], [1.575022, 42.5313378], [1.5765194, 42.5316412], [1.5780413, 42.5317737], [1.5779089, 42.5317809], [1.5783688, 42.5317459], [1.5798976, 42.5317501], [1.5814257, 42.5317109], [1.5829439, 42.5317953], [1.584234, 42.5325914], [1.5854146, 42.5335258], [1.5866797, 42.5343667], [1.5879513, 42.5351892], [1.588834, 42.5363436], [1.5899535, 42.5372981], [1.5913219, 42.5379739], [1.5917547, 42.5393749], [1.5922671, 42.5407553], [1.5915793, 42.5420325], [1.5916297, 42.5435358], [1.5915661, 42.5449766], [1.5915052, 42.5464396], [1.5917857, 42.5479191], [1.5914237, 42.5494024], [1.5909332, 42.5508403], [1.5900151, 42.5520206], [1.5888659, 42.553004], [1.588595, 42.5544866], [1.5887054, 42.5559755], [1.5887146, 42.5574857], [1.5892601, 42.558897], [1.5894483, 42.5596844], [1.5899962, 42.5605163], [1.5903888, 42.5619663], [1.5908108, 42.5633911], [1.5920097, 42.5640652], [1.5934364, 42.564543], [1.5945147, 42.5651245], [1.5959749, 42.5654858], [1.5973466, 42.5658174], [1.598819, 42.5660996]], "mood_vectors": [[0.0377, 0.1, 0.0457, 0.0477, 0.6737, 0.0286, 0.0666], [0.0516, 0.0193, 0.0444, 0.0667, 0.7596, 0.0359, 0.0225], [0.0378, 0.0623, 0.0595, 0.0713, 0.7317, 0.0247, 0.0126], [0.026, 0.0574, 0.0631, 0.0409, 0.761, 0.0227, 0.0289], [0.0321, 0.0623, 0.0643, 0.0186, 0.7127, 0.0578, 0.0522], [0.0224, 0.0333, 0.0835, 0.0199, 0.7171, 0.0707, 0.0531], [0.0194, 0.0473, 0.0769, 0.0397, 0.7314, 0.0602, 0.0252], [0.0291, 0.0517, 0.0261, 0.0569, 0.7923, 0.0183, 0.0257], [0.0577, 0.057, 0.0811, 0.0233, 0.6455, 0.087, 0.0484], [0.0499, 0.0333, 0.0482, 0.0532, 0.6963, 0.0474, 0.0718], [0.0133, 0.0587, 0.0558, 0.0592, 0.6836, 0.0544, 0.0749], [0.0279, 0.0737, 0.0637, 0.0446, 0.7356, 0.0307, 0.0237], [0.0556, 0.0807, 0.0555, 0.036, 0.6092, 0.0832, 0.0799], [0.076, 0.0311, 0.0725, 0.0386, 0.6824, 0.0342, 0.0651], [0.0405, 0.0626, 0.0447, 0.059, 0.6879, 0.0606, 0.0447], [0.0485, 0.0332, 0.0332, 0.0678, 0.7119, 0.0443, 0.0611], [0.0859, 0.016, 0.0528, 0.0303, 0.7093, 0.0154, 0.0904], [0.0293, 0.0503, 0.0727, 0.0259, 0.7063, 0.0516, 0.0639], [0.0755, 0.072, 0.0573, 0.028, 0.7001, 0.0457, 0.0214], [0.0467, 0.0636, 0.0354, 0.058, 0.6784, 0.0562, 0.0617], [0.0314, 0.0887, 0.0368, 0.0382, 0.6919, 0.07, 0.043], [0.0885, 0.0482, 0.0667, 0.0739, 0.6277, 0.048, 0.0469], [0.0504, 0.0182, 0.0414, 0.0761, 0.7627, 0.0366, 0.0145], [0.0756, 0.0365, 0.0514, 0.0661, 0.6645, 0.0378, 0.068], [0.0643, 0.0584, 0.0623, 0.0192, 0.7006, 0.0423, 0.053], [0.0358, 0.042, 0.0515, 0.0468, 0.7343, 0.0344, 0.0552], [0.0153, 0.0503, 0.0352, 0.0567, 0.7054, 0.0799, 0.0572], [0.0506, 0.0825, 0.0491, 0.0414, 0.7027, 0.0419, 0.0318], [0.0317, 0.0624, 0.0273, 0.0933, 0.7292, 0.0392, 0.0169], [0.0494, 0.0257, 0.0415, 0.0577, 0.6853, 0.0682, 0.0721], [0.0236, 0.0455, 0.0587, 0.0478, 0.7691, 0.0265, 0.0288], [0.0306, 0.0551, 0.0594, 0.0651, 0.7309, 0.0252, 0.0338], [0.0798, 0.0667, 0.069, 0.035, 0.6278, 0.049, 0.0726], [0.0251, 0.0743, 0.0444, 0.0453, 0.7393, 0.0219, 0.0497], [0.0237, 0.0452, 0.0555, 0.0188, 0.7685, 0.0656, 0.0228], [0.065, 0.0567, 0.0911, 0.0507, 0.6569, 0.0206, 0.0592], [0.0649, 0.0313, 0.0148, 0.0869, 0.725, 0.0537, 0.0232], [0.0312, 0.0547, 0.0202, 0.0671, 0.735, 0.0561, 0.0356], [0.0658, 0.0708, 0.0331, 0.0515, 0.7142, 0.0108, 0.0538], [0.0773, 0.0278, 0.0608, 0.0242, 0.6864, 0.0442, 0.0793], [0.0595, 0.041, 0.0602, 0.0429, 0.6648, 0.081, 0.0506], [0.058, 0.0894, 0.0506, 0.0354, 0.6579, 0.0381, 0.0706], [0.0672, 0.0464, 0.0606, 0.0852, 0.6262, 0.0454, 0.069], [0.0736, 0.0785, 0.0704, 0.0868, 0.6437, 0.0195, 0.0274], [0.0369, 0.0662, 0.0578, 0.0665, 0.6921, 0.0487, 0.0318], [0.0609, 0.0126, 0.0668, 0.0354, 0.739, 0.0365, 0.0488], [0.0546, 0.0882, 0.0768, 0.062, 0.6048, 0.0318, 0.0819], [0.0614, 0.0336, 0.0326, 0.0527, 0.6986, 0.0517, 0.0694], [0.0603, 0.0604, 0.0236, 0.0244, 0.7481, 0.0135, 0.0697], [0.0246, 0.0463, 0.064, 0.0534, 0.7695, 0.0231, 0.019], [0.0857, 0.0543, 0.0418, 0.0686, 0.6331, 0.0216, 0.0949], [0.043, 0.0607, 0.0273, 0.0683, 0.642, 0.075, 0.0837], [0.0695, 0.0173, 0.0517, 0.0244, 0.7325, 0.0739, 0.0306], [0.0746, 0.025, 0.0603, 0.0372, 0.7035, 0.0782, 0.0213], [0.0583, 0.0561, 0.0665, 0.0705, 0.6245, 0.0441, 0.08], [0.0199, 0.0722, 0.0874, 0.0834, 0.6078, 0.0763, 0.053], [0.0121, 0.0575, 0.0427, 0.0278, 0.7578, 0.0392, 0.0629], [0.0783, 0.0528, 0.0586, 0.0141, 0.6902, 0.0337, 0.0723], [0.0711, 0.0174, 0.049, 0.0831, 0.744, 0.0149, 0.0204], [0.081, 0.0687, 0.0726, 0.0263, 0.6597, 0.0295, 0.0622], [0.0529, 0.0429, 0.0718, 0.0839, 0.6804, 0.049, 0.019], [0.078, 0.0949, 0.0349, 0.0189, 0.6933, 0.06, 0.02], [0.0476, 0.026, 0.0713, 0.0334, 0.6861, 0.0673, 0.0684], [0.0183, 0.0778, 0.0815, 0.0389, 0.6656, 0.0417, 0.0762], [0.0689, 0.0248, 0.0585, 0.0575, 0.6806, 0.0764, 0.0334], [0.0831, 0.0404, 0.0643, 0.019, 0.6874, 0.0199, 0.0859], [0.0717, 0.017, 0.0187, 0.0355, 0.7474, 0.0575, 0.0522], [0.0761, 0.0138, 0.0158, 0.0912, 0.6985, 0.0698, 0.0349], [0.0561, 0.0616, 0.0189, 0.0715, 0.6614, 0.0779, 0.0525], [0.0398, 0.0277, 0.068, 0.0609, 0.7217, 0.0518, 0.0301], [0.0563, 0.0822, 0.0432, 0.0743, 0.6288, 0.046, 0.0691], [0.0212, 0.0203, 0.0327, 0.0479, 0.7322, 0.0841, 0.0617], [0.0212, 0.079, 0.0604, 0.0367, 0.7351, 0.0361, 0.0315], [0.0165, 0.0423, 0.0147, 0.0694, 0.7938, 0.0362, 0.0271], [0.0616, 0.0754, 0.0322, 0.0602, 0.7223, 0.0336, 0.0148], [0.0256, 0.0783, 0.0225, 0.0548, 0.7197, 0.049, 0.0501], [0.0483, 0.0295, 0.0669, 0.0694, 0.6899, 0.0494, 0.0467], [0.0634, 0.0699, 0.0201, 0.0461, 0.7016, 0.0275, 0.0714], [0.0721, 0.0543, 0.0455, 0.0501, 0.6741, 0.0791, 0.0248], [0.0603, 0.0832, 0.0577, 0.0439, 0.6157, 0.0873, 0.0518]], "emotions": ["red", "red", "red", "red", "red", "red", "red", "red", "red", "red", "red", "red", "red", "red", "red", "red", "red", "red", "red", "red", "red", "red", "red", "red", "red", "red", "red", "red", "red", "red", "red", "red", "red", "red", "red", "red", "red", "red", "red", "red", "red", "red", "red", "red", "red", "red", "red", "red", "red", "red", "red", "red", "red", "red", "red", "red", "red", "red", "red", "red", "red", "red", "red", "red", "red", "red", "red", "red", "red", "red", "red", "red", "red", "red", "red", "red", "red", "red", "red", "red"], "timestamps": [0, 40, 80, 120, 160, 200, 240, 280, 320, 360, 400, 440, 480, 520, 560, 600, 640, 680, 720, 760, 800, 840, 880, 920, 960, 1000, 1040, 1080, 1120, 1160, 1200, 1240, 1280, 1320, 1360, 1400, 1440, 1480, 1520, 1560, 1600, 1640, 1680, 1720, 1760, 1800, 1840, 1880, 1920, 1960, 2000, 2040, 2080, 2120, 2160, 2200, 2240, 2280, 2320, 2360, 2400, 2440, 2480, 2520, 2560, 2600, 2640, 2680, 2720, 2760, 2800, 2840, 2880, 2920, 2960, 3000, 3040, 3080, 3120, 3160]}], "conversation": [], "conversation_timestamps": []}