{"agent_id": "agent-orange-803", "type": "orange", "trips": [{"trip_id": 0, "transport_method": "bus", "start_time": 0, "path": [[1.5881039, 42.5341496], [1.5878987, 42.5338986], [1.5866231, 42.5335887], [1.5854596, 42.533551], [1.5843735, 42.5327134], [1.5825996, 42.5317195], [1.5805352, 42.5317402], [1.5784698, 42.5318025], [1.576412, 42.5316254], [1.5745064, 42.530967], [1.5732154, 42.529784], [1.5746472, 42.5311883], [1.573467, 42.5300122], [1.5716606, 42.5292675], [1.5699622, 42.5283505], [1.5706707, 42.5287701], [1.5703899, 42.5287522], [1.5686697, 42.5276064], [1.5680463, 42.5271747], [1.5684299, 42.5273598], [1.5667136, 42.5262082], [1.5648828, 42.5252798], [1.5629603, 42.5246201], [1.5614591, 42.5232315], [1.5598011, 42.5220551], [1.558165, 42.5208206], [1.5567841, 42.5194336], [1.556271, 42.5187219], [1.5556866, 42.5184582], [1.5550897, 42.5180131], [1.553806, 42.5169486], [1.5539438, 42.5169775], [1.5529516, 42.5152022], [1.5522615, 42.5133971], [1.550573, 42.5122479], [1.5486488, 42.5115539], [1.5466674, 42.5109918], [1.5462083, 42.5100861], [1.544562, 42.5093108], [1.5425621, 42.5088785], [1.5407834, 42.5086589], [1.5387781, 42.5082261], [1.5378011, 42.5081016], [1.5359055, 42.507749], [1.5345606, 42.5073192], [1.5348584, 42.5073525], [1.5329172, 42.5066849], [1.5310227, 42.5061954], [1.5291754, 42.5054185], [1.5271267, 42.505313], [1.5250821, 42.5051269], [1.5230479, 42.5047803], [1.5211043, 42.5043803], [1.5204875, 42.5040608], [1.5218582, 42.5047476], [1.5199204, 42.5040286], [1.5179972, 42.5036741], [1.5160042, 42.5034051], [1.514223, 42.5024203], [1.512644, 42.5013654], [1.5113929, 42.4997203], [1.5100335, 42.4981798], [1.5081788, 42.4972679], [1.5062466, 42.4965372], [1.5043354, 42.4957682], [1.5024303, 42.4949828], [1.5006024, 42.4940687], [1.4990716, 42.4927416], [1.4972644, 42.4917406], [1.4962509, 42.4901523], [1.4949938, 42.4885336], [1.494621, 42.4865885], [1.4931303, 42.4852062], [1.4912706, 42.4844865], [1.4902569, 42.4827516], [1.4894715, 42.4808756], [1.4896906, 42.4788801], [1.4906379, 42.4770543], [1.4899171, 42.4763964], [1.4893467, 42.475866]], "mood_vectors": [[0.0268, 0.0469, 0.0617, 0.031, 0.7265, 0.0355, 0.0717], [0.0697, 0.0737, 0.0388, 0.0643, 0.7057, 0.0318, 0.0161], [0.0244, 0.0855, 0.0202, 0.0946, 0.6379, 0.0629, 0.0745], [0.0365, 0.0448, 0.0423, 0.0256, 0.7284, 0.0912, 0.0312], [0.0373, 0.0592, 0.0524, 0.0809, 0.6906, 0.0425, 0.0371], [0.0422, 0.0396, 0.0884, 0.0685, 0.6913, 0.0333, 0.0367], [0.0257, 0.057, 0.0672, 0.027, 0.7236, 0.0482, 0.0513], [0.0223, 0.0685, 0.046, 0.0612, 0.7537, 0.0187, 0.0296], [0.0736, 0.037, 0.0804, 0.0613, 0.6318, 0.0348, 0.0811], [0.0215, 0.0189, 0.0341, 0.0777, 0.7555, 0.066, 0.0263], [0.0549, 0.0407, 0.0467, 0.0942, 0.6374, 0.0769, 0.0492], [0.0509, 0.0701, 0.018, 0.0579, 0.6895, 0.0729, 0.0407], [0.0228, 0.0202, 0.0679, 0.0513, 0.733, 0.0683, 0.0365], [0.0475, 0.0367, 0.0263, 0.0367, 0.7832, 0.0134, 0.0562], [0.0281, 0.0228, 0.0137, 0.0728, 0.7788, 0.0539, 0.0299], [0.0209, 0.0412, 0.087, 0.013, 0.7517, 0.0574, 0.0287], [0.0259, 0.0441, 0.0181, 0.0716, 0.7178, 0.0655, 0.0569], [0.0537, 0.0746, 0.0426, 0.0494, 0.7224, 0.0382, 0.0191], [0.0155, 0.0349, 0.0344, 0.0352, 0.7867, 0.0254, 0.0679], [0.0148, 0.0568, 0.071, 0.0238, 0.7457, 0.0238, 0.0642], [0.067, 0.0481, 0.0755, 0.0195, 0.6572, 0.0809, 0.0518], [0.0488, 0.013, 0.0658, 0.0452, 0.7467, 0.0602, 0.0203], [0.0603, 0.0288, 0.0499, 0.0243, 0.7964, 0.0234, 0.0168], [0.074, 0.0558, 0.0213, 0.0811, 0.6417, 0.0546, 0.0715], [0.0538, 0.0217, 0.0175, 0.0412, 0.7911, 0.0403, 0.0344], [0.069, 0.0419, 0.0672, 0.0776, 0.6124, 0.0518, 0.08], [0.0492, 0.0794, 0.0838, 0.0339, 0.6002, 0.0847, 0.0688], [0.0242, 0.0479, 0.0868, 0.043, 0.7279, 0.0374, 0.0327], [0.0419, 0.0398, 0.0412, 0.0255, 0.7331, 0.0552, 0.0633], [0.0698, 0.0147, 0.0659, 0.0487, 0.7366, 0.0334, 0.031], [0.0174, 0.0244, 0.0462, 0.0378, 0.7169, 0.0843, 0.0729], [0.0642, 0.0466, 0.0536, 0.0216, 0.7397, 0.0329, 0.0414], [0.0919, 0.0321, 0.0451, 0.0401, 0.6417, 0.0805, 0.0686], [0.0562, 0.036, 0.028, 0.065, 0.7142, 0.0373, 0.0633], [0.0113, 0.0591, 0.0441, 0.0559, 0.7424, 0.0279, 0.0593], [0.0426, 0.0521, 0.0739, 0.0681, 0.6607, 0.0517, 0.0509], [0.0659, 0.051, 0.0809, 0.0454, 0.7023, 0.0333, 0.0212], [0.0162, 0.0266, 0.0328, 0.0332, 0.7709, 0.0808, 0.0395], [0.0436, 0.0693, 0.0625, 0.0456, 0.701, 0.0621, 0.0159], [0.0426, 0.0831, 0.0575, 0.0497, 0.6924, 0.0444, 0.0303], [0.0543, 0.0675, 0.035, 0.0584, 0.6698, 0.0968, 0.0182], [0.0497, 0.0604, 0.0783, 0.0139, 0.7052, 0.0455, 0.047], [0.0385, 0.027, 0.06, 0.0637, 0.6974, 0.0589, 0.0546], [0.0665, 0.0519, 0.0281, 0.0293, 0.7418, 0.032, 0.0504], [0.0613, 0.0219, 0.0602, 0.0399, 0.6734, 0.0709, 0.0724], [0.0383, 0.0265, 0.0374, 0.0436, 0.7591, 0.0539, 0.0411], [0.044, 0.0249, 0.0288, 0.0547, 0.7528, 0.0534, 0.0413], [0.0769, 0.0243, 0.0443, 0.0468, 0.6814, 0.0469, 0.0794], [0.072, 0.0265, 0.0682, 0.039, 0.697, 0.0159, 0.0815], [0.0659, 0.0407, 0.0849, 0.0663, 0.6239, 0.0607, 0.0577], [0.0421, 0.0792, 0.0449, 0.0254, 0.7116, 0.0433, 0.0536], [0.0274, 0.0289, 0.0353, 0.0804, 0.7531, 0.0247, 0.0502], [0.0747, 0.0323, 0.0415, 0.0694, 0.6616, 0.0784, 0.0421], [0.0645, 0.0201, 0.0271, 0.0795, 0.7236, 0.0259, 0.0593], [0.0648, 0.05, 0.0492, 0.072, 0.7115, 0.0172, 0.0354], [0.0591, 0.049, 0.063, 0.0552, 0.6859, 0.0534, 0.0344], [0.0372, 0.0274, 0.0558, 0.0288, 0.7876, 0.0294, 0.0338], [0.0548, 0.0626, 0.0352, 0.0763, 0.6656, 0.0716, 0.0338], [0.0229, 0.0508, 0.0726, 0.0422, 0.7133, 0.037, 0.0611], [0.1113, 0.0702, 0.0244, 0.0251, 0.7187, 0.0289, 0.0213], [0.0225, 0.0516, 0.0472, 0.0371, 0.7726, 0.0211, 0.0479], [0.058, 0.0214, 0.0285, 0.0919, 0.6696, 0.0455, 0.0851], [0.032, 0.0339, 0.0816, 0.0339, 0.6931, 0.066, 0.0596], [0.0772, 0.0204, 0.0204, 0.0715, 0.7092, 0.0615, 0.0398], [0.0151, 0.0733, 0.0251, 0.0758, 0.7134, 0.0516, 0.0458], [0.0392, 0.0468, 0.0352, 0.0246, 0.7198, 0.0716, 0.0627], [0.0646, 0.0294, 0.0196, 0.0693, 0.7156, 0.0573, 0.0442], [0.0558, 0.045, 0.0336, 0.0168, 0.7214, 0.0683, 0.0592], [0.0447, 0.0634, 0.0448, 0.0598, 0.6883, 0.0301, 0.069], [0.0437, 0.0704, 0.0487, 0.0658, 0.7336, 0.0232, 0.0147], [0.0534, 0.0566, 0.02, 0.0277, 0.7593, 0.0576, 0.0254], [0.046, 0.0234, 0.0522, 0.0588, 0.7007, 0.0657, 0.0532], [0.0547, 0.0695, 0.0603, 0.0486, 0.6626, 0.0817, 0.0227], [0.0291, 0.0361, 0.0509, 0.0539, 0.6733, 0.1014, 0.0554], [0.0522, 0.0529, 0.0421, 0.0798, 0.6536, 0.0431, 0.0763], [0.0436, 0.038, 0.0777, 0.0773, 0.7012, 0.0461, 0.0161], [0.0866, 0.0467, 0.0783, 0.0596, 0.6099, 0.0677, 0.0512], [0.0581, 0.0747, 0.0145, 0.0369, 0.7034, 0.0568, 0.0556], [0.0188, 0.0497, 0.0684, 0.0802, 0.6589, 0.0799, 0.0442], [0.0296, 0.0571, 0.0182, 0.0649, 0.6998, 0.0682, 0.0622]], "emotions": ["red", "red", "red", "red", "red", "red", "red", "red", "red", "red", "red", "red", "red", "red", "red", "red", "red", "red", "red", "red", "red", "red", "red", "red", "red", "red", "red", "red", "red", "red", "red", "red", "red", "red", "red", "red", "red", "red", "red", "red", "red", "red", "red", "red", "red", "red", "red", "red", "red", "red", "red", "red", "red", "red", "red", "red", "red", "red", "red", "red", "red", "red", "red", "red", "red", "red", "red", "red", "red", "red", "red", "red", "red", "red", "red", "red", "red", "red", "red", "red"], "timestamps": [0, 40, 80, 120, 160, 200, 240, 280, 320, 360, 400, 440, 480, 520, 560, 600, 640, 680, 720, 760, 800, 840, 880, 920, 960, 1000, 1040, 1080, 1120, 1160, 1200, 1240, 1280, 1320, 1360, 1400, 1440, 1480, 1520, 1560, 1600, 1640, 1680, 1720, 1760, 1800, 1840, 1880, 1920, 1960, 2000, 2040, 2080, 2120, 2160, 2200, 2240, 2280, 2320, 2360, 2400, 2440, 2480, 2520, 2560, 2600, 2640, 2680, 2720, 2760, 2800, 2840, 2880, 2920, 2960, 3000, 3040, 3080, 3120, 3160]}], "conversation": [], "conversation_timestamps": []}