{"agent_id": "agent-red-521", "type": "red", "trips": [{"trip_id": 0, "transport_method": "foot", "start_time": 0, "path": [[1.5387668, 42.5095006], [1.5403083, 42.5096065], [1.5417228, 42.5090435], [1.542471, 42.5089083], [1.5439953, 42.5092248], [1.54554, 42.5094277], [1.5454467, 42.5093935], [1.5462878, 42.510222], [1.547285, 42.5112165], [1.5488108, 42.5115926], [1.5497796, 42.5118807], [1.5502616, 42.5120894], [1.5515266, 42.5130007], [1.5513999, 42.5128582], [1.5526208, 42.5137129], [1.5527038, 42.5146316], [1.5534123, 42.5160096], [1.5541406, 42.5173771], [1.5554476, 42.5182105], [1.5566046, 42.5191372], [1.5576122, 42.5202795], [1.5587576, 42.5213552], [1.5596675, 42.5219737], [1.560333, 42.5224954], [1.5616322, 42.5233696], [1.5627159, 42.5244974], [1.5641459, 42.5251174], [1.5656341, 42.5255608], [1.5669549, 42.526399], [1.568257, 42.5272658], [1.5695964, 42.5280636], [1.5709076, 42.5289295], [1.5722188, 42.5293508], [1.5733428, 42.5299827], [1.5744143, 42.5310772], [1.5759096, 42.5315345], [1.5774657, 42.5317473], [1.5784417, 42.5318022], [1.5778785, 42.5317446], [1.5794503, 42.5317488], [1.5810217, 42.5317269], [1.5825911, 42.5317184], [1.5839943, 42.5323817], [1.5851575, 42.5334358], [1.5864694, 42.5342673], [1.587821, 42.5350513], [1.5887387, 42.5362352], [1.5898933, 42.5371839], [1.5913023, 42.5378767], [1.5918344, 42.5392711], [1.5923411, 42.5406983], [1.5916817, 42.5420068], [1.5917273, 42.5435466], [1.5916209, 42.5450314], [1.5916208, 42.5465302], [1.5918998, 42.5471882], [1.5923304, 42.5485513], [1.5920233, 42.5500382], [1.5917396, 42.5515594], [1.5910302, 42.5528147], [1.590859, 42.5530873], [1.5907192, 42.5532996], [1.5911198, 42.55424], [1.5915521, 42.555738], [1.5916526, 42.5571956], [1.59293, 42.5579403], [1.5934932, 42.5591985], [1.5937105, 42.5606391], [1.5937299, 42.5607259], [1.5936042, 42.5621084], [1.5948211, 42.5631032], [1.596038, 42.564098], [1.595741, 42.5642455], [1.5942857, 42.5636857], [1.5933957, 42.5624124], [1.5943374, 42.5626397], [1.5956018, 42.5635733], [1.5968663, 42.5645069], [1.5983473, 42.5645782], [1.5993272, 42.5657821]], "mood_vectors": [[0.717, 0.0515, 0.0123, 0.0454, 0.0756, 0.0458, 0.0523], [0.6671, 0.0263, 0.0926, 0.0242, 0.0505, 0.0912, 0.0482], [0.7253, 0.0264, 0.0624, 0.0169, 0.0439, 0.0693, 0.0558], [0.7146, 0.0529, 0.0432, 0.0484, 0.041, 0.018, 0.0819], [0.7205, 0.0801, 0.0342, 0.0473, 0.0305, 0.0443, 0.0431], [0.7218, 0.0601, 0.0377, 0.0372, 0.0379, 0.0373, 0.0679], [0.6721, 0.0372, 0.0257, 0.062, 0.0683, 0.0662, 0.0686], [0.6687, 0.052, 0.0515, 0.0663, 0.0594, 0.0544, 0.0477], [0.7313, 0.0472, 0.0849, 0.0138, 0.0727, 0.0325, 0.0177], [0.7957, 0.0128, 0.0218, 0.0751, 0.0249, 0.0418, 0.0279], [0.607, 0.0578, 0.0472, 0.0723, 0.0774, 0.0767, 0.0617], [0.7865, 0.0585, 0.032, 0.0165, 0.0606, 0.0131, 0.0327], [0.7049, 0.0677, 0.0404, 0.0336, 0.0355, 0.0554, 0.0624], [0.7012, 0.0558, 0.0215, 0.0398, 0.0413, 0.07, 0.0704], [0.6955, 0.0391, 0.0264, 0.0899, 0.0464, 0.0845, 0.0183], [0.7653, 0.0358, 0.0146, 0.0495, 0.0749, 0.029, 0.0309], [0.6554, 0.0776, 0.0303, 0.0211, 0.0648, 0.0896, 0.0613], [0.7249, 0.0561, 0.0233, 0.0598, 0.0467, 0.065, 0.0242], [0.8096, 0.0448, 0.0261, 0.0171, 0.0204, 0.0622, 0.0199], [0.6264, 0.0745, 0.0627, 0.0161, 0.077, 0.0629, 0.0803], [0.6763, 0.0437, 0.0643, 0.0492, 0.0191, 0.0879, 0.0596], [0.8038, 0.0309, 0.0387, 0.0225, 0.0282, 0.0169, 0.0591], [0.6157, 0.0772, 0.0549, 0.0695, 0.0609, 0.0608, 0.061], [0.763, 0.0439, 0.0488, 0.0634, 0.0374, 0.0266, 0.0169], [0.7623, 0.06, 0.0184, 0.0444, 0.0289, 0.0603, 0.0257], [0.7471, 0.0215, 0.0722, 0.0285, 0.0728, 0.0221, 0.0358], [0.7603, 0.0332, 0.0607, 0.0273, 0.0551, 0.0383, 0.0252], [0.7594, 0.086, 0.0144, 0.0267, 0.0488, 0.0451, 0.0197], [0.7648, 0.0172, 0.0742, 0.0139, 0.0512, 0.013, 0.0656], [0.7307, 0.0351, 0.0563, 0.0419, 0.0466, 0.0604, 0.029], [0.7392, 0.051, 0.0202, 0.0757, 0.0358, 0.0169, 0.0612], [0.729, 0.0634, 0.0283, 0.0436, 0.0188, 0.0457, 0.0712], [0.613, 0.077, 0.0703, 0.0638, 0.0513, 0.0554, 0.0692], [0.6939, 0.0616, 0.0115, 0.0602, 0.0633, 0.0473, 0.0623], [0.7096, 0.0643, 0.0516, 0.064, 0.0701, 0.0227, 0.0177], [0.7296, 0.0213, 0.0329, 0.0262, 0.0756, 0.0405, 0.0738], [0.6444, 0.046, 0.0465, 0.0572, 0.0992, 0.0176, 0.0891], [0.7327, 0.0253, 0.0367, 0.0412, 0.1005, 0.0218, 0.0418], [0.7681, 0.0288, 0.0231, 0.0602, 0.0441, 0.0379, 0.0379], [0.7199, 0.0408, 0.0243, 0.0994, 0.0382, 0.0361, 0.0414], [0.7202, 0.0258, 0.0171, 0.0721, 0.0444, 0.0553, 0.0652], [0.6838, 0.0647, 0.0741, 0.0576, 0.0603, 0.0247, 0.0347], [0.7029, 0.0331, 0.0655, 0.0713, 0.0134, 0.0503, 0.0635], [0.7332, 0.0345, 0.0655, 0.0482, 0.0218, 0.0297, 0.0672], [0.6954, 0.0529, 0.0681, 0.0731, 0.0254, 0.0291, 0.056], [0.6827, 0.0291, 0.0871, 0.0322, 0.0664, 0.0447, 0.0578], [0.6969, 0.0496, 0.0725, 0.0511, 0.0212, 0.0824, 0.0263], [0.6949, 0.0632, 0.0287, 0.0547, 0.0297, 0.0856, 0.0432], [0.6772, 0.0722, 0.0152, 0.0459, 0.0681, 0.0686, 0.0529], [0.7192, 0.0273, 0.0746, 0.0449, 0.0163, 0.089, 0.0285], [0.7487, 0.0263, 0.0653, 0.0391, 0.0237, 0.0794, 0.0175], [0.6979, 0.0468, 0.0551, 0.0518, 0.0579, 0.0354, 0.0551], [0.6415, 0.0343, 0.0413, 0.0738, 0.0737, 0.0508, 0.0846], [0.7375, 0.0158, 0.0727, 0.0598, 0.0161, 0.0318, 0.0662], [0.6915, 0.0227, 0.0754, 0.0619, 0.0278, 0.0592, 0.0614], [0.7203, 0.0403, 0.0574, 0.0114, 0.0725, 0.029, 0.0691], [0.7391, 0.0211, 0.065, 0.0532, 0.0217, 0.0511, 0.049], [0.7134, 0.0747, 0.0128, 0.0434, 0.0649, 0.0695, 0.0213], [0.6774, 0.0704, 0.0825, 0.0617, 0.0544, 0.0199, 0.0337], [0.6568, 0.0474, 0.0444, 0.0602, 0.0438, 0.0812, 0.0662], [0.7058, 0.0635, 0.033, 0.0581, 0.075, 0.0297, 0.0349], [0.7116, 0.0699, 0.0499, 0.0754, 0.0165, 0.0348, 0.0419], [0.6826, 0.0133, 0.0331, 0.0774, 0.0403, 0.0785, 0.0748], [0.6186, 0.0429, 0.0834, 0.0744, 0.0716, 0.0359, 0.0732], [0.708, 0.0642, 0.0719, 0.0442, 0.0153, 0.0448, 0.0515], [0.6946, 0.0368, 0.0163, 0.044, 0.0697, 0.0682, 0.0704], [0.666, 0.0588, 0.0715, 0.0369, 0.0307, 0.0859, 0.0504], [0.6857, 0.0682, 0.0835, 0.0428, 0.0255, 0.0417, 0.0526], [0.8016, 0.028, 0.0215, 0.0539, 0.0303, 0.0443, 0.0205], [0.6481, 0.0652, 0.079, 0.0747, 0.0292, 0.076, 0.0277], [0.6927, 0.0485, 0.0587, 0.0762, 0.0332, 0.0304, 0.0603], [0.7344, 0.0377, 0.0487, 0.0661, 0.019, 0.0648, 0.0293], [0.6636, 0.0186, 0.0765, 0.0449, 0.0219, 0.0896, 0.0849], [0.7086, 0.0565, 0.072, 0.0381, 0.0166, 0.0425, 0.0657], [0.6686, 0.0588, 0.0517, 0.0806, 0.0127, 0.0427, 0.0849], [0.669, 0.0508, 0.0792, 0.0628, 0.0556, 0.0571, 0.0254], [0.7182, 0.0868, 0.0367, 0.0129, 0.0657, 0.0235, 0.0563], [0.7307, 0.0491, 0.0602, 0.031, 0.0216, 0.0701, 0.0373], [0.7246, 0.0771, 0.0581, 0.0469, 0.0399, 0.0275, 0.0259], [0.7369, 0.0659, 0.0414, 0.0568, 0.0446, 0.0237, 0.0307]], "emotions": ["red", "red", "red", "red", "red", "red", "red", "red", "red", "red", "red", "red", "red", "red", "red", "red", "red", "red", "red", "red", "red", "red", "red", "red", "red", "red", "red", "red", "red", "red", "red", "red", "red", "red", "red", "red", "red", "red", "red", "red", "red", "red", "red", "red", "red", "red", "red", "red", "red", "red", "red", "red", "red", "red", "red", "red", "red", "red", "red", "red", "red", "red", "red", "red", "red", "red", "red", "red", "red", "red", "red", "red", "red", "red", "red", "red", "red", "red", "red", "red"], "timestamps": [0, 40, 80, 120, 160, 200, 240, 280, 320, 360, 400, 440, 480, 520, 560, 600, 640, 680, 720, 760, 800, 840, 880, 920, 960, 1000, 1040, 1080, 1120, 1160, 1200, 1240, 1280, 1320, 1360, 1400, 1440, 1480, 1520, 1560, 1600, 1640, 1680, 1720, 1760, 1800, 1840, 1880, 1920, 1960, 2000, 2040, 2080, 2120, 2160, 2200, 2240, 2280, 2320, 2360, 2400, 2440, 2480, 2520, 2560, 2600, 2640, 2680, 2720, 2760, 2800, 2840, 2880, 2920, 2960, 3000, 3040, 3080, 3120, 3160]}], "conversation": [], "conversation_timestamps": []}