{"agent_id": "agent-purple-949", "type": "purple", "trips": [{"trip_id": 0, "transport_method": "car", "start_time": 0, "path": [[1.5210335, 42.5421956], [1.522789, 42.5417404], [1.523867, 42.5447968], [1.5265095, 42.5457558], [1.5294624, 42.5466806], [1.5329333, 42.5472108], [1.5309565, 42.5470501], [1.5344986, 42.5473467], [1.5377091, 42.5477033], [1.5406503, 42.5481082], [1.5437911, 42.5469441], [1.5470711, 42.5468584], [1.5503452, 42.5470957], [1.550972, 42.5500555], [1.5534628, 42.5521669], [1.5569631, 42.5523245], [1.5603628, 42.5521597], [1.5638645, 42.5521733], [1.5670821, 42.5536344], [1.5702296, 42.5551431], [1.5736216, 42.5550992], [1.5762749, 42.5562769], [1.5787354, 42.5548704], [1.5821871, 42.5551865], [1.5832766, 42.556415], [1.5850185, 42.5581197], [1.5864238, 42.5589334], [1.5886293, 42.5594437], [1.588017, 42.5593357], [1.5899324, 42.5603747], [1.5909515, 42.563708], [1.5939644, 42.5648621], [1.5971709, 42.56582], [1.6005279, 42.5669361], [1.6037596, 42.5683088], [1.6060559, 42.5706116], [1.6094715, 42.5715127], [1.6128929, 42.5720264], [1.6161734, 42.5728939], [1.6194195, 42.5741853], [1.6225387, 42.5756774], [1.6257179, 42.5770674], [1.6289373, 42.5778708], [1.6323296, 42.5782627], [1.6356273, 42.5778679], [1.6391524, 42.5781349], [1.6426793, 42.5779551], [1.6461663, 42.5773043], [1.6492804, 42.5760184], [1.6525244, 42.5747794], [1.6559453, 42.5752917], [1.6591216, 42.5763174], [1.6626501, 42.5762558], [1.6661776, 42.575862], [1.6689401, 42.5763401], [1.6722844, 42.5751462], [1.674975, 42.5730483], [1.6775078, 42.570598], [1.6785846, 42.5673504], [1.679997, 42.5641807], [1.6825608, 42.5617138], [1.6855216, 42.5597576], [1.6884434, 42.5577257], [1.6886968, 42.5574817], [1.691084, 42.5548407], [1.6938159, 42.5525819], [1.6962707, 42.5500265], [1.6985936, 42.5474071], [1.7013617, 42.5452262], [1.7048432, 42.5445426], [1.7083923, 42.5442656], [1.711946, 42.5440585], [1.715505, 42.5439757], [1.7190631, 42.5438567], [1.7226213, 42.5437537], [1.7261721, 42.5439529], [1.7295937, 42.5448952], [1.7327407, 42.5465497], [1.733895, 42.5466345], [1.7345073, 42.5459301]], "mood_vectors": [[0.0662, 0.0633, 0.0399, 0.0255, 0.0716, 0.6924, 0.0411], [0.051, 0.0518, 0.0278, 0.0159, 0.0173, 0.7534, 0.0828], [0.0535, 0.0239, 0.0657, 0.0683, 0.0661, 0.6735, 0.049], [0.0402, 0.0516, 0.0681, 0.0482, 0.0122, 0.7295, 0.0502], [0.062, 0.0883, 0.0261, 0.0794, 0.0333, 0.6982, 0.0127], [0.0306, 0.0603, 0.0314, 0.0416, 0.0701, 0.7063, 0.0597], [0.0499, 0.0549, 0.0144, 0.0432, 0.0407, 0.7339, 0.063], [0.045, 0.0635, 0.063, 0.0246, 0.0637, 0.714, 0.0263], [0.0346, 0.0483, 0.0424, 0.0679, 0.0791, 0.7122, 0.0155], [0.0377, 0.0446, 0.0405, 0.0133, 0.0495, 0.7804, 0.0341], [0.0312, 0.0295, 0.0236, 0.0786, 0.0963, 0.7158, 0.0249], [0.0889, 0.0421, 0.0316, 0.0808, 0.0291, 0.6487, 0.0788], [0.029, 0.0518, 0.0276, 0.0148, 0.0838, 0.7129, 0.0801], [0.0858, 0.0867, 0.0309, 0.0651, 0.038, 0.651, 0.0424], [0.0649, 0.0124, 0.0775, 0.0782, 0.0531, 0.6711, 0.0428], [0.07, 0.041, 0.0242, 0.0296, 0.0152, 0.7502, 0.0698], [0.0364, 0.0663, 0.077, 0.0263, 0.0443, 0.6929, 0.0568], [0.0294, 0.0576, 0.0713, 0.0721, 0.0668, 0.638, 0.0648], [0.0383, 0.016, 0.0381, 0.0732, 0.0399, 0.7305, 0.064], [0.0224, 0.0215, 0.0667, 0.0415, 0.0507, 0.7673, 0.0299], [0.0463, 0.0166, 0.0333, 0.0217, 0.0358, 0.7931, 0.0532], [0.0409, 0.0138, 0.0864, 0.0599, 0.0739, 0.6791, 0.046], [0.0734, 0.0581, 0.0275, 0.0268, 0.0531, 0.7114, 0.0497], [0.0268, 0.0358, 0.0275, 0.0378, 0.0635, 0.7389, 0.0698], [0.0857, 0.0498, 0.0156, 0.0479, 0.0804, 0.7033, 0.0173], [0.0793, 0.064, 0.0501, 0.0458, 0.0621, 0.6747, 0.0239], [0.0445, 0.0648, 0.0113, 0.0619, 0.0355, 0.7325, 0.0495], [0.0204, 0.0653, 0.0337, 0.0281, 0.0877, 0.7423, 0.0226], [0.0367, 0.0157, 0.0895, 0.0264, 0.046, 0.687, 0.0987], [0.039, 0.048, 0.0292, 0.0496, 0.0436, 0.7584, 0.0321], [0.015, 0.0209, 0.0978, 0.072, 0.0193, 0.6976, 0.0775], [0.0309, 0.0319, 0.0366, 0.0478, 0.0713, 0.6945, 0.0869], [0.0539, 0.0535, 0.0271, 0.075, 0.0676, 0.6894, 0.0334], [0.0443, 0.0273, 0.0185, 0.0835, 0.0663, 0.6924, 0.0677], [0.0364, 0.0469, 0.034, 0.055, 0.0432, 0.7468, 0.0377], [0.0453, 0.0447, 0.0752, 0.045, 0.0296, 0.684, 0.0761], [0.0994, 0.0784, 0.0615, 0.0293, 0.0537, 0.6526, 0.0251], [0.0565, 0.0474, 0.0271, 0.038, 0.0726, 0.6862, 0.0723], [0.0714, 0.0243, 0.0173, 0.065, 0.0504, 0.7551, 0.0163], [0.0206, 0.0834, 0.0609, 0.0536, 0.064, 0.693, 0.0246], [0.0438, 0.0393, 0.0657, 0.0602, 0.0472, 0.7264, 0.0173], [0.0353, 0.0474, 0.0321, 0.0691, 0.0316, 0.7652, 0.0193], [0.0782, 0.0796, 0.0288, 0.0494, 0.0471, 0.6855, 0.0313], [0.0196, 0.0437, 0.0322, 0.058, 0.0923, 0.661, 0.0931], [0.0238, 0.0823, 0.0633, 0.0188, 0.0776, 0.6528, 0.0813], [0.0407, 0.0445, 0.0758, 0.0557, 0.0483, 0.666, 0.0689], [0.0389, 0.0431, 0.0795, 0.0736, 0.0323, 0.7008, 0.0317], [0.0349, 0.0397, 0.0791, 0.0433, 0.023, 0.7356, 0.0444], [0.0371, 0.0525, 0.0113, 0.0438, 0.0596, 0.777, 0.0187], [0.0436, 0.0932, 0.0316, 0.0255, 0.0622, 0.7262, 0.0177], [0.0409, 0.0644, 0.0563, 0.063, 0.0431, 0.7213, 0.011], [0.0361, 0.0734, 0.0734, 0.07, 0.0253, 0.6982, 0.0236], [0.0667, 0.0472, 0.0199, 0.0162, 0.0479, 0.7498, 0.0523], [0.0493, 0.0163, 0.0768, 0.0644, 0.0483, 0.704, 0.0409], [0.0266, 0.0525, 0.0575, 0.0526, 0.0464, 0.7229, 0.0415], [0.0151, 0.0372, 0.0477, 0.0541, 0.0703, 0.7568, 0.0189], [0.0675, 0.0533, 0.0116, 0.0683, 0.0338, 0.7288, 0.0368], [0.0461, 0.0706, 0.0586, 0.0244, 0.0252, 0.734, 0.0412], [0.0648, 0.037, 0.057, 0.0338, 0.031, 0.7072, 0.0691], [0.0717, 0.055, 0.0428, 0.0593, 0.0314, 0.7258, 0.014], [0.0329, 0.0633, 0.0583, 0.0628, 0.0613, 0.656, 0.0655], [0.0631, 0.0426, 0.0675, 0.0356, 0.0811, 0.6298, 0.0804], [0.0472, 0.0307, 0.0664, 0.0317, 0.0757, 0.7357, 0.0126], [0.0697, 0.0575, 0.0397, 0.0189, 0.0467, 0.7512, 0.0164], [0.0642, 0.0665, 0.0255, 0.0258, 0.0544, 0.7149, 0.0487], [0.0884, 0.07, 0.0339, 0.0151, 0.0526, 0.6739, 0.066], [0.0569, 0.0483, 0.0182, 0.0151, 0.0711, 0.7251, 0.0654], [0.0373, 0.0701, 0.0488, 0.0532, 0.0607, 0.6806, 0.0493], [0.0802, 0.0319, 0.0262, 0.0792, 0.0161, 0.7237, 0.0427], [0.0373, 0.0508, 0.0699, 0.0695, 0.047, 0.6801, 0.0455], [0.0416, 0.0689, 0.0388, 0.056, 0.0394, 0.7311, 0.0242], [0.0557, 0.0265, 0.0881, 0.0936, 0.0301, 0.617, 0.0889], [0.0402, 0.0709, 0.0124, 0.0458, 0.0664, 0.6981, 0.0661], [0.0156, 0.0215, 0.0171, 0.0527, 0.0736, 0.7459, 0.0736], [0.0517, 0.0731, 0.0766, 0.0345, 0.0382, 0.71, 0.016], [0.0683, 0.0763, 0.0344, 0.0391, 0.0382, 0.6868, 0.057], [0.0587, 0.0492, 0.0576, 0.0832, 0.0775, 0.5906, 0.0832], [0.045, 0.071, 0.0635, 0.0146, 0.0717, 0.7196, 0.0145], [0.0311, 0.0163, 0.0686, 0.0412, 0.0656, 0.7494, 0.0278], [0.017, 0.0855, 0.063, 0.089, 0.0143, 0.7048, 0.0266]], "emotions": ["purple", "purple", "purple", "purple", "purple", "purple", "purple", "purple", "purple", "purple", "purple", "purple", "purple", "purple", "purple", "purple", "purple", "purple", "purple", "purple", "purple", "purple", "purple", "purple", "purple", "purple", "purple", "purple", "purple", "purple", "purple", "purple", "purple", "purple", "purple", "purple", "purple", "purple", "purple", "purple", "purple", "purple", "purple", "purple", "purple", "purple", "purple", "purple", "purple", "purple", "purple", "purple", "purple", "purple", "purple", "purple", "purple", "purple", "purple", "purple", "purple", "purple", "purple", "purple", "purple", "purple", "purple", "purple", "purple", "purple", "purple", "purple", "purple", "purple", "purple", "purple", "purple", "purple", "purple", "purple"], "timestamps": [0, 40, 80, 120, 160, 200, 240, 280, 320, 360, 400, 440, 480, 520, 560, 600, 640, 680, 720, 760, 800, 840, 880, 920, 960, 1000, 1040, 1080, 1120, 1160, 1200, 1240, 1280, 1320, 1360, 1400, 1440, 1480, 1520, 1560, 1600, 1640, 1680, 1720, 1760, 1800, 1840, 1880, 1920, 1960, 2000, 2040, 2080, 2120, 2160, 2200, 2240, 2280, 2320, 2360, 2400, 2440, 2480, 2520, 2560, 2600, 2640, 2680, 2720, 2760, 2800, 2840, 2880, 2920, 2960, 3000, 3040, 3080, 3120, 3160]}], "conversation": [], "conversation_timestamps": []}