{"agent_id": "agent-blue-305", "type": "blue", "trips": [{"trip_id": 0, "transport_method": "foot", "start_time": 0, "path": [[1.578812, 42.5356393], [1.5792108, 42.5348322], [1.5802906, 42.5340919], [1.5802772, 42.5337274], [1.5790613, 42.533219], [1.5777834, 42.5329348], [1.5764739, 42.5327296], [1.5772771, 42.5328314], [1.5772306, 42.5328253], [1.5759287, 42.5325769], [1.5746268, 42.5323285], [1.5757117, 42.5325823], [1.5752778, 42.5322149], [1.5740855, 42.5316361], [1.5729874, 42.53113], [1.5739295, 42.5320539], [1.5735614, 42.5316431], [1.5726244, 42.5307056], [1.5717906, 42.5296847], [1.5707142, 42.5289149], [1.5696542, 42.5281193], [1.570373, 42.5285743], [1.5713036, 42.5293608], [1.5702005, 42.5286261], [1.5690974, 42.5278913], [1.5679943, 42.5271565], [1.5681105, 42.5272024], [1.5689875, 42.527734], [1.5678869, 42.5269955], [1.5667863, 42.526257], [1.5656583, 42.525571], [1.5643988, 42.5252063], [1.5631886, 42.5247093], [1.5621526, 42.5239272], [1.5611845, 42.5230333], [1.5600526, 42.5223622], [1.5590252, 42.5215746], [1.558035, 42.5206943], [1.5571031, 42.5197521], [1.556722, 42.5192536], [1.5562884, 42.5187378], [1.5562339, 42.5189227], [1.5556281, 42.5181959], [1.5551163, 42.5180321], [1.554195, 42.5172263], [1.554074, 42.5173094], [1.554131, 42.5172009], [1.5534362, 42.5160999], [1.5527971, 42.5149556], [1.5526004, 42.513687], [1.5514811, 42.5130005], [1.5504592, 42.512184], [1.5492372, 42.5117016], [1.5479489, 42.5113906], [1.546685, 42.5110062], [1.5462485, 42.5098619], [1.5460123, 42.5096278], [1.5447421, 42.5093184], [1.5434681, 42.5090277], [1.5421596, 42.5088997], [1.5408549, 42.5086903], [1.5398465, 42.5083507], [1.538535, 42.508214], [1.5373421, 42.5079168], [1.5371212, 42.5079772], [1.5358185, 42.5077327], [1.5345915, 42.5072405], [1.5351711, 42.5075984], [1.5349218, 42.50738], [1.5336915, 42.5068933], [1.5324119, 42.5066356], [1.531212, 42.5063202], [1.5301289, 42.5055859], [1.5288235, 42.505357], [1.5275086, 42.505329], [1.5262286, 42.5050886], [1.5249306, 42.5048583], [1.5236224, 42.5046823], [1.5230058, 42.5045068], [1.5221458, 42.5035818]], "mood_vectors": [[0.0723, 0.0133, 0.0733, 0.6754, 0.0425, 0.0715, 0.0517], [0.0469, 0.0489, 0.0392, 0.6404, 0.0686, 0.0813, 0.0747], [0.0556, 0.0161, 0.0598, 0.8018, 0.0142, 0.0397, 0.0127], [0.0536, 0.0707, 0.0576, 0.719, 0.0129, 0.0648, 0.0213], [0.0437, 0.0411, 0.0444, 0.6827, 0.0852, 0.0839, 0.0191], [0.0236, 0.0453, 0.0739, 0.7449, 0.0423, 0.0286, 0.0414], [0.049, 0.0751, 0.0745, 0.671, 0.0393, 0.0739, 0.0173], [0.0624, 0.0147, 0.0283, 0.7649, 0.0455, 0.0317, 0.0526], [0.0345, 0.0229, 0.0675, 0.7165, 0.0623, 0.0342, 0.0621], [0.0628, 0.0513, 0.0644, 0.7256, 0.0408, 0.0198, 0.0354], [0.0399, 0.0617, 0.0291, 0.7258, 0.0568, 0.0304, 0.0562], [0.0678, 0.0887, 0.0538, 0.6828, 0.0274, 0.0328, 0.0467], [0.0694, 0.0776, 0.0834, 0.6181, 0.0297, 0.0345, 0.0873], [0.0651, 0.0293, 0.0534, 0.6995, 0.0702, 0.0697, 0.0129], [0.0194, 0.0616, 0.086, 0.69, 0.065, 0.0497, 0.0283], [0.0794, 0.0399, 0.0774, 0.6864, 0.03, 0.0227, 0.0643], [0.0603, 0.0203, 0.0185, 0.7438, 0.0757, 0.0464, 0.035], [0.0499, 0.0248, 0.0517, 0.7688, 0.0296, 0.023, 0.0521], [0.069, 0.0395, 0.0512, 0.6925, 0.0182, 0.0524, 0.0772], [0.0291, 0.0685, 0.0545, 0.7455, 0.0163, 0.0201, 0.0661], [0.0556, 0.017, 0.0282, 0.7163, 0.0389, 0.0732, 0.0709], [0.054, 0.0901, 0.0846, 0.6849, 0.0274, 0.0253, 0.0337], [0.0742, 0.0344, 0.039, 0.7354, 0.0459, 0.0196, 0.0516], [0.0419, 0.0444, 0.0497, 0.7275, 0.0582, 0.0275, 0.0509], [0.0455, 0.0801, 0.0517, 0.6738, 0.0606, 0.03, 0.0583], [0.0189, 0.0405, 0.0841, 0.7106, 0.0476, 0.0265, 0.0719], [0.0615, 0.0146, 0.0321, 0.7175, 0.0375, 0.0544, 0.0824], [0.0179, 0.0863, 0.0565, 0.6772, 0.0177, 0.0816, 0.0627], [0.0242, 0.0558, 0.0719, 0.7453, 0.0163, 0.0484, 0.0381], [0.0334, 0.0804, 0.0538, 0.7462, 0.0296, 0.0359, 0.0207], [0.0359, 0.045, 0.0486, 0.7403, 0.039, 0.0206, 0.0706], [0.022, 0.0772, 0.0882, 0.7125, 0.053, 0.0238, 0.0232], [0.0396, 0.039, 0.0248, 0.7215, 0.0658, 0.0427, 0.0666], [0.0923, 0.0572, 0.0469, 0.6543, 0.0171, 0.0469, 0.0852], [0.0582, 0.027, 0.0557, 0.7193, 0.0392, 0.0764, 0.0242], [0.0144, 0.0876, 0.0676, 0.75, 0.0363, 0.0263, 0.0178], [0.0424, 0.0646, 0.0567, 0.6992, 0.0672, 0.0198, 0.0501], [0.0627, 0.0218, 0.0781, 0.7045, 0.0301, 0.0287, 0.0742], [0.0195, 0.0178, 0.0653, 0.7407, 0.0584, 0.0771, 0.0212], [0.0437, 0.0539, 0.0654, 0.6244, 0.0695, 0.0814, 0.0617], [0.0374, 0.0401, 0.0265, 0.7348, 0.0707, 0.0627, 0.0278], [0.0627, 0.0495, 0.026, 0.7299, 0.0362, 0.0255, 0.0702], [0.0597, 0.0233, 0.0143, 0.7671, 0.0256, 0.0872, 0.0228], [0.0217, 0.0636, 0.0995, 0.6819, 0.0573, 0.0544, 0.0217], [0.0632, 0.0449, 0.0241, 0.7839, 0.0191, 0.0302, 0.0346], [0.0818, 0.0321, 0.0385, 0.7474, 0.0303, 0.0456, 0.0243], [0.0705, 0.0376, 0.0189, 0.7489, 0.0374, 0.0455, 0.0413], [0.0386, 0.0893, 0.0156, 0.7739, 0.0179, 0.0496, 0.0152], [0.0279, 0.0235, 0.0775, 0.7551, 0.0318, 0.0282, 0.0559], [0.0787, 0.0328, 0.0331, 0.7103, 0.0182, 0.055, 0.072], [0.0678, 0.0382, 0.0473, 0.7301, 0.0267, 0.026, 0.0639], [0.0325, 0.0127, 0.052, 0.7182, 0.0711, 0.0468, 0.0668], [0.0797, 0.0634, 0.0635, 0.6094, 0.0805, 0.0529, 0.0505], [0.0517, 0.0884, 0.0722, 0.5986, 0.0314, 0.0832, 0.0745], [0.0543, 0.0634, 0.0658, 0.7026, 0.0448, 0.0564, 0.0126], [0.0712, 0.0673, 0.0692, 0.6162, 0.06, 0.0709, 0.0452], [0.0292, 0.0729, 0.0638, 0.6415, 0.0744, 0.0764, 0.0417], [0.018, 0.0585, 0.0235, 0.71, 0.0836, 0.0621, 0.0443], [0.0665, 0.0467, 0.0331, 0.6802, 0.0686, 0.0552, 0.0498], [0.0718, 0.0696, 0.057, 0.663, 0.0208, 0.0523, 0.0655], [0.0239, 0.0939, 0.0384, 0.679, 0.0779, 0.0627, 0.0241], [0.0555, 0.0709, 0.0624, 0.6958, 0.0138, 0.0651, 0.0365], [0.0573, 0.0308, 0.0727, 0.6543, 0.0219, 0.102, 0.061], [0.0706, 0.0326, 0.0802, 0.6182, 0.0856, 0.0238, 0.0889], [0.065, 0.0651, 0.0578, 0.7025, 0.0357, 0.0596, 0.0144], [0.0847, 0.0346, 0.0346, 0.7313, 0.027, 0.028, 0.0597], [0.0277, 0.0142, 0.0226, 0.8184, 0.0356, 0.0254, 0.0562], [0.0359, 0.0182, 0.0507, 0.6781, 0.0633, 0.0658, 0.0879], [0.0445, 0.0716, 0.0651, 0.6893, 0.0666, 0.0187, 0.0441], [0.0524, 0.0726, 0.0445, 0.6296, 0.0715, 0.0552, 0.0743], [0.0778, 0.0653, 0.0611, 0.5954, 0.0527, 0.0648, 0.0829], [0.0315, 0.0634, 0.0594, 0.6773, 0.0245, 0.0554, 0.0887], [0.0416, 0.0454, 0.0439, 0.729, 0.0422, 0.0745, 0.0234], [0.0541, 0.0643, 0.0288, 0.6967, 0.0494, 0.0467, 0.06], [0.0205, 0.0585, 0.0566, 0.7076, 0.0222, 0.0765, 0.0581], [0.08, 0.0434, 0.0215, 0.6789, 0.0592, 0.0523, 0.0646], [0.0209, 0.0634, 0.0542, 0.7233, 0.0499, 0.018, 0.0703], [0.0527, 0.0781, 0.0136, 0.6957, 0.0358, 0.0575, 0.0666], [0.0843, 0.0825, 0.0542, 0.6757, 0.0472, 0.0208, 0.0353], [0.0216, 0.0809, 0.065, 0.6937, 0.0348, 0.0309, 0.0731]], "emotions": ["green", "green", "green", "green", "green", "green", "green", "green", "green", "green", "green", "green", "green", "green", "green", "green", "green", "green", "green", "green", "green", "green", "green", "green", "green", "green", "green", "green", "green", "green", "green", "green", "green", "green", "green", "green", "green", "green", "green", "green", "green", "green", "green", "green", "green", "green", "green", "green", "green", "green", "green", "green", "green", "green", "green", "green", "green", "green", "green", "green", "green", "green", "green", "green", "green", "green", "green", "green", "green", "green", "green", "green", "green", "green", "green", "green", "green", "green", "green", "green"], "timestamps": [0, 40, 80, 120, 160, 200, 240, 280, 320, 360, 400, 440, 480, 520, 560, 600, 640, 680, 720, 760, 800, 840, 880, 920, 960, 1000, 1040, 1080, 1120, 1160, 1200, 1240, 1280, 1320, 1360, 1400, 1440, 1480, 1520, 1560, 1600, 1640, 1680, 1720, 1760, 1800, 1840, 1880, 1920, 1960, 2000, 2040, 2080, 2120, 2160, 2200, 2240, 2280, 2320, 2360, 2400, 2440, 2480, 2520, 2560, 2600, 2640, 2680, 2720, 2760, 2800, 2840, 2880, 2920, 2960, 3000, 3040, 3080, 3120, 3160]}], "conversation": [], "conversation_timestamps": []}