{"agent_id": "agent-orange-903", "type": "orange", "trips": [{"trip_id": 0, "transport_method": "bicycle", "start_time": 0, "path": [[1.4811976, 42.5758241], [1.4814614, 42.5751361], [1.4820047, 42.5745307], [1.4824565, 42.5739844], [1.4831471, 42.5735046], [1.4837746, 42.5729627], [1.4838914, 42.5721148], [1.4846445, 42.5717946], [1.4853898, 42.5714383], [1.4861372, 42.5710795], [1.486799, 42.570565], [1.4874613, 42.5700265], [1.488035, 42.5693871], [1.4885945, 42.5687358], [1.488924, 42.5679477], [1.4895301, 42.567342], [1.4901003, 42.5667033], [1.4906529, 42.5660486], [1.4909635, 42.56574], [1.4915708, 42.5651322], [1.4922634, 42.5646249], [1.4929636, 42.5641268], [1.4936637, 42.5636287], [1.4943638, 42.5631307], [1.4950639, 42.5626326], [1.4953351, 42.5625549], [1.4947479, 42.5631756], [1.4939862, 42.5635474], [1.4931593, 42.5637778], [1.4924228, 42.5642057], [1.4918599, 42.5648536], [1.492096, 42.5647382], [1.4927919, 42.5642343], [1.4934878, 42.5637303], [1.4941837, 42.5632264], [1.4948796, 42.5627224], [1.4955755, 42.5622185], [1.4962911, 42.5617437], [1.4970335, 42.5615104], [1.4978893, 42.5615046], [1.4981047, 42.5615037], [1.4977915, 42.561504], [1.4986459, 42.5615945], [1.499497, 42.5617105], [1.5000033, 42.5613185], [1.5007441, 42.5608832], [1.5014849, 42.560448], [1.5022257, 42.5600127], [1.5028935, 42.5596322], [1.502251, 42.5602014], [1.5015636, 42.560716], [1.5008268, 42.5611542], [1.4999957, 42.5613272], [1.5006916, 42.5609782], [1.5014601, 42.560594], [1.5022286, 42.5602098], [1.5029971, 42.5598256], [1.5037657, 42.5594414], [1.5044544, 42.55893], [1.5048025, 42.558214], [1.5048672, 42.5573663], [1.5053756, 42.5566817], [1.5059395, 42.5560408], [1.5064381, 42.5553414], [1.5066515, 42.5545252], [1.5069558, 42.5537871], [1.5075751, 42.5531917], [1.508205, 42.5526074], [1.5088615, 42.5520535], [1.509564, 42.551562], [1.5101862, 42.5509768], [1.5103163, 42.5502016], [1.5104804, 42.5494021], [1.5096951, 42.5490796], [1.5098734, 42.5484555], [1.5098127, 42.5477155], [1.5097367, 42.5473705], [1.5097508, 42.5478661], [1.5096769, 42.5470598], [1.5090433, 42.5465959]], "mood_vectors": [[0.0355, 0.0509, 0.0361, 0.0526, 0.6904, 0.0694, 0.065], [0.0587, 0.0597, 0.017, 0.0734, 0.7195, 0.0579, 0.0139], [0.0578, 0.0643, 0.0337, 0.0236, 0.6766, 0.0757, 0.0682], [0.051, 0.0873, 0.0615, 0.0756, 0.6366, 0.0731, 0.0149], [0.0578, 0.0217, 0.0629, 0.0663, 0.6831, 0.0229, 0.0853], [0.064, 0.0208, 0.0311, 0.0286, 0.7452, 0.0799, 0.0304], [0.0323, 0.0376, 0.0847, 0.0339, 0.7205, 0.0414, 0.0496], [0.0606, 0.0442, 0.035, 0.082, 0.6436, 0.0858, 0.0489], [0.0727, 0.0256, 0.0525, 0.0411, 0.7195, 0.0319, 0.0566], [0.0774, 0.0355, 0.0877, 0.0287, 0.6996, 0.0179, 0.0532], [0.028, 0.0178, 0.0157, 0.0601, 0.7317, 0.0789, 0.068], [0.0699, 0.0155, 0.0459, 0.0611, 0.7341, 0.0297, 0.0438], [0.022, 0.0372, 0.0177, 0.0378, 0.7931, 0.0242, 0.068], [0.0632, 0.0387, 0.0227, 0.0452, 0.6946, 0.0614, 0.0741], [0.0693, 0.0805, 0.075, 0.018, 0.6503, 0.0791, 0.0278], [0.0694, 0.0199, 0.0613, 0.0373, 0.7322, 0.0347, 0.0452], [0.0535, 0.0409, 0.0186, 0.0677, 0.7654, 0.0144, 0.0396], [0.0853, 0.0821, 0.0912, 0.0136, 0.659, 0.0196, 0.0492], [0.04, 0.0308, 0.0454, 0.0241, 0.7199, 0.0562, 0.0836], [0.0837, 0.0369, 0.031, 0.0623, 0.7019, 0.041, 0.0433], [0.0154, 0.0793, 0.0672, 0.0533, 0.6845, 0.0505, 0.0498], [0.0276, 0.0334, 0.0606, 0.1, 0.6915, 0.0194, 0.0675], [0.0325, 0.0495, 0.058, 0.0542, 0.6981, 0.0603, 0.0475], [0.0355, 0.0463, 0.0671, 0.0421, 0.6792, 0.0762, 0.0536], [0.0535, 0.032, 0.0711, 0.0601, 0.6882, 0.0405, 0.0546], [0.043, 0.0733, 0.0767, 0.033, 0.7427, 0.013, 0.0182], [0.0152, 0.0188, 0.0603, 0.0479, 0.76, 0.0784, 0.0193], [0.0483, 0.0223, 0.0352, 0.0266, 0.7605, 0.0714, 0.0357], [0.0233, 0.0185, 0.0162, 0.06, 0.8142, 0.0256, 0.0422], [0.021, 0.0708, 0.0215, 0.0339, 0.776, 0.0555, 0.0213], [0.052, 0.0806, 0.0304, 0.0307, 0.7215, 0.0215, 0.0632], [0.0754, 0.0327, 0.0485, 0.0917, 0.6683, 0.0429, 0.0405], [0.0432, 0.0661, 0.0669, 0.0195, 0.7047, 0.0434, 0.0562], [0.0923, 0.0199, 0.0205, 0.0725, 0.6776, 0.0295, 0.0877], [0.029, 0.0537, 0.0645, 0.0513, 0.7518, 0.0138, 0.0358], [0.0156, 0.0888, 0.0375, 0.0575, 0.7187, 0.0518, 0.0301], [0.0283, 0.0284, 0.0351, 0.0148, 0.756, 0.0614, 0.0761], [0.0644, 0.0496, 0.0761, 0.0169, 0.6558, 0.041, 0.0962], [0.0437, 0.0639, 0.0337, 0.0665, 0.6913, 0.0855, 0.0155], [0.0419, 0.0334, 0.0874, 0.0562, 0.7158, 0.0229, 0.0423], [0.0323, 0.0883, 0.0165, 0.024, 0.7798, 0.0239, 0.0353], [0.0679, 0.0754, 0.0228, 0.0385, 0.6904, 0.0599, 0.045], [0.0676, 0.0456, 0.0344, 0.0432, 0.733, 0.0543, 0.0219], [0.0689, 0.0681, 0.06, 0.0227, 0.6937, 0.0636, 0.023], [0.0389, 0.0219, 0.0423, 0.0577, 0.7486, 0.0304, 0.0603], [0.035, 0.0739, 0.079, 0.0352, 0.6168, 0.0714, 0.0887], [0.085, 0.0178, 0.0436, 0.019, 0.7401, 0.0532, 0.0412], [0.0401, 0.0484, 0.0236, 0.0296, 0.7459, 0.0772, 0.0352], [0.0235, 0.0613, 0.019, 0.0688, 0.7608, 0.0482, 0.0184], [0.0427, 0.0467, 0.0766, 0.0164, 0.7693, 0.02, 0.0283], [0.0339, 0.0409, 0.0438, 0.055, 0.704, 0.0584, 0.064], [0.0357, 0.0406, 0.0707, 0.0258, 0.7386, 0.0189, 0.0696], [0.0815, 0.0449, 0.0925, 0.0517, 0.6156, 0.0503, 0.0636], [0.0492, 0.0607, 0.0293, 0.0647, 0.6857, 0.0433, 0.067], [0.016, 0.0169, 0.0531, 0.0643, 0.7744, 0.0278, 0.0475], [0.0889, 0.0491, 0.0302, 0.0882, 0.656, 0.0277, 0.0599], [0.0776, 0.0702, 0.0499, 0.0427, 0.6462, 0.0545, 0.0589], [0.0626, 0.0581, 0.0721, 0.0566, 0.6963, 0.0222, 0.032], [0.0383, 0.0609, 0.0289, 0.0532, 0.7147, 0.0219, 0.0821], [0.0811, 0.0315, 0.026, 0.0285, 0.7286, 0.0324, 0.0719], [0.0826, 0.0566, 0.0591, 0.0878, 0.5773, 0.0542, 0.0823], [0.0528, 0.0558, 0.0396, 0.0296, 0.7006, 0.0384, 0.0832], [0.0563, 0.0448, 0.0242, 0.029, 0.7602, 0.0539, 0.0316], [0.0688, 0.0329, 0.065, 0.05, 0.7015, 0.0664, 0.0153], [0.0912, 0.0318, 0.0262, 0.0267, 0.7195, 0.036, 0.0686], [0.0827, 0.0846, 0.0557, 0.0596, 0.6126, 0.073, 0.0318], [0.0652, 0.0283, 0.0211, 0.0652, 0.7086, 0.0565, 0.0552], [0.0593, 0.0749, 0.055, 0.0261, 0.7106, 0.0194, 0.0547], [0.0217, 0.0755, 0.1068, 0.0378, 0.6948, 0.039, 0.0243], [0.0124, 0.0619, 0.056, 0.0522, 0.7224, 0.0534, 0.0416], [0.0659, 0.0263, 0.0148, 0.0506, 0.7271, 0.0525, 0.0629], [0.055, 0.0272, 0.038, 0.0649, 0.7181, 0.0545, 0.0423], [0.0508, 0.0703, 0.058, 0.0332, 0.7114, 0.0307, 0.0457], [0.0813, 0.0222, 0.0462, 0.0468, 0.7115, 0.0343, 0.0577], [0.0555, 0.0544, 0.0542, 0.031, 0.7013, 0.0875, 0.0162], [0.0574, 0.075, 0.0306, 0.0417, 0.7092, 0.058, 0.0281], [0.0543, 0.0371, 0.0184, 0.0674, 0.7384, 0.0484, 0.0361], [0.0912, 0.0182, 0.0764, 0.0575, 0.6708, 0.0721, 0.0137], [0.0308, 0.0371, 0.0502, 0.0644, 0.7247, 0.0143, 0.0785], [0.0186, 0.024, 0.0276, 0.0899, 0.7076, 0.0908, 0.0414]], "emotions": ["red", "red", "red", "red", "red", "red", "red", "red", "red", "red", "red", "red", "red", "red", "red", "red", "red", "red", "red", "red", "red", "red", "red", "red", "red", "red", "red", "red", "red", "red", "red", "red", "red", "red", "red", "red", "red", "red", "red", "red", "red", "red", "red", "red", "red", "red", "red", "red", "red", "red", "red", "red", "red", "red", "red", "red", "red", "red", "red", "red", "red", "red", "red", "red", "red", "red", "red", "red", "red", "red", "red", "red", "red", "red", "red", "red", "red", "red", "red", "red"], "timestamps": [0, 40, 80, 120, 160, 200, 240, 280, 320, 360, 400, 440, 480, 520, 560, 600, 640, 680, 720, 760, 800, 840, 880, 920, 960, 1000, 1040, 1080, 1120, 1160, 1200, 1240, 1280, 1320, 1360, 1400, 1440, 1480, 1520, 1560, 1600, 1640, 1680, 1720, 1760, 1800, 1840, 1880, 1920, 1960, 2000, 2040, 2080, 2120, 2160, 2200, 2240, 2280, 2320, 2360, 2400, 2440, 2480, 2520, 2560, 2600, 2640, 2680, 2720, 2760, 2800, 2840, 2880, 2920, 2960, 3000, 3040, 3080, 3120, 3160]}], "conversation": [], "conversation_timestamps": []}