{
  "agent_id": "agent-type-red-42",
  "type": "red",
  "trips": [
    {
      "trip_id": 0,
      "transport_method": "car",
      "start_time": 0,
      "path": [
        [
          1.5241413000000006,
          42.5072446
        ],
        [
          1.5236306066172725,
          42.50775478081949
        ],
        [
          1.5228193056292945,
          42.50766953893245
        ],
        [
          1.5223013271021952,
          42.50710030180231
        ],
        [
          1.5217091515523566,
          42.50648303887279
        ],
        [
          1.5223758493819362,
          42.50640622240528
        ],
        [
          1.5232079270268872,
          42.50660454587531
        ],
        [
          1.5240404272248722,
          42.5068010846528
        ],
        [
          1.5237921696241532,
          42.506742798085675
        ],
        [
          1.5245316697402773,
          42.50662273765348
        ],
        [
          1.525033142655767,
          42.50696369193624
        ],
        [
          1.5251838243965794,
          42.506736131640075
        ],
        [
          1.5256981146727,
          42.50704215073531
        ],
        [
          1.5262016619758185,
          42.50682244199966
        ],
        [
          1.5267507068898623,
          42.5071330935479
        ],
        [
          1.5276033223750332,
          42.507201884829605
        ],
        [
          1.5276043472294447,
          42.50680700937155
        ],
        [
          1.5271862707256003,
          42.50607834328608
        ],
        [
          1.5267969648790265,
          42.50606644884565
        ],
        [
          1.5270013027356921,
          42.50654733389597
        ],
        [
          1.526787726196041,
          42.505865240453886
        ],
        [
          1.5273415760425055,
          42.50626412974965
        ],
        [
          1.5273261397812943,
          42.50624318532148
        ],
        [
          1.5272022532408287,
          42.5059178442138
        ],
        [
          1.5264112039986668,
          42.505629028177474
        ],
        [
          1.5263738577097372,
          42.50525482026034
        ],
        [
          1.5272190200807272,
          42.505386676138684
        ],
        [
          1.5278940000000005,
          42.505777300000005
        ]
      ],
      "emotions": [
        "purple",
        "purple",
        "purple",
        "purple",
        "purple",
        "red",
        "red",
        "red",
        "red",
        "red",
        "red",
        "red",
        "red",
        "red",
        "red",
        "red",
        "red",
        "red",
        "red",
        "red",
        "green",
        "green",
        "green",
        "green",
        "green",
        "green",
        "green",
        "green"
      ],
      "mood_vectors": [
        [
          0.05274890300829523,
          0.13173710514407955,
          0.18571179957055228,
          0.16102379862540628,
          0.16093573485408177,
          0.139702876228048,
          0.16813978256953682
        ],
        [
          0.016562978433684917,
          0.21945345538482375,
          0.18966656017926944,
          0.0809041698533186,
          0.24814457592157269,
          0.21811703663173018,
          0.027151223595600474
        ],
        [
          0.1804728026314986,
          0.07897497494100084,
          0.20550301416414316,
          0.19974775043491716,
          0.11591461963630947,
          0.13376718739611873,
          0.08561965079601201
        ],
        [
          0.2294105629898509,
          0.1616067335227747,
          0.2235420192540889,
          0.23368385654329066,
          0.03328588360535205,
          0.03377963774533928,
          0.08469130633930354
        ],
        [
          0.029902194157916447,
          0.12307206874347831,
          0.22933172853893927,
          0.09036354991721261,
          0.16798835103400891,
          0.11709101469310404,
          0.24225109291534036
        ],
        [
          0.16217790788148082,
          0.08331455641508938,
          0.053935617669839266,
          0.267434929296958,
          0.1253780907461186,
          0.014848430376860322,
          0.2929104676136536
        ],
        [
          0.16374748782455228,
          0.11388456807424088,
          0.12369580594720234,
          0.23243037694145613,
          0.15656889673312135,
          0.19683039309730077,
          0.012842471382126196
        ],
        [
          0.0505965811317306,
          0.16885864623760113,
          0.02625598853635924,
          0.22979186206358346,
          0.31584842872852786,
          0.07121308323652756,
          0.13743541006567014
        ],
        [
          0.18974153076518888,
          0.14284634084851977,
          0.29686786660777836,
          0.17506770547852085,
          0.08546618259860587,
          0.004445291931940285,
          0.10556508176944598
        ],
        [
          0.09670945590540365,
          0.24199015230273319,
          0.17021446305797838,
          0.005242934379787318,
          0.21970044210156545,
          0.24665673640773292,
          0.019485815844799158
        ],
        [
          0.1990646213270401,
          0.09019680229964079,
          0.12646233774610163,
          0.08913196025917881,
          0.3208361773543233,
          0.008020582965695482,
          0.16628751804801983
        ],
        [
          0.05326855325303099,
          0.12399568238051004,
          0.2540539705601409,
          0.25466667864965514,
          0.0579019514775225,
          0.014998071901709396,
          0.24111509177743107
        ],
        [
          0.2736748581140926,
          0.193652925863384,
          0.1116818845910736,
          0.0889651770016569,
          0.0751798651695238,
          0.20588880890375413,
          0.05095648035651502
        ],
        [
          0.1968711050176166,
          0.04746229745132489,
          0.18648503113475606,
          0.08675675094009022,
          0.15909368031961915,
          0.2159697079211827,
          0.10736142721541035
        ],
        [
          0.19018467635339087,
          0.22550916854742856,
          0.024339475853417985,
          0.2826639212606963,
          0.2232354807793825,
          0.0023131310515779853,
          0.05175414615410589
        ],
        [
          0.30714216022071283,
          0.008075569433135376,
          0.27162800118914954,
          0.033130706660086814,
          0.31626180241781277,
          0.030315715844298208,
          0.033446044234804476
        ],
        [
          0.2218128545809308,
          0.1383384585576991,
          0.24208345994609756,
          0.19506582901318234,
          0.027266157372546108,
          0.10195795428123432,
          0.07347528624830973
        ],
        [
          0.10458338771310435,
          0.2240729360891423,
          0.15361990630459238,
          0.09298184827354031,
          0.1595922454558282,
          0.07524952221026732,
          0.18990015395352505
        ],
        [
          0.11635374503212599,
          0.02814254476736282,
          0.22481127122670605,
          0.1447481742522614,
          0.059860786083389086,
          0.2007126310800624,
          0.2253708475580923
        ],
        [
          0.1494143519328048,
          0.2724421064612734,
          0.18498682238467362,
          0.07799300815953077,
          0.04820011206886079,
          0.15463376890378475,
          0.11232983008907192
        ],
        [
          0.20422192703474176,
          0.012414630111129093,
          0.25118249841933854,
          0.17797646001965348,
          0.08249636955645721,
          0.21578090049112045,
          0.05592721436755955
        ],
        [
          0.04778531600830525,
          0.16637960071036406,
          0.06313900111566104,
          0.21711194168629858,
          0.22026412020865146,
          0.20447713496367353,
          0.08084288530704606
        ],
        [
          0.18518636441980035,
          0.005422038437632226,
          0.055521883028184935,
          0.14548405962371386,
          0.14729700250924246,
          0.2782262009116716,
          0.18286245106975454
        ],
        [
          0.16620002838009115,
          0.035078169003695626,
          0.23538049377141307,
          0.18362620710027783,
          0.3628110403338023,
          0.006994534698135087,
          0.009909526712584988
        ],
        [
          0.17135943921707603,
          0.07261929078505125,
          0.10667314246758083,
          0.14745888179174454,
          0.13875878577052486,
          0.2032887567726161,
          0.15984170319540641
        ],
        [
          0.08816764151108282,
          0.22388650419712075,
          0.08362737817657662,
          0.18873801392338554,
          0.2504112287902547,
          0.0635706399799418,
          0.10159859342163777
        ],
        [
          0.07667759469131401,
          0.17354626971581297,
          0.024029048300002125,
          0.27910163409387445,
          0.13606118155264932,
          0.08214016715203183,
          0.2284441044943153
        ],
        [
          0.2093558262922754,
          0.10814196186919443,
          0.11738131499185184,
          0.1996799263612342,
          0.18467024535581286,
          0.15495431295939638,
          0.02581641217023487
        ]
      ],
      "timestamps": [
        0,
        1,
        2,
        3,
        4,
        5,
        6,
        7,
        8,
        9,
        10,
        11,
        12,
        13,
        14,
        15,
        16,
        17,
        18,
        19,
        20,
        21,
        22,
        23,
        24,
        25,
        26,
        27
      ],
      "distance": 519.9
    },
    {
      "trip_id": 1,
      "transport_method": "bicycle",
      "start_time": 28,
      "path": [
        [
          1.5276381000000006,
          42.5060341
        ],
        [
          1.5277434446517333,
          42.50605560703665
        ],
        [
          1.527848789303466,
          42.5060771140733
        ],
        [
          1.5277586886596737,
          42.50613277951568
        ],
        [
          1.5276668865288356,
          42.506188747512915
        ],
        [
          1.5275751159745767,
          42.50624476727412
        ],
        [
          1.5274833454203178,
          42.50630078703532
        ],
        [
          1.5274107420674348,
          42.50636236612503
        ],
        [
          1.5274582955553662,
          42.50645879596512
        ],
        [
          1.5274842948729457,
          42.506562073412645
        ],
        [
          1.527520531511606,
          42.506625295860374
        ],
        [
          1.5276113457936744,
          42.50656773880654
        ],
        [
          1.5277021600757428,
          42.506510181752695
        ],
        [
          1.527792974357811,
          42.50645262469886
        ],
        [
          1.5278837886398793,
          42.50639506764502
        ],
        [
          1.527964532966507,
          42.50645533151734
        ],
        [
          1.5280455319647732,
          42.506526010256074
        ],
        [
          1.5281278002172978,
          42.506595234405765
        ],
        [
          1.528212532057814,
          42.50666141430997
        ],
        [
          1.5282991267798471,
          42.50672508971586
        ],
        [
          1.5283774658587421,
          42.50678685323699
        ],
        [
          1.528327278492665,
          42.50682166606582
        ],
        [
          1.5283489771559284,
          42.50680661463139
        ],
        [
          1.5283556982112296,
          42.50686799455731
        ],
        [
          1.5284250855586163,
          42.506916340452555
        ],
        [
          1.5283368693284627,
          42.50685487546243
        ],
        [
          1.5283678333849111,
          42.50679353487201
        ],
        [
          1.5284577797831784,
          42.50683235546904
        ],
        [
          1.5285480398915894,
          42.50689077773451
        ],
        [
          1.5286383000000003,
          42.506949199999994
        ]
      ],
      "emotions": [
        "green",
        "green",
        "green",
        "green",
        "green",
        "green",
        "green",
        "red",
        "red",
        "red",
        "red",
        "red",
        "purple",
        "purple",
        "purple",
        "purple",
        "purple",
        "purple",
        "purple",
        "purple",
        "purple",
        "purple",
        "purple",
        "purple",
        "purple",
        "purple",
        "purple",
        "red",
        "red",
        "red"
      ],
      "mood_vectors": [
        [
          0.24474125322260498,
          0.1923229011378148,
          0.008854202936067356,
          0.09892685371804781,
          0.011579407465032015,
          0.23665912266229464,
          0.20691625885813844
        ],
        [
          0.0060583946533049405,
          0.24794218954477928,
          0.14355991296433118,
          0.004171654004126764,
          0.06647287696625385,
          0.04083317139449543,
          0.4909618004727086
        ],
        [
          0.14112931937203052,
          0.24165196142239762,
          0.1376471347162922,
          0.1235535082295833,
          0.08169740921980893,
          0.26000741298790253,
          0.014313254051984855
        ],
        [
          0.14190396804715444,
          0.09039784724767677,
          0.2437519209729939,
          0.12105683618641308,
          0.15144017724078218,
          0.16978832584227244,
          0.08166092446270722
        ],
        [
          0.10543206194189118,
          0.20162059298755544,
          0.04509211599393212,
          0.20768926906624627,
          0.1593110506105022,
          0.07114172270889456,
          0.20971318669097813
        ],
        [
          0.16209926258267562,
          0.1543570455533222,
          0.18328541812264482,
          0.09836527178391632,
          0.12496089402292436,
          0.0321707772818734,
          0.2447613306526433
        ],
        [
          0.09031162591360238,
          0.3375963708264254,
          0.0554241625270075,
          0.2596688141710859,
          0.15301999819837156,
          0.0705189082275771,
          0.033460120135930214
        ],
        [
          0.17768551850388817,
          0.02730825754469382,
          0.030560768238775127,
          0.21930463262099903,
          0.20760574011642294,
          0.1770451047415086,
          0.16048997823371222
        ],
        [
          0.19232814401543497,
          0.20023367821197408,
          0.09061807689010166,
          0.2039233324764768,
          0.08908380572511826,
          0.16458541946042682,
          0.059227543220467346
        ],
        [
          0.2043237120868197,
          0.23093968949785126,
          0.006561646803384467,
          0.00913686312323224,
          0.18686570572468178,
          0.24825821229382733,
          0.11391417047020327
        ],
        [
          0.16542286980573345,
          0.11368879614722442,
          0.15961815862980738,
          0.1788366976257247,
          0.1294244375256902,
          0.1536996553389478,
          0.0993093849268721
        ],
        [
          0.03469782113510287,
          0.12391774558877854,
          0.22842410237625596,
          0.09928789451167949,
          0.2065481492538602,
          0.14798541934305048,
          0.15913886779127243
        ],
        [
          0.19352157614858284,
          0.15479316471199933,
          0.016446033053843765,
          0.11991877673848467,
          0.1981445573010199,
          0.2341774645270613,
          0.08299842751900817
        ],
        [
          0.05645789520874317,
          0.14310641367479207,
          0.0719471487367404,
          0.22767361221147578,
          0.18307499041160522,
          0.20482673200186352,
          0.1129132077547798
        ],
        [
          0.2000276563344625,
          0.07811395611770058,
          0.09980559007399922,
          0.26192521433966903,
          0.06486684018661143,
          0.014283659492368934,
          0.28097708345518824
        ],
        [
          0.23472513031298894,
          0.17084928743076067,
          0.10328801555746561,
          0.15751769317847006,
          0.1466618314105156,
          0.09044591980843368,
          0.09651212230136547
        ],
        [
          0.16307040185293756,
          0.08227817354530233,
          0.06238150696301154,
          0.10727066085827275,
          0.21062558256629044,
          0.20572169207727123,
          0.1686519821369142
        ],
        [
          0.2065229023285319,
          0.08512540722677711,
          0.17848670769351493,
          0.19083393630906587,
          0.0786743056962273,
          0.19044706864935096,
          0.06990967209653189
        ],
        [
          0.093911087018879,
          0.09426091681941995,
          0.24007217479741363,
          0.15666831110858898,
          0.08755011268858479,
          0.1858565226304777,
          0.14168087493663592
        ],
        [
          0.11301598573326363,
          0.1693115644761012,
          0.18818999863034838,
          0.11682962031747554,
          0.1581997484933241,
          0.1076374102526361,
          0.14681567209685104
        ],
        [
          0.0015998102310176403,
          0.0728645074049881,
          0.045717354572371936,
          0.2171104005178535,
          0.31043854358087886,
          0.16118405995614843,
          0.19108532373674156
        ],
        [
          0.1335669049614213,
          0.131682411102235,
          0.3257676877398337,
          0.07379269046868402,
          0.006144208014383212,
          0.22413114146191881,
          0.10491495625152394
        ],
        [
          0.08159332455106642,
          0.16716591128517333,
          0.11122795816288612,
          0.31396640426241934,
          0.1066022218287621,
          0.0697641084778563,
          0.14968007143183637
        ],
        [
          0.03059584331304289,
          0.2490832131177801,
          0.022137830475416363,
          0.03161087631451311,
          0.28941523762425203,
          0.14207931536712165,
          0.23507768378787386
        ],
        [
          0.017829372491142838,
          0.24951603188656638,
          0.23794677147286705,
          0.005982388817826778,
          0.26869695669292787,
          0.07230766140692324,
          0.14772081723174577
        ],
        [
          0.1715487940886243,
          0.004964752307249909,
          0.26836137159829443,
          0.028091154249575992,
          0.23588658390982392,
          0.13894556755406454,
          0.1522017762923669
        ],
        [
          0.14691216801378465,
          0.21628714778877955,
          0.2150017609228749,
          0.030819618298564562,
          0.21910332032677923,
          0.14896413510020304,
          0.022911849549014037
        ],
        [
          0.17342463315683787,
          0.09619921979367416,
          0.13588460085913365,
          0.12468589419424632,
          0.2251207493909343,
          0.00592264967289654,
          0.23876225293227715
        ],
        [
          0.024136083611986492,
          0.3005716677654938,
          0.04948748736643076,
          0.23175890825184386,
          0.08083349644551005,
          0.01626413207663712,
          0.29694822448209784
        ],
        [
          0.08519994034076038,
          0.0864776757460078,
          0.3019108335451075,
          0.11961751136177795,
          0.20148272270316867,
          0.07849803747468871,
          0.12681327882848897
        ]
      ],
      "timestamps": [
        28,
        29,
        30,
        31,
        32,
        33,
        34,
        35,
        36,
        37,
        38,
        39,
        40,
        41,
        42,
        43,
        44,
        45,
        46,
        47,
        48,
        49,
        50,
        51,
        52,
        53,
        54,
        55,
        56,
        57
      ],
      "distance": 217.5
    },
    {
      "trip_id": 2,
      "transport_method": "foot",
      "start_time": 58,
      "path": [
        [
          1.5286383000000003,
          42.506949199999994
        ],
        [
          1.5280480277588824,
          42.50700092678467
        ],
        [
          1.5277916865722552,
          42.50705884321383
        ],
        [
          1.5271345640400609,
          42.50716406416222
        ],
        [
          1.5261684264890074,
          42.50704884514473
        ],
        [
          1.5270140237664531,
          42.50692988178397
        ],
        [
          1.5265448599078046,
          42.50689067709054
        ],
        [
          1.5257315982766235,
          42.50704528537057
        ],
        [
          1.525606635302687,
          42.50670776730477
        ],
        [
          1.5247708798563757,
          42.50683369346193
        ],
        [
          1.523947400122993,
          42.50677924350715
        ],
        [
          1.5229629878790762,
          42.50654616528783
        ],
        [
          1.5219789239273311,
          42.50631161629012
        ],
        [
          1.5220998027446961,
          42.506890239912195
        ],
        [
          1.522213460691246,
          42.50755187031879
        ],
        [
          1.5213660231277002,
          42.50710502477013
        ],
        [
          1.5217045918928434,
          42.50659824320575
        ],
        [
          1.5208437812938538,
          42.50692897303741
        ],
        [
          1.5199375632156122,
          42.50708367965383
        ],
        [
          1.5196087163693062,
          42.506581558810666
        ],
        [
          1.5202112412166702,
          42.506421230704355
        ],
        [
          1.5192317591136826,
          42.506486745129536
        ],
        [
          1.5187965546245492,
          42.50675549119653
        ],
        [
          1.5193950496942348,
          42.50715756946788
        ],
        [
          1.5200961775559785,
          42.50757966071953
        ],
        [
          1.519177235037163,
          42.507996146868074
        ],
        [
          1.5183415881700968,
          42.508050338519794
        ],
        [
          1.5184793,
          42.507102999999994
        ]
      ],
      "emotions": [
        "red",
        "red",
        "purple",
        "purple",
        "purple",
        "purple",
        "purple",
        "red",
        "red",
        "red",
        "red",
        "red",
        "red",
        "red",
        "red",
        "red",
        "red",
        "purple",
        "purple",
        "purple",
        "purple",
        "purple",
        "red",
        "red",
        "red",
        "red",
        "red",
        "red"
      ],
      "mood_vectors": [
        [
          0.28874949842825637,
          0.06405855850533489,
          0.006363072727097946,
          0.17169076900424807,
          0.3687382931515984,
          0.08530389007282016,
          0.015095918110644275
        ],
        [
          0.23140812209496409,
          0.007360007479701082,
          0.3157173816955095,
          0.005391856899927792,
          0.19218656798476733,
          0.200337921615315,
          0.04759814222981517
        ],
        [
          0.06697891637140607,
          0.09439079835957692,
          0.23675291035569004,
          0.22761062339136975,
          0.019270216614121642,
          0.0569288677488245,
          0.29806766715901095
        ],
        [
          0.1772254513901245,
          0.18539372661891165,
          0.10847812779881494,
          0.14951488768970106,
          0.07024830776574592,
          0.09440112473455062,
          0.21473837400215123
        ],
        [
          0.17009393738166467,
          0.07410493205904052,
          0.24090817065230977,
          0.1512209381176554,
          0.018411287842403732,
          0.2493996076510077,
          0.09586112629591813
        ],
        [
          0.03625784492525701,
          0.21963879706445055,
          0.19088270276545752,
          0.029687416406239876,
          0.1739647836007008,
          0.13185767059574546,
          0.21771078464214888
        ],
        [
          0.21069359995918496,
          0.13980705739965732,
          0.10222751132063203,
          0.03412403900591539,
          0.2153168983473299,
          0.1963301529043141,
          0.10150074106296636
        ],
        [
          0.09039264194753839,
          0.16555032728329017,
          0.19519150211149391,
          0.0353207357430553,
          0.21121251350563128,
          0.17423095349406184,
          0.12810132591492918
        ],
        [
          0.24965337790615433,
          0.35022602521281937,
          0.17966473681593773,
          0.029388333839979342,
          0.06704688874081387,
          0.08133948480310313,
          0.04268115268119213
        ],
        [
          0.02780267082494346,
          0.16860693511461805,
          0.18798928307861193,
          0.03799093465106182,
          0.2506061939441137,
          0.25374885321997415,
          0.07325512916667691
        ],
        [
          0.15815662437308303,
          0.16258235195340964,
          0.1866754868597416,
          0.009288448183952877,
          0.0990549683510273,
          0.1710654060744991,
          0.21317671420428644
        ],
        [
          0.08771486829124339,
          0.330241519857504,
          0.09154064828972057,
          0.05867948647050237,
          0.1397303782027043,
          0.16647999172707456,
          0.12561310716125076
        ],
        [
          0.09498708165042814,
          0.2433227847389631,
          0.20296483732354403,
          0.11463141050736858,
          0.08000272145514294,
          0.0755985464472411,
          0.18849261787731203
        ],
        [
          0.03018900349617087,
          0.00765240334011421,
          0.1556503279733217,
          0.3562972075924639,
          0.0414652954918717,
          0.09534049806573264,
          0.3134052640403249
        ],
        [
          0.12370702938681678,
          0.3366413602044996,
          0.15370655455428134,
          0.06733003560567263,
          0.024088412997831224,
          0.26044781121820015,
          0.034078796032698234
        ],
        [
          0.13163409732307807,
          0.1358116431289139,
          0.12086401291567304,
          0.12419083568431967,
          0.24395511646650989,
          0.22064209744734573,
          0.022902197034159764
        ],
        [
          0.186219162665839,
          0.23517063828739268,
          0.06744950476652677,
          0.03299202650026926,
          0.20745375812842184,
          0.03861698140701178,
          0.2320979282445387
        ],
        [
          0.2093345457896337,
          0.018323154112569445,
          0.25852755140069644,
          0.0920393238783615,
          0.2314468618084876,
          0.136495067440135,
          0.0538334955701164
        ],
        [
          0.04351361252331147,
          0.32470478574019995,
          0.009990909771283425,
          0.12056219457827397,
          0.003101975040395379,
          0.19703509392222476,
          0.30109142842431097
        ],
        [
          0.11067759731247055,
          0.23285492997325788,
          0.23619057051395367,
          0.06928588380776302,
          0.2910996983954146,
          0.01744738803088476,
          0.04244393196625558
        ],
        [
          0.14537005718151247,
          0.15196721898918406,
          0.1839055547480482,
          0.07363951093312021,
          0.12097527966211936,
          0.210122331906971,
          0.11402004657904471
        ],
        [
          0.19393489987388446,
          0.18670190329126793,
          0.17466877588033522,
          0.1746727483886625,
          0.0038257826884498147,
          0.2210007644944869,
          0.045195125382913134
        ],
        [
          0.041547464037930394,
          0.10159192317415443,
          0.08621316565337986,
          0.3304600748989536,
          0.20776284915742105,
          0.1335677768430155,
          0.09885674623514522
        ],
        [
          0.03443615447449559,
          0.17418412508845377,
          0.24273260336311814,
          0.16054814117213145,
          0.08605918875574936,
          0.2163127468723521,
          0.0857270402736996
        ],
        [
          0.2401209205074892,
          0.09143136129727086,
          0.19456298039136616,
          0.17163399615705388,
          0.014811133162690894,
          0.12386082916424129,
          0.1635787793198877
        ],
        [
          0.23447481749778204,
          0.16364353408393725,
          0.08737132353175163,
          0.11529330926404457,
          0.12257756175615364,
          0.18400427855242646,
          0.0926351753139044
        ],
        [
          0.06486345919591226,
          0.24761485628901547,
          0.0602246934608744,
          0.07448401217161044,
          0.12592855626644686,
          0.20523051318468877,
          0.22165390943145183
        ],
        [
          0.18908493517464886,
          0.1442312814254205,
          0.1691448982686233,
          0.09102744440250085,
          0.1406555206316843,
          0.0706817815707381,
          0.19517413852638404
        ]
      ],
      "timestamps": [
        58,
        59,
        60,
        61,
        62,
        63,
        64,
        65,
        66,
        67,
        68,
        69,
        70,
        71,
        72,
        73,
        74,
        75,
        76,
        77,
        78,
        79,
        80,
        81,
        82,
        83,
        84,
        85
      ],
      "distance": 978.4
    },
    {
      "trip_id": 3,
      "transport_method": "car",
      "start_time": 86,
      "path": [
        [
          1.5184793,
          42.507102999999994
        ],
        [
          1.518329514703327,
          42.50766263374825
        ],
        [
          1.5184402127499703,
          42.50815938994662
        ],
        [
          1.5189203568423222,
          42.50812019947374
        ],
        [
          1.5194420414724235,
          42.50786826552606
        ],
        [
          1.5199631561220877,
          42.50761724745609
        ],
        [
          1.5199132440610414,
          42.50739438810702
        ],
        [
          1.5193871992928938,
          42.507153583565604
        ],
        [
          1.5188719822781755,
          42.506891334810156
        ],
        [
          1.5187279215298204,
          42.50678242234633
        ],
        [
          1.5187767101532044,
          42.506350746666406
        ],
        [
          1.518872582880899,
          42.50688685213512
        ],
        [
          1.5183707668681128,
          42.50668515941427
        ],
        [
          1.5178826000000007,
          42.50637319999999
        ]
      ],
      "emotions": [
        "red",
        "red",
        "red",
        "red",
        "red",
        "red",
        "red",
        "red",
        "red",
        "red",
        "red",
        "red",
        "red",
        "red"
      ],
      "mood_vectors": [
        [
          0.18969239749191544,
          0.016941084566270897,
          0.18202801288398332,
          0.14397018084652644,
          0.0069403890194563245,
          0.24448796439575773,
          0.21593997079608987
        ],
        [
          0.20172430432785182,
          0.16039054042150547,
          0.17769987344577573,
          0.02977284128714482,
          0.043162427981702486,
          0.17736847277936815,
          0.20988153975665153
        ],
        [
          0.23039945269983617,
          0.035926758525250575,
          0.01856171278044816,
          0.15053589443221446,
          0.13757307436091482,
          0.2905908481331136,
          0.13641225906822224
        ],
        [
          0.12971862975372841,
          0.21079736537383822,
          0.15512827552124803,
          0.08591849410999655,
          0.07188803742140283,
          0.24187839913856835,
          0.10467079868121755
        ],
        [
          0.14930448681908529,
          0.03390523856973486,
          0.2773170301794228,
          0.23192223512617982,
          0.23705489030233237,
          0.018111482122420187,
          0.05238463688082466
        ],
        [
          0.15417800152579544,
          0.1674559519726895,
          0.10104070629933332,
          0.18469642275344667,
          0.187368745935155,
          0.07543983459432044,
          0.12982033691925957
        ],
        [
          0.19511949163122055,
          0.1388547510591498,
          0.22076878014634774,
          0.09244295667621004,
          0.10867776584140058,
          0.14521200850312005,
          0.09892424614255127
        ],
        [
          0.11171921473797956,
          0.24600343955150172,
          0.18217446303885038,
          0.1611685225509834,
          0.17422804473215872,
          0.005559289062457285,
          0.11914702632606892
        ],
        [
          0.15394660133260946,
          0.09172971922075614,
          0.19278625872045474,
          0.1571919908534916,
          0.13080505503966283,
          0.04588965239646895,
          0.22765072243655635
        ],
        [
          0.2599073397875557,
          0.17691691553440234,
          0.2390837184035492,
          0.07803961225492771,
          0.06986184456008479,
          0.16236156498742055,
          0.01382900447205972
        ],
        [
          0.13316967189637513,
          0.25999408097567983,
          0.14551044275478334,
          0.13798286383471425,
          0.20774399733280144,
          0.01676343738970793,
          0.09883550581593815
        ],
        [
          0.1354228453698704,
          0.21129793640011907,
          0.1630840791089134,
          0.15546711506108,
          0.17385489484029426,
          0.10662880445278863,
          0.05424432476693422
        ],
        [
          0.002076186473127612,
          0.23115699241684234,
          0.024964628750033985,
          0.21320445108249414,
          0.107290794117846,
          0.17650057083755624,
          0.24480637632209967
        ],
        [
          0.24910750221496394,
          0.22518255321268824,
          0.020520062855158852,
          0.1811198490406842,
          0.18638601848517308,
          0.13608529214043727,
          0.0015987220508944032
        ]
      ],
      "timestamps": [
        86,
        87,
        88,
        89,
        90,
        91,
        92,
        93,
        94,
        95,
        96,
        97,
        98,
        99
      ],
      "distance": 164.8
    }
  ],
  "conversation": [
    "Hmm, where should I go next?",
    "Oh, look at that!",
    "Clouds are rolling down from the mountains again."
  ],
  "conversation_timestamps": [
    34,
    66,
    89
  ]
}
