{"agent_id": "agent-orange-1858", "type": "orange", "trips": [{"trip_id": 0, "transport_method": "car", "start_time": 0, "path": [[1.4911829, 42.4741422], [1.490804, 42.4750691], [1.490712, 42.4760993], [1.490731, 42.4752064], [1.4907764, 42.4750857], [1.4906256, 42.4761089], [1.4904748, 42.4771321], [1.4903239, 42.4781553], [1.4901731, 42.4791785], [1.4900222, 42.4802018], [1.4898714, 42.481225], [1.4896237, 42.4816693], [1.4894501, 42.4806546], [1.4893962, 42.4796284], [1.4898111, 42.4786916], [1.4903355, 42.4778007], [1.4905957, 42.476839], [1.4905783, 42.4771429], [1.4904966, 42.478174], [1.4904149, 42.479205], [1.4903332, 42.4802361], [1.4902515, 42.4812671], [1.4901699, 42.4822982], [1.4905115, 42.4832356], [1.491003, 42.4841385], [1.4917601, 42.4847263], [1.4927232, 42.4849619], [1.4935901, 42.4855091], [1.4943725, 42.4861821], [1.4947363, 42.487124], [1.4947198, 42.4881431], [1.4953535, 42.4889579], [1.496028, 42.489742], [1.4962899, 42.4907068], [1.4968705, 42.491476], [1.497741, 42.492034], [1.4986507, 42.4925257], [1.4995497, 42.4930344], [1.5003569, 42.4936807], [1.5010691, 42.4943437], [1.5020076, 42.4947783], [1.5029379, 42.4952302], [1.5039151, 42.4955661], [1.504833, 42.4960386], [1.505805, 42.4963876], [1.5067818, 42.4967272], [1.5077528, 42.4970835], [1.5086922, 42.4975147], [1.5096205, 42.4979705], [1.5104642, 42.4985481], [1.5111065, 42.4993587], [1.5117467, 42.500171], [1.5123679, 42.500998], [1.5130376, 42.5017713], [1.5139227, 42.5023065], [1.513425, 42.501843], [1.5132106, 42.5018353], [1.5141417, 42.5022857], [1.514698, 42.5025272], [1.5155589, 42.5031004], [1.5152964, 42.5029117], [1.5157799, 42.5032499], [1.5167001, 42.5036976], [1.5177284, 42.5037088], [1.5187542, 42.5035763], [1.5196855, 42.5038367], [1.5206533, 42.5041292], [1.5216182, 42.5044997], [1.5225156, 42.5047124], [1.5235405, 42.5048347], [1.524557, 42.5050238], [1.5255719, 42.505223], [1.5265955, 42.5053052], [1.5276153, 42.505408], [1.5275103, 42.5053691], [1.5285023, 42.5056616], [1.5294422, 42.506063], [1.5302903, 42.5066548], [1.5312175, 42.507095], [1.5319996, 42.5076017]], "mood_vectors": [[0.087, 0.0533, 0.0171, 0.0626, 0.7059, 0.05, 0.0242], [0.0758, 0.0726, 0.0786, 0.0642, 0.6307, 0.0397, 0.0384], [0.0531, 0.0189, 0.0463, 0.0263, 0.772, 0.0144, 0.069], [0.0309, 0.0559, 0.0377, 0.0552, 0.751, 0.0491, 0.0203], [0.0559, 0.0609, 0.0608, 0.0715, 0.6618, 0.0618, 0.0273], [0.1024, 0.0194, 0.0223, 0.0563, 0.6326, 0.0715, 0.0956], [0.085, 0.0684, 0.0435, 0.0536, 0.6538, 0.0782, 0.0175], [0.0756, 0.068, 0.0694, 0.0212, 0.6905, 0.0278, 0.0476], [0.0255, 0.0347, 0.018, 0.0931, 0.7209, 0.0169, 0.0909], [0.0358, 0.0339, 0.0722, 0.0398, 0.7289, 0.0609, 0.0285], [0.0827, 0.0903, 0.034, 0.0505, 0.6808, 0.0242, 0.0377], [0.0283, 0.035, 0.0879, 0.0232, 0.6632, 0.0677, 0.0945], [0.0348, 0.0637, 0.0865, 0.0787, 0.604, 0.0793, 0.0531], [0.0366, 0.0548, 0.039, 0.038, 0.7291, 0.0732, 0.0293], [0.0788, 0.0274, 0.0148, 0.0755, 0.7398, 0.0276, 0.0362], [0.0666, 0.044, 0.0493, 0.0702, 0.7053, 0.0213, 0.0433], [0.0273, 0.0678, 0.0341, 0.0819, 0.6385, 0.0681, 0.0824], [0.0482, 0.0317, 0.0586, 0.0646, 0.7112, 0.027, 0.0587], [0.0372, 0.0216, 0.0555, 0.0853, 0.7461, 0.0405, 0.0138], [0.0369, 0.0804, 0.0568, 0.025, 0.6628, 0.0716, 0.0666], [0.0585, 0.0606, 0.0206, 0.0331, 0.7626, 0.0476, 0.017], [0.08, 0.0149, 0.0353, 0.0602, 0.661, 0.0689, 0.0796], [0.021, 0.0421, 0.0155, 0.0852, 0.7031, 0.0593, 0.0738], [0.0654, 0.0538, 0.0735, 0.0536, 0.6184, 0.0979, 0.0375], [0.069, 0.0294, 0.0463, 0.0377, 0.752, 0.0417, 0.0239], [0.0709, 0.0478, 0.0288, 0.0251, 0.696, 0.0808, 0.0505], [0.0761, 0.0447, 0.0631, 0.0333, 0.6429, 0.0765, 0.0634], [0.0636, 0.0422, 0.0226, 0.0322, 0.736, 0.0221, 0.0813], [0.0789, 0.081, 0.0765, 0.0218, 0.5842, 0.0786, 0.0788], [0.0535, 0.0446, 0.0538, 0.0673, 0.6964, 0.0294, 0.0548], [0.0504, 0.0419, 0.0366, 0.0218, 0.7128, 0.0692, 0.0672], [0.0175, 0.079, 0.0339, 0.0652, 0.7441, 0.0369, 0.0234], [0.0673, 0.0365, 0.0122, 0.0246, 0.7742, 0.0659, 0.0193], [0.0328, 0.0353, 0.0685, 0.027, 0.7198, 0.0577, 0.059], [0.0404, 0.0113, 0.0497, 0.0213, 0.7509, 0.0569, 0.0695], [0.0409, 0.025, 0.0595, 0.0788, 0.7195, 0.0125, 0.0638], [0.0494, 0.0427, 0.0783, 0.0414, 0.7066, 0.0414, 0.0403], [0.0707, 0.0697, 0.0399, 0.0512, 0.6606, 0.061, 0.0469], [0.0929, 0.0818, 0.0676, 0.0356, 0.5934, 0.0535, 0.0753], [0.0551, 0.039, 0.0632, 0.0731, 0.6356, 0.0731, 0.061], [0.0659, 0.0635, 0.0614, 0.074, 0.6786, 0.0209, 0.0357], [0.0315, 0.0221, 0.0888, 0.0527, 0.6855, 0.1018, 0.0175], [0.0786, 0.0331, 0.0238, 0.0478, 0.6811, 0.0693, 0.0663], [0.0333, 0.0484, 0.0498, 0.0747, 0.7522, 0.0148, 0.0268], [0.0262, 0.0511, 0.0583, 0.0235, 0.697, 0.0816, 0.0624], [0.0307, 0.04, 0.052, 0.014, 0.812, 0.0387, 0.0127], [0.0592, 0.0454, 0.0545, 0.0119, 0.7517, 0.0305, 0.0467], [0.0343, 0.032, 0.0596, 0.0496, 0.6802, 0.0818, 0.0626], [0.0706, 0.0232, 0.0804, 0.0796, 0.6595, 0.0345, 0.0522], [0.0237, 0.0705, 0.0161, 0.0506, 0.7203, 0.0421, 0.0767], [0.0731, 0.0333, 0.0504, 0.0664, 0.6756, 0.0558, 0.0454], [0.0632, 0.0541, 0.0687, 0.0252, 0.6666, 0.0612, 0.061], [0.0359, 0.0228, 0.0289, 0.0736, 0.7343, 0.0631, 0.0415], [0.057, 0.1061, 0.0187, 0.0236, 0.715, 0.0452, 0.0344], [0.0233, 0.0576, 0.0958, 0.0289, 0.689, 0.0217, 0.0838], [0.0529, 0.0832, 0.0798, 0.0491, 0.6475, 0.0732, 0.0143], [0.0314, 0.0422, 0.0396, 0.04, 0.8017, 0.0271, 0.018], [0.0675, 0.0362, 0.0517, 0.0611, 0.702, 0.0215, 0.0601], [0.057, 0.0712, 0.0149, 0.0753, 0.6776, 0.0419, 0.0621], [0.0708, 0.0193, 0.0733, 0.0441, 0.7396, 0.0176, 0.0353], [0.0734, 0.0698, 0.0182, 0.0592, 0.6699, 0.0677, 0.0417], [0.0286, 0.0282, 0.0601, 0.0562, 0.741, 0.024, 0.0619], [0.0422, 0.0839, 0.017, 0.0447, 0.6748, 0.0538, 0.0836], [0.0721, 0.0858, 0.0288, 0.0258, 0.6864, 0.0782, 0.0229], [0.0637, 0.0582, 0.0547, 0.0478, 0.6554, 0.0408, 0.0793], [0.0273, 0.0423, 0.0671, 0.0538, 0.7096, 0.0847, 0.0152], [0.0684, 0.0585, 0.0362, 0.0563, 0.7215, 0.0201, 0.039], [0.0571, 0.0926, 0.0708, 0.0761, 0.6204, 0.0419, 0.0412], [0.0337, 0.0174, 0.059, 0.0594, 0.739, 0.0422, 0.0493], [0.0718, 0.0163, 0.0232, 0.0578, 0.7661, 0.0222, 0.0426], [0.0288, 0.0733, 0.0277, 0.0634, 0.7149, 0.0152, 0.0767], [0.0608, 0.0664, 0.0773, 0.0337, 0.6504, 0.061, 0.0504], [0.0755, 0.0603, 0.0189, 0.0723, 0.6867, 0.0405, 0.0459], [0.0528, 0.0705, 0.0236, 0.0783, 0.7144, 0.0158, 0.0445], [0.0469, 0.0395, 0.0584, 0.0645, 0.6857, 0.0631, 0.0418], [0.0187, 0.036, 0.0508, 0.0907, 0.6857, 0.0393, 0.0788], [0.0442, 0.0775, 0.0702, 0.0592, 0.6786, 0.0526, 0.0176], [0.037, 0.0524, 0.0604, 0.0669, 0.6824, 0.0725, 0.0285], [0.0653, 0.0901, 0.0802, 0.0173, 0.6438, 0.0362, 0.0671], [0.0338, 0.0334, 0.0332, 0.0648, 0.7395, 0.0383, 0.057]], "emotions": ["red", "red", "red", "red", "red", "red", "red", "red", "red", "red", "red", "red", "red", "red", "red", "red", "red", "red", "red", "red", "red", "red", "red", "red", "red", "red", "red", "red", "red", "red", "red", "red", "red", "red", "red", "red", "red", "red", "red", "red", "red", "red", "red", "red", "red", "red", "red", "red", "red", "red", "red", "red", "red", "red", "red", "red", "red", "red", "red", "red", "red", "red", "red", "red", "red", "red", "red", "red", "red", "red", "red", "red", "red", "red", "red", "red", "red", "red", "red", "red"], "timestamps": [0, 40, 80, 120, 160, 200, 240, 280, 320, 360, 400, 440, 480, 520, 560, 600, 640, 680, 720, 760, 800, 840, 880, 920, 960, 1000, 1040, 1080, 1120, 1160, 1200, 1240, 1280, 1320, 1360, 1400, 1440, 1480, 1520, 1560, 1600, 1640, 1680, 1720, 1760, 1800, 1840, 1880, 1920, 1960, 2000, 2040, 2080, 2120, 2160, 2200, 2240, 2280, 2320, 2360, 2400, 2440, 2480, 2520, 2560, 2600, 2640, 2680, 2720, 2760, 2800, 2840, 2880, 2920, 2960, 3000, 3040, 3080, 3120, 3160]}], "conversation": [], "conversation_timestamps": []}