{"agent_id": "agent-orange-1428", "type": "orange", "trips": [{"trip_id": 0, "transport_method": "foot", "start_time": 0, "path": [[1.5251566, 42.5053382], [1.5250284, 42.5052798], [1.5260616, 42.5053261], [1.5270932, 42.5053097], [1.5275304, 42.5053259], [1.5283361, 42.5052867], [1.5293557, 42.50545], [1.5303232, 42.5057167], [1.5311732, 42.5063016], [1.5320997, 42.5067364], [1.5321876, 42.5066843], [1.5329444, 42.506724], [1.5339457, 42.5069622], [1.5347902, 42.5074375], [1.5357778, 42.5077112], [1.5368101, 42.5077739], [1.5377748, 42.5080945], [1.5387903, 42.5082258], [1.5398141, 42.5083448], [1.5406289, 42.5086643], [1.5416529, 42.5088047], [1.5419192, 42.5088834], [1.5429426, 42.5089437], [1.5439348, 42.5092036], [1.5449525, 42.50933], [1.545941, 42.50959], [1.5454012, 42.5093721], [1.5462884, 42.5097854], [1.5463617, 42.5105796], [1.5471442, 42.5111785], [1.5481455, 42.5114364], [1.5491507, 42.5116795], [1.5496065, 42.5118106], [1.5502811, 42.5120898], [1.5505427, 42.5122196], [1.5513525, 42.5128539], [1.5510923, 42.5126591], [1.5516137, 42.5130214], [1.5524796, 42.5135719], [1.5526803, 42.513835], [1.5527492, 42.5148548], [1.5533111, 42.515718], [1.5536437, 42.5166945], [1.5542785, 42.5175037], [1.5551416, 42.5180574], [1.5560108, 42.5184812], [1.5566732, 42.5192663], [1.5573416, 42.519997], [1.5580713, 42.5207296], [1.5588388, 42.5214224], [1.5596866, 42.5220045], [1.5595247, 42.5219714], [1.5603925, 42.5225203], [1.5612556, 42.5230836], [1.5620286, 42.5237652], [1.5627368, 42.5245084], [1.5637065, 42.524858], [1.5646418, 42.5252226], [1.5656182, 42.5255541], [1.5665155, 42.5260604], [1.5673319, 42.5266952], [1.5682036, 42.5272427], [1.5690732, 42.5277844], [1.5699627, 42.5283045], [1.5708268, 42.5288727], [1.5715936, 42.5295577], [1.5723097, 42.5302863], [1.5729538, 42.5310909], [1.5736582, 42.5318457], [1.5745105, 42.5323085], [1.5755148, 42.5325386], [1.5765116, 42.5327288], [1.5775366, 42.5328662], [1.5785571, 42.5330109], [1.5795283, 42.5333556], [1.5804313, 42.5338345], [1.5797955, 42.5343394], [1.5791722, 42.5350813], [1.5788401, 42.5356343], [1.5778771, 42.5355664]], "mood_vectors": [[0.0693, 0.0826, 0.0329, 0.0773, 0.6374, 0.0607, 0.0398], [0.0852, 0.0358, 0.0584, 0.0232, 0.6777, 0.0918, 0.0279], [0.0247, 0.0672, 0.0394, 0.0364, 0.6524, 0.104, 0.0758], [0.0304, 0.0564, 0.0523, 0.0269, 0.7339, 0.0479, 0.0521], [0.021, 0.0243, 0.0462, 0.0819, 0.6963, 0.02, 0.1104], [0.0742, 0.0462, 0.0121, 0.017, 0.7159, 0.0598, 0.0748], [0.0705, 0.0676, 0.0495, 0.0842, 0.6347, 0.0683, 0.0252], [0.0247, 0.0664, 0.0294, 0.0477, 0.7208, 0.0191, 0.0919], [0.0818, 0.0209, 0.0577, 0.0772, 0.6981, 0.0183, 0.0461], [0.0191, 0.06, 0.039, 0.0518, 0.7122, 0.0334, 0.0845], [0.05, 0.053, 0.0711, 0.0557, 0.6855, 0.0403, 0.0445], [0.0843, 0.0398, 0.0575, 0.0597, 0.6781, 0.0498, 0.0307], [0.0736, 0.0587, 0.0441, 0.0457, 0.6762, 0.0764, 0.0253], [0.0112, 0.0591, 0.0473, 0.0543, 0.7254, 0.028, 0.0746], [0.0263, 0.0838, 0.03, 0.0173, 0.7621, 0.0555, 0.0251], [0.0283, 0.0802, 0.0658, 0.0364, 0.7151, 0.0427, 0.0315], [0.0712, 0.0645, 0.0439, 0.0539, 0.6354, 0.0622, 0.069], [0.018, 0.0971, 0.0326, 0.0763, 0.6515, 0.0739, 0.0507], [0.0367, 0.0325, 0.0787, 0.0721, 0.7019, 0.0173, 0.0608], [0.0666, 0.0324, 0.0563, 0.0612, 0.6891, 0.082, 0.0125], [0.0925, 0.0296, 0.0335, 0.0929, 0.6328, 0.0893, 0.0294], [0.013, 0.0736, 0.0381, 0.0835, 0.7239, 0.0229, 0.0449], [0.0679, 0.0486, 0.029, 0.0612, 0.7139, 0.0296, 0.0497], [0.0673, 0.0637, 0.0796, 0.0853, 0.6062, 0.014, 0.0839], [0.0402, 0.0325, 0.0768, 0.0585, 0.7215, 0.0519, 0.0186], [0.0784, 0.0377, 0.0438, 0.0322, 0.6853, 0.0579, 0.0647], [0.0573, 0.062, 0.0327, 0.0355, 0.7128, 0.0704, 0.0292], [0.0342, 0.0555, 0.0889, 0.0444, 0.6855, 0.0288, 0.0626], [0.0592, 0.075, 0.0149, 0.0417, 0.6721, 0.0575, 0.0797], [0.0713, 0.0727, 0.0151, 0.0257, 0.7233, 0.0281, 0.0638], [0.0242, 0.0493, 0.0639, 0.089, 0.679, 0.0357, 0.0589], [0.0149, 0.0789, 0.0733, 0.0709, 0.68, 0.0124, 0.0696], [0.0418, 0.0426, 0.0669, 0.0152, 0.7431, 0.0621, 0.0281], [0.0509, 0.0317, 0.0559, 0.0242, 0.7289, 0.0678, 0.0405], [0.0686, 0.0114, 0.0548, 0.0655, 0.7343, 0.0246, 0.0408], [0.0691, 0.0351, 0.03, 0.0373, 0.7341, 0.0276, 0.0666], [0.0254, 0.0191, 0.0263, 0.0521, 0.8152, 0.0468, 0.015], [0.083, 0.0349, 0.0445, 0.0133, 0.7319, 0.068, 0.0244], [0.043, 0.0343, 0.0597, 0.0769, 0.6832, 0.0815, 0.0214], [0.026, 0.0685, 0.0498, 0.0577, 0.6613, 0.082, 0.0546], [0.0686, 0.039, 0.0276, 0.0441, 0.7142, 0.0384, 0.0681], [0.0143, 0.0666, 0.0144, 0.0358, 0.7468, 0.0663, 0.0558], [0.0759, 0.065, 0.0303, 0.0671, 0.684, 0.0464, 0.0313], [0.0314, 0.0379, 0.0393, 0.0671, 0.7054, 0.0548, 0.0641], [0.0312, 0.0367, 0.0307, 0.0873, 0.6538, 0.0769, 0.0834], [0.0704, 0.032, 0.0618, 0.0826, 0.691, 0.0404, 0.0219], [0.0624, 0.0514, 0.0253, 0.0375, 0.7302, 0.045, 0.0481], [0.0226, 0.0429, 0.0232, 0.0729, 0.7274, 0.0406, 0.0704], [0.0474, 0.0498, 0.0372, 0.0673, 0.6518, 0.0762, 0.0704], [0.0856, 0.0288, 0.0849, 0.0707, 0.6604, 0.0311, 0.0386], [0.0532, 0.0519, 0.0774, 0.0135, 0.7568, 0.0212, 0.026], [0.0528, 0.0231, 0.0304, 0.0806, 0.7502, 0.0394, 0.0235], [0.0398, 0.0536, 0.0772, 0.058, 0.6886, 0.0287, 0.054], [0.0225, 0.0528, 0.0327, 0.0232, 0.7724, 0.0381, 0.0582], [0.0608, 0.014, 0.0348, 0.0529, 0.7483, 0.0605, 0.0287], [0.0469, 0.0367, 0.0846, 0.0314, 0.6834, 0.0428, 0.0742], [0.0631, 0.063, 0.0588, 0.0704, 0.6591, 0.0647, 0.0208], [0.0667, 0.023, 0.0708, 0.0364, 0.7237, 0.0483, 0.0311], [0.0248, 0.0224, 0.0819, 0.0604, 0.6994, 0.0397, 0.0715], [0.0142, 0.014, 0.0701, 0.0557, 0.7643, 0.048, 0.0338], [0.0182, 0.0548, 0.0113, 0.0716, 0.7309, 0.0558, 0.0575], [0.0867, 0.0462, 0.0153, 0.0523, 0.7646, 0.0187, 0.0163], [0.015, 0.051, 0.0741, 0.0221, 0.6853, 0.079, 0.0734], [0.076, 0.0216, 0.0713, 0.0228, 0.7511, 0.0162, 0.0409], [0.0151, 0.0731, 0.0272, 0.0638, 0.6969, 0.0711, 0.0528], [0.0483, 0.0742, 0.0321, 0.0566, 0.7054, 0.0242, 0.0592], [0.0314, 0.0515, 0.0359, 0.0733, 0.7001, 0.0753, 0.0324], [0.0452, 0.0671, 0.0568, 0.0161, 0.7121, 0.0458, 0.0571], [0.0327, 0.0644, 0.0655, 0.0191, 0.7241, 0.0595, 0.0345], [0.0317, 0.043, 0.0636, 0.0764, 0.6844, 0.0325, 0.0684], [0.0725, 0.0592, 0.0125, 0.0599, 0.6528, 0.085, 0.0581], [0.0458, 0.0247, 0.0539, 0.0671, 0.7658, 0.0307, 0.0119], [0.0523, 0.0189, 0.0385, 0.0702, 0.682, 0.0774, 0.0606], [0.0191, 0.0672, 0.0554, 0.0406, 0.7099, 0.0346, 0.0732], [0.0298, 0.0506, 0.0171, 0.0639, 0.7307, 0.0673, 0.0406], [0.0732, 0.0756, 0.0129, 0.0766, 0.6836, 0.0241, 0.054], [0.0243, 0.0235, 0.0408, 0.0417, 0.7242, 0.0574, 0.088], [0.0659, 0.0963, 0.038, 0.0924, 0.6256, 0.0449, 0.0369], [0.0693, 0.0676, 0.0795, 0.025, 0.6879, 0.0166, 0.054], [0.0512, 0.0255, 0.0302, 0.0565, 0.7825, 0.0264, 0.0278]], "emotions": ["red", "red", "red", "red", "red", "red", "red", "red", "red", "red", "red", "red", "red", "red", "red", "red", "red", "red", "red", "red", "red", "red", "red", "red", "red", "red", "red", "red", "red", "red", "red", "red", "red", "red", "red", "red", "red", "red", "red", "red", "red", "red", "red", "red", "red", "red", "red", "red", "red", "red", "red", "red", "red", "red", "red", "red", "red", "red", "red", "red", "red", "red", "red", "red", "red", "red", "red", "red", "red", "red", "red", "red", "red", "red", "red", "red", "red", "red", "red", "red"], "timestamps": [0, 40, 80, 120, 160, 200, 240, 280, 320, 360, 400, 440, 480, 520, 560, 600, 640, 680, 720, 760, 800, 840, 880, 920, 960, 1000, 1040, 1080, 1120, 1160, 1200, 1240, 1280, 1320, 1360, 1400, 1440, 1480, 1520, 1560, 1600, 1640, 1680, 1720, 1760, 1800, 1840, 1880, 1920, 1960, 2000, 2040, 2080, 2120, 2160, 2200, 2240, 2280, 2320, 2360, 2400, 2440, 2480, 2520, 2560, 2600, 2640, 2680, 2720, 2760, 2800, 2840, 2880, 2920, 2960, 3000, 3040, 3080, 3120, 3160]}], "conversation": [], "conversation_timestamps": []}