{"agent_id": "agent-purple-1919", "type": "purple", "trips": [{"trip_id": 0, "transport_method": "foot", "start_time": 0, "path": [[1.5324643, 42.5061739], [1.5322757, 42.5064297], [1.5320955, 42.5066906], [1.532231, 42.5069239], [1.5324534, 42.5071511], [1.5326995, 42.5073416], [1.5329981, 42.5074509], [1.5332738, 42.5076053], [1.5335393, 42.5077804], [1.5338073, 42.5079512], [1.5340658, 42.5081305], [1.534088, 42.5084475], [1.5341108, 42.5086439], [1.5340804, 42.508727], [1.5340606, 42.5090443], [1.5340294, 42.50936], [1.533941, 42.5096651], [1.5339655, 42.5099656], [1.5341657, 42.5102036], [1.5344126, 42.510404], [1.5346594, 42.5106044], [1.5349063, 42.5108047], [1.5351207, 42.5110368], [1.5353751, 42.511225], [1.5356575, 42.5113706], [1.5359552, 42.5114778], [1.5362097, 42.511657], [1.5364079, 42.5119054], [1.5365818, 42.5121547], [1.5364315, 42.5123965], [1.5367059, 42.5125107], [1.5368884, 42.5127618], [1.5371572, 42.512894], [1.5374641, 42.5128109], [1.5377738, 42.5127444], [1.5378889, 42.5127344], [1.5377701, 42.5127459], [1.5380872, 42.5127219], [1.5384042, 42.5126979], [1.5382771, 42.5128592], [1.5383376, 42.5129658], [1.5384773, 42.5131745], [1.5387356, 42.5133543], [1.5390047, 42.5133288], [1.5393, 42.5134341], [1.5393916, 42.5136668], [1.5391618, 42.5138859], [1.5389508, 42.5141168], [1.5386997, 42.5143102], [1.5383931, 42.5143065], [1.5380905, 42.5143784], [1.5377823, 42.5144458], [1.5374673, 42.5144883], [1.5371522, 42.5145308], [1.536837, 42.5145725], [1.5365218, 42.5146142], [1.536206, 42.5146501], [1.535892, 42.5146998], [1.5355827, 42.5147726], [1.5352686, 42.5148003], [1.5349544, 42.514843], [1.5348733, 42.5149652], [1.5349516, 42.515059], [1.5348963, 42.5152998], [1.5347201, 42.515553], [1.5344556, 42.5157183], [1.5341889, 42.5158912], [1.5339207, 42.5160614], [1.5336096, 42.5160725], [1.5333054, 42.5161631], [1.5330248, 42.5163114], [1.532725, 42.5164156], [1.532434, 42.5165434], [1.532147, 42.5166803], [1.5318601, 42.5168172], [1.5315714, 42.51695], [1.5312687, 42.5170465], [1.5309625, 42.5171321], [1.5306563, 42.5172177], [1.5303501, 42.5173033]], "mood_vectors": [[0.0304, 0.0598, 0.046, 0.0221, 0.0684, 0.7513, 0.022], [0.0189, 0.0214, 0.013, 0.0503, 0.0501, 0.7788, 0.0675], [0.0467, 0.015, 0.074, 0.053, 0.0153, 0.7211, 0.0749], [0.0525, 0.0157, 0.0546, 0.0696, 0.0251, 0.6964, 0.0862], [0.0326, 0.0553, 0.0399, 0.0423, 0.024, 0.7404, 0.0654], [0.0411, 0.0277, 0.0693, 0.0714, 0.064, 0.6917, 0.0349], [0.0469, 0.0129, 0.0264, 0.0702, 0.0154, 0.7908, 0.0374], [0.0525, 0.0298, 0.0541, 0.0221, 0.029, 0.7737, 0.0388], [0.0773, 0.0397, 0.0137, 0.0362, 0.0499, 0.723, 0.0602], [0.0571, 0.0591, 0.0687, 0.0836, 0.0202, 0.6822, 0.0291], [0.0333, 0.026, 0.0775, 0.0143, 0.0263, 0.7462, 0.0765], [0.0187, 0.0825, 0.0209, 0.0309, 0.0405, 0.702, 0.1045], [0.0677, 0.0523, 0.0596, 0.0198, 0.0334, 0.7283, 0.039], [0.0654, 0.0365, 0.0792, 0.0512, 0.059, 0.6328, 0.076], [0.0726, 0.0414, 0.07, 0.0842, 0.0382, 0.6584, 0.0353], [0.0264, 0.0689, 0.0313, 0.0733, 0.0263, 0.7363, 0.0375], [0.0655, 0.0138, 0.0186, 0.0244, 0.0659, 0.7831, 0.0287], [0.0412, 0.037, 0.0587, 0.0794, 0.0792, 0.6292, 0.0752], [0.0224, 0.0602, 0.0505, 0.0444, 0.0247, 0.7342, 0.0637], [0.0528, 0.0811, 0.0708, 0.0706, 0.0518, 0.6564, 0.0163], [0.0519, 0.0436, 0.0324, 0.0221, 0.0397, 0.7154, 0.0949], [0.0578, 0.0676, 0.072, 0.0736, 0.0553, 0.6476, 0.0262], [0.0542, 0.0318, 0.0398, 0.0867, 0.0233, 0.7366, 0.0275], [0.0404, 0.0432, 0.0382, 0.0377, 0.0724, 0.6918, 0.0762], [0.0489, 0.042, 0.0423, 0.077, 0.0615, 0.6855, 0.0428], [0.0881, 0.0399, 0.0752, 0.0403, 0.0458, 0.6532, 0.0575], [0.0532, 0.0631, 0.0271, 0.0834, 0.0571, 0.686, 0.03], [0.0689, 0.027, 0.018, 0.079, 0.0298, 0.7472, 0.0301], [0.0443, 0.0645, 0.0173, 0.0442, 0.0196, 0.7807, 0.0295], [0.0663, 0.0665, 0.0212, 0.04, 0.0262, 0.723, 0.0568], [0.0402, 0.0514, 0.078, 0.0568, 0.0704, 0.631, 0.0722], [0.0696, 0.049, 0.0702, 0.0487, 0.0651, 0.6525, 0.0448], [0.0283, 0.0349, 0.0357, 0.07, 0.094, 0.7023, 0.0348], [0.0494, 0.0694, 0.0699, 0.0399, 0.0175, 0.7214, 0.0325], [0.0559, 0.0397, 0.0817, 0.0305, 0.0684, 0.6936, 0.0302], [0.019, 0.0627, 0.0494, 0.0522, 0.0706, 0.7233, 0.0228], [0.0226, 0.0335, 0.0316, 0.0223, 0.0214, 0.8521, 0.0164], [0.0661, 0.0615, 0.0632, 0.0322, 0.0286, 0.6796, 0.0688], [0.0583, 0.085, 0.0754, 0.0805, 0.0451, 0.6309, 0.0248], [0.0556, 0.0312, 0.0198, 0.0661, 0.0364, 0.7056, 0.0853], [0.0732, 0.0365, 0.0527, 0.076, 0.0632, 0.6149, 0.0835], [0.0412, 0.0536, 0.0152, 0.0425, 0.0696, 0.7106, 0.0673], [0.0106, 0.0325, 0.0287, 0.0641, 0.0621, 0.7351, 0.0669], [0.0601, 0.0126, 0.0687, 0.0326, 0.0626, 0.7201, 0.0432], [0.0345, 0.0579, 0.0714, 0.0701, 0.0586, 0.6419, 0.0657], [0.0227, 0.0337, 0.0511, 0.0402, 0.0325, 0.8004, 0.0193], [0.0244, 0.0334, 0.0529, 0.0263, 0.0545, 0.749, 0.0595], [0.0753, 0.0334, 0.0423, 0.0508, 0.0584, 0.7053, 0.0345], [0.0324, 0.0571, 0.0211, 0.0468, 0.0231, 0.7771, 0.0424], [0.027, 0.0216, 0.0878, 0.0741, 0.043, 0.6998, 0.0468], [0.0688, 0.0392, 0.0175, 0.0786, 0.054, 0.7219, 0.0198], [0.0718, 0.0151, 0.0277, 0.0744, 0.0471, 0.7379, 0.026], [0.0319, 0.0584, 0.0127, 0.0361, 0.0407, 0.7601, 0.0601], [0.0296, 0.0214, 0.0228, 0.081, 0.0245, 0.7568, 0.064], [0.0762, 0.0707, 0.0847, 0.0816, 0.0336, 0.5894, 0.0638], [0.0204, 0.0598, 0.0506, 0.0692, 0.0475, 0.7165, 0.0359], [0.0265, 0.0363, 0.0321, 0.0445, 0.0894, 0.7469, 0.0243], [0.0499, 0.0546, 0.0599, 0.043, 0.0517, 0.6683, 0.0726], [0.0302, 0.0483, 0.0252, 0.0839, 0.0394, 0.6923, 0.0807], [0.0562, 0.0751, 0.0295, 0.0185, 0.0702, 0.7047, 0.0458], [0.031, 0.0381, 0.0765, 0.0343, 0.0556, 0.705, 0.0595], [0.0483, 0.0856, 0.0351, 0.0839, 0.0795, 0.654, 0.0136], [0.052, 0.0438, 0.0635, 0.0667, 0.0702, 0.6374, 0.0664], [0.0817, 0.082, 0.0235, 0.0362, 0.0209, 0.6727, 0.083], [0.0294, 0.0723, 0.0716, 0.0688, 0.0384, 0.7003, 0.0191], [0.0662, 0.0184, 0.0636, 0.0774, 0.0552, 0.6792, 0.0399], [0.0561, 0.0596, 0.0247, 0.0808, 0.043, 0.699, 0.0369], [0.0445, 0.0209, 0.0208, 0.0676, 0.0497, 0.7528, 0.0436], [0.0543, 0.0557, 0.077, 0.0443, 0.0754, 0.652, 0.0413], [0.0237, 0.0487, 0.0247, 0.0583, 0.0473, 0.7571, 0.0402], [0.0342, 0.0283, 0.0725, 0.0619, 0.0556, 0.6684, 0.0792], [0.0327, 0.084, 0.0183, 0.0604, 0.0796, 0.665, 0.06], [0.0728, 0.0479, 0.0528, 0.0143, 0.0555, 0.7056, 0.0511], [0.0593, 0.0235, 0.0617, 0.0605, 0.0273, 0.6846, 0.0832], [0.0811, 0.072, 0.0664, 0.0279, 0.0795, 0.5988, 0.0743], [0.0267, 0.0652, 0.0173, 0.0267, 0.0296, 0.7788, 0.0556], [0.0337, 0.0705, 0.0277, 0.0805, 0.0441, 0.7176, 0.0258], [0.0214, 0.0536, 0.0457, 0.0243, 0.0978, 0.6906, 0.0665], [0.0668, 0.0394, 0.0887, 0.0612, 0.0184, 0.6392, 0.0863], [0.0194, 0.0515, 0.0605, 0.0545, 0.0626, 0.6885, 0.063]], "emotions": ["purple", "purple", "purple", "purple", "purple", "purple", "purple", "purple", "purple", "purple", "purple", "purple", "purple", "purple", "purple", "purple", "purple", "purple", "purple", "purple", "purple", "purple", "purple", "purple", "purple", "purple", "purple", "purple", "purple", "purple", "purple", "purple", "purple", "purple", "purple", "purple", "purple", "purple", "purple", "purple", "purple", "purple", "purple", "purple", "purple", "purple", "purple", "purple", "purple", "purple", "purple", "purple", "purple", "purple", "purple", "purple", "purple", "purple", "purple", "purple", "purple", "purple", "purple", "purple", "purple", "purple", "purple", "purple", "purple", "purple", "purple", "purple", "purple", "purple", "purple", "purple", "purple", "purple", "purple", "purple"], "timestamps": [0, 40, 80, 120, 160, 200, 240, 280, 320, 360, 400, 440, 480, 520, 560, 600, 640, 680, 720, 760, 800, 840, 880, 920, 960, 1000, 1040, 1080, 1120, 1160, 1200, 1240, 1280, 1320, 1360, 1400, 1440, 1480, 1520, 1560, 1600, 1640, 1680, 1720, 1760, 1800, 1840, 1880, 1920, 1960, 2000, 2040, 2080, 2120, 2160, 2200, 2240, 2280, 2320, 2360, 2400, 2440, 2480, 2520, 2560, 2600, 2640, 2680, 2720, 2760, 2800, 2840, 2880, 2920, 2960, 3000, 3040, 3080, 3120, 3160]}], "conversation": [], "conversation_timestamps": []}