{"agent_id": "agent-blue-185", "type": "blue", "trips": [{"trip_id": 0, "transport_method": "bicycle", "start_time": 0, "path": [[1.4978403, 42.4707614], [1.4984946, 42.4715731], [1.4995828, 42.4716421], [1.5007336, 42.471835], [1.5010022, 42.4723841], [1.5000406, 42.4726307], [1.499189, 42.4732955], [1.498127, 42.4737762], [1.4971124, 42.4742483], [1.4963127, 42.4751046], [1.4953509, 42.4754985], [1.4943687, 42.4761326], [1.4933268, 42.4766605], [1.4923097, 42.4772563], [1.4912925, 42.4778522], [1.4902753, 42.478448], [1.4909729, 42.4785138], [1.4920592, 42.4782675], [1.4929525, 42.4775078], [1.4939878, 42.4769544], [1.4939099, 42.476317], [1.4928893, 42.4769068], [1.4918686, 42.4774967], [1.490848, 42.4780866], [1.4898866, 42.4787376], [1.4894599, 42.4798207], [1.4895728, 42.4809931], [1.4899641, 42.4820927], [1.4905709, 42.4831032], [1.4911251, 42.4841329], [1.4918763, 42.4847447], [1.4929323, 42.4851125], [1.4939152, 42.4857533], [1.4946482, 42.4866548], [1.4946624, 42.4878111], [1.4952271, 42.4888109], [1.4959958, 42.4897046], [1.4962972, 42.4908017], [1.4970709, 42.4916077], [1.4980759, 42.4922223], [1.4991213, 42.4927671], [1.5000772, 42.493453], [1.5008736, 42.4942512], [1.5019423, 42.4947484], [1.5030047, 42.4952591], [1.5041151, 42.4956486], [1.5051651, 42.4961812], [1.5062844, 42.4965507], [1.5073946, 42.496947], [1.508477, 42.4974113], [1.5095365, 42.497928], [1.5104955, 42.4985875], [1.5112275, 42.4995115], [1.5119506, 42.5004424], [1.5126586, 42.5013849], [1.5135755, 42.5020965], [1.5135873, 42.5020476], [1.5131056, 42.5017845], [1.5141668, 42.5022978], [1.5148415, 42.5026228], [1.5158228, 42.5032761], [1.5153061, 42.5029281], [1.5162917, 42.5035732], [1.5174471, 42.5037451], [1.5186162, 42.5035941], [1.5196909, 42.5038356], [1.520792, 42.5041865], [1.5218827, 42.5046237], [1.5229511, 42.5047678], [1.5241134, 42.5049454], [1.5252716, 42.5051641], [1.5264341, 42.5053127], [1.527608, 42.5053208], [1.5279648, 42.505309], [1.5291318, 42.5054109], [1.5302706, 42.505653], [1.5312256, 42.5063346], [1.5323027, 42.506698], [1.5322617, 42.5067423], [1.5334404, 42.506728]], "mood_vectors": [[0.0732, 0.0566, 0.068, 0.6208, 0.0447, 0.0689, 0.0678], [0.0236, 0.03, 0.0287, 0.7697, 0.0577, 0.038, 0.0523], [0.0559, 0.0465, 0.0727, 0.613, 0.0644, 0.0727, 0.0748], [0.0638, 0.0912, 0.0742, 0.6519, 0.0285, 0.0291, 0.0613], [0.059, 0.0704, 0.0245, 0.7348, 0.0194, 0.0653, 0.0265], [0.0618, 0.0246, 0.0396, 0.7129, 0.0859, 0.0411, 0.0342], [0.0262, 0.0611, 0.0632, 0.6885, 0.0419, 0.0361, 0.0828], [0.0484, 0.0285, 0.0574, 0.7406, 0.0297, 0.0287, 0.0667], [0.0798, 0.0753, 0.077, 0.6439, 0.0485, 0.0482, 0.0274], [0.0244, 0.0255, 0.099, 0.6871, 0.0682, 0.0411, 0.0546], [0.047, 0.0626, 0.0485, 0.6994, 0.079, 0.0194, 0.044], [0.0628, 0.0145, 0.0432, 0.736, 0.0582, 0.0478, 0.0375], [0.019, 0.0638, 0.0583, 0.7463, 0.0251, 0.0601, 0.0273], [0.0644, 0.045, 0.0567, 0.715, 0.0587, 0.0366, 0.0236], [0.0315, 0.0412, 0.04, 0.7663, 0.0237, 0.0439, 0.0534], [0.0131, 0.0326, 0.0464, 0.7077, 0.0539, 0.0681, 0.0782], [0.0409, 0.0575, 0.0175, 0.7185, 0.0825, 0.0692, 0.0139], [0.072, 0.0158, 0.0718, 0.6495, 0.081, 0.053, 0.0569], [0.0462, 0.0661, 0.0143, 0.6911, 0.0622, 0.0683, 0.0518], [0.0662, 0.0622, 0.0391, 0.7048, 0.063, 0.0139, 0.0507], [0.022, 0.052, 0.0297, 0.7517, 0.0669, 0.0543, 0.0233], [0.0702, 0.0476, 0.0466, 0.7328, 0.0543, 0.0264, 0.0223], [0.0389, 0.0561, 0.0676, 0.6397, 0.0672, 0.0755, 0.0551], [0.0298, 0.0869, 0.0174, 0.7374, 0.0347, 0.0285, 0.0653], [0.0742, 0.0475, 0.019, 0.727, 0.0188, 0.0179, 0.0957], [0.0482, 0.0582, 0.0131, 0.6674, 0.0656, 0.0771, 0.0704], [0.0879, 0.041, 0.0175, 0.6869, 0.0535, 0.0629, 0.0504], [0.0223, 0.0561, 0.0781, 0.7247, 0.0291, 0.0247, 0.065], [0.036, 0.0391, 0.0638, 0.7008, 0.0546, 0.0474, 0.0583], [0.0747, 0.0203, 0.0112, 0.7413, 0.0653, 0.04, 0.0472], [0.0532, 0.0709, 0.0662, 0.6125, 0.0296, 0.0817, 0.0859], [0.0407, 0.0505, 0.0741, 0.7721, 0.0152, 0.0299, 0.0175], [0.0533, 0.0848, 0.0354, 0.6912, 0.0551, 0.0266, 0.0536], [0.0239, 0.0716, 0.075, 0.6983, 0.0418, 0.0339, 0.0555], [0.0347, 0.0781, 0.035, 0.7114, 0.049, 0.016, 0.0759], [0.0239, 0.0645, 0.044, 0.7229, 0.0909, 0.025, 0.0289], [0.0147, 0.0392, 0.0166, 0.7429, 0.0447, 0.0661, 0.0758], [0.0405, 0.0657, 0.0752, 0.7088, 0.0306, 0.0504, 0.0288], [0.0212, 0.0721, 0.0604, 0.7688, 0.0152, 0.0476, 0.0147], [0.0411, 0.0826, 0.0595, 0.6694, 0.0223, 0.0697, 0.0555], [0.0518, 0.0291, 0.0506, 0.747, 0.0365, 0.0216, 0.0634], [0.0546, 0.0358, 0.0184, 0.7343, 0.0732, 0.0366, 0.0471], [0.0167, 0.0746, 0.058, 0.6695, 0.0264, 0.0672, 0.0876], [0.0444, 0.0546, 0.0278, 0.7092, 0.0822, 0.0472, 0.0345], [0.0159, 0.0422, 0.0209, 0.766, 0.0844, 0.0283, 0.0423], [0.03, 0.0456, 0.0257, 0.6434, 0.0847, 0.0904, 0.0803], [0.0952, 0.0377, 0.0722, 0.6298, 0.0762, 0.0272, 0.0616], [0.0443, 0.0972, 0.0188, 0.6744, 0.0237, 0.0865, 0.0552], [0.0317, 0.0435, 0.0337, 0.8016, 0.0346, 0.0334, 0.0214], [0.0273, 0.0193, 0.0499, 0.8351, 0.0279, 0.0255, 0.015], [0.0355, 0.0477, 0.0217, 0.7428, 0.0264, 0.0574, 0.0685], [0.0342, 0.1023, 0.0489, 0.7073, 0.0337, 0.0193, 0.0543], [0.02, 0.0186, 0.0136, 0.8191, 0.0278, 0.0501, 0.0508], [0.0972, 0.0306, 0.0328, 0.6828, 0.0821, 0.033, 0.0414], [0.0596, 0.0169, 0.0211, 0.8034, 0.0397, 0.0251, 0.0341], [0.0171, 0.0217, 0.0145, 0.874, 0.0187, 0.035, 0.019], [0.0328, 0.0846, 0.0412, 0.726, 0.0214, 0.0272, 0.0668], [0.0582, 0.0485, 0.0808, 0.6867, 0.0347, 0.0522, 0.0389], [0.0289, 0.0684, 0.0671, 0.7078, 0.0535, 0.0559, 0.0184], [0.0664, 0.0395, 0.0644, 0.6931, 0.0664, 0.0546, 0.0156], [0.0229, 0.032, 0.0222, 0.7845, 0.0395, 0.0212, 0.0776], [0.015, 0.0332, 0.0715, 0.7144, 0.0588, 0.0184, 0.0886], [0.0254, 0.0531, 0.027, 0.7433, 0.0694, 0.0405, 0.0413], [0.0769, 0.0803, 0.0334, 0.6565, 0.0733, 0.0474, 0.0322], [0.0851, 0.0202, 0.0295, 0.7268, 0.0583, 0.0146, 0.0655], [0.0268, 0.022, 0.0206, 0.7614, 0.0678, 0.0657, 0.0358], [0.0749, 0.0531, 0.0398, 0.7437, 0.0527, 0.0189, 0.0169], [0.0198, 0.0881, 0.0138, 0.6684, 0.0844, 0.0567, 0.0688], [0.0664, 0.073, 0.0461, 0.6282, 0.0783, 0.0753, 0.0327], [0.0788, 0.069, 0.0794, 0.6347, 0.0542, 0.0175, 0.0664], [0.0417, 0.0623, 0.0524, 0.6954, 0.0461, 0.0438, 0.0584], [0.09, 0.0459, 0.0486, 0.6622, 0.0642, 0.0658, 0.0233], [0.0265, 0.0317, 0.0428, 0.7688, 0.0607, 0.0417, 0.0277], [0.0427, 0.0767, 0.021, 0.7231, 0.0389, 0.0744, 0.0232], [0.073, 0.0311, 0.0779, 0.761, 0.0179, 0.024, 0.0149], [0.063, 0.0521, 0.0128, 0.6996, 0.0623, 0.0703, 0.0399], [0.0295, 0.0711, 0.0694, 0.697, 0.0425, 0.0648, 0.0258], [0.0391, 0.0584, 0.0628, 0.754, 0.0211, 0.0248, 0.0399], [0.0338, 0.0414, 0.046, 0.7433, 0.0523, 0.0494, 0.0337], [0.0556, 0.0382, 0.0575, 0.6454, 0.0544, 0.0768, 0.0722]], "emotions": ["green", "green", "green", "green", "green", "green", "green", "green", "green", "green", "green", "green", "green", "green", "green", "green", "green", "green", "green", "green", "green", "green", "green", "green", "green", "green", "green", "green", "green", "green", "green", "green", "green", "green", "green", "green", "green", "green", "green", "green", "green", "green", "green", "green", "green", "green", "green", "green", "green", "green", "green", "green", "green", "green", "green", "green", "green", "green", "green", "green", "green", "green", "green", "green", "green", "green", "green", "green", "green", "green", "green", "green", "green", "green", "green", "green", "green", "green", "green", "green"], "timestamps": [0, 40, 80, 120, 160, 200, 240, 280, 320, 360, 400, 440, 480, 520, 560, 600, 640, 680, 720, 760, 800, 840, 880, 920, 960, 1000, 1040, 1080, 1120, 1160, 1200, 1240, 1280, 1320, 1360, 1400, 1440, 1480, 1520, 1560, 1600, 1640, 1680, 1720, 1760, 1800, 1840, 1880, 1920, 1960, 2000, 2040, 2080, 2120, 2160, 2200, 2240, 2280, 2320, 2360, 2400, 2440, 2480, 2520, 2560, 2600, 2640, 2680, 2720, 2760, 2800, 2840, 2880, 2920, 2960, 3000, 3040, 3080, 3120, 3160]}], "conversation": [], "conversation_timestamps": []}