{"agent_id": "agent-red-601", "type": "red", "trips": [{"trip_id": 0, "transport_method": "foot", "start_time": 0, "path": [[1.500689, 42.4712102], [1.5011761, 42.4719169], [1.5009794, 42.4725626], [1.5000739, 42.4726127], [1.4994536, 42.4732223], [1.4985756, 42.4735305], [1.4977024, 42.4738092], [1.4969818, 42.4743858], [1.4963412, 42.4750657], [1.4956217, 42.4754221], [1.4948348, 42.4759012], [1.4939841, 42.4762755], [1.4931722, 42.4767511], [1.4923602, 42.4772267], [1.4915483, 42.4777023], [1.4907363, 42.4781779], [1.4902269, 42.478702], [1.4911399, 42.478524], [1.4920144, 42.4783199], [1.4927128, 42.4776992], [1.4934923, 42.4771771], [1.4941921, 42.4766472], [1.4937727, 42.4763963], [1.492958, 42.4768671], [1.4921433, 42.477338], [1.4913286, 42.4778088], [1.4905138, 42.4782797], [1.4898084, 42.4788634], [1.4894684, 42.4797315], [1.4895364, 42.4806676], [1.4897144, 42.4815867], [1.490161, 42.4824126], [1.4906387, 42.4832231], [1.4910789, 42.4840545], [1.4915663, 42.4846317], [1.4924644, 42.4848104], [1.4932623, 42.4852687], [1.4940101, 42.4858382], [1.4946063, 42.4865525], [1.4946809, 42.4874656], [1.4948537, 42.4883591], [1.4954584, 42.4890799], [1.496072, 42.4897933], [1.4962892, 42.4906811], [1.4967711, 42.4914106], [1.4975589, 42.491925], [1.4983803, 42.4923834], [1.4992135, 42.4928204], [1.4999749, 42.4933708], [1.5005973, 42.4940469], [1.5013908, 42.4944952], [1.5022443, 42.4948913], [1.5030939, 42.4952949], [1.5039872, 42.4955891], [1.5048175, 42.4960302], [1.5056995, 42.4963535], [1.5065894, 42.4966589], [1.5074748, 42.4969776], [1.50834, 42.4973454], [1.509188, 42.4977532], [1.5100281, 42.4981771], [1.5106901, 42.498833], [1.5112744, 42.4995706], [1.5118531, 42.5003126], [1.5124182, 42.5010649], [1.5130295, 42.5017664], [1.5138347, 42.5022533], [1.5135461, 42.5019973], [1.51295, 42.5017093], [1.5137971, 42.502119], [1.5146442, 42.5025288], [1.515085, 42.5027849], [1.5158417, 42.5032872], [1.5151545, 42.5028252], [1.515933, 42.5033539], [1.5167934, 42.5036937], [1.5177336, 42.5036622], [1.5186733, 42.5036146], [1.5195555, 42.5033511], [1.5203041, 42.5027809]], "mood_vectors": [[0.6745, 0.054, 0.0731, 0.0448, 0.0799, 0.029, 0.0448], [0.687, 0.0572, 0.0238, 0.0625, 0.0286, 0.0636, 0.0773], [0.6559, 0.0885, 0.0707, 0.0466, 0.0447, 0.0451, 0.0485], [0.6809, 0.0243, 0.0812, 0.061, 0.0544, 0.0467, 0.0515], [0.7233, 0.0237, 0.0186, 0.0814, 0.0709, 0.0563, 0.0258], [0.6881, 0.0908, 0.0306, 0.0533, 0.0371, 0.0407, 0.0593], [0.7472, 0.0576, 0.0162, 0.0514, 0.0174, 0.0442, 0.066], [0.587, 0.0677, 0.035, 0.0807, 0.0798, 0.0788, 0.0709], [0.6365, 0.0848, 0.0564, 0.0455, 0.0552, 0.0236, 0.098], [0.7205, 0.0455, 0.0283, 0.0551, 0.0263, 0.0581, 0.066], [0.7473, 0.0305, 0.013, 0.0746, 0.0721, 0.0254, 0.0372], [0.6447, 0.0474, 0.0521, 0.069, 0.0522, 0.0368, 0.0979], [0.6767, 0.0607, 0.0293, 0.0725, 0.0565, 0.0602, 0.044], [0.7674, 0.047, 0.0291, 0.0165, 0.0491, 0.0405, 0.0504], [0.6337, 0.0769, 0.0318, 0.0592, 0.0335, 0.0862, 0.0786], [0.7363, 0.0454, 0.0519, 0.0249, 0.051, 0.0189, 0.0716], [0.7295, 0.0324, 0.0634, 0.0584, 0.0535, 0.0231, 0.0397], [0.6532, 0.0734, 0.0752, 0.0327, 0.0626, 0.0371, 0.0659], [0.6749, 0.0333, 0.0517, 0.0725, 0.017, 0.0758, 0.0747], [0.6691, 0.0696, 0.0555, 0.0523, 0.0712, 0.019, 0.0632], [0.6741, 0.0367, 0.0522, 0.0221, 0.0619, 0.0894, 0.0636], [0.8123, 0.0361, 0.0326, 0.0273, 0.0304, 0.0179, 0.0434], [0.632, 0.0768, 0.0836, 0.0765, 0.013, 0.0445, 0.0735], [0.6396, 0.0617, 0.0562, 0.0864, 0.0161, 0.0853, 0.0546], [0.7181, 0.0283, 0.0358, 0.0451, 0.0658, 0.0702, 0.0367], [0.6651, 0.0772, 0.0703, 0.0777, 0.0315, 0.0422, 0.036], [0.6926, 0.0566, 0.0526, 0.0647, 0.0458, 0.0569, 0.0308], [0.7528, 0.0233, 0.0205, 0.0696, 0.0172, 0.0743, 0.0423], [0.6483, 0.0906, 0.0531, 0.0544, 0.0471, 0.0217, 0.0849], [0.686, 0.0524, 0.0174, 0.087, 0.0779, 0.0269, 0.0523], [0.6951, 0.0733, 0.0245, 0.0399, 0.0593, 0.0508, 0.057], [0.6885, 0.0449, 0.0399, 0.0872, 0.0152, 0.0933, 0.0311], [0.7012, 0.0157, 0.0709, 0.0642, 0.0483, 0.0218, 0.0781], [0.7105, 0.0445, 0.0435, 0.0738, 0.0443, 0.029, 0.0543], [0.6947, 0.0568, 0.0579, 0.0212, 0.0821, 0.0548, 0.0326], [0.7131, 0.0387, 0.0182, 0.0619, 0.0863, 0.0654, 0.0164], [0.6832, 0.0597, 0.0523, 0.0143, 0.0546, 0.0427, 0.0932], [0.7142, 0.0276, 0.0222, 0.0884, 0.0374, 0.0564, 0.0538], [0.6855, 0.0451, 0.036, 0.018, 0.0787, 0.0665, 0.0702], [0.7564, 0.0579, 0.0137, 0.0132, 0.0183, 0.0634, 0.0771], [0.6469, 0.0452, 0.0724, 0.0725, 0.0161, 0.0616, 0.0852], [0.7179, 0.0205, 0.0653, 0.0248, 0.043, 0.0609, 0.0675], [0.681, 0.0749, 0.0573, 0.0625, 0.065, 0.0339, 0.0253], [0.7142, 0.0647, 0.0584, 0.019, 0.0451, 0.0422, 0.0564], [0.7232, 0.0418, 0.0388, 0.0807, 0.0233, 0.0768, 0.0153], [0.6942, 0.0222, 0.0632, 0.0399, 0.0618, 0.0388, 0.08], [0.6484, 0.0136, 0.0231, 0.0873, 0.0769, 0.0659, 0.0849], [0.6303, 0.0741, 0.0583, 0.0656, 0.0777, 0.0348, 0.0591], [0.7031, 0.0451, 0.0706, 0.0401, 0.058, 0.0717, 0.0114], [0.6187, 0.0155, 0.0721, 0.0834, 0.0794, 0.0844, 0.0465], [0.7362, 0.014, 0.0416, 0.0395, 0.0783, 0.0711, 0.0193], [0.7334, 0.0653, 0.0427, 0.0323, 0.027, 0.071, 0.0283], [0.6459, 0.092, 0.0527, 0.033, 0.0779, 0.0776, 0.0209], [0.7546, 0.029, 0.0423, 0.0611, 0.0374, 0.0485, 0.0271], [0.6474, 0.0674, 0.0813, 0.0469, 0.0234, 0.078, 0.0556], [0.7574, 0.0231, 0.05, 0.0826, 0.021, 0.048, 0.0181], [0.7312, 0.0276, 0.0649, 0.0392, 0.0713, 0.0433, 0.0224], [0.5651, 0.0529, 0.0731, 0.0859, 0.0564, 0.0847, 0.0819], [0.7027, 0.0401, 0.0165, 0.0597, 0.0592, 0.0378, 0.0839], [0.697, 0.0749, 0.0502, 0.0256, 0.0166, 0.0632, 0.0725], [0.6822, 0.0554, 0.0682, 0.0448, 0.0225, 0.054, 0.0729], [0.679, 0.0706, 0.0742, 0.0205, 0.0585, 0.0216, 0.0756], [0.6008, 0.0949, 0.0785, 0.0649, 0.0715, 0.0414, 0.0479], [0.7585, 0.0149, 0.0605, 0.0351, 0.0612, 0.0473, 0.0225], [0.7311, 0.0604, 0.0539, 0.0266, 0.0621, 0.0537, 0.0122], [0.7039, 0.0274, 0.0809, 0.0494, 0.0722, 0.0426, 0.0237], [0.7479, 0.0338, 0.0385, 0.068, 0.081, 0.0185, 0.0124], [0.6841, 0.055, 0.043, 0.0621, 0.0384, 0.0621, 0.0552], [0.6477, 0.077, 0.0427, 0.0267, 0.0716, 0.0666, 0.0677], [0.6991, 0.0457, 0.0485, 0.0368, 0.056, 0.0553, 0.0585], [0.7104, 0.0824, 0.0378, 0.0254, 0.0434, 0.0758, 0.0249], [0.7459, 0.0183, 0.0543, 0.0774, 0.0708, 0.0197, 0.0138], [0.6682, 0.0341, 0.0664, 0.0477, 0.0806, 0.0507, 0.0524], [0.7102, 0.0465, 0.0335, 0.0378, 0.0417, 0.0775, 0.0528], [0.8006, 0.0582, 0.0522, 0.0346, 0.0154, 0.0147, 0.0244], [0.7133, 0.0841, 0.0251, 0.0872, 0.0494, 0.023, 0.0178], [0.7025, 0.057, 0.0666, 0.0511, 0.0493, 0.0312, 0.0423], [0.6814, 0.0448, 0.0446, 0.049, 0.0783, 0.0692, 0.0327], [0.7062, 0.0187, 0.0537, 0.0656, 0.0379, 0.0519, 0.0661], [0.7038, 0.0475, 0.0765, 0.0417, 0.0559, 0.0216, 0.0531]], "emotions": ["red", "red", "red", "red", "red", "red", "red", "red", "red", "red", "red", "red", "red", "red", "red", "red", "red", "red", "red", "red", "red", "red", "red", "red", "red", "red", "red", "red", "red", "red", "red", "red", "red", "red", "red", "red", "red", "red", "red", "red", "red", "red", "red", "red", "red", "red", "red", "red", "red", "red", "red", "red", "red", "red", "red", "red", "red", "red", "red", "red", "red", "red", "red", "red", "red", "red", "red", "red", "red", "red", "red", "red", "red", "red", "red", "red", "red", "red", "red", "red"], "timestamps": [0, 40, 80, 120, 160, 200, 240, 280, 320, 360, 400, 440, 480, 520, 560, 600, 640, 680, 720, 760, 800, 840, 880, 920, 960, 1000, 1040, 1080, 1120, 1160, 1200, 1240, 1280, 1320, 1360, 1400, 1440, 1480, 1520, 1560, 1600, 1640, 1680, 1720, 1760, 1800, 1840, 1880, 1920, 1960, 2000, 2040, 2080, 2120, 2160, 2200, 2240, 2280, 2320, 2360, 2400, 2440, 2480, 2520, 2560, 2600, 2640, 2680, 2720, 2760, 2800, 2840, 2880, 2920, 2960, 3000, 3040, 3080, 3120, 3160]}], "conversation": [], "conversation_timestamps": []}