{"agent_id": "agent-purple-1279", "type": "purple", "trips": [{"trip_id": 0, "transport_method": "foot", "start_time": 0, "path": [[1.5365745, 42.5120745], [1.5366501, 42.5120787], [1.5367258, 42.5120828], [1.5368015, 42.5120802], [1.5368753, 42.5120648], [1.536946, 42.5120375], [1.5370098, 42.5119971], [1.5370723, 42.5119542], [1.5371348, 42.5119114], [1.5372066, 42.511887], [1.5372784, 42.5118629], [1.5373503, 42.5118387], [1.5374221, 42.5118146], [1.537494, 42.5117904], [1.5375658, 42.5117662], [1.5376376, 42.5117421], [1.5377095, 42.5117179], [1.5377776, 42.5116858], [1.5378425, 42.5116466], [1.5379074, 42.5116074], [1.5379723, 42.5115683], [1.5380407, 42.5115361], [1.5381112, 42.5115084], [1.5381818, 42.5114807], [1.5382523, 42.511453], [1.5383229, 42.5114253], [1.5383622, 42.5113688], [1.5384187, 42.5113183], [1.5384752, 42.5112678], [1.53853, 42.5112154], [1.5385845, 42.5111627], [1.5386389, 42.5111099], [1.5386934, 42.5110572], [1.5387478, 42.5110045], [1.5388023, 42.5109517], [1.5388567, 42.510899], [1.5389112, 42.5108463], [1.5389656, 42.5107936], [1.5390201, 42.5107408], [1.5390745, 42.5106881], [1.5391079, 42.5106267], [1.5391063, 42.510551], [1.5391046, 42.5104752], [1.5391029, 42.5103994], [1.5391012, 42.5103236], [1.5391298, 42.5102627], [1.5391907, 42.5102177], [1.5392517, 42.5101727], [1.5393127, 42.5101276], [1.5393845, 42.5101121], [1.5394579, 42.5100935], [1.5395296, 42.5100688], [1.5395995, 42.5100396], [1.5396692, 42.5100098], [1.5397377, 42.5099774], [1.539806, 42.5099445], [1.5398743, 42.5099116], [1.5399416, 42.5098769], [1.5400033, 42.5098331], [1.5400543, 42.5097775], [1.5401103, 42.5097265], [1.5401665, 42.5096757], [1.5402293, 42.5096356], [1.5403004, 42.5096094], [1.5403715, 42.5095832], [1.5404426, 42.509557], [1.5405137, 42.5095308], [1.5405849, 42.5095045], [1.540656, 42.5094783], [1.5407026, 42.509429], [1.5407244, 42.5093564], [1.5407463, 42.5092839], [1.5407681, 42.5092113], [1.5407851, 42.5091374], [1.5408018, 42.5090635], [1.5408185, 42.5089896], [1.5408352, 42.5089156], [1.5408519, 42.5088417], [1.5408678, 42.5087676], [1.5408815, 42.508693]], "mood_vectors": [[0.068, 0.0184, 0.0797, 0.0273, 0.0839, 0.6512, 0.0715], [0.0327, 0.0568, 0.0636, 0.0677, 0.0184, 0.713, 0.0477], [0.0267, 0.0178, 0.066, 0.0297, 0.0748, 0.7197, 0.0652], [0.0667, 0.0197, 0.0147, 0.0562, 0.0465, 0.7562, 0.04], [0.027, 0.0561, 0.0151, 0.0904, 0.0595, 0.7077, 0.0442], [0.0106, 0.0349, 0.0611, 0.068, 0.0599, 0.7208, 0.0448], [0.0663, 0.0835, 0.0493, 0.0816, 0.0427, 0.6425, 0.0341], [0.0723, 0.0859, 0.0387, 0.0656, 0.0145, 0.7031, 0.0199], [0.0463, 0.0375, 0.0725, 0.0181, 0.0874, 0.6618, 0.0765], [0.0601, 0.0247, 0.0284, 0.0571, 0.0557, 0.697, 0.077], [0.0308, 0.0541, 0.0592, 0.073, 0.0465, 0.7132, 0.0233], [0.0122, 0.0154, 0.0467, 0.0163, 0.0809, 0.7734, 0.055], [0.0501, 0.0635, 0.0918, 0.0165, 0.0662, 0.6776, 0.0342], [0.0211, 0.0416, 0.0718, 0.0824, 0.0534, 0.649, 0.0807], [0.015, 0.037, 0.0473, 0.0666, 0.0355, 0.7239, 0.0748], [0.0722, 0.0273, 0.037, 0.0643, 0.0483, 0.729, 0.0218], [0.0326, 0.0547, 0.0489, 0.0671, 0.0443, 0.7166, 0.0357], [0.0834, 0.0253, 0.0188, 0.0937, 0.0287, 0.6931, 0.057], [0.0312, 0.0304, 0.0263, 0.0268, 0.0337, 0.8036, 0.048], [0.0557, 0.0607, 0.0554, 0.0224, 0.0157, 0.7129, 0.0772], [0.0917, 0.065, 0.0142, 0.0471, 0.0158, 0.6849, 0.0814], [0.0363, 0.0698, 0.0771, 0.068, 0.0369, 0.69, 0.0219], [0.0179, 0.0833, 0.0736, 0.0439, 0.0664, 0.6622, 0.0526], [0.024, 0.0843, 0.0822, 0.0256, 0.0457, 0.6962, 0.042], [0.0551, 0.0684, 0.0675, 0.0798, 0.0337, 0.617, 0.0786], [0.0742, 0.052, 0.0348, 0.0296, 0.0624, 0.7319, 0.015], [0.0287, 0.0691, 0.0169, 0.0339, 0.0876, 0.7392, 0.0245], [0.0209, 0.0286, 0.0827, 0.0613, 0.0505, 0.7284, 0.0276], [0.053, 0.0804, 0.0206, 0.0375, 0.027, 0.7672, 0.0143], [0.0955, 0.0694, 0.0693, 0.0192, 0.0547, 0.6556, 0.0363], [0.0763, 0.0408, 0.0669, 0.0244, 0.042, 0.6794, 0.0702], [0.0303, 0.0822, 0.0212, 0.0806, 0.0795, 0.6362, 0.0701], [0.0356, 0.0545, 0.0624, 0.0617, 0.0661, 0.6576, 0.0621], [0.0313, 0.0622, 0.05, 0.0741, 0.0425, 0.6725, 0.0674], [0.0577, 0.0553, 0.0565, 0.0327, 0.0741, 0.707, 0.0166], [0.0736, 0.0642, 0.0437, 0.0389, 0.0271, 0.6897, 0.0629], [0.031, 0.038, 0.0367, 0.0842, 0.0943, 0.6567, 0.0592], [0.0541, 0.0694, 0.0118, 0.0205, 0.0199, 0.7892, 0.035], [0.0643, 0.0216, 0.062, 0.0798, 0.0685, 0.6301, 0.0737], [0.0126, 0.0773, 0.0687, 0.0606, 0.0173, 0.7437, 0.0198], [0.0378, 0.0384, 0.0166, 0.0444, 0.0715, 0.7481, 0.0432], [0.0199, 0.0754, 0.0529, 0.0781, 0.0623, 0.678, 0.0335], [0.0289, 0.0433, 0.0325, 0.0325, 0.0327, 0.7478, 0.0823], [0.0826, 0.0507, 0.0514, 0.0791, 0.0559, 0.6595, 0.0207], [0.0819, 0.0431, 0.0367, 0.0168, 0.0813, 0.6956, 0.0445], [0.0403, 0.0643, 0.065, 0.0208, 0.0465, 0.7253, 0.0376], [0.0337, 0.0641, 0.0705, 0.0433, 0.0566, 0.6709, 0.0609], [0.0602, 0.0411, 0.0209, 0.0668, 0.0503, 0.7452, 0.0154], [0.0201, 0.0295, 0.033, 0.0819, 0.0189, 0.7869, 0.0297], [0.0233, 0.0426, 0.0593, 0.0558, 0.0432, 0.7289, 0.0468], [0.0577, 0.0221, 0.0555, 0.0536, 0.0318, 0.7199, 0.0593], [0.0616, 0.0222, 0.0843, 0.0545, 0.0428, 0.7155, 0.0192], [0.0607, 0.0267, 0.0372, 0.0475, 0.0653, 0.7223, 0.0403], [0.0708, 0.0459, 0.0638, 0.0194, 0.0421, 0.7447, 0.0134], [0.0669, 0.0722, 0.0439, 0.0524, 0.0205, 0.7216, 0.0225], [0.0543, 0.0768, 0.08, 0.0678, 0.0153, 0.6246, 0.0812], [0.0228, 0.0782, 0.0429, 0.0436, 0.0233, 0.7428, 0.0464], [0.0207, 0.0773, 0.0243, 0.0652, 0.0429, 0.7325, 0.0371], [0.0586, 0.057, 0.055, 0.0449, 0.0744, 0.6415, 0.0685], [0.0378, 0.0388, 0.0796, 0.0532, 0.0886, 0.6786, 0.0235], [0.0445, 0.0464, 0.0289, 0.0153, 0.0837, 0.7318, 0.0494], [0.0773, 0.0287, 0.0774, 0.0679, 0.0457, 0.6657, 0.0372], [0.0771, 0.024, 0.0376, 0.0684, 0.0255, 0.7515, 0.016], [0.0572, 0.0768, 0.0332, 0.0781, 0.0392, 0.6725, 0.0431], [0.0877, 0.0166, 0.0265, 0.0888, 0.0731, 0.6769, 0.0304], [0.0811, 0.0674, 0.02, 0.0206, 0.0559, 0.6966, 0.0583], [0.0718, 0.052, 0.061, 0.0364, 0.0369, 0.6826, 0.0593], [0.0444, 0.0151, 0.0411, 0.077, 0.0677, 0.738, 0.0166], [0.0609, 0.0645, 0.034, 0.0688, 0.0392, 0.7114, 0.0212], [0.0443, 0.0668, 0.0655, 0.0526, 0.0564, 0.6362, 0.0784], [0.0506, 0.072, 0.0581, 0.021, 0.0889, 0.6952, 0.0143], [0.0812, 0.0451, 0.0264, 0.0229, 0.071, 0.7262, 0.0272], [0.0591, 0.0823, 0.0312, 0.075, 0.0815, 0.646, 0.0248], [0.0387, 0.0595, 0.0478, 0.0132, 0.0501, 0.7731, 0.0176], [0.0584, 0.0329, 0.0487, 0.04, 0.067, 0.711, 0.042], [0.0728, 0.0545, 0.0615, 0.074, 0.0288, 0.6789, 0.0295], [0.063, 0.0282, 0.0353, 0.073, 0.0427, 0.738, 0.0198], [0.0687, 0.0502, 0.0681, 0.0503, 0.0624, 0.6674, 0.0329], [0.0463, 0.0543, 0.014, 0.0333, 0.0616, 0.746, 0.0445], [0.0597, 0.0222, 0.0653, 0.0537, 0.0296, 0.7285, 0.0409]], "emotions": ["purple", "purple", "purple", "purple", "purple", "purple", "purple", "purple", "purple", "purple", "purple", "purple", "purple", "purple", "purple", "purple", "purple", "purple", "purple", "purple", "purple", "purple", "purple", "purple", "purple", "purple", "purple", "purple", "purple", "purple", "purple", "purple", "purple", "purple", "purple", "purple", "purple", "purple", "purple", "purple", "purple", "purple", "purple", "purple", "purple", "purple", "purple", "purple", "purple", "purple", "purple", "purple", "purple", "purple", "purple", "purple", "purple", "purple", "purple", "purple", "purple", "purple", "purple", "purple", "purple", "purple", "purple", "purple", "purple", "purple", "purple", "purple", "purple", "purple", "purple", "purple", "purple", "purple", "purple", "purple"], "timestamps": [0, 40, 80, 120, 160, 200, 240, 280, 320, 360, 400, 440, 480, 520, 560, 600, 640, 680, 720, 760, 800, 840, 880, 920, 960, 1000, 1040, 1080, 1120, 1160, 1200, 1240, 1280, 1320, 1360, 1400, 1440, 1480, 1520, 1560, 1600, 1640, 1680, 1720, 1760, 1800, 1840, 1880, 1920, 1960, 2000, 2040, 2080, 2120, 2160, 2200, 2240, 2280, 2320, 2360, 2400, 2440, 2480, 2520, 2560, 2600, 2640, 2680, 2720, 2760, 2800, 2840, 2880, 2920, 2960, 3000, 3040, 3080, 3120, 3160]}], "conversation": [], "conversation_timestamps": []}