{"agent_id": "agent-blue-1155", "type": "blue", "trips": [{"trip_id": 0, "transport_method": "car", "start_time": 0, "path": [[1.5405698, 42.5105333], [1.5406565, 42.5105137], [1.5407432, 42.5104942], [1.5408299, 42.5104746], [1.5409148, 42.5104484], [1.5409926, 42.5104167], [1.540988, 42.5103279], [1.5409611, 42.5102792], [1.5408833, 42.5103222], [1.5408055, 42.5103652], [1.5407277, 42.5104083], [1.5406499, 42.5104513], [1.5405721, 42.5104943], [1.5404943, 42.5105373], [1.5404111, 42.5105601], [1.5403222, 42.5105618], [1.5402333, 42.5105634], [1.5401445, 42.5105606], [1.5400556, 42.5105576], [1.5399668, 42.5105548], [1.5398779, 42.510552], [1.5397891, 42.5105491], [1.5397002, 42.5105463], [1.5396113, 42.5105434], [1.5395225, 42.5105405], [1.5394336, 42.5105377], [1.53935, 42.5105673], [1.5392664, 42.5105977], [1.5391829, 42.5106281], [1.5390999, 42.5106597], [1.5390211, 42.5107008], [1.5389423, 42.510742], [1.5388635, 42.5107831], [1.5387847, 42.5108243], [1.5387059, 42.5108654], [1.5386296, 42.5109089], [1.5385955, 42.510991], [1.5385614, 42.5110731], [1.5385273, 42.5111552], [1.5384932, 42.5112373], [1.5384359, 42.5113029], [1.5383697, 42.5113622], [1.5383199, 42.5114264], [1.5382372, 42.5114589], [1.5381544, 42.5114914], [1.5380717, 42.5115239], [1.5379896, 42.5115578], [1.5379135, 42.5116038], [1.5378374, 42.5116497], [1.5377613, 42.5116956], [1.537679, 42.5117282], [1.5375947, 42.5117565], [1.5375105, 42.5117849], [1.5374262, 42.5118132], [1.537342, 42.5118415], [1.5372577, 42.5118699], [1.5371734, 42.5118982], [1.5370995, 42.511944], [1.537034, 42.5120041], [1.5369686, 42.5120643], [1.5368983, 42.5121183], [1.536828, 42.5121722], [1.5367632, 42.5122331], [1.5366929, 42.5122856], [1.5366114, 42.5123212], [1.53653, 42.5123568], [1.5364485, 42.5123924], [1.5363671, 42.5124282], [1.5362858, 42.512464], [1.5362044, 42.5124998], [1.5361207, 42.5125298], [1.536036, 42.5125565], [1.5359676, 42.5126132], [1.5358992, 42.51267], [1.5359454, 42.512707], [1.5360035, 42.5127615], [1.536045, 42.5128402], [1.5360633, 42.5129261], [1.5360598, 42.5130147], [1.5361208, 42.5130775]], "mood_vectors": [[0.0855, 0.0133, 0.0129, 0.7449, 0.0659, 0.0593, 0.0182], [0.0412, 0.0166, 0.0694, 0.679, 0.0646, 0.0585, 0.0706], [0.0398, 0.0555, 0.0552, 0.6881, 0.0734, 0.0472, 0.0407], [0.031, 0.0623, 0.0185, 0.6927, 0.0725, 0.0491, 0.074], [0.0361, 0.0264, 0.0799, 0.6911, 0.0851, 0.0437, 0.0377], [0.097, 0.0656, 0.0331, 0.6525, 0.069, 0.0607, 0.0222], [0.0377, 0.0136, 0.0496, 0.7533, 0.0648, 0.0662, 0.0149], [0.0344, 0.0415, 0.0768, 0.7605, 0.0389, 0.0261, 0.0218], [0.0707, 0.0501, 0.0662, 0.5932, 0.0767, 0.0884, 0.0548], [0.0724, 0.085, 0.0692, 0.6354, 0.0538, 0.0521, 0.0321], [0.0657, 0.0663, 0.0375, 0.668, 0.0218, 0.0666, 0.074], [0.0741, 0.0789, 0.0479, 0.6069, 0.0749, 0.0532, 0.064], [0.0209, 0.0277, 0.0784, 0.7006, 0.0236, 0.0942, 0.0545], [0.0555, 0.076, 0.0287, 0.7509, 0.0562, 0.012, 0.0207], [0.0266, 0.0577, 0.0752, 0.7039, 0.0633, 0.0378, 0.0354], [0.0175, 0.0609, 0.0691, 0.7142, 0.0485, 0.0398, 0.0501], [0.0195, 0.0916, 0.0801, 0.6357, 0.0563, 0.0898, 0.027], [0.0837, 0.0545, 0.0757, 0.6601, 0.0663, 0.0156, 0.044], [0.0448, 0.0785, 0.0691, 0.6768, 0.0201, 0.0506, 0.0602], [0.0381, 0.0416, 0.0681, 0.6851, 0.0465, 0.0648, 0.0558], [0.0364, 0.0751, 0.0786, 0.674, 0.0839, 0.034, 0.018], [0.0308, 0.0359, 0.0276, 0.7479, 0.0746, 0.018, 0.0652], [0.043, 0.0159, 0.0341, 0.6944, 0.0776, 0.0645, 0.0705], [0.0349, 0.025, 0.017, 0.7146, 0.0841, 0.0724, 0.0519], [0.0254, 0.0689, 0.0695, 0.6884, 0.0352, 0.0683, 0.0442], [0.0353, 0.0496, 0.069, 0.7194, 0.0277, 0.0642, 0.0348], [0.046, 0.0623, 0.0636, 0.6886, 0.0709, 0.0275, 0.0411], [0.0588, 0.0377, 0.0728, 0.6714, 0.0385, 0.0648, 0.0559], [0.0521, 0.0315, 0.0662, 0.6845, 0.0571, 0.0729, 0.0357], [0.0142, 0.0697, 0.0412, 0.645, 0.0787, 0.0759, 0.0753], [0.0847, 0.0298, 0.0438, 0.7293, 0.0414, 0.0553, 0.0156], [0.0821, 0.0175, 0.0532, 0.7067, 0.0401, 0.0216, 0.0787], [0.0214, 0.0757, 0.0334, 0.7143, 0.0787, 0.0635, 0.013], [0.0583, 0.0345, 0.0898, 0.6693, 0.0703, 0.0213, 0.0564], [0.0771, 0.0308, 0.0528, 0.6444, 0.0759, 0.0471, 0.0719], [0.0536, 0.0908, 0.0194, 0.7023, 0.0173, 0.0614, 0.0553], [0.0414, 0.0877, 0.0477, 0.634, 0.0925, 0.0585, 0.0382], [0.086, 0.0393, 0.0528, 0.7013, 0.0795, 0.019, 0.0222], [0.0578, 0.0359, 0.0357, 0.7504, 0.0457, 0.0142, 0.0604], [0.026, 0.024, 0.0925, 0.7217, 0.0316, 0.0772, 0.0269], [0.0823, 0.024, 0.0531, 0.6532, 0.0833, 0.0708, 0.0333], [0.0225, 0.0595, 0.0657, 0.6612, 0.071, 0.0341, 0.086], [0.021, 0.0299, 0.0408, 0.764, 0.0283, 0.0741, 0.0419], [0.0834, 0.0163, 0.0382, 0.6966, 0.0391, 0.05, 0.0763], [0.0134, 0.0489, 0.0922, 0.6243, 0.072, 0.0572, 0.092], [0.0598, 0.0501, 0.0247, 0.714, 0.0615, 0.0323, 0.0575], [0.0278, 0.071, 0.0385, 0.7101, 0.066, 0.0126, 0.0742], [0.033, 0.0397, 0.0414, 0.7088, 0.066, 0.0682, 0.043], [0.0387, 0.0685, 0.0468, 0.6854, 0.0404, 0.0595, 0.0606], [0.0544, 0.0422, 0.0878, 0.6912, 0.023, 0.0463, 0.0552], [0.0224, 0.0171, 0.0729, 0.7277, 0.0635, 0.0665, 0.0299], [0.0539, 0.069, 0.0493, 0.709, 0.0393, 0.0352, 0.0442], [0.083, 0.0246, 0.0568, 0.7352, 0.0361, 0.0275, 0.0367], [0.0419, 0.0415, 0.0839, 0.7054, 0.0854, 0.018, 0.0239], [0.0226, 0.0778, 0.0341, 0.7087, 0.0626, 0.0782, 0.016], [0.0749, 0.0225, 0.0272, 0.6735, 0.0398, 0.0762, 0.0859], [0.021, 0.0528, 0.0765, 0.7358, 0.0614, 0.0262, 0.0263], [0.0801, 0.0379, 0.0759, 0.6928, 0.0622, 0.026, 0.0251], [0.0801, 0.0785, 0.0412, 0.6987, 0.0247, 0.0586, 0.0181], [0.0244, 0.0734, 0.0703, 0.711, 0.0438, 0.0279, 0.0491], [0.0274, 0.0894, 0.051, 0.7026, 0.0807, 0.0334, 0.0154], [0.0899, 0.0475, 0.0683, 0.6515, 0.0392, 0.0775, 0.0261], [0.066, 0.0384, 0.0735, 0.6532, 0.0223, 0.072, 0.0747], [0.0276, 0.0388, 0.0888, 0.7078, 0.0764, 0.0234, 0.0373], [0.0794, 0.0309, 0.0724, 0.5882, 0.0737, 0.0799, 0.0754], [0.0786, 0.0238, 0.0127, 0.7343, 0.0254, 0.065, 0.0601], [0.0374, 0.0786, 0.0259, 0.6606, 0.0564, 0.0999, 0.0412], [0.0339, 0.0442, 0.0919, 0.6655, 0.0397, 0.089, 0.0359], [0.045, 0.0203, 0.0818, 0.7216, 0.0596, 0.051, 0.0207], [0.0726, 0.019, 0.047, 0.6443, 0.0727, 0.0827, 0.0616], [0.0357, 0.0641, 0.0352, 0.7225, 0.0808, 0.033, 0.0285], [0.0533, 0.0367, 0.0227, 0.7186, 0.0432, 0.0633, 0.0622], [0.0455, 0.0812, 0.077, 0.7273, 0.0182, 0.0141, 0.0368], [0.0646, 0.0793, 0.0327, 0.6407, 0.0808, 0.0642, 0.0377], [0.072, 0.033, 0.0718, 0.687, 0.0342, 0.0558, 0.0461], [0.0542, 0.0456, 0.0174, 0.76, 0.0174, 0.0381, 0.0673], [0.0939, 0.0664, 0.0915, 0.6083, 0.0834, 0.0317, 0.0249], [0.0734, 0.0409, 0.0252, 0.7377, 0.0236, 0.0296, 0.0697], [0.0229, 0.071, 0.0443, 0.7132, 0.0642, 0.036, 0.0483], [0.0878, 0.0715, 0.0454, 0.6586, 0.0824, 0.0177, 0.0365]], "emotions": ["green", "green", "green", "green", "green", "green", "green", "green", "green", "green", "green", "green", "green", "green", "green", "green", "green", "green", "green", "green", "green", "green", "green", "green", "green", "green", "green", "green", "green", "green", "green", "green", "green", "green", "green", "green", "green", "green", "green", "green", "green", "green", "green", "green", "green", "green", "green", "green", "green", "green", "green", "green", "green", "green", "green", "green", "green", "green", "green", "green", "green", "green", "green", "green", "green", "green", "green", "green", "green", "green", "green", "green", "green", "green", "green", "green", "green", "green", "green", "green"], "timestamps": [0, 40, 80, 120, 160, 200, 240, 280, 320, 360, 400, 440, 480, 520, 560, 600, 640, 680, 720, 760, 800, 840, 880, 920, 960, 1000, 1040, 1080, 1120, 1160, 1200, 1240, 1280, 1320, 1360, 1400, 1440, 1480, 1520, 1560, 1600, 1640, 1680, 1720, 1760, 1800, 1840, 1880, 1920, 1960, 2000, 2040, 2080, 2120, 2160, 2200, 2240, 2280, 2320, 2360, 2400, 2440, 2480, 2520, 2560, 2600, 2640, 2680, 2720, 2760, 2800, 2840, 2880, 2920, 2960, 3000, 3040, 3080, 3120, 3160]}], "conversation": [], "conversation_timestamps": []}