{"agent_id": "agent-orange-418", "type": "orange", "trips": [{"trip_id": 0, "transport_method": "foot", "start_time": 0, "path": [[1.5857658, 42.5341892], [1.5854224, 42.5335891], [1.5845871, 42.5329255], [1.5827642, 42.5317498], [1.580569, 42.5317395], [1.5783698, 42.5318001], [1.5761816, 42.5315863], [1.574237, 42.5307171], [1.573459, 42.5302199], [1.5745205, 42.5309822], [1.5728878, 42.5295096], [1.5708935, 42.5290495], [1.5698094, 42.5282037], [1.5711365, 42.5292495], [1.569305, 42.5280296], [1.5675154, 42.5268389], [1.5688417, 42.5276361], [1.5670143, 42.52641], [1.5651004, 42.5253489], [1.5630485, 42.5246546], [1.5614285, 42.5232073], [1.5596537, 42.5219652], [1.5579452, 42.520607], [1.5569415, 42.5194931], [1.556625, 42.5191721], [1.5556998, 42.5181835], [1.5544579, 42.5174575], [1.5544726, 42.5176494], [1.5534171, 42.5160275], [1.5527214, 42.5140238], [1.5511055, 42.5126726], [1.549189, 42.5116893], [1.5470547, 42.5111543], [1.5464044, 42.5100714], [1.5447176, 42.5093174], [1.5425841, 42.5088773], [1.540678, 42.5086221], [1.5385356, 42.5082142], [1.5375643, 42.5080604], [1.5354189, 42.507597], [1.5351463, 42.5075913], [1.5341427, 42.5070415], [1.5320369, 42.5067363], [1.5301791, 42.5055948], [1.5280067, 42.5052808], [1.5258196, 42.5052716], [1.523658, 42.5048606], [1.5215443, 42.5045824], [1.5201636, 42.503927], [1.5220614, 42.504823], [1.5199982, 42.5040575], [1.5179469, 42.5036806], [1.5158546, 42.5032973], [1.513921, 42.5023318], [1.5123726, 42.5010042], [1.5110293, 42.4992613], [1.5093919, 42.4978546], [1.5073898, 42.4969452], [1.5053096, 42.4962278], [1.5032924, 42.4953712], [1.5012948, 42.4944505], [1.499642, 42.4931073], [1.4977284, 42.4920268], [1.4962863, 42.4905603], [1.4951722, 42.4887464], [1.4946727, 42.4867228], [1.4931396, 42.4852106], [1.4911528, 42.4844508], [1.4901232, 42.4825319], [1.4894289, 42.4804871], [1.4899721, 42.4784374], [1.4906741, 42.476456], [1.4906542, 42.4743357], [1.4910112, 42.4722678], [1.4919765, 42.4702958], [1.491631, 42.4681674], [1.4919814, 42.4662365], [1.4909523, 42.4644597], [1.4910034, 42.462413], [1.4899735, 42.4611432]], "mood_vectors": [[0.0606, 0.0334, 0.051, 0.0604, 0.6858, 0.0774, 0.0315], [0.0306, 0.0527, 0.0436, 0.0325, 0.7297, 0.0533, 0.0576], [0.0189, 0.0673, 0.0319, 0.0764, 0.6955, 0.0816, 0.0284], [0.0277, 0.0303, 0.0593, 0.0539, 0.719, 0.0716, 0.0382], [0.0883, 0.0291, 0.0756, 0.0524, 0.6589, 0.0627, 0.0329], [0.0367, 0.062, 0.0427, 0.0215, 0.7089, 0.0791, 0.049], [0.0614, 0.0183, 0.0272, 0.0694, 0.7294, 0.0175, 0.0769], [0.014, 0.0612, 0.0723, 0.0725, 0.7435, 0.0213, 0.0151], [0.0386, 0.098, 0.0264, 0.1029, 0.6528, 0.0407, 0.0406], [0.0575, 0.0542, 0.0558, 0.0511, 0.6617, 0.0612, 0.0585], [0.0564, 0.0846, 0.0365, 0.033, 0.6557, 0.0421, 0.0916], [0.0586, 0.0332, 0.0399, 0.0465, 0.7825, 0.0188, 0.0205], [0.0373, 0.0523, 0.0813, 0.0291, 0.7209, 0.0196, 0.0595], [0.0735, 0.0666, 0.0453, 0.0476, 0.6396, 0.0851, 0.0423], [0.073, 0.0228, 0.0663, 0.0503, 0.709, 0.0299, 0.0488], [0.0486, 0.0709, 0.036, 0.0646, 0.6449, 0.0797, 0.0553], [0.0121, 0.0148, 0.017, 0.0626, 0.7799, 0.0577, 0.0559], [0.048, 0.022, 0.063, 0.0891, 0.6708, 0.052, 0.0551], [0.041, 0.0495, 0.0197, 0.0396, 0.7407, 0.0256, 0.0838], [0.0455, 0.0859, 0.0666, 0.028, 0.6454, 0.0328, 0.0957], [0.0913, 0.0199, 0.0966, 0.0212, 0.7299, 0.015, 0.0261], [0.0392, 0.0123, 0.0708, 0.0619, 0.7511, 0.0139, 0.0507], [0.0446, 0.0767, 0.0337, 0.0983, 0.6485, 0.0412, 0.0571], [0.0467, 0.0537, 0.0723, 0.0441, 0.6935, 0.0686, 0.0211], [0.0241, 0.0214, 0.0879, 0.0836, 0.6832, 0.0474, 0.0524], [0.0606, 0.0813, 0.0184, 0.0662, 0.6928, 0.0129, 0.0678], [0.0456, 0.0439, 0.0234, 0.0743, 0.6668, 0.0708, 0.0752], [0.0175, 0.07, 0.0511, 0.0635, 0.6762, 0.0607, 0.061], [0.0477, 0.0471, 0.076, 0.0753, 0.7097, 0.0245, 0.0196], [0.0362, 0.0697, 0.0218, 0.0248, 0.764, 0.0669, 0.0166], [0.0671, 0.0207, 0.0502, 0.0328, 0.7125, 0.0679, 0.0488], [0.0489, 0.0618, 0.0348, 0.0238, 0.7062, 0.0774, 0.0472], [0.0156, 0.0139, 0.0261, 0.0494, 0.7855, 0.0495, 0.0601], [0.0684, 0.0226, 0.0167, 0.0484, 0.7772, 0.0493, 0.0174], [0.0832, 0.0506, 0.0733, 0.0291, 0.6494, 0.0412, 0.0732], [0.0718, 0.0292, 0.0601, 0.0366, 0.6985, 0.0308, 0.0729], [0.0883, 0.0859, 0.0319, 0.0322, 0.6547, 0.0372, 0.0698], [0.0647, 0.0196, 0.0581, 0.0831, 0.7108, 0.0228, 0.0409], [0.0735, 0.0357, 0.0519, 0.0417, 0.702, 0.0236, 0.0717], [0.0208, 0.0519, 0.0205, 0.0855, 0.7125, 0.0235, 0.0852], [0.0336, 0.065, 0.0282, 0.0383, 0.756, 0.0581, 0.0207], [0.0852, 0.0142, 0.06, 0.068, 0.6934, 0.0443, 0.0349], [0.0648, 0.043, 0.0718, 0.0459, 0.6797, 0.0297, 0.0651], [0.0776, 0.0153, 0.0507, 0.0722, 0.7396, 0.0162, 0.0284], [0.024, 0.0415, 0.0334, 0.0149, 0.7897, 0.0641, 0.0324], [0.049, 0.0862, 0.09, 0.0252, 0.6391, 0.0716, 0.039], [0.0473, 0.0568, 0.0543, 0.0476, 0.6752, 0.0567, 0.0622], [0.0422, 0.065, 0.0819, 0.0569, 0.7173, 0.0163, 0.0204], [0.0287, 0.0327, 0.0187, 0.0582, 0.8139, 0.0187, 0.0291], [0.0232, 0.0715, 0.0507, 0.0588, 0.712, 0.0189, 0.0648], [0.0606, 0.0648, 0.0238, 0.0159, 0.7411, 0.0542, 0.0396], [0.0805, 0.0796, 0.0177, 0.0837, 0.6112, 0.068, 0.0593], [0.0155, 0.0298, 0.012, 0.0456, 0.8073, 0.0292, 0.0607], [0.0606, 0.0253, 0.0472, 0.0652, 0.7506, 0.0348, 0.0164], [0.0461, 0.0613, 0.0595, 0.0641, 0.6631, 0.0455, 0.0604], [0.0772, 0.0465, 0.0321, 0.0196, 0.7284, 0.0397, 0.0564], [0.0463, 0.0148, 0.0769, 0.037, 0.7376, 0.022, 0.0655], [0.0297, 0.0546, 0.0588, 0.0574, 0.7658, 0.0145, 0.0191], [0.0307, 0.055, 0.0645, 0.0364, 0.6656, 0.0614, 0.0864], [0.0886, 0.0462, 0.0882, 0.0151, 0.6148, 0.0693, 0.0778], [0.0175, 0.0599, 0.0391, 0.0206, 0.7181, 0.0501, 0.0947], [0.0584, 0.046, 0.0713, 0.0138, 0.7226, 0.0727, 0.0152], [0.038, 0.0837, 0.044, 0.0739, 0.642, 0.0421, 0.0762], [0.066, 0.0616, 0.072, 0.0534, 0.6459, 0.076, 0.0251], [0.018, 0.0934, 0.0411, 0.0914, 0.6147, 0.0743, 0.0671], [0.0756, 0.0235, 0.04, 0.0548, 0.7311, 0.059, 0.016], [0.041, 0.038, 0.0942, 0.0388, 0.6755, 0.06, 0.0526], [0.033, 0.0847, 0.044, 0.0709, 0.6643, 0.015, 0.0881], [0.0693, 0.0205, 0.0694, 0.0649, 0.6725, 0.0695, 0.0337], [0.0679, 0.0756, 0.0597, 0.0619, 0.6509, 0.0342, 0.0497], [0.0158, 0.0376, 0.0493, 0.0438, 0.7548, 0.0273, 0.0715], [0.0436, 0.0528, 0.0868, 0.0529, 0.6286, 0.0794, 0.0559], [0.0498, 0.0539, 0.0635, 0.0346, 0.7389, 0.0141, 0.0452], [0.0588, 0.0494, 0.0162, 0.0737, 0.7502, 0.0355, 0.0163], [0.0175, 0.0212, 0.0562, 0.0594, 0.6861, 0.0861, 0.0734], [0.0324, 0.0415, 0.0793, 0.0242, 0.7028, 0.0219, 0.0979], [0.0587, 0.0548, 0.0661, 0.0123, 0.7077, 0.0419, 0.0585], [0.0532, 0.0503, 0.043, 0.0298, 0.6922, 0.083, 0.0486], [0.058, 0.0274, 0.0192, 0.018, 0.7876, 0.0362, 0.0536], [0.0757, 0.0422, 0.0665, 0.0525, 0.6881, 0.042, 0.0329]], "emotions": ["red", "red", "red", "red", "red", "red", "red", "red", "red", "red", "red", "red", "red", "red", "red", "red", "red", "red", "red", "red", "red", "red", "red", "red", "red", "red", "red", "red", "red", "red", "red", "red", "red", "red", "red", "red", "red", "red", "red", "red", "red", "red", "red", "red", "red", "red", "red", "red", "red", "red", "red", "red", "red", "red", "red", "red", "red", "red", "red", "red", "red", "red", "red", "red", "red", "red", "red", "red", "red", "red", "red", "red", "red", "red", "red", "red", "red", "red", "red", "red"], "timestamps": [0, 40, 80, 120, 160, 200, 240, 280, 320, 360, 400, 440, 480, 520, 560, 600, 640, 680, 720, 760, 800, 840, 880, 920, 960, 1000, 1040, 1080, 1120, 1160, 1200, 1240, 1280, 1320, 1360, 1400, 1440, 1480, 1520, 1560, 1600, 1640, 1680, 1720, 1760, 1800, 1840, 1880, 1920, 1960, 2000, 2040, 2080, 2120, 2160, 2200, 2240, 2280, 2320, 2360, 2400, 2440, 2480, 2520, 2560, 2600, 2640, 2680, 2720, 2760, 2800, 2840, 2880, 2920, 2960, 3000, 3040, 3080, 3120, 3160]}], "conversation": [], "conversation_timestamps": []}