{
  "agent_id": "agent-type-red-71",
  "type": "red",
  "trips": [
    {
      "trip_id": 0,
      "transport_method": "foot",
      "start_time": 0,
      "path": [
        [
          1.5266530000000003,
          42.5062147
        ],
        [
          1.5268267694184223,
          42.506328775865896
        ],
        [
          1.5267477018135047,
          42.50613076906077
        ],
        [
          1.5272636216393989,
          42.50616697217494
        ],
        [
          1.5277931223464565,
          42.507060638090756
        ],
        [
          1.5270899770377835,
          42.50716046676446
        ],
        [
          1.5261804355087378,
          42.506962511070185
        ],
        [
          1.5271431723472935,
          42.50694067381414
        ],
        [
          1.526373425300467,
          42.50687635151729
        ],
        [
          1.5255180664320254,
          42.50702529515533
        ],
        [
          1.5259522994008046,
          42.50712190920329
        ],
        [
          1.526682850142702,
          42.50737619150127
        ],
        [
          1.5266430004057427,
          42.508066769242994
        ],
        [
          1.5262162512272104,
          42.50794574709413
        ],
        [
          1.525317700810983,
          42.507710169593864
        ],
        [
          1.5244105725085944,
          42.50783557865672
        ],
        [
          1.5233631276868624,
          42.507819835993
        ],
        [
          1.523414251783416,
          42.50848192057764
        ],
        [
          1.5244000670195408,
          42.50883004107726
        ],
        [
          1.5254333347320166,
          42.509037813855166
        ],
        [
          1.5264580043237617,
          42.50928500147983
        ],
        [
          1.5266943260844938,
          42.50934201089551
        ],
        [
          1.5256696564927488,
          42.50909482327085
        ],
        [
          1.5258106263706002,
          42.509382645686784
        ],
        [
          1.5268488329602092,
          42.509564790056245
        ],
        [
          1.527861884438994,
          42.509834561564276
        ],
        [
          1.52883861793404,
          42.510230845772504
        ],
        [
          1.5294336208364123,
          42.51026274489118
        ],
        [
          1.5286846077852287,
          42.5095226411365
        ],
        [
          1.5285583721136624,
          42.50884261275189
        ],
        [
          1.5294969325990895,
          42.50917393070549
        ],
        [
          1.5286199686352082,
          42.508864722557966
        ],
        [
          1.5286344829674992,
          42.509474287392806
        ],
        [
          1.5293931000000005,
          42.51020609999999
        ]
      ],
      "emotions": [
        "green",
        "green",
        "green",
        "green",
        "green",
        "purple",
        "purple",
        "purple",
        "purple",
        "purple",
        "red",
        "red",
        "red",
        "red",
        "red",
        "red",
        "red",
        "red",
        "red",
        "red",
        "red",
        "red",
        "red",
        "red",
        "red",
        "green",
        "green",
        "green",
        "green",
        "green",
        "purple",
        "purple",
        "purple",
        "purple"
      ],
      "mood_vectors": [
        [
          0.08394373119720304,
          0.3203978487026181,
          0.09473433049775071,
          0.22595607419207808,
          0.012994165535078626,
          0.017434495395913043,
          0.24453935447935843
        ],
        [
          0.19473080448857016,
          0.06713869645245996,
          0.23810208296856378,
          0.0775310294409078,
          0.1138542382987367,
          0.19860171444236085,
          0.11004143390840077
        ],
        [
          0.32738158425071373,
          0.17088609354015516,
          0.03495037833448891,
          0.04530007092901859,
          0.058696849091249205,
          0.25616957629114223,
          0.10661544756323223
        ],
        [
          0.24529760605180706,
          0.10584661304959936,
          0.19576081541473164,
          0.053962956524649996,
          0.06401594678025777,
          0.2425674574647387,
          0.09254860471421544
        ],
        [
          0.12374133876756721,
          0.17627756208744075,
          0.17681876222836254,
          0.043092704926709774,
          0.054302485489269185,
          0.2097127482241813,
          0.2160543982764692
        ],
        [
          0.16318307513448452,
          0.17165803662324622,
          0.031080020759481783,
          0.11109312070095863,
          0.020953742099572077,
          0.21790658548298858,
          0.2841254191992682
        ],
        [
          0.15906048356417185,
          0.2063558281679655,
          0.0008991736546654919,
          0.2619904158384558,
          0.07849826030431475,
          0.2002217118989706,
          0.09297412657145608
        ],
        [
          0.08822887577235469,
          0.05214394168510816,
          0.21296654614709248,
          0.1908322619496354,
          0.2679516198888928,
          0.09092171315688526,
          0.09695504140003113
        ],
        [
          0.17567435308155294,
          0.28827679083442365,
          0.16384835917472768,
          0.15887968368954655,
          0.0546853710113768,
          0.15506441890801062,
          0.0035710233003617056
        ],
        [
          0.19024364614139652,
          0.1329467265779278,
          0.196363108204908,
          0.07456836364053429,
          0.2679054556603679,
          0.1063892700871933,
          0.03158342968767231
        ],
        [
          0.1366132739712047,
          0.036049827237713127,
          0.2833706306314041,
          0.1369024825213042,
          0.01731907594065728,
          0.21610556040053303,
          0.17363914929718352
        ],
        [
          0.1050282700378195,
          0.02894546702151488,
          0.11918342151942295,
          0.2738989446883945,
          0.09631052788083941,
          0.26874054540746634,
          0.10789282344454248
        ],
        [
          0.15568216026433448,
          0.04831039211779175,
          0.05667793058560023,
          0.19034647450983644,
          0.1632041193500028,
          0.1806962103333761,
          0.2050827128390581
        ],
        [
          0.2497499086997036,
          0.037532725074527214,
          0.05310090429956627,
          0.1713644136544944,
          0.16287189853196296,
          0.23532910480554053,
          0.09005104493420496
        ],
        [
          0.2571443585992786,
          0.07622686849189117,
          0.040519679734475254,
          0.1791236868436272,
          0.19362200506484797,
          0.2400357856317619,
          0.013327615634117898
        ],
        [
          0.3477456362079399,
          0.17573128753909306,
          0.18204491589526667,
          0.14135379591395536,
          0.04982665988656333,
          0.014200891351390499,
          0.0890968132057912
        ],
        [
          0.11539424993409968,
          0.2673653748105036,
          0.03682530480486789,
          0.1670401326517307,
          0.14979040715534586,
          0.14585371953354853,
          0.11773081110990376
        ],
        [
          0.014214620956847319,
          0.00889646590199346,
          0.22265895907956998,
          0.3894056093226627,
          0.25324797068270616,
          0.07907279598590604,
          0.032503578070314364
        ],
        [
          0.1522735125338241,
          0.18924344386330105,
          0.08201406847247496,
          0.08075646967662196,
          0.19744879850968342,
          0.1049662183350079,
          0.19329748860908658
        ],
        [
          0.10860170789383654,
          0.20900762333137782,
          0.1503827122435764,
          0.11366342365702196,
          0.16703769396380755,
          0.12226367118262084,
          0.1290431677277589
        ],
        [
          0.09641693034841906,
          0.039208374724378846,
          0.17477244051818958,
          0.219796157433469,
          0.05653047062765985,
          0.18722550566724025,
          0.22605012068064345
        ],
        [
          0.11541104401820736,
          0.3483309161265487,
          0.16496733739337444,
          0.014657234256408944,
          0.0608513383339092,
          0.1618593118294594,
          0.13392281804209197
        ],
        [
          0.21976123771107928,
          0.01355246994720744,
          0.08218535360343965,
          0.1617906781207198,
          0.023378440764038184,
          0.2538467591680251,
          0.24548506068549045
        ],
        [
          0.27942022896947244,
          0.26819361371475664,
          0.08743366553481574,
          0.038248251738353174,
          0.05882490508700825,
          0.030839501791158856,
          0.23703983316443494
        ],
        [
          0.0028733436793831595,
          0.16915453447049447,
          0.15319631115188204,
          0.2077992252943589,
          0.11154890244636147,
          0.17165998541637362,
          0.1837676975411463
        ],
        [
          0.2098143132933043,
          0.1671445154224161,
          0.08715589882767623,
          0.16474695802706782,
          0.13341167056196468,
          0.03254856008200293,
          0.20517808378556804
        ],
        [
          0.0512239392125883,
          0.09487006258364085,
          0.3347586372682239,
          0.13634879606489692,
          0.05373939146657057,
          0.26041365109089853,
          0.06864552231318082
        ],
        [
          0.21950853691278022,
          0.23788212755497162,
          0.15947000657946728,
          0.03502943783274169,
          0.021024766995820367,
          0.09460349079295745,
          0.23248163333126137
        ],
        [
          0.12742895579316296,
          0.15999387799812234,
          0.046010045251062046,
          0.03608249159086305,
          0.2739966980561547,
          0.14617367488154848,
          0.21031425642908655
        ],
        [
          0.12953601857032052,
          0.04308239634648306,
          0.3144810609784415,
          0.10204336584816484,
          0.13237529761860753,
          0.23998955074226452,
          0.03849230989571806
        ],
        [
          0.15239463260599329,
          0.2486224508648946,
          0.035419056036336306,
          0.06360758476181247,
          0.24317392081370337,
          0.12220417892478323,
          0.13457817599247682
        ],
        [
          0.18031378164656459,
          0.19089993378205283,
          0.18400280625794882,
          0.1466854676183038,
          0.024362189766958673,
          0.08423530182355504,
          0.18950051910461627
        ],
        [
          0.12951707159058856,
          0.07190022496566793,
          0.1501669668248155,
          0.060114048344908515,
          0.17961446386972682,
          0.2617301399433005,
          0.1469570844609921
        ],
        [
          0.11889806338613812,
          0.1830199939470191,
          0.12314572807279672,
          0.07584868944312476,
          0.10417865351654249,
          0.1190835707337932,
          0.2758253009005856
        ]
      ],
      "timestamps": [
        0,
        1,
        2,
        3,
        4,
        5,
        6,
        7,
        8,
        9,
        10,
        11,
        12,
        13,
        14,
        15,
        16,
        17,
        18,
        19,
        20,
        21,
        22,
        23,
        24,
        25,
        26,
        27,
        28,
        29,
        30,
        31,
        32,
        33
      ],
      "distance": 637.7
    },
    {
      "trip_id": 1,
      "transport_method": "car",
      "start_time": 34,
      "path": [
        [
          1.5295423000000001,
          42.50920339999999
        ],
        [
          1.5289297714270214,
          42.50896405815441
        ],
        [
          1.5283639435130152,
          42.50898095497778
        ],
        [
          1.5285830447256485,
          42.509424666632576
        ],
        [
          1.5290679134057108,
          42.50989240331353
        ],
        [
          1.5295221867871165,
          42.510386553012744
        ],
        [
          1.529050016999506,
          42.510316615444275
        ],
        [
          1.5284257395838592,
          42.51006333112196
        ],
        [
          1.5278014621682123,
          42.50981004679965
        ],
        [
          1.5271592466257926,
          42.509619249449926
        ],
        [
          1.5264956787948993,
          42.50950283221143
        ],
        [
          1.525832110964006,
          42.50938641497294
        ],
        [
          1.5253175978069886,
          42.50902598936024
        ],
        [
          1.525933613808779,
          42.509158499388974
        ],
        [
          1.5265885294924029,
          42.50931648890432
        ],
        [
          1.5269335548239737,
          42.50939972158034
        ],
        [
          1.5262786391403498,
          42.50924173206499
        ],
        [
          1.5256237234567258,
          42.50908374254965
        ],
        [
          1.5249655966615363,
          42.50894047316609
        ],
        [
          1.524304382516443,
          42.508811356575585
        ],
        [
          1.523730724067508,
          42.50890748941588
        ],
        [
          1.5237097647189777,
          42.5086249379211
        ],
        [
          1.5231218722127065,
          42.508302020434954
        ],
        [
          1.5226122276729295,
          42.50808679862249
        ],
        [
          1.5231786118085449,
          42.50792475405216
        ],
        [
          1.5227694844952102,
          42.50765879837631
        ],
        [
          1.5223918217437797,
          42.507194630228376
        ],
        [
          1.5219254239137294,
          42.50670847356254
        ],
        [
          1.5218943439215702,
          42.506306518105596
        ],
        [
          1.5222738871362553,
          42.506792659134966
        ],
        [
          1.5222029267622137,
          42.50670952634747
        ],
        [
          1.521954725465463,
          42.50615310763616
        ],
        [
          1.521992964192384,
          42.50555876864685
        ],
        [
          1.5226218000000005,
          42.505744899999996
        ]
      ],
      "emotions": [
        "purple",
        "green",
        "green",
        "green",
        "green",
        "green",
        "purple",
        "purple",
        "purple",
        "purple",
        "purple",
        "purple",
        "purple",
        "purple",
        "purple",
        "purple",
        "purple",
        "purple",
        "purple",
        "purple",
        "purple",
        "green",
        "green",
        "green",
        "green",
        "green",
        "red",
        "red",
        "red",
        "red",
        "red",
        "green",
        "green",
        "green"
      ],
      "mood_vectors": [
        [
          0.2043347665692668,
          0.0880664637880059,
          0.22984916370405684,
          0.22228426519771316,
          0.07716525347657667,
          0.04126847677852374,
          0.13703161048585685
        ],
        [
          0.21736769126885785,
          0.1657340266777555,
          0.034771526183834084,
          0.16769214156489737,
          0.20280059527314212,
          0.14787894338055232,
          0.06375507565096074
        ],
        [
          0.055794910210452825,
          0.13041491746358944,
          0.12712388811415734,
          0.19069547412208457,
          0.23898226523331081,
          0.09185858940989476,
          0.16512995544651027
        ],
        [
          0.03468874347329481,
          0.15464379613581283,
          0.1512407381390456,
          0.08033330819522226,
          0.21534551329116258,
          0.1516917019791074,
          0.21205619878635465
        ],
        [
          0.11993244981770138,
          0.13142216799359274,
          0.1746526920238804,
          0.26686818074871077,
          0.0982246429944801,
          0.025314821596518294,
          0.18358504482511637
        ],
        [
          0.05128176116224863,
          0.01909341382357943,
          0.17554377140222105,
          0.21258764645778916,
          0.18242158131203257,
          0.17069925523456828,
          0.18837257060756085
        ],
        [
          0.07684716582825676,
          0.07854700071330885,
          0.29960960455322766,
          0.34455955817105116,
          0.13816660522087695,
          0.03644752077754415,
          0.025822544735734504
        ],
        [
          0.09139147964122539,
          0.17731397301050755,
          0.1558183545978854,
          0.018628558266714727,
          0.17995538534213948,
          0.21551568785955985,
          0.16137656128196765
        ],
        [
          0.20551314834251105,
          0.2073079254678962,
          0.11048259058902432,
          0.010518528008621854,
          0.16256216157983774,
          0.1381354588978136,
          0.16548018711429527
        ],
        [
          0.12097444123500906,
          0.2073313951204502,
          0.11376431217799203,
          0.1310346054582112,
          0.21943872225637037,
          0.030488449716930755,
          0.17696807403503634
        ],
        [
          0.1303266841568964,
          0.19605275457974028,
          0.09038793105880776,
          0.15111843336609077,
          0.0940286046206803,
          0.2020619406344213,
          0.1360236515833632
        ],
        [
          0.06487281372315486,
          0.10651972998820924,
          0.09485999922896438,
          0.2920302797427489,
          0.12016785458468578,
          0.13418632311079567,
          0.1873629996214411
        ],
        [
          0.2970937740501468,
          0.030263565579092946,
          0.09118117777179574,
          0.24383718582373726,
          0.08146712577655278,
          0.1497031941337154,
          0.10645397686495914
        ],
        [
          0.14062314901164705,
          0.07769797383357688,
          0.12574506934795138,
          0.16773762020230623,
          0.2119864414523362,
          0.0654296174598576,
          0.21078012869232476
        ],
        [
          0.01601874608688132,
          0.06433157125666443,
          0.24794317871738067,
          0.21204803451626578,
          0.2033045830053604,
          0.14887917425986,
          0.10747471215758736
        ],
        [
          0.059521190253225637,
          0.17643163190646727,
          0.1533615955094729,
          0.15414637598222788,
          0.2450976007723466,
          0.03329610268277467,
          0.17814550289348505
        ],
        [
          0.22169470388377302,
          0.11972963075596993,
          0.1372475017640879,
          0.04935808052973546,
          0.2561251251732621,
          0.1321460354484329,
          0.08369892244473864
        ],
        [
          0.06477166720610551,
          0.03531785463739834,
          0.22684117525224667,
          0.18321311785439912,
          0.12199544605292681,
          0.13192686209609208,
          0.2359338769008315
        ],
        [
          0.19428350867493363,
          0.15068900565254073,
          0.12293562044675543,
          0.10924087292108423,
          0.10041875449651866,
          0.12209095018302231,
          0.20034128762514505
        ],
        [
          0.17925351006679321,
          0.13790219506321177,
          0.1077572628701496,
          0.04210577913374848,
          0.2827238062941372,
          0.22367012981673734,
          0.026587316755222426
        ],
        [
          0.03193495771363946,
          0.2834736050998439,
          0.028740575274512743,
          0.056773944605267,
          0.2427845583302442,
          0.04147477729149493,
          0.3148175816849978
        ],
        [
          0.02025254477769592,
          0.0817774513374881,
          0.14588639526796088,
          0.045266380614340705,
          0.10660283392629395,
          0.32984235079839136,
          0.27037204327782915
        ],
        [
          0.029208697953683974,
          0.24042756148755356,
          0.09990713372779411,
          0.022620709173856123,
          0.16084884984527129,
          0.1221548690012916,
          0.3248321788105493
        ],
        [
          0.16241105807633782,
          0.17214248081127478,
          0.19313279860615085,
          0.05085926459050861,
          0.05428220886567326,
          0.20894218522470773,
          0.15823000382534702
        ],
        [
          0.18116637199910482,
          0.007670606719446661,
          0.14598390792360721,
          0.1946118021805961,
          0.10653476123016077,
          0.26567554998134774,
          0.09835699996573659
        ],
        [
          0.06369933894083381,
          0.3012436081322604,
          0.23175925463208216,
          0.1460954580951404,
          0.0791826678199452,
          0.05603815830974545,
          0.12198151406999251
        ],
        [
          0.028958425208188452,
          0.1930951603789997,
          0.0392163698868392,
          0.160587057606753,
          0.22579194051042337,
          0.15979576901033002,
          0.1925552773984663
        ],
        [
          0.16635562816079025,
          0.2738602377403944,
          0.16735025638771922,
          0.11757548029099178,
          0.06362514299794358,
          0.007670410524751757,
          0.20356284389740906
        ],
        [
          0.2841003299506972,
          0.11238429431422309,
          0.21935041644316566,
          0.010508862900933462,
          0.07124485611398686,
          0.2830764345342635,
          0.01933480574273022
        ],
        [
          0.13475642720425163,
          0.018752212366779524,
          0.17758417898187825,
          0.0700146840067045,
          0.25261439586044054,
          0.1983916099670943,
          0.14788649161285125
        ],
        [
          0.19531265156762176,
          0.023942345753897254,
          0.2063062460044963,
          0.14182106007505035,
          0.06798649175929188,
          0.16436171636629554,
          0.2002694884733469
        ],
        [
          0.24897078568452918,
          0.15929533338877047,
          0.03090538114339994,
          0.3463563947336701,
          0.04507903084317748,
          0.14947776494301507,
          0.019915309263437826
        ],
        [
          0.07640939944155785,
          0.1974661374707751,
          0.06275483808456242,
          0.21682932059910448,
          0.14897564346026365,
          0.1017968006028183,
          0.19576786034091823
        ],
        [
          0.19555072949836438,
          0.08488350743406922,
          0.1568383784793789,
          0.11664952938524205,
          0.08795705293201025,
          0.2019849206089022,
          0.15613588166203304
        ]
      ],
      "timestamps": [
        34,
        35,
        36,
        37,
        38,
        39,
        40,
        41,
        42,
        43,
        44,
        45,
        46,
        47,
        48,
        49,
        50,
        51,
        52,
        53,
        54,
        55,
        56,
        57,
        58,
        59,
        60,
        61,
        62,
        63,
        64,
        65,
        66,
        67
      ],
      "distance": 987.2
    },
    {
      "trip_id": 2,
      "transport_method": "bicycle",
      "start_time": 68,
      "path": [
        [
          1.5226218000000005,
          42.505744899999996
        ],
        [
          1.5222155079366348,
          42.505689069755135
        ],
        [
          1.5219533522157347,
          42.50562592429297
        ],
        [
          1.5219544204999222,
          42.50603603297013
        ],
        [
          1.5221381949376755,
          42.506299110854684
        ],
        [
          1.5225392741578296,
          42.50638032710527
        ],
        [
          1.5225131418576539,
          42.506359910088385
        ],
        [
          1.5221069797957378,
          42.50630314171891
        ],
        [
          1.5220100606628073,
          42.506483576348295
        ],
        [
          1.52227631529046,
          42.506795503810324
        ],
        [
          1.5223716300818873,
          42.50690716872764
        ],
        [
          1.5221053754542346,
          42.50659524126562
        ],
        [
          1.5218983524877592,
          42.50630605484506
        ],
        [
          1.5217401477629235,
          42.50651534823062
        ],
        [
          1.522024063004271,
          42.50681129147525
        ],
        [
          1.5223079782456184,
          42.50710723471988
        ],
        [
          1.522490331453565,
          42.507442598426245
        ],
        [
          1.5227943210930508,
          42.50766415270793
        ],
        [
          1.523195220901907,
          42.50775057962255
        ],
        [
          1.5230445140487758,
          42.50803234537069
        ],
        [
          1.5226452468403775,
          42.50808465059305
        ],
        [
          1.5224138240463387,
          42.50797068866828
        ],
        [
          1.5224717872102784,
          42.507935061824895
        ],
        [
          1.5225775581233867,
          42.50808714990305
        ],
        [
          1.5224668000000008,
          42.50847609999999
        ]
      ],
      "emotions": [
        "green",
        "green",
        "purple",
        "purple",
        "purple",
        "purple",
        "purple",
        "green",
        "green",
        "green",
        "green",
        "green",
        "purple",
        "purple",
        "purple",
        "purple",
        "purple",
        "red",
        "red",
        "red",
        "red",
        "red",
        "green",
        "green",
        "green"
      ],
      "mood_vectors": [
        [
          0.1392172428844612,
          0.1506749483207102,
          0.17613379189234893,
          0.16789725546242332,
          0.10996837354261803,
          0.08717085589292957,
          0.16893753200450887
        ],
        [
          0.029550226532143033,
          0.2892238718088234,
          0.138830956267801,
          0.04934433943550749,
          0.30712345330973295,
          0.04496572751214156,
          0.14096142513385052
        ],
        [
          0.1464917618765121,
          0.15426537444266325,
          0.10743208735949233,
          0.17330347127454637,
          0.16976979070214782,
          0.15961454113896983,
          0.08912297320566819
        ],
        [
          0.1763040766406263,
          0.04057435012204869,
          0.07390812667797354,
          0.1849780790816364,
          0.2539131280479748,
          0.16479767312865923,
          0.10552456630108101
        ],
        [
          0.186121794594069,
          0.05994601575532773,
          0.1382011396972091,
          0.10754920519675251,
          0.17013840851851714,
          0.17856147154109378,
          0.15948196469703085
        ],
        [
          0.2075485591329873,
          0.10135898640240798,
          0.11156848327981632,
          0.10090545624983739,
          0.33533274066633195,
          0.08212498525110468,
          0.06116078901751443
        ],
        [
          0.022081015776126447,
          0.10570932424914693,
          0.2535733462503355,
          0.21667313256278029,
          0.02953774371242119,
          0.12594388666124276,
          0.2464815507879469
        ],
        [
          0.18382270653460914,
          0.1526086182446498,
          0.22092213981101944,
          0.14041384515607622,
          0.08775407716165448,
          0.1464998611676793,
          0.06797875192431162
        ],
        [
          0.13217929178798696,
          0.14316666305200954,
          0.18996584858000773,
          0.09823447901248361,
          0.1856911309851287,
          0.13685018988722358,
          0.11391239669515994
        ],
        [
          0.052151745145440895,
          0.17697375083273328,
          0.1731694617509797,
          0.05258097514490216,
          0.27948821082244857,
          0.15766202749225025,
          0.10797382881124518
        ],
        [
          0.19022040416567837,
          0.24739190686512694,
          0.21852331611169723,
          0.07025248237636894,
          0.027407084855007643,
          0.23767820032084847,
          0.008526605305272399
        ],
        [
          0.15531666785898982,
          0.2237808135394934,
          0.08338437445759406,
          0.027744257899473546,
          0.07888472033181805,
          0.20864996376977502,
          0.22223920214285608
        ],
        [
          0.18263090399024412,
          0.025816748666206122,
          0.268840194137027,
          0.09675800713902788,
          0.013621131747985174,
          0.19921371156088805,
          0.21311930275862162
        ],
        [
          0.04539753271389222,
          0.23539610829243124,
          0.2295767042776097,
          0.10956837870901594,
          0.03942003378836711,
          0.1912537500420795,
          0.14938749217660424
        ],
        [
          0.15204791859996789,
          0.12677613097798202,
          0.20717582718273125,
          0.09263860889512285,
          0.08313375552491768,
          0.19624961255845388,
          0.1419781462608245
        ],
        [
          0.1255410397463089,
          0.003150364361387326,
          0.26550347784215034,
          0.22503578960865536,
          0.19942591563105544,
          0.001317402224701582,
          0.18002601058574114
        ],
        [
          0.040438859735161634,
          0.26667136228925625,
          0.2101328625857883,
          0.06283955061105424,
          0.26763141479993946,
          0.1228154351004437,
          0.029470514878356315
        ],
        [
          0.12079890454615085,
          0.2312311172298508,
          0.008659710510414293,
          0.24223150947809208,
          0.14385591093261332,
          0.021694492601610566,
          0.23152835470126806
        ],
        [
          0.15313506144581512,
          0.0002892238043188542,
          0.1289603780354694,
          0.14420323133329532,
          0.03516186630331343,
          0.16886890875963367,
          0.3693813303181542
        ],
        [
          0.0717336912553952,
          0.040086605665095906,
          0.20193855157234675,
          0.059056057799957165,
          0.1458103825654747,
          0.2923754703777011,
          0.1889992407640291
        ],
        [
          0.014524003070539235,
          0.2635465587916759,
          0.16029957646508702,
          0.3483452665705639,
          0.05273276575535352,
          0.0032575228765147173,
          0.1572943064702656
        ],
        [
          0.05868372870491736,
          0.2149125882351144,
          0.03034716742131641,
          0.12153059689123384,
          0.11348939399899079,
          0.2166623819309384,
          0.24437414281748893
        ],
        [
          0.014055816374088691,
          0.11148771217415147,
          0.18737641159715906,
          0.24257887542354065,
          0.009468666259106081,
          0.20297266228857633,
          0.23205985588337769
        ],
        [
          0.3668091911251828,
          0.17769813179344665,
          0.15265651437671263,
          0.05192664461499529,
          0.014380593545234946,
          0.010867574046649621,
          0.22566135049777802
        ],
        [
          0.21638927051488038,
          0.15256897068397315,
          0.13908266947440392,
          0.05282276279265901,
          0.14599271415235476,
          0.11952846062494513,
          0.17361515175678366
        ]
      ],
      "timestamps": [
        68,
        69,
        70,
        71,
        72,
        73,
        74,
        75,
        76,
        77,
        78,
        79,
        80,
        81,
        82,
        83,
        84,
        85,
        86,
        87,
        88,
        89,
        90,
        91,
        92
      ],
      "distance": 321.2
    },
    {
      "trip_id": 3,
      "transport_method": "foot",
      "start_time": 93,
      "path": [
        [
          1.5222027,
          42.5082477
        ],
        [
          1.5225674954377573,
          42.50814039076947
        ],
        [
          1.5222441742237287,
          42.50846573889022
        ],
        [
          1.5217880930230838,
          42.50836166625591
        ],
        [
          1.5223823602698958,
          42.50849727140204
        ],
        [
          1.521990741131707,
          42.50835099105873
        ],
        [
          1.5214575000000001,
          42.5084848
        ]
      ],
      "emotions": [
        "green",
        "green",
        "red",
        "red",
        "red",
        "red",
        "red"
      ],
      "mood_vectors": [
        [
          0.14590816095256112,
          0.02360699214629806,
          0.01887558341218382,
          0.10882993142032446,
          0.0072474435365628585,
          0.33109745179444117,
          0.36443443673762843
        ],
        [
          0.2561062921745811,
          0.0800119924053395,
          0.28122548398428265,
          0.20483956202480053,
          0.020531114159838205,
          0.10769674841566959,
          0.04958880683548838
        ],
        [
          0.10099514834265375,
          0.016850520989239632,
          0.19602953973987286,
          0.16585247889737187,
          0.13698274610610886,
          0.055740346261176375,
          0.32754921966357664
        ],
        [
          0.09820982456339292,
          0.15141498585274174,
          0.10858626246255125,
          0.23670097342409027,
          0.24588521470525096,
          0.08516577807577153,
          0.07403696091620125
        ],
        [
          0.13789196376305105,
          0.1821133414762205,
          0.25336453404101184,
          0.02754318681666504,
          0.14278694143908266,
          0.19367908888039104,
          0.06262094358357792
        ],
        [
          0.25922801210011903,
          0.12747912213046428,
          0.1151441294065845,
          0.06842492672700919,
          0.12284296410916153,
          0.24544669183745074,
          0.061434153689210694
        ],
        [
          0.3537798980964333,
          0.2822312901782877,
          0.0863945922279053,
          0.09903241747117021,
          0.10651945351942155,
          0.011466797995709738,
          0.06057555051107227
        ]
      ],
      "timestamps": [
        93,
        94,
        95,
        96,
        97,
        98,
        99
      ],
      "distance": 165.8
    }
  ],
  "conversation": [
    "Forgot how steep that block is.",
    "I swear I just smelled five different cuisines.",
    "Hearing four languages in two blocks — I love this city."
  ],
  "conversation_timestamps": [
    0,
    87,
    91
  ]
}
