{"agent_id": "agent-red-1631", "type": "red", "trips": [{"trip_id": 0, "transport_method": "bicycle", "start_time": 0, "path": [[1.4893626, 42.4639565], [1.4893047, 42.4626668], [1.4895634, 42.4614005], [1.4894803, 42.4625937], [1.4893815, 42.4638847], [1.4897643, 42.4648749], [1.4907293, 42.465695], [1.4918081, 42.4664049], [1.491563, 42.4674791], [1.4918191, 42.4687367], [1.4920351, 42.4699957], [1.491583, 42.4711991], [1.4909722, 42.4723407], [1.490511, 42.4735388], [1.4908157, 42.4747781], [1.4908168, 42.4760643], [1.490504, 42.4772842], [1.4903013, 42.4785629], [1.4900986, 42.4798416], [1.4898959, 42.4811204], [1.4895754, 42.4815239], [1.4893982, 42.4802441], [1.4896171, 42.478995], [1.4902881, 42.4778884], [1.4905732, 42.4766986], [1.490545, 42.4775627], [1.4904428, 42.4788534], [1.4903405, 42.480144], [1.4902383, 42.4814347], [1.4902279, 42.4827036], [1.4908434, 42.4838324], [1.4916788, 42.4847068], [1.4928539, 42.4850754], [1.4939369, 42.4857727], [1.4946961, 42.4867916], [1.4947122, 42.4880668], [1.4954728, 42.4890965], [1.4962432, 42.4901202], [1.4965952, 42.4912931], [1.4976801, 42.4919992], [1.4988201, 42.4926126], [1.4999034, 42.4933137], [1.5007771, 42.4942055], [1.5019506, 42.4947522], [1.5031206, 42.4953056], [1.5043267, 42.4957635], [1.5055045, 42.4962906], [1.5067297, 42.4967087], [1.5079444, 42.4971565], [1.5091117, 42.4977165], [1.5102528, 42.4983246], [1.5110768, 42.4993212], [1.5118744, 42.5003409], [1.512652, 42.5013761], [1.5132133, 42.5021844], [1.5132619, 42.5022298], [1.5139071, 42.5029099], [1.5148405, 42.5038072], [1.5157738, 42.5047045], [1.516892, 42.5053315], [1.5180584, 42.5053887], [1.5193349, 42.505554], [1.5205858, 42.5058783], [1.5217916, 42.5062643], [1.5230371, 42.5066126], [1.5242969, 42.5068951], [1.5255415, 42.5071009], [1.5265604, 42.5072246], [1.5252752, 42.5070733], [1.5263062, 42.5071502], [1.527597, 42.5072494], [1.5287243, 42.5077997], [1.529538, 42.5084544], [1.5299896, 42.5086941], [1.531021, 42.5090946], [1.53223, 42.5095556], [1.5334901, 42.5098203], [1.5347734, 42.5099127], [1.5360658, 42.5099456], [1.5373468, 42.5100922]], "mood_vectors": [[0.6849, 0.0501, 0.0759, 0.0797, 0.0223, 0.0388, 0.0483], [0.6285, 0.0698, 0.0665, 0.0735, 0.021, 0.0673, 0.0734], [0.7349, 0.0679, 0.0373, 0.0443, 0.0293, 0.0348, 0.0515], [0.6954, 0.0503, 0.063, 0.0819, 0.0235, 0.0574, 0.0286], [0.7691, 0.0536, 0.0406, 0.0341, 0.0139, 0.0285, 0.0603], [0.6374, 0.0587, 0.0684, 0.0483, 0.0406, 0.0646, 0.082], [0.6791, 0.076, 0.0445, 0.043, 0.0355, 0.0577, 0.0641], [0.6815, 0.0163, 0.0736, 0.0414, 0.0756, 0.0325, 0.0791], [0.7671, 0.0423, 0.0245, 0.0226, 0.0396, 0.0693, 0.0345], [0.6457, 0.0341, 0.0801, 0.0348, 0.0568, 0.0744, 0.0741], [0.7377, 0.0607, 0.0199, 0.044, 0.0204, 0.0676, 0.0497], [0.6675, 0.0739, 0.0891, 0.0409, 0.0254, 0.0289, 0.0743], [0.7179, 0.0127, 0.0524, 0.0699, 0.0393, 0.044, 0.0638], [0.7013, 0.0525, 0.0663, 0.0484, 0.0452, 0.0405, 0.0457], [0.608, 0.0221, 0.0667, 0.0712, 0.0676, 0.088, 0.0763], [0.7382, 0.0214, 0.0642, 0.0783, 0.0123, 0.0599, 0.0256], [0.6497, 0.0629, 0.0447, 0.075, 0.0444, 0.0447, 0.0785], [0.7489, 0.0482, 0.031, 0.0226, 0.0557, 0.0749, 0.0187], [0.7491, 0.0936, 0.0331, 0.0176, 0.0147, 0.0229, 0.0691], [0.6964, 0.0641, 0.0804, 0.0707, 0.0261, 0.049, 0.0133], [0.7153, 0.054, 0.0794, 0.0327, 0.0264, 0.0771, 0.015], [0.6565, 0.0765, 0.0734, 0.0544, 0.0334, 0.0798, 0.026], [0.757, 0.037, 0.0539, 0.0503, 0.0369, 0.0308, 0.034], [0.7354, 0.0211, 0.0691, 0.0308, 0.0235, 0.0579, 0.0623], [0.7086, 0.0699, 0.0639, 0.0429, 0.0339, 0.0125, 0.0682], [0.7522, 0.0253, 0.0179, 0.0569, 0.042, 0.0586, 0.047], [0.6795, 0.038, 0.0738, 0.0314, 0.0495, 0.07, 0.0578], [0.6613, 0.0473, 0.0706, 0.0253, 0.0535, 0.0646, 0.0775], [0.6388, 0.0709, 0.0611, 0.0293, 0.0825, 0.0361, 0.0814], [0.6688, 0.026, 0.0834, 0.0383, 0.0866, 0.0602, 0.0366], [0.6816, 0.0638, 0.0316, 0.047, 0.0361, 0.0911, 0.0489], [0.6482, 0.0571, 0.0767, 0.0233, 0.0711, 0.0515, 0.0722], [0.7562, 0.0215, 0.0149, 0.0172, 0.0527, 0.0625, 0.075], [0.6053, 0.0503, 0.0944, 0.0399, 0.0911, 0.09, 0.0289], [0.7065, 0.0843, 0.0431, 0.0196, 0.0473, 0.0723, 0.027], [0.7917, 0.0315, 0.0177, 0.0557, 0.0187, 0.0592, 0.0254], [0.7171, 0.0823, 0.021, 0.0215, 0.093, 0.0385, 0.0266], [0.7883, 0.0478, 0.0533, 0.0373, 0.0165, 0.0352, 0.0216], [0.6991, 0.0238, 0.0253, 0.0323, 0.1019, 0.0804, 0.0371], [0.6299, 0.0621, 0.0877, 0.0929, 0.0239, 0.0388, 0.0647], [0.7027, 0.0309, 0.016, 0.0737, 0.0648, 0.0743, 0.0375], [0.7059, 0.057, 0.0819, 0.037, 0.0148, 0.0455, 0.0578], [0.6916, 0.0698, 0.0341, 0.081, 0.0707, 0.0202, 0.0326], [0.716, 0.0645, 0.0272, 0.0698, 0.0117, 0.0552, 0.0556], [0.6932, 0.0261, 0.0644, 0.048, 0.0367, 0.073, 0.0586], [0.6139, 0.0848, 0.0626, 0.043, 0.0886, 0.0792, 0.0279], [0.7124, 0.0219, 0.0734, 0.0362, 0.0502, 0.0738, 0.0322], [0.7802, 0.0212, 0.0277, 0.0313, 0.0477, 0.0453, 0.0468], [0.7113, 0.0599, 0.0627, 0.0451, 0.0733, 0.0296, 0.0181], [0.6657, 0.0748, 0.071, 0.0375, 0.018, 0.0765, 0.0567], [0.6839, 0.0685, 0.0193, 0.0904, 0.0573, 0.0412, 0.0395], [0.68, 0.0539, 0.0266, 0.0556, 0.0698, 0.0505, 0.0636], [0.7568, 0.0404, 0.0765, 0.0149, 0.0225, 0.0272, 0.0616], [0.7293, 0.0505, 0.0758, 0.0504, 0.0317, 0.0423, 0.02], [0.7811, 0.0302, 0.0704, 0.0242, 0.0144, 0.0608, 0.019], [0.7112, 0.0709, 0.0434, 0.051, 0.0488, 0.0627, 0.0119], [0.7184, 0.0672, 0.0124, 0.0301, 0.0537, 0.041, 0.0772], [0.6992, 0.014, 0.0392, 0.0708, 0.052, 0.0551, 0.0697], [0.6653, 0.0422, 0.0715, 0.0821, 0.0883, 0.028, 0.0226], [0.7172, 0.0422, 0.0675, 0.0289, 0.0794, 0.027, 0.0379], [0.6155, 0.0562, 0.0761, 0.0559, 0.0699, 0.0723, 0.0541], [0.6538, 0.069, 0.0315, 0.0769, 0.0613, 0.0535, 0.0541], [0.6304, 0.0553, 0.0627, 0.0504, 0.0428, 0.0744, 0.084], [0.6828, 0.0336, 0.0785, 0.0228, 0.0607, 0.0628, 0.0587], [0.734, 0.0421, 0.0407, 0.0486, 0.0316, 0.0612, 0.0416], [0.6769, 0.0598, 0.015, 0.0648, 0.0329, 0.0708, 0.0798], [0.6667, 0.085, 0.0656, 0.0296, 0.0201, 0.0896, 0.0434], [0.6651, 0.0447, 0.0666, 0.046, 0.0862, 0.0709, 0.0206], [0.7283, 0.0607, 0.0187, 0.0538, 0.0384, 0.057, 0.0431], [0.6347, 0.079, 0.0668, 0.0699, 0.0524, 0.0231, 0.0741], [0.6299, 0.0654, 0.0173, 0.0651, 0.0792, 0.0795, 0.0636], [0.6624, 0.0248, 0.0278, 0.1079, 0.0683, 0.0354, 0.0734], [0.6732, 0.051, 0.0783, 0.0629, 0.0671, 0.0456, 0.022], [0.6568, 0.0251, 0.0462, 0.0713, 0.07, 0.0307, 0.0999], [0.7066, 0.0712, 0.0569, 0.0141, 0.032, 0.0688, 0.0504], [0.723, 0.0192, 0.0715, 0.0632, 0.0142, 0.048, 0.0608], [0.7598, 0.0145, 0.025, 0.044, 0.0646, 0.0416, 0.0505], [0.6281, 0.0841, 0.0639, 0.0446, 0.074, 0.0146, 0.0907], [0.6906, 0.0606, 0.0515, 0.0221, 0.039, 0.0598, 0.0762], [0.6854, 0.0503, 0.056, 0.0579, 0.0446, 0.0336, 0.072]], "emotions": ["red", "red", "red", "red", "red", "red", "red", "red", "red", "red", "red", "red", "red", "red", "red", "red", "red", "red", "red", "red", "red", "red", "red", "red", "red", "red", "red", "red", "red", "red", "red", "red", "red", "red", "red", "red", "red", "red", "red", "red", "red", "red", "red", "red", "red", "red", "red", "red", "red", "red", "red", "red", "red", "red", "red", "red", "red", "red", "red", "red", "red", "red", "red", "red", "red", "red", "red", "red", "red", "red", "red", "red", "red", "red", "red", "red", "red", "red", "red", "red"], "timestamps": [0, 40, 80, 120, 160, 200, 240, 280, 320, 360, 400, 440, 480, 520, 560, 600, 640, 680, 720, 760, 800, 840, 880, 920, 960, 1000, 1040, 1080, 1120, 1160, 1200, 1240, 1280, 1320, 1360, 1400, 1440, 1480, 1520, 1560, 1600, 1640, 1680, 1720, 1760, 1800, 1840, 1880, 1920, 1960, 2000, 2040, 2080, 2120, 2160, 2200, 2240, 2280, 2320, 2360, 2400, 2440, 2480, 2520, 2560, 2600, 2640, 2680, 2720, 2760, 2800, 2840, 2880, 2920, 2960, 3000, 3040, 3080, 3120, 3160]}], "conversation": [], "conversation_timestamps": []}