{"agent_id": "agent-green-1497", "type": "green", "trips": [{"trip_id": 0, "transport_method": "bus", "start_time": 0, "path": [[1.4902843, 42.4886594], [1.4905834, 42.4884665], [1.4903118, 42.4892371], [1.4907609, 42.489779], [1.4914353, 42.4902276], [1.4920612, 42.4907779], [1.4927598, 42.491229], [1.4935831, 42.4913573], [1.4937183, 42.4914369], [1.4929555, 42.4912084], [1.4935482, 42.4912674], [1.4942276, 42.491378], [1.4949852, 42.4912153], [1.4957706, 42.4912926], [1.4963643, 42.4917731], [1.4969746, 42.4923392], [1.4976566, 42.492787], [1.4984875, 42.4928842], [1.4992679, 42.4931488], [1.4999191, 42.4936759], [1.5005844, 42.4939924], [1.501247, 42.4944279], [1.5020083, 42.4947787], [1.5027622, 42.4951449], [1.5035422, 42.4954474], [1.5043168, 42.4957582], [1.5050613, 42.4961419], [1.5058571, 42.4964044], [1.5066486, 42.49668], [1.5074375, 42.4969633], [1.5082114, 42.4972836], [1.5089668, 42.4976468], [1.5097175, 42.4980197], [1.5104092, 42.4984802], [1.5109305, 42.4991365], [1.511451, 42.4997936], [1.5119622, 42.5004578], [1.5124656, 42.501128], [1.513009, 42.501754], [1.5137263, 42.5021877], [1.5136972, 42.5021697], [1.5131197, 42.5016274], [1.5134056, 42.5019296], [1.5141601, 42.5022946], [1.5147314, 42.5025523], [1.5152496, 42.5028945], [1.5157669, 42.5032286], [1.515148, 42.5028208], [1.5158415, 42.5032917], [1.5165813, 42.5036719], [1.5174133, 42.5037481], [1.5182447, 42.5036421], [1.5190521, 42.5036065], [1.5198115, 42.503812], [1.5205908, 42.5041034], [1.5213671, 42.5044192], [1.5220817, 42.5048203], [1.5228909, 42.5047601], [1.5237187, 42.5048736], [1.5245436, 42.5050212], [1.5253661, 42.5051826], [1.5261901, 42.5053242], [1.5270262, 42.5053031], [1.5278394, 42.5054831], [1.5275489, 42.5053805], [1.5283529, 42.5056176], [1.5291533, 42.5058622], [1.5298398, 42.5063431], [1.5305299, 42.5068186], [1.5313095, 42.5071156], [1.5319482, 42.5075138], [1.5324394, 42.5081872], [1.5331613, 42.5083985], [1.5339915, 42.5085141], [1.534823, 42.5085414], [1.535659, 42.5086013], [1.5364935, 42.5086748], [1.5373266, 42.5087637], [1.5381475, 42.5087128], [1.5387835, 42.5089897]], "mood_vectors": [[0.0309, 0.0708, 0.0159, 0.0193, 0.0308, 0.0769, 0.7553], [0.0285, 0.0159, 0.0768, 0.0516, 0.0355, 0.04, 0.7518], [0.05, 0.0689, 0.0562, 0.0542, 0.0294, 0.0378, 0.7035], [0.0236, 0.018, 0.0404, 0.0229, 0.0237, 0.0591, 0.8124], [0.0698, 0.0544, 0.023, 0.0616, 0.0716, 0.0645, 0.6552], [0.0257, 0.09, 0.0326, 0.0777, 0.032, 0.0254, 0.7166], [0.062, 0.0685, 0.0678, 0.0168, 0.014, 0.0502, 0.7206], [0.0267, 0.0734, 0.0247, 0.021, 0.0704, 0.0579, 0.7258], [0.0535, 0.0148, 0.0714, 0.0655, 0.074, 0.0713, 0.6493], [0.0776, 0.0668, 0.049, 0.0187, 0.0297, 0.0575, 0.7007], [0.0683, 0.0848, 0.0839, 0.04, 0.0726, 0.0845, 0.5658], [0.0158, 0.0382, 0.0657, 0.0642, 0.0738, 0.0928, 0.6496], [0.0898, 0.0616, 0.07, 0.0538, 0.0875, 0.0813, 0.556], [0.0295, 0.0443, 0.0339, 0.093, 0.0192, 0.0186, 0.7615], [0.0627, 0.0429, 0.0729, 0.0147, 0.061, 0.0285, 0.7173], [0.0331, 0.0831, 0.0692, 0.0327, 0.0449, 0.0829, 0.654], [0.0322, 0.0878, 0.0636, 0.0725, 0.0318, 0.0956, 0.6165], [0.0278, 0.0761, 0.0893, 0.0156, 0.0646, 0.0229, 0.7036], [0.0682, 0.0188, 0.0902, 0.063, 0.045, 0.045, 0.6699], [0.0528, 0.0781, 0.0283, 0.0381, 0.0461, 0.0799, 0.6768], [0.075, 0.0292, 0.0431, 0.0359, 0.0203, 0.0632, 0.7332], [0.0719, 0.0631, 0.0435, 0.0558, 0.0265, 0.0283, 0.711], [0.0731, 0.0803, 0.0374, 0.0594, 0.0683, 0.0499, 0.6315], [0.0624, 0.0334, 0.0344, 0.0303, 0.0664, 0.0394, 0.7338], [0.0678, 0.0693, 0.0556, 0.0292, 0.0609, 0.0328, 0.6844], [0.0136, 0.0157, 0.0414, 0.0365, 0.086, 0.0582, 0.7487], [0.05, 0.0696, 0.0708, 0.0283, 0.0678, 0.0538, 0.6598], [0.0288, 0.0696, 0.0276, 0.0169, 0.0328, 0.0757, 0.7485], [0.0267, 0.0668, 0.094, 0.0792, 0.0773, 0.0497, 0.6062], [0.024, 0.0231, 0.0477, 0.0543, 0.0901, 0.0949, 0.6658], [0.0431, 0.0639, 0.0937, 0.0822, 0.0176, 0.0274, 0.6721], [0.0661, 0.025, 0.0685, 0.042, 0.0276, 0.0694, 0.7015], [0.0185, 0.0544, 0.08, 0.084, 0.0891, 0.0903, 0.5836], [0.0505, 0.035, 0.0532, 0.0782, 0.0509, 0.0432, 0.689], [0.0152, 0.0237, 0.0612, 0.0479, 0.0641, 0.0653, 0.7227], [0.072, 0.0484, 0.0581, 0.0263, 0.0235, 0.058, 0.7137], [0.0458, 0.0683, 0.053, 0.0358, 0.0472, 0.0394, 0.7106], [0.0607, 0.0127, 0.0833, 0.0434, 0.065, 0.0694, 0.6655], [0.0705, 0.089, 0.0242, 0.0587, 0.033, 0.0848, 0.6399], [0.052, 0.0648, 0.0454, 0.0768, 0.0243, 0.0674, 0.6692], [0.0149, 0.0787, 0.0466, 0.0715, 0.0609, 0.0802, 0.6472], [0.0567, 0.0767, 0.0875, 0.0543, 0.0723, 0.0558, 0.5967], [0.0736, 0.062, 0.0273, 0.0515, 0.0704, 0.0758, 0.6393], [0.0351, 0.0663, 0.0249, 0.053, 0.0787, 0.0553, 0.6867], [0.0908, 0.0423, 0.0425, 0.0656, 0.0599, 0.0486, 0.6503], [0.0648, 0.0465, 0.0649, 0.0647, 0.0473, 0.0259, 0.6858], [0.0635, 0.0628, 0.0558, 0.0474, 0.0399, 0.0671, 0.6636], [0.0209, 0.0252, 0.0316, 0.0458, 0.0867, 0.0159, 0.7739], [0.0642, 0.0434, 0.038, 0.0538, 0.0431, 0.0287, 0.7287], [0.056, 0.0263, 0.0746, 0.0279, 0.0875, 0.02, 0.7078], [0.0449, 0.0694, 0.0553, 0.0481, 0.0107, 0.0655, 0.7061], [0.0147, 0.0166, 0.0462, 0.0409, 0.0701, 0.0455, 0.766], [0.0388, 0.0318, 0.0149, 0.021, 0.0875, 0.0748, 0.7313], [0.0386, 0.0852, 0.0827, 0.0134, 0.0447, 0.0243, 0.7111], [0.0451, 0.0767, 0.0311, 0.0423, 0.0609, 0.0234, 0.7206], [0.0421, 0.0575, 0.074, 0.0493, 0.0908, 0.0298, 0.6565], [0.0358, 0.0202, 0.0423, 0.0316, 0.0229, 0.0756, 0.7716], [0.0654, 0.0474, 0.0211, 0.0549, 0.0471, 0.038, 0.726], [0.0369, 0.0813, 0.0136, 0.0466, 0.033, 0.0607, 0.7279], [0.0705, 0.0548, 0.013, 0.015, 0.0489, 0.0621, 0.7359], [0.0153, 0.0144, 0.0864, 0.0453, 0.0859, 0.0611, 0.6916], [0.0582, 0.0586, 0.0696, 0.0594, 0.0219, 0.0748, 0.6575], [0.0582, 0.0486, 0.0481, 0.0731, 0.0249, 0.0414, 0.7058], [0.0864, 0.0453, 0.0695, 0.0785, 0.0797, 0.067, 0.5736], [0.0183, 0.0153, 0.0345, 0.0734, 0.0794, 0.0611, 0.7181], [0.0261, 0.0434, 0.0372, 0.0732, 0.0841, 0.0534, 0.6826], [0.0613, 0.0744, 0.0212, 0.0472, 0.0624, 0.0441, 0.6894], [0.0473, 0.0744, 0.0222, 0.0408, 0.0339, 0.0606, 0.7209], [0.0267, 0.0393, 0.0389, 0.0335, 0.0778, 0.0192, 0.7646], [0.0729, 0.0317, 0.0714, 0.0797, 0.0685, 0.0173, 0.6585], [0.0325, 0.0307, 0.0169, 0.0807, 0.0974, 0.0346, 0.7072], [0.0851, 0.0754, 0.0529, 0.0516, 0.086, 0.0187, 0.6302], [0.0949, 0.0211, 0.0275, 0.0156, 0.0163, 0.029, 0.7957], [0.0585, 0.06, 0.0596, 0.0181, 0.015, 0.0168, 0.772], [0.0417, 0.0539, 0.0576, 0.0758, 0.0389, 0.0729, 0.6591], [0.0699, 0.038, 0.0398, 0.0658, 0.0494, 0.022, 0.7152], [0.0334, 0.0514, 0.053, 0.0541, 0.0681, 0.0209, 0.7191], [0.0562, 0.0645, 0.046, 0.0402, 0.0435, 0.055, 0.6946], [0.0468, 0.0388, 0.0508, 0.0321, 0.0193, 0.0545, 0.7577], [0.043, 0.0417, 0.0362, 0.0425, 0.0256, 0.0535, 0.7576]], "emotions": ["purple", "purple", "purple", "purple", "purple", "purple", "purple", "purple", "purple", "purple", "purple", "purple", "purple", "purple", "purple", "purple", "purple", "purple", "purple", "purple", "purple", "purple", "purple", "purple", "purple", "purple", "purple", "purple", "purple", "purple", "purple", "purple", "purple", "purple", "purple", "purple", "purple", "purple", "purple", "purple", "purple", "purple", "purple", "purple", "purple", "purple", "purple", "purple", "purple", "purple", "purple", "purple", "purple", "purple", "purple", "purple", "purple", "purple", "purple", "purple", "purple", "purple", "purple", "purple", "purple", "purple", "purple", "purple", "purple", "purple", "purple", "purple", "purple", "purple", "purple", "purple", "purple", "purple", "purple", "purple"], "timestamps": [0, 40, 80, 120, 160, 200, 240, 280, 320, 360, 400, 440, 480, 520, 560, 600, 640, 680, 720, 760, 800, 840, 880, 920, 960, 1000, 1040, 1080, 1120, 1160, 1200, 1240, 1280, 1320, 1360, 1400, 1440, 1480, 1520, 1560, 1600, 1640, 1680, 1720, 1760, 1800, 1840, 1880, 1920, 1960, 2000, 2040, 2080, 2120, 2160, 2200, 2240, 2280, 2320, 2360, 2400, 2440, 2480, 2520, 2560, 2600, 2640, 2680, 2720, 2760, 2800, 2840, 2880, 2920, 2960, 3000, 3040, 3080, 3120, 3160]}], "conversation": [], "conversation_timestamps": []}