{"agent_id": "agent-green-1367", "type": "green", "trips": [{"trip_id": 0, "transport_method": "foot", "start_time": 0, "path": [[1.5244555, 42.5072277], [1.5246376, 42.5069866], [1.5248609, 42.5069165], [1.5251327, 42.5070485], [1.5254314, 42.5070881], [1.5257316, 42.507123], [1.5260317, 42.5071579], [1.5263318, 42.5071928], [1.5266319, 42.5072277], [1.5264555, 42.5072164], [1.5261542, 42.5071931], [1.5258545, 42.5071555], [1.5255554, 42.5071131], [1.5252563, 42.5070706], [1.5253361, 42.5070705], [1.5256372, 42.5070953], [1.5259383, 42.50712], [1.5262395, 42.5071447], [1.5265406, 42.5071695], [1.5268417, 42.5071942], [1.5271428, 42.5072189], [1.5274444, 42.5072374], [1.5277452, 42.5072652], [1.5280447, 42.5072933], [1.5283038, 42.5071378], [1.5285629, 42.5069824], [1.528822, 42.506827], [1.5290732, 42.5066599], [1.5293128, 42.5064758], [1.5295787, 42.5064102], [1.5298736, 42.5064756], [1.5301579, 42.5065666], [1.5304086, 42.5067351], [1.5306674, 42.5067888], [1.5309426, 42.5066642], [1.5312178, 42.5065395], [1.531493, 42.5064888], [1.531768, 42.5066139], [1.532043, 42.5067391], [1.5323389, 42.5066912], [1.5326358, 42.506635], [1.5323648, 42.5066374], [1.5320824, 42.5067325], [1.5323282, 42.5067384], [1.5326302, 42.5067313], [1.5329323, 42.5067243], [1.5332275, 42.5067675], [1.5335191, 42.5068466], [1.5338107, 42.5069256], [1.5341021, 42.5069802], [1.5343119, 42.5071361], [1.534553, 42.5073143], [1.5348212, 42.5074526], [1.5350989, 42.5075717], [1.5353882, 42.5076573], [1.5356848, 42.5077056], [1.5359864, 42.5077239], [1.536288, 42.5077422], [1.5365896, 42.5077605], [1.5368911, 42.5077789], [1.5371833, 42.5078273], [1.5374519, 42.5079636], [1.5377305, 42.5080801], [1.5380269, 42.5081314], [1.5383287, 42.5081454], [1.538616, 42.5082301], [1.5389181, 42.5082226], [1.5392191, 42.5082396], [1.539517, 42.5082903], [1.5398141, 42.5083448], [1.5399577, 42.508526], [1.5402024, 42.5086114], [1.5405022, 42.5086486], [1.5408022, 42.5086848], [1.5411021, 42.5087211], [1.5414014, 42.5087626], [1.5416977, 42.5088181], [1.5419442, 42.5089525], [1.5420614, 42.509231], [1.5420911, 42.5094882]], "mood_vectors": [[0.0132, 0.066, 0.035, 0.076, 0.0268, 0.0352, 0.7478], [0.0165, 0.0616, 0.0659, 0.0262, 0.0541, 0.0661, 0.7095], [0.0331, 0.0603, 0.0656, 0.0565, 0.0231, 0.0624, 0.6989], [0.0548, 0.0165, 0.0603, 0.0367, 0.0136, 0.0741, 0.7439], [0.0486, 0.065, 0.0748, 0.0635, 0.0729, 0.0439, 0.6312], [0.0406, 0.0727, 0.0727, 0.0838, 0.0463, 0.0289, 0.655], [0.0144, 0.0684, 0.0979, 0.0968, 0.056, 0.0266, 0.6398], [0.065, 0.0746, 0.0236, 0.0204, 0.0433, 0.0501, 0.7231], [0.0289, 0.0247, 0.0332, 0.0272, 0.0348, 0.0501, 0.8011], [0.0571, 0.0488, 0.0852, 0.0325, 0.0161, 0.0418, 0.7186], [0.0626, 0.0686, 0.0244, 0.0391, 0.0567, 0.0154, 0.7331], [0.0441, 0.0292, 0.0338, 0.0589, 0.0634, 0.0902, 0.6804], [0.066, 0.0657, 0.0657, 0.0719, 0.075, 0.0702, 0.5855], [0.0196, 0.0883, 0.0415, 0.094, 0.0876, 0.0462, 0.6229], [0.0203, 0.0468, 0.0771, 0.0197, 0.0386, 0.0154, 0.7821], [0.0516, 0.0295, 0.0567, 0.0563, 0.0301, 0.051, 0.7248], [0.0525, 0.0305, 0.0627, 0.0854, 0.0745, 0.0247, 0.6697], [0.0187, 0.0419, 0.0669, 0.0719, 0.0373, 0.0194, 0.744], [0.0664, 0.0806, 0.0176, 0.0555, 0.0287, 0.014, 0.7371], [0.0481, 0.0401, 0.0399, 0.0626, 0.0425, 0.0524, 0.7143], [0.0451, 0.0827, 0.0657, 0.0166, 0.0452, 0.0231, 0.7215], [0.0439, 0.0773, 0.0458, 0.0767, 0.034, 0.0491, 0.6732], [0.0799, 0.0752, 0.0431, 0.0327, 0.0195, 0.0464, 0.7034], [0.0725, 0.0245, 0.0462, 0.0761, 0.085, 0.0748, 0.621], [0.0775, 0.0685, 0.0861, 0.0619, 0.0823, 0.0682, 0.5554], [0.0723, 0.0702, 0.0351, 0.0522, 0.0688, 0.0173, 0.6842], [0.0258, 0.0612, 0.053, 0.0721, 0.0818, 0.075, 0.6311], [0.0705, 0.061, 0.036, 0.078, 0.0876, 0.0606, 0.6063], [0.0263, 0.0734, 0.0567, 0.0693, 0.0483, 0.0341, 0.6921], [0.0234, 0.04, 0.039, 0.0651, 0.0193, 0.0641, 0.7491], [0.0264, 0.0274, 0.0436, 0.042, 0.0831, 0.0275, 0.7501], [0.0501, 0.0843, 0.0622, 0.091, 0.0587, 0.0223, 0.6314], [0.0519, 0.0607, 0.0544, 0.043, 0.0443, 0.0194, 0.7263], [0.0647, 0.0664, 0.0206, 0.0352, 0.0407, 0.0495, 0.7229], [0.0121, 0.0741, 0.0649, 0.0211, 0.023, 0.0456, 0.7591], [0.0298, 0.0811, 0.0553, 0.0506, 0.0564, 0.053, 0.6739], [0.0205, 0.0885, 0.0138, 0.025, 0.0286, 0.0153, 0.8084], [0.087, 0.0569, 0.0811, 0.0367, 0.0701, 0.0336, 0.6345], [0.0525, 0.0609, 0.0472, 0.0386, 0.0705, 0.031, 0.6994], [0.0445, 0.0673, 0.0187, 0.0746, 0.0132, 0.0187, 0.763], [0.0277, 0.0627, 0.0717, 0.0468, 0.0693, 0.0241, 0.6976], [0.0317, 0.0523, 0.0309, 0.0811, 0.0352, 0.0458, 0.7231], [0.0677, 0.0298, 0.0632, 0.0645, 0.0848, 0.0171, 0.673], [0.0596, 0.0485, 0.0436, 0.0393, 0.0679, 0.0285, 0.7126], [0.0637, 0.0291, 0.0505, 0.0472, 0.0514, 0.0799, 0.6782], [0.0329, 0.0338, 0.0334, 0.0158, 0.0489, 0.0414, 0.7939], [0.0593, 0.0316, 0.0342, 0.0602, 0.0545, 0.0768, 0.6835], [0.0392, 0.0173, 0.0523, 0.0422, 0.0293, 0.0253, 0.7943], [0.0564, 0.0775, 0.0438, 0.0578, 0.0379, 0.0416, 0.685], [0.0622, 0.0486, 0.0675, 0.0337, 0.0188, 0.0563, 0.713], [0.0136, 0.0645, 0.0586, 0.0267, 0.0389, 0.0541, 0.7436], [0.0327, 0.0547, 0.089, 0.0487, 0.0544, 0.0392, 0.6814], [0.0348, 0.0145, 0.085, 0.0607, 0.0157, 0.0647, 0.7246], [0.0498, 0.0645, 0.0634, 0.0171, 0.0428, 0.0616, 0.7009], [0.0718, 0.0237, 0.0792, 0.0715, 0.0263, 0.0191, 0.7083], [0.0509, 0.0874, 0.0334, 0.0839, 0.0315, 0.054, 0.6591], [0.0278, 0.0288, 0.0379, 0.0345, 0.0527, 0.048, 0.7702], [0.0296, 0.0572, 0.0685, 0.0605, 0.0547, 0.0311, 0.6983], [0.0488, 0.048, 0.0534, 0.0341, 0.0832, 0.0357, 0.6967], [0.0671, 0.0361, 0.0332, 0.0577, 0.0173, 0.0666, 0.7219], [0.0624, 0.0804, 0.0508, 0.0162, 0.0464, 0.0569, 0.6869], [0.0418, 0.0244, 0.0783, 0.0255, 0.0353, 0.0782, 0.7166], [0.0532, 0.0175, 0.0944, 0.021, 0.0931, 0.0279, 0.6929], [0.0408, 0.053, 0.0499, 0.0183, 0.0469, 0.0929, 0.6982], [0.0187, 0.0572, 0.0305, 0.0594, 0.0322, 0.0675, 0.7346], [0.0214, 0.0348, 0.0288, 0.0719, 0.0545, 0.0214, 0.7672], [0.0503, 0.0619, 0.0605, 0.039, 0.0735, 0.0184, 0.6963], [0.0241, 0.0289, 0.0707, 0.0649, 0.0559, 0.0781, 0.6774], [0.072, 0.0469, 0.0447, 0.022, 0.0844, 0.0281, 0.7019], [0.0228, 0.0303, 0.0357, 0.0429, 0.0454, 0.0528, 0.7702], [0.0769, 0.0534, 0.091, 0.0737, 0.0166, 0.0161, 0.6723], [0.0667, 0.0416, 0.0616, 0.0148, 0.0278, 0.0165, 0.7711], [0.0752, 0.0534, 0.0306, 0.0583, 0.0514, 0.0614, 0.6697], [0.0749, 0.0122, 0.03, 0.0727, 0.0478, 0.0749, 0.6876], [0.0423, 0.0531, 0.021, 0.0758, 0.0812, 0.0379, 0.6887], [0.0369, 0.0786, 0.0468, 0.0777, 0.0188, 0.027, 0.7142], [0.0397, 0.0364, 0.0632, 0.0351, 0.0772, 0.0153, 0.7332], [0.0672, 0.097, 0.0713, 0.0449, 0.0223, 0.0479, 0.6493], [0.0284, 0.0662, 0.0585, 0.0419, 0.0648, 0.0656, 0.6746], [0.0277, 0.0628, 0.0498, 0.0916, 0.0309, 0.0384, 0.6988]], "emotions": ["purple", "purple", "purple", "purple", "purple", "purple", "purple", "purple", "purple", "purple", "purple", "purple", "purple", "purple", "purple", "purple", "purple", "purple", "purple", "purple", "purple", "purple", "purple", "purple", "purple", "purple", "purple", "purple", "purple", "purple", "purple", "purple", "purple", "purple", "purple", "purple", "purple", "purple", "purple", "purple", "purple", "purple", "purple", "purple", "purple", "purple", "purple", "purple", "purple", "purple", "purple", "purple", "purple", "purple", "purple", "purple", "purple", "purple", "purple", "purple", "purple", "purple", "purple", "purple", "purple", "purple", "purple", "purple", "purple", "purple", "purple", "purple", "purple", "purple", "purple", "purple", "purple", "purple", "purple", "purple"], "timestamps": [0, 40, 80, 120, 160, 200, 240, 280, 320, 360, 400, 440, 480, 520, 560, 600, 640, 680, 720, 760, 800, 840, 880, 920, 960, 1000, 1040, 1080, 1120, 1160, 1200, 1240, 1280, 1320, 1360, 1400, 1440, 1480, 1520, 1560, 1600, 1640, 1680, 1720, 1760, 1800, 1840, 1880, 1920, 1960, 2000, 2040, 2080, 2120, 2160, 2200, 2240, 2280, 2320, 2360, 2400, 2440, 2480, 2520, 2560, 2600, 2640, 2680, 2720, 2760, 2800, 2840, 2880, 2920, 2960, 3000, 3040, 3080, 3120, 3160]}], "conversation": [], "conversation_timestamps": []}