{"agent_id": "agent-green-1967", "type": "green", "trips": [{"trip_id": 0, "transport_method": "foot", "start_time": 0, "path": [[1.5891878, 42.5368975], [1.5877493, 42.5350502], [1.5874543, 42.5348908], [1.5854084, 42.5335809], [1.58441, 42.532748], [1.5822832, 42.5316901], [1.5798497, 42.5317671], [1.577417, 42.5317462], [1.5750196, 42.531337], [1.5731932, 42.529749], [1.5747317, 42.531226], [1.573128, 42.5297001], [1.5709521, 42.5290935], [1.5699442, 42.5282923], [1.570807, 42.5290301], [1.5687803, 42.5276801], [1.5682624, 42.5272682], [1.5679286, 42.5270234], [1.5658981, 42.5256853], [1.5636514, 42.5248416], [1.5617319, 42.5234632], [1.5597926, 42.5220499], [1.5578937, 42.5205569], [1.5567345, 42.5192672], [1.5564123, 42.5190742], [1.5549267, 42.5182623], [1.5536893, 42.5188332], [1.5514867, 42.5198659], [1.5492017, 42.5207051], [1.5468679, 42.5213993], [1.5445023, 42.5219766], [1.5421242, 42.5225009], [1.539725, 42.522916], [1.5373245, 42.5233257], [1.534929, 42.5237626], [1.5325484, 42.5242751], [1.5301923, 42.5248907], [1.5279007, 42.5257088], [1.5256908, 42.5267296], [1.5235799, 42.5279407], [1.5216206, 42.529383], [1.5201332, 42.5307466], [1.5197358, 42.5329278], [1.5204208, 42.5349459], [1.5204239, 42.5365499], [1.5195053, 42.538779], [1.5192151, 42.5410663], [1.5187829, 42.5414098], [1.5174875, 42.5422955], [1.5159707, 42.5441481], [1.514587, 42.5459988], [1.5133706, 42.5479475], [1.5118777, 42.5497102], [1.5099762, 42.5512056], [1.5090026, 42.5519403], [1.5075255, 42.5532379], [1.5064787, 42.5552788], [1.5049727, 42.5571769], [1.5040509, 42.5592248], [1.5020003, 42.5603973], [1.4999432, 42.5614788], [1.4977512, 42.561478], [1.4955874, 42.5622284], [1.4936905, 42.5636168], [1.491745, 42.564967], [1.4900822, 42.5667323], [1.488594, 42.5686217], [1.4883345, 42.5688685], [1.4866831, 42.5706176], [1.4867358, 42.5706141], [1.4846837, 42.5717813], [1.4823798, 42.571548], [1.4807545, 42.5705492], [1.4789189, 42.5696485], [1.4775358, 42.5687689], [1.4761505, 42.5671487], [1.4754864, 42.5685835], [1.4752278, 42.5703608], [1.4772894, 42.5716001], [1.4790229, 42.573087]], "mood_vectors": [[0.0514, 0.0564, 0.0321, 0.0658, 0.0815, 0.0291, 0.6837], [0.0208, 0.0732, 0.0216, 0.0978, 0.0339, 0.0259, 0.7269], [0.0636, 0.0647, 0.0469, 0.0131, 0.0655, 0.0669, 0.6794], [0.0458, 0.03, 0.0623, 0.015, 0.079, 0.0231, 0.7448], [0.0756, 0.0177, 0.0762, 0.0199, 0.0873, 0.0625, 0.6607], [0.0546, 0.078, 0.0662, 0.0379, 0.0315, 0.0745, 0.6573], [0.0555, 0.037, 0.0743, 0.0369, 0.0282, 0.0474, 0.7207], [0.0399, 0.0499, 0.0863, 0.0783, 0.0255, 0.078, 0.6421], [0.0149, 0.0284, 0.0405, 0.0747, 0.0126, 0.0226, 0.8064], [0.0235, 0.0268, 0.0682, 0.0467, 0.0464, 0.0132, 0.7753], [0.0357, 0.0698, 0.0715, 0.0603, 0.0273, 0.0517, 0.6837], [0.0389, 0.0544, 0.0709, 0.0729, 0.0196, 0.0452, 0.6982], [0.0395, 0.0749, 0.0452, 0.0129, 0.032, 0.0715, 0.7239], [0.0739, 0.0187, 0.0738, 0.0717, 0.0549, 0.0729, 0.634], [0.0435, 0.0727, 0.0918, 0.0593, 0.0718, 0.0172, 0.6438], [0.0705, 0.0285, 0.0224, 0.0524, 0.0244, 0.0235, 0.7783], [0.0257, 0.0514, 0.0305, 0.0616, 0.0653, 0.0664, 0.6992], [0.032, 0.0454, 0.0118, 0.0671, 0.0545, 0.0403, 0.749], [0.0544, 0.0505, 0.0552, 0.0296, 0.0197, 0.0752, 0.7154], [0.0171, 0.0818, 0.0616, 0.0341, 0.0464, 0.0497, 0.7092], [0.0587, 0.0593, 0.0507, 0.0431, 0.0434, 0.0582, 0.6867], [0.0532, 0.0641, 0.0238, 0.0312, 0.0714, 0.0546, 0.7016], [0.0665, 0.0659, 0.0742, 0.0454, 0.072, 0.0567, 0.6193], [0.0387, 0.0627, 0.0708, 0.0407, 0.0589, 0.0165, 0.7117], [0.0274, 0.0548, 0.0551, 0.0574, 0.0565, 0.0339, 0.7148], [0.034, 0.0334, 0.0804, 0.0418, 0.0252, 0.0658, 0.7193], [0.048, 0.0518, 0.0137, 0.0349, 0.0734, 0.04, 0.7383], [0.0235, 0.0569, 0.0294, 0.0633, 0.0695, 0.0629, 0.6945], [0.0157, 0.0666, 0.0336, 0.0598, 0.024, 0.0641, 0.7363], [0.0253, 0.0327, 0.0457, 0.0512, 0.0199, 0.0501, 0.7751], [0.0691, 0.0608, 0.0613, 0.0312, 0.0214, 0.0465, 0.7097], [0.0251, 0.0298, 0.0577, 0.0649, 0.0695, 0.058, 0.695], [0.0222, 0.0323, 0.0204, 0.0431, 0.0864, 0.08, 0.7156], [0.0583, 0.0772, 0.0523, 0.0712, 0.0512, 0.036, 0.6537], [0.0709, 0.0367, 0.0237, 0.0786, 0.0548, 0.0493, 0.6859], [0.0601, 0.0486, 0.0162, 0.0387, 0.0588, 0.0808, 0.6969], [0.027, 0.0367, 0.0593, 0.0485, 0.0715, 0.0478, 0.7092], [0.0279, 0.0483, 0.0807, 0.0202, 0.0609, 0.042, 0.7199], [0.0606, 0.0443, 0.0802, 0.0741, 0.0764, 0.083, 0.5814], [0.087, 0.0805, 0.0539, 0.063, 0.0391, 0.0651, 0.6114], [0.0748, 0.042, 0.0471, 0.0754, 0.0133, 0.0619, 0.6856], [0.0569, 0.0791, 0.0255, 0.0403, 0.038, 0.0533, 0.7069], [0.0425, 0.0406, 0.049, 0.0618, 0.0705, 0.0648, 0.6708], [0.0924, 0.0333, 0.0238, 0.0324, 0.0798, 0.0145, 0.7238], [0.0571, 0.0543, 0.0745, 0.0793, 0.0211, 0.0812, 0.6325], [0.0265, 0.0353, 0.0695, 0.0668, 0.0725, 0.0418, 0.6877], [0.0544, 0.0233, 0.0376, 0.0633, 0.026, 0.0221, 0.7733], [0.0709, 0.0542, 0.015, 0.0329, 0.0135, 0.0741, 0.7393], [0.0295, 0.0183, 0.0857, 0.064, 0.0582, 0.0492, 0.6951], [0.0725, 0.0828, 0.0434, 0.0672, 0.024, 0.037, 0.6731], [0.0349, 0.0391, 0.0314, 0.0555, 0.0457, 0.0222, 0.7711], [0.0725, 0.0424, 0.1029, 0.0454, 0.0365, 0.0169, 0.6834], [0.0517, 0.0296, 0.0487, 0.0463, 0.0601, 0.0497, 0.714], [0.0605, 0.073, 0.0717, 0.0632, 0.017, 0.0688, 0.6458], [0.0323, 0.045, 0.0306, 0.0718, 0.0395, 0.0602, 0.7207], [0.0237, 0.0668, 0.0308, 0.0783, 0.0672, 0.0232, 0.71], [0.0758, 0.0377, 0.0264, 0.0483, 0.0665, 0.0914, 0.6539], [0.0306, 0.0539, 0.0747, 0.0579, 0.0613, 0.041, 0.6806], [0.0334, 0.044, 0.0331, 0.0684, 0.0886, 0.0576, 0.6749], [0.0694, 0.0584, 0.0671, 0.0615, 0.0573, 0.0254, 0.6608], [0.0577, 0.0808, 0.048, 0.0773, 0.0646, 0.0158, 0.6558], [0.0727, 0.0214, 0.0621, 0.0227, 0.072, 0.0145, 0.7345], [0.0546, 0.0814, 0.074, 0.0182, 0.0632, 0.0338, 0.6748], [0.056, 0.0324, 0.0626, 0.0692, 0.0648, 0.0309, 0.6841], [0.0569, 0.066, 0.0354, 0.0705, 0.015, 0.0554, 0.7007], [0.0277, 0.0555, 0.0783, 0.041, 0.0385, 0.0211, 0.7379], [0.0565, 0.0644, 0.0771, 0.0196, 0.0173, 0.0484, 0.7167], [0.0731, 0.0504, 0.0632, 0.059, 0.0366, 0.0385, 0.6791], [0.0907, 0.1057, 0.0518, 0.0195, 0.0412, 0.0372, 0.6539], [0.0599, 0.0441, 0.0179, 0.05, 0.0508, 0.0337, 0.7435], [0.0778, 0.046, 0.0498, 0.0403, 0.0483, 0.0505, 0.6873], [0.0386, 0.0679, 0.0626, 0.0614, 0.0241, 0.0648, 0.6807], [0.0807, 0.0601, 0.0624, 0.0435, 0.0844, 0.0644, 0.6046], [0.0557, 0.0156, 0.0679, 0.0189, 0.0552, 0.0712, 0.7156], [0.0611, 0.0501, 0.0511, 0.0504, 0.0468, 0.0661, 0.6744], [0.0703, 0.017, 0.0569, 0.0462, 0.048, 0.0687, 0.6929], [0.0614, 0.0965, 0.0182, 0.0157, 0.0849, 0.0879, 0.6354], [0.0626, 0.0573, 0.014, 0.0469, 0.0852, 0.0494, 0.6847], [0.0262, 0.0671, 0.0573, 0.0444, 0.0683, 0.0472, 0.6895], [0.0517, 0.0244, 0.0173, 0.0193, 0.0486, 0.0801, 0.7586]], "emotions": ["purple", "purple", "purple", "purple", "purple", "purple", "purple", "purple", "purple", "purple", "purple", "purple", "purple", "purple", "purple", "purple", "purple", "purple", "purple", "purple", "purple", "purple", "purple", "purple", "purple", "purple", "purple", "purple", "purple", "purple", "purple", "purple", "purple", "purple", "purple", "purple", "purple", "purple", "purple", "purple", "purple", "purple", "purple", "purple", "purple", "purple", "purple", "purple", "purple", "purple", "purple", "purple", "purple", "purple", "purple", "purple", "purple", "purple", "purple", "purple", "purple", "purple", "purple", "purple", "purple", "purple", "purple", "purple", "purple", "purple", "purple", "purple", "purple", "purple", "purple", "purple", "purple", "purple", "purple", "purple"], "timestamps": [0, 40, 80, 120, 160, 200, 240, 280, 320, 360, 400, 440, 480, 520, 560, 600, 640, 680, 720, 760, 800, 840, 880, 920, 960, 1000, 1040, 1080, 1120, 1160, 1200, 1240, 1280, 1320, 1360, 1400, 1440, 1480, 1520, 1560, 1600, 1640, 1680, 1720, 1760, 1800, 1840, 1880, 1920, 1960, 2000, 2040, 2080, 2120, 2160, 2200, 2240, 2280, 2320, 2360, 2400, 2440, 2480, 2520, 2560, 2600, 2640, 2680, 2720, 2760, 2800, 2840, 2880, 2920, 2960, 3000, 3040, 3080, 3120, 3160]}], "conversation": [], "conversation_timestamps": []}