{"agent_id": "agent-green-637", "type": "green", "trips": [{"trip_id": 0, "transport_method": "bus", "start_time": 0, "path": [[1.5297701, 42.5067714], [1.5296927, 42.5068363], [1.5296153, 42.5069011], [1.5295379, 42.506966], [1.5294605, 42.5070308], [1.529377, 42.5070287], [1.5292892, 42.5069788], [1.5292013, 42.506929], [1.5291135, 42.5068791], [1.5290257, 42.5068293], [1.52894, 42.5068061], [1.5288612, 42.5068693], [1.5287824, 42.5069325], [1.5287037, 42.5069958], [1.5286258, 42.50706], [1.5285478, 42.5071241], [1.5284698, 42.5071883], [1.5283918, 42.5072524], [1.5283307, 42.5073283], [1.5282379, 42.5073242], [1.5281379, 42.5073104], [1.5280379, 42.5072966], [1.5279375, 42.5072858], [1.5278371, 42.5072751], [1.5277366, 42.5072643], [1.5276362, 42.5072536], [1.5275358, 42.5072428], [1.527435, 42.5072369], [1.5273342, 42.5072309], [1.5272334, 42.5072249], [1.5271325, 42.5072218], [1.5270315, 42.5072235], [1.5269306, 42.5072252], [1.5268296, 42.5072269], [1.5267457, 42.5072591], [1.5266914, 42.5073442], [1.5266371, 42.5074294], [1.5265828, 42.5075145], [1.5265285, 42.5075996], [1.5264741, 42.5076848], [1.5264198, 42.5077699], [1.5263231, 42.5077968], [1.5262254, 42.5078224], [1.5261277, 42.5078481], [1.52603, 42.5078737], [1.5259343, 42.5078757], [1.5258478, 42.5078243], [1.5257658, 42.5077653], [1.5256826, 42.5077084], [1.5255937, 42.5076604], [1.5255048, 42.5076125], [1.5254116, 42.5075799], [1.5253108, 42.5075742], [1.5252621, 42.5076528], [1.5252154, 42.5077424], [1.5251687, 42.5078319], [1.525122, 42.5079215], [1.5250503, 42.5079548], [1.5249526, 42.5079294], [1.5248549, 42.507904], [1.5247571, 42.5078786], [1.5246594, 42.5078532], [1.5245607, 42.5078321], [1.5244615, 42.5078131], [1.5243623, 42.507794], [1.5242624, 42.50778], [1.5241617, 42.5077735], [1.5240607, 42.5077726], [1.5239598, 42.5077747], [1.5238589, 42.5077782], [1.5237581, 42.5077852], [1.5236574, 42.5077922], [1.5235566, 42.5077992], [1.5234559, 42.5078062], [1.5233564, 42.5078197], [1.5232601, 42.5078502], [1.523191, 42.5079095], [1.5231611, 42.508006], [1.5231312, 42.5081025], [1.5231013, 42.5081989]], "mood_vectors": [[0.0418, 0.0703, 0.0134, 0.0167, 0.0604, 0.0542, 0.7432], [0.0329, 0.0677, 0.079, 0.042, 0.0714, 0.0359, 0.6711], [0.0392, 0.0265, 0.0734, 0.0566, 0.0774, 0.0207, 0.7063], [0.0528, 0.0764, 0.0164, 0.0356, 0.0215, 0.0628, 0.7344], [0.0292, 0.0288, 0.0279, 0.0545, 0.0809, 0.0808, 0.698], [0.0125, 0.0212, 0.0787, 0.0398, 0.0402, 0.0485, 0.7591], [0.0798, 0.0782, 0.0333, 0.0444, 0.0624, 0.0273, 0.6747], [0.0414, 0.0283, 0.0693, 0.0676, 0.0402, 0.0313, 0.7219], [0.0275, 0.0511, 0.0254, 0.039, 0.0689, 0.0532, 0.735], [0.0155, 0.0853, 0.0522, 0.0329, 0.0439, 0.0793, 0.6909], [0.0398, 0.0803, 0.0817, 0.0261, 0.0171, 0.0614, 0.6935], [0.0773, 0.0784, 0.0172, 0.0451, 0.0282, 0.0323, 0.7217], [0.0201, 0.0311, 0.0618, 0.0508, 0.0739, 0.0413, 0.7211], [0.0335, 0.0379, 0.0642, 0.0916, 0.0769, 0.0655, 0.6305], [0.0475, 0.0256, 0.0252, 0.0654, 0.0686, 0.0676, 0.7], [0.0405, 0.057, 0.0383, 0.0753, 0.065, 0.049, 0.6749], [0.0698, 0.0872, 0.062, 0.066, 0.0789, 0.0589, 0.5772], [0.0582, 0.0376, 0.0601, 0.0236, 0.0805, 0.0734, 0.6665], [0.0235, 0.0547, 0.0739, 0.0444, 0.0435, 0.0296, 0.7304], [0.0581, 0.078, 0.0606, 0.0473, 0.0179, 0.0301, 0.7079], [0.0725, 0.0134, 0.0472, 0.0392, 0.0601, 0.0656, 0.702], [0.0435, 0.0346, 0.0259, 0.0743, 0.0852, 0.0479, 0.6884], [0.0607, 0.0807, 0.0838, 0.0712, 0.0462, 0.0633, 0.5942], [0.0264, 0.0418, 0.0269, 0.0675, 0.0365, 0.0225, 0.7785], [0.0714, 0.0494, 0.0348, 0.0553, 0.0209, 0.017, 0.7511], [0.0783, 0.0654, 0.0388, 0.0656, 0.0606, 0.0852, 0.6062], [0.0145, 0.0781, 0.0785, 0.0591, 0.0189, 0.0748, 0.676], [0.0764, 0.0311, 0.0413, 0.0554, 0.0246, 0.0423, 0.7289], [0.0215, 0.0768, 0.0209, 0.0592, 0.0756, 0.0797, 0.6662], [0.0156, 0.0554, 0.0325, 0.1044, 0.0852, 0.0289, 0.6781], [0.0701, 0.0128, 0.0174, 0.0849, 0.0351, 0.0355, 0.7442], [0.0286, 0.0454, 0.0306, 0.0267, 0.0462, 0.0629, 0.7596], [0.0235, 0.05, 0.0374, 0.0601, 0.0125, 0.0529, 0.7635], [0.0152, 0.0614, 0.0715, 0.0312, 0.0558, 0.0196, 0.7452], [0.0228, 0.0723, 0.0301, 0.0337, 0.0384, 0.0124, 0.7903], [0.0672, 0.0619, 0.0535, 0.0302, 0.0588, 0.0571, 0.6713], [0.0752, 0.0138, 0.0637, 0.0493, 0.0752, 0.0126, 0.71], [0.0482, 0.0304, 0.0429, 0.0432, 0.0887, 0.0485, 0.698], [0.0564, 0.0953, 0.0577, 0.037, 0.0392, 0.0902, 0.6243], [0.0572, 0.0229, 0.0685, 0.0669, 0.0168, 0.0298, 0.7379], [0.0181, 0.0481, 0.048, 0.0368, 0.0781, 0.0577, 0.7132], [0.0401, 0.0205, 0.0183, 0.0443, 0.0723, 0.0205, 0.784], [0.0498, 0.0392, 0.0305, 0.0552, 0.0823, 0.0133, 0.7297], [0.0192, 0.0565, 0.0709, 0.0466, 0.0679, 0.0144, 0.7245], [0.0447, 0.0245, 0.0428, 0.0439, 0.0474, 0.0525, 0.7443], [0.0216, 0.057, 0.0155, 0.0139, 0.0194, 0.0463, 0.8263], [0.0757, 0.07, 0.0122, 0.0633, 0.0741, 0.0644, 0.6403], [0.0589, 0.0853, 0.0531, 0.0622, 0.0679, 0.0618, 0.6109], [0.036, 0.08, 0.046, 0.03, 0.0436, 0.013, 0.7515], [0.085, 0.0391, 0.0169, 0.0596, 0.0237, 0.0705, 0.7053], [0.0901, 0.0289, 0.0558, 0.0481, 0.0429, 0.0272, 0.707], [0.0345, 0.0601, 0.0172, 0.0703, 0.1062, 0.0192, 0.6925], [0.0483, 0.0722, 0.0543, 0.0363, 0.0758, 0.0365, 0.6766], [0.0494, 0.0575, 0.0424, 0.084, 0.0676, 0.0713, 0.6278], [0.0673, 0.0662, 0.0111, 0.0109, 0.0704, 0.0328, 0.7414], [0.0509, 0.0426, 0.0543, 0.0706, 0.0436, 0.0422, 0.6957], [0.0375, 0.0206, 0.0315, 0.0139, 0.0723, 0.0494, 0.7747], [0.0156, 0.0206, 0.0439, 0.0746, 0.0916, 0.1002, 0.6535], [0.0808, 0.0388, 0.06, 0.0802, 0.0282, 0.0883, 0.6236], [0.0492, 0.0265, 0.0812, 0.0786, 0.0482, 0.0187, 0.6976], [0.0675, 0.0539, 0.0671, 0.0881, 0.0199, 0.0392, 0.6644], [0.0541, 0.017, 0.0336, 0.0303, 0.0378, 0.0628, 0.7644], [0.0629, 0.076, 0.0665, 0.0227, 0.0281, 0.0285, 0.7152], [0.0231, 0.0676, 0.0277, 0.0456, 0.0226, 0.0155, 0.7978], [0.0798, 0.034, 0.0711, 0.033, 0.0279, 0.0485, 0.7057], [0.0185, 0.0907, 0.0763, 0.0393, 0.0222, 0.0732, 0.6798], [0.0488, 0.0735, 0.0609, 0.0186, 0.0678, 0.0772, 0.6532], [0.0137, 0.0722, 0.0389, 0.0627, 0.0644, 0.0432, 0.7048], [0.0674, 0.0649, 0.0322, 0.0375, 0.0414, 0.0413, 0.7153], [0.0177, 0.0541, 0.0269, 0.0639, 0.0452, 0.0611, 0.7311], [0.0801, 0.0555, 0.0478, 0.0665, 0.0324, 0.0318, 0.6859], [0.0531, 0.0538, 0.0554, 0.0507, 0.0643, 0.064, 0.6587], [0.0688, 0.0719, 0.0611, 0.0702, 0.0339, 0.0791, 0.6149], [0.0154, 0.0514, 0.0335, 0.0743, 0.0598, 0.0715, 0.6941], [0.0665, 0.0862, 0.0732, 0.0559, 0.0521, 0.0862, 0.5799], [0.0704, 0.0164, 0.0344, 0.0512, 0.0558, 0.0322, 0.7395], [0.0476, 0.0652, 0.0283, 0.0666, 0.0387, 0.0709, 0.6827], [0.0978, 0.0744, 0.037, 0.0686, 0.0186, 0.0973, 0.6064], [0.0511, 0.0624, 0.0443, 0.0316, 0.0459, 0.0335, 0.7312], [0.0598, 0.016, 0.0521, 0.0235, 0.0154, 0.0129, 0.8203]], "emotions": ["purple", "purple", "purple", "purple", "purple", "purple", "purple", "purple", "purple", "purple", "purple", "purple", "purple", "purple", "purple", "purple", "purple", "purple", "purple", "purple", "purple", "purple", "purple", "purple", "purple", "purple", "purple", "purple", "purple", "purple", "purple", "purple", "purple", "purple", "purple", "purple", "purple", "purple", "purple", "purple", "purple", "purple", "purple", "purple", "purple", "purple", "purple", "purple", "purple", "purple", "purple", "purple", "purple", "purple", "purple", "purple", "purple", "purple", "purple", "purple", "purple", "purple", "purple", "purple", "purple", "purple", "purple", "purple", "purple", "purple", "purple", "purple", "purple", "purple", "purple", "purple", "purple", "purple", "purple", "purple"], "timestamps": [0, 40, 80, 120, 160, 200, 240, 280, 320, 360, 400, 440, 480, 520, 560, 600, 640, 680, 720, 760, 800, 840, 880, 920, 960, 1000, 1040, 1080, 1120, 1160, 1200, 1240, 1280, 1320, 1360, 1400, 1440, 1480, 1520, 1560, 1600, 1640, 1680, 1720, 1760, 1800, 1840, 1880, 1920, 1960, 2000, 2040, 2080, 2120, 2160, 2200, 2240, 2280, 2320, 2360, 2400, 2440, 2480, 2520, 2560, 2600, 2640, 2680, 2720, 2760, 2800, 2840, 2880, 2920, 2960, 3000, 3040, 3080, 3120, 3160]}], "conversation": [], "conversation_timestamps": []}