{"agent_id": "agent-purple-1354", "type": "purple", "trips": [{"trip_id": 0, "transport_method": "foot", "start_time": 0, "path": [[1.5541484, 42.5156779], [1.5540277, 42.5154156], [1.5538996, 42.5151565], [1.5537037, 42.514947], [1.5534961, 42.5147459], [1.5532885, 42.5145449], [1.553081, 42.5143438], [1.5528734, 42.5141427], [1.5526658, 42.5139416], [1.5524582, 42.5137406], [1.5522507, 42.5135395], [1.5520431, 42.5133384], [1.5519, 42.5131748], [1.5521712, 42.5132742], [1.5524376, 42.5133862], [1.5526883, 42.5135294], [1.5529135, 42.5137094], [1.5530989, 42.5139308], [1.5532848, 42.5141521], [1.5534556, 42.5143849], [1.5536102, 42.5146286], [1.55375, 42.5148816], [1.553868, 42.5151071], [1.5536534, 42.5149135], [1.5534388, 42.5147199], [1.5532242, 42.5145264], [1.5530097, 42.5143328], [1.5527951, 42.5141392], [1.5525805, 42.5139457], [1.5523659, 42.5137521], [1.5521513, 42.5135585], [1.5519367, 42.513365], [1.5517221, 42.5131714], [1.5514879, 42.5130051], [1.5512608, 42.5128271], [1.5510566, 42.5126228], [1.5508468, 42.5124243], [1.5506134, 42.5122621], [1.5503706, 42.5121239], [1.5501114, 42.5119989], [1.5498412, 42.5118975], [1.5495715, 42.511794], [1.5492935, 42.511716], [1.5490135, 42.5116444], [1.5487333, 42.5115736], [1.5484519, 42.5115079], [1.5481704, 42.5114423], [1.547889, 42.5113766], [1.5476093, 42.5113041], [1.5473303, 42.5112287], [1.5470513, 42.5111534], [1.5467789, 42.5110587], [1.546554, 42.510882], [1.5463945, 42.5106424], [1.5463271, 42.5103681], [1.5462213, 42.510138], [1.5462496, 42.5098504], [1.5464006, 42.509901], [1.5463099, 42.5101243], [1.5461924, 42.5099729], [1.546152, 42.5096867], [1.5458899, 42.5095812], [1.5456242, 42.5094675], [1.545357, 42.5093599], [1.5450688, 42.5093386], [1.5447804, 42.50932], [1.5444917, 42.5093079], [1.544203, 42.5092958], [1.5439299, 42.5092019], [1.5436665, 42.509086], [1.5433884, 42.5090119], [1.5431029, 42.5089677], [1.542817, 42.508925], [1.5426023, 42.5087736], [1.5424621, 42.5085217], [1.542221, 42.5084043], [1.5419416, 42.5083396], [1.5416675, 42.5082551], [1.541379, 42.5082399], [1.541091, 42.5082597]], "mood_vectors": [[0.0763, 0.0699, 0.0615, 0.0708, 0.0311, 0.626, 0.0644], [0.0508, 0.078, 0.0367, 0.0898, 0.0321, 0.6642, 0.0484], [0.0674, 0.0555, 0.0825, 0.0218, 0.0508, 0.6948, 0.0272], [0.03, 0.0777, 0.0428, 0.0146, 0.0746, 0.6758, 0.0843], [0.0365, 0.0762, 0.0207, 0.0913, 0.0817, 0.6343, 0.0594], [0.0572, 0.0366, 0.0398, 0.0536, 0.078, 0.713, 0.0219], [0.039, 0.0438, 0.0144, 0.035, 0.0317, 0.7468, 0.0893], [0.0439, 0.0297, 0.0999, 0.0269, 0.0357, 0.7209, 0.043], [0.0489, 0.0629, 0.052, 0.0661, 0.0281, 0.6892, 0.0529], [0.0804, 0.0262, 0.0984, 0.0429, 0.035, 0.6704, 0.0468], [0.0221, 0.064, 0.0532, 0.049, 0.0582, 0.7087, 0.0448], [0.0436, 0.0614, 0.0134, 0.0284, 0.0689, 0.7004, 0.084], [0.0607, 0.0267, 0.0624, 0.068, 0.0573, 0.6666, 0.0583], [0.0753, 0.0572, 0.0728, 0.0572, 0.041, 0.6285, 0.0681], [0.0403, 0.0288, 0.0655, 0.0584, 0.031, 0.7214, 0.0546], [0.0566, 0.0383, 0.0427, 0.0378, 0.0283, 0.7562, 0.04], [0.0656, 0.0613, 0.0169, 0.0757, 0.0472, 0.7003, 0.0329], [0.0598, 0.07, 0.0122, 0.0693, 0.0489, 0.7172, 0.0226], [0.0376, 0.0649, 0.0621, 0.0498, 0.0653, 0.6588, 0.0616], [0.0617, 0.0364, 0.0162, 0.0502, 0.0722, 0.7437, 0.0196], [0.0506, 0.0508, 0.0648, 0.05, 0.0432, 0.7194, 0.0212], [0.0129, 0.0592, 0.0506, 0.0584, 0.0619, 0.7048, 0.0523], [0.0479, 0.0676, 0.0247, 0.071, 0.0687, 0.6634, 0.0567], [0.0693, 0.0369, 0.046, 0.0648, 0.0159, 0.7088, 0.0582], [0.0226, 0.0446, 0.0455, 0.0786, 0.0589, 0.6799, 0.07], [0.0144, 0.0764, 0.0238, 0.0487, 0.0685, 0.7279, 0.0404], [0.0625, 0.0494, 0.0391, 0.0602, 0.0677, 0.6737, 0.0474], [0.0422, 0.0721, 0.0397, 0.0726, 0.0485, 0.6918, 0.0331], [0.0446, 0.0282, 0.0166, 0.0767, 0.0338, 0.7681, 0.0321], [0.0382, 0.0564, 0.0813, 0.0171, 0.0284, 0.7437, 0.0349], [0.0469, 0.0491, 0.0534, 0.0689, 0.054, 0.6672, 0.0605], [0.0442, 0.0234, 0.0836, 0.096, 0.0408, 0.6673, 0.0448], [0.0323, 0.0124, 0.0831, 0.0309, 0.0279, 0.7925, 0.021], [0.0705, 0.0281, 0.0573, 0.0592, 0.0167, 0.7176, 0.0505], [0.0437, 0.0334, 0.0565, 0.0688, 0.0203, 0.7415, 0.0357], [0.0768, 0.0859, 0.0309, 0.0143, 0.0338, 0.7208, 0.0374], [0.0632, 0.0302, 0.0598, 0.0198, 0.038, 0.7352, 0.0536], [0.0483, 0.0124, 0.0385, 0.0546, 0.0318, 0.7384, 0.0759], [0.034, 0.0497, 0.038, 0.0419, 0.0115, 0.7514, 0.0735], [0.0653, 0.0239, 0.0741, 0.0196, 0.0364, 0.7133, 0.0674], [0.0676, 0.0689, 0.0723, 0.0726, 0.0605, 0.6318, 0.0263], [0.0582, 0.0802, 0.0318, 0.0578, 0.0751, 0.6302, 0.0666], [0.0443, 0.0898, 0.0228, 0.0515, 0.077, 0.6358, 0.0789], [0.0494, 0.095, 0.0229, 0.0438, 0.027, 0.728, 0.0338], [0.0929, 0.0183, 0.051, 0.0467, 0.0677, 0.6751, 0.0484], [0.0541, 0.033, 0.0343, 0.0262, 0.0283, 0.7764, 0.0478], [0.0163, 0.0412, 0.0362, 0.0442, 0.0506, 0.7385, 0.0729], [0.0251, 0.0725, 0.0658, 0.0254, 0.0216, 0.7147, 0.0748], [0.0794, 0.0176, 0.0602, 0.0131, 0.0602, 0.6972, 0.0723], [0.0738, 0.0554, 0.0336, 0.0799, 0.0427, 0.6771, 0.0374], [0.0324, 0.0183, 0.0505, 0.0344, 0.0429, 0.7527, 0.0688], [0.0484, 0.0474, 0.0747, 0.041, 0.0391, 0.6736, 0.0758], [0.0671, 0.0349, 0.0559, 0.0346, 0.0589, 0.6933, 0.0553], [0.0524, 0.0303, 0.0544, 0.0578, 0.0855, 0.6913, 0.0283], [0.0226, 0.0367, 0.0837, 0.0769, 0.0226, 0.7308, 0.0267], [0.0751, 0.0129, 0.0388, 0.0747, 0.031, 0.6992, 0.0682], [0.0227, 0.0243, 0.0871, 0.0542, 0.0245, 0.7033, 0.084], [0.0658, 0.0514, 0.0527, 0.064, 0.0255, 0.6948, 0.0458], [0.0278, 0.0198, 0.0323, 0.0791, 0.0422, 0.7352, 0.0637], [0.0564, 0.0213, 0.0234, 0.0348, 0.0723, 0.7662, 0.0255], [0.0686, 0.0798, 0.0158, 0.0125, 0.047, 0.7536, 0.0227], [0.0711, 0.0304, 0.0678, 0.0297, 0.046, 0.7032, 0.0519], [0.048, 0.0326, 0.0285, 0.038, 0.0786, 0.706, 0.0682], [0.0554, 0.0619, 0.0434, 0.0812, 0.0433, 0.6982, 0.0166], [0.0482, 0.06, 0.0908, 0.061, 0.067, 0.6581, 0.0149], [0.0607, 0.0753, 0.0645, 0.0708, 0.0427, 0.6331, 0.0529], [0.0742, 0.0758, 0.0341, 0.0666, 0.0377, 0.6967, 0.015], [0.0161, 0.0694, 0.045, 0.106, 0.0316, 0.6868, 0.0451], [0.0724, 0.0219, 0.0643, 0.0148, 0.0321, 0.7418, 0.0526], [0.0181, 0.0667, 0.0706, 0.0301, 0.0731, 0.6904, 0.0509], [0.1032, 0.034, 0.0167, 0.0857, 0.0318, 0.7059, 0.0227], [0.0725, 0.0707, 0.0351, 0.0664, 0.0154, 0.6961, 0.0438], [0.0423, 0.0173, 0.0498, 0.0685, 0.0512, 0.7453, 0.0256], [0.0597, 0.0491, 0.034, 0.0526, 0.0597, 0.7115, 0.0335], [0.0461, 0.0237, 0.0278, 0.0721, 0.0825, 0.729, 0.0189], [0.052, 0.0325, 0.0671, 0.07, 0.0298, 0.6968, 0.0519], [0.0535, 0.0653, 0.0392, 0.0571, 0.0734, 0.6469, 0.0647], [0.0238, 0.0912, 0.0397, 0.0228, 0.0295, 0.7762, 0.0168], [0.057, 0.0765, 0.0705, 0.0372, 0.0183, 0.7072, 0.0333], [0.0539, 0.0816, 0.06, 0.0632, 0.0304, 0.6304, 0.0805]], "emotions": ["purple", "purple", "purple", "purple", "purple", "purple", "purple", "purple", "purple", "purple", "purple", "purple", "purple", "purple", "purple", "purple", "purple", "purple", "purple", "purple", "purple", "purple", "purple", "purple", "purple", "purple", "purple", "purple", "purple", "purple", "purple", "purple", "purple", "purple", "purple", "purple", "purple", "purple", "purple", "purple", "purple", "purple", "purple", "purple", "purple", "purple", "purple", "purple", "purple", "purple", "purple", "purple", "purple", "purple", "purple", "purple", "purple", "purple", "purple", "purple", "purple", "purple", "purple", "purple", "purple", "purple", "purple", "purple", "purple", "purple", "purple", "purple", "purple", "purple", "purple", "purple", "purple", "purple", "purple", "purple"], "timestamps": [0, 40, 80, 120, 160, 200, 240, 280, 320, 360, 400, 440, 480, 520, 560, 600, 640, 680, 720, 760, 800, 840, 880, 920, 960, 1000, 1040, 1080, 1120, 1160, 1200, 1240, 1280, 1320, 1360, 1400, 1440, 1480, 1520, 1560, 1600, 1640, 1680, 1720, 1760, 1800, 1840, 1880, 1920, 1960, 2000, 2040, 2080, 2120, 2160, 2200, 2240, 2280, 2320, 2360, 2400, 2440, 2480, 2520, 2560, 2600, 2640, 2680, 2720, 2760, 2800, 2840, 2880, 2920, 2960, 3000, 3040, 3080, 3120, 3160]}], "conversation": [], "conversation_timestamps": []}