{"agent_id": "agent-green-832", "type": "green", "trips": [{"trip_id": 0, "transport_method": "car", "start_time": 0, "path": [[1.7328299, 42.5426276], [1.7351087, 42.5445315], [1.7340712, 42.5466616], [1.7339735, 42.5472808], [1.7306564, 42.5453891], [1.7270728, 42.544091], [1.723272, 42.5437586], [1.7194524, 42.5438435], [1.7156335, 42.5439728], [1.7118133, 42.5440616], [1.7079995, 42.5442939], [1.704191, 42.544603], [1.7005602, 42.5456639], [1.6977047, 42.5481243], [1.6953526, 42.5511321], [1.6924264, 42.553558], [1.6897872, 42.5563111], [1.6875135, 42.5578282], [1.6864901, 42.5553225], [1.6828808, 42.5541105], [1.6819085, 42.5537783], [1.685246, 42.5549989], [1.6829409, 42.554045], [1.679921, 42.5523926], [1.6795765, 42.5518868], [1.6812593, 42.5496333], [1.683641, 42.5471743], [1.6841717, 42.5462378], [1.6839961, 42.5425178], [1.6807601, 42.54079], [1.6773538, 42.5391037], [1.6738395, 42.5380644], [1.6720755, 42.5391383], [1.6683062, 42.5391571], [1.6645738, 42.5391507], [1.662679, 42.537542], [1.6601219, 42.5400832], [1.6564705, 42.5411402], [1.6529505, 42.5423007], [1.6495773, 42.5422497], [1.6459226, 42.5414516], [1.6421743, 42.5407089], [1.638426, 42.5399661], [1.6368092, 42.5396173], [1.6403476, 42.540682], [1.6438659, 42.5414027], [1.6458179, 42.5414305], [1.6420699, 42.5406861], [1.638322, 42.5399416], [1.6345765, 42.5392075], [1.6315751, 42.5391001], [1.6278456, 42.5387155], [1.6241353, 42.538228], [1.6205928, 42.5367954], [1.6170503, 42.5353629], [1.6206258, 42.5356555], [1.6244028, 42.5351482], [1.6260524, 42.5372796], [1.6226636, 42.5376352], [1.6191192, 42.5362073], [1.6163334, 42.5352466], [1.6191191, 42.5370565], [1.6154048, 42.5365297], [1.6116469, 42.5363512], [1.6078739, 42.5361447], [1.6040663, 42.5364653], [1.6007618, 42.5367926], [1.6045282, 42.537133], [1.6078892, 42.5361182], [1.6046978, 42.536373], [1.6008868, 42.5366513], [1.5971104, 42.5362439], [1.5939044, 42.5362413], [1.5901334, 42.5356246], [1.5912152, 42.5357641], [1.5949246, 42.5364118], [1.5915644, 42.5358962], [1.5880301, 42.5352653], [1.5872734, 42.5353167], [1.5839052, 42.5346355]], "mood_vectors": [[0.0468, 0.0492, 0.0169, 0.0386, 0.0854, 0.0187, 0.7444], [0.0256, 0.0368, 0.033, 0.0762, 0.0337, 0.0582, 0.7366], [0.0637, 0.0567, 0.067, 0.0637, 0.0157, 0.0293, 0.704], [0.0203, 0.0581, 0.0486, 0.0571, 0.0397, 0.0521, 0.724], [0.0723, 0.0303, 0.0483, 0.0507, 0.0341, 0.0389, 0.7254], [0.0403, 0.0358, 0.0353, 0.0625, 0.0365, 0.0176, 0.7719], [0.0574, 0.0578, 0.0301, 0.0487, 0.0606, 0.0218, 0.7237], [0.0197, 0.0388, 0.0465, 0.0479, 0.0604, 0.0485, 0.7382], [0.0852, 0.0556, 0.017, 0.0755, 0.0731, 0.0728, 0.6207], [0.0257, 0.0576, 0.0353, 0.0492, 0.0784, 0.0282, 0.7256], [0.0549, 0.0165, 0.0139, 0.0477, 0.0957, 0.0757, 0.6956], [0.0488, 0.0726, 0.0929, 0.023, 0.0357, 0.0678, 0.6593], [0.087, 0.0792, 0.0312, 0.0801, 0.0209, 0.0263, 0.6753], [0.0355, 0.0185, 0.049, 0.0807, 0.0262, 0.0639, 0.7261], [0.0318, 0.0509, 0.0214, 0.0844, 0.0296, 0.0344, 0.7475], [0.0758, 0.0499, 0.0321, 0.0574, 0.0403, 0.0764, 0.6681], [0.1018, 0.0255, 0.024, 0.0302, 0.0315, 0.0405, 0.7467], [0.0278, 0.0164, 0.0734, 0.0851, 0.0723, 0.0489, 0.6761], [0.0766, 0.0519, 0.0528, 0.0222, 0.0182, 0.0454, 0.7328], [0.0458, 0.019, 0.0454, 0.0854, 0.0616, 0.0633, 0.6795], [0.0713, 0.0588, 0.0778, 0.0318, 0.0723, 0.0812, 0.6068], [0.0429, 0.0725, 0.0298, 0.0289, 0.0472, 0.0211, 0.7575], [0.0736, 0.021, 0.044, 0.0503, 0.0428, 0.0333, 0.735], [0.0567, 0.0452, 0.0154, 0.0534, 0.0236, 0.0128, 0.793], [0.0156, 0.0184, 0.0171, 0.0512, 0.0703, 0.0575, 0.7699], [0.0652, 0.0618, 0.0701, 0.062, 0.0522, 0.036, 0.6526], [0.0129, 0.0513, 0.074, 0.0452, 0.0652, 0.0662, 0.6852], [0.0482, 0.0431, 0.0711, 0.0115, 0.012, 0.0538, 0.7602], [0.0701, 0.0793, 0.0258, 0.0294, 0.0293, 0.0605, 0.7056], [0.0547, 0.0622, 0.083, 0.0831, 0.0778, 0.0812, 0.5581], [0.0401, 0.0561, 0.0519, 0.0257, 0.0869, 0.0305, 0.7089], [0.0784, 0.0287, 0.0356, 0.0382, 0.0694, 0.0692, 0.6804], [0.0497, 0.0735, 0.0667, 0.0583, 0.0686, 0.0422, 0.641], [0.0846, 0.045, 0.0634, 0.0408, 0.0514, 0.0605, 0.6543], [0.0403, 0.0188, 0.054, 0.0305, 0.0241, 0.0448, 0.7875], [0.035, 0.0799, 0.0432, 0.0526, 0.0474, 0.0572, 0.6847], [0.033, 0.073, 0.0437, 0.0476, 0.0674, 0.0152, 0.72], [0.0267, 0.0855, 0.082, 0.0376, 0.0765, 0.0278, 0.664], [0.0409, 0.0497, 0.0575, 0.0544, 0.0185, 0.0592, 0.7199], [0.0243, 0.0784, 0.0205, 0.0822, 0.0132, 0.0819, 0.6995], [0.0629, 0.0446, 0.0358, 0.0328, 0.0504, 0.0364, 0.7372], [0.0627, 0.0144, 0.0762, 0.0636, 0.0572, 0.041, 0.6851], [0.0182, 0.082, 0.0817, 0.0298, 0.0743, 0.0428, 0.6712], [0.0388, 0.0267, 0.0712, 0.0492, 0.0554, 0.0427, 0.7159], [0.0218, 0.0393, 0.0486, 0.0415, 0.0567, 0.019, 0.7731], [0.0797, 0.0198, 0.0307, 0.0259, 0.0312, 0.033, 0.7797], [0.0765, 0.0678, 0.0297, 0.0585, 0.0325, 0.03, 0.7049], [0.0831, 0.0596, 0.0629, 0.0605, 0.0598, 0.0687, 0.6054], [0.0562, 0.0298, 0.0867, 0.0524, 0.0199, 0.0581, 0.6968], [0.014, 0.0718, 0.0717, 0.035, 0.0665, 0.0127, 0.7285], [0.0562, 0.0401, 0.0391, 0.0496, 0.0746, 0.0613, 0.679], [0.0294, 0.0518, 0.0824, 0.0749, 0.0711, 0.0304, 0.6601], [0.0206, 0.0181, 0.074, 0.0515, 0.0576, 0.028, 0.7502], [0.0707, 0.0828, 0.0388, 0.0637, 0.0626, 0.0329, 0.6485], [0.0751, 0.039, 0.0267, 0.0174, 0.0384, 0.0384, 0.765], [0.0521, 0.0811, 0.0695, 0.0316, 0.0387, 0.0182, 0.7089], [0.0527, 0.0456, 0.0199, 0.0283, 0.0809, 0.0554, 0.7171], [0.0598, 0.0708, 0.0762, 0.0433, 0.065, 0.0685, 0.6163], [0.0833, 0.055, 0.0732, 0.0429, 0.0566, 0.0666, 0.6226], [0.013, 0.0554, 0.0249, 0.0489, 0.077, 0.0779, 0.703], [0.0567, 0.0708, 0.0405, 0.0706, 0.0562, 0.0448, 0.6604], [0.0141, 0.0266, 0.059, 0.0198, 0.0796, 0.0734, 0.7276], [0.0446, 0.0464, 0.0813, 0.0656, 0.0304, 0.0418, 0.6898], [0.0882, 0.0648, 0.0134, 0.0681, 0.0727, 0.0144, 0.6785], [0.0597, 0.0916, 0.0768, 0.046, 0.0426, 0.0221, 0.6612], [0.0271, 0.0348, 0.0695, 0.0729, 0.0124, 0.0779, 0.7054], [0.0733, 0.0425, 0.0316, 0.0923, 0.0403, 0.0204, 0.6996], [0.0673, 0.0557, 0.0412, 0.0852, 0.0347, 0.0451, 0.6709], [0.0795, 0.0174, 0.0198, 0.0685, 0.0363, 0.0929, 0.6856], [0.0873, 0.0505, 0.0324, 0.0662, 0.0257, 0.0523, 0.6857], [0.0696, 0.0372, 0.0828, 0.0276, 0.0526, 0.0598, 0.6704], [0.0615, 0.08, 0.074, 0.0329, 0.0885, 0.0244, 0.6387], [0.0626, 0.0592, 0.0246, 0.0427, 0.0673, 0.0509, 0.6927], [0.0238, 0.0256, 0.0551, 0.0788, 0.0229, 0.0551, 0.7388], [0.0486, 0.036, 0.0288, 0.0561, 0.0762, 0.0814, 0.673], [0.0747, 0.0186, 0.0389, 0.0571, 0.0209, 0.0205, 0.7693], [0.0416, 0.0574, 0.0629, 0.0398, 0.0501, 0.0615, 0.6866], [0.0146, 0.0682, 0.0628, 0.0232, 0.0711, 0.0562, 0.704], [0.0446, 0.0656, 0.0327, 0.0503, 0.0741, 0.0579, 0.6748], [0.0309, 0.0455, 0.0688, 0.0566, 0.0328, 0.0435, 0.722]], "emotions": ["purple", "purple", "purple", "purple", "purple", "purple", "purple", "purple", "purple", "purple", "purple", "purple", "purple", "purple", "purple", "purple", "purple", "purple", "purple", "purple", "purple", "purple", "purple", "purple", "purple", "purple", "purple", "purple", "purple", "purple", "purple", "purple", "purple", "purple", "purple", "purple", "purple", "purple", "purple", "purple", "purple", "purple", "purple", "purple", "purple", "purple", "purple", "purple", "purple", "purple", "purple", "purple", "purple", "purple", "purple", "purple", "purple", "purple", "purple", "purple", "purple", "purple", "purple", "purple", "purple", "purple", "purple", "purple", "purple", "purple", "purple", "purple", "purple", "purple", "purple", "purple", "purple", "purple", "purple", "purple"], "timestamps": [0, 40, 80, 120, 160, 200, 240, 280, 320, 360, 400, 440, 480, 520, 560, 600, 640, 680, 720, 760, 800, 840, 880, 920, 960, 1000, 1040, 1080, 1120, 1160, 1200, 1240, 1280, 1320, 1360, 1400, 1440, 1480, 1520, 1560, 1600, 1640, 1680, 1720, 1760, 1800, 1840, 1880, 1920, 1960, 2000, 2040, 2080, 2120, 2160, 2200, 2240, 2280, 2320, 2360, 2400, 2440, 2480, 2520, 2560, 2600, 2640, 2680, 2720, 2760, 2800, 2840, 2880, 2920, 2960, 3000, 3040, 3080, 3120, 3160]}], "conversation": [], "conversation_timestamps": []}