{"agent_id": "agent-purple-1049", "type": "purple", "trips": [{"trip_id": 0, "transport_method": "foot", "start_time": 0, "path": [[1.5361587, 42.5117747], [1.5363615, 42.5120048], [1.5365117, 42.5120141], [1.5363087, 42.5117787], [1.5360964, 42.5115527], [1.5358127, 42.5114411], [1.5355306, 42.5113098], [1.5352657, 42.5111496], [1.5350327, 42.5109462], [1.5347936, 42.5107579], [1.5345176, 42.510614], [1.5342417, 42.5104701], [1.5339658, 42.5103261], [1.5336898, 42.5101822], [1.5334046, 42.5100578], [1.5331015, 42.5100019], [1.5327915, 42.5099745], [1.5324817, 42.5099467], [1.5321927, 42.5098663], [1.5318959, 42.509784], [1.5316025, 42.5096803], [1.5313118, 42.5095693], [1.5310209, 42.5094585], [1.5307285, 42.5093521], [1.5304342, 42.5093325], [1.5301399, 42.5092311], [1.5298454, 42.5091309], [1.529547, 42.5090425], [1.5292459, 42.5089648], [1.5289567, 42.5088869], [1.5286509, 42.5088353], [1.5283566, 42.5087398], [1.5280746, 42.5086085], [1.5277884, 42.5084861], [1.5274979, 42.5083759], [1.5271875, 42.5083607], [1.5268764, 42.5083561], [1.5265659, 42.5083363], [1.5262588, 42.5082868], [1.5259543, 42.5082243], [1.5256534, 42.5081554], [1.5253603, 42.508052], [1.5250636, 42.5079582], [1.5247624, 42.5078799], [1.5244587, 42.5078125], [1.5241506, 42.5077732], [1.5238396, 42.5077795], [1.5235291, 42.5078011], [1.5232208, 42.5078289], [1.5229289, 42.5077724], [1.5226189, 42.5077454], [1.5223089, 42.5077184], [1.5220152, 42.5077569], [1.5217883, 42.5075498], [1.5214959, 42.5075211], [1.5211849, 42.5075113], [1.5208738, 42.5075015], [1.5205682, 42.5074664], [1.5202722, 42.5073977], [1.5199619, 42.5074208], [1.5196736, 42.5073531], [1.5194058, 42.5071947], [1.5191244, 42.5070617], [1.5189076, 42.5068476], [1.5186439, 42.5067081], [1.5188037, 42.506759], [1.5186455, 42.5066303], [1.5183894, 42.5064536], [1.5181332, 42.5062769], [1.5178771, 42.5061001], [1.5175769, 42.5060274], [1.5172698, 42.5059768], [1.5169625, 42.5059278], [1.5166783, 42.5058041], [1.5163989, 42.5056671], [1.5161199, 42.5055292], [1.5158262, 42.5054275], [1.51553, 42.5053322], [1.5152312, 42.505246], [1.5149866, 42.5050593]], "mood_vectors": [[0.0554, 0.0595, 0.0164, 0.0708, 0.0166, 0.7226, 0.0586], [0.0245, 0.0582, 0.035, 0.033, 0.0746, 0.7539, 0.0209], [0.0334, 0.0658, 0.084, 0.0156, 0.0364, 0.7193, 0.0455], [0.0161, 0.0159, 0.0127, 0.0475, 0.0783, 0.8136, 0.0159], [0.0421, 0.0409, 0.0443, 0.0625, 0.0654, 0.6971, 0.0478], [0.0525, 0.0262, 0.0917, 0.0585, 0.051, 0.6295, 0.0907], [0.0155, 0.0361, 0.0833, 0.0749, 0.0677, 0.6775, 0.045], [0.0408, 0.0333, 0.0219, 0.038, 0.0161, 0.7672, 0.0826], [0.0555, 0.0356, 0.0725, 0.0485, 0.0542, 0.6689, 0.0649], [0.0267, 0.0782, 0.0326, 0.0865, 0.0682, 0.6769, 0.0309], [0.0319, 0.0281, 0.0328, 0.0264, 0.0291, 0.7849, 0.0668], [0.0378, 0.1055, 0.0512, 0.0167, 0.0198, 0.7371, 0.0318], [0.0256, 0.0429, 0.0697, 0.0556, 0.0566, 0.6707, 0.0789], [0.0424, 0.0663, 0.0524, 0.074, 0.0468, 0.6867, 0.0314], [0.0259, 0.0468, 0.0638, 0.0405, 0.0731, 0.7121, 0.0378], [0.0411, 0.0868, 0.0546, 0.0188, 0.0475, 0.6651, 0.0861], [0.0433, 0.0341, 0.0299, 0.0567, 0.0593, 0.716, 0.0607], [0.0487, 0.033, 0.0642, 0.0539, 0.0497, 0.6745, 0.0761], [0.0168, 0.05, 0.0508, 0.0521, 0.0431, 0.7479, 0.0392], [0.0682, 0.0257, 0.0725, 0.0717, 0.0745, 0.6418, 0.0455], [0.0342, 0.0345, 0.0146, 0.0501, 0.0683, 0.7751, 0.0232], [0.0508, 0.0132, 0.0206, 0.0354, 0.0189, 0.8059, 0.0551], [0.0873, 0.0769, 0.0178, 0.0204, 0.0194, 0.7557, 0.0225], [0.0152, 0.0482, 0.0509, 0.0122, 0.0621, 0.7506, 0.0608], [0.0815, 0.0335, 0.0279, 0.0369, 0.087, 0.6799, 0.0534], [0.0642, 0.0538, 0.0774, 0.0462, 0.044, 0.6154, 0.0991], [0.0402, 0.0334, 0.0779, 0.0172, 0.0848, 0.7115, 0.0351], [0.0322, 0.0656, 0.0296, 0.0274, 0.0628, 0.732, 0.0503], [0.042, 0.0523, 0.0823, 0.0394, 0.0783, 0.6369, 0.0687], [0.0143, 0.0611, 0.025, 0.0249, 0.0143, 0.8035, 0.0569], [0.0525, 0.0496, 0.0282, 0.0527, 0.0756, 0.697, 0.0445], [0.0277, 0.086, 0.0479, 0.0699, 0.042, 0.703, 0.0233], [0.0291, 0.0494, 0.0846, 0.0702, 0.0297, 0.6775, 0.0595], [0.0682, 0.0865, 0.0412, 0.0413, 0.0845, 0.6095, 0.0688], [0.0268, 0.0488, 0.0657, 0.0477, 0.0814, 0.7129, 0.0167], [0.0509, 0.0537, 0.0658, 0.0494, 0.0543, 0.6489, 0.077], [0.017, 0.019, 0.0815, 0.016, 0.0552, 0.7954, 0.0159], [0.0825, 0.0821, 0.0451, 0.0871, 0.0433, 0.6103, 0.0496], [0.0751, 0.0359, 0.043, 0.0302, 0.0668, 0.7024, 0.0467], [0.0638, 0.0491, 0.0547, 0.0445, 0.0426, 0.6818, 0.0635], [0.0585, 0.026, 0.0638, 0.0703, 0.0147, 0.7264, 0.0404], [0.0379, 0.0438, 0.0546, 0.0515, 0.0192, 0.7322, 0.0608], [0.0502, 0.0228, 0.0515, 0.02, 0.0177, 0.7872, 0.0506], [0.0276, 0.0474, 0.014, 0.0666, 0.0369, 0.7311, 0.0764], [0.0877, 0.0555, 0.0268, 0.0877, 0.087, 0.5755, 0.0797], [0.0688, 0.0373, 0.0822, 0.0568, 0.0464, 0.629, 0.0794], [0.0715, 0.0523, 0.0344, 0.0316, 0.0494, 0.7143, 0.0464], [0.0726, 0.0748, 0.0467, 0.0464, 0.022, 0.6815, 0.056], [0.0615, 0.0709, 0.0573, 0.0321, 0.0202, 0.7035, 0.0546], [0.0624, 0.0145, 0.0141, 0.0479, 0.0551, 0.7783, 0.0277], [0.0624, 0.032, 0.0752, 0.0663, 0.0891, 0.6507, 0.0242], [0.0849, 0.0406, 0.0632, 0.0451, 0.0142, 0.7335, 0.0185], [0.075, 0.0288, 0.0125, 0.0407, 0.0361, 0.7514, 0.0555], [0.0602, 0.0289, 0.0309, 0.0857, 0.0357, 0.6749, 0.0837], [0.0318, 0.0567, 0.0757, 0.0626, 0.0518, 0.6623, 0.059], [0.0882, 0.0304, 0.0511, 0.0643, 0.0486, 0.6628, 0.0546], [0.0461, 0.0315, 0.0618, 0.024, 0.0469, 0.7571, 0.0327], [0.0886, 0.0187, 0.0624, 0.0523, 0.0727, 0.6242, 0.081], [0.0248, 0.035, 0.0465, 0.0244, 0.0696, 0.7303, 0.0694], [0.0579, 0.1007, 0.0744, 0.016, 0.0546, 0.6491, 0.0474], [0.0941, 0.0861, 0.042, 0.0223, 0.0253, 0.6936, 0.0365], [0.0519, 0.0374, 0.0664, 0.0553, 0.0585, 0.6603, 0.0702], [0.0828, 0.0317, 0.0185, 0.0424, 0.0731, 0.6767, 0.0748], [0.0794, 0.0541, 0.0742, 0.0373, 0.0644, 0.6557, 0.0349], [0.0179, 0.0405, 0.089, 0.0158, 0.0524, 0.7437, 0.0407], [0.0538, 0.0272, 0.07, 0.0136, 0.0833, 0.6914, 0.0605], [0.0798, 0.0542, 0.0683, 0.0444, 0.0796, 0.6332, 0.0405], [0.0206, 0.0796, 0.0368, 0.0641, 0.0193, 0.7193, 0.0604], [0.0169, 0.0536, 0.0237, 0.0814, 0.055, 0.7348, 0.0346], [0.0236, 0.0562, 0.0188, 0.0319, 0.0617, 0.7352, 0.0724], [0.049, 0.0826, 0.0359, 0.0451, 0.0163, 0.6983, 0.0728], [0.0777, 0.0232, 0.0498, 0.0645, 0.0484, 0.6893, 0.0471], [0.0722, 0.0201, 0.027, 0.0506, 0.0685, 0.7143, 0.0473], [0.0774, 0.0155, 0.0182, 0.088, 0.0858, 0.6688, 0.0464], [0.0344, 0.0467, 0.0619, 0.0742, 0.0808, 0.611, 0.0909], [0.0687, 0.0207, 0.0387, 0.0773, 0.0139, 0.7515, 0.0292], [0.075, 0.0795, 0.0636, 0.0612, 0.0676, 0.6086, 0.0445], [0.0244, 0.0146, 0.0806, 0.0894, 0.0862, 0.6261, 0.0788], [0.0413, 0.0743, 0.0612, 0.0426, 0.0143, 0.7486, 0.0178], [0.037, 0.0302, 0.0813, 0.0245, 0.0565, 0.6847, 0.0858]], "emotions": ["purple", "purple", "purple", "purple", "purple", "purple", "purple", "purple", "purple", "purple", "purple", "purple", "purple", "purple", "purple", "purple", "purple", "purple", "purple", "purple", "purple", "purple", "purple", "purple", "purple", "purple", "purple", "purple", "purple", "purple", "purple", "purple", "purple", "purple", "purple", "purple", "purple", "purple", "purple", "purple", "purple", "purple", "purple", "purple", "purple", "purple", "purple", "purple", "purple", "purple", "purple", "purple", "purple", "purple", "purple", "purple", "purple", "purple", "purple", "purple", "purple", "purple", "purple", "purple", "purple", "purple", "purple", "purple", "purple", "purple", "purple", "purple", "purple", "purple", "purple", "purple", "purple", "purple", "purple", "purple"], "timestamps": [0, 40, 80, 120, 160, 200, 240, 280, 320, 360, 400, 440, 480, 520, 560, 600, 640, 680, 720, 760, 800, 840, 880, 920, 960, 1000, 1040, 1080, 1120, 1160, 1200, 1240, 1280, 1320, 1360, 1400, 1440, 1480, 1520, 1560, 1600, 1640, 1680, 1720, 1760, 1800, 1840, 1880, 1920, 1960, 2000, 2040, 2080, 2120, 2160, 2200, 2240, 2280, 2320, 2360, 2400, 2440, 2480, 2520, 2560, 2600, 2640, 2680, 2720, 2760, 2800, 2840, 2880, 2920, 2960, 3000, 3040, 3080, 3120, 3160]}], "conversation": [], "conversation_timestamps": []}