{"agent_id": "agent-purple-1784", "type": "purple", "trips": [{"trip_id": 0, "transport_method": "car", "start_time": 0, "path": [[1.5246289, 42.5078453], [1.5245524, 42.5078306], [1.5244759, 42.5078158], [1.5243995, 42.5078011], [1.524323, 42.5077864], [1.5242456, 42.5077783], [1.5241679, 42.5077737], [1.52409, 42.507772], [1.5240122, 42.5077736], [1.5239343, 42.5077753], [1.5238565, 42.5077783], [1.5237789, 42.5077837], [1.5237012, 42.5077891], [1.5236235, 42.5077945], [1.5235458, 42.5077999], [1.5234681, 42.5078053], [1.5233905, 42.5078107], [1.5233131, 42.5078195], [1.5232358, 42.5078287], [1.5231778, 42.507794], [1.5231003, 42.5077873], [1.5230227, 42.5077805], [1.5229451, 42.5077738], [1.5228675, 42.507767], [1.52279, 42.5077603], [1.5227124, 42.5077535], [1.5226348, 42.5077468], [1.5225572, 42.50774], [1.5224796, 42.5077333], [1.5224021, 42.5077265], [1.5223245, 42.5077198], [1.5222469, 42.507713], [1.5221693, 42.5077063], [1.5220934, 42.507706], [1.5220281, 42.5077485], [1.5219689, 42.5077209], [1.521912, 42.5076677], [1.5218554, 42.5076142], [1.5217992, 42.5075604], [1.5217416, 42.5075088], [1.5216663, 42.507517], [1.5215887, 42.5075213], [1.5215108, 42.5075215], [1.521433, 42.5075191], [1.5213552, 42.5075166], [1.5212773, 42.5075142], [1.5211995, 42.5075118], [1.5211217, 42.5075093], [1.5210438, 42.5075069], [1.520966, 42.5075044], [1.5208882, 42.507502], [1.5208103, 42.5074996], [1.5207325, 42.5074971], [1.5206547, 42.5074947], [1.5205812, 42.5074717], [1.5205091, 42.5074423], [1.520437, 42.5074128], [1.5203712, 42.5073756], [1.5203272, 42.5073114], [1.5202832, 42.5072471], [1.5202312, 42.5071906], [1.5201686, 42.5071443], [1.5201059, 42.5070981], [1.5200433, 42.5070518], [1.5199806, 42.5070055], [1.519918, 42.5069593], [1.5198456, 42.5069308], [1.519773, 42.5069024], [1.5197005, 42.5068741], [1.519628, 42.5068458], [1.5195554, 42.5068175], [1.5194829, 42.5067892], [1.5194124, 42.5067574], [1.5193534, 42.5067066], [1.5192945, 42.5066557], [1.5192305, 42.5066119], [1.5192122, 42.5065594], [1.5192253, 42.5064864], [1.519216, 42.5064091], [1.5192066, 42.5063318]], "mood_vectors": [[0.084, 0.0702, 0.0748, 0.0198, 0.0582, 0.6247, 0.0683], [0.0701, 0.0584, 0.0702, 0.0377, 0.0412, 0.6728, 0.0495], [0.0138, 0.0823, 0.0367, 0.0408, 0.0871, 0.6655, 0.0738], [0.0475, 0.0457, 0.0363, 0.0567, 0.0411, 0.7225, 0.0503], [0.0297, 0.0356, 0.0568, 0.068, 0.0698, 0.7265, 0.0137], [0.0921, 0.0595, 0.0457, 0.0539, 0.0547, 0.6384, 0.0558], [0.0827, 0.0701, 0.0423, 0.0852, 0.0259, 0.6047, 0.0891], [0.0572, 0.079, 0.0382, 0.0567, 0.0646, 0.6654, 0.0388], [0.0786, 0.0275, 0.0374, 0.0603, 0.0561, 0.6656, 0.0744], [0.0227, 0.0555, 0.0758, 0.048, 0.0561, 0.697, 0.0449], [0.062, 0.0651, 0.0189, 0.0651, 0.0384, 0.7156, 0.0348], [0.047, 0.0408, 0.0456, 0.0511, 0.0303, 0.7122, 0.073], [0.0495, 0.0594, 0.0327, 0.0273, 0.0448, 0.7406, 0.0458], [0.0904, 0.0817, 0.026, 0.0843, 0.0765, 0.5879, 0.0532], [0.0638, 0.0764, 0.0343, 0.0671, 0.0225, 0.6814, 0.0546], [0.0723, 0.0186, 0.0182, 0.0384, 0.0332, 0.7392, 0.0802], [0.0703, 0.064, 0.0803, 0.0492, 0.0246, 0.6816, 0.0301], [0.0226, 0.0607, 0.0545, 0.0477, 0.0498, 0.7266, 0.0381], [0.0559, 0.047, 0.0301, 0.0183, 0.0138, 0.7697, 0.0654], [0.0219, 0.0233, 0.0252, 0.0725, 0.0279, 0.8082, 0.0211], [0.0328, 0.0279, 0.0294, 0.0629, 0.04, 0.7177, 0.0893], [0.0745, 0.072, 0.0732, 0.0474, 0.0676, 0.6164, 0.0488], [0.0175, 0.0806, 0.0128, 0.0606, 0.0822, 0.6608, 0.0855], [0.0494, 0.0212, 0.0536, 0.0482, 0.0717, 0.7325, 0.0234], [0.0631, 0.0413, 0.0383, 0.0241, 0.0583, 0.7313, 0.0436], [0.0407, 0.0393, 0.0894, 0.0163, 0.0625, 0.7252, 0.0266], [0.0446, 0.0718, 0.0297, 0.0251, 0.0237, 0.7897, 0.0154], [0.0613, 0.0388, 0.0456, 0.0304, 0.0522, 0.7346, 0.037], [0.0258, 0.0726, 0.0263, 0.0575, 0.0228, 0.7783, 0.0167], [0.0175, 0.0532, 0.0665, 0.0229, 0.0385, 0.7359, 0.0655], [0.0224, 0.0485, 0.017, 0.0366, 0.0933, 0.7322, 0.0499], [0.0697, 0.0495, 0.0651, 0.0468, 0.0418, 0.694, 0.033], [0.0553, 0.0572, 0.0497, 0.0708, 0.0723, 0.681, 0.0136], [0.0366, 0.0342, 0.0482, 0.0787, 0.0455, 0.7363, 0.0205], [0.0528, 0.0643, 0.1024, 0.024, 0.0543, 0.6726, 0.0296], [0.0247, 0.0531, 0.0631, 0.0494, 0.025, 0.7705, 0.0142], [0.0407, 0.0453, 0.0386, 0.0956, 0.0482, 0.6915, 0.0401], [0.0892, 0.0145, 0.0766, 0.023, 0.0266, 0.7498, 0.0204], [0.0208, 0.078, 0.0543, 0.0504, 0.0157, 0.7495, 0.0313], [0.0713, 0.0717, 0.0509, 0.0441, 0.0605, 0.6723, 0.0292], [0.0168, 0.0319, 0.0814, 0.0503, 0.0905, 0.6485, 0.0807], [0.0255, 0.0187, 0.052, 0.1058, 0.035, 0.7305, 0.0325], [0.0388, 0.0891, 0.0497, 0.0825, 0.0392, 0.6815, 0.0193], [0.0699, 0.0263, 0.0795, 0.0364, 0.0703, 0.6695, 0.0481], [0.0625, 0.0149, 0.034, 0.0397, 0.0187, 0.7589, 0.0713], [0.0881, 0.0561, 0.0614, 0.0502, 0.0287, 0.7019, 0.0136], [0.0224, 0.0783, 0.0713, 0.0316, 0.0263, 0.7117, 0.0583], [0.0684, 0.0387, 0.0555, 0.0692, 0.0318, 0.6628, 0.0736], [0.0905, 0.0245, 0.0422, 0.0697, 0.0485, 0.6583, 0.0663], [0.0174, 0.0724, 0.0687, 0.06, 0.0462, 0.6747, 0.0606], [0.0629, 0.0323, 0.0764, 0.0159, 0.0261, 0.7683, 0.0181], [0.026, 0.052, 0.0633, 0.0129, 0.076, 0.7523, 0.0175], [0.0561, 0.0174, 0.0605, 0.0303, 0.0621, 0.713, 0.0607], [0.0791, 0.0375, 0.0307, 0.0376, 0.0454, 0.7449, 0.0247], [0.0519, 0.057, 0.0691, 0.0541, 0.0402, 0.6428, 0.0849], [0.0788, 0.0142, 0.0841, 0.0263, 0.0167, 0.6995, 0.0803], [0.0672, 0.0634, 0.0536, 0.0772, 0.03, 0.6224, 0.0861], [0.0764, 0.0806, 0.0713, 0.0435, 0.0493, 0.5935, 0.0854], [0.0549, 0.0494, 0.0239, 0.0385, 0.0731, 0.691, 0.0692], [0.0596, 0.0746, 0.0717, 0.078, 0.0366, 0.6267, 0.0528], [0.0456, 0.046, 0.0722, 0.028, 0.0361, 0.7422, 0.0299], [0.0865, 0.0436, 0.0944, 0.0892, 0.0181, 0.5736, 0.0946], [0.0308, 0.058, 0.0713, 0.0399, 0.0708, 0.6661, 0.0631], [0.0612, 0.0551, 0.0704, 0.0614, 0.0334, 0.6592, 0.0594], [0.0273, 0.0801, 0.038, 0.0776, 0.0484, 0.6984, 0.0302], [0.0237, 0.0318, 0.04, 0.0175, 0.0863, 0.7425, 0.0581], [0.0284, 0.0376, 0.0476, 0.0459, 0.0516, 0.7678, 0.0212], [0.0674, 0.0717, 0.0438, 0.0156, 0.0601, 0.7193, 0.022], [0.0311, 0.0655, 0.0676, 0.052, 0.0568, 0.6823, 0.0447], [0.0504, 0.0479, 0.0786, 0.0778, 0.021, 0.6947, 0.0298], [0.0272, 0.012, 0.0393, 0.0796, 0.0452, 0.7246, 0.0722], [0.0335, 0.0749, 0.0685, 0.0589, 0.0224, 0.6665, 0.0752], [0.0642, 0.0397, 0.0245, 0.0854, 0.0755, 0.6254, 0.0853], [0.0605, 0.0573, 0.022, 0.0766, 0.0424, 0.6642, 0.077], [0.0682, 0.0638, 0.0619, 0.081, 0.0742, 0.6164, 0.0346], [0.0467, 0.0937, 0.0587, 0.0423, 0.0156, 0.6669, 0.0761], [0.0326, 0.0699, 0.0287, 0.0576, 0.0741, 0.6904, 0.0466], [0.0549, 0.0689, 0.0736, 0.0802, 0.0239, 0.6366, 0.0618], [0.0666, 0.0696, 0.0294, 0.0185, 0.0606, 0.6932, 0.0621], [0.0355, 0.0353, 0.0598, 0.0276, 0.0231, 0.7964, 0.0224]], "emotions": ["purple", "purple", "purple", "purple", "purple", "purple", "purple", "purple", "purple", "purple", "purple", "purple", "purple", "purple", "purple", "purple", "purple", "purple", "purple", "purple", "purple", "purple", "purple", "purple", "purple", "purple", "purple", "purple", "purple", "purple", "purple", "purple", "purple", "purple", "purple", "purple", "purple", "purple", "purple", "purple", "purple", "purple", "purple", "purple", "purple", "purple", "purple", "purple", "purple", "purple", "purple", "purple", "purple", "purple", "purple", "purple", "purple", "purple", "purple", "purple", "purple", "purple", "purple", "purple", "purple", "purple", "purple", "purple", "purple", "purple", "purple", "purple", "purple", "purple", "purple", "purple", "purple", "purple", "purple", "purple"], "timestamps": [0, 40, 80, 120, 160, 200, 240, 280, 320, 360, 400, 440, 480, 520, 560, 600, 640, 680, 720, 760, 800, 840, 880, 920, 960, 1000, 1040, 1080, 1120, 1160, 1200, 1240, 1280, 1320, 1360, 1400, 1440, 1480, 1520, 1560, 1600, 1640, 1680, 1720, 1760, 1800, 1840, 1880, 1920, 1960, 2000, 2040, 2080, 2120, 2160, 2200, 2240, 2280, 2320, 2360, 2400, 2440, 2480, 2520, 2560, 2600, 2640, 2680, 2720, 2760, 2800, 2840, 2880, 2920, 2960, 3000, 3040, 3080, 3120, 3160]}], "conversation": [], "conversation_timestamps": []}