{"agent_id": "agent-orange-308", "type": "orange", "trips": [{"trip_id": 0, "transport_method": "car", "start_time": 0, "path": [[1.5270769, 42.506642], [1.5272332, 42.5066905], [1.5273834, 42.506755], [1.52751, 42.5068581], [1.5276147, 42.5069835], [1.5277117, 42.5071156], [1.527835, 42.5072136], [1.5279868, 42.5072754], [1.5281312, 42.5072414], [1.5282717, 42.5071571], [1.5284122, 42.5070728], [1.5285527, 42.5069885], [1.5286932, 42.5069042], [1.5288337, 42.5068199], [1.5289743, 42.5067356], [1.5291043, 42.506636], [1.5292343, 42.5065361], [1.5293642, 42.5064363], [1.529507, 42.5063943], [1.529667, 42.5064298], [1.529827, 42.5064653], [1.529987, 42.5065007], [1.5301441, 42.5065033], [1.5302958, 42.5064412], [1.5304474, 42.506379], [1.530599, 42.5063169], [1.5307506, 42.5062547], [1.5309023, 42.5061926], [1.5310539, 42.5061304], [1.5312055, 42.5060683], [1.5313571, 42.5060061], [1.5315139, 42.5060103], [1.5316479, 42.5060908], [1.5317792, 42.5061311], [1.5319405, 42.5061026], [1.5321031, 42.5061218], [1.5322653, 42.5061452], [1.5324275, 42.5061685], [1.5325802, 42.5062248], [1.5327399, 42.5062605], [1.5329004, 42.5062937], [1.5330608, 42.5063269], [1.5332213, 42.5063601], [1.5333818, 42.5063933], [1.5335423, 42.5064264], [1.5337027, 42.5064596], [1.5338632, 42.5064928], [1.5340227, 42.5065301], [1.5341865, 42.5065329], [1.5343503, 42.5065313], [1.5345138, 42.5065267], [1.5346703, 42.5065739], [1.5348307, 42.5066073], [1.5349913, 42.5066403], [1.5351518, 42.5066733], [1.5353123, 42.5067062], [1.5354728, 42.5067392], [1.5356333, 42.5067722], [1.5357938, 42.5068052], [1.5359543, 42.5068382], [1.5361148, 42.5068712], [1.5362759, 42.5069012], [1.5364319, 42.5069513], [1.5365876, 42.5070024], [1.5367485, 42.5069974], [1.536862, 42.5070526], [1.5369838, 42.507154], [1.5371358, 42.5072153], [1.5372877, 42.5072766], [1.5374397, 42.5073379], [1.5375917, 42.5073993], [1.5377436, 42.5074606], [1.5378898, 42.5075135], [1.537842, 42.5073619], [1.5377, 42.5072878], [1.5375396, 42.5072551], [1.5373765, 42.5072407], [1.5372127, 42.5072372], [1.5370488, 42.5072341], [1.5369273, 42.5071312]], "mood_vectors": [[0.0424, 0.0603, 0.0595, 0.0479, 0.6872, 0.0787, 0.0241], [0.0162, 0.066, 0.0536, 0.0649, 0.7085, 0.031, 0.0598], [0.087, 0.0644, 0.0367, 0.0796, 0.6633, 0.0488, 0.0202], [0.0159, 0.0411, 0.0416, 0.0913, 0.7691, 0.0223, 0.0186], [0.0677, 0.0628, 0.0657, 0.0746, 0.64, 0.0398, 0.0493], [0.0195, 0.0799, 0.041, 0.0519, 0.6719, 0.0625, 0.0733], [0.0303, 0.095, 0.0249, 0.087, 0.6459, 0.0461, 0.0708], [0.0477, 0.0343, 0.0168, 0.0677, 0.7121, 0.0669, 0.0545], [0.0415, 0.0537, 0.0178, 0.0572, 0.7952, 0.021, 0.0136], [0.0766, 0.0523, 0.0829, 0.0183, 0.6802, 0.0286, 0.061], [0.0205, 0.0471, 0.0635, 0.055, 0.7241, 0.0281, 0.0617], [0.0659, 0.0656, 0.0722, 0.0566, 0.6292, 0.0592, 0.0513], [0.0425, 0.0575, 0.0636, 0.0491, 0.6799, 0.0586, 0.0488], [0.0543, 0.056, 0.0247, 0.0147, 0.7348, 0.0836, 0.0319], [0.0236, 0.0613, 0.0307, 0.0238, 0.7201, 0.0834, 0.0572], [0.0608, 0.0461, 0.0855, 0.0432, 0.6304, 0.0679, 0.0661], [0.0559, 0.0837, 0.0297, 0.0738, 0.6341, 0.065, 0.0578], [0.0726, 0.0133, 0.0344, 0.0478, 0.7826, 0.0146, 0.0346], [0.0509, 0.046, 0.0716, 0.0129, 0.7358, 0.0238, 0.059], [0.0722, 0.0521, 0.0224, 0.0599, 0.6939, 0.0291, 0.0704], [0.0391, 0.0697, 0.0236, 0.0499, 0.7355, 0.0254, 0.0568], [0.0453, 0.0522, 0.0533, 0.0346, 0.6768, 0.0715, 0.0662], [0.0709, 0.0403, 0.0767, 0.0591, 0.622, 0.0635, 0.0675], [0.0615, 0.0468, 0.0403, 0.0272, 0.7317, 0.0478, 0.0447], [0.0628, 0.0639, 0.0665, 0.073, 0.6033, 0.067, 0.0635], [0.0583, 0.0544, 0.0823, 0.0497, 0.6354, 0.0431, 0.0768], [0.0134, 0.038, 0.0804, 0.0477, 0.7111, 0.0681, 0.0413], [0.074, 0.0774, 0.0611, 0.0252, 0.6983, 0.0421, 0.022], [0.0161, 0.0666, 0.0492, 0.0964, 0.6705, 0.0167, 0.0845], [0.075, 0.0463, 0.0518, 0.0735, 0.6262, 0.0509, 0.0764], [0.038, 0.0546, 0.0208, 0.0273, 0.7055, 0.0687, 0.0851], [0.0421, 0.0537, 0.0385, 0.0685, 0.6653, 0.0628, 0.069], [0.0665, 0.021, 0.0245, 0.0627, 0.7277, 0.0512, 0.0464], [0.0687, 0.0549, 0.0408, 0.0432, 0.6728, 0.0831, 0.0364], [0.0264, 0.0397, 0.0544, 0.0647, 0.6803, 0.068, 0.0665], [0.0693, 0.0539, 0.0657, 0.0505, 0.6891, 0.0449, 0.0267], [0.0398, 0.082, 0.0211, 0.0661, 0.7121, 0.0537, 0.0252], [0.0926, 0.0693, 0.061, 0.0478, 0.6222, 0.0728, 0.0344], [0.0644, 0.0512, 0.061, 0.0383, 0.6839, 0.0715, 0.0296], [0.0255, 0.0279, 0.0286, 0.0474, 0.7406, 0.0718, 0.0582], [0.0282, 0.0411, 0.0262, 0.0333, 0.7377, 0.0691, 0.0644], [0.0253, 0.0418, 0.0719, 0.066, 0.7538, 0.026, 0.0152], [0.0425, 0.0389, 0.0226, 0.0985, 0.7378, 0.0375, 0.0222], [0.0694, 0.0352, 0.0542, 0.0284, 0.7598, 0.0353, 0.0178], [0.0285, 0.0621, 0.0266, 0.0758, 0.758, 0.026, 0.0231], [0.0238, 0.0829, 0.0456, 0.0604, 0.6759, 0.0856, 0.0257], [0.0864, 0.0281, 0.0465, 0.0757, 0.6572, 0.0757, 0.0304], [0.0418, 0.0546, 0.0293, 0.0703, 0.6811, 0.0872, 0.0358], [0.0347, 0.0694, 0.015, 0.0321, 0.7643, 0.0279, 0.0567], [0.0703, 0.0834, 0.0326, 0.0387, 0.6659, 0.0572, 0.0518], [0.0625, 0.046, 0.0275, 0.071, 0.6868, 0.0818, 0.0245], [0.0166, 0.0298, 0.0297, 0.055, 0.825, 0.0191, 0.025], [0.0702, 0.0447, 0.063, 0.0582, 0.6724, 0.0161, 0.0754], [0.043, 0.0605, 0.0311, 0.0659, 0.6724, 0.0709, 0.0562], [0.0715, 0.06, 0.0698, 0.0219, 0.7183, 0.0327, 0.0259], [0.0181, 0.0557, 0.0624, 0.0289, 0.7277, 0.0376, 0.0697], [0.0469, 0.0306, 0.0378, 0.028, 0.7335, 0.0679, 0.0553], [0.0592, 0.0324, 0.027, 0.0891, 0.6206, 0.0808, 0.091], [0.0228, 0.0388, 0.0389, 0.022, 0.7449, 0.0694, 0.0631], [0.0689, 0.0186, 0.073, 0.041, 0.7019, 0.0549, 0.0417], [0.0143, 0.0556, 0.0198, 0.0348, 0.837, 0.0214, 0.0171], [0.0554, 0.0674, 0.0164, 0.0423, 0.6855, 0.0664, 0.0667], [0.0891, 0.0549, 0.0684, 0.0815, 0.6324, 0.056, 0.0178], [0.07, 0.0445, 0.0574, 0.0674, 0.6757, 0.0647, 0.0202], [0.0489, 0.0426, 0.0493, 0.0676, 0.6704, 0.0796, 0.0416], [0.057, 0.0919, 0.0647, 0.0266, 0.6999, 0.026, 0.0338], [0.0287, 0.0785, 0.0118, 0.0134, 0.764, 0.0496, 0.0539], [0.0678, 0.0745, 0.026, 0.0389, 0.7299, 0.0348, 0.028], [0.0285, 0.0673, 0.071, 0.0642, 0.6774, 0.046, 0.0457], [0.0612, 0.0178, 0.0441, 0.0545, 0.748, 0.0255, 0.0488], [0.0976, 0.0298, 0.0511, 0.0305, 0.7114, 0.0456, 0.0338], [0.0505, 0.0424, 0.0219, 0.0531, 0.7126, 0.08, 0.0394], [0.0536, 0.0866, 0.06, 0.0742, 0.6613, 0.0188, 0.0455], [0.0311, 0.0247, 0.0724, 0.0138, 0.7635, 0.0277, 0.0668], [0.05, 0.0716, 0.019, 0.0235, 0.7325, 0.0806, 0.0227], [0.0137, 0.0882, 0.0823, 0.0255, 0.6517, 0.0747, 0.0639], [0.0519, 0.0301, 0.0795, 0.0549, 0.6566, 0.0728, 0.0542], [0.0516, 0.0481, 0.067, 0.0533, 0.687, 0.0702, 0.0228], [0.032, 0.0635, 0.0798, 0.0373, 0.7458, 0.0157, 0.0258], [0.0455, 0.0583, 0.0826, 0.0619, 0.6181, 0.0554, 0.0782]], "emotions": ["red", "red", "red", "red", "red", "red", "red", "red", "red", "red", "red", "red", "red", "red", "red", "red", "red", "red", "red", "red", "red", "red", "red", "red", "red", "red", "red", "red", "red", "red", "red", "red", "red", "red", "red", "red", "red", "red", "red", "red", "red", "red", "red", "red", "red", "red", "red", "red", "red", "red", "red", "red", "red", "red", "red", "red", "red", "red", "red", "red", "red", "red", "red", "red", "red", "red", "red", "red", "red", "red", "red", "red", "red", "red", "red", "red", "red", "red", "red", "red"], "timestamps": [0, 40, 80, 120, 160, 200, 240, 280, 320, 360, 400, 440, 480, 520, 560, 600, 640, 680, 720, 760, 800, 840, 880, 920, 960, 1000, 1040, 1080, 1120, 1160, 1200, 1240, 1280, 1320, 1360, 1400, 1440, 1480, 1520, 1560, 1600, 1640, 1680, 1720, 1760, 1800, 1840, 1880, 1920, 1960, 2000, 2040, 2080, 2120, 2160, 2200, 2240, 2280, 2320, 2360, 2400, 2440, 2480, 2520, 2560, 2600, 2640, 2680, 2720, 2760, 2800, 2840, 2880, 2920, 2960, 3000, 3040, 3080, 3120, 3160]}], "conversation": [], "conversation_timestamps": []}