{"agent_id": "agent-green-552", "type": "green", "trips": [{"trip_id": 0, "transport_method": "foot", "start_time": 0, "path": [[1.6509291, 42.5798425], [1.6493256, 42.5794711], [1.6488123, 42.5796817], [1.6463117, 42.5800617], [1.6437701, 42.5795765], [1.641167, 42.5794813], [1.638692, 42.5787634], [1.6361231, 42.5785891], [1.6360216, 42.5785494], [1.6358705, 42.5785499], [1.6333173, 42.5781657], [1.6307458, 42.5785483], [1.6283078, 42.5776938], [1.6259417, 42.5770532], [1.6269279, 42.5778121], [1.6250536, 42.5764559], [1.6225745, 42.5756925], [1.6203956, 42.5743655], [1.6180225, 42.5734547], [1.6156996, 42.5726889], [1.6131862, 42.5720294], [1.6107128, 42.5714117], [1.6081609, 42.5712174], [1.6064407, 42.5706857], [1.604754, 42.5691116], [1.6025718, 42.5679763], [1.6005098, 42.5664148], [1.6013923, 42.5672728], [1.5993046, 42.5657614], [1.5973499, 42.5644982], [1.5948441, 42.5639756], [1.5933812, 42.5620366], [1.5937438, 42.55982], [1.5926402, 42.5577693], [1.5916378, 42.5559188], [1.5904647, 42.553967], [1.5916732, 42.5518165], [1.5921764, 42.5492881], [1.5917814, 42.5470113], [1.5918422, 42.5445533], [1.5916791, 42.542017], [1.5918709, 42.5398175], [1.5908758, 42.5376446], [1.5887632, 42.536279], [1.5873895, 42.534735], [1.5865293, 42.5342957], [1.5853175, 42.5334715], [1.5832449, 42.5319088], [1.580671, 42.5317373], [1.5780666, 42.5317884], [1.5754855, 42.5314524], [1.5734199, 42.5299593], [1.5746053, 42.5311696], [1.5731041, 42.529678], [1.5707894, 42.5289714], [1.570257, 42.528498], [1.5703532, 42.5287278], [1.5681843, 42.527283], [1.5690108, 42.5277295], [1.5670501, 42.5264339], [1.5647545, 42.5252411], [1.562417, 42.5242363], [1.5604602, 42.5225486], [1.5583981, 42.5210328], [1.5569551, 42.5195698], [1.5566805, 42.5193019], [1.5551436, 42.5179729], [1.5537068, 42.516797], [1.5537422, 42.5167369], [1.5527024, 42.5144113], [1.5510943, 42.5126611], [1.5487806, 42.5115849], [1.5464166, 42.5106798], [1.5456594, 42.5094825], [1.5431356, 42.5089726], [1.5408232, 42.5086902], [1.5386397, 42.5087043], [1.5360565, 42.508645], [1.5334663, 42.5084442], [1.531603, 42.5077685]], "mood_vectors": [[0.0265, 0.0385, 0.0882, 0.0502, 0.0304, 0.0398, 0.7265], [0.0504, 0.0257, 0.0482, 0.0689, 0.0491, 0.0583, 0.6994], [0.0291, 0.0654, 0.0596, 0.0131, 0.0892, 0.064, 0.6797], [0.0814, 0.0341, 0.0161, 0.0731, 0.0306, 0.0494, 0.7153], [0.0378, 0.054, 0.0542, 0.0697, 0.0733, 0.0216, 0.6894], [0.016, 0.0302, 0.0678, 0.0529, 0.0611, 0.0573, 0.7149], [0.0366, 0.0305, 0.0712, 0.0492, 0.0366, 0.0357, 0.7402], [0.0548, 0.0726, 0.031, 0.0711, 0.0281, 0.0167, 0.7257], [0.0589, 0.0623, 0.0723, 0.0499, 0.0217, 0.0547, 0.6801], [0.0509, 0.02, 0.0374, 0.0411, 0.076, 0.0587, 0.7159], [0.0643, 0.0174, 0.0134, 0.0385, 0.0444, 0.0517, 0.7704], [0.0221, 0.0699, 0.0556, 0.052, 0.0238, 0.017, 0.7597], [0.0685, 0.0472, 0.0172, 0.0636, 0.0585, 0.0765, 0.6685], [0.076, 0.0428, 0.0536, 0.0271, 0.0477, 0.0496, 0.7033], [0.0425, 0.025, 0.0227, 0.0346, 0.0304, 0.0363, 0.8084], [0.0576, 0.0597, 0.0224, 0.0378, 0.0737, 0.0617, 0.687], [0.0208, 0.0467, 0.0618, 0.0317, 0.0319, 0.0506, 0.7565], [0.0592, 0.0251, 0.0779, 0.0166, 0.0787, 0.0259, 0.7166], [0.0352, 0.0237, 0.075, 0.0454, 0.0397, 0.0212, 0.7598], [0.0668, 0.0721, 0.0539, 0.017, 0.069, 0.0269, 0.6942], [0.0518, 0.0737, 0.0373, 0.0681, 0.0493, 0.039, 0.6808], [0.0303, 0.02, 0.0619, 0.0272, 0.044, 0.0658, 0.7507], [0.0311, 0.0761, 0.0755, 0.0325, 0.0124, 0.0369, 0.7354], [0.0433, 0.0721, 0.0819, 0.0546, 0.0202, 0.0242, 0.7037], [0.0431, 0.0433, 0.0757, 0.0272, 0.0331, 0.0431, 0.7344], [0.0499, 0.0447, 0.0265, 0.0504, 0.0885, 0.0831, 0.6569], [0.0723, 0.0694, 0.0796, 0.0582, 0.013, 0.0303, 0.6772], [0.0647, 0.0388, 0.0652, 0.0256, 0.0118, 0.0267, 0.7671], [0.0525, 0.0608, 0.0149, 0.0498, 0.0326, 0.067, 0.7224], [0.0264, 0.0289, 0.0257, 0.0817, 0.0562, 0.0446, 0.7365], [0.0539, 0.0491, 0.0336, 0.0153, 0.0865, 0.029, 0.7325], [0.046, 0.0189, 0.0479, 0.0416, 0.0453, 0.0807, 0.7197], [0.0892, 0.025, 0.0404, 0.0499, 0.0514, 0.0665, 0.6776], [0.0431, 0.0248, 0.013, 0.0765, 0.0399, 0.0717, 0.7311], [0.0296, 0.0659, 0.0534, 0.0454, 0.0629, 0.0692, 0.6737], [0.0527, 0.0241, 0.0336, 0.0358, 0.0153, 0.0193, 0.8192], [0.0501, 0.0172, 0.0156, 0.0719, 0.0818, 0.0305, 0.7329], [0.0428, 0.0359, 0.0211, 0.0826, 0.0498, 0.023, 0.7449], [0.0233, 0.0281, 0.0462, 0.0261, 0.0703, 0.0419, 0.7642], [0.0408, 0.0725, 0.0668, 0.0793, 0.0655, 0.0676, 0.6076], [0.0678, 0.0763, 0.0684, 0.0578, 0.0314, 0.0225, 0.6757], [0.0543, 0.0347, 0.0467, 0.0602, 0.0659, 0.0785, 0.6598], [0.0692, 0.0394, 0.0174, 0.0156, 0.0452, 0.0783, 0.7351], [0.0276, 0.0373, 0.0588, 0.0598, 0.038, 0.0393, 0.7392], [0.0605, 0.0713, 0.0568, 0.0336, 0.0135, 0.0346, 0.7297], [0.0567, 0.0148, 0.0487, 0.0463, 0.0223, 0.0563, 0.7548], [0.0542, 0.0814, 0.0773, 0.0645, 0.0336, 0.0524, 0.6365], [0.0463, 0.0592, 0.0425, 0.0693, 0.0602, 0.0572, 0.6653], [0.0528, 0.0251, 0.0435, 0.0359, 0.0811, 0.0274, 0.7343], [0.0143, 0.0374, 0.0261, 0.08, 0.0383, 0.0827, 0.7211], [0.0384, 0.0638, 0.0174, 0.0288, 0.0292, 0.0639, 0.7586], [0.0169, 0.045, 0.0521, 0.0342, 0.0856, 0.097, 0.6693], [0.0223, 0.0531, 0.0528, 0.0448, 0.0332, 0.0334, 0.7604], [0.0694, 0.0295, 0.0206, 0.0481, 0.0689, 0.0539, 0.7096], [0.0319, 0.0527, 0.0431, 0.0421, 0.0747, 0.0855, 0.67], [0.0501, 0.0446, 0.0667, 0.0514, 0.0391, 0.0355, 0.7127], [0.0647, 0.0456, 0.0546, 0.042, 0.0185, 0.0174, 0.7572], [0.0346, 0.0404, 0.0585, 0.0787, 0.033, 0.0576, 0.6971], [0.0221, 0.052, 0.0387, 0.0641, 0.0813, 0.0203, 0.7215], [0.0535, 0.0674, 0.055, 0.0466, 0.0484, 0.0546, 0.6745], [0.0325, 0.0735, 0.0356, 0.0547, 0.0615, 0.0352, 0.707], [0.0257, 0.018, 0.0825, 0.0316, 0.0363, 0.0317, 0.7743], [0.0279, 0.0926, 0.0956, 0.0303, 0.0511, 0.043, 0.6595], [0.0323, 0.0841, 0.03, 0.0259, 0.0504, 0.0401, 0.7372], [0.0155, 0.0791, 0.0709, 0.0598, 0.047, 0.0562, 0.6714], [0.0551, 0.0296, 0.0616, 0.0271, 0.0545, 0.0388, 0.7332], [0.0414, 0.0405, 0.0227, 0.0691, 0.0566, 0.0729, 0.6968], [0.0316, 0.0623, 0.0766, 0.0802, 0.0262, 0.0153, 0.7077], [0.032, 0.0477, 0.0479, 0.0354, 0.0413, 0.0557, 0.7399], [0.0435, 0.024, 0.085, 0.0546, 0.0844, 0.0315, 0.677], [0.0541, 0.0928, 0.0348, 0.0504, 0.0881, 0.0145, 0.6652], [0.0305, 0.015, 0.0589, 0.0878, 0.0149, 0.0202, 0.7727], [0.0308, 0.064, 0.0387, 0.0421, 0.0511, 0.0426, 0.7309], [0.0528, 0.0273, 0.0403, 0.0822, 0.0186, 0.0762, 0.7027], [0.0773, 0.0783, 0.0684, 0.0401, 0.0773, 0.0786, 0.58], [0.0719, 0.0678, 0.0554, 0.04, 0.0209, 0.0295, 0.7145], [0.02, 0.0169, 0.0362, 0.077, 0.0927, 0.0903, 0.6669], [0.0392, 0.0456, 0.0289, 0.0526, 0.0636, 0.0738, 0.6961], [0.0821, 0.0809, 0.0287, 0.0728, 0.0306, 0.0402, 0.6647], [0.0778, 0.0491, 0.0368, 0.0348, 0.0769, 0.0887, 0.6358]], "emotions": ["purple", "purple", "purple", "purple", "purple", "purple", "purple", "purple", "purple", "purple", "purple", "purple", "purple", "purple", "purple", "purple", "purple", "purple", "purple", "purple", "purple", "purple", "purple", "purple", "purple", "purple", "purple", "purple", "purple", "purple", "purple", "purple", "purple", "purple", "purple", "purple", "purple", "purple", "purple", "purple", "purple", "purple", "purple", "purple", "purple", "purple", "purple", "purple", "purple", "purple", "purple", "purple", "purple", "purple", "purple", "purple", "purple", "purple", "purple", "purple", "purple", "purple", "purple", "purple", "purple", "purple", "purple", "purple", "purple", "purple", "purple", "purple", "purple", "purple", "purple", "purple", "purple", "purple", "purple", "purple"], "timestamps": [0, 40, 80, 120, 160, 200, 240, 280, 320, 360, 400, 440, 480, 520, 560, 600, 640, 680, 720, 760, 800, 840, 880, 920, 960, 1000, 1040, 1080, 1120, 1160, 1200, 1240, 1280, 1320, 1360, 1400, 1440, 1480, 1520, 1560, 1600, 1640, 1680, 1720, 1760, 1800, 1840, 1880, 1920, 1960, 2000, 2040, 2080, 2120, 2160, 2200, 2240, 2280, 2320, 2360, 2400, 2440, 2480, 2520, 2560, 2600, 2640, 2680, 2720, 2760, 2800, 2840, 2880, 2920, 2960, 3000, 3040, 3080, 3120, 3160]}], "conversation": [], "conversation_timestamps": []}