{"agent_id": "agent-blue-1400", "type": "blue", "trips": [{"trip_id": 0, "transport_method": "car", "start_time": 0, "path": [[1.5739558, 42.5362374], [1.5749754, 42.5365642], [1.575025, 42.5356813], [1.5754202, 42.534708], [1.5759531, 42.534183], [1.5749073, 42.5339338], [1.5738607, 42.5337408], [1.5729338, 42.533316], [1.5726352, 42.5329064], [1.5719386, 42.5320874], [1.5712421, 42.5312685], [1.5706698, 42.5306878], [1.5710727, 42.531676], [1.5716914, 42.5325314], [1.5726549, 42.5329833], [1.5721399, 42.5323768], [1.5714648, 42.53154], [1.5707897, 42.5307033], [1.5706977, 42.5299209], [1.5711583, 42.5292483], [1.5702985, 42.5286029], [1.5694907, 42.5279941], [1.570389, 42.5285848], [1.5712195, 42.5292568], [1.5706011, 42.5288929], [1.5697063, 42.5282969], [1.5688115, 42.5277009], [1.5679167, 42.5271048], [1.5679685, 42.5271358], [1.5689098, 42.5276407], [1.568433, 42.5273619], [1.5675402, 42.5267628], [1.5666495, 42.5261609], [1.5657348, 42.5256032], [1.5647265, 42.5252334], [1.5637493, 42.5248708], [1.5627401, 42.5245102], [1.5620059, 42.5237356], [1.5611918, 42.5230385], [1.5602826, 42.5224743], [1.5594402, 42.521858], [1.5585942, 42.5212086], [1.557809, 42.5204745], [1.5570587, 42.5197046], [1.5568472, 42.5193902], [1.5561209, 42.5185974], [1.5566657, 42.5192516], [1.5559371, 42.5186708], [1.5556634, 42.5181697], [1.5550377, 42.5179534], [1.5544665, 42.517465], [1.5537134, 42.5168159], [1.5544234, 42.5176121], [1.5539942, 42.5170376], [1.5534458, 42.5161359], [1.5529487, 42.5151983], [1.5527253, 42.5141856], [1.5521843, 42.5133543], [1.5512562, 42.5128228], [1.5504356, 42.5121558], [1.549444, 42.5117545], [1.5484005, 42.5114959], [1.5473574, 42.5112361], [1.54645, 42.5107361], [1.5462675, 42.50977], [1.5461444, 42.5096727], [1.5451311, 42.5093432], [1.5440651, 42.5092493], [1.5430387, 42.5089581], [1.5419752, 42.5088872], [1.5409199, 42.5086979], [1.5401068, 42.5086553], [1.539088, 42.5087499], [1.5383783, 42.5087088], [1.5373205, 42.5087632], [1.53625, 42.5086646], [1.5351793, 42.5085677], [1.5341104, 42.5085236], [1.5330452, 42.5083879], [1.5322592, 42.5078832]], "mood_vectors": [[0.0426, 0.0257, 0.0188, 0.7328, 0.0715, 0.0588, 0.0498], [0.0442, 0.0511, 0.0519, 0.594, 0.0848, 0.0815, 0.0924], [0.0882, 0.0269, 0.0525, 0.6889, 0.0193, 0.0659, 0.0582], [0.0922, 0.0457, 0.041, 0.6931, 0.043, 0.041, 0.044], [0.0281, 0.0626, 0.0132, 0.6969, 0.0783, 0.0795, 0.0415], [0.0309, 0.0595, 0.0204, 0.7481, 0.0426, 0.079, 0.0195], [0.0908, 0.0424, 0.0623, 0.6706, 0.0797, 0.029, 0.0252], [0.0373, 0.0322, 0.0235, 0.7372, 0.0641, 0.0718, 0.0339], [0.0494, 0.0811, 0.0723, 0.6085, 0.0911, 0.0806, 0.017], [0.0533, 0.0393, 0.0231, 0.7193, 0.0226, 0.0731, 0.0693], [0.0235, 0.0806, 0.0231, 0.7617, 0.023, 0.0335, 0.0547], [0.0686, 0.072, 0.0675, 0.6358, 0.022, 0.061, 0.0729], [0.0315, 0.0217, 0.0202, 0.7919, 0.0457, 0.0408, 0.0482], [0.0154, 0.0274, 0.0303, 0.774, 0.0738, 0.048, 0.0311], [0.0345, 0.0748, 0.0236, 0.6903, 0.0603, 0.0762, 0.0402], [0.0307, 0.0479, 0.0628, 0.6662, 0.0611, 0.0659, 0.0653], [0.069, 0.0293, 0.0427, 0.7502, 0.0324, 0.0278, 0.0486], [0.0532, 0.0555, 0.0755, 0.6948, 0.0528, 0.0408, 0.0274], [0.0408, 0.0923, 0.0779, 0.6496, 0.0794, 0.0347, 0.0253], [0.055, 0.0637, 0.0182, 0.683, 0.0793, 0.018, 0.0829], [0.0387, 0.0639, 0.08, 0.6703, 0.065, 0.0377, 0.0445], [0.0548, 0.0495, 0.0732, 0.6987, 0.0449, 0.0548, 0.0242], [0.0568, 0.0371, 0.0744, 0.6528, 0.0503, 0.0609, 0.0677], [0.0927, 0.0259, 0.0159, 0.6619, 0.0466, 0.061, 0.0959], [0.088, 0.0556, 0.0173, 0.6414, 0.0673, 0.0521, 0.0784], [0.0124, 0.0162, 0.0299, 0.7714, 0.0588, 0.0715, 0.0398], [0.0169, 0.0139, 0.0653, 0.739, 0.0464, 0.0608, 0.0578], [0.0537, 0.0154, 0.0532, 0.7399, 0.0505, 0.0234, 0.0638], [0.0427, 0.0552, 0.0135, 0.6977, 0.0755, 0.0652, 0.0502], [0.0581, 0.039, 0.068, 0.6852, 0.0474, 0.0655, 0.0368], [0.0323, 0.0701, 0.0202, 0.7108, 0.0566, 0.0425, 0.0675], [0.0646, 0.0478, 0.02, 0.7749, 0.0181, 0.0383, 0.0362], [0.0906, 0.0669, 0.0294, 0.6396, 0.0573, 0.0844, 0.0318], [0.0656, 0.0683, 0.0191, 0.6971, 0.0259, 0.083, 0.0411], [0.0699, 0.0415, 0.0186, 0.7017, 0.0473, 0.075, 0.0461], [0.0494, 0.0737, 0.0264, 0.6594, 0.0656, 0.052, 0.0735], [0.0223, 0.0173, 0.0699, 0.7468, 0.0428, 0.0459, 0.0549], [0.0684, 0.0519, 0.0131, 0.7313, 0.0545, 0.0327, 0.0481], [0.0237, 0.0605, 0.0343, 0.7509, 0.0464, 0.0143, 0.0698], [0.0881, 0.088, 0.0605, 0.6521, 0.0156, 0.0674, 0.0285], [0.0729, 0.0853, 0.0424, 0.7425, 0.0211, 0.0151, 0.0206], [0.0288, 0.0526, 0.0606, 0.7025, 0.0623, 0.0361, 0.0572], [0.0224, 0.0359, 0.0678, 0.7597, 0.0641, 0.0314, 0.0187], [0.0503, 0.0438, 0.0383, 0.7747, 0.028, 0.0273, 0.0376], [0.0727, 0.0755, 0.0561, 0.6551, 0.0454, 0.0682, 0.027], [0.0668, 0.0424, 0.0261, 0.7382, 0.0539, 0.0246, 0.048], [0.0135, 0.073, 0.0474, 0.6932, 0.0751, 0.0682, 0.0297], [0.0432, 0.0343, 0.0444, 0.7945, 0.0261, 0.0287, 0.0289], [0.0722, 0.0148, 0.069, 0.6389, 0.0703, 0.0905, 0.0443], [0.0291, 0.0917, 0.0558, 0.6489, 0.0359, 0.0818, 0.0568], [0.0304, 0.0813, 0.0617, 0.6262, 0.0563, 0.0722, 0.0719], [0.068, 0.0197, 0.0411, 0.6893, 0.0307, 0.0675, 0.0837], [0.0421, 0.0148, 0.065, 0.6963, 0.037, 0.0764, 0.0683], [0.0451, 0.0778, 0.0779, 0.6109, 0.0471, 0.0755, 0.0656], [0.0785, 0.0758, 0.0274, 0.5888, 0.0739, 0.0791, 0.0765], [0.0618, 0.0254, 0.0456, 0.6737, 0.0794, 0.0304, 0.0837], [0.0279, 0.0515, 0.0167, 0.7544, 0.0501, 0.0645, 0.0349], [0.0383, 0.0578, 0.0337, 0.7038, 0.0253, 0.0864, 0.0547], [0.0713, 0.0174, 0.0701, 0.6513, 0.0804, 0.0417, 0.0678], [0.0179, 0.0335, 0.0499, 0.7633, 0.0448, 0.0471, 0.0435], [0.0776, 0.0353, 0.0639, 0.6443, 0.0383, 0.0726, 0.068], [0.0787, 0.0292, 0.0215, 0.6672, 0.0982, 0.0893, 0.0158], [0.0664, 0.0738, 0.074, 0.6076, 0.0611, 0.0506, 0.0666], [0.0685, 0.0372, 0.0367, 0.7296, 0.0129, 0.0777, 0.0373], [0.0744, 0.0352, 0.0179, 0.68, 0.0692, 0.0883, 0.035], [0.0672, 0.0355, 0.0148, 0.7498, 0.0156, 0.0466, 0.0705], [0.0147, 0.0721, 0.0407, 0.6734, 0.0582, 0.0577, 0.0832], [0.0529, 0.0571, 0.0642, 0.7387, 0.0464, 0.0239, 0.0168], [0.0472, 0.0824, 0.0614, 0.6782, 0.0665, 0.0373, 0.027], [0.0696, 0.0611, 0.0417, 0.6848, 0.0582, 0.0226, 0.062], [0.049, 0.0856, 0.0377, 0.6436, 0.0926, 0.0598, 0.0317], [0.0823, 0.0374, 0.0386, 0.7572, 0.0166, 0.0164, 0.0515], [0.069, 0.0206, 0.0173, 0.7323, 0.0337, 0.0646, 0.0625], [0.0388, 0.0483, 0.0401, 0.7203, 0.0348, 0.0407, 0.0771], [0.0649, 0.0603, 0.0355, 0.7403, 0.0225, 0.0263, 0.0502], [0.0152, 0.036, 0.0819, 0.7037, 0.0157, 0.0686, 0.0789], [0.0953, 0.0367, 0.0588, 0.7053, 0.0498, 0.0204, 0.0338], [0.0768, 0.0281, 0.0475, 0.6765, 0.0617, 0.0367, 0.0726], [0.0243, 0.0137, 0.0446, 0.7958, 0.0326, 0.0615, 0.0274], [0.0519, 0.0662, 0.0421, 0.6729, 0.0582, 0.0583, 0.0505]], "emotions": ["green", "green", "green", "green", "green", "green", "green", "green", "green", "green", "green", "green", "green", "green", "green", "green", "green", "green", "green", "green", "green", "green", "green", "green", "green", "green", "green", "green", "green", "green", "green", "green", "green", "green", "green", "green", "green", "green", "green", "green", "green", "green", "green", "green", "green", "green", "green", "green", "green", "green", "green", "green", "green", "green", "green", "green", "green", "green", "green", "green", "green", "green", "green", "green", "green", "green", "green", "green", "green", "green", "green", "green", "green", "green", "green", "green", "green", "green", "green", "green"], "timestamps": [0, 40, 80, 120, 160, 200, 240, 280, 320, 360, 400, 440, 480, 520, 560, 600, 640, 680, 720, 760, 800, 840, 880, 920, 960, 1000, 1040, 1080, 1120, 1160, 1200, 1240, 1280, 1320, 1360, 1400, 1440, 1480, 1520, 1560, 1600, 1640, 1680, 1720, 1760, 1800, 1840, 1880, 1920, 1960, 2000, 2040, 2080, 2120, 2160, 2200, 2240, 2280, 2320, 2360, 2400, 2440, 2480, 2520, 2560, 2600, 2640, 2680, 2720, 2760, 2800, 2840, 2880, 2920, 2960, 3000, 3040, 3080, 3120, 3160]}], "conversation": [], "conversation_timestamps": []}