{"agent_id": "agent-purple-1034", "type": "purple", "trips": [{"trip_id": 0, "transport_method": "foot", "start_time": 0, "path": [[1.5866872, 42.5347597], [1.5857045, 42.5337539], [1.5851843, 42.5333754], [1.5838145, 42.5322481], [1.582161, 42.5316875], [1.5803835, 42.5317435], [1.5786063, 42.5318041], [1.5768328, 42.5316847], [1.5750857, 42.5313578], [1.5737254, 42.5302427], [1.5736001, 42.5304551], [1.5746282, 42.5310814], [1.5733198, 42.5298767], [1.571715, 42.5293219], [1.5702634, 42.5285766], [1.570115, 42.5284046], [1.5711834, 42.5292808], [1.5697032, 42.5282948], [1.568223, 42.5273089], [1.5682742, 42.5272733], [1.5684632, 42.5273822], [1.5669863, 42.5263912], [1.5654627, 42.5254886], [1.5638198, 42.5248986], [1.5622828, 42.5240879], [1.5609835, 42.5228912], [1.5595471, 42.5219022], [1.5581591, 42.5208149], [1.5569557, 42.5195391], [1.5562268, 42.518713], [1.5563399, 42.5190128], [1.5554998, 42.5181077], [1.5546143, 42.517595], [1.5540052, 42.5172298], [1.5539076, 42.5169342], [1.553097, 42.5153828], [1.5526454, 42.513742], [1.5511881, 42.512757], [1.5497061, 42.5118433], [1.5479852, 42.511399], [1.5464222, 42.510689], [1.5461937, 42.5099824], [1.5447456, 42.5093185], [1.5430243, 42.5089559], [1.541274, 42.5087449], [1.5398165, 42.5083452], [1.5380636, 42.5081331], [1.5375032, 42.5080489], [1.5357552, 42.5077208], [1.5344462, 42.5072465], [1.5352472, 42.5075214], [1.5335966, 42.5068676], [1.5318984, 42.5066733], [1.5303733, 42.5057672], [1.5286932, 42.5053343], [1.526927, 42.5052893], [1.5251677, 42.5051437], [1.5234214, 42.5048083], [1.5217077, 42.5046574], [1.5200915, 42.5039152], [1.5212511, 42.5043761], [1.521354, 42.5045606], [1.5196866, 42.5039419], [1.5180359, 42.5036691], [1.5162864, 42.5035705], [1.5147987, 42.5025992], [1.5133378, 42.5017309], [1.5116743, 42.5016739], [1.5100516, 42.5009839], [1.5084789, 42.5001609], [1.506893, 42.499371], [1.5053018, 42.4985777], [1.5036843, 42.49784], [1.5020932, 42.4970537], [1.5009479, 42.4966232], [1.4994062, 42.4957418], [1.4988194, 42.4944426], [1.4978393, 42.4931833], [1.4978915, 42.4932365], [1.4964353, 42.492818]], "mood_vectors": [[0.0522, 0.0333, 0.0588, 0.0168, 0.0287, 0.7534, 0.0568], [0.077, 0.0214, 0.0247, 0.0841, 0.0239, 0.7242, 0.0446], [0.0256, 0.0803, 0.0885, 0.0557, 0.0299, 0.6925, 0.0275], [0.0667, 0.0401, 0.0673, 0.0571, 0.0708, 0.6723, 0.0257], [0.0615, 0.0389, 0.0757, 0.0188, 0.0747, 0.6728, 0.0576], [0.0657, 0.057, 0.033, 0.0482, 0.0592, 0.7008, 0.0361], [0.059, 0.0514, 0.0529, 0.0553, 0.05, 0.6942, 0.0373], [0.0692, 0.0781, 0.0469, 0.0493, 0.0587, 0.6847, 0.013], [0.0455, 0.0449, 0.0529, 0.0536, 0.0346, 0.7105, 0.0579], [0.0668, 0.0143, 0.0384, 0.0278, 0.0941, 0.7335, 0.0251], [0.0165, 0.0501, 0.0264, 0.0754, 0.0597, 0.7462, 0.0257], [0.0354, 0.0866, 0.0519, 0.066, 0.0399, 0.6274, 0.0926], [0.0231, 0.0761, 0.0341, 0.0569, 0.0147, 0.7712, 0.024], [0.0179, 0.0685, 0.0749, 0.0641, 0.0569, 0.6948, 0.023], [0.0399, 0.0261, 0.0472, 0.0444, 0.0795, 0.6921, 0.0709], [0.0794, 0.0775, 0.0492, 0.0723, 0.0487, 0.6125, 0.0605], [0.0448, 0.0189, 0.0787, 0.0355, 0.0839, 0.7084, 0.0297], [0.0779, 0.0506, 0.0368, 0.0766, 0.0622, 0.6078, 0.088], [0.0624, 0.0552, 0.0362, 0.0263, 0.0787, 0.6877, 0.0536], [0.0318, 0.0121, 0.08, 0.0528, 0.0632, 0.679, 0.0812], [0.0489, 0.0823, 0.0344, 0.054, 0.0253, 0.7244, 0.0307], [0.0268, 0.0701, 0.0393, 0.0253, 0.0243, 0.7646, 0.0495], [0.0737, 0.0685, 0.0557, 0.0123, 0.0516, 0.6813, 0.0569], [0.0618, 0.0513, 0.0264, 0.0642, 0.068, 0.7039, 0.0244], [0.0319, 0.0294, 0.0353, 0.0588, 0.0414, 0.7853, 0.0179], [0.0149, 0.0605, 0.0177, 0.0559, 0.0535, 0.7245, 0.073], [0.0683, 0.0372, 0.0656, 0.0488, 0.0722, 0.6546, 0.0534], [0.0761, 0.0302, 0.0288, 0.0564, 0.0329, 0.6946, 0.0812], [0.0503, 0.05, 0.0736, 0.0359, 0.0437, 0.674, 0.0725], [0.0745, 0.0302, 0.0634, 0.0306, 0.0449, 0.7136, 0.0429], [0.0854, 0.0624, 0.0526, 0.0632, 0.0493, 0.6066, 0.0806], [0.0654, 0.0137, 0.0231, 0.0536, 0.0614, 0.7632, 0.0195], [0.0223, 0.0433, 0.0428, 0.0662, 0.0353, 0.717, 0.0731], [0.0868, 0.0154, 0.0243, 0.0344, 0.0534, 0.7364, 0.0494], [0.0476, 0.0637, 0.058, 0.0119, 0.066, 0.6929, 0.0599], [0.0485, 0.0211, 0.0731, 0.0247, 0.0179, 0.7348, 0.0798], [0.034, 0.0319, 0.06, 0.0646, 0.0385, 0.68, 0.091], [0.0531, 0.0228, 0.048, 0.0207, 0.0241, 0.789, 0.0422], [0.0714, 0.0413, 0.0737, 0.045, 0.0604, 0.6701, 0.0381], [0.0786, 0.0706, 0.0577, 0.0686, 0.0262, 0.65, 0.0482], [0.0236, 0.0363, 0.0587, 0.0827, 0.0616, 0.6716, 0.0656], [0.0747, 0.0416, 0.0223, 0.0307, 0.0279, 0.728, 0.0748], [0.0644, 0.0608, 0.0368, 0.0564, 0.019, 0.6901, 0.0725], [0.0633, 0.0438, 0.0382, 0.0685, 0.0693, 0.6287, 0.0882], [0.0627, 0.0385, 0.0491, 0.0323, 0.0704, 0.7288, 0.0181], [0.0343, 0.0421, 0.0939, 0.0735, 0.0216, 0.6678, 0.0669], [0.0505, 0.0694, 0.0619, 0.014, 0.025, 0.7545, 0.0246], [0.0677, 0.0671, 0.0297, 0.0688, 0.0311, 0.7224, 0.0132], [0.0471, 0.0706, 0.0485, 0.0509, 0.0203, 0.7274, 0.0353], [0.0675, 0.0565, 0.0579, 0.023, 0.0679, 0.69, 0.0371], [0.0727, 0.0153, 0.0666, 0.0635, 0.053, 0.6849, 0.0439], [0.0482, 0.0473, 0.0284, 0.0426, 0.0138, 0.7482, 0.0714], [0.0536, 0.0445, 0.0668, 0.0291, 0.0229, 0.7356, 0.0474], [0.0602, 0.0407, 0.0202, 0.0515, 0.1014, 0.6788, 0.0472], [0.0198, 0.043, 0.0808, 0.0964, 0.0322, 0.7065, 0.0212], [0.0712, 0.0861, 0.0387, 0.0779, 0.0375, 0.6501, 0.0386], [0.0719, 0.0206, 0.0712, 0.0714, 0.0668, 0.6262, 0.0719], [0.0721, 0.0761, 0.0112, 0.0592, 0.0394, 0.6988, 0.0432], [0.0699, 0.0464, 0.0152, 0.0387, 0.0772, 0.6988, 0.0538], [0.0494, 0.0623, 0.0763, 0.0288, 0.0155, 0.7454, 0.0222], [0.0414, 0.0397, 0.0635, 0.0416, 0.0437, 0.7476, 0.0226], [0.0555, 0.0579, 0.0452, 0.0138, 0.0356, 0.7166, 0.0754], [0.035, 0.0299, 0.0319, 0.0229, 0.0751, 0.7894, 0.0157], [0.0549, 0.0382, 0.0774, 0.0408, 0.0262, 0.7415, 0.021], [0.0655, 0.0743, 0.0337, 0.0742, 0.0989, 0.6037, 0.0497], [0.0587, 0.0478, 0.0662, 0.0537, 0.0407, 0.7198, 0.0131], [0.0208, 0.0638, 0.0481, 0.059, 0.085, 0.667, 0.0564], [0.0642, 0.0148, 0.0235, 0.0802, 0.0446, 0.7192, 0.0534], [0.0821, 0.0236, 0.0445, 0.0349, 0.0811, 0.6994, 0.0345], [0.046, 0.0581, 0.0164, 0.0155, 0.0249, 0.7879, 0.0512], [0.033, 0.0253, 0.0585, 0.0412, 0.0578, 0.724, 0.0604], [0.05, 0.0343, 0.0338, 0.0222, 0.0245, 0.7709, 0.0643], [0.0156, 0.0793, 0.0376, 0.0306, 0.066, 0.7006, 0.0704], [0.027, 0.0418, 0.0578, 0.0265, 0.0331, 0.7477, 0.0662], [0.0459, 0.071, 0.0234, 0.0754, 0.0218, 0.7081, 0.0544], [0.0812, 0.0673, 0.0345, 0.0314, 0.0799, 0.6299, 0.0759], [0.0784, 0.0786, 0.0441, 0.0714, 0.0346, 0.6795, 0.0135], [0.0646, 0.0308, 0.0503, 0.0511, 0.0332, 0.7423, 0.0277], [0.0421, 0.0296, 0.0213, 0.0199, 0.0885, 0.7488, 0.0497], [0.0124, 0.0447, 0.0694, 0.0127, 0.0696, 0.7161, 0.0752]], "emotions": ["purple", "purple", "purple", "purple", "purple", "purple", "purple", "purple", "purple", "purple", "purple", "purple", "purple", "purple", "purple", "purple", "purple", "purple", "purple", "purple", "purple", "purple", "purple", "purple", "purple", "purple", "purple", "purple", "purple", "purple", "purple", "purple", "purple", "purple", "purple", "purple", "purple", "purple", "purple", "purple", "purple", "purple", "purple", "purple", "purple", "purple", "purple", "purple", "purple", "purple", "purple", "purple", "purple", "purple", "purple", "purple", "purple", "purple", "purple", "purple", "purple", "purple", "purple", "purple", "purple", "purple", "purple", "purple", "purple", "purple", "purple", "purple", "purple", "purple", "purple", "purple", "purple", "purple", "purple", "purple"], "timestamps": [0, 40, 80, 120, 160, 200, 240, 280, 320, 360, 400, 440, 480, 520, 560, 600, 640, 680, 720, 760, 800, 840, 880, 920, 960, 1000, 1040, 1080, 1120, 1160, 1200, 1240, 1280, 1320, 1360, 1400, 1440, 1480, 1520, 1560, 1600, 1640, 1680, 1720, 1760, 1800, 1840, 1880, 1920, 1960, 2000, 2040, 2080, 2120, 2160, 2200, 2240, 2280, 2320, 2360, 2400, 2440, 2480, 2520, 2560, 2600, 2640, 2680, 2720, 2760, 2800, 2840, 2880, 2920, 2960, 3000, 3040, 3080, 3120, 3160]}], "conversation": [], "conversation_timestamps": []}