{"agent_id": "agent-orange-608", "type": "orange", "trips": [{"trip_id": 0, "transport_method": "bus", "start_time": 0, "path": [[1.4889315, 42.4783453], [1.4888, 42.4786464], [1.4888435, 42.479653], [1.488887, 42.4806596], [1.4889306, 42.4816662], [1.4889741, 42.4826728], [1.4889407, 42.4833839], [1.4886925, 42.4824399], [1.4885787, 42.4815627], [1.4880129, 42.4807506], [1.4875559, 42.4798798], [1.4880507, 42.4790124], [1.4878533, 42.4783194], [1.4873894, 42.4778585], [1.4869993, 42.4774164], [1.4879383, 42.4777719], [1.4887822, 42.4781832], [1.4888448, 42.4791888], [1.4889075, 42.4801944], [1.4889701, 42.4811999], [1.4890328, 42.4822055], [1.4890955, 42.4832111], [1.4894719, 42.4840146], [1.4902161, 42.4839145], [1.4910911, 42.4843807], [1.4919937, 42.4847633], [1.4928849, 42.48509], [1.4937382, 42.4856166], [1.4944708, 42.4863034], [1.4947257, 42.4872532], [1.4947715, 42.4882321], [1.4954031, 42.4890156], [1.4960602, 42.4897795], [1.4962916, 42.4907293], [1.4968671, 42.4914738], [1.4977142, 42.4920187], [1.4985995, 42.4924994], [1.4994815, 42.4929852], [1.5002721, 42.4936094], [1.5009446, 42.4942848], [1.5018581, 42.4947098], [1.5027659, 42.4951467], [1.5037074, 42.4955], [1.504618, 42.4959218], [1.5055467, 42.4963043], [1.5065009, 42.4966275], [1.5074492, 42.4969678], [1.5083753, 42.4973624], [1.5092831, 42.4977995], [1.5101728, 42.4982702], [1.5108384, 42.4990202], [1.511464, 42.49981], [1.5120765, 42.50061], [1.5126816, 42.5014155], [1.5134617, 42.5020277], [1.5138061, 42.5022572], [1.5130908, 42.5016328], [1.5135845, 42.5020161], [1.5144915, 42.5024549], [1.5149992, 42.5027278], [1.5158379, 42.5032862], [1.5151794, 42.5028421], [1.5160129, 42.5034081], [1.516952, 42.5037362], [1.5179547, 42.5036796], [1.518954, 42.5035505], [1.5198567, 42.5038066], [1.5207901, 42.5041857], [1.521732, 42.5045412], [1.5226094, 42.5047233], [1.5236067, 42.5048493], [1.5245973, 42.5050317], [1.525586, 42.5052258], [1.5265831, 42.5053057], [1.5275782, 42.5053956], [1.5274468, 42.5053517], [1.5284012, 42.5056744], [1.529266, 42.5061133], [1.529917, 42.5068702], [1.5307331, 42.5074603]], "mood_vectors": [[0.056, 0.0484, 0.0714, 0.0706, 0.6591, 0.0661, 0.0284], [0.0473, 0.0653, 0.0769, 0.0458, 0.6759, 0.0736, 0.0152], [0.0468, 0.0443, 0.0782, 0.0295, 0.6778, 0.066, 0.0574], [0.0279, 0.0761, 0.0779, 0.0561, 0.6178, 0.0871, 0.057], [0.0701, 0.0654, 0.0646, 0.052, 0.6624, 0.0551, 0.0304], [0.0629, 0.0591, 0.0281, 0.0205, 0.7038, 0.038, 0.0876], [0.0136, 0.0548, 0.0572, 0.0129, 0.7854, 0.0564, 0.0196], [0.04, 0.0213, 0.0169, 0.0563, 0.7708, 0.055, 0.0397], [0.0293, 0.0307, 0.0336, 0.0587, 0.7151, 0.0633, 0.0694], [0.0386, 0.0493, 0.0372, 0.0547, 0.7221, 0.0752, 0.0228], [0.0315, 0.0388, 0.0694, 0.0645, 0.736, 0.0198, 0.04], [0.0441, 0.0412, 0.0488, 0.0752, 0.707, 0.0528, 0.0309], [0.0421, 0.0467, 0.0155, 0.0276, 0.7478, 0.0641, 0.0563], [0.0271, 0.0287, 0.059, 0.0424, 0.7537, 0.0283, 0.0607], [0.0303, 0.0796, 0.0894, 0.0407, 0.6941, 0.0286, 0.0373], [0.066, 0.0326, 0.0567, 0.0263, 0.729, 0.017, 0.0724], [0.0771, 0.0614, 0.0296, 0.054, 0.6596, 0.0399, 0.0783], [0.0426, 0.0479, 0.0273, 0.0376, 0.7771, 0.0391, 0.0284], [0.0481, 0.0631, 0.0655, 0.0265, 0.7102, 0.0397, 0.0467], [0.0643, 0.0471, 0.0733, 0.0936, 0.6033, 0.0682, 0.0503], [0.0371, 0.0519, 0.0488, 0.0451, 0.7371, 0.0113, 0.0686], [0.0831, 0.0246, 0.0644, 0.0849, 0.6155, 0.0743, 0.0532], [0.0711, 0.0294, 0.0217, 0.0316, 0.7234, 0.0977, 0.0251], [0.0474, 0.0823, 0.0831, 0.0177, 0.7003, 0.0373, 0.0318], [0.0411, 0.0565, 0.0232, 0.0132, 0.7437, 0.0365, 0.0857], [0.0508, 0.0851, 0.0358, 0.0282, 0.6577, 0.0773, 0.0651], [0.0588, 0.0384, 0.0747, 0.036, 0.6845, 0.0586, 0.049], [0.0745, 0.0664, 0.0374, 0.0377, 0.7035, 0.0543, 0.0262], [0.0174, 0.0682, 0.0945, 0.0364, 0.6519, 0.0539, 0.0777], [0.0684, 0.0211, 0.0433, 0.0479, 0.709, 0.0762, 0.0341], [0.0742, 0.0434, 0.0376, 0.0692, 0.7021, 0.0191, 0.0543], [0.0742, 0.0292, 0.0365, 0.0688, 0.6775, 0.0562, 0.0577], [0.0253, 0.055, 0.044, 0.0549, 0.7238, 0.0623, 0.0346], [0.0434, 0.076, 0.0481, 0.0532, 0.6874, 0.0156, 0.0763], [0.0773, 0.0795, 0.0177, 0.057, 0.6801, 0.0136, 0.0749], [0.0751, 0.0182, 0.0372, 0.0712, 0.671, 0.071, 0.0563], [0.0786, 0.0456, 0.0393, 0.0487, 0.6518, 0.0648, 0.0712], [0.0796, 0.062, 0.0178, 0.0462, 0.6494, 0.0822, 0.0628], [0.0271, 0.0471, 0.0277, 0.0708, 0.7367, 0.0611, 0.0296], [0.0235, 0.0776, 0.0788, 0.0302, 0.6418, 0.0748, 0.0734], [0.0607, 0.0247, 0.0179, 0.0457, 0.7187, 0.0776, 0.0547], [0.0436, 0.039, 0.0313, 0.0347, 0.6961, 0.0899, 0.0654], [0.0534, 0.0285, 0.0751, 0.0611, 0.7257, 0.041, 0.0153], [0.0707, 0.05, 0.0532, 0.0336, 0.6892, 0.0751, 0.0283], [0.0585, 0.0665, 0.0719, 0.015, 0.6719, 0.049, 0.0673], [0.0155, 0.034, 0.0138, 0.0518, 0.7844, 0.0341, 0.0664], [0.0305, 0.0392, 0.0622, 0.0665, 0.6856, 0.0591, 0.0569], [0.0488, 0.0846, 0.0427, 0.0517, 0.6436, 0.045, 0.0837], [0.0846, 0.0648, 0.0752, 0.0432, 0.6408, 0.0249, 0.0665], [0.0628, 0.0123, 0.0577, 0.0803, 0.6482, 0.0784, 0.0603], [0.0269, 0.0503, 0.0815, 0.0739, 0.6914, 0.0488, 0.0271], [0.0255, 0.0342, 0.0666, 0.0486, 0.6986, 0.0606, 0.0659], [0.0479, 0.044, 0.076, 0.0789, 0.6249, 0.0703, 0.058], [0.0789, 0.0745, 0.0168, 0.0348, 0.7045, 0.0572, 0.0333], [0.0612, 0.0547, 0.0684, 0.0586, 0.6455, 0.0708, 0.0408], [0.0828, 0.0526, 0.0456, 0.0284, 0.7471, 0.0239, 0.0196], [0.0312, 0.0333, 0.0514, 0.0433, 0.7534, 0.0448, 0.0427], [0.0919, 0.0776, 0.0516, 0.0169, 0.6488, 0.041, 0.0722], [0.08, 0.0384, 0.0321, 0.0406, 0.685, 0.0586, 0.0652], [0.0181, 0.0443, 0.0682, 0.0378, 0.7161, 0.0541, 0.0614], [0.0707, 0.0628, 0.0661, 0.0132, 0.6232, 0.0754, 0.0885], [0.0734, 0.0229, 0.0172, 0.0728, 0.7419, 0.0351, 0.0367], [0.0416, 0.0662, 0.0462, 0.0958, 0.691, 0.0315, 0.0278], [0.0234, 0.0526, 0.044, 0.0714, 0.693, 0.0429, 0.0727], [0.0371, 0.0316, 0.0613, 0.065, 0.737, 0.0438, 0.0242], [0.0584, 0.0372, 0.0452, 0.0983, 0.705, 0.0256, 0.0304], [0.0672, 0.015, 0.0569, 0.0576, 0.707, 0.0723, 0.0239], [0.0388, 0.0556, 0.0574, 0.0757, 0.6675, 0.0217, 0.0833], [0.0333, 0.0452, 0.0641, 0.0691, 0.7043, 0.0209, 0.0633], [0.0596, 0.0698, 0.0823, 0.0482, 0.6221, 0.0377, 0.0803], [0.0524, 0.0567, 0.0358, 0.0453, 0.6881, 0.0737, 0.048], [0.07, 0.0522, 0.0474, 0.0714, 0.6134, 0.0577, 0.0878], [0.0411, 0.0581, 0.0351, 0.0567, 0.7013, 0.0652, 0.0425], [0.0521, 0.0674, 0.0165, 0.0219, 0.7309, 0.0593, 0.0519], [0.0439, 0.0192, 0.0261, 0.0138, 0.7846, 0.09, 0.0225], [0.0237, 0.0639, 0.0889, 0.0199, 0.6573, 0.064, 0.0823], [0.0393, 0.0661, 0.0209, 0.072, 0.7224, 0.0587, 0.0206], [0.052, 0.0693, 0.0392, 0.0319, 0.7221, 0.0433, 0.0422], [0.0235, 0.054, 0.0537, 0.0819, 0.692, 0.0671, 0.028], [0.0482, 0.0255, 0.0777, 0.0426, 0.7675, 0.0199, 0.0185]], "emotions": ["red", "red", "red", "red", "red", "red", "red", "red", "red", "red", "red", "red", "red", "red", "red", "red", "red", "red", "red", "red", "red", "red", "red", "red", "red", "red", "red", "red", "red", "red", "red", "red", "red", "red", "red", "red", "red", "red", "red", "red", "red", "red", "red", "red", "red", "red", "red", "red", "red", "red", "red", "red", "red", "red", "red", "red", "red", "red", "red", "red", "red", "red", "red", "red", "red", "red", "red", "red", "red", "red", "red", "red", "red", "red", "red", "red", "red", "red", "red", "red"], "timestamps": [0, 40, 80, 120, 160, 200, 240, 280, 320, 360, 400, 440, 480, 520, 560, 600, 640, 680, 720, 760, 800, 840, 880, 920, 960, 1000, 1040, 1080, 1120, 1160, 1200, 1240, 1280, 1320, 1360, 1400, 1440, 1480, 1520, 1560, 1600, 1640, 1680, 1720, 1760, 1800, 1840, 1880, 1920, 1960, 2000, 2040, 2080, 2120, 2160, 2200, 2240, 2280, 2320, 2360, 2400, 2440, 2480, 2520, 2560, 2600, 2640, 2680, 2720, 2760, 2800, 2840, 2880, 2920, 2960, 3000, 3040, 3080, 3120, 3160]}], "conversation": [], "conversation_timestamps": []}