{"agent_id": "agent-purple-1929", "type": "purple", "trips": [{"trip_id": 0, "transport_method": "bicycle", "start_time": 0, "path": [[1.5351282, 42.5067792], [1.5352293, 42.5068051], [1.5353297, 42.5068323], [1.5353959, 42.5069127], [1.5354546, 42.5069991], [1.5355127, 42.5070858], [1.5355642, 42.5071764], [1.5356023, 42.5072735], [1.5356117, 42.5073772], [1.5356182, 42.5074802], [1.5356411, 42.5075821], [1.5356641, 42.507684], [1.5356271, 42.5077767], [1.5355676, 42.5078594], [1.535555, 42.507963], [1.5355424, 42.5080667], [1.5355299, 42.5081704], [1.5355173, 42.508274], [1.5355047, 42.5083777], [1.5355152, 42.5084797], [1.5355419, 42.5085807], [1.5355155, 42.5086797], [1.5354815, 42.5087784], [1.5354476, 42.5088772], [1.5354137, 42.5089759], [1.5353797, 42.5090747], [1.5353458, 42.5091734], [1.535327, 42.5092756], [1.5353147, 42.5093793], [1.5353024, 42.509483], [1.5352902, 42.5095867], [1.5352779, 42.5096904], [1.5352656, 42.5097941], [1.5352521, 42.5098975], [1.5352165, 42.5099957], [1.535181, 42.5100939], [1.5351647, 42.5101967], [1.5351519, 42.5103003], [1.535139, 42.5104039], [1.5351262, 42.5105075], [1.5350907, 42.5106036], [1.5350363, 42.5106928], [1.5349819, 42.5107819], [1.5349168, 42.5108613], [1.5348333, 42.510924], [1.5347498, 42.5109868], [1.5346664, 42.5110495], [1.5345829, 42.5111122], [1.5344994, 42.511175], [1.534416, 42.5112377], [1.5343325, 42.5113004], [1.5342626, 42.5113631], [1.5343476, 42.5114237], [1.5344336, 42.5114829], [1.5345196, 42.5115421], [1.5346057, 42.5116013], [1.5346917, 42.5116605], [1.5347777, 42.5117197], [1.5348644, 42.5117777], [1.5349552, 42.5118292], [1.5350461, 42.5118808], [1.5351369, 42.5119323], [1.5352277, 42.5119838], [1.5353185, 42.5120354], [1.5354093, 42.5120869], [1.5354924, 42.5121444], [1.5355195, 42.5122452], [1.535533, 42.5123482], [1.5355169, 42.5124503], [1.5354756, 42.5125458], [1.5354799, 42.5126408], [1.5355769, 42.5126733], [1.5356788, 42.5126553], [1.5357784, 42.512635], [1.5358729, 42.5126794], [1.5359706, 42.5127163], [1.5360233, 42.512799], [1.5360613, 42.5128951], [1.5360613, 42.5129992], [1.5361208, 42.5130775]], "mood_vectors": [[0.06, 0.0177, 0.079, 0.0353, 0.0702, 0.663, 0.0748], [0.0375, 0.0271, 0.0579, 0.0807, 0.0362, 0.6691, 0.0916], [0.0427, 0.0632, 0.0371, 0.0271, 0.0673, 0.7065, 0.0561], [0.058, 0.0531, 0.0913, 0.0746, 0.0232, 0.6722, 0.0277], [0.0757, 0.0353, 0.0394, 0.0579, 0.0554, 0.702, 0.0344], [0.0595, 0.0626, 0.0436, 0.0403, 0.0535, 0.6979, 0.0425], [0.0449, 0.0394, 0.0573, 0.0549, 0.0484, 0.7051, 0.05], [0.0764, 0.0499, 0.0347, 0.0152, 0.0334, 0.7167, 0.0736], [0.0384, 0.0649, 0.0219, 0.0675, 0.0418, 0.7106, 0.0549], [0.0738, 0.0321, 0.0317, 0.0408, 0.0772, 0.6867, 0.0576], [0.0764, 0.0741, 0.071, 0.0409, 0.0178, 0.6799, 0.0399], [0.0234, 0.0594, 0.0812, 0.0686, 0.035, 0.6757, 0.0567], [0.021, 0.042, 0.0354, 0.0275, 0.0414, 0.7484, 0.0842], [0.0235, 0.0289, 0.0401, 0.079, 0.0426, 0.7231, 0.0629], [0.0217, 0.0465, 0.053, 0.0438, 0.0242, 0.7748, 0.0361], [0.0682, 0.0447, 0.0436, 0.048, 0.0769, 0.6528, 0.0658], [0.0458, 0.0205, 0.0251, 0.05, 0.0616, 0.7503, 0.0468], [0.0345, 0.0816, 0.0272, 0.0803, 0.0666, 0.6595, 0.0503], [0.074, 0.058, 0.0388, 0.0748, 0.0476, 0.6652, 0.0415], [0.0537, 0.0724, 0.0285, 0.0525, 0.0245, 0.7383, 0.0301], [0.0909, 0.072, 0.0277, 0.0321, 0.0562, 0.6362, 0.0849], [0.0859, 0.0603, 0.075, 0.0647, 0.0322, 0.6118, 0.0701], [0.0369, 0.0696, 0.0592, 0.0157, 0.052, 0.6939, 0.0727], [0.0409, 0.0317, 0.0177, 0.0706, 0.0482, 0.7123, 0.0785], [0.0155, 0.058, 0.0198, 0.0238, 0.0215, 0.791, 0.0704], [0.0232, 0.0391, 0.098, 0.0284, 0.0181, 0.739, 0.0541], [0.0295, 0.0185, 0.0699, 0.0466, 0.0176, 0.7618, 0.0562], [0.0342, 0.0252, 0.0646, 0.0892, 0.0577, 0.7135, 0.0156], [0.0187, 0.0514, 0.0612, 0.0858, 0.0351, 0.7325, 0.0153], [0.0362, 0.0131, 0.0406, 0.0227, 0.0539, 0.7932, 0.0404], [0.0433, 0.0616, 0.0161, 0.0722, 0.0687, 0.6671, 0.0709], [0.0654, 0.0497, 0.0234, 0.0841, 0.0242, 0.7133, 0.04], [0.0438, 0.0509, 0.0643, 0.0523, 0.0664, 0.6679, 0.0544], [0.072, 0.0847, 0.0483, 0.0441, 0.0213, 0.6715, 0.0581], [0.0561, 0.0328, 0.0827, 0.0707, 0.063, 0.6518, 0.0429], [0.0524, 0.0703, 0.0333, 0.0125, 0.0756, 0.685, 0.071], [0.045, 0.0631, 0.0761, 0.0184, 0.0253, 0.7378, 0.0343], [0.0469, 0.0211, 0.0714, 0.0506, 0.0435, 0.7071, 0.0593], [0.0493, 0.0213, 0.0518, 0.0496, 0.0664, 0.7326, 0.0292], [0.091, 0.0397, 0.0256, 0.031, 0.0497, 0.7087, 0.0543], [0.054, 0.0326, 0.047, 0.0538, 0.0272, 0.7167, 0.0687], [0.0853, 0.0165, 0.0838, 0.0633, 0.0695, 0.6179, 0.0637], [0.0566, 0.0283, 0.0585, 0.0314, 0.058, 0.7014, 0.0658], [0.0167, 0.0375, 0.0663, 0.0706, 0.0283, 0.7619, 0.0187], [0.0829, 0.0699, 0.0759, 0.0643, 0.0166, 0.6139, 0.0765], [0.0534, 0.0257, 0.0579, 0.0363, 0.0502, 0.7283, 0.0482], [0.0892, 0.0626, 0.0582, 0.0877, 0.0567, 0.6293, 0.0163], [0.0609, 0.0673, 0.0443, 0.0508, 0.019, 0.6808, 0.0769], [0.0397, 0.0111, 0.0608, 0.0713, 0.0323, 0.7714, 0.0133], [0.0721, 0.0289, 0.0464, 0.0411, 0.0496, 0.7043, 0.0576], [0.0722, 0.0645, 0.0664, 0.0401, 0.0382, 0.696, 0.0226], [0.0876, 0.0865, 0.0338, 0.0338, 0.079, 0.6271, 0.0522], [0.0391, 0.0251, 0.0248, 0.0631, 0.0831, 0.7139, 0.0508], [0.0516, 0.0681, 0.0357, 0.0873, 0.037, 0.6705, 0.0499], [0.0178, 0.0369, 0.0768, 0.0171, 0.0151, 0.7987, 0.0376], [0.0805, 0.028, 0.0498, 0.0202, 0.0232, 0.7233, 0.075], [0.0319, 0.0426, 0.0766, 0.0289, 0.0285, 0.7486, 0.043], [0.0669, 0.066, 0.0661, 0.0741, 0.0659, 0.5903, 0.0707], [0.0445, 0.0801, 0.0709, 0.0251, 0.0503, 0.6617, 0.0673], [0.0683, 0.0391, 0.0632, 0.0551, 0.0577, 0.685, 0.0315], [0.035, 0.0121, 0.0769, 0.0545, 0.0135, 0.7941, 0.014], [0.064, 0.0384, 0.0554, 0.0221, 0.0527, 0.7478, 0.0195], [0.0595, 0.0399, 0.0501, 0.0661, 0.0239, 0.7436, 0.017], [0.0379, 0.0406, 0.0809, 0.012, 0.0737, 0.715, 0.0399], [0.0641, 0.0512, 0.0129, 0.0587, 0.0219, 0.7663, 0.025], [0.0502, 0.0514, 0.0342, 0.0355, 0.0549, 0.7423, 0.0314], [0.0255, 0.0675, 0.0272, 0.0666, 0.0556, 0.7198, 0.0378], [0.0178, 0.0249, 0.0234, 0.0755, 0.0225, 0.8108, 0.0251], [0.0535, 0.0201, 0.0333, 0.0816, 0.0174, 0.7725, 0.0218], [0.0377, 0.0201, 0.034, 0.0393, 0.0149, 0.8242, 0.0297], [0.02, 0.043, 0.0922, 0.0228, 0.029, 0.7336, 0.0595], [0.0851, 0.0309, 0.0587, 0.0687, 0.0408, 0.6443, 0.0716], [0.0377, 0.0533, 0.0473, 0.0202, 0.0726, 0.7108, 0.0581], [0.0708, 0.0708, 0.0551, 0.0202, 0.0184, 0.6996, 0.0651], [0.0229, 0.0542, 0.0285, 0.0632, 0.0635, 0.7323, 0.0354], [0.0331, 0.0287, 0.0745, 0.0324, 0.0843, 0.6929, 0.054], [0.07, 0.0824, 0.0355, 0.0504, 0.0508, 0.6313, 0.0795], [0.0422, 0.0154, 0.0483, 0.0756, 0.0145, 0.7456, 0.0585], [0.058, 0.0753, 0.0481, 0.0576, 0.0406, 0.6317, 0.0887], [0.0585, 0.068, 0.0573, 0.0168, 0.0389, 0.6939, 0.0667]], "emotions": ["purple", "purple", "purple", "purple", "purple", "purple", "purple", "purple", "purple", "purple", "purple", "purple", "purple", "purple", "purple", "purple", "purple", "purple", "purple", "purple", "purple", "purple", "purple", "purple", "purple", "purple", "purple", "purple", "purple", "purple", "purple", "purple", "purple", "purple", "purple", "purple", "purple", "purple", "purple", "purple", "purple", "purple", "purple", "purple", "purple", "purple", "purple", "purple", "purple", "purple", "purple", "purple", "purple", "purple", "purple", "purple", "purple", "purple", "purple", "purple", "purple", "purple", "purple", "purple", "purple", "purple", "purple", "purple", "purple", "purple", "purple", "purple", "purple", "purple", "purple", "purple", "purple", "purple", "purple", "purple"], "timestamps": [0, 40, 80, 120, 160, 200, 240, 280, 320, 360, 400, 440, 480, 520, 560, 600, 640, 680, 720, 760, 800, 840, 880, 920, 960, 1000, 1040, 1080, 1120, 1160, 1200, 1240, 1280, 1320, 1360, 1400, 1440, 1480, 1520, 1560, 1600, 1640, 1680, 1720, 1760, 1800, 1840, 1880, 1920, 1960, 2000, 2040, 2080, 2120, 2160, 2200, 2240, 2280, 2320, 2360, 2400, 2440, 2480, 2520, 2560, 2600, 2640, 2680, 2720, 2760, 2800, 2840, 2880, 2920, 2960, 3000, 3040, 3080, 3120, 3160]}], "conversation": [], "conversation_timestamps": []}