{"agent_id": "agent-blue-1085", "type": "blue", "trips": [{"trip_id": 0, "transport_method": "car", "start_time": 0, "path": [[1.5407249, 42.5108613], [1.5407699, 42.5108401], [1.5408148, 42.5108188], [1.5408598, 42.5107976], [1.5409048, 42.5107763], [1.5409504, 42.5107566], [1.5409971, 42.5107395], [1.5410439, 42.5107225], [1.5410906, 42.5107055], [1.5411385, 42.5106936], [1.5411868, 42.5106999], [1.5412227, 42.5107319], [1.5412411, 42.5107775], [1.5412446, 42.5108264], [1.5412329, 42.5108739], [1.5412083, 42.5109171], [1.5411804, 42.5109583], [1.5411526, 42.5109995], [1.5411248, 42.5110407], [1.5410942, 42.5110798], [1.5410598, 42.5111157], [1.5410227, 42.5111487], [1.5409855, 42.5111818], [1.5409484, 42.5112149], [1.5409102, 42.5112468], [1.5408716, 42.5112781], [1.5408329, 42.5113094], [1.5407938, 42.5113401], [1.5407542, 42.5113703], [1.5407147, 42.5114004], [1.5406751, 42.5114305], [1.5406363, 42.5114615], [1.5406021, 42.5114976], [1.5405761, 42.5115399], [1.5405627, 42.5115873], [1.5405627, 42.511637], [1.5405627, 42.5116867], [1.5405627, 42.5117365], [1.5405384, 42.5117783], [1.5405359, 42.511785], [1.5405846, 42.511775], [1.5406333, 42.511765], [1.540682, 42.511755], [1.5407307, 42.511745], [1.5407795, 42.5117349], [1.5408282, 42.5117249], [1.5408769, 42.5117149], [1.5409256, 42.5117049], [1.5409743, 42.5116949], [1.541023, 42.5116849], [1.5410713, 42.511673], [1.5411195, 42.5116611], [1.5411685, 42.5116524], [1.5412179, 42.5116473], [1.5412676, 42.511645], [1.5413173, 42.5116439], [1.5413671, 42.5116429], [1.5414168, 42.5116418], [1.5414664, 42.5116389], [1.5415146, 42.511627], [1.5415605, 42.5116079], [1.5416025, 42.5115815], [1.5416433, 42.5115531], [1.5416841, 42.5115246], [1.5417248, 42.5114961], [1.5417582, 42.5114593], [1.5417824, 42.5114164], [1.5417942, 42.5113684], [1.5417982, 42.511319], [1.5417983, 42.5112693], [1.5417985, 42.5112195], [1.5417986, 42.5111698], [1.5417988, 42.51112], [1.541799, 42.5110703], [1.5418004, 42.5110206], [1.5418068, 42.5109713], [1.5418243, 42.5109259], [1.5418505, 42.5108836], [1.5418767, 42.5108413], [1.5419029, 42.510799]], "mood_vectors": [[0.0443, 0.0583, 0.0155, 0.6889, 0.0586, 0.0553, 0.079], [0.0241, 0.0346, 0.0372, 0.7512, 0.0537, 0.066, 0.0332], [0.0283, 0.0266, 0.0797, 0.7384, 0.05, 0.027, 0.0499], [0.0528, 0.0156, 0.0356, 0.7222, 0.073, 0.0541, 0.0467], [0.0269, 0.0531, 0.0634, 0.7514, 0.0547, 0.0125, 0.038], [0.0901, 0.034, 0.058, 0.643, 0.072, 0.0594, 0.0434], [0.0566, 0.0313, 0.0449, 0.7534, 0.0204, 0.0212, 0.0723], [0.0461, 0.0387, 0.062, 0.7422, 0.0599, 0.0151, 0.0361], [0.0346, 0.0449, 0.0251, 0.7944, 0.0474, 0.0228, 0.0309], [0.0179, 0.0753, 0.0423, 0.7603, 0.04, 0.0367, 0.0274], [0.025, 0.0137, 0.0681, 0.7425, 0.0606, 0.0757, 0.0145], [0.0668, 0.0836, 0.0351, 0.6609, 0.0639, 0.0308, 0.0588], [0.0198, 0.0372, 0.0154, 0.786, 0.0387, 0.0383, 0.0647], [0.015, 0.0673, 0.0551, 0.7507, 0.0711, 0.0154, 0.0254], [0.0589, 0.013, 0.0348, 0.7732, 0.0133, 0.0272, 0.0796], [0.0693, 0.0262, 0.0747, 0.6427, 0.0419, 0.0704, 0.0749], [0.0808, 0.016, 0.0463, 0.753, 0.0361, 0.039, 0.0287], [0.0471, 0.0446, 0.0548, 0.7269, 0.0443, 0.0119, 0.0704], [0.0764, 0.0303, 0.0285, 0.7013, 0.0795, 0.0429, 0.0411], [0.0701, 0.0585, 0.0853, 0.6267, 0.0134, 0.0679, 0.0781], [0.0178, 0.0499, 0.065, 0.7363, 0.0553, 0.0422, 0.0335], [0.0444, 0.0344, 0.0854, 0.6863, 0.0184, 0.0391, 0.0921], [0.0871, 0.0408, 0.0656, 0.6452, 0.0623, 0.0716, 0.0273], [0.0364, 0.0239, 0.0895, 0.7302, 0.0478, 0.0219, 0.0503], [0.0733, 0.078, 0.0193, 0.69, 0.0479, 0.0447, 0.0468], [0.023, 0.0129, 0.0443, 0.7436, 0.0339, 0.0655, 0.0768], [0.0198, 0.0898, 0.0468, 0.6278, 0.088, 0.044, 0.0837], [0.0647, 0.0573, 0.0208, 0.7698, 0.0346, 0.0243, 0.0285], [0.0357, 0.0403, 0.074, 0.6859, 0.0387, 0.0636, 0.0618], [0.0648, 0.0466, 0.0211, 0.7086, 0.0639, 0.0475, 0.0475], [0.0594, 0.08, 0.0235, 0.679, 0.0484, 0.0544, 0.0554], [0.0238, 0.0206, 0.0191, 0.7768, 0.0583, 0.0267, 0.0747], [0.0145, 0.0712, 0.0169, 0.6876, 0.0788, 0.079, 0.0519], [0.0578, 0.0174, 0.056, 0.7501, 0.0181, 0.0586, 0.0419], [0.0454, 0.0747, 0.0591, 0.6931, 0.0435, 0.0365, 0.0478], [0.0472, 0.0696, 0.0806, 0.6646, 0.0511, 0.0672, 0.0197], [0.0338, 0.061, 0.0408, 0.6828, 0.074, 0.0509, 0.0567], [0.0172, 0.0704, 0.0752, 0.6803, 0.0661, 0.0178, 0.073], [0.0858, 0.0157, 0.0789, 0.601, 0.0818, 0.0481, 0.0887], [0.0617, 0.0579, 0.0873, 0.6618, 0.0622, 0.0402, 0.0289], [0.0274, 0.0287, 0.0829, 0.6676, 0.0886, 0.0566, 0.0482], [0.0719, 0.0736, 0.0407, 0.6355, 0.0439, 0.0621, 0.0722], [0.0508, 0.0679, 0.0716, 0.7116, 0.0625, 0.0167, 0.0189], [0.0366, 0.0122, 0.017, 0.8218, 0.0257, 0.0356, 0.0511], [0.019, 0.0298, 0.0364, 0.8076, 0.0366, 0.015, 0.0557], [0.0781, 0.0323, 0.0205, 0.7082, 0.0555, 0.0488, 0.0568], [0.0273, 0.0316, 0.075, 0.7682, 0.0611, 0.0203, 0.0166], [0.0822, 0.0665, 0.0129, 0.7008, 0.073, 0.0302, 0.0343], [0.0491, 0.0357, 0.0696, 0.7193, 0.0398, 0.0372, 0.0492], [0.0347, 0.0295, 0.0312, 0.7232, 0.0498, 0.0626, 0.0689], [0.0748, 0.0237, 0.0307, 0.7401, 0.0268, 0.0558, 0.0481], [0.0496, 0.0314, 0.0595, 0.7502, 0.0389, 0.058, 0.0123], [0.0597, 0.0821, 0.0369, 0.6782, 0.0222, 0.0482, 0.0727], [0.0401, 0.0187, 0.0373, 0.7187, 0.0681, 0.0467, 0.0704], [0.0145, 0.0447, 0.0597, 0.7061, 0.0704, 0.0648, 0.0399], [0.0331, 0.0501, 0.042, 0.7669, 0.0219, 0.0541, 0.0319], [0.0195, 0.0787, 0.0231, 0.6545, 0.0888, 0.0411, 0.0944], [0.0266, 0.0489, 0.0249, 0.743, 0.0507, 0.0196, 0.0862], [0.0492, 0.0478, 0.0304, 0.7039, 0.0545, 0.067, 0.0472], [0.0717, 0.0324, 0.068, 0.6354, 0.0874, 0.0689, 0.0363], [0.0714, 0.0871, 0.0653, 0.6022, 0.0344, 0.061, 0.0786], [0.0435, 0.0206, 0.0387, 0.8414, 0.0274, 0.0128, 0.0156], [0.0774, 0.0693, 0.0511, 0.58, 0.0748, 0.0639, 0.0836], [0.0396, 0.0232, 0.0144, 0.7749, 0.0639, 0.0216, 0.0625], [0.0235, 0.0296, 0.0231, 0.7438, 0.0581, 0.0907, 0.0312], [0.0241, 0.0602, 0.0634, 0.7003, 0.0655, 0.0214, 0.0649], [0.0229, 0.0136, 0.0438, 0.7315, 0.0719, 0.0773, 0.039], [0.0697, 0.0369, 0.0205, 0.7532, 0.0278, 0.0219, 0.0702], [0.0922, 0.0297, 0.0395, 0.7479, 0.0546, 0.0143, 0.0217], [0.0633, 0.0785, 0.0912, 0.7108, 0.0202, 0.0155, 0.0205], [0.0767, 0.0187, 0.046, 0.7223, 0.0491, 0.044, 0.0432], [0.0364, 0.0836, 0.0231, 0.7099, 0.0891, 0.041, 0.0169], [0.0295, 0.0466, 0.013, 0.776, 0.0167, 0.0755, 0.0427], [0.0133, 0.0739, 0.0135, 0.7363, 0.0478, 0.0409, 0.0743], [0.0157, 0.0893, 0.0524, 0.6934, 0.0223, 0.046, 0.0809], [0.0717, 0.0204, 0.0147, 0.7613, 0.0712, 0.028, 0.0327], [0.0695, 0.0655, 0.0476, 0.7123, 0.0184, 0.0331, 0.0536], [0.0275, 0.0286, 0.0768, 0.7469, 0.0392, 0.0485, 0.0324], [0.0469, 0.0588, 0.0295, 0.7622, 0.0171, 0.012, 0.0736], [0.0543, 0.0716, 0.0419, 0.6838, 0.0648, 0.0336, 0.05]], "emotions": ["green", "green", "green", "green", "green", "green", "green", "green", "green", "green", "green", "green", "green", "green", "green", "green", "green", "green", "green", "green", "green", "green", "green", "green", "green", "green", "green", "green", "green", "green", "green", "green", "green", "green", "green", "green", "green", "green", "green", "green", "green", "green", "green", "green", "green", "green", "green", "green", "green", "green", "green", "green", "green", "green", "green", "green", "green", "green", "green", "green", "green", "green", "green", "green", "green", "green", "green", "green", "green", "green", "green", "green", "green", "green", "green", "green", "green", "green", "green", "green"], "timestamps": [0, 40, 80, 120, 160, 200, 240, 280, 320, 360, 400, 440, 480, 520, 560, 600, 640, 680, 720, 760, 800, 840, 880, 920, 960, 1000, 1040, 1080, 1120, 1160, 1200, 1240, 1280, 1320, 1360, 1400, 1440, 1480, 1520, 1560, 1600, 1640, 1680, 1720, 1760, 1800, 1840, 1880, 1920, 1960, 2000, 2040, 2080, 2120, 2160, 2200, 2240, 2280, 2320, 2360, 2400, 2440, 2480, 2520, 2560, 2600, 2640, 2680, 2720, 2760, 2800, 2840, 2880, 2920, 2960, 3000, 3040, 3080, 3120, 3160]}], "conversation": [], "conversation_timestamps": []}