{"agent_id": "agent-green-242", "type": "green", "trips": [{"trip_id": 0, "transport_method": "bicycle", "start_time": 0, "path": [[1.5251566, 42.5053382], [1.5250518, 42.505324], [1.524947, 42.5053097], [1.5248422, 42.5052955], [1.5247374, 42.5052813], [1.5246325, 42.5052671], [1.524627, 42.5052751], [1.5247278, 42.5053069], [1.5248287, 42.5053388], [1.5249295, 42.5053706], [1.5250304, 42.5054025], [1.5249801, 42.5054674], [1.5250282, 42.5055456], [1.525098, 42.5056251], [1.5251678, 42.5057045], [1.5252084, 42.5057999], [1.5252376, 42.5059016], [1.5252669, 42.5060032], [1.5252961, 42.5061049], [1.5253253, 42.5062065], [1.5253316, 42.5063076], [1.5252969, 42.5064075], [1.5252637, 42.5065078], [1.5252415, 42.5066112], [1.5252192, 42.5067146], [1.5251969, 42.506818], [1.5251747, 42.5069214], [1.5251524, 42.5070249], [1.5250785, 42.5070222], [1.5249833, 42.506976], [1.5248882, 42.5069298], [1.524793, 42.5068836], [1.5246938, 42.5068598], [1.5245884, 42.5068692], [1.524483, 42.5068786], [1.5243777, 42.5068879], [1.5242723, 42.5068973], [1.5241691, 42.5068814], [1.5240668, 42.5068546], [1.5239645, 42.5068277], [1.5238622, 42.5068009], [1.5237598, 42.5067741], [1.5236575, 42.5067473], [1.5235552, 42.5067204], [1.5234529, 42.5066936], [1.5233503, 42.506668], [1.5232462, 42.5066496], [1.523142, 42.5066312], [1.5230379, 42.5066128], [1.5229337, 42.5065944], [1.5228295, 42.5065759], [1.5227274, 42.5065492], [1.5226262, 42.5065184], [1.522525, 42.5064876], [1.5224238, 42.5064568], [1.5223226, 42.506426], [1.5222215, 42.5063952], [1.5221203, 42.5063644], [1.5220191, 42.5063335], [1.5219179, 42.5063027], [1.5218167, 42.5062719], [1.5217375, 42.5062824], [1.5217067, 42.5063835], [1.5216759, 42.5064847], [1.5216451, 42.5065859], [1.5216468, 42.5066762], [1.5217418, 42.5067202], [1.5218405, 42.5067582], [1.5219392, 42.5067961], [1.522038, 42.5068341], [1.5221374, 42.5068507], [1.5222383, 42.5068192], [1.522298, 42.506815], [1.5222298, 42.5068958], [1.5221616, 42.5069767], [1.5220926, 42.5070568], [1.5220157, 42.5071294], [1.5219388, 42.507202], [1.5218619, 42.5072746], [1.521785, 42.5073472]], "mood_vectors": [[0.0436, 0.0318, 0.0826, 0.0781, 0.0813, 0.0242, 0.6583], [0.0852, 0.0821, 0.0875, 0.0177, 0.0681, 0.0746, 0.5847], [0.0196, 0.0659, 0.0688, 0.0879, 0.0244, 0.0686, 0.6646], [0.0732, 0.077, 0.0464, 0.0227, 0.0848, 0.0431, 0.6527], [0.0266, 0.0361, 0.0585, 0.0753, 0.0612, 0.0544, 0.688], [0.0539, 0.0651, 0.0561, 0.0472, 0.0341, 0.0481, 0.6955], [0.0649, 0.0585, 0.0235, 0.0205, 0.0335, 0.0276, 0.7715], [0.0709, 0.0242, 0.051, 0.0601, 0.0681, 0.037, 0.6887], [0.0198, 0.0324, 0.0135, 0.0642, 0.0672, 0.0137, 0.7893], [0.0454, 0.0625, 0.0234, 0.0192, 0.0365, 0.0474, 0.7656], [0.053, 0.0727, 0.0474, 0.0701, 0.034, 0.0449, 0.678], [0.0719, 0.0307, 0.073, 0.0734, 0.0747, 0.0388, 0.6375], [0.0614, 0.0358, 0.0658, 0.0586, 0.0624, 0.0702, 0.6459], [0.0351, 0.0286, 0.0238, 0.0238, 0.0739, 0.0262, 0.7886], [0.0343, 0.0627, 0.0755, 0.0159, 0.0761, 0.053, 0.6825], [0.0799, 0.0363, 0.058, 0.034, 0.0253, 0.0711, 0.6953], [0.0249, 0.0497, 0.0459, 0.0373, 0.0359, 0.0812, 0.725], [0.0688, 0.0204, 0.0519, 0.0612, 0.0693, 0.0206, 0.7077], [0.017, 0.0765, 0.0699, 0.0314, 0.0699, 0.0386, 0.6967], [0.0563, 0.0439, 0.0213, 0.0189, 0.0738, 0.0395, 0.7464], [0.0533, 0.0405, 0.05, 0.0455, 0.027, 0.0238, 0.76], [0.0245, 0.0678, 0.0346, 0.0885, 0.0234, 0.0857, 0.6756], [0.0159, 0.0228, 0.0434, 0.0181, 0.0303, 0.0256, 0.8439], [0.015, 0.078, 0.0549, 0.0522, 0.0708, 0.0468, 0.6825], [0.0666, 0.0416, 0.0699, 0.0312, 0.0698, 0.0866, 0.6344], [0.0611, 0.0658, 0.0466, 0.0169, 0.0783, 0.0252, 0.706], [0.0586, 0.0131, 0.0775, 0.078, 0.032, 0.0275, 0.7133], [0.0936, 0.0369, 0.0556, 0.0796, 0.0615, 0.0197, 0.6533], [0.0637, 0.0577, 0.0246, 0.071, 0.0526, 0.0394, 0.691], [0.0782, 0.0456, 0.0633, 0.0221, 0.0445, 0.0399, 0.7064], [0.0978, 0.0954, 0.0305, 0.0389, 0.0925, 0.029, 0.6159], [0.0217, 0.0657, 0.0366, 0.0344, 0.0253, 0.0472, 0.7692], [0.0192, 0.0707, 0.0181, 0.0794, 0.0233, 0.0147, 0.7747], [0.0482, 0.0186, 0.0213, 0.0578, 0.0687, 0.0264, 0.7591], [0.071, 0.0787, 0.0609, 0.0213, 0.0297, 0.0699, 0.6684], [0.0764, 0.0435, 0.0261, 0.0765, 0.0308, 0.0871, 0.6596], [0.0254, 0.0275, 0.0157, 0.0131, 0.0794, 0.0362, 0.8026], [0.0597, 0.0808, 0.0414, 0.0368, 0.0828, 0.0286, 0.6699], [0.0237, 0.0625, 0.0205, 0.0203, 0.0691, 0.0848, 0.719], [0.0509, 0.0362, 0.0209, 0.0669, 0.0336, 0.0559, 0.7357], [0.0207, 0.032, 0.0858, 0.0426, 0.0486, 0.0285, 0.7419], [0.0511, 0.0218, 0.0558, 0.0338, 0.0235, 0.0944, 0.7195], [0.0447, 0.0638, 0.087, 0.0258, 0.0705, 0.0173, 0.691], [0.0695, 0.0429, 0.0758, 0.0782, 0.063, 0.0554, 0.6151], [0.0612, 0.0295, 0.0604, 0.0312, 0.0623, 0.0436, 0.7118], [0.0148, 0.0758, 0.0199, 0.0269, 0.0611, 0.0689, 0.7325], [0.0274, 0.0134, 0.0604, 0.0676, 0.0222, 0.0752, 0.7338], [0.0201, 0.068, 0.0261, 0.0809, 0.0824, 0.0579, 0.6645], [0.0547, 0.0545, 0.0628, 0.0556, 0.0369, 0.0618, 0.6736], [0.0308, 0.0278, 0.0442, 0.0723, 0.0444, 0.0713, 0.7092], [0.0547, 0.051, 0.0123, 0.0399, 0.0762, 0.0738, 0.6922], [0.0283, 0.0327, 0.039, 0.0681, 0.0878, 0.0345, 0.7095], [0.0167, 0.0285, 0.0507, 0.0506, 0.0651, 0.031, 0.7574], [0.0796, 0.0281, 0.0819, 0.0707, 0.0505, 0.0252, 0.664], [0.0602, 0.05, 0.0651, 0.0823, 0.0698, 0.0731, 0.5996], [0.0875, 0.0314, 0.0469, 0.0161, 0.0324, 0.0242, 0.7615], [0.0269, 0.0368, 0.0932, 0.0763, 0.067, 0.0443, 0.6556], [0.0434, 0.035, 0.0652, 0.0413, 0.057, 0.0737, 0.6843], [0.0823, 0.0337, 0.038, 0.0441, 0.0665, 0.0577, 0.6779], [0.0772, 0.0793, 0.0403, 0.014, 0.0163, 0.0422, 0.7307], [0.0162, 0.0148, 0.0538, 0.0279, 0.0275, 0.0139, 0.8458], [0.07, 0.0171, 0.0539, 0.0726, 0.0544, 0.0312, 0.7007], [0.0127, 0.0185, 0.0249, 0.0733, 0.0612, 0.0791, 0.7303], [0.045, 0.0223, 0.0238, 0.0518, 0.0648, 0.064, 0.7282], [0.0607, 0.046, 0.023, 0.0344, 0.0241, 0.0636, 0.7481], [0.0898, 0.0819, 0.0404, 0.029, 0.0448, 0.0865, 0.6276], [0.0623, 0.0166, 0.0812, 0.0732, 0.0638, 0.0353, 0.6676], [0.0752, 0.0205, 0.0557, 0.0309, 0.0534, 0.0716, 0.6926], [0.0447, 0.0294, 0.0575, 0.0594, 0.0176, 0.0656, 0.7259], [0.0589, 0.0755, 0.0364, 0.0213, 0.0289, 0.0726, 0.7062], [0.0728, 0.0658, 0.0151, 0.0837, 0.0875, 0.0321, 0.643], [0.026, 0.0214, 0.0652, 0.0627, 0.0475, 0.0415, 0.7356], [0.0375, 0.0598, 0.0369, 0.0582, 0.0479, 0.0666, 0.693], [0.0843, 0.0638, 0.0514, 0.0527, 0.0409, 0.0336, 0.6733], [0.0345, 0.0521, 0.0445, 0.0657, 0.0249, 0.0366, 0.7417], [0.0224, 0.0616, 0.0283, 0.0336, 0.036, 0.035, 0.7831], [0.0674, 0.0795, 0.056, 0.0642, 0.0487, 0.0549, 0.6294], [0.0431, 0.0651, 0.0472, 0.0314, 0.0659, 0.092, 0.6553], [0.0543, 0.0665, 0.0659, 0.0409, 0.0172, 0.0402, 0.715], [0.0812, 0.0476, 0.0172, 0.0584, 0.0647, 0.0468, 0.684]], "emotions": ["purple", "purple", "purple", "purple", "purple", "purple", "purple", "purple", "purple", "purple", "purple", "purple", "purple", "purple", "purple", "purple", "purple", "purple", "purple", "purple", "purple", "purple", "purple", "purple", "purple", "purple", "purple", "purple", "purple", "purple", "purple", "purple", "purple", "purple", "purple", "purple", "purple", "purple", "purple", "purple", "purple", "purple", "purple", "purple", "purple", "purple", "purple", "purple", "purple", "purple", "purple", "purple", "purple", "purple", "purple", "purple", "purple", "purple", "purple", "purple", "purple", "purple", "purple", "purple", "purple", "purple", "purple", "purple", "purple", "purple", "purple", "purple", "purple", "purple", "purple", "purple", "purple", "purple", "purple", "purple"], "timestamps": [0, 40, 80, 120, 160, 200, 240, 280, 320, 360, 400, 440, 480, 520, 560, 600, 640, 680, 720, 760, 800, 840, 880, 920, 960, 1000, 1040, 1080, 1120, 1160, 1200, 1240, 1280, 1320, 1360, 1400, 1440, 1480, 1520, 1560, 1600, 1640, 1680, 1720, 1760, 1800, 1840, 1880, 1920, 1960, 2000, 2040, 2080, 2120, 2160, 2200, 2240, 2280, 2320, 2360, 2400, 2440, 2480, 2520, 2560, 2600, 2640, 2680, 2720, 2760, 2800, 2840, 2880, 2920, 2960, 3000, 3040, 3080, 3120, 3160]}], "conversation": [], "conversation_timestamps": []}