{"agent_id": "agent-purple-829", "type": "purple", "trips": [{"trip_id": 0, "transport_method": "foot", "start_time": 0, "path": [[1.5204231, 42.5062082], [1.5203825, 42.5062644], [1.5203972, 42.5063079], [1.5204581, 42.5063409], [1.5204995, 42.5063901], [1.5205205, 42.5064561], [1.5205414, 42.5065222], [1.5205624, 42.5065883], [1.5205941, 42.5066458], [1.5206536, 42.5066813], [1.5207131, 42.5067169], [1.5207726, 42.5067525], [1.5208321, 42.506788], [1.5208916, 42.5068236], [1.5209511, 42.5068591], [1.5210106, 42.5068947], [1.52107, 42.5069303], [1.5211295, 42.5069658], [1.521189, 42.5070014], [1.5212485, 42.5070369], [1.521308, 42.5070725], [1.5213675, 42.5071081], [1.521427, 42.5071436], [1.5214857, 42.5071802], [1.5215322, 42.5072312], [1.5215623, 42.5072844], [1.5216293, 42.5073005], [1.5216957, 42.5073204], [1.5217621, 42.5073403], [1.5218155, 42.5073808], [1.5218621, 42.5074321], [1.5219087, 42.5074834], [1.5219691, 42.5075096], [1.5220374, 42.5075213], [1.5221057, 42.507533], [1.522174, 42.5075447], [1.5222423, 42.5075564], [1.5223103, 42.5075534], [1.5223781, 42.5075389], [1.5224459, 42.5075245], [1.5225137, 42.50751], [1.5225739, 42.5075437], [1.522634, 42.5075782], [1.5226941, 42.5076127], [1.5227542, 42.5076473], [1.5228195, 42.5076678], [1.5228874, 42.5076813], [1.5229545, 42.5076989], [1.5230215, 42.5077164], [1.5230885, 42.507734], [1.5231556, 42.5077516], [1.5232226, 42.5077692], [1.5232897, 42.5077868], [1.5233567, 42.5078044], [1.523425, 42.5078083], [1.5234942, 42.5078035], [1.5235633, 42.5077987], [1.5236324, 42.5077939], [1.5237016, 42.5077891], [1.5237707, 42.5077843], [1.5238399, 42.5077795], [1.5239091, 42.5077758], [1.5239784, 42.5077743], [1.5240476, 42.5077729], [1.5241169, 42.5077723], [1.5241862, 42.5077742], [1.5242553, 42.5077793], [1.5243242, 42.5077867], [1.5243923, 42.5077997], [1.5244603, 42.5078128], [1.5245284, 42.5078259], [1.5245964, 42.507839], [1.5246376, 42.5078805], [1.5246543, 42.5079477], [1.524642, 42.5080116], [1.5246102, 42.5080732], [1.5245784, 42.5081348], [1.52455, 42.5081979], [1.52455, 42.5082658], [1.5245823, 42.5083257]], "mood_vectors": [[0.0717, 0.0132, 0.0222, 0.0673, 0.0131, 0.786, 0.0266], [0.0309, 0.0538, 0.0796, 0.0447, 0.0342, 0.6953, 0.0617], [0.0713, 0.0665, 0.019, 0.0553, 0.0235, 0.7132, 0.0514], [0.0412, 0.0419, 0.0813, 0.0714, 0.0172, 0.7332, 0.0137], [0.0586, 0.0286, 0.0691, 0.0474, 0.0692, 0.6602, 0.067], [0.035, 0.0701, 0.0696, 0.0633, 0.0572, 0.622, 0.0828], [0.0332, 0.0303, 0.0459, 0.0139, 0.0727, 0.7416, 0.0623], [0.0934, 0.0848, 0.0434, 0.0181, 0.022, 0.7068, 0.0315], [0.0462, 0.0686, 0.0664, 0.0622, 0.012, 0.728, 0.0167], [0.0491, 0.0633, 0.0573, 0.0571, 0.07, 0.6306, 0.0726], [0.0131, 0.0809, 0.06, 0.0415, 0.0694, 0.6617, 0.0734], [0.04, 0.0401, 0.0361, 0.0433, 0.0221, 0.7622, 0.0562], [0.0495, 0.0728, 0.0378, 0.0544, 0.0154, 0.7258, 0.0442], [0.064, 0.0733, 0.0384, 0.0149, 0.0643, 0.727, 0.0181], [0.033, 0.0648, 0.0694, 0.0728, 0.0759, 0.6273, 0.0568], [0.0939, 0.0346, 0.0786, 0.0349, 0.0636, 0.6417, 0.0527], [0.0747, 0.0323, 0.0639, 0.0701, 0.0484, 0.667, 0.0436], [0.0715, 0.071, 0.0253, 0.0441, 0.0348, 0.7407, 0.0128], [0.0245, 0.0139, 0.0125, 0.036, 0.0462, 0.8088, 0.0582], [0.0707, 0.0949, 0.0645, 0.0346, 0.0216, 0.6635, 0.0502], [0.0487, 0.0424, 0.0213, 0.0286, 0.0314, 0.7381, 0.0894], [0.0393, 0.0168, 0.0748, 0.0933, 0.0206, 0.7358, 0.0194], [0.0476, 0.0676, 0.051, 0.0657, 0.0396, 0.6704, 0.058], [0.0365, 0.0473, 0.066, 0.033, 0.0797, 0.7122, 0.0253], [0.0756, 0.0377, 0.0419, 0.0111, 0.0559, 0.742, 0.0358], [0.0529, 0.0161, 0.0788, 0.0254, 0.0314, 0.7247, 0.0707], [0.071, 0.065, 0.0286, 0.0765, 0.0278, 0.6879, 0.0432], [0.0363, 0.0747, 0.0581, 0.0361, 0.0252, 0.7447, 0.025], [0.0704, 0.0116, 0.0434, 0.0665, 0.0539, 0.6829, 0.0713], [0.0835, 0.0824, 0.0247, 0.0204, 0.0911, 0.6499, 0.0481], [0.0314, 0.0412, 0.0234, 0.0396, 0.0254, 0.772, 0.0671], [0.0303, 0.0204, 0.0453, 0.0645, 0.0363, 0.7646, 0.0384], [0.0778, 0.0651, 0.0181, 0.06, 0.0846, 0.6749, 0.0194], [0.0562, 0.0292, 0.0375, 0.0736, 0.0291, 0.6832, 0.0913], [0.0801, 0.0742, 0.0215, 0.0537, 0.063, 0.6793, 0.0283], [0.0459, 0.0323, 0.0197, 0.0246, 0.0868, 0.762, 0.0287], [0.0324, 0.0909, 0.0746, 0.0693, 0.0852, 0.6105, 0.0371], [0.0499, 0.0314, 0.07, 0.079, 0.0459, 0.6945, 0.0294], [0.0267, 0.0799, 0.0361, 0.0502, 0.0523, 0.7283, 0.0265], [0.0394, 0.0407, 0.0903, 0.0879, 0.0637, 0.6283, 0.0497], [0.0212, 0.0399, 0.0787, 0.0532, 0.0428, 0.7499, 0.0145], [0.0416, 0.0543, 0.0753, 0.0161, 0.0565, 0.6775, 0.0787], [0.054, 0.0704, 0.048, 0.0645, 0.0633, 0.6518, 0.0481], [0.0361, 0.0433, 0.0384, 0.0333, 0.0715, 0.7112, 0.0663], [0.0572, 0.0798, 0.0452, 0.0768, 0.0672, 0.6605, 0.0134], [0.0247, 0.0215, 0.0611, 0.0634, 0.0905, 0.6999, 0.039], [0.0456, 0.07, 0.0752, 0.0669, 0.0221, 0.6782, 0.042], [0.0614, 0.0392, 0.0728, 0.0141, 0.0312, 0.736, 0.0453], [0.0631, 0.0274, 0.0466, 0.0388, 0.0252, 0.7249, 0.074], [0.0483, 0.0283, 0.102, 0.0354, 0.0349, 0.702, 0.0492], [0.0736, 0.0689, 0.0442, 0.0547, 0.0201, 0.6836, 0.0549], [0.0674, 0.0723, 0.0168, 0.0638, 0.061, 0.6559, 0.0627], [0.0512, 0.0269, 0.0745, 0.0698, 0.0239, 0.732, 0.0217], [0.0865, 0.0703, 0.0285, 0.0776, 0.0844, 0.6382, 0.0146], [0.0681, 0.0469, 0.0307, 0.051, 0.0568, 0.6877, 0.0587], [0.0731, 0.0266, 0.0685, 0.0294, 0.0519, 0.7146, 0.0358], [0.0294, 0.0519, 0.0335, 0.0223, 0.0837, 0.7428, 0.0364], [0.0766, 0.0324, 0.0456, 0.0381, 0.0395, 0.6922, 0.0756], [0.0269, 0.0755, 0.05, 0.0729, 0.0365, 0.6885, 0.0496], [0.027, 0.0482, 0.046, 0.0387, 0.031, 0.7685, 0.0404], [0.0222, 0.0493, 0.0352, 0.0868, 0.0353, 0.689, 0.0823], [0.0609, 0.0267, 0.103, 0.0536, 0.1039, 0.6325, 0.0195], [0.0157, 0.0435, 0.024, 0.0832, 0.0325, 0.7439, 0.0572], [0.0366, 0.049, 0.0593, 0.0712, 0.059, 0.6718, 0.053], [0.0187, 0.057, 0.0216, 0.0593, 0.0138, 0.7479, 0.0816], [0.0733, 0.0564, 0.0514, 0.0803, 0.0667, 0.6179, 0.054], [0.0225, 0.0834, 0.0189, 0.0546, 0.0447, 0.697, 0.079], [0.0358, 0.0225, 0.0774, 0.0803, 0.0323, 0.6932, 0.0585], [0.0401, 0.0536, 0.0508, 0.0874, 0.0294, 0.6995, 0.0391], [0.0147, 0.0856, 0.0683, 0.0588, 0.0176, 0.7039, 0.0511], [0.0228, 0.0218, 0.0136, 0.0704, 0.0358, 0.8136, 0.022], [0.0806, 0.0287, 0.0254, 0.0563, 0.0744, 0.7181, 0.0165], [0.0414, 0.0496, 0.0785, 0.0187, 0.0463, 0.7205, 0.0449], [0.0651, 0.0617, 0.072, 0.0927, 0.0445, 0.6114, 0.0525], [0.0559, 0.03, 0.0389, 0.0772, 0.0235, 0.7519, 0.0225], [0.0414, 0.0457, 0.0668, 0.0632, 0.0318, 0.7146, 0.0366], [0.0507, 0.038, 0.0584, 0.0438, 0.0721, 0.6959, 0.0411], [0.0513, 0.0668, 0.0401, 0.044, 0.0807, 0.6558, 0.0614], [0.0153, 0.0436, 0.0619, 0.0648, 0.0483, 0.6792, 0.0869], [0.0328, 0.0393, 0.079, 0.0818, 0.0816, 0.6623, 0.0232]], "emotions": ["purple", "purple", "purple", "purple", "purple", "purple", "purple", "purple", "purple", "purple", "purple", "purple", "purple", "purple", "purple", "purple", "purple", "purple", "purple", "purple", "purple", "purple", "purple", "purple", "purple", "purple", "purple", "purple", "purple", "purple", "purple", "purple", "purple", "purple", "purple", "purple", "purple", "purple", "purple", "purple", "purple", "purple", "purple", "purple", "purple", "purple", "purple", "purple", "purple", "purple", "purple", "purple", "purple", "purple", "purple", "purple", "purple", "purple", "purple", "purple", "purple", "purple", "purple", "purple", "purple", "purple", "purple", "purple", "purple", "purple", "purple", "purple", "purple", "purple", "purple", "purple", "purple", "purple", "purple", "purple"], "timestamps": [0, 40, 80, 120, 160, 200, 240, 280, 320, 360, 400, 440, 480, 520, 560, 600, 640, 680, 720, 760, 800, 840, 880, 920, 960, 1000, 1040, 1080, 1120, 1160, 1200, 1240, 1280, 1320, 1360, 1400, 1440, 1480, 1520, 1560, 1600, 1640, 1680, 1720, 1760, 1800, 1840, 1880, 1920, 1960, 2000, 2040, 2080, 2120, 2160, 2200, 2240, 2280, 2320, 2360, 2400, 2440, 2480, 2520, 2560, 2600, 2640, 2680, 2720, 2760, 2800, 2840, 2880, 2920, 2960, 3000, 3040, 3080, 3120, 3160]}], "conversation": [], "conversation_timestamps": []}