{"agent_id": "agent-green-862", "type": "green", "trips": [{"trip_id": 0, "transport_method": "car", "start_time": 0, "path": [[1.5839657, 42.5349951], [1.5826972, 42.5351276], [1.5817254, 42.5342241], [1.5804935, 42.5339594], [1.5793812, 42.5346996], [1.5797815, 42.5356444], [1.5795713, 42.5367215], [1.5790812, 42.5377627], [1.5778935, 42.5376284], [1.577011, 42.5377531], [1.576602, 42.5382475], [1.5762524, 42.5388432], [1.5754939, 42.5392178], [1.5749247, 42.5397113], [1.574675, 42.540576], [1.5752518, 42.5414113], [1.5758847, 42.5421431], [1.5766484, 42.5428113], [1.5777503, 42.5434292], [1.5784374, 42.5441815], [1.5785596, 42.5449955], [1.5795521, 42.5456994], [1.579086, 42.5465401], [1.579909, 42.547512], [1.5802394, 42.5487721], [1.5801527, 42.5501188], [1.5795984, 42.5513402], [1.5789638, 42.5524914], [1.5778622, 42.5532564], [1.576604, 42.5537619], [1.5755174, 42.5545068], [1.574284, 42.5549549], [1.5738385, 42.5550845], [1.5750205, 42.5548245], [1.5736909, 42.5550944], [1.5723613, 42.5553643], [1.5715287, 42.5561093], [1.5702024, 42.5559125], [1.5688604, 42.5557294], [1.5675342, 42.5554594], [1.5662394, 42.5550576], [1.5649319, 42.5547338], [1.5636958, 42.5551323], [1.5628167, 42.5559148], [1.5638244, 42.5550708], [1.5632684, 42.5553873], [1.5622064, 42.5562093], [1.5615704, 42.5568011], [1.5628623, 42.5571967], [1.5628022, 42.5576254], [1.5614773, 42.5578857], [1.5601296, 42.5580065], [1.5587872, 42.5580875], [1.5574388, 42.5579675], [1.5560876, 42.5580541], [1.5547341, 42.5581122], [1.5540024, 42.5584227], [1.5553461, 42.5585383], [1.5566269, 42.5588141], [1.5553939, 42.5589854], [1.5542274, 42.559318], [1.5529766, 42.5588712], [1.5516324, 42.5587751], [1.5503234, 42.5585761], [1.54901, 42.5583058], [1.547662, 42.5582807], [1.5463288, 42.5582248], [1.54539, 42.5576287], [1.5445276, 42.5572223], [1.5432647, 42.5576901], [1.5419499, 42.557925], [1.541445, 42.5580244], [1.5401324, 42.5580962], [1.538898, 42.5575538], [1.5376307, 42.55734], [1.5369689, 42.5571448], [1.5356775, 42.5568596], [1.5344779, 42.5563657], [1.5332931, 42.5557342], [1.5324402, 42.5563821]], "mood_vectors": [[0.0433, 0.0314, 0.0335, 0.069, 0.0672, 0.0787, 0.6768], [0.0289, 0.048, 0.0173, 0.041, 0.013, 0.0618, 0.79], [0.0206, 0.0801, 0.064, 0.0787, 0.0342, 0.0411, 0.6814], [0.0719, 0.0604, 0.0121, 0.0651, 0.0696, 0.0368, 0.6841], [0.0359, 0.0204, 0.0241, 0.0589, 0.0496, 0.0261, 0.7849], [0.0456, 0.0409, 0.0436, 0.0517, 0.0676, 0.0584, 0.6923], [0.0781, 0.0798, 0.0738, 0.0232, 0.0381, 0.0168, 0.6902], [0.0637, 0.0623, 0.0803, 0.0521, 0.0769, 0.0496, 0.6152], [0.0552, 0.0281, 0.0223, 0.0433, 0.0742, 0.0425, 0.7344], [0.0476, 0.0467, 0.0298, 0.0617, 0.0307, 0.0415, 0.742], [0.0794, 0.04, 0.0646, 0.0783, 0.045, 0.0669, 0.6258], [0.0546, 0.0737, 0.0591, 0.0165, 0.045, 0.0697, 0.6813], [0.0622, 0.02, 0.0732, 0.0205, 0.0519, 0.0197, 0.7524], [0.0118, 0.0753, 0.0672, 0.0514, 0.0362, 0.0431, 0.7149], [0.0209, 0.0683, 0.0338, 0.0702, 0.0238, 0.079, 0.7041], [0.0516, 0.0674, 0.042, 0.0632, 0.0576, 0.0379, 0.6803], [0.059, 0.0696, 0.0493, 0.0645, 0.063, 0.0325, 0.6621], [0.0904, 0.017, 0.06, 0.0606, 0.0534, 0.0503, 0.6683], [0.0705, 0.0332, 0.0179, 0.0738, 0.0603, 0.0529, 0.6914], [0.0585, 0.0618, 0.0505, 0.0512, 0.0378, 0.0843, 0.6559], [0.0619, 0.0547, 0.0293, 0.0548, 0.0778, 0.0184, 0.703], [0.019, 0.0181, 0.0246, 0.0797, 0.0192, 0.0711, 0.7683], [0.0198, 0.0174, 0.0384, 0.0653, 0.0714, 0.0501, 0.7376], [0.0326, 0.0228, 0.0665, 0.0777, 0.0194, 0.0728, 0.7082], [0.038, 0.0407, 0.0521, 0.0976, 0.0267, 0.0254, 0.7195], [0.0254, 0.0348, 0.0964, 0.0612, 0.0325, 0.0871, 0.6626], [0.0445, 0.0541, 0.0801, 0.0189, 0.0801, 0.0173, 0.705], [0.0645, 0.0537, 0.0524, 0.0381, 0.0392, 0.0167, 0.7354], [0.0869, 0.0631, 0.0391, 0.0396, 0.0323, 0.0172, 0.7219], [0.0138, 0.0543, 0.0789, 0.0476, 0.0536, 0.083, 0.6689], [0.0419, 0.0674, 0.0125, 0.0696, 0.0532, 0.0117, 0.7436], [0.0575, 0.0711, 0.0692, 0.082, 0.0461, 0.0742, 0.5999], [0.0857, 0.0788, 0.0262, 0.0734, 0.0428, 0.0192, 0.6738], [0.0387, 0.0659, 0.0468, 0.0318, 0.0667, 0.0544, 0.6957], [0.0678, 0.0238, 0.0366, 0.0532, 0.0541, 0.0323, 0.7322], [0.0394, 0.0617, 0.0115, 0.0706, 0.0656, 0.0347, 0.7164], [0.0667, 0.0718, 0.0387, 0.0778, 0.0196, 0.0693, 0.6561], [0.0378, 0.0848, 0.0653, 0.0763, 0.0176, 0.0826, 0.6356], [0.0435, 0.0516, 0.0567, 0.066, 0.0482, 0.0509, 0.6831], [0.0622, 0.069, 0.0265, 0.0627, 0.0552, 0.0413, 0.6831], [0.026, 0.0357, 0.0486, 0.0541, 0.0184, 0.0567, 0.7604], [0.0482, 0.0808, 0.0861, 0.0854, 0.0661, 0.0735, 0.56], [0.0473, 0.0552, 0.0333, 0.0691, 0.0517, 0.0894, 0.6541], [0.0453, 0.079, 0.0593, 0.0756, 0.0268, 0.0544, 0.6597], [0.044, 0.0341, 0.0136, 0.0527, 0.0783, 0.0191, 0.7583], [0.0787, 0.0776, 0.0254, 0.0592, 0.0704, 0.0501, 0.6386], [0.0777, 0.0526, 0.0567, 0.073, 0.0691, 0.041, 0.6299], [0.0134, 0.0491, 0.0348, 0.0216, 0.0634, 0.0675, 0.7502], [0.0773, 0.0822, 0.0769, 0.0251, 0.057, 0.0393, 0.6423], [0.0432, 0.0123, 0.0607, 0.0386, 0.0274, 0.0708, 0.747], [0.0516, 0.1023, 0.0638, 0.0365, 0.0445, 0.0361, 0.6652], [0.0221, 0.0366, 0.0389, 0.0727, 0.1032, 0.0213, 0.7052], [0.0696, 0.0491, 0.0735, 0.0113, 0.0284, 0.0569, 0.7112], [0.0809, 0.0339, 0.085, 0.0431, 0.0498, 0.0671, 0.6402], [0.0507, 0.0558, 0.0802, 0.0701, 0.0678, 0.0429, 0.6324], [0.0352, 0.0602, 0.0355, 0.0405, 0.0341, 0.0475, 0.7469], [0.026, 0.0441, 0.0647, 0.051, 0.0588, 0.0584, 0.697], [0.084, 0.0356, 0.0615, 0.041, 0.0751, 0.0406, 0.6621], [0.0199, 0.0595, 0.0151, 0.0416, 0.0738, 0.0832, 0.7068], [0.0609, 0.07, 0.0821, 0.0542, 0.0739, 0.0588, 0.6001], [0.0744, 0.0456, 0.0535, 0.0568, 0.0622, 0.0543, 0.6532], [0.0357, 0.0528, 0.041, 0.0522, 0.0309, 0.0551, 0.7322], [0.0685, 0.0651, 0.0497, 0.0643, 0.0256, 0.0421, 0.6847], [0.0543, 0.0737, 0.0258, 0.0501, 0.0376, 0.038, 0.7206], [0.0767, 0.0526, 0.0362, 0.0726, 0.0607, 0.088, 0.6133], [0.0491, 0.0668, 0.0187, 0.0336, 0.02, 0.0822, 0.7295], [0.0497, 0.0491, 0.0743, 0.0615, 0.0263, 0.0187, 0.7204], [0.0753, 0.07, 0.0565, 0.0274, 0.0498, 0.0393, 0.6816], [0.0645, 0.029, 0.0669, 0.0233, 0.075, 0.0527, 0.6886], [0.0704, 0.0519, 0.0139, 0.0567, 0.0616, 0.0144, 0.7312], [0.0338, 0.0279, 0.0682, 0.0457, 0.0714, 0.0601, 0.693], [0.0713, 0.047, 0.0313, 0.0817, 0.0584, 0.0325, 0.6777], [0.0544, 0.0355, 0.0598, 0.0381, 0.0701, 0.0293, 0.7128], [0.0401, 0.0824, 0.0391, 0.0755, 0.0887, 0.0147, 0.6595], [0.0211, 0.0443, 0.0589, 0.0626, 0.0737, 0.0155, 0.724], [0.0433, 0.0559, 0.0787, 0.0198, 0.081, 0.0594, 0.662], [0.046, 0.032, 0.0502, 0.0316, 0.0708, 0.0292, 0.7401], [0.0811, 0.0269, 0.0311, 0.0667, 0.0505, 0.0543, 0.6894], [0.0676, 0.0622, 0.038, 0.0971, 0.0155, 0.0438, 0.6757], [0.083, 0.0479, 0.0505, 0.035, 0.049, 0.0194, 0.7151]], "emotions": ["purple", "purple", "purple", "purple", "purple", "purple", "purple", "purple", "purple", "purple", "purple", "purple", "purple", "purple", "purple", "purple", "purple", "purple", "purple", "purple", "purple", "purple", "purple", "purple", "purple", "purple", "purple", "purple", "purple", "purple", "purple", "purple", "purple", "purple", "purple", "purple", "purple", "purple", "purple", "purple", "purple", "purple", "purple", "purple", "purple", "purple", "purple", "purple", "purple", "purple", "purple", "purple", "purple", "purple", "purple", "purple", "purple", "purple", "purple", "purple", "purple", "purple", "purple", "purple", "purple", "purple", "purple", "purple", "purple", "purple", "purple", "purple", "purple", "purple", "purple", "purple", "purple", "purple", "purple", "purple"], "timestamps": [0, 40, 80, 120, 160, 200, 240, 280, 320, 360, 400, 440, 480, 520, 560, 600, 640, 680, 720, 760, 800, 840, 880, 920, 960, 1000, 1040, 1080, 1120, 1160, 1200, 1240, 1280, 1320, 1360, 1400, 1440, 1480, 1520, 1560, 1600, 1640, 1680, 1720, 1760, 1800, 1840, 1880, 1920, 1960, 2000, 2040, 2080, 2120, 2160, 2200, 2240, 2280, 2320, 2360, 2400, 2440, 2480, 2520, 2560, 2600, 2640, 2680, 2720, 2760, 2800, 2840, 2880, 2920, 2960, 3000, 3040, 3080, 3120, 3160]}], "conversation": [], "conversation_timestamps": []}