{"agent_id": "agent-orange-1633", "type": "orange", "trips": [{"trip_id": 0, "transport_method": "bicycle", "start_time": 0, "path": [[1.5256069, 42.5067076], [1.5253958, 42.5066909], [1.525241, 42.5067757], [1.5251727, 42.5069762], [1.5252737, 42.5070698], [1.525484, 42.5070942], [1.5256944, 42.5071187], [1.5259047, 42.5071431], [1.5261151, 42.5071676], [1.5263254, 42.507192], [1.5265357, 42.5072165], [1.5266421, 42.5072309], [1.526431, 42.5072145], [1.5262199, 42.5071982], [1.5260092, 42.5071775], [1.5257996, 42.5071477], [1.5255899, 42.507118], [1.5253803, 42.5070882], [1.5251706, 42.5070584], [1.5253317, 42.5070754], [1.5255422, 42.5070986], [1.5257527, 42.5071217], [1.5259631, 42.5071449], [1.5261736, 42.5071681], [1.5263841, 42.5071913], [1.5265946, 42.5072145], [1.5268051, 42.5072377], [1.5270158, 42.5072582], [1.5272271, 42.507272], [1.5274253, 42.5073304], [1.5275373, 42.5075096], [1.5276667, 42.5076772], [1.5278192, 42.507819], [1.5279221, 42.507996], [1.5279996, 42.508159], [1.5281761, 42.5082739], [1.5283329, 42.5084162], [1.5285047, 42.5085397], [1.5286859, 42.5086492], [1.5288669, 42.5087531], [1.5289192, 42.5088963], [1.5291266, 42.5089391], [1.5290622, 42.5088933], [1.5288508, 42.5088805], [1.5290328, 42.5089276], [1.5292385, 42.5089783], [1.5294441, 42.5090289], [1.5296497, 42.5090796], [1.5298545, 42.5091334], [1.5300549, 42.5092016], [1.5302549, 42.5092711], [1.5304553, 42.5093396], [1.5306557, 42.5093492], [1.5308553, 42.5093972], [1.5310538, 42.5094708], [1.5312518, 42.5095461], [1.5314494, 42.5096221], [1.5316481, 42.5096952], [1.5318475, 42.5097663], [1.5320482, 42.5098337], [1.5322522, 42.5098539], [1.5324228, 42.5099749], [1.5325919, 42.5101023], [1.532761, 42.5102298], [1.53293, 42.5103573], [1.5331193, 42.5104502], [1.5333053, 42.5105515], [1.5334755, 42.5106762], [1.5336368, 42.5108132], [1.5337733, 42.5109746], [1.5338958, 42.5111472], [1.5340395, 42.5113021], [1.5342311, 42.511359], [1.5344088, 42.5114657], [1.5345832, 42.5115858], [1.5347576, 42.5117059], [1.5349366, 42.5118186], [1.5351208, 42.5119232], [1.5353049, 42.5120277], [1.5354891, 42.5121322]], "mood_vectors": [[0.055, 0.0616, 0.0109, 0.0539, 0.7271, 0.0591, 0.0324], [0.021, 0.0668, 0.0605, 0.0332, 0.7233, 0.0291, 0.066], [0.0233, 0.0576, 0.0259, 0.068, 0.7397, 0.0732, 0.0123], [0.0481, 0.0775, 0.0426, 0.0765, 0.6525, 0.0608, 0.0419], [0.0443, 0.064, 0.0747, 0.0673, 0.644, 0.0589, 0.0468], [0.0497, 0.0842, 0.0334, 0.0389, 0.6607, 0.0471, 0.086], [0.0597, 0.0636, 0.0609, 0.0472, 0.656, 0.0444, 0.0682], [0.069, 0.091, 0.093, 0.0404, 0.6147, 0.0322, 0.0596], [0.0125, 0.0657, 0.0587, 0.0753, 0.6467, 0.0638, 0.0772], [0.0623, 0.0324, 0.0243, 0.0578, 0.6709, 0.0747, 0.0777], [0.049, 0.0293, 0.0153, 0.0727, 0.7525, 0.0369, 0.0443], [0.072, 0.0261, 0.0356, 0.0432, 0.7806, 0.0248, 0.0176], [0.0956, 0.0699, 0.0265, 0.0604, 0.6988, 0.023, 0.0258], [0.0551, 0.0325, 0.068, 0.0383, 0.7066, 0.0505, 0.049], [0.0317, 0.0353, 0.0532, 0.0644, 0.6522, 0.0639, 0.0994], [0.0145, 0.0735, 0.0263, 0.0466, 0.7639, 0.0294, 0.0459], [0.0647, 0.0313, 0.0803, 0.0728, 0.6743, 0.0287, 0.0478], [0.0789, 0.05, 0.0657, 0.0781, 0.6501, 0.0231, 0.0541], [0.0501, 0.0685, 0.0326, 0.0545, 0.7139, 0.0675, 0.013], [0.0703, 0.0442, 0.0436, 0.0721, 0.6473, 0.065, 0.0575], [0.0615, 0.0553, 0.0471, 0.0687, 0.6734, 0.0637, 0.0303], [0.0604, 0.0306, 0.0134, 0.0295, 0.7264, 0.0875, 0.0521], [0.0556, 0.0431, 0.0923, 0.0484, 0.6141, 0.0724, 0.0741], [0.0738, 0.0615, 0.0244, 0.0832, 0.5952, 0.0701, 0.0919], [0.0676, 0.0731, 0.0504, 0.0503, 0.6374, 0.0533, 0.0678], [0.0663, 0.0323, 0.018, 0.0729, 0.6944, 0.0708, 0.0452], [0.0674, 0.0551, 0.021, 0.0561, 0.685, 0.0908, 0.0246], [0.0348, 0.0552, 0.0738, 0.0704, 0.6593, 0.0843, 0.0223], [0.0276, 0.0591, 0.0558, 0.0256, 0.7159, 0.068, 0.0479], [0.0135, 0.0392, 0.0428, 0.036, 0.796, 0.0546, 0.0178], [0.061, 0.0239, 0.0831, 0.0794, 0.5981, 0.0829, 0.0715], [0.0796, 0.0916, 0.0221, 0.0712, 0.6573, 0.0521, 0.0262], [0.0613, 0.0475, 0.0771, 0.0747, 0.6905, 0.0328, 0.0162], [0.0496, 0.0285, 0.0407, 0.0618, 0.6552, 0.0738, 0.0904], [0.0192, 0.0326, 0.0355, 0.0824, 0.7637, 0.053, 0.0137], [0.0851, 0.0782, 0.0191, 0.0569, 0.6731, 0.0291, 0.0585], [0.0289, 0.0223, 0.0581, 0.0704, 0.6803, 0.0665, 0.0734], [0.0591, 0.0147, 0.0806, 0.0644, 0.6763, 0.0186, 0.0864], [0.0124, 0.0692, 0.0352, 0.066, 0.7345, 0.0376, 0.0449], [0.0181, 0.0344, 0.0269, 0.0128, 0.7939, 0.0374, 0.0764], [0.0192, 0.0118, 0.0254, 0.0262, 0.8027, 0.0473, 0.0674], [0.0501, 0.0685, 0.0695, 0.0217, 0.7143, 0.0123, 0.0636], [0.0706, 0.0673, 0.0551, 0.052, 0.6212, 0.0589, 0.0749], [0.0306, 0.0454, 0.0594, 0.0134, 0.7451, 0.0729, 0.0333], [0.0239, 0.0558, 0.0193, 0.0326, 0.7832, 0.0726, 0.0125], [0.0516, 0.0695, 0.0486, 0.0411, 0.6811, 0.0751, 0.033], [0.0117, 0.0155, 0.0733, 0.0454, 0.8022, 0.033, 0.0189], [0.0679, 0.0431, 0.0534, 0.0297, 0.6702, 0.0709, 0.0648], [0.0503, 0.0188, 0.0586, 0.0355, 0.704, 0.0466, 0.0862], [0.0482, 0.0482, 0.0583, 0.0558, 0.738, 0.0205, 0.0311], [0.0432, 0.0636, 0.0367, 0.0374, 0.7192, 0.0621, 0.0378], [0.0781, 0.0664, 0.0821, 0.0162, 0.678, 0.0482, 0.0309], [0.0288, 0.038, 0.0549, 0.08, 0.6933, 0.0465, 0.0585], [0.015, 0.0695, 0.0702, 0.0382, 0.7338, 0.0529, 0.0204], [0.0158, 0.0377, 0.0199, 0.0715, 0.7631, 0.0527, 0.0393], [0.0453, 0.0711, 0.0452, 0.0403, 0.7359, 0.0364, 0.0257], [0.0512, 0.0997, 0.1004, 0.0307, 0.6732, 0.0202, 0.0246], [0.0276, 0.0925, 0.0636, 0.0756, 0.6443, 0.0436, 0.0527], [0.0294, 0.0229, 0.0656, 0.0368, 0.759, 0.0176, 0.0687], [0.0486, 0.0867, 0.0367, 0.0578, 0.6548, 0.0724, 0.0429], [0.0496, 0.0168, 0.046, 0.0575, 0.6988, 0.0766, 0.0547], [0.0279, 0.0449, 0.0711, 0.045, 0.7491, 0.0287, 0.0333], [0.0609, 0.0276, 0.0457, 0.0447, 0.7382, 0.0269, 0.0561], [0.0343, 0.0198, 0.0611, 0.04, 0.7343, 0.04, 0.0705], [0.0658, 0.0485, 0.0646, 0.05, 0.7347, 0.0179, 0.0184], [0.0888, 0.0179, 0.0475, 0.0456, 0.698, 0.0146, 0.0877], [0.0659, 0.0124, 0.0152, 0.0163, 0.7529, 0.0821, 0.0552], [0.0546, 0.0193, 0.0502, 0.0672, 0.6931, 0.0424, 0.0731], [0.0494, 0.0576, 0.0658, 0.045, 0.7047, 0.036, 0.0416], [0.0389, 0.0377, 0.0183, 0.0743, 0.7135, 0.0746, 0.0428], [0.013, 0.0582, 0.0496, 0.0371, 0.7399, 0.0397, 0.0624], [0.0206, 0.0841, 0.0803, 0.0398, 0.7371, 0.0194, 0.0188], [0.0162, 0.0244, 0.0278, 0.0552, 0.7166, 0.0759, 0.0838], [0.0806, 0.018, 0.019, 0.0195, 0.8076, 0.0167, 0.0385], [0.0767, 0.0423, 0.0278, 0.0782, 0.6378, 0.0892, 0.0479], [0.0889, 0.0862, 0.0157, 0.086, 0.6154, 0.042, 0.0659], [0.0606, 0.0146, 0.0699, 0.0753, 0.6485, 0.0463, 0.0849], [0.0653, 0.0294, 0.0145, 0.0944, 0.7046, 0.052, 0.0397], [0.0792, 0.0852, 0.0392, 0.0264, 0.6579, 0.0222, 0.09], [0.0705, 0.0411, 0.0309, 0.0138, 0.7542, 0.0635, 0.026]], "emotions": ["red", "red", "red", "red", "red", "red", "red", "red", "red", "red", "red", "red", "red", "red", "red", "red", "red", "red", "red", "red", "red", "red", "red", "red", "red", "red", "red", "red", "red", "red", "red", "red", "red", "red", "red", "red", "red", "red", "red", "red", "red", "red", "red", "red", "red", "red", "red", "red", "red", "red", "red", "red", "red", "red", "red", "red", "red", "red", "red", "red", "red", "red", "red", "red", "red", "red", "red", "red", "red", "red", "red", "red", "red", "red", "red", "red", "red", "red", "red", "red"], "timestamps": [0, 40, 80, 120, 160, 200, 240, 280, 320, 360, 400, 440, 480, 520, 560, 600, 640, 680, 720, 760, 800, 840, 880, 920, 960, 1000, 1040, 1080, 1120, 1160, 1200, 1240, 1280, 1320, 1360, 1400, 1440, 1480, 1520, 1560, 1600, 1640, 1680, 1720, 1760, 1800, 1840, 1880, 1920, 1960, 2000, 2040, 2080, 2120, 2160, 2200, 2240, 2280, 2320, 2360, 2400, 2440, 2480, 2520, 2560, 2600, 2640, 2680, 2720, 2760, 2800, 2840, 2880, 2920, 2960, 3000, 3040, 3080, 3120, 3160]}], "conversation": [], "conversation_timestamps": []}