{"agent_id": "agent-blue-1230", "type": "blue", "trips": [{"trip_id": 0, "transport_method": "foot", "start_time": 0, "path": [[1.5361208, 42.5130775], [1.5386543, 42.5125616], [1.5390588, 42.5123202], [1.5396675, 42.5121463], [1.5417988, 42.5110907], [1.5427355, 42.5096323], [1.5449923, 42.5099906], [1.5470071, 42.5114379], [1.5494572, 42.5118564], [1.5503364, 42.512124], [1.5510375, 42.5125815], [1.5525616, 42.5136888], [1.5534223, 42.5160471], [1.5550362, 42.5179519], [1.5569189, 42.519559], [1.5587541, 42.5213521], [1.5598646, 42.522229], [1.5619854, 42.5237088], [1.5641058, 42.5250905], [1.5664899, 42.5260412], [1.5686599, 42.5274582], [1.5708328, 42.5288767], [1.5729637, 42.5296642], [1.5747794, 42.5312473], [1.5773306, 42.5317384], [1.5775453, 42.5317555], [1.5798096, 42.5317498], [1.5824132, 42.5316988], [1.584622, 42.5329604], [1.586755, 42.5344021], [1.5886459, 42.5360327], [1.5906274, 42.5375275], [1.5918483, 42.5395429], [1.5917927, 42.541766], [1.5918999, 42.5442822], [1.5916951, 42.5467463], [1.5922644, 42.5482613], [1.5917827, 42.550718], [1.5911586, 42.5526821], [1.5908919, 42.5529912], [1.5913596, 42.554876], [1.5916578, 42.5573282], [1.5932902, 42.5588725], [1.5938448, 42.5602404], [1.5936799, 42.5621703], [1.5956968, 42.5638191], [1.5951716, 42.5640821], [1.5933809, 42.5623603], [1.5952123, 42.5632857], [1.597392, 42.5644964], [1.599335, 42.5657893], [1.6014005, 42.5671537], [1.6036361, 42.5683504], [1.605106, 42.5701586], [1.6075039, 42.5710394], [1.6100333, 42.5714611], [1.6125025, 42.5720189], [1.6150349, 42.5725173], [1.6173796, 42.5732162], [1.6197202, 42.5742326], [1.6220348, 42.5752787], [1.6244238, 42.5761764], [1.6264245, 42.5777381], [1.6289771, 42.5778904], [1.6314366, 42.5784398], [1.6340159, 42.5781294], [1.63636, 42.5779637], [1.6389385, 42.5781576], [1.6415253, 42.578145], [1.6440918, 42.5777266], [1.6466425, 42.5772732], [1.6488359, 42.5761747], [1.6511799, 42.5752017], [1.6536332, 42.5748966], [1.6561595, 42.5753387], [1.6586471, 42.5759978], [1.6609713, 42.5762687], [1.6635634, 42.576218], [1.6661371, 42.5758666], [1.6680053, 42.5766484]], "mood_vectors": [[0.0165, 0.0511, 0.043, 0.7782, 0.0142, 0.0425, 0.0544], [0.0798, 0.0187, 0.0425, 0.7169, 0.0398, 0.0454, 0.057], [0.0533, 0.0121, 0.0132, 0.7904, 0.0709, 0.0331, 0.0271], [0.0457, 0.0613, 0.0651, 0.6261, 0.0769, 0.0452, 0.0797], [0.019, 0.0186, 0.0483, 0.7362, 0.0739, 0.0712, 0.0328], [0.0696, 0.0426, 0.0315, 0.7432, 0.0344, 0.0145, 0.0642], [0.0344, 0.024, 0.0387, 0.7756, 0.0143, 0.0714, 0.0415], [0.018, 0.0173, 0.0232, 0.7836, 0.0428, 0.0659, 0.0492], [0.0509, 0.0524, 0.046, 0.6827, 0.0328, 0.0719, 0.0633], [0.0221, 0.0391, 0.0293, 0.7343, 0.0736, 0.0844, 0.0172], [0.0405, 0.0758, 0.0759, 0.6485, 0.0347, 0.0598, 0.0649], [0.0213, 0.0863, 0.0328, 0.6117, 0.0926, 0.0738, 0.0815], [0.0307, 0.0907, 0.0951, 0.6466, 0.0514, 0.0324, 0.053], [0.0661, 0.0524, 0.0608, 0.662, 0.0328, 0.052, 0.0738], [0.0174, 0.0685, 0.0539, 0.7214, 0.0287, 0.0507, 0.0593], [0.0309, 0.0372, 0.0119, 0.7559, 0.0662, 0.0484, 0.0494], [0.0373, 0.0757, 0.0466, 0.6869, 0.0861, 0.0159, 0.0515], [0.0387, 0.0457, 0.0738, 0.6434, 0.0924, 0.0864, 0.0196], [0.0267, 0.025, 0.0252, 0.7902, 0.0438, 0.0763, 0.0129], [0.0306, 0.0658, 0.0672, 0.6727, 0.0371, 0.0815, 0.0451], [0.0428, 0.0789, 0.0412, 0.7098, 0.0735, 0.0221, 0.0317], [0.064, 0.033, 0.0393, 0.73, 0.0407, 0.0376, 0.0554], [0.0803, 0.0259, 0.058, 0.7219, 0.0517, 0.0205, 0.0416], [0.0415, 0.0528, 0.0755, 0.7344, 0.0197, 0.0609, 0.0153], [0.0665, 0.0333, 0.0599, 0.7444, 0.0281, 0.0377, 0.03], [0.0959, 0.0477, 0.0379, 0.6672, 0.0241, 0.0599, 0.0672], [0.0737, 0.0291, 0.0421, 0.6905, 0.0218, 0.0626, 0.0803], [0.0342, 0.0604, 0.039, 0.6677, 0.0453, 0.0567, 0.0966], [0.0677, 0.0381, 0.0588, 0.7225, 0.047, 0.0397, 0.0263], [0.0357, 0.0494, 0.0619, 0.709, 0.0873, 0.0432, 0.0136], [0.0118, 0.0374, 0.0416, 0.7398, 0.0632, 0.0719, 0.0344], [0.0471, 0.0485, 0.064, 0.7002, 0.0224, 0.0733, 0.0445], [0.0561, 0.0546, 0.0705, 0.6182, 0.0614, 0.0819, 0.0573], [0.0482, 0.0635, 0.0818, 0.5944, 0.0884, 0.0885, 0.0353], [0.0508, 0.063, 0.0342, 0.7112, 0.0603, 0.0516, 0.0289], [0.0543, 0.0533, 0.0367, 0.7474, 0.0522, 0.0213, 0.0348], [0.0475, 0.0836, 0.0402, 0.6795, 0.0661, 0.0234, 0.0597], [0.0776, 0.085, 0.085, 0.679, 0.0288, 0.0242, 0.0204], [0.0353, 0.0249, 0.0186, 0.7642, 0.076, 0.0386, 0.0424], [0.088, 0.0405, 0.0917, 0.6206, 0.0433, 0.0449, 0.0711], [0.0267, 0.0465, 0.0745, 0.7417, 0.0426, 0.0313, 0.0367], [0.0295, 0.0604, 0.016, 0.6899, 0.0787, 0.0757, 0.0499], [0.0118, 0.0713, 0.0148, 0.7681, 0.0664, 0.0254, 0.0423], [0.0501, 0.0544, 0.0395, 0.6795, 0.0143, 0.0839, 0.0783], [0.0706, 0.0227, 0.0224, 0.7515, 0.0675, 0.0349, 0.0303], [0.0286, 0.0367, 0.0339, 0.6767, 0.0732, 0.0643, 0.0865], [0.0437, 0.0621, 0.0406, 0.6728, 0.0576, 0.0701, 0.0532], [0.0369, 0.0273, 0.0936, 0.659, 0.0201, 0.0611, 0.1021], [0.083, 0.0601, 0.0703, 0.6445, 0.0543, 0.0619, 0.0259], [0.0202, 0.0366, 0.0446, 0.8156, 0.0169, 0.0164, 0.0497], [0.0334, 0.0717, 0.0812, 0.6006, 0.0668, 0.0775, 0.0688], [0.0784, 0.0513, 0.0176, 0.7034, 0.0639, 0.0301, 0.0552], [0.0224, 0.0195, 0.0845, 0.7151, 0.0484, 0.0345, 0.0755], [0.0188, 0.075, 0.0714, 0.6904, 0.0296, 0.0397, 0.0751], [0.0297, 0.0739, 0.0687, 0.6584, 0.0796, 0.0451, 0.0445], [0.0462, 0.0771, 0.0894, 0.6606, 0.0818, 0.0265, 0.0183], [0.0352, 0.028, 0.0688, 0.7006, 0.0228, 0.0715, 0.0731], [0.0329, 0.0209, 0.0733, 0.6967, 0.0535, 0.0728, 0.0499], [0.035, 0.0165, 0.0834, 0.687, 0.0623, 0.0727, 0.0432], [0.0687, 0.0684, 0.0636, 0.6806, 0.0286, 0.0591, 0.0309], [0.0777, 0.0526, 0.0811, 0.6107, 0.0435, 0.0754, 0.0591], [0.0732, 0.0672, 0.0465, 0.682, 0.02, 0.0487, 0.0625], [0.0198, 0.0878, 0.0768, 0.6735, 0.0592, 0.0204, 0.0626], [0.0461, 0.0457, 0.0742, 0.6772, 0.0537, 0.0376, 0.0655], [0.0456, 0.0355, 0.0647, 0.6722, 0.0691, 0.0764, 0.0366], [0.0592, 0.0333, 0.0754, 0.7182, 0.075, 0.0164, 0.0224], [0.0265, 0.0408, 0.0323, 0.7584, 0.0492, 0.0732, 0.0195], [0.0696, 0.016, 0.0833, 0.7415, 0.0634, 0.0132, 0.013], [0.0554, 0.0564, 0.0673, 0.6418, 0.053, 0.062, 0.0641], [0.0151, 0.0291, 0.0351, 0.7807, 0.0692, 0.0279, 0.043], [0.0192, 0.0774, 0.0498, 0.7131, 0.0454, 0.0469, 0.048], [0.059, 0.0477, 0.0304, 0.6652, 0.0335, 0.0755, 0.0887], [0.0167, 0.0575, 0.0741, 0.7511, 0.0707, 0.0158, 0.0141], [0.023, 0.0569, 0.0386, 0.6691, 0.06, 0.0753, 0.0772], [0.0348, 0.0648, 0.0703, 0.6792, 0.0198, 0.0634, 0.0676], [0.0631, 0.0479, 0.035, 0.7523, 0.0172, 0.0557, 0.0288], [0.0721, 0.0539, 0.0521, 0.629, 0.0213, 0.0888, 0.0829], [0.0705, 0.0165, 0.0644, 0.6938, 0.0401, 0.0564, 0.0583], [0.0745, 0.0541, 0.0309, 0.6445, 0.0422, 0.0819, 0.0719], [0.0415, 0.0447, 0.0827, 0.7381, 0.0559, 0.0139, 0.0232]], "emotions": ["green", "green", "green", "green", "green", "green", "green", "green", "green", "green", "green", "green", "green", "green", "green", "green", "green", "green", "green", "green", "green", "green", "green", "green", "green", "green", "green", "green", "green", "green", "green", "green", "green", "green", "green", "green", "green", "green", "green", "green", "green", "green", "green", "green", "green", "green", "green", "green", "green", "green", "green", "green", "green", "green", "green", "green", "green", "green", "green", "green", "green", "green", "green", "green", "green", "green", "green", "green", "green", "green", "green", "green", "green", "green", "green", "green", "green", "green", "green", "green"], "timestamps": [0, 40, 80, 120, 160, 200, 240, 280, 320, 360, 400, 440, 480, 520, 560, 600, 640, 680, 720, 760, 800, 840, 880, 920, 960, 1000, 1040, 1080, 1120, 1160, 1200, 1240, 1280, 1320, 1360, 1400, 1440, 1480, 1520, 1560, 1600, 1640, 1680, 1720, 1760, 1800, 1840, 1880, 1920, 1960, 2000, 2040, 2080, 2120, 2160, 2200, 2240, 2280, 2320, 2360, 2400, 2440, 2480, 2520, 2560, 2600, 2640, 2680, 2720, 2760, 2800, 2840, 2880, 2920, 2960, 3000, 3040, 3080, 3120, 3160]}], "conversation": [], "conversation_timestamps": []}