{"agent_id": "agent-blue-1740", "type": "blue", "trips": [{"trip_id": 0, "transport_method": "bus", "start_time": 0, "path": [[1.5231102, 42.5490641], [1.5220435, 42.548111], [1.5213518, 42.5468807], [1.5204012, 42.5458747], [1.5191707, 42.5452804], [1.5181862, 42.5445195], [1.5178791, 42.544563], [1.5171714, 42.5442998], [1.5175799, 42.5431846], [1.5184183, 42.5420368], [1.5196111, 42.5412442], [1.5199767, 42.5400721], [1.5200885, 42.5386656], [1.5204508, 42.5372857], [1.521305, 42.536182], [1.5211953, 42.535606], [1.5201228, 42.5346574], [1.5195617, 42.5334808], [1.5195702, 42.5321107], [1.519802, 42.531273], [1.5198507, 42.5310943], [1.5203246, 42.5307222], [1.5210469, 42.5299352], [1.5221087, 42.5289759], [1.5232761, 42.5281461], [1.5244835, 42.5273752], [1.5257476, 42.5267006], [1.5270412, 42.5260859], [1.5283601, 42.525527], [1.5297051, 42.5250329], [1.5310871, 42.5246568], [1.5324734, 42.5242944], [1.5338723, 42.5239846], [1.5352746, 42.5236902], [1.5366852, 42.5234388], [1.5380962, 42.5231892], [1.5395091, 42.5229514], [1.5409225, 42.5227162], [1.5423312, 42.5224559], [1.5437314, 42.5221515], [1.5451279, 42.521831], [1.5465191, 42.5214884], [1.5478991, 42.5211041], [1.5492691, 42.5206845], [1.5506226, 42.5202144], [1.5519515, 42.5196785], [1.5532512, 42.5190768], [1.5545001, 42.5183746], [1.5557809, 42.5182551], [1.5567101, 42.5193329], [1.5576704, 42.5203398], [1.5587166, 42.5213184], [1.5598331, 42.5220747], [1.5600322, 42.5223561], [1.5612567, 42.5230844], [1.5622754, 42.5240797], [1.5634802, 42.5247927], [1.564801, 42.5252548], [1.5661223, 42.5258014], [1.567274, 42.5266497], [1.5684985, 42.5273794], [1.5697033, 42.5281339], [1.5709002, 42.5289216], [1.5720691, 42.5293534], [1.5731831, 42.5297439], [1.5740472, 42.5308593], [1.5753543, 42.5314236], [1.5767642, 42.5316772], [1.5781927, 42.5317806], [1.5778534, 42.5317777], [1.5783286, 42.5317458], [1.5797614, 42.5317497], [1.5811938, 42.5317201], [1.5826243, 42.5317227], [1.583915, 42.5323123], [1.5849693, 42.5332818], [1.5861326, 42.5340852], [1.5869768, 42.5331264], [1.5880159, 42.5340147], [1.5889715, 42.5341597]], "mood_vectors": [[0.0855, 0.0294, 0.0194, 0.6437, 0.0596, 0.0792, 0.0831], [0.0502, 0.0679, 0.0215, 0.6713, 0.0746, 0.0488, 0.0657], [0.0217, 0.0313, 0.0912, 0.6858, 0.0489, 0.0252, 0.096], [0.0265, 0.069, 0.0626, 0.7222, 0.048, 0.017, 0.0548], [0.0313, 0.0348, 0.0141, 0.7713, 0.0415, 0.0333, 0.0736], [0.0747, 0.0755, 0.0511, 0.6952, 0.0266, 0.0594, 0.0174], [0.0765, 0.0651, 0.0577, 0.6562, 0.0543, 0.0341, 0.056], [0.0477, 0.0588, 0.0195, 0.7787, 0.019, 0.0455, 0.0308], [0.0712, 0.0485, 0.0368, 0.7407, 0.0412, 0.0227, 0.0389], [0.0353, 0.014, 0.0856, 0.7301, 0.0849, 0.0278, 0.0223], [0.0222, 0.022, 0.054, 0.741, 0.0296, 0.0727, 0.0585], [0.0239, 0.0275, 0.0292, 0.8091, 0.0243, 0.0577, 0.0281], [0.0121, 0.0492, 0.0532, 0.7132, 0.0513, 0.0692, 0.0518], [0.0644, 0.0827, 0.0596, 0.6606, 0.0574, 0.0545, 0.0208], [0.0464, 0.018, 0.0179, 0.697, 0.0823, 0.0823, 0.0561], [0.0117, 0.0664, 0.0575, 0.7358, 0.0696, 0.0341, 0.025], [0.0509, 0.0283, 0.0596, 0.679, 0.0729, 0.0482, 0.0611], [0.0506, 0.0838, 0.0862, 0.6675, 0.0202, 0.0132, 0.0786], [0.0614, 0.0589, 0.0682, 0.7283, 0.0203, 0.0276, 0.0353], [0.0645, 0.0253, 0.065, 0.7495, 0.0337, 0.0236, 0.0384], [0.0391, 0.0431, 0.0285, 0.7415, 0.0732, 0.0587, 0.0159], [0.0481, 0.0242, 0.0426, 0.6966, 0.0649, 0.0685, 0.0551], [0.0886, 0.0479, 0.0475, 0.6143, 0.0645, 0.072, 0.0651], [0.0632, 0.0306, 0.041, 0.7062, 0.0233, 0.0793, 0.0563], [0.0724, 0.0468, 0.0664, 0.6805, 0.0257, 0.0563, 0.0519], [0.0268, 0.016, 0.0493, 0.6605, 0.0978, 0.0685, 0.0811], [0.0183, 0.039, 0.0387, 0.728, 0.0763, 0.082, 0.0177], [0.015, 0.0518, 0.0328, 0.7212, 0.0507, 0.0645, 0.0641], [0.0815, 0.0366, 0.0376, 0.7222, 0.0154, 0.025, 0.0817], [0.051, 0.0938, 0.0319, 0.6878, 0.026, 0.0345, 0.075], [0.0877, 0.0438, 0.0281, 0.6084, 0.079, 0.0713, 0.0816], [0.0406, 0.0192, 0.0457, 0.7403, 0.0303, 0.0792, 0.0446], [0.0863, 0.0213, 0.0877, 0.7055, 0.0241, 0.0527, 0.0224], [0.033, 0.0563, 0.0563, 0.6838, 0.0235, 0.0857, 0.0615], [0.0573, 0.0171, 0.0535, 0.7273, 0.0216, 0.0437, 0.0795], [0.0386, 0.0333, 0.0196, 0.7508, 0.0382, 0.0702, 0.0493], [0.0502, 0.0565, 0.059, 0.6748, 0.0374, 0.0578, 0.0643], [0.0187, 0.0648, 0.0467, 0.7233, 0.0611, 0.0418, 0.0437], [0.0481, 0.0524, 0.0538, 0.7329, 0.0448, 0.0392, 0.0287], [0.0972, 0.0516, 0.0725, 0.6319, 0.032, 0.0215, 0.0932], [0.0629, 0.0633, 0.0322, 0.7086, 0.0739, 0.0335, 0.0255], [0.031, 0.0487, 0.0201, 0.744, 0.0447, 0.0729, 0.0386], [0.0178, 0.0572, 0.0242, 0.7669, 0.0521, 0.0671, 0.0148], [0.0353, 0.0529, 0.0225, 0.7732, 0.0224, 0.0279, 0.0656], [0.0761, 0.0734, 0.0803, 0.6196, 0.0759, 0.0553, 0.0193], [0.083, 0.0243, 0.0252, 0.6419, 0.0462, 0.0928, 0.0866], [0.0605, 0.0473, 0.0162, 0.7697, 0.0603, 0.0208, 0.0252], [0.0605, 0.0159, 0.0379, 0.7637, 0.0559, 0.0501, 0.0161], [0.0256, 0.0537, 0.0544, 0.7149, 0.1021, 0.0213, 0.0281], [0.0192, 0.0511, 0.0238, 0.7188, 0.0639, 0.0553, 0.0679], [0.067, 0.0221, 0.0778, 0.6504, 0.0685, 0.0789, 0.0353], [0.0659, 0.0618, 0.0735, 0.7342, 0.032, 0.0145, 0.018], [0.0305, 0.0728, 0.0684, 0.7177, 0.0271, 0.0302, 0.0532], [0.0402, 0.027, 0.0582, 0.6615, 0.0488, 0.0802, 0.0842], [0.0553, 0.0293, 0.0368, 0.7648, 0.0451, 0.0402, 0.0285], [0.0665, 0.0317, 0.0596, 0.6816, 0.0582, 0.0384, 0.064], [0.0671, 0.0663, 0.0534, 0.6837, 0.0654, 0.0303, 0.0337], [0.0772, 0.0539, 0.064, 0.6518, 0.0367, 0.0897, 0.0268], [0.0811, 0.0449, 0.0615, 0.6662, 0.0663, 0.0329, 0.0472], [0.0769, 0.0558, 0.0492, 0.7032, 0.0416, 0.0228, 0.0505], [0.0194, 0.0208, 0.0264, 0.7529, 0.0631, 0.0775, 0.04], [0.0631, 0.0418, 0.0126, 0.7576, 0.0135, 0.0661, 0.0452], [0.0299, 0.0505, 0.0642, 0.6691, 0.0742, 0.0862, 0.026], [0.056, 0.0774, 0.0181, 0.7304, 0.0409, 0.0456, 0.0314], [0.0359, 0.0392, 0.0425, 0.6715, 0.0806, 0.0586, 0.0717], [0.0796, 0.0486, 0.0545, 0.6488, 0.0356, 0.0566, 0.0762], [0.0473, 0.0829, 0.0374, 0.6839, 0.0742, 0.0296, 0.0447], [0.0179, 0.0542, 0.0214, 0.7323, 0.0822, 0.0486, 0.0433], [0.0116, 0.0771, 0.0758, 0.6851, 0.04, 0.0734, 0.037], [0.0279, 0.0656, 0.0476, 0.6634, 0.0217, 0.0893, 0.0845], [0.0922, 0.0158, 0.0547, 0.6699, 0.0301, 0.0498, 0.0876], [0.0623, 0.0459, 0.0806, 0.6416, 0.0313, 0.0535, 0.0847], [0.0717, 0.0192, 0.0277, 0.7702, 0.0754, 0.019, 0.0169], [0.0706, 0.0648, 0.0202, 0.6134, 0.0786, 0.0791, 0.0734], [0.0611, 0.051, 0.0434, 0.6625, 0.0241, 0.0759, 0.0821], [0.051, 0.0505, 0.0359, 0.7331, 0.0163, 0.0212, 0.092], [0.081, 0.0372, 0.0195, 0.694, 0.0535, 0.0422, 0.0726], [0.0934, 0.0225, 0.0201, 0.6995, 0.0834, 0.0256, 0.0556], [0.0403, 0.0672, 0.0338, 0.6438, 0.0662, 0.071, 0.0777], [0.0339, 0.0591, 0.063, 0.6641, 0.0841, 0.0243, 0.0714]], "emotions": ["green", "green", "green", "green", "green", "green", "green", "green", "green", "green", "green", "green", "green", "green", "green", "green", "green", "green", "green", "green", "green", "green", "green", "green", "green", "green", "green", "green", "green", "green", "green", "green", "green", "green", "green", "green", "green", "green", "green", "green", "green", "green", "green", "green", "green", "green", "green", "green", "green", "green", "green", "green", "green", "green", "green", "green", "green", "green", "green", "green", "green", "green", "green", "green", "green", "green", "green", "green", "green", "green", "green", "green", "green", "green", "green", "green", "green", "green", "green", "green"], "timestamps": [0, 40, 80, 120, 160, 200, 240, 280, 320, 360, 400, 440, 480, 520, 560, 600, 640, 680, 720, 760, 800, 840, 880, 920, 960, 1000, 1040, 1080, 1120, 1160, 1200, 1240, 1280, 1320, 1360, 1400, 1440, 1480, 1520, 1560, 1600, 1640, 1680, 1720, 1760, 1800, 1840, 1880, 1920, 1960, 2000, 2040, 2080, 2120, 2160, 2200, 2240, 2280, 2320, 2360, 2400, 2440, 2480, 2520, 2560, 2600, 2640, 2680, 2720, 2760, 2800, 2840, 2880, 2920, 2960, 3000, 3040, 3080, 3120, 3160]}], "conversation": [], "conversation_timestamps": []}