{"agent_id": "agent-purple-1199", "type": "purple", "trips": [{"trip_id": 0, "transport_method": "car", "start_time": 0, "path": [[1.5025929, 42.4604492], [1.5003819, 42.4601989], [1.4981751, 42.4605438], [1.4984966, 42.4603145], [1.5007366, 42.4604758], [1.5022276, 42.4607039], [1.5027073, 42.4626965], [1.5030373, 42.4640097], [1.501057, 42.4650309], [1.4991242, 42.4645413], [1.4972024, 42.4647719], [1.4953922, 42.4644979], [1.4945521, 42.4657402], [1.4925167, 42.4665243], [1.4916583, 42.4682622], [1.491935, 42.4704336], [1.4909219, 42.4724347], [1.4907429, 42.4745528], [1.4905949, 42.4767109], [1.4902433, 42.4789291], [1.4898917, 42.4811472], [1.4894379, 42.480558], [1.4899584, 42.4784598], [1.4906242, 42.4765624], [1.4904469, 42.4788013], [1.4902695, 42.4810401], [1.4905003, 42.4831864], [1.4918854, 42.4847462], [1.4929247, 42.4866504], [1.493995, 42.4886239], [1.4950648, 42.4905968], [1.496601, 42.4921545], [1.4982985, 42.4936049], [1.4988124, 42.4954031], [1.5007793, 42.4964848], [1.5027519, 42.4974231], [1.5047939, 42.4983567], [1.5068145, 42.4993345], [1.508821, 42.500328], [1.5094792, 42.5006396], [1.5110387, 42.5013424], [1.5112804, 42.5015518], [1.5126605, 42.5024061], [1.5142555, 42.5039565], [1.5158571, 42.5053813], [1.5178485, 42.5061567], [1.5196467, 42.507337], [1.521814, 42.507575], [1.5239428, 42.5077751], [1.5260331, 42.5083826], [1.5281323, 42.5090007], [1.529594, 42.5106189], [1.5308936, 42.511935], [1.5303206, 42.5139526], [1.5290586, 42.5156001], [1.5271637, 42.5167827], [1.5273254, 42.5167335], [1.5286263, 42.5159589], [1.5267431, 42.5171827], [1.5248599, 42.5184064], [1.5261507, 42.5173592], [1.5245738, 42.5185311], [1.5236647, 42.5204127], [1.5222322, 42.5220606], [1.5210605, 42.5239397], [1.5205756, 42.5260734], [1.5203298, 42.5280261], [1.5200314, 42.5299594], [1.519567, 42.5318501], [1.5195275, 42.5340127], [1.5211432, 42.5355631], [1.5200409, 42.5372048], [1.5193789, 42.5393328], [1.5189675, 42.5412996], [1.5189598, 42.5413321], [1.5174854, 42.5422988], [1.5161036, 42.544019], [1.5147941, 42.5457546], [1.5146698, 42.547155], [1.5162223, 42.5458588]], "mood_vectors": [[0.0535, 0.0143, 0.0212, 0.0193, 0.0408, 0.7776, 0.0734], [0.0449, 0.068, 0.0761, 0.0897, 0.0196, 0.631, 0.0706], [0.0729, 0.0465, 0.068, 0.0325, 0.0606, 0.6525, 0.067], [0.0504, 0.061, 0.0398, 0.061, 0.0424, 0.6827, 0.0628], [0.0346, 0.0671, 0.0151, 0.0218, 0.0387, 0.7921, 0.0306], [0.0582, 0.0868, 0.0874, 0.0238, 0.0337, 0.6903, 0.0197], [0.0559, 0.0832, 0.0569, 0.0268, 0.0238, 0.7293, 0.0241], [0.0699, 0.06, 0.0309, 0.0423, 0.0402, 0.6989, 0.0577], [0.0809, 0.0861, 0.0182, 0.0824, 0.0257, 0.6389, 0.0679], [0.0325, 0.0551, 0.0573, 0.0793, 0.0725, 0.6899, 0.0134], [0.0196, 0.0491, 0.0313, 0.0805, 0.0236, 0.7823, 0.0136], [0.0633, 0.0561, 0.0534, 0.0732, 0.0605, 0.6753, 0.0182], [0.0579, 0.084, 0.0824, 0.0247, 0.0301, 0.673, 0.0479], [0.0774, 0.056, 0.0408, 0.053, 0.0578, 0.6681, 0.0468], [0.052, 0.0422, 0.072, 0.073, 0.0588, 0.6413, 0.0608], [0.0133, 0.0442, 0.0543, 0.0414, 0.0209, 0.772, 0.0538], [0.0691, 0.0414, 0.0627, 0.0518, 0.0556, 0.6539, 0.0656], [0.033, 0.0669, 0.0288, 0.0311, 0.032, 0.7842, 0.024], [0.0369, 0.0756, 0.0327, 0.0758, 0.041, 0.6484, 0.0895], [0.0145, 0.0592, 0.066, 0.0499, 0.083, 0.6601, 0.0674], [0.0703, 0.0735, 0.0293, 0.0746, 0.0406, 0.6488, 0.0629], [0.0666, 0.0824, 0.0218, 0.0272, 0.0797, 0.6318, 0.0906], [0.0872, 0.0203, 0.0899, 0.0597, 0.028, 0.6836, 0.0312], [0.0562, 0.0431, 0.0284, 0.0777, 0.0914, 0.6751, 0.0281], [0.071, 0.0739, 0.0206, 0.035, 0.0354, 0.7167, 0.0474], [0.0414, 0.0591, 0.065, 0.0572, 0.0896, 0.6428, 0.0449], [0.0523, 0.0578, 0.0288, 0.0361, 0.0233, 0.7614, 0.0403], [0.0526, 0.0635, 0.0697, 0.0741, 0.0537, 0.6413, 0.0451], [0.0786, 0.0707, 0.0608, 0.074, 0.0285, 0.6673, 0.0203], [0.0902, 0.0722, 0.0491, 0.0819, 0.0414, 0.6486, 0.0166], [0.0752, 0.0292, 0.0517, 0.0541, 0.0495, 0.6608, 0.0797], [0.0189, 0.0461, 0.0593, 0.0376, 0.0263, 0.7457, 0.0661], [0.013, 0.0677, 0.0146, 0.0678, 0.0275, 0.7607, 0.0487], [0.0541, 0.0278, 0.0165, 0.0418, 0.0745, 0.7057, 0.0797], [0.07, 0.0135, 0.0301, 0.0756, 0.0345, 0.7214, 0.0549], [0.0501, 0.0303, 0.0768, 0.0594, 0.0842, 0.6448, 0.0543], [0.0817, 0.0726, 0.0492, 0.0756, 0.077, 0.5913, 0.0526], [0.0759, 0.0171, 0.0524, 0.0669, 0.0364, 0.668, 0.0832], [0.0336, 0.0367, 0.0698, 0.0237, 0.0641, 0.7095, 0.0626], [0.0154, 0.0539, 0.038, 0.0735, 0.0135, 0.7419, 0.0638], [0.0376, 0.0603, 0.024, 0.0115, 0.052, 0.784, 0.0307], [0.0158, 0.0574, 0.0626, 0.0606, 0.0366, 0.7412, 0.0258], [0.0136, 0.025, 0.0539, 0.0447, 0.076, 0.7278, 0.059], [0.0812, 0.0364, 0.0432, 0.0772, 0.0192, 0.693, 0.0498], [0.026, 0.0402, 0.0455, 0.0721, 0.0608, 0.6644, 0.0909], [0.0505, 0.0653, 0.0885, 0.0179, 0.0755, 0.656, 0.0463], [0.0723, 0.0836, 0.0197, 0.0506, 0.0786, 0.63, 0.0652], [0.0407, 0.051, 0.0413, 0.0561, 0.044, 0.6815, 0.0852], [0.0296, 0.0751, 0.0277, 0.0529, 0.0361, 0.6993, 0.0792], [0.0655, 0.022, 0.0413, 0.0728, 0.0731, 0.6921, 0.0332], [0.0326, 0.0758, 0.0687, 0.0398, 0.0632, 0.6961, 0.0238], [0.0218, 0.0764, 0.0754, 0.034, 0.068, 0.7046, 0.0199], [0.0715, 0.0474, 0.0305, 0.0133, 0.0418, 0.7275, 0.068], [0.0453, 0.0498, 0.0647, 0.0503, 0.0904, 0.6239, 0.0757], [0.0441, 0.0851, 0.0186, 0.0815, 0.0192, 0.6903, 0.0612], [0.0648, 0.07, 0.0451, 0.0672, 0.0636, 0.6448, 0.0445], [0.0798, 0.0411, 0.0554, 0.0684, 0.0434, 0.6368, 0.0751], [0.0364, 0.0322, 0.0455, 0.0285, 0.0593, 0.7315, 0.0666], [0.0812, 0.0147, 0.065, 0.0225, 0.0191, 0.7619, 0.0356], [0.069, 0.0578, 0.0259, 0.0566, 0.0621, 0.6846, 0.044], [0.0145, 0.0796, 0.0271, 0.0136, 0.0535, 0.7404, 0.0713], [0.054, 0.0336, 0.0488, 0.0491, 0.0329, 0.7605, 0.0211], [0.0152, 0.088, 0.0193, 0.0598, 0.0789, 0.6822, 0.0567], [0.0694, 0.0331, 0.0408, 0.0691, 0.0156, 0.6971, 0.0749], [0.0619, 0.0725, 0.0143, 0.0355, 0.0669, 0.6915, 0.0574], [0.0263, 0.0356, 0.0678, 0.0229, 0.0478, 0.782, 0.0176], [0.033, 0.0815, 0.0552, 0.0852, 0.0723, 0.6333, 0.0394], [0.081, 0.0683, 0.0732, 0.0826, 0.0278, 0.6114, 0.0556], [0.0658, 0.0386, 0.048, 0.0329, 0.047, 0.7252, 0.0425], [0.0571, 0.0407, 0.0981, 0.0734, 0.0368, 0.6416, 0.0523], [0.0355, 0.0423, 0.0594, 0.0291, 0.0501, 0.7404, 0.0432], [0.0461, 0.0776, 0.0559, 0.021, 0.0181, 0.7411, 0.0401], [0.0614, 0.0421, 0.0178, 0.0283, 0.0459, 0.7396, 0.0649], [0.0183, 0.026, 0.0363, 0.0549, 0.0548, 0.7876, 0.022], [0.0448, 0.0179, 0.0407, 0.0526, 0.0388, 0.7582, 0.047], [0.0482, 0.0279, 0.0406, 0.0245, 0.0339, 0.8071, 0.0178], [0.069, 0.0262, 0.0544, 0.0532, 0.053, 0.69, 0.0543], [0.0573, 0.0476, 0.0526, 0.0554, 0.0136, 0.7526, 0.0208], [0.0611, 0.0463, 0.0555, 0.0767, 0.0214, 0.7215, 0.0174], [0.0526, 0.0437, 0.0725, 0.0427, 0.0364, 0.7198, 0.0323]], "emotions": ["purple", "purple", "purple", "purple", "purple", "purple", "purple", "purple", "purple", "purple", "purple", "purple", "purple", "purple", "purple", "purple", "purple", "purple", "purple", "purple", "purple", "purple", "purple", "purple", "purple", "purple", "purple", "purple", "purple", "purple", "purple", "purple", "purple", "purple", "purple", "purple", "purple", "purple", "purple", "purple", "purple", "purple", "purple", "purple", "purple", "purple", "purple", "purple", "purple", "purple", "purple", "purple", "purple", "purple", "purple", "purple", "purple", "purple", "purple", "purple", "purple", "purple", "purple", "purple", "purple", "purple", "purple", "purple", "purple", "purple", "purple", "purple", "purple", "purple", "purple", "purple", "purple", "purple", "purple", "purple"], "timestamps": [0, 40, 80, 120, 160, 200, 240, 280, 320, 360, 400, 440, 480, 520, 560, 600, 640, 680, 720, 760, 800, 840, 880, 920, 960, 1000, 1040, 1080, 1120, 1160, 1200, 1240, 1280, 1320, 1360, 1400, 1440, 1480, 1520, 1560, 1600, 1640, 1680, 1720, 1760, 1800, 1840, 1880, 1920, 1960, 2000, 2040, 2080, 2120, 2160, 2200, 2240, 2280, 2320, 2360, 2400, 2440, 2480, 2520, 2560, 2600, 2640, 2680, 2720, 2760, 2800, 2840, 2880, 2920, 2960, 3000, 3040, 3080, 3120, 3160]}], "conversation": [], "conversation_timestamps": []}