{"agent_id": "agent-green-1407", "type": "green", "trips": [{"trip_id": 0, "transport_method": "car", "start_time": 0, "path": [[1.5891878, 42.5368975], [1.5900517, 42.5365665], [1.5890727, 42.5367267], [1.5885232, 42.5357649], [1.5877408, 42.5350435], [1.5875607, 42.5348392], [1.5876098, 42.5349929], [1.586674, 42.534379], [1.5857378, 42.5337759], [1.5857065, 42.5337485], [1.5848439, 42.5331298], [1.5840054, 42.5323914], [1.5830447, 42.5318275], [1.5819408, 42.531691], [1.5808225, 42.531734], [1.5797043, 42.5317763], [1.5785856, 42.5318038], [1.577468, 42.5317499], [1.5763572, 42.5316161], [1.5752589, 42.531402], [1.57434, 42.5308126], [1.5735194, 42.5300516], [1.573414, 42.5301276], [1.5741605, 42.5309349], [1.5745683, 42.5310262], [1.573745, 42.5302681], [1.5729124, 42.5295215], [1.5718253, 42.5293578], [1.5708852, 42.5290433], [1.5699901, 42.5283714], [1.5698497, 42.5282301], [1.5707847, 42.5288451], [1.5710651, 42.5292019], [1.5701336, 42.5285815], [1.5692022, 42.5279611], [1.5682707, 42.5273407], [1.5676455, 42.5269342], [1.5686372, 42.5274471], [1.5686765, 42.5275253], [1.5677471, 42.5269017], [1.5668178, 42.5262781], [1.5658788, 42.5256753], [1.5648388, 42.5252663], [1.5638169, 42.5248967], [1.5627657, 42.5245237], [1.5619968, 42.5237237], [1.5611436, 42.5230044], [1.5601875, 42.5224345], [1.5593059, 42.5218038], [1.5584518, 42.521081], [1.5576411, 42.5203097], [1.556903, 42.5195024], [1.5566288, 42.5191518], [1.5562381, 42.5186918], [1.5564431, 42.5191004], [1.5555899, 42.5183761], [1.5551963, 42.5179929], [1.5548657, 42.5178161], [1.5540253, 42.5170771], [1.554087, 42.5173243], [1.5542508, 42.5173438], [1.5535495, 42.5164755], [1.553139, 42.5154444], [1.5526979, 42.5144515], [1.5523744, 42.513471], [1.5513925, 42.5129393], [1.5505387, 42.512236], [1.5495317, 42.5117794], [1.5484465, 42.5115067], [1.5473605, 42.5112369], [1.5464292, 42.5107009], [1.5463358, 42.5098203], [1.5460223, 42.5096312], [1.5449586, 42.5093305], [1.5438604, 42.5091775], [1.5427814, 42.5089156], [1.5417271, 42.5090399], [1.5407215, 42.5094256], [1.5397644, 42.5099645], [1.5391086, 42.5106552]], "mood_vectors": [[0.0304, 0.0614, 0.0147, 0.0655, 0.0839, 0.0248, 0.7193], [0.0147, 0.0265, 0.0189, 0.0364, 0.0455, 0.0619, 0.7961], [0.0606, 0.0667, 0.0604, 0.064, 0.0424, 0.0588, 0.6472], [0.0367, 0.057, 0.0889, 0.0707, 0.0228, 0.0691, 0.6548], [0.0229, 0.0958, 0.0372, 0.0429, 0.0222, 0.0962, 0.6827], [0.0666, 0.0738, 0.0665, 0.0387, 0.0224, 0.0533, 0.6787], [0.0525, 0.0643, 0.0252, 0.0249, 0.0201, 0.0258, 0.7873], [0.0637, 0.067, 0.0653, 0.024, 0.0161, 0.0488, 0.7151], [0.0133, 0.028, 0.0436, 0.0735, 0.0183, 0.0513, 0.7719], [0.0463, 0.0391, 0.0288, 0.0134, 0.0509, 0.0363, 0.7852], [0.0311, 0.0693, 0.0307, 0.0683, 0.0598, 0.0501, 0.6906], [0.0294, 0.068, 0.0297, 0.0632, 0.0753, 0.0442, 0.6903], [0.0149, 0.0344, 0.0387, 0.0206, 0.0469, 0.0576, 0.7868], [0.0267, 0.0347, 0.0527, 0.0287, 0.0789, 0.0138, 0.7646], [0.0585, 0.0748, 0.0249, 0.0232, 0.0585, 0.0414, 0.7187], [0.0514, 0.0537, 0.0383, 0.0227, 0.0311, 0.0547, 0.7481], [0.0265, 0.0693, 0.0182, 0.0291, 0.0124, 0.0396, 0.8049], [0.0214, 0.0764, 0.053, 0.0532, 0.0158, 0.0176, 0.7627], [0.0234, 0.0449, 0.0455, 0.0543, 0.049, 0.0238, 0.7591], [0.0224, 0.0541, 0.047, 0.0657, 0.0167, 0.0127, 0.7815], [0.0513, 0.0518, 0.0571, 0.0797, 0.0592, 0.0333, 0.6676], [0.0305, 0.0146, 0.0581, 0.0601, 0.0879, 0.02, 0.7287], [0.0109, 0.0606, 0.0665, 0.063, 0.0621, 0.0414, 0.6955], [0.0694, 0.042, 0.0784, 0.0471, 0.0152, 0.0348, 0.7132], [0.0235, 0.0341, 0.0244, 0.0397, 0.081, 0.066, 0.7313], [0.063, 0.0858, 0.0668, 0.0227, 0.0811, 0.0566, 0.624], [0.0467, 0.0423, 0.0329, 0.0212, 0.0738, 0.0335, 0.7495], [0.0829, 0.0509, 0.0768, 0.0417, 0.0771, 0.074, 0.5966], [0.0253, 0.0762, 0.0527, 0.0456, 0.0751, 0.0375, 0.6875], [0.0398, 0.0447, 0.0226, 0.0403, 0.0676, 0.0388, 0.7461], [0.0551, 0.0624, 0.0724, 0.0482, 0.0509, 0.0741, 0.6369], [0.0596, 0.0496, 0.0283, 0.0145, 0.0575, 0.0365, 0.754], [0.0201, 0.0716, 0.0149, 0.0771, 0.0709, 0.0283, 0.7171], [0.0201, 0.0337, 0.0271, 0.0345, 0.058, 0.0657, 0.7609], [0.0463, 0.0718, 0.0715, 0.062, 0.0671, 0.0162, 0.6651], [0.0153, 0.083, 0.0319, 0.0283, 0.0715, 0.0897, 0.6802], [0.0724, 0.0217, 0.0729, 0.0299, 0.0518, 0.0576, 0.6936], [0.0678, 0.0309, 0.0317, 0.0589, 0.0444, 0.0642, 0.7021], [0.0218, 0.0627, 0.06, 0.0355, 0.0692, 0.0473, 0.7036], [0.0669, 0.0231, 0.0598, 0.0722, 0.0247, 0.0605, 0.6929], [0.0414, 0.0163, 0.0649, 0.0723, 0.0715, 0.0192, 0.7145], [0.0667, 0.0676, 0.0617, 0.0391, 0.0688, 0.0692, 0.627], [0.0453, 0.0289, 0.0149, 0.0694, 0.0918, 0.0248, 0.725], [0.0235, 0.0506, 0.0641, 0.0122, 0.0528, 0.0684, 0.7285], [0.0275, 0.0426, 0.0507, 0.0663, 0.0172, 0.0276, 0.768], [0.0473, 0.0145, 0.0263, 0.0564, 0.0918, 0.0472, 0.7166], [0.0607, 0.0197, 0.0533, 0.0559, 0.0194, 0.0157, 0.7752], [0.0512, 0.0424, 0.0382, 0.0848, 0.0214, 0.0638, 0.6982], [0.0725, 0.07, 0.0142, 0.0325, 0.0709, 0.0607, 0.6792], [0.0743, 0.0762, 0.0549, 0.0279, 0.029, 0.0617, 0.6759], [0.0413, 0.0447, 0.0226, 0.0192, 0.0324, 0.0394, 0.8004], [0.0563, 0.0624, 0.0179, 0.0175, 0.05, 0.0451, 0.7508], [0.0833, 0.0808, 0.0501, 0.0558, 0.0315, 0.076, 0.6225], [0.0311, 0.0523, 0.0455, 0.0879, 0.0897, 0.0523, 0.6411], [0.0378, 0.0536, 0.061, 0.0458, 0.03, 0.0496, 0.7223], [0.0255, 0.0693, 0.0298, 0.0271, 0.0627, 0.0373, 0.7485], [0.0821, 0.0302, 0.0244, 0.035, 0.0269, 0.025, 0.7764], [0.0684, 0.0164, 0.0293, 0.0871, 0.0134, 0.0157, 0.7698], [0.058, 0.0848, 0.0179, 0.0196, 0.0437, 0.0176, 0.7584], [0.0285, 0.0219, 0.0594, 0.0695, 0.056, 0.0748, 0.6899], [0.0637, 0.0591, 0.0212, 0.0689, 0.0408, 0.0534, 0.6929], [0.0166, 0.0556, 0.0229, 0.0563, 0.0916, 0.095, 0.6621], [0.0626, 0.0297, 0.0414, 0.0707, 0.0612, 0.0577, 0.6767], [0.0727, 0.0357, 0.0686, 0.0571, 0.0913, 0.0719, 0.6027], [0.0503, 0.0822, 0.0846, 0.0305, 0.013, 0.0769, 0.6625], [0.0513, 0.0231, 0.0497, 0.0404, 0.0359, 0.0482, 0.7514], [0.0569, 0.012, 0.0236, 0.0347, 0.0203, 0.0625, 0.7899], [0.0578, 0.0224, 0.0838, 0.0234, 0.0453, 0.09, 0.6774], [0.0363, 0.0388, 0.0831, 0.0714, 0.0817, 0.0459, 0.6427], [0.0687, 0.0376, 0.0732, 0.0268, 0.0197, 0.0378, 0.7362], [0.0382, 0.0949, 0.0346, 0.0415, 0.0841, 0.0465, 0.6602], [0.0545, 0.0195, 0.0506, 0.0237, 0.0613, 0.0526, 0.7378], [0.086, 0.0198, 0.0794, 0.0597, 0.047, 0.0637, 0.6444], [0.0615, 0.089, 0.0135, 0.0607, 0.0594, 0.0237, 0.6921], [0.0731, 0.034, 0.0947, 0.0254, 0.0453, 0.0152, 0.7123], [0.051, 0.0235, 0.0578, 0.0217, 0.0582, 0.0838, 0.704], [0.0288, 0.0547, 0.0277, 0.0586, 0.057, 0.0342, 0.7391], [0.106, 0.027, 0.0251, 0.0295, 0.0362, 0.0661, 0.7101], [0.051, 0.024, 0.0149, 0.0587, 0.0706, 0.0711, 0.7097], [0.0301, 0.0446, 0.0163, 0.052, 0.0668, 0.0322, 0.758]], "emotions": ["purple", "purple", "purple", "purple", "purple", "purple", "purple", "purple", "purple", "purple", "purple", "purple", "purple", "purple", "purple", "purple", "purple", "purple", "purple", "purple", "purple", "purple", "purple", "purple", "purple", "purple", "purple", "purple", "purple", "purple", "purple", "purple", "purple", "purple", "purple", "purple", "purple", "purple", "purple", "purple", "purple", "purple", "purple", "purple", "purple", "purple", "purple", "purple", "purple", "purple", "purple", "purple", "purple", "purple", "purple", "purple", "purple", "purple", "purple", "purple", "purple", "purple", "purple", "purple", "purple", "purple", "purple", "purple", "purple", "purple", "purple", "purple", "purple", "purple", "purple", "purple", "purple", "purple", "purple", "purple"], "timestamps": [0, 40, 80, 120, 160, 200, 240, 280, 320, 360, 400, 440, 480, 520, 560, 600, 640, 680, 720, 760, 800, 840, 880, 920, 960, 1000, 1040, 1080, 1120, 1160, 1200, 1240, 1280, 1320, 1360, 1400, 1440, 1480, 1520, 1560, 1600, 1640, 1680, 1720, 1760, 1800, 1840, 1880, 1920, 1960, 2000, 2040, 2080, 2120, 2160, 2200, 2240, 2280, 2320, 2360, 2400, 2440, 2480, 2520, 2560, 2600, 2640, 2680, 2720, 2760, 2800, 2840, 2880, 2920, 2960, 3000, 3040, 3080, 3120, 3160]}], "conversation": [], "conversation_timestamps": []}