{"agent_id": "agent-orange-1553", "type": "orange", "trips": [{"trip_id": 0, "transport_method": "car", "start_time": 0, "path": [[1.4934969, 42.4725298], [1.4930901, 42.4734044], [1.4921199, 42.4737203], [1.4912498, 42.4742497], [1.4908363, 42.4751688], [1.4907784, 42.4761951], [1.4905229, 42.4771647], [1.4903605, 42.4781893], [1.4901981, 42.4792139], [1.4900357, 42.4802386], [1.4898733, 42.4812632], [1.4896099, 42.4816311], [1.4894446, 42.4806112], [1.4894044, 42.4795822], [1.4898381, 42.4786494], [1.4903608, 42.4777538], [1.490559, 42.4767963], [1.4905736, 42.4772022], [1.4904916, 42.4782364], [1.4904097, 42.4792706], [1.4903278, 42.4803048], [1.4902459, 42.481339], [1.4901639, 42.4823732], [1.4905289, 42.483312], [1.4910199, 42.4842179], [1.4918438, 42.4847396], [1.4927833, 42.4850259], [1.4936648, 42.4855611], [1.4944332, 42.486254], [1.4947284, 42.487221], [1.4947703, 42.48823], [1.495421, 42.4890364], [1.4960975, 42.489823], [1.4962983, 42.4908163], [1.496965, 42.4915381], [1.4978418, 42.4920917], [1.4987569, 42.4925802], [1.4996458, 42.4931103], [1.5004396, 42.4937752], [1.5011855, 42.4943988], [1.5021274, 42.4948336], [1.5030624, 42.4952823], [1.5040456, 42.4956108], [1.5049606, 42.496099], [1.5059425, 42.4964319], [1.506921, 42.4967766], [1.5078937, 42.4971372], [1.5088309, 42.4975815], [1.5097607, 42.4980416], [1.5105637, 42.4986736], [1.511208, 42.4994868], [1.5118467, 42.5003042], [1.5124699, 42.5011336], [1.5131855, 42.5018607], [1.514063, 42.502393], [1.513315, 42.5017016], [1.5133747, 42.5019147], [1.5143086, 42.5023664], [1.514855, 42.5026317], [1.5157185, 42.5032067], [1.5151313, 42.5028082], [1.5159437, 42.5033611], [1.5168987, 42.5037291], [1.517931, 42.5036826], [1.5189599, 42.5035498], [1.5198906, 42.5038183], [1.5208509, 42.5042108], [1.5218202, 42.5045783], [1.5227338, 42.5047399], [1.5237586, 42.5048821], [1.5247791, 42.5050674], [1.5257971, 42.5052672], [1.5268279, 42.505299], [1.5278389, 42.5054829], [1.5277395, 42.5054367], [1.5287345, 42.5057301], [1.5296435, 42.506203], [1.5304958, 42.5067942], [1.530909, 42.5074009], [1.531603, 42.5077685]], "mood_vectors": [[0.0926, 0.0209, 0.0382, 0.0443, 0.6731, 0.061, 0.0699], [0.0357, 0.0287, 0.0124, 0.0249, 0.7728, 0.0755, 0.0501], [0.0495, 0.0496, 0.0379, 0.0716, 0.709, 0.0551, 0.0274], [0.0455, 0.0236, 0.044, 0.0323, 0.7477, 0.0278, 0.0791], [0.0161, 0.0644, 0.0288, 0.0545, 0.7482, 0.0645, 0.0235], [0.0266, 0.0427, 0.069, 0.0507, 0.6962, 0.0551, 0.0598], [0.0217, 0.0677, 0.0467, 0.0543, 0.7113, 0.0507, 0.0476], [0.0502, 0.0657, 0.0585, 0.0604, 0.6535, 0.0775, 0.0341], [0.0345, 0.0299, 0.0493, 0.0184, 0.7071, 0.0814, 0.0794], [0.0591, 0.0342, 0.0857, 0.0688, 0.6543, 0.0457, 0.0522], [0.0828, 0.0327, 0.0188, 0.0555, 0.7157, 0.0319, 0.0626], [0.0204, 0.0659, 0.0687, 0.0641, 0.6569, 0.0497, 0.0742], [0.0295, 0.0518, 0.0436, 0.02, 0.7357, 0.0516, 0.0678], [0.0143, 0.0835, 0.0375, 0.015, 0.734, 0.0482, 0.0675], [0.0646, 0.07, 0.0281, 0.0533, 0.6621, 0.0563, 0.0657], [0.0659, 0.0392, 0.0648, 0.0277, 0.7141, 0.0287, 0.0595], [0.0568, 0.0544, 0.0197, 0.0479, 0.7636, 0.0366, 0.021], [0.022, 0.0754, 0.0395, 0.0815, 0.6509, 0.0531, 0.0776], [0.0551, 0.061, 0.0565, 0.0324, 0.6497, 0.0759, 0.0694], [0.0535, 0.0351, 0.072, 0.0484, 0.6696, 0.0529, 0.0684], [0.0136, 0.0512, 0.0197, 0.0704, 0.722, 0.07, 0.0532], [0.0597, 0.0764, 0.0234, 0.0413, 0.7498, 0.0372, 0.0122], [0.0375, 0.0451, 0.0421, 0.0422, 0.7638, 0.0278, 0.0415], [0.036, 0.0423, 0.047, 0.0141, 0.8134, 0.0201, 0.0271], [0.0377, 0.0769, 0.0128, 0.047, 0.7519, 0.0446, 0.0291], [0.0414, 0.0124, 0.0494, 0.0671, 0.7617, 0.013, 0.0551], [0.0287, 0.0902, 0.0756, 0.0511, 0.6364, 0.0654, 0.0526], [0.0303, 0.073, 0.0695, 0.0727, 0.6869, 0.0501, 0.0175], [0.0129, 0.0448, 0.0301, 0.0199, 0.7881, 0.0786, 0.0257], [0.0225, 0.0402, 0.0139, 0.0757, 0.794, 0.0136, 0.0401], [0.0314, 0.054, 0.0678, 0.0612, 0.7124, 0.0271, 0.0461], [0.0367, 0.0477, 0.0261, 0.065, 0.7194, 0.0505, 0.0546], [0.0433, 0.0286, 0.0609, 0.0152, 0.7743, 0.0263, 0.0513], [0.0381, 0.0131, 0.03, 0.08, 0.7429, 0.0405, 0.0554], [0.0186, 0.0751, 0.0438, 0.0444, 0.7558, 0.0475, 0.0147], [0.0291, 0.0778, 0.0347, 0.0681, 0.6239, 0.0845, 0.082], [0.015, 0.0426, 0.0624, 0.0757, 0.7331, 0.0561, 0.0151], [0.0227, 0.0531, 0.0504, 0.064, 0.7086, 0.0769, 0.0243], [0.0703, 0.0805, 0.0536, 0.0895, 0.6056, 0.0608, 0.0397], [0.0274, 0.0563, 0.0241, 0.018, 0.779, 0.0486, 0.0466], [0.0264, 0.0831, 0.0709, 0.0614, 0.6927, 0.0394, 0.026], [0.0514, 0.0266, 0.062, 0.0526, 0.7438, 0.0343, 0.0293], [0.0312, 0.0657, 0.0668, 0.0151, 0.7028, 0.0902, 0.0283], [0.0189, 0.0656, 0.0735, 0.0345, 0.6949, 0.0723, 0.0402], [0.0504, 0.0424, 0.0297, 0.0533, 0.7068, 0.047, 0.0705], [0.0192, 0.0513, 0.0569, 0.0766, 0.6923, 0.0645, 0.0391], [0.012, 0.0555, 0.0788, 0.0764, 0.6985, 0.0365, 0.0423], [0.0533, 0.0282, 0.0616, 0.0683, 0.7069, 0.0122, 0.0695], [0.0501, 0.0563, 0.0452, 0.0372, 0.7436, 0.0133, 0.0543], [0.026, 0.0149, 0.0608, 0.078, 0.7411, 0.0175, 0.0616], [0.0365, 0.0153, 0.0523, 0.0541, 0.7952, 0.0296, 0.017], [0.0417, 0.0791, 0.1009, 0.0237, 0.6467, 0.0249, 0.083], [0.0381, 0.0349, 0.0429, 0.0169, 0.792, 0.0157, 0.0595], [0.0487, 0.0849, 0.0442, 0.0847, 0.6534, 0.0579, 0.0263], [0.0694, 0.0507, 0.0182, 0.0313, 0.6921, 0.069, 0.0692], [0.0745, 0.0216, 0.0243, 0.0329, 0.7772, 0.0424, 0.027], [0.0804, 0.0135, 0.0252, 0.0537, 0.7087, 0.0463, 0.0721], [0.0696, 0.0283, 0.03, 0.0372, 0.7543, 0.0186, 0.0621], [0.0722, 0.0386, 0.0298, 0.0591, 0.7258, 0.0182, 0.0563], [0.0573, 0.0226, 0.0313, 0.0909, 0.7086, 0.0661, 0.0233], [0.0731, 0.028, 0.0693, 0.0269, 0.6785, 0.0485, 0.0758], [0.0306, 0.0812, 0.0459, 0.0428, 0.6856, 0.0761, 0.0379], [0.0435, 0.0691, 0.0552, 0.0717, 0.7175, 0.02, 0.023], [0.02, 0.0464, 0.0296, 0.0681, 0.7324, 0.0474, 0.0561], [0.017, 0.0362, 0.0263, 0.0435, 0.8221, 0.0346, 0.0203], [0.0205, 0.0505, 0.0501, 0.0236, 0.7606, 0.0356, 0.0591], [0.0548, 0.0244, 0.0756, 0.0347, 0.685, 0.0594, 0.0662], [0.0478, 0.0393, 0.0783, 0.0611, 0.6471, 0.0695, 0.057], [0.0682, 0.021, 0.0648, 0.0215, 0.7341, 0.0703, 0.0201], [0.016, 0.0733, 0.0617, 0.046, 0.6802, 0.0677, 0.0552], [0.0501, 0.0669, 0.046, 0.0226, 0.6984, 0.042, 0.0742], [0.0646, 0.0318, 0.0763, 0.0147, 0.764, 0.0201, 0.0284], [0.0562, 0.0644, 0.0702, 0.0358, 0.6929, 0.0388, 0.0417], [0.056, 0.0589, 0.0739, 0.0675, 0.6039, 0.0629, 0.0768], [0.0788, 0.0708, 0.0434, 0.0211, 0.6595, 0.0765, 0.05], [0.0807, 0.0773, 0.0205, 0.0541, 0.6292, 0.0526, 0.0856], [0.0266, 0.066, 0.0763, 0.0719, 0.6538, 0.0302, 0.0752], [0.0565, 0.0793, 0.0363, 0.0776, 0.621, 0.0675, 0.0619], [0.0203, 0.0256, 0.0446, 0.0445, 0.7545, 0.0446, 0.0659], [0.0575, 0.0215, 0.0187, 0.0675, 0.7372, 0.0501, 0.0474]], "emotions": ["red", "red", "red", "red", "red", "red", "red", "red", "red", "red", "red", "red", "red", "red", "red", "red", "red", "red", "red", "red", "red", "red", "red", "red", "red", "red", "red", "red", "red", "red", "red", "red", "red", "red", "red", "red", "red", "red", "red", "red", "red", "red", "red", "red", "red", "red", "red", "red", "red", "red", "red", "red", "red", "red", "red", "red", "red", "red", "red", "red", "red", "red", "red", "red", "red", "red", "red", "red", "red", "red", "red", "red", "red", "red", "red", "red", "red", "red", "red", "red"], "timestamps": [0, 40, 80, 120, 160, 200, 240, 280, 320, 360, 400, 440, 480, 520, 560, 600, 640, 680, 720, 760, 800, 840, 880, 920, 960, 1000, 1040, 1080, 1120, 1160, 1200, 1240, 1280, 1320, 1360, 1400, 1440, 1480, 1520, 1560, 1600, 1640, 1680, 1720, 1760, 1800, 1840, 1880, 1920, 1960, 2000, 2040, 2080, 2120, 2160, 2200, 2240, 2280, 2320, 2360, 2400, 2440, 2480, 2520, 2560, 2600, 2640, 2680, 2720, 2760, 2800, 2840, 2880, 2920, 2960, 3000, 3040, 3080, 3120, 3160]}], "conversation": [], "conversation_timestamps": []}