{"agent_id": "agent-orange-283", "type": "orange", "trips": [{"trip_id": 0, "transport_method": "foot", "start_time": 0, "path": [[1.5226175, 42.5078455], [1.5233558, 42.5083887], [1.524436, 42.5089299], [1.5254663, 42.5094915], [1.5266406, 42.5103576], [1.5264727, 42.5100065], [1.5270226, 42.5102204], [1.5284211, 42.5108507], [1.5298017, 42.5114742], [1.5282979, 42.5112051], [1.5272462, 42.5107973], [1.5287275, 42.5111955], [1.5302089, 42.5115937], [1.5307645, 42.5125935], [1.5303414, 42.5139901], [1.5294785, 42.5150846], [1.5283596, 42.5160921], [1.5270312, 42.5168592], [1.526866, 42.5170392], [1.5281994, 42.5163321], [1.5284057, 42.5161022], [1.5271195, 42.5169381], [1.5258333, 42.5177739], [1.5247199, 42.5185277], [1.5258539, 42.5175106], [1.5254285, 42.5179199], [1.5241897, 42.5188227], [1.5237549, 42.5202025], [1.522996, 42.5215143], [1.5218923, 42.5225417], [1.5211348, 42.5238471], [1.5206146, 42.5252441], [1.5202699, 42.5266957], [1.5203245, 42.5280192], [1.520507, 42.5294389], [1.5197625, 42.530496], [1.5195683, 42.5319515], [1.5195867, 42.5334282], [1.5201536, 42.5346872], [1.5212877, 42.535716], [1.5202793, 42.5367664], [1.5196434, 42.5381578], [1.5193402, 42.5396505], [1.5192213, 42.5410614], [1.5179468, 42.5417669], [1.5189504, 42.5413104], [1.5176392, 42.5420643], [1.5168331, 42.5433519], [1.515708, 42.5443884], [1.5148454, 42.5456102], [1.5138828, 42.5466515], [1.5133683, 42.548035], [1.5123648, 42.5490757], [1.511355, 42.5502043], [1.5100986, 42.5510721], [1.5089065, 42.5520234], [1.5090223, 42.5519376], [1.5078547, 42.5529314], [1.5067469, 42.5539922], [1.5063733, 42.5554281], [1.5054305, 42.5566289], [1.504786, 42.5579539], [1.50412, 42.5591742], [1.502755, 42.5597628], [1.5015587, 42.5607193], [1.5001586, 42.5612574], [1.4989954, 42.5616384], [1.4974731, 42.5614797], [1.4960967, 42.5618724], [1.4950232, 42.562943], [1.4936811, 42.5636193], [1.4923334, 42.5642989], [1.4912877, 42.5654179], [1.4902274, 42.5665187], [1.4892016, 42.5676494], [1.4884676, 42.5689023], [1.4886183, 42.5684238], [1.4878094, 42.5696871], [1.4890827, 42.5692427], [1.4886824, 42.5701878]], "mood_vectors": [[0.0124, 0.0287, 0.0323, 0.019, 0.7783, 0.0572, 0.0721], [0.09, 0.021, 0.0229, 0.0137, 0.7174, 0.0807, 0.0544], [0.0422, 0.063, 0.0502, 0.0423, 0.6953, 0.0525, 0.0545], [0.0414, 0.0561, 0.0311, 0.0359, 0.7388, 0.0625, 0.0342], [0.0463, 0.0272, 0.0678, 0.0326, 0.7107, 0.0725, 0.043], [0.0951, 0.0324, 0.0659, 0.0402, 0.6988, 0.0196, 0.0479], [0.0386, 0.0402, 0.0528, 0.049, 0.7242, 0.0277, 0.0675], [0.0876, 0.0226, 0.0644, 0.0218, 0.6854, 0.0535, 0.0647], [0.0644, 0.0596, 0.0526, 0.0549, 0.7142, 0.0364, 0.018], [0.0456, 0.0714, 0.0666, 0.0663, 0.6621, 0.038, 0.0501], [0.0484, 0.0614, 0.079, 0.0785, 0.6065, 0.069, 0.0572], [0.0547, 0.0316, 0.0355, 0.0251, 0.7806, 0.0583, 0.0143], [0.036, 0.0381, 0.0897, 0.0558, 0.6757, 0.0546, 0.0501], [0.0325, 0.0212, 0.0305, 0.0717, 0.7733, 0.0208, 0.05], [0.0621, 0.0324, 0.0239, 0.0604, 0.7732, 0.0224, 0.0255], [0.021, 0.0784, 0.0143, 0.0491, 0.7352, 0.0715, 0.0304], [0.0283, 0.0529, 0.0595, 0.0803, 0.6455, 0.0569, 0.0767], [0.0418, 0.0541, 0.0691, 0.0596, 0.7248, 0.0226, 0.028], [0.0309, 0.065, 0.0855, 0.0394, 0.6914, 0.0304, 0.0574], [0.0694, 0.0216, 0.0269, 0.0309, 0.8208, 0.0143, 0.0161], [0.0772, 0.0764, 0.0558, 0.0311, 0.6823, 0.029, 0.048], [0.0531, 0.0683, 0.0421, 0.0651, 0.6876, 0.0176, 0.0662], [0.0227, 0.0627, 0.0612, 0.019, 0.7278, 0.0463, 0.0603], [0.04, 0.0599, 0.0384, 0.0241, 0.7248, 0.0566, 0.0562], [0.0653, 0.0207, 0.0846, 0.0264, 0.7321, 0.028, 0.0429], [0.0135, 0.0274, 0.0615, 0.0231, 0.7797, 0.0515, 0.0432], [0.0748, 0.0192, 0.0579, 0.0389, 0.7184, 0.0243, 0.0666], [0.0446, 0.0332, 0.0347, 0.0838, 0.7005, 0.0325, 0.0708], [0.0159, 0.0727, 0.0267, 0.0142, 0.7099, 0.0758, 0.0848], [0.0739, 0.0426, 0.0627, 0.0242, 0.714, 0.0183, 0.0644], [0.0354, 0.0661, 0.0377, 0.0213, 0.7043, 0.0713, 0.0639], [0.0205, 0.0742, 0.0442, 0.0375, 0.691, 0.0727, 0.0598], [0.0222, 0.0174, 0.0244, 0.0642, 0.7758, 0.0545, 0.0415], [0.0444, 0.0571, 0.0535, 0.0815, 0.6921, 0.0584, 0.0129], [0.0494, 0.0378, 0.0498, 0.0558, 0.7132, 0.0253, 0.0688], [0.0561, 0.0666, 0.065, 0.0619, 0.6348, 0.0772, 0.0385], [0.0343, 0.0288, 0.0517, 0.0641, 0.7483, 0.0417, 0.0312], [0.0397, 0.0615, 0.0301, 0.0214, 0.7409, 0.0802, 0.0261], [0.0378, 0.0264, 0.0876, 0.0686, 0.7254, 0.0214, 0.0328], [0.0771, 0.037, 0.0195, 0.0836, 0.6548, 0.0559, 0.0721], [0.0159, 0.0138, 0.015, 0.087, 0.7258, 0.0867, 0.0557], [0.0305, 0.0175, 0.0277, 0.0523, 0.7359, 0.0661, 0.07], [0.0717, 0.0205, 0.0713, 0.0228, 0.7018, 0.0538, 0.058], [0.0362, 0.0143, 0.0199, 0.0469, 0.8108, 0.0142, 0.0576], [0.0269, 0.03, 0.0232, 0.0482, 0.7546, 0.0346, 0.0826], [0.018, 0.0477, 0.0472, 0.0305, 0.7981, 0.036, 0.0226], [0.0505, 0.0456, 0.0838, 0.0594, 0.7153, 0.0246, 0.0208], [0.0743, 0.0656, 0.0481, 0.0364, 0.665, 0.0803, 0.0304], [0.0695, 0.0754, 0.027, 0.0774, 0.6533, 0.0365, 0.0609], [0.0312, 0.0428, 0.0666, 0.0709, 0.6542, 0.065, 0.0693], [0.0599, 0.0881, 0.0281, 0.0436, 0.6741, 0.0494, 0.057], [0.0754, 0.0249, 0.0683, 0.0352, 0.6771, 0.0208, 0.0983], [0.0373, 0.0659, 0.0663, 0.0588, 0.6274, 0.0705, 0.0738], [0.0527, 0.0568, 0.0458, 0.0127, 0.7172, 0.0431, 0.0717], [0.0263, 0.0606, 0.068, 0.0643, 0.6605, 0.0449, 0.0755], [0.0613, 0.0535, 0.086, 0.0466, 0.6728, 0.0428, 0.0369], [0.054, 0.0525, 0.0487, 0.0288, 0.7216, 0.0763, 0.0181], [0.0792, 0.0202, 0.0275, 0.0374, 0.7881, 0.0252, 0.0224], [0.0288, 0.0718, 0.0869, 0.0414, 0.6875, 0.0155, 0.0681], [0.0674, 0.0729, 0.0283, 0.0779, 0.6545, 0.0236, 0.0754], [0.0659, 0.0405, 0.0724, 0.0569, 0.6591, 0.0228, 0.0826], [0.0166, 0.0249, 0.0956, 0.0401, 0.7064, 0.0623, 0.0541], [0.0268, 0.0541, 0.0488, 0.049, 0.6693, 0.0699, 0.0821], [0.0647, 0.0429, 0.0152, 0.072, 0.6617, 0.0694, 0.074], [0.0561, 0.0167, 0.0246, 0.0829, 0.7467, 0.0272, 0.0458], [0.0253, 0.039, 0.0774, 0.0489, 0.7064, 0.0502, 0.0529], [0.0849, 0.0793, 0.0287, 0.0281, 0.6392, 0.0546, 0.0851], [0.0707, 0.0775, 0.0798, 0.0262, 0.6533, 0.0141, 0.0784], [0.0266, 0.021, 0.0436, 0.0397, 0.7339, 0.0681, 0.067], [0.0767, 0.0399, 0.0643, 0.0202, 0.7182, 0.0448, 0.0358], [0.053, 0.0407, 0.0667, 0.0198, 0.7081, 0.0888, 0.0229], [0.0176, 0.0329, 0.0508, 0.0497, 0.7589, 0.0309, 0.0592], [0.0147, 0.021, 0.0179, 0.0556, 0.7853, 0.0191, 0.0863], [0.0273, 0.0816, 0.0277, 0.0222, 0.743, 0.0686, 0.0296], [0.0587, 0.0467, 0.0696, 0.0291, 0.7098, 0.0398, 0.0464], [0.0489, 0.0543, 0.0472, 0.0255, 0.7265, 0.0505, 0.0471], [0.0649, 0.0432, 0.064, 0.0468, 0.6773, 0.0626, 0.0414], [0.0336, 0.0716, 0.0664, 0.0424, 0.6288, 0.0765, 0.0806], [0.0523, 0.0643, 0.0286, 0.0409, 0.7183, 0.072, 0.0235], [0.0164, 0.0239, 0.0207, 0.0426, 0.7968, 0.0722, 0.0275]], "emotions": ["red", "red", "red", "red", "red", "red", "red", "red", "red", "red", "red", "red", "red", "red", "red", "red", "red", "red", "red", "red", "red", "red", "red", "red", "red", "red", "red", "red", "red", "red", "red", "red", "red", "red", "red", "red", "red", "red", "red", "red", "red", "red", "red", "red", "red", "red", "red", "red", "red", "red", "red", "red", "red", "red", "red", "red", "red", "red", "red", "red", "red", "red", "red", "red", "red", "red", "red", "red", "red", "red", "red", "red", "red", "red", "red", "red", "red", "red", "red", "red"], "timestamps": [0, 40, 80, 120, 160, 200, 240, 280, 320, 360, 400, 440, 480, 520, 560, 600, 640, 680, 720, 760, 800, 840, 880, 920, 960, 1000, 1040, 1080, 1120, 1160, 1200, 1240, 1280, 1320, 1360, 1400, 1440, 1480, 1520, 1560, 1600, 1640, 1680, 1720, 1760, 1800, 1840, 1880, 1920, 1960, 2000, 2040, 2080, 2120, 2160, 2200, 2240, 2280, 2320, 2360, 2400, 2440, 2480, 2520, 2560, 2600, 2640, 2680, 2720, 2760, 2800, 2840, 2880, 2920, 2960, 3000, 3040, 3080, 3120, 3160]}], "conversation": [], "conversation_timestamps": []}