{"agent_id": "agent-blue-1190", "type": "blue", "trips": [{"trip_id": 0, "transport_method": "bus", "start_time": 0, "path": [[1.5254545, 42.5074856], [1.5261874, 42.5078236], [1.5268585, 42.50811], [1.5277245, 42.5081114], [1.5284578, 42.5085076], [1.5285876, 42.5089281], [1.5285324, 42.5093863], [1.5291472, 42.5099764], [1.529599, 42.5106609], [1.5298052, 42.5112615], [1.530504, 42.5116805], [1.5309688, 42.5122969], [1.5304777, 42.5130103], [1.5302897, 42.5138399], [1.5300946, 42.5145536], [1.5294558, 42.515113], [1.5289064, 42.5157762], [1.5281564, 42.5162094], [1.5274065, 42.5166425], [1.5266565, 42.5170756], [1.5266353, 42.5170753], [1.5273796, 42.5166862], [1.528166, 42.5163477], [1.5288606, 42.5158507], [1.5282704, 42.5161902], [1.5275442, 42.5166621], [1.526818, 42.517134], [1.5260918, 42.5176059], [1.5253656, 42.5180778], [1.5246393, 42.5185497], [1.525315, 42.5180699], [1.5259175, 42.5174509], [1.5259, 42.5175828], [1.5251955, 42.5180865], [1.5244918, 42.5185913], [1.5239205, 42.5191684], [1.5238053, 42.5200267], [1.5234743, 42.520825], [1.5229841, 42.5215236], [1.5222771, 42.5220213], [1.521823, 42.522743], [1.5214307, 42.5235022], [1.5208933, 42.5241799], [1.5206223, 42.5249879], [1.5205939, 42.5258535], [1.5203049, 42.5266494], [1.519953, 42.5274077], [1.5204095, 42.5281306], [1.5206604, 42.5289428], [1.5203208, 42.5297214], [1.5196883, 42.5301852], [1.5198004, 42.5310212], [1.5195638, 42.5318204], [1.5197176, 42.5326606], [1.5195579, 42.5334887], [1.5197258, 42.5342652], [1.5203441, 42.5348717], [1.5209954, 42.5354417], [1.521048, 42.5360435], [1.5203899, 42.5365947], [1.5199836, 42.5373549], [1.5196457, 42.5381521], [1.5194861, 42.5389969], [1.5193711, 42.539839], [1.5194276, 42.5406526], [1.5189677, 42.5412995], [1.5181802, 42.54166], [1.5184876, 42.5415349], [1.5190222, 42.5412764], [1.5182394, 42.5416471], [1.5175743, 42.5421639], [1.5171537, 42.5429199], [1.5165894, 42.5435527], [1.5159667, 42.5441517], [1.5153884, 42.5447866], [1.5149749, 42.5455301], [1.5144348, 42.5460653], [1.5139883, 42.5467543], [1.5145615, 42.5473752], [1.5139831, 42.547855]], "mood_vectors": [[0.0342, 0.0354, 0.0826, 0.6836, 0.0634, 0.0672, 0.0335], [0.0567, 0.0629, 0.0197, 0.6849, 0.0544, 0.049, 0.0724], [0.0418, 0.0566, 0.0365, 0.7382, 0.0558, 0.0544, 0.0167], [0.0416, 0.0744, 0.065, 0.7028, 0.0731, 0.0139, 0.0292], [0.0205, 0.0625, 0.063, 0.7597, 0.0264, 0.0227, 0.0452], [0.032, 0.0627, 0.0232, 0.7281, 0.0783, 0.022, 0.0537], [0.0256, 0.0453, 0.034, 0.7888, 0.0128, 0.066, 0.0276], [0.0215, 0.0331, 0.0148, 0.8206, 0.0141, 0.0187, 0.0773], [0.0528, 0.0577, 0.0257, 0.645, 0.051, 0.0817, 0.0862], [0.03, 0.0477, 0.0659, 0.7218, 0.0409, 0.0372, 0.0566], [0.0692, 0.0644, 0.0545, 0.6727, 0.0382, 0.0483, 0.0526], [0.0662, 0.0667, 0.0491, 0.7352, 0.0157, 0.0306, 0.0364], [0.0688, 0.0728, 0.0462, 0.7307, 0.0378, 0.0226, 0.0212], [0.0511, 0.0764, 0.0625, 0.6555, 0.0592, 0.0653, 0.03], [0.0154, 0.056, 0.0685, 0.7365, 0.0487, 0.0334, 0.0415], [0.0782, 0.055, 0.0871, 0.642, 0.071, 0.0304, 0.0364], [0.0357, 0.0242, 0.0731, 0.6513, 0.0859, 0.0801, 0.0497], [0.0414, 0.0411, 0.0837, 0.6664, 0.0742, 0.0236, 0.0696], [0.0548, 0.053, 0.0214, 0.7053, 0.0342, 0.0745, 0.0568], [0.0868, 0.0622, 0.0553, 0.6524, 0.0575, 0.0474, 0.0384], [0.0428, 0.0662, 0.0685, 0.7201, 0.0388, 0.022, 0.0416], [0.0238, 0.0557, 0.0715, 0.7155, 0.0731, 0.0397, 0.0208], [0.0789, 0.0255, 0.088, 0.6851, 0.0614, 0.0422, 0.0189], [0.0319, 0.024, 0.05, 0.7356, 0.0567, 0.0395, 0.0622], [0.0393, 0.0338, 0.046, 0.7648, 0.0839, 0.0168, 0.0155], [0.0193, 0.0549, 0.0176, 0.7144, 0.0682, 0.0595, 0.066], [0.0613, 0.0462, 0.073, 0.6383, 0.0853, 0.0508, 0.0451], [0.0699, 0.0351, 0.0954, 0.7069, 0.0539, 0.0221, 0.0167], [0.0645, 0.0703, 0.0613, 0.6065, 0.0934, 0.0793, 0.0248], [0.0668, 0.0483, 0.0764, 0.6574, 0.0318, 0.0811, 0.0382], [0.0468, 0.053, 0.0626, 0.6061, 0.0665, 0.0821, 0.0829], [0.0139, 0.0437, 0.0732, 0.7387, 0.027, 0.0654, 0.038], [0.0628, 0.0552, 0.0236, 0.7214, 0.0505, 0.0511, 0.0355], [0.0637, 0.044, 0.0219, 0.7335, 0.0699, 0.0243, 0.0427], [0.0526, 0.0129, 0.0622, 0.77, 0.0215, 0.0645, 0.0165], [0.0882, 0.0592, 0.0767, 0.6127, 0.0698, 0.0747, 0.0187], [0.0329, 0.0622, 0.0655, 0.6684, 0.0312, 0.0695, 0.0703], [0.0311, 0.0617, 0.02, 0.7329, 0.0803, 0.0336, 0.0403], [0.0246, 0.0727, 0.0541, 0.6655, 0.0889, 0.0543, 0.0398], [0.0637, 0.0341, 0.0506, 0.6866, 0.0525, 0.0494, 0.0632], [0.0528, 0.0825, 0.0548, 0.647, 0.0448, 0.026, 0.0921], [0.0766, 0.0675, 0.0303, 0.7088, 0.0696, 0.0266, 0.0206], [0.0155, 0.0451, 0.0868, 0.7643, 0.024, 0.04, 0.0243], [0.0648, 0.0854, 0.0752, 0.6158, 0.0565, 0.0775, 0.0249], [0.0597, 0.033, 0.0205, 0.7763, 0.0166, 0.0491, 0.0448], [0.0273, 0.0686, 0.0881, 0.6327, 0.0452, 0.0662, 0.0719], [0.0375, 0.0724, 0.0199, 0.7219, 0.053, 0.024, 0.0713], [0.0522, 0.0891, 0.09, 0.623, 0.0906, 0.0171, 0.038], [0.0379, 0.0562, 0.053, 0.7051, 0.0561, 0.0674, 0.0243], [0.0183, 0.0231, 0.0618, 0.7114, 0.058, 0.0643, 0.063], [0.0489, 0.0629, 0.0458, 0.6657, 0.0381, 0.0622, 0.0764], [0.0698, 0.0176, 0.0179, 0.7788, 0.0788, 0.0167, 0.0204], [0.0208, 0.0446, 0.0712, 0.6876, 0.0478, 0.057, 0.071], [0.0841, 0.0324, 0.091, 0.625, 0.0845, 0.0311, 0.0519], [0.0615, 0.0606, 0.0375, 0.6613, 0.0351, 0.0671, 0.0769], [0.0634, 0.016, 0.0428, 0.6637, 0.0357, 0.095, 0.0835], [0.0573, 0.0147, 0.073, 0.6856, 0.0772, 0.0153, 0.0769], [0.0482, 0.0435, 0.0268, 0.7034, 0.0425, 0.076, 0.0594], [0.0738, 0.0229, 0.0604, 0.6846, 0.0557, 0.0751, 0.0275], [0.0267, 0.0383, 0.0502, 0.7643, 0.0384, 0.0184, 0.0637], [0.0331, 0.0388, 0.0531, 0.73, 0.0571, 0.0282, 0.0596], [0.0334, 0.0475, 0.0154, 0.7019, 0.0467, 0.0822, 0.073], [0.0602, 0.0777, 0.0762, 0.604, 0.0827, 0.0181, 0.081], [0.0513, 0.0772, 0.0579, 0.6806, 0.0608, 0.0355, 0.0366], [0.064, 0.0118, 0.0578, 0.6696, 0.0575, 0.0727, 0.0666], [0.0434, 0.0645, 0.0183, 0.6723, 0.0354, 0.0885, 0.0776], [0.0883, 0.0487, 0.0214, 0.6541, 0.0308, 0.0809, 0.0759], [0.0513, 0.0215, 0.0257, 0.76, 0.0455, 0.0388, 0.0573], [0.0733, 0.0541, 0.0428, 0.7335, 0.0233, 0.0284, 0.0444], [0.0277, 0.07, 0.0835, 0.6632, 0.0615, 0.0598, 0.0342], [0.0157, 0.0291, 0.0418, 0.6417, 0.096, 0.0813, 0.0943], [0.0655, 0.0834, 0.0772, 0.6345, 0.0462, 0.0535, 0.0398], [0.0939, 0.0835, 0.059, 0.6716, 0.0453, 0.0311, 0.0156], [0.0893, 0.0234, 0.031, 0.6439, 0.084, 0.0932, 0.0352], [0.0141, 0.0144, 0.0801, 0.6758, 0.0667, 0.0586, 0.0902], [0.0518, 0.0656, 0.0209, 0.6657, 0.0841, 0.0599, 0.0521], [0.0461, 0.0388, 0.032, 0.7816, 0.0219, 0.0325, 0.0471], [0.0539, 0.0166, 0.0822, 0.6391, 0.0917, 0.0818, 0.0347], [0.078, 0.017, 0.0445, 0.7071, 0.05, 0.0277, 0.0757], [0.0223, 0.0562, 0.0567, 0.6889, 0.0599, 0.0473, 0.0686]], "emotions": ["green", "green", "green", "green", "green", "green", "green", "green", "green", "green", "green", "green", "green", "green", "green", "green", "green", "green", "green", "green", "green", "green", "green", "green", "green", "green", "green", "green", "green", "green", "green", "green", "green", "green", "green", "green", "green", "green", "green", "green", "green", "green", "green", "green", "green", "green", "green", "green", "green", "green", "green", "green", "green", "green", "green", "green", "green", "green", "green", "green", "green", "green", "green", "green", "green", "green", "green", "green", "green", "green", "green", "green", "green", "green", "green", "green", "green", "green", "green", "green"], "timestamps": [0, 40, 80, 120, 160, 200, 240, 280, 320, 360, 400, 440, 480, 520, 560, 600, 640, 680, 720, 760, 800, 840, 880, 920, 960, 1000, 1040, 1080, 1120, 1160, 1200, 1240, 1280, 1320, 1360, 1400, 1440, 1480, 1520, 1560, 1600, 1640, 1680, 1720, 1760, 1800, 1840, 1880, 1920, 1960, 2000, 2040, 2080, 2120, 2160, 2200, 2240, 2280, 2320, 2360, 2400, 2440, 2480, 2520, 2560, 2600, 2640, 2680, 2720, 2760, 2800, 2840, 2880, 2920, 2960, 3000, 3040, 3080, 3120, 3160]}], "conversation": [], "conversation_timestamps": []}