{"agent_id": "agent-blue-1285", "type": "blue", "trips": [{"trip_id": 0, "transport_method": "car", "start_time": 0, "path": [[1.5287307, 42.5083656], [1.5280755, 42.507628], [1.5282363, 42.5079733], [1.528862, 42.5086374], [1.5283874, 42.5089405], [1.5287688, 42.5096418], [1.5294999, 42.510309], [1.5296656, 42.5110803], [1.5304198, 42.5116548], [1.5309375, 42.5123423], [1.5303784, 42.513181], [1.5304109, 42.5141517], [1.5297058, 42.51484], [1.5290614, 42.5155967], [1.5282382, 42.5161621], [1.5273642, 42.5166669], [1.5264901, 42.5171717], [1.5269521, 42.5169885], [1.5278133, 42.516502], [1.5286957, 42.5160295], [1.5283549, 42.5161353], [1.5275086, 42.5166852], [1.5266622, 42.5172352], [1.5258158, 42.5177852], [1.5249695, 42.5183352], [1.525116, 42.5182217], [1.5258409, 42.5175244], [1.5258706, 42.5176038], [1.5250496, 42.5181909], [1.5242398, 42.5187923], [1.5238626, 42.5196308], [1.5235804, 42.5205911], [1.5230725, 42.5214525], [1.5222546, 42.5220409], [1.5217794, 42.5229105], [1.5212223, 42.5237401], [1.5206853, 42.5245886], [1.5206032, 42.5255905], [1.5203725, 42.5265505], [1.5199544, 42.5274311], [1.5204999, 42.5282704], [1.5206043, 42.5292448], [1.5199661, 42.5299875], [1.5198249, 42.5307533], [1.5195476, 42.5316953], [1.51972, 42.5326776], [1.5195036, 42.5336389], [1.5199418, 42.5344787], [1.5206723, 42.5351748], [1.5211752, 42.5358261], [1.52047, 42.5364892], [1.5199796, 42.5373649], [1.5195923, 42.5382965], [1.5193957, 42.5392802], [1.5193177, 42.5402477], [1.5191402, 42.5411299], [1.5183065, 42.5416022], [1.5184917, 42.5415332], [1.5188887, 42.5413397], [1.5179764, 42.5417716], [1.5173521, 42.5425364], [1.5168142, 42.5433735], [1.516072, 42.5440518], [1.5153898, 42.5447852], [1.5148551, 42.5456048], [1.5142191, 42.5462494], [1.513624, 42.5470479], [1.5133696, 42.5479841], [1.5127633, 42.5487525], [1.5121135, 42.5494126], [1.5114239, 42.5501453], [1.5105976, 42.5507205], [1.5098321, 42.5513625], [1.509009, 42.5519427], [1.508844, 42.5520676], [1.5087481, 42.5521621], [1.5079796, 42.5528159], [1.5072418, 42.5535047], [1.5064779, 42.5539928], [1.5057383, 42.5541162]], "mood_vectors": [[0.0553, 0.0162, 0.0454, 0.7131, 0.0676, 0.0569, 0.0456], [0.0544, 0.015, 0.0464, 0.7127, 0.0621, 0.0383, 0.0711], [0.0224, 0.0297, 0.0783, 0.6947, 0.0596, 0.0381, 0.077], [0.0194, 0.0786, 0.0593, 0.7224, 0.0424, 0.0455, 0.0324], [0.0553, 0.0386, 0.0548, 0.6757, 0.072, 0.065, 0.0386], [0.0119, 0.0151, 0.0321, 0.7813, 0.0361, 0.0466, 0.0769], [0.0221, 0.0965, 0.0788, 0.6491, 0.0838, 0.0408, 0.0289], [0.0436, 0.0663, 0.0552, 0.6795, 0.0407, 0.0541, 0.0606], [0.0536, 0.0512, 0.0837, 0.6352, 0.0296, 0.0639, 0.0828], [0.0493, 0.0701, 0.074, 0.6831, 0.0282, 0.0264, 0.0689], [0.0543, 0.0583, 0.0621, 0.6474, 0.084, 0.0688, 0.0252], [0.0749, 0.0759, 0.0211, 0.7451, 0.035, 0.0256, 0.0225], [0.054, 0.0285, 0.0172, 0.7103, 0.0836, 0.0767, 0.0297], [0.0523, 0.0655, 0.0246, 0.7472, 0.0166, 0.0764, 0.0175], [0.0123, 0.0561, 0.052, 0.731, 0.0348, 0.034, 0.0798], [0.0377, 0.0693, 0.0138, 0.7501, 0.0726, 0.014, 0.0426], [0.0851, 0.0381, 0.0576, 0.6792, 0.0397, 0.069, 0.0312], [0.0199, 0.0138, 0.0305, 0.7433, 0.0791, 0.0563, 0.0571], [0.0427, 0.0311, 0.013, 0.7968, 0.0855, 0.0133, 0.0175], [0.0516, 0.0601, 0.063, 0.713, 0.0336, 0.0442, 0.0345], [0.0246, 0.0591, 0.0724, 0.6753, 0.0881, 0.0435, 0.0371], [0.0719, 0.0656, 0.0441, 0.6159, 0.0488, 0.0787, 0.075], [0.019, 0.034, 0.0635, 0.6821, 0.1005, 0.0746, 0.0263], [0.0294, 0.0431, 0.0198, 0.7421, 0.0416, 0.0556, 0.0684], [0.0344, 0.0746, 0.0268, 0.7308, 0.0168, 0.0785, 0.0382], [0.0426, 0.0622, 0.0815, 0.6957, 0.0243, 0.078, 0.0156], [0.0285, 0.0571, 0.0116, 0.7545, 0.0562, 0.0495, 0.0427], [0.0778, 0.0839, 0.0171, 0.7112, 0.0457, 0.0229, 0.0413], [0.0366, 0.0192, 0.0662, 0.67, 0.0688, 0.0725, 0.0667], [0.0795, 0.066, 0.0568, 0.5932, 0.0784, 0.0647, 0.0613], [0.0459, 0.0545, 0.0468, 0.679, 0.0536, 0.0774, 0.0428], [0.0244, 0.0664, 0.0484, 0.7339, 0.0588, 0.0337, 0.0343], [0.0265, 0.0206, 0.0492, 0.7868, 0.0562, 0.0259, 0.0346], [0.0537, 0.0282, 0.0651, 0.6838, 0.0702, 0.0727, 0.0263], [0.0473, 0.0369, 0.0425, 0.7148, 0.021, 0.0657, 0.0718], [0.0715, 0.0598, 0.0335, 0.6989, 0.0422, 0.0458, 0.0484], [0.0668, 0.0258, 0.0461, 0.6986, 0.0738, 0.0494, 0.0396], [0.0697, 0.0355, 0.0413, 0.7238, 0.0522, 0.019, 0.0584], [0.0779, 0.0143, 0.0751, 0.7096, 0.0366, 0.0541, 0.0324], [0.04, 0.045, 0.0618, 0.795, 0.0248, 0.0172, 0.0162], [0.0189, 0.0371, 0.0141, 0.8008, 0.0523, 0.0454, 0.0315], [0.0479, 0.0239, 0.0554, 0.6892, 0.0672, 0.0427, 0.0738], [0.074, 0.0565, 0.0561, 0.7163, 0.031, 0.0484, 0.0176], [0.0351, 0.0409, 0.0235, 0.7442, 0.0767, 0.0232, 0.0563], [0.0273, 0.061, 0.0342, 0.6756, 0.0642, 0.0683, 0.0695], [0.06, 0.0233, 0.0293, 0.6604, 0.0784, 0.0437, 0.105], [0.0755, 0.0518, 0.0769, 0.66, 0.0966, 0.0189, 0.0203], [0.0677, 0.0355, 0.0685, 0.7752, 0.014, 0.0181, 0.0211], [0.0706, 0.05, 0.0286, 0.6934, 0.0534, 0.0536, 0.0504], [0.0886, 0.046, 0.0459, 0.6672, 0.0189, 0.0602, 0.0731], [0.0327, 0.0493, 0.0502, 0.6731, 0.0801, 0.036, 0.0785], [0.042, 0.0845, 0.0788, 0.6853, 0.0584, 0.0318, 0.0192], [0.0613, 0.0482, 0.0435, 0.683, 0.0559, 0.0361, 0.072], [0.0601, 0.0802, 0.0619, 0.639, 0.0217, 0.072, 0.065], [0.0578, 0.0325, 0.0678, 0.6832, 0.0391, 0.0795, 0.0401], [0.0398, 0.0248, 0.0327, 0.7408, 0.0624, 0.0289, 0.0706], [0.0548, 0.0179, 0.015, 0.7074, 0.0872, 0.0453, 0.0724], [0.0748, 0.0399, 0.0768, 0.6231, 0.0591, 0.0816, 0.0448], [0.0505, 0.0293, 0.0628, 0.7157, 0.0521, 0.0552, 0.0343], [0.0785, 0.0444, 0.0652, 0.6338, 0.0393, 0.0837, 0.0551], [0.0728, 0.0148, 0.0852, 0.6684, 0.0885, 0.0528, 0.0175], [0.0874, 0.083, 0.0482, 0.6596, 0.0602, 0.0414, 0.0203], [0.027, 0.0182, 0.0485, 0.7565, 0.0434, 0.0451, 0.0613], [0.0327, 0.0625, 0.0618, 0.7028, 0.0498, 0.0557, 0.0346], [0.0438, 0.088, 0.0587, 0.6559, 0.0937, 0.0392, 0.0207], [0.0367, 0.034, 0.0371, 0.7063, 0.0662, 0.0949, 0.0248], [0.0137, 0.0912, 0.0618, 0.6381, 0.0427, 0.0801, 0.0725], [0.0468, 0.088, 0.0169, 0.694, 0.0544, 0.0251, 0.0749], [0.054, 0.046, 0.0501, 0.7509, 0.0127, 0.034, 0.0522], [0.0988, 0.0539, 0.0997, 0.6356, 0.0308, 0.0513, 0.0298], [0.066, 0.0476, 0.0362, 0.6815, 0.0345, 0.0601, 0.0741], [0.0393, 0.0707, 0.0246, 0.738, 0.0281, 0.0215, 0.0778], [0.0568, 0.0123, 0.0111, 0.7581, 0.0444, 0.0423, 0.0748], [0.0264, 0.0781, 0.0228, 0.7247, 0.0294, 0.0547, 0.0638], [0.0418, 0.0879, 0.017, 0.6896, 0.0163, 0.079, 0.0685], [0.0798, 0.0763, 0.0203, 0.7168, 0.0425, 0.0219, 0.0423], [0.0716, 0.0734, 0.0799, 0.6448, 0.0578, 0.0296, 0.0428], [0.062, 0.061, 0.0149, 0.6717, 0.0192, 0.085, 0.0863], [0.09, 0.0233, 0.0358, 0.6909, 0.0533, 0.0393, 0.0674], [0.0627, 0.0458, 0.0417, 0.678, 0.0462, 0.0617, 0.0639]], "emotions": ["green", "green", "green", "green", "green", "green", "green", "green", "green", "green", "green", "green", "green", "green", "green", "green", "green", "green", "green", "green", "green", "green", "green", "green", "green", "green", "green", "green", "green", "green", "green", "green", "green", "green", "green", "green", "green", "green", "green", "green", "green", "green", "green", "green", "green", "green", "green", "green", "green", "green", "green", "green", "green", "green", "green", "green", "green", "green", "green", "green", "green", "green", "green", "green", "green", "green", "green", "green", "green", "green", "green", "green", "green", "green", "green", "green", "green", "green", "green", "green"], "timestamps": [0, 40, 80, 120, 160, 200, 240, 280, 320, 360, 400, 440, 480, 520, 560, 600, 640, 680, 720, 760, 800, 840, 880, 920, 960, 1000, 1040, 1080, 1120, 1160, 1200, 1240, 1280, 1320, 1360, 1400, 1440, 1480, 1520, 1560, 1600, 1640, 1680, 1720, 1760, 1800, 1840, 1880, 1920, 1960, 2000, 2040, 2080, 2120, 2160, 2200, 2240, 2280, 2320, 2360, 2400, 2440, 2480, 2520, 2560, 2600, 2640, 2680, 2720, 2760, 2800, 2840, 2880, 2920, 2960, 3000, 3040, 3080, 3120, 3160]}], "conversation": [], "conversation_timestamps": []}