{"agent_id": "agent-purple-1419", "type": "purple", "trips": [{"trip_id": 0, "transport_method": "car", "start_time": 0, "path": [[1.58082, 42.5355654], [1.5810453, 42.5346486], [1.5803171, 42.5337877], [1.5796243, 42.5333837], [1.5783753, 42.532995], [1.5770705, 42.5328231], [1.5766701, 42.53275], [1.5778407, 42.5329417], [1.5765472, 42.5326949], [1.5752538, 42.5324481], [1.5750801, 42.5324421], [1.5758676, 42.5325012], [1.574683, 42.5319262], [1.5734984, 42.5313512], [1.5734098, 42.531616], [1.5740492, 42.5321312], [1.5731184, 42.5311998], [1.5722596, 42.5302099], [1.5712868, 42.5293447], [1.5702337, 42.5285543], [1.5697603, 42.5281714], [1.5708605, 42.5288949], [1.5708252, 42.5290421], [1.5697292, 42.5283122], [1.5686333, 42.5275822], [1.5675374, 42.5268522], [1.5686008, 42.5274293], [1.568546, 42.5274377], [1.5674525, 42.526704], [1.5663717, 42.5259525], [1.5651895, 42.5253814], [1.5639594, 42.5249923], [1.5627427, 42.5245116], [1.5618401, 42.5235648], [1.5607996, 42.5227612], [1.5597499, 42.5220239], [1.5586772, 42.5212831], [1.5577156, 42.5203838], [1.5568271, 42.5194495], [1.5564328, 42.5189378], [1.5565523, 42.5190637], [1.5559206, 42.5186568], [1.5554172, 42.5180765], [1.5548947, 42.5178416], [1.5539058, 42.5169721], [1.5543535, 42.5175606], [1.5538948, 42.516919], [1.5533285, 42.5157581], [1.5527017, 42.514621], [1.5523516, 42.513455], [1.5512222, 42.5127915], [1.5501806, 42.5120294], [1.548931, 42.5116233], [1.5476509, 42.5113154], [1.5464818, 42.5107897], [1.5463962, 42.5098917], [1.5457516, 42.509522], [1.5444695, 42.509307], [1.5432077, 42.5089834], [1.541905, 42.5088801], [1.5408693, 42.5086888], [1.539612, 42.5083077], [1.5383172, 42.5081448], [1.5375439, 42.508007], [1.5369124, 42.507938], [1.5356215, 42.5076843], [1.5344122, 42.5071633], [1.535351, 42.5076479], [1.5347586, 42.5073091], [1.5335281, 42.506849], [1.5322538, 42.5066539], [1.531085, 42.5062364], [1.5299877, 42.505561], [1.5286907, 42.5053338], [1.5273834, 42.5053384], [1.5260713, 42.505321], [1.5247792, 42.5050674], [1.5234857, 42.5048226], [1.5221916, 42.5048073], [1.5220979, 42.5048366]], "mood_vectors": [[0.0783, 0.0178, 0.0515, 0.0877, 0.0368, 0.6651, 0.0628], [0.0368, 0.0343, 0.0603, 0.0748, 0.0695, 0.698, 0.0264], [0.0389, 0.0797, 0.0872, 0.0309, 0.0255, 0.6511, 0.0868], [0.0318, 0.0356, 0.018, 0.0478, 0.0277, 0.8131, 0.026], [0.0278, 0.0706, 0.0176, 0.0266, 0.0598, 0.7653, 0.0324], [0.0821, 0.0796, 0.0793, 0.0183, 0.0466, 0.6359, 0.0582], [0.0328, 0.0363, 0.0388, 0.0998, 0.093, 0.639, 0.0603], [0.0346, 0.0443, 0.0845, 0.04, 0.0611, 0.7094, 0.0261], [0.0397, 0.0629, 0.0627, 0.0439, 0.0759, 0.6915, 0.0235], [0.039, 0.0821, 0.0667, 0.0504, 0.0539, 0.6585, 0.0494], [0.0453, 0.0678, 0.0635, 0.0662, 0.0296, 0.6842, 0.0434], [0.0639, 0.0619, 0.0517, 0.0357, 0.0529, 0.6708, 0.0632], [0.0839, 0.0208, 0.0188, 0.0288, 0.0995, 0.71, 0.0382], [0.074, 0.0758, 0.0255, 0.0393, 0.0279, 0.7453, 0.0121], [0.0542, 0.0265, 0.0175, 0.0687, 0.0526, 0.7049, 0.0757], [0.0192, 0.0481, 0.0488, 0.0528, 0.0379, 0.722, 0.0712], [0.0483, 0.0564, 0.0329, 0.0441, 0.0565, 0.7033, 0.0586], [0.0484, 0.0191, 0.0408, 0.0373, 0.078, 0.7194, 0.057], [0.0622, 0.0705, 0.0255, 0.054, 0.0181, 0.7458, 0.0238], [0.06, 0.0852, 0.0441, 0.0686, 0.0287, 0.6882, 0.0252], [0.0457, 0.0658, 0.0325, 0.0747, 0.0563, 0.6622, 0.0628], [0.0323, 0.0547, 0.0159, 0.0173, 0.0879, 0.7699, 0.0219], [0.0588, 0.0211, 0.0452, 0.0549, 0.0261, 0.7375, 0.0564], [0.0899, 0.0488, 0.0646, 0.0202, 0.0606, 0.6495, 0.0665], [0.0597, 0.0634, 0.0529, 0.0749, 0.0709, 0.6143, 0.0639], [0.0797, 0.0525, 0.0189, 0.0207, 0.0546, 0.7122, 0.0614], [0.041, 0.0439, 0.0302, 0.0444, 0.0538, 0.7288, 0.0579], [0.0577, 0.0751, 0.0744, 0.0327, 0.0527, 0.666, 0.0415], [0.0654, 0.0496, 0.0175, 0.0359, 0.0254, 0.7353, 0.0709], [0.0633, 0.0594, 0.0783, 0.0324, 0.0704, 0.6425, 0.0537], [0.0545, 0.0369, 0.0807, 0.0855, 0.0706, 0.6083, 0.0635], [0.027, 0.0799, 0.0322, 0.0458, 0.0521, 0.7175, 0.0454], [0.0705, 0.025, 0.0712, 0.0299, 0.052, 0.7349, 0.0165], [0.0313, 0.0792, 0.0726, 0.0722, 0.0257, 0.6895, 0.0295], [0.0783, 0.0299, 0.0804, 0.0313, 0.0494, 0.6616, 0.0691], [0.0349, 0.0606, 0.0565, 0.0553, 0.0557, 0.6427, 0.0943], [0.0504, 0.0317, 0.0209, 0.0346, 0.0219, 0.7723, 0.0682], [0.079, 0.1035, 0.0253, 0.0295, 0.0589, 0.6499, 0.0539], [0.0282, 0.0556, 0.0593, 0.0147, 0.0632, 0.7259, 0.0531], [0.066, 0.0513, 0.0244, 0.0131, 0.0595, 0.7423, 0.0434], [0.0708, 0.0782, 0.0191, 0.0552, 0.0515, 0.6769, 0.0483], [0.0895, 0.0526, 0.0904, 0.0237, 0.0428, 0.6623, 0.0387], [0.0708, 0.013, 0.0847, 0.0239, 0.0789, 0.6466, 0.0821], [0.044, 0.0684, 0.035, 0.0319, 0.0546, 0.6773, 0.0888], [0.0647, 0.0536, 0.0365, 0.0184, 0.036, 0.7348, 0.056], [0.0298, 0.0198, 0.0383, 0.0518, 0.0764, 0.7375, 0.0464], [0.0627, 0.027, 0.0304, 0.0655, 0.0392, 0.7216, 0.0537], [0.0312, 0.0563, 0.0133, 0.0321, 0.0133, 0.8192, 0.0345], [0.0417, 0.0805, 0.0778, 0.0563, 0.08, 0.6274, 0.0363], [0.0698, 0.0487, 0.0626, 0.039, 0.0116, 0.7192, 0.0491], [0.0403, 0.0203, 0.0647, 0.0349, 0.0305, 0.7869, 0.0225], [0.0723, 0.059, 0.0537, 0.0705, 0.0691, 0.6259, 0.0495], [0.066, 0.0311, 0.0656, 0.0621, 0.0675, 0.6302, 0.0775], [0.0185, 0.0382, 0.0833, 0.043, 0.0406, 0.6961, 0.0804], [0.0333, 0.0642, 0.0604, 0.0434, 0.0321, 0.7146, 0.052], [0.0791, 0.0733, 0.0515, 0.069, 0.0605, 0.628, 0.0387], [0.0765, 0.0623, 0.0281, 0.036, 0.0806, 0.6427, 0.0737], [0.0667, 0.0607, 0.0279, 0.0196, 0.0319, 0.7275, 0.0657], [0.0349, 0.0623, 0.0328, 0.0238, 0.0657, 0.6957, 0.0847], [0.0513, 0.0295, 0.0441, 0.0307, 0.0753, 0.7465, 0.0227], [0.0444, 0.0326, 0.0617, 0.0324, 0.0328, 0.7255, 0.0706], [0.0538, 0.0721, 0.0395, 0.0267, 0.0843, 0.7071, 0.0166], [0.0483, 0.0197, 0.0272, 0.0438, 0.0247, 0.8054, 0.0309], [0.0445, 0.077, 0.0677, 0.0803, 0.0263, 0.6387, 0.0655], [0.0301, 0.0659, 0.0188, 0.0554, 0.0459, 0.7352, 0.0487], [0.0257, 0.0281, 0.0143, 0.0493, 0.0827, 0.7544, 0.0454], [0.0702, 0.056, 0.0423, 0.0531, 0.0749, 0.6628, 0.0406], [0.0314, 0.0386, 0.0707, 0.0285, 0.0709, 0.7364, 0.0235], [0.0271, 0.0254, 0.0257, 0.0196, 0.0728, 0.7846, 0.0449], [0.0114, 0.074, 0.068, 0.0493, 0.0314, 0.714, 0.0518], [0.0368, 0.0502, 0.071, 0.068, 0.0687, 0.6744, 0.0308], [0.0752, 0.0507, 0.045, 0.0594, 0.0913, 0.5919, 0.0864], [0.0728, 0.015, 0.0191, 0.0742, 0.057, 0.6755, 0.0863], [0.0345, 0.0741, 0.0152, 0.087, 0.0787, 0.6388, 0.0717], [0.0265, 0.044, 0.0831, 0.02, 0.0383, 0.7496, 0.0386], [0.0352, 0.0532, 0.0422, 0.0801, 0.054, 0.7068, 0.0286], [0.0292, 0.0862, 0.0954, 0.0373, 0.0492, 0.6707, 0.032], [0.0566, 0.0184, 0.0479, 0.0466, 0.0693, 0.7003, 0.0609], [0.0161, 0.045, 0.0515, 0.0579, 0.1047, 0.7087, 0.0161], [0.0773, 0.0286, 0.0408, 0.0265, 0.0217, 0.7123, 0.0929]], "emotions": ["purple", "purple", "purple", "purple", "purple", "purple", "purple", "purple", "purple", "purple", "purple", "purple", "purple", "purple", "purple", "purple", "purple", "purple", "purple", "purple", "purple", "purple", "purple", "purple", "purple", "purple", "purple", "purple", "purple", "purple", "purple", "purple", "purple", "purple", "purple", "purple", "purple", "purple", "purple", "purple", "purple", "purple", "purple", "purple", "purple", "purple", "purple", "purple", "purple", "purple", "purple", "purple", "purple", "purple", "purple", "purple", "purple", "purple", "purple", "purple", "purple", "purple", "purple", "purple", "purple", "purple", "purple", "purple", "purple", "purple", "purple", "purple", "purple", "purple", "purple", "purple", "purple", "purple", "purple", "purple"], "timestamps": [0, 40, 80, 120, 160, 200, 240, 280, 320, 360, 400, 440, 480, 520, 560, 600, 640, 680, 720, 760, 800, 840, 880, 920, 960, 1000, 1040, 1080, 1120, 1160, 1200, 1240, 1280, 1320, 1360, 1400, 1440, 1480, 1520, 1560, 1600, 1640, 1680, 1720, 1760, 1800, 1840, 1880, 1920, 1960, 2000, 2040, 2080, 2120, 2160, 2200, 2240, 2280, 2320, 2360, 2400, 2440, 2480, 2520, 2560, 2600, 2640, 2680, 2720, 2760, 2800, 2840, 2880, 2920, 2960, 3000, 3040, 3080, 3120, 3160]}], "conversation": [], "conversation_timestamps": []}