{"agent_id": "agent-blue-1080", "type": "blue", "trips": [{"trip_id": 0, "transport_method": "foot", "start_time": 0, "path": [[1.49736, 42.6287015], [1.4990001, 42.6292296], [1.4993901, 42.6304604], [1.5006663, 42.6331261], [1.5052386, 42.6340202], [1.5097951, 42.6332763], [1.5120225, 42.6318234], [1.5159571, 42.6311493], [1.5202073, 42.6295217], [1.5235004, 42.6267249], [1.5277904, 42.6250875], [1.5322298, 42.6238904], [1.5363984, 42.621792], [1.54078, 42.6208041], [1.5448474, 42.6224162], [1.5490287, 42.6238704], [1.5516647, 42.6229532], [1.5547439, 42.6224124], [1.5591174, 42.6216077], [1.5636805, 42.6225281], [1.5681799, 42.6232058], [1.572757, 42.6236358], [1.5731942, 42.6236993], [1.57703, 42.6224752], [1.5809293, 42.6208993], [1.585005, 42.6188168], [1.589333, 42.6191905], [1.5935817, 42.6183894], [1.5981351, 42.6181561], [1.6023955, 42.6195581], [1.6053817, 42.6206773], [1.6086749, 42.6206313], [1.6111596, 42.6188172], [1.6148967, 42.6199492], [1.6176431, 42.6174712], [1.6211731, 42.616415], [1.6241101, 42.6151286], [1.6278668, 42.6163358], [1.6320663, 42.6147618], [1.6361322, 42.6128805], [1.638071, 42.6097066], [1.638449, 42.6053116], [1.6375474, 42.6011382], [1.6372513, 42.5964807], [1.6375298, 42.5986849], [1.6373514, 42.59823], [1.6374178, 42.5936673], [1.6379551, 42.5896261], [1.6373519, 42.5855343], [1.6366599, 42.5841453], [1.6375351, 42.5855413], [1.638277, 42.5812746], [1.6427922, 42.5802127], [1.6471927, 42.580183], [1.6513626, 42.5784361], [1.6559195, 42.5777325], [1.6582134, 42.5774048], [1.6624884, 42.5778275], [1.6670268, 42.5768227], [1.6714661, 42.5754471], [1.675157, 42.5728827], [1.6783011, 42.5695082], [1.6796236, 42.5651311], [1.6825939, 42.5616865], [1.6864568, 42.5590684], [1.6892965, 42.5569178], [1.6909775, 42.5549606], [1.6945526, 42.5519732], [1.6975266, 42.5483724], [1.7010379, 42.5453917], [1.7055953, 42.544473], [1.7102627, 42.5441463], [1.7149383, 42.5439889], [1.7196148, 42.543838], [1.7242915, 42.5437859], [1.7288684, 42.5446363], [1.733037, 42.5467336], [1.7336912, 42.5461325], [1.7345099, 42.544395], [1.7348443, 42.5454536]], "mood_vectors": [[0.0438, 0.0345, 0.0329, 0.7336, 0.0519, 0.0749, 0.0284], [0.0211, 0.0319, 0.0443, 0.7315, 0.0717, 0.0723, 0.0272], [0.0462, 0.0768, 0.0711, 0.6344, 0.0707, 0.0466, 0.0542], [0.0774, 0.0347, 0.0274, 0.6612, 0.0667, 0.07, 0.0626], [0.0655, 0.0396, 0.0559, 0.6879, 0.0179, 0.0416, 0.0915], [0.0307, 0.0173, 0.0784, 0.6739, 0.0867, 0.0453, 0.0677], [0.0341, 0.0675, 0.0538, 0.7149, 0.0447, 0.0705, 0.0146], [0.0731, 0.0791, 0.0789, 0.6133, 0.0557, 0.0284, 0.0714], [0.0439, 0.0399, 0.0316, 0.6892, 0.0731, 0.0526, 0.0698], [0.0576, 0.0415, 0.0488, 0.6908, 0.0709, 0.0568, 0.0337], [0.0454, 0.0111, 0.0392, 0.7233, 0.0694, 0.0463, 0.0653], [0.0133, 0.0899, 0.0807, 0.6561, 0.0517, 0.0216, 0.0868], [0.0285, 0.0761, 0.0687, 0.6279, 0.0637, 0.0676, 0.0677], [0.0592, 0.0601, 0.0562, 0.68, 0.0434, 0.0477, 0.0534], [0.0845, 0.0361, 0.0822, 0.6405, 0.019, 0.0533, 0.0844], [0.0216, 0.0407, 0.0799, 0.7664, 0.0171, 0.03, 0.0443], [0.0755, 0.0638, 0.0351, 0.6638, 0.069, 0.065, 0.0277], [0.0845, 0.0265, 0.061, 0.6526, 0.0685, 0.0748, 0.0321], [0.0143, 0.0428, 0.0915, 0.6954, 0.0135, 0.0551, 0.0874], [0.0722, 0.042, 0.0689, 0.7189, 0.013, 0.0406, 0.0445], [0.0193, 0.0379, 0.0371, 0.7287, 0.0433, 0.0876, 0.0461], [0.0147, 0.0346, 0.0216, 0.7816, 0.0319, 0.048, 0.0676], [0.0299, 0.0699, 0.0169, 0.7395, 0.0578, 0.0179, 0.068], [0.0617, 0.0214, 0.0596, 0.7646, 0.0198, 0.0413, 0.0317], [0.0759, 0.0533, 0.0644, 0.6677, 0.0362, 0.0305, 0.0721], [0.068, 0.0745, 0.0467, 0.7203, 0.0315, 0.0322, 0.0268], [0.043, 0.0742, 0.0733, 0.6275, 0.0771, 0.0716, 0.0334], [0.0222, 0.0613, 0.0597, 0.7119, 0.0518, 0.0762, 0.017], [0.0279, 0.0411, 0.0182, 0.7086, 0.0621, 0.0669, 0.0752], [0.0525, 0.0544, 0.0758, 0.7065, 0.0191, 0.0414, 0.0504], [0.0616, 0.0682, 0.0319, 0.6549, 0.0687, 0.0609, 0.0538], [0.0314, 0.067, 0.0588, 0.6823, 0.0132, 0.0704, 0.077], [0.0381, 0.0342, 0.0816, 0.7283, 0.0301, 0.0253, 0.0624], [0.035, 0.0469, 0.0507, 0.6754, 0.0698, 0.036, 0.0862], [0.0783, 0.0503, 0.0581, 0.621, 0.0618, 0.0719, 0.0585], [0.0965, 0.0234, 0.0191, 0.6839, 0.0461, 0.0964, 0.0346], [0.0667, 0.0742, 0.0743, 0.6818, 0.0246, 0.0328, 0.0456], [0.0477, 0.0345, 0.09, 0.6567, 0.053, 0.0531, 0.065], [0.0447, 0.0931, 0.0754, 0.6473, 0.0667, 0.0543, 0.0184], [0.03, 0.0662, 0.0664, 0.6795, 0.0357, 0.0556, 0.0666], [0.0204, 0.0595, 0.0448, 0.7217, 0.0525, 0.0325, 0.0685], [0.0477, 0.0953, 0.069, 0.6452, 0.0583, 0.0365, 0.0479], [0.024, 0.0274, 0.1014, 0.6811, 0.0163, 0.0716, 0.0782], [0.0652, 0.0146, 0.0195, 0.7788, 0.0271, 0.0803, 0.0146], [0.0429, 0.0353, 0.0521, 0.711, 0.043, 0.0571, 0.0586], [0.0271, 0.0536, 0.0196, 0.6737, 0.0724, 0.0585, 0.0951], [0.0487, 0.0242, 0.0287, 0.7156, 0.059, 0.0629, 0.061], [0.0632, 0.014, 0.069, 0.7031, 0.0685, 0.0405, 0.0416], [0.0456, 0.0413, 0.0736, 0.7007, 0.0314, 0.0828, 0.0247], [0.0446, 0.0458, 0.0621, 0.6612, 0.0533, 0.0679, 0.0651], [0.0178, 0.0757, 0.0651, 0.7074, 0.0246, 0.0563, 0.0529], [0.0255, 0.0446, 0.0693, 0.6635, 0.0546, 0.0664, 0.076], [0.0259, 0.0758, 0.0495, 0.7324, 0.0443, 0.0324, 0.0396], [0.0638, 0.0445, 0.0559, 0.7308, 0.0213, 0.0208, 0.0629], [0.0691, 0.0711, 0.0367, 0.6671, 0.0478, 0.042, 0.0662], [0.074, 0.0476, 0.0595, 0.63, 0.0775, 0.0827, 0.0287], [0.0469, 0.0519, 0.0417, 0.732, 0.0346, 0.0593, 0.0336], [0.0826, 0.0205, 0.0265, 0.6813, 0.0817, 0.0666, 0.0407], [0.0619, 0.0722, 0.0406, 0.6731, 0.0617, 0.0394, 0.051], [0.0597, 0.0289, 0.0739, 0.6524, 0.0587, 0.0796, 0.0469], [0.0548, 0.073, 0.0567, 0.7095, 0.025, 0.0584, 0.0226], [0.0552, 0.0507, 0.0253, 0.6635, 0.0329, 0.091, 0.0814], [0.0817, 0.0729, 0.0591, 0.6215, 0.0894, 0.0328, 0.0426], [0.0489, 0.0891, 0.0545, 0.6555, 0.0844, 0.0485, 0.0192], [0.0756, 0.0688, 0.0951, 0.6549, 0.0185, 0.0319, 0.0551], [0.0174, 0.0873, 0.0555, 0.6195, 0.0767, 0.0556, 0.088], [0.0358, 0.0907, 0.0586, 0.6571, 0.08, 0.0218, 0.056], [0.043, 0.045, 0.0643, 0.7298, 0.0147, 0.0567, 0.0465], [0.0458, 0.0264, 0.0625, 0.7113, 0.0719, 0.0573, 0.0247], [0.0481, 0.0597, 0.0702, 0.7041, 0.0165, 0.0231, 0.0784], [0.0577, 0.0322, 0.015, 0.7783, 0.0613, 0.041, 0.0146], [0.0466, 0.0486, 0.0283, 0.7247, 0.0677, 0.0492, 0.0348], [0.0365, 0.0516, 0.0589, 0.7319, 0.0476, 0.025, 0.0484], [0.0553, 0.0347, 0.0506, 0.6899, 0.0198, 0.0729, 0.0767], [0.0828, 0.0625, 0.0779, 0.6181, 0.0387, 0.0618, 0.0581], [0.0778, 0.0459, 0.0255, 0.7347, 0.0269, 0.0715, 0.0177], [0.0575, 0.0236, 0.0545, 0.7696, 0.0188, 0.0134, 0.0626], [0.0739, 0.0746, 0.0734, 0.634, 0.04, 0.0765, 0.0275], [0.0175, 0.043, 0.0367, 0.7557, 0.0444, 0.0858, 0.017], [0.0388, 0.016, 0.073, 0.6647, 0.0724, 0.0552, 0.0799]], "emotions": ["green", "green", "green", "green", "green", "green", "green", "green", "green", "green", "green", "green", "green", "green", "green", "green", "green", "green", "green", "green", "green", "green", "green", "green", "green", "green", "green", "green", "green", "green", "green", "green", "green", "green", "green", "green", "green", "green", "green", "green", "green", "green", "green", "green", "green", "green", "green", "green", "green", "green", "green", "green", "green", "green", "green", "green", "green", "green", "green", "green", "green", "green", "green", "green", "green", "green", "green", "green", "green", "green", "green", "green", "green", "green", "green", "green", "green", "green", "green", "green"], "timestamps": [0, 40, 80, 120, 160, 200, 240, 280, 320, 360, 400, 440, 480, 520, 560, 600, 640, 680, 720, 760, 800, 840, 880, 920, 960, 1000, 1040, 1080, 1120, 1160, 1200, 1240, 1280, 1320, 1360, 1400, 1440, 1480, 1520, 1560, 1600, 1640, 1680, 1720, 1760, 1800, 1840, 1880, 1920, 1960, 2000, 2040, 2080, 2120, 2160, 2200, 2240, 2280, 2320, 2360, 2400, 2440, 2480, 2520, 2560, 2600, 2640, 2680, 2720, 2760, 2800, 2840, 2880, 2920, 2960, 3000, 3040, 3080, 3120, 3160]}], "conversation": [], "conversation_timestamps": []}