{"agent_id": "agent-purple-1759", "type": "purple", "trips": [{"trip_id": 0, "transport_method": "foot", "start_time": 0, "path": [[1.5196872, 42.5012526], [1.51988, 42.5015536], [1.5198895, 42.5019208], [1.5199904, 42.5022867], [1.5201921, 42.5026107], [1.5204392, 42.502896], [1.520779, 42.5030672], [1.5210732, 42.5033091], [1.521347, 42.5035536], [1.5214955, 42.5039038], [1.5214651, 42.5042609], [1.5217286, 42.5044755], [1.5220453, 42.5045995], [1.5222339, 42.5048662], [1.522609, 42.5049378], [1.522987, 42.504993], [1.5233283, 42.5051447], [1.523683, 42.5052823], [1.5240291, 42.5054313], [1.5243138, 42.5056639], [1.5245496, 42.5059637], [1.5248326, 42.5062197], [1.5251577, 42.5063361], [1.5255248, 42.5063102], [1.5258985, 42.5063899], [1.5262721, 42.5064695], [1.5266457, 42.5065492], [1.527017, 42.5066285], [1.5266355, 42.5066089], [1.5262544, 42.5065862], [1.5258789, 42.5065194], [1.5255164, 42.506402], [1.5255051, 42.5063061], [1.5258787, 42.5063861], [1.5262523, 42.506466], [1.5266259, 42.506546], [1.5269994, 42.5066259], [1.5273627, 42.5067413], [1.5276324, 42.5070071], [1.5279126, 42.5072452], [1.528238, 42.5074406], [1.5285475, 42.5076645], [1.5288484, 42.5078998], [1.5291563, 42.5081009], [1.5294565, 42.508333], [1.5295283, 42.5084494], [1.5292864, 42.508222], [1.529568, 42.5083925], [1.5298698, 42.5086268], [1.5302068, 42.5088058], [1.5305612, 42.5088834], [1.5307894, 42.508968], [1.5311101, 42.5091296], [1.5314659, 42.5092687], [1.5318267, 42.5093928], [1.532181, 42.5095358], [1.5325439, 42.5096462], [1.5329232, 42.5096916], [1.5332986, 42.5097578], [1.5336664, 42.509858], [1.534043, 42.5099222], [1.5344237, 42.509916], [1.5348054, 42.5099113], [1.5351871, 42.509895], [1.535568, 42.5099171], [1.5359494, 42.5099389], [1.5363308, 42.5099607], [1.5367012, 42.5100427], [1.537083, 42.5100304], [1.5374647, 42.5100297], [1.5378465, 42.510041], [1.5382284, 42.5100511], [1.5386103, 42.5100615], [1.5389554, 42.5101928], [1.539105, 42.5104949], [1.5393003, 42.5107665], [1.5396424, 42.5109285], [1.5399984, 42.5110365], [1.5403501, 42.5109346], [1.5407249, 42.5108613]], "mood_vectors": [[0.0135, 0.0723, 0.0127, 0.0372, 0.0779, 0.7444, 0.0421], [0.0222, 0.048, 0.0483, 0.0703, 0.0414, 0.7173, 0.0525], [0.0639, 0.0787, 0.0444, 0.0603, 0.0559, 0.6799, 0.017], [0.0416, 0.0163, 0.0622, 0.0379, 0.0723, 0.7522, 0.0175], [0.0524, 0.0255, 0.0477, 0.0697, 0.0419, 0.7463, 0.0165], [0.0352, 0.0296, 0.0669, 0.0509, 0.0212, 0.7367, 0.0594], [0.0741, 0.0453, 0.0747, 0.0769, 0.0374, 0.6328, 0.0588], [0.054, 0.0747, 0.0509, 0.0631, 0.065, 0.655, 0.0374], [0.0792, 0.0864, 0.0361, 0.0508, 0.0775, 0.6159, 0.0541], [0.0777, 0.0238, 0.0592, 0.0439, 0.0159, 0.752, 0.0275], [0.044, 0.0305, 0.0824, 0.06, 0.0576, 0.6827, 0.0429], [0.0802, 0.0442, 0.0503, 0.0252, 0.0479, 0.7308, 0.0213], [0.0629, 0.0199, 0.0763, 0.0583, 0.07, 0.6587, 0.0538], [0.0277, 0.0296, 0.0247, 0.0814, 0.0585, 0.7151, 0.063], [0.0952, 0.0614, 0.0332, 0.0661, 0.0253, 0.6695, 0.0493], [0.0538, 0.0715, 0.0385, 0.0362, 0.0324, 0.7032, 0.0644], [0.0507, 0.0213, 0.0549, 0.0674, 0.0632, 0.693, 0.0494], [0.0899, 0.0637, 0.0603, 0.0716, 0.0837, 0.5791, 0.0517], [0.0517, 0.027, 0.046, 0.0651, 0.075, 0.6797, 0.0554], [0.0486, 0.025, 0.0425, 0.0522, 0.0615, 0.7226, 0.0476], [0.0592, 0.0163, 0.0866, 0.049, 0.0319, 0.6717, 0.0853], [0.0274, 0.0275, 0.0448, 0.0281, 0.0224, 0.7875, 0.0622], [0.0612, 0.0747, 0.0722, 0.0618, 0.0144, 0.6824, 0.0332], [0.0635, 0.0612, 0.0577, 0.0134, 0.0342, 0.7455, 0.0246], [0.0525, 0.0634, 0.0402, 0.0972, 0.0442, 0.6665, 0.036], [0.0608, 0.0166, 0.0219, 0.0288, 0.0559, 0.742, 0.074], [0.0468, 0.0782, 0.0509, 0.0758, 0.0278, 0.6474, 0.0731], [0.053, 0.0497, 0.0618, 0.037, 0.0448, 0.6723, 0.0814], [0.0286, 0.0433, 0.0668, 0.0469, 0.0261, 0.7501, 0.0382], [0.029, 0.0457, 0.0376, 0.0905, 0.0271, 0.7414, 0.0287], [0.0302, 0.0529, 0.0833, 0.0257, 0.0721, 0.6767, 0.0591], [0.08, 0.0452, 0.0447, 0.0539, 0.0838, 0.6476, 0.0447], [0.0842, 0.0236, 0.0918, 0.039, 0.0929, 0.6427, 0.0257], [0.0563, 0.0623, 0.0166, 0.0269, 0.0414, 0.7626, 0.0338], [0.0564, 0.0612, 0.0515, 0.0298, 0.0478, 0.714, 0.0392], [0.0867, 0.015, 0.0562, 0.0215, 0.0629, 0.7425, 0.0153], [0.0847, 0.0421, 0.0844, 0.0197, 0.0171, 0.6867, 0.0653], [0.0292, 0.0753, 0.0212, 0.0721, 0.0714, 0.7128, 0.018], [0.0794, 0.0799, 0.0419, 0.08, 0.0741, 0.5954, 0.0494], [0.0624, 0.046, 0.0407, 0.0681, 0.0633, 0.6472, 0.0723], [0.0286, 0.0871, 0.0844, 0.0338, 0.0304, 0.699, 0.0366], [0.0175, 0.0185, 0.0281, 0.0564, 0.0895, 0.7577, 0.0323], [0.0899, 0.0463, 0.018, 0.0577, 0.0704, 0.6748, 0.0429], [0.0398, 0.0361, 0.0998, 0.0643, 0.0776, 0.6561, 0.0263], [0.0233, 0.0217, 0.0221, 0.0365, 0.0958, 0.7356, 0.0649], [0.0697, 0.0631, 0.0769, 0.0571, 0.0651, 0.5877, 0.0804], [0.0741, 0.0361, 0.0984, 0.0177, 0.0967, 0.6448, 0.032], [0.0255, 0.0343, 0.0759, 0.0393, 0.0726, 0.6745, 0.0778], [0.0245, 0.0629, 0.0629, 0.0416, 0.0577, 0.6795, 0.0709], [0.0362, 0.0595, 0.0393, 0.041, 0.0817, 0.6806, 0.0617], [0.0365, 0.0169, 0.0478, 0.0818, 0.0342, 0.6938, 0.089], [0.0937, 0.071, 0.0362, 0.0571, 0.0276, 0.6932, 0.0212], [0.0313, 0.0656, 0.0338, 0.0486, 0.0125, 0.7652, 0.043], [0.0804, 0.0524, 0.0759, 0.0182, 0.036, 0.7198, 0.0172], [0.063, 0.0333, 0.0638, 0.0634, 0.0266, 0.738, 0.0119], [0.0652, 0.0281, 0.039, 0.0237, 0.0399, 0.7193, 0.0847], [0.081, 0.0242, 0.014, 0.0399, 0.0464, 0.7194, 0.0751], [0.0194, 0.0754, 0.0746, 0.0751, 0.0657, 0.6781, 0.0117], [0.0496, 0.016, 0.0252, 0.0496, 0.0838, 0.6953, 0.0806], [0.0226, 0.0563, 0.0733, 0.0766, 0.0556, 0.6617, 0.0541], [0.0626, 0.0151, 0.0395, 0.0684, 0.0182, 0.7241, 0.072], [0.0173, 0.0634, 0.0409, 0.0479, 0.0238, 0.7416, 0.065], [0.0417, 0.0762, 0.0831, 0.0698, 0.0859, 0.593, 0.0503], [0.0304, 0.0192, 0.0683, 0.0233, 0.0125, 0.795, 0.0512], [0.0441, 0.0588, 0.0544, 0.0442, 0.0643, 0.7033, 0.0308], [0.0513, 0.0787, 0.0806, 0.0431, 0.0532, 0.635, 0.058], [0.0345, 0.0807, 0.0126, 0.077, 0.0387, 0.7059, 0.0506], [0.0246, 0.0407, 0.0196, 0.016, 0.047, 0.8114, 0.0407], [0.0837, 0.032, 0.0639, 0.0306, 0.0765, 0.642, 0.0713], [0.0376, 0.0493, 0.0565, 0.0637, 0.0223, 0.6984, 0.0722], [0.0346, 0.0702, 0.0142, 0.0264, 0.0651, 0.7162, 0.0734], [0.0605, 0.0129, 0.0552, 0.085, 0.0548, 0.6775, 0.0541], [0.0658, 0.0868, 0.0481, 0.0756, 0.017, 0.6556, 0.0512], [0.0368, 0.0171, 0.0187, 0.0476, 0.0742, 0.7472, 0.0585], [0.0814, 0.0481, 0.0411, 0.0566, 0.0138, 0.6919, 0.0671], [0.0778, 0.0552, 0.0559, 0.0722, 0.0443, 0.6387, 0.056], [0.0266, 0.0291, 0.0262, 0.0484, 0.0655, 0.7363, 0.0679], [0.03, 0.069, 0.0574, 0.0646, 0.056, 0.6695, 0.0535], [0.0377, 0.0627, 0.0669, 0.0151, 0.0427, 0.7099, 0.065], [0.0294, 0.0315, 0.0238, 0.0788, 0.025, 0.7932, 0.0184]], "emotions": ["purple", "purple", "purple", "purple", "purple", "purple", "purple", "purple", "purple", "purple", "purple", "purple", "purple", "purple", "purple", "purple", "purple", "purple", "purple", "purple", "purple", "purple", "purple", "purple", "purple", "purple", "purple", "purple", "purple", "purple", "purple", "purple", "purple", "purple", "purple", "purple", "purple", "purple", "purple", "purple", "purple", "purple", "purple", "purple", "purple", "purple", "purple", "purple", "purple", "purple", "purple", "purple", "purple", "purple", "purple", "purple", "purple", "purple", "purple", "purple", "purple", "purple", "purple", "purple", "purple", "purple", "purple", "purple", "purple", "purple", "purple", "purple", "purple", "purple", "purple", "purple", "purple", "purple", "purple", "purple"], "timestamps": [0, 40, 80, 120, 160, 200, 240, 280, 320, 360, 400, 440, 480, 520, 560, 600, 640, 680, 720, 760, 800, 840, 880, 920, 960, 1000, 1040, 1080, 1120, 1160, 1200, 1240, 1280, 1320, 1360, 1400, 1440, 1480, 1520, 1560, 1600, 1640, 1680, 1720, 1760, 1800, 1840, 1880, 1920, 1960, 2000, 2040, 2080, 2120, 2160, 2200, 2240, 2280, 2320, 2360, 2400, 2440, 2480, 2520, 2560, 2600, 2640, 2680, 2720, 2760, 2800, 2840, 2880, 2920, 2960, 3000, 3040, 3080, 3120, 3160]}], "conversation": [], "conversation_timestamps": []}