{"agent_id": "agent-purple-564", "type": "purple", "trips": [{"trip_id": 0, "transport_method": "foot", "start_time": 0, "path": [[1.4970161, 42.4923554], [1.4973912, 42.4927305], [1.4977907, 42.4930795], [1.4981502, 42.4934685], [1.4984048, 42.4938982], [1.4985662, 42.4943537], [1.4988404, 42.4946822], [1.4987186, 42.4951842], [1.4989901, 42.4955117], [1.4994536, 42.4957706], [1.4999239, 42.4960172], [1.5003973, 42.4962582], [1.5008537, 42.4965296], [1.5012931, 42.4967356], [1.5018025, 42.4968776], [1.5022558, 42.4971541], [1.5027205, 42.497409], [1.5032051, 42.4976264], [1.5036897, 42.4978438], [1.504164, 42.4980826], [1.504651, 42.4982945], [1.505138, 42.4985064], [1.505616, 42.4987371], [1.5060863, 42.4989838], [1.5065633, 42.4992173], [1.5070447, 42.4994417], [1.5075261, 42.4996662], [1.5079889, 42.4999179], [1.5084627, 42.5001536], [1.50894, 42.5003866], [1.5094185, 42.5006169], [1.5095964, 42.5007018], [1.5091171, 42.500473], [1.5094894, 42.5006443], [1.5099715, 42.5008672], [1.5104536, 42.5010901], [1.5109357, 42.501313], [1.5111356, 42.5013947], [1.5106513, 42.5011803], [1.51014, 42.5010365], [1.5105847, 42.5012395], [1.5110692, 42.501457], [1.5115538, 42.5016745], [1.5116134, 42.5016808], [1.5119313, 42.5019065], [1.5123698, 42.5022062], [1.5128056, 42.5025097], [1.5132048, 42.5028568], [1.5135522, 42.5032485], [1.5138987, 42.5036442], [1.5142984, 42.5039941], [1.5146936, 42.5043481], [1.5149735, 42.504784], [1.5153239, 42.5051562], [1.5157961, 42.5053607], [1.5162893, 42.5055564], [1.5167635, 42.5057956], [1.5172724, 42.5059399], [1.5177464, 42.5060559], [1.5180408, 42.5063819], [1.5185024, 42.5066447], [1.5189447, 42.5068997], [1.5193813, 42.5071827], [1.5198437, 42.5074313], [1.5203733, 42.5073906], [1.5208838, 42.5075019], [1.5214147, 42.5075185], [1.5218886, 42.5076456], [1.522356, 42.5077225], [1.5228852, 42.5077686], [1.5233942, 42.5078105], [1.5239241, 42.5077755], [1.5244522, 42.5078113], [1.5249663, 42.5079426], [1.5254767, 42.5080897], [1.5255233, 42.5081673], [1.5250106, 42.5080285], [1.5245973, 42.5081899], [1.5249935, 42.50844], [1.5255145, 42.5085432]], "mood_vectors": [[0.0195, 0.093, 0.0714, 0.0204, 0.0953, 0.6819, 0.0186], [0.036, 0.0646, 0.0597, 0.0642, 0.0423, 0.6596, 0.0737], [0.0568, 0.0846, 0.053, 0.0437, 0.0726, 0.63, 0.0593], [0.0399, 0.0598, 0.0442, 0.0336, 0.0799, 0.6728, 0.0698], [0.0118, 0.0616, 0.054, 0.0335, 0.0656, 0.712, 0.0615], [0.0628, 0.0632, 0.0308, 0.0628, 0.0511, 0.7018, 0.0275], [0.026, 0.064, 0.026, 0.0388, 0.073, 0.7443, 0.0279], [0.0213, 0.0643, 0.0764, 0.0785, 0.0171, 0.7118, 0.0306], [0.0333, 0.0406, 0.0206, 0.0559, 0.0751, 0.7408, 0.0337], [0.0704, 0.0657, 0.0784, 0.0525, 0.0275, 0.6356, 0.0698], [0.0265, 0.0651, 0.0702, 0.0261, 0.0335, 0.7006, 0.0782], [0.0509, 0.0335, 0.0665, 0.0653, 0.069, 0.6826, 0.0321], [0.0813, 0.0239, 0.0748, 0.0255, 0.0242, 0.7202, 0.0501], [0.0481, 0.017, 0.0216, 0.0819, 0.0644, 0.7507, 0.0163], [0.0766, 0.0331, 0.0336, 0.0468, 0.1068, 0.6458, 0.0572], [0.067, 0.0242, 0.0207, 0.0574, 0.0402, 0.7258, 0.0646], [0.0201, 0.0468, 0.017, 0.0204, 0.0851, 0.78, 0.0305], [0.0495, 0.0713, 0.0911, 0.0217, 0.0195, 0.7197, 0.0272], [0.0973, 0.0563, 0.0806, 0.044, 0.0207, 0.6735, 0.0276], [0.0199, 0.0704, 0.0326, 0.0741, 0.0514, 0.6974, 0.0542], [0.04, 0.0697, 0.0305, 0.053, 0.0459, 0.7319, 0.029], [0.0864, 0.0289, 0.0823, 0.0578, 0.0526, 0.6123, 0.0797], [0.0553, 0.0357, 0.0343, 0.0936, 0.0402, 0.6711, 0.0698], [0.0566, 0.0422, 0.0559, 0.0675, 0.073, 0.6462, 0.0587], [0.0674, 0.056, 0.0273, 0.0696, 0.0219, 0.7125, 0.0452], [0.0346, 0.0324, 0.0356, 0.0207, 0.0292, 0.798, 0.0494], [0.0197, 0.0917, 0.0878, 0.0838, 0.0138, 0.6627, 0.0406], [0.0486, 0.0636, 0.0373, 0.029, 0.0711, 0.6903, 0.0601], [0.1004, 0.0239, 0.0176, 0.0945, 0.0418, 0.6305, 0.0914], [0.0763, 0.0184, 0.0297, 0.0819, 0.0454, 0.692, 0.0563], [0.0682, 0.0604, 0.0678, 0.0595, 0.0396, 0.6391, 0.0654], [0.0396, 0.0293, 0.067, 0.0327, 0.0375, 0.7344, 0.0594], [0.0204, 0.0655, 0.0213, 0.0177, 0.037, 0.7681, 0.0699], [0.0575, 0.0437, 0.0918, 0.0567, 0.0463, 0.6227, 0.0813], [0.0169, 0.0311, 0.0834, 0.0465, 0.072, 0.7321, 0.018], [0.0298, 0.0469, 0.0387, 0.0352, 0.0534, 0.7609, 0.035], [0.0638, 0.0122, 0.0229, 0.0654, 0.0318, 0.7677, 0.0362], [0.0206, 0.0212, 0.0488, 0.0678, 0.0766, 0.7184, 0.0465], [0.0436, 0.0326, 0.0794, 0.0291, 0.0952, 0.6627, 0.0574], [0.0294, 0.0938, 0.0702, 0.0463, 0.0731, 0.6505, 0.0368], [0.0643, 0.0695, 0.0481, 0.0523, 0.0224, 0.6738, 0.0696], [0.0185, 0.0389, 0.0503, 0.022, 0.0402, 0.7691, 0.061], [0.0597, 0.0321, 0.0124, 0.0256, 0.0545, 0.7546, 0.0612], [0.0676, 0.0155, 0.0733, 0.0451, 0.0372, 0.6809, 0.0804], [0.0707, 0.0342, 0.0221, 0.018, 0.0794, 0.6949, 0.0807], [0.0589, 0.0746, 0.0738, 0.0141, 0.0193, 0.6881, 0.0712], [0.0154, 0.0392, 0.0676, 0.0287, 0.0746, 0.7201, 0.0544], [0.0509, 0.0538, 0.031, 0.0696, 0.0749, 0.676, 0.0437], [0.0646, 0.0779, 0.0301, 0.0569, 0.0406, 0.7102, 0.0197], [0.0741, 0.0664, 0.032, 0.0177, 0.038, 0.7008, 0.0711], [0.0733, 0.0717, 0.0657, 0.0748, 0.0797, 0.5957, 0.039], [0.0244, 0.0549, 0.0555, 0.023, 0.0354, 0.766, 0.0409], [0.0873, 0.0373, 0.0655, 0.0418, 0.0448, 0.6673, 0.0559], [0.0261, 0.0286, 0.0595, 0.0243, 0.0657, 0.7494, 0.0463], [0.0881, 0.0827, 0.03, 0.0248, 0.0418, 0.6849, 0.0477], [0.0566, 0.0427, 0.0273, 0.058, 0.0646, 0.7002, 0.0506], [0.04, 0.0387, 0.0185, 0.0496, 0.0706, 0.7463, 0.0363], [0.0814, 0.0211, 0.0165, 0.0238, 0.0501, 0.714, 0.0931], [0.0689, 0.0722, 0.0665, 0.0491, 0.028, 0.6671, 0.0481], [0.028, 0.0377, 0.0433, 0.0647, 0.0233, 0.7634, 0.0396], [0.0344, 0.0787, 0.0602, 0.0916, 0.08, 0.6385, 0.0165], [0.0582, 0.0262, 0.0538, 0.0141, 0.0354, 0.7325, 0.0797], [0.044, 0.0312, 0.031, 0.0485, 0.0647, 0.7314, 0.0492], [0.0181, 0.0509, 0.0743, 0.014, 0.0364, 0.7799, 0.0264], [0.0687, 0.0178, 0.0296, 0.0782, 0.0755, 0.6553, 0.0749], [0.0931, 0.0858, 0.0167, 0.0714, 0.0411, 0.6743, 0.0177], [0.0722, 0.0596, 0.0128, 0.0448, 0.0517, 0.7164, 0.0424], [0.0395, 0.0353, 0.0419, 0.0124, 0.0678, 0.7299, 0.0731], [0.0488, 0.0242, 0.0633, 0.0345, 0.0606, 0.7082, 0.0605], [0.0411, 0.0477, 0.0157, 0.041, 0.025, 0.7436, 0.0859], [0.0144, 0.0683, 0.03, 0.0242, 0.0822, 0.7544, 0.0264], [0.0803, 0.0555, 0.0691, 0.0532, 0.0853, 0.5969, 0.0598], [0.0825, 0.0217, 0.0222, 0.0158, 0.0259, 0.8163, 0.0157], [0.013, 0.0673, 0.0134, 0.038, 0.0585, 0.7531, 0.0567], [0.031, 0.0149, 0.0152, 0.0446, 0.0619, 0.7914, 0.0409], [0.0217, 0.0387, 0.0187, 0.0541, 0.0347, 0.7539, 0.0782], [0.0238, 0.0384, 0.0787, 0.0733, 0.0889, 0.6305, 0.0663], [0.0175, 0.0591, 0.046, 0.0424, 0.0561, 0.7294, 0.0495], [0.0333, 0.0341, 0.0542, 0.0798, 0.046, 0.6689, 0.0838], [0.0392, 0.0436, 0.0761, 0.083, 0.0711, 0.6206, 0.0664]], "emotions": ["purple", "purple", "purple", "purple", "purple", "purple", "purple", "purple", "purple", "purple", "purple", "purple", "purple", "purple", "purple", "purple", "purple", "purple", "purple", "purple", "purple", "purple", "purple", "purple", "purple", "purple", "purple", "purple", "purple", "purple", "purple", "purple", "purple", "purple", "purple", "purple", "purple", "purple", "purple", "purple", "purple", "purple", "purple", "purple", "purple", "purple", "purple", "purple", "purple", "purple", "purple", "purple", "purple", "purple", "purple", "purple", "purple", "purple", "purple", "purple", "purple", "purple", "purple", "purple", "purple", "purple", "purple", "purple", "purple", "purple", "purple", "purple", "purple", "purple", "purple", "purple", "purple", "purple", "purple", "purple"], "timestamps": [0, 40, 80, 120, 160, 200, 240, 280, 320, 360, 400, 440, 480, 520, 560, 600, 640, 680, 720, 760, 800, 840, 880, 920, 960, 1000, 1040, 1080, 1120, 1160, 1200, 1240, 1280, 1320, 1360, 1400, 1440, 1480, 1520, 1560, 1600, 1640, 1680, 1720, 1760, 1800, 1840, 1880, 1920, 1960, 2000, 2040, 2080, 2120, 2160, 2200, 2240, 2280, 2320, 2360, 2400, 2440, 2480, 2520, 2560, 2600, 2640, 2680, 2720, 2760, 2800, 2840, 2880, 2920, 2960, 3000, 3040, 3080, 3120, 3160]}], "conversation": [], "conversation_timestamps": []}