{"agent_id": "agent-purple-494", "type": "purple", "trips": [{"trip_id": 0, "transport_method": "foot", "start_time": 0, "path": [[1.5379005, 42.50778], [1.5376802, 42.5072486], [1.5376194, 42.5076073], [1.5378757, 42.5082485], [1.5376312, 42.5088426], [1.5369917, 42.5091228], [1.5363646, 42.509292], [1.5356681, 42.5092319], [1.5349711, 42.5092257], [1.5342734, 42.5092688], [1.5339169, 42.5097352], [1.5335502, 42.5102512], [1.5330866, 42.5107514], [1.5326482, 42.5112944], [1.5321267, 42.5117575], [1.5315354, 42.5121273], [1.5309064, 42.5124316], [1.5302722, 42.5127255], [1.5296308, 42.5130035], [1.5289887, 42.5132797], [1.5283508, 42.5135656], [1.5277129, 42.5138514], [1.527081, 42.5141501], [1.5264584, 42.5144673], [1.5258732, 42.5148472], [1.5253545, 42.5153143], [1.5248989, 42.5158439], [1.5245575, 42.5164529], [1.5242995, 42.5171023], [1.5241334, 42.517779], [1.5240341, 42.5184709], [1.5239215, 42.5191601], [1.523832, 42.5198533], [1.5236168, 42.5205136], [1.5233205, 42.5211462], [1.5228347, 42.5216403], [1.5222602, 42.522036], [1.5218649, 42.5226047], [1.5216209, 42.5232559], [1.5211773, 42.523795], [1.5207846, 42.5243715], [1.5206207, 42.5250411], [1.520598, 42.5257397], [1.5204656, 42.5264191], [1.5200472, 42.5269777], [1.5200384, 42.5276402], [1.5204576, 42.5281993], [1.5206592, 42.5288599], [1.5204583, 42.5295126], [1.5199701, 42.5299858], [1.519742, 42.5304531], [1.5197669, 42.5311309], [1.5195571, 42.5317687], [1.5196885, 42.5324434], [1.519709, 42.5331361], [1.5194798, 42.5337889], [1.5198294, 42.5343676], [1.5203288, 42.5348568], [1.5208491, 42.535323], [1.5212393, 42.5357787], [1.5207622, 42.5362327], [1.5202938, 42.5367426], [1.5199801, 42.5373637], [1.5197045, 42.5380058], [1.5195118, 42.5386739], [1.5193735, 42.5393539], [1.5193845, 42.5400452], [1.5194259, 42.5406926], [1.519083, 42.5412467], [1.5184474, 42.5415377], [1.518063, 42.5417142], [1.5187068, 42.5414421], [1.518958, 42.5413068], [1.5183262, 42.541606], [1.517725, 42.5419487], [1.5173514, 42.5425378], [1.516971, 42.5431096], [1.5165066, 42.5436119], [1.5167918, 42.5431528], [1.5167138, 42.5424644]], "mood_vectors": [[0.0346, 0.0586, 0.0627, 0.052, 0.0423, 0.7337, 0.0162], [0.0501, 0.0553, 0.0663, 0.0323, 0.0449, 0.6852, 0.0661], [0.0565, 0.0815, 0.0766, 0.0828, 0.0133, 0.6348, 0.0545], [0.0364, 0.0498, 0.0798, 0.0533, 0.0508, 0.6639, 0.0661], [0.0178, 0.0274, 0.0833, 0.0264, 0.0304, 0.8012, 0.0136], [0.0446, 0.0592, 0.0614, 0.0789, 0.0465, 0.6264, 0.0829], [0.0165, 0.0176, 0.0674, 0.0445, 0.0721, 0.7265, 0.0554], [0.0357, 0.0643, 0.0508, 0.021, 0.0691, 0.7009, 0.0583], [0.0203, 0.0735, 0.0319, 0.0506, 0.037, 0.7072, 0.0795], [0.0811, 0.0486, 0.0424, 0.044, 0.0942, 0.6272, 0.0625], [0.0882, 0.0638, 0.0355, 0.0439, 0.053, 0.6324, 0.0831], [0.0145, 0.0666, 0.0408, 0.0569, 0.035, 0.7176, 0.0687], [0.0458, 0.0317, 0.0621, 0.0138, 0.0554, 0.7482, 0.0429], [0.0725, 0.0728, 0.0802, 0.0398, 0.0318, 0.6364, 0.0665], [0.0131, 0.0823, 0.0649, 0.0423, 0.0409, 0.6782, 0.0783], [0.0573, 0.0212, 0.0854, 0.0175, 0.0387, 0.681, 0.0989], [0.0307, 0.0616, 0.0429, 0.0607, 0.0831, 0.6455, 0.0754], [0.0775, 0.0465, 0.0594, 0.0736, 0.0772, 0.5839, 0.0819], [0.0669, 0.066, 0.0932, 0.0451, 0.0197, 0.689, 0.0202], [0.0438, 0.0639, 0.0377, 0.0347, 0.0451, 0.6974, 0.0775], [0.0367, 0.0373, 0.094, 0.0309, 0.045, 0.6645, 0.0917], [0.0678, 0.0597, 0.0579, 0.0495, 0.0232, 0.7259, 0.016], [0.0208, 0.0491, 0.0412, 0.0696, 0.0576, 0.7196, 0.042], [0.0614, 0.0152, 0.068, 0.0264, 0.0191, 0.7499, 0.06], [0.067, 0.0524, 0.0165, 0.032, 0.0311, 0.7392, 0.0617], [0.0308, 0.022, 0.063, 0.0728, 0.0495, 0.6967, 0.0651], [0.0137, 0.0643, 0.0634, 0.0558, 0.0682, 0.6924, 0.0423], [0.0599, 0.0387, 0.0394, 0.0627, 0.0757, 0.6868, 0.0367], [0.0573, 0.0341, 0.0181, 0.0369, 0.0208, 0.7907, 0.0421], [0.0535, 0.0511, 0.0156, 0.0277, 0.0535, 0.7752, 0.0233], [0.0312, 0.0626, 0.0543, 0.0476, 0.0462, 0.7097, 0.0484], [0.0207, 0.0453, 0.071, 0.0666, 0.0873, 0.6834, 0.0256], [0.0152, 0.0776, 0.0503, 0.0265, 0.0507, 0.7644, 0.0154], [0.0574, 0.0244, 0.0531, 0.0684, 0.0735, 0.6542, 0.069], [0.0274, 0.0253, 0.0407, 0.0505, 0.0746, 0.6982, 0.0832], [0.0268, 0.0349, 0.0425, 0.0695, 0.012, 0.7647, 0.0496], [0.0624, 0.0902, 0.0609, 0.0399, 0.0929, 0.5662, 0.0875], [0.0408, 0.0756, 0.0174, 0.0472, 0.0665, 0.7315, 0.0211], [0.0868, 0.0822, 0.0709, 0.0893, 0.0188, 0.628, 0.0241], [0.0413, 0.0649, 0.0883, 0.0482, 0.0861, 0.6159, 0.0553], [0.0661, 0.0196, 0.0165, 0.045, 0.0228, 0.7459, 0.084], [0.0267, 0.0431, 0.0633, 0.0197, 0.0405, 0.7346, 0.072], [0.0556, 0.0695, 0.0772, 0.0499, 0.0394, 0.6878, 0.0206], [0.032, 0.0353, 0.0383, 0.0659, 0.0515, 0.728, 0.0491], [0.0792, 0.0595, 0.0406, 0.0354, 0.0355, 0.6763, 0.0735], [0.02, 0.0231, 0.0299, 0.0783, 0.0373, 0.7718, 0.0395], [0.0365, 0.0726, 0.0408, 0.0488, 0.0378, 0.7153, 0.0482], [0.0278, 0.0363, 0.0335, 0.0638, 0.0187, 0.7364, 0.0835], [0.0552, 0.0199, 0.0421, 0.0289, 0.046, 0.7612, 0.0467], [0.0358, 0.0377, 0.0742, 0.0182, 0.0427, 0.7512, 0.0401], [0.0319, 0.0718, 0.0768, 0.0745, 0.0576, 0.6623, 0.0252], [0.0526, 0.0383, 0.0722, 0.0942, 0.0561, 0.6619, 0.0247], [0.0462, 0.0289, 0.0586, 0.0311, 0.0277, 0.7476, 0.0598], [0.0401, 0.0471, 0.0816, 0.0751, 0.0446, 0.6465, 0.065], [0.0464, 0.0778, 0.0268, 0.019, 0.0308, 0.716, 0.0831], [0.0144, 0.0175, 0.0202, 0.0247, 0.038, 0.815, 0.0702], [0.0557, 0.0201, 0.0382, 0.0517, 0.0593, 0.6822, 0.0928], [0.0817, 0.0288, 0.0465, 0.0422, 0.0685, 0.664, 0.0684], [0.0615, 0.025, 0.0572, 0.038, 0.0387, 0.7259, 0.0536], [0.0858, 0.0489, 0.0174, 0.0171, 0.022, 0.7512, 0.0576], [0.0494, 0.0606, 0.0714, 0.0507, 0.0186, 0.7204, 0.0289], [0.0794, 0.0276, 0.0612, 0.0373, 0.0619, 0.6897, 0.0428], [0.0493, 0.0801, 0.0146, 0.0326, 0.0298, 0.7686, 0.025], [0.0475, 0.0489, 0.0643, 0.0848, 0.0312, 0.6416, 0.0816], [0.033, 0.0776, 0.039, 0.0737, 0.0229, 0.6857, 0.0681], [0.0403, 0.0117, 0.0446, 0.0131, 0.0789, 0.7493, 0.062], [0.0524, 0.0442, 0.0821, 0.0351, 0.0347, 0.6793, 0.0721], [0.0171, 0.0592, 0.0561, 0.037, 0.0205, 0.7979, 0.0122], [0.0853, 0.0244, 0.0311, 0.0936, 0.0518, 0.6465, 0.0673], [0.0492, 0.0201, 0.042, 0.0277, 0.0614, 0.7811, 0.0184], [0.05, 0.0721, 0.0174, 0.0825, 0.0747, 0.6157, 0.0876], [0.0252, 0.0824, 0.0585, 0.0274, 0.0227, 0.7234, 0.0604], [0.0736, 0.0349, 0.0224, 0.0556, 0.0949, 0.685, 0.0336], [0.0232, 0.0955, 0.0952, 0.059, 0.0568, 0.6365, 0.0338], [0.0779, 0.0253, 0.0735, 0.0547, 0.0165, 0.713, 0.0391], [0.013, 0.0401, 0.0301, 0.0448, 0.0437, 0.8014, 0.027], [0.0133, 0.0513, 0.0319, 0.0406, 0.0784, 0.741, 0.0435], [0.0542, 0.0265, 0.048, 0.0537, 0.018, 0.7338, 0.0658], [0.0404, 0.0557, 0.0233, 0.0564, 0.0385, 0.7174, 0.0683], [0.0349, 0.0143, 0.0452, 0.0696, 0.0536, 0.7116, 0.0708]], "emotions": ["purple", "purple", "purple", "purple", "purple", "purple", "purple", "purple", "purple", "purple", "purple", "purple", "purple", "purple", "purple", "purple", "purple", "purple", "purple", "purple", "purple", "purple", "purple", "purple", "purple", "purple", "purple", "purple", "purple", "purple", "purple", "purple", "purple", "purple", "purple", "purple", "purple", "purple", "purple", "purple", "purple", "purple", "purple", "purple", "purple", "purple", "purple", "purple", "purple", "purple", "purple", "purple", "purple", "purple", "purple", "purple", "purple", "purple", "purple", "purple", "purple", "purple", "purple", "purple", "purple", "purple", "purple", "purple", "purple", "purple", "purple", "purple", "purple", "purple", "purple", "purple", "purple", "purple", "purple", "purple"], "timestamps": [0, 40, 80, 120, 160, 200, 240, 280, 320, 360, 400, 440, 480, 520, 560, 600, 640, 680, 720, 760, 800, 840, 880, 920, 960, 1000, 1040, 1080, 1120, 1160, 1200, 1240, 1280, 1320, 1360, 1400, 1440, 1480, 1520, 1560, 1600, 1640, 1680, 1720, 1760, 1800, 1840, 1880, 1920, 1960, 2000, 2040, 2080, 2120, 2160, 2200, 2240, 2280, 2320, 2360, 2400, 2440, 2480, 2520, 2560, 2600, 2640, 2680, 2720, 2760, 2800, 2840, 2880, 2920, 2960, 3000, 3040, 3080, 3120, 3160]}], "conversation": [], "conversation_timestamps": []}