{"agent_id": "agent-orange-1873", "type": "orange", "trips": [{"trip_id": 0, "transport_method": "foot", "start_time": 0, "path": [[1.5220576, 42.5056055], [1.5218638, 42.5060083], [1.5219175, 42.5063026], [1.5223451, 42.5064328], [1.5227728, 42.5065631], [1.5232124, 42.5066436], [1.5236475, 42.5067447], [1.52408, 42.506858], [1.5245205, 42.5068752], [1.5249436, 42.5069567], [1.5253666, 42.5070806], [1.5258107, 42.5071322], [1.5262548, 42.5071838], [1.5266895, 42.5072345], [1.5262438, 42.5072001], [1.5258, 42.5071478], [1.5253574, 42.5070849], [1.5253781, 42.5070805], [1.5258224, 42.5071294], [1.5262668, 42.5071784], [1.5267112, 42.5072273], [1.5271564, 42.5072664], [1.5275095, 42.5074713], [1.5278045, 42.5078002], [1.5279994, 42.5081589], [1.5283514, 42.5084304], [1.528727, 42.5086717], [1.5289882, 42.5089106], [1.5289684, 42.5088877], [1.529147, 42.5089557], [1.529581, 42.5090627], [1.5300104, 42.5091862], [1.5304329, 42.5093321], [1.5308553, 42.5093972], [1.5312737, 42.5095546], [1.5316929, 42.5097098], [1.5321155, 42.5098551], [1.532498, 42.5100316], [1.532855, 42.5103007], [1.5332434, 42.5105178], [1.5336035, 42.5107801], [1.5338811, 42.511129], [1.5342313, 42.511359], [1.5346028, 42.5115993], [1.5349778, 42.511842], [1.5353666, 42.5120627], [1.5355219, 42.5124312], [1.5356881, 42.5126526], [1.5360415, 42.5128335], [1.5362921, 42.513101], [1.5367191, 42.5129961], [1.5371539, 42.5128948], [1.5375852, 42.5127773], [1.5380224, 42.5126849], [1.5384612, 42.5125993], [1.5385596, 42.5126142], [1.538119, 42.5126893], [1.5376765, 42.5127528], [1.5380938, 42.5126253], [1.5385216, 42.5124957], [1.5389495, 42.5123661], [1.5393564, 42.5122724], [1.5391506, 42.5125295], [1.5395651, 42.5125454], [1.5399991, 42.5124379], [1.5398123, 42.5125368], [1.5393693, 42.512596], [1.5397555, 42.5125362], [1.5401973, 42.5124673], [1.540639, 42.5123985], [1.5410811, 42.5123328], [1.5415208, 42.512401], [1.5419669, 42.5123957], [1.5424131, 42.5123685], [1.5428552, 42.5123023], [1.543265, 42.5124065], [1.543481, 42.5121016], [1.5437643, 42.511781], [1.5436086, 42.5113745], [1.5435239, 42.511046]], "mood_vectors": [[0.0492, 0.0673, 0.0256, 0.0632, 0.6492, 0.0796, 0.0661], [0.0858, 0.0791, 0.051, 0.0545, 0.6194, 0.0335, 0.0767], [0.0843, 0.0455, 0.0392, 0.0801, 0.6966, 0.0287, 0.0257], [0.0553, 0.0333, 0.0231, 0.022, 0.7469, 0.0562, 0.0631], [0.0315, 0.0761, 0.0626, 0.0299, 0.703, 0.0553, 0.0416], [0.0576, 0.0674, 0.0342, 0.0427, 0.7272, 0.0564, 0.0145], [0.0567, 0.0559, 0.061, 0.0451, 0.7165, 0.0153, 0.0496], [0.0338, 0.0683, 0.0794, 0.0179, 0.6742, 0.0726, 0.0538], [0.0685, 0.0318, 0.0185, 0.056, 0.7236, 0.0446, 0.057], [0.0334, 0.0195, 0.0519, 0.0309, 0.7884, 0.0513, 0.0245], [0.0292, 0.0554, 0.0362, 0.0741, 0.7363, 0.0293, 0.0395], [0.0573, 0.0482, 0.0357, 0.0864, 0.6636, 0.0511, 0.0577], [0.07, 0.0615, 0.0386, 0.0595, 0.6653, 0.0277, 0.0774], [0.0755, 0.0517, 0.0476, 0.0551, 0.6334, 0.0598, 0.0769], [0.021, 0.0885, 0.0887, 0.0802, 0.6579, 0.0241, 0.0395], [0.083, 0.0307, 0.0834, 0.0414, 0.6369, 0.0794, 0.0451], [0.0381, 0.0213, 0.0701, 0.0641, 0.6796, 0.0683, 0.0585], [0.0717, 0.0722, 0.0649, 0.0368, 0.6587, 0.0228, 0.0729], [0.0861, 0.0658, 0.0319, 0.0538, 0.7135, 0.0155, 0.0334], [0.0636, 0.0416, 0.015, 0.0702, 0.7161, 0.0597, 0.0339], [0.0494, 0.0248, 0.0752, 0.0603, 0.6671, 0.0759, 0.0473], [0.0148, 0.0707, 0.0406, 0.0533, 0.6862, 0.0662, 0.0683], [0.0145, 0.0399, 0.0708, 0.0353, 0.6948, 0.0688, 0.0759], [0.0703, 0.0215, 0.0618, 0.0602, 0.6832, 0.0671, 0.036], [0.0863, 0.0569, 0.0797, 0.0354, 0.6589, 0.0473, 0.0354], [0.0294, 0.0519, 0.0691, 0.0612, 0.6606, 0.0768, 0.051], [0.0252, 0.0607, 0.0125, 0.0262, 0.7451, 0.0739, 0.0565], [0.0695, 0.0349, 0.0397, 0.0554, 0.7476, 0.0259, 0.027], [0.0876, 0.0696, 0.0612, 0.0269, 0.6236, 0.0901, 0.041], [0.0743, 0.0467, 0.0122, 0.0279, 0.788, 0.0358, 0.0151], [0.021, 0.0403, 0.0751, 0.0138, 0.7131, 0.0812, 0.0554], [0.0387, 0.0515, 0.0496, 0.0354, 0.7019, 0.069, 0.0541], [0.0493, 0.061, 0.077, 0.0176, 0.6874, 0.0812, 0.0265], [0.0619, 0.0637, 0.0695, 0.0213, 0.6303, 0.0801, 0.0733], [0.0243, 0.0499, 0.0673, 0.024, 0.7435, 0.0357, 0.0553], [0.0635, 0.0498, 0.0586, 0.0569, 0.6751, 0.0801, 0.0159], [0.0656, 0.0509, 0.0526, 0.0177, 0.7279, 0.0632, 0.0221], [0.0341, 0.0451, 0.0702, 0.0444, 0.7323, 0.0171, 0.0568], [0.0275, 0.0285, 0.0378, 0.0466, 0.7783, 0.0345, 0.0468], [0.0369, 0.0548, 0.086, 0.0475, 0.6758, 0.0518, 0.0472], [0.0778, 0.0694, 0.0343, 0.0613, 0.6466, 0.0397, 0.071], [0.039, 0.0654, 0.0647, 0.0476, 0.6512, 0.0407, 0.0913], [0.0737, 0.0288, 0.0149, 0.0302, 0.7311, 0.0418, 0.0794], [0.0336, 0.0332, 0.0171, 0.0283, 0.8202, 0.0558, 0.0119], [0.0299, 0.0225, 0.0683, 0.0616, 0.7733, 0.0306, 0.0138], [0.0446, 0.0899, 0.0427, 0.0919, 0.6796, 0.0299, 0.0214], [0.0286, 0.0277, 0.0183, 0.0388, 0.8108, 0.0382, 0.0376], [0.0688, 0.0398, 0.0608, 0.0412, 0.6189, 0.0751, 0.0954], [0.0601, 0.0294, 0.0138, 0.0382, 0.716, 0.0803, 0.0622], [0.0362, 0.0661, 0.0352, 0.0775, 0.6974, 0.028, 0.0595], [0.0223, 0.0438, 0.0746, 0.0609, 0.7139, 0.0347, 0.0499], [0.0718, 0.0232, 0.0679, 0.0435, 0.7077, 0.0323, 0.0536], [0.0454, 0.0526, 0.0485, 0.0688, 0.6932, 0.0428, 0.0487], [0.0793, 0.0434, 0.0727, 0.0732, 0.671, 0.016, 0.0444], [0.0167, 0.0568, 0.0296, 0.0342, 0.7731, 0.0317, 0.0579], [0.043, 0.0633, 0.046, 0.0649, 0.6667, 0.0589, 0.0574], [0.0288, 0.0381, 0.0558, 0.0677, 0.6789, 0.0416, 0.089], [0.0597, 0.0222, 0.084, 0.0357, 0.74, 0.0429, 0.0156], [0.0302, 0.0262, 0.0472, 0.0705, 0.7303, 0.0774, 0.0183], [0.0438, 0.0225, 0.0479, 0.0502, 0.7682, 0.0261, 0.0414], [0.0641, 0.0524, 0.0563, 0.0676, 0.7152, 0.0307, 0.0138], [0.0406, 0.074, 0.048, 0.0755, 0.6128, 0.0658, 0.0833], [0.0664, 0.0414, 0.0703, 0.0529, 0.6875, 0.0549, 0.0267], [0.0781, 0.0131, 0.0561, 0.041, 0.724, 0.026, 0.0616], [0.0408, 0.0497, 0.0877, 0.0814, 0.6649, 0.0323, 0.0433], [0.0484, 0.0266, 0.0667, 0.0602, 0.7001, 0.0504, 0.0476], [0.0645, 0.0577, 0.0259, 0.0242, 0.7279, 0.0356, 0.0641], [0.0266, 0.0776, 0.0604, 0.023, 0.6667, 0.0739, 0.0718], [0.0553, 0.0235, 0.0184, 0.0315, 0.7321, 0.0661, 0.0731], [0.0295, 0.0646, 0.0827, 0.0635, 0.6018, 0.0686, 0.0893], [0.0672, 0.0389, 0.0853, 0.0449, 0.6797, 0.0694, 0.0147], [0.0633, 0.0652, 0.0702, 0.0607, 0.6474, 0.0801, 0.0131], [0.0156, 0.0439, 0.0756, 0.0129, 0.7107, 0.0674, 0.0739], [0.0681, 0.0277, 0.0319, 0.0504, 0.7283, 0.0248, 0.0689], [0.046, 0.0228, 0.0582, 0.0848, 0.745, 0.0234, 0.0198], [0.0483, 0.0827, 0.0639, 0.0558, 0.6215, 0.0844, 0.0434], [0.0694, 0.0333, 0.0629, 0.0161, 0.7247, 0.0463, 0.0472], [0.0436, 0.0501, 0.0464, 0.0697, 0.6863, 0.032, 0.0719], [0.0375, 0.0492, 0.0359, 0.0584, 0.7554, 0.0132, 0.0504], [0.037, 0.0344, 0.0904, 0.0542, 0.6725, 0.0531, 0.0585]], "emotions": ["red", "red", "red", "red", "red", "red", "red", "red", "red", "red", "red", "red", "red", "red", "red", "red", "red", "red", "red", "red", "red", "red", "red", "red", "red", "red", "red", "red", "red", "red", "red", "red", "red", "red", "red", "red", "red", "red", "red", "red", "red", "red", "red", "red", "red", "red", "red", "red", "red", "red", "red", "red", "red", "red", "red", "red", "red", "red", "red", "red", "red", "red", "red", "red", "red", "red", "red", "red", "red", "red", "red", "red", "red", "red", "red", "red", "red", "red", "red", "red"], "timestamps": [0, 40, 80, 120, 160, 200, 240, 280, 320, 360, 400, 440, 480, 520, 560, 600, 640, 680, 720, 760, 800, 840, 880, 920, 960, 1000, 1040, 1080, 1120, 1160, 1200, 1240, 1280, 1320, 1360, 1400, 1440, 1480, 1520, 1560, 1600, 1640, 1680, 1720, 1760, 1800, 1840, 1880, 1920, 1960, 2000, 2040, 2080, 2120, 2160, 2200, 2240, 2280, 2320, 2360, 2400, 2440, 2480, 2520, 2560, 2600, 2640, 2680, 2720, 2760, 2800, 2840, 2880, 2920, 2960, 3000, 3040, 3080, 3120, 3160]}], "conversation": [], "conversation_timestamps": []}