{"agent_id": "agent-red-1896", "type": "red", "trips": [{"trip_id": 0, "transport_method": "foot", "start_time": 0, "path": [[1.5381967, 42.5109852], [1.5381466, 42.510999], [1.5380965, 42.5110128], [1.5380464, 42.5110265], [1.5379963, 42.5110403], [1.5379462, 42.5110541], [1.5378961, 42.5110679], [1.5378459, 42.5110817], [1.5377958, 42.5110955], [1.5377457, 42.5111093], [1.5376956, 42.5111231], [1.5376455, 42.5111369], [1.5375954, 42.5111507], [1.5375453, 42.5111645], [1.5374952, 42.5111782], [1.5374451, 42.511192], [1.5373949, 42.5112058], [1.5373448, 42.5112196], [1.5372947, 42.5112334], [1.5372766, 42.5112305], [1.5373165, 42.5111973], [1.5373565, 42.511164], [1.5373964, 42.5111308], [1.5374364, 42.5110975], [1.5374763, 42.5110643], [1.5375163, 42.511031], [1.5375562, 42.5109978], [1.5375962, 42.5109645], [1.5376361, 42.5109313], [1.5376761, 42.510898], [1.537716, 42.5108648], [1.537756, 42.5108315], [1.5377959, 42.5107983], [1.5378359, 42.5107651], [1.5378758, 42.5107318], [1.5379158, 42.5106986], [1.5379557, 42.5106653], [1.5379696, 42.5106218], [1.5379631, 42.5105702], [1.5379565, 42.5105186], [1.53795, 42.5104671], [1.5379435, 42.5104155], [1.537937, 42.510364], [1.5379305, 42.5103124], [1.537924, 42.5102608], [1.5379175, 42.5102093], [1.537911, 42.5101577], [1.5379044, 42.5101061], [1.5378979, 42.5100546], [1.5378968, 42.5100027], [1.5378975, 42.5099507], [1.5378981, 42.5098988], [1.5378988, 42.5098468], [1.5378994, 42.5097948], [1.5379, 42.5097428], [1.5379007, 42.5096909], [1.5379013, 42.5096389], [1.537902, 42.5095869], [1.5379026, 42.509535], [1.5379032, 42.509483], [1.5379039, 42.509431], [1.5379013, 42.5093795], [1.5378865, 42.5093297], [1.5378718, 42.5092798], [1.537857, 42.50923], [1.5378423, 42.5091801], [1.5378276, 42.5091303], [1.5378128, 42.5090805], [1.5377981, 42.5090306], [1.5377833, 42.5089808], [1.5377686, 42.508931], [1.5377539, 42.5088811], [1.5377391, 42.5088313], [1.5377373, 42.5087829], [1.5377627, 42.5087375], [1.5377881, 42.5086922], [1.5378135, 42.5086468], [1.5378388, 42.5086015], [1.5378642, 42.5085561], [1.5378896, 42.5085108]], "mood_vectors": [[0.7155, 0.0774, 0.0581, 0.0258, 0.0243, 0.0286, 0.0704], [0.6242, 0.0887, 0.085, 0.0192, 0.0405, 0.0499, 0.0924], [0.6833, 0.0184, 0.0738, 0.0352, 0.057, 0.0793, 0.0529], [0.6714, 0.0532, 0.0485, 0.0757, 0.0634, 0.025, 0.0628], [0.7164, 0.04, 0.0135, 0.0517, 0.072, 0.0428, 0.0636], [0.6538, 0.0366, 0.0655, 0.0966, 0.0391, 0.0764, 0.032], [0.7237, 0.032, 0.0474, 0.0285, 0.0628, 0.0553, 0.0502], [0.6934, 0.0371, 0.0177, 0.0534, 0.0767, 0.0208, 0.1008], [0.7373, 0.071, 0.0377, 0.0293, 0.0392, 0.048, 0.0375], [0.7152, 0.0435, 0.0722, 0.0584, 0.0388, 0.057, 0.015], [0.702, 0.0167, 0.0563, 0.0729, 0.0226, 0.071, 0.0584], [0.6773, 0.0426, 0.0835, 0.0792, 0.0146, 0.0585, 0.0443], [0.6511, 0.048, 0.05, 0.0804, 0.0659, 0.0365, 0.0682], [0.7757, 0.028, 0.0196, 0.0344, 0.0143, 0.0904, 0.0377], [0.681, 0.0357, 0.0629, 0.0738, 0.0701, 0.0286, 0.048], [0.7185, 0.0553, 0.048, 0.0592, 0.0291, 0.0204, 0.0695], [0.6768, 0.0794, 0.0421, 0.0594, 0.0772, 0.042, 0.0232], [0.7149, 0.0272, 0.0281, 0.0349, 0.0685, 0.0722, 0.0542], [0.7766, 0.0415, 0.0328, 0.0128, 0.0469, 0.0287, 0.0607], [0.7841, 0.0318, 0.017, 0.0215, 0.0731, 0.0448, 0.0276], [0.6949, 0.0722, 0.022, 0.0523, 0.0293, 0.0704, 0.0589], [0.7489, 0.0319, 0.0352, 0.028, 0.0699, 0.0298, 0.0564], [0.6641, 0.071, 0.0634, 0.0774, 0.0459, 0.0187, 0.0595], [0.7176, 0.0645, 0.044, 0.0651, 0.0486, 0.021, 0.0393], [0.7565, 0.0429, 0.0145, 0.0734, 0.0303, 0.0347, 0.0477], [0.6338, 0.075, 0.0836, 0.0568, 0.0472, 0.042, 0.0615], [0.6035, 0.0633, 0.0802, 0.0833, 0.0556, 0.0637, 0.0503], [0.6871, 0.0238, 0.0619, 0.055, 0.0327, 0.0631, 0.0763], [0.7986, 0.0158, 0.0121, 0.0635, 0.056, 0.036, 0.018], [0.7191, 0.0363, 0.0317, 0.0688, 0.0227, 0.053, 0.0684], [0.7582, 0.0137, 0.052, 0.0698, 0.0164, 0.0771, 0.0128], [0.7543, 0.0166, 0.074, 0.0219, 0.0481, 0.0267, 0.0584], [0.6779, 0.0661, 0.0541, 0.0565, 0.0366, 0.064, 0.0448], [0.7816, 0.0338, 0.039, 0.0726, 0.024, 0.0371, 0.0118], [0.7031, 0.0788, 0.0332, 0.0523, 0.0326, 0.0229, 0.0771], [0.7019, 0.0734, 0.0442, 0.0187, 0.05, 0.0501, 0.0617], [0.6698, 0.0326, 0.0652, 0.0337, 0.0737, 0.0305, 0.0945], [0.6872, 0.0649, 0.0899, 0.0702, 0.0259, 0.019, 0.0429], [0.7153, 0.046, 0.0585, 0.0767, 0.0281, 0.0403, 0.0351], [0.7295, 0.0348, 0.06, 0.0406, 0.0974, 0.0183, 0.0195], [0.6412, 0.0497, 0.0951, 0.0505, 0.0257, 0.0525, 0.0853], [0.7795, 0.0147, 0.0359, 0.0354, 0.0721, 0.0216, 0.0408], [0.6484, 0.0853, 0.0647, 0.049, 0.0198, 0.0485, 0.0843], [0.739, 0.0682, 0.0311, 0.0389, 0.0528, 0.0376, 0.0324], [0.6664, 0.0137, 0.0758, 0.0849, 0.0311, 0.0399, 0.0882], [0.6902, 0.022, 0.054, 0.0311, 0.0854, 0.0653, 0.052], [0.6954, 0.053, 0.012, 0.0677, 0.07, 0.0381, 0.0639], [0.6644, 0.0856, 0.0443, 0.0318, 0.0274, 0.0723, 0.0742], [0.7538, 0.0145, 0.0136, 0.0614, 0.0638, 0.0461, 0.0468], [0.6715, 0.0408, 0.0817, 0.0302, 0.057, 0.0985, 0.0203], [0.6019, 0.0779, 0.0588, 0.0655, 0.057, 0.0769, 0.0621], [0.7073, 0.0641, 0.05, 0.0354, 0.0575, 0.0178, 0.0679], [0.7504, 0.0622, 0.0298, 0.0668, 0.0257, 0.0473, 0.0178], [0.6521, 0.0686, 0.0655, 0.0114, 0.0676, 0.0671, 0.0677], [0.689, 0.036, 0.0575, 0.0329, 0.0527, 0.0443, 0.0875], [0.7063, 0.0153, 0.066, 0.027, 0.0547, 0.0444, 0.0863], [0.7947, 0.0293, 0.0182, 0.0509, 0.0204, 0.0317, 0.0547], [0.6853, 0.0553, 0.0725, 0.0672, 0.0297, 0.057, 0.0331], [0.7351, 0.0646, 0.031, 0.0495, 0.0562, 0.0359, 0.0276], [0.7516, 0.0398, 0.0638, 0.0161, 0.0765, 0.0356, 0.0167], [0.714, 0.0451, 0.0396, 0.0511, 0.0149, 0.0546, 0.0806], [0.6302, 0.0274, 0.0357, 0.0666, 0.0885, 0.0809, 0.0707], [0.6516, 0.0466, 0.0658, 0.0672, 0.0644, 0.0328, 0.0716], [0.707, 0.0868, 0.0512, 0.0406, 0.0381, 0.0356, 0.0406], [0.6933, 0.0792, 0.0154, 0.0723, 0.0471, 0.0274, 0.0653], [0.6928, 0.0731, 0.0948, 0.0482, 0.0418, 0.025, 0.0242], [0.6867, 0.0667, 0.0658, 0.0691, 0.0626, 0.0223, 0.0268], [0.6042, 0.0337, 0.0799, 0.0794, 0.0838, 0.0444, 0.0746], [0.6761, 0.0537, 0.074, 0.0756, 0.0271, 0.0562, 0.0374], [0.7239, 0.0767, 0.0214, 0.0283, 0.072, 0.0336, 0.0441], [0.6773, 0.0815, 0.0651, 0.0601, 0.0454, 0.0341, 0.0365], [0.6257, 0.0612, 0.0703, 0.0383, 0.0496, 0.0814, 0.0735], [0.7594, 0.0573, 0.0204, 0.0465, 0.0195, 0.0703, 0.0266], [0.6882, 0.0764, 0.0498, 0.0755, 0.0453, 0.0431, 0.0218], [0.6754, 0.0778, 0.0452, 0.0139, 0.0755, 0.0402, 0.0719], [0.6535, 0.0616, 0.0524, 0.0478, 0.072, 0.0437, 0.069], [0.7106, 0.071, 0.0512, 0.0275, 0.0532, 0.0448, 0.0417], [0.6006, 0.073, 0.0653, 0.0793, 0.0559, 0.0529, 0.0731], [0.7616, 0.0448, 0.0426, 0.048, 0.02, 0.0689, 0.0141], [0.755, 0.0435, 0.0642, 0.0421, 0.027, 0.0166, 0.0515]], "emotions": ["red", "red", "red", "red", "red", "red", "red", "red", "red", "red", "red", "red", "red", "red", "red", "red", "red", "red", "red", "red", "red", "red", "red", "red", "red", "red", "red", "red", "red", "red", "red", "red", "red", "red", "red", "red", "red", "red", "red", "red", "red", "red", "red", "red", "red", "red", "red", "red", "red", "red", "red", "red", "red", "red", "red", "red", "red", "red", "red", "red", "red", "red", "red", "red", "red", "red", "red", "red", "red", "red", "red", "red", "red", "red", "red", "red", "red", "red", "red", "red"], "timestamps": [0, 40, 80, 120, 160, 200, 240, 280, 320, 360, 400, 440, 480, 520, 560, 600, 640, 680, 720, 760, 800, 840, 880, 920, 960, 1000, 1040, 1080, 1120, 1160, 1200, 1240, 1280, 1320, 1360, 1400, 1440, 1480, 1520, 1560, 1600, 1640, 1680, 1720, 1760, 1800, 1840, 1880, 1920, 1960, 2000, 2040, 2080, 2120, 2160, 2200, 2240, 2280, 2320, 2360, 2400, 2440, 2480, 2520, 2560, 2600, 2640, 2680, 2720, 2760, 2800, 2840, 2880, 2920, 2960, 3000, 3040, 3080, 3120, 3160]}], "conversation": [], "conversation_timestamps": []}