{"agent_id": "agent-green-722", "type": "green", "trips": [{"trip_id": 0, "transport_method": "foot", "start_time": 0, "path": [[1.5209845, 42.5060803], [1.5211481, 42.5053175], [1.5210262, 42.504759], [1.5202986, 42.5044428], [1.5198687, 42.5040817], [1.5191803, 42.503731], [1.5184654, 42.5036136], [1.5176776, 42.5037153], [1.5168863, 42.5037275], [1.516136, 42.5034883], [1.5154868, 42.5030316], [1.5148138, 42.5026097], [1.514065, 42.5023936], [1.5134656, 42.5018951], [1.512835, 42.5016196], [1.5123578, 42.5009845], [1.5118807, 42.5003494], [1.511394, 42.4997217], [1.5109008, 42.499099], [1.5104064, 42.4984773], [1.509753, 42.4980377], [1.5090423, 42.4976831], [1.5083264, 42.4973388], [1.5075977, 42.4970244], [1.5068515, 42.496752], [1.5061029, 42.4964863], [1.5053477, 42.4962401], [1.5046216, 42.4959237], [1.5039145, 42.4955659], [1.5031592, 42.4953211], [1.5024389, 42.4949871], [1.5017218, 42.4946455], [1.5010011, 42.4943115], [1.5004654, 42.4938046], [1.4998673, 42.4932852], [1.4992212, 42.4928252], [1.498518, 42.4924563], [1.4978192, 42.4920788], [1.497145, 42.4916592], [1.496496, 42.491204], [1.4962845, 42.4904825], [1.4960381, 42.4897538], [1.4955201, 42.4891516], [1.4950047, 42.4885471], [1.4946657, 42.4878503], [1.4947411, 42.4870652], [1.4944838, 42.4863243], [1.4939257, 42.4857626], [1.4932879, 42.48529], [1.4926317, 42.4848646], [1.4918651, 42.4847429], [1.4911404, 42.4844459], [1.4909341, 42.4837679], [1.4905528, 42.4830712], [1.4901465, 42.4823888], [1.4897584, 42.4816971], [1.4895657, 42.4809314], [1.4894743, 42.4801423], [1.4895561, 42.4793607], [1.4899329, 42.4786633], [1.4904517, 42.4786688], [1.4912176, 42.4785492], [1.491968, 42.4783644], [1.4925412, 42.4778216], [1.4931782, 42.4773494], [1.4938875, 42.4769951], [1.4941792, 42.476358], [1.494732, 42.4759669], [1.4953655, 42.4754901], [1.4961239, 42.4754159], [1.4965651, 42.4747603], [1.4971416, 42.4742176], [1.4977878, 42.4738095], [1.498524, 42.4735634], [1.4992555, 42.4732821], [1.4998759, 42.4728832], [1.5005045, 42.4725762], [1.500939, 42.4723156], [1.5011447, 42.4717745], [1.500689, 42.4712102]], "mood_vectors": [[0.0593, 0.0669, 0.0502, 0.052, 0.0388, 0.0302, 0.7028], [0.0714, 0.0194, 0.0576, 0.0422, 0.027, 0.0494, 0.7332], [0.0312, 0.0229, 0.0602, 0.0727, 0.0587, 0.0988, 0.6554], [0.0364, 0.0272, 0.0473, 0.0389, 0.0538, 0.0252, 0.7712], [0.0172, 0.0558, 0.0522, 0.0474, 0.0757, 0.0279, 0.7238], [0.0595, 0.0489, 0.0414, 0.0727, 0.0545, 0.0611, 0.6619], [0.0128, 0.0614, 0.0351, 0.0578, 0.0358, 0.0277, 0.7694], [0.045, 0.0774, 0.0946, 0.0282, 0.0221, 0.0175, 0.7152], [0.0341, 0.0614, 0.0328, 0.0601, 0.0183, 0.0778, 0.7154], [0.0212, 0.0712, 0.0165, 0.0528, 0.038, 0.0572, 0.7432], [0.0706, 0.071, 0.0534, 0.0843, 0.0317, 0.0328, 0.6561], [0.0596, 0.0739, 0.0536, 0.0109, 0.0514, 0.0618, 0.6888], [0.0672, 0.0715, 0.0652, 0.0516, 0.0428, 0.031, 0.6706], [0.0632, 0.0742, 0.0435, 0.0466, 0.0556, 0.0255, 0.6914], [0.0148, 0.0378, 0.0139, 0.0887, 0.0641, 0.0732, 0.7074], [0.0563, 0.0177, 0.0178, 0.0338, 0.0852, 0.0529, 0.7363], [0.0496, 0.056, 0.0992, 0.0389, 0.0762, 0.0289, 0.6513], [0.0854, 0.0204, 0.0364, 0.0369, 0.0813, 0.0229, 0.7167], [0.076, 0.02, 0.0452, 0.0512, 0.049, 0.0771, 0.6815], [0.0706, 0.0235, 0.0709, 0.031, 0.0547, 0.0438, 0.7056], [0.0803, 0.0383, 0.0353, 0.0215, 0.0397, 0.0249, 0.7601], [0.0322, 0.0174, 0.0233, 0.0447, 0.0619, 0.0705, 0.7499], [0.0633, 0.0535, 0.0652, 0.0713, 0.0349, 0.0299, 0.6819], [0.06, 0.0696, 0.0177, 0.066, 0.0533, 0.0389, 0.6945], [0.0243, 0.0367, 0.0131, 0.0295, 0.025, 0.0736, 0.7977], [0.055, 0.077, 0.0511, 0.0474, 0.0337, 0.03, 0.7058], [0.0631, 0.027, 0.028, 0.0266, 0.035, 0.0617, 0.7586], [0.0301, 0.0291, 0.0563, 0.0267, 0.0442, 0.0881, 0.7255], [0.0887, 0.0228, 0.0237, 0.0603, 0.0531, 0.0408, 0.7106], [0.0811, 0.0732, 0.0181, 0.0376, 0.0809, 0.0816, 0.6275], [0.0276, 0.0623, 0.0844, 0.0725, 0.0436, 0.0795, 0.6301], [0.0366, 0.0716, 0.0119, 0.0535, 0.0485, 0.0587, 0.7193], [0.062, 0.0668, 0.0524, 0.0342, 0.0903, 0.0691, 0.6253], [0.0588, 0.0606, 0.0171, 0.0419, 0.014, 0.0162, 0.7913], [0.043, 0.0489, 0.013, 0.0863, 0.0159, 0.0551, 0.7378], [0.0342, 0.0728, 0.055, 0.0504, 0.0673, 0.0644, 0.656], [0.0601, 0.048, 0.035, 0.0704, 0.019, 0.0208, 0.7466], [0.0167, 0.0841, 0.0251, 0.0509, 0.0295, 0.0472, 0.7466], [0.0567, 0.0897, 0.0698, 0.0316, 0.0458, 0.0714, 0.635], [0.0384, 0.0431, 0.0771, 0.0564, 0.0294, 0.0364, 0.7193], [0.032, 0.0286, 0.0573, 0.0382, 0.0544, 0.0621, 0.7275], [0.0396, 0.0208, 0.0472, 0.0781, 0.0351, 0.0272, 0.7521], [0.0816, 0.015, 0.0937, 0.0421, 0.0783, 0.0198, 0.6695], [0.0403, 0.0494, 0.0379, 0.0139, 0.0333, 0.0267, 0.7985], [0.0671, 0.0287, 0.0447, 0.0589, 0.0737, 0.0345, 0.6924], [0.0725, 0.0223, 0.0635, 0.0595, 0.0433, 0.0513, 0.6877], [0.0755, 0.0226, 0.0426, 0.0558, 0.0505, 0.0546, 0.6984], [0.0429, 0.0424, 0.0622, 0.0601, 0.0761, 0.0748, 0.6416], [0.0655, 0.065, 0.049, 0.0496, 0.0146, 0.0416, 0.7147], [0.058, 0.0559, 0.0145, 0.0533, 0.0304, 0.0687, 0.7192], [0.0691, 0.0156, 0.0747, 0.0143, 0.0524, 0.0703, 0.7037], [0.0526, 0.0389, 0.0236, 0.0296, 0.0551, 0.0446, 0.7556], [0.0888, 0.0425, 0.0512, 0.021, 0.0605, 0.0618, 0.6742], [0.0853, 0.074, 0.0297, 0.0948, 0.0144, 0.0499, 0.6518], [0.0337, 0.0783, 0.0313, 0.0574, 0.0136, 0.0616, 0.724], [0.0173, 0.0844, 0.0374, 0.0613, 0.0809, 0.0288, 0.6899], [0.0823, 0.0451, 0.0331, 0.018, 0.0457, 0.0315, 0.7444], [0.0844, 0.0414, 0.0972, 0.0237, 0.0646, 0.0606, 0.6281], [0.0622, 0.0537, 0.0743, 0.0431, 0.089, 0.0534, 0.6244], [0.0732, 0.072, 0.059, 0.0218, 0.0407, 0.0393, 0.6941], [0.0807, 0.0575, 0.0301, 0.0447, 0.0487, 0.0626, 0.6758], [0.0259, 0.0641, 0.0215, 0.0574, 0.0394, 0.0555, 0.7362], [0.0593, 0.0267, 0.0164, 0.0361, 0.0276, 0.0599, 0.7741], [0.0601, 0.0553, 0.0515, 0.0224, 0.057, 0.055, 0.6987], [0.0223, 0.0798, 0.077, 0.0668, 0.0487, 0.0725, 0.6329], [0.0188, 0.0834, 0.0307, 0.0933, 0.0358, 0.0851, 0.6528], [0.0605, 0.0863, 0.0691, 0.0626, 0.0438, 0.0689, 0.6089], [0.0864, 0.0811, 0.0316, 0.0886, 0.0353, 0.0716, 0.6054], [0.0545, 0.0714, 0.0264, 0.0321, 0.0718, 0.0635, 0.6802], [0.0366, 0.0607, 0.0356, 0.03, 0.0722, 0.0514, 0.7135], [0.0332, 0.0388, 0.0687, 0.0189, 0.0467, 0.0576, 0.7362], [0.0825, 0.0756, 0.03, 0.05, 0.033, 0.0154, 0.7136], [0.0727, 0.0378, 0.045, 0.0729, 0.0181, 0.0572, 0.6962], [0.0216, 0.0759, 0.0756, 0.0406, 0.0245, 0.0357, 0.7261], [0.0819, 0.0237, 0.0477, 0.0967, 0.0589, 0.0961, 0.5949], [0.0524, 0.0693, 0.0202, 0.0159, 0.0509, 0.0476, 0.7437], [0.0365, 0.0816, 0.0717, 0.0428, 0.0445, 0.0485, 0.6745], [0.0803, 0.0307, 0.0652, 0.0509, 0.0168, 0.0348, 0.7213], [0.0229, 0.0172, 0.075, 0.0729, 0.0492, 0.0622, 0.7005], [0.0612, 0.0739, 0.0822, 0.0618, 0.0456, 0.0555, 0.6198]], "emotions": ["purple", "purple", "purple", "purple", "purple", "purple", "purple", "purple", "purple", "purple", "purple", "purple", "purple", "purple", "purple", "purple", "purple", "purple", "purple", "purple", "purple", "purple", "purple", "purple", "purple", "purple", "purple", "purple", "purple", "purple", "purple", "purple", "purple", "purple", "purple", "purple", "purple", "purple", "purple", "purple", "purple", "purple", "purple", "purple", "purple", "purple", "purple", "purple", "purple", "purple", "purple", "purple", "purple", "purple", "purple", "purple", "purple", "purple", "purple", "purple", "purple", "purple", "purple", "purple", "purple", "purple", "purple", "purple", "purple", "purple", "purple", "purple", "purple", "purple", "purple", "purple", "purple", "purple", "purple", "purple"], "timestamps": [0, 40, 80, 120, 160, 200, 240, 280, 320, 360, 400, 440, 480, 520, 560, 600, 640, 680, 720, 760, 800, 840, 880, 920, 960, 1000, 1040, 1080, 1120, 1160, 1200, 1240, 1280, 1320, 1360, 1400, 1440, 1480, 1520, 1560, 1600, 1640, 1680, 1720, 1760, 1800, 1840, 1880, 1920, 1960, 2000, 2040, 2080, 2120, 2160, 2200, 2240, 2280, 2320, 2360, 2400, 2440, 2480, 2520, 2560, 2600, 2640, 2680, 2720, 2760, 2800, 2840, 2880, 2920, 2960, 3000, 3040, 3080, 3120, 3160]}], "conversation": [], "conversation_timestamps": []}