{"agent_id": "agent-green-1287", "type": "green", "trips": [{"trip_id": 0, "transport_method": "foot", "start_time": 0, "path": [[1.7326442, 42.5428615], [1.7316688, 42.5405546], [1.7296749, 42.5427628], [1.7267699, 42.5415343], [1.7234465, 42.5382895], [1.7191259, 42.5380753], [1.7196402, 42.5400228], [1.7165538, 42.540059], [1.7121627, 42.5388416], [1.7108328, 42.5346684], [1.7125228, 42.530842], [1.7127298, 42.5275243], [1.7096158, 42.5270814], [1.7061239, 42.5266182], [1.7016038, 42.5270448], [1.697528, 42.5260046], [1.6961485, 42.5221857], [1.6935769, 42.5184117], [1.691371, 42.5160217], [1.6905121, 42.5116072], [1.6896797, 42.5082016], [1.6853893, 42.5066997], [1.6809129, 42.5052441], [1.6762005, 42.5047338], [1.6743101, 42.5012571], [1.6716685, 42.4994221], [1.6670122, 42.4994544], [1.6639227, 42.4972904], [1.6606223, 42.4954583], [1.6572914, 42.495164], [1.6545066, 42.4918335], [1.6536804, 42.4874692], [1.652058, 42.4838329], [1.6473722, 42.4830624], [1.6426124, 42.4825458], [1.638684, 42.4840004], [1.6339833, 42.483665], [1.6292664, 42.4826659], [1.6245952, 42.4831087], [1.6198386, 42.4837368], [1.6149913, 42.4840538], [1.6145102, 42.4834815], [1.6192954, 42.4830241], [1.6215068, 42.4836081], [1.6166551, 42.4838504], [1.6118213, 42.4840485], [1.6090577, 42.4813202], [1.6051509, 42.4794305], [1.601028, 42.4797637], [1.5977509, 42.478908], [1.5941032, 42.4793379], [1.5894264, 42.4790655], [1.5847983, 42.4777281], [1.5806041, 42.475809], [1.5798869, 42.4756947], [1.5795601, 42.4755533], [1.5748369, 42.4749233], [1.5719079, 42.4716945], [1.5686804, 42.4687403], [1.564305, 42.4700083], [1.559795, 42.4690306], [1.5602723, 42.4659403], [1.5610902, 42.4614487], [1.5611027, 42.4584924], [1.5580935, 42.4551668], [1.5591069, 42.4505156], [1.5574059, 42.4461637], [1.5545723, 42.4431046], [1.5534083, 42.4385471], [1.5534616, 42.4393236], [1.5528581, 42.4369389], [1.5496872, 42.4337405], [1.5448462, 42.4337357], [1.5434426, 42.4334683], [1.5388771, 42.4331393], [1.5376631, 42.4331505], [1.5328928, 42.4335758], [1.5282351, 42.4343511], [1.5237964, 42.4353425], [1.5194084, 42.4350124]], "mood_vectors": [[0.0861, 0.0582, 0.0492, 0.0883, 0.0734, 0.0188, 0.6259], [0.0649, 0.0843, 0.045, 0.0729, 0.0806, 0.0239, 0.6284], [0.0559, 0.0752, 0.0388, 0.0353, 0.0251, 0.0182, 0.7515], [0.0481, 0.0827, 0.0779, 0.0533, 0.0779, 0.0329, 0.6272], [0.0553, 0.0605, 0.0543, 0.039, 0.0141, 0.0368, 0.7401], [0.0672, 0.0174, 0.0559, 0.0922, 0.0421, 0.0889, 0.6363], [0.0324, 0.0482, 0.0269, 0.0302, 0.0722, 0.023, 0.7671], [0.0255, 0.0236, 0.0304, 0.0207, 0.0423, 0.0831, 0.7745], [0.0197, 0.0807, 0.0616, 0.0844, 0.0767, 0.0818, 0.5951], [0.0803, 0.068, 0.0264, 0.0544, 0.0612, 0.0594, 0.6503], [0.0379, 0.0214, 0.0751, 0.0705, 0.0775, 0.0725, 0.645], [0.0208, 0.0591, 0.0793, 0.0797, 0.0834, 0.0838, 0.594], [0.0387, 0.0271, 0.0786, 0.0291, 0.0199, 0.0386, 0.768], [0.0793, 0.0397, 0.0743, 0.0788, 0.0542, 0.0305, 0.6433], [0.083, 0.0567, 0.0334, 0.0144, 0.0721, 0.0875, 0.6529], [0.028, 0.0392, 0.0663, 0.038, 0.0567, 0.0645, 0.7073], [0.0401, 0.0197, 0.0491, 0.0663, 0.0359, 0.0179, 0.771], [0.0647, 0.0694, 0.0572, 0.0687, 0.0506, 0.025, 0.6645], [0.0927, 0.0327, 0.0667, 0.0402, 0.0213, 0.0325, 0.7139], [0.0704, 0.0219, 0.0421, 0.075, 0.0724, 0.0215, 0.6966], [0.0586, 0.0383, 0.0347, 0.0295, 0.0665, 0.05, 0.7223], [0.0672, 0.0178, 0.0276, 0.0519, 0.063, 0.0754, 0.6972], [0.0362, 0.0298, 0.0187, 0.0292, 0.0765, 0.0183, 0.7914], [0.055, 0.066, 0.0473, 0.0562, 0.0543, 0.0327, 0.6885], [0.0292, 0.0656, 0.0553, 0.0488, 0.0301, 0.0579, 0.713], [0.0724, 0.0244, 0.0624, 0.0653, 0.0635, 0.0144, 0.6978], [0.0396, 0.0275, 0.0777, 0.0395, 0.0569, 0.0263, 0.7326], [0.0488, 0.0719, 0.0507, 0.0662, 0.0355, 0.0446, 0.6822], [0.0607, 0.0598, 0.0496, 0.0426, 0.0703, 0.0351, 0.6819], [0.0542, 0.0218, 0.0244, 0.068, 0.0619, 0.0399, 0.7299], [0.0746, 0.0621, 0.0299, 0.0139, 0.0483, 0.0292, 0.7421], [0.0277, 0.0834, 0.0184, 0.0226, 0.0187, 0.043, 0.7861], [0.0166, 0.0184, 0.0427, 0.0443, 0.0933, 0.0492, 0.7355], [0.0918, 0.0278, 0.0659, 0.0217, 0.0943, 0.0622, 0.6363], [0.0888, 0.0207, 0.0135, 0.0339, 0.0799, 0.0434, 0.7198], [0.0678, 0.0513, 0.0589, 0.053, 0.0555, 0.072, 0.6414], [0.0425, 0.0617, 0.0626, 0.0627, 0.0191, 0.045, 0.7064], [0.0115, 0.0598, 0.0675, 0.0722, 0.0651, 0.0288, 0.6951], [0.0403, 0.061, 0.0666, 0.0157, 0.0405, 0.0374, 0.7385], [0.0182, 0.0702, 0.0721, 0.0145, 0.0672, 0.0761, 0.6817], [0.0363, 0.0286, 0.0869, 0.017, 0.0497, 0.0872, 0.6943], [0.0198, 0.0896, 0.0286, 0.0139, 0.0156, 0.0836, 0.7488], [0.0311, 0.0772, 0.0178, 0.0422, 0.0552, 0.0206, 0.7559], [0.0434, 0.094, 0.0227, 0.0376, 0.0501, 0.0348, 0.7173], [0.0145, 0.0597, 0.057, 0.0497, 0.0348, 0.0316, 0.7526], [0.0486, 0.0312, 0.0412, 0.0715, 0.0634, 0.0641, 0.6801], [0.0374, 0.0517, 0.0815, 0.0164, 0.0166, 0.0415, 0.7549], [0.0313, 0.0494, 0.0418, 0.0274, 0.0822, 0.0275, 0.7404], [0.0704, 0.0648, 0.0381, 0.0148, 0.0591, 0.0905, 0.6623], [0.0589, 0.0363, 0.0591, 0.0252, 0.0227, 0.0167, 0.781], [0.0601, 0.0455, 0.0305, 0.0248, 0.0573, 0.0765, 0.7053], [0.0647, 0.0244, 0.0781, 0.0468, 0.0183, 0.0649, 0.7029], [0.0402, 0.0299, 0.1007, 0.0406, 0.074, 0.062, 0.6526], [0.043, 0.0318, 0.0529, 0.0749, 0.0417, 0.0257, 0.7299], [0.0591, 0.0174, 0.0634, 0.0401, 0.0505, 0.0593, 0.7102], [0.0221, 0.0187, 0.0531, 0.039, 0.0459, 0.0649, 0.7564], [0.0452, 0.0683, 0.051, 0.045, 0.0399, 0.0468, 0.7038], [0.0552, 0.0173, 0.0951, 0.0624, 0.034, 0.0696, 0.6665], [0.0204, 0.0783, 0.0677, 0.0424, 0.0673, 0.0238, 0.7001], [0.0818, 0.0426, 0.0159, 0.0872, 0.0289, 0.0395, 0.704], [0.0681, 0.0334, 0.0913, 0.0211, 0.0531, 0.0793, 0.6536], [0.0534, 0.0611, 0.0613, 0.0425, 0.0546, 0.0606, 0.6666], [0.0231, 0.0345, 0.0825, 0.0479, 0.026, 0.0818, 0.7041], [0.0698, 0.0381, 0.0713, 0.0335, 0.0528, 0.0446, 0.6898], [0.0663, 0.0645, 0.0501, 0.0628, 0.0742, 0.0406, 0.6415], [0.0235, 0.0164, 0.0629, 0.0233, 0.0737, 0.0783, 0.7219], [0.0193, 0.0581, 0.0589, 0.0233, 0.0718, 0.0221, 0.7465], [0.0303, 0.0211, 0.0349, 0.0202, 0.079, 0.0204, 0.7942], [0.0739, 0.0466, 0.0805, 0.0822, 0.0564, 0.071, 0.5894], [0.0257, 0.0597, 0.0397, 0.0745, 0.0519, 0.0787, 0.6699], [0.0478, 0.0809, 0.0655, 0.0135, 0.0812, 0.0728, 0.6384], [0.0837, 0.0583, 0.0363, 0.0696, 0.0459, 0.0361, 0.6701], [0.0196, 0.0738, 0.0572, 0.0604, 0.0194, 0.0314, 0.7382], [0.0172, 0.0221, 0.0776, 0.0169, 0.0524, 0.0551, 0.7587], [0.0579, 0.0836, 0.0183, 0.0184, 0.0772, 0.021, 0.7237], [0.0814, 0.0557, 0.0477, 0.0405, 0.0239, 0.0966, 0.6543], [0.0798, 0.0801, 0.023, 0.0444, 0.0855, 0.0786, 0.6087], [0.0277, 0.0353, 0.0229, 0.0651, 0.0494, 0.0656, 0.734], [0.0624, 0.0275, 0.0297, 0.0421, 0.0669, 0.0222, 0.7493], [0.0397, 0.0234, 0.0581, 0.0941, 0.0425, 0.0907, 0.6515]], "emotions": ["purple", "purple", "purple", "purple", "purple", "purple", "purple", "purple", "purple", "purple", "purple", "purple", "purple", "purple", "purple", "purple", "purple", "purple", "purple", "purple", "purple", "purple", "purple", "purple", "purple", "purple", "purple", "purple", "purple", "purple", "purple", "purple", "purple", "purple", "purple", "purple", "purple", "purple", "purple", "purple", "purple", "purple", "purple", "purple", "purple", "purple", "purple", "purple", "purple", "purple", "purple", "purple", "purple", "purple", "purple", "purple", "purple", "purple", "purple", "purple", "purple", "purple", "purple", "purple", "purple", "purple", "purple", "purple", "purple", "purple", "purple", "purple", "purple", "purple", "purple", "purple", "purple", "purple", "purple", "purple"], "timestamps": [0, 40, 80, 120, 160, 200, 240, 280, 320, 360, 400, 440, 480, 520, 560, 600, 640, 680, 720, 760, 800, 840, 880, 920, 960, 1000, 1040, 1080, 1120, 1160, 1200, 1240, 1280, 1320, 1360, 1400, 1440, 1480, 1520, 1560, 1600, 1640, 1680, 1720, 1760, 1800, 1840, 1880, 1920, 1960, 2000, 2040, 2080, 2120, 2160, 2200, 2240, 2280, 2320, 2360, 2400, 2440, 2480, 2520, 2560, 2600, 2640, 2680, 2720, 2760, 2800, 2840, 2880, 2920, 2960, 3000, 3040, 3080, 3120, 3160]}], "conversation": [], "conversation_timestamps": []}