{"agent_id": "agent-blue-680", "type": "blue", "trips": [{"trip_id": 0, "transport_method": "bicycle", "start_time": 0, "path": [[1.5363987, 42.5550751], [1.5361566, 42.5540757], [1.5366072, 42.5531744], [1.5366078, 42.5526864], [1.5360803, 42.5518056], [1.5352566, 42.5510468], [1.534247, 42.5506184], [1.5331843, 42.5503005], [1.5321805, 42.5497853], [1.531211, 42.5492247], [1.5301251, 42.5489156], [1.5297619, 42.5489305], [1.5308397, 42.5490188], [1.5309619, 42.5490685], [1.5299423, 42.5485834], [1.5289006, 42.5481564], [1.5277772, 42.5480476], [1.5267945, 42.5479642], [1.526694, 42.5472716], [1.5256003, 42.5470344], [1.5247264, 42.5463361], [1.524369, 42.5456881], [1.5238458, 42.5447029], [1.5234046, 42.5437284], [1.5231581, 42.5433129], [1.5229019, 42.5422339], [1.5231698, 42.5412012], [1.5235141, 42.5408873], [1.5232137, 42.5398289], [1.5231351, 42.5387097], [1.5237027, 42.5378914], [1.5247542, 42.5375834], [1.525056, 42.5370196], [1.5242488, 42.5366621], [1.5231837, 42.5363399], [1.5225183, 42.5354999], [1.5217372, 42.5347227], [1.520996, 42.5339844], [1.5210696, 42.5331342], [1.5211456, 42.5321583], [1.5210804, 42.5311456], [1.5213201, 42.5302445], [1.521998, 42.5293935], [1.5212987, 42.5286256], [1.5208279, 42.5276591], [1.5206911, 42.5266196], [1.5207878, 42.5256319], [1.5206144, 42.5267165], [1.5206458, 42.5270867], [1.5207156, 42.5259598], [1.5206268, 42.5248504], [1.521128, 42.5238557], [1.5217716, 42.5229388], [1.5223228, 42.5219817], [1.5232153, 42.5212995], [1.5236413, 42.5202608], [1.5237954, 42.5200649], [1.5233495, 42.5211], [1.5237667, 42.5200509], [1.524184, 42.5190017], [1.5249997, 42.5183219], [1.5258177, 42.517549], [1.5267842, 42.5170628], [1.527748, 42.5165127], [1.5287339, 42.515992], [1.5294471, 42.5151238], [1.5302776, 42.5143852], [1.5303399, 42.5133311], [1.5309172, 42.5123718], [1.5303395, 42.5116303], [1.529485, 42.5109863], [1.5292673, 42.5100853], [1.5284981, 42.5093493], [1.5292846, 42.5101346], [1.5287161, 42.5094714], [1.5287677, 42.5088935], [1.5294885, 42.5084286], [1.5295775, 42.5078751], [1.5303525, 42.507055], [1.5304578, 42.5062872]], "mood_vectors": [[0.0417, 0.0372, 0.0237, 0.7294, 0.0363, 0.0632, 0.0686], [0.0581, 0.0609, 0.041, 0.6774, 0.0581, 0.0391, 0.0655], [0.0217, 0.0762, 0.0578, 0.6247, 0.0782, 0.0681, 0.0733], [0.0547, 0.0327, 0.0479, 0.624, 0.0791, 0.0806, 0.081], [0.0349, 0.0603, 0.0904, 0.6991, 0.0666, 0.0224, 0.0263], [0.0173, 0.0869, 0.0641, 0.6491, 0.0418, 0.0503, 0.0905], [0.0775, 0.0429, 0.0191, 0.7136, 0.042, 0.0789, 0.026], [0.0735, 0.0439, 0.0594, 0.7152, 0.0338, 0.0423, 0.0318], [0.034, 0.081, 0.0806, 0.6894, 0.02, 0.0476, 0.0473], [0.068, 0.0448, 0.0352, 0.7171, 0.0507, 0.0372, 0.047], [0.0645, 0.0329, 0.0279, 0.7731, 0.0449, 0.0398, 0.0169], [0.0915, 0.083, 0.0319, 0.6605, 0.0233, 0.0557, 0.0542], [0.0406, 0.0312, 0.0455, 0.7253, 0.0603, 0.0544, 0.0427], [0.0577, 0.0727, 0.0625, 0.6652, 0.06, 0.0136, 0.0682], [0.033, 0.0167, 0.0627, 0.733, 0.0608, 0.0636, 0.0304], [0.069, 0.0861, 0.0802, 0.5886, 0.0146, 0.0681, 0.0934], [0.0504, 0.0463, 0.0554, 0.7308, 0.0457, 0.0124, 0.0589], [0.0541, 0.0531, 0.0753, 0.6503, 0.0503, 0.0294, 0.0875], [0.0501, 0.0477, 0.05, 0.6783, 0.0437, 0.0685, 0.0618], [0.0686, 0.0544, 0.015, 0.7113, 0.0716, 0.0417, 0.0373], [0.0353, 0.024, 0.0173, 0.7405, 0.0742, 0.0411, 0.0677], [0.0511, 0.0398, 0.0371, 0.7001, 0.0401, 0.0654, 0.0663], [0.0176, 0.0888, 0.0249, 0.7355, 0.0757, 0.0438, 0.0136], [0.06, 0.0386, 0.0737, 0.7159, 0.0149, 0.0757, 0.0211], [0.0221, 0.0284, 0.0705, 0.7408, 0.0344, 0.0696, 0.0343], [0.0282, 0.0157, 0.0602, 0.7202, 0.0612, 0.0749, 0.0396], [0.02, 0.0634, 0.0584, 0.8038, 0.0173, 0.0248, 0.0124], [0.0374, 0.0862, 0.0208, 0.6169, 0.0896, 0.0978, 0.0513], [0.0681, 0.0303, 0.05, 0.6072, 0.0833, 0.074, 0.0871], [0.0329, 0.0212, 0.033, 0.744, 0.0733, 0.0639, 0.0316], [0.0583, 0.0265, 0.0773, 0.7666, 0.0154, 0.0211, 0.0348], [0.036, 0.0329, 0.0479, 0.714, 0.091, 0.0435, 0.0346], [0.0455, 0.0499, 0.0633, 0.6572, 0.028, 0.0659, 0.0903], [0.0745, 0.0236, 0.0536, 0.7577, 0.0302, 0.0141, 0.0463], [0.0313, 0.0566, 0.059, 0.6497, 0.0448, 0.0857, 0.0729], [0.0543, 0.0745, 0.0252, 0.7619, 0.0401, 0.023, 0.0211], [0.0259, 0.0889, 0.0434, 0.6739, 0.0388, 0.0406, 0.0885], [0.0174, 0.0746, 0.0236, 0.7066, 0.0693, 0.0438, 0.0647], [0.0305, 0.0809, 0.0402, 0.7194, 0.0218, 0.0856, 0.0215], [0.0172, 0.0188, 0.0164, 0.735, 0.0936, 0.0956, 0.0234], [0.0817, 0.0488, 0.0516, 0.6477, 0.0696, 0.081, 0.0195], [0.0585, 0.0439, 0.0285, 0.687, 0.0675, 0.0492, 0.0654], [0.0562, 0.0425, 0.0232, 0.7659, 0.0346, 0.0525, 0.0251], [0.0691, 0.0382, 0.0626, 0.6408, 0.087, 0.0582, 0.044], [0.0751, 0.0937, 0.0247, 0.6735, 0.0471, 0.0665, 0.0194], [0.0305, 0.0299, 0.0793, 0.694, 0.0712, 0.064, 0.0312], [0.0534, 0.0974, 0.089, 0.6503, 0.0242, 0.0455, 0.0402], [0.0313, 0.0888, 0.0148, 0.7528, 0.0267, 0.0169, 0.0687], [0.0652, 0.0355, 0.0666, 0.6561, 0.0857, 0.057, 0.034], [0.0859, 0.0785, 0.0581, 0.6338, 0.0359, 0.0511, 0.0567], [0.0607, 0.0407, 0.0348, 0.6899, 0.0863, 0.0437, 0.0438], [0.0699, 0.0344, 0.0588, 0.6892, 0.0738, 0.0557, 0.0183], [0.0294, 0.0204, 0.0471, 0.7141, 0.0591, 0.0821, 0.0478], [0.0525, 0.0367, 0.0285, 0.743, 0.0774, 0.0223, 0.0396], [0.0664, 0.0664, 0.0447, 0.721, 0.026, 0.0414, 0.0339], [0.0705, 0.0902, 0.0416, 0.6828, 0.0179, 0.0286, 0.0682], [0.0413, 0.0373, 0.0323, 0.8038, 0.0455, 0.0193, 0.0205], [0.0667, 0.0381, 0.014, 0.7064, 0.0714, 0.0525, 0.0509], [0.0639, 0.0716, 0.019, 0.7343, 0.0593, 0.0356, 0.0164], [0.0601, 0.0257, 0.0271, 0.7409, 0.0766, 0.0423, 0.0273], [0.0728, 0.0371, 0.0792, 0.6598, 0.075, 0.0198, 0.0563], [0.0415, 0.0632, 0.0539, 0.6886, 0.0912, 0.0311, 0.0305], [0.0202, 0.0592, 0.0688, 0.6921, 0.0608, 0.0582, 0.0407], [0.0367, 0.0265, 0.0373, 0.7636, 0.0393, 0.0377, 0.0587], [0.017, 0.031, 0.0764, 0.7446, 0.072, 0.039, 0.02], [0.0581, 0.069, 0.0721, 0.6996, 0.0271, 0.0479, 0.0262], [0.0754, 0.0471, 0.0412, 0.6262, 0.0821, 0.0711, 0.057], [0.0729, 0.0571, 0.0231, 0.7109, 0.0798, 0.0286, 0.0276], [0.063, 0.0617, 0.0538, 0.7253, 0.0201, 0.0522, 0.0239], [0.0339, 0.024, 0.0538, 0.7735, 0.0415, 0.0303, 0.0429], [0.0627, 0.0203, 0.0689, 0.6887, 0.0658, 0.0711, 0.0225], [0.0733, 0.0618, 0.0797, 0.6054, 0.0594, 0.0433, 0.0772], [0.0142, 0.029, 0.072, 0.7169, 0.0586, 0.0279, 0.0814], [0.0272, 0.0166, 0.0293, 0.7498, 0.0759, 0.0488, 0.0524], [0.0138, 0.0464, 0.0331, 0.7727, 0.0255, 0.0284, 0.0802], [0.0298, 0.0478, 0.0388, 0.7167, 0.0448, 0.0716, 0.0504], [0.0522, 0.0654, 0.0484, 0.7209, 0.0452, 0.0536, 0.0143], [0.0652, 0.0511, 0.0415, 0.6198, 0.0801, 0.0754, 0.067], [0.0127, 0.0792, 0.0607, 0.7166, 0.0517, 0.0656, 0.0136], [0.0739, 0.0524, 0.026, 0.6276, 0.0806, 0.0741, 0.0653]], "emotions": ["green", "green", "green", "green", "green", "green", "green", "green", "green", "green", "green", "green", "green", "green", "green", "green", "green", "green", "green", "green", "green", "green", "green", "green", "green", "green", "green", "green", "green", "green", "green", "green", "green", "green", "green", "green", "green", "green", "green", "green", "green", "green", "green", "green", "green", "green", "green", "green", "green", "green", "green", "green", "green", "green", "green", "green", "green", "green", "green", "green", "green", "green", "green", "green", "green", "green", "green", "green", "green", "green", "green", "green", "green", "green", "green", "green", "green", "green", "green", "green"], "timestamps": [0, 40, 80, 120, 160, 200, 240, 280, 320, 360, 400, 440, 480, 520, 560, 600, 640, 680, 720, 760, 800, 840, 880, 920, 960, 1000, 1040, 1080, 1120, 1160, 1200, 1240, 1280, 1320, 1360, 1400, 1440, 1480, 1520, 1560, 1600, 1640, 1680, 1720, 1760, 1800, 1840, 1880, 1920, 1960, 2000, 2040, 2080, 2120, 2160, 2200, 2240, 2280, 2320, 2360, 2400, 2440, 2480, 2520, 2560, 2600, 2640, 2680, 2720, 2760, 2800, 2840, 2880, 2920, 2960, 3000, 3040, 3080, 3120, 3160]}], "conversation": [], "conversation_timestamps": []}