{"agent_id": "agent-orange-1478", "type": "orange", "trips": [{"trip_id": 0, "transport_method": "bicycle", "start_time": 0, "path": [[1.5287307, 42.5083656], [1.5286037, 42.5082985], [1.5284877, 42.5082039], [1.5283878, 42.5080926], [1.5282993, 42.5079719], [1.5282176, 42.5078464], [1.5281342, 42.507722], [1.5280549, 42.5075949], [1.527976, 42.5074676], [1.5279248, 42.5073786], [1.5280215, 42.5074929], [1.5281183, 42.5076072], [1.528215, 42.5077216], [1.5283117, 42.5078359], [1.5284085, 42.5079502], [1.5285052, 42.5080646], [1.5286019, 42.5081789], [1.5286987, 42.5082932], [1.5288041, 42.5083971], [1.5289345, 42.5084708], [1.5290654, 42.5085434], [1.5292048, 42.508598], [1.5293415, 42.508637], [1.5294908, 42.5086244], [1.52964, 42.5086131], [1.5297888, 42.5086301], [1.5299323, 42.5086642], [1.5300651, 42.5087335], [1.5301984, 42.5088018], [1.5303334, 42.5088667], [1.5304716, 42.5089034], [1.5306178, 42.5088708], [1.530764, 42.5088383], [1.5307912, 42.5089435], [1.530871, 42.5090357], [1.5310104, 42.5090905], [1.5311498, 42.5091452], [1.5312892, 42.5092], [1.5314286, 42.5092548], [1.5315714, 42.5092997], [1.5317099, 42.509354], [1.5318394, 42.5094292], [1.5319689, 42.5095044], [1.5320984, 42.5095796], [1.5322391, 42.5096299], [1.5323843, 42.5096665], [1.5325321, 42.5096899], [1.5326806, 42.5097089], [1.5328299, 42.5097204], [1.5329788, 42.5097363], [1.5331266, 42.5097597], [1.5332728, 42.5097923], [1.5334166, 42.5098341], [1.5335583, 42.5098826], [1.5336979, 42.5099369], [1.5338287, 42.5100091], [1.5339536, 42.5100917], [1.5340748, 42.5101795], [1.5341946, 42.5102695], [1.5343146, 42.510359], [1.5344347, 42.5104485], [1.5345548, 42.510538], [1.5346772, 42.5106242], [1.5348002, 42.5107097], [1.5349219, 42.5107964], [1.5350099, 42.5109173], [1.5351093, 42.5110281], [1.5352286, 42.5111187], [1.5353468, 42.5112086], [1.5354766, 42.5112832], [1.5356109, 42.5113495], [1.5357473, 42.5114114], [1.5358678, 42.511494], [1.5358354, 42.5116216], [1.5359439, 42.5117247], [1.5360514, 42.511829], [1.5361584, 42.5119338], [1.5362654, 42.5120386], [1.5363815, 42.5121328], [1.5365008, 42.5122233]], "mood_vectors": [[0.0539, 0.0708, 0.0701, 0.0166, 0.6296, 0.0839, 0.0751], [0.0178, 0.0538, 0.0387, 0.049, 0.7695, 0.0172, 0.054], [0.0166, 0.0332, 0.0722, 0.0561, 0.7121, 0.0896, 0.0202], [0.0574, 0.0542, 0.0744, 0.0267, 0.6583, 0.0517, 0.0774], [0.071, 0.0472, 0.0177, 0.066, 0.696, 0.0703, 0.0318], [0.0284, 0.0769, 0.0576, 0.0354, 0.66, 0.0776, 0.0642], [0.0213, 0.0347, 0.0356, 0.0882, 0.7392, 0.0466, 0.0343], [0.0173, 0.0639, 0.0631, 0.0334, 0.7007, 0.0781, 0.0435], [0.0478, 0.0463, 0.041, 0.0571, 0.6776, 0.0387, 0.0915], [0.0859, 0.0218, 0.0828, 0.0764, 0.625, 0.0237, 0.0844], [0.0573, 0.0645, 0.0547, 0.0298, 0.7076, 0.0369, 0.0492], [0.0234, 0.071, 0.0492, 0.0894, 0.6443, 0.0415, 0.0813], [0.0429, 0.068, 0.0406, 0.0482, 0.6891, 0.0488, 0.0626], [0.0179, 0.0876, 0.032, 0.0804, 0.6636, 0.0565, 0.0621], [0.0427, 0.0421, 0.0499, 0.0585, 0.6358, 0.0797, 0.0913], [0.0134, 0.0151, 0.0142, 0.0197, 0.7874, 0.0849, 0.0654], [0.0818, 0.102, 0.0486, 0.0191, 0.653, 0.0185, 0.077], [0.0143, 0.0471, 0.0706, 0.0498, 0.6778, 0.0676, 0.0727], [0.064, 0.0743, 0.0745, 0.0518, 0.6465, 0.0208, 0.0682], [0.0528, 0.0561, 0.0636, 0.0153, 0.7466, 0.0153, 0.0503], [0.0125, 0.0541, 0.0408, 0.0232, 0.7711, 0.0695, 0.0288], [0.0821, 0.0156, 0.0309, 0.0596, 0.7593, 0.028, 0.0245], [0.0185, 0.0215, 0.0556, 0.0142, 0.752, 0.0623, 0.0758], [0.0385, 0.0427, 0.0842, 0.0287, 0.6691, 0.0437, 0.0931], [0.0605, 0.0533, 0.032, 0.0263, 0.7264, 0.0269, 0.0746], [0.0392, 0.0426, 0.0562, 0.0921, 0.6847, 0.0156, 0.0696], [0.0165, 0.0535, 0.0234, 0.0761, 0.7725, 0.0337, 0.0244], [0.0335, 0.028, 0.0325, 0.0219, 0.7429, 0.0716, 0.0696], [0.0498, 0.0387, 0.0554, 0.0142, 0.7241, 0.0619, 0.0559], [0.0468, 0.0822, 0.0541, 0.0326, 0.6522, 0.0756, 0.0564], [0.0592, 0.0362, 0.0377, 0.0746, 0.7304, 0.019, 0.0428], [0.0949, 0.0179, 0.0495, 0.055, 0.6413, 0.0863, 0.055], [0.0869, 0.0217, 0.0606, 0.043, 0.7113, 0.0557, 0.0207], [0.0864, 0.0276, 0.0658, 0.0349, 0.6871, 0.0705, 0.0278], [0.0603, 0.0592, 0.0586, 0.0606, 0.6398, 0.0513, 0.0703], [0.0796, 0.0275, 0.0375, 0.041, 0.7005, 0.0577, 0.0561], [0.0331, 0.0135, 0.0273, 0.0539, 0.752, 0.0699, 0.0503], [0.0982, 0.0183, 0.0513, 0.0965, 0.6332, 0.0199, 0.0827], [0.0648, 0.0524, 0.0698, 0.0872, 0.6555, 0.0297, 0.0406], [0.0767, 0.0811, 0.0221, 0.0668, 0.7047, 0.0143, 0.0343], [0.0165, 0.0266, 0.0587, 0.0713, 0.7319, 0.0172, 0.078], [0.0201, 0.0845, 0.0743, 0.0132, 0.7162, 0.0761, 0.0157], [0.015, 0.0242, 0.0684, 0.068, 0.7469, 0.0385, 0.0391], [0.0535, 0.0326, 0.071, 0.0569, 0.709, 0.0514, 0.0256], [0.0173, 0.0749, 0.0169, 0.0393, 0.7809, 0.022, 0.0487], [0.0137, 0.0261, 0.0524, 0.0376, 0.7355, 0.0637, 0.071], [0.0591, 0.0436, 0.0272, 0.0739, 0.6935, 0.036, 0.0666], [0.0766, 0.0364, 0.0904, 0.0535, 0.6729, 0.0244, 0.0459], [0.0231, 0.0298, 0.0476, 0.0429, 0.815, 0.0164, 0.0252], [0.041, 0.0637, 0.0256, 0.0249, 0.7363, 0.0484, 0.06], [0.0178, 0.0745, 0.0319, 0.0546, 0.7361, 0.0468, 0.0383], [0.0305, 0.0287, 0.0726, 0.0318, 0.7208, 0.0592, 0.0564], [0.0434, 0.0731, 0.0856, 0.0288, 0.6782, 0.0541, 0.0368], [0.0161, 0.0508, 0.0719, 0.0737, 0.7226, 0.0165, 0.0483], [0.0265, 0.0618, 0.0705, 0.0374, 0.7421, 0.0297, 0.032], [0.0893, 0.0606, 0.0611, 0.0589, 0.6249, 0.0713, 0.0338], [0.0976, 0.0225, 0.0236, 0.0771, 0.7213, 0.0397, 0.0181], [0.0482, 0.0484, 0.0693, 0.0466, 0.6987, 0.0144, 0.0744], [0.0479, 0.0648, 0.0787, 0.0569, 0.6477, 0.0593, 0.0448], [0.0215, 0.0324, 0.0664, 0.1011, 0.7095, 0.0382, 0.0309], [0.0834, 0.0176, 0.0884, 0.0443, 0.6989, 0.0211, 0.0463], [0.0484, 0.0576, 0.0717, 0.0424, 0.6717, 0.0379, 0.0703], [0.0453, 0.0167, 0.0603, 0.0147, 0.7225, 0.0838, 0.0566], [0.0607, 0.0445, 0.0688, 0.0139, 0.7237, 0.0371, 0.0513], [0.0727, 0.0231, 0.0738, 0.0785, 0.6938, 0.0397, 0.0183], [0.0697, 0.0412, 0.0342, 0.0272, 0.7728, 0.0381, 0.0168], [0.0489, 0.0199, 0.067, 0.0751, 0.6743, 0.0447, 0.0702], [0.0553, 0.0714, 0.0258, 0.0437, 0.7431, 0.0327, 0.0281], [0.0575, 0.0342, 0.0777, 0.0808, 0.6941, 0.0333, 0.0225], [0.0328, 0.0449, 0.071, 0.0634, 0.694, 0.0719, 0.0221], [0.0147, 0.0289, 0.0806, 0.0237, 0.7854, 0.0486, 0.0182], [0.02, 0.0583, 0.0675, 0.0128, 0.7452, 0.0755, 0.0207], [0.0143, 0.0373, 0.0679, 0.0673, 0.6815, 0.0534, 0.0784], [0.0491, 0.0141, 0.0351, 0.0351, 0.7512, 0.0416, 0.0739], [0.0749, 0.0195, 0.0286, 0.0554, 0.7392, 0.0242, 0.0583], [0.0284, 0.0643, 0.0672, 0.0682, 0.6448, 0.063, 0.064], [0.0312, 0.0568, 0.0225, 0.016, 0.7568, 0.0309, 0.0858], [0.0193, 0.0432, 0.0382, 0.0828, 0.7207, 0.0739, 0.0219], [0.0503, 0.0532, 0.0221, 0.069, 0.6904, 0.0476, 0.0672], [0.0844, 0.0332, 0.0542, 0.0651, 0.624, 0.0523, 0.0867]], "emotions": ["red", "red", "red", "red", "red", "red", "red", "red", "red", "red", "red", "red", "red", "red", "red", "red", "red", "red", "red", "red", "red", "red", "red", "red", "red", "red", "red", "red", "red", "red", "red", "red", "red", "red", "red", "red", "red", "red", "red", "red", "red", "red", "red", "red", "red", "red", "red", "red", "red", "red", "red", "red", "red", "red", "red", "red", "red", "red", "red", "red", "red", "red", "red", "red", "red", "red", "red", "red", "red", "red", "red", "red", "red", "red", "red", "red", "red", "red", "red", "red"], "timestamps": [0, 40, 80, 120, 160, 200, 240, 280, 320, 360, 400, 440, 480, 520, 560, 600, 640, 680, 720, 760, 800, 840, 880, 920, 960, 1000, 1040, 1080, 1120, 1160, 1200, 1240, 1280, 1320, 1360, 1400, 1440, 1480, 1520, 1560, 1600, 1640, 1680, 1720, 1760, 1800, 1840, 1880, 1920, 1960, 2000, 2040, 2080, 2120, 2160, 2200, 2240, 2280, 2320, 2360, 2400, 2440, 2480, 2520, 2560, 2600, 2640, 2680, 2720, 2760, 2800, 2840, 2880, 2920, 2960, 3000, 3040, 3080, 3120, 3160]}], "conversation": [], "conversation_timestamps": []}