{"agent_id": "agent-red-1821", "type": "red", "trips": [{"trip_id": 0, "transport_method": "foot", "start_time": 0, "path": [[1.5286517, 42.5076403], [1.5321583, 42.5067253], [1.5349195, 42.5074951], [1.5390138, 42.5082202], [1.5422161, 42.5088967], [1.5459972, 42.5096227], [1.5475974, 42.5113009], [1.5501047, 42.5120167], [1.5521563, 42.5133406], [1.55352, 42.5164009], [1.5565522, 42.5190635], [1.5595482, 42.521935], [1.5619843, 42.5237073], [1.5656266, 42.5255576], [1.5691488, 42.5278333], [1.5727722, 42.5294555], [1.5759824, 42.5315486], [1.5774562, 42.5317434], [1.5816741, 42.531701], [1.5853002, 42.5334943], [1.5887069, 42.5354643], [1.5926673, 42.536162], [1.5962745, 42.5361038], [1.6004298, 42.536757], [1.604591, 42.5371429], [1.6083496, 42.5361023], [1.6124836, 42.5365822], [1.6166105, 42.536904], [1.6180914, 42.5364439], [1.6174769, 42.5355835], [1.621644, 42.535516], [1.6255967, 42.5358198], [1.6244231, 42.5379741], [1.6278432, 42.538715], [1.626165, 42.5383526], [1.630324, 42.5389716], [1.6344582, 42.5391565], [1.6383877, 42.5402564], [1.6422902, 42.5415315], [1.6461184, 42.5417894], [1.6499015, 42.5418895], [1.6538101, 42.5420863], [1.657758, 42.5407277], [1.6581364, 42.5406524], [1.6576518, 42.5407401], [1.6615786, 42.5393041], [1.6657961, 42.5392564], [1.6700147, 42.5392158], [1.6693101, 42.5392824], [1.6651321, 42.5394021], [1.6627582, 42.5373368], [1.6634891, 42.5392537], [1.6677068, 42.5391573], [1.6719244, 42.5390609], [1.6740309, 42.5379575], [1.6779207, 42.5394265], [1.6816545, 42.5413286], [1.6837144, 42.5439192], [1.6833712, 42.5473349], [1.6815763, 42.5502593], [1.679841, 42.552563], [1.6832082, 42.5539075], [1.6868097, 42.555593], [1.6867247, 42.5572342], [1.6893437, 42.556796], [1.6900129, 42.5560366], [1.6930278, 42.5531063], [1.6960795, 42.5502414], [1.698884, 42.5471768], [1.7023539, 42.5449641], [1.706525, 42.5444], [1.7107342, 42.5441181], [1.7149505, 42.5439886], [1.719167, 42.5438532], [1.7233839, 42.5437595], [1.7275648, 42.5442233], [1.7314618, 42.5458057], [1.7346612, 42.5468718], [1.7346613, 42.5458785], [1.7338354, 42.5437436]], "mood_vectors": [[0.7091, 0.0754, 0.0554, 0.0644, 0.0315, 0.0414, 0.0228], [0.6847, 0.0502, 0.0482, 0.0668, 0.0828, 0.0382, 0.029], [0.6863, 0.0678, 0.0547, 0.0361, 0.035, 0.0698, 0.0502], [0.7136, 0.0195, 0.0494, 0.0613, 0.0707, 0.0699, 0.0156], [0.7144, 0.0535, 0.048, 0.0408, 0.0273, 0.062, 0.054], [0.7671, 0.0763, 0.023, 0.0754, 0.0251, 0.0175, 0.0156], [0.7052, 0.0507, 0.0105, 0.0628, 0.0487, 0.0666, 0.0555], [0.6569, 0.0742, 0.0777, 0.022, 0.0799, 0.0752, 0.0141], [0.7129, 0.0242, 0.0561, 0.0597, 0.0171, 0.0761, 0.0538], [0.6509, 0.067, 0.0665, 0.062, 0.0523, 0.0478, 0.0535], [0.6844, 0.0335, 0.0173, 0.0203, 0.0961, 0.0385, 0.1099], [0.7524, 0.0427, 0.0197, 0.0419, 0.0217, 0.0352, 0.0864], [0.6741, 0.0493, 0.0545, 0.0354, 0.038, 0.0477, 0.1009], [0.6737, 0.08, 0.0497, 0.0494, 0.0148, 0.0617, 0.0707], [0.8103, 0.0465, 0.0135, 0.0126, 0.0737, 0.0172, 0.0262], [0.6104, 0.0803, 0.0753, 0.066, 0.0315, 0.0531, 0.0834], [0.7327, 0.0194, 0.0697, 0.0481, 0.0273, 0.0824, 0.0203], [0.7429, 0.0299, 0.0628, 0.0392, 0.0623, 0.0358, 0.0271], [0.735, 0.0216, 0.0685, 0.0563, 0.0436, 0.0524, 0.0226], [0.7161, 0.0154, 0.0457, 0.0591, 0.0231, 0.0591, 0.0815], [0.7425, 0.0433, 0.0288, 0.0401, 0.0469, 0.0567, 0.0418], [0.7032, 0.0303, 0.0573, 0.0195, 0.0588, 0.0634, 0.0675], [0.6812, 0.0584, 0.0448, 0.0629, 0.0675, 0.0544, 0.0308], [0.6947, 0.0223, 0.0311, 0.0596, 0.0827, 0.0155, 0.094], [0.6781, 0.0414, 0.0577, 0.0268, 0.0669, 0.0608, 0.0683], [0.7267, 0.0133, 0.0471, 0.0694, 0.0595, 0.065, 0.0189], [0.6667, 0.0652, 0.0197, 0.0739, 0.0374, 0.071, 0.0661], [0.754, 0.0429, 0.0479, 0.0403, 0.0503, 0.0367, 0.0278], [0.7173, 0.0607, 0.0273, 0.0149, 0.0687, 0.0508, 0.0602], [0.6727, 0.0335, 0.0984, 0.0371, 0.0334, 0.0417, 0.0832], [0.6448, 0.0635, 0.0399, 0.058, 0.0628, 0.0759, 0.0552], [0.6752, 0.036, 0.0602, 0.0853, 0.0172, 0.0708, 0.0554], [0.73, 0.056, 0.0634, 0.0578, 0.0529, 0.0219, 0.0181], [0.6894, 0.0356, 0.0868, 0.0503, 0.0267, 0.0722, 0.039], [0.6051, 0.0774, 0.0818, 0.0828, 0.0497, 0.0726, 0.0306], [0.688, 0.0519, 0.0435, 0.0368, 0.0394, 0.0657, 0.0748], [0.7386, 0.0247, 0.0598, 0.0409, 0.0577, 0.0142, 0.064], [0.6687, 0.0589, 0.075, 0.0302, 0.0338, 0.0762, 0.0571], [0.6553, 0.0521, 0.058, 0.0755, 0.0754, 0.0626, 0.021], [0.7199, 0.0205, 0.0147, 0.0754, 0.0567, 0.0473, 0.0656], [0.6427, 0.082, 0.0402, 0.0455, 0.0852, 0.0415, 0.063], [0.7042, 0.0794, 0.0537, 0.0664, 0.0246, 0.0288, 0.0428], [0.7485, 0.0162, 0.0152, 0.0436, 0.0651, 0.0369, 0.0745], [0.6658, 0.0761, 0.0581, 0.0517, 0.0612, 0.0133, 0.0738], [0.7108, 0.0379, 0.0447, 0.0819, 0.0635, 0.0153, 0.0459], [0.7579, 0.0563, 0.0596, 0.0265, 0.0148, 0.0518, 0.0331], [0.7832, 0.0231, 0.0489, 0.0356, 0.0235, 0.0401, 0.0456], [0.6006, 0.0683, 0.0973, 0.0394, 0.0832, 0.041, 0.0703], [0.7345, 0.0488, 0.1021, 0.0237, 0.0294, 0.0429, 0.0186], [0.722, 0.0396, 0.0301, 0.0713, 0.05, 0.0194, 0.0678], [0.7492, 0.0409, 0.0284, 0.0372, 0.0612, 0.0351, 0.048], [0.6734, 0.0581, 0.0767, 0.0585, 0.0612, 0.0187, 0.0534], [0.7055, 0.0176, 0.0493, 0.0811, 0.0385, 0.0326, 0.0755], [0.6104, 0.0623, 0.0575, 0.0864, 0.0813, 0.0684, 0.0337], [0.6894, 0.0466, 0.0644, 0.025, 0.0735, 0.0659, 0.0352], [0.7525, 0.0503, 0.031, 0.0144, 0.0276, 0.0408, 0.0833], [0.7606, 0.0755, 0.0206, 0.0571, 0.0434, 0.021, 0.0217], [0.6578, 0.0799, 0.0354, 0.0522, 0.0623, 0.0506, 0.0618], [0.69, 0.045, 0.0547, 0.0823, 0.0268, 0.0593, 0.042], [0.703, 0.0383, 0.0642, 0.0645, 0.0565, 0.0525, 0.0211], [0.7191, 0.0652, 0.0195, 0.0258, 0.093, 0.0378, 0.0396], [0.6995, 0.0114, 0.0546, 0.0757, 0.0277, 0.0605, 0.0706], [0.7323, 0.0585, 0.0744, 0.0269, 0.0318, 0.0175, 0.0586], [0.6941, 0.0396, 0.0689, 0.0495, 0.0629, 0.039, 0.0461], [0.7182, 0.0317, 0.0753, 0.0261, 0.0602, 0.0149, 0.0735], [0.6634, 0.0549, 0.0556, 0.0557, 0.0534, 0.0755, 0.0415], [0.7669, 0.0253, 0.0409, 0.0527, 0.0272, 0.0539, 0.0332], [0.65, 0.0394, 0.0811, 0.0207, 0.0641, 0.0807, 0.0641], [0.7123, 0.0295, 0.0237, 0.0624, 0.0446, 0.0785, 0.049], [0.6857, 0.0604, 0.0135, 0.06, 0.0504, 0.0532, 0.0767], [0.732, 0.0313, 0.0397, 0.0452, 0.0609, 0.0295, 0.0613], [0.7036, 0.059, 0.0331, 0.0677, 0.0143, 0.0718, 0.0504], [0.597, 0.0789, 0.0628, 0.0718, 0.075, 0.0626, 0.0519], [0.7227, 0.0613, 0.0256, 0.0234, 0.019, 0.0611, 0.0869], [0.7276, 0.042, 0.0213, 0.0692, 0.0768, 0.033, 0.0303], [0.7135, 0.0664, 0.067, 0.04, 0.0483, 0.0487, 0.0162], [0.6568, 0.1026, 0.0523, 0.0399, 0.0701, 0.0463, 0.032], [0.7205, 0.0431, 0.0538, 0.0282, 0.0248, 0.0694, 0.0602], [0.6331, 0.0635, 0.0445, 0.062, 0.0651, 0.0621, 0.0697], [0.7388, 0.0782, 0.0393, 0.0776, 0.0305, 0.0156, 0.02]], "emotions": ["red", "red", "red", "red", "red", "red", "red", "red", "red", "red", "red", "red", "red", "red", "red", "red", "red", "red", "red", "red", "red", "red", "red", "red", "red", "red", "red", "red", "red", "red", "red", "red", "red", "red", "red", "red", "red", "red", "red", "red", "red", "red", "red", "red", "red", "red", "red", "red", "red", "red", "red", "red", "red", "red", "red", "red", "red", "red", "red", "red", "red", "red", "red", "red", "red", "red", "red", "red", "red", "red", "red", "red", "red", "red", "red", "red", "red", "red", "red", "red"], "timestamps": [0, 40, 80, 120, 160, 200, 240, 280, 320, 360, 400, 440, 480, 520, 560, 600, 640, 680, 720, 760, 800, 840, 880, 920, 960, 1000, 1040, 1080, 1120, 1160, 1200, 1240, 1280, 1320, 1360, 1400, 1440, 1480, 1520, 1560, 1600, 1640, 1680, 1720, 1760, 1800, 1840, 1880, 1920, 1960, 2000, 2040, 2080, 2120, 2160, 2200, 2240, 2280, 2320, 2360, 2400, 2440, 2480, 2520, 2560, 2600, 2640, 2680, 2720, 2760, 2800, 2840, 2880, 2920, 2960, 3000, 3040, 3080, 3120, 3160]}], "conversation": [], "conversation_timestamps": []}