{"agent_id": "agent-orange-13", "type": "orange", "trips": [{"trip_id": 0, "transport_method": "foot", "start_time": 0, "path": [[1.5226175, 42.5078455], [1.5228504, 42.5080493], [1.5235935, 42.5085417], [1.5241301, 42.5088669], [1.5250253, 42.5089536], [1.525454, 42.5094784], [1.5261867, 42.5099127], [1.5268413, 42.5105543], [1.5267602, 42.5101808], [1.5261533, 42.5098286], [1.5269891, 42.5102053], [1.5278248, 42.510582], [1.5286605, 42.5109586], [1.5294962, 42.5113353], [1.5292539, 42.5113549], [1.5283509, 42.5112208], [1.5274885, 42.5109107], [1.527482, 42.5108607], [1.5283672, 42.5110986], [1.5292525, 42.5113366], [1.5301377, 42.5115745], [1.5309335, 42.5119846], [1.5306365, 42.5127794], [1.5302998, 42.5136106], [1.5302293, 42.5144358], [1.5295361, 42.5150127], [1.5289587, 42.5157194], [1.52818, 42.5161958], [1.5273862, 42.5166542], [1.5265924, 42.5171126], [1.5267595, 42.5170659], [1.5275251, 42.5165897], [1.5283705, 42.516252], [1.5287649, 42.5158689], [1.5279963, 42.5163683], [1.5272276, 42.5168678], [1.526459, 42.5173673], [1.5256903, 42.5178668], [1.5249217, 42.5183662], [1.5250889, 42.518245], [1.5257528, 42.5176178], [1.5260505, 42.5174752], [1.5253048, 42.5180084], [1.5245592, 42.5185415], [1.5239246, 42.5191354], [1.5238009, 42.5200435], [1.5234462, 42.5208869], [1.5228906, 42.5215966], [1.5221554, 42.5221385], [1.5217658, 42.5229551], [1.5212514, 42.5237046], [1.5207378, 42.5244606], [1.5206111, 42.5253593], [1.5205267, 42.5262681], [1.5200188, 42.5270243], [1.5202017, 42.5278581], [1.5206315, 42.5286526], [1.5204536, 42.5295197], [1.5197842, 42.5301079], [1.5198184, 42.5308821], [1.5195523, 42.5317314], [1.5197121, 42.5326219], [1.519553, 42.533499], [1.51977, 42.5343088], [1.5204251, 42.53495], [1.5211215, 42.5355453], [1.520873, 42.5361653], [1.5202479, 42.5368176], [1.5198561, 42.5376429], [1.5195377, 42.5385006], [1.5193645, 42.5393947], [1.5193288, 42.5402715], [1.5191886, 42.541087], [1.5184512, 42.5415359], [1.5182596, 42.5416312], [1.5190986, 42.5412643], [1.5183716, 42.5415845], [1.5176266, 42.5420837], [1.5171745, 42.5428798], [1.5171307, 42.542662]], "mood_vectors": [[0.0948, 0.0648, 0.0323, 0.0443, 0.6768, 0.0665, 0.0203], [0.0415, 0.081, 0.0429, 0.0189, 0.7056, 0.0448, 0.0652], [0.0158, 0.0601, 0.0776, 0.0577, 0.6977, 0.036, 0.055], [0.0677, 0.0515, 0.0281, 0.1018, 0.6664, 0.0169, 0.0676], [0.0261, 0.0248, 0.0641, 0.0208, 0.7719, 0.0475, 0.0448], [0.0708, 0.0268, 0.0121, 0.0372, 0.7972, 0.0373, 0.0186], [0.0225, 0.0589, 0.0312, 0.065, 0.7195, 0.0458, 0.0571], [0.0484, 0.0522, 0.0717, 0.0228, 0.7329, 0.0375, 0.0345], [0.0839, 0.0516, 0.0563, 0.0751, 0.6984, 0.0217, 0.013], [0.0231, 0.021, 0.0392, 0.0648, 0.706, 0.064, 0.0819], [0.0319, 0.0596, 0.0671, 0.0269, 0.689, 0.0741, 0.0514], [0.0404, 0.0754, 0.0713, 0.0667, 0.6007, 0.0697, 0.0758], [0.036, 0.0193, 0.0185, 0.0674, 0.8171, 0.0249, 0.0168], [0.0501, 0.0459, 0.0724, 0.0785, 0.6437, 0.047, 0.0624], [0.0427, 0.0729, 0.066, 0.0541, 0.6478, 0.049, 0.0675], [0.0536, 0.0529, 0.0558, 0.025, 0.6843, 0.068, 0.0603], [0.0512, 0.0572, 0.0571, 0.0834, 0.6228, 0.0773, 0.0509], [0.0204, 0.0848, 0.0574, 0.0944, 0.6515, 0.046, 0.0455], [0.0908, 0.035, 0.0593, 0.0784, 0.6587, 0.0391, 0.0387], [0.0741, 0.0602, 0.0315, 0.0386, 0.6481, 0.0663, 0.0813], [0.0568, 0.0708, 0.0591, 0.0472, 0.6744, 0.0447, 0.047], [0.0952, 0.0318, 0.047, 0.0242, 0.7178, 0.0227, 0.0614], [0.0243, 0.0547, 0.0269, 0.0688, 0.7393, 0.047, 0.039], [0.0278, 0.078, 0.022, 0.0483, 0.7562, 0.0262, 0.0415], [0.0366, 0.0721, 0.0254, 0.0248, 0.7389, 0.039, 0.0633], [0.0235, 0.0263, 0.0464, 0.0598, 0.7501, 0.0423, 0.0515], [0.0611, 0.0341, 0.0646, 0.0728, 0.6216, 0.0757, 0.0701], [0.022, 0.0219, 0.015, 0.0257, 0.809, 0.0744, 0.0321], [0.0395, 0.0887, 0.0701, 0.0466, 0.6326, 0.0506, 0.0719], [0.0212, 0.0451, 0.0277, 0.0621, 0.7392, 0.0772, 0.0275], [0.0254, 0.0607, 0.0679, 0.0603, 0.681, 0.0242, 0.0806], [0.0581, 0.0287, 0.0217, 0.0149, 0.754, 0.0795, 0.043], [0.0217, 0.0183, 0.0483, 0.0398, 0.7961, 0.0335, 0.0423], [0.0566, 0.0679, 0.0394, 0.0365, 0.7072, 0.0433, 0.049], [0.02, 0.0193, 0.0204, 0.0849, 0.6957, 0.0595, 0.1002], [0.0253, 0.0803, 0.0382, 0.0339, 0.7576, 0.013, 0.0517], [0.0399, 0.0728, 0.0423, 0.0758, 0.6605, 0.0432, 0.0655], [0.0384, 0.0736, 0.0207, 0.0635, 0.6758, 0.0526, 0.0753], [0.0231, 0.0563, 0.0706, 0.0156, 0.7437, 0.0329, 0.0577], [0.0259, 0.0624, 0.0148, 0.0252, 0.7689, 0.0295, 0.0734], [0.074, 0.0787, 0.0732, 0.0424, 0.6411, 0.0743, 0.0162], [0.0837, 0.0511, 0.0144, 0.0584, 0.7538, 0.0225, 0.0162], [0.0703, 0.0629, 0.0663, 0.0413, 0.6002, 0.0758, 0.0832], [0.0786, 0.0472, 0.0811, 0.0486, 0.6865, 0.0301, 0.028], [0.0659, 0.0798, 0.073, 0.0475, 0.6453, 0.0528, 0.0359], [0.0652, 0.0536, 0.0252, 0.0158, 0.8014, 0.0153, 0.0235], [0.0906, 0.0362, 0.0793, 0.067, 0.5869, 0.082, 0.0581], [0.0398, 0.0598, 0.0415, 0.0193, 0.7154, 0.0554, 0.0688], [0.0628, 0.0397, 0.0181, 0.0793, 0.6776, 0.0312, 0.0914], [0.0795, 0.0492, 0.08, 0.066, 0.6427, 0.0191, 0.0637], [0.0575, 0.0726, 0.0561, 0.0503, 0.7058, 0.0271, 0.0305], [0.0801, 0.0756, 0.0265, 0.0327, 0.6533, 0.044, 0.0878], [0.0311, 0.0314, 0.0918, 0.0317, 0.6614, 0.08, 0.0727], [0.0247, 0.0258, 0.042, 0.058, 0.8008, 0.0179, 0.0309], [0.0945, 0.0222, 0.0576, 0.0742, 0.6422, 0.064, 0.0453], [0.0752, 0.0705, 0.0614, 0.0159, 0.7345, 0.019, 0.0234], [0.0144, 0.0906, 0.0899, 0.0218, 0.6729, 0.0404, 0.0699], [0.0501, 0.0565, 0.0473, 0.0255, 0.7784, 0.0249, 0.0172], [0.0676, 0.0247, 0.0844, 0.0229, 0.6573, 0.0577, 0.0854], [0.0849, 0.015, 0.0467, 0.0247, 0.7155, 0.0309, 0.0823], [0.0842, 0.0793, 0.0224, 0.0269, 0.6757, 0.0215, 0.09], [0.0547, 0.0199, 0.0762, 0.076, 0.6951, 0.0539, 0.0241], [0.0648, 0.0715, 0.0268, 0.0705, 0.6397, 0.0832, 0.0435], [0.0684, 0.0523, 0.0694, 0.0617, 0.7221, 0.0154, 0.0107], [0.0271, 0.0708, 0.0419, 0.048, 0.6746, 0.082, 0.0555], [0.0589, 0.0892, 0.0352, 0.0204, 0.725, 0.0276, 0.0437], [0.0455, 0.0663, 0.0448, 0.074, 0.6315, 0.0747, 0.0633], [0.0438, 0.0497, 0.0524, 0.0523, 0.7045, 0.0413, 0.056], [0.0628, 0.0725, 0.0771, 0.0733, 0.602, 0.0143, 0.0979], [0.0459, 0.0711, 0.0688, 0.0143, 0.6703, 0.0642, 0.0654], [0.0375, 0.0252, 0.0828, 0.0925, 0.648, 0.0332, 0.0808], [0.0213, 0.0789, 0.0609, 0.0381, 0.6841, 0.0791, 0.0376], [0.0749, 0.0217, 0.0907, 0.0937, 0.6488, 0.048, 0.0222], [0.0567, 0.0755, 0.0244, 0.0269, 0.6795, 0.0704, 0.0666], [0.0502, 0.0438, 0.0823, 0.0748, 0.6299, 0.028, 0.091], [0.0592, 0.0432, 0.0115, 0.0645, 0.7078, 0.0673, 0.0465], [0.0674, 0.0415, 0.0544, 0.0366, 0.6867, 0.0707, 0.0427], [0.0208, 0.027, 0.0561, 0.0275, 0.7515, 0.0652, 0.0518], [0.0675, 0.0436, 0.0329, 0.0555, 0.711, 0.0228, 0.0666], [0.0295, 0.0225, 0.02, 0.0629, 0.8124, 0.0159, 0.0367]], "emotions": ["red", "red", "red", "red", "red", "red", "red", "red", "red", "red", "red", "red", "red", "red", "red", "red", "red", "red", "red", "red", "red", "red", "red", "red", "red", "red", "red", "red", "red", "red", "red", "red", "red", "red", "red", "red", "red", "red", "red", "red", "red", "red", "red", "red", "red", "red", "red", "red", "red", "red", "red", "red", "red", "red", "red", "red", "red", "red", "red", "red", "red", "red", "red", "red", "red", "red", "red", "red", "red", "red", "red", "red", "red", "red", "red", "red", "red", "red", "red", "red"], "timestamps": [0, 40, 80, 120, 160, 200, 240, 280, 320, 360, 400, 440, 480, 520, 560, 600, 640, 680, 720, 760, 800, 840, 880, 920, 960, 1000, 1040, 1080, 1120, 1160, 1200, 1240, 1280, 1320, 1360, 1400, 1440, 1480, 1520, 1560, 1600, 1640, 1680, 1720, 1760, 1800, 1840, 1880, 1920, 1960, 2000, 2040, 2080, 2120, 2160, 2200, 2240, 2280, 2320, 2360, 2400, 2440, 2480, 2520, 2560, 2600, 2640, 2680, 2720, 2760, 2800, 2840, 2880, 2920, 2960, 3000, 3040, 3080, 3120, 3160]}], "conversation": [], "conversation_timestamps": []}