{"agent_id": "agent-red-891", "type": "red", "trips": [{"trip_id": 0, "transport_method": "car", "start_time": 0, "path": [[1.5385826, 42.5126504], [1.5376733, 42.5127532], [1.5367946, 42.513006], [1.5359423, 42.5133357], [1.5350381, 42.5134613], [1.5341352, 42.5136112], [1.5332575, 42.5138624], [1.5324347, 42.5142385], [1.5317696, 42.5148501], [1.5313271, 42.5152238], [1.5306743, 42.5157101], [1.5298836, 42.5161443], [1.5291109, 42.5166339], [1.5282902, 42.516681], [1.5274799, 42.5170875], [1.5266428, 42.5174569], [1.5258607, 42.5179132], [1.5251628, 42.5185041], [1.5244331, 42.5190565], [1.5239473, 42.519771], [1.5236166, 42.5206151], [1.5231365, 42.5213908], [1.5223962, 42.5219251], [1.521852, 42.522643], [1.5214672, 42.5234611], [1.5208962, 42.5241749], [1.5206853, 42.5250212], [1.5207889, 42.5259163], [1.5206246, 42.5267863], [1.5207886, 42.5276181], [1.5210956, 42.5284507], [1.5216546, 42.5291328], [1.5217529, 42.5297271], [1.5212537, 42.5304505], [1.5210789, 42.5311482], [1.5210433, 42.5319742], [1.5213251, 42.5328032], [1.5207527, 42.533464], [1.5210553, 42.5342475], [1.5217959, 42.5347455], [1.5224324, 42.5353759], [1.5230145, 42.5360793], [1.523683, 42.5365595], [1.5245766, 42.5367389], [1.5251145, 42.5371206], [1.5248435, 42.5376006], [1.5239845, 42.537776], [1.5232055, 42.5382047], [1.5231626, 42.5391047], [1.5232223, 42.5400114], [1.5235191, 42.5408329], [1.523266, 42.5411141], [1.5228327, 42.5418978], [1.5229518, 42.5427959], [1.523344, 42.5436185], [1.5237222, 42.5444419], [1.5240993, 42.545263], [1.5245544, 42.5460556], [1.5247067, 42.5468978], [1.5247725, 42.5477913], [1.5253087, 42.5485143], [1.525653, 42.5493495], [1.5261268, 42.5501325], [1.5266006, 42.5509156], [1.5262702, 42.550471], [1.5257809, 42.5496998], [1.5254252, 42.5490038], [1.5256997, 42.5498769], [1.5259741, 42.55075], [1.5262485, 42.5516232], [1.5269335, 42.5522114], [1.5276652, 42.5527612], [1.5283522, 42.5533632], [1.5289036, 42.5540858], [1.529489, 42.5547865], [1.5302936, 42.5552137], [1.5311272, 42.5555911], [1.5320216, 42.5556727], [1.5329341, 42.5556054], [1.5331327, 42.5563447]], "mood_vectors": [[0.7144, 0.0319, 0.0505, 0.0721, 0.0257, 0.0778, 0.0276], [0.6715, 0.0697, 0.0409, 0.0229, 0.0771, 0.0671, 0.0507], [0.6043, 0.0589, 0.0637, 0.0776, 0.0818, 0.0675, 0.0462], [0.5867, 0.0879, 0.066, 0.0683, 0.0623, 0.0743, 0.0545], [0.6034, 0.0745, 0.0793, 0.056, 0.0792, 0.075, 0.0326], [0.7504, 0.0172, 0.0503, 0.0525, 0.0255, 0.0211, 0.083], [0.7578, 0.0447, 0.0292, 0.0628, 0.0384, 0.0151, 0.052], [0.6469, 0.0949, 0.0402, 0.0683, 0.0741, 0.0486, 0.027], [0.6917, 0.0629, 0.0472, 0.0515, 0.0821, 0.0474, 0.0172], [0.7272, 0.0507, 0.0205, 0.0347, 0.0735, 0.0651, 0.0282], [0.6634, 0.0646, 0.0674, 0.0305, 0.0488, 0.066, 0.0592], [0.6452, 0.068, 0.0712, 0.0419, 0.0635, 0.0649, 0.0453], [0.7317, 0.0755, 0.0258, 0.0753, 0.0418, 0.0152, 0.0346], [0.7071, 0.0179, 0.0867, 0.052, 0.0571, 0.0463, 0.033], [0.6731, 0.0452, 0.0857, 0.058, 0.0425, 0.0719, 0.0236], [0.7438, 0.0497, 0.0359, 0.0734, 0.0415, 0.0192, 0.0366], [0.6813, 0.0575, 0.0617, 0.0318, 0.068, 0.0523, 0.0474], [0.6136, 0.0877, 0.0777, 0.0928, 0.0156, 0.0776, 0.035], [0.6544, 0.0391, 0.0856, 0.0384, 0.0703, 0.0631, 0.049], [0.7543, 0.0738, 0.0249, 0.0175, 0.0428, 0.0502, 0.0364], [0.7287, 0.0272, 0.0376, 0.0712, 0.046, 0.0154, 0.0739], [0.7313, 0.0607, 0.0882, 0.0251, 0.0553, 0.0232, 0.0162], [0.6474, 0.026, 0.0679, 0.0702, 0.0755, 0.0836, 0.0294], [0.6928, 0.0536, 0.0488, 0.072, 0.0392, 0.0563, 0.0372], [0.6743, 0.0655, 0.0643, 0.0631, 0.0602, 0.0576, 0.015], [0.7358, 0.0538, 0.0396, 0.0313, 0.0498, 0.0721, 0.0176], [0.7501, 0.0567, 0.0184, 0.0335, 0.042, 0.076, 0.0232], [0.6352, 0.0254, 0.0662, 0.0829, 0.06, 0.061, 0.0693], [0.7183, 0.0154, 0.0478, 0.0397, 0.0853, 0.0269, 0.0666], [0.7326, 0.018, 0.0247, 0.0462, 0.0527, 0.0668, 0.059], [0.6571, 0.0644, 0.0254, 0.0471, 0.0947, 0.023, 0.0882], [0.648, 0.0967, 0.0701, 0.0366, 0.0562, 0.0771, 0.0152], [0.7316, 0.0141, 0.0333, 0.0774, 0.0273, 0.0627, 0.0536], [0.7719, 0.0225, 0.0566, 0.0435, 0.0294, 0.0131, 0.0631], [0.6427, 0.0151, 0.0954, 0.0548, 0.036, 0.0659, 0.0901], [0.6693, 0.0512, 0.0235, 0.0677, 0.0542, 0.0734, 0.0607], [0.714, 0.0514, 0.0218, 0.0218, 0.0638, 0.0349, 0.0924], [0.6843, 0.0611, 0.0575, 0.0289, 0.0508, 0.0675, 0.0499], [0.6473, 0.0244, 0.0793, 0.066, 0.0619, 0.0594, 0.0617], [0.6719, 0.0473, 0.0312, 0.0688, 0.0571, 0.0499, 0.0737], [0.6808, 0.0397, 0.0201, 0.0677, 0.0902, 0.0396, 0.0619], [0.6326, 0.0426, 0.0965, 0.0989, 0.0832, 0.0301, 0.0163], [0.7061, 0.0563, 0.0988, 0.0273, 0.0409, 0.0387, 0.0319], [0.6544, 0.0522, 0.0697, 0.025, 0.0437, 0.0753, 0.0797], [0.6871, 0.0113, 0.0728, 0.0697, 0.0626, 0.0202, 0.0763], [0.7236, 0.0426, 0.0355, 0.057, 0.0844, 0.0134, 0.0433], [0.7102, 0.0639, 0.0405, 0.053, 0.0284, 0.0801, 0.0237], [0.7561, 0.0512, 0.0324, 0.0567, 0.0322, 0.035, 0.0363], [0.7585, 0.0358, 0.0408, 0.0303, 0.043, 0.0605, 0.0311], [0.6842, 0.0646, 0.0506, 0.0524, 0.013, 0.0743, 0.061], [0.7328, 0.0269, 0.0382, 0.0304, 0.0768, 0.0441, 0.0508], [0.6727, 0.026, 0.0521, 0.0593, 0.068, 0.0662, 0.0557], [0.6835, 0.0553, 0.0442, 0.0866, 0.0175, 0.0714, 0.0416], [0.7116, 0.0455, 0.04, 0.0362, 0.048, 0.0328, 0.0858], [0.5953, 0.0473, 0.053, 0.0669, 0.0908, 0.0871, 0.0597], [0.6126, 0.0773, 0.0821, 0.0513, 0.0644, 0.0452, 0.0671], [0.7906, 0.0494, 0.0389, 0.0615, 0.0129, 0.0161, 0.0305], [0.6968, 0.0482, 0.0421, 0.0941, 0.04, 0.0602, 0.0186], [0.7062, 0.0319, 0.0527, 0.067, 0.0217, 0.0681, 0.0524], [0.7041, 0.0224, 0.0339, 0.0461, 0.0713, 0.0477, 0.0746], [0.6568, 0.0667, 0.0535, 0.0688, 0.0376, 0.0558, 0.0607], [0.739, 0.0212, 0.0241, 0.0602, 0.0274, 0.039, 0.0891], [0.6921, 0.0804, 0.0813, 0.0448, 0.0651, 0.0151, 0.0213], [0.6684, 0.069, 0.0227, 0.0576, 0.022, 0.0853, 0.0749], [0.8, 0.0398, 0.0572, 0.0261, 0.0184, 0.02, 0.0385], [0.7398, 0.0714, 0.0665, 0.0277, 0.0158, 0.0152, 0.0635], [0.7062, 0.0403, 0.0449, 0.0659, 0.0556, 0.0464, 0.0406], [0.7188, 0.0361, 0.0903, 0.0285, 0.0316, 0.0282, 0.0663], [0.7592, 0.0208, 0.044, 0.0287, 0.0352, 0.0798, 0.0324], [0.6799, 0.0469, 0.0259, 0.0694, 0.0927, 0.0264, 0.0587], [0.7782, 0.0235, 0.0457, 0.0338, 0.0592, 0.026, 0.0335], [0.6363, 0.0723, 0.0605, 0.0673, 0.0974, 0.036, 0.0302], [0.7296, 0.0575, 0.0655, 0.0391, 0.0181, 0.0725, 0.0178], [0.6824, 0.0656, 0.0587, 0.083, 0.0359, 0.0186, 0.0559], [0.6723, 0.071, 0.0285, 0.0752, 0.0285, 0.0522, 0.0722], [0.6607, 0.0688, 0.0745, 0.0432, 0.0242, 0.0742, 0.0544], [0.6755, 0.0201, 0.0795, 0.0747, 0.0459, 0.0423, 0.062], [0.6419, 0.0756, 0.0471, 0.0151, 0.0604, 0.0954, 0.0644], [0.7278, 0.0703, 0.04, 0.0577, 0.0381, 0.0524, 0.0137], [0.7428, 0.0685, 0.015, 0.0734, 0.0575, 0.0273, 0.0155]], "emotions": ["red", "red", "red", "red", "red", "red", "red", "red", "red", "red", "red", "red", "red", "red", "red", "red", "red", "red", "red", "red", "red", "red", "red", "red", "red", "red", "red", "red", "red", "red", "red", "red", "red", "red", "red", "red", "red", "red", "red", "red", "red", "red", "red", "red", "red", "red", "red", "red", "red", "red", "red", "red", "red", "red", "red", "red", "red", "red", "red", "red", "red", "red", "red", "red", "red", "red", "red", "red", "red", "red", "red", "red", "red", "red", "red", "red", "red", "red", "red", "red"], "timestamps": [0, 40, 80, 120, 160, 200, 240, 280, 320, 360, 400, 440, 480, 520, 560, 600, 640, 680, 720, 760, 800, 840, 880, 920, 960, 1000, 1040, 1080, 1120, 1160, 1200, 1240, 1280, 1320, 1360, 1400, 1440, 1480, 1520, 1560, 1600, 1640, 1680, 1720, 1760, 1800, 1840, 1880, 1920, 1960, 2000, 2040, 2080, 2120, 2160, 2200, 2240, 2280, 2320, 2360, 2400, 2440, 2480, 2520, 2560, 2600, 2640, 2680, 2720, 2760, 2800, 2840, 2880, 2920, 2960, 3000, 3040, 3080, 3120, 3160]}], "conversation": [], "conversation_timestamps": []}