{
  "agent_id": "agent-type-blue-25",
  "type": "blue",
  "trips": [
    {
      "trip_id": 0,
      "transport_method": "bicycle",
      "start_time": 0,
      "path": [
        [
          1.5222456999999998,
          42.50686759999999
        ],
        [
          1.5219630112119116,
          42.50725502488182
        ],
        [
          1.522031952612044,
          42.50752181652687
        ],
        [
          1.5224676313310388,
          42.50744125657494
        ],
        [
          1.522262106118196,
          42.50705941923043
        ],
        [
          1.521929403416174,
          42.50671262165568
        ],
        [
          1.5217127860162043,
          42.50636981843574
        ],
        [
          1.522142574922954,
          42.50630008181463
        ],
        [
          1.522407032848097,
          42.5063587071375
        ],
        [
          1.5219481828060544,
          42.506274699998514
        ],
        [
          1.5216610514695204,
          42.50641680570391
        ],
        [
          1.5219777858777257,
          42.50676305382898
        ],
        [
          1.5223104885797476,
          42.50710985140373
        ],
        [
          1.5224115090459924,
          42.50748290457383
        ],
        [
          1.5219630038475502,
          42.50751040011042
        ],
        [
          1.5215579088753355,
          42.5073050468497
        ],
        [
          1.521224488396568,
          42.50695894332677
        ],
        [
          1.5214130601066582,
          42.50665198948981
        ],
        [
          1.5215521191690808,
          42.506586465016795
        ],
        [
          1.5211594603916716,
          42.50684736981498
        ],
        [
          1.5214468344651537,
          42.50718926266674
        ],
        [
          1.5218045608686217,
          42.50748528194752
        ],
        [
          1.52227883843121,
          42.50756269545121
        ],
        [
          1.5224215650537614,
          42.50722563360678
        ],
        [
          1.5220888623517395,
          42.50687883603203
        ],
        [
          1.5217561596497176,
          42.50653203845728
        ],
        [
          1.5217995055682034,
          42.50618088159176
        ],
        [
          1.5214573000000002,
          42.5061534
        ]
      ],
      "emotions": [
        "red",
        "red",
        "red",
        "red",
        "red",
        "purple",
        "purple",
        "purple",
        "purple",
        "purple",
        "red",
        "red",
        "red",
        "red",
        "red",
        "purple",
        "purple",
        "purple",
        "purple",
        "purple",
        "red",
        "red",
        "red",
        "red",
        "red",
        "green",
        "green",
        "green"
      ],
      "mood_vectors": [
        [
          0.011879567698475861,
          0.19300180328573088,
          0.21125661053598513,
          0.24919328321195,
          0.17217233373126797,
          0.14623342856014512,
          0.016262972976445036
        ],
        [
          0.07438020832154471,
          0.04983437216704045,
          0.20606919154332443,
          0.29799773093645254,
          0.2960437818579102,
          0.0650186321211968,
          0.010656083052530805
        ],
        [
          0.18156229882142572,
          0.18639609710961377,
          0.02674171504520759,
          0.12742304123613524,
          0.17422596897811715,
          0.2010684245941863,
          0.10258245421531416
        ],
        [
          0.19269119114964442,
          0.07265645907766935,
          0.2457229129823906,
          0.06069374272594611,
          0.10129702438682718,
          0.1573210121300871,
          0.16961765754743527
        ],
        [
          0.24212255914325198,
          0.04490256775122294,
          0.2265912807041117,
          0.20477220155048953,
          0.2075990104770876,
          0.05157749285109833,
          0.022434887522737874
        ],
        [
          0.31425421630752526,
          0.0926801702545098,
          0.20613661605665168,
          0.3491877253069847,
          0.019141897134592637,
          0.0037390623687692877,
          0.014860312570966615
        ],
        [
          0.028251358325290202,
          0.20098312222856776,
          0.16153611844874569,
          0.11646313179202816,
          0.14641632172137597,
          0.19014099176293117,
          0.15620895572106092
        ],
        [
          0.14544362182570927,
          0.008907053498668584,
          0.2499755693054562,
          0.21834342864610434,
          0.12513298460869351,
          0.24759252915518482,
          0.004604812960183324
        ],
        [
          0.166768430450914,
          0.09602887663196727,
          0.2239440191079859,
          0.09099656749603477,
          0.2138120479145783,
          0.18362443717406918,
          0.024825621224450613
        ],
        [
          0.07889957096613738,
          0.15358956813091135,
          0.12166051646608295,
          0.2172999273311685,
          0.0799115604659112,
          0.14255311287376302,
          0.20608574376602556
        ],
        [
          0.14879694424660586,
          0.06994735815292069,
          0.20111408136725067,
          0.11796351615846759,
          0.23726632859974103,
          0.02300010492764113,
          0.20191166654737297
        ],
        [
          0.019037081733471926,
          0.23050290392953882,
          0.022461829577823503,
          0.10538337856100133,
          0.1685575543352004,
          0.2542019173666382,
          0.19985533449632578
        ],
        [
          0.08718606593583143,
          0.23596373671499107,
          0.24063133625552321,
          0.06081709191683173,
          0.19539136669523732,
          0.12604538537965676,
          0.05396501710192855
        ],
        [
          0.25781191081855365,
          0.12146415569096003,
          0.2603751803021181,
          0.2618692786796851,
          0.07606124924371753,
          0.013916634029185878,
          0.008501591235779668
        ],
        [
          0.2490520875370935,
          0.12156822299594959,
          0.09074031550230373,
          0.21807350050215757,
          0.04125128478052017,
          0.08437850750324134,
          0.19493608117873415
        ],
        [
          0.02555227664632678,
          0.2634655939604759,
          0.07285155082342644,
          0.21851324875551367,
          0.22622022956664012,
          0.12151180157993817,
          0.07188529866767886
        ],
        [
          0.20709631374409834,
          0.26494791213845853,
          0.11843344194544811,
          0.13193622797329382,
          0.1168987048927818,
          0.02395280319384228,
          0.1367345961120772
        ],
        [
          0.007551481209564734,
          0.19120514788471962,
          0.08293575552738976,
          0.2609129630686763,
          0.12382601060686932,
          0.07032884284401623,
          0.263239798858764
        ],
        [
          0.18097701791972826,
          0.150078194686551,
          0.16716000828591304,
          0.2604082921196421,
          0.0619213650750425,
          0.04765552733816207,
          0.13179959457496104
        ],
        [
          0.18070519102171198,
          0.01229033245859269,
          0.17435287380317566,
          0.10279276415636697,
          0.17343676320761503,
          0.20302719864122754,
          0.15339487671131005
        ],
        [
          0.30570732671802103,
          0.09161842436162121,
          0.14202867666529723,
          0.140516763044125,
          0.05562535036628059,
          0.09271856181723688,
          0.17178489702741806
        ],
        [
          0.14649435756541937,
          0.22581931851462725,
          0.16758774202899468,
          0.010862574133644312,
          0.17826279686995752,
          0.08171434797709798,
          0.18925886291025892
        ],
        [
          0.29678965915143773,
          0.08259437885990815,
          0.27276099332907455,
          0.03599018360501529,
          0.13112389502954647,
          0.01389668106847916,
          0.16684420895653865
        ],
        [
          0.17083097875219613,
          0.16839677252787688,
          0.08252693098364886,
          0.0502213912964171,
          0.07314954645274954,
          0.13409011587282235,
          0.3207842641142892
        ],
        [
          0.1085411407941593,
          0.1120264392214382,
          0.18658945488937975,
          0.1359295510157195,
          0.15020017898334903,
          0.16246112737424723,
          0.14425210772170696
        ],
        [
          0.05954960680807615,
          0.3561578195558157,
          0.21159425489490755,
          0.13293584945538447,
          0.014633204603788322,
          0.14310344038015343,
          0.08202582430187431
        ],
        [
          0.032315764118706555,
          0.26389244774294657,
          0.19414420191987847,
          0.12428280933435011,
          0.035175521146663384,
          0.10156878665186961,
          0.24862046908558533
        ],
        [
          0.2145131669677326,
          0.15075367863471126,
          0.1626619504167674,
          0.04696240135693965,
          0.10455614893667982,
          0.09072217073361966,
          0.2298304829535497
        ]
      ],
      "timestamps": [
        0,
        1,
        2,
        3,
        4,
        5,
        6,
        7,
        8,
        9,
        10,
        11,
        12,
        13,
        14,
        15,
        16,
        17,
        18,
        19,
        20,
        21,
        22,
        23,
        24,
        25,
        26,
        27
      ],
      "distance": 156.2
    },
    {
      "trip_id": 1,
      "transport_method": "foot",
      "start_time": 28,
      "path": [
        [
          1.5214573000000002,
          42.5061534
        ],
        [
          1.5217722184325055,
          42.50611110118252
        ],
        [
          1.5216547821363227,
          42.50642249974897
        ],
        [
          1.521913304878887,
          42.506357464919105
        ],
        [
          1.522263788721228,
          42.50632505855422
        ],
        [
          1.5226637291225706,
          42.506384768585065
        ],
        [
          1.5230507349625237,
          42.50650263189532
        ],
        [
          1.5233944601537122,
          42.50664138660875
        ],
        [
          1.5237779659877073,
          42.50673946331886
        ],
        [
          1.5241718327560982,
          42.506831197175686
        ],
        [
          1.5244713111130754,
          42.50661551352248
        ],
        [
          1.5248388805295792,
          42.50666905339638
        ],
        [
          1.5249280154061955,
          42.506943819898325
        ],
        [
          1.5253272674932337,
          42.50700743312702
        ],
        [
          1.5257300993885095,
          42.50704514504913
        ],
        [
          1.5261329312837855,
          42.507082856971245
        ],
        [
          1.5262042068505592,
          42.5068085989997
        ],
        [
          1.5265441886792275,
          42.50689062100073
        ],
        [
          1.5269473767289974,
          42.506924312564124
        ],
        [
          1.5272164352212332,
          42.50694679587248
        ],
        [
          1.5268132471714635,
          42.506913104309085
        ],
        [
          1.5264100591216936,
          42.50687941274569
        ],
        [
          1.5261685597140355,
          42.50704788737634
        ],
        [
          1.5265285297625808,
          42.50711516770721
        ],
        [
          1.526931812552024,
          42.5071477056337
        ],
        [
          1.5273350953414673,
          42.507180243560185
        ],
        [
          1.5277383781309104,
          42.507212781486665
        ],
        [
          1.5277924739025037,
          42.50705982746393
        ],
        [
          1.5279183243615557,
          42.507044248746816
        ],
        [
          1.5282528646444427,
          42.506870211803914
        ],
        [
          1.5283337398875665,
          42.506817184072595
        ],
        [
          1.5286711999999998,
          42.506972899999994
        ]
      ],
      "emotions": [
        "green",
        "green",
        "red",
        "red",
        "red",
        "red",
        "red",
        "purple",
        "purple",
        "purple",
        "purple",
        "purple",
        "red",
        "red",
        "red",
        "red",
        "red",
        "green",
        "green",
        "green",
        "green",
        "green",
        "purple",
        "purple",
        "purple",
        "purple",
        "purple",
        "green",
        "green",
        "green",
        "green",
        "green"
      ],
      "mood_vectors": [
        [
          0.19463864659806193,
          0.146266105661335,
          0.09590294091532092,
          0.07899176590505327,
          0.18989477437729296,
          0.2591042486011218,
          0.035201517941814114
        ],
        [
          0.13297550312539858,
          0.19815283761962288,
          0.13503715094439075,
          0.12010259877581331,
          0.1902834096181462,
          0.062003702970243685,
          0.16144479694638453
        ],
        [
          0.08665311887653718,
          0.15535428749930794,
          0.1331913051680942,
          0.2369916664354098,
          0.17799125307941976,
          0.06764095308279629,
          0.14217741585843488
        ],
        [
          0.058823027343996984,
          0.2439996339158755,
          0.11393202140567145,
          0.2426521036690246,
          0.07134626825692507,
          0.2317816683384289,
          0.037465277070077546
        ],
        [
          0.006522977230839592,
          0.10155762530907364,
          0.21015443257268465,
          0.07772052095892944,
          0.1707000880682354,
          0.22014994024663773,
          0.2131944156135996
        ],
        [
          0.18713688061179626,
          0.10997703081314641,
          0.0040823478563423695,
          0.19070237372914017,
          0.14324486740984563,
          0.18935716970288383,
          0.17549932987684522
        ],
        [
          0.10536898498626197,
          0.14664071410213464,
          0.05725852870561571,
          0.2361148225056985,
          0.05885924184797052,
          0.18139395418665608,
          0.21436375366566265
        ],
        [
          0.05829385479271425,
          0.19023866264133885,
          0.0794607463122321,
          0.22361003155337997,
          0.2178448233258642,
          0.0029317267375736414,
          0.22762015463689705
        ],
        [
          0.15040484817444016,
          0.20656834453581738,
          0.06135465052784765,
          0.17312849474102382,
          0.15516624011460603,
          0.19122309026078357,
          0.0621543316454813
        ],
        [
          0.01938773667656691,
          0.12732147816835393,
          0.2055752747654616,
          0.19507470914019057,
          0.2077872077989043,
          0.1618957697262135,
          0.08295782372430925
        ],
        [
          0.05655595495751309,
          0.2727630891076077,
          0.11798077151681126,
          0.15407497059815417,
          0.12101126328036282,
          0.1644749704934938,
          0.11313898004605717
        ],
        [
          0.2463715600026716,
          0.18363338678278004,
          0.10764241791126748,
          0.07491559083171913,
          0.16124719962958103,
          0.04739772845580108,
          0.17879211638617956
        ],
        [
          0.14024848384264807,
          0.1465474150987833,
          0.22638296098337365,
          0.05833207393095717,
          0.009031105690395318,
          0.19506257075728012,
          0.22439538969656236
        ],
        [
          0.24138841640591172,
          0.14970106175646192,
          0.1899060057058225,
          0.05850210140171584,
          0.11276645939343646,
          0.20459460976924962,
          0.04314134556740193
        ],
        [
          0.06317033003817113,
          0.06843154772113245,
          0.04314409217902236,
          0.30765630219080997,
          0.2482335193523003,
          0.0449700875559453,
          0.2243941209626184
        ],
        [
          0.03580094343223794,
          0.1759769922270349,
          0.1371311288357042,
          0.1646299528220782,
          0.22407554619917724,
          0.05800407493845582,
          0.20438136154531167
        ],
        [
          0.11877362260211158,
          0.15584377971013857,
          0.05975736334167156,
          0.1564671032261891,
          0.1630588642950318,
          0.19552934320439638,
          0.150569923620461
        ],
        [
          0.08390782843254735,
          0.24666754442444036,
          0.12275591676407789,
          0.1443514835430922,
          0.1345516073650585,
          0.1543503834618362,
          0.11341523600894741
        ],
        [
          0.026296569246725462,
          0.1615239396962989,
          0.23994113799088324,
          0.005036808526265633,
          0.23845297813644956,
          0.07323867426383995,
          0.2555098921395372
        ],
        [
          0.07707008760783482,
          0.3267374935132127,
          0.05309373749194892,
          0.0917231430337138,
          0.017687669655017963,
          0.17458523131145592,
          0.2591026373868159
        ],
        [
          0.123770439250292,
          0.1622450241756997,
          0.06995670189983103,
          0.05508362243625439,
          0.12194158876446598,
          0.22254793291626385,
          0.24445469055719304
        ],
        [
          0.1387322613440611,
          0.07093194266078892,
          0.2223685781920019,
          0.05955743415780068,
          0.2464775895020203,
          0.20575234592851466,
          0.0561798482148124
        ],
        [
          0.07596709451139523,
          0.20764620481361157,
          0.019373935481370716,
          0.2848464480866849,
          0.2937792130523986,
          0.07250195562602017,
          0.04588514842851883
        ],
        [
          0.19317739371131049,
          0.19845123700456638,
          0.21389184318788018,
          0.10658520538783711,
          0.2051167296647952,
          0.023851099112474662,
          0.05892649193113603
        ],
        [
          0.19708826103982338,
          0.02144900747896636,
          0.11983952878854601,
          0.16199060845238397,
          0.1429439825810769,
          0.20043021464826674,
          0.1562583970109366
        ],
        [
          0.14860115067130353,
          0.13718900022583827,
          0.1058645612235278,
          0.08589087372416583,
          0.17184268230720345,
          0.08689102765098139,
          0.2637207041969797
        ],
        [
          0.1417749669267268,
          0.22227094330479835,
          0.17738323629648697,
          0.12427952104687962,
          0.2899521804931532,
          0.002635943132509207,
          0.04170320879944593
        ],
        [
          0.22398688465431207,
          0.25500084421351255,
          0.05239995250276491,
          0.08030644410908452,
          0.11555784750686969,
          0.1171675484160444,
          0.1555804785974118
        ],
        [
          0.13477894172488372,
          0.06694253031152511,
          0.12132539630960631,
          0.12151381499374611,
          0.18432420673815214,
          0.20339799778929993,
          0.16771711213278673
        ],
        [
          0.20874603034430603,
          0.12090133699350405,
          0.05943878165143446,
          0.13166912801683214,
          0.18580330765150127,
          0.20115015683549442,
          0.0922912585069277
        ],
        [
          0.15150889663620484,
          0.24966123297060652,
          0.05988812511806889,
          0.11426252675210108,
          0.14298949814716574,
          0.2124347435386381,
          0.06925497683721483
        ],
        [
          0.11006853127745425,
          0.04542343789530062,
          0.15440175435985687,
          0.026104205067447744,
          0.05649025084018979,
          0.18431707993115448,
          0.42319474062859636
        ]
      ],
      "timestamps": [
        28,
        29,
        30,
        31,
        32,
        33,
        34,
        35,
        36,
        37,
        38,
        39,
        40,
        41,
        42,
        43,
        44,
        45,
        46,
        47,
        48,
        49,
        50,
        51,
        52,
        53,
        54,
        55,
        56,
        57,
        58,
        59
      ],
      "distance": 712.4
    },
    {
      "trip_id": 2,
      "transport_method": "stopped",
      "start_time": 60,
      "path": [
        [
          1.5286711999999998,
          42.506972899999994
        ],
        [
          1.5286711999999998,
          42.506972899999994
        ],
        [
          1.5286711999999998,
          42.506972899999994
        ],
        [
          1.5286711999999998,
          42.506972899999994
        ],
        [
          1.5286711999999998,
          42.506972899999994
        ]
      ],
      "emotions": [
        "purple",
        "purple",
        "purple",
        "purple",
        "purple"
      ],
      "mood_vectors": [
        [
          0.17863914867036612,
          0.1952580406949753,
          0.08931541976931476,
          0.012804129821313865,
          0.19432931956545252,
          0.1966439682839649,
          0.1330099731946126
        ],
        [
          0.22685928098755542,
          0.20985764292741704,
          0.19546137962892668,
          0.004176681204947204,
          0.28485808719815203,
          0.004535784898348145,
          0.0742511431546535
        ],
        [
          0.11519789194785034,
          0.20024821739070686,
          0.20059654249275752,
          0.07141058309850215,
          0.2013087253763049,
          0.1783390938818321,
          0.0328989458120461
        ],
        [
          0.24352174956291636,
          0.09961304970955782,
          0.03190098644818648,
          0.275859027404746,
          0.10884635340654183,
          0.009313170945119905,
          0.23094566252293156
        ],
        [
          0.10887164384969156,
          0.18204736486147638,
          0.14507839334909162,
          0.14984216681617454,
          0.05936748928978849,
          0.21203623895072024,
          0.14275670288305717
        ]
      ],
      "timestamps": [
        60,
        61,
        62,
        63,
        64
      ]
    },
    {
      "trip_id": 3,
      "transport_method": "foot",
      "start_time": 65,
      "path": [
        [
          1.5286383000000003,
          42.506949199999994
        ],
        [
          1.5285747548063362,
          42.50675929680428
        ],
        [
          1.5285112096126718,
          42.50656939360857
        ],
        [
          1.5285365855069182,
          42.506424651995935
        ],
        [
          1.5286930014092923,
          42.506299610879246
        ],
        [
          1.5288494173116667,
          42.50617456976256
        ],
        [
          1.5289504310038138,
          42.506051565541135
        ],
        [
          1.5291083759062674,
          42.50592846142598
        ],
        [
          1.5289291978299864,
          42.505868696746724
        ],
        [
          1.5287373426200992,
          42.5058113138763
        ],
        [
          1.5285454874102122,
          42.505753931005884
        ],
        [
          1.5283536322003253,
          42.50569654813546
        ],
        [
          1.5282463377514837,
          42.50560262449704
        ],
        [
          1.5282783323126592,
          42.50544927040784
        ],
        [
          1.5281379229457368,
          42.50537722249938
        ],
        [
          1.5279614320690464,
          42.505317175335946
        ],
        [
          1.5280816413357452,
          42.50524446869071
        ],
        [
          1.528280921378536,
          42.5052625327585
        ],
        [
          1.5283427824331133,
          42.50525425760543
        ],
        [
          1.5281462001601065,
          42.50524775611872
        ],
        [
          1.5279610510211543,
          42.50525260150359
        ],
        [
          1.528119472887809,
          42.505309687940006
        ],
        [
          1.5283188992511452,
          42.50532786322501
        ],
        [
          1.5281723519971602,
          42.50538543058483
        ],
        [
          1.5279775583916113,
          42.50533899066003
        ],
        [
          1.528003085596288,
          42.50519364188439
        ],
        [
          1.5282025412427525,
          42.50520395097694
        ],
        [
          1.5282519321105776,
          42.50511443880248
        ],
        [
          1.5280901160552889,
          42.504996469401235
        ],
        [
          1.5279283,
          42.5048785
        ]
      ],
      "emotions": [
        "red",
        "red",
        "red",
        "red",
        "red",
        "green",
        "green",
        "green",
        "green",
        "green",
        "green",
        "green",
        "green",
        "green",
        "green",
        "red",
        "red",
        "red",
        "red",
        "red",
        "red",
        "red",
        "red",
        "red",
        "red",
        "red",
        "red",
        "red",
        "red",
        "red"
      ],
      "mood_vectors": [
        [
          0.09407196966310025,
          0.08451887599481897,
          0.1987114840211453,
          0.07326934356385453,
          0.19579323752813768,
          0.20896362261054663,
          0.14467146661839664
        ],
        [
          0.2464312714994983,
          0.01600014502669162,
          0.15294985712207385,
          0.1357613625556359,
          0.1162740186557323,
          0.15271836706918238,
          0.1798649780711857
        ],
        [
          0.07274561934227469,
          0.24268774010884075,
          0.00441228381804181,
          0.2630134843279384,
          0.19235240850194063,
          0.16353201730021016,
          0.061256446600753495
        ],
        [
          0.10607674637313572,
          0.18886207541723168,
          0.05509992889079262,
          0.07006126179215488,
          0.14879727172680554,
          0.25029236651434655,
          0.180810349285533
        ],
        [
          0.2036430553063737,
          0.17754961135462366,
          0.23449620769334534,
          0.12381507289080486,
          0.007114082754100382,
          0.14880649916274533,
          0.10457547083800676
        ],
        [
          0.05162537805969572,
          0.26696458251237876,
          0.03398021839565753,
          0.10545277680024177,
          0.2637989320569943,
          0.14556045703145085,
          0.1326176551435811
        ],
        [
          0.22360876081479797,
          0.03248035543714836,
          0.24286930843674231,
          0.0578320732579205,
          0.16308682925619883,
          0.10506974736655612,
          0.17505292543063591
        ],
        [
          0.002459222450544644,
          0.16244730397690288,
          0.23211821216742304,
          0.014922324332655324,
          0.16956845322918582,
          0.25685205768101504,
          0.1616324261622733
        ],
        [
          0.11549239598047074,
          0.22276312789072503,
          0.1418560886308339,
          0.1944981468076437,
          0.1634770541134432,
          0.03896608241117102,
          0.12294710416571245
        ],
        [
          0.10980119323414395,
          0.14596380772715029,
          0.05094043091458482,
          0.010775448024231698,
          0.2763549549161119,
          0.20198945312844538,
          0.20417471205533194
        ],
        [
          0.09398827941477181,
          0.2312925736012301,
          0.26252149383713047,
          0.15312212428033573,
          0.00896404917377977,
          0.04103180155505634,
          0.20907967813769582
        ],
        [
          0.12856938631821255,
          0.13979835209852973,
          0.19707446726571287,
          0.2276933018858919,
          0.009421274315258304,
          0.09136105180782582,
          0.2060821663085688
        ],
        [
          0.31410801011092265,
          0.14552865685853886,
          0.008158858455933896,
          0.04110702479227429,
          0.37013172342094053,
          0.11519521779040631,
          0.005770508570983425
        ],
        [
          0.02325009181431651,
          0.25766813145220724,
          0.11013169982911479,
          0.2017490970028851,
          0.15346233504830714,
          0.12731806397283507,
          0.12642058088033417
        ],
        [
          0.1501193065512595,
          0.12379584602544746,
          0.02885104039309887,
          0.17871887855781127,
          0.14039272648838572,
          0.14838807462281692,
          0.22973412736118035
        ],
        [
          0.15904988944335385,
          0.058769335638779216,
          0.1484681121102425,
          0.09171277964484897,
          0.17776607132897765,
          0.14183770915243504,
          0.22239610268136278
        ],
        [
          0.06383969682855999,
          0.1151095168420138,
          0.1906573048272954,
          0.1535538089901333,
          0.14993609711025083,
          0.11178188331673637,
          0.21512169208501036
        ],
        [
          0.15246934862055908,
          0.23826164014036844,
          0.16721800659694402,
          0.09538540472449275,
          0.23306545395115044,
          0.015138686520727198,
          0.09846145944575814
        ],
        [
          0.007540663178551298,
          0.06226931455431613,
          0.2543613491662364,
          0.11868544538351189,
          0.06414203795012899,
          0.3750863235857928,
          0.11791486618146262
        ],
        [
          0.03712167805152019,
          0.0014123038496043942,
          0.03569976462868892,
          0.03848115525653434,
          0.3950751987974531,
          0.4147505074304406,
          0.07745939198575837
        ],
        [
          0.15443663554881107,
          0.0805218436424262,
          0.1742025661003329,
          0.17269272031748978,
          0.15743764769541246,
          0.11870694128010639,
          0.1420016454154211
        ],
        [
          0.10782876715297723,
          0.06609918163478327,
          0.18148690819348018,
          0.1418818913115739,
          0.06077891109605529,
          0.20964178577015075,
          0.23228255484097943
        ],
        [
          0.12074348260152859,
          0.1963140974725319,
          0.2744849412640479,
          0.028735361785373358,
          0.1244074589707205,
          0.15303156473732987,
          0.10228309316846786
        ],
        [
          0.19837025000258426,
          0.14464196945584193,
          0.16710302733693838,
          0.18734738175942803,
          0.1984448205527687,
          0.03693536175755578,
          0.0671571891348829
        ],
        [
          0.056323038367499204,
          0.06155367132450731,
          0.23100649259396006,
          0.20734210356472488,
          0.11985782956290103,
          0.1391479554582235,
          0.184768909128184
        ],
        [
          0.15644929970918586,
          0.19449460117071363,
          0.141030708879014,
          0.14791956049804036,
          0.020390445992435363,
          0.1600733731187507,
          0.17964201063186008
        ],
        [
          0.09949218504331041,
          0.19334771253820165,
          0.20269637248795094,
          0.18632378739819053,
          0.14216335044238512,
          0.14793453895731934,
          0.028042053132641968
        ],
        [
          0.25876906715053966,
          0.22819430372201632,
          0.20940304784085767,
          0.0018785936727468394,
          0.005395237320869708,
          0.10280795323866009,
          0.1935517970543097
        ],
        [
          0.1209260804307307,
          0.20158154567549766,
          0.26063035123905887,
          0.37174441311663997,
          0.00221997253015259,
          0.01838567626802871,
          0.02451196073989154
        ],
        [
          0.17767433821265124,
          0.1728920879872576,
          0.10132783358275849,
          0.12773031390022813,
          0.1917090811564337,
          0.16535091531626794,
          0.06331542984440287
        ]
      ],
      "timestamps": [
        65,
        66,
        67,
        68,
        69,
        70,
        71,
        72,
        73,
        74,
        75,
        76,
        77,
        78,
        79,
        80,
        81,
        82,
        83,
        84,
        85,
        86,
        87,
        88,
        89,
        90,
        91,
        92,
        93,
        94
      ],
      "distance": 362.2
    },
    {
      "trip_id": 4,
      "transport_method": "car",
      "start_time": 95,
      "path": [
        [
          1.5279283,
          42.5048785
        ],
        [
          1.5282086515518194,
          42.50508288580489
        ],
        [
          1.5281100467748725,
          42.50519308486467
        ],
        [
          1.52794510597842,
          42.50529669680907
        ],
        [
          1.5275991000000004,
          42.5053222
        ]
      ],
      "emotions": [
        "red",
        "red",
        "red",
        "red",
        "red"
      ],
      "mood_vectors": [
        [
          0.0539542600142578,
          0.10829485299890183,
          0.2985730777075605,
          0.11330594058971004,
          0.15693453546805983,
          0.09175789040666632,
          0.17717944281484377
        ],
        [
          0.1544876980846258,
          0.1486959402364853,
          0.09844437491760247,
          0.08910246942431543,
          0.08966891018659616,
          0.23568148021055474,
          0.1839191269398201
        ],
        [
          0.21567411548747206,
          0.2696122013588531,
          0.1403261083019551,
          0.06238584585488296,
          0.10711593888986419,
          0.12385473001075106,
          0.08103106009622152
        ],
        [
          0.10284410797558817,
          0.18891075436861984,
          0.17880474669705296,
          0.1828818171756885,
          0.051976601231834965,
          0.16987621524493063,
          0.12470575730628493
        ],
        [
          0.07720233887360232,
          0.17696798483730097,
          0.09079391489454296,
          0.1757191204066671,
          0.16796458276872772,
          0.1780606027635779,
          0.133291455455581
        ]
      ],
      "timestamps": [
        95,
        96,
        97,
        98,
        99
      ],
      "distance": 1479.5
    }
  ],
  "conversation": [
    "Ugh, stepped in eucalyptus again.",
    "Feels like everyone's out today.",
    "This city is bustling."
  ],
  "conversation_timestamps": [
    67,
    79,
    94
  ]
}
