{"agent_id": "agent-blue-1755", "type": "blue", "trips": [{"trip_id": 0, "transport_method": "bus", "start_time": 0, "path": [[1.5026071, 42.4969532], [1.5020473, 42.4967547], [1.501859, 42.496909], [1.502383, 42.4972327], [1.5029344, 42.497505], [1.5034964, 42.497757], [1.5040501, 42.4980265], [1.5046123, 42.4982777], [1.5051771, 42.4985235], [1.5057285, 42.4987971], [1.5062769, 42.4990774], [1.5068327, 42.4993429], [1.507391, 42.4996032], [1.5079422, 42.4998738], [1.5084815, 42.500162], [1.5090345, 42.5004332], [1.5095902, 42.5006989], [1.5093481, 42.5005833], [1.5093341, 42.5005725], [1.5098932, 42.500831], [1.5104523, 42.5010895], [1.5110114, 42.501348], [1.5109876, 42.5013148], [1.5104078, 42.5011115], [1.5104175, 42.5011377], [1.5109973, 42.5013458], [1.5115771, 42.5015539], [1.5121568, 42.501762], [1.5118246, 42.501707], [1.5118873, 42.5016534], [1.5125031, 42.5016656], [1.5130838, 42.5017992], [1.5136109, 42.5021179], [1.5139905, 42.5023713], [1.5135274, 42.5019745], [1.5130837, 42.5016341], [1.5132385, 42.5018488], [1.513793, 42.502117], [1.5143475, 42.5023852], [1.514743, 42.5025604], [1.5150528, 42.5027635], [1.5155655, 42.5031048], [1.5156409, 42.5031345], [1.5151222, 42.5028025], [1.5156039, 42.5031304], [1.5161142, 42.5034754], [1.5166854, 42.5036944], [1.5172976, 42.503747], [1.5179095, 42.5036854], [1.5185204, 42.5036065], [1.5190921, 42.5036454], [1.5196482, 42.503844], [1.5202315, 42.5039551], [1.5208009, 42.5041902], [1.5213719, 42.5044209], [1.5219289, 42.504666], [1.5224565, 42.5047244], [1.523066, 42.5047826], [1.523674, 42.504864], [1.5242801, 42.5049724], [1.5248851, 42.5050882], [1.5254895, 42.5052068], [1.526094, 42.5053255], [1.526709, 42.5052998], [1.527322, 42.5053323], [1.5277167, 42.5053012], [1.5277306, 42.505323], [1.5283455, 42.5052861], [1.528953, 42.5053796], [1.5295598, 42.5054856], [1.5301664, 42.5055925], [1.5307651, 42.5057367], [1.5313715, 42.5058452], [1.5319743, 42.5058912], [1.5325103, 42.5061941], [1.5331079, 42.5063366], [1.5337111, 42.5064614], [1.534314, 42.5065568], [1.5349031, 42.5067279], [1.5349296, 42.5071092]], "mood_vectors": [[0.067, 0.0209, 0.074, 0.659, 0.0524, 0.0541, 0.0726], [0.0172, 0.0824, 0.0183, 0.7642, 0.0417, 0.0453, 0.0308], [0.0318, 0.0901, 0.0589, 0.6814, 0.0366, 0.0747, 0.0265], [0.0538, 0.0368, 0.076, 0.7252, 0.0359, 0.057, 0.0153], [0.0567, 0.0293, 0.0626, 0.7376, 0.0421, 0.0258, 0.046], [0.0226, 0.0339, 0.0237, 0.736, 0.0348, 0.0725, 0.0766], [0.0383, 0.0686, 0.0486, 0.7171, 0.024, 0.0661, 0.0374], [0.0788, 0.0367, 0.0588, 0.6493, 0.0808, 0.0275, 0.0681], [0.0608, 0.0573, 0.0429, 0.6939, 0.0419, 0.0181, 0.0851], [0.0578, 0.0605, 0.0486, 0.7367, 0.022, 0.0537, 0.0207], [0.0668, 0.0628, 0.0457, 0.7163, 0.0573, 0.023, 0.028], [0.0807, 0.07, 0.0195, 0.7283, 0.0451, 0.0417, 0.0146], [0.0713, 0.0422, 0.0541, 0.6667, 0.0725, 0.0197, 0.0736], [0.0624, 0.0162, 0.0377, 0.7575, 0.0165, 0.0635, 0.0463], [0.0371, 0.0415, 0.0831, 0.7363, 0.0188, 0.0266, 0.0566], [0.0302, 0.027, 0.0843, 0.7777, 0.013, 0.0199, 0.0479], [0.0312, 0.0248, 0.0549, 0.7456, 0.0331, 0.0639, 0.0466], [0.0524, 0.0131, 0.067, 0.7851, 0.0207, 0.0355, 0.0262], [0.0755, 0.0131, 0.0321, 0.7075, 0.0331, 0.0642, 0.0745], [0.0546, 0.0294, 0.0306, 0.7972, 0.0227, 0.0129, 0.0525], [0.0334, 0.0371, 0.0346, 0.7315, 0.0716, 0.0395, 0.0523], [0.0213, 0.0575, 0.059, 0.7522, 0.0219, 0.0495, 0.0385], [0.0539, 0.0411, 0.0667, 0.7269, 0.0255, 0.0388, 0.0471], [0.0644, 0.0812, 0.0234, 0.631, 0.0834, 0.0798, 0.0369], [0.0186, 0.0321, 0.0902, 0.644, 0.0869, 0.0808, 0.0475], [0.0239, 0.0171, 0.0635, 0.7532, 0.0695, 0.0229, 0.05], [0.0498, 0.0675, 0.0153, 0.6713, 0.0814, 0.0887, 0.0261], [0.0273, 0.0555, 0.0567, 0.7007, 0.0643, 0.0295, 0.066], [0.0638, 0.029, 0.0963, 0.6687, 0.0238, 0.0706, 0.0479], [0.0252, 0.0553, 0.0742, 0.673, 0.0665, 0.0436, 0.0623], [0.0192, 0.0404, 0.0308, 0.7605, 0.0431, 0.0516, 0.0544], [0.0719, 0.0832, 0.0774, 0.5846, 0.0799, 0.044, 0.059], [0.0421, 0.0293, 0.0542, 0.6715, 0.06, 0.0746, 0.0684], [0.0173, 0.0584, 0.0443, 0.7156, 0.0524, 0.0285, 0.0835], [0.0802, 0.0128, 0.0204, 0.7919, 0.055, 0.0152, 0.0246], [0.0891, 0.0358, 0.0594, 0.6845, 0.0689, 0.0286, 0.0337], [0.0654, 0.0171, 0.0751, 0.7279, 0.0189, 0.0409, 0.0546], [0.0179, 0.0375, 0.0775, 0.7359, 0.0347, 0.017, 0.0795], [0.0524, 0.0695, 0.0373, 0.7314, 0.0165, 0.0742, 0.0187], [0.061, 0.073, 0.0595, 0.6169, 0.0805, 0.0652, 0.044], [0.0704, 0.0712, 0.0812, 0.6241, 0.0512, 0.0583, 0.0437], [0.076, 0.0395, 0.0186, 0.722, 0.0274, 0.0459, 0.0707], [0.0462, 0.0794, 0.063, 0.6707, 0.0588, 0.0231, 0.0589], [0.0396, 0.0484, 0.0157, 0.7559, 0.0522, 0.0338, 0.0545], [0.045, 0.0654, 0.0323, 0.7424, 0.0654, 0.024, 0.0255], [0.0532, 0.0528, 0.0769, 0.6896, 0.0606, 0.0182, 0.0487], [0.0333, 0.0742, 0.0701, 0.6845, 0.0575, 0.0162, 0.0642], [0.0934, 0.0353, 0.0294, 0.7643, 0.0304, 0.0304, 0.0168], [0.0843, 0.0457, 0.0729, 0.6295, 0.063, 0.0471, 0.0575], [0.069, 0.0269, 0.0731, 0.7172, 0.0621, 0.0247, 0.027], [0.061, 0.0245, 0.0385, 0.7014, 0.0348, 0.0778, 0.062], [0.0219, 0.0937, 0.0772, 0.6742, 0.0239, 0.0828, 0.0263], [0.0622, 0.066, 0.0682, 0.63, 0.0519, 0.0633, 0.0584], [0.031, 0.0649, 0.0793, 0.6841, 0.0445, 0.0267, 0.0695], [0.0472, 0.0498, 0.0272, 0.7776, 0.0551, 0.0218, 0.0214], [0.0591, 0.0672, 0.037, 0.6612, 0.0804, 0.0721, 0.023], [0.0946, 0.0434, 0.028, 0.749, 0.0311, 0.0335, 0.0205], [0.0211, 0.0776, 0.0944, 0.6694, 0.022, 0.0526, 0.063], [0.0646, 0.0629, 0.0264, 0.7096, 0.074, 0.0341, 0.0282], [0.0673, 0.0206, 0.0681, 0.7178, 0.0613, 0.0148, 0.05], [0.0217, 0.0189, 0.0715, 0.7046, 0.0567, 0.0599, 0.0668], [0.0526, 0.0723, 0.0679, 0.6884, 0.0461, 0.0442, 0.0285], [0.05, 0.0617, 0.0569, 0.6704, 0.0399, 0.0505, 0.0705], [0.0264, 0.0229, 0.0141, 0.8193, 0.0312, 0.0541, 0.0321], [0.0176, 0.0354, 0.0653, 0.7055, 0.0474, 0.0623, 0.0666], [0.0357, 0.0149, 0.0758, 0.7819, 0.0211, 0.0207, 0.0498], [0.0549, 0.0435, 0.0452, 0.6671, 0.0671, 0.0746, 0.0476], [0.0229, 0.0217, 0.0765, 0.6767, 0.0771, 0.0448, 0.0803], [0.0685, 0.0221, 0.0275, 0.6984, 0.0748, 0.0728, 0.036], [0.0902, 0.0403, 0.0815, 0.6451, 0.0598, 0.0468, 0.0364], [0.0302, 0.0344, 0.0574, 0.7324, 0.0556, 0.0351, 0.0548], [0.02, 0.029, 0.0715, 0.6434, 0.0959, 0.0522, 0.088], [0.0654, 0.0665, 0.0635, 0.7364, 0.0323, 0.0232, 0.0126], [0.0501, 0.0709, 0.0113, 0.7193, 0.058, 0.0659, 0.0246], [0.0684, 0.0518, 0.0191, 0.6973, 0.0531, 0.0442, 0.0661], [0.019, 0.0288, 0.0523, 0.6401, 0.0856, 0.0857, 0.0885], [0.0226, 0.0413, 0.0395, 0.7008, 0.0737, 0.0555, 0.0666], [0.027, 0.0831, 0.0627, 0.6723, 0.0297, 0.059, 0.0662], [0.0251, 0.0877, 0.0817, 0.6506, 0.0422, 0.06, 0.0528], [0.0679, 0.0338, 0.0136, 0.7114, 0.0646, 0.0518, 0.057]], "emotions": ["green", "green", "green", "green", "green", "green", "green", "green", "green", "green", "green", "green", "green", "green", "green", "green", "green", "green", "green", "green", "green", "green", "green", "green", "green", "green", "green", "green", "green", "green", "green", "green", "green", "green", "green", "green", "green", "green", "green", "green", "green", "green", "green", "green", "green", "green", "green", "green", "green", "green", "green", "green", "green", "green", "green", "green", "green", "green", "green", "green", "green", "green", "green", "green", "green", "green", "green", "green", "green", "green", "green", "green", "green", "green", "green", "green", "green", "green", "green", "green"], "timestamps": [0, 40, 80, 120, 160, 200, 240, 280, 320, 360, 400, 440, 480, 520, 560, 600, 640, 680, 720, 760, 800, 840, 880, 920, 960, 1000, 1040, 1080, 1120, 1160, 1200, 1240, 1280, 1320, 1360, 1400, 1440, 1480, 1520, 1560, 1600, 1640, 1680, 1720, 1760, 1800, 1840, 1880, 1920, 1960, 2000, 2040, 2080, 2120, 2160, 2200, 2240, 2280, 2320, 2360, 2400, 2440, 2480, 2520, 2560, 2600, 2640, 2680, 2720, 2760, 2800, 2840, 2880, 2920, 2960, 3000, 3040, 3080, 3120, 3160]}], "conversation": [], "conversation_timestamps": []}