{
  "agent_id": "agent-type-purple-0",
  "type": "purple",
  "trips": [
    {
      "trip_id": 0,
      "transport_method": "car",
      "start_time": 0,
      "path": [
        [
          1.5224828,
          42.50742999999999
        ],
        [
          1.5232270976469593,
          42.5077763158458
        ],
        [
          1.522628989439795,
          42.508085708202245
        ],
        [
          1.5233115398697525,
          42.50841994757771
        ],
        [
          1.523841899831667,
          42.50886099392371
        ],
        [
          1.5242723491813683,
          42.50880510136305
        ],
        [
          1.525137794987704,
          42.50897409867294
        ],
        [
          1.524602159205959,
          42.50886950401718
        ],
        [
          1.5237546624443323,
          42.50864666676148
        ],
        [
          1.523048434887635,
          42.508172231817824
        ],
        [
          1.5236892762826237,
          42.507790170177586
        ],
        [
          1.524569325760199,
          42.50784557280815
        ],
        [
          1.5248478969183692,
          42.508393584024674
        ],
        [
          1.5257042807670085,
          42.50860251477739
        ],
        [
          1.5264694473934495,
          42.50874111616294
        ],
        [
          1.525601775553906,
          42.50858394710327
        ],
        [
          1.5247469681248669,
          42.50836778759319
        ],
        [
          1.52446535827488,
          42.507839027639584
        ],
        [
          1.5235852564200272,
          42.507787943680704
        ],
        [
          1.5230834011392234,
          42.50827036152018
        ],
        [
          1.5238484316216967,
          42.50869204757914
        ],
        [
          1.5247044014394442,
          42.5088894690598
        ],
        [
          1.525567302507972,
          42.50907013176192
        ],
        [
          1.5264245044237232,
          42.50927692008385
        ],
        [
          1.526895293660526,
          42.50939049159422
        ],
        [
          1.5260380917447747,
          42.509183703272285
        ],
        [
          1.5253783067777307,
          42.50910622404144
        ],
        [
          1.526136170066817,
          42.509439759513526
        ],
        [
          1.5270046965506008,
          42.50959213497553
        ],
        [
          1.5270918999999996,
          42.50948
        ]
      ],
      "emotions": [
        "green",
        "green",
        "green",
        "green",
        "green",
        "red",
        "red",
        "red",
        "red",
        "red",
        "red",
        "red",
        "red",
        "red",
        "red",
        "red",
        "red",
        "red",
        "red",
        "red",
        "red",
        "red",
        "red",
        "red",
        "red",
        "green",
        "green",
        "green",
        "green",
        "green"
      ],
      "mood_vectors": [
        [
          0.09418060256457407,
          0.35287507510502175,
          0.21412841523305576,
          0.11102762994683225,
          0.032415753404433395,
          0.05450440472193968,
          0.14086811902414306
        ],
        [
          0.23101074063744484,
          0.1586562182237185,
          0.049912007052023026,
          0.06724467904962989,
          0.24094469866077126,
          0.15098597446202972,
          0.10124568191438277
        ],
        [
          0.11729404694778717,
          0.4209241954025055,
          0.001537345503496638,
          0.07614271715370123,
          0.07814515649958206,
          0.017360021908980314,
          0.288596516583947
        ],
        [
          0.07541623630679337,
          0.15041139374498907,
          0.1495996771548939,
          0.047960326251454216,
          0.291475234878825,
          0.2521082791402811,
          0.03302885252276341
        ],
        [
          0.4049854266962241,
          0.09351718472025597,
          0.00016618565805064962,
          0.05335251643230894,
          0.15634782573568518,
          0.2916078529632694,
          2.300779420579993e-05
        ],
        [
          0.2613072912635048,
          0.11565213316233008,
          0.07640085729623564,
          0.2746254377698432,
          0.2263168808447425,
          0.033019255176364073,
          0.01267814448697969
        ],
        [
          0.16321682444499772,
          0.17138122668327932,
          0.18140376449679552,
          0.12557067291486249,
          0.02223523476786172,
          0.1387083533441385,
          0.1974839233480648
        ],
        [
          0.05043793797726548,
          0.33485874904476615,
          0.11883449433315868,
          0.21843204583334674,
          0.10585741254253732,
          0.07684763246013597,
          0.09473172780878963
        ],
        [
          0.04258311297786023,
          0.08094271607857895,
          0.07987518176985031,
          0.3325725469320858,
          0.20283755812861654,
          0.02388892122659368,
          0.23729996288641445
        ],
        [
          0.21869115574869444,
          0.00428864707677062,
          0.09482481809483555,
          0.19990153975923125,
          0.09231006665990703,
          0.1651408986456158,
          0.22484287401494538
        ],
        [
          0.15461577174905533,
          0.09585419403646459,
          0.048870783493828035,
          0.10352910758581688,
          0.22482606551869463,
          0.1734297862499952,
          0.19887429136614526
        ],
        [
          0.04950792565360733,
          0.13880592906773584,
          0.251288086933159,
          0.19669045165443236,
          0.09973050934665308,
          0.2450065382594525,
          0.01897055908495986
        ],
        [
          0.1542201513859816,
          0.09361613302608983,
          0.20820821703600637,
          0.19058144278576444,
          0.18094099028829808,
          0.0551058975574229,
          0.1173271679204367
        ],
        [
          0.1846542233120372,
          0.09627657023272819,
          0.20030714624417695,
          0.008602418288162673,
          0.15895470525149558,
          0.1984550150351318,
          0.15274992163626755
        ],
        [
          0.08214531811037173,
          0.2039166632049957,
          0.2775707459094574,
          0.1916714481972318,
          0.09752493702105673,
          0.04899968167137176,
          0.09817120588551485
        ],
        [
          0.04378892282511207,
          0.15577894224096864,
          0.05569657161160236,
          0.13223470637738324,
          0.19935528267562702,
          0.2154190950689361,
          0.19772647920037065
        ],
        [
          0.257743799679557,
          0.07339753763961379,
          0.14700370175319705,
          0.09777022241028949,
          0.17563697027179248,
          0.003147687045226671,
          0.24530008120032348
        ],
        [
          0.23380221672795665,
          0.2527372412398093,
          0.08180566492057313,
          0.0284295963985383,
          0.1110627199584553,
          0.21405008170559128,
          0.0781124790490761
        ],
        [
          0.02933601764261907,
          0.21694721984342144,
          0.1863821251067696,
          0.2076729264841981,
          0.08431525725648825,
          0.11059025726617255,
          0.16475619640033085
        ],
        [
          0.09850820131581459,
          0.28519329199253574,
          0.27273774534639594,
          0.1770170487463691,
          0.04402395747692922,
          0.03387567424394186,
          0.08864408087801363
        ],
        [
          0.043189321139228146,
          0.18521490650228808,
          0.24308428529737183,
          0.16534055094535088,
          0.0902208498598924,
          0.04052632232770745,
          0.23242376392816114
        ],
        [
          0.13788256276260913,
          0.11731953347060962,
          0.1940441977945807,
          0.1460187143751975,
          0.11367532549827432,
          0.18224574874705057,
          0.10881391735167811
        ],
        [
          0.06851236215144531,
          0.17019754162076747,
          0.15927049310570582,
          0.1501835554809121,
          0.08889677525016074,
          0.07681355409739764,
          0.2861257182936109
        ],
        [
          0.19733699381845496,
          0.12917025792467357,
          0.1966450073228811,
          0.10527278327639246,
          0.0988802799940545,
          0.08781869076879265,
          0.1848759868947507
        ],
        [
          0.07391322537705211,
          0.03331145781958669,
          0.18050710478169388,
          0.2442882551972961,
          0.23795898272567936,
          0.08707606905094874,
          0.14294490504774313
        ],
        [
          0.11412719573379104,
          0.1419921655479861,
          0.1383436510799504,
          0.13785266522483008,
          0.11575005637698177,
          0.14905792806153043,
          0.20287633797493024
        ],
        [
          0.186924371462742,
          0.18972824384995257,
          0.01373315822509296,
          0.2643042587692963,
          0.04044168124055337,
          0.13797548898986028,
          0.16689279746250246
        ],
        [
          0.08008427296345404,
          0.17223022066175536,
          0.0029317366856284506,
          0.33089784393031746,
          0.1336435053997924,
          0.19703929070398807,
          0.08317312965506417
        ],
        [
          0.22098629906845105,
          0.24743805961381188,
          0.22518941717348168,
          0.013719361547909878,
          0.252699580987371,
          0.012306538267540513,
          0.027660743341434
        ],
        [
          0.07879996794127217,
          0.07117025939330146,
          0.38583682665189967,
          0.04741090452142504,
          0.11877738508648403,
          0.1404499892302097,
          0.15755466717540795
        ]
      ],
      "timestamps": [
        0,
        1,
        2,
        3,
        4,
        5,
        6,
        7,
        8,
        9,
        10,
        11,
        12,
        13,
        14,
        15,
        16,
        17,
        18,
        19,
        20,
        21,
        22,
        23,
        24,
        25,
        26,
        27,
        28,
        29
      ],
      "distance": 633.8
    },
    {
      "trip_id": 1,
      "transport_method": "foot",
      "start_time": 30,
      "path": [
        [
          1.5270918999999996,
          42.50948
        ],
        [
          1.527362535053216,
          42.509654914646816
        ],
        [
          1.5268518470720476,
          42.509565318856104
        ],
        [
          1.5263411590908793,
          42.50947572306539
        ],
        [
          1.5258304711097108,
          42.509386127274674
        ],
        [
          1.5254102474817877,
          42.50914843777321
        ],
        [
          1.5256334593301852,
          42.50908609119691
        ],
        [
          1.5261374885382546,
          42.50920768139897
        ],
        [
          1.526641517746324,
          42.509329271601025
        ],
        [
          1.5270314530456073,
          42.50942333819691
        ],
        [
          1.5265274238375381,
          42.509301747994854
        ],
        [
          1.5260233946294688,
          42.5091801577928
        ],
        [
          1.5255193654213994,
          42.50905856759074
        ],
        [
          1.5250125725755317,
          42.50894964624548
        ],
        [
          1.5245036960128704,
          42.50885027691522
        ],
        [
          1.5239948194502089,
          42.508750907584954
        ],
        [
          1.5238789642507005,
          42.50890965184053
        ],
        [
          1.5237102219807133,
          42.50862515921888
        ],
        [
          1.5232561846370132,
          42.508378482218866
        ],
        [
          1.522765784491389,
          42.50843874075107
        ],
        [
          1.5222615728577218,
          42.50846970906411
        ],
        [
          1.521756078617485,
          42.50835436092623
        ],
        [
          1.5221874156227524,
          42.508452787211624
        ],
        [
          1.5222721946854654,
          42.508424957449165
        ],
        [
          1.52177073434821,
          42.50829317296608
        ],
        [
          1.5213093290706332,
          42.50805902260908
        ],
        [
          1.5208515980764024,
          42.50781548214685
        ],
        [
          1.5203915929368959,
          42.50757679630152
        ],
        [
          1.5199061043050122,
          42.50763454643829
        ],
        [
          1.5195616807692396,
          42.50792842364613
        ],
        [
          1.5196522962831458,
          42.508438931675904
        ],
        [
          1.5196094882029478,
          42.50819776029434
        ],
        [
          1.5194211759423262,
          42.50787834198809
        ],
        [
          1.5189542810938939,
          42.50810381664372
        ],
        [
          1.5185062941067065,
          42.508232457596165
        ],
        [
          1.5181157420912819,
          42.5079217062272
        ],
        [
          1.517609187666687,
          42.50781110679345
        ],
        [
          1.517157055349047,
          42.507572823810676
        ],
        [
          1.5166846330308854,
          42.50737921453004
        ],
        [
          1.516180171056287,
          42.50725943249463
        ],
        [
          1.5156757090816884,
          42.507139650459216
        ],
        [
          1.51517124710709,
          42.507019868423804
        ],
        [
          1.5154991244561473,
          42.50681355437727
        ],
        [
          1.5159681590391165,
          42.50659256528296
        ],
        [
          1.5159554392239056,
          42.50636430111394
        ],
        [
          1.515466616973435,
          42.50619170916636
        ],
        [
          1.5150308566137993,
          42.50595801898436
        ],
        [
          1.514782050810089,
          42.505503128566936
        ],
        [
          1.5145332450063789,
          42.50504823814951
        ],
        [
          1.5148066462202354,
          42.50500417175169
        ],
        [
          1.5148595862398386,
          42.50480306273831
        ],
        [
          1.5147421171492759,
          42.50438509003834
        ],
        [
          1.5151941745944282,
          42.50454885765586
        ],
        [
          1.5156492805485524,
          42.504797268988824
        ],
        [
          1.5161043865026769,
          42.505045680321786
        ],
        [
          1.5161316000000005,
          42.5048543
        ]
      ],
      "emotions": [
        "green",
        "green",
        "green",
        "green",
        "green",
        "green",
        "green",
        "green",
        "green",
        "green",
        "red",
        "red",
        "red",
        "red",
        "red",
        "green",
        "green",
        "green",
        "green",
        "green",
        "purple",
        "purple",
        "purple",
        "purple",
        "purple",
        "green",
        "green",
        "green",
        "green",
        "green",
        "green",
        "green",
        "green",
        "green",
        "green",
        "green",
        "green",
        "green",
        "green",
        "green",
        "green",
        "green",
        "green",
        "green",
        "green",
        "purple",
        "purple",
        "purple",
        "purple",
        "purple",
        "purple",
        "purple",
        "purple",
        "purple",
        "purple",
        "purple"
      ],
      "mood_vectors": [
        [
          0.04729126554009079,
          0.06030264447815815,
          0.1910180136635046,
          0.2197759774986219,
          0.0638004788303408,
          0.3108786368170234,
          0.10693298317226034
        ],
        [
          0.22016420576984522,
          0.13917998500020556,
          0.14127047073192317,
          0.16997287914948567,
          0.215979725606466,
          0.05424306509679707,
          0.05918966864527728
        ],
        [
          0.128243437556207,
          0.15351855259421437,
          0.08290781735441868,
          0.22088704185920727,
          0.08063895345533187,
          0.21020313699340124,
          0.1236010601872196
        ],
        [
          0.07365737349525808,
          0.02348816102926225,
          0.20286704449554252,
          0.22217011605911582,
          0.14770433178093295,
          0.11009550074208303,
          0.2200174723978054
        ],
        [
          0.21191142860688977,
          0.14810887982551338,
          0.09176652132866184,
          0.11910945205937556,
          0.18709987310189036,
          0.03885848191057973,
          0.20314536316708942
        ],
        [
          0.05254985270280887,
          0.25612866556657327,
          0.13925975843821156,
          0.2310925107260879,
          0.10427861873045711,
          0.017113819408761045,
          0.19957677442710023
        ],
        [
          0.34385273180410264,
          0.06163419881193893,
          0.027829897378815766,
          0.39000834131095263,
          0.04719699076897482,
          0.08923005014821354,
          0.04024778977700165
        ],
        [
          0.23786881125660841,
          0.09108798344789615,
          0.1254008914165387,
          0.13084879813493086,
          0.1774325957161436,
          0.20334993000638346,
          0.034010990021498835
        ],
        [
          0.05647111251684869,
          0.1412473123382015,
          0.15873131853772615,
          0.05323791303874846,
          0.2749496275117596,
          0.1698621011436553,
          0.1455006149130603
        ],
        [
          0.1277404620483357,
          0.05017415670084639,
          0.3297416184653682,
          0.04439056244266594,
          0.08456672197110049,
          0.1805477320390371,
          0.18283874633264616
        ],
        [
          0.13541399979602406,
          0.04231169893573013,
          0.19974947133729834,
          0.07220472063588143,
          0.24916173367213584,
          0.21128847794940211,
          0.08986989767352817
        ],
        [
          0.060378344806347406,
          0.20943037028225045,
          0.2377459024338426,
          0.003452128170284724,
          0.005252147787107862,
          0.13305423444306014,
          0.35068687207710675
        ],
        [
          0.20999342548773822,
          0.005135862343195574,
          0.21495606497822423,
          0.0013039959728462906,
          0.05197389095606127,
          0.16902087377101294,
          0.34761588649092146
        ],
        [
          0.10763865305399618,
          0.22716248930118305,
          0.00741584143029913,
          0.22580061443171204,
          0.30779136053651734,
          0.11293252427478767,
          0.011258516971504632
        ],
        [
          0.08280631553990062,
          0.18077700229556296,
          0.07530294266442646,
          0.01965795222318709,
          0.2182789842107413,
          0.23521030531455264,
          0.18796649775162905
        ],
        [
          0.2566247347214035,
          0.14528133900683302,
          0.2530657706803306,
          0.01597620667378156,
          0.23487832881558396,
          0.055572930705321225,
          0.038600689396746206
        ],
        [
          0.1369160084477838,
          0.12861843779805138,
          0.16114440702759408,
          0.18814156728331657,
          0.14431015621264354,
          0.11378141168360847,
          0.1270880115470021
        ],
        [
          0.21239096304554034,
          0.2158810382627358,
          0.039824177784877055,
          0.17794922197960278,
          0.045341488887356,
          0.23594379501254473,
          0.07266931502734332
        ],
        [
          0.17411428503855758,
          0.10588289111950377,
          0.12469186209936414,
          0.1532204413392609,
          0.13954841774468324,
          0.21875905284773595,
          0.08378304981089443
        ],
        [
          0.03009240909069018,
          0.12558541291106942,
          0.08344925565422895,
          0.26754304802554696,
          0.3603592694050704,
          0.06140787760050188,
          0.07156272731289227
        ],
        [
          0.15624651042857246,
          0.2493620460068038,
          0.049739397401700115,
          0.0736547958295359,
          0.2593624268084204,
          0.10103205625133835,
          0.1106027672736289
        ],
        [
          0.2011145382836908,
          0.1904496747554498,
          0.008255583537650777,
          0.2088401594553158,
          0.2062152638010868,
          0.11332141230500548,
          0.07180336786180058
        ],
        [
          0.23791601673834115,
          0.14906015352812874,
          0.09858266812795131,
          0.21700121504093564,
          0.038074332499026566,
          0.2502168005243816,
          0.009148813541235028
        ],
        [
          0.010342980708570999,
          0.13529086137652752,
          0.031528705806554924,
          0.2989174935056714,
          0.23169579170910115,
          0.10677174672689964,
          0.18545242016667432
        ],
        [
          0.09435247902155881,
          0.11484921855828845,
          0.04762243150805639,
          0.21296115469951013,
          0.2301849328057159,
          0.18796983974986484,
          0.11205994365700551
        ],
        [
          0.18545383963709564,
          0.06253199993354193,
          0.1718336040344876,
          0.09270530072450038,
          0.037962005599076386,
          0.21930371214345923,
          0.2302095379278388
        ],
        [
          0.1290486289489128,
          0.009187394399897067,
          0.06041733534191262,
          0.39474183871810337,
          0.07882958117797986,
          0.1790080287552969,
          0.1487671926578975
        ],
        [
          0.12472134313898314,
          0.3067163813935111,
          0.21981641446093697,
          0.24867910004273364,
          0.009595752095061253,
          0.08016036175985924,
          0.010310647108914758
        ],
        [
          0.24783533330233867,
          0.08488886009951946,
          0.015182919792126066,
          0.23888485987672653,
          0.20158685013693992,
          0.08222076370059962,
          0.12940041309174974
        ],
        [
          0.16883329671875177,
          0.186522854574049,
          0.23650416167572494,
          0.18656750822469656,
          0.031054590311334875,
          0.016541484736877665,
          0.17397610375856523
        ],
        [
          0.15451801247751773,
          0.15599842898440305,
          0.1166287055713702,
          0.0781956884728915,
          0.17543165174887188,
          0.1887550829131037,
          0.13047242983184199
        ],
        [
          0.09284046613672386,
          0.2593416733849419,
          0.04586813737408755,
          0.07312342379809567,
          0.2779716549433724,
          0.18006754384601087,
          0.07078710051676772
        ],
        [
          0.07332507541785295,
          0.19324362531631276,
          0.20215179581271173,
          0.21686089434663403,
          0.03330028086408931,
          0.20681205483712267,
          0.07430627340527665
        ],
        [
          0.08888221351464733,
          0.28430751169189095,
          0.2030578874410363,
          0.03186171657247148,
          0.03592082567294852,
          0.1672698313016153,
          0.1887000138053901
        ],
        [
          0.011083981640766682,
          0.16870207997141454,
          0.1780393778604947,
          0.14552694475702588,
          0.15340230014703518,
          0.21651530865708674,
          0.12673000696617634
        ],
        [
          0.040833065359261594,
          0.23339125107446015,
          0.119791442727968,
          0.06283017210899354,
          0.07665779018230952,
          0.27190658102188797,
          0.19458969752511926
        ],
        [
          0.08070016323287424,
          0.16476892555311298,
          0.1690747595357391,
          0.20179345956104078,
          0.15315922720608535,
          0.09750597923400477,
          0.13299748567714267
        ],
        [
          0.1794640208692886,
          0.007589486722702951,
          0.1967389526474002,
          0.015345029774362463,
          0.26022713855910373,
          0.30098190720887097,
          0.03965346421827105
        ],
        [
          0.19689094361162682,
          0.037114269181695844,
          0.20889716848768536,
          0.1296661990534964,
          0.19873153688101802,
          0.2027278073641007,
          0.02597207542037688
        ],
        [
          0.09135627616724754,
          0.22699732864627847,
          0.20158827830983275,
          0.01428078353989697,
          0.16067489908289873,
          0.29244405736113,
          0.012658376892715576
        ],
        [
          0.21093286319644627,
          0.22593968075127596,
          0.025770544224098975,
          0.1874092998796561,
          0.08193020067554763,
          0.10514882531065609,
          0.16286858596231896
        ],
        [
          0.2977114250965685,
          0.14147573877495437,
          0.047818623169778064,
          0.17776663052548486,
          0.06005991207875417,
          0.05374764770987935,
          0.22142002264458063
        ],
        [
          0.1512070688746238,
          0.15926849491968614,
          0.13055936494617532,
          0.20106713012052518,
          0.04911579951735358,
          0.22152891551748963,
          0.0872532261041463
        ],
        [
          0.011880257658189924,
          0.15584528226059902,
          0.22312011223178346,
          0.1483931873770804,
          0.07719293423475251,
          0.3059757954886457,
          0.07759243074894909
        ],
        [
          0.16782821549671484,
          0.164259902072104,
          0.0972997432790704,
          0.11421420594115352,
          0.13198356868881664,
          0.1650322976621862,
          0.15938206685995446
        ],
        [
          0.2682773146643806,
          0.26004694807648865,
          0.07088042842568003,
          0.09621134042516379,
          0.10969927896660814,
          0.02735789979187414,
          0.16752678964980472
        ],
        [
          0.0926186819375023,
          0.049480699330312225,
          0.03321816649012893,
          0.0730551203927746,
          0.2568681844857683,
          0.27436728925739196,
          0.2203918581061217
        ],
        [
          0.03295066475820196,
          0.19217308527258997,
          0.14874302485453236,
          0.24474918198649348,
          0.11223206489579231,
          0.0980268270504545,
          0.1711251511819354
        ],
        [
          0.20274901642514281,
          0.14960946562667515,
          0.12981945939882206,
          0.1776636355788583,
          0.16845834440367075,
          0.014266699816143516,
          0.15743337875068747
        ],
        [
          0.23126596291988724,
          0.14579695684789043,
          0.07271484150739607,
          0.14842767976599852,
          0.17709362337383117,
          0.20039203208018835,
          0.024308903504808223
        ],
        [
          0.19324163964670146,
          0.00262150367184976,
          0.25477124267824713,
          0.14837568560551126,
          0.13080939931540364,
          0.03688736916717112,
          0.23329315991511565
        ],
        [
          0.007692806704718763,
          0.13148234749746485,
          0.19929224668975148,
          0.3609662793819768,
          0.12482682621860776,
          0.03324565379824249,
          0.14249383970923787
        ],
        [
          0.1276588356266762,
          0.1059504785675403,
          0.2625414233567055,
          0.29011194327292933,
          0.009984341246641904,
          0.002757358738156802,
          0.20099561919134992
        ],
        [
          0.024771891164074075,
          0.27203889482129034,
          0.020175887706619204,
          0.03324652640150988,
          0.19256707671023396,
          0.14603653417435827,
          0.31116318902191425
        ],
        [
          0.2506020344323463,
          0.24637467450406295,
          0.13423199722669796,
          0.14692596480698636,
          0.01961553960200866,
          0.020453623251353817,
          0.181796166176544
        ],
        [
          0.2648571619010662,
          0.11430854865339739,
          0.20390360770476323,
          0.06647576419068509,
          0.03946801599510118,
          0.2800513002714087,
          0.030935601283578265
        ]
      ],
      "timestamps": [
        30,
        31,
        32,
        33,
        34,
        35,
        36,
        37,
        38,
        39,
        40,
        41,
        42,
        43,
        44,
        45,
        46,
        47,
        48,
        49,
        50,
        51,
        52,
        53,
        54,
        55,
        56,
        57,
        58,
        59,
        60,
        61,
        62,
        63,
        64,
        65,
        66,
        67,
        68,
        69,
        70,
        71,
        72,
        73,
        74,
        75,
        76,
        77,
        78,
        79,
        80,
        81,
        82,
        83,
        84,
        85
      ],
      "distance": 951.2
    },
    {
      "trip_id": 2,
      "transport_method": "car",
      "start_time": 86,
      "path": [
        [
          1.5161316000000005,
          42.5048543
        ],
        [
          1.5169750911979003,
          42.505517462758796
        ],
        [
          1.5182754334583919,
          42.50558434400085
        ],
        [
          1.5188250103195275,
          42.506895249140044
        ],
        [
          1.5172984043777369,
          42.50656462108178
        ],
        [
          1.5164994583031277,
          42.50647432735452
        ],
        [
          1.517904040209717,
          42.50632726617608
        ],
        [
          1.518097948643729,
          42.50626900702137
        ],
        [
          1.5189430573181566,
          42.50635713409491
        ],
        [
          1.5200324403179393,
          42.50630794792445
        ],
        [
          1.5186375923206539,
          42.50616879226658
        ],
        [
          1.5192042589727184,
          42.505572047163774
        ],
        [
          1.5207397364403374,
          42.5059321719729
        ],
        [
          1.5214436000000005,
          42.506422099999995
        ]
      ],
      "emotions": [
        "purple",
        "purple",
        "purple",
        "purple",
        "purple",
        "purple",
        "purple",
        "purple",
        "purple",
        "green",
        "green",
        "green",
        "green",
        "green"
      ],
      "mood_vectors": [
        [
          0.21388142774638577,
          0.19365426106750086,
          0.11432361232370157,
          0.006671339328421269,
          0.09818668997345316,
          0.1563035573014437,
          0.21697911225909366
        ],
        [
          0.04677426889990928,
          0.2666865206353021,
          0.0791011184554056,
          0.08583349936266786,
          0.21733425118576066,
          0.16514489987169143,
          0.13912544158926296
        ],
        [
          0.007344163260243525,
          0.22955561441046946,
          0.10944920886457482,
          0.09249376877707222,
          0.1073283038009587,
          0.21692264802806782,
          0.23690629285861342
        ],
        [
          0.3333204715034353,
          0.2988592206808258,
          0.06577255848608154,
          0.15118000866052475,
          0.026441887737810487,
          0.006365340204071562,
          0.11806051272725045
        ],
        [
          0.11852383097644338,
          0.09322404435879578,
          0.13854223766882415,
          0.07907075178652774,
          0.15919145550453853,
          0.21591347964438456,
          0.19553420006048589
        ],
        [
          0.08956927677654979,
          0.08967363789976658,
          0.04964272270890289,
          0.21421202755193217,
          0.18096517785901614,
          0.2315879006288317,
          0.1443492565750008
        ],
        [
          0.08982068290782355,
          0.18515943790698,
          0.21116365440282883,
          0.08524044571519068,
          0.16835417627842145,
          0.16686613196686553,
          0.09339547082188998
        ],
        [
          0.041016499436621154,
          0.15681562223967108,
          0.10617208267370715,
          0.13316174988638732,
          0.10384595236140087,
          0.32520535519499405,
          0.13378273820721828
        ],
        [
          0.16161193831584483,
          0.22004112863303543,
          0.16745577043378548,
          0.10728343881309967,
          0.15368469576903418,
          0.03139924463230372,
          0.15852378340289663
        ],
        [
          0.01863233253839053,
          0.21190591651023938,
          0.2508001752117071,
          0.0572265032528924,
          0.18734185815002025,
          0.1813664944596547,
          0.09272671987709569
        ],
        [
          0.03096554395194602,
          0.1304861629422545,
          0.06940941834609099,
          0.018978809851015525,
          0.22739874099957405,
          0.278014215289006,
          0.24474710862011298
        ],
        [
          0.08081231844906864,
          0.2499377512833255,
          0.24745250317357803,
          0.24978575089067684,
          0.09119068290004773,
          0.051320792270522955,
          0.029500201032780338
        ],
        [
          0.26993322848362067,
          0.235548270360595,
          0.04571121862126557,
          0.054028023733016114,
          0.04981645327624024,
          0.14116927890807998,
          0.20379352661718247
        ],
        [
          0.3060765111745362,
          0.28803960151951175,
          0.0480340517870286,
          0.20621199139597848,
          0.08072519864024018,
          0.06349827153104091,
          0.007414373951663897
        ]
      ],
      "timestamps": [
        86,
        87,
        88,
        89,
        90,
        91,
        92,
        93,
        94,
        95,
        96,
        97,
        98,
        99
      ],
      "distance": 670.2
    }
  ],
  "conversation": [
    "This is giving real 'main character energy'.",
    "That cat's always in the same window.",
    "Is there a startup idea in local walks?"
  ],
  "conversation_timestamps": [
    23,
    52,
    68
  ]
}
