{"agent_id": "agent-purple-1924", "type": "purple", "trips": [{"trip_id": 0, "transport_method": "car", "start_time": 0, "path": [[1.5857692, 42.5379735], [1.5856996, 42.5379471], [1.5856301, 42.5379207], [1.5855605, 42.5378943], [1.5854909, 42.5378679], [1.5854214, 42.5378415], [1.5853538, 42.5378146], [1.5853997, 42.5377561], [1.5854457, 42.5376975], [1.5854948, 42.5376422], [1.585554, 42.5375971], [1.5856132, 42.5375521], [1.5856724, 42.537507], [1.5857316, 42.537462], [1.5857908, 42.5374169], [1.58585, 42.5373718], [1.5859092, 42.5373268], [1.585945, 42.5372776], [1.5859046, 42.5372152], [1.5858641, 42.5371527], [1.5858118, 42.5371028], [1.5857473, 42.5370656], [1.5856829, 42.5370284], [1.585618, 42.5369924], [1.5855465, 42.5369718], [1.585475, 42.5369512], [1.5854035, 42.5369306], [1.585332, 42.53691], [1.5852605, 42.5368894], [1.585189, 42.5368688], [1.5851175, 42.5368482], [1.585046, 42.5368276], [1.5849745, 42.5368071], [1.584903, 42.5367865], [1.58483, 42.5367742], [1.5847558, 42.5367682], [1.5846814, 42.5367665], [1.5846212, 42.5367309], [1.5845628, 42.5366848], [1.5844969, 42.5366509], [1.584425, 42.5366417], [1.5843506, 42.5366448], [1.5842767, 42.5366408], [1.5842034, 42.5366282], [1.5841322, 42.5366066], [1.5840611, 42.5365849], [1.5839899, 42.5365632], [1.5839187, 42.5365415], [1.5838475, 42.5365199], [1.5837764, 42.5364982], [1.5837052, 42.5364763], [1.5836341, 42.5364545], [1.583563, 42.5364326], [1.5834919, 42.5364107], [1.5834206, 42.5363896], [1.5833476, 42.5363754], [1.5832745, 42.5363611], [1.5832015, 42.5363469], [1.5831285, 42.5363327], [1.5830554, 42.5363184], [1.5829834, 42.5363145], [1.5829141, 42.5363417], [1.5828449, 42.536369], [1.5827756, 42.5363491], [1.5827064, 42.5363219], [1.5826371, 42.5362947], [1.5825679, 42.5362675], [1.5824986, 42.5362403], [1.5824303, 42.5362114], [1.5823679, 42.5361708], [1.5823198, 42.5361174], [1.5822898, 42.5360494], [1.5822623, 42.5359802], [1.5822348, 42.5359111], [1.5821994, 42.5358463], [1.5821551, 42.5357866], [1.5821108, 42.5357268], [1.5820665, 42.535667], [1.5820222, 42.5356073], [1.5819779, 42.5355475]], "mood_vectors": [[0.07, 0.0429, 0.0677, 0.0382, 0.0435, 0.7044, 0.0334], [0.039, 0.0771, 0.0196, 0.0412, 0.0749, 0.6707, 0.0774], [0.0471, 0.0785, 0.0228, 0.0451, 0.0813, 0.6984, 0.0268], [0.0593, 0.0201, 0.0556, 0.0729, 0.0349, 0.6991, 0.0581], [0.0138, 0.0479, 0.0709, 0.0487, 0.0725, 0.6771, 0.0692], [0.0826, 0.0522, 0.0584, 0.0534, 0.0134, 0.6689, 0.0712], [0.0534, 0.0618, 0.0404, 0.0308, 0.0169, 0.7598, 0.0369], [0.0716, 0.0424, 0.0602, 0.032, 0.0549, 0.6841, 0.0548], [0.051, 0.0496, 0.0512, 0.0834, 0.0702, 0.6582, 0.0365], [0.0784, 0.0466, 0.0346, 0.0338, 0.0776, 0.7126, 0.0164], [0.0895, 0.0377, 0.033, 0.0905, 0.0841, 0.6148, 0.0504], [0.0568, 0.0542, 0.0582, 0.0609, 0.0639, 0.6717, 0.0342], [0.0491, 0.0833, 0.0216, 0.0461, 0.0287, 0.7122, 0.059], [0.0594, 0.044, 0.0349, 0.049, 0.0743, 0.6745, 0.064], [0.0362, 0.0769, 0.0473, 0.0169, 0.0578, 0.735, 0.0299], [0.0294, 0.0382, 0.0776, 0.0254, 0.0169, 0.7736, 0.039], [0.0819, 0.0512, 0.0795, 0.0671, 0.09, 0.5619, 0.0684], [0.0753, 0.0561, 0.0603, 0.0718, 0.0465, 0.6616, 0.0283], [0.0593, 0.0618, 0.022, 0.0877, 0.0467, 0.6633, 0.0591], [0.0804, 0.0556, 0.032, 0.0452, 0.0283, 0.7371, 0.0215], [0.041, 0.0336, 0.0928, 0.0221, 0.0919, 0.6956, 0.0229], [0.0727, 0.048, 0.0353, 0.0589, 0.0127, 0.7344, 0.038], [0.0518, 0.0793, 0.0235, 0.0337, 0.0519, 0.6821, 0.0776], [0.0204, 0.0793, 0.0507, 0.0337, 0.0255, 0.7083, 0.0821], [0.0583, 0.0584, 0.0836, 0.0422, 0.0416, 0.6443, 0.0716], [0.0236, 0.0522, 0.0681, 0.0367, 0.027, 0.7258, 0.0666], [0.0587, 0.0531, 0.033, 0.0524, 0.0387, 0.7086, 0.0554], [0.0971, 0.0694, 0.0286, 0.0267, 0.0751, 0.6488, 0.0543], [0.0301, 0.0327, 0.083, 0.0301, 0.0154, 0.7642, 0.0443], [0.0352, 0.0908, 0.0471, 0.0944, 0.093, 0.6076, 0.0319], [0.0227, 0.052, 0.0365, 0.0366, 0.0371, 0.7752, 0.0398], [0.0229, 0.0458, 0.0231, 0.0318, 0.0495, 0.8107, 0.0162], [0.0122, 0.0656, 0.07, 0.0594, 0.0585, 0.6596, 0.0748], [0.0178, 0.0335, 0.0302, 0.067, 0.059, 0.7398, 0.0529], [0.0504, 0.0838, 0.0385, 0.0456, 0.0464, 0.6651, 0.0703], [0.0246, 0.0588, 0.0661, 0.04, 0.052, 0.723, 0.0355], [0.0554, 0.0206, 0.0453, 0.0469, 0.0643, 0.7267, 0.0408], [0.019, 0.0498, 0.014, 0.0471, 0.0816, 0.7091, 0.0794], [0.0239, 0.072, 0.0611, 0.0748, 0.0488, 0.6506, 0.0687], [0.0296, 0.0706, 0.0573, 0.0337, 0.0625, 0.7111, 0.0352], [0.0527, 0.0483, 0.0158, 0.0691, 0.0269, 0.6971, 0.09], [0.0415, 0.0196, 0.075, 0.042, 0.0252, 0.7745, 0.0222], [0.0716, 0.0479, 0.0565, 0.0691, 0.0751, 0.6634, 0.0164], [0.022, 0.0353, 0.0748, 0.0176, 0.0871, 0.7453, 0.018], [0.018, 0.0847, 0.0416, 0.034, 0.0622, 0.7393, 0.0203], [0.0596, 0.0329, 0.0496, 0.0549, 0.0594, 0.685, 0.0587], [0.0547, 0.0341, 0.0318, 0.0817, 0.042, 0.7061, 0.0495], [0.0405, 0.0288, 0.0226, 0.034, 0.0564, 0.7423, 0.0754], [0.0842, 0.0218, 0.0397, 0.0389, 0.0751, 0.7277, 0.0127], [0.0648, 0.022, 0.0462, 0.0687, 0.0726, 0.7108, 0.015], [0.0348, 0.0516, 0.0703, 0.0154, 0.0442, 0.7198, 0.0639], [0.0741, 0.0841, 0.0495, 0.0364, 0.0235, 0.6632, 0.0692], [0.0124, 0.0545, 0.0249, 0.0482, 0.0126, 0.7848, 0.0627], [0.0526, 0.0271, 0.0598, 0.0571, 0.0381, 0.7396, 0.0257], [0.0212, 0.0556, 0.0416, 0.0375, 0.0256, 0.7825, 0.036], [0.033, 0.012, 0.0217, 0.063, 0.0238, 0.7753, 0.0712], [0.0277, 0.0162, 0.0491, 0.0847, 0.071, 0.7094, 0.0419], [0.0767, 0.0326, 0.0547, 0.025, 0.0436, 0.7278, 0.0395], [0.0564, 0.0643, 0.073, 0.0488, 0.0518, 0.6376, 0.0682], [0.0291, 0.0395, 0.0421, 0.028, 0.0566, 0.744, 0.0607], [0.0629, 0.0716, 0.0625, 0.0158, 0.0308, 0.7079, 0.0486], [0.018, 0.0394, 0.0523, 0.0602, 0.0742, 0.6903, 0.0655], [0.0592, 0.0176, 0.0298, 0.0538, 0.0567, 0.7314, 0.0515], [0.0853, 0.0342, 0.055, 0.0412, 0.021, 0.7293, 0.034], [0.0656, 0.0138, 0.0713, 0.0306, 0.0619, 0.6791, 0.0777], [0.0288, 0.0738, 0.0725, 0.0203, 0.0384, 0.7055, 0.0606], [0.028, 0.0821, 0.0682, 0.0167, 0.0915, 0.6988, 0.0148], [0.0403, 0.0421, 0.0398, 0.0695, 0.084, 0.6891, 0.0354], [0.0763, 0.0348, 0.0269, 0.0743, 0.0547, 0.6803, 0.0527], [0.0221, 0.064, 0.0343, 0.0279, 0.0602, 0.7668, 0.0247], [0.0333, 0.0324, 0.0891, 0.046, 0.0697, 0.6633, 0.0662], [0.0942, 0.0576, 0.0628, 0.0606, 0.0443, 0.6184, 0.0621], [0.0462, 0.019, 0.076, 0.0417, 0.0437, 0.6764, 0.0968], [0.0349, 0.0317, 0.0203, 0.0539, 0.0839, 0.7375, 0.0378], [0.0423, 0.0712, 0.0495, 0.0385, 0.0656, 0.7068, 0.0262], [0.0629, 0.052, 0.0322, 0.0398, 0.0723, 0.7247, 0.016], [0.0582, 0.0621, 0.0241, 0.0267, 0.049, 0.7267, 0.0532], [0.0488, 0.0555, 0.0717, 0.0347, 0.0451, 0.7282, 0.0161], [0.0284, 0.0144, 0.069, 0.0655, 0.0225, 0.7075, 0.0925], [0.0413, 0.0723, 0.0165, 0.0819, 0.0588, 0.6695, 0.0598]], "emotions": ["purple", "purple", "purple", "purple", "purple", "purple", "purple", "purple", "purple", "purple", "purple", "purple", "purple", "purple", "purple", "purple", "purple", "purple", "purple", "purple", "purple", "purple", "purple", "purple", "purple", "purple", "purple", "purple", "purple", "purple", "purple", "purple", "purple", "purple", "purple", "purple", "purple", "purple", "purple", "purple", "purple", "purple", "purple", "purple", "purple", "purple", "purple", "purple", "purple", "purple", "purple", "purple", "purple", "purple", "purple", "purple", "purple", "purple", "purple", "purple", "purple", "purple", "purple", "purple", "purple", "purple", "purple", "purple", "purple", "purple", "purple", "purple", "purple", "purple", "purple", "purple", "purple", "purple", "purple", "purple"], "timestamps": [0, 40, 80, 120, 160, 200, 240, 280, 320, 360, 400, 440, 480, 520, 560, 600, 640, 680, 720, 760, 800, 840, 880, 920, 960, 1000, 1040, 1080, 1120, 1160, 1200, 1240, 1280, 1320, 1360, 1400, 1440, 1480, 1520, 1560, 1600, 1640, 1680, 1720, 1760, 1800, 1840, 1880, 1920, 1960, 2000, 2040, 2080, 2120, 2160, 2200, 2240, 2280, 2320, 2360, 2400, 2440, 2480, 2520, 2560, 2600, 2640, 2680, 2720, 2760, 2800, 2840, 2880, 2920, 2960, 3000, 3040, 3080, 3120, 3160]}], "conversation": [], "conversation_timestamps": []}