{"agent_id": "agent-blue-1600", "type": "blue", "trips": [{"trip_id": 0, "transport_method": "car", "start_time": 0, "path": [[1.5144483, 42.5408944], [1.5153305, 42.5413737], [1.5156082, 42.5417883], [1.5151676, 42.5425996], [1.5156548, 42.5431323], [1.5150175, 42.5427475], [1.5159111, 42.5432817], [1.5167773, 42.5434119], [1.5173432, 42.5425536], [1.5179739, 42.5417545], [1.518933, 42.5413442], [1.5194201, 42.540531], [1.5194427, 42.5395412], [1.5193566, 42.5394301], [1.5194196, 42.539846], [1.5195252, 42.5388081], [1.5197844, 42.5378073], [1.5202204, 42.5368627], [1.5209361, 42.5361274], [1.5209667, 42.5354184], [1.5201903, 42.5347227], [1.5195048, 42.5339478], [1.5197323, 42.5329555], [1.5195681, 42.5319407], [1.5197551, 42.5309164], [1.5196548, 42.5313525], [1.5196275, 42.5313326], [1.5197235, 42.5302972], [1.5203516, 42.5296762], [1.5206395, 42.5287124], [1.5201615, 42.5278054], [1.5201261, 42.5268647], [1.5205889, 42.5259561], [1.5206245, 42.5249135], [1.5210357, 42.5239727], [1.521679, 42.5231546], [1.522097, 42.5222084], [1.5229186, 42.5215748], [1.5234795, 42.5207259], [1.5238221, 42.5197406], [1.5236251, 42.5204963], [1.5234896, 42.5207477], [1.5238751, 42.5197784], [1.5242607, 42.518809], [1.5250918, 42.5182425], [1.5258423, 42.517523], [1.5267346, 42.5170691], [1.5276167, 42.5165466], [1.5285641, 42.5161338], [1.5292321, 42.5153428], [1.5299843, 42.5146466], [1.5302907, 42.513807], [1.5305967, 42.5128373], [1.5308987, 42.5119406], [1.5299768, 42.5115098], [1.5295247, 42.5107588], [1.5291082, 42.5099325], [1.5285897, 42.5094482], [1.5293253, 42.5101616], [1.5286949, 42.5095441], [1.5279269, 42.5088393], [1.5269605, 42.508519], [1.5259351, 42.5083543], [1.5250245, 42.507948], [1.5240007, 42.5077739], [1.5229725, 42.5077036], [1.522379, 42.5070015], [1.5216982, 42.5067034], [1.5220349, 42.5065269], [1.5220266, 42.5056701], [1.5219488, 42.5047009], [1.522077, 42.5048208], [1.5215162, 42.5040978], [1.5210138, 42.5032507], [1.5202028, 42.502627], [1.5198588, 42.5016742], [1.5191956, 42.501035], [1.5181696, 42.5008692], [1.5185167, 42.5001698], [1.5195463, 42.5001563]], "mood_vectors": [[0.0165, 0.0299, 0.0286, 0.8192, 0.0421, 0.0176, 0.0461], [0.0507, 0.0123, 0.0451, 0.8106, 0.0218, 0.034, 0.0254], [0.0789, 0.0705, 0.0535, 0.6657, 0.0579, 0.0418, 0.0318], [0.0813, 0.0565, 0.0349, 0.6934, 0.0306, 0.0247, 0.0787], [0.0387, 0.0978, 0.0174, 0.6633, 0.0627, 0.0417, 0.0785], [0.0238, 0.0449, 0.0493, 0.7082, 0.065, 0.0819, 0.027], [0.0513, 0.0793, 0.0401, 0.6913, 0.0731, 0.0154, 0.0495], [0.0882, 0.0203, 0.0721, 0.6196, 0.0893, 0.0318, 0.0787], [0.0145, 0.0817, 0.0811, 0.7553, 0.0136, 0.019, 0.0348], [0.0394, 0.0911, 0.0611, 0.6452, 0.0221, 0.0676, 0.0735], [0.0372, 0.0637, 0.0281, 0.7587, 0.0415, 0.0504, 0.0204], [0.0577, 0.0585, 0.0651, 0.7024, 0.0376, 0.0479, 0.0309], [0.0287, 0.071, 0.0392, 0.6964, 0.0615, 0.0798, 0.0235], [0.0166, 0.0697, 0.0616, 0.7179, 0.0695, 0.0332, 0.0316], [0.0197, 0.0663, 0.0398, 0.744, 0.0738, 0.0429, 0.0135], [0.0278, 0.0158, 0.0587, 0.7096, 0.0729, 0.0511, 0.064], [0.03, 0.0481, 0.0216, 0.783, 0.0837, 0.0198, 0.0138], [0.043, 0.0627, 0.0619, 0.6762, 0.0734, 0.0176, 0.0651], [0.0716, 0.0364, 0.046, 0.7449, 0.0184, 0.0384, 0.0443], [0.0694, 0.0235, 0.0416, 0.7808, 0.0225, 0.0389, 0.0233], [0.014, 0.0726, 0.0165, 0.7601, 0.0524, 0.0653, 0.0191], [0.0859, 0.0342, 0.0611, 0.654, 0.057, 0.0608, 0.0469], [0.0534, 0.0357, 0.0723, 0.7067, 0.0472, 0.0131, 0.0716], [0.0205, 0.024, 0.0605, 0.6935, 0.0937, 0.0199, 0.0879], [0.0324, 0.0818, 0.0256, 0.6661, 0.0549, 0.0602, 0.0789], [0.0539, 0.0881, 0.0668, 0.6519, 0.0207, 0.0484, 0.0701], [0.0872, 0.0246, 0.0495, 0.7001, 0.0725, 0.0165, 0.0495], [0.0189, 0.044, 0.0555, 0.7374, 0.0617, 0.0453, 0.0373], [0.0659, 0.0358, 0.0613, 0.6852, 0.0314, 0.0708, 0.0496], [0.0639, 0.0249, 0.0541, 0.6978, 0.083, 0.0477, 0.0286], [0.0508, 0.0155, 0.0269, 0.8193, 0.0141, 0.0314, 0.042], [0.0274, 0.0747, 0.0135, 0.6981, 0.0647, 0.0517, 0.0698], [0.0168, 0.0285, 0.076, 0.6746, 0.0533, 0.0819, 0.0688], [0.0325, 0.0338, 0.0452, 0.7785, 0.0591, 0.02, 0.0309], [0.0688, 0.103, 0.0377, 0.6364, 0.0667, 0.0407, 0.0467], [0.0523, 0.064, 0.0116, 0.7572, 0.0402, 0.0236, 0.0511], [0.0806, 0.0864, 0.0471, 0.6346, 0.0382, 0.0355, 0.0776], [0.0828, 0.0371, 0.0237, 0.7165, 0.022, 0.0854, 0.0325], [0.0439, 0.0726, 0.0248, 0.7043, 0.0338, 0.0777, 0.0429], [0.0161, 0.0587, 0.071, 0.704, 0.0429, 0.0669, 0.0405], [0.0675, 0.0787, 0.0131, 0.7344, 0.0204, 0.0326, 0.0532], [0.0671, 0.0489, 0.0468, 0.7568, 0.0167, 0.045, 0.0188], [0.0467, 0.0585, 0.0276, 0.6993, 0.0323, 0.0779, 0.0576], [0.0361, 0.0555, 0.0531, 0.6915, 0.0395, 0.076, 0.0483], [0.0441, 0.0314, 0.0314, 0.7554, 0.0286, 0.0866, 0.0225], [0.0634, 0.0478, 0.0649, 0.6416, 0.0692, 0.0731, 0.0401], [0.0656, 0.0656, 0.0212, 0.7153, 0.0439, 0.0252, 0.0632], [0.0573, 0.0414, 0.0751, 0.6851, 0.0264, 0.0454, 0.0693], [0.0876, 0.0496, 0.0552, 0.6558, 0.0359, 0.0921, 0.0237], [0.09, 0.0649, 0.0807, 0.6836, 0.0308, 0.0211, 0.0289], [0.0458, 0.0739, 0.018, 0.7407, 0.0466, 0.0434, 0.0316], [0.043, 0.0262, 0.0807, 0.7475, 0.0502, 0.017, 0.0354], [0.0502, 0.0461, 0.0393, 0.6882, 0.0729, 0.0442, 0.0593], [0.0383, 0.0893, 0.0504, 0.703, 0.0643, 0.0153, 0.0394], [0.1024, 0.0735, 0.0455, 0.6167, 0.0413, 0.076, 0.0446], [0.0777, 0.0556, 0.0139, 0.6579, 0.0582, 0.0628, 0.074], [0.0152, 0.0951, 0.0267, 0.6686, 0.0958, 0.0176, 0.0811], [0.0437, 0.0187, 0.06, 0.6873, 0.0349, 0.0789, 0.0765], [0.0542, 0.0536, 0.0717, 0.6717, 0.0825, 0.0363, 0.0299], [0.0293, 0.0731, 0.019, 0.7167, 0.0507, 0.0438, 0.0673], [0.0618, 0.0623, 0.015, 0.6923, 0.0543, 0.0259, 0.0883], [0.065, 0.0612, 0.0316, 0.7305, 0.0528, 0.0477, 0.0112], [0.0507, 0.0874, 0.048, 0.7536, 0.0295, 0.0168, 0.014], [0.0191, 0.0216, 0.0903, 0.697, 0.015, 0.0979, 0.0591], [0.0888, 0.0401, 0.037, 0.7184, 0.0551, 0.0402, 0.0206], [0.0679, 0.05, 0.0499, 0.6658, 0.0654, 0.0581, 0.0429], [0.0867, 0.0181, 0.0475, 0.655, 0.0698, 0.0516, 0.0712], [0.0389, 0.0408, 0.0448, 0.7657, 0.0256, 0.07, 0.0142], [0.0259, 0.0371, 0.0362, 0.7503, 0.0625, 0.0213, 0.0666], [0.0189, 0.0277, 0.0262, 0.7912, 0.06, 0.0382, 0.0378], [0.0216, 0.0698, 0.0547, 0.7156, 0.0266, 0.0528, 0.0589], [0.0553, 0.0384, 0.0466, 0.7148, 0.0535, 0.0569, 0.0346], [0.0533, 0.047, 0.0349, 0.7221, 0.0158, 0.0623, 0.0647], [0.0591, 0.0146, 0.0168, 0.7485, 0.0247, 0.0652, 0.071], [0.0433, 0.0765, 0.0653, 0.6812, 0.0338, 0.0826, 0.0174], [0.0461, 0.0658, 0.0402, 0.6864, 0.0545, 0.0741, 0.0329], [0.0527, 0.0254, 0.0588, 0.6698, 0.0787, 0.093, 0.0216], [0.0144, 0.0542, 0.0163, 0.8387, 0.0167, 0.0301, 0.0296], [0.0666, 0.0763, 0.0645, 0.589, 0.0863, 0.0607, 0.0566], [0.0747, 0.0597, 0.0688, 0.6795, 0.0467, 0.0433, 0.0272]], "emotions": ["green", "green", "green", "green", "green", "green", "green", "green", "green", "green", "green", "green", "green", "green", "green", "green", "green", "green", "green", "green", "green", "green", "green", "green", "green", "green", "green", "green", "green", "green", "green", "green", "green", "green", "green", "green", "green", "green", "green", "green", "green", "green", "green", "green", "green", "green", "green", "green", "green", "green", "green", "green", "green", "green", "green", "green", "green", "green", "green", "green", "green", "green", "green", "green", "green", "green", "green", "green", "green", "green", "green", "green", "green", "green", "green", "green", "green", "green", "green", "green"], "timestamps": [0, 40, 80, 120, 160, 200, 240, 280, 320, 360, 400, 440, 480, 520, 560, 600, 640, 680, 720, 760, 800, 840, 880, 920, 960, 1000, 1040, 1080, 1120, 1160, 1200, 1240, 1280, 1320, 1360, 1400, 1440, 1480, 1520, 1560, 1600, 1640, 1680, 1720, 1760, 1800, 1840, 1880, 1920, 1960, 2000, 2040, 2080, 2120, 2160, 2200, 2240, 2280, 2320, 2360, 2400, 2440, 2480, 2520, 2560, 2600, 2640, 2680, 2720, 2760, 2800, 2840, 2880, 2920, 2960, 3000, 3040, 3080, 3120, 3160]}], "conversation": [], "conversation_timestamps": []}