{"agent_id": "agent-purple-104", "type": "purple", "trips": [{"trip_id": 0, "transport_method": "bus", "start_time": 0, "path": [[1.4642045, 42.4527914], [1.4635474, 42.452425], [1.4632865, 42.4530003], [1.4630842, 42.4537301], [1.4624773, 42.4536338], [1.4618102, 42.4532824], [1.4623043, 42.4530085], [1.4627925, 42.452494], [1.4633676, 42.4523476], [1.4635144, 42.4530281], [1.4635751, 42.453783], [1.4639606, 42.4542868], [1.4640041, 42.4538071], [1.4646666, 42.4541658], [1.4653555, 42.4544275], [1.4656797, 42.4550216], [1.4664115, 42.455096], [1.467094, 42.4554133], [1.4678337, 42.455489], [1.4685186, 42.4557373], [1.4692453, 42.4559355], [1.4699585, 42.4561025], [1.4706703, 42.4561254], [1.4713753, 42.4563975], [1.4720605, 42.4567075], [1.4726874, 42.4571318], [1.4733631, 42.4574693], [1.4738913, 42.4574505], [1.4734141, 42.4571881], [1.4740623, 42.4575796], [1.4737844, 42.4572811], [1.4735944, 42.4573097], [1.4742279, 42.4577245], [1.4749405, 42.4576256], [1.4756576, 42.457388], [1.4764014, 42.4572527], [1.4771256, 42.4570455], [1.4778611, 42.4569349], [1.4786015, 42.4567827], [1.4793518, 42.4567061], [1.4797012, 42.4568862], [1.4793271, 42.4572681], [1.479214, 42.4579822], [1.4793008, 42.4586913], [1.479832, 42.4591931], [1.4805344, 42.4594274], [1.4806195, 42.4601612], [1.4807082, 42.4609073], [1.4812553, 42.461256], [1.4817661, 42.4617621], [1.4820881, 42.462395], [1.4822695, 42.4631206], [1.4821618, 42.4638612], [1.4826461, 42.4644017], [1.483212, 42.4648596], [1.4839455, 42.4648215], [1.4846939, 42.4647102], [1.4854467, 42.4646693], [1.4858723, 42.4649621], [1.4859896, 42.465692], [1.4862851, 42.4663773], [1.4868874, 42.4667263], [1.4873609, 42.467248], [1.4879515, 42.4676577], [1.4881368, 42.4683248], [1.4881844, 42.4690564], [1.4886306, 42.4696543], [1.4887602, 42.4703765], [1.4888913, 42.4711029], [1.4893371, 42.47171], [1.4888733, 42.4722416], [1.4884114, 42.472825], [1.4880766, 42.4734915], [1.4879969, 42.4741437], [1.4873736, 42.4740338], [1.4872308, 42.4746691], [1.4875947, 42.4750815], [1.4875016, 42.4754727], [1.4880747, 42.4755983], [1.487349, 42.4754106]], "mood_vectors": [[0.037, 0.0657, 0.0653, 0.0284, 0.0121, 0.743, 0.0486], [0.0339, 0.0139, 0.0609, 0.0902, 0.0421, 0.7102, 0.0489], [0.058, 0.0531, 0.0215, 0.0229, 0.0256, 0.7863, 0.0326], [0.0636, 0.0693, 0.0431, 0.0237, 0.0596, 0.6952, 0.0456], [0.0382, 0.0558, 0.0498, 0.0545, 0.0383, 0.7134, 0.0499], [0.0199, 0.0512, 0.0823, 0.0348, 0.0721, 0.6953, 0.0443], [0.0516, 0.0615, 0.0241, 0.0498, 0.0128, 0.7791, 0.0211], [0.069, 0.0141, 0.0742, 0.0536, 0.0352, 0.687, 0.0669], [0.0341, 0.0226, 0.0566, 0.0616, 0.0193, 0.7304, 0.0755], [0.0439, 0.0637, 0.0625, 0.0647, 0.0513, 0.6965, 0.0174], [0.0731, 0.04, 0.057, 0.0452, 0.0627, 0.6358, 0.0862], [0.0433, 0.0154, 0.0598, 0.0519, 0.035, 0.7728, 0.0217], [0.0428, 0.0121, 0.0396, 0.042, 0.0324, 0.7846, 0.0466], [0.0113, 0.0503, 0.0359, 0.0543, 0.0734, 0.7369, 0.0379], [0.0284, 0.0673, 0.0704, 0.0679, 0.0752, 0.6516, 0.0392], [0.0568, 0.086, 0.0364, 0.0802, 0.08, 0.6206, 0.04], [0.0211, 0.0446, 0.0486, 0.0558, 0.0454, 0.7276, 0.0569], [0.0727, 0.0389, 0.0692, 0.0598, 0.0481, 0.6417, 0.0697], [0.0694, 0.0556, 0.0419, 0.0529, 0.0459, 0.6581, 0.0763], [0.0679, 0.0174, 0.0211, 0.0791, 0.0159, 0.7374, 0.0611], [0.0231, 0.0601, 0.0282, 0.0771, 0.0679, 0.7294, 0.0142], [0.0256, 0.0471, 0.0745, 0.0131, 0.0849, 0.6838, 0.0711], [0.0699, 0.016, 0.0559, 0.0502, 0.0314, 0.7316, 0.045], [0.0165, 0.0421, 0.0265, 0.0693, 0.0816, 0.7351, 0.0288], [0.0662, 0.0253, 0.0349, 0.0836, 0.0188, 0.7181, 0.053], [0.0433, 0.0346, 0.0119, 0.0751, 0.0128, 0.7967, 0.0255], [0.0785, 0.088, 0.0172, 0.0228, 0.0504, 0.6877, 0.0555], [0.0197, 0.0912, 0.0573, 0.059, 0.0587, 0.6295, 0.0847], [0.0291, 0.0893, 0.0414, 0.0601, 0.0207, 0.7172, 0.0422], [0.0331, 0.0409, 0.0619, 0.046, 0.0889, 0.673, 0.0562], [0.046, 0.0483, 0.0194, 0.0326, 0.0441, 0.7523, 0.0573], [0.0425, 0.0347, 0.0305, 0.0646, 0.0499, 0.7369, 0.0409], [0.0159, 0.0821, 0.023, 0.0595, 0.0457, 0.7266, 0.0472], [0.0373, 0.028, 0.0194, 0.0744, 0.0581, 0.7498, 0.033], [0.0181, 0.0659, 0.0986, 0.0534, 0.0201, 0.7187, 0.0253], [0.0728, 0.0874, 0.0422, 0.0288, 0.0248, 0.6588, 0.0852], [0.0753, 0.0355, 0.0695, 0.0628, 0.0305, 0.7029, 0.0236], [0.06, 0.0222, 0.0324, 0.0763, 0.0379, 0.7132, 0.0581], [0.0527, 0.0699, 0.0734, 0.0257, 0.0172, 0.6634, 0.0978], [0.0699, 0.022, 0.0744, 0.0511, 0.0656, 0.6615, 0.0555], [0.0586, 0.0381, 0.0402, 0.058, 0.0122, 0.7729, 0.02], [0.0464, 0.0411, 0.0899, 0.0462, 0.0213, 0.6669, 0.0882], [0.0443, 0.0599, 0.0807, 0.0592, 0.0185, 0.6673, 0.07], [0.0403, 0.014, 0.0419, 0.0604, 0.066, 0.709, 0.0685], [0.0233, 0.0396, 0.0136, 0.0631, 0.059, 0.7552, 0.0464], [0.0692, 0.0382, 0.0266, 0.0501, 0.0686, 0.7277, 0.0197], [0.0299, 0.0548, 0.0814, 0.0131, 0.0616, 0.7107, 0.0485], [0.0245, 0.0762, 0.0543, 0.0714, 0.0266, 0.6865, 0.0604], [0.0266, 0.0477, 0.0562, 0.02, 0.0419, 0.7818, 0.0258], [0.0564, 0.0736, 0.0165, 0.0331, 0.0597, 0.7031, 0.0576], [0.029, 0.018, 0.0736, 0.091, 0.0912, 0.6297, 0.0674], [0.0511, 0.0798, 0.0536, 0.0773, 0.0161, 0.6966, 0.0255], [0.0327, 0.0298, 0.0397, 0.0631, 0.0795, 0.7276, 0.0276], [0.0754, 0.0333, 0.0717, 0.0221, 0.03, 0.6824, 0.085], [0.0591, 0.0695, 0.032, 0.0744, 0.0333, 0.6966, 0.0351], [0.0441, 0.0395, 0.05, 0.0708, 0.0663, 0.6858, 0.0436], [0.0411, 0.0944, 0.0916, 0.0158, 0.0707, 0.661, 0.0254], [0.0673, 0.0796, 0.0657, 0.0133, 0.0662, 0.6645, 0.0434], [0.0504, 0.0367, 0.0837, 0.0265, 0.0584, 0.7147, 0.0297], [0.0516, 0.0382, 0.0512, 0.078, 0.0696, 0.6197, 0.0918], [0.0278, 0.0879, 0.079, 0.0284, 0.029, 0.7103, 0.0377], [0.0349, 0.0282, 0.0818, 0.0798, 0.0192, 0.6859, 0.0701], [0.062, 0.0574, 0.0603, 0.0464, 0.0684, 0.6392, 0.0664], [0.0481, 0.0873, 0.0451, 0.0807, 0.0403, 0.6845, 0.014], [0.0612, 0.0729, 0.0712, 0.0128, 0.0455, 0.6547, 0.0817], [0.0677, 0.0257, 0.09, 0.026, 0.0591, 0.7012, 0.0303], [0.0163, 0.0681, 0.0592, 0.0224, 0.0959, 0.7063, 0.0319], [0.0501, 0.0547, 0.0723, 0.0466, 0.0602, 0.6793, 0.0368], [0.0502, 0.0753, 0.0554, 0.0306, 0.0629, 0.6673, 0.0583], [0.0188, 0.0726, 0.0168, 0.0758, 0.0149, 0.746, 0.0552], [0.0366, 0.0272, 0.0266, 0.0303, 0.0367, 0.819, 0.0235], [0.0919, 0.0349, 0.0179, 0.0201, 0.0191, 0.7868, 0.0292], [0.0144, 0.0167, 0.0252, 0.0312, 0.0144, 0.8409, 0.0572], [0.0173, 0.0171, 0.0555, 0.0286, 0.0167, 0.8207, 0.0441], [0.0308, 0.0551, 0.0487, 0.0489, 0.0267, 0.7121, 0.0776], [0.0575, 0.0372, 0.033, 0.0844, 0.0144, 0.7305, 0.043], [0.0691, 0.0361, 0.0113, 0.0562, 0.0719, 0.6974, 0.058], [0.0648, 0.0398, 0.0505, 0.0332, 0.049, 0.6705, 0.0923], [0.05, 0.0278, 0.0521, 0.0308, 0.0727, 0.72, 0.0465], [0.0597, 0.0364, 0.0734, 0.0317, 0.0765, 0.6917, 0.0306]], "emotions": ["purple", "purple", "purple", "purple", "purple", "purple", "purple", "purple", "purple", "purple", "purple", "purple", "purple", "purple", "purple", "purple", "purple", "purple", "purple", "purple", "purple", "purple", "purple", "purple", "purple", "purple", "purple", "purple", "purple", "purple", "purple", "purple", "purple", "purple", "purple", "purple", "purple", "purple", "purple", "purple", "purple", "purple", "purple", "purple", "purple", "purple", "purple", "purple", "purple", "purple", "purple", "purple", "purple", "purple", "purple", "purple", "purple", "purple", "purple", "purple", "purple", "purple", "purple", "purple", "purple", "purple", "purple", "purple", "purple", "purple", "purple", "purple", "purple", "purple", "purple", "purple", "purple", "purple", "purple", "purple"], "timestamps": [0, 40, 80, 120, 160, 200, 240, 280, 320, 360, 400, 440, 480, 520, 560, 600, 640, 680, 720, 760, 800, 840, 880, 920, 960, 1000, 1040, 1080, 1120, 1160, 1200, 1240, 1280, 1320, 1360, 1400, 1440, 1480, 1520, 1560, 1600, 1640, 1680, 1720, 1760, 1800, 1840, 1880, 1920, 1960, 2000, 2040, 2080, 2120, 2160, 2200, 2240, 2280, 2320, 2360, 2400, 2440, 2480, 2520, 2560, 2600, 2640, 2680, 2720, 2760, 2800, 2840, 2880, 2920, 2960, 3000, 3040, 3080, 3120, 3160]}], "conversation": [], "conversation_timestamps": []}