{"agent_id": "agent-purple-559", "type": "purple", "trips": [{"trip_id": 0, "transport_method": "foot", "start_time": 0, "path": [[1.5392375, 42.5111972], [1.53799, 42.5106758], [1.5365422, 42.510625], [1.5350751, 42.510728], [1.5337439, 42.5102105], [1.5322797, 42.5098627], [1.5308425, 42.5093926], [1.5293931, 42.5089981], [1.5281986, 42.5082951], [1.5272142, 42.507271], [1.5256965, 42.5071331], [1.5242241, 42.5068958], [1.5227385, 42.5065526], [1.5212878, 42.5060806], [1.5216977, 42.5062321], [1.5203469, 42.5057942], [1.5188558, 42.5054758], [1.5180828, 42.5054074], [1.5173607, 42.5054134], [1.5164506, 42.5051014], [1.5152297, 42.5042158], [1.5140944, 42.503196], [1.5131053, 42.5020429], [1.5122219, 42.5008035], [1.5112923, 42.4995933], [1.5103358, 42.4984049], [1.5090075, 42.4976664], [1.5076202, 42.497033], [1.5061846, 42.4965153], [1.5047528, 42.495995], [1.5033592, 42.4953903], [1.5019707, 42.4947614], [1.5006094, 42.4940985], [1.4995576, 42.4930407], [1.4982246, 42.492301], [1.4969213, 42.4915093], [1.4962796, 42.4902758], [1.4954261, 42.4890423], [1.4946607, 42.4877691], [1.4944738, 42.4863082], [1.493321, 42.4853186], [1.4919702, 42.4847596], [1.4908753, 42.4838904], [1.4901423, 42.4825623], [1.4895002, 42.4811938], [1.4893875, 42.4796774], [1.4900457, 42.4783169], [1.4906343, 42.4769308], [1.4908427, 42.4755112], [1.4905383, 42.4740396], [1.4908431, 42.472582], [1.4915631, 42.4712364], [1.4920507, 42.4698074], [1.4916828, 42.4683389], [1.491892, 42.4670032], [1.4930994, 42.4661244], [1.4945576, 42.4657374], [1.4948728, 42.4645502], [1.4937381, 42.4639244], [1.4932459, 42.4625107], [1.4923867, 42.4612609], [1.4915, 42.4603423], [1.490918, 42.4591899], [1.4905761, 42.4577346], [1.4915538, 42.4571348], [1.4930285, 42.457497], [1.4937252, 42.4572223], [1.4923917, 42.4565581], [1.4935783, 42.4567669], [1.4935701, 42.456495], [1.4922346, 42.4558054], [1.491251, 42.454843], [1.4910745, 42.4539234], [1.4921657, 42.4549366], [1.4918837, 42.4543347], [1.4924472, 42.4535567], [1.4937403, 42.453667], [1.4952214, 42.4534073], [1.4964949, 42.4532241], [1.4974771, 42.4522898]], "mood_vectors": [[0.0735, 0.0765, 0.0685, 0.0326, 0.0326, 0.6555, 0.0607], [0.0516, 0.0555, 0.053, 0.062, 0.064, 0.6545, 0.0595], [0.0176, 0.0531, 0.0272, 0.0588, 0.0565, 0.7497, 0.0371], [0.0418, 0.0744, 0.0164, 0.0555, 0.0458, 0.7433, 0.0228], [0.0441, 0.079, 0.0755, 0.0279, 0.0499, 0.681, 0.0427], [0.086, 0.0224, 0.0563, 0.088, 0.0744, 0.6287, 0.0442], [0.0688, 0.0388, 0.0166, 0.076, 0.0434, 0.7154, 0.041], [0.0179, 0.0963, 0.0157, 0.0986, 0.0565, 0.6848, 0.0303], [0.0466, 0.0622, 0.0197, 0.0175, 0.073, 0.7273, 0.0538], [0.0138, 0.0487, 0.0716, 0.0579, 0.0889, 0.6535, 0.0656], [0.0332, 0.0912, 0.0741, 0.0634, 0.0448, 0.6294, 0.0638], [0.0718, 0.0744, 0.0851, 0.0502, 0.0533, 0.6337, 0.0315], [0.0404, 0.0154, 0.0593, 0.0306, 0.0139, 0.8274, 0.0131], [0.0566, 0.0676, 0.0452, 0.0226, 0.0433, 0.7076, 0.0571], [0.0577, 0.038, 0.0367, 0.0315, 0.0759, 0.7116, 0.0486], [0.0268, 0.082, 0.017, 0.0827, 0.0574, 0.6952, 0.0389], [0.0565, 0.0762, 0.0295, 0.0873, 0.0714, 0.6577, 0.0215], [0.0324, 0.0222, 0.0956, 0.1005, 0.0841, 0.6495, 0.0157], [0.0517, 0.0917, 0.0686, 0.0345, 0.0232, 0.6437, 0.0867], [0.0686, 0.0744, 0.0755, 0.0375, 0.0223, 0.6386, 0.0831], [0.0319, 0.021, 0.0721, 0.0177, 0.0586, 0.7601, 0.0386], [0.0273, 0.0653, 0.0677, 0.0448, 0.0423, 0.6953, 0.0575], [0.0627, 0.0708, 0.0514, 0.0835, 0.0399, 0.6175, 0.0743], [0.0442, 0.0572, 0.017, 0.0579, 0.0373, 0.7446, 0.0418], [0.0567, 0.0356, 0.0421, 0.0506, 0.0797, 0.6611, 0.0741], [0.0174, 0.0588, 0.0477, 0.0235, 0.0486, 0.7595, 0.0445], [0.0767, 0.0923, 0.0438, 0.0504, 0.0302, 0.6309, 0.0757], [0.0762, 0.0791, 0.0522, 0.0446, 0.0385, 0.6862, 0.0233], [0.0823, 0.0421, 0.0608, 0.0574, 0.0174, 0.698, 0.0419], [0.0531, 0.0721, 0.042, 0.0772, 0.0768, 0.6588, 0.02], [0.0398, 0.0608, 0.0583, 0.0302, 0.0702, 0.6793, 0.0614], [0.0628, 0.069, 0.0688, 0.0463, 0.0806, 0.5882, 0.0843], [0.0843, 0.0436, 0.0475, 0.0666, 0.0135, 0.7102, 0.0343], [0.0626, 0.0846, 0.0369, 0.0766, 0.0812, 0.6252, 0.0329], [0.0165, 0.0512, 0.0669, 0.0278, 0.0705, 0.6921, 0.0749], [0.0232, 0.0237, 0.0427, 0.0712, 0.0286, 0.7538, 0.0567], [0.0345, 0.0189, 0.022, 0.0612, 0.0859, 0.7484, 0.0292], [0.0368, 0.0729, 0.0532, 0.0673, 0.0648, 0.6883, 0.0168], [0.0596, 0.0126, 0.0286, 0.0128, 0.06, 0.7782, 0.0483], [0.0476, 0.0574, 0.0657, 0.0464, 0.0154, 0.7318, 0.0357], [0.0176, 0.0487, 0.0965, 0.0418, 0.0601, 0.7078, 0.0275], [0.0761, 0.0219, 0.0304, 0.0601, 0.0219, 0.7463, 0.0433], [0.0726, 0.0446, 0.0491, 0.0241, 0.0413, 0.7486, 0.0196], [0.0292, 0.0411, 0.0806, 0.0379, 0.0335, 0.7431, 0.0345], [0.0465, 0.0138, 0.0139, 0.0828, 0.077, 0.7248, 0.0411], [0.0481, 0.0776, 0.0281, 0.0573, 0.0582, 0.6531, 0.0777], [0.04, 0.0361, 0.0639, 0.0572, 0.0569, 0.7206, 0.0252], [0.061, 0.0701, 0.067, 0.0363, 0.0463, 0.6742, 0.0452], [0.0202, 0.0445, 0.0431, 0.0566, 0.0685, 0.6992, 0.0679], [0.0445, 0.0526, 0.0562, 0.0139, 0.0152, 0.7651, 0.0525], [0.0467, 0.0561, 0.0325, 0.0717, 0.0849, 0.6761, 0.032], [0.0718, 0.0519, 0.0406, 0.0142, 0.0496, 0.7539, 0.0181], [0.0415, 0.0697, 0.0191, 0.0415, 0.0299, 0.7501, 0.0482], [0.027, 0.0471, 0.0182, 0.0469, 0.0153, 0.7699, 0.0755], [0.0831, 0.0489, 0.0192, 0.0359, 0.0822, 0.7136, 0.0171], [0.0548, 0.09, 0.0291, 0.023, 0.0341, 0.7133, 0.0558], [0.0276, 0.0757, 0.032, 0.0502, 0.0811, 0.6965, 0.037], [0.0377, 0.0878, 0.0859, 0.0227, 0.0501, 0.6248, 0.091], [0.03, 0.0696, 0.08, 0.0466, 0.066, 0.6645, 0.0432], [0.0159, 0.0781, 0.0301, 0.0429, 0.0586, 0.7007, 0.0735], [0.0353, 0.0273, 0.0446, 0.0393, 0.0493, 0.7317, 0.0725], [0.0811, 0.0453, 0.0368, 0.0679, 0.047, 0.6765, 0.0454], [0.0228, 0.0141, 0.0137, 0.0446, 0.0341, 0.8336, 0.0371], [0.03, 0.0169, 0.0634, 0.0586, 0.0642, 0.7093, 0.0575], [0.0264, 0.0637, 0.0541, 0.0598, 0.0438, 0.7355, 0.0167], [0.0143, 0.0791, 0.0296, 0.0625, 0.0936, 0.6683, 0.0525], [0.0694, 0.0575, 0.0174, 0.0249, 0.0402, 0.7228, 0.0677], [0.0445, 0.0197, 0.0158, 0.069, 0.04, 0.7293, 0.0817], [0.085, 0.0287, 0.0156, 0.0289, 0.0221, 0.8003, 0.0193], [0.0845, 0.0625, 0.0611, 0.047, 0.0799, 0.5956, 0.0693], [0.0268, 0.0949, 0.078, 0.0465, 0.0498, 0.6356, 0.0684], [0.0394, 0.071, 0.0472, 0.0773, 0.0883, 0.5959, 0.081], [0.0412, 0.0421, 0.0464, 0.0813, 0.0727, 0.6468, 0.0696], [0.0452, 0.0207, 0.0709, 0.0126, 0.0452, 0.7513, 0.054], [0.0834, 0.028, 0.0627, 0.0837, 0.0847, 0.6163, 0.0412], [0.0523, 0.0556, 0.0295, 0.0774, 0.0586, 0.6739, 0.0528], [0.0558, 0.0587, 0.0691, 0.0236, 0.0349, 0.6904, 0.0676], [0.0398, 0.042, 0.0857, 0.0352, 0.0674, 0.6748, 0.0552], [0.0334, 0.0599, 0.0296, 0.0656, 0.0625, 0.7346, 0.0144], [0.0543, 0.0272, 0.033, 0.0231, 0.0375, 0.8114, 0.0135]], "emotions": ["purple", "purple", "purple", "purple", "purple", "purple", "purple", "purple", "purple", "purple", "purple", "purple", "purple", "purple", "purple", "purple", "purple", "purple", "purple", "purple", "purple", "purple", "purple", "purple", "purple", "purple", "purple", "purple", "purple", "purple", "purple", "purple", "purple", "purple", "purple", "purple", "purple", "purple", "purple", "purple", "purple", "purple", "purple", "purple", "purple", "purple", "purple", "purple", "purple", "purple", "purple", "purple", "purple", "purple", "purple", "purple", "purple", "purple", "purple", "purple", "purple", "purple", "purple", "purple", "purple", "purple", "purple", "purple", "purple", "purple", "purple", "purple", "purple", "purple", "purple", "purple", "purple", "purple", "purple", "purple"], "timestamps": [0, 40, 80, 120, 160, 200, 240, 280, 320, 360, 400, 440, 480, 520, 560, 600, 640, 680, 720, 760, 800, 840, 880, 920, 960, 1000, 1040, 1080, 1120, 1160, 1200, 1240, 1280, 1320, 1360, 1400, 1440, 1480, 1520, 1560, 1600, 1640, 1680, 1720, 1760, 1800, 1840, 1880, 1920, 1960, 2000, 2040, 2080, 2120, 2160, 2200, 2240, 2280, 2320, 2360, 2400, 2440, 2480, 2520, 2560, 2600, 2640, 2680, 2720, 2760, 2800, 2840, 2880, 2920, 2960, 3000, 3040, 3080, 3120, 3160]}], "conversation": [], "conversation_timestamps": []}