{"agent_id": "agent-red-336", "type": "red", "trips": [{"trip_id": 0, "transport_method": "car", "start_time": 0, "path": [[1.4860127, 42.4544055], [1.4864782, 42.4531903], [1.486711, 42.4525237], [1.4869971, 42.453815], [1.4866754, 42.4552005], [1.486601, 42.4556069], [1.4866598, 42.4562097], [1.4871947, 42.4575148], [1.4881316, 42.458571], [1.4889989, 42.4597128], [1.4897772, 42.4609153], [1.4903948, 42.4618395], [1.4908644, 42.4622417], [1.4909367, 42.463531], [1.4910211, 42.4649], [1.4918183, 42.4659971], [1.4916708, 42.4671277], [1.4917368, 42.4684998], [1.4920477, 42.4698855], [1.4915693, 42.4712246], [1.4908925, 42.4724895], [1.4905046, 42.4738467], [1.4908332, 42.4752237], [1.4906146, 42.4765866], [1.49039, 42.4780035], [1.4901654, 42.4794204], [1.4899408, 42.4808373], [1.4896206, 42.4816634], [1.4893991, 42.4802509], [1.4896888, 42.4788829], [1.4904179, 42.4776483], [1.4906146, 42.4766836], [1.4905014, 42.4781137], [1.4903881, 42.4795438], [1.4902748, 42.4809739], [1.4901615, 42.4824039], [1.4907553, 42.4836725], [1.4916439, 42.4846823], [1.492529, 42.4856615], [1.4930849, 42.4869824], [1.4937793, 42.4882376], [1.4944834, 42.4894875], [1.4950794, 42.4907759], [1.4961307, 42.4917347], [1.4971741, 42.4927147], [1.4982933, 42.4936001], [1.4988435, 42.4947177], [1.4993449, 42.4957126], [1.5006122, 42.4963841], [1.5018808, 42.4969225], [1.5031426, 42.4975984], [1.5044426, 42.4982039], [1.505744, 42.4988054], [1.5070323, 42.4994359], [1.5083054, 42.5000827], [1.5095988, 42.500703], [1.5095266, 42.5006615], [1.5108288, 42.5012636], [1.5104064, 42.5011111], [1.5111566, 42.5014962], [1.5118792, 42.5018709], [1.5130499, 42.5026988], [1.5140119, 42.5037433], [1.5149697, 42.5047765], [1.5161376, 42.5054866], [1.517425, 42.5060019], [1.5185426, 42.5066677], [1.5197425, 42.5073941], [1.5211436, 42.50751], [1.5224567, 42.5077313], [1.5238664, 42.5077776], [1.5252686, 42.5080297], [1.526567, 42.5084992], [1.5279245, 42.5088375], [1.5289883, 42.5097887], [1.5302248, 42.5102223], [1.5315965, 42.5104829], [1.5329599, 42.5109287], [1.5339751, 42.5118203], [1.5333779, 42.5114718]], "mood_vectors": [[0.8028, 0.0615, 0.0269, 0.0603, 0.0195, 0.016, 0.013], [0.7403, 0.032, 0.0537, 0.0302, 0.0639, 0.0159, 0.064], [0.6136, 0.0356, 0.063, 0.0713, 0.0757, 0.0671, 0.0737], [0.7045, 0.0203, 0.0768, 0.0658, 0.0173, 0.0748, 0.0405], [0.7801, 0.0276, 0.0276, 0.0501, 0.0418, 0.0251, 0.0478], [0.7086, 0.0385, 0.0166, 0.0804, 0.0855, 0.0561, 0.0143], [0.7352, 0.0737, 0.0463, 0.0262, 0.0491, 0.0255, 0.0438], [0.7029, 0.0289, 0.0435, 0.0199, 0.0915, 0.0587, 0.0547], [0.6977, 0.0691, 0.0243, 0.0575, 0.0769, 0.061, 0.0135], [0.7091, 0.0657, 0.0319, 0.0614, 0.0406, 0.028, 0.0633], [0.6081, 0.0738, 0.0668, 0.057, 0.0752, 0.0497, 0.0694], [0.7506, 0.0294, 0.0584, 0.0388, 0.0579, 0.0129, 0.0519], [0.592, 0.0777, 0.0812, 0.0801, 0.0827, 0.0437, 0.0426], [0.6977, 0.0241, 0.0469, 0.0794, 0.0239, 0.0661, 0.0619], [0.7029, 0.0203, 0.072, 0.0359, 0.0716, 0.041, 0.0564], [0.7112, 0.0666, 0.0247, 0.0612, 0.0638, 0.0122, 0.0605], [0.781, 0.0782, 0.0335, 0.0451, 0.0235, 0.0145, 0.0242], [0.7764, 0.0463, 0.0145, 0.0246, 0.0608, 0.0592, 0.0183], [0.7695, 0.0445, 0.0286, 0.0323, 0.082, 0.0223, 0.0208], [0.7655, 0.0682, 0.0366, 0.0455, 0.0131, 0.0273, 0.0437], [0.7651, 0.0593, 0.0325, 0.0198, 0.0325, 0.0253, 0.0655], [0.7008, 0.0174, 0.0603, 0.0623, 0.0601, 0.0694, 0.0297], [0.6136, 0.0839, 0.0512, 0.0701, 0.0638, 0.0355, 0.082], [0.7404, 0.034, 0.0244, 0.0279, 0.0637, 0.0453, 0.0643], [0.6527, 0.0231, 0.0469, 0.0446, 0.0651, 0.0958, 0.0718], [0.6741, 0.069, 0.0238, 0.0621, 0.0277, 0.0537, 0.0896], [0.7185, 0.0512, 0.046, 0.0143, 0.0192, 0.0725, 0.0784], [0.7189, 0.0473, 0.0235, 0.018, 0.0737, 0.0639, 0.0547], [0.6988, 0.046, 0.0175, 0.0729, 0.0342, 0.074, 0.0566], [0.7269, 0.0133, 0.0719, 0.0581, 0.0152, 0.0492, 0.0654], [0.7527, 0.0279, 0.0361, 0.0792, 0.0217, 0.0165, 0.0659], [0.6773, 0.0222, 0.0469, 0.0941, 0.091, 0.0424, 0.0263], [0.7002, 0.029, 0.0585, 0.0378, 0.0748, 0.0286, 0.0712], [0.5933, 0.0401, 0.0606, 0.0411, 0.0829, 0.0921, 0.0899], [0.7084, 0.0516, 0.0207, 0.0576, 0.0632, 0.0473, 0.0511], [0.6989, 0.0163, 0.0535, 0.0469, 0.0684, 0.0529, 0.063], [0.6121, 0.0492, 0.0302, 0.0653, 0.0964, 0.0791, 0.0677], [0.6767, 0.0835, 0.0171, 0.0566, 0.0871, 0.039, 0.0401], [0.7184, 0.0468, 0.0254, 0.0809, 0.0724, 0.0333, 0.0227], [0.6988, 0.0449, 0.0547, 0.0115, 0.0528, 0.0693, 0.0681], [0.6632, 0.0391, 0.0592, 0.0544, 0.0667, 0.0326, 0.0849], [0.6322, 0.0622, 0.0298, 0.0559, 0.0852, 0.071, 0.0637], [0.7666, 0.0287, 0.0811, 0.029, 0.0147, 0.0551, 0.0248], [0.6903, 0.0384, 0.0461, 0.0624, 0.0535, 0.0316, 0.0777], [0.7478, 0.0161, 0.0154, 0.0204, 0.0285, 0.0816, 0.0902], [0.6931, 0.0429, 0.0236, 0.0999, 0.0249, 0.0805, 0.0351], [0.6872, 0.078, 0.0478, 0.0396, 0.0188, 0.0835, 0.0451], [0.7141, 0.0629, 0.0452, 0.0474, 0.0443, 0.0428, 0.0433], [0.7009, 0.0598, 0.0608, 0.064, 0.0197, 0.0599, 0.035], [0.6942, 0.0485, 0.0444, 0.0449, 0.0549, 0.0514, 0.0618], [0.6572, 0.0476, 0.0707, 0.0586, 0.0715, 0.0787, 0.0157], [0.6235, 0.0406, 0.0774, 0.0733, 0.0779, 0.0487, 0.0585], [0.7157, 0.046, 0.0212, 0.0484, 0.0508, 0.0373, 0.0806], [0.7054, 0.0607, 0.0697, 0.0151, 0.0684, 0.0611, 0.0196], [0.6072, 0.0649, 0.0584, 0.0797, 0.0899, 0.0506, 0.0494], [0.777, 0.0463, 0.0202, 0.0173, 0.0278, 0.0527, 0.0587], [0.7256, 0.0768, 0.0249, 0.0498, 0.0367, 0.0124, 0.0737], [0.7828, 0.015, 0.0761, 0.0139, 0.0409, 0.0142, 0.0571], [0.688, 0.0571, 0.0379, 0.0632, 0.0356, 0.0493, 0.0688], [0.6832, 0.0761, 0.0283, 0.0837, 0.0357, 0.0556, 0.0374], [0.7402, 0.0215, 0.0359, 0.022, 0.0632, 0.0717, 0.0455], [0.6707, 0.0624, 0.0515, 0.0345, 0.0542, 0.0658, 0.0609], [0.6417, 0.0861, 0.0419, 0.0735, 0.0259, 0.0655, 0.0654], [0.6761, 0.0303, 0.0709, 0.0166, 0.0527, 0.0666, 0.0868], [0.67, 0.0527, 0.0551, 0.0346, 0.1053, 0.0276, 0.0547], [0.6828, 0.0627, 0.0757, 0.0434, 0.0334, 0.0491, 0.053], [0.67, 0.0402, 0.0421, 0.0325, 0.0645, 0.0807, 0.07], [0.725, 0.0469, 0.0231, 0.0856, 0.0582, 0.0185, 0.0427], [0.7452, 0.035, 0.0611, 0.0204, 0.0373, 0.028, 0.0729], [0.7289, 0.0373, 0.057, 0.026, 0.0314, 0.0951, 0.0243], [0.7029, 0.0317, 0.0844, 0.0347, 0.031, 0.0208, 0.0946], [0.7495, 0.0329, 0.0268, 0.0683, 0.023, 0.0752, 0.0243], [0.671, 0.0314, 0.0338, 0.0681, 0.0366, 0.0897, 0.0694], [0.758, 0.0427, 0.0398, 0.0364, 0.0269, 0.0287, 0.0675], [0.7711, 0.0396, 0.0394, 0.0133, 0.0154, 0.0487, 0.0725], [0.698, 0.0708, 0.0352, 0.0148, 0.0637, 0.0779, 0.0394], [0.7425, 0.0595, 0.0299, 0.044, 0.0514, 0.0201, 0.0526], [0.8009, 0.0565, 0.0216, 0.0419, 0.0139, 0.0456, 0.0195], [0.6724, 0.0436, 0.0669, 0.0833, 0.0162, 0.0362, 0.0814], [0.6599, 0.0601, 0.0141, 0.0615, 0.0519, 0.0782, 0.0743]], "emotions": ["red", "red", "red", "red", "red", "red", "red", "red", "red", "red", "red", "red", "red", "red", "red", "red", "red", "red", "red", "red", "red", "red", "red", "red", "red", "red", "red", "red", "red", "red", "red", "red", "red", "red", "red", "red", "red", "red", "red", "red", "red", "red", "red", "red", "red", "red", "red", "red", "red", "red", "red", "red", "red", "red", "red", "red", "red", "red", "red", "red", "red", "red", "red", "red", "red", "red", "red", "red", "red", "red", "red", "red", "red", "red", "red", "red", "red", "red", "red", "red"], "timestamps": [0, 40, 80, 120, 160, 200, 240, 280, 320, 360, 400, 440, 480, 520, 560, 600, 640, 680, 720, 760, 800, 840, 880, 920, 960, 1000, 1040, 1080, 1120, 1160, 1200, 1240, 1280, 1320, 1360, 1400, 1440, 1480, 1520, 1560, 1600, 1640, 1680, 1720, 1760, 1800, 1840, 1880, 1920, 1960, 2000, 2040, 2080, 2120, 2160, 2200, 2240, 2280, 2320, 2360, 2400, 2440, 2480, 2520, 2560, 2600, 2640, 2680, 2720, 2760, 2800, 2840, 2880, 2920, 2960, 3000, 3040, 3080, 3120, 3160]}], "conversation": [], "conversation_timestamps": []}