{"agent_id": "agent-blue-670", "type": "blue", "trips": [{"trip_id": 0, "transport_method": "foot", "start_time": 0, "path": [[1.5167138, 42.5424644], [1.51725, 42.5418092], [1.5179451, 42.5413675], [1.5187299, 42.5410408], [1.5190416, 42.5403751], [1.5184147, 42.5409499], [1.5177877, 42.5415247], [1.5171608, 42.5420995], [1.5167627, 42.5427607], [1.516539, 42.5435081], [1.516933, 42.5431912], [1.5173796, 42.5424832], [1.5178706, 42.5417939], [1.5186519, 42.5414653], [1.5192953, 42.5409961], [1.5193376, 42.5402103], [1.5194568, 42.5393826], [1.5193639, 42.5393974], [1.5193967, 42.540071], [1.5194828, 42.5392248], [1.519569, 42.5383786], [1.5198813, 42.5375888], [1.5202446, 42.5368231], [1.5208108, 42.5362027], [1.5212241, 42.535638], [1.5205739, 42.5350906], [1.5199626, 42.5344993], [1.51948, 42.5338244], [1.5197238, 42.5330213], [1.5195975, 42.5321933], [1.5196654, 42.5313591], [1.5198246, 42.5307421], [1.5195523, 42.5315313], [1.519629, 42.5313191], [1.5197287, 42.5304745], [1.5200901, 42.5299311], [1.5205957, 42.5292657], [1.520576, 42.5284346], [1.5201054, 42.5277307], [1.5200675, 42.5269444], [1.5205347, 42.5262418], [1.5206098, 42.5253979], [1.5206963, 42.5245565], [1.5211432, 42.5238367], [1.5216704, 42.5231719], [1.5219759, 42.5223819], [1.5225834, 42.5218004], [1.5232389, 42.521268], [1.5236628, 42.5205313], [1.5239527, 42.5197405], [1.5244061, 42.5190767], [1.5250849, 42.5185643], [1.5257399, 42.5180227], [1.5264311, 42.517541], [1.5272156, 42.5172126], [1.5279867, 42.5168537], [1.5287111, 42.5166926], [1.5294749, 42.5164077], [1.5301866, 42.5159552], [1.5308955, 42.5155075], [1.5315845, 42.5150139], [1.5321827, 42.5144153], [1.5328962, 42.5139629], [1.5337102, 42.5137248], [1.5345387, 42.5135426], [1.5353807, 42.5134234], [1.5362016, 42.5132284], [1.5370018, 42.5129457], [1.5378218, 42.512724], [1.5386567, 42.5125611], [1.5379651, 42.5127129], [1.538201, 42.5125929], [1.5390151, 42.5123462], [1.5391683, 42.512547], [1.539981, 42.5124424], [1.5394306, 42.5125855], [1.5400952, 42.5125005], [1.5409274, 42.5124242], [1.5416847, 42.5126468], [1.5415819, 42.5130864]], "mood_vectors": [[0.0371, 0.0479, 0.0234, 0.7415, 0.0758, 0.0225, 0.0519], [0.0436, 0.0707, 0.0484, 0.6629, 0.0478, 0.0978, 0.0287], [0.0595, 0.05, 0.07, 0.7103, 0.0254, 0.0134, 0.0714], [0.0304, 0.045, 0.0521, 0.6875, 0.0511, 0.081, 0.0529], [0.0855, 0.0512, 0.0426, 0.6598, 0.074, 0.0216, 0.0653], [0.0819, 0.0666, 0.0188, 0.7403, 0.0319, 0.0326, 0.0279], [0.0155, 0.0177, 0.074, 0.7708, 0.0507, 0.0136, 0.0577], [0.0762, 0.0333, 0.0235, 0.7456, 0.0649, 0.0127, 0.0437], [0.0437, 0.0554, 0.0702, 0.6649, 0.0474, 0.0432, 0.0752], [0.0358, 0.0214, 0.0383, 0.7726, 0.07, 0.0181, 0.0436], [0.0508, 0.0263, 0.0575, 0.6907, 0.0523, 0.0689, 0.0535], [0.0171, 0.0314, 0.0805, 0.7129, 0.0284, 0.0912, 0.0384], [0.0463, 0.0626, 0.0441, 0.6954, 0.0229, 0.0267, 0.102], [0.0244, 0.0671, 0.0158, 0.6937, 0.0705, 0.0587, 0.0699], [0.0887, 0.0347, 0.0646, 0.6744, 0.079, 0.0156, 0.0431], [0.0679, 0.0653, 0.0489, 0.6302, 0.0814, 0.0405, 0.0658], [0.0376, 0.0878, 0.075, 0.6114, 0.0617, 0.0811, 0.0453], [0.0231, 0.0714, 0.0729, 0.7537, 0.042, 0.0178, 0.019], [0.0482, 0.0783, 0.0649, 0.6771, 0.0154, 0.0514, 0.0647], [0.0166, 0.0694, 0.0474, 0.7292, 0.0602, 0.0199, 0.0573], [0.0324, 0.039, 0.0636, 0.6563, 0.0946, 0.0278, 0.0862], [0.0314, 0.0867, 0.0457, 0.707, 0.0303, 0.0475, 0.0514], [0.0528, 0.063, 0.0206, 0.7217, 0.0516, 0.0509, 0.0394], [0.0447, 0.0667, 0.0406, 0.6705, 0.0496, 0.0741, 0.0539], [0.0574, 0.0154, 0.0415, 0.7249, 0.0604, 0.0276, 0.0728], [0.0902, 0.0753, 0.0683, 0.6292, 0.0401, 0.0548, 0.0422], [0.0282, 0.0506, 0.0886, 0.7174, 0.0168, 0.0777, 0.0207], [0.0489, 0.0659, 0.0347, 0.6755, 0.079, 0.0166, 0.0793], [0.0322, 0.0321, 0.0455, 0.7234, 0.0188, 0.0768, 0.0712], [0.0783, 0.049, 0.0537, 0.6979, 0.0238, 0.0827, 0.0146], [0.044, 0.0693, 0.046, 0.7324, 0.0192, 0.0416, 0.0476], [0.0593, 0.0454, 0.0193, 0.7324, 0.0326, 0.0579, 0.0532], [0.0808, 0.0762, 0.0201, 0.6894, 0.0685, 0.0199, 0.045], [0.0298, 0.0426, 0.0204, 0.7558, 0.0512, 0.0594, 0.0408], [0.07, 0.0478, 0.0339, 0.731, 0.0594, 0.023, 0.0349], [0.0685, 0.0389, 0.0121, 0.7324, 0.0551, 0.055, 0.038], [0.043, 0.0554, 0.0338, 0.6734, 0.0726, 0.087, 0.0347], [0.0801, 0.0662, 0.0367, 0.6826, 0.0366, 0.0287, 0.069], [0.0564, 0.0283, 0.0322, 0.7244, 0.0366, 0.0707, 0.0513], [0.0254, 0.0803, 0.0678, 0.6837, 0.0191, 0.0445, 0.0792], [0.013, 0.0214, 0.0547, 0.7633, 0.04, 0.0219, 0.0857], [0.0345, 0.0527, 0.0622, 0.6661, 0.0837, 0.0789, 0.0218], [0.0612, 0.075, 0.03, 0.6611, 0.075, 0.0758, 0.0219], [0.085, 0.0625, 0.0228, 0.6868, 0.0434, 0.0269, 0.0726], [0.0891, 0.0141, 0.0464, 0.6094, 0.0886, 0.0836, 0.0688], [0.0208, 0.048, 0.0616, 0.6964, 0.0671, 0.0777, 0.0286], [0.0199, 0.0343, 0.0692, 0.7199, 0.0703, 0.0723, 0.014], [0.0871, 0.0543, 0.0502, 0.6958, 0.0212, 0.0726, 0.0188], [0.0745, 0.031, 0.0498, 0.7162, 0.0167, 0.0352, 0.0766], [0.0528, 0.0724, 0.0174, 0.7373, 0.0644, 0.0421, 0.0136], [0.051, 0.0609, 0.0208, 0.7084, 0.0639, 0.0504, 0.0447], [0.074, 0.0618, 0.0608, 0.6552, 0.0359, 0.0438, 0.0685], [0.0491, 0.0323, 0.0495, 0.7787, 0.0283, 0.0171, 0.0449], [0.0556, 0.08, 0.0417, 0.6348, 0.0696, 0.0389, 0.0793], [0.0596, 0.0348, 0.0518, 0.6693, 0.0656, 0.0587, 0.0601], [0.0563, 0.0914, 0.03, 0.7276, 0.0396, 0.0332, 0.0219], [0.0362, 0.0699, 0.0383, 0.7218, 0.0695, 0.0338, 0.0304], [0.0378, 0.0828, 0.016, 0.6601, 0.0868, 0.0708, 0.0458], [0.0233, 0.0642, 0.0395, 0.696, 0.0546, 0.0836, 0.0388], [0.0335, 0.0514, 0.0264, 0.7201, 0.0619, 0.051, 0.0558], [0.0848, 0.0435, 0.0294, 0.6873, 0.0791, 0.0253, 0.0507], [0.0235, 0.0461, 0.017, 0.6855, 0.0716, 0.0827, 0.0737], [0.0234, 0.0291, 0.0286, 0.8014, 0.0808, 0.0167, 0.0201], [0.075, 0.044, 0.0711, 0.6496, 0.0298, 0.0737, 0.0567], [0.039, 0.0331, 0.0993, 0.6347, 0.0793, 0.0491, 0.0656], [0.0463, 0.0758, 0.0355, 0.6398, 0.0627, 0.0802, 0.0598], [0.0202, 0.0414, 0.044, 0.7715, 0.0264, 0.0178, 0.0786], [0.0233, 0.0274, 0.0788, 0.7258, 0.0372, 0.0502, 0.0573], [0.0411, 0.0245, 0.0741, 0.7288, 0.074, 0.04, 0.0175], [0.055, 0.058, 0.0569, 0.6611, 0.0749, 0.0591, 0.035], [0.0914, 0.058, 0.0634, 0.6741, 0.0403, 0.029, 0.0438], [0.0413, 0.0366, 0.0742, 0.7366, 0.0223, 0.0567, 0.0323], [0.0704, 0.0343, 0.0563, 0.7189, 0.0252, 0.0238, 0.0712], [0.0453, 0.0604, 0.0342, 0.7158, 0.0635, 0.027, 0.0539], [0.0689, 0.0485, 0.0429, 0.6897, 0.046, 0.0408, 0.0632], [0.0358, 0.0427, 0.0658, 0.7138, 0.0347, 0.0362, 0.071], [0.037, 0.0354, 0.026, 0.7373, 0.0746, 0.0395, 0.0503], [0.0356, 0.0689, 0.0926, 0.7009, 0.0352, 0.0143, 0.0525], [0.0189, 0.056, 0.033, 0.7431, 0.0585, 0.0551, 0.0353], [0.0506, 0.0239, 0.0713, 0.723, 0.0465, 0.0137, 0.0709]], "emotions": ["green", "green", "green", "green", "green", "green", "green", "green", "green", "green", "green", "green", "green", "green", "green", "green", "green", "green", "green", "green", "green", "green", "green", "green", "green", "green", "green", "green", "green", "green", "green", "green", "green", "green", "green", "green", "green", "green", "green", "green", "green", "green", "green", "green", "green", "green", "green", "green", "green", "green", "green", "green", "green", "green", "green", "green", "green", "green", "green", "green", "green", "green", "green", "green", "green", "green", "green", "green", "green", "green", "green", "green", "green", "green", "green", "green", "green", "green", "green", "green"], "timestamps": [0, 40, 80, 120, 160, 200, 240, 280, 320, 360, 400, 440, 480, 520, 560, 600, 640, 680, 720, 760, 800, 840, 880, 920, 960, 1000, 1040, 1080, 1120, 1160, 1200, 1240, 1280, 1320, 1360, 1400, 1440, 1480, 1520, 1560, 1600, 1640, 1680, 1720, 1760, 1800, 1840, 1880, 1920, 1960, 2000, 2040, 2080, 2120, 2160, 2200, 2240, 2280, 2320, 2360, 2400, 2440, 2480, 2520, 2560, 2600, 2640, 2680, 2720, 2760, 2800, 2840, 2880, 2920, 2960, 3000, 3040, 3080, 3120, 3160]}], "conversation": [], "conversation_timestamps": []}