{"agent_id": "agent-orange-1813", "type": "orange", "trips": [{"trip_id": 0, "transport_method": "bus", "start_time": 0, "path": [[1.6664071, 42.5781523], [1.6654813, 42.5778891], [1.6641663, 42.5774916], [1.6614359, 42.5777157], [1.6587839, 42.5774675], [1.6582907, 42.5788761], [1.6558155, 42.5777002], [1.6530746, 42.5780187], [1.6539096, 42.5777676], [1.6513222, 42.5784422], [1.6488946, 42.5796425], [1.6482103, 42.5799409], [1.6455027, 42.5798199], [1.642719, 42.5795321], [1.6399558, 42.5792381], [1.6372519, 42.5788565], [1.6350883, 42.5783082], [1.63662, 42.5787219], [1.6338881, 42.5781268], [1.631119, 42.5785119], [1.6284861, 42.5777184], [1.6259286, 42.5770445], [1.6270445, 42.5777855], [1.624689, 42.5762737], [1.6220933, 42.5753407], [1.6196096, 42.5742142], [1.6170956, 42.5730969], [1.61456, 42.5723368], [1.6118138, 42.5718948], [1.6091345, 42.5715025], [1.6069814, 42.5708258], [1.6049165, 42.5697178], [1.6029721, 42.5681397], [1.6006799, 42.5665787], [1.6014234, 42.5672981], [1.5992044, 42.5656437], [1.597005, 42.5645403], [1.5943569, 42.5637338], [1.5937784, 42.5614776], [1.5933345, 42.559017], [1.5916426, 42.5572897], [1.5912752, 42.5546502], [1.5911411, 42.5527016], [1.5919979, 42.550146], [1.592109, 42.5475722], [1.5916372, 42.5449964], [1.5916244, 42.5423034], [1.5918819, 42.5399127], [1.5907851, 42.5376017], [1.5886364, 42.5360118], [1.5877894, 42.5350179], [1.5859385, 42.5339457], [1.5846069, 42.5329453], [1.582195, 42.5316872], [1.5793947, 42.5317857], [1.5765999, 42.531653], [1.5741065, 42.5305961], [1.5739663, 42.5307999], [1.5735043, 42.5300465], [1.5710675, 42.5291802], [1.5701303, 42.5284147], [1.5703161, 42.5287031], [1.5679839, 42.5271496], [1.5688513, 42.5276426], [1.5665309, 42.526072], [1.5639845, 42.5250091], [1.5617392, 42.52347], [1.5594843, 42.5218707], [1.5573846, 42.5200419], [1.5561021, 42.5185673], [1.5555273, 42.5182045], [1.5541572, 42.5171931], [1.5540014, 42.5170462], [1.5527012, 42.5146183], [1.5511021, 42.5126691], [1.54873, 42.5118312], [1.5460651, 42.5110324], [1.5439845, 42.509663], [1.541933, 42.5105755], [1.5399972, 42.5118703]], "mood_vectors": [[0.0657, 0.098, 0.046, 0.0181, 0.6746, 0.0693, 0.0283], [0.0323, 0.019, 0.0741, 0.0384, 0.7706, 0.0378, 0.0278], [0.0652, 0.0365, 0.0276, 0.0407, 0.725, 0.0733, 0.0317], [0.0741, 0.023, 0.0388, 0.0727, 0.6639, 0.0736, 0.0539], [0.0427, 0.0156, 0.084, 0.0695, 0.6299, 0.0805, 0.0776], [0.0308, 0.0438, 0.0476, 0.0544, 0.7097, 0.0258, 0.0878], [0.0616, 0.0753, 0.0215, 0.0661, 0.6905, 0.0428, 0.0422], [0.0417, 0.0463, 0.0829, 0.0234, 0.6813, 0.0442, 0.0802], [0.0199, 0.0364, 0.0362, 0.0634, 0.7031, 0.0697, 0.0712], [0.0682, 0.0396, 0.0548, 0.0479, 0.6914, 0.0558, 0.0423], [0.0653, 0.0313, 0.0259, 0.0493, 0.749, 0.0417, 0.0376], [0.0419, 0.0295, 0.0221, 0.0771, 0.7033, 0.0678, 0.0583], [0.0556, 0.0148, 0.0739, 0.0679, 0.6794, 0.0206, 0.0878], [0.0452, 0.0735, 0.0407, 0.0797, 0.6426, 0.0856, 0.0327], [0.0216, 0.0582, 0.0261, 0.066, 0.7223, 0.061, 0.0447], [0.0481, 0.0352, 0.0784, 0.017, 0.7344, 0.0435, 0.0434], [0.0355, 0.0221, 0.039, 0.03, 0.7538, 0.0256, 0.094], [0.0927, 0.0343, 0.0473, 0.0474, 0.682, 0.0789, 0.0173], [0.071, 0.0601, 0.0332, 0.0496, 0.6347, 0.0746, 0.0768], [0.0429, 0.0264, 0.0424, 0.0672, 0.7201, 0.0293, 0.0718], [0.0202, 0.0634, 0.0623, 0.0153, 0.7361, 0.0412, 0.0616], [0.0625, 0.082, 0.0223, 0.0389, 0.6163, 0.0858, 0.0922], [0.0357, 0.0694, 0.0272, 0.0856, 0.6478, 0.05, 0.0843], [0.016, 0.0841, 0.0632, 0.0538, 0.6944, 0.062, 0.0264], [0.0168, 0.0559, 0.068, 0.0309, 0.7581, 0.0498, 0.0206], [0.0702, 0.0543, 0.0293, 0.0206, 0.7037, 0.0938, 0.0281], [0.0281, 0.0471, 0.0535, 0.058, 0.7578, 0.0226, 0.033], [0.0546, 0.0442, 0.0238, 0.0815, 0.755, 0.023, 0.018], [0.0582, 0.0257, 0.0766, 0.0798, 0.668, 0.0525, 0.0392], [0.0237, 0.0361, 0.0122, 0.0549, 0.7686, 0.0233, 0.0812], [0.0895, 0.0603, 0.0631, 0.0845, 0.5888, 0.0838, 0.03], [0.0891, 0.0528, 0.0241, 0.0513, 0.6584, 0.049, 0.0753], [0.0409, 0.0201, 0.0796, 0.042, 0.713, 0.0785, 0.0258], [0.0514, 0.028, 0.0666, 0.0716, 0.6743, 0.0427, 0.0654], [0.0186, 0.0883, 0.0642, 0.0217, 0.7403, 0.0165, 0.0504], [0.031, 0.0236, 0.0193, 0.0559, 0.7334, 0.049, 0.0878], [0.0305, 0.0408, 0.0463, 0.0775, 0.7194, 0.0267, 0.0588], [0.0784, 0.025, 0.0421, 0.0397, 0.6799, 0.0665, 0.0684], [0.0175, 0.0464, 0.0395, 0.0673, 0.7593, 0.0331, 0.0367], [0.0621, 0.065, 0.0384, 0.0644, 0.6765, 0.0381, 0.0557], [0.0622, 0.0663, 0.0575, 0.0115, 0.6581, 0.0779, 0.0665], [0.0541, 0.0269, 0.0234, 0.074, 0.696, 0.0573, 0.0683], [0.088, 0.0162, 0.0324, 0.0294, 0.7879, 0.0218, 0.0244], [0.0196, 0.0643, 0.0624, 0.0627, 0.7036, 0.0575, 0.03], [0.0666, 0.0554, 0.0307, 0.0316, 0.7269, 0.07, 0.0188], [0.0256, 0.0964, 0.0279, 0.0658, 0.6473, 0.0427, 0.0943], [0.0132, 0.0615, 0.0659, 0.0304, 0.7333, 0.0343, 0.0613], [0.018, 0.0186, 0.08, 0.0185, 0.8078, 0.014, 0.043], [0.0137, 0.0472, 0.0528, 0.0456, 0.7496, 0.0307, 0.0604], [0.0479, 0.0909, 0.0245, 0.0442, 0.7247, 0.0289, 0.039], [0.0896, 0.0563, 0.0343, 0.0248, 0.6196, 0.0852, 0.0903], [0.023, 0.0312, 0.0174, 0.0493, 0.744, 0.0458, 0.0893], [0.0285, 0.082, 0.0577, 0.0621, 0.7039, 0.0397, 0.026], [0.0416, 0.0193, 0.0542, 0.0351, 0.7538, 0.0202, 0.0758], [0.0373, 0.0195, 0.0608, 0.0487, 0.7655, 0.0507, 0.0175], [0.0417, 0.0366, 0.0742, 0.0748, 0.6765, 0.0454, 0.0509], [0.0562, 0.0249, 0.0671, 0.0419, 0.7493, 0.0468, 0.0137], [0.0513, 0.0381, 0.0441, 0.0224, 0.7531, 0.0298, 0.0612], [0.0207, 0.0256, 0.0731, 0.0815, 0.7075, 0.0473, 0.0444], [0.0362, 0.0457, 0.0471, 0.0196, 0.772, 0.0586, 0.0208], [0.083, 0.0253, 0.0246, 0.0316, 0.7404, 0.0443, 0.0508], [0.0493, 0.0569, 0.0315, 0.0441, 0.6904, 0.0689, 0.0589], [0.0751, 0.0298, 0.0421, 0.0774, 0.6277, 0.0705, 0.0773], [0.0216, 0.0535, 0.0697, 0.0635, 0.662, 0.042, 0.0877], [0.0376, 0.0157, 0.0595, 0.0629, 0.7377, 0.0693, 0.0174], [0.0143, 0.0754, 0.0302, 0.0708, 0.6685, 0.0629, 0.0779], [0.0598, 0.0402, 0.0904, 0.0555, 0.6442, 0.0189, 0.091], [0.0306, 0.078, 0.0282, 0.0318, 0.6975, 0.06, 0.074], [0.0529, 0.0705, 0.0162, 0.0139, 0.7159, 0.0575, 0.0731], [0.0973, 0.0404, 0.0731, 0.0163, 0.6782, 0.0722, 0.0225], [0.0779, 0.0156, 0.0326, 0.0473, 0.6973, 0.0564, 0.0729], [0.0448, 0.0188, 0.0213, 0.027, 0.7265, 0.0959, 0.0656], [0.0752, 0.0381, 0.0696, 0.0751, 0.6327, 0.0429, 0.0663], [0.0619, 0.0244, 0.0326, 0.0379, 0.6623, 0.099, 0.0819], [0.0439, 0.0426, 0.0434, 0.0691, 0.6997, 0.0665, 0.0349], [0.0768, 0.0445, 0.0754, 0.0271, 0.6634, 0.0433, 0.0695], [0.0741, 0.074, 0.0627, 0.0185, 0.6838, 0.0562, 0.0308], [0.0358, 0.0268, 0.0437, 0.0697, 0.7576, 0.0331, 0.0333], [0.0122, 0.0618, 0.0514, 0.0311, 0.7352, 0.072, 0.0363], [0.0353, 0.0291, 0.0663, 0.0564, 0.6792, 0.0685, 0.0652]], "emotions": ["red", "red", "red", "red", "red", "red", "red", "red", "red", "red", "red", "red", "red", "red", "red", "red", "red", "red", "red", "red", "red", "red", "red", "red", "red", "red", "red", "red", "red", "red", "red", "red", "red", "red", "red", "red", "red", "red", "red", "red", "red", "red", "red", "red", "red", "red", "red", "red", "red", "red", "red", "red", "red", "red", "red", "red", "red", "red", "red", "red", "red", "red", "red", "red", "red", "red", "red", "red", "red", "red", "red", "red", "red", "red", "red", "red", "red", "red", "red", "red"], "timestamps": [0, 40, 80, 120, 160, 200, 240, 280, 320, 360, 400, 440, 480, 520, 560, 600, 640, 680, 720, 760, 800, 840, 880, 920, 960, 1000, 1040, 1080, 1120, 1160, 1200, 1240, 1280, 1320, 1360, 1400, 1440, 1480, 1520, 1560, 1600, 1640, 1680, 1720, 1760, 1800, 1840, 1880, 1920, 1960, 2000, 2040, 2080, 2120, 2160, 2200, 2240, 2280, 2320, 2360, 2400, 2440, 2480, 2520, 2560, 2600, 2640, 2680, 2720, 2760, 2800, 2840, 2880, 2920, 2960, 3000, 3040, 3080, 3120, 3160]}], "conversation": [], "conversation_timestamps": []}