{"agent_id": "agent-red-1636", "type": "red", "trips": [{"trip_id": 0, "transport_method": "foot", "start_time": 0, "path": [[1.5725511, 42.5326717], [1.5729922, 42.532972], [1.572283, 42.5325634], [1.5716515, 42.5317938], [1.5710201, 42.5310241], [1.5707332, 42.5309299], [1.5711559, 42.5318249], [1.5717716, 42.5325747], [1.5726633, 42.5329911], [1.5721826, 42.5324298], [1.5715575, 42.531655], [1.5709324, 42.5308801], [1.5704366, 42.5300819], [1.5712342, 42.5294944], [1.5706712, 42.5288826], [1.569875, 42.528285], [1.5698666, 42.5282413], [1.5706984, 42.5287883], [1.571254, 42.5293277], [1.5704254, 42.5287759], [1.5695968, 42.528224], [1.5687683, 42.5276721], [1.5679397, 42.5271202], [1.5678734, 42.5270863], [1.5687695, 42.5275174], [1.5686542, 42.5275103], [1.5678275, 42.5269556], [1.5670008, 42.5264009], [1.5661843, 42.5258336], [1.565282, 42.5254151], [1.564323, 42.5251905], [1.5634311, 42.5247791], [1.5625345, 42.5243662], [1.5618887, 42.5236105], [1.5611164, 42.5229852], [1.5602708, 42.5224694], [1.559504, 42.5218772], [1.5587031, 42.5213063], [1.557971, 42.520632], [1.557271, 42.5199243], [1.5569271, 42.5195615], [1.5564348, 42.5189401], [1.5563495, 42.5188108], [1.5564127, 42.5190746], [1.5556538, 42.5184303], [1.5553903, 42.5180663], [1.5551143, 42.5180347], [1.5543667, 42.5173773], [1.5537439, 42.5168595], [1.5544022, 42.5175965], [1.5540622, 42.5171188], [1.5534933, 42.5163152], [1.5531129, 42.5154061], [1.5526992, 42.5145287], [1.5525276, 42.5136008], [1.5516716, 42.5131034], [1.550907, 42.512477], [1.5501463, 42.5118949], [1.5492834, 42.5114061], [1.5485738, 42.5107815], [1.5483311, 42.5098535], [1.5484818, 42.5089079], [1.5484741, 42.5079436], [1.5489794, 42.5070893], [1.5495174, 42.5067211], [1.5492853, 42.5076859], [1.5498069, 42.5074388], [1.5503326, 42.5065939], [1.5506045, 42.5067693], [1.5506708, 42.5077626], [1.550737, 42.5087559], [1.5502417, 42.5085369], [1.5504067, 42.5075943], [1.5505021, 42.5066081], [1.5506382, 42.5067929], [1.5507592, 42.507781], [1.5508802, 42.5087692], [1.5507947, 42.5093805], [1.5500659, 42.5087125], [1.5495593, 42.5086171]], "mood_vectors": [[0.5926, 0.0857, 0.0871, 0.0777, 0.076, 0.0188, 0.0621], [0.793, 0.0274, 0.0146, 0.027, 0.0887, 0.0248, 0.0245], [0.6975, 0.0488, 0.0852, 0.0527, 0.0695, 0.0301, 0.0163], [0.6246, 0.0597, 0.078, 0.0742, 0.0407, 0.0466, 0.0764], [0.6837, 0.0732, 0.0403, 0.0369, 0.0528, 0.0722, 0.0409], [0.7267, 0.0538, 0.0839, 0.0358, 0.0145, 0.0484, 0.0369], [0.7112, 0.0227, 0.0171, 0.0283, 0.0669, 0.0711, 0.0826], [0.7535, 0.0337, 0.0433, 0.032, 0.0548, 0.0384, 0.0442], [0.6819, 0.0347, 0.0693, 0.0337, 0.0706, 0.0514, 0.0585], [0.7379, 0.0588, 0.053, 0.0274, 0.0673, 0.0127, 0.0429], [0.623, 0.0712, 0.0502, 0.0825, 0.056, 0.0488, 0.0683], [0.746, 0.061, 0.0225, 0.0467, 0.0333, 0.0193, 0.0712], [0.7086, 0.0469, 0.0437, 0.0639, 0.014, 0.0403, 0.0826], [0.665, 0.0832, 0.0617, 0.0574, 0.0349, 0.0431, 0.0548], [0.684, 0.0344, 0.0629, 0.0654, 0.0544, 0.0497, 0.0492], [0.6053, 0.0292, 0.0886, 0.066, 0.0765, 0.0513, 0.0831], [0.7553, 0.0244, 0.0322, 0.0335, 0.0286, 0.0557, 0.0704], [0.7493, 0.0823, 0.0564, 0.0198, 0.0182, 0.0322, 0.0419], [0.6497, 0.0631, 0.0743, 0.0575, 0.0771, 0.0251, 0.0531], [0.6865, 0.0479, 0.0613, 0.034, 0.0652, 0.0405, 0.0647], [0.7267, 0.0588, 0.0294, 0.0783, 0.037, 0.0231, 0.0468], [0.7139, 0.0125, 0.0686, 0.02, 0.0267, 0.0794, 0.0789], [0.6762, 0.0526, 0.0353, 0.0645, 0.0475, 0.0839, 0.04], [0.737, 0.0451, 0.0135, 0.0145, 0.0387, 0.0794, 0.0718], [0.6778, 0.0808, 0.0473, 0.0211, 0.0883, 0.0264, 0.0582], [0.7454, 0.0221, 0.073, 0.022, 0.0297, 0.0151, 0.0927], [0.6836, 0.0631, 0.0945, 0.027, 0.0701, 0.0304, 0.0313], [0.6897, 0.0157, 0.075, 0.0759, 0.0676, 0.0552, 0.0209], [0.765, 0.0472, 0.0355, 0.0141, 0.0454, 0.057, 0.0359], [0.6703, 0.0252, 0.0922, 0.0137, 0.0579, 0.0777, 0.063], [0.7116, 0.0318, 0.0543, 0.0173, 0.056, 0.07, 0.059], [0.7863, 0.0332, 0.039, 0.0291, 0.0347, 0.0396, 0.038], [0.724, 0.055, 0.0652, 0.0577, 0.0253, 0.0491, 0.0237], [0.6557, 0.0305, 0.0531, 0.0807, 0.0427, 0.0797, 0.0577], [0.698, 0.0234, 0.0788, 0.0461, 0.0287, 0.0581, 0.0668], [0.7733, 0.0155, 0.0391, 0.0346, 0.0772, 0.0273, 0.0331], [0.7063, 0.0418, 0.0698, 0.0641, 0.0326, 0.0498, 0.0355], [0.7264, 0.052, 0.0279, 0.0192, 0.0521, 0.0737, 0.0486], [0.7278, 0.0167, 0.0301, 0.0193, 0.0527, 0.0726, 0.0808], [0.6763, 0.0528, 0.0571, 0.059, 0.073, 0.0456, 0.0362], [0.758, 0.0158, 0.0332, 0.0575, 0.0473, 0.0604, 0.0278], [0.6994, 0.0368, 0.0566, 0.069, 0.0196, 0.0697, 0.0489], [0.6251, 0.0725, 0.0777, 0.0236, 0.0891, 0.0501, 0.062], [0.6465, 0.073, 0.0777, 0.0147, 0.0798, 0.0428, 0.0655], [0.7432, 0.0541, 0.04, 0.0466, 0.0507, 0.0545, 0.011], [0.7481, 0.026, 0.0197, 0.0677, 0.0638, 0.0303, 0.0443], [0.8035, 0.0175, 0.0271, 0.0586, 0.0141, 0.0418, 0.0374], [0.6704, 0.0821, 0.0655, 0.0763, 0.0356, 0.0452, 0.0249], [0.6688, 0.0837, 0.0684, 0.0176, 0.0217, 0.0745, 0.0652], [0.7399, 0.0142, 0.0887, 0.0565, 0.0632, 0.0156, 0.0219], [0.7096, 0.0806, 0.0329, 0.0472, 0.0448, 0.0698, 0.0151], [0.7015, 0.0763, 0.0136, 0.043, 0.0418, 0.0477, 0.076], [0.7513, 0.0363, 0.0633, 0.041, 0.0329, 0.0434, 0.0318], [0.6693, 0.0339, 0.0394, 0.0741, 0.0357, 0.0847, 0.0628], [0.7221, 0.0142, 0.0466, 0.072, 0.0803, 0.0418, 0.0232], [0.6545, 0.0426, 0.0621, 0.0588, 0.0575, 0.0278, 0.0967], [0.6613, 0.1049, 0.0744, 0.069, 0.0261, 0.0383, 0.0262], [0.771, 0.0766, 0.0294, 0.0122, 0.0127, 0.0819, 0.0163], [0.7221, 0.0557, 0.0718, 0.0715, 0.0424, 0.014, 0.0224], [0.6852, 0.0141, 0.0291, 0.0528, 0.0835, 0.05, 0.0853], [0.6429, 0.0239, 0.0969, 0.0509, 0.0602, 0.0321, 0.0931], [0.7052, 0.0477, 0.0669, 0.0167, 0.0806, 0.0256, 0.0572], [0.6022, 0.0611, 0.0705, 0.094, 0.093, 0.0385, 0.0407], [0.7489, 0.0704, 0.0157, 0.0602, 0.0198, 0.0144, 0.0707], [0.7599, 0.0288, 0.03, 0.0146, 0.0618, 0.0571, 0.0478], [0.7356, 0.0406, 0.0364, 0.064, 0.0703, 0.017, 0.036], [0.6869, 0.0826, 0.0628, 0.0399, 0.0207, 0.0651, 0.042], [0.6254, 0.087, 0.0358, 0.0906, 0.0264, 0.0647, 0.0701], [0.6758, 0.0266, 0.0633, 0.0712, 0.0597, 0.0854, 0.0181], [0.7534, 0.0276, 0.0449, 0.0783, 0.0226, 0.0365, 0.0366], [0.713, 0.0532, 0.0511, 0.0625, 0.0259, 0.047, 0.0474], [0.7241, 0.0673, 0.029, 0.0615, 0.0302, 0.072, 0.0159], [0.6421, 0.0312, 0.0581, 0.0605, 0.0669, 0.0851, 0.0562], [0.685, 0.058, 0.0354, 0.0178, 0.0818, 0.075, 0.0471], [0.7765, 0.0783, 0.0202, 0.0235, 0.0416, 0.0406, 0.0192], [0.8137, 0.0602, 0.0141, 0.0371, 0.0375, 0.0162, 0.0212], [0.6389, 0.0512, 0.0953, 0.0474, 0.0716, 0.0145, 0.0811], [0.6899, 0.076, 0.0749, 0.0278, 0.065, 0.0413, 0.025], [0.703, 0.0491, 0.0175, 0.054, 0.0231, 0.0653, 0.088], [0.6896, 0.0672, 0.0794, 0.0261, 0.0894, 0.0279, 0.0204]], "emotions": ["red", "red", "red", "red", "red", "red", "red", "red", "red", "red", "red", "red", "red", "red", "red", "red", "red", "red", "red", "red", "red", "red", "red", "red", "red", "red", "red", "red", "red", "red", "red", "red", "red", "red", "red", "red", "red", "red", "red", "red", "red", "red", "red", "red", "red", "red", "red", "red", "red", "red", "red", "red", "red", "red", "red", "red", "red", "red", "red", "red", "red", "red", "red", "red", "red", "red", "red", "red", "red", "red", "red", "red", "red", "red", "red", "red", "red", "red", "red", "red"], "timestamps": [0, 40, 80, 120, 160, 200, 240, 280, 320, 360, 400, 440, 480, 520, 560, 600, 640, 680, 720, 760, 800, 840, 880, 920, 960, 1000, 1040, 1080, 1120, 1160, 1200, 1240, 1280, 1320, 1360, 1400, 1440, 1480, 1520, 1560, 1600, 1640, 1680, 1720, 1760, 1800, 1840, 1880, 1920, 1960, 2000, 2040, 2080, 2120, 2160, 2200, 2240, 2280, 2320, 2360, 2400, 2440, 2480, 2520, 2560, 2600, 2640, 2680, 2720, 2760, 2800, 2840, 2880, 2920, 2960, 3000, 3040, 3080, 3120, 3160]}], "conversation": [], "conversation_timestamps": []}