{"agent_id": "agent-red-1911", "type": "red", "trips": [{"trip_id": 0, "transport_method": "foot", "start_time": 0, "path": [[1.5361133, 42.5108868], [1.5358074, 42.5111051], [1.5354806, 42.5110371], [1.5351316, 42.5109001], [1.5347865, 42.5107542], [1.5344533, 42.5105804], [1.5341201, 42.5104066], [1.5337868, 42.5102328], [1.5334458, 42.5100755], [1.5330818, 42.51], [1.5327072, 42.5099703], [1.5323425, 42.5098961], [1.5319885, 42.5098147], [1.5316338, 42.5096905], [1.5312823, 42.5095579], [1.5309307, 42.5094249], [1.5305768, 42.5093769], [1.5302209, 42.5092593], [1.5298657, 42.5091365], [1.5295055, 42.5090297], [1.5291497, 42.5089215], [1.5287857, 42.5088672], [1.528423, 42.5087723], [1.5280831, 42.5086121], [1.5277375, 42.5084644], [1.5273787, 42.508365], [1.527003, 42.5083589], [1.5266277, 42.5083423], [1.5262563, 42.5082863], [1.5258877, 42.5082154], [1.5255316, 42.5081051], [1.5251734, 42.5079915], [1.524811, 42.5078926], [1.5244446, 42.5078098], [1.5240716, 42.5077724], [1.5236963, 42.5077895], [1.5233217, 42.5078185], [1.5229672, 42.5077757], [1.5225928, 42.5077431], [1.5222184, 42.5077106], [1.521901, 42.5076573], [1.5215871, 42.5075213], [1.5212114, 42.5075121], [1.5208358, 42.5075004], [1.5204731, 42.5074276], [1.5201053, 42.5074094], [1.5197418, 42.5073937], [1.5194189, 42.5072013], [1.5190811, 42.5070372], [1.5188333, 42.5067883], [1.5184897, 42.5068614], [1.5181435, 42.5067169], [1.5177866, 42.5066094], [1.5174134, 42.5065658], [1.5170392, 42.5065309], [1.516665, 42.5064962], [1.5162908, 42.5064611], [1.5159277, 42.5063697], [1.5155732, 42.5062449], [1.5152187, 42.5061201], [1.5153172, 42.5062065], [1.5156829, 42.5062853], [1.5160362, 42.5064037], [1.5157591, 42.5062962], [1.5154098, 42.5061575], [1.5150605, 42.5060189], [1.5148423, 42.5057176], [1.5146502, 42.5053974], [1.5145262, 42.5050427], [1.5142961, 42.5047692], [1.513984, 42.5045598], [1.5137003, 42.504316], [1.513435, 42.5040497], [1.5132113, 42.5040859], [1.5134192, 42.5043642], [1.5137045, 42.5046089], [1.51399, 42.5048532], [1.5142148, 42.5051393], [1.513889, 42.5051924], [1.5135881, 42.5049673]], "mood_vectors": [[0.7293, 0.0302, 0.0703, 0.0394, 0.0663, 0.0342, 0.0302], [0.7006, 0.0363, 0.019, 0.0436, 0.0986, 0.0334, 0.0685], [0.6668, 0.072, 0.0541, 0.085, 0.0466, 0.0472, 0.0282], [0.6992, 0.0369, 0.0802, 0.017, 0.0494, 0.0772, 0.0401], [0.6991, 0.0603, 0.0709, 0.0158, 0.048, 0.0294, 0.0765], [0.6661, 0.0437, 0.0231, 0.0801, 0.067, 0.0346, 0.0854], [0.7226, 0.0693, 0.0212, 0.0576, 0.0161, 0.0553, 0.0578], [0.6453, 0.0902, 0.0166, 0.0377, 0.0238, 0.0939, 0.0924], [0.7043, 0.0666, 0.0393, 0.047, 0.0201, 0.0639, 0.0588], [0.7481, 0.0355, 0.0293, 0.066, 0.0619, 0.0193, 0.0398], [0.6956, 0.035, 0.0556, 0.07, 0.0152, 0.0639, 0.0647], [0.7301, 0.0184, 0.0318, 0.0227, 0.0585, 0.0699, 0.0686], [0.6436, 0.039, 0.0711, 0.07, 0.0392, 0.087, 0.0501], [0.6917, 0.0769, 0.0472, 0.0633, 0.0243, 0.0427, 0.0539], [0.7418, 0.0205, 0.0766, 0.0248, 0.0527, 0.0562, 0.0274], [0.785, 0.0228, 0.0604, 0.0132, 0.077, 0.0167, 0.0249], [0.604, 0.0508, 0.0712, 0.0828, 0.0794, 0.0348, 0.077], [0.7309, 0.0512, 0.0288, 0.0592, 0.0208, 0.0871, 0.0221], [0.7124, 0.0333, 0.0695, 0.0379, 0.0292, 0.0499, 0.0679], [0.7256, 0.0438, 0.0265, 0.0677, 0.0543, 0.0391, 0.043], [0.6938, 0.0841, 0.0293, 0.0664, 0.0625, 0.0152, 0.0486], [0.6711, 0.0512, 0.04, 0.0314, 0.0594, 0.0723, 0.0746], [0.7245, 0.0716, 0.0241, 0.0258, 0.0393, 0.0545, 0.0601], [0.7043, 0.0537, 0.0336, 0.0153, 0.0738, 0.0617, 0.0577], [0.6948, 0.0543, 0.0588, 0.0345, 0.0489, 0.0717, 0.0369], [0.7576, 0.0214, 0.0169, 0.0308, 0.0743, 0.0297, 0.0694], [0.7186, 0.018, 0.0237, 0.0318, 0.0731, 0.0785, 0.0563], [0.7309, 0.0269, 0.0534, 0.0703, 0.0309, 0.0239, 0.0637], [0.6696, 0.0708, 0.0414, 0.0503, 0.0479, 0.0506, 0.0694], [0.7702, 0.0208, 0.028, 0.0536, 0.0332, 0.0395, 0.0548], [0.6798, 0.0246, 0.0497, 0.0768, 0.0421, 0.0594, 0.0675], [0.7437, 0.0285, 0.0177, 0.0743, 0.0489, 0.0142, 0.0729], [0.6662, 0.066, 0.0517, 0.0621, 0.0812, 0.0219, 0.0508], [0.7677, 0.0402, 0.0318, 0.0189, 0.0161, 0.0558, 0.0695], [0.8216, 0.0265, 0.016, 0.0224, 0.0264, 0.0199, 0.0673], [0.6831, 0.0552, 0.0226, 0.0363, 0.0738, 0.0712, 0.0578], [0.674, 0.0924, 0.069, 0.0309, 0.0633, 0.0464, 0.024], [0.6258, 0.0651, 0.0754, 0.0572, 0.0478, 0.0709, 0.0579], [0.6453, 0.0779, 0.0747, 0.0298, 0.0808, 0.0398, 0.0518], [0.6758, 0.0359, 0.0742, 0.0426, 0.0797, 0.0183, 0.0734], [0.6301, 0.0647, 0.081, 0.0242, 0.0461, 0.075, 0.0789], [0.704, 0.0223, 0.0568, 0.0268, 0.0645, 0.0628, 0.0628], [0.7073, 0.0767, 0.0286, 0.0448, 0.0348, 0.0791, 0.0287], [0.6834, 0.0787, 0.0437, 0.0508, 0.0821, 0.0307, 0.0307], [0.7036, 0.0859, 0.0733, 0.0182, 0.0664, 0.0253, 0.0274], [0.6185, 0.0741, 0.0275, 0.0708, 0.0786, 0.0767, 0.0537], [0.681, 0.0534, 0.0519, 0.0668, 0.0932, 0.0381, 0.0156], [0.6796, 0.048, 0.0732, 0.0558, 0.0555, 0.0459, 0.0421], [0.6474, 0.0836, 0.0571, 0.08, 0.0511, 0.0395, 0.0414], [0.7015, 0.0562, 0.0446, 0.0586, 0.0267, 0.0615, 0.0509], [0.6868, 0.0469, 0.0691, 0.0266, 0.039, 0.0557, 0.0759], [0.7305, 0.0299, 0.0584, 0.0234, 0.0657, 0.0583, 0.0339], [0.7207, 0.0166, 0.0335, 0.0858, 0.0421, 0.0787, 0.0225], [0.6324, 0.1048, 0.0573, 0.0539, 0.0479, 0.0494, 0.0542], [0.6533, 0.0677, 0.0468, 0.0533, 0.0337, 0.0865, 0.0587], [0.6239, 0.0479, 0.0874, 0.0543, 0.0863, 0.0446, 0.0557], [0.7053, 0.0153, 0.0672, 0.0174, 0.0617, 0.0566, 0.0765], [0.6927, 0.0593, 0.0385, 0.0411, 0.0361, 0.0617, 0.0706], [0.7612, 0.0185, 0.0434, 0.0365, 0.037, 0.0402, 0.0632], [0.6265, 0.0552, 0.0844, 0.0667, 0.0738, 0.0565, 0.0368], [0.6937, 0.0632, 0.068, 0.0609, 0.0637, 0.0302, 0.0203], [0.7316, 0.0696, 0.0609, 0.0428, 0.0415, 0.0396, 0.0139], [0.7112, 0.0403, 0.0683, 0.0675, 0.0182, 0.0451, 0.0494], [0.7356, 0.0235, 0.0513, 0.0488, 0.0524, 0.058, 0.0304], [0.6499, 0.0813, 0.0267, 0.0716, 0.0469, 0.0261, 0.0976], [0.7464, 0.0745, 0.0597, 0.0344, 0.035, 0.019, 0.0311], [0.6968, 0.0744, 0.0391, 0.0176, 0.0177, 0.0762, 0.0782], [0.681, 0.052, 0.0487, 0.0511, 0.045, 0.1049, 0.0173], [0.8162, 0.0231, 0.0146, 0.025, 0.0256, 0.0194, 0.0761], [0.7186, 0.0351, 0.0718, 0.021, 0.065, 0.0665, 0.022], [0.676, 0.0573, 0.0311, 0.0695, 0.0509, 0.0154, 0.0998], [0.7221, 0.0197, 0.0513, 0.0574, 0.0547, 0.0593, 0.0355], [0.7095, 0.031, 0.0336, 0.0375, 0.0786, 0.0697, 0.0401], [0.6452, 0.0428, 0.0918, 0.0517, 0.0481, 0.0587, 0.0618], [0.7029, 0.0798, 0.0274, 0.0179, 0.0224, 0.0669, 0.0827], [0.6458, 0.063, 0.0343, 0.06, 0.0727, 0.0482, 0.0761], [0.74, 0.0602, 0.0707, 0.0425, 0.0381, 0.0263, 0.0222], [0.7371, 0.0124, 0.066, 0.0576, 0.0712, 0.0151, 0.0405], [0.7446, 0.0298, 0.0486, 0.0674, 0.0589, 0.0219, 0.0289], [0.696, 0.0278, 0.0487, 0.0336, 0.0696, 0.0696, 0.0547]], "emotions": ["red", "red", "red", "red", "red", "red", "red", "red", "red", "red", "red", "red", "red", "red", "red", "red", "red", "red", "red", "red", "red", "red", "red", "red", "red", "red", "red", "red", "red", "red", "red", "red", "red", "red", "red", "red", "red", "red", "red", "red", "red", "red", "red", "red", "red", "red", "red", "red", "red", "red", "red", "red", "red", "red", "red", "red", "red", "red", "red", "red", "red", "red", "red", "red", "red", "red", "red", "red", "red", "red", "red", "red", "red", "red", "red", "red", "red", "red", "red", "red"], "timestamps": [0, 40, 80, 120, 160, 200, 240, 280, 320, 360, 400, 440, 480, 520, 560, 600, 640, 680, 720, 760, 800, 840, 880, 920, 960, 1000, 1040, 1080, 1120, 1160, 1200, 1240, 1280, 1320, 1360, 1400, 1440, 1480, 1520, 1560, 1600, 1640, 1680, 1720, 1760, 1800, 1840, 1880, 1920, 1960, 2000, 2040, 2080, 2120, 2160, 2200, 2240, 2280, 2320, 2360, 2400, 2440, 2480, 2520, 2560, 2600, 2640, 2680, 2720, 2760, 2800, 2840, 2880, 2920, 2960, 3000, 3040, 3080, 3120, 3160]}], "conversation": [], "conversation_timestamps": []}