{"agent_id": "agent-blue-470", "type": "blue", "trips": [{"trip_id": 0, "transport_method": "bicycle", "start_time": 0, "path": [[1.5355452, 42.5085932], [1.5364565, 42.5086691], [1.5373656, 42.508767], [1.5382634, 42.5087108], [1.5388653, 42.5088182], [1.5396723, 42.5086471], [1.5405744, 42.5086576], [1.5414818, 42.5087738], [1.5422117, 42.5088957], [1.5425315, 42.508911], [1.5434384, 42.5090215], [1.5443017, 42.5092999], [1.5452151, 42.5093494], [1.5460745, 42.509644], [1.5453784, 42.5093623], [1.5462063, 42.5097394], [1.5463263, 42.5103721], [1.5468256, 42.5110815], [1.5477057, 42.5113302], [1.5485958, 42.5115415], [1.5494831, 42.5117644], [1.5498139, 42.5118946], [1.5501915, 42.5120361], [1.5505293, 42.5122134], [1.55125, 42.5127675], [1.5512721, 42.5128376], [1.5513175, 42.5127952], [1.5520742, 42.5133006], [1.5525214, 42.5135954], [1.5527274, 42.5141309], [1.5528283, 42.5150212], [1.5533366, 42.5157777], [1.5536199, 42.5166457], [1.5541503, 42.5173865], [1.5549086, 42.517887], [1.5557169, 42.518192], [1.5563681, 42.5188334], [1.5569149, 42.5195579], [1.5575242, 42.5201876], [1.5581751, 42.5208304], [1.5588585, 42.5214384], [1.5596026, 42.5219623], [1.5593548, 42.5218426], [1.5600857, 42.5223919], [1.5608867, 42.5228227], [1.5616247, 42.5233629], [1.5622376, 42.524038], [1.5629363, 42.5246108], [1.5638064, 42.5248897], [1.5646278, 42.525224], [1.5654952, 42.5255023], [1.5663133, 42.5259087], [1.5670393, 42.5264653], [1.5677678, 42.5270182], [1.5685869, 42.5274225], [1.5693428, 42.5279215], [1.5701172, 42.5284061], [1.5708816, 42.5289087], [1.5715761, 42.5292998], [1.5724427, 42.5293518], [1.5730707, 42.5296766], [1.5735636, 42.5304112], [1.5742608, 42.5309948], [1.5750971, 42.5313609], [1.5759918, 42.5315504], [1.5768955, 42.5316914], [1.5778071, 42.531763], [1.5787211, 42.5318048], [1.5778425, 42.5317769], [1.5778215, 42.5317444], [1.5787364, 42.5317469], [1.5796513, 42.5317494], [1.580566, 42.5317395], [1.5814803, 42.5317087], [1.5823945, 42.5316972], [1.5832752, 42.5319231], [1.5840396, 42.5324214], [1.5847096, 42.5330437], [1.5854519, 42.5335467], [1.5861699, 42.5341096]], "mood_vectors": [[0.0449, 0.0597, 0.0291, 0.7863, 0.0455, 0.021, 0.0136], [0.0772, 0.0186, 0.0176, 0.6768, 0.0805, 0.0631, 0.0662], [0.0724, 0.0765, 0.067, 0.5881, 0.0481, 0.0803, 0.0675], [0.0243, 0.0781, 0.0782, 0.6782, 0.0461, 0.0131, 0.0819], [0.0653, 0.0771, 0.0231, 0.7727, 0.0171, 0.017, 0.0277], [0.0368, 0.0817, 0.0626, 0.7064, 0.0213, 0.0681, 0.0232], [0.0498, 0.0437, 0.0674, 0.7527, 0.0176, 0.0472, 0.0216], [0.0264, 0.0172, 0.0409, 0.749, 0.0565, 0.0601, 0.05], [0.0387, 0.0223, 0.0739, 0.736, 0.0401, 0.0439, 0.0451], [0.0384, 0.0696, 0.0564, 0.6624, 0.0525, 0.0654, 0.0554], [0.0729, 0.0642, 0.046, 0.6422, 0.087, 0.0196, 0.068], [0.0863, 0.0177, 0.0883, 0.7064, 0.0538, 0.0301, 0.0175], [0.0423, 0.0625, 0.0121, 0.7332, 0.0542, 0.0471, 0.0485], [0.0932, 0.0853, 0.0223, 0.613, 0.0717, 0.0436, 0.0709], [0.0784, 0.0253, 0.0588, 0.7495, 0.0169, 0.0116, 0.0595], [0.0443, 0.0436, 0.0611, 0.7381, 0.0122, 0.0372, 0.0633], [0.0457, 0.04, 0.0634, 0.7107, 0.0264, 0.0487, 0.0652], [0.0885, 0.0576, 0.0345, 0.6975, 0.0472, 0.0341, 0.0405], [0.0862, 0.017, 0.0201, 0.682, 0.0816, 0.035, 0.078], [0.0285, 0.0527, 0.0892, 0.669, 0.0458, 0.0933, 0.0215], [0.0255, 0.0527, 0.0188, 0.7359, 0.1052, 0.0455, 0.0164], [0.0506, 0.0744, 0.0754, 0.6636, 0.0529, 0.0171, 0.066], [0.0735, 0.0322, 0.0156, 0.7562, 0.0535, 0.0194, 0.0497], [0.0477, 0.0361, 0.0127, 0.7291, 0.0493, 0.0673, 0.0577], [0.0521, 0.0607, 0.0516, 0.7683, 0.0251, 0.0139, 0.0281], [0.0368, 0.074, 0.0274, 0.7147, 0.0534, 0.032, 0.0617], [0.0954, 0.0504, 0.0458, 0.6498, 0.068, 0.0319, 0.0588], [0.0626, 0.0644, 0.0639, 0.6663, 0.0919, 0.0166, 0.0343], [0.0253, 0.041, 0.0213, 0.7162, 0.0209, 0.0945, 0.0807], [0.08, 0.0315, 0.0298, 0.7194, 0.0599, 0.057, 0.0224], [0.0308, 0.0312, 0.0652, 0.7342, 0.0288, 0.0687, 0.0412], [0.0377, 0.0921, 0.0189, 0.7123, 0.0661, 0.0469, 0.026], [0.0473, 0.0213, 0.0342, 0.7832, 0.0652, 0.0283, 0.0204], [0.0425, 0.0507, 0.0835, 0.6897, 0.0333, 0.0401, 0.0602], [0.051, 0.0197, 0.0462, 0.6507, 0.0881, 0.0542, 0.0901], [0.0322, 0.0901, 0.042, 0.7145, 0.0341, 0.0647, 0.0224], [0.0464, 0.0607, 0.028, 0.7449, 0.0209, 0.0598, 0.0392], [0.0691, 0.0647, 0.046, 0.7068, 0.0524, 0.0142, 0.0467], [0.0757, 0.0286, 0.0587, 0.6833, 0.0819, 0.0539, 0.0179], [0.0164, 0.0729, 0.0588, 0.6479, 0.0456, 0.0862, 0.0722], [0.0725, 0.0626, 0.0512, 0.6947, 0.0469, 0.0392, 0.0328], [0.0856, 0.0704, 0.069, 0.6036, 0.0753, 0.0643, 0.0318], [0.0228, 0.0363, 0.0872, 0.7032, 0.0478, 0.0327, 0.0699], [0.0432, 0.0171, 0.0234, 0.7991, 0.0174, 0.0774, 0.0223], [0.0534, 0.0439, 0.0248, 0.7062, 0.1015, 0.0461, 0.0241], [0.0256, 0.0597, 0.0686, 0.6629, 0.0607, 0.0443, 0.0782], [0.0443, 0.0205, 0.0792, 0.6996, 0.0707, 0.0366, 0.049], [0.0617, 0.0756, 0.0223, 0.6691, 0.0714, 0.0486, 0.0512], [0.0531, 0.0668, 0.0342, 0.6481, 0.0677, 0.0814, 0.0486], [0.0737, 0.0871, 0.0428, 0.6535, 0.0492, 0.0314, 0.0622], [0.076, 0.0794, 0.0414, 0.6309, 0.0352, 0.0849, 0.0523], [0.0339, 0.0433, 0.0715, 0.7473, 0.0218, 0.04, 0.0424], [0.0433, 0.0416, 0.0285, 0.7627, 0.0133, 0.0366, 0.074], [0.0485, 0.0411, 0.0405, 0.6583, 0.0872, 0.0494, 0.075], [0.0214, 0.0269, 0.0385, 0.7556, 0.053, 0.04, 0.0646], [0.0516, 0.044, 0.0686, 0.73, 0.0566, 0.0352, 0.014], [0.017, 0.0398, 0.0396, 0.7121, 0.0804, 0.0489, 0.0622], [0.0861, 0.0474, 0.0662, 0.6631, 0.0164, 0.0215, 0.0992], [0.0467, 0.0701, 0.0761, 0.6824, 0.0556, 0.0322, 0.0369], [0.0715, 0.0513, 0.068, 0.6697, 0.0585, 0.0548, 0.0261], [0.0309, 0.0844, 0.0301, 0.6544, 0.0558, 0.0724, 0.0719], [0.0556, 0.0351, 0.0614, 0.7745, 0.0261, 0.0223, 0.025], [0.0828, 0.0255, 0.0573, 0.6654, 0.0672, 0.0257, 0.076], [0.0296, 0.0733, 0.0168, 0.7299, 0.0233, 0.0727, 0.0544], [0.0785, 0.0654, 0.048, 0.633, 0.081, 0.0467, 0.0474], [0.0686, 0.0331, 0.0624, 0.6755, 0.0175, 0.0705, 0.0724], [0.018, 0.0432, 0.0677, 0.7464, 0.0133, 0.0823, 0.0291], [0.0711, 0.0499, 0.0468, 0.7082, 0.0174, 0.0407, 0.0659], [0.0275, 0.0142, 0.0729, 0.7545, 0.0508, 0.0375, 0.0426], [0.0569, 0.0862, 0.0322, 0.6968, 0.037, 0.0477, 0.0431], [0.0281, 0.0717, 0.0882, 0.7248, 0.0322, 0.02, 0.0351], [0.0168, 0.0422, 0.0346, 0.685, 0.0669, 0.0793, 0.0753], [0.0572, 0.036, 0.0326, 0.7588, 0.0189, 0.0393, 0.0572], [0.0737, 0.0616, 0.0252, 0.6669, 0.0271, 0.0821, 0.0634], [0.023, 0.0307, 0.0191, 0.7648, 0.0656, 0.042, 0.0546], [0.0736, 0.0668, 0.0967, 0.6224, 0.0338, 0.0356, 0.0711], [0.0721, 0.0389, 0.0387, 0.729, 0.0321, 0.0273, 0.0618], [0.027, 0.0289, 0.0203, 0.7227, 0.0813, 0.0488, 0.0711], [0.0398, 0.0486, 0.0641, 0.676, 0.0894, 0.0297, 0.0523], [0.0909, 0.0247, 0.0522, 0.6577, 0.0441, 0.0396, 0.0908]], "emotions": ["green", "green", "green", "green", "green", "green", "green", "green", "green", "green", "green", "green", "green", "green", "green", "green", "green", "green", "green", "green", "green", "green", "green", "green", "green", "green", "green", "green", "green", "green", "green", "green", "green", "green", "green", "green", "green", "green", "green", "green", "green", "green", "green", "green", "green", "green", "green", "green", "green", "green", "green", "green", "green", "green", "green", "green", "green", "green", "green", "green", "green", "green", "green", "green", "green", "green", "green", "green", "green", "green", "green", "green", "green", "green", "green", "green", "green", "green", "green", "green"], "timestamps": [0, 40, 80, 120, 160, 200, 240, 280, 320, 360, 400, 440, 480, 520, 560, 600, 640, 680, 720, 760, 800, 840, 880, 920, 960, 1000, 1040, 1080, 1120, 1160, 1200, 1240, 1280, 1320, 1360, 1400, 1440, 1480, 1520, 1560, 1600, 1640, 1680, 1720, 1760, 1800, 1840, 1880, 1920, 1960, 2000, 2040, 2080, 2120, 2160, 2200, 2240, 2280, 2320, 2360, 2400, 2440, 2480, 2520, 2560, 2600, 2640, 2680, 2720, 2760, 2800, 2840, 2880, 2920, 2960, 3000, 3040, 3080, 3120, 3160]}], "conversation": [], "conversation_timestamps": []}