{"agent_id": "agent-orange-1243", "type": "orange", "trips": [{"trip_id": 0, "transport_method": "bus", "start_time": 0, "path": [[1.521391, 42.5442591], [1.5218725, 42.5438047], [1.5220514, 42.5435439], [1.5221528, 42.5432479], [1.5228072, 42.5429785], [1.5229164, 42.5423154], [1.5229159, 42.5416266], [1.5233344, 42.5410601], [1.5235096, 42.5407568], [1.5233417, 42.5404084], [1.5231892, 42.5397294], [1.5231592, 42.5390204], [1.5231893, 42.5383196], [1.5236915, 42.5378958], [1.5243325, 42.5375884], [1.5250383, 42.5376152], [1.5251147, 42.5371243], [1.5247768, 42.5367801], [1.5240767, 42.5366417], [1.5234065, 42.5364208], [1.5229395, 42.5360006], [1.5224848, 42.5354515], [1.5220413, 42.534895], [1.521408, 42.5345817], [1.5210221, 42.5340329], [1.5207686, 42.5334515], [1.5212188, 42.532948], [1.5212258, 42.5323084], [1.5208855, 42.5316818], [1.5211453, 42.5310333], [1.521236, 42.5305162], [1.5215647, 42.5299152], [1.521998, 42.5293783], [1.5214882, 42.5289601], [1.5210683, 42.5284159], [1.5208797, 42.5277439], [1.5206493, 42.5271318], [1.5207074, 42.5264197], [1.5207654, 42.5257075], [1.5207757, 42.5261309], [1.5206272, 42.5268014], [1.5206255, 42.5274146], [1.5206697, 42.5267014], [1.5207139, 42.5259882], [1.520744, 42.5252759], [1.5206862, 42.5245861], [1.5210391, 42.5239678], [1.5214996, 42.5234218], [1.521812, 42.5227873], [1.5221371, 42.5221596], [1.5227023, 42.5217284], [1.5232407, 42.5212656], [1.523519, 42.5206124], [1.5237537, 42.5199375], [1.5238104, 42.5199944], [1.5235504, 42.5206571], [1.5234104, 42.5208805], [1.5236014, 42.520192], [1.5237925, 42.5195035], [1.5239835, 42.518815], [1.524086, 42.518108], [1.5242034, 42.5174042], [1.5244434, 42.5167318], [1.5247549, 42.5160901], [1.5251737, 42.5155149], [1.5256759, 42.5150078], [1.5262502, 42.5145853], [1.5268801, 42.5142487], [1.5275228, 42.5139367], [1.5281748, 42.5136444], [1.5288269, 42.5133522], [1.5294821, 42.5130672], [1.5301389, 42.512786], [1.5307876, 42.5124866], [1.5314338, 42.5121819], [1.532046, 42.5118164], [1.5325878, 42.5113533], [1.5330491, 42.5108091], [1.533505, 42.5102795], [1.5333547, 42.5105785]], "mood_vectors": [[0.0315, 0.0559, 0.0756, 0.0491, 0.6974, 0.0598, 0.0308], [0.0263, 0.0528, 0.063, 0.042, 0.7227, 0.0629, 0.0302], [0.072, 0.0514, 0.0591, 0.0333, 0.6411, 0.0647, 0.0784], [0.0674, 0.0715, 0.0236, 0.0224, 0.7455, 0.0307, 0.0389], [0.0874, 0.0797, 0.0653, 0.0403, 0.6546, 0.0544, 0.0183], [0.0414, 0.02, 0.02, 0.0561, 0.7516, 0.0749, 0.0359], [0.0514, 0.0647, 0.0276, 0.0622, 0.6645, 0.0757, 0.0538], [0.0448, 0.0494, 0.0381, 0.0148, 0.688, 0.0975, 0.0674], [0.0219, 0.0285, 0.0265, 0.0455, 0.7701, 0.0693, 0.0383], [0.0189, 0.0636, 0.0806, 0.0535, 0.7352, 0.0341, 0.0142], [0.061, 0.0202, 0.0686, 0.0626, 0.7166, 0.0546, 0.0164], [0.0696, 0.0187, 0.0595, 0.0645, 0.6907, 0.0489, 0.0481], [0.0761, 0.0476, 0.0679, 0.0577, 0.65, 0.0732, 0.0274], [0.0854, 0.0647, 0.0875, 0.0488, 0.6235, 0.0571, 0.0329], [0.0763, 0.0234, 0.0885, 0.0865, 0.6583, 0.0514, 0.0156], [0.0662, 0.0769, 0.0238, 0.0151, 0.7448, 0.0602, 0.013], [0.0534, 0.0525, 0.0567, 0.0536, 0.7152, 0.0195, 0.0491], [0.0542, 0.0331, 0.0553, 0.0758, 0.684, 0.058, 0.0395], [0.0591, 0.092, 0.06, 0.0617, 0.6277, 0.0792, 0.0202], [0.0351, 0.0373, 0.0609, 0.047, 0.6639, 0.0859, 0.0699], [0.0397, 0.0717, 0.0374, 0.0159, 0.7, 0.0459, 0.0894], [0.017, 0.0514, 0.0726, 0.0376, 0.7365, 0.0424, 0.0426], [0.0757, 0.0526, 0.048, 0.0603, 0.6661, 0.0149, 0.0824], [0.0342, 0.0352, 0.0742, 0.072, 0.6981, 0.0132, 0.073], [0.0292, 0.0478, 0.0737, 0.043, 0.7184, 0.043, 0.045], [0.0393, 0.0224, 0.0654, 0.0312, 0.7101, 0.0556, 0.0761], [0.0679, 0.0399, 0.0723, 0.0194, 0.7016, 0.0323, 0.0664], [0.0521, 0.0562, 0.0387, 0.0609, 0.6898, 0.0742, 0.0281], [0.0219, 0.0449, 0.0834, 0.0808, 0.674, 0.051, 0.0441], [0.0312, 0.0407, 0.0168, 0.068, 0.709, 0.0753, 0.059], [0.0136, 0.0405, 0.0158, 0.0206, 0.7836, 0.0466, 0.0793], [0.0443, 0.0269, 0.0326, 0.0611, 0.7477, 0.0658, 0.0216], [0.0533, 0.0529, 0.0418, 0.0743, 0.6895, 0.0439, 0.0443], [0.0591, 0.0644, 0.0279, 0.0591, 0.7144, 0.0151, 0.06], [0.0556, 0.0605, 0.0459, 0.0408, 0.6806, 0.0709, 0.0458], [0.0514, 0.0268, 0.0496, 0.0624, 0.6538, 0.069, 0.087], [0.0695, 0.0345, 0.0461, 0.0246, 0.6698, 0.1048, 0.0506], [0.0126, 0.0677, 0.068, 0.0125, 0.755, 0.0192, 0.065], [0.0615, 0.0595, 0.0237, 0.0163, 0.7688, 0.0157, 0.0544], [0.0422, 0.0659, 0.0617, 0.0163, 0.6756, 0.0808, 0.0575], [0.0293, 0.0199, 0.0545, 0.0587, 0.7679, 0.0422, 0.0275], [0.0512, 0.0628, 0.0591, 0.0348, 0.6628, 0.0752, 0.0542], [0.0375, 0.0736, 0.0829, 0.0372, 0.7056, 0.0219, 0.0413], [0.0328, 0.0507, 0.0768, 0.0611, 0.638, 0.0516, 0.089], [0.061, 0.0635, 0.0665, 0.017, 0.7244, 0.0292, 0.0386], [0.0378, 0.0802, 0.0242, 0.0661, 0.6352, 0.0805, 0.076], [0.0241, 0.0134, 0.0648, 0.0493, 0.6987, 0.0853, 0.0644], [0.0261, 0.0627, 0.0129, 0.0361, 0.7285, 0.0606, 0.073], [0.0471, 0.0386, 0.041, 0.075, 0.735, 0.0225, 0.0408], [0.0536, 0.0657, 0.074, 0.0112, 0.6892, 0.0723, 0.034], [0.0598, 0.0437, 0.0288, 0.0451, 0.7201, 0.0464, 0.0561], [0.042, 0.0665, 0.0818, 0.0518, 0.6887, 0.0277, 0.0413], [0.0841, 0.0658, 0.0419, 0.0579, 0.6905, 0.0445, 0.0152], [0.0452, 0.0338, 0.04, 0.0167, 0.775, 0.0537, 0.0355], [0.0404, 0.0691, 0.0702, 0.0485, 0.6948, 0.0351, 0.0418], [0.0323, 0.0571, 0.0763, 0.0389, 0.7229, 0.0553, 0.0172], [0.078, 0.0624, 0.0603, 0.0869, 0.6413, 0.0425, 0.0285], [0.0667, 0.0169, 0.0546, 0.0489, 0.7043, 0.0366, 0.072], [0.0222, 0.033, 0.0318, 0.0744, 0.6869, 0.0743, 0.0773], [0.0417, 0.0257, 0.04, 0.0681, 0.7284, 0.0604, 0.0358], [0.0289, 0.038, 0.0422, 0.0396, 0.7414, 0.0595, 0.0504], [0.0277, 0.0901, 0.0646, 0.0155, 0.7417, 0.0248, 0.0355], [0.0384, 0.0825, 0.0365, 0.0328, 0.7242, 0.0348, 0.0508], [0.0353, 0.0515, 0.0447, 0.0192, 0.7717, 0.0617, 0.0159], [0.0518, 0.0547, 0.0702, 0.0127, 0.7058, 0.0433, 0.0615], [0.0478, 0.0275, 0.0472, 0.0722, 0.7135, 0.0476, 0.0441], [0.0427, 0.0646, 0.0579, 0.053, 0.7041, 0.0478, 0.0298], [0.0451, 0.0225, 0.0613, 0.0839, 0.7029, 0.0268, 0.0576], [0.0716, 0.018, 0.0781, 0.0393, 0.7152, 0.0386, 0.0392], [0.0715, 0.0243, 0.0452, 0.0413, 0.6965, 0.0734, 0.0478], [0.0548, 0.0523, 0.063, 0.0702, 0.6557, 0.0527, 0.0513], [0.0647, 0.025, 0.082, 0.0283, 0.6889, 0.076, 0.0351], [0.0662, 0.0512, 0.0756, 0.0854, 0.6195, 0.0388, 0.0632], [0.0686, 0.0806, 0.0557, 0.0271, 0.6691, 0.0207, 0.0782], [0.0503, 0.0253, 0.0335, 0.0633, 0.7507, 0.0473, 0.0297], [0.0239, 0.0665, 0.0439, 0.0564, 0.7355, 0.0405, 0.0333], [0.0692, 0.0717, 0.0555, 0.058, 0.7015, 0.0129, 0.0312], [0.0233, 0.08, 0.042, 0.0402, 0.6725, 0.0795, 0.0624], [0.0234, 0.0693, 0.082, 0.0871, 0.6833, 0.0217, 0.0331], [0.0793, 0.0365, 0.0727, 0.0699, 0.6116, 0.07, 0.06]], "emotions": ["red", "red", "red", "red", "red", "red", "red", "red", "red", "red", "red", "red", "red", "red", "red", "red", "red", "red", "red", "red", "red", "red", "red", "red", "red", "red", "red", "red", "red", "red", "red", "red", "red", "red", "red", "red", "red", "red", "red", "red", "red", "red", "red", "red", "red", "red", "red", "red", "red", "red", "red", "red", "red", "red", "red", "red", "red", "red", "red", "red", "red", "red", "red", "red", "red", "red", "red", "red", "red", "red", "red", "red", "red", "red", "red", "red", "red", "red", "red", "red"], "timestamps": [0, 40, 80, 120, 160, 200, 240, 280, 320, 360, 400, 440, 480, 520, 560, 600, 640, 680, 720, 760, 800, 840, 880, 920, 960, 1000, 1040, 1080, 1120, 1160, 1200, 1240, 1280, 1320, 1360, 1400, 1440, 1480, 1520, 1560, 1600, 1640, 1680, 1720, 1760, 1800, 1840, 1880, 1920, 1960, 2000, 2040, 2080, 2120, 2160, 2200, 2240, 2280, 2320, 2360, 2400, 2440, 2480, 2520, 2560, 2600, 2640, 2680, 2720, 2760, 2800, 2840, 2880, 2920, 2960, 3000, 3040, 3080, 3120, 3160]}], "conversation": [], "conversation_timestamps": []}