{"agent_id": "agent-green-307", "type": "green", "trips": [{"trip_id": 0, "transport_method": "foot", "start_time": 0, "path": [[1.5270769, 42.506642], [1.5266914, 42.5062235], [1.5273465, 42.5067348], [1.527974, 42.5072702], [1.5276692, 42.5076796], [1.5281792, 42.5082768], [1.5288658, 42.508758], [1.5282504, 42.5091042], [1.5288455, 42.5097069], [1.5294589, 42.5102644], [1.5294682, 42.5109776], [1.5300483, 42.5115575], [1.5308276, 42.5118656], [1.5307662, 42.512591], [1.5303428, 42.5133163], [1.530412, 42.5141305], [1.5298575, 42.5147405], [1.5292572, 42.5153151], [1.5286765, 42.515909], [1.5279424, 42.516333], [1.5272083, 42.5167569], [1.5264742, 42.5171809], [1.5268257, 42.5170536], [1.5275239, 42.5165903], [1.5283069, 42.5162818], [1.5288816, 42.515793], [1.5281708, 42.516255], [1.5274599, 42.5167169], [1.5267491, 42.5171788], [1.5260382, 42.5176407], [1.5253274, 42.5181026], [1.524641, 42.5185529], [1.5253222, 42.5180646], [1.5259087, 42.5174543], [1.5259226, 42.5175666], [1.525233, 42.5180597], [1.5245434, 42.5185528], [1.5239308, 42.5190862], [1.5238207, 42.5199268], [1.5235236, 42.5207162], [1.52309, 42.5214357], [1.5223985, 42.5219235], [1.5218768, 42.5225774], [1.5215535, 42.5233537], [1.5210125, 42.5240058], [1.5206407, 42.5247596], [1.5206027, 42.5256059], [1.520457, 42.5264312], [1.5199852, 42.5271275], [1.5202259, 42.5278898], [1.5206276, 42.5286239], [1.5205076, 42.529438], [1.5199192, 42.5300161], [1.5198147, 42.5306474], [1.5195984, 42.5314446], [1.5196285, 42.5322603], [1.5197147, 42.5330917], [1.5194899, 42.5338919], [1.5200092, 42.5345453], [1.5206214, 42.5351313], [1.5212619, 42.5356843], [1.5207623, 42.5362326], [1.5202163, 42.5368693], [1.5198596, 42.5376353], [1.5195552, 42.5384254], [1.519404, 42.5392542], [1.5193859, 42.5400896], [1.5193726, 42.5408769], [1.5187721, 42.541389], [1.5180013, 42.5417419], [1.5186519, 42.5414653], [1.5188775, 42.5413449], [1.5181113, 42.5417077], [1.5175064, 42.542267], [1.5170727, 42.5429865], [1.5165188, 42.5436032], [1.5157907, 42.5432581], [1.5150731, 42.5428532], [1.5154972, 42.5423166], [1.5155143, 42.5415692]], "mood_vectors": [[0.0613, 0.0316, 0.0653, 0.0355, 0.0455, 0.0382, 0.7227], [0.078, 0.0383, 0.06, 0.053, 0.0536, 0.0822, 0.6348], [0.0508, 0.021, 0.0818, 0.0387, 0.074, 0.0596, 0.6741], [0.0601, 0.017, 0.05, 0.046, 0.0429, 0.0676, 0.7165], [0.0383, 0.0148, 0.0289, 0.0752, 0.0942, 0.0639, 0.6846], [0.0142, 0.017, 0.0167, 0.0238, 0.0335, 0.0207, 0.8741], [0.0572, 0.0361, 0.0499, 0.0637, 0.0465, 0.0271, 0.7194], [0.0451, 0.0481, 0.02, 0.0397, 0.045, 0.0388, 0.7633], [0.0567, 0.0448, 0.0749, 0.0759, 0.017, 0.0243, 0.7064], [0.0628, 0.0259, 0.0706, 0.0437, 0.0678, 0.0452, 0.684], [0.0747, 0.0184, 0.0609, 0.0147, 0.0306, 0.0493, 0.7514], [0.0343, 0.0531, 0.0393, 0.0434, 0.0501, 0.076, 0.7038], [0.0465, 0.0162, 0.0162, 0.0554, 0.0152, 0.0528, 0.7977], [0.0541, 0.0678, 0.0595, 0.0165, 0.0289, 0.0679, 0.7052], [0.0492, 0.0125, 0.07, 0.048, 0.0277, 0.0396, 0.7529], [0.0705, 0.0729, 0.0361, 0.0631, 0.0343, 0.0518, 0.6713], [0.0464, 0.0799, 0.0452, 0.0629, 0.0692, 0.0861, 0.6104], [0.0673, 0.0654, 0.0159, 0.0239, 0.0259, 0.0235, 0.778], [0.0841, 0.0367, 0.0724, 0.0367, 0.0944, 0.082, 0.5936], [0.066, 0.0276, 0.0687, 0.0465, 0.0456, 0.0396, 0.7061], [0.0303, 0.0656, 0.0608, 0.0526, 0.0687, 0.0624, 0.6597], [0.0366, 0.0789, 0.0164, 0.0758, 0.0726, 0.0503, 0.6693], [0.0723, 0.0712, 0.0262, 0.0299, 0.0307, 0.0699, 0.6999], [0.0792, 0.0445, 0.0815, 0.0176, 0.0184, 0.0646, 0.6942], [0.0161, 0.0661, 0.022, 0.0665, 0.0503, 0.0255, 0.7535], [0.0637, 0.0635, 0.0308, 0.048, 0.0313, 0.0702, 0.6925], [0.0658, 0.0739, 0.0233, 0.034, 0.0448, 0.0149, 0.7433], [0.0259, 0.0687, 0.0672, 0.0177, 0.0407, 0.0373, 0.7425], [0.0362, 0.0317, 0.0243, 0.0424, 0.0744, 0.0681, 0.7229], [0.0655, 0.0452, 0.06, 0.0271, 0.0826, 0.076, 0.6435], [0.0599, 0.0303, 0.0471, 0.059, 0.0443, 0.0737, 0.6858], [0.0739, 0.0718, 0.0478, 0.0703, 0.061, 0.0489, 0.6262], [0.0794, 0.042, 0.0681, 0.0472, 0.0555, 0.0473, 0.6606], [0.0809, 0.0353, 0.0341, 0.0292, 0.0481, 0.0144, 0.7579], [0.0459, 0.057, 0.0355, 0.0162, 0.0282, 0.0417, 0.7754], [0.0703, 0.0319, 0.0332, 0.0189, 0.0483, 0.0858, 0.7116], [0.0128, 0.0457, 0.0685, 0.0516, 0.0484, 0.0337, 0.7394], [0.0608, 0.0215, 0.0162, 0.0143, 0.0178, 0.0321, 0.8374], [0.0494, 0.0138, 0.0294, 0.0646, 0.0898, 0.053, 0.7], [0.0633, 0.0305, 0.0132, 0.0335, 0.0756, 0.0165, 0.7673], [0.0286, 0.0699, 0.0697, 0.0498, 0.0556, 0.0146, 0.7119], [0.0835, 0.0146, 0.0826, 0.0725, 0.0625, 0.0159, 0.6684], [0.067, 0.0431, 0.0425, 0.0141, 0.0644, 0.0537, 0.7152], [0.0271, 0.0482, 0.0483, 0.0388, 0.0327, 0.0295, 0.7753], [0.0638, 0.0607, 0.0783, 0.0697, 0.0127, 0.0724, 0.6425], [0.0753, 0.0409, 0.0675, 0.0745, 0.0254, 0.0335, 0.6829], [0.0697, 0.0769, 0.0228, 0.0162, 0.0264, 0.0467, 0.7412], [0.0342, 0.0299, 0.0736, 0.0286, 0.0753, 0.0894, 0.6691], [0.0766, 0.064, 0.0645, 0.0549, 0.0316, 0.031, 0.6774], [0.0182, 0.0741, 0.0547, 0.0227, 0.0828, 0.06, 0.6876], [0.0326, 0.0404, 0.0608, 0.0694, 0.0175, 0.0588, 0.7205], [0.0555, 0.0755, 0.0602, 0.089, 0.0342, 0.0311, 0.6545], [0.0472, 0.0641, 0.0423, 0.0603, 0.0353, 0.0411, 0.7097], [0.0237, 0.0569, 0.0493, 0.0577, 0.0551, 0.0256, 0.7318], [0.0562, 0.0348, 0.0348, 0.0739, 0.0703, 0.0631, 0.6668], [0.0898, 0.0409, 0.0435, 0.0263, 0.0324, 0.0724, 0.6948], [0.0495, 0.0228, 0.0404, 0.0422, 0.0607, 0.0777, 0.7068], [0.0583, 0.0891, 0.019, 0.0371, 0.0407, 0.0323, 0.7235], [0.0564, 0.0534, 0.0839, 0.0605, 0.0141, 0.0528, 0.6789], [0.0458, 0.0749, 0.0243, 0.0343, 0.0187, 0.0605, 0.7415], [0.0288, 0.0458, 0.0243, 0.0684, 0.0325, 0.0427, 0.7577], [0.0504, 0.0481, 0.0605, 0.0498, 0.0146, 0.0777, 0.6989], [0.0941, 0.0266, 0.0163, 0.0514, 0.0751, 0.0527, 0.6838], [0.055, 0.0731, 0.0145, 0.0741, 0.0741, 0.0677, 0.6416], [0.0474, 0.0835, 0.0886, 0.0578, 0.0366, 0.0397, 0.6465], [0.0563, 0.0705, 0.0551, 0.0516, 0.0735, 0.0194, 0.6737], [0.0224, 0.0168, 0.074, 0.0204, 0.0371, 0.0731, 0.7562], [0.0783, 0.0131, 0.014, 0.0774, 0.048, 0.0349, 0.7344], [0.029, 0.0194, 0.0677, 0.0321, 0.0787, 0.0917, 0.6815], [0.0469, 0.0532, 0.0225, 0.0499, 0.0813, 0.0468, 0.6993], [0.0192, 0.0184, 0.0717, 0.0216, 0.0437, 0.051, 0.7744], [0.0731, 0.0344, 0.0568, 0.0111, 0.0558, 0.0671, 0.7018], [0.0565, 0.0167, 0.0724, 0.0793, 0.0129, 0.0228, 0.7394], [0.0861, 0.0825, 0.0571, 0.082, 0.019, 0.0809, 0.5924], [0.0341, 0.0776, 0.0509, 0.0449, 0.0558, 0.0726, 0.6641], [0.0587, 0.0971, 0.0212, 0.027, 0.0506, 0.0739, 0.6714], [0.0462, 0.043, 0.0579, 0.0557, 0.0495, 0.0405, 0.7072], [0.0271, 0.0295, 0.0463, 0.0729, 0.0217, 0.0637, 0.7388], [0.0952, 0.0236, 0.0393, 0.0865, 0.0496, 0.0178, 0.6881], [0.0679, 0.051, 0.0357, 0.051, 0.0569, 0.0533, 0.6843]], "emotions": ["purple", "purple", "purple", "purple", "purple", "purple", "purple", "purple", "purple", "purple", "purple", "purple", "purple", "purple", "purple", "purple", "purple", "purple", "purple", "purple", "purple", "purple", "purple", "purple", "purple", "purple", "purple", "purple", "purple", "purple", "purple", "purple", "purple", "purple", "purple", "purple", "purple", "purple", "purple", "purple", "purple", "purple", "purple", "purple", "purple", "purple", "purple", "purple", "purple", "purple", "purple", "purple", "purple", "purple", "purple", "purple", "purple", "purple", "purple", "purple", "purple", "purple", "purple", "purple", "purple", "purple", "purple", "purple", "purple", "purple", "purple", "purple", "purple", "purple", "purple", "purple", "purple", "purple", "purple", "purple"], "timestamps": [0, 40, 80, 120, 160, 200, 240, 280, 320, 360, 400, 440, 480, 520, 560, 600, 640, 680, 720, 760, 800, 840, 880, 920, 960, 1000, 1040, 1080, 1120, 1160, 1200, 1240, 1280, 1320, 1360, 1400, 1440, 1480, 1520, 1560, 1600, 1640, 1680, 1720, 1760, 1800, 1840, 1880, 1920, 1960, 2000, 2040, 2080, 2120, 2160, 2200, 2240, 2280, 2320, 2360, 2400, 2440, 2480, 2520, 2560, 2600, 2640, 2680, 2720, 2760, 2800, 2840, 2880, 2920, 2960, 3000, 3040, 3080, 3120, 3160]}], "conversation": [], "conversation_timestamps": []}