{"agent_id": "agent-green-602", "type": "green", "trips": [{"trip_id": 0, "transport_method": "foot", "start_time": 0, "path": [[1.5413309, 42.5108851], [1.5421989, 42.508896], [1.5461074, 42.5096601], [1.5473892, 42.5112447], [1.550071, 42.5119825], [1.5517881, 42.5131545], [1.5533849, 42.5159058], [1.5561459, 42.5186073], [1.5589687, 42.5215284], [1.5613784, 42.5231704], [1.5647723, 42.525246], [1.56831, 42.5272888], [1.5717037, 42.5292981], [1.5748115, 42.5312616], [1.5785993, 42.531804], [1.5802687, 42.5317459], [1.584162, 42.5325284], [1.5875311, 42.5348212], [1.5910692, 42.5356911], [1.5950517, 42.5364304], [1.5985432, 42.536518], [1.6026092, 42.5368968], [1.6063027, 42.5364624], [1.6103434, 42.5362535], [1.6143822, 42.5365186], [1.6183946, 42.5371287], [1.6166671, 42.5355173], [1.6190662, 42.535814], [1.623137, 42.535229], [1.6266334, 42.5365305], [1.6250877, 42.5381278], [1.6266433, 42.5384714], [1.6272671, 42.538583], [1.6313355, 42.5390473], [1.6353554, 42.5393678], [1.6391726, 42.5404599], [1.6430014, 42.5416588], [1.6466763, 42.541641], [1.6502696, 42.5422633], [1.6541681, 42.5418588], [1.658077, 42.540635], [1.657913, 42.5407181], [1.6577799, 42.5407016], [1.6616121, 42.5392967], [1.6657314, 42.539257], [1.6698507, 42.5392174], [1.6695688, 42.5393306], [1.6654871, 42.5393934], [1.6630383, 42.5370037], [1.6629285, 42.5392665], [1.6670469, 42.5391724], [1.6711653, 42.5390782], [1.6741523, 42.5385717], [1.6770917, 42.5389473], [1.6807554, 42.540785], [1.6838956, 42.5427876], [1.6842973, 42.5467134], [1.6815215, 42.5492309], [1.6796108, 42.5514937], [1.6818359, 42.5536711], [1.6854036, 42.5550508], [1.6869653, 42.555984], [1.6879813, 42.5580325], [1.6887, 42.5574781], [1.6914707, 42.5544299], [1.6946779, 42.5518655], [1.6972811, 42.5486805], [1.700263, 42.5459331], [1.7040885, 42.5446125], [1.7081944, 42.5442798], [1.7123069, 42.5440501], [1.7164251, 42.5439463], [1.7205422, 42.5438065], [1.7246591, 42.543811], [1.7286885, 42.5445721], [1.7323994, 42.546338], [1.7337438, 42.5465901], [1.7350462, 42.5454567], [1.7337947, 42.5429678], [1.7325877, 42.5407794]], "mood_vectors": [[0.0518, 0.0207, 0.0585, 0.0214, 0.0682, 0.0167, 0.7627], [0.0762, 0.0799, 0.0212, 0.0199, 0.0144, 0.0309, 0.7576], [0.0644, 0.0638, 0.0641, 0.0589, 0.0531, 0.0407, 0.6549], [0.0819, 0.0721, 0.0535, 0.0152, 0.0464, 0.08, 0.6511], [0.0377, 0.0455, 0.0665, 0.0697, 0.0488, 0.0479, 0.6839], [0.0926, 0.0533, 0.0205, 0.0698, 0.025, 0.0441, 0.6948], [0.053, 0.0923, 0.0653, 0.0689, 0.0587, 0.0196, 0.6423], [0.0785, 0.0198, 0.0875, 0.0589, 0.0354, 0.0876, 0.6323], [0.0693, 0.084, 0.0197, 0.0745, 0.0259, 0.0447, 0.682], [0.072, 0.0735, 0.0521, 0.0728, 0.0534, 0.0482, 0.628], [0.0342, 0.059, 0.0717, 0.0277, 0.0831, 0.0735, 0.6507], [0.0661, 0.0606, 0.0224, 0.0302, 0.0203, 0.02, 0.7805], [0.0375, 0.0175, 0.033, 0.042, 0.0226, 0.0348, 0.8126], [0.0423, 0.054, 0.0741, 0.0354, 0.0147, 0.0256, 0.754], [0.0779, 0.0524, 0.0506, 0.0518, 0.0508, 0.0154, 0.701], [0.0217, 0.0862, 0.0705, 0.0306, 0.0484, 0.0326, 0.7101], [0.0158, 0.0232, 0.0968, 0.0619, 0.0738, 0.0675, 0.6611], [0.0894, 0.0452, 0.0917, 0.0479, 0.0583, 0.0423, 0.6253], [0.0178, 0.047, 0.0183, 0.0348, 0.0402, 0.0552, 0.7866], [0.0947, 0.033, 0.0273, 0.0222, 0.0287, 0.1082, 0.686], [0.0369, 0.0374, 0.0149, 0.0173, 0.0388, 0.0599, 0.7949], [0.0361, 0.0557, 0.0461, 0.061, 0.048, 0.0218, 0.7313], [0.0854, 0.0149, 0.0338, 0.0887, 0.0192, 0.058, 0.7], [0.0388, 0.0677, 0.0225, 0.0525, 0.0298, 0.0198, 0.7689], [0.0632, 0.059, 0.0153, 0.0727, 0.0455, 0.0258, 0.7184], [0.0399, 0.0175, 0.0238, 0.0171, 0.0251, 0.0439, 0.8327], [0.0853, 0.057, 0.0681, 0.0579, 0.0139, 0.0168, 0.701], [0.0442, 0.0397, 0.0914, 0.023, 0.0383, 0.0399, 0.7235], [0.029, 0.0354, 0.0909, 0.097, 0.0737, 0.0347, 0.6394], [0.0289, 0.082, 0.0748, 0.073, 0.019, 0.0482, 0.6741], [0.0847, 0.0575, 0.0588, 0.0584, 0.0529, 0.0466, 0.6411], [0.0653, 0.0789, 0.0698, 0.0791, 0.0184, 0.0364, 0.6521], [0.0381, 0.0731, 0.0505, 0.016, 0.0775, 0.0454, 0.6995], [0.0516, 0.0366, 0.0449, 0.0161, 0.0437, 0.0765, 0.7307], [0.0549, 0.0719, 0.0492, 0.0316, 0.0598, 0.0224, 0.7102], [0.0593, 0.0789, 0.0554, 0.0513, 0.0201, 0.0448, 0.6901], [0.0663, 0.0767, 0.0468, 0.0448, 0.0463, 0.0469, 0.6723], [0.0329, 0.0805, 0.0544, 0.0639, 0.0322, 0.0789, 0.6572], [0.0299, 0.0642, 0.022, 0.0529, 0.0228, 0.0568, 0.7514], [0.0436, 0.0343, 0.053, 0.0725, 0.0189, 0.0154, 0.7623], [0.0124, 0.0615, 0.0558, 0.0223, 0.0462, 0.0207, 0.781], [0.021, 0.0291, 0.0466, 0.0927, 0.0419, 0.092, 0.6768], [0.0677, 0.0262, 0.05, 0.0396, 0.0706, 0.0202, 0.7257], [0.0648, 0.0431, 0.0913, 0.0584, 0.0603, 0.0313, 0.6508], [0.0317, 0.0381, 0.0458, 0.0755, 0.0608, 0.0556, 0.6925], [0.0211, 0.0632, 0.0516, 0.0132, 0.0724, 0.0561, 0.7225], [0.0337, 0.0616, 0.0629, 0.0548, 0.0655, 0.0848, 0.6367], [0.0484, 0.029, 0.0707, 0.0567, 0.0434, 0.086, 0.6658], [0.0659, 0.0611, 0.0545, 0.0401, 0.0683, 0.0726, 0.6375], [0.0983, 0.0341, 0.056, 0.0169, 0.0342, 0.0582, 0.7024], [0.0445, 0.0187, 0.0549, 0.1059, 0.0289, 0.0183, 0.7289], [0.059, 0.0146, 0.0283, 0.0276, 0.0685, 0.0565, 0.7455], [0.0225, 0.0758, 0.0147, 0.02, 0.0615, 0.0471, 0.7585], [0.0223, 0.0315, 0.0553, 0.0759, 0.0388, 0.0777, 0.6985], [0.0749, 0.0563, 0.0354, 0.036, 0.028, 0.0338, 0.7356], [0.0357, 0.0451, 0.0283, 0.0615, 0.0183, 0.0713, 0.7399], [0.0373, 0.0605, 0.0755, 0.0357, 0.0623, 0.0188, 0.7099], [0.0352, 0.0527, 0.0643, 0.0697, 0.0491, 0.0738, 0.6551], [0.0319, 0.0528, 0.0805, 0.0548, 0.071, 0.0453, 0.6637], [0.0589, 0.0236, 0.0598, 0.0425, 0.0715, 0.0426, 0.7011], [0.0704, 0.0675, 0.0197, 0.0452, 0.0172, 0.0602, 0.7197], [0.0728, 0.0301, 0.0212, 0.041, 0.0485, 0.0537, 0.7328], [0.0124, 0.0606, 0.0166, 0.0702, 0.0122, 0.0587, 0.7693], [0.02, 0.0366, 0.0648, 0.0645, 0.0359, 0.0191, 0.7592], [0.014, 0.057, 0.0586, 0.0381, 0.062, 0.0706, 0.6997], [0.0706, 0.0358, 0.0604, 0.0773, 0.086, 0.0638, 0.6062], [0.0288, 0.0605, 0.0687, 0.0226, 0.0714, 0.0488, 0.6992], [0.0728, 0.0172, 0.0709, 0.0489, 0.0799, 0.046, 0.6644], [0.0774, 0.0255, 0.0383, 0.0299, 0.0811, 0.058, 0.6898], [0.0421, 0.0698, 0.0398, 0.0204, 0.05, 0.0748, 0.703], [0.0539, 0.0496, 0.047, 0.02, 0.0644, 0.0315, 0.7337], [0.0923, 0.0223, 0.0413, 0.025, 0.107, 0.0493, 0.6629], [0.0307, 0.0735, 0.0354, 0.0229, 0.0709, 0.0806, 0.6861], [0.0723, 0.0888, 0.0538, 0.0885, 0.09, 0.0248, 0.5817], [0.0715, 0.0896, 0.0574, 0.0522, 0.0313, 0.0421, 0.656], [0.0415, 0.0237, 0.0724, 0.0612, 0.0415, 0.0539, 0.7058], [0.0417, 0.0362, 0.0408, 0.0719, 0.0513, 0.052, 0.706], [0.0531, 0.0201, 0.0403, 0.062, 0.0527, 0.0399, 0.7319], [0.0175, 0.0515, 0.0671, 0.0765, 0.0357, 0.073, 0.6786], [0.0359, 0.0579, 0.0392, 0.0237, 0.0142, 0.0776, 0.7514]], "emotions": ["purple", "purple", "purple", "purple", "purple", "purple", "purple", "purple", "purple", "purple", "purple", "purple", "purple", "purple", "purple", "purple", "purple", "purple", "purple", "purple", "purple", "purple", "purple", "purple", "purple", "purple", "purple", "purple", "purple", "purple", "purple", "purple", "purple", "purple", "purple", "purple", "purple", "purple", "purple", "purple", "purple", "purple", "purple", "purple", "purple", "purple", "purple", "purple", "purple", "purple", "purple", "purple", "purple", "purple", "purple", "purple", "purple", "purple", "purple", "purple", "purple", "purple", "purple", "purple", "purple", "purple", "purple", "purple", "purple", "purple", "purple", "purple", "purple", "purple", "purple", "purple", "purple", "purple", "purple", "purple"], "timestamps": [0, 40, 80, 120, 160, 200, 240, 280, 320, 360, 400, 440, 480, 520, 560, 600, 640, 680, 720, 760, 800, 840, 880, 920, 960, 1000, 1040, 1080, 1120, 1160, 1200, 1240, 1280, 1320, 1360, 1400, 1440, 1480, 1520, 1560, 1600, 1640, 1680, 1720, 1760, 1800, 1840, 1880, 1920, 1960, 2000, 2040, 2080, 2120, 2160, 2200, 2240, 2280, 2320, 2360, 2400, 2440, 2480, 2520, 2560, 2600, 2640, 2680, 2720, 2760, 2800, 2840, 2880, 2920, 2960, 3000, 3040, 3080, 3120, 3160]}], "conversation": [], "conversation_timestamps": []}