{"agent_id": "agent-purple-1884", "type": "purple", "trips": [{"trip_id": 0, "transport_method": "bicycle", "start_time": 0, "path": [[1.5215865, 42.5065915], [1.5213652, 42.506637], [1.5212004, 42.5068004], [1.5210417, 42.50697], [1.5211777, 42.5070683], [1.5213965, 42.5071461], [1.52156, 42.5072844], [1.5217832, 42.5073467], [1.5219465, 42.5075057], [1.5221754, 42.5075449], [1.5224033, 42.5075336], [1.5226173, 42.5075686], [1.5228245, 42.5076688], [1.52305, 42.5077239], [1.5232746, 42.5077828], [1.5235029, 42.5078029], [1.5237346, 42.5077868], [1.5239665, 42.5077746], [1.5241987, 42.5077745], [1.5244284, 42.5078067], [1.5246559, 42.5078531], [1.524879, 42.5079174], [1.5251022, 42.5079818], [1.5253254, 42.5080461], [1.5255482, 42.5081112], [1.525763, 42.5081988], [1.5259932, 42.5082294], [1.5262199, 42.5082792], [1.5264484, 42.5083205], [1.526679, 42.5083473], [1.526911, 42.5083574], [1.5271432, 42.5083603], [1.5273754, 42.5083647], [1.5276025, 42.5084066], [1.527816, 42.5084979], [1.5280296, 42.5085893], [1.5282418, 42.5086835], [1.5284503, 42.5087857], [1.5286756, 42.5088412], [1.528902, 42.5088928], [1.5291295, 42.5089397], [1.5290387, 42.5088919], [1.52887, 42.5088875], [1.5290955, 42.508943], [1.529321, 42.5089986], [1.5295465, 42.5090542], [1.5297718, 42.5091106], [1.5299932, 42.5091802], [1.5302127, 42.5092564], [1.5304323, 42.5093319], [1.5306522, 42.5093504], [1.5308711, 42.5094028], [1.5310887, 42.5094838], [1.5313056, 42.5095669], [1.5315225, 42.50965], [1.5317414, 42.5097274], [1.5319601, 42.5098056], [1.5321818, 42.5098686], [1.5323946, 42.5099233], [1.5326229, 42.5099626], [1.5328546, 42.5099779], [1.5330857, 42.5100004], [1.5333169, 42.5100229], [1.5335309, 42.5101122], [1.5337417, 42.5102093], [1.5339476, 42.5103167], [1.5341536, 42.5104241], [1.5343595, 42.5105315], [1.5345654, 42.5106389], [1.5347713, 42.5107463], [1.5349683, 42.5108645], [1.5351215, 42.5110373], [1.5353018, 42.5111825], [1.535504, 42.5112967], [1.5357138, 42.5113962], [1.5357721, 42.5115351], [1.5358254, 42.5117041], [1.535949, 42.5118991], [1.5360563, 42.5121051], [1.5361623, 42.5123049]], "mood_vectors": [[0.0452, 0.0548, 0.0431, 0.0279, 0.0587, 0.7464, 0.0238], [0.0485, 0.0548, 0.0725, 0.0303, 0.0129, 0.7195, 0.0614], [0.0506, 0.0793, 0.0131, 0.0155, 0.0246, 0.7554, 0.0615], [0.0329, 0.0517, 0.0743, 0.073, 0.0722, 0.6642, 0.0316], [0.0559, 0.0524, 0.0943, 0.0383, 0.0877, 0.6514, 0.0199], [0.0402, 0.0748, 0.0559, 0.0245, 0.0595, 0.6783, 0.0669], [0.0876, 0.0431, 0.082, 0.0851, 0.0635, 0.6223, 0.0164], [0.0149, 0.048, 0.0354, 0.0126, 0.0844, 0.7588, 0.046], [0.0539, 0.074, 0.0848, 0.0308, 0.0507, 0.6703, 0.0355], [0.0546, 0.0538, 0.04, 0.0172, 0.0704, 0.7135, 0.0505], [0.0416, 0.0313, 0.0488, 0.0793, 0.0557, 0.7274, 0.0159], [0.0867, 0.0547, 0.0467, 0.0644, 0.0452, 0.6678, 0.0345], [0.0766, 0.0602, 0.0145, 0.0157, 0.0675, 0.7245, 0.041], [0.0706, 0.0474, 0.0904, 0.0401, 0.07, 0.6327, 0.0487], [0.0567, 0.0384, 0.0185, 0.0982, 0.0382, 0.7248, 0.0252], [0.0166, 0.0691, 0.0765, 0.0789, 0.0301, 0.712, 0.0168], [0.0577, 0.0626, 0.0196, 0.0444, 0.0778, 0.6717, 0.0661], [0.0676, 0.0314, 0.0676, 0.026, 0.0677, 0.6841, 0.0555], [0.0458, 0.041, 0.0956, 0.0422, 0.0798, 0.6721, 0.0235], [0.0508, 0.0802, 0.073, 0.09, 0.0314, 0.65, 0.0247], [0.029, 0.0825, 0.0823, 0.048, 0.076, 0.5942, 0.088], [0.0484, 0.0339, 0.0439, 0.0196, 0.0629, 0.7546, 0.0367], [0.0653, 0.0386, 0.0378, 0.0778, 0.0484, 0.6539, 0.0781], [0.0532, 0.0703, 0.0764, 0.0406, 0.0402, 0.6923, 0.0271], [0.0537, 0.0485, 0.0302, 0.0388, 0.0166, 0.7965, 0.0157], [0.0305, 0.0543, 0.0823, 0.0208, 0.049, 0.7312, 0.0319], [0.0436, 0.0398, 0.0356, 0.0566, 0.0187, 0.7221, 0.0837], [0.0577, 0.0701, 0.0489, 0.0642, 0.0225, 0.7232, 0.0134], [0.086, 0.0347, 0.0411, 0.0879, 0.0367, 0.6679, 0.0458], [0.048, 0.0821, 0.023, 0.0183, 0.0358, 0.751, 0.0418], [0.0298, 0.0728, 0.0664, 0.0193, 0.0613, 0.732, 0.0184], [0.0225, 0.0321, 0.0369, 0.0724, 0.0399, 0.7677, 0.0285], [0.0326, 0.0992, 0.0986, 0.0457, 0.0464, 0.6407, 0.0369], [0.0178, 0.0661, 0.0177, 0.0627, 0.0549, 0.7187, 0.0622], [0.0718, 0.0924, 0.0135, 0.0348, 0.0762, 0.6887, 0.0226], [0.0606, 0.0455, 0.0444, 0.0548, 0.0373, 0.7109, 0.0466], [0.0715, 0.0176, 0.0836, 0.0695, 0.0539, 0.6641, 0.0398], [0.0438, 0.0223, 0.0519, 0.0304, 0.0175, 0.7527, 0.0813], [0.0579, 0.0832, 0.0792, 0.0676, 0.0618, 0.6242, 0.0262], [0.0618, 0.0648, 0.067, 0.06, 0.0142, 0.6516, 0.0806], [0.063, 0.0597, 0.0505, 0.0745, 0.0304, 0.6879, 0.0339], [0.0285, 0.0704, 0.0867, 0.0421, 0.0358, 0.699, 0.0374], [0.0632, 0.0201, 0.0467, 0.0892, 0.0524, 0.6642, 0.0641], [0.0196, 0.0278, 0.0268, 0.0565, 0.0773, 0.7523, 0.0398], [0.0362, 0.0437, 0.0354, 0.0532, 0.0579, 0.7138, 0.0597], [0.0223, 0.0449, 0.0463, 0.0802, 0.0562, 0.6916, 0.0586], [0.0636, 0.0854, 0.0469, 0.0607, 0.0621, 0.6448, 0.0363], [0.0213, 0.0247, 0.032, 0.0699, 0.0355, 0.7869, 0.0297], [0.0603, 0.0716, 0.0765, 0.0589, 0.0737, 0.5768, 0.0822], [0.0166, 0.0233, 0.056, 0.0383, 0.0335, 0.7839, 0.0484], [0.0628, 0.0719, 0.0806, 0.0694, 0.0552, 0.5931, 0.067], [0.0386, 0.078, 0.0192, 0.0544, 0.0738, 0.6797, 0.0563], [0.0845, 0.0884, 0.0324, 0.0492, 0.0435, 0.6532, 0.0488], [0.0732, 0.0478, 0.0726, 0.0532, 0.0758, 0.6591, 0.0184], [0.0231, 0.0737, 0.0635, 0.0205, 0.0642, 0.6842, 0.0707], [0.0601, 0.0221, 0.0747, 0.0369, 0.0509, 0.7253, 0.03], [0.0608, 0.0478, 0.0276, 0.0707, 0.0563, 0.6751, 0.0616], [0.046, 0.0297, 0.021, 0.026, 0.0724, 0.7575, 0.0472], [0.0814, 0.031, 0.0465, 0.0181, 0.0733, 0.6804, 0.0692], [0.0481, 0.0186, 0.066, 0.0699, 0.0252, 0.7449, 0.0273], [0.021, 0.0755, 0.0265, 0.0789, 0.0603, 0.7156, 0.0224], [0.0451, 0.0587, 0.0192, 0.065, 0.0373, 0.6896, 0.0851], [0.0486, 0.0214, 0.0413, 0.0579, 0.0623, 0.7028, 0.0657], [0.0516, 0.0604, 0.0686, 0.0214, 0.0713, 0.6631, 0.0636], [0.0839, 0.0485, 0.0594, 0.0494, 0.0533, 0.6395, 0.066], [0.0347, 0.066, 0.0545, 0.0452, 0.0521, 0.7189, 0.0286], [0.0464, 0.0665, 0.0326, 0.0688, 0.0301, 0.6845, 0.0711], [0.0438, 0.0845, 0.0529, 0.0196, 0.0474, 0.7369, 0.015], [0.0334, 0.0567, 0.039, 0.0689, 0.0395, 0.7155, 0.0469], [0.0494, 0.0333, 0.0872, 0.041, 0.0318, 0.6792, 0.0782], [0.0625, 0.075, 0.0764, 0.0697, 0.0389, 0.6391, 0.0384], [0.0673, 0.0384, 0.0657, 0.0847, 0.0393, 0.6397, 0.0648], [0.0474, 0.0529, 0.0642, 0.0575, 0.0409, 0.6543, 0.0828], [0.0701, 0.0841, 0.0668, 0.0499, 0.0594, 0.6312, 0.0386], [0.0644, 0.0811, 0.0129, 0.031, 0.0247, 0.7098, 0.0761], [0.0411, 0.05, 0.0557, 0.0721, 0.0426, 0.7167, 0.0218], [0.0738, 0.0226, 0.0616, 0.0538, 0.0355, 0.7341, 0.0185], [0.0754, 0.0124, 0.0775, 0.0631, 0.0362, 0.6581, 0.0773], [0.0303, 0.0324, 0.073, 0.0395, 0.0235, 0.7799, 0.0213], [0.0772, 0.0248, 0.0288, 0.0246, 0.0367, 0.7739, 0.034]], "emotions": ["purple", "purple", "purple", "purple", "purple", "purple", "purple", "purple", "purple", "purple", "purple", "purple", "purple", "purple", "purple", "purple", "purple", "purple", "purple", "purple", "purple", "purple", "purple", "purple", "purple", "purple", "purple", "purple", "purple", "purple", "purple", "purple", "purple", "purple", "purple", "purple", "purple", "purple", "purple", "purple", "purple", "purple", "purple", "purple", "purple", "purple", "purple", "purple", "purple", "purple", "purple", "purple", "purple", "purple", "purple", "purple", "purple", "purple", "purple", "purple", "purple", "purple", "purple", "purple", "purple", "purple", "purple", "purple", "purple", "purple", "purple", "purple", "purple", "purple", "purple", "purple", "purple", "purple", "purple", "purple"], "timestamps": [0, 40, 80, 120, 160, 200, 240, 280, 320, 360, 400, 440, 480, 520, 560, 600, 640, 680, 720, 760, 800, 840, 880, 920, 960, 1000, 1040, 1080, 1120, 1160, 1200, 1240, 1280, 1320, 1360, 1400, 1440, 1480, 1520, 1560, 1600, 1640, 1680, 1720, 1760, 1800, 1840, 1880, 1920, 1960, 2000, 2040, 2080, 2120, 2160, 2200, 2240, 2280, 2320, 2360, 2400, 2440, 2480, 2520, 2560, 2600, 2640, 2680, 2720, 2760, 2800, 2840, 2880, 2920, 2960, 3000, 3040, 3080, 3120, 3160]}], "conversation": [], "conversation_timestamps": []}