{"agent_id": "agent-green-757", "type": "green", "trips": [{"trip_id": 0, "transport_method": "bicycle", "start_time": 0, "path": [[1.5401981, 42.5096471], [1.538783, 42.5090069], [1.5378756, 42.5079216], [1.5368405, 42.5069884], [1.5352346, 42.5065421], [1.5337272, 42.5057727], [1.5321754, 42.5050824], [1.5326707, 42.5051782], [1.5314503, 42.5049585], [1.5298261, 42.5044229], [1.528129, 42.5041178], [1.5264209, 42.5039256], [1.5247016, 42.5039106], [1.5233181, 42.503069], [1.5218629, 42.5022037], [1.5207639, 42.5009059], [1.5195834, 42.5000605], [1.5201018, 42.4995303], [1.5206945, 42.4989461], [1.5203329, 42.497778], [1.5186527, 42.4975542], [1.5170356, 42.4969518], [1.5159994, 42.4960286], [1.5160252, 42.4952931], [1.5172526, 42.4948085], [1.5182431, 42.4938001], [1.5184379, 42.4923574], [1.5186087, 42.4928976], [1.5179493, 42.4918994], [1.5163688, 42.491361], [1.5147246, 42.4911058], [1.5131542, 42.4907826], [1.5123754, 42.4895992], [1.511495, 42.4881558], [1.5109205, 42.4872266], [1.5107903, 42.4855514], [1.5100933, 42.4840342], [1.5099464, 42.4825863], [1.5091689, 42.4811076], [1.5080999, 42.4800638], [1.5081137, 42.479371], [1.5070256, 42.479102], [1.5064516, 42.4783217], [1.5075965, 42.477867], [1.5068932, 42.4762995], [1.5072331, 42.4768797], [1.5079061, 42.4778245], [1.5070279, 42.4770912], [1.5060369, 42.4756882], [1.5058238, 42.4743423], [1.5074393, 42.4738089], [1.5089931, 42.4730539], [1.5078012, 42.4728523], [1.5068438, 42.4737808], [1.5069912, 42.4735331], [1.5079027, 42.4720656], [1.5088142, 42.4705981], [1.5097257, 42.4691306], [1.5106372, 42.4676631], [1.5109838, 42.4663844], [1.5095388, 42.4670074], [1.5099511, 42.4686322], [1.5109734, 42.4699592], [1.5119512, 42.4712366], [1.5117812, 42.4721636], [1.5104269, 42.4728397], [1.5094941, 42.4724351], [1.5100309, 42.4707931], [1.5105677, 42.4691511], [1.5111045, 42.467509], [1.5121984, 42.4667067], [1.5137722, 42.4661382], [1.5153622, 42.4662423], [1.5164966, 42.4654908], [1.5169793, 42.4639881], [1.5168708, 42.4633377], [1.5165814, 42.4618679], [1.5158467, 42.4611026], [1.5142752, 42.4603933], [1.5143927, 42.4610747]], "mood_vectors": [[0.0501, 0.0277, 0.0569, 0.0523, 0.0467, 0.0313, 0.735], [0.0722, 0.071, 0.0417, 0.0298, 0.0455, 0.0713, 0.6685], [0.0379, 0.074, 0.0611, 0.034, 0.0731, 0.0194, 0.7004], [0.0725, 0.0262, 0.0206, 0.0213, 0.0374, 0.0578, 0.7643], [0.0351, 0.0157, 0.0626, 0.0388, 0.0779, 0.0838, 0.6861], [0.0624, 0.092, 0.0466, 0.0627, 0.0364, 0.0356, 0.6643], [0.0618, 0.0734, 0.0714, 0.0684, 0.0403, 0.0147, 0.6699], [0.0635, 0.0699, 0.0128, 0.0222, 0.0764, 0.0438, 0.7115], [0.0517, 0.0423, 0.0733, 0.0287, 0.0381, 0.0714, 0.6945], [0.0464, 0.0838, 0.0523, 0.0603, 0.024, 0.0531, 0.6801], [0.046, 0.0543, 0.0655, 0.0419, 0.0768, 0.0368, 0.6788], [0.0706, 0.0498, 0.0516, 0.0676, 0.0778, 0.0248, 0.6579], [0.0226, 0.047, 0.0544, 0.0319, 0.0262, 0.0493, 0.7687], [0.0563, 0.0121, 0.0257, 0.0402, 0.0123, 0.0224, 0.8308], [0.0643, 0.0723, 0.0715, 0.0775, 0.0172, 0.0823, 0.6149], [0.0185, 0.044, 0.0533, 0.0744, 0.0641, 0.0409, 0.7047], [0.0752, 0.0193, 0.0741, 0.0542, 0.0787, 0.0194, 0.679], [0.0783, 0.064, 0.0533, 0.0709, 0.0246, 0.0601, 0.6488], [0.0701, 0.0746, 0.0136, 0.0702, 0.0572, 0.02, 0.6943], [0.0682, 0.0655, 0.0495, 0.0605, 0.0359, 0.0202, 0.7001], [0.017, 0.0455, 0.0473, 0.0532, 0.0434, 0.0879, 0.7056], [0.0522, 0.0182, 0.0399, 0.0463, 0.0232, 0.0382, 0.782], [0.0513, 0.0368, 0.0235, 0.0297, 0.0535, 0.0427, 0.7625], [0.0299, 0.0339, 0.0296, 0.0563, 0.0577, 0.0234, 0.7693], [0.0368, 0.0574, 0.0662, 0.0217, 0.053, 0.0444, 0.7204], [0.0266, 0.0367, 0.0143, 0.0673, 0.0573, 0.0457, 0.7521], [0.0647, 0.0661, 0.0152, 0.078, 0.0218, 0.0793, 0.6749], [0.0521, 0.0401, 0.0617, 0.0675, 0.0765, 0.0751, 0.627], [0.0376, 0.0526, 0.0458, 0.0282, 0.0164, 0.0783, 0.7411], [0.0392, 0.0134, 0.0707, 0.0902, 0.0816, 0.0299, 0.6749], [0.0275, 0.0691, 0.0722, 0.0379, 0.0295, 0.0411, 0.7226], [0.0946, 0.0663, 0.0307, 0.0207, 0.0166, 0.0203, 0.7508], [0.0379, 0.0194, 0.037, 0.0203, 0.0404, 0.0138, 0.8311], [0.0546, 0.0817, 0.0487, 0.0456, 0.0156, 0.0222, 0.7317], [0.036, 0.0691, 0.0581, 0.0115, 0.0273, 0.0416, 0.7565], [0.0177, 0.0668, 0.0284, 0.0716, 0.0145, 0.0561, 0.7449], [0.0712, 0.0771, 0.0769, 0.0768, 0.0616, 0.0544, 0.5821], [0.0475, 0.0179, 0.0373, 0.0625, 0.0308, 0.0796, 0.7245], [0.0721, 0.0372, 0.0497, 0.0367, 0.0572, 0.0858, 0.6614], [0.0583, 0.0379, 0.0446, 0.0274, 0.0188, 0.04, 0.773], [0.0988, 0.0187, 0.095, 0.0369, 0.0538, 0.0225, 0.6743], [0.0257, 0.0133, 0.0609, 0.0548, 0.0515, 0.0741, 0.7197], [0.0189, 0.04, 0.0506, 0.0463, 0.0546, 0.0649, 0.7247], [0.0128, 0.0591, 0.0575, 0.0288, 0.0732, 0.0569, 0.7116], [0.0534, 0.0302, 0.0463, 0.0244, 0.0728, 0.0793, 0.6936], [0.0482, 0.0502, 0.0411, 0.0747, 0.0879, 0.0707, 0.6272], [0.0534, 0.0738, 0.0317, 0.0414, 0.0336, 0.0546, 0.7116], [0.0252, 0.0269, 0.0572, 0.0442, 0.0586, 0.0409, 0.747], [0.0775, 0.0215, 0.0602, 0.0439, 0.0684, 0.0145, 0.7139], [0.0378, 0.0402, 0.0786, 0.055, 0.071, 0.0774, 0.6399], [0.0412, 0.0762, 0.034, 0.0396, 0.0481, 0.0168, 0.744], [0.0661, 0.0239, 0.0649, 0.0473, 0.0206, 0.0752, 0.7019], [0.0917, 0.0288, 0.0437, 0.0306, 0.0273, 0.0427, 0.7353], [0.0168, 0.0787, 0.0335, 0.0309, 0.0731, 0.0634, 0.7035], [0.0588, 0.0634, 0.0166, 0.0279, 0.0745, 0.082, 0.6768], [0.0531, 0.0882, 0.0781, 0.0201, 0.0418, 0.0682, 0.6504], [0.0341, 0.0414, 0.0268, 0.0122, 0.0716, 0.0742, 0.7396], [0.047, 0.0845, 0.0377, 0.0815, 0.035, 0.0808, 0.6336], [0.0165, 0.0159, 0.07, 0.0679, 0.0303, 0.013, 0.7863], [0.0667, 0.0355, 0.0772, 0.0492, 0.0716, 0.057, 0.6427], [0.0417, 0.0778, 0.0305, 0.0202, 0.0414, 0.0283, 0.7601], [0.0699, 0.0652, 0.0614, 0.0257, 0.0647, 0.0127, 0.7005], [0.019, 0.0456, 0.0329, 0.0158, 0.065, 0.0704, 0.7514], [0.0438, 0.0689, 0.0832, 0.089, 0.0212, 0.0183, 0.6755], [0.0124, 0.0767, 0.0384, 0.039, 0.0815, 0.0583, 0.6936], [0.0388, 0.0111, 0.0643, 0.0602, 0.0686, 0.0543, 0.7028], [0.0366, 0.0583, 0.0291, 0.073, 0.0554, 0.0151, 0.7324], [0.0771, 0.0609, 0.0297, 0.072, 0.04, 0.0249, 0.6953], [0.0338, 0.0557, 0.0508, 0.0605, 0.0151, 0.0533, 0.7306], [0.0277, 0.0742, 0.0493, 0.0804, 0.068, 0.0159, 0.6846], [0.0489, 0.0307, 0.0156, 0.0286, 0.0224, 0.0636, 0.7902], [0.0153, 0.0288, 0.0465, 0.0427, 0.0503, 0.0533, 0.763], [0.0337, 0.0228, 0.043, 0.0394, 0.018, 0.0232, 0.8199], [0.0578, 0.0511, 0.0642, 0.0656, 0.0673, 0.0149, 0.679], [0.077, 0.0598, 0.0473, 0.019, 0.0185, 0.018, 0.7604], [0.066, 0.0551, 0.0385, 0.0147, 0.0436, 0.0197, 0.7624], [0.0727, 0.0954, 0.0501, 0.0542, 0.0197, 0.0194, 0.6885], [0.0358, 0.0612, 0.0555, 0.0639, 0.0651, 0.0267, 0.6918], [0.0667, 0.0294, 0.0509, 0.0551, 0.0462, 0.0481, 0.7037], [0.0804, 0.0654, 0.05, 0.0163, 0.0209, 0.0336, 0.7334]], "emotions": ["purple", "purple", "purple", "purple", "purple", "purple", "purple", "purple", "purple", "purple", "purple", "purple", "purple", "purple", "purple", "purple", "purple", "purple", "purple", "purple", "purple", "purple", "purple", "purple", "purple", "purple", "purple", "purple", "purple", "purple", "purple", "purple", "purple", "purple", "purple", "purple", "purple", "purple", "purple", "purple", "purple", "purple", "purple", "purple", "purple", "purple", "purple", "purple", "purple", "purple", "purple", "purple", "purple", "purple", "purple", "purple", "purple", "purple", "purple", "purple", "purple", "purple", "purple", "purple", "purple", "purple", "purple", "purple", "purple", "purple", "purple", "purple", "purple", "purple", "purple", "purple", "purple", "purple", "purple", "purple"], "timestamps": [0, 40, 80, 120, 160, 200, 240, 280, 320, 360, 400, 440, 480, 520, 560, 600, 640, 680, 720, 760, 800, 840, 880, 920, 960, 1000, 1040, 1080, 1120, 1160, 1200, 1240, 1280, 1320, 1360, 1400, 1440, 1480, 1520, 1560, 1600, 1640, 1680, 1720, 1760, 1800, 1840, 1880, 1920, 1960, 2000, 2040, 2080, 2120, 2160, 2200, 2240, 2280, 2320, 2360, 2400, 2440, 2480, 2520, 2560, 2600, 2640, 2680, 2720, 2760, 2800, 2840, 2880, 2920, 2960, 3000, 3040, 3080, 3120, 3160]}], "conversation": [], "conversation_timestamps": []}