{"agent_id": "agent-purple-249", "type": "purple", "trips": [{"trip_id": 0, "transport_method": "car", "start_time": 0, "path": [[1.512448, 42.5018549], [1.5135542, 42.5020837], [1.5135529, 42.5020056], [1.5132256, 42.5018425], [1.514358, 42.5023903], [1.5150842, 42.5027843], [1.5155889, 42.503098], [1.515678, 42.5031807], [1.5167989, 42.5037158], [1.5180499, 42.5036673], [1.5192153, 42.5037585], [1.5204103, 42.5040289], [1.521581, 42.5044873], [1.5226985, 42.5047354], [1.5239399, 42.5049173], [1.5251768, 42.5051455], [1.5264166, 42.5053136], [1.5276692, 42.5053141], [1.5281052, 42.5053005], [1.5293482, 42.5054487], [1.5304905, 42.5058515], [1.5315555, 42.5065173], [1.5325489, 42.5066331], [1.5327975, 42.5067274], [1.5340181, 42.5069877], [1.5350656, 42.5075575], [1.5363011, 42.507743], [1.5375083, 42.5079906], [1.5387278, 42.5082273], [1.5399592, 42.508385], [1.5410112, 42.5087094], [1.54225, 42.5088921], [1.5427424, 42.5089206], [1.5439555, 42.5092108], [1.5451975, 42.5093481], [1.5459205, 42.5095943], [1.5459819, 42.5096373], [1.5463288, 42.5104681], [1.5472468, 42.5112062], [1.5484669, 42.5115114], [1.5496817, 42.5118344], [1.5503271, 42.5121025], [1.5505128, 42.5122058], [1.5514984, 42.5129769], [1.5511212, 42.5126454], [1.5521605, 42.5133427], [1.5525717, 42.5137013], [1.5527713, 42.5149013], [1.5534036, 42.5159764], [1.5539187, 42.5171101], [1.5548915, 42.5178796], [1.5559481, 42.5184196], [1.5567445, 42.5193816], [1.5575903, 42.5202567], [1.5585004, 42.5211245], [1.5594836, 42.5219025], [1.5595219, 42.5219693], [1.5605911, 42.5226137], [1.5616098, 42.5233511], [1.562455, 42.5242783], [1.5635696, 42.5248175], [1.564722, 42.5252322], [1.5658939, 42.5256831], [1.5669342, 42.5263827], [1.5679475, 42.5271249], [1.5690294, 42.5277458], [1.5701009, 42.5283954], [1.5711077, 42.5291395], [1.5720586, 42.52995], [1.572817, 42.5309482], [1.5736776, 42.5318631], [1.5747527, 42.5323683], [1.5759771, 42.5326411], [1.5772027, 42.5328214], [1.5784443, 42.533001], [1.579634, 42.5333874], [1.580747, 42.5339372], [1.5819049, 42.534307], [1.5827722, 42.5351921], [1.5839657, 42.5349951]], "mood_vectors": [[0.0416, 0.0294, 0.076, 0.0313, 0.0331, 0.7153, 0.0733], [0.0754, 0.0144, 0.0282, 0.0478, 0.0342, 0.7389, 0.0611], [0.054, 0.0105, 0.0584, 0.0498, 0.0505, 0.7133, 0.0635], [0.0719, 0.0685, 0.057, 0.0282, 0.0707, 0.6628, 0.0409], [0.0592, 0.0152, 0.0267, 0.0384, 0.0424, 0.7857, 0.0324], [0.066, 0.0447, 0.0211, 0.0543, 0.0718, 0.6681, 0.074], [0.0278, 0.0316, 0.0782, 0.0587, 0.0833, 0.6348, 0.0855], [0.0289, 0.0383, 0.053, 0.0652, 0.0234, 0.7225, 0.0686], [0.0173, 0.0448, 0.0826, 0.0986, 0.042, 0.672, 0.0426], [0.0626, 0.0552, 0.0647, 0.0475, 0.0744, 0.6605, 0.0351], [0.0677, 0.0177, 0.0758, 0.055, 0.0183, 0.7103, 0.0553], [0.069, 0.0275, 0.0234, 0.0432, 0.0373, 0.7399, 0.0597], [0.0846, 0.0619, 0.0673, 0.056, 0.0613, 0.6101, 0.0587], [0.0145, 0.0872, 0.0837, 0.0163, 0.0342, 0.731, 0.0331], [0.0686, 0.0279, 0.0519, 0.0471, 0.0643, 0.6958, 0.0444], [0.0501, 0.0357, 0.0719, 0.0118, 0.0779, 0.7194, 0.0332], [0.068, 0.0195, 0.0783, 0.0302, 0.0594, 0.6675, 0.077], [0.0595, 0.062, 0.0572, 0.0597, 0.042, 0.6556, 0.0641], [0.014, 0.0477, 0.0274, 0.0698, 0.0551, 0.7121, 0.0738], [0.0226, 0.072, 0.0504, 0.05, 0.0942, 0.6638, 0.047], [0.0636, 0.0968, 0.0422, 0.0424, 0.0396, 0.6743, 0.0411], [0.0257, 0.0368, 0.0651, 0.0513, 0.0594, 0.6964, 0.0652], [0.0186, 0.052, 0.0229, 0.0701, 0.0281, 0.7593, 0.0489], [0.0489, 0.0454, 0.0848, 0.0301, 0.0452, 0.6738, 0.0718], [0.016, 0.0156, 0.0498, 0.0752, 0.0597, 0.7695, 0.0141], [0.0677, 0.0615, 0.0135, 0.0694, 0.0622, 0.7102, 0.0155], [0.0624, 0.0746, 0.0591, 0.0268, 0.0758, 0.6715, 0.0298], [0.0576, 0.0391, 0.0232, 0.0615, 0.0403, 0.7137, 0.0647], [0.0676, 0.0358, 0.0621, 0.0446, 0.0611, 0.6495, 0.0794], [0.0177, 0.074, 0.0905, 0.0367, 0.0525, 0.713, 0.0156], [0.0156, 0.0352, 0.0346, 0.0408, 0.037, 0.7841, 0.0527], [0.0131, 0.0525, 0.0146, 0.0264, 0.0342, 0.812, 0.0472], [0.0451, 0.0524, 0.0675, 0.0705, 0.0402, 0.6625, 0.0618], [0.0253, 0.0612, 0.0258, 0.0117, 0.0674, 0.7328, 0.0758], [0.0376, 0.0129, 0.0457, 0.0204, 0.0161, 0.8359, 0.0313], [0.0534, 0.0152, 0.0717, 0.0773, 0.0315, 0.7184, 0.0324], [0.032, 0.0725, 0.0856, 0.0877, 0.0139, 0.666, 0.0423], [0.045, 0.0422, 0.0175, 0.0223, 0.0338, 0.7468, 0.0924], [0.0245, 0.0538, 0.0908, 0.0322, 0.0451, 0.7129, 0.0407], [0.061, 0.0601, 0.0824, 0.0151, 0.081, 0.6727, 0.0277], [0.0289, 0.0391, 0.0618, 0.0482, 0.0853, 0.6554, 0.0812], [0.091, 0.0472, 0.0239, 0.0275, 0.0853, 0.6687, 0.0565], [0.0684, 0.0362, 0.0338, 0.0265, 0.0567, 0.7325, 0.046], [0.0748, 0.044, 0.0701, 0.0318, 0.0392, 0.6679, 0.0721], [0.06, 0.0119, 0.0728, 0.0756, 0.0782, 0.6398, 0.0617], [0.0297, 0.0395, 0.0669, 0.0356, 0.0616, 0.725, 0.0418], [0.0369, 0.0642, 0.016, 0.052, 0.0287, 0.7315, 0.0707], [0.0592, 0.037, 0.043, 0.0573, 0.0592, 0.677, 0.0673], [0.0483, 0.0477, 0.0483, 0.0471, 0.0646, 0.6965, 0.0475], [0.0528, 0.0152, 0.0478, 0.0569, 0.059, 0.699, 0.0692], [0.0219, 0.0255, 0.0522, 0.0134, 0.068, 0.7515, 0.0675], [0.0889, 0.0272, 0.0447, 0.0879, 0.0558, 0.6799, 0.0156], [0.0448, 0.0519, 0.0393, 0.0927, 0.0974, 0.6199, 0.0539], [0.0985, 0.0834, 0.0363, 0.0227, 0.0564, 0.6459, 0.0568], [0.0589, 0.0816, 0.0889, 0.0442, 0.0766, 0.6153, 0.0345], [0.063, 0.0347, 0.0353, 0.0281, 0.0668, 0.7449, 0.0271], [0.0651, 0.0286, 0.0432, 0.0456, 0.0468, 0.6996, 0.0711], [0.0647, 0.0652, 0.0672, 0.0525, 0.0268, 0.6934, 0.0302], [0.0617, 0.0463, 0.0534, 0.0422, 0.052, 0.7134, 0.0309], [0.0661, 0.0454, 0.0693, 0.0823, 0.0403, 0.622, 0.0746], [0.0621, 0.0791, 0.0233, 0.0721, 0.0474, 0.6669, 0.0491], [0.0351, 0.0458, 0.065, 0.0364, 0.0149, 0.7549, 0.0479], [0.0393, 0.0539, 0.0704, 0.0419, 0.0701, 0.6941, 0.0302], [0.0196, 0.0332, 0.0644, 0.0497, 0.0216, 0.759, 0.0524], [0.0399, 0.0785, 0.0793, 0.04, 0.055, 0.6615, 0.0457], [0.014, 0.0324, 0.0495, 0.0279, 0.0241, 0.808, 0.0442], [0.0216, 0.0606, 0.0618, 0.041, 0.0901, 0.7017, 0.0232], [0.0422, 0.0131, 0.024, 0.0559, 0.0169, 0.7717, 0.0762], [0.0955, 0.0225, 0.0343, 0.0499, 0.0341, 0.7301, 0.0336], [0.0452, 0.0495, 0.0584, 0.059, 0.0333, 0.7319, 0.0227], [0.0167, 0.0631, 0.0246, 0.0803, 0.0733, 0.671, 0.0708], [0.0173, 0.0723, 0.0331, 0.0767, 0.0661, 0.6693, 0.0652], [0.0274, 0.0725, 0.0717, 0.0491, 0.0515, 0.6691, 0.0587], [0.0666, 0.0594, 0.08, 0.0233, 0.0698, 0.6287, 0.0722], [0.083, 0.0654, 0.0475, 0.0487, 0.0388, 0.651, 0.0657], [0.0353, 0.0289, 0.0133, 0.0552, 0.0494, 0.7563, 0.0616], [0.0723, 0.0182, 0.0145, 0.0716, 0.0604, 0.679, 0.084], [0.0438, 0.0395, 0.0571, 0.0656, 0.0541, 0.6862, 0.0536], [0.0223, 0.0616, 0.0807, 0.0587, 0.0824, 0.6498, 0.0445], [0.0421, 0.0502, 0.0484, 0.0362, 0.0388, 0.7338, 0.0505]], "emotions": ["purple", "purple", "purple", "purple", "purple", "purple", "purple", "purple", "purple", "purple", "purple", "purple", "purple", "purple", "purple", "purple", "purple", "purple", "purple", "purple", "purple", "purple", "purple", "purple", "purple", "purple", "purple", "purple", "purple", "purple", "purple", "purple", "purple", "purple", "purple", "purple", "purple", "purple", "purple", "purple", "purple", "purple", "purple", "purple", "purple", "purple", "purple", "purple", "purple", "purple", "purple", "purple", "purple", "purple", "purple", "purple", "purple", "purple", "purple", "purple", "purple", "purple", "purple", "purple", "purple", "purple", "purple", "purple", "purple", "purple", "purple", "purple", "purple", "purple", "purple", "purple", "purple", "purple", "purple", "purple"], "timestamps": [0, 40, 80, 120, 160, 200, 240, 280, 320, 360, 400, 440, 480, 520, 560, 600, 640, 680, 720, 760, 800, 840, 880, 920, 960, 1000, 1040, 1080, 1120, 1160, 1200, 1240, 1280, 1320, 1360, 1400, 1440, 1480, 1520, 1560, 1600, 1640, 1680, 1720, 1760, 1800, 1840, 1880, 1920, 1960, 2000, 2040, 2080, 2120, 2160, 2200, 2240, 2280, 2320, 2360, 2400, 2440, 2480, 2520, 2560, 2600, 2640, 2680, 2720, 2760, 2800, 2840, 2880, 2920, 2960, 3000, 3040, 3080, 3120, 3160]}], "conversation": [], "conversation_timestamps": []}