{"agent_id": "agent-green-397", "type": "green", "trips": [{"trip_id": 0, "transport_method": "foot", "start_time": 0, "path": [[1.6509752, 42.5802563], [1.6500142, 42.5797493], [1.6493747, 42.5794863], [1.647116, 42.5801765], [1.644516, 42.5796745], [1.6418572, 42.5794972], [1.6392878, 42.5789461], [1.6366729, 42.5787247], [1.6355388, 42.5784047], [1.6363014, 42.5786487], [1.633697, 42.5781497], [1.6310612, 42.5785223], [1.6285591, 42.5777372], [1.6261031, 42.5771604], [1.6267962, 42.5778082], [1.6251136, 42.5764913], [1.6225815, 42.5756955], [1.6203421, 42.574355], [1.6179153, 42.5734088], [1.6155289, 42.5726361], [1.6129455, 42.5720269], [1.6104104, 42.5714147], [1.6078114, 42.5711127], [1.6060222, 42.5706032], [1.6045012, 42.5687058], [1.6020904, 42.5677102], [1.6001298, 42.5660254], [1.6008688, 42.5668464], [1.5989062, 42.5651449], [1.596562, 42.5645313], [1.5941249, 42.5635263], [1.5937552, 42.5613002], [1.5933161, 42.5589762], [1.5916938, 42.5573559], [1.5913537, 42.5548593], [1.5909815, 42.5529711], [1.5918213, 42.5506047], [1.5923316, 42.5480982], [1.5914132, 42.5457151], [1.5916098, 42.5431916], [1.5923792, 42.5407905], [1.591688, 42.5382947], [1.589415, 42.5369778], [1.5877556, 42.5350551], [1.5872662, 42.5347674], [1.5854938, 42.5335702], [1.5838896, 42.532294], [1.5813599, 42.5317135], [1.5786936, 42.5318051], [1.5760403, 42.5315598], [1.5737888, 42.5303014], [1.574214, 42.5309669], [1.5733828, 42.5299347], [1.5710428, 42.5291616], [1.5700441, 42.528358], [1.5705136, 42.5288346], [1.568293, 42.5273555], [1.5689593, 42.5276842], [1.5670554, 42.5264376], [1.5647007, 42.5252272], [1.562338, 42.524149], [1.5602944, 42.5224792], [1.5582181, 42.5208713], [1.5568823, 42.5194285], [1.5564015, 42.5190651], [1.5549587, 42.5179086], [1.5539575, 42.5171657], [1.5534792, 42.5162621], [1.5526858, 42.5138018], [1.5505714, 42.5122474], [1.5481928, 42.5116998], [1.5457482, 42.5107594], [1.5437004, 42.5096435], [1.5419128, 42.5107253], [1.540034, 42.5121129], [1.5386822, 42.5131324], [1.538122, 42.5143632], [1.5354963, 42.5147965], [1.5331848, 42.5148903], [1.5353553, 42.514228]], "mood_vectors": [[0.0321, 0.0618, 0.0784, 0.071, 0.0782, 0.0484, 0.6302], [0.0753, 0.025, 0.0534, 0.0511, 0.015, 0.0649, 0.7154], [0.0593, 0.0821, 0.0811, 0.0397, 0.0719, 0.0438, 0.622], [0.0831, 0.0899, 0.0196, 0.0175, 0.053, 0.0593, 0.6776], [0.0488, 0.0368, 0.0548, 0.0202, 0.0813, 0.051, 0.7071], [0.0767, 0.0587, 0.0606, 0.0435, 0.0565, 0.0506, 0.6533], [0.0686, 0.066, 0.0415, 0.0674, 0.0209, 0.0188, 0.7169], [0.065, 0.041, 0.0598, 0.0409, 0.057, 0.06, 0.6764], [0.0309, 0.0886, 0.0419, 0.0562, 0.0171, 0.0731, 0.6922], [0.0463, 0.0807, 0.0621, 0.0524, 0.0611, 0.0705, 0.6269], [0.0576, 0.0411, 0.026, 0.0754, 0.0244, 0.0379, 0.7374], [0.0669, 0.0391, 0.0378, 0.0638, 0.096, 0.0912, 0.6052], [0.0452, 0.0788, 0.0766, 0.0836, 0.0614, 0.079, 0.5754], [0.054, 0.0491, 0.0904, 0.0175, 0.0824, 0.0167, 0.6899], [0.044, 0.0133, 0.0576, 0.0742, 0.0274, 0.0459, 0.7377], [0.0752, 0.0905, 0.0196, 0.0287, 0.0152, 0.0811, 0.6896], [0.0402, 0.0532, 0.0795, 0.019, 0.0789, 0.0697, 0.6595], [0.0527, 0.0843, 0.0523, 0.0332, 0.0814, 0.033, 0.6631], [0.0134, 0.0434, 0.0551, 0.0173, 0.0628, 0.0127, 0.7952], [0.0514, 0.0424, 0.0199, 0.0568, 0.0545, 0.0793, 0.6958], [0.0135, 0.0448, 0.0547, 0.0689, 0.0711, 0.0287, 0.7184], [0.0613, 0.0583, 0.015, 0.033, 0.0707, 0.0585, 0.7032], [0.0712, 0.059, 0.0534, 0.0464, 0.0248, 0.0649, 0.6804], [0.04, 0.0375, 0.0507, 0.0398, 0.0788, 0.0475, 0.7057], [0.0185, 0.0642, 0.0261, 0.0389, 0.0345, 0.0748, 0.743], [0.0391, 0.0693, 0.059, 0.0427, 0.0519, 0.0594, 0.6786], [0.0472, 0.0805, 0.0247, 0.0377, 0.0215, 0.0393, 0.7491], [0.074, 0.0827, 0.0576, 0.0487, 0.0819, 0.0174, 0.6378], [0.02, 0.0416, 0.0442, 0.028, 0.0142, 0.0297, 0.8224], [0.0266, 0.0417, 0.0279, 0.0566, 0.04, 0.073, 0.7343], [0.0291, 0.0317, 0.0665, 0.0471, 0.0594, 0.0292, 0.737], [0.0288, 0.0671, 0.0662, 0.0611, 0.0737, 0.062, 0.6412], [0.062, 0.0334, 0.0413, 0.0394, 0.0379, 0.0583, 0.7276], [0.0301, 0.0178, 0.0402, 0.0772, 0.0258, 0.0237, 0.7852], [0.038, 0.0338, 0.0472, 0.0947, 0.0159, 0.0174, 0.753], [0.0189, 0.0614, 0.0957, 0.0334, 0.0295, 0.0821, 0.6788], [0.0482, 0.0217, 0.0504, 0.053, 0.0872, 0.0544, 0.6851], [0.0479, 0.0811, 0.0435, 0.0492, 0.0456, 0.0443, 0.6884], [0.0549, 0.0597, 0.0303, 0.0176, 0.0734, 0.0871, 0.677], [0.0219, 0.0216, 0.0735, 0.0357, 0.0543, 0.0541, 0.7389], [0.0842, 0.03, 0.0293, 0.0183, 0.016, 0.0746, 0.7475], [0.0536, 0.0684, 0.0221, 0.0419, 0.0325, 0.0506, 0.7309], [0.0171, 0.0772, 0.0802, 0.0706, 0.0855, 0.0466, 0.6229], [0.0358, 0.0249, 0.0283, 0.0201, 0.0134, 0.0703, 0.8072], [0.0515, 0.0333, 0.1002, 0.0191, 0.0573, 0.0834, 0.6552], [0.0525, 0.0133, 0.0205, 0.0445, 0.0686, 0.0205, 0.7801], [0.0521, 0.0506, 0.0511, 0.0775, 0.0309, 0.0233, 0.7145], [0.0486, 0.0161, 0.0884, 0.0145, 0.0204, 0.0648, 0.7473], [0.0559, 0.0438, 0.0521, 0.057, 0.0181, 0.0574, 0.7158], [0.0748, 0.0377, 0.0853, 0.031, 0.0221, 0.0799, 0.6692], [0.0301, 0.094, 0.0563, 0.0241, 0.0794, 0.0396, 0.6765], [0.041, 0.0415, 0.0183, 0.0894, 0.0554, 0.0824, 0.6718], [0.0466, 0.0348, 0.0715, 0.0751, 0.0651, 0.0218, 0.6851], [0.0698, 0.0165, 0.0511, 0.0853, 0.0679, 0.0302, 0.6792], [0.0495, 0.033, 0.0798, 0.029, 0.0659, 0.0345, 0.7083], [0.0421, 0.0591, 0.068, 0.0256, 0.039, 0.0347, 0.7314], [0.0563, 0.0655, 0.0488, 0.0619, 0.082, 0.0529, 0.6327], [0.0541, 0.0287, 0.0251, 0.062, 0.0453, 0.035, 0.7498], [0.0714, 0.0889, 0.0216, 0.0834, 0.0629, 0.0709, 0.6009], [0.0572, 0.0149, 0.0343, 0.0509, 0.0221, 0.0612, 0.7594], [0.0707, 0.0797, 0.0258, 0.0208, 0.0523, 0.037, 0.7137], [0.058, 0.0644, 0.0534, 0.0404, 0.0494, 0.0457, 0.6886], [0.0658, 0.0706, 0.0188, 0.0218, 0.0246, 0.0579, 0.7407], [0.0305, 0.0586, 0.0458, 0.0724, 0.0523, 0.049, 0.6914], [0.0429, 0.0438, 0.0617, 0.0774, 0.0192, 0.0316, 0.7234], [0.0432, 0.0435, 0.0124, 0.0162, 0.0759, 0.0626, 0.7463], [0.0488, 0.0449, 0.081, 0.0357, 0.065, 0.0724, 0.6523], [0.015, 0.0517, 0.065, 0.043, 0.0724, 0.0473, 0.7055], [0.0185, 0.0521, 0.044, 0.0337, 0.0576, 0.0489, 0.7452], [0.0225, 0.0462, 0.0731, 0.0723, 0.0177, 0.0831, 0.6853], [0.0167, 0.0624, 0.0232, 0.0731, 0.0486, 0.0386, 0.7373], [0.0659, 0.0524, 0.0842, 0.0281, 0.0793, 0.0254, 0.6647], [0.0669, 0.0791, 0.0337, 0.0551, 0.0717, 0.0291, 0.6644], [0.047, 0.0836, 0.0707, 0.0663, 0.0317, 0.0249, 0.6758], [0.0296, 0.0675, 0.0541, 0.0646, 0.034, 0.0274, 0.7229], [0.0525, 0.0785, 0.0627, 0.0172, 0.0365, 0.0479, 0.7046], [0.0618, 0.0725, 0.0794, 0.0368, 0.0617, 0.0201, 0.6676], [0.0585, 0.0346, 0.013, 0.0391, 0.0448, 0.0692, 0.7408], [0.0724, 0.0552, 0.05, 0.0355, 0.0145, 0.0579, 0.7143], [0.0471, 0.0288, 0.0307, 0.0787, 0.0521, 0.0584, 0.7043]], "emotions": ["purple", "purple", "purple", "purple", "purple", "purple", "purple", "purple", "purple", "purple", "purple", "purple", "purple", "purple", "purple", "purple", "purple", "purple", "purple", "purple", "purple", "purple", "purple", "purple", "purple", "purple", "purple", "purple", "purple", "purple", "purple", "purple", "purple", "purple", "purple", "purple", "purple", "purple", "purple", "purple", "purple", "purple", "purple", "purple", "purple", "purple", "purple", "purple", "purple", "purple", "purple", "purple", "purple", "purple", "purple", "purple", "purple", "purple", "purple", "purple", "purple", "purple", "purple", "purple", "purple", "purple", "purple", "purple", "purple", "purple", "purple", "purple", "purple", "purple", "purple", "purple", "purple", "purple", "purple", "purple"], "timestamps": [0, 40, 80, 120, 160, 200, 240, 280, 320, 360, 400, 440, 480, 520, 560, 600, 640, 680, 720, 760, 800, 840, 880, 920, 960, 1000, 1040, 1080, 1120, 1160, 1200, 1240, 1280, 1320, 1360, 1400, 1440, 1480, 1520, 1560, 1600, 1640, 1680, 1720, 1760, 1800, 1840, 1880, 1920, 1960, 2000, 2040, 2080, 2120, 2160, 2200, 2240, 2280, 2320, 2360, 2400, 2440, 2480, 2520, 2560, 2600, 2640, 2680, 2720, 2760, 2800, 2840, 2880, 2920, 2960, 3000, 3040, 3080, 3120, 3160]}], "conversation": [], "conversation_timestamps": []}