{"agent_id": "agent-red-1561", "type": "red", "trips": [{"trip_id": 0, "transport_method": "car", "start_time": 0, "path": [[1.7344379, 42.547535], [1.7322326, 42.5462344], [1.7277733, 42.5442793], [1.7229337, 42.5437561], [1.7180513, 42.5438911], [1.7131686, 42.5440301], [1.7082907, 42.5442729], [1.7034286, 42.5447112], [1.6992473, 42.5469326], [1.6959292, 42.5504127], [1.6923165, 42.5536472], [1.689017, 42.5572366], [1.6870326, 42.5564736], [1.6833414, 42.5542736], [1.6824023, 42.5540192], [1.6849785, 42.5548269], [1.6804471, 42.5530249], [1.6795544, 42.5519373], [1.6818406, 42.5490566], [1.6839816, 42.5456278], [1.6838035, 42.5431625], [1.6804643, 42.5405695], [1.6761071, 42.538387], [1.6733473, 42.539057], [1.6685578, 42.5391651], [1.6639391, 42.5386453], [1.6617966, 42.5391505], [1.6573195, 42.5409029], [1.6527695, 42.5423127], [1.6484033, 42.5420226], [1.6436576, 42.5410028], [1.638866, 42.5400533], [1.637421, 42.5396813], [1.6418033, 42.5414242], [1.6462681, 42.5417223], [1.6420846, 42.540689], [1.6372934, 42.5397373], [1.6332782, 42.5391018], [1.6284648, 42.538763], [1.6237473, 42.5380711], [1.6192187, 42.5362398], [1.6193573, 42.5357873], [1.6241913, 42.5351514], [1.6252325, 42.537501], [1.6208867, 42.5369193], [1.6163424, 42.5351412], [1.6188984, 42.5370779], [1.6141276, 42.5365666], [1.60934, 42.5360869], [1.6044732, 42.536431], [1.6013863, 42.5369071], [1.6059008, 42.5366595], [1.6057336, 42.5362974], [1.6008617, 42.5366532], [1.5961067, 42.5362119], [1.5917802, 42.5358939], [1.5906345, 42.535708], [1.5948883, 42.5364048], [1.5900596, 42.535666], [1.5876245, 42.5350025], [1.5845436, 42.5328819], [1.5800241, 42.5317556], [1.5751735, 42.5313817], [1.5745985, 42.5311665], [1.5710572, 42.5291724], [1.5709044, 42.5290949], [1.5681682, 42.5272274], [1.5659763, 42.5257258], [1.5617857, 42.5235137], [1.5579362, 42.5205982], [1.5564465, 42.5191033], [1.5537221, 42.5168105], [1.5527276, 42.5147563], [1.5494348, 42.5117521], [1.5462167, 42.5101451], [1.5418741, 42.5088709], [1.5373857, 42.5079324], [1.5346715, 42.5073799], [1.5320701, 42.5067381], [1.5279359, 42.5061911]], "mood_vectors": [[0.7452, 0.072, 0.0296, 0.0396, 0.0381, 0.0266, 0.0489], [0.7487, 0.0298, 0.0716, 0.0672, 0.0183, 0.0396, 0.0248], [0.7244, 0.0446, 0.0863, 0.0874, 0.0138, 0.0144, 0.029], [0.7076, 0.0756, 0.0457, 0.0787, 0.0294, 0.038, 0.025], [0.688, 0.0648, 0.052, 0.0429, 0.0365, 0.0665, 0.0493], [0.7323, 0.057, 0.016, 0.0811, 0.0592, 0.0294, 0.025], [0.6629, 0.0313, 0.0819, 0.0426, 0.0344, 0.0879, 0.059], [0.6926, 0.021, 0.0523, 0.0636, 0.0341, 0.0679, 0.0686], [0.7271, 0.0582, 0.0652, 0.0597, 0.0179, 0.0567, 0.0152], [0.7066, 0.0603, 0.057, 0.0378, 0.0497, 0.0581, 0.0304], [0.656, 0.0438, 0.0464, 0.0498, 0.0826, 0.0819, 0.0396], [0.6741, 0.0612, 0.0358, 0.0591, 0.0573, 0.0806, 0.0319], [0.74, 0.0522, 0.0228, 0.0224, 0.0639, 0.0631, 0.0356], [0.6658, 0.0513, 0.073, 0.0645, 0.0767, 0.0371, 0.0316], [0.629, 0.054, 0.0591, 0.0325, 0.063, 0.0828, 0.0797], [0.6936, 0.0639, 0.053, 0.0184, 0.1013, 0.0239, 0.0458], [0.7324, 0.0654, 0.0565, 0.0242, 0.0385, 0.028, 0.0549], [0.6807, 0.0648, 0.039, 0.0653, 0.0539, 0.0309, 0.0654], [0.6078, 0.0258, 0.0561, 0.0915, 0.0892, 0.0403, 0.0892], [0.6937, 0.0406, 0.0463, 0.062, 0.0378, 0.0259, 0.0937], [0.6814, 0.0617, 0.0385, 0.0668, 0.0428, 0.0561, 0.0526], [0.6527, 0.0439, 0.0313, 0.0684, 0.0813, 0.0702, 0.0522], [0.6578, 0.077, 0.0261, 0.0687, 0.0552, 0.0551, 0.0602], [0.6474, 0.035, 0.0765, 0.0395, 0.0725, 0.0502, 0.079], [0.7407, 0.0354, 0.0658, 0.0186, 0.0596, 0.0416, 0.0383], [0.7298, 0.0601, 0.0294, 0.0466, 0.0329, 0.0257, 0.0756], [0.7129, 0.0797, 0.0355, 0.0128, 0.0451, 0.0797, 0.0343], [0.6956, 0.0517, 0.0903, 0.0441, 0.0161, 0.0536, 0.0488], [0.6821, 0.074, 0.0716, 0.0465, 0.085, 0.0184, 0.0224], [0.6698, 0.0559, 0.0659, 0.0157, 0.0484, 0.0682, 0.0762], [0.7345, 0.0539, 0.0137, 0.0617, 0.0542, 0.0443, 0.0376], [0.6493, 0.043, 0.0389, 0.0764, 0.0744, 0.0367, 0.0812], [0.7203, 0.0209, 0.0505, 0.0315, 0.0717, 0.0492, 0.0559], [0.7466, 0.0676, 0.0291, 0.0433, 0.0261, 0.0558, 0.0315], [0.7261, 0.0658, 0.0398, 0.0335, 0.0508, 0.073, 0.0111], [0.6705, 0.0575, 0.0775, 0.0323, 0.07, 0.0353, 0.057], [0.6384, 0.0269, 0.0169, 0.0928, 0.0831, 0.0607, 0.0812], [0.7149, 0.0636, 0.0508, 0.0557, 0.0487, 0.0216, 0.0447], [0.6663, 0.0486, 0.0628, 0.0649, 0.0362, 0.0722, 0.049], [0.6427, 0.0448, 0.0602, 0.0909, 0.0642, 0.0143, 0.083], [0.6881, 0.076, 0.0394, 0.0619, 0.0582, 0.0461, 0.0303], [0.7162, 0.0829, 0.0373, 0.0322, 0.0515, 0.0476, 0.0323], [0.7751, 0.0418, 0.0581, 0.0314, 0.0328, 0.0357, 0.0251], [0.7044, 0.0546, 0.069, 0.054, 0.0251, 0.0316, 0.0613], [0.7025, 0.082, 0.0401, 0.0226, 0.0478, 0.0378, 0.0671], [0.7599, 0.0322, 0.0531, 0.0213, 0.015, 0.0427, 0.0758], [0.6431, 0.0663, 0.0301, 0.0947, 0.0548, 0.0628, 0.0481], [0.7204, 0.0474, 0.0725, 0.0414, 0.0285, 0.0141, 0.0756], [0.6711, 0.0418, 0.0278, 0.0831, 0.0588, 0.0322, 0.0852], [0.7604, 0.0411, 0.0618, 0.0238, 0.0396, 0.0485, 0.0249], [0.7001, 0.07, 0.0494, 0.0651, 0.0283, 0.0123, 0.0749], [0.649, 0.0546, 0.0747, 0.0731, 0.0188, 0.0705, 0.0593], [0.7084, 0.0334, 0.0745, 0.0593, 0.0172, 0.0215, 0.0858], [0.7738, 0.0406, 0.0167, 0.0478, 0.022, 0.0725, 0.0266], [0.7299, 0.0701, 0.0231, 0.0421, 0.0414, 0.0534, 0.04], [0.7202, 0.0852, 0.0916, 0.0179, 0.0156, 0.0172, 0.0524], [0.7015, 0.055, 0.0439, 0.0263, 0.0561, 0.0509, 0.0662], [0.7774, 0.0223, 0.0197, 0.0203, 0.034, 0.0693, 0.057], [0.7292, 0.0405, 0.0556, 0.0183, 0.0549, 0.0471, 0.0544], [0.6805, 0.0819, 0.0786, 0.0153, 0.0679, 0.0304, 0.0453], [0.7189, 0.0346, 0.051, 0.0304, 0.0589, 0.0634, 0.0428], [0.7714, 0.0419, 0.0451, 0.0543, 0.0132, 0.0291, 0.0452], [0.5967, 0.0233, 0.0897, 0.0891, 0.0488, 0.0783, 0.074], [0.7589, 0.0467, 0.0544, 0.0318, 0.0415, 0.0199, 0.0467], [0.75, 0.0308, 0.0145, 0.0628, 0.0546, 0.0121, 0.0753], [0.7452, 0.0165, 0.0169, 0.027, 0.0496, 0.0918, 0.053], [0.6813, 0.0339, 0.0217, 0.076, 0.0457, 0.0503, 0.091], [0.7017, 0.0414, 0.0562, 0.0305, 0.021, 0.0517, 0.0975], [0.8164, 0.0523, 0.0548, 0.0146, 0.0302, 0.0166, 0.015], [0.6687, 0.0633, 0.0805, 0.0494, 0.0452, 0.0603, 0.0327], [0.6371, 0.0533, 0.0262, 0.0709, 0.0755, 0.054, 0.083], [0.7233, 0.0801, 0.0346, 0.0178, 0.0752, 0.0528, 0.0162], [0.6858, 0.0283, 0.0733, 0.0289, 0.0837, 0.065, 0.035], [0.7062, 0.0893, 0.0395, 0.0266, 0.0155, 0.0267, 0.0963], [0.6726, 0.066, 0.0273, 0.0756, 0.0662, 0.0737, 0.0186], [0.6505, 0.0712, 0.0505, 0.032, 0.0721, 0.0569, 0.0668], [0.6423, 0.059, 0.0865, 0.0607, 0.0496, 0.0242, 0.0777], [0.7349, 0.0485, 0.0713, 0.0197, 0.0324, 0.0394, 0.0539], [0.6659, 0.0713, 0.0453, 0.026, 0.0622, 0.0572, 0.0722], [0.7582, 0.0552, 0.014, 0.0613, 0.0429, 0.0491, 0.0192]], "emotions": ["red", "red", "red", "red", "red", "red", "red", "red", "red", "red", "red", "red", "red", "red", "red", "red", "red", "red", "red", "red", "red", "red", "red", "red", "red", "red", "red", "red", "red", "red", "red", "red", "red", "red", "red", "red", "red", "red", "red", "red", "red", "red", "red", "red", "red", "red", "red", "red", "red", "red", "red", "red", "red", "red", "red", "red", "red", "red", "red", "red", "red", "red", "red", "red", "red", "red", "red", "red", "red", "red", "red", "red", "red", "red", "red", "red", "red", "red", "red", "red"], "timestamps": [0, 40, 80, 120, 160, 200, 240, 280, 320, 360, 400, 440, 480, 520, 560, 600, 640, 680, 720, 760, 800, 840, 880, 920, 960, 1000, 1040, 1080, 1120, 1160, 1200, 1240, 1280, 1320, 1360, 1400, 1440, 1480, 1520, 1560, 1600, 1640, 1680, 1720, 1760, 1800, 1840, 1880, 1920, 1960, 2000, 2040, 2080, 2120, 2160, 2200, 2240, 2280, 2320, 2360, 2400, 2440, 2480, 2520, 2560, 2600, 2640, 2680, 2720, 2760, 2800, 2840, 2880, 2920, 2960, 3000, 3040, 3080, 3120, 3160]}], "conversation": [], "conversation_timestamps": []}