{"agent_id": "agent-purple-1204", "type": "purple", "trips": [{"trip_id": 0, "transport_method": "foot", "start_time": 0, "path": [[1.5241404, 42.5072225], [1.5256536, 42.5081555], [1.5276233, 42.508652], [1.5291821, 42.5100355], [1.5300989, 42.5115697], [1.530502, 42.5129748], [1.5298325, 42.5147605], [1.5282904, 42.516132], [1.5264638, 42.5171869], [1.5279288, 42.5164676], [1.5281775, 42.5162506], [1.5264088, 42.5173999], [1.5246401, 42.5185492], [1.5262681, 42.5173142], [1.5245826, 42.5185248], [1.5237235, 42.5202776], [1.5224543, 42.5218843], [1.5213293, 42.5236167], [1.5207871, 42.5254963], [1.5206806, 42.5275145], [1.5217727, 42.529185], [1.5213549, 42.5307259], [1.5213586, 42.5325816], [1.5210825, 42.5342901], [1.5226236, 42.5356441], [1.5242777, 42.5366692], [1.5248711, 42.5376059], [1.523146, 42.5384468], [1.5234077, 42.5404838], [1.5228441, 42.5417922], [1.5234151, 42.5437726], [1.524337, 42.5456454], [1.5246977, 42.5476226], [1.5257014, 42.5494294], [1.5265837, 42.5509142], [1.5254898, 42.5491174], [1.5259785, 42.5507641], [1.5266956, 42.5527009], [1.5279577, 42.5543302], [1.529315, 42.5557992], [1.5308144, 42.5570711], [1.5319307, 42.5584034], [1.5307164, 42.5600744], [1.529035, 42.5611886], [1.5277597, 42.562711], [1.5261983, 42.5636611], [1.5245723, 42.5650017], [1.523456, 42.5667769], [1.5219875, 42.568167], [1.5210437, 42.5699449], [1.5200944, 42.5717375], [1.5186749, 42.5732017], [1.5181015, 42.5748784], [1.5182511, 42.5765442], [1.5179285, 42.5779284], [1.5188925, 42.5796176], [1.5191516, 42.5815945], [1.5194879, 42.5836415], [1.5208341, 42.5852242], [1.5212869, 42.5872105], [1.5229436, 42.5884958], [1.5243437, 42.5900634], [1.5251501, 42.591993], [1.5261188, 42.5936874], [1.5265353, 42.5952908], [1.5275958, 42.596821], [1.5291734, 42.5982157], [1.5310573, 42.599114], [1.5324359, 42.6006347], [1.5340899, 42.6018525], [1.5349675, 42.6037141], [1.5358254, 42.6055104], [1.5372859, 42.606979], [1.5377434, 42.6089049], [1.5385512, 42.6106123], [1.5388143, 42.6125528], [1.5386316, 42.6146478], [1.5385896, 42.6166603], [1.5379155, 42.6182275], [1.5384591, 42.6188681]], "mood_vectors": [[0.0471, 0.0244, 0.0617, 0.0725, 0.0531, 0.6747, 0.0665], [0.0328, 0.0597, 0.0738, 0.0144, 0.0313, 0.7237, 0.0643], [0.0495, 0.0617, 0.0553, 0.0262, 0.0429, 0.694, 0.0704], [0.0605, 0.0424, 0.0514, 0.0391, 0.0936, 0.621, 0.092], [0.0418, 0.0192, 0.0972, 0.0445, 0.0984, 0.6797, 0.019], [0.0522, 0.055, 0.0345, 0.0583, 0.0639, 0.7159, 0.0203], [0.061, 0.0495, 0.0394, 0.0128, 0.0218, 0.7413, 0.0743], [0.0513, 0.0609, 0.0182, 0.0681, 0.0435, 0.6787, 0.0793], [0.0693, 0.0821, 0.0137, 0.0566, 0.0245, 0.7156, 0.0382], [0.0299, 0.0307, 0.087, 0.0831, 0.0461, 0.6526, 0.0706], [0.0712, 0.0709, 0.052, 0.0191, 0.0346, 0.6851, 0.0671], [0.0313, 0.0445, 0.0258, 0.0321, 0.0458, 0.7513, 0.0693], [0.0288, 0.0788, 0.0697, 0.0193, 0.0388, 0.7251, 0.0395], [0.0426, 0.061, 0.0684, 0.057, 0.0604, 0.6959, 0.0147], [0.0433, 0.0559, 0.0783, 0.0798, 0.0676, 0.6552, 0.0198], [0.0178, 0.0144, 0.0649, 0.0738, 0.0256, 0.7815, 0.0221], [0.0766, 0.0176, 0.0564, 0.0709, 0.0226, 0.7165, 0.0393], [0.0313, 0.0352, 0.0178, 0.0624, 0.0543, 0.7848, 0.0143], [0.0457, 0.0612, 0.0504, 0.0542, 0.0297, 0.7032, 0.0556], [0.031, 0.0797, 0.0537, 0.0291, 0.074, 0.6305, 0.102], [0.0515, 0.0841, 0.0701, 0.0618, 0.0529, 0.6373, 0.0424], [0.025, 0.0641, 0.0436, 0.0588, 0.0504, 0.7192, 0.0387], [0.0637, 0.05, 0.07, 0.0635, 0.0876, 0.6385, 0.0266], [0.0642, 0.0439, 0.0583, 0.0314, 0.0572, 0.652, 0.0928], [0.0272, 0.0858, 0.0411, 0.0638, 0.0619, 0.6579, 0.0623], [0.0476, 0.0526, 0.078, 0.035, 0.0125, 0.7183, 0.0559], [0.0447, 0.0319, 0.0554, 0.0516, 0.0645, 0.6625, 0.0896], [0.0579, 0.0777, 0.0545, 0.0423, 0.064, 0.666, 0.0376], [0.0285, 0.0265, 0.0413, 0.0157, 0.0742, 0.7871, 0.0267], [0.0398, 0.0129, 0.0319, 0.0382, 0.0636, 0.767, 0.0467], [0.0471, 0.0383, 0.0423, 0.0561, 0.0737, 0.6876, 0.055], [0.0234, 0.0728, 0.0635, 0.0483, 0.0603, 0.6843, 0.0476], [0.0684, 0.0907, 0.0813, 0.0297, 0.0381, 0.6124, 0.0793], [0.0828, 0.0194, 0.0781, 0.0853, 0.042, 0.6514, 0.041], [0.0809, 0.0737, 0.0257, 0.0451, 0.029, 0.6837, 0.0618], [0.0572, 0.0221, 0.0642, 0.0816, 0.08, 0.6141, 0.0808], [0.0715, 0.0779, 0.0347, 0.0244, 0.0727, 0.7069, 0.0119], [0.0859, 0.0749, 0.0334, 0.026, 0.071, 0.6131, 0.0956], [0.053, 0.0573, 0.0354, 0.0374, 0.049, 0.6972, 0.0706], [0.0495, 0.0373, 0.0437, 0.0577, 0.0184, 0.743, 0.0505], [0.0429, 0.077, 0.0778, 0.0477, 0.0449, 0.6552, 0.0545], [0.0434, 0.0629, 0.0581, 0.0524, 0.025, 0.7344, 0.0238], [0.02, 0.0861, 0.0777, 0.0224, 0.0769, 0.6953, 0.0217], [0.0429, 0.0248, 0.0558, 0.0796, 0.0405, 0.6919, 0.0644], [0.0558, 0.0379, 0.0761, 0.0326, 0.0734, 0.6368, 0.0875], [0.0735, 0.0447, 0.0341, 0.0547, 0.0541, 0.6738, 0.0651], [0.0521, 0.0647, 0.0623, 0.0273, 0.0478, 0.7044, 0.0413], [0.0238, 0.0203, 0.0165, 0.0253, 0.0904, 0.7328, 0.0909], [0.0221, 0.0379, 0.0566, 0.0233, 0.0505, 0.773, 0.0365], [0.0808, 0.0334, 0.0792, 0.0569, 0.0731, 0.6473, 0.0293], [0.0222, 0.0306, 0.0513, 0.0603, 0.0127, 0.7908, 0.0322], [0.0732, 0.0407, 0.0216, 0.0429, 0.0593, 0.7301, 0.0322], [0.0311, 0.0364, 0.0392, 0.0477, 0.0435, 0.7856, 0.0166], [0.0422, 0.0204, 0.0158, 0.0694, 0.0767, 0.7142, 0.0612], [0.0129, 0.023, 0.0505, 0.0688, 0.0216, 0.7904, 0.033], [0.0647, 0.0512, 0.0303, 0.0327, 0.0178, 0.7613, 0.042], [0.0668, 0.0207, 0.0357, 0.0375, 0.067, 0.6926, 0.0798], [0.0561, 0.0199, 0.0476, 0.0607, 0.0662, 0.6756, 0.0738], [0.0162, 0.0284, 0.0582, 0.0418, 0.0421, 0.7964, 0.0169], [0.0814, 0.0129, 0.048, 0.0313, 0.0652, 0.7266, 0.0347], [0.0624, 0.0157, 0.0599, 0.0697, 0.0214, 0.7345, 0.0365], [0.0568, 0.0546, 0.0191, 0.0318, 0.0445, 0.7466, 0.0465], [0.0224, 0.0569, 0.0728, 0.054, 0.0783, 0.6402, 0.0754], [0.0917, 0.0718, 0.0847, 0.0301, 0.0632, 0.6314, 0.0271], [0.0671, 0.0226, 0.0135, 0.0783, 0.0367, 0.7352, 0.0467], [0.0298, 0.0225, 0.045, 0.0736, 0.0577, 0.6969, 0.0745], [0.0653, 0.0553, 0.0777, 0.0149, 0.0659, 0.6452, 0.0758], [0.056, 0.0271, 0.015, 0.0772, 0.0359, 0.7504, 0.0384], [0.0225, 0.0431, 0.037, 0.0191, 0.0728, 0.76, 0.0455], [0.0789, 0.0457, 0.0611, 0.0574, 0.0231, 0.6683, 0.0655], [0.0887, 0.0191, 0.0835, 0.0888, 0.0387, 0.6028, 0.0785], [0.0496, 0.0292, 0.0666, 0.0198, 0.0418, 0.7251, 0.0678], [0.07, 0.0647, 0.0541, 0.0552, 0.0167, 0.7026, 0.0368], [0.0834, 0.0604, 0.0437, 0.0762, 0.0473, 0.6572, 0.0318], [0.0753, 0.0788, 0.0314, 0.048, 0.026, 0.7074, 0.033], [0.0311, 0.0952, 0.0688, 0.0739, 0.0218, 0.6816, 0.0275], [0.0492, 0.0673, 0.0712, 0.0507, 0.0589, 0.6738, 0.0288], [0.0231, 0.0546, 0.0362, 0.0548, 0.0538, 0.696, 0.0814], [0.0469, 0.0685, 0.0427, 0.0217, 0.0707, 0.6673, 0.0822], [0.0247, 0.0339, 0.0739, 0.0172, 0.0706, 0.7191, 0.0606]], "emotions": ["purple", "purple", "purple", "purple", "purple", "purple", "purple", "purple", "purple", "purple", "purple", "purple", "purple", "purple", "purple", "purple", "purple", "purple", "purple", "purple", "purple", "purple", "purple", "purple", "purple", "purple", "purple", "purple", "purple", "purple", "purple", "purple", "purple", "purple", "purple", "purple", "purple", "purple", "purple", "purple", "purple", "purple", "purple", "purple", "purple", "purple", "purple", "purple", "purple", "purple", "purple", "purple", "purple", "purple", "purple", "purple", "purple", "purple", "purple", "purple", "purple", "purple", "purple", "purple", "purple", "purple", "purple", "purple", "purple", "purple", "purple", "purple", "purple", "purple", "purple", "purple", "purple", "purple", "purple", "purple"], "timestamps": [0, 40, 80, 120, 160, 200, 240, 280, 320, 360, 400, 440, 480, 520, 560, 600, 640, 680, 720, 760, 800, 840, 880, 920, 960, 1000, 1040, 1080, 1120, 1160, 1200, 1240, 1280, 1320, 1360, 1400, 1440, 1480, 1520, 1560, 1600, 1640, 1680, 1720, 1760, 1800, 1840, 1880, 1920, 1960, 2000, 2040, 2080, 2120, 2160, 2200, 2240, 2280, 2320, 2360, 2400, 2440, 2480, 2520, 2560, 2600, 2640, 2680, 2720, 2760, 2800, 2840, 2880, 2920, 2960, 3000, 3040, 3080, 3120, 3160]}], "conversation": [], "conversation_timestamps": []}