{"agent_id": "agent-orange-1433", "type": "orange", "trips": [{"trip_id": 0, "transport_method": "car", "start_time": 0, "path": [[1.5227948, 42.5067252], [1.5231157, 42.5067374], [1.5234922, 42.506793], [1.5234338, 42.5069534], [1.5237688, 42.5070692], [1.5241316, 42.5072074], [1.5241199, 42.5075957], [1.5243917, 42.5077629], [1.524771, 42.5078862], [1.5251564, 42.5079974], [1.5255417, 42.5081084], [1.5258393, 42.5083244], [1.5262261, 42.5084296], [1.5266194, 42.5085062], [1.5270201, 42.5085199], [1.527417, 42.5085618], [1.5277768, 42.5087376], [1.5281004, 42.5089739], [1.5283948, 42.5092458], [1.5286712, 42.5095363], [1.528981, 42.5097839], [1.5292266, 42.5100917], [1.5295875, 42.5101673], [1.5299872, 42.5101882], [1.5303843, 42.5102442], [1.53078, 42.5101963], [1.5311608, 42.5103035], [1.5315311, 42.5104571], [1.5319098, 42.510589], [1.5322914, 42.5107124], [1.532674, 42.5108328], [1.5330534, 42.5109626], [1.5333114, 42.5112385], [1.533469, 42.5116015], [1.5336996, 42.5119297], [1.5339302, 42.5122578], [1.5341607, 42.512586], [1.5342026, 42.5127644], [1.5338521, 42.512572], [1.5336311, 42.5122441], [1.5335706, 42.5118497], [1.5333776, 42.5115325], [1.5335106, 42.5117853], [1.533667, 42.5121546], [1.5338234, 42.5125239], [1.5339797, 42.5128933], [1.5341361, 42.5132626], [1.5339698, 42.5136153], [1.5336035, 42.5137611], [1.5332183, 42.5138696], [1.5328389, 42.5139922], [1.532493, 42.5141943], [1.5321683, 42.5144221], [1.5318946, 42.5147123], [1.5316088, 42.5149924], [1.5314379, 42.515244], [1.5317886, 42.5151927], [1.532116, 42.5149611], [1.5324691, 42.5147709], [1.5328404, 42.5146231], [1.5332306, 42.5145324], [1.5333844, 42.5147304], [1.5329975, 42.5148238], [1.5326628, 42.5150446], [1.5329501, 42.5148334], [1.5327344, 42.5150244], [1.532415, 42.5152669], [1.5320954, 42.5155093], [1.5317746, 42.51575], [1.5314468, 42.5159808], [1.5311314, 42.5162258], [1.5308356, 42.5164886], [1.5304687, 42.5166501], [1.5301235, 42.516854], [1.5297707, 42.5170435], [1.5294013, 42.5171997], [1.5290091, 42.5172671], [1.5286083, 42.5172823], [1.5283733, 42.5174859], [1.5279726, 42.5174792]], "mood_vectors": [[0.0507, 0.0748, 0.0668, 0.0502, 0.6782, 0.0287, 0.0505], [0.0564, 0.0156, 0.0716, 0.0426, 0.7315, 0.031, 0.0514], [0.0466, 0.0626, 0.082, 0.0632, 0.6555, 0.0547, 0.0353], [0.069, 0.0335, 0.0349, 0.0704, 0.7082, 0.0437, 0.0403], [0.0431, 0.0425, 0.0777, 0.0145, 0.7878, 0.0189, 0.0154], [0.0604, 0.0719, 0.0137, 0.0533, 0.6768, 0.0607, 0.0633], [0.0134, 0.0333, 0.0487, 0.0378, 0.7502, 0.0541, 0.0625], [0.0401, 0.0143, 0.0563, 0.0492, 0.7992, 0.0233, 0.0177], [0.057, 0.0125, 0.0306, 0.0304, 0.8008, 0.0264, 0.0422], [0.0311, 0.0736, 0.0194, 0.0495, 0.7471, 0.0612, 0.0181], [0.0432, 0.0594, 0.0846, 0.0688, 0.6655, 0.0334, 0.0451], [0.0531, 0.0311, 0.0729, 0.0458, 0.6789, 0.072, 0.0462], [0.0312, 0.0558, 0.067, 0.0231, 0.7336, 0.0558, 0.0333], [0.0187, 0.04, 0.0407, 0.0846, 0.7339, 0.0284, 0.0537], [0.0776, 0.0435, 0.0279, 0.021, 0.6817, 0.0758, 0.0726], [0.0386, 0.0378, 0.0233, 0.0267, 0.7198, 0.082, 0.0718], [0.0641, 0.0287, 0.0737, 0.0556, 0.6658, 0.0669, 0.0452], [0.0334, 0.0151, 0.0765, 0.0669, 0.7199, 0.058, 0.0302], [0.0255, 0.0247, 0.0648, 0.0548, 0.7031, 0.0597, 0.0676], [0.054, 0.0918, 0.0574, 0.0898, 0.6184, 0.0662, 0.0223], [0.0409, 0.0564, 0.0285, 0.0764, 0.7211, 0.0268, 0.05], [0.0381, 0.0411, 0.0687, 0.0423, 0.6621, 0.0781, 0.0695], [0.023, 0.0563, 0.0708, 0.036, 0.7302, 0.036, 0.0478], [0.0145, 0.0262, 0.0851, 0.055, 0.7423, 0.0502, 0.0267], [0.0724, 0.0505, 0.0571, 0.018, 0.7081, 0.0634, 0.0305], [0.0169, 0.0433, 0.0302, 0.0188, 0.8467, 0.0259, 0.0182], [0.0459, 0.036, 0.0642, 0.0266, 0.7591, 0.0548, 0.0135], [0.0849, 0.0449, 0.0376, 0.0598, 0.629, 0.074, 0.0698], [0.0361, 0.0415, 0.0518, 0.0675, 0.706, 0.047, 0.05], [0.0388, 0.0415, 0.086, 0.0483, 0.6631, 0.0499, 0.0724], [0.079, 0.0228, 0.0435, 0.0722, 0.6951, 0.0269, 0.0605], [0.0627, 0.0863, 0.0753, 0.0291, 0.6462, 0.0754, 0.0251], [0.0367, 0.0339, 0.0251, 0.0549, 0.7184, 0.0766, 0.0544], [0.0603, 0.0319, 0.0461, 0.0285, 0.7523, 0.0207, 0.0601], [0.0817, 0.0628, 0.027, 0.0471, 0.7054, 0.0184, 0.0575], [0.0709, 0.0904, 0.0382, 0.0294, 0.6161, 0.0719, 0.0831], [0.0789, 0.0705, 0.0248, 0.0766, 0.6129, 0.0693, 0.0672], [0.0275, 0.0672, 0.026, 0.0533, 0.6794, 0.0823, 0.0643], [0.0896, 0.0514, 0.0503, 0.0619, 0.6406, 0.077, 0.0291], [0.0205, 0.0751, 0.0358, 0.0357, 0.7417, 0.0499, 0.0413], [0.0405, 0.037, 0.0906, 0.0439, 0.6985, 0.0373, 0.0521], [0.0441, 0.0765, 0.0592, 0.043, 0.6818, 0.0681, 0.0273], [0.0817, 0.0197, 0.0223, 0.0429, 0.7271, 0.0783, 0.0279], [0.0164, 0.0635, 0.0529, 0.0622, 0.7036, 0.0323, 0.0691], [0.024, 0.0885, 0.0322, 0.0417, 0.6742, 0.0567, 0.0828], [0.0794, 0.0485, 0.0249, 0.0543, 0.634, 0.0634, 0.0955], [0.0642, 0.0385, 0.0666, 0.0131, 0.7104, 0.0734, 0.0338], [0.0318, 0.0304, 0.0392, 0.0867, 0.7034, 0.0494, 0.0591], [0.0603, 0.0501, 0.0698, 0.0527, 0.6807, 0.0469, 0.0394], [0.0293, 0.0576, 0.0187, 0.0638, 0.7467, 0.0431, 0.0408], [0.0757, 0.0803, 0.0316, 0.055, 0.6437, 0.066, 0.0476], [0.0566, 0.0561, 0.0789, 0.0903, 0.6209, 0.0262, 0.0711], [0.0551, 0.0601, 0.0489, 0.0404, 0.6728, 0.0646, 0.0581], [0.0136, 0.0185, 0.019, 0.0613, 0.8023, 0.0588, 0.0266], [0.0569, 0.0411, 0.0787, 0.0372, 0.6576, 0.0325, 0.0959], [0.0751, 0.0134, 0.069, 0.0268, 0.6781, 0.0614, 0.0762], [0.0495, 0.05, 0.0859, 0.0249, 0.7536, 0.0131, 0.0229], [0.0669, 0.0849, 0.028, 0.0355, 0.732, 0.0259, 0.0269], [0.0483, 0.0514, 0.0278, 0.0183, 0.7997, 0.0176, 0.0368], [0.031, 0.0632, 0.0429, 0.0272, 0.771, 0.0446, 0.0201], [0.0668, 0.0122, 0.0211, 0.0364, 0.7774, 0.0481, 0.038], [0.0726, 0.0183, 0.0746, 0.0714, 0.6802, 0.0196, 0.0632], [0.0653, 0.0585, 0.0445, 0.0583, 0.6977, 0.0199, 0.0558], [0.0409, 0.0478, 0.0963, 0.0884, 0.6028, 0.0612, 0.0626], [0.0128, 0.0396, 0.0635, 0.0555, 0.7075, 0.0802, 0.0408], [0.0254, 0.0455, 0.0822, 0.087, 0.6557, 0.0639, 0.0403], [0.0616, 0.0248, 0.0761, 0.0151, 0.6912, 0.0816, 0.0496], [0.0478, 0.0282, 0.064, 0.044, 0.7649, 0.0149, 0.0362], [0.056, 0.0161, 0.0632, 0.0299, 0.73, 0.0432, 0.0617], [0.0532, 0.0707, 0.0696, 0.0668, 0.6308, 0.0472, 0.0617], [0.0275, 0.0433, 0.0262, 0.0538, 0.7467, 0.0267, 0.0758], [0.0155, 0.0151, 0.0933, 0.0491, 0.7532, 0.0507, 0.0231], [0.0123, 0.0791, 0.0269, 0.0803, 0.6798, 0.0713, 0.0503], [0.035, 0.0398, 0.0493, 0.0556, 0.6746, 0.0743, 0.0714], [0.0309, 0.0149, 0.0371, 0.0574, 0.7111, 0.0758, 0.0728], [0.0625, 0.0733, 0.0267, 0.0731, 0.6566, 0.0402, 0.0676], [0.0806, 0.0888, 0.0145, 0.0323, 0.7302, 0.0315, 0.0221], [0.032, 0.064, 0.019, 0.0455, 0.7447, 0.0574, 0.0374], [0.02, 0.0641, 0.0488, 0.0473, 0.7059, 0.0495, 0.0643], [0.0708, 0.0235, 0.0323, 0.0676, 0.6749, 0.0932, 0.0377]], "emotions": ["red", "red", "red", "red", "red", "red", "red", "red", "red", "red", "red", "red", "red", "red", "red", "red", "red", "red", "red", "red", "red", "red", "red", "red", "red", "red", "red", "red", "red", "red", "red", "red", "red", "red", "red", "red", "red", "red", "red", "red", "red", "red", "red", "red", "red", "red", "red", "red", "red", "red", "red", "red", "red", "red", "red", "red", "red", "red", "red", "red", "red", "red", "red", "red", "red", "red", "red", "red", "red", "red", "red", "red", "red", "red", "red", "red", "red", "red", "red", "red"], "timestamps": [0, 40, 80, 120, 160, 200, 240, 280, 320, 360, 400, 440, 480, 520, 560, 600, 640, 680, 720, 760, 800, 840, 880, 920, 960, 1000, 1040, 1080, 1120, 1160, 1200, 1240, 1280, 1320, 1360, 1400, 1440, 1480, 1520, 1560, 1600, 1640, 1680, 1720, 1760, 1800, 1840, 1880, 1920, 1960, 2000, 2040, 2080, 2120, 2160, 2200, 2240, 2280, 2320, 2360, 2400, 2440, 2480, 2520, 2560, 2600, 2640, 2680, 2720, 2760, 2800, 2840, 2880, 2920, 2960, 3000, 3040, 3080, 3120, 3160]}], "conversation": [], "conversation_timestamps": []}