{"agent_id": "agent-green-962", "type": "green", "trips": [{"trip_id": 0, "transport_method": "bicycle", "start_time": 0, "path": [[1.5420585, 42.5111715], [1.5419935, 42.5109421], [1.5418896, 42.51073], [1.5418444, 42.5104947], [1.5417991, 42.5102593], [1.541777, 42.5104858], [1.5418394, 42.5107132], [1.5419185, 42.510667], [1.5419467, 42.510429], [1.5419749, 42.510191], [1.542003, 42.5099531], [1.5420312, 42.5097151], [1.542062, 42.5094777], [1.5420685, 42.509248], [1.5419756, 42.5090271], [1.5418351, 42.5088592], [1.5416054, 42.5087909], [1.541368, 42.508758], [1.5411306, 42.5087251], [1.540893, 42.5086945], [1.540849, 42.5086897], [1.540686, 42.5086249], [1.5404598, 42.508546], [1.5402335, 42.508467], [1.5400072, 42.5083881], [1.5397735, 42.5083373], [1.5395378, 42.5082941], [1.5393016, 42.5082535], [1.539064, 42.508223], [1.5388246, 42.5082249], [1.538585, 42.5082309], [1.5383594, 42.5081508], [1.5381208, 42.5081358], [1.5378818, 42.5081189], [1.5376573, 42.5080365], [1.5374335, 42.5079507], [1.5373971, 42.5079395], [1.5376163, 42.5080362], [1.5378433, 42.5081115], [1.5376588, 42.5080781], [1.5374233, 42.5080339], [1.5371877, 42.5079897], [1.5369522, 42.5079455], [1.5367167, 42.5079013], [1.5364811, 42.5078571], [1.5362456, 42.5078129], [1.5360101, 42.5077687], [1.5357745, 42.5077245], [1.5355475, 42.5076524], [1.5353274, 42.5075576], [1.5351073, 42.5074628], [1.5348872, 42.5073679], [1.5346672, 42.5072731], [1.5344471, 42.5071783], [1.5343488, 42.5071755], [1.5345467, 42.5073103], [1.5347583, 42.507422], [1.5349771, 42.5075197], [1.5352, 42.5076067], [1.5354326, 42.5076631], [1.5356671, 42.5077042], [1.5354505, 42.5076098], [1.5352307, 42.5075142], [1.5350109, 42.5074187], [1.5347911, 42.5073232], [1.5345713, 42.5072277], [1.5343515, 42.5071322], [1.5341317, 42.5070367], [1.533908, 42.506952], [1.5336767, 42.5068893], [1.5334454, 42.5068266], [1.5332141, 42.5067639], [1.5329809, 42.5067225], [1.5327625, 42.506646], [1.5325237, 42.5066334], [1.5322843, 42.5066425], [1.5320659, 42.5067401], [1.5318478, 42.5066502], [1.5316296, 42.506551], [1.5314115, 42.5064517]], "mood_vectors": [[0.035, 0.0528, 0.0524, 0.0765, 0.0337, 0.0112, 0.7384], [0.0157, 0.0295, 0.0951, 0.0894, 0.0234, 0.056, 0.691], [0.0559, 0.0452, 0.0494, 0.0523, 0.0207, 0.0603, 0.7162], [0.0136, 0.0508, 0.0194, 0.0772, 0.0463, 0.0661, 0.7266], [0.0973, 0.0278, 0.0287, 0.0212, 0.0273, 0.0964, 0.7012], [0.0497, 0.0343, 0.0506, 0.0192, 0.0846, 0.0995, 0.6621], [0.0333, 0.058, 0.0408, 0.0387, 0.0273, 0.0771, 0.7248], [0.0185, 0.0257, 0.0721, 0.0176, 0.0502, 0.0138, 0.802], [0.037, 0.045, 0.0296, 0.0255, 0.0889, 0.0223, 0.7517], [0.0648, 0.0389, 0.0393, 0.0597, 0.012, 0.0457, 0.7397], [0.0396, 0.0518, 0.0557, 0.0401, 0.0461, 0.0579, 0.7088], [0.0786, 0.0877, 0.0316, 0.0339, 0.0473, 0.0273, 0.6938], [0.0454, 0.0193, 0.0461, 0.076, 0.0448, 0.0621, 0.7063], [0.0425, 0.056, 0.0428, 0.0675, 0.0387, 0.0845, 0.6682], [0.0688, 0.0645, 0.0546, 0.0589, 0.0387, 0.0761, 0.6384], [0.0718, 0.0391, 0.0341, 0.0681, 0.0641, 0.042, 0.6808], [0.0235, 0.0283, 0.0464, 0.0603, 0.0907, 0.0486, 0.7022], [0.0573, 0.0217, 0.0882, 0.0217, 0.0754, 0.0185, 0.7172], [0.0209, 0.0499, 0.082, 0.0617, 0.0813, 0.0185, 0.6857], [0.066, 0.0684, 0.0213, 0.024, 0.0257, 0.0441, 0.7504], [0.0226, 0.0415, 0.0503, 0.0618, 0.0515, 0.0464, 0.7259], [0.0714, 0.0412, 0.0507, 0.0198, 0.0259, 0.021, 0.7702], [0.0495, 0.0119, 0.0172, 0.0687, 0.0547, 0.0659, 0.732], [0.0547, 0.0571, 0.0594, 0.0625, 0.0679, 0.0444, 0.654], [0.0835, 0.0176, 0.058, 0.0491, 0.0826, 0.019, 0.6903], [0.0412, 0.0614, 0.0687, 0.0137, 0.0519, 0.0266, 0.7366], [0.0237, 0.0168, 0.0908, 0.065, 0.0775, 0.0229, 0.7033], [0.0262, 0.0508, 0.0524, 0.0399, 0.0625, 0.0415, 0.7268], [0.0559, 0.0694, 0.0526, 0.0606, 0.0673, 0.0142, 0.68], [0.0678, 0.0386, 0.0328, 0.0247, 0.0582, 0.0778, 0.7], [0.0856, 0.0409, 0.0469, 0.0741, 0.0276, 0.0323, 0.6927], [0.058, 0.052, 0.0522, 0.0674, 0.0191, 0.0571, 0.6943], [0.0405, 0.0377, 0.0668, 0.0403, 0.0174, 0.0744, 0.723], [0.0405, 0.0144, 0.0464, 0.0138, 0.0693, 0.0729, 0.7426], [0.0373, 0.0738, 0.0251, 0.073, 0.0651, 0.0794, 0.6464], [0.0502, 0.0367, 0.0431, 0.0334, 0.0618, 0.0707, 0.7042], [0.0262, 0.05, 0.0372, 0.018, 0.0762, 0.0226, 0.7699], [0.0406, 0.0195, 0.0815, 0.0319, 0.0528, 0.0368, 0.737], [0.0736, 0.0323, 0.0183, 0.0657, 0.0247, 0.0142, 0.7713], [0.0467, 0.03, 0.0431, 0.0374, 0.0736, 0.0314, 0.7378], [0.032, 0.0296, 0.0396, 0.0808, 0.0508, 0.0146, 0.7526], [0.0961, 0.026, 0.0265, 0.0774, 0.0586, 0.0221, 0.6934], [0.0556, 0.0666, 0.0522, 0.0291, 0.019, 0.0307, 0.7468], [0.0627, 0.0635, 0.0287, 0.0715, 0.0271, 0.037, 0.7096], [0.0385, 0.0329, 0.0471, 0.0708, 0.0593, 0.0518, 0.6997], [0.0512, 0.0602, 0.0555, 0.0481, 0.039, 0.0442, 0.7018], [0.0657, 0.0459, 0.0757, 0.0498, 0.067, 0.0325, 0.6635], [0.051, 0.0415, 0.0169, 0.0554, 0.0517, 0.0242, 0.7593], [0.0501, 0.0819, 0.0695, 0.0477, 0.0143, 0.0708, 0.6657], [0.0611, 0.0258, 0.0343, 0.0713, 0.036, 0.0342, 0.7372], [0.0732, 0.0517, 0.0739, 0.0261, 0.0226, 0.0598, 0.6927], [0.0349, 0.0719, 0.0144, 0.0396, 0.0402, 0.0255, 0.7736], [0.0266, 0.071, 0.0776, 0.0656, 0.0592, 0.0894, 0.6106], [0.041, 0.0662, 0.0205, 0.0248, 0.0579, 0.043, 0.7467], [0.0186, 0.078, 0.0387, 0.0225, 0.079, 0.0843, 0.6789], [0.0149, 0.0305, 0.0574, 0.081, 0.016, 0.0349, 0.7653], [0.0277, 0.0823, 0.0395, 0.0594, 0.0258, 0.0253, 0.74], [0.0138, 0.0951, 0.0257, 0.0597, 0.066, 0.0615, 0.6781], [0.0749, 0.0218, 0.0757, 0.0231, 0.0852, 0.0409, 0.6783], [0.0591, 0.0211, 0.0548, 0.0247, 0.0692, 0.0526, 0.7185], [0.0843, 0.0667, 0.0848, 0.0723, 0.0526, 0.0564, 0.583], [0.0409, 0.0439, 0.0403, 0.0293, 0.0765, 0.0688, 0.7003], [0.0169, 0.0477, 0.0947, 0.0214, 0.0838, 0.0664, 0.6691], [0.0531, 0.0619, 0.0316, 0.0619, 0.0683, 0.0148, 0.7083], [0.042, 0.0809, 0.0255, 0.0185, 0.0508, 0.0675, 0.7148], [0.0145, 0.0312, 0.0187, 0.0632, 0.0706, 0.0575, 0.7445], [0.0441, 0.0401, 0.0404, 0.0505, 0.0341, 0.0708, 0.7199], [0.0505, 0.0312, 0.0617, 0.0533, 0.046, 0.0623, 0.6949], [0.0526, 0.0358, 0.0614, 0.0544, 0.0819, 0.0204, 0.6935], [0.0394, 0.0643, 0.0576, 0.0631, 0.0277, 0.0503, 0.6975], [0.0153, 0.075, 0.0588, 0.0298, 0.0343, 0.0668, 0.7199], [0.0188, 0.042, 0.0117, 0.0697, 0.0702, 0.0526, 0.735], [0.0287, 0.0744, 0.0374, 0.08, 0.0341, 0.0611, 0.6842], [0.0344, 0.0575, 0.0475, 0.0586, 0.028, 0.0835, 0.6905], [0.0393, 0.0344, 0.0527, 0.0481, 0.069, 0.0179, 0.7385], [0.0226, 0.0276, 0.0633, 0.0658, 0.0791, 0.0123, 0.7294], [0.0166, 0.0273, 0.0638, 0.0601, 0.0685, 0.0132, 0.7505], [0.0508, 0.0639, 0.0795, 0.0143, 0.0739, 0.0561, 0.6616], [0.0368, 0.0548, 0.0661, 0.0163, 0.0306, 0.0333, 0.7621], [0.0172, 0.0643, 0.0228, 0.0858, 0.0657, 0.0335, 0.7107]], "emotions": ["purple", "purple", "purple", "purple", "purple", "purple", "purple", "purple", "purple", "purple", "purple", "purple", "purple", "purple", "purple", "purple", "purple", "purple", "purple", "purple", "purple", "purple", "purple", "purple", "purple", "purple", "purple", "purple", "purple", "purple", "purple", "purple", "purple", "purple", "purple", "purple", "purple", "purple", "purple", "purple", "purple", "purple", "purple", "purple", "purple", "purple", "purple", "purple", "purple", "purple", "purple", "purple", "purple", "purple", "purple", "purple", "purple", "purple", "purple", "purple", "purple", "purple", "purple", "purple", "purple", "purple", "purple", "purple", "purple", "purple", "purple", "purple", "purple", "purple", "purple", "purple", "purple", "purple", "purple", "purple"], "timestamps": [0, 40, 80, 120, 160, 200, 240, 280, 320, 360, 400, 440, 480, 520, 560, 600, 640, 680, 720, 760, 800, 840, 880, 920, 960, 1000, 1040, 1080, 1120, 1160, 1200, 1240, 1280, 1320, 1360, 1400, 1440, 1480, 1520, 1560, 1600, 1640, 1680, 1720, 1760, 1800, 1840, 1880, 1920, 1960, 2000, 2040, 2080, 2120, 2160, 2200, 2240, 2280, 2320, 2360, 2400, 2440, 2480, 2520, 2560, 2600, 2640, 2680, 2720, 2760, 2800, 2840, 2880, 2920, 2960, 3000, 3040, 3080, 3120, 3160]}], "conversation": [], "conversation_timestamps": []}