{"agent_id": "agent-purple-1119", "type": "purple", "trips": [{"trip_id": 0, "transport_method": "foot", "start_time": 0, "path": [[1.5353469, 42.5087477], [1.5353403, 42.5090138], [1.53526, 42.5092162], [1.5349977, 42.5092615], [1.5347354, 42.5093067], [1.5344732, 42.5093519], [1.5342109, 42.5093971], [1.5339486, 42.5094424], [1.5338054, 42.5096283], [1.533606, 42.5097653], [1.5333488, 42.5097429], [1.5330896, 42.5096831], [1.5328258, 42.5096508], [1.5325618, 42.5096189], [1.5323021, 42.5095626], [1.5320506, 42.5094759], [1.5318022, 42.5093803], [1.5315508, 42.5092936], [1.5313003, 42.5092043], [1.5310526, 42.509107], [1.5308048, 42.5090097], [1.5307271, 42.5088465], [1.5304673, 42.5089043], [1.5302246, 42.5088143], [1.5299877, 42.5086931], [1.5297351, 42.508624], [1.5294782, 42.5086646], [1.529226, 42.5087495], [1.5289737, 42.5088344], [1.5287183, 42.5088513], [1.5284593, 42.50879], [1.5282203, 42.5086729], [1.5279764, 42.5085665], [1.5277317, 42.5084619], [1.5274817, 42.5083725], [1.527216, 42.508361], [1.5269498, 42.5083584], [1.5266839, 42.5083478], [1.5264198, 42.508316], [1.5261582, 42.5082671], [1.5258973, 42.5082167], [1.5256419, 42.5081506], [1.5253913, 42.508062], [1.5251381, 42.5079801], [1.5248812, 42.5079108], [1.5246235, 42.5078442], [1.5243621, 42.507794], [1.5240973, 42.5077718], [1.5238314, 42.5077801], [1.5235659, 42.5077985], [1.5233007, 42.507821], [1.5230554, 42.5077834], [1.5227903, 42.5077603], [1.5225251, 42.5077372], [1.52226, 42.5077142], [1.5220118, 42.5077591], [1.5218176, 42.5075785], [1.521582, 42.5075214], [1.521316, 42.5075154], [1.5210499, 42.5075071], [1.5207839, 42.5074987], [1.5205266, 42.5074494], [1.5202724, 42.5073977], [1.5200069, 42.5074167], [1.5197512, 42.5073993], [1.5195226, 42.5072631], [1.5192882, 42.5071373], [1.5190507, 42.5070182], [1.5188839, 42.5068145], [1.5186645, 42.5068805], [1.518411, 42.5068361], [1.5181677, 42.506729], [1.5179207, 42.5066362], [1.5176582, 42.5065933], [1.5173937, 42.5065638], [1.5171287, 42.5065392], [1.5168637, 42.5065146], [1.5165987, 42.50649], [1.5163337, 42.5064654], [1.5160718, 42.5064204]], "mood_vectors": [[0.0233, 0.0338, 0.0554, 0.0851, 0.0155, 0.7561, 0.0307], [0.046, 0.0577, 0.0514, 0.0229, 0.0698, 0.7235, 0.0287], [0.0487, 0.0701, 0.0421, 0.0172, 0.0684, 0.7366, 0.0169], [0.0449, 0.0636, 0.049, 0.0374, 0.0248, 0.7094, 0.071], [0.0361, 0.0137, 0.058, 0.0583, 0.052, 0.7125, 0.0694], [0.0567, 0.0894, 0.0558, 0.0171, 0.0476, 0.668, 0.0654], [0.0705, 0.0698, 0.0295, 0.0209, 0.0739, 0.7067, 0.0289], [0.0657, 0.0153, 0.0573, 0.051, 0.0193, 0.7362, 0.0553], [0.0727, 0.0764, 0.0647, 0.0722, 0.0386, 0.6169, 0.0586], [0.04, 0.0171, 0.0747, 0.0509, 0.0378, 0.6923, 0.0871], [0.0339, 0.0555, 0.055, 0.0633, 0.0419, 0.7057, 0.0446], [0.0546, 0.077, 0.0443, 0.0433, 0.0235, 0.6955, 0.0618], [0.0885, 0.0715, 0.0445, 0.0451, 0.0466, 0.6546, 0.0493], [0.0453, 0.02, 0.0551, 0.0555, 0.065, 0.7122, 0.047], [0.0333, 0.0546, 0.0246, 0.0613, 0.0829, 0.723, 0.0202], [0.0487, 0.059, 0.0415, 0.0188, 0.0333, 0.7586, 0.0401], [0.0338, 0.0444, 0.0793, 0.0566, 0.0486, 0.7156, 0.0217], [0.062, 0.0425, 0.0662, 0.0368, 0.06, 0.6914, 0.0411], [0.0251, 0.0552, 0.0233, 0.0522, 0.0334, 0.7516, 0.0593], [0.0892, 0.0216, 0.0259, 0.0205, 0.0165, 0.7305, 0.0959], [0.0522, 0.0215, 0.0588, 0.0324, 0.0329, 0.7832, 0.019], [0.0407, 0.0275, 0.0467, 0.0163, 0.0639, 0.7371, 0.0679], [0.0647, 0.0792, 0.0856, 0.0162, 0.0498, 0.6169, 0.0876], [0.037, 0.0221, 0.0296, 0.022, 0.0768, 0.7866, 0.0259], [0.0551, 0.0727, 0.0555, 0.0481, 0.0204, 0.7207, 0.0275], [0.0242, 0.0486, 0.0654, 0.0538, 0.0855, 0.6879, 0.0345], [0.0408, 0.0582, 0.0702, 0.072, 0.0772, 0.6344, 0.0472], [0.0485, 0.0382, 0.0498, 0.065, 0.075, 0.7023, 0.0212], [0.0329, 0.043, 0.0667, 0.0626, 0.0289, 0.7262, 0.0396], [0.0742, 0.037, 0.0479, 0.0356, 0.0459, 0.7198, 0.0397], [0.0583, 0.0663, 0.0172, 0.0209, 0.0239, 0.7573, 0.0562], [0.0526, 0.0407, 0.0674, 0.0543, 0.0489, 0.682, 0.0541], [0.0329, 0.0475, 0.0274, 0.072, 0.0539, 0.7351, 0.0312], [0.0386, 0.0161, 0.0531, 0.0596, 0.0498, 0.749, 0.0338], [0.0463, 0.0845, 0.0175, 0.0385, 0.0478, 0.6775, 0.0879], [0.0834, 0.0294, 0.0392, 0.05, 0.0898, 0.6229, 0.0854], [0.0359, 0.0153, 0.0646, 0.075, 0.0659, 0.7254, 0.0178], [0.0502, 0.0622, 0.0676, 0.0586, 0.0642, 0.6516, 0.0456], [0.0363, 0.0604, 0.0247, 0.0884, 0.0467, 0.6956, 0.0479], [0.0853, 0.016, 0.0434, 0.0203, 0.0807, 0.6826, 0.0717], [0.0729, 0.0223, 0.0384, 0.0268, 0.0811, 0.7073, 0.0512], [0.061, 0.019, 0.0442, 0.0761, 0.0538, 0.6526, 0.0932], [0.0456, 0.0609, 0.0716, 0.057, 0.0741, 0.6627, 0.0281], [0.0302, 0.0512, 0.0222, 0.0652, 0.0311, 0.7299, 0.0702], [0.0505, 0.0601, 0.0291, 0.0779, 0.0453, 0.6942, 0.0429], [0.0831, 0.0434, 0.0988, 0.0309, 0.0501, 0.6328, 0.061], [0.0451, 0.0801, 0.0285, 0.0557, 0.0648, 0.6827, 0.0432], [0.0883, 0.0196, 0.0219, 0.0691, 0.0238, 0.7549, 0.0223], [0.068, 0.0264, 0.0706, 0.0365, 0.0917, 0.6519, 0.0549], [0.0523, 0.0415, 0.0766, 0.0552, 0.0325, 0.7021, 0.0398], [0.0783, 0.0552, 0.0138, 0.0294, 0.0923, 0.6674, 0.0636], [0.0477, 0.0449, 0.0456, 0.0416, 0.0256, 0.7481, 0.0465], [0.0227, 0.0406, 0.0702, 0.0539, 0.0559, 0.7333, 0.0234], [0.0248, 0.0509, 0.0298, 0.091, 0.0224, 0.7319, 0.0491], [0.0615, 0.0713, 0.0497, 0.031, 0.0231, 0.7425, 0.0209], [0.0487, 0.0541, 0.0714, 0.0261, 0.0408, 0.7341, 0.0248], [0.0175, 0.0809, 0.0181, 0.0863, 0.027, 0.7348, 0.0354], [0.0456, 0.016, 0.0476, 0.0297, 0.0785, 0.7525, 0.0301], [0.0771, 0.0296, 0.0795, 0.0716, 0.0278, 0.6795, 0.035], [0.0776, 0.0756, 0.0162, 0.0787, 0.0566, 0.6716, 0.0238], [0.06, 0.0444, 0.0681, 0.0455, 0.0549, 0.6587, 0.0684], [0.0974, 0.0434, 0.065, 0.0506, 0.0672, 0.648, 0.0285], [0.0693, 0.0683, 0.0195, 0.0134, 0.0422, 0.7036, 0.0838], [0.093, 0.0367, 0.0456, 0.0885, 0.0285, 0.6151, 0.0926], [0.0458, 0.0542, 0.0343, 0.0281, 0.0193, 0.7977, 0.0206], [0.0402, 0.0437, 0.0773, 0.0483, 0.0873, 0.6406, 0.0627], [0.0584, 0.0355, 0.076, 0.0203, 0.0481, 0.7212, 0.0406], [0.045, 0.0545, 0.0525, 0.0412, 0.0448, 0.6957, 0.0662], [0.0529, 0.0472, 0.0441, 0.0555, 0.0149, 0.7522, 0.0331], [0.051, 0.0321, 0.0121, 0.0728, 0.0738, 0.6785, 0.0797], [0.0253, 0.0809, 0.0663, 0.0253, 0.0339, 0.738, 0.0303], [0.0405, 0.0451, 0.0847, 0.0701, 0.0728, 0.6585, 0.0282], [0.0614, 0.0589, 0.0338, 0.0337, 0.0558, 0.701, 0.0554], [0.0569, 0.0261, 0.0214, 0.0569, 0.0778, 0.703, 0.0579], [0.0761, 0.0887, 0.0322, 0.039, 0.0769, 0.6451, 0.0422], [0.0748, 0.0517, 0.0216, 0.0578, 0.0357, 0.6966, 0.0618], [0.0748, 0.045, 0.042, 0.0224, 0.0652, 0.6968, 0.0537], [0.0798, 0.0794, 0.0298, 0.0212, 0.0333, 0.7307, 0.0258], [0.0238, 0.0237, 0.0607, 0.0882, 0.0531, 0.7006, 0.0498], [0.0879, 0.0836, 0.0806, 0.0236, 0.0277, 0.6076, 0.0891]], "emotions": ["purple", "purple", "purple", "purple", "purple", "purple", "purple", "purple", "purple", "purple", "purple", "purple", "purple", "purple", "purple", "purple", "purple", "purple", "purple", "purple", "purple", "purple", "purple", "purple", "purple", "purple", "purple", "purple", "purple", "purple", "purple", "purple", "purple", "purple", "purple", "purple", "purple", "purple", "purple", "purple", "purple", "purple", "purple", "purple", "purple", "purple", "purple", "purple", "purple", "purple", "purple", "purple", "purple", "purple", "purple", "purple", "purple", "purple", "purple", "purple", "purple", "purple", "purple", "purple", "purple", "purple", "purple", "purple", "purple", "purple", "purple", "purple", "purple", "purple", "purple", "purple", "purple", "purple", "purple", "purple"], "timestamps": [0, 40, 80, 120, 160, 200, 240, 280, 320, 360, 400, 440, 480, 520, 560, 600, 640, 680, 720, 760, 800, 840, 880, 920, 960, 1000, 1040, 1080, 1120, 1160, 1200, 1240, 1280, 1320, 1360, 1400, 1440, 1480, 1520, 1560, 1600, 1640, 1680, 1720, 1760, 1800, 1840, 1880, 1920, 1960, 2000, 2040, 2080, 2120, 2160, 2200, 2240, 2280, 2320, 2360, 2400, 2440, 2480, 2520, 2560, 2600, 2640, 2680, 2720, 2760, 2800, 2840, 2880, 2920, 2960, 3000, 3040, 3080, 3120, 3160]}], "conversation": [], "conversation_timestamps": []}