{"agent_id": "agent-orange-1998", "type": "orange", "trips": [{"trip_id": 0, "transport_method": "car", "start_time": 0, "path": [[1.5343168, 42.5130657], [1.5341355, 42.5132285], [1.5337444, 42.5124636], [1.5333709, 42.5114475], [1.5325629, 42.5107978], [1.5314856, 42.510439], [1.5304026, 42.5102461], [1.5293092, 42.5101255], [1.5284899, 42.5093388], [1.5292487, 42.510108], [1.5286956, 42.5095447], [1.5278526, 42.5087857], [1.5267763, 42.5085163], [1.5257487, 42.5081956], [1.5246668, 42.5078551], [1.5235394, 42.5078004], [1.5224278, 42.5077288], [1.5214131, 42.5075185], [1.5202983, 42.5073958], [1.5192473, 42.5071182], [1.5188466, 42.506769], [1.5179117, 42.506124], [1.5168611, 42.5058412], [1.5158285, 42.5053714], [1.5149564, 42.5047484], [1.5145726, 42.5042509], [1.5137425, 42.5034822], [1.5129887, 42.5026463], [1.5120606, 42.5019932], [1.5111087, 42.5013802], [1.5100513, 42.5009837], [1.5090557, 42.5004436], [1.5080324, 42.4999518], [1.5070283, 42.4994341], [1.506004, 42.4989433], [1.5049865, 42.4984405], [1.5039505, 42.4979756], [1.5029252, 42.4974881], [1.5019278, 42.4969516], [1.5008863, 42.4965572], [1.5003739, 42.4962456], [1.4993664, 42.4957211], [1.498787, 42.4950252], [1.4984122, 42.4941755], [1.4979239, 42.493245], [1.4975744, 42.4929991], [1.497595, 42.4929836], [1.4967196, 42.492261], [1.4958699, 42.4915073], [1.4950738, 42.4907292], [1.4946045, 42.4897079], [1.4940481, 42.4887178], [1.4934939, 42.4877263], [1.4929586, 42.4867251], [1.4925333, 42.4856726], [1.491941, 42.484755], [1.4910199, 42.4842179], [1.4905071, 42.4832161], [1.4899377, 42.4822364], [1.4895007, 42.4811992], [1.4893762, 42.4800704], [1.4896259, 42.4789813], [1.4902202, 42.4780138], [1.4906414, 42.4769705], [1.4908472, 42.4759405], [1.4909555, 42.4748412], [1.4914474, 42.4740734], [1.4908476, 42.4749972], [1.4916108, 42.474156], [1.4925171, 42.4735121], [1.4923417, 42.4735724], [1.493303, 42.4729886], [1.4934257, 42.4719219], [1.4932556, 42.4708664], [1.4932508, 42.4697392], [1.4938595, 42.4692284], [1.4948384, 42.4686641], [1.4948623, 42.4690319], [1.4954307, 42.4688216], [1.4960473, 42.4696186]], "mood_vectors": [[0.0392, 0.0817, 0.0189, 0.0176, 0.7513, 0.0722, 0.019], [0.0718, 0.0702, 0.0636, 0.0629, 0.6592, 0.026, 0.0463], [0.0778, 0.038, 0.0815, 0.0414, 0.6457, 0.0369, 0.0786], [0.037, 0.0611, 0.0598, 0.0119, 0.7278, 0.0524, 0.05], [0.0807, 0.0584, 0.0804, 0.033, 0.633, 0.0855, 0.0289], [0.0794, 0.0592, 0.0629, 0.0636, 0.6382, 0.0811, 0.0157], [0.0462, 0.0611, 0.0586, 0.0284, 0.6914, 0.044, 0.0703], [0.0271, 0.076, 0.0626, 0.0494, 0.6485, 0.0595, 0.0768], [0.0902, 0.0721, 0.074, 0.0372, 0.6108, 0.0325, 0.0833], [0.0378, 0.0452, 0.0339, 0.0702, 0.7207, 0.0664, 0.0258], [0.0558, 0.0397, 0.0714, 0.0392, 0.7215, 0.0596, 0.0128], [0.0427, 0.0718, 0.0562, 0.044, 0.6756, 0.031, 0.0787], [0.0584, 0.0698, 0.0258, 0.0271, 0.7137, 0.0297, 0.0755], [0.0499, 0.0443, 0.0667, 0.07, 0.6829, 0.0379, 0.0484], [0.0817, 0.0189, 0.0607, 0.0331, 0.6436, 0.0845, 0.0775], [0.0347, 0.041, 0.0211, 0.0924, 0.7084, 0.0456, 0.0569], [0.0562, 0.0211, 0.0677, 0.079, 0.7274, 0.0173, 0.0315], [0.0747, 0.0876, 0.0786, 0.0285, 0.6412, 0.0449, 0.0445], [0.0413, 0.037, 0.0832, 0.0617, 0.7276, 0.0138, 0.0353], [0.0324, 0.0155, 0.0894, 0.025, 0.7221, 0.0502, 0.0655], [0.0648, 0.0607, 0.0607, 0.0613, 0.6973, 0.0384, 0.0168], [0.0452, 0.0257, 0.064, 0.0826, 0.7034, 0.052, 0.0271], [0.0354, 0.0639, 0.09, 0.0391, 0.6855, 0.0433, 0.0428], [0.0325, 0.0758, 0.0823, 0.0269, 0.6247, 0.0872, 0.0706], [0.0675, 0.0844, 0.033, 0.0667, 0.6134, 0.0589, 0.0761], [0.0386, 0.0697, 0.0187, 0.0366, 0.7528, 0.0661, 0.0175], [0.0475, 0.0815, 0.082, 0.0136, 0.6715, 0.0735, 0.0305], [0.025, 0.0844, 0.0172, 0.0795, 0.6808, 0.0335, 0.0796], [0.0499, 0.0357, 0.026, 0.0518, 0.726, 0.0381, 0.0725], [0.0192, 0.0682, 0.0346, 0.0451, 0.7037, 0.0586, 0.0706], [0.0596, 0.014, 0.0153, 0.0782, 0.7748, 0.0127, 0.0454], [0.0236, 0.0784, 0.0439, 0.0619, 0.6679, 0.0433, 0.0811], [0.0596, 0.0744, 0.0431, 0.0457, 0.7037, 0.0597, 0.0138], [0.0481, 0.0347, 0.0181, 0.056, 0.7824, 0.0185, 0.0421], [0.0187, 0.0525, 0.0374, 0.0401, 0.7112, 0.0425, 0.0975], [0.0315, 0.0299, 0.0632, 0.0602, 0.7075, 0.0392, 0.0684], [0.0419, 0.0571, 0.0817, 0.0786, 0.6161, 0.0286, 0.0961], [0.0242, 0.0681, 0.0302, 0.0619, 0.7142, 0.029, 0.0725], [0.0895, 0.0223, 0.0146, 0.0182, 0.7996, 0.0203, 0.0355], [0.0559, 0.0912, 0.0194, 0.0382, 0.7134, 0.0206, 0.0615], [0.0593, 0.0509, 0.0702, 0.0594, 0.6997, 0.018, 0.0425], [0.0306, 0.0507, 0.0421, 0.0361, 0.7615, 0.0452, 0.0337], [0.0428, 0.0523, 0.0421, 0.0582, 0.7313, 0.0241, 0.0492], [0.0284, 0.0969, 0.0307, 0.0348, 0.7414, 0.0493, 0.0186], [0.026, 0.0407, 0.0549, 0.056, 0.7149, 0.0308, 0.0767], [0.041, 0.0726, 0.0574, 0.0858, 0.6327, 0.0439, 0.0666], [0.0407, 0.0928, 0.0499, 0.0919, 0.646, 0.0593, 0.0195], [0.0224, 0.0795, 0.0404, 0.0669, 0.7515, 0.0199, 0.0195], [0.0335, 0.0616, 0.0609, 0.066, 0.6908, 0.0515, 0.0356], [0.0656, 0.0567, 0.0654, 0.0483, 0.7088, 0.0144, 0.041], [0.04, 0.0184, 0.065, 0.0418, 0.787, 0.0275, 0.0203], [0.0725, 0.0313, 0.0596, 0.0205, 0.6974, 0.0464, 0.0723], [0.0639, 0.0782, 0.074, 0.0156, 0.7004, 0.0449, 0.023], [0.0368, 0.0499, 0.0133, 0.0302, 0.7409, 0.0778, 0.0512], [0.0506, 0.046, 0.0431, 0.0233, 0.735, 0.0571, 0.0449], [0.0516, 0.0803, 0.0718, 0.0234, 0.6357, 0.0684, 0.0687], [0.0671, 0.0604, 0.0284, 0.0662, 0.667, 0.0507, 0.0602], [0.0477, 0.0605, 0.0156, 0.0387, 0.7005, 0.0571, 0.0798], [0.0213, 0.0862, 0.0282, 0.0761, 0.6536, 0.0835, 0.051], [0.0473, 0.03, 0.0358, 0.0651, 0.718, 0.0439, 0.0599], [0.0666, 0.0792, 0.0293, 0.0294, 0.6388, 0.0792, 0.0776], [0.0189, 0.0983, 0.0597, 0.0819, 0.664, 0.053, 0.0243], [0.0514, 0.0529, 0.0515, 0.0697, 0.7095, 0.0302, 0.0348], [0.0262, 0.0855, 0.0725, 0.0506, 0.6425, 0.061, 0.0618], [0.0636, 0.0649, 0.0177, 0.0695, 0.7283, 0.0327, 0.0234], [0.0477, 0.0818, 0.0675, 0.0542, 0.6477, 0.0547, 0.0464], [0.0406, 0.0373, 0.0113, 0.0483, 0.7631, 0.028, 0.0715], [0.0466, 0.0495, 0.0727, 0.0386, 0.7012, 0.0613, 0.0302], [0.073, 0.0634, 0.0756, 0.0684, 0.5646, 0.0799, 0.0752], [0.0707, 0.0247, 0.0574, 0.0463, 0.7399, 0.0181, 0.0429], [0.0108, 0.0245, 0.0287, 0.0726, 0.7277, 0.0717, 0.064], [0.0776, 0.0137, 0.0209, 0.0262, 0.7529, 0.0325, 0.0763], [0.0251, 0.0712, 0.0874, 0.0339, 0.6609, 0.083, 0.0385], [0.0223, 0.0385, 0.0863, 0.0829, 0.6168, 0.0734, 0.0798], [0.0706, 0.0225, 0.0266, 0.0421, 0.7065, 0.0551, 0.0765], [0.0554, 0.0581, 0.0276, 0.0766, 0.7403, 0.0198, 0.0221], [0.0327, 0.0728, 0.0336, 0.0332, 0.7396, 0.0371, 0.051], [0.0216, 0.0651, 0.0198, 0.025, 0.8061, 0.038, 0.0244], [0.0387, 0.0478, 0.0477, 0.0731, 0.6945, 0.0241, 0.074], [0.0568, 0.0506, 0.0446, 0.0605, 0.7441, 0.0217, 0.0218]], "emotions": ["red", "red", "red", "red", "red", "red", "red", "red", "red", "red", "red", "red", "red", "red", "red", "red", "red", "red", "red", "red", "red", "red", "red", "red", "red", "red", "red", "red", "red", "red", "red", "red", "red", "red", "red", "red", "red", "red", "red", "red", "red", "red", "red", "red", "red", "red", "red", "red", "red", "red", "red", "red", "red", "red", "red", "red", "red", "red", "red", "red", "red", "red", "red", "red", "red", "red", "red", "red", "red", "red", "red", "red", "red", "red", "red", "red", "red", "red", "red", "red"], "timestamps": [0, 40, 80, 120, 160, 200, 240, 280, 320, 360, 400, 440, 480, 520, 560, 600, 640, 680, 720, 760, 800, 840, 880, 920, 960, 1000, 1040, 1080, 1120, 1160, 1200, 1240, 1280, 1320, 1360, 1400, 1440, 1480, 1520, 1560, 1600, 1640, 1680, 1720, 1760, 1800, 1840, 1880, 1920, 1960, 2000, 2040, 2080, 2120, 2160, 2200, 2240, 2280, 2320, 2360, 2400, 2440, 2480, 2520, 2560, 2600, 2640, 2680, 2720, 2760, 2800, 2840, 2880, 2920, 2960, 3000, 3040, 3080, 3120, 3160]}], "conversation": [], "conversation_timestamps": []}