{"agent_id": "agent-red-1066", "type": "red", "trips": [{"trip_id": 0, "transport_method": "bicycle", "start_time": 0, "path": [[1.5267655, 42.507228], [1.5269061, 42.5072472], [1.5270473, 42.5072599], [1.5271888, 42.507269], [1.5273293, 42.5072875], [1.5274437, 42.5073584], [1.5275151, 42.507481], [1.5276019, 42.5075932], [1.5276969, 42.5076962], [1.5277982, 42.5077922], [1.5278831, 42.5079058], [1.52792, 42.508034], [1.5279719, 42.5081432], [1.5280951, 42.5082136], [1.5282054, 42.5083014], [1.5283098, 42.5083975], [1.5284226, 42.5084834], [1.5285403, 42.5085626], [1.5286617, 42.508636], [1.5287862, 42.5087041], [1.5288573, 42.5087965], [1.5288943, 42.5088912], [1.5290332, 42.5089198], [1.5291722, 42.5089485], [1.5290854, 42.5088947], [1.5289438, 42.5088862], [1.5288746, 42.5088886], [1.5290123, 42.5089226], [1.5291501, 42.5089565], [1.5292879, 42.5089905], [1.5294256, 42.5090244], [1.5295634, 42.5090584], [1.5297012, 42.5090923], [1.5298382, 42.5091289], [1.529973, 42.5091732], [1.530107, 42.5092197], [1.5302411, 42.5092662], [1.5303751, 42.5093128], [1.5305097, 42.5093577], [1.5306439, 42.5093533], [1.5307777, 42.5093696], [1.5309112, 42.5094176], [1.5310441, 42.5094672], [1.5311769, 42.509517], [1.5313092, 42.5095683], [1.5314417, 42.5096192], [1.5315742, 42.5096698], [1.5317086, 42.5097154], [1.5318418, 42.5097642], [1.5319758, 42.5098107], [1.532111, 42.5098537], [1.5322484, 42.5098547], [1.5323748, 42.5099133], [1.5325109, 42.5099504], [1.532652, 42.5099658], [1.5327935, 42.5099746], [1.5329349, 42.5099857], [1.5330762, 42.5099995], [1.5332174, 42.5100132], [1.5333561, 42.5100368], [1.5334863, 42.510093], [1.5336166, 42.5101492], [1.5337444, 42.5102107], [1.5338702, 42.5102763], [1.533996, 42.5103419], [1.5341218, 42.5104075], [1.5342476, 42.5104732], [1.5343734, 42.5105388], [1.5344992, 42.5106044], [1.534625, 42.51067], [1.5347508, 42.5107356], [1.5348766, 42.5108012], [1.5349944, 42.5107977], [1.5351018, 42.510705], [1.5352092, 42.5106122], [1.5353399, 42.5105639], [1.5353214, 42.5104595], [1.5353975, 42.5103893], [1.5355159, 42.5103132], [1.5356405, 42.5102454]], "mood_vectors": [[0.7458, 0.0402, 0.0414, 0.0202, 0.0765, 0.0445, 0.0314], [0.6628, 0.0578, 0.0914, 0.0615, 0.0463, 0.0554, 0.0248], [0.6695, 0.0791, 0.0739, 0.0607, 0.0807, 0.0226, 0.0135], [0.709, 0.0702, 0.0665, 0.0797, 0.02, 0.0195, 0.0351], [0.659, 0.0211, 0.049, 0.0726, 0.0817, 0.0616, 0.0549], [0.6523, 0.0839, 0.0758, 0.0572, 0.071, 0.0158, 0.0439], [0.6933, 0.0601, 0.017, 0.039, 0.0549, 0.0739, 0.0618], [0.6961, 0.0269, 0.0492, 0.0366, 0.0729, 0.0716, 0.0466], [0.6445, 0.083, 0.0717, 0.0846, 0.0336, 0.0239, 0.0587], [0.771, 0.0552, 0.0606, 0.0226, 0.039, 0.0148, 0.0367], [0.6927, 0.0497, 0.0215, 0.0515, 0.0237, 0.0803, 0.0805], [0.666, 0.0462, 0.0639, 0.0898, 0.0355, 0.08, 0.0185], [0.6678, 0.0331, 0.0626, 0.0292, 0.072, 0.061, 0.0742], [0.7362, 0.0699, 0.0327, 0.063, 0.0397, 0.0304, 0.0283], [0.7189, 0.0785, 0.0677, 0.0523, 0.0392, 0.0116, 0.0318], [0.626, 0.0712, 0.0754, 0.0155, 0.0707, 0.0526, 0.0884], [0.6497, 0.0582, 0.0305, 0.064, 0.0405, 0.0878, 0.0692], [0.6528, 0.0724, 0.0795, 0.0322, 0.0615, 0.0291, 0.0724], [0.6652, 0.0377, 0.0731, 0.0527, 0.0634, 0.0382, 0.0697], [0.7501, 0.0544, 0.0318, 0.0153, 0.0445, 0.0607, 0.0431], [0.6828, 0.0404, 0.0708, 0.0271, 0.0633, 0.0533, 0.0623], [0.6804, 0.0318, 0.0409, 0.0611, 0.0711, 0.0763, 0.0384], [0.747, 0.0116, 0.0289, 0.0204, 0.0372, 0.0766, 0.0783], [0.7132, 0.0371, 0.0273, 0.0474, 0.0472, 0.095, 0.0328], [0.7075, 0.0497, 0.0468, 0.0609, 0.0542, 0.0256, 0.0552], [0.7687, 0.0359, 0.0276, 0.0505, 0.0341, 0.0536, 0.0296], [0.6939, 0.073, 0.0184, 0.0468, 0.0504, 0.0491, 0.0684], [0.657, 0.0528, 0.0249, 0.0789, 0.0838, 0.0607, 0.0421], [0.7529, 0.0111, 0.0541, 0.0768, 0.0123, 0.0449, 0.0477], [0.7535, 0.0826, 0.0198, 0.0198, 0.0654, 0.0459, 0.013], [0.7396, 0.0473, 0.0707, 0.0575, 0.0176, 0.0371, 0.0303], [0.7881, 0.0355, 0.0489, 0.0369, 0.0317, 0.0387, 0.0201], [0.7455, 0.0633, 0.0433, 0.0213, 0.0614, 0.0438, 0.0214], [0.7014, 0.0673, 0.0171, 0.0738, 0.0276, 0.0538, 0.059], [0.7045, 0.0727, 0.0283, 0.0687, 0.0678, 0.0385, 0.0196], [0.6542, 0.0326, 0.028, 0.0456, 0.07, 0.0796, 0.0899], [0.6833, 0.0307, 0.0715, 0.0558, 0.0272, 0.0715, 0.0599], [0.8018, 0.0379, 0.0216, 0.0264, 0.0578, 0.0316, 0.0229], [0.7321, 0.08, 0.0153, 0.0507, 0.0289, 0.025, 0.0679], [0.6918, 0.0237, 0.024, 0.0815, 0.0752, 0.0476, 0.0562], [0.7224, 0.0305, 0.0818, 0.0353, 0.0131, 0.0734, 0.0436], [0.7209, 0.0711, 0.0773, 0.0629, 0.0122, 0.0322, 0.0234], [0.6186, 0.0991, 0.0782, 0.0301, 0.0723, 0.0209, 0.0807], [0.7259, 0.0407, 0.0181, 0.0428, 0.06, 0.0677, 0.0448], [0.6744, 0.0514, 0.0753, 0.0762, 0.0712, 0.0326, 0.0189], [0.7799, 0.0646, 0.0146, 0.022, 0.0366, 0.0248, 0.0575], [0.7921, 0.0154, 0.0441, 0.0193, 0.0207, 0.0358, 0.0725], [0.7549, 0.0559, 0.0608, 0.0575, 0.0184, 0.024, 0.0285], [0.7167, 0.0487, 0.0527, 0.0683, 0.0377, 0.0638, 0.0121], [0.7532, 0.0518, 0.0623, 0.0445, 0.0272, 0.0194, 0.0416], [0.7586, 0.0342, 0.062, 0.0169, 0.0494, 0.0488, 0.0301], [0.7416, 0.0655, 0.039, 0.0261, 0.0228, 0.0682, 0.0369], [0.7148, 0.0548, 0.0289, 0.0515, 0.0367, 0.0508, 0.0625], [0.6617, 0.053, 0.0797, 0.0518, 0.0392, 0.0566, 0.058], [0.7695, 0.0342, 0.0388, 0.0227, 0.0391, 0.017, 0.0788], [0.7367, 0.0753, 0.0123, 0.0245, 0.0299, 0.0451, 0.0762], [0.7318, 0.0327, 0.0582, 0.0807, 0.0538, 0.0244, 0.0184], [0.6749, 0.0468, 0.06, 0.0493, 0.0705, 0.0139, 0.0846], [0.7577, 0.0425, 0.0502, 0.0654, 0.0134, 0.0165, 0.0544], [0.7422, 0.0614, 0.0259, 0.0524, 0.0236, 0.0674, 0.0271], [0.6752, 0.0303, 0.1018, 0.0163, 0.0878, 0.031, 0.0576], [0.7222, 0.0901, 0.0205, 0.0717, 0.0282, 0.0202, 0.0471], [0.753, 0.0228, 0.0493, 0.0274, 0.0408, 0.0658, 0.0408], [0.6542, 0.0293, 0.0507, 0.0201, 0.1037, 0.055, 0.0871], [0.6464, 0.0825, 0.015, 0.0283, 0.0772, 0.0564, 0.0941], [0.734, 0.0561, 0.0313, 0.0682, 0.0307, 0.0169, 0.0628], [0.7762, 0.0164, 0.0195, 0.0687, 0.0327, 0.0642, 0.0224], [0.6803, 0.052, 0.043, 0.024, 0.0663, 0.0905, 0.0438], [0.682, 0.0797, 0.0149, 0.0204, 0.0836, 0.057, 0.0625], [0.6249, 0.0562, 0.0293, 0.0799, 0.0969, 0.0805, 0.0323], [0.6585, 0.0344, 0.0984, 0.0782, 0.019, 0.0945, 0.0169], [0.6572, 0.0963, 0.0965, 0.031, 0.0165, 0.054, 0.0484], [0.7346, 0.0481, 0.0168, 0.0482, 0.0306, 0.0767, 0.0451], [0.6509, 0.0304, 0.0887, 0.0932, 0.062, 0.0484, 0.0264], [0.7057, 0.0422, 0.0771, 0.0402, 0.0663, 0.0429, 0.0256], [0.6711, 0.0127, 0.0447, 0.0827, 0.0801, 0.0324, 0.0763], [0.725, 0.0747, 0.0733, 0.0319, 0.037, 0.017, 0.0411], [0.6391, 0.0537, 0.0498, 0.0691, 0.0709, 0.04, 0.0775], [0.6754, 0.0669, 0.0512, 0.0594, 0.0627, 0.0271, 0.0573], [0.7055, 0.0505, 0.0349, 0.038, 0.028, 0.0731, 0.0701]], "emotions": ["red", "red", "red", "red", "red", "red", "red", "red", "red", "red", "red", "red", "red", "red", "red", "red", "red", "red", "red", "red", "red", "red", "red", "red", "red", "red", "red", "red", "red", "red", "red", "red", "red", "red", "red", "red", "red", "red", "red", "red", "red", "red", "red", "red", "red", "red", "red", "red", "red", "red", "red", "red", "red", "red", "red", "red", "red", "red", "red", "red", "red", "red", "red", "red", "red", "red", "red", "red", "red", "red", "red", "red", "red", "red", "red", "red", "red", "red", "red", "red"], "timestamps": [0, 40, 80, 120, 160, 200, 240, 280, 320, 360, 400, 440, 480, 520, 560, 600, 640, 680, 720, 760, 800, 840, 880, 920, 960, 1000, 1040, 1080, 1120, 1160, 1200, 1240, 1280, 1320, 1360, 1400, 1440, 1480, 1520, 1560, 1600, 1640, 1680, 1720, 1760, 1800, 1840, 1880, 1920, 1960, 2000, 2040, 2080, 2120, 2160, 2200, 2240, 2280, 2320, 2360, 2400, 2440, 2480, 2520, 2560, 2600, 2640, 2680, 2720, 2760, 2800, 2840, 2880, 2920, 2960, 3000, 3040, 3080, 3120, 3160]}], "conversation": [], "conversation_timestamps": []}