{"agent_id": "agent-red-931", "type": "red", "trips": [{"trip_id": 0, "transport_method": "car", "start_time": 0, "path": [[1.6518058, 42.578391], [1.6495203, 42.5793748], [1.6490179, 42.579598], [1.646535, 42.5800738], [1.6439945, 42.5795977], [1.6413939, 42.5794881], [1.638917, 42.5787982], [1.6363467, 42.5786443], [1.6358007, 42.5784791], [1.6360982, 42.5786021], [1.6335523, 42.5781553], [1.6309814, 42.5785367], [1.6285423, 42.5777328], [1.6261417, 42.5771861], [1.6266866, 42.5777989], [1.6252589, 42.5765865], [1.6228019, 42.5757834], [1.6206349, 42.5744238], [1.6182326, 42.5735871], [1.6159385, 42.5727627], [1.6134365, 42.5720468], [1.6109614, 42.5714569], [1.6084108, 42.5712659], [1.6066878, 42.5707549], [1.604811, 42.5693629], [1.602812, 42.5680756], [1.6006981, 42.5665963], [1.6013933, 42.5671272], [1.5995292, 42.5658931], [1.5976123, 42.5644609], [1.5950976, 42.5640628], [1.5933602, 42.5622872], [1.5938379, 42.5600473], [1.5928765, 42.5579048], [1.5916693, 42.5561905], [1.590582, 42.5541793], [1.5915867, 42.5520796], [1.5920974, 42.5495562], [1.5919349, 42.5472177], [1.5917234, 42.5448101], [1.5916253, 42.542296], [1.5919275, 42.5400969], [1.5911349, 42.5377701], [1.588928, 42.53651], [1.5872465, 42.5346568], [1.5867789, 42.5344478], [1.5855563, 42.5336438], [1.5835018, 42.5320556], [1.5809686, 42.531729], [1.5783658, 42.5318], [1.575781, 42.5315096], [1.5736419, 42.5301652], [1.5743319, 42.5310361], [1.5733292, 42.5298853], [1.5710354, 42.529156], [1.5699986, 42.5283281], [1.570612, 42.5289001], [1.5684444, 42.5274563], [1.5687748, 42.527522], [1.5673123, 42.5266099], [1.5650582, 42.5253335], [1.5626496, 42.5244521], [1.560733, 42.5227141], [1.5586381, 42.521248], [1.5568079, 42.5194361], [1.556549, 42.519059], [1.5554498, 42.5180888], [1.5539538, 42.5170143], [1.5539546, 42.5169903], [1.5527247, 42.514741], [1.5513353, 42.5128918], [1.5491057, 42.511668], [1.5466157, 42.5109499], [1.5459716, 42.509614], [1.5434714, 42.5090285], [1.5409044, 42.5086959], [1.5387827, 42.5089876], [1.5364002, 42.5086798], [1.5338103, 42.5084903], [1.5317459, 42.5086589]], "mood_vectors": [[0.6711, 0.0755, 0.0505, 0.0827, 0.026, 0.0512, 0.043], [0.7757, 0.0434, 0.0321, 0.0349, 0.0474, 0.0411, 0.0253], [0.6456, 0.0829, 0.0354, 0.0704, 0.0535, 0.0774, 0.0347], [0.6863, 0.0464, 0.0588, 0.0205, 0.075, 0.0641, 0.0489], [0.7714, 0.0254, 0.0284, 0.0191, 0.0305, 0.0453, 0.0799], [0.7322, 0.0645, 0.0483, 0.0415, 0.0231, 0.0346, 0.0558], [0.6616, 0.0213, 0.0389, 0.0193, 0.0856, 0.0971, 0.0762], [0.6719, 0.0513, 0.089, 0.0309, 0.051, 0.0223, 0.0836], [0.7339, 0.0404, 0.0364, 0.035, 0.0721, 0.0309, 0.0513], [0.6642, 0.0412, 0.0139, 0.079, 0.091, 0.0714, 0.0393], [0.6539, 0.0304, 0.0733, 0.0633, 0.0529, 0.0507, 0.0754], [0.7262, 0.0751, 0.0366, 0.0141, 0.0148, 0.0798, 0.0534], [0.7321, 0.0241, 0.0399, 0.0596, 0.072, 0.0409, 0.0313], [0.7054, 0.0391, 0.0826, 0.0695, 0.0205, 0.0279, 0.0551], [0.5767, 0.0816, 0.068, 0.0443, 0.0603, 0.0788, 0.0903], [0.7169, 0.0593, 0.0229, 0.022, 0.0683, 0.0656, 0.0449], [0.6881, 0.0332, 0.0436, 0.0526, 0.0312, 0.0827, 0.0685], [0.7492, 0.0205, 0.0593, 0.0757, 0.0209, 0.0471, 0.0273], [0.6999, 0.0919, 0.0232, 0.0466, 0.0486, 0.042, 0.0479], [0.73, 0.0706, 0.0164, 0.0488, 0.0424, 0.0519, 0.04], [0.7111, 0.0576, 0.071, 0.0121, 0.0173, 0.058, 0.0728], [0.7506, 0.0475, 0.0381, 0.0614, 0.0777, 0.0115, 0.0132], [0.7194, 0.0262, 0.081, 0.0686, 0.0541, 0.0374, 0.0133], [0.7059, 0.0622, 0.0854, 0.0226, 0.0291, 0.016, 0.0788], [0.7781, 0.0327, 0.0221, 0.074, 0.0187, 0.0541, 0.0204], [0.6649, 0.0612, 0.0745, 0.0978, 0.0543, 0.0181, 0.0293], [0.7497, 0.0384, 0.0443, 0.0131, 0.0822, 0.038, 0.0343], [0.6518, 0.0969, 0.0485, 0.046, 0.0956, 0.0311, 0.0301], [0.6821, 0.0686, 0.0394, 0.0169, 0.0764, 0.0722, 0.0444], [0.6607, 0.0758, 0.0285, 0.0446, 0.0588, 0.0681, 0.0635], [0.6739, 0.0889, 0.0781, 0.0196, 0.0376, 0.0762, 0.0257], [0.7695, 0.0378, 0.0265, 0.0202, 0.0619, 0.0641, 0.0199], [0.7153, 0.0767, 0.0319, 0.0248, 0.031, 0.0688, 0.0515], [0.6773, 0.0961, 0.07, 0.0357, 0.0235, 0.0753, 0.0221], [0.6988, 0.0928, 0.0665, 0.0533, 0.0401, 0.0313, 0.0172], [0.6893, 0.0726, 0.0845, 0.0228, 0.0279, 0.0533, 0.0496], [0.7695, 0.0607, 0.0258, 0.0139, 0.014, 0.0792, 0.0369], [0.6569, 0.0654, 0.0633, 0.0252, 0.055, 0.0717, 0.0626], [0.7456, 0.0155, 0.0531, 0.0246, 0.0174, 0.073, 0.0709], [0.7147, 0.0419, 0.0172, 0.0298, 0.1053, 0.064, 0.0272], [0.6947, 0.0677, 0.0845, 0.059, 0.0428, 0.0279, 0.0234], [0.7477, 0.0665, 0.0384, 0.0434, 0.0271, 0.0408, 0.0361], [0.7463, 0.0564, 0.0626, 0.0282, 0.0194, 0.0453, 0.0418], [0.7047, 0.0719, 0.048, 0.0577, 0.0763, 0.0227, 0.0188], [0.6301, 0.062, 0.0917, 0.0916, 0.0204, 0.0267, 0.0774], [0.7159, 0.0381, 0.0398, 0.069, 0.0488, 0.0235, 0.0649], [0.7152, 0.0566, 0.03, 0.0473, 0.0212, 0.051, 0.0787], [0.6552, 0.0383, 0.0852, 0.0624, 0.0224, 0.0783, 0.0584], [0.7063, 0.0249, 0.0802, 0.0539, 0.0665, 0.0435, 0.0248], [0.6528, 0.0564, 0.0584, 0.0325, 0.0609, 0.0677, 0.0713], [0.6841, 0.0312, 0.0197, 0.043, 0.0724, 0.0596, 0.0901], [0.6926, 0.0431, 0.0373, 0.0594, 0.0582, 0.0582, 0.0512], [0.6848, 0.042, 0.0304, 0.0788, 0.0436, 0.0905, 0.0299], [0.6374, 0.046, 0.06, 0.0313, 0.0755, 0.0817, 0.0681], [0.7049, 0.0353, 0.0845, 0.0298, 0.0363, 0.0832, 0.026], [0.6387, 0.0871, 0.0641, 0.0191, 0.0464, 0.059, 0.0855], [0.6812, 0.0742, 0.0382, 0.0214, 0.0287, 0.0573, 0.099], [0.6571, 0.0448, 0.0751, 0.0744, 0.0319, 0.07, 0.0466], [0.6411, 0.0729, 0.0596, 0.0673, 0.0304, 0.0573, 0.0714], [0.6265, 0.0487, 0.054, 0.0784, 0.0755, 0.0702, 0.0467], [0.6568, 0.061, 0.044, 0.0693, 0.0679, 0.0614, 0.0396], [0.7334, 0.0285, 0.0244, 0.0381, 0.0698, 0.0158, 0.09], [0.648, 0.0671, 0.0716, 0.0212, 0.0902, 0.0328, 0.069], [0.6395, 0.0845, 0.0925, 0.0826, 0.0223, 0.0256, 0.053], [0.7051, 0.0251, 0.0525, 0.0677, 0.0191, 0.0723, 0.0582], [0.7315, 0.0784, 0.0265, 0.0322, 0.0393, 0.0731, 0.0189], [0.7453, 0.015, 0.0466, 0.0534, 0.0762, 0.0413, 0.0222], [0.782, 0.0185, 0.0173, 0.0142, 0.069, 0.0807, 0.0184], [0.6939, 0.0641, 0.0398, 0.0444, 0.0758, 0.0613, 0.0207], [0.6775, 0.0776, 0.0595, 0.0724, 0.0475, 0.049, 0.0166], [0.5993, 0.076, 0.0862, 0.0623, 0.0816, 0.0697, 0.0249], [0.6944, 0.0513, 0.0557, 0.06, 0.0323, 0.0593, 0.047], [0.7806, 0.0178, 0.0433, 0.0258, 0.038, 0.0766, 0.0179], [0.7872, 0.0439, 0.0275, 0.0519, 0.0171, 0.0503, 0.0221], [0.7096, 0.0469, 0.0233, 0.0801, 0.013, 0.0488, 0.0784], [0.7527, 0.0461, 0.0339, 0.0444, 0.0518, 0.014, 0.0572], [0.7364, 0.021, 0.0589, 0.0368, 0.0471, 0.0493, 0.0506], [0.6625, 0.0432, 0.0541, 0.0451, 0.0666, 0.0676, 0.0609], [0.6646, 0.0537, 0.043, 0.0689, 0.0378, 0.058, 0.0741], [0.6787, 0.0353, 0.065, 0.0147, 0.0654, 0.0528, 0.0881]], "emotions": ["red", "red", "red", "red", "red", "red", "red", "red", "red", "red", "red", "red", "red", "red", "red", "red", "red", "red", "red", "red", "red", "red", "red", "red", "red", "red", "red", "red", "red", "red", "red", "red", "red", "red", "red", "red", "red", "red", "red", "red", "red", "red", "red", "red", "red", "red", "red", "red", "red", "red", "red", "red", "red", "red", "red", "red", "red", "red", "red", "red", "red", "red", "red", "red", "red", "red", "red", "red", "red", "red", "red", "red", "red", "red", "red", "red", "red", "red", "red", "red"], "timestamps": [0, 40, 80, 120, 160, 200, 240, 280, 320, 360, 400, 440, 480, 520, 560, 600, 640, 680, 720, 760, 800, 840, 880, 920, 960, 1000, 1040, 1080, 1120, 1160, 1200, 1240, 1280, 1320, 1360, 1400, 1440, 1480, 1520, 1560, 1600, 1640, 1680, 1720, 1760, 1800, 1840, 1880, 1920, 1960, 2000, 2040, 2080, 2120, 2160, 2200, 2240, 2280, 2320, 2360, 2400, 2440, 2480, 2520, 2560, 2600, 2640, 2680, 2720, 2760, 2800, 2840, 2880, 2920, 2960, 3000, 3040, 3080, 3120, 3160]}], "conversation": [], "conversation_timestamps": []}