{
  "agent_id": "agent-type-purple-21",
  "type": "purple",
  "trips": [
    {
      "trip_id": 0,
      "transport_method": "foot",
      "start_time": 0,
      "path": [
        [
          1.5285420999999997,
          42.504160199999994
        ],
        [
          1.5279652855187824,
          42.50465303124999
        ],
        [
          1.5277097392717311,
          42.504916881713335
        ],
        [
          1.5272355888081037,
          42.50507573886631
        ],
        [
          1.5274962944385817,
          42.50519649172652
        ],
        [
          1.528110349193704,
          42.50537064875705
        ],
        [
          1.5279606480631436,
          42.50558039421437
        ],
        [
          1.527257581649536,
          42.505483453495565
        ],
        [
          1.5273707733491428,
          42.50547161760483
        ],
        [
          1.5267069450635524,
          42.5053067860448
        ],
        [
          1.5260958084586533,
          42.50540248017661
        ],
        [
          1.5267018462023543,
          42.505774153164474
        ],
        [
          1.5264378414501876,
          42.50612435501331
        ],
        [
          1.5264117600942886,
          42.50634631038137
        ],
        [
          1.5267714047982333,
          42.505838052555156
        ],
        [
          1.5273022040315385,
          42.50621245263112
        ],
        [
          1.5276505059921561,
          42.50687307770274
        ],
        [
          1.5276193792022188,
          42.507203180337065
        ],
        [
          1.5268631551229082,
          42.50714216616998
        ],
        [
          1.5261069940674465,
          42.50708042880631
        ],
        [
          1.5253516154916769,
          42.507009712514105
        ],
        [
          1.525497848077549,
          42.506776527431114
        ],
        [
          1.5248294691502624,
          42.50692519185523
        ],
        [
          1.524391266838745,
          42.506701021359895
        ],
        [
          1.5236932707756237,
          42.50671957835603
        ],
        [
          1.5231145900569374,
          42.506582299259414
        ],
        [
          1.5223765819373194,
          42.506406397007886
        ],
        [
          1.5216646877339972,
          42.50641350311125
        ],
        [
          1.5221669103829865,
          42.506960190550004
        ],
        [
          1.5227822054413982,
          42.50727831558804
        ],
        [
          1.5233261775945972,
          42.50724686944768
        ],
        [
          1.5225687606305929,
          42.5072906544834
        ],
        [
          1.5229102402491577,
          42.50768914282962
        ],
        [
          1.5236271,
          42.5077559
        ]
      ],
      "emotions": [
        "red",
        "red",
        "red",
        "red",
        "red",
        "red",
        "red",
        "red",
        "red",
        "red",
        "green",
        "green",
        "green",
        "green",
        "green",
        "red",
        "red",
        "red",
        "red",
        "red",
        "purple",
        "purple",
        "purple",
        "purple",
        "purple",
        "green",
        "green",
        "green",
        "green",
        "green",
        "red",
        "red",
        "red",
        "red"
      ],
      "mood_vectors": [
        [
          0.008289784113204607,
          0.29236123696926825,
          0.20868287835898414,
          0.2547830395795357,
          0.08203007362513409,
          0.09925777306834128,
          0.054595214285531934
        ],
        [
          0.1965459540702462,
          0.1896131195006244,
          0.1952474535258803,
          0.13920086196459228,
          0.1405103880535321,
          0.07389816060199042,
          0.0649840622831343
        ],
        [
          0.029498090188777602,
          0.11383277806705078,
          0.21186700449398693,
          0.2512776639668029,
          0.01677925649276047,
          0.14456412696463225,
          0.23218107982598904
        ],
        [
          0.08983698849635631,
          0.253328260184217,
          0.03724234611135616,
          0.3249682804169366,
          0.1841469478764581,
          0.07506665400058797,
          0.03541052291408788
        ],
        [
          0.11474710948375214,
          0.015402195805687977,
          0.09103925553129338,
          0.14212587242970104,
          0.16555337470013665,
          0.2381788309271601,
          0.2329533611222687
        ],
        [
          0.20625402055849906,
          0.24465624572249908,
          0.006144674062722755,
          0.038037829755497424,
          0.24196724367216665,
          0.2239364988374073,
          0.039003487391207806
        ],
        [
          0.2308406283410008,
          0.14599891165276893,
          0.18788744689954712,
          0.14818675979648097,
          0.010981968354735522,
          0.1455764822522422,
          0.13052780270322442
        ],
        [
          0.16984563325011207,
          0.2617462057527252,
          0.12416357483532721,
          0.059837662656976764,
          0.21613164961917025,
          0.08511811007280334,
          0.08315716381288513
        ],
        [
          0.1400760707920119,
          0.23610333754250828,
          0.07051808130651471,
          0.2664253698646725,
          0.25409601315718816,
          0.024747792829719416,
          0.00803333450738495
        ],
        [
          0.20018910380181526,
          0.2175306150983032,
          0.09572430763285222,
          0.07310783121235305,
          0.10186027862954879,
          0.2903167792649017,
          0.021271084360225758
        ],
        [
          0.0426068840152658,
          0.021258602506448804,
          0.09297707864815515,
          0.27579746265527505,
          0.2325944786723971,
          0.22670183040115666,
          0.10806366310130143
        ],
        [
          0.26215450036872623,
          0.12798604993904764,
          0.12352880503813787,
          0.014763190865048964,
          0.001383690224278111,
          0.2615276724934656,
          0.20865609107129568
        ],
        [
          0.06230298083738242,
          0.25147466202858226,
          0.232470911571454,
          0.11311317577711295,
          0.22616718835724126,
          0.043870071596787685,
          0.07060100983143942
        ],
        [
          0.09500600989018318,
          0.10163805590577613,
          0.012701755834438725,
          0.20261776716035268,
          0.23603169753789913,
          0.24086468045386802,
          0.1111400332174822
        ],
        [
          0.223569229751767,
          0.13456337297519652,
          0.16709157352167622,
          0.1713845259685308,
          0.06488527094232886,
          0.12401290071492659,
          0.11449312612557397
        ],
        [
          0.016866905418835166,
          0.13012585261195894,
          0.1547902055159671,
          0.11607055728982839,
          0.13667456082089519,
          0.2361269117977304,
          0.20934500654478483
        ],
        [
          0.17518646838283028,
          0.16962123804230253,
          0.10954474920153691,
          0.1349877036249413,
          0.12652595825116278,
          0.14929110573863416,
          0.13484277675859208
        ],
        [
          0.09850846825312379,
          0.1855653446174209,
          0.19610324235230198,
          0.1678029692577526,
          0.09797587018111462,
          0.19882566467408108,
          0.05521844066420499
        ],
        [
          0.21573251034243193,
          0.09155800951813448,
          0.18221290348271904,
          0.22163224529812603,
          0.04028062718210617,
          0.12353850940453394,
          0.1250451947719483
        ],
        [
          0.06922979540850856,
          0.21760164647558072,
          0.1788186411205326,
          0.07389606193963769,
          0.019999559784637588,
          0.17548219968447662,
          0.26497209558662627
        ],
        [
          0.1454432658757421,
          0.010295441273783434,
          0.0018701930617764037,
          0.28348510865226473,
          0.02586567358747894,
          0.36699165888280494,
          0.1660486586661495
        ],
        [
          0.12880471728460605,
          0.09775150558321807,
          0.20208470479338408,
          0.10981693875831544,
          0.1371670749781024,
          0.1764653776253642,
          0.14790968097700968
        ],
        [
          0.19843430334470452,
          0.186042868002249,
          0.04192124375161156,
          0.07957868557033894,
          0.18127247705375987,
          0.19654946439425022,
          0.11620095788308583
        ],
        [
          0.05269572411136449,
          0.10408077273664669,
          0.2882868588223085,
          0.1268864574455512,
          0.07492234489260761,
          0.030967022370543093,
          0.3221608196209785
        ],
        [
          0.009753934642194049,
          0.14275528611603341,
          0.1968788999517748,
          0.38543397206177493,
          0.08611855752065399,
          0.03952798885588414,
          0.13953136085168463
        ],
        [
          0.12562925055572519,
          0.15296973834013491,
          0.015563376429270527,
          0.1632544118002964,
          0.19109924751860277,
          0.14687019063195397,
          0.20461378472401623
        ],
        [
          0.09042628410273394,
          0.22755858587253297,
          0.317528614037105,
          0.17688122569003623,
          0.03341503779899262,
          0.03481978535988252,
          0.11937046713871668
        ],
        [
          0.10420159389527749,
          0.20413986189466324,
          0.07956335356100154,
          0.12972620278428978,
          0.2799254025489834,
          0.17752396824729647,
          0.024919617068488026
        ],
        [
          0.13615848133545264,
          0.058265313340895034,
          0.11564331809782384,
          0.24598690608864562,
          0.13241092434576635,
          0.2738153172216193,
          0.03771973956979731
        ],
        [
          0.25932155186499334,
          0.10163445801883288,
          0.19430391631040542,
          0.0462417639282867,
          0.23932580023651953,
          0.06453361432310692,
          0.09463889531785523
        ],
        [
          0.1059934150014196,
          0.06542526393743667,
          0.23620699929042546,
          0.11560186983826533,
          0.2287340954115838,
          0.047298415523917274,
          0.20073994099695192
        ],
        [
          0.07558885556560214,
          0.2003123999476233,
          0.03346154773321137,
          0.1574707442494299,
          0.30084917640403963,
          0.08128924216462138,
          0.15102803393547223
        ],
        [
          0.13642836777317127,
          0.028844104645896446,
          0.21850160153921072,
          0.13646429122376097,
          0.05965584630059076,
          0.20886360927253,
          0.2112421792448397
        ],
        [
          0.16622456254344375,
          0.11531767635734884,
          0.10217583413808716,
          0.15834397131503342,
          0.13750612285436817,
          0.17071825125021667,
          0.14971358154150205
        ]
      ],
      "timestamps": [
        0,
        1,
        2,
        3,
        4,
        5,
        6,
        7,
        8,
        9,
        10,
        11,
        12,
        13,
        14,
        15,
        16,
        17,
        18,
        19,
        20,
        21,
        22,
        23,
        24,
        25,
        26,
        27,
        28,
        29,
        30,
        31,
        32,
        33
      ],
      "distance": 715.2
    },
    {
      "trip_id": 1,
      "transport_method": "bicycle",
      "start_time": 34,
      "path": [
        [
          1.5234548,
          42.5074548
        ],
        [
          1.522810807789499,
          42.507667706948354
        ],
        [
          1.5231181898021886,
          42.50725889288174
        ],
        [
          1.522542311345899,
          42.50729218347328
        ],
        [
          1.5216899747877408,
          42.50646304968899
        ],
        [
          1.5227451304040602,
          42.50649423954427
        ],
        [
          1.5234995827271247,
          42.506673869906926
        ],
        [
          1.5223876402402505,
          42.506342369006006
        ],
        [
          1.521940490820398,
          42.50672417877521
        ],
        [
          1.522247439850522,
          42.50755749652886
        ],
        [
          1.5212539144975745,
          42.50698913948721
        ],
        [
          1.5213785729860316,
          42.506678559333714
        ],
        [
          1.521774290252027,
          42.5074819480492
        ],
        [
          1.5222722434026836,
          42.507069985978625
        ],
        [
          1.521474799032284,
          42.506171319138325
        ],
        [
          1.5210432980000392,
          42.50604704680495
        ],
        [
          1.5215683030970097,
          42.506442233430306
        ],
        [
          1.520567902785781,
          42.50588774307344
        ],
        [
          1.5193917004213349,
          42.505615441559044
        ],
        [
          1.51835837080456,
          42.5056867732129
        ],
        [
          1.5191872047505355,
          42.50631453283536
        ],
        [
          1.5201342411059484,
          42.50643467008825
        ],
        [
          1.519777442318488,
          42.50640183213118
        ],
        [
          1.5195739987250734,
          42.50618738268878
        ],
        [
          1.518545840862002,
          42.50605017690122
        ],
        [
          1.5185836353742146,
          42.50496418436568
        ],
        [
          1.5197458000000004,
          42.50516729999999
        ]
      ],
      "emotions": [
        "red",
        "purple",
        "purple",
        "purple",
        "purple",
        "purple",
        "purple",
        "purple",
        "purple",
        "purple",
        "purple",
        "green",
        "green",
        "green",
        "green",
        "green",
        "green",
        "green",
        "green",
        "green",
        "green",
        "green",
        "green",
        "green",
        "green",
        "green",
        "purple"
      ],
      "mood_vectors": [
        [
          0.13535508686902173,
          0.02408716484189588,
          0.14438201700769876,
          0.12574290745532815,
          0.2156199809501772,
          0.19739695158391576,
          0.15741589129196254
        ],
        [
          0.2807730894425433,
          0.001963265978734417,
          0.0008653302947025955,
          0.02448936995024327,
          0.2843084518924404,
          0.2889711566244316,
          0.11862933581690432
        ],
        [
          0.13044806793070798,
          0.10735951881952177,
          0.12112969787293577,
          0.1364266307069892,
          0.24045498855361425,
          0.24217598419782854,
          0.022005111918402386
        ],
        [
          0.10948748118194959,
          0.2195742147649928,
          0.2364960559438015,
          0.10254044776111577,
          0.09747996827876902,
          0.12529935806901302,
          0.10912247400035827
        ],
        [
          0.12402815609743534,
          0.05690697361357173,
          0.0027677383170683707,
          0.19471428121772066,
          0.18050534078734348,
          0.19817141901187954,
          0.2429060909549809
        ],
        [
          0.2875873348111912,
          0.26588611032220194,
          0.16719197393340893,
          0.08040579727945817,
          0.08704680964805656,
          0.04131110704695137,
          0.0705708669587318
        ],
        [
          0.01840037993112688,
          0.2849084706866049,
          0.23505432547086816,
          0.025871131045467705,
          0.07014700947801765,
          0.2110155789426542,
          0.15460310444526057
        ],
        [
          0.05512910610287185,
          0.2704277991419882,
          0.23892806564684219,
          0.24412946845487807,
          0.05875418567262407,
          0.09458436852085501,
          0.0380470064599406
        ],
        [
          0.07736919103914067,
          0.21150760168682425,
          0.16247008040404753,
          0.028375842556302894,
          0.20469551644587652,
          0.11632587967583335,
          0.19925588819197473
        ],
        [
          0.06511218534085356,
          0.2088070580613092,
          0.15475318931631205,
          0.17337487789125733,
          0.1383081207997575,
          0.02528192588127909,
          0.23436264270923124
        ],
        [
          0.14243925445989455,
          0.21817972807284614,
          0.0013122311819537293,
          0.1462640881997272,
          0.2561039427145711,
          0.1938143170564979,
          0.04188643831450937
        ],
        [
          0.2521021841211351,
          0.2427566579725915,
          0.06556286695829874,
          0.1695223897686728,
          0.02713340641303352,
          0.05659275038957606,
          0.1863297443766922
        ],
        [
          4.804497311309031e-05,
          0.20554637213258697,
          0.08931587999058051,
          0.10830363220152127,
          0.22744732935808942,
          0.159330054734416,
          0.2100086866096928
        ],
        [
          0.15955113538875312,
          0.27233516032153327,
          0.004101827580827607,
          0.24726490868149406,
          0.15754727358860557,
          0.11330814955026589,
          0.045891544888520444
        ],
        [
          0.1639295581969843,
          0.08987617110956765,
          0.04891329831496637,
          0.06505882023219814,
          0.0319995951947689,
          0.4650127997536959,
          0.13520975719781878
        ],
        [
          0.15433341677243825,
          0.031853748794665855,
          0.11028011842764364,
          0.29471788160289186,
          0.2322890321714859,
          0.12693109052169152,
          0.04959471170918291
        ],
        [
          0.028111519622862676,
          0.1345513968870069,
          0.18775380419021964,
          0.1048091049271884,
          0.26436078232732185,
          0.20502086369604172,
          0.07539252834935875
        ],
        [
          0.2354987355757395,
          0.15698026099149792,
          0.20727019498910895,
          0.1895870072291613,
          0.10901640995904002,
          0.05175051149753287,
          0.04989687975791942
        ],
        [
          0.3590490286357751,
          0.1832154985000395,
          0.0026407459615917723,
          0.016835791688432394,
          0.11726854332939503,
          0.0743073038513435,
          0.2466830880334227
        ],
        [
          0.3481626162080303,
          0.10015687349586637,
          0.185244090682337,
          0.1479087674222987,
          0.033116784647796924,
          0.17451300561426858,
          0.01089786192940217
        ],
        [
          0.09907262727359346,
          0.0035990984643759086,
          0.2818392850659757,
          0.2906468542595224,
          0.16662628847440603,
          0.031025754886504876,
          0.12719009157562164
        ],
        [
          0.19378276847468223,
          0.009314822540307,
          0.18623106543626328,
          0.1859098767457243,
          0.07362299508039345,
          0.33379082966396284,
          0.01734764205866698
        ],
        [
          0.06983423375599222,
          0.23336966559219224,
          0.053957494567595694,
          0.07499241925813149,
          0.14594941378664403,
          0.3041679665844612,
          0.11772880645498301
        ],
        [
          0.2347358074807636,
          0.09743697290676256,
          0.16746785579986012,
          0.2904265500348922,
          0.062303910315870306,
          0.11087716906621634,
          0.03675173439563489
        ],
        [
          0.050376561508295406,
          0.27141257393300117,
          0.11007800562599365,
          0.17606696928408574,
          0.04837556256719812,
          0.30005056884723386,
          0.04363975823419197
        ],
        [
          0.259969852439297,
          0.27457215434269616,
          0.005014668662812605,
          0.014536279319260699,
          0.11112868020731517,
          0.0026784687166983875,
          0.33209989631191994
        ],
        [
          0.2231301663562814,
          0.1733503488375059,
          0.11838220411007618,
          0.010833999243045166,
          0.16950342886179173,
          0.12705952454859296,
          0.17774032804270665
        ]
      ],
      "timestamps": [
        34,
        35,
        36,
        37,
        38,
        39,
        40,
        41,
        42,
        43,
        44,
        45,
        46,
        47,
        48,
        49,
        50,
        51,
        52,
        53,
        54,
        55,
        56,
        57,
        58,
        59,
        60
      ],
      "distance": 598.8
    },
    {
      "trip_id": 2,
      "transport_method": "stopped",
      "start_time": 61,
      "path": [
        [
          1.5197458000000004,
          42.50516729999999
        ],
        [
          1.5197458000000004,
          42.50516729999999
        ],
        [
          1.5197458000000004,
          42.50516729999999
        ],
        [
          1.5197458000000004,
          42.50516729999999
        ],
        [
          1.5197458000000004,
          42.50516729999999
        ],
        [
          1.5197458000000004,
          42.50516729999999
        ]
      ],
      "emotions": [
        "purple",
        "purple",
        "purple",
        "purple",
        "green",
        "green"
      ],
      "mood_vectors": [
        [
          0.14773082844466975,
          0.11000715638450222,
          0.06305237679835216,
          0.04948346084689607,
          0.2552407847590359,
          0.05973595389969025,
          0.3147494388668537
        ],
        [
          0.0043956870079242885,
          0.08564273593676756,
          0.025939236835589876,
          0.3444660262158594,
          0.024712892553823827,
          0.16238447881387555,
          0.35245894263615946
        ],
        [
          0.04608350652076496,
          0.1821246059438329,
          0.21773283174818409,
          0.19652643865898767,
          0.08815818931693284,
          0.2326530385009607,
          0.03672138931033686
        ],
        [
          0.07884017485856708,
          0.11126799431786001,
          0.22396404958171903,
          0.1897258608144977,
          0.08869023722122314,
          0.19572215392960957,
          0.11178952927652352
        ],
        [
          0.11475236829392972,
          0.20256932797716515,
          0.23527274768404952,
          0.17264194531739543,
          0.037843341418853454,
          0.011144291025477307,
          0.22577597828312945
        ],
        [
          0.027048121096762558,
          0.04323242527423533,
          0.204823946772598,
          0.22603287920996082,
          0.21017845599563412,
          0.18091538209075084,
          0.10776878956005839
        ]
      ],
      "timestamps": [
        61,
        62,
        63,
        64,
        65,
        66
      ]
    },
    {
      "trip_id": 3,
      "transport_method": "bicycle",
      "start_time": 67,
      "path": [
        [
          1.5197458000000004,
          42.50516729999999
        ],
        [
          1.5184229553904072,
          42.505267706539634
        ],
        [
          1.5190860298842384,
          42.506343820296664
        ],
        [
          1.519678511741407,
          42.50617244251216
        ],
        [
          1.5190073472775483,
          42.50636046879727
        ],
        [
          1.518733062826798,
          42.50549172033787
        ],
        [
          1.520245071834903,
          42.50581300478054
        ],
        [
          1.5210396847302368,
          42.50639833425178
        ],
        [
          1.5210543802465677,
          42.50599912238376
        ],
        [
          1.5223789653849629,
          42.50634115654075
        ],
        [
          1.523881695471572,
          42.506718127274404
        ],
        [
          1.5250557731253342,
          42.506967969738156
        ],
        [
          1.5261931251723169,
          42.50687128377721
        ],
        [
          1.5274945112392666,
          42.50719310565819
        ],
        [
          1.5273567790525344,
          42.50628475769493
        ],
        [
          1.5268862476291938,
          42.5064032570067
        ],
        [
          1.5269208313027094,
          42.50587087628655
        ],
        [
          1.527816335528961,
          42.50708965714241
        ],
        [
          1.526556594677237,
          42.50711743205906
        ],
        [
          1.5271222519464158,
          42.50693892564474
        ],
        [
          1.5262340227910962,
          42.50709140610261
        ],
        [
          1.527781013457862,
          42.507216221418076
        ],
        [
          1.5267309893334389,
          42.50729435082148
        ],
        [
          1.5270414239136656,
          42.50811642982872
        ],
        [
          1.5284590361088504,
          42.50855398907578
        ],
        [
          1.5280273565965945,
          42.50892213462578
        ],
        [
          1.5265207000000007,
          42.5087504
        ]
      ],
      "emotions": [
        "red",
        "red",
        "red",
        "green",
        "green",
        "green",
        "green",
        "green",
        "red",
        "red",
        "red",
        "red",
        "red",
        "red",
        "red",
        "red",
        "red",
        "red",
        "green",
        "green",
        "green",
        "green",
        "green",
        "purple",
        "purple",
        "purple",
        "purple"
      ],
      "mood_vectors": [
        [
          0.20419757584739234,
          0.0977931474369278,
          0.09922600387378372,
          0.16760463461529101,
          0.0749987127287969,
          0.08843489841572831,
          0.26774502708207987
        ],
        [
          0.21664780729585353,
          0.055883638858283735,
          0.10000548296540245,
          0.15023493837817706,
          0.10688249004121068,
          0.14311400591462964,
          0.2272316365464429
        ],
        [
          0.18240975327582967,
          0.07706728805144086,
          0.29362465196198245,
          0.030159184348037844,
          0.08277393676501113,
          0.200944565587826,
          0.133020620009872
        ],
        [
          0.19305904417160785,
          0.06041710951016569,
          0.1786255861731624,
          0.04894583942326937,
          0.12648985135567126,
          0.18588412783987593,
          0.20657844152624746
        ],
        [
          0.23131665911097224,
          0.2482070510521335,
          0.023560579310381868,
          0.19430954706672451,
          0.09566100055719325,
          0.0584342963391513,
          0.14851086656344328
        ],
        [
          0.1366931148978826,
          0.16356127828401715,
          0.3930022853254732,
          0.08955455993649016,
          0.1543070426172308,
          0.02305524776510261,
          0.039826471173803446
        ],
        [
          0.2036292032381423,
          0.0362743700889324,
          0.07537007377805327,
          0.19922065377902592,
          0.23794318983711013,
          0.1540919381099879,
          0.09347057116874811
        ],
        [
          0.2811001234563905,
          0.17661225082264032,
          0.20242409330717615,
          0.07929272908350611,
          0.1571699365813112,
          0.020058972547351495,
          0.08334189420162418
        ],
        [
          0.22780294334900603,
          0.19893688392666398,
          0.1637028117812081,
          0.19438604199340803,
          0.0826519485477302,
          0.04446593261548118,
          0.08805343778650253
        ],
        [
          0.053033420598545794,
          0.06995999193793875,
          0.033627354955029026,
          0.17033628481589078,
          0.16066536327267825,
          0.291258657657643,
          0.22111892676227432
        ],
        [
          0.25101223755638913,
          0.2652562916145608,
          0.012794565912363104,
          0.13178416136387971,
          0.013965483809990006,
          0.23163798181283093,
          0.09354927792998628
        ],
        [
          0.18013825988552037,
          0.03401763734811054,
          0.18875762117066208,
          0.17933646875690806,
          0.004288933096504135,
          0.2628881875514312,
          0.15057289219086367
        ],
        [
          0.2217915205813062,
          0.03744629537860732,
          0.18631578504526117,
          0.02511691862221549,
          0.23952546420888587,
          0.08838630631187608,
          0.2014177098518479
        ],
        [
          0.15737401726988948,
          0.16909126503155078,
          0.06597048398709363,
          0.17642147865587304,
          0.12714865711376544,
          0.17212840873437482,
          0.13186568920745276
        ],
        [
          0.0010672320614425683,
          0.2075828873861519,
          0.17706436615187995,
          0.1250143892679141,
          0.255162741318643,
          0.058376451205811704,
          0.17573193260815675
        ],
        [
          0.25005682285900255,
          0.16517011734817674,
          0.06775601829092562,
          0.1242123925441549,
          0.20109666740649365,
          0.057829881088630596,
          0.1338781004626159
        ],
        [
          0.14713989860560905,
          0.21060524860636176,
          0.12941989464258116,
          0.25943146323990035,
          0.14986312541816965,
          0.04571961055760459,
          0.05782075892977348
        ],
        [
          0.15366597483381894,
          0.2178024288194571,
          0.18020503116272185,
          0.11289643937437846,
          0.05666219257239548,
          0.11521175199811877,
          0.16355618123910942
        ],
        [
          0.26045828824285383,
          0.2563044757887861,
          0.06525048862538227,
          0.21240699500859303,
          0.04899527522529693,
          0.07307821259916429,
          0.08350626450992348
        ],
        [
          0.27208723991943295,
          0.05782606793599398,
          0.28810998507998314,
          0.046272765395918534,
          0.04229013803351426,
          0.15927096763488638,
          0.13414283600027066
        ],
        [
          0.01638705435154082,
          0.17172719824987515,
          0.09843290935601857,
          0.4478715300039197,
          0.047690658925412625,
          0.07594142215186839,
          0.14194922696136478
        ],
        [
          0.15616524436423312,
          0.029180840347049004,
          0.13250314622554257,
          0.167277837570257,
          0.19176279527757717,
          0.16543432522598003,
          0.1576758109893611
        ],
        [
          0.034684217110560515,
          0.19811360253053245,
          0.26624250588465653,
          0.2449640361539786,
          0.0035599885298091146,
          0.029526798403550228,
          0.22290885138691255
        ],
        [
          0.020342709233649253,
          0.13237211174941568,
          0.20609878770970483,
          0.13005697334223518,
          0.19747806468730025,
          0.21101067901939174,
          0.102640674258303
        ],
        [
          0.07392245580695235,
          0.02206688945567797,
          0.28657433889642087,
          0.15561043268723765,
          0.1385980461597926,
          0.14863656289571708,
          0.17459127409820152
        ],
        [
          0.15783677980621436,
          0.19824683988712016,
          0.032457118624290265,
          0.11717546307992614,
          0.135616871120326,
          0.12167639819891782,
          0.23699052928320533
        ],
        [
          0.2510496720245357,
          0.22664280633680223,
          0.03750411189291397,
          0.02692041862545281,
          0.10608084023796265,
          0.2545199096372388,
          0.09728224124509384
        ]
      ],
      "timestamps": [
        67,
        68,
        69,
        70,
        71,
        72,
        73,
        74,
        75,
        76,
        77,
        78,
        79,
        80,
        81,
        82,
        83,
        84,
        85,
        86,
        87,
        88,
        89,
        90,
        91,
        92,
        93
      ],
      "distance": 1021.4
    },
    {
      "trip_id": 4,
      "transport_method": "car",
      "start_time": 94,
      "path": [
        [
          1.5269420000000007,
          42.508114499999984
        ],
        [
          1.5273863451446752,
          42.50812312478647
        ],
        [
          1.52783069028935,
          42.508131749572954
        ],
        [
          1.527680665441092,
          42.5077656728423
        ],
        [
          1.527520319284421,
          42.507495195417704
        ],
        [
          1.5271704000000008,
          42.50722119999999
        ]
      ],
      "emotions": [
        "purple",
        "green",
        "green",
        "green",
        "green",
        "green"
      ],
      "mood_vectors": [
        [
          0.11774198238854473,
          0.23222345426499544,
          0.11807598657088705,
          0.10672415574108784,
          0.22895383312727818,
          0.07224707860289832,
          0.1240335093043084
        ],
        [
          0.21130812203233543,
          0.18721028707427578,
          0.23070756306846835,
          0.04448745522823056,
          0.038717374865516706,
          0.18825069506336584,
          0.09931850266780724
        ],
        [
          0.16828684073747865,
          0.031563407359464266,
          0.1834402788855628,
          0.1394191706310059,
          0.24863258863325552,
          0.05341612392421362,
          0.17524158982901916
        ],
        [
          0.1045719200699048,
          0.24447072417277899,
          0.24254606670993087,
          0.007188061271490613,
          0.020637052193947868,
          0.1216682648033273,
          0.25891791077861964
        ],
        [
          0.21163610872286265,
          0.07467547346010077,
          0.09703013061198408,
          0.1137872812873476,
          0.17887821757464606,
          0.23010228195534885,
          0.09389050638771004
        ],
        [
          0.1837416737716299,
          0.007055550583309999,
          0.19929240278678992,
          0.17672914161439768,
          0.20542706505998531,
          0.11630981723733314,
          0.11144434894655413
        ]
      ],
      "timestamps": [
        94,
        95,
        96,
        97,
        98,
        99
      ],
      "distance": 1064.8
    }
  ],
  "conversation": [
    "Hmm, where should I go next?",
    "So many dogs around here!",
    "Ugh, stepped in eucalyptus again."
  ],
  "conversation_timestamps": [
    19,
    55,
    62
  ]
}
