{"agent_id": "agent-green-1782", "type": "green", "trips": [{"trip_id": 0, "transport_method": "foot", "start_time": 0, "path": [[1.5254545, 42.5074856], [1.5255446, 42.5075539], [1.5256347, 42.5076223], [1.5257249, 42.5076906], [1.525815, 42.507759], [1.5259051, 42.5078273], [1.5260045, 42.5078645], [1.5261149, 42.5078398], [1.5262253, 42.5078151], [1.5263356, 42.5077904], [1.5264337, 42.5077482], [1.5264946, 42.5076528], [1.5265554, 42.5075574], [1.5266162, 42.5074621], [1.526677, 42.5073667], [1.5267378, 42.5072713], [1.5268272, 42.507227], [1.5269402, 42.5072251], [1.5270533, 42.5072232], [1.5271664, 42.5072213], [1.5272793, 42.5072277], [1.5273922, 42.5072343], [1.5275051, 42.507241], [1.5276177, 42.5072516], [1.5277302, 42.5072636], [1.5278427, 42.5072757], [1.5279551, 42.5072877], [1.5280636, 42.5072819], [1.5281606, 42.5072237], [1.5282576, 42.5071655], [1.5283546, 42.5071074], [1.5284516, 42.5070492], [1.5285486, 42.506991], [1.5286456, 42.5069328], [1.5287426, 42.5068746], [1.5288396, 42.5068164], [1.5289365, 42.5067582], [1.5290292, 42.5066937], [1.5291189, 42.5066248], [1.5292086, 42.5065559], [1.5292983, 42.506487], [1.529388, 42.5064181], [1.5294867, 42.5063898], [1.5295971, 42.5064143], [1.5297075, 42.5064388], [1.529818, 42.5064633], [1.5299284, 42.5064877], [1.5300388, 42.5065122], [1.5301412, 42.5065557], [1.5302358, 42.5066177], [1.5303294, 42.5066813], [1.5304229, 42.5067448], [1.5305163, 42.5068086], [1.5306145, 42.5068632], [1.5307185, 42.5069076], [1.5308226, 42.506952], [1.5309266, 42.5069964], [1.5310306, 42.5070408], [1.5311373, 42.5070771], [1.5312476, 42.5071017], [1.531358, 42.5071264], [1.5314684, 42.5071511], [1.5315788, 42.5071758], [1.5316892, 42.5072004], [1.5317988, 42.5072168], [1.5318711, 42.5073037], [1.5319433, 42.5073908], [1.5320267, 42.5074642], [1.532138, 42.5074763], [1.5322444, 42.5074382], [1.5323508, 42.5073999], [1.5324572, 42.5073615], [1.5325636, 42.5073232], [1.5325957, 42.5073741], [1.5325772, 42.5074857], [1.5325587, 42.5075972], [1.5325578, 42.5077055], [1.5326162, 42.5078024], [1.5326745, 42.5078993], [1.5327328, 42.5079962]], "mood_vectors": [[0.0578, 0.0576, 0.0502, 0.0427, 0.0133, 0.0736, 0.7048], [0.0644, 0.043, 0.0565, 0.018, 0.0439, 0.0465, 0.7278], [0.0209, 0.0219, 0.0479, 0.0753, 0.0754, 0.0172, 0.7414], [0.0377, 0.0836, 0.0496, 0.0196, 0.0292, 0.057, 0.7233], [0.0359, 0.0215, 0.024, 0.088, 0.0678, 0.0833, 0.6794], [0.0435, 0.0177, 0.0333, 0.0262, 0.0264, 0.0701, 0.7827], [0.0569, 0.0333, 0.0425, 0.0216, 0.0591, 0.0541, 0.7326], [0.0569, 0.0701, 0.0123, 0.0737, 0.0134, 0.0213, 0.7523], [0.0269, 0.0312, 0.0312, 0.0207, 0.0211, 0.0776, 0.7913], [0.0328, 0.0378, 0.0722, 0.0281, 0.0539, 0.0538, 0.7213], [0.0263, 0.064, 0.026, 0.0662, 0.0141, 0.0679, 0.7354], [0.0579, 0.0837, 0.0405, 0.0637, 0.0369, 0.0866, 0.6307], [0.0782, 0.0191, 0.0335, 0.036, 0.0376, 0.0315, 0.764], [0.0904, 0.0919, 0.0332, 0.0145, 0.0889, 0.0521, 0.629], [0.0607, 0.0488, 0.0433, 0.0712, 0.0525, 0.072, 0.6515], [0.0463, 0.0208, 0.0442, 0.0165, 0.0508, 0.053, 0.7685], [0.016, 0.0388, 0.0407, 0.0328, 0.0519, 0.0335, 0.7863], [0.0712, 0.0158, 0.0853, 0.0503, 0.0278, 0.0382, 0.7113], [0.0244, 0.0225, 0.0956, 0.0237, 0.0484, 0.0863, 0.699], [0.0632, 0.0435, 0.063, 0.0744, 0.0429, 0.0447, 0.6683], [0.0409, 0.033, 0.031, 0.093, 0.069, 0.0291, 0.704], [0.0354, 0.0502, 0.0708, 0.0593, 0.0756, 0.0451, 0.6637], [0.0303, 0.0965, 0.0913, 0.019, 0.0281, 0.0765, 0.6584], [0.0711, 0.0375, 0.0683, 0.0552, 0.0834, 0.0762, 0.6084], [0.0217, 0.0557, 0.0426, 0.0677, 0.0168, 0.058, 0.7375], [0.0297, 0.0443, 0.0623, 0.0134, 0.0603, 0.0468, 0.7431], [0.0479, 0.0826, 0.023, 0.0418, 0.1012, 0.0268, 0.6766], [0.0387, 0.0897, 0.0194, 0.0792, 0.0346, 0.0242, 0.7142], [0.0456, 0.0319, 0.0153, 0.0813, 0.0679, 0.073, 0.6849], [0.0656, 0.0438, 0.0204, 0.0576, 0.0605, 0.0701, 0.6819], [0.0401, 0.0794, 0.0311, 0.0129, 0.0146, 0.075, 0.7469], [0.0591, 0.0295, 0.0614, 0.0442, 0.0312, 0.0327, 0.7419], [0.0686, 0.0826, 0.0423, 0.033, 0.0576, 0.0242, 0.6917], [0.0233, 0.0718, 0.0854, 0.0495, 0.0445, 0.0588, 0.6667], [0.047, 0.0441, 0.0664, 0.053, 0.0394, 0.0752, 0.6749], [0.0618, 0.0698, 0.0113, 0.0117, 0.0775, 0.0432, 0.7247], [0.0897, 0.0547, 0.0198, 0.0189, 0.0559, 0.0622, 0.6988], [0.0168, 0.0654, 0.075, 0.0441, 0.0469, 0.0391, 0.7128], [0.0379, 0.0337, 0.0573, 0.0617, 0.0445, 0.0675, 0.6975], [0.0358, 0.0435, 0.0648, 0.0247, 0.0441, 0.0198, 0.7673], [0.0823, 0.0671, 0.0253, 0.0205, 0.0556, 0.0254, 0.7239], [0.0132, 0.0234, 0.0568, 0.0723, 0.0573, 0.0754, 0.7015], [0.0669, 0.0275, 0.0513, 0.0643, 0.0876, 0.0234, 0.6789], [0.0754, 0.0213, 0.0707, 0.0198, 0.0288, 0.0421, 0.742], [0.0353, 0.0801, 0.024, 0.0756, 0.086, 0.0604, 0.6386], [0.073, 0.0559, 0.0618, 0.052, 0.0242, 0.0403, 0.6929], [0.0781, 0.0483, 0.0381, 0.0292, 0.0743, 0.0927, 0.6394], [0.0431, 0.0623, 0.0407, 0.0593, 0.0645, 0.0486, 0.6814], [0.0743, 0.0718, 0.0561, 0.0538, 0.0279, 0.0525, 0.6636], [0.0245, 0.0192, 0.0545, 0.0682, 0.0146, 0.0732, 0.7458], [0.0488, 0.0567, 0.0308, 0.0397, 0.0623, 0.0611, 0.7005], [0.0914, 0.083, 0.0878, 0.0597, 0.02, 0.0234, 0.6346], [0.0561, 0.0314, 0.0638, 0.0411, 0.0613, 0.0792, 0.6672], [0.0224, 0.0285, 0.0543, 0.0512, 0.0322, 0.0122, 0.7993], [0.0207, 0.0177, 0.0148, 0.0806, 0.0734, 0.0639, 0.7289], [0.034, 0.0268, 0.0331, 0.0614, 0.0615, 0.0476, 0.7356], [0.0192, 0.0373, 0.0648, 0.0395, 0.0343, 0.0179, 0.7871], [0.0235, 0.0273, 0.0494, 0.0529, 0.0636, 0.0273, 0.7559], [0.0305, 0.058, 0.0253, 0.027, 0.05, 0.0792, 0.73], [0.0883, 0.0573, 0.0182, 0.0718, 0.0309, 0.0306, 0.7028], [0.0371, 0.0189, 0.0248, 0.0944, 0.0211, 0.0658, 0.738], [0.0634, 0.0387, 0.0711, 0.0324, 0.0962, 0.052, 0.6462], [0.0874, 0.0332, 0.0537, 0.0651, 0.0396, 0.0262, 0.6948], [0.0518, 0.0767, 0.0207, 0.0455, 0.0219, 0.0523, 0.731], [0.0502, 0.0749, 0.0544, 0.0116, 0.0319, 0.0667, 0.7102], [0.0203, 0.0343, 0.0688, 0.0618, 0.0458, 0.054, 0.7149], [0.0347, 0.0924, 0.04, 0.0258, 0.0478, 0.0442, 0.715], [0.0586, 0.0325, 0.0687, 0.0236, 0.0298, 0.0466, 0.7403], [0.0434, 0.0299, 0.0532, 0.0162, 0.0638, 0.0489, 0.7445], [0.0378, 0.0666, 0.0293, 0.0123, 0.0612, 0.0147, 0.7782], [0.0805, 0.0803, 0.0324, 0.0651, 0.0583, 0.0333, 0.6501], [0.0792, 0.0828, 0.0258, 0.0574, 0.0475, 0.0154, 0.6918], [0.0507, 0.0893, 0.0346, 0.0319, 0.0227, 0.0698, 0.7009], [0.0428, 0.019, 0.0321, 0.0169, 0.0699, 0.0586, 0.7606], [0.0847, 0.0488, 0.0487, 0.0896, 0.0275, 0.068, 0.6327], [0.0128, 0.0596, 0.0506, 0.025, 0.0746, 0.0122, 0.7652], [0.0673, 0.0749, 0.0858, 0.0441, 0.0828, 0.0802, 0.5649], [0.0291, 0.0714, 0.0522, 0.0787, 0.0316, 0.0381, 0.6989], [0.046, 0.0407, 0.0161, 0.0485, 0.0305, 0.0347, 0.7835], [0.0357, 0.0228, 0.021, 0.0204, 0.0756, 0.0145, 0.81]], "emotions": ["purple", "purple", "purple", "purple", "purple", "purple", "purple", "purple", "purple", "purple", "purple", "purple", "purple", "purple", "purple", "purple", "purple", "purple", "purple", "purple", "purple", "purple", "purple", "purple", "purple", "purple", "purple", "purple", "purple", "purple", "purple", "purple", "purple", "purple", "purple", "purple", "purple", "purple", "purple", "purple", "purple", "purple", "purple", "purple", "purple", "purple", "purple", "purple", "purple", "purple", "purple", "purple", "purple", "purple", "purple", "purple", "purple", "purple", "purple", "purple", "purple", "purple", "purple", "purple", "purple", "purple", "purple", "purple", "purple", "purple", "purple", "purple", "purple", "purple", "purple", "purple", "purple", "purple", "purple", "purple"], "timestamps": [0, 40, 80, 120, 160, 200, 240, 280, 320, 360, 400, 440, 480, 520, 560, 600, 640, 680, 720, 760, 800, 840, 880, 920, 960, 1000, 1040, 1080, 1120, 1160, 1200, 1240, 1280, 1320, 1360, 1400, 1440, 1480, 1520, 1560, 1600, 1640, 1680, 1720, 1760, 1800, 1840, 1880, 1920, 1960, 2000, 2040, 2080, 2120, 2160, 2200, 2240, 2280, 2320, 2360, 2400, 2440, 2480, 2520, 2560, 2600, 2640, 2680, 2720, 2760, 2800, 2840, 2880, 2920, 2960, 3000, 3040, 3080, 3120, 3160]}], "conversation": [], "conversation_timestamps": []}