{"agent_id": "agent-purple-1334", "type": "purple", "trips": [{"trip_id": 0, "transport_method": "foot", "start_time": 0, "path": [[1.521785, 42.5073472], [1.5219806, 42.5075116], [1.5222418, 42.5075563], [1.5225012, 42.5075127], [1.5227326, 42.5076348], [1.5229855, 42.507707], [1.5232419, 42.5077742], [1.5235018, 42.507803], [1.5237662, 42.5077846], [1.5240309, 42.5077732], [1.5242954, 42.5077834], [1.5245559, 42.5078312], [1.5248121, 42.5078981], [1.5250668, 42.5079715], [1.5253214, 42.508045], [1.5255746, 42.5081223], [1.5258238, 42.5082069], [1.5260849, 42.5082501], [1.5263444, 42.5083036], [1.5266067, 42.5083402], [1.5268712, 42.5083559], [1.5271361, 42.5083602], [1.527401, 42.5083666], [1.5276562, 42.5084296], [1.5278998, 42.5085338], [1.5281435, 42.508638], [1.5283824, 42.5087524], [1.5286339, 42.5088313], [1.5288921, 42.5088908], [1.5291517, 42.5089442], [1.5289834, 42.5088886], [1.5289556, 42.5089086], [1.5292129, 42.508972], [1.5294702, 42.5090354], [1.5297275, 42.5090988], [1.5299809, 42.5091759], [1.5302312, 42.5092628], [1.530482, 42.5093485], [1.5307325, 42.5093535], [1.5309816, 42.5094439], [1.5312295, 42.5095374], [1.5314769, 42.5096326], [1.5317263, 42.5097219], [1.5319759, 42.5098107], [1.5322301, 42.5098585], [1.5324473, 42.5099933], [1.5326589, 42.5101529], [1.5328705, 42.5103124], [1.5331006, 42.51044], [1.5333333, 42.5105668], [1.5335418, 42.5107298], [1.5337286, 42.5109166], [1.5338832, 42.5111316], [1.5340662, 42.5113218], [1.5343057, 42.5113943], [1.5345238, 42.5115449], [1.5347421, 42.5116952], [1.5349665, 42.5118356], [1.535197, 42.5119664], [1.5354275, 42.5120972], [1.5355317, 42.5123209], [1.5354633, 42.5125717], [1.5356602, 42.5126607], [1.5359071, 42.5126929], [1.5360591, 42.5128838], [1.5361651, 42.5130836], [1.5364234, 42.5130893], [1.5366757, 42.5130087], [1.5369305, 42.5129359], [1.5371905, 42.5128858], [1.5374461, 42.5128159], [1.537702, 42.5127474], [1.5379621, 42.5126966], [1.5382222, 42.5126459], [1.5384823, 42.5125951], [1.5387087, 42.512557], [1.5384569, 42.5126336], [1.5381955, 42.5126767], [1.5379336, 42.5127177], [1.5376711, 42.5127534]], "mood_vectors": [[0.0686, 0.0751, 0.0625, 0.0841, 0.076, 0.5769, 0.0568], [0.0591, 0.0223, 0.0159, 0.0723, 0.051, 0.7651, 0.0142], [0.0806, 0.0164, 0.0447, 0.0779, 0.0746, 0.6818, 0.0239], [0.0683, 0.0493, 0.044, 0.0205, 0.0779, 0.6761, 0.0639], [0.0401, 0.0763, 0.0218, 0.0933, 0.0647, 0.6753, 0.0285], [0.0286, 0.0149, 0.0754, 0.0282, 0.0605, 0.7277, 0.0646], [0.0748, 0.0424, 0.0882, 0.0361, 0.0167, 0.6883, 0.0535], [0.0367, 0.1076, 0.0387, 0.0585, 0.0308, 0.7091, 0.0186], [0.0711, 0.027, 0.0185, 0.0559, 0.0824, 0.7044, 0.0407], [0.0454, 0.0535, 0.051, 0.0847, 0.0825, 0.6504, 0.0326], [0.0207, 0.0314, 0.0731, 0.0183, 0.0893, 0.7515, 0.0157], [0.0554, 0.027, 0.0411, 0.0256, 0.0437, 0.7533, 0.0539], [0.0215, 0.0749, 0.0901, 0.0529, 0.0466, 0.6871, 0.0269], [0.0145, 0.0561, 0.0233, 0.0773, 0.0375, 0.7433, 0.0481], [0.0467, 0.0122, 0.0644, 0.0512, 0.0171, 0.7447, 0.0637], [0.0303, 0.0367, 0.0757, 0.0747, 0.0283, 0.7189, 0.0353], [0.0316, 0.0498, 0.0697, 0.069, 0.0219, 0.7194, 0.0386], [0.0497, 0.0623, 0.0685, 0.017, 0.0523, 0.7141, 0.0361], [0.0812, 0.03, 0.0305, 0.0628, 0.0553, 0.6706, 0.0696], [0.022, 0.0755, 0.0622, 0.0194, 0.064, 0.6807, 0.0762], [0.0484, 0.0182, 0.0384, 0.0201, 0.0623, 0.7791, 0.0336], [0.0932, 0.0192, 0.0201, 0.0319, 0.0623, 0.7263, 0.0469], [0.0262, 0.0231, 0.0441, 0.0733, 0.0177, 0.7327, 0.083], [0.0351, 0.0325, 0.0252, 0.0271, 0.0302, 0.8261, 0.0237], [0.079, 0.0484, 0.0252, 0.0445, 0.0539, 0.7078, 0.0412], [0.0802, 0.0612, 0.0522, 0.0229, 0.0535, 0.7125, 0.0175], [0.0168, 0.0822, 0.075, 0.0617, 0.0628, 0.6807, 0.0207], [0.036, 0.0431, 0.0604, 0.0187, 0.0561, 0.717, 0.0687], [0.0401, 0.0422, 0.0708, 0.0503, 0.0468, 0.7204, 0.0293], [0.0778, 0.0372, 0.0216, 0.0245, 0.0433, 0.7392, 0.0565], [0.0818, 0.0239, 0.0334, 0.0818, 0.0771, 0.6316, 0.0704], [0.07, 0.0214, 0.0708, 0.066, 0.0306, 0.6577, 0.0835], [0.0632, 0.0479, 0.0584, 0.0135, 0.0502, 0.7427, 0.0243], [0.0712, 0.0346, 0.0633, 0.0171, 0.0693, 0.7258, 0.0187], [0.0864, 0.0308, 0.0737, 0.019, 0.0413, 0.6627, 0.0862], [0.0591, 0.0356, 0.0352, 0.0594, 0.0285, 0.7516, 0.0305], [0.0605, 0.0522, 0.0773, 0.0829, 0.0292, 0.6604, 0.0375], [0.0222, 0.0743, 0.0266, 0.0676, 0.0249, 0.7263, 0.0581], [0.0397, 0.0153, 0.0152, 0.0828, 0.0247, 0.7776, 0.0446], [0.0993, 0.0304, 0.0929, 0.1, 0.0262, 0.6348, 0.0164], [0.0556, 0.0394, 0.0697, 0.0523, 0.0224, 0.734, 0.0266], [0.0207, 0.0216, 0.0127, 0.0446, 0.0615, 0.7716, 0.0674], [0.0398, 0.0233, 0.0164, 0.0602, 0.0631, 0.7756, 0.0216], [0.0715, 0.0648, 0.021, 0.0151, 0.033, 0.7689, 0.0257], [0.0383, 0.0742, 0.0879, 0.0601, 0.0581, 0.6276, 0.0539], [0.0207, 0.0934, 0.0663, 0.0288, 0.0699, 0.6418, 0.0792], [0.0606, 0.0807, 0.0807, 0.0412, 0.0708, 0.626, 0.04], [0.0651, 0.0153, 0.0532, 0.0405, 0.0287, 0.726, 0.0711], [0.0852, 0.0837, 0.0722, 0.0747, 0.0565, 0.5427, 0.0851], [0.0717, 0.0571, 0.0257, 0.0476, 0.0693, 0.7012, 0.0273], [0.0514, 0.068, 0.0693, 0.0373, 0.0555, 0.6505, 0.0681], [0.0211, 0.0404, 0.053, 0.0488, 0.0495, 0.7641, 0.023], [0.0498, 0.0953, 0.0926, 0.0378, 0.039, 0.598, 0.0875], [0.0664, 0.0262, 0.0828, 0.0621, 0.0142, 0.6821, 0.0663], [0.0535, 0.0214, 0.0614, 0.0207, 0.0235, 0.7568, 0.0628], [0.049, 0.0173, 0.0664, 0.0492, 0.0727, 0.7147, 0.0307], [0.0489, 0.0373, 0.0632, 0.0487, 0.067, 0.6698, 0.065], [0.0323, 0.0649, 0.0321, 0.0152, 0.0563, 0.7363, 0.0629], [0.0401, 0.0343, 0.0831, 0.0138, 0.0594, 0.7531, 0.0162], [0.0289, 0.018, 0.0769, 0.0209, 0.018, 0.7866, 0.0507], [0.0491, 0.0411, 0.0743, 0.082, 0.0222, 0.677, 0.0542], [0.0582, 0.0527, 0.0326, 0.0451, 0.0157, 0.772, 0.0238], [0.071, 0.03, 0.025, 0.0241, 0.0939, 0.6645, 0.0915], [0.0417, 0.0205, 0.0696, 0.0609, 0.0193, 0.7334, 0.0547], [0.0377, 0.0609, 0.0333, 0.061, 0.0335, 0.7145, 0.0591], [0.0514, 0.0499, 0.0465, 0.0688, 0.021, 0.7289, 0.0335], [0.0444, 0.0256, 0.0475, 0.0166, 0.0749, 0.7748, 0.0162], [0.029, 0.0511, 0.0468, 0.0432, 0.0784, 0.7127, 0.0388], [0.0301, 0.0478, 0.0358, 0.0557, 0.0787, 0.6907, 0.0612], [0.0762, 0.0386, 0.0675, 0.0485, 0.0896, 0.6545, 0.0251], [0.0308, 0.0369, 0.0206, 0.0284, 0.0836, 0.7771, 0.0226], [0.0461, 0.0386, 0.0512, 0.0796, 0.0389, 0.6931, 0.0524], [0.0355, 0.0496, 0.0674, 0.0266, 0.0721, 0.7117, 0.0371], [0.0715, 0.0271, 0.0741, 0.0845, 0.0693, 0.6238, 0.0496], [0.0745, 0.0276, 0.0571, 0.0924, 0.0398, 0.6142, 0.0945], [0.0315, 0.0405, 0.0451, 0.0671, 0.0266, 0.7346, 0.0547], [0.0417, 0.0511, 0.059, 0.0683, 0.0477, 0.709, 0.0231], [0.0387, 0.0566, 0.0467, 0.065, 0.083, 0.6845, 0.0254], [0.0696, 0.0826, 0.0366, 0.0854, 0.0293, 0.6138, 0.0827], [0.0385, 0.014, 0.0703, 0.0627, 0.0493, 0.6968, 0.0685]], "emotions": ["purple", "purple", "purple", "purple", "purple", "purple", "purple", "purple", "purple", "purple", "purple", "purple", "purple", "purple", "purple", "purple", "purple", "purple", "purple", "purple", "purple", "purple", "purple", "purple", "purple", "purple", "purple", "purple", "purple", "purple", "purple", "purple", "purple", "purple", "purple", "purple", "purple", "purple", "purple", "purple", "purple", "purple", "purple", "purple", "purple", "purple", "purple", "purple", "purple", "purple", "purple", "purple", "purple", "purple", "purple", "purple", "purple", "purple", "purple", "purple", "purple", "purple", "purple", "purple", "purple", "purple", "purple", "purple", "purple", "purple", "purple", "purple", "purple", "purple", "purple", "purple", "purple", "purple", "purple", "purple"], "timestamps": [0, 40, 80, 120, 160, 200, 240, 280, 320, 360, 400, 440, 480, 520, 560, 600, 640, 680, 720, 760, 800, 840, 880, 920, 960, 1000, 1040, 1080, 1120, 1160, 1200, 1240, 1280, 1320, 1360, 1400, 1440, 1480, 1520, 1560, 1600, 1640, 1680, 1720, 1760, 1800, 1840, 1880, 1920, 1960, 2000, 2040, 2080, 2120, 2160, 2200, 2240, 2280, 2320, 2360, 2400, 2440, 2480, 2520, 2560, 2600, 2640, 2680, 2720, 2760, 2800, 2840, 2880, 2920, 2960, 3000, 3040, 3080, 3120, 3160]}], "conversation": [], "conversation_timestamps": []}