{"agent_id": "agent-green-157", "type": "green", "trips": [{"trip_id": 0, "transport_method": "foot", "start_time": 0, "path": [[1.5289353, 42.5074225], [1.5289826, 42.507387], [1.5290301, 42.5073519], [1.5290776, 42.5073168], [1.5291252, 42.5072817], [1.5291727, 42.5072466], [1.5292203, 42.5072115], [1.5292678, 42.5071763], [1.5293153, 42.5071412], [1.5293629, 42.5071061], [1.5294104, 42.507071], [1.5294584, 42.5070791], [1.5295066, 42.5071132], [1.5295549, 42.5071474], [1.5296031, 42.5071815], [1.5296513, 42.5072157], [1.5296996, 42.5072498], [1.5297478, 42.507284], [1.5297961, 42.5073181], [1.5298443, 42.5073523], [1.5298925, 42.5073864], [1.5299408, 42.5074206], [1.529992, 42.5074493], [1.5300478, 42.5074682], [1.5301052, 42.5074824], [1.5301641, 42.5074865], [1.5302231, 42.5074905], [1.5302821, 42.5074945], [1.530341, 42.5074986], [1.5304, 42.5075026], [1.5304589, 42.5075067], [1.5305179, 42.5075107], [1.5305769, 42.5075147], [1.5306358, 42.5075188], [1.5306948, 42.5075228], [1.5307537, 42.5075191], [1.5308054, 42.5074917], [1.5308478, 42.5074509], [1.5308765, 42.5073994], [1.530903, 42.5073466], [1.5309308, 42.5072945], [1.5309587, 42.5072424], [1.5309871, 42.5071905], [1.5310218, 42.5071431], [1.5310617, 42.5070995], [1.5311061, 42.5070701], [1.5311637, 42.507083], [1.5312214, 42.5070959], [1.5312791, 42.5071088], [1.5313368, 42.5071217], [1.5313944, 42.5071346], [1.5314521, 42.5071475], [1.5315098, 42.5071603], [1.5315675, 42.5071732], [1.5316252, 42.5071861], [1.5316828, 42.507199], [1.5317405, 42.5072119], [1.5317615, 42.5072528], [1.5317726, 42.5073046], [1.5318213, 42.5073379], [1.531866, 42.5073766], [1.5318971, 42.5074266], [1.531927, 42.5074776], [1.5319569, 42.5075286], [1.5319867, 42.5075796], [1.5320224, 42.5076263], [1.5320624, 42.5076698], [1.5321025, 42.5077132], [1.5321425, 42.5077567], [1.5321826, 42.5078001], [1.5322227, 42.5078436], [1.5322619, 42.5078877], [1.532292, 42.5079385], [1.5323221, 42.5079893], [1.5323523, 42.5080402], [1.5323824, 42.508091], [1.5324125, 42.5081419], [1.5324427, 42.5081927], [1.532452, 42.5082495], [1.5324534, 42.5083086]], "mood_vectors": [[0.0563, 0.0235, 0.071, 0.0386, 0.0392, 0.0195, 0.7518], [0.069, 0.0511, 0.0453, 0.0551, 0.018, 0.0269, 0.7345], [0.0375, 0.0444, 0.0373, 0.0564, 0.0625, 0.0233, 0.7386], [0.0528, 0.0248, 0.0356, 0.0411, 0.0431, 0.071, 0.7315], [0.0241, 0.0626, 0.0533, 0.0174, 0.0189, 0.0524, 0.7713], [0.0476, 0.0313, 0.04, 0.0933, 0.0315, 0.0768, 0.6794], [0.02, 0.0574, 0.0158, 0.0903, 0.0713, 0.0845, 0.6607], [0.0197, 0.041, 0.0407, 0.0241, 0.0768, 0.0272, 0.7704], [0.0781, 0.0454, 0.0255, 0.0591, 0.022, 0.0386, 0.7314], [0.0801, 0.0135, 0.0771, 0.0199, 0.0413, 0.0491, 0.719], [0.0713, 0.0512, 0.0731, 0.0225, 0.0411, 0.0619, 0.679], [0.0663, 0.058, 0.0644, 0.0627, 0.0552, 0.0724, 0.621], [0.0505, 0.0818, 0.0187, 0.0314, 0.0831, 0.0243, 0.7101], [0.0355, 0.0724, 0.0364, 0.0224, 0.1046, 0.0454, 0.6833], [0.0318, 0.0552, 0.0356, 0.0514, 0.016, 0.0788, 0.7313], [0.0566, 0.0618, 0.0281, 0.0354, 0.0409, 0.0349, 0.7423], [0.0439, 0.0484, 0.0211, 0.093, 0.0456, 0.0608, 0.6872], [0.0258, 0.0561, 0.031, 0.0233, 0.0653, 0.0752, 0.7234], [0.0664, 0.0244, 0.081, 0.0386, 0.067, 0.0636, 0.659], [0.0278, 0.0625, 0.018, 0.0322, 0.0749, 0.0718, 0.7129], [0.0293, 0.0746, 0.044, 0.0479, 0.0391, 0.0327, 0.7325], [0.0475, 0.0248, 0.0281, 0.0742, 0.0894, 0.0299, 0.7061], [0.0166, 0.0694, 0.0125, 0.0149, 0.0663, 0.0457, 0.7746], [0.0454, 0.0221, 0.0159, 0.0289, 0.0274, 0.0575, 0.8027], [0.0506, 0.094, 0.0461, 0.0711, 0.0475, 0.0874, 0.6032], [0.025, 0.0488, 0.0759, 0.0222, 0.012, 0.0583, 0.7578], [0.0622, 0.0768, 0.0726, 0.0461, 0.0196, 0.0394, 0.6832], [0.0478, 0.0698, 0.0644, 0.0605, 0.0282, 0.0374, 0.6918], [0.0686, 0.0505, 0.0619, 0.0561, 0.0142, 0.0298, 0.7189], [0.0448, 0.0729, 0.0538, 0.094, 0.0464, 0.0453, 0.6427], [0.029, 0.0403, 0.0506, 0.0602, 0.0564, 0.0589, 0.7046], [0.0677, 0.0336, 0.0479, 0.0709, 0.0202, 0.0618, 0.6978], [0.0183, 0.0488, 0.0499, 0.0393, 0.051, 0.0377, 0.755], [0.047, 0.0464, 0.0694, 0.0245, 0.0605, 0.0442, 0.7079], [0.0255, 0.037, 0.0384, 0.0229, 0.0538, 0.0249, 0.7975], [0.017, 0.0649, 0.076, 0.0316, 0.0786, 0.0286, 0.7033], [0.0213, 0.0448, 0.0331, 0.0227, 0.0406, 0.0387, 0.7988], [0.0749, 0.0434, 0.0531, 0.0336, 0.0677, 0.013, 0.7142], [0.0604, 0.0643, 0.0654, 0.0637, 0.0763, 0.0621, 0.6077], [0.0739, 0.0115, 0.0177, 0.0523, 0.0724, 0.0701, 0.7021], [0.0167, 0.0638, 0.0321, 0.0569, 0.0544, 0.0122, 0.7639], [0.0599, 0.0342, 0.0149, 0.0496, 0.062, 0.0552, 0.7241], [0.086, 0.0828, 0.0399, 0.0564, 0.0397, 0.0758, 0.6194], [0.0192, 0.0454, 0.0749, 0.0517, 0.0847, 0.0718, 0.6523], [0.0405, 0.0812, 0.0203, 0.0713, 0.0727, 0.0245, 0.6896], [0.0367, 0.0176, 0.0341, 0.0627, 0.0244, 0.0539, 0.7707], [0.0357, 0.0515, 0.0685, 0.0566, 0.0396, 0.0705, 0.6776], [0.0759, 0.0441, 0.0719, 0.0178, 0.0324, 0.0417, 0.7162], [0.0234, 0.0302, 0.0797, 0.0373, 0.0178, 0.0531, 0.7585], [0.025, 0.0593, 0.0205, 0.0424, 0.0692, 0.0648, 0.7188], [0.0658, 0.019, 0.0239, 0.0525, 0.016, 0.0257, 0.7972], [0.0559, 0.0184, 0.0324, 0.0489, 0.0254, 0.0726, 0.7465], [0.0516, 0.0475, 0.0143, 0.0424, 0.0708, 0.0723, 0.7011], [0.0683, 0.021, 0.0436, 0.0519, 0.0657, 0.0568, 0.6928], [0.0201, 0.0281, 0.0293, 0.0409, 0.0314, 0.0184, 0.8318], [0.0356, 0.0666, 0.0514, 0.0378, 0.0254, 0.0616, 0.7216], [0.0495, 0.03, 0.0877, 0.021, 0.0795, 0.0596, 0.6726], [0.0731, 0.0225, 0.0584, 0.068, 0.0576, 0.0534, 0.6671], [0.0457, 0.0774, 0.0156, 0.0448, 0.0229, 0.0593, 0.7342], [0.028, 0.0209, 0.0297, 0.0709, 0.0135, 0.0672, 0.7697], [0.0314, 0.0302, 0.0464, 0.0469, 0.0545, 0.0479, 0.7427], [0.0722, 0.0224, 0.0629, 0.0369, 0.0698, 0.019, 0.7168], [0.0338, 0.0532, 0.0213, 0.0706, 0.0748, 0.0544, 0.6918], [0.0779, 0.0278, 0.0624, 0.0851, 0.08, 0.0665, 0.6003], [0.0986, 0.0216, 0.0161, 0.0551, 0.0178, 0.1057, 0.6852], [0.0174, 0.0543, 0.0424, 0.0816, 0.057, 0.0363, 0.711], [0.0756, 0.0271, 0.0383, 0.0671, 0.0681, 0.061, 0.6628], [0.0431, 0.0424, 0.0246, 0.0138, 0.0448, 0.0766, 0.7546], [0.069, 0.0647, 0.0216, 0.0359, 0.0612, 0.0175, 0.73], [0.0536, 0.063, 0.065, 0.0206, 0.0133, 0.0515, 0.733], [0.0454, 0.044, 0.0342, 0.0232, 0.0294, 0.06, 0.7638], [0.0729, 0.0307, 0.0676, 0.0982, 0.0185, 0.0468, 0.6654], [0.0133, 0.0369, 0.0595, 0.0289, 0.0161, 0.0257, 0.8196], [0.067, 0.0597, 0.0545, 0.0217, 0.0538, 0.0124, 0.7308], [0.0504, 0.0679, 0.0404, 0.0553, 0.062, 0.0778, 0.6463], [0.0473, 0.0838, 0.0821, 0.058, 0.0531, 0.0681, 0.6076], [0.0224, 0.0157, 0.047, 0.068, 0.0302, 0.0538, 0.7628], [0.0618, 0.0586, 0.0427, 0.0799, 0.0785, 0.0363, 0.642], [0.038, 0.0662, 0.0854, 0.0208, 0.0635, 0.0284, 0.6977], [0.0422, 0.0579, 0.0161, 0.0617, 0.0395, 0.0416, 0.741]], "emotions": ["purple", "purple", "purple", "purple", "purple", "purple", "purple", "purple", "purple", "purple", "purple", "purple", "purple", "purple", "purple", "purple", "purple", "purple", "purple", "purple", "purple", "purple", "purple", "purple", "purple", "purple", "purple", "purple", "purple", "purple", "purple", "purple", "purple", "purple", "purple", "purple", "purple", "purple", "purple", "purple", "purple", "purple", "purple", "purple", "purple", "purple", "purple", "purple", "purple", "purple", "purple", "purple", "purple", "purple", "purple", "purple", "purple", "purple", "purple", "purple", "purple", "purple", "purple", "purple", "purple", "purple", "purple", "purple", "purple", "purple", "purple", "purple", "purple", "purple", "purple", "purple", "purple", "purple", "purple", "purple"], "timestamps": [0, 40, 80, 120, 160, 200, 240, 280, 320, 360, 400, 440, 480, 520, 560, 600, 640, 680, 720, 760, 800, 840, 880, 920, 960, 1000, 1040, 1080, 1120, 1160, 1200, 1240, 1280, 1320, 1360, 1400, 1440, 1480, 1520, 1560, 1600, 1640, 1680, 1720, 1760, 1800, 1840, 1880, 1920, 1960, 2000, 2040, 2080, 2120, 2160, 2200, 2240, 2280, 2320, 2360, 2400, 2440, 2480, 2520, 2560, 2600, 2640, 2680, 2720, 2760, 2800, 2840, 2880, 2920, 2960, 3000, 3040, 3080, 3120, 3160]}], "conversation": [], "conversation_timestamps": []}