{"agent_id": "agent-blue-665", "type": "blue", "trips": [{"trip_id": 0, "transport_method": "foot", "start_time": 0, "path": [[1.5206771, 42.5048515], [1.5204476, 42.50453], [1.5200961, 42.5042701], [1.5195435, 42.5038444], [1.5189388, 42.5035525], [1.5182413, 42.5036425], [1.5175437, 42.5037326], [1.5168428, 42.5037216], [1.5161766, 42.5035121], [1.5156023, 42.5031074], [1.515008, 42.5027313], [1.5143808, 42.5024466], [1.5137362, 42.5022034], [1.5132862, 42.5016646], [1.5127142, 42.5014589], [1.5122917, 42.5008965], [1.5118693, 42.5003342], [1.5114387, 42.4997781], [1.511002, 42.4992268], [1.5105653, 42.4986755], [1.5100607, 42.4981939], [1.5094335, 42.4978757], [1.5088014, 42.4975673], [1.5081676, 42.4972625], [1.5075181, 42.4969941], [1.5068571, 42.4967539], [1.5061943, 42.4965187], [1.5055266, 42.4962978], [1.5048667, 42.4960569], [1.5042487, 42.4957212], [1.5035969, 42.4954648], [1.5029352, 42.4952289], [1.5023031, 42.4949203], [1.5016675, 42.4946195], [1.501029, 42.4943247], [1.5005456, 42.4938963], [1.5000336, 42.4934179], [1.4994801, 42.4929843], [1.4988688, 42.4926376], [1.4982454, 42.492312], [1.4976309, 42.4919701], [1.4970407, 42.4915879], [1.4964688, 42.4911814], [1.4962858, 42.4905381], [1.4961325, 42.489866], [1.4956752, 42.4893318], [1.4952166, 42.4887985], [1.4947806, 42.4882476], [1.4946602, 42.4875676], [1.4947207, 42.4868742], [1.4944237, 42.4862428], [1.4939179, 42.4857557], [1.4933496, 42.4853418], [1.4927492, 42.4849896], [1.4921224, 42.4847939], [1.4914684, 42.4845732], [1.4910016, 42.4841354], [1.4906598, 42.4835215], [1.4903451, 42.4829014], [1.4899785, 42.4823013], [1.4896337, 42.4816887], [1.4894833, 42.4810058], [1.4894061, 42.4803068], [1.4893996, 42.4796092], [1.4896434, 42.4789539], [1.4900195, 42.4783597], [1.4903645, 42.477747], [1.4906318, 42.4770984], [1.4906744, 42.4764558], [1.4908578, 42.4757998], [1.4908402, 42.4750975], [1.4911909, 42.4745025], [1.4914633, 42.4740611], [1.4909918, 42.4745772], [1.4910161, 42.4748115], [1.4914887, 42.4742906], [1.4919723, 42.473786], [1.4921946, 42.4732765], [1.4926253, 42.4727354], [1.4922435, 42.47223]], "mood_vectors": [[0.0604, 0.0598, 0.0518, 0.715, 0.0104, 0.0604, 0.0421], [0.034, 0.0465, 0.0509, 0.6891, 0.0566, 0.077, 0.0459], [0.012, 0.0564, 0.0411, 0.6829, 0.0753, 0.0655, 0.0667], [0.0323, 0.0431, 0.0306, 0.7117, 0.043, 0.0432, 0.096], [0.0694, 0.0127, 0.0123, 0.7361, 0.044, 0.0696, 0.0559], [0.0625, 0.016, 0.0185, 0.7463, 0.0214, 0.0332, 0.102], [0.0203, 0.0451, 0.073, 0.7062, 0.0703, 0.0586, 0.0265], [0.0245, 0.0913, 0.0827, 0.7272, 0.0335, 0.0261, 0.0146], [0.0474, 0.0184, 0.0666, 0.6973, 0.055, 0.0478, 0.0674], [0.0631, 0.027, 0.0746, 0.6315, 0.0736, 0.0635, 0.0667], [0.0426, 0.0588, 0.0411, 0.7005, 0.0393, 0.0486, 0.069], [0.0412, 0.0256, 0.0231, 0.7374, 0.0384, 0.0443, 0.09], [0.0244, 0.062, 0.0196, 0.7058, 0.0797, 0.0334, 0.0752], [0.0684, 0.0226, 0.1007, 0.7272, 0.0175, 0.0382, 0.0254], [0.0273, 0.0166, 0.0508, 0.7154, 0.0763, 0.054, 0.0596], [0.0541, 0.0664, 0.035, 0.7046, 0.0513, 0.0372, 0.0513], [0.0561, 0.0627, 0.0399, 0.69, 0.0774, 0.0409, 0.0329], [0.0884, 0.0464, 0.0588, 0.6283, 0.0825, 0.0458, 0.0498], [0.0223, 0.0249, 0.0383, 0.7474, 0.0682, 0.0788, 0.0201], [0.0527, 0.0234, 0.0735, 0.689, 0.0186, 0.0755, 0.0673], [0.0828, 0.0214, 0.0638, 0.7412, 0.0225, 0.0459, 0.0225], [0.0199, 0.0686, 0.0144, 0.6821, 0.0681, 0.0835, 0.0633], [0.0859, 0.0252, 0.0787, 0.6571, 0.0478, 0.0344, 0.0708], [0.0437, 0.0533, 0.0204, 0.7784, 0.0228, 0.0338, 0.0475], [0.04, 0.0808, 0.0468, 0.696, 0.0489, 0.0129, 0.0744], [0.0192, 0.0736, 0.0816, 0.6686, 0.05, 0.048, 0.059], [0.0383, 0.0339, 0.0285, 0.7406, 0.0781, 0.0584, 0.0222], [0.0492, 0.0487, 0.0259, 0.7188, 0.0432, 0.0529, 0.0614], [0.0704, 0.043, 0.0152, 0.7018, 0.0758, 0.0535, 0.0403], [0.0286, 0.047, 0.0173, 0.7932, 0.0242, 0.072, 0.0177], [0.0343, 0.0549, 0.0523, 0.6841, 0.0539, 0.0502, 0.0703], [0.0162, 0.0348, 0.014, 0.7415, 0.0887, 0.0311, 0.0738], [0.0853, 0.0386, 0.0188, 0.6882, 0.0601, 0.0384, 0.0706], [0.07, 0.0187, 0.0144, 0.7542, 0.0349, 0.0341, 0.0737], [0.0818, 0.0608, 0.0246, 0.6357, 0.0847, 0.0598, 0.0526], [0.02, 0.0303, 0.076, 0.7888, 0.0266, 0.0189, 0.0395], [0.0328, 0.0343, 0.0424, 0.747, 0.0432, 0.0272, 0.073], [0.0282, 0.0288, 0.0758, 0.7053, 0.0829, 0.0231, 0.0558], [0.0684, 0.0544, 0.0748, 0.6611, 0.0401, 0.0607, 0.0405], [0.0379, 0.0162, 0.0599, 0.7294, 0.0158, 0.0626, 0.0782], [0.0247, 0.0356, 0.0521, 0.7478, 0.0912, 0.0322, 0.0165], [0.0282, 0.0358, 0.0642, 0.7463, 0.0168, 0.0852, 0.0235], [0.0187, 0.0144, 0.054, 0.7436, 0.0597, 0.0548, 0.0547], [0.0297, 0.0738, 0.0302, 0.6478, 0.0914, 0.0849, 0.0422], [0.0222, 0.0205, 0.0712, 0.7168, 0.0744, 0.0672, 0.0277], [0.0379, 0.0818, 0.0325, 0.7469, 0.0536, 0.0335, 0.0137], [0.0644, 0.0517, 0.0462, 0.6727, 0.0684, 0.0401, 0.0565], [0.0966, 0.0289, 0.032, 0.6912, 0.0156, 0.0816, 0.0541], [0.0454, 0.0524, 0.0595, 0.68, 0.0375, 0.0632, 0.0621], [0.0476, 0.0925, 0.0408, 0.6393, 0.0848, 0.0639, 0.031], [0.0801, 0.0526, 0.0475, 0.6064, 0.0827, 0.0567, 0.0739], [0.044, 0.0609, 0.0558, 0.7021, 0.0638, 0.0251, 0.0483], [0.0169, 0.0438, 0.0629, 0.7587, 0.0642, 0.0399, 0.0135], [0.0505, 0.0467, 0.0234, 0.7175, 0.029, 0.06, 0.073], [0.0273, 0.0419, 0.0349, 0.7577, 0.0462, 0.0521, 0.0398], [0.0791, 0.0245, 0.0494, 0.6701, 0.0671, 0.0387, 0.071], [0.0263, 0.0474, 0.0464, 0.7117, 0.069, 0.0647, 0.0345], [0.0602, 0.0605, 0.0231, 0.7107, 0.0305, 0.0718, 0.0432], [0.0233, 0.0558, 0.0428, 0.769, 0.0139, 0.0271, 0.0682], [0.0772, 0.0531, 0.0552, 0.6487, 0.0645, 0.0387, 0.0627], [0.0347, 0.0917, 0.0354, 0.6368, 0.0635, 0.0761, 0.0618], [0.0248, 0.0869, 0.0607, 0.6867, 0.0149, 0.0837, 0.0423], [0.0662, 0.0162, 0.067, 0.6962, 0.0655, 0.0362, 0.0527], [0.0161, 0.0818, 0.0136, 0.7245, 0.019, 0.0718, 0.0731], [0.079, 0.018, 0.046, 0.6881, 0.0364, 0.0822, 0.0502], [0.0735, 0.0687, 0.0473, 0.7051, 0.0196, 0.0251, 0.0608], [0.0473, 0.0365, 0.0151, 0.6961, 0.0578, 0.0747, 0.0725], [0.0619, 0.077, 0.069, 0.6291, 0.0612, 0.0372, 0.0645], [0.0392, 0.0844, 0.0427, 0.7168, 0.0416, 0.058, 0.0174], [0.0176, 0.0491, 0.0216, 0.7685, 0.0358, 0.0509, 0.0566], [0.0532, 0.0593, 0.0124, 0.6763, 0.0714, 0.0646, 0.0629], [0.0202, 0.0845, 0.0414, 0.7284, 0.0708, 0.0411, 0.0137], [0.0172, 0.1041, 0.0537, 0.676, 0.0503, 0.0266, 0.072], [0.0611, 0.0643, 0.0522, 0.678, 0.058, 0.0706, 0.0159], [0.028, 0.0584, 0.049, 0.6767, 0.0202, 0.0847, 0.0829], [0.0139, 0.0506, 0.0622, 0.7257, 0.0505, 0.0352, 0.0619], [0.0742, 0.0359, 0.0606, 0.6381, 0.0692, 0.0745, 0.0475], [0.021, 0.0182, 0.0877, 0.6962, 0.0855, 0.0237, 0.0677], [0.0275, 0.0114, 0.0687, 0.7454, 0.0457, 0.0368, 0.0646], [0.0669, 0.0278, 0.0344, 0.7677, 0.0491, 0.0375, 0.0166]], "emotions": ["green", "green", "green", "green", "green", "green", "green", "green", "green", "green", "green", "green", "green", "green", "green", "green", "green", "green", "green", "green", "green", "green", "green", "green", "green", "green", "green", "green", "green", "green", "green", "green", "green", "green", "green", "green", "green", "green", "green", "green", "green", "green", "green", "green", "green", "green", "green", "green", "green", "green", "green", "green", "green", "green", "green", "green", "green", "green", "green", "green", "green", "green", "green", "green", "green", "green", "green", "green", "green", "green", "green", "green", "green", "green", "green", "green", "green", "green", "green", "green"], "timestamps": [0, 40, 80, 120, 160, 200, 240, 280, 320, 360, 400, 440, 480, 520, 560, 600, 640, 680, 720, 760, 800, 840, 880, 920, 960, 1000, 1040, 1080, 1120, 1160, 1200, 1240, 1280, 1320, 1360, 1400, 1440, 1480, 1520, 1560, 1600, 1640, 1680, 1720, 1760, 1800, 1840, 1880, 1920, 1960, 2000, 2040, 2080, 2120, 2160, 2200, 2240, 2280, 2320, 2360, 2400, 2440, 2480, 2520, 2560, 2600, 2640, 2680, 2720, 2760, 2800, 2840, 2880, 2920, 2960, 3000, 3040, 3080, 3120, 3160]}], "conversation": [], "conversation_timestamps": []}