{"agent_id": "agent-red-1831", "type": "red", "trips": [{"trip_id": 0, "transport_method": "bicycle", "start_time": 0, "path": [[1.4866326, 42.4561808], [1.4866874, 42.4564525], [1.4878808, 42.4583124], [1.4892464, 42.4600962], [1.4904111, 42.4619937], [1.4911486, 42.4628053], [1.4910357, 42.4649519], [1.4918635, 42.4667372], [1.4918241, 42.468751], [1.4917326, 42.4709195], [1.4906745, 42.4729131], [1.4908407, 42.4750884], [1.490507, 42.4772652], [1.4901536, 42.4794945], [1.4898003, 42.4817238], [1.4893668, 42.4799672], [1.4902626, 42.4779354], [1.4905755, 42.4771782], [1.4903972, 42.4794283], [1.490219, 42.4816783], [1.490801, 42.4837555], [1.4922959, 42.4852026], [1.4932275, 42.4872523], [1.4943324, 42.4892205], [1.4954195, 42.4911554], [1.4971159, 42.4926383], [1.4984585, 42.4942707], [1.4994458, 42.4957664], [1.5014141, 42.4967618], [1.503439, 42.4977313], [1.5054906, 42.4986703], [1.5075175, 42.4996622], [1.5095297, 42.50067], [1.5102037, 42.5009746], [1.5102774, 42.501075], [1.5116222, 42.5016856], [1.5132906, 42.5029436], [1.5148588, 42.5045358], [1.5166367, 42.5057288], [1.5184931, 42.5066395], [1.5204868, 42.5074332], [1.5226097, 42.5077446], [1.5248281, 42.5079027], [1.5269302, 42.5085186], [1.5287819, 42.5096542], [1.5298195, 42.5112822], [1.5306568, 42.51275], [1.5299319, 42.5146845], [1.5282708, 42.5161433], [1.5263162, 42.5172721], [1.528213, 42.5163257], [1.5277867, 42.5165045], [1.5258941, 42.5177344], [1.5252302, 42.5181324], [1.5255587, 42.5178269], [1.5239108, 42.5192463], [1.5231787, 42.5213481], [1.5217497, 42.5229946], [1.5206448, 42.5249061], [1.5205781, 42.5270834], [1.5215243, 42.5290094], [1.5212299, 42.5306504], [1.5213567, 42.5325641], [1.5211588, 42.5343956], [1.5227995, 42.535859], [1.524693, 42.5367628], [1.5243054, 42.5375957], [1.5231551, 42.5391611], [1.5234016, 42.54071], [1.5229503, 42.5427911], [1.5238748, 42.5448314], [1.5247113, 42.546831], [1.5253861, 42.5488655], [1.5265339, 42.5508053], [1.5256478, 42.5494335], [1.5259169, 42.550568], [1.5271212, 42.5523541], [1.5287577, 42.5538793], [1.5304525, 42.5552843], [1.5326199, 42.5556201]], "mood_vectors": [[0.6785, 0.0396, 0.0715, 0.0537, 0.0647, 0.0659, 0.0262], [0.6357, 0.0508, 0.083, 0.0363, 0.0678, 0.0386, 0.0877], [0.7397, 0.0217, 0.038, 0.014, 0.0744, 0.0601, 0.0521], [0.6777, 0.0617, 0.0264, 0.0195, 0.0691, 0.0724, 0.0731], [0.6511, 0.0777, 0.0727, 0.044, 0.0582, 0.0203, 0.076], [0.6821, 0.0538, 0.0444, 0.0307, 0.0733, 0.0717, 0.0439], [0.6963, 0.0389, 0.0466, 0.0361, 0.0806, 0.0366, 0.0649], [0.6373, 0.0702, 0.056, 0.0334, 0.0695, 0.0908, 0.0428], [0.6615, 0.0614, 0.0502, 0.068, 0.0237, 0.0779, 0.0573], [0.7206, 0.0536, 0.0533, 0.058, 0.0538, 0.0165, 0.0442], [0.7086, 0.0132, 0.0146, 0.031, 0.0854, 0.072, 0.0752], [0.717, 0.0157, 0.0144, 0.0836, 0.0938, 0.0364, 0.0391], [0.7025, 0.0797, 0.0774, 0.0405, 0.065, 0.0189, 0.016], [0.7204, 0.0225, 0.03, 0.0426, 0.0965, 0.0484, 0.0396], [0.7304, 0.0353, 0.0396, 0.0525, 0.0787, 0.0452, 0.0183], [0.7183, 0.048, 0.0691, 0.0166, 0.079, 0.018, 0.0509], [0.723, 0.0238, 0.0515, 0.0667, 0.0325, 0.045, 0.0574], [0.7174, 0.0449, 0.0689, 0.0461, 0.028, 0.0251, 0.0696], [0.6434, 0.0327, 0.0698, 0.0627, 0.0422, 0.0481, 0.101], [0.6557, 0.0437, 0.0734, 0.0624, 0.0762, 0.0388, 0.0497], [0.6208, 0.0593, 0.036, 0.0775, 0.0761, 0.0567, 0.0737], [0.6103, 0.0671, 0.0733, 0.0431, 0.0776, 0.0791, 0.0494], [0.7155, 0.0223, 0.0769, 0.0526, 0.0726, 0.0468, 0.0133], [0.6864, 0.0657, 0.0361, 0.0543, 0.0409, 0.0652, 0.0515], [0.698, 0.0422, 0.0117, 0.0483, 0.0644, 0.0545, 0.0809], [0.7308, 0.0212, 0.0778, 0.0438, 0.0189, 0.0771, 0.0304], [0.7648, 0.0488, 0.0651, 0.0307, 0.0123, 0.0193, 0.0589], [0.6784, 0.0599, 0.0396, 0.0247, 0.0425, 0.0763, 0.0786], [0.6296, 0.0755, 0.0276, 0.062, 0.0691, 0.0746, 0.0616], [0.7342, 0.0148, 0.0372, 0.0565, 0.026, 0.062, 0.0693], [0.714, 0.0152, 0.0775, 0.0261, 0.0635, 0.0547, 0.0491], [0.6996, 0.0343, 0.0712, 0.0292, 0.0621, 0.072, 0.0316], [0.6987, 0.0475, 0.0176, 0.0738, 0.0706, 0.0636, 0.0283], [0.698, 0.0237, 0.0593, 0.0415, 0.0683, 0.0859, 0.0233], [0.6699, 0.0473, 0.033, 0.0858, 0.0598, 0.0489, 0.0553], [0.6927, 0.0823, 0.0189, 0.0542, 0.0371, 0.0752, 0.0395], [0.7212, 0.0492, 0.0294, 0.0425, 0.0541, 0.028, 0.0756], [0.6866, 0.0696, 0.0378, 0.0538, 0.0281, 0.0538, 0.0703], [0.7164, 0.0748, 0.0632, 0.0617, 0.0332, 0.0166, 0.0342], [0.7616, 0.079, 0.0118, 0.0123, 0.0647, 0.0335, 0.0371], [0.6946, 0.0766, 0.0165, 0.0288, 0.0447, 0.0674, 0.0714], [0.6902, 0.0731, 0.0164, 0.0559, 0.0729, 0.0301, 0.0614], [0.6078, 0.0872, 0.0532, 0.083, 0.0645, 0.0309, 0.0734], [0.7023, 0.0224, 0.0137, 0.0664, 0.0683, 0.0686, 0.0582], [0.6667, 0.043, 0.0305, 0.0828, 0.0204, 0.0674, 0.0893], [0.6486, 0.0667, 0.0596, 0.0367, 0.0848, 0.0439, 0.0596], [0.7778, 0.0171, 0.0442, 0.0358, 0.0127, 0.0459, 0.0667], [0.6609, 0.0777, 0.0853, 0.0191, 0.0174, 0.0554, 0.0842], [0.7275, 0.0684, 0.0188, 0.0195, 0.0617, 0.0831, 0.021], [0.6378, 0.0736, 0.0336, 0.0889, 0.0752, 0.0394, 0.0515], [0.6323, 0.0676, 0.0775, 0.0415, 0.0361, 0.0703, 0.0746], [0.7648, 0.0538, 0.0315, 0.0438, 0.0228, 0.048, 0.0352], [0.7004, 0.061, 0.0465, 0.0222, 0.0305, 0.0791, 0.0603], [0.7067, 0.0292, 0.0329, 0.0397, 0.0754, 0.0407, 0.0755], [0.8075, 0.0248, 0.0188, 0.05, 0.0201, 0.0403, 0.0384], [0.772, 0.0522, 0.0391, 0.0151, 0.0214, 0.0532, 0.0469], [0.7208, 0.059, 0.105, 0.0214, 0.0157, 0.031, 0.0471], [0.6763, 0.0271, 0.1039, 0.0469, 0.0183, 0.0242, 0.1034], [0.7064, 0.0222, 0.0137, 0.0553, 0.054, 0.0695, 0.0788], [0.7179, 0.0601, 0.0714, 0.0508, 0.0542, 0.0142, 0.0313], [0.6943, 0.0209, 0.0795, 0.0405, 0.0936, 0.026, 0.0452], [0.7171, 0.0446, 0.0478, 0.0291, 0.0471, 0.0471, 0.0672], [0.7169, 0.1052, 0.0186, 0.0367, 0.0324, 0.0218, 0.0684], [0.7031, 0.0188, 0.056, 0.0726, 0.0564, 0.0173, 0.0758], [0.6944, 0.0321, 0.0478, 0.087, 0.0549, 0.0217, 0.0621], [0.6587, 0.0343, 0.0644, 0.0489, 0.0516, 0.0698, 0.0722], [0.7141, 0.0493, 0.0543, 0.0165, 0.0412, 0.0495, 0.0752], [0.6952, 0.0482, 0.0736, 0.036, 0.0405, 0.062, 0.0444], [0.7124, 0.0596, 0.0596, 0.0212, 0.0654, 0.0325, 0.0495], [0.7119, 0.0763, 0.0237, 0.0708, 0.0275, 0.0197, 0.0701], [0.6679, 0.0418, 0.0806, 0.0655, 0.033, 0.0716, 0.0395], [0.7035, 0.0281, 0.0727, 0.0522, 0.0173, 0.0494, 0.0767], [0.7167, 0.0249, 0.0773, 0.0131, 0.0302, 0.0785, 0.0592], [0.7216, 0.042, 0.0427, 0.0634, 0.0452, 0.0467, 0.0384], [0.7616, 0.0137, 0.0556, 0.0237, 0.0776, 0.02, 0.0479], [0.7364, 0.014, 0.0374, 0.0535, 0.0671, 0.0477, 0.0438], [0.6435, 0.0482, 0.0678, 0.0951, 0.0161, 0.0512, 0.0781], [0.7166, 0.071, 0.0511, 0.0384, 0.0229, 0.0437, 0.0563], [0.7581, 0.0281, 0.041, 0.0516, 0.0499, 0.0317, 0.0398], [0.7002, 0.0296, 0.0565, 0.0656, 0.0196, 0.0612, 0.0674]], "emotions": ["red", "red", "red", "red", "red", "red", "red", "red", "red", "red", "red", "red", "red", "red", "red", "red", "red", "red", "red", "red", "red", "red", "red", "red", "red", "red", "red", "red", "red", "red", "red", "red", "red", "red", "red", "red", "red", "red", "red", "red", "red", "red", "red", "red", "red", "red", "red", "red", "red", "red", "red", "red", "red", "red", "red", "red", "red", "red", "red", "red", "red", "red", "red", "red", "red", "red", "red", "red", "red", "red", "red", "red", "red", "red", "red", "red", "red", "red", "red", "red"], "timestamps": [0, 40, 80, 120, 160, 200, 240, 280, 320, 360, 400, 440, 480, 520, 560, 600, 640, 680, 720, 760, 800, 840, 880, 920, 960, 1000, 1040, 1080, 1120, 1160, 1200, 1240, 1280, 1320, 1360, 1400, 1440, 1480, 1520, 1560, 1600, 1640, 1680, 1720, 1760, 1800, 1840, 1880, 1920, 1960, 2000, 2040, 2080, 2120, 2160, 2200, 2240, 2280, 2320, 2360, 2400, 2440, 2480, 2520, 2560, 2600, 2640, 2680, 2720, 2760, 2800, 2840, 2880, 2920, 2960, 3000, 3040, 3080, 3120, 3160]}], "conversation": [], "conversation_timestamps": []}