{"agent_id": "agent-green-1017", "type": "green", "trips": [{"trip_id": 0, "transport_method": "bicycle", "start_time": 0, "path": [[1.536014, 42.5104032], [1.5360621, 42.5102072], [1.5359152, 42.5101923], [1.535717, 42.5102306], [1.5355317, 42.5103046], [1.535359, 42.5104058], [1.5353722, 42.5105478], [1.5351941, 42.5106252], [1.5350414, 42.5107571], [1.5348785, 42.5108022], [1.5346996, 42.5107089], [1.5345207, 42.5106156], [1.5343417, 42.5105222], [1.5341628, 42.5104289], [1.5339839, 42.5103356], [1.5338049, 42.5102423], [1.5336243, 42.5101525], [1.533439, 42.5100726], [1.5332476, 42.5100162], [1.5330468, 42.5099966], [1.5328459, 42.5099773], [1.5326445, 42.5099649], [1.5324451, 42.5099369], [1.5322624, 42.5098535], [1.5320678, 42.5098399], [1.5318762, 42.5097768], [1.5316866, 42.5097077], [1.5314965, 42.5096401], [1.5313081, 42.5095679], [1.5311197, 42.5094954], [1.5309306, 42.5094249], [1.5307408, 42.5093565], [1.5305503, 42.5093712], [1.530359, 42.5093072], [1.5301683, 42.509241], [1.5299777, 42.5091748], [1.5297852, 42.5091143], [1.529592, 42.5090563], [1.5293985, 42.5089993], [1.5292016, 42.5089548], [1.5290206, 42.5088908], [1.5288197, 42.5088753], [1.5286233, 42.5088288], [1.5284294, 42.5087755], [1.5282482, 42.5086866], [1.5280641, 42.508604], [1.5278786, 42.5085247], [1.527693, 42.5084453], [1.5275033, 42.5083775], [1.5273026, 42.5083619], [1.5271008, 42.5083599], [1.526899, 42.5083569], [1.5266974, 42.5083491], [1.5264967, 42.5083283], [1.5262977, 42.5082944], [1.5261001, 42.5082541], [1.525902, 42.5082173], [1.5257056, 42.5081774], [1.5255187, 42.5081015], [1.5253262, 42.508041], [1.5251342, 42.5079789], [1.5249395, 42.507926], [1.5247442, 42.5078752], [1.5245477, 42.5078297], [1.5243495, 42.5077915], [1.5241488, 42.5077732], [1.5239471, 42.507775], [1.5237456, 42.507786], [1.5235443, 42.5078], [1.5233448, 42.5078234], [1.5231874, 42.507921], [1.5231277, 42.5081138], [1.5230744, 42.5083067], [1.5228845, 42.508371], [1.5226899, 42.5084246], [1.5224945, 42.5084744], [1.5223105, 42.508475], [1.5221133, 42.508432], [1.5219162, 42.5083889], [1.521719, 42.5083459]], "mood_vectors": [[0.0414, 0.0574, 0.0808, 0.0296, 0.0715, 0.0311, 0.6881], [0.0193, 0.0856, 0.0349, 0.0539, 0.0894, 0.0245, 0.6925], [0.0555, 0.0889, 0.0543, 0.0806, 0.0552, 0.0339, 0.6317], [0.039, 0.0384, 0.0613, 0.0507, 0.0711, 0.0898, 0.6498], [0.0634, 0.0166, 0.0357, 0.0406, 0.0301, 0.0411, 0.7724], [0.0734, 0.0248, 0.0766, 0.0552, 0.0334, 0.0286, 0.708], [0.0701, 0.0353, 0.0355, 0.0218, 0.0159, 0.014, 0.8075], [0.0438, 0.0334, 0.055, 0.0469, 0.0693, 0.0431, 0.7085], [0.0484, 0.07, 0.0521, 0.0649, 0.0466, 0.0532, 0.6647], [0.0541, 0.0415, 0.058, 0.0286, 0.0689, 0.0143, 0.7346], [0.0674, 0.0607, 0.0596, 0.0391, 0.0488, 0.0381, 0.6863], [0.0167, 0.0938, 0.0628, 0.0233, 0.0258, 0.0805, 0.6972], [0.0821, 0.0679, 0.0392, 0.0386, 0.0607, 0.0316, 0.6799], [0.0242, 0.016, 0.031, 0.052, 0.0154, 0.0732, 0.7881], [0.0711, 0.0676, 0.0492, 0.0301, 0.04, 0.0121, 0.7298], [0.0441, 0.0211, 0.0413, 0.0345, 0.0814, 0.0487, 0.7288], [0.0692, 0.0388, 0.0706, 0.0632, 0.0112, 0.0576, 0.6894], [0.0628, 0.0611, 0.0563, 0.0444, 0.0534, 0.0505, 0.6713], [0.0535, 0.0404, 0.068, 0.0475, 0.0731, 0.0233, 0.6941], [0.0905, 0.0898, 0.0462, 0.0543, 0.0134, 0.0822, 0.6236], [0.073, 0.0596, 0.0693, 0.0299, 0.0777, 0.0608, 0.6298], [0.0221, 0.0862, 0.0487, 0.0481, 0.0202, 0.0444, 0.7304], [0.0766, 0.03, 0.0779, 0.0173, 0.0617, 0.016, 0.7206], [0.0132, 0.0401, 0.0126, 0.0338, 0.0387, 0.0633, 0.7983], [0.0886, 0.0253, 0.0922, 0.0617, 0.0143, 0.044, 0.6739], [0.0544, 0.0162, 0.0234, 0.0706, 0.0361, 0.1116, 0.6878], [0.0715, 0.031, 0.0746, 0.0672, 0.0763, 0.0355, 0.644], [0.0443, 0.1061, 0.0234, 0.022, 0.016, 0.0719, 0.7164], [0.0261, 0.0476, 0.0165, 0.0424, 0.0414, 0.0635, 0.7625], [0.0437, 0.0328, 0.0217, 0.0622, 0.0213, 0.0624, 0.7558], [0.076, 0.0764, 0.0571, 0.0673, 0.0156, 0.0397, 0.6679], [0.0567, 0.0174, 0.0504, 0.0461, 0.0719, 0.0848, 0.6727], [0.0521, 0.0261, 0.0424, 0.0342, 0.0223, 0.0252, 0.7978], [0.0829, 0.0503, 0.0695, 0.0475, 0.0327, 0.0337, 0.6833], [0.0253, 0.0653, 0.0482, 0.0486, 0.063, 0.032, 0.7176], [0.0733, 0.0399, 0.0341, 0.0634, 0.0272, 0.0515, 0.7107], [0.055, 0.0631, 0.0455, 0.0746, 0.0351, 0.0256, 0.7012], [0.0809, 0.0705, 0.0717, 0.0343, 0.0236, 0.0359, 0.6832], [0.03, 0.0552, 0.0682, 0.0398, 0.0462, 0.0721, 0.6886], [0.0384, 0.0151, 0.059, 0.0132, 0.0717, 0.0575, 0.7451], [0.0711, 0.0373, 0.0403, 0.0646, 0.0188, 0.0799, 0.688], [0.0582, 0.0345, 0.0187, 0.0638, 0.0758, 0.0378, 0.7111], [0.0489, 0.0734, 0.0597, 0.066, 0.0613, 0.062, 0.6287], [0.0335, 0.0577, 0.0664, 0.0595, 0.0516, 0.0924, 0.6389], [0.0751, 0.0454, 0.0233, 0.0751, 0.0202, 0.0564, 0.7045], [0.0221, 0.0381, 0.0459, 0.0209, 0.0652, 0.0603, 0.7474], [0.0473, 0.0462, 0.0206, 0.0423, 0.0295, 0.0756, 0.7386], [0.0583, 0.0184, 0.0588, 0.0425, 0.0617, 0.0141, 0.7462], [0.0288, 0.0733, 0.0402, 0.0572, 0.048, 0.0685, 0.684], [0.0218, 0.0458, 0.0335, 0.0561, 0.023, 0.0834, 0.7363], [0.0485, 0.0605, 0.0491, 0.0204, 0.0581, 0.0335, 0.7299], [0.0803, 0.0261, 0.0527, 0.0429, 0.0613, 0.0311, 0.7055], [0.0674, 0.0498, 0.0853, 0.0241, 0.0803, 0.0723, 0.6207], [0.0396, 0.095, 0.0721, 0.0529, 0.065, 0.0182, 0.6571], [0.0666, 0.0719, 0.0763, 0.0332, 0.0249, 0.0218, 0.7054], [0.0367, 0.0777, 0.0334, 0.0711, 0.0122, 0.0561, 0.7128], [0.0186, 0.0171, 0.0942, 0.0206, 0.0688, 0.0602, 0.7207], [0.0553, 0.04, 0.035, 0.0539, 0.0497, 0.0545, 0.7115], [0.0207, 0.0784, 0.0813, 0.0281, 0.0552, 0.0623, 0.6739], [0.0493, 0.0524, 0.0754, 0.0333, 0.0676, 0.0419, 0.68], [0.0414, 0.0233, 0.0928, 0.0474, 0.0218, 0.0853, 0.688], [0.0395, 0.0266, 0.0548, 0.0523, 0.0235, 0.0353, 0.7679], [0.0622, 0.0416, 0.061, 0.0721, 0.0218, 0.0267, 0.7146], [0.0737, 0.0695, 0.0241, 0.0641, 0.047, 0.0686, 0.653], [0.0416, 0.0181, 0.1048, 0.0328, 0.0585, 0.0157, 0.7284], [0.0515, 0.0374, 0.0202, 0.0343, 0.0631, 0.0386, 0.7549], [0.0658, 0.0198, 0.0733, 0.0272, 0.0652, 0.0444, 0.7043], [0.068, 0.074, 0.0314, 0.0702, 0.0508, 0.0783, 0.6273], [0.0644, 0.0807, 0.0779, 0.0804, 0.0818, 0.0184, 0.5965], [0.0154, 0.0199, 0.0571, 0.0661, 0.0192, 0.0575, 0.7649], [0.0295, 0.0238, 0.0836, 0.0314, 0.0278, 0.0732, 0.7307], [0.0164, 0.044, 0.0741, 0.0736, 0.0358, 0.0778, 0.6784], [0.0397, 0.0353, 0.0738, 0.0598, 0.0293, 0.0594, 0.7027], [0.0392, 0.0555, 0.0642, 0.0225, 0.0737, 0.0481, 0.6969], [0.0492, 0.0613, 0.0179, 0.0527, 0.0784, 0.0815, 0.659], [0.0677, 0.042, 0.0456, 0.0523, 0.0417, 0.0262, 0.7245], [0.0361, 0.026, 0.0364, 0.0728, 0.0178, 0.05, 0.7609], [0.0467, 0.0557, 0.04, 0.0485, 0.0633, 0.0613, 0.6845], [0.0489, 0.0516, 0.0148, 0.0386, 0.0135, 0.0757, 0.7569], [0.0212, 0.0507, 0.0773, 0.0624, 0.0431, 0.0389, 0.7063]], "emotions": ["purple", "purple", "purple", "purple", "purple", "purple", "purple", "purple", "purple", "purple", "purple", "purple", "purple", "purple", "purple", "purple", "purple", "purple", "purple", "purple", "purple", "purple", "purple", "purple", "purple", "purple", "purple", "purple", "purple", "purple", "purple", "purple", "purple", "purple", "purple", "purple", "purple", "purple", "purple", "purple", "purple", "purple", "purple", "purple", "purple", "purple", "purple", "purple", "purple", "purple", "purple", "purple", "purple", "purple", "purple", "purple", "purple", "purple", "purple", "purple", "purple", "purple", "purple", "purple", "purple", "purple", "purple", "purple", "purple", "purple", "purple", "purple", "purple", "purple", "purple", "purple", "purple", "purple", "purple", "purple"], "timestamps": [0, 40, 80, 120, 160, 200, 240, 280, 320, 360, 400, 440, 480, 520, 560, 600, 640, 680, 720, 760, 800, 840, 880, 920, 960, 1000, 1040, 1080, 1120, 1160, 1200, 1240, 1280, 1320, 1360, 1400, 1440, 1480, 1520, 1560, 1600, 1640, 1680, 1720, 1760, 1800, 1840, 1880, 1920, 1960, 2000, 2040, 2080, 2120, 2160, 2200, 2240, 2280, 2320, 2360, 2400, 2440, 2480, 2520, 2560, 2600, 2640, 2680, 2720, 2760, 2800, 2840, 2880, 2920, 2960, 3000, 3040, 3080, 3120, 3160]}], "conversation": [], "conversation_timestamps": []}