{"agent_id": "agent-red-1041", "type": "red", "trips": [{"trip_id": 0, "transport_method": "car", "start_time": 0, "path": [[1.5858767, 42.5378981], [1.5857959, 42.537413], [1.5851505, 42.5368577], [1.5840617, 42.5365851], [1.5829527, 42.5363265], [1.5821155, 42.5357331], [1.5812792, 42.53506], [1.5806451, 42.5341092], [1.5803408, 42.5337634], [1.5793001, 42.5332889], [1.5782052, 42.5329801], [1.5770669, 42.5328225], [1.576508, 42.5327283], [1.5776475, 42.5328811], [1.5770361, 42.5327882], [1.5759068, 42.5325727], [1.5747774, 42.5323572], [1.5753904, 42.532511], [1.575732, 42.5324353], [1.5746977, 42.5319333], [1.5736634, 42.5314313], [1.5731783, 42.5313528], [1.5740342, 42.5321077], [1.5736024, 42.5316841], [1.5727896, 42.5308709], [1.5720811, 42.5299729], [1.5711821, 42.5292662], [1.5702627, 42.528576], [1.5695904, 42.5280597], [1.570551, 42.5286914], [1.5712725, 42.5293401], [1.5703156, 42.5287027], [1.5693588, 42.5280654], [1.5684019, 42.527428], [1.567543, 42.5268591], [1.5685504, 42.5274047], [1.5687313, 42.5275621], [1.5677766, 42.5269215], [1.566822, 42.5262809], [1.5658562, 42.5256636], [1.5647852, 42.52525], [1.5637363, 42.524867], [1.5626656, 42.5244635], [1.5618956, 42.5236169], [1.5609981, 42.5229016], [1.5600198, 42.5223212], [1.5591206, 42.5216525], [1.5582511, 42.5209009], [1.5574335, 42.5200929], [1.5568622, 42.5195169], [1.5563847, 42.5188854], [1.5564943, 42.5189874], [1.5561211, 42.518827], [1.5556003, 42.5181983], [1.5549578, 42.5179082], [1.5544798, 42.5174768], [1.5537459, 42.5168625], [1.554528, 42.5176917], [1.5538619, 42.5168798], [1.5533728, 42.5158651], [1.5527681, 42.5148946], [1.5526765, 42.5137618], [1.5517308, 42.5131349], [1.5508414, 42.5124197], [1.5498404, 42.5118972], [1.5487386, 42.5115748], [1.5476206, 42.5113072], [1.5465661, 42.5108954], [1.5462472, 42.5098746], [1.5461563, 42.509717], [1.5451056, 42.5093413], [1.5439706, 42.5092162], [1.5428659, 42.5089323], [1.5417699, 42.5090042], [1.5407367, 42.5094054], [1.5397596, 42.5099668], [1.5387272, 42.5104439], [1.5376574, 42.5107297], [1.5365214, 42.5106223], [1.535374, 42.5105509]], "mood_vectors": [[0.7247, 0.071, 0.0496, 0.0763, 0.0261, 0.0386, 0.0138], [0.752, 0.0598, 0.0341, 0.0488, 0.0151, 0.0536, 0.0367], [0.6462, 0.0645, 0.0521, 0.0373, 0.085, 0.0154, 0.0994], [0.6456, 0.0639, 0.0597, 0.0803, 0.0485, 0.0531, 0.0488], [0.7312, 0.0737, 0.06, 0.0187, 0.0804, 0.0181, 0.018], [0.6881, 0.0336, 0.0721, 0.0597, 0.0614, 0.0286, 0.0564], [0.7149, 0.0304, 0.0511, 0.0513, 0.0558, 0.0486, 0.048], [0.6907, 0.0386, 0.0727, 0.0279, 0.0709, 0.0288, 0.0704], [0.7795, 0.049, 0.066, 0.0317, 0.0364, 0.018, 0.0194], [0.7735, 0.0407, 0.0192, 0.076, 0.0263, 0.038, 0.0262], [0.7459, 0.0492, 0.016, 0.0733, 0.0306, 0.013, 0.0721], [0.8549, 0.0163, 0.0274, 0.0193, 0.0359, 0.0191, 0.0272], [0.7229, 0.0459, 0.018, 0.0577, 0.0165, 0.0478, 0.0912], [0.6613, 0.0407, 0.051, 0.0927, 0.04, 0.0316, 0.0827], [0.7008, 0.0793, 0.0312, 0.0354, 0.0481, 0.0667, 0.0384], [0.718, 0.0313, 0.0651, 0.0597, 0.0349, 0.0734, 0.0174], [0.6408, 0.0451, 0.059, 0.0432, 0.0605, 0.0743, 0.0771], [0.6851, 0.0663, 0.0334, 0.0396, 0.083, 0.0312, 0.0614], [0.7533, 0.0201, 0.0694, 0.0202, 0.0669, 0.053, 0.0171], [0.6593, 0.0875, 0.0883, 0.0803, 0.0206, 0.0504, 0.0136], [0.672, 0.0443, 0.0148, 0.0718, 0.0697, 0.076, 0.0514], [0.734, 0.0161, 0.054, 0.0188, 0.0393, 0.0669, 0.0711], [0.701, 0.0344, 0.0432, 0.0478, 0.0751, 0.0201, 0.0784], [0.721, 0.0237, 0.0276, 0.0266, 0.0236, 0.0967, 0.0809], [0.7321, 0.0723, 0.025, 0.0404, 0.0701, 0.0435, 0.0166], [0.7273, 0.0505, 0.0512, 0.0449, 0.0609, 0.0317, 0.0335], [0.727, 0.0384, 0.0805, 0.0568, 0.0579, 0.0128, 0.0266], [0.6719, 0.0768, 0.0155, 0.0478, 0.0643, 0.0919, 0.0317], [0.7093, 0.0508, 0.0528, 0.0361, 0.0718, 0.0204, 0.0589], [0.7086, 0.0675, 0.0735, 0.0262, 0.0362, 0.051, 0.037], [0.7041, 0.0514, 0.0689, 0.0378, 0.0368, 0.0628, 0.0381], [0.595, 0.0819, 0.0808, 0.0651, 0.065, 0.0536, 0.0586], [0.7067, 0.0739, 0.049, 0.0426, 0.0515, 0.0492, 0.0271], [0.6603, 0.0422, 0.0652, 0.0485, 0.065, 0.0625, 0.0563], [0.7939, 0.0303, 0.0222, 0.0154, 0.0458, 0.0774, 0.015], [0.7288, 0.0844, 0.028, 0.0408, 0.0466, 0.0236, 0.0478], [0.7105, 0.0739, 0.0371, 0.0152, 0.0406, 0.0847, 0.038], [0.6317, 0.0879, 0.0662, 0.0314, 0.0707, 0.0659, 0.0462], [0.7047, 0.0387, 0.0157, 0.058, 0.0935, 0.0412, 0.0482], [0.6747, 0.0354, 0.0466, 0.0747, 0.0269, 0.0722, 0.0695], [0.6665, 0.0748, 0.0909, 0.0537, 0.032, 0.0442, 0.038], [0.6, 0.0157, 0.093, 0.0424, 0.0917, 0.0853, 0.0718], [0.5726, 0.0691, 0.0743, 0.0875, 0.0844, 0.0893, 0.0228], [0.6444, 0.032, 0.0517, 0.0506, 0.0678, 0.0655, 0.0881], [0.6514, 0.0712, 0.029, 0.082, 0.0708, 0.0233, 0.0723], [0.6981, 0.0294, 0.0636, 0.0814, 0.0165, 0.0327, 0.0783], [0.7191, 0.0653, 0.031, 0.048, 0.0449, 0.0324, 0.0592], [0.6742, 0.0597, 0.0584, 0.0171, 0.0363, 0.0967, 0.0576], [0.5805, 0.0818, 0.0792, 0.0584, 0.0698, 0.0428, 0.0875], [0.6749, 0.0297, 0.0214, 0.0677, 0.0714, 0.064, 0.0709], [0.6852, 0.062, 0.0406, 0.0494, 0.0438, 0.0654, 0.0536], [0.6537, 0.0319, 0.0498, 0.0936, 0.0666, 0.056, 0.0484], [0.7525, 0.0319, 0.0237, 0.0463, 0.041, 0.0645, 0.04], [0.6935, 0.0519, 0.0462, 0.0486, 0.0653, 0.0148, 0.0798], [0.7818, 0.0183, 0.0407, 0.0275, 0.0462, 0.0234, 0.0621], [0.6181, 0.0645, 0.0848, 0.0565, 0.0749, 0.0679, 0.0332], [0.6626, 0.0755, 0.0209, 0.0492, 0.0752, 0.0573, 0.0592], [0.7321, 0.0148, 0.0782, 0.0542, 0.0515, 0.0417, 0.0275], [0.6757, 0.0222, 0.0831, 0.0873, 0.0308, 0.0177, 0.0832], [0.6686, 0.0941, 0.0177, 0.0978, 0.0298, 0.0574, 0.0346], [0.7469, 0.1075, 0.0184, 0.0284, 0.0403, 0.0393, 0.0191], [0.7562, 0.0164, 0.0465, 0.0237, 0.0951, 0.0317, 0.0304], [0.71, 0.0656, 0.0499, 0.012, 0.0511, 0.0521, 0.0593], [0.7064, 0.0594, 0.0324, 0.0333, 0.0286, 0.0697, 0.0701], [0.7569, 0.0615, 0.0214, 0.0243, 0.0639, 0.0479, 0.0241], [0.7237, 0.0323, 0.0562, 0.0194, 0.068, 0.0215, 0.0788], [0.6751, 0.0681, 0.0256, 0.0648, 0.0763, 0.0224, 0.0678], [0.7303, 0.0177, 0.0817, 0.0392, 0.0214, 0.0864, 0.0234], [0.6698, 0.072, 0.0221, 0.0705, 0.0387, 0.0617, 0.0652], [0.6499, 0.067, 0.0559, 0.0417, 0.0648, 0.0833, 0.0373], [0.6429, 0.0898, 0.0375, 0.0829, 0.0346, 0.0822, 0.03], [0.7296, 0.0471, 0.0832, 0.0719, 0.0172, 0.0201, 0.031], [0.6895, 0.0775, 0.0363, 0.0348, 0.0674, 0.0426, 0.0519], [0.654, 0.0558, 0.0144, 0.0614, 0.0637, 0.0746, 0.0762], [0.7092, 0.0234, 0.0707, 0.0554, 0.027, 0.0463, 0.0679], [0.6172, 0.068, 0.0493, 0.0682, 0.0762, 0.0429, 0.0782], [0.6558, 0.0864, 0.068, 0.0529, 0.0485, 0.028, 0.0604], [0.7014, 0.0468, 0.0185, 0.0618, 0.06, 0.0524, 0.0593], [0.6377, 0.0776, 0.033, 0.0539, 0.05, 0.0789, 0.0689], [0.658, 0.0527, 0.0446, 0.0471, 0.063, 0.0582, 0.0763]], "emotions": ["red", "red", "red", "red", "red", "red", "red", "red", "red", "red", "red", "red", "red", "red", "red", "red", "red", "red", "red", "red", "red", "red", "red", "red", "red", "red", "red", "red", "red", "red", "red", "red", "red", "red", "red", "red", "red", "red", "red", "red", "red", "red", "red", "red", "red", "red", "red", "red", "red", "red", "red", "red", "red", "red", "red", "red", "red", "red", "red", "red", "red", "red", "red", "red", "red", "red", "red", "red", "red", "red", "red", "red", "red", "red", "red", "red", "red", "red", "red", "red"], "timestamps": [0, 40, 80, 120, 160, 200, 240, 280, 320, 360, 400, 440, 480, 520, 560, 600, 640, 680, 720, 760, 800, 840, 880, 920, 960, 1000, 1040, 1080, 1120, 1160, 1200, 1240, 1280, 1320, 1360, 1400, 1440, 1480, 1520, 1560, 1600, 1640, 1680, 1720, 1760, 1800, 1840, 1880, 1920, 1960, 2000, 2040, 2080, 2120, 2160, 2200, 2240, 2280, 2320, 2360, 2400, 2440, 2480, 2520, 2560, 2600, 2640, 2680, 2720, 2760, 2800, 2840, 2880, 2920, 2960, 3000, 3040, 3080, 3120, 3160]}], "conversation": [], "conversation_timestamps": []}