{"agent_id": "agent-red-651", "type": "red", "trips": [{"trip_id": 0, "transport_method": "foot", "start_time": 0, "path": [[1.5224494, 42.5334561], [1.5225249, 42.5325209], [1.5217797, 42.5329676], [1.5213624, 42.5326163], [1.5208816, 42.5316625], [1.5213576, 42.5307211], [1.5215858, 42.5299002], [1.5217307, 42.5291665], [1.5210546, 42.5283871], [1.5206232, 42.5274528], [1.5207105, 42.5263815], [1.5207853, 42.5258166], [1.520629, 42.5268451], [1.5206505, 42.5270105], [1.520717, 42.5259376], [1.5206358, 42.5248807], [1.521074, 42.5239228], [1.5217195, 42.5230691], [1.5221785, 42.522112], [1.523043, 42.5214776], [1.5235418, 42.5205469], [1.5238514, 42.5197125], [1.5235192, 42.5207259], [1.5235948, 42.5204833], [1.523992, 42.5194845], [1.524512, 42.5185752], [1.5253902, 42.5180086], [1.5262023, 42.5173391], [1.5271141, 42.516861], [1.5280613, 42.5163951], [1.5289139, 42.5157734], [1.5295842, 42.5149392], [1.530381, 42.5142438], [1.5303662, 42.5132123], [1.5309556, 42.512316], [1.5303218, 42.51166], [1.5292741, 42.5115507], [1.5282116, 42.5114393], [1.52717, 42.5111742], [1.5261293, 42.510905], [1.5250887, 42.5106358], [1.5255789, 42.5105077], [1.5264679, 42.5108223], [1.5272966, 42.5111778], [1.5276018, 42.5112928], [1.5265563, 42.5110429], [1.5255109, 42.510793], [1.5244655, 42.5105431], [1.523404, 42.5104176], [1.5223662, 42.5102533], [1.5213793, 42.5099104], [1.5204871, 42.5096532], [1.5195498, 42.5091527], [1.5187087, 42.5084904], [1.5178067, 42.5080054], [1.5169386, 42.5074391], [1.5158965, 42.5071758], [1.515631, 42.5071111], [1.5166671, 42.5073633], [1.5162245, 42.5072774], [1.5151763, 42.5070392], [1.5141263, 42.5068146], [1.5132326, 42.506246], [1.5125267, 42.5054573], [1.5116693, 42.5048725], [1.510606, 42.5047298], [1.5115402, 42.5048267], [1.5106773, 42.5046968], [1.5097649, 42.5043055], [1.50882, 42.5038244], [1.5080254, 42.5031371], [1.5072862, 42.5025964], [1.5065269, 42.5020237], [1.5058325, 42.5015627], [1.5050865, 42.5012618], [1.5042242, 42.5007673], [1.5036113, 42.5000091], [1.5028379, 42.4994832], [1.5018117, 42.4992916], [1.5022776, 42.499771]], "mood_vectors": [[0.6412, 0.0616, 0.0368, 0.0231, 0.0631, 0.0809, 0.0932], [0.7699, 0.0234, 0.021, 0.0344, 0.0339, 0.0649, 0.0525], [0.6901, 0.0189, 0.064, 0.0542, 0.0623, 0.0544, 0.0561], [0.6961, 0.0545, 0.0277, 0.0258, 0.0336, 0.0939, 0.0684], [0.7635, 0.062, 0.0176, 0.0252, 0.0145, 0.0592, 0.058], [0.7053, 0.0335, 0.0293, 0.0866, 0.0522, 0.0547, 0.0385], [0.6709, 0.0309, 0.0287, 0.0622, 0.0721, 0.0719, 0.0632], [0.6755, 0.0619, 0.039, 0.0627, 0.0515, 0.0451, 0.0642], [0.6543, 0.06, 0.0435, 0.076, 0.0632, 0.0247, 0.0782], [0.7004, 0.0768, 0.0749, 0.0279, 0.0371, 0.0542, 0.0286], [0.6878, 0.0814, 0.033, 0.0188, 0.065, 0.0679, 0.0461], [0.7898, 0.0322, 0.0454, 0.0205, 0.0583, 0.0346, 0.0191], [0.7039, 0.0384, 0.0464, 0.0168, 0.0397, 0.0878, 0.0671], [0.7499, 0.0264, 0.0471, 0.0916, 0.0204, 0.0234, 0.0412], [0.749, 0.0561, 0.0397, 0.0385, 0.0291, 0.0404, 0.0472], [0.7608, 0.0636, 0.0432, 0.044, 0.0486, 0.0149, 0.0249], [0.7516, 0.0475, 0.033, 0.0316, 0.0625, 0.0355, 0.0382], [0.724, 0.0252, 0.0467, 0.0601, 0.0291, 0.0487, 0.0662], [0.7151, 0.0644, 0.0353, 0.0398, 0.0118, 0.068, 0.0655], [0.6471, 0.0588, 0.0735, 0.0238, 0.0674, 0.0607, 0.0686], [0.6364, 0.0616, 0.0192, 0.0796, 0.0929, 0.0234, 0.0868], [0.707, 0.0417, 0.0458, 0.0548, 0.039, 0.0495, 0.0621], [0.7336, 0.0161, 0.0593, 0.0764, 0.0668, 0.0186, 0.029], [0.6639, 0.034, 0.0659, 0.0547, 0.0665, 0.0382, 0.0767], [0.758, 0.0284, 0.0367, 0.0736, 0.0404, 0.0367, 0.0262], [0.7092, 0.0578, 0.026, 0.0564, 0.0463, 0.0761, 0.0281], [0.6298, 0.0755, 0.0164, 0.0749, 0.079, 0.0737, 0.0507], [0.7094, 0.0414, 0.0364, 0.0421, 0.0347, 0.0834, 0.0526], [0.6797, 0.0709, 0.0451, 0.0253, 0.0726, 0.0545, 0.0519], [0.7118, 0.0634, 0.0534, 0.0465, 0.0348, 0.0766, 0.0134], [0.7742, 0.0374, 0.0421, 0.0177, 0.0456, 0.0193, 0.0637], [0.7494, 0.0338, 0.0305, 0.0606, 0.0241, 0.0813, 0.0204], [0.8134, 0.0228, 0.0344, 0.0609, 0.0223, 0.0217, 0.0245], [0.6236, 0.073, 0.0547, 0.0291, 0.0914, 0.0425, 0.0857], [0.7342, 0.049, 0.0402, 0.0406, 0.0328, 0.0686, 0.0346], [0.746, 0.0531, 0.0686, 0.0242, 0.0815, 0.014, 0.0125], [0.6404, 0.0663, 0.0627, 0.0691, 0.0464, 0.028, 0.0869], [0.7487, 0.0228, 0.0761, 0.0835, 0.0336, 0.0203, 0.0149], [0.6702, 0.0177, 0.0568, 0.0286, 0.0725, 0.0821, 0.0721], [0.6951, 0.0381, 0.0856, 0.068, 0.0558, 0.0206, 0.0369], [0.7989, 0.0641, 0.027, 0.0477, 0.0192, 0.0273, 0.0157], [0.6643, 0.0466, 0.0798, 0.0784, 0.0826, 0.0209, 0.0274], [0.6469, 0.0599, 0.0733, 0.0457, 0.0445, 0.0714, 0.0583], [0.7444, 0.0508, 0.0456, 0.0675, 0.0551, 0.0219, 0.0148], [0.7465, 0.0489, 0.0251, 0.0166, 0.0154, 0.0676, 0.0798], [0.727, 0.0231, 0.0281, 0.0595, 0.0602, 0.0451, 0.057], [0.8474, 0.0348, 0.0293, 0.0187, 0.0323, 0.0237, 0.0138], [0.7006, 0.0582, 0.0227, 0.0488, 0.0587, 0.0559, 0.0552], [0.6126, 0.0834, 0.0436, 0.0729, 0.0892, 0.0759, 0.0224], [0.6942, 0.068, 0.0427, 0.0905, 0.0181, 0.0616, 0.025], [0.6887, 0.029, 0.0715, 0.0744, 0.0738, 0.0466, 0.016], [0.7, 0.0619, 0.0428, 0.0208, 0.044, 0.0593, 0.0711], [0.7155, 0.0568, 0.0481, 0.0552, 0.0506, 0.0262, 0.0476], [0.7052, 0.0202, 0.0569, 0.0372, 0.0327, 0.0708, 0.077], [0.7075, 0.0255, 0.0176, 0.0486, 0.056, 0.0574, 0.0875], [0.6664, 0.0766, 0.0543, 0.028, 0.0627, 0.0554, 0.0566], [0.6393, 0.0533, 0.0761, 0.0632, 0.047, 0.0638, 0.0573], [0.7087, 0.0793, 0.0725, 0.013, 0.0346, 0.0276, 0.0642], [0.728, 0.0553, 0.0492, 0.0282, 0.0782, 0.0247, 0.0364], [0.6464, 0.057, 0.0179, 0.0694, 0.053, 0.0649, 0.0915], [0.6896, 0.087, 0.0248, 0.0883, 0.0258, 0.0204, 0.0642], [0.7083, 0.0215, 0.0536, 0.0575, 0.0301, 0.0867, 0.0423], [0.6989, 0.083, 0.0466, 0.0218, 0.0849, 0.0195, 0.0452], [0.7031, 0.0307, 0.088, 0.0185, 0.0481, 0.0857, 0.0259], [0.6682, 0.0819, 0.0209, 0.0589, 0.0247, 0.0838, 0.0615], [0.6335, 0.0543, 0.0254, 0.0749, 0.0533, 0.0845, 0.074], [0.7145, 0.0277, 0.0511, 0.0549, 0.0214, 0.1053, 0.0251], [0.6703, 0.0669, 0.0467, 0.0719, 0.0355, 0.0441, 0.0645], [0.6956, 0.0341, 0.0784, 0.0597, 0.027, 0.0727, 0.0324], [0.6556, 0.0136, 0.0694, 0.0652, 0.0381, 0.0715, 0.0867], [0.7602, 0.0147, 0.0357, 0.0787, 0.0644, 0.025, 0.0213], [0.7147, 0.0642, 0.0397, 0.0293, 0.0434, 0.0779, 0.0308], [0.8108, 0.0381, 0.0294, 0.0158, 0.032, 0.0406, 0.0334], [0.67, 0.0635, 0.0403, 0.0866, 0.0945, 0.029, 0.0161], [0.7516, 0.0639, 0.0229, 0.0241, 0.0691, 0.0523, 0.0161], [0.6647, 0.067, 0.0566, 0.0617, 0.0724, 0.0578, 0.0197], [0.7319, 0.0649, 0.0274, 0.044, 0.0672, 0.0199, 0.0446], [0.5917, 0.0764, 0.0548, 0.0771, 0.0764, 0.0537, 0.07], [0.7305, 0.0366, 0.038, 0.0485, 0.0387, 0.0532, 0.0544], [0.7469, 0.0197, 0.0674, 0.0276, 0.0356, 0.0798, 0.023]], "emotions": ["red", "red", "red", "red", "red", "red", "red", "red", "red", "red", "red", "red", "red", "red", "red", "red", "red", "red", "red", "red", "red", "red", "red", "red", "red", "red", "red", "red", "red", "red", "red", "red", "red", "red", "red", "red", "red", "red", "red", "red", "red", "red", "red", "red", "red", "red", "red", "red", "red", "red", "red", "red", "red", "red", "red", "red", "red", "red", "red", "red", "red", "red", "red", "red", "red", "red", "red", "red", "red", "red", "red", "red", "red", "red", "red", "red", "red", "red", "red", "red"], "timestamps": [0, 40, 80, 120, 160, 200, 240, 280, 320, 360, 400, 440, 480, 520, 560, 600, 640, 680, 720, 760, 800, 840, 880, 920, 960, 1000, 1040, 1080, 1120, 1160, 1200, 1240, 1280, 1320, 1360, 1400, 1440, 1480, 1520, 1560, 1600, 1640, 1680, 1720, 1760, 1800, 1840, 1880, 1920, 1960, 2000, 2040, 2080, 2120, 2160, 2200, 2240, 2280, 2320, 2360, 2400, 2440, 2480, 2520, 2560, 2600, 2640, 2680, 2720, 2760, 2800, 2840, 2880, 2920, 2960, 3000, 3040, 3080, 3120, 3160]}], "conversation": [], "conversation_timestamps": []}