{"agent_id": "agent-green-1602", "type": "green", "trips": [{"trip_id": 0, "transport_method": "bicycle", "start_time": 0, "path": [[1.4907419, 42.4391943], [1.4904575, 42.4379983], [1.4907602, 42.4391938], [1.489945, 42.4406024], [1.489672, 42.4416835], [1.4895885, 42.4432078], [1.4888066, 42.4445051], [1.4885294, 42.4448473], [1.4882032, 42.4453338], [1.4880744, 42.4437599], [1.4878047, 42.4429327], [1.486904, 42.4442167], [1.4862064, 42.4456804], [1.4863121, 42.4470707], [1.4863938, 42.4480408], [1.4861305, 42.4491036], [1.4865063, 42.4503931], [1.4864793, 42.4517802], [1.4868845, 42.4533211], [1.4867669, 42.4548845], [1.4865995, 42.4557263], [1.4866584, 42.4562998], [1.4873441, 42.4577727], [1.488455, 42.4589644], [1.489376, 42.4603239], [1.4903072, 42.4616597], [1.4906881, 42.4620038], [1.490979, 42.4634551], [1.4910742, 42.4650071], [1.4919732, 42.4662462], [1.4915583, 42.4676303], [1.491981, 42.4692105], [1.4917897, 42.4708057], [1.491017, 42.4722569], [1.4905013, 42.4737926], [1.4908345, 42.475379], [1.4905574, 42.4769471], [1.4903, 42.478571], [1.4900426, 42.4801949], [1.4897852, 42.4818188], [1.4894281, 42.4804803], [1.4896771, 42.4789012], [1.4904953, 42.4774771], [1.4905833, 42.4770799], [1.4904534, 42.4787189], [1.4903236, 42.480358], [1.4901937, 42.481997], [1.4906486, 42.4835053], [1.4916529, 42.4846886], [1.4931412, 42.4852113], [1.494417, 42.4862348], [1.4946617, 42.4877941], [1.4955194, 42.4891508], [1.4962858, 42.4905369], [1.4972351, 42.4917222], [1.4986646, 42.4925328], [1.5000398, 42.4934229], [1.5012509, 42.4944298], [1.502737, 42.4951327], [1.5042639, 42.4957294], [1.5057691, 42.496376], [1.5073206, 42.4969199], [1.5088253, 42.4975788], [1.510277, 42.4983448], [1.5113134, 42.49962], [1.5123132, 42.5009251], [1.5132741, 42.5022587], [1.5133389, 42.5023406], [1.5142563, 42.5032456], [1.5154416, 42.5043851], [1.5168006, 42.5052679], [1.5182892, 42.5054111], [1.5199066, 42.5056896], [1.5214559, 42.5061412], [1.523029, 42.5066112], [1.5246368, 42.5068649], [1.5262276, 42.5071807], [1.5255271, 42.507109], [1.5264009, 42.507158], [1.528039, 42.5072967]], "mood_vectors": [[0.1058, 0.0888, 0.0209, 0.0572, 0.0281, 0.04, 0.6593], [0.0878, 0.0603, 0.0432, 0.0418, 0.0251, 0.0684, 0.6734], [0.0517, 0.0137, 0.0403, 0.0716, 0.0789, 0.04, 0.7038], [0.0279, 0.0145, 0.0681, 0.0252, 0.0705, 0.052, 0.7416], [0.0341, 0.0569, 0.0284, 0.0846, 0.0313, 0.0899, 0.6748], [0.0357, 0.0852, 0.0142, 0.0357, 0.0249, 0.0709, 0.7333], [0.076, 0.0407, 0.031, 0.019, 0.0532, 0.0587, 0.7213], [0.0489, 0.0464, 0.0692, 0.0669, 0.0369, 0.0601, 0.6716], [0.057, 0.0826, 0.0616, 0.074, 0.075, 0.0343, 0.6154], [0.0277, 0.0645, 0.0705, 0.0717, 0.0203, 0.0335, 0.7119], [0.0745, 0.0217, 0.0148, 0.0437, 0.0441, 0.0653, 0.736], [0.0441, 0.0314, 0.0664, 0.0431, 0.0403, 0.0472, 0.7275], [0.0753, 0.02, 0.0493, 0.0144, 0.0489, 0.0246, 0.7677], [0.0241, 0.1007, 0.0577, 0.0865, 0.0677, 0.0201, 0.6431], [0.0393, 0.0758, 0.0445, 0.0466, 0.0285, 0.0238, 0.7414], [0.0217, 0.0521, 0.0651, 0.0508, 0.074, 0.0791, 0.6571], [0.0406, 0.0302, 0.0559, 0.0712, 0.0847, 0.0438, 0.6736], [0.0704, 0.0291, 0.0673, 0.1004, 0.0179, 0.0193, 0.6956], [0.0606, 0.0606, 0.0494, 0.0337, 0.0253, 0.0575, 0.7129], [0.0833, 0.015, 0.0616, 0.0418, 0.0154, 0.0243, 0.7587], [0.0216, 0.0717, 0.0677, 0.0666, 0.0303, 0.0743, 0.6677], [0.0272, 0.049, 0.0612, 0.0355, 0.0736, 0.0401, 0.7135], [0.0568, 0.0349, 0.0217, 0.0868, 0.0698, 0.0455, 0.6844], [0.0676, 0.0504, 0.0773, 0.0487, 0.0714, 0.0815, 0.6031], [0.0801, 0.0172, 0.039, 0.0319, 0.0279, 0.0709, 0.7331], [0.0181, 0.055, 0.0533, 0.0378, 0.0288, 0.0772, 0.7297], [0.0127, 0.0714, 0.0372, 0.0453, 0.0418, 0.0707, 0.7209], [0.0471, 0.0581, 0.0384, 0.0168, 0.0433, 0.0557, 0.7406], [0.0586, 0.0447, 0.0164, 0.0723, 0.0212, 0.0281, 0.7587], [0.0715, 0.0444, 0.0284, 0.0135, 0.0196, 0.0462, 0.7765], [0.0251, 0.0422, 0.0746, 0.0378, 0.0757, 0.0565, 0.6881], [0.0339, 0.0437, 0.0826, 0.0424, 0.0678, 0.0647, 0.6649], [0.0248, 0.0369, 0.0619, 0.0849, 0.017, 0.0676, 0.7068], [0.0913, 0.0492, 0.0297, 0.0522, 0.0819, 0.0778, 0.6179], [0.0584, 0.0582, 0.0622, 0.0243, 0.0233, 0.0765, 0.6971], [0.0315, 0.0968, 0.0427, 0.0355, 0.0182, 0.0916, 0.6838], [0.023, 0.0607, 0.0795, 0.0209, 0.0172, 0.0911, 0.7075], [0.0884, 0.0305, 0.0781, 0.0373, 0.0367, 0.0583, 0.6708], [0.0461, 0.0171, 0.0904, 0.0385, 0.0859, 0.0715, 0.6505], [0.0442, 0.0889, 0.0419, 0.0538, 0.0568, 0.0523, 0.6621], [0.0255, 0.0782, 0.0617, 0.0658, 0.0845, 0.0255, 0.6588], [0.0108, 0.0627, 0.0445, 0.0613, 0.0522, 0.0397, 0.7288], [0.0392, 0.0135, 0.0502, 0.0724, 0.0265, 0.0715, 0.7268], [0.0724, 0.023, 0.0451, 0.0375, 0.0295, 0.0538, 0.7388], [0.0645, 0.0499, 0.0828, 0.0778, 0.0314, 0.0165, 0.6771], [0.0177, 0.0448, 0.0551, 0.0497, 0.0749, 0.0812, 0.6767], [0.0457, 0.0171, 0.0536, 0.0453, 0.036, 0.0567, 0.7455], [0.0536, 0.0407, 0.0735, 0.0482, 0.0459, 0.0519, 0.6862], [0.0374, 0.0348, 0.0832, 0.0632, 0.0432, 0.0351, 0.703], [0.0211, 0.081, 0.0562, 0.0289, 0.0532, 0.0693, 0.6904], [0.0214, 0.0841, 0.0226, 0.0179, 0.0237, 0.0317, 0.7985], [0.0898, 0.029, 0.0545, 0.0893, 0.0278, 0.029, 0.6805], [0.0701, 0.082, 0.0379, 0.0201, 0.0596, 0.076, 0.6542], [0.0534, 0.0454, 0.0412, 0.0699, 0.0876, 0.0345, 0.668], [0.0322, 0.0765, 0.0879, 0.0415, 0.0705, 0.0752, 0.6162], [0.0701, 0.0795, 0.0206, 0.07, 0.0758, 0.0848, 0.5991], [0.0586, 0.0585, 0.0142, 0.0856, 0.0669, 0.0474, 0.6687], [0.0172, 0.0794, 0.0463, 0.0453, 0.0453, 0.0568, 0.7096], [0.091, 0.023, 0.0633, 0.0288, 0.0751, 0.0299, 0.6889], [0.0315, 0.0213, 0.0268, 0.034, 0.097, 0.0256, 0.7639], [0.0566, 0.0157, 0.0621, 0.0544, 0.0331, 0.0247, 0.7535], [0.0453, 0.0201, 0.0488, 0.0604, 0.0765, 0.0448, 0.7041], [0.02, 0.0239, 0.0763, 0.0213, 0.0638, 0.0311, 0.7636], [0.025, 0.0925, 0.0662, 0.0596, 0.0355, 0.0161, 0.7051], [0.03, 0.0817, 0.0602, 0.0653, 0.0166, 0.0306, 0.7156], [0.0517, 0.0416, 0.0685, 0.0465, 0.039, 0.0437, 0.709], [0.0754, 0.0376, 0.0409, 0.065, 0.0663, 0.0395, 0.6753], [0.0544, 0.0432, 0.0911, 0.0633, 0.0623, 0.0217, 0.6639], [0.0489, 0.0717, 0.0868, 0.0774, 0.0248, 0.0265, 0.6639], [0.0408, 0.0417, 0.0269, 0.029, 0.0299, 0.0623, 0.7694], [0.0392, 0.0639, 0.0242, 0.0328, 0.0196, 0.051, 0.7693], [0.0271, 0.0632, 0.072, 0.0584, 0.0387, 0.055, 0.6856], [0.0639, 0.0212, 0.0641, 0.0196, 0.0496, 0.0701, 0.7115], [0.0315, 0.0386, 0.0365, 0.0141, 0.013, 0.0486, 0.8177], [0.0473, 0.0529, 0.0254, 0.0161, 0.0544, 0.0513, 0.7526], [0.0469, 0.0619, 0.0169, 0.0258, 0.0391, 0.026, 0.7833], [0.0693, 0.0703, 0.0484, 0.0527, 0.0667, 0.0229, 0.6697], [0.0597, 0.0359, 0.0452, 0.0598, 0.0337, 0.0686, 0.697], [0.0798, 0.0387, 0.0641, 0.0209, 0.0773, 0.0766, 0.6427], [0.023, 0.0214, 0.0389, 0.0789, 0.0353, 0.0337, 0.7688]], "emotions": ["purple", "purple", "purple", "purple", "purple", "purple", "purple", "purple", "purple", "purple", "purple", "purple", "purple", "purple", "purple", "purple", "purple", "purple", "purple", "purple", "purple", "purple", "purple", "purple", "purple", "purple", "purple", "purple", "purple", "purple", "purple", "purple", "purple", "purple", "purple", "purple", "purple", "purple", "purple", "purple", "purple", "purple", "purple", "purple", "purple", "purple", "purple", "purple", "purple", "purple", "purple", "purple", "purple", "purple", "purple", "purple", "purple", "purple", "purple", "purple", "purple", "purple", "purple", "purple", "purple", "purple", "purple", "purple", "purple", "purple", "purple", "purple", "purple", "purple", "purple", "purple", "purple", "purple", "purple", "purple"], "timestamps": [0, 40, 80, 120, 160, 200, 240, 280, 320, 360, 400, 440, 480, 520, 560, 600, 640, 680, 720, 760, 800, 840, 880, 920, 960, 1000, 1040, 1080, 1120, 1160, 1200, 1240, 1280, 1320, 1360, 1400, 1440, 1480, 1520, 1560, 1600, 1640, 1680, 1720, 1760, 1800, 1840, 1880, 1920, 1960, 2000, 2040, 2080, 2120, 2160, 2200, 2240, 2280, 2320, 2360, 2400, 2440, 2480, 2520, 2560, 2600, 2640, 2680, 2720, 2760, 2800, 2840, 2880, 2920, 2960, 3000, 3040, 3080, 3120, 3160]}], "conversation": [], "conversation_timestamps": []}