{"agent_id": "agent-green-27", "type": "green", "trips": [{"trip_id": 0, "transport_method": "bicycle", "start_time": 0, "path": [[1.5433395, 42.5136007], [1.5440823, 42.5136024], [1.5437395, 42.5135697], [1.542995, 42.5135509], [1.5423279, 42.5134365], [1.5417301, 42.5131034], [1.5414446, 42.5127043], [1.5412872, 42.5124412], [1.5405575, 42.512394], [1.5398465, 42.5125323], [1.5393526, 42.5123659], [1.5393416, 42.5126006], [1.5388852, 42.5124292], [1.5381987, 42.5126762], [1.5374675, 42.51281], [1.5367453, 42.5129885], [1.5360606, 42.5130061], [1.5356905, 42.5124147], [1.5354901, 42.5125166], [1.5357435, 42.5125701], [1.5351672, 42.5120984], [1.534591, 42.5116266], [1.5339833, 42.5112473], [1.533494, 42.5106911], [1.5328616, 42.5103057], [1.5322669, 42.5098574], [1.5315604, 42.5096645], [1.5308642, 42.5094003], [1.5301604, 42.5092383], [1.5294509, 42.5090129], [1.5287369, 42.5088557], [1.5280434, 42.5085952], [1.5273426, 42.5083623], [1.5265985, 42.5083394], [1.5258656, 42.5082124], [1.5251587, 42.5079868], [1.5244362, 42.5078082], [1.5236948, 42.5077896], [1.5229725, 42.5077762], [1.5222306, 42.5077116], [1.5216063, 42.5075212], [1.520862, 42.5075012], [1.5201384, 42.5074071], [1.5194534, 42.5072218], [1.5188684, 42.5067927], [1.5187455, 42.5066993], [1.5181325, 42.5062764], [1.5174554, 42.506007], [1.5167838, 42.5058052], [1.5161153, 42.5054778], [1.515412, 42.5052335], [1.5149365, 42.5047051], [1.5147819, 42.5045229], [1.5142792, 42.5039773], [1.5137347, 42.5034757], [1.5132574, 42.5029145], [1.5126956, 42.5024312], [1.5120817, 42.5020107], [1.5114683, 42.5015937], [1.5108155, 42.5012386], [1.5101048, 42.5010206], [1.5094672, 42.5006401], [1.5087967, 42.5003161], [1.5081224, 42.5000003], [1.5074756, 42.4996426], [1.5068007, 42.499328], [1.5061297, 42.4990051], [1.5054701, 42.4986594], [1.5047906, 42.4983553], [1.5041086, 42.4980565], [1.5034431, 42.4977223], [1.5027627, 42.4974204], [1.5021109, 42.4970646], [1.501437, 42.4967668], [1.5009298, 42.4965749], [1.5005874, 42.4963801], [1.4999374, 42.4960184], [1.4992769, 42.4956745], [1.4986336, 42.4953018], [1.4980062, 42.4953249]], "mood_vectors": [[0.0871, 0.0299, 0.0862, 0.0152, 0.0322, 0.0879, 0.6616], [0.0692, 0.0492, 0.0279, 0.0218, 0.0911, 0.0973, 0.6434], [0.014, 0.036, 0.0661, 0.0714, 0.0367, 0.0714, 0.7043], [0.0841, 0.0167, 0.0323, 0.0452, 0.0257, 0.0594, 0.7367], [0.0175, 0.0577, 0.0729, 0.0732, 0.036, 0.0156, 0.727], [0.0268, 0.0349, 0.0691, 0.0652, 0.0542, 0.0377, 0.7122], [0.0225, 0.0241, 0.0684, 0.0373, 0.0405, 0.0675, 0.7397], [0.0301, 0.0679, 0.0593, 0.0774, 0.0645, 0.0789, 0.6218], [0.0551, 0.0176, 0.0447, 0.0446, 0.069, 0.0135, 0.7555], [0.0494, 0.0555, 0.0172, 0.0513, 0.0373, 0.0524, 0.7369], [0.0569, 0.0534, 0.0478, 0.0354, 0.0251, 0.0471, 0.7343], [0.0621, 0.079, 0.0314, 0.0439, 0.0787, 0.0739, 0.6311], [0.0288, 0.0295, 0.0799, 0.08, 0.0144, 0.0613, 0.706], [0.0361, 0.0566, 0.0452, 0.0132, 0.0778, 0.0294, 0.7417], [0.0371, 0.0571, 0.0561, 0.0444, 0.0642, 0.0379, 0.7032], [0.0786, 0.0603, 0.0753, 0.0735, 0.0341, 0.0249, 0.6533], [0.0478, 0.0757, 0.0286, 0.0362, 0.0585, 0.0617, 0.6915], [0.0568, 0.102, 0.0279, 0.0327, 0.043, 0.018, 0.7196], [0.0363, 0.0732, 0.0572, 0.0806, 0.0491, 0.0715, 0.6322], [0.0217, 0.067, 0.0378, 0.0385, 0.033, 0.0431, 0.7588], [0.0157, 0.0904, 0.0386, 0.0354, 0.0822, 0.0658, 0.6719], [0.021, 0.0711, 0.0159, 0.0605, 0.0313, 0.0515, 0.7488], [0.0247, 0.0445, 0.0216, 0.072, 0.0804, 0.029, 0.7277], [0.0414, 0.0589, 0.0446, 0.0194, 0.0767, 0.0765, 0.6825], [0.0634, 0.0468, 0.0492, 0.0369, 0.0236, 0.0775, 0.7026], [0.0413, 0.073, 0.0488, 0.0327, 0.0253, 0.0662, 0.7126], [0.0249, 0.0766, 0.0488, 0.0455, 0.0315, 0.0615, 0.7112], [0.02, 0.0258, 0.0809, 0.0741, 0.0787, 0.0603, 0.6603], [0.0367, 0.0657, 0.0227, 0.0775, 0.0455, 0.0216, 0.7303], [0.0436, 0.0275, 0.0129, 0.0339, 0.0174, 0.0756, 0.7892], [0.041, 0.025, 0.0475, 0.0551, 0.015, 0.0864, 0.7301], [0.092, 0.0162, 0.0869, 0.052, 0.0679, 0.0716, 0.6134], [0.0435, 0.07, 0.025, 0.0409, 0.0533, 0.0272, 0.74], [0.0812, 0.0333, 0.049, 0.0844, 0.0747, 0.0574, 0.62], [0.0255, 0.0481, 0.0453, 0.0774, 0.0605, 0.0493, 0.6939], [0.0602, 0.0551, 0.0592, 0.0483, 0.0306, 0.0218, 0.7248], [0.0641, 0.0662, 0.0548, 0.0694, 0.0203, 0.0205, 0.7046], [0.0274, 0.0545, 0.0738, 0.0536, 0.0237, 0.0316, 0.7354], [0.0821, 0.0783, 0.0321, 0.043, 0.0244, 0.0487, 0.6915], [0.0153, 0.0428, 0.0816, 0.0546, 0.0476, 0.0515, 0.7066], [0.0941, 0.0778, 0.0814, 0.0833, 0.0306, 0.0172, 0.6156], [0.0386, 0.0357, 0.0694, 0.0679, 0.0494, 0.0726, 0.6665], [0.0685, 0.053, 0.0686, 0.04, 0.0583, 0.0484, 0.6633], [0.0495, 0.03, 0.0402, 0.0259, 0.043, 0.0303, 0.7811], [0.0924, 0.0939, 0.0939, 0.0252, 0.0268, 0.0718, 0.596], [0.0539, 0.0293, 0.0223, 0.0506, 0.0582, 0.0631, 0.7226], [0.0789, 0.0544, 0.0239, 0.0614, 0.0355, 0.0153, 0.7306], [0.0802, 0.0349, 0.0372, 0.0149, 0.0385, 0.0692, 0.725], [0.0838, 0.0334, 0.083, 0.0229, 0.018, 0.0458, 0.7131], [0.0771, 0.0134, 0.0648, 0.0307, 0.0563, 0.0366, 0.7211], [0.0257, 0.0861, 0.0195, 0.0768, 0.0278, 0.0675, 0.6966], [0.0431, 0.0561, 0.0675, 0.0627, 0.0421, 0.0366, 0.692], [0.039, 0.0309, 0.0177, 0.0252, 0.0585, 0.0173, 0.8115], [0.032, 0.018, 0.0687, 0.0618, 0.0366, 0.0323, 0.7507], [0.0601, 0.0439, 0.0931, 0.0613, 0.0499, 0.0536, 0.638], [0.0648, 0.0654, 0.0124, 0.0224, 0.0764, 0.0557, 0.7029], [0.0519, 0.0237, 0.0648, 0.0248, 0.0188, 0.0288, 0.7873], [0.0777, 0.057, 0.0456, 0.0531, 0.0449, 0.0147, 0.7071], [0.0182, 0.0448, 0.08, 0.03, 0.0728, 0.0869, 0.6673], [0.0391, 0.0655, 0.0441, 0.0356, 0.0523, 0.049, 0.7144], [0.0409, 0.0282, 0.0561, 0.0261, 0.0556, 0.0515, 0.7416], [0.0273, 0.0569, 0.0589, 0.0406, 0.0352, 0.0146, 0.7665], [0.0722, 0.0486, 0.0387, 0.0302, 0.0315, 0.0729, 0.7058], [0.0457, 0.0862, 0.0389, 0.0398, 0.0714, 0.0855, 0.6325], [0.0165, 0.0234, 0.0864, 0.048, 0.036, 0.0542, 0.7356], [0.0318, 0.0421, 0.0422, 0.0326, 0.0758, 0.0401, 0.7354], [0.0523, 0.1021, 0.0374, 0.0439, 0.0167, 0.0362, 0.7114], [0.0342, 0.0707, 0.0517, 0.0411, 0.0555, 0.033, 0.7137], [0.0839, 0.0585, 0.042, 0.0589, 0.0437, 0.039, 0.674], [0.0517, 0.0143, 0.0437, 0.0226, 0.0569, 0.0515, 0.7593], [0.0284, 0.0173, 0.034, 0.0323, 0.0489, 0.0719, 0.7673], [0.0507, 0.0336, 0.0292, 0.0537, 0.027, 0.0742, 0.7316], [0.0895, 0.037, 0.0313, 0.0707, 0.0769, 0.0774, 0.6172], [0.0515, 0.0538, 0.0287, 0.0541, 0.0699, 0.0777, 0.6642], [0.0325, 0.0533, 0.0314, 0.0415, 0.0132, 0.0666, 0.7615], [0.0286, 0.0331, 0.0644, 0.0565, 0.025, 0.0753, 0.7171], [0.057, 0.0756, 0.0621, 0.0805, 0.0575, 0.0845, 0.5828], [0.0742, 0.0762, 0.0607, 0.0401, 0.0149, 0.0223, 0.7116], [0.0511, 0.0371, 0.0807, 0.0407, 0.0359, 0.0694, 0.685], [0.0691, 0.0213, 0.0675, 0.0146, 0.0126, 0.0335, 0.7814]], "emotions": ["purple", "purple", "purple", "purple", "purple", "purple", "purple", "purple", "purple", "purple", "purple", "purple", "purple", "purple", "purple", "purple", "purple", "purple", "purple", "purple", "purple", "purple", "purple", "purple", "purple", "purple", "purple", "purple", "purple", "purple", "purple", "purple", "purple", "purple", "purple", "purple", "purple", "purple", "purple", "purple", "purple", "purple", "purple", "purple", "purple", "purple", "purple", "purple", "purple", "purple", "purple", "purple", "purple", "purple", "purple", "purple", "purple", "purple", "purple", "purple", "purple", "purple", "purple", "purple", "purple", "purple", "purple", "purple", "purple", "purple", "purple", "purple", "purple", "purple", "purple", "purple", "purple", "purple", "purple", "purple"], "timestamps": [0, 40, 80, 120, 160, 200, 240, 280, 320, 360, 400, 440, 480, 520, 560, 600, 640, 680, 720, 760, 800, 840, 880, 920, 960, 1000, 1040, 1080, 1120, 1160, 1200, 1240, 1280, 1320, 1360, 1400, 1440, 1480, 1520, 1560, 1600, 1640, 1680, 1720, 1760, 1800, 1840, 1880, 1920, 1960, 2000, 2040, 2080, 2120, 2160, 2200, 2240, 2280, 2320, 2360, 2400, 2440, 2480, 2520, 2560, 2600, 2640, 2680, 2720, 2760, 2800, 2840, 2880, 2920, 2960, 3000, 3040, 3080, 3120, 3160]}], "conversation": [], "conversation_timestamps": []}