{"agent_id": "agent-purple-719", "type": "purple", "trips": [{"trip_id": 0, "transport_method": "foot", "start_time": 0, "path": [[1.4907419, 42.4391943], [1.4900483, 42.4404894], [1.4894527, 42.441471], [1.4897684, 42.4428154], [1.4889691, 42.4439077], [1.4884668, 42.445291], [1.4886268, 42.4448841], [1.4880934, 42.4448301], [1.4881736, 42.4433846], [1.487654, 42.4431082], [1.4868872, 42.4442889], [1.4862752, 42.4456334], [1.4861101, 42.4469397], [1.4867177, 42.4478192], [1.4856904, 42.448776], [1.4865681, 42.4499079], [1.486637, 42.4510805], [1.4865827, 42.4523877], [1.4869938, 42.4537351], [1.4866822, 42.4551737], [1.4866047, 42.4555828], [1.4866586, 42.4562863], [1.4872723, 42.4576176], [1.4882437, 42.4587131], [1.4891335, 42.4599031], [1.4899634, 42.4611314], [1.4902878, 42.4615224], [1.4911151, 42.4625342], [1.4908159, 42.4639421], [1.491295, 42.4653053], [1.4918349, 42.4664091], [1.4915578, 42.4676865], [1.4919489, 42.4691145], [1.4918904, 42.4705677], [1.4912133, 42.4718901], [1.4905687, 42.4732253], [1.4907779, 42.4746569], [1.4907985, 42.4761268], [1.4904638, 42.4775381], [1.490231, 42.4790065], [1.4899982, 42.4804749], [1.4897654, 42.4819429], [1.489432, 42.4805115], [1.4895774, 42.4790612], [1.4903426, 42.4777876], [1.490623, 42.4765778], [1.4905056, 42.4780599], [1.4903882, 42.4795419], [1.4902708, 42.481024], [1.4901534, 42.4825061], [1.4908299, 42.483808], [1.4918384, 42.4847387], [1.4931759, 42.4852278], [1.4943402, 42.4861438], [1.4946664, 42.4875185], [1.4952365, 42.4888219], [1.4961917, 42.4899596], [1.4966132, 42.4913053], [1.4978656, 42.4921054], [1.49918, 42.4927998], [1.5003663, 42.4936915], [1.5014924, 42.4945404], [1.5028344, 42.49518], [1.5042206, 42.4957059], [1.5055724, 42.4963125], [1.5069779, 42.4967968], [1.5083553, 42.4973528], [1.5096907, 42.4980061], [1.5107941, 42.4989643], [1.511716, 42.5001307], [1.5126092, 42.5013192], [1.5137686, 42.5022133], [1.5132552, 42.5016302], [1.5138713, 42.5021336], [1.5152028, 42.5025381], [1.5165044, 42.503192], [1.517169, 42.5029271], [1.5181018, 42.501844], [1.5191763, 42.5010284], [1.5203244, 42.5017848]], "mood_vectors": [[0.0705, 0.0108, 0.0299, 0.0527, 0.0699, 0.6938, 0.0725], [0.0339, 0.0282, 0.062, 0.0627, 0.0542, 0.7164, 0.0426], [0.0438, 0.0714, 0.0454, 0.0511, 0.0528, 0.6997, 0.0358], [0.0404, 0.0457, 0.0467, 0.0585, 0.0511, 0.6935, 0.0642], [0.0684, 0.0338, 0.0571, 0.0306, 0.076, 0.7159, 0.0183], [0.0449, 0.0364, 0.0493, 0.0193, 0.0279, 0.7696, 0.0525], [0.0394, 0.0353, 0.0872, 0.0683, 0.0702, 0.6767, 0.0229], [0.0322, 0.0208, 0.0881, 0.0542, 0.0675, 0.672, 0.0653], [0.0169, 0.0291, 0.0271, 0.0191, 0.042, 0.8183, 0.0475], [0.0137, 0.0702, 0.0299, 0.0821, 0.0709, 0.7117, 0.0215], [0.0309, 0.0427, 0.045, 0.0238, 0.0305, 0.7481, 0.0789], [0.0292, 0.0855, 0.058, 0.0125, 0.0192, 0.7524, 0.0433], [0.0671, 0.0682, 0.0481, 0.0895, 0.0447, 0.6089, 0.0735], [0.0498, 0.0689, 0.0145, 0.0149, 0.0504, 0.7116, 0.0898], [0.0393, 0.0563, 0.091, 0.0436, 0.021, 0.7261, 0.0227], [0.0622, 0.0166, 0.0856, 0.0202, 0.0704, 0.6554, 0.0896], [0.0536, 0.0552, 0.0317, 0.0158, 0.0287, 0.7392, 0.0758], [0.0869, 0.073, 0.03, 0.022, 0.086, 0.6235, 0.0787], [0.0212, 0.0399, 0.0738, 0.0281, 0.0223, 0.7419, 0.0728], [0.043, 0.0151, 0.0596, 0.0273, 0.0407, 0.7988, 0.0154], [0.0568, 0.0488, 0.0482, 0.0645, 0.0634, 0.667, 0.0513], [0.0241, 0.0229, 0.0359, 0.0346, 0.0799, 0.7292, 0.0732], [0.0202, 0.0464, 0.0229, 0.0838, 0.0766, 0.6568, 0.0932], [0.0556, 0.0562, 0.0718, 0.0656, 0.0248, 0.6681, 0.0579], [0.0126, 0.0728, 0.0684, 0.0176, 0.0615, 0.7197, 0.0473], [0.0288, 0.0398, 0.0806, 0.0565, 0.0332, 0.6713, 0.0898], [0.0937, 0.0492, 0.085, 0.0362, 0.0862, 0.5974, 0.0523], [0.0791, 0.0153, 0.0379, 0.0372, 0.0229, 0.7946, 0.0131], [0.0317, 0.0232, 0.0798, 0.0427, 0.0131, 0.7888, 0.0207], [0.0347, 0.0685, 0.0476, 0.0859, 0.0222, 0.6881, 0.0531], [0.0484, 0.0772, 0.0653, 0.0319, 0.091, 0.6477, 0.0385], [0.0621, 0.0497, 0.0224, 0.0509, 0.0317, 0.7565, 0.0267], [0.0565, 0.0875, 0.0142, 0.0263, 0.0788, 0.7034, 0.0334], [0.0575, 0.0896, 0.0427, 0.0239, 0.0187, 0.7262, 0.0414], [0.0138, 0.0548, 0.0145, 0.0174, 0.0172, 0.8025, 0.0799], [0.0788, 0.0203, 0.0268, 0.081, 0.0228, 0.7305, 0.0398], [0.0651, 0.0605, 0.0925, 0.0488, 0.0519, 0.6135, 0.0677], [0.0935, 0.0502, 0.0689, 0.0427, 0.0314, 0.6954, 0.018], [0.082, 0.0183, 0.0361, 0.0466, 0.034, 0.7587, 0.0243], [0.0639, 0.0615, 0.067, 0.0547, 0.0927, 0.6338, 0.0264], [0.0259, 0.0369, 0.0639, 0.0936, 0.0864, 0.6763, 0.017], [0.0315, 0.0475, 0.1075, 0.0176, 0.0252, 0.7241, 0.0465], [0.0571, 0.0525, 0.0161, 0.062, 0.0423, 0.7222, 0.0479], [0.0653, 0.0238, 0.019, 0.07, 0.0366, 0.7461, 0.0394], [0.0568, 0.0652, 0.0681, 0.0187, 0.0363, 0.732, 0.0229], [0.0389, 0.0194, 0.0882, 0.0395, 0.0709, 0.6431, 0.0999], [0.0236, 0.0669, 0.0477, 0.0269, 0.034, 0.7425, 0.0584], [0.0662, 0.0848, 0.0521, 0.0261, 0.0449, 0.6437, 0.0821], [0.0475, 0.0616, 0.043, 0.0266, 0.0394, 0.7424, 0.0394], [0.0653, 0.0646, 0.0539, 0.0508, 0.0545, 0.6605, 0.0504], [0.0615, 0.0274, 0.0534, 0.0786, 0.0621, 0.6446, 0.0724], [0.0358, 0.0829, 0.0397, 0.0383, 0.0944, 0.6612, 0.0475], [0.0125, 0.074, 0.0733, 0.0362, 0.0627, 0.6611, 0.0802], [0.0406, 0.0902, 0.0262, 0.0893, 0.0375, 0.6549, 0.0612], [0.0243, 0.0738, 0.0164, 0.0599, 0.0564, 0.7408, 0.0283], [0.0514, 0.0559, 0.0727, 0.0246, 0.0304, 0.7279, 0.0371], [0.0823, 0.0509, 0.0634, 0.0256, 0.0829, 0.6784, 0.0165], [0.0373, 0.0182, 0.0608, 0.0179, 0.0708, 0.7142, 0.0808], [0.0536, 0.0228, 0.0784, 0.0263, 0.0471, 0.7045, 0.0673], [0.049, 0.0846, 0.0623, 0.0609, 0.0587, 0.6021, 0.0824], [0.0605, 0.078, 0.0713, 0.0764, 0.0604, 0.5882, 0.0652], [0.0178, 0.0652, 0.068, 0.0652, 0.028, 0.6919, 0.0638], [0.0209, 0.0702, 0.0174, 0.0737, 0.0732, 0.7257, 0.0188], [0.021, 0.0575, 0.0701, 0.0711, 0.0792, 0.6505, 0.0506], [0.0788, 0.0348, 0.0379, 0.0375, 0.0492, 0.6835, 0.0783], [0.0464, 0.0398, 0.0785, 0.021, 0.0309, 0.7507, 0.0326], [0.0282, 0.0236, 0.0632, 0.0781, 0.0747, 0.6998, 0.0324], [0.0358, 0.0796, 0.0593, 0.0591, 0.0251, 0.6452, 0.0958], [0.0572, 0.0762, 0.0628, 0.0408, 0.0466, 0.6923, 0.0241], [0.0256, 0.0217, 0.0818, 0.0247, 0.0906, 0.7223, 0.0334], [0.0268, 0.0913, 0.0199, 0.016, 0.0666, 0.7034, 0.076], [0.0347, 0.0433, 0.053, 0.0776, 0.0206, 0.666, 0.1048], [0.0752, 0.0143, 0.0141, 0.0683, 0.0254, 0.7231, 0.0795], [0.0641, 0.0118, 0.0726, 0.0635, 0.0627, 0.6729, 0.0524], [0.07, 0.065, 0.054, 0.0649, 0.0294, 0.6729, 0.0438], [0.023, 0.0688, 0.0262, 0.048, 0.072, 0.7494, 0.0126], [0.035, 0.0823, 0.0692, 0.0812, 0.0348, 0.6409, 0.0565], [0.0501, 0.0624, 0.0513, 0.0429, 0.046, 0.733, 0.0143], [0.0241, 0.055, 0.0391, 0.0501, 0.0426, 0.7604, 0.0288], [0.0473, 0.0256, 0.0597, 0.0219, 0.0765, 0.7456, 0.0233]], "emotions": ["purple", "purple", "purple", "purple", "purple", "purple", "purple", "purple", "purple", "purple", "purple", "purple", "purple", "purple", "purple", "purple", "purple", "purple", "purple", "purple", "purple", "purple", "purple", "purple", "purple", "purple", "purple", "purple", "purple", "purple", "purple", "purple", "purple", "purple", "purple", "purple", "purple", "purple", "purple", "purple", "purple", "purple", "purple", "purple", "purple", "purple", "purple", "purple", "purple", "purple", "purple", "purple", "purple", "purple", "purple", "purple", "purple", "purple", "purple", "purple", "purple", "purple", "purple", "purple", "purple", "purple", "purple", "purple", "purple", "purple", "purple", "purple", "purple", "purple", "purple", "purple", "purple", "purple", "purple", "purple"], "timestamps": [0, 40, 80, 120, 160, 200, 240, 280, 320, 360, 400, 440, 480, 520, 560, 600, 640, 680, 720, 760, 800, 840, 880, 920, 960, 1000, 1040, 1080, 1120, 1160, 1200, 1240, 1280, 1320, 1360, 1400, 1440, 1480, 1520, 1560, 1600, 1640, 1680, 1720, 1760, 1800, 1840, 1880, 1920, 1960, 2000, 2040, 2080, 2120, 2160, 2200, 2240, 2280, 2320, 2360, 2400, 2440, 2480, 2520, 2560, 2600, 2640, 2680, 2720, 2760, 2800, 2840, 2880, 2920, 2960, 3000, 3040, 3080, 3120, 3160]}], "conversation": [], "conversation_timestamps": []}