{"agent_id": "agent-blue-120", "type": "blue", "trips": [{"trip_id": 0, "transport_method": "car", "start_time": 0, "path": [[1.5254545, 42.5074856], [1.5264238, 42.5077811], [1.5273538, 42.5081118], [1.5283581, 42.5084355], [1.529171, 42.508939], [1.5295816, 42.5090628], [1.5306414, 42.5093542], [1.5316859, 42.5097075], [1.5327482, 42.5099724], [1.5337893, 42.5098922], [1.5348994, 42.5099073], [1.536011, 42.5099424], [1.5371124, 42.5100294], [1.5382255, 42.5100511], [1.5392414, 42.5101803], [1.540196, 42.509649], [1.5411766, 42.5091862], [1.5422, 42.5088907], [1.5425484, 42.5089118], [1.5436471, 42.509075], [1.544716, 42.5093173], [1.5457952, 42.509531], [1.5454727, 42.5094026], [1.5462898, 42.5097864], [1.5463998, 42.5106513], [1.5472995, 42.5112204], [1.5483797, 42.5114911], [1.5494607, 42.5117587], [1.5499768, 42.5119606], [1.5500391, 42.5119863], [1.550989, 42.5125474], [1.5513809, 42.5129296], [1.5513623, 42.5128294], [1.5523001, 42.513419], [1.5525812, 42.5137129], [1.552732, 42.5147793], [1.553312, 42.5157196], [1.5536816, 42.5167665], [1.5544072, 42.5176002], [1.5553464, 42.5181828], [1.5562456, 42.5186986], [1.5569306, 42.5195625], [1.5576734, 42.5203427], [1.5584821, 42.5211081], [1.5593332, 42.5218261], [1.5594122, 42.5218501], [1.5601741, 42.5224289], [1.5611272, 42.5229928], [1.5619813, 42.5237035], [1.5627384, 42.5245093], [1.5637845, 42.5248813], [1.5647989, 42.5252541], [1.5658369, 42.5256536], [1.5667703, 42.526254], [1.5676497, 42.5269373], [1.5686369, 42.527447], [1.5695655, 42.5280433], [1.570496, 42.5286552], [1.5713345, 42.5293775], [1.5723795, 42.5293479], [1.5731769, 42.5297378], [1.5737916, 42.5306546], [1.5747389, 42.5312292], [1.575812, 42.5315156], [1.5769111, 42.5316931], [1.5780214, 42.5317728], [1.5783434, 42.5317992], [1.5775189, 42.5317436], [1.5786326, 42.5317466], [1.5797464, 42.5317496], [1.5808599, 42.5317332], [1.5819728, 42.5316899], [1.5830699, 42.531836], [1.5840213, 42.5324054], [1.5848382, 42.5331616], [1.5857419, 42.5337794], [1.5866807, 42.5343671], [1.587658, 42.5348985], [1.5884544, 42.5356149], [1.5892444, 42.5362599]], "mood_vectors": [[0.0419, 0.0514, 0.0797, 0.7419, 0.0202, 0.0424, 0.0226], [0.0596, 0.0427, 0.076, 0.7334, 0.0316, 0.0157, 0.041], [0.0518, 0.0901, 0.0878, 0.6597, 0.0224, 0.0682, 0.0201], [0.0484, 0.0469, 0.0441, 0.6981, 0.0405, 0.0756, 0.0465], [0.0673, 0.0407, 0.0657, 0.6736, 0.036, 0.0545, 0.0622], [0.0165, 0.0718, 0.0806, 0.6805, 0.0702, 0.0408, 0.0397], [0.0294, 0.0777, 0.051, 0.7311, 0.0427, 0.0325, 0.0355], [0.0859, 0.0749, 0.0562, 0.6352, 0.0255, 0.0857, 0.0366], [0.0344, 0.0404, 0.0333, 0.6907, 0.078, 0.0738, 0.0495], [0.0694, 0.0392, 0.0281, 0.6778, 0.0787, 0.0234, 0.0834], [0.0578, 0.0402, 0.0447, 0.6886, 0.0232, 0.0589, 0.0866], [0.0284, 0.0127, 0.0369, 0.7654, 0.0845, 0.0289, 0.0431], [0.0783, 0.0519, 0.0446, 0.7017, 0.0661, 0.0451, 0.0124], [0.0673, 0.0579, 0.0698, 0.698, 0.0379, 0.0455, 0.0235], [0.0618, 0.0656, 0.0322, 0.6813, 0.0439, 0.0481, 0.0671], [0.065, 0.0583, 0.0641, 0.6958, 0.0743, 0.03, 0.0125], [0.0569, 0.0324, 0.0743, 0.6755, 0.0624, 0.0607, 0.0378], [0.0637, 0.0425, 0.044, 0.7273, 0.0479, 0.0496, 0.0249], [0.053, 0.0547, 0.0514, 0.7243, 0.03, 0.07, 0.0167], [0.0706, 0.0192, 0.0278, 0.7236, 0.015, 0.0772, 0.0665], [0.0316, 0.016, 0.0606, 0.7238, 0.0708, 0.0663, 0.031], [0.0174, 0.0178, 0.0571, 0.8074, 0.0423, 0.0295, 0.0285], [0.0193, 0.0497, 0.0661, 0.7049, 0.0724, 0.0164, 0.0713], [0.0269, 0.032, 0.0195, 0.7702, 0.0638, 0.0295, 0.0581], [0.0533, 0.0355, 0.036, 0.77, 0.0709, 0.0223, 0.012], [0.0442, 0.0695, 0.0388, 0.6724, 0.0486, 0.055, 0.0715], [0.068, 0.0782, 0.012, 0.6948, 0.0721, 0.0313, 0.0437], [0.0367, 0.0735, 0.0166, 0.711, 0.0425, 0.0353, 0.0845], [0.0725, 0.0461, 0.0713, 0.6605, 0.0241, 0.0625, 0.0631], [0.0268, 0.0481, 0.0375, 0.7112, 0.0813, 0.0615, 0.0336], [0.0652, 0.0181, 0.1035, 0.703, 0.0542, 0.0317, 0.0244], [0.0402, 0.0393, 0.0242, 0.7333, 0.0628, 0.0545, 0.0458], [0.0544, 0.0696, 0.0228, 0.6779, 0.068, 0.0585, 0.0488], [0.0589, 0.0474, 0.0645, 0.6431, 0.0758, 0.0676, 0.0426], [0.0522, 0.0459, 0.0748, 0.6348, 0.0767, 0.053, 0.0627], [0.0536, 0.0469, 0.0264, 0.7201, 0.0441, 0.0586, 0.0503], [0.0525, 0.0694, 0.0256, 0.7451, 0.0327, 0.0153, 0.0593], [0.0709, 0.0791, 0.0698, 0.6392, 0.0571, 0.0558, 0.0281], [0.0721, 0.0464, 0.0176, 0.7063, 0.0646, 0.0372, 0.0558], [0.0191, 0.08, 0.0831, 0.6468, 0.0682, 0.0231, 0.0798], [0.0361, 0.0648, 0.0188, 0.7028, 0.0637, 0.0766, 0.0371], [0.0471, 0.0514, 0.0797, 0.7074, 0.0339, 0.0595, 0.0211], [0.0307, 0.0554, 0.0638, 0.6696, 0.0701, 0.0652, 0.0452], [0.0662, 0.0815, 0.0313, 0.7186, 0.0686, 0.0182, 0.0157], [0.0715, 0.0549, 0.0148, 0.7387, 0.0263, 0.0765, 0.0172], [0.0531, 0.0176, 0.0675, 0.6957, 0.0823, 0.0456, 0.0383], [0.055, 0.0828, 0.0196, 0.6751, 0.0417, 0.0888, 0.037], [0.0361, 0.0901, 0.0782, 0.6741, 0.0383, 0.0585, 0.0247], [0.0164, 0.0417, 0.0692, 0.6903, 0.0468, 0.067, 0.0685], [0.0662, 0.0402, 0.0729, 0.6903, 0.0718, 0.0123, 0.0462], [0.0739, 0.0209, 0.0685, 0.7353, 0.0229, 0.0469, 0.0316], [0.025, 0.0274, 0.0731, 0.7284, 0.0555, 0.0569, 0.0337], [0.0535, 0.0165, 0.0738, 0.7278, 0.0699, 0.0131, 0.0454], [0.0747, 0.0659, 0.0157, 0.7531, 0.0123, 0.0459, 0.0324], [0.0701, 0.052, 0.0167, 0.7694, 0.0142, 0.0584, 0.0193], [0.0774, 0.0649, 0.0692, 0.6411, 0.0524, 0.0789, 0.0162], [0.0608, 0.03, 0.0699, 0.6686, 0.0552, 0.0549, 0.0606], [0.0527, 0.0715, 0.0541, 0.6548, 0.0585, 0.0501, 0.0584], [0.019, 0.0431, 0.0285, 0.6674, 0.0944, 0.1016, 0.0459], [0.0256, 0.0595, 0.0626, 0.6595, 0.0671, 0.0844, 0.0413], [0.0629, 0.0456, 0.0531, 0.6252, 0.0805, 0.0569, 0.0759], [0.0237, 0.0433, 0.0867, 0.7415, 0.0231, 0.0241, 0.0576], [0.081, 0.0736, 0.0414, 0.7047, 0.0153, 0.0174, 0.0665], [0.0504, 0.1051, 0.0444, 0.6952, 0.0359, 0.0419, 0.0271], [0.0329, 0.046, 0.0218, 0.77, 0.0736, 0.0393, 0.0165], [0.096, 0.0247, 0.03, 0.6723, 0.059, 0.0531, 0.065], [0.0408, 0.0228, 0.0756, 0.7619, 0.0121, 0.0589, 0.0278], [0.0352, 0.0423, 0.0823, 0.6994, 0.0786, 0.0388, 0.0234], [0.014, 0.0692, 0.0213, 0.7835, 0.0164, 0.0538, 0.0419], [0.0592, 0.0262, 0.0336, 0.6861, 0.0947, 0.0855, 0.0147], [0.0435, 0.0885, 0.0201, 0.7273, 0.0201, 0.0578, 0.0427], [0.082, 0.0581, 0.0433, 0.66, 0.0287, 0.046, 0.0819], [0.0227, 0.0699, 0.0712, 0.6924, 0.0692, 0.0322, 0.0423], [0.04, 0.045, 0.0434, 0.7114, 0.0759, 0.0434, 0.0408], [0.0321, 0.025, 0.0357, 0.7683, 0.0472, 0.0491, 0.0426], [0.026, 0.0197, 0.0876, 0.7664, 0.0475, 0.0268, 0.026], [0.0454, 0.0765, 0.0739, 0.6867, 0.0249, 0.0164, 0.0763], [0.0585, 0.0699, 0.0354, 0.6664, 0.0496, 0.0673, 0.053], [0.0668, 0.0191, 0.0414, 0.6874, 0.0664, 0.0585, 0.0605], [0.023, 0.059, 0.0276, 0.7231, 0.0241, 0.0778, 0.0654]], "emotions": ["green", "green", "green", "green", "green", "green", "green", "green", "green", "green", "green", "green", "green", "green", "green", "green", "green", "green", "green", "green", "green", "green", "green", "green", "green", "green", "green", "green", "green", "green", "green", "green", "green", "green", "green", "green", "green", "green", "green", "green", "green", "green", "green", "green", "green", "green", "green", "green", "green", "green", "green", "green", "green", "green", "green", "green", "green", "green", "green", "green", "green", "green", "green", "green", "green", "green", "green", "green", "green", "green", "green", "green", "green", "green", "green", "green", "green", "green", "green", "green"], "timestamps": [0, 40, 80, 120, 160, 200, 240, 280, 320, 360, 400, 440, 480, 520, 560, 600, 640, 680, 720, 760, 800, 840, 880, 920, 960, 1000, 1040, 1080, 1120, 1160, 1200, 1240, 1280, 1320, 1360, 1400, 1440, 1480, 1520, 1560, 1600, 1640, 1680, 1720, 1760, 1800, 1840, 1880, 1920, 1960, 2000, 2040, 2080, 2120, 2160, 2200, 2240, 2280, 2320, 2360, 2400, 2440, 2480, 2520, 2560, 2600, 2640, 2680, 2720, 2760, 2800, 2840, 2880, 2920, 2960, 3000, 3040, 3080, 3120, 3160]}], "conversation": [], "conversation_timestamps": []}