{"agent_id": "agent-red-746", "type": "red", "trips": [{"trip_id": 0, "transport_method": "car", "start_time": 0, "path": [[1.5330188, 42.5566586], [1.53296, 42.5556052], [1.5321717, 42.5556626], [1.5308865, 42.5554869], [1.5296812, 42.5549301], [1.5288041, 42.553945], [1.5278779, 42.5530097], [1.5268847, 42.5521283], [1.5271019, 42.5523396], [1.5281469, 42.5531574], [1.5282365, 42.5532472], [1.527337, 42.5522704], [1.5264636, 42.5512944], [1.5261111, 42.5502502], [1.5254747, 42.5490873], [1.5248977, 42.5479291], [1.5247224, 42.5466726], [1.5244478, 42.5458268], [1.5238371, 42.5446645], [1.5234656, 42.5439586], [1.5229886, 42.5429106], [1.5229179, 42.5416228], [1.5234976, 42.5406607], [1.5232209, 42.539924], [1.5231201, 42.5386074], [1.5239824, 42.5377772], [1.5251967, 42.5374899], [1.524667, 42.5367575], [1.5233971, 42.5364153], [1.5225367, 42.5355253], [1.5215813, 42.5346615], [1.5207804, 42.533692], [1.5213612, 42.5326691], [1.5209212, 42.5314718], [1.5212668, 42.5304015], [1.5219981, 42.5293607], [1.5211211, 42.5284805], [1.5206344, 42.5273159], [1.5207422, 42.5259923], [1.5206548, 42.5264342], [1.5206395, 42.5271885], [1.5207216, 42.5258631], [1.520694, 42.5245632], [1.52145, 42.5234805], [1.5220291, 42.522301], [1.5230524, 42.5214703], [1.5236288, 42.5202966], [1.5237482, 42.5202184], [1.5234825, 42.5207657], [1.5239732, 42.5195318], [1.5247014, 42.5185337], [1.5257001, 42.5176754], [1.5268101, 42.517059], [1.5279633, 42.5164521], [1.5290032, 42.5156663], [1.5298928, 42.5147127], [1.5302969, 42.5136354], [1.5308556, 42.5124613], [1.5302525, 42.5116066], [1.5295119, 42.5107705], [1.5289153, 42.5097473], [1.5290069, 42.5098009], [1.5288447, 42.5096861], [1.5278639, 42.5087929], [1.5265981, 42.5085038], [1.5254021, 42.5080655], [1.5241115, 42.5077722], [1.5228072, 42.5077618], [1.5216019, 42.5075212], [1.520295, 42.5073961], [1.5190724, 42.5070318], [1.5185276, 42.506549], [1.5173993, 42.5059665], [1.5161695, 42.5054992], [1.5150425, 42.5048957], [1.5145583, 42.504237], [1.5136052, 42.5033214], [1.5126627, 42.5024077], [1.5115711, 42.5016576], [1.5104004, 42.5014492]], "mood_vectors": [[0.7098, 0.0366, 0.0439, 0.0561, 0.0332, 0.0588, 0.0616], [0.6668, 0.0533, 0.0469, 0.0298, 0.0717, 0.0706, 0.0609], [0.7273, 0.0146, 0.0228, 0.0322, 0.0935, 0.0941, 0.0154], [0.6957, 0.0865, 0.0352, 0.0218, 0.0749, 0.0359, 0.0502], [0.6721, 0.0578, 0.0387, 0.0485, 0.0471, 0.0692, 0.0666], [0.6811, 0.0453, 0.0812, 0.0727, 0.0413, 0.0396, 0.0387], [0.7404, 0.0535, 0.0188, 0.0143, 0.066, 0.0357, 0.0714], [0.6239, 0.0298, 0.0536, 0.0745, 0.0718, 0.0797, 0.0666], [0.6844, 0.0691, 0.0124, 0.0685, 0.0702, 0.051, 0.0445], [0.6229, 0.0154, 0.0768, 0.0587, 0.0797, 0.0811, 0.0654], [0.6947, 0.0339, 0.0336, 0.0799, 0.0657, 0.0274, 0.0647], [0.6858, 0.039, 0.0521, 0.0768, 0.0585, 0.0118, 0.0759], [0.738, 0.0298, 0.0359, 0.0436, 0.0533, 0.0297, 0.0698], [0.6038, 0.0759, 0.042, 0.0751, 0.0832, 0.0647, 0.0553], [0.7612, 0.0283, 0.0744, 0.0313, 0.0475, 0.0191, 0.0381], [0.6857, 0.0582, 0.0509, 0.0353, 0.0466, 0.0929, 0.0303], [0.7336, 0.0327, 0.0431, 0.0659, 0.0649, 0.0476, 0.0121], [0.6379, 0.062, 0.0232, 0.0523, 0.0894, 0.0887, 0.0464], [0.7053, 0.0765, 0.0358, 0.0592, 0.0171, 0.0415, 0.0644], [0.6713, 0.0774, 0.0168, 0.0734, 0.0539, 0.0369, 0.0702], [0.6711, 0.0502, 0.0362, 0.0798, 0.0712, 0.0363, 0.0554], [0.765, 0.023, 0.0274, 0.0227, 0.021, 0.0488, 0.0922], [0.6801, 0.0633, 0.0179, 0.0658, 0.0397, 0.0983, 0.0349], [0.6361, 0.091, 0.0137, 0.0527, 0.0609, 0.067, 0.0786], [0.6889, 0.0362, 0.0476, 0.0848, 0.0215, 0.0867, 0.0342], [0.712, 0.0342, 0.0684, 0.0721, 0.0246, 0.0227, 0.0661], [0.716, 0.0227, 0.0298, 0.0481, 0.0744, 0.0197, 0.0892], [0.6774, 0.0754, 0.042, 0.0469, 0.0554, 0.081, 0.0219], [0.7795, 0.016, 0.0291, 0.0224, 0.0404, 0.0811, 0.0315], [0.6508, 0.0669, 0.0653, 0.0585, 0.0576, 0.0573, 0.0436], [0.7483, 0.0205, 0.0637, 0.0613, 0.0148, 0.0402, 0.0512], [0.6541, 0.0281, 0.0612, 0.0822, 0.0635, 0.0772, 0.0336], [0.663, 0.015, 0.0867, 0.0772, 0.0553, 0.0686, 0.0343], [0.834, 0.0252, 0.0351, 0.0152, 0.0126, 0.0409, 0.037], [0.607, 0.0782, 0.08, 0.016, 0.0495, 0.0823, 0.0871], [0.6619, 0.0548, 0.0892, 0.0282, 0.0478, 0.0998, 0.0184], [0.718, 0.0112, 0.058, 0.0369, 0.0655, 0.0474, 0.0631], [0.6533, 0.0556, 0.0274, 0.0409, 0.0406, 0.0941, 0.0882], [0.7415, 0.0776, 0.04, 0.0262, 0.0178, 0.0293, 0.0675], [0.6793, 0.0471, 0.0815, 0.0377, 0.0611, 0.0624, 0.0309], [0.6731, 0.0332, 0.0601, 0.0428, 0.0983, 0.0537, 0.0389], [0.6858, 0.0401, 0.0688, 0.0283, 0.0573, 0.0571, 0.0626], [0.7238, 0.0644, 0.0385, 0.0635, 0.0168, 0.0423, 0.0505], [0.7213, 0.012, 0.0488, 0.0553, 0.0301, 0.0808, 0.0517], [0.7628, 0.0303, 0.018, 0.0651, 0.0611, 0.0315, 0.0313], [0.7085, 0.0389, 0.0601, 0.0552, 0.0465, 0.0687, 0.0222], [0.6975, 0.1003, 0.0567, 0.0385, 0.0275, 0.0408, 0.0387], [0.7469, 0.0264, 0.0224, 0.0412, 0.0608, 0.0618, 0.0405], [0.7227, 0.0261, 0.0271, 0.0377, 0.0763, 0.0745, 0.0357], [0.7286, 0.0341, 0.0451, 0.0721, 0.0732, 0.0308, 0.0161], [0.7614, 0.0791, 0.0334, 0.0422, 0.0273, 0.0161, 0.0405], [0.6957, 0.03, 0.0358, 0.0366, 0.0343, 0.0894, 0.0782], [0.686, 0.0374, 0.0388, 0.0913, 0.028, 0.0753, 0.0433], [0.7903, 0.0386, 0.0253, 0.0209, 0.0619, 0.0408, 0.0221], [0.7173, 0.0522, 0.022, 0.0421, 0.0582, 0.0629, 0.0452], [0.6734, 0.0622, 0.0245, 0.0653, 0.0807, 0.0425, 0.0513], [0.7655, 0.0171, 0.0417, 0.068, 0.0203, 0.0555, 0.0318], [0.7161, 0.0299, 0.0249, 0.0909, 0.0152, 0.054, 0.069], [0.7908, 0.0329, 0.022, 0.0443, 0.0254, 0.0368, 0.0478], [0.6652, 0.0535, 0.0806, 0.0973, 0.0262, 0.0574, 0.0199], [0.7152, 0.0785, 0.0365, 0.0545, 0.0308, 0.0181, 0.0663], [0.6824, 0.0806, 0.0356, 0.0481, 0.0849, 0.042, 0.0264], [0.7941, 0.0336, 0.0399, 0.0135, 0.0527, 0.0198, 0.0465], [0.7263, 0.0431, 0.069, 0.0694, 0.0486, 0.0205, 0.0231], [0.7193, 0.0741, 0.0651, 0.0503, 0.0528, 0.0262, 0.0123], [0.7607, 0.0286, 0.0527, 0.0471, 0.0446, 0.0321, 0.0342], [0.7227, 0.0282, 0.0708, 0.0196, 0.0521, 0.0714, 0.0353], [0.6946, 0.0603, 0.076, 0.0157, 0.0729, 0.0342, 0.0462], [0.6857, 0.0295, 0.0452, 0.0618, 0.0641, 0.0683, 0.0454], [0.6832, 0.0548, 0.0132, 0.0602, 0.0811, 0.0275, 0.08], [0.6508, 0.0176, 0.0888, 0.0481, 0.0938, 0.0552, 0.0457], [0.7023, 0.0788, 0.0615, 0.0222, 0.0321, 0.084, 0.0191], [0.7483, 0.0783, 0.0314, 0.0142, 0.0309, 0.0603, 0.0367], [0.7313, 0.0483, 0.048, 0.0338, 0.0449, 0.0473, 0.0463], [0.739, 0.0203, 0.0366, 0.0973, 0.0502, 0.0401, 0.0166], [0.7047, 0.0828, 0.0389, 0.0788, 0.0139, 0.0197, 0.0611], [0.72, 0.022, 0.0294, 0.0643, 0.0644, 0.0671, 0.0329], [0.6923, 0.0561, 0.0242, 0.0636, 0.0386, 0.0667, 0.0585], [0.7311, 0.0584, 0.0467, 0.0205, 0.0721, 0.0151, 0.0561], [0.7041, 0.0148, 0.0521, 0.0716, 0.0276, 0.052, 0.0779]], "emotions": ["red", "red", "red", "red", "red", "red", "red", "red", "red", "red", "red", "red", "red", "red", "red", "red", "red", "red", "red", "red", "red", "red", "red", "red", "red", "red", "red", "red", "red", "red", "red", "red", "red", "red", "red", "red", "red", "red", "red", "red", "red", "red", "red", "red", "red", "red", "red", "red", "red", "red", "red", "red", "red", "red", "red", "red", "red", "red", "red", "red", "red", "red", "red", "red", "red", "red", "red", "red", "red", "red", "red", "red", "red", "red", "red", "red", "red", "red", "red", "red"], "timestamps": [0, 40, 80, 120, 160, 200, 240, 280, 320, 360, 400, 440, 480, 520, 560, 600, 640, 680, 720, 760, 800, 840, 880, 920, 960, 1000, 1040, 1080, 1120, 1160, 1200, 1240, 1280, 1320, 1360, 1400, 1440, 1480, 1520, 1560, 1600, 1640, 1680, 1720, 1760, 1800, 1840, 1880, 1920, 1960, 2000, 2040, 2080, 2120, 2160, 2200, 2240, 2280, 2320, 2360, 2400, 2440, 2480, 2520, 2560, 2600, 2640, 2680, 2720, 2760, 2800, 2840, 2880, 2920, 2960, 3000, 3040, 3080, 3120, 3160]}], "conversation": [], "conversation_timestamps": []}