{"agent_id": "agent-purple-1829", "type": "purple", "trips": [{"trip_id": 0, "transport_method": "foot", "start_time": 0, "path": [[1.548658, 42.5084613], [1.5486628, 42.5082248], [1.548724, 42.5079966], [1.5488438, 42.507793], [1.5489804, 42.5075994], [1.5491363, 42.5074272], [1.5493591, 42.5074244], [1.5493927, 42.5071898], [1.5494381, 42.5069576], [1.5495136, 42.506733], [1.5494466, 42.5065441], [1.549247, 42.5066277], [1.5491374, 42.5068377], [1.5490122, 42.5070388], [1.548883, 42.5072375], [1.5487177, 42.507399], [1.5485157, 42.5075228], [1.5483136, 42.5076467], [1.5481116, 42.5077705], [1.5479096, 42.5078943], [1.5477075, 42.5080182], [1.5475055, 42.508142], [1.547469, 42.5081644], [1.5476797, 42.5080571], [1.5478749, 42.5079239], [1.5480618, 42.5077782], [1.5482227, 42.5076163], [1.548384, 42.5074443], [1.5485522, 42.5072801], [1.5487819, 42.5073285], [1.5486511, 42.5074477], [1.5484533, 42.5075782], [1.5482555, 42.5077087], [1.5480577, 42.5078392], [1.5478599, 42.5079697], [1.5476622, 42.5081002], [1.5474644, 42.5082307], [1.5472666, 42.5083613], [1.5471509, 42.508557], [1.5469889, 42.5087289], [1.5468227, 42.5088964], [1.5466024, 42.5089768], [1.546395, 42.5090908], [1.5461807, 42.5091858], [1.5459632, 42.5092714], [1.5457378, 42.5092865], [1.5455128, 42.5093046], [1.5452874, 42.5093548], [1.5450511, 42.5093373], [1.5448147, 42.5093214], [1.5445779, 42.5093115], [1.5443412, 42.5093016], [1.5441095, 42.5092649], [1.543886, 42.5091864], [1.5436712, 42.5090887], [1.5434448, 42.5090228], [1.5432111, 42.5089839], [1.5429768, 42.5089488], [1.5427445, 42.5089044], [1.5425123, 42.5088813], [1.5422757, 42.5088934], [1.5420397, 42.5088915], [1.541829, 42.5089548], [1.5416471, 42.5091067], [1.5414157, 42.5091453], [1.5411821, 42.5091846], [1.5409547, 42.5092511], [1.5407618, 42.5093719], [1.5405788, 42.5095068], [1.5403565, 42.5095887], [1.5401475, 42.5096928], [1.5399752, 42.5098541], [1.5397657, 42.5099639], [1.5395496, 42.5100609], [1.5393223, 42.5101206], [1.5391317, 42.5102613], [1.5391048, 42.5104824], [1.5390517, 42.5106849], [1.5388416, 42.5107945], [1.5386316, 42.5109042]], "mood_vectors": [[0.0882, 0.0803, 0.0708, 0.016, 0.0405, 0.6404, 0.0637], [0.0329, 0.0876, 0.024, 0.0266, 0.0704, 0.723, 0.0356], [0.0614, 0.048, 0.0384, 0.0863, 0.069, 0.6138, 0.0831], [0.0504, 0.0275, 0.0586, 0.0727, 0.0596, 0.7144, 0.0168], [0.0458, 0.0838, 0.0419, 0.0388, 0.0287, 0.7265, 0.0344], [0.0688, 0.0741, 0.0586, 0.0747, 0.033, 0.6165, 0.0744], [0.0631, 0.0286, 0.0364, 0.0773, 0.0344, 0.7008, 0.0594], [0.0193, 0.0599, 0.092, 0.0944, 0.0488, 0.6649, 0.0206], [0.0491, 0.0424, 0.0555, 0.05, 0.0741, 0.6875, 0.0415], [0.0568, 0.057, 0.0354, 0.0808, 0.0395, 0.7112, 0.0192], [0.0207, 0.0694, 0.0696, 0.0455, 0.0282, 0.7031, 0.0636], [0.06, 0.0745, 0.0178, 0.0693, 0.0507, 0.703, 0.0247], [0.021, 0.0522, 0.0952, 0.0407, 0.0305, 0.7353, 0.0251], [0.079, 0.0536, 0.0277, 0.0672, 0.0449, 0.6729, 0.0548], [0.0109, 0.0321, 0.0192, 0.0682, 0.0648, 0.7327, 0.0721], [0.0554, 0.0173, 0.0343, 0.0553, 0.0239, 0.7806, 0.0331], [0.0967, 0.0386, 0.0588, 0.0141, 0.0422, 0.7208, 0.0288], [0.0589, 0.0459, 0.0136, 0.0413, 0.017, 0.759, 0.0642], [0.0448, 0.0739, 0.0467, 0.0224, 0.0375, 0.7446, 0.0301], [0.0187, 0.0537, 0.0654, 0.0469, 0.0373, 0.7437, 0.0344], [0.0858, 0.0473, 0.0243, 0.0497, 0.0242, 0.7221, 0.0466], [0.0572, 0.0199, 0.0693, 0.04, 0.0553, 0.7352, 0.0232], [0.0187, 0.0698, 0.0209, 0.059, 0.0518, 0.7366, 0.0431], [0.0813, 0.0436, 0.0264, 0.0676, 0.0292, 0.7035, 0.0485], [0.084, 0.087, 0.0724, 0.0492, 0.0203, 0.636, 0.0512], [0.0126, 0.0832, 0.0735, 0.0547, 0.0548, 0.6832, 0.038], [0.051, 0.055, 0.0281, 0.0249, 0.0504, 0.7162, 0.0745], [0.0442, 0.0169, 0.014, 0.0702, 0.053, 0.7392, 0.0625], [0.0931, 0.0772, 0.025, 0.0377, 0.0308, 0.6897, 0.0464], [0.0298, 0.0807, 0.0224, 0.0627, 0.0418, 0.7176, 0.045], [0.0619, 0.067, 0.0671, 0.0558, 0.0213, 0.6614, 0.0655], [0.0953, 0.031, 0.0517, 0.0856, 0.0241, 0.6391, 0.0731], [0.0182, 0.0679, 0.0607, 0.1039, 0.025, 0.7016, 0.0227], [0.0211, 0.0464, 0.0485, 0.0475, 0.0201, 0.8028, 0.0136], [0.0427, 0.0679, 0.0612, 0.0152, 0.0339, 0.7483, 0.0308], [0.0214, 0.0861, 0.0165, 0.096, 0.0227, 0.6964, 0.0609], [0.065, 0.0836, 0.0165, 0.0592, 0.0593, 0.6715, 0.0449], [0.064, 0.0353, 0.0701, 0.0732, 0.068, 0.6499, 0.0396], [0.0733, 0.059, 0.0426, 0.0377, 0.0496, 0.6729, 0.0649], [0.0697, 0.0209, 0.0607, 0.0695, 0.0323, 0.6847, 0.0621], [0.0739, 0.0772, 0.022, 0.0486, 0.0198, 0.7033, 0.0552], [0.017, 0.0753, 0.0708, 0.0344, 0.0504, 0.7158, 0.0363], [0.0475, 0.0272, 0.0387, 0.04, 0.0164, 0.8104, 0.0198], [0.0312, 0.0219, 0.0379, 0.0282, 0.045, 0.7654, 0.0705], [0.034, 0.0535, 0.0663, 0.0678, 0.0268, 0.6942, 0.0574], [0.0193, 0.0342, 0.0327, 0.025, 0.0684, 0.7498, 0.0706], [0.0813, 0.098, 0.0789, 0.0156, 0.0941, 0.6143, 0.0178], [0.0466, 0.0555, 0.0903, 0.0152, 0.0639, 0.7099, 0.0185], [0.0371, 0.0309, 0.0666, 0.0657, 0.0749, 0.6647, 0.06], [0.0497, 0.0503, 0.0773, 0.022, 0.0453, 0.6834, 0.0719], [0.0797, 0.0426, 0.0486, 0.0362, 0.0533, 0.7102, 0.0294], [0.0596, 0.0403, 0.035, 0.0347, 0.0543, 0.7409, 0.0354], [0.0323, 0.0281, 0.0813, 0.0469, 0.0625, 0.715, 0.0339], [0.0507, 0.0368, 0.0356, 0.0576, 0.0466, 0.7504, 0.0224], [0.0803, 0.0611, 0.0384, 0.0551, 0.0148, 0.7256, 0.0247], [0.0289, 0.0221, 0.0287, 0.0876, 0.0296, 0.7473, 0.0558], [0.084, 0.076, 0.0438, 0.0552, 0.0362, 0.6359, 0.0689], [0.0865, 0.0354, 0.0665, 0.0895, 0.0345, 0.604, 0.0835], [0.055, 0.0765, 0.0188, 0.0575, 0.0541, 0.6762, 0.062], [0.0658, 0.0385, 0.0183, 0.0463, 0.061, 0.6898, 0.0803], [0.0753, 0.0642, 0.0746, 0.0792, 0.0512, 0.6392, 0.0164], [0.0379, 0.0474, 0.0291, 0.0142, 0.0648, 0.7915, 0.0151], [0.0355, 0.0942, 0.0993, 0.0281, 0.052, 0.6741, 0.0168], [0.0496, 0.0514, 0.0655, 0.0366, 0.0664, 0.6515, 0.0791], [0.0695, 0.0836, 0.0167, 0.0421, 0.0878, 0.6779, 0.0224], [0.068, 0.0761, 0.0156, 0.0148, 0.0784, 0.7132, 0.0338], [0.0617, 0.0308, 0.0638, 0.0462, 0.0431, 0.6937, 0.0606], [0.0231, 0.0419, 0.0455, 0.0719, 0.0829, 0.7134, 0.0212], [0.048, 0.0483, 0.0911, 0.0287, 0.0465, 0.7141, 0.0233], [0.0661, 0.0833, 0.063, 0.0158, 0.0403, 0.7026, 0.0288], [0.0459, 0.0434, 0.0826, 0.0262, 0.0519, 0.7095, 0.0405], [0.0479, 0.0267, 0.0185, 0.0215, 0.0143, 0.7861, 0.0849], [0.0528, 0.0566, 0.0131, 0.0674, 0.0741, 0.6692, 0.0667], [0.0395, 0.0667, 0.0328, 0.0608, 0.0564, 0.6751, 0.0688], [0.0443, 0.0242, 0.0705, 0.0214, 0.071, 0.6759, 0.0928], [0.0469, 0.027, 0.014, 0.0496, 0.037, 0.8125, 0.013], [0.0691, 0.0111, 0.038, 0.0523, 0.0152, 0.7652, 0.049], [0.0336, 0.0523, 0.0224, 0.069, 0.0466, 0.7074, 0.0687], [0.0282, 0.0415, 0.0255, 0.0827, 0.0844, 0.7175, 0.0202], [0.0166, 0.0183, 0.0724, 0.0565, 0.0799, 0.7151, 0.0413]], "emotions": ["purple", "purple", "purple", "purple", "purple", "purple", "purple", "purple", "purple", "purple", "purple", "purple", "purple", "purple", "purple", "purple", "purple", "purple", "purple", "purple", "purple", "purple", "purple", "purple", "purple", "purple", "purple", "purple", "purple", "purple", "purple", "purple", "purple", "purple", "purple", "purple", "purple", "purple", "purple", "purple", "purple", "purple", "purple", "purple", "purple", "purple", "purple", "purple", "purple", "purple", "purple", "purple", "purple", "purple", "purple", "purple", "purple", "purple", "purple", "purple", "purple", "purple", "purple", "purple", "purple", "purple", "purple", "purple", "purple", "purple", "purple", "purple", "purple", "purple", "purple", "purple", "purple", "purple", "purple", "purple"], "timestamps": [0, 40, 80, 120, 160, 200, 240, 280, 320, 360, 400, 440, 480, 520, 560, 600, 640, 680, 720, 760, 800, 840, 880, 920, 960, 1000, 1040, 1080, 1120, 1160, 1200, 1240, 1280, 1320, 1360, 1400, 1440, 1480, 1520, 1560, 1600, 1640, 1680, 1720, 1760, 1800, 1840, 1880, 1920, 1960, 2000, 2040, 2080, 2120, 2160, 2200, 2240, 2280, 2320, 2360, 2400, 2440, 2480, 2520, 2560, 2600, 2640, 2680, 2720, 2760, 2800, 2840, 2880, 2920, 2960, 3000, 3040, 3080, 3120, 3160]}], "conversation": [], "conversation_timestamps": []}