{"agent_id": "agent-red-1541", "type": "red", "trips": [{"trip_id": 0, "transport_method": "foot", "start_time": 0, "path": [[1.5366368, 42.5100447], [1.53693, 42.5100353], [1.5372233, 42.5100259], [1.5375164, 42.5100325], [1.5378097, 42.5100401], [1.5381031, 42.5100478], [1.5383964, 42.5100557], [1.5386897, 42.5100636], [1.5389476, 42.5101879], [1.5391911, 42.5102174], [1.539449, 42.510096], [1.5397205, 42.5099856], [1.5399803, 42.5098503], [1.5401941, 42.5096507], [1.5404684, 42.5095475], [1.540725, 42.5094208], [1.5409502, 42.5092525], [1.5412327, 42.5091741], [1.5415229, 42.5091311], [1.5417735, 42.5090012], [1.5420241, 42.508886], [1.5422759, 42.5088934], [1.5419836, 42.5088877], [1.5421394, 42.5088933], [1.5424326, 42.5089065], [1.5427257, 42.5089198], [1.5430167, 42.5089548], [1.5433069, 42.5089982], [1.5435938, 42.509059], [1.5438603, 42.5091774], [1.5441372, 42.5092746], [1.5444268, 42.5093052], [1.54472, 42.5093175], [1.5450129, 42.5093345], [1.5453055, 42.5093561], [1.5455732, 42.5092577], [1.5458329, 42.5091212], [1.5460927, 42.5089847], [1.5463524, 42.5088481], [1.5466122, 42.5087116], [1.5468719, 42.5085751], [1.5471317, 42.5084386], [1.547142, 42.5085694], [1.546935, 42.5087763], [1.5467075, 42.5089489], [1.5464397, 42.5090636], [1.5461766, 42.5091865], [1.5459089, 42.5092981], [1.5456226, 42.5092996], [1.5453982, 42.5093487], [1.5456531, 42.5092033], [1.545908, 42.509058], [1.5461629, 42.5089126], [1.5464178, 42.5087673], [1.5466727, 42.5086219], [1.5469276, 42.5084766], [1.5471825, 42.5083312], [1.5474365, 42.5081843], [1.5476958, 42.5080481], [1.547934, 42.5078779], [1.5481678, 42.5077009], [1.548351, 42.5074807], [1.5485592, 42.507279], [1.5488325, 42.5073152], [1.5489924, 42.5070692], [1.5491472, 42.5068201], [1.5492923, 42.5065673], [1.5495306, 42.5066328], [1.5494535, 42.5069128], [1.5493914, 42.5071988], [1.5493461, 42.5074886], [1.5492582, 42.5077683], [1.5494402, 42.5079169], [1.5496372, 42.5077122], [1.5497917, 42.5074627], [1.5499545, 42.5072186], [1.5501041, 42.5069664], [1.5502563, 42.5067156], [1.5504121, 42.5064669], [1.5505678, 42.5062182]], "mood_vectors": [[0.7167, 0.0332, 0.0524, 0.0883, 0.0428, 0.0499, 0.0167], [0.644, 0.0397, 0.0294, 0.0836, 0.057, 0.0601, 0.0863], [0.7189, 0.0378, 0.0448, 0.0596, 0.0546, 0.0264, 0.0579], [0.6639, 0.0401, 0.0487, 0.0445, 0.0731, 0.0868, 0.0429], [0.7483, 0.017, 0.0664, 0.0649, 0.0518, 0.0168, 0.0348], [0.7934, 0.0212, 0.044, 0.0724, 0.0174, 0.0329, 0.0186], [0.7443, 0.0637, 0.0189, 0.0471, 0.0452, 0.0122, 0.0686], [0.6743, 0.0219, 0.0652, 0.0487, 0.0643, 0.0641, 0.0615], [0.7088, 0.0277, 0.0656, 0.0584, 0.0599, 0.0659, 0.0137], [0.6743, 0.0737, 0.0538, 0.0578, 0.0665, 0.0445, 0.0294], [0.6002, 0.0811, 0.0545, 0.0647, 0.0697, 0.0759, 0.0538], [0.7233, 0.0282, 0.0286, 0.0627, 0.0753, 0.0185, 0.0634], [0.7522, 0.0581, 0.0166, 0.0579, 0.0514, 0.0477, 0.0161], [0.6511, 0.0803, 0.0726, 0.072, 0.0556, 0.0299, 0.0385], [0.6934, 0.0339, 0.0552, 0.0576, 0.0543, 0.0607, 0.0448], [0.7604, 0.0549, 0.0406, 0.0132, 0.0389, 0.0517, 0.0404], [0.6669, 0.0498, 0.0828, 0.0462, 0.0389, 0.0519, 0.0636], [0.6639, 0.0593, 0.0706, 0.0261, 0.0742, 0.0385, 0.0673], [0.7211, 0.0194, 0.0559, 0.0849, 0.0151, 0.0549, 0.0486], [0.7513, 0.0379, 0.013, 0.0607, 0.0305, 0.0283, 0.0782], [0.6697, 0.0216, 0.0773, 0.0725, 0.0657, 0.0595, 0.0335], [0.6669, 0.0688, 0.0348, 0.0709, 0.0751, 0.0599, 0.0236], [0.668, 0.0419, 0.0653, 0.0659, 0.0339, 0.0695, 0.0556], [0.687, 0.0591, 0.0628, 0.0817, 0.0204, 0.0425, 0.0466], [0.6397, 0.0705, 0.083, 0.0626, 0.035, 0.0616, 0.0477], [0.6326, 0.0606, 0.06, 0.0578, 0.0643, 0.0628, 0.062], [0.6565, 0.0848, 0.0272, 0.072, 0.0575, 0.0763, 0.0258], [0.6942, 0.0765, 0.0661, 0.0218, 0.0645, 0.0306, 0.0462], [0.6983, 0.0635, 0.0201, 0.043, 0.0597, 0.0549, 0.0605], [0.7447, 0.0929, 0.018, 0.031, 0.0251, 0.0726, 0.0156], [0.6767, 0.0378, 0.0616, 0.0861, 0.0214, 0.0397, 0.0767], [0.7897, 0.0334, 0.0171, 0.0241, 0.0738, 0.0382, 0.0237], [0.6054, 0.0741, 0.0847, 0.0653, 0.0818, 0.065, 0.0237], [0.6446, 0.0669, 0.0603, 0.0469, 0.0834, 0.062, 0.0359], [0.6355, 0.0455, 0.0612, 0.0751, 0.0298, 0.0619, 0.0911], [0.6193, 0.0839, 0.0758, 0.041, 0.0459, 0.066, 0.0681], [0.7647, 0.0885, 0.0194, 0.0641, 0.0195, 0.0266, 0.0172], [0.7615, 0.0183, 0.0249, 0.0411, 0.0429, 0.0927, 0.0186], [0.7281, 0.0677, 0.0535, 0.0143, 0.0695, 0.027, 0.0397], [0.7308, 0.0175, 0.026, 0.075, 0.0248, 0.0377, 0.0884], [0.7218, 0.0221, 0.058, 0.0331, 0.0663, 0.0643, 0.0345], [0.6851, 0.0378, 0.066, 0.0242, 0.0364, 0.0666, 0.0839], [0.7441, 0.0298, 0.0426, 0.0507, 0.0407, 0.0387, 0.0534], [0.679, 0.0318, 0.0239, 0.0799, 0.0472, 0.0694, 0.0688], [0.7268, 0.0646, 0.0386, 0.0209, 0.0551, 0.0369, 0.0571], [0.6974, 0.0461, 0.0161, 0.0776, 0.0491, 0.0627, 0.0509], [0.6291, 0.0973, 0.038, 0.062, 0.0163, 0.0954, 0.0618], [0.6627, 0.042, 0.046, 0.0397, 0.0655, 0.0608, 0.0834], [0.7031, 0.0461, 0.0268, 0.0828, 0.0767, 0.0447, 0.0197], [0.7453, 0.0143, 0.0607, 0.0611, 0.0391, 0.0536, 0.0258], [0.6998, 0.0713, 0.0633, 0.0601, 0.0157, 0.0494, 0.0404], [0.6148, 0.0729, 0.0811, 0.0488, 0.07, 0.0554, 0.0571], [0.764, 0.0151, 0.0399, 0.0656, 0.0674, 0.0131, 0.0348], [0.6348, 0.0551, 0.0562, 0.0653, 0.0407, 0.0693, 0.0785], [0.6432, 0.062, 0.0781, 0.0859, 0.0155, 0.0376, 0.0776], [0.6128, 0.0779, 0.0555, 0.0659, 0.0654, 0.0476, 0.0749], [0.6748, 0.0298, 0.0721, 0.047, 0.0602, 0.0547, 0.0615], [0.6243, 0.0687, 0.0792, 0.0564, 0.061, 0.0337, 0.0767], [0.6707, 0.0597, 0.0648, 0.0703, 0.0487, 0.0664, 0.0194], [0.6939, 0.0517, 0.0749, 0.0274, 0.0307, 0.0588, 0.0626], [0.7194, 0.0166, 0.06, 0.0168, 0.0687, 0.0728, 0.0457], [0.6744, 0.0719, 0.0425, 0.0659, 0.0502, 0.0768, 0.0183], [0.7592, 0.0566, 0.0174, 0.0347, 0.0806, 0.0271, 0.0245], [0.6519, 0.0284, 0.021, 0.0771, 0.0768, 0.0817, 0.0632], [0.6781, 0.029, 0.0301, 0.0861, 0.0204, 0.0882, 0.0682], [0.6832, 0.0297, 0.0723, 0.0556, 0.0202, 0.0637, 0.0753], [0.6435, 0.0913, 0.0524, 0.0586, 0.0777, 0.0435, 0.0329], [0.8087, 0.0342, 0.0213, 0.0335, 0.0262, 0.0452, 0.031], [0.6327, 0.0378, 0.0223, 0.0545, 0.084, 0.084, 0.0847], [0.7432, 0.0233, 0.0548, 0.0695, 0.0308, 0.0205, 0.0578], [0.6404, 0.043, 0.0467, 0.0687, 0.02, 0.0896, 0.0916], [0.5966, 0.0781, 0.0211, 0.0602, 0.0858, 0.0776, 0.0806], [0.6359, 0.0781, 0.0401, 0.0671, 0.0635, 0.0512, 0.0642], [0.7112, 0.0252, 0.0593, 0.039, 0.0313, 0.0615, 0.0726], [0.6741, 0.037, 0.0649, 0.0285, 0.0943, 0.0276, 0.0736], [0.6761, 0.0466, 0.0841, 0.0651, 0.056, 0.0425, 0.0296], [0.7345, 0.078, 0.0467, 0.0602, 0.0185, 0.019, 0.0432], [0.6848, 0.0306, 0.0539, 0.0408, 0.0369, 0.0948, 0.0581], [0.8123, 0.0156, 0.0168, 0.0444, 0.0367, 0.017, 0.0573], [0.6869, 0.0474, 0.083, 0.0686, 0.0418, 0.0562, 0.016]], "emotions": ["red", "red", "red", "red", "red", "red", "red", "red", "red", "red", "red", "red", "red", "red", "red", "red", "red", "red", "red", "red", "red", "red", "red", "red", "red", "red", "red", "red", "red", "red", "red", "red", "red", "red", "red", "red", "red", "red", "red", "red", "red", "red", "red", "red", "red", "red", "red", "red", "red", "red", "red", "red", "red", "red", "red", "red", "red", "red", "red", "red", "red", "red", "red", "red", "red", "red", "red", "red", "red", "red", "red", "red", "red", "red", "red", "red", "red", "red", "red", "red"], "timestamps": [0, 40, 80, 120, 160, 200, 240, 280, 320, 360, 400, 440, 480, 520, 560, 600, 640, 680, 720, 760, 800, 840, 880, 920, 960, 1000, 1040, 1080, 1120, 1160, 1200, 1240, 1280, 1320, 1360, 1400, 1440, 1480, 1520, 1560, 1600, 1640, 1680, 1720, 1760, 1800, 1840, 1880, 1920, 1960, 2000, 2040, 2080, 2120, 2160, 2200, 2240, 2280, 2320, 2360, 2400, 2440, 2480, 2520, 2560, 2600, 2640, 2680, 2720, 2760, 2800, 2840, 2880, 2920, 2960, 3000, 3040, 3080, 3120, 3160]}], "conversation": [], "conversation_timestamps": []}