{"agent_id": "agent-purple-1314", "type": "purple", "trips": [{"trip_id": 0, "transport_method": "bus", "start_time": 0, "path": [[1.5234468, 42.5318008], [1.5227345, 42.5311361], [1.5234663, 42.5322528], [1.5227403, 42.5333302], [1.5224158, 42.5324425], [1.5212361, 42.5329939], [1.5208791, 42.5316498], [1.5212741, 42.5303745], [1.5218454, 42.5292172], [1.5210273, 42.5280479], [1.5206891, 42.5266444], [1.5207927, 42.526021], [1.5206256, 42.5274118], [1.5207211, 42.5258716], [1.5207819, 42.5243765], [1.521689, 42.5231345], [1.5224853, 42.5218627], [1.5234727, 42.5207457], [1.5238145, 42.5199676], [1.5234658, 42.5208075], [1.5240361, 42.5193736], [1.5250102, 42.5183128], [1.5261846, 42.5173458], [1.5274818, 42.5166137], [1.5288247, 42.5159029], [1.529829, 42.5147634], [1.5303123, 42.5135025], [1.5309869, 42.512156], [1.5298277, 42.5112941], [1.5293109, 42.5101271], [1.5287383, 42.5096089], [1.5289303, 42.5097673], [1.5277819, 42.5087408], [1.5262915, 42.5084448], [1.5248966, 42.5079148], [1.5233699, 42.5078128], [1.5219073, 42.5076633], [1.5204442, 42.5074158], [1.5190209, 42.5069995], [1.5183005, 42.5063923], [1.5169231, 42.5058602], [1.5155034, 42.5052643], [1.5148076, 42.5045571], [1.5137263, 42.5034687], [1.5126429, 42.5023936], [1.5113685, 42.5015298], [1.509963, 42.5009228], [1.508594, 42.5002163], [1.5072221, 42.4995244], [1.505833, 42.4988529], [1.5044356, 42.4982008], [1.5030431, 42.4975371], [1.5016802, 42.4968231], [1.5007501, 42.4964898], [1.4994032, 42.4957403], [1.4988397, 42.4946738], [1.4981808, 42.4934969], [1.4976102, 42.4930257], [1.4972382, 42.4927062], [1.4960784, 42.491689], [1.4950658, 42.4905994], [1.4943423, 42.4892381], [1.4935867, 42.4878926], [1.4928674, 42.4865285], [1.4922352, 42.4851295], [1.4910479, 42.4843164], [1.4903712, 42.4829472], [1.4896034, 42.4816108], [1.4893785, 42.4800883], [1.4898356, 42.4786533], [1.4905689, 42.4772987], [1.4908561, 42.4758733], [1.4906645, 42.4743609], [1.4906926, 42.4728738], [1.4914162, 42.4715109], [1.4920227, 42.4701002], [1.4917721, 42.4686013], [1.4916717, 42.4671271], [1.4928704, 42.4661983], [1.4929828, 42.4653275]], "mood_vectors": [[0.0393, 0.0598, 0.0181, 0.0286, 0.0579, 0.7734, 0.023], [0.0338, 0.0321, 0.0499, 0.0919, 0.0353, 0.6878, 0.0692], [0.0681, 0.0631, 0.0729, 0.0386, 0.0694, 0.6187, 0.0692], [0.0327, 0.055, 0.0539, 0.0574, 0.0725, 0.6835, 0.0451], [0.0219, 0.0712, 0.0475, 0.0351, 0.0329, 0.7779, 0.0135], [0.0316, 0.0376, 0.0201, 0.0348, 0.0346, 0.7964, 0.045], [0.0241, 0.0234, 0.086, 0.0609, 0.0762, 0.7038, 0.0257], [0.0589, 0.0349, 0.0152, 0.0648, 0.0341, 0.7334, 0.0586], [0.0552, 0.0672, 0.0582, 0.018, 0.0208, 0.7439, 0.0367], [0.0334, 0.0792, 0.0804, 0.0686, 0.0738, 0.6396, 0.0251], [0.0392, 0.0136, 0.031, 0.0257, 0.0807, 0.7848, 0.0251], [0.0795, 0.0173, 0.0226, 0.0772, 0.0758, 0.6469, 0.0808], [0.0179, 0.063, 0.0216, 0.0536, 0.0788, 0.7186, 0.0465], [0.0209, 0.0406, 0.0656, 0.0133, 0.0203, 0.7859, 0.0534], [0.0763, 0.052, 0.0282, 0.0778, 0.0213, 0.6831, 0.0613], [0.0728, 0.0542, 0.0462, 0.0814, 0.0689, 0.6485, 0.028], [0.0229, 0.0291, 0.0727, 0.0419, 0.0781, 0.7314, 0.0239], [0.0805, 0.0217, 0.0604, 0.0329, 0.0708, 0.684, 0.0498], [0.0685, 0.0678, 0.0415, 0.0687, 0.0166, 0.7221, 0.0149], [0.0566, 0.0399, 0.0432, 0.0154, 0.0341, 0.7592, 0.0516], [0.0671, 0.0355, 0.048, 0.0721, 0.0297, 0.6895, 0.058], [0.0508, 0.0544, 0.0317, 0.0645, 0.0119, 0.7393, 0.0474], [0.0911, 0.0804, 0.049, 0.0366, 0.0769, 0.6417, 0.0243], [0.0432, 0.0601, 0.0897, 0.0628, 0.091, 0.61, 0.0432], [0.0698, 0.0206, 0.0919, 0.091, 0.0572, 0.6511, 0.0184], [0.0199, 0.0493, 0.0787, 0.0256, 0.0525, 0.742, 0.032], [0.0433, 0.0559, 0.0148, 0.0154, 0.0416, 0.769, 0.0599], [0.0494, 0.0216, 0.0455, 0.0238, 0.0676, 0.7746, 0.0174], [0.0446, 0.0694, 0.0145, 0.0779, 0.0452, 0.7037, 0.0446], [0.0479, 0.0183, 0.0454, 0.0802, 0.0167, 0.7614, 0.0301], [0.0445, 0.0457, 0.0586, 0.0393, 0.0339, 0.7113, 0.0667], [0.0162, 0.0216, 0.0553, 0.04, 0.0835, 0.7106, 0.073], [0.0864, 0.0747, 0.0575, 0.088, 0.064, 0.6065, 0.0229], [0.0461, 0.0429, 0.0441, 0.0171, 0.0376, 0.7962, 0.016], [0.0339, 0.0605, 0.0731, 0.0207, 0.0735, 0.7155, 0.0229], [0.0307, 0.0344, 0.0451, 0.0688, 0.0497, 0.7252, 0.046], [0.017, 0.0823, 0.0576, 0.0851, 0.0337, 0.646, 0.0784], [0.0786, 0.0333, 0.0577, 0.084, 0.0347, 0.6655, 0.0462], [0.0774, 0.0447, 0.0504, 0.0242, 0.0578, 0.6871, 0.0583], [0.0655, 0.0158, 0.023, 0.039, 0.054, 0.7845, 0.0182], [0.0703, 0.056, 0.0718, 0.0427, 0.0461, 0.6827, 0.0304], [0.0687, 0.0383, 0.0726, 0.0186, 0.0652, 0.6949, 0.0416], [0.0642, 0.0662, 0.0604, 0.0296, 0.0764, 0.6353, 0.0679], [0.0323, 0.0729, 0.0575, 0.0293, 0.0681, 0.6965, 0.0435], [0.0713, 0.0758, 0.0406, 0.0217, 0.0665, 0.6875, 0.0366], [0.0691, 0.0334, 0.0493, 0.0264, 0.0685, 0.6862, 0.0672], [0.0535, 0.0435, 0.0535, 0.0996, 0.0368, 0.6587, 0.0544], [0.0362, 0.0874, 0.0766, 0.0464, 0.0147, 0.6869, 0.0519], [0.0756, 0.0346, 0.0724, 0.0566, 0.0811, 0.6489, 0.0308], [0.0459, 0.067, 0.0724, 0.0482, 0.0768, 0.6238, 0.0659], [0.0281, 0.0492, 0.0702, 0.0289, 0.0716, 0.7283, 0.0236], [0.0449, 0.0316, 0.0168, 0.1093, 0.0523, 0.7207, 0.0243], [0.0417, 0.0641, 0.0409, 0.0187, 0.068, 0.7369, 0.0297], [0.0748, 0.0657, 0.0466, 0.0278, 0.0641, 0.6423, 0.0787], [0.0714, 0.0368, 0.0507, 0.0364, 0.0591, 0.6966, 0.0489], [0.0236, 0.0722, 0.0841, 0.0501, 0.0312, 0.6771, 0.0617], [0.0719, 0.0833, 0.0585, 0.0568, 0.0557, 0.5996, 0.0743], [0.0221, 0.0214, 0.0912, 0.0613, 0.0226, 0.7632, 0.0182], [0.0821, 0.0585, 0.0225, 0.0334, 0.0624, 0.7135, 0.0276], [0.0129, 0.0231, 0.0549, 0.0664, 0.0791, 0.68, 0.0835], [0.0825, 0.0594, 0.0135, 0.0666, 0.0421, 0.718, 0.0179], [0.0843, 0.0388, 0.1031, 0.0675, 0.0191, 0.6601, 0.0272], [0.0344, 0.0723, 0.0184, 0.0355, 0.0369, 0.7347, 0.0677], [0.0576, 0.0135, 0.0683, 0.0539, 0.0651, 0.7017, 0.0399], [0.052, 0.0366, 0.0166, 0.0381, 0.0796, 0.7449, 0.0321], [0.0587, 0.0146, 0.0462, 0.0723, 0.0389, 0.742, 0.0273], [0.0207, 0.0203, 0.0377, 0.056, 0.0569, 0.7853, 0.023], [0.0446, 0.0781, 0.0487, 0.0659, 0.0701, 0.6177, 0.0749], [0.0398, 0.0552, 0.0322, 0.0666, 0.0285, 0.758, 0.0197], [0.0722, 0.0117, 0.0314, 0.075, 0.0665, 0.7037, 0.0395], [0.0963, 0.0937, 0.0495, 0.0664, 0.0222, 0.5876, 0.0843], [0.0162, 0.0269, 0.0798, 0.0483, 0.0602, 0.7309, 0.0377], [0.0603, 0.0429, 0.0749, 0.0561, 0.0688, 0.6819, 0.0152], [0.055, 0.0174, 0.077, 0.0351, 0.0763, 0.7141, 0.0252], [0.0513, 0.0406, 0.0935, 0.0301, 0.052, 0.6835, 0.0492], [0.0415, 0.0671, 0.049, 0.0468, 0.0338, 0.7354, 0.0265], [0.0462, 0.0212, 0.0336, 0.0357, 0.0658, 0.7257, 0.0716], [0.0657, 0.034, 0.0189, 0.0706, 0.0708, 0.7202, 0.0197], [0.094, 0.0757, 0.0588, 0.0424, 0.0319, 0.6026, 0.0947], [0.0302, 0.0181, 0.0592, 0.0893, 0.041, 0.7132, 0.0489]], "emotions": ["purple", "purple", "purple", "purple", "purple", "purple", "purple", "purple", "purple", "purple", "purple", "purple", "purple", "purple", "purple", "purple", "purple", "purple", "purple", "purple", "purple", "purple", "purple", "purple", "purple", "purple", "purple", "purple", "purple", "purple", "purple", "purple", "purple", "purple", "purple", "purple", "purple", "purple", "purple", "purple", "purple", "purple", "purple", "purple", "purple", "purple", "purple", "purple", "purple", "purple", "purple", "purple", "purple", "purple", "purple", "purple", "purple", "purple", "purple", "purple", "purple", "purple", "purple", "purple", "purple", "purple", "purple", "purple", "purple", "purple", "purple", "purple", "purple", "purple", "purple", "purple", "purple", "purple", "purple", "purple"], "timestamps": [0, 40, 80, 120, 160, 200, 240, 280, 320, 360, 400, 440, 480, 520, 560, 600, 640, 680, 720, 760, 800, 840, 880, 920, 960, 1000, 1040, 1080, 1120, 1160, 1200, 1240, 1280, 1320, 1360, 1400, 1440, 1480, 1520, 1560, 1600, 1640, 1680, 1720, 1760, 1800, 1840, 1880, 1920, 1960, 2000, 2040, 2080, 2120, 2160, 2200, 2240, 2280, 2320, 2360, 2400, 2440, 2480, 2520, 2560, 2600, 2640, 2680, 2720, 2760, 2800, 2840, 2880, 2920, 2960, 3000, 3040, 3080, 3120, 3160]}], "conversation": [], "conversation_timestamps": []}