{"agent_id": "agent-green-452", "type": "green", "trips": [{"trip_id": 0, "transport_method": "foot", "start_time": 0, "path": [[1.5378896, 42.5085108], [1.5378646, 42.5085554], [1.5378397, 42.5086], [1.5378147, 42.5086446], [1.5377897, 42.5086893], [1.5377647, 42.5087339], [1.5377397, 42.5087785], [1.5377024, 42.5088098], [1.537656, 42.5088312], [1.5376095, 42.5088526], [1.5375631, 42.5088741], [1.5375167, 42.5088955], [1.5374702, 42.5089169], [1.5374238, 42.5089384], [1.5373774, 42.5089598], [1.5373309, 42.5089812], [1.5372845, 42.5090026], [1.5372381, 42.5090241], [1.5371917, 42.5090455], [1.5371452, 42.5090669], [1.5370988, 42.5090884], [1.5370504, 42.5091048], [1.5370015, 42.5091197], [1.5369526, 42.5091347], [1.5369124, 42.5091639], [1.5368911, 42.5092093], [1.5368552, 42.5092383], [1.5368069, 42.5092554], [1.5367587, 42.5092724], [1.5367105, 42.5092894], [1.5366623, 42.5093064], [1.5366367, 42.5093395], [1.5366367, 42.5093906], [1.5366367, 42.5094418], [1.5366367, 42.5094929], [1.5366367, 42.509544], [1.5366367, 42.5095952], [1.5366367, 42.5096463], [1.5366367, 42.5096975], [1.5366367, 42.5097486], [1.5366367, 42.5097997], [1.5366367, 42.5098509], [1.5366367, 42.509902], [1.5366368, 42.5099532], [1.5366368, 42.5100043], [1.5366349, 42.5100553], [1.5366259, 42.5101056], [1.5366169, 42.510156], [1.536608, 42.5102063], [1.536599, 42.5102566], [1.53659, 42.510307], [1.5365811, 42.5103573], [1.5365721, 42.5104077], [1.5365631, 42.510458], [1.5365541, 42.5105084], [1.5365452, 42.5105587], [1.5365362, 42.5106091], [1.5364968, 42.5106207], [1.5364458, 42.5106176], [1.5363948, 42.5106144], [1.5363437, 42.5106112], [1.5362927, 42.510608], [1.5362416, 42.5106049], [1.5361906, 42.5106017], [1.5361396, 42.5105985], [1.5360885, 42.5105953], [1.5360375, 42.5105922], [1.5359864, 42.510589], [1.5359354, 42.5105858], [1.5358844, 42.5105826], [1.5358333, 42.5105795], [1.5357823, 42.5105763], [1.5357312, 42.5105731], [1.5356802, 42.5105699], [1.5356292, 42.5105667], [1.5355781, 42.5105636], [1.5355271, 42.5105604], [1.535476, 42.5105572], [1.535425, 42.510554], [1.535374, 42.5105509]], "mood_vectors": [[0.0201, 0.0358, 0.0646, 0.0295, 0.0567, 0.0613, 0.7319], [0.0498, 0.0578, 0.045, 0.1004, 0.062, 0.0334, 0.6516], [0.0391, 0.0803, 0.0451, 0.0482, 0.0239, 0.0435, 0.72], [0.063, 0.0524, 0.0316, 0.0748, 0.0273, 0.0644, 0.6865], [0.0339, 0.0776, 0.018, 0.076, 0.0534, 0.029, 0.7122], [0.02, 0.0875, 0.0711, 0.0813, 0.0809, 0.0181, 0.6411], [0.0445, 0.0575, 0.0583, 0.0908, 0.0272, 0.0611, 0.6606], [0.0467, 0.0699, 0.0272, 0.0261, 0.0726, 0.0483, 0.7092], [0.0791, 0.0273, 0.0162, 0.0431, 0.0394, 0.0524, 0.7426], [0.0922, 0.0239, 0.0342, 0.1, 0.0544, 0.0235, 0.6719], [0.0668, 0.0366, 0.0353, 0.0602, 0.0354, 0.0547, 0.711], [0.0616, 0.0661, 0.0183, 0.0728, 0.0214, 0.0593, 0.7004], [0.0155, 0.0721, 0.062, 0.0326, 0.0605, 0.072, 0.6852], [0.0564, 0.092, 0.0508, 0.0334, 0.0811, 0.0655, 0.6207], [0.0815, 0.0627, 0.0577, 0.0653, 0.0616, 0.0303, 0.6408], [0.0215, 0.0687, 0.0347, 0.0555, 0.0322, 0.0839, 0.7035], [0.0486, 0.0716, 0.0403, 0.053, 0.026, 0.0366, 0.7239], [0.0367, 0.0767, 0.071, 0.0539, 0.0927, 0.0759, 0.5933], [0.0758, 0.0205, 0.0758, 0.0543, 0.0239, 0.0739, 0.6757], [0.0304, 0.017, 0.028, 0.0589, 0.0796, 0.0358, 0.7503], [0.0549, 0.015, 0.0689, 0.0336, 0.0454, 0.022, 0.7602], [0.054, 0.0387, 0.0436, 0.0487, 0.0665, 0.0627, 0.6858], [0.0778, 0.0155, 0.0556, 0.0597, 0.0152, 0.0585, 0.7178], [0.0194, 0.0456, 0.0443, 0.062, 0.0312, 0.0685, 0.7291], [0.0558, 0.0562, 0.033, 0.02, 0.0943, 0.0541, 0.6866], [0.0571, 0.0549, 0.0698, 0.0428, 0.0627, 0.0574, 0.6552], [0.0428, 0.0631, 0.0423, 0.0276, 0.0134, 0.031, 0.7799], [0.0722, 0.0533, 0.0525, 0.0459, 0.0379, 0.0517, 0.6865], [0.0333, 0.0542, 0.0724, 0.0578, 0.0866, 0.0696, 0.6262], [0.0325, 0.0157, 0.0737, 0.0662, 0.0877, 0.0376, 0.6867], [0.0152, 0.0403, 0.0622, 0.0399, 0.0631, 0.0352, 0.7441], [0.0567, 0.0693, 0.0331, 0.0338, 0.0446, 0.076, 0.6865], [0.0236, 0.0796, 0.0341, 0.0586, 0.025, 0.1058, 0.6733], [0.0349, 0.0611, 0.0771, 0.0764, 0.0357, 0.0334, 0.6814], [0.0202, 0.0893, 0.0226, 0.0164, 0.0507, 0.036, 0.7647], [0.0648, 0.0542, 0.0167, 0.0549, 0.0276, 0.068, 0.7138], [0.0619, 0.0477, 0.0745, 0.0229, 0.0291, 0.0326, 0.7313], [0.065, 0.0952, 0.0548, 0.0265, 0.0485, 0.0785, 0.6314], [0.0174, 0.0683, 0.0228, 0.0437, 0.0263, 0.0415, 0.78], [0.0314, 0.0392, 0.0873, 0.055, 0.0847, 0.0228, 0.6796], [0.012, 0.0407, 0.0765, 0.0568, 0.0722, 0.0402, 0.7015], [0.0348, 0.0443, 0.0845, 0.0791, 0.086, 0.0223, 0.649], [0.0228, 0.0353, 0.041, 0.0277, 0.0683, 0.0747, 0.7302], [0.0287, 0.0747, 0.022, 0.0473, 0.0169, 0.0366, 0.7738], [0.021, 0.0577, 0.0466, 0.0739, 0.0639, 0.0411, 0.6957], [0.0145, 0.0836, 0.0419, 0.0573, 0.0373, 0.0316, 0.7338], [0.0233, 0.0732, 0.0333, 0.0636, 0.0403, 0.0409, 0.7253], [0.0222, 0.0891, 0.0153, 0.0338, 0.047, 0.0403, 0.7522], [0.0284, 0.0664, 0.0299, 0.0643, 0.0201, 0.0226, 0.7683], [0.0675, 0.0558, 0.0534, 0.083, 0.0453, 0.0379, 0.6571], [0.0641, 0.0554, 0.014, 0.0174, 0.0261, 0.0799, 0.7432], [0.0464, 0.0252, 0.1028, 0.0227, 0.0599, 0.0603, 0.6826], [0.0529, 0.0274, 0.0858, 0.0526, 0.0531, 0.0506, 0.6777], [0.0316, 0.0398, 0.0674, 0.0291, 0.0605, 0.0525, 0.719], [0.0917, 0.0359, 0.0313, 0.0577, 0.0906, 0.0369, 0.6559], [0.0756, 0.0246, 0.0632, 0.0146, 0.0368, 0.0823, 0.703], [0.0649, 0.0475, 0.0244, 0.0209, 0.0332, 0.058, 0.751], [0.0614, 0.0616, 0.0253, 0.0613, 0.0742, 0.067, 0.6492], [0.026, 0.0931, 0.0288, 0.0624, 0.0214, 0.0659, 0.7025], [0.0437, 0.0321, 0.0801, 0.0795, 0.0347, 0.043, 0.687], [0.08, 0.025, 0.0831, 0.0624, 0.0147, 0.0864, 0.6484], [0.0335, 0.0328, 0.044, 0.0251, 0.0786, 0.088, 0.698], [0.0645, 0.0697, 0.0789, 0.0284, 0.0955, 0.0549, 0.6081], [0.0675, 0.0349, 0.0728, 0.0463, 0.0532, 0.0148, 0.7105], [0.058, 0.0286, 0.0575, 0.0615, 0.0352, 0.0735, 0.6858], [0.0671, 0.0615, 0.0494, 0.0272, 0.0666, 0.0434, 0.6848], [0.0453, 0.0628, 0.0678, 0.0501, 0.0714, 0.0598, 0.6428], [0.0403, 0.0622, 0.0529, 0.071, 0.0695, 0.0611, 0.6431], [0.0259, 0.0412, 0.0501, 0.0148, 0.0467, 0.0124, 0.809], [0.017, 0.0411, 0.0909, 0.0735, 0.0562, 0.0686, 0.6527], [0.0526, 0.0162, 0.028, 0.0473, 0.0494, 0.061, 0.7455], [0.0281, 0.0642, 0.0338, 0.04, 0.0447, 0.0589, 0.7303], [0.0568, 0.0756, 0.0807, 0.0622, 0.0376, 0.0346, 0.6525], [0.0663, 0.0439, 0.0263, 0.0121, 0.0691, 0.0636, 0.7187], [0.0469, 0.0763, 0.0431, 0.0541, 0.0198, 0.0411, 0.7186], [0.0416, 0.0824, 0.1022, 0.0239, 0.0222, 0.0344, 0.6933], [0.068, 0.0675, 0.059, 0.0732, 0.0617, 0.0162, 0.6544], [0.0632, 0.055, 0.0449, 0.0644, 0.0662, 0.0589, 0.6474], [0.0737, 0.0439, 0.0159, 0.0495, 0.031, 0.0156, 0.7704], [0.0685, 0.0394, 0.074, 0.0207, 0.0141, 0.0597, 0.7235]], "emotions": ["purple", "purple", "purple", "purple", "purple", "purple", "purple", "purple", "purple", "purple", "purple", "purple", "purple", "purple", "purple", "purple", "purple", "purple", "purple", "purple", "purple", "purple", "purple", "purple", "purple", "purple", "purple", "purple", "purple", "purple", "purple", "purple", "purple", "purple", "purple", "purple", "purple", "purple", "purple", "purple", "purple", "purple", "purple", "purple", "purple", "purple", "purple", "purple", "purple", "purple", "purple", "purple", "purple", "purple", "purple", "purple", "purple", "purple", "purple", "purple", "purple", "purple", "purple", "purple", "purple", "purple", "purple", "purple", "purple", "purple", "purple", "purple", "purple", "purple", "purple", "purple", "purple", "purple", "purple", "purple"], "timestamps": [0, 40, 80, 120, 160, 200, 240, 280, 320, 360, 400, 440, 480, 520, 560, 600, 640, 680, 720, 760, 800, 840, 880, 920, 960, 1000, 1040, 1080, 1120, 1160, 1200, 1240, 1280, 1320, 1360, 1400, 1440, 1480, 1520, 1560, 1600, 1640, 1680, 1720, 1760, 1800, 1840, 1880, 1920, 1960, 2000, 2040, 2080, 2120, 2160, 2200, 2240, 2280, 2320, 2360, 2400, 2440, 2480, 2520, 2560, 2600, 2640, 2680, 2720, 2760, 2800, 2840, 2880, 2920, 2960, 3000, 3040, 3080, 3120, 3160]}], "conversation": [], "conversation_timestamps": []}